13.0988397598,80.2406463623,18,6421,6403
13.0988397598,80.2406463623,6421,6431,10
13.098859787,80.2403335571,6431,6653,222
13.098859787,80.2403335571,6653,6664,11
13.0990896225,80.2402420044,6664,6674,10
13.0993003845,80.2403717041,6674,10844,4170
13.0993003845,80.2404937744,10844,10905,61
13.0993795395,80.2404022217,10905,20825,9920
13.0993795395,80.2404022217,20825,20835,10
13.0991601944,80.2404785156,20835,20845,10
13.0990495682,80.240852356,20845,20855,10
13.0989904404,80.2412185669,20855,20865,10
13.0988798141,80.2416381836,20865,20966,101
13.0988798141,80.2416381836,20966,20976,10
13.0988397598,80.2416915894,20976,20986,10
13.0987796783,80.2419891357,20986,20996,10
13.0986299515,80.2423019409,20996,21006,10
13.0982904434,80.2423019409,21006,21016,10
13.0977401733,80.2422332764,21016,21026,10
13.097410202,80.2421035767,21026,21037,11
13.0975103378,80.2416000366,21037,21047,10
13.0976104736,80.2409973145,21047,21057,10
13.0976800919,80.2402801514,21057,21067,10
13.0977296829,80.2395019531,21067,21077,10
13.0978002548,80.2387008667,21077,21087,10
13.0979404449,80.2378768921,21087,21097,10
13.0980796814,80.2370986938,21097,21107,10
13.0982398987,80.2362365723,21107,21117,10
13.0983800888,80.2353897095,21117,21127,10
13.0984802246,80.2345428467,21127,21138,11
13.0985603333,80.2338485718,21138,21148,10
13.0986404419,80.2331619263,21148,21158,10
13.0987701416,80.2324676514,21158,21168,10
13.0989303589,80.231918335,21168,21178,10
13.0991697311,80.2313766479,21178,21188,10
13.0994596481,80.2306976318,21188,21198,10
13.0996103287,80.2302017212,21198,21214,16
13.0998096466,80.2292480469,21214,21226,12
13.0999202728,80.2286071777,21226,21235,9
13.0999898911,80.2282485962,21235,21247,12
13.1000299454,80.2274703979,21247,21257,10
13.1000204086,80.2266311646,21257,21267,10
13.0999403,80.2258682251,21267,21277,10
13.0998296738,80.2250366211,21277,21287,10
13.0996198654,80.2243270874,21287,21297,10
13.0993404388,80.223739624,21297,21307,10
13.0991401672,80.2234802246,21307,21317,10
13.0989398956,80.2232131958,21317,21328,11
13.0987596512,80.2229385376,21328,21339,11
13.098739624,80.2222976685,21339,21349,10
13.0988197327,80.2214431763,21349,21359,10
13.0989599228,80.2206115723,21359,21369,10
13.0991201401,80.2197418213,21369,21379,10
13.0992002487,80.2192764282,21379,21389,10
13.0992603302,80.21875,21389,21399,10
13.0993995667,80.2179031372,21399,21409,10
13.0995903015,80.2170333862,21409,21419,10
13.0999097824,80.2160263062,21419,21429,10
13.0999803543,80.2156524658,21429,21440,11
13.1001996994,80.215171814,21440,21450,10
13.1002397537,80.2146682739,21450,21480,30
13.1002397537,80.2146682739,21480,21490,10
13.0999698639,80.2144393921,21490,21500,10
13.099729538,80.2143783569,21500,21510,10
13.0992698669,80.2142715454,21510,21520,10
13.0986299515,80.2140426636,21520,21530,10
13.0983200073,80.2144622803,21530,21541,11
13.0979604721,80.2153320313,21541,21551,10
13.0975198746,80.2163696289,21551,21561,10
13.0973901749,80.2167510986,21561,21571,10
13.0973396301,80.2169036865,21571,21581,10
13.0972204208,80.2172470093,21581,21591,10
13.0971298218,80.2174606323,21591,21601,10
13.0969295502,80.2180175781,21601,21611,10
13.0968799591,80.218170166,21611,21621,10
13.0967502594,80.2186203003,21621,21631,10
13.0967102051,80.21875,21631,21642,11
13.0965003967,80.2193222046,21642,21652,10
13.0962095261,80.220123291,21652,21662,10
13.0958795547,80.221031189,21662,21671,9
13.0956802368,80.2216491699,21671,21682,11
13.0954504013,80.2223510742,21682,21692,10
13.0953798294,80.2225265503,21692,21702,10
13.0951595306,80.2230606079,21702,21712,10
13.0946702957,80.2238388062,21712,21722,10
13.0939798355,80.2247619629,21722,21732,10
13.0937004089,80.2250671387,21732,21743,11
13.0934000015,80.225402832,21743,21753,10
13.0928697586,80.2259521484,21753,21763,10
13.0921401978,80.2266921997,21763,21773,10
13.0912504196,80.2276382446,21773,21793,20
13.0912504196,80.2276382446,21793,21803,10
13.0909404755,80.2279586792,21803,21813,10
13.0904397964,80.228477478,21813,21823,10
13.0897397995,80.2292404175,21823,21833,10
13.089220047,80.2300796509,21833,21844,11
13.0890798569,80.2303695679,21844,21854,10
13.0888795853,80.2308731079,21854,21864,10
13.0888500214,80.2309188843,21864,21874,10
13.0887002945,80.2312469482,21874,21884,10
13.0884504318,80.2320022583,21884,21894,10
13.0881795883,80.2330474854,21894,21904,10
13.0880403519,80.2341918945,21904,21914,10
13.0874004364,80.2345809937,21914,21924,10
13.0864200592,80.2344970703,21924,21934,10
13.0861597061,80.2344665527,21934,21944,10
13.0858402252,80.2343978882,21944,21955,11
13.0850801468,80.2342071533,21955,21965,10
13.0842199326,80.2340011597,21965,21975,10
13.0834598541,80.2338409424,21975,21985,10
13.0826196671,80.2336807251,21985,21995,10
13.0824098587,80.2336425781,21995,22005,10
13.0821504593,80.2336120605,22005,22015,10
13.0814800262,80.2335281372,22015,22025,10
13.0805797577,80.2335205078,22025,22035,10
13.0796804428,80.233543396,22035,22045,10
13.0795602798,80.2335205078,22045,22056,11
13.0792102814,80.233543396,22056,22066,10
13.0785799026,80.2335586548,22066,22075,9
13.0778799057,80.2335891724,22075,22086,11
13.0769996643,80.2337036133,22086,22096,10
13.0761299133,80.2339019775,22096,22106,10
13.0760202408,80.2338790894,22106,22116,10
13.0758304596,80.23387146,22116,22126,10
13.075920105,80.2343902588,22126,22136,10
13.0760803223,80.2351837158,22136,22146,10
13.0762996674,80.2362365723,22146,22157,11
13.0765199661,80.2371826172,22157,22167,10
13.0765199661,80.2372207642,22167,22177,10
13.0765800476,80.2375030518,22177,22187,10
13.0767202377,80.2381973267,22187,22197,10
13.0769195557,80.2391815186,22197,22207,10
13.0771903992,80.2403106689,22207,22217,10
13.0772304535,80.2405700684,22217,22227,10
13.0771903992,80.2406997681,22227,22237,10
13.0769500732,80.2406997681,22237,22247,10
13.0765600204,80.2406082153,22247,22258,11
13.0757398605,80.2405471802,22258,22274,16
13.0744104385,80.240562439,22274,22286,12
13.0733003616,80.2407684326,22286,22296,10
13.0723199844,80.2411727905,22296,22306,10
13.071439743,80.2416763306,22306,22316,10
13.0704803467,80.2420120239,22316,22326,10
13.0702104568,80.2420806885,22326,22336,10
13.0700397491,80.2420806885,22336,22346,10
13.0696001053,80.2421875,22346,22356,10
13.0695104599,80.2422103882,22356,22366,10
13.0693998337,80.2422637939,22366,22377,11
13.0688896179,80.2425003052,22377,22387,10
13.0681400299,80.2427062988,22387,22397,10
13.067150116,80.2430801392,22397,22407,10
13.0662899017,80.2434768677,22407,22417,10
13.0662097931,80.2443466187,22417,22427,10
13.0663795471,80.2454223633,22427,22437,10
13.0670099258,80.246131897,22437,22447,10
13.0678100586,80.2464981079,22447,22457,10
13.0678701401,80.2465591431,22457,22468,11
13.0679397583,80.2467803955,22468,22478,10
13.0679798126,80.2473983765,22478,22488,10
13.0676002502,80.2479324341,22488,22498,10
13.0667104721,80.2478790283,22498,22508,10
13.0655603409,80.2478027344,22508,22518,10
13.0642499924,80.247718811,22518,22528,10
13.0629196167,80.2476272583,22528,22537,9
13.061920166,80.2475662231,22537,22547,10
13.0613498688,80.2469482422,22547,22558,11
13.0618095398,80.246307373,22558,22569,11
13.0620803833,80.2452087402,22569,22579,10
13.0631198883,80.2442626953,22579,22599,20
13.0631198883,80.2442626953,22599,22609,10
13.0633802414,80.2438812256,22609,22619,10
13.0632600784,80.2434616089,22619,22629,10
13.0625400543,80.2433319092,22629,22639,10
13.0620203018,80.2432403564,22639,22649,10
13.0614404678,80.2431411743,22649,22659,10
13.0607700348,80.242980957,22659,22670,11
13.0599803925,80.2426986694,22670,22680,10
13.0592699051,80.2425308228,22680,22690,10
13.0588302612,80.2425765991,22690,22700,10
13.0587100983,80.2425765991,22700,22710,10
13.0582199097,80.2426986694,22710,22720,10
13.0574398041,80.2427902222,22720,22730,10
13.056599617,80.2426528931,22730,22740,10
13.0559797287,80.2423629761,22740,22750,10
13.0551795959,80.2423095703,22750,22760,10
13.0543804169,80.2423782349,22760,22770,10
13.0537996292,80.2422637939,22770,22787,17
13.0537004471,80.2422332764,22787,22799,12
13.0531396866,80.2419433594,22799,22809,10
13.0525798798,80.2416763306,22809,22819,10
13.0521402359,80.241027832,22819,22829,10
13.0518703461,80.240737915,22829,22839,10
13.0514802933,80.2406692505,22839,22849,10
13.0509500504,80.2405700684,22849,22859,10
13.0508203506,80.2405166626,22859,22869,10
13.0502796173,80.2404098511,22869,22880,11
13.0493297577,80.240196228,22880,22890,10
13.0482196808,80.2399597168,22890,22899,9
13.0472803116,80.2397689819,22899,22910,11
13.0463600159,80.2395935059,22910,22919,9
13.0462703705,80.2393722534,22919,22930,11
13.0463895798,80.2388534546,22930,22940,10
13.0466098785,80.237991333,22940,22950,10
13.046790123,80.2369003296,22950,22960,10
13.0469303131,80.2361526489,22960,22970,10
13.0470304489,80.2357177734,22970,22981,11
13.04708004,80.2354278564,22981,22991,10
13.0471401215,80.2347793579,22991,23001,10
13.0472202301,80.2339096069,23001,23011,10
13.0473003387,80.2332000732,23011,23021,10
13.0468101501,80.2329788208,23021,23031,10
13.0459699631,80.2328414917,23031,23041,10
13.0451602936,80.2326965332,23041,23061,20
13.0451602936,80.2326965332,23061,23071,10
13.0445995331,80.2325820923,23071,23082,11
13.0437498093,80.2323989868,23082,23092,10
13.0429601669,80.2323303223,23092,23102,10
13.0422697067,80.2323226929,23102,23112,10
13.0415000916,80.2321929932,23112,23122,10
13.0404996872,80.2318725586,23122,23132,10
13.0393400192,80.2315292358,23132,23142,10
13.0382699966,80.2312316895,23142,23152,10
13.037229538,80.2309036255,23152,23162,10
13.0367498398,80.2307891846,23162,23172,10
13.0363101959,80.2306213379,23172,23183,11
13.0354404449,80.2303237915,23183,23193,10
13.0350704193,80.2302627563,23193,23203,10
13.0347204208,80.2303009033,23203,23233,30
13.0347204208,80.2303009033,23233,23243,10
13.0345201492,80.2303924561,23243,23253,10
13.0342798233,80.2304382324,23253,23263,10
13.0340595245,80.2304611206,23263,23273,10
13.033949852,80.230430603,23273,23284,11
13.0334196091,80.23046875,23284,23294,10
13.0325698853,80.2305526733,23294,23304,10
13.0319795609,80.2306213379,23304,23314,10
13.0311899185,80.2306900024,23314,23324,10
13.0304203033,80.2307510376,23324,23334,10
13.0297403336,80.2308120728,23334,23344,10
13.0291996002,80.2308807373,23344,23354,10
13.028459549,80.2309417725,23354,23364,10
13.0277996063,80.2310409546,23364,23374,10
13.0277299881,80.2313613892,23374,23385,11
13.0277996063,80.2319793701,23385,23395,10
13.0279197693,80.2324523926,23395,23405,10
13.0277795792,80.2328033447,23405,23417,12
13.027130127,80.2329177856,23417,23427,10
13.0267601013,80.233001709,23427,23436,9
13.0264701843,80.2328796387,23436,23447,11
13.0262098312,80.2321472168,23447,23457,10
13.0258998871,80.2310180664,23457,23467,10
13.0253295898,80.2298583984,23467,23477,10
13.0247001648,80.2290725708,23477,23488,11
13.0241699219,80.2284698486,23488,23498,10
13.0240001678,80.2282867432,23498,23508,10
13.0239601135,80.2282333374,23508,23518,10
13.0236701965,80.2278823853,23518,23528,10
13.0234699249,80.2276687622,23528,23538,10
13.0231199265,80.2272872925,23538,23548,10
13.0225601196,80.2267379761,23548,23558,10
13.0217199326,80.22605896,23558,23568,10
13.0207595825,80.2253265381,23568,23578,10
13.0199203491,80.2247695923,23578,23589,11
13.0190401077,80.2244796753,23589,23599,10
13.0181503296,80.2247619629,23599,23609,10
13.0172300339,80.225112915,23609,23619,10
13.0165100098,80.2254180908,23619,23629,10
13.0159597397,80.2256317139,23629,23639,10
13.0151796341,80.2259216309,23639,23648,9
13.014380455,80.2262496948,23648,23659,11
13.0142402649,80.2263183594,23659,23669,10
13.0139102936,80.2264404297,23669,23679,10
13.0132303238,80.2267227173,23679,23689,10
13.0122699738,80.2270889282,23689,23700,11
13.0110301971,80.2275924683,23700,23710,10
13.0098400116,80.2280578613,23710,23720,10
13.0090904236,80.2289199829,23720,23730,10
13.0088701248,80.2301712036,23730,23740,10
13.0086297989,80.2314910889,23740,23750,10
13.0083799362,80.2328109741,23750,23760,10
13.008310318,80.2335510254,23760,23770,10
13.0082702637,80.2336578369,23770,23780,10
13.0081195831,80.2341995239,23780,23790,10
13.0079603195,80.2350387573,23790,23801,11
13.0076904297,80.2363586426,23801,23811,10
13.0074300766,80.237701416,23811,23821,10
13.0072002411,80.2389526367,23821,23831,10
13.0069904327,80.2401123047,23831,23841,10
13.0068998337,80.2407989502,23841,23851,10
13.0068798065,80.2409515381,23851,23861,10
13.0068397522,80.2414398193,23861,23871,10
13.0067901611,80.2423324585,23871,23881,10
13.0067100525,80.2434616089,23881,23891,10
13.0067195892,80.2447662354,23891,23902,11
13.0067396164,80.2460632324,23902,23912,10
13.0067796707,80.2466964722,23912,23922,10
13.0068101883,80.2471618652,23922,23932,10
13.0068101883,80.2473297119,23932,23942,10
13.0067796707,80.2477493286,23942,23952,10
13.0067996979,80.2485580444,23952,23968,16
13.0068998337,80.249382019,23968,23980,12
13.0069103241,80.2499313354,23980,23988,8
13.0068798065,80.2505569458,23988,23999,11
13.0067996979,80.2517089844,23999,24011,12
13.0066099167,80.2532196045,24011,24021,10
13.006649971,80.2544174194,24021,24031,10
13.0066995621,80.255279541,24031,24040,9
13.0066900253,80.255317688,24040,24050,10
13.0066995621,80.2555999756,24050,24061,11
13.0066795349,80.2565307617,24061,24071,10
13.0067501068,80.2573928833,24071,24082,11
13.0059700012,80.2574386597,24082,24092,10
13.0050096512,80.2572174072,24092,24103,11
13.0038900375,80.2569732666,24103,24113,10
13.0027599335,80.2567520142,24113,24123,10
13.0015897751,80.2565612793,24123,24133,10
13.0005302429,80.2564163208,24133,24143,10
13.0000696182,80.256362915,24143,24153,10
12.9998197556,80.2562866211,24153,24163,10
12.9991397858,80.2561569214,24163,24173,10
12.9981899261,80.2560119629,24173,24183,10
12.9975004196,80.2559509277,24183,24193,10
12.997420311,80.2559432983,24193,24204,11
12.997010231,80.2559661865,24204,24214,10
12.996919632,80.2564697266,24214,24224,10
12.9968595505,80.2571716309,24224,24234,10
12.9967603683,80.2581710815,24234,24244,10
12.9966402054,80.2592391968,24244,24254,10
12.9965200424,80.2600479126,24254,24264,10
12.996430397,80.2609786987,24264,24274,10
12.9963302612,80.2618103027,24274,24284,10
12.9962701797,80.2621917725,24284,24315,31
12.9962701797,80.2621917725,24315,24325,10
12.9961996078,80.2623062134,24325,24335,10
12.9961700439,80.2628326416,24335,24345,10
12.9961500168,80.2633590698,24345,24355,10
12.9960899353,80.2641067505,24355,24365,10
12.9959697723,80.2651824951,24365,24375,10
12.9958400726,80.2664413452,24375,24385,10
12.9957304001,80.2675170898,24385,24395,10
12.9960403442,80.2676925659,24395,24405,10
12.9960603714,80.2676773071,24405,24416,11
12.9965696335,80.2677536011,24416,24426,10
12.9974002838,80.2676010132,24426,24436,10
12.9985198975,80.2672805786,24436,24446,10
12.9995603561,80.266960144,24446,24456,10
13.0001096725,80.2665710449,24456,24466,10
13.0001401901,80.2665023804,24466,24476,10
13.0002002716,80.2661132813,24476,24486,10
13.0003099442,80.2656707764,24486,24496,10
13.0003900528,80.2658462524,24496,24506,10
13.0003900528,80.2662734985,24506,24727,221
13.0003900528,80.2662734985,24727,24737,10
13.0003700256,80.266708374,24737,24747,10
13.0000295639,80.2669219971,24747,24757,10
12.9993801117,80.2671127319,24757,24767,10
12.9986400604,80.267326355,24767,24777,10
12.9976902008,80.2676315308,24777,24787,10
12.9964704514,80.2677993774,24787,24797,10
12.9957199097,80.2673797607,24797,24817,20
12.9957199097,80.2673797607,24817,24828,11
12.9957304001,80.2670593262,24828,24838,10
12.9957399368,80.2668762207,24838,24848,10
12.9958000183,80.2663803101,24848,24858,10
12.9958896637,80.2655563354,24858,24868,10
12.9960203171,80.2644577026,24868,24878,10
12.9961395264,80.2634277344,24878,24888,10
12.9961700439,80.2629623413,24888,24898,10
12.9962100983,80.2625427246,24898,24908,10
12.9962301254,80.2624664307,24908,24918,10
12.9962797165,80.2621688843,24918,24929,11
12.9963598251,80.2615966797,24929,24939,10
12.9964599609,80.2606811523,24939,24949,10
12.9965496063,80.2595901489,24949,24959,10
12.9965600967,80.2593994141,24959,24969,10
12.9966001511,80.2590408325,24969,24979,10
12.9966802597,80.2583007813,24979,24989,10
12.9968004227,80.2572631836,24989,24999,10
12.9968700409,80.2562179565,24999,25009,10
12.9970598221,80.255821228,25009,25019,10
12.9975795746,80.255859375,25019,25030,11
12.9987802505,80.2559814453,25030,25050,20
12.9987802505,80.2559814453,25050,25060,10
12.9990797043,80.2560424805,25060,25070,10
12.9993495941,80.2560806274,25070,25080,10
12.999879837,80.2562026978,25080,25090,10
13.0006399155,80.2563476563,25090,25100,10
13.0015201569,80.2565078735,25100,25110,10
13.0024499893,80.2566680908,25110,25120,10
13.0033798218,80.2568511963,25120,25130,10
13.0044002533,80.2570266724,25130,25141,11
13.0054101944,80.2572402954,25141,25151,10
13.0063199997,80.2574081421,25151,25161,10
13.0065603256,80.257019043,25161,25171,10
13.0065402985,80.2562103271,25171,25181,10
13.0065402985,80.2551269531,25181,25191,10
13.0065498352,80.2540817261,25191,25201,10
13.0065402985,80.2532577515,25201,25211,10
13.0065402985,80.2531814575,25211,25221,10
13.0065498352,80.2528076172,25221,25231,10
13.0065803528,80.2523574829,25231,25260,29
13.0065803528,80.2523574829,25260,25270,10
13.0066699982,80.2520980835,25270,25280,10
13.0067796707,80.2515792847,25280,25288,8
13.0068397522,80.2510528564,25288,25299,11
13.006819725,80.2499465942,25299,25311,12
13.0067396164,80.2485733032,25311,25321,10
13.0066795349,80.2478637695,25321,25331,10
13.0066795349,80.2471389771,25331,25341,10
13.0065898895,80.2465896606,25341,25352,11
13.0066299438,80.2464981079,25352,25362,10
13.0066795349,80.2460479736,25362,25372,10
13.0066604614,80.2452774048,25372,25382,10
13.0066604614,80.2444000244,25382,25392,10
13.0066604614,80.2437667847,25392,25402,10
13.0066299438,80.2432174683,25402,25412,10
13.0066003799,80.242401123,25412,25422,10
13.0065698624,80.2416534424,25422,25432,10
13.0065698624,80.2416305542,25432,25442,10
13.0066099167,80.2413482666,25442,25453,11
13.0066795349,80.2406692505,25453,25463,10
13.006819725,80.239982605,25463,25473,10
13.0069503784,80.2391586304,25473,25483,10
13.0071201324,80.238319397,25483,25499,16
13.0073795319,80.2368774414,25499,25511,12
13.0074195862,80.2367172241,25511,25521,10
13.0075597763,80.2362365723,25521,25531,10
13.0077199936,80.2354736328,25531,25541,10
13.0079202652,80.2344894409,25541,25552,11
13.0081996918,80.2331390381,25552,25562,10
13.0084695816,80.2317733765,25562,25572,10
13.0087404251,80.2303619385,25572,25582,10
13.0090198517,80.2289581299,25582,25592,10
13.0094203949,80.2276611328,25592,25602,10
13.0099897385,80.2264099121,25602,25612,10
13.0104999542,80.2253570557,25612,25622,10
13.0108299255,80.2247085571,25622,25632,10
13.011179924,80.2238311768,25632,25642,10
13.0115203857,80.2229614258,25642,25653,11
13.0118198395,80.2220230103,25653,25663,10
13.0122203827,80.2213897705,25663,25673,10
13.0125703812,80.2217636108,25673,25683,10
13.0130300522,80.2223587036,25683,25693,10
13.0136604309,80.2230834961,25693,25702,9
13.0143404007,80.2238006592,25702,25712,10
13.015080452,80.2244796753,25712,25723,11
13.015540123,80.2249298096,25723,25743,20
13.015540123,80.2249298096,25743,25754,11
13.0159101486,80.2252578735,25754,25764,10
13.016699791,80.225227356,25764,25774,10
13.0177698135,80.2248306274,25774,25784,10
13.0189199448,80.2243804932,25784,25794,10
13.019949913,80.2246704102,25794,25804,10
13.0209197998,80.2253799438,25804,25814,10
13.0219497681,80.2261123657,25814,25834,20
13.0219497681,80.2261123657,25834,25844,10
13.022190094,80.2263336182,25844,25855,11
13.0227499008,80.2268218994,25855,25865,10
13.023440361,80.2274780273,25865,25875,10
13.0242204666,80.2282714844,25875,25885,10
13.024720192,80.2289962769,25885,25895,10
13.025270462,80.2297210693,25895,25904,9
13.0258197784,80.2305603027,25904,25915,11
13.0261001587,80.2313308716,25915,25925,10
13.0266399384,80.2312393188,25925,25935,10
13.0274496078,80.2310333252,25935,25945,10
13.0284996033,80.2308807373,25945,25966,21
13.0284996033,80.2308807373,25966,25976,10
13.0288696289,80.2308502197,25976,25986,10
13.0294103622,80.2308120728,25986,25996,10
13.0298204422,80.2307815552,25996,26006,10
13.0305595398,80.23072052,26006,26016,10
13.0308103561,80.230682373,26016,26026,10
13.0311803818,80.2306671143,26026,26036,10
13.0318403244,80.2306137085,26036,26046,10
13.0327396393,80.2305297852,26046,26062,16
13.0342798233,80.2304000854,26062,26085,23
13.0342798233,80.2304000854,26085,26095,10
13.0345802307,80.2303390503,26095,26105,10
13.0349702835,80.2304077148,26105,26115,10
13.0349502563,80.2309036255,26115,26125,10
13.0348796844,80.2315292358,26125,26135,10
13.0347995758,80.2321395874,26135,26145,10
13.0347499847,80.2325820923,26145,26154,9
13.0347003937,80.2329788208,26154,26166,12
13.0346498489,80.2333831787,26166,26176,10
13.0345697403,80.2340011597,26176,26186,10
13.0344800949,80.2346801758,26186,26196,10
13.0343599319,80.2354736328,26196,26206,10
13.0342597961,80.236541748,26206,26216,10
13.0344400406,80.2374801636,26216,26226,10
13.0349197388,80.2382736206,26226,26236,10
13.0354604721,80.2391815186,26236,26246,10
13.0362300873,80.2393798828,26246,26256,10
13.0373296738,80.2395172119,26256,26267,11
13.038599968,80.2396774292,26267,26277,10
13.0390100479,80.2397384644,26277,26287,10
13.0394296646,80.2397918701,26287,26297,10
13.0401296616,80.2398605347,26297,26307,10
13.0403795242,80.2401733398,26307,26317,10
13.0407304764,80.2405166626,26317,26327,10
13.041270256,80.2406005859,26327,26337,10
13.0414800644,80.2406234741,26337,26347,10
13.0420703888,80.2407073975,26347,26357,10
13.0429401398,80.2408370972,26357,26368,11
13.0441398621,80.2408599854,26368,26378,10
13.0447797775,80.2403869629,26378,26388,10
13.0452604294,80.2400512695,26388,26398,10
13.045920372,80.2396316528,26398,26408,10
13.0465402603,80.2395706177,26408,26418,10
13.046620369,80.2395782471,26418,26428,10
13.0470399857,80.2396774292,26428,26438,10
13.0477600098,80.2398529053,26438,26448,10
13.048740387,80.2400512695,26448,26458,10
13.0497999191,80.2402572632,26458,26469,11
13.0508298874,80.2404708862,26469,26479,10
13.0512399673,80.240562439,26479,26489,10
13.0513000488,80.2405776978,26489,26499,10
13.0517196655,80.2406768799,26499,26509,10
13.0523796082,80.2408065796,26509,26519,10
13.0525598526,80.2411422729,26519,26529,10
13.0528402328,80.2417526245,26529,26539,10
13.0539999008,80.2422332764,26539,26559,20
13.0539999008,80.2422332764,26559,26569,10
13.0542001724,80.2423019409,26569,26580,11
13.0548496246,80.2423324585,26580,26590,10
13.0564804077,80.2425994873,26590,26626,36
13.0564804077,80.2425994873,26626,26638,12
13.0567998886,80.2426071167,26638,26648,10
13.0572395325,80.2427978516,26648,26657,9
13.0576696396,80.2427825928,26657,26669,12
13.0579795837,80.2427597046,26669,26680,11
13.0586595535,80.2425994873,26680,26690,10
13.0593595505,80.2424926758,26690,26700,10
13.0601797104,80.2427597046,26700,26710,10
13.0608596802,80.2429885864,26710,26720,10
13.0612802505,80.2431182861,26720,26730,10
13.0618600845,80.2432403564,26730,26740,10
13.0624399185,80.2433319092,26740,26763,23
13.0631399155,80.2434616089,26763,26775,12
13.0634403229,80.2434921265,26775,26786,11
13.0640001297,80.2435073853,26786,26796,10
13.0648403168,80.2435379028,26796,26806,10
13.0653800964,80.2435379028,26806,26816,10
13.0653896332,80.2435379028,26816,26825,9
13.065489769,80.2435684204,26825,26836,11
13.0660800934,80.2434997559,26836,26845,9
13.0665397644,80.2433166504,26845,26856,11
13.0671796799,80.2430725098,26856,26866,10
13.0679597855,80.2427520752,26866,26875,9
13.0685796738,80.2425765991,26875,26887,12
13.0689496994,80.2424163818,26887,26897,10
13.0694904327,80.2421875,26897,26907,10
13.0699596405,80.2420806885,26907,26917,10
13.0699901581,80.2420806885,26917,26927,10
13.0702600479,80.2420501709,26927,26937,10
13.0708303452,80.241859436,26937,26947,10
13.0715999603,80.2415771484,26947,26957,10
13.0722398758,80.2412033081,26957,26967,10
13.0732698441,80.240737915,26967,26977,10
13.0742702484,80.2405014038,26977,26988,11
13.0755996704,80.2404785156,26988,26998,10
13.0767498016,80.2405700684,26998,27008,10
13.0771503448,80.2403411865,27008,27018,10
13.0769996643,80.2396469116,27018,27028,10
13.0767602921,80.2386779785,27028,27038,10
13.0765895844,80.2380371094,27038,27048,10
13.0765399933,80.2378616333,27048,27058,10
13.0764198303,80.2373580933,27058,27078,20
13.0764198303,80.2373580933,27078,27089,11
13.0763597488,80.2370376587,27089,27099,10
13.076259613,80.2363433838,27099,27109,10
13.076089859,80.2353820801,27109,27119,10
13.0757703781,80.2340698242,27119,27159,40
13.0757703781,80.2340698242,27159,27169,10
13.075799942,80.2338562012,27169,27179,10
13.0763502121,80.2337417603,27179,27190,11
13.0772800446,80.2335968018,27190,27200,10
13.0783596039,80.2335205078,27200,27210,10
13.0793504715,80.2334899902,27210,27220,10
13.0801000595,80.2334823608,27220,27230,10
13.0803203583,80.2334899902,27230,27240,10
13.0805101395,80.2335128784,27240,27250,10
13.0811100006,80.233543396,27250,27260,10
13.0818300247,80.233581543,27260,27270,10
13.081990242,80.2332763672,27270,27280,10
13.082110405,80.2325668335,27280,27291,11
13.0824604034,80.2315292358,27291,27301,10
13.0828399658,80.230682373,27301,27311,10
13.0831604004,80.2309036255,27311,27321,10
13.0832004547,80.2316513062,27321,27331,10
13.0832996368,80.2326278687,27331,27341,10
13.0835103989,80.2335128784,27341,27351,10
13.0838003159,80.2338790894,27351,27361,10
13.0840797424,80.2339477539,27361,27371,10
13.0841798782,80.2339935303,27371,27381,10
13.0846099854,80.2341003418,27381,27392,11
13.0853796005,80.2342605591,27392,27402,10
13.0860795975,80.2344436646,27402,27412,10
13.0867996216,80.2345581055,27412,27422,10
13.0877199173,80.2345123291,27422,27432,10
13.0879898071,80.2337875366,27432,27442,10
13.0881500244,80.2327575684,27442,27452,10
13.0884304047,80.2316436768,27452,27462,10
13.088760376,80.2307891846,27462,27472,10
13.0889196396,80.230430603,27472,27482,10
13.0889997482,80.2303237915,27482,27492,10
13.0893001556,80.2297210693,27492,27502,10
13.0898399353,80.2289962769,27502,27513,11
13.0907001495,80.2280731201,27513,27523,10
13.0912303925,80.2274780273,27523,27533,10
13.0914201736,80.2272720337,27533,27543,10
13.0916404724,80.2270736694,27543,27553,10
13.0921001434,80.2265777588,27553,27563,10
13.0927696228,80.2258987427,27563,27573,10
13.0934801102,80.2251815796,27573,27583,10
13.09416008,80.2243728638,27583,27593,10
13.0948801041,80.2233810425,27593,27604,11
13.0953903198,80.2222290039,27604,27614,10
13.0957603455,80.2211608887,27614,27624,10
13.0961103439,80.2200775146,27624,27634,10
13.0963096619,80.2194366455,27634,27644,10
13.0963401794,80.219367981,27644,27654,10
13.0964403152,80.2191009521,27654,27664,10
13.0965995789,80.218711853,27664,27674,10
13.0968103409,80.2180175781,27674,27684,10
13.0970897675,80.2171783447,27684,27694,10
13.0971403122,80.2170410156,27694,27705,11
13.0972795486,80.2167129517,27705,27715,10
13.0975799561,80.2160110474,27715,27725,10
13.0979604721,80.2151107788,27725,27735,10
13.0982503891,80.2144699097,27735,27745,10
13.0985097885,80.2139587402,27745,27755,10
13.0988197327,80.2140274048,27755,27765,10
13.0993404388,80.2142486572,27765,27775,10
13.1001300812,80.2144699097,27775,27795,20
13.1001300812,80.2144699097,27795,27806,11
13.1004695892,80.2145996094,27806,27836,30
13.1004695892,80.2145996094,27836,27846,10
13.1006298065,80.2146530151,27846,27856,10
13.1004695892,80.2151031494,27856,27866,10
13.1001796722,80.2157897949,27866,27876,10
13.1000204086,80.2161026001,27876,27886,10
13.0999498367,80.2158203125,27886,27896,10
13.1000795364,80.2154998779,27896,27907,11
13.1002502441,80.2147979736,27907,29290,1383
13.1002998352,80.2146987915,29290,29310,20
13.1002998352,80.2146987915,29310,29320,10
13.100230217,80.2145614624,29320,29330,10
13.1000099182,80.2144622803,29330,29340,10
13.0997400284,80.2144012451,29340,29351,11
13.0992202759,80.2142715454,29351,29361,10
13.0987300873,80.2141036987,29361,29371,10
13.0985202789,80.2141036987,29371,29381,10
13.0983495712,80.2144470215,29381,29391,10
13.0980796814,80.2150192261,29391,29401,10
13.0977802277,80.2157211304,29401,29411,10
13.0974702835,80.2164611816,29411,29421,10
13.0973796844,80.216758728,29421,29431,10
13.0973501205,80.2168273926,29431,29441,10
13.0972204208,80.2171478271,29441,29451,10
13.0970001221,80.2177734375,29451,29462,11
13.0967197418,80.2186203003,29462,29472,10
13.0964403152,80.2194824219,29472,29482,10
13.0961198807,80.2203979492,29482,29492,10
13.0958404541,80.2211990356,29492,29502,10
13.0956697464,80.2217025757,29502,29512,10
13.0954799652,80.2222824097,29512,29522,10
13.0954303741,80.2224197388,29522,29532,10
13.0952997208,80.2227172852,29532,29542,10
13.095000267,80.2233581543,29542,29552,10
13.0944795609,80.2240982056,29552,29562,10
13.0938196182,80.2249069214,29562,29579,17
13.0926303864,80.2261810303,29579,29591,12
13.0916700363,80.2271575928,29591,29601,10
13.0913095474,80.2275772095,29601,29610,9
13.091219902,80.2276687622,29610,29620,10
13.0911598206,80.227722168,29620,29631,11
13.0907802582,80.2281112671,29631,29641,10
13.090259552,80.2286682129,29641,29651,10
13.089630127,80.2293930054,29651,29661,10
13.0892000198,80.2301101685,29661,29672,11
13.0890598297,80.2303924561,29672,29682,10
13.0888299942,80.2309188843,29682,29712,30
13.0888299942,80.2309188843,29712,29722,10
13.0886898041,80.2312469482,29722,29732,10
13.0885696411,80.231552124,29732,29742,10
13.0884304047,80.2320632935,29742,29752,10
13.0882902145,80.2326507568,29752,29763,11
13.0882797241,80.2327194214,29763,29773,10
13.0882301331,80.2328262329,29773,29783,10
13.088139534,80.2332000732,29783,29793,10
13.0880804062,80.2337799072,29793,29803,10
13.0879402161,80.234413147,29803,29813,10
13.0875301361,80.23462677,29813,29853,40
13.0874004364,80.2346191406,29853,29952,99
13.0874004364,80.2346191406,29952,29962,10
13.0871496201,80.2345962524,29962,29972,10
13.0866804123,80.2345809937,29972,29983,11
13.0859804153,80.2344284058,29983,29993,10
13.0852298737,80.2342681885,29993,30003,10
13.0847196579,80.2341537476,30003,30013,10
13.0841798782,80.2340164185,30013,30023,10
13.0837001801,80.2339172363,30023,30033,10
13.0833501816,80.2338485718,30033,30043,10
13.0829601288,80.2338180542,30043,30053,10
13.0826501846,80.2337417603,30053,30063,10
13.0824298859,80.2336730957,30063,30074,11
13.082400322,80.2336578369,30074,30084,10
13.0823402405,80.2335586548,30084,30094,10
13.081990242,80.2335586548,30094,30104,10
13.0814399719,80.233581543,30104,30114,10
13.0806598663,80.233543396,30114,30124,10
13.0795497894,80.2335205078,30124,30144,20
13.0795497894,80.2335205078,30144,30154,10
13.0791301727,80.233543396,30154,30164,10
13.0785303116,80.233581543,30164,30174,10
13.0778398514,80.2336502075,30174,30185,11
13.0770397186,80.2337417603,30185,30195,10
13.0760602951,80.2339172363,30195,30215,20
13.0760602951,80.2339172363,30215,30225,10
13.0758199692,80.2340774536,30225,30235,10
13.0759496689,80.2346496582,30235,30245,10
13.0761098862,80.2352371216,30245,30255,10
13.0761804581,80.235496521,30255,30265,10
13.0761804581,80.2355270386,30265,30275,10
13.0762195587,80.2357025146,30275,30286,11
13.0762901306,80.236038208,30286,30296,10
13.0763702393,80.2364425659,30296,30316,20
13.076379776,80.2366790771,30316,30457,141
13.076379776,80.2366790771,30457,30467,10
13.0765600204,80.2372665405,30467,30487,20
13.0765600204,80.2372665405,30487,30498,11
13.0766000748,80.2376174927,30498,30508,10
13.0766096115,80.2376403809,30508,30518,10
13.0766601563,80.23802948,30518,30528,10
13.076789856,80.2386932373,30528,30538,10
13.0769901276,80.2395019531,30538,30548,10
13.0772800446,80.2406082153,30548,30568,20
13.0772800446,80.2406082153,30568,30578,10
13.0773897171,80.2411422729,30578,30588,10
13.0774402618,80.2415618896,30588,30599,11
13.0776195526,80.2423095703,30599,30609,10
13.0777597427,80.2431793213,30609,30619,10
13.0777797699,80.244102478,30619,30629,10
13.0777797699,80.2442703247,30629,30639,10
13.0778198242,80.2445373535,30639,30649,10
13.0778903961,80.2451171875,30649,30659,10
13.0779600143,80.2459106445,30659,30669,10
13.0781202316,80.2468795776,30669,30679,10
13.07833004,80.2480010986,30679,30689,10
13.0785703659,80.2490005493,30689,30700,11
13.0787401199,80.2500228882,30700,30710,10
13.0785102844,80.2508163452,30710,30720,10
13.0786104202,80.2514419556,30720,30730,10
13.0785598755,80.2516403198,30730,30740,10
13.0782003403,80.2517166138,30740,30750,10
13.0775995255,80.2518234253,30750,30760,10
13.0768604279,80.251953125,30760,30770,10
13.0760803223,80.2520599365,30770,30780,10
13.0753698349,80.252166748,30780,30790,10
13.0747203827,80.2522125244,30790,30800,10
13.073969841,80.2523193359,30800,30811,11
13.0733203888,80.2524414063,30811,30821,10
13.0725803375,80.2523803711,30821,30831,10
13.0721197128,80.2516403198,30831,30841,10
13.0719099045,80.2505722046,30841,30851,10
13.0715904236,80.2494277954,30851,30861,10
13.0713796616,80.2482528687,30861,30871,10
13.0709600449,80.2471923828,30871,30881,10
13.0705299377,80.2463989258,30881,30891,10
13.0700397491,80.2453689575,30891,30901,10
13.069609642,80.2442398071,30901,30912,11
13.0692901611,80.2433624268,30912,30922,10
13.069270134,80.243270874,30922,30932,10
13.0692501068,80.2431793213,30932,30942,10
13.0691795349,80.2427215576,30942,30952,10
13.0687103271,80.2425384521,30952,30962,10
13.067990303,80.2427520752,30962,30972,10
13.0671195984,80.2430801392,30972,30982,10
13.0663099289,80.2434616089,30982,30992,10
13.0661296844,80.2437820435,30992,31001,9
13.0661497116,80.2441101074,31001,31013,12
13.0662498474,80.2447128296,31013,31023,10
13.0663003922,80.2450866699,31023,31033,10
13.0663604736,80.2455215454,31033,31043,10
13.0666503906,80.2459487915,31043,31053,10
13.0674495697,80.2463226318,31053,31063,10
13.0678300858,80.2465286255,31063,31072,9
13.0678396225,80.2465286255,31072,31084,12
13.0679101944,80.2466888428,31084,31094,10
13.0679798126,80.247253418,31094,31104,10
13.0678596497,80.2478485107,31104,31115,11
13.0671901703,80.2478790283,31115,31125,10
13.0663995743,80.2478790283,31125,31135,10
13.0653295517,80.247756958,31135,31145,10
13.0642700195,80.2476806641,31145,31155,10
13.0633296967,80.2476577759,31155,31165,10
13.0623197556,80.2476501465,31165,31175,10
13.0615797043,80.2473983765,31175,31185,10
13.0614099503,80.2469024658,31185,31195,10
13.0617904663,80.2463226318,31195,31205,10
13.0619802475,80.2455062866,31205,31215,10
13.0624799728,80.2448425293,31215,31226,11
13.063079834,80.2443237305,31226,31236,10
13.0631999969,80.244102478,31236,31246,10
13.0632400513,80.2440338135,31246,31256,10
13.0634298325,80.2436218262,31256,31266,10
13.0629701614,80.2433929443,31266,31276,10
13.0624704361,80.243309021,31276,31292,16
13.0616502762,80.2431564331,31292,31304,12
13.0610103607,80.243019104,31304,31312,8
13.0605096817,80.2428512573,31312,31323,11
13.0598697662,80.2426376343,31323,31334,11
13.0591697693,80.2425689697,31334,31345,11
13.0588598251,80.2425918579,31345,31355,10
13.0586900711,80.2425994873,31355,31365,10
13.0582399368,80.242729187,31365,31373,8
13.057800293,80.2428436279,31373,31385,12
13.0569601059,80.2427902222,31385,31395,10
13.0564804077,80.2426376343,31395,31405,10
13.0559797287,80.2424163818,31405,31415,10
13.0551795959,80.2423782349,31415,31426,11
13.0543403625,80.2424087524,31426,31436,10
13.0538597107,80.2423019409,31436,31456,20
13.0538597107,80.2423019409,31456,31466,10
13.0535402298,80.2421417236,31466,31476,10
13.0530395508,80.2418823242,31476,31496,20
13.0530395508,80.2418823242,31496,31506,10
13.0526695251,80.2417526245,31506,31516,10
13.052280426,80.241317749,31516,31527,11
13.0520601273,80.2409591675,31527,31537,10
13.0519504547,80.2407913208,31537,31547,10
13.0517196655,80.2407073975,31547,31557,10
13.051320076,80.2406387329,31557,31567,10
13.0512895584,80.2406387329,31567,31577,10
13.0509996414,80.2405929565,31577,31587,10
13.050860405,80.2405471802,31587,31597,10
13.0504903793,80.2404632568,31597,31607,10
13.0498600006,80.2403182983,31607,31617,10
13.0494298935,80.2401885986,31617,31627,10
13.0487499237,80.2400588989,31627,31638,11
13.0479202271,80.2398834229,31638,31648,10
13.047369957,80.2397689819,31648,31658,10
13.0467996597,80.2396774292,31658,31668,10
13.0464296341,80.239616394,31668,31678,10
13.046210289,80.239440918,31678,31688,10
13.0463199615,80.2390823364,31688,31698,10
13.0464200974,80.2384414673,31698,31708,10
13.0466499329,80.2375335693,31708,31718,10
13.0467996597,80.2366714478,31718,31728,10
13.0469398499,80.2361831665,31728,31739,11
13.0470104218,80.2358627319,31739,31749,10
13.0470199585,80.2358093262,31749,31759,10
13.0470399857,80.2355422974,31759,31769,10
13.0470895767,80.2350387573,31769,31779,10
13.0472002029,80.2342834473,31779,31789,10
13.0472803116,80.2334365845,31789,31819,30
13.0472803116,80.2334365845,31819,31829,10
13.0473804474,80.2331314087,31829,31840,11
13.0469903946,80.2329864502,31840,31850,10
13.0462903976,80.2328796387,31850,31860,10
13.0453395844,80.2327194214,31860,31880,20
13.0453395844,80.2327194214,31880,31890,10
13.045129776,80.2326278687,31890,31900,10
13.0447101593,80.2325286865,31900,31910,10
13.043970108,80.2323913574,31910,31920,10
13.0432901382,80.2323303223,31920,31930,10
13.0426597595,80.2323074341,31930,31940,10
13.0419197083,80.2322616577,31940,31951,11
13.0409698486,80.2320404053,31951,31961,10
13.0399398804,80.2316970825,31961,31971,10
13.0388002396,80.2313766479,31971,31981,10
13.0377101898,80.2310791016,31981,31991,10
13.0369796753,80.2308120728,31991,32001,10
13.0367803574,80.2307434082,32001,32011,10
13.036239624,80.2305603027,32011,32021,10
13.0355501175,80.2304000854,32021,32062,41
13.0355501175,80.2304000854,32062,32072,10
13.0354099274,80.2303466797,32072,32082,10
13.0352201462,80.2303314209,32082,32092,10
13.0348396301,80.2303237915,32092,32102,10
13.0342998505,80.2304000854,32102,32112,10
13.0338897705,80.2304077148,32112,32122,10
13.0334701538,80.2304534912,32122,32142,20
13.0334701538,80.2304534912,32142,32153,11
13.0333499908,80.2304077148,32153,32163,10
13.0329704285,80.2304382324,32163,32173,10
13.0322904587,80.2305221558,32173,32182,9
13.0315599442,80.2305984497,32182,32193,11
13.0307798386,80.230682373,32193,32203,10
13.0302495956,80.2307434082,32203,32213,10
13.0297899246,80.2308120728,32213,32223,10
13.0297203064,80.2308197021,32223,32233,10
13.0293197632,80.2308578491,32233,32243,10
13.0286798477,80.2309265137,32243,32254,11
13.0279197693,80.2310180664,32254,32264,10
13.0277204514,80.2312164307,32264,32274,10
13.027759552,80.2317581177,32274,32284,10
13.0278902054,80.2325134277,32284,32294,10
13.0275497437,80.2328414917,32294,32365,71
13.0275497437,80.2328414917,32365,32375,10
13.0273199081,80.2329177856,32375,32385,10
13.0270996094,80.2329406738,32385,32395,10
13.0269298553,80.2329483032,32395,32405,10
13.0266599655,80.232963562,32405,32415,10
13.0263700485,80.2326889038,32415,32425,10
13.0261497498,80.2320022583,32425,32427,2
13.0240097046,80.2282867432,32427,32497,70
13.0240097046,80.2282867432,32497,32507,10
13.023900032,80.228187561,32507,32517,10
13.0235795975,80.2278289795,32517,32527,10
13.0231304169,80.2273406982,32527,32537,10
13.0225496292,80.2268295288,32537,32547,10
13.0218601227,80.2262496948,32547,32557,10
13.0209999084,80.2255630493,32557,32567,10
13.0200595856,80.2249221802,32567,32578,11
13.0191202164,80.2244720459,32578,32588,10
13.0180702209,80.2247924805,32588,32598,10
13.0170297623,80.225227356,32598,32608,10
13.0164499283,80.225479126,32608,32618,10
13.0160398483,80.2256164551,32618,32628,10
13.0155601501,80.2257614136,32628,32638,10
13.015080452,80.2259597778,32638,32648,10
13.0143499374,80.2262802124,32648,32668,20
13.0141000748,80.2264022827,32668,32699,31
13.0141000748,80.2264022827,32699,32709,10
13.0139198303,80.2265014648,32709,32717,8
13.0136203766,80.2266082764,32717,32728,11
13.0130596161,80.2267608643,32728,32739,11
13.0121803284,80.2270584106,32739,32749,10
13.0113401413,80.2274017334,32749,32759,10
13.0103397369,80.2278213501,32759,32769,10
13.0093097687,80.2283096313,32769,32780,11
13.009059906,80.2290878296,32780,32790,10
13.0089902878,80.2294998169,32790,32800,10
13.0088796616,80.2301635742,32800,32809,9
13.008769989,80.2308731079,32809,32820,11
13.0085802078,80.231842041,32820,32830,10
13.0083904266,80.2328262329,32830,32840,10
13.0082998276,80.2335510254,32840,32870,30
13.0082998276,80.2335510254,32870,32881,11
13.0082197189,80.2337265015,32881,32891,10
13.0081300735,80.2340621948,32891,32901,10
13.0080404282,80.2345275879,32901,32911,10
13.0080003738,80.2348403931,32911,32921,10
13.007900238,80.2352905273,32921,32931,10
13.0077695847,80.2359619141,32931,32941,10
13.007610321,80.2368011475,32941,32951,10
13.0074396133,80.2375717163,32951,32961,10
13.0073404312,80.2381362915,32961,32971,10
13.0071802139,80.2390365601,32971,32992,21
13.0071802139,80.2390365601,32992,33002,10
13.0071296692,80.2393798828,33002,33032,30
13.0071201324,80.2395477295,33032,33093,61
13.0071201324,80.2395477295,33093,33103,10
13.0071201324,80.2396697998,33103,33113,10
13.0069799423,80.240272522,33113,33123,10
13.0069198608,80.240737915,33123,33133,10
13.0069103241,80.2407913208,33133,33143,10
13.0068702698,80.2409820557,33143,33153,10
13.0067996979,80.2415466309,33153,33163,10
13.0067796707,80.2421875,33163,33173,10
13.0067796707,80.2423782349,33173,33184,11
13.006770134,80.2426376343,33184,33194,10
13.0067501068,80.2428894043,33194,33204,10
13.0067501068,80.2430267334,33204,33214,10
13.0067396164,80.2432022095,33214,33224,10
13.0067300797,80.2434692383,33224,33234,10
13.0067195892,80.2438964844,33234,33244,10
13.0067396164,80.2444076538,33244,33254,10
13.0067195892,80.2448196411,33254,33264,10
13.0067195892,80.2453231812,33264,33274,10
13.0067396164,80.2457809448,33274,33284,10
13.0067396164,80.2459716797,33284,33295,11
13.0067596436,80.2462005615,33295,33355,60
13.0067596436,80.2462005615,33355,33365,10
13.0067796707,80.2466430664,33365,33375,10
13.0067796707,80.2471618652,33375,33385,10
13.0067796707,80.2478790283,33385,33396,11
13.006819725,80.2487716675,33396,33406,10
13.0069198608,80.2493972778,33406,33416,10
13.0069198608,80.2494888306,33416,33426,10
13.0069303513,80.2495803833,33426,33436,10
13.0069198608,80.250038147,33436,33446,10
13.0069103241,80.2506866455,33446,33456,10
13.0068998337,80.2512893677,33456,33466,10
13.0067796707,80.2518997192,33466,33476,10
13.0066699982,80.2525405884,33476,33486,10
13.0067796707,80.2528991699,33486,33497,11
13.0067501068,80.2533798218,33497,33507,10
13.0067796707,80.2540664673,33507,33830,323
13.0067796707,80.2540664673,33830,33840,10
13.0067501068,80.2543792725,33840,33850,10
13.0067100525,80.2549285889,33850,33860,10
13.0067195892,80.2557525635,33860,33870,10
13.0067195892,80.2566833496,33870,33880,10
13.0067501068,80.256980896,33880,33890,10
13.0067596436,80.2570800781,33890,33900,10
13.006819725,80.2575073242,33900,33911,11
13.0072202682,80.2583007813,33911,33921,10
13.0077800751,80.2587890625,33921,33931,10
13.0081396103,80.2591400146,33931,33941,10
13.0078601837,80.2593002319,33941,33951,10
13.0074300766,80.2590332031,33951,33961,10
13.0071601868,80.2584609985,33961,33971,10
13.006649971,80.2576980591,33971,34001,30
13.006649971,80.2576980591,34001,34018,17
13.0064897537,80.2568511963,34018,34030,12
13.0065698624,80.2556381226,34030,34040,10
13.0066299438,80.2549972534,34040,34050,10
13.0065898895,80.2537384033,34050,34060,10
13.0066204071,80.2531661987,34060,34070,10
13.0066204071,80.2531585693,34070,34080,10
13.0065803528,80.2527999878,34080,34090,10
13.0066204071,80.2521820068,34090,34121,31
13.0066204071,80.2521820068,34121,34132,11
13.0065898895,80.2520599365,34132,34142,10
13.0066795349,80.2516326904,34142,34152,10
13.0067596436,80.2510528564,34152,34162,10
13.0067796707,80.2508163452,34162,34172,10
13.0067796707,80.2506790161,34172,34182,10
13.0067796707,80.2503128052,34182,34192,10
13.0067796707,80.2498092651,34192,34202,10
13.006819725,80.2496566772,34202,34212,10
13.0068597794,80.2493667603,34212,34303,91
13.0068597794,80.2493667603,34303,34313,10
13.006819725,80.2490692139,34313,34323,10
13.006770134,80.2486572266,34323,34334,11
13.0067195892,80.2481689453,34334,34344,10
13.0067100525,80.2476882935,34344,34354,10
13.0067100525,80.2470779419,34354,34364,10
13.0066404343,80.2467193604,34364,34374,10
13.0066204071,80.2465515137,34374,34384,10
13.0066299438,80.2464370728,34384,34394,10
13.0066299438,80.2460632324,34394,34404,10
13.0066003799,80.2458190918,34404,34414,10
13.0066099167,80.2456283569,34414,34424,10
13.0066299438,80.2455215454,34424,34435,11
13.0066299438,80.2453613281,34435,34445,10
13.0066204071,80.2451324463,34445,34455,10
13.0066299438,80.2448883057,34455,34465,10
13.0066204071,80.2446136475,34465,34475,10
13.0066299438,80.2442626953,34475,34485,10
13.0066299438,80.243888855,34485,34495,10
13.0066204071,80.2435531616,34495,34505,10
13.0065803528,80.243019104,34505,34515,10
13.0065603256,80.2423019409,34515,34525,10
13.0065603256,80.2416763306,34525,34536,11
13.0065803528,80.2415390015,34536,34546,10
13.0065698624,80.2414169312,34546,34556,10
13.0066003799,80.2410888672,34556,34576,20
13.0066003799,80.2410888672,34576,34586,10
13.006649971,80.2406768799,34586,34596,10
13.0068101883,80.240020752,34596,34606,10
13.0069704056,80.2391891479,34606,34623,17
13.0073003769,80.237411499,34623,34635,12
13.0073795319,80.2368011475,34635,34646,11
13.0074501038,80.2366104126,34646,34656,10
13.0075798035,80.236076355,34656,34666,10
13.0077199936,80.2354125977,34666,34676,10
13.0078601837,80.2348937988,34676,34686,10
13.0080099106,80.2340621948,34686,34696,10
13.0081396103,80.2332763672,34696,34706,10
13.0083503723,80.2322387695,34706,34716,10
13.0085601807,80.2311019897,34716,34726,10
13.008769989,80.2299804688,34726,34736,10
13.0089797974,80.2288208008,34736,34747,11
13.0093097687,80.2277832031,34747,34757,10
13.0097904205,80.2267608643,34757,34767,10
13.0103397369,80.2257080078,34767,34777,10
13.0107498169,80.2248382568,34777,34787,10
13.0109901428,80.2242202759,34787,34797,10
13.0112895966,80.2235336304,34797,34807,10
13.0115804672,80.2228164673,34807,34817,10
13.0118398666,80.2218399048,34817,34827,10
13.0121202469,80.2213668823,34827,34837,10
13.0123796463,80.2214202881,34837,34854,17
13.0129804611,80.2223129272,34854,34866,12
13.0135602951,80.2229309082,34866,34876,10
13.0139398575,80.2233200073,34876,34884,8
13.0141401291,80.2236709595,34884,34896,12
13.0147800446,80.2244110107,34896,34906,10
13.0153102875,80.224861145,34906,34915,9
13.0155000687,80.2249908447,34915,34926,11
13.0156898499,80.2251663208,34926,34936,10
13.0162096024,80.2253494263,34936,34946,10
13.0169095993,80.2251586914,34946,34956,10
13.0178604126,80.2247695923,34956,34967,11
13.0187997818,80.2243881226,34967,34977,10
13.0192604065,80.224319458,34977,34997,20
13.0192604065,80.224319458,34997,35007,10
13.0195102692,80.2243804932,35007,35017,10
13.0197095871,80.2245178223,35017,35027,10
13.0199899673,80.2247390747,35027,35037,10
13.0201501846,80.2248535156,35037,35047,10
13.0203895569,80.2250213623,35047,35058,11
13.0206403732,80.2251968384,35058,35088,30
13.0206403732,80.2251968384,35088,35098,10
13.0208702087,80.2253570557,35098,35108,10
13.0210800171,80.2255325317,35108,35118,10
13.0211496353,80.2255935669,35118,35128,10
13.0212802887,80.2257385254,35128,35138,10
13.0213699341,80.2258071899,35138,35148,10
13.0216302872,80.2259368896,35148,35179,31
13.0216302872,80.2259368896,35179,35189,10
13.0218200684,80.2260513306,35189,35199,10
13.0218296051,80.2260513306,35199,35209,10
13.0219602585,80.2261505127,35209,35219,10
13.0220403671,80.2261962891,35219,35229,10
13.0221395493,80.2262802124,35229,35239,10
13.0222702026,80.2264022827,35239,35249,10
13.0223798752,80.2265014648,35249,35259,10
13.0225696564,80.2266616821,35259,35270,11
13.0227298737,80.2268218994,35270,35280,10
13.0228300095,80.2269287109,35280,35290,10
13.0229597092,80.2270812988,35290,35330,40
13.0229597092,80.2270812988,35330,35340,10
13.0232601166,80.2274017334,35340,35350,10
13.0234603882,80.2275695801,35350,35360,10
13.0237798691,80.2277908325,35360,35371,11
13.024020195,80.2280426025,35371,35381,10
13.0241699219,80.2282180786,35381,35431,50
13.0241699219,80.2282180786,35431,35441,10
13.0243597031,80.2284393311,35441,35451,10
13.0245304108,80.2286682129,35451,35461,10
13.0245304108,80.2286834717,35461,35472,11
13.0247497559,80.2290115356,35472,35482,10
13.0250597,80.2294387817,35482,35492,10
13.0254802704,80.2299880981,35492,35502,10
13.0256996155,80.2302780151,35502,35512,10
13.025850296,80.2305831909,35512,35522,10
13.0259399414,80.2308273315,35522,35532,10
13.0260095596,80.231048584,35532,35542,10
13.0261602402,80.2313308716,35542,35552,10
13.0267400742,80.2311782837,35552,35562,10
13.0276098251,80.2309570313,35562,35572,10
13.0284795761,80.2308578491,35572,35583,11
13.0285997391,80.2308425903,35583,35593,10
13.0290699005,80.230796814,35593,35603,10
13.0291900635,80.230796814,35603,35613,10
13.0292396545,80.2308273315,35613,35629,16
13.0302095413,80.2307281494,35629,35681,52
13.0302095413,80.2307281494,35681,35692,11
13.0304002762,80.2306900024,35692,35702,10
13.0305500031,80.2306671143,35702,35712,10
13.0308704376,80.2306594849,35712,35722,10
13.0315198898,80.2306137085,35722,35732,10
13.031829834,80.2305908203,35732,35742,10
13.0318403244,80.2305908203,35742,35752,10
13.0323200226,80.2305526733,35752,35762,10
13.0330400467,80.2304992676,35762,35772,10
13.0342998505,80.2303466797,35772,35803,31
13.0342998505,80.2303466797,35803,35814,11
13.0344400406,80.2303695679,35814,35824,10
13.0346002579,80.2303390503,35824,35834,10
13.0349502563,80.2303390503,35834,35844,10
13.0349798203,80.2307815552,35844,35854,10
13.0348901749,80.2314224243,35854,35864,10
13.0347995758,80.232208252,35864,35874,10
13.0347299576,80.2326965332,35874,35884,10
13.0347003937,80.2328567505,35884,35895,11
13.0346698761,80.2330093384,35895,35905,10
13.0345897675,80.2334823608,35905,35915,10
13.034529686,80.2341079712,35915,35925,10
13.0344495773,80.2348403931,35925,35935,10
13.0342798233,80.2358169556,35935,35945,10
13.0342102051,80.2370834351,35945,35965,20
13.0342102051,80.2370834351,35965,35975,10
13.034330368,80.2373428345,35975,35991,16
13.0350399017,80.2385101318,35991,36014,23
13.0350399017,80.2385101318,36014,36024,10
13.0352602005,80.2388916016,36024,36034,10
13.0356197357,80.2393417358,36034,36044,10
13.0363397598,80.2394104004,36044,36054,10
13.0372495651,80.2395019531,36054,36064,10
13.0380401611,80.2396011353,36064,36074,10
13.0387401581,80.2396621704,36074,36084,10
13.0393695831,80.2397613525,36084,36094,10
13.0400104523,80.2398376465,36094,36105,11
13.0403499603,80.2399902344,36105,36115,10
13.04047966,80.2404403687,36115,36125,10
13.0411100388,80.2405319214,36125,36135,10
13.0412101746,80.2405395508,36135,36145,10
13.0416002274,80.2406005859,36145,36154,9
13.042309761,80.2406921387,36154,36165,11
13.0432796478,80.2408218384,36165,36175,10
13.0446500778,80.2404403687,36175,36206,31
13.0446500778,80.2404403687,36206,36216,10
13.0447101593,80.2402267456,36216,36226,10
13.0451602936,80.2399902344,36226,36236,10
13.0458202362,80.2396087646,36236,36246,10
13.0464897156,80.2395324707,36246,36256,10
13.0465803146,80.2395935059,36256,36266,10
13.0469799042,80.2396774292,36266,36276,10
13.0476102829,80.2397994995,36276,36286,10
13.0484800339,80.2399902344,36286,36296,10
13.0495300293,80.240196228,36296,36307,11
13.0508098602,80.2404632568,36307,36317,10
13.051779747,80.2406616211,36317,36327,10
13.0522298813,80.2407073975,36327,36337,10
13.0522699356,80.2407073975,36337,36347,10
13.0524702072,80.240852356,36347,36357,10
13.0525798798,80.2412109375,36357,36367,10
13.0526599884,80.2415084839,36367,36377,10
13.0531196594,80.2418212891,36377,36387,10
13.0537004471,80.2421188354,36387,36397,10
13.0540599823,80.2422180176,36397,36428,31
13.0540599823,80.2422180176,36428,36438,10
13.0544300079,80.2422866821,36438,36448,10
13.0551204681,80.2422180176,36448,36458,10
13.0558900833,80.2422637939,36458,36468,10
13.0564203262,80.2425384521,36468,36508,40
13.0564203262,80.2425384521,36508,36519,11
13.0568599701,80.2425765991,36519,36529,10
13.0572795868,80.242767334,36529,36539,10
13.0573101044,80.242767334,36539,36549,10
13.0574102402,80.2427825928,36549,36559,10
13.0577802658,80.2427597046,36559,36569,10
13.0582103729,80.2426681519,36569,36579,10
13.058719635,80.2425918579,36579,36589,10
13.0591802597,80.2425231934,36589,36599,10
13.0598297119,80.2426528931,36599,36609,10
13.0603504181,80.2428207397,36609,36620,11
13.0609397888,80.2429962158,36620,36630,10
13.0613002777,80.2431030273,36630,36640,10
13.0618200302,80.2432174683,36640,36650,10
13.0621700287,80.243270874,36650,36660,10
13.0622997284,80.243270874,36660,36670,10
13.0624198914,80.2432785034,36670,36680,10
13.0629196167,80.2433929443,36680,36690,10
13.0635595322,80.2434692383,36690,36700,10
13.064040184,80.2434997559,36700,36710,10
13.0645904541,80.2435531616,36710,36721,11
13.0652503967,80.2435073853,36721,36731,10
13.0657596588,80.2435073853,36731,36741,10
13.0660400391,80.2434616089,36741,36751,10
13.0662899017,80.2433776855,36751,36761,10
13.0665597916,80.2432785034,36761,36771,10
13.0668897629,80.2431716919,36771,36781,10
13.0673398972,80.2429733276,36781,36791,10
13.0676403046,80.2428207397,36791,36821,30
13.0678901672,80.2427368164,36821,36872,51
13.0678901672,80.2427368164,36872,36890,18
13.0683403015,80.2425918579,36890,36902,12
13.0689601898,80.242401123,36902,36912,10
13.0694303513,80.2422332764,36912,36922,10
13.0697498322,80.2421569824,36922,36932,10
13.0700998306,80.2420578003,36932,36943,11
13.0702400208,80.2419891357,36943,36953,10
13.0702600479,80.2419891357,36953,36963,10
13.0706501007,80.2418670654,36963,36973,10
13.0713396072,80.2416534424,36973,36982,9
13.0720396042,80.2412796021,36982,36993,11
13.0726804733,80.2408828735,36993,37003,10
13.0730895996,80.240737915,37003,37013,10
13.0735998154,80.2405929565,37013,37023,10
13.0743999481,80.2404632568,37023,37033,10
13.0753898621,80.240447998,37033,37044,11
13.0764598846,80.2404785156,37044,37054,10
13.0768995285,80.2405929565,37054,37064,10
13.0771198273,80.2405166626,37064,37074,10
13.0771503448,80.2403411865,37074,37084,10
13.0771198273,80.2402191162,37084,37094,10
13.0770397186,80.2398681641,37094,37104,10
13.0768404007,80.239151001,37104,37114,10
13.0766201019,80.2384185791,37114,37124,10
13.0765600204,80.2380828857,37124,37134,10
13.0763998032,80.2373962402,37134,37155,21
13.0763998032,80.2373962402,37155,37165,10
13.0763397217,80.2370529175,37165,37175,10
13.0762500763,80.2364120483,37175,37185,10
13.0761604309,80.2356109619,37185,37195,10
13.0759601593,80.2348098755,37195,37204,9
13.0758399963,80.2343597412,37204,37213,9
13.075750351,80.2340087891,37213,37225,12
13.0767602921,80.2336578369,37225,37246,21
13.0767602921,80.2336578369,37246,37256,10
13.0770397186,80.2336425781,37256,37266,10
13.0776796341,80.2335510254,37266,37276,10
13.0783500671,80.2335128784,37276,37286,10
13.0789604187,80.2334823608,37286,37296,10
13.0796804428,80.2334823608,37296,37306,10
13.0803003311,80.2334823608,37306,37326,20
13.0803003311,80.2334823608,37326,37336,10
13.0806102753,80.2335205078,37336,37347,11
13.0813703537,80.2335586548,37347,37357,10
13.0819101334,80.2335205078,37357,37367,10
13.0819997787,80.233001709,37367,37377,10
13.0821895599,80.2322463989,37377,37387,10
13.0824899673,80.2313919067,37387,37397,10
13.0825901031,80.2311630249,37397,37407,10
13.0827302933,80.2308578491,37407,37417,10
13.0830802917,80.2306365967,37417,37427,10
13.0831604004,80.2312164307,37427,37437,10
13.0832195282,80.2321014404,37437,37447,10
13.0833702087,80.2328414917,37447,37458,11
13.0834703445,80.2333831787,37458,37467,9
13.0834703445,80.2334136963,37467,37478,11
13.083530426,80.2336273193,37478,37488,10
13.0838804245,80.2338790894,37488,37508,20
13.0838804245,80.2338790894,37508,37518,10
13.0841703415,80.2339630127,37518,37528,10
13.0845003128,80.2340621948,37528,37538,10
13.0850095749,80.234161377,37538,37548,10
13.0858697891,80.2343826294,37548,37559,11
13.0868501663,80.2345199585,37559,37569,10
13.0878696442,80.2343902588,37569,37579,10
13.0880002975,80.2337875366,37579,37589,10
13.0881500244,80.2329025269,37589,37599,10
13.0884199142,80.2317810059,37599,37609,10
13.0887203217,80.2309494019,37609,37619,10
13.0888700485,80.2305679321,37619,37629,10
13.0888900757,80.230506897,37629,37639,10
13.0890798569,80.2301177979,37639,37649,10
13.0894498825,80.2294311523,37649,37659,10
13.0901403427,80.2286529541,37659,37670,11
13.0910196304,80.2276992798,37670,37680,10
13.091460228,80.2271881104,37680,37690,10
13.0915002823,80.2271499634,37690,37706,16
13.0921802521,80.2264862061,37706,37718,12
13.0930299759,80.2256622314,37718,37728,10
13.0934696198,80.2251815796,37728,37744,16
13.0940599442,80.2244873047,37744,37753,9
13.0944700241,80.2239379883,37753,37763,10
13.0950899124,80.2228775024,37763,37774,11
13.0952596664,80.2223892212,37774,37784,10
13.0953903198,80.222076416,37784,37794,10
13.0956401825,80.2213897705,37794,37804,10
13.095990181,80.2204437256,37804,37814,10
13.0963497162,80.2194137573,37814,37824,10
13.0964002609,80.2191390991,37824,37834,10
13.0965795517,80.21875,37834,37844,10
13.0968103409,80.2180175781,37844,37853,9
13.097120285,80.2171401978,37853,37864,11
13.097410202,80.2163619995,37864,37875,11
13.0974502563,80.2163314819,37875,37885,10
13.0976295471,80.2158966064,37885,37895,10
13.09815979,80.2146377563,37895,37915,20
13.09815979,80.2146377563,37915,37925,10
13.0982103348,80.2145233154,37925,37935,10
13.0982704163,80.2143783569,37935,37945,10
13.0984897614,80.2139587402,37945,38044,99
13.0984897614,80.2139587402,38044,38054,10
13.0986604691,80.2139129639,38054,38065,11
13.0992202759,80.2142028809,38065,38075,10
13.099820137,80.2143783569,38075,38086,11
13.1002101898,80.2145004272,38086,38096,10
13.100279808,80.2143936157,38096,38106,10
13.100279808,80.2144165039,38106,38116,10
13.1004495621,80.2145385742,38116,38126,10
13.1004600525,80.2145462036,38126,38136,10
13.1005001068,80.2145767212,38136,38146,10
13.1006498337,80.2146835327,38146,38156,10
13.1004600525,80.2151565552,38156,38166,10
13.1001501083,80.2158813477,38166,38176,10
13.1000404358,80.2160186768,38176,38187,11
13.0999298096,80.2157592773,38187,38197,10
13.100060463,80.215461731,38197,38207,10
13.100279808,80.2150192261,38207,38217,10
13.1002998352,80.21484375,38217,38227,10
13.1002902985,80.2148590088,38227,38237,10
13.1001596451,80.2150421143,38237,39409,1172
13.1002998352,80.2147827148,39409,39429,20
13.1002998352,80.2147827148,39429,39439,10
13.1002702713,80.2146682739,39439,39449,10
13.1000900269,80.2144775391,39449,39459,10
13.0998401642,80.2144088745,39459,39469,10
13.0996103287,80.2141876221,39469,39479,10
13.0992698669,80.2142562866,39479,39489,10
13.0986795425,80.2140731812,39489,39499,10
13.098110199,80.2138366699,39499,39509,10
13.0983200073,80.2145309448,39509,39519,10
13.0985002518,80.2140808105,39519,39529,10
13.0983800888,80.2140884399,39529,39540,11
13.0981998444,80.2145996094,39540,39550,10
13.0979099274,80.2153167725,39550,39560,10
13.0975799561,80.2161636353,39560,39570,10
13.0973701477,80.2167282104,39570,39580,10
13.0973501205,80.216758728,39580,39590,10
13.097240448,80.2170715332,39590,39600,10
13.0970001221,80.2176818848,39600,39610,10
13.0967302322,80.2185134888,39610,39620,10
13.0965595245,80.219078064,39620,39630,10
13.096540451,80.2191314697,39630,39640,10
13.0964002609,80.2194671631,39640,39651,11
13.0961399078,80.2202835083,39651,39661,10
13.0959196091,80.2211227417,39661,39671,10
13.0955400467,80.2220001221,39671,39681,10
13.0953998566,80.2224121094,39681,39691,10
13.0953197479,80.2226028442,39691,39701,10
13.0951499939,80.2230834961,39701,39711,10
13.0947198868,80.2237625122,39711,39721,10
13.0941200256,80.2245483398,39721,39731,10
13.093460083,80.2253112793,39731,39741,10
13.0927600861,80.226020813,39741,39752,11
13.0920600891,80.2266998291,39752,39769,17
13.0912103653,80.2276382446,39769,39781,12
13.0911998749,80.2276611328,39781,39791,10
13.0911397934,80.2276992798,39791,39801,10
13.0908298492,80.2280273438,39801,39811,10
13.0903396606,80.2285385132,39811,39821,10
13.0896396637,80.2293167114,39821,39831,10
13.0891895294,80.2300415039,39831,39841,10
13.0890798569,80.2303390503,39841,39851,10
13.0888299942,80.2309112549,39851,39872,21
13.0888299942,80.2309112549,39872,39882,10
13.0887298584,80.2311630249,39882,39892,10
13.08852005,80.2317810059,39892,39902,10
13.0882797241,80.2326202393,39902,39912,10
13.0880699158,80.2336425781,39912,39922,10
13.0878801346,80.2344436646,39922,39932,10
13.087389946,80.2346191406,39932,39993,61
13.087389946,80.2346191406,39993,40003,10
13.0869903564,80.2345809937,40003,40013,10
13.0863599777,80.2344970703,40013,40023,10
13.0860595703,80.2344589233,40023,40033,10
13.0859899521,80.2344436646,40033,40043,10
13.0856199265,80.2343597412,40043,40053,10
13.0852298737,80.2342605591,40053,40064,11
13.0845298767,80.2341003418,40064,40074,10
13.0837697983,80.2339782715,40074,40084,10
13.0834703445,80.2339096069,40084,40094,10
13.082909584,80.2337722778,40094,40104,10
13.082280159,80.2336578369,40104,40124,20
13.082280159,80.2336578369,40124,40134,10
13.0819797516,80.2336273193,40134,40144,10
13.0814695358,80.233581543,40144,40154,10
13.0807504654,80.233543396,40154,40164,10
13.0802402496,80.2335662842,40164,40175,11
13.0796003342,80.2335968018,40175,40185,10
13.0795001984,80.2335891724,40185,40195,10
13.0793800354,80.2335586548,40195,40205,10
13.0789604187,80.2335968018,40205,40215,10
13.0782203674,80.2336120605,40215,40225,10
13.0773696899,80.2336502075,40225,40235,10
13.0761604309,80.2337036133,40235,40245,10
13.0758495331,80.2337799072,40245,40271,26
13.0758495331,80.2337799072,40271,40284,13
13.0757598877,80.2339172363,40284,40294,10
13.0758399963,80.2340927124,40294,40304,10
13.075969696,80.234588623,40304,40314,10
13.0761499405,80.2354202271,40314,40323,9
13.0763196945,80.2362213135,40323,40334,11
13.0765304565,80.237197876,40334,40364,30
13.0765304565,80.237197876,40364,40373,9
13.0766401291,80.2373886108,40373,40385,12
13.0767602921,80.238067627,40385,40395,10
13.0769100189,80.238861084,40395,40405,10
13.0771398544,80.2398071289,40405,40415,10
13.077340126,80.2406005859,40415,40425,10
13.0774698257,80.2411804199,40425,40435,10
13.0774803162,80.2414779663,40435,40445,10
13.0776100159,80.2420806885,40445,40455,10
13.0777597427,80.2429122925,40455,40465,10
13.0778598785,80.243888855,40465,40475,10
13.0778598785,80.2445831299,40475,40486,11
13.0779600143,80.2455062866,40486,40496,10
13.0780801773,80.2465820313,40496,40506,10
13.0783100128,80.247756958,40506,40516,10
13.0785398483,80.2488327026,40516,40526,10
13.0787096024,80.2495803833,40526,40536,10
13.0787401199,80.2501602173,40536,40546,10
13.078499794,80.250617981,40546,40556,10
13.0785799026,80.2512817383,40556,40566,10
13.0785398483,80.2516326904,40566,40576,10
13.0783195496,80.2516784668,40576,40587,11
13.0779800415,80.2517471313,40587,40597,10
13.077249527,80.2519073486,40597,40607,10
13.0765399933,80.2520828247,40607,40617,10
13.0756902695,80.2521972656,40617,40627,10
13.0753297806,80.2522201538,40627,40637,10
13.0750198364,80.252243042,40637,40647,10
13.0745296478,80.2522506714,40647,40657,10
13.0739002228,80.2523803711,40657,40667,10
13.0733203888,80.252456665,40667,40677,10
13.0728502274,80.252456665,40677,40687,10
13.0722904205,80.2522506714,40687,40698,11
13.0720796585,80.2513580322,40698,40708,10
13.0718402863,80.2505187988,40708,40718,10
13.0715999603,80.2496795654,40718,40728,10
13.0714197159,80.2486419678,40728,40738,10
13.071149826,80.2476577759,40738,40748,10
13.0707397461,80.2468566895,40748,40758,10
13.070309639,80.2459487915,40758,40768,10
13.0698795319,80.2450180054,40768,40778,10
13.0695104599,80.2440109253,40778,40788,10
13.0690402985,80.2426986694,40788,40839,51
13.0690402985,80.2426986694,40839,40849,10
13.0680198669,80.2427825928,40849,40859,10
13.0673904419,80.2429885864,40859,40869,10
13.0668201447,80.2432785034,40869,40879,10
13.066280365,80.2435836792,40879,40889,10
13.066160202,80.2439117432,40889,40900,11
13.0662403107,80.2446670532,40900,40910,10
13.0663604736,80.2453918457,40910,40920,10
13.0667104721,80.2459716797,40920,40930,10
13.0678701401,80.2465667725,40930,40960,30
13.0678701401,80.2465667725,40960,40970,10
13.0679197311,80.2467422485,40970,40980,10
13.0679597855,80.2473373413,40980,40990,10
13.0676898956,80.2479095459,40990,41000,10
13.0669002533,80.2478790283,41000,41011,11
13.0658102036,80.2479171753,41011,41021,10
13.0646400452,80.2478790283,41021,41037,16
13.0627202988,80.2476806641,41037,41049,12
13.0616598129,80.2476425171,41049,41059,10
13.0613603592,80.2471313477,41059,41067,8
13.0614595413,80.2467803955,41067,41079,12
13.0618400574,80.2462081909,41079,41089,10
13.0620002747,80.2454299927,41089,41099,10
13.0623998642,80.2449798584,41099,41109,10
13.0629301071,80.2445297241,41109,41120,11
13.063079834,80.2442703247,41120,41130,10
13.0632095337,80.2442169189,41130,41139,9
13.0634298325,80.2438735962,41139,41150,11
13.0632801056,80.2434616089,41150,41159,9
13.0626001358,80.2434082031,41159,41170,11
13.0620498657,80.2432937622,41170,41180,10
13.0614404678,80.2432098389,41180,41190,10
13.0611000061,80.2431869507,41190,41200,10
13.0606002808,80.242980957,41200,41211,11
13.0597896576,80.2428131104,41211,41221,10
13.0593795776,80.2426834106,41221,41231,10
13.0591802597,80.2426376343,41231,41241,10
13.0588798523,80.2426376343,41241,41251,10
13.0587596893,80.2426376343,41251,41261,10
13.0586700439,80.2426986694,41261,41271,10
13.0582895279,80.2427520752,41271,41281,10
13.0573301315,80.2428970337,41281,41291,10
13.0562696457,80.2426605225,41291,41301,10
13.0557603836,80.2426071167,41301,41312,11
13.0556297302,80.2423400879,41312,41322,10
13.0546197891,80.2425231934,41322,41332,10
13.0542697906,80.2423782349,41332,41342,10
13.0537796021,80.2423019409,41342,41362,20
13.0537796021,80.2423019409,41362,41372,10
13.0536403656,80.2422637939,41372,41382,10
13.0535001755,80.242149353,41382,41392,10
13.0531997681,80.2420120239,41392,41402,10
13.0525999069,80.2418670654,41402,41412,10
13.0521802902,80.2412033081,41412,41423,11
13.0519399643,80.2408294678,41423,41433,10
13.0517702103,80.2407302856,41433,41443,10
13.0516004562,80.2406616211,41443,41453,10
13.0513296127,80.2406616211,41453,41473,20
13.0513296127,80.2406616211,41473,41483,10
13.0509996414,80.2406311035,41483,41493,10
13.0508403778,80.2406082153,41493,41503,10
13.0505599976,80.2405395508,41503,41513,10
13.0499200821,80.2404098511,41513,41524,11
13.0489797592,80.2402191162,41524,41534,10
13.0480804443,80.2400588989,41534,41544,10
13.0474596024,80.2398986816,41544,41554,10
13.046790123,80.2398223877,41554,41564,10
13.0464801788,80.2397003174,41564,41574,10
13.0462503433,80.2396087646,41574,41584,10
13.0463600159,80.2391433716,41584,41594,10
13.0465297699,80.2383728027,41594,41604,10
13.0467195511,80.2373504639,41604,41615,11
13.0469799042,80.2359619141,41615,41624,9
13.0469799042,80.2359695435,41624,41635,11
13.0470895767,80.2356414795,41635,41645,10
13.04708004,80.2353973389,41645,41655,10
13.0471401215,80.2348175049,41655,41665,10
13.0472097397,80.2340164185,41665,41675,10
13.0473003387,80.2334823608,41675,41685,10
13.0473403931,80.2331771851,41685,41695,10
13.0469703674,80.2330932617,41695,41705,10
13.0464200974,80.2330322266,41705,41715,10
13.0458202362,80.2328872681,41715,41731,16
13.0456800461,80.2328567505,41731,41744,13
13.0454101563,80.2327423096,41744,41753,9
13.0452299118,80.2327194214,41753,41763,10
13.0450000763,80.2326812744,41763,41774,11
13.0444097519,80.2325515747,41774,41784,10
13.0436296463,80.2324295044,41784,41794,10
13.0429096222,80.232421875,41794,41804,10
13.042140007,80.2323913574,41804,41814,10
13.0412902832,80.2322006226,41814,41824,10
13.0402898788,80.231842041,41824,41834,10
13.0393104553,80.2315826416,41834,41845,11
13.0383300781,80.231300354,41845,41855,10
13.0373802185,80.2309799194,41855,41865,10
13.0370197296,80.2309112549,41865,41875,10
13.0366802216,80.2308273315,41875,41885,10
13.0357198715,80.2304763794,41885,41925,40
13.0357198715,80.2304763794,41925,41935,10
13.0352602005,80.2303771973,41935,41946,11
13.0347299576,80.2303771973,41946,41956,10
13.0342197418,80.2304763794,41956,41966,10
13.0340795517,80.2304534912,41966,41976,10
13.0336704254,80.230506897,41976,41996,20
13.0336704254,80.230506897,41996,42006,10
13.0332698822,80.2305526733,42006,42016,10
13.0326700211,80.2306289673,42016,42026,10
13.0319099426,80.2307128906,42026,42036,10
13.0310001373,80.230796814,42036,42047,11
13.02987957,80.2308807373,42047,42067,20
13.02987957,80.2308807373,42067,42077,10
13.0296201706,80.2308807373,42077,42087,10
13.0290899277,80.2309417725,42087,42097,10
13.0282402039,80.231048584,42097,42107,10
13.0277004242,80.2311172485,42107,42117,10
13.027680397,80.2315216064,42117,42127,10
13.0277500153,80.2322235107,42127,42137,10
13.0277299881,80.2328262329,42137,42147,10
13.0269203186,80.232963562,42147,42218,71
13.0269203186,80.232963562,42218,42228,10
13.026720047,80.2329101563,42228,42238,10
13.0264596939,80.2329330444,42238,42248,10
13.0262403488,80.2325210571,42248,42259,11
13.02602005,80.2316436768,42259,42269,10
13.0256996155,80.23046875,42269,42279,10
13.0249996185,80.2294616699,42279,42289,10
13.0246095657,80.2289810181,42289,42299,10
13.0239896774,80.2282867432,42299,42319,20
13.0239896774,80.2282867432,42319,42329,10
13.0238304138,80.2280807495,42329,42339,10
13.0234203339,80.2276229858,42339,42349,10
13.0230102539,80.2272186279,42349,42360,11
13.0223503113,80.2266616821,42360,42370,10
13.0215797424,80.2260818481,42370,42380,10
13.0209798813,80.2256011963,42380,42390,10
13.0204296112,80.2251968384,42390,42400,10
13.0199699402,80.2248687744,42400,42409,9
13.0193796158,80.2245407104,42409,42420,11
13.0184001923,80.224647522,42420,42429,9
13.0175600052,80.2249908447,42429,42440,11
13.0167198181,80.2253265381,42440,42450,10
13.0163698196,80.2254714966,42450,42460,10
13.0159902573,80.2256011963,42460,42471,11
13.0152397156,80.2258682251,42471,42481,10
13.0141496658,80.2263793945,42481,42501,20
13.0141496658,80.2263793945,42501,42511,10
13.0139703751,80.2265090942,42511,42521,10
13.0135097504,80.2266235352,42521,42531,10
13.012840271,80.2268676758,42531,42541,10
13.0119199753,80.2272186279,42541,42551,10
13.0108098984,80.2276611328,42551,42561,10
13.00963974,80.2281417847,42561,42572,11
13.0089998245,80.2290725708,42572,42582,10
13.0087995529,80.2303085327,42582,42592,10
13.0085401535,80.2316207886,42592,42602,10
13.0082998276,80.2329406738,42602,42612,10
13.0082798004,80.2333679199,42612,42622,10
13.0082397461,80.2335128784,42622,42632,10
13.0081195831,80.2339935303,42632,42642,10
13.0079698563,80.2347183228,42642,42652,10
13.007900238,80.2350082397,42652,42662,10
13.0078001022,80.2355117798,42662,42672,10
13.0076398849,80.236366272,42672,42683,11
13.0073795319,80.2376480103,42683,42693,10
13.0072803497,80.2384033203,42693,42703,10
13.0071897507,80.238861084,42703,42713,10
13.0070800781,80.2392730713,42713,42723,10
13.0069103241,80.239906311,42723,42834,111
13.0069103241,80.239906311,42834,42844,10
13.0069303513,80.2402801514,42844,42854,10
13.0067996979,80.2410202026,42854,42864,10
13.0067195892,80.2420806885,42864,42874,10
13.0067195892,80.2431335449,42874,42885,11
13.0066900253,80.2439193726,42885,42895,10
13.0066900253,80.2450714111,42895,42915,20
13.0066900253,80.2450714111,42915,42925,10
13.0067300797,80.245262146,42925,42935,10
13.0067396164,80.2452697754,42935,42945,10
13.0067596436,80.2454223633,42945,42955,10
13.0067501068,80.2455673218,42955,42965,10
13.0067596436,80.2458877563,42965,42975,10
13.0067996979,80.2464599609,42975,42985,10
13.0068101883,80.2471389771,42985,42996,11
13.0067996979,80.2480163574,42996,43006,10
13.0068502426,80.249130249,43006,43016,10
13.006819725,80.2500762939,43016,43026,10
13.0068798065,80.2497024536,43026,43036,10
13.0068702698,80.2501983643,43036,43046,10
13.0068702698,80.2509918213,43046,43056,10
13.0067901611,80.251663208,43056,43066,10
13.0066003799,80.2524337769,43066,43076,10
13.0065698624,80.2535400391,43076,43086,10
13.0066299438,80.2546005249,43086,43097,11
13.006649971,80.2548599243,43097,43107,10
13.0066204071,80.2550964355,43107,43117,10
13.0066099167,80.2558135986,43117,43127,10
13.0065803528,80.2571029663,43127,43187,60
13.0065803528,80.2571029663,43187,43198,11
13.0067396164,80.2572479248,43198,43208,10
13.0067901611,80.2575073242,43208,43218,10
13.0064296722,80.2575073242,43218,43228,10
13.0056695938,80.2573699951,43228,43238,10
13.005399704,80.2572479248,43238,43248,10
13.004989624,80.2572174072,43248,43258,10
13.004240036,80.2570800781,43258,43268,10
13.0039196014,80.2570419312,43268,43278,10
13.0035295486,80.2569580078,43278,43288,10
13.0032300949,80.2568817139,43288,43298,10
13.0027303696,80.2567825317,43298,43309,11
13.0022802353,80.2567062378,43309,43339,30
13.0022802353,80.2567062378,43339,43349,10
13.0021800995,80.2566375732,43349,43359,10
13.001950264,80.2565765381,43359,43369,10
13.0018997192,80.2565917969,43369,43379,10
13.001999855,80.2566070557,43379,43389,10
13.0018997192,80.2566375732,43389,43399,10
13.0012998581,80.2565917969,43399,43410,11
13.0004196167,80.2564620972,43410,43420,10
13.0001401901,80.2564163208,43420,43430,10
12.9999599457,80.2563781738,43430,43440,10
12.9995803833,80.2563095093,43440,43450,10
12.9994297028,80.2562789917,43450,43460,10
12.9990901947,80.256187439,43460,43470,10
12.9984998703,80.2561187744,43470,43480,10
12.9977703094,80.2560272217,43480,43500,20
12.9977703094,80.2560272217,43500,43511,11
12.9974002838,80.2559661865,43511,43521,10
12.9970197678,80.2560119629,43521,43531,10
12.9968996048,80.2564697266,43531,43541,10
12.9968795776,80.2565994263,43541,43551,10
12.9968395233,80.2570495605,43551,43561,10
12.9967603683,80.2578735352,43561,43571,10
12.9966402054,80.2589569092,43571,43581,10
12.996509552,80.2597579956,43581,43591,10
12.9964599609,80.260383606,43591,43601,10
12.9963903427,80.2610778809,43601,43611,10
12.9962997437,80.2616500854,43611,43662,51
12.9962997437,80.2616500854,43662,43672,10
12.9962797165,80.262008667,43672,43688,16
12.9961996078,80.2624435425,43688,43700,12
12.9961500168,80.2630233765,43700,43708,8
12.9961099625,80.2634429932,43708,43720,12
12.9960098267,80.2644577026,43720,43730,10
12.9959001541,80.2656478882,43730,43741,11
12.9957304001,80.2670593262,43741,43751,10
12.9959201813,80.2676773071,43751,43761,10
12.9960203171,80.2676925659,43761,43771,10
12.9962701797,80.2677383423,43771,43781,10
12.9969396591,80.2677230835,43781,43791,10
12.9976701736,80.2675094604,43791,43801,10
12.9982595444,80.2673416138,43801,43811,10
12.9989595413,80.2671508789,43811,43821,10
12.9997501373,80.2668762207,43821,43832,11
13.0000200272,80.2666397095,43832,43842,10
13.0001296997,80.2662963867,43842,43861,19
13.0003004074,80.2661514282,43861,44206,345
13.0003004074,80.2661514282,44206,44216,10
13.0003700256,80.2663269043,44216,44226,10
13.0003404617,80.2666015625,44226,44236,10
13.0003299713,80.2667617798,44236,44246,10
12.9999704361,80.2669677734,44246,44257,11
12.9991798401,80.2671890259,44257,44267,10
12.9984397888,80.2674026489,44267,44277,10
12.9977502823,80.2675323486,44277,44287,10
12.9975204468,80.2676010132,44287,44297,10
12.9974002838,80.2677230835,44297,44307,10
12.9968004227,80.2678222656,44307,44317,10
12.9961996078,80.267791748,44317,44327,10
12.9958496094,80.2677764893,44327,44337,10
12.9956798553,80.2674026489,44337,44358,21
12.9959201813,80.267326355,44358,44428,70
12.9959201813,80.267326355,44428,44438,10
12.9961395264,80.2623901367,44438,44448,10
12.9962501526,80.2622375488,44448,44459,11
12.9963502884,80.2618865967,44459,44469,10
12.9964504242,80.2613601685,44469,44479,10
12.9965000153,80.2604827881,44479,44489,10
12.9967098236,80.2595367432,44489,44499,10
12.9969396591,80.2587203979,44499,44509,10
12.9963903427,80.2590637207,44509,44519,10
12.9965000153,80.2586669922,44519,44529,10
12.9965600967,80.2576217651,44529,44539,10
12.996629715,80.2570037842,44539,44549,10
12.9967699051,80.2563934326,44549,44559,10
12.9969396591,80.2557907104,44559,44570,11
12.9977397919,80.255859375,44570,44580,10
12.9983797073,80.2559661865,44580,44600,20
12.9983797073,80.2559661865,44600,44610,10
12.998840332,80.2560424805,44610,44620,10
12.9988698959,80.2560577393,44620,44630,10
12.9989900589,80.2560501099,44630,44640,10
12.9993200302,80.2560806274,44640,44660,20
12.9993200302,80.2560806274,44660,44671,11
12.9995298386,80.2561035156,44671,44681,10
13.0000600815,80.2562408447,44681,44691,10
13.000579834,80.256362915,44691,44701,10
13.0009202957,80.2564086914,44701,44711,10
13.00137043,80.2565231323,44711,44721,10
13.0016899109,80.2565917969,44721,44731,10
13.0022602081,80.2565994263,44731,44741,10
13.002820015,80.2567214966,44741,44751,10
13.0034303665,80.2568664551,44751,44761,10
13.0040302277,80.2569885254,44761,44771,10
13.0047101974,80.2571029663,44771,44782,11
13.005279541,80.2572021484,44782,44792,10
13.0059404373,80.2573928833,44792,44802,10
13.0065498352,80.2575378418,44802,44812,10
13.0066795349,80.2575683594,44812,44822,10
13.0061197281,80.2573318481,44822,44832,10
13.0057697296,80.2572402954,44832,44842,10
13.0051898956,80.2576599121,44842,44852,10
13.0045003891,80.2581176758,44852,44862,10
13.0042104721,80.2583007813,44862,44879,17
13.0064401627,80.255531311,44879,44891,12
13.0065402985,80.2544174194,44891,44901,10
13.0066003799,80.2538223267,44901,44911,10
13.0065898895,80.2537689209,44911,44921,10
13.0066204071,80.2536773682,44921,44928,7
13.0066404343,80.2534484863,44928,44938,10
13.0066299438,80.2533569336,44938,44952,14
13.0065498352,80.2531967163,44952,44960,8
13.0065097809,80.2526702881,44960,45023,63
13.0065097809,80.2526702881,45023,45033,10
13.0065603256,80.2526016235,45033,45043,10
13.0065898895,80.2521362305,45043,45053,10
13.0066995621,80.2514266968,45053,45063,10
13.0067596436,80.2506103516,45063,45073,10
13.0067596436,80.2498703003,45073,45083,10
13.0067596436,80.2493286133,45083,45134,51
13.0067596436,80.2493286133,45134,45144,10
13.0068397522,80.2492523193,45144,45154,10
13.006770134,80.2488327026,45154,45164,10
13.0067300797,80.248298645,45164,45174,10
13.0066003799,80.2478713989,45174,45253,79
13.0066003799,80.2478713989,45253,45263,10
13.0065002441,80.2474975586,45263,45273,10
13.0065498352,80.2466430664,45273,45293,20
13.0065498352,80.2466430664,45293,45304,11
13.0066003799,80.2462615967,45304,45314,10
13.0066404343,80.2455596924,45314,45324,10
13.0066204071,80.2446899414,45324,45334,10
13.0065803528,80.2439880371,45334,45344,10
13.0065097809,80.2434005737,45344,45354,10
13.0065202713,80.2425918579,45354,45364,10
13.0065202713,80.2417297363,45364,45374,10
13.0065402985,80.2415771484,45374,45384,10
13.0065698624,80.2411270142,45384,45394,10
13.0065402985,80.2406768799,45394,45425,31
13.0065402985,80.2406768799,45425,45441,16
13.0066795349,80.2399215698,45441,45453,12
13.0067796707,80.2393188477,45453,45463,10
13.0069799423,80.2386627197,45463,45473,10
13.0071802139,80.2378921509,45473,45483,10
13.0073795319,80.2367706299,45483,45503,20
13.0073795319,80.2367706299,45503,45514,11
13.0074996948,80.2364883423,45514,45523,9
13.0075702667,80.2362136841,45523,45534,11
13.0076398849,80.2357635498,45534,45543,9
13.0077495575,80.2351989746,45543,45554,11
13.007900238,80.2344207764,45554,45564,10
13.0081300735,80.2333068848,45564,45573,9
13.0083599091,80.2321929932,45573,45583,10
13.0085802078,80.2310409546,45583,45594,11
13.0088100433,80.2298126221,45594,45603,9
13.0089998245,80.228767395,45603,45614,11
13.0094003677,80.2276077271,45614,45625,11
13.0098695755,80.2265625,45625,45635,10
13.0103998184,80.2254562378,45635,45645,10
13.0107603073,80.2246932983,45645,45655,10
13.0111103058,80.2237091064,45655,45665,10
13.0114603043,80.2227478027,45665,45675,10
13.0117197037,80.2217712402,45675,45685,10
13.0122299194,80.2214431763,45685,45695,10
13.0126199722,80.2218399048,45695,45705,10
13.0130395889,80.2223815918,45705,45715,10
13.013710022,80.2231292725,45715,45726,11
13.0142602921,80.2238388062,45726,45736,10
13.01541996,80.2248764038,45736,45756,20
13.01541996,80.2248764038,45756,45772,16
13.0156202316,80.2250976563,45772,45784,12
13.0160503387,80.2253799438,45784,45794,10
13.0165901184,80.2253417969,45794,45803,9
13.0175304413,80.2249526978,45803,45813,10
13.0185499191,80.2245330811,45813,45824,11
13.0193996429,80.2243881226,45824,45835,11
13.0196504593,80.2244873047,45835,45845,10
13.0200099945,80.2247390747,45845,45855,10
13.0206203461,80.2251663208,45855,45865,10
13.0211400986,80.2255477905,45865,45874,9
13.0215396881,80.2258605957,45874,45885,11
13.0219697952,80.2261428833,45885,45905,20
13.0219697952,80.2261428833,45905,45915,10
13.0222597122,80.2263793945,45915,45925,10
13.0227499008,80.2268218994,45925,45936,11
13.0234603882,80.2274932861,45936,45946,10
13.0240602493,80.2280731201,45946,45956,10
13.0242500305,80.2282562256,45956,45966,10
13.0243902206,80.2284393311,45966,45976,10
13.0246801376,80.2288970947,45976,45986,10
13.0250997543,80.2294692993,45986,45996,10
13.025639534,80.2302017212,45996,46006,10
13.0259599686,80.2311172485,46006,46047,41
13.0259599686,80.2311172485,46047,46057,10
13.0259895325,80.2312698364,46057,46067,10
13.0263204575,80.2312088013,46067,46077,10
13.0270500183,80.2310409546,46077,46087,10
13.0278701782,80.2309188843,46087,46097,10
13.0281400681,80.2308883667,46097,46107,10
13.0283498764,80.2308578491,46107,46117,10
13.0284500122,80.2308578491,46117,46127,10
13.0287799835,80.2307891846,46127,46138,11
13.0290899277,80.230682373,46138,46148,10
13.029709816,80.2306671143,46148,46158,10
13.0304203033,80.2306518555,46158,46168,10
13.0309400558,80.2305908203,46168,46178,10
13.0313997269,80.2305908203,46178,46188,10
13.0318098068,80.2305679321,46188,46198,10
13.0322799683,80.2305374146,46198,46208,10
13.0328197479,80.2304763794,46208,46218,10
13.0335702896,80.230430603,46218,46228,10
13.0338602066,80.2303924561,46228,46238,10
13.0341300964,80.2303695679,46238,46248,10
13.0343198776,80.2303466797,46248,46299,51
13.0343198776,80.2303466797,46299,46309,10
13.0345897675,80.2303009033,46309,46319,10
13.0347204208,80.2302627563,46319,46329,10
13.0348997116,80.2304763794,46329,46350,21
13.0348997116,80.2304763794,46350,46360,10
13.0348596573,80.2308578491,46360,46370,10
13.0347700119,80.2314300537,46370,46380,10
13.0347204208,80.2322769165,46380,46390,10
13.0346403122,80.2331008911,46390,46400,10
13.0345697403,80.2334899902,46400,46410,10
13.0343999863,80.2341766357,46410,46420,10
13.0343599319,80.2351379395,46420,46430,10
13.0342302322,80.2359237671,46430,46440,10
13.0341501236,80.236656189,46440,46451,11
13.0341100693,80.2370605469,46451,46461,10
13.0341701508,80.2372817993,46461,46471,10
13.034239769,80.2373962402,46471,46481,10
13.0344200134,80.2376022339,46481,46491,10
13.0347204208,80.2379837036,46491,46501,10
13.0350599289,80.2385482788,46501,46511,10
13.0353002548,80.2389678955,46511,46521,10
13.0357198715,80.2393569946,46521,46531,10
13.0362596512,80.2393798828,46531,46541,10
13.0370502472,80.239440918,46541,46550,9
13.0379295349,80.2395401001,46550,46562,12
13.0388898849,80.2396697998,46562,46572,10
13.0395898819,80.2397689819,46572,46582,10
13.0403699875,80.2398071289,46582,46592,10
13.0404500961,80.2400970459,46592,46602,10
13.0403995514,80.240447998,46602,46612,10
13.0409202576,80.2405471802,46612,46622,10
13.0411195755,80.2405776978,46622,46632,10
13.041179657,80.2405090332,46632,46642,10
13.0416498184,80.2405929565,46642,46652,10
13.042140007,80.2406997681,46652,46663,11
13.0428695679,80.2407608032,46663,46673,10
13.0436697006,80.2408828735,46673,46683,10
13.043970108,80.2408828735,46683,46713,30
13.043970108,80.2408828735,46713,46723,10
13.0440597534,80.2408981323,46723,46733,10
13.0440797806,80.240852356,46733,46743,10
13.0443601608,80.240737915,46743,46753,10
13.0447502136,80.2404403687,46753,46764,11
13.0453500748,80.2400131226,46764,46774,10
13.0459098816,80.239616394,46774,46783,9
13.0461597443,80.2393112183,46783,46794,11
13.0467395782,80.2397613525,46794,46804,10
13.0467996597,80.2397384644,46804,46814,10
13.0472097397,80.2397537231,46814,46824,10
13.0479402542,80.2398605347,46824,46834,10
13.0488996506,80.2400436401,46834,46844,10
13.0496397018,80.2402420044,46844,46854,10
13.0500802994,80.2403335571,46854,46864,10
13.0507202148,80.2404327393,46864,46875,11
13.0512599945,80.2406005859,46875,46885,10
13.0513401031,80.2405929565,46885,46895,10
13.0518198013,80.2406692505,46895,46904,9
13.0523996353,80.240852356,46904,46945,41
13.0523996353,80.240852356,46945,46955,10
13.0524196625,80.2408828735,46955,46965,10
13.0525598526,80.2413101196,46965,46976,11
13.0525798798,80.2414169312,46976,46986,10
13.0527296066,80.2416687012,46986,46996,10
13.0533103943,80.2419433594,46996,47006,10
13.0539703369,80.2422027588,47006,47016,10
13.0539999008,80.2422027588,47016,47026,10
13.0540599823,80.2422180176,47026,47036,10
13.0544595718,80.2422866821,47036,47046,10
13.0551795959,80.2421798706,47046,47056,10
13.0560798645,80.2423095703,47056,47066,10
13.0567398071,80.2425308228,47066,47075,9
13.0572004318,80.242729187,47075,47086,11
13.0576200485,80.2426986694,47086,47097,11
13.0577802658,80.2427215576,47097,47107,10
13.0582895279,80.2426605225,47107,47117,10
13.0589599609,80.2425384521,47117,47137,20
13.0589599609,80.2425384521,47137,47147,10
13.0591602325,80.242477417,47147,47157,10
13.0595598221,80.2424926758,47157,47167,10
13.0599498749,80.2426681519,47167,47177,10
13.0604896545,80.2428207397,47177,47188,11
13.060790062,80.2429199219,47188,47198,10
13.0611400604,80.243019104,47198,47208,10
13.0614995956,80.2431106567,47208,47218,10
13.0617103577,80.2431335449,47218,47228,10
13.0617198944,80.2431411743,47228,47238,10
13.061920166,80.2431564331,47238,47248,10
13.0623197556,80.2432174683,47248,47258,10
13.0624103546,80.2432632446,47258,47268,10
13.0625696182,80.243309021,47268,47278,10
13.0631198883,80.2434234619,47278,47289,11
13.0638198853,80.2434616089,47289,47299,10
13.0640802383,80.2434463501,47299,47309,10
13.0644397736,80.2434387207,47309,47319,10
13.0649795532,80.2434768677,47319,47329,10
13.0651197433,80.2434616089,47329,47339,10
13.0652103424,80.2434921265,47339,47349,10
13.065779686,80.2434616089,47349,47359,10
13.066280365,80.2434387207,47359,47369,10
13.0665798187,80.2433013916,47369,47379,10
13.0670099258,80.2430419922,47379,47390,11
13.0674800873,80.2428436279,47390,47400,10
13.0680904388,80.2426681519,47400,47410,10
13.0687398911,80.2424316406,47410,47430,20
13.0687398911,80.2424316406,47430,47440,10
13.0689897537,80.2422714233,47440,47450,10
13.069439888,80.2421264648,47450,47460,10
13.069849968,80.2420578003,47460,47470,10
13.0698795319,80.2420578003,47470,47480,10
13.0700798035,80.2420806885,47480,47490,10
13.0705604553,80.241897583,47490,47501,11
13.0712604523,80.2416534424,47501,47511,10
13.0717401505,80.2414169312,47511,47521,10
13.0721597672,80.2411499023,47521,47531,10
13.072719574,80.2408218384,47531,47541,10
13.0733699799,80.2406387329,47541,47551,10
13.0741195679,80.2405014038,47551,47561,10
13.0751495361,80.2404937744,47561,47571,10
13.0761995316,80.2405014038,47571,47581,10
13.07695961,80.2405700684,47581,47591,10
13.0771102905,80.2402496338,47591,47602,11
13.0768995285,80.2394485474,47602,47612,10
13.0766496658,80.2384719849,47612,47642,30
13.0766496658,80.2384719849,47642,47652,10
13.0766000748,80.2383728027,47652,47662,10
13.07654953,80.2381286621,47662,47672,10
13.0765104294,80.2379302979,47672,47682,10
13.076499939,80.2378234863,47682,47692,10
13.0763702393,80.2372894287,47692,47713,21
13.0763702393,80.2372894287,47713,47723,10
13.0763702393,80.2370223999,47723,47733,10
13.0762701035,80.2363891602,47733,47743,10
13.0761203766,80.2355499268,47743,47753,10
13.0758104324,80.2338027954,47753,47824,71
13.0758104324,80.2338027954,47824,47834,10
13.075920105,80.2341003418,47834,47844,10
13.0763597488,80.2337493896,47844,47854,10
13.0767202377,80.2336578369,47854,47864,10
13.0768098831,80.2336425781,47864,47874,10
13.0772600174,80.2335510254,47874,47884,10
13.0778303146,80.2334899902,47884,47894,10
13.0784902573,80.2334823608,47894,47904,10
13.0793600082,80.2334365845,47904,47915,11
13.0803098679,80.2334365845,47915,47925,10
13.0808897018,80.2334365845,47925,47935,10
13.0804395676,80.2334594727,47935,47945,10
13.080909729,80.2333984375,47945,47955,10
13.0818300247,80.2335586548,47955,47965,10
13.0821695328,80.2334976196,47965,47975,10
13.0820999146,80.2322006226,47975,47985,10
13.0820302963,80.2311630249,47985,47996,11
13.0819997787,80.2307510376,47996,48006,10
13.0826396942,80.230758667,48006,48016,10
13.0831899643,80.231086731,48016,48026,10
13.0832195282,80.2319030762,48026,48036,10
13.0833797455,80.2329406738,48036,48046,10
13.0835199356,80.2337036133,48046,48056,10
13.0836896896,80.2336502075,48056,48066,10
13.0839195251,80.2337036133,48066,48076,10
13.0843296051,80.2336578369,48076,48147,71
13.0843296051,80.2336578369,48147,48157,10
13.0877399445,80.2345123291,48157,48167,10
13.08796978,80.2336196899,48167,48177,10
13.088139534,80.2326431274,48177,48187,10
13.0884599686,80.2312088013,48187,48217,30
13.0887403488,80.2305908203,48217,48238,21
13.0887403488,80.2305908203,48238,48248,10
13.089799881,80.2292175293,48248,48258,10
13.0902299881,80.2285690308,48258,48268,10
13.091170311,80.2276992798,48268,48278,10
13.0928897858,80.2263793945,48278,48297,19
13.0928897858,80.2263793945,48297,48308,11
13.092040062,80.2266235352,48308,48318,10
13.092590332,80.2260971069,48318,48328,10
13.0931901932,80.2254562378,48328,48339,11
13.0934801102,80.2252120972,48339,48349,10
13.0935497284,80.2250366211,48349,48359,10
13.0939998627,80.2245178223,48359,48369,10
13.0943002701,80.2241592407,48369,48379,10
13.0946702957,80.2236404419,48379,48389,10
13.0950403214,80.2229690552,48389,48399,10
13.0952396393,80.2224578857,48399,48409,10
13.0953302383,80.2222824097,48409,48419,10
13.0955200195,80.2218093872,48419,48429,10
13.0957603455,80.2211303711,48429,48440,11
13.096039772,80.2203826904,48440,48450,10
13.0963497162,80.2195205688,48450,48460,10
13.0963201523,80.2194671631,48460,48470,10
13.0965003967,80.219039917,48470,48480,10
13.0966396332,80.2185821533,48480,48490,10
13.0968799591,80.2179031372,48490,48500,10
13.097120285,80.2171630859,48500,48510,10
13.0972204208,80.2169189453,48510,48520,10
13.0971899033,80.2169113159,48520,48530,10
13.0973501205,80.2165527344,48530,48541,11
13.0976696014,80.2158203125,48541,48551,10
13.0980701447,80.2148971558,48551,48561,10
13.0983695984,80.2141418457,48561,48591,30
13.0983695984,80.2141418457,48591,48607,16
13.098400116,80.2141265869,48607,48619,12
13.0984296799,80.2140579224,48619,48627,8
13.0986700058,80.2139434814,48627,48638,11
13.0992898941,80.2142410278,48638,48650,12
13.1001796722,80.2144088745,48650,48680,30
13.1001796722,80.2144088745,48680,48690,10
13.1004800797,80.2145385742,48690,48751,61
13.1004800797,80.2145385742,48751,48761,10
13.1005401611,80.2145767212,48761,48771,10
13.1005897522,80.2148284912,48771,48781,10
13.1003704071,80.215423584,48781,48791,10
13.1000900269,80.2160263062,48791,48801,10
13.0999698639,80.2158203125,48801,48811,10
13.1001300812,80.215461731,48811,48821,10
13.1002702713,80.2148590088,48821,49589,768
13.1002702713,80.2148590088,49589,49599,10
13.1002397537,80.2146835327,49599,49609,10
13.1000995636,80.2145080566,49609,49619,10
13.0998601913,80.2144393921,49619,49629,10
13.0994796753,80.2143478394,49629,49639,10
13.0989999771,80.2142181396,49639,49649,10
13.0985498428,80.2140731812,49649,49659,10
13.0983200073,80.2144393921,49659,49669,10
13.0980501175,80.2150115967,49669,49679,10
13.0977497101,80.2157363892,49679,49690,11
13.0973796844,80.2166976929,49690,49710,20
13.0973796844,80.2166976929,49710,49720,10
13.0972795486,80.2169418335,49720,49730,10
13.097120285,80.2174072266,49730,49740,10
13.0968704224,80.2181091309,49740,49750,10
13.0966501236,80.2188186646,49750,49760,10
13.0964097977,80.2194976807,49760,49770,10
13.0961198807,80.2202987671,49770,49780,10
13.0958499908,80.2210769653,49780,49790,10
13.0956401825,80.2216873169,49790,49801,11
13.0954303741,80.2223587036,49801,49811,10
13.0953998566,80.2224502563,49811,49821,10
13.0952997208,80.2226715088,49821,49831,10
13.0950899124,80.22315979,49831,49841,10
13.0946397781,80.2238311768,49841,49851,10
13.0940599442,80.2246170044,49851,49861,10
13.093460083,80.2253036499,49861,49871,10
13.0928096771,80.225982666,49871,49881,10
13.0921897888,80.226600647,49881,49891,10
13.091219902,80.2276306152,49891,49912,21
13.091219902,80.2276306152,49912,49922,10
13.0909996033,80.2278366089,49922,49932,10
13.0906400681,80.2282104492,49932,49942,10
13.0901298523,80.228767395,49942,49952,10
13.089509964,80.2294769287,49952,49962,10
13.0891704559,80.2300872803,49962,49972,10
13.0890703201,80.2303237915,49972,49982,10
13.0888395309,80.2308425903,49982,50003,21
13.0888395309,80.2308425903,50003,50013,10
13.0887699127,80.2310180664,50013,50023,10
13.0886096954,80.2314376831,50023,50033,10
13.0883998871,80.232093811,50033,50043,10
13.0881795883,80.2329483032,50043,50053,10
13.0880498886,80.2339019775,50053,50063,10
13.0877199173,80.2345199585,50063,50073,10
13.0871400833,80.2345581055,50073,50083,10
13.0861997604,80.2344512939,50083,50103,20
13.0861997604,80.2344512939,50103,50114,11
13.0860900879,80.2344284058,50114,50124,10
13.0857601166,80.2343902588,50124,50134,10
13.0854902267,80.2343292236,50134,50144,10
13.0852403641,80.2342605591,50144,50154,10
13.084810257,80.2341766357,50154,50164,10
13.0844602585,80.2340316772,50164,50174,10
13.0836496353,80.2339096069,50174,50194,20
13.0836496353,80.2339096069,50194,50204,10
13.0833902359,80.2338485718,50204,50215,11
13.0828104019,80.233757019,50215,50225,10
13.0824203491,80.2336807251,50225,50235,10
13.082400322,80.2336730957,50235,50245,10
13.0822200775,80.2336730957,50245,50255,10
13.0819597244,80.2336196899,50255,50265,10
13.0815696716,80.2336273193,50265,50275,10
13.0811595917,80.2336196899,50275,50285,10
13.0807104111,80.2335891724,50285,50295,10
13.0801200867,80.2335891724,50295,50305,10
13.0796499252,80.2335968018,50305,50316,11
13.0796003342,80.233581543,50316,50326,10
13.0793504715,80.233581543,50326,50336,10
13.0789003372,80.2336425781,50336,50346,10
13.0783195496,80.233581543,50346,50356,10
13.0780096054,80.2335662842,50356,50366,10
13.0777196884,80.2336883545,50366,50376,10
13.0771598816,80.233757019,50376,50386,10
13.0766000748,80.2338562012,50386,50402,16
13.076210022,80.2339172363,50402,50414,12
13.0759897232,80.2339477539,50414,50425,11
13.0758800507,80.2341690063,50425,50435,10
13.0760002136,80.2346420288,50435,50445,10
13.0761203766,80.2351531982,50445,50455,10
13.0761404037,80.2352523804,50455,50463,8
13.0761995316,80.2354431152,50463,50474,11
13.0763196945,80.2359924316,50474,50485,11
13.0763196945,80.2360229492,50485,50495,10
13.0763502121,80.2363128662,50495,50505,10
13.0764198303,80.2367019653,50505,50515,10
13.0764904022,80.2369766235,50515,50546,31
13.0765600204,80.2370986938,50546,50576,30
13.0765600204,80.2370986938,50576,50586,10
13.0766000748,80.2373275757,50586,50596,10
13.0766897202,80.2377090454,50596,50606,10
13.076789856,80.2382965088,50606,50622,16
13.0770101547,80.2392807007,50622,50635,13
13.077249527,80.2403793335,50635,50655,20
13.077249527,80.2403793335,50655,50664,9
13.0773000717,80.2406387329,50664,50675,11
13.0774002075,80.2410583496,50675,50685,10
13.0774202347,80.2411880493,50685,50695,10
13.0774297714,80.2414016724,50695,50705,10
13.0775499344,80.2418823242,50705,50715,10
13.0777101517,80.2425384521,50715,50725,10
13.0778102875,80.2434082031,50725,50736,11
13.0778102875,80.2442779541,50736,50746,10
13.0779104233,80.2449798584,50746,50755,9
13.0779800415,80.2457885742,50755,50766,11
13.0781097412,80.2467498779,50766,50776,10
13.0783195496,80.247756958,50776,50785,9
13.0784702301,80.2485122681,50785,50796,11
13.0786600113,80.249206543,50796,50806,10
13.0787601471,80.2500762939,50806,50816,10
13.0785198212,80.2506866455,50816,50826,10
13.0785999298,80.2513122559,50826,50836,10
13.0786104202,80.251449585,50836,50847,11
13.0785198212,80.2516479492,50847,50857,10
13.0782499313,80.2517471313,50857,50867,10
13.0776500702,80.2518234253,50867,50877,10
13.076789856,80.2519836426,50877,50887,10
13.075920105,80.2521209717,50887,50897,10
13.0751104355,80.2521820068,50897,50907,10
13.0745000839,80.2522201538,50907,50917,10
13.0740499496,80.252281189,50917,50927,10
13.0736598969,80.2524490356,50927,50937,10
13.07310009,80.2524185181,50937,50948,11
13.072520256,80.2523117065,50948,50958,10
13.0721702576,80.2518463135,50958,50968,10
13.0720796585,80.251121521,50968,50978,10
13.0718603134,80.2506027222,50978,50988,10
13.071680069,80.2499771118,50988,50998,10
13.0714902878,80.249130249,50998,51008,10
13.0712900162,80.2481918335,51008,51018,10
13.070980072,80.2473068237,51018,51028,10
13.0705699921,80.2464981079,51028,51038,10
13.0701599121,80.2456283569,51038,51048,10
13.0697803497,80.2447128296,51048,51059,11
13.0692996979,80.2433776855,51059,51079,20
13.0692996979,80.2433776855,51079,51089,10
13.0692300797,80.2431335449,51089,51099,10
13.0691795349,80.2427368164,51099,51109,10
13.0690402985,80.2424316406,51109,51119,10
13.069029808,80.2424163818,51119,51129,10
13.0687198639,80.2424468994,51129,51139,10
13.0682001114,80.2425994873,51139,51149,10
13.0675802231,80.2428207397,51149,51160,11
13.066860199,80.2432022095,51160,51170,10
13.0663995743,80.2434921265,51170,51180,10
13.0661401749,80.2437667847,51180,51190,10
13.066160202,80.2440567017,51190,51191,1
13.0661697388,80.244140625,51191,51201,10
13.0661697388,80.244140625,51201,51269,68
13.0678100586,80.2464675903,51269,51280,11
13.067899704,80.2466125488,51280,51291,11
13.0679702759,80.246963501,51291,51301,10
13.0679502487,80.2475128174,51301,51311,10
13.0676403046,80.2479019165,51311,51321,10
13.0670204163,80.2479171753,51321,51331,10
13.0663499832,80.2479171753,51331,51341,10
13.0655698776,80.2478637695,51341,51351,10
13.0648002625,80.2478408813,51351,51361,10
13.063949585,80.2477264404,51361,51372,11
13.0631198883,80.2476501465,51372,51381,9
13.0623197556,80.2476425171,51381,51392,11
13.0617103577,80.2475509644,51392,51402,10
13.0613298416,80.2470092773,51402,51412,10
13.06153965,80.2466583252,51412,51422,10
13.0617103577,80.2463989258,51422,51432,10
13.061829567,80.2459106445,51432,51441,9
13.0619802475,80.2453231812,51441,51451,10
13.062379837,80.2448883057,51451,51462,11
13.0631198883,80.2443008423,51462,51483,21
13.0631198883,80.2443008423,51483,51493,10
13.0632600784,80.2441177368,51493,51503,10
13.0634202957,80.2436676025,51503,51513,10
13.0633201599,80.2434768677,51513,51523,10
13.0629901886,80.2434234619,51523,51533,10
13.0626602173,80.243347168,51533,51543,10
13.0622797012,80.2432403564,51543,51553,10
13.0619697571,80.2432022095,51553,51563,10
13.0614900589,80.2431335449,51563,51574,11
13.0611095428,80.2430725098,51574,51584,10
13.0606498718,80.2428588867,51584,51594,10
13.0602302551,80.2427368164,51594,51604,10
13.0595998764,80.2425613403,51604,51614,10
13.0591602325,80.2424926758,51614,51624,10
13.0588598251,80.2425689697,51624,51644,20
13.0588598251,80.2425689697,51644,51654,10
13.0585203171,80.2425765991,51654,51664,10
13.0580396652,80.2426528931,51664,51681,17
13.0571098328,80.2427368164,51681,51703,22
13.0571098328,80.2427368164,51703,51713,10
13.0567998886,80.24269104,51713,51723,10
13.0563697815,80.2425537109,51723,51733,10
13.0558996201,80.2423629761,51733,51743,10
13.0553398132,80.2423324585,51743,51753,10
13.0550899506,80.2423782349,51753,51763,10
13.054599762,80.2424163818,51763,51773,10
13.0538101196,80.2422637939,51773,51793,20
13.0538101196,80.2422637939,51793,51804,11
13.0535802841,80.2421417236,51804,51815,11
13.0531597137,80.2419433594,51815,51825,10
13.0524396896,80.2415466309,51825,51834,9
13.0521297455,80.2410583496,51834,51845,11
13.0519504547,80.2407913208,51845,51855,10
13.0516500473,80.240737915,51855,51865,10
13.0511598587,80.2406387329,51865,51875,10
13.0509500504,80.2405929565,51875,51885,10
13.0508499146,80.240562439,51885,51896,11
13.0503902435,80.2404785156,51896,51906,10
13.0497598648,80.2403717041,51906,51916,10
13.0490598679,80.240196228,51916,51926,10
13.0482196808,80.2399368286,51926,51936,10
13.047659874,80.2398605347,51936,51946,10
13.0471601486,80.2397613525,51946,51956,10
13.046500206,80.239616394,51956,51966,10
13.0462398529,80.2395019531,51966,51976,10
13.0461702347,80.2394332886,51976,51986,10
13.0463199615,80.2391433716,51986,51997,11
13.0464696884,80.2386169434,51997,52007,10
13.046620369,80.237953186,52007,52017,10
13.0467395782,80.2373199463,52017,52027,10
13.0468997955,80.2365493774,52027,52037,10
13.0469398499,80.2360610962,52037,52047,10
13.0469303131,80.2356414795,52047,52078,31
13.0469303131,80.2356414795,52078,52087,9
13.0473203659,80.2334899902,52087,52098,11
13.0473003387,80.2329483032,52098,52108,10
13.0469503403,80.232963562,52108,52118,10
13.0463600159,80.2328491211,52118,52128,10
13.0457696915,80.2326889038,52128,52138,10
13.0452299118,80.232673645,52138,52158,20
13.0452299118,80.232673645,52158,52168,10
13.0447797775,80.2325668335,52168,52178,10
13.044090271,80.2324295044,52178,52188,10
13.0434398651,80.232208252,52188,52198,10
13.0429201126,80.2322387695,52198,52209,11
13.0423402786,80.2322769165,52209,52219,10
13.041680336,80.2322006226,52219,52229,10
13.04088974,80.2320022583,52229,52239,10
13.040140152,80.2317581177,52239,52249,10
13.0392198563,80.2314910889,52249,52259,10
13.0382795334,80.231300354,52259,52269,10
13.0373601913,80.2309799194,52269,52279,10
13.0369195938,80.2309036255,52279,52289,10
13.0366601944,80.2307891846,52289,52299,10
13.0366601944,80.2307815552,52299,52309,10
13.0362796783,80.2306976318,52309,52320,11
13.0353899002,80.2304077148,52320,52380,60
13.0353899002,80.2304077148,52380,52390,10
13.0350704193,80.2303237915,52390,52399,9
13.0347204208,80.2303237915,52399,52410,11
13.0343103409,80.2304000854,52410,52421,11
13.0335302353,80.2304534912,52421,52451,30
13.0335302353,80.2304534912,52451,52461,10
13.0331897736,80.2304382324,52461,52471,10
13.0326099396,80.230506897,52471,52481,10
13.0318603516,80.2305984497,52481,52490,9
13.0311098099,80.2306671143,52490,52501,11
13.0304803848,80.23072052,52501,52510,9
13.029999733,80.230796814,52510,52521,11
13.0298204422,80.2308425903,52521,52532,11
13.0295696259,80.2308502197,52532,52542,10
13.029129982,80.2308883667,52542,52552,10
13.0284795761,80.2309265137,52552,52562,10
13.0278596878,80.231010437,52562,52572,10
13.0277004242,80.2312164307,52572,52582,10
13.0277299881,80.231628418,52582,52592,10
13.0277500153,80.231880188,52592,52602,10
13.0278301239,80.2323226929,52602,52612,10
13.0278301239,80.232749939,52612,52623,11
13.0273399353,80.2329025269,52623,52633,10
13.0269298553,80.2329788208,52633,52663,30
13.0269298553,80.2329788208,52663,52673,10
13.0268096924,80.2330169678,52673,52683,10
13.0265102386,80.2330093384,52683,52693,10
13.0262804031,80.2325820923,52693,52703,10
13.0261096954,80.2318878174,52703,52713,10
13.0259199142,80.2311706543,52713,52723,10
13.0255403519,80.2302398682,52723,52734,11
13.0246601105,80.2290878296,52734,52755,21
13.0246601105,80.2290878296,52755,52765,10
13.0245599747,80.2289886475,52765,52775,10
13.0240402222,80.2283782959,52775,52795,20
13.0240402222,80.2283782959,52795,52805,10
13.0240001678,80.2283172607,52805,52815,10
13.0237798691,80.228012085,52815,52825,10
13.0234098434,80.2276382446,52825,52836,11
13.0231599808,80.2273635864,52836,52846,10
13.0227603912,80.2269668579,52846,52856,10
13.022190094,80.2264480591,52856,52866,10
13.0215597153,80.2259368896,52866,52876,10
13.0209798813,80.2254714966,52876,52886,10
13.0204296112,80.2251205444,52886,52896,10
13.0198898315,80.2247695923,52896,52906,10
13.0192298889,80.2244796753,52906,52916,10
13.0184202194,80.224647522,52916,52926,10
13.0176200867,80.2249832153,52926,52937,11
13.0168399811,80.2253036499,52937,52947,10
13.0164899826,80.2254486084,52947,52957,10
13.0160198212,80.2256317139,52957,52967,10
13.0154695511,80.2258300781,52967,52977,10
13.014550209,80.2261810303,52977,52997,20
13.014550209,80.2261810303,52997,53007,10
13.0143699646,80.2262802124,53007,53017,10
13.0139398575,80.2264404297,53017,53027,10
13.0135202408,80.2265777588,53027,53038,11
13.0129995346,80.2268066406,53038,53048,10
13.0122699738,80.2270812988,53048,53058,10
13.011349678,80.2274398804,53058,53068,10
13.0103797913,80.2278594971,53068,53078,10
13.0095500946,80.2282104492,53078,53088,10
13.0091495514,80.2288131714,53088,53098,10
13.0089702606,80.2297210693,53098,53108,10
13.0087795258,80.2307128906,53108,53118,10
13.008600235,80.2316589355,53118,53128,10
13.0083999634,80.2326202393,53128,53139,11
13.0082998276,80.2333602905,53139,53149,10
13.0082902908,80.2333984375,53149,53159,10
13.0081996918,80.2335662842,53159,53169,10
13.0080900192,80.2340011597,53169,53179,10
13.0079097748,80.234916687,53179,53199,20
13.0079097748,80.234916687,53199,53209,10
13.0078496933,80.2352218628,53209,53219,10
13.0077295303,80.2358169556,53219,53229,10
13.0075597763,80.2367477417,53229,53239,10
13.0073404312,80.2378463745,53239,53250,11
13.0071601868,80.238899231,53250,53260,10
13.0068998337,80.2401733398,53260,53340,80
13.0068998337,80.2401733398,53340,53351,11
13.0068702698,80.2403488159,53351,53361,10
13.0068397522,80.2406997681,53361,53371,10
13.006819725,80.2407226563,53371,53381,10
13.0067996979,80.2408828735,53381,53391,10
13.0067596436,80.241317749,53391,53401,10
13.0067396164,80.2420806885,53401,53411,10
13.0066995621,80.2428817749,53411,53421,10
13.0066795349,80.243637085,53421,53431,10
13.0067100525,80.2444000244,53431,53441,10
13.0067300797,80.2452163696,53441,53452,11
13.0067300797,80.2460479736,53452,53462,10
13.0067596436,80.2470169067,53462,53472,10
13.0067396164,80.2478866577,53472,53482,10
13.0067796707,80.2487411499,53482,53492,10
13.0068798065,80.2493591309,53492,53502,10
13.0068702698,80.2493972778,53502,53512,10
13.0068397522,80.2495193481,53512,53522,10
13.0068101883,80.2499771118,53522,53532,10
13.0068302155,80.2506408691,53532,53542,10
13.0068302155,80.2510223389,53542,53552,10
13.0067796707,80.2515182495,53552,53563,11
13.0066299438,80.2522964478,53563,53573,10
13.0065803528,80.253112793,53573,53583,10
13.0065603256,80.2539825439,53583,53593,10
13.0066099167,80.2546310425,53593,53603,10
13.0065898895,80.2548294067,53603,53613,10
13.0065402985,80.2548904419,53613,53623,10
13.0065498352,80.2552490234,53623,53633,10
13.0065498352,80.2559204102,53633,53643,10
13.0065498352,80.2566833496,53643,53653,10
13.006529808,80.2571792603,53653,53664,11
13.0062999725,80.2574615479,53664,53674,10
13.0058698654,80.2574615479,53674,53684,10
13.0055503845,80.2574462891,53684,53694,10
13.0050096512,80.2572631836,53694,53704,10
13.0043802261,80.2571334839,53704,53714,10
13.0037403107,80.2570037842,53714,53724,10
13.0033597946,80.2569274902,53724,53734,10
13.0032196045,80.2568969727,53734,53744,10
13.003080368,80.2568664551,53744,53754,10
13.0027999878,80.2568206787,53754,53765,11
13.0023603439,80.256729126,53765,53775,10
13.0016899109,80.2566223145,53775,53785,10
13.0009098053,80.2565231323,53785,53795,10
13.0003099442,80.256439209,53795,53805,10
13.0002403259,80.2562866211,53805,53815,10
12.9999799728,80.2562637329,53815,53825,10
12.9993400574,80.2561569214,53825,53835,10
12.998840332,80.256072998,53835,53845,10
12.9984998703,80.256072998,53845,53855,10
12.9979496002,80.2560577393,53855,53865,10
12.9974403381,80.2560195923,53865,53876,11
12.9968900681,80.2560119629,53876,53886,10
12.996720314,80.2562332153,53886,53896,10
12.996919632,80.2565383911,53896,53906,10
12.997209549,80.2568511963,53906,53916,10
12.9967002869,80.2575378418,53916,53944,28
12.9967002869,80.2575378418,53944,53952,8
12.996509552,80.2597808838,53952,53964,12
12.9964599609,80.2608413696,53964,53974,10
12.9963302612,80.2615203857,53974,53985,11
12.9962596893,80.2620010376,53985,53995,10
12.996219635,80.2623519897,53995,54005,10
12.9962301254,80.2623596191,54005,54015,10
12.9961500168,80.2626495361,54015,54025,10
12.9961099625,80.2631530762,54025,54035,10
12.996049881,80.2637481689,54035,54045,10
12.9959602356,80.2645874023,54045,54055,10
12.9959096909,80.2651977539,54055,54065,10
12.9959001541,80.2653503418,54065,54076,11
12.9958600998,80.2657318115,54076,54085,9
12.9957895279,80.2663497925,54085,54096,11
12.9957103729,80.2671585083,54096,54106,10
12.9957103729,80.2675628662,54106,54116,10
12.9959602356,80.2675704956,54116,54126,10
12.9960298538,80.2676010132,54126,54136,10
12.9963798523,80.2676620483,54136,54146,10
12.9968299866,80.2677230835,54146,54156,10
12.9974002838,80.2676010132,54156,54166,10
12.9981603622,80.2673492432,54166,54176,10
12.9989204407,80.2669906616,54176,54187,11
13.0001096725,80.2669067383,54187,54197,10
13.0013399124,80.2668533325,54197,54257,60
13.0013399124,80.2668533325,54257,54267,10
13.0001497269,80.2656936646,54267,54277,10
13.0003004074,80.265663147,54277,54479,202
13.0003595352,80.2660293579,54479,54813,334
13.0003595352,80.2660293579,54813,54823,10
13.0003004074,80.2665710449,54823,54843,20
13.0003004074,80.2665710449,54843,54853,10
13.0001497269,80.2667770386,54853,54863,10
12.9998598099,80.2669219971,54863,54873,10
12.9992599487,80.2671127319,54873,54883,10
12.9984903336,80.2673416138,54883,54893,10
12.9977197647,80.267578125,54893,54903,10
12.9968900681,80.267791748,54903,54914,11
12.9960803986,80.2677764893,54914,54924,10
12.9957504272,80.2677078247,54924,54934,10
12.9956703186,80.2676620483,54934,54944,10
12.9956798553,80.2674026489,54944,54964,20
12.9956798553,80.2674026489,54964,54974,10
12.9956703186,80.2670822144,54974,54984,10
12.9955997467,80.2667617798,54984,54994,10
12.9959001541,80.2656402588,54994,55004,10
12.9959402084,80.2648010254,55004,55015,11
12.9961204529,80.2641525269,55015,55025,10
12.9961595535,80.2633209229,55025,55035,10
12.9962301254,80.2622833252,55035,55055,20
12.9962301254,80.2622833252,55055,55065,10
12.9961204529,80.2623596191,55065,55075,10
12.9962100983,80.2619628906,55075,55085,10
12.996219635,80.261680603,55085,55095,10
12.9963998795,80.2609710693,55095,55105,10
12.9964599609,80.2602462769,55105,55115,10
12.996509552,80.2598419189,55115,55126,11
12.9965295792,80.2593765259,55126,55136,10
12.996509552,80.2590789795,55136,55146,10
12.9966802597,80.2586517334,55146,55156,10
12.996919632,80.2579803467,55156,55166,10
12.9970703125,80.2574081421,55166,55176,10
12.9969902039,80.2569198608,55176,55186,10
12.9970798492,80.2562637329,55186,55196,10
12.9968299866,80.2560806274,55196,55247,51
12.9968299866,80.2560806274,55247,55257,10
12.9968700409,80.2558364868,55257,55267,10
12.9971904755,80.2557678223,55267,55277,10
12.9977998734,80.2558364868,55277,55287,10
12.9986200333,80.2561416626,55287,55318,31
12.9986200333,80.2561416626,55318,55328,10
12.9993801117,80.2561035156,55328,55338,10
12.9998102188,80.2561798096,55338,55348,10
13.0001802444,80.2562637329,55348,55358,10
13.0003595352,80.2562789917,55358,55368,10
13.0005302429,80.2563095093,55368,55378,10
13.0008602142,80.2563934326,55378,55388,10
13.0008897781,80.2563934326,55388,55398,10
13.0010204315,80.2564163208,55398,55408,10
13.0012302399,80.2564697266,55408,55418,10
13.0015296936,80.2565078735,55418,55428,10
13.0020198822,80.2565917969,55428,55439,11
13.0027599335,80.2567214966,55439,55449,10
13.0034103394,80.2568283081,55449,55459,10
13.0041599274,80.256980896,55459,55469,10
13.00481987,80.2571334839,55469,55479,10
13.0055398941,80.257270813,55479,55489,10
13.0062599182,80.2574005127,55489,55509,20
13.0062599182,80.2574005127,55509,55519,10
13.0064601898,80.2573623657,55519,55529,10
13.006529808,80.2571716309,55529,55540,11
13.0065002441,80.2566070557,55540,55550,10
13.0065402985,80.2559204102,55550,55560,10
13.0065498352,80.2552566528,55560,55570,10
13.0065698624,80.2547302246,55570,55580,10
13.0065402985,80.2540893555,55580,55590,10
13.0065603256,80.2536010742,55590,55600,10
13.0065698624,80.2532730103,55600,55610,10
13.0065698624,80.2532577515,55610,55620,10
13.0065603256,80.2527389526,55620,55679,59
13.0065603256,80.2527389526,55679,55689,10
13.0065698624,80.2526397705,55689,55699,10
13.0066099167,80.2523269653,55699,55709,10
13.006770134,80.2515563965,55709,55719,10
13.0067796707,80.2508773804,55719,55729,10
13.0067796707,80.2502212524,55729,55750,21
13.0067796707,80.250038147,55750,55770,20
13.0067796707,80.250038147,55770,55780,10
13.0067501068,80.2499465942,55780,55790,10
13.0067501068,80.2496566772,55790,55800,10
13.0067901611,80.24949646,55800,55830,30
13.0067901611,80.24949646,55830,55840,10
13.0067796707,80.2493362427,55840,55850,10
13.0067396164,80.2489013672,55850,55861,11
13.0068101883,80.2478179932,55861,55901,40
13.0068101883,80.2478179932,55901,55911,10
13.0066204071,80.2474517822,55911,55931,20
13.0065498352,80.247718811,55931,56022,91
13.0065498352,80.247718811,56022,56032,10
13.0066003799,80.2449035645,56032,56042,10
13.0066003799,80.244682312,56042,56052,10
13.0066995621,80.2444992065,56052,56063,11
13.0067100525,80.2441711426,56063,56073,10
13.0067100525,80.2438430786,56073,56123,50
13.0067100525,80.2438430786,56123,56133,10
13.0068702698,80.2392578125,56133,56143,10
13.0071296692,80.2383499146,56143,56154,11
13.0070400238,80.2374725342,56154,56164,10
13.0068302155,80.2366027832,56164,56184,20
13.0068302155,80.2366027832,56184,56200,16
13.0074195862,80.2363891602,56200,56220,20
13.0073204041,80.2362594604,56220,56253,33
13.0073204041,80.2362594604,56253,56263,10
13.0085000992,80.2317504883,56263,56274,11
13.0086202621,80.2307128906,56274,56284,10
13.0088300705,80.2296600342,56284,56294,10
13.0089502335,80.2285919189,56294,56304,10
13.0091295242,80.2276077271,56304,56314,10
13.009759903,80.2266082764,56314,56324,10
13.0103302002,80.2257995605,56324,56334,10
13.0109500885,80.224822998,56334,56354,20
13.0109500885,80.224822998,56354,56364,10
13.011590004,80.2225570679,56364,56375,11
13.0122299194,80.2217788696,56375,56385,10
13.0123996735,80.221572876,56385,56395,10
13.0124998093,80.2217330933,56395,56405,10
13.0128498077,80.2221298218,56405,56415,10
13.0132703781,80.2225799561,56415,56425,10
13.0137395859,80.2231216431,56425,56435,10
13.0141897202,80.2235565186,56435,56445,10
13.0146503448,80.2240219116,56445,56455,10
13.0150499344,80.2245788574,56455,56465,10
13.0154399872,80.2249221802,56465,56476,11
13.0154399872,80.2248535156,56476,56486,10
13.01541996,80.2249526978,56486,56496,10
13.0155200958,80.2251205444,56496,56506,10
13.0155601501,80.2251815796,56506,56516,10
13.0173397064,80.2249069214,56516,56526,10
13.0181903839,80.224647522,56526,56536,10
13.0191202164,80.2243423462,56536,56546,10
13.0195798874,80.2243804932,56546,56556,10
13.0197000504,80.2243423462,56556,56566,10
13.0200099945,80.2245635986,56566,56577,11
13.0205602646,80.2249526978,56577,56587,10
13.0212001801,80.2252807617,56587,56627,40
13.0212001801,80.2252807617,56627,56637,10
13.0221796036,80.22631073,56637,56647,10
13.0226898193,80.2267608643,56647,56657,10
13.0232601166,80.2273330688,56657,56667,10
13.0238103867,80.2278823853,56667,56678,11
13.0242300034,80.2281723022,56678,56688,10
13.0242595673,80.2283096313,56688,56698,10
13.0244903564,80.2285766602,56698,56708,10
13.0248003006,80.2288970947,56708,56718,10
13.0251502991,80.2294387817,56718,56728,10
13.0255699158,80.2300491333,56728,56738,10
13.0259399414,80.2307815552,56738,56754,16
13.0262203217,80.231338501,56754,56766,12
13.026720047,80.2312011719,56766,56775,9
13.0273303986,80.2310409546,56775,56786,11
13.0280599594,80.2309188843,56786,56797,11
13.0284204483,80.2309265137,56797,56807,10
13.0284204483,80.2307510376,56807,56817,10
13.0289201736,80.2308120728,56817,56826,9
13.0291404724,80.2308120728,56826,56837,11
13.029540062,80.2308273315,56837,56887,50
13.029540062,80.2308273315,56887,56898,11
13.0296602249,80.230796814,56898,56908,10
13.0300998688,80.2307815552,56908,56918,10
13.0306596756,80.2307281494,56918,56928,10
13.0311803818,80.2306671143,56928,56938,10
13.0317401886,80.2306137085,56938,56948,10
13.0324897766,80.2305297852,56948,56958,10
13.0332803726,80.2304763794,56958,56968,10
13.0338001251,80.23046875,56968,56978,10
13.0342798233,80.2303771973,56978,57029,51
13.0342798233,80.2303771973,57029,57039,10
13.0344896317,80.2303466797,57039,57049,10
13.0346603394,80.2303466797,57049,57059,10
13.0349397659,80.23046875,57059,57069,10
13.0349302292,80.2309875488,57069,57079,10
13.0348300934,80.2316665649,57079,57089,10
13.034740448,80.2324523926,57089,57100,11
13.0346603394,80.2331466675,57100,57110,10
13.0346097946,80.2335281372,57110,57120,10
13.0345697403,80.2338485718,57120,57130,10
13.0344896317,80.2343826294,57130,57140,10
13.0344495773,80.2348632813,57140,57150,10
13.0344104767,80.2352600098,57150,57160,10
13.0343399048,80.2358627319,57160,57170,10
13.0342102051,80.2370223999,57170,57201,31
13.0342102051,80.2370223999,57201,57211,10
13.0341997147,80.237159729,57211,57221,10
13.034330368,80.237449646,57221,57231,10
13.0345497131,80.2377166748,57231,57241,10
13.0346498489,80.23777771,57241,57251,10
13.0348596573,80.2381515503,57251,57261,10
13.0350904465,80.2385787964,57261,57271,10
13.0352602005,80.2389068604,57271,57281,10
13.0354404449,80.2392425537,57281,57291,10
13.0356397629,80.2393417358,57291,57302,11
13.0359802246,80.2393875122,57302,57312,10
13.03647995,80.239440918,57312,57322,10
13.0370397568,80.2395095825,57322,57332,10
13.0376901627,80.2395935059,57332,57342,10
13.038359642,80.2396774292,57342,57352,10
13.0388002396,80.2397232056,57352,57362,10
13.0393295288,80.2398071289,57362,57372,10
13.0397396088,80.2398605347,57372,57382,10
13.0401000977,80.2398986816,57382,57453,71
13.0403699875,80.2400588989,57453,57473,20
13.0403699875,80.2400588989,57473,57483,10
13.0404396057,80.2402496338,57483,57493,10
13.0405597687,80.2405395508,57493,57503,10
13.0409498215,80.240562439,57503,57514,11
13.0410203934,80.240562439,57514,57524,10
13.0411396027,80.2405776978,57524,57534,10
13.0414896011,80.2406387329,57534,57544,10
13.0420598984,80.2407226563,57544,57554,10
13.042840004,80.2408599854,57554,57564,10
13.0434103012,80.2408905029,57564,57574,10
13.0435800552,80.2409591675,57574,57583,9
13.0439596176,80.2409820557,57583,57594,11
13.0443496704,80.2407531738,57594,57604,10
13.0446596146,80.2405319214,57604,57614,10
13.0452003479,80.2401580811,57614,57625,11
13.0456695557,80.2398071289,57625,57635,10
13.0461101532,80.2395477295,57635,57645,10
13.0461397171,80.2395401001,57645,57655,10
13.046210289,80.2395324707,57655,57665,10
13.0464696884,80.2395782471,57665,57675,10
13.0465297699,80.2395935059,57675,57685,10
13.0468997955,80.2396774292,57685,57695,10
13.0475502014,80.2398376465,57695,57705,10
13.0483703613,80.240020752,57705,57715,10
13.0490999222,80.2401580811,57715,57726,11
13.0493001938,80.2401885986,57726,57736,10
13.0495300293,80.2402267456,57736,57746,10
13.0498800278,80.2403182983,57746,57756,10
13.0503902435,80.240447998,57756,57766,10
13.0508899689,80.2405395508,57766,57776,10
13.0511598587,80.2405776978,57776,57786,10
13.0512599945,80.2406005859,57786,57796,10
13.0516195297,80.2407073975,57796,57806,10
13.052069664,80.2407913208,57806,57816,10
13.0522403717,80.2408294678,57816,57827,11
13.0523099899,80.240852356,57827,57837,10
13.0525398254,80.2410736084,57837,57847,10
13.0525798798,80.2412490845,57847,57857,10
13.0526103973,80.2414016724,57857,57867,10
13.0528202057,80.2417526245,57867,57877,10
13.0534000397,80.2419815063,57877,57887,10
13.0538902283,80.2421798706,57887,57897,10
13.0539102554,80.2421875,57897,57907,10
13.0539903641,80.2422409058,57907,57917,10
13.0543498993,80.2423171997,57917,57928,11
13.0550804138,80.2422637939,57928,57938,10
13.0559196472,80.2423095703,57938,57948,10
13.0564804077,80.2425537109,57948,57958,10
13.0565395355,80.2425689697,57958,57968,10
13.0567998886,80.2425994873,57968,57978,10
13.0571804047,80.2427825928,57978,57988,10
13.05768013,80.2427825928,57988,57998,10
13.0577898026,80.242767334,57998,58008,10
13.0580997467,80.24269104,58008,58018,10
13.0586795807,80.2425765991,58018,58028,10
13.0593299866,80.2425003052,58028,58039,11
13.0601396561,80.2427368164,58039,58048,9
13.060669899,80.2429122925,58048,58140,92
13.060669899,80.2429122925,58140,58150,10
13.0608797073,80.242980957,58150,58160,10
13.0610599518,80.2430419922,58160,58180,20
13.0610599518,80.2430419922,58180,58190,10
13.0613498688,80.2430877686,58190,58200,10
13.0617399216,80.2431411743,58200,58210,10
13.062040329,80.2432098389,58210,58220,10
13.0621700287,80.2432174683,58220,58230,10
13.0621995926,80.2432174683,58230,58241,11
13.0624399185,80.2432785034,58241,58251,10
13.0624504089,80.2432785034,58251,58261,10
13.0626897812,80.2433166504,58261,58271,10
13.0628995895,80.2433700562,58271,58281,10
13.0634202957,80.2434616089,58281,58291,10
13.0640096664,80.2434768677,58291,58300,9
13.0644702911,80.2434997559,58300,58311,11
13.0652399063,80.2435302734,58311,58321,10
13.0660200119,80.2434616089,58321,58331,10
13.0663499832,80.243347168,58331,58341,10
13.0667200089,80.2432022095,58341,58352,11
13.0672197342,80.242980957,58352,58362,10
13.0675096512,80.2428436279,58362,58372,10
13.0679998398,80.24269104,58372,58382,10
13.0683898926,80.2425765991,58382,58392,10
13.0689201355,80.2424087524,58392,58402,10
13.0695199966,80.2421798706,58402,58422,20
13.0695199966,80.2421798706,58422,58432,10
13.0699300766,80.2420501709,58432,58453,21
13.0699300766,80.2420501709,58453,58463,10
13.0701398849,80.2420120239,58463,58473,10
13.0701904297,80.2419967651,58473,58483,10
13.0704298019,80.2419433594,58483,58493,10
13.0708999634,80.2417984009,58493,58503,10
13.0715703964,80.2415390015,58503,58513,10
13.0722999573,80.2411193848,58513,58523,10
13.0730600357,80.2407836914,58523,58533,10
13.073800087,80.240562439,58533,58543,10
13.0746898651,80.2404785156,58543,58554,11
13.0757398605,80.2404632568,58554,58564,10
13.0766000748,80.2405319214,58564,58574,10
13.0771102905,80.2405014038,58574,58584,10
13.0770597458,80.2400665283,58584,58594,10
13.076880455,80.2394638062,58594,58604,10
13.0767002106,80.2387924194,58604,58614,10
13.0765800476,80.2383575439,58614,58624,10
13.0765104294,80.238067627,58624,58634,10
13.0764398575,80.2377700806,58634,58644,10
13.076379776,80.237487793,58644,58655,11
13.0763902664,80.237487793,58655,58665,10
13.0764102936,80.2374267578,58665,58675,10
13.0763597488,80.2370986938,58675,58685,10
13.0762500763,80.2365493774,58685,58695,10
13.0761604309,80.2358322144,58695,58705,10
13.0759897232,80.2350311279,58705,58715,10
13.0757904053,80.2341995239,58715,58735,20
13.0757904053,80.2341995239,58735,58745,10
13.0757703781,80.2341308594,58745,58756,11
13.075920105,80.2338485718,58756,58766,10
13.0763101578,80.2338027954,58766,58776,10
13.076669693,80.233757019,58776,58786,10
13.0767803192,80.2337417603,58786,58796,10
13.0770998001,80.2336730957,58796,58806,10
13.0777196884,80.233581543,58806,58816,10
13.078499794,80.2335205078,58816,58826,10
13.0792598724,80.2335205078,58826,58836,10
13.0798196793,80.2334899902,58836,58846,10
13.0802602768,80.2334899902,58846,58867,21
13.0802602768,80.2334899902,58867,58877,10
13.0804100037,80.2334976196,58877,58887,10
13.0806903839,80.2335205078,58887,58897,10
13.0812397003,80.2335205078,58897,58907,10
13.0818300247,80.2335281372,58907,58917,10
13.0818996429,80.2335205078,58917,58927,10
13.0819702148,80.2332763672,58927,58937,10
13.0820398331,80.2327804565,58937,58947,10
13.0822200775,80.2321395874,58947,58957,10
13.0824699402,80.2314376831,58957,58968,11
13.0825300217,80.2313079834,58968,58978,10
13.0826396942,80.2311019897,58978,58987,9
13.0827999115,80.2307434082,58987,58998,11
13.0831098557,80.2307434082,58998,59008,10
13.0831899643,80.2313308716,59008,59018,10
13.0832395554,80.2321014404,59018,59028,10
13.0833501816,80.2327804565,59028,59038,10
13.0834903717,80.2332305908,59038,59048,10
13.0835199356,80.2334136963,59048,59058,10
13.0835800171,80.233757019,59058,59069,11
13.0840597153,80.2339401245,59069,59089,20
13.0840597153,80.2339401245,59089,59099,10
13.0842399597,80.2340316772,59099,59109,10
13.0844898224,80.2340316772,59109,59119,10
13.0849199295,80.2340774536,59119,59129,10
13.0852804184,80.2338790894,59129,59139,10
13.0860700607,80.2344589233,59139,59149,10
13.0867204666,80.2345733643,59149,59159,10
13.0872802734,80.2346115112,59159,59170,11
13.0880899429,80.2344589233,59170,59180,10
13.0880298615,80.2336807251,59180,59190,10
13.0881204605,80.2328872681,59190,59200,10
13.0883398056,80.2319793701,59200,59210,10
13.0886096954,80.2311477661,59210,59220,10
13.0889101028,80.2306289673,59220,59230,10
13.0889396667,80.2304992676,59230,59240,10
13.08893013,80.2305221558,59240,59250,10
13.0889396667,80.2305221558,59250,59260,10
13.0891199112,80.2302322388,59260,59271,11
13.0893697739,80.229637146,59271,59281,10
13.0898399353,80.2290115356,59281,59291,10
13.0904502869,80.2283325195,59291,59301,10
13.0910196304,80.2277069092,59301,59311,10
13.0914001465,80.2272796631,59311,59321,10
13.0914096832,80.2272720337,59321,59331,10
13.091460228,80.2272186279,59331,59341,10
13.0916996002,80.2269821167,59341,59351,10
13.0921497345,80.2265167236,59351,59361,10
13.0926799774,80.2259902954,59361,59371,10
13.0931501389,80.2255020142,59371,59382,11
13.0932102203,80.225402832,59382,59392,10
13.0933904648,80.2252197266,59392,59402,10
13.0935602188,80.2250518799,59402,59412,10
13.0937900543,80.2248001099,59412,59422,10
13.09416008,80.224281311,59422,59432,10
13.0946998596,80.2235412598,59432,59442,10
13.0951700211,80.2226791382,59442,59452,10
13.0955295563,80.2217407227,59452,59462,10
13.0958404541,80.2209014893,59462,59472,10
13.0960302353,80.2202606201,59472,59483,11
13.0960798264,80.2201385498,59483,59493,10
13.0963201523,80.2194900513,59493,59513,20
13.0963201523,80.2194900513,59513,59523,10
13.0963897705,80.2192764282,59523,59533,10
13.0965595245,80.2188110352,59533,59543,10
13.0967597961,80.218170166,59543,59553,10
13.0970201492,80.2174301147,59553,59563,10
13.0973300934,80.216583252,59563,59573,10
13.0977096558,80.2156982422,59573,59584,11
13.0980701447,80.2148590088,59584,59594,10
13.0984697342,80.2139892578,59594,59674,80
13.0984697342,80.2139892578,59674,59685,11
13.0987901688,80.2140426636,59685,59695,10
13.0992803574,80.2142410278,59695,59705,10
13.0998401642,80.2143936157,59705,59715,10
13.1001596451,80.2144775391,59715,59735,20
13.1001596451,80.2144775391,59735,59745,10
13.1004400253,80.2146224976,59745,59786,41
13.1004400253,80.2146224976,59786,59796,10
13.1004800797,80.2146072388,59796,59806,10
13.1004400253,80.21459198,59806,59816,10
13.1005096436,80.2146377563,59816,59826,10
13.1006202698,80.21484375,59826,59836,10
13.1004104614,80.2152633667,59836,59846,10
13.1001501083,80.2158737183,59846,59856,10
13.1000204086,80.2161178589,59856,59866,10
13.0999002457,80.2159423828,59866,59876,10
13.1000204086,80.2156524658,59876,59886,10
13.1001701355,80.2152633667,59886,59897,11
13.1002197266,80.2148590088,59897,60078,181
13.1002502441,80.21459198,60078,60492,414
13.1002502441,80.21459198,60492,60502,10
13.1001901627,80.2147674561,60502,60937,435
13.1001901627,80.2147674561,60937,60947,10
13.1001796722,80.2145462036,60947,60957,10
13.1000003815,80.2144622803,60957,60967,10
13.0998601913,80.2144317627,60967,60977,10
13.0996799469,80.2143783569,60977,60987,10
13.0993499756,80.2142868042,60987,60997,10
13.0989303589,80.2141799927,60997,61007,10
13.0985803604,80.2140579224,61007,61017,10
13.0983295441,80.2144088745,61017,61027,10
13.0980596542,80.2150268555,61027,61038,11
13.0977096558,80.2158584595,61038,61048,10
13.0974597931,80.2164916992,61048,61058,10
13.0973997116,80.2167205811,61058,61068,10
13.0973796844,80.2168197632,61068,61078,10
13.0972003937,80.2172012329,61078,61088,10
13.0969600677,80.2178421021,61088,61098,10
13.0967302322,80.2185668945,61098,61108,10
13.0965795517,80.2191009521,61108,61118,10
13.0963401794,80.2197265625,61118,61128,10
13.096039772,80.2205505371,61128,61138,10
13.0957803726,80.2212371826,61138,61149,11
13.0956296921,80.2217483521,61149,61159,10
13.0953903198,80.2223968506,61159,61169,10
13.0950498581,80.2232131958,61169,61179,10
13.094499588,80.2240371704,61179,61189,10
13.0939598083,80.2247772217,61189,61199,10
13.0933599472,80.2254562378,61199,61209,10
13.0927095413,80.2261123657,61209,61219,10
13.0920801163,80.2267532349,61219,61229,10
13.0915203094,80.2273406982,61229,61239,10
13.0908603668,80.2277984619,61239,61250,11
13.0911102295,80.227722168,61250,61260,10
13.090959549,80.227897644,61260,61270,10
13.0906295776,80.2282562256,61270,61280,10
13.0901298523,80.2287979126,61280,61290,10
13.089630127,80.2293930054,61290,61300,10
13.089220047,80.2300872803,61300,61310,10
13.0891103745,80.2303237915,61310,61320,10
13.0890703201,80.2304000854,61320,61330,10
13.0890302658,80.2304763794,61330,61340,10
13.0889501572,80.230682373,61340,61351,11
13.0888395309,80.2309188843,61351,61361,10
13.0888299942,80.2309494019,61361,61371,10
13.0887002945,80.2312316895,61371,61381,10
13.0885601044,80.2315826416,61381,61391,10
13.0883798599,80.2321624756,61391,61401,10
13.0881700516,80.2330093384,61401,61411,10
13.0879802704,80.2339324951,61411,61421,10
13.0876197815,80.2345962524,61421,61431,10
13.0869598389,80.2345581055,61431,61441,10
13.0860099792,80.2343597412,61441,61502,61
13.0831899643,80.2338104248,61502,61593,91
13.079580307,80.2333602905,61593,61613,20
13.0794696808,80.2334899902,61613,61644,31
13.0794696808,80.2334899902,61644,61653,9
13.077170372,80.2336730957,61653,61664,11
13.0763998032,80.2338104248,61664,61674,10
13.0756502151,80.2340011597,61674,61684,10
13.0759897232,80.2345199585,61684,61693,9
13.0761003494,80.2350234985,61693,61704,11
13.076259613,80.2358474731,61704,61714,10
13.0763702393,80.2366333008,61714,61724,10
13.07654953,80.2372436523,61724,61734,10
13.0765199661,80.2372817993,61734,61744,10
13.076499939,80.2373428345,61744,61755,11
13.0763597488,80.2374191284,61755,61765,10
13.0764398575,80.2372894287,61765,61775,10
13.0766296387,80.2376174927,61775,61785,10
13.076669693,80.2379837036,61785,61795,10
13.0766601563,80.2378997803,61795,61805,10
13.0767002106,80.2381515503,61805,61815,10
13.0768098831,80.2386627197,61815,61825,10
13.07695961,80.2393188477,61825,61835,10
13.0771102905,80.2400817871,61835,61845,10
13.0772800446,80.2406005859,61845,61896,51
13.0772800446,80.2406005859,61896,61906,10
13.0773200989,80.2406311035,61906,61916,10
13.077340126,80.2409591675,61916,61926,10
13.0774097443,80.2412414551,61926,61936,10
13.0774803162,80.2416915894,61936,61946,10
13.0776395798,80.2423324585,61946,61956,10
13.0777902603,80.2431488037,61956,61967,11
13.077870369,80.243888855,61967,61977,10
13.0778598785,80.2445526123,61977,61987,10
13.0779399872,80.2453079224,61987,61997,10
13.0779895782,80.245880127,61997,62007,10
13.0780296326,80.2463531494,62007,62017,10
13.0781297684,80.2468566895,62017,62027,10
13.0782499313,80.2474365234,62027,62037,10
13.0784196854,80.2482376099,62037,62047,10
13.0786104202,80.2490615845,62047,62057,10
13.0787200928,80.2495803833,62057,62067,10
13.0787200928,80.2503814697,62067,62078,11
13.0785598755,80.2510681152,62078,62088,10
13.0786104202,80.251663208,62088,62098,10
13.0782604218,80.251739502,62098,62108,10
13.0777196884,80.2518386841,62108,62118,10
13.0769300461,80.2519683838,62118,62128,10
13.076210022,80.2521133423,62128,62138,10
13.0753898621,80.2521820068,62138,62148,10
13.0747299194,80.2522201538,62148,62158,10
13.0740699768,80.2522735596,62158,62168,10
13.0735397339,80.2524490356,62168,62179,11
13.0728502274,80.2523803711,62179,62189,10
13.0722303391,80.2521820068,62189,62199,10
13.0720596313,80.2514190674,62199,62209,10
13.0718898773,80.2507171631,62209,62219,10
13.0717601776,80.2502365112,62219,62229,10
13.0715799332,80.2495880127,62229,62239,10
13.0714101791,80.2486572266,62239,62249,10
13.071149826,80.2476882935,62249,62259,10
13.0707597733,80.2468566895,62259,62269,10
13.0703601837,80.2460403442,62269,62280,11
13.0699300766,80.2450790405,62280,62290,10
13.0696296692,80.2442626953,62290,62300,10
13.0694599152,80.2436599731,62300,62310,10
13.0693397522,80.2433624268,62310,62320,10
13.069319725,80.2434005737,62320,62330,10
13.069319725,80.2433929443,62330,62340,10
13.0692796707,80.2432022095,62340,62350,10
13.0692396164,80.243019104,62350,62360,10
13.0691604614,80.2425613403,62360,62370,10
13.0686903,80.2425003052,62370,62380,10
13.0681295395,80.2426834106,62380,62391,11
13.0674600601,80.2429122925,62391,62407,16
13.0665502548,80.2433624268,62407,62419,12
13.0662403107,80.2435684204,62419,62429,10
13.0661001205,80.2438964844,62429,62439,10
13.0661897659,80.2443771362,62439,62449,10
13.0662698746,80.244972229,62449,62459,10
13.0663299561,80.2453613281,62459,62469,10
13.0664100647,80.2457275391,62469,62479,10
13.0668201447,80.24609375,62479,62490,11
13.0674104691,80.2463226318,62490,62500,10
13.067899704,80.2465286255,62500,62530,30
13.067899704,80.2465286255,62530,62540,10
13.0679597855,80.2466964722,62540,62550,10
13.0679998398,80.2471694946,62550,62560,10
13.0679101944,80.247833252,62560,62570,10
13.0674200058,80.2479476929,62570,62580,10
13.0668001175,80.2478713989,62580,62591,11
13.0660800934,80.2478179932,62591,62601,10
13.065290451,80.2477493286,62601,62611,10
13.0643396378,80.2476577759,62611,62621,10
13.0634403229,80.2475967407,62621,62631,10
13.0628404617,80.2475509644,62631,62641,10
13.0621099472,80.2475585938,62641,62651,10
13.0616703033,80.2474212646,62651,62661,10
13.0614099503,80.2471389771,62661,62671,10
13.0614404678,80.2468032837,62671,62681,10
13.0616703033,80.2465667725,62681,62691,10
13.0618000031,80.2462081909,62691,62702,11
13.0619602203,80.2454910278,62702,62712,10
13.0624399185,80.2450027466,62712,62722,10
13.0630903244,80.2444000244,62722,62742,20
13.0630903244,80.2444000244,62742,62752,10
13.063170433,80.2442474365,62752,62762,10
13.0633201599,80.2438964844,62762,62772,10
13.0633401871,80.2435379028,62772,62782,10
13.06291008,80.2434387207,62782,62792,10
13.0624198914,80.2433166504,62792,62803,11
13.0617599487,80.2431793213,62803,62813,10
13.0613002777,80.2431030273,62813,62823,10
13.0609798431,80.243019104,62823,62833,10
13.0604000092,80.2428131104,62833,62843,10
13.0598297119,80.2425994873,62843,62853,10
13.0595397949,80.2425231934,62853,62863,10
13.0592803955,80.2424697876,62863,62873,10
13.0591402054,80.2425003052,62873,62883,10
13.0588598251,80.2425689697,62883,62893,10
13.0587997437,80.2425765991,62893,62904,11
13.0585403442,80.2426071167,62904,62914,10
13.0580797195,80.24269104,62914,62924,10
13.0574197769,80.2427825928,62924,62934,10
13.05671978,80.2426834106,62934,62944,10
13.0561800003,80.2424316406,62944,62954,10
13.0557804108,80.2422180176,62954,62964,10
13.055270195,80.2422332764,62964,62974,10
13.054889679,80.2423400879,62974,62984,10
13.0543203354,80.2423400879,62984,62994,10
13.0538797379,80.2422637939,62994,63004,10
13.0538597107,80.2422637939,63004,63016,12
13.053730011,80.2422637939,63016,63028,12
13.0530195236,80.241897583,63028,63088,60
13.0530195236,80.241897583,63088,63098,10
13.052740097,80.2418289185,63098,63108,10
13.0524101257,80.2415466309,63108,63119,11
13.0521001816,80.2410202026,63119,63129,10
13.0518903732,80.2407608032,63129,63139,10
13.051609993,80.2406768799,63139,63162,23
13.0509500504,80.2405090332,63162,63174,12
13.0505104065,80.2404327393,63174,63184,10
13.0499897003,80.2403182983,63184,63194,10
13.0495996475,80.240196228,63194,63204,10
13.0492897034,80.2401428223,63204,63215,11
13.048740387,80.2399978638,63215,63225,10
13.0479297638,80.2398986816,63225,63234,9
13.0473299026,80.2397689819,63234,63245,11
13.0465402603,80.2396316528,63245,63255,10
13.0462703705,80.2395782471,63255,63265,10
13.0462503433,80.2395706177,63265,63275,10
13.0462398529,80.2393493652,63275,63285,10
13.0463495255,80.2390594482,63285,63295,10
13.046500206,80.2385025024,63295,63305,10
13.0465898514,80.2378921509,63305,63315,10
13.0467195511,80.237159729,63315,63326,11
13.0468597412,80.2363586426,63326,63336,10
13.0469398499,80.236038208,63336,63346,10
13.0469999313,80.2358016968,63346,63356,10
13.0470104218,80.2355194092,63356,63366,10
13.0471000671,80.2350692749,63366,63376,10
13.0471897125,80.2343826294,63376,63386,10
13.0472202301,80.2335968018,63386,63406,20
13.0472202301,80.2335968018,63406,63416,10
13.0472698212,80.2334671021,63416,63427,11
13.0472898483,80.2331085205,63427,63437,10
13.0469999313,80.2329788208,63437,63447,10
13.0464296341,80.2328186035,63447,63457,10
13.0457000732,80.232673645,63457,63473,16
13.0452203751,80.2326431274,63473,63485,12
13.0450401306,80.2325897217,63485,63495,10
13.0445604324,80.2324829102,63495,63505,10
13.0438499451,80.2323608398,63505,63514,9
13.0432701111,80.2323074341,63514,63525,11
13.0425796509,80.2323226929,63525,63534,9
13.0420198441,80.2322998047,63534,63546,12
13.0411396027,80.2321090698,63546,63555,9
13.0403995514,80.2318191528,63555,63566,11
13.0393800735,80.2315292358,63566,63573,7
13.0388202667,80.2313766479,63573,63586,13
13.0374898911,80.2309799194,63586,63596,10
13.0368204117,80.230796814,63596,63606,10
13.0366296768,80.2305908203,63606,63616,10
13.0361003876,80.2304611206,63616,63626,10
13.0355300903,80.2303390503,63626,63667,41
13.0355300903,80.2303390503,63667,63677,10
13.0354003906,80.2303466797,63677,63687,10
13.0350399017,80.2302703857,63687,63697,10
13.0345401764,80.2303619385,63697,63707,10
13.0340795517,80.2304382324,63707,63717,10
13.0333900452,80.230506897,63717,63738,21
13.0333900452,80.230506897,63738,63748,10
13.0332298279,80.2305374146,63748,63758,10
13.0327396393,80.2305603027,63758,63768,10
13.0320396423,80.2306213379,63768,63778,10
13.0314302444,80.2306594849,63778,63788,10
13.0313596725,80.2306671143,63788,63798,10
13.0309896469,80.2306900024,63798,63808,10
13.0307197571,80.2306976318,63808,63818,10
13.0303201675,80.2307510376,63818,63828,10
13.029999733,80.230796814,63828,63839,11
13.0298995972,80.230796814,63839,63849,10
13.0297203064,80.2308273315,63849,63859,10
13.0294799805,80.2308273315,63859,63869,10
13.0290002823,80.2308425903,63869,63879,10
13.0283403397,80.2308731079,63879,63889,10
13.0277795792,80.23097229,63889,63899,10
13.0276699066,80.2312164307,63899,63909,10
13.0277004242,80.2316970825,63909,63919,10
13.0277795792,80.232208252,63919,63929,10
13.0278596878,80.2326278687,63929,63939,10
13.0276098251,80.2328796387,63939,63950,11
13.0267496109,80.2329864502,63950,64091,141
13.0267496109,80.2329864502,64091,64101,10
13.02643013,80.2330093384,64101,64111,10
13.0262498856,80.2326965332,64111,64121,10
13.0261802673,80.2323989868,64121,64131,10
13.0260896683,80.2320098877,64131,64141,10
13.0260000229,80.2316131592,64141,64152,11
13.0258302689,80.23097229,64152,64162,10
13.02546978,80.23021698,64162,64172,10
13.0249996185,80.2295379639,64172,64182,10
13.0246200562,80.2290420532,64182,64192,10
13.0240297318,80.2283401489,64192,64212,20
13.0240297318,80.2283401489,64212,64222,10
13.0239801407,80.2282409668,64222,64232,10
13.0238103867,80.2279968262,64232,64242,10
13.0236701965,80.2278594971,64242,64253,11
13.0233402252,80.2275466919,64253,64263,10
13.0229797363,80.227180481,64263,64273,10
13.0224399567,80.2266693115,64273,64283,10
13.0219697952,80.2262573242,64283,64293,10
13.0216398239,80.2260284424,64293,64303,10
13.0213098526,80.2257766724,64303,64313,10
13.0209798813,80.225479126,64313,64333,20
13.0209798813,80.225479126,64333,64343,10
13.020819664,80.2254180908,64343,64353,10
13.02064991,80.2253036499,64353,64364,11
13.0201196671,80.2249679565,64364,64374,10
13.0194101334,80.2245635986,64374,64384,10
13.0185098648,80.224609375,64384,64394,10
13.0176296234,80.2249908447,64394,64404,10
13.0168304443,80.2253417969,64404,64420,16
13.0163602829,80.2255401611,64420,64432,12
13.0160398483,80.2256469727,64432,64441,9
13.0160102844,80.2256469727,64441,64452,11
13.0156602859,80.2257537842,64452,64462,10
13.015130043,80.2259674072,64462,64473,11
13.0143003464,80.2263183594,64473,64493,20
13.0143003464,80.2263183594,64493,64503,10
13.0141601563,80.2263717651,64503,64513,10
13.0137300491,80.2265319824,64513,64523,10
13.0130996704,80.2267608643,64523,64533,10
13.0123901367,80.2270278931,64533,64543,10
13.0116100311,80.2273406982,64543,64553,10
13.0107698441,80.2276687622,64553,64564,11
13.009929657,80.2279968262,64564,64574,10
13.00922966,80.2284393311,64574,64584,10
13.0090503693,80.2292709351,64584,64594,10
13.0088796616,80.2301483154,64594,64604,10
13.0087203979,80.2309875488,64604,64614,10
13.0085601807,80.2318191528,64614,64624,10
13.0083703995,80.2327194214,64624,64634,10
13.0082798004,80.2334213257,64634,64644,10
13.0082798004,80.2334976196,64644,64654,10
13.0082302094,80.2336807251,64654,64664,10
13.0081100464,80.2340621948,64664,64675,11
13.0079402924,80.2350387573,64675,64695,20
13.0079402924,80.2350387573,64695,64705,10
13.0078697205,80.2353897095,64705,64715,10
13.0077400208,80.236000061,64715,64725,10
13.0075798035,80.2367782593,64725,64735,10
13.0074596405,80.2374420166,64735,64755,20
13.0074596405,80.2374420166,64755,64765,10
13.0074596405,80.2375030518,64765,64776,11
13.0074300766,80.2376174927,64776,64786,10
13.0073604584,80.237953186,64786,64796,10
13.0072603226,80.2385406494,64796,64806,10
13.0071001053,80.2393188477,64806,64816,10
13.0069799423,80.2400131226,64816,64887,71
13.0069799423,80.2400131226,64887,64897,10
13.0069599152,80.2400817871,64897,64907,10
13.0069704056,80.2404403687,64907,64917,10
13.0069599152,80.240737915,64917,64927,10
13.0069103241,80.2409133911,64927,64937,10
13.0068397522,80.2414093018,64937,64947,10
13.0067796707,80.2421112061,64947,64957,10
13.0067396164,80.2428512573,64957,64967,10
13.0067195892,80.2432022095,64967,65018,51
13.0067195892,80.2432022095,65018,65028,10
13.0066795349,80.2437896729,65028,65038,10
13.0066900253,80.2443771362,65038,65054,16
13.0067100525,80.2452011108,65054,65066,12
13.0067195892,80.2457809448,65066,65075,9
13.0067300797,80.2459869385,65075,65087,12
13.0067195892,80.2461090088,65087,65097,10
13.0067300797,80.2462615967,65097,65107,10
13.0067396164,80.246421814,65107,65137,30
13.0067396164,80.246421814,65137,65147,10
13.0067396164,80.2468490601,65147,65157,10
13.0067396164,80.2472763062,65157,65167,10
13.0067300797,80.2479705811,65167,65177,10
13.0067501068,80.2487564087,65177,65188,11
13.0068702698,80.2495269775,65188,65208,20
13.0068702698,80.2495269775,65208,65218,10
13.0068798065,80.2498321533,65218,65228,10
13.0068502426,80.2503890991,65228,65238,10
13.0068702698,80.2510223389,65238,65248,10
13.0068798065,80.2511291504,65248,65258,10
13.0068702698,80.2513275146,65258,65268,10
13.0067901611,80.2517700195,65268,65278,10
13.0066299438,80.2524032593,65278,65289,11
13.0066995621,80.252746582,65289,65299,10
13.0067195892,80.253112793,65299,65309,10
13.0066995621,80.2533569336,65309,65319,10
13.0066795349,80.2536087036,65319,65329,10
13.0066699982,80.2538986206,65329,65408,79
13.0066699982,80.2538986206,65408,65418,10
13.0066795349,80.2539978027,65418,65428,10
13.0066900253,80.2542037964,65428,65438,10
13.0066795349,80.2545318604,65438,65448,10
13.0066604614,80.2547988892,65448,65458,10
13.0066299438,80.2552185059,65458,65468,10
13.006649971,80.255897522,65468,65478,10
13.0066404343,80.2567062378,65478,65488,10
13.0066795349,80.2571105957,65488,65529,41
13.0066795349,80.2571105957,65529,65546,17
13.0067796707,80.2576599121,65546,65558,12
13.0071697235,80.258430481,65558,65568,10
13.0075502396,80.2588195801,65568,65578,10
13.0080604553,80.2590713501,65578,65588,10
13.0080900192,80.2591018677,65588,65598,10
13.0078401566,80.259262085,65598,65609,11
13.0074195862,80.2591781616,65609,65619,10
13.0073003769,80.2589035034,65619,65629,10
13.007229805,80.2587509155,65629,65639,10
13.0071201324,80.2585296631,65639,65649,10
13.0070695877,80.2584609985,65649,65659,10
13.0068397522,80.2581329346,65659,65668,9
13.0066404343,80.2577972412,65668,65679,11
13.0065202713,80.2575378418,65679,65689,10
13.0064496994,80.2572479248,65689,65698,9
13.0064296722,80.2567214966,65698,65710,12
13.0064601898,80.2559661865,65710,65720,10
13.006480217,80.2554168701,65720,65730,10
13.0064601898,80.2550964355,65730,65740,10
13.0064601898,80.2545700073,65740,65750,10
13.006480217,80.2540283203,65750,65760,10
13.006480217,80.2534637451,65760,65770,10
13.0065202713,80.25340271,65770,65780,10
13.0065002441,80.2531890869,65780,65790,10
13.0064897537,80.2529373169,65790,65800,10
13.0065002441,80.252243042,65800,65851,51
13.0065002441,80.252243042,65851,65861,10
13.0066099167,80.2520065308,65861,65871,10
13.0066404343,80.251411438,65871,65881,10
13.0067396164,80.2509002686,65881,65891,10
13.0066795349,80.2498779297,65891,65901,10
13.0066404343,80.2492828369,65901,66040,139
13.0066404343,80.2492828369,66040,66051,11
13.0066604614,80.2489013672,66051,66061,10
13.0066404343,80.2485580444,66061,66071,10
13.0066299438,80.2483978271,66071,66081,10
13.0066099167,80.2480926514,66081,66091,10
13.0066204071,80.2476425171,66091,66101,10
13.0065603256,80.2467727661,66101,66122,21
13.0065603256,80.2467727661,66122,66132,10
13.0066099167,80.2463912964,66132,66142,10
13.0066204071,80.2460479736,66142,66152,10
13.0066003799,80.2457122803,66152,66162,10
13.0066099167,80.2454833984,66162,66172,10
13.0066003799,80.2451171875,66172,66182,10
13.0065803528,80.2446517944,66182,66202,20
13.0065803528,80.2446517944,66202,66212,10
13.0066099167,80.2442703247,66212,66223,11
13.0066003799,80.2440032959,66223,66233,10
13.0065698624,80.2435913086,66233,66243,10
13.0065402985,80.2430801392,66243,66253,10
13.0065402985,80.2425613403,66253,66263,10
13.006529808,80.2417831421,66263,66273,10
13.0065498352,80.2411422729,66273,66324,51
13.0065498352,80.2411422729,66324,66334,10
13.0066204071,80.2408828735,66334,66344,10
13.0066404343,80.2406692505,66344,66354,10
13.0066795349,80.2404632568,66354,66364,10
13.0068302155,80.2400436401,66364,66374,10
13.0069999695,80.2393569946,66374,66384,10
13.0070695877,80.2386398315,66384,66394,10
13.0071296692,80.238243103,66394,66404,10
13.0072202682,80.23777771,66404,66414,10
13.0073404312,80.237121582,66414,66435,21
13.0073404312,80.237121582,66435,66445,10
13.0073795319,80.2368927002,66445,66485,40
13.0073795319,80.2368927002,66485,66495,10
13.007349968,80.2366027832,66495,66505,10
13.0074596405,80.2362670898,66505,66515,10
13.0075902939,80.2357635498,66515,66525,10
13.0077199936,80.2351226807,66525,66536,11
13.0081100464,80.2332992554,66536,66546,10
13.0081100464,80.2332992554,66546,66556,10
13.0082998276,80.2322769165,66556,66566,10
13.008480072,80.2312774658,66566,66576,10
13.0086402893,80.2302932739,66576,66586,10
13.0088396072,80.2292861938,66586,66596,10
13.009059906,80.2283477783,66596,66606,10
13.0093898773,80.2275085449,66606,66617,11
13.0098199844,80.2266235352,66617,66627,10
13.0101203918,80.2260513306,66627,66638,11
13.0105199814,80.2252120972,66638,66678,40
13.0105199814,80.2252120972,66678,66688,10
13.0106601715,80.2250595093,66688,66698,10
13.0107803345,80.2247314453,66698,66708,10
13.0109701157,80.2241363525,66708,66718,10
13.0112304688,80.2235870361,66718,66728,10
13.0114402771,80.22290802,66728,66739,11
13.0115995407,80.2220916748,66739,66749,10
13.0119600296,80.2214431763,66749,66759,10
13.0121803284,80.2214508057,66759,66769,10
13.0123996735,80.2217102051,66769,66779,10
13.0127296448,80.2221298218,66779,66789,10
13.0131702423,80.2225875854,66789,66799,10
13.0136699677,80.2231521606,66799,66809,10
13.0140199661,80.2234191895,66809,66819,10
13.0140895844,80.2234573364,66819,66829,10
13.0142803192,80.2236404419,66829,66839,10
13.0144996643,80.2238693237,66839,66850,11
13.0148296356,80.2242965698,66850,66866,16
13.0154304504,80.2248916626,66866,66878,12
13.0154399872,80.224899292,66878,66888,10
13.015540123,80.2249526978,66888,66898,10
13.0158004761,80.2252197266,66898,66908,10
13.0162801743,80.2253799438,66908,66918,10
13.0168895721,80.2252120972,66918,66928,10
13.017780304,80.2248535156,66928,66938,10
13.0185604095,80.2245407104,66938,66949,11
13.0189399719,80.2243804932,66949,66959,10
13.0190296173,80.2243499756,66959,66969,10
13.0191602707,80.224357605,66969,66979,10
13.019370079,80.2243881226,66979,66989,10
13.0195503235,80.2244796753,66989,66999,10
13.019780159,80.224609375,66999,67009,10
13.0200796127,80.2248306274,67009,67027,18
13.0207996368,80.2253417969,67027,67039,12
13.021320343,80.225730896,67039,67048,9
13.0217399597,80.226020813,67048,67060,12
13.0219202042,80.2261505127,67060,67070,10
13.0219297409,80.2261810303,67070,67080,10
13.0221996307,80.2264404297,67080,67089,9
13.0226297379,80.2268218994,67089,67100,11
13.0232601166,80.2273712158,67100,67110,10
13.0237598419,80.2278213501,67110,67120,10
13.0242300034,80.2283096313,67120,67140,20
13.0242300034,80.2283096313,67140,67151,11
13.0243301392,80.2284011841,67151,67161,10
13.0243701935,80.2284622192,67161,67170,9
13.0244998932,80.2286911011,67170,67181,11
13.0248298645,80.2291717529,67181,67191,10
13.0253200531,80.2297973633,67191,67200,9
13.0257196426,80.2304000854,67200,67211,11
13.0260000229,80.2311172485,67211,67241,30
13.0260000229,80.2311172485,67241,67251,10
13.0259895325,80.2312164307,67251,67262,11
13.0260896683,80.2314300537,67262,67272,10
13.0264101028,80.2313766479,67272,67282,10
13.0269498825,80.2312088013,67282,67292,10
13.0275497437,80.2310409546,67292,67302,10
13.0283298492,80.2309417725,67302,67322,20
13.0283298492,80.2309417725,67322,67332,10
13.0288801193,80.2308883667,67332,67352,20
13.0288801193,80.2308883667,67352,67363,11
13.0290899277,80.2307891846,67363,67373,10
13.0293197632,80.2307662964,67373,67383,10
13.0296201706,80.2307510376,67383,67393,10
13.0301399231,80.2307128906,67393,67403,10
13.0305204391,80.2306976318,67403,67413,10
13.0305299759,80.2306976318,67413,67423,10
13.0306797028,80.2306900024,67423,67433,10
13.0310201645,80.2306594849,67433,67443,10
13.0314798355,80.2306213379,67443,67453,10
13.0318603516,80.2305831909,67453,67464,11
13.032119751,80.2305603027,67464,67474,10
13.032699585,80.230506897,67474,67484,10
13.0333795547,80.2304611206,67484,67494,10
13.0339202881,80.2303695679,67494,67514,20
13.0339202881,80.2303695679,67514,67524,10
13.0340003967,80.2303619385,67524,67534,10
13.0342998505,80.2303085327,67534,67585,51
13.0342998505,80.2303085327,67585,67595,10
13.0348300934,80.2303466797,67595,67611,16
13.0349597931,80.2306289673,67611,67623,12
13.0349197388,80.2310562134,67623,67633,10
13.0348796844,80.2314376831,67633,67643,10
13.0347900391,80.2320632935,67643,67653,10
13.0347099304,80.2326889038,67653,67663,10
13.0346803665,80.2330322266,67663,67674,11
13.0346298218,80.2332611084,67674,67684,10
13.0346002579,80.2335510254,67684,67694,10
13.0345401764,80.2339096069,67694,67704,10
13.0344696045,80.2345199585,67704,67714,10
13.0343904495,80.2351303101,67714,67724,10
13.0342998505,80.2358779907,67724,67734,10
13.0341997147,80.2367782593,67734,67744,10
13.0341796875,80.2369766235,67744,67754,10
13.0341596603,80.2370223999,67754,67764,10
13.0342502594,80.237411499,67764,67775,11
13.0344495773,80.237701416,67775,67785,10
13.0345401764,80.2378387451,67785,67795,10
13.034740448,80.2381286621,67795,67805,10
13.0349798203,80.2384796143,67805,67815,10
13.0351800919,80.2388534546,67815,67825,10
13.0355100632,80.239402771,67825,67835,10
13.0359897614,80.2394485474,67835,67845,10
13.0363302231,80.2394790649,67845,67855,10
13.0367803574,80.2395401001,67855,67865,10
13.0374298096,80.2395935059,67865,67876,11
13.0381803513,80.2396774292,67876,67886,10
13.038769722,80.2397613525,67886,67896,10
13.0393295288,80.2398300171,67896,67906,10
13.0396995544,80.2398605347,67906,67946,40
13.0396995544,80.2398605347,67946,67956,10
13.0399198532,80.2398605347,67956,67966,10
13.0401601791,80.2399291992,67966,67987,21
13.0401601791,80.2399291992,67987,67997,10
13.0404100418,80.2400665283,67997,68007,10
13.0403995514,80.2402801514,68007,68017,10
13.0403795242,80.2403793335,68017,68027,10
13.0405797958,80.240562439,68027,68047,20
13.0405797958,80.240562439,68047,68057,10
13.0408096313,80.240562439,68057,68067,10
13.0408496857,80.240562439,68067,68077,10
13.0409698486,80.240562439,68077,68088,11
13.0413599014,80.2405776978,68088,68098,10
13.0419397354,80.2406768799,68098,68108,10
13.0423402786,80.2406768799,68108,68118,10
13.0427103043,80.2407684326,68118,68128,10
13.0431699753,80.2408599854,68128,68138,10
13.0434303284,80.2408905029,68138,68148,10
13.0438699722,80.2409362793,68148,68158,10
13.0440998077,80.2408981323,68158,68168,10
13.0445804596,80.2405166626,68168,68199,31
13.0445804596,80.2405166626,68199,68209,10
13.0444002151,80.2401275635,68209,68219,10
13.0443897247,80.2400970459,68219,68229,10
13.0440502167,80.2394638062,68229,68259,30
13.0440502167,80.2394638062,68259,68269,10
13.043970108,80.2392196655,68269,68279,10
13.0444602966,80.2393264771,68279,68290,11
13.0452203751,80.2393875122,68290,68300,10
13.0457601547,80.2392883301,68300,68310,10
13.045999527,80.2393035889,68310,68320,10
13.0461702347,80.239402771,68320,68330,10
13.0464601517,80.2394790649,68330,68340,10
13.0465803146,80.2395401001,68340,68350,10
13.0470199585,80.2396621704,68350,68360,10
13.0476999283,80.2398071289,68360,68370,10
13.0484600067,80.2399902344,68370,68380,10
13.049200058,80.2401428223,68380,68391,11
13.0494003296,80.2401809692,68391,68401,10
13.0497703552,80.240272522,68401,68421,20
13.0497703552,80.240272522,68421,68431,10
13.0498600006,80.2402801514,68431,68441,10
13.050239563,80.2403869629,68441,68451,10
13.0508403778,80.2405166626,68451,68461,10
13.0512104034,80.2406082153,68461,68471,10
13.0512895584,80.2406311035,68471,68481,10
13.051659584,80.2406997681,68481,68492,11
13.0521402359,80.2408218384,68492,68502,10
13.0522603989,80.2408599854,68502,68512,10
13.0523395538,80.2409133911,68512,68522,10
13.0524597168,80.2409973145,68522,68532,10
13.0525398254,80.2412567139,68532,68552,20
13.0525398254,80.2412567139,68552,68562,10
13.0525598526,80.2413406372,68562,68572,10
13.0525798798,80.2414169312,68572,68582,10
13.0527296066,80.2417221069,68582,68592,10
13.0532903671,80.2419967651,68592,68603,11
13.0539102554,80.2422866821,68603,68623,20
13.0539102554,80.2422866821,68623,68633,10
13.0540599823,80.2423629761,68633,68643,10
13.0544996262,80.2424087524,68643,68653,10
13.0549697876,80.2423706055,68653,68663,10
13.055560112,80.2422866821,68663,68673,10
13.0566196442,80.2426834106,68673,68722,49
13.0566196442,80.2426834106,68722,68732,10
13.05671978,80.2426528931,68732,68742,10
13.0570898056,80.2427902222,68742,68752,10
13.0577001572,80.2428207397,68752,68762,10
13.0581903458,80.2427368164,68762,68772,10
13.0586700439,80.2426376343,68772,68782,10
13.0590896606,80.2425613403,68782,68792,10
13.0591897964,80.2425613403,68792,68803,11
13.059419632,80.2425231934,68803,68813,10
13.0598897934,80.2426986694,68813,68823,10
13.0604200363,80.2429122925,68823,68833,10
13.0607995987,80.243019104,68833,68843,10
13.0611095428,80.2431411743,68843,68853,10
13.0614099503,80.2432098389,68853,68863,10
13.0616397858,80.2432632446,68863,68873,10
13.0619802475,80.2433013916,68873,68883,10
13.0623397827,80.2433700562,68883,68893,10
13.0624399185,80.2433929443,68893,68903,10
13.0625200272,80.2434234619,68903,68914,11
13.0629196167,80.2434997559,68914,68924,10
13.0635700226,80.243560791,68924,68934,10
13.0641202927,80.2435684204,68934,68944,10
13.0645399094,80.2435684204,68944,68953,9
13.0650396347,80.243560791,68953,68964,11
13.0658197403,80.2434997559,68964,68984,20
13.0658197403,80.2434997559,68984,68994,10
13.0660896301,80.2434997559,68994,69004,10
13.0662202835,80.2434463501,69004,69015,11
13.0664901733,80.243347168,69015,69025,10
13.0668296814,80.2432403564,69025,69035,10
13.06731987,80.243019104,69035,69045,10
13.0679397583,80.2427902222,69045,69055,10
13.0685901642,80.2425994873,69055,69065,10
13.0688800812,80.2425003052,69065,69095,30
13.0688800812,80.2425003052,69095,69105,10
13.0691900253,80.2424316406,69105,69116,11
13.0699396133,80.242149353,69116,69136,20
13.0699396133,80.242149353,69136,69146,10
13.0701799393,80.2420806885,69146,69156,10
13.0706501007,80.2419204712,69156,69166,10
13.071100235,80.2417602539,69166,69176,10
13.0714502335,80.2416229248,69176,69186,10
13.0715999603,80.2415618896,69186,69196,10
13.0717802048,80.2414703369,69196,69206,10
13.0719900131,80.2413330078,69206,69217,11
13.0722999573,80.2411422729,69217,69227,10
13.0724201202,80.2410583496,69227,69237,10
13.0726299286,80.2409362793,69237,69247,10
13.072930336,80.2408370972,69247,69257,10
13.073340416,80.2407226563,69257,69267,10
13.0738401413,80.2405776978,69267,69277,10
13.0744695663,80.2405166626,69277,69287,10
13.0753097534,80.2405014038,69287,69303,16
13.076259613,80.2405014038,69303,69315,12
13.0764904022,80.2405166626,69315,69326,11
13.0767498016,80.2405929565,69326,69336,10
13.0771102905,80.2405471802,69336,69346,10
13.077050209,80.2401428223,69346,69355,9
13.0768995285,80.2396011353,69355,69366,11
13.0767602921,80.2390594482,69366,69378,12
13.0766401291,80.2386169434,69378,69388,10
13.0765399933,80.2383117676,69388,69408,20
13.0765399933,80.2383117676,69408,69417,9
13.076499939,80.2381591797,69417,69429,12
13.0764198303,80.2378921509,69429,69439,10
13.0763397217,80.2375488281,69439,69449,10
13.0763301849,80.237487793,69449,69459,10
13.0762996674,80.2374572754,69459,69469,10
13.076259613,80.2371063232,69469,69479,10
13.0761699677,80.2365188599,69479,69489,10
13.0760803223,80.2357711792,69489,69499,10
13.0759401321,80.2350921631,69499,69509,10
13.0758495331,80.2345962524,69509,69530,21
13.0758495331,80.2345962524,69530,69540,10
13.0757904053,80.234413147,69540,69550,10
13.075750351,80.2342529297,69550,69560,10
13.075750351,80.2339096069,69560,69570,10
13.0760202408,80.2337875366,69570,69580,10
13.0761699677,80.2338027954,69580,69590,10
13.076379776,80.2337799072,69590,69600,10
13.0766401291,80.233757019,69600,69610,10
13.0771903992,80.2336883545,69610,69620,10
13.0776700974,80.2336196899,69620,69633,13
13.0781402588,80.2335891724,69633,69643,10
13.0785398483,80.233581543,69643,69653,10
13.0788803101,80.2335662842,69653,69663,10
13.0791501999,80.233581543,69663,69673,10
13.07929039,80.2336120605,69673,69683,10
13.0794200897,80.2335968018,69683,69693,10
13.0796699524,80.2335891724,69693,69703,10
13.0797100067,80.233581543,69703,69713,10
13.0800600052,80.233581543,69713,69723,10
13.0803003311,80.2335662842,69723,69734,11
13.0804395676,80.2335891724,69734,69744,10
13.0808401108,80.2335891724,69744,69754,10
13.0812797546,80.2336120605,69754,69794,40
13.0812797546,80.2336120605,69794,69804,10
13.0817499161,80.2336120605,69804,69814,10
13.0819301605,80.2333984375,69814,69824,10
13.0819597244,80.2329483032,69824,69835,11
13.0820503235,80.2325210571,69835,69845,10
13.0822095871,80.2319793701,69845,69861,16
13.0824403763,80.231338501,69861,69873,12
13.0825996399,80.231010437,69873,69883,10
13.0826797485,80.2308197021,69883,69893,10
13.0828304291,80.2306671143,69893,69903,10
13.0830802917,80.2308197021,69903,69913,10
13.0831203461,80.2312774658,69913,69923,10
13.0831699371,80.2319717407,69923,69933,10
13.0832595825,80.2326965332,69933,69944,11
13.0834197998,80.2332305908,69944,69954,10
13.0834798813,80.2336120605,69954,69964,10
13.0835199356,80.2338104248,69964,69985,21
13.0835199356,80.2338104248,69985,69995,10
13.0836696625,80.2339019775,69995,70005,10
13.0839700699,80.2339630127,70005,70015,10
13.0839796066,80.2339630127,70015,70025,10
13.0842199326,80.2340316772,70025,70035,10
13.0844497681,80.2341003418,70035,70046,11
13.0846500397,80.2341537476,70046,70056,10
13.0850095749,80.2342300415,70056,70066,10
13.0856103897,80.2343826294,70066,70076,10
13.0860996246,80.2344818115,70076,70086,10
13.0864601135,80.2345581055,70086,70096,10
13.0868797302,80.2345962524,70096,70106,10
13.0874795914,80.234588623,70106,70116,10
13.0878801346,80.234161377,70116,70126,10
13.08796978,80.2334594727,70126,70136,10
13.0883398056,80.2318115234,70136,70147,11
13.0883398056,80.2318115234,70147,70157,10
13.088470459,80.2313079834,70157,70167,10
13.0888004303,80.2305221558,70167,70187,20
13.0888004303,80.2305221558,70187,70197,10
13.0888900757,80.2303466797,70197,70207,10
13.0890703201,80.2300033569,70207,70218,11
13.0894098282,80.2294311523,70218,70228,10
13.0899000168,80.2288589478,70228,70238,10
13.0904598236,80.2282562256,70238,70248,10
13.0913200378,80.2273101807,70248,70268,20
13.0913200378,80.2273101807,70268,70279,11
13.0914802551,80.227180481,70279,70288,9
13.0917901993,80.2268371582,70288,70299,11
13.0923204422,80.2263031006,70299,70309,10
13.0929498672,80.225692749,70309,70319,10
13.0933799744,80.225189209,70319,70329,10
13.0935001373,80.2250671387,70329,70339,10
13.0937204361,80.2248077393,70339,70350,11
13.09416008,80.2242431641,70350,70360,10
13.0946998596,80.2235336304,70360,70370,10
13.0950403214,80.2228393555,70370,70380,10
13.0951795578,80.2224731445,70380,70390,10
13.0952301025,80.2223510742,70390,70400,10
13.0953798294,80.2219390869,70400,70410,10
13.0956201553,80.2212677002,70410,70420,10
13.0958099365,80.2207489014,70420,70430,10
13.0959501266,80.2203598022,70430,70440,10
13.096280098,80.2194366455,70440,70471,31
13.096280098,80.2194366455,70471,70481,10
13.0963096619,80.219367981,70481,70491,10
13.0964202881,80.2190475464,70491,70501,10
13.0964899063,80.2188110352,70501,70511,10
13.0966396332,80.2182922363,70511,70521,10
13.0968599319,80.2176589966,70521,70531,10
13.0971002579,80.2169799805,70531,70541,10
13.097530365,80.2158737183,70541,70562,21
13.097530365,80.2158737183,70562,70572,10
13.0976600647,80.2155609131,70572,70582,10
13.0978002548,80.2152023315,70582,70592,10
13.0979995728,80.2147598267,70592,70602,10
13.0981998444,80.214302063,70602,70612,10
13.0983896255,80.2139511108,70612,70622,10
13.0986995697,80.214012146,70622,70632,10
13.0988998413,80.2141113281,70632,70642,10
13.0992097855,80.2142181396,70642,70652,10
13.0996599197,80.2143325806,70652,70663,11
13.100060463,80.2144470215,70663,70743,80
13.100060463,80.2144470215,70743,70753,10
13.1004104614,80.2146224976,70753,70764,11
13.100569725,80.2147827148,70764,70774,10
13.1003799438,80.2151565552,70774,70784,10
13.1001596451,80.2156677246,70784,70794,10
13.1000204086,80.2160720825,70794,70804,10
13.0999803543,80.2161178589,70804,70814,10
13.0998802185,80.2158813477,70814,70824,10
13.0999698639,80.2156295776,70824,70834,10
13.1000995636,80.2152786255,70834,70844,10
13.1001901627,80.2150192261,70844,70854,10
13.1002397537,80.2148666382,70854,71198,344
13.1002397537,80.2148666382,71198,71208,10
13.1002397537,80.2147064209,71208,71238,30
13.1002397537,80.2147064209,71238,71248,10
13.1000795364,80.2145309448,71248,71258,10
13.0999097824,80.2144699097,71258,71268,10
13.099729538,80.2144393921,71268,71279,11
13.0997104645,80.2144317627,71279,71289,10
13.0993995667,80.2143707275,71289,71299,10
13.0989999771,80.2142410278,71299,71309,10
13.0986003876,80.2141036987,71309,71349,40
13.0986003876,80.2141036987,71349,71359,10
13.0984201431,80.2140884399,71359,71369,10
13.0983104706,80.2143478394,71369,71380,11
13.0980596542,80.2149200439,71380,71390,10
13.0978002548,80.2155532837,71390,71400,10
13.097530365,80.2162094116,71400,71410,10
13.0973501205,80.2166900635,71410,71420,10
13.0973300934,80.2167434692,71420,71430,10
13.0972204208,80.2170333862,71430,71440,10
13.097029686,80.2175598145,71440,71450,10
13.0967798233,80.2182922363,71450,71460,10
13.0965900421,80.2189331055,71460,71470,10
13.0965299606,80.2190704346,71470,71481,11
13.0963401794,80.219543457,71481,71491,10
13.0961198807,80.220161438,71491,71501,10
13.0959796906,80.2205886841,71501,71511,10
13.0958499908,80.2209396362,71511,71521,10
13.0956497192,80.2215270996,71521,71530,9
13.0954704285,80.2220916748,71530,71540,10
13.0953998566,80.2223129272,71540,71550,10
13.0953102112,80.2225265503,71550,71561,11
13.0951004028,80.2230606079,71561,71570,9
13.0947704315,80.2236404419,71570,71581,11
13.0942401886,80.224357605,71581,71592,11
13.0936403275,80.2250671387,71592,71602,10
13.0931396484,80.2256164551,71602,71612,10
13.0925197601,80.2262420654,71612,71622,10
13.0919704437,80.2267913818,71622,71632,10
13.0912103653,80.2276229858,71632,71652,20
13.0912103653,80.2276229858,71652,71662,10
13.0909795761,80.2278289795,71662,71672,10
13.0906200409,80.2282180786,71672,71682,10
13.0901002884,80.2287826538,71682,71693,11
13.0894899368,80.2294769287,71693,71703,10
13.0891504288,80.2301177979,71703,71713,10
13.0890398026,80.2303695679,71713,71729,16
13.0888004303,80.2309265137,71729,71741,12
13.088760376,80.2310180664,71741,71750,9
13.0886697769,80.2312316895,71750,71760,10
13.0885801315,80.2314300537,71760,71771,11
13.0884399414,80.2318725586,71771,71781,10
13.0882797241,80.232421875,71781,71792,11
13.0880403519,80.2335586548,71792,71802,10
13.0879402161,80.234336853,71802,71811,9
13.0875196457,80.2346115112,71811,71822,11
13.0869102478,80.2346115112,71822,71832,10
13.0866098404,80.234588623,71832,71842,10
13.0863103867,80.2345428467,71842,71852,10
13.0858402252,80.2344436646,71852,71862,10
13.0852603912,80.2342834473,71862,71872,10
13.0847702026,80.234161377,71872,71882,10
13.0843601227,80.2340621948,71882,71892,10
13.0841598511,80.2340164185,71892,71903,11
13.083990097,80.2339782715,71903,71912,9
13.0835800171,80.2339172363,71912,71933,21
13.0835800171,80.2339172363,71933,71943,10
13.083439827,80.2339019775,71943,71953,10
13.0829696655,80.2338409424,71953,71963,10
13.0824298859,80.2337036133,71963,71973,10
13.0824098587,80.2337036133,71973,71983,10
13.0821695328,80.2336502075,71983,71993,10
13.0819396973,80.2336273193,71993,72004,11
13.0818395615,80.2335968018,72004,72014,10
13.081489563,80.233581543,72014,72024,10
13.0809297562,80.2335662842,72024,72034,10
13.0804796219,80.2335586548,72034,72044,10
13.0799703598,80.233543396,72044,72053,9
13.0796098709,80.233543396,72053,72064,11
13.0795602798,80.2335510254,72064,72073,9
13.0793399811,80.2335586548,72073,72083,10
13.0788402557,80.233581543,72083,72094,11
13.0781097412,80.2335968018,72094,72105,11
13.0773696899,80.2336807251,72105,72115,10
13.0767002106,80.2338027954,72115,72125,10
13.0761404037,80.2339096069,72125,72135,10
13.0760402679,80.2339096069,72135,72145,10
13.0758304596,80.2340621948,72145,72155,10
13.0758800507,80.2343521118,72155,72165,10
13.0758895874,80.2344512939,72165,72175,10
13.0759801865,80.2348098755,72175,72185,10
13.0761299133,80.2354507446,72185,72196,11
13.0762796402,80.2361602783,72196,72207,11
13.0764799118,80.2371673584,72207,72227,20
13.0764799118,80.2371673584,72227,72237,10
13.0765199661,80.2373962402,72237,72247,10
13.0766496658,80.2379226685,72247,72267,20
13.0766496658,80.2379226685,72267,72277,10
13.0767002106,80.2380218506,72277,72287,10
13.0767803192,80.2384490967,72287,72297,10
13.0769395828,80.2391433716,72297,72308,11
13.0771503448,80.2400283813,72308,72318,10
13.0773696899,80.2409133911,72318,72328,10
13.0774202347,80.2412872314,72328,72338,10
13.0774803162,80.2416763306,72338,72348,10
13.0776195526,80.2423095703,72348,72358,10
13.077750206,80.2431335449,72358,72368,10
13.0778398514,80.2439193726,72368,72378,10
13.0778198242,80.2445907593,72378,72388,10
13.0779104233,80.2453536987,72388,72398,10
13.0779495239,80.246131897,72398,72408,10
13.0780200958,80.24659729,72408,72419,11
13.0781898499,80.2473526001,72419,72429,10
13.0783500671,80.2481765747,72429,72439,10
13.0785198212,80.2489395142,72439,72449,10
13.0786600113,80.2495727539,72449,72459,10
13.0787096024,80.2502288818,72459,72469,10
13.0784902573,80.2508087158,72469,72479,10
13.0785799026,80.2514801025,72479,72489,10
13.0784196854,80.251701355,72489,72499,10
13.0780296326,80.2517776489,72499,72509,10
13.0772600174,80.2519302368,72509,72520,11
13.0762300491,80.2520675659,72520,72530,10
13.0753898621,80.2521972656,72530,72540,10
13.0746603012,80.252281189,72540,72550,10
13.0740003586,80.2523193359,72550,72560,10
13.0734701157,80.2524795532,72560,72570,10
13.0727996826,80.2524337769,72570,72580,10
13.0722303391,80.2521896362,72580,72590,10
13.0720396042,80.2514877319,72590,72599,9
13.0719499588,80.2509307861,72599,72610,11
13.0717496872,80.2504196167,72610,72621,11
13.0715198517,80.2496109009,72621,72631,10
13.0713596344,80.2487106323,72631,72641,10
13.0711202621,80.2478408813,72641,72651,10
13.0707998276,80.2470703125,72651,72661,10
13.0704402924,80.2463684082,72661,72671,10
13.0700397491,80.2455215454,72671,72681,10
13.0696802139,80.2446517944,72681,72691,10
13.0694198608,80.243850708,72691,72701,10
13.069270134,80.2434234619,72701,72722,21
13.069270134,80.2434234619,72722,72732,10
13.0691900253,80.2431030273,72732,72742,10
13.0690498352,80.2426223755,72742,72752,10
13.0688199997,80.2425537109,72752,72762,10
13.0685796738,80.2425994873,72762,72772,10
13.0680904388,80.2427597046,72772,72782,10
13.067440033,80.2429733276,72782,72792,10
13.066860199,80.2432403564,72792,72802,10
13.0662603378,80.2435073853,72802,72812,10
13.0660800934,80.243927002,72812,72823,11
13.0661697388,80.2446212769,72823,72833,10
13.0663003922,80.2452774048,72833,72843,10
13.0665197372,80.2459182739,72843,72853,10
13.067150116,80.2462081909,72853,72863,10
13.067779541,80.2465209961,72863,72883,20
13.067779541,80.2465209961,72883,72893,10
13.0678901672,80.2468338013,72893,72903,10
13.0679397583,80.2474517822,72903,72913,10
13.06772995,80.2479629517,72913,72924,11
13.0672397614,80.2479400635,72924,72934,10
13.0666799545,80.2479324341,72934,72944,10
13.0661096573,80.2478866577,72944,72954,10
13.0652799606,80.2478408813,72954,72964,10
13.0643901825,80.247756958,72964,72974,10
13.0635204315,80.2477035522,72974,72984,10
13.0627202988,80.2476501465,72984,72994,10
13.0619401932,80.2476501465,72994,73004,10
13.0614595413,80.2472915649,73004,73014,10
13.0612697601,80.2471084595,73014,73024,10
13.0613498688,80.246887207,73024,73035,11
13.0614900589,80.2467727661,73035,73045,10
13.0616903305,80.2465362549,73045,73055,10
13.0618000031,80.2461700439,73055,73065,10
13.0619096756,80.2456893921,73065,73075,10
13.0621595383,80.2451629639,73075,73085,10
13.0626096725,80.2448806763,73085,73095,10
13.0629701614,80.2445373535,73095,73105,10
13.0630197525,80.244468689,73105,73115,10
13.063079834,80.244392395,73115,73125,10
13.0632696152,80.2440795898,73125,73136,11
13.0633802414,80.243560791,73136,73146,10
13.0630397797,80.2434768677,73146,73156,10
13.062789917,80.2434387207,73156,73166,10
13.0626296997,80.2434005737,73166,73176,10
13.0623197556,80.243347168,73176,73186,10
13.0617399216,80.2432174683,73186,73204,18
13.0610799789,80.2431030273,73204,73216,12
13.0605201721,80.2429199219,73216,73226,10
13.0600099564,80.2427368164,73226,73236,10
13.059510231,80.2425689697,73236,73247,11
13.0591402054,80.2425765991,73247,73257,10
13.0588703156,80.2425994873,73257,73267,10
13.0588197708,80.2425994873,73267,73277,10
13.0586996078,80.2426223755,73277,73287,10
13.058259964,80.2427062988,73287,73297,10
13.0577096939,80.2428207397,73297,73307,10
13.0569295883,80.2428207397,73307,73317,10
13.0562295914,80.2425765991,73317,73327,10
13.0556297302,80.2423400879,73327,73337,10
13.0549602509,80.2424087524,73337,73348,11
13.0543403625,80.2424163818,73348,73358,10
13.0538797379,80.2423629761,73358,73378,20
13.0538797379,80.2423629761,73378,73388,10
13.0537500381,80.2422866821,73388,73398,10
13.0535402298,80.2421722412,73398,73408,10
13.0535297394,80.2421569824,73408,73424,16
13.053440094,80.2421264648,73424,73436,12
13.0530500412,80.2419509888,73436,73447,11
13.0525503159,80.2417602539,73447,73457,10
13.0522003174,80.2413024902,73457,73467,10
13.0520801544,80.2410888672,73467,73477,10
13.0519304276,80.2408599854,73477,73487,10
13.0518102646,80.2407684326,73487,73497,10
13.0515403748,80.2407226563,73497,73507,10
13.0509595871,80.2406082153,73507,73527,20
13.0509595871,80.2406082153,73527,73537,10
13.0507097244,80.240562439,73537,73549,12
13.0500802994,80.2404174805,73549,73559,10
13.0494403839,80.2402572632,73559,73569,10
13.0488004684,80.2401275635,73569,73579,10
13.0483798981,80.2400588989,73579,73589,10
13.0477800369,80.2399368286,73589,73599,10
13.0470895767,80.2397918701,73599,73609,10
13.0466804504,80.2397232056,73609,73619,10
13.0463495255,80.2396469116,73619,73629,10
13.0462398529,80.2395095825,73629,73639,10
13.0462903976,80.2391586304,73639,73650,11
13.0463895798,80.238571167,73650,73660,10
13.0464801788,80.2381210327,73660,73670,10
13.0466003418,80.2375183105,73670,73679,9
13.0467300415,80.236831665,73679,73690,11
13.0468702316,80.2361984253,73690,73700,10
13.0469398499,80.2358016968,73700,73710,10
13.0469703674,80.2355575562,73710,73720,10
13.0470199585,80.2350997925,73720,73730,10
13.0471200943,80.2343826294,73730,73740,10
13.0471801758,80.2336120605,73740,73751,11
13.0471801758,80.2331390381,73751,73761,10
13.0468797684,80.233039856,73761,73770,9
13.0463199615,80.2329025269,73770,73781,11
13.0455904007,80.2327575684,73781,73791,10
13.0452003479,80.2326965332,73791,73801,10
13.0450601578,80.2326812744,73801,73811,10
13.0446596146,80.2325973511,73811,73821,10
13.0440597534,80.2324829102,73821,73831,10
13.0433998108,80.2323989868,73831,73841,10
13.042840004,80.2323913574,73841,73852,11
13.0422201157,80.2323913574,73852,73862,10
13.0415401459,80.2322769165,73862,73872,10
13.0406999588,80.2320404053,73872,73882,10
13.039850235,80.2317428589,73882,73892,10
13.0389995575,80.2315216064,73892,73902,10
13.0381002426,80.2312469482,73902,73912,10
13.0372695923,80.23097229,73912,73922,10
13.036860466,80.2308578491,73922,73932,10
13.0366001129,80.2307510376,73932,73942,10
13.0361003876,80.2305603027,73942,73952,10
13.0355596542,80.2304077148,73952,73963,11
13.0353403091,80.2303009033,73963,73989,26
13.0353403091,80.2303009033,73989,74001,12
13.0352802277,80.2303085327,74001,74009,8
13.0351400375,80.2302932739,74009,74019,10
13.0347204208,80.2303009033,74019,74030,11
13.0343198776,80.2304077148,74030,74041,11
13.034040451,80.23046875,74041,74052,11
13.033659935,80.2304611206,74052,74073,21
13.033659935,80.2304611206,74073,74083,10
13.0335597992,80.2304611206,74083,74093,10
13.033200264,80.2304916382,74093,74103,10
13.0327701569,80.2305297852,74103,74113,10
13.0323495865,80.2305831909,74113,74123,10
13.031829834,80.2306518555,74123,74133,10
13.0313301086,80.2306976318,74133,74143,10
13.0308799744,80.230758667,74143,74153,10
13.0306797028,80.230758667,74153,74164,11
13.0302801132,80.230796814,74164,74175,11
13.0299701691,80.2308425903,74175,74185,10
13.0298900604,80.2308578491,74185,74195,10
13.0297698975,80.2308731079,74195,74205,10
13.0295495987,80.2309036255,74205,74215,10
13.0291795731,80.2309265137,74215,74225,10
13.0285797119,80.2309799194,74225,74235,10
13.0279598236,80.2310409546,74235,74245,10
13.0276498795,80.2311325073,74245,74255,10
13.0276699066,80.2314834595,74255,74265,10
13.0276899338,80.2317810059,74265,74282,17
13.0277795792,80.2323913574,74282,74294,12
13.0278301239,80.2328414917,74294,74304,10
13.0274095535,80.2329101563,74304,74314,10
13.0270500183,80.232963562,74314,74324,10
13.0267000198,80.2330322266,74324,74386,62
13.0267000198,80.2330322266,74386,74397,11
13.0265398026,80.2330627441,74397,74407,10
13.0263004303,80.2327804565,74407,74417,10
13.0261096954,80.232208252,74417,74427,10
13.0260095596,80.2317962646,74427,74437,10
13.0260095596,80.2317886353,74437,74447,10
13.0259399414,80.2314682007,74447,74457,10
13.0257902145,80.2309265137,74457,74467,10
13.0254297256,80.2302093506,74467,74478,11
13.0247001648,80.2292175293,74478,74498,20
13.0247001648,80.2292175293,74498,74508,10
13.0245704651,80.2289886475,74508,74518,10
13.0242795944,80.2285995483,74518,74528,10
13.0240097046,80.2283630371,74528,74538,10
13.0240001678,80.2283630371,74538,74548,10
13.0238800049,80.2281799316,74548,74558,10
13.0235900879,80.2278594971,74558,74568,10
13.0232000351,80.2274627686,74568,74579,11
13.0226802826,80.2269973755,74579,74589,10
13.0222797394,80.2266235352,74589,74599,10
13.0218000412,80.2262115479,74599,74609,10
13.0212697983,80.2258071899,74609,74619,10
13.0207195282,80.2253799438,74619,74629,10
13.0203399658,80.2251281738,74629,74639,10
13.0198602676,80.2248077393,74639,74649,10
13.0191698074,80.2245101929,74649,74659,10
13.0183401108,80.2247009277,74659,74675,16
13.0170297623,80.2252426147,74675,74688,13
13.0166196823,80.2254180908,74688,74698,10
13.0165395737,80.2254562378,74698,74708,10
13.0162200928,80.2255783081,74708,74718,10
13.0157699585,80.2257232666,74718,74728,10
13.0152997971,80.2259216309,74728,74738,10
13.0145397186,80.2262268066,74738,74768,30
13.0145397186,80.2262268066,74768,74778,10
13.0142698288,80.2263183594,74778,74789,11
13.0136499405,80.2265625,74789,74799,10
13.0130796432,80.2267913818,74799,74809,10
13.0125598907,80.2269897461,74809,74819,10
13.0120096207,80.2272109985,74819,74829,10
13.0113296509,80.2275009155,74829,74839,10
13.0105199814,80.2277984619,74839,74849,10
13.0097103119,80.2281265259,74849,74859,10
13.0091695786,80.2286071777,74859,74869,10
13.0089902878,80.2294387817,74869,74879,10
13.0087900162,80.2304229736,74879,74890,11
13.0085802078,80.2315292358,74890,74900,10
13.0083999634,80.2325210571,74900,74910,10
13.0082998276,80.233291626,74910,74920,10
13.0082702637,80.233543396,74920,74930,10
13.0082302094,80.2336807251,74930,74940,10
13.0081396103,80.2340316772,74940,74950,10
13.0080404282,80.2345428467,74950,74960,10
13.0079402924,80.2350616455,74960,74970,10
13.007809639,80.2356796265,74970,74987,17
13.007519722,80.2371826172,74987,75000,13
13.0073003769,80.2383422852,75000,75010,10
13.0071697235,80.2389984131,75010,75020,10
13.0069599152,80.2401199341,75020,75070,50
13.0069599152,80.2401199341,75070,75080,10
13.0069599152,80.2404022217,75080,75090,10
13.006939888,80.2406921387,75090,75101,11
13.0069198608,80.2407302856,75101,75111,10
13.0068702698,80.2408676147,75111,75121,10
13.006819725,80.2412872314,75121,75131,10
13.006770134,80.2419967651,75131,75141,10
13.0067596436,80.2427825928,75141,75151,10
13.0067501068,80.2435531616,75151,75161,10
13.0067596436,80.2444076538,75161,75171,10
13.0067596436,80.2452774048,75171,75181,10
13.0067796707,80.2460632324,75181,75191,10
13.0068101883,80.2468338013,75191,75202,11
13.0067796707,80.2475128174,75202,75212,10
13.0067796707,80.2482528687,75212,75222,10
13.0068998337,80.2492599487,75222,75252,30
13.0068998337,80.2492599487,75252,75262,10
13.0068798065,80.2494812012,75262,75272,10
13.0068798065,80.2498703003,75272,75282,10
13.0068397522,80.2501525879,75282,75292,10
13.0068502426,80.250579834,75292,75303,11
13.0068502426,80.2514190674,75303,75333,30
13.0068502426,80.2514190674,75333,75343,10
13.0068502426,80.2516021729,75343,75353,10
13.0067501068,80.2519989014,75353,75363,10
13.0066204071,80.2526397705,75363,75373,10
13.0066099167,80.2533721924,75373,75383,10
13.0066003799,80.2541885376,75383,75393,10
13.006649971,80.2548599243,75393,75404,11
13.0066404343,80.2548828125,75404,75414,10
13.0065698624,80.2549819946,75414,75424,10
13.0065898895,80.2553787231,75424,75434,10
13.0066099167,80.2560424805,75434,75444,10
13.0066299438,80.2568130493,75444,75454,10
13.0066404343,80.257522583,75454,75464,10
13.0062599182,80.2575836182,75464,75474,10
13.0059700012,80.2574768066,75474,75484,10
13.0056600571,80.2574005127,75484,75494,10
13.0053596497,80.25730896,75494,75505,11
13.0048704147,80.2572097778,75505,75515,10
13.0042200089,80.2570571899,75515,75525,10
13.0035896301,80.256942749,75525,75534,9
13.0032196045,80.2568664551,75534,75545,11
13.0029802322,80.2568206787,75545,75555,10
13.0027103424,80.2567596436,75555,75585,30
13.0027103424,80.2567596436,75585,75595,10
13.0026102066,80.256729126,75595,75605,10
13.0023097992,80.2566833496,75605,75616,11
13.0018901825,80.2566070557,75616,75626,10
13.0013904572,80.2565383911,75626,75706,80
13.0013904572,80.2565383911,75706,75717,11
13.0010700226,80.2565612793,75717,75727,10
13.000670433,80.2565002441,75727,75737,10
13.0003004074,80.2564926147,75737,75757,20
13.0003004074,80.2564926147,75757,75767,10
12.9999599457,80.2563934326,75767,75777,10
12.9994297028,80.2562866211,75777,75787,10
12.9990901947,80.2562103271,75787,75797,10
12.99903965,80.256187439,75797,75807,10
12.9988098145,80.2561416626,75807,75818,11
12.9985399246,80.2561035156,75818,75828,10
12.9981498718,80.2560424805,75828,75838,10
12.9974498749,80.2559890747,75838,75888,50
12.9974498749,80.2559890747,75888,75898,10
12.997300148,80.2559814453,75898,75908,10
12.9970197678,80.2559890747,75908,75919,11
12.996919632,80.2562026978,75919,75929,10
12.9968595505,80.2568893433,75929,75969,40
12.9968595505,80.2568893433,75969,75979,10
12.9968900681,80.2571792603,75979,75989,10
12.9968395233,80.2575531006,75989,75999,10
12.9967699051,80.258102417,75999,76009,10
12.9967002869,80.2587585449,76009,76020,11
12.9966201782,80.2592391968,76020,76030,10
12.9965496063,80.2597198486,76030,76040,10
12.9965000153,80.2602081299,76040,76050,10
12.9964599609,80.2607269287,76050,76060,10
12.9963798523,80.2614364624,76060,76070,10
12.9963197708,80.262046814,76070,76080,10
12.9962701797,80.2624130249,76080,76090,10
12.9962596893,80.2624816895,76090,76100,10
12.9962396622,80.262550354,76100,76110,10
12.9961996078,80.262878418,76110,76121,11
12.9961500168,80.2634429932,76121,76131,10
12.9960803986,80.2640686035,76131,76141,10
12.9960002899,80.2648620605,76141,76151,10
12.9959001541,80.2657165527,76151,76161,10
12.9957895279,80.2666168213,76161,76170,9
12.9957103729,80.2673568726,76170,76181,11
12.9960403442,80.2677383423,76181,76211,30
12.9960403442,80.2677383423,76211,76221,10
12.9962797165,80.2677612305,76221,76232,11
12.9967403412,80.2677536011,76232,76242,10
12.9973802567,80.2676086426,76242,76252,10
12.9980602264,80.2674179077,76252,76262,10
12.9986696243,80.2672195435,76262,76272,10
12.9993801117,80.2670211792,76272,76282,10
12.9999704361,80.2667617798,76282,76322,40
12.9999704361,80.2667617798,76322,76333,11
13.0001296997,80.2664489746,76333,76343,10
13.000169754,80.2660217285,76343,76353,10
13.0002002716,80.2657470703,76353,76363,10
13.0003299713,80.2657775879,76363,76373,10
13.0003004074,80.2663497925,76373,76565,192
13.0003004074,80.2663497925,76565,76575,10
13.0003099442,80.2667770386,76575,76585,10
13.0001296997,80.2669906616,76585,76595,10
12.9996700287,80.2670822144,76595,76605,10
12.9989700317,80.2672805786,76605,76615,10
12.998339653,80.2674331665,76615,76625,10
12.9977903366,80.2675704956,76625,76636,11
12.9973897934,80.2676620483,76636,76646,10
12.9968004227,80.2678222656,76646,76656,10
12.9963903427,80.2677993774,76656,76666,10
12.9960803986,80.2677612305,76666,76676,10
12.9956598282,80.2674789429,76676,76696,20
12.9956598282,80.2674789429,76696,76706,10
12.9956598282,80.267250061,76706,76716,10
12.9957103729,80.2667770386,76716,76726,10
12.9958095551,80.2660598755,76726,76736,10
12.9959001541,80.2652130127,76736,76747,11
12.9960002899,80.264289856,76747,76757,10
12.9961004257,80.2633590698,76757,76767,10
12.9961395264,80.262840271,76767,76777,10
12.9961500168,80.2626037598,76777,76787,10
12.9961795807,80.2624130249,76787,76797,10
12.9961700439,80.2620391846,76797,76807,10
12.9962596893,80.2614517212,76807,76817,10
12.996339798,80.2607116699,76817,76827,10
12.9964199066,80.2601470947,76827,76837,10
12.9964199066,80.2598876953,76837,76848,11
12.9964399338,80.2594833374,76848,76858,10
12.9965600967,80.2587585449,76858,76868,10
12.9966497421,80.2581634521,76868,76878,10
12.9967098236,80.2574462891,76878,76888,10
12.9967803955,80.2568283081,76888,76898,10
12.9968299866,80.2563095093,76898,76928,30
12.9968299866,80.2563095093,76928,76938,10
12.9968099594,80.2561035156,76938,76949,11
12.9970302582,80.255859375,76949,76959,10
12.9975299835,80.2558898926,76959,76969,10
12.9981098175,80.2559280396,76969,76979,10
12.9987001419,80.2560119629,76979,77009,30
12.9987001419,80.2560119629,77009,77019,10
12.9990501404,80.2560806274,77019,77029,10
12.9996204376,80.2561798096,77029,77039,10
13.000289917,80.2563018799,77039,77050,11
13.0007896423,80.256401062,77050,77060,10
13.0012702942,80.2565002441,77060,77070,10
13.0017204285,80.2565994263,77070,77080,10
13.0021600723,80.2566680908,77080,77090,10
13.0027399063,80.2567672729,77090,77100,10
13.0033197403,80.2568817139,77100,77110,10
13.0038795471,80.256980896,77110,77120,10
13.0044002533,80.2570571899,77120,77130,10
13.0050096512,80.2572021484,77130,77140,10
13.0057497025,80.2573394775,77140,77150,10
13.0062999725,80.2574386597,77150,77161,11
13.006529808,80.2572021484,77161,77171,10
13.0064296722,80.2566223145,77171,77181,10
13.006480217,80.2558670044,77181,77191,10
13.0065002441,80.2552108765,77191,77201,10
13.0065002441,80.254447937,77201,77211,10
13.0064601898,80.2540817261,77211,77221,10
13.0064601898,80.2540435791,77221,77231,10
13.006480217,80.2537384033,77231,77241,10
13.0064897537,80.2533035278,77241,77251,10
13.0064897537,80.253288269,77251,77262,11
13.0064601898,80.2530670166,77262,77272,10
13.0064601898,80.2527008057,77272,77302,30
13.0064601898,80.2527008057,77302,77312,10
13.0065097809,80.2525405884,77312,77322,10
13.0065698624,80.2521820068,77322,77332,10
13.0066795349,80.2516403198,77332,77342,10
13.0067300797,80.2509765625,77342,77352,10
13.0067100525,80.2503128052,77352,77363,11
13.0067195892,80.2493896484,77363,77369,6
13.0066995621,80.2489624023,77369,77384,15
13.0066003799,80.2480392456,77384,77444,60
13.0066003799,80.2480392456,77444,77454,10
13.0066099167,80.2468795776,77454,77500,46
13.0066099167,80.2468795776,77500,77510,10
13.0065803528,80.2466430664,77510,77520,10
13.0066099167,80.2464523315,77520,77530,10
13.0066099167,80.2460784912,77530,77540,10
13.0065803528,80.2455978394,77540,77550,10
13.0065698624,80.2450408936,77550,77560,10
13.0065603256,80.2448272705,77560,77571,11
13.0065603256,80.2447128296,77571,77581,10
13.0065498352,80.2443618774,77581,77591,10
13.0065402985,80.2440719604,77591,77600,9
13.0065402985,80.243888855,77600,77611,11
13.0065202713,80.2437515259,77611,77621,10
13.0064897537,80.2433929443,77621,77631,10
13.0064897537,80.2428283691,77631,77641,10
13.0065002441,80.2421188354,77641,77651,10
13.0065202713,80.2414779663,77651,77661,10
13.0065202713,80.2414474487,77661,77672,11
13.0065402985,80.2411422729,77672,77682,10
13.0065097809,80.2406768799,77682,77692,10
13.0066003799,80.2401733398,77692,77702,10
13.0067100525,80.2395019531,77702,77712,10
13.0069198608,80.2387237549,77712,77722,10
13.007109642,80.237953186,77722,77732,10
13.0072603226,80.2373886108,77732,77742,10
13.0073204041,80.236907959,77742,77752,10
13.0073299408,80.2368774414,77752,77762,10
13.0074300766,80.2365493774,77762,77773,11
13.0075397491,80.2360076904,77773,77783,10
13.0076503754,80.2353668213,77783,77793,10
13.0078201294,80.234588623,77793,77803,10
13.0080299377,80.2336196899,77803,77813,10
13.0082502365,80.2325897217,77813,77823,10
13.0084400177,80.2315979004,77823,77833,10
13.0086202621,80.2306213379,77833,77843,10
13.0087795258,80.2298126221,77843,77853,10
13.0089998245,80.2287063599,77853,77863,10
13.00922966,80.2279510498,77863,77874,11
13.00963974,80.2270584106,77874,77884,10
13.0099697113,80.2263565063,77884,77894,10
13.0102596283,80.2257614136,77894,77904,10
13.0103998184,80.2255096436,77904,77914,10
13.0105104446,80.2252731323,77914,77924,10
13.0106601715,80.224937439,77924,77934,10
13.0107603073,80.2245330811,77934,77944,10
13.0111198425,80.223739624,77944,77964,20
13.0111198425,80.223739624,77964,77975,11
13.0111999512,80.2234420776,77975,77985,10
13.0114097595,80.2229385376,77985,77995,10
13.0116195679,80.2221984863,77995,78005,10
13.0118904114,80.2215194702,78005,78014,9
13.012169838,80.2214279175,78014,78025,11
13.0123901367,80.2216033936,78025,78035,10
13.0127296448,80.2220230103,78035,78045,10
13.0131797791,80.2225570679,78045,78055,10
13.0137996674,80.2231826782,78055,78065,10
13.0143003464,80.2237472534,78065,78075,10
13.0147600174,80.2243728638,78075,78086,11
13.0153398514,80.2248916626,78086,78106,20
13.0153398514,80.2248916626,78106,78116,10
13.0154800415,80.2250213623,78116,78126,10
13.0157203674,80.2252197266,78126,78136,10
13.0162801743,80.2253570557,78136,78146,10
13.0168895721,80.225189209,78146,78156,10
13.0176401138,80.2248764038,78156,78166,10
13.0184202194,80.2245483398,78166,78176,10
13.0191001892,80.2243423462,78176,78187,11
13.0198001862,80.2245407104,78187,78197,10
13.0203800201,80.2249679565,78197,78207,10
13.0208997726,80.2253570557,78207,78217,10
13.0213098526,80.225692749,78217,78227,10
13.0217199326,80.225982666,78227,78247,20
13.0217199326,80.225982666,78247,78257,10
13.0218200684,80.22605896,78257,78267,10
13.0221500397,80.226348877,78267,78277,10
13.0226097107,80.2267608643,78277,78288,11
13.0232000351,80.2273025513,78288,78298,10
13.0237102509,80.2277679443,78298,78308,10
13.0241203308,80.2282028198,78308,78318,10
13.0244903564,80.2286834717,78318,78327,9
13.0248498917,80.2291870117,78327,78339,12
13.0253295898,80.2298126221,78339,78349,10
13.0257396698,80.23046875,78349,78359,10
13.0259599686,80.2309570313,78359,78369,10
13.0260000229,80.2311172485,78369,78379,10
13.0260295868,80.2313232422,78379,78390,11
13.0260400772,80.2313766479,78390,78400,10
13.0262002945,80.2313995361,78400,78410,10
13.026599884,80.2312469482,78410,78420,10
13.0272102356,80.2311019897,78420,78430,10
13.0277996063,80.2309799194,78430,78440,10
13.0282201767,80.2309188843,78440,78450,10
13.0282897949,80.2309036255,78450,78460,10
13.0284004211,80.2308883667,78460,78470,10
13.0288095474,80.2308578491,78470,78480,10
13.0293598175,80.230796814,78480,78490,10
13.0296401978,80.2307662964,78490,78502,12
13.0303602219,80.23072052,78502,78512,10
13.0306596756,80.2306976318,78512,78522,10
13.0307798386,80.2306976318,78522,78532,10
13.0311899185,80.2306594849,78532,78542,10
13.0317001343,80.2306365967,78542,78552,10
13.0323896408,80.2305679321,78552,78562,10
13.0336799622,80.2304611206,78562,78582,20
13.0336799622,80.2304611206,78582,78593,11
13.033780098,80.2304534912,78593,78603,10
13.0340099335,80.2304229736,78603,78663,60
13.0343999863,80.2303466797,78663,78734,71
13.0343999863,80.2303466797,78734,78744,10
13.0349998474,80.2304992676,78744,78774,30
13.0349998474,80.2304992676,78774,78784,10
13.0349302292,80.2306900024,78784,78794,10
13.0348501205,80.2309417725,78794,78805,11
13.0347995758,80.2314987183,78805,78815,10
13.0347204208,80.2321166992,78815,78825,10
13.0346403122,80.2328567505,78825,78835,10
13.0345602036,80.2335586548,78835,78845,10
13.0344495773,80.2342605591,78845,78855,10
13.0343704224,80.2350006104,78855,78865,10
13.0342798233,80.2357177734,78865,78875,10
13.0341796875,80.2364501953,78875,78885,10
13.0341501236,80.2370986938,78885,78895,10
13.0342197418,80.2373275757,78895,78905,10
13.0343103409,80.2374801636,78905,78946,41
13.0343103409,80.2374801636,78946,78956,10
13.0344800949,80.2377166748,78956,78966,10
13.0347003937,80.2380828857,78966,78976,10
13.0349702835,80.2385025024,78976,78985,9
13.0352697372,80.2389984131,78985,78996,11
13.0355396271,80.2393417358,78996,79007,11
13.0360403061,80.2394180298,79007,79017,10
13.036649704,80.2394714355,79017,79027,10
13.037320137,80.2395401001,79027,79037,10
13.0379600525,80.2396087646,79037,79046,9
13.0385599136,80.2396697998,79046,79057,11
13.0391101837,80.2397384644,79057,79067,10
13.0395402908,80.2397994995,79067,79077,10
13.0401000977,80.2398910522,79077,79087,10
13.0403203964,80.2399368286,79087,79097,10
13.0403795242,80.2402191162,79097,79107,10
13.0404901505,80.2405014038,79107,79118,11
13.0408802032,80.2405395508,79118,79128,10
13.0409498215,80.2405471802,79128,79138,10
13.0412797928,80.2405776978,79138,79148,10
13.0418796539,80.2406692505,79148,79158,10
13.0426197052,80.2407608032,79158,79168,10
13.0434103012,80.2408599854,79168,79178,10
13.0440397263,80.2408676147,79178,79194,16
13.0446796417,80.2404098511,79194,79206,12
13.0452098846,80.2400817871,79206,79216,10
13.0455598831,80.2398605347,79216,79227,11
13.0460996628,80.2395172119,79227,79237,10
13.0464000702,80.2395401001,79237,79247,10
13.0464897156,80.2395782471,79247,79257,10
13.0466003418,80.2395935059,79257,79267,10
13.0468797684,80.2396621704,79267,79276,9
13.047369957,80.2397537231,79276,79286,10
13.0476799011,80.2398071289,79286,79297,11
13.0480003357,80.2398681641,79297,79307,10
13.0485401154,80.239982605,79307,79318,11
13.0492801666,80.2401275635,79318,79328,10
13.0500602722,80.2403030396,79328,79338,10
13.0508499146,80.2404708862,79338,79348,10
13.0512695313,80.2405471802,79348,79358,10
13.05189991,80.2406692505,79358,79368,10
13.0523195267,80.2407836914,79368,79378,10
13.0524597168,80.2409667969,79378,79388,10
13.0525598526,80.2414169312,79388,79398,10
13.0537996292,80.2421417236,79398,79427,29
13.0537996292,80.2421417236,79427,79437,10
13.0538396835,80.2421798706,79437,79447,10
13.0541095734,80.2422409058,79447,79457,10
13.0547199249,80.2422790527,79457,79467,10
13.0553503036,80.2421722412,79467,79477,10
13.0561199188,80.2423782349,79477,79487,10
13.0566902161,80.2425689697,79487,79496,9
13.057009697,80.2426605225,79496,79506,10
13.0575504303,80.2427520752,79506,79518,12
13.0577697754,80.2427368164,79518,79528,10
13.0581102371,80.2426986694,79528,79538,10
13.0586996078,80.2425613403,79538,79548,10
13.0591802597,80.2424468994,79548,79558,10
13.0595598221,80.2424697876,79558,79568,10
13.0601596832,80.2427062988,79568,79577,9
13.0607299805,80.2429122925,79577,79588,11
13.061249733,80.2430801392,79588,79598,10
13.0617399216,80.2431869507,79598,79608,10
13.0619497299,80.2432098389,79608,79618,10
13.0620698929,80.2432174683,79618,79629,11
13.0624303818,80.2432785034,79629,79649,20
13.0624303818,80.2432785034,79649,79659,10
13.0626602173,80.2433624268,79659,79669,10
13.0629396439,80.2434234619,79669,79679,10
13.0633201599,80.2434616089,79679,79689,10
13.0638904572,80.2434616089,79689,79699,10
13.0643901825,80.2434692383,79699,79709,10
13.0654001236,80.2434768677,79709,79740,31
13.0654001236,80.2434768677,79740,79750,10
13.065580368,80.243522644,79750,79760,10
13.0659704208,80.2434387207,79760,79776,16
13.0665998459,80.2432174683,79776,79788,12
13.0671796799,80.2429580688,79788,79798,10
13.0678195953,80.24269104,79798,79808,10
13.0686101913,80.2424697876,79808,79818,10
13.0692996979,80.2421798706,79818,79828,10
13.0698604584,80.2420425415,79828,79839,11
13.0699300766,80.2420425415,79839,79849,10
13.0700101852,80.2420730591,79849,79859,10
13.0703001022,80.2419891357,79859,79869,10
13.0707998276,80.2418136597,79869,79879,10
13.0714902878,80.2415771484,79879,79889,10
13.0722198486,80.2411270142,79889,79899,10
13.0729799271,80.2407608032,79899,79909,10
13.0737199783,80.2405395508,79909,79919,10
13.0745601654,80.2404403687,79919,79929,10
13.0754699707,80.2404174805,79929,79950,21
13.0770597458,80.2404632568,79950,79962,12
13.0769996643,80.2398910522,79962,79972,10
13.0768604279,80.2393569946,79972,79982,10
13.0766096115,80.2384414673,79982,79992,10
13.0763902664,80.2376480103,79992,80001,9
13.0763502121,80.237449646,80001,80012,11
13.0763196945,80.2373504639,80012,80022,10
13.0763101578,80.2370605469,80022,80032,10
13.076210022,80.2365188599,80032,80043,11
13.0761299133,80.2357330322,80043,80053,10
13.0759601593,80.234916687,80053,80063,10
13.075799942,80.2342834473,80063,80112,49
13.075799942,80.2342834473,80112,80123,11
13.0757598877,80.2338790894,80123,80133,10
13.0760602951,80.2337036133,80133,80144,11
13.0766201019,80.2336425781,80144,80154,10
13.0773601532,80.233543396,80154,80164,10
13.0782003403,80.2334823608,80164,80174,10
13.0790195465,80.2334594727,80174,80184,10
13.0802402496,80.2334213257,80184,80204,20
13.0802402496,80.2334213257,80204,80214,10
13.0805702209,80.2334213257,80214,80224,10
13.0811500549,80.2334365845,80224,80234,10
13.0817699432,80.2334594727,80234,80244,10
13.0819702148,80.2333602905,80244,80255,11
13.0819797516,80.2331008911,80255,80264,9
13.0820198059,80.2327728271,80264,80275,11
13.0821800232,80.2321777344,80275,80285,10
13.0824899673,80.2312698364,80285,80305,20
13.0824899673,80.2312698364,80305,80315,10
13.082570076,80.2311477661,80315,80325,10
13.08273983,80.2307434082,80325,80335,10
13.0830402374,80.2306365967,80335,80345,10
13.0831403732,80.2311401367,80345,80356,11
13.0831804276,80.2320022583,80356,80366,10
13.0833301544,80.2328796387,80366,80376,10
13.0834197998,80.2334365845,80376,80386,10
13.0834703445,80.2337188721,80386,80396,10
13.0837097168,80.2338180542,80396,80406,10
13.0840301514,80.2339019775,80406,80416,10
13.0840396881,80.2339096069,80416,80426,10
13.0842695236,80.2340011597,80426,80436,10
13.0847702026,80.2341079712,80436,80446,10
13.0854301453,80.2342376709,80446,80457,11
13.086139679,80.2344207764,80457,80467,10
13.0868797302,80.2345275879,80467,80477,10
13.0876598358,80.2344512939,80477,80487,10
13.0879096985,80.2339477539,80487,80497,10
13.0880002975,80.2332992554,80497,80507,10
13.0881595612,80.2325592041,80507,80517,10
13.0883598328,80.2317962646,80517,80527,10
13.0885601044,80.2311477661,80527,80537,10
13.0888004303,80.2306213379,80537,80547,10
13.0888595581,80.2304763794,80547,80558,11
13.0889701843,80.2302627563,80558,80568,10
13.0891895294,80.2298126221,80568,80578,10
13.0895900726,80.2292098999,80578,80588,10
13.0902004242,80.2285308838,80588,80598,10
13.0908403397,80.2278594971,80598,80608,10
13.0912904739,80.2273330688,80608,80618,10
13.0913600922,80.2272491455,80618,80628,10
13.0914201736,80.2272033691,80628,80638,10
13.0916900635,80.2269287109,80638,80648,10
13.0921401978,80.2264633179,80648,80659,11
13.0927801132,80.2258071899,80659,80669,10
13.093170166,80.2254180908,80669,80679,10
13.0932502747,80.2253417969,80679,80689,10
13.0934696198,80.2250823975,80689,80699,10
13.0938396454,80.2246780396,80699,80709,10
13.0942401886,80.2241210938,80709,80719,10
13.0947704315,80.2233810425,80719,80729,10
13.09512043,80.2226333618,80729,80739,10
13.095199585,80.2224502563,80739,80749,10
13.0953197479,80.2221908569,80749,80760,11
13.0955400467,80.2216186523,80760,80770,10
13.0958003998,80.2208786011,80770,80780,10
13.0961198807,80.2200012207,80780,80790,10
13.0963602066,80.2193374634,80790,80800,10
13.0963697433,80.2192993164,80800,80810,10
13.0964002609,80.2192001343,80810,80819,9
13.0965204239,80.2188415527,80819,80830,11
13.0967102051,80.2182388306,80830,80840,10
13.0970001221,80.2173995972,80840,80850,10
13.097120285,80.2170562744,80850,80860,10
13.0972204208,80.216796875,80860,80871,11
13.0974798203,80.2161712646,80871,80881,10
13.097820282,80.2153778076,80881,80891,10
13.0981798172,80.2145462036,80891,80901,10
13.0984897614,80.2139663696,80901,80911,10
13.0988502502,80.2140884399,80911,80921,10
13.0993299484,80.2142333984,80921,80931,10
13.0997896194,80.2143325806,80931,80941,10
13.1000900269,80.2144088745,80941,80971,30
13.1000900269,80.2144088745,80971,80982,11
13.100520134,80.2145309448,80982,81042,60
13.100520134,80.2145309448,81042,81052,10
13.1005496979,80.2145767212,81052,81062,10
13.1006002426,80.2147521973,81062,81073,11
13.1003704071,80.2152481079,81073,81083,10
13.100060463,80.2159805298,81083,81093,10
13.099729538,80.216758728,81093,81103,10
13.0995197296,80.2176132202,81103,81113,10
13.0993499756,80.2185592651,81113,81123,10
13.099240303,80.2192306519,81123,81133,10
13.0991802216,80.219543457,81133,81143,10
13.0990800858,80.2201004028,81143,81153,10
13.0989704132,80.2207336426,81153,81163,10
13.0988101959,80.2215423584,81163,81174,11
13.098739624,80.2225418091,81174,81184,10
13.09897995,80.2232666016,81184,81194,10
13.0994100571,80.2238006592,81194,81204,10
13.0996999741,80.2245330811,81204,81214,10
13.0998802185,80.2253265381,81214,81224,10
13.0999202728,80.2257232666,81224,81234,10
13.0999898911,80.2262496948,81234,81244,10
13.1000204086,80.2268600464,81244,81253,9
13.1000404358,80.2274398804,81253,81264,11
13.0999698639,80.2282791138,81264,81275,11
13.0998601913,80.2289810181,81275,81285,10
13.0997800827,80.2294235229,81285,81295,10
13.0996599197,80.2299804688,81295,81305,10
13.0994701385,80.2306594849,81305,81315,10
13.0992002487,80.231262207,81315,81325,10
13.0989103317,80.2319564819,81325,81335,10
13.0987100601,80.2327194214,81335,81345,10
13.0986099243,80.233291626,81345,81355,10
13.0985097885,80.2340698242,81355,81365,10
13.0984401703,80.2348403931,81365,81375,10
13.0983400345,80.2356033325,81375,81386,11
13.0982303619,80.2362976074,81386,81396,10
13.0981302261,80.2368774414,81396,81406,10
13.0980300903,80.2374725342,81406,81416,10
13.0978803635,80.2381668091,81416,81426,10
13.0977697372,80.238822937,81426,81436,10
13.0977296829,80.2394180298,81436,81446,10
13.0976800919,80.2401199341,81446,81456,10
13.0976200104,80.2407989502,81456,81466,10
13.0974702835,80.241897583,81466,81515,49
13.0974702835,80.241897583,81515,81525,10
13.0974798203,80.2420806885,81525,81535,10
13.0978097916,80.2422180176,81535,81545,10
13.0982503891,80.2423019409,81545,81555,10
13.0986299515,80.2422485352,81555,81565,10
13.0987300873,80.2419967651,81565,81575,10
13.0987596512,80.2417297363,81575,81586,11
13.0988302231,80.2415008545,81586,81596,10
13.0988397598,80.2411727905,81596,81636,40
13.0988397598,80.2411727905,81636,81646,10
13.0989198685,80.2408828735,81646,81656,10
13.098950386,80.2403106689,81656,81767,111
13.098950386,80.2403106689,81767,81777,10
13.09897995,80.240196228,81777,81787,10
13.0990495682,80.2405471802,81787,81798,11
13.0987701416,80.2407226563,81798,82464,666
13.0987701416,80.2407226563,82464,82474,10
13.0989398956,80.2407608032,82474,82484,10
13.0990200043,80.240852356,82484,82494,10
13.0992002487,80.2406768799,82494,82636,142
13.0992002487,80.2406768799,82636,82646,10
13.0992298126,80.2405319214,82646,82898,252
13.0992298126,80.2405319214,82898,82908,10
13.0992603302,80.2403564453,82908,82918,10
13.0989704132,80.2402114868,82918,82929,11
13.0988397598,80.2404937744,82929,82939,10
13.0988903046,80.2406082153,82939,82949,10
