12.9882097244,80.2238693237,43803,43965,162
12.9882097244,80.2238693237,43965,43975,10
12.9883403778,80.2237167358,43975,43984,9
12.9884901047,80.2233963013,43984,44003,19
12.989279747,80.2235565186,44003,44013,10
12.9894304276,80.2240829468,44013,44023,10
12.9895200729,80.2247619629,44023,44033,10
12.9898004532,80.2253036499,44033,44043,10
12.9900197983,80.226020813,44043,44053,10
12.9900197983,80.2265701294,44053,44063,10
12.9901399612,80.2273483276,44063,44073,10
12.9898996353,80.2277297974,44073,44109,36
12.9898996353,80.2277297974,44109,44119,10
12.9895401001,80.2279968262,44119,44129,10
12.9888801575,80.2284011841,44129,44139,10
12.9885702133,80.2292327881,44139,44149,10
12.9883403778,80.2297973633,44149,44159,10
12.9883098602,80.2298583984,44159,44169,10
12.9882202148,80.2300262451,44169,44180,11
12.9880599976,80.2303924561,44180,44190,10
12.9877700806,80.2311172485,44190,44200,10
12.9874601364,80.2317581177,44200,44210,10
12.9873800278,80.232749939,44210,44220,10
12.987279892,80.2332611084,44220,44230,10
12.9867801666,80.2332992554,44230,44240,10
12.9865398407,80.2332992554,44240,44250,10
12.9862604141,80.2333679199,44250,44260,10
12.9860897064,80.2338180542,44260,44271,11
12.9861497879,80.2344970703,44271,44281,10
12.9864902496,80.2351989746,44281,44301,20
12.9864902496,80.2351989746,44301,44311,10
12.9865703583,80.2353210449,44311,44321,10
12.9865999222,80.2358322144,44321,44331,10
12.9866304398,80.2366027832,44331,44341,10
12.9866199493,80.2372436523,44341,44351,10
12.9866399765,80.2378387451,44351,44362,11
12.9864997864,80.2385025024,44362,44382,20
12.9864997864,80.2385025024,44382,44392,10
12.9866104126,80.2381896973,44392,44952,560
12.9866104126,80.2381896973,44952,44962,10
12.9866104126,80.2377700806,44962,44973,11
12.9865102768,80.237121582,44973,44983,10
12.9864597321,80.2366790771,44983,44993,10
12.986410141,80.236000061,44993,45003,10
12.9863996506,80.2355194092,45003,45013,10
12.9862699509,80.2350616455,45013,45023,10
12.9861097336,80.2343673706,45023,45032,9
12.9860801697,80.2338485718,45032,45043,11
12.986240387,80.2333297729,45043,45053,10
12.986749649,80.2332992554,45053,45064,11
12.9873695374,80.2332229614,45064,45074,10
12.9873399734,80.232749939,45074,45084,10
12.9874000549,80.2320175171,45084,45094,10
12.987739563,80.231338501,45094,45104,10
12.9880504608,80.2305984497,45104,45114,10
12.9881801605,80.2301025391,45114,45124,10
12.9882698059,80.2298812866,45124,45134,10
12.9885101318,80.2293319702,45134,45143,9
12.9888000488,80.2286224365,45143,45154,11
12.9894599915,80.228012085,45154,45165,11
12.9898796082,80.2276992798,45165,45175,10
12.9899597168,80.2276306152,45175,45185,10
12.9901199341,80.2276306152,45185,45195,10
12.9903001785,80.2281265259,45195,45203,8
12.990530014,80.228729248,45203,45215,12
12.9907102585,80.2293701172,45215,45225,10
12.9908304214,80.2300567627,45225,45246,21
12.9908304214,80.2300567627,45246,45256,10
12.990819931,80.2302398682,45256,45264,8
12.9908304214,80.2306671143,45264,45276,12
12.9908599854,80.2312393188,45276,45286,10
12.9909200668,80.2319412231,45286,45296,10
12.990940094,80.2320632935,45296,45306,10
12.991060257,80.2325592041,45306,45316,10
12.9912796021,80.2331695557,45316,45326,10
12.9917001724,80.2336196899,45326,45337,11
12.9919700623,80.2336730957,45337,45347,10
12.9922103882,80.2337036133,45347,45357,10
12.9929304123,80.2338409424,45357,45367,10
12.9934997559,80.2341384888,45367,45377,10
12.994020462,80.2344970703,45377,45387,10
12.994720459,80.2348632813,45387,45397,10
12.995349884,80.2352523804,45397,45407,10
12.9958696365,80.2357177734,45407,45418,11
12.9964199066,80.236618042,45418,45428,10
12.9968900681,80.2374572754,45428,45438,10
12.9971599579,80.2378997803,45438,45448,10
12.9973602295,80.2378082275,45448,45458,10
12.9975700378,80.2376022339,45458,45468,10
12.9982204437,80.2380523682,45468,46307,839
12.9982204437,80.2380523682,46307,46318,11
12.9980297089,80.2378921509,46318,46328,10
12.997710228,80.2376403809,46328,46338,10
12.997469902,80.2378768921,46338,46348,10
12.9973096848,80.2379837036,46348,46358,10
12.997010231,80.2376174927,46358,46368,10
12.9967002869,80.2371368408,46368,46378,10
12.9963302612,80.2364120483,46378,46388,10
12.9957199097,80.2356796265,46388,46398,10
12.9951601028,80.2352828979,46398,46409,11
12.9943704605,80.2348175049,46409,46419,10
12.9937200546,80.2343521118,46419,46429,10
12.9932003021,80.2340621948,46429,46439,10
12.9925899506,80.2338409424,46439,46449,10
12.9920101166,80.233757019,46449,46459,10
12.9914598465,80.2337799072,46459,46469,10
12.990940094,80.233581543,46469,46479,10
12.9903202057,80.2333908081,46479,46489,10
12.989859581,80.2331771851,46489,46500,11
12.9892702103,80.233001709,46500,46510,10
12.9885101318,80.2329406738,46510,46520,10
12.9878997803,80.2330627441,46520,46530,10
12.9875202179,80.2331924438,46530,46540,10
12.9874401093,80.2330932617,46540,46550,10
12.9874696732,80.2325820923,46550,46560,10
12.9875802994,80.231842041,46560,46570,10
12.987859726,80.2312927246,46570,46580,10
12.9880599976,80.23072052,46580,46591,11
12.9882802963,80.2301864624,46591,46601,10
12.9883203506,80.2301025391,46601,46611,10
12.9884300232,80.2297134399,46611,46621,10
12.9886398315,80.2290725708,46621,46631,10
12.9889097214,80.2284317017,46631,46641,10
12.9895601273,80.2279663086,46641,46651,10
12.9900598526,80.2276229858,46651,46682,31
12.9900598526,80.2276229858,46682,46692,10
12.9902000427,80.2277832031,46692,46702,10
12.99036026,80.2285003662,46702,46712,10
12.9905796051,80.229133606,46712,46722,10
12.9907398224,80.2297897339,46722,46732,10
12.9907903671,80.2301101685,46732,46742,10
12.990819931,80.2303390503,46742,46752,10
12.9908504486,80.2305221558,46752,46762,10
12.990819931,80.2309799194,46762,46773,11
12.9908895493,80.2315979004,46773,46783,10
12.991060257,80.2324371338,46783,46793,10
12.9912700653,80.2330780029,46793,46803,10
12.9916696548,80.2335891724,46803,46813,10
12.9920701981,80.2336730957,46813,46823,10
12.9921703339,80.2336883545,46823,46833,10
12.9927597046,80.2337799072,46833,46843,10
12.9932804108,80.2339782715,46843,46853,10
12.9937496185,80.2343521118,46853,46864,11
12.9944801331,80.2347717285,46864,46874,10
12.9952898026,80.2352523804,46874,46884,10
12.9959201813,80.2357788086,46884,46894,10
12.9964504242,80.236618042,46894,46904,10
12.9968900681,80.2374725342,46904,46914,10
12.9972000122,80.2379608154,46914,46924,10
12.9974803925,80.237739563,46924,46934,10
12.9977998734,80.2377166748,46934,46944,10
12.9982099533,80.23802948,46944,46955,11
12.9982795715,80.2381362915,46955,47248,293
12.9982795715,80.2381362915,47248,47258,10
12.9980802536,80.2378387451,47258,47379,121
12.9980802536,80.2378387451,47379,47389,10
12.9978199005,80.2376785278,47389,47400,11
12.9975404739,80.23777771,47400,47410,10
12.9973297119,80.237991333,47410,47420,10
12.9969997406,80.2376327515,47420,47430,10
12.9966697693,80.2371063232,47430,47440,10
12.9962596893,80.2363433838,47440,47450,10
12.995759964,80.2356796265,47450,47460,10
12.9952201843,80.2353363037,47460,47470,10
12.9947395325,80.2350387573,47470,47480,10
12.9941596985,80.234703064,47480,47491,11
12.9936199188,80.2342910767,47491,47501,10
12.9931402206,80.2340164185,47501,47511,10
12.9923696518,80.2338104248,47511,47521,10
12.9918603897,80.233757019,47521,47531,10
12.9914398193,80.2337799072,47531,47541,10
12.9909601212,80.233581543,47541,47551,10
12.9903697968,80.2333984375,47551,47561,10
12.9898700714,80.2332229614,47561,47571,10
12.9894104004,80.2330780029,47571,47582,11
12.9892196655,80.2330093384,47582,47592,10
12.9886703491,80.2329330444,47592,47602,10
12.9880399704,80.233039856,47602,47612,10
12.9875802994,80.2332611084,47612,47622,10
12.9874296188,80.2329788208,47622,47632,10
12.9874696732,80.2323074341,47632,47642,10
12.9877004623,80.2315597534,47642,47652,10
12.9879102707,80.2309112549,47652,47662,10
12.9881601334,80.2304000854,47662,47673,11
12.9883298874,80.2301635742,47673,47683,10
12.9884004593,80.2298736572,47683,47693,10
12.9885501862,80.229347229,47693,47703,10
12.9888601303,80.2285385132,47703,47713,10
12.9895000458,80.2279968262,47713,47723,10
12.9901304245,80.2276306152,47723,47743,20
12.9901304245,80.2276306152,47743,47753,10
12.9902000427,80.2277374268,47753,47764,11
12.9903202057,80.2282867432,47764,47774,10
12.9905500412,80.2289733887,47774,47784,10
12.9907398224,80.2295837402,47784,47794,10
12.99077034,80.2297592163,47794,47804,10
12.9908304214,80.2300796509,47804,47814,10
12.9908504486,80.2303390503,47814,47824,10
12.9908704758,80.2309417725,47824,47834,10
12.9909296036,80.2314834595,47834,47844,10
12.9909601212,80.2319335938,47844,47855,11
12.9909601212,80.2320404053,47855,47865,10
12.9910697937,80.2325210571,47865,47875,10
12.9912796021,80.2330703735,47875,47885,10
12.9916496277,80.233581543,47885,47905,20
12.9916496277,80.233581543,47905,47915,10
12.9919395447,80.2337036133,47915,47925,10
12.9925203323,80.2337417603,47925,47935,10
12.9931697845,80.2339401245,47935,47946,11
12.9936800003,80.2342376709,47946,47956,10
12.9942502975,80.2345809937,47956,47966,10
12.9949598312,80.2350234985,47966,47976,10
12.9955196381,80.2354278564,47976,47986,10
12.9961204529,80.2360610962,47986,47996,10
12.9965600967,80.2368469238,47996,48006,10
12.9969501495,80.2375335693,48006,48016,10
12.9972295761,80.2379608154,48016,48026,10
12.9974803925,80.2377471924,48026,48037,11
12.9977798462,80.237663269,48037,48047,10
12.9982595444,80.2380371094,48047,48239,192
12.9980602264,80.2379608154,48239,48542,303
12.9980602264,80.2379608154,48542,48552,10
12.9977903366,80.237701416,48552,48562,10
12.9975204468,80.2377166748,48562,48572,10
12.997300148,80.2379837036,48572,48582,10
12.9971599579,80.2378768921,48582,48593,11
12.9967498779,80.2372817993,48593,48603,10
12.9963302612,80.2364883423,48603,48613,10
12.9958600998,80.235786438,48613,48623,10
12.9952402115,80.2353210449,48623,48633,10
12.9947395325,80.2350234985,48633,48643,10
12.9941196442,80.2346572876,48643,48653,10
12.9936199188,80.2342529297,48653,48663,10
12.9931402206,80.2339935303,48663,48674,11
12.9923400879,80.2337722778,48674,48684,10
12.991809845,80.2337493896,48684,48694,10
12.9911899567,80.2336425781,48694,48704,10
12.990650177,80.2334899902,48704,48714,10
12.9903297424,80.2333679199,48714,48724,10
12.9899301529,80.2332000732,48724,48734,10
12.9894199371,80.233039856,48734,48744,10
12.9886798859,80.2329177856,48744,48754,10
12.9879102707,80.2330780029,48754,48765,11
12.9874401093,80.2331771851,48765,48775,10
12.9874401093,80.2326278687,48775,48785,10
12.9874897003,80.2322311401,48785,48795,10
12.9876003265,80.2318115234,48795,48805,10
12.987859726,80.2311096191,48805,48815,10
12.988240242,80.2300872803,48815,48835,20
12.988240242,80.2300872803,48835,48846,11
12.9884004593,80.2297210693,48846,48856,10
12.9886102676,80.2291412354,48856,48866,10
12.988940239,80.2283401489,48866,48876,10
12.9896697998,80.2279281616,48876,48886,10
12.9900398254,80.2276687622,48886,48906,20
12.9900398254,80.2276687622,48906,48916,10
12.9902496338,80.2278289795,48916,48926,10
12.990480423,80.2285766602,48926,48937,11
12.9906997681,80.2292480469,48937,48947,10
12.9908800125,80.2300872803,48947,48957,10
12.9908599854,80.2303314209,48957,48967,10
12.9909000397,80.2309417725,48967,48977,10
12.9909601212,80.2314987183,48977,48987,10
12.9909696579,80.2320022583,48987,48997,10
12.9909696579,80.2322006226,48997,49007,10
12.9910802841,80.2325134277,49007,49017,10
12.9912900925,80.2331390381,49017,49028,11
12.9917697906,80.2336502075,49028,49038,10
12.991979599,80.2337112427,49038,49048,10
12.9924602509,80.2337493896,49048,49058,10
12.9931297302,80.2339401245,49058,49068,10
12.9936504364,80.2342376709,49068,49078,10
12.9941902161,80.2345962524,49078,49088,10
12.9949798584,80.2350387573,49088,49098,10
12.9955596924,80.2354278564,49098,49108,10
12.996219635,80.2361373901,49108,49118,10
12.9966897964,80.2370376587,49118,49129,11
12.9970903397,80.237739563,49129,49139,10
12.9973802567,80.237953186,49139,49149,10
12.9975795746,80.2376098633,49149,49159,10
12.9982700348,80.2380599976,49159,49220,61
12.9982700348,80.2380599976,49220,49230,10
12.9981203079,80.2379379272,49230,49715,485
12.9981203079,80.2379379272,49715,49725,10
12.9978704453,80.2377929688,49725,49735,10
12.9976902008,80.237663269,49735,49745,10
12.9974899292,80.2378005981,49745,49756,11
12.9973096848,80.23802948,49756,49766,10
12.9971599579,80.2379074097,49766,49776,10
12.9968395233,80.2374420166,49776,49786,10
12.9964399338,80.2366867065,49786,49796,10
12.9959001541,80.2358627319,49796,49806,10
12.9952297211,80.2353134155,49806,49816,10
12.9947099686,80.234992981,49816,49826,10
12.9939603806,80.2345504761,49826,49836,10
12.9934301376,80.2341384888,49836,49847,11
12.9928102493,80.2338790894,49847,49857,10
12.9920597076,80.233757019,49857,49867,10
12.9917201996,80.2338104248,49867,49877,10
12.9914102554,80.233757019,49877,49887,10
12.9908704758,80.2335205078,49887,49897,10
12.9902000427,80.2333374023,49897,49907,10
12.9896001816,80.2331008911,49907,49917,10
12.9892997742,80.2330093384,49917,49927,10
12.9892997742,80.233001709,49927,49938,11
12.9891004562,80.2329025269,49938,49948,10
12.988409996,80.2329025269,49948,49958,10
12.9877796173,80.2331237793,49958,49968,10
12.9874401093,80.2332229614,49968,49978,10
12.9874296188,80.2327728271,49978,49988,10
12.9874696732,80.2322769165,49988,49998,10
12.9875202179,80.2320404053,49998,50008,10
12.9877300262,80.2314987183,50008,50018,10
12.9880399704,80.230796814,50018,50029,11
12.988240242,80.2301864624,50029,50039,10
12.9882497787,80.2301635742,50039,50049,10
12.9883003235,80.2299423218,50049,50059,10
12.9884595871,80.2295608521,50059,50069,10
12.9887104034,80.2288513184,50069,50079,10
12.9891796112,80.2282180786,50079,50089,10
12.9897403717,80.2278823853,50089,50099,10
12.9899902344,80.227722168,50099,50109,10
12.9901695251,80.2276535034,50109,50120,11
12.990240097,80.2277984619,50120,50130,10
12.9904203415,80.2285003662,50130,50140,10
12.9906196594,80.2290267944,50140,50148,8
12.9907903671,80.2296905518,50148,50160,12
12.9908504486,80.2301177979,50160,50170,10
12.9908599854,80.2303695679,50170,50180,10
12.9909095764,80.2309799194,50180,50190,10
12.990940094,80.2314376831,50190,50200,10
12.9910001755,80.2319717407,50200,50211,11
12.9910297394,80.2322387695,50211,50221,10
12.9912004471,80.2327575684,50221,50231,10
12.9914503098,80.2333831787,50231,50241,10
12.9918403625,80.2336807251,50241,50251,10
12.9920396805,80.2337265015,50251,50261,10
12.9926795959,80.2338104248,50261,50271,10
12.9933300018,80.2340393066,50271,50281,10
12.9938201904,80.2343826294,50281,50291,10
12.9945001602,80.2347869873,50291,50302,11
12.9952898026,80.2352600098,50302,50312,10
12.9959096909,80.235748291,50312,50322,10
12.9964103699,80.2365188599,50322,50332,10
12.9968395233,80.2372970581,50332,50342,10
12.9970397949,80.2376480103,50342,50352,10
12.9973602295,80.2379226685,50352,50362,10
12.9975700378,80.2375869751,50362,50372,10
12.9979095459,80.2378005981,50372,50382,10
12.998290062,80.2381134033,50382,50403,21
12.998290062,80.2381134033,50403,50413,10
12.9981403351,80.2380065918,50413,50928,515
12.9981403351,80.2380065918,50928,50939,11
12.9979896545,80.2378311157,50939,50949,10
12.9975996017,80.2376098633,50949,50959,10
12.9973897934,80.2379608154,50959,50969,10
12.9971904755,80.2379379272,50969,50979,10
12.9968900681,80.2375106812,50979,50989,10
12.9964895248,80.2368164063,50989,50999,10
12.9960298538,80.2360076904,50999,51009,10
12.9953804016,80.2353897095,51009,51019,10
12.9948196411,80.2350769043,51019,51030,11
12.9940500259,80.2346420288,51030,51040,10
12.993519783,80.2341918945,51040,51050,10
12.9929800034,80.2339096069,51050,51060,10
12.9922103882,80.2337417603,51060,51070,10
12.9917697906,80.233757019,51070,51080,10
12.9917402267,80.2337722778,51080,51090,10
12.9913396835,80.2337188721,51090,51100,10
12.990819931,80.2335205078,51100,51110,10
12.9905996323,80.2334365845,51110,51120,10
12.9901504517,80.233291626,51120,51131,11
12.9895296097,80.2330780029,51131,51141,10
12.9893398285,80.2330169678,51141,51151,10
12.9888401031,80.232963562,51151,51161,10
12.9880599976,80.2330093384,51161,51171,10
12.9877500534,80.2331314087,51171,51181,10
12.9874200821,80.2331314087,51181,51191,10
12.9874601364,80.2325363159,51191,51201,10
12.9875802994,80.231880188,51201,51212,11
12.9877004623,80.2314987183,51212,51222,10
12.987859726,80.231086731,51222,51232,10
12.9879398346,80.2308807373,51232,51242,10
12.9881296158,80.230430603,51242,51252,10
12.988240242,80.2301635742,51252,51262,10
12.9883003235,80.2299804688,51262,51272,10
12.9884996414,80.2294769287,51272,51282,10
12.9888000488,80.2286682129,51282,51292,10
12.9894199371,80.2280502319,51292,51303,11
12.9899101257,80.2277297974,51303,51313,10
12.990070343,80.2276687622,51313,51323,10
12.9901599884,80.2273788452,51323,51333,10
12.9901199341,80.2272033691,51333,51343,10
12.9899997711,80.2266464233,51343,51353,10
12.9900598526,80.2260437012,51353,51363,10
12.9897499084,80.2253265381,51363,51373,10
12.9895000458,80.2246398926,51373,51383,10
12.9894399643,80.2238769531,51383,51394,11
12.9890499115,80.2233963013,51394,51404,10
12.9885196686,80.2233734131,51404,51414,10
12.9883499146,80.2237091064,51414,51424,10
12.9881801605,80.2237091064,51424,53082,1658
12.9882602692,80.2236633301,53082,53143,61
12.988240242,80.2236785889,53143,54509,1366
12.988120079,80.2234802246,54509,54783,274
12.9882602692,80.2236633301,54783,57708,2925
12.9880895615,80.2233505249,57708,57768,60
12.9880895615,80.2236328125,57768,58537,769
12.9880895615,80.2236328125,58537,58547,10
12.9882097244,80.2236785889,58547,58567,20
12.9881496429,80.2236709595,58567,58719,152
12.9881496429,80.2236709595,58719,58729,10
12.9882497787,80.2236862183,58729,59255,526
12.9882497787,80.2236862183,59255,59265,10
12.9882097244,80.2237625122,59265,59551,286
12.9881601334,80.2236404419,59551,60198,647
12.9881601334,80.223739624,60198,60269,71
12.9882001877,80.2236862183,60269,60522,253
12.9882001877,80.2236862183,60522,60532,10
12.9880895615,80.2236862183,60532,61068,536
12.9882001877,80.2238922119,61068,61118,50
12.9881601334,80.2237472534,61118,61189,71
12.9881601334,80.2237472534,61189,61199,10
12.988240242,80.2237091064,61199,62797,1598
12.988240242,80.2237091064,62797,62807,10
12.9883699417,80.2236022949,62807,62817,10
12.9884901047,80.2233734131,62817,62827,10
12.9887800217,80.2232971191,62827,62838,11
12.9893398285,80.2235565186,62838,62848,10
12.9894800186,80.2240524292,62848,62858,10
12.9895000458,80.2243423462,62858,62868,10
12.9895896912,80.2247924805,62868,62878,10
12.9898996353,80.2253799438,62878,62888,10
12.9900999069,80.2260894775,62888,62898,10
12.9900798798,80.2265396118,62898,62908,10
12.9902200699,80.2273406982,62908,62918,10
12.9903001785,80.2278900146,62918,62929,11
12.9905195236,80.2287063599,62929,62939,10
12.9906902313,80.2293395996,62939,62949,10
12.9908599854,80.230140686,62949,62959,10
12.9909095764,80.2309036255,62959,62969,10
12.990940094,80.2313690186,62969,62979,10
12.9909896851,80.2320632935,62979,62989,10
12.991060257,80.2324295044,62989,62999,10
12.9912595749,80.2329406738,62999,63012,13
12.9914398193,80.2334289551,63012,63023,11
12.9917201996,80.2340774536,63023,63033,10
12.9917697906,80.2345199585,63033,63125,92
12.9916696548,80.2343215942,63125,63357,232
12.991689682,80.2345428467,63357,64116,759
12.991689682,80.2345428467,64116,64126,10
12.9916095734,80.2344512939,64126,64257,131
12.9917001724,80.2345428467,64257,64348,91
12.9916696548,80.2343673706,64348,64611,263
12.9917898178,80.2345962524,64611,65258,647
12.9916496277,80.2343597412,65258,65805,547
12.9916496277,80.2343597412,65805,65815,10
12.9918003082,80.2345275879,65815,67463,1648
12.9917297363,80.2344436646,67463,67787,324
12.9918203354,80.2344970703,67787,68009,222
12.9918203354,80.2344970703,68009,68019,10
12.9917802811,80.2342987061,68019,68029,10
12.9914798737,80.2339019775,68029,68039,10
12.9908800125,80.2336196899,68039,68049,10
12.9902095795,80.2334136963,68049,68060,11
12.9895095825,80.2331466675,68060,68070,10
12.9887695313,80.2329788208,68070,68080,10
12.9879903793,80.2331085205,68080,68090,10
12.9874095917,80.2333297729,68090,68100,10
12.986749649,80.2333831787,68100,68110,10
12.9861803055,80.2334823608,68110,68120,10
12.9861402512,80.2341079712,68120,68130,10
12.9863100052,80.2348709106,68130,68140,10
12.986579895,80.2357635498,68140,68151,11
12.9865999222,80.2365264893,68151,68161,10
12.9866304398,80.2372207642,68161,68171,10
12.9866504669,80.23802948,68171,68181,10
12.9866600037,80.2389068604,68181,68191,10
12.9867601395,80.2394714355,68191,68201,10
12.987039566,80.2396392822,68201,68211,10
12.9870195389,80.2404937744,68211,68221,10
12.9871397018,80.2409210205,68221,68231,10
12.9878501892,80.2410430908,68231,68242,11
12.9887695313,80.2413406372,68242,68252,10
12.9894304276,80.2415618896,68252,68262,10
12.9898700714,80.2416381836,68262,68271,9
12.9901399612,80.2416763306,68271,68343,72
12.9901399612,80.2416763306,68343,68353,10
12.9898996353,80.2416534424,68353,68434,81
12.9898996353,80.2416534424,68434,68444,10
12.9893903732,80.241569519,68444,68454,10
12.9888601303,80.2413864136,68454,68464,10
12.9881401062,80.2411117554,68464,68474,10
12.9872398376,80.2409591675,68474,68484,10
12.9869604111,80.2406463623,68484,68494,10
12.9870100021,80.2398300171,68494,68505,11
12.9867200851,80.2394485474,68505,68515,10
12.986579895,80.239112854,68515,68525,10
12.9866104126,80.2384109497,68525,68535,10
12.9865999222,80.237487793,68535,68545,10
12.9865598679,80.236869812,68545,68555,10
12.9865398407,80.236366272,68555,68565,10
12.9865102768,80.2356719971,68565,68575,10
12.9862604141,80.234916687,68575,68585,10
12.9860601425,80.2340927124,68585,68596,11
12.9860601425,80.2334671021,68596,68606,10
12.9866104126,80.2333526611,68606,68616,10
12.9871702194,80.2333297729,68616,68626,10
12.9874000549,80.2329711914,68626,68636,10
12.9874801636,80.232208252,68636,68646,10
12.9877004623,80.2314987183,68646,68656,10
12.9879798889,80.2309036255,68656,68666,10
12.9880399704,80.230758667,68666,68675,9
12.9881296158,80.2303771973,68675,68687,12
12.9884300232,80.2296066284,68687,68697,10
12.988699913,80.228843689,68697,68707,10
12.9892196655,80.2282028198,68707,68717,10
12.9898500443,80.2278213501,68717,68727,10
12.9899997711,80.2265625,68727,68737,10
12.9899997711,80.2265625,68737,68747,10
12.9900503159,80.2259292603,68747,68757,10
12.9896802902,80.2252807617,68757,68767,10
12.9894695282,80.2246322632,68767,68777,10
12.9894399643,80.2239074707,68777,68788,11
12.9890403748,80.2234420776,68788,68801,13
12.9885396957,80.2233963013,68801,68811,10
12.988409996,80.2235794067,68811,68821,10
12.9882602692,80.2239227295,68821,69277,456
12.9882602692,80.2239227295,69277,69287,10
12.9882898331,80.2238388062,69287,69297,10
12.9884700775,80.2235031128,69297,69307,10
12.9889097214,80.2234115601,69307,69318,11
12.9894304276,80.2238082886,69318,69328,10
12.9894800186,80.2244567871,69328,69338,10
12.9896802902,80.2250976563,69338,69348,10
12.9900798798,80.2259597778,69348,69358,10
12.9900398254,80.2265701294,69358,69368,10
12.9901504517,80.2273788452,69368,69378,10
12.9904203415,80.2285614014,69378,69388,10
12.9906396866,80.2292098999,69388,69398,10
12.9908399582,80.230140686,69398,69409,11
12.9908800125,80.2309799194,69409,69419,10
12.990940094,80.2314987183,69419,69429,10
12.9909696579,80.2322006226,69429,69438,9
12.9912099838,80.2329406738,69438,69449,11
12.9914999008,80.233581543,69449,69459,10
12.991350174,80.2337875366,69459,69469,10
12.9909200668,80.233543396,69469,69478,9
12.9908800125,80.2331695557,69478,69752,274
12.9908800125,80.2331695557,69752,69762,10
12.9909296036,80.2334289551,69762,69773,11
12.9911203384,80.2336196899,69773,69783,10
12.9915599823,80.2336807251,69783,69793,10
12.9919204712,80.2337722778,69793,69803,10
12.9922399521,80.2337799072,69803,69813,10
12.9927797318,80.2338562012,69813,69823,10
12.9932804108,80.2341003418,69823,69833,10
12.9936704636,80.2343597412,69833,69843,10
12.9941596985,80.234703064,69843,69853,10
12.9947099686,80.2350082397,69853,69865,12
12.9952402115,80.2353210449,69865,69875,10
12.9958496094,80.2358322144,69875,69885,10
12.9962596893,80.2363891602,69885,69895,10
12.9965801239,80.2369766235,69895,69905,10
12.9969100952,80.2375717163,69905,69915,10
12.9971599579,80.237991333,69915,69925,10
12.9974098206,80.2378616333,69925,69935,10
12.9976501465,80.2376480103,69935,69945,10
12.9982700348,80.2381515503,69945,69966,21
12.9982700348,80.2381515503,69966,69976,10
12.9983997345,80.238319397,69976,69986,10
12.9987201691,80.2383880615,69986,69996,10
12.9991397858,80.2380905151,69996,70006,10
12.9996299744,80.2379837036,70006,70016,10
13.0000801086,80.2381591797,70016,70026,10
13.0005998611,80.2384109497,70026,70036,10
13.0011997223,80.2386627197,70036,70047,11
13.0018596649,80.2389297485,70047,70057,10
13.0023403168,80.239112854,70057,70067,10
13.0023603439,80.2392883301,70067,70077,10
13.002240181,80.2395629883,70077,70087,10
13.0022096634,80.2396392822,70087,70097,10
13.001999855,80.2399291992,70097,70178,81
13.001999855,80.2399291992,70178,70188,10
13.0016403198,80.2398681641,70188,70198,10
13.0010795593,80.2397232056,70198,70210,12
13.0004501343,80.239616394,70210,70222,12
12.99958992,80.2395095825,70222,70232,10
12.9991397858,80.2394104004,70232,70242,10
12.9983797073,80.2391891479,70242,70252,10
12.9983797073,80.2391891479,70252,70262,10
12.9979295731,80.2389984131,70262,70272,10
12.9975996017,80.2386779785,70272,70282,10
12.9972801208,80.23828125,70282,70292,10
12.9969501495,80.2377624512,70292,70302,10
12.9966497421,80.2372665405,70302,70313,11
12.9963197708,80.2366027832,70313,70323,10
12.9959602356,80.2360305786,70323,70333,10
12.9954996109,80.2355804443,70333,70343,10
12.9951295853,80.2353210449,70343,70353,10
12.9945402145,80.234992981,70353,70361,8
12.9941301346,80.2347412109,70361,70373,12
12.9936800003,80.2343902588,70373,70383,10
12.9932403564,80.2340927124,70383,70394,11
12.9927501678,80.2339096069,70394,70405,11
12.9920597076,80.2338104248,70405,70415,10
12.9916000366,80.2338867188,70415,70425,10
12.9914102554,80.233833313,70425,70435,10
12.9910497665,80.2336502075,70435,70445,10
12.9908800125,80.2332000732,70445,71104,659
12.9908800125,80.2332000732,71104,71114,10
12.9908895493,80.2333374023,71114,71155,41
12.9908895493,80.2333374023,71155,71165,10
12.9909000397,80.2333068848,71165,71175,10
12.9910001755,80.2335662842,71175,71185,10
12.9913396835,80.2336120605,71185,71195,10
12.9917802811,80.2337493896,71195,71205,10
12.992099762,80.233757019,71205,71216,11
12.9927301407,80.2338409424,71216,71226,10
12.993229866,80.234046936,71226,71236,10
12.9934997559,80.2342071533,71236,71246,10
12.9939498901,80.2345581055,71246,71256,10
12.9945402145,80.2349014282,71256,71266,10
12.9951696396,80.2352600098,71266,71276,10
12.9956197739,80.2356109619,71276,71285,9
12.9961204529,80.2361373901,71285,71296,11
12.9964799881,80.2367630005,71296,71307,11
12.9969501495,80.2376403809,71307,71317,10
12.9971599579,80.2379379272,71317,71327,10
12.9973096848,80.2380218506,71327,71337,10
12.997469902,80.2377319336,71337,71347,10
12.9977502823,80.2377624512,71347,71357,10
12.9982595444,80.2381515503,71357,71377,20
12.9982595444,80.2381515503,71377,71387,10
12.9983100891,80.2382125854,71387,71398,11
12.9986600876,80.2384185791,71398,71408,10
12.9990797043,80.2381362915,71408,71418,10
12.99958992,80.2379684448,71418,71428,10
13.0000200272,80.2381591797,71428,71438,10
13.0005702972,80.2383880615,71438,71448,10
13.0012397766,80.2386703491,71448,71458,10
13.0018997192,80.2389373779,71458,71468,10
13.0023603439,80.2391204834,71468,71478,10
13.0023603439,80.2393493652,71478,71489,11
13.002240181,80.2396621704,71489,71539,50
13.002240181,80.2396621704,71539,71549,10
13.0021800995,80.2399597168,71549,71559,10
13.0021600723,80.239982605,71559,71569,10
13.0017499924,80.2398834229,71569,71580,11
13.0010795593,80.2397613525,71580,71590,10
13.0003499985,80.2396469116,71590,71600,10
12.9994897842,80.2395324707,71600,71610,10
12.9989404678,80.2393722534,71610,71620,10
12.9983596802,80.2391815186,71620,71630,10
12.9978599548,80.2389068604,71630,71639,9
12.9974803925,80.2384796143,71639,71650,11
12.997300148,80.2380981445,71650,71660,10
12.9975299835,80.2376480103,71660,71671,11
12.9982595444,80.2381591797,71671,71762,91
12.9982595444,80.2381591797,71762,71772,10
12.9980401993,80.2379989624,71772,71782,10
12.9976196289,80.2376480103,71782,71792,10
12.9973402023,80.2379608154,71792,71802,10
12.9969902039,80.2377700806,71802,71812,10
12.996629715,80.2371673584,71812,71822,10
12.9961900711,80.2363433838,71822,71832,10
12.9954996109,80.2355728149,71832,71842,10
12.9949798584,80.2351913452,71842,71853,11
12.9941797256,80.2347869873,71853,71863,10
12.9935998917,80.2343597412,71863,71872,9
12.9932699203,80.2341003418,71872,71883,11
12.9927597046,80.2339096069,71883,71893,10
12.9920301437,80.2338180542,71893,71903,10
12.9917001724,80.2338409424,71903,71913,10
12.991519928,80.2338485718,71913,71923,10
12.9909200668,80.2336196899,71923,71934,11
12.9902801514,80.2334136963,71934,71944,10
12.9898700714,80.2332382202,71944,71974,30
12.9898700714,80.2332382202,71974,71984,10
12.9895401001,80.2331008911,71984,71994,10
12.9889001846,80.232963562,71994,72004,10
12.988120079,80.233039856,72004,72014,10
12.9876403809,80.2332229614,72014,72025,11
12.9874000549,80.2331237793,72025,72035,10
12.9874200821,80.2325286865,72035,72045,10
12.9874401093,80.2322692871,72045,72055,10
12.9875602722,80.2317810059,72055,72065,10
12.987830162,80.2311096191,72065,72075,10
12.9881296158,80.2303237915,72075,72085,10
12.9883804321,80.2296905518,72085,72095,10
12.9886598587,80.2289810181,72095,72105,10
12.9890298843,80.2282867432,72105,72116,11
12.9897003174,80.227897644,72116,72126,10
12.9900503159,80.2276916504,72126,72136,10
12.9901504517,80.2277374268,72136,72146,10
12.9903001785,80.2282562256,72146,72156,10
12.9905195236,80.2289199829,72156,72166,10
12.9907102585,80.2295913696,72166,72176,10
12.9908304214,80.2303390503,72176,72186,10
12.9908704758,80.2310180664,72186,72196,10
12.9909296036,80.2316436768,72196,72207,11
12.9910202026,80.232421875,72207,72217,10
12.991230011,80.2331008911,72217,72227,10
12.991399765,80.2335205078,72227,72237,10
12.9915504456,80.2336807251,72237,72247,10
12.9914503098,80.2338485718,72247,72257,10
12.991350174,80.2337036133,72257,72267,10
12.9916801453,80.2337112427,72267,72298,31
12.9916801453,80.2337112427,72298,72308,10
12.991979599,80.2337722778,72308,72318,10
12.992480278,80.2338027954,72318,72328,10
12.9931297302,80.2340087891,72328,72338,10
12.9935703278,80.2342834473,72338,72348,10
12.9939002991,80.2345275879,72348,72358,10
12.994310379,80.2347564697,72358,72368,10
12.995010376,80.235168457,72368,72378,10
12.9955301285,80.2355422974,72378,72389,11
12.9961795807,80.2362594604,72389,72399,10
12.9966802597,80.2371826172,72399,72409,10
12.9970302582,80.2378005981,72409,72419,10
12.9973297119,80.2380065918,72419,72429,10
12.9975204468,80.237663269,72429,72439,10
12.9978504181,80.2378234863,72439,72449,10
12.9982500076,80.2381362915,72449,72500,51
12.9982795715,80.2381820679,72500,72540,40
12.9982795715,80.2381820679,72540,72550,10
12.9984197617,80.2383117676,72550,72560,10
12.9987602234,80.2383270264,72560,72571,11
12.9993495941,80.2379608154,72571,72581,10
12.999879837,80.2380981445,72581,72591,10
13.0005302429,80.2383880615,72591,72601,10
13.0013303757,80.2387237549,72601,72611,10
13.0020503998,80.2390289307,72611,72621,10
13.0024003983,80.2391662598,72621,72631,10
13.0023603439,80.2393798828,72631,72641,10
13.002240181,80.2396621704,72641,72662,21
13.002240181,80.2396621704,72662,72672,10
13.0021400452,80.239982605,72672,72753,81
13.0021400452,80.239982605,72753,72763,10
13.0021495819,80.2398986816,72763,72773,10
13.0022201538,80.2396774292,72773,72783,10
13.0023298264,80.2393493652,72783,72793,10
13.0022802353,80.2391586304,72793,72803,10
13.0017595291,80.2389602661,72803,72813,10
13.0011396408,80.2386703491,72813,72823,10
13.0004701614,80.2383804321,72823,72833,10
12.999879837,80.2381286621,72833,72844,11
12.9993600845,80.2379837036,72844,72854,10
12.9990797043,80.2381820679,72854,72863,9
12.998749733,80.2383422852,72863,72874,11
12.9982795715,80.2381820679,72874,72955,81
12.9982795715,80.2381820679,72955,72965,10
12.9981002808,80.23802948,72965,72975,10
12.9976997375,80.237701416,72975,72985,10
12.997420311,80.2378387451,72985,72995,10
12.9972200394,80.2380599976,72995,73005,10
12.9968900681,80.2376174927,73005,73015,10
12.9965600967,80.2370605469,73015,73026,11
12.9961996078,80.2363586426,73026,73036,10
12.9957895279,80.2358169556,73036,73046,10
12.995300293,80.2354125977,73046,73056,10
12.9949302673,80.235168457,73056,73066,10
12.994720459,80.2350463867,73066,73076,10
12.9942302704,80.2347793579,73076,73086,10
12.993689537,80.2343978882,73086,73096,10
12.9932403564,80.2341079712,73096,73106,10
12.9927997589,80.2339096069,73106,73117,11
12.9921503067,80.2338104248,73117,73127,10
12.9917097092,80.2338104248,73127,73137,10
12.9912395477,80.2337265015,73137,73147,10
12.9908800125,80.2335128784,73147,73157,10
12.9908800125,80.2331924438,73157,73723,566
12.9908800125,80.2331924438,73723,73733,10
12.9909200668,80.2334823608,73733,73744,11
12.9909801483,80.2336196899,73744,73754,10
12.9913396835,80.2336502075,73754,73763,9
12.9917097092,80.233757019,73763,73774,11
12.9921503067,80.2338027954,73774,73784,10
12.992600441,80.2338180542,73784,73793,9
12.9932098389,80.2340621948,73793,73804,11
12.9936800003,80.2343673706,73804,73814,10
12.9942302704,80.2347335815,73814,73824,10
12.9948596954,80.2351074219,73824,73835,11
12.9954500198,80.2354812622,73835,73845,10
12.9959001541,80.2358932495,73845,73855,10
12.9960002899,80.2360610962,73855,73865,10
12.9963703156,80.2366790771,73865,73875,10
12.9967699051,80.2373962402,73875,73885,10
12.9970598221,80.2378768921,73885,73894,9
12.9973096848,80.23802948,73894,73905,11
12.9975004196,80.2377166748,73905,73915,10
12.9982404709,80.2381591797,73915,73976,61
12.9982404709,80.2381591797,73976,73986,10
12.9979801178,80.2379989624,73986,73996,10
12.9976596832,80.2376785278,73996,74006,10
12.997300148,80.2373275757,74006,74017,11
12.9967699051,80.2366333008,74017,74027,10
12.9962301254,80.2359085083,74027,74037,10
12.995759964,80.2353515625,74037,74047,10
12.9951696396,80.23462677,74047,74057,10
12.9948101044,80.2338409424,74057,74067,10
12.9940500259,80.2335281372,74067,74077,10
12.9935102463,80.2334365845,74077,74087,10
12.9935703278,80.2331008911,74087,74097,10
12.9936599731,80.2326126099,74097,74108,11
12.9934301376,80.2321777344,74108,74118,10
12.9930000305,80.2320404053,74118,74128,10
12.9926795959,80.2318572998,74128,74138,10
12.9921703339,80.2316207886,74138,74148,10
12.9917697906,80.2317199707,74148,74158,10
12.9912004471,80.2319107056,74158,74168,10
12.9909601212,80.2316970825,74168,74178,10
12.9908399582,80.2311096191,74178,74188,10
12.9907798767,80.2305374146,74188,74199,11
12.990650177,80.2296295166,74199,74310,111
12.990650177,80.2296295166,74310,74320,10
12.9907197952,80.2296905518,74320,74330,10
12.9907903671,80.2302322388,74330,74340,10
12.9908399582,80.2310180664,74340,74350,10
12.9909200668,80.2316513062,74350,74360,10
12.9909601212,80.2323303223,74360,74370,10
12.9912004471,80.233039856,74370,74381,11
12.9914398193,80.2335510254,74381,74400,19
12.9917402267,80.233757019,74400,74410,10
12.9918403625,80.2338027954,74410,74420,10
12.9923000336,80.2338104248,74420,74430,10
12.9928703308,80.2339172363,74430,74440,10
12.9935398102,80.2342681885,74440,74450,10
12.9941501617,80.2346878052,74450,74460,10
12.9948596954,80.2350997925,74460,74471,11
12.9954900742,80.2355270386,74471,74481,10
12.9960403442,80.236076355,74481,74491,10
12.9964799881,80.2368164063,74491,74501,10
12.9968500137,80.237487793,74501,74511,10
12.997130394,80.2379379272,74511,74521,10
12.9973497391,80.237953186,74521,74531,10
12.9975700378,80.2376708984,74531,74541,10
12.9982404709,80.2381362915,74541,74602,61
12.9982404709,80.2381362915,74602,74612,10
12.9982595444,80.2382125854,74612,74622,10
12.9985704422,80.2384185791,74622,74632,10
12.9990100861,80.2381896973,74632,74642,10
12.9995803833,80.2379837036,74642,74653,11
13.0001802444,80.2381973267,74653,74663,10
13.0008497238,80.2385025024,74663,74673,10
13.0015096664,80.2387771606,74673,74683,10
13.0021495819,80.2390365601,74683,74693,10
13.0023202896,80.2394714355,74693,74734,41
13.0023202896,80.2394714355,74734,74744,10
13.0022201538,80.2396621704,74744,74754,10
13.0021800995,80.2398910522,74754,74764,10
13.0018997192,80.2399291992,74764,74774,10
13.001250267,80.2397537231,74774,74784,10
13.0006799698,80.2396697998,74784,74794,10
13.0000495911,80.2395935059,74794,74804,10
12.9991102219,80.2394104004,74804,74836,32
12.9991102219,80.2394104004,74836,74846,10
12.9989299774,80.2393493652,74846,74856,10
12.9983701706,80.2391891479,74856,74866,10
12.9978103638,80.2389068604,74866,74876,10
12.9973402023,80.2383422852,74876,74886,10
12.9968996048,80.237701416,74886,74896,10
12.9965600967,80.2371063232,74896,74906,10
12.9961795807,80.2363586426,74906,74917,11
12.9956502914,80.2356719971,74917,74927,10
12.9951095581,80.2352905273,74927,74937,10
12.9945802689,80.2349700928,74937,74947,10
12.993929863,80.2345733643,74947,74957,10
12.9934196472,80.2341918945,74957,74967,10
12.9928503036,80.2339401245,74967,74977,10
12.9920902252,80.233833313,74977,74987,10
12.9917602539,80.2338180542,74987,75018,31
12.9917602539,80.2338180542,75018,75028,10
12.9914798737,80.233833313,75028,75038,10
12.9912996292,80.2334213257,75038,75048,10
12.9911403656,80.2329406738,75048,75058,10
12.9909200668,80.2322616577,75058,75068,10
12.9908304214,80.2314910889,75068,75078,10
12.9907999039,80.2309036255,75078,75088,10
12.9907503128,80.230178833,75088,75099,11
12.990650177,80.2296218872,75099,75109,10
12.9905500412,80.2292175293,75109,75119,10
12.9903898239,80.2287368774,75119,75129,10
12.9902296066,80.2281265259,75129,75139,10
12.9901399612,80.2276000977,75139,75149,10
12.9901199341,80.2274932861,75149,75159,10
12.9900503159,80.2269592285,75159,75169,10
12.989979744,80.2263565063,75169,75179,10
12.9898996353,80.2255630493,75179,75190,11
12.9894895554,80.224822998,75190,75200,10
12.98939991,80.2242965698,75200,75210,10
12.9893703461,80.2237625122,75210,75220,10
12.9889297485,80.2234268188,75220,75230,10
12.9883699417,80.2236175537,75230,76110,880
12.9883699417,80.2236175537,76110,76120,10
12.9885196686,80.2233886719,76120,76130,10
12.9888601303,80.2233581543,76130,76140,10
12.9892196655,80.2234573364,76140,76150,10
12.9894599915,80.2238006592,76150,76160,10
12.9894599915,80.224319458,76160,76170,10
12.9895801544,80.224822998,76170,76181,11
12.9899196625,80.2254714966,76181,76191,10
12.9900398254,80.2262573242,76191,76201,10
12.9900398254,80.2266693115,76201,76211,10
12.9901399612,80.2270507813,76211,76220,9
12.9901695251,80.2273635864,76220,76231,11
12.9902696609,80.2281265259,76231,76241,10
12.9904899597,80.2288970947,76241,76251,10
12.9907302856,80.2296829224,76251,76261,10
12.990819931,80.2302017212,76261,76272,11
12.9908304214,80.2304763794,76272,76282,10
12.9908704758,80.2310562134,76282,76292,10
12.9909601212,80.2317810059,76292,76302,10
12.991060257,80.2325210571,76302,76312,10
12.9912700653,80.2331771851,76312,76322,10
12.9915895462,80.2336730957,76322,76332,10
12.9912700653,80.2337112427,76332,76342,10
12.9908800125,80.2331619263,76342,76888,546
12.9908800125,80.2331619263,76888,76899,11
12.9909200668,80.233253479,76899,76909,10
12.9909496307,80.2334976196,76909,76919,10
12.9913196564,80.233581543,76919,76929,10
12.9918403625,80.2337265015,76929,76939,10
12.9923400879,80.233757019,76939,76949,10
12.993060112,80.2339172363,76949,76959,10
12.9935503006,80.2341766357,76959,76969,10
12.994020462,80.2345504761,76969,76979,10
12.9947900772,80.2349700928,76979,76990,11
12.9954204559,80.2353820801,76990,77000,10
12.996049881,80.2359771729,77000,77010,10
12.9964199066,80.2366485596,77010,77020,10
12.9969501495,80.2376174927,77020,77030,10
12.9972400665,80.2379989624,77030,77040,10
12.9975004196,80.2376480103,77040,77050,10
12.9978303909,80.23777771,77050,77060,10
12.9982595444,80.2380905151,77060,77101,41
12.9982595444,80.2380905151,77101,77111,10
12.9983301163,80.2381515503,77111,77121,10
12.9987001419,80.2383575439,77121,77131,10
12.999130249,80.2380371094,77131,77141,10
12.9997901917,80.2380065918,77141,77151,10
13.0005502701,80.2383270264,77151,77161,10
13.0014696121,80.2387237549,77161,77172,11
13.0023202896,80.2390670776,77172,77182,10
13.0023002625,80.2395629883,77182,77212,30
13.0023002625,80.2395629883,77212,77222,10
13.0021896362,80.2398071289,77222,77232,10
13.0018501282,80.2398300171,77232,77242,10
13.0011196136,80.2396469116,77242,77252,10
13.0003404617,80.2395401001,77252,77263,11
12.9991903305,80.2393417358,77263,77273,10
12.998550415,80.2391891479,77273,77283,10
12.9978199005,80.238861084,77283,77293,10
12.9973096848,80.2381973267,77293,77303,10
12.9968795776,80.2375106812,77303,77313,10
12.9964399338,80.2367019653,77313,77323,10
12.9958200455,80.2357635498,77323,77333,10
12.9951295853,80.2352523804,77333,77343,10
12.9944801331,80.2348480225,77343,77354,11
12.9937496185,80.2343826294,77354,77364,10
12.9932498932,80.2340393066,77364,77374,10
12.992600441,80.2338180542,77374,77384,10
12.9919300079,80.233757019,77384,77394,10
12.9913797379,80.2337036133,77394,77404,10
12.991230011,80.2330780029,77404,77414,10
12.9911003113,80.2327194214,77414,77424,10
12.9910697937,80.2325668335,77424,77434,10
12.990940094,80.2318191528,77434,77445,11
12.990819931,80.2309036255,77445,77455,10
12.9907598495,80.2300262451,77455,77465,10
12.9905395508,80.2290267944,77465,77475,10
12.9903402328,80.2284088135,77475,77485,10
12.9901599884,80.2275238037,77485,77495,10
12.989979744,80.2264404297,77495,77505,10
12.9900398254,80.2257995605,77505,77515,10
12.9896001816,80.2250671387,77515,77525,10
12.9894504547,80.2244796753,77525,77536,11
12.9894304276,80.223777771,77536,77546,10
12.98898983,80.2233810425,77546,77555,9
12.9884595871,80.2234420776,77555,77566,11
12.9884595871,80.2237167358,77566,79237,1671
12.9884595871,80.2237167358,79237,79248,11
12.9883699417,80.2235870361,79248,79258,10
12.9886302948,80.2232971191,79258,79268,10
12.9892501831,80.2234420776,79268,79278,10
12.9894599915,80.2240829468,79278,79288,10
12.9896001816,80.2249069214,79288,79299,11
12.9900197983,80.2256011963,79299,79309,10
12.9900398254,80.2265167236,79309,79319,10
12.9901695251,80.2273483276,79319,79329,10
12.9904003143,80.2284622192,79329,79340,11
12.9906597137,80.2292709351,79340,79350,10
12.9908504486,80.2303390503,79350,79360,10
12.9908800125,80.2311019897,79360,79370,10
12.9909601212,80.2320404053,79370,79380,10
12.9911899567,80.2329177856,79380,79390,10
12.9913301468,80.2333831787,79390,79400,10
12.9909200668,80.2334671021,79400,79409,9
12.9908800125,80.2331008911,79409,79644,235
12.9908800125,80.2331008911,79644,79654,10
12.9909095764,80.2332305908,79654,79664,10
12.9910497665,80.2335205078,79664,79674,10
12.9917201996,80.2336273193,79674,79715,41
12.9917201996,80.2336273193,79715,79725,10
12.9919395447,80.2337188721,79725,79735,10
12.992389679,80.2337493896,79735,79745,10
12.9931001663,80.2339172363,79745,79755,10
12.9936103821,80.2341995239,79755,79765,10
12.9940900803,80.2345809937,79765,79775,10
12.9948396683,80.234992981,79775,79786,11
12.995470047,80.2354202271,79786,79796,10
12.9960803986,80.2360076904,79796,79806,10
12.996509552,80.2367630005,79806,79816,10
12.9968204498,80.2373428345,79816,79826,10
12.9972000122,80.2379684448,79826,79836,10
12.9976997375,80.2386627197,79836,79846,10
12.9982004166,80.2389984131,79846,79856,10
12.9989795685,80.2392196655,79856,79866,10
12.9995803833,80.2393417358,79866,79877,11
13.0005102158,80.2394790649,79877,79887,10
13.0011997223,80.2395935059,79887,79897,10
13.0018997192,80.2397918701,79897,79907,10
13.002240181,80.2395629883,79907,80019,112
13.002240181,80.2395629883,80019,80029,10
13.0023097992,80.2392272949,80029,80039,10
13.0023403168,80.2390213013,80039,80048,9
13.0023002625,80.2390213013,80048,80060,12
13.0017004013,80.238822937,80060,80070,10
13.0010700226,80.2385406494,80070,80080,10
13.0003995895,80.2382736206,80080,80090,10
12.9997997284,80.2379989624,80090,80100,10
12.999250412,80.2379837036,80100,80110,10
12.9987802505,80.2382965088,80110,80120,10
12.9982700348,80.238067627,80120,80140,20
12.9982700348,80.238067627,80140,80151,11
12.9981899261,80.237991333,80151,80161,10
12.9977998734,80.237701416,80161,80171,10
12.9973897934,80.2373275757,80171,80181,10
12.9968795776,80.2366714478,80181,80191,10
12.9963102341,80.2359237671,80191,80201,10
12.995759964,80.2352600098,80201,80211,10
12.995349884,80.2347564697,80211,80221,10
12.9949798584,80.2340164185,80221,80231,10
12.9944601059,80.2335205078,80231,80241,10
12.9937095642,80.2334365845,80241,80252,11
12.9934597015,80.2338180542,80252,80262,10
12.9931001663,80.2339324951,80262,80272,10
12.9923601151,80.2337722778,80272,80282,10
12.9917201996,80.233757019,80282,80343,61
12.9917201996,80.233757019,80343,80353,10
12.9916801453,80.2337417603,80353,80363,10
12.9915704727,80.233757019,80363,80373,10
12.9911699295,80.2336120605,80373,80383,10
12.9908800125,80.2333908081,80383,80393,10
12.9908800125,80.2331085205,80393,80403,10
12.9908304214,80.2331771851,80403,80413,10
12.9909000397,80.2333374023,80413,80424,11
12.9912996292,80.2335510254,80424,80434,10
12.9919204712,80.2336807251,80434,80444,10
12.9920196533,80.2336578369,80444,80454,10
12.9926300049,80.2337417603,80454,80464,10
12.9933004379,80.2340011597,80464,80474,10
12.9938402176,80.2343826294,80474,80484,10
12.9945402145,80.2348022461,80484,80494,10
12.9952402115,80.2352218628,80494,80504,10
12.9959602356,80.2358627319,80504,80515,11
12.9964799881,80.2367324829,80515,80525,10
12.9969396591,80.2375411987,80525,80535,10
12.997300148,80.2381134033,80535,80545,10
12.9978504181,80.2387924194,80545,80555,10
12.9983997345,80.2390594482,80555,80565,10
12.9990997314,80.2392425537,80565,80575,10
12.9998703003,80.239402771,80575,80585,10
13.0008497238,80.2395172119,80585,80595,10
13.00137043,80.2396316528,80595,80606,11
13.0021696091,80.2398376465,80606,80616,10
13.002240181,80.2395706177,80616,80626,10
13.002240181,80.2395629883,80626,80636,10
13.0022497177,80.2394180298,80636,80646,10
13.0023899078,80.239112854,80646,80656,10
13.002120018,80.2389984131,80656,80666,10
13.0013904572,80.2387084961,80666,80676,10
13.0004997253,80.2383499146,80676,80686,10
12.9998397827,80.238067627,80686,80697,11
12.9991798401,80.2380905151,80697,80707,10
12.9987201691,80.2384033203,80707,80717,10
12.9982404709,80.2381210327,80717,80727,10
12.9978199005,80.237739563,80727,80737,10
12.9972200394,80.2371368408,80737,80747,10
12.9966697693,80.2364196777,80747,80757,10
12.9960603714,80.2356414795,80757,80767,10
12.9954996109,80.234992981,80767,80777,10
12.995059967,80.2342834473,80777,80788,11
12.994509697,80.2335586548,80788,80798,10
12.9937095642,80.2334365845,80798,80808,10
12.9935598373,80.2332382202,80808,80818,10
12.9937000275,80.2325515747,80818,80828,10
12.9933204651,80.2321090698,80828,80838,10
12.9926204681,80.2317962646,80838,80848,10
12.9920701981,80.2315979004,80848,80858,10
12.9914903641,80.2317504883,80858,80868,10
12.9909801483,80.231842041,80868,80879,11
12.9908504486,80.2311477661,80879,80889,10
12.990819931,80.2305221558,80889,80899,10
12.9907798767,80.2300796509,80899,80909,10
12.99077034,80.2299194336,80909,80919,10
12.9908800125,80.2299118042,80919,80929,10
12.9908504486,80.2299728394,80929,80939,10
12.990819931,80.2304763794,80939,80949,10
12.9908599854,80.2310562134,80949,80959,10
12.990940094,80.2317962646,80959,80970,11
12.9912004471,80.2328796387,80970,80990,20
12.9912004471,80.2328796387,80990,81000,10
12.9913196564,80.2331619263,81000,81010,10
12.991519928,80.2334823608,81010,81040,30
12.991519928,80.2334823608,81040,81050,10
12.9917802811,80.2336502075,81050,81061,11
12.9921302795,80.2336425781,81061,81071,10
12.992770195,80.2337417603,81071,81081,10
12.9932899475,80.2339706421,81081,81091,10
12.9937601089,80.2343215942,81091,81101,10
12.9944000244,80.2347335815,81101,81111,10
12.9951496124,80.2351608276,81111,81121,10
12.9956598282,80.2355422974,81121,81131,10
12.9962100983,80.2361984253,81131,81142,11
12.9966497421,80.2369918823,81142,81152,10
12.9969997406,80.2375869751,81152,81162,10
12.9972400665,80.2379608154,81162,81172,10
12.9972600937,80.2379684448,81172,81182,10
12.9973897934,80.2378768921,81182,81192,10
12.9975595474,80.2376022339,81192,81202,10
12.9978103638,80.237701416,81202,81212,10
12.9982595444,80.2380828857,81212,81263,51
12.9982595444,80.2380828857,81263,81273,10
12.9981002808,80.2379989624,81273,81283,10
12.9977197647,80.2376708984,81283,81293,10
12.9973096848,80.2372436523,81293,81303,10
12.9964199066,80.2360992432,81303,81313,10
12.9964199066,80.2360992432,81313,81324,11
12.995880127,80.2354507446,81324,81334,10
12.9953699112,80.2348937988,81334,81344,10
12.9950304031,80.2341308594,81344,81354,10
12.994600296,80.2335968018,81354,81364,10
12.9939804077,80.2334823608,81364,81374,10
12.9935903549,80.2332687378,81374,81384,10
12.9936599731,80.2328720093,81384,81394,10
12.9935703278,80.232208252,81394,81404,10
12.9933395386,80.232093811,81404,81414,10
12.9926795959,80.2318267822,81414,81425,11
12.9921503067,80.2315826416,81425,81435,10
12.9916801453,80.2316818237,81435,81445,10
12.9911203384,80.2318725586,81445,81455,10
12.9909200668,80.2314300537,81455,81465,10
12.9908399582,80.230796814,81465,81476,11
12.9907903671,80.2300720215,81476,81485,9
12.9906101227,80.2292175293,81485,81502,17
12.9903297424,80.228302002,81502,81513,11
12.9901199341,80.2275924683,81513,81553,40
12.9901199341,80.2275924683,81553,81562,9
12.9899702072,80.2277069092,81562,81573,11
12.9896802902,80.2279129028,81573,81583,10
12.9891395569,80.2281799316,81583,81593,10
12.9887199402,80.2288894653,81593,81604,11
12.9884395599,80.2296218872,81604,81614,10
12.9883003235,80.2300033569,81614,81624,10
12.988240242,80.23021698,81624,81634,10
12.9880399704,80.2307434082,81634,81645,11
12.9876804352,80.2315979004,81645,81655,10
12.9874401093,80.2326583862,81655,81665,10
12.9875097275,80.2331390381,81665,81675,10
12.9879302979,80.233001709,81675,81685,10
12.9887399673,80.2328567505,81685,81696,11
12.9896202087,80.233001709,81696,81706,10
12.9901199341,80.2332229614,81706,81716,10
12.9904298782,80.2333374023,81716,81726,10
12.9906797409,80.2334136963,81726,81736,10
12.99077034,80.2334365845,81736,81747,11
12.9908599854,80.2334823608,81747,81758,11
12.9911003113,80.2335586548,81758,81768,10
12.9912900925,80.2331771851,81768,81779,11
12.9910202026,80.2325363159,81779,81789,10
12.9909200668,80.2317886353,81789,81799,10
12.9908599854,80.2310180664,81799,81809,10
12.9908304214,80.2305526733,81809,81819,10
12.990819931,80.2303009033,81819,81829,10
12.9907398224,80.2297592163,81829,81839,10
12.9905004501,80.2288665771,81839,81849,10
12.9903402328,80.2283096313,81849,81859,10
12.9901695251,80.2273788452,81859,81870,11
12.9900102615,80.2264785767,81870,81880,10
12.9900903702,80.2258911133,81880,81890,10
12.989689827,80.225189209,81890,81900,10
12.9895095825,80.2246017456,81900,81910,10
12.9894304276,80.2239990234,81910,81920,10
12.9892501831,80.2235488892,81920,81930,10
12.9888000488,80.2233810425,81930,81940,10
12.9884195328,80.2234420776,81940,81950,10
12.9883403778,80.2233810425,81950,81961,11
12.988360405,80.2232971191,81961,81971,10
12.9886398315,80.2232894897,81971,81981,10
12.9890499115,80.2232971191,81981,81991,10
12.98939991,80.2235870361,81991,82001,10
12.9894695282,80.2239379883,82001,82011,10
12.9895200729,80.2244567871,82011,82021,10
12.9896602631,80.2249298096,82021,82031,10
12.9899997711,80.2254714966,82031,82041,10
12.990070343,80.2260818481,82041,82052,11
12.9900798798,80.2266235352,82052,82062,10
12.9902000427,80.2271881104,82062,82072,10
12.9902496338,80.2277297974,82072,82082,10
12.99036026,80.2281723022,82082,82092,10
12.9904003143,80.2282791138,82092,82102,10
12.9905395508,80.2287521362,82102,82112,10
12.9906797409,80.2292709351,82112,82122,10
12.9908304214,80.229888916,82122,82133,11
12.9908800125,80.2305374146,82133,82144,11
12.9909200668,80.2310714722,82144,82154,10
12.9909801483,80.231590271,82154,82164,10
12.991060257,80.2323074341,82164,82174,10
12.9911899567,80.2327804565,82174,82184,10
12.9913797379,80.2332763672,82184,82194,10
12.9917001724,80.2335968018,82194,82224,30
12.9917001724,80.2335968018,82224,82235,11
12.9918403625,80.2337265015,82235,82245,10
12.9921598434,80.2337036133,82245,82255,10
12.9927501678,80.2338027954,82255,82265,10
12.9932203293,80.2340011597,82265,82275,10
12.9936504364,80.2342834473,82275,82285,10
12.9940795898,80.2345809937,82285,82295,10
12.9945497513,80.2348632813,82295,82305,10
12.9950799942,80.2351608276,82305,82315,10
12.9955196381,80.235458374,82315,82326,11
12.9960098267,80.2359390259,82326,82336,10
12.9963703156,80.2364883423,82336,82346,10
12.9966897964,80.2370986938,82346,82356,10
12.9969797134,80.2375869751,82356,82366,10
12.9972496033,80.2379837036,82366,82376,10
12.9974603653,80.237739563,82376,82386,10
12.9977502823,80.2376785278,82386,82396,10
12.9982404709,80.2380599976,82396,82417,21
12.9982404709,80.2380599976,82417,82427,10
12.9985198975,80.2383422852,82427,82437,10
12.9988002777,80.2382736206,82437,82447,10
12.9991502762,80.2380523682,82447,82457,10
12.9996500015,80.2379837036,82457,82467,10
13.0000896454,80.2381515503,82467,82477,10
13.0005502701,80.2383575439,82477,82487,10
13.0014696121,80.2387237549,82487,82841,354
13.0014696121,80.2387237549,82841,82851,10
13.0016298294,80.2388305664,82851,82862,11
13.0020999908,80.2390213013,82862,82872,10
13.0024900436,80.2391662598,82872,82882,10
13.0030603409,80.2393722534,82882,82892,10
13.0033597946,80.2397232056,82892,82902,10
13.0034999847,80.240272522,82902,82912,10
13.0035400391,80.2404632568,82912,82922,10
13.0037899017,80.2411117554,82922,82932,10
13.0041599274,80.2417602539,82932,82942,10
13.0048999786,80.2418289185,82942,82953,11
13.0055503845,80.2418212891,82953,82963,10
13.0059204102,80.2423477173,82963,82993,30
13.0059204102,80.2423477173,82993,83003,10
13.0057697296,80.242477417,83003,83013,10
13.0053596497,80.2420501709,83013,83023,10
13.0047702789,80.2419128418,83023,83034,11
13.0040302277,80.2417678833,83034,83044,10
13.0037498474,80.2411575317,83044,83054,10
13.0033998489,80.2404708862,83054,83064,10
13.0026502609,80.2401504517,83064,83074,10
13.0022602081,80.2399978638,83074,83084,10
13.0021696091,80.2399520874,83084,83094,10
13.0015897751,80.2397918701,83094,83104,10
13.0009403229,80.2396621704,83104,83114,10
13.0002603531,80.2395401001,83114,83125,11
12.9993801117,80.2393798828,83125,83135,10
12.9990797043,80.2392578125,83135,83145,10
12.9992799759,80.2390975952,83145,83155,10
12.9998903275,80.238571167,83155,83165,10
12.9998903275,80.238571167,83165,83175,10
13.0001296997,80.238571167,83175,83185,10
13.0002298355,80.238319397,83185,83195,10
12.9997901917,80.2380905151,83195,83205,10
12.9993495941,80.2379989624,83205,83215,10
12.998840332,80.2383575439,83215,83227,12
12.9982795715,80.2381515503,83227,83247,20
12.9982795715,80.2381515503,83247,83257,10
12.9979696274,80.2378768921,83257,83267,10
12.9975795746,80.2375030518,83267,83277,10
12.9971704483,80.2370529175,83277,83287,10
12.9966802597,80.2363586426,83287,83297,10
12.9961700439,80.2357330322,83297,83308,11
12.9956598282,80.2351608276,83308,83318,10
12.9952201843,80.2345504761,83318,83329,11
12.9949197769,80.2338409424,83329,83338,9
12.994310379,80.2335128784,83338,83349,11
12.993689537,80.2334518433,83349,83358,9
12.9934997559,80.2337265015,83358,83369,11
12.9932403564,80.2340011597,83369,83379,10
12.9926700592,80.2338027954,83379,83389,10
12.9918003082,80.2337799072,83389,83410,21
12.9918003082,80.2337799072,83410,83420,10
12.9915599823,80.2338180542,83420,83430,10
12.9913597107,80.2336730957,83430,83480,50
12.9913597107,80.2336730957,83480,83491,11
12.9913597107,80.2335586548,83491,83501,10
12.9912395477,80.2331619263,83501,83511,10
12.991060257,80.2326278687,83511,83521,10
12.9909601212,80.231918335,83521,83531,10
12.9908800125,80.2311630249,83531,83541,10
12.9908304214,80.2305679321,83541,83551,10
12.9907503128,80.229888916,83551,83561,10
12.9905900955,80.2292175293,83561,83571,10
12.9904403687,80.2287063599,83571,83582,11
12.9900999069,80.2276916504,83582,83602,20
12.9900999069,80.2276916504,83602,83612,10
12.9899597168,80.2277374268,83612,83622,10
12.9897098541,80.2279281616,83622,83632,10
12.9892702103,80.2281570435,83632,83642,10
12.9889001846,80.2284927368,83642,83652,10
12.9886198044,80.2291793823,83652,83662,10
12.9884195328,80.2296981812,83662,83673,11
12.988240242,80.2302398682,83673,83683,10
12.9880199432,80.2308807373,83683,83693,10
12.987739563,80.2315292358,83693,83703,10
12.9875602722,80.2320709229,83703,83713,10
12.9875402451,80.232208252,83713,83723,10
12.9874801636,80.232749939,83723,83733,10
12.9875001907,80.2330932617,83733,83743,10
12.9879398346,80.2330093384,83743,83753,10
12.9884195328,80.2329025269,83753,83764,11
12.9890403748,80.2329025269,83764,83774,10
12.9895801544,80.233039856,83774,83784,10
12.9899902344,80.2332000732,83784,83794,10
12.9902601242,80.233291626,83794,83804,10
12.9908504486,80.2335128784,83804,83824,20
12.9909601212,80.2335586548,83824,83925,101
12.9909601212,80.2335586548,83925,83936,11
12.9911899567,80.2336578369,83936,83946,10
12.9919900894,80.2337722778,83946,83976,30
12.9919900894,80.2337722778,83976,83986,10
12.9923496246,80.233757019,83986,83996,10
12.9930000305,80.2339096069,83996,84006,10
12.9934501648,80.2341384888,84006,84016,10
12.9938802719,80.2344665527,84016,84027,11
12.9945001602,80.2348403931,84027,84037,10
12.9951200485,80.2351379395,84037,84047,10
12.9956102371,80.2354888916,84047,84057,10
12.9961099625,80.236076355,84057,84067,10
12.996509552,80.2367401123,84067,84077,10
12.9968595505,80.2374267578,84077,84087,10
12.9971399307,80.2378616333,84087,84097,10
12.9973802567,80.2379608154,84097,84107,10
12.9975996017,80.2376708984,84107,84118,11
12.9982700348,80.2381134033,84118,84138,20
12.9982700348,80.2381134033,84138,84148,10
12.9984197617,80.238243103,84148,84158,10
12.9987897873,80.238319397,84158,84168,10
12.9992303848,80.2380828857,84168,84178,10
12.9997396469,80.238067627,84178,84188,10
13.0002698898,80.2382583618,84188,84198,10
13.0010795593,80.2385864258,84198,84209,11
13.0018100739,80.2388916016,84209,84219,10
13.0023803711,80.239112854,84219,84229,10
13.0023498535,80.2394180298,84229,84259,30
13.0023498535,80.2394180298,84259,84269,10
13.0022602081,80.2396392822,84269,84279,10
13.0022001266,80.2399215698,84279,84289,10
13.002579689,80.2400970459,84289,84300,11
13.0033597946,80.2403411865,84300,84310,10
13.0037202835,80.2409591675,84310,84320,10
13.0040397644,80.2416305542,84320,84330,10
13.0046396255,80.2418670654,84330,84340,10
13.0052700043,80.2418212891,84340,84350,10
13.0058803558,80.2418899536,84350,84360,10
13.0058403015,80.2423782349,84360,84380,20
13.0058403015,80.2423782349,84380,84391,11
13.0057096481,80.2423477173,84391,84401,10
13.0053501129,80.2419891357,84401,84411,10
13.0047702789,80.2418670654,84411,84421,10
13.0041303635,80.2418518066,84421,84431,10
13.0038900375,80.2415618896,84431,84441,10
13.003660202,80.2409286499,84441,84451,10
13.0032501221,80.2403488159,84451,84461,10
13.0025396347,80.2401428223,84461,84471,10
13.0020599365,80.2400131226,84471,84482,11
13.0012798309,80.2397613525,84482,84492,10
13.0007095337,80.2396316528,84492,84502,10
12.9999504089,80.2395629883,84502,84512,10
12.9991102219,80.2394104004,84512,84522,10
12.9986801147,80.2392883301,84522,84532,10
12.9980201721,80.2390594482,84532,84542,10
12.9975795746,80.2386322021,84542,84552,10
12.9972000122,80.2380599976,84552,84562,10
12.9968595505,80.2375183105,84562,84573,11
12.996509552,80.2368469238,84573,84583,10
12.9961795807,80.2362365723,84583,84593,10
12.9957799911,80.2356872559,84593,84603,10
12.9952001572,80.2352600098,84603,84613,10
12.9946804047,80.2349777222,84613,84623,10
12.9940004349,80.2345504761,84623,84633,10
12.9935398102,80.234161377,84633,84643,10
12.9930400848,80.2339172363,84643,84653,10
12.9923295975,80.2338104248,84653,84664,11
12.9914903641,80.2338562012,84664,84694,30
12.9914903641,80.2338562012,84694,84704,10
12.9914197922,80.2338409424,84704,84714,10
12.9913797379,80.2336502075,84714,84724,10
12.9915704727,80.2336425781,84724,84734,10
12.9919595718,80.2337188721,84734,84744,10
12.9924001694,80.2337417603,84744,84755,11
12.993060112,80.2339172363,84755,84765,10
12.9934797287,80.2341690063,84765,84775,10
12.9938802719,80.2344589233,84775,84785,10
12.9944000244,80.2347793579,84785,84795,10
12.9950704575,80.235168457,84795,84805,10
12.9954900742,80.235458374,84805,84815,10
12.9960803986,80.236000061,84815,84825,10
12.9965600967,80.2368087769,84825,84835,10
12.9969596863,80.2376098633,84835,84846,11
12.9973497391,80.2381668091,84846,84856,10
12.9978904724,80.2388305664,84856,84866,10
12.9984102249,80.2390594482,84866,84876,10
12.999130249,80.2392883301,84876,84886,10
12.9997997284,80.2394180298,84886,84896,10
13.0006399155,80.2395019531,84896,84906,10
13.0012702942,80.2396316528,84906,84916,10
13.0019798279,80.2398910522,84916,84926,10
13.0022602081,80.239692688,84926,84947,21
13.0022602081,80.239692688,84947,84957,10
13.0022096634,80.2397003174,84957,84967,10
13.0022201538,80.2397003174,84967,84977,10
13.0023202896,80.2394332886,84977,84987,10
13.0023403168,80.2391586304,84987,84997,10
13.0019903183,80.2389831543,84997,85007,10
13.0013399124,80.2387008667,85007,85017,10
13.0005702972,80.2384033203,85017,85028,11
12.999879837,80.238067627,85028,85038,10
12.9994096756,80.2379837036,85038,85048,10
12.9989404678,80.2382736206,85048,85058,10
12.9985303879,80.2384109497,85058,85068,10
12.9982204437,80.2381134033,85068,85078,10
12.9977903366,80.2376937866,85078,85088,10
12.9972696304,80.2371292114,85088,85098,10
12.9968395233,80.2364883423,85098,85108,10
12.9963703156,80.2358932495,85108,85119,11
12.9958496094,80.2352981567,85119,85129,10
12.9954595566,80.23487854,85129,85139,10
12.9951200485,80.2343597412,85139,85149,10
12.9948196411,80.233757019,85149,85159,10
12.9942598343,80.2334899902,85159,85169,10
12.9937095642,80.2334671021,85169,85179,10
12.9934902191,80.233757019,85179,85189,10
12.9932699203,80.2341003418,85189,85200,11
12.9927301407,80.2338867188,85200,85210,10
12.992099762,80.2338409424,85210,85220,10
12.9916601181,80.23387146,85220,85230,10
12.990940094,80.233581543,85230,85250,20
12.990940094,80.233581543,85250,85260,10
12.9909095764,80.2332763672,85260,85280,20
12.9909095764,80.2332763672,85280,85291,11
12.9909296036,80.2334365845,85291,85301,10
12.9910001755,80.2335891724,85301,85311,10
12.9917402267,80.2337188721,85311,85331,20
12.9917402267,80.2337188721,85331,85341,10
12.9918203354,80.2337722778,85341,85351,10
12.9921598434,80.2337722778,85351,85361,10
12.9927396774,80.2338180542,85361,85371,10
12.9933099747,80.234046936,85371,85382,11
12.9937601089,80.2343826294,85382,85392,10
12.994310379,80.2347488403,85392,85402,10
12.9949302673,80.2351226807,85402,85412,10
12.9954795837,80.2354888916,85412,85422,10
12.9960803986,80.236076355,85422,85432,10
12.9965295792,80.2368774414,85432,85442,10
12.9969797134,80.2376403809,85442,85452,10
12.9972400665,80.2380371094,85452,85461,9
12.9974498749,80.2378005981,85461,85473,12
12.9979200363,80.2378463745,85473,85483,10
12.9982500076,80.2381286621,85483,85493,10
12.9983701706,80.2382583618,85493,85503,10
12.9987802505,80.238319397,85503,85513,10
12.9993000031,80.2380065918,85513,85523,10
12.9998703003,80.2380371094,85523,85533,10
13.0004901886,80.2382888794,85533,85543,10
13.0012302399,80.238609314,85543,85553,10
13.0018396378,80.2388763428,85553,85564,11
13.0023803711,80.2390975952,85564,85574,10
13.0024003983,80.2392807007,85574,85584,10
13.0023403168,80.2394790649,85584,85594,10
13.0023097992,80.2395706177,85594,85604,10
13.0021600723,80.2399215698,85604,85614,10
13.0016899109,80.2398223877,85614,85624,10
13.0010404587,80.2396697998,85624,85634,10
13.0003995895,80.2395935059,85634,85644,10
12.9995603561,80.2394714355,85644,85655,11
12.9988298416,80.2393188477,85655,85665,10
12.9981403351,80.2390823364,85665,85675,10
12.9977197647,80.2387390137,85675,85685,10
12.9972801208,80.2381591797,85685,85695,10
12.9968900681,80.2375564575,85695,85705,10
12.9965295792,80.2369003296,85705,85715,10
12.9960403442,80.2360534668,85715,85725,10
12.9954099655,80.2354431152,85725,85735,10
12.994890213,80.2350769043,85735,85746,11
12.9941301346,80.2346572876,85746,85756,10
12.9937896729,80.2343826294,85756,85766,10
12.9934101105,80.234046936,85766,85776,10
12.9930095673,80.2339096069,85776,85786,10
12.992389679,80.2338027954,85786,85796,10
12.9918403625,80.2337799072,85796,85806,10
12.9913797379,80.2336120605,85806,85826,20
12.9913797379,80.2336120605,85826,85837,11
12.9913902283,80.233543396,85837,85847,10
12.9912595749,80.2331771851,85847,85857,10
12.9910802841,80.2327423096,85857,85867,10
12.9909496307,80.2321929932,85867,85877,10
12.9909200668,80.2317428589,85877,85887,10
12.9908895493,80.2316436768,85887,85897,10
12.990819931,80.2311630249,85897,85907,10
12.9907798767,80.2305221558,85907,85917,10
12.9907302856,80.2297973633,85917,85928,11
12.9905395508,80.2290878296,85928,85938,10
12.9903697968,80.2285308838,85938,85948,10
12.9901800156,80.2278594971,85948,85958,10
12.9901599884,80.2277526855,85958,85968,10
12.9900598526,80.2276992798,85968,85978,10
12.9896001816,80.2280578613,85978,85998,20
12.9896001816,80.2280578613,85998,86008,10
12.9894504547,80.2282562256,86008,86019,11
12.9894504547,80.2282562256,86019,86029,10
12.9894504547,80.2282333374,86029,86039,10
12.989159584,80.228302002,86039,86049,10
12.9888401031,80.2287063599,86049,86059,10
12.9886102676,80.2293014526,86059,86069,10
12.9884195328,80.2298202515,86069,86080,11
12.9882602692,80.2303314209,86080,86090,10
12.9879999161,80.2309417725,86090,86100,10
12.987739563,80.2315216064,86100,86111,11
12.9875402451,80.2322998047,86111,86121,10
12.9874897003,80.2329788208,86121,86131,10
12.9877195358,80.2331695557,86131,86141,10
12.9882001877,80.2329788208,86141,86151,10
12.9888601303,80.2329025269,86151,86161,10
12.9894399643,80.2329864502,86161,86171,10
12.9899597168,80.2332000732,86171,86181,10
12.99036026,80.2333526611,86181,86191,10
12.990819931,80.2334899902,86191,86222,31
