12.9968996048,80.257019043,14,347,333
12.9968996048,80.257019043,347,357,10
12.9967403412,80.2567596436,357,600,243
12.9968395233,80.2570266724,600,883,283
12.9969596863,80.2570495605,883,1267,384
12.9968996048,80.256942749,1267,1358,91
12.9966897964,80.2568283081,1358,1419,61
12.9968996048,80.2569122314,1419,5484,4065
12.9968395233,80.2570037842,5484,5575,91
12.996919632,80.2570266724,5575,5615,40
12.9968595505,80.2571563721,5615,5656,41
12.9968996048,80.2570037842,5656,10600,4944
12.9968099594,80.2570877075,10600,11126,526
12.9968099594,80.2570877075,11126,11136,10
12.9969501495,80.256980896,11136,15151,4015
12.9968204498,80.2570266724,15151,15474,323
12.9969100952,80.2569885254,15474,18245,2771
12.9969100952,80.2569885254,18245,18255,10
12.9969902039,80.2568283081,18255,18417,162
12.9968996048,80.2570495605,18417,18660,243
12.9969396591,80.2569732666,18660,18791,131
12.9970197678,80.2568969727,18791,19377,586
12.9970197678,80.2568969727,19377,19388,11
12.9972000122,80.2568206787,19388,19560,172
12.9973802567,80.2566986084,19560,21058,1498
12.9973802567,80.2566986084,21058,21068,10
12.9975795746,80.256980896,21068,21078,10
12.9978599548,80.2570266724,21078,21088,10
12.9979400635,80.2570037842,21088,21098,10
12.9979896545,80.256439209,21098,21483,385
12.9979896545,80.256439209,21483,21493,10
12.9977502823,80.2560806274,21493,21523,30
12.9977502823,80.2560806274,21523,21533,10
12.9978504181,80.255897522,21533,21543,10
12.9980897903,80.2559127808,21543,21554,11
12.99862957,80.2560195923,21554,21564,10
12.9988002777,80.2560806274,21564,21574,10
12.9991798401,80.2561187744,21574,21584,10
12.9997997284,80.2562408447,21584,21594,10
13.0004997253,80.256362915,21594,21604,10
13.0013399124,80.256477356,21604,21614,10
13.0021600723,80.2566223145,21614,21624,10
13.002989769,80.2567825317,21624,21634,10
13.0038995743,80.2569580078,21634,21645,11
13.00481987,80.2571411133,21645,21655,10
13.0056695938,80.2572784424,21655,21665,10
13.0062103271,80.2573776245,21665,21675,10
13.0065803528,80.2571563721,21675,21685,10
13.0065402985,80.2564620972,21685,21695,10
13.0065002441,80.2554168701,21695,21705,10
13.006480217,80.2544403076,21705,21715,10
13.0065202713,80.2533569336,21715,21725,10
13.0065402985,80.2524032593,21725,21736,11
13.0066795349,80.2515182495,21736,21746,10
13.0067796707,80.2504730225,21746,21756,10
13.006770134,80.2492675781,21756,21766,10
13.0066795349,80.2481689453,21766,21776,10
13.006649971,80.2475814819,21776,21786,10
13.0066299438,80.247467041,21786,21796,10
13.0066604614,80.2470703125,21796,21806,10
13.0066604614,80.2463607788,21806,21816,10
13.0066404343,80.2454223633,21816,21827,11
13.0066795349,80.2444381714,21827,21837,10
13.0066795349,80.2435913086,21837,21847,10
13.0066404343,80.2425918579,21847,21857,10
13.0066204071,80.2415237427,21857,21867,10
13.0067100525,80.2406005859,21867,21877,10
13.0069198608,80.2396621704,21877,21887,10
13.0070800781,80.238571167,21887,21897,10
13.0072898865,80.2376174927,21897,21907,10
13.0074596405,80.2368392944,21907,21918,11
13.0076503754,80.2358932495,21918,21928,10
13.0078401566,80.2347793579,21928,21937,9
13.0080404282,80.2337799072,21937,21948,11
13.0082998276,80.2324295044,21948,21958,10
13.0085296631,80.2312774658,21958,21968,10
13.0087795258,80.2299804688,21968,21978,10
13.0090398788,80.2287902832,21978,21988,10
13.0094203949,80.2276306152,21988,21998,10
13.0099096298,80.2265396118,21998,22009,11
13.0104398727,80.225402832,22009,22019,10
13.010890007,80.2243804932,22019,22029,10
13.0113697052,80.2233123779,22029,22039,10
13.0116195679,80.2224807739,22039,22049,10
13.0121202469,80.2215576172,22049,22058,9
13.0123796463,80.2216186523,22058,22069,11
13.0128002167,80.2221832275,22069,22079,10
13.0129995346,80.2223510742,22079,22089,10
13.0132904053,80.222618103,22089,22100,11
13.0135097504,80.2228622437,22100,22110,10
13.0136804581,80.2230529785,22110,22120,10
13.0139198303,80.2232513428,22120,22130,10
13.0142402649,80.2236022949,22130,22140,10
13.0145397186,80.224029541,22140,22150,10
13.0150899887,80.2247390747,22150,22160,10
13.0157403946,80.2252502441,22160,22170,10
13.0163803101,80.2253112793,22170,22180,10
13.0171003342,80.2250900269,22180,22191,11
13.0180597305,80.2247161865,22191,22201,10
13.0189599991,80.2244110107,22201,22211,10
13.0198202133,80.2246322632,22211,22221,10
13.0206403732,80.225227356,22221,22231,10
13.0214395523,80.2258377075,22231,22241,10
13.0222702026,80.2265014648,22241,22251,10
13.0230398178,80.2271728516,22251,22261,10
13.0238599777,80.2279281616,22261,22271,10
13.0244197845,80.2284927368,22271,22282,11
13.0242795944,80.2286376953,22282,22292,10
13.023900032,80.2281570435,22292,22302,10
13.023440361,80.2276916504,22302,22312,10
13.0234098434,80.2276611328,22312,22322,10
13.0233402252,80.2275772095,22322,22332,10
13.0229997635,80.2272567749,22332,22342,10
13.0224304199,80.2267379761,22342,22352,10
13.0217399597,80.2261123657,22352,22362,10
13.0209102631,80.2254714966,22362,22373,11
13.0205898285,80.2252426147,22373,22383,10
13.0201997757,80.2249832153,22383,22393,10
13.0198698044,80.2247619629,22393,22403,10
13.0191402435,80.2244720459,22403,22413,10
13.0181798935,80.2247161865,22413,22423,10
13.0171604156,80.225151062,22423,22433,10
13.0167598724,80.2253265381,22433,22443,10
13.016579628,80.2254104614,22443,22454,11
13.0164699554,80.2254333496,22454,22464,10
13.0159797668,80.2256164551,22464,22474,10
13.0152397156,80.2258987427,22474,22484,10
13.0145196915,80.2261810303,22484,22494,10
13.014380455,80.2262268066,22494,22504,10
13.0138998032,80.2264099121,22504,22514,10
13.013130188,80.2266998291,22514,22524,10
13.0121898651,80.2270812988,22524,22534,10
13.0111198425,80.2275085449,22534,22545,11
13.0099000931,80.2280197144,22545,22555,10
13.0091695786,80.2285766602,22555,22565,10
13.0089797974,80.2295227051,22565,22575,10
13.0087499619,80.2305908203,22575,22585,10
13.0084695816,80.2315979004,22585,22595,10
13.0083198547,80.2327575684,22595,22605,10
13.0082702637,80.2333526611,22605,22615,10
13.0082197189,80.233581543,22615,22625,10
13.0080699921,80.2341766357,22625,22636,11
13.0078601837,80.2352218628,22636,22646,10
13.0076198578,80.2363128662,22646,22656,10
13.007349968,80.2375488281,22656,22666,10
13.007060051,80.2387695313,22666,22676,10
13.0068597794,80.2399673462,22676,22686,10
13.0066699982,80.2410736084,22686,22696,10
13.0066099167,80.2421722412,22696,22706,10
13.0066604614,80.2432174683,22706,22716,10
13.006649971,80.2442474365,22716,22727,11
13.0066900253,80.2453765869,22727,22737,10
13.0067796707,80.2462387085,22737,22747,10
13.0067996979,80.2471389771,22747,22757,10
13.0061502457,80.2473983765,22757,22797,40
13.0061502457,80.2473983765,22797,22807,10
13.0055704117,80.2473602295,22807,22818,11
13.004699707,80.2473907471,22818,22828,10
13.0036401749,80.2475204468,22828,22838,10
13.002409935,80.2477416992,22838,22848,10
13.0011196136,80.2480697632,22848,22858,10
12.9997501373,80.2484207153,22858,22868,10
12.9983301163,80.2487716675,22868,22878,10
12.9968595505,80.2491378784,22878,22888,10
12.9954004288,80.2495269775,22888,22898,10
12.993929863,80.2499084473,22898,22909,11
12.9923000336,80.2503204346,22909,22919,10
12.9911603928,80.2506408691,22919,22929,10
12.9910202026,80.2506484985,22929,22939,10
12.9905700684,80.2507324219,22939,22949,10
12.9897203445,80.2509384155,22949,22959,10
12.9888000488,80.2511825562,22959,22969,10
12.9882297516,80.2513580322,22969,23000,31
12.9882297516,80.2513580322,23000,23010,10
12.9879398346,80.2513885498,23010,23020,10
12.9874296188,80.2514801025,23020,23030,10
12.986579895,80.251739502,23030,23040,10
12.9854898453,80.2519989014,23040,23050,10
12.9842195511,80.2523574829,23050,23060,10
12.9828395844,80.2526397705,23060,23070,10
12.9814395905,80.2526779175,23070,23080,10
12.9803104401,80.2527389526,23080,23091,11
12.9791202545,80.2526702881,23091,23101,10
12.9785604477,80.2525634766,23101,23111,10
12.978269577,80.2523574829,23111,23121,10
12.9776296616,80.2517929077,23121,23131,10
12.9766101837,80.2512588501,23131,23141,10
12.9753198624,80.250869751,23141,23151,10
12.9740400314,80.25050354,23151,23161,10
12.9727296829,80.2501678467,23161,23171,10
12.9712896347,80.2497787476,23171,23182,11
12.9697399139,80.2492218018,23182,23192,10
12.9683704376,80.2486724854,23192,23202,10
12.9671401978,80.2481613159,23202,23212,10
12.9662103653,80.2477722168,23212,23222,10
12.9655799866,80.2475204468,23222,23232,10
12.965379715,80.247428894,23232,23242,10
12.9649496078,80.2472381592,23242,23252,10
12.9641504288,80.2469482422,23252,23262,10
12.9634504318,80.2466583252,23262,23273,11
12.9628000259,80.2463302612,23273,23283,10
12.9617300034,80.2458114624,23283,23293,10
12.9605302811,80.245262146,23293,23303,10
12.9594402313,80.2448196411,23303,23313,10
12.959230423,80.244720459,23313,23323,10
12.9586400986,80.2444381714,23323,23333,10
12.9570398331,80.2437973022,23333,23343,10
12.9570398331,80.2437973022,23343,23353,10
12.9563999176,80.2435073853,23353,23364,11
12.9557304382,80.2432403564,23364,23374,10
12.9547700882,80.2428283691,23374,23384,10
12.9536304474,80.2423706055,23384,23394,10
12.9525203705,80.2419204712,23394,23404,10
12.9519701004,80.2417602539,23404,23414,10
12.9518995285,80.2417221069,23414,23424,10
12.9511604309,80.2414398193,23424,23433,9
12.9502696991,80.2411804199,23433,23444,11
12.9491500854,80.2408370972,23444,23455,11
12.9476299286,80.2401733398,23455,23466,11
12.9462499619,80.2396011353,23466,23476,10
12.9449596405,80.2388000488,23476,23486,10
12.9437999725,80.2375793457,23486,23496,10
12.9426498413,80.2366027832,23496,23506,10
12.9413795471,80.2361984253,23506,23516,10
12.9402704239,80.2359237671,23516,23526,10
12.9399795532,80.2358322144,23526,23536,10
12.9395103455,80.2355804443,23536,23547,11
12.9386396408,80.2351379395,23547,23557,10
12.9375,80.2345962524,23557,23567,10
12.9362096786,80.2340011597,23567,23577,10
12.9348402023,80.2333831787,23577,23587,10
12.9338703156,80.232963562,23587,23597,10
12.9337100983,80.2328720093,23597,23607,10
12.933139801,80.2326126099,23607,23617,10
12.9321899414,80.2322463989,23617,23627,10
12.9309597015,80.2318267822,23627,23638,11
12.9294395447,80.2314224243,23638,23648,10
12.927980423,80.2311630249,23648,23658,10
12.926440239,80.2309799194,23658,23668,10
12.9249401093,80.230796814,23668,23678,10
12.9233999252,80.2306213379,23678,23688,10
12.9218502045,80.2303771973,23688,23698,10
12.9202404022,80.2301712036,23698,23708,10
12.9187097549,80.2299804688,23708,23719,11
12.9171199799,80.2297821045,23719,23729,10
12.9156398773,80.2295837402,23729,23739,10
12.9142599106,80.2294006348,23739,23749,10
12.9134197235,80.229309082,23749,23759,10
12.9131002426,80.2292480469,23759,23769,10
12.9123001099,80.229133606,23769,23779,10
12.9111700058,80.2289733887,23779,23789,10
12.9097995758,80.228767395,23789,23799,10
12.9084796906,80.228553772,23799,23810,11
12.9073400497,80.2283477783,23810,23820,10
12.9067401886,80.2283172607,23820,23830,10
12.9060602188,80.2282104492,23830,23839,9
12.9051399231,80.2281570435,23839,23850,11
12.9036998749,80.2280883789,23850,23860,10
12.9023599625,80.2280197144,23860,23870,10
12.9013004303,80.2279815674,23870,23880,10
12.9005203247,80.2279205322,23880,23890,10
12.8997297287,80.2278823853,23890,23901,11
12.8994598389,80.2278823853,23901,23911,10
12.8989601135,80.2278366089,23911,23921,10
12.8981199265,80.2277908325,23921,23931,10
12.8970098495,80.2277297974,23931,23941,10
12.8957395554,80.2276763916,23941,23951,10
12.8945198059,80.2276229858,23951,23961,10
12.8933801651,80.2275085449,23961,23971,10
12.8921003342,80.2273788452,23971,23981,10
12.8907003403,80.2273712158,23981,23992,11
12.8890800476,80.2273864746,23992,24002,10
12.8876199722,80.2272796631,24002,24012,10
12.8861598969,80.2269821167,24012,24022,10
12.8848104477,80.2267227173,24022,24032,10
12.8834495544,80.2267303467,24032,24042,10
12.8820295334,80.2267608643,24042,24052,10
12.8805599213,80.2267684937,24052,24062,10
12.8790597916,80.2267990112,24062,24072,10
12.877530098,80.2269134521,24072,24083,11
12.8764400482,80.2269973755,24083,24093,10
12.87637043,80.2269897461,24093,24103,10
12.8759002686,80.2269897461,24103,24113,10
12.8750295639,80.2269210815,24113,24123,10
12.8738603592,80.2267837524,24123,24133,10
12.8726301193,80.2267227173,24133,24143,10
12.8713798523,80.2266693115,24143,24153,10
12.8699998856,80.2265777588,24153,24163,10
12.8685598373,80.2264022827,24163,24174,11
12.866900444,80.2264862061,24174,24184,10
12.8654403687,80.2266235352,24184,24194,10
12.8639497757,80.2265701294,24194,24204,10
12.8624200821,80.2265777588,24204,24214,10
12.861120224,80.2266387939,24214,24224,10
12.8608503342,80.2266082764,24224,24234,10
12.8602800369,80.2265319824,24234,24244,10
12.8593301773,80.2263870239,24244,24254,10
12.8582601547,80.2262573242,24254,24265,11
12.8568696976,80.226348877,24265,24275,10
12.8554697037,80.2265014648,24275,24285,10
12.8539800644,80.2266616821,24285,24295,10
12.8524398804,80.2267227173,24295,24305,10
12.850859642,80.2266387939,24305,24315,10
12.8492603302,80.2266082764,24315,24325,10
12.8476600647,80.226600647,24325,24335,10
12.846159935,80.2266235352,24335,24345,10
12.8453903198,80.2266387939,24345,24356,11
12.8450202942,80.2266387939,24356,24366,10
12.8442201614,80.2266998291,24366,24376,10
12.8431396484,80.226852417,24376,24386,10
12.8418598175,80.2271194458,24386,24396,10
12.8405599594,80.2274703979,24396,24406,10
12.8400602341,80.2276306152,24406,24416,10
12.8399896622,80.2276992798,24416,24426,10
12.8397102356,80.2278137207,24426,24436,10
12.8395395279,80.2278671265,24436,24447,11
12.8387899399,80.2279891968,24447,24457,10
12.8377799988,80.2282180786,24457,24467,10
12.8365402222,80.2284088135,24467,24477,10
12.8351402283,80.2286224365,24477,24487,10
12.8337001801,80.2288589478,24487,24497,10
12.8325500488,80.2291030884,24497,24507,10
12.8324298859,80.2291412354,24507,24517,10
12.8320302963,80.2291870117,24517,24527,10
12.8312101364,80.2293777466,24527,24538,11
12.8299999237,80.2298202515,24538,24548,10
12.8287200928,80.2303619385,24548,24558,10
12.8274002075,80.2311019897,24558,24568,10
12.8259296417,80.2313995361,24568,24578,10
12.824379921,80.2313308716,24578,24588,10
12.8228397369,80.2308807373,24588,24598,10
12.8212900162,80.2304992676,24598,24608,10
12.8197698593,80.2304992676,24608,24618,10
12.8185396194,80.2303390503,24618,24629,11
12.8172502518,80.2297592163,24629,24639,10
12.8159999847,80.2294616699,24639,24649,10
12.8146295547,80.2292633057,24649,24659,10
12.8131799698,80.2288665771,24659,24669,10
12.8117198944,80.2283401489,24669,24679,10
12.8102502823,80.2277603149,24679,24689,10
12.8088502884,80.2270126343,24689,24699,10
12.8076000214,80.2259674072,24699,24709,10
12.8065795898,80.2250595093,24709,24720,11
12.805560112,80.2241897583,24720,24730,10
12.8045301437,80.2239227295,24730,24740,10
12.8034896851,80.2238388062,24740,24750,10
12.8022699356,80.2236862183,24750,24760,10
12.8010396957,80.2235717773,24760,24770,10
12.7997903824,80.2234725952,24770,24780,10
12.7985200882,80.2233505249,24780,24790,10
12.7971897125,80.2232131958,24790,24800,10
12.7960796356,80.2230072021,24800,24811,11
12.7959003448,80.2229614258,24811,24821,10
12.7953996658,80.2228622437,24821,24831,10
12.7944898605,80.2226791382,24831,24841,10
12.7933101654,80.2225036621,24841,24851,10
12.7920198441,80.2222671509,24851,24861,10
12.7908201218,80.2219696045,24861,24871,10
12.7898397446,80.2217330933,24871,24881,10
12.7890701294,80.2214508057,24881,24891,10
12.788310051,80.2211608887,24891,24902,11
12.7870998383,80.2206878662,24902,24922,20
12.7870197296,80.2206573486,24922,24942,20
12.7870197296,80.2206573486,24942,24952,10
12.7867498398,80.2205429077,24952,24962,10
12.7866096497,80.2204971313,24962,24972,10
12.7863998413,80.220413208,24972,24982,10
12.7862701416,80.2203903198,24982,24993,11
12.7862100601,80.2208404541,24993,25053,60
12.7862100601,80.2208404541,25053,25063,10
12.7862195969,80.2212219238,25063,25154,91
12.7862195969,80.2213821411,25154,25215,61
12.7862195969,80.2213821411,25215,25225,10
12.7862195969,80.2217483521,25225,25235,10
12.7862300873,80.222076416,25235,26024,789
12.7862300873,80.222076416,26024,26034,10
12.7862501144,80.2218017578,26034,26044,10
12.7862501144,80.2211990356,26044,26054,10
12.7862300873,80.2204437256,26054,26064,10
12.786529541,80.220451355,26064,26075,11
12.7866201401,80.2204971313,26075,26085,10
12.7866897583,80.2205734253,26085,26095,10
12.7871198654,80.2207336426,26095,26105,10
12.7877998352,80.2209701538,26105,26115,10
12.7886295319,80.2212905884,26115,26125,10
12.7894802094,80.2215805054,26125,26135,10
12.7902002335,80.2218017578,26135,26145,10
12.7910604477,80.2220230103,26145,26155,10
12.7920598984,80.2222671509,26155,26166,11
12.7931604385,80.2224578857,26166,26176,10
12.7941198349,80.2225799561,26176,26186,10
12.7951202393,80.2227401733,26186,26196,10
12.7961397171,80.2229385376,26196,26206,10
12.796500206,80.2229690552,26206,26216,10
12.796620369,80.2229919434,26216,26226,10
12.7970104218,80.2230834961,26226,26236,10
12.7975301743,80.2231826782,26236,26246,10
12.7980604172,80.2232513428,26246,26257,11
12.7985401154,80.2233200073,26257,26287,30
12.7985401154,80.2233200073,26287,26297,10
12.798740387,80.2233200073,26297,26307,10
12.799079895,80.2233581543,26307,26317,10
12.799779892,80.2234191895,26317,26327,10
12.800740242,80.2235336304,26327,26338,11
12.8015203476,80.2235870361,26338,26348,10
12.801659584,80.2236099243,26348,26358,10
12.8022203445,80.2236785889,26358,26368,10
12.8030195236,80.2237930298,26368,26378,10
12.8040399551,80.2238769531,26378,26388,10
12.8050899506,80.2240066528,26388,26398,10
12.8056097031,80.2241592407,26398,26408,10
12.8057603836,80.2242507935,26408,26418,10
12.8062295914,80.2246627808,26418,26429,11
12.8070497513,80.2253570557,26429,26439,10
12.8079395294,80.2261581421,26439,26449,10
12.8089799881,80.2270278931,26449,26459,10
12.8102302551,80.227722168,26459,26469,10
12.8116197586,80.2282791138,26469,26479,10
12.8130598068,80.2287902832,26479,26489,10
12.8145399094,80.2292175293,26489,26499,10
12.8160896301,80.2294387817,26499,26509,10
12.8175802231,80.2298202515,26509,26520,11
12.8191099167,80.2304763794,26520,26530,10
12.8198604584,80.2304611206,26530,26540,10
12.8200397491,80.2304534912,26540,26550,10
12.8207302094,80.2304382324,26550,26560,10
12.82172966,80.2304916382,26560,26570,10
12.8229198456,80.2308120728,26570,26580,10
12.8242502213,80.2311706543,26580,26590,10
12.8256797791,80.2313766479,26590,26600,10
12.8271198273,80.2312164307,26600,26611,11
12.8282499313,80.2306213379,26611,26621,10
12.8293800354,80.2300491333,26621,26631,10
12.8311700821,80.2293395996,26631,26651,20
12.8311700821,80.2293395996,26651,26661,10
12.831580162,80.2292404175,26661,26671,10
12.8323001862,80.2290725708,26671,26681,10
12.8332996368,80.2288894653,26681,26691,10
12.8345298767,80.2286682129,26691,26702,11
12.8360204697,80.2284393311,26702,26712,10
12.8374795914,80.2282333374,26712,26722,10
12.8388700485,80.2279205322,26722,26732,10
12.8395204544,80.2276992798,26732,26762,30
12.8395204544,80.2276992798,26762,26772,10
12.8399295807,80.2275695801,26772,26782,10
12.8406000137,80.227432251,26782,26793,11
12.8416004181,80.2271575928,26793,26803,10
12.8427495956,80.2268981934,26803,26813,10
12.8440599442,80.2266769409,26813,26823,10
12.8452501297,80.2265396118,26823,26833,10
12.8455400467,80.2265167236,26833,26843,10
12.8458404541,80.2265167236,26843,26853,10
12.8465003967,80.2265319824,26853,26863,10
12.8474903107,80.2265319824,26863,26873,10
12.8486604691,80.2265396118,26873,26884,11
12.8500995636,80.2265472412,26884,26894,10
12.8515195847,80.226600647,26894,26904,10
12.8530397415,80.2266616821,26904,26914,10
12.8545799255,80.2265396118,26914,26924,10
12.8561201096,80.2263717651,26924,26934,10
12.8576803207,80.2262115479,26934,26944,10
12.8589696884,80.2262420654,26944,26954,10
12.8602895737,80.2264328003,26954,26964,10
12.8609695435,80.2265014648,26964,26975,11
12.8613595963,80.2265396118,26975,26985,10
12.8621997833,80.2265319824,26985,26995,10
12.8632602692,80.2265014648,26995,27005,10
12.8645401001,80.2265396118,27005,27014,9
12.8659095764,80.2265701294,27014,27025,11
12.8669900894,80.2264785767,27025,27035,10
12.8685102463,80.2263565063,27035,27045,10
12.8701400757,80.2265319824,27045,27055,10
12.8716697693,80.2266387939,27055,27066,11
12.8731403351,80.2266387939,27066,27076,10
12.8744401932,80.2267608643,27076,27086,10
12.8758296967,80.2269134521,27086,27096,10
12.8769302368,80.2269134521,27096,27106,10
12.8774700165,80.2268371582,27106,27116,10
12.8781604767,80.2267913818,27116,27126,10
12.8791599274,80.2267227173,27126,27136,10
12.8803796768,80.2266998291,27136,27146,10
12.8817796707,80.2266769409,27146,27157,11
12.8834295273,80.2266769409,27157,27167,10
12.8849000931,80.2266311646,27167,27177,10
12.8853797913,80.2266693115,27177,27187,10
12.8856601715,80.2267303467,27187,27197,10
12.8863296509,80.2269134521,27197,27207,10
12.8872900009,80.2271575928,27207,27217,10
12.8884601593,80.2273178101,27217,27227,10
12.8898200989,80.2273406982,27227,27237,10
12.891289711,80.2273178101,27237,27248,11
12.8929395676,80.2273864746,27248,27258,10
12.8943996429,80.2275619507,27258,27268,10
12.8958597183,80.2276306152,27268,27278,10
12.8974599838,80.2276992798,27278,27288,10
12.8987798691,80.2277832031,27288,27298,10
12.8997297287,80.2278137207,27298,27308,10
12.9004802704,80.2278213501,27308,27359,51
12.9004802704,80.2278213501,27359,27369,10
12.9010896683,80.227897644,27369,27379,10
12.9018096924,80.2279586792,27379,27389,10
12.9032297134,80.2279586792,27389,27409,20
12.9032297134,80.2279586792,27409,27420,11
12.9034004211,80.2279815674,27420,27430,10
12.9040803909,80.2280502319,27430,27440,10
12.9049797058,80.2281265259,27440,27450,10
12.9056797028,80.2281799316,27450,27460,10
12.9060096741,80.228187561,27460,27480,20
12.9061698914,80.2282104492,27480,27511,31
12.9061698914,80.2282104492,27511,27521,10
12.9063997269,80.2282409668,27521,27531,10
12.9066896439,80.2282485962,27531,27541,10
12.9071397781,80.2282562256,27541,27551,10
12.9071302414,80.2282562256,27551,27561,10
12.9073400497,80.2283172607,27561,27571,10
12.9080200195,80.2284164429,27571,27581,10
12.9089899063,80.2285995483,27581,27591,10
12.9101600647,80.2287902832,27591,27602,11
12.9116201401,80.2289962769,27602,27612,10
12.9130296707,80.2291793823,27612,27622,10
12.9140100479,80.2292861938,27622,27632,10
12.9141902924,80.2293167114,27632,27642,10
12.9147500992,80.2294082642,27642,27652,10
12.9155702591,80.2295303345,27652,27662,10
12.9166498184,80.2296829224,27662,27672,10
12.9179000854,80.2298583984,27672,27682,10
12.9192399979,80.2300491333,27682,27693,11
12.9208402634,80.2302474976,27693,27703,10
12.9221696854,80.230430603,27703,27713,10
12.9236803055,80.2306594849,27713,27723,10
12.925359726,80.2308731079,27723,27733,10
12.9269199371,80.2310409546,27733,27743,10
12.9284000397,80.2312164307,27743,27753,10
12.9296398163,80.2314605713,27753,27763,10
12.9309597015,80.2318115234,27763,27773,10
12.9323396683,80.2322463989,27773,27784,11
12.9338798523,80.2328262329,27784,27804,20
12.9338798523,80.2328262329,27804,27814,10
12.9340400696,80.2329330444,27814,27824,10
12.934630394,80.2332229614,27824,27834,10
12.9354496002,80.2336120605,27834,27844,10
12.9360799789,80.2338867188,27844,27854,10
12.9368200302,80.2342529297,27854,27864,10
12.9377803802,80.2346878052,27864,27875,11
12.9390001297,80.2352905273,27875,27885,10
12.939740181,80.2356567383,27885,27895,10
12.9397802353,80.2356796265,27895,27905,10
12.9400997162,80.2358322144,27905,27915,10
12.9408597946,80.236038208,27915,27925,10
12.9417896271,80.2362670898,27925,27935,10
12.9428195953,80.2366485596,27935,27945,10
12.9437503815,80.2374191284,27945,27955,10
12.9446496964,80.2384262085,27955,27966,11
12.945690155,80.2393417358,27966,27976,10
12.9468097687,80.2397537231,27976,27986,10
12.9469995499,80.2398376465,27986,27996,10
12.9474401474,80.2400588989,27996,28006,10
12.948220253,80.2403717041,28006,28016,10
12.9489297867,80.2406234741,28016,28026,10
12.9494199753,80.240852356,28026,28036,10
12.9502000809,80.2410888672,28036,28046,10
12.9511804581,80.2413406372,28046,28067,21
12.9511804581,80.2413406372,28067,28077,10
12.9512996674,80.2414016724,28077,28087,10
12.951880455,80.2415924072,28087,28097,10
12.9525098801,80.241859436,28097,28107,10
12.9534597397,80.2422103882,28107,28117,10
12.9542303085,80.242477417,28117,28127,10
12.9549798965,80.2428436279,28127,28137,10
12.9558601379,80.2431793213,28137,28148,11
12.9564695358,80.2434387207,28148,28158,10
12.9569797516,80.2436523438,28158,28168,10
12.9577703476,80.2439575195,28168,28178,10
12.9586296082,80.2442932129,28178,28188,10
12.9588899612,80.2444076538,28188,28198,10
12.9590902328,80.2445526123,28198,28208,10
12.9596204758,80.2447891235,28208,28218,10
12.9603595734,80.2451171875,28218,28228,10
12.9612398148,80.2455215454,28228,28239,11
12.9623603821,80.2461013794,28239,28249,10
12.9631500244,80.2465286255,28249,28269,20
12.9631500244,80.2465286255,28269,28279,10
12.96352005,80.2466583252,28279,28289,10
12.9640197754,80.2468566895,28289,28299,10
12.9647397995,80.2471313477,28299,28309,10
12.9654197693,80.2473373413,28309,28319,10
12.9662504196,80.2476501465,28319,28330,11
12.9665002823,80.2477416992,28330,28340,10
12.9666099548,80.2477798462,28340,28350,10
12.967040062,80.2480392456,28350,28360,10
12.9677600861,80.2483596802,28360,28370,10
12.9687299728,80.2487564087,28370,28380,10
12.9697198868,80.2491989136,28380,28390,10
12.9708595276,80.2496185303,28390,28400,10
12.9720001221,80.2499237061,28400,28410,10
12.9731197357,80.2502212524,28410,28421,11
12.9743499756,80.250541687,28421,28431,10
12.9755601883,80.2508621216,28431,28441,10
12.9768104553,80.2512207031,28441,28451,10
12.9778299332,80.2517929077,28451,28461,10
12.9784603119,80.2522735596,28461,28471,10
12.978509903,80.2523422241,28471,28481,10
12.9789304733,80.2525634766,28481,28491,10
12.97976017,80.2526779175,28491,28532,41
12.97976017,80.2526779175,28532,28542,10
12.9798898697,80.2527084351,28542,28552,10
12.9802598953,80.2527084351,28552,28562,10
12.9807300568,80.2526779175,28562,28572,10
12.981470108,80.2526626587,28572,28582,10
12.982460022,80.2526168823,28582,28592,10
12.9836301804,80.2524795532,28592,28603,11
12.9850196838,80.2521209717,28603,28613,10
12.9860496521,80.2518463135,28613,28623,10
12.9873504639,80.2514801025,28623,28663,40
12.9873504639,80.2514801025,28663,28673,10
12.9876098633,80.2514190674,28673,28683,10
12.9880599976,80.2513198853,28683,28694,11
12.9889297485,80.251121521,28694,28704,10
12.989979744,80.2508163452,28704,28713,9
12.9903202057,80.2507095337,28713,28724,11
12.9905004501,80.2506866455,28724,28734,10
12.9910001755,80.2505493164,28734,28744,10
12.9918603897,80.2503433228,28744,28754,10
12.9928398132,80.2500991821,28754,28764,10
12.9939804077,80.2498016357,28764,28774,10
12.9952402115,80.2494888306,28774,28785,11
12.9967899323,80.2490386963,28785,28805,20
12.9967899323,80.2490386963,28805,28815,10
12.9970502853,80.2489929199,28815,28825,10
12.9976701736,80.2488479614,28825,28835,10
12.9985399246,80.248626709,28835,28845,10
12.9996404648,80.2483825684,28845,28855,10
13.0008802414,80.2480697632,28855,28865,10
13.0021400452,80.247756958,28865,28876,11
13.0032901764,80.247543335,28876,28886,10
13.0044803619,80.2473678589,28886,28896,10
13.0057296753,80.2471466064,28896,28906,10
13.0064601898,80.2466278076,28906,28916,10
13.0065002441,80.2465362549,28916,28926,10
13.0065603256,80.2464370728,28926,28936,10
13.0066604614,80.2459030151,28936,28946,10
13.006649971,80.2450866699,28946,28956,10
13.0066299438,80.2443084717,28956,28967,11
13.0066204071,80.2436981201,28967,28977,10
13.0065603256,80.2429428101,28977,28987,10
13.0065603256,80.2419815063,28987,28997,10
13.0066299438,80.2409362793,28997,29007,10
13.0067396164,80.240272522,29007,29016,9
13.0069799423,80.2395095825,29016,29027,11
13.0071802139,80.2383575439,29027,29037,10
13.0073795319,80.2372970581,29037,29047,10
13.0074596405,80.2365875244,29047,29058,11
13.0074796677,80.236541748,29058,29068,10
13.0075798035,80.2363510132,29068,29078,10
13.0076799393,80.2358169556,29078,29088,10
13.0078401566,80.2350387573,29088,29098,10
13.0080404282,80.2341003418,29098,29108,10
13.0082597733,80.2329788208,29108,29118,10
13.0085096359,80.2318191528,29118,29128,10
13.0087604523,80.2303619385,29128,29138,10
13.009059906,80.2289276123,29138,29149,11
13.0092201233,80.2281417847,29149,29159,10
13.009469986,80.2276000977,29159,29169,10
13.0098695755,80.2267379761,29169,29179,10
13.0103998184,80.2257614136,29179,29189,10
13.0107803345,80.2248764038,29189,29199,10
13.0110998154,80.2240219116,29199,29209,10
13.0113401413,80.2234268188,29209,29219,10
13.0114402771,80.2232208252,29219,29229,10
13.0116100311,80.2228469849,29229,29240,11
13.0118598938,80.2219390869,29240,29250,10
13.0123195648,80.221496582,29250,29260,10
13.0126895905,80.2220306396,29260,29270,10
13.0133104324,80.2226791382,29270,29280,10
13.0138301849,80.2232589722,29280,29290,10
13.0145301819,80.2238922119,29290,29300,10
13.0152397156,80.2247161865,29300,29321,21
13.0152397156,80.2247161865,29321,29331,10
13.0154399872,80.2250518799,29331,29341,10
13.0160198212,80.2253417969,29341,29351,10
13.016960144,80.2251968384,29351,29361,10
13.0179595947,80.2247924805,29361,29371,10
13.0194501877,80.2243423462,29371,29412,41
13.0196399689,80.224357605,29412,29432,20
13.0196399689,80.224357605,29432,29442,10
13.0197896957,80.2244796753,29442,29452,10
13.0200996399,80.2247467041,29452,29462,10
13.0206098557,80.2251281738,29462,29472,10
13.0211801529,80.2255401611,29472,29482,10
13.021490097,80.2257385254,29482,29604,122
13.0215797424,80.2259597778,29604,30210,606
13.0215797424,80.2259597778,30210,30220,10
13.0218000412,80.2261428833,30220,30231,11
13.0222597122,80.2265014648,30231,30241,10
13.0228300095,80.2269821167,30241,30251,10
13.0233802795,80.2274780273,30251,30261,10
13.0237197876,80.2277679443,30261,30271,10
13.0241003036,80.2281265259,30271,30281,10
13.0242996216,80.2283477783,30281,30291,10
13.0244102478,80.228477478,30291,30301,10
13.0241699219,80.2284698486,30301,30311,10
13.023730278,80.2279205322,30311,30322,11
13.0230998993,80.2274017334,30322,30423,101
13.0230197906,80.2270278931,30423,30644,221
13.0229597092,80.2271499634,30644,30746,102
13.0229902267,80.2272491455,30746,30928,182
13.0229101181,80.2270965576,30928,30979,51
13.0229101181,80.2270965576,30979,30989,10
13.0227003098,80.2268981934,30989,30999,10
13.0223398209,80.2265625,30999,31009,10
13.021780014,80.2260818481,31009,31019,10
13.0210599899,80.2255325317,31019,31029,10
13.0205602646,80.225227356,31029,31039,10
13.0201702118,80.2249603271,31039,31050,11
13.0197000504,80.2246170044,31050,31060,10
13.0190496445,80.2244873047,31060,31070,10
13.0182504654,80.2247390747,31070,31080,10
13.017370224,80.2250976563,31080,31090,10
13.0166301727,80.2253875732,31090,31100,10
13.016289711,80.2254562378,31100,31110,10
13.0159301758,80.2256622314,31110,31120,10
13.0153198242,80.2259368896,31120,31130,10
13.0147695541,80.2261428833,31130,31141,11
13.0142698288,80.2263183594,31141,31151,10
13.0138196945,80.2265396118,31151,31171,20
13.0138196945,80.2265396118,31171,31181,10
13.0135297775,80.2266464233,31181,31191,10
13.012960434,80.226852417,31191,31201,10
13.012169838,80.2271118164,31201,31211,10
13.0112495422,80.2274780273,31211,31221,10
13.0103397369,80.2279129028,31221,31232,11
13.0094299316,80.2282867432,31232,31242,10
13.0090503693,80.2290496826,31242,31252,10
13.0088996887,80.2299880981,31252,31262,10
13.0086402893,80.2310714722,31262,31272,10
13.0084400177,80.2321624756,31272,31282,10
13.0082702637,80.2331237793,31282,31292,10
13.0082502365,80.2334671021,31292,31302,10
13.0081796646,80.2337188721,31302,31312,10
13.0080900192,80.2342300415,31312,31323,11
13.0078601837,80.2351837158,31323,31333,10
13.0076799393,80.2360610962,31333,31343,10
13.0074996948,80.2371063232,31343,31353,10
13.0072402954,80.2382278442,31353,31363,10
13.0070400238,80.2392120361,31363,31373,10
13.0069198608,80.2399902344,31373,31383,10
13.0067100525,80.2410430908,31383,31414,31
13.0067100525,80.2410430908,31414,31424,10
13.0066995621,80.2411193848,31424,31434,10
13.0066795349,80.2414932251,31434,31444,10
13.0066900253,80.2420806885,31444,31454,10
13.0066900253,80.2428131104,31454,31464,10
13.0066699982,80.2438964844,31464,31494,30
13.0066699982,80.2438964844,31494,31505,11
13.0066795349,80.2442474365,31505,31515,10
13.0066699982,80.2444229126,31515,31525,10
13.0066604614,80.2448272705,31525,31535,10
13.0067195892,80.2453384399,31535,31545,10
13.0067796707,80.2459030151,31545,31555,10
13.0068101883,80.2465362549,31555,31565,10
13.0067901611,80.2471389771,31565,31575,10
13.0059995651,80.2474975586,31575,31606,31
13.0059995651,80.2474975586,31606,31616,10
13.0055799484,80.2473526001,31616,31626,10
13.0049104691,80.2473678589,31626,31636,10
13.0040302277,80.2475204468,31636,31646,10
13.002989769,80.2476577759,31646,31656,10
13.0017995834,80.2478637695,31656,31666,10
13.0005702972,80.2482070923,31666,31676,10
12.9992399216,80.248550415,31676,31686,10
12.9982500076,80.248840332,31686,31697,11
12.9981899261,80.2488479614,31697,31707,10
12.9979896545,80.2489013672,31707,31717,10
12.9973802567,80.2490005493,31717,31727,10
12.9964895248,80.2492218018,31727,31737,10
12.9954395294,80.2494888306,31737,31747,10
12.9942398071,80.249786377,31747,31757,10
12.9929599762,80.2500991821,31757,31767,10
12.9916801453,80.2504501343,31767,31778,11
12.990819931,80.2507171631,31778,31798,20
12.990819931,80.2507171631,31798,31808,10
12.990530014,80.2508010864,31808,32202,394
12.990530014,80.2508010864,32202,32212,10
12.9902200699,80.250793457,32212,32222,10
12.9897603989,80.2509002686,32222,32233,11
12.9892501831,80.2509994507,32233,32243,10
12.9888801575,80.251083374,32243,32253,10
12.9884300232,80.2512130737,32253,32263,10
12.9880599976,80.2513198853,32263,32273,10
12.9877195358,80.2514266968,32273,32283,10
12.9874200821,80.2515182495,32283,32293,10
12.9869804382,80.251663208,32293,32303,10
12.9864597321,80.2517776489,32303,32313,10
12.9857597351,80.2518768311,32313,32324,11
12.9846801758,80.2521362305,32324,32334,10
12.9834899902,80.2524490356,32334,32344,10
12.9821996689,80.2526016235,32344,32354,10
12.9811601639,80.2527313232,32354,32384,30
12.9811601639,80.2527313232,32384,32394,10
12.9807796478,80.2527084351,32394,32404,10
12.9804697037,80.2527236938,32404,32415,11
12.9799499512,80.2527008057,32415,32425,10
12.9793395996,80.2526626587,32425,32435,10
12.9788799286,80.2526016235,32435,32445,10
12.9787597656,80.2525863647,32445,32455,10
12.9786500931,80.2525634766,32455,32465,10
12.9781999588,80.2522583008,32465,32475,10
12.977519989,80.251663208,32475,32485,10
12.9764995575,80.2512130737,32485,32495,10
12.975279808,80.2508773804,32495,32506,11
12.973950386,80.2504806519,32506,32516,10
12.972820282,80.2501831055,32516,32526,10
12.9719200134,80.2499389648,32526,32536,10
12.9709196091,80.2497177124,32536,32546,10
12.9697303772,80.2492904663,32546,32556,10
12.9685001373,80.2487716675,32556,32566,10
12.967300415,80.2482223511,32566,32576,10
12.9662599564,80.2477493286,32576,32587,11
12.9651603699,80.2473220825,32587,32607,20
12.9651603699,80.2473220825,32607,32617,10
12.9647502899,80.247177124,32617,32627,10
12.9641504288,80.2470169067,32627,32637,10
12.9636497498,80.2467803955,32637,32657,20
12.9636497498,80.2467803955,32657,32667,10
12.9633798599,80.2465820313,32667,32678,11
12.9626398087,80.2463302612,32678,32688,10
12.9617300034,80.24584198,32688,32698,10
12.9606704712,80.2453384399,32698,32708,10
12.9595003128,80.2448730469,32708,32728,20
12.9595003128,80.2448730469,32728,32738,10
12.9593200684,80.244758606,32738,32748,10
12.9587402344,80.2444000244,32748,32758,10
12.9580202103,80.2441635132,32758,32769,11
12.9572200775,80.2439193726,32769,32779,10
12.9565496445,80.2437515259,32779,32809,30
12.9565496445,80.2437515259,32809,32819,10
12.9561004639,80.2435531616,32819,32829,10
12.955499649,80.2431564331,32829,32839,10
12.9546604156,80.2427825928,32839,32849,10
12.9537096024,80.2424087524,32849,32860,11
12.9526100159,80.2419662476,32860,32870,10
12.9518499374,80.2417221069,32870,32890,20
12.9518499374,80.2417221069,32890,32900,10
12.9516801834,80.2416534424,32900,32910,10
12.9512300491,80.2415618896,32910,32920,10
12.9504899979,80.2413635254,32920,32930,10
12.9500198364,80.2411804199,32930,32940,10
12.9500102997,80.2411422729,32940,32951,11
12.9496097565,80.2408981323,32951,32961,10
12.9491996765,80.2408294678,32961,32971,10
12.9486503601,80.2406005859,32971,32981,10
12.9478502274,80.2402801514,32981,32991,10
12.9472103119,80.2400665283,32991,33021,30
12.9472103119,80.2400665283,33021,33031,10
12.9470100403,80.2399673462,33031,33042,11
12.9463996887,80.2396774292,33042,33052,10
12.9456501007,80.2393493652,33052,33062,10
12.944899559,80.2387619019,33062,33072,10
12.9440898895,80.2379989624,33072,33082,10
12.9434995651,80.2373123169,33082,33092,10
12.9430503845,80.2368164063,33092,33102,10
12.9422397614,80.2364196777,33102,33112,10
12.9411697388,80.2361679077,33112,33122,10
12.939740181,80.2357406616,33122,33143,21
12.939740181,80.2357406616,33143,33153,10
12.9395103455,80.2355880737,33153,33163,10
12.938949585,80.2353286743,33163,33173,10
12.9381999969,80.2349395752,33173,33183,10
12.9372997284,80.2344894409,33183,33193,10
12.9360599518,80.2339096069,33193,33213,20
12.9360599518,80.2339096069,33213,33224,11
12.9358196259,80.2338027954,33224,33234,10
12.9353704453,80.233581543,33234,33244,10
12.9346399307,80.2332687378,33244,33254,10
12.934009552,80.2330169678,33254,33304,50
12.934009552,80.2330169678,33304,33315,11
12.9335403442,80.2327728271,33315,33325,10
12.9328098297,80.232460022,33325,33335,10
12.9318599701,80.2321395874,33335,33345,10
12.9307498932,80.2317810059,33345,33355,10
12.9297103882,80.2315216064,33355,33365,10
12.9289102554,80.2313537598,33365,33375,10
12.927980423,80.2311935425,33375,33385,10
12.9269304276,80.2310791016,33385,33395,10
12.9260702133,80.2310333252,33395,33416,21
12.9260702133,80.2310333252,33416,33426,10
12.9258804321,80.2310180664,33426,33436,10
12.925330162,80.2309494019,33436,33446,10
12.924539566,80.2308807373,33446,33456,10
12.9236001968,80.2307510376,33456,33466,10
12.9224996567,80.2305679321,33466,33476,10
12.9212303162,80.2303619385,33476,33486,10
12.9198598862,80.230178833,33486,33497,11
12.9183101654,80.2299804688,33497,33507,10
12.91685009,80.2297821045,33507,33517,10
12.9153795242,80.2295608521,33517,33527,10
12.9140501022,80.2293930054,33527,33537,10
12.9134197235,80.2293014526,33537,33547,10
12.913189888,80.2292861938,33547,33567,20
12.913189888,80.2292861938,33567,33577,10
12.9130401611,80.2292327881,33577,33588,11
12.9124898911,80.2291412354,33588,33598,10
12.9117202759,80.2290420532,33598,33608,10
12.9107398987,80.2288970947,33608,33618,10
12.9096603394,80.2287368774,33618,33628,10
12.9085102081,80.228553772,33628,33638,10
12.9077396393,80.2284469604,33638,33689,51
12.9077396393,80.2284469604,33689,33699,10
12.907409668,80.2283630371,33699,33709,10
12.906920433,80.2283325195,33709,33719,10
12.9062099457,80.2282409668,33719,33729,10
12.9052696228,80.2282028198,33729,33739,10
12.9041795731,80.2281265259,33739,33749,10
12.9030799866,80.2280807495,33749,33759,10
12.9018201828,80.2280197144,33759,33871,112
12.9018201828,80.2280197144,33871,33881,10
12.9018001556,80.2280426025,33881,33891,10
12.9014596939,80.2279968262,33891,33901,10
12.9011297226,80.2279891968,33901,33911,10
12.9006900787,80.2279510498,33911,33921,10
12.9001903534,80.227897644,33921,33931,10
12.8993501663,80.2278900146,33931,33962,31
12.8993501663,80.2278900146,33962,33972,10
12.8992700577,80.2278594971,33972,33982,10
12.8989095688,80.2278213501,33982,33992,10
12.8983201981,80.2277832031,33992,34002,10
12.8975200653,80.2277374268,34002,34012,10
12.8965501785,80.2276992798,34012,34022,10
12.8954000473,80.2276535034,34022,34032,10
12.894200325,80.2276000977,34032,34043,11
12.8929004669,80.2274627686,34043,34053,10
12.8918399811,80.2273712158,34053,34063,10
12.8906202316,80.2273712158,34063,34073,10
12.8894100189,80.2273712158,34073,34083,10
12.8886203766,80.2273635864,34083,34093,10
12.8877496719,80.2272796631,34093,34103,10
12.8867502213,80.2270889282,34103,34113,10
12.8858098984,80.2268829346,34113,34124,11
12.8854198456,80.2268218994,34124,34134,10
12.8854103088,80.2268218994,34134,34144,10
12.885219574,80.2267608643,34144,34154,10
12.8848800659,80.2266921997,34154,34164,10
12.8842601776,80.2266998291,34164,34174,10
12.8833904266,80.2267074585,34174,34184,10
12.8823003769,80.2267074585,34184,34194,10
12.8810901642,80.2267074585,34194,34204,10
12.8797903061,80.2267227173,34204,34215,11
12.8783397675,80.2267990112,34215,34225,10
12.8772001266,80.226890564,34225,34235,10
12.8767204285,80.2269363403,34235,34245,10
12.8765201569,80.2269515991,34245,34255,10
12.8760099411,80.2269592285,34255,34265,10
12.8752603531,80.2269134521,34265,34275,10
12.8743200302,80.2268218994,34275,34285,10
12.8732204437,80.2267074585,34285,34295,10
12.8720197678,80.2266693115,34295,34306,11
12.8705596924,80.2265777588,34306,34316,10
12.8691902161,80.2264404297,34316,34326,10
12.8679103851,80.2263870239,34326,34336,10
12.8668498993,80.2264862061,34336,34346,10
12.8660402298,80.2265930176,34346,34356,10
12.8650903702,80.2265930176,34356,34366,10
12.8640098572,80.2265396118,34366,34376,10
12.8628196716,80.2265472412,34376,34386,10
12.8615903854,80.2266235352,34386,34397,11
12.8608999252,80.2266082764,34397,34407,10
12.8608102798,80.226600647,34407,34417,10
12.8607501984,80.2265777588,34417,34427,10
12.8604001999,80.2265319824,34427,34437,10
12.8597002029,80.2264404297,34437,34447,10
12.8588199615,80.22631073,34447,34457,10
12.8577604294,80.226272583,34457,34467,10
12.8565797806,80.2263717651,34467,34477,10
12.8552999496,80.2264862061,34477,34488,11
12.8537902832,80.2266387939,34488,34498,10
12.8523597717,80.2266616821,34498,34508,10
12.850859642,80.226600647,34508,34518,10
12.8493404388,80.2265777588,34518,34528,10
12.8478002548,80.2265930176,34528,34538,10
12.8464202881,80.2266082764,34538,34548,10
12.8458595276,80.2266311646,34548,34558,10
12.8453197479,80.2266311646,34558,34599,41
12.8453197479,80.2266311646,34599,34609,10
12.8449897766,80.2266311646,34609,34619,10
12.8443098068,80.2266769409,34619,34629,10
12.8434095383,80.2267990112,34629,34639,10
12.8423500061,80.2269973755,34639,34649,10
12.8411197662,80.2273101807,34649,34659,10
12.8400497437,80.2276611328,34659,34690,31
12.839799881,80.2277526855,34690,34730,40
12.839799881,80.2277526855,34730,34740,10
12.8394498825,80.2278671265,34740,34750,10
12.8388299942,80.2279586792,34750,34761,11
12.8379297256,80.2281723022,34761,34771,10
12.8368997574,80.2283172607,34771,34781,10
12.8357095718,80.2284927368,34781,34791,10
12.834400177,80.2286911011,34791,34801,10
12.833029747,80.2289428711,34801,34811,10
12.8320102692,80.2291564941,34811,34821,10
12.8316602707,80.2291564941,34821,34831,10
12.8315601349,80.2287063599,34831,34852,21
12.8315601349,80.2287063599,34852,34862,10
12.831580162,80.2286376953,34862,34872,10
12.8315095901,80.2282485962,34872,34882,10
12.8313598633,80.2275695801,34882,34892,10
12.8311796188,80.2266998291,34892,34902,10
12.8310804367,80.2256164551,34902,34912,10
12.8310899734,80.2246932983,34912,34922,10
12.8311004639,80.2244186401,34922,34932,10
12.8311004639,80.2238693237,34932,34943,11
12.8310899734,80.2230529785,34943,34953,10
12.8311004639,80.2223129272,34953,34963,10
12.8311004639,80.222076416,34963,34973,10
12.8311100006,80.2216186523,34973,34983,10
12.8309898376,80.2209396362,34983,34993,10
12.8310499191,80.2200317383,34993,35003,10
12.8310804367,80.2195968628,35003,35013,10
12.8306303024,80.2194290161,35013,35023,10
12.829990387,80.2194366455,35023,35034,11
12.8287601471,80.2194519043,35034,35044,10
12.8278903961,80.2194595337,35044,35054,10
12.8276395798,80.2194519043,35054,35064,10
12.8273696899,80.2194595337,35064,35104,40
12.8273696899,80.2194595337,35104,35114,10
12.8271198273,80.2194519043,35114,35125,11
12.8263902664,80.2194595337,35125,35135,10
12.8261003494,80.2193984985,35135,35145,10
12.8258600235,80.2191390991,35145,35165,20
12.8258600235,80.2191390991,35165,35175,10
12.8259000778,80.2189102173,35175,35185,10
12.8258895874,80.218208313,35185,35195,10
12.8258895874,80.2171783447,35195,35205,10
12.8254995346,80.2159576416,35205,35216,11
12.8250799179,80.2160186768,35216,35226,10
12.8250598907,80.2160186768,35226,35631,405
12.8250598907,80.2160186768,35631,35641,10
12.8248596191,80.216003418,35641,35651,10
12.8245201111,80.2159805298,35651,35661,10
12.8240203857,80.2159729004,35661,35671,10
12.8234596252,80.2159576416,35671,35682,11
12.8229598999,80.2159576416,35682,35692,10
12.8227596283,80.2161026001,35692,35702,10
12.8227500916,80.2166824341,35702,35712,10
12.822719574,80.2173233032,35712,35720,8
12.8227100372,80.2182617188,35720,35732,12
12.8226995468,80.2190933228,35732,35742,10
12.8227796555,80.219367981,35742,35752,10
12.8234100342,80.2194213867,35752,35762,10
12.8242998123,80.2194213867,35762,35773,11
12.8254299164,80.2193984985,35773,35783,10
12.8255996704,80.2194824219,35783,35793,10
12.8260202408,80.2194519043,35793,35803,10
12.8264904022,80.2194213867,35803,35813,10
12.8271198273,80.2194213867,35813,35823,10
12.8274698257,80.2194213867,35823,35833,10
12.8277597427,80.2194137573,35833,35844,11
12.8283500671,80.2194137573,35844,35855,11
12.8293800354,80.2194213867,35855,35865,10
12.8303098679,80.2194290161,35865,35875,10
12.8309202194,80.2194519043,35875,35885,10
12.8312101364,80.2195968628,35885,35894,9
12.8312101364,80.2203292847,35894,35905,11
12.8311595917,80.2209014893,35905,35915,10
12.8311500549,80.2215805054,35915,35925,10
12.8311395645,80.2221221924,35925,35935,10
12.8311300278,80.2224502563,35935,35946,11
12.8311300278,80.223197937,35946,35956,10
12.8311195374,80.2240905762,35956,35966,10
12.8311195374,80.2246398926,35966,35976,10
12.8311195374,80.2249832153,35976,35986,10
12.8311100006,80.2256622314,35986,35996,10
12.8311796188,80.226600647,35996,36006,10
12.8314199448,80.227722168,36006,36016,10
12.8316497803,80.2287063599,36016,36026,10
12.8318595886,80.2291030884,36026,36037,11
12.8322601318,80.2289962769,36037,36047,10
12.8325004578,80.2289581299,36047,36057,10
12.8331804276,80.2288513184,36057,36067,10
12.8341398239,80.2286834717,36067,36077,10
12.8352499008,80.2285003662,36077,36087,10
12.8364601135,80.2283172607,36087,36097,10
12.8376598358,80.2281265259,36097,36107,10
12.838809967,80.2278594971,36107,36117,10
12.8393602371,80.2276535034,36117,36128,11
12.8395700455,80.2275695801,36128,36138,10
12.8399295807,80.2275238037,36138,36148,10
12.8405895233,80.2274093628,36148,36158,10
12.841460228,80.2271575928,36158,36168,10
12.8425197601,80.2268981934,36168,36178,10
12.8436498642,80.2266921997,36178,36188,10
12.845459938,80.2265167236,36188,36239,51
12.845459938,80.2265167236,36239,36249,10
12.8455400467,80.2265319824,36249,36259,10
12.8459196091,80.2265319824,36259,36269,10
12.8465299606,80.2265167236,36269,36279,10
12.8474998474,80.2265090942,36279,36289,10
12.8487100601,80.2265319824,36289,36299,10
12.8500900269,80.2265319824,36299,36310,11
12.8517198563,80.2265777588,36310,36320,10
12.853269577,80.2266311646,36320,36330,10
12.8548498154,80.2264785767,36330,36340,10
12.8564395905,80.2263183594,36340,36350,10
12.8579301834,80.2261734009,36350,36360,10
12.8587799072,80.2261810303,36360,36370,10
12.8596496582,80.2263183594,36370,36380,10
12.860710144,80.2264709473,36380,36390,10
12.8609399796,80.2264785767,36390,36401,11
12.8614301682,80.2265167236,36401,36411,10
12.8623600006,80.2264785767,36411,36421,10
12.8635501862,80.2264709473,36421,36431,10
12.8649396896,80.2265319824,36431,36441,10
12.8663797379,80.2265014648,36441,36451,10
12.8677997589,80.2263793945,36451,36461,10
12.869310379,80.2264175415,36461,36471,10
12.8708600998,80.2265777588,36471,36481,10
12.8725099564,80.2266235352,36481,36492,11
12.8730897903,80.2266387939,36492,36502,10
12.8738498688,80.2266769409,36502,36512,10
12.8749103546,80.2268066406,36512,36522,10
12.8760795593,80.2269287109,36522,36532,10
12.8767595291,80.2268676758,36532,36542,10
12.8768997192,80.2268829346,36542,36552,10
12.8774595261,80.2268371582,36552,36562,10
12.878370285,80.2267608643,36562,36572,10
12.8795499802,80.2267074585,36572,36583,11
12.8810501099,80.2266998291,36583,36593,10
12.882519722,80.2266921997,36593,36603,10
12.884059906,80.2266693115,36603,36613,10
12.8851699829,80.2266387939,36613,36623,10
12.8852701187,80.2266464233,36623,36633,10
12.8857898712,80.2267608643,36633,36643,10
12.8866596222,80.2270126343,36643,36653,10
12.8878202438,80.2272186279,36653,36663,10
12.8891801834,80.2273025513,36663,36674,11
12.8908195496,80.2273101807,36674,36685,11
12.8924598694,80.2272796631,36685,36705,20
12.8924598694,80.2272796631,36705,36715,10
12.8926200867,80.2273178101,36715,36725,10
12.8932199478,80.2274169922,36725,36735,10
12.8941402435,80.2275466919,36735,36745,10
12.8952503204,80.2276229858,36745,36755,10
12.8965597153,80.2276687622,36755,36766,11
12.8981704712,80.2277526855,36766,36776,10
12.899479866,80.2278137207,36776,36786,10
12.8999004364,80.2277908325,36786,36796,10
12.9001598358,80.2277908325,36796,36806,10
12.9005203247,80.2277984619,36806,36877,71
12.9005203247,80.2277984619,36877,36887,10
12.9007101059,80.2277984619,36887,36897,10
12.900850296,80.2278289795,36897,36907,10
12.9012403488,80.2279205322,36907,36917,10
12.901720047,80.2279510498,36917,36927,10
12.902879715,80.2279663086,36927,36948,21
12.902879715,80.2279663086,36948,36958,10
12.9033098221,80.2279586792,36958,36968,10
12.9037799835,80.2280502319,36968,36978,10
12.9044599533,80.2280807495,36978,36988,10
12.90487957,80.2281188965,36988,36998,10
12.9051399231,80.2281494141,36998,37049,51
12.9051399231,80.2281494141,37049,37059,10
12.9055595398,80.2281417847,37059,37069,10
12.9057598114,80.2281494141,37069,37079,10
12.9060401917,80.2281570435,37079,37089,10
12.9062795639,80.2281570435,37089,37099,10
12.9068002701,80.2282180786,37099,37109,10
12.9070196152,80.2282485962,37109,37120,11
12.90762043,80.2283401489,37120,37130,10
12.9085597992,80.2284927368,37130,37140,10
12.9097700119,80.2286911011,37140,37150,10
12.9111795425,80.2289123535,37150,37160,10
12.9125995636,80.2291030884,37160,37170,10
12.9136800766,80.2291870117,37170,37180,10
12.9138202667,80.2292098999,37180,37190,10
12.9139003754,80.2292175293,37190,37200,10
12.914349556,80.2293167114,37200,37211,11
12.9152898788,80.2294311523,37211,37221,10
12.9164495468,80.229598999,37221,37231,10
12.9176702499,80.2297897339,37231,37241,10
12.918800354,80.2299575806,37241,37251,10
12.9199304581,80.2301101685,37251,37261,10
12.9212303162,80.2302627563,37261,37271,10
12.9226503372,80.23046875,37271,37281,10
12.9241399765,80.230682373,37281,37291,10
12.9256601334,80.2308425903,37291,37302,11
12.9265098572,80.2309417725,37302,37312,10
12.9268102646,80.2309799194,37312,37322,10
12.9275903702,80.2310791016,37322,37332,10
12.9286003113,80.2312088013,37332,37342,10
12.9288396835,80.2312469482,37342,37352,10
12.9289398193,80.231262207,37352,37362,10
12.9294996262,80.2313690186,37362,37372,10
12.9303998947,80.231590271,37372,37382,10
12.9315395355,80.2319564819,37382,37393,11
12.9329595566,80.2324371338,37393,37403,10
12.9337596893,80.232749939,37403,37413,10
12.9339399338,80.2328491211,37413,37423,10
12.9345397949,80.2331314087,37423,37433,10
12.9354095459,80.2335281372,37433,37443,10
12.935790062,80.2336883545,37443,37453,10
12.9360599518,80.2338180542,37453,37463,10
12.9367599487,80.2341690063,37463,37473,10
12.9377202988,80.2346420288,37473,37484,11
12.9390096664,80.2352676392,37484,37494,10
12.9397001266,80.2356262207,37494,37504,10
12.9398403168,80.2356796265,37504,37514,10
12.940369606,80.2358932495,37514,37524,10
12.9412403107,80.2361221313,37524,37534,10
12.9423398972,80.2364120483,37534,37544,10
12.9434204102,80.2370834351,37544,37554,10
12.9443798065,80.2380981445,37554,37564,10
12.9453897476,80.2391433716,37564,37575,11
12.94672966,80.2397613525,37575,37585,10
12.9473600388,80.239982605,37585,37595,10
12.9475002289,80.2400283813,37595,37605,10
12.9479103088,80.240196228,37605,37615,10
12.9483203888,80.2403793335,37615,37676,61
12.9483203888,80.2403793335,37676,37686,10
12.9484500885,80.2404403687,37686,37696,10
12.9489603043,80.2406387329,37696,37706,10
12.9496097565,80.2408828735,37706,37716,10
12.9500999451,80.2410202026,37716,37726,10
12.950750351,80.2412109375,37726,37736,10
12.9509897232,80.2412872314,37736,37746,10
12.9512195587,80.2413711548,37746,37757,11
12.9516496658,80.2415084839,37757,37767,10
12.952170372,80.2416992188,37767,37777,10
12.9529800415,80.2420196533,37777,37787,10
12.9535503387,80.2422027588,37787,37797,10
12.9539699554,80.2423706055,37797,37807,10
12.9546298981,80.2426376343,37807,37817,10
12.9552297592,80.2428817749,37817,37827,10
12.9560403824,80.2431411743,37827,37837,10
12.9563398361,80.2432632446,37837,37848,11
12.9563703537,80.243270874,37848,37858,10
12.9568099976,80.2434616089,37858,37868,10
12.9575901031,80.2438735962,37868,37878,10
12.9588298798,80.244392395,37878,37898,20
12.9588298798,80.244392395,37898,37908,10
12.9592199326,80.2445983887,37908,37918,10
12.9594802856,80.244720459,37918,37928,10
12.959980011,80.2449493408,37928,37939,11
12.9608802795,80.2453536987,37939,37949,10
12.9618797302,80.2458190918,37949,37959,10
12.963060379,80.2464370728,37959,37979,20
12.963060379,80.2464370728,37979,37989,10
12.963060379,80.2464981079,37989,37999,10
12.9632902145,80.2466201782,37999,38009,10
12.9636898041,80.2467803955,38009,38019,10
12.964389801,80.2470092773,38019,38030,11
12.9654302597,80.2473373413,38030,38040,10
12.9662904739,80.2476730347,38040,38050,10
12.9667596817,80.2478637695,38050,38060,10
12.9667596817,80.2478713989,38060,38070,10
12.9668998718,80.2479324341,38070,38080,10
12.9672803879,80.2481307983,38080,38090,10
12.9680595398,80.2484588623,38090,38100,10
12.9690599442,80.248840332,38100,38110,10
12.9701595306,80.2493133545,38110,38121,11
12.9715003967,80.2497634888,38121,38131,10
12.9726896286,80.2500610352,38131,38141,10
12.9738502502,80.2503814697,38141,38151,10
12.9750995636,80.2507400513,38151,38161,10
12.9764204025,80.2511062622,38161,38171,10
12.9774703979,80.2515335083,38171,38181,10
12.9782400131,80.2521286011,38181,38191,10
12.9783802032,80.252243042,38191,38201,10
12.9788799286,80.2524795532,38201,38212,11
12.9796800613,80.2526168823,38212,38222,10
12.9805002213,80.2526397705,38222,38232,10
12.9813699722,80.2526168823,38232,38241,9
12.9823598862,80.2525863647,38241,38252,11
12.9833698273,80.2524795532,38252,38414,162
12.9833698273,80.2524795532,38414,38424,10
12.9835300446,80.2524490356,38424,38434,10
12.9841003418,80.2522964478,38434,38444,10
12.9847202301,80.2521362305,38444,38454,10
12.9853401184,80.2519989014,38454,38464,10
12.9860095978,80.2517929077,38464,38474,10
12.9864301682,80.251701355,38474,38485,11
12.9871397018,80.2515029907,38485,38495,10
12.987660408,80.2513198853,38495,38505,10
12.9880304337,80.2512588501,38505,38515,10
12.9888296127,80.2510604858,38515,38525,10
12.9895601273,80.2508621216,38525,38535,10
12.9897403717,80.2508392334,38535,38545,10
12.99036026,80.2506866455,38545,38555,10
12.9913797379,80.2504425049,38555,38565,10
12.9925804138,80.2501525879,38565,38576,11
12.9940595627,80.2497787476,38576,38586,10
12.9954395294,80.2494277954,38586,38596,10
12.9968204498,80.2490692139,38596,38606,10
12.9982004166,80.2487335205,38606,38616,10
12.9996004105,80.2483825684,38616,38626,10
13.0010099411,80.2480163574,38626,38636,10
13.0022602081,80.2476882935,38636,38646,10
13.0034198761,80.2474594116,38646,38656,10
13.0046195984,80.2473220825,38656,38667,11
13.0057601929,80.2471237183,38667,38677,10
13.0063695908,80.2466964722,38677,38687,10
13.0065097809,80.2464599609,38687,38697,10
13.0065402985,80.246421814,38697,38707,10
13.0066099167,80.2459793091,38707,38717,10
13.0066604614,80.2451705933,38717,38727,10
13.0066404343,80.244140625,38727,38737,10
13.0066003799,80.2434463501,38737,38747,10
13.0066003799,80.2427368164,38747,38758,11
13.0065898895,80.2417602539,38758,38768,10
13.0065698624,80.2413330078,38768,38788,20
13.0065698624,80.2413330078,38788,38798,10
13.0066204071,80.2410202026,38798,38808,10
13.0067100525,80.240562439,38808,38818,10
13.0068798065,80.2399368286,38818,38828,10
13.0070800781,80.2388305664,38828,38838,10
13.0072698593,80.237739563,38838,38849,11
13.0074195862,80.2369766235,38849,38859,10
13.0074195862,80.2368774414,38859,38869,10
13.0074396133,80.2367782593,38869,38879,10
13.0075798035,80.236366272,38879,38889,10
13.0077199936,80.2357025146,38889,38899,10
13.0078697205,80.2350006104,38899,38909,10
13.0080499649,80.2341384888,38909,38919,10
13.0082302094,80.2331924438,38919,38929,10
13.0084199905,80.2321166992,38929,38940,11
13.008600235,80.2309265137,38940,38950,10
13.0087995529,80.2298278809,38950,38960,10
13.0089902878,80.2288208008,38960,38970,10
13.0092802048,80.2277374268,38970,38980,10
13.0097398758,80.2267608643,38980,38990,10
13.0101604462,80.2258682251,38990,39000,10
13.0106496811,80.2248764038,39000,39010,10
13.0109996796,80.2240066528,39010,39020,10
13.0114402771,80.2231216431,39020,39031,11
13.0119104385,80.2219696045,39031,39041,10
13.0123500824,80.2215805054,39041,39051,10
13.0126895905,80.2220077515,39051,39061,10
13.0131196976,80.2224731445,39061,39071,10
13.0135498047,80.2229385376,39071,39081,10
13.0139799118,80.2234191895,39081,39091,10
13.0142202377,80.2237091064,39091,39101,10
13.0146903992,80.2241668701,39101,39111,10
13.0150403976,80.2246170044,39111,39122,11
13.0153999329,80.2249526978,39122,39131,9
13.0157499313,80.2251815796,39131,39142,11
13.0159702301,80.2252807617,39142,39152,10
13.0166797638,80.2252502441,39152,39162,10
13.0175504684,80.2249221802,39162,39172,10
13.0184803009,80.2245407104,39172,39182,10
13.0195999146,80.2244033813,39182,39213,31
13.0195999146,80.2244033813,39213,39223,10
13.019780159,80.2245178223,39223,39233,10
13.0200796127,80.2247467041,39233,39243,10
13.0206604004,80.2251815796,39243,39253,10
13.0213499069,80.2257003784,39253,39263,10
13.0220499039,80.2262420654,39263,39273,10
13.0226602554,80.2267532349,39273,39314,41
13.0226602554,80.2267532349,39314,39324,10
13.0226898193,80.2268295288,39324,39486,162
13.0226898193,80.2268295288,39486,39496,10
13.022769928,80.2268829346,39496,39516,20
13.022769928,80.2268829346,39516,39526,10
13.0227804184,80.2269134521,39526,39536,10
13.0230398178,80.2272109985,39536,39546,10
13.0235795975,80.227722168,39546,39556,10
13.0243501663,80.2283935547,39556,39587,31
13.0244197845,80.2285766602,39587,39688,101
13.0244197845,80.2285766602,39688,39698,10
13.0242300034,80.2286224365,39698,39708,10
13.0239601135,80.2282562256,39708,39718,10
13.0235004425,80.2277679443,39718,39728,10
13.0231800079,80.2275238037,39728,39931,203
13.023059845,80.2271728516,39931,40416,485
13.023059845,80.2271728516,40416,40426,10
13.0228395462,80.2270812988,40426,40436,10
13.0225896835,80.2268600464,40436,40446,10
13.022480011,80.2267684937,40446,40456,10
13.0222597122,80.2265396118,40456,40466,10
13.0219402313,80.2262573242,40466,40477,11
13.0215797424,80.2260284424,40477,40487,10
13.0212697983,80.2257766724,40487,40497,10
13.0207901001,80.2254486084,40497,40507,10
13.0204496384,80.2252120972,40507,40517,10
13.020070076,80.224937439,40517,40527,10
13.0195503235,80.224609375,40527,40537,10
13.0187501907,80.2245101929,40537,40547,10
13.0179004669,80.2248382568,40547,40557,10
13.0170402527,80.2251968384,40557,40568,11
13.0163402557,80.2254867554,40568,40578,10
13.0159397125,80.2256164551,40578,40588,10
13.0153398514,80.2258377075,40588,40598,10
13.0149803162,80.2259979248,40598,40608,10
13.014749527,80.2260971069,40608,40618,10
13.0141897202,80.2263336182,40618,40628,10
13.0137996674,80.2265014648,40628,40638,10
13.0137996674,80.2265090942,40638,40648,10
13.0134601593,80.2265930176,40648,40659,11
13.0128097534,80.2267990112,40659,40669,10
13.0120601654,80.2270812988,40669,40679,10
13.0111904144,80.2273864746,40679,40689,10
13.0102500916,80.2277832031,40689,40699,10
13.0092802048,80.2282562256,40699,40709,10
13.0089998245,80.2292098999,40709,40719,10
13.008769989,80.2303771973,40719,40729,10
13.008600235,80.2315597534,40729,40739,10
13.0083799362,80.2327194214,40739,40750,11
13.0082798004,80.233581543,40750,40760,10
13.0082397461,80.2336425781,40760,40770,10
13.0081396103,80.2339782715,40770,40780,10
13.0080404282,80.2345428467,40780,40790,10
13.007900238,80.2351837158,40790,40820,30
13.007900238,80.2351837158,40820,40830,10
13.0077695847,80.2357788086,40830,40851,21
13.0077695847,80.2357788086,40851,40861,10
13.0076904297,80.2361831665,40861,40871,10
13.0075798035,80.2367782593,40871,40881,10
13.0074901581,80.2371063232,40881,40891,10
13.0073795319,80.2379302979,40891,40921,30
13.0073795319,80.2379302979,40921,40932,11
13.0072698593,80.23828125,40932,40952,20
13.0072698593,80.23828125,40952,40962,10
13.0072097778,80.2385482788,40962,40972,10
13.0071697235,80.2389373779,40972,40982,10
13.0070295334,80.239616394,40982,41012,30
13.0070295334,80.239616394,41012,41023,11
13.0069599152,80.2399368286,41023,41063,40
13.0069599152,80.2399368286,41063,41073,10
13.006939888,80.240196228,41073,41083,10
13.0068597794,80.2406616211,41083,41093,10
13.0068397522,80.2408370972,41093,41103,10
13.0067901611,80.2411804199,41103,41114,11
13.006770134,80.2420120239,41114,41124,10
13.0067996979,80.2429122925,41124,41134,10
13.0066995621,80.2436828613,41134,41174,40
13.0066995621,80.2436828613,41174,41184,10
13.0066604614,80.2440032959,41184,41194,10
13.0066604614,80.2444992065,41194,41205,11
13.0067501068,80.2451629639,41205,41215,10
13.0067501068,80.2459182739,41215,41225,10
13.0067501068,80.2466506958,41225,41235,10
13.0066204071,80.2473678589,41235,41245,10
13.0060396194,80.2474594116,41245,41255,10
13.0059604645,80.2474212646,41255,41265,10
13.0058803558,80.2472763062,41265,41275,10
13.005279541,80.2472915649,41275,41285,10
13.0044202805,80.2473983765,41285,41296,11
13.0032300949,80.2475967407,41296,41306,10
13.0023498535,80.2477798462,41306,41316,10
13.0015497208,80.2479629517,41316,41326,10
13.0005702972,80.2481994629,41326,41336,10
12.9994401932,80.2484817505,41336,41346,10
12.9982500076,80.2488098145,41346,41356,10
12.9979400635,80.2489013672,41356,41366,10
12.9977798462,80.248916626,41366,41376,10
12.9972801208,80.2490692139,41376,41387,11
12.9963197708,80.2493209839,41387,41397,10
12.9952001572,80.2495880127,41397,41407,10
12.9939603806,80.2498931885,41407,41417,10
12.9926204681,80.250213623,41417,41427,10
12.9913301468,80.250541687,41427,41437,10
12.990940094,80.2506484985,41437,41446,9
12.9907398224,80.2507019043,41446,41457,11
12.9901399612,80.250831604,41457,41467,10
12.9892396927,80.2510604858,41467,41478,11
12.9881601334,80.251373291,41478,41801,323
12.9881601334,80.251373291,41801,41811,10
12.9879198074,80.2515029907,41811,41821,10
12.9874801636,80.2515869141,41821,41831,10
12.9867601395,80.2517776489,41831,41842,11
12.9859304428,80.2519836426,41842,41852,10
12.9849500656,80.2521591187,41852,41862,10
12.9837703705,80.252456665,41862,41872,10
12.9826097488,80.2526321411,41872,41882,10
12.9815196991,80.2526702881,41882,41892,10
12.9806003571,80.2527389526,41892,41902,10
12.9797897339,80.2527389526,41902,41912,10
12.9788703918,80.2526321411,41912,41922,10
12.9785604477,80.252571106,41922,41933,11
12.9781198502,80.2522583008,41933,41943,10
12.9773902893,80.2516403198,41943,41952,9
12.9764404297,80.2512207031,41952,41963,11
12.9750795364,80.2508163452,41963,41972,9
12.9739398956,80.2505111694,41972,41983,11
12.9724998474,80.2501525879,41983,41993,10
12.971540451,80.2498779297,41993,42003,10
12.9704999924,80.2496032715,42003,42013,10
12.9693002701,80.2491607666,42013,42024,11
12.9679803848,80.2486495972,42024,42034,10
12.9670801163,80.248260498,42034,42044,10
12.9665298462,80.2479705811,42044,42054,10
12.9657802582,80.2476501465,42054,42064,10
12.9651098251,80.2474517822,42064,42074,10
12.9650697708,80.247428894,42074,42084,10
12.964679718,80.2472076416,42084,42094,10
12.9639101028,80.2469177246,42094,42104,10
12.963060379,80.2464981079,42104,42115,11
12.9618196487,80.2459030151,42115,42125,10
12.9605503082,80.2453079224,42125,42135,10
12.9594402313,80.2448806763,42135,42145,10
12.9592504501,80.2447967529,42145,42155,10
12.9587602615,80.2445602417,42155,42165,10
12.9579696655,80.2442474365,42165,42175,10
12.9572401047,80.2439880371,42175,42185,10
12.9569301605,80.2439193726,42185,42195,10
12.9567604065,80.2438735962,42195,42206,11
12.9565200806,80.2437896729,42206,42226,20
12.9565200806,80.2437896729,42226,42236,10
12.9561195374,80.2436294556,42236,42246,10
12.9554100037,80.2432403564,42246,42256,10
12.954460144,80.2427978516,42256,42266,10
12.9535799026,80.2424087524,42266,42276,10
12.9526100159,80.2420196533,42276,42286,10
12.9518499374,80.2417831421,42286,42297,11
12.9516496658,80.2416992188,42297,42307,10
12.9516201019,80.2416763306,42307,42317,10
12.9511995316,80.2415084839,42317,42327,10
12.9504098892,80.2412490845,42327,42337,10
12.9498701096,80.2410430908,42337,42347,10
12.9498195648,80.2410202026,42347,42357,10
12.9497203827,80.2410125732,42357,42367,10
12.9492998123,80.2409133911,42367,42377,10
12.9490203857,80.240852356,42377,42388,11
12.9483299255,80.240562439,42388,42398,10
12.947429657,80.240196228,42398,42408,10
12.9471597672,80.2400665283,42408,42418,10
12.9469499588,80.2399902344,42418,42428,10
12.9463396072,80.2397232056,42428,42438,10
12.9454698563,80.2393493652,42438,42448,10
12.9445896149,80.2386169434,42448,42458,10
12.9436798096,80.2376403809,42458,42468,10
12.9426298141,80.236656189,42468,42479,11
12.9410295486,80.2361679077,42479,42489,10
12.9399499893,80.2358627319,42489,42499,10
12.9393701553,80.2355804443,42499,42509,10
12.9384698868,80.2351531982,42509,42519,10
12.937379837,80.2346191406,42519,42529,10
12.9361801147,80.2340621948,42529,42539,10
12.9350299835,80.2335586548,42539,42549,10
12.9340896606,80.2331619263,42549,42559,10
12.9338903427,80.2330627441,42559,42570,11
12.933549881,80.2328567505,42570,42580,10
12.9328098297,80.2325210571,42580,42590,10
12.9317798615,80.2321472168,42590,42600,10
12.9305095673,80.2317428589,42600,42610,10
12.9290800095,80.2314376831,42610,42620,10
12.9275598526,80.2312011719,42620,42630,10
12.9263496399,80.2310562134,42630,42640,10
12.9261198044,80.2310409546,42640,42650,10
12.9257001877,80.23097229,42650,42661,11
12.9248199463,80.2308502197,42661,42671,10
12.923740387,80.2307128906,42671,42681,10
12.922419548,80.2305221558,42681,42691,10
12.9209804535,80.2303085327,42691,42701,10
12.9194297791,80.2301177979,42701,42711,10
12.9180202484,80.229927063,42711,42721,10
12.9170799255,80.2297973633,42721,42731,10
12.9161195755,80.2296905518,42731,42741,10
12.9151296616,80.2295532227,42741,42752,11
12.9138898849,80.2294235229,42752,42762,10
12.9134902954,80.2293930054,42762,42772,10
12.9134597778,80.2293930054,42772,42782,10
12.9129600525,80.2292785645,42782,42792,10
12.9121398926,80.2291412354,42792,42802,10
12.9109802246,80.2289810181,42802,42812,10
12.9096403122,80.228767395,42812,42822,10
12.9082098007,80.2285385132,42822,42843,21
12.9082098007,80.2285385132,42843,42853,10
12.9079999924,80.2285308838,42853,42863,10
12.9072904587,80.2284317017,42863,42913,50
12.9072904587,80.2284317017,42913,42923,10
12.9072399139,80.2284317017,42923,42934,11
12.9068603516,80.2283630371,42934,42944,10
12.9063997269,80.2283172607,42944,42954,10
12.9057798386,80.2282562256,42954,42964,10
12.9048404694,80.2282028198,42964,42974,10
12.9038000107,80.2281494141,42974,42984,10
12.9026203156,80.2280883789,42984,43045,61
12.9026203156,80.2280883789,43045,43055,10
12.9023199081,80.2280883789,43055,43065,10
12.9017496109,80.2280502319,43065,43075,10
12.9012203217,80.2279968262,43075,43085,10
12.9007196426,80.2279815674,43085,43095,10
12.900560379,80.2279891968,43095,43105,10
12.900349617,80.228012085,43105,43116,11
12.9000997543,80.2280197144,43116,43126,10
12.9000902176,80.2280197144,43126,43136,10
12.8998804092,80.228012085,43136,43146,10
12.8994503021,80.2279815674,43146,43156,10
12.8991603851,80.2279663086,43156,43166,10
12.8989095688,80.2279281616,43166,43176,10
12.8981895447,80.2278823853,43176,43186,10
12.8972196579,80.2278137207,43186,43196,10
12.8959999084,80.2277603149,43196,43207,11
12.8944997787,80.2276687622,43207,43217,10
12.893289566,80.2275619507,43217,43227,10
12.8924703598,80.2274627686,43227,43237,10
12.8916196823,80.2273864746,43237,43247,10
12.8905000687,80.2273864746,43247,43257,10
12.8893404007,80.2273864746,43257,43267,10
12.888759613,80.2274017334,43267,43277,10
12.8880996704,80.2273406982,43277,43287,10
12.8871297836,80.2272186279,43287,43298,11
12.8858499527,80.2269210815,43298,43308,10
12.8851804733,80.2268066406,43308,43318,10
12.8847799301,80.2267837524,43318,43328,10
12.8843603134,80.2267608643,43328,43338,10
12.8835401535,80.2267608643,43338,43348,10
12.8824596405,80.2267684937,43348,43358,10
12.8811798096,80.2267837524,43358,43368,10
12.8797903061,80.2267913818,43368,43378,10
12.8784599304,80.2268371582,43378,43389,11
12.8773202896,80.2269210815,43389,43399,10
12.8767499924,80.2269821167,43399,43409,10
12.8763799667,80.2269897461,43409,43419,10
12.8760404587,80.2269973755,43419,43429,10
12.8752698898,80.2269592285,43429,43439,10
12.8741998672,80.2268371582,43439,43449,10
12.8729496002,80.2267532349,43449,43459,10
12.8716001511,80.2266998291,43459,43469,10
12.8703699112,80.2266387939,43469,43480,11
12.8689498901,80.2264480591,43480,43490,10
12.8675298691,80.2264328003,43490,43500,10
12.8660497665,80.226600647,43500,43510,10
12.8645296097,80.2265930176,43510,43520,10
12.8629999161,80.2265472412,43520,43530,10
12.8614196777,80.2266311646,43530,43540,10
12.8598604202,80.2265014648,43540,43550,10
12.858499527,80.2263031006,43550,43560,10
12.8570995331,80.22631073,43560,43571,11
12.8554897308,80.2264785767,43571,43581,10
12.8539600372,80.2266387939,43581,43591,10
12.8523597717,80.2266998291,43591,43601,10
12.850859642,80.2266311646,43601,43611,10
12.8494997025,80.226600647,43611,43621,10
12.8481998444,80.2266082764,43621,43631,10
12.8468704224,80.2266311646,43631,43641,10
12.845749855,80.2266311646,43641,43651,10
12.8451795578,80.2266464233,43651,43662,11
12.8449401855,80.2266616821,43662,43672,10
12.8442401886,80.2266998291,43672,43682,10
12.8433103561,80.2267913818,43682,43692,10
12.8423099518,80.2269134521,43692,43702,10
12.8409404755,80.2272796631,43702,43712,10
12.8398399353,80.2276229858,43712,43753,41
12.8398399353,80.2276229858,43753,43763,10
12.8392601013,80.2278137207,43763,43773,10
12.8384304047,80.2280426025,43773,43783,10
12.8373298645,80.2282562256,43783,43793,10
12.8360500336,80.2284622192,43793,43803,10
12.8346204758,80.2286529541,43803,43813,10
12.8331203461,80.2289505005,43813,43823,10
12.8323402405,80.2291412354,43823,43833,10
12.8321199417,80.2291717529,43833,43844,11
12.8315896988,80.229309082,43844,43854,10
12.8308601379,80.2295227051,43854,43864,10
12.8299798965,80.2298736572,43864,43874,10
12.8289403915,80.2302474976,43874,43884,10
12.8278903961,80.2308120728,43884,43894,10
12.8266401291,80.2313308716,43894,43904,10
12.8252897263,80.2314300537,43904,43914,10
12.8239297867,80.2312316895,43914,43924,10
12.8225002289,80.230796814,43924,43935,11
12.8212203979,80.230506897,43935,43945,10
12.8201198578,80.2304992676,43945,43955,10
12.8190202713,80.2305374146,43955,43965,10
12.8188695908,80.230506897,43965,43975,10
12.8184299469,80.2303314209,43975,43985,10
12.8176002502,80.229927063,43985,43995,10
12.8164997101,80.2295532227,43995,44005,10
12.8151903152,80.2293395996,44005,44015,10
12.8138504028,80.2290725708,44015,44026,11
12.8124504089,80.2286376953,44026,44036,10
12.8113002777,80.2282180786,44036,44046,10
12.8100795746,80.2277374268,44046,44056,10
12.8091697693,80.2272567749,44056,44065,9
12.8084602356,80.2266998291,44065,44076,11
12.8073997498,80.2257919312,44076,44086,10
12.8067998886,80.2252731323,44086,44096,10
12.8062000275,80.2247390747,44096,44106,10
12.8055295944,80.2242202759,44106,44117,11
12.8050003052,80.2240371704,44117,44127,10
12.8048200607,80.2239990234,44127,44137,10
12.8043003082,80.2239303589,44137,44147,10
12.803560257,80.2238693237,44147,44157,10
12.8025798798,80.2237472534,44157,44167,10
12.8013896942,80.2236328125,44167,44177,10
12.800860405,80.2236099243,44177,44187,10
12.8004798889,80.2235488892,44187,44197,10
12.799659729,80.2234725952,44197,44208,11
12.7984600067,80.2233581543,44208,44218,10
12.7971200943,80.2231826782,44218,44228,10
12.7959699631,80.2229995728,44228,44238,10
12.7957496643,80.2229537964,44238,44248,10
12.795129776,80.2228088379,44248,44258,10
12.7941398621,80.2226486206,44258,44268,10
12.7929601669,80.2224731445,44268,44278,10
12.7916202545,80.2221832275,44278,44288,10
12.7902603149,80.2218399048,44288,44299,11
12.7891302109,80.2214813232,44299,44309,10
12.7886695862,80.221321106,44309,44349,40
12.7886695862,80.221321106,44349,44359,10
12.7885503769,80.2212600708,44359,44369,10
12.7882995605,80.2211608887,44369,44390,21
12.7882003784,80.2210693359,44390,44440,50
12.7882003784,80.2210693359,44440,44450,10
12.7876996994,80.2209091187,44450,44491,41
12.7876996994,80.2209091187,44491,44501,10
12.7874803543,80.2208099365,44501,44531,30
12.7874803543,80.2208099365,44531,44541,10
12.7872400284,80.2207336426,44541,44551,10
12.7870998383,80.2206802368,44551,44562,11
12.7869596481,80.2206420898,44562,44572,10
12.786740303,80.2205734253,44572,44582,10
12.7866802216,80.2205429077,44582,44592,10
12.7864303589,80.2204208374,44592,44632,40
12.7864303589,80.2204208374,44632,44642,10
12.786239624,80.2203598022,44642,44653,11
12.7861795425,80.2205810547,44653,44663,10
12.7861700058,80.2209014893,44663,44673,10
12.7861995697,80.2214508057,44673,44683,10
12.7862300873,80.2216873169,44683,44693,10
12.7862701416,80.2218399048,44693,44703,10
12.7863101959,80.2221374512,44703,46230,1527
12.7863101959,80.2221374512,46230,46240,10
12.7863397598,80.2219314575,46240,46250,10
12.7862901688,80.2216491699,46250,46260,10
12.786239624,80.2212677002,46260,46270,10
12.7861995697,80.2208633423,46270,46280,10
12.7861604691,80.2204666138,46280,46291,11
12.7863197327,80.2203826904,46291,46301,10
12.7865800858,80.220489502,46301,46311,10
12.7865800858,80.2204971313,46311,46321,10
12.7866897583,80.2205810547,46321,46331,10
12.7869701385,80.2206573486,46331,46341,10
12.7875003815,80.2208480835,46341,46351,10
12.7881298065,80.2210769653,46351,46361,10
12.7889499664,80.2213897705,46361,46371,10
12.7896404266,80.2216415405,46371,46382,11
12.7903499603,80.2218399048,46382,46392,10
12.7912302017,80.2220611572,46392,46402,10
12.7923202515,80.2223205566,46402,46412,10
12.7935199738,80.2225189209,46412,46422,10
12.7948198318,80.2227096558,46422,46432,10
12.7959699631,80.2229003906,46432,46442,10
12.7963199615,80.2229385376,46442,46452,10
12.7967395782,80.2230300903,46452,46462,10
12.797539711,80.2231826782,46462,46473,11
12.7986097336,80.2232971191,46473,46483,10
12.7997198105,80.2234191895,46483,46493,10
12.8008403778,80.2235107422,46493,46503,10
12.8014202118,80.2235794067,46503,46513,10
12.8015298843,80.2236022949,46513,46523,10
12.8020095825,80.2236480713,46523,46533,10
12.802740097,80.223739624,46533,46543,10
12.8035402298,80.2238311768,46543,46553,10
12.8043203354,80.2238998413,46553,46564,11
12.8049402237,80.2239837646,46564,46574,10
12.8054504395,80.2240905762,46574,46584,10
12.8054704666,80.2240982056,46584,46594,10
12.8056602478,80.2242202759,46594,46604,10
12.8060598373,80.2245178223,46604,46614,10
12.8065795898,80.2249908447,46614,46624,10
12.8069400787,80.2252883911,46624,46634,10
12.8074302673,80.2257385254,46634,46644,10
12.8081102371,80.2263183594,46644,46655,11
12.8090400696,80.2270889282,46655,46665,10
12.810090065,80.2276611328,46665,46675,10
12.811249733,80.2281417847,46675,46685,10
12.8125,80.2285919189,46685,46695,10
12.8138198853,80.229019165,46695,46705,10
12.8151903152,80.2292861938,46705,46715,10
12.8165998459,80.2294998169,46715,46725,10
12.8179197311,80.2299728394,46725,46735,10
12.8198003769,80.2304229736,46735,46786,51
12.8198003769,80.2304229736,46786,46796,10
12.8199901581,80.2304000854,46796,46806,10
12.8206396103,80.2303771973,46806,46816,10
12.8215398788,80.230430603,46816,46826,10
12.8224897385,80.2306671143,46826,46837,11
12.8238897324,80.2310409546,46837,46847,10
12.8251695633,80.2313079834,46847,46857,10
12.8265199661,80.2312469482,46857,46867,10
12.8277902603,80.2308197021,46867,46877,10
12.8289299011,80.2302017212,46877,46887,10
12.8302402496,80.2296600342,46887,46897,10
12.8310604095,80.2293014526,46897,46907,10
12.8310604095,80.229309082,46907,46917,10
12.831319809,80.2292633057,46917,46928,11
12.831489563,80.2291870117,46928,46938,10
12.831609726,80.2291564941,46938,46948,10
12.8316898346,80.2291412354,46948,46958,10
12.8317604065,80.2291030884,46958,46968,10
12.8319396973,80.2290725708,46968,46978,10
12.8324804306,80.2289733887,46978,46988,10
12.8333597183,80.2287979126,46988,46998,10
12.8344697952,80.2286071777,46998,47008,10
12.8357000351,80.2284088135,47008,47019,11
12.8371601105,80.2282028198,47019,47029,10
12.8385000229,80.2279281616,47029,47039,10
12.8392400742,80.2276763916,47039,47049,10
12.8398504257,80.2275085449,47049,47059,10
12.8406496048,80.2273864746,47059,47069,10
12.8413496017,80.2272033691,47069,47079,10
12.8422403336,80.2270126343,47079,47089,10
12.84333992,80.2267913818,47089,47099,10
12.8453998566,80.2265625,47099,47120,21
12.8453998566,80.2265625,47120,47130,10
12.8455095291,80.2265396118,47130,47140,10
12.845990181,80.2265396118,47140,47150,10
12.8467998505,80.2265319824,47150,47160,10
12.8477802277,80.2265090942,47160,47170,10
12.848950386,80.2264785767,47170,47180,10
12.8503599167,80.2264862061,47180,47190,10
12.8518295288,80.2265625,47190,47201,11
12.853509903,80.2265930176,47201,47211,10
12.8550195694,80.2264404297,47211,47221,10
12.8565301895,80.2262802124,47221,47231,10
12.857919693,80.2261734009,47231,47241,10
12.8586997986,80.2261962891,47241,47251,10
12.8596200943,80.2263412476,47251,47261,10
12.8606004715,80.2264633179,47261,47271,10
12.8609399796,80.2264785767,47271,47281,10
12.8610496521,80.2265014648,47281,47292,11
12.861700058,80.2265014648,47292,47302,10
12.8626203537,80.2264480591,47302,47312,10
12.8637504578,80.2264709473,47312,47322,10
12.8650197983,80.2265167236,47322,47332,10
12.8654298782,80.2265319824,47332,47342,10
12.8657598495,80.2265090942,47342,47352,10
12.8664503098,80.2264404297,47352,47362,10
12.8674602509,80.2263565063,47362,47372,10
12.8686800003,80.2263183594,47372,47383,11
12.8701696396,80.2264785767,47383,47393,10
12.8715600967,80.2265777588,47393,47403,10
12.8726797104,80.2265930176,47403,47413,10
12.8728904724,80.226600647,47413,47423,10
12.8730201721,80.2266235352,47423,47433,10
12.8735704422,80.2266387939,47433,47443,10
12.874420166,80.2267227173,47443,47453,10
12.8754701614,80.226852417,47453,47463,10
12.8764400482,80.2268676758,47463,47474,11
12.8767595291,80.2268371582,47474,47484,10
12.8770198822,80.2268218994,47484,47494,10
12.8777599335,80.2267913818,47494,47504,10
12.8787298203,80.2267379761,47504,47514,10
12.8798904419,80.2266998291,47514,47524,10
12.8812198639,80.2266769409,47524,47534,10
12.8826398849,80.2266693115,47534,47544,10
12.884059906,80.2266464233,47544,47554,10
12.8851499557,80.2266311646,47554,47565,11
12.8853502274,80.2266616821,47565,47575,10
12.8858299255,80.2267684937,47575,47585,10
12.886639595,80.2269821167,47585,47595,10
12.8876695633,80.2271881104,47595,47605,10
12.8889503479,80.2272796631,47605,47615,10
12.890370369,80.2272872925,47615,47625,10
12.8918199539,80.2273025513,47625,47635,10
12.8925304413,80.2273330688,47635,47645,10
12.8930196762,80.2273788452,47645,47656,11
12.8939199448,80.2275009155,47656,47666,10
12.894900322,80.2275619507,47666,47676,10
12.8960599899,80.2276000977,47676,47686,10
12.8973703384,80.2276763916,47686,47696,10
12.898730278,80.2277526855,47696,47706,10
12.9000797272,80.2278289795,47706,47716,10
12.9007701874,80.2278823853,47716,47797,81
12.9007701874,80.2278823853,47797,47807,10
12.9011201859,80.2278594971,47807,47817,10
12.9017400742,80.2279205322,47817,47827,10
12.9025402069,80.2279281616,47827,47838,11
12.9026603699,80.2279434204,47838,47848,10
12.9027500153,80.2279663086,47848,47858,10
12.9031095505,80.2279891968,47858,47868,10
12.9036798477,80.2280197144,47868,47878,10
12.9045495987,80.2280578613,47878,47888,10
12.905579567,80.2280883789,47888,47908,20
12.905579567,80.2280883789,47908,47918,10
12.9057598114,80.2281265259,47918,47929,11
12.9062595367,80.2281494141,47929,47989,60
12.9062595367,80.2281494141,47989,47999,10
12.9067201614,80.2281494141,47999,48009,10
12.9070596695,80.2282028198,48009,48020,11
12.9072999954,80.2282333374,48020,48030,10
12.9079799652,80.2283401489,48030,48040,10
12.908949852,80.2285003662,48040,48050,10
12.9101400375,80.2286911011,48050,48060,10
12.9114198685,80.2288970947,48060,48070,10
12.9127397537,80.2290878296,48070,48080,10
12.9138298035,80.2292098999,48080,48090,10
12.9140796661,80.2292404175,48090,48100,10
12.9141798019,80.2292480469,48100,48111,11
12.9147396088,80.2293395996,48111,48121,10
12.9156198502,80.2294692993,48121,48131,10
12.916680336,80.229637146,48131,48141,10
12.9177799225,80.2297973633,48141,48151,10
12.9190101624,80.2299575806,48151,48161,10
12.9203701019,80.2301483154,48161,48171,10
12.9218101501,80.2303314209,48171,48181,10
12.9232797623,80.2305526733,48181,48191,10
12.9247703552,80.2307434082,48191,48202,11
12.9262399673,80.2308807373,48202,48212,10
12.9264202118,80.2308883667,48212,48222,10
12.9268102646,80.2309494019,48222,48232,10
12.9275503159,80.2310409546,48232,48242,10
12.9285202026,80.2311706543,48242,48252,10
12.9296398163,80.2313919067,48252,48262,10
12.9308900833,80.2317428589,48262,48272,10
12.9320201874,80.2321090698,48272,48282,10
12.9335403442,80.2326889038,48282,48303,21
12.9335403442,80.2326889038,48303,48313,10
12.9336795807,80.2328109741,48313,48323,10
12.9341802597,80.2330627441,48323,48333,10
12.9350299835,80.2334289551,48333,48343,10
12.9357299805,80.2337417603,48343,48353,10
12.9362001419,80.2339630127,48353,48363,10
12.9369802475,80.2343292236,48363,48373,10
12.9379901886,80.2348022461,48373,48384,11
12.939209938,80.2353973389,48384,48394,10
12.9399003983,80.2356796265,48394,48404,10
12.9399299622,80.2357177734,48404,48414,10
12.9400701523,80.2358016968,48414,48424,10
12.9406604767,80.2359619141,48424,48434,10
12.9414997101,80.2361679077,48434,48444,10
12.9425296783,80.2364501953,48444,48454,10
12.943479538,80.237121582,48454,48464,10
12.9443798065,80.2380981445,48464,48475,11
12.9455299377,80.2392120361,48475,48485,10
12.9465799332,80.2397003174,48485,48495,10
12.9472799301,80.2399520874,48495,48515,20
12.9472799301,80.2399520874,48515,48525,10
12.947520256,80.2400588989,48525,48535,10
12.9481496811,80.2403182983,48535,48545,10
12.9488201141,80.240562439,48545,48576,31
12.9488201141,80.240562439,48576,48586,10
12.9489898682,80.2406768799,48586,48596,10
12.9495601654,80.2408828735,48596,48606,10
12.9504404068,80.2411270142,48606,48616,10
12.951089859,80.2413406372,48616,48626,10
12.9511299133,80.2413635254,48626,48636,10
12.9515304565,80.2415008545,48636,48646,10
12.9522399902,80.2417526245,48646,48657,11
12.9532899857,80.2421569824,48657,48666,9
12.9542303085,80.2425231934,48666,48677,11
12.9552001953,80.2428894043,48677,48687,10
12.9560899734,80.2431716919,48687,48697,10
12.9567298889,80.2434616089,48697,48707,10
12.9576396942,80.2438964844,48707,48717,10
12.9585800171,80.2442626953,48717,48727,10
12.9589796066,80.244430542,48727,48737,10
12.9591703415,80.2445526123,48737,48748,11
12.9597997665,80.2448577881,48748,48758,10
12.9606800079,80.2452774048,48758,48768,10
12.9617004395,80.2457885742,48768,48778,10
12.962770462,80.2462921143,48778,48788,10
12.9633998871,80.2465896606,48788,48798,10
12.9639701843,80.2468566895,48798,48808,10
12.9647102356,80.2471466064,48808,48818,10
12.9656600952,80.2474136353,48818,48828,10
12.9665899277,80.2477493286,48828,48839,11
12.9668502808,80.2479019165,48839,48849,10
12.9669799805,80.2479934692,48849,48859,10
12.9672899246,80.2481613159,48859,48869,10
12.9678096771,80.2483901978,48869,48879,10
12.9686002731,80.2486877441,48879,48889,10
12.969619751,80.2490997314,48889,48899,10
12.9707899094,80.2495574951,48899,48909,10
12.9721298218,80.2498626709,48909,48920,11
12.9734697342,80.2502365112,48920,48930,10
12.9744596481,80.25050354,48930,48940,10
12.9756002426,80.2508392334,48940,48950,10
12.976849556,80.2512435913,48950,48960,10
12.9779701233,80.2519226074,48960,48970,10
12.9784698486,80.252281189,48970,48980,10
12.9784803391,80.252281189,48980,48990,10
12.9787197113,80.2524337769,48990,49000,10
12.9795799255,80.2526016235,49000,49051,51
12.9795799255,80.2526016235,49051,49061,10
12.9798402786,80.2526092529,49061,49071,10
12.9804296494,80.2526321411,49071,49081,10
12.9810695648,80.2526092529,49081,49091,10
12.9812898636,80.2526092529,49091,49102,11
12.9814195633,80.2526092529,49102,49182,80
12.9814195633,80.2526092529,49182,49193,11
12.9816303253,80.2526016235,49193,49203,10
12.9821796417,80.2525787354,49203,49213,10
12.982919693,80.252532959,49213,49223,10
12.9835500717,80.2524490356,49223,49233,10
12.9839696884,80.2523498535,49233,49243,10
12.9843101501,80.2522583008,49243,49253,10
12.9849596024,80.2520980835,49253,49304,51
12.9849596024,80.2520980835,49304,49314,10
12.9854602814,80.2519607544,49314,49425,111
12.9854602814,80.2519607544,49425,49435,10
12.9859800339,80.2518310547,49435,49445,10
12.9865503311,80.2516937256,49445,49455,10
12.9872303009,80.2514572144,49455,49466,11
12.9879999161,80.2512817383,49466,49476,10
12.9888496399,80.2510986328,49476,49486,10
12.989569664,80.250869751,49486,49496,10
12.9896001816,80.2508773804,49496,49506,10
12.9899597168,80.2508621216,49506,49516,10
12.9906396866,80.2506790161,49516,49526,10
12.9915895462,80.2504196167,49526,49536,10
12.9925498962,80.2501678467,49536,49546,10
12.9934997559,80.2499237061,49546,49557,11
12.994720459,80.2496185303,49557,49567,10
12.9959402084,80.2492980957,49567,49576,9
12.9967403412,80.2490692139,49576,49587,11
12.9968004227,80.2490310669,49587,49597,10
12.9972896576,80.248916626,49597,49607,10
12.9980802536,80.2487182617,49607,49617,10
12.9991197586,80.2484664917,49617,49627,10
13.0003004074,80.2481918335,49627,49637,10
13.0016298294,80.2478637695,49637,49648,11
13.0028400421,80.2476196289,49648,49658,10
13.0040102005,80.2474594116,49658,49668,10
13.0052900314,80.2472229004,49668,49678,10
13.0062503815,80.2468109131,49678,49688,10
13.0065202713,80.246383667,49688,49698,10
13.0065202713,80.2463302612,49698,49708,10
13.0066003799,80.2459182739,49708,49718,10
13.0066003799,80.2451705933,49718,49728,10
13.0065898895,80.2445907593,49728,49739,11
13.0065898895,80.2441482544,49739,49748,9
13.0065803528,80.2437515259,49748,49759,11
13.0065898895,80.2431106567,49759,49769,10
13.0065402985,80.2422409058,49769,49779,10
13.0066204071,80.2409133911,49779,49819,40
13.0066204071,80.2409133911,49819,49830,11
13.0066604614,80.2405929565,49830,49840,10
13.0067100525,80.2402191162,49840,49850,10
13.0068902969,80.239616394,49850,49860,10
13.0069999695,80.2388000488,49860,49870,10
13.0071296692,80.2381362915,49870,49880,10
13.0072498322,80.2376937866,49880,49890,10
13.007349968,80.2370834351,49890,49900,10
13.0073699951,80.2368774414,49900,49910,10
13.0074100494,80.2367935181,49910,49921,11
13.0075502396,80.2363433838,49921,49931,10
13.0076999664,80.2355804443,49931,49941,10
13.0078897476,80.2345962524,49941,49951,10
13.0081300735,80.2334213257,49951,49961,10
13.0083999634,80.2320709229,49961,49971,10
13.0086803436,80.2306213379,49971,49980,9
13.0089502335,80.2293014526,49980,49991,11
13.0093297958,80.2278137207,49991,50001,10
13.0098896027,80.2265319824,50001,50012,11
13.0104904175,80.2252502441,50012,50022,10
13.010840416,80.2244796753,50022,50032,10
13.011059761,80.2239532471,50032,50042,10
13.0112600327,80.2234725952,50042,50052,10
13.0115804672,80.2227783203,50052,50062,10
13.011879921,80.2218399048,50062,50072,10
13.0122995377,80.221496582,50072,50082,10
13.0125904083,80.2218704224,50082,50092,10
13.0129299164,80.222328186,50092,50103,11
13.0134096146,80.2228622437,50103,50113,10
13.0140199661,80.2236099243,50113,50123,10
13.0145902634,80.2239379883,50123,50133,10
13.0150604248,80.2245635986,50133,50143,10
13.0151195526,80.2246170044,50143,50153,10
13.0153102875,80.2248306274,50153,50163,10
13.0156698227,80.2251205444,50163,50173,10
13.0157804489,80.2252197266,50173,50183,10
13.0164003372,80.2253189087,50183,50194,11
13.0174598694,80.2249603271,50194,50204,10
13.0185604095,80.2245407104,50204,50214,10
13.0197296143,80.2244796753,50214,50244,30
13.0197296143,80.2244796753,50244,50254,10
13.0199098587,80.224647522,50254,50264,10
13.0202999115,80.2249526978,50264,50274,10
13.0208702087,80.2253723145,50274,50285,11
13.0215396881,80.2258682251,50285,50295,10
13.0222301483,80.2263870239,50295,50305,10
13.0229101181,80.2269821167,50305,50315,10
13.0235395432,80.2275238037,50315,50325,10
13.024140358,80.2280578613,50325,50335,10
13.0242795944,80.2282485962,50335,50345,10
13.0244102478,80.2284393311,50345,50355,10
13.024189949,80.2285385132,50355,50365,10
13.0238895416,80.2281494141,50365,50376,11
13.0235204697,80.2277526855,50376,50386,10
13.0230998993,80.2273483276,50386,50588,202
13.0230197906,80.2271118164,50588,50649,61
13.0231199265,80.2273101807,50649,51154,505
13.0231199265,80.2273101807,51154,51164,10
13.0229597092,80.2270736694,51164,51174,10
13.022600174,80.2267532349,51174,51184,10
13.0221204758,80.2263031006,51184,51195,11
13.0215301514,80.2258377075,51195,51205,10
13.0209503174,80.2254104614,51205,51215,10
13.0207195282,80.2252578735,51215,51225,10
13.0203399658,80.2250137329,51225,51235,10
13.0197401047,80.224609375,51235,51245,10
13.0188798904,80.2244110107,51245,51255,10
13.0179796219,80.2247695923,51255,51265,10
13.017080307,80.225151062,51265,51275,10
13.0166397095,80.2253494263,51275,51286,11
13.016409874,80.2254486084,51286,51296,10
13.0160398483,80.2256011963,51296,51306,10
13.0154600143,80.2258071899,51306,51316,10
13.0148601532,80.2260665894,51316,51326,10
13.0147199631,80.2261428833,51326,51336,10
13.0145902634,80.2261810303,51336,51346,10
13.0143203735,80.2262496948,51346,51356,10
13.0140695572,80.2263870239,51356,51366,10
13.0137996674,80.2265014648,51366,51377,11
13.0132799149,80.2266769409,51377,51387,10
13.0125598907,80.2269821167,51387,51397,10
13.0116100311,80.2273635864,51397,51407,10
13.0105199814,80.2277984619,51407,51417,10
13.0094203949,80.2282562256,51417,51427,10
13.0089998245,80.2292633057,51427,51437,10
13.0087604523,80.23046875,51437,51447,10
13.0085897446,80.2315368652,51447,51457,10
13.0083599091,80.2325210571,51457,51468,11
13.0081701279,80.2336273193,51468,51478,10
13.008099556,80.2339782715,51478,51488,10
13.0079698563,80.23462677,51488,51498,10
13.007900238,80.2349777222,51498,51508,10
13.0078001022,80.2355804443,51508,51518,10
13.0076198578,80.2364807129,51518,51528,10
13.0074195862,80.2375488281,51528,51538,10
13.007229805,80.2385025024,51538,51548,10
13.0071001053,80.2391433716,51548,51559,11
13.0068998337,80.2400512695,51559,51589,30
13.0068998337,80.2400512695,51589,51599,10
13.0068302155,80.2404022217,51599,51609,10
13.0067596436,80.240852356,51609,51619,10
13.0067100525,80.2415084839,51619,51629,10
13.0067100525,80.242477417,51629,51639,10
13.0066995621,80.2435684204,51639,51650,11
13.0066699982,80.244682312,51650,51660,10
13.0067396164,80.2456893921,51660,51670,10
13.0067796707,80.2465667725,51670,51680,10
13.0067195892,80.2472991943,51680,51720,40
13.0067195892,80.2472991943,51720,51730,10
13.0064897537,80.2475280762,51730,51741,11
13.0060596466,80.2475280762,51741,51751,10
13.0058498383,80.2474899292,51751,51761,10
13.0051403046,80.247428894,51761,51771,10
13.0041904449,80.2474975586,51771,51780,9
13.0031604767,80.2476501465,51780,51791,11
13.0017900467,80.2479095459,51791,51801,10
13.000459671,80.2482376099,51801,51811,10
12.9991102219,80.2485809326,51811,51821,10
12.997759819,80.2489013672,51821,51832,11
12.9963302612,80.2492370605,51832,51842,10
12.9949998856,80.2496185303,51842,51852,10
12.9936199188,80.2499694824,51852,51861,9
12.9923200607,80.250289917,51861,51872,11
12.9907903671,80.2506637573,51872,51882,10
12.9894695282,80.2509918213,51882,51892,10
12.988240242,80.2513427734,51892,51993,101
12.988240242,80.2513427734,51993,52003,10
12.988120079,80.2512588501,52003,52014,11
12.9878702164,80.2513198853,52014,52024,10
12.9874296188,80.2514419556,52024,52034,10
12.9868297577,80.2516098022,52034,52044,10
12.9860897064,80.2518081665,52044,52054,10
12.9852800369,80.2519989014,52054,52064,10
12.9842796326,80.252281189,52064,52074,10
12.9832496643,80.2525405884,52074,52084,10
12.9822301865,80.2526626587,52084,52094,10
12.9812002182,80.2527008057,52094,52105,11
12.9805402756,80.2527618408,52105,52115,10
12.9802904129,80.2528305054,52115,52125,10
12.9799900055,80.2528305054,52125,52135,10
12.9796199799,80.2527084351,52135,52145,10
12.9788799286,80.2526092529,52145,52155,10
12.9785804749,80.2525405884,52155,52165,10
12.9783802032,80.2524337769,52165,52175,10
12.9778404236,80.2519683838,52175,52185,10
12.9770298004,80.2514038086,52185,52196,11
12.9757995605,80.2510223389,52196,52206,10
12.9745101929,80.2506408691,52206,52216,10
12.9731397629,80.25025177,52216,52226,10
12.9717102051,80.2498703003,52226,52236,10
12.9703998566,80.2494888306,52236,52246,10
12.9691495895,80.2490005493,52246,52256,10
12.967880249,80.2485198975,52256,52266,10
12.9668598175,80.2480316162,52266,52276,10
12.9659004211,80.2476119995,52276,52287,11
12.9650602341,80.2473373413,52287,52297,10
12.9649095535,80.2472763062,52297,52307,10
12.9643201828,80.2470474243,52307,52317,10
12.9636201859,80.2468032837,52317,52337,20
12.9636201859,80.2468032837,52337,52347,10
12.9631004333,80.2464981079,52347,52357,10
12.9623003006,80.2461090088,52357,52367,10
12.9612798691,80.2455978394,52367,52378,11
12.9600296021,80.2450408936,52378,52388,10
12.9593601227,80.244758606,52388,52398,10
12.9591703415,80.2446517944,52398,52408,10
12.9586896896,80.2444229126,52408,52418,10
12.9579000473,80.2440795898,52418,52428,10
12.9572896957,80.2438964844,52428,52438,10
12.9569396973,80.2438583374,52438,52499,61
12.9565696716,80.2437210083,52499,52580,81
12.9565696716,80.2437210083,52580,52590,10
12.9562397003,80.2436676025,52590,52600,10
12.955739975,80.2433624268,52600,52610,10
12.9549598694,80.2429428101,52610,52620,10
12.9540100098,80.2425308228,52620,52630,10
12.9528503418,80.2420501709,52630,52640,10
12.9517202377,80.2416610718,52640,52651,11
12.9513301849,80.2415084839,52651,52661,10
12.9505996704,80.2412719727,52661,52671,10
12.9495601654,80.2409667969,52671,52681,10
12.9486703873,80.2406311035,52681,52691,10
12.9476900101,80.2402420044,52691,52701,10
12.9470701218,80.2399902344,52701,52711,10
12.9470300674,80.239982605,52711,52721,10
12.946559906,80.2397689819,52721,52731,10
12.9457597733,80.2394180298,52731,52742,11
12.9448204041,80.2387008667,52742,52752,10
12.9439401627,80.2377319336,52752,52762,10
12.9431200027,80.236869812,52762,52772,10
12.9419002533,80.2363128662,52772,52782,10
12.9405202866,80.2359771729,52782,52792,10
12.9396696091,80.235710144,52792,52802,10
12.9396400452,80.2356872559,52802,52812,10
12.9392900467,80.2354736328,52812,52822,10
12.9385595322,80.2350921631,52822,52833,11
12.9375200272,80.2345581055,52833,52843,10
12.9364299774,80.2340316772,52843,52853,10
12.9353303909,80.2335281372,52853,52863,10
12.9342803955,80.2331008911,52863,52873,10
12.9338998795,80.2329330444,52873,52883,10
12.9336004257,80.2327728271,52883,52893,10
12.9328603745,80.2324371338,52893,52903,10
12.9318799973,80.2321014404,52903,52913,10
12.9306602478,80.2316894531,52913,52924,11
12.9292697906,80.2313613892,52924,52934,10
12.92786026,80.2311325073,52934,52944,10
12.9265203476,80.2309799194,52944,52954,10
12.9260501862,80.2309570313,52954,52964,10
12.9257602692,80.2309265137,52964,52974,10
12.9250402451,80.2308425903,52974,52984,10
12.924079895,80.23072052,52984,52994,10
12.9229001999,80.2305603027,52994,53004,10
12.9215698242,80.2303619385,53004,53015,11
12.919960022,80.230140686,53015,53025,10
12.918510437,80.2299423218,53025,53035,10
12.917140007,80.2297515869,53035,53045,10
12.9157400131,80.2295608521,53045,53055,10
12.9143600464,80.2293777466,53055,53065,10
12.913359642,80.2293014526,53065,53075,10
12.9132604599,80.2292785645,53075,53085,10
12.9127397537,80.2291717529,53085,53095,10
12.9118404388,80.2290496826,53095,53106,11
12.9105901718,80.2288665771,53106,53116,10
12.9092998505,80.2286682129,53116,53126,10
12.9079303741,80.2284393311,53126,53136,10
12.906829834,80.2282562256,53136,53176,40
12.906829834,80.2282562256,53176,53186,10
12.9064397812,80.2282485962,53186,53197,11
12.9055500031,80.2282104492,53197,53207,10
12.9044399261,80.2281494141,53207,53217,10
12.9031496048,80.2280883789,53217,53227,10
12.9018201828,80.2280426025,53227,53237,10
12.9008703232,80.2279663086,53237,53247,10
12.9001598358,80.2279205322,53247,53257,10
12.8994598389,80.227897644,53257,53267,10
12.8994197845,80.227897644,53267,53277,10
12.8990802765,80.2278823853,53277,53288,11
12.8982400894,80.2278213501,53288,53298,10
12.8971796036,80.2277526855,53298,53308,10
12.8958702087,80.2276992798,53308,53318,10
12.8944797516,80.2276077271,53318,53328,10
12.8932504654,80.2274780273,53328,53338,10
12.8925199509,80.2274169922,53338,53348,10
12.8917398453,80.2273406982,53348,53358,10
12.8906602859,80.2273406982,53358,53368,10
12.8894395828,80.2273635864,53368,53379,11
12.8885803223,80.2273406982,53379,53389,10
12.8876199722,80.2272567749,53389,53399,10
12.8864803314,80.2270584106,53399,53409,10
12.8852701187,80.2267837524,53409,53419,10
12.8846998215,80.2267379761,53419,53429,10
12.8841695786,80.2267303467,53429,53439,10
12.8832798004,80.2267303467,53439,53449,10
12.8821897507,80.2267379761,53449,53459,10
12.8809604645,80.2267303467,53459,53470,11
12.8796195984,80.2267684937,53470,53480,10
12.878279686,80.2268295288,53480,53490,10
12.8769197464,80.2269592285,53490,53500,10
12.8763799667,80.2269973755,53500,53510,10
12.8761501312,80.2270126343,53510,53520,10
12.8755102158,80.2269821167,53520,53530,10
12.8746099472,80.2268676758,53530,53540,10
12.8735198975,80.2267532349,53540,53550,10
12.8725004196,80.2267227173,53550,53561,11
12.8711795807,80.2266769409,53561,53571,10
12.8698596954,80.2265625,53571,53581,10
12.8684301376,80.2264099121,53581,53591,10
12.866979599,80.2265167236,53591,53601,10
12.8657903671,80.2266311646,53601,53610,9
12.8646202087,80.226600647,53610,53621,11
12.8630504608,80.2265396118,53621,53631,10
12.8616504669,80.2266082764,53631,53641,10
12.8610296249,80.2266311646,53641,53652,11
12.861000061,80.2266311646,53652,53662,10
12.86054039,80.2265777588,53662,53672,10
12.8597002029,80.2264404297,53672,53682,10
12.8586196899,80.2262878418,53682,53692,10
12.857339859,80.2262573242,53692,53702,10
12.8559598923,80.2264022827,53702,53712,10
12.8545198441,80.2265701294,53712,53722,10
12.8530197144,80.2267227173,53722,53732,10
12.8514900208,80.2266769409,53732,53743,11
12.8497695923,80.2266082764,53743,53753,10
12.8482198715,80.2266082764,53753,53763,10
12.846739769,80.2266082764,53763,53773,10
12.8457202911,80.2266235352,53773,53783,10
12.8453302383,80.2266311646,53783,53793,10
12.8450403214,80.2266311646,53793,53803,10
12.8443098068,80.2266769409,53803,53813,10
12.8433103561,80.2267990112,53813,53823,10
12.8421697617,80.2270431519,53823,53834,11
12.8409204483,80.2273635864,53834,53844,10
12.840180397,80.2275924683,53844,53874,30
12.840180397,80.2275924683,53874,53884,10
12.8398303986,80.227722168,53884,53894,10
12.8398103714,80.2277374268,53894,53904,10
12.8396396637,80.2277832031,53904,53914,10
12.8391599655,80.227897644,53914,53925,11
12.8381900787,80.2281417847,53925,53935,10
12.8370304108,80.2283401489,53935,53945,10
12.8356895447,80.2285308838,53945,53955,10
12.8342695236,80.2287521362,53955,53965,10
12.8328399658,80.2289962769,53965,53975,10
12.8318796158,80.2292098999,53975,53985,10
12.8316497803,80.2292098999,53985,53995,10
12.8315696716,80.2290420532,53995,54005,10
12.8315200806,80.2288131714,54005,54016,11
12.8315200806,80.2287979126,54016,54026,10
12.8315000534,80.2285308838,54026,54036,10
12.8313598633,80.2278518677,54036,54046,10
12.8311595917,80.2268829346,54046,54056,10
12.831029892,80.225692749,54056,54066,10
12.8310403824,80.2247695923,54066,54076,10
12.8310403824,80.224357605,54076,54086,10
12.8310499191,80.2235488892,54086,54096,10
12.8310403824,80.2225570679,54096,54107,11
12.8310203552,80.2221298218,54107,54117,10
12.8310403824,80.2217102051,54117,54127,10
12.8310804367,80.2210617065,54127,54137,10
12.8310604095,80.2201080322,54137,54147,10
12.8310403824,80.2196121216,54147,54157,10
12.8305397034,80.2193908691,54157,54167,10
12.8296604156,80.2193984985,54167,54177,10
12.8285799026,80.2194290161,54177,54187,10
12.8277797699,80.2194595337,54187,54218,31
12.8277797699,80.2194595337,54218,54228,10
12.8276195526,80.2194595337,54228,54238,10
12.8271598816,80.2194366455,54238,54248,10
12.8264303207,80.2194290161,54248,54258,10
12.8259897232,80.2193984985,54258,54268,10
12.825799942,80.2191162109,54268,54278,10
12.8258199692,80.2186508179,54278,54289,11
12.8258304596,80.217666626,54289,54299,10
12.8258399963,80.2165527344,54299,54309,10
12.8257598877,80.2160110474,54309,54319,10
12.8255300522,80.2159881592,54319,54329,10
12.8248500824,80.2159423828,54329,54613,284
12.8248500824,80.2159423828,54613,54623,10
12.8247804642,80.2159881592,54623,54633,10
12.8244304657,80.216003418,54633,54643,10
12.8241300583,80.216003418,54643,54655,12
12.8235998154,80.2159881592,54655,54665,10
12.8229999542,80.2159881592,54665,54675,10
12.8226995468,80.2160720825,54675,54685,10
12.8226804733,80.2166137695,54685,54695,10
12.8226900101,80.2173995972,54695,54705,10
12.8226604462,80.2183074951,54705,54715,10
12.8226804733,80.2191085815,54715,54725,10
12.8227500916,80.2194137573,54725,54746,21
12.8229598999,80.2195510864,54746,54766,20
12.8229598999,80.2195510864,54766,54776,10
12.82310009,80.2193832397,54776,54786,10
12.8235998154,80.219329834,54786,54796,10
12.8244104385,80.2192687988,54796,54806,10
12.8251600266,80.2192382813,54806,54816,10
12.8253202438,80.2193069458,54816,54826,10
12.8256797791,80.2193984985,54826,54837,11
12.8263301849,80.2193832397,54837,54847,10
12.8269195557,80.2193832397,54847,54857,10
12.8272800446,80.219367981,54857,55110,253
12.8272800446,80.219367981,55110,55120,10
12.8274402618,80.2193832397,55120,55323,203
12.8274402618,80.2193832397,55323,55333,10
12.8280897141,80.2193374634,55333,55343,10
12.8286800385,80.2193222046,55343,55353,10
12.8296604156,80.2193527222,55353,55363,10
12.8305397034,80.2193603516,55363,55374,11
12.830909729,80.2193527222,55374,55384,10
12.8311300278,80.2194366455,55384,55394,10
12.8311796188,80.2198410034,55394,55404,10
12.8311595917,80.2203979492,55404,55414,10
12.8311395645,80.2209014893,55414,55424,10
12.8311395645,80.2213592529,55424,55434,10
12.8311796188,80.22215271,55434,55475,41
12.8311796188,80.22215271,55475,55485,10
12.8311901093,80.2225418091,55485,55495,10
12.8311595917,80.2231826782,55495,55505,10
12.8311700821,80.2240829468,55505,55515,10
12.8311595917,80.2247009277,55515,55525,10
12.8311500549,80.2251205444,55525,55535,10
12.8311595917,80.2258605957,55535,55545,10
12.8312597275,80.2267837524,55545,55555,10
12.8313703537,80.2273025513,55555,55566,11
12.831489563,80.2279129028,55566,55576,10
12.8316602707,80.2287368774,55576,55586,10
12.8318395615,80.2291793823,55586,55596,10
12.8318595886,80.2291717529,55596,55606,10
12.8322095871,80.2290725708,55606,55616,10
12.832909584,80.2289276123,55616,55626,10
12.8338499069,80.228729248,55626,55636,10
12.8349704742,80.2285308838,55636,55646,10
12.8361797333,80.2283477783,55646,55657,11
12.8375902176,80.2281265259,55657,55666,9
12.8387002945,80.2278671265,55666,55677,11
12.8394002914,80.2276611328,55677,55697,20
12.8394002914,80.2276611328,55697,55707,10
12.8397302628,80.2276000977,55707,55717,10
12.8403396606,80.2274398804,55717,55727,10
12.8411302567,80.2272262573,55727,55738,11
12.8422002792,80.2270126343,55738,55748,10
12.8431301117,80.2266998291,55748,55758,10
12.8438997269,80.2263412476,55758,55768,10
12.8450803757,80.2264099121,55768,55778,10
12.845199585,80.2264175415,55778,55788,10
12.8454198837,80.2264785767,55788,55798,10
12.8457698822,80.2264709473,55798,55808,10
12.8465299606,80.2264404297,55808,55819,11
12.8475799561,80.2264709473,55819,55830,11
12.8490200043,80.2264862061,55830,55840,10
12.8503198624,80.2264785767,55840,55850,10
12.8516902924,80.226600647,55850,55860,10
12.85297966,80.2266235352,55860,55870,10
12.8546600342,80.2264785767,55870,55880,10
12.8561601639,80.2263336182,55880,55890,10
12.857919693,80.2261123657,55890,55921,31
12.857919693,80.2261123657,55921,55931,10
12.8581895828,80.2261428833,55931,55941,10
12.8585996628,80.2261886597,55941,55951,10
12.8593502045,80.2262802124,55951,55961,10
12.8603801727,80.2264175415,55961,55971,10
12.8608198166,80.2264328003,55971,55981,10
12.8610496521,80.2265090942,55981,55991,10
12.8617401123,80.2264633179,55991,56001,10
12.8627004623,80.2264328003,56001,56012,11
12.8639602661,80.2264404297,56012,56022,10
12.8653001785,80.2264633179,56022,56032,10
12.8667297363,80.2264022827,56032,56042,10
12.8681001663,80.2262878418,56042,56052,10
12.8695001602,80.2264099121,56052,56062,10
12.8709602356,80.2265472412,56062,56072,10
12.8723297119,80.2265930176,56072,56082,10
12.8728904724,80.2265777588,56082,56092,10
12.8731298447,80.226600647,56092,56103,11
12.8738498688,80.2266464233,56103,56113,10
12.874830246,80.2267913818,56113,56123,10
12.8758001328,80.2268600464,56123,56133,10
12.8760995865,80.2268676758,56133,56143,10
12.876449585,80.2268371582,56143,56153,10
12.8767004013,80.2268218994,56153,56163,10
12.8773002625,80.2267608643,56163,56173,10
12.8783302307,80.2267227173,56173,56183,10
12.8794898987,80.2266387939,56183,56193,10
12.8808097839,80.2266235352,56193,56204,11
12.8823699951,80.2266082764,56204,56214,10
12.8838596344,80.2266082764,56214,56224,10
12.8851003647,80.2265777588,56224,56234,10
12.8853397369,80.2266235352,56234,56244,10
12.8859195709,80.2267837524,56244,56254,10
12.8868303299,80.2270126343,56254,56264,10
12.8879404068,80.2272033691,56264,56274,10
12.8892297745,80.2272720337,56274,56285,11
12.8907804489,80.2272720337,56285,56295,10
12.8919296265,80.2272796631,56295,56305,10
12.8926401138,80.2273330688,56305,56315,10
12.8934698105,80.2274627686,56315,56325,10
12.8944597244,80.2275619507,56325,56335,10
12.8954801559,80.2276077271,56335,56345,10
12.8966798782,80.2276535034,56345,56355,10
12.8978796005,80.2277069092,56355,56365,10
12.8988704681,80.2277832031,56365,56376,11
12.8997898102,80.2277984619,56376,56396,20
12.8997898102,80.2277984619,56396,56406,10
12.9002304077,80.2278518677,56406,56416,10
12.9007902145,80.227897644,56416,56426,10
12.9013795853,80.2279281616,56426,56436,10
12.9019603729,80.2279281616,56436,56446,10
12.9023103714,80.2279434204,56446,56456,10
12.9026498795,80.2279586792,56456,56467,11
12.9026899338,80.2279586792,56467,56477,10
12.9028301239,80.2279968262,56477,56487,10
12.903380394,80.2280273438,56487,56497,10
12.9037504196,80.228012085,56497,56507,10
12.904009819,80.2279968262,56507,56517,10
12.9046497345,80.2280807495,56517,56527,10
12.9048404694,80.2280731201,56527,56537,10
12.9050197601,80.2281188965,56537,56558,21
12.9050197601,80.2281188965,56558,56568,10
12.9052200317,80.2281417847,56568,56578,10
12.9057598114,80.2281417847,56578,56638,60
12.9057598114,80.2281417847,56638,56649,11
12.9057798386,80.2280807495,56649,56659,10
12.9061803818,80.2281799316,56659,56669,10
12.90666008,80.2282409668,56669,56679,10
12.9071102142,80.2283096313,56679,56689,10
12.907959938,80.2284164429,56689,56699,10
12.909070015,80.2285919189,56699,56709,10
12.9103403091,80.2287826538,56709,56719,10
12.9116601944,80.2289733887,56719,56729,10
12.9129104614,80.2291564941,56729,56740,11
12.913860321,80.2292709351,56740,56750,10
12.9138803482,80.2292785645,56750,56760,10
12.914150238,80.2293624878,56760,56770,10
12.9147996902,80.2294311523,56770,56780,10
12.9156398773,80.2295379639,56780,56790,10
12.9168395996,80.2296905518,56790,56800,10
12.9181003571,80.2298583984,56800,56810,10
12.9193096161,80.2300033569,56810,56820,10
12.9206399918,80.230178833,56820,56831,11
12.9222097397,80.2304000854,56831,56841,10
12.9236803055,80.2306213379,56841,56851,10
12.9251403809,80.2307815552,56851,56861,10
12.9263601303,80.2309188843,56861,56871,10
12.9266004562,80.2309494019,56871,56881,10
12.9269104004,80.2310028076,56881,56891,10
12.9276599884,80.2311019897,56891,56901,10
12.9286499023,80.2312393188,56901,56911,10
12.9297704697,80.2314834595,56911,56922,11
12.9311599731,80.2318572998,56922,56932,10
12.9324903488,80.2322692871,56932,56942,10
12.9336004257,80.2326812744,56942,56952,10
12.9337100983,80.232749939,56952,56962,10
12.9339103699,80.2328796387,56962,56972,10
12.9346599579,80.2332382202,56972,56982,10
12.9355096817,80.2335510254,56982,56992,10
12.9361600876,80.2339172363,56992,57002,10
12.9370298386,80.2343521118,57002,57013,11
12.9381799698,80.234916687,57013,57023,10
12.9393100739,80.2354736328,57023,57033,10
12.9396400452,80.2356109619,57033,57043,10
12.939789772,80.2356567383,57043,57053,10
12.9405002594,80.2359390259,57053,57063,10
12.9414596558,80.2361984253,57063,57073,10
12.9425802231,80.2365493774,57073,57083,10
12.9435997009,80.2372970581,57083,57093,10
12.9444904327,80.23828125,57093,57104,11
12.9453401566,80.2391586304,57104,57114,10
12.9464502335,80.239692688,57114,57124,10
12.9472198486,80.239982605,57124,57134,10
12.9472398758,80.2399902344,57134,57144,10
12.9476099014,80.2401809692,57144,57154,10
12.9487800598,80.2406768799,57154,57174,20
12.9487800598,80.2406768799,57174,57184,10
12.9489402771,80.2407302856,57184,57195,11
12.949669838,80.2409362793,57195,57205,10
12.9505395889,80.2411727905,57205,57215,10
12.9510097504,80.2413024902,57215,57225,10
12.9510602951,80.2413482666,57225,57235,10
12.9515199661,80.2415237427,57235,57245,10
12.9523096085,80.2418289185,57245,57255,10
12.9532499313,80.2421875,57255,57265,10
12.954079628,80.2425079346,57265,57275,10
12.9548597336,80.2428207397,57275,57286,11
12.9556303024,80.2431182861,57286,57296,10
12.956319809,80.243347168,57296,57316,20
12.956319809,80.243347168,57316,57326,10
12.9566698074,80.2434616089,57326,57336,10
12.9574298859,80.2437973022,57336,57346,10
12.9580802917,80.2440795898,57346,57356,10
12.9587402344,80.244430542,57356,57366,10
12.95952034,80.2447891235,57366,57377,11
12.9606399536,80.245300293,57377,57387,10
12.9618301392,80.2458724976,57387,57397,10
12.9630098343,80.2464599609,57397,57417,20
12.9630098343,80.2464599609,57417,57427,10
12.9630804062,80.2464523315,57427,57437,10
12.9633703232,80.2466201782,57437,57447,10
12.9638500214,80.2468185425,57447,57457,10
12.9646997452,80.2471313477,57457,57468,11
12.9657201767,80.2474594116,57468,57478,10
12.9665498734,80.2478179932,57478,57488,10
12.9667596817,80.2479476929,57488,57498,10
12.9668197632,80.248008728,57498,57508,10
12.9671201706,80.2481231689,57508,57518,10
12.9679403305,80.2484817505,57518,57528,10
12.9689397812,80.2488937378,57528,57538,10
12.9701004028,80.2492980957,57538,57548,10
12.9712696075,80.2497024536,57548,57559,11
12.9725399017,80.2500534058,57559,57569,10
12.9736995697,80.2503204346,57569,57579,10
12.9749603271,80.2506866455,57579,57589,10
12.9762496948,80.2510910034,57589,57599,10
12.9774904251,80.2515487671,57599,57609,10
12.9783201218,80.2521972656,57609,57619,10
12.978679657,80.2524032593,57619,57629,10
12.9788799286,80.2525100708,57629,57660,31
12.9788799286,80.2525100708,57660,57670,10
12.9792003632,80.2525405884,57670,57680,10
12.9794197083,80.2525482178,57680,57690,10
12.9797897339,80.2526168823,57690,57700,10
12.9803199768,80.2526168823,57700,57710,10
12.9808702469,80.2526168823,57710,57720,10
12.9815797806,80.2525787354,57720,57730,10
12.9817199707,80.2525787354,57730,57741,11
12.9818496704,80.252571106,57741,57751,10
12.9822101593,80.2525634766,57751,57892,141
12.9822101593,80.2525634766,57892,57902,10
12.9827299118,80.2525024414,57902,57912,10
12.9831495285,80.2525024414,57912,57923,11
12.9837198257,80.2524185181,57923,57933,10
12.9844102859,80.252243042,57933,57943,10
12.9853096008,80.2519989014,57943,58155,212
12.9853096008,80.2519989014,58155,58165,10
12.9854803085,80.251991272,58165,58175,10
12.9859304428,80.2518997192,58175,58185,10
12.9866895676,80.2516937256,58185,58196,11
12.987660408,80.2513885498,58196,58206,10
12.9883899689,80.2512435913,58206,58216,10
12.9892196655,80.2509918213,58216,58226,10
12.9892902374,80.2509689331,58226,58236,10
12.9896001816,80.2509002686,58236,58246,10
12.989859581,80.2508621216,58246,58256,10
12.9903402328,80.2507476807,58256,58266,10
12.9911699295,80.250541687,58266,58276,10
12.9922103882,80.2502670288,58276,58287,11
12.9935998917,80.2499237061,58287,58297,10
12.9949502945,80.2495574951,58297,58307,10
12.9962596893,80.2492218018,58307,58317,10
12.9968996048,80.2490386963,58317,58327,10
12.9971399307,80.2490005493,58327,58337,10
12.9977903366,80.248840332,58337,58347,10
12.9987401962,80.2485961914,58347,58357,10
12.9998703003,80.2483291626,58357,58367,10
13.0011396408,80.2480316162,58367,58378,11
13.0025596619,80.2476882935,58378,58388,10
13.0038499832,80.2474594116,58388,58398,10
13.0051403046,80.2473220825,58398,58408,10
13.0060300827,80.2470321655,58408,58418,10
13.0061597824,80.246963501,58418,58428,10
13.0064296722,80.2466278076,58428,58438,10
13.0065803528,80.2460021973,58438,58448,10
13.0066099167,80.2452087402,58448,58458,10
13.0066003799,80.2445831299,58458,58469,11
13.0065803528,80.2442169189,58469,58478,9
13.0065698624,80.2437591553,58478,58489,11
13.0065498352,80.243270874,58489,58499,10
13.006529808,80.2426223755,58499,58509,10
13.0065002441,80.2417907715,58509,58519,10
13.006529808,80.2410888672,58519,58529,10
13.0065402985,80.2409820557,58529,58539,10
13.0065898895,80.2408065796,58539,58549,10
13.006649971,80.2404403687,58549,58560,11
13.0068798065,80.2398071289,58560,58570,10
13.0070400238,80.238899231,58570,58580,10
13.007229805,80.2379379272,58580,58590,10
13.0073699951,80.2371063232,58590,58600,10
13.0073795319,80.2369995117,58600,58610,10
13.0073900223,80.236907959,58610,58620,10
13.0074996948,80.2364807129,58620,58630,10
13.0076303482,80.2359237671,58630,58640,10
13.0078001022,80.2350692749,58640,58651,11
13.0080299377,80.2339172363,58651,58661,10
13.0082397461,80.2327728271,58661,58671,10
13.0084600449,80.2316818237,58671,58681,10
13.0086603165,80.2306213379,58681,58691,10
13.0088796616,80.2294998169,58691,58701,10
13.0091199875,80.2283401489,58701,58711,10
13.009469986,80.2273788452,58711,58721,10
13.0100698471,80.2261962891,58721,58731,10
13.0105400085,80.2251281738,58731,58742,11
13.0109300613,80.2242279053,58742,58752,10
13.0113201141,80.2232284546,58752,58772,20
13.0113201141,80.2232284546,58772,58782,10
13.0115404129,80.2228164673,58782,58792,10
13.011759758,80.2222518921,58792,58802,10
13.0121202469,80.2215194702,58802,58812,10
13.0124502182,80.2217102051,58812,58822,10
13.0130195618,80.2223434448,58822,58833,11
13.0136804581,80.2232208252,58833,58843,10
13.0143299103,80.2239379883,58843,58853,10
13.0150604248,80.2246627808,58853,58863,10
13.0154800415,80.2249908447,58863,58873,10
13.0155200958,80.2250213623,58873,58883,10
13.0157604218,80.2252807617,58883,58893,10
13.0164699554,80.2253112793,58893,58903,10
13.0173797607,80.2249832153,58903,58913,10
13.0183200836,80.2246017456,58913,58924,11
13.0192604065,80.2243423462,58924,58933,9
13.0197200775,80.2244873047,58933,58954,21
13.0197200775,80.2244873047,58954,58964,10
13.0200395584,80.224822998,58964,58974,10
13.0205202103,80.2251815796,58974,58984,10
13.0211601257,80.2256622314,58984,58994,10
13.021900177,80.2262115479,58994,59004,10
13.0226402283,80.2267532349,59004,59045,41
13.0226297379,80.2267990112,59045,59267,222
13.0226297379,80.2267990112,59267,59277,10
13.0226802826,80.2269668579,59277,59429,152
13.0226202011,80.2268829346,59429,59490,61
13.0226202011,80.2268829346,59490,59500,10
13.0227804184,80.2270278931,59500,59510,10
13.0230197906,80.2272415161,59510,59520,10
13.0233402252,80.2275390625,59520,59530,10
13.0239095688,80.2280426025,59530,59540,10
13.0244197845,80.2285232544,59540,59561,21
13.0244197845,80.2285232544,59561,59571,10
13.024430275,80.2286224365,59571,59581,10
13.0241699219,80.2285614014,59581,59591,10
13.0238103867,80.2281036377,59591,59601,10
13.0235300064,80.2277984619,59601,59611,10
13.0233697891,80.2276382446,59611,59621,10
13.0233602524,80.2276229858,59621,59631,10
13.0231304169,80.2274169922,59631,59783,152
13.0231304169,80.2274169922,59783,59793,10
13.0230197906,80.2272186279,59793,59904,111
13.0229701996,80.2272720337,59904,60036,132
13.0229997635,80.2272109985,60036,60258,222
13.0229797363,80.2272491455,60258,60279,21
13.0229797363,80.2272491455,60279,60289,10
13.022939682,80.2272033691,60289,60299,10
13.0228204727,80.2270431519,60299,60309,10
13.0225000381,80.2267303467,60309,60319,10
13.0220603943,80.2263565063,60319,60329,10
13.0215301514,80.2259597778,60329,60339,10
13.0209703445,80.2255325317,60339,60349,10
13.0205602646,80.2252578735,60349,60359,10
13.0200901031,80.2249298096,60359,60370,11
13.0194702148,80.2245483398,60370,60380,10
13.0186195374,80.2245635986,60380,60390,10
13.0177202225,80.2249069214,60390,60400,10
13.016869545,80.2252578735,60400,60410,10
13.0163803101,80.2254486084,60410,60420,10
13.0159101486,80.2256011963,60420,60430,10
13.0152301788,80.2258682251,60430,60440,10
13.0146598816,80.2260894775,60440,60450,10
13.0142803192,80.2262191772,60450,60461,11
13.0140199661,80.2264404297,60461,60471,10
13.0137500763,80.2265472412,60471,60481,10
13.0136098862,80.2265930176,60481,60491,10
13.0130596161,80.2267608643,60491,60501,10
13.0122804642,80.2270431519,60501,60511,10
13.0114002228,80.2273788452,60511,60521,10
13.0105199814,80.2277526855,60521,60531,10
13.0095796585,80.2281265259,60531,60541,10
13.0090999603,80.2288208008,60541,60552,11
13.0088996887,80.2298965454,60552,60562,10
13.0087099075,80.2308731079,60562,60572,10
13.0085601807,80.2318496704,60572,60582,10
13.0083703995,80.2328414917,60582,60592,10
13.0082798004,80.2335586548,60592,60602,10
13.0082397461,80.2336196899,60602,60612,10
13.0081796646,80.2337188721,60612,60621,9
13.0081195831,80.2340011597,60621,60632,11
13.0080299377,80.234588623,60632,60643,11
13.0079097748,80.2352218628,60643,60653,10
13.0078001022,80.2357711792,60653,60663,10
13.0076599121,80.2364730835,60663,60673,10
13.0074796677,80.2373809814,60673,60683,10
13.0073204041,80.238319397,60683,60693,10
13.0071697235,80.2391433716,60693,60703,10
13.0070199966,80.2397918701,60703,60713,10
13.0069799423,80.2399597168,60713,60723,10
13.0069303513,80.2401123047,60723,60734,11
13.0068998337,80.240562439,60734,60744,10
13.0068702698,80.2406768799,60744,60754,10
13.006819725,80.2408828735,60754,60764,10
13.0067796707,80.2414627075,60764,60774,10
13.0067796707,80.2422485352,60774,60784,10
13.0067396164,80.2430496216,60784,60794,10
13.0067300797,80.2436523438,60794,60804,10
13.0067195892,80.2442626953,60804,60814,10
13.0067396164,80.2448730469,60814,60825,11
13.0067501068,80.2454071045,60825,60835,10
13.006770134,80.2460021973,60835,60855,20
13.006770134,80.2460021973,60855,60865,10
13.0067596436,80.2463378906,60865,60875,10
13.0067796707,80.2467803955,60875,60885,10
13.0066604614,80.2473526001,60885,60895,10
13.0059700012,80.247428894,60895,60916,21
13.0059700012,80.247428894,60916,60926,10
13.0056200027,80.2473983765,60926,60936,10
13.0048999786,80.2473983765,60936,60946,10
13.003950119,80.2475128174,60946,60956,10
13.0029697418,80.2476501465,60956,60966,10
13.0026397705,80.2476806641,60966,60976,10
13.0021800995,80.2478027344,60976,60986,10
13.0013799667,80.2480010986,60986,60996,10
13.0003995895,80.2482528687,60996,61007,11
12.9991397858,80.2485580444,61007,61017,10
12.9981002808,80.2488632202,61017,61027,10
12.9979200363,80.248916626,61027,61037,10
12.9975795746,80.2489624023,61037,61047,10
12.9968595505,80.2491226196,61047,61057,10
12.9959001541,80.2493667603,61057,61067,10
12.9947900772,80.2496490479,61067,61077,10
12.9935398102,80.2499694824,61077,61087,10
12.9921798706,80.2502975464,61087,61098,11
12.9910202026,80.2506408691,61098,61118,20
12.9910202026,80.2506408691,61118,61128,10
12.9907398224,80.2506866455,61128,61138,10
12.990070343,80.2508468628,61138,61148,10
12.9891395569,80.251083374,61148,61158,10
12.988240242,80.251373291,61158,61249,91
12.988240242,80.251373291,61249,61259,10
12.9879999161,80.251373291,61259,61269,10
12.9876499176,80.2514419556,61269,61280,11
12.9870595932,80.2515792847,61280,61290,10
12.9864902496,80.2517623901,61290,61300,10
12.9856500626,80.2519683838,61300,61310,10
12.98458004,80.2522735596,61310,61320,10
12.9833803177,80.2525634766,61320,61330,10
12.9822902679,80.2526702881,61330,61340,10
12.9811201096,80.2527084351,61340,61350,10
12.9803304672,80.2528076172,61350,61360,10
12.9799203873,80.252822876,61360,61371,11
12.9790296555,80.2526397705,61371,61381,10
12.9785604477,80.2525482178,61381,61391,10
12.9785203934,80.2525100708,61391,61401,10
12.9781198502,80.2522125244,61401,61411,10
12.9774599075,80.2516174316,61411,61421,10
12.9764404297,80.2511901855,61421,61431,10
12.975230217,80.2508392334,61431,61441,10
12.9739198685,80.2504806519,61441,61451,10
12.9725399017,80.2501220703,61451,61462,11
12.9709796906,80.2497024536,61462,61472,10
12.9696598053,80.2492370605,61472,61482,10
12.9684000015,80.2487411499,61482,61492,10
12.9673299789,80.248298645,61492,61502,10
12.9665899277,80.2479400635,61502,61512,10
12.9659204483,80.2476501465,61512,61522,10
12.9652299881,80.247428894,61522,61532,10
12.9652004242,80.2474212646,61532,61542,10
12.9650096893,80.2473678589,61542,61553,11
12.9643697739,80.2471008301,61553,61563,10
12.963809967,80.246887207,61563,61573,10
12.9637899399,80.246887207,61573,61583,10
12.9636201859,80.2468338013,61583,61593,10
12.9634895325,80.2467422485,61593,61603,10
12.9629402161,80.2464675903,61603,61613,10
12.962100029,80.2460632324,61613,61623,10
12.9610795975,80.2455673218,61623,61633,10
12.9599304199,80.2450637817,61633,61644,11
12.9593000412,80.2447967529,61644,61654,10
12.9592399597,80.2447280884,61654,61664,10
12.9587697983,80.2445068359,61664,61674,10
12.9579801559,80.2442169189,61674,61684,10
12.9572496414,80.2439804077,61684,61694,10
12.9568500519,80.243888855,61694,61704,10
12.9566402435,80.2438201904,61704,61745,41
12.9566402435,80.2438201904,61745,61755,10
12.9563102722,80.2437210083,61755,61765,10
12.9558401108,80.2434463501,61765,61775,10
12.9550800323,80.243019104,61775,61785,10
12.9540901184,80.2425613403,61785,61795,10
12.9528903961,80.2420806885,61795,61805,10
12.951880455,80.2417602539,61805,61815,10
12.9518299103,80.2417602539,61815,61826,11
12.9514598846,80.2416381836,61826,61836,10
12.9507303238,80.2413864136,61836,61846,10
12.9497299194,80.2410888672,61846,61856,10
12.949090004,80.2408370972,61856,61876,20
12.949090004,80.2408370972,61876,61886,10
12.9489202499,80.2407608032,61886,61896,10
12.9483804703,80.2405319214,61896,61906,10
12.9475698471,80.2401885986,61906,61917,11
12.9468202591,80.2398910522,61917,61927,10
12.9464597702,80.2398071289,61927,61937,10
12.9462003708,80.2396697998,61937,61947,10
12.9455699921,80.2393493652,61947,61957,10
12.944849968,80.2387619019,61957,61967,10
12.9440803528,80.2379379272,61967,61977,10
12.9432201385,80.2370223999,61977,61987,10
12.9420404434,80.236366272,61987,61997,10
12.9406900406,80.236038208,61997,62008,11
12.939789772,80.2358016968,62008,62018,10
12.939740181,80.2357711792,62018,62028,10
12.9392995834,80.2355270386,62028,62038,10
12.9385004044,80.2351531982,62038,62048,10
12.9375295639,80.2346572876,62048,62058,10
12.9363698959,80.2341079712,62058,62068,10
12.9350795746,80.2334976196,62068,62078,10
12.9339799881,80.233039856,62078,62088,10
12.9338998795,80.2329788208,62088,62099,11
12.9336395264,80.2328262329,62099,62109,10
12.9329299927,80.2325210571,62109,62119,10
12.9319400787,80.2321929932,62119,62129,10
12.9307203293,80.2317962646,62129,62139,10
12.9295797348,80.2314987183,62139,62149,10
12.9290103912,80.2313766479,62149,62159,10
12.9285497665,80.2312774658,62159,62169,10
12.9276599884,80.2311477661,62169,62179,10
12.9265203476,80.2310409546,62179,62190,11
12.9260501862,80.2310180664,62190,62200,10
12.9258098602,80.2309875488,62200,62210,10
12.9251203537,80.2309112549,62210,62220,10
12.9241600037,80.230796814,62220,62230,10
12.9230499268,80.2306594849,62230,62240,10
12.9217700958,80.2304382324,62240,62250,10
12.9203901291,80.2302703857,62250,62260,10
12.9189596176,80.2300872803,62260,62270,10
12.9175300598,80.2298965454,62270,62281,11
12.9160804749,80.2296981812,62281,62291,10
12.9146900177,80.2295074463,62291,62301,10
12.9135904312,80.2293930054,62301,62311,10
12.9134998322,80.2293701172,62311,62321,10
12.9132204056,80.2292861938,62321,62331,10
12.9124603271,80.2291870117,62331,62341,10
12.9114198685,80.2290420532,62341,62351,10
12.9101600647,80.2288513184,62351,62361,10
12.908780098,80.2286224365,62361,62372,11
12.9075803757,80.2284164429,62372,62382,10
12.9071102142,80.2283706665,62382,62392,10
12.9065799713,80.2283096313,62392,62402,10
12.9059696198,80.228302002,62402,62412,10
12.9056596756,80.2282791138,62412,62422,10
12.9049100876,80.2282333374,62422,62432,10
12.9038896561,80.2281723022,62432,62442,10
12.9029302597,80.2281265259,62442,62452,10
12.9027395248,80.2281188965,62452,62463,11
12.9026203156,80.2281265259,62463,62473,10
12.9021997452,80.2281036377,62473,62483,10
12.9018697739,80.2280731201,62483,62493,10
12.9011497498,80.2280426025,62493,62624,131
12.9011497498,80.2280426025,62624,62634,10
12.9008398056,80.2279815674,62634,62645,11
12.9003000259,80.2279281616,62645,62655,10
12.8995895386,80.2278900146,62655,62665,10
12.899310112,80.2278823853,62665,62675,10
12.8992595673,80.2278823853,62675,62685,10
12.8992300034,80.2278823853,62685,62695,10
12.8987598419,80.2278518677,62695,62705,10
12.8979301453,80.2277984619,62705,62715,10
12.896900177,80.227722168,62715,62725,10
12.8957004547,80.2276687622,62725,62736,11
12.8942098618,80.2276000977,62736,62746,10
12.8931903839,80.2275009155,62746,62756,10
12.8930301666,80.2274780273,62756,62766,10
12.8928003311,80.2274627686,62766,62776,10
12.8926296234,80.2274398804,62776,62786,10
12.8922195435,80.2274017334,62786,62796,10
12.891409874,80.2273635864,62796,62806,10
12.8903398514,80.2273635864,62806,62816,10
12.8891000748,80.2273712158,62816,62827,11
12.8878202438,80.2273178101,62827,62837,10
12.8865499496,80.2270965576,62837,62847,10
12.8854598999,80.2268218994,62847,62857,10
12.8847799301,80.2267303467,62857,62867,10
12.88463974,80.2267379761,62867,62877,10
12.8840703964,80.2267303467,62877,62887,10
12.8831501007,80.2267303467,62887,62897,10
12.8819904327,80.2267303467,62897,62907,10
12.8806600571,80.2267379761,62907,62918,11
12.8790597916,80.2267837524,62918,62928,10
12.8775501251,80.2268829346,62928,62938,10
12.8764896393,80.2270126343,62938,62948,10
12.8763999939,80.2270202637,62948,62958,10
12.8761501312,80.2270202637,62958,62968,10
12.8754196167,80.2269821167,62968,62978,10
12.8743896484,80.226852417,62978,62988,10
12.8733100891,80.2267379761,62988,62998,10
12.8728303909,80.2267608643,62998,63009,11
12.8726196289,80.2267532349,63009,63018,9
12.8720798492,80.2267227173,63018,63028,10
12.8711795807,80.2266769409,63028,63039,11
12.8700504303,80.226600647,63039,63049,10
12.8687400818,80.2264404297,63049,63058,9
12.8674602509,80.2264633179,63058,63069,11
12.8658504486,80.2266082764,63069,63079,10
12.8643598557,80.2265701294,63079,63089,10
12.862859726,80.2265319824,63089,63100,11
12.8613004684,80.2266387939,63100,63110,10
12.8609800339,80.2266311646,63110,63120,10
12.8607997894,80.2266235352,63120,63130,10
12.8601303101,80.2265090942,63130,63140,10
12.85916996,80.2263717651,63140,63150,10
12.8580799103,80.2262496948,63150,63160,10
12.8568096161,80.2263565063,63160,63170,10
12.8554201126,80.2264862061,63170,63180,10
12.8539600372,80.2266464233,63180,63191,11
12.8522796631,80.2267074585,63191,63201,10
12.8507204056,80.2266387939,63201,63211,10
12.849149704,80.2266082764,63211,63221,10
12.8475704193,80.2266235352,63221,63231,10
12.8461103439,80.2266311646,63231,63241,10
12.8452196121,80.2266616821,63241,63251,10
12.8451404572,80.2266693115,63251,63261,10
12.8450202942,80.2267074585,63261,63271,10
12.8448896408,80.2267303467,63271,63282,11
12.8443603516,80.2267608643,63282,63292,10
12.8435697556,80.2268295288,63292,63302,10
12.8425598145,80.2269897461,63302,63312,10
12.8413896561,80.2272567749,63312,63322,10
12.8402996063,80.2275924683,63322,63332,10
12.8397397995,80.2277984619,63332,63342,10
12.8395204544,80.227897644,63342,63352,10
12.8388700485,80.2279815674,63352,63362,10
12.8377799988,80.2282180786,63362,63373,11
12.8365402222,80.2284088135,63373,63383,10
12.8351697922,80.2286224365,63383,63393,10
12.8337402344,80.2288513184,63393,63403,10
12.8325195313,80.2291030884,63403,63413,10
12.8322000504,80.2291717529,63413,63423,10
12.8318395615,80.2292404175,63423,63433,10
12.8310804367,80.2294387817,63433,63443,10
12.830160141,80.2297592163,63443,63454,11
12.8291597366,80.230140686,63454,63464,10
12.8280897141,80.2306976318,63464,63474,10
12.8269100189,80.2312927246,63474,63484,10
12.8255395889,80.2314224243,63484,63494,10
12.824139595,80.2312698364,63494,63504,10
12.8227596283,80.2308502197,63504,63514,10
12.821390152,80.2304992676,63514,63524,10
12.8202800751,80.2304916382,63524,63534,10
12.8196601868,80.230506897,63534,63545,11
12.8192100525,80.230506897,63545,63555,10
12.8188695908,80.230506897,63555,63565,10
12.8187503815,80.23046875,63565,63574,9
12.8182201385,80.2302093506,63574,63585,11
12.8171796799,80.2297363281,63585,63595,10
12.8160200119,80.2294769287,63595,63605,10
12.8149995804,80.2293395996,63605,63615,10
12.8139896393,80.2291412354,63615,63625,10
12.8128204346,80.2287368774,63625,63636,11
12.8113803864,80.2282333374,63636,63646,10
12.8100404739,80.2276992798,63646,63656,10
12.8087997437,80.2269821167,63656,63666,10
12.8076696396,80.2260284424,63666,63676,10
12.8066902161,80.2251815796,63676,63686,10
12.8058700562,80.2244415283,63686,63696,10
12.8051900864,80.2240524292,63696,63706,10
12.8050403595,80.2240219116,63706,63716,10
12.8048295975,80.2239685059,63716,63727,11
12.8042201996,80.2238998413,63727,63737,10
12.8034200668,80.2238464355,63737,63747,10
12.8024597168,80.2237319946,63747,63757,10
12.8014001846,80.2236175537,63757,63767,10
12.8004703522,80.2235412598,63767,63777,10
12.7993402481,80.223449707,63777,63787,10
12.7980298996,80.2233123779,63787,63797,10
12.7966403961,80.2230834961,63797,63807,10
12.7959804535,80.2229919434,63807,63818,11
12.795800209,80.2229385376,63818,63828,10
12.7951498032,80.2228164673,63828,63838,10
12.7941904068,80.22265625,63838,63848,10
12.7930402756,80.2224884033,63848,63858,10
12.7918195724,80.2222366333,63858,63868,10
12.7906103134,80.2219467163,63868,63878,10
12.7896203995,80.2216873169,63878,63888,10
12.7889299393,80.2214126587,63888,63898,10
12.7883396149,80.2211914063,63898,63909,11
12.7876996994,80.2209472656,63909,63919,10
12.7867498398,80.2205963135,63919,63949,30
12.7867498398,80.2205963135,63949,63959,10
12.7866201401,80.2205123901,63959,63969,10
12.7862596512,80.2203903198,63969,63979,10
12.7861700058,80.2206497192,63979,63989,10
12.786190033,80.2211227417,63989,64000,11
12.7862501144,80.2216796875,64000,64010,10
12.7862501144,80.2219772339,64010,64384,374
12.7862501144,80.2219772339,64384,64394,10
12.7861404419,80.2216567993,64394,64404,10
12.7861499786,80.2212295532,64404,64414,10
12.7861499786,80.2205581665,64414,64455,41
12.7861499786,80.2205581665,64455,64465,10
12.7864398956,80.2204666138,64465,64475,10
12.786740303,80.2205886841,64475,64485,10
12.7868204117,80.2206497192,64485,64495,10
12.7871799469,80.2207794189,64495,64505,10
12.787560463,80.2209320068,64505,64515,10
12.7880401611,80.2211074829,64515,64525,10
12.788769722,80.2213973999,64525,64535,10
12.789440155,80.2216491699,64535,64546,11
12.789899826,80.2218017578,64546,64556,10
12.7905902863,80.2219772339,64556,64566,10
12.7916002274,80.2222213745,64566,64576,10
12.7928199768,80.2224884033,64576,64586,10
12.7941503525,80.2226867676,64586,64596,10
12.7954797745,80.2229003906,64596,64606,10
12.7964696884,80.2230834961,64606,64616,10
12.7975702286,80.2232894897,64616,64626,10
12.7988100052,80.2234420776,64626,64637,11
12.8002500534,80.2235565186,64637,64647,10
12.801199913,80.2236480713,64647,64657,10
12.8022298813,80.2237472534,64657,64667,10
12.8034200668,80.2238998413,64667,64677,10
12.8045797348,80.2239837646,64677,64687,10
12.8051595688,80.2240905762,64687,64697,10
12.8054800034,80.2241973877,64697,64707,10
12.8056001663,80.2242507935,64707,64717,10
12.805850029,80.2244415283,64717,64728,11
12.806520462,80.2250213623,64728,64738,10
12.8073596954,80.2257537842,64738,64748,10
12.8083696365,80.226600647,64748,64758,10
12.8094902039,80.2274398804,64758,64768,10
12.8107995987,80.2280197144,64768,64778,10
12.8121700287,80.2285308838,64778,64788,10
12.8135700226,80.2290115356,64788,64798,10
12.8149003983,80.229309082,64798,64808,10
12.8159103394,80.2294464111,64808,64819,11
12.8175096512,80.2298431396,64819,64828,9
12.8184604645,80.2302932739,64828,64839,11
12.8195800781,80.2304992676,64839,64849,10
12.8198404312,80.2304763794,64849,64859,10
12.8198604584,80.2304763794,64859,64869,10
12.8203601837,80.2304916382,64869,64879,10
12.8212604523,80.2304992676,64879,64889,10
12.8223495483,80.2307128906,64889,64899,10
12.8235797882,80.2310791016,64899,64910,11
12.8249797821,80.2314071655,64910,64920,10
12.8263301849,80.2313766479,64920,64930,10
12.827630043,80.2310409546,64930,64940,10
12.8287000656,80.2304000854,64940,64950,10
12.829870224,80.2298965454,64950,64960,10
12.8308801651,80.2294769287,64960,64990,30
12.8308801651,80.2294769287,64990,65001,11
12.831319809,80.2293395996,65001,65011,10
12.8318195343,80.2292098999,65011,65021,10
12.8324298859,80.2290802002,65021,65031,10
12.8332004547,80.2289276123,65031,65041,10
12.8341197968,80.228767395,65041,65051,10
12.8351602554,80.2285919189,65051,65061,10
12.8362598419,80.2284088135,65061,65071,10
12.8373699188,80.2282180786,65071,65081,10
12.8381795883,80.2280807495,65081,65092,11
12.8383197784,80.2280502319,65092,65102,10
12.83852005,80.228012085,65102,65152,50
12.83852005,80.228012085,65152,65162,10
12.8390102386,80.227897644,65162,65172,10
12.839099884,80.2278823853,65172,65233,61
12.8394699097,80.2277679443,65233,65253,20
12.8394699097,80.2277679443,65253,65264,11
12.8396596909,80.2276763916,65264,65274,10
12.8401403427,80.2275466919,65274,65284,10
12.8407297134,80.2274017334,65284,65294,10
12.8415899277,80.227180481,65294,65304,10
12.8425798416,80.2269363403,65304,65314,10
12.8436203003,80.2267532349,65314,65324,10
12.84471035,80.2266082764,65324,65334,10
12.8454399109,80.2265396118,65334,65365,31
12.8454399109,80.2265396118,65365,65375,10
12.845700264,80.2265319824,65375,65385,10
12.8461999893,80.2265396118,65385,65395,10
12.8469400406,80.2265396118,65395,65405,10
12.8478002548,80.2265396118,65405,65415,10
12.848739624,80.2265625,65415,65425,10
12.849729538,80.2265625,65425,65435,10
12.8507795334,80.2265625,65435,65446,11
12.8519897461,80.2266235352,65446,65456,10
12.8531198502,80.2266616821,65456,65466,10
12.8541402817,80.2265777588,65466,65476,10
12.8550395966,80.2264862061,65476,65486,10
12.8558502197,80.2264022827,65486,65496,10
12.8565998077,80.2263183594,65496,65506,10
12.8570899963,80.2262573242,65506,65516,10
12.8571395874,80.2262496948,65516,65526,10
12.8572797775,80.2262420654,65526,65537,11
12.8574199677,80.2262268066,65537,65547,10
12.857460022,80.2262268066,65547,65557,10
12.8575696945,80.2262191772,65557,65566,9
12.8577203751,80.2261962891,65566,65577,11
12.8578996658,80.2261962891,65577,65587,10
12.8579702377,80.2261962891,65587,65597,10
12.8580799103,80.2261962891,65597,65607,10
12.8582801819,80.2262191772,65607,65617,10
12.8586702347,80.2262573242,65617,65628,11
12.8594198227,80.226348877,65628,65638,10
12.8601999283,80.2264709473,65638,65648,10
12.8607597351,80.2265319824,65648,65658,10
12.8607797623,80.2265319824,65658,65668,10
12.861000061,80.2265625,65668,65678,10
12.8611803055,80.2265625,65678,65688,10
12.8618001938,80.2265472412,65688,65698,10
12.8626699448,80.2265014648,65698,65708,10
12.863699913,80.2265090942,65708,65719,11
12.8650302887,80.2265625,65719,65729,10
12.8662500381,80.2265396118,65729,65739,10
12.8671598434,80.2264785767,65739,65749,10
12.8682003021,80.2263870239,65749,65759,10
12.8694095612,80.2264785767,65759,65769,10
12.8706903458,80.2266235352,65769,65779,10
12.8718700409,80.2266769409,65779,65789,10
12.8725404739,80.2266693115,65789,65799,10
12.8731803894,80.2266998291,65799,65810,11
12.8739795685,80.2267379761,65810,65820,10
12.8748998642,80.226852417,65820,65830,10
12.8754701614,80.2269134521,65830,65840,10
12.8758201599,80.2269363403,65840,65850,10
12.8761301041,80.2269592285,65850,65887,37
12.8761301041,80.2269592285,65887,65897,10
12.876250267,80.2268829346,65897,65908,11
12.8766498566,80.2268981934,65908,65918,10
12.8773603439,80.226852417,65918,65928,10
12.8783903122,80.2267837524,65928,65938,10
12.8794898987,80.2267227173,65938,65948,10
12.8807001114,80.2267227173,65948,65958,10
12.8819503784,80.2266998291,65958,65968,10
12.8832397461,80.2266998291,65968,65978,10
12.8844804764,80.2266769409,65978,65989,11
12.8852300644,80.2266693115,65989,65999,10
12.8853902817,80.2266998291,65999,66009,10
12.8859300613,80.2268371582,66009,66019,10
12.8867301941,80.2270584106,66019,66029,10
12.8876895905,80.2272415161,66029,66039,10
12.8887500763,80.2273330688,66039,66049,10
12.8899402618,80.2273178101,66049,66059,10
12.891169548,80.2273178101,66059,66069,10
12.8921203613,80.2273025513,66069,66120,51
12.8921203613,80.2273025513,66120,66130,10
12.8924503326,80.2273483276,66130,66140,10
12.893119812,80.2274627686,66140,66150,10
12.893989563,80.2275619507,66150,66160,10
12.8950395584,80.2276229858,66160,66171,11
12.8963603973,80.2276687622,66171,66181,10
12.8976602554,80.2277374268,66181,66191,10
12.8988704681,80.2278137207,66191,66201,10
12.8993501663,80.2278137207,66201,66231,30
12.8993501663,80.2278137207,66231,66241,10
12.899600029,80.2278366089,66241,66262,21
12.899600029,80.2278366089,66262,66272,10
12.8998098373,80.2278518677,66272,66282,10
12.9000997543,80.2278823853,66282,66292,10
12.9004201889,80.227897644,66292,66302,10
12.9008398056,80.2279205322,66302,66312,10
12.9013395309,80.2279815674,66312,66322,10
12.9020299911,80.2280197144,66322,66332,10
12.9033603668,80.2280197144,66332,66353,21
12.9033603668,80.2280197144,66353,66363,10
12.9036302567,80.2280807495,66363,66373,10
12.9042396545,80.2281112671,66373,66383,10
12.904999733,80.2281570435,66383,66393,10
12.9053497314,80.2281494141,66393,66403,10
12.9057798386,80.2281570435,66403,66413,10
12.906080246,80.2282104492,66413,66423,10
12.9064798355,80.2282180786,66423,66433,10
12.9068698883,80.2282562256,66433,66444,11
12.9070701599,80.2282867432,66444,66454,10
12.9075298309,80.2283630371,66454,66464,10
12.9083099365,80.228477478,66464,66474,10
12.9092903137,80.2286376953,66474,66484,10
12.9104099274,80.2288208008,66484,66494,10
12.9115695953,80.2289962769,66494,66504,10
12.912560463,80.229133606,66504,66514,10
12.9134998322,80.2292480469,66514,66524,10
12.9139499664,80.2293167114,66524,66545,21
12.9139499664,80.2293167114,66545,66555,10
12.9140396118,80.2293395996,66555,66565,10
12.9144897461,80.2294006348,66565,66575,10
12.9151802063,80.2295074463,66575,66585,10
12.9160995483,80.229637146,66585,66595,10
12.917140007,80.2297897339,66595,66605,10
12.918299675,80.2299575806,66605,66615,10
12.9195203781,80.2301177979,66615,66626,11
12.9209499359,80.2303009033,66626,66636,10
12.9222803116,80.2304763794,66636,66646,10
12.923620224,80.230682373,66646,66656,10
12.9248199463,80.2308425903,66656,66666,10
12.9256000519,80.2308883667,66666,66676,10
12.9257202148,80.2309036255,66676,66686,10
12.9258003235,80.2309188843,66686,66696,10
12.9262599945,80.2309875488,66696,66706,10
12.9270095825,80.231086731,66706,66717,11
12.9280195236,80.2312164307,66717,66727,10
12.9287099838,80.2313079834,66727,66737,10
12.9293003082,80.2314529419,66737,66747,10
12.930100441,80.231628418,66747,66757,10
12.9310503006,80.2319030762,66757,66767,10
12.9321298599,80.2322387695,66767,66777,10
12.9331798553,80.2325897217,66777,66787,10
12.9336299896,80.2327804565,66787,66797,10
12.9336395264,80.2327804565,66797,66808,11
12.9337997437,80.2328720093,66808,66818,10
12.9342699051,80.2330932617,66818,66828,10
12.9349002838,80.2333679199,66828,66838,10
12.9356803894,80.2337265015,66838,66848,10
12.9365797043,80.2341537476,66848,66858,10
12.9373502731,80.2344970703,66858,66867,9
12.9384098053,80.2350311279,66867,66878,11
12.9392700195,80.2354736328,66878,66888,10
12.9395904541,80.2356185913,66888,66899,11
12.9395999908,80.2356185913,66899,66909,10
12.9396696091,80.2356185913,66909,66919,10
12.9400396347,80.2358016968,66919,66929,10
12.9407196045,80.2360305786,66929,66939,10
12.9415597916,80.2362365723,66939,66949,10
12.9425096512,80.2365188599,66949,66959,10
12.9433803558,80.2371063232,66959,66969,10
12.9441795349,80.237953186,66969,66979,10
12.9450302124,80.2388381958,66979,66990,11
12.9458999634,80.2394790649,66990,67000,10
12.9465198517,80.2397232056,67000,67010,10
12.9468297958,80.2398529053,67010,67020,10
12.9471902847,80.2399978638,67020,67030,10
12.9476604462,80.2401733398,67030,67040,10
12.9477100372,80.2401885986,67040,67050,10
12.9480199814,80.2403106689,67050,67060,10
12.9487104416,80.240562439,67060,67182,122
12.9487104416,80.240562439,67182,67192,10
12.9488201141,80.2406616211,67192,67202,10
12.9491996765,80.2408218384,67202,67212,10
12.9498796463,80.241027832,67212,67222,10
12.9506998062,80.2412719727,67222,67232,10
12.9511804581,80.2414016724,67232,67242,10
12.9511899948,80.2414016724,67242,67252,10
12.9515399933,80.241569519,67252,67263,11
12.9522800446,80.2418365479,67263,67273,10
12.9531202316,80.2421569824,67273,67283,10
12.9537601471,80.242401123,67283,67293,10
12.9539003372,80.2424621582,67293,67303,10
12.9542198181,80.2425918579,67303,67313,10
12.9548301697,80.2428436279,67313,67323,10
12.9554796219,80.2430725098,67323,67333,10
12.9560899734,80.2432937622,67333,67343,10
12.9562702179,80.2433624268,67343,67384,41
12.9562702179,80.2433624268,67384,67394,10
12.9566001892,80.2434921265,67394,67404,10
12.9572000504,80.2437667847,67404,67414,10
12.9578800201,80.2440719604,67414,67424,10
12.9582700729,80.2442398071,67424,67434,10
12.9588098526,80.244430542,67434,67445,11
12.9588804245,80.244468689,67445,67455,10
12.9590597153,80.2445907593,67455,67465,10
12.9595603943,80.2448425293,67465,67475,10
12.9603204727,80.2451782227,67475,67485,10
12.9612197876,80.24559021,67485,67495,10
12.9621295929,80.2460403442,67495,67505,10
12.9628000259,80.2463684082,67505,67515,10
12.963060379,80.2465209961,67515,67525,10
12.9635000229,80.2467422485,67525,67536,11
12.9639701843,80.2469406128,67536,67546,10
12.9646501541,80.247177124,67546,67556,10
12.9654397964,80.2474136353,67556,67566,10
12.9662599564,80.2477416992,67566,67576,10
12.9666996002,80.2479095459,67576,67586,10
12.9667196274,80.2479171753,67586,67596,10
12.966799736,80.2479629517,67596,67606,10
12.9671297073,80.2481689453,67606,67616,10
12.9677801132,80.2484588623,67616,67627,11
12.9686603546,80.2488174438,67627,67637,10
12.9695596695,80.2491912842,67637,67647,10
12.9705095291,80.2495498657,67647,67657,10
12.971540451,80.2498474121,67657,67667,10
12.9724903107,80.2500762939,67667,67677,10
12.9733495712,80.250289917,67677,67687,10
12.9741802216,80.25050354,67687,67697,10
12.974820137,80.2506790161,67697,67707,10
12.9754695892,80.2508621216,67707,67718,11
12.9758901596,80.2509689331,67718,67728,10
12.9761400223,80.2510528564,67728,67738,10
12.9763002396,80.2510986328,67738,67748,10
12.9765996933,80.2511978149,67748,68051,303
12.9765996933,80.2511978149,68051,68061,10
12.9769201279,80.2513427734,68061,68072,11
12.9771299362,80.2514190674,68072,68082,10
12.9772701263,80.2514877319,68082,68092,10
12.9774999619,80.2516326904,68092,68102,10
12.9776601791,80.2517623901,68102,68112,10
12.977809906,80.2519073486,68112,68122,10
12.978099823,80.2521591187,68122,68132,10
12.9785299301,80.2524185181,68132,68142,10
12.978679657,80.2524871826,68142,68152,10
12.9790897369,80.2526168823,68152,68446,294
12.9790897369,80.2526168823,68446,68456,10
12.97935009,80.2526397705,68456,68466,10
12.9794902802,80.2526702881,68466,68476,10
12.9797201157,80.2527008057,68476,68486,10
12.9802799225,80.2527084351,68486,68496,10
12.9810800552,80.2526931763,68496,68506,10
12.9820604324,80.2526626587,68506,68516,10
12.9831600189,80.2525863647,68516,68527,11
12.9841403961,80.2523880005,68527,68537,10
12.9847202301,80.252243042,68537,68547,10
12.9850196838,80.2521514893,68547,68557,10
12.9854297638,80.2520370483,68557,68567,10
12.9859304428,80.2518768311,68567,68850,283
12.9859304428,80.2518768311,68850,68860,10
12.9863796234,80.2517318726,68860,68870,10
12.9868602753,80.2516326904,68870,68880,10
12.9872999191,80.2515029907,68880,68891,11
12.987830162,80.2513809204,68891,68901,10
12.9885396957,80.2511978149,68901,68911,10
12.989279747,80.2509918213,68911,68921,10
12.9893398285,80.2509765625,68921,68931,10
12.9895000458,80.2509536743,68931,68941,10
12.9899902344,80.2508621216,68941,68951,10
12.9907398224,80.2506790161,68951,68961,10
12.9916400909,80.2504577637,68961,68971,10
12.9926900864,80.250213623,68971,68982,11
12.9939403534,80.2498779297,68982,68992,10
12.9951295853,80.2496032715,68992,69002,10
12.9962501526,80.2493286133,69002,69012,10
12.9970502853,80.2490463257,69012,69022,10
12.9971599579,80.2490234375,69022,69032,10
12.9976396561,80.248916626,69032,69042,10
12.9984397888,80.2487182617,69042,69052,10
12.9994497299,80.2484817505,69052,69062,10
13.0005598068,80.2482070923,69062,69073,11
13.0017995834,80.2478866577,69073,69083,10
13.0026302338,80.247718811,69083,69093,10
13.0036296844,80.247543335,69093,69103,10
13.0047397614,80.2473983765,69103,69113,10
13.0057897568,80.2472229004,69113,69164,51
13.0057897568,80.2472229004,69164,69174,10
13.0060997009,80.2469863892,69174,69224,50
13.0064001083,80.2467727661,69224,69285,61
13.0064496994,80.2465591431,69285,69325,40
13.0064496994,80.2465591431,69325,69335,10
13.0065002441,80.2462387085,69335,69346,11
13.0065002441,80.2462234497,69346,69356,10
13.0065202713,80.2460327148,69356,69366,10
13.0065202713,80.2460174561,69366,69376,10
13.0065402985,80.2457199097,69376,69386,10
13.0065498352,80.2456970215,69386,69396,10
13.0065803528,80.2455215454,69396,69406,10
13.0065803528,80.2453231812,69406,69416,10
13.0065498352,80.2450714111,69416,69426,10
13.0065498352,80.2449035645,69426,69437,11
13.0066099167,80.2445907593,69437,69447,10
13.0066003799,80.2443237305,69447,69457,10
13.0066003799,80.2440872192,69457,69467,10
13.0065803528,80.2438201904,69467,69477,10
13.0066003799,80.243560791,69477,69487,10
13.0065402985,80.243019104,69487,69497,10
13.0065402985,80.2421875,69497,69507,10
13.0065698624,80.2412185669,69507,69659,152
13.0066299438,80.2408370972,69659,69679,20
13.0066299438,80.2408370972,69679,69689,10
13.0066900253,80.2404022217,69689,69699,10
13.0068502426,80.2397994995,69699,69710,11
13.0069904327,80.2389907837,69710,69720,10
13.007109642,80.2382278442,69720,69730,10
13.0073003769,80.2373809814,69730,69740,10
13.0073795319,80.2368621826,69740,69750,10
13.007399559,80.2367401123,69750,69760,10
13.0074901581,80.2364807129,69760,69770,10
13.007610321,80.2359085083,69770,69780,10
13.0077800751,80.2350387573,69780,69790,10
13.008020401,80.2340774536,69790,69801,11
13.0082597733,80.2328033447,69801,69811,10
13.0084896088,80.231552124,69811,69821,10
13.0087099075,80.2304000854,69821,69831,10
13.0089702606,80.2291564941,69831,69841,10
13.0092201233,80.2280197144,69841,69851,10
13.0096597672,80.2269897461,69851,69861,10
13.0100698471,80.2260818481,69861,69871,10
13.0104198456,80.2253570557,69871,69882,11
13.0106401443,80.224937439,69882,69892,10
13.0108299255,80.2245407104,69892,69902,10
13.0109596252,80.2242965698,69902,69912,10
13.011059761,80.2241516113,69912,69922,10
13.0111999512,80.2237472534,69922,69932,10
13.0114297867,80.2232208252,69932,69942,10
13.0117397308,80.2223510742,69942,69952,10
13.0121097565,80.2215499878,69952,69962,10
13.012140274,80.2215194702,69962,69972,10
13.0122900009,80.221496582,69972,69983,11
13.0124998093,80.2218322754,69983,69993,10
13.0129804611,80.222442627,69993,70003,10
13.0135202408,80.2230300903,70003,70013,10
13.0139598846,80.2235336304,70013,70023,10
13.0143003464,80.2239837646,70023,70033,10
13.0149002075,80.224609375,70033,70043,10
13.0155000687,80.2250900269,70043,70064,21
13.0155000687,80.2250900269,70064,70074,10
13.0157604218,80.2253417969,70074,70084,10
13.0163202286,80.2254104614,70084,70094,10
13.0171203613,80.2251281738,70094,70104,10
13.0180501938,80.2247619629,70104,70114,10
13.0193796158,80.2244110107,70114,70134,20
13.0193796158,80.2244110107,70134,70144,10
13.0194301605,80.2244415283,70144,70155,11
13.0198001862,80.2246627808,70155,70165,10
13.0203800201,80.2250900269,70165,70175,10
13.0210599899,80.2256317139,70175,70185,10
13.0217103958,80.2261123657,70185,70195,10
13.0223197937,80.2266082764,70195,70205,10
13.0229797363,80.2271881104,70205,70215,10
13.0234804153,80.2276687622,70215,70225,10
13.0239095688,80.2280426025,70225,70235,10
13.0241003036,80.2282028198,70235,70246,11
13.0243196487,80.2284927368,70246,70347,101
13.0243196487,80.2284927368,70347,70357,10
13.0243997574,80.2285995483,70357,70367,10
13.024189949,80.2285995483,70367,70377,10
13.0238704681,80.2281570435,70377,70387,10
13.023150444,80.2275390625,70387,70579,192
13.023150444,80.2275390625,70579,70589,10
13.0229101181,80.2272796631,70589,70599,10
13.0226402283,80.2270202637,70599,70610,11
13.0222797394,80.2266387939,70610,70620,10
13.0218801498,80.22631073,70620,70630,10
13.0215396881,80.2260513306,70630,70640,10
13.021030426,80.2256622314,70640,70650,10
13.0204200745,80.2252197266,70650,70660,10
13.0197000504,80.2247467041,70660,70670,10
13.0187797546,80.2245407104,70670,70680,10
13.0178499222,80.224899292,70680,70690,10
13.0169801712,80.2252731323,70690,70701,11
13.016500473,80.2254867554,70701,70711,10
13.0163202286,80.2255477905,70711,70721,10
13.0158901215,80.225692749,70721,70731,10
13.01541996,80.2258377075,70731,70741,10
13.0149297714,80.2260284424,70741,70751,10
13.0145101547,80.2261734009,70751,70761,10
13.0139799118,80.2265014648,70761,70781,20
13.0139799118,80.2265014648,70781,70792,11
13.0138301849,80.2265777588,70792,70802,10
13.013420105,80.2266998291,70802,70812,10
13.0128002167,80.2269134521,70812,70822,10
13.012169838,80.2271499634,70822,70832,10
13.0114002228,80.2274475098,70832,70842,10
13.0105695724,80.2277984619,70842,70852,10
13.0097503662,80.2281265259,70852,70862,10
13.0091400146,80.2285995483,70862,70872,10
13.0089797974,80.2294692993,70872,70883,11
13.0088100433,80.2303390503,70883,70893,10
13.0087604523,80.2306518555,70893,70923,30
13.0087604523,80.2306518555,70923,70933,10
13.0086803436,80.2310562134,70933,70943,10
13.0085897446,80.2314071655,70943,70953,10
13.0085296631,80.2318191528,70953,70963,10
13.008480072,80.2320785522,70963,70974,11
13.0084199905,80.2323379517,70974,70984,10
13.0083599091,80.2326431274,70984,70994,10
13.0082902908,80.232963562,70994,71004,10
13.0082397461,80.2335128784,71004,71034,30
13.0082397461,80.2335128784,71034,71044,10
13.0081596375,80.2337036133,71044,71054,10
13.0080795288,80.2339477539,71054,71065,11
13.0080404282,80.2342071533,71065,71075,10
13.0079603195,80.2345809937,71075,71085,10
13.0078802109,80.234992981,71085,71095,10
13.0078296661,80.2352371216,71095,71105,10
13.0077896118,80.235496521,71105,71115,10
13.0076904297,80.2359771729,71115,71135,20
13.0076904297,80.2359771729,71135,71145,10
13.0075998306,80.2364425659,71145,71156,11
13.0074996948,80.2369766235,71156,71166,10
13.0074300766,80.2373428345,71166,71176,10
13.0073604584,80.2376403809,71176,71247,71
13.0073604584,80.2376403809,71247,71257,10
13.0072402954,80.2379989624,71257,71378,121
13.0072402954,80.2379989624,71378,71388,10
13.0071697235,80.2385177612,71388,71398,10
13.0071001053,80.2390975952,71398,71408,10
13.0068902969,80.2398605347,71408,71418,10
13.0066900253,80.2408370972,71418,71429,11
13.0066795349,80.2418518066,71429,71439,10
13.0066995621,80.2423629761,71439,71449,10
13.0066900253,80.2425765991,71449,71459,10
13.0066900253,80.2427978516,71459,71499,40
13.0066900253,80.2427978516,71499,71509,10
13.0066604614,80.2431411743,71509,71520,11
13.0066604614,80.2432022095,71520,71530,10
13.0066604614,80.2435073853,71530,71540,10
13.006649971,80.243812561,71540,71550,10
13.0066299438,80.2441329956,71550,71560,10
13.0066299438,80.2445220947,71560,71570,10
13.0066299438,80.2448883057,71570,71580,10
13.006649971,80.2453613281,71580,71590,10
13.0066699982,80.2458877563,71590,71600,10
13.0066795349,80.2466125488,71600,71611,11
13.0066604614,80.2473297119,71611,71621,10
13.0063199997,80.2474822998,71621,71631,10
13.0062103271,80.2474594116,71631,71641,10
13.0060596466,80.2473983765,71641,71651,10
13.0054702759,80.2473678589,71651,71661,10
13.0046396255,80.2473983765,71661,71671,10
13.0036296844,80.2475509644,71671,71681,10
13.0024795532,80.247756958,71681,71691,10
13.001540184,80.2479934692,71691,71702,11
12.9999799728,80.2483673096,71702,71712,10
12.9987297058,80.2486801147,71712,71722,10
12.9976100922,80.2489700317,71722,71732,10
12.9974298477,80.2490081787,71732,71742,10
12.9970798492,80.2491226196,71742,71752,10
12.9962797165,80.2493286133,71752,71762,10
12.9953298569,80.2495803833,71762,71772,10
12.9941596985,80.2498397827,71772,71782,10
12.9930696487,80.2500915527,71782,71793,11
12.9923295975,80.2502593994,71793,71803,10
12.9917402267,80.2504425049,71803,71813,10
12.9910402298,80.2506484985,71813,71823,10
12.9907598495,80.2507629395,71823,71833,10
12.9904003143,80.2508392334,71833,71843,10
12.9897003174,80.2510223389,71843,71853,10
12.988699913,80.2512817383,71853,71874,21
12.9883499146,80.2513809204,71874,72309,435
12.9883499146,80.2513809204,72309,72319,10
12.9879102707,80.2514801025,72319,72329,10
12.987569809,80.2515411377,72329,72340,11
12.9869804382,80.251701355,72340,72350,10
12.9863901138,80.2518692017,72350,72360,10
12.9857196808,80.2520217896,72360,72370,10
12.9848804474,80.252243042,72370,72380,10
12.9841403961,80.2524490356,72380,72390,10
12.9832897186,80.2526473999,72390,72400,10
12.9823503494,80.2527389526,72400,72410,10
12.9813499451,80.252746582,72410,72421,11
12.9803495407,80.2527770996,72421,72431,10
12.9797296524,80.252822876,72431,72441,10
12.9788703918,80.2527084351,72441,72451,10
12.9785404205,80.2526397705,72451,72461,10
12.9783401489,80.252532959,72461,72471,10
12.9778003693,80.2520599365,72471,72481,10
12.9770402908,80.2514877319,72481,72491,10
12.9760503769,80.251159668,72491,72501,10
12.9750404358,80.2508773804,72501,72512,11
12.9738502502,80.2505493164,72512,72522,10
12.9727296829,80.25025177,72522,72532,10
12.9715795517,80.2499465942,72532,72542,10
12.9704303741,80.2496109009,72542,72552,10
12.9694099426,80.2492218018,72552,72562,10
12.96833992,80.2488021851,72562,72572,10
12.9674301147,80.2484283447,72572,72582,10
12.9669599533,80.2481765747,72582,72592,10
12.9666595459,80.2480316162,72592,72603,11
12.9660196304,80.247756958,72603,72613,10
12.9655399323,80.2476119995,72613,72623,10
12.9654397964,80.2475662231,72623,72633,10
12.9650497437,80.247467041,72633,72643,10
12.9649095535,80.247428894,72643,72653,10
12.9646902084,80.2473220825,72653,72663,10
12.9644498825,80.2472229004,72663,72673,10
12.9642295837,80.2471389771,72673,72683,10
12.9640398026,80.2470779419,72683,72694,11
12.9638795853,80.2470397949,72694,72704,10
12.9636497498,80.2469482422,72704,72714,10
12.9631299973,80.2466430664,72714,72724,10
12.9622602463,80.2462310791,72724,72734,10
12.9613800049,80.2457809448,72734,72744,10
12.9606399536,80.2454376221,72744,72754,10
12.9595403671,80.2450027466,72754,72774,20
12.9595403671,80.2450027466,72774,72785,11
12.9592399597,80.2447967529,72785,72795,10
12.9587402344,80.2445526123,72795,72805,10
12.9580898285,80.2442626953,72805,72815,10
12.9572696686,80.2439880371,72815,72825,10
12.9566497803,80.2437896729,72825,72865,40
12.9566497803,80.2437896729,72865,72876,11
12.956199646,80.2436294556,72876,72886,10
12.9555797577,80.2433395386,72886,72896,10
12.9549198151,80.243057251,72896,72906,10
12.9541902542,80.2427597046,72906,72916,10
12.9533500671,80.2423934937,72916,72926,10
12.9524803162,80.2420578003,72926,72935,9
12.9520101547,80.2418823242,72935,72946,11
12.9518604279,80.2418365479,72946,72956,10
12.9516496658,80.2417221069,72956,72967,11
12.9509401321,80.2414703369,72967,72977,10
12.9499597549,80.2411804199,72977,72987,10
12.9494495392,80.2410125732,72987,73007,20
12.9494495392,80.2410125732,73007,73017,10
12.9492702484,80.2409362793,73017,73027,10
12.9489803314,80.240852356,73027,73037,10
12.9483699799,80.2406082153,73037,73047,10
12.9475097656,80.2402496338,73047,73058,11
12.9466295242,80.2399597168,73058,73068,10
12.946390152,80.2398529053,73068,73078,10
12.9459104538,80.2396011353,73078,73088,10
12.9451799393,80.2392120361,73088,73098,10
12.9444599152,80.2384567261,73098,73108,10
12.9436903,80.2376022339,73108,73118,10
12.9427099228,80.2367401123,73118,73128,10
12.9414100647,80.2362976074,73128,73138,10
12.9400997162,80.2359695435,73138,73149,11
12.9396600723,80.2358169556,73149,73159,10
12.9394903183,80.235786438,73159,73169,10
12.938949585,80.2354888916,73169,73179,10
12.9381904602,80.2351074219,73179,73189,10
12.9371404648,80.2345962524,73189,73199,10
12.9362001419,80.2341384888,73199,73209,10
12.9358797073,80.2339782715,73209,73219,10
12.9354801178,80.2337722778,73219,73229,10
12.9338998795,80.2330780029,73229,73250,21
12.9338998795,80.2330780029,73250,73260,10
12.933429718,80.2328033447,73260,73270,10
12.9326295853,80.2324523926,73270,73280,10
12.9315795898,80.2321014404,73280,73290,10
12.930390358,80.2317199707,73290,73300,10
12.9293203354,80.2314605713,73300,73310,10
12.9283800125,80.2313079834,73310,73320,10
12.9272403717,80.2311630249,73320,73331,11
12.9258203506,80.2310028076,73331,73341,10
12.9244403839,80.2308425903,73341,73351,10
12.9230804443,80.2306594849,73351,73361,10
12.9217500687,80.2304382324,73361,73371,10
12.9203596115,80.2302703857,73371,73381,10
12.9189395905,80.2300872803,73381,73391,10
12.917550087,80.2299194336,73391,73401,10
12.9163103104,80.2297515869,73401,73411,10
12.9150295258,80.2295532227,73411,73422,11
12.9137401581,80.2294006348,73422,73432,10
12.9132003784,80.229347229,73432,73442,10
12.9131603241,80.2293395996,73442,73452,10
12.9127101898,80.2292633057,73452,73462,10
12.9118795395,80.229133606,73462,73472,10
12.9108295441,80.2289733887,73472,73482,10
12.9096603394,80.2287826538,73482,73492,10
12.9084300995,80.2285995483,73492,73502,10
12.9072303772,80.2284164429,73502,73513,11
12.9067296982,80.2283401489,73513,73553,40
12.9067296982,80.2283401489,73553,73563,10
12.9066400528,80.2283172607,73563,73573,10
12.9061203003,80.2282867432,73573,73583,10
12.9052600861,80.2282409668,73583,73593,10
12.9042596817,80.228187561,73593,73604,11
12.9032402039,80.2281570435,73604,73614,10
12.9020795822,80.2281417847,73614,73674,60
12.9020795822,80.2281417847,73674,73684,10
12.9017801285,80.2281417847,73684,73695,11
12.9012403488,80.2281265259,73695,73705,10
12.9006595612,80.2280578613,73705,73715,10
12.8997097015,80.2279891968,73715,73745,30
12.8997097015,80.2279891968,73745,73755,10
12.8995800018,80.2279510498,73755,73765,10
12.899140358,80.2279281616,73765,73775,10
12.8983697891,80.2278823853,73775,73786,11
12.8973503113,80.2277984619,73786,73796,10
12.8962602615,80.2277526855,73796,73806,10
12.895070076,80.2277069092,73806,73816,10
12.8938102722,80.2276382446,73816,73826,10
12.8925600052,80.2275085449,73826,73846,20
12.8925600052,80.2275085449,73846,73856,10
12.8923397064,80.2274932861,73856,73866,10
12.8917503357,80.2274627686,73866,73877,11
12.8908004761,80.2274475098,73877,73887,10
12.8897399902,80.2274475098,73887,73897,10
12.8885698318,80.2274475098,73897,73907,10
12.8873596191,80.2273330688,73907,73917,10
12.8861103058,80.2270584106,73917,73927,10
12.8851299286,80.226852417,73927,73937,10
12.8849601746,80.2268295288,73937,73947,10
12.884519577,80.2267990112,73947,73957,10
12.8836898804,80.2267990112,73957,73968,11
12.8824996948,80.2268066406,73968,73978,10
12.8812799454,80.2268218994,73978,73988,10
12.8800096512,80.2268218994,73988,73998,10
12.878660202,80.226852417,73998,74008,10
12.8773202896,80.2269592285,74008,74018,10
12.876449585,80.2270584106,74018,74028,10
12.8763198853,80.2270736694,74028,74038,10
12.8758897781,80.2270584106,74038,74048,10
12.8750896454,80.2269897461,74048,74059,11
12.8738899231,80.2268371582,74059,74069,10
12.8727302551,80.2267913818,74069,74079,10
12.8722600937,80.2267913818,74079,74089,10
12.8716001511,80.2267532349,74089,74099,10
12.8706197739,80.2266769409,74099,74109,10
12.8694601059,80.2265472412,74109,74119,10
12.868180275,80.2264480591,74119,74129,10
12.8668498993,80.2265625,74129,74139,10
12.8655595779,80.2266387939,74139,74150,11
12.8640203476,80.2265930176,74150,74160,10
12.8625898361,80.2265930176,74160,74170,10
12.8612804413,80.2266616821,74170,74180,10
12.8609800339,80.2266769409,74180,74190,10
12.8606100082,80.2266464233,74190,74200,10
12.8598098755,80.2265472412,74200,74210,10
12.858880043,80.2264099121,74210,74220,10
12.8578300476,80.2263336182,74220,74231,11
12.8565597534,80.2264175415,74231,74241,10
12.8553199768,80.2265319824,74241,74251,10
12.853969574,80.2266464233,74251,74261,10
12.8525600433,80.2267379761,74261,74271,10
12.8511104584,80.2266616821,74271,74281,10
12.8496599197,80.226600647,74281,74291,10
12.8481798172,80.226600647,74291,74301,10
12.8468599319,80.226600647,74301,74311,10
12.8459596634,80.226600647,74311,74322,11
12.8455295563,80.2266464233,74322,74332,10
12.8452196121,80.2266921997,74332,74342,10
12.8450498581,80.2267227173,74342,74352,10
12.8444795609,80.2267837524,74352,74362,10
12.8435201645,80.2268295288,74362,74372,10
12.8423995972,80.2269973755,74372,74382,10
12.8411798477,80.2273025513,74382,74392,10
12.8402004242,80.2276000977,74392,74402,10
12.8396596909,80.2277679443,74402,74413,11
12.839050293,80.2279205322,74413,74423,10
12.8381004333,80.2281417847,74423,74433,10
12.8369398117,80.2283477783,74433,74443,10
12.8356599808,80.2285308838,74443,74453,10
12.8342695236,80.2287521362,74453,74463,10
12.8328504562,80.2289962769,74463,74473,10
12.8319597244,80.2291793823,74473,74483,10
12.8315601349,80.2291412354,74483,74493,10
12.8315200806,80.2289581299,74493,74504,11
12.8314800262,80.2287063599,74504,74514,10
12.8313398361,80.2280197144,74514,74524,10
12.8311300278,80.2270202637,74524,74534,10
12.8310003281,80.2257919312,74534,74544,10
12.8310003281,80.2247924805,74544,74554,10
12.8310003281,80.2243804932,74554,74564,10
12.8310098648,80.2235031128,74564,74574,10
12.8310098648,80.2224578857,74574,74584,10
12.8310098648,80.2220916748,74584,74595,11
12.8310098648,80.221282959,74595,74605,10
12.8310203552,80.2202072144,74605,74615,10
12.8310003281,80.2196731567,74615,74625,10
12.8303604126,80.2195281982,74625,74635,10
12.8293600082,80.2195281982,74635,74645,10
12.8283195496,80.2195510864,74645,74655,10
12.8276596069,80.2195587158,74655,74665,10
12.8272104263,80.2195587158,74665,74675,10
12.8263597488,80.2195587158,74675,74686,11
12.8260002136,80.219543457,74686,74695,9
12.8258199692,80.219291687,74695,74706,11
12.825799942,80.2187194824,74706,74716,10
12.8258104324,80.2177581787,74716,74726,10
12.8257799149,80.2166671753,74726,74736,10
12.8255996704,80.2160797119,74736,74746,10
12.8252801895,80.2160873413,74746,74756,10
12.824640274,80.2161178589,74756,74868,112
12.824640274,80.2161178589,74868,74878,10
12.824379921,80.2160873413,74878,74888,10
12.8242902756,80.2161026001,74888,74898,10
12.8237199783,80.2161026001,74898,74908,10
12.8229398727,80.2161102295,74908,74918,10
12.8226804733,80.2161178589,74918,74928,10
12.8226299286,80.2165527344,74928,74938,10
12.822640419,80.2173995972,74938,74948,10
12.8226203918,80.2183609009,74948,74959,11
12.8226203918,80.2191925049,74959,74969,10
12.8228902817,80.2194366455,74969,74979,10
12.823679924,80.2195129395,74979,74989,10
12.8246603012,80.2194824219,74989,74999,10
12.8253002167,80.2194137573,74999,75009,10
12.8253898621,80.2194213867,75009,75019,10
12.825799942,80.2194366455,75019,75029,10
12.826499939,80.2194290161,75029,75039,10
12.8274297714,80.2194290161,75039,75141,102
12.8274297714,80.2194290161,75141,75151,10
12.8277101517,80.2194671631,75151,75161,10
12.8280601501,80.2194824219,75161,75171,10
12.8283996582,80.2194671631,75171,75181,10
12.8288402557,80.2194900513,75181,75191,10
12.8296499252,80.2194976807,75191,75201,10
12.8305797577,80.2194900513,75201,75211,10
12.8309698105,80.2195205688,75211,75221,10
12.831199646,80.2200469971,75221,75232,11
12.8311595917,80.2211227417,75232,75242,10
12.8311595917,80.222076416,75242,75252,10
12.8311595917,80.2224121094,75252,75262,10
12.8311500549,80.2231369019,75262,75272,10
12.8311395645,80.2241516113,75272,75282,10
12.8311395645,80.2247390747,75282,75292,10
12.8311300278,80.2253112793,75292,75302,10
12.8311300278,80.2261962891,75302,75312,10
12.8312997818,80.2272491455,75312,75323,11
12.8315296173,80.2284698486,75323,75333,10
12.8316497803,80.2289733887,75333,75363,30
12.8316497803,80.2289733887,75363,75373,10
12.8317699432,80.2292480469,75373,75383,10
12.8320503235,80.2292022705,75383,75393,10
12.83273983,80.229057312,75393,75403,10
12.8336801529,80.2288665771,75403,75414,11
12.834859848,80.2286376953,75414,75424,10
12.8359804153,80.2284393311,75424,75434,10
12.8370599747,80.2282562256,75434,75444,10
12.8375396729,80.2281723022,75444,75454,10
12.8375701904,80.2281570435,75454,75464,10
12.8377199173,80.2281265259,75464,75474,10
12.8379402161,80.2280883789,75474,75515,41
12.8379402161,80.2280883789,75515,75525,10
12.8383398056,80.2280197144,75525,75585,60
12.8383398056,80.2280197144,75585,75596,11
12.8388299942,80.2278823853,75596,75606,10
12.8390598297,80.2277679443,75606,75616,10
12.8392801285,80.2277297974,75616,75626,10
12.8394403458,80.2276687622,75626,75636,10
12.8397197723,80.2275924683,75636,75646,10
12.8402395248,80.2275466919,75646,75656,10
12.8406896591,80.2274398804,75656,75666,10
12.8415203094,80.2272186279,75666,75676,10
12.8425798416,80.2269821167,75676,75687,11
12.8437995911,80.2267379761,75687,75697,10
12.8447904587,80.2266616821,75697,75707,10
12.8452396393,80.2266387939,75707,75717,10
12.8455495834,80.226600647,75717,75727,10
12.8456296921,80.226600647,75727,75737,10
12.8459997177,80.226600647,75737,75747,10
12.8467798233,80.2266082764,75747,75757,10
12.8477697372,80.2266235352,75757,75767,10
12.8488798141,80.2266082764,75767,75778,11
12.8501501083,80.2265777588,75778,75788,10
12.8513803482,80.226600647,75788,75798,10
12.8526601791,80.2266464233,75798,75808,10
12.8539400101,80.2265777588,75808,75818,10
12.8552398682,80.2264633179,75818,75828,10
12.8565998077,80.2263183594,75828,75838,10
12.8578195572,80.2262191772,75838,75848,10
12.8582401276,80.2262191772,75848,75858,10
12.8585195541,80.2262496948,75858,75869,11
12.8592796326,80.226348877,75869,75879,10
12.8602695465,80.2265014648,75879,75889,10
12.861289978,80.2265625,75889,75899,10
12.8624401093,80.2265396118,75899,75909,10
12.8636798859,80.2265167236,75909,75919,10
12.8650302887,80.2265701294,75919,75929,10
12.8664398193,80.2265319824,75929,75939,10
12.867890358,80.2264099121,75939,75949,10
12.8692102432,80.2264633179,75949,75960,11
12.8705501556,80.2266235352,75960,75970,10
12.8717803955,80.2266769409,75970,75980,10
12.8726797104,80.2266998291,75980,75990,10
12.8736400604,80.2267379761,75990,75999,9
12.8746595383,80.2268600464,75999,76010,11
12.8758802414,80.2269592285,76010,76020,10
12.8764896393,80.2269210815,76020,76030,10
12.8767499924,80.2269134521,76030,76040,10
12.8769197464,80.2269134521,76040,76051,11
12.8775997162,80.2268600464,76051,76061,10
12.8785200119,80.2267913818,76061,76071,10
12.8796195984,80.2267532349,76071,76081,10
12.8807897568,80.2267227173,76081,76091,10
12.8820295334,80.2267227173,76091,76101,10
12.8832397461,80.2266998291,76101,76111,10
12.8842601776,80.2266921997,76111,76121,10
12.8849401474,80.2266769409,76121,76131,10
12.8852996826,80.2267608643,76131,76142,11
12.8860301971,80.2269287109,76142,76152,10
12.8869800568,80.2271728516,76152,76162,10
12.888130188,80.2273406982,76162,76172,10
12.8893995285,80.2273712158,76172,76182,10
12.8907003403,80.2273712158,76182,76192,10
12.8917999268,80.2273635864,76192,76202,10
12.8925800323,80.2274017334,76202,76212,10
12.8935003281,80.2275085449,76212,76222,10
12.8944101334,80.2276077271,76222,76233,11
12.895359993,80.2276535034,76233,76243,10
12.8963003159,80.2276916504,76243,76253,10
12.8971595764,80.2277374268,76253,76263,10
12.898150444,80.2277908325,76263,76273,10
12.8992204666,80.2278366089,76273,76283,10
12.8999500275,80.2278289795,76283,76293,10
12.9002199173,80.2278366089,76293,76334,41
12.9002199173,80.2278366089,76334,76344,10
12.9004297256,80.2278823853,76344,76354,10
12.9007396698,80.2279434204,76354,76364,10
12.9012699127,80.2279815674,76364,76374,10
12.9020004272,80.228012085,76374,76384,10
12.9027795792,80.2280426025,76384,76394,10
12.9029998779,80.2280197144,76394,76405,11
12.9033002853,80.2280197144,76405,76415,10
12.9036598206,80.2280731201,76415,76435,20
12.9036598206,80.2280731201,76435,76445,10
12.9040803909,80.2281036377,76445,76455,10
12.9049797058,80.2281417847,76455,76546,91
12.9049797058,80.2281417847,76546,76556,10
12.9052696228,80.2281494141,76556,76566,10
12.9055299759,80.2281494141,76566,76576,10
12.9057102203,80.2281570435,76576,76587,11
12.90583992,80.2281723022,76587,76597,10
12.9061403275,80.2282028198,76597,76667,70
12.9061403275,80.2282028198,76667,76678,11
12.9066200256,80.2282333374,76678,76688,10
12.9072799683,80.2283096313,76688,76698,10
12.9081802368,80.2284393311,76698,76708,10
12.9091997147,80.2286224365,76708,76718,10
12.9102602005,80.2287979126,76718,76728,10
12.9113502502,80.2289505005,76728,76738,10
12.9125299454,80.2291183472,76738,76748,10
12.9136600494,80.2292633057,76748,76758,10
12.9139995575,80.2293167114,76758,76769,11
12.9143400192,80.2293701172,76769,76779,10
12.9149999619,80.2294616699,76779,76789,10
12.9159097672,80.2296066284,76789,76799,10
12.9169998169,80.2297592163,76799,76809,10
12.9182100296,80.2299118042,76809,76819,10
12.9194402695,80.2300796509,76819,76829,10
12.9207401276,80.2302398682,76829,76839,10
12.92208004,80.2304229736,76839,76849,10
12.92345047,80.2306289673,76849,76860,11
12.9249801636,80.2308197021,76860,76870,10
12.9262104034,80.2309417725,76870,76880,10
12.9265699387,80.2309570313,76880,76890,10
12.92689991,80.2310180664,76890,76900,10
12.9276199341,80.2311096191,76900,76910,10
12.9285802841,80.2312469482,76910,76920,10
12.9295597076,80.2314605713,76920,76930,10
12.9306001663,80.2317276001,76930,76940,10
12.9316997528,80.2320709229,76940,76951,11
12.9329900742,80.2324981689,76951,76961,10
12.9336595535,80.2327728271,76961,76971,10
12.9337596893,80.2328109741,76971,76981,10
12.9341602325,80.233001709,76981,76991,10
12.9349403381,80.2333602905,76991,77001,10
12.9357404709,80.2337112427,77001,77011,10
12.9365501404,80.2340774536,77011,77021,10
12.9374198914,80.2345199585,77021,77031,10
12.9384002686,80.2350234985,77031,77042,11
12.9393796921,80.2354888916,77042,77052,10
12.9395198822,80.2355575562,77052,77061,9
12.9398403168,80.235710144,77061,77072,11
12.9406700134,80.236000061,77072,77082,10
12.941619873,80.2362518311,77082,77092,10
12.9426698685,80.236579895,77092,77102,10
12.9434099197,80.2370834351,77102,77112,10
12.9440498352,80.2377700806,77112,77122,10
12.9447498322,80.2385635376,77122,77133,11
12.9456195831,80.2393188477,77133,77143,10
12.9465904236,80.2397384644,77143,77152,9
12.9472999573,80.2399902344,77152,77163,11
12.9474802017,80.2400588989,77163,77173,10
12.9478998184,80.2402496338,77173,77183,10
12.9488201141,80.2405776978,77183,77224,41
12.9488201141,80.2405776978,77224,77234,10
12.9489402771,80.2406616211,77234,77244,10
12.9491195679,80.2407302856,77244,77254,10
12.949640274,80.2409286499,77254,77264,10
12.9504404068,80.2411804199,77264,77274,10
12.9511604309,80.2413635254,77274,77284,10
12.9513196945,80.2414169312,77284,77294,10
12.9519701004,80.2416687012,77294,77304,10
12.9528102875,80.2419967651,77304,77315,11
12.9537801743,80.2423782349,77315,77325,10
12.9545602798,80.2427062988,77325,77335,10
12.9551897049,80.2429504395,77335,77345,10
12.9562797546,80.2434082031,77345,77385,40
12.9562797546,80.2434082031,77385,77395,10
12.9568195343,80.243637085,77395,77406,11
12.9576797485,80.2440032959,77406,77416,10
12.9585695267,80.2443618774,77416,77426,10
12.9589300156,80.244468689,77426,77436,10
12.9592103958,80.2446212769,77436,77446,10
12.9598398209,80.2449035645,77446,77456,10
12.9607200623,80.2453079224,77456,77466,10
12.9617395401,80.2458114624,77466,77476,10
12.9626502991,80.2462692261,77476,77486,10
12.9631204605,80.2464981079,77486,77497,11
12.9637098312,80.2467803955,77497,77507,10
12.9644403458,80.2470474243,77507,77517,10
12.9652395248,80.2473297119,77517,77527,10
12.9660396576,80.2476119995,77527,77537,10
12.9664497375,80.2477722168,77537,77547,10
12.966460228,80.2477798462,77547,77557,10
12.9666795731,80.2479095459,77557,77567,10
12.9671602249,80.2481613159,77567,77577,10
12.9680404663,80.2485275269,77577,77588,11
12.9691696167,80.2489776611,77588,77598,10
12.9702796936,80.249420166,77598,77608,10
12.9715003967,80.249786377,77608,77618,10
12.9727401733,80.2501220703,77618,77628,10
12.9739704132,80.2504425049,77628,77638,10
12.9752197266,80.250793457,77638,77648,10
12.9764404297,80.251121521,77648,77658,10
12.9775400162,80.2515563965,77658,77668,10
12.9783401489,80.2521972656,77668,77679,11
12.9784603119,80.2522964478,77679,77689,10
12.9787397385,80.2524795532,77689,77699,10
12.9793100357,80.2526016235,77699,77709,10
12.9800395966,80.2526626587,77709,77719,10
12.980890274,80.2526397705,77719,77729,10
12.9819002151,80.2526016235,77729,77739,10
12.9829998016,80.252532959,77739,77749,10
12.9840698242,80.2523117065,77749,77759,10
12.9850597382,80.2520370483,77759,77770,11
12.9856996536,80.2518463135,77770,78002,232
12.9856996536,80.2518463135,78002,78012,10
12.9859600067,80.2516784668,78012,78022,10
12.9861602783,80.251663208,78022,78032,10
12.9864902496,80.2516174316,78032,78043,11
12.9870004654,80.2515029907,78043,78053,10
12.9872398376,80.2514419556,78053,78063,10
12.9874897003,80.2513580322,78063,78215,152
12.9874897003,80.2513580322,78215,78225,10
12.9876804352,80.251373291,78225,78235,10
12.9879302979,80.2515106201,78235,78245,10
12.9880399704,80.2520599365,78245,78254,9
12.9880199432,80.2527313232,78254,78265,11
12.9878997803,80.2537612915,78265,78275,10
12.9877996445,80.2546005249,78275,78285,10
12.9877099991,80.2555770874,78285,78417,132
12.9877099991,80.2555770874,78417,78427,10
12.987739563,80.2558822632,78427,78437,10
12.987859726,80.2558822632,78437,78447,10
12.9880399704,80.255897522,78447,78457,10
12.9881696701,80.2559204102,78457,78467,10
12.9884796143,80.2559661865,78467,78477,10
12.9888601303,80.2559814453,78477,78488,11
12.9892196655,80.2559967041,78488,78498,10
12.9897603989,80.2559967041,78498,78508,10
12.9903202057,80.2560119629,78508,78518,10
12.9906702042,80.2560119629,78518,78528,10
12.991399765,80.2560424805,78528,78538,10
12.9923400879,80.2560272217,78538,78548,10
12.9932498932,80.2559585571,78548,78558,10
12.9942102432,80.2559204102,78558,78567,9
12.9949398041,80.2558898926,78567,78579,12
12.9959096909,80.2558517456,78579,78589,10
12.996509552,80.2558364868,78589,78599,10
12.996720314,80.255859375,78599,78609,10
12.9969902039,80.2558517456,78609,78619,10
12.9974498749,80.2558898926,78619,78659,40
12.9974498749,80.2558898926,78659,78670,11
12.997710228,80.256111145,78670,78680,10
12.9977197647,80.2562866211,78680,78690,10
12.997710228,80.2568435669,78690,79003,313
12.9977502823,80.2571182251,79003,79125,122
12.9977502823,80.2571182251,79125,79135,10
12.9975700378,80.2571029663,79135,79145,10
12.9971904755,80.2571487427,79145,79418,273
12.9968996048,80.2571029663,79418,79620,202
12.9969100952,80.2570800781,79620,80287,667
12.9969396591,80.2571563721,80287,82279,1992
12.996919632,80.2570495605,82279,84373,2094
12.9968595505,80.2569885254,84373,85668,1295
12.9968595505,80.2571029663,85668,86204,536
