13.0144100189,80.2255401611,18,10529,10511
13.0144195557,80.225692749,10529,10620,91
13.0145196915,80.2255630493,10620,10671,51
13.0146398544,80.2254867554,10671,10711,40
13.0145196915,80.2256011963,10711,15097,4386
13.0146398544,80.2256393433,15097,15411,314
13.0145797729,80.2255401611,15411,20072,4661
13.0145797729,80.2255401611,20072,20082,10
13.0144395828,80.2256469727,20082,20365,283
13.0146102905,80.2256011963,20365,22289,1924
13.0143604279,80.2257537842,22289,22704,415
13.0145702362,80.2256088257,22704,22775,71
13.0145702362,80.2256088257,22775,22785,10
13.0145196915,80.2257537842,22785,22796,11
13.0142498016,80.2260284424,22796,22836,40
13.0142498016,80.2260284424,22836,22846,10
13.0139598846,80.2263565063,22846,22856,10
13.013420105,80.2265319824,22856,22866,10
13.0127496719,80.2267990112,22866,22877,11
13.011879921,80.2271499634,22877,22887,10
13.0109195709,80.2274932861,22887,22897,10
13.010020256,80.2278289795,22897,22907,10
13.0096302032,80.2274703979,22907,22917,10
13.0099000931,80.2268295288,22917,22927,10
13.0102701187,80.2260437012,22927,22937,10
13.0106201172,80.2252426147,22937,22947,10
13.0109300613,80.2244796753,22947,22958,11
13.0113096237,80.2235412598,22958,22968,10
13.0116500854,80.2227172852,22968,22978,10
13.0119400024,80.2218399048,22978,22988,10
13.0122499466,80.2214584351,22988,22998,10
13.0124502182,80.2216186523,22998,23008,10
13.0127801895,80.2220916748,23008,23018,10
13.0131702423,80.2225494385,23018,23028,10
13.0136995316,80.2230682373,23028,23039,11
13.0141201019,80.2236175537,23039,23049,10
13.0146598816,80.2241592407,23049,23059,10
13.0152397156,80.2248382568,23059,23069,10
13.0159301758,80.2253036499,23069,23079,10
13.0167102814,80.2252578735,23079,23089,10
13.0175504684,80.2249069214,23089,23099,10
13.0183801651,80.224571228,23099,23109,10
13.0191202164,80.2243423462,23109,23120,11
13.0195302963,80.2244415283,23120,23130,10
13.0196399689,80.2245407104,23130,23140,10
13.0199098587,80.2247161865,23140,23150,10
13.0203800201,80.2250671387,23150,23160,10
13.020939827,80.225479126,23160,23170,10
13.0215797424,80.2259597778,23170,23180,10
13.0222196579,80.2264633179,23180,23190,10
13.0228996277,80.2270507813,23190,23201,11
13.0235900879,80.2276687622,23201,23211,10
13.0242595673,80.2283477783,23211,23231,20
13.0242595673,80.2283477783,23231,23241,10
13.0243501663,80.2284011841,23241,23251,10
13.0244903564,80.2285614014,23251,23292,41
13.0244903564,80.2285614014,23292,23302,10
13.024430275,80.2286529541,23302,23312,10
13.0241804123,80.2285614014,23312,23322,10
13.023900032,80.228187561,23322,23332,10
13.0233602524,80.2276077271,23332,23342,10
13.0233602524,80.2276077271,23342,23352,10
13.0233602524,80.2276000977,23352,23363,11
13.0231895447,80.2273712158,23363,23373,10
13.0228395462,80.2269973755,23373,23383,10
13.0223197937,80.2265090942,23383,23393,10
13.0215597153,80.2258987427,23393,23403,10
13.0207901001,80.2253036499,23403,23413,10
13.0198802948,80.2247009277,23413,23433,20
13.0198802948,80.2247009277,23433,23444,11
13.0197095871,80.2245788574,23444,23455,11
13.0191698074,80.2244033813,23455,23464,9
13.0183296204,80.2246322632,23464,23475,11
13.0172395706,80.2250976563,23475,23485,10
13.0163497925,80.2254562378,23485,23495,10
13.0156402588,80.2257003784,23495,23505,10
13.0150203705,80.2259597778,23505,23515,10
13.0143995285,80.2261962891,23515,23536,21
13.0143995285,80.2261962891,23536,23546,10
13.0141601563,80.2262573242,23546,23556,10
13.0137300491,80.2264480591,23556,23566,10
13.0131196976,80.2266998291,23566,23576,10
13.0123500824,80.2270126343,23576,23586,10
13.0115299225,80.2273406982,23586,23596,10
13.0107002258,80.2276611328,23596,23607,11
13.0096998215,80.2280731201,23607,23617,10
13.0091104507,80.2287826538,23617,23627,10
13.0089101791,80.2297897339,23627,23637,10
13.0086898804,80.2308578491,23637,23647,10
13.0084896088,80.2319412231,23647,23657,10
13.0082998276,80.2329864502,23657,23666,9
13.0082397461,80.2335281372,23666,23677,11
13.0081501007,80.2338180542,23677,23688,11
13.0080299377,80.2344512939,23688,23698,10
13.0078697205,80.2352371216,23698,23708,10
13.0076799393,80.2361984253,23708,23718,10
13.0074701309,80.2372436523,23718,23728,10
13.0072803497,80.2382965088,23728,23738,10
13.0070896149,80.2392501831,23738,23748,10
13.0068798065,80.2401504517,23748,23809,61
13.0068798065,80.2401504517,23809,23819,10
13.0068702698,80.2406005859,23819,23829,10
13.0068502426,80.240737915,23829,23839,10
13.0067796707,80.2410430908,23839,23850,11
13.0067195892,80.2416763306,23850,23860,10
13.0067100525,80.2424621582,23860,23870,10
13.0066795349,80.2432632446,23870,23880,10
13.0066404343,80.244178772,23880,23890,10
13.0066404343,80.2450408936,23890,23900,10
13.0066995621,80.2460174561,23900,23910,10
13.0067501068,80.2468185425,23910,23920,10
13.0067300797,80.2472686768,23920,23931,11
13.0062999725,80.2473678589,23931,23941,10
13.0062198639,80.2473602295,23941,23951,10
13.0060100555,80.2473526001,23951,23961,10
13.0055398941,80.2473373413,23961,23971,10
13.0048599243,80.2473678589,23971,23981,10
13.0039196014,80.247467041,23981,23991,10
13.0029401779,80.2475967407,23991,24001,10
13.0020999908,80.2477874756,24001,24012,11
13.0009403229,80.2480773926,24012,24022,10
12.9997396469,80.2483901978,24022,24032,10
12.9986000061,80.2487182617,24032,24042,10
12.9980602264,80.2488632202,24042,24052,10
12.9974098206,80.2489929199,24052,24062,10
12.996509552,80.249206543,24062,24072,10
12.9954900742,80.2494812012,24072,24082,10
12.994389534,80.2497634888,24082,24093,11
12.993180275,80.2500762939,24093,24103,10
12.9919996262,80.2503585815,24103,24113,10
12.9911499023,80.250617981,24113,24123,10
12.9910001755,80.250617981,24123,24133,10
12.9904899597,80.2507171631,24133,24143,10
12.989780426,80.2508773804,24143,24153,10
12.9889802933,80.2510528564,24153,24163,10
12.9882001877,80.2512969971,24163,24194,31
12.9882001877,80.2512969971,24194,24204,10
12.9881601334,80.2513198853,24204,24214,10
12.987859726,80.2513809204,24214,24224,10
12.9873600006,80.2515106201,24224,24234,10
12.9867801666,80.2516937256,24234,24244,10
12.986289978,80.2518081665,24244,24255,11
12.98554039,80.2519989014,24255,24265,10
12.9846401215,80.252281189,24265,24275,10
12.9839601517,80.2524108887,24275,24285,10
12.983130455,80.2525787354,24285,24295,10
12.9821996689,80.2526397705,24295,24305,10
12.9810600281,80.2526779175,24305,24315,10
12.9801197052,80.252746582,24315,24325,10
12.9793901443,80.2526779175,24325,24336,11
12.9786500931,80.2525787354,24336,24346,10
12.9786195755,80.252571106,24346,24356,10
12.9783601761,80.2523803711,24356,24366,10
12.9779195786,80.2519989014,24366,24376,10
12.9773101807,80.2515029907,24376,24386,10
12.9764003754,80.2511291504,24386,24396,10
12.9754104614,80.2508621216,24396,24406,10
12.974360466,80.2505569458,24406,24417,11
12.9732103348,80.2502365112,24417,24427,10
12.9721298218,80.249961853,24427,24437,10
12.971039772,80.2496795654,24437,24447,10
12.9699401855,80.2492980957,24447,24457,10
12.9689598083,80.2489318848,24457,24467,10
12.9680404663,80.2485580444,24467,24477,10
12.9671201706,80.2481613159,24477,24487,10
12.9664697647,80.2478485107,24487,24498,11
12.9656600952,80.2475204468,24498,24508,10
12.9650402069,80.2473220825,24508,24548,40
12.9650402069,80.2473220825,24548,24558,10
12.9648199081,80.2472381592,24558,24568,10
12.9643802643,80.2470703125,24568,24579,11
12.9637899399,80.2468338013,24579,24609,30
12.9637899399,80.2468338013,24609,24619,10
12.9634895325,80.246711731,24619,24629,10
12.9631204605,80.2465133667,24629,24639,10
12.9623603821,80.2461624146,24639,24649,10
12.9616098404,80.2457962036,24649,24660,11
12.9606895447,80.2453765869,24660,24670,10
12.959859848,80.2450027466,24670,24680,10
12.9594202042,80.2448120117,24680,24690,10
12.9594202042,80.2448196411,24690,24700,10
12.9593095779,80.2447509766,24700,24710,10
12.9588003159,80.2445297241,24710,24720,10
12.9581298828,80.2442169189,24720,24730,10
12.9574604034,80.2440032959,24730,24740,10
12.9566497803,80.2437820435,24740,24751,11
12.9564304352,80.2436904907,24751,24761,10
12.9561195374,80.2435379028,24761,24771,10
12.955450058,80.2431716919,24771,24781,10
12.9545402527,80.2427520752,24781,24791,10
12.9535398483,80.2423324585,24791,24801,10
12.9524097443,80.241897583,24801,24811,10
12.9518003464,80.2416992188,24811,24821,10
12.9517297745,80.2416610718,24821,24832,11
12.9510602951,80.2414093018,24832,24842,10
12.9501800537,80.2411422729,24842,24852,10
12.9491996765,80.2408370972,24852,24862,10
12.9483203888,80.2404708862,24862,24872,10
12.9473199844,80.2400665283,24872,24882,10
12.9470396042,80.2399597168,24882,24892,10
12.9466104507,80.2397918701,24892,24902,10
12.9458599091,80.2394714355,24902,24913,11
12.9449300766,80.238822937,24913,24923,10
12.9441299438,80.2379302979,24923,24933,10
12.94328022,80.2369918823,24933,24943,10
12.9421195984,80.2363586426,24943,24953,10
12.9408197403,80.2360610962,24953,24963,10
12.9398403168,80.235786438,24963,24973,10
12.9396800995,80.2357177734,24973,24983,10
12.9392995834,80.2355270386,24983,24994,11
12.9385004044,80.2351303101,24994,25004,10
12.9375600815,80.2346572876,25004,25014,10
12.9365196228,80.23412323,25014,25024,10
12.935549736,80.2336425781,25024,25034,10
12.9344997406,80.2331924438,25034,25044,10
12.9339199066,80.2329406738,25044,25054,10
12.9337902069,80.2328491211,25054,25064,10
12.9332103729,80.2325973511,25064,25075,11
12.9322500229,80.2322463989,25075,25085,10
12.9311103821,80.2318878174,25085,25095,10
12.9298801422,80.2315292358,25095,25105,10
12.9286699295,80.2312698364,25105,25115,10
12.9274396896,80.2310791016,25115,25125,10
12.9262199402,80.2309494019,25125,25135,10
12.9249401093,80.2308120728,25135,25145,10
12.9236402512,80.2306594849,25145,25156,11
12.9221401215,80.2304382324,25156,25166,10
12.9207496643,80.2302627563,25166,25176,10
12.9193401337,80.2300872803,25176,25186,10
12.9179296494,80.2299118042,25186,25196,10
12.9165401459,80.2296981812,25196,25206,10
12.9151601791,80.2294998169,25206,25216,10
12.9139299393,80.2293395996,25216,25226,10
12.913310051,80.2292785645,25226,25237,11
12.9128303528,80.2291717529,25237,25247,10
12.91203022,80.2290420532,25247,25257,10
12.9110002518,80.2288970947,25257,25267,10
12.9099397659,80.2287521362,25267,25277,10
12.9088897705,80.2285919189,25277,25287,10
12.9078702927,80.2284164429,25287,25297,10
12.9072198868,80.2283477783,25297,25307,10
12.9066896439,80.228302002,25307,25318,11
12.9062204361,80.2282562256,25318,25328,10
12.9057998657,80.2282180786,25328,25338,10
12.9050703049,80.2281570435,25338,25348,10
12.9041996002,80.2281036377,25348,25358,10
12.9031801224,80.2280731201,25358,25368,10
12.9018201828,80.228012085,25368,25399,31
12.9018201828,80.228012085,25399,25409,10
12.9016895294,80.2279281616,25409,25419,10
12.9012203217,80.2279205322,25419,25429,10
12.9006004333,80.2278900146,25429,25439,10
12.8999700546,80.2278900146,25439,25490,51
12.8999700546,80.2278900146,25490,25500,10
12.8997898102,80.2278518677,25500,25510,10
12.8993797302,80.2278366089,25510,25520,10
12.8992099762,80.2278594971,25520,25530,10
12.8987598419,80.2278137207,25530,25540,10
12.8979997635,80.2277603149,25540,25550,10
12.8970003128,80.2277297974,25550,25561,11
12.8956804276,80.2276687622,25561,25571,10
12.8943901062,80.2276077271,25571,25581,10
12.8930797577,80.2274627686,25581,25591,10
12.8922996521,80.2274017334,25591,25601,10
12.8914899826,80.2273712158,25601,25611,10
12.8903903961,80.2273635864,25611,25621,10
12.8891496658,80.2273712158,25621,25631,10
12.8878498077,80.2273025513,25631,25642,11
12.8863897324,80.2270278931,25642,25652,10
12.8851699829,80.2267608643,25652,25662,10
12.8847503662,80.2267303467,25662,25672,10
12.8847303391,80.2267379761,25672,25682,10
12.8843097687,80.2267227173,25682,25692,10
12.8835296631,80.2267303467,25692,25702,10
12.8824796677,80.2267532349,25702,25712,10
12.8812599182,80.2267379761,25712,25723,11
12.87981987,80.2267532349,25723,25733,10
12.8784704208,80.2268066406,25733,25743,10
12.877120018,80.2269363403,25743,25753,10
12.8763904572,80.2270126343,25753,25763,10
12.8761196136,80.2269973755,25763,25773,10
12.8754301071,80.2269668579,25773,25783,10
12.8744401932,80.2268371582,25783,25793,10
12.8732404709,80.2267303467,25793,25804,11
12.8727502823,80.2267227173,25804,25814,10
12.8723497391,80.2267227173,25814,25824,10
12.8715696335,80.2266998291,25824,25834,10
12.8705301285,80.2266387939,25834,25844,10
12.8693199158,80.2265014648,25844,25854,10
12.8681297302,80.2264175415,25854,25864,10
12.867389679,80.2264404297,25864,25874,10
12.8670301437,80.2264862061,25874,25885,11
12.8669204712,80.2264862061,25885,25895,10
12.8667697906,80.2265014648,25895,25905,10
12.8666496277,80.2265090942,25905,25915,10
12.8663902283,80.2265319824,25915,25925,10
12.8657598495,80.2265701294,25925,25935,10
12.8648996353,80.2265930176,25935,25945,10
12.8638000488,80.2265625,25945,25955,10
12.8626203537,80.2265701294,25955,25966,11
12.8614196777,80.2266235352,25966,25976,10
12.8610801697,80.2266235352,25976,25986,10
12.8607597351,80.2265930176,25986,25996,10
12.8599996567,80.2264862061,25996,26006,10
12.8591403961,80.2263717651,26006,26016,10
12.8584299088,80.2262802124,26016,26026,10
12.8575000763,80.2262802124,26026,26036,10
12.8563604355,80.2263793945,26036,26047,11
12.8549995422,80.2265319824,26047,26057,10
12.8537101746,80.2266616821,26057,26067,10
12.8524904251,80.2266921997,26067,26077,10
12.8511896133,80.2266311646,26077,26087,10
12.849820137,80.2265930176,26087,26097,10
12.8484296799,80.226600647,26097,26107,10
12.847029686,80.2266311646,26107,26117,10
12.8459396362,80.2266311646,26117,26128,11
12.8453397751,80.2266387939,26128,26138,10
12.8452596664,80.2266311646,26138,26148,10
12.8449897766,80.2266311646,26148,26158,10
12.8443098068,80.2266693115,26158,26168,10
12.8434495926,80.2267379761,26168,26178,10
12.8423500061,80.2269515991,26178,26188,10
12.8411397934,80.2272491455,26188,26198,10
12.8402900696,80.2275238037,26198,26209,11
12.8398103714,80.2277374268,26209,26259,50
12.8398103714,80.2277374268,26259,26269,10
12.8396596909,80.2278137207,26269,26279,10
12.8393201828,80.2278900146,26279,26290,11
12.8385295868,80.2280273438,26290,26300,10
12.8375501633,80.2282333374,26300,26310,10
12.8363399506,80.2284164429,26310,26320,10
12.8350496292,80.2285995483,26320,26330,10
12.8339300156,80.2287826538,26330,26340,10
12.8330602646,80.2289199829,26340,26350,10
12.8323602676,80.2290420532,26350,26360,10
12.8318395615,80.2291412354,26360,26371,11
12.8317298889,80.2291564941,26371,26381,10
12.8316402435,80.2291412354,26381,26391,10
12.831489563,80.2285308838,26391,26411,20
12.831489563,80.2285308838,26411,26421,10
12.8314800262,80.2283325195,26421,26431,10
12.8313798904,80.2277603149,26431,26441,10
12.8312196732,80.2269363403,26441,26452,11
12.8310699463,80.2257537842,26452,26462,10
12.8310699463,80.2248001099,26462,26472,10
12.8310699463,80.2245178223,26472,26482,10
12.8310899734,80.2238693237,26482,26492,10
12.8311004639,80.2229690552,26492,26502,10
12.8310899734,80.2222824097,26502,26512,10
12.8311004639,80.2219390869,26512,26522,10
12.8311300278,80.2212371826,26522,26533,11
12.8311300278,80.2202224731,26533,26543,10
12.8311195374,80.2197113037,26543,26553,10
12.8308095932,80.2194595337,26553,26563,10
12.8300304413,80.2194671631,26563,26573,10
12.8290195465,80.2194595337,26573,26583,10
12.8276996613,80.2194671631,26583,26603,20
12.8276996613,80.2194671631,26603,26613,10
12.8275403976,80.2194519043,26613,26624,11
12.8270101547,80.2194519043,26624,26634,10
12.826259613,80.2194519043,26634,26644,10
12.8260002136,80.2194366455,26644,26654,10
12.8257102966,80.2194290161,26654,26664,10
12.825460434,80.2194290161,26664,26674,10
12.8247699738,80.2194366455,26674,26684,10
12.8237895966,80.2194366455,26684,26694,10
12.8229904175,80.2193984985,26694,26705,11
12.8228797913,80.2194213867,26705,26715,10
12.822640419,80.2192230225,26715,26725,10
12.8226604462,80.2189407349,26725,26735,10
12.8226699829,80.2183990479,26735,26745,10
12.8226900101,80.217590332,26745,26755,10
12.8226995468,80.2168121338,26755,26765,10
12.8227100372,80.2161178589,26765,26775,10
12.8227996826,80.2159423828,26775,26787,12
12.8230600357,80.2159423828,26787,26798,11
12.8236398697,80.2159576416,26798,26808,10
12.8244695663,80.2159805298,26808,26818,10
12.8247003555,80.216003418,26818,26828,10
12.8249101639,80.2160110474,26828,26838,10
12.8252296448,80.216003418,26838,27253,415
12.8252296448,80.216003418,27253,27264,11
12.8255395889,80.2160415649,27264,27274,10
12.8258104324,80.2160568237,27274,27284,10
12.8259401321,80.2163391113,27284,27294,10
12.8259296417,80.2169723511,27294,27304,10
12.825920105,80.2177734375,27304,27314,10
12.8259296417,80.2185516357,27314,27324,10
12.825920105,80.2191772461,27324,27334,10
12.8259801865,80.2193832397,27334,27345,11
12.8264904022,80.2194137573,27345,27355,10
12.8272104263,80.2194213867,27355,27365,10
12.8275403976,80.2194213867,27365,27375,10
12.8279695511,80.2194366455,27375,27385,10
12.8287296295,80.2194366455,27385,27395,10
12.8297700882,80.2194366455,27395,27405,10
12.8307800293,80.2194366455,27405,27415,10
12.8310604095,80.2194519043,27415,27426,11
12.8312501907,80.2199630737,27426,27436,10
12.8312301636,80.2208404541,27436,27446,10
12.8312397003,80.221862793,27446,27456,10
12.8312196732,80.2222518921,27456,27466,10
12.831199646,80.2228775024,27466,27476,10
12.831199646,80.2237930298,27476,27486,10
12.831199646,80.2245864868,27486,27496,10
12.8311901093,80.2250137329,27496,27507,11
12.8311901093,80.2258377075,27507,27517,10
12.8312797546,80.2268218994,27517,27527,10
12.831489563,80.2278671265,27527,27537,10
12.8316602707,80.2287368774,27537,27547,10
12.8317804337,80.2291412354,27547,27557,10
12.8322601318,80.2290802002,27557,27567,10
12.8331003189,80.2289123535,27567,27577,10
12.8341503143,80.2287368774,27577,27588,11
12.8354501724,80.2285232544,27588,27598,10
12.8367099762,80.2283325195,27598,27608,10
12.8379201889,80.2281265259,27608,27618,10
12.8389196396,80.2278823853,27618,27628,10
12.8393297195,80.2277069092,27628,27638,10
12.8395004272,80.2276229858,27638,27648,10
12.8397798538,80.2275619507,27648,27658,10
12.8403501511,80.2274703979,27658,27669,11
12.8412399292,80.2272415161,27669,27679,10
12.842300415,80.2269821167,27679,27689,10
12.8434495926,80.2267837524,27689,27699,10
12.8445501328,80.2266311646,27699,27709,10
12.8453397751,80.2265701294,27709,27719,10
12.8453798294,80.2265701294,27719,27729,10
12.8457298279,80.2265625,27729,27739,10
12.8464202881,80.2265625,27739,27750,11
12.8475399017,80.2265625,27750,27760,10
12.8487300873,80.2265396118,27760,27770,10
12.8498697281,80.2265319824,27770,27780,10
12.8510103226,80.2265625,27780,27790,10
12.8522796631,80.2266235352,27790,27800,10
12.8536100388,80.2266082764,27800,27810,10
12.8549604416,80.2264709473,27810,27820,10
12.8563203812,80.2263336182,27820,27831,11
12.85779953,80.2261886597,27831,27841,10
12.8587903976,80.2262268066,27841,27851,10
12.859919548,80.2263793945,27851,27861,10
12.8607797623,80.2264862061,27861,27871,10
12.8608198166,80.2265014648,27871,27881,10
12.8610801697,80.2265396118,27881,27891,10
12.8617801666,80.2265625,27891,27901,10
12.862739563,80.2265090942,27901,27912,11
12.8639802933,80.2265167236,27912,27922,10
12.8652601242,80.2265701294,27922,27932,10
12.8665599823,80.2265014648,27932,27942,10
12.8678302765,80.2263793945,27942,27952,10
12.8691396713,80.2264022827,27952,27962,10
12.8704395294,80.2265625,27962,27972,10
12.871720314,80.2266311646,27972,27982,10
12.872590065,80.2266235352,27982,27993,11
12.8726797104,80.2266235352,27993,28003,10
12.8730401993,80.2266387939,28003,28013,10
12.8737697601,80.2266693115,28013,28023,10
12.8747596741,80.2267913818,28023,28033,10
12.8758802414,80.2268981934,28033,28043,10
12.8767004013,80.2268829346,28043,28063,20
12.8767004013,80.2268829346,28063,28074,11
12.8771095276,80.2268676758,28074,28084,10
12.8778295517,80.2268066406,28084,28094,10
12.8787899017,80.2267532349,28094,28104,10
12.8799600601,80.2267227173,28104,28114,10
12.8812198639,80.2267074585,28114,28124,10
12.8825302124,80.2266921997,28124,28134,10
12.8838396072,80.2266693115,28134,28144,10
12.8853302002,80.2266769409,28144,28165,21
12.8853302002,80.2266769409,28165,28175,10
12.8857603073,80.2267684937,28175,28185,10
12.8864898682,80.2269668579,28185,28195,10
12.8874197006,80.2271728516,28195,28205,10
12.8883895874,80.2272720337,28205,28215,10
12.8894996643,80.2273178101,28215,28225,10
12.8905897141,80.2273101807,28225,28236,11
12.8919801712,80.2272872925,28236,28246,10
12.8926696777,80.2273406982,28246,28256,10
12.8934202194,80.2274398804,28256,28266,10
12.894370079,80.2275466919,28266,28276,10
12.8955402374,80.2276077271,28276,28286,10
12.8967895508,80.2276611328,28286,28296,10
12.8980503082,80.227722168,28296,28306,10
12.8992595673,80.2277832031,28306,28317,11
12.9000196457,80.2278137207,28317,28418,101
12.9000196457,80.2278137207,28418,28428,10
12.9003601074,80.2278594971,28428,28438,10
12.9007196426,80.2278823853,28438,28448,10
12.9011602402,80.2279205322,28448,28458,10
12.9016304016,80.2279510498,28458,28468,10
12.902130127,80.2279663086,28468,28478,10
12.9027204514,80.2279891968,28478,28489,11
12.9030103683,80.2279815674,28489,28499,10
12.9030504227,80.2279968262,28499,28509,10
12.9034700394,80.2280426025,28509,28519,10
12.9041595459,80.2280807495,28519,28529,10
12.9049501419,80.2281112671,28529,28539,10
12.9058504105,80.2281723022,28539,28549,10
12.9066200256,80.2282104492,28549,28559,10
12.9068698883,80.2282409668,28559,28570,11
12.9071102142,80.2282562256,28570,28580,10
12.9074296951,80.228302002,28580,28590,10
12.9081001282,80.2284011841,28590,28600,10
12.9090204239,80.2285614014,28600,28610,10
12.9101400375,80.2287597656,28610,28620,10
12.9113798141,80.2289428711,28620,28630,10
12.9126195908,80.2291030884,28630,28640,10
12.9136695862,80.2292175293,28640,28651,11
12.9139900208,80.2292480469,28651,28661,10
12.9141702652,80.2292709351,28661,28671,10
12.9147500992,80.2293624878,28671,28681,10
12.9155797958,80.2294921875,28681,28691,10
12.9166002274,80.2296218872,28691,28701,10
12.9174699783,80.2297363281,28701,28711,10
12.9183197021,80.2298812866,28711,28721,10
12.9192304611,80.2300186157,28721,28732,11
12.9204397202,80.2301712036,28732,28742,10
12.9216499329,80.2303237915,28742,28752,10
12.9229097366,80.2305297852,28752,28762,10
12.9241695404,80.2306976318,28762,28772,10
12.9253702164,80.2308502197,28772,28782,10
12.9263296127,80.2309570313,28782,28792,10
12.9266796112,80.2309570313,28792,28802,10
12.9269504547,80.2310028076,28802,28813,11
12.9277000427,80.231086731,28813,28823,10
12.9285898209,80.2312011719,28823,28833,10
12.9296503067,80.2314071655,28833,28843,10
12.9308204651,80.2317199707,28843,28853,10
12.9320001602,80.232093811,28853,28863,10
12.9335603714,80.232673645,28863,28883,20
12.9335603714,80.232673645,28883,28894,11
12.9337902069,80.2327270508,28894,28904,10
12.9342603683,80.2329711914,28904,28914,10
12.9349603653,80.2333068848,28914,28924,10
12.9357995987,80.2337112427,28924,28934,10
12.9366798401,80.2341308594,28934,28944,10
12.9376296997,80.2345809937,28944,28954,10
12.9385700226,80.2350616455,28954,28964,10
12.9393596649,80.235458374,28964,28975,11
12.9396095276,80.2355728149,28975,28985,10
12.9397001266,80.2356185913,28985,28995,10
12.9401702881,80.2358169556,28995,29005,10
12.9409399033,80.2360229492,29005,29015,10
12.9418897629,80.2362518311,29015,29025,10
12.9428701401,80.2366027832,29025,29035,10
12.9436998367,80.2373199463,29035,29045,10
12.9445104599,80.2382278442,29045,29056,11
12.9454803467,80.2391891479,29056,29066,10
12.9465198517,80.2396621704,29066,29076,10
12.9471197128,80.2398986816,29076,29086,10
12.94713974,80.239906311,29086,29096,10
12.9474897385,80.2400588989,29096,29106,10
12.9481401443,80.2403182983,29106,29116,10
12.9486703873,80.2405395508,29116,29177,61
12.9486703873,80.2405395508,29177,29187,10
12.9487104416,80.240562439,29187,29197,10
12.9490404129,80.2406921387,29197,29207,10
12.9495697021,80.2408905029,29207,29218,11
12.9502801895,80.2410964966,29218,29228,10
12.9508600235,80.2412567139,29228,29248,20
12.9508600235,80.2412567139,29248,29258,10
12.9510002136,80.2413101196,29258,29268,10
12.9515199661,80.2415008545,29268,29278,10
12.9522199631,80.2417602539,29278,29288,10
12.9530801773,80.2421112061,29288,29299,11
12.954079628,80.2425079346,29299,29309,10
12.9548597336,80.2428207397,29309,29319,10
12.9554901123,80.2430419922,29319,29329,10
12.9561796188,80.2432785034,29329,29339,10
12.9564199448,80.2433700562,29339,29349,10
12.9567203522,80.2434997559,29349,29359,10
12.9573602676,80.2437973022,29359,29369,10
12.9580602646,80.244140625,29369,29380,11
12.958609581,80.2443389893,29380,29390,10
12.9587602615,80.2444076538,29390,29400,10
12.958820343,80.2444763184,29400,29410,10
12.9592103958,80.2446517944,29410,29420,10
12.9595603943,80.2448120117,29420,29430,10
12.9601297379,80.2450637817,29430,29440,10
12.9608898163,80.2453918457,29440,29450,10
12.9618196487,80.24584198,29450,29460,10
12.9626903534,80.2462463379,29460,29471,11
12.9630298615,80.2464294434,29471,29481,10
12.9632997513,80.2465667725,29481,29491,10
12.963760376,80.2467880249,29491,29501,10
12.9643201828,80.2470016479,29501,29511,10
12.9650497437,80.2472610474,29511,29521,10
12.965880394,80.2475585938,29521,29531,10
12.9664201736,80.2478103638,29531,29541,10
12.9669103622,80.2480010986,29541,29552,11
12.9670495987,80.2480697632,29552,29562,10
12.9671201706,80.2480926514,29562,29572,10
12.9675102234,80.2482833862,29572,29582,10
12.9681997299,80.2485733032,29582,29592,10
12.9690599442,80.2489395142,29592,29602,10
12.9700899124,80.2493591309,29602,29612,10
12.9712600708,80.24974823,29612,29622,10
12.972410202,80.2500610352,29622,29633,11
12.9734296799,80.2503204346,29633,29643,10
12.9742898941,80.2505493164,29643,29653,10
12.9752998352,80.2508163452,29653,29663,10
12.9764204025,80.2511367798,29663,29673,10
12.977519989,80.2515563965,29673,29683,10
12.9781503677,80.2520675659,29683,29693,10
12.9781799316,80.2520980835,29693,29703,10
12.9782304764,80.2521362305,29703,29714,11
12.9785499573,80.2523880005,29714,29724,10
12.9792003632,80.2525787354,29724,29734,10
12.9797897339,80.2526321411,29734,29784,50
12.9797897339,80.2526321411,29784,29795,11
12.9799900055,80.2526168823,29795,29805,10
12.9804801941,80.2526321411,29805,29815,10
12.9812002182,80.2526016235,29815,29825,10
12.9821100235,80.2525787354,29825,29835,10
12.9830598831,80.252532959,29835,29845,10
12.9837799072,80.2524032593,29845,29855,10
12.9843502045,80.252243042,29855,29865,10
12.9844999313,80.2521972656,29865,29876,11
12.9846401215,80.2521820068,29876,29906,30
12.9846401215,80.2521820068,29906,29916,10
12.9849004745,80.2521133423,29916,29936,20
12.9849004745,80.2521133423,29936,29946,10
12.985159874,80.2520523071,29946,30007,61
12.985159874,80.2520523071,30007,30017,10
12.9856300354,80.2519073486,30017,30027,10
12.986120224,80.2517776489,30027,30038,11
12.9867696762,80.2516326904,30038,30048,10
12.987159729,80.2515182495,30048,30058,10
12.9873695374,80.251449585,30058,30169,111
12.9873695374,80.251449585,30169,30179,10
12.9875001907,80.2514190674,30179,30189,10
12.9879302979,80.2513275146,30189,30200,11
12.9886903763,80.2511291504,30200,30210,10
12.9894895554,80.2509002686,30210,30220,10
12.9896602631,80.2508621216,30220,30230,10
12.9898099899,80.2508392334,30230,30240,10
12.9902601242,80.2507400513,30240,30250,10
12.9909601212,80.2505722046,30250,30260,10
12.9917898178,80.2503662109,30260,30270,10
12.9928102493,80.2501220703,30270,30281,11
12.9940500259,80.249786377,30281,30291,10
12.9951696396,80.2495193481,30291,30301,10
12.9962997437,80.2492218018,30301,30311,10
12.9968299866,80.2490386963,30311,30321,10
12.9968700409,80.2490234375,30321,30331,10
12.9968595505,80.2490081787,30331,30341,10
12.9972400665,80.248916626,30341,30351,10
12.9979200363,80.2487716675,30351,30362,11
12.9988803864,80.2485275269,30362,30372,10
12.9999504089,80.2482681274,30372,30382,10
13.001159668,80.2479782104,30382,30392,10
13.0021095276,80.247756958,30392,30402,10
13.002869606,80.2475967407,30402,30412,10
13.0038003922,80.2474365234,30412,30422,10
13.0048999786,80.2473068237,30422,30432,10
13.0058898926,80.2471084595,30432,30442,10
13.0064897537,80.2466430664,30442,30453,11
13.0065698624,80.2463912964,30453,30463,10
13.0065803528,80.2463226318,30463,30473,10
13.0066299438,80.2459335327,30473,30483,10
13.0066404343,80.2453308105,30483,30493,10
13.0066204071,80.244758606,30493,30503,10
13.0066299438,80.2442932129,30503,30513,10
13.0066404343,80.2436828613,30513,30523,10
13.0066204071,80.2429885864,30523,30534,11
13.0066299438,80.2410507202,30534,30544,10
13.0066299438,80.2410507202,30544,30554,10
13.0067596436,80.2403106689,30554,30564,10
13.0069599152,80.239616394,30564,30574,10
13.0071201324,80.2386627197,30574,30584,10
13.0072898865,80.237701416,30584,30594,10
13.0074300766,80.2368469238,30594,30616,22
13.0074300766,80.2368469238,30616,30626,10
13.0075101852,80.2365722656,30626,30636,10
13.007610321,80.2360229492,30636,30647,11
13.0077400208,80.2352981567,30647,30656,9
13.0079498291,80.2344436646,30656,30667,11
13.0081501007,80.2335128784,30667,30677,10
13.0084400177,80.2320327759,30677,30687,10
13.0087003708,80.23072052,30687,30698,11
13.0089502335,80.2294998169,30698,30708,10
13.0092201233,80.228302002,30708,30718,10
13.0096302032,80.2272567749,30718,30728,10
13.0101003647,80.226272583,30728,30738,10
13.0104799271,80.2256088257,30738,30748,10
13.0106296539,80.2252807617,30748,30758,10
13.0107603073,80.2249069214,30758,30768,10
13.0108604431,80.2245864868,30768,30779,11
13.0111303329,80.2239532471,30779,30789,10
13.0115098953,80.2230834961,30789,30799,10
13.0119104385,80.2220687866,30799,30809,10
13.0122203827,80.2215499878,30809,30819,10
13.0123996735,80.2215423584,30819,30829,10
13.0126104355,80.221862793,30829,30839,10
13.012960434,80.2223434448,30839,30849,10
13.013420105,80.2227935791,30849,30860,11
13.0139398575,80.2234191895,30860,30870,10
13.014380455,80.2240371704,30870,30880,10
13.0148496628,80.2245483398,30880,30890,10
13.0150203705,80.2246398926,30890,30900,10
13.0153102875,80.2249526978,30900,30910,10
13.01583004,80.2252426147,30910,30941,31
13.01583004,80.2252426147,30941,30951,10
13.0162296295,80.2253189087,30951,30961,10
13.0168199539,80.225227356,30961,30971,10
13.0175600052,80.2249526978,30971,30981,10
13.0183897018,80.2246322632,30981,30991,10
13.0195302963,80.2243881226,30991,31011,20
13.0195302963,80.2243881226,31011,31022,11
13.0196199417,80.2245101929,31022,31032,10
13.0198202133,80.2246398926,31032,31042,10
13.0201597214,80.2248916626,31042,31052,10
13.0206298828,80.2252197266,31052,31062,10
13.0209999084,80.2255020142,31062,31072,10
13.0215797424,80.2258987427,31072,31092,20
13.0215797424,80.2258987427,31092,31103,11
13.0217199326,80.2259521484,31103,31953,850
13.0217199326,80.2259521484,31953,31963,10
13.0219602585,80.2262191772,31963,31973,10
13.0221595764,80.2263717651,31973,31983,10
13.0223503113,80.2265625,31983,31994,11
13.0226202011,80.2267990112,31994,32004,10
13.0229701996,80.2271270752,32004,32014,10
13.0232400894,80.2273712158,32014,32024,10
13.0233402252,80.2274703979,32024,32034,10
13.0235900879,80.2276992798,32034,32044,10
13.0239801407,80.2280426025,32044,32054,10
13.0244197845,80.2285385132,32054,32075,21
13.0244197845,80.2285385132,32075,32085,10
13.0242900848,80.2286224365,32085,32095,10
13.0241003036,80.2283706665,32095,32105,10
13.0237903595,80.2279815674,32105,32115,10
13.023440361,80.2276229858,32115,32125,10
13.0230998993,80.2273483276,32125,32277,152
13.0230998993,80.2273483276,32277,32287,10
13.0228300095,80.2269592285,32287,32297,10
13.0226202011,80.2267608643,32297,32307,10
13.022480011,80.2266235352,32307,32317,10
13.0223302841,80.2265090942,32317,32328,11
13.0221996307,80.2264022827,32328,32338,10
13.02202034,80.2262496948,32338,32348,10
13.0217199326,80.2260437012,32348,32358,10
13.0213003159,80.2257232666,32358,32368,10
13.0207996368,80.2253417969,32368,32378,10
13.0201597214,80.224899292,32378,32388,10
13.0194597244,80.2245025635,32388,32398,10
13.0185699463,80.224571228,32398,32409,11
13.0175895691,80.2249832153,32409,32419,10
13.01679039,80.2253189087,32419,32429,10
13.0163602829,80.2255096436,32429,32439,10
13.015999794,80.2256164551,32439,32449,10
13.014960289,80.2259979248,32449,32469,20
13.014960289,80.2259979248,32469,32479,10
13.0148897171,80.2260131836,32479,32490,11
13.0146198273,80.2260971069,32490,32500,10
13.0142202377,80.2263031006,32500,32510,10
13.0138597488,80.2264785767,32510,32550,40
13.0138597488,80.2264785767,32550,32560,10
13.0136203766,80.226600647,32560,32571,11
13.0131998062,80.2267608643,32571,32581,10
13.0126104355,80.2269363403,32581,32591,10
13.0118904114,80.2271575928,32591,32601,10
13.0111103058,80.2274780273,32601,32611,10
13.0102796555,80.2278213501,32611,32621,10
13.0094804764,80.2281723022,32621,32631,10
13.0091495514,80.2288131714,32631,32641,10
13.0090103149,80.2295379639,32641,32783,142
13.0089902878,80.2297210693,32783,32976,193
13.0089902878,80.2297210693,32976,32986,10
13.008939743,80.2297821045,32986,32996,10
13.0088996887,80.2301177979,32996,33006,10
13.0087995529,80.2306594849,33006,33016,10
13.0086297989,80.2314605713,33016,33026,10
13.008480072,80.2323226929,33026,33036,10
13.0082902908,80.2334899902,33036,33067,31
13.0082902908,80.2334899902,33067,33077,10
13.0081100464,80.2338027954,33077,33087,10
13.0080795288,80.2341079712,33087,33097,10
13.0080299377,80.2345962524,33097,33107,10
13.0078601837,80.2353973389,33107,33117,10
13.0076799393,80.2362823486,33117,33127,10
13.0074901581,80.2371826172,33127,33137,10
13.007349968,80.2378616333,33137,33148,11
13.0073003769,80.2380523682,33148,33158,10
13.0072898865,80.2383270264,33158,33168,10
13.0072002411,80.2387313843,33168,33178,10
13.007109642,80.2392578125,33178,33188,10
13.0070695877,80.2398300171,33188,33198,10
13.0069103241,80.2404174805,33198,33208,10
13.0068101883,80.2408828735,33208,33218,10
13.0067501068,80.2414474487,33218,33229,11
13.0067396164,80.2421722412,33229,33239,10
13.0067396164,80.2425994873,33239,33249,10
13.0067195892,80.2429428101,33249,33259,10
13.0067195892,80.2432098389,33259,33269,10
13.0067195892,80.2434005737,33269,33279,10
13.0066795349,80.2437591553,33279,33289,10
13.0066795349,80.2446594238,33289,33330,41
13.0067100525,80.2450408936,33330,33380,50
13.0067100525,80.2450408936,33380,33391,11
13.0066900253,80.2453689575,33391,33401,10
13.0067195892,80.2457427979,33401,33411,10
13.0067396164,80.2462234497,33411,33421,10
13.0067501068,80.246887207,33421,33431,10
13.0065698624,80.2474136353,33431,33441,10
13.0057401657,80.2473907471,33441,33461,20
13.0057401657,80.2473907471,33461,33472,11
13.0055904388,80.2473373413,33472,33482,10
13.0052404404,80.2473526001,33482,33492,10
13.0046396255,80.2473983765,33492,33502,10
13.0038795471,80.2474594116,33502,33512,10
13.0030002594,80.2475585938,33512,33522,10
13.0021600723,80.2477798462,33522,33532,10
13.0012397766,80.2480316162,33532,33542,10
13.0002002716,80.2482833862,33542,33553,11
12.9989900589,80.248588562,33553,33563,10
12.9981298447,80.248840332,33563,33583,20
12.9981298447,80.248840332,33583,33593,10
12.9980802536,80.248840332,33593,33603,10
12.9976396561,80.248916626,33603,33613,10
12.9969596863,80.2490768433,33613,33623,10
12.9961299896,80.2492828369,33623,33634,11
12.9951095581,80.2495422363,33634,33644,10
12.994099617,80.2498321533,33644,33654,10
12.9929800034,80.2501068115,33654,33664,10
12.9918498993,80.2503890991,33664,33674,10
12.9910697937,80.2506103516,33674,33694,20
12.9910697937,80.2506103516,33694,33704,10
12.9906301498,80.2507324219,33704,34200,496
12.9906301498,80.2507324219,34200,34211,11
12.9903697968,80.2507781982,34211,34221,10
12.9898700714,80.2509078979,34221,34231,10
12.9894399643,80.2510375977,34231,34241,10
12.989109993,80.251121521,34241,34251,10
12.9889297485,80.2511672974,34251,34261,10
12.9885797501,80.2512588501,34261,34271,10
12.9881696701,80.2513809204,34271,34281,10
12.9876804352,80.2514801025,34281,34292,11
12.9871101379,80.2516403198,34292,34302,10
12.9865102768,80.2518005371,34302,34312,10
12.9858102798,80.251953125,34312,34322,10
12.9849395752,80.2521820068,34322,34332,10
12.9838895798,80.2524414063,34332,34342,10
12.9828100204,80.2526016235,34342,34352,10
12.9816398621,80.2526473999,34352,34362,10
12.980340004,80.2526931763,34362,34383,21
12.980340004,80.2526931763,34383,34393,10
12.9801502228,80.2526779175,34393,34403,10
12.9797801971,80.2526779175,34403,34413,10
12.9791603088,80.2526168823,34413,34423,10
12.9786100388,80.2525634766,34423,34443,20
12.9786100388,80.2525634766,34443,34454,11
12.9785900116,80.252571106,34454,34464,10
12.978269577,80.2523269653,34464,34474,10
12.9777498245,80.2518615723,34474,34484,10
12.9769897461,80.2513504028,34484,34494,10
12.9759197235,80.2510223389,34494,34504,10
12.9747896194,80.2506866455,34504,34514,10
12.9736299515,80.2503890991,34514,34524,10
12.9724302292,80.2500686646,34524,34534,10
12.9712295532,80.249710083,34534,34545,11
12.9699602127,80.2492980957,34545,34555,10
12.9688301086,80.2488174438,34555,34565,10
12.9677400589,80.2483825684,34565,34575,10
12.9668197632,80.2479782104,34575,34585,10
12.9660396576,80.2476577759,34585,34595,10
12.9655103683,80.247467041,34595,34605,10
12.9652004242,80.2473678589,34605,34615,10
12.9651403427,80.2473602295,34615,34626,11
12.9650402069,80.2473373413,34626,34636,10
12.9648799896,80.2472763062,34636,34646,10
12.9646997452,80.2472000122,34646,34656,10
12.9643697739,80.2470703125,34656,34666,10
12.9640398026,80.2469329834,34666,34676,10
12.9636802673,80.2467803955,34676,34686,10
12.9633398056,80.2465896606,34686,34696,10
12.962679863,80.2462615967,34696,34707,11
12.9617300034,80.2457809448,34707,34717,10
12.9607200623,80.2453079224,34717,34727,10
12.9598999023,80.2449798584,34727,34737,10
12.9597196579,80.2449264526,34737,34747,10
12.9596004486,80.2448577881,34747,34757,10
12.9593200684,80.2447280884,34757,34767,10
12.9588804245,80.2445220947,34767,34777,10
12.9582395554,80.2442474365,34777,34788,11
12.9575395584,80.2439575195,34788,34798,10
12.9568395615,80.2437210083,34798,34869,71
12.9564800262,80.243637085,34869,34889,20
12.9564800262,80.243637085,34889,34899,10
12.9560499191,80.2434387207,34899,34909,10
12.9554100037,80.2431030273,34909,34919,10
12.9546003342,80.2427368164,34919,34929,10
12.9537200928,80.2423782349,34929,34939,10
12.9527597427,80.2419891357,34939,34950,11
12.9518299103,80.2416610718,34950,34960,10
12.951669693,80.2416000366,34960,34970,10
12.9513397217,80.2414779663,34970,34980,10
12.9506597519,80.2412567139,34980,34990,10
12.9496097565,80.2409286499,34990,35031,41
12.9496097565,80.2409286499,35031,35041,10
12.9493303299,80.2409210205,35041,35051,10
12.9488697052,80.240737915,35051,35061,10
12.948220253,80.2404403687,35061,35071,10
12.9474802017,80.2401199341,35071,35081,10
12.9470701218,80.239982605,35081,35091,10
12.947019577,80.2399520874,35091,35101,10
12.946680069,80.2398300171,35101,35111,10
12.946100235,80.2395782471,35111,35122,11
12.9453401566,80.2391815186,35122,35132,10
12.9446601868,80.2385025024,35132,35142,10
12.943980217,80.2377166748,35142,35152,10
12.9434204102,80.2370986938,35152,35162,10
12.9426403046,80.2365188599,35162,35172,10
12.9415597916,80.2361907959,35172,35182,10
12.9405403137,80.2359619141,35182,35192,10
12.9398298264,80.2357406616,35192,35203,11
12.9397802353,80.2357177734,35203,35213,10
12.9394397736,80.2355575562,35213,35223,10
12.9388198853,80.2352371216,35223,35233,10
12.9379997253,80.2348403931,35233,35243,10
12.9370203018,80.2343673706,35243,35253,10
12.9359998703,80.2338867188,35253,35263,10
12.9351797104,80.2335205078,35263,35273,10
12.933930397,80.2329788208,35273,35294,21
12.933930397,80.2329788208,35294,35304,10
12.9336500168,80.2328109741,35304,35314,10
12.9330301285,80.2325134277,35314,35324,10
12.9322004318,80.2322235107,35324,35334,10
12.9311199188,80.2318878174,35334,35344,10
12.9300003052,80.2315597534,35344,35354,10
12.9294099808,80.2314529419,35354,35365,11
12.9292402267,80.2314224243,35365,35375,10
12.9288396835,80.231338501,35375,35385,10
12.9281196594,80.2311935425,35385,35395,10
12.9272003174,80.2310791016,35395,35405,10
12.9264001846,80.2309799194,35405,35415,10
12.9261903763,80.23097229,35415,35425,10
12.9260902405,80.23097229,35425,35435,10
12.925620079,80.2308883667,35435,35446,11
12.9248695374,80.2308273315,35446,35456,10
12.9240102768,80.2307281494,35456,35466,10
12.9229898453,80.2305908203,35466,35476,10
12.9218397141,80.2304000854,35476,35486,10
12.9205999374,80.2302322388,35486,35496,10
12.9193201065,80.2300720215,35496,35506,10
12.9180402756,80.2298965454,35506,35516,10
12.917140007,80.2297821045,35516,35527,11
12.9162597656,80.229637146,35527,35537,10
12.9152603149,80.2295227051,35537,35547,10
12.914150238,80.2293777466,35547,35557,10
12.9133796692,80.2292785645,35557,35577,20
12.9133796692,80.2292785645,35577,35587,10
12.9132204056,80.2292175293,35587,35597,10
12.9128198624,80.229133606,35597,35608,11
12.9120502472,80.2289886475,35608,35618,10
12.9111299515,80.2288818359,35618,35628,10
12.9100799561,80.2287368774,35628,35638,10
12.9091901779,80.2286071777,35638,35648,10
12.9086399078,80.2285232544,35648,35658,10
12.9080896378,80.2284393311,35658,35668,10
12.9075403214,80.2283706665,35668,35678,10
12.9070596695,80.2283401489,35678,35871,193
12.9070596695,80.2283401489,35871,35881,10
12.9067602158,80.2283172607,35881,35891,10
12.9061803818,80.2282180786,35891,35901,10
12.9054002762,80.2281723022,35901,35911,10
12.9045295715,80.2281112671,35911,35921,10
12.9037904739,80.2280731201,35921,35931,10
12.9029197693,80.2280502319,35931,35942,11
12.9022102356,80.2279891968,35942,35952,10
12.9021396637,80.2279891968,35952,35962,10
12.90184021,80.2279205322,35962,35972,10
12.9015598297,80.2279129028,35972,35982,10
12.9013299942,80.2279968262,35982,35992,10
12.9010801315,80.2279891968,35992,36002,10
12.9007997513,80.2279281616,36002,36012,10
12.9005498886,80.2279281616,36012,36023,11
12.9003601074,80.2279281616,36023,36033,10
12.9000701904,80.2278900146,36033,36043,10
12.8994998932,80.2278594971,36043,36053,10
12.8988199234,80.2278518677,36053,36073,20
12.8988199234,80.2278518677,36073,36083,10
12.8987703323,80.2277984619,36083,36093,10
12.8984003067,80.2277679443,36093,36104,11
12.8976898193,80.227722168,36104,36114,10
12.8968801498,80.2276916504,36114,36124,10
12.8958997726,80.2276382446,36124,36134,10
12.8948802948,80.2276000977,36134,36144,10
12.8938102722,80.2275390625,36144,36154,10
12.8932199478,80.2275009155,36154,36164,10
12.8929004669,80.2274475098,36164,36174,10
12.8923501968,80.2273788452,36174,36185,11
12.8915996552,80.2273406982,36185,36195,10
12.890709877,80.2273101807,36195,36205,10
12.8897600174,80.2273330688,36205,36215,10
12.8888998032,80.2273406982,36215,36225,10
12.8880395889,80.2272872925,36225,36235,10
12.8869895935,80.227142334,36235,36245,10
12.8858604431,80.2268676758,36245,36255,10
12.8848896027,80.2267227173,36255,36266,11
12.8846998215,80.2267227173,36266,36276,10
12.8844203949,80.2266998291,36276,36286,10
12.8838500977,80.2266998291,36286,36296,10
12.8831100464,80.2267227173,36296,36306,10
12.8821802139,80.2267303467,36306,36316,10
12.8810796738,80.2267303467,36316,36326,10
12.8799495697,80.2267532349,36326,36336,10
12.8789396286,80.2267913818,36336,36347,11
12.8784399033,80.2268295288,36347,36357,10
12.8782196045,80.2268371582,36357,36367,10
12.8777503967,80.2269134521,36367,36397,30
12.8777503967,80.2269134521,36397,36407,10
12.8774700165,80.2269210815,36407,36417,10
12.8772697449,80.2269287109,36417,36428,11
12.8771095276,80.2269363403,36428,36438,10
12.8769197464,80.2269668579,36438,36458,20
12.8769197464,80.2269668579,36458,36468,10
12.8766803741,80.2269821167,36468,36478,10
12.8762197495,80.2269592285,36478,36488,10
12.8755197525,80.2269210815,36488,36498,10
12.8746099472,80.2268218994,36498,36508,10
12.8735399246,80.2266921997,36508,36519,11
12.8726701736,80.2266693115,36519,36529,10
12.8724498749,80.2266921997,36529,36539,10
12.8723602295,80.2266769409,36539,36549,10
12.8718595505,80.2266693115,36549,36559,10
12.8710603714,80.2266387939,36559,36569,10
12.8701000214,80.2265625,36569,36579,10
12.8689699173,80.2264328003,36579,36589,10
12.8677501678,80.2264175415,36589,36600,11
12.866399765,80.2265625,36600,36610,10
12.8651895523,80.2266082764,36610,36620,10
12.863940239,80.2265625,36620,36630,10
12.8626499176,80.2265472412,36630,36640,10
12.8613796234,80.2266082764,36640,36650,10
12.8610296249,80.226600647,36650,36660,10
12.8607797623,80.2265777588,36660,36670,10
12.8602399826,80.2265167236,36670,36681,11
12.8598003387,80.2264709473,36681,36691,10
12.8595895767,80.2264633179,36691,36701,10
12.8593797684,80.2264022827,36701,36721,20
12.8593797684,80.2264022827,36721,36731,10
12.8592100143,80.2263565063,36731,36741,10
12.8590803146,80.2263412476,36741,36751,10
12.8587598801,80.2262802124,36751,36762,11
12.8580303192,80.2262420654,36762,36772,10
12.857219696,80.2262878418,36772,36782,10
12.8562602997,80.2264022827,36782,36792,10
12.8551197052,80.2265319824,36792,36802,10
12.8538999557,80.2266616821,36802,36812,10
12.8526201248,80.2267227173,36812,36822,10
12.8512802124,80.2266387939,36822,36832,10
12.8501596451,80.226600647,36832,36843,11
12.8499898911,80.2265930176,36843,36853,10
12.8497400284,80.2265777588,36853,36863,10
12.8491001129,80.2265777588,36863,36873,10
12.8482103348,80.2265777588,36873,36883,10
12.8473501205,80.2265930176,36883,36903,20
12.8473501205,80.2265930176,36903,36913,10
12.8472499847,80.2266082764,36913,36924,11
12.8470602036,80.2266235352,36924,36934,10
12.8468599319,80.2266311646,36934,36944,10
12.8466701508,80.2266311646,36944,36954,10
12.8465003967,80.2266387939,36954,36964,10
12.846449852,80.2266387939,36964,36974,10
12.8463201523,80.2266311646,36974,36984,10
12.8461399078,80.2266311646,36984,36994,10
12.8455200195,80.2266387939,36994,37015,21
12.8455200195,80.2266387939,37015,37025,10
12.8452196121,80.2266387939,37025,37035,10
12.8446998596,80.2266616821,37035,37045,10
12.8439598083,80.2266998291,37045,37055,10
12.8430299759,80.2268295288,37055,37065,10
12.842089653,80.2269821167,37065,37075,10
12.8413600922,80.2272033691,37075,37086,11
12.8411998749,80.2272720337,37086,37096,10
12.8411197662,80.2273178101,37096,37106,10
12.8410396576,80.2273635864,37106,37116,10
12.8408002853,80.227432251,37116,37146,30
12.8408002853,80.227432251,37146,37156,10
12.8405799866,80.2275009155,37156,37167,11
12.8402900696,80.2275772095,37167,37177,10
12.8400602341,80.2276611328,37177,37207,30
12.8400602341,80.2276611328,37207,37217,10
12.8398399353,80.2277526855,37217,37258,41
12.8398399353,80.2277526855,37258,37268,10
12.8394002914,80.2278594971,37268,37278,10
12.8387804031,80.2279815674,37278,37288,10
12.8379497528,80.2281570435,37288,37298,10
12.8370895386,80.228302002,37298,37308,10
12.8360395432,80.2284622192,37308,37318,10
12.8348302841,80.2286376953,37318,37328,10
12.8335399628,80.2288513184,37328,37339,11
12.8325500488,80.229057312,37339,37389,50
12.8325500488,80.229057312,37389,37399,10
12.8323402405,80.2291183472,37399,37409,10
12.831990242,80.2291870117,37409,37420,11
12.8314599991,80.2292785645,37420,37430,10
12.8306798935,80.2295227051,37430,37440,10
12.8296604156,80.2298965454,37440,37450,10
12.8285598755,80.2304000854,37450,37460,10
12.8274698257,80.2310180664,37460,37470,10
12.8263101578,80.2313308716,37470,37480,10
12.8250303268,80.2313919067,37480,37490,10
12.8237800598,80.2311325073,37490,37501,11
12.8223600388,80.2306976318,37501,37511,10
12.8212900162,80.23046875,37511,37521,10
12.8204298019,80.2304763794,37521,37531,10
12.8194799423,80.2304916382,37531,37541,10
12.8184900284,80.2303085327,37541,37551,10
12.8174695969,80.2298431396,37551,37561,10
12.8163003922,80.2294998169,37561,37571,10
12.8150396347,80.2293167114,37571,37582,11
12.8136196136,80.2289962769,37582,37592,10
12.8123397827,80.2285385132,37592,37602,10
12.811050415,80.2280578613,37602,37612,10
12.8097896576,80.2275314331,37612,37622,10
12.8086795807,80.2268295288,37622,37632,10
12.8076496124,80.2259597778,37632,37642,10
12.8067798615,80.2251968384,37642,37652,10
12.8059902191,80.2245025635,37652,37663,11
12.805150032,80.2240219116,37663,37673,10
12.8050203323,80.223991394,37673,37683,10
12.8048000336,80.2239532471,37683,37693,10
12.8042297363,80.2238922119,37693,37703,10
12.8035402298,80.2238311768,37703,37713,10
12.8028402328,80.2237625122,37713,37723,10
12.8020401001,80.2236633301,37723,37733,10
12.8011703491,80.2235870361,37733,37744,11
12.8011703491,80.2235870361,37744,37754,10
12.8007001877,80.2235336304,37754,37764,10
12.7998895645,80.2234725952,37764,37774,10
12.7990198135,80.2234420776,37774,37784,10
12.7986097336,80.2233810425,37784,37794,10
12.7977304459,80.2232666016,37794,37805,11
12.7964897156,80.2230377197,37805,37816,11
12.7958803177,80.2229385376,37816,37827,11
12.7956695557,80.2228775024,37827,37837,10
12.7950201035,80.2227630615,37837,37847,10
12.7941703796,80.2226333618,37847,37856,9
12.7930202484,80.2224578857,37856,37867,11
12.791680336,80.2221832275,37867,37877,10
12.7904596329,80.2218780518,37877,37887,10
12.7895298004,80.2216110229,37887,37897,10
12.7889404297,80.2213821411,37897,37908,11
12.788359642,80.2211380005,37908,37918,10
12.7877998352,80.2209320068,37918,37928,10
12.7872600555,80.220741272,37928,37938,10
12.7868003845,80.2205734253,37938,37958,20
12.7868003845,80.2205734253,37958,37968,10
12.7866096497,80.2204666138,37968,37978,10
12.786239624,80.2203521729,37978,37989,11
12.786190033,80.2207336426,37989,37999,10
12.7861995697,80.2211608887,37999,38009,10
12.786239624,80.2217712402,38009,38029,20
12.786239624,80.2217712402,38029,38039,10
12.7862901688,80.2221603394,38039,38616,577
12.7862901688,80.2221603394,38616,38626,10
12.7863798141,80.2220306396,38626,38636,10
12.7863197327,80.221786499,38636,38647,11
12.7862701416,80.2215194702,38647,38707,60
12.7861795425,80.2211532593,38707,38738,31
12.7861700058,80.2210006714,38738,38778,40
12.7861700058,80.2205963135,38778,38819,41
12.7861700058,80.2205963135,38819,38829,10
12.7866096497,80.220451355,38829,38849,20
12.7866096497,80.220451355,38849,38859,10
12.7867803574,80.2205581665,38859,38869,10
12.7872400284,80.2207107544,38869,38879,10
12.7878198624,80.220916748,38879,38890,11
12.7885303497,80.2211914063,38890,38900,10
12.7891702652,80.2214431763,38900,38910,10
12.7896299362,80.2216186523,38910,38920,10
12.790140152,80.2217483521,38920,38930,10
12.7909097672,80.2219619751,38930,38940,10
12.7919397354,80.2222213745,38940,38950,10
12.7931804657,80.2224578857,38950,38960,10
12.7945098877,80.22265625,38960,38971,11
12.7959604263,80.2228927612,38971,38981,10
12.7965803146,80.2229919434,38981,38991,10
12.7967996597,80.2230377197,38991,39001,10
12.797419548,80.2231674194,39001,39011,10
12.7982397079,80.2232818604,39011,39021,10
12.7991800308,80.2233886719,39021,39031,10
12.8002796173,80.2234802246,39031,39041,10
12.8013000488,80.2235717773,39041,39052,11
12.8015403748,80.2235870361,39052,39062,10
12.8019800186,80.2236480713,39062,39072,10
12.8026599884,80.223739624,39072,39082,10
12.8032798767,80.2238235474,39082,39092,10
12.8039999008,80.2238769531,39092,39102,10
12.8047199249,80.2239532471,39102,39112,10
12.8053703308,80.224067688,39112,39122,10
12.805560112,80.2241287231,39122,39132,10
12.8058204651,80.2243118286,39132,39143,11
12.8064203262,80.2248306274,39143,39153,10
12.8071603775,80.2254867554,39153,39163,10
12.8080301285,80.2262268066,39163,39173,10
12.8089799881,80.2270202637,39173,39183,10
12.8100404739,80.2276229858,39183,39193,10
12.8112096786,80.2281036377,39193,39203,10
12.8124599457,80.2285385132,39203,39213,10
12.8137197495,80.2289962769,39213,39224,11
12.8151197433,80.2293014526,39224,39234,10
12.8164196014,80.2294769287,39234,39244,10
12.8176898956,80.2298583984,39244,39254,10
12.818860054,80.2304000854,39254,39264,10
12.8198003769,80.2304382324,39264,39274,10
12.8198404312,80.230430603,39274,39284,10
12.8200798035,80.230430603,39284,39294,10
12.8207798004,80.2304077148,39294,39305,11
12.8218603134,80.2304992676,39305,39315,10
12.8230104446,80.2308425903,39315,39325,10
12.8242301941,80.2311706543,39325,39335,10
12.8254995346,80.2313690186,39335,39345,10
12.8267498016,80.2312774658,39345,39355,10
12.8279304504,80.230796814,39355,39365,10
12.8290901184,80.2301712036,39365,39375,10
12.8302297592,80.2296981812,39375,39386,11
12.8310098648,80.2293777466,39386,39396,10
12.831029892,80.2293777466,39396,39406,10
12.8313302994,80.2292633057,39406,39436,30
12.8313302994,80.2292633057,39436,39446,10
12.8316001892,80.2291412354,39446,39456,10
12.8322000504,80.2290267944,39456,39467,11
12.8330898285,80.2288818359,39467,39477,10
12.8341302872,80.2286987305,39477,39487,10
12.8353204727,80.2285003662,39487,39497,10
12.8365697861,80.2283325195,39497,39507,10
12.8378696442,80.2281265259,39507,39517,10
12.8389596939,80.2278289795,39517,39527,10
12.8394002914,80.2276306152,39527,39537,10
12.8395395279,80.2276000977,39537,39548,11
12.8399896622,80.2275009155,39548,39558,10
12.8406600952,80.2273712158,39558,39568,10
12.8415203094,80.227142334,39568,39578,10
12.8425703049,80.2268981934,39578,39588,10
12.8437004089,80.2267074585,39588,39598,10
12.8447399139,80.2266082764,39598,39608,10
12.8453702927,80.2265625,39608,39618,10
12.8454303741,80.2265625,39618,39629,11
12.8458299637,80.2265701294,39629,39639,10
12.8465595245,80.2265625,39639,39649,10
12.847530365,80.2265625,39649,39659,10
12.8486795425,80.2265625,39659,39669,10
12.8498096466,80.2265319824,39669,39679,10
12.8501596451,80.2265167236,39679,39689,10
12.8502902985,80.2265090942,39689,39699,10
12.8508396149,80.2265319824,39699,39710,11
12.8517103195,80.2265701294,39710,39720,10
12.8527202606,80.2266235352,39720,39730,10
12.8538999557,80.2265777588,39730,39740,10
12.8551397324,80.2264633179,39740,39750,10
12.8564300537,80.2263336182,39750,39760,10
12.8577299118,80.2261962891,39760,39770,10
12.858710289,80.2262191772,39770,39780,10
12.8597898483,80.2263717651,39780,39790,10
12.8607997894,80.2265014648,39790,39801,11
12.8609800339,80.2265014648,39801,39811,10
12.8613996506,80.2265014648,39811,39821,10
12.8621797562,80.2264785767,39821,39831,10
12.8631401062,80.2264404297,39831,39841,10
12.8642997742,80.2264785767,39841,39851,10
12.8655796051,80.2265319824,39851,39861,10
12.8669300079,80.2264404297,39861,39871,10
12.8683099747,80.2263183594,39871,39882,11
12.8698196411,80.2264709473,39882,39892,10
12.8711795807,80.226600647,39892,39902,10
12.8719301224,80.2266387939,39902,39922,20
12.8719301224,80.2266387939,39922,39932,10
12.8723297119,80.2266235352,39932,39942,10
12.8728904724,80.2266235352,39942,39952,10
12.8729095459,80.2266235352,39952,39963,11
12.8732795715,80.2266464233,39963,39973,10
12.8740196228,80.2266998291,39973,39983,10
12.8749198914,80.2268218994,39983,39993,10
12.8760004044,80.2269210815,39993,40003,10
12.8767595291,80.2268829346,40003,40013,10
12.8769197464,80.2268829346,40013,40023,10
12.8773603439,80.2268371582,40023,40033,10
12.8781003952,80.2267913818,40033,40044,11
12.8791599274,80.2267303467,40044,40054,10
12.8803195953,80.2266998291,40054,40064,10
12.8815603256,80.2266998291,40064,40074,10
12.8828601837,80.2266769409,40074,40084,10
12.8841199875,80.2266616821,40084,40094,10
12.885140419,80.2266616821,40094,40104,10
12.886059761,80.2268829346,40104,40114,10
12.887169838,80.2271499634,40114,40125,11
12.8885002136,80.2273101807,40125,40135,10
12.8898000717,80.2273330688,40135,40145,10
12.8911304474,80.2273330688,40145,40155,10
12.8922195435,80.2273178101,40155,40165,10
12.892660141,80.2273330688,40165,40175,10
12.8933095932,80.2274169922,40175,40185,10
12.8941202164,80.2275238037,40185,40195,10
12.8950996399,80.2275924683,40195,40206,11
12.8963804245,80.2276382446,40206,40216,10
12.8976297379,80.2277069092,40216,40226,10
12.8988399506,80.2277832031,40226,40236,10
12.8998203278,80.2278213501,40236,40246,10
12.9002399445,80.2278289795,40246,40276,30
12.9002399445,80.2278289795,40276,40287,11
12.9005498886,80.2278594971,40287,40297,10
12.9009895325,80.227897644,40297,40307,10
12.9014396667,80.2279281616,40307,40317,10
12.9020900726,80.2279815674,40317,40327,10
12.9029798508,80.2279968262,40327,40357,30
12.9029798508,80.2279968262,40357,40368,11
12.9033498764,80.228012085,40368,40378,10
12.9039897919,80.2280807495,40378,40388,10
12.9048299789,80.2281188965,40388,40398,10
12.9054203033,80.2281417847,40398,40408,10
12.9055595398,80.2281188965,40408,40418,10
12.9059200287,80.2281494141,40418,40428,10
12.9062700272,80.2281799316,40428,40438,10
12.9065999985,80.2282333374,40438,40449,11
12.9069404602,80.2282562256,40449,40459,10
12.907119751,80.2282485962,40459,40469,10
12.9077396393,80.2283401489,40469,40479,10
12.9085998535,80.2284927368,40479,40489,10
12.9096498489,80.2286682129,40489,40499,10
12.9108104706,80.228843689,40499,40509,10
12.9120798111,80.2290267944,40509,40519,10
12.9132900238,80.2292098999,40519,40530,11
12.9138803482,80.2292709351,40530,40540,10
12.9140100479,80.2292785645,40540,40550,10
12.914560318,80.2293624878,40550,40560,10
12.9153203964,80.2294616699,40560,40570,10
12.9163303375,80.2296218872,40570,40580,10
12.9173002243,80.2297592163,40580,40590,10
12.9182395935,80.2298965454,40590,40600,10
12.9191503525,80.2300415039,40600,40610,10
12.9203195572,80.2301712036,40610,40621,11
12.9214296341,80.2303085327,40621,40631,10
12.9225196838,80.2304763794,40631,40641,10
12.9237003326,80.2306289673,40641,40651,10
12.9249601364,80.2307891846,40651,40661,10
12.9262599945,80.2309570313,40661,40671,10
12.9274396896,80.2311172485,40671,40681,10
12.928440094,80.2312393188,40681,40691,10
12.9294099808,80.2314224243,40691,40702,11
12.9306097031,80.2317199707,40702,40712,10
12.9316396713,80.2320327759,40712,40722,10
12.9326295853,80.2323532104,40722,40732,10
12.9335002899,80.2326965332,40732,40752,20
12.9335002899,80.2326965332,40752,40762,10
12.9337997437,80.2328720093,40762,40772,10
12.9343996048,80.2331466675,40772,40783,11
12.9352798462,80.233543396,40783,40793,10
12.9356803894,80.2337188721,40793,40803,10
12.9356899261,80.2337265015,40803,40813,10
12.9358701706,80.233833313,40813,40823,10
12.9363698959,80.2340698242,40823,40833,10
12.9371099472,80.2344207764,40833,40843,10
12.938079834,80.2348937988,40843,40853,10
12.9391002655,80.2353973389,40853,40864,11
12.9398803711,80.2357406616,40864,40874,10
12.9405202866,80.2359619141,40874,40884,10
12.9414100647,80.2361984253,40884,40894,10
12.9424600601,80.2364807129,40894,40904,10
12.9433898926,80.2370605469,40904,40914,10
12.9440603256,80.2377929688,40914,40924,10
12.9448404312,80.2386169434,40924,40934,10
12.9458303452,80.2393798828,40934,40945,11
12.9470300674,80.2398834229,40945,40955,10
12.9473304749,80.2399978638,40955,40965,10
12.947640419,80.2401275635,40965,40975,10
12.9482402802,80.2403793335,40975,40985,10
12.9487400055,80.2405700684,40985,41005,20
12.9487400055,80.2405700684,41005,41015,10
12.9488697052,80.2406463623,41015,41026,11
12.9492998123,80.2408599854,41026,41036,10
12.949760437,80.2409973145,41036,41046,10
12.9504404068,80.2412109375,41046,41056,10
12.9510097504,80.2413711548,41056,41066,10
12.9510297775,80.2413864136,41066,41076,10
12.9512395859,80.2415390015,41076,41085,9
12.9517498016,80.2417068481,41085,41096,11
12.9523897171,80.2419281006,41096,41107,11
12.9534702301,80.2423477173,41107,41117,10
12.9540901184,80.2425918579,41117,41127,10
12.9547595978,80.2428512573,41127,41137,10
12.955450058,80.2431030273,41137,41147,10
12.9560699463,80.243309021,41147,41157,10
12.9562797546,80.2433776855,41157,41198,41
12.9562797546,80.2433776855,41198,41208,10
12.9566202164,80.2434616089,41208,41218,10
12.9571399689,80.2436981201,41218,41228,10
12.9577999115,80.2440109253,41228,41238,10
12.958439827,80.2443084717,41238,41248,10
12.9586400986,80.2444229126,41248,41258,10
12.9587802887,80.2444992065,41258,41269,11
12.9593000412,80.2447662354,41269,41279,10
12.9600200653,80.2450866699,41279,41289,10
12.9609003067,80.2454605103,41289,41299,10
12.9618396759,80.2458877563,41299,41309,10
12.9629497528,80.2464370728,41309,41339,30
12.9629497528,80.2464370728,41339,41350,11
12.9629802704,80.2464981079,41350,41360,10
12.9633197784,80.2466506958,41360,41370,10
12.9637699127,80.2468490601,41370,41380,10
12.9643697739,80.2470779419,41380,41390,10
12.965089798,80.2473297119,41390,41400,10
12.965880394,80.2476196289,41400,41410,10
12.9667100906,80.2479476929,41410,41430,20
12.9667100906,80.2479476929,41430,41441,11
12.9668397903,80.2480163574,41441,41451,10
12.9672002792,80.2481689453,41451,41461,10
12.9678001404,80.2484512329,41461,41471,10
12.968580246,80.2487792969,41471,41481,10
12.9695396423,80.2491378784,41481,41491,10
12.9704999924,80.2495422363,41491,41501,10
12.971449852,80.2498626709,41501,41511,10
12.9725103378,80.2501373291,41511,41522,11
12.9736404419,80.2504501343,41522,41532,10
12.9747400284,80.2507400513,41532,41542,10
12.9759101868,80.2510528564,41542,41552,10
12.9770097733,80.251373291,41552,41562,10
12.9778995514,80.2518768311,41562,41572,10
12.9784097672,80.2522735596,41572,41582,10
12.9784603119,80.2522964478,41582,41592,10
12.978679657,80.2524414063,41592,41603,11
12.9792604446,80.2525787354,41603,41613,10
12.9795598984,80.2526092529,41613,41663,50
12.9795598984,80.2526092529,41663,41673,10
12.9796495438,80.2526397705,41673,41684,11
12.9801197052,80.2526779175,41684,41694,10
12.9806900024,80.2526397705,41694,41704,10
12.9813899994,80.2526321411,41704,41714,10
12.982219696,80.2526092529,41714,41724,10
12.9831399918,80.2525405884,41724,41734,10
12.9838399887,80.2524032593,41734,41744,10
12.9848003387,80.2522201538,41744,41754,10
12.9856004715,80.2519836426,41754,41765,11
12.9859895706,80.2518310547,41765,41775,10
12.9866199493,80.2516784668,41775,41997,222
12.9866199493,80.2516784668,41997,42008,11
12.9868602753,80.2516098022,42008,42018,10
12.987279892,80.2515029907,42018,42028,10
12.987739563,80.251373291,42028,42038,10
12.9883699417,80.2512283325,42038,42048,10
12.9891500473,80.2509994507,42048,42058,10
12.9894104004,80.2509231567,42058,42068,10
12.9895496368,80.2509078979,42068,42078,10
12.9900503159,80.250793457,42078,42089,11
12.9909095764,80.2506103516,42089,42099,10
12.9918804169,80.2503890991,42099,42109,10
12.9929800034,80.2501068115,42109,42119,10
12.9941797256,80.249786377,42119,42129,10
12.9953699112,80.2494812012,42129,42139,10
12.9964199066,80.2491989136,42139,42149,10
12.9966802597,80.249130249,42149,42159,10
12.9968500137,80.2490997314,42159,42169,10
12.9974098206,80.2489700317,42169,42180,11
12.9982700348,80.2487564087,42180,42190,10
12.9992599487,80.2485198975,42190,42200,10
13.00041008,80.2482299805,42200,42210,10
13.0016202927,80.2479171753,42210,42220,10
13.0025901794,80.2477035522,42220,42230,10
13.0036201477,80.2475128174,42230,42240,10
13.0047702789,80.2473678589,42240,42250,10
13.0058202744,80.2471618652,42250,42261,11
13.0064401627,80.2466430664,42261,42271,10
13.0065097809,80.2464981079,42271,42281,10
13.0066204071,80.2461013794,42281,42291,10
13.0066299438,80.2454910278,42291,42301,10
13.006649971,80.2447814941,42301,42311,10
13.0066404343,80.2440414429,42311,42321,10
13.0066099167,80.2432174683,42321,42331,10
13.0066099167,80.2423171997,42331,42342,11
13.0066204071,80.2412033081,42342,42352,10
13.0066995621,80.2406768799,42352,42362,10
13.0066900253,80.2406005859,42362,42372,10
13.0067195892,80.2403030396,42372,42382,10
13.0068798065,80.2397232056,42382,42392,10
13.0070199966,80.2389297485,42392,42402,10
13.0072002411,80.2381210327,42402,42412,10
13.0073795319,80.2374191284,42412,42423,11
13.0074501038,80.2368011475,42423,42433,10
13.0074701309,80.2367095947,42433,42443,10
13.007519722,80.236541748,42443,42453,10
13.0076503754,80.2359771729,42453,42463,10
13.0077600479,80.2353820801,42463,42473,10
13.0078496933,80.2350006104,42473,42483,10
13.0079603195,80.2343292236,42483,42492,9
13.0081300735,80.233543396,42492,42504,12
13.0083799362,80.2321624756,42504,42514,10
13.008600235,80.2309570313,42514,42524,10
13.0088796616,80.2297592163,42524,42534,10
13.0091295242,80.2285614014,42534,42544,10
13.0095701218,80.2273788452,42544,42554,10
13.0100803375,80.2262573242,42554,42564,10
13.0105895996,80.2252807617,42564,42574,10
13.0109596252,80.2243728638,42574,42585,11
13.0112695694,80.2236022949,42585,42595,10
13.0112495422,80.2235412598,42595,42605,10
13.0111999512,80.2234802246,42605,42615,10
13.0114297867,80.2230377197,42615,42625,10
13.011759758,80.2221832275,42625,42635,10
13.0122404099,80.2215576172,42635,42645,10
13.0124597549,80.2215194702,42645,42655,10
13.012720108,80.2219467163,42655,42666,11
13.0130796432,80.2223968506,42666,42676,10
13.0135803223,80.2229385376,42676,42686,10
13.013999939,80.2234420776,42686,42696,10
13.0145101547,80.2241210938,42696,42706,10
13.0149097443,80.2244873047,42706,42716,10
13.0150203705,80.2246170044,42716,42726,10
13.0151996613,80.2248001099,42726,42736,10
13.0153999329,80.2249908447,42736,42757,21
13.0153999329,80.2249908447,42757,42767,10
13.0154895782,80.2250671387,42767,42777,10
13.0159397125,80.2253570557,42777,42787,10
13.0165500641,80.2253417969,42787,42797,10
13.0172901154,80.2250518799,42797,42807,10
13.0181903839,80.2247009277,42807,42817,10
13.0195798874,80.2244415283,42817,42858,41
13.0197601318,80.2246932983,42858,42888,30
13.0197601318,80.2246932983,42888,42898,10
13.019949913,80.2248764038,42898,42909,11
13.0205001831,80.2252578735,42909,42919,10
13.0211496353,80.225730896,42919,42929,10
13.0219097137,80.2263031006,42929,42939,10
13.0227003098,80.2269515991,42939,42949,10
13.0234003067,80.2275619507,42949,42959,10
13.0239295959,80.2280883789,42959,42969,10
13.0243196487,80.2285003662,42969,42979,10
13.0243797302,80.2286376953,42979,42989,10
13.0242004395,80.2285995483,42989,43000,11
13.0239601135,80.2282562256,43000,43010,10
13.0236701965,80.2279205322,43010,43020,10
13.0233697891,80.2276229858,43020,43030,10
13.023150444,80.2274398804,43030,43415,385
13.023150444,80.2274398804,43415,43425,10
13.0231199265,80.2271881104,43425,43435,10
13.0228204727,80.2269821167,43435,43445,10
13.0226402283,80.2267913818,43445,43455,10
13.0223798752,80.2265472412,43455,43465,10
13.0219402313,80.2261962891,43465,43475,10
13.0214796066,80.2258682251,43475,43486,11
13.0207996368,80.2253570557,43486,43496,10
13.0199403763,80.2247924805,43496,43516,20
13.0199403763,80.2247924805,43516,43526,10
13.0198097229,80.2246780396,43526,43536,10
13.0192699432,80.2244796753,43536,43546,10
13.0184497833,80.2246170044,43546,43556,10
13.0175600052,80.2249832153,43556,43567,11
13.0165500641,80.225402832,43567,43577,10
13.0157699585,80.2256622314,43577,43587,10
13.014960289,80.225982666,43587,43597,10
13.0144195557,80.2262115479,43597,43607,10
13.0144195557,80.2262191772,43607,43617,10
13.014380455,80.2262420654,43617,43627,10
13.0141096115,80.2263412476,43627,43637,10
13.0136699677,80.2265014648,43637,43648,11
13.0131196976,80.2266998291,43648,43658,10
13.0124597549,80.2269515991,43658,43668,10
13.0115098953,80.2273178101,43668,43678,10
13.0104799271,80.2277374268,43678,43688,10
13.0094604492,80.2281570435,43688,43698,10
13.0089902878,80.2290115356,43698,43708,10
13.008769989,80.2301712036,43708,43718,10
13.0085401535,80.231338501,43718,43729,11
13.0082597733,80.2326278687,43729,43739,10
13.0081996918,80.233581543,43739,43749,10
13.0081996918,80.2336273193,43749,43759,10
13.0081100464,80.2338790894,43759,43769,10
13.0079698563,80.2343673706,43769,43779,10
13.0077695847,80.2351226807,43779,43789,10
13.0075302124,80.2360305786,43789,43799,10
13.0073795319,80.2373962402,43799,43810,11
13.0072002411,80.2385635376,43810,43820,10
13.0070295334,80.239112854,43820,43830,10
13.0069503784,80.2393798828,43830,43840,10
13.0068702698,80.2398300171,43840,43880,40
13.0068702698,80.2398300171,43880,43891,11
13.0067901611,80.2403793335,43891,43901,10
13.0067596436,80.2407608032,43901,43911,10
13.006770134,80.2408905029,43911,43921,10
13.0066795349,80.241317749,43921,43931,10
13.0066604614,80.2421264648,43931,43941,10
13.0066204071,80.2428588867,43941,43951,10
13.0065002441,80.2433929443,43951,43961,10
13.0065097809,80.2443313599,43961,43972,11
13.0065803528,80.2451095581,43972,43982,10
13.0066003799,80.2455368042,43982,43992,10
13.0066795349,80.2462768555,43992,44002,10
13.0067100525,80.2466430664,44002,44012,10
13.0067300797,80.2467193604,44012,44022,10
13.0067501068,80.2470016479,44022,44032,10
13.0066099167,80.2473068237,44032,44042,10
13.0062599182,80.2473678589,44042,44053,11
13.006070137,80.2473678589,44053,44063,10
13.0060100555,80.2472991943,44063,44073,10
13.0056400299,80.2472381592,44073,44083,10
13.0051202774,80.247253418,44083,44093,10
13.0043802261,80.2473602295,44093,44103,10
13.0034704208,80.247543335,44103,44113,10
13.0026903152,80.2476806641,44113,44123,10
13.0021495819,80.2478027344,44123,44134,11
13.0012702942,80.2480392456,44134,44144,10
13.0002803802,80.2482833862,44144,44154,10
12.9992599487,80.2485427856,44154,44164,10
12.9983301163,80.2488174438,44164,44174,10
12.9979801178,80.248916626,44174,44184,10
12.9976902008,80.2489624023,44184,44194,10
12.9970903397,80.2490692139,44194,44204,10
12.9962301254,80.2492523193,44204,44214,10
12.9952096939,80.2495193481,44214,44225,11
12.993929863,80.2498931885,44225,44235,10
12.9926795959,80.2501983643,44235,44245,10
12.9915895462,80.25050354,44245,44255,10
12.9910402298,80.2506637573,44255,44265,10
12.9907999039,80.2506790161,44265,44275,10
12.9902296066,80.2507781982,44275,44285,10
12.9893798828,80.2509765625,44285,44295,10
12.9881496429,80.2513122559,44295,44549,254
12.9881496429,80.2513122559,44549,44559,10
12.9879999161,80.2513809204,44559,44569,10
12.9876098633,80.2514724731,44569,44579,10
12.9869804382,80.251663208,44579,44589,10
12.986240387,80.2518463135,44589,44599,10
12.9853096008,80.2520675659,44599,44609,10
12.9842195511,80.2523727417,44609,44619,10
12.9830904007,80.2526321411,44619,44630,11
12.9821100235,80.2526931763,44630,44640,10
12.981300354,80.2527008057,44640,44650,10
12.9804601669,80.2527389526,44650,44659,9
12.9797697067,80.252746582,44659,44670,11
12.978969574,80.2526397705,44670,44680,10
12.9785203934,80.2525405884,44680,44690,10
12.978509903,80.252532959,44690,44700,10
12.9781503677,80.2522583008,44700,44711,11
12.9774904251,80.2516708374,44711,44721,10
12.9765501022,80.2512207031,44721,44731,10
12.9754800797,80.2509078979,44731,44741,10
12.9743499756,80.250579834,44741,44751,10
12.9731502533,80.2502288818,44751,44761,10
12.9718904495,80.2498779297,44761,44771,10
12.9706201553,80.2495422363,44771,44781,10
12.9693698883,80.2490768433,44781,44792,11
12.9679899216,80.2485198975,44792,44802,10
12.9669399261,80.2480773926,44802,44812,10
12.9660997391,80.2476882935,44812,44822,10
12.9652204514,80.2473907471,44822,44832,10
12.9649600983,80.2472991943,44832,44842,10
12.964799881,80.2472229004,44842,44852,10
12.9642896652,80.2470169067,44852,44862,10
12.9637002945,80.2468338013,44862,44872,10
12.9630203247,80.2464675903,44872,44883,11
12.9620199203,80.2459793091,44883,44893,10
12.9609298706,80.2454376221,44893,44903,10
12.9598999023,80.245010376,44903,44913,10
12.9594402313,80.2448272705,44913,44923,10
12.9593000412,80.2447662354,44923,44933,10
12.958820343,80.2445526123,44933,44943,10
12.9581203461,80.2442474365,44943,44953,10
12.9575395584,80.2440109253,44953,44964,11
12.9570703506,80.2438430786,44964,44974,10
12.9570598602,80.2438278198,44974,44984,10
12.9569597244,80.2437896729,44984,45024,40
12.9567699432,80.2436676025,45024,45045,21
12.9566802979,80.2436523438,45045,45075,30
12.9566802979,80.2436523438,45075,45085,10
12.9565000534,80.243598938,45085,45095,10
12.9564599991,80.2435913086,45095,45105,10
12.9562902451,80.2435379028,45105,45115,10
12.9557504654,80.2432785034,45115,45126,11
12.9549598694,80.2429199219,45126,45136,10
12.9541597366,80.2425765991,45136,45146,10
12.9533004761,80.2422180176,45146,45156,10
12.9523296356,80.2418365479,45156,45166,10
12.9516897202,80.2416534424,45166,45176,10
12.9516496658,80.241607666,45176,45186,10
12.9512300491,80.2414627075,45186,45196,10
12.9504995346,80.2412109375,45196,45207,11
12.9494895935,80.2409210205,45207,45217,10
12.9488201141,80.2406768799,45217,45227,10
12.9480895996,80.2403793335,45227,45237,10
12.9469003677,80.2399215698,45237,45257,20
12.9469003677,80.2399215698,45257,45267,10
12.9465904236,80.2397689819,45267,45277,10
12.9460000992,80.2395172119,45277,45288,11
12.9451799393,80.2390823364,45288,45298,10
12.9444704056,80.2383575439,45298,45308,10
12.9437503815,80.2375335693,45308,45318,10
12.9428796768,80.2367019653,45318,45328,10
12.9416599274,80.2362289429,45328,45338,10
12.9404096603,80.2359390259,45338,45348,10
12.9398498535,80.2357788086,45348,45358,10
12.9398097992,80.2357406616,45358,45369,11
12.9393501282,80.2355270386,45369,45379,10
12.9386396408,80.2351913452,45379,45389,10
12.9377498627,80.2347412109,45389,45399,10
12.9367198944,80.2342376709,45399,45409,10
12.9358501434,80.2338180542,45409,45419,10
12.9349498749,80.2333984375,45419,45429,10
12.9339799881,80.2329788208,45429,45439,10
12.9337997437,80.2329025269,45439,45450,11
12.9335899353,80.2327880859,45450,45460,10
12.9330301285,80.2325363159,45460,45470,10
12.9322299957,80.2322387695,45470,45480,10
12.9312000275,80.2319030762,45480,45490,10
12.9300498962,80.2315597534,45490,45500,10
12.9291601181,80.231338501,45500,45510,10
12.9288902283,80.231300354,45510,45520,10
12.9284601212,80.2312164307,45520,45530,10
12.9277000427,80.2311325073,45530,45541,11
12.9266395569,80.2310028076,45541,45551,10
12.9259300232,80.2309570313,45551,45561,10
12.925239563,80.2308807373,45561,45571,10
12.9244203568,80.2307891846,45571,45581,10
12.9233999252,80.2306671143,45581,45591,10
12.9222402573,80.2304992676,45591,45601,10
12.9210300446,80.2303237915,45601,45611,10
12.9197502136,80.230178833,45611,45622,11
12.9184398651,80.2299575806,45622,45632,10
12.9172201157,80.2298202515,45632,45642,10
12.9160203934,80.2296524048,45642,45652,10
12.9147500992,80.2294769287,45652,45662,10
12.9132404327,80.2293014526,45662,45682,20
12.9132404327,80.2293014526,45682,45692,10
12.9129400253,80.2291870117,45692,45703,11
12.9121999741,80.2290802002,45703,45713,10
12.9112997055,80.2289733887,45713,45723,10
12.9102201462,80.2288131714,45723,45733,10
12.909040451,80.2286224365,45733,45743,10
12.9079799652,80.2284698486,45743,45753,10
12.907409668,80.2284088135,45753,45773,20
12.907409668,80.2284088135,45773,45784,11
12.90721035,80.2284011841,45784,45794,10
12.9066801071,80.2283477783,45794,45804,10
12.9059801102,80.2282714844,45804,45814,10
12.9054498672,80.2282333374,45814,45824,10
12.9048299789,80.2281570435,45824,45834,10
12.9039897919,80.2281112671,45834,45844,10
12.9029397964,80.2280807495,45844,45854,10
12.9017601013,80.2280197144,45854,45865,11
12.9007396698,80.2279586792,45865,45875,10
12.8999595642,80.2279510498,45875,45885,10
12.8996601105,80.2279281616,45885,45895,10
12.8992795944,80.227897644,45895,45905,10
12.8992300034,80.2278823853,45905,45915,10
12.898900032,80.2278366089,45915,45925,10
12.8982601166,80.2278213501,45925,45935,10
12.8974199295,80.2277832031,45935,45946,11
12.8963098526,80.227722168,45946,45956,10
12.8951396942,80.2276611328,45956,45966,10
12.8938999176,80.2276000977,45966,45976,10
12.8927202225,80.2274475098,45976,45986,10
12.8919401169,80.2274093628,45986,45996,10
12.8909301758,80.2273712158,45996,46006,10
12.8897600174,80.2273712158,46006,46016,10
12.888710022,80.2273788452,46016,46027,11
12.8874998093,80.2272567749,46027,46037,10
12.8863096237,80.2269973755,46037,46047,10
12.8851299286,80.2267608643,46047,46057,10
12.8840904236,80.2266998291,46057,46067,10
12.8831596375,80.2267227173,46067,46077,10
12.882109642,80.2267303467,46077,46087,10
12.8809204102,80.2267379761,46087,46097,10
12.879650116,80.2267608643,46097,46108,11
12.8781995773,80.2268218994,46108,46118,10
12.8770704269,80.2269210815,46118,46128,10
12.8766002655,80.2269821167,46128,46138,10
12.8761901855,80.2269897461,46138,46148,10
12.8755102158,80.2269592285,46148,46158,10
12.8746204376,80.226852417,46158,46168,10
12.8734998703,80.2267227173,46168,46178,10
12.872300148,80.2267074585,46178,46188,10
12.870880127,80.2266387939,46188,46199,11
12.8695802689,80.2265090942,46199,46209,10
12.8682603836,80.2264022827,46209,46219,10
12.8670301437,80.2264785767,46219,46229,10
12.8662595749,80.2265701294,46229,46239,10
12.8654403687,80.2266235352,46239,46249,10
12.8646001816,80.226600647,46249,46259,10
12.8633899689,80.2265396118,46259,46269,10
12.862159729,80.2265777588,46269,46280,11
12.8610897064,80.2266235352,46280,46290,10
12.8609399796,80.226600647,46290,46300,10
12.8604402542,80.2265625,46300,46310,10
12.8596496582,80.2264404297,46310,46320,10
12.8588199615,80.2263412476,46320,46330,10
12.8579797745,80.2262496948,46330,46340,10
12.8569297791,80.22631073,46340,46350,10
12.8557796478,80.2264404297,46350,46361,11
12.8543996811,80.2265777588,46361,46371,10
12.853099823,80.2266998291,46371,46381,10
12.8517398834,80.2266464233,46381,46391,10
12.8504400253,80.2265777588,46391,46401,10
12.8493299484,80.2265625,46401,46411,10
12.8480901718,80.2265777588,46411,46421,10
12.8467798233,80.2265930176,46421,46431,10
12.8458795547,80.2266235352,46431,46442,11
12.8455095291,80.2266082764,46442,46452,10
12.8454504013,80.2266082764,46452,46462,10
12.8450298309,80.226600647,46462,46472,10
12.8444004059,80.2266464233,46472,46482,10
12.8436203003,80.2267303467,46482,46492,10
12.8426399231,80.2269210815,46492,46502,10
12.841460228,80.2271575928,46502,46512,10
12.8403997421,80.2275009155,46512,46523,11
12.8398504257,80.2277374268,46523,46533,10
12.8396396637,80.2277984619,46533,46543,10
12.8393201828,80.2278823853,46543,46553,10
12.838640213,80.2279891968,46553,46563,10
12.8377504349,80.2281723022,46563,46573,10
12.836640358,80.2283477783,46573,46583,10
12.8354196548,80.2285385132,46583,46593,10
12.8341302872,80.2287368774,46593,46604,11
12.8327302933,80.2289886475,46604,46614,10
12.831870079,80.2291717529,46614,46624,10
12.8316497803,80.2291564941,46624,46634,10
12.831489563,80.2285614014,46634,46654,20
12.831489563,80.2285614014,46654,46664,10
12.8314695358,80.2283172607,46664,46674,10
12.8313798904,80.2277984619,46674,46685,11
12.831199646,80.2269363403,46685,46695,10
12.8310604095,80.2259063721,46695,46705,10
12.8310403824,80.2248382568,46705,46715,10
12.8310499191,80.2245178223,46715,46725,10
12.8310699463,80.2238922119,46725,46735,10
12.8310804367,80.2230072021,46735,46745,10
12.8310604095,80.2222595215,46745,46755,10
12.8310699463,80.2220077515,46755,46766,11
12.8311004639,80.2213363647,46766,46776,10
12.8311004639,80.2205123901,46776,46786,10
12.8310699463,80.2197723389,46786,46796,10
12.8309497833,80.2194671631,46796,46806,10
12.8303098679,80.2194519043,46806,46816,10
12.8294200897,80.2194290161,46816,46826,10
12.8283395767,80.2194213867,46826,46836,10
12.8274698257,80.2194595337,46836,46867,31
12.8274698257,80.2194595337,46867,46877,10
12.8272895813,80.2194366455,46877,46887,10
12.8267402649,80.2194595337,46887,46897,10
12.8261003494,80.2194366455,46897,46907,10
12.8257904053,80.2193984985,46907,46916,9
12.8252897263,80.2193832397,46916,46927,11
12.825220108,80.2193984985,46927,46938,11
12.8245601654,80.2193374634,46938,46948,10
12.8237104416,80.2193222046,46948,46958,10
12.8227596283,80.2192764282,46958,46978,20
12.8227596283,80.2192764282,46978,46988,10
12.8224601746,80.219039917,46988,46998,10
12.8224496841,80.2188034058,46998,47008,10
12.8224897385,80.2183990479,47008,47019,11
12.8225498199,80.217590332,47019,47029,10
12.8225803375,80.2166976929,47029,47039,10
12.8226203918,80.2160263062,47039,47049,10
12.8228597641,80.2158584595,47049,47059,10
12.8231897354,80.2159118652,47059,47069,10
12.8238697052,80.2159194946,47069,47079,10
12.8244800568,80.2159423828,47079,47089,10
12.8245801926,80.2159500122,47089,47101,12
12.8250303268,80.2159576416,47101,47293,192
12.8250303268,80.2159576416,47293,47303,10
12.8250999451,80.2160263062,47303,47313,10
12.8255195618,80.2160415649,47313,47333,20
12.8255195618,80.2160415649,47333,47344,11
12.8258104324,80.2160873413,47344,47354,10
12.8258800507,80.2164535522,47354,47367,13
12.8258800507,80.2171783447,47367,47377,10
12.8258495331,80.2178421021,47377,47387,10
12.8258495331,80.2185821533,47387,47397,10
12.8258600235,80.2192001343,47397,47407,10
12.8259096146,80.2193527222,47407,47417,10
12.8263196945,80.2193374634,47417,47428,11
12.8270301819,80.219329834,47428,47438,10
12.8273696899,80.2193374634,47438,47448,10
12.8275699615,80.2193374634,47448,47458,10
12.8276395798,80.2193527222,47458,47468,10
12.8279800415,80.2193832397,47468,47478,10
12.8286600113,80.2193908691,47478,47488,10
12.8295698166,80.2194137573,47488,47498,10
12.8305196762,80.2194137573,47498,47509,11
12.8309202194,80.2194366455,47509,47519,10
12.8311595917,80.2196807861,47519,47529,10
12.8311300278,80.2203598022,47529,47539,10
12.8311004639,80.2210769653,47539,47549,10
12.8310899734,80.2216796875,47549,47559,10
12.8310899734,80.2220916748,47559,47569,10
12.8311004639,80.2225723267,47569,47579,10
12.8311004639,80.2233810425,47579,47590,11
12.8310899734,80.2244033813,47590,47600,10
12.8311004639,80.2247390747,47600,47610,10
12.8310804367,80.2253723145,47610,47620,10
12.8311004639,80.226272583,47620,47630,10
12.8312997818,80.2273788452,47630,47640,10
12.8315401077,80.2284317017,47640,47650,10
12.8316602707,80.2289962769,47650,47660,10
12.8317499161,80.2291412354,47660,47671,11
12.832280159,80.229057312,47671,47681,10
12.8331003189,80.2288970947,47681,47691,10
12.8341398239,80.2287063599,47691,47701,10
12.8352804184,80.2285079956,47701,47711,10
12.836520195,80.2283325195,47711,47721,10
12.8377399445,80.2281265259,47721,47731,10
12.8387098312,80.227897644,47731,47741,10
12.8391504288,80.2277526855,47741,47752,11
12.8393297195,80.2276535034,47752,47762,10
12.8394298553,80.2276000977,47762,47772,10
12.8396596909,80.2275466919,47772,47782,10
12.8400802612,80.2275009155,47782,47792,10
12.8407897949,80.2273483276,47792,47802,10
12.8416996002,80.2270889282,47802,47812,10
12.8427295685,80.2268829346,47812,47822,10
12.8437099457,80.2267227173,47822,47833,11
12.8448200226,80.2265777588,47833,47843,10
12.8452997208,80.2265625,47843,47853,10
12.845459938,80.2265472412,47853,47863,10
12.8459501266,80.2265396118,47863,47873,10
12.8465795517,80.2265167236,47873,47883,10
12.8474702835,80.2265319824,47883,47893,10
12.8485803604,80.2265396118,47893,47903,10
12.8497896194,80.2265396118,47903,47914,11
12.8511800766,80.2265625,47914,47924,10
12.8524599075,80.226600647,47924,47934,10
12.8537998199,80.2265625,47934,47944,10
12.8551797867,80.2264404297,47944,47954,10
12.8565702438,80.2263031006,47954,47964,10
12.8578996658,80.2261734009,47964,47974,10
12.858830452,80.2262115479,47974,47984,10
12.8599596024,80.2263793945,47984,47995,11
12.8613004684,80.2265319824,47995,48005,10
12.8625602722,80.2264633179,48005,48015,10
12.863820076,80.2264709473,48015,48025,10
12.8650302887,80.2265167236,48025,48035,10
12.866109848,80.2265167236,48035,48045,10
12.8673000336,80.2264099121,48045,48055,10
12.8684797287,80.2263336182,48055,48065,10
12.8695802689,80.2264404297,48065,48076,11
12.870929718,80.2265777588,48076,48086,10
12.8720397949,80.2266082764,48086,48096,10
12.872759819,80.2266082764,48096,48106,10
12.8728504181,80.2266082764,48106,48116,10
12.8729000092,80.2266235352,48116,48126,10
12.8733100891,80.2266311646,48126,48136,10
12.8740596771,80.2266769409,48136,48146,10
12.8750400543,80.2268218994,48146,48157,11
12.8761396408,80.2268981934,48157,48167,10
12.876709938,80.226852417,48167,48177,10
12.8768596649,80.226852417,48177,48187,10
12.877409935,80.2268066406,48187,48197,10
12.8782901764,80.2267379761,48197,48207,10
12.8794403076,80.2266693115,48207,48217,10
12.8807001114,80.2266464233,48217,48227,10
12.8820295334,80.2266387939,48227,48237,10
12.8833398819,80.2266311646,48237,48248,11
12.8845396042,80.2266082764,48248,48258,10
12.8852796555,80.2266387939,48258,48268,10
12.8854503632,80.2266693115,48268,48278,10
12.8860397339,80.2268218994,48278,48288,10
12.8869104385,80.2270584106,48288,48298,10
12.8880300522,80.2272415161,48298,48308,10
12.8893098831,80.2273025513,48308,48318,10
12.8906698227,80.2273025513,48318,48329,11
12.8920602798,80.2273025513,48329,48339,10
12.8929195404,80.2273864746,48339,48349,10
12.8940000534,80.2275238037,48349,48359,10
12.8951501846,80.2275924683,48359,48369,10
12.8963003159,80.2276382446,48369,48379,10
12.8975696564,80.2276992798,48379,48389,10
12.8987703323,80.2277679443,48389,48399,10
12.8998699188,80.2278213501,48399,48410,11
12.9006700516,80.2278289795,48410,48480,70
12.9006700516,80.2278289795,48480,48491,11
12.9009599686,80.2278594971,48491,48501,10
12.9014797211,80.2279205322,48501,48511,10
12.9022502899,80.2279586792,48511,48521,10
12.9028596878,80.2279586792,48521,48531,10
12.9029302597,80.2279510498,48531,48541,10
12.903380394,80.2279586792,48541,48551,10
12.9039402008,80.2280197144,48551,48561,10
12.9044904709,80.2280731201,48561,48572,11
12.9052801132,80.2281036377,48572,48582,10
12.9060401917,80.2281417847,48582,48592,10
12.9065999985,80.2281723022,48592,48602,10
12.906920433,80.2282104492,48602,48612,10
12.9070997238,80.2282485962,48612,48622,10
12.9077396393,80.2283401489,48622,48632,10
12.9086503983,80.2285003662,48632,48641,9
12.9096899033,80.2286682129,48641,48653,12
12.9112300873,80.2288970947,48653,48663,10
12.9125499725,80.2291030884,48663,48673,10
12.9136800766,80.2292404175,48673,48683,10
12.9140100479,80.2292785645,48683,48693,10
12.9141397476,80.2293014526,48693,48703,10
12.9146900177,80.2293701172,48703,48713,10
12.9154901505,80.2295074463,48713,48723,10
12.916469574,80.2296524048,48723,48734,11
12.9175796509,80.2298126221,48734,48744,10
12.9187297821,80.2299575806,48744,48754,10
12.9199399948,80.2301177979,48754,48764,10
12.9212303162,80.2302703857,48764,48774,10
12.9225702286,80.23046875,48774,48784,10
12.9239301682,80.2306594849,48784,48794,10
12.9252996445,80.2308273315,48794,48804,10
12.9265604019,80.2309799194,48804,48815,11
12.9279203415,80.2311325073,48815,48825,10
12.9289598465,80.2312927246,48825,48835,10
12.9300098419,80.2315292358,48835,48845,10
12.9310798645,80.2317962646,48845,48855,10
12.9320802689,80.2321395874,48855,48865,10
12.9330997467,80.2324905396,48865,48875,10
12.9336395264,80.232749939,48875,48885,10
12.9336395264,80.2327575684,48885,48896,11
12.9338903427,80.2328796387,48896,48906,10
12.9345397949,80.2331695557,48906,48916,10
12.9353904724,80.2335510254,48916,48926,10
12.9362897873,80.2339935303,48926,48936,10
12.9373397827,80.2344970703,48936,48946,10
12.9384202957,80.2350234985,48946,48956,10
12.9393997192,80.235496521,48956,48966,10
12.9398403168,80.2357177734,48966,48977,11
12.9399700165,80.2358093262,48977,48987,10
12.9404602051,80.2359695435,48987,48997,10
12.9411802292,80.2361373901,48997,49007,10
12.9421396255,80.236366272,49007,49017,10
12.9431400299,80.2368621826,49017,49027,10
12.9440002441,80.2377166748,49027,49037,10
12.9447202682,80.2384796143,49037,49047,10
12.9458503723,80.239402771,49047,49057,10
12.9468898773,80.2398300171,49057,49068,11
12.9474897385,80.2400588989,49068,49078,10
12.9474897385,80.2400665283,49078,49088,10
12.9478197098,80.2402191162,49088,49098,10
12.9483604431,80.2404327393,49098,49108,10
12.948800087,80.2406005859,49108,49118,10
12.9493198395,80.2407989502,49118,49128,10
12.9499197006,80.2410202026,49128,49138,10
12.9510297775,80.2413330078,49138,49159,21
12.9510297775,80.2413330078,49159,49169,10
12.9511995316,80.2414093018,49169,49179,10
12.951499939,80.2415084839,49179,49189,10
12.951789856,80.2416229248,49189,49199,10
12.9524202347,80.2418518066,49199,49209,10
12.9531698227,80.2421417236,49209,49219,10
12.9541196823,80.2425384521,49219,49230,11
12.9549598694,80.2428588867,49230,49240,10
12.9556598663,80.2431030273,49240,49250,10
12.9563102722,80.2433395386,49250,49260,10
12.9563798904,80.2433395386,49260,49270,10
12.9568004608,80.2435073853,49270,49280,10
12.9574804306,80.2438430786,49280,49290,10
12.9580202103,80.2440567017,49290,49300,10
12.9585800171,80.2443084717,49300,49311,11
12.9588499069,80.2444610596,49311,49321,10
12.9591398239,80.2446136475,49321,49331,10
12.9596595764,80.2448806763,49331,49341,10
12.960439682,80.2452087402,49341,49351,10
12.9614400864,80.2456588745,49351,49361,10
12.9624996185,80.2461700439,49361,49371,10
12.9630403519,80.2464294434,49371,49381,10
12.9630498886,80.2464294434,49381,49392,11
12.9631500244,80.2464828491,49392,49402,10
12.9635696411,80.246711731,49402,49412,10
12.9641895294,80.246963501,49412,49422,10
12.9649000168,80.2472229004,49422,49432,10
12.9657096863,80.2475128174,49432,49442,10
12.9665203094,80.2478408813,49442,49452,10
12.9668798447,80.2479782104,49452,49462,10
12.9669399261,80.248008728,49462,49473,11
12.9673700333,80.2482299805,49473,49483,10
12.9680204391,80.2484970093,49483,49493,10
12.9688100815,80.2488174438,49493,49503,10
12.9697504044,80.2491989136,49503,49513,10
12.9708795547,80.2496414185,49513,49523,10
12.972120285,80.2499923706,49523,49533,10
12.9733295441,80.2502975464,49533,49543,10
12.9743995667,80.2506027222,49543,49554,11
12.9757299423,80.2509613037,49554,49564,10
12.9768400192,80.2512588501,49564,49574,10
12.9777002335,80.251701355,49574,49584,10
12.9783802032,80.2522506714,49584,49594,10
12.9786195755,80.2523803711,49594,49604,10
12.9787101746,80.2524185181,49604,49614,10
12.9792203903,80.252571106,49614,49624,10
12.9797201157,80.2526321411,49624,49655,31
12.9797201157,80.2526321411,49655,49665,10
12.9797801971,80.2526473999,49665,49675,10
12.9802103043,80.2526626587,49675,49685,10
12.980919838,80.2526321411,49685,49695,10
12.9817895889,80.2526016235,49695,49705,10
12.9827699661,80.252571106,49705,49716,11
12.984000206,80.2523803711,49716,49726,10
12.9851303101,80.2520370483,49726,49736,10
12.9857902527,80.2518234253,49736,49857,121
12.9857902527,80.2518234253,49857,49867,10
12.9858798981,80.251739502,49867,49878,11
12.9863004684,80.251663208,49878,49888,10
12.9868297577,80.2515335083,49888,49898,10
12.9874000549,80.2513580322,49898,49908,10
12.9879999161,80.2512512207,49908,49918,10
12.9888296127,80.2510375977,49918,49928,10
12.9895095825,80.2508392334,49928,49938,10
12.9895200729,80.2508392334,49938,49948,10
12.9898300171,80.2508087158,49948,49958,10
12.9905004501,80.2506637573,49958,49969,11
12.9914302826,80.2504119873,49969,49979,10
12.9923601151,80.2501907349,49979,49989,10
12.9934101105,80.2499389648,49989,49999,10
12.9945802689,80.2496414185,49999,50009,10
12.9957304001,80.2493362427,50009,50019,10
12.9965000153,80.2491226196,50019,50029,10
12.9967899323,80.2490615845,50029,50039,10
12.9973201752,80.2489395142,50039,50050,11
12.998049736,80.2487487793,50050,50060,10
12.9989595413,80.2485275269,50060,50070,10
13.0,80.2482681274,50070,50080,10
13.0010795593,80.2480010986,50080,50090,10
13.0020399094,80.247756958,50090,50100,10
13.0029296875,80.2475814819,50100,50110,10
13.0039596558,80.2474212646,50110,50120,10
13.0050697327,80.2472763062,50120,50131,11
13.0060796738,80.2469787598,50131,50141,10
13.0065002441,80.2464828491,50141,50151,10
13.0065402985,80.2464065552,50151,50161,10
13.0066099167,80.2459793091,50161,50171,10
13.0066404343,80.2453079224,50171,50181,10
13.0066299438,80.2446594238,50181,50191,10
13.0066299438,80.244178772,50191,50201,10
13.0066204071,80.2436676025,50201,50212,11
13.0066003799,80.243019104,50212,50222,10
13.0065698624,80.2422103882,50222,50232,10
13.0065898895,80.2413635254,50232,50242,10
13.0066795349,80.2404785156,50242,50272,30
13.0066795349,80.2404785156,50272,50282,10
13.0067796707,80.2402420044,50282,50293,11
13.0068998337,80.2396774292,50293,50303,10
13.0070199966,80.2389373779,50303,50313,10
13.0071601868,80.2382507324,50313,50323,10
13.0072698593,80.2377471924,50323,50333,10
13.0074100494,80.2371902466,50333,50343,10
13.0074300766,80.2368011475,50343,50353,10
13.0074300766,80.2367706299,50353,50363,10
13.0074901581,80.2365570068,50363,50374,11
13.0075902939,80.2362365723,50374,50384,10
13.0076704025,80.2358398438,50384,50394,10
13.0077896118,80.2352371216,50394,50404,10
13.0079202652,80.2345504761,50404,50414,10
13.0080900192,80.233757019,50414,50424,10
13.0082702637,80.2328262329,50424,50434,10
13.0084896088,80.2317962646,50434,50444,10
13.0087203979,80.230682373,50444,50455,11
13.0089597702,80.2294006348,50455,50465,10
13.0092000961,80.2283477783,50465,50475,10
13.0095796585,80.2273788452,50475,50485,10
13.0099802017,80.2264709473,50485,50495,10
13.0104198456,80.2256774902,50495,50505,10
13.0108203888,80.2247924805,50505,50515,10
13.0112304688,80.2237091064,50515,50536,21
13.0112304688,80.2237091064,50536,50546,10
13.011300087,80.223449707,50546,50556,10
13.0115499496,80.2229232788,50556,50566,10
13.0118103027,80.2221908569,50566,50576,10
13.0120897293,80.2215423584,50576,50586,10
13.0122804642,80.2214508057,50586,50596,10
13.0124597549,80.2216186523,50596,50606,10
13.0128898621,80.2221679688,50606,50617,11
13.0134801865,80.222869873,50617,50627,10
13.013999939,80.2234725952,50627,50637,10
13.0144996643,80.2239990234,50637,50647,10
13.0150995255,80.2246170044,50647,50657,10
13.0154399872,80.2249221802,50657,50667,10
13.0155096054,80.2250213623,50667,50677,10
13.0158004761,80.2252731323,50677,50687,10
13.0163803101,80.2253265381,50687,50698,11
13.0172300339,80.2250671387,50698,50708,10
13.0181999207,80.2246704102,50708,50718,10
13.0192499161,80.224319458,50718,50728,10
13.0197000504,80.2245025635,50728,50758,30
13.0197000504,80.2245025635,50758,50768,10
13.0198802948,80.2247619629,50768,50779,11
13.0202903748,80.2250518799,50779,50789,10
13.0208396912,80.2254562378,50789,50799,10
13.0214996338,80.2259521484,50799,50809,10
13.022310257,80.2265625,50809,50819,10
13.0231704712,80.2272872925,50819,50829,10
13.0239200592,80.2279281616,50829,50839,10
13.0243997574,80.2284622192,50839,50900,61
13.0243997574,80.2284622192,50900,50910,10
13.0243196487,80.2286376953,50910,50920,10
13.0241098404,80.2283630371,50920,50930,10
13.0236797333,80.2278366089,50930,50940,10
13.0230998993,80.2272567749,50940,50951,11
13.0225696564,80.2267837524,50951,50961,10
13.02202034,80.2262878418,50961,50971,10
13.0215101242,80.2258911133,50971,50981,10
13.0209903717,80.225479126,50981,50991,10
13.0207395554,80.2252883911,50991,51001,10
13.0207004547,80.2252578735,51001,51011,10
13.0203504562,80.2250213623,51011,51021,10
13.019900322,80.2246932983,51021,51032,11
13.019200325,80.2244110107,51032,51042,10
13.0184602737,80.2245635986,51042,51052,10
13.017660141,80.2248916626,51052,51062,10
13.0169200897,80.2251968384,51062,51072,10
13.0165100098,80.2253723145,51072,51082,10
13.0163002014,80.225479126,51082,51092,10
13.0158195496,80.2256088257,51092,51102,10
13.0153398514,80.2258224487,51102,51113,11
13.0149497986,80.2259216309,51113,51123,10
13.0146903992,80.2260284424,51123,51133,10
13.0146598816,80.2260284424,51133,51143,10
13.0144195557,80.2260971069,51143,51153,10
13.0143098831,80.2261581421,51153,51163,10
13.0142002106,80.2259521484,51163,51173,10
13.0141000748,80.2254867554,51173,51295,122
13.0141801834,80.2251586914,51295,51315,20
13.0141801834,80.2251586914,51315,51325,10
13.0143299103,80.2253036499,51325,51376,51
13.0143299103,80.2253036499,51376,51386,10
13.0144500732,80.2255172729,51386,51396,10
13.0145797729,80.225227356,51396,51852,456
13.0145797729,80.225227356,51852,51862,10
13.0145998001,80.2253036499,51862,51872,10
13.0145597458,80.2255783081,51872,53696,1824
13.0145597458,80.2255783081,53696,53707,11
13.0144996643,80.2258377075,53707,53717,10
13.0142097473,80.2259979248,53717,53727,10
13.0141897202,80.22605896,53727,53737,10
13.0141201019,80.2262878418,53737,53747,10
13.0136899948,80.2264785767,53747,53757,10
13.0132598877,80.2266616821,53757,53767,10
13.012550354,80.2269363403,53767,53777,10
13.0117502213,80.2272415161,53777,53788,11
13.0107803345,80.2276229858,53788,53798,10
13.010020256,80.227897644,53798,53808,10
13.0095100403,80.2277526855,53808,53818,10
13.0096597672,80.2273330688,53818,53828,10
13.009929657,80.2267303467,53828,53838,10
13.010219574,80.2260818481,53838,53848,10
13.0104799271,80.2255630493,53848,53858,10
13.0106601715,80.2250900269,53858,53869,11
13.0108299255,80.2247085571,53869,53879,10
13.0111398697,80.2241363525,53879,53889,10
13.0114498138,80.2232513428,53889,53899,10
13.0118398666,80.2221984863,53899,53909,10
13.012260437,80.2215270996,53909,53919,10
13.0124998093,80.2217102051,53919,53929,10
13.012720108,80.2220611572,53929,53939,10
13.0131101608,80.2224197388,53939,53950,11
13.013589859,80.2230072021,53950,53960,10
13.013999939,80.2234802246,53960,53970,10
13.0144701004,80.2239685059,53970,53980,10
13.0149097443,80.2245025635,53980,53990,10
13.0150899887,80.224647522,53990,54000,10
13.0154800415,80.2250595093,54000,54010,10
13.0161504745,80.2253265381,54010,54020,10
13.0168104172,80.2251586914,54020,54031,11
13.0176696777,80.2248306274,54031,54041,10
13.0183296204,80.224571228,54041,54051,10
13.0190200806,80.2243423462,54051,54061,10
13.0195703506,80.2244415283,54061,54071,10
13.0198802948,80.2246398926,54071,54081,10
13.0203199387,80.2249679565,54081,54091,10
13.0207700729,80.2252807617,54091,54101,10
13.0212001801,80.2256393433,54101,54112,11
13.0217399597,80.2260513306,54112,54122,10
13.0222101212,80.2264480591,54122,54132,10
13.0228004456,80.2269592285,54132,54142,10
13.0233602524,80.2274703979,54142,54152,10
13.0238895416,80.2279510498,54152,54162,10
13.0241603851,80.2282104492,54162,54172,10
13.0241603851,80.2282180786,54172,54182,10
13.0242004395,80.2283401489,54182,54192,10
13.0243396759,80.2284622192,54192,54203,11
13.0242099762,80.2286224365,54203,54213,10
13.0241298676,80.2285308838,54213,54223,10
13.0239896774,80.2283325195,54223,54233,10
13.023730278,80.2279815674,54233,54243,10
13.0234603882,80.2276763916,54243,54253,10
13.0232801437,80.2274780273,54253,54263,10
13.0229797363,80.2271881104,54263,54557,294
13.0229301453,80.2268600464,54557,54597,40
13.0229301453,80.2268600464,54597,54608,11
13.0228395462,80.226852417,54608,54618,10
13.0225896835,80.2266082764,54618,54628,10
13.0220298767,80.2261581421,54628,54638,10
13.0213603973,80.2256469727,54638,54648,10
13.0211696625,80.2255096436,54648,54658,10
13.0208501816,80.2252502441,54658,54668,10
13.0206203461,80.2251281738,54668,54678,10
13.0202703476,80.2249298096,54678,54689,11
13.0197601318,80.2245864868,54689,54699,10
13.0190601349,80.2243804932,54699,54709,10
13.018239975,80.2246170044,54709,54719,10
13.0174198151,80.2249679565,54719,54729,10
13.0167503357,80.2252731323,54729,54739,10
13.0165195465,80.2253570557,54739,54749,10
13.0163497925,80.2254333496,54749,54759,10
13.0159301758,80.2255935669,54759,54770,11
13.0153503418,80.2257995605,54770,54780,10
13.0147695541,80.2259979248,54780,54790,10
13.0143404007,80.2261581421,54790,54800,10
13.0140695572,80.2262878418,54800,54810,10
13.0137300491,80.2264175415,54810,54820,10
13.0130901337,80.2266693115,54820,54830,10
13.0122995377,80.2269668579,54830,54840,10
13.0114603043,80.2273330688,54840,54851,11
13.0104799271,80.2277069092,54851,54861,10
13.0095300674,80.2281265259,54861,54871,10
13.0089998245,80.2291412354,54871,54881,10
13.0087499619,80.2304611206,54881,54891,10
13.0084896088,80.2318191528,54891,54901,10
13.0082902908,80.2329788208,54901,54911,10
13.0081796646,80.2337265015,54911,54921,10
13.0081195831,80.2339172363,54921,54932,11
13.0079803467,80.2345733643,54932,54942,10
13.0077800751,80.235458374,54942,54952,10
13.0075902939,80.2364120483,54952,54962,10
13.0074195862,80.2373580933,54962,54972,10
13.0072202682,80.2384033203,54972,54982,10
13.0070495605,80.2392501831,54982,54992,10
13.0069103241,80.239982605,54992,55002,10
13.0069198608,80.2401504517,55002,55013,11
13.0068397522,80.2406387329,55013,55023,10
13.0068101883,80.2407913208,55023,55033,10
13.0067300797,80.2412796021,55033,55043,10
13.0066900253,80.2421798706,55043,55053,10
13.0066900253,80.2432403564,55053,55063,10
13.0066604614,80.2439880371,55063,55073,10
13.0066099167,80.2448730469,55073,55083,10
13.0066795349,80.2459335327,55083,55093,10
13.0067100525,80.2465209961,55093,55104,11
13.0067396164,80.2470169067,55104,55114,10
13.006649971,80.2473220825,55114,55124,10
13.0062198639,80.2473373413,55124,55134,10
13.0054197311,80.2473068237,55134,55144,10
13.0043201447,80.2473831177,55144,55154,10
13.0030603409,80.2475662231,55154,55164,10
13.0021800995,80.2477493286,55164,55174,10
13.0014200211,80.2479400635,55174,55185,11
12.9999103546,80.2483291626,55185,55195,10
12.9986095428,80.2486419678,55195,55205,10
12.9972801208,80.2489776611,55205,55215,10
12.9959201813,80.2493133545,55215,55225,10
12.9945497513,80.249671936,55225,55235,10
12.9931898117,80.2500305176,55235,55245,10
12.9918498993,80.2503585815,55245,55255,10
12.9910001755,80.2506027222,55255,55266,11
12.9908704758,80.2506103516,55266,55276,10
12.99036026,80.2507400513,55276,55286,10
12.9900102615,80.2508010864,55286,55296,10
12.9894104004,80.2509384155,55296,55306,10
12.9888496399,80.251121521,55306,55316,10
12.9885501862,80.2512207031,55316,55448,132
12.9885501862,80.2512207031,55448,55458,10
12.9882297516,80.2513122559,55458,55468,10
12.9876804352,80.2514419556,55468,55478,10
12.987039566,80.2516174316,55478,55488,10
12.9868001938,80.251701355,55488,55498,10
12.9865398407,80.2517776489,55498,55509,11
12.9861097336,80.2518768311,55509,55519,10
12.9853401184,80.2520828247,55519,55529,10
12.9842700958,80.2523574829,55529,55539,10
12.9830598831,80.2526168823,55539,55549,10
12.9817304611,80.2526931763,55549,55559,10
12.9804096222,80.252746582,55559,55568,9
12.9793195724,80.2526779175,55568,55579,11
12.978509903,80.2525405884,55579,55590,11
12.9783000946,80.2523880005,55590,55600,10
12.9777603149,80.2519302368,55600,55610,10
12.9768800735,80.2513504028,55610,55620,10
12.975689888,80.2509689331,55620,55630,10
12.9744100571,80.2506103516,55630,55640,10
12.9730796814,80.2502365112,55640,55650,10
12.9717197418,80.2498779297,55650,55660,10
12.9703598022,80.2494888306,55660,55671,11
12.9688997269,80.2489089966,55671,55681,10
12.9676103592,80.2483901978,55681,55691,10
12.9667396545,80.2479782104,55691,55701,10
12.9659404755,80.2476272583,55701,55711,10
12.9653997421,80.2474365234,55711,55721,10
12.9650497437,80.2473373413,55721,55731,10
12.9647397995,80.2472305298,55731,55741,10
12.9641199112,80.2470016479,55741,55752,11
12.963139534,80.2465591431,55752,55762,10
12.9619998932,80.2459869385,55762,55772,10
12.9608001709,80.2454071045,55772,55782,10
12.959690094,80.2449111938,55782,55792,10
12.9586801529,80.2444534302,55792,55802,10
12.9577999115,80.2441101074,55802,55812,10
12.956990242,80.2438201904,55812,55853,41
12.956990242,80.2438201904,55853,55863,10
12.956870079,80.2437820435,55863,55873,10
12.9567899704,80.2437591553,55873,55883,10
12.9566898346,80.2437286377,55883,55893,10
12.9564399719,80.243637085,55893,55924,31
12.9564399719,80.243637085,55924,55934,10
12.9560899734,80.2434997559,55934,55944,10
12.9554901123,80.2432022095,55944,55954,10
12.9546403885,80.2427978516,55954,55964,10
12.9535303116,80.2423400879,55964,55974,10
12.9523696899,80.2418670654,55974,55984,10
12.9516601563,80.2416534424,55984,55994,10
12.9512796402,80.2415008545,55994,56005,11
12.9504699707,80.2412185669,56005,56015,10
12.9496002197,80.2409210205,56015,56025,10
12.9490995407,80.2407684326,56025,56035,10
12.9488201141,80.2406768799,56035,56045,10
12.9481801987,80.2404022217,56045,56055,10
12.9472999573,80.2400436401,56055,56065,10
12.9465398788,80.2397384644,56065,56075,10
12.9457397461,80.239402771,56075,56086,11
12.9448404312,80.2387313843,56086,56096,10
12.9440803528,80.2378921509,56096,56106,10
12.9432497025,80.2370071411,56106,56116,10
12.9421796799,80.2363891602,56116,56126,10
12.9409198761,80.2360687256,56126,56136,10
12.9396295547,80.2356796265,56136,56146,10
12.9383802414,80.2350769043,56146,56156,10
12.9371099472,80.2344512939,56156,56167,11
12.9360198975,80.2339401245,56167,56177,10
12.9357995987,80.2338562012,56177,56187,10
12.9355096817,80.2337188721,56187,56196,9
12.934800148,80.2333908081,56196,56207,11
12.9339399338,80.2330169678,56207,56217,10
12.9339103699,80.233001709,56217,56227,10
12.9335002899,80.2327804565,56227,56237,10
12.9327402115,80.2324295044,56237,56248,11
12.9315700531,80.2320404053,56248,56258,10
12.9302997589,80.2316436768,56258,56268,10
12.9289798737,80.2313766479,56268,56278,10
12.9276103973,80.2311630249,56278,56288,10
12.9262199402,80.2309875488,56288,56298,10
12.9249801636,80.2308578491,56298,56308,10
12.9236803055,80.2306976318,56308,56318,10
12.9223203659,80.2304992676,56318,56329,11
12.9207000732,80.2302398682,56329,56339,10
12.9192800522,80.2300796509,56339,56349,10
12.9180002213,80.229927063,56349,56359,10
12.916560173,80.2297210693,56359,56369,10
12.9151096344,80.2294998169,56369,56379,10
12.9137601852,80.2293319702,56379,56389,10
12.9131298065,80.2292633057,56389,56399,10
12.9128303528,80.2292098999,56399,56410,11
12.9120597839,80.2291030884,56410,56420,10
12.9110498428,80.2289581299,56420,56430,10
12.9098396301,80.228767395,56430,56440,10
12.9085597992,80.228553772,56440,56450,10
12.907119751,80.2283477783,56450,56501,51
12.907119751,80.2283477783,56501,56511,10
12.9067802429,80.2283172607,56511,56521,10
12.9062004089,80.2282791138,56521,56531,10
12.9061203003,80.2282714844,56531,56541,10
12.9056396484,80.2282485962,56541,56551,10
12.9047803879,80.2282028198,56551,56561,10
12.9036302567,80.2281417847,56561,56571,10
12.9024000168,80.2280731201,56571,56582,11
12.9015598297,80.2280197144,56582,56612,30
12.9015598297,80.2280197144,56612,56622,10
12.9014797211,80.2279815674,56622,56632,10
12.9011001587,80.2279205322,56632,56642,10
12.9004602432,80.2278823853,56642,56652,10
12.8997402191,80.2278671265,56652,56663,11
12.899600029,80.2278671265,56663,56673,10
12.8993797302,80.2278213501,56673,56683,10
12.8987598419,80.2277908325,56683,56693,10
12.8978595734,80.2277526855,56693,56703,10
12.8966999054,80.2276916504,56703,56713,10
12.8954200745,80.2276535034,56713,56723,10
12.8940696716,80.2275924683,56723,56733,10
12.892829895,80.2274398804,56733,56744,11
12.891869545,80.2273712158,56744,56754,10
12.8907403946,80.2273635864,56754,56764,10
12.8895797729,80.2273635864,56764,56774,10
12.8888397217,80.2273788452,56774,56784,10
12.8880596161,80.2273406982,56784,56794,10
12.8870000839,80.2271881104,56794,56804,10
12.8857898712,80.2269210815,56804,56814,10
12.8847703934,80.2267303467,56814,56825,11
12.883480072,80.2267303467,56825,56835,10
12.8821697235,80.2267532349,56835,56845,10
12.8808002472,80.2267684937,56845,56855,10
12.8795003891,80.2267684937,56855,56865,10
12.8783102036,80.2268371582,56865,56875,10
12.877240181,80.2269287109,56875,56885,10
12.876830101,80.2269821167,56885,56895,10
12.876709938,80.2269973755,56895,56906,11
12.8763904572,80.2270126343,56906,56916,10
12.8759803772,80.2269897461,56916,56926,10
12.8752298355,80.2269515991,56926,56936,10
12.8741798401,80.2268218994,56936,56946,10
12.8730201721,80.2267227173,56946,56956,10
12.8719501495,80.2266998291,56956,56966,10
12.8706998825,80.2266464233,56966,56976,10
12.8693799973,80.2265090942,56976,56987,11
12.8678798676,80.2264175415,56987,56997,10
12.8667001724,80.2265396118,56997,57007,10
12.8654899597,80.2266082764,57007,57017,10
12.8641901016,80.2265625,57017,57027,10
12.862830162,80.2265090942,57027,57037,10
12.8615503311,80.2265777588,57037,57047,10
12.8602895737,80.2265090942,57047,57057,10
12.8589696884,80.2263412476,57057,57067,10
12.8577699661,80.2262268066,57067,57078,11
12.8564596176,80.2263793945,57078,57088,10
12.8551502228,80.2265167236,57088,57098,10
12.8538198471,80.2266311646,57098,57108,10
12.8524398804,80.2266769409,57108,57118,10
12.8510103226,80.2266235352,57118,57128,10
12.8495702744,80.226600647,57128,57138,10
12.84815979,80.2266082764,57138,57148,10
12.8467798233,80.2266235352,57148,57159,11
12.8458003998,80.2266311646,57159,57169,10
12.8453102112,80.2266387939,57169,57179,10
12.8452196121,80.2266387939,57179,57189,10
12.8447303772,80.2266693115,57189,57199,10
12.8439397812,80.2267532349,57199,57209,10
12.8428602219,80.2269210815,57209,57219,10
12.8416099548,80.2272033691,57219,57229,10
12.8404197693,80.2275238037,57229,57240,11
12.8397397995,80.2277984619,57240,57270,30
12.8397397995,80.2277984619,57270,57280,10
12.8396196365,80.2278366089,57280,57290,10
12.8391799927,80.2279205322,57290,57300,10
12.8383998871,80.2280807495,57300,57310,10
12.8373403549,80.2282867432,57310,57321,11
12.8359804153,80.2284927368,57321,57331,10
12.8346395493,80.2286834717,57331,57341,10
12.8332796097,80.2289199829,57341,57351,10
12.8319597244,80.2291793823,57351,57361,10
12.8315296173,80.2289428711,57361,57371,10
12.8315401077,80.2289199829,57371,57381,10
12.831489563,80.2285995483,57381,57391,10
12.8313503265,80.2279434204,57391,57402,11
12.8311796188,80.2269592285,57402,57412,10
12.8310403824,80.2258987427,57412,57422,10
12.8310403824,80.224822998,57422,57432,10
12.8310403824,80.2244720459,57432,57442,10
12.8310403824,80.2239303589,57442,57452,10
12.8310403824,80.2235794067,57452,57462,10
12.8310499191,80.2229003906,57462,57472,10
12.8310499191,80.2222213745,57472,57483,11
12.8310403824,80.2218017578,57483,57493,10
12.8310604095,80.2210769653,57493,57503,10
12.8310604095,80.2201004028,57503,57513,10
12.8310699463,80.2195968628,57513,57523,10
12.8305702209,80.2194366455,57523,57533,10
12.8296899796,80.2194519043,57533,57543,10
12.8285198212,80.2194595337,57543,57553,10
12.8276596069,80.2194824219,57553,57564,11
12.8275899887,80.2194595337,57564,57574,10
12.8273000717,80.2194519043,57574,57584,10
12.8266096115,80.2194366455,57584,57594,10
12.8260402679,80.2194290161,57594,57604,10
12.8258304596,80.2192382813,57604,57614,10
12.8258495331,80.219078064,57614,57624,10
12.8258600235,80.218460083,57624,57634,10
12.8258600235,80.2175064087,57634,57645,11
12.8258600235,80.216217041,57645,57655,10
12.8255596161,80.2160110474,57655,57664,9
12.8250703812,80.216003418,57664,57673,9
12.8247203827,80.2159576416,57673,57827,154
12.8247203827,80.2159576416,57827,57837,10
12.8244695663,80.2160110474,57837,57847,10
12.8241100311,80.2160186768,57847,57857,10
12.8237800598,80.216003418,57857,57867,10
12.823390007,80.2159881592,57867,57877,10
12.8228702545,80.2159881592,57877,57887,10
12.8226604462,80.2161331177,57887,57898,11
12.8226699829,80.2168731689,57898,57908,10
12.8226804733,80.2175827026,57908,57918,10
12.8227396011,80.2188415527,57918,57928,10
12.8227100372,80.2192611694,57928,57937,9
12.8227596283,80.2193908691,57937,57948,11
12.823220253,80.2194671631,57948,57958,10
12.8239603043,80.2194519043,57958,57968,10
12.8249502182,80.2194366455,57968,57979,11
12.8254203796,80.2193984985,57979,57989,10
12.8255195618,80.2193832397,57989,57999,10
12.8255596161,80.2194137573,57999,58009,10
12.8260002136,80.2194595337,58009,58019,10
12.8271999359,80.2194595337,58019,58100,81
12.8271999359,80.2194595337,58100,58110,10
12.8272600174,80.2194366455,58110,58120,10
12.8276395798,80.2194290161,58120,58151,31
12.8276395798,80.2194290161,58151,58161,10
12.8280200958,80.2194595337,58161,58171,10
12.8285903931,80.2194595337,58171,58181,10
12.829369545,80.2194671631,58181,58191,10
12.8302402496,80.2194824219,58191,58201,10
12.8308401108,80.2194976807,58201,58211,10
12.8310804367,80.2196121216,58211,58222,11
12.8311700821,80.2201080322,58222,58232,10
12.8311300278,80.2208633423,58232,58242,10
12.8311195374,80.2217407227,58242,58252,10
12.8311195374,80.2221603394,58252,58262,10
12.8311195374,80.2225189209,58262,58272,10
12.8311100006,80.2232131958,58272,58282,10
12.8311100006,80.2240829468,58282,58292,10
12.8311004639,80.2246398926,58292,58303,11
12.8311004639,80.2250137329,58303,58313,10
12.8311100006,80.2256317139,58313,58323,10
12.8311500549,80.2263565063,58323,58333,10
12.8312797546,80.2269592285,58333,58343,10
12.8313903809,80.2274627686,58343,58353,10
12.8314800262,80.2278823853,58353,58363,10
12.8315601349,80.2282562256,58363,58373,10
12.831609726,80.228553772,58373,58384,11
12.8316898346,80.2289428711,58384,58394,10
12.8317604065,80.2291412354,58394,58404,10
12.8318796158,80.2291793823,58404,58414,10
12.8323202133,80.2290802002,58414,58424,10
12.8330602646,80.2289581299,58424,58434,10
12.8340196609,80.2287902832,58434,58444,10
12.8351602554,80.2285995483,58444,58454,10
12.8363800049,80.2284088135,58454,58465,11
12.8377399445,80.2282028198,58465,58485,20
12.8379497528,80.2281799316,58485,58505,20
12.8379497528,80.2281799316,58505,58515,10
12.8380899429,80.2281723022,58515,58525,10
12.8383102417,80.2281036377,58525,58556,31
12.8383102417,80.2281036377,58556,58566,10
12.8385896683,80.2280426025,58566,58596,30
12.8388299942,80.2279510498,58596,58616,20
12.8389902115,80.2279281616,58616,58677,61
12.8389902115,80.2279281616,58677,58687,10
12.8393697739,80.2278137207,58687,58728,41
12.8393697739,80.2278137207,58728,58738,10
12.8398599625,80.2276535034,58738,58748,10
12.8403501511,80.2275238037,58748,58758,10
12.8409204483,80.2273635864,58758,58768,10
12.8417301178,80.2271575928,58768,58778,10
12.8427495956,80.2269515991,58778,58788,10
12.843919754,80.2267379761,58788,58799,11
12.8451499939,80.2266082764,58799,58809,10
12.8455295563,80.2265701294,58809,58819,10
12.8456296921,80.2265777588,58819,58829,10
12.8460798264,80.2265777588,58829,58839,10
12.8468599319,80.2265701294,58839,58849,10
12.8478298187,80.2265777588,58849,58859,10
12.8489599228,80.2265777588,58859,58869,10
12.8499898911,80.2265701294,58869,58880,11
12.8501701355,80.2265625,58880,58890,10
12.8504896164,80.2265777588,58890,58900,10
12.8511400223,80.2266082764,58900,58910,10
12.8520002365,80.2266387939,58910,58920,10
12.853099823,80.2266921997,58920,58930,10
12.8543195724,80.2265930176,58930,58940,10
12.8556003571,80.2264633179,58940,58950,10
12.8568496704,80.2263183594,58950,58961,11
12.8577804565,80.2262268066,58961,58971,10
12.858039856,80.2262191772,58971,58981,10
12.8582897186,80.2262268066,58981,58991,10
12.8588399887,80.2262573242,58991,59001,10
12.8596601486,80.2263717651,59001,59011,10
12.8606500626,80.2265319824,59011,59021,10
12.8608598709,80.2265777588,59021,59031,10
12.8611097336,80.2265777588,59031,59042,11
12.8618497849,80.2265625,59042,59052,10
12.8627195358,80.2265167236,59052,59062,10
12.8637695313,80.2265167236,59062,59072,10
12.8650102615,80.2265625,59072,59082,10
12.8663301468,80.2265472412,59082,59092,10
12.8676700592,80.2264404297,59092,59102,10
12.869020462,80.2264328003,59102,59112,10
12.8703804016,80.2265930176,59112,59123,11
12.8717699051,80.2266693115,59123,59133,10
12.872590065,80.2266464233,59133,59143,10
12.8727998734,80.2266616821,59143,59153,10
12.8729000092,80.2266921997,59153,59163,10
12.8733797073,80.2266998291,59163,59173,10
12.8741102219,80.2267608643,59173,59183,10
12.8750095367,80.2268676758,59183,59193,10
12.8758802414,80.2269363403,59193,59204,11
12.8761901855,80.2269363403,59204,59214,10
12.8764400482,80.2269134521,59214,59224,10
12.8765096664,80.2269134521,59224,59234,10
12.8768901825,80.2268981934,59234,59244,10
12.8771400452,80.226890564,59244,59254,10
12.8773603439,80.2268600464,59254,59264,10
12.8779602051,80.2268218994,59264,59274,10
12.8787603378,80.2267608643,59274,59284,10
12.8798999786,80.2267227173,59284,59295,11
12.8810997009,80.2266998291,59295,59305,10
12.8823699951,80.2266998291,59305,59315,10
12.8836803436,80.2266693115,59315,59325,10
12.8848800659,80.2266464233,59325,59335,10
12.8858203888,80.2267990112,59335,59345,10
12.8858203888,80.2267990112,59345,59355,10
12.8865404129,80.2269821167,59355,59365,10
12.8874597549,80.2272033691,59365,59376,11
12.8887300491,80.2273330688,59376,59386,10
12.8899803162,80.2273483276,59386,59396,10
12.8913002014,80.2273406982,59396,59407,11
12.8925600052,80.2273788452,59407,59417,10
12.8938798904,80.2275390625,59417,59427,10
12.8951196671,80.2276229858,59427,59437,10
12.8963899612,80.2276916504,59437,59447,10
12.8974895477,80.2277526855,59447,59458,11
12.8986997604,80.2278213501,59458,59478,20
12.8986997604,80.2278213501,59478,59488,10
12.8988599777,80.2278213501,59488,59498,10
12.8993902206,80.2278671265,59498,59508,10
12.9001398087,80.227897644,59508,59518,10
12.9005699158,80.227897644,59518,59589,71
12.9005699158,80.227897644,59589,59599,10
12.9006500244,80.2279281616,59599,59609,10
12.9008798599,80.2279281616,59609,59620,11
12.9013004303,80.2279815674,59620,59630,10
12.9019498825,80.2279891968,59630,59640,10
12.9026002884,80.2280426025,59640,59650,10
12.9027004242,80.2280273438,59650,59660,10
12.9030799866,80.2280502319,59660,59670,10
12.9037799835,80.2280807495,59670,59680,10
12.9045000076,80.2281112671,59680,59690,10
12.9047002792,80.2281188965,59690,59701,11
12.90487957,80.2281265259,59701,59721,20
12.90487957,80.2281265259,59721,59731,10
12.9052400589,80.2281417847,59731,59741,10
12.9055595398,80.2281494141,59741,59751,10
12.9057598114,80.2281723022,59751,59761,10
12.9060001373,80.2281799316,59761,59771,10
12.9063196182,80.2282028198,59771,59782,11
12.9068202972,80.2282562256,59782,59792,10
12.9073696136,80.228302002,59792,59802,10
12.9082098007,80.2284393311,59802,59812,10
12.9092998505,80.2286224365,59812,59822,10
12.9105501175,80.2288284302,59822,59832,10
12.9118795395,80.2290267944,59832,59842,10
12.9130897522,80.2292098999,59842,59852,10
12.9138402939,80.2293014526,59852,59863,11
12.9138898849,80.229309082,59863,59873,10
12.9141998291,80.2293395996,59873,59883,10
12.9148702621,80.2294311523,59883,59893,10
12.9156999588,80.2295684814,59893,59903,10
12.916680336,80.2297210693,59903,59913,10
12.9169998169,80.2297592163,59913,59923,10
12.9170703888,80.2297592163,59923,59933,10
12.9174900055,80.2298126221,59933,59944,11
12.9183101654,80.2299118042,59944,59954,10
12.9191904068,80.2300262451,59954,59964,10
12.9201898575,80.2301483154,59964,59974,10
12.9213695526,80.2302932739,59974,59984,10
12.9226303101,80.2304763794,59984,59994,10
12.9236402512,80.2306289673,59994,60004,10
12.9245700836,80.2307434082,60004,60014,10
12.925450325,80.2308578491,60014,60024,10
12.9261302948,80.2309494019,60024,60035,11
12.926440239,80.23097229,60035,60045,10
12.9264802933,80.2309799194,60045,60055,10
12.9268598557,80.2310333252,60055,60065,10
12.9275197983,80.2311019897,60065,60075,10
12.9280996323,80.2311477661,60075,60085,10
12.9282598495,80.2311935425,60085,60095,10
12.9286499023,80.2312469482,60095,60105,10
12.929189682,80.2313919067,60105,60116,11
12.9300699234,80.231590271,60116,60126,10
12.9310598373,80.2318725586,60126,60136,10
12.9321699142,80.2322463989,60136,60146,10
12.9331502914,80.2325897217,60146,60156,10
12.9336795807,80.2328186035,60156,60166,10
12.9337301254,80.2328414917,60166,60176,10
12.9340696335,80.2330169678,60176,60186,10
12.9347600937,80.2333221436,60186,60197,11
12.9354295731,80.2335968018,60197,60207,10
12.935839653,80.2338027954,60207,60217,10
12.9364500046,80.2340927124,60217,60227,10
12.9372301102,80.2344818115,60227,60237,10
12.9382400513,80.2349700928,60237,60247,10
12.9392004013,80.2354507446,60247,60257,10
12.9398097992,80.2357406616,60257,60267,10
12.9398202896,80.2357406616,60267,60278,11
12.9401102066,80.2358627319,60278,60288,10
12.9407596588,80.2360610962,60288,60298,10
12.9415998459,80.2362594604,60298,60308,10
12.9426298141,80.2365722656,60308,60318,10
12.943570137,80.2372512817,60318,60328,10
12.9443302155,80.2380828857,60328,60338,10
12.9450302124,80.238822937,60338,60348,10
12.945810318,80.2394104004,60348,60359,11
12.9467802048,80.2397994995,60359,60369,10
12.9472198486,80.2399902344,60369,60379,10
12.9472999573,80.240020752,60379,60389,10
12.947429657,80.2400665283,60389,60399,10
12.947810173,80.2402191162,60399,60409,10
12.9484996796,80.2404937744,60409,60429,20
12.9484996796,80.2404937744,60429,60440,11
12.9486103058,80.2405471802,60440,60450,10
12.9489898682,80.2407226563,60450,60460,10
12.9495601654,80.2409286499,60460,60470,10
12.9503202438,80.2411499023,60470,60480,10
12.9508600235,80.2413024902,60480,60490,10
12.9510097504,80.2413635254,60490,60500,10
12.9511203766,80.2414169312,60500,60510,10
12.9515600204,80.2415771484,60510,60521,11
12.9522104263,80.2418212891,60521,60531,10
12.9529600143,80.2421112061,60531,60541,10
12.9538602829,80.2424468994,60541,60551,10
12.9547595978,80.2428131104,60551,60561,10
12.955329895,80.243019104,60561,60571,10
12.9563798904,80.243347168,60571,60591,20
12.9563798904,80.243347168,60591,60602,11
12.956609726,80.2434692383,60602,60612,10
12.9571695328,80.2437362671,60612,60622,10
12.9579200745,80.2440872192,60622,60632,10
12.9583997726,80.2443237305,60632,60642,10
12.9589004517,80.2444992065,60642,60652,10
12.9590501785,80.2445831299,60652,60662,10
12.9594402313,80.244758606,60662,60672,10
12.960100174,80.2450637817,60672,60682,10
12.9609699249,80.2454528809,60682,60693,11
12.9618997574,80.2459030151,60693,60703,10
12.9624900818,80.2462005615,60703,60713,10
12.963060379,80.2464828491,60713,60723,10
12.9635295868,80.2467269897,60723,60733,10
12.963760376,80.2468338013,60733,60743,10
12.9642601013,80.2470321655,60743,60753,10
12.9650001526,80.2472991943,60753,60763,10
12.9658603668,80.2475814819,60763,60774,11
12.966219902,80.247718811,60774,60784,10
12.9663600922,80.2478027344,60784,60794,10
12.9665899277,80.2478866577,60794,60804,10
12.9667901993,80.2480010986,60804,60814,10
12.9671201706,80.2481613159,60814,60824,10
12.9676399231,80.2483901978,60824,60834,10
12.9683599472,80.2486877441,60834,60844,10
12.9692802429,80.2490768433,60844,60855,11
12.9704399109,80.2495422363,60855,60865,10
12.971619606,80.2499008179,60865,60875,10
12.9728298187,80.250213623,60875,60885,10
12.9739398956,80.2505111694,60885,60895,10
12.9750900269,80.2508392334,60895,60905,10
12.976269722,80.251159668,60905,60915,10
12.9776296616,80.2516937256,60915,60976,61
12.9776296616,80.2516937256,60976,60986,10
12.9778203964,80.2518386841,60986,60996,10
12.9781799316,80.2521362305,60996,61138,142
12.9781799316,80.2521362305,61138,61148,10
12.9784803391,80.2523498535,61148,61158,10
12.9787998199,80.2525024414,61158,61168,10
12.9792003632,80.2526016235,61168,61330,162
12.9792003632,80.2526016235,61330,61341,11
12.9795303345,80.2526397705,61341,61351,10
12.9798402786,80.2526702881,61351,61361,10
12.9802999496,80.2526779175,61361,61371,10
12.9805803299,80.2526626587,61371,61422,51
12.9805803299,80.2526626587,61422,61432,10
12.9808101654,80.2526702881,61432,61502,70
12.9808101654,80.2526702881,61502,61513,11
12.981010437,80.2526397705,61513,61523,10
12.9814596176,80.2526321411,61523,61533,10
12.9817399979,80.2526321411,61533,61543,10
12.9821796417,80.2526168823,61543,61553,10
12.9824304581,80.2526016235,61553,61654,101
12.9824304581,80.2526016235,61654,61664,10
12.9825801849,80.2525863647,61664,61675,11
12.9829797745,80.252571106,61675,61685,10
12.9832401276,80.2525405884,61685,61695,10
12.9834604263,80.2525100708,61695,61705,10
12.983590126,80.2524719238,61705,61715,10
12.9837598801,80.2524108887,61715,61725,10
12.9839897156,80.2523498535,61725,61735,10
12.9842100143,80.2522888184,61735,61837,102
12.9842100143,80.2522888184,61837,61847,10
12.9844999313,80.2522277832,61847,61857,10
12.9847898483,80.2521362305,61857,61867,10
12.9849596024,80.2520904541,61867,61877,10
12.9852399826,80.2520217896,61877,61887,10
12.9857301712,80.2518768311,61887,61958,71
12.9857301712,80.2518768311,61958,61968,10
12.9860095978,80.2518234253,61968,61978,10
12.9865102768,80.251701355,61978,61988,10
12.9870595932,80.2515182495,61988,61999,11
12.9874401093,80.2514038086,61999,62009,10
12.9879198074,80.2513122559,62009,62019,10
12.9885396957,80.251159668,62019,62029,10
12.98939991,80.2509231567,62029,62039,10
12.9895601273,80.250869751,62039,62049,10
12.9898700714,80.2508392334,62049,62059,10
12.9905395508,80.2506637573,62059,62069,10
12.9914197922,80.2504425049,62069,62080,11
12.9926395416,80.2501296997,62080,62090,10
12.9938602448,80.2498092651,62090,62100,10
12.9951400757,80.2494888306,62100,62110,10
12.9963302612,80.249168396,62110,62120,10
12.9968900681,80.2489929199,62120,62130,10
12.9971504211,80.2489471436,62130,62140,10
12.9977798462,80.2488021851,62140,62150,10
12.9986600876,80.248588562,62150,62161,11
12.9999103546,80.2482833862,62161,62171,10
13.001159668,80.2479934692,62171,62181,10
13.0022497177,80.247718811,62181,62191,10
13.0031003952,80.2475585938,62191,62201,10
13.0041799545,80.2473983765,62201,62211,10
13.0052995682,80.2472229004,62211,62221,10
13.0061101913,80.2469711304,62221,62231,10
13.0064401627,80.24659729,62231,62241,10
13.0064496994,80.24659729,62241,62252,11
13.0065803528,80.2462310791,62252,62262,10
13.0066204071,80.2454986572,62262,62272,10
13.0066299438,80.2446136475,62272,62282,10
13.0066099167,80.2440032959,62282,62292,10
13.0066099167,80.2434921265,62292,62302,10
13.0065803528,80.2429122925,62302,62312,10
13.0065698624,80.2420272827,62312,62322,10
13.0066003799,80.2412414551,62322,62333,11
13.0067300797,80.2401885986,62333,62343,10
13.0069904327,80.2391204834,62343,62353,10
13.0071401596,80.2382125854,62353,62363,10
13.0073003769,80.2375335693,62363,62373,10
13.0073404312,80.2373504639,62373,62383,10
13.007399559,80.2372283936,62383,62393,10
13.0074796677,80.236618042,62393,62403,10
13.0076398849,80.2358398438,62403,62414,11
13.0077896118,80.2352828979,62414,62424,10
13.007809639,80.2351074219,62424,62434,10
13.007900238,80.2345733643,62434,62444,10
13.0080795288,80.2336425781,62444,62454,10
13.0082597733,80.2326812744,62454,62464,10
13.0085496902,80.2310409546,62464,62474,10
13.0088596344,80.2296218872,62474,62484,10
13.0091495514,80.2282562256,62484,62495,11
13.0097103119,80.2268676758,62495,62505,10
13.0102996826,80.2256469727,62505,62515,10
13.0106296539,80.2249984741,62515,62525,10
13.0108804703,80.2243118286,62525,62535,10
13.0112495422,80.2235412598,62535,62545,10
13.011639595,80.2227020264,62545,62555,10
13.0120201111,80.2218475342,62555,62564,9
13.0123500824,80.2216415405,62564,62576,12
13.0127801895,80.2221908569,62576,62586,10
13.0133800507,80.2228317261,62586,62596,10
13.0140695572,80.2236175537,62596,62606,10
13.014380455,80.2240371704,62606,62616,10
13.0148897171,80.2244796753,62616,62626,10
13.0149803162,80.2245483398,62626,62636,10
13.0150699615,80.2246627808,62636,62646,10
13.0153903961,80.2250137329,62646,62657,11
13.0160999298,80.2253799438,62657,62667,10
13.0168199539,80.225227356,62667,62677,10
13.0178003311,80.224822998,62677,62687,10
13.0188798904,80.2244033813,62687,62697,10
13.0197496414,80.2245178223,62697,62738,41
13.0197496414,80.2245178223,62738,62748,10
13.0198602676,80.2246398926,62748,62758,10
13.0202102661,80.2249221802,62758,62768,10
13.0205898285,80.2252120972,62768,62778,10
13.0212097168,80.2256774902,62778,62788,10
13.0220298767,80.22631073,62788,62798,10
13.0228099823,80.2269821167,62798,62808,10
13.0234699249,80.2275924683,62808,62819,11
13.0241203308,80.2282028198,62819,62829,10
13.0244197845,80.2285308838,62829,62889,60
13.0244197845,80.2285308838,62889,62900,11
13.0242300034,80.2286682129,62900,62910,10
13.0239200592,80.2282867432,62910,62920,10
13.0233297348,80.2276229858,62920,63001,81
13.0233297348,80.2276229858,63001,63011,10
13.0231199265,80.2273330688,63011,63163,152
13.0231199265,80.2273330688,63163,63173,10
13.0228900909,80.2269897461,63173,63183,10
13.0225200653,80.2266693115,63183,63193,10
13.0219497681,80.2262115479,63193,63203,10
13.021320343,80.2257385254,63203,63213,10
13.0208101273,80.2253494263,63213,63223,10
13.0198497772,80.2247085571,63223,63254,31
13.0198497772,80.2247085571,63254,63264,10
13.0197896957,80.2246398926,63264,63274,10
13.0193901062,80.2244796753,63274,63284,10
13.0186004639,80.2245178223,63284,63294,10
13.0176401138,80.2249298096,63294,63304,10
13.016579628,80.2253570557,63304,63315,11
13.0155601501,80.2257232666,63315,63325,10
13.0150003433,80.2259902954,63325,63335,10
13.0145101547,80.2261505127,63335,63345,10
13.0140600204,80.2263717651,63345,63355,10
13.013999939,80.2264099121,63355,63365,10
13.0138196945,80.2264709473,63365,63375,10
13.0133695602,80.2266082764,63375,63385,10
13.0126600266,80.2268600464,63385,63396,11
13.0116901398,80.2272415161,63396,63406,10
13.0107603073,80.2276000977,63406,63416,10
13.0098400116,80.2279815674,63416,63426,10
13.0090999603,80.2286224365,63426,63436,10
13.0089101791,80.2296295166,63436,63446,10
13.0087203979,80.2306671143,63446,63456,10
13.0085802078,80.2315216064,63456,63517,61
13.0085802078,80.2315216064,63517,63527,10
13.0085496902,80.2317428589,63527,63537,10
13.0084400177,80.2323074341,63537,63547,10
13.0082902908,80.2331008911,63547,63558,11
13.0082197189,80.2335586548,63558,63568,10
13.0081796646,80.2336883545,63568,63578,10
13.0080795288,80.2341003418,63578,63588,10
13.0079803467,80.2345809937,63588,63598,10
13.0078802109,80.2350616455,63598,63608,10
13.0077600479,80.235748291,63608,63618,10
13.0075798035,80.2366714478,63618,63628,10
13.0074195862,80.2375335693,63628,63639,11
13.007229805,80.2382507324,63639,63649,10
13.0071401596,80.2387084961,63649,63659,10
13.0070104599,80.2393569946,63659,63669,10
13.0068597794,80.2401199341,63669,63679,10
13.0066995621,80.2409973145,63679,63689,10
13.0066404343,80.2422103882,63689,63699,10
13.0066404343,80.2431488037,63699,63709,10
13.0066404343,80.2437133789,63709,63719,10
13.0066404343,80.2443466187,63719,63730,11
13.0066404343,80.244430542,63730,63740,10
13.0066404343,80.2446517944,63740,63750,10
13.006649971,80.2451324463,63750,63760,10
13.0066795349,80.2457199097,63760,63770,10
13.0067100525,80.2462387085,63770,63780,10
13.0066995621,80.2463989258,63780,63790,10
13.0067100525,80.2465362549,63790,63800,10
13.0067195892,80.2466278076,63800,63811,11
13.0067396164,80.2470169067,63811,63821,10
13.0061397552,80.2473373413,63821,63861,40
13.0061397552,80.2473373413,63861,63871,10
13.0058002472,80.2472686768,63871,63881,10
13.0053596497,80.2472991943,63881,63892,11
13.0046796799,80.2473297119,63892,63902,10
13.0038995743,80.2474136353,63902,63912,10
13.0029697418,80.2475662231,63912,63922,10
13.0019598007,80.2477722168,63922,63932,10
13.0008602142,80.248046875,63932,63942,10
12.9996795654,80.2483520508,63942,63952,10
12.9984302521,80.2486572266,63952,63962,10
12.9971399307,80.2489929199,63962,63973,11
12.9956998825,80.2493591309,63973,63983,10
12.9943704605,80.2497024536,63983,63993,10
12.9930496216,80.250038147,63993,64003,10
12.9917201996,80.2503814697,64003,64013,10
12.9909896851,80.250579834,64013,64033,20
12.9909896851,80.250579834,64033,64043,10
12.9908504486,80.250579834,64043,64054,11
12.9903497696,80.2507171631,64054,64064,10
12.9898395538,80.2508392334,64064,64104,40
12.9898395538,80.2508392334,64104,64114,10
12.9897403717,80.2509002686,64114,64124,10
12.9893102646,80.2510070801,64124,64135,11
12.9888801575,80.2510986328,64135,64145,10
12.9886102676,80.2511520386,64145,64155,10
12.9881496429,80.2512817383,64155,64165,10
12.9877004623,80.2514038086,64165,64175,10
12.9873800278,80.2514801025,64175,64185,10
12.9867801666,80.251663208,64185,64195,10
12.9862098694,80.2517929077,64195,64205,10
12.9854898453,80.2519683838,64205,64216,11
12.9844999313,80.2522506714,64216,64226,10
12.9833898544,80.2525177002,64226,64236,10
12.9822597504,80.2526397705,64236,64246,10
12.9813699722,80.2526626587,64246,64256,10
12.9805898666,80.2527084351,64256,64266,10
12.9798297882,80.2527084351,64266,64276,10
12.9790897369,80.2526397705,64276,64286,10
12.9785604477,80.2525177002,64286,64297,11
12.9785003662,80.2524871826,64297,64307,10
12.9784297943,80.2524490356,64307,64317,10
12.9780597687,80.252166748,64317,64327,10
12.977519989,80.2516784668,64327,64337,10
12.9768199921,80.2512817383,64337,64347,10
12.9759302139,80.2510223389,64347,64357,10
12.9749097824,80.2507400513,64357,64367,10
12.973859787,80.2504425049,64367,64378,11
12.9727602005,80.2501296997,64378,64388,10
12.9717302322,80.2498703003,64388,64398,10
12.9707403183,80.2495880127,64398,64408,10
12.9698295593,80.2492828369,64408,64418,10
12.9688501358,80.2489089966,64418,64428,10
12.968000412,80.2485275269,64428,64438,10
12.9672203064,80.2481918335,64438,64448,10
12.9666595459,80.2479019165,64448,64459,11
12.9660396576,80.2476272583,64459,64469,10
12.965379715,80.2473983765,64469,64479,10
12.9652795792,80.2473526001,64479,64489,10
12.9651699066,80.2473220825,64489,64499,10
12.9647302628,80.2471618652,64499,64509,10
12.9642601013,80.2470016479,64509,64519,10
12.9640398026,80.2469329834,64519,64529,10
12.9638299942,80.2468414307,64529,64539,10
12.9635400772,80.246711731,64539,64550,11
12.9628601074,80.2463684082,64550,64560,10
12.9620103836,80.2459487915,64560,64570,10
12.9612102509,80.2455368042,64570,64580,10
12.9605398178,80.2452392578,64580,64590,10
12.95952034,80.2448272705,64590,64610,20
12.95952034,80.2448272705,64610,64620,10
12.9592599869,80.244682312,64620,64631,11
12.9586696625,80.244392395,64631,64641,10
12.9579000473,80.2440872192,64641,64651,10
12.9569396973,80.2438430786,64651,64701,50
12.9569396973,80.2438430786,64701,64712,11
12.9565401077,80.2437133789,64712,64782,70
12.9565401077,80.2437133789,64782,64793,11
12.9562301636,80.2436065674,64793,64803,10
12.955789566,80.2433624268,64803,64813,10
12.9551095963,80.243019104,64813,64823,10
12.9544401169,80.24269104,64823,64833,10
12.9537401199,80.2423934937,64833,64843,10
12.9528598785,80.2420272827,64843,64853,10
12.952050209,80.2417221069,64853,64863,10
12.9516296387,80.2416000366,64863,64874,11
12.9515600204,80.2415618896,64874,64884,10
12.9511604309,80.2414321899,64884,64894,10
12.9504995346,80.2412109375,64894,64904,10
12.9496297836,80.2409286499,64904,64914,10
12.9487800598,80.2406311035,64914,64924,10
12.9477596283,80.2402114868,64924,64934,10
12.9469203949,80.2398834229,64934,64944,10
12.9464302063,80.2397003174,64944,64955,11
12.9463500977,80.2396621704,64955,64965,10
12.9459400177,80.2394714355,64965,64975,10
12.9453001022,80.2391204834,64975,64985,10
12.9446401596,80.2384872437,64985,64995,10
12.943860054,80.2376785278,64995,65005,10
12.9430303574,80.2368621826,65005,65015,10
12.9418802261,80.236289978,65015,65025,10
12.9405899048,80.2359771729,65025,65036,11
12.9396400452,80.235710144,65036,65046,10
12.9395799637,80.2356719971,65046,65056,10
12.939450264,80.2355728149,65056,65066,10
12.938949585,80.2353134155,65066,65076,10
12.9382400513,80.2349395752,65076,65086,10
12.9375295639,80.2345962524,65086,65096,10
12.9362802505,80.2340011597,65096,65106,10
12.9355602264,80.2336578369,65106,65117,11
12.9347000122,80.2332611084,65117,65127,10
12.9338598251,80.2328872681,65127,65137,10
12.9337797165,80.2328491211,65137,65147,10
12.9335803986,80.232749939,65147,65157,10
12.9330596924,80.2325134277,65157,65167,10
12.9323101044,80.2322387695,65167,65177,10
12.9313297272,80.231918335,65177,65187,10
12.9301795959,80.2315673828,65187,65198,11
12.9289598465,80.2313079834,65198,65208,10
12.9279403687,80.2311096191,65208,65218,10
12.926779747,80.2309875488,65218,65228,10
12.9259500504,80.2309265137,65228,65238,10
12.9258804321,80.2309188843,65238,65248,10
12.9254703522,80.2308578491,65248,65258,10
12.9247903824,80.2307815552,65258,65268,10
12.9239196777,80.230682373,65268,65278,10
12.9227104187,80.2304992676,65278,65289,11
12.9214601517,80.2303009033,65289,65299,10
12.9202203751,80.2301483154,65299,65309,10
12.9192495346,80.2300262451,65309,65319,10
12.9182796478,80.2299118042,65319,65329,10
12.9172000885,80.2297592163,65329,65339,10
12.916179657,80.2296066284,65339,65349,10
12.9149999619,80.2294387817,65349,65359,10
12.9139795303,80.229309082,65359,65370,11
12.9132404327,80.2292327881,65370,65380,10
12.9130601883,80.2291793823,65380,65390,10
12.9124698639,80.2290802002,65390,65400,10
12.9116601944,80.2289733887,65400,65410,10
12.9105796814,80.2288131714,65410,65420,10
12.9093799591,80.2286071777,65420,65430,10
12.9083003998,80.2284393311,65430,65440,10
12.9076700211,80.2283630371,65440,65451,11
12.9070997238,80.228302002,65451,65461,10
12.9067602158,80.2282485962,65461,65471,10
12.90666008,80.2282333374,65471,65481,10
12.9064998627,80.2281494141,65481,65491,10
12.9060602188,80.2281265259,65491,65501,10
12.9052801132,80.2281265259,65501,65511,10
12.9042100906,80.2280578613,65511,65521,10
12.9030399323,80.2280197144,65521,65532,11
12.9021396637,80.2279891968,65532,65542,10
12.9021100998,80.2279891968,65542,65552,10
12.901889801,80.2279815674,65552,65562,10
12.9014596939,80.2279281616,65562,65572,10
12.9008302689,80.2279205322,65572,65582,10
12.9002199173,80.2278671265,65582,65592,10
12.8997297287,80.2278518677,65592,65602,10
12.8994998932,80.2278366089,65602,65613,11
12.8993997574,80.2278366089,65613,65623,10
12.8989400864,80.2278137207,65623,65633,10
12.8982000351,80.2277832031,65633,65643,10
12.8972396851,80.227722168,65643,65653,10
12.8960599899,80.2276611328,65653,65663,10
12.8947896957,80.2276000977,65663,65673,10
12.8935003281,80.2274780273,65673,65683,10
12.8928203583,80.2274017334,65683,65694,11
12.8924798965,80.2273712158,65694,65704,10
12.8917798996,80.2273330688,65704,65714,10
12.8908195496,80.2273330688,65714,65724,10
12.8896303177,80.2273330688,65724,65734,10
12.8884096146,80.2272872925,65734,65744,10
12.8872804642,80.2271881104,65744,65754,10
12.8860998154,80.2269363403,65754,65764,10
12.8849496841,80.2266998291,65764,65775,11
12.8846797943,80.2266693115,65775,65785,10
12.8842401505,80.2266693115,65785,65795,10
12.883480072,80.2266769409,65795,65805,10
12.8824796677,80.2266921997,65805,65815,10
12.8812704086,80.2266998291,65815,65825,10
12.8799800873,80.2267074585,65825,65835,10
12.8786096573,80.2267608643,65835,65845,10
12.8763799667,80.2269363403,65845,65866,21
12.8763799667,80.2269363403,65866,65876,10
12.8758602142,80.2269363403,65876,65886,10
12.8750896454,80.2268829346,65886,65896,10
12.8740797043,80.2267532349,65896,65906,10
12.8729801178,80.2266616821,65906,65916,10
12.8724899292,80.2266769409,65916,65926,10
12.8724298477,80.2266769409,65926,65937,11
12.8720998764,80.2266616821,65937,65947,10
12.8714199066,80.2266387939,65947,65957,10
12.8705101013,80.2265777588,65957,65967,10
12.8693799973,80.2264480591,65967,65977,10
12.8681402206,80.226348877,65977,65987,10
12.8668403625,80.2264328003,65987,65997,10
12.8655595779,80.2265090942,65997,66007,10
12.8642501831,80.2264785767,66007,66017,10
12.8629302979,80.2264404297,66017,66028,11
12.8608398438,80.2265396118,66028,66048,20
12.8608398438,80.2265396118,66048,66058,10
12.8604898453,80.2265090942,66058,66068,10
12.8597898483,80.2264099121,66068,66078,10
12.8588399887,80.226272583,66078,66088,10
12.8576698303,80.2261962891,66088,66098,10
12.856300354,80.2262878418,66098,66109,11
12.8550100327,80.2264175415,66109,66119,10
12.8536596298,80.2265625,66119,66129,10
12.8522796631,80.2265930176,66129,66139,10
12.8508796692,80.2265396118,66139,66149,10
12.8494596481,80.2265090942,66149,66159,10
12.8480300903,80.2265090942,66159,66169,10
12.8465900421,80.2265396118,66169,66179,10
12.8453302383,80.2265625,66179,66200,21
12.8453302383,80.2265625,66200,66210,10
12.8450403214,80.2265777588,66210,66220,10
12.8443899155,80.2266235352,66220,66230,10
12.8435297012,80.2266693115,66230,66240,10
12.8424100876,80.2268981934,66240,66250,10
12.8411598206,80.2272186279,66250,66260,10
12.8401699066,80.2275238037,66260,66271,11
12.839679718,80.2276382446,66271,66281,10
12.8391304016,80.2277984619,66281,66291,10
12.8383102417,80.2280197144,66291,66301,10
12.8372602463,80.2282180786,66301,66311,10
12.8360395432,80.2284011841,66311,66321,10
12.8347196579,80.2285614014,66321,66331,10
12.8333997726,80.2287979126,66331,66341,10
12.8322200775,80.2290496826,66341,66362,21
12.8322200775,80.2290496826,66362,66372,10
12.8319301605,80.2291183472,66372,66382,10
12.8312797546,80.2292785645,66382,66392,10
12.8304100037,80.2295837402,66392,66402,10
12.8293304443,80.2299880981,66402,66412,10
12.8282003403,80.2305603027,66412,66422,10
12.8270301819,80.2311706543,66422,66433,11
12.8256597519,80.231338501,66433,66443,10
12.8246202469,80.231300354,66443,66453,10
12.8235998154,80.2310409546,66453,66463,10
12.8224401474,80.2306671143,66463,66473,10
12.8212003708,80.2304077148,66473,66483,10
12.819899559,80.2304077148,66483,66493,10
12.818860054,80.2304229736,66493,66503,10
12.8186798096,80.2303619385,66503,66524,21
12.8186798096,80.2303619385,66524,66534,10
12.8184900284,80.2302627563,66534,66544,10
12.8179397583,80.2299804688,66544,66554,10
12.8170795441,80.229598999,66554,66564,10
12.8159599304,80.2293624878,66564,66574,10
12.8147296906,80.2291793823,66574,66584,10
12.8135499954,80.2289276123,66584,66595,11
12.8123598099,80.2285308838,66595,66605,10
12.8114299774,80.2281799316,66605,66615,10
12.8103303909,80.2277374268,66615,66625,10
12.8092403412,80.2272415161,66625,66635,10
12.8082799911,80.2265014648,66635,66645,10
12.8073196411,80.2256774902,66645,66655,10
12.806520462,80.2249832153,66655,66665,10
12.8058900833,80.2244186401,66665,66676,11
12.805270195,80.2239990234,66676,66686,10
12.8048696518,80.2239227295,66686,66696,10
12.8048000336,80.2239074707,66696,66706,10
12.8043699265,80.2238388062,66706,66716,10
12.803609848,80.2237930298,66716,66726,10
12.8026399612,80.2236785889,66726,66736,10
12.8014602661,80.2235412598,66736,66746,10
12.8002996445,80.2234420776,66746,66757,11
12.7989196777,80.2233123779,66757,66767,10
12.7975502014,80.22315979,66767,66777,10
12.796210289,80.2229232788,66777,66787,10
12.7950496674,80.2227325439,66787,66797,10
12.793800354,80.2225418091,66797,66807,10
12.7925195694,80.2223434448,66807,66817,10
12.7914304733,80.2220687866,66817,66827,10
12.7904596329,80.2218399048,66827,66838,11
12.7897100449,80.2216567993,66838,66848,10
12.7893695831,80.2215270996,66848,66858,10
12.7887096405,80.2212677002,66858,66868,10
12.7882499695,80.2210922241,66868,66898,30
12.7882499695,80.2210922241,66898,66908,10
12.7881202698,80.2210083008,66908,66919,11
12.7879695892,80.2209701538,66919,66929,10
12.7878198624,80.2209014893,66929,66969,40
12.7876396179,80.2208404541,66969,66989,20
12.7876396179,80.2208404541,66989,67000,11
12.7874097824,80.2207565308,67000,67010,10
12.7869300842,80.2205734253,67010,67121,111
12.7869300842,80.2205734253,67121,67131,10
12.7864398956,80.2203826904,67131,67182,51
12.7864398956,80.2203826904,67182,67192,10
12.7861604691,80.2208709717,67192,67212,20
12.7861604691,80.2208709717,67212,67222,10
12.7861700058,80.2210083008,67222,67232,10
12.7861604691,80.2212219238,67232,67242,10
12.786190033,80.2215270996,67242,67253,11
12.7862596512,80.2220611572,67253,67850,597
12.7862596512,80.2220611572,67850,67860,10
12.7862300873,80.2217407227,67860,67870,10
12.786190033,80.2215118408,67870,67880,10
12.7861995697,80.2213668823,67880,67890,10
12.7861700058,80.2210769653,67890,67901,11
12.7861204147,80.220451355,67901,67931,30
12.7861204147,80.220451355,67931,67941,10
12.7862596512,80.2202682495,67941,67951,10
12.7865400314,80.2203979492,67951,67961,10
12.7865495682,80.220413208,67961,67971,10
12.7867698669,80.2205276489,67971,67982,11
12.7872200012,80.220703125,67982,67992,10
12.7877597809,80.2209014893,67992,68002,10
12.7883796692,80.2211532593,68002,68012,10
12.7890300751,80.2214126587,68012,68022,10
12.789730072,80.2216567993,68022,68032,10
12.7903499603,80.2218399048,68032,68042,10
12.7911996841,80.222038269,68042,68052,10
12.79226017,80.2222976685,68052,68063,11
12.7934799194,80.2224884033,68063,68073,10
12.7943401337,80.2226104736,68073,68083,10
12.7952203751,80.2227630615,68083,68093,10
12.7964496613,80.2229537964,68093,68113,20
12.7964496613,80.2229537964,68113,68123,10
12.7966003418,80.2229919434,68123,68133,10
12.79708004,80.2230834961,68133,68144,11
12.7978200912,80.223197937,68144,68154,10
12.7985296249,80.2232818604,68154,68164,10
12.7993497849,80.2233581543,68164,68174,10
12.800330162,80.2234573364,68174,68184,10
12.8012504578,80.2235412598,68184,68194,10
12.8015203476,80.2235565186,68194,68204,10
12.8015403748,80.2235565186,68204,68214,10
12.8019695282,80.2236022949,68214,68225,11
12.8027601242,80.2237091064,68225,68235,10
12.8035497665,80.2238082886,68235,68245,10
12.8041000366,80.2238616943,68245,68255,10
12.8047304153,80.2238998413,68255,68265,10
12.805560112,80.2240982056,68265,68285,20
12.805560112,80.2240982056,68285,68295,10
12.8058004379,80.224281311,68295,68306,11
12.8063602448,80.2247619629,68306,68316,10
12.8070402145,80.2253723145,68316,68326,10
12.8078804016,80.2260971069,68326,68336,10
12.8087997437,80.2268676758,68336,68346,10
12.8098897934,80.2275390625,68346,68356,10
12.8108596802,80.2279510498,68356,68366,10
12.812379837,80.2285232544,68366,68376,10
12.8136701584,80.2289581299,68376,68387,11
12.8150901794,80.2292480469,68387,68397,10
12.8164196014,80.2294387817,68397,68407,10
12.817700386,80.2298583984,68407,68417,10
12.8187904358,80.2303390503,68417,68427,10
12.8197097778,80.2304077148,68427,68437,10
12.8197603226,80.2304000854,68437,68447,10
12.8198003769,80.2304000854,68447,68457,10
12.8201599121,80.2304000854,68457,68468,11
12.8208799362,80.2303924561,68468,68478,10
12.8217697144,80.23046875,68478,68488,10
12.8228302002,80.2307434082,68488,68498,10
12.8240203857,80.2310562134,68498,68508,10
12.8252601624,80.2313232422,68508,68518,10
12.8265895844,80.2312393188,68518,68528,10
12.8278303146,80.2307815552,68528,68538,10
12.8290100098,80.2301330566,68538,68549,11
12.8303203583,80.229598999,68549,68559,10
12.8308496475,80.2293777466,68559,68599,40
12.8308496475,80.2293777466,68599,68609,10
12.8309803009,80.2293701172,68609,68619,10
12.8311500549,80.2293167114,68619,68630,11
12.8315601349,80.2291870117,68630,68660,30
12.8315601349,80.2291870117,68660,68670,10
12.8318004608,80.2291412354,68670,68680,10
12.8322696686,80.2290267944,68680,68690,10
12.8329401016,80.2288894653,68690,68700,10
12.8337697983,80.2287368774,68700,68711,11
12.8348798752,80.2285308838,68711,68721,10
12.8360204697,80.2283630371,68721,68731,10
12.837220192,80.2281723022,68731,68741,10
12.8384199142,80.2279205322,68741,68751,10
12.8391504288,80.2276687622,68751,68761,10
12.8395500183,80.2275238037,68761,68771,10
12.8399295807,80.2274475098,68771,68781,10
12.8404102325,80.2273483276,68781,68791,10
12.8406095505,80.2272796631,68791,68802,11
12.840760231,80.2272567749,68802,68812,10
12.8412399292,80.2271270752,68812,68822,10
12.8419504166,80.2269515991,68822,68832,10
12.8428201675,80.2267913818,68832,68842,10
12.8437900543,80.2266235352,68842,68852,10
12.8445997238,80.2265319824,68852,68862,10
12.8452196121,80.2265014648,68862,68883,21
12.8452196121,80.2265014648,68883,68893,10
12.8453302383,80.2265014648,68893,68903,10
12.8457098007,80.2264862061,68903,68913,10
12.846329689,80.2265014648,68913,68923,10
12.8471298218,80.2264862061,68923,68933,10
12.8480396271,80.2264862061,68933,68943,10
12.8491001129,80.2264862061,68943,68953,10
12.8498802185,80.2264785767,68953,68984,31
12.8498802185,80.2264785767,68984,68994,10
12.8499898911,80.2264785767,68994,69004,10
12.8504600525,80.2264785767,69004,69014,10
12.8511800766,80.2265014648,69014,69024,10
12.8520002365,80.2265319824,69024,69034,10
12.8527898788,80.2265625,69034,69045,11
12.8535995483,80.2265167236,69045,69055,10
12.8543395996,80.2264328003,69055,69207,152
12.8543395996,80.2264328003,69207,69217,10
12.8543796539,80.2264328003,69217,69227,10
12.8547897339,80.2263793945,69227,69237,10
12.8554496765,80.22631073,69237,69247,10
12.8562803268,80.2262191772,69247,69257,10
12.8574800491,80.2260971069,69257,69277,20
12.8574800491,80.2260971069,69277,69288,11
12.8577299118,80.2260971069,69288,69298,10
12.8579301834,80.2260894775,69298,69308,10
12.8580904007,80.2260971069,69308,69318,10
12.8583898544,80.2261276245,69318,69328,10
12.8589696884,80.2261810303,69328,69338,10
12.8597698212,80.2262802124,69338,69348,10
12.8606595993,80.2264022827,69348,69358,10
12.8608503342,80.2264328003,69358,69369,11
12.8613004684,80.2264480591,69369,69379,10
12.8619804382,80.2264328003,69379,69389,10
12.8627796173,80.2263793945,69389,69399,10
12.8637199402,80.2264022827,69399,69409,10
12.864859581,80.2264404297,69409,69419,10
12.8661203384,80.2264328003,69419,69429,10
12.8674602509,80.2263183594,69429,69439,10
12.8688201904,80.2263031006,69439,69450,11
12.8703403473,80.2264785767,69450,69460,10
12.871629715,80.2265472412,69460,69470,10
12.8723602295,80.2265472412,69470,69480,10
12.8728199005,80.2265701294,69480,69490,10
12.8735103607,80.226600647,69490,69500,10
12.8741903305,80.2266616821,69500,69510,10
12.8745002747,80.2266998291,69510,69520,10
12.8747596741,80.2267227173,69520,69531,11
12.8749599457,80.2267532349,69531,69581,50
12.8749599457,80.2267532349,69581,69591,10
12.875120163,80.2267303467,69591,69601,10
12.8753795624,80.2267608643,69601,69612,11
12.8755702972,80.2267837524,69612,69622,10
12.8758001328,80.2267990112,69622,69632,10
12.8760099411,80.2268066406,69632,69642,10
12.8761396408,80.2267990112,69642,69652,10
12.8763999939,80.2267913818,69652,69662,10
12.876660347,80.2267913818,69662,69672,10
12.8767995834,80.2267990112,69672,69682,10
12.877289772,80.2267684937,69682,69693,11
12.8781099319,80.2266998291,69693,69703,10
12.8790102005,80.2266387939,69703,69713,10
12.8801002502,80.2266235352,69713,69723,10
12.8812799454,80.2266082764,69723,69733,10
12.8825302124,80.226600647,69733,69743,10
12.8835802078,80.2265930176,69743,69753,10
12.8844404221,80.2265777588,69753,69774,21
12.8844404221,80.2265777588,69774,69784,10
12.8846998215,80.2265777588,69784,69794,10
12.8851804733,80.2265930176,69794,69804,10
12.8852796555,80.2266082764,69804,69814,10
12.8856401443,80.2266769409,69814,69824,10
12.8862695694,80.2268600464,69824,69834,10
12.8870897293,80.2270584106,69834,69844,10
12.8880901337,80.2272109985,69844,69854,10
12.8892402649,80.2272567749,69854,69865,11
12.8905897141,80.2272491455,69865,69875,10
12.8917598724,80.2272262573,69875,69915,40
12.8917598724,80.2272262573,69915,69925,10
12.89179039,80.2272415161,69925,69935,10
12.8920497894,80.2272415161,69935,69946,11
12.892370224,80.2272567749,69946,69956,10
12.8928899765,80.2273101807,69956,69966,10
12.8935604095,80.2273788452,69966,69976,10
12.8942298889,80.2274780273,69976,69986,10
12.8950099945,80.2275009155,69986,69996,10
12.8959102631,80.2275390625,69996,70006,10
12.896780014,80.2275695801,70006,70016,10
12.8978395462,80.2276306152,70016,70027,11
12.8989896774,80.2276992798,70027,70037,10
12.9000701904,80.2277374268,70037,70047,10
12.9004297256,80.2277297974,70047,70230,183
12.9004297256,80.2277297974,70230,70240,10
12.9007501602,80.2277374268,70240,70250,10
12.9011297226,80.2277984619,70250,70260,10
12.9016504288,80.2278366089,70260,70272,12
12.9023199081,80.2278823853,70272,70282,10
12.9028997421,80.227897644,70282,70292,10
12.9030103683,80.2278900146,70292,70302,10
12.903380394,80.2279205322,70302,70312,10
12.9035902023,80.2279663086,70312,70322,10
12.904009819,80.2280197144,70322,70332,10
12.9048595428,80.2280197144,70332,70403,71
12.9048595428,80.2280197144,70403,70413,10
12.9051504135,80.2279891968,70413,70423,10
12.9052295685,80.228012085,70423,70434,11
12.9054498672,80.2280502319,70434,70444,10
12.9058904648,80.2280502319,70444,70525,81
12.9058904648,80.2280502319,70525,70535,10
12.9059801102,80.2280578613,70535,70545,10
12.9061498642,80.2280807495,70545,70555,10
12.9063796997,80.2280883789,70555,70565,10
12.9068002701,80.2281417847,70565,70575,10
12.9069900513,80.2281570435,70575,70585,10
12.9071598053,80.228187561,70585,70596,11
12.9077396393,80.2282791138,70596,70606,10
12.9085197449,80.2284088135,70606,70616,10
12.9095001221,80.2285766602,70616,70626,10
12.9106197357,80.2287597656,70626,70636,10
12.9117097855,80.2289123535,70636,70646,10
12.9125900269,80.2290420532,70646,70656,10
12.9134197235,80.2291412354,70656,70666,10
12.9139900208,80.2292175293,70666,70677,11
12.9139900208,80.2292327881,70677,70687,10
12.9141597748,80.2292709351,70687,70697,10
12.9146404266,80.2293395996,70697,70707,10
12.9153404236,80.2294311523,70707,70717,10
12.9162197113,80.2295684814,70717,70727,10
12.9173002243,80.2297134399,70727,70737,10
12.9184598923,80.229888916,70737,70747,10
12.9196596146,80.2300262451,70747,70758,11
12.9209804535,80.2301864624,70758,70768,10
12.9221801758,80.2303771973,70768,70778,10
12.9233503342,80.2305526733,70778,70788,10
12.9244604111,80.2306976318,70788,70798,10
12.9254598618,80.230796814,70798,70808,10
12.9263296127,80.2308883667,70808,70818,10
12.9265098572,80.2309112549,70818,70828,10
12.9266500473,80.2309265137,70828,70839,11
12.9271802902,80.2309875488,70839,70849,10
12.9279003143,80.231086731,70849,70859,10
12.9285497665,80.2311706543,70859,70869,10
12.928560257,80.2311782837,70869,70879,10
12.9286804199,80.2312011719,70879,70889,10
12.9291400909,80.2312927246,70889,70899,10
12.9298200607,80.2314376831,70899,70909,10
12.9306497574,80.2316589355,70909,70920,11
12.93171978,80.2320175171,70920,70930,10
12.9324903488,80.2322692871,70930,70940,10
12.9336204529,80.232749939,70940,70960,20
12.9336204529,80.232749939,70960,70970,10
12.9337797165,80.2328033447,70970,70980,10
12.9342298508,80.2329864502,70980,70990,10
12.934920311,80.2332992554,70990,71001,11
12.9358196259,80.2337036133,71001,71011,10
12.9367198944,80.234161377,71011,71021,10
12.9377202988,80.23462677,71021,71031,10
12.9387998581,80.235168457,71031,71041,10
12.9396600723,80.2356033325,71041,71051,10
12.939740181,80.2356414795,71051,71061,10
12.9398698807,80.2357025146,71061,71071,10
12.9403896332,80.2358932495,71071,71082,11
12.9412202835,80.2360916138,71082,71092,10
12.9421300888,80.2363204956,71092,71102,10
12.9430999756,80.2367782593,71102,71112,10
12.9439296722,80.2376022339,71112,71122,10
12.9447803497,80.2385482788,71122,71132,10
12.9457197189,80.2393569946,71132,71142,10
12.9466695786,80.2397232056,71142,71152,10
12.9469804764,80.2398376465,71152,71173,21
12.9469804764,80.2398376465,71173,71183,10
12.9471597672,80.239906311,71183,71193,10
12.9475097656,80.2400436401,71193,71203,10
12.947930336,80.2402572632,71203,71213,10
12.9484701157,80.2404785156,71213,71223,10
12.9492197037,80.2407608032,71223,71233,10
12.9500398636,80.2410430908,71233,71243,10
12.9509000778,80.2413024902,71243,71254,11
12.9510297775,80.2413406372,71254,71264,10
12.9514102936,80.2414703369,71264,71274,10
12.9520397186,80.2416763306,71274,71284,10
12.9527997971,80.2419586182,71284,71294,10
12.9535598755,80.2422790527,71294,71304,10
12.9541196823,80.2425308228,71304,71314,10
12.9547595978,80.2427825928,71314,71324,10
12.955329895,80.2429885864,71324,71335,11
12.9557199478,80.2430877686,71335,71345,10
12.9558200836,80.2431335449,71345,71355,10
12.9559402466,80.2431793213,71355,71375,20
12.9559402466,80.2431793213,71375,71385,10
12.9561796188,80.243270874,71385,71395,10
12.9562397003,80.2433013916,71395,71405,10
12.956410408,80.243347168,71405,71416,11
12.9569501877,80.2435684204,71416,71426,10
12.957690239,80.2439117432,71426,71436,10
12.9583597183,80.2442169189,71436,71446,10
12.9589595795,80.2444610596,71446,71456,10
12.9590797424,80.2444992065,71456,71466,10
12.9591703415,80.2445373535,71466,71476,10
12.9595603943,80.244758606,71476,71486,10
12.9602203369,80.2450637817,71486,71497,11
12.961139679,80.2454833984,71497,71507,10
12.9620599747,80.2459335327,71507,71517,10
12.9632101059,80.2465286255,71517,71578,61
12.9632101059,80.2465286255,71578,71588,10
12.9632797241,80.24659729,71588,71598,10
12.963640213,80.2467727661,71598,71608,10
12.9642601013,80.2470016479,71608,71618,10
12.9650497437,80.2472610474,71618,71628,10
12.9660196304,80.2475891113,71628,71638,10
12.9665699005,80.2478103638,71638,71659,21
12.9665699005,80.2478103638,71659,71669,10
12.966750145,80.2479019165,71669,71679,10
12.9671602249,80.2481079102,71679,71689,10
12.9678602219,80.2484207153,71689,71699,10
12.9687404633,80.2488021851,71699,71709,10
12.9696998596,80.2491836548,71709,71718,9
12.9706802368,80.2495422363,71718,71729,11
12.9719800949,80.2499008179,71729,71740,11
12.9732599258,80.2502288818,71740,71750,10
12.9741096497,80.2504425049,71750,71760,10
12.975060463,80.2507095337,71760,71770,10
12.9760103226,80.2509765625,71770,71780,10
12.976940155,80.2512512207,71780,71790,10
12.9777402878,80.251701355,71790,71800,10
12.9784202576,80.252243042,71800,71810,10
12.9786100388,80.2523498535,71810,71821,11
12.9786996841,80.2524032593,71821,71852,31
12.9786996841,80.2524032593,71852,71862,10
12.9789199829,80.2524719238,71862,71872,10
12.9792699814,80.2525177002,71872,71882,10
12.9796199799,80.2525634766,71882,71891,9
12.9799604416,80.2526016235,71891,71903,12
12.980799675,80.2525787354,71903,71913,10
12.9812498093,80.2525634766,71913,72044,131
12.9812498093,80.2525634766,72044,72054,10
12.9816598892,80.2525787354,72054,72065,11
12.9824104309,80.2525634766,72065,72075,10
12.9830102921,80.2525100708,72075,72085,10
12.9834604263,80.2524414063,72085,72095,10
12.9839000702,80.2523193359,72095,72105,10
12.9842796326,80.2522125244,72105,72115,10
12.9847602844,80.2520828247,72115,72125,10
12.9852104187,80.251953125,72125,72135,10
12.985619545,80.2518463135,72135,72145,10
12.986000061,80.2517471313,72145,72156,11
12.9866199493,80.2516021729,72156,72166,10
12.9875297546,80.2513427734,72166,72480,314
12.9875297546,80.2513427734,72480,72490,10
12.9877004623,80.2512969971,72490,72500,10
12.9881000519,80.2512207031,72500,72510,10
12.988820076,80.2510299683,72510,72520,10
12.98939991,80.2508621216,72520,72530,10
12.9894800186,80.2508468628,72530,72540,10
12.9898300171,80.2507629395,72540,72551,11
12.9906702042,80.2505569458,72551,72561,10
12.9915800095,80.250328064,72561,72571,10
12.9926996231,80.2500534058,72571,72581,10
12.9939203262,80.2497406006,72581,72591,10
12.9951295853,80.249458313,72591,72601,10
12.9960803986,80.2491836548,72601,72611,10
12.9966402054,80.2490005493,72611,72621,10
12.9968004227,80.2489776611,72621,72632,11
12.997300148,80.2488632202,72632,72642,10
12.9979801178,80.2487030029,72642,72652,10
12.99903965,80.2484436035,72652,72662,10
13.0001802444,80.2481536865,72662,72672,10
13.0014200211,80.2478485107,72672,72682,10
13.0027198792,80.2475585938,72682,72692,10
13.0040597916,80.2473526001,72692,72702,10
13.0052404404,80.247177124,72702,72712,10
13.0058403015,80.2470397949,72712,72723,11
13.0059604645,80.2469863892,72723,72773,50
13.0059604645,80.2469863892,72773,72783,10
13.0063199997,80.246711731,72783,72793,10
13.0064096451,80.2465362549,72793,72804,11
13.0064401627,80.2464675903,72804,72814,10
13.006529808,80.2463531494,72814,72824,10
13.0065698624,80.2462081909,72824,72834,10
13.0065698624,80.2459030151,72834,72844,10
13.0065803528,80.2457504272,72844,72854,10
13.0066003799,80.2455825806,72854,72864,10
13.0066204071,80.2454299927,72864,72874,10
13.0066204071,80.2452163696,72874,72885,11
13.0066204071,80.2450790405,72885,72895,10
13.0066404343,80.2449569702,72895,72905,10
13.0066404343,80.2448425293,72905,72915,10
13.0066299438,80.2446517944,72915,72925,10
13.0066204071,80.244430542,72925,72935,10
13.0066204071,80.2441635132,72935,72945,10
13.0066204071,80.2438735962,72945,72955,10
13.0066204071,80.2436523438,72955,72966,11
13.0066204071,80.2432479858,72966,72976,10
13.0066099167,80.2426605225,72976,72986,10
13.0066099167,80.2418365479,72986,72996,10
13.0066299438,80.2412872314,72996,73006,10
13.0066900253,80.2409210205,73006,73016,10
13.0068101883,80.2403106689,73016,73026,10
13.0070199966,80.2394485474,73026,73036,10
13.0071496964,80.2384796143,73036,73047,11
13.0072698593,80.2377929688,73047,73057,10
13.0074396133,80.2367019653,73057,73077,20
13.0074396133,80.2367019653,73077,73087,10
13.0074996948,80.2366027832,73087,73097,10
13.0075502396,80.2364196777,73097,73107,10
13.0076599121,80.2358627319,73107,73117,10
13.0078201294,80.2350234985,73117,73128,11
13.0080404282,80.2339477539,73128,73138,10
13.0082302094,80.2330322266,73138,73148,10
13.0084400177,80.2319564819,73148,73158,10
13.0086402893,80.2309112549,73158,73168,10
13.0088300705,80.2299118042,73168,73178,10
13.0089998245,80.2290420532,73178,73188,10
13.0092000961,80.2281417847,73188,73198,10
13.0095500946,80.2272872925,73198,73209,11
13.0099802017,80.2264099121,73209,73219,10
13.0103797913,80.2255935669,73219,73229,10
13.0105495453,80.2253189087,73229,73239,10
13.0106201172,80.2251586914,73239,73249,10
13.0108003616,80.2247619629,73249,73259,10
13.0110301971,80.2241897583,73259,73269,10
13.0112304688,80.2237167358,73269,73279,10
13.0112400055,80.2236862183,73279,73290,11
13.0113601685,80.2233581543,73290,73300,10
13.0116300583,80.2227401733,73300,73310,10
13.0119400024,80.2219161987,73310,73320,10
13.012260437,80.2214126587,73320,73330,10
13.0125904083,80.221786499,73330,73340,10
13.0130500793,80.2223968506,73340,73350,10
13.0136499405,80.2230606079,73350,73360,10
13.0142002106,80.2237472534,73360,73371,11
13.0148000717,80.2243728638,73371,73381,10
13.0151195526,80.2247161865,73381,73391,10
13.0154399872,80.2249984741,73391,73401,10
13.0156002045,80.2250823975,73401,73411,10
13.0156297684,80.2250823975,73411,73421,10
13.0159797668,80.2252578735,73421,73431,10
13.016579628,80.2252578735,73431,73441,10
13.0172700882,80.2250137329,73441,73452,11
13.0180797577,80.2246932983,73452,73462,10
13.0188703537,80.2243728638,73462,73472,10
13.0196199417,80.2244186401,73472,73502,30
13.0196199417,80.2244186401,73502,73512,10
13.0197601318,80.224609375,73512,73522,10
13.0202302933,80.224937439,73522,73533,11
13.020939827,80.225440979,73533,73543,10
13.0214700699,80.2258529663,73543,73553,10
13.0218601227,80.2261199951,73553,73563,10
13.0222501755,80.2264022827,73563,74231,668
13.0222501755,80.2264022827,74231,74241,10
13.0224399567,80.2265701294,74241,74251,10
13.022480011,80.2266082764,74251,74262,11
13.0226297379,80.2267379761,74262,74272,10
13.0229902267,80.2270584106,74272,74282,10
13.0233697891,80.227432251,74282,74292,10
13.0238103867,80.2277984619,74292,74302,10
13.0241603851,80.2281265259,74302,74312,10
13.0242500305,80.2282562256,74312,74322,10
13.024430275,80.228477478,74322,74363,41
13.024430275,80.228477478,74363,74373,10
13.0243701935,80.2285995483,74373,74383,10
13.0241603851,80.2284088135,74383,74393,10
13.0240802765,80.2282791138,74393,74403,10
13.0239200592,80.2280807495,74403,74413,10
13.0234603882,80.2276000977,74413,74434,21
13.0234603882,80.2276000977,74434,74444,10
13.0232801437,80.2273864746,74444,74454,10
13.0228395462,80.2269821167,74454,74464,10
13.0225095749,80.2266235352,74464,74474,10
13.0221500397,80.2263031006,74474,74484,10
13.021780014,80.2259979248,74484,74494,10
13.0211601257,80.2255401611,74494,74505,11
13.0203199387,80.2249603271,74505,74515,10
13.0194997787,80.2244796753,74515,74525,10
13.0185203552,80.2245407104,74525,74535,10
13.0175800323,80.2249298096,74535,74545,10
13.0167398453,80.2253036499,74545,74555,10
13.0162401199,80.2254562378,74555,74565,10
13.0156002045,80.225692749,74565,74575,10
13.0150499344,80.2259521484,74575,74586,11
13.0149002075,80.2260131836,74586,74596,10
13.0145101547,80.2261581421,74596,74606,10
13.0142202377,80.2262802124,74606,74616,10
13.0141096115,80.2263183594,74616,74626,10
13.0136995316,80.2264709473,74626,74636,10
13.0130195618,80.2267303467,74636,74646,10
13.0121898651,80.2270584106,74646,74656,10
13.0113897324,80.2273712158,74656,74666,10
13.0104999542,80.227722168,74666,74677,11
13.0095100403,80.2281570435,74677,74687,10
13.0091199875,80.2289199829,74687,74697,10
13.008890152,80.2300033569,74697,74707,10
13.0086603165,80.2312164307,74707,74717,10
13.0084400177,80.2323684692,74717,74727,10
13.0083198547,80.233253479,74727,74737,10
13.0082397461,80.2336425781,74737,74747,10
13.0081796646,80.2338562012,74747,74758,11
13.0080404282,80.2344818115,74758,74768,10
13.0079698563,80.2348175049,74768,74778,10
13.007900238,80.2351531982,74778,74788,10
13.0078296661,80.2355804443,74788,74798,10
13.0076599121,80.2363510132,74798,74808,10
13.0074596405,80.2374191284,74808,74818,10
13.0072402954,80.2386703491,74818,74828,10
13.0070104599,80.2397918701,74828,74839,11
13.0068798065,80.2405700684,74839,74849,10
13.0067996979,80.2410125732,74849,74859,10
13.006770134,80.2418289185,74859,74869,10
13.0067796707,80.2428588867,74869,74879,10
13.0067195892,80.2437973022,74879,74889,10
13.0066995621,80.2442932129,74889,74899,10
13.0066900253,80.2445373535,74899,74909,10
13.0067195892,80.2450408936,74909,74920,11
13.0067796707,80.2456588745,74920,74930,10
13.006819725,80.2462005615,74930,74940,10
13.006819725,80.2467422485,74940,74950,10
13.0065803528,80.2472610474,74950,74960,10
13.0061101913,80.2472229004,74960,74970,10
13.0054798126,80.2472305298,74970,74980,10
13.0045795441,80.2472915649,74980,74990,10
13.0034399033,80.2474594116,74990,75001,11
13.0020799637,80.2477416992,75001,75011,10
13.0008201599,80.2480697632,75011,75021,10
12.9995298386,80.2483978271,75021,75031,10
12.9981899261,80.2487411499,75031,75041,10
12.9968595505,80.2490615845,75041,75051,10
12.9955301285,80.2493667603,75051,75061,10
12.9944000244,80.249671936,75061,75071,10
12.9930696487,80.2500228882,75071,75142,71
12.9929504395,80.2501068115,75142,75294,152
12.9929504395,80.2501068115,75294,75304,10
12.992650032,80.2501907349,75304,75314,10
12.9922800064,80.2502670288,75314,75325,11
12.9918804169,80.2503662109,75325,75335,10
12.9912900925,80.2505569458,75335,75344,9
12.9909801483,80.250617981,75344,75355,11
12.9907398224,80.2506866455,75355,75365,10
12.9904298782,80.2507629395,75365,75375,10
12.9900798798,80.250831604,75375,75385,10
12.9897403717,80.2509002686,75385,75395,10
12.9894399643,80.2509536743,75395,75406,11
12.9891395569,80.2509765625,75406,75416,10
12.9889202118,80.2510528564,75416,75426,10
12.9886798859,80.2511520386,75426,75800,374
12.9886798859,80.2511520386,75800,75811,11
12.9884500504,80.2512969971,75811,75821,10
12.9883003235,80.2512817383,75821,75831,10
12.9879999161,80.2513809204,75831,75841,10
12.9876298904,80.2515106201,75841,75851,10
12.9872398376,80.2516326904,75851,75861,10
12.9869298935,80.2517318726,75861,75871,10
12.9863500595,80.2518692017,75871,75881,10
12.9855098724,80.2520370483,75881,75892,11
12.9842996597,80.2524032593,75892,75902,10
12.9830598831,80.2526779175,75902,75912,10
12.9817399979,80.2527389526,75912,75922,10
12.9806995392,80.2527770996,75922,75932,10
12.9798898697,80.2528076172,75932,75942,10
12.9791002274,80.2526779175,75942,75952,10
12.9785003662,80.252571106,75952,75962,10
12.9783000946,80.2524414063,75962,75973,11
12.9777603149,80.2519607544,75973,75983,10
12.9769601822,80.251411438,75983,75993,10
12.9758300781,80.2510528564,75993,76003,10
12.9745998383,80.2507019043,76003,76013,10
12.9735603333,80.2504119873,76013,76023,10
12.9729404449,80.2502365112,76023,76033,10
12.9725399017,80.2501296997,76033,76043,10
12.9720897675,80.2500076294,76043,76054,11
12.971280098,80.2498016357,76054,76064,10
12.9704999924,80.2495803833,76064,76074,10
12.9696102142,80.2492523193,76074,76084,10
12.9687099457,80.248878479,76084,76094,10
12.9678401947,80.2485198975,76094,76104,10
12.9671697617,80.248260498,76104,76114,10
12.9668397903,80.2481307983,76114,76124,10
12.9665603638,80.2479934692,76124,76135,11
12.9659099579,80.2477035522,76135,76145,10
12.9652395248,80.2474594116,76145,76155,10
12.9652004242,80.2474365234,76155,76165,10
12.9648399353,80.2473068237,76165,76175,10
12.9642000198,80.2470703125,76175,76185,10
12.9633903503,80.246711731,76185,76195,10
12.9623699188,80.2462081909,76195,76205,10
12.961230278,80.2456588745,76205,76215,10
12.9601697922,80.2451705933,76215,76226,11
12.9593801498,80.2448425293,76226,76236,10
12.9592695236,80.2447891235,76236,76246,10
12.9588403702,80.2445678711,76246,76256,10
12.9581403732,80.2442703247,76256,76266,10
12.9574899673,80.2440185547,76266,76276,10
12.9567203522,80.243812561,76276,76357,81
12.9567203522,80.243812561,76357,76367,10
12.9563703537,80.2437210083,76367,76377,10
12.9560203552,80.2435531616,76377,76388,11
12.9553203583,80.2431793213,76388,76398,10
12.9544696808,80.2427978516,76398,76408,10
12.9535503387,80.2424163818,76408,76418,10
12.9525203705,80.2419967651,76418,76428,10
12.9516201019,80.2417221069,76428,76438,10
12.9515399933,80.2416915894,76438,76448,10
12.9511699677,80.2415466309,76448,76458,10
12.9505300522,80.2413330078,76458,76469,11
12.9499397278,80.2411575317,76469,76479,10
12.9499197006,80.2411575317,76479,76489,10
12.9498300552,80.2410964966,76489,76499,10
12.9495201111,80.2409973145,76499,76509,10
12.9492397308,80.2409286499,76509,76519,10
12.9491596222,80.2408905029,76519,76529,10
12.9489402771,80.2407989502,76529,76539,10
12.94851017,80.2406082153,76539,76550,11
12.9476900101,80.240272522,76550,76560,10
12.9470100403,80.2400131226,76560,76570,10
12.9469099045,80.2399520874,76570,76580,10
12.9464502335,80.2397613525,76580,76590,10
12.9457597733,80.2394332886,76590,76600,10
12.945019722,80.2389297485,76600,76610,10
12.944270134,80.238067627,76610,76620,10
12.9434299469,80.2371368408,76620,76631,11
12.942150116,80.2363891602,76631,76641,10
12.9408597946,80.236076355,76641,76651,10
12.9396896362,80.2357330322,76651,76661,10
12.9385299683,80.2351608276,76661,76670,9
12.9374504089,80.2346191406,76670,76681,11
12.9362602234,80.2340621948,76681,76691,10
12.9353704453,80.2336502075,76691,76701,10
12.9343204498,80.2331619263,76701,76712,11
12.934009552,80.2330093384,76712,76722,10
12.9338798523,80.2329711914,76722,76732,10
12.933380127,80.2327423096,76732,76742,10
12.9326000214,80.232421875,76742,76752,10
12.9315500259,80.2320709229,76752,76762,10
12.9304704666,80.2317276001,76762,76771,9
12.9292097092,80.2314224243,76771,76782,11
12.9286499023,80.231338501,76782,76793,11
12.9275302887,80.2311706543,76793,76803,10
12.9263601303,80.2310180664,76803,76813,10
12.9251098633,80.2308807373,76813,76823,10
12.9238195419,80.23072052,76823,76833,10
12.9224901199,80.2305297852,76833,76843,10
12.9211101532,80.2303390503,76843,76853,10
12.9196796417,80.2301712036,76853,76863,10
12.9182701111,80.2299804688,76863,76874,11
12.9170103073,80.2298202515,76874,76884,10
12.9165401459,80.2297515869,76884,76894,10
12.9157495499,80.229637146,76894,76904,10
12.9146900177,80.2294921875,76904,76914,10
12.9135599136,80.2293701172,76914,76924,10
12.9132604599,80.2293319702,76924,76934,10
12.9130601883,80.2292785645,76934,76944,10
12.9124202728,80.2291793823,76944,76955,11
12.9114198685,80.2290420532,76955,76965,10
12.9102602005,80.2288818359,76965,76975,10
12.9089803696,80.2286834717,76975,76985,10
12.9071302414,80.2284088135,76985,77056,71
12.9071302414,80.2284088135,77056,77066,10
12.9070501328,80.2283477783,77066,77076,10
12.9066495895,80.2282867432,77076,77086,10
12.9059495926,80.2282333374,77086,77096,10
12.9050102234,80.2282028198,77096,77106,10
12.9040498734,80.2281417847,77106,77116,10
12.9032001495,80.2281036377,77116,77127,11
12.9026603699,80.2280883789,77127,77137,10
12.9026098251,80.2280883789,77137,77147,10
12.902299881,80.2280502319,77147,77157,10
12.9018697739,80.2280197144,77157,77167,10
12.9013204575,80.2279891968,77167,77177,10
12.9008398056,80.2279815674,77177,77187,10
12.9003400803,80.2279586792,77187,77197,10
12.9000597,80.2279281616,77197,77208,11
12.899720192,80.2278823853,77208,77218,10
12.8993701935,80.2278823853,77218,77228,10
12.8990497589,80.2278594971,77228,77238,10
12.8983697891,80.2278137207,77238,77248,10
12.8974895477,80.2277679443,77248,77258,10
12.8963603973,80.2277069092,77258,77268,10
12.8950996399,80.2276535034,77268,77278,10
12.8930702209,80.2275085449,77278,77309,31
12.8930702209,80.2275085449,77309,77319,10
12.8928699493,80.2274780273,77319,77329,10
12.8927202225,80.2274627686,77329,77339,10
12.8921098709,80.2274169922,77339,77349,10
12.8921098709,80.2274169922,77349,77359,10
12.8913402557,80.2274017334,77359,77370,11
12.8902597427,80.2274017334,77370,77380,10
12.8893404007,80.2273864746,77380,77390,10
12.8882598877,80.2273635864,77390,77400,10
12.8870601654,80.2272033691,77400,77411,11
12.8858804703,80.2269287109,77411,77421,10
12.8848400116,80.2267684937,77421,77431,10
12.8845996857,80.2267608643,77431,77441,10
12.8840904236,80.2267608643,77441,77452,11
12.8831596375,80.2267608643,77452,77462,10
12.8820295334,80.2267608643,77462,77472,10
12.880900383,80.2267684937,77472,77481,9
12.8795795441,80.2267913818,77481,77492,11
12.878080368,80.2268829346,77492,77502,10
12.876999855,80.2269592285,77502,77512,10
12.876660347,80.2269973755,77512,77522,10
12.8762197495,80.2270126343,77522,77533,11
12.8753795624,80.2269668579,77533,77543,10
12.8743000031,80.2268600464,77543,77553,10
12.8732204437,80.2267532349,77553,77563,10
12.8723897934,80.2267379761,77563,77573,10
12.872209549,80.2267303467,77573,77583,10
12.8717603683,80.2267227173,77583,77593,10
12.8709697723,80.2266769409,77593,77603,10
12.8699302673,80.226600647,77603,77615,12
12.8687200546,80.2264480591,77615,77625,10
12.8671398163,80.2265090942,77625,77635,10
12.8658599854,80.2266235352,77635,77645,10
12.8645601273,80.226600647,77645,77655,10
12.8632202148,80.2265396118,77655,77665,10
12.8618898392,80.2265930176,77665,77675,10
12.8609600067,80.2266311646,77675,77685,10
12.8608703613,80.2266235352,77685,77696,11
12.8604202271,80.2265625,77696,77706,10
12.859629631,80.2264404297,77706,77716,10
12.8585500717,80.2262802124,77716,77726,10
12.8573198318,80.2262573242,77726,77736,10
12.8560199738,80.2264022827,77736,77746,10
12.8546695709,80.2265472412,77746,77756,10
12.8532896042,80.2266921997,77756,77766,10
12.8518800735,80.2266464233,77766,77777,11
12.8503398895,80.2265930176,77777,77787,10
12.8489198685,80.2265777588,77787,77797,10
12.8474702835,80.2265930176,77797,77807,10
12.8461799622,80.2266387939,77807,77817,10
12.845410347,80.2266464233,77817,77827,10
12.8453903198,80.2266387939,77827,77837,10
12.8450698853,80.2266235352,77837,77847,10
12.8444004059,80.2266693115,77847,77858,11
12.8433704376,80.2267913818,77858,77868,10
12.8422603607,80.2270126343,77868,77878,10
12.8410196304,80.2273330688,77878,77888,10
12.8401699066,80.2275772095,77888,77898,10
12.8397197723,80.2277069092,77898,77918,20
12.8397197723,80.2277069092,77918,77928,10
12.8394498825,80.2278137207,77928,77939,11
12.8387699127,80.2279663086,77939,77949,10
12.837849617,80.2281799316,77949,77959,10
12.8366804123,80.2283630371,77959,77969,10
12.8353900909,80.2285614014,77969,77979,10
12.8340301514,80.2287826538,77979,77989,10
12.8326597214,80.2290420532,77989,77999,10
12.8316802979,80.2292480469,77999,78009,10
12.8315496445,80.2289428711,78009,78020,11
12.8315601349,80.2288589478,78020,78030,10
12.8314800262,80.2283630371,78030,78040,10
12.831319809,80.2275390625,78040,78050,10
12.8311004639,80.2264404297,78050,78060,10
12.8310699463,80.2251586914,78060,78070,10
12.8310804367,80.224647522,78070,78080,10
12.8310804367,80.2240982056,78080,78090,10
12.8310804367,80.2232666016,78090,78101,11
12.8310699463,80.2222671509,78101,78111,10
12.8310804367,80.2219390869,78111,78121,10
12.8310804367,80.2212295532,78121,78131,10
12.8310804367,80.2202606201,78131,78141,10
12.8310699463,80.2196731567,78141,78151,10
12.8306798935,80.2194519043,78151,78161,10
12.8299598694,80.2194519043,78161,78171,10
12.828789711,80.2194595337,78171,78181,10
12.8277397156,80.2194976807,78181,78192,11
12.8276700974,80.2194976807,78192,78202,10
12.8276100159,80.2194976807,78202,78212,10
12.8273696899,80.2194976807,78212,78222,10
12.826880455,80.2194900513,78222,78232,10
12.8261699677,80.2194976807,78232,78242,10
12.8261003494,80.2194900513,78242,78252,10
12.8260202408,80.2194290161,78252,78262,10
12.8260698318,80.2193527222,78262,78272,10
12.8261499405,80.2193527222,78272,78283,11
12.8267202377,80.2193832397,78283,78293,10
12.827249527,80.2193908691,78293,78303,10
12.8274297714,80.2194137573,78303,78313,10
12.8278398514,80.2194290161,78313,78323,10
12.8285198212,80.2194290161,78323,78333,10
12.8293399811,80.2194366455,78333,78343,10
12.8302898407,80.2194519043,78343,78354,11
12.8308801651,80.2194824219,78354,78364,10
12.831199646,80.2197799683,78364,78374,10
12.8311901093,80.2200469971,78374,78384,10
12.8311700821,80.2206878662,78384,78394,10
12.8311595917,80.2216491699,78394,78404,10
12.8311395645,80.2221908569,78404,78414,10
12.8311300278,80.2227020264,78414,78424,10
12.8311300278,80.2235488892,78424,78435,11
12.8311195374,80.2246170044,78435,78445,10
12.8311195374,80.2249984741,78445,78455,10
12.8311100006,80.2257766724,78455,78465,10
12.8311901093,80.2268218994,78465,78475,10
12.8314599991,80.2280197144,78475,78485,10
12.8316898346,80.2290725708,78485,78495,10
12.8318901062,80.2291488647,78495,78505,10
12.8323001862,80.229057312,78505,78516,11
12.8332099915,80.2288894653,78516,78526,10
12.8343296051,80.2287063599,78526,78536,10
12.835559845,80.2285003662,78536,78546,10
12.8366498947,80.2283401489,78546,78556,10
12.8378696442,80.2281265259,78556,78566,10
12.8388795853,80.227897644,78566,78576,10
12.8392896652,80.2276992798,78576,78586,10
12.8395700455,80.2276077271,78586,78597,11
12.8401298523,80.2275314331,78597,78607,10
12.8409404755,80.2273178101,78607,78617,10
12.8420095444,80.2270431519,78617,78627,10
12.8432598114,80.2268218994,78627,78637,10
12.8445701599,80.2266387939,78637,78648,11
12.8454504013,80.2265701294,78648,78658,10
12.8454704285,80.2265701294,78658,78668,10
12.8459501266,80.2265625,78668,78679,11
12.8466796875,80.2265625,78679,78689,10
12.847530365,80.2265625,78689,78699,10
12.8483896255,80.2265625,78699,78708,9
12.849029541,80.2265472412,78708,78719,11
12.8499498367,80.2265625,78719,78729,10
12.8507404327,80.2265701294,78729,78739,10
12.851770401,80.2266235352,78739,78749,10
12.8529596329,80.2266464233,78749,78760,11
12.8542499542,80.2265625,78760,78770,10
12.8553600311,80.2264328003,78770,78780,10
12.8565397263,80.2263183594,78780,78790,10
12.8577604294,80.2262191772,78790,78800,10
12.8585996628,80.2262191772,78800,78810,10
12.859629631,80.2263717651,78810,78820,10
12.8607597351,80.2265319824,78820,78830,10
12.8610401154,80.2265319824,78830,78841,11
12.8616600037,80.2265319824,78841,78851,10
12.8625402451,80.2264862061,78851,78861,10
12.863699913,80.2264862061,78861,78871,10
12.8647403717,80.2265396118,78871,78881,10
12.8661203384,80.2265319824,78881,78891,10
12.8692502975,80.2264328003,78891,78901,10
12.8692502975,80.2264328003,78901,78911,10
12.8706102371,80.2265701294,78911,78922,11
12.8716802597,80.2266387939,78922,78932,10
12.8724002838,80.2266387939,78932,78942,10
12.8731899261,80.2266693115,78942,78952,10
12.8742103577,80.2267532349,78952,78964,12
12.8753204346,80.2268981934,78964,78974,10
12.8761100769,80.2269363403,78974,78985,11
12.8763504028,80.2269210815,78985,78995,10
12.8766899109,80.2269210815,78995,79006,11
12.8774700165,80.2268829346,79006,79016,10
12.878490448,80.2267990112,79016,79026,10
12.8796901703,80.2267379761,79026,79036,10
12.8806800842,80.2267303467,79036,79046,10
12.8817396164,80.2267303467,79046,79056,10
12.8827695847,80.2267227173,79056,79066,10
12.8838300705,80.2267074585,79066,79076,10
12.8845901489,80.2266998291,79076,79087,11
12.8852300644,80.2266921997,79087,79096,9
12.8853797913,80.2267074585,79096,79107,11
12.8859395981,80.2268218994,79107,79117,10
12.886590004,80.2269668579,79117,79127,10
12.8873796463,80.2271728516,79127,79137,10
12.888420105,80.2272872925,79137,79147,10
12.8895702362,80.2273330688,79147,79157,10
12.8908500671,80.2273330688,79157,79168,11
12.8922395706,80.2273483276,79168,79178,10
12.8933601379,80.2274703979,79178,79188,10
12.8945398331,80.2275924683,79188,79198,10
12.8956403732,80.2276382446,79198,79208,10
12.8968696594,80.2276916504,79208,79218,10
12.8981599808,80.2277526855,79218,79228,10
12.8992900848,80.2278213501,79228,79238,10
12.9005804062,80.2278594971,79238,79309,71
12.9005804062,80.2278594971,79309,79319,10
12.9006595612,80.2278366089,79319,79330,11
12.9009504318,80.2278671265,79330,79340,10
12.9015703201,80.2279434204,79340,79350,10
12.9024295807,80.2279815674,79350,79360,10
12.9034204483,80.2280273438,79360,79370,10
12.9045801163,80.2280807495,79370,79380,10
12.9055099487,80.2281188965,79380,79390,10
12.9057502747,80.2281417847,79390,79400,10
12.9060602188,80.2281494141,79400,79411,11
12.9063196182,80.2281570435,79411,79421,10
12.9064598083,80.2281570435,79421,79431,10
12.9068803787,80.2282409668,79431,79441,10
12.9076595306,80.2283401489,79441,79451,10
12.9087095261,80.2285079956,79451,79461,10
12.9099397659,80.2287063599,79461,79471,10
12.9112596512,80.2288970947,79471,79481,10
12.9125995636,80.2290802002,79481,79492,11
12.913860321,80.2292480469,79492,79502,10
12.9140300751,80.2292785645,79502,79512,10
12.9146499634,80.2293624878,79512,79522,10
12.9155597687,80.2295074463,79522,79532,10
12.9167299271,80.2296600342,79532,79542,10
12.9179296494,80.2298126221,79542,79552,10
12.9189195633,80.2299423218,79552,79562,10
12.9198999405,80.2300796509,79562,79573,11
12.9210596085,80.2302017212,79573,79583,10
12.9221897125,80.2303695679,79583,79593,10
12.9234399796,80.2305831909,79593,79603,10
12.9247703552,80.2307434082,79603,79613,10
12.925909996,80.2308731079,79613,79623,10
12.9261798859,80.2309036255,79623,79633,10
12.9265804291,80.2309494019,79633,79643,10
12.9273004532,80.2310409546,79643,79654,11
12.9282999039,80.2311630249,79654,79664,10
12.929019928,80.2313079834,79664,79674,10
12.9298801422,80.2315063477,79674,79684,10
12.9308395386,80.2317962646,79684,79694,10
12.9319095612,80.2321395874,79694,79704,10
12.9329099655,80.2324829102,79704,79714,10
12.9337701797,80.2328567505,79714,79724,10
12.9347400665,80.2332992554,79724,79735,11
12.9356603622,80.2336807251,79735,79745,10
12.9357004166,80.2337036133,79745,79755,10
12.9359903336,80.2338409424,79755,79765,10
12.9366197586,80.2341308594,79765,79775,10
12.9375095367,80.2345504761,79775,79785,10
12.9384403229,80.2350082397,79785,79795,10
12.939209938,80.2354202271,79795,79805,10
12.9406204224,80.236000061,79805,79816,11
12.9420700073,80.2363586426,79816,79826,10
12.9433002472,80.2369689941,79826,79835,9
12.9441604614,80.2378921509,79835,79846,11
12.9452295303,80.2390213013,79846,79856,10
12.9462003708,80.2395324707,79856,79866,10
12.9473400116,80.2400283813,79866,79876,10
12.9484596252,80.2405014038,79876,79896,20
12.9484596252,80.2405014038,79896,79907,11
12.9486904144,80.2405929565,79907,79917,10
12.9491596222,80.2407608032,79917,79927,10
12.949839592,80.2410202026,79927,79937,10
12.9507398605,80.2413024902,79937,79947,10
12.9516801834,80.2416381836,79947,79957,10
12.9524002075,80.2418823242,79957,79967,10
12.95333004,80.2422180176,79967,79977,10
12.9543199539,80.2425994873,79977,79988,11
12.9551000595,80.2429199219,79988,79998,10
12.9557695389,80.2431793213,79998,80008,10
12.9560899734,80.2432785034,80008,80058,50
12.9562397003,80.2433319092,80058,80099,41
12.9562397003,80.2433319092,80099,80109,10
12.9566602707,80.2434997559,80109,80119,10
12.9573001862,80.2437896729,80119,80129,10
12.957909584,80.2440338135,80129,80139,10
12.9579696655,80.2440490723,80139,80150,11
12.958439827,80.2442474365,80150,80160,10
12.9592199326,80.2446136475,80160,80170,10
12.9601297379,80.245010376,80170,80180,10
12.9611597061,80.2455062866,80180,80190,10
12.9622602463,80.2460327148,80190,80200,10
12.9634399414,80.24659729,80200,80241,41
12.9634399414,80.24659729,80241,80251,10
12.9634799957,80.2467575073,80251,80261,10
12.9638299942,80.2469024658,80261,80271,10
12.9645395279,80.2471084595,80271,80281,10
12.9655399323,80.2474517822,80281,80291,10
12.9666996002,80.2479095459,80291,80301,10
12.9678401947,80.2484512329,80301,80312,11
12.9691295624,80.2489700317,80312,80322,10
12.9703702927,80.2494430542,80322,80332,10
12.9716901779,80.2498397827,80332,80342,10
12.9729995728,80.2501831055,80342,80352,10
12.9740600586,80.2504577637,80352,80362,10
12.9756803513,80.2509002686,80362,80372,10
12.9769601822,80.2512969971,80372,80382,10
12.978099823,80.2520370483,80382,80393,11
12.9790401459,80.2525177002,80393,80423,30
12.9790401459,80.2525177002,80423,80433,10
12.9790802002,80.2525024414,80433,80443,10
12.9794101715,80.2525405884,80443,80453,10
12.9796495438,80.2525787354,80453,80463,10
12.9804496765,80.2525787354,80463,80504,41
12.9804496765,80.2525787354,80504,80514,10
12.9805803299,80.2525634766,80514,80524,10
12.9807701111,80.2525482178,80524,80534,10
12.9809303284,80.2525405884,80534,80544,10
12.9814100266,80.2525405884,80544,80595,51
12.9815196991,80.252571106,80595,80666,71
12.9815196991,80.252571106,80666,80676,10
12.9818296432,80.2525405884,80676,80686,10
12.9821901321,80.2525405884,80686,80787,101
12.9821901321,80.2525405884,80787,80798,11
12.9824800491,80.2525177002,80798,80808,10
12.9831104279,80.2524795532,80808,80848,40
12.9831104279,80.2524795532,80848,80858,10
12.9833202362,80.252456665,80858,80899,41
12.9833202362,80.252456665,80899,80909,10
12.9833803177,80.2524490356,80909,80919,10
12.9837799072,80.2523727417,80919,80929,10
12.9839000702,80.2523269653,80929,80939,10
12.9843797684,80.2521896362,80939,80949,10
12.9844799042,80.252166748,80949,81010,61
12.9844799042,80.252166748,81010,81020,10
12.984749794,80.2520828247,81020,81029,9
12.9852199554,80.251953125,81029,81122,93
12.9855804443,80.2518997192,81122,81152,30
12.9855804443,80.2518997192,81152,81162,10
12.9857902527,80.2518310547,81162,81172,10
12.9863500595,80.251663208,81172,81263,91
12.9863500595,80.251663208,81263,81273,10
12.9866695404,80.2515716553,81273,81284,11
12.9869699478,80.2514801025,81284,81294,10
12.987569809,80.2513122559,81294,81395,101
12.987569809,80.2513122559,81395,81405,10
12.9880599976,80.2512130737,81405,81415,10
12.9887199402,80.2510528564,81415,81425,10
12.9897203445,80.2508163452,81425,81434,9
12.9907598495,80.2505569458,81434,81445,11
12.991900444,80.2502822876,81445,81456,11
12.9935398102,80.2498626709,81456,81466,10
12.9947795868,80.2495574951,81466,81476,10
12.9959697723,80.2492599487,81476,81486,10
12.9970903397,80.2489624023,81486,81496,10
12.9982795715,80.2486801147,81496,81506,10
12.9995498657,80.2483596802,81506,81516,10
13.0008802414,80.2480163574,81516,81526,10
13.0021495819,80.2476882935,81526,81537,11
13.0034399033,80.2474594116,81537,81547,10
13.0044803619,80.2472991943,81547,81557,10
13.0054197311,80.2471618652,81557,81567,10
13.0063199997,80.2467803955,81567,81577,10
13.0064601898,80.2465286255,81577,81587,10
13.0065097809,80.246421814,81587,81597,10
13.0066003799,80.2461013794,81597,81607,10
13.0066299438,80.2455978394,81607,81618,11
13.0066099167,80.2450408936,81618,81628,10
13.0066099167,80.2445373535,81628,81638,10
13.0066204071,80.2440490723,81638,81648,10
13.0066204071,80.2437210083,81648,81658,10
13.0066003799,80.2434234619,81658,81668,10
13.0065498352,80.2428817749,81668,81678,10
13.0065202713,80.2422180176,81678,81688,10
13.0065603256,80.2415771484,81688,81699,11
13.0066003799,80.2408981323,81699,81709,10
13.0067396164,80.2403182983,81709,81719,10
13.006819725,80.2398605347,81719,81729,10
13.0069799423,80.2391281128,81729,81739,10
13.0071601868,80.2380828857,81739,81749,10
13.0074300766,80.2369995117,81749,81759,10
13.0076599121,80.2358779907,81759,81769,10
13.007900238,80.2346725464,81769,81779,10
13.0081996918,80.2334213257,81779,81790,11
13.008480072,80.231880188,81790,81800,10
13.0087499619,80.2305297852,81800,81810,10
13.0089797974,80.2292098999,81810,81820,10
13.0093202591,80.2278823853,81820,81830,10
13.0097703934,80.2268829346,81830,81840,10
13.0103797913,80.2255783081,81840,81850,10
13.0108499527,80.2245788574,81850,81861,11
13.0112495422,80.2235488892,81861,81871,10
13.0112895966,80.2234268188,81871,81881,10
13.0114603043,80.2232971191,81881,81891,10
13.0119600296,80.2236022949,81891,81901,10
13.0126304626,80.2239685059,81901,81911,10
13.0136604309,80.2244415283,81911,81921,10
13.0146799088,80.2249298096,81921,81931,10
13.0151195526,80.2251815796,81931,81942,11
13.0152301788,80.2252731323,81942,81952,10
13.0154104233,80.2253494263,81952,81962,10
13.0153303146,80.2256774902,81962,81972,10
13.0150203705,80.2258605957,81972,81982,10
13.0149097443,80.2259292603,81982,81992,10
13.0144901276,80.2260818481,81992,82002,10
13.0143404007,80.2261428833,82002,82012,10
13.0142297745,80.2261810303,82012,82033,21
13.0142297745,80.2261810303,82033,82043,10
13.0141496658,80.2257919312,82043,82438,395
13.0141496658,80.2257919312,82438,82448,10
13.0142202377,80.2257080078,82448,82458,10
13.0144195557,80.2253875732,82458,82509,51
13.0142803192,80.2254562378,82509,83136,627
13.0142498016,80.2257766724,83136,83450,314
13.0142602921,80.2255630493,83450,84513,1063
13.0142498016,80.2255401611,84513,85779,1266
13.014289856,80.225692749,85779,85860,81
13.0142698288,80.2255096436,85860,86174,314
13.0141601563,80.2254867554,86174,86215,41
