12.9983301163,80.2571563721,23514,23857,343
12.9983301163,80.2571563721,23857,23867,10
12.9983596802,80.257019043,23867,23877,10
12.9982700348,80.2568283081,23877,23887,10
12.9980201721,80.2565383911,23887,23897,10
12.9979801178,80.2563400269,23897,24271,374
12.9979801178,80.2563400269,24271,24281,10
12.9977502823,80.2561569214,24281,24573,292
12.9977502823,80.2561569214,24573,24583,10
12.9977703094,80.2559967041,24583,24624,41
12.9977703094,80.2559967041,24624,24634,10
12.9976596832,80.2558898926,24634,24644,10
12.9973602295,80.2558822632,24644,24654,10
12.9970197678,80.2558670044,24654,24664,10
12.9967002869,80.255859375,24664,24674,10
12.9961996078,80.2558517456,24674,24684,10
12.9956197739,80.2558364868,24684,24694,10
12.9949798584,80.2558898926,24694,24704,10
12.9942798615,80.2559280396,24704,24714,10
12.9934997559,80.2559967041,24714,24724,10
12.9925498962,80.2560577393,24724,24734,10
12.9915599823,80.2560424805,24734,24745,11
12.9905796051,80.2559967041,24745,24755,10
12.9898004532,80.2559661865,24755,24765,10
12.9890298843,80.2559204102,24765,24775,10
12.9879598618,80.255821228,24775,24805,30
12.9879598618,80.255821228,24805,24815,10
12.9876403809,80.2559661865,24815,24825,10
12.9875898361,80.2566680908,24825,24835,10
12.9875202179,80.2575073242,24835,24844,9
12.987449646,80.2583694458,24844,24855,11
12.9873600006,80.2593002319,24855,24866,11
12.9871702194,80.2595596313,24866,24876,10
12.9870700836,80.2595367432,24876,24886,10
12.9868001938,80.2594985962,24886,24896,10
12.9866199493,80.2592468262,24896,24987,91
12.9866199493,80.2592468262,24987,24997,10
12.9867897034,80.2590332031,24997,25057,60
12.9867897034,80.2590332031,25057,25067,10
12.9871397018,80.2591018677,25067,25077,10
12.9873199463,80.2590484619,25077,25087,10
12.9874296188,80.2585678101,25087,25108,21
12.9874296188,80.2585678101,25108,25118,10
12.9874601364,80.2583694458,25118,25128,10
12.9874897003,80.2578811646,25128,25138,10
12.9875402451,80.2571487427,25138,25148,10
12.9876003265,80.2564620972,25148,25158,10
12.9876098633,80.2560577393,25158,25188,30
12.9876098633,80.2560577393,25188,25198,10
12.987660408,80.2558898926,25198,25208,10
12.9877996445,80.2557220459,25208,25219,11
12.9881296158,80.2557983398,25219,25229,10
12.9884700775,80.255859375,25229,25239,10
12.9887599945,80.255897522,25239,25249,10
12.9892501831,80.2559432983,25249,25259,10
12.9899501801,80.2559890747,25259,25269,10
12.9906702042,80.2559814453,25269,25279,10
12.9916000366,80.2560272217,25279,25289,10
12.9927101135,80.2560272217,25289,25299,10
12.9938898087,80.2559585571,25299,25309,10
12.9949903488,80.255897522,25309,25319,10
12.996339798,80.2558670044,25319,25340,21
12.996339798,80.2558670044,25340,25350,10
12.9965600967,80.255859375,25350,25360,10
12.9969501495,80.255859375,25360,25370,10
12.9972896576,80.255859375,25370,25380,10
12.9978704453,80.2558898926,25380,25390,10
12.9988603592,80.2560195923,25390,25410,20
12.9988603592,80.2560195923,25410,25420,10
12.9991397858,80.2560806274,25420,25430,10
12.9996595383,80.2561721802,25430,25440,10
13.0000400543,80.2562637329,25440,25451,11
13.0007200241,80.256362915,25451,25461,10
13.0013399124,80.2564468384,25461,25471,10
13.0020704269,80.2565536499,25471,25481,10
13.002869606,80.2566986084,25481,25491,10
13.0037698746,80.2568664551,25491,25501,10
13.0045404434,80.2570571899,25501,25511,10
13.0052404404,80.2571792603,25511,25521,10
13.0058698654,80.2573013306,25521,25541,20
13.0058698654,80.2573013306,25541,25551,10
13.0060901642,80.2573699951,25551,25561,10
13.0065002441,80.2574310303,25561,25572,11
13.0066204071,80.2568817139,25572,25582,10
13.0065898895,80.2559204102,25582,25592,10
13.0065898895,80.2548217773,25592,25602,10
13.0065803528,80.2537002563,25602,25612,10
13.0065803528,80.253112793,25612,25622,10
13.0065698624,80.2528076172,25622,25632,10
13.0066795349,80.251991272,25632,25642,10
13.0068397522,80.2509231567,25642,25652,10
13.006819725,80.2499084473,25652,25662,10
13.0067901611,80.2489089966,25662,25672,10
13.0066900253,80.2479934692,25672,25682,10
13.0066699982,80.2478637695,25682,25693,11
13.0066699982,80.2477493286,25693,25703,10
13.0066699982,80.2472229004,25703,25713,10
13.0066099167,80.2466888428,25713,25723,10
13.0066795349,80.2461395264,25723,25733,10
13.0066699982,80.245262146,25733,25743,10
13.006649971,80.2444610596,25743,25753,10
13.0066404343,80.2436981201,25753,25763,10
13.0066204071,80.2429885864,25763,25773,10
13.0066003799,80.2420120239,25773,25783,10
13.0066204071,80.2408905029,25783,25793,10
13.0066995621,80.2404785156,25793,25803,10
13.0068101883,80.239982605,25803,25814,11
13.0069599152,80.2391433716,25814,25824,10
13.0071697235,80.2381210327,25824,25834,10
13.0073795319,80.2370681763,25834,25844,10
13.0074300766,80.2366867065,25844,25854,10
13.0074996948,80.2365188599,25854,25864,10
13.0076398849,80.2359695435,25864,25874,10
13.007809639,80.2350997925,25874,25884,10
13.0080299377,80.2340164185,25884,25894,10
13.0082998276,80.2326126099,25894,25904,10
13.0085802078,80.2311477661,25904,25914,10
13.0088701248,80.2297210693,25914,25924,10
13.0091199875,80.2283935547,25924,25935,11
13.0096902847,80.2269515991,25935,25945,10
13.0103302002,80.2256698608,25945,25955,10
13.0108699799,80.2245483398,25955,25965,10
13.011300087,80.2234725952,25965,25975,10
13.0116596222,80.2225189209,25975,25985,10
13.0120296478,80.2214813232,25985,25995,10
13.0124902725,80.2216033936,25995,26005,10
13.0129299164,80.2222366333,26005,26015,10
13.0135803223,80.2229766846,26015,26025,10
13.0143003464,80.2238311768,26025,26035,10
13.0150203705,80.2246398926,26035,26045,10
13.0159196854,80.2253112793,26045,26056,11
13.01720047,80.2250976563,26056,26066,10
13.0184698105,80.224571228,26066,26076,10
13.0193300247,80.2242889404,26076,26086,10
13.0195398331,80.2244033813,26086,26096,10
13.0200300217,80.2247009277,26096,26106,10
13.0206899643,80.2251968384,26106,26116,10
13.0214195251,80.2257537842,26116,26126,10
13.0221595764,80.2263183594,26126,26136,10
13.0229597092,80.2270126343,26136,26146,10
13.0237703323,80.2277526855,26146,26156,10
13.024479866,80.2285690308,26156,26167,11
13.0251703262,80.2295379639,26167,26177,10
13.0258703232,80.2306213379,26177,26187,10
13.0260696411,80.231300354,26187,26197,10
13.0262403488,80.2320022583,26197,26207,10
13.0265598297,80.2328796387,26207,26217,10
13.0270900726,80.233757019,26217,26227,10
13.0277004242,80.2347793579,26227,26237,10
13.0283603668,80.2357635498,26237,26247,10
13.0291595459,80.2366485596,26247,26257,10
13.0297298431,80.2373886108,26257,26267,10
13.0302295685,80.2381896973,26267,26277,10
13.0307798386,80.239112854,26277,26288,11
13.0312204361,80.2398529053,26288,26298,10
13.0314998627,80.2404937744,26298,26308,10
13.0317497253,80.2412719727,26308,26318,10
13.0319795609,80.2417984009,26318,26328,10
13.0320501328,80.2419662476,26328,26338,10
13.0323095322,80.2422790527,26338,26348,10
13.0327596664,80.2428512573,26348,26358,10
13.033370018,80.2437210083,26358,26368,10
13.034119606,80.2447433472,26368,26378,10
13.0348300934,80.2456130981,26378,26388,10
13.0355796814,80.24609375,26388,26397,9
13.0357999802,80.2461471558,26397,26409,12
13.0361404419,80.2463378906,26409,26419,10
13.0368404388,80.2464675903,26419,26429,10
13.0375003815,80.2464065552,26429,26439,10
13.0381097794,80.2465515137,26439,26449,10
13.0389204025,80.2467880249,26449,26459,10
13.039150238,80.2468490601,26459,26469,10
13.0395698547,80.246963501,26469,26479,10
13.0403795242,80.2471313477,26479,26489,10
13.0409097672,80.2472381592,26489,26499,10
13.0410804749,80.2472686768,26499,26509,10
13.0417003632,80.2473983765,26509,26519,10
13.0426797867,80.2476425171,26519,26530,11
13.0436496735,80.2478637695,26530,26540,10
13.0441303253,80.2477798462,26540,26550,10
13.044260025,80.2478179932,26550,26560,10
13.0447101593,80.2479324341,26560,26570,10
13.0451402664,80.2481613159,26570,26580,10
13.0457696915,80.2484130859,26580,26590,10
13.04666996,80.2484207153,26590,26600,10
13.0470199585,80.2483825684,26600,26610,10
13.0472898483,80.2484970093,26610,26620,10
13.0477800369,80.2489700317,26620,26630,10
13.0484104156,80.2496185303,26630,26640,10
13.0492296219,80.2497634888,26640,26651,11
13.0504198074,80.2499771118,26651,26661,10
13.0515899658,80.2502822876,26661,26671,10
13.0525102615,80.251159668,26671,26681,10
13.0533599854,80.252281189,26681,26691,10
13.0541496277,80.2533798218,26691,26701,10
13.0549602509,80.25440979,26701,26711,10
13.0555696487,80.2553100586,26711,26721,10
13.056189537,80.2561264038,26721,26731,10
13.0566902161,80.2566833496,26731,26741,10
13.0569496155,80.2568969727,26741,26751,10
13.0573101044,80.2572631836,26751,26760,9
13.0578699112,80.2578430176,26760,26772,12
13.0586700439,80.2588577271,26772,26782,10
13.0592403412,80.2596511841,26782,26792,10
13.059920311,80.2602996826,26792,26802,10
13.0605697632,80.2610092163,26802,26812,10
13.0608196259,80.2613601685,26812,26822,10
13.0611000061,80.26171875,26822,26832,10
13.0615196228,80.26222229,26832,26842,10
13.0618696213,80.2627487183,26842,26852,10
13.0619401932,80.2627868652,26852,26862,10
13.0622196198,80.263130188,26862,26872,10
13.0627002716,80.2636795044,26872,26883,11
13.0631198883,80.2641372681,26883,26893,10
13.0631799698,80.2642211914,26893,26903,10
13.0634698868,80.2646331787,26903,26913,10
13.0638904572,80.2652893066,26913,26923,10
13.0643396378,80.2659225464,26923,26933,10
13.0648298264,80.2665176392,26933,26943,10
13.065320015,80.2670211792,26943,26953,10
13.0657596588,80.2674331665,26953,26962,9
13.0661897659,80.2679595947,26962,26973,11
13.0669403076,80.2684783936,26973,26983,10
13.0675001144,80.2688674927,26983,26992,9
13.068110466,80.2692565918,26992,27004,12
13.0684299469,80.2689285278,27004,27014,10
13.0686597824,80.2682495117,27014,27024,10
13.0690002441,80.2673492432,27024,27034,10
13.0696697235,80.2666015625,27034,27044,10
13.0704202652,80.2658691406,27044,27054,10
13.0708703995,80.2653808594,27054,27064,10
13.071390152,80.2648391724,27064,27074,10
13.0718803406,80.2643127441,27074,27084,10
13.0723199844,80.2637023926,27084,27094,10
13.0725603104,80.2630462646,27094,27104,10
13.0727396011,80.2624969482,27104,27114,10
13.0728702545,80.2620315552,27114,27125,11
13.0728998184,80.261932373,27125,27135,10
13.0730104446,80.2615509033,27135,27145,10
13.0731296539,80.2611465454,27145,27155,10
13.0734901428,80.2612991333,27155,27165,10
13.0739402771,80.2617874146,27165,27175,10
13.0743999481,80.2623596191,27175,27185,10
13.0748796463,80.2629776001,27185,27195,10
13.0751399994,80.2633285522,27195,27205,10
13.0753602982,80.2636413574,27205,27215,10
13.0757703781,80.2641830444,27215,27225,10
13.076210022,80.2642288208,27225,27234,9
13.0763998032,80.2642288208,27234,27246,12
13.077050209,80.2641525269,27246,27256,10
13.0775899887,80.263923645,27256,27266,10
13.0780601501,80.2635421753,27266,27276,10
13.0779895782,80.2629165649,27276,27286,10
13.0777597427,80.2622070313,27286,27296,10
13.0775499344,80.2616119385,27296,27306,10
13.0773200989,80.2610168457,27306,27326,20
13.0773200989,80.2610168457,27326,27336,10
13.0771903992,80.2607421875,27336,27346,10
13.0769996643,80.2604980469,27346,27356,10
13.0767602921,80.2602767944,27356,27367,11
13.0762796402,80.2598571777,27367,27377,10
13.0757102966,80.259262085,27377,27387,10
13.0754499435,80.2583999634,27387,27457,70
13.0754499435,80.2583999634,27457,27467,10
13.0754299164,80.2580566406,27467,27478,11
13.0759096146,80.2577667236,27478,27488,10
13.076499939,80.257270813,27488,27498,10
13.0771999359,80.2567901611,27498,27508,10
13.0780601501,80.2566223145,27508,27518,10
13.0789699554,80.2565307617,27518,27528,10
13.0790901184,80.2559280396,27528,27538,10
13.079000473,80.2550506592,27538,27548,10
13.0789403915,80.2547302246,27548,27578,30
13.0789403915,80.2547302246,27578,27588,10
13.0790996552,80.2546005249,27588,27598,10
13.0795602798,80.2545623779,27598,27609,11
13.0798501968,80.2546081543,27609,27619,10
13.0801496506,80.254699707,27619,27629,10
13.0808801651,80.2547988892,27629,27639,10
13.0815896988,80.2547836304,27639,27649,10
13.0818395615,80.25415802,27649,27659,10
13.0818996429,80.2534866333,27659,27669,10
13.0817403793,80.2528076172,27669,27679,10
13.0813999176,80.2520217896,27679,27689,10
13.0813903809,80.2512435913,27689,27699,10
13.0813903809,80.2507781982,27699,27709,10
13.0813598633,80.2501525879,27709,27720,11
13.0816602707,80.2496185303,27720,27730,10
13.0823802948,80.2497329712,27730,27740,10
13.0831203461,80.2498626709,27740,27750,10
13.0838699341,80.2499923706,27750,27760,10
13.0846300125,80.2501220703,27760,27770,10
13.0853900909,80.2502593994,27770,27780,10
13.0859003067,80.25025177,27780,27790,10
13.0859003067,80.24974823,27790,27800,10
13.0858697891,80.2489013672,27800,27810,10
13.0858297348,80.2479629517,27810,27820,10
13.0857801437,80.2467727661,27820,27830,10
13.0856599808,80.2457199097,27830,27841,11
13.0856199265,80.2453765869,27841,27851,10
13.0858402252,80.2450485229,27851,27861,10
13.0863599777,80.2446365356,27861,27871,10
13.0870103836,80.2441177368,27871,27881,10
13.0876502991,80.243560791,27881,27891,10
13.0879497528,80.2426376343,27891,27901,10
13.0884304047,80.2418823242,27901,27911,10
13.0892601013,80.2413024902,27911,27921,10
13.0900602341,80.2408828735,27921,27931,10
13.0910196304,80.2408218384,27931,27941,10
13.091919899,80.2408676147,27941,27951,10
13.0925998688,80.2409210205,27951,27962,11
13.0933599472,80.241027832,27962,27972,10
13.0942001343,80.2411575317,27972,27982,10
13.0944004059,80.2412109375,27982,27992,10
13.0949001312,80.2413101196,27992,28002,10
13.0953702927,80.2414474487,28002,28012,10
13.0957698822,80.2415771484,28012,28022,10
13.0959796906,80.2416534424,28022,28032,10
13.0965204239,80.2418518066,28032,28042,10
13.0971097946,80.2420272827,28042,28052,10
13.0975904465,80.2421569824,28052,28062,10
13.0982398987,80.2423095703,28062,28072,10
13.0986099243,80.2422866821,28072,28083,11
13.0987901688,80.2419891357,28083,28093,10
13.0986404419,80.2417831421,28093,28163,70
13.0986404419,80.2417831421,28163,28173,10
13.0984897614,80.2417984009,28173,28183,10
13.0985498428,80.2418518066,28183,28634,451
13.0985498428,80.2418518066,28634,28644,10
13.0986003876,80.2420578003,28644,28654,10
13.0985803604,80.2422180176,28654,28664,10
13.0985898972,80.2422409058,28664,28674,10
13.0984897614,80.2423400879,28674,28684,10
13.0981903076,80.2423095703,28684,28694,10
13.0975999832,80.2421875,28694,28704,10
13.0971097946,80.2420425415,28704,28715,11
13.0963401794,80.2417907715,28715,28725,10
13.0956602097,80.2415466309,28725,28735,10
13.09512043,80.2413635254,28735,28745,10
13.0946998596,80.2412567139,28745,28755,10
13.0942802429,80.2412109375,28755,28765,10
13.0936203003,80.2410888672,28765,28775,10
13.0935096741,80.2410583496,28775,28785,10
13.0931301117,80.2410125732,28785,28795,10
13.0924501419,80.2409286499,28795,28805,10
13.0916099548,80.2408676147,28805,28815,10
13.0905799866,80.2408828735,28815,28825,10
13.0895996094,80.2410888672,28825,28836,11
13.0887899399,80.2416381836,28836,28846,10
13.0880203247,80.2423019409,28846,28856,10
13.0878801346,80.2430419922,28856,28866,10
13.087849617,80.2432327271,28866,28876,10
13.087770462,80.2434234619,28876,28886,10
13.0876102448,80.243637085,28886,28896,10
13.0873003006,80.2439117432,28896,28906,10
13.0867900848,80.2443466187,28906,28916,10
13.0862903595,80.2447814941,28916,28926,10
13.0858201981,80.2451171875,28926,28936,10
13.085650444,80.2457580566,28936,28946,10
13.0857095718,80.2464294434,28946,28957,11
13.0857696533,80.2466888428,28957,28967,10
13.0858001709,80.2471008301,28967,28977,10
13.0858802795,80.2479171753,28977,28987,10
13.0859298706,80.2489471436,28987,28997,10
13.085940361,80.2501068115,28997,29007,10
13.0858697891,80.2507629395,29007,29017,10
13.0857601166,80.2514038086,29017,29027,10
13.0856800079,80.2520294189,29027,29037,10
13.0855998993,80.2526931763,29037,29047,10
13.0855703354,80.2532577515,29047,29057,10
13.085559845,80.2538986206,29057,29068,11
13.0856399536,80.2545318604,29068,29078,10
13.0855102539,80.254737854,29078,29088,10
13.0851402283,80.254699707,29088,29098,10
13.0845003128,80.2546081543,29098,29108,10
13.0839004517,80.2545394897,29108,29118,10
13.0836400986,80.2545318604,29118,29128,10
13.0834197998,80.2545166016,29128,29138,10
13.0827198029,80.2544937134,29138,29148,10
13.0822095871,80.2545089722,29148,29158,10
13.0815200806,80.2548370361,29158,29168,10
13.0809402466,80.2548217773,29168,29178,10
13.0807600021,80.2548294067,29178,29189,11
13.0802402496,80.254737854,29189,29199,10
13.0795297623,80.2546005249,29199,29209,10
13.0790996552,80.2547225952,29209,29219,10
13.0790300369,80.2549591064,29219,29229,10
13.0790901184,80.2556381226,29229,29239,10
13.0791196823,80.2565383911,29239,29249,10
13.0784702301,80.256652832,29249,29259,10
13.0778303146,80.256690979,29259,29269,10
13.0771503448,80.2568588257,29269,29279,10
13.0766096115,80.2572021484,29279,29289,10
13.0759496689,80.2578430176,29289,29299,10
13.0755796432,80.2581710815,29299,29310,11
13.0755500793,80.2581863403,29310,29320,10
13.0755395889,80.2586212158,29320,29330,10
13.0757703781,80.2593002319,29330,29340,10
13.0764598846,80.2599487305,29340,29350,10
13.0769195557,80.2603912354,29350,29360,10
13.0772104263,80.2607269287,29360,29370,10
13.0774402618,80.2611236572,29370,29380,10
13.0776100159,80.2615966797,29380,29390,10
13.0778198242,80.2621612549,29390,29420,30
13.0778198242,80.2621612549,29420,29431,11
13.077870369,80.2623825073,29431,29441,10
13.0780000687,80.2629318237,29441,29451,10
13.0782604218,80.2634124756,29451,29461,10
13.07791996,80.2635879517,29461,29471,10
13.0774097443,80.2639389038,29471,29481,10
13.0765895844,80.2641830444,29481,29491,10
13.0758199692,80.2642669678,29491,29501,10
13.0754499435,80.2638778687,29501,29511,10
13.0749797821,80.2632598877,29511,29521,10
13.0745296478,80.2626495361,29521,29531,10
13.0741300583,80.2621765137,29531,29541,10
13.0738697052,80.2618789673,29541,29552,11
13.0738201141,80.2618103027,29552,29562,10
13.0737199783,80.2616882324,29562,29572,10
13.07351017,80.2614822388,29572,29582,10
13.0731096268,80.2616119385,29582,29592,10
13.0728597641,80.2622833252,29592,29602,10
13.072640419,80.2629699707,29602,29612,10
13.0724201202,80.2636032104,29612,29622,10
13.0720100403,80.2641983032,29622,29632,10
13.0715999603,80.2645874023,29632,29642,10
13.0715198517,80.2646636963,29642,29652,10
13.0713396072,80.2648925781,29652,29661,9
13.0710401535,80.2651977539,29661,29673,12
13.070520401,80.2657165527,29673,29683,10
13.0700798035,80.2661590576,29683,29693,10
13.0696296692,80.2666320801,29693,29703,10
13.0691099167,80.2671279907,29703,29713,10
13.0687799454,80.2679214478,29713,29723,10
13.0685300827,80.268661499,29723,29733,10
13.0683498383,80.2693634033,29733,29743,10
13.0682201385,80.2700500488,29743,29753,10
13.0681400299,80.2708511353,29753,29763,10
13.0678100586,80.2710266113,29763,29773,10
13.0673999786,80.270652771,29773,29783,10
13.0672397614,80.2705078125,29783,29794,11
13.0669498444,80.2701721191,29794,29804,10
13.0665302277,80.2696609497,29804,29814,10
13.0663900375,80.2688598633,29814,29824,10
13.0660896301,80.268157959,29824,29834,10
13.0653896332,80.2676925659,29834,29844,10
13.0652103424,80.2676391602,29844,29854,10
13.0651102066,80.2676315308,29854,29864,10
13.0646600723,80.2675323486,29864,29874,10
13.0639696121,80.2674713135,29874,29884,10
13.0630197525,80.2672729492,29884,29894,10
13.0622501373,80.2666625977,29894,29904,10
13.0615701675,80.2657394409,29904,29915,11
13.0607500076,80.2652587891,29915,29925,10
13.0604295731,80.2654571533,29925,29935,10
13.0603199005,80.2655181885,29935,29945,10
13.0598297119,80.2655792236,29945,29955,10
13.0591402054,80.2655105591,29955,29965,10
13.0583295822,80.2653503418,29965,29975,10
13.0580101013,80.2644424438,29975,29985,10
13.0578603745,80.2632827759,29985,29995,10
13.0577001572,80.2622528076,29995,30005,10
13.0576400757,80.2619171143,30005,30015,10
13.057510376,80.2612304688,30015,30025,10
13.0572795868,80.2603607178,30025,30036,11
13.0569496155,80.2592391968,30036,30046,10
13.0566596985,80.2581329346,30046,30056,10
13.056520462,80.2573471069,30056,30066,10
13.0565099716,80.2572784424,30066,30076,10
13.0564603806,80.2571487427,30076,30086,10
13.0563402176,80.2565994263,30086,30096,10
13.0559797287,80.2560119629,30096,30106,10
13.0554504395,80.2552871704,30106,30116,10
13.0548000336,80.2544021606,30116,30126,10
13.0542697906,80.2537536621,30126,30136,10
13.0541801453,80.2536392212,30136,30147,11
13.0541095734,80.2535629272,30147,30157,10
13.0538301468,80.2531661987,30157,30167,10
13.0534095764,80.2525405884,30167,30177,10
13.0528697968,80.2518005371,30177,30187,10
13.0523500443,80.2511062622,30187,30197,10
13.0516996384,80.2504196167,30197,30207,10
13.0506896973,80.25,30207,30217,10
13.0497102737,80.2498168945,30217,30227,10
13.0486497879,80.2497024536,30227,30237,10
13.0479898453,80.2493286133,30237,30247,10
13.0474996567,80.2488937378,30247,30257,10
13.0469503403,80.2486419678,30257,30268,11
13.0468997955,80.248626709,30268,30278,10
13.046620369,80.2485961914,30278,30288,10
13.0460395813,80.2485580444,30288,30298,10
13.0453195572,80.248298645,30298,30308,10
13.0445699692,80.2480926514,30308,30318,10
13.043680191,80.2479324341,30318,30328,10
13.0426902771,80.2477493286,30328,30338,10
13.0417900085,80.2475585938,30338,30348,10
13.0415000916,80.2474899292,30348,30358,10
13.0414199829,80.2474365234,30358,30368,10
13.0410299301,80.2473983765,30368,30378,10
13.0398101807,80.2471694946,30378,30419,41
13.0398101807,80.2471694946,30419,30429,10
13.0394802094,80.2470169067,30429,30439,10
13.0389499664,80.2469100952,30439,30449,10
13.0383195877,80.2467803955,30449,30459,10
13.0378704071,80.2467269897,30459,30469,10
13.0371999741,80.24659729,30469,30479,10
13.0366296768,80.2464828491,30479,30489,10
13.0361795425,80.2464065552,30489,30499,10
13.035490036,80.2462081909,30499,30520,21
13.035490036,80.2462081909,30520,30530,10
13.0353002548,80.2461013794,30530,30540,10
13.0349998474,80.2459182739,30540,30550,10
13.0346298218,80.2454910278,30550,30560,10
13.0341596603,80.2449493408,30560,30570,10
13.0336303711,80.2442398071,30570,30580,10
13.0329399109,80.2434005737,30580,30590,10
13.0322504044,80.2424316406,30590,30600,10
13.0317296982,80.2415008545,30600,30610,10
13.0313396454,80.2407073975,30610,30620,10
13.0311203003,80.2402191162,30620,30631,11
13.0308303833,80.2395477295,30631,30641,10
13.0304098129,80.2387771606,30641,30651,10
13.0298500061,80.2377929688,30651,30661,10
13.0292301178,80.2369384766,30661,30671,10
13.0290498734,80.2367630005,30671,30681,10
13.0288801193,80.2365493774,30681,30691,10
13.0284404755,80.2360610962,30691,30701,10
13.0279197693,80.2354202271,30701,30711,10
13.0274295807,80.2345504761,30711,30721,10
13.02684021,80.233581543,30721,30731,10
13.0265598297,80.2331924438,30731,30752,21
13.0265598297,80.2331924438,30752,30762,10
13.0264501572,80.233039856,30762,30772,10
13.0262498856,80.2325897217,30772,30782,10
13.0260696411,80.2318496704,30782,30792,10
13.0258302689,80.2308273315,30792,30802,10
13.0252399445,80.2298431396,30802,30812,10
13.0249099731,80.2294387817,30812,30822,10
13.0248098373,80.2293167114,30822,30832,10
13.024479866,80.2288665771,30832,30842,10
13.0241298676,80.2284622192,30842,30852,10
13.0240697861,80.2284011841,30852,30862,10
13.0240297318,80.2283096313,30862,30873,11
13.0238399506,80.2279968262,30873,30883,10
13.0233697891,80.2275085449,30883,30893,10
13.0228099823,80.2269973755,30893,30903,10
13.0223302841,80.2265472412,30903,30913,10
13.0217399597,80.2260513306,30913,30923,10
13.0210599899,80.2255096436,30923,30933,10
13.0205001831,80.225189209,30933,30943,10
13.0198802948,80.2247467041,30943,30953,10
13.0190200806,80.2245025635,30953,30963,10
13.0180501938,80.2248077393,30963,30973,10
13.0170602798,80.225227356,30973,30983,10
13.0164699554,80.2254714966,30983,30994,11
13.0159902573,80.2256164551,30994,31004,10
13.015370369,80.2258529663,31004,31014,10
13.0144300461,80.2262268066,31014,31034,20
13.0144300461,80.2262268066,31034,31044,10
13.0141601563,80.2262878418,31044,31054,10
13.0135803223,80.2265319824,31054,31064,10
13.0127696991,80.2268295288,31064,31074,10
13.0118303299,80.2272109985,31074,31084,10
13.0107402802,80.2276535034,31084,31094,10
13.0096302032,80.2281112671,31094,31104,10
13.009059906,80.229019165,31104,31115,11
13.0087995529,80.2303466797,31115,31125,10
13.0085697174,80.2316513062,31125,31135,10
13.0083703995,80.2328186035,31135,31145,10
13.0082998276,80.2333908081,31145,31155,10
13.0082798004,80.2334594727,31155,31165,10
13.0081796646,80.2338180542,31165,31175,10
13.0081100464,80.2342987061,31175,31185,10
13.0080499649,80.2345428467,31185,31195,10
13.0079097748,80.2351608276,31195,31205,10
13.0077800751,80.2359008789,31205,31215,10
13.0075798035,80.2369232178,31215,31225,10
13.0073795319,80.2379608154,31225,31236,11
13.0072002411,80.2390213013,31236,31246,10
13.0070495605,80.239730835,31246,31296,50
13.0070495605,80.239730835,31296,31306,10
13.0069503784,80.2401580811,31306,31316,10
13.0068902969,80.2406234741,31316,31326,10
13.0068101883,80.2409286499,31326,31336,10
13.0067396164,80.241569519,31336,31345,9
13.0067195892,80.2427520752,31345,31377,32
13.0067195892,80.2427520752,31377,31387,10
13.0066900253,80.243057251,31387,31397,10
13.0066995621,80.2432937622,31397,31407,10
13.0066995621,80.2436294556,31407,31417,10
13.0066995621,80.2443008423,31417,31427,10
13.0067195892,80.2448425293,31427,31437,10
13.0067100525,80.2452468872,31437,31447,10
13.0067195892,80.2453918457,31447,31457,10
13.0066995621,80.2454986572,31457,31466,9
13.0067100525,80.2455673218,31466,31478,12
13.0067195892,80.2457199097,31478,31488,10
13.0067396164,80.24609375,31488,31498,10
13.0067796707,80.2465820313,31498,31508,10
13.0067796707,80.2472305298,31508,31518,10
13.0067300797,80.2480697632,31518,31528,10
13.0067796707,80.2491836548,31528,31538,10
13.0068302155,80.2503585815,31538,31548,10
13.0068902969,80.2510223389,31548,31568,20
13.0068902969,80.2510223389,31568,31578,10
13.0068397522,80.2512283325,31578,31588,10
13.006770134,80.2516326904,31588,31599,11
13.0066099167,80.2525024414,31599,31609,10
13.0065898895,80.2533874512,31609,31619,10
13.0066003799,80.2543182373,31619,31629,10
13.006649971,80.2550125122,31629,31639,10
13.0066404343,80.2551116943,31639,31649,10
13.0066204071,80.2555084229,31649,31659,10
13.0066204071,80.2562408447,31659,31669,10
13.0066604614,80.2570800781,31669,31679,10
13.0064296722,80.257598877,31679,31689,10
13.0059604645,80.2574615479,31689,31699,10
13.0054502487,80.2573318481,31699,31709,10
13.0047798157,80.2571487427,31709,31720,11
13.0039901733,80.2569580078,31720,31730,10
13.0035200119,80.2568817139,31730,31740,10
13.0031404495,80.2567977905,31740,31750,10
13.0027799606,80.2567367554,31750,31760,10
13.0024204254,80.256690979,31760,31770,10
13.0019702911,80.2566299438,31770,31830,60
13.0019702911,80.2566299438,31830,31841,11
13.0014696121,80.2565536499,31841,31851,10
13.0008296967,80.256439209,31851,31861,10
13.0000600815,80.2563095093,31861,31871,10
12.9996299744,80.2562789917,31871,31881,10
12.9996099472,80.2562789917,31881,31891,10
12.9994897842,80.2562026978,31891,31901,10
12.9992198944,80.2561721802,31901,31911,10
12.9986600876,80.2560806274,31911,31931,20
12.9986600876,80.2560806274,31931,31941,10
12.9982995987,80.2560272217,31941,31951,10
12.9979696274,80.2559509277,31951,31962,11
12.9975099564,80.255897522,31962,31982,20
12.9975099564,80.255897522,31982,31992,10
12.997300148,80.255897522,31992,32002,10
12.9969797134,80.2558898926,32002,32012,10
12.9965696335,80.2558517456,32012,32022,10
12.9958496094,80.255859375,32022,32032,10
12.9952402115,80.2558670044,32032,32042,10
12.9946498871,80.2559127808,32042,32052,10
12.9939804077,80.2559890747,32052,32062,10
12.993060112,80.2560424805,32062,32071,9
12.9920597076,80.2560577393,32071,32083,12
12.9909200668,80.2560195923,32083,32093,10
12.990240097,80.2559814453,32093,32103,10
12.98939991,80.2559661865,32103,32113,10
12.9887199402,80.2559509277,32113,32204,91
12.9887199402,80.2559509277,32204,32214,10
12.9882698059,80.2558898926,32214,32224,10
12.9878902435,80.255821228,32224,32234,10
12.9876203537,80.2561416626,32234,32244,10
12.9875898361,80.2568283081,32244,32254,10
12.9875602722,80.2575073242,32254,32264,10
12.9875001907,80.258392334,32264,32274,10
12.9873600006,80.2591705322,32274,32284,10
12.9872102737,80.2595977783,32284,32304,20
12.9872102737,80.2595977783,32304,32313,9
12.9870796204,80.2596206665,32313,32325,12
12.986700058,80.2595977783,32325,32335,10
12.9866104126,80.2593765259,32335,34049,1714
12.9866104126,80.2593765259,34049,34059,10
12.9870004654,80.2590332031,34059,34079,20
12.9870004654,80.2590332031,34079,34089,10
12.9871797562,80.2591171265,34089,34099,10
12.9873695374,80.2588729858,34099,34109,10
12.9874296188,80.2582015991,34109,34119,10
12.9874696732,80.2579421997,34119,34129,10
12.9875297546,80.2574234009,34129,34138,9
12.9876098633,80.2563400269,34138,34180,42
12.9876098633,80.2563400269,34180,34190,10
12.987660408,80.256111145,34190,34200,10
12.9876899719,80.255821228,34200,34210,10
12.9879703522,80.2557220459,34210,34220,10
12.9884300232,80.255821228,34220,34230,10
12.9885101318,80.2558288574,34230,34240,10
12.9885997772,80.2558517456,34240,34250,10
12.9889802933,80.255897522,34250,34260,10
12.9895200729,80.2559585571,34260,34271,11
12.9901504517,80.2559967041,34271,34281,10
12.9905700684,80.2559890747,34281,34291,10
12.9905996323,80.2559890747,34291,34301,10
12.9906797409,80.2559814453,34301,34311,10
12.9911499023,80.2560195923,34311,34321,10
12.9920396805,80.2560272217,34321,34331,10
12.9931697845,80.2559890747,34331,34341,10
12.9940795898,80.2559509277,34341,34351,10
12.9944601059,80.255897522,34351,34361,10
12.9948701859,80.2558517456,34361,34371,10
12.9951696396,80.2558364868,34371,34381,10
12.9954204559,80.2558364868,34381,34392,11
12.995759964,80.255859375,34392,34462,70
12.995759964,80.255859375,34462,34472,10
12.996049881,80.2559432983,34472,34482,10
12.9964799881,80.2559127808,34482,34492,10
12.9968595505,80.2559127808,34492,34502,10
12.9971199036,80.2559127808,34502,34513,11
12.9975996017,80.2559280396,34513,34523,10
12.997759819,80.2559204102,34523,34533,10
12.9982795715,80.2559661865,34533,34553,20
12.9982795715,80.2559661865,34553,34563,10
12.9986000061,80.2560195923,34563,34573,10
12.9987602234,80.2560424805,34573,34583,10
12.9991397858,80.2560882568,34583,34603,20
12.9991397858,80.2560882568,34603,34613,10
12.9993495941,80.2561569214,34613,34623,10
12.999710083,80.2562408447,34623,34634,11
13.0001897812,80.2563323975,34634,34644,10
13.0007600784,80.2564315796,34644,34654,10
13.0010499954,80.2564926147,34654,34664,10
13.0013504028,80.2565383911,34664,34674,10
13.0016403198,80.2566070557,34674,34684,10
13.002120018,80.2566680908,34684,34694,10
13.002530098,80.2567214966,34694,34704,10
13.002820015,80.2567825317,34704,34714,10
13.0033597946,80.2569122314,34714,34724,10
13.0040998459,80.2570495605,34724,34734,10
13.0046701431,80.2571716309,34734,34744,10
13.0050201416,80.257232666,34744,34754,10
13.0052404404,80.2572174072,34754,34775,21
13.0052404404,80.2572174072,34775,34785,10
13.0054397583,80.2572402954,34785,34795,10
13.0057401657,80.2573165894,34795,34805,10
13.006310463,80.2574615479,34805,34815,10
13.0065803528,80.2570724487,34815,34825,10
13.0065603256,80.2560424805,34825,34835,10
13.0066099167,80.2549285889,34835,34845,10
13.0066003799,80.2537765503,34845,34855,10
13.0066204071,80.2531433105,34855,34865,10
13.0066299438,80.2530593872,34865,34875,10
13.0066299438,80.2525177002,34875,34886,11
13.0066900253,80.2518920898,34886,34926,40
13.0066900253,80.2518920898,34926,34936,10
13.0067195892,80.2516708374,34936,34946,10
13.0067796707,80.2511367798,34946,34956,10
13.0067996979,80.250289917,34956,34966,10
13.0068902969,80.2492675781,34966,35007,41
13.0068902969,80.2492675781,35007,35017,10
13.0069599152,80.2491989136,35017,35027,10
13.0068798065,80.2487792969,35027,35037,10
13.0068101883,80.248336792,35037,35047,10
13.0067396164,80.2479095459,35047,35168,121
13.0067396164,80.2479095459,35168,35178,10
13.0067195892,80.2476196289,35178,35188,10
13.0067195892,80.2471008301,35188,35198,10
13.0066404343,80.2465667725,35198,35208,10
13.006649971,80.2464981079,35208,35218,10
13.0066795349,80.2460784912,35218,35228,10
13.0066795349,80.2454071045,35228,35237,9
13.0066699982,80.2448196411,35237,35249,12
13.0066604614,80.2440490723,35249,35259,10
13.0066604614,80.2434616089,35259,35269,10
13.0066299438,80.2430877686,35269,35279,10
13.0066099167,80.242401123,35279,35289,10
13.0066099167,80.241027832,35289,35309,20
13.0066099167,80.241027832,35309,35319,10
13.0066404343,80.2408370972,35319,35329,10
13.0066995621,80.2405319214,35329,35339,10
13.0067396164,80.2402420044,35339,35349,10
13.0068397522,80.2397003174,35349,35359,10
13.0070104599,80.2387619019,35359,35370,11
13.007229805,80.2378005981,35370,35380,10
13.0073900223,80.2370223999,35380,35390,10
13.0074195862,80.2367782593,35390,35400,10
13.0074996948,80.2365188599,35400,35410,10
13.0076198578,80.2359237671,35410,35420,10
13.0077600479,80.2352676392,35420,35430,10
13.0078802109,80.2344818115,35430,35440,10
13.0081100464,80.2334365845,35440,35450,10
13.008310318,80.2323913574,35450,35460,10
13.0084695816,80.2314605713,35460,35470,10
13.0086402893,80.2305908203,35470,35480,10
13.0088195801,80.2297515869,35480,35491,11
13.0089998245,80.2288589478,35491,35501,10
13.0092201233,80.2280426025,35501,35511,10
13.0095996857,80.2271728516,35511,35521,10
13.0101203918,80.2261199951,35521,35531,10
13.0105800629,80.2251815796,35531,35541,10
13.010890007,80.2244491577,35541,35551,10
13.0110797882,80.2238922119,35551,35561,10
13.0112895966,80.2233200073,35561,35571,10
13.0115499496,80.2227935791,35571,35581,10
13.0117197037,80.2221984863,35581,35591,10
13.0120096207,80.221496582,35591,35601,10
13.0122900009,80.2213516235,35601,35612,11
13.0125799179,80.2217483521,35612,35622,10
13.0129299164,80.2222824097,35622,35632,10
13.0133895874,80.2227935791,35632,35642,10
13.013879776,80.2233200073,35642,35652,10
13.0142002106,80.223739624,35652,35662,10
13.0145301819,80.2241821289,35662,35672,10
13.0152101517,80.2248382568,35672,35682,10
13.0159597397,80.2252883911,35682,35692,10
13.0166797638,80.2252197266,35692,35702,10
13.0168304443,80.225151062,35702,35712,10
13.0171604156,80.2250213623,35712,35722,10
13.0175800323,80.224861145,35722,35733,11
13.0180101395,80.2246780396,35733,35743,10
13.018409729,80.2245178223,35743,35753,10
13.0187196732,80.2243881226,35753,35763,10
13.0187501907,80.2243728638,35763,35773,10
13.0189800262,80.2242965698,35773,35783,10
13.0190296173,80.2242889404,35783,35793,10
13.0192098618,80.2242736816,35793,35803,10
13.0193099976,80.224281311,35803,35813,10
13.0195503235,80.2243728638,35813,35823,10
13.0197296143,80.2245025635,35823,35833,10
13.0202302933,80.224899292,35833,35854,21
13.0202302933,80.224899292,35854,35864,10
13.0204801559,80.2250595093,35864,35874,10
13.0207395554,80.225227356,35874,35884,10
13.0208997726,80.2253723145,35884,35894,10
13.0210800171,80.2255020142,35894,35904,10
13.0213699341,80.225769043,35904,35914,10
13.0215902328,80.2258987427,35914,35924,10
13.0215997696,80.2258987427,35924,35934,10
13.0218095779,80.226020813,35934,35954,20
13.0218095779,80.226020813,35954,35964,10
13.0220899582,80.2262420654,35964,35975,11
13.0222997665,80.2264099121,35975,35985,10
13.0224599838,80.2265625,35985,35995,10
13.022600174,80.2266998291,35995,36005,10
13.0227804184,80.2268676758,36005,36045,40
13.0227804184,80.2268676758,36045,36055,10
13.0230903625,80.2271881104,36055,36065,10
13.023150444,80.2272720337,36065,36075,10
13.0232696533,80.2273712158,36075,36085,10
13.0233697891,80.2274703979,36085,36096,11
13.0235204697,80.2275772095,36096,36106,10
13.0237903595,80.2278213501,36106,36116,10
13.0240001678,80.2279815674,36116,36126,10
13.0243396759,80.2283630371,36126,36146,20
13.0243396759,80.2283630371,36146,36156,10
13.0244102478,80.228477478,36156,36166,10
13.0245504379,80.2286834717,36166,36176,10
13.0247402191,80.2289810181,36176,36186,10
13.0249595642,80.2292861938,36186,36196,10
13.0254201889,80.2298736572,36196,36206,10
13.0257701874,80.2304000854,36206,36237,31
13.0257701874,80.2304000854,36237,36247,10
13.0258197784,80.2304916382,36247,36257,10
13.0258798599,80.2306976318,36257,36267,10
13.025970459,80.231048584,36267,36277,10
13.0260801315,80.2314529419,36277,36287,10
13.0263004303,80.2321624756,36287,36297,10
13.0266504288,80.2330093384,36297,36307,10
13.0271196365,80.2338104248,36307,36317,10
13.0275497437,80.2345581055,36317,36327,10
13.027970314,80.2352981567,36327,36338,11
13.0285797119,80.236038208,36338,36348,10
13.028840065,80.2363433838,36348,36358,10
13.0291595459,80.2367172241,36358,36368,10
13.0295200348,80.2371063232,36368,36378,10
13.0295600891,80.2371902466,36378,36388,10
13.0297698975,80.2374801636,36388,36398,10
13.030090332,80.2380523682,36398,36408,10
13.0305299759,80.2387619019,36408,36418,10
13.0310401917,80.2395477295,36418,36479,61
13.0310401917,80.2395477295,36479,36489,10
13.0311698914,80.2398223877,36489,36499,10
13.0313596725,80.2401123047,36499,36509,10
13.0314502716,80.2406768799,36509,36519,10
13.0316801071,80.2412033081,36519,36529,10
13.0319795609,80.2418518066,36529,36539,10
13.0325202942,80.2425308228,36539,36549,10
13.0331602097,80.2434234619,36549,36559,10
13.0338497162,80.2443618774,36559,36569,10
13.0344600677,80.2451705933,36569,36580,11
13.0351295471,80.2459335327,36580,36590,10
13.0357398987,80.2461395264,36590,36600,10
13.0357904434,80.2461776733,36600,36610,10
13.0360803604,80.2463302612,36610,36620,10
13.0367298126,80.2464599609,36620,36630,10
13.0374498367,80.246421814,36630,36639,9
13.0379400253,80.2464981079,36639,36650,11
13.0388402939,80.2467727661,36650,36690,40
13.0388402939,80.2467727661,36690,36700,10
13.0389699936,80.246887207,36700,36711,11
13.0394096375,80.246963501,36711,36721,10
13.0398197174,80.2470397949,36721,36731,10
13.0404701233,80.2471389771,36731,36741,10
13.0408496857,80.2472076416,36741,36751,10
13.0412302017,80.2472610474,36751,36761,10
13.0418996811,80.2473983765,36761,36771,10
13.0422201157,80.2474899292,36771,36781,10
13.0428304672,80.2477416992,36781,36791,10
13.0434103012,80.2478866577,36791,36801,10
13.0439796448,80.2478179932,36801,36811,10
13.0445699692,80.2479095459,36811,36820,9
13.0450601578,80.2481079102,36820,36832,12
13.0457496643,80.2483978271,36832,36842,10
13.046500206,80.2484970093,36842,36852,10
13.0469703674,80.2484588623,36852,36862,10
13.0469703674,80.2484664917,36862,36872,10
13.0473098755,80.2485809326,36872,36882,10
13.0478096008,80.2490005493,36882,36892,10
13.0481300354,80.2492828369,36892,36902,10
13.0487203598,80.2496337891,36902,36912,10
13.049249649,80.2497177124,36912,36932,20
13.049249649,80.2497177124,36932,36942,10
13.0495595932,80.2498168945,36942,36953,11
13.0503501892,80.2499389648,36953,36963,10
13.0511598587,80.2501068115,36963,36973,10
13.051440239,80.2501983643,36973,36983,10
13.051609993,80.2502822876,36983,36993,10
13.0517501831,80.2503509521,36993,37003,10
13.0519199371,80.2504577637,37003,37013,10
13.0519399643,80.2504730225,37013,37023,10
13.0520801544,80.2505874634,37023,37033,10
13.052280426,80.2508392334,37033,37043,10
13.052570343,80.2512512207,37043,37053,10
13.05286026,80.2516403198,37053,37062,9
13.053030014,80.2518997192,37062,37074,12
13.0531597137,80.2520904541,37074,37084,10
13.0532999039,80.252281189,37084,37094,10
13.053440094,80.2524719238,37094,37104,10
13.0536203384,80.2527389526,37104,37114,10
13.0537099838,80.2528381348,37114,37124,10
13.0538597107,80.2530517578,37124,37134,10
13.054019928,80.2532272339,37134,37144,10
13.0541095734,80.2533416748,37144,37154,10
13.0542497635,80.2535324097,37154,37164,10
13.0543603897,80.2536773682,37164,37174,10
13.0544595718,80.2537994385,37174,37184,10
13.054599762,80.2539901733,37184,37195,11
13.0547304153,80.2542037964,37195,37205,10
13.0548496246,80.2544021606,37205,37215,10
13.0550298691,80.2546081543,37215,37225,10
13.0552101135,80.2547836304,37225,37235,10
13.0553998947,80.2550506592,37235,37245,10
13.0555801392,80.2553482056,37245,37255,10
13.0557699203,80.2555923462,37255,37265,10
13.0559902191,80.2558822632,37265,37275,10
13.056189537,80.2561264038,37275,37285,10
13.0564498901,80.256439209,37285,37295,10
13.0567998886,80.2567596436,37295,37305,10
13.0568504333,80.2567977905,37305,37316,11
13.0570602417,80.2569732666,37316,37326,10
13.057559967,80.2574005127,37326,37336,10
13.0578403473,80.2577133179,37336,37346,10
13.0580797195,80.2580337524,37346,37356,10
13.0584697723,80.2585601807,37356,37366,10
13.0588903427,80.2590408325,37366,37376,10
13.0591802597,80.2595672607,37376,37386,10
13.0596199036,80.2600708008,37386,37396,10
13.0601196289,80.2605209351,37396,37406,10
13.0605602264,80.2609863281,37406,37416,10
13.0607099533,80.2611923218,37416,37426,10
13.0607500076,80.2612991333,37426,37437,11
13.0610599518,80.2616882324,37437,37447,10
13.0615100861,80.2621688843,37447,37457,10
13.0619697571,80.2627182007,37457,37497,40
13.0619697571,80.2627182007,37497,37507,10
13.062210083,80.2629928589,37507,37517,10
13.062620163,80.2634887695,37517,37527,10
13.0631103516,80.2640533447,37527,37537,10
13.063170433,80.2641372681,37537,37547,10
13.0632896423,80.2643203735,37547,37558,11
13.0636501312,80.2648773193,37558,37568,10
13.063949585,80.2654037476,37568,37578,10
13.0642004013,80.2657775879,37578,37588,10
13.064620018,80.266242981,37588,37598,10
13.0649900436,80.2666931152,37598,37608,10
13.0654296875,80.2670898438,37608,37618,10
13.0658397675,80.267539978,37618,37628,10
13.066280365,80.268081665,37628,37638,10
13.0663604736,80.2681503296,37638,37648,10
13.0664100647,80.2682037354,37648,37658,10
13.0666599274,80.2683792114,37658,37668,10
13.0669803619,80.2685012817,37668,37679,11
13.0670604706,80.2685394287,37679,37689,10
13.0673398972,80.2687301636,37689,37699,10
13.0677404404,80.2690200806,37699,37709,10
13.0681600571,80.2692565918,37709,37719,10
13.0683698654,80.2690200806,37719,37729,10
13.0684404373,80.2686691284,37729,37739,10
13.0684995651,80.2685089111,37739,37749,10
13.0687303543,80.2679824829,37749,37759,10
13.0689897537,80.267250061,37759,37769,10
13.0694999695,80.2667388916,37769,37779,10
13.0699796677,80.2662582397,37779,37789,10
13.0703802109,80.265838623,37789,37800,11
13.070400238,80.265838623,37800,37810,10
13.0706796646,80.2655487061,37810,37820,10
13.0710802078,80.2651596069,37820,37830,10
13.071559906,80.2646408081,37830,37840,10
13.0720701218,80.2640686035,37840,37850,10
13.0724401474,80.263381958,37850,37860,10
13.0726299286,80.2628707886,37860,37870,10
13.0728502274,80.2621765137,37870,37890,20
13.0728502274,80.2621765137,37890,37900,10
13.0729398727,80.2618331909,37900,37910,10
13.0730600357,80.2614212036,37910,37920,10
13.0730400085,80.2608795166,37920,37931,11
13.07310009,80.2606964111,37931,37941,10
13.0732803345,80.2605361938,37941,37951,10
13.0734395981,80.2602233887,37951,37961,10
13.073679924,80.2597579956,37961,37971,10
13.0741500854,80.259262085,37971,37981,10
13.0747404099,80.2587814331,37981,37991,10
13.0754299164,80.258140564,37991,38011,20
13.0754299164,80.258140564,38011,38021,10
13.0756797791,80.2579879761,38021,38031,10
13.076089859,80.2576370239,38031,38041,10
13.0765800476,80.2572174072,38041,38052,11
13.0771503448,80.2568435669,38052,38062,10
13.0778398514,80.2566604614,38062,38072,10
13.0787096024,80.2565994263,38072,38082,10
13.0790395737,80.2561721802,38082,38092,10
13.0789499283,80.2553634644,38092,38102,10
13.0788898468,80.2548599243,38102,38112,10
13.079079628,80.2545776367,38112,38122,10
13.0795097351,80.2545776367,38122,38132,10
13.0798101425,80.2546081543,38132,38142,10
13.0800199509,80.2546463013,38142,38152,10
13.0804901123,80.2547073364,38152,38162,10
13.0811796188,80.2547988892,38162,38173,11
13.0816898346,80.2546234131,38173,38183,10
13.0818500519,80.2540893555,38183,38193,10
13.0818996429,80.2534790039,38193,38203,10
13.0818099976,80.2529296875,38203,38213,10
13.0815200806,80.2524490356,38213,38223,10
13.0813598633,80.2517318726,38223,38233,10
13.0813503265,80.2511367798,38233,38243,10
13.0813398361,80.2508087158,38243,38253,10
13.0813503265,80.2504730225,38253,38263,10
13.0813102722,80.2498779297,38263,38273,10
13.0815896988,80.2495727539,38273,38283,10
13.0821199417,80.2496795654,38283,38294,11
13.0826997757,80.2497634888,38294,38304,10
13.0830202103,80.2498474121,38304,38314,10
13.0836200714,80.2499313354,38314,38324,10
13.0844402313,80.2500610352,38324,38334,10
13.0846796036,80.2501220703,38334,38344,10
13.0848798752,80.2501983643,38344,38354,10
13.0854597092,80.250289917,38354,38364,10
13.0858802795,80.2501983643,38364,38374,10
13.0858697891,80.2496337891,38374,38384,10
13.0858297348,80.2488174438,38384,38394,10
13.0857801437,80.248008728,38394,38404,10
13.0857801437,80.2472381592,38404,38415,11
13.085729599,80.2466278076,38415,38425,10
13.0857496262,80.2465362549,38425,38435,10
13.0857400894,80.2462081909,38435,38445,10
13.0856800079,80.2455215454,38445,38465,20
13.0856800079,80.2455215454,38465,38475,10
13.0856704712,80.2451629639,38475,38485,10
13.0860500336,80.2449111938,38485,38495,10
13.0865802765,80.2444763184,38495,38505,10
13.0872297287,80.2439422607,38505,38515,10
13.0877199173,80.2434005737,38515,38525,10
13.0878801346,80.2427978516,38525,38536,11
13.0881996155,80.2420196533,38536,38546,10
13.0888299942,80.2415771484,38546,38556,10
13.0894403458,80.2412033081,38556,38566,10
13.0902204514,80.2408599854,38566,38576,10
13.0911903381,80.240852356,38576,38586,10
13.0919904709,80.2408905029,38586,38596,10
13.0925598145,80.2409210205,38596,38606,10
13.0932397842,80.2409973145,38606,38616,10
13.0940599442,80.2411422729,38616,38626,10
13.0942897797,80.2411727905,38626,38636,10
13.0944004059,80.2412033081,38636,38646,10
13.0949001312,80.2413101196,38646,38657,11
13.0956096649,80.2415084839,38657,38667,10
13.0962896347,80.2417297363,38667,38677,10
13.0973300934,80.2420501709,38677,38747,70
13.0973300934,80.2420501709,38747,38757,10
13.0976200104,80.2421188354,38757,38767,10
13.0981502533,80.2422409058,38767,38778,11
13.0985898972,80.2422637939,38778,38788,10
13.0986003876,80.2422714233,38788,38798,10
13.0987300873,80.2422180176,38798,38808,10
13.0987796783,80.2419967651,38808,38818,10
13.0986499786,80.2418289185,38818,38828,10
13.0984802246,80.2421035767,38828,39057,229
13.098449707,80.2423400879,39057,39089,32
13.0975399017,80.2422485352,39089,39201,112
13.0952796936,80.2414932251,39201,39273,72
13.0941095352,80.2411880493,39273,39311,38
13.0887203217,80.2416687012,39311,39382,71
13.0875797272,80.2436828613,39382,39420,38
13.085849762,80.247718811,39420,39492,72
13.0857095718,80.2522277832,39492,39564,72
13.0855398178,80.2547225952,39564,39607,43
13.0832395554,80.2545394897,39607,39679,72
13.0808696747,80.2548065186,39679,39716,37
13.0793399811,80.2546386719,39716,39860,144
13.0790500641,80.2554473877,39860,39897,37
13.076210022,80.25756073,39897,39969,72
13.076259613,80.2597885132,39969,40006,37
13.0777597427,80.2619171143,40006,40078,72
13.0781698227,80.2632217407,40078,40115,37
13.0741701126,80.2622909546,40115,40226,111
13.073800087,80.2618331909,40226,40255,29
13.0732698441,80.2614135742,40255,40286,31
13.0726003647,80.2629165649,40286,40318,32
13.0719995499,80.2641067505,40318,40347,29
13.0719995499,80.2641067505,40347,40378,31
13.0712299347,80.2649612427,40378,40388,10
13.0708999634,80.2653121948,40388,40398,10
13.0705099106,80.2657089233,40398,40408,10
13.0700998306,80.26612854,40408,40418,10
13.0698204041,80.2664031982,40418,40428,10
13.0695695877,80.2666625977,40428,40438,10
13.0692195892,80.2669677734,40438,40448,10
13.0689201355,80.2674331665,40448,40458,10
13.0686998367,80.2680587769,40458,40468,10
13.0684900284,80.2686691284,40468,40478,10
13.0683603287,80.2692108154,40478,40488,10
13.0682601929,80.2696609497,40488,40497,9
13.0682001114,80.2700881958,40497,40509,12
13.0681400299,80.2705993652,40509,40519,10
13.0679998398,80.2709732056,40519,40528,9
13.0675401688,80.2707138062,40528,40539,11
13.0668201447,80.2699890137,40539,40549,10
13.0663099289,80.2691802979,40549,40559,10
13.0662498474,80.2685012817,40559,40569,10
13.0658197403,80.267906189,40569,40579,10
13.0654602051,80.2677001953,40579,40589,10
13.0652198792,80.2676773071,40589,40599,10
13.0651798248,80.2676925659,40599,40609,10
13.0647802353,80.267616272,40609,40618,9
13.0641498566,80.267539978,40618,40630,12
13.0632295609,80.2673568726,40630,40640,10
13.0626296997,80.2671279907,40640,40650,10
13.0621995926,80.2666320801,40650,40660,10
13.061750412,80.2660064697,40660,40670,10
13.061249733,80.2653427124,40670,40680,10
13.0606803894,80.2653274536,40680,40690,10
13.0605602264,80.2654037476,40690,40700,10
13.0602197647,80.2655181885,40700,40710,10
13.0595502853,80.2656021118,40710,40720,10
13.0588798523,80.2655029297,40720,40730,10
13.0585403442,80.265411377,40730,40740,10
13.0581598282,80.2651367188,40740,40750,10
13.0579795837,80.2644729614,40750,40761,11
13.0578603745,80.2634963989,40761,40771,10
13.0577697754,80.2625579834,40771,40781,10
13.0576496124,80.2618103027,40781,40791,10
13.0574703217,80.2609863281,40791,40801,10
13.0572004318,80.2601089478,40801,40811,10
13.0569295883,80.2591323853,40811,40821,10
13.0566596985,80.2583236694,40821,40831,10
13.0565795898,80.2578430176,40831,40841,10
13.0564804077,80.2574462891,40841,40851,10
13.0564603806,80.2573318481,40851,40861,10
13.0564603806,80.2571411133,40861,40871,10
13.0563297272,80.2566070557,40871,40882,11
13.0560102463,80.2560119629,40882,40892,10
13.055560112,80.2554092407,40892,40902,10
13.0549697876,80.2545776367,40902,40912,10
13.0542898178,80.2537078857,40912,40922,10
13.0540504456,80.25340271,40922,40932,10
13.0537996292,80.253036499,40932,40942,10
13.0533599854,80.2524185181,40942,40952,10
13.0527801514,80.251663208,40952,40961,9
13.0522699356,80.2509765625,40961,40972,11
13.0513401031,80.2501983643,40972,40982,10
13.050239563,80.2499084473,40982,40992,10
13.0492401123,80.2497787476,40992,41003,11
13.0487604141,80.24974823,41003,41013,10
13.0485401154,80.2497177124,41013,41023,10
13.0482301712,80.2495193481,41023,41033,10
13.0477104187,80.2490692139,41033,41043,10
13.0471000671,80.2486877441,41043,41053,10
13.0470399857,80.2486801147,41053,41063,10
13.0468301773,80.248626709,41063,41073,10
13.0462503433,80.2485275269,41073,41083,10
13.0456104279,80.2483215332,41083,41093,10
13.045009613,80.2481613159,41093,41103,10
13.0442199707,80.2480392456,41103,41113,10
13.0436401367,80.2479476929,41113,41124,11
13.0429697037,80.2479782104,41124,41134,10
13.0425100327,80.2479476929,41134,41144,10
13.04185009,80.2478027344,41144,41154,10
13.0415296555,80.2476272583,41154,41164,10
13.0410900116,80.247467041,41164,41174,10
13.0402402878,80.2472610474,41174,41184,10
13.0397901535,80.2471313477,41184,41214,30
13.0397901535,80.2471313477,41214,41224,10
13.0396203995,80.2470092773,41224,41233,9
13.039150238,80.2469177246,41233,41245,12
13.0383796692,80.2467727661,41245,41255,10
13.037779808,80.2466964722,41255,41265,10
13.03703022,80.2465896606,41265,41275,10
13.0362997055,80.2464294434,41275,41285,10
13.0356197357,80.2461776733,41285,41295,10
13.0354099274,80.2461013794,41295,41305,10
13.035320282,80.2459335327,41305,41315,10
13.0349197388,80.2457122803,41315,41325,10
13.0344896317,80.2452163696,41325,41335,10
13.0339698792,80.2446670532,41335,41345,10
13.0333595276,80.2439804077,41345,41355,10
13.032790184,80.2432174683,41355,41364,9
13.0325803757,80.2428512573,41364,41375,11
13.0323200226,80.2425079346,41375,41386,11
13.0321397781,80.2422790527,41386,41396,10
13.0319299698,80.2419433594,41396,41406,10
13.0317802429,80.241569519,41406,41487,81
13.0317802429,80.241569519,41487,41497,10
13.0316400528,80.2412567139,41497,41507,10
13.031080246,80.240020752,41507,41608,101
13.031080246,80.240020752,41608,41618,10
13.0309200287,80.2396316528,41618,41628,10
13.0305700302,80.2389984131,41628,41638,10
13.030090332,80.2381668091,41638,41648,10
13.0295200348,80.2372817993,41648,41658,10
13.0290899277,80.2368392944,41658,41668,10
13.0289402008,80.2366714478,41668,41678,10
13.0285396576,80.2361831665,41678,41688,10
13.0279798508,80.235496521,41688,41698,10
13.0275001526,80.2346801758,41698,41708,10
13.0269603729,80.233833313,41708,41718,10
13.0266799927,80.2333831787,41718,41749,31
13.0266799927,80.2333831787,41749,41759,10
13.0265903473,80.233291626,41759,41769,10
13.0264101028,80.232963562,41769,41779,10
13.0262298584,80.2323226929,41779,41789,10
13.0260801315,80.2317276001,41789,41799,10
13.0259399414,80.2311325073,41799,41809,10
13.0255899429,80.2302780151,41809,41819,10
13.0249700546,80.2294464111,41819,41829,10
13.0244903564,80.2288589478,41829,41839,10
13.024020195,80.2283172607,41839,41860,21
13.024020195,80.2283172607,41860,41870,10
13.0238704681,80.2281570435,41870,41880,10
13.0235996246,80.2278594971,41880,41890,10
13.0231704712,80.2274017334,41890,41900,10
13.0225400925,80.2268829346,41900,41910,10
13.0218696594,80.2263336182,41910,41920,10
13.021229744,80.2258071899,41920,41930,10
13.0204896927,80.2253036499,41930,41940,10
13.0199804306,80.224937439,41940,41950,10
13.0198097229,80.2248077393,41950,41960,10
13.0193195343,80.224571228,41960,41970,10
13.0184803009,80.2246398926,41970,41981,11
13.0173196793,80.2250976563,41981,41991,10
13.0163602829,80.2255020142,41991,42001,10
13.015540123,80.2257766724,42001,42011,10
13.0147895813,80.2260818481,42011,42021,10
13.0138702393,80.2265014648,42021,42041,20
13.0138702393,80.2265014648,42041,42051,10
13.0136499405,80.2265930176,42051,42061,10
13.0131597519,80.2267074585,42061,42071,10
13.0124197006,80.2270202637,42071,42081,10
13.0114498138,80.2274017334,42081,42091,10
13.0103998184,80.2278213501,42091,42102,11
13.0094499588,80.2282409668,42102,42112,10
13.009059906,80.2290802002,42112,42122,10
13.0088195801,80.2301635742,42122,42132,10
13.0086202621,80.2312164307,42132,42142,10
13.0084104538,80.232208252,42142,42152,10
13.008310318,80.2331466675,42152,42162,10
13.0082597733,80.233581543,42162,42172,10
13.0082197189,80.2337417603,42172,42182,10
13.0081396103,80.2341690063,42182,42192,10
13.0080900192,80.234336853,42192,42202,10
13.008020401,80.2344894409,42202,42212,10
13.007900238,80.2350006104,42212,42223,11
13.0077199936,80.2357711792,42223,42233,10
13.0076503754,80.2361679077,42233,42243,10
13.0075798035,80.236618042,42243,42253,10
13.007519722,80.2369384766,42253,42263,10
13.0074195862,80.2373886108,42263,42273,10
13.007349968,80.2377166748,42273,42283,10
13.0072698593,80.2382583618,42283,42404,121
13.0072698593,80.2382583618,42404,42414,10
13.0071601868,80.2387619019,42414,42424,10
13.0070199966,80.2392196655,42424,42434,10
13.0069599152,80.2397003174,42434,42485,51
13.0069103241,80.2400817871,42485,42515,30
13.0069103241,80.2400817871,42515,42525,10
13.0068101883,80.2404632568,42525,42535,10
13.0067796707,80.2407608032,42535,42545,10
13.0067396164,80.2409133911,42545,42555,10
13.0066795349,80.2415084839,42555,42565,10
13.0066795349,80.2423019409,42565,42575,10
13.0067300797,80.2426071167,42575,42585,10
13.0066699982,80.243019104,42585,42596,11
13.0066604614,80.2433624268,42596,42606,10
13.0066099167,80.2436981201,42606,42616,10
13.0066099167,80.2441711426,42616,42626,10
13.0066099167,80.2446975708,42626,42636,10
13.006649971,80.2452163696,42636,42646,10
13.0066699982,80.2457733154,42646,42656,10
13.0066900253,80.2459030151,42656,42666,10
13.0067501068,80.2464370728,42666,42696,30
13.0067501068,80.2464370728,42696,42706,10
13.0067996979,80.2470703125,42706,42717,11
13.0067396164,80.2477798462,42717,42727,10
13.0067501068,80.2486724854,42727,42737,10
13.0068101883,80.2496566772,42737,42747,10
13.0068397522,80.250579834,42747,42757,10
13.006819725,80.2512817383,42757,42767,10
13.0066003799,80.2519607544,42767,42777,10
13.0065402985,80.2529296875,42777,42787,10
13.0065803528,80.2540435791,42787,42797,10
13.0066404343,80.2550201416,42797,42807,10
13.0066404343,80.2551803589,42807,42817,10
13.0066099167,80.2553634644,42817,42827,10
13.0066003799,80.2559509277,42827,42838,11
13.0065803528,80.2571029663,42838,42878,40
13.0068101883,80.2572174072,42878,42898,20
13.0068101883,80.2572174072,42898,42908,10
13.0068101883,80.2574234009,42908,42918,10
13.0064496994,80.2575531006,42918,42928,10
13.0058898926,80.2573776245,42928,42938,10
13.0052499771,80.2571487427,42938,42948,10
13.0044202805,80.2570495605,42948,42959,11
13.0037097931,80.2569580078,42959,42969,10
13.0036697388,80.256942749,42969,42979,10
13.003370285,80.2568817139,42979,42989,10
13.0029497147,80.2568206787,42989,42999,10
13.0021095276,80.2566680908,42999,43068,69
13.0021095276,80.2566680908,43068,43080,12
13.0013504028,80.2565612793,43080,43090,10
13.0005502701,80.2564697266,43090,43100,10
12.9997301102,80.2562789917,43100,43130,30
12.9997301102,80.2562789917,43130,43140,10
12.9995002747,80.2562484741,43140,43150,10
12.9990901947,80.2561798096,43150,43160,10
12.9987602234,80.256111145,43160,43170,10
12.9987602234,80.2561035156,43170,43180,10
12.9986000061,80.256072998,43180,43190,10
12.9981098175,80.2559661865,43190,43201,11
12.9978199005,80.2560424805,43201,43211,10
12.9977502823,80.2562179565,43211,43221,10
12.9978199005,80.2564620972,43221,43231,10
12.9978399277,80.2570114136,43231,43241,10
12.9976196289,80.2569122314,43241,43392,151
12.9976196289,80.2569122314,43392,43402,10
12.9975299835,80.256690979,43402,43412,10
12.9976196289,80.2563095093,43412,43422,10
12.9976596832,80.2560577393,43422,43431,9
12.9970998764,80.2559585571,43431,43483,52
12.9970998764,80.2559585571,43483,43493,10
12.9969301224,80.2559509277,43493,43503,10
12.9965400696,80.2559204102,43503,43513,10
12.995880127,80.2558898926,43513,43523,10
12.9952402115,80.2558898926,43523,43533,10
12.9944696426,80.2559204102,43533,43543,10
12.9939804077,80.2559967041,43543,43553,10
12.9930896759,80.256072998,43553,43564,11
12.9918804169,80.256072998,43564,43574,10
12.9909200668,80.2560272217,43574,43584,10
12.9902296066,80.2560119629,43584,43594,10
12.9897098541,80.2559890747,43594,43604,10
12.9889698029,80.2559509277,43604,43614,10
12.9884004593,80.2559127808,43614,43624,10
12.9879302979,80.2558288574,43624,43634,10
12.9876699448,80.256072998,43634,43644,10
12.9875802994,80.2567520142,43644,43654,10
12.9874601364,80.2576599121,43654,43664,10
12.9873895645,80.2586135864,43664,43674,10
12.987279892,80.2593536377,43674,43735,61
12.9870500565,80.2596130371,43735,43755,20
12.9870500565,80.2596130371,43755,43765,10
12.9870500565,80.2593231201,43765,44138,373
12.9870500565,80.2593231201,44138,44148,10
12.9872398376,80.2591094971,44148,44158,10
12.9873600006,80.2588806152,44158,44168,10
12.9874000549,80.2584075928,44168,44178,10
12.987449646,80.2580566406,44178,44189,11
12.9874801636,80.2576828003,44189,44199,10
12.9875202179,80.2571029663,44199,44209,10
12.9875297546,80.2567977905,44209,44219,10
12.9875497818,80.2564468384,44219,44229,10
12.9875898361,80.2560195923,44229,44239,10
12.9877996445,80.2557907104,44239,44249,10
12.9880304337,80.2558288574,44249,44259,10
12.9882602692,80.255859375,44259,44269,10
12.9884996414,80.2558822632,44269,44279,10
12.9886798859,80.255897522,44279,44289,10
12.988820076,80.2559127808,44289,44299,10
12.9892101288,80.2559661865,44299,44310,11
12.9898300171,80.2560577393,44310,44320,10
12.9904203415,80.2560195923,44320,44330,10
12.9908399582,80.2560272217,44330,44340,10
12.9912796021,80.2560195923,44340,44350,10
12.9919395447,80.2560424805,44350,44360,10
12.9926996231,80.2560272217,44360,44370,10
12.9933900833,80.2559890747,44370,44390,20
12.9933900833,80.2559890747,44390,44400,10
12.9935998917,80.2559661865,44400,44410,10
12.9937896729,80.2559509277,44410,44420,10
12.9940700531,80.2559585571,44420,44491,71
12.9940700531,80.2559585571,44491,44501,10
12.9945497513,80.2559280396,44501,44511,10
12.9947395325,80.2559280396,44511,44521,10
12.9949798584,80.2559204102,44521,44531,10
12.9951696396,80.2559127808,44531,44541,10
12.9953899384,80.255897522,44541,44552,11
12.9959201813,80.2558670044,44552,44582,30
12.9959201813,80.2558670044,44582,44592,10
12.9961099625,80.255821228,44592,44602,10
12.9965496063,80.2558288574,44602,44612,10
12.9969396591,80.2558288574,44612,44622,10
12.9971904755,80.2558364868,44622,44632,10
12.9975700378,80.2558670044,44632,44642,10
12.9978504181,80.2558898926,44642,44652,10
12.9980201721,80.2559280396,44652,44662,10
12.9983301163,80.2559814453,44662,44671,9
12.9986200333,80.2559967041,44671,44683,12
12.9986600876,80.2559967041,44683,44693,10
12.9991397858,80.2560882568,44693,44703,10
12.9994697571,80.256149292,44703,44713,10
12.9997797012,80.2562179565,44713,44723,10
13.0002002716,80.2563095093,44723,44733,10
13.0005102158,80.256401062,44733,44743,10
13.0009002686,80.2564620972,44743,44753,10
13.0012702942,80.2565307617,44753,44763,10
13.0016899109,80.2566070557,44763,44773,10
13.0021495819,80.256652832,44773,44783,10
13.0025701523,80.2567062378,44783,44793,10
13.002989769,80.2567977905,44793,44804,11
13.0032396317,80.2568588257,44804,44814,10
13.0034198761,80.2568817139,44814,44824,10
13.0039596558,80.2570114136,44824,44834,10
13.0044298172,80.2570800781,44834,44844,10
13.0049104691,80.2572021484,44844,44854,10
13.0051698685,80.2571868896,44854,44864,10
13.0055103302,80.257232666,44864,44874,10
13.0060300827,80.2573928833,44874,44884,10
13.006529808,80.2574462891,44884,44894,10
13.0066099167,80.2571792603,44894,44904,10
13.0065803528,80.2566375732,44904,44914,10
13.0065498352,80.2559661865,44914,44925,11
13.0065803528,80.2552337646,44925,44935,10
13.0065498352,80.2542495728,44935,44945,10
13.0065698624,80.2541503906,44945,44964,19
13.0065698624,80.2541503906,44964,44975,11
13.0066099167,80.2538070679,44975,44985,10
13.0065803528,80.2533721924,44985,44995,10
13.0065803528,80.2532424927,44995,45005,10
13.0065698624,80.2530288696,45005,45034,29
13.0065698624,80.2530288696,45034,45046,12
13.0065898895,80.2528762817,45046,45056,10
13.0066204071,80.2524337769,45056,45066,10
13.0067100525,80.251701355,45066,45076,10
13.0067996979,80.2509613037,45076,45086,10
13.0067596436,80.25050354,45086,45096,10
13.006819725,80.249786377,45096,45146,50
13.006819725,80.249786377,45146,45156,10
13.0067901611,80.2496871948,45156,45167,11
13.0068101883,80.2491607666,45167,45177,10
13.0067396164,80.248550415,45177,45187,10
13.0066795349,80.2482376099,45187,45257,70
13.0066795349,80.2482376099,45257,45267,10
13.0066604614,80.248046875,45267,45277,10
13.0066299438,80.2476425171,45277,45287,10
13.0066604614,80.2470169067,45287,45298,11
13.0066604614,80.2468185425,45298,45308,10
13.0066299438,80.246307373,45308,45318,10
13.0066204071,80.2454910278,45318,45328,10
13.0066099167,80.2446289063,45328,45338,10
13.0066099167,80.2439575195,45338,45348,10
13.0065803528,80.2434234619,45348,45358,10
13.0066099167,80.2427520752,45358,45368,10
13.0066099167,80.2421035767,45368,45378,10
13.0066404343,80.2412261963,45378,45388,10
13.0067901611,80.2403488159,45388,45398,10
13.006939888,80.2395782471,45398,45409,11
13.0071201324,80.2386169434,45409,45419,10
13.0072202682,80.237953186,45419,45429,10
13.007349968,80.2372207642,45429,45439,10
13.0073900223,80.2367477417,45439,45449,10
13.0074501038,80.236618042,45449,45459,10
13.0075702667,80.2361526489,45459,45469,10
13.0077199936,80.2353973389,45469,45479,10
13.007900238,80.2344818115,45479,45489,10
13.0081396103,80.2333908081,45489,45499,10
13.0083503723,80.2321624756,45499,45509,10
13.0086202621,80.2309112549,45509,45519,10
13.0088596344,80.2296600342,45519,45529,10
13.0090999603,80.2284698486,45529,45540,11
13.0095596313,80.2273025513,45540,45550,10
13.0100603104,80.2261962891,45550,45560,10
13.0104999542,80.2252502441,45560,45570,10
13.0108604431,80.2244796753,45570,45580,10
13.0111398697,80.2237472534,45580,45590,10
13.0111904144,80.2234725952,45590,45600,10
13.0113601685,80.2229690552,45600,45610,10
13.0115404129,80.2222900391,45610,45620,10
13.0119199753,80.2214889526,45620,45630,10
13.012339592,80.2215270996,45630,45640,10
13.012720108,80.2220993042,45640,45650,10
13.013299942,80.2227478027,45650,45661,11
13.0139598846,80.2234802246,45661,45671,10
13.014289856,80.2238769531,45671,45681,10
13.0150203705,80.2246932983,45681,45701,20
13.0150203705,80.2246932983,45701,45711,10
13.0152101517,80.2248687744,45711,45721,10
13.0157499313,80.2252502441,45721,45731,10
13.0165300369,80.2252807617,45731,45741,10
13.0174102783,80.224937439,45741,45751,10
13.0183000565,80.224571228,45751,45761,10
13.0190896988,80.224281311,45761,45771,10
13.0192899704,80.224281311,45771,45782,11
13.0194396973,80.2243499756,45782,45792,10
13.0199403763,80.2247009277,45792,45802,10
13.0206098557,80.2251815796,45802,45812,10
13.0212001801,80.2256622314,45812,45822,10
13.0218601227,80.2261505127,45822,45832,10
13.022480011,80.2266769409,45832,45842,10
13.0231599808,80.2272491455,45842,45852,10
13.0237398148,80.2277908325,45852,45862,10
13.0242300034,80.2282714844,45862,45872,10
13.0243501663,80.2284088135,45872,45882,10
13.0244398117,80.2285766602,45882,45891,9
13.0247001648,80.2289810181,45891,45903,12
13.0252103806,80.2296524048,45903,45913,10
13.0256004333,80.2302322388,45913,45923,10
13.0258903503,80.2307434082,45923,45933,10
13.0259504318,80.2309265137,45933,45943,10
13.0260400772,80.2313919067,45943,45953,10
13.0261602402,80.2319335938,45953,45963,10
13.0263996124,80.2325820923,45963,46003,40
13.0263996124,80.2325820923,46003,46013,10
13.026599884,80.2329864502,46013,46024,11
13.0269498825,80.2336120605,46024,46034,10
13.0273895264,80.234336853,46034,46044,10
13.0278196335,80.2351226807,46044,46054,10
13.0283098221,80.235786438,46054,46064,10
13.0288600922,80.2364273071,46064,46074,10
13.0293302536,80.236907959,46074,46084,10
13.0296001434,80.2371902466,46084,46094,10
13.0297603607,80.237411499,46094,46104,10
13.0300998688,80.2380371094,46104,46114,10
13.0306501389,80.2389907837,46114,46134,20
13.0306501389,80.2389907837,46134,46144,10
13.0307998657,80.2393035889,46144,46155,11
13.0310497284,80.2397384644,46155,46165,10
13.0312099457,80.2399902344,46165,46175,10
13.0313501358,80.2403030396,46175,46185,10
13.0313997269,80.2406921387,46185,46195,10
13.0315904617,80.2410430908,46195,46205,10
13.0317802429,80.2414474487,46205,46215,10
13.0320301056,80.2419815063,46215,46225,10
13.0324897766,80.2425308228,46225,46235,10
13.0330400467,80.243270874,46235,46245,10
13.0335597992,80.2440414429,46245,46255,10
13.0339803696,80.2446365356,46255,46265,10
13.0341596603,80.2448120117,46265,46276,11
13.0345001221,80.2452011108,46276,46286,10
13.0348596573,80.2456665039,46286,46296,10
13.0356502533,80.2461090088,46296,46316,20
13.0356502533,80.2461090088,46316,46326,10
13.0356998444,80.2461929321,46326,46336,10
13.0361003876,80.246307373,46336,46346,10
13.0368003845,80.2464294434,46346,46356,10
13.0374498367,80.2463607788,46356,46366,10
13.0380496979,80.2464981079,46366,46376,10
13.0387201309,80.2467422485,46376,46386,10
13.0390195847,80.2468032837,46386,46397,11
13.0392799377,80.2468490601,46397,46407,10
13.0396203995,80.2469482422,46407,46417,10
13.0402402878,80.2470779419,46417,46427,10
13.0410995483,80.2472610474,46427,46437,10
13.0419101715,80.2473983765,46437,46447,10
13.0423402786,80.2475128174,46447,46457,10
13.0429401398,80.2477874756,46457,46467,10
13.0434999466,80.2478485107,46467,46477,10
13.0440196991,80.2477798462,46477,46487,10
13.0445604324,80.2479019165,46487,46497,10
13.0450496674,80.2481384277,46497,46507,10
13.0456399918,80.2483596802,46507,46518,11
13.0468997955,80.2484130859,46518,46538,20
13.0468997955,80.2484130859,46538,46548,10
13.0472602844,80.2485275269,46548,46558,10
13.047659874,80.248916626,46558,46568,10
13.0479097366,80.2491836548,46568,46578,10
13.0482702255,80.2495193481,46578,46588,10
13.0487804413,80.2496795654,46588,46598,10
13.0494403839,80.2497787476,46598,46608,10
13.050239563,80.2499008179,46608,46618,10
13.0510797501,80.2500762939,46618,46628,10
13.0518198013,80.2504501343,46628,46639,11
13.0524702072,80.2511825562,46639,46649,10
13.0530500412,80.251953125,46649,46659,10
13.0536298752,80.2527084351,46659,46669,10
13.0540103912,80.2532577515,46669,46679,10
13.0542297363,80.2535476685,46679,46689,10
13.0543203354,80.2536621094,46689,46699,10
13.054479599,80.2538833618,46699,46709,10
13.0546102524,80.2540512085,46709,46719,10
13.0547304153,80.2542190552,46719,46729,10
13.054889679,80.2544326782,46729,46739,10
13.0550403595,80.2546081543,46739,46749,10
13.0552101135,80.2548522949,46749,46760,11
13.0553503036,80.2550506592,46760,46770,10
13.0556201935,80.2554168701,46770,46780,10
13.0558395386,80.2557220459,46780,46790,10
13.0560798645,80.2560424805,46790,46800,10
13.0563097,80.2563400269,46800,46810,10
13.056599617,80.2566223145,46810,46820,10
13.056810379,80.2568283081,46820,46830,10
13.0568504333,80.2568893433,46830,46840,10
13.0572004318,80.257232666,46840,46850,10
13.0576696396,80.2577133179,46850,46870,20
13.0576696396,80.2577133179,46870,46881,11
13.057800293,80.2578430176,46881,46891,10
13.0580997467,80.2581787109,46891,46901,10
13.0583200455,80.2584533691,46901,46911,10
13.058380127,80.2585525513,46911,46921,10
13.0585403442,80.2588424683,46921,46931,10
13.0587301254,80.2590103149,46931,46941,10
13.0590496063,80.2593994141,46941,46951,10
13.0593700409,80.2599411011,46951,46961,10
13.0598897934,80.2603530884,46961,46971,10
13.060379982,80.2608413696,46971,46981,10
13.0605297089,80.2610015869,46981,46991,10
13.0606098175,80.2611465454,46991,47001,10
13.0609102249,80.2616119385,47001,47012,11
13.0612897873,80.2620620728,47012,47022,10
13.0615997314,80.2623291016,47022,47032,10
13.0619602203,80.262840271,47032,47042,10
13.0624799728,80.2634811401,47042,47052,10
13.0628404617,80.2639083862,47052,47062,10
13.0631399155,80.2641983032,47062,47072,10
13.0631904602,80.264251709,47072,47082,10
13.0634098053,80.2646026611,47082,47092,10
13.0636997223,80.2651062012,47092,47102,10
13.0639200211,80.2654571533,47102,47112,10
13.0641698837,80.2657928467,47112,47121,9
13.0645399094,80.2662200928,47121,47133,12
13.0649003983,80.2666473389,47133,47143,10
13.0652799606,80.2670211792,47143,47153,10
13.0657596588,80.2675018311,47153,47162,9
13.0662202835,80.2680587769,47162,47193,31
13.0662202835,80.2680587769,47193,47203,10
13.0663499832,80.2681884766,47203,47213,10
13.066570282,80.2683181763,47213,47223,10
13.06690979,80.2684707642,47223,47233,10
13.0669202805,80.2684707642,47233,47243,10
13.0671901703,80.268661499,47243,47254,11
13.0675697327,80.2689437866,47254,47264,10
13.0680799484,80.2692489624,47264,47274,10
13.0683298111,80.268951416,47274,47284,10
13.0685300827,80.2683868408,47284,47294,10
13.0687704086,80.2678070068,47294,47304,10
13.0690402985,80.2671813965,47304,47314,10
13.0693798065,80.2667694092,47314,47324,10
13.0699300766,80.2662734985,47324,47334,10
13.0703201294,80.265838623,47334,47344,10
13.0704498291,80.2656784058,47344,47354,10
13.0708198547,80.2652893066,47354,47363,9
13.0711297989,80.2649917603,47363,47375,12
13.0717000961,80.2644424438,47375,47385,10
13.07213974,80.2639465332,47385,47395,10
13.0724697113,80.2632675171,47395,47405,10
13.0726499557,80.2627487183,47405,47415,10
13.0728397369,80.2621994019,47415,47425,10
13.0729398727,80.261932373,47425,47435,10
13.0729904175,80.2617263794,47435,47445,10
13.0730895996,80.2613601685,47445,47455,10
13.0732603073,80.2611465454,47455,47465,10
13.0736503601,80.2614974976,47465,47475,10
13.0739803314,80.2618789673,47475,47485,10
13.0740995407,80.262046814,47485,47496,11
13.0743904114,80.2623977661,47496,47506,10
13.0746603012,80.2627487183,47506,47516,10
13.0748100281,80.2629394531,47516,47526,10
13.0750598907,80.2632980347,47526,47536,10
13.0752696991,80.2635726929,47536,47546,10
13.0755596161,80.2639694214,47546,47556,10
13.0760698318,80.2641906738,47556,47566,10
13.0768003464,80.2641067505,47566,47576,10
13.0774803162,80.2639007568,47576,47586,10
13.0779800415,80.2634811401,47586,47596,10
13.07791996,80.2629089355,47596,47606,10
13.0776996613,80.2621383667,47606,47617,11
13.0774202347,80.2613067627,47617,47627,10
13.0772895813,80.2609481812,47627,47637,10
13.0772800446,80.2609329224,47637,47647,10
13.0772199631,80.2608032227,47647,47657,10
13.0769901276,80.2604522705,47657,47667,10
13.0764703751,80.2600097656,47667,47677,10
13.0758695602,80.2595367432,47677,47687,10
13.0755901337,80.2590713501,47687,47697,10
13.0755300522,80.2589035034,47697,47707,10
13.0754804611,80.2586517334,47707,47717,10
13.0754203796,80.2582778931,47717,47727,10
13.0757598877,80.2579116821,47727,47738,11
13.0763597488,80.2573928833,47738,47748,10
13.0769701004,80.2569122314,47748,47758,10
13.0776500702,80.2566604614,47758,47768,10
13.0784797668,80.2565917969,47768,47778,10
13.0790195465,80.2564315796,47778,47798,20
13.0790195465,80.2564315796,47798,47808,10
13.0790500641,80.256111145,47808,47818,10
13.0789899826,80.255531311,47818,47828,10
13.0789203644,80.2549133301,47828,47869,41
13.0789203644,80.2549133301,47869,47879,10
13.0789003372,80.2546691895,47879,47889,10
13.0791797638,80.2545166016,47889,47899,10
13.0795001984,80.2545089722,47899,47909,10
13.0796098709,80.2545318604,47909,47919,10
13.0799798965,80.2545700073,47919,47929,10
13.0805997849,80.254699707,47929,47939,10
13.0811195374,80.2547836304,47939,47949,10
13.0815000534,80.254737854,47949,47959,10
13.081609726,80.2546310425,47959,47969,10
13.0817298889,80.2543487549,47969,47980,11
13.0818195343,80.2539825439,47980,47990,10
13.0818595886,80.2536315918,47990,48000,10
13.0818595886,80.253112793,48000,48010,10
13.0815601349,80.2525482178,48010,48020,10
13.081410408,80.2518463135,48020,48030,10
13.0813798904,80.2511978149,48030,48040,10
13.0813703537,80.2508010864,48040,48050,10
13.0813703537,80.2503128052,48050,48060,10
13.0813398361,80.2497711182,48060,48070,10
13.0817098618,80.2496109009,48070,48080,10
13.082400322,80.2497177124,48080,48090,10
13.0831899643,80.2498474121,48090,48100,10
13.0837001801,80.2499237061,48100,48111,11
13.0840501785,80.2499771118,48111,48121,10
13.0845403671,80.2500610352,48121,48131,10
13.0845899582,80.2500915527,48131,48141,10
13.0850000381,80.2501907349,48141,48151,10
13.0855998993,80.2502593994,48151,48161,10
13.0858201981,80.2501525879,48161,48171,10
13.0858602524,80.2496337891,48171,48181,10
13.0858402252,80.2488937378,48181,48191,10
13.0858097076,80.2482223511,48191,48201,10
13.0858201981,80.2474212646,48201,48211,10
13.0857400894,80.2466201782,48211,48222,11
13.0857095718,80.2463302612,48222,48232,10
13.0856599808,80.2457275391,48232,48242,10
13.0857095718,80.2451171875,48242,48252,10
13.0861301422,80.2447814941,48252,48262,10
13.0867300034,80.2443084717,48262,48272,10
13.0873498917,80.2437973022,48272,48282,10
13.0876998901,80.2433624268,48282,48292,10
13.0878095627,80.2429885864,48292,48302,10
13.0879402161,80.242401123,48302,48312,10
13.0883998871,80.2418823242,48312,48322,10
13.0889797211,80.2414779663,48322,48332,10
13.0895700455,80.2410507202,48332,48343,11
13.090180397,80.2408218384,48343,48353,10
13.0906400681,80.2407989502,48353,48363,10
13.0912399292,80.2408370972,48363,48373,10
13.0920095444,80.2408676147,48373,48383,10
13.0926303864,80.2409210205,48383,48393,10
13.0934095383,80.2410202026,48393,48403,10
13.0941400528,80.2411270142,48403,48423,20
13.0941400528,80.2411270142,48423,48433,10
13.0943498611,80.2412109375,48433,48443,10
13.0945596695,80.2412261963,48443,48453,10
13.095000267,80.2413024902,48453,48463,10
13.0956296921,80.2415008545,48463,48474,11
13.0963201523,80.2417678833,48474,48484,10
13.0969495773,80.2419891357,48484,48524,40
13.0969495773,80.2419891357,48524,48534,10
13.0973901749,80.2421035767,48534,48544,10
13.0973901749,80.2421035767,48544,48554,10
13.0979404449,80.2422332764,48554,48563,9
13.0983600616,80.2423019409,48563,48574,11
13.0984802246,80.2423095703,48574,48584,10
13.0986204147,80.2422790527,48584,48595,11
13.0987300873,80.2421035767,48595,48605,10
13.0987501144,80.2418823242,48605,48615,10
13.0986099243,80.2418212891,48615,48625,10
13.0985202789,80.2421112061,48625,48837,212
13.0985202789,80.2422485352,48837,48867,30
13.0985202789,80.2422485352,48867,48877,10
13.0985002518,80.2423019409,48877,48887,10
13.0982599258,80.2423324585,48887,48897,10
13.0976400375,80.2422485352,48897,48937,40
13.0976400375,80.2422485352,48937,48946,9
13.097410202,80.2422409058,48946,48958,12
13.0970497131,80.2421035767,48958,48968,10
13.0965595245,80.2419204712,48968,48978,10
13.0960998535,80.2417526245,48978,48988,10
13.0955896378,80.241569519,48988,48998,10
13.0952596664,80.2414474487,48998,49008,10
13.094909668,80.2413482666,49008,49018,10
13.0946903229,80.2413101196,49018,49028,10
13.0944099426,80.2412490845,49028,49038,10
13.0938396454,80.2411422729,49038,49048,10
13.0935497284,80.2410964966,49048,49058,10
13.0934495926,80.2410812378,49058,49068,10
13.0929603577,80.2409973145,49068,49077,9
13.0923900604,80.2409515381,49077,49089,12
13.0916004181,80.2408599854,49089,49099,10
13.0907802582,80.240852356,49099,49109,10
13.0899095535,80.2409591675,49109,49119,10
13.0893201828,80.2412796021,49119,49129,10
13.0886602402,80.2417526245,49129,49139,10
13.0880203247,80.2423019409,49139,49149,10
13.0878601074,80.243057251,49149,49159,10
13.0877895355,80.2433166504,49159,49169,10
13.0875101089,80.2437133789,49169,49179,10
13.086979866,80.2441482544,49179,49189,10
13.0863704681,80.2446670532,49189,49198,9
13.0859899521,80.2449874878,49198,49210,12
13.0859298706,80.2450180054,49210,49220,10
13.0856895447,80.2452163696,49220,49230,10
13.0856103897,80.2456512451,49230,49240,10
13.0857200623,80.246421814,49240,49250,10
13.0857601166,80.2467803955,49250,49260,10
13.0857896805,80.2472229004,49260,49270,10
13.0858697891,80.2479476929,49270,49280,10
13.0859003067,80.2488174438,49280,49290,10
13.0859203339,80.24974823,49290,49300,10
13.0859603882,80.250289917,49300,49310,10
13.0858802795,80.2505722046,49310,49320,10
13.0857496262,80.2511901855,49320,49331,11
13.0856599808,80.2520217896,49331,49341,10
13.0855998993,80.2527770996,49341,49351,10
13.085559845,80.253326416,49351,49361,10
13.085559845,80.253692627,49361,49371,10
13.0855998993,80.25415802,49371,49381,10
13.0855903625,80.2546615601,49381,49391,10
13.0853395462,80.2547073364,49391,49401,10
13.0848197937,80.2546768188,49401,49411,10
13.0841197968,80.2546005249,49411,49421,10
13.0836400986,80.2545166016,49421,49430,9
13.0829801559,80.2545013428,49430,49441,11
13.0823297501,80.2544708252,49441,49452,11
13.081700325,80.2547225952,49452,49462,10
13.0813703537,80.2548294067,49462,49472,10
13.0809297562,80.2548217773,49472,49482,10
13.0807104111,80.2547912598,49482,49492,10
13.0801401138,80.2547225952,49492,49502,10
13.0793504715,80.2546234131,49502,49512,10
13.079000473,80.2550811768,49512,49522,10
13.079079628,80.2560272217,49522,49532,10
13.0789299011,80.2566604614,49532,49542,10
13.0784301758,80.2566833496,49542,49551,9
13.07791996,80.2566986084,49551,49562,11
13.0771598816,80.2568511963,49562,49573,11
13.0764703751,80.2573318481,49573,49583,10
13.0757398605,80.2580108643,49583,49593,10
13.0754699707,80.2583465576,49593,49603,10
13.0756196976,80.2589035034,49603,49613,10
13.0760202408,80.2595672607,49613,49623,10
13.0766801834,80.2601699829,49623,49633,10
13.0772199631,80.2607421875,49633,49643,10
13.0775403976,80.2614898682,49643,49653,10
13.0777597427,80.2619781494,49653,49663,10
13.0778102875,80.2621231079,49663,49673,10
13.0778398514,80.2622833252,49673,49683,10
13.0779104233,80.2626037598,49683,49694,11
13.0780897141,80.2631378174,49694,49704,10
13.0780897141,80.2635192871,49704,49714,10
13.0775499344,80.2638931274,49714,49724,10
13.0770397186,80.2641067505,49724,49734,10
13.0764198303,80.2641983032,49734,49744,10
13.075799942,80.2642822266,49744,49754,10
13.0755996704,80.2641525269,49754,49764,10
13.0752601624,80.2636032104,49764,49774,10
13.0748300552,80.2630462646,49774,49784,10
13.0745401382,80.2626571655,49784,49794,10
13.0744400024,80.2625427246,49794,49804,10
13.0741500854,80.2621994019,49804,49815,11
13.0737199783,80.2616577148,49815,49825,10
13.0733604431,80.2613677979,49825,49835,10
13.0730104446,80.2617416382,49835,49845,10
13.0728197098,80.2623214722,49845,49855,10
13.0726499557,80.2628707886,49855,49865,10
13.0725002289,80.2634124756,49865,49875,10
13.0721302032,80.2640228271,49875,49885,10
13.0716695786,80.264541626,49885,49895,10
13.0712404251,80.2649612427,49895,49905,10
13.0708904266,80.265296936,49905,49914,9
13.070520401,80.2657012939,49914,49925,11
13.0700397491,80.2661972046,49925,49936,11
13.0695695877,80.2666702271,49936,49946,10
13.0691604614,80.2670516968,49946,49956,10
13.0688695908,80.267539978,49956,49966,10
13.0686502457,80.2681732178,49966,49976,10
13.0685596466,80.2684707642,49976,49986,10
13.0684204102,80.2688369751,49986,49996,10
13.0682897568,80.2693786621,49996,50006,10
13.0682001114,80.2698287964,50006,50016,10
13.0681400299,80.2705307007,50016,50026,10
13.0678901672,80.2709197998,50026,50036,10
13.0673999786,80.2705383301,50036,50046,10
13.0667600632,80.2699584961,50046,50057,11
13.0664396286,80.2694091797,50057,50067,10
13.0663700104,80.2689971924,50067,50077,10
13.0663499832,80.2686309814,50077,50087,10
13.0662403107,80.2683410645,50087,50097,10
13.0659503937,80.267906189,50097,50107,10
13.0656404495,80.2676696777,50107,50127,20
13.0656404495,80.2676696777,50127,50137,10
13.0652799606,80.2676086426,50137,50147,10
13.0647096634,80.2675170898,50147,50157,10
13.0641899109,80.2674484253,50157,50167,10
13.0636301041,80.267326355,50167,50178,11
13.0628595352,80.2672271729,50178,50188,10
13.0623397827,80.2667007446,50188,50198,10
13.0618095398,80.2659988403,50198,50208,10
13.0612201691,80.265296936,50208,50218,10
13.0605802536,80.2653198242,50218,50228,10
13.0602798462,80.2654800415,50228,50238,10
13.0597200394,80.2656021118,50238,50248,10
13.059129715,80.2655029297,50248,50258,10
13.0584697723,80.2654037476,50258,50268,10
13.0580701828,80.2648468018,50268,50278,10
13.0579395294,80.263999939,50278,50287,9
13.057849884,80.2632064819,50287,50299,12
13.0577402115,80.2622299194,50299,50309,10
13.0575799942,80.2615203857,50309,50319,10
13.0574398041,80.2609024048,50319,50329,10
13.0572500229,80.2602081299,50329,50339,10
13.0569896698,80.2594070435,50339,50349,10
13.0567502975,80.2586364746,50349,50359,10
13.0566396713,80.2581634521,50359,50369,10
13.056520462,80.2575378418,50369,50379,10
13.0564403534,80.25730896,50379,50389,10
13.0563802719,80.2570037842,50389,50399,10
13.0562801361,80.2564926147,50399,50408,9
13.0560598373,80.2560501099,50408,50420,12
13.0555200577,80.2552719116,50420,50430,10
13.0549898148,80.2545318604,50430,50440,10
13.0544500351,80.2538833618,50440,50450,10
13.0541200638,80.2534637451,50450,50460,10
13.0540599823,80.2533493042,50460,50470,10
13.0538196564,80.2529830933,50470,50480,10
13.053440094,80.2524414063,50480,50490,10
13.0529499054,80.2517929077,50490,50500,10
13.0525503159,80.2512893677,50500,50510,10
13.0521602631,80.250793457,50510,50520,10
13.0515203476,80.2502365112,50520,50530,10
13.0506601334,80.2499771118,50530,50541,11
13.0498399734,80.2498092651,50541,50551,10
13.0490398407,80.2497634888,50551,50561,10
13.0484695435,80.2496185303,50561,50571,10
13.047949791,80.2492370605,50571,50581,10
13.0473098755,80.2487030029,50581,50591,10
13.0469102859,80.2486114502,50591,50601,10
13.0466899872,80.248550415,50601,50611,10
13.046090126,80.2484283447,50611,50621,10
13.0454397202,80.2482299805,50621,50631,10
13.044719696,80.2480773926,50631,50641,10
13.0438299179,80.2479095459,50641,50651,10
13.0430898666,80.2478637695,50651,50661,10
13.0422801971,80.2476806641,50661,50672,11
13.0414600372,80.2474594116,50672,50682,10
13.0406303406,80.2472763062,50682,50692,10
13.040189743,80.247177124,50692,50702,10
13.0397796631,80.2471008301,50702,50712,10
13.0393104553,80.2469711304,50712,50722,10
13.0389499664,80.2468490601,50722,50732,10
13.0382995605,80.246711731,50732,50742,10
13.0375995636,80.2466201782,50742,50752,10
13.0371904373,80.2465591431,50752,50762,10
13.0369100571,80.2465133667,50762,50772,10
13.0363197327,80.246383667,50772,50782,10
13.0357103348,80.2462081909,50782,50803,21
13.0357103348,80.2462081909,50803,50813,10
13.0354795456,80.2460784912,50813,50823,10
13.0352401733,80.2459716797,50823,50833,10
13.0352096558,80.2459487915,50833,50843,10
13.0348701477,80.2457122803,50843,50853,10
13.034529686,80.2452316284,50853,50863,10
13.0340499878,80.2446517944,50863,50873,10
13.0334596634,80.2439498901,50873,50883,10
13.0327796936,80.2430725098,50883,50893,10
13.0321903229,80.2422485352,50893,50903,10
13.0317497253,80.2414169312,50903,50914,11
13.0313301086,80.2404937744,50914,50984,70
13.0313301086,80.2404937744,50984,50994,10
13.03125,80.2401580811,50994,51004,10
13.0310001373,80.239616394,51004,51014,10
13.0305900574,80.2389068604,51014,51024,10
13.0300798416,80.23802948,51024,51035,11
13.0294399261,80.2370986938,51035,51045,10
13.0292301178,80.2368774414,51045,51055,10
13.0290203094,80.2366714478,51055,51065,10
13.0285596848,80.2361526489,51065,51075,10
13.027970314,80.2354736328,51075,51085,10
13.027469635,80.2346191406,51085,51095,10
13.0269804001,80.2338180542,51095,51105,10
13.026599884,80.2332229614,51105,51135,30
13.026599884,80.2332229614,51135,51145,10
13.0264596939,80.233039856,51145,51156,11
13.0262203217,80.2323989868,51156,51166,10
13.0260601044,80.2316970825,51166,51176,10
13.0258903503,80.2310180664,51176,51186,10
13.0255298615,80.230178833,51186,51196,10
13.0249795914,80.2294311523,51196,51206,10
13.0244197845,80.2287368774,51206,51216,10
13.0240001678,80.2282714844,51216,51226,10
13.0239295959,80.2281799316,51226,51236,10
13.0238800049,80.2280883789,51236,51246,10
13.0235795975,80.2277679443,51246,51256,10
13.023150444,80.2273635864,51256,51266,10
13.0226097107,80.2268371582,51266,51277,11
13.0221595764,80.2264099121,51277,51287,10
13.0215301514,80.2259216309,51287,51297,10
13.0208301544,80.2253799438,51297,51307,10
13.0204000473,80.2251205444,51307,51317,10
13.0200300217,80.2248764038,51317,51327,10
13.0193796158,80.2245330811,51327,51337,10
13.0185203552,80.2246017456,51337,51347,10
13.0176696777,80.224937439,51347,51357,10
13.016869545,80.2252731323,51357,51367,10
13.0164499283,80.2254562378,51367,51377,10
13.0160598755,80.2256011963,51377,51387,10
13.0154495239,80.2258300781,51387,51398,11
13.0148801804,80.22605896,51398,51408,10
13.0143699646,80.2262420654,51408,51428,20
13.0143699646,80.2262420654,51428,51438,10
13.0139799118,80.2263870239,51438,51448,10
13.0133800507,80.2266311646,51448,51458,10
13.0126104355,80.2269287109,51458,51468,10
13.0116996765,80.2272720337,51468,51478,10
13.0107698441,80.2276535034,51478,51488,10
13.0098600388,80.2280197144,51488,51498,10
13.0091600418,80.2285690308,51498,51507,9
13.0089797974,80.2294464111,51507,51519,12
13.0087299347,80.2307662964,51519,51529,10
13.0085201263,80.2318496704,51529,51539,10
13.0083198547,80.2329483032,51539,51549,10
13.0082397461,80.2336502075,51549,51559,10
13.0081996918,80.2337036133,51559,51569,10
13.008099556,80.2340927124,51569,51579,10
13.0079898834,80.23462677,51579,51589,10
13.0079498291,80.2347412109,51589,51599,10
13.0078802109,80.2351226807,51599,51609,10
13.0077896118,80.235710144,51609,51619,10
13.0076398849,80.2364578247,51619,51629,10
13.0074501038,80.237411499,51629,51639,10
13.0072698593,80.2383880615,51639,51650,11
13.0070800781,80.2393875122,51650,51660,10
13.006939888,80.2400436401,51660,51700,40
13.006939888,80.2400436401,51700,51710,10
13.0069503784,80.2403182983,51710,51720,10
13.0068702698,80.2407836914,51720,51729,9
13.0068702698,80.2408065796,51729,51740,11
13.0067901611,80.2412185669,51740,51750,10
13.0067501068,80.2419662476,51750,51760,10
13.0067100525,80.2429199219,51760,51771,11
13.0066900253,80.2439804077,51771,51781,10
13.0066995621,80.2449264526,51781,51791,10
13.0067100525,80.2458114624,51791,51801,10
13.006770134,80.2466583252,51801,51811,10
13.0067596436,80.247467041,51811,51821,10
13.0067396164,80.2483825684,51821,51831,10
13.0067901611,80.2494277954,51831,51841,10
13.006819725,80.25050354,51841,51851,10
13.0068798065,80.251159668,51851,51861,10
13.0068702698,80.2512283325,51861,51871,10
13.0068502426,80.2513275146,51871,51881,10
13.0067901611,80.2516708374,51881,51892,11
13.0066404343,80.2524414063,51892,51902,10
13.0066099167,80.2528305054,51902,51912,10
13.0065898895,80.2534866333,51912,51922,10
13.0066003799,80.2543792725,51922,51932,10
13.0066404343,80.2551879883,51932,51942,10
13.0066204071,80.2552566528,51942,51952,10
13.0066099167,80.2556762695,51952,51962,10
13.0066003799,80.2564315796,51962,51972,10
13.0066604614,80.2571182251,51972,52033,61
13.0066604614,80.2571182251,52033,52043,10
13.0067596436,80.2574768066,52043,52053,10
13.0062904358,80.2575073242,52053,52063,10
13.0055599213,80.2573471069,52063,52073,10
13.0051898956,80.2572174072,52073,52083,10
13.0047702789,80.2571487427,52083,52093,10
13.0040597916,80.256980896,52093,52103,10
13.0035200119,80.2568817139,52103,52113,10
13.0034399033,80.2568664551,52113,52123,10
13.0030097961,80.2567901611,52123,52134,11
13.0023298264,80.2566604614,52134,52144,10
13.0018701553,80.2566070557,52144,52152,8
13.0014600754,80.2565536499,52152,52224,72
13.0014600754,80.2565536499,52224,52234,10
13.0010499954,80.2565307617,52234,52244,10
13.0003995895,80.2564163208,52244,52255,11
12.9996004105,80.2562637329,52255,52265,10
12.9989700317,80.2561187744,52265,52275,10
12.9986200333,80.2561035156,52275,52285,10
12.9984397888,80.2560882568,52285,52295,10
12.9980602264,80.2560119629,52295,52305,10
12.9976396561,80.2559585571,52305,52315,10
12.9972400665,80.2559509277,52315,52325,10
12.9968004227,80.2559280396,52325,52334,9
12.9962797165,80.2559204102,52334,52345,11
12.9955301285,80.2559204102,52345,52355,10
12.9949398041,80.2559432983,52355,52365,10
12.9941902161,80.2559967041,52365,52376,11
12.993229866,80.2560424805,52376,52386,10
12.9922103882,80.2560806274,52386,52396,10
12.9912595749,80.2560424805,52396,52406,10
12.9906396866,80.2560272217,52406,52416,10
12.9901304245,80.2560195923,52416,52426,10
12.9895296097,80.2560119629,52426,52436,10
12.98898983,80.2559814453,52436,52446,10
12.9884996414,80.2559204102,52446,52456,10
12.9884500504,80.2559204102,52456,52466,10
12.9882297516,80.255897522,52466,52485,19
12.9879398346,80.2558822632,52485,52507,22
12.9879398346,80.2558822632,52507,52517,10
12.9876899719,80.2559280396,52517,52527,10
12.9876298904,80.2562484741,52527,52537,10
12.9875802994,80.2566833496,52537,52547,10
12.9875202179,80.2572631836,52547,52557,10
12.9874696732,80.258102417,52557,52567,10
12.9873895645,80.2586593628,52567,52577,10
12.9872503281,80.259437561,52577,52668,91
12.9870004654,80.2594680786,52668,52881,213
12.9868297577,80.2590789795,52881,52921,40
12.9869804382,80.2591171265,52921,52952,31
12.9873695374,80.2584228516,52952,52981,29
12.987449646,80.2574615479,52981,53022,41
12.987449646,80.2574615479,53022,53032,10
12.9875001907,80.2573623657,53032,53042,10
12.9875402451,80.2570495605,53042,53052,10
12.9875898361,80.2565002441,53052,53062,10
12.9876203537,80.255897522,53062,53072,10
12.9880695343,80.2557601929,53072,53102,30
12.9880695343,80.2557601929,53102,53112,10
12.9885702133,80.2558670044,53112,53133,21
12.9885702133,80.2558670044,53133,53143,10
12.988820076,80.2558822632,53143,53153,10
12.989279747,80.2559204102,53153,53163,10
12.9898796082,80.2560119629,53163,53173,10
12.9904003143,80.2559967041,53173,53183,10
12.9909896851,80.2560195923,53183,53193,10
12.9917001724,80.2560272217,53193,53203,10
12.9925603867,80.2560272217,53203,53213,10
12.9933795929,80.2559967041,53213,53223,10
12.9940395355,80.2559585571,53223,53233,10
12.9944696426,80.2558822632,53233,53244,11
12.9951200485,80.255821228,53244,53254,10
12.9955501556,80.2558517456,53254,53264,10
12.9959897995,80.2558364868,53264,53274,10
12.9965696335,80.255821228,53274,53324,50
12.9965696335,80.255821228,53324,53334,10
12.9969396591,80.255859375,53334,53344,10
12.9971504211,80.2558898926,53344,53353,9
12.9975595474,80.2558898926,53353,53365,12
12.9978103638,80.2558898926,53365,53375,10
12.9983596802,80.2559432983,53375,53385,10
12.9985704422,80.2559814453,53385,53395,10
12.9988203049,80.2560272217,53395,53405,10
12.9989299774,80.2560424805,53405,53415,10
12.9991397858,80.2560577393,53415,53425,10
12.9994001389,80.2561187744,53425,53435,10
12.9997901917,80.256187439,53435,53445,10
13.0003099442,80.2563171387,53445,53455,10
13.0006599426,80.2564163208,53455,53465,10
13.0009698868,80.2564926147,53465,53475,10
13.0014600754,80.2565383911,53475,53485,10
13.001950264,80.2565994263,53485,53496,11
13.0024299622,80.2566680908,53496,53506,10
13.0029697418,80.2567596436,53506,53516,10
13.0035295486,80.2568893433,53516,53526,10
13.004070282,80.256980896,53526,53536,10
13.0043201447,80.257019043,53536,53546,10
13.0043296814,80.257019043,53546,53556,10
13.0046195984,80.2570724487,53556,53566,10
13.0050201416,80.2571792603,53566,53576,10
13.0056200027,80.2573013306,53576,53586,10
13.0062904358,80.2574234009,53586,53596,10
13.0064897537,80.2569198608,53596,53606,10
13.0064601898,80.2561264038,53606,53617,11
13.0065002441,80.255607605,53617,53627,10
13.0065202713,80.2553634644,53627,53637,10
13.0065603256,80.2547836304,53637,53647,10
13.0065202713,80.254119873,53647,53657,10
13.0065097809,80.2536697388,53657,53667,10
13.0065402985,80.2531967163,53667,53677,10
13.0065498352,80.2527389526,53677,53748,71
13.0065498352,80.2527389526,53748,53758,10
13.0065898895,80.2524414063,53758,53768,10
13.0066995621,80.2517623901,53768,53859,91
13.0066995621,80.2517623901,53859,53869,10
13.0068101883,80.2513580322,53869,53879,10
13.0068101883,80.2505493164,53879,53889,10
13.0067796707,80.2493515015,53889,53899,10
13.0067195892,80.2483673096,53899,53909,10
13.0066795349,80.2480392456,53909,53919,10
13.0066604614,80.2476730347,53919,53929,10
13.0066699982,80.2471618652,53929,53939,10
13.0066404343,80.24659729,53939,53949,10
13.006649971,80.2459793091,53949,53959,10
13.006649971,80.2452163696,53959,53969,10
13.0066404343,80.2443695068,53969,53980,11
13.0066099167,80.2434005737,53980,53990,10
13.0065803528,80.24243927,53990,54000,10
13.0065803528,80.2413330078,54000,54010,10
13.0066604614,80.2406387329,54010,54020,10
13.0066995621,80.2403717041,54020,54030,10
13.0068397522,80.2398300171,54030,54040,10
13.0069599152,80.2389602661,54040,54050,10
13.0071296692,80.2381591797,54050,54060,10
13.0073099136,80.2374801636,54060,54070,10
13.0073795319,80.2368011475,54070,54080,10
13.007399559,80.2367401123,54080,54090,10
13.0074596405,80.2365264893,54090,54101,11
13.0076398849,80.2358627319,54101,54111,10
13.0078401566,80.234916687,54111,54121,10
13.0080699921,80.2337875366,54121,54131,10
13.0083198547,80.2324981689,54131,54141,10
13.008600235,80.2311325073,54141,54151,10
13.0088596344,80.2297592163,54151,54161,10
13.0091295242,80.2284469604,54161,54171,10
13.0095796585,80.2272872925,54171,54181,10
13.0100698471,80.2262191772,54181,54191,10
13.0105800629,80.225151062,54191,54201,10
13.0109996796,80.2242279053,54201,54211,10
13.0113697052,80.2231674194,54211,54232,21
13.0113697052,80.2231674194,54232,54242,10
13.011469841,80.2229690552,54242,54252,10
13.0117301941,80.2224578857,54252,54262,10
13.0120401382,80.2215270996,54262,54272,10
13.0124197006,80.2215576172,54272,54282,10
13.012840271,80.2220611572,54282,54292,10
13.0134096146,80.2227401733,54292,54302,10
13.0140695572,80.2236175537,54302,54312,10
13.0147800446,80.2243270874,54312,54322,10
13.0152997971,80.2247772217,54322,54332,10
13.0153999329,80.2248916626,54332,54342,10
13.0155696869,80.2250518799,54342,54353,11
13.0162200928,80.2253417969,54353,54363,10
13.0172100067,80.2249908447,54363,54373,10
13.0182104111,80.2245864868,54373,54383,10
13.0190496445,80.2242736816,54383,54393,10
13.0192499161,80.2242507935,54393,54403,10
13.0194301605,80.2243804932,54403,54413,10
13.0197296143,80.2245635986,54413,54433,20
13.0197296143,80.2245635986,54433,54443,10
13.0200500488,80.2247467041,54443,54453,10
13.0206298828,80.2251586914,54453,54463,10
13.0214004517,80.225769043,54463,54474,11
13.022359848,80.2265472412,54474,54484,10
13.0233001709,80.2273788452,54484,54494,10
13.0243501663,80.2284088135,54494,54514,20
13.0243501663,80.2284088135,54514,54524,10
13.0244998932,80.2286376953,54524,54534,10
13.0248298645,80.229133606,54534,54544,10
13.0253295898,80.2297821045,54544,54554,10
13.0259599686,80.2309494019,54554,54595,41
13.0259599686,80.2309494019,54595,54605,10
13.0259799957,80.2312393188,54605,54615,10
13.0260896683,80.2317199707,54615,54625,10
13.0263900757,80.2325363159,54625,54645,20
13.0263900757,80.2325363159,54645,54655,10
13.0265703201,80.2329483032,54655,54665,10
13.0268802643,80.2334823608,54665,54675,10
13.0273399353,80.2342376709,54675,54685,10
13.0278301239,80.2351837158,54685,54695,10
13.0285196304,80.2360610962,54695,54705,10
13.0292396545,80.2367782593,54705,54716,11
13.0295295715,80.2370910645,54716,54726,10
13.0295696259,80.237197876,54726,54736,10
13.0298995972,80.2376327515,54736,54746,10
13.03028965,80.2383422852,54746,54756,10
13.0306997299,80.2390213013,54756,54766,10
13.0309200287,80.2393188477,54766,54776,10
13.031080246,80.2396011353,54776,54796,20
13.031080246,80.2396011353,54796,54806,10
13.0311403275,80.2397537231,54806,54816,10
13.0313501358,80.2401580811,54816,54826,10
13.0314598083,80.240852356,54826,54837,11
13.0318202972,80.2415771484,54837,54847,10
13.0322504044,80.2422485352,54847,54857,10
13.0328397751,80.2429885864,54857,54867,10
13.0335302353,80.243888855,54867,54877,10
13.0342102051,80.2447814941,54877,54887,10
13.0347995758,80.2455596924,54887,54897,10
13.0356798172,80.2460632324,54897,54927,30
13.0356798172,80.2460632324,54927,54937,10
13.0361099243,80.2461776733,54937,54947,10
13.0368003845,80.2463607788,54947,54958,11
13.0374898911,80.2463378906,54958,54968,10
13.0384397507,80.2466506958,54968,54998,30
13.0384397507,80.2466506958,54998,55008,10
13.0385198593,80.2468795776,55008,55018,10
13.0389204025,80.2469100952,55018,55028,10
13.0392904282,80.2469482422,55028,55038,10
13.0396099091,80.2469406128,55038,55048,10
13.040140152,80.2470169067,55048,55058,10
13.0405597687,80.2471008301,55058,55068,10
13.0407896042,80.2471008301,55068,55077,9
13.0413303375,80.2472000122,55077,55089,12
13.04185009,80.2473373413,55089,55099,10
13.0422801971,80.2475509644,55099,55109,10
13.0429601669,80.2478790283,55109,55119,10
13.0437402725,80.2479095459,55119,55129,10
13.0444002151,80.247833252,55129,55139,10
13.0449695587,80.2480621338,55139,55149,10
13.0455799103,80.2483062744,55149,55159,10
13.0459003448,80.2483215332,55159,55169,10
13.0462303162,80.2483062744,55169,55179,10
13.0467996597,80.2482681274,55179,55189,10
13.0468902588,80.2482833862,55189,55199,10
13.046959877,80.2482681274,55199,55210,11
13.047369957,80.248588562,55210,55220,10
13.0475502014,80.2488708496,55220,55230,10
13.0478696823,80.2491607666,55230,55240,10
13.0482501984,80.2495193481,55240,55250,10
13.0489597321,80.24974823,55250,55260,10
13.0495996475,80.2498168945,55260,55270,10
13.0505199432,80.249961853,55270,55280,10
13.051440239,80.2502212524,55280,55290,10
13.0521602631,80.2507781982,55290,55300,10
13.0526599884,80.2514419556,55300,55310,10
13.0532102585,80.2521896362,55310,55320,10
13.0537500381,80.2529296875,55320,55331,11
13.054189682,80.2535400391,55331,55341,10
13.0544395447,80.2538299561,55341,55351,10
13.0545101166,80.2539215088,55351,55361,10
13.0546503067,80.254119873,55361,55371,10
13.0548200607,80.2543334961,55371,55381,10
13.0550403595,80.2546234131,55381,55391,10
13.0553197861,80.2550201416,55391,55401,10
13.0556097031,80.2554321289,55401,55411,10
13.0559396744,80.2558822632,55411,55421,10
13.0563001633,80.2563323975,55421,55431,10
13.0566301346,80.2566833496,55431,55441,10
13.0567502975,80.2567977905,55441,55452,11
13.0569200516,80.2568817139,55452,55462,10
13.0573396683,80.2572479248,55462,55472,10
13.0576000214,80.257522583,55472,55482,10
13.0577697754,80.2576675415,55482,55492,10
13.0580997467,80.2581634521,55492,55502,10
13.0583600998,80.2585525513,55502,55512,10
13.0585803986,80.2587814331,55512,55522,10
13.0587997437,80.2589569092,55522,55532,10
13.0590600967,80.2593231201,55532,55542,10
13.0593395233,80.2598266602,55542,55552,10
13.0597496033,80.2601699829,55552,55562,10
13.0602502823,80.2606811523,55562,55573,11
13.0606803894,80.2611694336,55573,55583,10
13.0607004166,80.2612075806,55583,55593,10
13.0609502792,80.2616424561,55593,55603,10
13.0613603592,80.2621002197,55603,55613,10
13.0616998672,80.2625579834,55613,55623,10
13.0622901917,80.2632064819,55623,55633,10
13.0630903244,80.2641983032,55633,55653,20
13.0630903244,80.2641983032,55653,55663,10
13.0630998611,80.2643432617,55663,55673,10
13.0634202957,80.2647399902,55673,55683,10
13.0638904572,80.2653427124,55683,55694,11
13.0644397736,80.2660598755,55694,55704,10
13.0646295547,80.2663497925,55704,55714,10
13.0647096634,80.2664718628,55714,55724,10
13.0648803711,80.2666473389,55724,55734,10
13.065290451,80.2670135498,55734,55744,10
13.0656604767,80.2673797607,55744,55754,10
13.0660800934,80.2678833008,55754,55764,10
13.0664596558,80.2682571411,55764,55774,10
13.0670003891,80.2685394287,55774,55815,41
13.0671796799,80.2686462402,55815,55835,20
13.0671796799,80.2686462402,55835,55845,10
13.0672798157,80.2687072754,55845,55855,10
13.0676698685,80.268989563,55855,55865,10
13.068110466,80.2692108154,55865,55875,10
13.0683097839,80.2688980103,55875,55885,10
13.068479538,80.2684402466,55885,55895,10
13.0686998367,80.2679367065,55895,55905,10
13.0689201355,80.2673721313,55905,55915,10
13.0693397522,80.2668762207,55915,55924,9
13.0697002411,80.2664871216,55924,55935,11
13.0703001022,80.265838623,55935,55956,21
13.0703001022,80.265838623,55956,55966,10
13.0705499649,80.2656402588,55966,55976,10
13.070980072,80.2652435303,55976,55986,10
13.071390152,80.264831543,55986,55996,10
13.0718297958,80.2643432617,55996,56006,10
13.0722303391,80.263710022,56006,56016,10
13.0724897385,80.2630767822,56016,56026,10
13.0726995468,80.2625808716,56026,56036,10
13.0728797913,80.2620162964,56036,56056,20
13.0728797913,80.2620162964,56056,56067,11
13.0729103088,80.2619628906,56067,56077,10
13.0730400085,80.2615585327,56077,56087,10
13.0731801987,80.2611999512,56087,56097,10
13.0734796524,80.2613830566,56097,56107,10
13.0738697052,80.2618103027,56107,56117,10
13.0742702484,80.2622680664,56117,56127,10
13.0747003555,80.2627716064,56127,56137,10
13.0751104355,80.2633590698,56137,56147,10
13.0755701065,80.2639770508,56147,56157,10
13.0760803223,80.2642211914,56157,56167,10
13.0767202377,80.2641906738,56167,56177,10
13.0772304535,80.2640991211,56177,56188,11
13.0778198242,80.263710022,56188,56198,10
13.0781002045,80.2633514404,56198,56208,10
13.0779104233,80.2627182007,56208,56218,10
13.0776901245,80.2620010376,56218,56228,10
13.0774402618,80.2612762451,56228,56238,10
13.0773000717,80.2608795166,56238,56258,20
13.0773000717,80.2608795166,56258,56268,10
13.077170372,80.2606506348,56268,56278,10
13.0768003464,80.2602920532,56278,56288,10
13.0761699677,80.2597885132,56288,56298,10
13.0756597519,80.2590713501,56298,56309,11
13.0754899979,80.2584762573,56309,56359,50
13.0754899979,80.2584762573,56359,56369,10
13.0753602982,80.2582092285,56369,56379,10
13.0753498077,80.2582092285,56379,56389,10
13.0753698349,80.2580490112,56389,56399,10
13.0758895874,80.2577209473,56399,56409,10
13.076499939,80.2572021484,56409,56418,9
13.0770902634,80.2568130493,56418,56430,12
13.0780496597,80.2565994263,56430,56440,10
13.0788898468,80.2565612793,56440,56450,10
13.0790100098,80.2564697266,56450,56460,10
13.0790195465,80.2560501099,56460,56470,10
13.0789899826,80.2553482056,56470,56500,30
13.0789899826,80.2553482056,56500,56510,10
13.0789899826,80.2548980713,56510,56520,10
13.0793399811,80.2546310425,56520,56530,10
13.0797901154,80.2546386719,56530,56540,10
13.0798101425,80.2546386719,56540,56551,11
13.0800304413,80.2546691895,56551,56561,10
13.0805101395,80.2547683716,56561,56571,10
13.0806999207,80.2547836304,56571,56581,10
13.081199646,80.2547912598,56581,56591,10
13.0816402435,80.2545394897,56591,56601,10
13.0817699432,80.2539672852,56601,56611,10
13.0818300247,80.2537078857,56611,56621,10
13.081870079,80.2532577515,56621,56631,10
13.0816202164,80.2526702881,56631,56641,10
13.0814304352,80.2520217896,56641,56651,10
13.0813999176,80.2514038086,56651,56661,10
13.0813798904,80.2510375977,56661,56672,11
13.0813503265,80.2505493164,56672,56682,10
13.0813302994,80.249961853,56682,56692,10
13.0816297531,80.2496490479,56692,56702,10
13.0823097229,80.24974823,56702,56712,10
13.0828504562,80.2498474121,56712,56722,10
13.08314991,80.2498474121,56722,56732,10
13.0835199356,80.249961853,56732,56742,10
13.0839300156,80.2500228882,56742,56752,10
13.0846004486,80.2500915527,56752,56781,29
13.0846004486,80.2500915527,56781,56793,12
13.085100174,80.250213623,56793,56803,10
13.085729599,80.2503128052,56803,56813,10
13.0858602524,80.2499237061,56813,56823,10
13.0858402252,80.2490768433,56823,56833,10
13.0858001709,80.2480926514,56833,56843,10
13.0857801437,80.2470932007,56843,56853,10
13.0857400894,80.2466278076,56853,56863,10
13.085729599,80.2466201782,56863,56873,10
13.0856895447,80.246131897,56873,56883,10
13.085650444,80.2454986572,56883,56903,20
13.085650444,80.2454986572,56903,56914,11
13.0858402252,80.2450714111,56914,56924,10
13.0863304138,80.2446594238,56924,56934,10
13.0869598389,80.244140625,56934,56944,10
13.0875301361,80.2436828613,56944,56954,10
13.0878000259,80.243270874,56954,56964,10
13.0878896713,80.2428283691,56964,56974,10
13.0881204605,80.242149353,56974,56984,10
13.0887899399,80.2416610718,56984,56994,10
13.089509964,80.2411575317,56994,57004,10
13.0903301239,80.240852356,57004,57014,10
13.0913696289,80.2408599854,57014,57023,9
13.092209816,80.2409286499,57023,57035,12
13.0931596756,80.2409973145,57035,57045,10
13.0940103531,80.2411193848,57045,57055,10
13.0942401886,80.2411575317,57055,57065,10
13.0943603516,80.2411727905,57065,57075,10
13.0948896408,80.2412567139,57075,57085,10
13.0955696106,80.2414779663,57085,57095,10
13.0960903168,80.2416915894,57095,57105,10
13.0962295532,80.2417297363,57105,57115,10
13.096540451,80.2418136597,57115,57166,51
13.096540451,80.2418136597,57166,57176,10
13.0968599319,80.2419662476,57176,57186,10
13.0968704224,80.2419662476,57186,57196,10
13.0970001221,80.2419967651,57196,57206,10
13.097410202,80.2420883179,57206,57216,10
13.0978899002,80.2422103882,57216,57226,10
13.0985298157,80.2422790527,57226,57256,30
13.0985298157,80.2422790527,57256,57266,10
13.0986700058,80.2422714233,57266,57277,11
13.0987901688,80.2419662476,57277,57287,10
13.0985403061,80.2418670654,57287,57297,10
13.0985403061,80.2422790527,57297,58449,1152
13.0985403061,80.2422790527,58449,58459,10
13.0984296799,80.2424163818,58459,58469,10
13.0978498459,80.2423324585,58469,58480,11
13.0971803665,80.2421417236,58480,58490,10
13.0965003967,80.2418899536,58490,58500,10
13.0959501266,80.2416763306,58500,58510,10
13.0955600739,80.2415237427,58510,58520,10
13.0951595306,80.2413787842,58520,58530,10
13.0947198868,80.2412796021,58530,58540,10
13.0943002701,80.2412185669,58540,58550,10
13.0936803818,80.2411193848,58550,58560,10
13.0935497284,80.2410888672,58560,58570,10
13.0930995941,80.2410202026,58570,58580,10
13.092499733,80.2409515381,58580,58590,10
13.092040062,80.2409286499,58590,58601,11
13.091219902,80.2408905029,58601,58611,10
13.0903100967,80.2408828735,58611,58621,10
13.0894203186,80.2411880493,58621,58631,10
13.0886201859,80.2417526245,58631,58641,10
13.0879402161,80.2424697876,58641,58651,10
13.0878400803,80.2431869507,58651,58661,10
13.0877103806,80.2435379028,58661,58671,10
13.0871601105,80.2440719604,58671,58681,10
13.0864400864,80.2446670532,58681,58691,10
13.0857801437,80.2452087402,58691,58701,10
13.0856800079,80.2458724976,58701,58711,10
13.0857801437,80.2465820313,58711,58722,11
13.0857801437,80.2467727661,58722,58732,10
13.0858001709,80.2471618652,58732,58742,10
13.085849762,80.2478790283,58742,58752,10
13.0858697891,80.2487106323,58752,58762,10
13.0859298706,80.2496414185,58762,58772,10
13.085940361,80.2503814697,58772,58782,10
13.0859003067,80.2506484985,58782,58792,10
13.0858297348,80.2512283325,58792,58802,10
13.0857601166,80.2518234253,58802,58812,10
13.0856800079,80.252166748,58812,58822,10
13.0856199265,80.2526931763,58822,58832,10
13.0856103897,80.253112793,58832,58843,11
13.0855998993,80.253288269,58843,58853,10
13.0855903625,80.2535018921,58853,58863,10
13.0855903625,80.2538070679,58863,58873,10
13.0856599808,80.2543792725,58873,58883,10
13.0855102539,80.2547683716,58883,58893,10
13.0849304199,80.2547073364,58893,58903,10
13.0842895508,80.2546386719,58903,58913,10
13.0839300156,80.2546005249,58913,58923,10
13.0835599899,80.2545623779,58923,58933,10
13.0828104019,80.2545166016,58933,58943,10
13.0822896957,80.2544937134,58943,58953,10
13.0816898346,80.2547836304,58953,58964,11
13.0812196732,80.2548599243,58964,58974,10
13.0807800293,80.2548294067,58974,58984,10
13.0806703568,80.2548065186,58984,58994,10
13.0803003311,80.2547302246,58994,59004,10
13.07970047,80.2546310425,59004,59014,10
13.0792303085,80.2546691895,59014,59034,20
13.0792303085,80.2546691895,59034,59044,10
13.0789804459,80.2548675537,59044,59054,10
13.0790500641,80.2555923462,59054,59064,10
13.0791196823,80.2565307617,59064,59085,21
13.0791196823,80.2565307617,59085,59095,10
13.0791397095,80.2566070557,59095,59105,10
13.0787801743,80.2567367554,59105,59115,10
13.0781698227,80.256729126,59115,59125,10
13.077460289,80.2567977905,59125,59135,10
13.0768604279,80.2570266724,59135,59145,10
13.076259613,80.25756073,59145,59155,10
13.0755901337,80.2581634521,59155,59165,10
13.0755796432,80.2587509155,59165,59175,10
13.0758895874,80.2594909668,59175,59185,10
13.0765600204,80.2600784302,59185,59195,10
13.0770101547,80.2605133057,59195,59206,11
13.0773601532,80.2610778809,59206,59216,10
13.0775403976,80.2615432739,59216,59226,10
13.0775899887,80.2617034912,59226,59236,10
13.077750206,80.262008667,59236,59306,70
13.0778598785,80.2623596191,59306,59417,111
13.0778598785,80.2623596191,59417,59427,10
13.0778903961,80.2624893188,59427,59437,10
13.0779495239,80.262840271,59437,59447,10
13.0782203674,80.2633285522,59447,59458,11
13.0779399872,80.2636566162,59458,59468,10
13.0774803162,80.2639923096,59468,59478,10
13.0771398544,80.2641220093,59478,59488,10
13.0767402649,80.2641906738,59488,59498,10
13.0762195587,80.2642593384,59498,59508,10
13.0758495331,80.2643127441,59508,59518,10
13.0756502151,80.264213562,59518,59528,10
13.0754003525,80.2638397217,59528,59538,10
13.0752000809,80.2635574341,59538,59548,10
13.0749702454,80.2632369995,59548,59557,9
13.0746603012,80.2628326416,59557,59568,11
13.0741596222,80.2622680664,59568,59579,11
13.0737800598,80.2618179321,59579,59589,10
13.0737104416,80.2617263794,59589,59599,10
13.0736703873,80.2616577148,59599,59609,10
13.0733604431,80.2614135742,59609,59619,10
13.0729999542,80.2617492676,59619,59629,10
13.0727796555,80.2624282837,59629,59639,10
13.0725803375,80.2630767822,59639,59649,10
13.0723400116,80.263710022,59649,59659,10
13.0719003677,80.2643203735,59659,59669,10
13.0715303421,80.2647399902,59669,59679,10
13.0715198517,80.2647476196,59679,59689,10
13.0713100433,80.2649307251,59689,59700,11
13.0708999634,80.2653427124,59700,59710,10
13.0704298019,80.2658309937,59710,59720,10
13.070110321,80.2661819458,59720,59730,10
13.0697603226,80.2665100098,59730,59740,10
13.0692901611,80.266998291,59740,59750,10
13.0689601898,80.2673568726,59750,59760,10
13.0687398911,80.2679977417,59760,59770,10
13.0685901642,80.2685470581,59770,59780,10
13.0684099197,80.2690887451,59780,59790,10
13.0683097839,80.2695999146,59790,59799,9
13.0682201385,80.2699279785,59799,59810,11
13.068189621,80.2702789307,59810,59821,11
13.0681800842,80.2707519531,59821,59831,10
13.0679502487,80.2710723877,59831,59841,10
13.0674600601,80.2706832886,59841,59851,10
13.0671396255,80.270401001,59851,59861,10
13.0669498444,80.2702331543,59861,59871,10
13.0665597916,80.26978302,59871,59881,10
13.0663604736,80.2692871094,59881,59891,10
13.066280365,80.2684707642,59891,59901,10
13.0657501221,80.2678070068,59901,59911,10
13.0652303696,80.2676391602,59911,59921,10
13.0652198792,80.2676391602,59921,59931,10
13.0648202896,80.2675323486,59931,59942,11
13.064160347,80.2674179077,59942,59952,10
13.0638904572,80.2673797607,59952,59962,10
13.0635900497,80.2673568726,59962,59972,10
13.0633001328,80.267288208,59972,59982,10
13.0631198883,80.2672576904,59982,59992,10
13.0628795624,80.2672119141,59992,60002,10
13.0627803802,80.2671585083,60002,60012,10
13.0625600815,80.2669906616,60012,60022,10
13.0623102188,80.2666625977,60022,60032,10
13.0619697571,80.2662506104,60032,60042,10
13.0615196228,80.265663147,60042,60052,10
13.0610704422,80.2651901245,60052,60063,11
13.0605802536,80.26537323,60063,60073,10
13.0604095459,80.2654724121,60073,60083,10
13.0599403381,80.2656097412,60083,60093,10
13.0594301224,80.2655792236,60093,60103,10
13.0588903427,80.2654800415,60103,60113,10
13.0586996078,80.2654724121,60113,60123,10
13.0585403442,80.2654418945,60123,60133,10
13.0580797195,80.265083313,60133,60143,10
13.0579595566,80.2643432617,60143,60153,10
13.0579004288,80.2637863159,60153,60163,10
13.057849884,80.2630767822,60163,60173,10
13.0577602386,80.2624435425,60173,60184,11
13.0576095581,80.2615509033,60184,60194,10
13.0574598312,80.260848999,60194,60204,10
13.057220459,80.2600708008,60204,60214,10
13.0570201874,80.259437561,60214,60224,10
13.0568704605,80.2589569092,60224,60234,10
13.0567398071,80.2585983276,60234,60244,10
13.0566797256,80.2584609985,60244,60254,10
13.0566396713,80.2583084106,60254,60264,10
13.056599617,80.2580337524,60264,60274,10
13.0565595627,80.2578735352,60274,60284,10
13.0565004349,80.2574768066,60284,60294,10
13.0565004349,80.2574005127,60294,60305,11
13.0564603806,80.2570800781,60305,60315,10
13.0563802719,80.2567596436,60315,60325,10
13.0562000275,80.2563323975,60325,60335,10
13.0558300018,80.2557907104,60335,60345,10
13.0552797318,80.2550582886,60345,60355,10
13.054690361,80.2542877197,60355,60365,10
13.0541095734,80.2535705566,60365,60385,20
13.0541095734,80.2535705566,60385,60395,10
13.0540895462,80.2535476685,60395,60405,10
13.0538702011,80.2532424927,60405,60414,9
13.0535898209,80.2527770996,60414,60426,12
13.0529899597,80.2519607544,60426,60436,10
13.0524902344,80.2513198853,60436,60446,10
13.0520200729,80.2507095337,60446,60456,10
13.0513896942,80.2502365112,60456,60466,10
13.0506401062,80.2500305176,60466,60476,10
13.0503396988,80.2499923706,60476,60486,10
13.0496997833,80.2498626709,60486,60496,10
13.0488500595,80.2497711182,60496,60506,10
13.0480203629,80.249420166,60506,60516,10
13.0474004745,80.248840332,60516,60526,10
13.0469799042,80.2486495972,60526,60536,10
13.0468502045,80.2486419678,60536,60547,11
13.0462598801,80.2485580444,60547,60557,10
13.045630455,80.2484130859,60557,60567,10
13.0451002121,80.2481689453,60567,60577,10
13.0444803238,80.248046875,60577,60587,10
13.0439596176,80.2479705811,60587,60597,10
13.0435600281,80.2479019165,60597,60607,10
13.0431203842,80.247833252,60607,60617,10
13.0424995422,80.2476882935,60617,60627,10
13.0418796539,80.2475814819,60627,60637,10
13.0415000916,80.247467041,60637,60647,10
13.0413599014,80.2474212646,60647,60657,10
13.0407800674,80.2472763062,60657,60668,11
13.0397195816,80.2471084595,60668,60708,40
13.0397195816,80.2471084595,60708,60718,10
13.0395298004,80.2470703125,60718,60728,10
13.0389204025,80.246887207,60728,60738,10
13.0381202698,80.2467422485,60738,60748,10
13.0373296738,80.2466201782,60748,60758,10
13.0364103317,80.2464370728,60758,60768,10
13.0358104706,80.2462768555,60768,60777,9
13.0357704163,80.2462615967,60777,60789,12
13.03565979,80.2462234497,60789,60799,10
13.0352802277,80.2461013794,60799,60809,10
13.035200119,80.2460784912,60809,60819,10
13.0351104736,80.2460632324,60819,60829,10
13.0348901749,80.2458496094,60829,60839,10
13.0345201492,80.2453918457,60839,60849,10
13.0340299606,80.2447967529,60849,60859,10
13.0335798264,80.2441635132,60859,60869,10
13.032910347,80.2433013916,60869,61031,162
13.032910347,80.2433013916,61031,61041,10
13.0327596664,80.243019104,61041,61051,10
13.03262043,80.2428283691,61051,61061,10
13.0325403214,80.2426834106,61061,61071,10
13.0324001312,80.2424926758,61071,61081,10
13.0323295593,80.2424087524,61081,61091,10
13.0321998596,80.2423019409,61091,61101,10
13.0320501328,80.2421417236,61101,61111,10
13.0319004059,80.2418212891,61111,61121,10
13.0317602158,80.2414703369,61121,61283,162
13.0317602158,80.2414703369,61283,61293,10
13.0317201614,80.2412033081,61293,61303,10
13.0314397812,80.2406387329,61303,61313,10
13.0311603546,80.2400283813,61313,61323,10
13.0307302475,80.2391967773,61323,61333,10
13.0301399231,80.2381896973,61333,61343,10
13.0295801163,80.2373123169,61343,61353,10
13.0293703079,80.2370529175,61353,61363,10
13.0292701721,80.2369995117,61363,61373,10
13.0289802551,80.2366714478,61373,61383,10
13.0284700394,80.2361068726,61383,61393,10
13.0279197693,80.2354736328,61393,61404,11
13.0274295807,80.2345962524,61404,61414,10
13.0269403458,80.2338180542,61414,61424,10
13.0263299942,80.2326812744,61424,61444,20
13.0263004303,80.2325134277,61444,61464,20
13.0263004303,80.2325134277,61464,61474,10
13.0262899399,80.2323913574,61474,61484,10
13.0262098312,80.2320098877,61484,61494,10
13.0260801315,80.2315292358,61494,61503,9
13.0259304047,80.2309417725,61503,61514,11
13.0255098343,80.230140686,61514,61525,11
13.0246896744,80.2291717529,61525,61595,70
13.0246896744,80.2291717529,61595,61605,10
13.024430275,80.2288894653,61605,61615,10
13.0239200592,80.2282714844,61615,61646,31
13.0239200592,80.2282714844,61646,61656,10
13.0237798691,80.2280502319,61656,61666,10
13.0233602524,80.2276306152,61666,61676,10
13.0227403641,80.2270507813,61676,61686,10
13.0221595764,80.2265090942,61686,61696,10
13.0216302872,80.2260818481,61696,61706,10
13.0210504532,80.2255783081,61706,61716,10
13.0203895569,80.225151062,61716,61726,10
13.0196504593,80.224647522,61726,61736,10
13.0185699463,80.2245635986,61736,61746,10
13.0174398422,80.2250595093,61746,61756,10
13.0165901184,80.2254180908,61756,61767,11
13.0158700943,80.2257232666,61767,61777,10
13.0152797699,80.2259597778,61777,61787,10
13.0147104263,80.2261581421,61787,61797,10
13.0138301849,80.2265472412,61797,61817,20
13.0138301849,80.2265472412,61817,61827,10
13.0134296417,80.2266693115,61827,61837,10
13.0127496719,80.226890564,61837,61847,10
13.0119199753,80.2272415161,61847,61857,10
13.01101017,80.2276000977,61857,61867,10
13.0101003647,80.2279586792,61867,61877,10
13.0093402863,80.2283096313,61877,61888,11
13.0089902878,80.2293395996,61888,61898,10
13.008769989,80.2305374146,61898,61908,10
13.0085401535,80.2317733765,61908,61918,10
13.0083398819,80.2328262329,61918,61928,10
13.0082998276,80.2334518433,61928,61948,20
13.0082998276,80.2334518433,61948,61958,10
13.0081796646,80.2338027954,61958,61968,10
13.0080699921,80.2342987061,61968,61978,10
13.0079202652,80.2349472046,61978,61988,10
13.0078001022,80.2355422974,61988,61998,10
13.0077199936,80.2360992432,61998,62009,11
13.0075302124,80.2370071411,62009,62019,10
13.0073699951,80.2378463745,62019,62029,10
13.0072498322,80.2385406494,62029,62039,10
13.0070896149,80.2393569946,62039,62069,30
13.0070896149,80.2393569946,62069,62079,10
13.0070295334,80.2397994995,62079,62089,10
13.0069599152,80.2403030396,62089,62099,10
13.0069503784,80.2404708862,62099,62109,10
13.0068998337,80.2406692505,62109,62119,10
13.0068902969,80.2406768799,62119,62130,11
13.0068101883,80.2409362793,62130,62140,10
13.0067501068,80.2415771484,62140,62150,10
13.0067300797,80.2424163818,62150,62160,10
13.0067100525,80.2431869507,62160,62170,10
13.0066995621,80.2435684204,62170,62180,10
13.0066900253,80.2438430786,62180,62190,10
13.0066900253,80.2439422607,62190,62200,10
13.0066795349,80.2442321777,62200,62210,10
13.0066699982,80.2447967529,62210,62220,10
13.0067100525,80.2455215454,62220,62230,10
13.0067396164,80.2460174561,62230,62240,10
13.0067596436,80.2464294434,62240,62251,11
13.006770134,80.2467803955,62251,62261,10
13.0067396164,80.2474594116,62261,62271,10
13.0067396164,80.2483291626,62271,62281,10
13.0067901611,80.2493515015,62281,62291,10
13.0068397522,80.2507781982,62291,62331,40
13.0068397522,80.2507781982,62331,62341,10
13.0068798065,80.2512664795,62341,62372,31
13.0068798065,80.2512664795,62372,62382,10
13.0068397522,80.2513885498,62382,62392,10
13.006819725,80.2515411377,62392,62402,10
13.0067195892,80.2518997192,62402,62412,10
13.0065803528,80.2527313232,62412,62422,10
13.0065698624,80.2538299561,62422,62432,10
13.0066404343,80.2548065186,62432,62442,10
13.0066299438,80.2551193237,62442,62452,10
13.0066204071,80.2552566528,62452,62462,10
13.0066003799,80.2558288574,62462,62472,10
13.0066003799,80.2565994263,62472,62481,9
13.0066204071,80.2571105957,62481,62493,12
13.0066699982,80.2575073242,62493,62503,10
13.0061397552,80.2575378418,62503,62513,10
13.0054397583,80.2573699951,62513,62523,10
13.0047702789,80.2571868896,62523,62533,10
13.004070282,80.2570419312,62533,62543,10
13.0034198761,80.2569274902,62543,62553,10
13.0027503967,80.2567977905,62553,62563,10
13.0021400452,80.256690979,62563,62573,10
13.0012798309,80.2565765381,62573,62583,10
13.00041008,80.2564620972,62583,62593,10
12.9999904633,80.2563781738,62593,62614,21
12.9999904633,80.2563781738,62614,62624,10
12.9996204376,80.2563095093,62624,62634,10
12.99903965,80.2561569214,62634,62644,10
12.9986400604,80.2561035156,62644,62664,20
12.9986400604,80.2561035156,62664,62674,10
12.9982700348,80.2560424805,62674,62684,10
12.9979801178,80.2559814453,62684,62694,10
12.9975004196,80.2559585571,62694,62704,10
12.9969902039,80.2559432983,62704,62714,10
12.9965496063,80.2559432983,62714,62724,10
12.9960098267,80.2559432983,62724,62735,11
12.9954795837,80.2559661865,62735,62745,10
12.9949398041,80.2559661865,62745,62755,10
12.9944801331,80.2560119629,62755,62765,10
12.993929863,80.2560577393,62765,62775,10
12.9931297302,80.256111145,62775,62785,10
12.9923200607,80.2561416626,62785,62795,10
12.9915504456,80.256111145,62795,62805,10
12.9911003113,80.2560806274,62805,62815,10
12.9907398224,80.256072998,62815,62825,10
12.9903097153,80.2560577393,62825,62835,10
12.9898099899,80.2560424805,62835,62845,10
12.9892597198,80.2560272217,62845,62876,31
12.9892597198,80.2560272217,62876,62886,10
12.9891004562,80.2560501099,62886,62896,10
12.9888095856,80.2560272217,62896,62906,10
12.9884700775,80.2559585571,62906,62916,10
12.988120079,80.2559432983,62916,62926,10
12.987660408,80.2559967041,62926,62936,10
12.9875602722,80.2570114136,62936,62946,10
12.9875602722,80.2570114136,62946,62956,10
12.9875097275,80.2575073242,62956,62966,10
12.987449646,80.258392334,62966,62976,10
12.9873104095,80.2592926025,62976,63017,41
12.9873104095,80.2592926025,63017,63027,10
12.9872398376,80.2595901489,63027,63037,10
12.9870100021,80.2595825195,63037,63057,20
12.9870100021,80.2595825195,63057,63067,10
12.9869804382,80.2593383789,63067,63862,795
12.9872598648,80.259147644,63862,63872,10
12.9873600006,80.2588806152,63872,63883,11
12.9874095917,80.258392334,63883,63893,10
12.9874200821,80.2580718994,63893,63904,11
12.9874801636,80.2574386597,63904,63914,10
12.9875802994,80.256652832,63914,63924,10
12.9876003265,80.255897522,63924,64166,242
12.9876003265,80.255897522,64166,64176,10
12.9876403809,80.2557373047,64176,64186,10
12.9881000519,80.2557830811,64186,64196,10
12.9886798859,80.2558822632,64196,64206,10
12.9887304306,80.255897522,64206,64216,10
12.9889097214,80.2559509277,64216,64226,10
12.9895401001,80.2560272217,64226,64236,10
12.99036026,80.2560272217,64236,64246,10
12.9911499023,80.2560806274,64246,64256,10
12.9921398163,80.256111145,64256,64265,9
12.9931497574,80.2560577393,64265,64277,12
12.9942598343,80.2559890747,64277,64287,10
12.9951601028,80.2559127808,64287,64337,50
12.9951601028,80.2559127808,64337,64347,10
12.9954004288,80.2558364868,64347,64357,10
12.9958095551,80.255859375,64357,64367,10
12.996339798,80.2558822632,64367,64377,10
12.9966602325,80.255897522,64377,64438,61
12.9966602325,80.255897522,64438,64448,10
12.9969596863,80.2559509277,64448,64458,10
12.9972696304,80.2559509277,64458,64468,10
12.9979200363,80.2559814453,64468,64478,10
12.9987697601,80.256072998,64478,64508,30
12.9987697601,80.256072998,64508,64519,11
12.9988698959,80.2561035156,64519,64529,10
12.9990100861,80.2561416626,64529,64539,10
12.9994897842,80.2562332153,64539,64549,10
13.0000696182,80.2563476563,64549,64559,10
13.0007696152,80.2564926147,64559,64569,10
13.001250267,80.2565689087,64569,64579,10
13.0015497208,80.2566375732,64579,64589,10
13.0020198822,80.2567214966,64589,64599,10
13.0025501251,80.2567977905,64599,64609,10
13.0030498505,80.2568969727,64609,64619,10
13.0035400391,80.2570037842,64619,64629,10
13.0039300919,80.2570800781,64629,64640,11
13.0042800903,80.2571334839,64640,64650,10
13.0047702789,80.2572402954,64650,64660,10
13.0052700043,80.257270813,64660,64771,111
13.0052700043,80.257270813,64771,64781,10
13.0055303574,80.2573013306,64781,64791,10
13.005900383,80.2574005127,64791,64801,10
13.0063800812,80.2574996948,64801,64811,10
13.0065002441,80.2570114136,64811,64821,10
13.006480217,80.2561569214,64821,64831,10
13.0065097809,80.2552566528,64831,64841,10
13.0065002441,80.2542800903,64841,64861,20
13.0065002441,80.2542800903,64861,64871,10
13.0065402985,80.2538986206,64871,64882,11
13.006529808,80.2533721924,64882,64892,10
13.0065202713,80.2532272339,64892,64902,10
13.0065002441,80.2530822754,64902,64912,10
13.0065202713,80.2527694702,64912,64922,10
13.0065603256,80.2522201538,64922,64992,70
13.0065603256,80.2522201538,64992,65003,11
13.0065698624,80.2518615723,65003,65013,10
13.0066795349,80.2512207031,65013,65023,10
13.0066699982,80.2503662109,65023,65033,10
13.0067100525,80.249458313,65033,65063,30
13.0067100525,80.249458313,65063,65073,10
13.0067901611,80.2492828369,65073,65083,10
13.0067100525,80.2488327026,65083,65093,10
13.0066604614,80.2484130859,65093,65103,10
13.0066204071,80.2479629517,65103,65112,9
13.0066404343,80.2475128174,65112,65124,12
13.0066204071,80.2468566895,65124,65134,10
13.0066003799,80.2467880249,65134,65144,10
13.0066299438,80.2464828491,65144,65154,10
13.0065803528,80.2459716797,65154,65164,10
13.0065803528,80.2457962036,65164,65174,10
13.0066299438,80.2455673218,65174,65184,10
13.0066204071,80.245300293,65184,65194,10
13.0066099167,80.2451934814,65194,65204,10
13.0066003799,80.2449874878,65204,65214,10
13.0066003799,80.2449111938,65214,65224,10
13.0065898895,80.244682312,65224,65234,10
13.0065898895,80.2445373535,65234,65245,11
13.0066003799,80.2443008423,65245,65255,10
13.0065898895,80.2440032959,65255,65265,10
13.0065803528,80.2436904907,65265,65275,10
13.0065898895,80.2433395386,65275,65285,10
13.0066003799,80.243019104,65285,65295,10
13.0066204071,80.2426834106,65295,65305,10
13.0066204071,80.2421798706,65305,65315,10
13.0066299438,80.241569519,65315,65325,10
13.0066795349,80.2409973145,65325,65335,10
13.0067996979,80.2403335571,65335,65345,10
13.006939888,80.2396087646,65345,65355,10
13.0070695877,80.2389907837,65355,65366,11
13.0071697235,80.2385025024,65366,65376,10
13.0072202682,80.2381134033,65376,65386,10
13.0073299408,80.237487793,65386,65396,10
13.0073900223,80.2370986938,65396,65406,10
13.0074100494,80.2368621826,65406,65426,20
13.0074100494,80.2368621826,65426,65436,10
13.0074701309,80.2366714478,65436,65446,10
13.0075798035,80.2361068726,65446,65456,10
13.0077295303,80.2353134155,65456,65475,19
13.0077295303,80.2353134155,65475,65487,12
13.007809639,80.2349700928,65487,65497,10
13.0079498291,80.2342987061,65497,65507,10
13.0081396103,80.2333679199,65507,65517,10
13.0083599091,80.2322235107,65517,65527,10
13.0086202621,80.2309494019,65527,65537,10
13.0088796616,80.2296600342,65537,65547,10
13.0090999603,80.2285003662,65547,65557,10
13.0094995499,80.2274627686,65557,65567,10
13.0099601746,80.2264328003,65567,65577,10
13.0103998184,80.2256393433,65577,65587,10
13.0105695724,80.2253036499,65587,65596,9
13.0106897354,80.2249832153,65596,65608,12
13.0109395981,80.2242736816,65608,65618,10
13.0111999512,80.2236404419,65618,65628,10
13.0112400055,80.2233581543,65628,65638,10
13.0114898682,80.2227935791,65638,65648,10
13.0118198395,80.2219009399,65648,65658,10
13.0122699738,80.2214813232,65658,65668,10
13.0126399994,80.2219696045,65668,65678,10
13.0130596161,80.2224731445,65678,65688,10
13.013420105,80.2228469849,65688,65698,10
13.013710022,80.2231521606,65698,65708,10
13.0140895844,80.2235794067,65708,65718,10
13.0144395828,80.2240219116,65718,65729,11
13.0149297714,80.2245635986,65729,65739,10
13.0150995255,80.2246704102,65739,65749,10
13.0151395798,80.2247009277,65749,65759,10
13.01541996,80.2249526978,65759,65769,10
13.015540123,80.2250518799,65769,65779,10
13.0156402588,80.2251281738,65779,65789,10
13.0161399841,80.2253723145,65789,65799,10
13.0168504715,80.2252426147,65799,65809,10
13.0176801682,80.2249069214,65809,65819,10
13.0185003281,80.2245864868,65819,65829,10
13.0191898346,80.224357605,65829,65839,10
13.0193004608,80.2243881226,65839,65850,11
13.0193901062,80.2245025635,65850,65860,10
13.0196399689,80.2246017456,65860,65880,20
13.0196399689,80.2246017456,65880,65890,10
13.0197401047,80.2245864868,65890,65900,10
13.0200500488,80.2248382568,65900,65910,10
13.02064991,80.2252731323,65910,65920,10
13.021320343,80.2257995605,65920,65930,10
13.0221204758,80.2264175415,65930,65940,10
13.0229902267,80.227180481,65940,65950,10
13.0237197876,80.2277984619,65950,65960,10
13.0241298676,80.2282104492,65960,65971,11
13.0242795944,80.2284164429,65971,65981,10
13.0244903564,80.228729248,65981,65991,10
13.0246696472,80.2289733887,65991,66001,10
13.0248804092,80.2292709351,66001,66011,10
13.0252504349,80.2297210693,66011,66021,10
13.0255804062,80.2301483154,66021,66031,10
13.0256700516,80.2302780151,66031,66041,10
13.0257797241,80.2304763794,66041,66081,40
13.0257797241,80.2304763794,66081,66092,11
13.0257902145,80.2306671143,66092,66102,10
13.0258903503,80.2309112549,66102,66112,10
13.0259799957,80.2312164307,66112,66122,10
13.0261201859,80.2317581177,66122,66132,10
13.0262899399,80.232421875,66132,66142,10
13.0266103745,80.2330932617,66142,66152,10
13.0270395279,80.2338180542,66152,66162,10
13.027589798,80.2346878052,66162,66172,10
13.0278997421,80.2352828979,66172,66182,10
13.0283603668,80.2359008789,66182,66192,10
13.0289697647,80.2365875244,66192,66202,10
13.0295095444,80.2371368408,66202,66213,11
13.029589653,80.2372207642,66213,66223,10
13.0296401978,80.2372817993,66223,66233,10
13.0299301147,80.23777771,66233,66243,10
13.030380249,80.2385787964,66243,66253,10
13.0307998657,80.2393035889,66253,66273,20
13.0308599472,80.2394180298,66273,66344,71
13.0308599472,80.2394180298,66344,66354,10
13.0309696198,80.2395782471,66354,66364,10
13.0310096741,80.239616394,66364,66374,10
13.0311203003,80.2397918701,66374,66384,10
13.0311899185,80.2398986816,66384,66394,10
13.0312900543,80.2400817871,66394,66404,10
13.031419754,80.2405776978,66404,66414,10
13.0316095352,80.2411575317,66414,66424,10
13.0318899155,80.2417373657,66424,66434,10
13.0322799683,80.2423934937,66434,66444,10
13.0327100754,80.2429199219,66444,66455,11
13.0333099365,80.2437515259,66455,66465,10
13.0339002609,80.2445373535,66465,66475,10
13.0344495773,80.2453079224,66475,66485,10
13.0350399017,80.2459716797,66485,66495,10
13.0357503891,80.2462310791,66495,66515,20
13.0357503891,80.2462310791,66515,66525,10
13.035900116,80.2463226318,66525,66535,10
13.0362596512,80.2464828491,66535,66545,10
13.0369195938,80.2466125488,66545,66555,10
13.037560463,80.2465286255,66555,66565,10
13.0383195877,80.2467193604,66565,66575,10
13.0389003754,80.2469100952,66575,66666,91
13.0389003754,80.2469100952,66666,66676,10
13.0391302109,80.2469787598,66676,66686,10
13.0396299362,80.2470779419,66686,66696,10
13.0402202606,80.2471923828,66696,66707,11
13.0407896042,80.2472763062,66707,66717,10
13.0408000946,80.2472763062,66717,66727,10
13.0410804749,80.2473678589,66727,66737,10
13.0417003632,80.2474975586,66737,66747,10
13.0420999527,80.2475585938,66747,66757,10
13.0424604416,80.2476882935,66757,66767,10
13.0430603027,80.2479400635,66767,66777,10
13.0437698364,80.2480163574,66777,66787,10
13.0443401337,80.2479782104,66787,66797,10
13.0449104309,80.2480773926,66797,66807,10
13.0452804565,80.2482833862,66807,66816,9
13.0457897186,80.2484970093,66816,66828,12
13.0469303131,80.2485198975,66828,66858,30
13.0469303131,80.2485198975,66858,66868,10
13.0470504761,80.2486114502,66868,66878,10
13.047419548,80.2488021851,66878,66888,10
13.0478496552,80.2492599487,66888,66898,10
13.0482702255,80.2496414185,66898,66908,10
13.0487298965,80.2498016357,66908,66918,10
13.0491695404,80.2498168945,66918,66928,10
13.049200058,80.2498168945,66928,66938,10
13.0493898392,80.2498703003,66938,66949,11
13.0499801636,80.2499389648,66949,66959,10
13.050740242,80.2501068115,66959,66969,10
13.05148983,80.2503433228,66969,66979,10
13.0521602631,80.2508773804,66979,66989,10
13.0527000427,80.2515869141,66989,66999,10
13.0532999039,80.2523803711,66999,67009,10
13.0538196564,80.2530899048,67009,67019,10
13.0543003082,80.2537307739,67019,67029,10
13.0546197891,80.2541503906,67029,67039,10
13.0547895432,80.2543716431,67039,67049,10
13.0549001694,80.2545318604,67049,67058,9
13.0551300049,80.2547988892,67058,67070,12
13.0555896759,80.2554168701,67070,67080,10
13.0557603836,80.2556381226,67080,67090,10
13.0558395386,80.2557525635,67090,67100,10
13.056019783,80.2560119629,67100,67110,10
13.0562200546,80.2563018799,67110,67120,10
13.0568304062,80.2569885254,67120,67150,30
13.0568304062,80.2569885254,67150,67160,10
13.0570802689,80.257232666,67160,67170,10
13.0574998856,80.257598877,67170,67180,10
13.0579004288,80.2579803467,67180,67191,11
13.0583095551,80.2585067749,67191,67201,10
13.0586900711,80.2589797974,67201,67211,10
13.0590801239,80.2594680786,67211,67221,10
13.0593996048,80.2599868774,67221,67231,10
13.0598497391,80.2603530884,67231,67241,10
13.060259819,80.2607803345,67241,67251,10
13.0605602264,80.2611618042,67251,67271,20
13.0605602264,80.2611618042,67271,67281,10
13.0606603622,80.2612762451,67281,67291,10
13.060959816,80.2617111206,67291,67300,9
13.0613698959,80.2621765137,67300,67312,12
13.0616397858,80.2624435425,67312,67322,10
13.0619497299,80.2628707886,67322,67332,10
13.0623998642,80.263420105,67332,67342,10
13.0627403259,80.2638397217,67342,67352,10
13.0632095337,80.2643508911,67352,67372,20
13.0632095337,80.2643508911,67372,67382,10
13.0633802414,80.2646026611,67382,67392,10
13.0636796951,80.2650985718,67392,67402,10
13.0639200211,80.265411377,67402,67412,10
13.0640697479,80.265663147,67412,67422,10
13.0642299652,80.2658691406,67422,67433,11
13.0643901825,80.2660522461,67433,67443,10
13.0645599365,80.2661972046,67443,67453,10
13.0646800995,80.2663803101,67453,67463,10
13.0648002625,80.2665786743,67463,67473,10
13.0649404526,80.2667770386,67473,67483,10
13.0652399063,80.2670516968,67483,67493,10
13.0655698776,80.2673034668,67493,67503,10
13.0658998489,80.2677307129,67503,67513,10
13.0664396286,80.2683029175,67513,67542,29
13.0664396286,80.2683029175,67542,67554,12
13.0665798187,80.268371582,67554,67564,10
13.0667800903,80.2685012817,67564,67574,10
13.0671396255,80.268699646,67574,67594,20
13.0671396255,80.268699646,67594,67604,10
13.0672101974,80.2687072754,67604,67624,20
13.0672101974,80.2687072754,67624,67634,10
13.0674695969,80.2689285278,67634,67644,10
13.0678501129,80.2691879272,67644,67654,10
13.06828022,80.2693481445,67654,67685,31
13.06828022,80.2693481445,67685,67695,10
13.0683097839,80.2690963745,67695,67705,10
13.0683202744,80.2689666748,67705,67715,10
13.0683403015,80.2688598633,67715,67725,10
13.0684204102,80.2685775757,67725,67735,10
13.0686101913,80.2681274414,67735,67745,10
13.0688295364,80.2675170898,67745,67755,10
13.069149971,80.2670898438,67755,67765,10
13.0695695877,80.2666778564,67765,67774,9
13.0698795319,80.2663803101,67774,67785,11
13.0703401566,80.2659301758,67785,67826,41
13.0703401566,80.2659301758,67826,67836,10
13.0704298019,80.2658996582,67836,67846,10
13.0707302094,80.2655792236,67846,67856,10
13.0710496902,80.2652511597,67856,67866,10
13.0713796616,80.2649002075,67866,67876,10
13.0717897415,80.2644271851,67876,67886,10
13.0721998215,80.2638778687,67886,67896,10
13.0723199844,80.2633132935,67896,67906,10
13.0726003647,80.2627029419,67906,67917,11
13.0728302002,80.2619476318,67917,67937,20
13.0728302002,80.2619476318,67937,67947,10
13.0728302002,80.2618331909,67947,67957,10
13.072930336,80.2614974976,67957,67967,10
13.0729799271,80.2610168457,67967,67977,10
13.0730800629,80.2607498169,67977,67987,10
13.0733604431,80.2603988647,67987,67997,10
13.0736103058,80.2599182129,67997,68007,10
13.0740499496,80.2593688965,68007,68017,10
13.0744695663,80.2590103149,68017,68026,9
13.0748500824,80.2586975098,68026,68038,12
13.0755195618,80.2581481934,68038,68088,50
13.0755195618,80.2581481934,68088,68098,10
13.0755996704,80.2580566406,68098,68108,10
13.075920105,80.2578277588,68108,68118,10
13.0763301849,80.2574615479,68118,68128,10
13.0767202377,80.2571105957,68128,68138,10
13.0771999359,80.2568435669,68138,68148,10
13.0778799057,80.2566986084,68148,68159,11
13.0789899826,80.2565917969,68159,68199,40
13.0789899826,80.2565917969,68199,68209,10
13.079079628,80.2563476563,68209,68219,10
13.079000473,80.255821228,68219,68229,10
13.0789003372,80.2551422119,68229,68239,10
13.0789899826,80.2546463013,68239,68249,10
13.0797395706,80.2546768188,68249,68269,20
13.0797395706,80.2546768188,68269,68280,11
13.0799798965,80.2547531128,68280,68290,10
13.080499649,80.2548370361,68290,68300,10
13.0810003281,80.2548828125,68300,68310,10
13.0813798904,80.2548980713,68310,68320,10
13.081609726,80.2547302246,68320,68330,10
13.0817604065,80.2542266846,68330,68340,10
13.0818395615,80.2537384033,68340,68350,10
13.0818500519,80.2532730103,68350,68360,10
13.0817604065,80.2529525757,68360,68370,10
13.0815200806,80.252532959,68370,68380,10
13.081410408,80.2519989014,68380,68389,9
13.0813703537,80.2514190674,68389,68401,12
13.0813398361,80.2509536743,68401,68411,10
13.0813302994,80.2507019043,68411,68421,10
13.081319809,80.250617981,68421,68431,10
13.0812997818,80.250328064,68431,68441,10
13.0812797546,80.2499389648,68441,68451,10
13.0815095901,80.2496566772,68451,68461,10
13.0820798874,80.2497711182,68461,68471,10
13.0826101303,80.2498397827,68471,68481,10
13.0831403732,80.2499008179,68481,68491,10
13.0832996368,80.2499237061,68491,68501,10
13.0834999084,80.2499465942,68501,68511,10
13.0838003159,80.2500305176,68511,68522,11
13.08452034,80.2501831055,68522,68552,30
13.08452034,80.2501831055,68552,68562,10
13.0847902298,80.2502593994,68562,68572,10
13.085269928,80.2503509521,68572,68582,10
13.0856895447,80.2503967285,68582,68592,10
13.0858602524,80.2503128052,68592,68602,10
13.0858602524,80.2499465942,68602,68612,10
13.0858201981,80.2492675781,68612,68622,10
13.0857801437,80.2485733032,68622,68632,10
13.0857400894,80.2478485107,68632,68643,11
13.0857000351,80.2470321655,68643,68653,10
13.0856704712,80.2468338013,68653,68663,10
13.0856800079,80.2467880249,68663,68673,10
13.085650444,80.2465667725,68673,68683,10
13.0856399536,80.2460784912,68683,68723,40
13.0856399536,80.2460784912,68723,68733,10
13.0856199265,80.2458572388,68733,68743,10
13.0856199265,80.2457962036,68743,68753,10
13.0855998993,80.2454833984,68753,68764,11
13.0856800079,80.2452087402,68764,68774,10
13.0859098434,80.2450485229,68774,68784,10
13.0862998962,80.2447433472,68784,68794,10
13.0867500305,80.2443618774,68794,68804,10
13.0871295929,80.2440338135,68804,68814,10
13.0874900818,80.2437515259,68814,68824,10
13.0876998901,80.2434310913,68824,68834,10
13.087770462,80.2432174683,68834,68844,10
13.0878601074,80.242729187,68844,68854,10
13.0880098343,80.2422180176,68854,68864,10
13.0884399414,80.2418823242,68864,68874,10
13.0890197754,80.2414932251,68874,68885,11
13.0897197723,80.2410507202,68885,68895,10
13.0904302597,80.2408905029,68895,68905,10
13.0911998749,80.2409210205,68905,68915,10
13.0919303894,80.2409591675,68915,68925,10
13.0922603607,80.2409820557,68925,68935,10
13.0926504135,80.2409896851,68935,68945,10
13.0931100845,80.2410507202,68945,68955,10
13.0940799713,80.2412033081,68955,68985,30
13.0940799713,80.2412033081,68985,68995,10
13.09416008,80.2412185669,68995,69006,11
13.0944900513,80.2413024902,69006,69016,10
13.0949802399,80.2414093018,69016,69026,10
13.095580101,80.2415924072,69026,69036,10
13.0961704254,80.2418212891,69036,69046,10
13.0969800949,80.2420806885,69046,69096,50
13.0969800949,80.2420806885,69096,69106,10
13.0971097946,80.2421264648,69106,69115,9
13.0973796844,80.2422103882,69115,69127,12
13.0978803635,80.2423400879,69127,69137,10
13.0979700089,80.2423629761,69137,69147,10
13.0981302261,80.2423706055,69147,69157,10
13.0985803604,80.2423629761,69157,69187,30
13.0985803604,80.2423629761,69187,69197,10
13.0986795425,80.2423095703,69197,69207,10
13.0987501144,80.2420578003,69207,69217,10
13.0985097885,80.241897583,69217,69227,10
13.0983896255,80.2421798706,69227,69793,566
13.0984096527,80.2423782349,69793,69843,50
13.0984096527,80.2423782349,69843,69853,10
13.0981903076,80.2424621582,69853,69863,10
13.0976295471,80.2423095703,69863,69924,61
13.0976295471,80.2423095703,69924,69934,10
13.0974798203,80.2423019409,69934,69944,10
13.0971097946,80.2421569824,69944,69954,10
13.0967597961,80.2420501709,69954,69964,10
13.0961799622,80.2418518066,69964,69974,10
13.0955095291,80.2416229248,69974,69984,10
13.0950698853,80.2414474487,69984,69994,10
13.0946598053,80.2413635254,69994,70004,10
13.0943002701,80.2413024902,70004,70014,10
13.0936698914,80.2412109375,70014,70024,10
13.0935001373,80.2411804199,70024,70035,11
13.0930099487,80.2410964966,70035,70045,10
13.0925598145,80.2410430908,70045,70055,10
13.0920200348,80.2409973145,70055,70065,10
13.0913095474,80.2409515381,70065,70075,10
13.0904598236,80.2409362793,70075,70085,10
13.0896596909,80.2410964966,70085,70095,10
13.0890197754,80.2415008545,70095,70105,10
13.0883102417,80.2420120239,70105,70115,10
13.0878601074,80.242767334,70115,70125,10
13.0878000259,80.2432632446,70125,70135,10
13.0876903534,80.2435073853,70135,70145,10
13.087269783,80.2439804077,70145,70156,11
13.0865297318,80.2445602417,70156,70166,10
13.0857496262,80.2452011108,70166,70196,30
13.0857496262,80.2452011108,70196,70206,10
13.085559845,80.245552063,70206,70216,10
13.0856304169,80.2461929321,70216,70226,10
13.0856704712,80.2467727661,70226,70236,10
13.0856704712,80.2467803955,70236,70246,10
13.0856800079,80.247253418,70246,70256,10
13.0857696533,80.248008728,70256,70266,10
13.0858297348,80.2490463257,70266,70277,11
13.0859003067,80.250038147,70277,70287,10
13.0858898163,80.2503814697,70287,70297,10
13.0858201981,80.2509765625,70297,70306,9
13.0857200623,80.2515487671,70306,70317,11
13.0856304169,80.2520675659,70317,70327,10
13.0855998993,80.2524337769,70327,70337,10
13.0855503082,80.2527618408,70337,70347,10
13.0855302811,80.2530822754,70347,70357,10
13.0854997635,80.2533035278,70357,70367,10
13.0854902267,80.2536087036,70367,70377,10
13.0855302811,80.2539901733,70377,70387,10
13.0855903625,80.254447937,70387,70398,11
13.085439682,80.254737854,70398,70408,10
13.0851097107,80.2547836304,70408,70418,10
13.0847396851,80.2547302246,70418,70428,10
13.084280014,80.2547073364,70428,70438,10
13.0839195251,80.2546615601,70438,70448,10
13.0838603973,80.2546386719,70448,70458,10
13.083439827,80.2546234131,70458,70468,10
13.08273983,80.2545928955,70468,70478,10
13.0822000504,80.2545928955,70478,70488,10
13.0816202164,80.2548599243,70488,70498,10
13.081410408,80.2549133301,70498,70508,10
13.0809698105,80.2548980713,70508,70519,11
13.0808601379,80.2548904419,70519,70529,10
13.080450058,80.2548217773,70529,70539,10
13.0797395706,80.2547073364,70539,70549,10
13.0791902542,80.2547225952,70549,70559,10
13.0791797638,80.2547302246,70559,70569,10
13.0790395737,80.2547302246,70569,70579,10
13.0789499283,80.2550430298,70579,70589,10
13.0789699554,80.2555770874,70589,70599,10
13.0790596008,80.2564468384,70599,70619,20
13.0790596008,80.2564468384,70619,70628,9
13.0790395737,80.2566223145,70628,70640,12
13.0786104202,80.2567367554,70640,70650,10
13.0782299042,80.2567367554,70650,70660,10
13.0777702332,80.2567672729,70660,70670,10
13.0771999359,80.2568817139,70670,70680,10
13.0765695572,80.2572479248,70680,70690,10
13.0759096146,80.2578735352,70690,70700,10
13.0754299164,80.2582931519,70700,70710,10
13.0754299164,80.258682251,70710,70720,10
13.075630188,80.2593612671,70720,70730,10
13.0762796402,80.2599716187,70730,70740,10
13.0768404007,80.2604827881,70740,70750,10
13.0771799088,80.2608718872,70750,70761,11
13.0774002075,80.2613220215,70761,70771,10
13.0775499344,80.2617874146,70771,70781,10
13.0777597427,80.2622909546,70781,70821,40
13.0777597427,80.2622909546,70821,70831,10
13.0778102875,80.2624588013,70831,70841,10
13.0778198242,80.2626495361,70841,70851,10
13.0778903961,80.2629394531,70851,70861,10
13.0780296326,80.263343811,70861,70871,10
13.0778303146,80.2636566162,70871,70882,11
13.077249527,80.2641067505,70882,70912,30
13.077249527,80.2641067505,70912,70922,10
13.0769300461,80.2641677856,70922,70932,10
13.0766801834,80.2642211914,70932,70942,10
13.0760803223,80.2642669678,70942,70952,10
13.0756797791,80.2642364502,70952,70962,10
13.0754804611,80.2640228271,70962,70972,10
13.0752601624,80.2636795044,70972,70982,10
13.0747900009,80.2631072998,70982,70992,10
13.0743198395,80.2625579834,70992,71003,11
13.0736198425,80.2616882324,71003,71023,20
13.0736198425,80.2616882324,71023,71033,10
13.0733995438,80.2614974976,71033,71043,10
13.0729904175,80.2616577148,71043,71053,10
13.0727596283,80.2623596191,71053,71063,10
13.0725297928,80.2630996704,71063,71073,10
13.0722999573,80.263671875,71073,71083,10
13.0719299316,80.2642364502,71083,71093,10
13.0715103149,80.2646865845,71093,71103,10
13.0714797974,80.2647171021,71103,71113,10
13.0713596344,80.2648620605,71113,71124,11
13.0710000992,80.2652664185,71124,71134,10
13.0705404282,80.2657089233,71134,71144,10
13.0699701309,80.2663116455,71144,71164,20
13.0699701309,80.2663116455,71164,71174,10
13.0697002411,80.2665786743,71174,71184,10
13.0693101883,80.2669830322,71184,71194,10
13.0691404343,80.2671279907,71194,71203,9
13.0688695908,80.267539978,71203,71214,11
13.0685997009,80.2683868408,71214,71224,10
13.068400383,80.2690582275,71224,71234,10
13.0682401657,80.2697601318,71234,71245,11
13.0680999756,80.2706375122,71245,71254,9
13.0680599213,80.2709579468,71254,71265,11
13.0678796768,80.2711029053,71265,71275,10
13.0675096512,80.2708511353,71275,71285,10
13.0671100616,80.2704162598,71285,71295,10
13.0670404434,80.270362854,71295,71305,10
13.0667104721,80.2699508667,71305,71315,10
13.0664196014,80.2693862915,71315,71325,10
13.0663204193,80.2687835693,71325,71335,10
13.0662298203,80.2685089111,71335,71345,10
13.0659103394,80.2679824829,71345,71355,10
13.0652999878,80.2677001953,71355,71366,11
13.0651903152,80.2676773071,71366,71376,10
13.065030098,80.2676467896,71376,71386,10
13.0645103455,80.2675628662,71386,71396,10
13.0638904572,80.2674484253,71396,71406,10
13.0631799698,80.267288208,71406,71416,10
13.0625495911,80.2670211792,71416,71426,10
13.0621004105,80.2664871216,71426,71436,10
13.0616598129,80.2659225464,71436,71446,10
13.061249733,80.2654037476,71446,71456,10
13.0609703064,80.2652435303,71456,71466,10
13.0606298447,80.2653427124,71466,71475,9
13.060500145,80.2654418945,71475,71487,12
13.0604896545,80.2654418945,71487,71497,10
13.0600700378,80.2656173706,71497,71507,10
13.059510231,80.2656478882,71507,71517,10
13.0590600967,80.2655410767,71517,71527,10
13.0586795807,80.2654571533,71527,71537,10
13.0586004257,80.2654495239,71537,71547,10
13.0583200455,80.2653808594,71547,71557,10
13.0580301285,80.2649993896,71557,71567,10
13.0579204559,80.2643203735,71567,71577,10
13.0578298569,80.2637023926,71577,71587,10
13.0577602386,80.2629013062,71587,71597,10
13.0576496124,80.2621078491,71597,71608,11
13.0574703217,80.2611999512,71608,71618,10
13.0572299957,80.2603302002,71618,71628,10
13.0569601059,80.2593917847,71628,71638,10
13.0566797256,80.2584686279,71638,71648,10
13.0565299988,80.2577362061,71648,71658,10
13.0564203262,80.2572174072,71658,71678,20
13.0564203262,80.2572174072,71678,71688,10
13.0563697815,80.2569885254,71688,71698,10
13.0562601089,80.2565383911,71698,71707,9
13.0559997559,80.256111145,71707,71718,11
13.0554800034,80.2554321289,71718,71729,11
13.0548696518,80.2545623779,71729,71739,10
13.0543003082,80.2539215088,71739,71749,10
13.0540800095,80.253616333,71749,71759,10
13.0540800095,80.253616333,71759,71769,10
13.0537700653,80.2531814575,71769,71778,9
13.0534601212,80.2527084351,71778,71789,11
13.053030014,80.2521133423,71789,71799,10
13.052069664,80.2508468628,71799,71809,10
13.052069664,80.2508468628,71809,71819,10
13.0513896942,80.2502822876,71819,71828,9
13.0505504608,80.2500610352,71828,71847,19
13.0486698151,80.2497634888,71847,71857,10
13.0479602814,80.2493972778,71857,71867,10
13.0473403931,80.2488327026,71867,71877,10
13.0469198227,80.2486724854,71877,71887,10
13.0468702316,80.2486724854,71887,71897,10
13.0464496613,80.2486495972,71897,71907,10
13.0458402634,80.2485198975,71907,71917,10
13.045539856,80.2483978271,71917,71927,10
13.0453300476,80.248298645,71927,71937,10
13.0452299118,80.2482528687,71937,71947,10
13.0448503494,80.2481765747,71947,71957,10
13.044500351,80.2481384277,71957,71968,11
13.0442399979,80.2480926514,71968,71978,10
13.0440702438,80.2480773926,71978,71988,10
13.0438404083,80.2480316162,71988,71998,10
13.0435600281,80.2479782104,71998,72008,10
13.0430603027,80.2478866577,72008,72018,10
13.0424003601,80.2477264404,72018,72028,10
13.0415201187,80.2475585938,72028,72048,20
13.0415201187,80.2475585938,72048,72058,10
13.0412397385,80.2474975586,72058,72068,10
13.0406303406,80.2473678589,72068,72078,10
13.0400600433,80.2472610474,72078,72119,41
13.0400600433,80.2472610474,72119,72129,10
13.0396699905,80.247177124,72129,72139,10
13.0392599106,80.2470169067,72139,72149,10
13.0388498306,80.2469177246,72149,72159,10
13.0383701324,80.2468032837,72159,72169,10
13.0379295349,80.2467803955,72169,72179,10
13.0372800827,80.246673584,72179,72189,10
13.0366296768,80.2465591431,72189,72200,11
13.0359401703,80.246383667,72200,72210,10
13.0351600647,80.2461395264,72210,72230,20
13.0351600647,80.2461395264,72230,72240,10
13.0348901749,80.2459106445,72240,72250,10
13.0346298218,80.2455215454,72250,72260,10
13.0342197418,80.2450180054,72260,72270,10
13.0336198807,80.2443771362,72270,72310,40
13.0336198807,80.2443771362,72310,72321,11
13.0333404541,80.2442626953,72321,72331,10
13.0330696106,80.2438735962,72331,72391,60
13.0329198837,80.2435379028,72391,72441,50
13.0329198837,80.2435379028,72441,72452,11
13.0328302383,80.243347168,72452,72482,30
13.0328302383,80.243347168,72482,72492,10
13.0326099396,80.2430725098,72492,72542,50
13.0325498581,80.2428436279,72542,72593,51
13.0325498581,80.2428436279,72593,72603,10
13.0324697495,80.24269104,72603,72613,10
13.0323696136,80.2426223755,72613,72623,10
13.0322504044,80.2425003052,72623,72633,10
13.031999588,80.2421798706,72633,72744,111
13.031999588,80.2421798706,72744,72754,10
13.0317897797,80.2417526245,72754,72764,10
13.0315198898,80.2411575317,72764,72774,10
13.0311803818,80.2404785156,72774,72855,81
13.0311803818,80.2404785156,72855,72865,10
13.031129837,80.2404022217,72865,72875,10
13.0310001373,80.2400283813,72875,72885,10
13.0306797028,80.239402771,72885,72895,10
13.0302600861,80.2386474609,72895,72905,10
13.0298404694,80.2379226685,72905,72915,10
13.0293998718,80.2372512817,72915,72925,10
13.0291099548,80.2369537354,72925,72936,11
13.0290603638,80.236869812,72936,72946,10
13.0287599564,80.2365188599,72946,72956,10
13.028260231,80.2359619141,72956,72966,10
13.0277395248,80.2352828979,72966,72976,10
13.0272703171,80.2344284058,72976,72986,10
13.0268096924,80.2336425781,72986,72996,10
13.0265398026,80.2331771851,72996,73006,10
13.0262804031,80.2326889038,73006,73016,10
13.0260801315,80.2320175171,73016,73026,10
13.0259895325,80.2317199707,73026,73036,10
13.0259799957,80.2316818237,73036,73046,10
13.0259199142,80.2314071655,73046,73057,11
13.0257101059,80.230758667,73057,73067,10
13.0253095627,80.2300567627,73067,73077,10
13.0248403549,80.2294616699,73077,73087,10
13.0246496201,80.2292098999,73087,73097,10
13.0246095657,80.2291793823,73097,73107,10
13.0243597031,80.2288284302,73107,73117,10
13.0239400864,80.2283401489,73117,73137,20
13.0239400864,80.2283401489,73137,73147,10
13.0238304138,80.2282180786,73147,73157,10
13.0235204697,80.2278366089,73157,73167,10
13.0232601166,80.2276000977,73167,73178,11
13.0228500366,80.227180481,73178,73188,10
13.0222702026,80.2266616821,73188,73198,10
13.02161026,80.2261199951,73198,73208,10
13.0209903717,80.2256469727,73208,73218,10
13.0203399658,80.2252120972,73218,73228,10
13.0198698044,80.2249221802,73228,73238,10
13.0193595886,80.224609375,73238,73248,10
13.0185003281,80.2246398926,73248,73258,10
13.017539978,80.2250366211,73258,73268,10
13.0165996552,80.2254486084,73268,73278,10
13.0160598755,80.2256393433,73278,73289,11
13.0155897141,80.2257919312,73289,73299,10
13.0151195526,80.2259979248,73299,73309,10
13.0146398544,80.2261810303,73309,73319,10
13.0142297745,80.226348877,73319,73329,10
13.0141897202,80.2263565063,73329,73339,10
13.0140199661,80.2264175415,73339,73349,10
13.0135002136,80.2266082764,73349,73359,10
13.0128097534,80.2268829346,73359,73369,10
13.0120201111,80.2272033691,73369,73379,10
13.011179924,80.2275390625,73379,73389,10
13.0103502274,80.2278823853,73389,73399,10
13.0095396042,80.2282028198,73399,73409,10
13.0090303421,80.2288208008,73409,73420,11
13.0088195801,80.2299118042,73420,73430,10
13.0086202621,80.2310180664,73430,73440,10
13.0084199905,80.2321166992,73440,73450,10
13.0082798004,80.2329483032,73450,73460,10
13.0082197189,80.2335510254,73460,73470,10
13.0081996918,80.2336578369,73470,73480,10
13.0081396103,80.2338180542,73480,73490,10
13.0080699921,80.2340774536,73490,73500,10
13.0079402924,80.2347412109,73500,73530,30
13.0079402924,80.2347412109,73530,73541,11
13.0078296661,80.2351226807,73541,73551,10
13.0077104568,80.2357635498,73551,73561,10
13.0075998306,80.2364425659,73561,73571,10
13.0074901581,80.2370071411,73571,73581,10
13.0073795319,80.2375488281,73581,73591,10
13.0073003769,80.2379608154,73591,73601,10
13.0071897507,80.2386169434,73601,73611,10
13.0070495605,80.2393798828,73611,73621,10
13.0069904327,80.2398071289,73621,73833,212
13.0069904327,80.2398071289,73833,73843,10
13.0069303513,80.2401275635,73843,73853,10
13.0068902969,80.2406082153,73853,73863,10
13.0068702698,80.2407302856,73863,73873,10
13.0067901611,80.2410125732,73873,73883,10
13.0067300797,80.2416763306,73883,73893,10
13.0067195892,80.2424926758,73893,73904,11
13.0066900253,80.2431564331,73904,73914,10
13.0066795349,80.2433166504,73914,73924,10
13.0066795349,80.2434997559,73924,73934,10
13.0066699982,80.2439422607,73934,73944,10
13.0066604614,80.2444915771,73944,73954,10
13.0066604614,80.2446670532,73954,73964,10
13.0066699982,80.2448883057,73964,73974,10
13.0066699982,80.2449417114,73974,73984,10
13.006649971,80.2451705933,73984,73994,10
13.0066604614,80.2453613281,73994,74004,10
13.0066995621,80.2458496094,74004,74014,10
13.006770134,80.2464904785,74014,74025,11
13.0067396164,80.2473068237,74025,74035,10
13.0066995621,80.2482528687,74035,74045,10
13.0067396164,80.2493591309,74045,74055,10
13.0067796707,80.2504730225,74055,74065,10
13.0067901611,80.2514724731,74065,74075,10
13.006649971,80.2520217896,74075,74085,10
13.0065002441,80.2528610229,74085,74095,10
13.0065097809,80.2539596558,74095,74105,10
13.0065803528,80.2549362183,74105,74115,10
13.0065803528,80.2551879883,74115,74125,10
13.0065698624,80.2554473877,74125,74134,9
13.0065603256,80.2560119629,74134,74146,12
13.0065803528,80.2568664551,74146,74156,10
13.0066299438,80.2572097778,74156,74166,10
13.0066795349,80.25756073,74166,74176,10
13.0061903,80.2576065063,74176,74186,10
13.0057096481,80.2574768066,74186,74196,10
13.0054197311,80.2573699951,74196,74206,10
13.0047502518,80.257232666,74206,74226,20
13.0047502518,80.257232666,74226,74236,10
13.0044002533,80.2572097778,74236,74297,61
13.0044002533,80.2572097778,74297,74307,10
13.0039997101,80.2571182251,74307,74317,10
13.0038404465,80.2570724487,74317,74327,10
13.0036096573,80.2570037842,74327,74398,71
13.0036096573,80.2570037842,74398,74408,10
13.0034303665,80.2570419312,74408,74418,10
13.0032396317,80.2569580078,74418,74428,10
13.0029602051,80.2568817139,74428,74438,10
13.0025997162,80.2568130493,74438,74448,10
13.0021495819,80.2567214966,74448,74458,10
13.0018100739,80.2566604614,74458,74509,51
13.0018100739,80.2566604614,74509,74519,10
13.0014896393,80.2565994263,74519,74529,10
13.0009002686,80.2565383911,74529,74539,10
13.0003204346,80.256439209,74539,74549,10
12.9997797012,80.2563476563,74549,74559,10
12.9994697571,80.2562789917,74559,74589,30
12.9994697571,80.2562789917,74589,74599,10
12.9993495941,80.2562789917,74599,74609,10
12.9989995956,80.2562179565,74609,74619,10
12.9985799789,80.2561416626,74619,74630,11
12.9984102249,80.256111145,74630,74640,10
12.9983301163,80.256072998,74640,74650,10
12.9980096817,80.2560424805,74650,74660,10
12.997420311,80.2560119629,74660,74670,10
12.9968395233,80.2559814453,74670,74680,10
12.9963598251,80.2559509277,74680,74690,10
12.9957704544,80.2559509277,74690,74700,10
12.9952898026,80.2559585571,74700,74710,10
12.9946899414,80.2559661865,74710,74720,10
12.9939203262,80.2560501099,74720,74730,10
12.9929895401,80.2561187744,74730,74740,10
12.991979599,80.2561569214,74740,74751,11
12.9910497665,80.256111145,74751,74761,10
12.9906196594,80.2560882568,74761,74771,10
12.9903001785,80.2560882568,74771,74781,10
12.9897899628,80.2560806274,74781,74791,10
12.9892501831,80.2560577393,74791,74801,10
12.9887800217,80.2560424805,74801,74811,10
12.9887104034,80.2560272217,74811,74821,10
12.9885101318,80.2560119629,74821,74872,51
12.9885101318,80.2560119629,74872,74882,10
12.9882497787,80.2559661865,74882,74892,10
12.9880104065,80.2559204102,74892,74902,10
12.9876403809,80.2559661865,74902,74912,10
12.9875602722,80.2566375732,74912,74922,10
12.9874897003,80.2572784424,74922,74932,10
12.9874296188,80.2581100464,74932,74942,10
12.9873600006,80.2588882446,74942,74952,10
12.9872903824,80.2592391968,74952,74962,10
12.9872198105,80.2595367432,74962,74982,20
12.9872198105,80.2595367432,74982,74993,11
12.9872102737,80.2596664429,74993,75003,10
12.9870595932,80.2596893311,75003,75013,10
12.9868898392,80.2596511841,75013,75023,10
12.986749649,80.2595672607,75023,75033,10
12.9867801666,80.2593307495,75033,75421,388
12.9870996475,80.2591705322,75421,75441,20
12.9870996475,80.2591705322,75441,75451,10
12.9872903824,80.2591705322,75451,75461,10
12.9873104095,80.2589187622,75461,75471,10
12.9873800278,80.2583312988,75471,75491,20
12.9874095917,80.2581329346,75491,75572,81
12.9874095917,80.2581329346,75572,75582,10
12.9874200821,80.2577896118,75582,75592,10
12.9874601364,80.2573776245,75592,75602,10
12.9874696732,80.2571334839,75602,75612,10
12.9875202179,80.2569122314,75612,75622,10
12.9875497818,80.2566604614,75622,75753,131
12.9875497818,80.2566604614,75753,75763,10
12.9876699448,80.2562484741,75763,75774,11
12.987660408,80.255897522,75774,75784,10
12.9879198074,80.2558135986,75784,75794,10
12.9881401062,80.2558517456,75794,75804,10
12.9882602692,80.2558670044,75804,75814,10
12.9885196686,80.2559127808,75814,75824,10
12.9885702133,80.2559204102,75824,75834,10
12.9889602661,80.2559661865,75834,75844,10
12.9896001816,80.2560272217,75844,75854,10
12.9902200699,80.2560424805,75854,75864,10
12.9906301498,80.2560272217,75864,75874,10
12.9911699295,80.256072998,75874,75884,10
12.9919500351,80.2560806274,75884,75895,11
12.9929304123,80.256072998,75895,75905,10
12.9941501617,80.2559967041,75905,75945,40
12.9941501617,80.2559967041,75945,75955,10
12.9943199158,80.2559814453,75955,75965,10
12.9947900772,80.2559432983,75965,75975,10
12.9951896667,80.2559280396,75975,75985,10
12.9954595566,80.2559204102,75985,76046,61
12.9954595566,80.2559204102,76046,76056,10
12.9957504272,80.2559127808,76056,76066,10
12.9962501526,80.2559127808,76066,76076,10
12.9966201782,80.2558898926,76076,76086,10
12.9968795776,80.2558898926,76086,76096,10
12.9971704483,80.2559204102,76096,76106,10
12.9974899292,80.2559509277,76106,76116,10
12.9978599548,80.2559585571,76116,76126,10
12.9982404709,80.2559890747,76126,76147,21
12.9982404709,80.2559890747,76147,76157,10
12.9985799789,80.2560424805,76157,76187,30
12.9989595413,80.2561187744,76187,76227,40
12.9989595413,80.2561187744,76227,76237,10
12.9992103577,80.2561798096,76237,76247,10
12.9996900558,80.2562637329,76247,76258,11
13.0002498627,80.2563705444,76258,76268,10
13.0006303787,80.256439209,76268,76288,20
13.0006303787,80.256439209,76288,76298,10
13.0009498596,80.2565307617,76298,76308,10
13.0014200211,80.2565994263,76308,76318,10
13.0018997192,80.2566833496,76318,76328,10
13.0024700165,80.2567672729,76328,76338,10
13.002790451,80.2568283081,76338,76348,10
13.0032396317,80.2569122314,76348,76358,10
13.0038404465,80.257019043,76358,76367,9
13.0044803619,80.2571411133,76367,76379,12
13.0053596497,80.257270813,76379,76389,10
13.0055198669,80.2573013306,76389,76399,10
13.0058498383,80.2573699951,76399,76409,10
13.006310463,80.2574462891,76409,76419,10
13.0064897537,80.2570571899,76419,76429,10
13.0065097809,80.2562713623,76429,76439,10
13.006529808,80.255531311,76439,76449,10
13.0065603256,80.2549133301,76449,76459,10
13.0065402985,80.2542114258,76459,76469,10
13.0066003799,80.253578186,76469,76479,10
13.0065898895,80.2530593872,76479,76488,9
13.0066003799,80.2524414063,76488,76540,52
13.0066003799,80.2524414063,76540,76550,10
13.0066699982,80.252281189,76550,76560,10
13.0067100525,80.2518615723,76560,76570,10
13.0067796707,80.2512207031,76570,76580,10
13.0068101883,80.2504882813,76580,76590,10
13.0068302155,80.2498397827,76590,76600,10
13.0068502426,80.2495727539,76600,76609,9
13.0068101883,80.248878479,76609,76621,12
13.0067100525,80.2477416992,76621,76631,10
13.0066900253,80.2470016479,76631,76641,10
13.0066604614,80.2466430664,76641,76651,10
13.0066604614,80.2459335327,76651,76661,10
13.0066299438,80.2451171875,76661,76671,10
13.0066204071,80.244682312,76671,76681,10
13.0066204071,80.2443771362,76681,76691,10
13.0066099167,80.244140625,76691,76701,10
13.0065898895,80.243850708,76701,76711,10
13.0066003799,80.2435379028,76711,76721,10
13.0065803528,80.2429962158,76721,76731,10
13.0065898895,80.2422485352,76731,76742,11
13.0066099167,80.2412109375,76742,76752,10
13.0066995621,80.2405014038,76752,76762,10
13.0068597794,80.2397689819,76762,76771,9
13.0070104599,80.2389678955,76771,76782,11
13.0072097778,80.237953186,76782,76792,10
13.007349968,80.2373275757,76792,76802,10
13.0074100494,80.2368164063,76802,76812,10
13.0074901581,80.2365875244,76812,76822,10
13.0075702667,80.2362976074,76822,76832,10
13.0076999664,80.2356414795,76832,76842,10
13.0078001022,80.2350616455,76842,76852,10
13.0078496933,80.2348480225,76852,76863,11
13.008020401,80.23412323,76863,76873,10
13.0082302094,80.2330703735,76873,76883,10
13.008480072,80.2317733765,76883,76893,10
13.0087404251,80.2303924561,76893,76903,10
13.0089998245,80.2290802002,76903,76913,10
13.0092897415,80.2279510498,76913,76923,10
13.0097398758,80.2269363403,76923,76933,10
13.0101900101,80.225982666,76933,76943,10
13.0106601715,80.2249832153,76943,76953,10
13.0110301971,80.224067688,76953,76963,10
13.0112400055,80.2234420776,76963,76973,10
13.0115699768,80.2227783203,76973,76984,11
13.0118598938,80.2219085693,76984,76994,10
13.0121498108,80.2214202881,76994,77004,10
13.0123195648,80.2214813232,77004,77014,10
13.0125904083,80.2218933105,77014,77024,10
13.0130500793,80.2224807739,77024,77034,10
13.0136604309,80.2231216431,77034,77044,10
13.0140695572,80.2235870361,77044,77054,10
13.0144100189,80.224067688,77054,77064,10
13.0150699615,80.2247390747,77064,77084,20
13.0150699615,80.2247390747,77084,77094,10
13.0154104233,80.2250289917,77094,77105,11
13.0160903931,80.2253570557,77105,77115,10
13.0169095993,80.2251663208,77115,77125,10
13.0179195404,80.2247619629,77125,77135,10
13.0188798904,80.2243728638,77135,77145,10
13.0193195343,80.2242965698,77145,77155,10
13.019659996,80.2244796753,77155,77165,10
13.0202598572,80.224937439,77165,77175,10
13.0209703445,80.2254714966,77175,77185,10
13.0216598511,80.226020813,77185,77195,10
13.0225000381,80.2267074585,77195,77205,10
13.0232200623,80.2273635864,77205,77215,10
13.0237398148,80.2278594971,77215,77226,11
13.0241603851,80.2283477783,77226,77236,10
13.0242996216,80.2285232544,77236,77246,10
13.0246295929,80.2289581299,77246,77256,10
13.0251703262,80.2296600342,77256,77266,10
13.0256996155,80.2304763794,77266,77276,10
13.0258598328,80.2308197021,77276,77286,10
13.025850296,80.2308578491,77286,77296,10
13.0260000229,80.2312927246,77296,77306,10
13.0261898041,80.2320327759,77306,77316,10
13.0264797211,80.2327194214,77316,77326,10
13.0266304016,80.2330627441,77326,77336,10
13.0269899368,80.2336807251,77336,77347,11
13.0274600983,80.2345123291,77347,77357,10
13.0279302597,80.2353820801,77357,77367,10
13.0286598206,80.2362365723,77367,77377,10
13.0292901993,80.2368774414,77377,77387,10
13.0295696259,80.2372131348,77387,77397,10
13.0297899246,80.2375411987,77397,77407,10
13.0301904678,80.238243103,77407,77417,10
13.0306997299,80.2390899658,77417,77427,10
13.0310401917,80.239616394,77427,77498,71
13.0310401917,80.239616394,77498,77508,10
13.0312004089,80.2398910522,77508,77518,10
13.0313396454,80.2401504517,77518,77528,10
13.0314397812,80.2408218384,77528,77538,10
13.0317802429,80.2414627075,77538,77548,10
13.0320796967,80.2421112061,77548,77558,10
13.0326404572,80.2427825928,77558,77568,10
13.0333003998,80.2436828613,77568,77578,10
13.033949852,80.2445678711,77578,77589,11
13.0344896317,80.2452697754,77589,77599,10
13.034910202,80.2457809448,77599,77609,10
13.0355596542,80.2461090088,77609,77619,10
13.0357999802,80.2462005615,77619,77629,10
13.0359601974,80.2463378906,77629,77639,10
13.0366001129,80.2464523315,77639,77649,10
13.0373296738,80.2464523315,77649,77659,10
13.0380401611,80.2465591431,77659,77669,10
13.0389204025,80.2468109131,77669,77698,29
13.0389204025,80.2468109131,77698,77710,12
13.0390396118,80.2468795776,77710,77720,10
13.0393695831,80.246963501,77720,77730,10
13.0399703979,80.2470397949,77730,77740,10
13.040769577,80.247177124,77740,77750,10
13.0416603088,80.2473602295,77750,77760,10
13.0423898697,80.2475891113,77760,77770,10
13.0431404114,80.2478485107,77770,77780,10
13.0438404083,80.2478485107,77780,77790,10
13.0445098877,80.2479171753,77790,77800,10
13.0450801849,80.2481918335,77800,77810,10
13.0456800461,80.2484207153,77810,77820,10
13.046380043,80.2485275269,77820,77831,11
13.0469198227,80.2484512329,77831,77841,10
13.0470104218,80.2484817505,77841,77851,10
13.0474004745,80.2487030029,77851,77861,10
13.0479097366,80.2492218018,77861,77871,10
13.0485200882,80.2496871948,77871,77881,10
13.049079895,80.2497329712,77881,77891,10
13.0497703552,80.2498321533,77891,77901,10
13.0507001877,80.2500305176,77901,77911,10
13.0515699387,80.2503128052,77911,77921,10
13.0523395538,80.2510223389,77921,77931,10
13.0530395508,80.251953125,77931,77941,10
13.0536403656,80.2527389526,77941,77952,11
13.0542201996,80.2535476685,77952,77962,10
13.0547399521,80.2542495728,77962,77972,10
13.0552301407,80.2548980713,77972,77982,10
13.0557203293,80.2555923462,77982,77992,10
13.0560998917,80.2560806274,77992,78002,10
13.0564603806,80.2565231323,78002,78012,10
13.0564603806,80.2565231323,78012,78022,10
13.0566902161,80.2567596436,78022,78030,8
13.0567398071,80.2568435669,78030,78042,12
13.057220459,80.2572631836,78042,78052,10
13.0577201843,80.2577362061,78052,78062,10
13.0581903458,80.2582931519,78062,78073,11
13.0586996078,80.2589797974,78073,78083,10
13.0591402054,80.2596206665,78083,78093,10
13.0596599579,80.2602005005,78093,78103,10
13.060259819,80.2607727051,78103,78113,10
13.0606603622,80.2612915039,78113,78123,10
13.0611400604,80.2618865967,78123,78133,10
13.0616903305,80.2625274658,78133,78143,10
13.061920166,80.2628173828,78143,78153,10
13.0619697571,80.262878418,78153,78163,10
13.0628004074,80.263923645,78163,78173,10
13.0628004074,80.263923645,78173,78183,10
13.0633497238,80.2645797729,78183,78193,10
13.0637903214,80.2653121948,78193,78203,10
13.064160347,80.2658309937,78203,78214,11
13.0647497177,80.2665328979,78214,78224,10
13.0652503967,80.2670516968,78224,78234,10
13.0658102036,80.267578125,78234,78244,10
13.0662698746,80.2681427002,78244,78254,10
13.0665502548,80.2683563232,78254,78264,10
13.0669898987,80.2685623169,78264,78274,10
13.0670499802,80.2686080933,78274,78284,10
13.0673704147,80.2688598633,78284,78294,10
13.0679101944,80.2692108154,78294,78304,10
13.0682897568,80.2691497803,78304,78315,11
13.0684499741,80.2685470581,78315,78325,10
13.0686397552,80.2678833008,78325,78335,10
13.0689897537,80.2671432495,78335,78345,10
13.0696201324,80.2665405273,78345,78355,10
13.0701799393,80.2660064697,78355,78365,10
13.0703897476,80.2658233643,78365,78375,10
13.070690155,80.2655029297,78375,78385,10
13.0710601807,80.2650985718,78385,78395,10
13.0713996887,80.2647399902,78395,78405,10
13.0718202591,80.2642974854,78405,78415,10
13.0722904205,80.2636489868,78415,78425,10
13.0725402832,80.2630004883,78425,78436,11
13.0727596283,80.2622909546,78436,78446,10
13.0729799271,80.2615966797,78446,78456,10
13.0729799271,80.2615966797,78456,78466,10
13.0730895996,80.2611999512,78466,78474,8
13.0733003616,80.2612304688,78474,78484,10
13.0737304688,80.2616729736,78484,78496,12
13.0742702484,80.2623214722,78496,78506,10
13.0746803284,80.2628479004,78506,78516,10
13.0751104355,80.2634277344,78516,78526,10
13.0755596161,80.2640304565,78526,78536,10
13.0760297775,80.2642669678,78536,78547,11
13.0765895844,80.2641906738,78547,78557,10
13.0767803192,80.2641677856,78557,78567,10
13.0769796371,80.2641220093,78567,78577,10
13.0771799088,80.2640609741,78577,78587,10
13.077460289,80.2639312744,78587,78597,10
13.0778102875,80.2636108398,78597,78607,10
13.0780296326,80.2634506226,78607,78617,10
13.0780601501,80.2631072998,78617,78627,10
13.0778799057,80.2626037598,78627,78637,10
13.0776901245,80.2620620728,78637,78647,10
13.0775403976,80.2616119385,78647,78657,10
13.0774202347,80.2613220215,78657,78668,11
13.0773000717,80.2609863281,78668,78678,10
13.0772895813,80.2609634399,78678,78688,10
13.0772304535,80.2608566284,78688,78698,10
13.077050209,80.260559082,78698,78708,10
13.076669693,80.2602005005,78708,78718,10
13.0760498047,80.259727478,78718,78728,10
13.0756101608,80.2591323853,78728,78738,10
13.0754804611,80.2585525513,78738,78799,61
13.0754804611,80.2585525513,78799,78809,10
13.0754098892,80.2582473755,78809,78819,10
13.0757398605,80.2579421997,78819,78829,10
13.0766401291,80.2571716309,78829,78839,10
13.0766401291,80.2571716309,78839,78849,10
13.0772199631,80.2568206787,78849,78858,9
13.0777902603,80.2566680908,78858,78869,11
13.0785198212,80.2566223145,78869,78879,10
13.0788803101,80.2565612793,78879,78889,10
13.079000473,80.2565002441,78889,78899,10
13.0790500641,80.2563781738,78899,78910,11
13.079000473,80.2557830811,78910,78920,10
13.0789499283,80.2550964355,78920,78930,10
13.0789299011,80.2548294067,78930,78940,10
13.0791501999,80.2545776367,78940,78950,10
13.0794696808,80.2545623779,78950,78960,10
13.079870224,80.2546386719,78960,78970,10
13.0801496506,80.2546691895,78970,78980,10
13.0805797577,80.254737854,78980,78990,10
13.0811395645,80.2547988892,78990,79000,10
13.0815401077,80.2547836304,79000,79010,10
13.0818004608,80.2543029785,79010,79020,10
13.0818595886,80.2538299561,79020,79031,11
13.0819196701,80.2532577515,79031,79041,10
13.0816698074,80.2526702881,79041,79051,10
13.0813999176,80.2519226074,79051,79061,10
13.0813798904,80.2511825562,79061,79071,10
13.0813598633,80.2506790161,79071,79081,10
13.081319809,80.2499465942,79081,79091,10
13.081609726,80.2496109009,79091,79101,10
13.0822296143,80.2497634888,79101,79111,10
13.0828199387,80.2498703003,79111,79121,10
13.0834999084,80.2499694824,79121,79131,10
13.0841903687,80.2500686646,79131,79141,10
13.0846300125,80.2501602173,79141,79152,11
13.0846500397,80.2501831055,79152,79162,10
13.0847997665,80.2502288818,79162,79172,10
13.0852003098,80.2503128052,79172,79182,10
13.0857496262,80.2503662109,79182,79192,10
13.085849762,80.250289917,79192,79202,10
13.0858898163,80.2497787476,79202,79212,10
13.0858402252,80.2489776611,79212,79222,10
13.0858001709,80.2481002808,79222,79232,10
13.0857896805,80.247177124,79232,79242,10
13.0857496262,80.2466583252,79242,79252,10
13.0857496262,80.2465515137,79252,79262,10
13.0857000351,80.2460632324,79262,79283,21
13.0857000351,80.2460632324,79283,79293,10
13.0856599808,80.2457809448,79293,79303,10
13.0856199265,80.2454376221,79303,79333,30
13.0856199265,80.2454376221,79333,79343,10
13.0857601166,80.2450714111,79343,79353,10
13.0862598419,80.2446899414,79353,79363,10
13.0869102478,80.2441635132,79363,79373,10
13.0875196457,80.243637085,79373,79383,10
13.0878000259,80.2430725098,79383,79394,11
13.0879297256,80.2423095703,79394,79404,10
13.0882701874,80.2419509888,79404,79414,10
13.0886001587,80.2417221069,79414,79424,10
13.0890197754,80.2414169312,79424,79434,10
13.0893697739,80.2411804199,79434,79444,10
13.0899095535,80.2408905029,79444,79454,10
13.0906400681,80.2407913208,79454,79464,10
13.0914402008,80.2408370972,79464,79474,10
13.0921401978,80.2408828735,79474,79484,10
13.09237957,80.2408905029,79484,79494,10
13.0927801132,80.2409133911,79494,79504,10
13.093460083,80.241027832,79504,79515,11
13.0939598083,80.2410964966,79515,79525,10
13.0939903259,80.2410964966,79525,79535,10
13.0942802429,80.2411575317,79535,79545,10
13.0945796967,80.2412109375,79545,79555,10
13.0951004028,80.2413406372,79555,79565,10
13.095700264,80.2415466309,79565,79575,10
13.0963897705,80.2417984009,79575,79585,10
13.097120285,80.2420425415,79585,79636,51
13.097120285,80.2420425415,79636,79646,10
13.0972795486,80.2420806885,79646,79666,20
13.0972795486,80.2420806885,79666,79676,10
13.0975399017,80.2421035767,79676,79686,10
13.0979995728,80.2422409058,79686,79696,10
13.0984201431,80.2422790527,79696,79716,20
13.0984201431,80.2422790527,79716,79726,10
13.0986404419,80.2422180176,79726,79736,10
13.0987501144,80.2420120239,79736,79745,9
13.0987100601,80.2418212891,79745,79757,12
13.0984697342,80.2420730591,79757,79949,192
13.0972795486,80.2421798706,79949,80183,234
13.0972795486,80.2421798706,80183,80213,30
13.096329689,80.241859436,80213,80221,8
13.0958003998,80.2416534424,80221,80232,11
13.0951004028,80.2414016724,80232,80243,11
13.0944700241,80.2412414551,80243,80253,10
13.0938301086,80.2411193848,80253,80263,10
13.0934801102,80.2410583496,80263,80273,10
13.0931196213,80.2409896851,80273,80283,10
13.0924901962,80.2409286499,80283,80293,10
13.0916900635,80.2408599854,80293,80303,10
13.0907497406,80.2408218384,80303,80313,10
13.0897703171,80.2409286499,80313,80323,10
13.0889501572,80.2414321899,80323,80333,10
13.0882101059,80.2419586182,80333,80343,10
13.0878200531,80.2427597046,80343,80353,10
13.0877399445,80.2432098389,80353,80364,11
13.0874500275,80.2436981201,80364,80374,10
13.0868301392,80.2442016602,80374,80384,10
13.0861597061,80.244758606,80384,80394,10
13.0855798721,80.2453613281,80394,80404,10
13.0856103897,80.2460784912,80404,80414,10
13.0856800079,80.2466812134,80414,80424,10
13.0856895447,80.246711731,80424,80434,10
13.0857095718,80.2471237183,80434,80444,10
13.0857801437,80.2478485107,80444,80454,10
13.0858402252,80.2488174438,80454,80464,10
13.0858697891,80.2498931885,80464,80474,10
13.0858097076,80.250617981,80474,80485,11
13.0856800079,80.2515411377,80485,80495,10
13.0855703354,80.2523803711,80495,80505,10
13.0854997635,80.2531433105,80505,80515,10
13.0854997635,80.2537231445,80515,80525,10
13.0855703354,80.2545013428,80525,80535,10
13.0853900909,80.2546691895,80535,80545,10
13.0847702026,80.2546234131,80545,80555,10
13.0840196609,80.2545318604,80555,80565,10
13.0838499069,80.2545089722,80565,80575,10
13.0837497711,80.2545089722,80575,80585,10
13.0832700729,80.2544784546,80585,80595,10
13.0825996399,80.2544631958,80595,80606,11
13.0820198059,80.2545623779,80606,80616,10
13.0813903809,80.2548599243,80616,80626,10
13.0809497833,80.2548522949,80626,80636,10
13.0808200836,80.2548217773,80636,80646,10
13.0803899765,80.254737854,80646,80656,10
13.0796604156,80.2546310425,80656,80666,10
13.0790700912,80.2546691895,80666,80676,10
13.0789203644,80.2547225952,80676,80686,10
13.0789604187,80.2552032471,80686,80696,10
13.0790395737,80.2560501099,80696,80706,10
13.0789403915,80.2565765381,80706,80715,9
13.0784301758,80.2566299438,80715,80727,12
13.0776195526,80.256690979,80727,80737,10
13.0769901276,80.2568893433,80737,80747,10
13.0764102936,80.2573318481,80747,80757,10
13.0757303238,80.2579727173,80757,80767,10
13.0754299164,80.2583770752,80767,80777,10
13.0756196976,80.2590408325,80777,80787,10
13.0761203766,80.2597122192,80787,80797,10
13.0767202377,80.2602310181,80797,80807,10
13.0770196915,80.2605209351,80807,80817,10
13.0773000717,80.2609405518,80817,80827,10
13.0775003433,80.2614517212,80827,80837,10
13.0777997971,80.2621383667,80837,80878,41
13.0777997971,80.2621383667,80878,80888,10
13.0778598785,80.2624969482,80888,80898,10
13.0779600143,80.2629165649,80898,80908,10
13.0782203674,80.2633514404,80908,80918,10
13.078040123,80.2635498047,80918,80928,10
13.0777997971,80.263671875,80928,80938,10
13.0766897202,80.2641525269,80938,80948,10
13.0766897202,80.2641525269,80948,80958,10
13.0759601593,80.264251709,80958,80967,9
13.0756196976,80.2641677856,80967,80979,12
13.0752000809,80.2635269165,80979,80989,10
13.074839592,80.2630233765,80989,80999,10
13.0744304657,80.2624969482,80999,81009,10
13.0739898682,80.2619934082,81009,81019,10
13.0737304688,80.2616729736,81019,81029,10
13.0737199783,80.2616729736,81029,81039,10
13.073559761,80.2615127563,81039,81049,10
13.0731296539,80.2614364624,81049,81059,10
13.0728797913,80.262046814,81059,81069,10
13.0726499557,80.2627334595,81069,81079,10
13.0724201202,80.263420105,81079,81090,11
13.0720396042,80.2640762329,81090,81100,10
13.0714597702,80.2646789551,81100,81120,20
13.0714597702,80.2646789551,81120,81130,10
13.0712404251,80.2648468018,81130,81140,10
13.0708503723,80.2652816772,81140,81150,10
13.0703802109,80.2657775879,81150,81160,10
13.0698699951,80.2663116455,81160,81170,10
13.0692901611,80.2669067383,81170,81180,10
13.0687999725,80.2676391602,81180,81190,10
13.0685796738,80.2682800293,81190,81201,11
13.0684204102,80.2687835693,81201,81211,10
13.0682601929,80.2694091797,81211,81221,10
13.0681495667,80.2701873779,81221,81231,10
13.0679998398,80.2709503174,81231,81241,10
13.0676002502,80.2707824707,81241,81251,10
13.067199707,80.2703475952,81251,81261,10
13.0670795441,80.2702178955,81261,81271,10
13.0666904449,80.26978302,81271,81281,10
13.0664596558,80.2690811157,81281,81291,10
13.0663003922,80.2683181763,81291,81301,10
13.0657396317,80.2677307129,81301,81311,10
13.0652799606,80.267616272,81311,81322,11
13.0651197433,80.267616272,81322,81332,10
13.0645704269,80.2675094604,81332,81342,10
13.0637798309,80.2673568726,81342,81352,10
13.0629501343,80.2672195435,81352,81362,10
13.0622596741,80.266708374,81362,81372,10
13.0616798401,80.2659378052,81372,81382,10
13.0611095428,80.2652435303,81382,81392,10
13.0605401993,80.2653579712,81392,81402,10
13.0604896545,80.26537323,81402,81412,10
13.060259819,80.2654800415,81412,81422,10
13.0598802567,80.2655792236,81422,81432,10
13.0592603683,80.2655410767,81432,81443,11
13.0586700439,80.2654190063,81443,81453,10
13.0582895279,80.2652893066,81453,81463,10
13.0580196381,80.2647018433,81463,81473,10
13.0579299927,80.2639465332,81473,81483,10
13.0578298569,80.2630615234,81483,81493,10
13.0577201843,80.2621307373,81493,81503,10
13.0575304031,80.2611618042,81503,81513,10
13.0572595596,80.2601776123,81513,81523,10
13.0569295883,80.2590637207,81523,81533,10
13.0566396713,80.2579574585,81533,81543,10
13.0564804077,80.257270813,81543,81552,9
13.0564603806,80.2570571899,81552,81564,12
13.0563898087,80.256652832,81564,81574,10
13.0562295914,80.2562789917,81574,81584,10
13.0557699203,80.2556610107,81584,81594,10
13.055150032,80.2548370361,81594,81604,10
13.0544700623,80.2539825439,81604,81614,10
13.0541496277,80.2535629272,81614,81624,10
13.054019928,80.2533798218,81624,81634,10
13.053609848,80.2527923584,81634,81644,10
13.053030014,80.2519989014,81644,81654,10
13.0523900986,80.2511367798,81654,81664,10
13.0515699387,80.2503204346,81664,81674,10
13.0503902435,80.249961853,81674,81685,11
13.0490102768,80.2497787476,81685,81695,10
13.0480499268,80.2493972778,81695,81705,10
13.0473499298,80.2487869263,81705,81715,10
13.0469198227,80.248626709,81715,81725,10
13.0465698242,80.248588562,81725,81735,10
13.0458498001,80.2484664917,81735,81745,10
13.044960022,80.2481613159,81745,81755,10
13.0439195633,80.2479629517,81755,81765,10
13.0429601669,80.2477874756,81765,81775,10
13.0420198441,80.2476196289,81775,81785,10
13.0409498215,80.2473907471,81785,81795,10
13.0395402908,80.2470703125,81795,81816,21
13.0395402908,80.2470703125,81816,81826,10
13.0393600464,80.2470397949,81826,81836,10
13.038769722,80.2468795776,81836,81846,10
13.037899971,80.2467422485,81846,81856,10
13.0368995667,80.2465362549,81856,81866,10
13.0359601974,80.2463302612,81866,81876,10
13.0352497101,80.2460708618,81876,81886,10
13.0351600647,80.2459869385,81886,81896,10
13.034819603,80.2456893921,81896,81906,10
13.0338802338,80.2445373535,81906,81916,10
13.0338802338,80.2445373535,81916,81927,11
13.0331401825,80.2435531616,81927,81935,8
13.03262043,80.2428817749,81935,81947,12
13.0324201584,80.2426376343,81947,81957,10
13.0323200226,80.2425231934,81957,81967,10
13.03221035,80.2423629761,81967,81977,10
13.031999588,80.2420883179,81977,82058,81
13.031999588,80.2420883179,82058,82068,10
13.0319795609,80.2419509888,82068,82078,10
13.0317697525,80.2414703369,82078,82088,10
13.0314302444,80.2406768799,82088,82158,70
13.0314302444,80.2406768799,82158,82169,11
13.0313901901,80.2405776978,82169,82179,10
13.0312900543,80.2402877808,82179,82189,10
13.0310697556,80.2398910522,82189,82199,10
13.0307397842,80.2392730713,82199,82209,10
13.0302801132,80.2384719849,82209,82219,10
13.0297203064,80.2375106812,82219,82229,10
13.0291500092,80.236831665,82229,82239,10
13.0290203094,80.2367095947,82239,82249,10
13.0286798477,80.2363204956,82249,82259,10
13.0280799866,80.2356796265,82259,82269,10
13.0275297165,80.2347793579,82269,82279,10
13.0269403458,80.2338180542,82279,82290,11
13.0264902115,80.2330169678,82290,82300,10
13.0262002945,80.2322387695,82300,82310,10
13.0260801315,80.2317810059,82310,82320,10
13.0260400772,80.2316589355,82320,82330,10
13.0258998871,80.2310180664,82330,82340,10
13.0255002975,80.2301483154,82340,82350,10
13.0249099731,80.2293930054,82350,82360,10
13.0244503021,80.2288284302,82360,82370,10
13.0239696503,80.2282714844,82370,82380,10
13.0238895416,80.2281570435,82380,82390,10
13.0237903595,80.2279815674,82390,82400,10
13.0234298706,80.2276382446,82400,82411,11
13.0228700638,80.2270736694,82411,82421,10
13.0221395493,80.2264175415,82421,82431,10
13.0212602615,80.2257385254,82431,82441,10
13.0204401016,80.2251434326,82441,82451,10
13.0194501877,80.2245178223,82451,82461,10
13.0181598663,80.2247085571,82461,82471,10
13.0171899796,80.2251281738,82471,82481,10
13.0167798996,80.2252883911,82481,82491,10
13.016699791,80.2253265381,82491,82501,10
13.0164699554,80.225440979,82501,82511,10
13.0159597397,80.2256393433,82511,82522,11
13.0151100159,80.225982666,82522,82532,10
13.014380455,80.2262420654,82532,82542,10
13.0142498016,80.2262878418,82542,82552,10
13.0138902664,80.2264328003,82552,82562,10
13.0131797791,80.2267227173,82562,82572,10
13.0122003555,80.2270965576,82572,82582,10
13.0109596252,80.2276000977,82582,82592,10
13.0098199844,80.2280578613,82592,82602,10
13.0090703964,80.2287368774,82602,82612,10
13.0088300705,80.2300033569,82612,82622,10
13.008600235,80.2313308716,82622,82631,9
13.0083799362,80.2324371338,82631,82643,12
13.0080795288,80.2338790894,82643,82653,10
13.0078496933,80.2350311279,82653,82663,10
13.0076303482,80.2362365723,82663,82673,10
13.0073795319,80.2375411987,82673,82683,10
13.0072202682,80.2385787964,82683,82693,10
13.0070495605,80.2395706177,82693,82703,10
13.0069599152,80.2400894165,82703,82723,20
13.0069599152,80.2400894165,82723,82733,10
13.0068597794,80.2409210205,82733,82753,20
13.0068597794,80.2409210205,82753,82764,11
13.006770134,80.2412414551,82764,82774,10
13.0067396164,80.2420425415,82774,82784,10
13.0067300797,80.2428665161,82784,82794,10
13.0066995621,80.2431335449,82794,82814,20
13.0066795349,80.2433929443,82814,82834,20
13.0066795349,80.2433929443,82834,82844,10
13.0066604614,80.243637085,82844,82854,10
13.0066604614,80.2438964844,82854,82864,10
13.006649971,80.2442016602,82864,82874,10
13.0066699982,80.2443237305,82874,82885,11
13.0066900253,80.2445068359,82885,82895,10
13.0066699982,80.2448196411,82895,82905,10
13.0066795349,80.2450790405,82905,82915,10
13.0066900253,80.2452774048,82915,82925,10
13.0066699982,80.2455673218,82925,82935,10
13.0067195892,80.2460784912,82935,82945,10
13.0067396164,80.2469787598,82945,82955,10
13.0067195892,80.2479400635,82955,82965,10
13.006770134,80.2490921021,82965,82975,10
13.0068101883,80.250328064,82975,82985,10
13.0068597794,80.2512893677,82985,82995,10
13.0066795349,80.2520828247,82995,83006,11
13.0065603256,80.2531661987,83006,83016,10
13.0065603256,80.2542495728,83016,83026,10
13.0065898895,80.2551193237,83026,83036,10
13.0066003799,80.2560501099,83036,83046,10
13.0066404343,80.2570724487,83046,83056,10
13.0067300797,80.2573699951,83056,83066,10
13.0066900253,80.257522583,83066,83076,10
13.0061397552,80.257522583,83076,83086,10
13.0053195953,80.2573165894,83086,83096,10
13.0044698715,80.2571487427,83096,83106,10
13.0035800934,80.2569732666,83106,83115,9
13.0029296875,80.2568435669,83115,83127,12
13.0020503998,80.2566833496,83127,83137,10
13.001159668,80.2565612793,83137,83147,10
13.0001497269,80.2563934326,83147,83157,10
12.9993200302,80.2562179565,83157,83167,10
12.9988298416,80.2561416626,83167,83177,10
12.9986495972,80.2561264038,83177,83187,10
12.998550415,80.256149292,83187,83197,10
12.9981403351,80.2560806274,83197,83207,10
12.9975004196,80.2559967041,83207,83217,10
12.9968900681,80.2559661865,83217,83227,10
12.9964199066,80.2559585571,83227,83237,10
12.99559021,80.2559509277,83237,83248,11
12.9946603775,80.2559890747,83248,83258,10
12.9937496185,80.2560577393,83258,83268,10
12.9926204681,80.2561264038,83268,83278,10
12.9914197922,80.256111145,83278,83288,10
12.9906196594,80.2560882568,83288,83298,10
12.9898700714,80.256072998,83298,83308,10
12.9889202118,80.2560272217,83308,83318,10
12.9883403778,80.2559585571,83318,83328,10
12.9881801605,80.2559280396,83328,83338,10
12.9879302979,80.255897522,83338,83348,10
12.9876804352,80.2559432983,83348,83358,10
12.9875802994,80.256401062,83358,83369,11
12.9875497818,80.2571563721,83369,83379,10
12.9874696732,80.2579498291,83379,83399,20
12.987449646,80.2581863403,83399,83419,20
12.987449646,80.2581863403,83419,83429,10
12.9874401093,80.2583236694,83429,83439,10
12.9874095917,80.2583999634,83439,83449,10
12.9873800278,80.258682251,83449,83459,10
12.987279892,80.2591781616,83459,83500,41
12.987279892,80.2591781616,83500,83510,10
12.9873199463,80.2589187622,83510,83520,10
12.9873695374,80.2584762573,83520,83530,10
12.9874095917,80.2580108643,83530,83540,10
12.9874601364,80.2572631836,83540,83550,10
12.9875402451,80.2564697266,83550,83560,10
12.9876003265,80.2558288574,83560,83570,10
12.987830162,80.2557220459,83570,83580,10
12.9883804321,80.2558135986,83580,83590,10
12.9891004562,80.255897522,83590,83600,10
12.9899196625,80.2559585571,83600,83611,11
12.9907398224,80.2559814453,83611,83621,10
12.9914999008,80.2560424805,83621,83631,10
12.9923095703,80.2560424805,83631,83641,10
12.993180275,80.2560195923,83641,83651,10
12.9940395355,80.2559814453,83651,83661,10
12.9949197769,80.255897522,83661,83671,10
12.9958496094,80.255897522,83671,83681,10
12.9965400696,80.2558670044,83681,83691,10
12.9967603683,80.2558670044,83691,83701,10
12.9970598221,80.2558822632,83701,83710,9
12.9974498749,80.255897522,83710,83721,11
