12.9968595505,80.1915283203,13,457,444
12.9969596863,80.1914596558,457,1214,757
12.9967803955,80.1914367676,1214,1811,597
12.9969997406,80.1914291382,1811,2376,565
12.9968500137,80.1914901733,2376,2760,384
12.9970397949,80.1914367676,2760,7121,4361
12.9970397949,80.1914367676,7121,7131,10
12.9968595505,80.191619873,7131,7625,494
12.9968500137,80.1915435791,7625,7767,142
12.9970197678,80.1914825439,7767,8615,848
12.996919632,80.1915206909,8615,9412,797
12.996919632,80.1915206909,9412,9422,10
12.9970397949,80.191619873,9422,10078,656
12.9968700409,80.1915206909,10078,10189,111
12.9970397949,80.1915969849,10189,10775,586
12.996919632,80.1915435791,10775,13533,2758
12.9968595505,80.1913986206,13533,16269,2736
12.997010231,80.1914520264,16269,18480,2211
12.9970197678,80.1914520264,18480,18954,474
12.9968795776,80.1915130615,18954,22287,3333
12.9968795776,80.1915130615,22287,22297,10
12.9969396591,80.1915893555,22297,22307,10
12.9970703125,80.1917495728,22307,22317,10
12.9972896576,80.1916809082,22317,22327,10
12.9972600937,80.1913375854,22327,22337,10
12.9970703125,80.1910400391,22337,22347,10
12.9965896606,80.1912994385,22347,22660,313
12.9965896606,80.1912994385,22660,22670,10
12.9963998795,80.1914978027,22670,22681,11
12.9963302612,80.1914291382,22681,22691,10
12.9962701797,80.1911621094,22691,22701,10
12.9961595535,80.1906890869,22701,22711,10
12.9961099625,80.1904907227,22711,22721,10
12.9960403442,80.1901779175,22721,22731,10
12.9959602356,80.1898574829,22731,22741,10
12.9959602356,80.1895065308,22741,22792,51
12.9959602356,80.1895065308,22792,22802,10
12.9959201813,80.1894226074,22802,22812,10
12.9961004257,80.1893081665,22812,22822,10
12.9963798523,80.1896133423,22822,22832,10
12.9968395233,80.1901321411,22832,22842,10
12.9974298477,80.1908416748,22842,22852,10
12.9980602264,80.1916503906,22852,22862,10
12.9987001419,80.1924819946,22862,22872,10
12.9992704391,80.1932983398,22872,22883,11
13.0000600815,80.1942825317,22883,22893,10
13.0007400513,80.195098877,22893,22903,10
13.001449585,80.1959609985,22903,22913,10
13.0020399094,80.1969223022,22913,22923,10
13.0019903183,80.1980285645,22923,22933,10
13.0018396378,80.1990890503,22933,22943,10
13.0020399094,80.2001419067,22943,22953,10
13.0029096603,80.2006835938,22953,22963,10
13.0037002563,80.2008590698,22963,22973,10
13.0040597916,80.200958252,22973,22983,10
13.0045604706,80.2011108398,22983,22994,11
13.0053195953,80.2015075684,22994,23004,10
13.0058698654,80.2022628784,23004,23014,10
13.006360054,80.2030181885,23014,23024,10
13.0070800781,80.2034988403,23024,23034,10
13.0079298019,80.2037200928,23034,23044,10
13.0084600449,80.2033996582,23044,23054,10
13.0077800751,80.20287323,23054,23064,10
13.0076198578,80.2038421631,23064,23074,10
13.0076398849,80.2049331665,23074,23084,10
13.0077400208,80.2060928345,23084,23095,11
13.0079097748,80.2073822021,23095,23105,10
13.0080604553,80.2085189819,23105,23115,10
13.0082702637,80.2096786499,23115,23125,10
13.0086803436,80.2107467651,23125,23135,10
13.0090703964,80.2118225098,23135,23145,10
13.0094203949,80.2128982544,23145,23155,10
13.0098199844,80.2138290405,23155,23165,10
13.0101604462,80.2147369385,23165,23181,16
13.0105695724,80.2163162231,23181,23193,12
13.011179924,80.2176208496,23193,23204,11
13.0116596222,80.2189407349,23204,23214,10
13.0120401382,80.2201309204,23214,23224,10
13.0124101639,80.2210922241,23224,23234,10
13.0125999451,80.2217712402,23234,23244,10
13.0132398605,80.2224884033,23244,23254,10
13.0137796402,80.2231903076,23254,23264,10
13.0142803192,80.223739624,23264,23274,10
13.0148496628,80.2244033813,23274,23284,10
13.0156097412,80.2251205444,23284,23294,10
13.0165996552,80.2253036499,23294,23304,10
13.0176200867,80.2248916626,23304,23315,11
13.0187501907,80.2244415283,23315,23325,10
13.0195503235,80.2244415283,23325,23345,20
13.0200395584,80.2247619629,23345,23357,12
13.0207004547,80.2252731323,23357,23367,10
13.0213403702,80.2258224487,23367,23377,10
13.0221595764,80.2264022827,23377,23387,10
13.0229597092,80.2270889282,23387,23397,10
13.0237798691,80.2277908325,23397,23407,10
13.0244598389,80.2284698486,23407,23448,41
13.0244598389,80.2284698486,23448,23458,10
13.0244197845,80.2285995483,23458,23467,9
13.0242900848,80.2286376953,23467,23478,11
13.024020195,80.2283401489,23478,23488,10
13.0236797333,80.2279281616,23488,23498,10
13.0232696533,80.2275314331,23498,23508,10
13.0230798721,80.2273330688,23508,23519,11
13.0226898193,80.2269515991,23519,23529,10
13.0222196579,80.2264785767,23529,23539,10
13.0215396881,80.2259216309,23539,23549,10
13.0207901001,80.2253417969,23549,23559,10
13.0199604034,80.2247772217,23559,23569,10
13.0195999146,80.2245483398,23569,23579,10
13.019080162,80.2244567871,23579,23589,10
13.0182600021,80.2247314453,23589,23599,10
13.0173196793,80.225112915,23599,23609,10
13.0164203644,80.225479126,23609,23618,9
13.0157604218,80.225692749,23618,23630,12
13.0149698257,80.2260284424,23630,23640,10
13.0143995285,80.2262573242,23640,23650,10
13.0140600204,80.2263565063,23650,23660,10
13.0134401321,80.226600647,23660,23670,10
13.0126399994,80.226890564,23670,23680,10
13.0118398666,80.2271881104,23680,23690,10
13.0109901428,80.2275390625,23690,23700,10
13.0101299286,80.2278594971,23700,23710,10
13.0095796585,80.2276916504,23710,23720,10
13.0098400116,80.2270431519,23720,23731,11
13.0102396011,80.2261810303,23731,23741,10
13.0106296539,80.2253723145,23741,23751,10
13.0109796524,80.2244796753,23751,23761,10
13.0113201141,80.2235565186,23761,23771,10
13.0116796494,80.2225723267,23771,23781,10
13.0120801926,80.2215118408,23781,23791,10
13.0120401382,80.2206420898,23791,23801,10
13.0117502213,80.2197036743,23801,23811,10
13.0115003586,80.21875,23811,23827,16
13.0108995438,80.2172393799,23827,23839,12
13.0103998184,80.2162399292,23839,23850,11
13.010020256,80.2154464722,23850,23858,8
13.0096197128,80.214881897,23858,23869,11
13.0090303421,80.2141189575,23869,23881,12
13.0083703995,80.2134170532,23881,23901,20
13.0082502365,80.2133636475,23901,23921,20
13.0082502365,80.2133636475,23921,23931,10
13.0081195831,80.2132797241,23931,23943,12
13.0078802109,80.2130966187,23943,23953,10
13.0074300766,80.2128601074,23953,23963,10
13.0067796707,80.2127685547,23963,23973,10
13.0060901642,80.2129516602,23973,23982,9
13.0054702759,80.2127990723,23982,23993,11
13.0046796799,80.212348938,23993,24003,10
13.0038795471,80.2120513916,24003,24013,10
13.0037202835,80.2115783691,24013,24023,10
13.0036802292,80.2108535767,24023,24033,10
13.0035896301,80.2100830078,24033,24043,10
13.0036001205,80.2093429565,24043,24054,11
13.0038995743,80.2086334229,24054,24064,10
13.004699707,80.2089309692,24064,24074,10
13.0056600571,80.2093429565,24074,24084,10
13.0065402985,80.2096176147,24084,24094,10
13.0070896149,80.2097702026,24094,24104,10
13.0078201294,80.2099304199,24104,24114,10
13.0081596375,80.2098617554,24114,24124,10
13.0080099106,80.209197998,24124,24134,10
13.0078802109,80.2083282471,24134,24144,10
13.0077495575,80.2073516846,24144,24155,11
13.0075502396,80.2062911987,24155,24165,10
13.007349968,80.2054519653,24165,24174,9
13.0070800781,80.2047424316,24174,24185,11
13.0066299438,80.203918457,24185,24194,9
13.0061597824,80.2032623291,24194,24205,11
13.0057001114,80.2024765015,24205,24215,10
13.0050802231,80.2016601563,24215,24225,10
13.0044698715,80.2013015747,24225,24235,10
13.0043296814,80.2012634277,24235,24245,10
13.0042896271,80.2012405396,24245,24255,10
13.0039701462,80.2011489868,24255,24266,11
13.0033197403,80.2008972168,24266,24276,10
13.002579689,80.2006607056,24276,24286,10
13.0019197464,80.2000579834,24286,24296,10
13.0017299652,80.1991195679,24296,24306,10
13.0018796921,80.198059082,24306,24316,10
13.0018997192,80.1969223022,24316,24326,10
13.0013198853,80.1959762573,24326,24336,10
13.000579834,80.1950378418,24336,24346,10
12.999830246,80.1940994263,24346,24356,10
12.9990797043,80.1931762695,24356,24367,11
12.9984397888,80.1923828125,24367,24377,10
12.9979801178,80.192527771,24377,24387,10
12.9973602295,80.1930389404,24387,24397,10
12.997010231,80.1933135986,24397,24407,10
12.9966497421,80.1933898926,24407,24417,10
12.9959697723,80.1933898926,24417,24427,10
12.995059967,80.193397522,24427,24437,10
12.9940395355,80.1934204102,24437,24447,10
12.9930896759,80.1934509277,24447,24457,10
12.9920701981,80.1934585571,24457,24467,10
12.9915800095,80.1940002441,24467,24484,17
12.9913797379,80.1943817139,24484,24496,12
12.9912900925,80.194519043,24496,24506,10
12.9911899567,80.194732666,24506,24515,9
12.9911203384,80.1948165894,24515,24526,11
12.9907903671,80.1952285767,24526,24536,10
12.9902200699,80.1955795288,24536,24546,10
12.9895200729,80.1955566406,24546,24556,10
12.9885196686,80.1955337524,24556,24569,13
12.9873304367,80.1956634521,24569,24580,11
12.9863195419,80.1960220337,24580,24590,10
12.9852800369,80.196182251,24590,24600,10
12.9842395782,80.196182251,24600,24610,10
12.9834403992,80.1963424683,24610,24620,10
12.9831399918,80.1964569092,24620,24630,10
12.9827804565,80.1966781616,24630,24640,10
12.9823904037,80.1970062256,24640,24663,23
12.9821195602,80.1970977783,24663,24675,12
12.9822702408,80.1968994141,24675,24685,10
12.9826002121,80.1966400146,24685,24696,11
12.9828395844,80.1964569092,24696,24706,10
12.9826898575,80.1962585449,24706,24716,10
12.9822902679,80.1960525513,24716,24726,10
12.9818096161,80.1958007813,24726,24736,10
12.9816799164,80.1957168579,24736,24746,10
12.9815502167,80.195640564,24746,24756,10
12.9811000824,80.1954193115,24756,24765,9
12.9805202484,80.1951522827,24765,24775,10
12.9798603058,80.1947631836,24775,24786,11
12.9791603088,80.1942825317,24786,24797,11
12.9783601761,80.1939315796,24797,24806,9
12.9777803421,80.1938095093,24806,24817,11
12.9775800705,80.1937866211,24817,24827,10
12.9772396088,80.193687439,24827,24837,10
12.9766597748,80.1934127808,24837,24847,10
12.976269722,80.1931381226,24847,24857,10
12.975859642,80.1928482056,24857,24867,10
12.9752902985,80.1925201416,24867,24877,10
12.9746799469,80.1922988892,24877,24887,10
12.9741802216,80.1921234131,24887,24898,11
12.9734802246,80.1918411255,24898,24908,10
12.9727296829,80.1915817261,24908,24918,10
12.9722299576,80.1913833618,24918,24928,10
12.9721002579,80.1912994385,24928,24938,10
12.9718904495,80.191192627,24938,24948,10
12.9714202881,80.1909713745,24948,24958,10
12.970870018,80.1907577515,24958,24968,10
12.9702796936,80.1905136108,24968,24978,10
12.9698400497,80.1902770996,24978,24988,10
12.9693098068,80.1900405884,24988,24998,10
12.9689998627,80.1898880005,24998,25009,11
12.968079567,80.1894302368,25009,25035,26
12.968079567,80.1894302368,25035,25047,12
12.9677696228,80.1892623901,25047,25057,10
12.9672498703,80.1890716553,25057,25067,10
12.9666795731,80.1889038086,25067,25077,10
12.9660797119,80.188659668,25077,25087,10
12.9657001495,80.1885070801,25087,25097,10
12.9652204514,80.1883163452,25097,25108,11
12.9649200439,80.1881790161,25108,25118,10
12.9647197723,80.1881103516,25118,25127,9
12.9642601013,80.1879425049,25127,25138,11
12.9636001587,80.1877670288,25138,25148,10
12.9628601074,80.1875762939,25148,25158,10
12.9619998932,80.1874008179,25158,25168,10
12.961230278,80.1872787476,25168,25178,10
12.9607696533,80.1871871948,25178,25188,10
12.9605798721,80.1871566772,25188,25198,10
12.9601697922,80.1871109009,25198,25208,10
12.9596004486,80.1870574951,25208,25219,11
12.9587402344,80.1870193481,25219,25229,10
12.957909584,80.1870117188,25229,25239,10
12.9569997787,80.1869812012,25239,25249,10
12.9560804367,80.1868972778,25249,25259,10
12.9558296204,80.1868591309,25259,25269,10
12.9556398392,80.1868362427,25269,25279,10
12.9552698135,80.1867980957,25279,25289,10
12.9546003342,80.186706543,25289,25299,10
12.9537000656,80.1865692139,25299,25309,10
12.9526996613,80.186416626,25309,25320,11
12.9515600204,80.1861114502,25320,25330,10
12.9505596161,80.1857833862,25330,25340,10
12.9497404099,80.185508728,25340,25350,10
12.9494495392,80.1854171753,25350,25360,10
12.9491100311,80.1853103638,25360,25370,10
12.94851017,80.1851119995,25370,25380,10
12.9478998184,80.1848678589,25380,25390,10
12.9476203918,80.184677124,25390,25400,10
12.9475803375,80.1846618652,25400,25410,10
12.9474601746,80.1845474243,25410,25421,11
12.9471502304,80.1843185425,25421,25431,10
12.9467201233,80.1839828491,25431,25441,10
12.9462499619,80.1836166382,25441,25451,10
12.9459495544,80.1833724976,25451,25461,10
12.945599556,80.1831130981,25461,25471,10
12.9449901581,80.1830062866,25471,25481,10
12.9443101883,80.1829833984,25481,25491,10
12.9433202744,80.1829376221,25491,25501,10
12.94231987,80.1828765869,25501,25511,10
12.9412899017,80.1827774048,25511,25521,10
12.9403400421,80.1827392578,25521,25532,11
12.9395704269,80.1825866699,25532,25542,10
12.9395103455,80.1825790405,25542,25552,10
12.9392204285,80.1825180054,25552,25562,10
12.9388799667,80.1824264526,25562,25572,10
12.9383602142,80.1823196411,25572,25582,10
12.9375696182,80.1822509766,25582,25592,10
12.9366197586,80.1822662354,25592,25602,10
12.9356002808,80.1824035645,25602,25612,10
12.9345598221,80.182258606,25612,25622,10
12.9334802628,80.1820068359,25622,25633,11
12.9323501587,80.1817703247,25633,25643,10
12.931520462,80.1816482544,25643,25653,10
12.9310102463,80.1815795898,25653,25663,10
12.9308595657,80.1815490723,25663,25673,10
12.9302797318,80.1816101074,25673,25683,10
12.929479599,80.1817932129,25683,25693,10
12.9285001755,80.1820297241,25693,25703,10
12.9274101257,80.1822891235,25703,25713,10
12.9262895584,80.1825180054,25713,25723,10
12.9252700806,80.1826934814,25723,25733,10
12.9241695404,80.1828613281,25733,25744,11
12.9232397079,80.1830291748,25744,25754,10
12.9223098755,80.1832733154,25754,25764,10
12.921330452,80.1836624146,25764,25774,10
12.9205799103,80.1839523315,25774,25784,10
12.9204597473,80.1840286255,25784,25794,10
12.9201898575,80.1838531494,25794,25804,10
12.9200801849,80.1832504272,25804,25814,10
12.9199199677,80.1825408936,25814,25824,10
12.9197397232,80.181678772,25824,25834,10
12.9195203781,80.1806869507,25834,25845,11
12.919260025,80.1795501709,25845,25855,10
12.9188098907,80.1788330078,25855,25865,10
12.9182701111,80.1780776978,25865,25875,10
12.9182796478,80.1769790649,25875,25885,10
12.9184904099,80.1759185791,25885,25895,10
12.9187498093,80.1748199463,25895,25905,10
12.9190502167,80.1736602783,25905,25915,10
12.9193696976,80.1725006104,25915,25925,10
12.9196195602,80.171546936,25925,25935,10
12.9197797775,80.1709213257,25935,25945,10
12.9199199677,80.1705093384,25945,25956,11
12.9202003479,80.1696624756,25956,25966,10
12.9205102921,80.1686630249,25966,25976,10
12.920800209,80.1678009033,25976,25986,10
12.9211196899,80.1668319702,25986,25996,10
12.9214496613,80.1658477783,25996,26006,10
12.9217596054,80.1648483276,26006,26016,10
12.9219703674,80.1642532349,26016,26026,10
12.9220895767,80.1637878418,26026,26036,10
12.9223203659,80.1631317139,26036,26046,10
12.9225597382,80.1623382568,26046,26057,11
12.9228696823,80.1613235474,26057,26067,10
12.9230804443,80.1605911255,26067,26077,10
12.9231100082,80.1604995728,26077,26087,10
12.9232501984,80.1600799561,26087,26097,10
12.9233503342,80.1593017578,26097,26107,10
12.9234399796,80.1582794189,26107,26117,10
12.9235601425,80.1571884155,26117,26127,10
12.9236602783,80.1561813354,26127,26137,10
12.923500061,80.1552581787,26137,26147,10
12.9233198166,80.1544799805,26147,26158,11
12.9230499268,80.1533889771,26158,26168,10
12.9227895737,80.1523971558,26168,26178,10
12.9226903915,80.1516189575,26178,26188,10
12.922659874,80.1507034302,26188,26198,10
12.9226303101,80.1496734619,26198,26199,1
12.9226303101,80.1494598389,26199,26209,10
12.9224395752,80.143371582,26209,26286,77
12.9224395752,80.143371582,26286,26297,11
12.9224596024,80.1432418823,26297,26307,10
12.9224500656,80.1428222656,26307,26317,10
12.9224395752,80.1422576904,26317,26327,10
12.922419548,80.1416397095,26327,26337,10
12.9223899841,80.141418457,26337,26347,10
12.9223899841,80.1410369873,26347,26357,10
12.9223899841,80.1404418945,26357,26367,10
12.9223899841,80.1398162842,26367,26378,11
12.9223804474,80.1389389038,26378,26388,10
12.9224500656,80.1381225586,26388,26398,10
12.9224796295,80.137298584,26398,26408,10
12.9225196838,80.1363830566,26408,26418,10
12.9225597382,80.135383606,26418,26428,10
12.9225997925,80.1343231201,26428,26438,10
12.9226503372,80.1332778931,26438,26448,10
12.9226799011,80.1325073242,26448,26458,10
12.9227304459,80.1315383911,26458,26468,10
12.9227600098,80.1306228638,26468,26479,11
12.9228096008,80.1296005249,26479,26489,10
12.9228696823,80.1288604736,26489,26499,10
12.9228801727,80.1284484863,26499,26509,10
12.9228897095,80.1279067993,26509,26519,10
12.9229001999,80.1272735596,26519,26529,10
12.9229202271,80.1264419556,26529,26539,10
12.9229402542,80.1259002686,26539,26549,10
12.9229602814,80.1256790161,26549,26559,10
12.9230203629,80.1250610352,26559,26569,10
12.9230604172,80.1241912842,26569,26580,11
12.9231004715,80.1230697632,26580,26590,10
12.923119545,80.1219787598,26590,26600,10
12.9231700897,80.1210479736,26600,26610,10
12.923210144,80.1204681396,26610,26650,40
12.923210144,80.1204681396,26650,26660,10
12.9232501984,80.1202011108,26660,26670,10
12.9232797623,80.1196136475,26670,26680,10
12.9232997894,80.1188201904,26680,26691,11
12.9233999252,80.1180877686,26691,26701,10
12.9234800339,80.1173400879,26701,26711,10
12.9234800339,80.1169586182,26711,26721,10
12.9236602783,80.1168365479,26721,26741,20
12.9236602783,80.1168365479,26741,26751,10
12.9236602783,80.1169433594,26751,26761,10
12.9236097336,80.1171875,26761,26771,10
12.9236001968,80.1175384521,26771,26781,10
12.9236497879,80.1178894043,26781,26792,11
12.9235200882,80.1184387207,26792,26802,10
12.9234800339,80.1190567017,26802,26812,10
12.9233999252,80.1196517944,26812,26822,10
12.9233798981,80.1200332642,26822,26832,10
12.923330307,80.1204910278,26832,26852,20
12.923330307,80.1204910278,26852,26862,10
12.9232997894,80.1208190918,26862,26872,10
12.9232997894,80.1211013794,26872,26882,10
12.9233198166,80.1213531494,26882,27268,386
12.9233102798,80.1214828491,27268,27500,232
12.9233102798,80.1214828491,27500,27510,10
12.9232397079,80.1215591431,27510,27520,10
12.9232196808,80.1219329834,27520,27531,11
12.9231901169,80.1225814819,27531,27541,10
12.9231595993,80.1233062744,27541,27551,10
12.9231100082,80.1241378784,27551,27561,10
12.9230699539,80.125,27561,27571,10
12.9230604172,80.12550354,27571,27601,30
12.9230604172,80.12550354,27601,27611,10
12.9230804443,80.1256790161,27611,27621,10
12.92304039,80.1260986328,27621,27631,10
12.9229898453,80.1268768311,27631,27642,11
12.922949791,80.1278381348,27642,27652,10
12.9229001999,80.1286010742,27652,27662,10
12.9228601456,80.1294326782,27662,27672,10
12.9228200912,80.130279541,27672,27682,10
12.9228200912,80.1310806274,27682,27692,10
12.9228096008,80.1312713623,27692,27702,10
12.9227895737,80.131729126,27702,27712,10
12.9227600098,80.1324386597,27712,27722,10
12.9227104187,80.1332092285,27722,27732,10
12.9226799011,80.1340637207,27732,27742,10
12.9226303101,80.1350402832,27742,27753,11
12.9225902557,80.136177063,27753,27763,10
12.922539711,80.13722229,27763,27773,10
12.9224996567,80.1381225586,27773,27783,10
12.9224395752,80.138923645,27783,27793,10
12.9224300385,80.1397171021,27793,27803,10
12.9224395752,80.14012146,27803,27813,10
12.9224395752,80.1406173706,27813,27823,10
12.9224500656,80.1413726807,27823,27833,10
12.9224796295,80.1422195435,27833,27843,10
12.922539711,80.142868042,27843,27890,47
12.922539711,80.142868042,27890,27902,12
12.922539711,80.1433334351,27902,27912,10
12.9225597382,80.1435928345,27912,27922,10
12.9225702286,80.143661499,27922,27932,10
12.922539711,80.1441497803,27932,27942,10
12.9225702286,80.1449584961,27942,27953,11
12.9226303101,80.1461029053,27953,27965,12
12.9226799011,80.1472625732,27965,27975,10
12.9226703644,80.1474761963,27975,27985,10
12.922659874,80.1480178833,27985,27995,10
12.9226398468,80.1488571167,27995,28005,10
12.9226999283,80.1498794556,28005,28015,10
12.9227399826,80.1509628296,28015,28025,10
12.9227800369,80.1519775391,28025,28035,10
12.9229898453,80.1530380249,28035,28045,10
12.9232797623,80.1541213989,28045,28056,11
12.9234399796,80.1546783447,28056,28066,10
12.923500061,80.1550064087,28066,28076,10
12.9236698151,80.1557235718,28076,28086,10
12.9236803055,80.1566696167,28086,28096,10
12.9235801697,80.1577835083,28096,28106,10
12.9234800339,80.1589126587,28106,28122,16
12.923330307,80.1603622437,28122,28134,12
12.9232196808,80.1606292725,28134,28142,8
12.9230298996,80.1611404419,28142,28154,12
12.922659874,80.1622314453,28154,28164,10
12.9223098755,80.1633224487,28164,28175,11
12.9218997955,80.1645965576,28175,28184,9
12.9215602875,80.1656723022,28184,28195,11
12.9211301804,80.1669998169,28195,28204,9
12.920800209,80.1680831909,28204,28214,10
12.9204301834,80.1692276001,28214,28223,9
12.9201402664,80.170249939,28223,28235,12
12.9198999405,80.1709899902,28235,28245,10
12.9198598862,80.1710510254,28245,28255,10
12.9196996689,80.1714782715,28255,28265,10
12.9195404053,80.1722183228,28265,28276,11
12.9192399979,80.1732788086,28276,28286,10
12.9189901352,80.1743469238,28286,28296,10
12.9187602997,80.175453186,28296,28306,10
12.918510437,80.1765670776,28306,28316,10
12.9183101654,80.1777420044,28316,28326,10
12.9188098907,80.1787567139,28326,28336,10
12.9194002151,80.1798400879,28336,28346,10
12.9196395874,80.1811065674,28346,28356,10
12.9199399948,80.1823577881,28356,28366,10
12.9201898575,80.1834335327,28366,28377,11
12.9202899933,80.1837005615,28377,28387,10
12.92029953,80.1838302612,28387,28397,10
12.920539856,80.1839599609,28397,28407,10
12.9210195541,80.1837768555,28407,28417,10
12.9216499329,80.1835174561,28417,28427,10
12.9224596024,80.1832199097,28427,28437,10
12.9233503342,80.1830215454,28437,28447,10
12.9241304398,80.1828536987,28447,28457,10
12.9250402451,80.1827011108,28457,28467,10
12.9260101318,80.1825332642,28467,28477,10
12.9270296097,80.1823425293,28477,28488,11
12.9282302856,80.1820678711,28488,28498,10
12.9292097092,80.1818466187,28498,28508,10
12.9298400879,80.1817016602,28508,28518,10
12.9304199219,80.1815185547,28518,28528,10
12.9310703278,80.1814880371,28528,28538,10
12.9315395355,80.1815414429,28538,28548,10
12.9316196442,80.1815567017,28548,28558,10
12.932100296,80.1816635132,28558,28568,10
12.9327402115,80.1817703247,28568,28578,10
12.9334897995,80.1819610596,28578,28588,10
12.9343700409,80.182182312,28588,28599,11
12.9353399277,80.1824035645,28599,28609,10
12.9360799789,80.1823425293,28609,28619,10
12.9370002747,80.1822433472,28619,28629,10
12.9378404617,80.1822433472,28629,28639,10
12.9385204315,80.1822967529,28639,28649,10
12.9389295578,80.1823730469,28649,28659,10
12.9389696121,80.1823806763,28659,28669,10
12.939040184,80.1824188232,28669,28679,10
12.9393396378,80.182510376,28679,28689,10
12.9398403168,80.1826629639,28689,28700,11
12.9405498505,80.182762146,28700,28710,10
12.9412002563,80.182762146,28710,28720,10
12.9419698715,80.1828384399,28720,28730,10
12.9428501129,80.1829376221,28730,28740,10
12.9437599182,80.1829528809,28740,28750,10
12.944439888,80.1829833984,28750,28760,10
12.944609642,80.1829833984,28760,28770,10
12.9448604584,80.1830062866,28770,28780,10
12.9454402924,80.1830368042,28780,28790,10
12.9460802078,80.1834106445,28790,28801,11
12.9468097687,80.1839981079,28801,28811,10
12.9474897385,80.1845397949,28811,28821,10
12.9481801987,80.1849594116,28821,28831,10
12.9487600327,80.1851425171,28831,28871,40
12.9487600327,80.1851425171,28871,28881,10
12.9489603043,80.1851730347,28881,28891,10
12.9494695663,80.1853790283,28891,28901,10
12.9500904083,80.1855926514,28901,28912,11
12.9508304596,80.185836792,28912,28922,10
12.9516296387,80.1861114502,28922,28932,10
12.9525203705,80.1863632202,28932,28942,10
12.9534797668,80.1865234375,28942,28952,10
12.9543600082,80.186668396,28952,28962,10
12.9551801682,80.1867980957,28962,28972,10
12.9560604095,80.1868972778,28972,29002,30
12.9560604095,80.1868972778,29002,29013,11
12.9561395645,80.186920166,29013,29023,10
12.9563798904,80.186958313,29023,29033,10
12.9567699432,80.1869888306,29033,29043,10
12.9572000504,80.1870193481,29043,29053,10
12.9577302933,80.1870269775,29053,29063,10
12.958319664,80.1870193481,29063,29073,10
12.9589195251,80.1870269775,29073,29083,10
12.9596099854,80.1870803833,29083,29093,10
12.9602603912,80.1871185303,29093,29103,10
12.9607496262,80.1871795654,29103,29113,10
12.9612398148,80.1872634888,29113,29124,11
12.9613399506,80.187286377,29124,29134,10
12.9617395401,80.1873779297,29134,29144,10
12.9623699188,80.1875228882,29144,29154,10
12.9631795883,80.1876296997,29154,29164,10
12.9639797211,80.1878814697,29164,29174,10
12.9648399353,80.1881332397,29174,29184,10
12.9654598236,80.1883621216,29184,29194,10
12.9655799866,80.1884002686,29194,29204,10
12.9658899307,80.1885528564,29204,29214,10
12.9664201736,80.1887588501,29214,29225,11
12.9671897888,80.1890792847,29225,29235,10
12.9679603577,80.1894226074,29235,29245,10
12.9683504105,80.1895980835,29245,29255,10
12.9683599472,80.1896133423,29255,29265,10
12.9684896469,80.1897201538,29265,29275,10
12.9688997269,80.1898803711,29275,29285,10
12.9691095352,80.1899719238,29285,29295,10
12.9695701599,80.1901779175,29295,29305,10
12.9701900482,80.1904602051,29305,29315,10
12.9703903198,80.1905517578,29315,29325,10
12.9707298279,80.1906890869,29325,29336,11
12.9713897705,80.1909484863,29336,29346,10
12.972120285,80.1912765503,29346,29356,10
12.9724502563,80.19140625,29356,29366,10
12.9725799561,80.1914672852,29366,29376,10
12.972820282,80.1915664673,29376,29386,10
12.9730396271,80.19165802,29386,29396,10
12.9736099243,80.1918563843,29396,29406,10
12.9743700027,80.1921386719,29406,29416,10
12.9748802185,80.1923522949,29416,29426,10
12.9754295349,80.1925735474,29426,29436,10
12.9759101868,80.1928787231,29436,29447,11
12.9764604568,80.1932907104,29447,29457,10
12.9770402908,80.1936416626,29457,29467,10
12.9774703979,80.1937789917,29467,29477,10
12.9778995514,80.1938400269,29477,29487,10
12.9781599045,80.1938705444,29487,29497,10
12.9784002304,80.1939315796,29497,29507,10
12.9788503647,80.1940994263,29507,29517,10
12.9793701172,80.1943969727,29517,29527,10
12.9798898697,80.1947784424,29527,29537,10
12.9805202484,80.1951370239,29537,29548,11
12.9809904099,80.1953582764,29548,29558,10
12.9810495377,80.1953887939,29558,29568,10
12.981300354,80.1955490112,29568,29578,10
12.9816398621,80.1957321167,29578,29588,10
12.9820604324,80.1959609985,29588,29598,10
12.9826002121,80.1962127686,29598,29608,10
12.9829101563,80.1963577271,29608,29618,10
12.9832296371,80.1962432861,29618,29628,10
12.9837303162,80.1960372925,29628,29638,10
12.9844799042,80.1959686279,29638,29649,11
12.9854097366,80.1959686279,29649,29659,10
12.9862003326,80.1958694458,29659,29669,10
12.9870100021,80.195640564,29669,29679,10
12.9877996445,80.1954421997,29679,29689,10
12.9885797501,80.1954193115,29689,29699,10
12.9894304276,80.1954193115,29699,29709,10
12.9903297424,80.1953964233,29709,29719,10
12.9911603928,80.1945877075,29719,29739,20
12.9911603928,80.1945877075,29739,29749,10
12.9912395477,80.194442749,29749,29760,11
12.9915399551,80.1939926147,29760,29770,10
12.9921197891,80.193359375,29770,29780,10
12.9931201935,80.1933670044,29780,29790,10
12.9940299988,80.193359375,29790,29800,10
12.9948797226,80.1933288574,29800,29810,10
12.995759964,80.1932983398,29810,29820,10
12.9965000153,80.1932830811,29820,29830,10
12.9968004227,80.1932220459,29830,29840,10
12.996720314,80.1927490234,29840,29850,10
12.996509552,80.1920623779,29850,29860,10
12.9962997437,80.1912765503,29860,29871,11
12.9960603714,80.1903610229,29871,29881,10
12.9958896637,80.1896514893,29881,29891,10
12.9959802628,80.1893081665,29891,29901,10
12.996219635,80.1893997192,29901,29911,10
12.9966402054,80.1898727417,29911,29921,10
12.9972000122,80.1905212402,29921,29931,10
12.9978199005,80.1913223267,29931,29941,10
12.9984903336,80.192199707,29941,29951,10
12.9991798401,80.1930618286,29951,29961,10
12.9997901917,80.1938781738,29961,29972,11
13.0005598068,80.1948623657,29972,29982,10
13.0012903214,80.1956787109,29982,29992,10
13.0019302368,80.1965026855,29992,30002,10
13.0020999908,80.1975631714,30002,30012,10
13.0018997192,80.1985931396,30012,30022,10
13.0018100739,80.199180603,30022,30032,10
13.0018701553,80.199760437,30032,30042,10
13.0023603439,80.2004165649,30042,30052,10
13.0035600662,80.2007598877,30052,30072,20
13.0035600662,80.2007598877,30072,30083,11
13.0036802292,80.2007675171,30083,30093,10
13.0041399002,80.200958252,30093,30103,10
13.0048799515,80.2012329102,30103,30113,10
13.0056295395,80.2018280029,30113,30123,10
13.0060997009,80.2026824951,30123,30133,10
13.0067596436,80.2033462524,30133,30143,10
13.0076303482,80.2036819458,30143,30153,10
13.0083999634,80.2035217285,30153,30163,10
13.0082302094,80.2028274536,30163,30173,10
13.0075502396,80.2032165527,30173,30184,11
13.0076198578,80.2043685913,30184,30194,10
13.0076599121,80.2055587769,30194,30204,10
13.0078201294,80.2066879272,30204,30214,10
13.0079498291,80.2076721191,30214,30224,10
13.0080795288,80.2087783813,30224,30234,10
13.0083398819,80.2098617554,30234,30244,10
13.0087099075,80.2104797363,30244,30254,10
13.0090398788,80.2107315063,30254,30264,10
13.0092897415,80.2108688354,30264,30295,31
13.0092897415,80.2108688354,30295,30305,10
13.0093803406,80.2111129761,30305,30315,10
13.0092802048,80.2111968994,30315,30325,10
13.0090904236,80.2115020752,30325,30335,10
13.009180069,80.2119369507,30335,30345,10
13.0093202591,80.2124633789,30345,30355,10
13.0094900131,80.2129516602,30355,30365,10
13.0097198486,80.2135620117,30365,30375,10
13.0099401474,80.2141113281,30375,30385,10
13.0101203918,80.214630127,30385,30395,10
13.0101995468,80.2153396606,30395,30406,11
13.0104799271,80.216217041,30406,30416,10
13.0109395981,80.2172088623,30416,30426,10
13.0114297867,80.2183685303,30426,30436,10
13.011879921,80.2197036743,30436,30446,10
13.0122900009,80.220916748,30446,30456,10
13.0126800537,80.2216415405,30456,30466,10
13.0132398605,80.2222976685,30466,30482,16
13.0140399933,80.2233734131,30482,30495,13
13.0145196915,80.2239379883,30495,30505,10
13.0151500702,80.2247161865,30505,30525,20
13.0151500702,80.2247161865,30525,30536,11
13.0153398514,80.2250366211,30536,30546,10
13.0158395767,80.2253265381,30546,30556,10
13.0167198181,80.2252807617,30556,30566,10
13.017660141,80.2249069214,30566,30576,10
13.0185804367,80.2245330811,30576,30586,10
13.0192699432,80.224357605,30586,30596,10
13.0194196701,80.224357605,30596,30605,9
13.019490242,80.2244033813,30605,30618,13
13.019780159,80.2245635986,30618,30627,9
13.0199804306,80.2247161865,30627,30639,12
13.0205497742,80.2251205444,30639,30649,10
13.0211400986,80.2255630493,30649,30658,9
13.0216398239,80.2259216309,30658,30670,12
13.0219898224,80.2261428833,30670,30680,10
13.0221996307,80.2263183594,30680,30690,10
13.0225296021,80.2266387939,30690,30700,10
13.0230102539,80.2270736694,30700,30711,11
13.0235204697,80.2275314331,30711,30722,11
13.0239601135,80.2279586792,30722,30732,10
13.0243196487,80.2283782959,30732,30742,10
13.0245399475,80.2286987305,30742,30752,10
13.0246496201,80.2288513184,30752,30762,10
13.0248603821,80.2291488647,30762,30772,10
13.0251998901,80.2295684814,30772,30782,10
13.0255403519,80.2300567627,30782,30792,10
13.0257797241,80.230430603,30792,30802,10
13.0259103775,80.23072052,30802,30812,10
13.0259895325,80.2310409546,30812,30823,11
13.0260601044,80.2313995361,30823,30839,16
13.0269098282,80.2312011719,30839,30851,12
13.0278396606,80.2309875488,30851,30861,10
13.0286502838,80.2309188843,30861,30871,10
13.0294103622,80.2308425903,30871,30881,10
13.0299196243,80.2307815552,30881,30891,10
13.0304203033,80.2307434082,30891,30899,8
13.0306501389,80.2307128906,30899,30911,12
13.0311203003,80.230682373,30911,30922,11
13.0316896439,80.2306594849,30922,30933,11
13.0324497223,80.2305908203,30933,30943,10
13.0332202911,80.2305526733,30943,30952,9
13.0337495804,80.230506897,30952,30973,21
13.0337495804,80.230506897,30973,30983,10
13.0339002609,80.2304763794,30983,30993,10
13.0342197418,80.2304611206,30993,31003,10
13.0349502563,80.2302017212,31003,31075,72
13.0349502563,80.2302017212,31075,31085,10
13.0350999832,80.2300033569,31085,31095,10
13.0349798203,80.2298202515,31095,31146,51
13.0349798203,80.2298202515,31146,31156,10
13.034620285,80.2297973633,31156,31166,10
13.0343399048,80.2297363281,31166,31267,101
13.0340995789,80.2299499512,31267,31852,585
13.0341997147,80.2303085327,31852,32690,838
13.0341997147,80.2303085327,32690,32700,10
13.034070015,80.23046875,32700,32710,10
13.0338497162,80.2304382324,32710,32720,10
13.0334997177,80.2304382324,32720,32730,10
13.0329504013,80.2304916382,32730,32741,11
13.0322504044,80.2305679321,32741,32751,10
13.0316200256,80.2306137085,32751,32761,10
13.0311203003,80.2306289673,32761,32771,10
13.0310602188,80.2306137085,32771,32781,10
13.0309200287,80.2306594849,32781,32791,10
13.0306596756,80.2306976318,32791,32801,10
13.0302095413,80.2307434082,32801,32811,10
13.029709816,80.2308120728,32811,32821,10
13.0293502808,80.2308502197,32821,32831,10
13.0287103653,80.2309265137,32831,32841,10
13.0280799866,80.2309799194,32841,32852,11
13.0277004242,80.2310791016,32852,32862,10
13.0277204514,80.2315216064,32862,32872,10
13.0277299881,80.2319412231,32872,32882,10
13.0278196335,80.2324295044,32882,32892,10
13.0277996063,80.2327423096,32892,32902,10
13.0273704529,80.2328262329,32902,32912,10
13.0269804001,80.2329101563,32912,32973,61
13.0269804001,80.2329101563,32973,32983,10
13.0266895294,80.2329483032,32983,32993,10
13.0263900757,80.232749939,32993,33003,10
13.0261497498,80.2321395874,33003,33013,10
13.0259399414,80.231338501,33013,33023,10
13.0256996155,80.2305831909,33023,33033,10
13.0252599716,80.2298583984,33033,33043,10
13.0249700546,80.2294616699,33043,33053,10
13.0246801376,80.2291030884,33053,33063,10
13.024430275,80.228767395,33063,33074,11
13.0242004395,80.2284927368,33074,33084,10
13.0238599777,80.2280807495,33084,33094,10
13.0231800079,80.2275238037,33094,33114,20
13.0231800079,80.2275238037,33114,33130,16
13.0228996277,80.2273483276,33130,33142,12
13.0226802826,80.2270431519,33142,33152,10
13.0223999023,80.2266464233,33152,33162,10
13.0218696594,80.2261962891,33162,33174,12
13.0211000443,80.2255401611,33174,33184,10
13.0202903748,80.2250137329,33184,33194,10
13.0198698044,80.2247009277,33194,33204,10
13.0194597244,80.2245483398,33204,33214,10
13.0186395645,80.2245788574,33214,33224,10
13.0177202225,80.2249526978,33224,33234,10
13.0167703629,80.2253417969,33234,33243,9
13.0162496567,80.2255325317,33243,33253,10
13.0161600113,80.2255706787,33253,33264,11
13.0158100128,80.2256774902,33264,33274,10
13.0152196884,80.2259216309,33274,33285,11
13.0148801804,80.2260513306,33285,33295,10
13.0144796371,80.2261962891,33295,33305,10
13.0140104294,80.2264480591,33305,33315,10
13.0138196945,80.2265167236,33315,33325,10
13.0135602951,80.2266082764,33325,33335,10
13.0129404068,80.2267913818,33335,33345,10
13.0121097565,80.2270889282,33345,33355,10
13.011179924,80.2274475098,33355,33365,10
13.0103397369,80.2277832031,33365,33375,10
13.0096502304,80.2278518677,33375,33386,11
13.00963974,80.2272872925,33386,33396,10
13.0099897385,80.2265625,33396,33406,10
13.0103702545,80.2257080078,33406,33416,10
13.0106201172,80.225151062,33416,33426,10
13.0107898712,80.2246627808,33426,33436,10
13.0109796524,80.2241821289,33436,33446,10
13.0110797882,80.2239227295,33446,33456,10
13.0112104416,80.2235412598,33456,33466,10
13.0114297867,80.2230300903,33466,33476,10
13.0116596222,80.2223968506,33476,33486,10
13.0118198395,80.2219161987,33486,33503,17
13.0120201111,80.2216720581,33503,33515,12
13.0121097565,80.2213287354,33515,33524,9
13.012140274,80.2210235596,33524,33535,11
13.0119104385,80.2202606201,33535,33545,10
13.011639595,80.2193374634,33545,33555,10
13.0113801956,80.2184524536,33555,33565,10
13.01101017,80.2174224854,33565,33573,8
13.01060009,80.2166290283,33573,33585,12
13.0101003647,80.2157211304,33585,33595,10
13.0098104477,80.2151489258,33595,33606,11
13.0094003677,80.2145996094,33606,33616,10
13.0089502335,80.214012146,33616,33626,10
13.0085802078,80.2135467529,33626,33636,10
13.0084104538,80.2134094238,33636,33646,10
13.0081996918,80.2133026123,33646,33666,20
13.0081996918,80.2133026123,33666,33676,10
13.0079498291,80.2131576538,33676,33696,20
13.0079498291,80.2131576538,33696,33707,11
13.0075502396,80.2128601074,33707,33717,10
13.0071601868,80.2127532959,33717,33727,10
13.0065402985,80.2127380371,33727,33737,10
13.0059404373,80.2129898071,33737,33747,10
13.0053195953,80.2126998901,33747,33757,10
13.0047502518,80.212348938,33757,33767,10
13.0041503906,80.2121124268,33767,33777,10
13.003780365,80.2119522095,33777,33787,10
13.0037298203,80.2116317749,33787,33797,10
13.0036897659,80.2109603882,33797,33807,10
13.0035800934,80.2101974487,33807,33818,11
13.003569603,80.2093734741,33818,33828,10
13.003780365,80.2086715698,33828,33838,10
13.0044603348,80.2088012695,33838,33848,10
13.005200386,80.2091522217,33848,33858,10
13.0055704117,80.2093276978,33858,33868,10
13.0059499741,80.2094497681,33868,33878,10
13.0063896179,80.2095794678,33878,33888,10
13.0068397522,80.2097167969,33888,33898,10
13.0068702698,80.2097320557,33898,33908,10
13.007060051,80.209777832,33908,33918,10
13.0071802139,80.2098236084,33918,33929,11
13.0075101852,80.2098693848,33929,33939,10
13.007809639,80.2099075317,33939,33949,10
13.0079898834,80.2099380493,33949,33959,10
13.0081501007,80.2099533081,33959,33969,10
13.0080795288,80.2094802856,33969,33979,10
13.0079603195,80.2087631226,33979,33989,10
13.0078001022,80.2078704834,33989,33999,10
13.0076799393,80.2070770264,33999,34009,10
13.0075502396,80.2062683105,34009,34019,10
13.0073795319,80.2054824829,34019,34029,10
13.0071802139,80.2049331665,34029,34040,11
13.0070495605,80.2046279907,34040,34050,10
13.0067996979,80.2041320801,34050,34060,10
13.0063295364,80.2034988403,34060,34070,10
13.0058603287,80.2028427124,34070,34080,10
13.0055398941,80.2021484375,34080,34090,10
13.0048704147,80.2014770508,34090,34100,10
13.0042600632,80.2012405396,34100,34110,10
13.0042200089,80.2012176514,34110,34120,10
13.0040302277,80.2011566162,34120,34130,10
13.0034999847,80.2009429932,34130,34141,11
13.0026798248,80.2006607056,34141,34151,10
13.0019903183,80.2001266479,34151,34161,10
13.0017004013,80.1994094849,34161,34171,10
13.0018100739,80.198600769,34171,34181,10
13.0019397736,80.1976165771,34181,34191,10
13.0017795563,80.1966018677,34191,34201,10
13.0013799667,80.1960983276,34201,34211,10
13.0010004044,80.1955718994,34211,34221,10
13.0004301071,80.1948394775,34221,34231,10
12.9997901917,80.1940383911,34231,34241,10
12.9991703033,80.1932525635,34241,34252,11
12.9985904694,80.192489624,34252,34262,10
12.9981403351,80.1923828125,34262,34272,10
12.9975404739,80.1929092407,34272,34282,10
12.9970598221,80.1932983398,34282,34292,10
12.9966897964,80.1933898926,34292,34302,10
12.9959402084,80.1933898926,34302,34312,10
12.9949903488,80.1934127808,34312,34322,10
12.9939002991,80.1934280396,34322,34332,10
12.9928197861,80.1934432983,34332,34342,10
12.9918603897,80.193572998,34342,34352,10
12.9914398193,80.1942214966,34352,34363,11
12.9912700653,80.1945495605,34363,34373,10
12.9911804199,80.1947402954,34373,34383,10
12.9908704758,80.1951293945,34383,34393,10
12.9902000427,80.1955413818,34393,34403,10
12.9892501831,80.1955108643,34403,34413,10
12.988240242,80.1955108643,34413,34423,10
12.9872198105,80.1956863403,34423,34433,10
12.986120224,80.1960525513,34433,34443,10
12.9849500656,80.1961593628,34443,34453,10
12.983880043,80.1961975098,34453,34464,11
12.9833498001,80.1963577271,34464,34474,10
12.9831800461,80.1964492798,34474,34484,10
12.9828596115,80.1966171265,34484,34494,10
12.9824304581,80.1970062256,34494,34504,10
12.9822902679,80.1971588135,34504,34514,10
12.9821100235,80.1971130371,34514,34544,30
12.9821100235,80.1971130371,34544,34554,10
12.9823598862,80.1968002319,34554,34564,10
12.9827299118,80.1965332031,34564,34575,11
12.9827604294,80.1962966919,34575,34585,10
12.9823198318,80.1960906982,34585,34595,10
12.981880188,80.1958694458,34595,34605,10
12.9816999435,80.1957778931,34605,34615,10
12.9815397263,80.1956787109,34615,34625,10
12.9811697006,80.1954803467,34625,34635,10
12.9807901382,80.1953125,34635,34645,10
12.9802103043,80.1949996948,34645,34655,10
12.9796695709,80.1946334839,34655,34665,10
12.9791297913,80.1942672729,34665,34675,10
12.9786701202,80.1940307617,34675,34686,11
12.9780197144,80.193862915,34686,34696,10
12.9776697159,80.1938095093,34696,34706,10
12.9775295258,80.1937789917,34706,34716,10
12.9771404266,80.193687439,34716,34726,10
12.9766397476,80.193397522,34726,34736,10
12.9762296677,80.1930923462,34736,34746,10
12.9757499695,80.192741394,34746,34756,10
12.9752597809,80.1924667358,34756,34766,10
12.9747104645,80.1922836304,34766,34776,10
12.974240303,80.1921310425,34776,34787,11
12.9737195969,80.1919021606,34787,34797,10
12.9731903076,80.1917037964,34797,34807,10
12.9728002548,80.1915664673,34807,34817,10
12.9725904465,80.1914901733,34817,34827,10
12.972240448,80.1913604736,34827,34837,10
12.9721803665,80.1913223267,34837,34847,10
12.9717998505,80.1911468506,34847,34857,10
12.9712896347,80.1909179688,34857,34867,10
12.9710702896,80.190788269,34867,34877,10
12.9706497192,80.1906433105,34877,34887,10
12.9700899124,80.1903686523,34887,34898,11
12.9694595337,80.1900863647,34898,34908,10
12.9689598083,80.1898727417,34908,34918,10
12.9681596756,80.1894989014,34918,34938,20
12.9681596756,80.1894989014,34938,34948,10
12.9677696228,80.1893310547,34948,34958,10
12.9672203064,80.1891021729,34958,34968,10
12.9666004181,80.1888580322,34968,34978,10
12.9662303925,80.1886901855,34978,34988,10
12.965880394,80.1885528564,34988,34999,11
12.965379715,80.1883773804,34999,35009,10
12.9649801254,80.1882171631,35009,35019,10
12.9649200439,80.1881790161,35019,35029,10
12.9645996094,80.188079834,35029,35039,10
12.9640598297,80.1879425049,35039,35049,10
12.9633903503,80.1877288818,35049,35059,10
12.9627199173,80.1875686646,35059,35069,10
12.9620199203,80.1874084473,35069,35079,10
12.9614601135,80.1873168945,35079,35089,10
12.960940361,80.1872177124,35089,35099,10
12.9608001709,80.187210083,35099,35110,11
12.9606800079,80.1872024536,35110,35120,10
12.9603204727,80.1871414185,35120,35130,10
12.9599599838,80.1870880127,35130,35140,10
12.9594297409,80.1870269775,35140,35150,10
12.958820343,80.18699646,35150,35160,10
12.9582700729,80.1869888306,35160,35170,10
12.9578104019,80.1869888306,35170,35180,10
12.9577598572,80.1869735718,35180,35190,10
12.9573602676,80.1869888306,35190,35200,10
12.9566402435,80.1869277954,35200,35210,10
12.9558897018,80.1869125366,35210,35241,31
12.9558897018,80.1869125366,35241,35251,10
12.9556398392,80.1868896484,35251,35261,10
12.9553403854,80.1868286133,35261,35271,10
12.9547796249,80.1867523193,35271,35281,10
12.9540300369,80.1866378784,35281,35291,10
12.9531402588,80.1865234375,35291,35301,10
12.9521903992,80.1862716675,35301,35311,10
12.9512796402,80.1860198975,35311,35322,11
12.9504804611,80.185760498,35322,35332,10
12.9497203827,80.1855010986,35332,35342,10
12.9493598938,80.1854095459,35342,35352,10
12.9489603043,80.1852416992,35352,35362,10
12.9484300613,80.1850662231,35362,35372,10
12.9478797913,80.1848373413,35372,35388,16
12.9468297958,80.1840591431,35388,35400,12
12.9460802078,80.1834793091,35400,35410,10
12.9455604553,80.1831207275,35410,35420,10
12.9449300766,80.1830215454,35420,35431,11
12.9446201324,80.1830215454,35431,35441,10
12.9444999695,80.1830215454,35441,35451,10
12.9440402985,80.1829910278,35451,35461,10
12.9434099197,80.1829376221,35461,35471,10
12.9426803589,80.1829071045,35471,35482,11
12.9418201447,80.1828308105,35482,35492,10
12.9409103394,80.1827697754,35492,35502,10
12.9402999878,80.1827468872,35502,35512,10
12.9395599365,80.1826019287,35512,35533,21
12.9395599365,80.1826019287,35533,35543,10
12.9392995834,80.1824798584,35543,35553,10
12.9389600754,80.1824188232,35553,35563,10
12.9385204315,80.1823272705,35563,35573,10
12.9378700256,80.1822433472,35573,35583,10
12.9371299744,80.1822433472,35583,35593,10
12.9362897873,80.182258606,35593,35603,10
12.9355602264,80.1823730469,35603,35613,10
12.9354400635,80.1823883057,35613,35623,10
12.9351196289,80.1823883057,35623,35633,10
12.9345197678,80.1822280884,35633,35644,11
12.9336500168,80.1820068359,35644,35654,10
12.9327297211,80.1817626953,35654,35664,10
12.9318399429,80.1816101074,35664,35674,10
12.9309997559,80.1815414429,35674,35694,20
12.9309997559,80.1815414429,35694,35704,10
12.9306898117,80.1815185547,35704,35720,16
12.9296598434,80.1817398071,35720,35732,12
12.9286403656,80.1819763184,35732,35742,10
12.9277000427,80.1822128296,35742,35753,11
12.9266796112,80.1824111938,35753,35763,10
12.9257001877,80.1826019287,35763,35773,10
12.9247598648,80.182762146,35773,35783,10
12.9238796234,80.1828994751,35783,35793,10
12.9229898453,80.1830596924,35793,35803,10
12.9222002029,80.1832962036,35803,35812,9
12.9215402603,80.1835784912,35812,35823,11
12.9208803177,80.1838531494,35823,35843,20
12.9208803177,80.1838531494,35843,35853,10
12.9206399918,80.1839904785,35853,35884,31
12.9206399918,80.1839904785,35884,35894,10
12.9204101563,80.1840362549,35894,35904,10
12.9202003479,80.1837310791,35904,35914,10
12.9200601578,80.1830825806,35914,35924,10
12.9199399948,80.1825485229,35924,35934,10
12.9199399948,80.182510376,35934,35944,10
12.9198503494,80.1820526123,35944,35954,10
12.9196796417,80.1812896729,35954,35965,11
12.9194898605,80.1802368164,35965,35975,10
12.9191799164,80.1792831421,35975,35985,10
12.9186897278,80.1786270142,35985,35995,10
12.9181995392,80.1778030396,35995,36005,10
12.9183597565,80.1767196655,36005,36015,10
12.918589592,80.1756362915,36015,36025,10
12.9188699722,80.1745223999,36025,36035,10
12.9191598892,80.1733474731,36035,36045,10
12.9194498062,80.172203064,36045,36054,9
12.9196100235,80.1715316772,36054,36065,11
12.9197797775,80.1709976196,36065,36076,11
12.9198303223,80.1708984375,36076,36086,10
12.919960022,80.170501709,36086,36096,10
12.9202098846,80.1697463989,36096,36106,10
12.9205198288,80.1687774658,36106,36116,10
12.9208602905,80.167678833,36116,36126,10
12.9212198257,80.1665496826,36126,36136,10
12.9216003418,80.165397644,36136,36146,10
12.9219799042,80.1642608643,36146,36156,10
12.9223003387,80.163192749,36156,36166,10
12.9225702286,80.1623535156,36166,36176,10
12.9228401184,80.1614379883,36176,36187,11
12.9231004715,80.1605682373,36187,36197,10
12.923119545,80.1605300903,36197,36207,10
12.9232196808,80.1602783203,36207,36217,10
12.9233398438,80.1596298218,36217,36227,10
12.92345047,80.1586532593,36227,36237,10
12.9235601425,80.1575012207,36237,36247,10
12.9236402512,80.1565628052,36247,36257,10
12.9236402512,80.1556625366,36257,36267,10
12.9233999252,80.1549606323,36267,36277,10
12.9233798981,80.154876709,36277,36288,11
12.9233102798,80.1544036865,36288,36298,10
12.923119545,80.1536636353,36298,36308,10
12.9229097366,80.1528320313,36308,36318,10
12.9228096008,80.1524124146,36318,36328,10
12.9228000641,80.1523513794,36328,36338,10
12.9227399826,80.1520233154,36338,36348,10
12.9226999283,80.1513977051,36348,36358,10
12.9226703644,80.1505203247,36358,36368,10
12.9226398468,80.149597168,36368,36378,10
12.9225902557,80.1488800049,36378,36388,10
12.9225797653,80.1480865479,36388,36399,11
12.9225702286,80.1474761963,36399,36409,10
12.9225597382,80.1468963623,36409,36419,10
12.922539711,80.1467514038,36419,36429,10
12.922539711,80.1463623047,36429,36439,10
12.922539711,80.1456680298,36439,36449,10
12.9224996567,80.14478302,36449,36459,10
12.9224901199,80.1437988281,36459,36469,10
12.9224596024,80.1431121826,36469,36540,71
12.9224596024,80.1431121826,36540,36550,10
12.9224596024,80.1427688599,36550,36560,10
12.922419548,80.1421737671,36560,36570,10
12.9224004745,80.1415100098,36570,36580,10
12.9223804474,80.1411895752,36580,36590,10
12.9223899841,80.1406784058,36590,36600,10
12.9223899841,80.1401596069,36600,36611,11
12.922369957,80.139289856,36611,36621,10
12.922419548,80.1383972168,36621,36631,10
12.9224596024,80.1374588013,36631,36641,10
12.9225196838,80.1364822388,36641,36651,10
12.922539711,80.1354827881,36651,36661,10
12.9225997925,80.1344833374,36661,36671,10
12.922659874,80.1334381104,36671,36681,10
12.9226799011,80.1324920654,36681,36691,10
12.9227304459,80.131477356,36691,36701,10
12.9227695465,80.130607605,36701,36711,10
12.9228096008,80.1299819946,36711,36722,11
12.922829628,80.1296386719,36722,36732,10
12.9228401184,80.1294631958,36732,36742,10
12.9228601456,80.1292266846,36742,36752,10
12.9228897095,80.1286697388,36752,36762,10
12.9228897095,80.128288269,36762,36772,10
12.9229097366,80.1278610229,36772,36782,10
12.9229202271,80.1274337769,36782,36792,10
12.922949791,80.1258621216,36792,36820,28
12.922949791,80.1258621216,36820,36831,11
12.9230003357,80.1254806519,36831,36841,10
12.9230298996,80.1247787476,36841,36851,10
12.9230699539,80.1238632202,36851,36861,10
12.9231004715,80.1228103638,36861,36871,10
12.9231300354,80.1217498779,36871,36881,10
12.9231700897,80.1210632324,36881,36932,51
12.9231700897,80.1210632324,36932,36942,10
12.9231796265,80.1210174561,36942,36952,10
12.9232397079,80.1205062866,36952,36982,30
12.9232397079,80.1205062866,36982,36992,10
12.9232797623,80.1201324463,36992,37002,10
12.9233198166,80.1194610596,37002,37012,10
12.923330307,80.118812561,37012,37022,10
12.9233703613,80.1181793213,37022,37032,10
12.9234800339,80.11743927,37032,37043,11
12.9234800339,80.1169204712,37043,37053,10
12.9234800339,80.116897583,37053,37063,10
12.9236001968,80.1167526245,37063,37083,20
12.9236001968,80.1167526245,37083,37093,10
12.9236497879,80.1169204712,37093,37103,10
12.9235696793,80.1171875,37103,37113,10
12.923620224,80.1175613403,37113,37123,10
12.9236297607,80.1179504395,37123,37133,10
12.9235200882,80.1184997559,37133,37144,11
12.9234695435,80.119178772,37144,37154,10
12.9233798981,80.1198425293,37154,37164,10
12.9232997894,80.1204528809,37164,37174,10
12.9233102798,80.1210632324,37174,37567,393
12.9233102798,80.1210632324,37567,37578,11
12.9232196808,80.1215362549,37578,37588,10
12.9231901169,80.1220626831,37588,37598,10
12.9231700897,80.1227493286,37598,37608,10
12.9231395721,80.1235198975,37608,37618,10
12.9231004715,80.1242904663,37618,37628,10
12.92304039,80.1253890991,37628,37648,20
12.92304039,80.1253890991,37648,37658,10
12.9230203629,80.1257171631,37658,37668,10
12.9229698181,80.126373291,37668,37678,10
12.9229602814,80.1271286011,37678,37689,11
12.9229097366,80.1278686523,37689,37699,10
12.9228801727,80.1283874512,37699,37709,10
12.9228696823,80.1288223267,37709,37719,10
12.922829628,80.1294631958,37719,37729,10
12.9227800369,80.1301574707,37729,37739,10
12.9227895737,80.1309661865,37739,37749,10
12.9227895737,80.1312026978,37749,37759,10
12.9227600098,80.1315307617,37759,37769,10
12.9227199554,80.1321487427,37769,37779,10
12.9226903915,80.1330032349,37779,37790,11
12.9226503372,80.1340332031,37790,37800,10
12.9225997925,80.1350021362,37800,37810,10
12.9225597382,80.1360015869,37810,37820,10
12.9225196838,80.1369781494,37820,37830,10
12.9224700928,80.1379394531,37830,37840,10
12.9224004745,80.1387634277,37840,37850,10
12.9223899841,80.1396789551,37850,37860,10
12.9224300385,80.1405792236,37860,37870,10
12.9224500656,80.1415100098,37870,37880,10
12.9224700928,80.142326355,37880,37890,10
12.9224796295,80.1425704956,37890,37901,11
12.9224796295,80.1427383423,37901,37911,10
12.9224996567,80.1431121826,37911,37921,10
12.9225196838,80.1435012817,37921,37931,10
12.922539711,80.1436920166,37931,37941,10
12.9225196838,80.1437988281,37941,37957,16
12.9225301743,80.1446990967,37957,37969,12
12.9225997925,80.1457519531,37969,37979,10
12.9226398468,80.1467208862,37979,37989,10
12.922659874,80.1473236084,37989,37999,10
12.922659874,80.1474609375,37999,38009,10
12.9226303101,80.1479187012,38009,38020,11
12.9226303101,80.1486663818,38020,38030,10
12.9226999283,80.1496429443,38030,38041,11
12.9227399826,80.1506118774,38041,38051,10
12.922750473,80.1515274048,38051,38081,30
12.922750473,80.1515274048,38081,38091,10
12.9227399826,80.1518173218,38091,38101,10
12.9227800369,80.1523895264,38101,38112,11
12.9229898453,80.1531982422,38112,38122,10
12.9231996536,80.1539993286,38122,38132,10
12.9233398438,80.1544265747,38132,38142,10
12.9233999252,80.1546707153,38142,38152,10
12.923500061,80.1550216675,38152,38162,10
12.9236297607,80.1556167603,38162,38172,10
12.9236803055,80.1564178467,38172,38182,10
12.9236001968,80.1573562622,38182,38192,10
12.9235095978,80.1583175659,38192,38202,10
12.9234399796,80.1593017578,38202,38212,10
12.9233598709,80.1601409912,38212,38223,11
12.9232997894,80.1604232788,38223,38239,16
12.9231300354,80.1608963013,38239,38252,13
12.922829628,80.1618118286,38252,38262,10
12.9225597382,80.1625976563,38262,38272,10
12.9222898483,80.1634674072,38272,38282,10
12.9220104218,80.1643371582,38282,38292,10
12.92166996,80.1654281616,38292,38302,10
12.921330452,80.1664505005,38302,38312,10
12.9210100174,80.1674423218,38312,38322,10
12.9206800461,80.1684036255,38322,38333,11
12.9203500748,80.1694793701,38333,38341,8
12.9201202393,80.1702575684,38341,38353,12
12.9199199677,80.1709823608,38353,38363,10
12.9198799133,80.1710968018,38363,38373,10
12.9197101593,80.17162323,38373,38383,10
12.9195098877,80.1723632813,38383,38393,10
12.9192399979,80.1732635498,38393,38403,10
12.9190101624,80.1742477417,38403,38413,10
12.9187898636,80.175239563,38413,38423,10
12.9186000824,80.1760787964,38423,38434,11
12.9184103012,80.1771621704,38434,38444,10
12.9184503555,80.1781692505,38444,38454,10
12.9190196991,80.1789779663,38454,38464,10
12.9194402695,80.1799316406,38464,38474,10
12.919670105,80.1809463501,38474,38484,10
12.9199304581,80.1820907593,38484,38494,10
12.9201402664,80.183052063,38494,38504,10
12.920249939,80.1834411621,38504,38513,9
12.9202804565,80.1836013794,38513,38524,11
12.920419693,80.1839981079,38524,38534,10
12.9204998016,80.1839981079,38534,38545,11
12.9208202362,80.1838607788,38545,38555,10
12.9212703705,80.1836700439,38555,38565,10
12.9215202332,80.1835784912,38565,38575,10
12.9220304489,80.183380127,38575,38585,10
12.9226503372,80.1831665039,38585,38595,10
12.9233703613,80.1830368042,38595,38605,10
12.9240503311,80.1828994751,38605,38615,10
12.9247703552,80.182762146,38615,38625,10
12.9255895615,80.1826171875,38625,38635,10
12.9264602661,80.182472229,38635,38645,10
12.9273195267,80.1822891235,38645,38656,11
12.9281702042,80.1820907593,38656,38666,10
12.9290103912,80.1819000244,38666,38676,10
12.929889679,80.181678772,38676,38686,10
12.930729866,80.1814575195,38686,38696,10
12.9313697815,80.1815109253,38696,38706,10
12.9314203262,80.1815185547,38706,38716,10
12.9315299988,80.1815338135,38716,38726,10
12.9319295883,80.1815872192,38726,38736,10
12.9325504303,80.1817016602,38736,38746,10
12.9333095551,80.1818695068,38746,38756,10
12.9341001511,80.1820602417,38756,38767,11
12.934969902,80.1822891235,38767,38777,10
12.9357795715,80.1823120117,38777,38787,10
12.9366703033,80.1822128296,38787,38797,10
12.9375,80.182182312,38797,38807,10
12.9380998611,80.1821975708,38807,38817,10
12.9388504028,80.1823120117,38817,38837,20
12.9388504028,80.1823120117,38837,38847,10
12.9391403198,80.1823883057,38847,38857,10
12.9393596649,80.1824569702,38857,38868,11
12.9394598007,80.1825027466,38868,38878,10
12.9395704269,80.1825408936,38878,38888,10
12.9397602081,80.1826019287,38888,38898,10
12.9402704239,80.1826782227,38898,38908,10
12.9407997131,80.1827011108,38908,38918,10
12.941450119,80.1827163696,38918,38928,10
12.9422903061,80.1828308105,38928,38938,10
12.9432001114,80.1828918457,38938,38948,10
12.9440202713,80.1829071045,38948,38958,10
12.9445400238,80.1829299927,38958,38968,10
12.9446201324,80.1829376221,38968,38979,11
12.9450302124,80.1829605103,38979,38989,10
12.9456796646,80.1831130981,38989,38999,10
12.9463396072,80.1836166382,38999,39009,10
12.9470596313,80.1841964722,39009,39019,10
12.9477500916,80.1847000122,39019,39029,10
12.9482898712,80.1849822998,39029,39059,30
12.9482898712,80.1849822998,39059,39069,10
12.9483995438,80.1849594116,39069,39079,10
12.9490003586,80.1851730347,39079,39180,101
12.9490003586,80.1851730347,39180,39197,17
12.9495296478,80.1853866577,39197,39209,12
12.950340271,80.1856613159,39209,39219,10
12.951210022,80.1859436035,39219,39229,10
12.9522199631,80.1862564087,39229,39238,9
12.9530601501,80.1864471436,39238,39249,11
12.954199791,80.1866226196,39249,39259,10
12.954990387,80.1867370605,39259,39269,10
12.9556102753,80.1868209839,39269,39279,10
12.9560499191,80.186882019,39279,39289,10
12.9560899734,80.186882019,39289,39300,11
12.9561901093,80.186882019,39300,39310,10
12.9566402435,80.1869430542,39310,39320,10
12.9571695328,80.1869735718,39320,39330,10
12.9577903748,80.1869812012,39330,39340,10
12.9584197998,80.18699646,39340,39350,10
12.9590101242,80.1870193481,39350,39360,10
12.9596595764,80.1870574951,39360,39370,10
12.9602203369,80.1871032715,39370,39380,10
12.9607696533,80.1871795654,39380,39390,10
12.9612903595,80.1872634888,39390,39400,10
12.9614601135,80.187286377,39400,39411,11
12.9618196487,80.1873626709,39411,39421,10
12.9624204636,80.1875,39421,39431,10
12.9630899429,80.1875991821,39431,39441,10
12.9636001587,80.1877212524,39441,39451,10
12.9638900757,80.187828064,39451,39461,10
12.9642496109,80.1879501343,39461,39471,10
12.9646596909,80.1880722046,39471,39487,16
12.9651098251,80.1882171631,39487,39499,12
12.9652500153,80.1882629395,39499,39509,10
12.9654798508,80.1883621216,39509,39520,11
12.9655199051,80.1883773804,39520,39530,10
12.9657497406,80.1884918213,39530,39540,10
12.9660396576,80.188621521,39540,39550,10
12.9664001465,80.1887512207,39550,39560,10
12.9667596817,80.1888809204,39560,39570,10
12.9672803879,80.1890792847,39570,39580,10
12.9679298401,80.1893692017,39580,39590,10
12.9683103561,80.1895370483,39590,39600,10
12.9683103561,80.1895523071,39600,39610,10
12.9684095383,80.1896514893,39610,39621,11
12.96875,80.1897964478,39621,39631,10
12.9691095352,80.189956665,39631,39641,10
12.9695701599,80.1901779175,39641,39651,10
12.9701099396,80.1904220581,39651,39661,10
12.9705696106,80.1905975342,39661,39671,10
12.9710597992,80.190788269,39671,39681,10
12.9714298248,80.1909637451,39681,39691,10
12.9720096588,80.1912231445,39691,39701,10
12.9727497101,80.1915283203,39701,39721,20
12.9727497101,80.1915283203,39721,39732,11
12.9731302261,80.1916885376,39732,39742,10
12.9736499786,80.1918563843,39742,39752,10
12.9742603302,80.1921005249,39752,39762,10
12.9747495651,80.1922607422,39762,39772,10
12.9752998352,80.1924819946,39772,39782,10
12.9758996964,80.1928405762,39782,39792,10
12.9761800766,80.1930770874,39792,39802,10
12.9764404297,80.1932373047,39802,39812,10
12.9769601822,80.1935424805,39812,39822,10
12.9774999619,80.1937332153,39822,39832,10
12.9779195786,80.1938171387,39832,39843,11
12.9781799316,80.193862915,39843,39853,10
12.9783496857,80.193901062,39853,39863,10
12.9787797928,80.1940536499,39863,39879,16
12.9795398712,80.1945037842,39879,39891,12
12.9801998138,80.1949081421,39891,39902,11
12.9807901382,80.1952209473,39902,39911,9
12.9810495377,80.1953430176,39911,39921,10
12.9811401367,80.1954193115,39921,39931,10
12.9814100266,80.1955566406,39931,39941,10
12.9819097519,80.1958312988,39941,39952,11
12.9825201035,80.1961212158,39952,39962,10
12.9828500748,80.1962814331,39962,39971,9
12.9830598831,80.1962890625,39971,39981,10
12.983420372,80.1960906982,39981,39992,11
12.9841499329,80.1959381104,39992,40002,10
12.985159874,80.1959533691,40002,40012,10
12.9861803055,80.1958465576,40012,40022,10
12.9871997833,80.1955413818,40022,40032,10
12.9881601334,80.1953811646,40032,40042,10
12.9892597198,80.1953964233,40042,40053,11
12.9903802872,80.1953582764,40053,40063,10
12.9911298752,80.1945495605,40063,40083,20
12.9911298752,80.1945495605,40083,40093,10
12.9912796021,80.1942977905,40093,40103,10
12.9916601181,80.1937103271,40103,40113,10
12.9925003052,80.1933288574,40113,40123,10
12.9935503006,80.1933288574,40123,40133,10
12.9944801331,80.1933288574,40133,40143,10
12.9953298569,80.1933135986,40143,40153,10
12.9962100983,80.1932830811,40153,40164,11
12.9966802597,80.1932678223,40164,40174,10
12.9968004227,80.193031311,40174,40184,10
12.9966497421,80.192489624,40184,40194,10
12.9964504242,80.1918029785,40194,40204,10
12.9962301254,80.1910324097,40204,40214,10
12.9960603714,80.1903381348,40214,40224,10
12.995880127,80.1894989014,40224,40305,81
12.995880127,80.1894989014,40305,40315,10
12.995929718,80.1893615723,40315,40325,10
12.9961795807,80.1893081665,40325,40335,10
12.9965600967,80.1897735596,40335,40345,10
12.9970798492,80.1903762817,40345,40355,10
12.9976797104,80.191116333,40355,40365,10
12.9982995987,80.1919326782,40365,40376,11
12.9990196228,80.1928405762,40376,40386,10
12.9997301102,80.1937179565,40386,40396,10
13.00041008,80.1945724487,40396,40406,10
13.0010795593,80.1953964233,40406,40416,10
13.0013504028,80.1957168579,40416,40426,10
13.0017204285,80.196182251,40426,40436,10
13.0021400452,80.1968536377,40436,40446,10
13.0020799637,80.197769165,40446,40456,10
13.0018796921,80.1988220215,40456,40466,10
13.001830101,80.19972229,40466,40476,10
13.0023899078,80.2004776001,40476,40487,11
13.0037603378,80.2008209229,40487,40507,20
13.0037603378,80.2008209229,40507,40517,10
13.0040798187,80.2009811401,40517,40527,10
13.0047101974,80.2011871338,40527,40536,9
13.0053901672,80.2015914917,40536,40547,11
13.0059299469,80.2023620605,40547,40557,10
13.0064601898,80.2031326294,40557,40567,10
13.0072002411,80.2035369873,40567,40577,10
13.0079698563,80.2036895752,40577,40587,10
13.0084295273,80.2030792236,40587,40598,11
13.0076198578,80.2030334473,40598,40608,10
13.0076704025,80.2040481567,40608,40618,10
13.0076599121,80.205078125,40618,40628,10
13.0077800751,80.2062606812,40628,40638,10
13.0078496933,80.2072982788,40638,40648,10
13.0078496933,80.2083206177,40648,40658,10
13.0078601837,80.2091903687,40658,40666,8
13.0080299377,80.209777832,40666,40678,12
13.0092096329,80.2107467651,40678,40699,21
13.0092096329,80.2107467651,40699,40709,10
13.0093603134,80.2110824585,40709,40719,10
13.0092802048,80.2111816406,40719,40729,10
13.0090999603,80.2115020752,40729,40739,10
13.0092000961,80.2119598389,40739,40749,10
13.0092697144,80.212348938,40749,40758,9
13.0094099045,80.2127075195,40758,40769,11
13.0095796585,80.2132415771,40769,40779,10
13.0098800659,80.2139892578,40779,40789,10
13.0101299286,80.2148284912,40789,40799,10
13.010310173,80.2158432007,40799,40810,11
13.0108098984,80.2169723511,40810,40820,10
13.0112400055,80.217918396,40820,40830,10
13.0115995407,80.2187576294,40830,40840,10
13.0118904114,80.2196426392,40840,40850,10
13.0120897293,80.2204284668,40850,40859,9
13.0123596191,80.2210693359,40859,40870,11
13.012550354,80.2214431763,40870,40880,10
13.0127897263,80.221786499,40880,40890,10
13.013250351,80.2223129272,40890,40900,10
13.0136604309,80.2228164673,40900,40910,10
13.0139598846,80.22315979,40910,40921,11
13.0142002106,80.2235183716,40921,40931,10
13.0145597458,80.2239379883,40931,40940,9
13.0149202347,80.2243728638,40940,40951,11
13.0153598785,80.2248306274,40951,40961,10
13.01541996,80.2248764038,40961,40971,10
13.0156803131,80.2251281738,40971,40981,10
13.0161800385,80.2253417969,40981,40991,10
13.0169296265,80.2251586914,40991,41001,10
13.0178499222,80.2248001099,41001,41011,10
13.0187797546,80.2244186401,41011,41022,11
13.019490242,80.2243804932,41022,41032,10
13.0197401047,80.2245330811,41032,41042,10
13.0200901031,80.2247695923,41042,41052,10
13.0205802917,80.225112915,41052,41062,10
13.0209302902,80.2253570557,41062,41072,10
13.0212497711,80.2256164551,41072,41082,10
13.0220403671,80.2261428833,41082,41102,20
13.0220403671,80.2261428833,41102,41112,10
13.0222501755,80.226348877,41112,41122,10
13.0227899551,80.2268295288,41122,41133,11
13.0235395432,80.2275314331,41133,41143,10
13.0239496231,80.2279815674,41143,41153,10
13.0241298676,80.2282028198,41153,41163,10
13.0242795944,80.2283630371,41163,41173,10
13.0246095657,80.2288131714,41173,41183,10
13.0250301361,80.2293701172,41183,41193,10
13.025560379,80.2300567627,41193,41203,10
13.0258598328,80.230682373,41203,41213,10
13.0259504318,80.2309875488,41213,41223,10
13.0260896683,80.2312774658,41223,41233,10
13.0265703201,80.2311401367,41233,41244,11
13.0274200439,80.2309570313,41244,41254,10
13.0281095505,80.2308578491,41254,41264,10
13.0286302567,80.2308273315,41264,41274,10
13.0290803909,80.2307891846,41274,41294,20
13.0290803909,80.2307891846,41294,41310,16
13.0293502808,80.2308120728,41310,41322,12
13.0297403336,80.2307662964,41322,41329,7
13.0301198959,80.2307510376,41329,41343,14
13.0308198929,80.2306976318,41343,41357,14
13.0316200256,80.2305908203,41357,41366,9
13.0322399139,80.2305374146,41366,41378,12
13.0330400467,80.230506897,41378,41388,10
13.0335998535,80.2304992676,41388,41418,30
13.0335998535,80.2304992676,41418,41428,10
13.0338201523,80.2304382324,41428,41438,10
13.0339002609,80.2304382324,41438,41448,10
13.0339603424,80.2303924561,41448,41459,11
13.0343799591,80.2304000854,41459,41469,10
13.0348300934,80.2302474976,41469,41479,10
13.0348100662,80.2299499512,41479,41519,40
13.0348100662,80.2299499512,41519,41529,10
13.0344495773,80.229888916,41529,42236,707
13.0342102051,80.230178833,42236,42286,50
13.0342102051,80.230178833,42286,42296,10
13.0340299606,80.2303924561,42296,42306,10
13.0339097977,80.2303619385,42306,42317,11
13.0336103439,80.2304229736,42317,42327,10
13.0333003998,80.23046875,42327,42337,10
13.0327501297,80.2305374146,42337,42347,10
13.0322504044,80.2305908203,42347,42357,10
13.0319004059,80.2306289673,42357,42367,10
13.0314397812,80.2306594849,42367,42377,10
13.0312795639,80.230682373,42377,42387,10
13.0309495926,80.23072052,42387,42397,10
13.0306100845,80.230758667,42397,42407,10
13.0300102234,80.230796814,42407,42438,31
13.0300102234,80.230796814,42438,42448,10
13.0296497345,80.2308425903,42448,42458,10
13.0292396545,80.2308883667,42458,42468,10
13.0286197662,80.2309188843,42468,42484,16
13.0280399323,80.2309494019,42484,42496,12
13.0276899338,80.2310714722,42496,42506,10
13.0276899338,80.2315597534,42506,42516,10
13.0276298523,80.2318725586,42516,42526,10
13.0277996063,80.2325820923,42526,42537,11
13.0275402069,80.2327804565,42537,42547,10
13.0270900726,80.2328491211,42547,42576,29
13.0270900726,80.2328491211,42576,42587,11
13.026889801,80.232963562,42587,42597,10
13.0265598297,80.2329483032,42597,42607,10
13.0263299942,80.2325592041,42607,42617,10
13.026140213,80.2318878174,42617,42627,10
13.025970459,80.2311782837,42627,42637,10
13.0255899429,80.2303390503,42637,42648,11
13.0246200562,80.2290725708,42648,42668,20
13.0246200562,80.2290725708,42668,42678,10
13.0245800018,80.2290725708,42678,42688,10
13.0243301392,80.2287521362,42688,42698,10
13.0240097046,80.2283401489,42698,42708,10
13.0236597061,80.2279510498,42708,42718,10
13.0233602524,80.2276382446,42718,42728,10
13.0231103897,80.2274627686,42728,42749,21
13.0231103897,80.2274627686,42749,42759,10
13.0227603912,80.2272567749,42759,42789,30
13.0227603912,80.2272567749,42789,42799,10
13.0225400925,80.2269592285,42799,42809,10
13.0222196579,80.2266082764,42809,42819,10
13.0215997696,80.2260971069,42819,42829,10
13.0208997726,80.2255477905,42829,42839,10
13.0202102661,80.2250671387,42839,42849,10
13.0195198059,80.2245864868,42849,42860,11
13.0185403824,80.2245788574,42860,42870,10
13.0176496506,80.2249679565,42870,42880,10
13.0169000626,80.2252807617,42880,42890,10
13.0166397095,80.2253875732,42890,42900,10
13.0163803101,80.2254867554,42900,42910,10
13.0159196854,80.2256393433,42910,42920,10
13.0153102875,80.2258529663,42920,42930,10
13.0145797729,80.2261123657,42930,42940,10
13.0140600204,80.2263565063,42940,42950,10
13.013999939,80.2264099121,42950,42961,11
13.0136299133,80.2265014648,42961,42971,10
13.0130596161,80.2266769409,42971,42981,10
13.012260437,80.2269973755,42981,42991,10
13.0113096237,80.2273864746,42991,43001,10
13.0103197098,80.2277832031,43001,43011,10
13.0095596313,80.227722168,43011,43021,10
13.0097503662,80.2270965576,43021,43031,10
13.0101299286,80.2262420654,43031,43041,10
13.0105199814,80.2253799438,43041,43051,10
13.0106897354,80.224937439,43051,43061,10
13.0109901428,80.2242584229,43061,43072,11
13.011300087,80.2233963013,43072,43082,10
13.0116195679,80.22265625,43082,43092,10
13.0119400024,80.2216491699,43092,43102,10
13.0120697021,80.2208404541,43102,43112,10
13.0117902756,80.2198562622,43112,43122,10
13.0114603043,80.2189788818,43122,43132,10
13.0111398697,80.2180099487,43132,43142,10
13.0107898712,80.2171020508,43142,43152,10
13.0104503632,80.2164001465,43152,43162,10
13.0101099014,80.2158508301,43162,43172,10
13.0098199844,80.2152404785,43172,43183,11
13.0094404221,80.2146911621,43183,43193,10
13.0089902878,80.2140731812,43193,43203,10
13.0082597733,80.2133712769,43203,43223,20
13.0082597733,80.2133712769,43223,43233,10
13.0081195831,80.2133178711,43233,43243,10
13.0079803467,80.2132492065,43243,43253,10
13.0078201294,80.2131118774,43253,43263,10
13.0074796677,80.2128829956,43263,43273,10
13.0069599152,80.2127609253,43273,43284,11
13.0062999725,80.2127685547,43284,43294,10
13.0056800842,80.2128601074,43294,43303,9
13.0051202774,80.2125091553,43303,43314,11
13.0044403076,80.2121734619,43314,43324,10
13.0038003922,80.2119827271,43324,43334,10
13.0037403107,80.2117233276,43334,43344,10
13.0037002563,80.2111587524,43344,43354,10
13.0036001205,80.2104721069,43354,43364,10
13.0035200119,80.2097473145,43364,43374,10
13.0036096573,80.2090530396,43374,43384,10
13.0039901733,80.2086334229,43384,43395,11
13.0046901703,80.2089614868,43395,43405,10
13.0052099228,80.2091674805,43405,43415,10
13.0055999756,80.2093200684,43415,43425,10
13.0059900284,80.2094497681,43425,43435,10
13.0064401627,80.2095870972,43435,43445,10
13.0066699982,80.2096710205,43445,43455,10
13.0068302155,80.2097091675,43455,43465,10
13.0071001053,80.2098007202,43465,43475,10
13.0075502396,80.2098617554,43475,43485,10
13.0079402924,80.2099304199,43485,43495,10
13.0081596375,80.2098312378,43495,43512,17
13.0079603195,80.2088165283,43512,43524,12
13.0078001022,80.2077789307,43524,43534,10
13.0076503754,80.2068786621,43534,43544,10
13.0075397491,80.2060394287,43544,43554,10
13.0072803497,80.2052612305,43554,43564,10
13.0069198608,80.2044677734,43564,43574,10
13.0065603256,80.2037963867,43574,43584,10
13.0061197281,80.2031936646,43584,43594,10
13.00578022,80.2025985718,43594,43604,10
13.0054197311,80.2019577026,43604,43615,11
13.004699707,80.2014389038,43615,43625,10
13.0043802261,80.2012863159,43625,43635,10
13.0041799545,80.2012023926,43635,43645,10
13.0040998459,80.201133728,43645,43655,10
13.003950119,80.201133728,43655,43665,10
13.0034704208,80.200958252,43665,43675,10
13.002820015,80.2007827759,43675,43685,10
13.0021400452,80.2004089355,43685,43695,10
13.0017795563,80.1998519897,43695,43705,10
13.0017204285,80.199432373,43705,43716,11
13.0017595291,80.1987686157,43716,43726,10
13.0018901825,80.1979827881,43726,43736,10
13.0019197464,80.1970367432,43736,43746,10
13.0015201569,80.1962585449,43746,43756,10
13.0012197495,80.1958770752,43756,43766,10
13.0008296967,80.1954193115,43766,43776,10
13.0003204346,80.1947631836,43776,43786,10
12.9997501373,80.1940078735,43786,43796,10
12.9992704391,80.1934509277,43796,43806,10
12.9988203049,80.1929016113,43806,43816,10
12.9983997345,80.1923217773,43816,43827,11
12.9979000092,80.1926422119,43827,43837,10
12.9972496033,80.1930999756,43837,43847,10
12.9969396591,80.1933288574,43847,43857,10
12.9963998795,80.1933822632,43857,43867,10
12.99559021,80.1933898926,43867,43877,10
12.9946203232,80.1934204102,43877,43887,10
12.9936304092,80.1934280396,43887,43896,9
12.9926395416,80.1934585571,43896,43906,10
12.9917802811,80.1937103271,43906,43917,11
12.9913702011,80.1943206787,43917,43928,11
12.9912004471,80.1946105957,43928,43938,10
12.9908504486,80.1951217651,43938,43948,10
12.9901399612,80.1955566406,43948,43958,10
12.9891796112,80.1955337524,43958,43968,10
12.9881601334,80.1955108643,43968,43978,10
12.9871196747,80.1957397461,43978,43988,10
12.9861097336,80.1960906982,43988,43998,10
12.985039711,80.1961898804,43998,44008,10
12.9839801788,80.1961975098,44008,44018,10
12.9833097458,80.1963729858,44018,44028,10
12.9830799103,80.1964492798,44028,44039,11
12.9827299118,80.1966400146,44039,44049,10
12.9823598862,80.1969833374,44049,44059,10
12.982219696,80.1971511841,44059,44069,10
12.9820899963,80.1971511841,44069,44079,10
12.9821100235,80.1970214844,44079,44089,10
12.9824104309,80.1967697144,44089,44105,16
12.9828100204,80.1963577271,44105,44117,12
12.9824695587,80.1961135864,44117,44127,10
12.9819698334,80.195930481,44127,44137,10
12.9816598892,80.1957778931,44137,44148,11
12.981590271,80.1957321167,44148,44158,10
12.9812698364,80.1955795288,44158,44168,10
12.9808998108,80.1953964233,44168,44178,10
12.9805603027,80.1952209473,44178,44187,9
12.9800796509,80.1949462891,44187,44198,11
12.9795799255,80.1946334839,44198,44208,10
12.9790201187,80.1942825317,44208,44218,10
12.9785604477,80.1940765381,44218,44228,10
12.9779901505,80.1939163208,44228,44238,10
12.9776601791,80.193862915,44238,44249,11
12.9775400162,80.1938171387,44249,44259,10
12.9771604538,80.1937026978,44259,44269,10
12.976650238,80.1934509277,44269,44279,10
12.9761896133,80.1931228638,44279,44289,10
12.9756698608,80.1927566528,44289,44299,10
12.9752397537,80.1925506592,44299,44309,10
12.974729538,80.1923065186,44309,44319,10
12.9743204117,80.192199707,44319,44329,10
12.9738101959,80.1920013428,44329,44339,10
12.9733295441,80.1917724609,44339,44349,10
12.9729604721,80.1916275024,44349,44360,11
12.9727096558,80.1915435791,44360,44370,10
12.9723396301,80.1913986206,44370,44380,10
12.9722099304,80.1913375854,44380,44390,10
12.9718999863,80.1911621094,44390,44400,10
12.9714002609,80.1909713745,44400,44410,10
12.9708995819,80.1907501221,44410,44420,10
12.9703502655,80.190536499,44420,44430,10
12.9698295593,80.190322876,44430,44440,10
12.9693899155,80.1901016235,44440,44450,10
12.9690799713,80.1899795532,44450,44460,10
12.9686803818,80.1898117065,44460,44471,11
12.9683504105,80.1895980835,44471,44481,10
12.96833992,80.1895980835,44481,44491,10
12.9681301117,80.1894683838,44491,44501,10
12.9677696228,80.1893463135,44501,44511,10
12.9672203064,80.1891403198,44511,44521,10
12.9666996002,80.1889572144,44521,44531,10
12.9665699005,80.188911438,44531,44541,10
12.9664697647,80.1888504028,44541,44551,10
12.9662303925,80.1887588501,44551,44561,10
12.9660997391,80.1886978149,44561,44571,10
12.9657297134,80.1885528564,44571,44582,11
12.9652900696,80.1884002686,44582,44592,10
12.9649896622,80.1882629395,44592,44602,10
12.9647798538,80.1881713867,44602,44612,10
12.9644203186,80.188041687,44612,44630,18
12.9634799957,80.1877365112,44630,44642,12
12.9627304077,80.1875610352,44642,44652,10
12.9620599747,80.1874389648,44652,44662,10
12.9614200592,80.1873397827,44662,44672,10
12.9610700607,80.1872634888,44672,44682,10
12.960940361,80.187210083,44682,44693,11
12.960650444,80.1871795654,44693,44703,10
12.9603395462,80.1871414185,44703,44713,10
12.9599304199,80.1871032715,44713,44723,10
12.9593400955,80.1870574951,44723,44733,10
12.9589099884,80.1870269775,44733,44743,10
12.9583997726,80.1870193481,44743,44764,21
12.9569301605,80.1870193481,44764,44777,13
12.9561300278,80.1869888306,44777,44784,7
12.9561195374,80.1869888306,44784,44797,13
12.955789566,80.1869506836,44797,44808,11
12.9554195404,80.1868896484,44808,44820,12
12.9547100067,80.1867828369,44820,44830,10
12.9540395737,80.1866912842,44830,44843,13
12.9530801773,80.1865386963,44843,44856,13
12.9519395828,80.1862564087,44856,44866,10
12.9510602951,80.1859817505,44866,44876,10
12.9503698349,80.1857528687,44876,44886,10
12.9497804642,80.1855392456,44886,44896,10
12.9494495392,80.1854629517,44896,44937,41
12.9494495392,80.1854629517,44937,44946,9
12.9494104385,80.1854324341,44946,44957,11
12.9489297867,80.185256958,44957,44966,9
12.9486198425,80.1851501465,44966,44977,11
12.9479398727,80.1849212646,44977,44986,9
12.9474201202,80.1845321655,44986,44997,11
12.9468603134,80.1841201782,44997,45007,10
12.946390152,80.1837615967,45007,45018,11
12.9456596375,80.1832122803,45018,45028,10
12.9448299408,80.1830596924,45028,45038,10
12.9445295334,80.1830673218,45038,45048,10
12.9442195892,80.1830596924,45048,45058,10
12.9436702728,80.1830215454,45058,45068,10
12.9427604675,80.1829833984,45068,45078,10
12.9418897629,80.1828689575,45078,45088,10
12.9409599304,80.1828231812,45088,45098,10
12.9401597977,80.1827468872,45098,45108,10
12.9395999908,80.1826324463,45108,45119,11
12.9395503998,80.1826171875,45119,45129,10
12.9392595291,80.1825408936,45129,45139,10
12.9389295578,80.1824493408,45139,45149,10
12.93846035,80.1823730469,45149,45159,10
12.9378299713,80.1822814941,45159,45169,10
12.9368896484,80.182258606,45169,45178,9
12.9361400604,80.1823425293,45178,45189,11
12.9351396561,80.1823806763,45189,45199,10
12.9339399338,80.1821212769,45199,45209,10
12.9328899384,80.1818618774,45209,45220,11
12.9317903519,80.181678772,45220,45231,11
12.9310703278,80.1816101074,45231,45241,10
12.9310398102,80.181602478,45241,45251,10
12.9306001663,80.1815795898,45251,45261,10
12.929889679,80.1817169189,45261,45271,10
12.9290800095,80.1819381714,45271,45281,10
12.9284696579,80.1820831299,45281,45291,10
12.9278202057,80.1822433472,45291,45301,10
12.9269399643,80.1824264526,45301,45311,10
12.9259195328,80.1826095581,45311,45321,10
12.9248800278,80.182800293,45321,45332,11
12.9237804413,80.1829910278,45332,45342,10
12.923210144,80.1830215454,45342,45352,10
12.9227399826,80.1831512451,45352,45362,10
12.9221200943,80.1833496094,45362,45371,9
12.9215202332,80.1836013794,45371,45381,10
12.9205598831,80.1839828491,45381,45453,72
12.9205598831,80.1839828491,45453,45463,10
12.9202003479,80.1840362549,45463,45473,10
12.9200696945,80.1835327148,45473,45483,10
12.919960022,80.1828994751,45483,45493,10
12.9198799133,80.1825332642,45493,45503,10
12.9198999405,80.1824798584,45503,45513,10
12.9198102951,80.1820526123,45513,45523,10
12.9196996689,80.181388855,45523,45533,10
12.9195203781,80.180519104,45533,45543,10
12.9192695618,80.1795501709,45543,45554,11
12.9187297821,80.1787033081,45554,45564,10
12.9183101654,80.1776199341,45564,45574,10
12.9184503555,80.176361084,45574,45584,10
12.9187202454,80.1751785278,45584,45594,10
12.9189796448,80.1739730835,45594,45604,10
12.9193000793,80.1727600098,45604,45614,10
12.9195604324,80.171661377,45614,45624,10
12.9197502136,80.1709899902,45624,45634,10
12.9198303223,80.1707992554,45634,45644,10
12.919960022,80.1703262329,45644,45655,11
12.9202404022,80.1694564819,45655,45665,10
12.9205799103,80.1684875488,45665,45675,10
12.9209003448,80.1674880981,45675,45685,10
12.9212303162,80.1664199829,45685,45695,10
12.9215698242,80.1653289795,45695,45705,10
12.9218997955,80.1642303467,45705,45715,10
12.9222202301,80.1631622314,45715,45725,10
12.9224996567,80.1622772217,45725,45735,10
12.922829628,80.1613235474,45735,45745,10
12.9230203629,80.1606063843,45745,45755,10
12.9230604172,80.1605300903,45755,45766,11
12.9231500626,80.1603393555,45766,45776,10
12.9232702255,80.1597824097,45776,45786,10
12.9233703613,80.1588668823,45786,45796,10
12.9234895706,80.1577682495,45796,45806,10
12.9235801697,80.15675354,45806,45816,10
12.9236297607,80.1558837891,45816,45826,10
12.9234304428,80.1551208496,45826,45836,10
12.9233798981,80.1549072266,45836,45846,10
12.9233503342,80.154876709,45846,45856,10
12.9232702255,80.1544876099,45856,45866,10
12.923119545,80.1538009644,45866,45877,11
12.9228801727,80.1528701782,45877,45887,10
12.9227199554,80.1522369385,45887,45917,30
12.9227199554,80.1522369385,45917,45927,10
12.9227600098,80.1520233154,45927,45937,10
12.9227199554,80.1515274048,45937,45947,10
12.9226903915,80.1507797241,45947,45957,10
12.922659874,80.149848938,45957,45967,10
12.9225902557,80.1488876343,45967,45978,11
12.9225702286,80.1478500366,45978,45988,10
12.9225597382,80.1470413208,45988,45998,10
12.9225702286,80.1460800171,45998,46008,10
12.9225101471,80.145111084,46008,46018,10
12.9224596024,80.1440811157,46018,46028,10
12.9224796295,80.1434707642,46028,46048,20
12.9224796295,80.1434707642,46048,46058,10
12.9224796295,80.1431503296,46058,46068,10
12.9224596024,80.1427230835,46068,46078,10
12.922419548,80.1421966553,46078,46089,11
12.9224100113,80.1415405273,46089,46099,10
12.9224004745,80.140838623,46099,46109,10
12.922419548,80.1401367188,46109,46119,10
12.9224004745,80.1393814087,46119,46129,10
12.9223899841,80.1386795044,46129,46139,10
12.9224395752,80.1380996704,46139,46149,10
12.9224596024,80.1374511719,46149,46158,9
12.9224901199,80.13671875,46158,46169,11
12.9225301743,80.1358108521,46169,46179,10
12.922539711,80.1349563599,46179,46189,10
12.9226102829,80.1340637207,46189,46200,11
12.9226398468,80.1330871582,46200,46210,10
12.922659874,80.1322402954,46210,46220,10
12.9226799011,80.131401062,46220,46230,10
12.9226799011,80.1312866211,46230,46240,10
12.9226999283,80.1310195923,46240,46250,10
12.922750473,80.1303863525,46250,46260,10
12.9227895737,80.1297225952,46260,46270,10
12.9228200912,80.1290893555,46270,46280,10
12.9228496552,80.1286315918,46280,46290,10
12.9228601456,80.1280670166,46290,46301,11
12.9229001999,80.1271820068,46301,46311,10
12.9229097366,80.1262664795,46311,46321,10
12.922949791,80.1252670288,46321,46331,10
12.9229898453,80.1242218018,46331,46341,10
12.9230298996,80.1231231689,46341,46351,10
12.9230804443,80.1220016479,46351,46361,10
12.9231595993,80.1206970215,46361,46381,20
12.9231595993,80.1206970215,46381,46391,10
12.9232196808,80.1203384399,46391,46401,10
12.9232797623,80.119682312,46401,46412,11
12.9232702255,80.1189117432,46412,46422,10
12.9232902527,80.1182174683,46422,46432,10
12.9234399796,80.1174316406,46432,46442,10
12.9234304428,80.1169815063,46442,46452,10
12.9234304428,80.1169586182,46452,46462,10
12.9236001968,80.1168212891,46462,46482,20
12.9236001968,80.1168212891,46482,46492,10
12.9235696793,80.1169204712,46492,46502,10
12.9235401154,80.1171569824,46502,46603,101
12.9235401154,80.1171569824,46603,46613,10
12.9234895706,80.1173782349,46613,46624,11
12.9236097336,80.1176681519,46624,46634,10
12.9235401154,80.1179962158,46634,46644,10
12.923500061,80.1185531616,46644,46654,10
12.9234800339,80.1190872192,46654,46664,10
12.9233999252,80.1196594238,46664,46674,10
12.9233598709,80.1200866699,46674,46684,10
12.9233798981,80.120262146,46684,46694,10
12.923330307,80.12059021,46694,46704,10
12.9232797623,80.1211471558,46704,46856,152
12.9232797623,80.1211471558,46856,46866,10
12.9233102798,80.1213531494,46866,46876,10
12.9232597351,80.1216812134,46876,46886,10
12.9232196808,80.1222610474,46886,46896,10
12.9231796265,80.1230392456,46896,46906,10
12.9231500626,80.1239395142,46906,46916,10
12.9231004715,80.1249389648,46916,46926,10
12.9230298996,80.1259613037,46926,46936,10
12.9229898453,80.126953125,46936,46947,11
12.9229602814,80.1276779175,46947,46957,10
12.922949791,80.1280899048,46957,46967,10
12.9229001999,80.1284790039,46967,46977,10
12.9228696823,80.1289825439,46977,46987,10
12.9228401184,80.1293792725,46987,46997,10
12.9228096008,80.1298599243,46997,47007,10
12.9227895737,80.1303634644,47007,47017,10
12.9227895737,80.1309890747,47017,47027,10
12.9227304459,80.131652832,47027,47037,10
12.9227104187,80.1323165894,47037,47047,10
12.9227104187,80.1326522827,47047,47058,11
12.9226903915,80.1333389282,47058,47068,10
12.9226503372,80.1341934204,47068,47078,10
12.9226102829,80.135093689,47078,47088,10
12.9225702286,80.1359710693,47088,47098,10
12.9225301743,80.1367492676,47098,47107,9
12.9224901199,80.1373977661,47107,47118,11
12.9224500656,80.1381988525,47118,47128,10
12.9223804474,80.1389389038,47128,47138,10
12.9223804474,80.1397476196,47138,47148,10
12.9224004745,80.1404266357,47148,47158,10
12.922419548,80.141242981,47158,47168,10
12.9224395752,80.1421508789,47168,47179,11
12.9224796295,80.1429290771,47179,47189,10
12.9225301743,80.1435394287,47189,47209,20
12.9225301743,80.1435394287,47209,47219,10
12.9225101471,80.1438827515,47219,47229,10
12.9225196838,80.1444473267,47229,47239,10
12.9225502014,80.1452484131,47239,47249,10
12.9225997925,80.1461410522,47249,47259,10
12.9226198196,80.1469192505,47259,47269,10
12.9226398468,80.1472930908,47269,47280,11
12.9226398468,80.1473922729,47280,47290,10
12.9226303101,80.1478424072,47290,47300,10
12.9225997925,80.1485595703,47300,47310,10
12.9226503372,80.1494979858,47310,47320,10
12.9226799011,80.1505126953,47320,47330,10
12.9227104187,80.1514205933,47330,47340,10
12.9227600098,80.1522598267,47340,47350,10
12.9230098724,80.1532287598,47350,47360,10
12.9232597351,80.1541976929,47360,47370,10
12.9234399796,80.1546478271,47370,47381,11
12.9234399796,80.1547622681,47381,47391,10
12.923500061,80.1551589966,47391,47401,10
12.9236698151,80.1558837891,47401,47411,10
12.9236402512,80.1568374634,47411,47421,10
12.9235496521,80.1578903198,47421,47431,10
12.9234304428,80.1589126587,47431,47441,10
12.9233703613,80.1599578857,47441,47451,10
12.9233102798,80.1604232788,47451,47461,10
12.9232797623,80.1604919434,47461,47471,10
12.9231004715,80.1609573364,47471,47481,10
12.922829628,80.1617584229,47481,47492,11
12.9224901199,80.1628036499,47492,47502,10
12.9221601486,80.163848877,47502,47512,10
12.9217996597,80.1649169922,47512,47522,10
12.9214401245,80.166053772,47522,47532,10
12.9210796356,80.1671676636,47532,47542,10
12.9207401276,80.1682662964,47542,47552,10
12.9204301834,80.1692962646,47552,47562,10
12.9201498032,80.1701507568,47562,47572,10
12.9198799133,80.1710205078,47572,47582,10
12.9198799133,80.1710586548,47582,47592,10
12.9198598862,80.1711578369,47592,47603,11
12.9196996689,80.1716079712,47603,47613,10
12.9194803238,80.1723403931,47613,47623,10
12.9192304611,80.1732177734,47623,47633,10
12.9189596176,80.1742935181,47633,47643,10
12.9187498093,80.1753997803,47643,47653,10
12.9184598923,80.1765213013,47653,47663,10
12.918299675,80.1777191162,47663,47673,10
12.9188404083,80.1787414551,47673,47683,10
12.9194002151,80.1797790527,47683,47693,10
12.9195804596,80.1809616089,47693,47703,10
12.9198598862,80.1821136475,47703,47714,11
12.9202098846,80.1834030151,47714,47734,20
12.9202098846,80.1834030151,47734,47744,10
12.920249939,80.1835479736,47744,47754,10
12.9203395844,80.183921814,47754,47764,10
12.92070961,80.1838531494,47764,47774,10
12.9212999344,80.1836013794,47774,47784,10
12.9221000671,80.1832962036,47784,47794,10
12.9229402542,80.183052063,47794,47804,10
12.9238004684,80.1828994751,47804,47815,11
12.9246101379,80.182762146,47815,47825,10
12.9254703522,80.1826095581,47825,47835,10
12.926440239,80.1824417114,47835,47845,10
12.9274597168,80.1822433472,47845,47855,10
12.9284801483,80.1819992065,47855,47865,10
12.929479599,80.1817626953,47865,47875,10
12.9302797318,80.1815414429,47875,47885,10
12.9308700562,80.181427002,47885,47895,10
12.9314899445,80.1815185547,47895,47915,20
12.9314899445,80.1815185547,47915,47926,11
12.9315795898,80.1815719604,47926,47936,10
12.9320802689,80.1816482544,47936,47946,10
12.932849884,80.1817932129,47946,47956,10
12.9337396622,80.1820068359,47956,47966,10
12.9346504211,80.1822433472,47966,47976,10
12.9356002808,80.1823425293,47976,47986,10
12.9365997314,80.182220459,47986,47996,10
12.9375600815,80.1821975708,47996,48006,10
12.9383497238,80.182258606,48006,48016,10
12.9388904572,80.1823501587,48016,48047,31
12.9388904572,80.1823501587,48047,48057,10
12.9391202927,80.182472229,48057,48067,10
12.9395599365,80.1825714111,48067,48077,10
12.9401702881,80.1826782227,48077,48087,10
12.9408597946,80.1827011108,48087,48097,10
12.9416599274,80.1827468872,48097,48107,10
12.9425601959,80.1828613281,48107,48117,10
12.943479538,80.1828918457,48117,48127,10
12.9444198608,80.1829223633,48127,48148,21
12.9444198608,80.1829223633,48148,48158,10
12.9444904327,80.1828994751,48158,48168,10
12.9448003769,80.1829376221,48168,48178,10
12.9453496933,80.1829910278,48178,48188,10
12.9459695816,80.1833496094,48188,48198,10
12.9466295242,80.1838684082,48198,48207,9
12.9472398758,80.1843566895,48207,48217,10
12.9479703903,80.1848602295,48217,48228,11
12.9489297867,80.1851730347,48228,48319,91
12.9489297867,80.1851730347,48319,48329,10
12.9490299225,80.185218811,48329,48339,10
12.9494400024,80.1853637695,48339,48350,11
12.9501800537,80.1855926514,48350,48360,10
12.950920105,80.1858520508,48360,48370,10
12.9517297745,80.1860961914,48370,48380,10
12.9526100159,80.186340332,48380,48390,10
12.9533901215,80.1865310669,48390,48400,10
12.9542303085,80.1866226196,48400,48410,10
12.9549503326,80.1866989136,48410,48420,10
12.9555397034,80.1868133545,48420,48430,10
12.9561595917,80.1868591309,48430,48461,31
12.9561595917,80.1868591309,48461,48471,10
12.9562597275,80.1868972778,48471,48481,10
12.956700325,80.1869506836,48481,48491,10
12.9572896957,80.18699646,48491,48501,10
12.9579696655,80.1869888306,48501,48511,10
12.9586000443,80.1870193481,48511,48521,10
12.9592103958,80.1870422363,48521,48531,10
12.9599103928,80.1870880127,48531,48541,10
12.9603395462,80.1871109009,48541,48551,10
12.9606704712,80.1871566772,48551,48561,10
12.9614896774,80.187286377,48561,48602,41
12.9614896774,80.187286377,48602,48612,10
12.9617004395,80.1873168945,48612,48622,10
12.9621400833,80.1874313354,48622,48632,10
12.9627599716,80.1875305176,48632,48642,10
12.9633903503,80.1876296997,48642,48652,10
12.9640598297,80.1878509521,48652,48662,10
12.9646596909,80.1880722046,48662,48673,11
12.9652795792,80.1883163452,48673,48683,10
12.9655199051,80.1884002686,48683,48693,10
12.9655504227,80.1884002686,48693,48703,10
12.965880394,80.1885528564,48703,48713,10
12.9662704468,80.1887207031,48713,48723,10
12.9667901993,80.1889266968,48723,48733,10
12.96737957,80.1891403198,48733,48743,10
12.9679498672,80.1893768311,48743,48753,10
12.9682197571,80.1895065308,48753,48773,20
12.9682197571,80.1895065308,48773,48784,11
12.9685697556,80.189743042,48784,48794,10
12.9690799713,80.1899490356,48794,48804,10
12.9695901871,80.1901702881,48804,48814,10
12.9700603485,80.1903762817,48814,48824,10
12.9703598022,80.1905517578,48824,48834,10
12.9708299637,80.1907424927,48834,48844,10
12.9714298248,80.1909790039,48844,48854,10
12.972120285,80.1912994385,48854,48864,10
12.9725999832,80.1914825439,48864,48874,10
12.9730501175,80.1916427612,48874,48884,10
12.9736003876,80.1918182373,48884,48895,11
12.9741802216,80.1920623779,48895,48905,10
12.974729538,80.1922607422,48905,48915,10
12.9753303528,80.1924972534,48915,48925,10
12.9759101868,80.1929168701,48925,48934,9
12.9764204025,80.1932601929,48934,48945,11
12.9770698547,80.1936264038,48945,48955,10
12.9776601791,80.1937866211,48955,48965,10
12.9777803421,80.1938018799,48965,48975,10
12.9779195786,80.1938171387,48975,48985,10
12.9783201218,80.1939163208,48985,48995,10
12.9787998199,80.1940994263,48995,49006,11
12.9794597626,80.1944580078,49006,49016,10
12.9799098969,80.1947784424,49016,49026,10
12.9804801941,80.1951217651,49026,49036,10
12.981010437,80.195350647,49036,49046,10
12.9814195633,80.1955566406,49046,49056,10
12.9818296432,80.1958084106,49056,49066,10
12.9823198318,80.1960525513,49066,49076,10
12.9827404022,80.1962814331,49076,49086,10
12.9829702377,80.1963424683,49086,49096,10
12.9833202362,80.1961135864,49096,49107,11
12.9839801788,80.1959381104,49107,49117,10
12.9847898483,80.1959228516,49117,49127,10
12.9856595993,80.1959075928,49127,49137,10
12.9865598679,80.1957015991,49137,49147,10
12.9873895645,80.1954803467,49147,49157,10
12.9882698059,80.1953964233,49157,49167,10
12.9892101288,80.1953887939,49167,49177,10
12.9899902344,80.1954193115,49177,49187,10
12.9907102585,80.1951217651,49187,49197,10
12.9911203384,80.1945724487,49197,49207,10
12.9912595749,80.1943283081,49207,49218,11
12.9916801453,80.1937179565,49218,49228,10
12.9923696518,80.1933288574,49228,49238,10
12.9931602478,80.1933670044,49238,49248,10
12.9940004349,80.1933288574,49248,49258,10
12.9947299957,80.193321228,49258,49268,10
12.9954395294,80.1932983398,49268,49278,10
12.9961700439,80.1932678223,49278,49288,10
12.9965496063,80.1932525635,49288,49298,10
12.9966201782,80.1932373047,49298,49308,10
12.9967899323,80.1931610107,49308,49318,10
12.9967098236,80.1927719116,49318,49329,11
12.9965600967,80.1921386719,49329,49339,10
12.9964103699,80.1915817261,49339,49349,10
12.9964504242,80.1913833618,49349,49369,20
12.9964504242,80.1913833618,49369,49379,10
12.996919632,80.1913833618,49379,52501,3122
12.996919632,80.1913833618,52501,52511,10
12.9971704483,80.1913223267,52511,52572,61
12.9971704483,80.1913223267,52572,52582,10
12.996720314,80.1913528442,52582,52834,252
12.996720314,80.1913528442,52834,52844,10
12.9963903427,80.1915588379,52844,52854,10
12.9964799881,80.1918563843,52854,52864,10
12.9965801239,80.192199707,52864,52874,10
12.9966402054,80.1925201416,52874,52885,11
12.9967403412,80.1928634644,52885,52895,10
12.9968500137,80.1931381226,52895,52905,10
12.996919632,80.1933364868,52905,52915,10
12.9966402054,80.1933898926,52915,52925,10
12.9961996078,80.1933898926,52925,52935,10
12.9956903458,80.193397522,52935,52945,10
12.995059967,80.1934204102,52945,52955,10
12.9944400787,80.1934585571,52955,52965,10
12.9937696457,80.1934585571,52965,52975,10
12.9929800034,80.1934585571,52975,52986,11
12.9921302795,80.1935424805,52986,52996,10
12.9916000366,80.193939209,52996,53006,10
12.991350174,80.1943511963,53006,53016,10
12.9911899567,80.1946563721,53016,53026,10
12.9907798767,80.1951675415,53026,53036,10
12.9900798798,80.1955413818,53036,53046,10
12.9891901016,80.1955108643,53046,53056,10
12.9882202148,80.1955032349,53056,53066,10
12.9871397018,80.1957015991,53066,53076,10
12.9860801697,80.1960678101,53076,53086,10
12.9849395752,80.1961288452,53086,53097,11
12.9837999344,80.196182251,53097,53107,10
12.9832401276,80.1963577271,53107,53117,10
12.9828300476,80.1965866089,53117,53127,10
12.9823598862,80.1969833374,53127,53137,10
12.9822301865,80.1971282959,53137,53147,10
12.9820899963,80.1970977783,53147,53157,10
12.9822502136,80.1968765259,53157,53167,10
12.9826898575,80.1965179443,53167,53177,10
12.9827604294,80.1963195801,53177,53187,10
12.982339859,80.1960830688,53187,53198,11
12.9816999435,80.1957473755,53198,53207,9
12.9811296463,80.1954574585,53207,53218,11
12.9804697037,80.1951370239,53218,53228,10
12.9798498154,80.1947784424,53228,53238,10
12.9793100357,80.1943969727,53238,53248,10
12.9787597656,80.1940917969,53248,53258,10
12.9781904221,80.1938934326,53258,53268,10
12.9778203964,80.1938323975,53268,53278,10
12.9774398804,80.1937789917,53278,53288,10
12.9769001007,80.1935806274,53288,53298,10
12.9763298035,80.1931915283,53298,53309,11
12.9757604599,80.1927566528,53309,53319,10
12.9751796722,80.192489624,53319,53329,10
12.974650383,80.1922607422,53329,53339,10
12.9741601944,80.1921005249,53339,53349,10
12.9736003876,80.1918792725,53349,53359,10
12.9729003906,80.191619873,53359,53369,10
12.9724798203,80.1914520264,53369,53379,10
12.9722995758,80.1913833618,53379,53389,10
12.9721899033,80.1913299561,53389,53399,10
12.9718599319,80.191192627,53399,53409,10
12.9713802338,80.1909713745,53409,53420,11
12.9708499908,80.1907424927,53420,53430,10
12.9701700211,80.1904602051,53430,53440,10
12.9694900513,80.1901397705,53440,53450,10
12.9689903259,80.1898880005,53450,53460,10
12.9686803818,80.189743042,53460,53470,10
12.9682197571,80.1895217896,53470,53480,10
12.9679498672,80.1894073486,53480,53490,10
12.9673995972,80.1891784668,53490,53500,10
12.9666204453,80.1888580322,53500,53510,10
12.965929985,80.1885986328,53510,53520,10
12.9654302597,80.1884002686,53520,53531,11
12.9649801254,80.1882171631,53531,53551,20
12.9649801254,80.1882171631,53551,53561,10
12.9645700455,80.188079834,53561,53571,10
12.9638595581,80.1878509521,53571,53581,10
12.9630002975,80.1876296997,53581,53591,10
12.9620504379,80.1874389648,53591,53601,10
12.9613399506,80.1873474121,53601,53611,10
12.9606399536,80.1872329712,53611,53621,10
12.9602003098,80.1871490479,53621,53632,11
12.9596500397,80.1870880127,53632,53642,10
12.9588298798,80.1870269775,53642,53652,10
12.9580698013,80.1870117188,53652,53662,10
12.9572095871,80.1870117188,53662,53672,10
12.956489563,80.1869430542,53672,53682,10
12.9560003281,80.186920166,53682,53698,16
12.9559497833,80.1869277954,53698,53710,12
12.9556798935,80.186920166,53710,53720,10
12.9554395676,80.1868591309,53720,53730,10
12.9549198151,80.1867904663,53730,53740,10
12.9541196823,80.186668396,53740,53752,12
12.9530601501,80.1865310669,53752,53762,10
12.952050209,80.1863021851,53762,53772,10
12.9509801865,80.1859436035,53772,53783,11
12.9500799179,80.1856384277,53783,53793,10
12.949640274,80.1855010986,53793,53803,10
12.9490404129,80.1852874756,53803,53813,10
12.948559761,80.1851425171,53813,53823,10
12.9478998184,80.1848907471,53823,53833,10
12.9472503662,80.1844482422,53833,53843,10
12.9465198517,80.1838607788,53843,53854,11
12.9455900192,80.1831665039,53854,53864,10
12.9446601868,80.1830215454,53864,53874,10
12.9436397552,80.1829681396,53874,53884,10
12.9425296783,80.1829223633,53884,53894,10
12.9414901733,80.182800293,53894,53904,10
12.9406604767,80.1827697754,53904,53914,10
12.9399700165,80.1827087402,53914,53924,10
12.9394903183,80.1825866699,53924,53933,9
12.9393796921,80.1825485229,53933,53944,11
12.9389801025,80.1824417114,53944,53955,11
12.9385404587,80.1823425293,53955,53965,10
12.9378700256,80.1822891235,53965,53975,10
12.93708992,80.182258606,53975,53985,10
12.9362201691,80.1822967529,53985,53995,10
12.9354000092,80.1823425293,53995,54005,10
12.9344797134,80.182182312,54005,54015,10
12.9335298538,80.1819610596,54015,54025,10
12.9324903488,80.1817321777,54025,54035,10
12.9315099716,80.181602478,54035,54045,10
12.9309797287,80.1815567017,54045,54055,10
12.9307603836,80.1815490723,54055,54066,11
12.9300804138,80.1816482544,54066,54076,10
12.9292201996,80.1818695068,54076,54086,10
12.9282302856,80.1821136475,54086,54096,10
12.9271497726,80.1823425293,54096,54106,10
12.9260501862,80.1825637817,54106,54116,10
12.9250297546,80.182762146,54116,54126,10
12.9240598679,80.1829223633,54126,54136,10
12.9231300354,80.1830673218,54136,54146,10
12.9222402573,80.1833190918,54146,54156,10
12.9214401245,80.1836395264,54156,54166,10
12.9207000732,80.1839599609,54166,54177,11
12.9202003479,80.1839523315,54177,54187,10
12.9200496674,80.1832733154,54187,54197,10
12.9199304581,80.1826019287,54197,54207,10
12.9197597504,80.1818389893,54207,54217,10
12.919549942,80.180847168,54217,54227,10
12.9193296432,80.1797485352,54227,54237,10
12.9187602997,80.1787872314,54237,54247,10
12.9181804657,80.1778106689,54247,54257,10
12.9183397293,80.1766815186,54257,54267,10
12.9185800552,80.1755981445,54267,54278,11
12.9188203812,80.1744766235,54278,54288,10
12.9190797806,80.1734313965,54288,54298,10
12.9193201065,80.172416687,54298,54308,10
12.9195604324,80.1715621948,54308,54318,10
12.9198799133,80.1705932617,54318,54328,10
12.9202404022,80.1694564819,54328,54338,10
12.9206104279,80.1683120728,54338,54348,10
12.9209804535,80.1671600342,54348,54358,10
12.9213600159,80.1660003662,54358,54368,10
12.9217395782,80.1648406982,54368,54378,10
12.9220600128,80.1637878418,54378,54389,11
12.9223499298,80.1628036499,54389,54399,10
12.922659874,80.161781311,54399,54409,10
12.9229898453,80.1607208252,54409,54419,10
12.9232902527,80.1596374512,54419,54429,10
12.9233999252,80.1584396362,54429,54439,10
12.9235095978,80.1573410034,54439,54449,10
12.9235801697,80.1564483643,54449,54459,10
12.9235296249,80.1554870605,54459,54469,10
12.9233703613,80.1549682617,54469,54479,10
12.9233503342,80.1548690796,54479,54490,11
12.9232397079,80.1543273926,54490,54500,10
12.9230499268,80.1535720825,54500,54510,10
12.9228401184,80.1528930664,54510,54520,10
12.9226303101,80.1518936157,54520,54560,40
12.9226303101,80.1518936157,54560,54570,10
12.9226398468,80.1514968872,54570,54580,10
12.9226303101,80.1507034302,54580,54590,10
12.9225997925,80.1496505737,54590,54601,11
12.922539711,80.1485366821,54601,54611,10
12.922539711,80.1476516724,54611,54621,10
12.9225301743,80.1468429565,54621,54631,10
12.9225196838,80.1459197998,54631,54641,10
12.9224700928,80.1449432373,54641,54651,10
12.9224500656,80.143989563,54651,54661,10
12.922419548,80.1433792114,54661,54671,10
12.9224100113,80.1433029175,54671,54681,10
12.9223899841,80.1429290771,54681,54691,10
12.922369957,80.1423416138,54691,54701,10
12.9223604202,80.1418762207,54701,54712,11
12.9223604202,80.1413421631,54712,54722,10
12.9223403931,80.1406326294,54722,54732,10
12.9223499298,80.1399230957,54732,54742,10
12.9223499298,80.1390228271,54742,54752,10
12.9224100113,80.1381912231,54752,54762,10
12.9224500656,80.1373596191,54762,54772,10
12.9224996567,80.1364898682,54772,54782,10
12.9225196838,80.1354980469,54782,54792,10
12.9225702286,80.1343917847,54792,54802,10
12.9226198196,80.1332778931,54802,54812,10
12.922659874,80.1321792603,54812,54823,11
12.9226999283,80.1309661865,54823,54839,16
12.9227800369,80.1294631958,54839,54851,12
12.9228897095,80.1285324097,54851,54861,10
12.9229001999,80.1276779175,54861,54871,10
12.9228897095,80.1266708374,54871,54880,9
12.9229202271,80.1258087158,54880,54891,11
12.9229803085,80.1244888306,54891,54901,10
12.9230298996,80.1233596802,54901,54911,10
12.9230604172,80.122177124,54911,54922,11
12.9231300354,80.1210708618,54922,54933,11
12.9231796265,80.1205673218,54933,54943,10
12.9231796265,80.1205596924,54943,54953,10
12.923210144,80.1203918457,54953,54963,10
12.9232597351,80.1199188232,54963,54973,10
12.9232797623,80.1192703247,54973,54983,10
12.9233102798,80.1187362671,54983,54993,10
12.9233598709,80.1181716919,54993,55003,10
12.9233903885,80.1172485352,55003,55569,566
12.9233903885,80.1172485352,55569,55579,10
12.9234600067,80.1170196533,55579,55589,10
12.9235801697,80.1167984009,55589,55619,30
12.9235801697,80.1167984009,55619,55629,10
12.9235801697,80.1170272827,55629,55638,9
12.9235496521,80.11743927,55638,55649,11
12.9235401154,80.1179122925,55649,55659,10
12.9234800339,80.118522644,55659,55668,9
12.92345047,80.1190414429,55668,55680,12
12.9233398438,80.1199188232,55680,55690,10
12.9232797623,80.1205673218,55690,55700,10
12.9232797623,80.1211624146,55700,56043,343
12.9232797623,80.1211624146,56043,56053,10
12.9232397079,80.121383667,56053,56063,10
12.9232196808,80.1218338013,56063,56073,10
12.9231901169,80.1225509644,56073,56083,10
12.9231500626,80.1233978271,56083,56093,10
12.9231100082,80.1243209839,56093,56103,10
12.9230499268,80.1251373291,56103,56114,11
12.9230203629,80.1255111694,56114,56124,10
12.9229898453,80.1258087158,56124,56134,10
12.9229803085,80.1265106201,56134,56144,10
12.9229698181,80.1272125244,56144,56154,10
12.9229402542,80.1277770996,56154,56164,10
12.9229202271,80.1283035278,56164,56180,16
12.922829628,80.1292037964,56180,56192,12
12.9227800369,80.1300430298,56192,56202,10
12.9227895737,80.1308517456,56202,56212,10
12.922750473,80.1316680908,56212,56222,10
12.9227199554,80.13256073,56222,56233,11
12.9227104187,80.133392334,56233,56243,10
12.9226503372,80.1342086792,56243,56253,10
12.9225997925,80.1351699829,56253,56263,10
12.9225597382,80.1361312866,56263,56273,10
12.9225196838,80.1368408203,56273,56282,9
12.9224996567,80.1375274658,56282,56292,10
12.9224500656,80.1382598877,56292,56303,11
12.9223899841,80.1391296387,56303,56313,10
12.9224004745,80.1401977539,56313,56334,21
12.9224004745,80.1401977539,56334,56344,10
12.9223804474,80.1403808594,56344,56354,10
12.9223899841,80.1409683228,56354,56364,10
12.9224004745,80.1418762207,56364,56374,10
12.9224596024,80.1426391602,56374,56384,10
12.9224700928,80.1428070068,56384,56394,10
12.9224901199,80.142906189,56394,56404,10
12.9225101471,80.1433792114,56404,56421,17
12.922539711,80.1436004639,56421,56433,12
12.922539711,80.143989563,56433,56443,10
12.9225597382,80.1447677612,56443,56453,10
12.9226102829,80.1457595825,56453,56463,10
12.9226303101,80.1467590332,56463,56473,10
12.9226398468,80.1474227905,56473,56483,10
12.9225997925,80.1485290527,56483,56493,10
12.922659874,80.1496276855,56493,56503,10
12.9226903915,80.1507492065,56503,56514,11
12.9227104187,80.1515197754,56514,56524,10
12.9226999283,80.1515884399,56524,56534,10
12.9226999283,80.1519393921,56534,56545,11
12.9228496552,80.1526565552,56545,56555,10
12.9230604172,80.1534576416,56555,56565,10
12.9232797623,80.1542663574,56565,56576,11
12.9234199524,80.1547470093,56576,56586,10
12.9234800339,80.1549911499,56586,56596,10
12.9236402512,80.1556777954,56596,56606,10
12.9236402512,80.1566772461,56606,56616,10
12.9235296249,80.1578521729,56616,56626,10
12.9234104156,80.1589736938,56626,56636,10
12.9232997894,80.1600875854,56636,56647,11
12.9229402542,80.1613235474,56647,56657,10
12.9225997925,80.162437439,56657,56667,10
12.9223003387,80.1634216309,56667,56677,10
12.9219903946,80.1643829346,56677,56687,10
12.9216995239,80.1653823853,56687,56697,10
12.9214200974,80.1662216187,56697,56707,10
12.9211101532,80.1672134399,56707,56717,10
12.9208202362,80.1681976318,56717,56727,10
12.9205102921,80.1690979004,56727,56737,10
12.9202098846,80.1700363159,56737,56747,10
12.9199895859,80.1707305908,56747,56758,11
12.9199104309,80.1709823608,56758,56774,16
12.919670105,80.1717834473,56774,56786,12
12.9193496704,80.1728210449,56786,56796,10
12.9190397263,80.1739578247,56796,56806,10
12.9187803268,80.1750411987,56806,56816,10
12.9185199738,80.1761398315,56816,56826,10
12.9183797836,80.1769638062,56826,56836,10
12.9182701111,80.1778488159,56836,56846,10
12.9187402725,80.1786575317,56846,56856,10
12.9192495346,80.1794204712,56856,56867,11
12.9195203781,80.1805267334,56867,56877,10
12.9197597504,80.1815567017,56877,56887,10
12.9200401306,80.1827316284,56887,56897,10
12.9202899933,80.183807373,56897,56907,10
12.9206199646,80.1839065552,56907,56917,10
12.9212703705,80.1836395264,56917,56927,10
12.9221601486,80.1832885742,56927,56937,10
12.9230899811,80.183052063,56937,56947,10
12.9239397049,80.1828765869,56947,56957,10
12.9248104095,80.1827468872,56957,56967,10
12.9258203506,80.1825637817,56967,56978,11
12.9270296097,80.1823425293,56978,56988,10
12.9281902313,80.1820831299,56988,56998,10
12.9292497635,80.1818389893,56998,57008,10
12.9302597046,80.1815795898,57008,57018,10
12.9316596985,80.1815795898,57018,57038,20
12.9316596985,80.1815795898,57038,57048,10
12.9317998886,80.181640625,57048,57058,10
12.9323701859,80.1817321777,57058,57068,10
12.9333000183,80.181930542,57068,57079,11
12.9344501495,80.1822128296,57079,57089,10
12.9353599548,80.1824035645,57089,57099,10
12.9358797073,80.1823425293,57099,57109,10
12.9363603592,80.182258606,57109,57119,10
12.9368400574,80.1822128296,57119,57129,10
12.9377202988,80.1822128296,57129,57139,10
12.9386901855,80.1823120117,57139,57149,10
12.93887043,80.1823272705,57149,57159,10
12.9390096664,80.1823425293,57159,57169,10
12.9393196106,80.182472229,57169,57179,10
12.9398403168,80.1826095581,57179,57190,11
12.9406604767,80.1827011108,57190,57200,10
12.9415197372,80.182762146,57200,57210,10
12.9425802231,80.1828994751,57210,57220,10
12.9436302185,80.1829528809,57220,57230,10
12.9444904327,80.1829833984,57230,57240,10
12.9446802139,80.1829910278,57240,57250,10
12.9452199936,80.1830215454,57250,57260,10
12.9459600449,80.183380127,57260,57270,10
12.9467096329,80.1839675903,57270,57280,10
12.9475803375,80.1846389771,57280,57291,11
12.9487600327,80.1851425171,57291,57311,20
12.9487600327,80.1851425171,57311,57321,10
12.9490003586,80.185218811,57321,57331,10
12.9494104385,80.1854019165,57331,57341,10
12.9499502182,80.185546875,57341,57351,10
12.9506902695,80.1857833862,57351,57361,10
12.9515895844,80.1860809326,57361,57371,10
12.9526100159,80.1863479614,57371,57381,10
12.9534196854,80.1864929199,57381,57391,10
12.9541501999,80.1866073608,57391,57402,11
12.9549102783,80.1867218018,57402,57412,10
12.9554300308,80.1867980957,57412,57422,10
12.9555501938,80.1868133545,57422,57438,16
12.9560699463,80.1868972778,57438,57450,12
12.9561100006,80.1868972778,57450,57460,10
12.9562397003,80.186920166,57460,57470,10
12.9567499161,80.186958313,57470,57480,10
12.957280159,80.1870269775,57480,57490,10
12.958029747,80.1870574951,57490,57500,10
12.9587697983,80.1870574951,57500,57511,11
12.9595403671,80.1871337891,57511,57521,10
12.9601697922,80.1871490479,57521,57531,10
12.960559845,80.1872024536,57531,57541,10
12.9611997604,80.1872634888,57541,57551,10
12.9615001678,80.187286377,57551,57561,10
12.9616699219,80.1873397827,57561,57571,10
12.9621696472,80.1874313354,57571,57581,10
12.9628601074,80.1875991821,57581,57591,10
12.9635801315,80.187789917,57591,57601,10
12.96434021,80.18800354,57601,57611,10
12.9648199081,80.188117981,57611,57622,11
12.9655103683,80.1884078979,57622,57642,20
12.9655103683,80.1884078979,57642,57652,10
12.9657096863,80.1885375977,57652,57662,10
12.9661197662,80.1886901855,57662,57672,10
12.9665203094,80.1888275146,57672,57682,10
12.9671096802,80.1890716553,57682,57692,10
12.9677696228,80.1893386841,57692,57702,10
12.9682998657,80.1895980835,57702,57712,10
12.9683198929,80.1896133423,57712,57723,11
12.9684000015,80.1896514893,57723,57733,10
12.9687595367,80.1898269653,57733,57743,10
12.9690504074,80.1899490356,57743,57753,10
12.9694900513,80.1901702881,57753,57763,10
12.9699401855,80.1903686523,57763,57773,10
12.9701499939,80.1904602051,57773,57783,10
12.9706802368,80.1906967163,57783,57793,10
12.9711303711,80.1908493042,57793,57803,10
12.9716997147,80.1911087036,57803,57813,10
12.9721899033,80.1913528442,57813,57823,10
12.9727497101,80.1915664673,57823,57844,21
12.9727497101,80.1915664673,57844,57860,16
12.9733200073,80.1917572021,57860,57872,12
12.9741201401,80.1921386719,57872,57882,10
12.9746103287,80.1922683716,57882,57891,9
12.9750499725,80.1924209595,57891,57902,11
12.9758901596,80.1928787231,57902,57912,10
12.9763803482,80.1932525635,57912,57922,10
12.9770202637,80.1936798096,57922,57932,10
12.9775600433,80.1938171387,57932,57944,12
12.9780597687,80.1938705444,57944,57964,20
12.9780597687,80.1938705444,57964,57974,10
12.9784803391,80.1939697266,57974,57984,10
12.9790201187,80.1942214966,57984,57994,10
12.979590416,80.1945877075,57994,58004,10
12.9801301956,80.1949386597,58004,58014,10
12.9806604385,80.1952590942,58014,58024,10
12.9810600281,80.1954193115,58024,58044,20
12.9810600281,80.1954193115,58044,58055,11
12.9814596176,80.1956176758,58055,58065,10
12.9819002151,80.1958694458,58065,58075,10
12.9824104309,80.1961364746,58075,58085,10
12.9827699661,80.1962585449,58085,58095,10
12.983039856,80.1962814331,58095,58105,10
12.9834899902,80.1960372925,58105,58115,10
12.9842195511,80.1959381104,58115,58125,10
12.9852199554,80.1959609985,58125,58135,10
12.986410141,80.1957778931,58135,58145,10
12.9875297546,80.1954269409,58145,58156,11
12.988650322,80.1954269409,58156,58166,10
12.9898099899,80.1954727173,58166,58176,10
12.9907798767,80.195098877,58176,58186,10
12.9911203384,80.1946182251,58186,58196,10
12.9911403656,80.1945800781,58196,58206,10
12.991230011,80.194442749,58206,58216,10
12.991519928,80.1940078735,58216,58226,10
12.9923295975,80.193397522,58226,58242,16
12.9943399429,80.1933822632,58242,58254,12
12.995759964,80.193321228,58254,58264,10
12.9966201782,80.1932830811,58264,58274,10
12.9968004227,80.1930923462,58274,58285,11
12.9966096878,80.1923828125,58285,58295,10
12.9963598251,80.1914978027,58295,58305,10
12.9961395264,80.1905975342,58305,58315,10
12.9959402084,80.1898880005,58315,58325,10
12.995880127,80.1895523071,58325,58345,20
12.995880127,80.1895523071,58345,58355,10
12.9959001541,80.1893920898,58355,58364,9
12.9960203171,80.1892700195,58364,58376,12
12.9963903427,80.1895980835,58376,58385,9
12.9968500137,80.1901168823,58385,58396,11
12.9975500107,80.1909790039,58396,58406,10
12.9983100891,80.1919708252,58406,58416,10
12.9990997314,80.1930007935,58416,58426,10
12.9997596741,80.1938934326,58426,58436,10
13.0005302429,80.1948699951,58436,58446,10
13.0011701584,80.1956176758,58446,58456,10
13.00137043,80.1958084106,58456,58466,10
13.0016098022,80.1960678101,58466,58476,10
13.001999855,80.1966400146,58476,58487,11
13.0020999908,80.1977233887,58487,58497,10
13.0019102097,80.1988296509,58497,58507,10
13.0018796921,80.1997833252,58507,58517,10
13.0024995804,80.2005386353,58517,58527,10
13.0032196045,80.2007675171,58527,58537,10
13.0036697388,80.2007980347,58537,58547,10
13.0037097931,80.2008132935,58547,58557,10
13.0039901733,80.2009429932,58557,58567,10
13.0046596527,80.2011489868,58567,58577,10
13.0054798126,80.2016830444,58577,58588,11
13.0060596466,80.2026367188,58588,58598,10
13.0066995621,80.203338623,58598,58608,10
13.0075798035,80.2036972046,58608,58618,10
13.0083799362,80.2035522461,58618,58627,9
13.0081796646,80.2028427124,58627,58638,11
13.0075397491,80.2033996582,58638,58648,10
13.0076198578,80.204826355,58648,58658,10
13.0077199936,80.2060775757,58658,58668,10
13.0078802109,80.2071609497,58668,58678,10
13.0080003738,80.2082595825,58678,58688,10
13.0081996918,80.2094116211,58688,58699,11
13.0084495544,80.2101364136,58699,58709,10
13.0087099075,80.2104873657,58709,58719,10
13.0089998245,80.2107009888,58719,58729,10
13.0090103149,80.2107086182,58729,58739,10
13.009059906,80.210609436,58739,58759,20
13.009059906,80.210609436,58759,58769,10
13.0092496872,80.2108001709,58769,58779,10
13.009349823,80.2110977173,58779,58795,16
13.0090799332,80.2116088867,58795,58808,13
13.00922966,80.2122268677,58808,58818,10
13.0093698502,80.2127685547,58818,58828,10
13.0095996857,80.2133789063,58828,58835,7
13.0097999573,80.2139129639,58835,58850,15
13.0101900101,80.2153167725,58850,58860,10
13.0105400085,80.2163696289,58860,58870,10
13.0109395981,80.217300415,58870,58880,10
13.0113601685,80.2181930542,58880,58890,10
13.0117797852,80.2191696167,58890,58900,10
13.0121202469,80.2203598022,58900,58910,10
13.0124397278,80.2212219238,58910,58921,11
13.0125999451,80.2216262817,58921,58944,23
13.013710022,80.2229690552,58944,58956,12
13.0142002106,80.2235565186,58956,58966,10
13.0144996643,80.2238388062,58966,58976,10
13.0149497986,80.2243804932,58976,58986,10
13.0153799057,80.2248535156,58986,58996,10
13.0155200958,80.2249526978,58996,59006,10
13.0155496597,80.2249984741,59006,59016,10
13.015879631,80.2252807617,59016,59027,11
13.0168600082,80.2251586914,59027,59036,9
13.0177698135,80.2248001099,59036,59047,11
13.0187196732,80.2244186401,59047,59057,10
13.0192403793,80.2243728638,59057,59067,10
13.0193500519,80.2244033813,59067,59077,10
13.0195798874,80.2244720459,59077,59087,10
13.0198202133,80.2245864868,59087,59097,10
13.0202903748,80.2249298096,59097,59107,10
13.0207300186,80.225227356,59107,59117,10
13.0211496353,80.2255401611,59117,59128,11
13.0217399597,80.2259597778,59128,59138,10
13.0218296051,80.226020813,59138,59148,10
13.0220098495,80.2261886597,59148,59158,10
13.0223798752,80.2265396118,59158,59168,10
13.0227098465,80.226890564,59168,59178,10
13.0233001709,80.227432251,59178,59188,10
13.0239601135,80.2280578613,59188,59198,10
13.0241603851,80.2283172607,59198,59208,10
13.0241804123,80.2283477783,59208,59218,10
13.0244398117,80.2286911011,59218,59228,10
13.0246696472,80.2289962769,59228,59239,11
13.0250501633,80.2294616699,59239,59249,10
13.0255002975,80.2300491333,59249,59259,10
13.0256299973,80.2302093506,59259,59269,10
13.0257396698,80.2304077148,59269,59299,30
13.0257396698,80.2304077148,59299,59309,10
13.025850296,80.2306594849,59309,59314,5
13.0258998871,80.2307815552,59314,59329,15
13.0260095596,80.2311935425,59329,59339,10
13.0262403488,80.2313613892,59339,59350,11
13.0269403458,80.2311706543,59350,59360,10
13.0276403427,80.2309875488,59360,59370,10
13.0281801224,80.2309112549,59370,59380,10
13.0288600922,80.2308578491,59380,59390,10
13.0295000076,80.2308425903,59390,59400,10
13.0299301147,80.230796814,59400,59410,10
13.0303001404,80.2307815552,59410,59420,10
13.0306301117,80.230758667,59420,59430,10
13.0310401917,80.2307128906,59430,59440,10
13.0315504074,80.2306518555,59440,59451,11
13.0322904587,80.2305526733,59451,59461,10
13.032910347,80.2305603027,59461,59531,70
13.032910347,80.2305603027,59531,59541,10
13.0333204269,80.2306213379,59541,59551,10
13.0337400436,80.2305603027,59551,59592,41
13.0337400436,80.2305603027,59592,59602,10
13.0340299606,80.2305374146,59602,59612,10
13.0346403122,80.2304000854,59612,59642,30
13.034910202,80.2302322388,59642,59662,20
13.034910202,80.2302322388,59662,59673,11
13.0348396301,80.2299423218,59673,59703,30
13.0345001221,80.2298736572,59703,61055,1352
13.0345001221,80.2298736572,61055,61066,11
13.0342102051,80.2301177979,61066,61106,40
13.0342102051,80.2301177979,61106,61116,10
13.0341796875,80.2304077148,61116,61156,40
13.0341796875,80.2304077148,61156,61166,10
13.0337200165,80.230506897,61166,61177,11
13.0330696106,80.2305679321,61177,61187,10
13.0324401855,80.2306213379,61187,61197,10
13.0318698883,80.2306594849,61197,61207,10
13.0311803818,80.23072052,61207,61217,10
13.03083992,80.2307510376,61217,61227,10
13.0304803848,80.2307662964,61227,61237,10
13.0298204422,80.2308425903,61237,61278,41
13.0298204422,80.2308425903,61278,61288,10
13.0294399261,80.2308807373,61288,61298,10
13.0288801193,80.2309036255,61298,61308,10
13.0281095505,80.2309799194,61308,61318,10
13.0276403427,80.2310562134,61318,61328,10
13.0276403427,80.2314376831,61328,61338,10
13.0277299881,80.2320175171,61338,61348,10
13.0278596878,80.2325973511,61348,61358,10
13.0275402069,80.2328414917,61358,61368,10
13.0268201828,80.2329788208,61368,61419,51
13.0268201828,80.2329788208,61419,61429,10
13.0267000198,80.2330093384,61429,61439,10
13.0264396667,80.2329483032,61439,61449,10
13.0263996124,80.2328872681,61449,61459,10
13.0263204575,80.2326965332,61459,61469,10
13.0263004303,80.2326507568,61469,61479,10
13.026260376,80.2324829102,61479,61489,10
13.0261497498,80.2321090698,61489,61500,11
13.0260295868,80.2316436768,61500,61510,10
13.0258798599,80.2310562134,61510,61520,10
13.0255298615,80.2303237915,61520,61530,10
13.0249004364,80.2294311523,61530,61601,71
13.0249004364,80.2294311523,61601,61611,10
13.0247297287,80.2292098999,61611,61621,10
13.0244998932,80.2289276123,61621,61631,10
13.0242395401,80.2285690308,61631,61641,10
13.0239601135,80.2281799316,61641,61651,10
13.0234804153,80.2276763916,61651,61661,10
13.0232095718,80.2275238037,61661,61671,10
13.023059845,80.2273788452,61671,61712,41
13.023059845,80.2273788452,61712,61722,10
13.0227804184,80.2272033691,61722,61732,10
13.0225801468,80.2269210815,61732,61742,10
13.0222301483,80.2265319824,61742,61752,10
13.0216398239,80.2260284424,61752,61768,16
13.0206804276,80.2253036499,61768,61780,12
13.0201702118,80.2249526978,61780,61790,10
13.0201301575,80.2249221802,61790,61800,10
13.0200595856,80.2248764038,61800,61810,10
13.0196399689,80.2245788574,61810,61821,11
13.0187797546,80.2244873047,61821,61831,10
13.0178804398,80.2248535156,61831,61841,10
13.0170202255,80.2252426147,61841,61851,10
13.0164403915,80.225479126,61851,61860,9
13.0160198212,80.2256317139,61860,61871,11
13.01541996,80.2258605957,61871,61881,10
13.015080452,80.226020813,61881,61891,10
13.0143404007,80.22631073,61891,61911,20
13.0143404007,80.22631073,61911,61923,12
13.0142498016,80.2263412476,61923,61933,10
13.0140104294,80.2264022827,61933,61943,10
13.013420105,80.2266082764,61943,61953,10
13.0125904083,80.2269210815,61953,61963,10
13.0116596222,80.2272872925,61963,61973,10
13.0106201172,80.2276992798,61973,61983,10
13.0098199844,80.2279815674,61983,61993,10
13.009519577,80.2275924683,61993,62003,10
13.0097904205,80.2270202637,62003,62013,10
13.0101604462,80.2261962891,62013,62023,10
13.0104904175,80.2254867554,62023,62034,11
13.0105495453,80.2253875732,62034,62044,10
13.01060009,80.2252426147,62044,62054,10
13.0107803345,80.224861145,62054,62064,10
13.0110301971,80.2241668701,62064,62074,10
13.0112800598,80.2235412598,62074,62084,10
13.0115404129,80.2229766846,62084,62094,10
13.0118103027,80.2221908569,62094,62104,10
13.0120601654,80.2215194702,62104,62114,10
13.0120601654,80.2209625244,62114,62124,10
13.0118598938,80.2202224731,62124,62135,11
13.0115299225,80.2191162109,62135,62145,10
13.0111703873,80.2180480957,62145,62155,10
13.0107297897,80.217010498,62155,62165,10
13.0104198456,80.2163391113,62165,62175,10
13.0100898743,80.2157592773,62175,62185,10
13.009929657,80.2154388428,62185,62195,10
13.0097904205,80.2151565552,62195,62205,10
13.0094604492,80.2147064209,62205,62215,10
13.0090398788,80.2142028809,62215,62225,10
13.0086402893,80.2136611938,62225,62235,10
13.0083198547,80.2133789063,62235,62256,21
13.0083198547,80.2133789063,62256,62266,10
13.0081996918,80.2133407593,62266,62276,10
13.0080099106,80.2132415771,62276,62292,16
13.0077800751,80.2130203247,62292,62304,12
13.0074195862,80.2128372192,62304,62314,10
13.0069904327,80.2127380371,62314,62324,10
13.0062599182,80.2128372192,62324,62334,10
13.0055599213,80.2128677368,62334,62342,8
13.0049800873,80.2125015259,62342,62354,12
13.0040302277,80.2121200562,62354,62364,10
13.0037202835,80.2118377686,62364,62375,11
13.0036897659,80.211151123,62375,62385,10
13.0036001205,80.2103729248,62385,62395,10
13.0035295486,80.2095870972,62395,62405,10
13.0037097931,80.208770752,62405,62415,10
13.0044002533,80.2088088989,62415,62425,10
13.00522995,80.2091827393,62425,62435,10
13.0058097839,80.2094192505,62435,62445,10
13.0061998367,80.2095489502,62445,62455,10
13.0067996979,80.2097473145,62455,62476,21
13.0067996979,80.2097473145,62476,62486,10
13.0069503784,80.2098007202,62486,62496,10
13.0074300766,80.2098464966,62496,62506,10
13.0080699921,80.2099609375,62506,62516,10
13.0081300735,80.2095794678,62516,62526,10
13.0080099106,80.2088928223,62526,62536,10
13.0078697205,80.2079391479,62536,62546,10
13.0076999664,80.20703125,62546,62556,10
13.0075502396,80.2061767578,62556,62567,11
13.0072603226,80.2052612305,62567,62577,10
13.0069198608,80.2044830322,62577,62587,10
13.0065202713,80.2038192749,62587,62597,10
13.0059900284,80.2030792236,62597,62617,20
13.0059900284,80.2030792236,62617,62627,10
13.0058603287,80.2029266357,62627,62637,10
13.0056400299,80.2025375366,62637,62647,10
13.0052995682,80.2019271851,62647,62657,10
13.0045900345,80.2014007568,62657,62667,10
13.0041303635,80.2012329102,62667,62688,21
13.0041303635,80.2012329102,62688,62698,10
13.0038404465,80.2010192871,62698,62708,10
13.0032396317,80.2008209229,62708,62718,10
13.0024700165,80.2005462646,62718,62728,10
13.0018701553,80.1999969482,62728,62738,10
13.0016698837,80.1992797852,62738,62748,10
13.0017995834,80.1983795166,62748,62758,10
13.0019397736,80.1973190308,62758,62768,10
13.0015802383,80.1963729858,62768,62778,10
13.0010099411,80.1956329346,62778,62788,10
13.0003204346,80.1947402954,62788,62799,11
12.9994802475,80.193649292,62799,62809,10
12.998840332,80.1928863525,62809,62819,10
12.9983301163,80.1923370361,62819,62829,10
12.9977998734,80.1927108765,62829,62839,10
12.997130394,80.1932601929,62839,62849,10
12.9968795776,80.1934280396,62849,62859,10
12.9963998795,80.1934204102,62859,62869,10
12.9956598282,80.1934204102,62869,62879,10
12.9947004318,80.1934432983,62879,62890,11
12.9935302734,80.1934661865,62890,62900,10
12.9925098419,80.1934585571,62900,62910,10
12.9917201996,80.1938018799,62910,62920,10
12.9914703369,80.1941986084,62920,62930,10
12.991350174,80.1943969727,62930,62940,10
12.9911899567,80.1946868896,62940,62950,10
12.9911003113,80.1948165894,62950,62960,10
12.9910402298,80.1949005127,62960,62976,16
12.99036026,80.1955337524,62976,62988,12
12.9892597198,80.1955795288,62988,62998,10
12.9883298874,80.1955566406,62998,63007,9
12.9874601364,80.1956329346,63007,63018,11
12.9863500595,80.1960678101,63018,63028,10
12.9851303101,80.1962203979,63028,63039,11
12.9838399887,80.1962585449,63039,63049,10
12.9833402634,80.1964187622,63049,63059,10
12.9830904007,80.1965332031,63059,63069,10
12.9826602936,80.1968002319,63069,63079,10
12.9822797775,80.1971588135,63079,63089,10
12.9822502136,80.1971893311,63089,63099,10
12.9820804596,80.1971282959,63099,63110,11
12.9822797775,80.1968994141,63110,63120,10
12.9826498032,80.1966171265,63120,63130,10
12.9827899933,80.1964416504,63130,63140,10
12.9823999405,80.1961593628,63140,63150,10
12.9819297791,80.1959228516,63150,63160,10
12.9815998077,80.1957626343,63160,63170,10
12.981590271,80.1957473755,63170,63186,16
12.9814996719,80.1956710815,63186,63198,12
12.981089592,80.1954727173,63198,63208,10
12.9806203842,80.1952514648,63208,63219,11
12.9799404144,80.1948776245,63219,63229,10
12.9794197083,80.1945037842,63229,63239,10
12.9787998199,80.1941299438,63239,63249,10
12.9781103134,80.1939086914,63249,63259,10
12.9776096344,80.1938400269,63259,63279,20
12.9776096344,80.1938400269,63279,63289,10
12.9773597717,80.1937789917,63289,63299,10
12.9769201279,80.193611145,63299,63309,10
12.9763402939,80.1932220459,63309,63320,11
12.9756603241,80.1927490234,63320,63330,10
12.9749603271,80.1924133301,63330,63340,10
12.9744997025,80.192199707,63340,63350,10
12.9739398956,80.1920089722,63350,63360,10
12.9736204147,80.1918869019,63360,63370,10
12.9732503891,80.1917190552,63370,63380,10
12.972820282,80.1915817261,63380,63390,10
12.9725503922,80.1914825439,63390,63400,10
12.9721899033,80.1913375854,63400,63410,10
12.9721803665,80.1913375854,63410,63420,10
12.9720401764,80.1912994385,63420,63431,11
12.9715595245,80.191078186,63431,63441,10
12.9711103439,80.1908493042,63441,63451,10
12.9706602097,80.1906661987,63451,63461,10
12.9702196121,80.1904907227,63461,63471,10
12.9697303772,80.1902694702,63471,63481,10
12.9691400528,80.1900024414,63481,63491,10
12.9687595367,80.1898269653,63491,63501,10
12.9680204391,80.1894989014,63501,63531,30
12.9680204391,80.1894989014,63531,63542,11
12.9676904678,80.1893692017,63542,63552,10
12.967089653,80.1891174316,63552,63562,10
12.9664697647,80.188873291,63562,63572,10
12.965880394,80.1886367798,63572,63582,10
12.9653100967,80.1884002686,63582,63592,10
12.9649295807,80.1882629395,63592,63602,10
12.9648799896,80.1882171631,63602,63612,10
12.9647903442,80.1882019043,63612,63622,10
12.9644098282,80.188079834,63622,63632,10
12.9637804031,80.1878967285,63632,63643,11
12.9630804062,80.1876831055,63643,63653,10
12.9624500275,80.187538147,63653,63663,10
12.961979866,80.1874465942,63663,63673,10
12.961520195,80.1873779297,63673,63683,10
12.9607200623,80.1872329712,63683,63703,20
12.9607200623,80.1872329712,63703,63713,10
12.9605998993,80.1872177124,63713,63723,10
12.9604797363,80.1871871948,63723,63733,10
12.960149765,80.1871337891,63733,63743,10
12.9597902298,80.1871032715,63743,63754,11
12.9591398239,80.1870422363,63754,63764,10
12.958439827,80.1870269775,63764,63774,10
12.9577999115,80.1870498657,63774,63784,10
12.957159996,80.1870269775,63784,63794,10
12.956410408,80.1869812012,63794,63804,10
12.9558601379,80.186958313,63804,63844,40
12.9558601379,80.186958313,63844,63854,10
12.9556102753,80.186958313,63854,63865,11
12.9553899765,80.1868972778,63865,63875,10
12.9548902512,80.1868209839,63875,63885,10
12.9541702271,80.1866989136,63885,63895,10
12.9532899857,80.1865692139,63895,63905,10
12.9523200989,80.186378479,63905,63915,10
12.951379776,80.1860961914,63915,63925,10
12.9504995346,80.185798645,63925,63935,10
12.9497900009,80.1855621338,63935,63945,10
12.9493703842,80.1854705811,63945,63986,41
12.9493703842,80.1854705811,63986,63996,10
12.949139595,80.1853713989,63996,64006,10
12.9487400055,80.1852035522,64006,64016,10
12.948340416,80.1850585938,64016,64026,10
12.9478302002,80.1848373413,64026,64036,10
12.947259903,80.1844177246,64036,64046,10
12.9466199875,80.1839294434,64046,64056,10
12.9458999634,80.1834030151,64056,64066,10
12.9451198578,80.1830825806,64066,64077,11
12.9445400238,80.18309021,64077,64107,30
12.9445400238,80.18309021,64107,64117,10
12.9441604614,80.183052063,64117,64127,10
12.9437799454,80.1830215454,64127,64137,10
12.9432497025,80.1829833984,64137,64147,10
12.9425001144,80.1829376221,64147,64157,10
12.9416904449,80.1828384399,64157,64167,10
12.9411401749,80.182800293,64167,64178,11
12.9410200119,80.1827926636,64178,64188,10
12.9409399033,80.1827774048,64188,64198,10
12.9406499863,80.1827774048,64198,64208,10
12.9398603439,80.1827011108,64208,64228,20
12.9398603439,80.1827011108,64228,64238,10
12.939499855,80.1826171875,64238,64289,51
12.939499855,80.1826171875,64289,64299,10
12.9394397736,80.1825714111,64299,64309,10
12.9391698837,80.1824874878,64309,64319,10
12.9388999939,80.1824188232,64319,64329,10
12.9385595322,80.1823501587,64329,64339,10
12.9380302429,80.1822891235,64339,64349,10
12.9374704361,80.1822662354,64349,64359,10
12.9368200302,80.1822891235,64359,64369,10
12.9361896515,80.1823272705,64369,64379,10
12.9355401993,80.1824188232,64379,64389,10
12.9350500107,80.1823806763,64389,64400,11
12.9343299866,80.182220459,64400,64410,10
12.9338302612,80.1821212769,64410,64511,101
12.9338302612,80.1821212769,64511,64521,10
12.9335203171,80.1820297241,64521,64531,10
12.9329395294,80.1818771362,64531,64541,10
12.9321603775,80.1817321777,64541,64551,10
12.931019783,80.1816101074,64551,64571,20
12.931019783,80.1816101074,64571,64581,10
12.9307003021,80.181602478,64581,64591,10
12.9301204681,80.1816864014,64591,64601,10
12.9293603897,80.1818618774,64601,64612,11
12.9284496307,80.1820831299,64612,64622,10
12.9275598526,80.1822967529,64622,64632,10
12.9267902374,80.1824493408,64632,64642,10
12.9261598587,80.1825790405,64642,64652,10
12.9254703522,80.1827011108,64652,64662,10
12.924779892,80.182800293,64662,64672,10
12.9238996506,80.1829681396,64672,64682,10
12.923119545,80.1831130981,64682,64692,10
12.9224004745,80.1832809448,64692,64702,10
12.9213600159,80.1837005615,64702,64723,21
12.9213600159,80.1837005615,64723,64733,10
12.9209804535,80.1838378906,64733,64743,10
12.9204902649,80.1840515137,64743,64813,70
12.9204902649,80.1840515137,64813,64824,11
12.9202098846,80.18409729,64824,64834,10
12.9200801849,80.18359375,64834,64844,10
12.9199399948,80.1828918457,64844,64854,10
12.9198799133,80.1826171875,64854,64864,10
12.9198598862,80.1825027466,64864,64874,10
12.9197797775,80.181968689,64874,64884,10
12.9196300507,80.1812133789,64884,64894,10
12.9194297791,80.1802597046,64894,64904,10
12.9190998077,80.1792984009,64904,64914,10
12.9184799194,80.1784210205,64914,64925,11
12.9182596207,80.177230835,64925,64935,10
12.9184703827,80.176109314,64935,64945,10
12.9187602997,80.1749725342,64945,64955,10
12.9190702438,80.1737213135,64955,64965,10
12.919380188,80.1725082397,64965,64975,10
12.9195995331,80.17162323,64975,64985,10
12.9197301865,80.1711730957,64985,64995,10
12.9197902679,80.1709823608,64995,65005,10
12.9198999405,80.1706695557,65005,65015,10
12.920129776,80.1699905396,65015,65025,10
12.920419693,80.1690216064,65025,65036,11
12.9207696915,80.1679077148,65036,65046,10
12.9210996628,80.1668624878,65046,65056,10
12.9214801788,80.1657180786,65056,65066,10
12.9218301773,80.164642334,65066,65076,10
12.9220695496,80.1638412476,65076,65086,10
12.922369957,80.1629104614,65086,65096,10
12.9227199554,80.1618270874,65096,65106,10
12.9230203629,80.1607971191,65106,65116,10
12.9231004715,80.1605224609,65116,65126,10
12.923119545,80.1604690552,65126,65136,10
12.9232397079,80.1600570679,65136,65147,11
12.9233398438,80.1592025757,65147,65157,10
12.9234399796,80.1581726074,65157,65167,10
12.9235401154,80.157119751,65167,65177,10
12.923620224,80.1561889648,65177,65187,10
12.9233503342,80.1549377441,65187,65207,20
12.9233503342,80.1549377441,65207,65217,10
12.9233102798,80.1546783447,65217,65227,10
12.9231901169,80.1541213989,65227,65237,10
12.9230003357,80.1533432007,65237,65248,11
12.9227600098,80.1523971558,65248,65288,40
12.9227600098,80.1523971558,65288,65298,10
12.9226903915,80.1521530151,65298,65308,10
12.922659874,80.1519012451,65308,65318,10
12.9226503372,80.1512908936,65318,65328,10
12.9226303101,80.150428772,65328,65338,10
12.9226102829,80.1494979858,65338,65348,10
12.9225597382,80.1486816406,65348,65359,11
12.9225597382,80.1479721069,65359,65369,10
12.922539711,80.1477279663,65369,65379,10
12.922539711,80.1474761963,65379,65389,10
12.9225301743,80.1470184326,65389,65399,10
12.922539711,80.1469421387,65399,65409,10
12.922539711,80.1465377808,65409,65419,10
12.9225301743,80.1458206177,65419,65435,16
12.9224901199,80.1443481445,65435,65447,12
12.9224300385,80.1433792114,65447,65457,10
12.9224004745,80.1428833008,65457,65468,11
12.9224004745,80.1428222656,65468,65478,10
12.9224100113,80.142578125,65478,65488,10
12.9223899841,80.141998291,65488,65498,10
12.9223804474,80.1412811279,65498,65508,10
12.922369957,80.1408233643,65508,65518,10
12.9223604202,80.1407165527,65518,65528,10
12.9223604202,80.1404037476,65528,65538,10
12.9223604202,80.1397323608,65538,65548,10
12.9223604202,80.1390609741,65548,65558,10
12.9224100113,80.1384429932,65558,65569,11
12.9224395752,80.137840271,65569,65579,10
12.9224796295,80.1371078491,65579,65589,10
12.9225196838,80.1362762451,65589,65599,10
12.922539711,80.1353530884,65599,65609,10
12.9225702286,80.1345977783,65609,65619,10
12.9226303101,80.1338119507,65619,65629,10
12.9226503372,80.1330490112,65629,65639,10
12.922659874,80.1323013306,65639,65649,10
12.9226799011,80.1315383911,65649,65659,10
12.9226799011,80.1314315796,65659,65669,10
12.9226999283,80.1311416626,65669,65680,11
12.9227399826,80.1304626465,65680,65690,10
12.9227695465,80.1299819946,65690,65700,10
12.9228096008,80.1293792725,65700,65710,10
12.9228496552,80.1288299561,65710,65720,10
12.9228601456,80.1283416748,65720,65730,10
12.9228696823,80.1279678345,65730,65740,10
12.9228801727,80.127532959,65740,65750,10
12.9228801727,80.1268005371,65750,65760,10
12.9228897095,80.1261291504,65760,65770,10
12.9229001999,80.1259765625,65770,65780,10
12.9229001999,80.125831604,65780,65791,11
12.9229402542,80.1252212524,65791,65801,10
12.9229803085,80.1243667603,65801,65811,10
12.9230203629,80.123336792,65811,65821,10
12.9230699539,80.1222076416,65821,65831,10
12.923119545,80.1214370728,65831,65841,10
12.9231395721,80.1209182739,65841,65849,8
12.9231996536,80.1204833984,65849,65881,32
12.9231996536,80.1204833984,65881,65892,11
12.9232597351,80.1202087402,65892,65902,10
12.9232997894,80.1196136475,65902,65912,10
12.9232797623,80.1190795898,65912,65922,10
12.9232997894,80.1185379028,65922,65932,10
12.9233598709,80.118019104,65932,65942,10
12.9234104156,80.1175079346,65942,65952,10
12.92345047,80.1171417236,65952,65992,40
12.92345047,80.1171417236,65992,66003,11
12.9235801697,80.1168518066,66003,66023,20
12.9235801697,80.1168518066,66023,66033,10
12.9236097336,80.1170196533,66033,66043,10
12.9235496521,80.1172790527,66043,66053,10
12.9235897064,80.1175994873,66053,66063,10
12.9236001968,80.1179199219,66063,66073,10
12.9235401154,80.1183929443,66073,66083,10
12.923500061,80.1189727783,66083,66093,10
12.9234399796,80.119468689,66093,66103,10
12.9233999252,80.1198501587,66103,66114,11
12.9233798981,80.1200714111,66114,66124,10
12.9233798981,80.1201019287,66124,66134,10
12.9233598709,80.1201782227,66134,66144,10
12.923330307,80.1204833984,66144,66154,10
12.9233102798,80.1209030151,66154,66164,10
12.9233198166,80.1211700439,66164,66649,485
12.9233198166,80.1211700439,66649,66660,11
12.9232597351,80.1214981079,66660,66669,9
12.9232301712,80.1219711304,66669,66680,11
12.9231796265,80.1227035522,66680,66690,10
12.9231395721,80.1236114502,66690,66700,10
12.923119545,80.124420166,66700,66710,10
12.9231004715,80.1251220703,66710,66720,10
12.923119545,80.1253890991,66720,66730,10
12.9230804443,80.1257400513,66730,66740,10
12.92304039,80.1263198853,66740,66751,11
12.9230003357,80.1272125244,66751,66761,10
12.9229602814,80.1277923584,66761,66771,10
12.922949791,80.1283035278,66771,66781,10
12.9229001999,80.1287689209,66781,66791,10
12.9228496552,80.1293182373,66791,66801,10
12.9228096008,80.1299209595,66801,66811,10
12.9227895737,80.1304931641,66811,66821,10
12.9228000641,80.1310806274,66821,66831,10
12.9227895737,80.1312026978,66831,66841,10
12.9227800369,80.1314163208,66841,66852,11
12.922750473,80.1319198608,66852,66862,10
12.9227304459,80.1324691772,66862,66872,10
12.9227304459,80.1326599121,66872,66882,10
12.9226999283,80.1331710815,66882,66892,10
12.922659874,80.1339416504,66892,66902,10
12.9226102829,80.1347885132,66902,66912,10
12.9225797653,80.1354522705,66912,66922,10
12.9225502014,80.1361694336,66922,66932,10
12.9225301743,80.1367034912,66932,66942,10
12.9225101471,80.1372299194,66942,66952,10
12.9224700928,80.1377487183,66952,66963,11
12.9224596024,80.1381988525,66963,66973,10
12.922419548,80.1387481689,66973,66983,10
12.9223899841,80.1395111084,66983,66993,10
12.9223899841,80.1401901245,66993,67002,9
12.922419548,80.1405029297,67002,67013,11
12.9224100113,80.1411437988,67013,67023,10
12.922419548,80.1419219971,67023,67033,10
12.9224395752,80.1423873901,67033,67043,10
12.9224700928,80.1427612305,67043,67053,10
12.9225101471,80.1432723999,67053,67063,10
12.9225196838,80.1436462402,67063,67074,11
12.9225196838,80.143661499,67074,67084,10
12.922539711,80.1437606812,67084,67094,10
12.9225301743,80.1440963745,67094,67104,10
12.922539711,80.1446380615,67104,67114,10
12.9225702286,80.1454162598,67114,67124,10
12.9226198196,80.1462173462,67124,67134,10
12.9226398468,80.1471786499,67134,67154,20
12.9226398468,80.1471786499,67154,67164,10
12.9226398468,80.1473388672,67164,67174,10
12.9226198196,80.1476821899,67174,67185,11
12.9226198196,80.1482772827,67185,67195,10
12.9226303101,80.1490020752,67195,67211,16
12.9226903915,80.1504211426,67211,67223,12
12.9227199554,80.1513824463,67223,67233,10
12.9227399826,80.1521377563,67233,67243,10
12.9229602814,80.1530838013,67243,67253,10
12.9232301712,80.1540908813,67253,67263,10
12.9233903885,80.1546936035,67263,67273,10
12.9233999252,80.1547088623,67273,67283,10
12.9234399796,80.1548614502,67283,67294,11
12.9235601425,80.155456543,67294,67303,9
12.9237003326,80.1561965942,67303,67314,11
12.9236001968,80.157371521,67314,67323,9
12.923500061,80.1583862305,67323,67334,11
12.9233903885,80.159538269,67334,67344,10
12.9232997894,80.1603775024,67344,67354,10
12.9232797623,80.1604919434,67354,67364,10
12.9231996536,80.1607131958,67364,67374,10
12.9229898453,80.1613006592,67374,67384,10
12.9227104187,80.1621627808,67384,67395,11
12.9223899841,80.1631317139,67395,67396,1
12.9223604202,80.1632232666,67396,67435,39
12.9210596085,80.1672363281,67435,67445,10
12.9208097458,80.1680908203,67445,67455,10
12.920539856,80.168838501,67455,67465,10
12.9202899933,80.1696929932,67465,67475,10
12.9200201035,80.1706314087,67475,67485,10
12.9198999405,80.1710510254,67485,67506,21
12.9198999405,80.1710510254,67506,67516,10
12.9198503494,80.1713027954,67516,67531,15
12.9197101593,80.1716690063,67531,67541,10
12.9195804596,80.17212677,67541,67549,8
12.919380188,80.1728973389,67549,67563,14
12.9190397263,80.1741027832,67563,67573,10
12.9187898636,80.1750869751,67573,67583,10
12.9185400009,80.1760635376,67583,67593,10
12.9183597565,80.1769485474,67593,67603,10
12.9182596207,80.177947998,67603,67614,11
12.9188098907,80.1788406372,67614,67624,10
12.9193296432,80.1797180176,67624,67634,10
12.9195604324,80.1808319092,67634,67657,23
12.9202098846,80.1835479736,67657,67688,31
12.9202098846,80.1835479736,67688,67699,11
12.9202203751,80.1835784912,67699,67709,10
12.9202899933,80.1837921143,67709,67720,11
12.92029953,80.1838531494,67720,67730,10
12.9203395844,80.1839370728,67730,67891,161
12.9203395844,80.1839370728,67891,67901,10
12.920800209,80.183921814,67901,67911,10
12.9211797714,80.1837615967,67911,67921,10
12.9214696884,80.1836395264,67921,67932,11
12.9218997955,80.1834564209,67932,67942,10
12.9223203659,80.1833114624,67942,67952,10
12.9227199554,80.1831817627,67952,67962,10
12.9231500626,80.1830978394,67962,67972,10
12.9236698151,80.1830215454,67972,67982,10
12.9244403839,80.1828613281,67982,67992,10
12.9252996445,80.1827163696,67992,68002,10
12.9261703491,80.1825637817,68002,68012,10
12.92689991,80.1824188232,68012,68022,10
12.9277296066,80.1822433472,68022,68033,11
12.9286899567,80.1820068359,68033,68043,10
12.9296302795,80.1817932129,68043,68053,10
12.9305400848,80.1815490723,68053,68063,10
12.9314403534,80.1815872192,68063,68093,30
12.9314403534,80.1815872192,68093,68103,10
12.9316101074,80.181640625,68103,68113,10
12.9320898056,80.1817092896,68113,68123,10
12.9327602386,80.1818389893,68123,68133,10
12.9335203171,80.1820297241,68133,68144,11
12.9343996048,80.1822509766,68144,68154,10
12.935210228,80.1824264526,68154,68164,10
12.9359798431,80.1823577881,68164,68174,10
12.9367399216,80.1822814941,68174,68184,10
12.9374399185,80.182258606,68184,68194,10
12.9381504059,80.1822891235,68194,68204,10
12.9387998581,80.1824035645,68204,68245,41
12.9387998581,80.1824035645,68245,68255,10
12.9390001297,80.1825408936,68255,68265,10
12.9392995834,80.1826019287,68265,68275,10
12.9398202896,80.1827392578,68275,68285,10
12.9404697418,80.1828079224,68285,68295,10
12.9412403107,80.1828079224,68295,68305,10
12.9421195984,80.1829071045,68305,68315,10
12.9430198669,80.1829833984,68315,68325,10
12.943860054,80.1830062866,68325,68335,10
12.943980217,80.1829986572,68335,68345,10
12.9442796707,80.1830062866,68345,68355,10
12.9445800781,80.1830062866,68355,68366,11
12.9445800781,80.1829986572,68366,68376,10
12.9448604584,80.1830215454,68376,68386,10
12.9454402924,80.1830673218,68386,68402,16
12.9462995529,80.1836700439,68402,68414,12
12.9470796585,80.1842880249,68414,68423,9
12.9476099014,80.184677124,68423,68435,12
12.9483203888,80.1850585938,68435,68445,10
12.9485397339,80.1851501465,68445,68455,10
12.948559761,80.1851577759,68455,68466,11
12.9486999512,80.1852035522,68466,68476,10
12.9491996765,80.1853485107,68476,68486,10
12.9497404099,80.1855316162,68486,68496,10
12.950340271,80.1857299805,68496,68506,10
12.9508695602,80.1859130859,68506,68516,10
12.9514303207,80.1860961914,68516,68526,10
12.9520397186,80.1862869263,68526,68536,10
12.9525699615,80.1864395142,68536,68546,10
12.9532003403,80.1865463257,68546,68556,10
12.9537496567,80.1866378784,68556,68567,11
12.9543199539,80.1867218018,68567,68577,10
12.9548397064,80.1867904663,68577,68587,10
12.9552602768,80.1868515015,68587,68607,20
12.9552602768,80.1868515015,68607,68617,10
12.9555397034,80.186882019,68617,68627,10
12.9557104111,80.186920166,68627,68637,10
12.9558897018,80.1869430542,68637,68647,10
12.9561700821,80.1869506836,68647,68675,28
12.9561700821,80.1869506836,68675,68686,11
12.9563703537,80.1869812012,68686,68696,10
12.956489563,80.18699646,68696,68705,9
12.9567604065,80.1870193481,68705,68716,11
12.9570999146,80.1870498657,68716,68726,10
12.9575300217,80.1870727539,68726,68736,10
12.9580202103,80.1870574951,68736,68746,10
12.9586601257,80.1870803833,68746,68756,10
12.9592599869,80.1871032715,68756,68766,10
12.9597902298,80.1871414185,68766,68776,10
12.9602203369,80.187171936,68776,68787,11
12.9608402252,80.1872711182,68787,68797,10
12.9612197876,80.1873397827,68797,68807,10
12.9614496231,80.1873703003,68807,68817,10
12.9614896774,80.1873779297,68817,68827,10
12.9617099762,80.1874237061,68827,68837,10
12.9620599747,80.1874771118,68837,68847,10
12.9625597,80.1875915527,68847,68857,10
12.9631099701,80.1876907349,68857,68867,10
12.9636297226,80.1878433228,68867,68877,10
12.9641895294,80.1880111694,68877,68888,11
12.964630127,80.1881484985,68888,68898,10
12.9647197723,80.1881790161,68898,68908,10
12.9647798538,80.1882019043,68908,68918,10
12.9649400711,80.1882629395,68918,68928,10
12.9650802612,80.188331604,68928,68948,20
12.9650802612,80.188331604,68948,68958,10
12.9652700424,80.1884231567,68958,68968,10
12.9655199051,80.1885070801,68968,68988,20
12.9655199051,80.1885070801,68988,68999,11
12.9658298492,80.188621521,68999,69009,10
12.9661903381,80.1887664795,69009,69019,10
12.9665699005,80.1889419556,69019,69029,10
12.9670200348,80.1891098022,69029,69039,10
12.9676399231,80.1893615723,69039,69049,10
12.9682798386,80.1896514893,69049,69069,20
12.9682798386,80.1896514893,69069,69079,10
12.9685096741,80.1897888184,69079,69089,10
12.9688301086,80.1899185181,69089,69100,11
12.9689998627,80.1899871826,69100,69110,10
12.969329834,80.1901626587,69110,69120,10
12.9696397781,80.1902999878,69120,69130,10
12.9700603485,80.1904678345,69130,69140,10
12.9702997208,80.1905899048,69140,69150,10
12.9707098007,80.1907577515,69150,69160,10
12.9709701538,80.1908569336,69160,69170,10
12.9712200165,80.1909713745,69170,69180,10
12.9715995789,80.1911392212,69180,69190,10
12.9719896317,80.1913070679,69190,69200,10
12.9723701477,80.1914672852,69200,69217,17
12.972530365,80.1915435791,69217,69229,12
12.972700119,80.1915893555,69229,69239,10
12.9729404449,80.1916885376,69239,69249,10
12.9734201431,80.1918563843,69249,69259,10
12.9739398956,80.1920623779,69259,69269,10
12.9744195938,80.192237854,69269,69279,10
12.9748802185,80.1924209595,69279,69289,10
12.9753799438,80.1926116943,69289,69299,10
12.9758996964,80.1929168701,69299,69309,10
12.9763002396,80.1932220459,69309,69320,11
12.9768600464,80.193611145,69320,69330,10
12.9774103165,80.1938018799,69330,69340,10
12.9781103134,80.1939315796,69340,69360,20
12.9781103134,80.1939315796,69360,69370,10
12.9784202576,80.1940078735,69370,69380,10
12.9789199829,80.1942214966,69380,69390,10
12.9794998169,80.1945571899,69390,69400,10
12.9800395966,80.1949310303,69400,69410,10
12.9805803299,80.1952362061,69410,69421,11
12.9810600281,80.1954498291,69421,69441,20
12.9810600281,80.1954498291,69441,69451,10
12.9812803268,80.1955795288,69451,69461,10
12.9815702438,80.1957168579,69461,69471,10
12.981880188,80.1958999634,69471,69481,10
12.9821796417,80.1960525513,69481,69491,10
12.982629776,80.1962738037,69491,69501,10
12.9828901291,80.1964035034,69501,69511,10
12.9831695557,80.1962814331,69511,69528,17
12.984290123,80.1959991455,69528,69540,12
12.9855499268,80.1959915161,69540,69550,10
12.9866600037,80.1957168579,69550,69559,9
12.9875297546,80.1954574585,69559,69570,11
12.9886598587,80.1954421997,69570,69580,10
12.9896602631,80.1954574585,69580,69589,9
12.9906196594,80.1951980591,69589,69598,9
12.9909896851,80.1947631836,69598,69610,12
12.9911003113,80.1945800781,69610,69620,10
12.9912004471,80.1944274902,69620,69630,10
12.9915399551,80.1939315796,69630,69641,11
12.9924201965,80.1933898926,69641,69651,10
12.9935798645,80.1933898926,69651,69661,10
12.9946804047,80.1933670044,69661,69671,10
12.9956302643,80.1933364868,69671,69681,10
12.9965000153,80.1932830811,69681,69691,10
12.9967403412,80.1932067871,69691,69701,10
12.9966402054,80.1926879883,69701,69711,10
12.9964504242,80.1919021606,69711,69721,10
12.9961795807,80.1909637451,69721,69731,10
12.9959497452,80.1901321411,69731,69742,11
12.9958095551,80.1896209717,69742,69772,30
12.9958095551,80.1896209717,69772,69782,10
12.9958496094,80.1894302368,69782,69792,10
12.9961204529,80.1893692017,69792,69802,10
12.9965000153,80.1898574829,69802,69812,10
12.9970703125,80.1905212402,69812,69822,10
12.9977703094,80.1913986206,69822,69832,10
12.9985599518,80.1923980713,69832,69843,11
12.9993095398,80.1933517456,69843,69853,10
12.9999103546,80.1941375732,69853,69863,10
13.0005598068,80.1949615479,69863,69873,10
13.0011501312,80.1956634521,69873,69883,10
13.001660347,80.1962890625,69883,69893,10
13.0020799637,80.1970062256,69893,69903,10
13.002120018,80.1974334717,69903,69913,10
13.0020799637,80.1977920532,69913,69923,10
13.0020399094,80.1979904175,69923,69933,10
13.001999855,80.1981277466,69933,69943,10
13.0019397736,80.1983184814,69943,69954,11
13.0018901825,80.1985626221,69954,69964,10
13.001830101,80.1988830566,69964,69974,10
13.0017795563,80.1992416382,69974,69984,10
13.0018100739,80.1996612549,69984,69994,10
13.002120018,80.2002716064,69994,70004,10
13.0028495789,80.2006912231,70004,70014,10
13.0035200119,80.2007980347,70014,70044,30
13.0035200119,80.2007980347,70044,70055,11
13.0038003922,80.200881958,70055,70065,10
13.0043802261,80.2010803223,70065,70075,10
13.005109787,80.201423645,70075,70085,10
13.0057401657,80.2020797729,70085,70095,10
13.0061101913,80.202796936,70095,70105,10
13.0065402985,80.2032699585,70105,70115,10
13.0069904327,80.2035369873,70115,70125,10
13.0075798035,80.2037277222,70125,70135,10
13.0083303452,80.2030181885,70135,70145,10
13.0083303452,80.2030181885,70145,70155,10
13.0075702667,80.2030715942,70155,70166,11
13.0075998306,80.2041702271,70166,70176,10
13.0075998306,80.205291748,70176,70186,10
13.0077199936,80.2063903809,70186,70196,10
13.0078601837,80.2074813843,70196,70206,10
13.0080003738,80.2085571289,70206,70218,12
13.0082302094,80.2096710205,70218,70228,10
13.0085296631,80.210357666,70228,70238,10
13.0090999603,80.2108230591,70238,70269,31
13.0090999603,80.2108230591,70269,70279,10
13.0092201233,80.210899353,70279,70289,10
13.0093402863,80.2110290527,70289,70299,10
13.0093297958,80.2111968994,70299,70309,10
13.0091896057,80.2113265991,70309,70319,10
13.0090303421,80.2115325928,70319,70329,10
13.0090799332,80.2118911743,70329,70339,10
13.0092000961,80.212310791,70339,70349,10
13.0093803406,80.2128372192,70349,70359,10
13.0096101761,80.2134475708,70359,70369,10
13.0099096298,80.2141799927,70369,70380,11
13.010140419,80.2150802612,70380,70390,10
13.010310173,80.2159194946,70390,70400,10
13.0106296539,80.2166213989,70400,70410,10
13.0109500885,80.2173080444,70410,70420,10
13.0112800598,80.2181930542,70420,70430,10
13.0116701126,80.2192001343,70430,70440,10
13.0119800568,80.2202072144,70440,70450,10
13.0123701096,80.2212219238,70450,70460,10
13.0125999451,80.2216567993,70460,70470,10
13.0130195618,80.2221832275,70470,70481,11
13.0134401321,80.2226867676,70481,70491,10
13.013759613,80.2230911255,70491,70501,10
13.0138702393,80.2232437134,70501,70511,10
13.0142097473,80.2236633301,70511,70521,10
13.0145196915,80.2240829468,70521,70531,10
13.0149402618,80.2245788574,70531,70541,10
13.0152997971,80.2249069214,70541,70551,10
13.0154104233,80.2249526978,70551,70561,10
13.0155000687,80.2249984741,70561,70571,10
13.0157699585,80.2252502441,70571,70581,10
13.0162601471,80.2253570557,70581,70592,11
13.0169401169,80.2251586914,70592,70602,10
13.0176000595,80.224899292,70602,70612,10
13.0183095932,80.224609375,70612,70622,10
13.0189399719,80.2243804932,70622,70632,10
13.0195798874,80.2244873047,70632,70642,10
13.0200500488,80.2248001099,70642,70652,10
13.0206203461,80.2252120972,70652,70662,10
13.0211400986,80.2255935669,70662,70672,10
13.021730423,80.226020813,70672,70682,10
13.0220003128,80.2262115479,70682,70693,11
13.0220403671,80.2262573242,70693,70703,10
13.0223302841,80.2265625,70703,70713,10
13.0228796005,80.2270431519,70713,70723,10
13.0233097076,80.2274475098,70723,70733,10
13.0238304138,80.2279586792,70733,70743,10
13.0242700577,80.2284164429,70743,70753,10
13.0246400833,80.2289428711,70753,70763,10
13.0249004364,80.229309082,70763,70779,16
13.0255203247,80.2301483154,70779,70791,12
13.0258398056,80.2307891846,70791,70802,11
13.0259599686,80.2311706543,70802,70832,30
13.0259599686,80.2311706543,70832,70842,10
13.0259504318,80.2314224243,70842,70852,10
13.026260376,80.2313613892,70852,70862,10
13.0270204544,80.2311401367,70862,70872,10
13.0277795792,80.2309799194,70872,70882,10
13.0283403397,80.2309417725,70882,70892,10
13.0287399292,80.2308807373,70892,70903,11
13.0292396545,80.2308273315,70903,70933,30
13.0292396545,80.2308273315,70933,70943,10
13.0296201706,80.2308197021,70943,70953,10
13.0301399231,80.2307662964,70953,70963,10
13.0305995941,80.2307434082,70963,70973,10
13.0306997299,80.2307434082,70973,70983,10
13.0311002731,80.2306976318,70983,70993,10
13.0315999985,80.2306594849,70993,71003,10
13.0322904587,80.2305984497,71003,71014,11
13.0328702927,80.2305603027,71014,71024,10
13.0333299637,80.2305297852,71024,71034,10
13.0335903168,80.2304992676,71034,71044,10
13.0338897705,80.2304763794,71044,71084,40
13.0338897705,80.2304763794,71084,71094,10
13.0342102051,80.2304611206,71094,71104,10
13.0344600677,80.2304077148,71104,71115,11
13.0346899033,80.2303314209,71115,71125,10
13.0347204208,80.2303237915,71125,71135,10
13.0348901749,80.23021698,71135,71145,10
13.0348796844,80.2300415039,71145,71155,10
13.034529686,80.229927063,71155,71286,131
13.0341796875,80.2298812866,71286,71781,495
13.0341796875,80.2298812866,71781,71791,10
13.034119606,80.230178833,71791,71821,30
13.034119606,80.230178833,71821,71831,10
13.0340995789,80.2305221558,71831,71841,10
13.0339202881,80.2304992676,71841,71850,9
13.0336303711,80.2305221558,71850,71862,12
13.0330295563,80.2305908203,71862,71871,9
13.0325498581,80.2306213379,71871,71882,11
13.0318899155,80.2306900024,71882,71893,11
13.0312299728,80.2307434082,71893,71903,10
13.0307798386,80.2307815552,71903,71913,10
13.0303401947,80.2308120728,71913,71923,10
13.0298299789,80.2308578491,71923,71933,10
13.0295696259,80.2309036255,71933,71943,10
13.0290699005,80.2309188843,71943,71952,9
13.0284404755,80.2309799194,71952,71963,11
13.0277795792,80.2310180664,71963,71974,11
13.0276002884,80.2312469482,71974,71984,10
13.0276203156,80.2317199707,71984,71994,10
13.0277099609,80.2322769165,71994,72004,10
13.0277700424,80.2327880859,72004,72014,10
13.0273103714,80.2328796387,72014,72024,10
13.0268802643,80.2329788208,72024,72054,30
13.0268802643,80.2329788208,72054,72064,10
13.0264396667,80.2330322266,72064,72074,10
13.0262403488,80.2326812744,72074,72085,11
13.0261898041,80.2324981689,72085,72095,10
13.0261001587,80.2321166992,72095,72105,10
13.0259599686,80.2316436768,72105,72115,10
13.0257501602,80.231010437,72115,72125,10
13.0254402161,80.2303009033,72125,72135,10
13.0250501633,80.2297210693,72135,72145,10
13.0247402191,80.2293395996,72145,72155,10
13.0245199203,80.2290267944,72155,72165,10
13.0242300034,80.2286224365,72165,72175,10
13.023900032,80.2281799316,72175,72187,12
13.0234003067,80.2276687622,72187,72197,10
13.0230503082,80.2274475098,72197,72217,20
13.0230503082,80.2274475098,72217,72227,10
13.0228700638,80.2273330688,72227,72237,10
13.0226402283,80.2270278931,72237,72247,10
13.0224304199,80.2267608643,72247,72257,10
13.022069931,80.2264404297,72257,72267,10
13.0218200684,80.2262496948,72267,72277,10
13.0214700699,80.225982666,72277,72288,11
13.0208997726,80.2255096436,72288,72298,10
13.0205402374,80.2252578735,72298,72308,10
13.0204296112,80.2251815796,72308,72318,10
13.0200796127,80.2249298096,72318,72328,10
13.0194196701,80.2245483398,72328,72338,10
13.0184803009,80.2246170044,72338,72348,10
13.0176401138,80.2249908447,72348,72358,10
13.0169095993,80.2253036499,72358,72368,10
13.0164804459,80.225479126,72368,72378,10
13.0161600113,80.2255706787,72378,72388,10
13.0155801773,80.225769043,72388,72399,11
13.0150995255,80.2259902954,72399,72409,10
13.0147695541,80.2261123657,72409,72419,10
13.0144300461,80.2262191772,72419,72429,10
13.0143995285,80.2262496948,72429,72439,10
13.0142498016,80.2263031006,72439,72449,10
13.013759613,80.2265014648,72449,72459,10
13.0130796432,80.2267379761,72459,72469,10
13.012339592,80.2269973755,72469,72479,10
13.0115003586,80.2273025513,72479,72489,10
13.0105800629,80.2276611328,72489,72500,11
13.0099096298,80.2279205322,72500,72510,10
13.0094995499,80.2277526855,72510,72520,10
13.0096597672,80.2273178101,72520,72530,10
13.0099897385,80.2266082764,72530,72540,10
13.010310173,80.2258987427,72540,72550,10
13.0105304718,80.2254180908,72550,72560,10
13.0105600357,80.2253417969,72560,72570,10
13.0106401443,80.2251281738,72570,72580,10
13.0107898712,80.2247314453,72580,72590,10
13.0109500885,80.224319458,72590,72600,10
13.0111398697,80.2238693237,72600,72611,11
13.011349678,80.2233734131,72611,72621,10
13.011639595,80.2226715088,72621,72631,10
13.0119695663,80.221862793,72631,72641,10
13.0120897293,80.2214584351,72641,72651,10
13.0121097565,80.2210769653,72651,72661,10
13.0119400024,80.2205123901,72661,72671,10
13.0116901398,80.2196578979,72671,72681,10
13.0114002228,80.2187728882,72681,72691,10
13.0110702515,80.217880249,72691,72701,10
13.0106801987,80.2169418335,72701,72711,10
13.0102901459,80.2162399292,72711,72722,11
13.0100297928,80.2157363892,72722,72732,10
13.0096797943,80.2151031494,72732,72742,10
13.0093297958,80.2146606445,72742,72752,10
13.0088596344,80.2140426636,72752,72762,10
13.0085096359,80.2136001587,72762,72772,10
13.008099556,80.2133636475,72772,72812,40
13.008099556,80.2133636475,72812,72823,11
13.0079698563,80.2133026123,72823,72833,10
13.0078496933,80.2132034302,72833,72843,10
13.0076999664,80.2130432129,72843,72853,10
13.0074796677,80.2129135132,72853,72863,10
13.0072202682,80.2128601074,72863,72873,10
13.006770134,80.2127914429,72873,72883,10
13.0061397552,80.2129135132,72883,72893,10
13.0055198669,80.212890625,72893,72902,9
13.004940033,80.212562561,72902,72912,10
13.0043201447,80.2122573853,72912,72924,12
13.0037097931,80.2120132446,72924,72934,10
13.0036697388,80.2115020752,72934,72944,10
13.0036096573,80.2108230591,72944,72954,10
13.0035200119,80.2101211548,72954,72964,10
13.0034999847,80.209487915,72964,72974,10
13.0036201477,80.2089004517,72974,72984,10
13.0040998459,80.2087173462,72984,72994,10
13.0047597885,80.2090377808,72994,73004,10
13.0055999756,80.2093963623,73004,73014,10
13.0062103271,80.209602356,73014,73024,10
13.0067596436,80.2097702026,73024,73035,11
13.006819725,80.209777832,73035,73045,10
13.0068998337,80.2098007202,73045,73055,10
13.0072002411,80.2098770142,73055,73065,10
13.0077104568,80.2099609375,73065,73075,10
13.0080404282,80.2100372314,73075,73085,10
13.0081195831,80.2097473145,73085,73095,10
13.0079803467,80.2090988159,73095,73105,10
13.0078802109,80.2083435059,73105,73115,10
13.0077199936,80.2074279785,73115,73125,10
13.0075597763,80.2065963745,73125,73136,11
13.007399559,80.2058029175,73136,73146,10
13.0071697235,80.2051391602,73146,73156,10
13.0069303513,80.2045974731,73156,73166,10
13.0067501068,80.2042388916,73166,73176,10
13.0064401627,80.203742981,73176,73186,10
13.005979538,80.2031021118,73186,73196,10
13.0057001114,80.20262146,73196,73206,10
13.0054197311,80.202003479,73206,73216,10
13.0048103333,80.2014923096,73216,73226,10
13.0043001175,80.2013015747,73226,73247,21
13.0043001175,80.2013015747,73247,73257,10
13.0040597916,80.2012023926,73257,73267,10
13.003569603,80.2009963989,73267,73283,16
13.0023603439,80.2005767822,73283,73295,12
13.0016698837,80.1996688843,73295,73304,9
13.0017004013,80.1989517212,73304,73315,11
13.0018796921,80.1977615356,73315,73325,10
13.0017795563,80.1968002319,73325,73335,10
13.0013799667,80.1961898804,73335,73345,10
13.0010900497,80.1958465576,73345,73355,10
13.0006799698,80.1953201294,73355,73366,11
13.0000400543,80.1944885254,73366,73376,10
12.9993696213,80.1936569214,73376,73386,10
12.9989595413,80.1930465698,73386,73396,10
12.9984998703,80.192489624,73396,73405,9
12.9981603622,80.1923675537,73405,73416,11
12.9976301193,80.192817688,73416,73426,10
12.9970798492,80.1932601929,73426,73436,10
12.9968500137,80.1934204102,73436,73446,10
12.996339798,80.1934204102,73446,73457,11
12.9955997467,80.1934280396,73457,73467,10
12.9946403503,80.1934509277,73467,73477,10
12.9934997559,80.1934585571,73477,73487,10
12.992389679,80.1934814453,73487,73497,10
12.9915895462,80.1939468384,73497,73507,10
12.9912996292,80.1943969727,73507,73517,10
12.9912204742,80.1945495605,73517,73527,10
12.9911003113,80.194770813,73527,73537,10
12.9910202026,80.1948928833,73537,73547,10
12.9906797409,80.1952819824,73547,73557,10
12.989979744,80.1956100464,73557,73568,11
12.988940239,80.1955718994,73568,73578,10
12.9878797531,80.1955108643,73578,73588,10
12.986700058,80.1958999634,73588,73598,10
12.9853601456,80.1962127686,73598,73608,10
12.9841003418,80.1962203979,73608,73618,10
12.9833602905,80.1963806152,73618,73628,10
12.9831104279,80.1964797974,73628,73638,10
12.982749939,80.1967010498,73638,73648,10
12.9823598862,80.1970367432,73648,73658,10
12.9822902679,80.1971282959,73658,73669,11
12.9822301865,80.197227478,73669,73679,10
12.9820899963,80.1970062256,73679,73749,70
12.9820899963,80.1970062256,73749,73759,10
12.9824199677,80.1967010498,73759,73769,10
12.9827003479,80.1965026855,73769,73780,11
12.9826402664,80.1962814331,73780,73790,10
12.9823503494,80.1961364746,73790,73800,10
12.981760025,80.1958770752,73800,73820,20
12.981760025,80.1958770752,73820,73830,10
12.9815597534,80.1957778931,73830,73840,10
12.9812602997,80.1956100464,73840,73851,11
12.9808397293,80.1954116821,73851,73860,9
12.9804096222,80.1951980591,73860,73871,11
12.9801101685,80.1950302124,73871,73882,11
12.979590416,80.1946868896,73882,73892,10
12.9789600372,80.1942901611,73892,73902,10
12.9784202576,80.1940383911,73902,73912,10
12.9775896072,80.1938781738,73912,73932,20
12.9775896072,80.1938781738,73932,73942,10
12.9774198532,80.1938323975,73942,73952,10
12.9770803452,80.1937408447,73952,73962,10
12.9765796661,80.1934814453,73962,73972,10
12.9761295319,80.1931304932,73972,73982,10
12.975689888,80.1928024292,73982,73993,11
12.9750204086,80.1924819946,73993,74003,10
12.9745397568,80.1923065186,74003,74013,10
12.9740104675,80.1921081543,74013,74023,10
12.9734897614,80.1919021606,74023,74033,10
12.97315979,80.1917800903,74033,74043,10
12.9727897644,80.1916503906,74043,74053,10
12.9724502563,80.1915206909,74053,74063,10
12.9723701477,80.1914825439,74063,74073,10
12.9721603394,80.1913986206,74073,74083,10
12.9716997147,80.1912002563,74083,74094,11
12.9712400436,80.1909790039,74094,74104,10
12.9708404541,80.1907806396,74104,74114,10
12.970290184,80.190536499,74114,74124,10
12.9697999954,80.1903381348,74124,74134,10
12.9692802429,80.1901092529,74134,74144,10
12.9689598083,80.1899490356,74144,74154,10
12.9685602188,80.1897735596,74154,74164,10
12.968170166,80.1895980835,74164,74174,10
12.9681301117,80.1895828247,74174,74184,10
12.9678201675,80.1894378662,74184,74194,10
12.9673299789,80.1892318726,74194,74205,11
12.9668798447,80.1890487671,74205,74215,10
12.9663200378,80.1888198853,74215,74225,10
12.9661102295,80.1887512207,74225,74235,10
12.9659404755,80.1886825562,74235,74245,10
12.9656801224,80.188583374,74245,74255,10
12.9652900696,80.1884002686,74255,74265,10
12.9649600983,80.1882629395,74265,74275,10
12.9649000168,80.1882476807,74275,74285,10
12.964509964,80.1881103516,74285,74295,10
12.9639501572,80.1879501343,74295,74306,11
12.9633398056,80.18775177,74306,74316,10
12.962849617,80.1876678467,74316,74326,10
12.9623699188,80.1875762939,74326,74336,10
12.9619197845,80.1875,74336,74346,10
12.961400032,80.1874237061,74346,74356,10
12.9609899521,80.1873397827,74356,74366,10
12.9609603882,80.1873168945,74366,74376,10
12.9607400894,80.1872634888,74376,74386,10
12.9604301453,80.1872329712,74386,74396,10
12.960100174,80.187210083,74396,74406,10
12.9596395493,80.1871414185,74406,74417,11
12.9589195251,80.1870880127,74417,74427,10
12.9583101273,80.1870727539,74427,74437,10
12.9577302933,80.1870880127,74437,74447,10
12.9571504593,80.1870803833,74447,74457,10
12.956700325,80.1870422363,74457,74467,10
12.9561500549,80.1870117188,74467,74477,10
12.9558696747,80.18699646,74477,74487,10
12.9558200836,80.1870193481,74487,74497,10
12.9555797577,80.1869506836,74497,74507,10
12.9553098679,80.1868972778,74507,74518,11
12.9547195435,80.1868133545,74518,74528,10
12.9540195465,80.186706543,74528,74538,10
12.9532804489,80.1865921021,74538,74548,10
12.9524002075,80.186416626,74548,74558,10
12.951499939,80.1861572266,74558,74568,10
12.9507398605,80.1858978271,74568,74578,10
12.9500598907,80.1856613159,74578,74588,10
12.9494600296,80.1855010986,74588,74618,30
12.9494600296,80.1855010986,74618,74629,11
12.9491701126,80.1854095459,74629,74639,10
12.9489402771,80.1853103638,74639,74649,10
12.9487895966,80.185256958,74649,74659,10
12.9486103058,80.1852035522,74659,74669,10
12.9485397339,80.1851806641,74669,74679,10
12.9484300613,80.1851425171,74679,74689,10
12.9481096268,80.1850204468,74689,74699,10
12.9475402832,80.184677124,74699,74709,10
12.9468402863,80.1841812134,74709,74719,10
12.9465799332,80.1839599609,74719,74730,11
12.946149826,80.1836166382,74730,74740,10
12.9455699921,80.1831817627,74740,74750,10
12.9448204041,80.1830673218,74750,74760,10
12.9443597794,80.1830825806,74760,74770,10
12.9442396164,80.1830825806,74770,74780,10
12.9437599182,80.1830215454,74780,74790,10
12.9430398941,80.1829833984,74790,74800,10
12.9421901703,80.1829223633,74800,74810,10
12.9413499832,80.1828308105,74810,74820,10
12.9406204224,80.182800293,74820,74830,10
12.9402103424,80.1827774048,74830,74841,11
12.9394903183,80.1826324463,74841,74871,30
12.9394903183,80.1826324463,74871,74881,10
12.9391098022,80.182510376,74881,74891,10
12.9388198853,80.1824417114,74891,74901,10
12.9382400513,80.1823272705,74901,74911,10
12.9374904633,80.1822967529,74911,74921,10
12.9367198944,80.1822967529,74921,74931,10
12.9358997345,80.1823883057,74931,74941,10
12.9350996017,80.1824417114,74941,74952,11
12.934220314,80.182220459,74952,74962,10
12.933380127,80.1820220947,74962,74972,10
12.9325399399,80.1818313599,74972,74982,10
12.93171978,80.1817016602,74982,74992,10
12.9309797287,80.1816177368,74992,75012,20
12.9309797287,80.1816177368,75012,75022,10
12.9306201935,80.1816177368,75022,75032,10
12.9299697876,80.1817321777,75032,75042,10
12.929189682,80.181930542,75042,75053,11
12.9282197952,80.1821594238,75053,75063,10
12.9273099899,80.1823730469,75063,75073,10
12.9263801575,80.1825714111,75073,75083,10
12.9254398346,80.1827163696,75083,75093,10
12.9245195389,80.1828689575,75093,75103,10
12.9236402512,80.1830215454,75103,75113,10
12.9228000641,80.1831588745,75113,75123,10
12.9220600128,80.1834106445,75123,75133,10
12.9212303162,80.1837310791,75133,75143,10
12.9206600189,80.1839828491,75143,75164,21
12.9206600189,80.1839828491,75164,75174,10
12.9204597473,80.1840591431,75174,75184,10
12.9201498032,80.1838226318,75184,75194,10
12.9200296402,80.1830978394,75194,75204,10
12.9198703766,80.1823272705,75204,75214,10
12.9196596146,80.181388855,75214,75224,10
12.9194297791,80.1803207397,75224,75234,10
12.919090271,80.1792984009,75234,75244,10
12.9186000824,80.1786270142,75244,75254,10
12.9181804657,80.177696228,75254,75264,10
12.9183502197,80.1766281128,75264,75275,11
12.9186496735,80.1754226685,75275,75285,10
12.9189500809,80.1741409302,75285,75295,10
12.9192695618,80.1728897095,75295,75305,10
12.919500351,80.1719589233,75305,75315,10
12.919719696,80.1711807251,75315,75325,10
12.9197902679,80.1709213257,75325,75335,10
12.9199800491,80.1703796387,75335,75345,10
12.9202604294,80.1695022583,75345,75355,10
12.9205598831,80.1685180664,75355,75365,10
12.9208803177,80.1675796509,75365,75376,11
12.9212598801,80.1663970947,75376,75386,10
12.9216003418,80.1653289795,75386,75396,10
12.9219198227,80.164352417,75396,75406,10
12.9221496582,80.1635818481,75406,75416,10
12.9223899841,80.1627731323,75416,75426,10
12.9227199554,80.1618118286,75426,75436,10
12.92304039,80.1608200073,75436,75446,10
12.9231796265,80.1602706909,75446,75456,10
12.9232597351,80.1598892212,75456,75466,10
12.9233798981,80.1590423584,75466,75477,11
12.923500061,80.1577606201,75477,75487,10
12.9235897064,80.1566390991,75487,75497,10
12.9235401154,80.1556091309,75497,75507,10
12.9233102798,80.1549911499,75507,75517,10
12.9232997894,80.1549224854,75517,75527,10
12.9232597351,80.1545410156,75527,75537,10
12.9231004715,80.1538314819,75537,75547,10
12.9228801727,80.1529769897,75547,75557,10
12.9227199554,80.1523208618,75557,75577,20
12.9227199554,80.1523208618,75577,75588,11
12.9226999283,80.1520614624,75588,75598,10
12.922659874,80.1514892578,75598,75608,10
12.9226303101,80.1505584717,75608,75618,10
12.9225997925,80.1495895386,75618,75628,10
12.9225597382,80.1488189697,75628,75638,10
12.922539711,80.1480484009,75638,75648,10
12.9225196838,80.1473999023,75648,75658,10
12.9225101471,80.147102356,75658,75668,10
12.9224996567,80.1470184326,75668,75678,10
12.9225101471,80.1464920044,75678,75689,11
12.9224996567,80.1455688477,75689,75699,10
12.9224700928,80.1445922852,75699,75709,10
12.922419548,80.1432037354,75709,75787,78
12.922419548,80.1432037354,75787,75798,11
12.922419548,80.1427764893,75798,75808,10
12.9223804474,80.1420135498,75808,75818,10
12.9223499298,80.1414413452,75818,75828,10
12.9223403931,80.1413574219,75828,75838,10
12.9223499298,80.1410903931,75838,75848,10
12.9223604202,80.1404190063,75848,75858,10
12.9223499298,80.1396636963,75858,75867,9
12.9223403931,80.1389083862,75867,75878,11
12.9224100113,80.1379776001,75878,75888,10
12.9224500656,80.1371231079,75888,75899,11
12.9224996567,80.136177063,75899,75909,10
12.9225196838,80.1353225708,75909,75919,10
12.9225597382,80.1347198486,75919,75929,10
12.9225997925,80.1339035034,75929,75939,10
12.9226303101,80.1329269409,75939,75949,10
12.9226903915,80.1319732666,75949,75959,10
12.9227199554,80.1311035156,75959,75969,10
12.9227399826,80.1304016113,75969,75979,10
12.9227895737,80.1298217773,75979,75989,10
12.9228200912,80.1292266846,75989,75999,10
12.9228496552,80.128578186,75999,76010,11
12.9228801727,80.1278915405,76010,76020,10
12.9228801727,80.1270904541,76020,76030,10
12.9229097366,80.1262512207,76030,76040,10
12.922949791,80.1256027222,76040,76050,10
12.9229898453,80.1247406006,76050,76060,10
12.9230298996,80.1237411499,76060,76070,10
12.9230804443,80.1227264404,76070,76080,10
12.9231100082,80.121887207,76080,76090,10
12.9231500626,80.1211700439,76090,76100,10
12.9231796265,80.1205978394,76100,76121,21
12.9231796265,80.1205978394,76121,76131,10
12.9231901169,80.1205062866,76131,76141,10
12.9232301712,80.1201171875,76141,76151,10
12.9232797623,80.119468689,76151,76161,10
12.9232797623,80.1189117432,76161,76171,10
12.9232797623,80.1184463501,76171,76181,10
12.9233598709,80.1180877686,76181,76191,10
12.9233999252,80.1176376343,76191,76201,10
12.9234304428,80.1173095703,76201,76594,393
12.9234304428,80.1173095703,76594,76604,10
12.9236097336,80.1168212891,76604,76645,41
12.9236097336,80.1168212891,76645,76655,10
12.923620224,80.1170272827,76655,76664,9
12.9235696793,80.1172485352,76664,76675,11
12.9235801697,80.1175537109,76675,76685,10
12.9236402512,80.1178665161,76685,76695,10
12.9235401154,80.1183395386,76695,76705,10
12.9234895706,80.1189880371,76705,76715,10
12.9233798981,80.1196594238,76715,76725,10
12.9233102798,80.120262146,76725,76735,10
12.9232797623,80.1208267212,76735,76745,10
12.9232997894,80.1212615967,76745,77068,323
12.9232997894,80.1212615967,77068,77079,11
12.9233598709,80.1216964722,77079,77089,10
12.9232902527,80.1221237183,77089,77099,10
12.9232397079,80.1227264404,77099,77109,10
12.9231700897,80.1234664917,77109,77119,10
12.9231300354,80.1242370605,77119,77135,16
12.9230499268,80.1256866455,77135,77147,12
12.9229898453,80.1266021729,77147,77157,10
12.922949791,80.1273803711,77157,77167,10
12.9229297638,80.1280136108,77167,77177,10
12.9228897095,80.1284790039,77177,77188,11
12.9228601456,80.1287231445,77188,77198,10
12.9228401184,80.1290893555,77198,77208,10
12.9228096008,80.1296463013,77208,77218,10
12.9227800369,80.1302185059,77218,77228,10
12.9227600098,80.1310119629,77228,77238,10
12.9227399826,80.1317062378,77238,77248,10
12.9226999283,80.1325836182,77248,77258,10
12.922659874,80.1334915161,77258,77268,10
12.9226102829,80.1343994141,77268,77278,10
12.9225902557,80.1348114014,77278,77289,11
12.922539711,80.1361236572,77289,77299,10
12.9224796295,80.1370391846,77299,77309,10
12.9224395752,80.1379394531,77309,77319,10
12.922369957,80.1388168335,77319,77329,10
12.922369957,80.1397781372,77329,77339,10
12.9223899841,80.1406021118,77339,77349,10
12.9223899841,80.141456604,77349,77359,10
12.9224395752,80.1424102783,77359,77400,41
12.9224395752,80.1424102783,77400,77410,10
12.9224596024,80.1427612305,77410,77420,10
12.9224796295,80.1431427002,77420,77430,10
12.9225196838,80.1435623169,77430,77440,10
12.9225196838,80.1436767578,77440,77450,10
12.9224996567,80.143913269,77450,77460,10
12.9225196838,80.1446075439,77460,77470,10
12.9225597382,80.1454772949,77470,77480,10
12.9225997925,80.1463699341,77480,77490,10
12.9226303101,80.1472167969,77490,77501,11
12.9226303101,80.1474075317,77501,77511,10
12.9226303101,80.1475372314,77511,77521,10
12.9225997925,80.1480636597,77521,77531,10
12.9225997925,80.1488723755,77531,77541,10
12.922659874,80.1499862671,77541,77551,10
12.9226903915,80.1512069702,77551,77561,10
12.9227304459,80.1520996094,77561,77571,10
12.9229402542,80.1530914307,77571,77581,10
12.9232301712,80.1541290283,77581,77591,10
12.9233703613,80.1546630859,77591,77601,10
12.9233999252,80.1547393799,77601,77612,11
12.92345047,80.1549987793,77612,77622,10
12.9235601425,80.1555404663,77622,77632,10
12.9236602783,80.1563720703,77632,77642,10
12.9235696793,80.1573867798,77642,77652,10
12.9234600067,80.1585083008,77652,77662,10
12.9233798981,80.1596603394,77662,77672,10
12.9232702255,80.1604003906,77672,77682,10
12.9232301712,80.1605224609,77682,77692,10
12.9230203629,80.1611175537,77692,77702,10
12.9227399826,80.1620178223,77702,77713,11
12.9224100113,80.1629714966,77713,77723,10
12.9221601486,80.163772583,77723,77733,10
12.9218301773,80.1647567749,77733,77743,10
12.9214801788,80.1658401489,77743,77753,10
12.9211101532,80.1669616699,77753,77763,10
12.9208202362,80.16796875,77763,77773,10
12.9204902649,80.1689605713,77773,77783,10
12.9201803207,80.1700363159,77783,77792,9
12.9199399948,80.1708374023,77792,77803,11
12.9198303223,80.1712036133,77803,77814,11
12.9198198318,80.1712417603,77814,77824,10
12.919719696,80.1714477539,77824,77834,10
12.919549942,80.1720428467,77834,77844,10
12.9193096161,80.1729507446,77844,77854,10
12.9190196991,80.1740188599,77854,77864,10
12.9187602997,80.1751327515,77864,77874,10
12.918510437,80.1761398315,77874,77884,10
12.918299675,80.1771697998,77884,77894,10
12.918390274,80.1782913208,77894,77904,10
12.9190397263,80.1791915894,77904,77914,10
12.9194297791,80.1802597046,77914,77925,11
12.9197101593,80.1815795898,77925,77935,10
12.9199895859,80.1827468872,77935,77945,10
12.92029953,80.183921814,77945,77965,20
12.92029953,80.183921814,77965,77975,10
12.9204797745,80.1840286255,77975,77985,10
12.9208803177,80.1838607788,77985,77995,10
12.921500206,80.1836013794,77995,78005,10
12.9221897125,80.18334198,78005,78015,10
12.9229097366,80.1831207275,78015,78026,11
12.9238195419,80.1829605103,78026,78036,10
12.9246196747,80.1828079224,78036,78046,10
12.9255199432,80.1826705933,78046,78056,10
12.9265003204,80.1825027466,78056,78066,10
12.9274902344,80.1822967529,78066,78076,10
12.9284200668,80.1820678711,78076,78086,10
12.9293498993,80.1818389893,78086,78096,10
12.930150032,80.1816329956,78096,78106,10
12.931019783,80.1815109253,78106,78116,10
12.9314603806,80.1815795898,78116,78126,10
12.9320297241,80.1816864014,78126,78137,11
12.9328603745,80.1818389893,78137,78147,10
12.9336004257,80.1820220947,78147,78157,10
12.9343795776,80.1822128296,78157,78167,10
12.9351596832,80.1823806763,78167,78177,10
12.9358596802,80.1823501587,78177,78187,10
12.9365596771,80.1822662354,78187,78197,10
12.9373102188,80.1822433472,78197,78207,10
12.9380598068,80.1822662354,78207,78217,10
12.9388399124,80.1823806763,78217,78228,11
12.9390001297,80.1824188232,78228,78238,10
12.9392595291,80.1825027466,78238,78249,11
12.9395198822,80.1825714111,78249,78259,10
12.9398403168,80.1826629639,78259,78269,10
12.9401798248,80.1827163696,78269,78279,10
12.9407997131,80.1827468872,78279,78289,10
12.9415798187,80.1827926636,78289,78299,10
12.9424800873,80.1828994751,78299,78309,10
12.9434404373,80.1829528809,78309,78319,10
12.9444198608,80.1830062866,78319,78329,10
12.9451799393,80.1830368042,78329,78339,10
12.9457197189,80.1831665039,78339,78350,11
12.9463796616,80.1837234497,78350,78360,10
12.947019577,80.1842269897,78360,78369,9
12.9476003647,80.1846694946,78369,78380,11
12.9483203888,80.185043335,78380,78390,10
12.9490995407,80.1852798462,78390,78400,10
12.9497003555,80.1854934692,78400,78410,10
12.950340271,80.1857070923,78410,78420,10
12.9510002136,80.1859207153,78420,78430,10
12.9517498016,80.1861801147,78430,78439,9
12.9524698257,80.186378479,78439,78450,11
12.9533195496,80.1865386963,78450,78461,11
12.9537601471,80.1865997314,78461,78471,10
12.9542303085,80.1866607666,78471,78481,10
12.9544696808,80.1866912842,78481,78491,10
12.9545898438,80.186706543,78491,78501,10
12.9551401138,80.1867828369,78501,78511,10
12.9556303024,80.1868362427,78511,78521,10
12.9560604095,80.1868896484,78521,78531,10
12.9561395645,80.1868972778,78531,78541,10
12.9565095901,80.1869506836,78541,78551,10
12.9570398331,80.18699646,78551,78561,10
12.9576396942,80.1870117188,78561,78572,11
12.958319664,80.1870269775,78572,78582,10
12.9589195251,80.1870574951,78582,78592,10
12.9595403671,80.1870803833,78592,78602,10
12.9601297379,80.1871185303,78602,78612,10
12.9606199265,80.1871795654,78612,78622,10
12.9611701965,80.1872787476,78622,78632,10
12.9617700577,80.1873626709,78632,78642,10
12.9622898102,80.1874694824,78642,78652,10
12.9628000259,80.1875686646,78652,78662,10
12.9634304047,80.1877288818,78662,78673,11
12.9640703201,80.1879196167,78673,78683,10
12.9647102356,80.1881027222,78683,78693,10
12.9651899338,80.1882781982,78693,78709,16
12.9657001495,80.1884918213,78709,78721,12
12.9661302567,80.1886825562,78721,78731,10
12.9663200378,80.1887588501,78731,78741,10
12.9668998718,80.1890029907,78741,78751,10
12.9675502777,80.1892700195,78751,78761,10
12.9682397842,80.1895599365,78761,78772,11
12.968870163,80.1898574829,78772,78782,10
12.9693803787,80.1901092529,78782,78791,9
12.9697999954,80.1902999878,78791,78802,11
12.97012043,80.1904373169,78802,78813,11
12.9704999924,80.1906204224,78813,78823,10
12.9709501266,80.190788269,78823,78833,10
12.9710998535,80.1908493042,78833,78843,10
12.9712696075,80.1909332275,78843,78853,10
12.9716300964,80.1910934448,78853,78863,10
12.9719696045,80.1912384033,78863,78873,10
12.9723701477,80.1914215088,78873,78884,11
12.9727201462,80.1915588379,78884,78894,10
12.972990036,80.19165802,78894,78914,20
12.9732398987,80.1917495728,78914,78934,20
12.9732398987,80.1917495728,78934,78944,10
12.9733695984,80.1918106079,78944,78954,10
12.9736003876,80.1918792725,78954,78964,10
12.9740400314,80.1920471191,78964,78974,10
12.9745597839,80.192237854,78974,78984,10
12.9750099182,80.1923980713,78984,78995,11
12.9756298065,80.1926803589,78995,79005,10
12.9760103226,80.1929473877,79005,79015,10
12.976360321,80.1931991577,79015,79024,9
12.9767198563,80.1934814453,79024,79035,11
12.9771995544,80.1937026978,79035,79045,10
12.9776000977,80.1938018799,79045,79055,10
12.9779901505,80.193862915,79055,79065,10
12.9785203934,80.1940002441,79065,79075,10
12.9790897369,80.1942520142,79075,79085,10
12.9796199799,80.1946182251,79085,79096,11
12.9801797867,80.1949768066,79096,79106,10
12.9807395935,80.1952819824,79106,79116,10
12.9812202454,80.1955108643,79116,79126,10
12.9816198349,80.1957092285,79126,79136,10
12.9819898605,80.195930481,79136,79146,10
12.9824399948,80.1961364746,79146,79156,10
12.9828195572,80.1963424683,79156,79166,10
12.9829902649,80.1963500977,79166,79176,10
12.9833097458,80.1961669922,79176,79186,10
12.9838199615,80.1960067749,79186,79197,11
12.9846200943,80.1959609985,79197,79207,10
12.985449791,80.1959762573,79207,79217,10
12.9863195419,80.1958236694,79217,79227,10
12.9870996475,80.1955795288,79227,79237,10
12.9876699448,80.1954116821,79237,79247,10
12.9881696701,80.1954421997,79247,79257,10
12.9888801575,80.1954193115,79257,79274,17
12.9902496338,80.1953887939,79274,79286,12
12.9908399582,80.1949996948,79286,79296,10
12.9911003113,80.1946182251,79296,79307,11
12.9912500381,80.1943893433,79307,79317,10
12.9915800095,80.1938705444,79317,79327,10
12.9922704697,80.193359375,79327,79337,10
12.9932603836,80.1933364868,79337,79347,10
12.9941596985,80.1933288574,79347,79357,10
12.995059967,80.1932983398,79357,79366,9
12.9959697723,80.1932830811,79366,79377,11
12.9966001511,80.1932373047,79377,79387,10
12.9967603683,80.1931762695,79387,79397,10
12.9967403412,80.1928100586,79397,79407,10
12.996629715,80.1923370361,79407,79418,11
12.9964599609,80.1917190552,79418,79428,10
12.9964199066,80.1914215088,79428,79438,10
12.9964799881,80.191368103,79438,79448,10
12.996720314,80.1911392212,79448,79771,323
12.996720314,80.1911392212,79771,79781,10
12.9967403412,80.1908721924,79781,79831,50
12.9967403412,80.1908721924,79831,79842,11
12.9968395233,80.1908035278,79842,80064,222
12.9968395233,80.1908035278,80064,80074,10
12.9970197678,80.190788269,80074,80083,9
12.9972000122,80.1911087036,80083,80094,11
12.9970998764,80.1914596558,80094,82345,2251
