12.9981203079,80.2563781738,19,443,424
12.9981203079,80.2565765381,443,1250,807
12.9981002808,80.2565612793,1250,5750,4500
12.9981002808,80.2565612793,5750,5760,10
12.9981498718,80.2564926147,5760,6749,989
12.9982004166,80.2567214966,6749,13915,7166
12.9981803894,80.2565536499,13915,14440,525
12.998169899,80.2566070557,14440,14823,383
12.9981603622,80.2564620972,14823,15913,1090
12.998169899,80.2565994263,15913,18557,2644
12.9980697632,80.2566299438,18557,19243,686
12.9981603622,80.2565612793,19243,21120,1877
12.9981603622,80.2565612793,21120,21130,10
12.9980096817,80.2567062378,21130,21140,10
12.9979600906,80.2570495605,21140,21150,10
12.9977302551,80.2568969727,21150,21160,10
12.9977302551,80.2563705444,21160,21261,101
12.9977302551,80.2563705444,21261,21271,10
12.9975595474,80.2559661865,21271,21281,10
12.997300148,80.2559509277,21281,21291,10
12.9970197678,80.2559814453,21291,21301,10
12.9969396591,80.2562866211,21301,21311,10
12.9968795776,80.2568969727,21311,21322,11
12.9968204498,80.2576828003,21322,21332,10
12.996720314,80.2583999634,21332,21342,10
12.9966402054,80.2590408325,21342,21352,10
12.9965600967,80.2596588135,21352,21362,10
12.9965000153,80.2602996826,21362,21372,10
12.9964399338,80.2610015869,21372,21382,10
12.996339798,80.2615966797,21382,21392,10
12.9963102341,80.2619934082,21392,21402,10
12.9962501526,80.2624130249,21402,21412,10
12.9961595535,80.2629928589,21412,21422,10
12.9961004257,80.2636413574,21422,21433,11
12.9960403442,80.2644195557,21433,21443,10
12.9959697723,80.2651367188,21443,21453,10
12.9958896637,80.2659301758,21453,21463,10
12.9957895279,80.2667770386,21463,21473,10
12.9957304001,80.2675170898,21473,21483,10
12.9960298538,80.2676773071,21483,21493,10
12.9966602325,80.2677612305,21493,21503,10
12.9974603653,80.267578125,21503,21513,10
12.9982099533,80.2673568726,21513,21523,10
12.9989995956,80.2671279907,21523,21533,10
12.9997797012,80.2668762207,21533,21544,11
13.0001001358,80.2665863037,21544,21554,10
13.0001096725,80.2665481567,21554,21564,10
13.0001802444,80.2664718628,21564,21574,10
13.0002698898,80.2664794922,21574,21584,10
13.0003299713,80.2667007446,21584,21866,282
13.0003299713,80.2667007446,21866,21877,11
13.0002803802,80.2668304443,21877,21887,10
13.0000600815,80.2669067383,21887,21897,10
12.9997501373,80.2669677734,21897,21907,10
12.9993495941,80.2670593262,21907,21917,10
12.998749733,80.2672195435,21917,21927,10
12.9980602264,80.2673721313,21927,21937,10
12.9973201752,80.2675933838,21937,21947,10
12.9965801239,80.2677536011,21947,21957,10
12.9958600998,80.2677078247,21957,21967,10
12.9956703186,80.2675094604,21967,21977,10
12.9956903458,80.2673110962,21977,21988,11
12.9956998825,80.2671432495,21988,21998,10
12.9957304001,80.2667922974,21998,22008,10
12.9957799911,80.2662277222,22008,22018,10
12.9958600998,80.2656173706,22018,22028,10
12.9959402084,80.2649230957,22028,22038,10
12.9960298538,80.264213562,22038,22048,10
12.9961395264,80.2634429932,22048,22058,10
12.9961996078,80.2628097534,22058,22068,10
12.996219635,80.2626113892,22068,22078,10
12.9962596893,80.262298584,22078,22088,10
12.9963598251,80.2617874146,22088,22109,21
12.9963598251,80.2617874146,22109,22119,10
12.9964199066,80.2614822388,22119,22129,10
12.9964399338,80.2610015869,22129,22139,10
12.9964895248,80.2604598999,22139,22149,10
12.9965496063,80.2598266602,22149,22159,10
12.9965696335,80.2591781616,22159,22169,10
12.9966402054,80.2585220337,22169,22179,10
12.9967298508,80.2577667236,22179,22189,10
12.9968204498,80.2571029663,22189,22199,10
12.9968900681,80.2565231323,22199,22210,11
12.996919632,80.2560882568,22210,22220,10
12.996919632,80.2560272217,22220,22230,10
12.9970197678,80.2558364868,22230,22240,10
12.9973201752,80.255859375,22240,22250,10
12.9977302551,80.255897522,22250,22260,10
12.9982204437,80.2559585571,22260,22270,10
12.9985799789,80.2559814453,22270,22280,10
12.9986095428,80.2559814453,22280,22290,10
12.9987897873,80.2559890747,22290,22300,10
12.9989004135,80.2560119629,22300,22310,10
12.9991798401,80.256072998,22310,22321,11
12.9997196198,80.2561569214,22321,22331,10
13.0003595352,80.2563018799,22331,22341,10
13.0011301041,80.256439209,22341,22350,9
13.0017595291,80.2565536499,22350,22361,11
13.0026397705,80.2566986084,22361,22371,10
13.0034399033,80.2568588257,22371,22381,10
13.0041904449,80.2570037842,22381,22391,10
13.0050001144,80.2571411133,22391,22401,10
13.0057201385,80.2573623657,22401,22411,10
13.0062599182,80.2574310303,22411,22421,10
13.0065402985,80.2572097778,22421,22432,11
13.0065402985,80.2566070557,22432,22442,10
13.0065498352,80.2559204102,22442,22452,10
13.0065603256,80.2551803589,22452,22462,10
13.0065498352,80.2544784546,22462,22472,10
13.0065603256,80.2537689209,22472,22482,10
13.0065498352,80.2532424927,22482,22492,10
13.0065402985,80.2532196045,22492,22502,10
13.0065402985,80.2529602051,22502,22512,10
13.0065498352,80.2526092529,22512,22522,10
13.0066099167,80.2523498535,22522,22532,10
13.0066795349,80.2519378662,22532,22553,21
13.0066795349,80.2519378662,22553,22563,10
13.0067195892,80.2515716553,22563,22573,10
13.0067596436,80.2510604858,22573,22583,10
13.0067596436,80.2504196167,22583,22593,10
13.0067501068,80.249710083,22593,22603,10
13.0067396164,80.2488327026,22603,22613,10
13.006649971,80.2480010986,22613,22623,10
13.0066404343,80.2474594116,22623,22694,71
13.0066404343,80.2474594116,22694,22704,10
13.0066604614,80.2470321655,22704,22714,10
13.0065803528,80.2465286255,22714,22734,20
13.0065803528,80.2465286255,22734,22744,10
13.0066404343,80.2462921143,22744,22754,10
13.0066404343,80.2459030151,22754,22765,11
13.0066299438,80.2452392578,22765,22775,10
13.0066404343,80.2445678711,22775,22785,10
13.0066204071,80.2438430786,22785,22795,10
13.0065803528,80.2431411743,22795,22805,10
13.0065603256,80.2423706055,22805,22815,10
13.0065803528,80.2415008545,22815,22825,10
13.006649971,80.2406997681,22825,22835,10
13.0067396164,80.2400436401,22835,22845,10
13.0069198608,80.2392120361,22845,22855,10
13.0071201324,80.2382736206,22855,22865,10
13.0073003769,80.2374572754,22865,22876,11
13.0073900223,80.2367782593,22876,22886,10
13.0074195862,80.2366714478,22886,22896,10
13.0074996948,80.2364807129,22896,22906,10
13.0075798035,80.2361221313,22906,22916,10
13.0076904297,80.2355880737,22916,22926,10
13.0078201294,80.2350006104,22926,22936,10
13.0079402924,80.2343673706,22936,22946,10
13.0081300735,80.2334213257,22946,22956,10
13.0083198547,80.232460022,22956,22966,10
13.0085201263,80.2314605713,22966,22976,10
13.0087099075,80.2304763794,22976,22987,11
13.0089197159,80.2294616699,22987,22997,10
13.0090999603,80.2285079956,22997,23007,10
13.0093898773,80.2276763916,23007,23017,10
13.0097398758,80.2269134521,23017,23027,10
13.0101099014,80.2261428833,23027,23037,10
13.0104999542,80.2253112793,23037,23047,10
13.0108604431,80.2245788574,23047,23057,10
13.0112104416,80.2236480713,23057,23067,10
13.0114097595,80.2230911255,23067,23077,10
13.0116195679,80.2226486206,23077,23087,10
13.011879921,80.2218780518,23087,23098,11
13.012260437,80.2214584351,23098,23108,10
13.0124902725,80.2217636108,23108,23118,10
13.0129003525,80.2222824097,23118,23128,10
13.0134000778,80.2228012085,23128,23138,10
13.0139398575,80.2233886719,23138,23148,10
13.014380455,80.2239532471,23148,23158,10
13.0149097443,80.2244415283,23158,23168,10
13.0155696869,80.2250213623,23168,23198,30
13.0155696869,80.2250213623,23198,23209,11
13.0157299042,80.2251968384,23209,23219,10
13.0161600113,80.2253265381,23219,23229,10
13.0165901184,80.2252807617,23229,23239,10
13.0171298981,80.2250595093,23239,23249,10
13.0178003311,80.2247924805,23249,23259,10
13.0184803009,80.2245101929,23259,23269,10
13.0191001892,80.224281311,23269,23279,10
13.0193796158,80.224281311,23279,23289,10
13.0195798874,80.2244110107,23289,23299,10
13.0200099945,80.2247390747,23299,23309,10
13.0205402374,80.2251205444,23309,23320,11
13.0211496353,80.2255630493,23320,23330,10
13.0223302841,80.2264862061,23330,23340,10
13.0223302841,80.2264862061,23340,23350,10
13.022939682,80.2270202637,23350,23360,10
13.0235500336,80.2275924683,23360,23370,10
13.0241203308,80.2281494141,23370,23380,10
13.0243597031,80.2284164429,23380,23390,10
13.0243597031,80.2284317017,23390,23400,10
13.0244998932,80.2285614014,23400,23410,10
13.0247001648,80.2288970947,23410,23420,10
13.0251102448,80.2294464111,23420,23431,11
13.0256004333,80.2301101685,23431,23441,10
13.0259504318,80.2307891846,23441,23451,10
13.0260896683,80.2312393188,23451,23461,10
13.0263500214,80.2312774658,23461,23471,10
13.0269804001,80.2311019897,23471,23481,10
13.0277004242,80.2309494019,23481,23491,10
13.0283298492,80.2309036255,23491,23500,9
13.0284996033,80.2308883667,23500,23510,10
13.0287904739,80.2308731079,23510,23521,11
13.0293703079,80.2308120728,23521,23531,10
13.0298299789,80.2307662964,23531,23542,11
13.03028965,80.23072052,23542,23552,10
13.030579567,80.2306976318,23552,23562,10
13.0306997299,80.2305908203,23562,23572,10
13.0306797028,80.2303009033,23572,23582,10
13.0305204391,80.2298278809,23582,23592,10
13.0303401947,80.2293167114,23592,23602,10
13.0303401947,80.2288665771,23602,23612,10
13.0303602219,80.228729248,23612,23622,10
13.0304098129,80.2283630371,23622,23632,10
13.0304098129,80.2283325195,23632,23642,10
13.0304403305,80.2280578613,23642,23653,11
13.0304498672,80.2276916504,23653,23663,10
13.0302000046,80.2274780273,23663,23673,10
13.0295696259,80.2273712158,23673,23683,10
13.028840065,80.2272567749,23683,23693,10
13.0281000137,80.2271118164,23693,23703,10
13.0278997421,80.226890564,23703,23713,10
13.0279998779,80.2263565063,23713,23723,10
13.0281801224,80.2256011963,23723,23733,10
13.0283603668,80.2247314453,23733,23743,10
13.0285100937,80.2240524292,23743,23753,10
13.0287799835,80.2239608765,23753,23764,11
13.0288600922,80.2240066528,23764,23774,10
13.0290803909,80.2242202759,23774,23784,10
13.0295295715,80.224281311,23784,23794,10
13.0302495956,80.224319458,23794,23804,10
13.0309696198,80.2242965698,23804,23814,10
13.0311403275,80.2240600586,23814,23824,10
13.0312099457,80.2232971191,23824,23844,20
13.0312099457,80.2232971191,23844,23854,10
13.03125,80.222869873,23854,23864,10
13.0315103531,80.222366333,23864,23875,11
13.0318899155,80.2215805054,23875,23885,10
13.0320997238,80.2208023071,23885,23895,10
13.0321998596,80.220123291,23895,23905,10
13.0322198868,80.2197265625,23905,23915,10
13.0322198868,80.2197113037,23915,23925,10
13.0322599411,80.2194213867,23925,23935,10
13.0322504044,80.2189331055,23935,23945,10
13.0320701599,80.2184829712,23945,23955,10
13.0315704346,80.2183227539,23955,23965,10
13.0315198898,80.2176971436,23965,23975,10
13.0314502716,80.2171936035,23975,23991,16
13.0311002731,80.2170181274,23991,24004,13
13.0305404663,80.2169036865,24004,24013,9
13.0304803848,80.2167510986,24013,24025,12
13.0304498672,80.2162322998,24025,24035,10
13.0303897858,80.2155380249,24035,24045,10
13.0303497314,80.2149810791,24045,24055,10
13.0304098129,80.2144317627,24055,24065,10
13.0304803848,80.2138214111,24065,24075,10
13.0305404663,80.2135696411,24075,24085,10
13.0306100845,80.2132568359,24085,24095,10
13.030670166,80.2126998901,24095,24106,11
13.0307502747,80.212059021,24106,24124,18
13.0308504105,80.2113876343,24124,24136,12
13.0308799744,80.2111206055,24136,24146,10
13.030960083,80.2107467651,24146,24156,10
13.0309896469,80.2103118896,24156,24166,10
13.0310001373,80.2101211548,24166,24176,10
13.0307502747,80.2100219727,24176,24186,10
13.0303602219,80.2098922729,24186,24196,10
13.0300598145,80.2097015381,24196,24206,10
13.0301504135,80.209197998,24206,24287,81
13.0301504135,80.209197998,24287,24297,10
13.0302400589,80.2090682983,24297,24307,10
13.0306901932,80.2091369629,24307,24317,10
13.0313196182,80.2092895508,24317,24328,11
13.0315904617,80.2093887329,24328,24338,10
13.0320301056,80.2095031738,24338,24358,20
13.0320301056,80.2095031738,24358,24368,10
13.032409668,80.2095794678,24368,24378,10
13.0329704285,80.2096633911,24378,24388,10
13.0336799622,80.2097930908,24388,24398,10
13.0343999863,80.2098922729,24398,24408,10
13.0350103378,80.2099304199,24408,24418,10
13.0351600647,80.2095489502,24418,24428,10
13.0352296829,80.2089996338,24428,24439,11
13.0352602005,80.2087020874,24439,24449,10
13.0353002548,80.2085418701,24449,24459,10
13.0353603363,80.2081604004,24459,24469,10
13.0354299545,80.2075195313,24469,24479,10
13.0355501175,80.206703186,24479,24489,10
13.03565979,80.2060699463,24489,24499,10
13.0357303619,80.2056427002,24499,24509,10
13.035779953,80.2051925659,24509,24519,10
13.0358600616,80.2045822144,24519,24529,10
13.0359897614,80.2038803101,24529,24539,10
13.0361299515,80.2030029297,24539,24550,11
13.036239624,80.2019882202,24550,24560,10
13.0363197327,80.2015075684,24560,24570,10
13.0363197327,80.2013778687,24570,24580,10
13.0364103317,80.2009429932,24580,24590,10
13.0365104675,80.2002334595,24590,24600,10
13.036649704,80.1993026733,24600,24610,10
13.0367603302,80.1984634399,24610,24620,10
13.0368003845,80.1983413696,24620,24630,10
13.0368204117,80.1981811523,24630,24640,10
13.0368995667,80.1977615356,24640,24650,10
13.0369796753,80.1972198486,24650,24661,11
13.0370798111,80.1964797974,24661,24671,10
13.0370998383,80.1963272095,24671,24681,10
13.0371398926,80.1959915161,24681,24691,10
13.0372400284,80.1954498291,24691,24701,10
13.0373601913,80.1947097778,24701,24711,10
13.0374898911,80.1938476563,24711,24721,10
13.0375995636,80.193031311,24721,24731,10
13.0378704071,80.1928024292,24731,24741,10
13.0381002426,80.1927871704,24741,24955,214
13.0410604477,80.1991882324,24955,24968,13
13.0410203934,80.1994094849,24968,24978,10
13.0409803391,80.1998519897,24978,24988,10
13.0408802032,80.2005462646,24988,24998,10
13.0407600403,80.2013473511,24998,25009,11
13.0406503677,80.2019500732,25009,25019,10
13.0405797958,80.2024078369,25019,25027,8
13.0404596329,80.2030029297,25027,25038,11
13.040309906,80.2040710449,25038,25049,11
13.0402002335,80.2048416138,25049,25059,10
13.0404901505,80.2050628662,25059,25069,10
13.0408802032,80.2051010132,25069,25079,10
13.0410203934,80.2051315308,25079,25089,10
13.0412902832,80.2051925659,25089,25099,10
13.0417699814,80.2052230835,25099,25109,10
13.0423898697,80.205368042,25109,25120,11
13.0428695679,80.205871582,25120,25130,10
13.0433397293,80.2065200806,25130,25140,10
13.0437803268,80.2071533203,25140,25156,16
13.0441303253,80.2083969116,25156,25168,12
13.0441703796,80.2092208862,25168,25178,10
13.0441799164,80.2099075317,25178,25187,9
13.0442399979,80.2106399536,25187,25198,11
13.0442800522,80.2115783691,25198,25208,10
13.0443696976,80.2121810913,25208,25218,10
13.0448598862,80.2122192383,25218,25229,11
13.0456495285,80.2121887207,25229,25239,10
13.0465202332,80.2121734619,25239,25249,10
13.0470104218,80.2121505737,25249,25259,10
13.0470504761,80.2121429443,25259,25269,10
13.04708004,80.2118911743,25269,25279,10
13.0471000671,80.2118377686,25279,25289,10
13.04708004,80.21144104,25289,25306,17
13.0472297668,80.2108001709,25306,25318,12
13.0477895737,80.2108612061,25318,25328,10
13.0484895706,80.2108535767,25328,25338,10
13.0492401123,80.2108535767,25338,25349,11
13.0495996475,80.2107925415,25349,25359,10
13.0496501923,80.2104721069,25359,25369,10
13.0495700836,80.2098388672,25369,25379,10
13.0494804382,80.2091598511,25379,25389,10
13.0494203568,80.2086181641,25389,25399,10
13.0491600037,80.2078781128,25399,25409,10
13.0488996506,80.2071609497,25409,25419,10
13.0488595963,80.2070999146,25419,25429,10
13.0490198135,80.2068023682,25429,25460,31
13.0490198135,80.2068023682,25460,25470,10
13.0492601395,80.206993103,25470,25480,10
13.049249649,80.2071990967,25480,26156,676
13.049249649,80.2071990967,26156,26166,10
13.049079895,80.2076568604,26166,26176,10
13.049249649,80.2080764771,26176,26186,10
13.0494203568,80.2086486816,26186,26196,10
13.049489975,80.2089996338,26196,26206,10
13.0495796204,80.2094421387,26206,26216,10
13.0496702194,80.2100219727,26216,26227,11
13.0497398376,80.2107009888,26227,26237,10
13.0497999191,80.2113037109,26237,26247,10
13.0498600006,80.2116394043,26247,26277,30
13.0498600006,80.2116394043,26277,26287,10
13.0498600006,80.2118606567,26287,26297,10
13.0498695374,80.2121505737,26297,26307,10
13.0496797562,80.2121810913,26307,26317,10
13.0495996475,80.2121810913,26317,26327,10
13.0494699478,80.2121582031,26327,26337,10
13.0491800308,80.2121582031,26337,26348,11
13.0485401154,80.2122116089,26348,26358,10
13.0477600098,80.212272644,26358,26368,10
13.0469799042,80.212310791,26368,26378,10
13.0461196899,80.2123336792,26378,26388,10
13.0452299118,80.2123718262,26388,26398,10
13.0443601608,80.212348938,26398,26418,20
13.0443601608,80.212348938,26418,26428,10
13.0442800522,80.2120895386,26428,26438,10
13.0442199707,80.2115402222,26438,26448,10
13.044210434,80.2108917236,26448,26459,11
13.0441503525,80.2100601196,26459,26469,10
13.0441303253,80.2092971802,26469,26479,10
13.0440998077,80.2088012695,26479,26489,10
13.0440998077,80.2087936401,26489,26499,10
13.0441198349,80.2085494995,26499,26509,10
13.044090271,80.2080078125,26509,26519,10
13.0438404083,80.2072906494,26519,26529,10
13.0434799194,80.2067565918,26529,26539,10
13.0429801941,80.2060775757,26539,26549,10
13.0424995422,80.2055282593,26549,26559,10
13.0420703888,80.2053222656,26559,26570,11
13.0417604446,80.2052612305,26570,26580,10
13.0415897369,80.2052230835,26580,26590,10
13.0412502289,80.2052001953,26590,26600,10
13.0408496857,80.2051620483,26600,26610,10
13.0407896042,80.2051620483,26610,26620,10
13.0404195786,80.205116272,26620,26630,10
13.039899826,80.2050628662,26630,26640,10
13.0392503738,80.2049636841,26640,26650,10
13.0385303497,80.2048416138,26650,26660,10
13.0381603241,80.2046890259,26660,26670,10
13.0382204056,80.2041931152,26670,26681,11
13.0382995605,80.2035217285,26681,26691,10
13.038359642,80.2031097412,26691,26701,10
13.0384302139,80.2024765015,26701,26711,10
13.0384998322,80.2018890381,26711,26721,10
13.0385904312,80.2014083862,26721,26731,10
13.0387001038,80.2007827759,26731,26741,10
13.0387897491,80.2001266479,26741,26751,10
13.0388898849,80.1994171143,26751,26761,10
13.0389003754,80.1992111206,26761,26771,10
13.0389499664,80.1989974976,26771,26787,16
13.0390396118,80.1981506348,26787,26800,13
13.0391597748,80.1973876953,26800,26810,10
13.0392198563,80.1970214844,26810,26820,10
13.0392599106,80.1968612671,26820,26830,10
13.0393104553,80.196647644,26830,26840,10
13.0393695831,80.1962890625,26840,26850,10
13.039440155,80.1957473755,26850,26860,10
13.0395202637,80.1950912476,26860,26870,10
13.0396203995,80.1942596436,26870,26880,10
13.0397500992,80.1934967041,26880,26890,10
13.0398101807,80.1932220459,26890,26901,11
13.0397996902,80.1931991577,26901,26911,10
13.0396003723,80.193031311,26911,26921,10
13.0391798019,80.1929473877,26921,26931,10
13.0387496948,80.1928710938,26931,26941,10
13.0387496948,80.1928710938,26941,26951,10
13.0385503769,80.1928710938,26951,26961,10
13.0382604599,80.1928329468,26961,26971,10
13.0378799438,80.1928482056,26971,26981,10
13.0376396179,80.1933135986,26981,26991,10
13.0375299454,80.193939209,26991,27001,10
13.0374202728,80.1946411133,27001,27012,11
13.0372896194,80.1954803467,27012,27023,11
13.0371999741,80.1959381104,27023,27033,10
13.0371904373,80.1961212158,27033,27043,10
13.0371704102,80.1963424683,27043,27052,9
13.0371103287,80.1967926025,27052,27063,11
13.0369997025,80.1974563599,27063,27073,10
13.0368795395,80.198600769,27073,27093,20
13.0368795395,80.198600769,27093,27103,10
13.0368404388,80.1988525391,27103,27113,10
13.0367498398,80.1993713379,27113,27124,11
13.036649704,80.2001800537,27124,27134,10
13.036529541,80.2009811401,27134,27144,10
13.0364303589,80.201789856,27144,27194,50
13.0364303589,80.201789856,27194,27204,10
13.0363397598,80.2021865845,27204,27214,10
13.0362796783,80.2026062012,27214,27224,10
13.036190033,80.2031784058,27224,27235,11
13.0360803604,80.2039794922,27235,27245,10
13.0360202789,80.204460144,27245,27255,10
13.0359296799,80.2048721313,27255,27265,10
13.0358800888,80.2054367065,27265,27275,10
13.0358200073,80.2057876587,27275,27285,10
13.035779953,80.2060394287,27285,27295,10
13.0357103348,80.2065505981,27295,27305,10
13.0356302261,80.2071762085,27305,27315,10
13.0355195999,80.2078399658,27315,27325,10
13.0354795456,80.2082901001,27325,27335,10
13.0354604721,80.2083969116,27335,27346,11
13.0354404449,80.2085418701,27346,27356,10
13.035369873,80.2089233398,27356,27366,10
13.0353298187,80.2094192505,27366,27376,10
13.0352201462,80.2099761963,27376,27386,10
13.0350599289,80.2105178833,27386,27396,10
13.0349397659,80.2110671997,27396,27406,10
13.034819603,80.211769104,27406,27416,10
13.0345001221,80.2121276855,27416,27426,10
13.0339298248,80.2120437622,27426,27436,10
13.0333499908,80.2119827271,27436,27446,10
13.0325202942,80.2119064331,27446,27467,21
13.0325202942,80.2119064331,27467,27477,10
13.0322399139,80.2118835449,27477,27487,10
13.031920433,80.2116622925,27487,27497,10
13.0319595337,80.211151123,27497,27507,10
13.0320501328,80.2105026245,27507,27517,10
13.032119751,80.2098693848,27517,27527,10
13.0320196152,80.2096862793,27527,27537,10
13.0317296982,80.2095870972,27537,27547,10
13.0312404633,80.2094192505,27547,27557,10
13.0308799744,80.2093734741,27557,27568,11
13.0305995941,80.2092895508,27568,27578,10
13.0302801132,80.2092285156,27578,27588,10
13.0301504135,80.2094192505,27588,27598,10
13.0300998688,80.2095489502,27598,27608,10
13.030090332,80.2095794678,27608,27618,10
13.0302295685,80.2098083496,27618,27628,10
13.030790329,80.2099609375,27628,27638,10
13.0309801102,80.2100524902,27638,27648,10
13.0310001373,80.2102584839,27648,27658,10
13.0309400558,80.2106628418,27658,27668,10
13.0308904648,80.2110519409,27668,27678,10
13.0308303833,80.2114028931,27678,27689,11
13.0307998657,80.2117767334,27689,27699,10
13.0306901932,80.2122192383,27699,27709,10
13.0306196213,80.2128067017,27709,27719,10
13.0306100845,80.2128982544,27719,27729,10
13.0305404663,80.213470459,27729,27739,10
13.0305204391,80.2137298584,27739,27749,10
13.0304403305,80.2140731812,27749,27759,10
13.0303602219,80.2147064209,27759,27789,30
13.0303602219,80.2147064209,27789,27800,11
13.0304098129,80.215057373,27800,27810,10
13.0304098129,80.2155838013,27810,27820,10
13.0303697586,80.2162017822,27820,27830,10
13.0304203033,80.2167816162,27830,27840,10
13.0305995941,80.2169189453,27840,27850,10
13.0306196213,80.2169189453,27850,27860,10
13.030790329,80.2169723511,27860,27870,10
13.0311698914,80.2169570923,27870,27880,10
13.0314502716,80.2171020508,27880,27890,10
13.0315198898,80.2176132202,27890,27900,10
13.0316095352,80.2182617188,27900,27911,11
13.0321702957,80.2184524536,27911,27921,10
13.0322599411,80.2189025879,27921,27931,10
13.0322504044,80.219543457,27931,27941,10
13.0322599411,80.2200164795,27941,27951,10
13.0322904587,80.2202835083,27951,27961,10
13.0322799683,80.2203063965,27961,27971,10
13.0321998596,80.2206420898,27971,27981,10
13.0320901871,80.2211074829,27981,27991,10
13.031920433,80.2216720581,27991,28001,10
13.0316295624,80.2222518921,28001,28011,10
13.0313596725,80.2227783203,28011,28022,11
13.0312004089,80.2232818604,28022,28032,10
13.0311603546,80.2238006592,28032,28042,10
13.0311803818,80.2238693237,28042,28052,10
13.0312204361,80.2240829468,28052,28062,10
13.0310602188,80.224319458,28062,28072,10
13.0306901932,80.2243118286,28072,28082,10
13.0301599503,80.2243118286,28082,28092,10
13.029540062,80.2243118286,28092,28102,10
13.0291004181,80.224281311,28102,28112,10
13.0290803909,80.2242736816,28112,28122,10
13.0289201736,80.2241516113,28122,28133,11
13.0285997391,80.2241287231,28133,28149,16
13.0283203125,80.2250976563,28149,28161,12
13.0281200409,80.226020813,28161,28171,10
13.0279998779,80.226600647,28171,28179,8
13.0279598236,80.226890564,28179,28191,12
13.0281600952,80.2270507813,28191,28200,9
13.028719902,80.2271575928,28200,28211,11
13.0294103622,80.2272720337,28211,28221,10
13.0300998688,80.2273788452,28221,28231,10
13.0304498672,80.2275924683,28231,28242,11
13.0304298401,80.2279815674,28242,28252,10
13.0304002762,80.2281265259,28252,28262,10
13.0303497314,80.2284927368,28262,28273,11
13.0303096771,80.2290802002,28273,28283,10
13.0304803848,80.2296829224,28283,28293,10
13.0306596756,80.2303314209,28293,28303,10
13.0307502747,80.2306900024,28303,28313,10
13.0305595398,80.230758667,28313,28323,10
13.029800415,80.2308425903,28323,28343,20
13.029800415,80.2308425903,28343,28354,11
13.0294599533,80.2308807373,28354,28364,10
13.028960228,80.2309112549,28364,28374,10
13.0283699036,80.2309570313,28374,28384,10
13.0278196335,80.2310333252,28384,28394,10
13.0276699066,80.2312164307,28394,28404,10
13.0277004242,80.2316818237,28404,28420,16
13.027879715,80.2326278687,28420,28432,12
13.0275201797,80.2328567505,28432,28442,10
13.0270395279,80.2329483032,28442,28452,10
13.0267601013,80.2329788208,28452,28462,10
13.0264902115,80.2330093384,28462,28473,11
13.0262699127,80.2325210571,28473,28483,10
13.0260801315,80.2318725586,28483,28493,10
13.0258798599,80.231086731,28493,28503,10
13.02546978,80.2302017212,28503,28513,10
13.0248804092,80.2294235229,28513,28523,10
13.0244903564,80.2288894653,28523,28533,10
13.0239601135,80.2282791138,28533,28553,20
13.0239601135,80.2282791138,28553,28563,10
13.023900032,80.2281570435,28563,28573,10
13.023639679,80.2278823853,28573,28584,11
13.0232896805,80.2275314331,28584,28594,10
13.0228900909,80.2271118164,28594,28604,10
13.0223197937,80.2265930176,28604,28614,10
13.0216503143,80.2260437012,28614,28624,10
13.0208797455,80.225440979,28624,28634,10
13.0200996399,80.2249221802,28634,28644,10
13.0192604065,80.2244720459,28644,28654,10
13.0182800293,80.2247314453,28654,28664,10
13.0172796249,80.225151062,28664,28673,9
13.0164299011,80.2254867554,28673,28684,11
13.0155696869,80.2258071899,28684,28695,11
13.0148696899,80.2260894775,28695,28705,10
13.0143003464,80.2263183594,28705,28715,10
13.0142002106,80.2263565063,28715,28725,10
13.0140304565,80.2264175415,28725,28735,10
13.0134897232,80.2266235352,28735,28744,9
13.0128898621,80.2268295288,28744,28755,11
13.0120201111,80.2271728516,28755,28765,10
13.0111398697,80.2275085449,28765,28775,10
13.0102300644,80.2278823853,28775,28785,10
13.0093698502,80.2282562256,28785,28795,10
13.0090799332,80.2290496826,28795,28805,10
13.0089197159,80.2299728394,28805,28816,11
13.0087203979,80.2310180664,28816,28826,10
13.0085401535,80.2320175171,28826,28835,9
13.0083904266,80.2328262329,28835,28846,11
13.0082798004,80.2336196899,28846,28866,20
13.0082798004,80.2336196899,28866,28876,10
13.008190155,80.233757019,28876,28886,10
13.0081100464,80.2341537476,28886,28896,10
13.0080003738,80.2346725464,28896,28906,10
13.0078802109,80.2353210449,28906,28916,10
13.0077400208,80.2360305786,28916,28927,11
13.0075702667,80.2369308472,28927,28937,10
13.0073795319,80.2378768921,28937,28947,10
13.0072097778,80.2387695313,28947,28957,10
13.0070695877,80.2395095825,28957,28966,9
13.0070199966,80.2397613525,28966,28977,11
13.0070104599,80.2397994995,28977,28987,10
13.0069904327,80.2399215698,28987,28997,10
13.0069198608,80.2403488159,28997,29007,10
13.0068998337,80.2406997681,29007,29017,10
13.0068998337,80.2407836914,29017,29028,11
13.0068101883,80.2411880493,29028,29038,10
13.0067796707,80.2418136597,29038,29048,10
13.0067596436,80.2425384521,29048,29058,10
13.0067195892,80.2433624268,29058,29068,10
13.0067396164,80.2442626953,29068,29078,10
13.0067501068,80.2451019287,29078,29088,10
13.0067596436,80.2455596924,29088,29098,10
13.0067501068,80.2460327148,29098,29108,10
13.0067596436,80.2466888428,29108,29118,10
13.006770134,80.2475128174,29118,29128,10
13.0067796707,80.2484283447,29128,29138,10
13.0068998337,80.2494277954,29138,29159,21
13.0068998337,80.2494277954,29159,29169,10
13.0068902969,80.2496566772,29169,29179,10
13.0068702698,80.2500915527,29179,29189,10
13.0068702698,80.2507476807,29189,29190,1
13.0068702698,80.2508163452,29190,29229,39
13.0065803528,80.2539901733,29229,29239,10
13.0066604614,80.2548828125,29239,29249,10
13.006649971,80.2550964355,29249,29260,11
13.0066204071,80.2551269531,29260,29270,10
13.0066204071,80.2554779053,29270,29280,10
13.0066404343,80.2560882568,29280,29290,10
13.0066204071,80.256729126,29290,29300,10
13.006649971,80.2572021484,29300,29310,10
13.006649971,80.2574996948,29310,29325,15
13.0059499741,80.2573928833,29325,29335,10
13.005200386,80.2572631836,29335,29345,10
13.0045204163,80.2571182251,29345,29355,10
13.0036001205,80.256942749,29355,29365,10
13.0029096603,80.2567901611,29365,29376,11
13.0021095276,80.2566375732,29376,29386,10
13.0016899109,80.2565612793,29386,29416,30
13.0016899109,80.2565612793,29416,29426,10
13.0015602112,80.2565231323,29426,29436,10
13.0011396408,80.2564697266,29436,29446,10
13.0004796982,80.2563781738,29446,29456,10
12.999710083,80.2562484741,29456,29466,10
12.9990901947,80.2561264038,29466,29476,10
12.9979000092,80.2559967041,29476,29497,21
12.9979000092,80.2559967041,29497,29507,10
12.997590065,80.2559890747,29507,29517,10
12.997300148,80.2559509277,29517,29547,30
12.997300148,80.2559509277,29547,29557,10
12.997179985,80.255897522,29557,29567,10
12.9969396591,80.256072998,29567,29577,10
12.9968795776,80.2565536499,29577,29587,10
12.9968595505,80.2570877075,29587,29598,11
12.9967803955,80.2577209473,29598,29608,10
12.9967002869,80.2584609985,29608,29618,10
12.9966201782,80.2591781616,29618,29628,10
12.9965400696,80.2598724365,29628,29638,10
12.9964599609,80.2606582642,29638,29648,10
12.9963903427,80.261390686,29648,29658,10
12.996339798,80.2618103027,29658,29668,10
12.9962797165,80.2622375488,29668,29678,10
12.9962100983,80.2627792358,29678,29688,10
12.9961795807,80.263343811,29688,29698,10
12.9961099625,80.2640075684,29698,29709,11
12.9960203171,80.2648925781,29709,29719,10
12.9959201813,80.2656784058,29719,29729,10
12.9958095551,80.2665328979,29729,29739,10
12.9957399368,80.2673568726,29739,29749,10
12.9959402084,80.2676773071,29749,29759,10
12.9960603714,80.2676773071,29759,29769,10
12.9962797165,80.2676925659,29769,29779,10
12.9966802597,80.2677307129,29779,29789,10
12.9973402023,80.2675704956,29789,29799,10
12.9980697632,80.2673721313,29799,29809,10
12.9986600876,80.2671890259,29809,29820,11
12.999329567,80.2670135498,29820,29830,10
12.9999504089,80.266746521,29830,29840,10
13.0000400543,80.2666625977,29840,29850,10
13.0001001358,80.2665786743,29850,29860,10
13.0001802444,80.2662887573,29860,29870,10
13.0002002716,80.2658920288,29870,29880,10
13.0003204346,80.2657165527,29880,29890,10
13.0003404617,80.2659606934,29890,29900,10
13.0002803802,80.266418457,29900,31414,1514
13.0002803802,80.266418457,31414,31424,10
13.0003299713,80.2667770386,31424,31434,10
13.0001401901,80.2668762207,31434,31444,10
12.9997701645,80.2669830322,31444,31454,10
12.9991998672,80.2671432495,31454,31464,10
12.9986801147,80.2673187256,31464,31474,10
12.9981298447,80.2674484253,31474,31484,10
12.9976501465,80.267578125,31484,31494,10
12.9970197678,80.2677764893,31494,31504,10
12.9964399338,80.2678222656,31504,31515,11
12.9957103729,80.2675628662,31515,31535,20
12.9957103729,80.2675628662,31535,31545,10
12.9956798553,80.267288208,31545,31571,26
12.9956798553,80.267288208,31571,31583,12
12.9956998825,80.266998291,31583,31593,10
12.9957304001,80.2666091919,31593,31603,10
12.9958200455,80.265953064,31603,31613,10
12.9958896637,80.2652206421,31613,31623,10
12.9959697723,80.2645187378,31623,31634,11
12.9960803986,80.2636489868,31634,31644,10
12.9961500168,80.2630233765,31644,31654,10
12.9961795807,80.2625808716,31654,31665,11
12.9961795807,80.2625427246,31665,31675,10
12.9962396622,80.2621994019,31675,31685,10
12.9962997437,80.2618103027,31685,31695,10
12.9963502884,80.2613220215,31695,31705,10
12.9964103699,80.2606506348,31705,31715,10
12.9964799881,80.2599868774,31715,31725,10
12.9965400696,80.259437561,31725,31735,10
12.9965896606,80.2589263916,31735,31746,11
12.9966697693,80.2582702637,31746,31756,10
12.9967498779,80.2574996948,31756,31766,10
12.9968099594,80.2568130493,31766,31776,10
12.9968395233,80.2562637329,31776,31816,40
12.9968395233,80.2562637329,31816,31826,10
12.9969301224,80.2558517456,31826,31836,10
12.9973096848,80.255821228,31836,31846,10
12.9978704453,80.2558670044,31846,31857,11
12.9985198975,80.2559585571,31857,31867,10
12.9988002777,80.2559890747,31867,31907,40
12.9988002777,80.2559890747,31907,31917,10
12.9991798401,80.2560501099,31917,31927,10
12.99958992,80.2561416626,31927,31937,10
13.0000801086,80.2562637329,31937,31947,10
13.0005302429,80.2563323975,31947,31957,10
13.0007200241,80.2563476563,31957,31967,10
13.0010700226,80.2564315796,31967,31978,11
13.0013599396,80.2565002441,31978,31988,10
13.001660347,80.2565536499,31988,31998,10
13.0022296906,80.2566299438,31998,32008,10
13.0027503967,80.2567214966,32008,32018,10
13.0033197403,80.2568283081,32018,32028,10
13.0039796829,80.2569580078,32028,32038,10
13.0047197342,80.2570800781,32038,32048,10
13.0054397583,80.2571182251,32048,32068,20
13.0054397583,80.2571182251,32068,32078,10
13.0055398941,80.2573394775,32078,32089,11
13.0059995651,80.2574234009,32089,32099,10
13.0065202713,80.2574234009,32099,32109,10
13.0065002441,80.256942749,32109,32119,10
13.0065002441,80.2561798096,32119,32129,10
13.0064897537,80.2553482056,32129,32139,10
13.0065097809,80.2546234131,32139,32149,10
13.006480217,80.2539520264,32149,32159,10
13.0064697266,80.2531967163,32159,32169,10
13.006480217,80.2531661987,32169,32179,10
13.006480217,80.2529525757,32179,32189,10
13.0065002441,80.2524337769,32189,32200,11
13.0066404343,80.2516708374,32200,32210,10
13.0067100525,80.250831604,32210,32220,10
13.0067300797,80.2501831055,32220,32300,80
13.0067300797,80.2501831055,32300,32311,11
13.0067596436,80.2498703003,32311,32321,10
13.0067396164,80.2494277954,32321,32331,10
13.0067501068,80.2492294312,32331,32341,10
13.0067300797,80.2489700317,32341,32351,10
13.0067195892,80.2488708496,32351,32361,10
13.0066795349,80.248626709,32361,32492,131
13.0066795349,80.248626709,32492,32502,10
13.0067396164,80.2481613159,32502,32512,10
13.0066900253,80.2478485107,32512,32522,10
13.0066604614,80.2475585938,32522,32643,121
13.0066604614,80.2475585938,32643,32654,11
13.0066404343,80.2474975586,32654,32664,10
13.006649971,80.2471466064,32664,32674,10
13.0065898895,80.2466812134,32674,32684,10
13.0066003799,80.2465209961,32684,32694,10
13.006649971,80.2462768555,32694,32704,10
13.0066404343,80.2458724976,32704,32714,10
13.0066299438,80.2454681396,32714,32724,10
13.0066099167,80.2449417114,32724,32734,10
13.0066204071,80.2444992065,32734,32744,10
13.0065898895,80.2439727783,32744,32754,10
13.0065803528,80.2434768677,32754,32765,11
13.0065698624,80.2428131104,32765,32775,10
13.0065402985,80.2419967651,32775,32785,10
13.0065803528,80.2410888672,32785,32795,10
13.0066204071,80.2403717041,32795,32805,10
13.0067501068,80.2397689819,32805,32815,10
13.0069303513,80.2390975952,32815,32825,10
13.0070896149,80.2382278442,32825,32841,16
13.0073604584,80.2368392944,32841,32853,12
13.0074100494,80.2366790771,32853,32861,8
13.0074796677,80.2366104126,32861,32873,12
13.0075597763,80.2361602783,32873,32884,11
13.0076599121,80.2354812622,32884,32894,10
13.0077400208,80.2351379395,32894,32904,10
13.0078001022,80.2349624634,32904,32914,10
13.0078802109,80.2345275879,32914,32923,9
13.0079803467,80.2340164185,32923,32934,11
13.0081796646,80.2329711914,32934,32944,10
13.0083703995,80.2320404053,32944,32954,10
13.0085802078,80.2308578491,32954,32964,10
13.0087900162,80.2298812866,32964,32974,10
13.0090198517,80.2287597656,32974,32983,9
13.0092601776,80.2278671265,32983,32995,12
13.0097503662,80.2267837524,32995,33005,10
13.0102500916,80.2257537842,33005,33015,10
13.0106897354,80.2249298096,33015,33025,10
13.0110797882,80.2239837646,33025,33035,10
13.0113801956,80.2232437134,33035,33045,10
13.011639595,80.2226028442,33045,33055,10
13.0118398666,80.2217483521,33055,33065,10
13.0122900009,80.2213973999,33065,33075,10
13.0125598907,80.2218322754,33075,33085,10
13.0128698349,80.2223434448,33085,33095,10
13.0135097504,80.2228775024,33095,33106,11
13.0140600204,80.2234802246,33106,33116,10
13.0142803192,80.2237625122,33116,33126,10
13.014670372,80.2242202759,33126,33136,10
13.0151596069,80.2247161865,33136,33146,10
13.0155096054,80.224899292,33146,33166,20
13.0155096054,80.224899292,33166,33176,10
13.0156097412,80.2250595093,33176,33186,10
13.0157203674,80.2251663208,33186,33196,10
13.0158996582,80.2253036499,33196,33206,10
13.0164299011,80.2253036499,33206,33217,11
13.0171604156,80.2250289917,33217,33227,10
13.0178804398,80.2247390747,33227,33237,10
13.0186595917,80.2244262695,33237,33247,10
13.0192804337,80.2242889404,33247,33267,20
13.0192804337,80.2242889404,33267,33277,10
13.0195198059,80.2243499756,33277,33287,10
13.0198402405,80.224571228,33287,33297,10
13.0201997757,80.2248535156,33297,33307,10
13.0205602646,80.2251205444,33307,33324,17
13.0208997726,80.225402832,33324,33336,12
13.0212402344,80.2257232666,33336,33346,10
13.0216197968,80.2259292603,33346,33355,9
13.021730423,80.2259979248,33355,33366,11
13.0218801498,80.2261199951,33366,33375,9
13.0220298767,80.2262191772,33375,33387,12
13.0220603943,80.2262420654,33387,33397,10
13.0222902298,80.2264328003,33397,33406,9
13.0224895477,80.2266235352,33406,33417,11
13.0226802826,80.2267990112,33417,33427,10
13.0228996277,80.2270584106,33427,33448,21
13.0229902267,80.2272186279,33448,33478,30
13.0229902267,80.2272186279,33478,33488,10
13.0232496262,80.2274932861,33488,33498,10
13.0235500336,80.2277374268,33498,33508,10
13.0237598419,80.2278823853,33508,33518,10
13.0241203308,80.228187561,33518,33589,71
13.0241203308,80.228187561,33589,33599,10
13.0243797302,80.2284393311,33599,33609,10
13.0244998932,80.2286605835,33609,33629,20
13.0244998932,80.2286605835,33629,33639,10
13.0246200562,80.2288208008,33639,33649,10
13.0248498917,80.2291717529,33649,33659,10
13.0251398087,80.2295379639,33659,33670,11
13.0255498886,80.2300796509,33670,33680,10
13.0258398056,80.2305603027,33680,33750,70
13.0258398056,80.2305603027,33750,33760,10
13.0259599686,80.2308578491,33760,33770,10
13.0260295868,80.2312011719,33770,33781,11
13.0263395309,80.2312774658,33781,33791,10
13.0270004272,80.2311172485,33791,33801,10
13.0277700424,80.2309875488,33801,33811,10
13.0284099579,80.2309036255,33811,33821,10
13.0284900665,80.2308883667,33821,33831,10
13.0288696289,80.2308273315,33831,33841,10
13.0293703079,80.2308120728,33841,33891,50
13.0293703079,80.2308120728,33891,33902,11
13.0295295715,80.2307662964,33902,33912,10
13.029999733,80.2307434082,33912,33922,10
13.0305500031,80.2306900024,33922,33932,10
13.0306997299,80.2306594849,33932,33948,16
13.0306301117,80.2302017212,33948,33960,12
13.0304203033,80.2296905518,33960,33970,10
13.03028965,80.2292633057,33970,33980,10
13.03028965,80.2285079956,33980,33990,10
13.0303297043,80.2282791138,33990,34000,10
13.0303897858,80.2281570435,34000,34010,10
13.0304098129,80.2278366089,34010,34021,11
13.0303497314,80.2275314331,34021,34030,9
13.02987957,80.2274398804,34030,34041,11
13.0290899277,80.2272720337,34041,34051,10
13.0285301208,80.2271270752,34051,34060,9
13.0282001495,80.2269973755,34060,34071,11
13.0280303955,80.2268981934,34071,34081,10
13.0280799866,80.2263793945,34081,34091,10
13.0281801224,80.2257232666,34091,34101,10
13.0283098221,80.2248535156,34101,34111,10
13.0284700394,80.2240982056,34111,34122,11
13.0287799835,80.2239990234,34122,34132,10
13.0288600922,80.2240219116,34132,34142,10
13.0289802551,80.2240829468,34142,34152,10
13.0292396545,80.2242507935,34152,34162,10
13.0297498703,80.2242507935,34162,34172,10
13.0301198959,80.2242584229,34172,34182,10
13.0306797028,80.2242584229,34182,34192,10
13.0310697556,80.2242507935,34192,34202,10
13.031129837,80.2239608765,34202,34212,10
13.031129837,80.223449707,34212,34228,16
13.0312004089,80.2230606079,34228,34241,13
13.0312595367,80.2227401733,34241,34251,10
13.0315303802,80.2223968506,34251,34260,9
13.0317497253,80.2218399048,34260,34271,11
13.0319900513,80.2212219238,34271,34284,13
13.0321302414,80.2203216553,34284,34293,9
13.0322303772,80.2197189331,34293,34314,21
13.0322303772,80.2197189331,34314,34324,10
13.0322799683,80.2194595337,34324,34334,10
13.0322303772,80.2190628052,34334,34344,10
13.0321502686,80.2185211182,34344,34355,11
13.0316400528,80.2183990479,34355,34365,10
13.0315103531,80.2177810669,34365,34375,10
13.0314598083,80.2171478271,34375,34385,10
13.0312995911,80.2169723511,34385,34395,10
13.0309896469,80.2169723511,34395,34405,10
13.0305595398,80.2167205811,34405,34415,10
13.0305299759,80.2165679932,34415,34425,10
13.030500412,80.2164993286,34425,34435,10
13.0304498672,80.2162399292,34435,34445,10
13.0303602219,80.2158813477,34445,34455,10
13.0303096771,80.2152633667,34455,34466,11
13.0302801132,80.2147369385,34466,34476,10
13.0303401947,80.2143936157,34476,34486,10
13.0303497314,80.2143783569,34486,34496,10
13.0304403305,80.2141723633,34496,34506,10
13.0304603577,80.2138519287,34506,34516,10
13.0305099487,80.2135772705,34516,34526,10
13.0305700302,80.2132797241,34526,34536,10
13.0305995941,80.212890625,34536,34546,10
13.030670166,80.2123718262,34546,34556,10
13.0307598114,80.2117233276,34556,34566,10
13.03083992,80.2114105225,34566,34577,11
13.0308904648,80.2110595703,34577,34587,10
13.0309000015,80.2107391357,34587,34597,10
13.0309801102,80.2102813721,34597,34607,10
13.0308904648,80.2100982666,34607,34617,10
13.0305700302,80.2099380493,34617,34627,10
13.0301399231,80.2097930908,34627,34637,10
13.0301399231,80.2091903687,34637,34768,131
13.0301399231,80.2091903687,34768,34778,10
13.0305404663,80.2090835571,34778,34788,10
13.0310897827,80.2092208862,34788,34798,10
13.0316200256,80.2093734741,34798,34809,11
13.03166008,80.2093887329,34809,34819,10
13.0318098068,80.2094421387,34819,34829,10
13.0321798325,80.2095413208,34829,34838,9
13.0327196121,80.2096405029,34838,34849,11
13.0334997177,80.209777832,34849,34859,10
13.0343399048,80.2098999023,34859,34869,10
13.0350198746,80.2099304199,34869,34879,10
13.0351495743,80.2095718384,34879,34889,10
13.0352497101,80.2086181641,34889,34909,20
13.0352497101,80.2086181641,34909,34920,11
13.0352897644,80.2083816528,34920,34930,10
13.0353097916,80.2079162598,34930,34940,10
13.0354204178,80.2072067261,34940,34950,10
13.0355501175,80.2064819336,34950,34960,10
13.035490036,80.2060012817,34960,34970,10
13.0354795456,80.2056808472,34970,34986,16
13.035490036,80.2054367065,34986,34998,12
13.0356903076,80.2051620483,34998,35008,10
13.0357503891,80.2049026489,35008,35018,10
13.035779953,80.2043380737,35018,35028,10
13.0359296799,80.2038803101,35028,35039,11
13.0360498428,80.2031173706,35039,35049,10
13.0361003876,80.2024307251,35049,35059,10
13.0361995697,80.2016372681,35059,35069,10
13.0362501144,80.2015075684,35069,35079,10
13.0363197327,80.2013092041,35079,35089,10
13.0364198685,80.200920105,35089,35099,10
13.03647995,80.200378418,35099,35109,10
13.0366401672,80.1993713379,35109,35119,10
13.036740303,80.1985015869,35119,35129,10
13.0367698669,80.1983566284,35129,35139,10
13.0368099213,80.1981277466,35139,35150,11
13.0368700027,80.1977615356,35150,35160,10
13.0369100571,80.1974411011,35160,35170,10
13.0370197296,80.1968765259,35170,35180,10
13.0370798111,80.1963195801,35180,35190,10
13.0370798111,80.1962966919,35190,35200,10
13.037150383,80.1959686279,35200,35210,10
13.0372495651,80.1954193115,35210,35220,10
13.0373601913,80.1946716309,35220,35230,10
13.0374603271,80.1938171387,35230,35240,10
13.0375900269,80.1929626465,35240,35250,10
13.0378599167,80.192779541,35250,35261,11
13.0380296707,80.1927566528,35261,35271,10
13.0388202667,80.1928787231,35271,35291,20
13.0388202667,80.1928787231,35291,35307,16
13.0395698547,80.1930007935,35307,35319,12
13.0401601791,80.1930999756,35319,35329,10
13.0406103134,80.1931762695,35329,35339,10
13.0414400101,80.193321228,35339,35349,10
13.0417995453,80.1935119629,35349,35359,10
13.0417604446,80.1939315796,35359,35369,10
13.0417604446,80.1939620972,35369,35380,11
13.0417098999,80.1943588257,35380,35390,10
13.0415697098,80.1949691772,35390,35400,10
13.0414400101,80.1957168579,35400,35410,10
13.0413599014,80.1963806152,35410,35420,10
13.0413799286,80.1967926025,35420,35439,19
13.0413103104,80.1972579956,35439,35451,12
13.0411396027,80.1981124878,35451,35459,8
13.0410299301,80.1986999512,35459,35470,11
13.0409603119,80.1993179321,35470,35481,11
13.0409698486,80.1993408203,35481,35493,12
13.0409097672,80.1998062134,35493,35503,10
13.0408096313,80.2005004883,35503,35513,10
13.040719986,80.2013015747,35513,35523,10
13.0406198502,80.2018814087,35523,35533,10
13.0405597687,80.2023162842,35533,35543,10
13.0404100418,80.2030181885,35543,35553,10
13.0403203964,80.2037124634,35553,35562,9
13.0402402878,80.2042236328,35562,35573,11
13.0402002335,80.2046203613,35573,35583,10
13.0403003693,80.2050323486,35583,35593,10
13.0408601761,80.2051010132,35593,35603,10
13.0412797928,80.2051620483,35603,35614,11
13.0415897369,80.2052001953,35614,35624,10
13.0421495438,80.205291748,35624,35633,9
13.0426397324,80.2054290771,35633,35644,11
13.0429096222,80.2059020996,35644,35653,9
13.0432701111,80.2064590454,35653,35664,11
13.043680191,80.2070770264,35664,35674,10
13.0440797806,80.2078094482,35674,35684,10
13.0441598892,80.2085876465,35684,35694,10
13.0441598892,80.2090835571,35694,35704,10
13.0441799164,80.2091064453,35704,35715,11
13.044210434,80.2093276978,35715,35725,10
13.0441799164,80.2098388672,35725,35735,10
13.0442199707,80.2105865479,35735,35745,10
13.0442399979,80.2114028931,35745,35755,10
13.0443601608,80.2121429443,35755,35813,58
13.0443601608,80.2121429443,35813,35823,10
13.0447597504,80.2122421265,35823,35834,11
13.0453300476,80.2122573853,35834,35844,10
13.0460996628,80.2122192383,35844,35853,9
13.0468196869,80.2121734619,35853,35864,11
13.0471000671,80.212020874,35864,35874,10
13.0470895767,80.2116928101,35874,35894,20
13.0470895767,80.2116928101,35894,35904,10
13.04708004,80.211479187,35904,35914,10
13.0470504761,80.2110519409,35914,35923,9
13.0471200943,80.2107620239,35923,35934,11
13.0474901199,80.2107467651,35934,35945,11
13.0480003357,80.2107696533,35945,35955,10
13.0484304428,80.2108001709,35955,35965,10
13.0488395691,80.2108306885,35965,35975,10
13.049369812,80.2108383179,35975,35985,10
13.0496702194,80.2107009888,35985,35995,10
13.0496301651,80.2101364136,35995,36005,10
13.0495500565,80.2094726563,36005,36015,10
13.0495004654,80.2090835571,36015,36025,10
13.0494403839,80.2086334229,36025,36035,10
13.0492401123,80.2080307007,36035,36045,10
13.0488901138,80.2071914673,36045,36066,21
13.0488901138,80.2071914673,36066,36076,10
13.0488100052,80.20703125,36076,36086,10
13.0489301682,80.2068481445,36086,36096,10
13.0491695404,80.2068634033,36096,36106,10
13.0492601395,80.2070617676,36106,36449,343
13.0492601395,80.2070617676,36449,36459,10
13.049079895,80.2073974609,36459,36469,10
13.0491399765,80.2076187134,36469,36479,10
13.0492296219,80.2079162598,36479,36489,10
13.0493602753,80.2083282471,36489,36499,10
13.0494604111,80.2086486816,36499,36510,11
13.0495004654,80.2088775635,36510,36520,10
13.0495796204,80.2092819214,36520,36530,10
13.0496301651,80.2097320557,36530,36540,10
13.0496797562,80.2103118896,36540,36550,10
13.0497703552,80.2109985352,36550,36560,10
13.0498304367,80.2114715576,36560,36576,16
13.0498399734,80.211479187,36576,36588,12
13.0498399734,80.2116165161,36588,36596,8
13.0498800278,80.2118530273,36596,36609,13
13.0498800278,80.2120819092,36609,36618,9
13.0494699478,80.2121582031,36618,36639,21
13.0494699478,80.2121582031,36639,36649,10
13.0493202209,80.2121582031,36649,36659,10
13.0490102768,80.2121505737,36659,36669,10
13.0485200882,80.2121810913,36669,36678,9
13.0478200912,80.2122802734,36678,36699,21
13.0478200912,80.2122802734,36699,36709,10
13.0475997925,80.212272644,36709,36719,10
13.0472698212,80.212272644,36719,36729,10
13.0467700958,80.2122879028,36729,36740,11
13.0460700989,80.2123413086,36740,36750,10
13.045539856,80.2124099731,36750,36760,10
13.0451402664,80.2124404907,36760,36770,10
13.0446996689,80.2124404907,36770,36780,10
13.044260025,80.2121810913,36780,36790,10
13.0441999435,80.2115020752,36790,36800,10
13.0441904068,80.2107772827,36800,36810,10
13.0441598892,80.2101974487,36810,36820,10
13.0441398621,80.2096328735,36820,36830,10
13.044090271,80.2090682983,36830,36846,16
13.0440702438,80.2088317871,36846,36859,13
13.0440597534,80.2085876465,36859,36869,10
13.0440502167,80.2080612183,36869,36879,10
13.0438604355,80.2073822021,36879,36889,10
13.0433502197,80.2066726685,36889,36899,10
13.0427904129,80.2059173584,36899,36909,10
13.0422697067,80.2054367065,36909,36919,10
13.0416002274,80.2052612305,36919,36929,10
13.041009903,80.2051620483,36929,36939,10
13.0408096313,80.2051391602,36939,36949,10
13.040719986,80.2051620483,36949,36959,10
13.0403404236,80.2050933838,36959,36971,12
13.0396604538,80.2049865723,36971,36981,10
13.0392303467,80.2049179077,36981,36991,10
13.0386800766,80.2048187256,36991,37001,10
13.0382499695,80.2047271729,37001,37011,10
13.0381298065,80.2047119141,37011,37021,10
13.0381803513,80.2043685913,37021,37031,10
13.0382499695,80.2038803101,37031,37041,10
13.0383195877,80.2032928467,37041,37051,10
13.0383996964,80.20262146,37051,37061,10
13.0384502411,80.2022171021,37061,37071,10
13.0384902954,80.2018814087,37071,37082,11
13.0385198593,80.2016983032,37082,37092,10
13.0385799408,80.2014007568,37092,37102,10
13.0386600494,80.200881958,37102,37112,10
13.0387401581,80.2002716064,37112,37122,10
13.0388202667,80.1998291016,37122,37132,10
13.0388803482,80.1993179321,37132,37142,10
13.0388898849,80.1992034912,37142,37152,10
13.0389604568,80.198928833,37152,37162,10
13.0389795303,80.198387146,37162,37172,10
13.0391302109,80.1976394653,37172,37182,10
13.0392398834,80.1969528198,37182,37193,11
13.0392799377,80.1968612671,37193,37203,10
13.0393104553,80.1965637207,37203,37213,10
13.0393600464,80.1961669922,37213,37223,10
13.0394601822,80.1955108643,37223,37233,10
13.0395402908,80.1947631836,37233,37243,10
13.0396699905,80.1939620972,37243,37253,10
13.0397596359,80.1932067871,37253,37273,20
13.0397596359,80.1932067871,37273,37283,10
13.0396299362,80.193031311,37283,37293,10
13.0393400192,80.1929702759,37293,37304,11
13.038649559,80.1928634644,37304,37324,20
13.038649559,80.1928634644,37324,37334,10
13.0381298065,80.1928100586,37334,37354,20
13.0381298065,80.1928100586,37354,37364,10
13.0378599167,80.1928405762,37364,37374,10
13.0376501083,80.1932830811,37374,37390,16
13.0374603271,80.1945495605,37390,37402,12
13.0373096466,80.1955108643,37402,37410,8
13.0372495651,80.1959381104,37410,37423,13
13.0372400284,80.1960067749,37423,37433,10
13.0371599197,80.1963882446,37433,37443,10
13.0370597839,80.1969833374,37443,37453,10
13.0369796753,80.1976699829,37453,37463,10
13.0368795395,80.1984100342,37463,37473,10
13.036860466,80.198638916,37473,37483,10
13.0368499756,80.1987075806,37483,37493,10
13.0367898941,80.1990585327,37493,37503,10
13.0366897583,80.1996307373,37503,37513,10
13.0365800858,80.2003326416,37513,37523,10
13.0364999771,80.2010116577,37523,37534,11
13.036450386,80.2014083862,37534,37544,10
13.0363998413,80.2018280029,37544,37564,20
13.0363998413,80.2018280029,37564,37574,10
13.0363502502,80.2021179199,37574,37584,10
13.0362901688,80.2026062012,37584,37594,10
13.0361795425,80.2032699585,37594,37604,10
13.0360803604,80.2039108276,37604,37614,10
13.0360202789,80.2043228149,37614,37624,10
13.0359601974,80.2046737671,37624,37634,10
13.0358800888,80.2052764893,37634,37644,10
13.0357999802,80.2058334351,37644,37661,17
13.0357599258,80.2060394287,37661,37673,12
13.0356702805,80.2065963745,37673,37680,7
13.0355997086,80.2071304321,37680,37693,13
13.0354995728,80.2079467773,37693,37703,10
13.0354099274,80.2084274292,37703,37723,20
13.0354099274,80.2084274292,37723,37732,9
13.0353002548,80.209197998,37732,37742,10
13.0353002548,80.209197998,37742,37753,11
13.0352096558,80.2098999023,37753,37764,11
13.0350999832,80.2104568481,37764,37774,10
13.0349798203,80.2108688354,37774,37784,10
13.0348796844,80.2113800049,37784,37794,10
13.0347499847,80.2120437622,37794,37804,10
13.0342798233,80.212097168,37804,37816,12
13.0334997177,80.2119903564,37816,37825,9
13.032500267,80.2118911743,37825,37846,21
13.032500267,80.2118911743,37846,37856,10
13.0321598053,80.211807251,37856,37866,10
13.0318603516,80.2115707397,37866,37877,11
13.0319499969,80.2109603882,37877,37887,10
13.0320596695,80.210319519,37887,37897,10
13.032119751,80.2097625732,37897,37907,10
13.0317296982,80.209602356,37907,37917,10
13.0310697556,80.2094192505,37917,37927,10
13.0305700302,80.2092971802,37927,37937,10
13.0304698944,80.2092666626,37937,37947,10
13.0302200317,80.209197998,37947,37957,10
13.0301198959,80.2094421387,37957,37967,10
13.030090332,80.2095413208,37967,37977,10
13.0300703049,80.2096176147,37977,37988,11
13.0302095413,80.2098388672,37988,37998,10
13.0306596756,80.2099304199,37998,38008,10
13.0309295654,80.2100219727,38008,38018,10
13.0309801102,80.2102279663,38018,38028,10
13.0309495926,80.2107009888,38028,38044,16
13.0308799744,80.2111968994,38044,38056,12
13.0308103561,80.2116928101,38056,38064,8
13.0307598114,80.2119598389,38064,38076,12
13.030670166,80.2126235962,38076,38086,10
13.030579567,80.2131500244,38086,38096,10
13.0305404663,80.2134933472,38096,38107,11
13.0304803848,80.2138214111,38107,38116,9
13.0304298401,80.2142105103,38116,38129,13
13.0303697586,80.2147903442,38129,38139,10
13.030380249,80.2148132324,38139,38149,10
13.0303697586,80.2149963379,38149,38159,10
13.0303897858,80.2154312134,38159,38169,10
13.0304203033,80.2160415649,38169,38179,10
13.0304203033,80.2164764404,38179,38189,10
13.0305595398,80.2169036865,38189,38199,10
13.0307197571,80.2169113159,38199,38222,23
13.0314302444,80.2170028687,38222,38235,13
13.031539917,80.2175827026,38235,38243,8
13.0315799713,80.2180786133,38243,38255,12
13.0320396423,80.2183837891,38255,38265,10
13.0322599411,80.21849823,38265,38275,10
13.0322504044,80.2189788818,38275,38285,10
13.0322599411,80.2197189331,38285,38294,9
13.0322599411,80.2201080322,38294,38305,11
13.0322599411,80.2203598022,38305,38315,10
13.0322399139,80.2204818726,38315,38326,11
13.032119751,80.2209625244,38326,38336,10
13.0319299698,80.2216033936,38336,38346,10
13.0316495895,80.2222137451,38346,38356,10
13.0314397812,80.2225799561,38356,38365,9
13.0313100815,80.2227783203,38365,38376,11
13.0312204361,80.2232284546,38376,38386,10
13.0311698914,80.2237625122,38386,38396,10
13.0311803818,80.2238311768,38396,38406,10
13.0311899185,80.2240066528,38406,38416,10
13.0310297012,80.2242889404,38416,38426,10
13.0305500031,80.2242965698,38426,38436,10
13.0298404694,80.2242889404,38436,38447,11
13.0290403366,80.2242507935,38447,38467,20
13.0290403366,80.2242507935,38467,38477,10
13.0289297104,80.2241592407,38477,38487,10
13.0286903381,80.224067688,38487,38497,10
13.028459549,80.2243118286,38497,38507,10
13.0283498764,80.2248764038,38507,38517,10
13.0281896591,80.2254486084,38517,38527,10
13.0280799866,80.2260513306,38527,38537,10
13.0279598236,80.2265777588,38537,38547,10
13.0279302597,80.2268829346,38547,38558,11
13.0281400681,80.2270278931,38558,38568,10
13.0285396576,80.2271118164,38568,38578,10
13.0291500092,80.2272186279,38578,38588,10
13.0298595428,80.2273483276,38588,38598,10
13.0304203033,80.2274932861,38598,38608,10
13.0304298401,80.2278366089,38608,38618,10
13.0304002762,80.2281494141,38618,38628,10
13.030380249,80.2283172607,38628,38638,10
13.0303201675,80.2287063599,38638,38648,10
13.0303201675,80.2293167114,38648,38658,10
13.0305995941,80.2300033569,38658,38668,10
13.0307197571,80.2305984497,38668,38679,11
13.030500412,80.23072052,38679,38689,10
13.0300302505,80.2307815552,38689,38705,16
13.0297498703,80.2308197021,38705,38717,12
13.029419899,80.2308883667,38717,38727,10
13.0290603638,80.2309112549,38727,38735,8
13.028429985,80.2309570313,38735,38746,11
13.0277700424,80.2310028076,38746,38759,13
13.0276699066,80.2313995361,38759,38768,9
13.0277500153,80.2317886353,38768,38778,10
13.0278301239,80.2323608398,38778,38789,11
13.0273103714,80.2328567505,38789,38829,40
13.0272798538,80.2329330444,38829,38980,151
13.0272798538,80.2329330444,38980,38990,10
13.0271396637,80.2329406738,38990,39000,10
13.0269603729,80.2329711914,39000,39011,11
13.0267400742,80.2330093384,39011,39021,10
13.0264396667,80.233001709,39021,39031,10
13.0262403488,80.2325592041,39031,39041,10
13.0260601044,80.2319107056,39041,39051,10
13.0258398056,80.2311935425,39051,39061,10
13.0254802704,80.2303237915,39061,39071,10
13.0250101089,80.2296218872,39071,39081,10
13.0248098373,80.2293777466,39081,39091,10
13.0246696472,80.2291793823,39091,39101,10
13.0244398117,80.2288894653,39101,39111,10
13.0242500305,80.2286376953,39111,39122,11
13.0239400864,80.2282714844,39122,39142,20
13.0239400864,80.2282714844,39142,39152,10
13.0238199234,80.2280807495,39152,39162,10
13.0235900879,80.2278518677,39162,39172,10
13.0233297348,80.2275772095,39172,39182,10
13.0230998993,80.2273483276,39182,39192,10
13.0227203369,80.2270202637,39192,39202,10
13.0224103928,80.2267074585,39202,39218,16
13.0216999054,80.2260971069,39218,39230,12
13.0209999084,80.2255630493,39230,39241,11
13.0204896927,80.2252197266,39241,39251,10
13.0198802948,80.2248077393,39251,39261,10
13.0191497803,80.2245101929,39261,39271,10
13.0183496475,80.2247161865,39271,39281,10
13.0177297592,80.2249679565,39281,39291,10
13.0173597336,80.2251281738,39291,39311,20
13.0173597336,80.2251281738,39311,39321,10
13.0171899796,80.2252120972,39321,39331,10
13.0169696808,80.2253036499,39331,39341,10
13.0168304443,80.2253417969,39341,39352,11
13.0166797638,80.2254180908,39352,39362,10
13.0165596008,80.2254562378,39362,39372,10
13.0164003372,80.2255096436,39372,39382,10
13.0160999298,80.2256317139,39382,39392,10
13.0156097412,80.2257919312,39392,39402,10
13.0150604248,80.226020813,39402,39412,10
13.0144901276,80.2262420654,39412,39422,10
13.0141496658,80.2264022827,39422,39432,10
13.0141296387,80.2264099121,39432,39442,10
13.0141000748,80.2264175415,39442,39452,10
13.0138301849,80.2265396118,39452,39463,11
13.0134401321,80.2266235352,39463,39473,10
13.0129098892,80.2268066406,39473,39483,10
13.0122003555,80.2271270752,39483,39493,10
13.0113601685,80.2274475098,39493,39503,10
13.0104198456,80.2278213501,39503,39513,10
13.0097503662,80.2281188965,39513,39523,10
13.009180069,80.2285995483,39523,39533,10
13.0090198517,80.2294998169,39533,39543,10
13.0088796616,80.2302780151,39543,39553,10
13.0088396072,80.230430603,39553,39563,10
13.0087995529,80.230682373,39563,39574,11
13.0086803436,80.2312393188,39574,39594,20
13.0086803436,80.2312393188,39594,39604,10
13.0086202621,80.231552124,39604,39614,10
13.0085601807,80.2318878174,39614,39624,10
13.0085000992,80.2322006226,39624,39634,10
13.0084495544,80.2324829102,39634,39644,10
13.0083904266,80.232749939,39644,39654,10
13.0083198547,80.2330322266,39654,39664,10
13.0083198547,80.2330474854,39664,39674,10
13.0082998276,80.2332687378,39674,39691,17
13.0082397461,80.233543396,39691,39713,22
13.0081796646,80.2337112427,39713,39752,39
13.0081796646,80.2337112427,39752,39762,10
13.0080900192,80.2341918945,39762,39783,21
13.0080900192,80.2341918945,39783,39794,11
13.0080299377,80.2345275879,39794,39805,11
13.0079402924,80.2349624634,39805,39815,10
13.0078802109,80.2352600098,39815,39825,10
13.0077896118,80.235786438,39825,39835,10
13.0076599121,80.2364120483,39835,39845,10
13.0076398849,80.2365722656,39845,39855,10
13.0075902939,80.236831665,39855,39865,10
13.0075302124,80.2371063232,39865,39875,10
13.0074901581,80.2372817993,39875,39885,10
13.0074195862,80.2375488281,39885,39905,20
13.0074195862,80.2375488281,39905,39915,10
13.0074596405,80.2376785278,39915,39926,11
13.0073795319,80.2381210327,39926,39936,10
13.0072803497,80.2384872437,39936,39946,10
13.0071496964,80.2390365601,39946,39956,10
13.0069198608,80.2398605347,39956,39966,10
13.0068597794,80.2405166626,39966,39976,10
13.0068101883,80.2409896851,39976,39986,10
13.0067901611,80.2410812378,39986,39996,10
13.0067596436,80.2415237427,39996,40006,10
13.0067396164,80.2422027588,40006,40016,10
13.0067396164,80.2426834106,40016,40026,10
13.0067300797,80.24269104,40026,40037,11
13.0067195892,80.2428817749,40037,40057,20
13.0067195892,80.2428817749,40057,40067,10
13.0066995621,80.2431411743,40067,40077,10
13.0067100525,80.2433700562,40077,40087,10
13.0066795349,80.2436523438,40087,40097,10
13.0066900253,80.2441482544,40097,40107,10
13.0067100525,80.2447280884,40107,40117,10
13.0066995621,80.2451324463,40117,40127,10
13.0067195892,80.2456207275,40127,40137,10
13.0066900253,80.2463226318,40137,40148,11
13.0067195892,80.2470932007,40148,40158,10
13.0067195892,80.2478790283,40158,40168,10
13.006770134,80.2487716675,40168,40178,10
13.0068902969,80.249458313,40178,40188,10
13.0068902969,80.2495117188,40188,40198,10
13.0068902969,80.2497787476,40198,40208,10
13.0068597794,80.250328064,40208,40218,10
13.0068397522,80.2510910034,40218,40228,10
13.0067100525,80.2518692017,40228,40238,10
13.0066099167,80.2524185181,40238,40248,10
13.0065898895,80.252746582,40248,40258,10
13.0065803528,80.25340271,40258,40269,11
13.0065898895,80.2542877197,40269,40279,10
13.0066299438,80.2547531128,40279,40289,10
13.0066604614,80.2551422119,40289,40299,10
13.0066604614,80.255241394,40299,40309,10
13.0066604614,80.2555007935,40309,40319,10
13.0066604614,80.2561416626,40319,40329,10
13.0067300797,80.2573394775,40329,40430,101
13.0067300797,80.2573394775,40430,40440,10
13.0067100525,80.2575683594,40440,40450,10
13.0061302185,80.2574920654,40450,40460,10
13.0054197311,80.2573394775,40460,40470,10
13.0047197342,80.2572097778,40470,40480,10
13.0040597916,80.2570724487,40480,40491,11
13.0038995743,80.2570266724,40491,40501,10
13.0035800934,80.2569732666,40501,40561,60
13.0035800934,80.2569732666,40561,40571,10
13.0033502579,80.2569198608,40571,40581,10
13.0030498505,80.2568588257,40581,40591,10
13.0022697449,80.2566986084,40591,40680,89
13.0022697449,80.2566986084,40680,40690,10
13.0019598007,80.256652832,40690,40700,10
13.0013799667,80.2565994263,40700,40710,10
13.000579834,80.2564697266,40710,40721,11
12.9996004105,80.2562866211,40721,40751,30
12.9996004105,80.2562866211,40751,40761,10
12.9995298386,80.2562713623,40761,40771,10
12.9991197586,80.2561798096,40771,40781,10
12.9984397888,80.2560577393,40781,40791,10
12.997759819,80.2560195923,40791,40811,20
12.997759819,80.2560195923,40811,40821,10
12.9976902008,80.2562637329,40821,40832,11
12.9977998734,80.2567214966,40832,40842,10
12.9977703094,80.2570877075,40842,40852,10
12.9975996017,80.2569122314,40852,40862,10
12.9975404739,80.2567062378,40862,40973,111
12.9975404739,80.2567062378,40973,40983,10
12.9976196289,80.2563095093,40983,40993,10
12.9976396561,80.2560501099,40993,41013,20
12.9976396561,80.2560501099,41013,41023,10
12.9972000122,80.2559509277,41023,41053,30
12.9972000122,80.2559509277,41053,41064,11
12.9969797134,80.2560424805,41064,41074,10
12.996919632,80.256439209,41074,41084,10
12.9968795776,80.2568435669,41084,41094,10
12.9968795776,80.2569580078,41094,41104,10
12.9968395233,80.257270813,41104,41114,10
12.9967603683,80.2579116821,41114,41124,10
12.9966897964,80.2587432861,41124,41131,7
12.996629715,80.2592315674,41131,41145,14
12.9965400696,80.2598114014,41145,41154,9
12.9965000153,80.2604064941,41154,41161,7
12.9964399338,80.2608566284,41161,41176,15
12.9964199066,80.261138916,41176,41186,10
12.9963903427,80.2615432739,41186,41196,10
12.996339798,80.2620010376,41196,41206,10
12.9962396622,80.2624435425,41206,41216,10
12.9962100983,80.2625274658,41216,41228,12
12.9961500168,80.2630386353,41228,41238,10
12.9961099625,80.2637405396,41238,41248,10
12.9960002899,80.2647399902,41248,41258,10
12.9958896637,80.2657318115,41258,41267,9
12.9957895279,80.2668762207,41267,41277,10
12.9957895279,80.2676620483,41277,41289,12
12.9962596893,80.2677307129,41289,41299,10
12.9962596893,80.2677383423,41299,41309,10
12.9965696335,80.2677612305,41309,41319,10
12.9972000122,80.267616272,41319,41329,10
12.997710228,80.2674636841,41329,41339,10
12.9984197617,80.2672805786,41339,41349,10
12.9992103577,80.267036438,41349,41359,10
12.9999704361,80.2667007446,41359,41369,10
13.0000400543,80.2666320801,41369,41379,10
13.000120163,80.2665100098,41379,41389,10
13.0001401901,80.2661437988,41389,41399,10
13.0003099442,80.2657775879,41399,41621,222
13.0003099442,80.2657775879,41621,41632,11
13.00041008,80.2661209106,41632,41874,242
13.00041008,80.2661209106,41874,41884,10
13.0003299713,80.2662582397,41884,41894,10
13.0003099442,80.2664108276,41894,41904,10
13.0003204346,80.2665786743,41904,41914,10
13.0002698898,80.2667770386,41914,41924,10
13.0000600815,80.2668762207,41924,41934,10
12.9996900558,80.2669830322,41934,41944,10
12.9991998672,80.2670974731,41944,41954,10
12.9985904694,80.2672729492,41954,41964,10
12.9981203079,80.2674331665,41964,41975,11
12.9975795746,80.2676086426,41975,41991,16
12.9965496063,80.2678070068,41991,42003,12
12.9958896637,80.2677536011,42003,42013,10
12.9956798553,80.2675170898,42013,42023,10
12.9956903458,80.2673797607,42023,42033,10
12.9957103729,80.2671279907,42033,42043,10
12.9957895279,80.2666168213,42043,42053,10
12.995880127,80.2659378052,42053,42063,10
12.9959602356,80.2651596069,42063,42073,10
12.9960298538,80.2644195557,42073,42082,9
12.9961204529,80.2636413574,42082,42094,12
12.9961700439,80.2629623413,42094,42104,10
12.9961996078,80.2626724243,42104,42113,9
12.9961900711,80.2626724243,42113,42124,11
12.9962396622,80.2623825073,42124,42134,10
12.9962997437,80.2620697021,42134,42144,10
12.9963502884,80.2618026733,42144,42154,10
12.9964199066,80.2611694336,42154,42164,10
12.9964704514,80.2604827881,42164,42174,10
12.9965000153,80.259803772,42174,42184,10
12.9965600967,80.2591171265,42184,42194,10
12.9966402054,80.2583007813,42194,42205,11
12.9967298508,80.2575378418,42205,42215,10
12.9968204498,80.2566223145,42215,42245,30
12.9968204498,80.2566223145,42245,42255,10
12.9968004227,80.2562637329,42255,42265,10
12.997010231,80.2558898926,42265,42275,10
12.9975595474,80.2559280396,42275,42285,10
12.9984703064,80.2559661865,42285,42316,31
12.9984703064,80.2559661865,42316,42326,10
12.9987802505,80.2560119629,42326,42336,10
12.9990100861,80.2560501099,42336,42376,40
12.9990100861,80.2560501099,42376,42386,10
12.9992904663,80.256111145,42386,42396,10
12.9996700287,80.256187439,42396,42406,10
13.0001802444,80.2563018799,42406,42416,10
13.0006904602,80.2563781738,42416,42437,21
13.0006904602,80.2563781738,42437,42447,10
13.0008401871,80.256439209,42447,42457,10
13.0012197495,80.2565002441,42457,42467,10
13.0015602112,80.2565612793,42467,42477,10
13.0019302368,80.2566070557,42477,42487,10
13.0023097992,80.2566604614,42487,42497,10
13.0027599335,80.2567367554,42497,42507,10
13.0033197403,80.2568588257,42507,42517,10
13.0037202835,80.256942749,42517,42527,10
13.0041704178,80.2570037842,42527,42537,10
13.0044498444,80.2570114136,42537,42548,11
13.0047302246,80.2570571899,42548,42558,10
13.0051298141,80.2570724487,42558,42568,10
13.0057201385,80.2572784424,42568,42578,10
13.0064401627,80.2574615479,42578,42608,30
13.0064401627,80.2574615479,42608,42618,10
13.0065603256,80.2575073242,42618,42628,10
13.0065803528,80.2572097778,42628,42638,10
13.0065202713,80.2567214966,42638,42648,10
13.0065402985,80.2559127808,42648,42658,10
13.006529808,80.2554626465,42658,42669,11
13.0065498352,80.2550125122,42669,42679,10
13.0065498352,80.2543029785,42679,42689,10
13.0065498352,80.2534790039,42689,42699,10
13.0065498352,80.2531814575,42699,42709,10
13.0065603256,80.2526473999,42709,42780,71
13.0065603256,80.2526473999,42780,42790,10
13.0066299438,80.2523574829,42790,42800,10
13.0066604614,80.2518234253,42800,42810,10
13.006770134,80.2510299683,42810,42820,10
13.0067396164,80.2501296997,42820,42830,10
13.0068101883,80.2493591309,42830,42870,40
13.0068101883,80.2493591309,42870,42880,10
13.0067796707,80.2490234375,42880,42890,10
13.0067195892,80.2485122681,42890,42901,11
13.0066795349,80.2482299805,42901,42917,16
13.0066204071,80.2475204468,42917,43020,103
13.0066204071,80.2475204468,43020,43030,10
13.0066404343,80.2471618652,43030,43040,10
13.0065603256,80.2465667725,43040,43050,10
13.0066003799,80.2464599609,43050,43060,10
13.0066099167,80.2461166382,43060,43070,10
13.0066003799,80.2455062866,43070,43080,10
13.0066204071,80.2448272705,43080,43090,10
13.0066003799,80.2440719604,43090,43100,10
13.0065603256,80.2433013916,43100,43110,10
13.0065402985,80.24243927,43110,43121,11
13.0065698624,80.2413635254,43121,43131,10
13.0066099167,80.2408599854,43131,43141,10
13.0066404343,80.2406616211,43141,43151,10
13.0066795349,80.2405014038,43151,43161,10
13.0068702698,80.2400894165,43161,43171,10
13.0069599152,80.2393798828,43171,43181,10
13.0071201324,80.2385101318,43181,43191,10
13.0072898865,80.2376174927,43191,43201,10
13.007399559,80.236907959,43201,43211,10
13.0074501038,80.2366409302,43211,43221,10
13.0074796677,80.236541748,43221,43232,11
13.0075798035,80.2360916138,43232,43242,10
13.0077104568,80.2354812622,43242,43252,10
13.0078496933,80.2347869873,43252,43262,10
13.0080099106,80.2339782715,43262,43272,10
13.0081796646,80.2331466675,43272,43282,10
13.0083904266,80.232170105,43282,43292,10
13.0085802078,80.2310180664,43292,43302,10
13.008769989,80.2300186157,43302,43312,10
13.0090198517,80.2287979126,43312,43322,10
13.009349823,80.2277679443,43322,43332,10
13.0098400116,80.2267303467,43332,43343,11
13.0103502274,80.2257080078,43343,43353,10
13.0107498169,80.2248001099,43353,43363,10
13.0109300613,80.2242126465,43363,43373,10
13.0112800598,80.2234573364,43373,43383,10
13.0116596222,80.2226028442,43383,43393,10
13.0121202469,80.2217025757,43393,43403,10
13.012430191,80.2214126587,43403,43413,10
13.0126199722,80.2217636108,43413,43423,10
13.0129404068,80.2222671509,43423,43433,10
13.0133695602,80.2227706909,43433,43443,10
13.013759613,80.2231369019,43443,43453,10
13.0140399933,80.2234802246,43453,43464,11
13.0143299103,80.2238388062,43464,43474,10
13.0149002075,80.2244110107,43474,43484,10
13.0156002045,80.2249984741,43484,43504,20
13.0156002045,80.2249984741,43504,43514,10
13.0157899857,80.2252120972,43514,43524,10
13.0162601471,80.2253417969,43524,43534,10
13.0169200897,80.2251281738,43534,43544,10
13.0176496506,80.224822998,43544,43554,10
13.0183801651,80.2245330811,43554,43564,10
13.0190496445,80.224281311,43564,43575,11
13.0192499161,80.224281311,43575,43585,10
13.0193595886,80.2243118286,43585,43595,10
13.0197601318,80.2244796753,43595,43625,30
13.0197601318,80.2244796753,43625,43635,10
13.0200500488,80.2247924805,43635,43645,10
13.0205497742,80.2251281738,43645,43655,10
13.0211496353,80.2256088257,43655,43665,10
13.0218601227,80.2261428833,43665,43675,10
13.0225496292,80.2266998291,43675,43686,11
13.0233001709,80.2274017334,43686,43696,10
13.0239400864,80.2279815674,43696,43706,10
13.0242996216,80.2283477783,43706,43716,10
13.0243301392,80.2283782959,43716,43726,10
13.0245103836,80.2286682129,43726,43736,10
13.0248804092,80.2291793823,43736,43746,10
13.025349617,80.2297973633,43746,43756,10
13.0258197784,80.2305603027,43756,43766,10
13.0259599686,80.2311019897,43766,43807,41
13.0259599686,80.2311019897,43807,43817,10
13.026049614,80.2314300537,43817,43827,10
13.02643013,80.2313232422,43827,43837,10
13.0270700455,80.2311401367,43837,43847,10
13.0277795792,80.2310028076,43847,43857,10
13.0284204483,80.2309265137,43857,43867,10
13.0285797119,80.2309036255,43867,43877,10
13.0289697647,80.2308883667,43877,43887,10
13.0295000076,80.2308197021,43887,43897,10
13.0300798416,80.2307815552,43897,43907,10
13.0306301117,80.2307128906,43907,43918,11
13.030670166,80.2306671143,43918,43928,10
13.0306396484,80.2303085327,43928,43938,10
13.0304803848,80.2298202515,43938,43948,10
13.0303401947,80.2292175293,43948,43958,10
13.030380249,80.2286682129,43958,43968,10
13.030380249,80.2283477783,43968,43978,10
13.0303897858,80.2281570435,43978,43988,10
13.0304403305,80.2277908325,43988,43998,10
13.0302600861,80.2275238037,43998,44008,10
13.0296401978,80.2274017334,44008,44018,10
13.028960228,80.2273101807,44018,44029,11
13.0283403397,80.2272033691,44029,44039,10
13.0281200409,80.2270965576,44039,44049,10
13.0280199051,80.226600647,44049,44059,10
13.0281600952,80.2258605957,44059,44069,10
13.0283002853,80.2249526978,44069,44079,10
13.028429985,80.2241821289,44079,44089,10
13.0287904739,80.2240219116,44089,44109,20
13.0287904739,80.2240219116,44109,44119,10
13.0289697647,80.2241287231,44119,44129,10
13.0292797089,80.2242736816,44129,44140,11
13.0299196243,80.2242584229,44140,44150,10
13.0306997299,80.224281311,44150,44160,10
13.0310697556,80.2241668701,44160,44170,10
13.0311498642,80.223777771,44170,44180,10
13.0312404633,80.2233581543,44180,44190,10
13.0312004089,80.2231903076,44190,44200,10
13.0311899185,80.22290802,44200,44210,10
13.0313796997,80.2225036621,44210,44220,10
13.0315904617,80.2219467163,44220,44230,10
13.0317802429,80.2213821411,44230,44246,16
13.032119751,80.220161438,44246,44259,13
13.0321302414,80.2197189331,44259,44269,10
13.032119751,80.2196807861,44269,44279,10
13.0321397781,80.2193374634,44279,44289,10
13.0321502686,80.2187576294,44289,44299,10
13.0319099426,80.2184829712,44299,44309,10
13.0314998627,80.2182006836,44309,44319,10
13.0314397812,80.217376709,44319,44329,10
13.031370163,80.2170562744,44329,44339,10
13.0311603546,80.217010498,44339,44349,10
13.0305995941,80.2170028687,44349,44359,10
13.0304698944,80.2166900635,44359,44369,10
13.0304698944,80.2166366577,44369,44380,11
13.0304803848,80.2161712646,44380,44390,10
13.0304203033,80.2154769897,44390,44400,10
13.0303401947,80.2147827148,44400,44410,10
13.0303497314,80.2145385742,44410,44420,10
13.0304203033,80.2141418457,44420,44430,10
13.0304498672,80.2136993408,44430,44440,10
13.0305099487,80.2134628296,44440,44450,10
13.0306301117,80.2129516602,44450,44460,10
13.0307502747,80.2122497559,44460,44470,10
13.0307998657,80.2116622925,44470,44481,11
13.03083992,80.2113189697,44481,44491,10
13.0308704376,80.2110671997,44491,44501,10
13.0309095383,80.2107009888,44501,44511,10
13.0309801102,80.2102432251,44511,44521,10
13.0309095383,80.2101135254,44521,44531,10
13.0306501389,80.2099990845,44531,44541,10
13.0301799774,80.2098999023,44541,44551,10
13.0301303864,80.2092971802,44551,44602,51
13.0301303864,80.2092971802,44602,44612,10
13.0303602219,80.2090606689,44612,44622,10
13.0309495926,80.2092208862,44622,44632,10
13.0315198898,80.2093811035,44632,44642,10
13.0315799713,80.2093963623,44642,44652,10
13.0317497253,80.2094421387,44652,44662,10
13.0319404602,80.2094802856,44662,44672,10
13.0320901871,80.2095108032,44672,44682,10
13.0324802399,80.2095718384,44682,44692,10
13.0331201553,80.2096862793,44692,44702,10
13.0338602066,80.2098007202,44702,44713,11
13.0346002579,80.2099380493,44713,44723,10
13.0350904465,80.2098236084,44723,44733,10
13.0351495743,80.2093811035,44733,44743,10
13.0352401733,80.2086868286,44743,44753,10
13.0352497101,80.2085494995,44753,44763,10
13.0352602005,80.2084579468,44763,44773,10
13.035320282,80.2080535889,44773,44789,16
13.0355100632,80.2068710327,44789,44801,12
13.0355901718,80.2060775757,44801,44809,8
13.035490036,80.2059326172,44809,44818,9
13.0354995728,80.2057876587,44818,44829,11
13.0355195999,80.2054595947,44829,44843,14
13.0357198715,80.2051773071,44843,44852,9
13.0357904434,80.2048034668,44852,44863,11
13.0359201431,80.2041397095,44863,44873,10
13.0360403061,80.20337677,44873,44883,10
13.0361700058,80.2024993896,44883,44893,10
13.0362701416,80.2018127441,44893,44903,10
13.0362997055,80.2015228271,44903,44913,10
13.0362596512,80.201423645,44913,44924,11
13.0363397598,80.2010726929,44924,44933,9
13.0365896225,80.1996078491,44933,44944,11
13.0365896225,80.1996078491,44944,44954,10
13.0367202759,80.1987686157,44954,44964,10
13.0367698669,80.198387146,44964,44974,10
13.0367898941,80.1983032227,44974,44984,10
13.0368795395,80.1978378296,44984,44994,10
13.0369997025,80.1971664429,44994,45004,10
13.0370597839,80.1967468262,45004,45015,11
13.0370998383,80.1963577271,45015,45025,10
13.0370998383,80.1962585449,45025,45035,10
13.0371599197,80.1958465576,45035,45045,10
13.0372800827,80.1951904297,45045,45055,10
13.0374097824,80.1943817139,45055,45066,11
13.0375299454,80.193359375,45066,45076,10
13.0375995636,80.1929473877,45076,45086,10
13.0378904343,80.1927719116,45086,45096,10
13.0383901596,80.1928024292,45096,45106,10
13.038769722,80.1928787231,45106,45116,10
13.0388698578,80.1928863525,45116,45126,10
13.0391998291,80.1929397583,45126,45136,10
13.0395898819,80.1930084229,45136,45146,10
13.0399799347,80.193069458,45146,45156,10
13.0403995514,80.1931533813,45156,45167,11
13.0410404205,80.1932373047,45167,45177,10
13.0415802002,80.1933517456,45177,45187,10
13.0416402817,80.193687439,45187,45197,10
13.0416498184,80.193862915,45197,45207,10
13.0416898727,80.193977356,45207,45217,10
13.0416297913,80.1943893433,45217,45227,10
13.041560173,80.1949691772,45227,45237,10
13.0415096283,80.1956176758,45237,45247,10
13.0414400101,80.1959533691,45247,45257,10
13.0413198471,80.1962509155,45257,45267,10
13.0412902832,80.1966400146,45267,45278,11
13.0413398743,80.1968002319,45278,45288,10
13.0412502289,80.1971130371,45288,45298,10
13.0410404205,80.1977005005,45298,45308,10
13.0410203934,80.1984634399,45308,45318,10
13.0409803391,80.1989898682,45318,45328,10
13.0409402847,80.19921875,45328,45338,10
13.0409698486,80.1994171143,45338,45348,10
13.0409002304,80.1998977661,45348,45358,10
13.0408201218,80.2005462646,45358,45368,10
13.0407104492,80.2013397217,45368,45378,10
13.0406198502,80.2018814087,45378,45388,10
13.0405597687,80.2022171021,45388,45399,11
13.0403995514,80.2029266357,45399,45409,10
13.0402898788,80.2037200928,45409,45419,10
13.0401802063,80.204460144,45419,45429,10
13.040189743,80.2049102783,45429,45439,10
13.0406904221,80.205039978,45439,45449,10
13.0412502289,80.2051391602,45449,45459,10
13.0416498184,80.2052001953,45459,45469,10
13.0422697067,80.2053070068,45469,45479,10
13.0427103043,80.205581665,45479,45489,10
13.0430297852,80.2061233521,45489,45499,10
13.0434598923,80.2067337036,45499,45510,11
13.0438899994,80.2073822021,45510,45520,10
13.0440196991,80.207862854,45520,45530,10
13.0440597534,80.2083511353,45530,45540,10
13.0441503525,80.2090835571,45540,45560,20
13.0441503525,80.2090835571,45560,45570,10
13.0441598892,80.209487915,45570,45580,10
13.0441198349,80.2099990845,45580,45590,10
13.0441904068,80.2108078003,45590,45600,10
13.0442399979,80.2118225098,45600,45651,51
13.0442399979,80.2118225098,45651,45661,10
13.0442304611,80.212097168,45661,45671,10
13.0445899963,80.2122421265,45671,45681,10
13.0452604294,80.2122192383,45681,45691,10
13.0461301804,80.2121887207,45691,45701,10
13.0470504761,80.2121429443,45701,45720,19
13.0470504761,80.2121429443,45720,45730,10
13.0470695496,80.2119522095,45730,45742,12
13.0470504761,80.211807251,45742,45752,10
13.0470399857,80.2117004395,45752,45762,10
13.0470399857,80.2112426758,45762,45772,10
13.0470399857,80.2107696533,45772,45782,10
13.047419548,80.2107620239,45782,45792,10
13.0479803085,80.2107620239,45792,45802,10
13.0485801697,80.2107772827,45802,45812,10
13.0491304398,80.2107772827,45812,45822,10
13.049539566,80.2108001709,45822,45832,10
13.0496397018,80.2104721069,45832,45842,10
13.0495901108,80.2098770142,45842,45853,11
13.0495700836,80.2092666626,45853,45863,10
13.0494203568,80.2087020874,45863,45873,10
13.0492401123,80.2080688477,45873,45883,10
13.0490398407,80.2075195313,45883,45893,10
13.0488996506,80.2072372437,45893,45931,38
13.0488996506,80.2072372437,45931,45941,10
13.048789978,80.2069473267,45941,45951,10
13.0489997864,80.2068405151,45951,45961,10
13.049079895,80.2071762085,45961,46315,354
13.049079895,80.2071762085,46315,46325,10
13.0491399765,80.2073974609,46325,46335,10
13.0490999222,80.2075424194,46335,46345,10
13.0491304398,80.2078170776,46345,46355,10
13.049249649,80.2082824707,46355,46365,10
13.049369812,80.2087631226,46365,46375,10
13.0494098663,80.2090606689,46375,46385,10
13.0494699478,80.2093582153,46385,46395,10
13.0495901108,80.2098770142,46395,46405,10
13.0496196747,80.2104873657,46405,46416,11
13.0496997833,80.2111434937,46416,46426,10
13.0497703552,80.2114868164,46426,46456,30
13.0497703552,80.2114868164,46456,46466,10
13.0498800278,80.2116622925,46466,46476,10
13.0499000549,80.2119293213,46476,46486,10
13.0498800278,80.2121276855,46486,46496,10
13.0496702194,80.2121810913,46496,46506,10
13.049489975,80.2121887207,46506,46523,17
13.0493001938,80.2121276855,46523,46535,12
13.0487604141,80.2121582031,46535,46543,8
13.0482797623,80.2122116089,46543,46555,12
13.0474500656,80.2122879028,46555,46565,10
13.0466499329,80.2123184204,46565,46574,9
13.0459403992,80.2123336792,46574,46585,11
13.0452098846,80.2123718262,46585,46595,10
13.0449304581,80.2123718262,46595,46605,10
13.0447301865,80.2123794556,46605,46615,10
13.0444202423,80.2124023438,46615,46646,31
13.0444202423,80.2124023438,46646,46656,10
13.0442399979,80.2121887207,46656,46666,10
13.0441999435,80.2116699219,46666,46676,10
13.0441799164,80.2109985352,46676,46686,10
13.0441503525,80.2103118896,46686,46696,10
13.0441303253,80.2095718384,46696,46706,10
13.0440998077,80.2089385986,46706,46716,10
13.0440998077,80.2088012695,46716,46726,10
13.0440998077,80.2083969116,46726,46736,10
13.0440196991,80.2077713013,46736,46746,10
13.0436601639,80.207069397,46746,46757,11
13.0431900024,80.2064285278,46757,46767,10
13.0427398682,80.2057800293,46767,46777,10
13.0421199799,80.2053604126,46777,46787,10
13.0413999557,80.2052536011,46787,46797,10
13.0407304764,80.2051467896,46797,46807,10
13.0402097702,80.205039978,46807,46817,10
13.0397500992,80.2049789429,46817,46827,10
13.0391798019,80.2048721313,46827,46837,10
13.038479805,80.204788208,46837,46847,10
13.0381498337,80.204536438,46847,46857,10
13.0382003784,80.2040176392,46857,46868,11
13.0382995605,80.2033004761,46868,46878,10
13.0383796692,80.2025527954,46878,46888,10
13.0384902954,80.2019729614,46888,46898,10
13.0385599136,80.201499939,46898,46908,10
13.0386695862,80.2009124756,46908,46918,10
13.0387496948,80.2002792358,46918,46928,10
13.0388202667,80.199760437,46928,46938,10
13.0388498306,80.1992874146,46938,46948,10
13.0388803482,80.1991424561,46948,46958,10
13.0389299393,80.1988220215,46958,46968,10
13.0390195847,80.1982116699,46968,46978,10
13.0390996933,80.1975631714,46978,46988,10
13.0391597748,80.1970062256,46988,46999,11
13.0391798019,80.1968765259,46999,47009,10
13.0392503738,80.1967315674,47009,47019,10
13.0393295288,80.1964569092,47019,47029,10
13.0393800735,80.1960296631,47029,47039,10
13.0395002365,80.1954269409,47039,47049,10
13.0396099091,80.1946716309,47049,47059,10
13.0396604538,80.1939620972,47059,47069,10
13.0397796631,80.1932983398,47069,47079,10
13.0397796631,80.1932220459,47079,47089,10
13.0396003723,80.1930618286,47089,47100,11
13.0391101837,80.1929473877,47100,47110,10
13.038649559,80.1928710938,47110,47120,10
13.0385704041,80.1928634644,47120,47130,10
13.0382099152,80.1927871704,47130,47140,10
13.0376701355,80.1930236816,47140,47150,10
13.0375204086,80.1937789917,47150,47160,10
13.0374097824,80.194519043,47160,47170,10
13.0373401642,80.1950073242,47170,47180,10
13.0372400284,80.1957321167,47180,47190,10
13.0372104645,80.1960678101,47190,47200,10
13.0371799469,80.1961669922,47200,47210,10
13.0370998383,80.1965179443,47210,47221,11
13.0370197296,80.1972579956,47221,47231,10
13.0369195938,80.1980285645,47231,47241,10
13.0368204117,80.1986236572,47241,47257,16
13.0367298126,80.1988525391,47257,47269,12
13.0366601944,80.1993179321,47269,47277,8
13.0366096497,80.1997833252,47277,47289,12
13.03647995,80.2005310059,47289,47299,10
13.0362997055,80.2016830444,47299,47319,20
13.0362997055,80.2016830444,47319,47330,11
13.0362501144,80.2020874023,47330,47339,9
13.0361404419,80.2025375366,47339,47350,11
13.0360898972,80.2032775879,47350,47359,9
13.0360202789,80.2039413452,47359,47370,11
13.035949707,80.2045593262,47370,47380,10
13.0358400345,80.2053222656,47380,47390,10
13.0357398987,80.2059020996,47390,47400,10
13.0357198715,80.2060165405,47400,47410,10
13.0356502533,80.2063827515,47410,47420,10
13.0355701447,80.2070083618,47420,47430,10
13.0354604721,80.2077407837,47430,47441,11
13.0354604721,80.2080993652,47441,47451,10
13.0353899002,80.2084197998,47451,47461,10
13.0353803635,80.208480835,47461,47471,10
13.035320282,80.2087936401,47471,47481,10
13.0352497101,80.2093276978,47481,47491,10
13.0351600647,80.2099304199,47491,47501,10
13.0350503922,80.2104415894,47501,47511,10
13.034910202,80.2109222412,47511,47521,10
13.0347995758,80.2116317749,47521,47531,10
13.0345697403,80.2121200562,47531,47541,10
13.0339202881,80.212059021,47541,47552,11
13.0325098038,80.2118682861,47552,47572,20
13.0325098038,80.2118682861,47572,47582,10
13.0324296951,80.2118377686,47582,47592,10
13.0320100784,80.2117767334,47592,47602,10
13.0319099426,80.2113571167,47602,47612,10
13.031999588,80.2107925415,47612,47622,10
13.0321102142,80.2100830078,47622,47632,10
13.0318698883,80.2096786499,47632,47642,10
13.0312795639,80.2094802856,47642,47652,10
13.0303297043,80.2092208862,47652,47673,21
13.0303297043,80.2092208862,47673,47683,10
13.030090332,80.2093429565,47683,47693,10
13.0300703049,80.2093963623,47693,47703,10
13.0300102234,80.2096633911,47703,47713,10
13.0303297043,80.2098236084,47713,47723,10
13.0306997299,80.2099533081,47723,47733,10
13.0309095383,80.2100372314,47733,47743,10
13.0309295654,80.210357666,47743,47753,10
13.0308799744,80.2108230591,47753,47763,10
13.0308303833,80.2111587524,47763,47773,10
13.0307798386,80.2115631104,47773,47784,11
13.0307197571,80.2118377686,47784,47794,10
13.0306797028,80.212310791,47794,47804,10
13.030579567,80.2129821777,47804,47814,10
13.0305099487,80.2134170532,47814,47824,10
13.0304698944,80.213722229,47824,47834,10
13.0304002762,80.2141265869,47834,47844,10
13.0303401947,80.2146911621,47844,47854,10
13.0303401947,80.2147598267,47854,47864,10
13.0303401947,80.2149505615,47864,47874,10
13.0303497314,80.2154388428,47874,47884,10
13.0303602219,80.2161712646,47884,47895,11
13.0304203033,80.2168121338,47895,47905,10
13.0305700302,80.2168884277,47905,47915,10
13.0305900574,80.2168884277,47915,47924,9
13.03083992,80.2169113159,47924,47935,11
13.0310297012,80.2169113159,47935,47945,10
13.0312004089,80.2169113159,47945,47955,10
13.031370163,80.2169189453,47955,47965,10
13.0314598083,80.217300415,47965,47975,10
13.0315198898,80.217956543,47975,47984,9
13.0317697525,80.2183609009,47984,47995,11
13.0322198868,80.2185134888,47995,48006,11
13.0322198868,80.2191009521,48006,48016,10
13.0321998596,80.2195205688,48016,48026,10
13.0321998596,80.2200317383,48026,48036,10
13.03221035,80.2203063965,48036,48046,10
13.0322303772,80.2203598022,48046,48056,10
13.0321502686,80.2207336426,48056,48066,10
13.0319900513,80.2212905884,48066,48076,10
13.0317802429,80.2218475342,48076,48086,10
13.0315198898,80.2224197388,48086,48096,10
13.0312404633,80.22290802,48096,48106,10
13.0311803818,80.2235031128,48106,48116,10
13.0311403275,80.223739624,48116,48137,21
13.0311403275,80.223739624,48137,48147,10
13.0311603546,80.2240066528,48147,48157,10
13.0311803818,80.2242202759,48157,48167,10
13.0309000015,80.224281311,48167,48177,10
13.0303602219,80.2242584229,48177,48187,10
13.0296697617,80.224281311,48187,48197,10
13.0291099548,80.2242584229,48197,48207,10
13.0290699005,80.2242507935,48207,48217,10
13.0287904739,80.2240829468,48217,48227,10
13.0284700394,80.2241592407,48227,48238,11
13.0283498764,80.224861145,48238,48248,10
13.028169632,80.2256011963,48248,48258,10
13.0280103683,80.226348877,48258,48268,10
13.0279302597,80.226852417,48268,48278,10
13.0280599594,80.2270126343,48278,48288,10
13.0283603668,80.2270965576,48288,48298,10
13.0284204483,80.2271194458,48298,48308,10
13.0288295746,80.2271881104,48308,48324,16
13.0297899246,80.2273483276,48324,48336,12
13.03028965,80.2275390625,48336,48344,8
13.0303001404,80.2277984619,48344,48357,13
13.0303096771,80.2282562256,48357,48367,10
13.0303201675,80.2284393311,48367,48377,10
13.0302696228,80.2288513184,48377,48387,10
13.0303297043,80.2293777466,48387,48397,10
13.030500412,80.2298126221,48397,48407,10
13.0306301117,80.2302474976,48407,48417,10
13.0306196213,80.23072052,48417,48457,40
13.0306196213,80.23072052,48457,48468,11
13.0303001404,80.230758667,48468,48478,10
13.0301399231,80.2307662964,48478,48488,10
13.029999733,80.2307815552,48488,48498,10
13.0298099518,80.2308273315,48498,48538,40
13.0298099518,80.2308273315,48538,48548,10
13.0294599533,80.2308731079,48548,48558,10
13.029009819,80.2309112549,48558,48568,10
13.0283699036,80.23097229,48568,48579,11
13.0277204514,80.2310562134,48579,48588,9
13.0276603699,80.2313079834,48588,48599,11
13.0277395248,80.2319717407,48599,48609,10
13.027879715,80.2326507568,48609,48619,10
13.0274896622,80.2328414917,48619,48629,10
13.02684021,80.2329788208,48629,48689,60
13.02684021,80.2329788208,48689,48706,17
13.026720047,80.2329864502,48706,48718,12
13.0264396667,80.2330093384,48718,48728,10
13.0262403488,80.2325973511,48728,48736,8
13.0260801315,80.2321624756,48736,48747,11
13.0258598328,80.231338501,48747,48758,11
13.0255403519,80.2303924561,48758,48768,10
13.0249795914,80.2295837402,48768,48778,10
13.0245199203,80.2289810181,48778,48788,10
13.024140358,80.2284927368,48788,48798,10
13.023900032,80.2282104492,48798,48809,11
13.0238599777,80.2281570435,48809,48819,10
13.0236101151,80.2278366089,48819,48829,10
13.0232000351,80.2274398804,48829,48839,10
13.0228395462,80.2270965576,48839,48849,10
13.0225896835,80.226852417,48849,48865,16
13.0218896866,80.2261962891,48865,48877,12
13.0212602615,80.2257385254,48877,48885,8
13.0207796097,80.2253570557,48885,48897,12
13.020070076,80.224899292,48897,48907,10
13.0194301605,80.2245483398,48907,48917,10
13.0186004639,80.2245178223,48917,48928,11
13.0175895691,80.2249526978,48928,48938,10
13.0167798996,80.2252883911,48938,48948,10
13.0163602829,80.2254714966,48948,48958,10
13.0158500671,80.225692749,48958,48968,10
13.0153102875,80.2258911133,48968,48978,10
13.0146903992,80.2261199951,48978,48988,10
13.0142002106,80.2263336182,48988,48997,9
13.0141296387,80.2263793945,48997,49008,11
13.013999939,80.2264404297,49008,49018,10
13.0136003494,80.2265777588,49018,49028,10
13.0130796432,80.2267837524,49028,49039,11
13.0123901367,80.2270431519,49039,49049,10
13.0116596222,80.2273330688,49049,49059,10
13.0108003616,80.2276611328,49059,49069,10
13.0099697113,80.2280197144,49069,49079,10
13.0092000961,80.2284698486,49079,49089,10
13.0089902878,80.2293930054,49089,49099,10
13.008769989,80.23046875,49099,49108,9
13.0085601807,80.2313919067,49108,49119,11
13.0083503723,80.2325363159,49119,49129,10
13.0082798004,80.2333374023,49129,49139,10
13.0082502365,80.2335586548,49139,49150,11
13.0081996918,80.2337036133,49150,49160,10
13.0081100464,80.2340621948,49160,49170,10
13.0079803467,80.2346420288,49170,49180,10
13.0078401566,80.2354202271,49180,49190,10
13.0076599121,80.2362365723,49190,49200,10
13.0074796677,80.2371520996,49200,49210,10
13.0073404312,80.2378768921,49210,49220,10
13.0072202682,80.2385635376,49220,49230,10
13.0071001053,80.2391967773,49230,49271,41
13.0071001053,80.2391967773,49271,49281,10
13.0071001053,80.2393188477,49281,49291,10
13.0070199966,80.2396621704,49291,49301,10
13.0069503784,80.2400665283,49301,49369,68
13.0069503784,80.2400665283,49369,49380,11
13.0069303513,80.2404174805,49380,49390,10
13.0068101883,80.241027832,49390,49400,10
13.0067596436,80.241859436,49400,49408,8
13.0067501068,80.2424621582,49408,49420,12
13.0067396164,80.243057251,49420,49430,10
13.006770134,80.2433776855,49430,49440,10
13.0067195892,80.2436676025,49440,49449,9
13.0067195892,80.2440185547,49449,49461,12
13.0067396164,80.2446899414,49461,49481,20
13.0067396164,80.2446899414,49481,49492,11
13.0067300797,80.2452011108,49492,49512,20
13.0067300797,80.2452011108,49512,49522,10
13.0067195892,80.2454605103,49522,49532,10
13.0067396164,80.2459869385,49532,49542,10
13.006770134,80.2466812134,49542,49552,10
13.0067596436,80.2473907471,49552,49562,10
13.0067501068,80.2481613159,49562,49572,10
13.0067901611,80.2488174438,49572,49582,10
13.0068702698,80.2493972778,49582,49592,10
13.0068798065,80.2496185303,49592,49603,11
13.0068597794,80.2499694824,49603,49613,10
13.0068597794,80.25050354,49613,49633,20
13.0068597794,80.25050354,49633,49643,10
13.006819725,80.250831604,49643,49653,10
13.006819725,80.2511672974,49653,49663,10
13.0067796707,80.2514877319,49663,49673,10
13.0066604614,80.2520065308,49673,49683,10
13.0065603256,80.2527084351,49683,49693,10
13.0065603256,80.2535476685,49693,49703,10
13.0065898895,80.2543869019,49703,49714,11
13.0066204071,80.2550582886,49714,49724,10
13.0066404343,80.2552490234,49724,49734,10
13.0066299438,80.2554931641,49734,49744,10
13.0066404343,80.256111145,49744,49754,10
13.0066699982,80.2572479248,49754,49855,101
13.0066699982,80.2572479248,49855,49865,10
13.0066900253,80.2574996948,49865,49875,10
13.0064001083,80.257598877,49875,49885,10
13.0058403015,80.2574310303,49885,49895,10
13.005200386,80.2572784424,49895,49905,10
13.0044403076,80.2571411133,49905,49915,10
13.0035495758,80.2569274902,49915,49925,10
13.0027503967,80.2567596436,49925,49935,10
13.001950264,80.2566299438,49935,49986,51
13.001950264,80.2566299438,49986,49996,10
13.0014896393,80.2565765381,49996,50006,10
13.0009002686,80.2564926147,50006,50016,10
13.000169754,80.2563781738,50016,50026,10
12.999540329,80.2562637329,50026,50067,41
12.999540329,80.2562637329,50067,50077,10
12.999130249,80.2561721802,50077,50087,10
12.9985799789,80.2560882568,50087,50097,10
12.9978199005,80.2559967041,50097,50107,10
12.997300148,80.2559661865,50107,50117,10
12.9972600937,80.2559661865,50117,50127,10
12.9969501495,80.2560119629,50127,50137,10
12.9968795776,80.2563781738,50137,50147,10
12.9968299866,80.2570419312,50147,50157,10
12.9967298508,80.2578582764,50157,50168,11
12.9966402054,80.2586517334,50168,50178,10
12.9965801239,80.2593231201,50178,50188,10
12.996509552,80.2601394653,50188,50198,10
12.9963998795,80.2609863281,50198,50208,10
12.9963302612,80.2615814209,50208,50218,10
12.9962797165,80.2619628906,50218,50228,10
12.996219635,80.262298584,50228,50238,10
12.9961500168,80.2630310059,50238,50248,10
12.9960899353,80.2638092041,50248,50258,10
12.9959897995,80.2647171021,50258,50268,10
12.9958600998,80.2657318115,50268,50278,10
12.995759964,80.2667388916,50278,50289,11
12.9957504272,80.2676467896,50289,50299,10
12.9962596893,80.2677307129,50299,50309,10
12.9963302612,80.2677383423,50309,50319,10
12.9965801239,80.2677764893,50319,50329,10
12.9970798492,80.2676696777,50329,50339,10
12.997759819,80.2674713135,50339,50349,10
12.9986000061,80.267250061,50349,50359,10
12.9995002747,80.2669906616,50359,50369,10
13.0001001358,80.2664871216,50369,50389,20
13.0001001358,80.2664871216,50389,50400,11
13.0001602173,80.2661590576,50400,50410,10
13.0002002716,80.2657623291,50410,50420,10
13.0003099442,80.2657394409,50420,50430,10
13.0003595352,80.2659988403,50430,50763,333
13.0004396439,80.2662277222,50763,51388,625
13.0003204346,80.2662277222,51388,51529,141
13.0003204346,80.2662277222,51529,51540,11
13.0003299713,80.2663192749,51540,51580,40
13.0003299713,80.2663192749,51580,51590,10
13.000289917,80.2667007446,51590,51600,10
13.0002202988,80.2667694092,51600,51610,10
12.9998903275,80.2668991089,51610,51620,10
12.9993000031,80.2670974731,51620,51630,10
12.9985799789,80.2673416138,51630,51640,10
12.9979400635,80.2675018311,51640,51651,11
12.9971904755,80.2677383423,51651,51661,10
12.9964799881,80.2677764893,51661,51671,10
12.9959096909,80.2677307129,51671,51681,10
12.9956798553,80.2675323486,51681,51691,10
12.9956798553,80.2674026489,51691,51701,10
12.9956998825,80.2671813965,51701,51711,10
12.9957304001,80.2668075562,51711,51721,10
12.9957504272,80.2664489746,51721,51731,10
12.9958000183,80.2659225464,51731,51741,10
12.9958600998,80.2652664185,51741,51751,10
12.9959201813,80.2646636963,51751,51762,11
12.9960002899,80.2640609741,51762,51772,10
12.9960899353,80.2633514404,51772,51782,10
12.9961700439,80.2626800537,51782,51792,10
12.9961996078,80.262588501,51792,51802,10
12.9962301254,80.2623519897,51802,51812,10
12.9962301254,80.2622528076,51812,51822,10
12.9962701797,80.2619018555,51822,51832,10
12.9963302612,80.2614974976,51832,51842,10
12.9963598251,80.2611236572,51842,51852,10
12.9964399338,80.2604980469,51852,51862,10
12.9964895248,80.2599334717,51862,51873,11
12.996509552,80.2594223022,51873,51883,10
12.9965200424,80.2593002319,51883,51893,10
12.9965600967,80.2589569092,51893,51903,10
12.9966402054,80.2583999634,51903,51913,10
12.9967098236,80.2576904297,51913,51923,10
12.9967899323,80.2570571899,51923,51933,10
12.9968204498,80.2563934326,51933,51963,30
12.9968204498,80.2563934326,51963,51973,10
12.9968700409,80.2560501099,51973,52054,81
12.9968700409,80.2560501099,52054,52064,10
12.9968900681,80.2557678223,52064,52074,10
12.9970998764,80.2557067871,52074,52084,10
12.9975595474,80.2557983398,52084,52094,10
12.9981098175,80.2558822632,52094,52105,11
12.9987001419,80.2559814453,52105,52115,10
12.9987297058,80.2560119629,52115,52125,10
12.9990196228,80.2560806274,52125,52165,40
12.9990196228,80.2560806274,52165,52175,10
12.9991598129,80.2560806274,52175,52185,10
12.9995203018,80.256149292,52185,52195,10
13.0001497269,80.2562637329,52195,52206,11
13.000670433,80.2563705444,52206,52218,12
13.0010995865,80.2564620972,52218,52228,10
13.0015497208,80.2565307617,52228,52238,10
13.0019702911,80.2565994263,52238,52248,10
13.0025901794,80.256690979,52248,52258,10
13.0032596588,80.2568283081,52258,52268,10
13.0037899017,80.2569503784,52268,52278,10
13.004360199,80.2570419312,52278,52288,10
13.0050401688,80.2571182251,52288,52298,10
13.0061397552,80.2573928833,52298,52329,31
13.0061397552,80.2573928833,52329,52339,10
13.0064697266,80.257270813,52339,52349,10
13.0064601898,80.2568435669,52349,52359,10
13.0064601898,80.2562179565,52359,52369,10
13.006480217,80.2553710938,52369,52379,10
13.0065097809,80.2545166016,52379,52389,10
13.0065002441,80.2537002563,52389,52399,10
13.006529808,80.2532119751,52399,52409,10
13.006529808,80.2531967163,52409,52419,10
13.0065402985,80.2530136108,52419,52429,10
13.0065603256,80.2526168823,52429,52439,10
13.0066299438,80.2519226074,52439,52510,71
13.0066299438,80.2519226074,52510,52520,10
13.0066604614,80.2517776489,52520,52530,10
13.0067300797,80.2512588501,52530,52540,10
13.0067501068,80.2504196167,52540,52550,10
13.006770134,80.2494735718,52550,52561,11
13.0066604614,80.2481994629,52561,52601,40
13.0066604614,80.2481994629,52601,52611,10
13.0066299438,80.2479019165,52611,52621,10
13.0066299438,80.2474365234,52621,52631,10
13.0066099167,80.2468032837,52631,52641,10
13.0065803528,80.246711731,52641,52651,10
13.006529808,80.2466583252,52651,52661,10
13.0065202713,80.2466201782,52661,52672,11
13.0066003799,80.2463378906,52672,52682,10
13.0066204071,80.2458190918,52682,52692,10
13.0066204071,80.2451095581,52692,52702,10
13.0066099167,80.2442932129,52702,52712,10
13.0065803528,80.243560791,52712,52722,10
13.0065498352,80.2431182861,52722,52732,10
13.0065498352,80.2424468994,52732,52742,10
13.0065603256,80.2415390015,52742,52752,10
13.0066604614,80.2406768799,52752,52762,10
13.006819725,80.2399520874,52762,52772,10
13.0068397522,80.239730835,52772,52782,10
13.0069103241,80.2393493652,52782,52793,11
13.007060051,80.2386398315,52793,52803,10
13.0071697235,80.2380065918,52803,52813,10
13.0072402954,80.2378005981,52813,52823,10
13.0073003769,80.2374267578,52823,52833,10
13.0073604584,80.2369232178,52833,52843,10
13.0073795319,80.2368392944,52843,52853,10
13.0074596405,80.2365493774,52853,52863,10
13.0075702667,80.2360610962,52863,52873,10
13.0077104568,80.2353363037,52873,52883,10
13.007900238,80.2344894409,52883,52893,10
13.0081195831,80.2334594727,52893,52903,10
13.0083398819,80.2323379517,52903,52914,11
13.0085897446,80.2310714722,52914,52924,10
13.0087995529,80.2299118042,52924,52934,10
13.0090398788,80.228767395,52934,52944,10
13.0093803406,80.2276916504,52944,52954,10
13.0098304749,80.2266464233,52954,52964,10
13.0103397369,80.2256393433,52964,52974,10
13.0107402802,80.2249069214,52974,52984,10
13.0108995438,80.2243881226,52984,52994,10
13.0110998154,80.2238388062,52994,53015,21
13.0110998154,80.2238388062,53015,53025,10
13.0111999512,80.2233810425,53025,53035,10
13.0114603043,80.2227478027,53035,53045,10
13.0118598938,80.2219467163,53045,53055,10
13.0122098923,80.2214202881,53055,53065,10
13.012339592,80.2215194702,53065,53075,10
13.0125904083,80.2219314575,53075,53085,10
13.0128698349,80.2220916748,53085,53095,10
13.0135002136,80.2227935791,53095,53105,10
13.0140895844,80.2234420776,53105,53115,10
13.0143299103,80.2236175537,53115,53125,10
13.0147399902,80.2240219116,53125,53136,11
13.0147895813,80.2241287231,53136,53146,10
13.0150403976,80.2244796753,53146,53156,10
13.0151700974,80.2246932983,53156,53172,16
13.0155096054,80.2249832153,53172,53184,12
13.0155897141,80.2250823975,53184,53194,10
13.015879631,80.2252731323,53194,53203,9
13.0165596008,80.2252502441,53203,53214,11
13.0175104141,80.2248764038,53214,53224,10
13.018529892,80.2244567871,53224,53234,10
13.0192298889,80.2242507935,53234,53245,11
13.0193195343,80.2242584229,53245,53255,10
13.0194702148,80.224357605,53255,53265,10
13.0195999146,80.2244873047,53265,53285,20
13.0195999146,80.2244873047,53285,53295,10
13.0198497772,80.2246627808,53295,53305,10
13.0203199387,80.2249984741,53305,53315,10
13.0209197998,80.2254714966,53315,53325,10
13.0215597153,80.2259674072,53325,53335,10
13.022359848,80.2265701294,53335,53345,10
13.0231895447,80.2273025513,53345,53356,11
13.024020195,80.2280426025,53356,53366,10
13.0245599747,80.2287063599,53366,53376,10
13.024889946,80.2291793823,53376,53386,10
13.0252799988,80.2296981812,53386,53396,10
13.0256700516,80.2302398682,53396,53406,10
13.0258398056,80.2305603027,53406,53416,10
13.0259599686,80.2310562134,53416,53456,40
13.0259599686,80.2310562134,53456,53466,10
13.0261001587,80.2312774658,53466,53477,11
13.0265398026,80.2311401367,53477,53493,16
13.0283203125,80.2308425903,53493,53515,22
13.0283203125,80.2308425903,53515,53525,10
13.0286598206,80.2308425903,53525,53535,10
13.0292797089,80.2307891846,53535,53575,40
13.0292797089,80.2307891846,53575,53586,11
13.0298204422,80.2307510376,53586,53596,10
13.0303401947,80.2306976318,53596,53607,11
13.0305900574,80.2306289673,53607,53617,10
13.0305995941,80.2306289673,53617,53627,10
13.0306501389,80.2304077148,53627,53637,10
13.0305204391,80.229927063,53637,53647,10
13.0302696228,80.2292480469,53647,53657,10
13.0303201675,80.2284698486,53657,53667,10
13.0303297043,80.2283096313,53667,53677,10
13.0303401947,80.2282028198,53677,53687,10
13.0303602219,80.2278594971,53687,53698,11
13.0303001404,80.2274703979,53698,53708,10
13.0298099518,80.2274017334,53708,53717,9
13.0291595459,80.2273025513,53717,53728,11
13.0283498764,80.227180481,53728,53738,10
13.0279998779,80.2270278931,53738,53748,10
13.0279302597,80.2267303467,53748,53758,10
13.0280199051,80.2261810303,53758,53768,10
13.0281801224,80.2253875732,53768,53778,10
13.0283498764,80.2244796753,53778,53788,10
13.028550148,80.2239532471,53788,53798,10
13.0286798477,80.2239685059,53798,53809,11
13.0288295746,80.224067688,53809,53819,10
13.0291795731,80.2242584229,53819,53829,10
13.0297899246,80.2242965698,53829,53839,10
13.0303897858,80.2242965698,53839,53849,10
13.0309200287,80.2242965698,53849,53859,10
13.0310201645,80.2239074707,53859,53869,10
13.0310897827,80.223449707,53869,53879,10
13.0311002731,80.2233505249,53879,53889,10
13.0311803818,80.2231369019,53889,53899,10
13.0313100815,80.222618103,53899,53909,10
13.0316400528,80.222076416,53909,53919,10
13.0319299698,80.2214202881,53919,53930,11
13.0321502686,80.2205200195,53930,53940,10
13.0321598053,80.219833374,53940,53950,10
13.0321798325,80.2196273804,53950,53960,10
13.0321903229,80.2194595337,53960,53970,10
13.0321998596,80.219039917,53970,53980,10
13.0320100784,80.2184524536,53980,53990,10
13.0314798355,80.2182617188,53990,54000,10
13.0314502716,80.2175979614,54000,54010,10
13.0313596725,80.2171401978,54010,54020,10
13.0311698914,80.217048645,54020,54030,10
13.0308904648,80.2170181274,54030,54041,11
13.0305995941,80.2169799805,54041,54050,9
13.0304603577,80.2167129517,54050,54061,11
13.0304298401,80.2165679932,54061,54071,10
13.0304002762,80.2162704468,54071,54081,10
13.030380249,80.2156600952,54081,54091,10
13.0303297043,80.2148666382,54091,54101,10
13.0303602219,80.2145996094,54101,54111,10
13.030380249,80.2143478394,54111,54121,10
13.0304498672,80.2138366699,54121,54131,10
13.0304899216,80.2135391235,54131,54141,10
13.0305500031,80.2132415771,54141,54152,11
13.0306396484,80.2125778198,54152,54162,10
13.0307397842,80.2119903564,54162,54172,10
13.030790329,80.2116088867,54172,54182,10
13.0308103561,80.2113876343,54182,54192,10
13.0308599472,80.2110595703,54192,54202,10
13.0308904648,80.210899353,54202,54212,10
13.0309696198,80.2104721069,54212,54222,10
13.0309801102,80.2101135254,54222,54232,10
13.0308103561,80.2100067139,54232,54248,16
13.030090332,80.209777832,54248,54260,12
13.0300998688,80.2093505859,54260,54403,143
13.0300998688,80.2093505859,54403,54413,10
13.0303297043,80.2089996338,54413,54423,10
13.030790329,80.2091369629,54423,54433,10
13.0314502716,80.2093429565,54433,54443,10
13.0316095352,80.2093963623,54443,54452,9
13.0316896439,80.2094497681,54452,54462,10
13.0320501328,80.2095184326,54462,54473,11
13.0327997208,80.2096481323,54473,54483,10
13.0336399078,80.2098007202,54483,54494,11
13.0346403122,80.2099533081,54494,54504,10
13.0351400375,80.2096633911,54504,54514,10
13.0352497101,80.2087402344,54514,54534,20
13.0352497101,80.2087402344,54534,54544,10
13.0352897644,80.2084274292,54544,54554,10
13.035369873,80.2079315186,54554,54564,10
13.0354700089,80.2072296143,54564,54574,10
13.0355701447,80.2064285278,54574,54584,10
13.0355100632,80.2060012817,54584,54594,10
13.0354995728,80.2057113647,54594,54605,11
13.0355396271,80.2053985596,54605,54615,10
13.0356197357,80.2052764893,54615,54625,10
13.035779953,80.2051391602,54625,54635,10
13.0358600616,80.204826355,54635,54645,10
13.0359201431,80.2042770386,54645,54655,10
13.0360498428,80.2035217285,54655,54665,10
13.0361995697,80.2026824951,54665,54675,10
13.0362901688,80.2018127441,54675,54685,10
13.0363197327,80.2013473511,54685,54695,10
13.0364398956,80.2007827759,54695,54705,10
13.0365400314,80.1999664307,54705,54715,10
13.0366802216,80.1990432739,54715,54726,11
13.0367603302,80.1983566284,54726,54736,10
13.0367603302,80.1983032227,54736,54746,10
13.0368204117,80.1980209351,54746,54756,10
13.0369100571,80.1975326538,54756,54766,10
13.03703022,80.1968307495,54766,54776,10
13.0370798111,80.1963272095,54776,54786,10
13.0370798111,80.1963195801,54786,54796,10
13.0371599197,80.1959381104,54796,54806,10
13.037229538,80.1954498291,54806,54816,10
13.037320137,80.1947631836,54816,54826,10
13.0374403,80.1939163208,54826,54837,11
13.037560463,80.1929626465,54837,54847,10
13.0380296707,80.192741394,54847,54857,10
13.0386600494,80.1928787231,54857,54867,10
13.0387201309,80.1928634644,54867,54877,10
13.0388803482,80.1928482056,54877,54887,10
13.0391597748,80.1929092407,54887,54897,10
13.0396003723,80.1929702759,54897,54907,10
13.0402202606,80.1931228638,54907,54917,10
13.0407896042,80.1932220459,54917,54927,10
13.0412797928,80.1932983398,54927,54937,10
13.0415802002,80.193649292,54937,54947,10
13.0416002274,80.1943588257,54947,54958,11
13.0415401459,80.1952590942,54958,54968,10
13.0414495468,80.1958770752,54968,54978,10
13.0413999557,80.1963806152,54978,54988,10
13.0413599014,80.1967163086,54988,54998,10
13.0413198471,80.1970596313,54998,55008,10
13.0412101746,80.1977310181,55008,55018,10
13.0410804749,80.198600769,55018,55028,10
13.0410203934,80.1990966797,55028,55038,10
13.0410003662,80.199256897,55038,55048,10
13.0409698486,80.1995162964,55048,55058,10
13.0409002304,80.199836731,55058,55069,11
13.0408201218,80.2004470825,55069,55079,10
13.0407400131,80.2011489868,55079,55095,16
13.0405597687,80.2021408081,55095,55107,12
13.0404500961,80.2029418945,55107,55117,10
13.0403995514,80.2036437988,55117,55127,10
13.0402898788,80.2043380737,55127,55136,9
13.0402297974,80.2046813965,55136,55147,11
13.0404100418,80.2050018311,55147,55157,10
13.0409202576,80.2050704956,55157,55167,10
13.0410804749,80.2051010132,55167,55177,10
13.0414199829,80.2051391602,55177,55188,11
13.0421304703,80.2052536011,55188,55198,10
13.042429924,80.2053375244,55198,55207,9
13.0426702499,80.2055282593,55207,55218,11
13.0430698395,80.206161499,55218,55228,10
13.0435400009,80.2068405151,55228,55238,10
13.0439395905,80.2074813843,55238,55248,10
13.0440998077,80.2082214355,55248,55258,10
13.0441503525,80.2088165283,55258,55288,30
13.0441503525,80.2088165283,55288,55299,11
13.0441703796,80.2092437744,55299,55309,10
13.0441799164,80.2096481323,55309,55319,10
13.0441904068,80.2103271484,55319,55329,10
13.044210434,80.2112426758,55329,55339,10
13.0442800522,80.2121124268,55339,55359,20
13.0442800522,80.2121124268,55359,55369,10
13.0443401337,80.2122192383,55369,55379,10
13.044500351,80.2122192383,55379,55389,10
13.0449695587,80.2121963501,55389,55399,10
13.0456895828,80.2121734619,55399,55410,11
13.0465698242,80.2121429443,55410,55420,10
13.0469703674,80.2121124268,55420,55430,10
13.0470504761,80.2120132446,55430,55440,10
13.0470504761,80.2118606567,55440,55450,10
13.0470504761,80.2117614746,55450,55460,10
13.0470199585,80.2113876343,55460,55470,10
13.0469799042,80.2109298706,55470,55480,10
13.0471897125,80.2107391357,55480,55490,10
13.047659874,80.2107009888,55490,55500,10
13.0482902527,80.2107620239,55500,55510,10
13.0489196777,80.2107620239,55510,55521,11
13.0494003296,80.2107696533,55521,55531,10
13.0495595932,80.2104187012,55531,55541,10
13.0494804382,80.2097702026,55541,55551,10
13.0494604111,80.2092590332,55551,55561,10
13.0494003296,80.2087020874,55561,55571,10
13.0491895676,80.2080307007,55571,55581,10
13.0488996506,80.2072296143,55581,55601,20
13.0488996506,80.2072296143,55601,55611,10
13.0488195419,80.2068862915,55611,55621,10
13.0490398407,80.2067718506,55621,55722,101
13.0493001938,80.2070465088,55722,56338,616
13.0493001938,80.2070465088,56338,56348,10
13.0490903854,80.2073516846,56348,56358,10
13.049079895,80.2073516846,56358,56368,10
13.0490102768,80.2075195313,56368,56378,10
13.0491504669,80.2079086304,56378,56388,10
13.0493202209,80.208442688,56388,56398,10
13.0494604111,80.2089385986,56398,56408,10
13.0495901108,80.2094802856,56408,56418,10
13.0496196747,80.2098388672,56418,56427,9
13.0496397018,80.2101898193,56427,56439,12
13.0496997833,80.2108383179,56439,56449,10
13.0497999191,80.2115325928,56449,56499,50
13.0497999191,80.2115325928,56499,56509,10
13.0498504639,80.2117919922,56509,56519,10
13.0498800278,80.212020874,56519,56529,10
13.0497703552,80.2122268677,56529,56538,9
13.0495595932,80.2122497559,56538,56550,12
13.0494804382,80.2122268677,56550,56560,10
13.0492401123,80.2122192383,56560,56570,10
13.048789978,80.2122421265,56570,56580,10
13.0481004715,80.2122879028,56580,56590,10
13.0472602844,80.212348938,56590,56600,10
13.0463895798,80.2123794556,56600,56610,10
13.0455598831,80.212387085,56610,56620,10
13.045009613,80.2124404907,56620,56630,10
13.0449800491,80.2124481201,56630,56640,10
13.044719696,80.2124633789,56640,56650,10
13.0443096161,80.2124023438,56650,56661,11
13.044260025,80.2118911743,56661,56671,10
13.0442304611,80.2111587524,56671,56681,10
13.0441799164,80.2103805542,56681,56691,10
13.0441398621,80.2096176147,56691,56701,10
13.0441398621,80.209487915,56701,56711,10
13.0441102982,80.2092819214,56711,56721,10
13.044090271,80.208946228,56721,56731,10
13.044090271,80.2089385986,56731,56741,10
13.0440702438,80.2086791992,56741,56751,10
13.0440702438,80.2081222534,56751,56761,10
13.0438995361,80.2074279785,56761,56771,10
13.0434503555,80.2067871094,56771,56782,11
13.0429801941,80.2061080933,56782,56792,10
13.0423297882,80.2054672241,56792,56802,10
13.041560173,80.2052612305,56802,56812,10
13.0408697128,80.2051773071,56812,56822,10
13.0407800674,80.2051773071,56822,56832,10
13.0404396057,80.2051467896,56832,56842,10
13.0399303436,80.2050704956,56842,56852,10
13.039270401,80.2049636841,56852,56862,10
13.0387601852,80.2048568726,56862,56872,10
13.0382499695,80.2047729492,56872,56882,10
13.0381498337,80.2045211792,56882,56893,11
13.0382204056,80.2039794922,56893,56903,10
13.0383195877,80.2032775879,56903,56913,10
13.0383901596,80.2028579712,56913,56923,10
13.0384397507,80.2026062012,56923,56933,10
13.0385103226,80.2021179199,56933,56943,10
13.0385799408,80.2016830444,56943,56959,16
13.0387296677,80.2008972168,56959,56971,12
13.0388097763,80.2001495361,56971,56981,10
13.0388402939,80.1998596191,56981,56990,9
13.0388898849,80.1992797852,56990,57001,11
13.0389604568,80.1986999512,57001,57012,11
13.0390501022,80.1981124878,57012,57022,10
13.0391397476,80.1976623535,57022,57032,10
13.0392398834,80.1970291138,57032,57042,10
13.0392599106,80.1968994141,57042,57052,10
13.0392904282,80.1965866089,57052,57062,10
13.0393695831,80.1961593628,57062,57072,10
13.0394096375,80.1958770752,57072,57082,10
13.0395002365,80.1953125,57082,57092,10
13.0395803452,80.1946792603,57092,57102,10
13.0396995544,80.193862915,57102,57112,10
13.0397796631,80.1932678223,57112,57123,11
13.0396203995,80.1930770874,57123,57133,10
13.0388002396,80.1928863525,57133,57152,19
13.0388002396,80.1928863525,57152,57163,11
13.0381402969,80.1928482056,57163,57183,20
13.0381402969,80.1928482056,57183,57193,10
13.0379199982,80.1928787231,57193,57203,10
13.0376701355,80.1930618286,57203,57213,10
13.0375795364,80.1936264038,57213,57222,9
13.0375003815,80.1943206787,57222,57234,12
13.037320137,80.1953582764,57234,57244,10
13.0372600555,80.1959381104,57244,57254,10
13.0372400284,80.1960372925,57254,57264,10
13.0372200012,80.1961898804,57264,57274,10
13.0371398926,80.1965866089,57274,57284,10
13.0370502472,80.1972808838,57284,57294,10
13.0369596481,80.1979827881,57294,57304,10
13.0368795395,80.1984405518,57304,57314,10
13.036860466,80.1985626221,57314,57324,10
13.0368404388,80.1987075806,57324,57334,10
13.0367698669,80.1991424561,57334,57345,11
13.0366802216,80.1998977661,57345,57355,10
13.0365695953,80.2006835938,57355,57365,10
13.036450386,80.2013397217,57365,57375,10
13.0364103317,80.2016830444,57375,57385,10
13.0363798141,80.2018203735,57385,57395,10
13.0363502502,80.2021789551,57395,57405,10
13.0362796783,80.2027893066,57405,57415,10
13.0361604691,80.2035827637,57415,57425,10
13.0360498428,80.2042999268,57425,57435,10
13.0359401703,80.2049407959,57435,57445,10
13.0358295441,80.2056808472,57445,57455,10
13.0357704163,80.2060089111,57455,57466,11
13.0357198715,80.2063674927,57466,57476,10
13.0356302261,80.2069702148,57476,57486,10
13.0355300903,80.2077178955,57486,57496,10
13.0354499817,80.2083129883,57496,57506,10
13.0354299545,80.2084503174,57506,57516,10
13.035369873,80.2087783813,57516,57526,10
13.0352602005,80.2093887329,57526,57536,10
13.0351600647,80.2100601196,57536,57546,10
13.0350599289,80.2105331421,57546,57556,10
13.0349702835,80.2108535767,57556,57567,11
13.0348796844,80.211479187,57567,57577,10
13.0347499847,80.2121200562,57577,57587,10
13.0342102051,80.2121200562,57587,57597,10
13.033539772,80.2120437622,57597,57607,10
13.0327796936,80.2119674683,57607,57617,10
13.0325202942,80.2119293213,57617,57627,10
13.0323801041,80.2118911743,57627,57637,10
13.0319795609,80.2117767334,57637,57647,10
13.0319404602,80.2113037109,57647,57657,10
13.0320100784,80.2106399536,57657,57667,10
13.0320796967,80.2099533081,57667,57677,10
13.0318498611,80.2096405029,57677,57688,11
13.0311698914,80.2094726563,57688,57698,10
13.0305404663,80.209312439,57698,57708,10
13.0301399231,80.2092819214,57708,57718,10
13.030090332,80.2095413208,57718,57728,10
13.030090332,80.2095565796,57728,57738,10
13.0300502777,80.2097625732,57738,57748,10
13.0301303864,80.2098312378,57748,57758,10
13.0304203033,80.2098922729,57758,57768,10
13.0308704376,80.2100296021,57768,57778,10
13.0309801102,80.2101821899,57778,57787,9
13.0309696198,80.2104492188,57787,57799,12
13.0308904648,80.2110595703,57799,57809,10
13.0308799744,80.2112426758,57809,57819,10
13.0308198929,80.2116394043,57819,57829,10
13.0307798386,80.2118835449,57829,57839,10
13.0307197571,80.2123413086,57839,57849,10
13.0306301117,80.2129211426,57849,57859,10
13.0305500031,80.2134933472,57859,57869,10
13.0305204391,80.2137298584,57869,57879,10
13.0304698944,80.214050293,57879,57889,10
13.0303897858,80.21459198,57889,57899,10
13.030380249,80.2147674561,57899,57910,11
13.030380249,80.2151489258,57910,57920,10
13.0303697586,80.2155380249,57920,57930,10
13.0304298401,80.216468811,57930,57950,20
13.0304298401,80.216468811,57950,57960,10
13.0304403305,80.2167510986,57960,57970,10
13.0306301117,80.2169189453,57970,57980,10
13.0306596756,80.2169265747,57980,57990,10
13.0310001373,80.2169570923,57990,58000,10
13.0313196182,80.217010498,58000,58010,10
13.0314302444,80.2174224854,58010,58021,11
13.0314998627,80.2181167603,58021,58031,10
13.0319595337,80.2183990479,58031,58041,10
13.0322599411,80.2186584473,58041,58051,10
13.0322303772,80.2191772461,58051,58061,10
13.0322303772,80.2198181152,58061,58071,10
13.0322599411,80.2202682495,58071,58081,10
13.0322599411,80.2202911377,58081,58091,10
13.0322399139,80.2205810547,58091,58101,10
13.0320901871,80.2210998535,58101,58111,10
13.0319004059,80.2217178345,58111,58121,10
13.0316295624,80.2222366333,58121,58131,10
13.031419754,80.2226104736,58131,58142,11
13.0312099457,80.2231674194,58142,58152,10
13.0311603546,80.2237319946,58152,58162,10
13.0311899185,80.2241210938,58162,58172,10
13.0309000015,80.2243423462,58172,58182,10
13.0305204391,80.2243270874,58182,58192,10
13.0300397873,80.2242965698,58192,58202,10
13.0294799805,80.224319458,58202,58212,10
13.0290699005,80.2242584229,58212,58222,10
13.0289697647,80.2241897583,58222,58232,10
13.0287103653,80.2241134644,58232,58242,10
13.0284795761,80.224357605,58242,58253,11
13.0283203125,80.2251205444,58253,58263,10
13.0281600952,80.2258377075,58263,58273,10
13.0280199051,80.2264862061,58273,58283,10
13.0279598236,80.2269210815,58283,58293,10
13.0281200409,80.2270584106,58293,58303,10
13.0285196304,80.2271499634,58303,58313,10
13.0291404724,80.2272567749,58313,58323,10
13.0298595428,80.2273712158,58323,58333,10
13.030380249,80.2275009155,58333,58343,10
13.0304203033,80.2278289795,58343,58353,10
13.0303897858,80.2281494141,58353,58364,11
13.0303401947,80.2286300659,58364,58374,10
13.0303001404,80.2290802002,58374,58384,10
13.0304403305,80.2296218872,58384,58394,10
13.0306196213,80.2302093506,58394,58404,10
13.0306997299,80.2306289673,58404,58414,10
13.030579567,80.2307891846,58414,58424,10
13.0298099518,80.2308578491,58424,58454,30
13.0298099518,80.2308578491,58454,58464,10
13.0295295715,80.2308883667,58464,58474,10
13.029129982,80.2309188843,58474,58485,11
13.0284700394,80.2309875488,58485,58495,10
13.0283098221,80.231010437,58495,58505,10
13.0281095505,80.2310562134,58505,58515,10
13.0277099609,80.231086731,58515,58525,10
13.027680397,80.2313995361,58525,58541,16
13.0277996063,80.2323303223,58541,58553,12
13.0277099609,80.2328567505,58553,58561,8
13.0272598267,80.2329177856,58561,58573,12
13.0267896652,80.2329864502,58573,58583,10
13.0264701843,80.232963562,58583,58594,11
13.0263004303,80.2326965332,58594,58624,30
13.0263004303,80.2326965332,58624,58634,10
13.0261802673,80.2322769165,58634,58644,10
13.0260801315,80.2318572998,58644,58654,10
13.0259799957,80.231338501,58654,58664,10
13.0256595612,80.2305908203,58664,58674,10
13.0251598358,80.2298583984,58674,58684,10
13.0248298645,80.2294235229,58684,58694,10
13.0248203278,80.2294006348,58694,58705,11
13.0247898102,80.2293167114,58705,58715,10
13.0245399475,80.2289962769,58715,58725,10
13.0239496231,80.2282714844,58725,58745,20
13.0239496231,80.2282714844,58745,58755,10
13.0238103867,80.2280426025,58755,58765,10
13.0235004425,80.2277374268,58765,58775,10
13.0231800079,80.2274169922,58775,58785,10
13.0227499008,80.2270431519,58785,58795,10
13.0222396851,80.2265930176,58795,58805,10
13.0216903687,80.2261276245,58805,58815,10
13.0213003159,80.2258300781,58815,58826,11
13.0209102631,80.2255172729,58826,58836,10
13.0204000473,80.2251815796,58836,58846,10
13.0200901031,80.2249832153,58846,58856,10
13.0200796127,80.2249679565,58856,58866,10
13.0200300217,80.2249603271,58866,58876,10
13.0197601318,80.2247390747,58876,58886,10
13.0191602707,80.2245101929,58886,58896,10
13.0184297562,80.2246627808,58896,58906,10
13.0176696777,80.2249832153,58906,58916,10
13.0168895721,80.2253189087,58916,58927,11
13.0164804459,80.225479126,58927,58937,10
13.0161104202,80.2256011963,58937,58947,10
13.0155696869,80.2257995605,58947,58957,10
13.0149097443,80.2260665894,58957,58967,10
13.0143003464,80.22631073,58967,58977,10
13.0139198303,80.2265167236,58977,58987,10
13.0137996674,80.2265625,58987,58997,10
13.013589859,80.2266082764,58997,59007,10
13.0131502151,80.2267608643,59007,59017,10
13.012550354,80.2269821167,59017,59027,10
13.0120897293,80.2271575928,59027,59037,10
13.0114603043,80.2274017334,59037,59053,16
13.0101804733,80.2279205322,59053,59066,13
13.0091400146,80.2285308838,59066,59073,7
13.0090103149,80.2291870117,59073,59082,9
13.0089197159,80.2296981812,59082,59097,15
13.0085601807,80.2317276001,59097,59106,9
13.0084104538,80.2326431274,59106,59115,9
13.0083198547,80.2334213257,59115,59131,16
13.0082597733,80.2336273193,59131,59141,10
13.0082101822,80.2336807251,59141,59151,10
13.0081396103,80.2339782715,59151,59158,7
13.008099556,80.2343215942,59158,59172,14
13.0079803467,80.2349777222,59172,59181,9
13.0079803467,80.234992981,59181,59193,12
13.0078802109,80.2353668213,59193,59203,10
13.0078296661,80.2358703613,59203,59213,10
13.0076799393,80.2365570068,59213,59223,10
13.0074300766,80.2376937866,59223,59234,11
13.0072603226,80.2388305664,59234,59243,9
13.0071001053,80.2395935059,59243,59253,10
13.0069999695,80.2400665283,59253,59284,31
13.0069999695,80.2400665283,59284,59293,9
13.0069999695,80.2403793335,59293,59304,11
13.0069303513,80.2407302856,59304,59314,10
13.0069198608,80.2407608032,59314,59324,10
13.0068798065,80.240852356,59324,59334,10
13.006819725,80.2417526245,59334,59344,10
13.006819725,80.2417526245,59344,59354,10
13.0068397522,80.2424926758,59354,59364,10
13.006819725,80.2432403564,59364,59374,10
13.0068502426,80.2440567017,59374,59385,11
13.0067901611,80.2450714111,59385,59395,10
13.0068101883,80.2459335327,59395,59405,10
13.0068101883,80.246307373,59405,59416,11
13.0068397522,80.2468490601,59416,59426,10
13.0068101883,80.2475128174,59426,59436,10
13.0067996979,80.2482910156,59436,59446,10
13.0068798065,80.2491226196,59446,59456,10
13.0069198608,80.2495727539,59456,59466,10
13.0068998337,80.2496566772,59466,59475,9
13.0069103241,80.2499084473,59475,59486,11
13.0068902969,80.2504806519,59486,59496,10
13.0068798065,80.2511367798,59496,59527,31
13.0068798065,80.2511367798,59527,59537,10
13.0068302155,80.2513504028,59537,59547,10
13.0067501068,80.2518005371,59547,59557,10
13.0066404343,80.2523880005,59557,59567,10
13.0066099167,80.2530212402,59567,59577,10
13.0065898895,80.2537384033,59577,59587,10
13.0066604614,80.2550582886,59587,59608,21
13.0066604614,80.2550582886,59608,59618,10
13.0066204071,80.2553329468,59618,59628,10
13.0066404343,80.2558898926,59628,59638,10
13.0066404343,80.2566299438,59638,59648,10
13.0067195892,80.2573394775,59648,59749,101
13.0067195892,80.2573394775,59749,59759,10
13.0067596436,80.2574234009,59759,59769,10
13.0064601898,80.2575912476,59769,59779,10
13.0058403015,80.2574462891,59779,59788,9
13.0052204132,80.2573013306,59788,59798,10
13.0044603348,80.2571411133,59798,59808,10
13.003660202,80.2569732666,59808,59819,11
13.002820015,80.2568130493,59819,59829,10
13.0021600723,80.256690979,59829,59840,11
13.0014400482,80.2566070557,59840,59900,60
13.0014400482,80.2566070557,59900,59910,10
13.0011301041,80.2566223145,59910,59920,10
13.0005598068,80.2565002441,59920,59930,10
12.9996995926,80.2563171387,59930,59950,20
12.9996995926,80.2563171387,59950,59961,11
12.9993801117,80.2562332153,59961,59971,10
12.998840332,80.2561187744,59971,59981,10
12.9982299805,80.2560424805,59981,59991,10
12.9980697632,80.2560195923,59991,60001,10
12.9978103638,80.2560119629,60001,60011,10
12.9972600937,80.2559890747,60011,60021,10
12.9968996048,80.2562408447,60021,60031,10
12.9968500137,80.2569732666,60031,60051,20
12.9968500137,80.2569732666,60051,60062,11
12.9968700409,80.2571563721,60062,60072,10
12.9968004227,80.257598877,60072,60082,10
12.996720314,80.2582321167,60082,60092,10
12.9966402054,80.2589035034,60092,60102,10
12.9965600967,80.2596206665,60102,60122,20
12.9965600967,80.2596206665,60122,60132,10
12.9965295792,80.2598876953,60132,60142,10
12.9964799881,80.2603683472,60142,60152,10
12.9964704514,80.2606124878,60152,60162,10
12.9964103699,80.2610321045,60162,60172,10
12.996339798,80.261680603,60172,60183,11
12.9962701797,80.2623519897,60183,60193,10
12.996219635,80.2624664307,60193,60203,10
12.9961900711,80.2625808716,60203,60213,10
12.9961595535,80.2629470825,60213,60223,10
12.9961299896,80.2635421753,60223,60233,10
12.9960403442,80.2643127441,60233,60243,10
12.9959402084,80.2652435303,60243,60253,10
12.9958295822,80.2662200928,60253,60263,10
12.9957304001,80.2671737671,60263,60273,10
12.9960899353,80.2677078247,60273,60294,21
12.9960899353,80.2677078247,60294,60304,10
12.9964399338,80.2677612305,60304,60314,10
12.9969797134,80.2677230835,60314,60324,10
12.9976596832,80.2675170898,60324,60334,10
12.998459816,80.2673034668,60334,60344,10
13.0000801086,80.2666320801,60344,60372,28
13.0000801086,80.2666320801,60372,60380,8
13.000120163,80.2665481567,60380,60391,11
13.000169754,80.266166687,60391,60402,11
13.0002698898,80.2656936646,60402,60413,11
13.0003499985,80.2658920288,60413,60423,10
13.0002603531,80.2664489746,60423,61633,1210
13.0002603531,80.2664489746,61633,61643,10
13.0003404617,80.2667007446,61643,61654,11
13.0003404617,80.2667388916,61654,61664,10
13.000120163,80.2669067383,61664,61674,10
12.9996995926,80.266998291,61674,61684,10
12.9991598129,80.2671432495,61684,61694,10
12.9985599518,80.2673110962,61694,61704,10
12.9982099533,80.2673873901,61704,61714,10
12.9976997375,80.267539978,61714,61724,10
12.9970197678,80.2677230835,61724,61734,10
12.9963302612,80.267791748,61734,61744,10
12.9958696365,80.2677307129,61744,61754,10
12.9956598282,80.2675323486,61754,61765,11
12.9956598282,80.2674026489,61765,61775,10
12.9956703186,80.267326355,61775,61785,10
12.9957199097,80.2670898438,61785,61795,10
12.9957304001,80.2666702271,61795,61805,10
12.9957895279,80.2660293579,61805,61815,10
12.9958600998,80.2652816772,61815,61825,10
12.9959897995,80.2644805908,61825,61835,10
12.9960699081,80.2638778687,61835,61845,10
12.9961500168,80.2632217407,61845,61855,10
12.9961900711,80.2627105713,61855,61865,10
12.9961996078,80.2626419067,61865,61876,11
12.996219635,80.2625427246,61876,61886,10
12.9962396622,80.2623214722,61886,61896,10
12.9962501526,80.2621383667,61896,61906,10
12.9963302612,80.2617416382,61906,61916,10
12.9963903427,80.2610015869,61916,61926,10
12.9964895248,80.2602310181,61926,61936,10
12.9965400696,80.2596206665,61936,61946,10
12.9965801239,80.2590484619,61946,61956,10
12.9966497421,80.2583694458,61956,61966,10
12.996720314,80.2576599121,61966,61976,10
12.9968004227,80.2570037842,61976,61987,11
12.9968299866,80.2567367554,61987,61997,10
12.9968595505,80.2560882568,61997,62098,101
12.9968595505,80.2560882568,62098,62108,10
12.9968395233,80.2558898926,62108,62118,10
12.997130394,80.2557983398,62118,62128,10
12.9976396561,80.2558288574,62128,62138,10
12.9982995987,80.2559280396,62138,62148,10
12.9987897873,80.2559967041,62148,62168,20
12.9987897873,80.2559967041,62168,62178,10
12.9991197586,80.2560882568,62178,62188,10
12.9994897842,80.2561569214,62188,62198,10
13.0000495911,80.2562866211,62198,62208,10
13.0007095337,80.256401062,62208,62219,11
13.0013399124,80.2565231323,62219,62229,10
13.0017595291,80.2565994263,62229,62239,10
13.0019397736,80.2566223145,62239,62249,10
13.0021800995,80.2566680908,62249,62259,10
13.0024995804,80.2567214966,62259,62269,10
13.002869606,80.2567977905,62269,62279,10
13.0031995773,80.2568588257,62279,62289,10
13.0036401749,80.256942749,62289,62299,10
13.0040502548,80.257019043,62299,62309,10
13.0043201447,80.2570495605,62309,62319,10
13.0047702789,80.2571411133,62319,62330,11
13.0056200027,80.2573013306,62330,62380,50
13.0056200027,80.2573013306,62380,62390,10
13.00578022,80.257270813,62390,62400,10
13.0061798096,80.2573776245,62400,62410,10
13.0065097809,80.2573776245,62410,62420,10
13.0065402985,80.256980896,62420,62430,10
13.0065402985,80.2565612793,62430,62441,11
13.0065202713,80.2559967041,62441,62451,10
13.0065202713,80.2553405762,62451,62461,10
13.0065202713,80.2546234131,62461,62471,10
13.0064697266,80.2540817261,62471,62552,81
13.0064697266,80.2540817261,62552,62562,10
13.0064897537,80.253868103,62562,62572,10
13.0065002441,80.2537689209,62572,62582,10
13.0065097809,80.253692627,62582,62592,10
13.0065002441,80.2535400391,62592,62602,10
13.0065097809,80.2533416748,62602,62612,10
13.0065202713,80.2532806396,62612,62622,10
13.0065097809,80.253112793,62622,62632,10
13.0065202713,80.252456665,62632,62703,71
13.0065202713,80.252456665,62703,62713,10
13.0065402985,80.2521820068,62713,62723,10
13.0066604614,80.2516174316,62723,62733,10
13.0067300797,80.2508773804,62733,62743,10
13.0067100525,80.25,62743,62753,10
13.0066900253,80.2492828369,62753,62763,10
13.0066699982,80.248916626,62763,62773,10
13.0066299438,80.2486114502,62773,62784,11
13.0066099167,80.2482528687,62784,62794,10
13.0066099167,80.2478485107,62794,62854,60
13.0066099167,80.2478485107,62854,62864,10
13.0066099167,80.247543335,62864,62874,10
13.0066204071,80.2471237183,62874,62884,10
13.0065603256,80.2465820313,62884,62915,31
13.0065603256,80.2465820313,62915,62925,10
13.0066404343,80.2462692261,62925,62935,10
13.0066404343,80.2452926636,62935,62945,10
13.0066404343,80.2452926636,62945,62955,10
13.0066204071,80.2450790405,62955,62965,10
13.0066299438,80.2449417114,62965,62975,10
13.0066099167,80.2446594238,62975,62985,10
13.0066003799,80.2444076538,62985,62995,10
13.0066204071,80.2441711426,62995,63005,10
13.0066204071,80.243637085,63005,63018,13
13.0065898895,80.242729187,63018,63028,10
13.0065803528,80.2418365479,63028,63038,10
13.0065603256,80.2412414551,63038,63047,9
13.0065803528,80.2409515381,63047,63058,11
13.0066604614,80.2404403687,63058,63108,50
13.0066604614,80.2404403687,63108,63119,11
13.006770134,80.2402191162,63119,63129,10
13.0068702698,80.2396774292,63129,63139,10
13.0069799423,80.2389831543,63139,63149,10
13.0071201324,80.2382888794,63149,63159,10
13.0073795319,80.2368164063,63159,63192,33
13.0073795319,80.2368164063,63192,63200,8
13.0074300766,80.2366409302,63200,63212,12
13.0075397491,80.2362213135,63212,63222,10
13.0076398849,80.2356185913,63222,63233,11
13.0077104568,80.2353210449,63233,63243,10
13.0077896118,80.2349014282,63243,63252,9
13.0078802109,80.2343521118,63252,63262,10
13.0080604553,80.233581543,63262,63273,11
13.0082902908,80.2324981689,63273,63283,10
13.008480072,80.2314376831,63283,63293,10
13.0087003708,80.2303924561,63293,63303,10
13.0089101791,80.2293167114,63303,63313,10
13.0091199875,80.2283172607,63313,63323,10
13.0094804764,80.2274627686,63323,63333,10
13.0098896027,80.2265701294,63333,63344,11
13.0103397369,80.225692749,63344,63354,10
13.0105304718,80.2253189087,63354,63364,10
13.0105495453,80.225227356,63364,63374,10
13.010720253,80.224899292,63374,63384,10
13.0109395981,80.2243728638,63384,63394,10
13.0111703873,80.2237167358,63394,63404,10
13.0111999512,80.2236633301,63404,63414,10
13.0112800598,80.2235031128,63414,63424,10
13.0114402771,80.2231674194,63424,63434,10
13.0116596222,80.2225112915,63434,63444,10
13.0119800568,80.2217330933,63444,63454,10
13.0122995377,80.2214889526,63454,63465,11
13.0125598907,80.2219161987,63465,63475,10
13.0129899979,80.2224121094,63475,63485,10
13.013589859,80.2229919434,63485,63495,10
13.0139398575,80.2233810425,63495,63505,10
13.0141201019,80.2235794067,63505,63515,10
13.0143404007,80.2238998413,63515,63525,10
13.0147600174,80.2243118286,63525,63535,10
13.0151195526,80.2247085571,63535,63545,10
13.0154104233,80.2249221802,63545,63555,10
13.0154800415,80.2249526978,63555,63565,10
13.0155801773,80.2250366211,63565,63576,11
13.0159397125,80.2253417969,63576,63586,10
13.0164299011,80.2253494263,63586,63596,10
13.0171003342,80.2250976563,63596,63606,10
13.0178403854,80.2248001099,63606,63616,10
13.0185604095,80.2245101929,63616,63626,10
13.0191202164,80.2242965698,63626,63636,10
13.019200325,80.2242889404,63636,63646,10
13.0192604065,80.224281311,63646,63656,10
13.0195198059,80.2243804932,63656,63687,31
13.0195198059,80.2243804932,63687,63697,10
13.0198097229,80.2245864868,63697,63707,10
13.0201702118,80.2248687744,63707,63717,10
13.0206298828,80.2251968384,63717,63727,10
13.0211696625,80.2256164551,63727,63737,10
13.0217399597,80.22605896,63737,63747,10
13.0222196579,80.2264785767,63747,63757,10
13.0226097107,80.2268218994,63757,63767,10
13.0231304169,80.2273178101,63767,63777,10
13.0237598419,80.2278671265,63777,63787,10
13.0240802765,80.2281570435,63787,63808,21
13.0240802765,80.2281570435,63808,63818,10
13.0243301392,80.228477478,63818,63828,10
13.024600029,80.2288818359,63828,63844,16
13.0251598358,80.229637146,63844,63856,12
13.0256795883,80.2303390503,63856,63866,10
13.0259199142,80.2307815552,63866,63946,80
13.0259199142,80.2307815552,63946,63956,10
13.02602005,80.2309036255,63956,63967,11
13.0260801315,80.2313613892,63967,63978,11
13.0264196396,80.2312774658,63978,63988,10
13.0271902084,80.2311096191,63988,63998,10
13.027970314,80.2309875488,63998,64049,51
13.027970314,80.2309875488,64049,64059,10
13.0283098221,80.2309188843,64059,64069,10
13.028459549,80.2309188843,64069,64079,10
13.028719902,80.2308883667,64079,64089,10
13.0289001465,80.2308883667,64089,64099,10
13.0290403366,80.2308883667,64099,64109,10
13.0292596817,80.2308807373,64109,64119,10
13.0296497345,80.2308273315,64119,64129,10
13.0301599503,80.2307815552,64129,64140,11
13.030380249,80.230758667,64140,64150,10
13.0305299759,80.2307434082,64150,64160,10
13.0306100845,80.2307281494,64160,64170,10
13.030670166,80.2305984497,64170,64180,10
13.0306301117,80.2303009033,64180,64190,10
13.0304098129,80.2296905518,64190,64200,10
13.03028965,80.229019165,64200,64210,10
13.0303401947,80.228477478,64210,64220,10
13.030380249,80.228302002,64220,64230,10
13.030380249,80.2280731201,64230,64240,10
13.0304098129,80.227722168,64240,64251,11
13.0300703049,80.2275085449,64251,64261,10
13.0294504166,80.2274017334,64261,64271,10
13.0287799835,80.2272796631,64271,64281,10
13.0283899307,80.2272033691,64281,64291,10
13.0279598236,80.2270965576,64291,64301,10
13.0278596878,80.2268371582,64301,64311,10
13.0279903412,80.226348877,64311,64321,10
13.0281200409,80.225692749,64321,64331,10
13.0283098221,80.2248382568,64331,64341,10
13.0284700394,80.2241210938,64341,64351,10
13.0287303925,80.2240371704,64351,64362,11
13.0287904739,80.224067688,64362,64372,10
13.0289897919,80.2242431641,64372,64382,10
13.0293502808,80.2243423462,64382,64392,10
13.0299501419,80.2243423462,64392,64402,10
13.0304498672,80.224357605,64402,64412,10
13.0310497284,80.2243423462,64412,64428,16
13.0311403275,80.2236633301,64428,64440,12
13.0311698914,80.2233810425,64440,64448,8
13.0312204361,80.2232513428,64448,64460,12
13.0313596725,80.2227020264,64460,64470,10
13.0315504074,80.2223434448,64470,64480,10
13.0318098068,80.2217712402,64480,64491,11
13.0320301056,80.2210617065,64491,64501,10
13.0321397781,80.2203979492,64501,64511,10
13.0321598053,80.2198486328,64511,64520,9
13.0321702957,80.219833374,64520,64531,11
13.0321903229,80.2196731567,64531,64541,10
13.0321702957,80.2192382813,64541,64551,10
13.0320997238,80.2186279297,64551,64561,10
13.0315599442,80.218460083,64561,64571,10
13.0314397812,80.2179107666,64571,64581,10
13.0313596725,80.2172393799,64581,64592,11
13.0312299728,80.2170715332,64592,64602,10
13.0309801102,80.217048645,64602,64612,10
13.0304203033,80.2166976929,64612,64632,20
13.0304203033,80.2166976929,64632,64642,10
13.0304002762,80.2163696289,64642,64652,10
13.0303897858,80.2158813477,64652,64662,10
13.0303497314,80.2152633667,64662,64672,10
13.0303201675,80.2146682739,64672,64682,10
13.0303401947,80.2146224976,64682,64692,10
13.0304203033,80.2142105103,64692,64703,11
13.0304698944,80.213760376,64703,64713,10
13.0305099487,80.2135162354,64713,64723,10
13.030579567,80.213142395,64723,64732,9
13.0306596756,80.2125015259,64732,64743,11
13.0307502747,80.2119064331,64743,64753,10
13.0307998657,80.2115631104,64753,64763,10
13.0308599472,80.2111968994,64763,64773,10
13.0308904648,80.2109069824,64773,64783,10
13.030960083,80.2103805542,64783,64803,20
13.030960083,80.2103805542,64803,64814,11
13.0307998657,80.2101211548,64814,64824,10
13.0303897858,80.2099761963,64824,64834,10
13.0300598145,80.2095184326,64834,64935,101
13.0300598145,80.2095184326,64935,64945,10
13.0302801132,80.2091217041,64945,64955,10
13.0307998657,80.2092514038,64955,64965,10
13.0315103531,80.2094497681,64965,64975,10
13.0318803787,80.2095108032,64975,64985,10
13.031920433,80.2095108032,64985,64995,10
13.0320701599,80.2095108032,64995,65005,10
13.032409668,80.2095870972,65005,65015,10
13.0330095291,80.2097015381,65015,65025,10
13.0337400436,80.2098388672,65025,65035,10
13.0344600677,80.2099609375,65035,65046,11
13.0348701477,80.2100296021,65046,65056,10
13.0351200104,80.2098617554,65056,65066,10
13.0351696014,80.2095108032,65066,65082,16
13.0352201462,80.2088470459,65082,65102,20
13.0352201462,80.2088470459,65102,65114,12
13.0353002548,80.2085723877,65114,65124,10
13.035369873,80.2080688477,65124,65134,10
13.0354499817,80.2073898315,65134,65144,10
13.0355300903,80.2066726685,65144,65154,10
13.0355796814,80.2062530518,65154,65165,11
13.0354404449,80.2059707642,65165,65174,9
13.035490036,80.2055282593,65174,65195,21
13.035490036,80.2055282593,65195,65205,10
13.0356702805,80.2052993774,65205,65215,10
13.0357704163,80.2052078247,65215,65225,10
13.0358104706,80.2048416138,65225,65235,10
13.0358800888,80.2043533325,65235,65245,10
13.0360097885,80.2036972046,65245,65255,10
13.0361204147,80.2029037476,65255,65266,11
13.0362195969,80.202041626,65266,65276,10
13.0362596512,80.2017822266,65276,65286,10
13.0362796783,80.2016296387,65286,65296,10
13.0362997055,80.201423645,65296,65306,10
13.0363798141,80.2010574341,65306,65316,10
13.0364704132,80.2004089355,65316,65326,10
13.0365896225,80.1996002197,65326,65336,10
13.0366802216,80.1989517212,65336,65346,10
13.036740303,80.1984481812,65346,65356,10
13.0367498398,80.1984405518,65356,65366,10
13.0368404388,80.1981124878,65366,65376,10
13.0368995667,80.1977005005,65376,65387,11
13.0369796753,80.1970672607,65387,65397,10
13.0370397568,80.196472168,65397,65407,10
13.0370597839,80.1963882446,65407,65423,16
13.0371599197,80.1958389282,65423,65435,12
13.0372695923,80.1950912476,65435,65443,8
13.0373601913,80.1944732666,65443,65455,12
13.0375003815,80.1935195923,65455,65465,10
13.0376396179,80.1929168701,65465,65475,10
13.0377397537,80.1928787231,65475,65485,10
13.0380802155,80.1928482056,65485,65496,11
13.0387496948,80.1929397583,65496,65516,20
13.0387496948,80.1929397583,65516,65525,9
13.0389204025,80.1929626465,65525,65536,11
13.0391902924,80.1929931641,65536,65546,10
13.0395097733,80.1930389404,65546,65556,10
13.0397195816,80.193069458,65556,65566,10
13.0399599075,80.1931228638,65566,65576,10
13.0403699875,80.1931762695,65576,65586,10
13.0403995514,80.1931762695,65586,65596,10
13.04088974,80.1932830811,65596,65607,11
13.0415697098,80.1933898926,65607,65617,10
13.0417804718,80.193611145,65617,65627,10
13.0417604446,80.1939620972,65627,65637,10
13.0417804718,80.1940383911,65637,65647,10
13.0417299271,80.1944198608,65647,65657,10
13.0416402817,80.1950912476,65657,65667,10
13.0415401459,80.1957626343,65667,65677,10
13.0414800644,80.1962509155,65677,65687,10
13.0413999557,80.1967926025,65687,65697,10
13.0413799286,80.1968612671,65697,65707,10
13.0413599014,80.1969833374,65707,65718,11
13.0412902832,80.1974563599,65718,65728,10
13.0411901474,80.1981201172,65728,65738,10
13.0410003662,80.1992874146,65738,65758,20
13.0410003662,80.1992874146,65758,65768,10
13.0409698486,80.1996383667,65768,65778,10
13.0409002304,80.2002029419,65778,65788,10
13.0408096313,80.2008666992,65788,65798,10
13.0407104492,80.201499939,65798,65808,10
13.0406303406,80.2020263672,65808,65818,10
13.0405597687,80.2024383545,65818,65828,10
13.0404996872,80.2029037476,65828,65839,11
13.0403795242,80.203666687,65839,65855,16
13.0402297974,80.2045669556,65855,65867,12
13.0402002335,80.2050094604,65867,65875,8
13.0402603149,80.205078125,65875,65887,12
13.0404901505,80.2051315308,65887,65897,10
13.0410404205,80.2052001953,65897,65906,9
13.0412197113,80.2052307129,65906,65918,12
13.041390419,80.2052612305,65918,65929,11
13.0419597626,80.205329895,65929,65938,9
13.0425100327,80.2054367065,65938,65949,11
13.0427398682,80.2056274414,65949,65960,11
13.0429801941,80.2060928345,65960,65970,10
13.0434503555,80.206741333,65970,65980,10
13.0439195633,80.2074203491,65980,65990,10
13.0441198349,80.2080993652,65990,66000,10
13.0441703796,80.2091217041,66000,66020,20
13.0441703796,80.2091217041,66020,66030,10
13.0441799164,80.2093582153,66030,66040,10
13.0441999435,80.2098464966,66040,66050,10
13.0442304611,80.2106170654,66050,66061,11
13.0443096161,80.2119216919,66061,66091,30
13.0443096161,80.2119216919,66091,66101,10
13.0443401337,80.2122192383,66101,66111,10
13.0447397232,80.2123031616,66111,66121,10
13.0454101563,80.2122802734,66121,66131,10
13.0462303162,80.212272644,66131,66141,10
13.0468902588,80.2122497559,66141,66151,10
13.0469198227,80.2122421265,66151,66161,10
13.0470600128,80.2121505737,66161,66171,10
13.0470399857,80.2119369507,66171,66182,11
13.0470304489,80.2118911743,66182,66192,10
13.0470399857,80.211807251,66192,66202,10
13.0470199585,80.2114486694,66202,66212,10
13.046959877,80.2109603882,66212,66222,10
13.0471401215,80.2108535767,66222,66232,10
13.0476303101,80.2108383179,66232,66242,10
13.0481996536,80.2108612061,66242,66252,10
13.048740387,80.2108764648,66252,66262,10
13.0492296219,80.210899353,66262,66283,21
13.0492296219,80.210899353,66283,66293,10
13.0496101379,80.210899353,66293,66303,10
13.049659729,80.2107696533,66303,66313,10
13.0495901108,80.2102966309,66313,66323,10
13.0494804382,80.2095794678,66323,66333,10
13.0493803024,80.2088623047,66333,66343,10
13.0491504669,80.2080688477,66343,66353,10
13.0488500595,80.2072982788,66353,66383,30
13.0488500595,80.2072982788,66383,66393,10
13.0488300323,80.2071533203,66393,66404,11
13.0490503311,80.2068710327,66404,66434,30
13.0490503311,80.2068710327,66434,66444,10
13.0492601395,80.2072219849,66444,66748,304
13.0492601395,80.2072219849,66748,66758,10
13.0490503311,80.2075500488,66758,66818,60
13.0490503311,80.2075500488,66818,66828,10
13.0491304398,80.2077865601,66828,66838,10
13.0491695404,80.207901001,66838,66849,11
13.0492601395,80.2081832886,66849,66859,10
13.0493202209,80.2084732056,66859,66879,20
13.0493202209,80.2084732056,66879,66889,10
13.0494003296,80.2087936401,66889,66899,10
13.0494604111,80.2090606689,66899,66909,10
13.049539566,80.2092895508,66909,66919,10
13.0495796204,80.2094497681,66919,66929,10
13.0496101379,80.2096481323,66929,66939,10
13.049659729,80.2099685669,66939,66949,10
13.0496397018,80.2102432251,66949,66959,10
13.049659729,80.2105636597,66959,66970,11
13.0496997833,80.2108612061,66970,66980,10
13.0497598648,80.2112884521,66980,66990,10
13.0498199463,80.2117233276,66990,67151,161
13.0498199463,80.2117233276,67151,67161,10
13.0499095917,80.2121124268,67161,67171,10
13.0498304367,80.2122573853,67171,67181,10
13.0493001938,80.2122573853,67181,67222,41
13.0493001938,80.2122573853,67222,67232,10
13.0490999222,80.2122421265,67232,67242,10
13.0486602783,80.2122573853,67242,67252,10
13.0480699539,80.2122879028,67252,67262,10
13.0473203659,80.212348938,67262,67272,10
13.0464401245,80.2123794556,67272,67282,10
13.0455303192,80.2124176025,67282,67292,10
13.0446996689,80.2124862671,67292,67432,140
13.0446996689,80.2124862671,67432,67442,10
13.0445804596,80.2124710083,67442,67452,10
13.0443601608,80.2124404907,67452,67462,10
13.0441904068,80.2121505737,67462,67472,10
13.0441799164,80.2115325928,67472,67482,10
13.0441598892,80.210899353,67482,67492,10
13.0441398621,80.2105865479,67492,67502,10
13.0441102982,80.2102890015,67502,67512,10
13.0440998077,80.2096481323,67512,67533,21
13.0440998077,80.2096481323,67533,67544,11
13.0441198349,80.2095413208,67544,67554,10
13.0441102982,80.2092819214,67554,67564,10
13.0440597534,80.2089920044,67564,67695,131
13.0440597534,80.2089920044,67695,67705,10
13.0440502167,80.2088088989,67705,67715,10
13.0440196991,80.2083587646,67715,67725,10
13.0439300537,80.2076797485,67725,67735,10
13.043510437,80.2069320679,67735,67745,10
13.0429801941,80.206199646,67745,67756,11
13.0424604416,80.2055587769,67756,67765,9
13.0417699814,80.2053375244,67765,67776,11
13.0409002304,80.2052001953,67776,67796,20
13.0409002304,80.2052001953,67796,67806,10
13.0406599045,80.2051773071,67806,67816,10
13.0402202606,80.205116272,67816,67826,10
13.0397500992,80.2050704956,67826,67836,10
13.0391101837,80.2049331665,67836,67846,10
13.0384397507,80.2048492432,67846,67856,10
13.0381202698,80.2047576904,67856,67866,10
13.0381202698,80.2044677734,67866,67877,11
13.038189888,80.2039031982,67877,67887,10
13.038310051,80.2032012939,67887,67897,10
13.0383701324,80.2029037476,67897,67907,10
13.0384397507,80.2024612427,67907,67917,10
13.0385103226,80.2019195557,67917,67927,10
13.0385599136,80.2015533447,67927,67937,10
13.0386695862,80.2010192871,67937,67947,10
13.038769722,80.2003707886,67947,67957,10
13.038860321,80.1996383667,67957,67967,10
13.0389204025,80.1989822388,67967,67978,11
13.0390195847,80.1982498169,67978,67988,10
13.0391902924,80.1976089478,67988,67998,10
13.0392599106,80.1970825195,67998,68008,10
13.0392599106,80.1968231201,68008,68018,10
13.0392599106,80.1966781616,68018,68028,10
13.0393104553,80.1963882446,68028,68038,10
13.0394601822,80.1958999634,68038,68048,10
13.0395498276,80.1951370239,68048,68058,10
13.0396404266,80.1942367554,68058,68068,10
13.0397500992,80.1932220459,68068,68088,20
13.0397500992,80.1932220459,68088,68099,11
13.0394697189,80.1930618286,68099,68109,10
13.0385599136,80.1929092407,68109,68129,20
13.0385599136,80.1929092407,68129,68139,10
13.0382795334,80.1928863525,68139,68149,10
13.0378398895,80.1929092407,68149,68159,10
13.0375995636,80.1934280396,68159,68169,10
13.0374803543,80.1942062378,68169,68179,10
13.0373802185,80.1950531006,68179,68189,10
13.037229538,80.1961288452,68189,68210,21
13.037229538,80.1961288452,68210,68220,10
13.0371398926,80.1965408325,68220,68230,10
13.0370702744,80.1971817017,68230,68240,10
13.0369596481,80.1979064941,68240,68249,9
13.036860466,80.1985931396,68249,68260,11
13.0368204117,80.1988601685,68260,68270,10
13.0367498398,80.1992492676,68270,68280,10
13.0366401672,80.1998977661,68280,68290,10
13.0365400314,80.2006607056,68290,68300,10
13.036450386,80.2013168335,68300,68310,10
13.0363998413,80.2015991211,68310,68321,11
13.0363502502,80.2018966675,68321,68331,10
13.0363101959,80.2020492554,68331,68341,10
13.0362300873,80.2024917603,68341,68351,10
13.0361700058,80.2030487061,68351,68361,10
13.0361204147,80.2035217285,68361,68371,10
13.03606987,80.203956604,68371,68381,10
13.0360202789,80.2044219971,68381,68391,10
13.0359601974,80.2048187256,68391,68401,10
13.0358495712,80.2054672241,68401,68411,10
13.0357904434,80.2059402466,68411,68421,10
13.035779953,80.2060012817,68421,68432,11
13.0356998444,80.2063522339,68432,68442,10
13.0356197357,80.2069778442,68442,68452,10
13.0355100632,80.2078018188,68452,68462,10
13.0354404449,80.2082366943,68462,68472,10
13.0354404449,80.2083435059,68472,68482,10
13.0353899002,80.2084732056,68482,68492,10
13.0353298187,80.2088317871,68492,68502,10
13.0352296829,80.2095108032,68502,68512,10
13.0351295471,80.2103118896,68512,68522,10
13.035030365,80.2106323242,68522,68532,10
13.0349397659,80.2109832764,68532,68543,11
13.0347995758,80.2116470337,68543,68553,10
13.0345401764,80.2122116089,68553,68563,10
13.0340795517,80.2121124268,68563,68573,10
13.0336198807,80.2120437622,68573,68583,10
13.0329999924,80.2119903564,68583,68593,10
13.032699585,80.2119827271,68593,68603,10
13.0325498581,80.2119522095,68603,68613,10
13.0320997238,80.2118835449,68613,68623,10
13.0318603516,80.2115783691,68623,68639,16
13.0319795609,80.2106170654,68639,68651,12
13.0320596695,80.2099533081,68651,68662,11
13.0319795609,80.2097473145,68662,68672,10
13.0314502716,80.2095565796,68672,68682,10
13.0308103561,80.2093887329,68682,68692,10
13.030500412,80.2092971802,68692,68702,10
13.0303001404,80.2092590332,68702,68712,10
13.0302801132,80.2092590332,68712,68722,10
13.0300798416,80.2093887329,68722,68732,10
13.0300397873,80.2095413208,68732,68742,10
13.0299797058,80.2097015381,68742,68752,10
13.0301904678,80.2098770142,68752,68761,9
13.0306196213,80.2099914551,68761,68773,12
13.0309000015,80.2100906372,68773,68783,10
13.0309801102,80.2103118896,68783,68793,10
13.0309495926,80.2106781006,68793,68803,10
13.0308904648,80.2111129761,68803,68813,10
13.0308198929,80.2113723755,68813,68823,10
13.0307998657,80.2117614746,68823,68833,10
13.0307397842,80.2120895386,68833,68843,10
13.0306596756,80.2125167847,68843,68852,9
13.0306301117,80.2127990723,68852,68863,11
13.0305099487,80.213508606,68863,68873,10
13.030500412,80.2137908936,68873,68884,11
13.0304298401,80.2141571045,68884,68894,10
13.030380249,80.2145080566,68894,68904,10
13.0303602219,80.2148132324,68904,68914,10
13.0303602219,80.2149200439,68914,68924,10
13.0303401947,80.2152786255,68924,68934,10
13.0303401947,80.2159423828,68934,68944,10
13.030380249,80.2164535522,68944,68954,10
13.0304298401,80.2169189453,68954,68964,10
13.0305995941,80.217010498,68964,68974,10
13.0306501389,80.2170028687,68974,68984,10
13.0313100815,80.2170333862,68984,69005,21
13.0313100815,80.2170333862,69005,69015,10
13.0314798355,80.2173614502,69015,69025,10
13.0315198898,80.2179794312,69025,69035,10
13.0318698883,80.2184829712,69035,69045,10
13.0322198868,80.2185821533,69045,69055,10
13.0322198868,80.21900177,69055,69065,10
13.03221035,80.2190933228,69065,69075,10
13.0321903229,80.2192993164,69075,69085,10
13.0321998596,80.2195281982,69085,69115,30
13.0321702957,80.2199401855,69115,69186,71
13.0321702957,80.2199401855,69186,69196,10
13.0322303772,80.2203216553,69196,69206,10
13.0321397781,80.2207717896,69206,69216,10
13.0320196152,80.221321106,69216,69227,11
13.0318803787,80.2217025757,69227,69237,10
13.03166008,80.222076416,69237,69247,10
13.0315303802,80.222366333,69247,69257,10
13.0312795639,80.2227630615,69257,69267,10
13.0311698914,80.2233428955,69267,69277,10
13.0311498642,80.2239685059,69277,69287,10
13.0311403275,80.2243270874,69287,69297,10
13.0307598114,80.2244033813,69297,69307,10
13.0303201675,80.2243804932,69307,69317,10
13.0297498703,80.2243423462,69317,69327,10
13.0294303894,80.2243499756,69327,69338,11
13.0290203094,80.2242965698,69338,69348,10
13.0288496017,80.2241897583,69348,69358,10
13.0284795761,80.2242202759,69358,69368,10
13.0282897949,80.2248382568,69368,69378,10
13.0281400681,80.2256088257,69378,69388,10
13.0279998779,80.2263565063,69388,69398,10
13.0278902054,80.2269210815,69398,69408,10
13.0280103683,80.2271118164,69408,69418,10
13.0282697678,80.2271575928,69418,69428,10
13.0285196304,80.2272186279,69428,69438,10
13.0288896561,80.2272872925,69438,69449,11
13.0295600891,80.2274017334,69449,69459,10
13.030090332,80.2274780273,69459,69469,10
13.0304002762,80.2277832031,69469,69479,10
13.0303602219,80.2280807495,69479,69489,10
13.0303201675,80.2283477783,69489,69499,10
13.0302600861,80.228843689,69499,69509,10
13.0303201675,80.2294769287,69509,69519,10
13.0305204391,80.229927063,69519,69580,61
13.0305204391,80.229927063,69580,69590,10
13.0305900574,80.2300796509,69590,69600,10
13.0306301117,80.2302398682,69600,69610,10
13.0306596756,80.23046875,69610,69620,10
13.0306301117,80.230758667,69620,69630,10
13.0304203033,80.230796814,69630,69640,10
13.0299901962,80.2308502197,69640,69650,10
13.029800415,80.2308731079,69650,69660,10
13.0295696259,80.2309036255,69660,69691,31
13.0295696259,80.2309036255,69691,69701,10
13.0294103622,80.2309036255,69701,69711,10
13.0290899277,80.2309570313,69711,69721,10
13.0285196304,80.2309799194,69721,69731,10
13.0283403397,80.2310028076,69731,69741,10
13.0279903412,80.2310562134,69741,69751,10
13.027680397,80.2311401367,69751,69761,10
13.0276603699,80.2314987183,69761,69771,10
13.0277099609,80.2320709229,69771,69781,10
13.0278196335,80.2326965332,69781,69792,11
13.0275802612,80.2329101563,69792,69802,10
13.027299881,80.2329711914,69802,69812,10
13.027130127,80.2330169678,69812,69822,10
13.0268697739,80.2330627441,69822,69832,10
13.0266399384,80.2331237793,69832,69842,10
13.0263204575,80.2329025269,69842,69852,10
13.0261297226,80.2322769165,69852,69862,10
13.0259599686,80.2315216064,69862,69872,10
13.0256500244,80.2306289673,69872,69882,10
13.0251502991,80.2298583984,69882,69892,10
13.0249004364,80.2295379639,69892,69903,11
13.0247097015,80.2293014526,69903,69943,40
13.0247097015,80.2293014526,69943,69953,10
13.0245704651,80.2291030884,69953,69963,10
13.024310112,80.2287597656,69963,69973,10
13.0240001678,80.2284164429,69973,69983,10
13.0239295959,80.2283477783,69983,69993,10
13.0237598419,80.2281188965,69993,70003,10
13.0235795975,80.2279281616,70003,70014,11
13.0231895447,80.2275695801,70014,70024,10
13.0226802826,80.2270965576,70024,70034,10
13.0222702026,80.2266769409,70034,70044,10
13.0217199326,80.2262115479,70044,70054,10
13.0211000443,80.2257232666,70054,70064,10
13.0205001831,80.2252807617,70064,70074,10
13.0200195313,80.2249526978,70074,70084,10
13.0199899673,80.2249298096,70084,70094,10
13.0198802948,80.2248687744,70094,70104,10
13.0194396973,80.2245864868,70104,70114,10
13.0187196732,80.2245025635,70114,70125,11
13.017999649,80.2248382568,70125,70135,10
13.0172395706,80.2251586914,70135,70145,10
13.0165500641,80.2254486084,70145,70155,10
13.0162601471,80.2255401611,70155,70165,10
13.0157699585,80.2257385254,70165,70175,10
13.0151100159,80.226020813,70175,70185,10
13.0145702362,80.2262191772,70185,70195,10
13.0144796371,80.2262496948,70195,70205,10
13.0141296387,80.2263870239,70205,70215,10
13.0135602951,80.2266235352,70215,70225,10
13.0128898621,80.2268676758,70225,70236,11
13.0120601654,80.2272033691,70236,70246,10
13.011179924,80.2275390625,70246,70256,10
13.0102396011,80.2279129028,70256,70266,10
13.0093097687,80.2283096313,70266,70276,10
13.0089797974,80.229133606,70276,70286,10
13.0088596344,80.2298812866,70286,70296,10
13.0088396072,80.2301025391,70296,70306,10
13.0087099075,80.2307891846,70306,70326,20
13.0087099075,80.2307891846,70326,70336,10
13.0086603165,80.2311019897,70336,70347,11
13.0085897446,80.2314224243,70347,70357,10
13.0085897446,80.2314376831,70357,70367,10
13.0085296631,80.2316970825,70367,70377,10
13.0085201263,80.2317810059,70377,70387,10
13.008480072,80.2318191528,70387,70397,10
13.0084600449,80.2320480347,70397,70407,10
13.0084400177,80.2321929932,70407,70417,10
13.0084104538,80.2323608398,70417,70427,10
13.0083599091,80.2325897217,70427,70488,61
13.0082798004,80.232963562,70488,70518,30
13.0082798004,80.232963562,70518,70528,10
13.0082597733,80.2331237793,70528,70538,10
13.0082302094,80.2334976196,70538,70548,10
13.0081501007,80.2337722778,70548,70558,10
13.008099556,80.2340164185,70558,70568,10
13.0080003738,80.2345428467,70568,70579,11
13.0079097748,80.2350387573,70579,70589,10
13.0078401566,80.2353973389,70589,70599,10
13.0077695847,80.2357635498,70599,70609,10
13.0077400208,80.2358398438,70609,70619,10
13.0076904297,80.2360916138,70619,70629,10
13.0076398849,80.2362976074,70629,70639,10
13.0075998306,80.2364425659,70639,70659,20
13.0075998306,80.2364425659,70659,70669,10
13.0075798035,80.2365570068,70669,70679,10
13.0075502396,80.2366409302,70679,70690,11
13.007519722,80.2368087769,70690,70700,10
13.0074996948,80.2369308472,70700,70710,10
13.0074701309,80.2370834351,70710,70740,30
13.0074701309,80.2370834351,70740,70750,10
13.0074195862,80.2373428345,70750,70760,10
13.007349968,80.2377166748,70760,70770,10
13.0072898865,80.2381134033,70770,70780,10
13.0072002411,80.2385406494,70780,70790,10
13.0071201324,80.2390365601,70790,70801,11
13.0070695877,80.2393493652,70801,70811,10
13.0070695877,80.2394180298,70811,70821,10
13.0070199966,80.2397232056,70821,70831,10
13.0070104599,80.2397689819,70831,70841,10
13.006939888,80.2400436401,70841,70901,60
13.006939888,80.2400436401,70901,70912,11
13.0069599152,80.2402191162,70912,70922,10
13.0068798065,80.240562439,70922,70932,10
13.0068101883,80.2409973145,70932,70942,10
13.0067596436,80.2413101196,70942,70952,10
13.0067195892,80.2419967651,70952,70962,10
13.0067100525,80.2428588867,70962,70972,10
13.0066900253,80.243347168,70972,70982,10
13.0066795349,80.2433776855,70982,70992,10
13.0066604614,80.2435379028,70992,71002,10
13.0066604614,80.2440032959,71002,71012,10
13.0066604614,80.2446975708,71012,71023,11
13.0066795349,80.2453765869,71023,71043,20
13.0066795349,80.2453765869,71043,71053,10
13.0066900253,80.2457427979,71053,71063,10
13.0067100525,80.2462463379,71063,71073,10
13.0067300797,80.2468185425,71073,71083,10
13.0067195892,80.2475128174,71083,71093,10
13.0067100525,80.248298645,71093,71103,10
13.0067996979,80.2491378784,71103,71113,10
13.0068397522,80.2496109009,71113,71123,10
13.0068397522,80.2497329712,71123,71133,10
13.0068101883,80.2501678467,71133,71144,11
13.0067996979,80.2509078979,71144,71154,10
13.0067300797,80.2516784668,71154,71164,10
13.0065402985,80.2525100708,71164,71174,10
13.006529808,80.25340271,71174,71184,10
13.0065402985,80.2543029785,71184,71194,10
13.0065803528,80.2549972534,71194,71204,10
13.0065803528,80.2552108765,71204,71214,10
13.0065698624,80.2556304932,71214,71224,10
13.0065803528,80.2563323975,71224,71234,10
13.0066204071,80.2571563721,71234,71275,41
13.0066204071,80.2571563721,71275,71285,10
13.0066795349,80.2574386597,71285,71295,10
13.0064401627,80.2576217651,71295,71305,10
13.0061197281,80.2575683594,71305,71315,10
13.0057201385,80.2574386597,71315,71325,10
13.0050697327,80.2573623657,71325,71335,10
13.0043401718,80.2572021484,71335,71345,10
13.003660202,80.2570495605,71345,71355,10
13.0031900406,80.256942749,71355,71366,11
13.0026102066,80.2568206787,71366,71376,10
13.0022602081,80.2567367554,71376,71386,10
13.0017900467,80.2566680908,71386,71396,10
13.0010995865,80.2565765381,71396,71406,10
13.00041008,80.2564620972,71406,71416,10
12.9994497299,80.2563018799,71416,71456,40
12.9994497299,80.2563018799,71456,71466,10
12.9992399216,80.2562408447,71466,71477,11
12.9987001419,80.2561416626,71477,71493,16
12.9979600906,80.2559967041,71493,71505,12
12.997130394,80.2559967041,71505,71535,30
12.997130394,80.2559967041,71535,71545,10
12.9968700409,80.2560501099,71545,71555,10
12.9968395233,80.2564086914,71555,71565,10
12.9968004227,80.2570495605,71565,71575,10
12.9968099594,80.2570877075,71575,71586,11
12.9968595505,80.2572479248,71586,71596,10
12.9967803955,80.2576522827,71596,71606,10
12.9967002869,80.2582397461,71606,71616,10
12.9966201782,80.2587966919,71616,71626,10
12.9965801239,80.2592926025,71626,71636,10
12.9965200424,80.2596588135,71636,71646,10
12.9964799881,80.2602615356,71646,71656,10
12.9963998795,80.2610015869,71656,71666,10
12.9963598251,80.2613601685,71666,71676,10
12.9963302612,80.2616424561,71676,71686,10
12.9962997437,80.2619400024,71686,71696,10
12.9962396622,80.2623825073,71696,71707,11
12.9962100983,80.2624588013,71707,71717,10
12.9961395264,80.2627563477,71717,71727,10
12.9961099625,80.2632904053,71727,71737,10
12.996049881,80.2640075684,71737,71747,10
12.9959697723,80.2647171021,71747,71757,10
12.9958696365,80.2655715942,71757,71767,10
12.995759964,80.2665863037,71767,71777,10
12.9956798553,80.2675476074,71777,71787,10
12.9960603714,80.2677536011,71787,71807,20
12.9960603714,80.2677536011,71807,71818,11
12.9961700439,80.2677307129,71818,71827,9
12.9965200424,80.267791748,71827,71838,11
12.9971199036,80.2676773071,71838,71848,10
12.9976396561,80.2675476074,71848,71858,10
12.9980297089,80.2674179077,71858,71868,10
12.9986095428,80.2672576904,71868,71878,10
12.9992799759,80.2670593262,71878,71888,10
13.0000495911,80.2665710449,71888,71908,20
13.0000495911,80.2665710449,71908,71918,10
13.0000801086,80.2664108276,71918,71928,10
13.0001401901,80.2659988403,71928,71939,11
13.0001602173,80.2658004761,71939,71949,10
13.000289917,80.2657394409,71949,71959,10
13.0002698898,80.2660217285,71959,71969,10
13.0002298355,80.266456604,71969,72181,212
13.0002298355,80.266456604,72181,72191,10
13.0002202988,80.2668762207,72191,72201,10
13.0000600815,80.266960144,72201,72211,10
12.9996099472,80.2670669556,72211,72221,10
12.9989595413,80.2672424316,72221,72231,10
12.9983501434,80.2673797607,72231,72241,10
12.9978399277,80.2675170898,72241,72251,10
12.9972801208,80.2677001953,72251,72261,10
12.996629715,80.2678375244,72261,72272,11
12.9958496094,80.2677764893,72272,72302,30
12.9958496094,80.2677764893,72302,72312,10
12.9956197739,80.2674331665,72312,72332,20
12.9956197739,80.2674331665,72332,72342,10
12.9956102371,80.2673873901,72342,72352,10
12.9956502914,80.267036438,72352,72362,10
12.9957103729,80.2664413452,72362,72372,10
12.995759964,80.2657928467,72372,72383,11
12.9958496094,80.2649765015,72383,72393,10
12.9959402084,80.264289856,72393,72403,10
12.9960403442,80.2635803223,72403,72413,10
12.9960899353,80.2631607056,72413,72423,10
12.9961204529,80.262840271,72423,72433,10
12.9961395264,80.2627792358,72433,72443,10
12.9961996078,80.2624969482,72443,72453,10
12.9962301254,80.2620773315,72453,72463,10
12.9962797165,80.2617492676,72463,72473,10
12.9963197708,80.2611312866,72473,72483,10
12.9963998795,80.2604980469,72483,72494,11
12.9964799881,80.2599563599,72494,72504,10
12.9964895248,80.2594833374,72504,72514,10
12.9965400696,80.2589874268,72514,72524,10
12.9966001511,80.2582931519,72524,72534,10
12.9966802597,80.2575912476,72534,72544,10
12.996720314,80.2571487427,72544,72554,10
12.9967603683,80.2568435669,72554,72564,10
12.9967699051,80.2567062378,72564,72574,10
12.9968204498,80.2562789917,72574,72625,51
12.9968204498,80.2562789917,72625,72635,10
12.9968795776,80.2560195923,72635,72645,10
12.9971904755,80.2559204102,72645,72655,10
12.9977302551,80.2559509277,72655,72665,10
12.9986600876,80.2560424805,72665,72684,19
12.9988002777,80.256072998,72684,72715,31
12.9988002777,80.256072998,72715,72726,11
12.9990501404,80.2560882568,72726,72736,10
12.9993600845,80.2561569214,72736,72746,10
12.999879837,80.2562637329,72746,72756,10
13.0004901886,80.2563705444,72756,72766,10
13.0010700226,80.2564620972,72766,72776,10
13.001540184,80.2565536499,72776,72786,10
13.0017795563,80.2565994263,72786,72796,10
13.0022096634,80.256652832,72796,72806,10
13.0028295517,80.2567825317,72806,72816,10
13.0034103394,80.2568969727,72816,72826,10
13.0039701462,80.2569885254,72826,72837,11
13.0046701431,80.2571334839,72837,72847,10
13.0053596497,80.2572631836,72847,72857,10
13.0058202744,80.2573318481,72857,72877,20
13.0058202744,80.2573318481,72877,72887,10
13.0059299469,80.2573318481,72887,72897,10
13.0061597824,80.2573776245,72897,72907,10
13.0064001083,80.2574081421,72907,72917,10
13.0064496994,80.2570724487,72917,72926,9
13.0064401627,80.2566604614,72926,72937,11
13.0064496994,80.2559814453,72937,72948,11
13.0064601898,80.2553710938,72948,72958,10
13.006480217,80.2548294067,72958,72968,10
13.0064601898,80.254447937,72968,72978,10
13.0064496994,80.2540893555,72978,72988,10
13.0064601898,80.2535934448,72988,73038,50
13.0064601898,80.2535934448,73038,73048,10
13.0064496994,80.2530975342,73048,73059,11
13.0064496994,80.2526397705,73059,73069,10
13.0065803528,80.2518768311,73069,73129,60
13.0066900253,80.2518386841,73129,73170,41
13.0066900253,80.2518386841,73170,73180,10
13.0066795349,80.2517166138,73180,73190,10
13.0067195892,80.2513427734,73190,73200,10
13.0066995621,80.2507171631,73200,73210,10
13.0066795349,80.2497406006,73210,73220,10
13.0065803528,80.2484588623,73220,73341,121
13.0065803528,80.2484588623,73341,73351,10
13.0065603256,80.248046875,73351,73361,10
13.0065698624,80.2476425171,73361,73371,10
13.0065803528,80.2471618652,73371,73381,10
13.0065803528,80.2468566895,73381,73392,11
13.006529808,80.2465286255,73392,73402,10
13.0065498352,80.2464828491,73402,73412,10
13.0065603256,80.2462615967,73412,73422,10
13.0065097809,80.2459564209,73422,73452,30
13.0065097809,80.2459564209,73452,73462,10
13.0065498352,80.2454910278,73462,73472,10
13.0065402985,80.2452774048,73472,73482,10
13.0065402985,80.2451477051,73482,73492,10
13.0065603256,80.2449188232,73492,73503,11
13.0065603256,80.2445831299,73503,73513,10
13.0065603256,80.2443466187,73513,73523,10
13.0065402985,80.2441635132,73523,73533,10
13.0065402985,80.2441177368,73533,73543,10
13.0065498352,80.243812561,73543,73553,10
13.0065402985,80.2434921265,73553,73563,10
13.0065202713,80.243019104,73563,73573,10
13.0065002441,80.2425003052,73573,73583,10
13.0064897537,80.2424621582,73583,73593,10
13.0064897537,80.242149353,73593,73603,10
13.0065002441,80.2418518066,73603,73613,10
13.0065002441,80.2414703369,73613,73624,11
13.0065603256,80.2409362793,73624,73634,10
13.0066795349,80.2404327393,73634,73644,10
13.0068101883,80.2398376465,73644,73654,10
13.0069303513,80.2392883301,73654,73664,10
13.0070800781,80.2383728027,73664,73674,10
13.0071802139,80.2378463745,73674,73684,10
13.0073404312,80.2369232178,73684,73704,20
13.0073404312,80.2369232178,73704,73714,10
13.007349968,80.2367630005,73714,73724,10
13.0074501038,80.2364501953,73724,73735,11
13.0075597763,80.2359237671,73735,73745,10
13.0076904297,80.2353210449,73745,73755,10
13.0078201294,80.2346572876,73755,73764,9
13.0079603195,80.2339477539,73764,73774,10
13.0081501007,80.2329788208,73774,73785,11
13.0083303452,80.2320327759,73785,73794,9
13.008480072,80.2312316895,73794,73805,11
13.0086402893,80.230430603,73805,73815,10
13.0088195801,80.2295303345,73815,73825,10
13.0090198517,80.2285308838,73825,73835,10
13.0093803406,80.2275619507,73835,73846,11
13.0098800659,80.2264404297,73846,73856,10
13.0103397369,80.2254867554,73856,73866,10
13.0107603073,80.2245635986,73866,73876,10
13.0110702515,80.2238998413,73876,73886,10
13.0112600327,80.2234725952,73886,73896,10
13.0115299225,80.22290802,73896,73906,10
13.0118303299,80.2221603394,73906,73916,10
13.0120401382,80.2215881348,73916,73926,10
13.0122003555,80.2214736938,73926,73936,10
13.012339592,80.2216567993,73936,73946,10
13.0125703812,80.222038269,73946,73957,11
13.0130195618,80.2225570679,73957,73967,10
13.0135698318,80.2231369019,73967,73977,10
13.0140600204,80.2237014771,73977,73987,10
13.0145196915,80.2241897583,73987,73997,10
13.0150699615,80.2247390747,73997,74017,20
13.0150699615,80.2247390747,74017,74027,10
13.0152597427,80.2249221802,74027,74037,10
13.0154399872,80.2250213623,74037,74047,10
13.015540123,80.2250900269,74047,74057,10
13.0156698227,80.225227356,74057,74068,11
13.0160799026,80.225402832,74068,74078,10
13.0167303085,80.2252807617,74078,74088,10
13.0174503326,80.2249526978,74088,74098,10
13.0182600021,80.2246170044,74098,74108,10
13.0188703537,80.2243881226,74108,74117,9
13.0192499161,80.2243270874,74117,74138,21
13.0192499161,80.2243270874,74138,74148,10
13.0194501877,80.2244262695,74148,74158,10
13.0196895599,80.2245864868,74158,74168,10
13.0200901031,80.2248916626,74168,74179,11
13.0206203461,80.2252578735,74179,74189,10
13.0209999084,80.2255630493,74189,74199,10
13.021490097,80.2259521484,74199,74209,10
13.0220499039,80.2263793945,74209,74219,10
13.0226402283,80.2269134521,74219,74229,10
13.0232496262,80.2274475098,74229,74239,10
13.0238599777,80.228012085,74239,74249,10
13.0243501663,80.2285766602,74249,74259,10
13.0248098373,80.2292327881,74259,74269,10
13.0253200531,80.229888916,74269,74279,10
13.0257396698,80.2305526733,74279,74289,10
13.0258398056,80.2307281494,74289,74340,51
13.0258398056,80.2307281494,74340,74350,10
13.0259103775,80.2311172485,74350,74360,10
13.0259799957,80.231338501,74360,74370,10
13.026260376,80.231338501,74370,74380,10
13.0268001556,80.2311782837,74380,74390,10
13.0275402069,80.2310180664,74390,74400,10
13.0280599594,80.2309799194,74400,74411,11
13.028380394,80.2309494019,74411,74431,20
13.028380394,80.2309494019,74431,74441,10
13.0287303925,80.2309036255,74441,74461,20
13.0287303925,80.2309036255,74461,74471,10
13.0289096832,80.2308731079,74471,74481,10
13.0292301178,80.2308273315,74481,74491,10
13.0298404694,80.230796814,74491,74511,20
13.0298404694,80.230796814,74511,74522,11
13.0299901962,80.230796814,74522,74532,10
13.0306301117,80.2306900024,74532,74552,20
13.0306301117,80.2306900024,74552,74562,10
13.0305995941,80.2304611206,74562,74572,10
13.0304698944,80.229927063,74572,74582,10
13.0302400589,80.229309082,74582,74592,10
13.0302696228,80.228729248,74592,74602,10
13.0303001404,80.2283782959,74602,74612,10
13.03028965,80.2283782959,74612,74622,10
13.0303201675,80.2280197144,74622,74633,11
13.0303297043,80.2276382446,74633,74643,10
13.0300502777,80.2275314331,74643,74653,10
13.0294904709,80.2274169922,74653,74669,16
13.0286302567,80.2272796631,74669,74681,12
13.0280599594,80.227180481,74681,74691,10
13.0278596878,80.2270202637,74691,74701,10
13.0279197693,80.2265167236,74701,74710,9
13.0280504227,80.2258605957,74710,74721,11
13.0282297134,80.2249679565,74721,74730,9
13.0283603668,80.2243423462,74730,74740,10
13.0287704468,80.2240524292,74740,74762,22
13.0287704468,80.2240524292,74762,74772,10
13.0289201736,80.2241592407,74772,74781,9
13.0290603638,80.2242965698,74781,74792,11
13.0291595459,80.2243270874,74792,74802,10
13.0295600891,80.2243118286,74802,74812,10
13.0299196243,80.2243118286,74812,74822,10
13.0304803848,80.2243270874,74822,74832,10
13.0307302475,80.2243270874,74832,74842,10
13.0310602188,80.2242431641,74842,74853,11
13.0310602188,80.2238006592,74853,74863,10
13.0311203003,80.2232971191,74863,74873,10
13.0311498642,80.2232284546,74873,74883,10
13.0311899185,80.2229614258,74883,74893,10
13.0313997269,80.2225494385,74893,74903,10
13.0314998627,80.2223587036,74903,74913,10
13.0317001343,80.2219467163,74913,74923,10
13.031920433,80.2214584351,74923,74933,10
13.0320997238,80.220703125,74933,74943,10
13.032119751,80.220161438,74943,74953,10
13.0321397781,80.2199401855,74953,74963,10
13.0321598053,80.2198791504,74963,74974,11
13.0321903229,80.2196884155,74974,74984,10
13.0321702957,80.2192611694,74984,74994,10
13.0320997238,80.2186203003,74994,75004,10
13.0315198898,80.2184371948,75004,75014,10
13.031419754,80.2177810669,75014,75024,10
13.0313396454,80.2171783447,75024,75034,10
13.0312004089,80.2170562744,75034,75044,10
13.0309200287,80.217010498,75044,75054,10
13.0304002762,80.2167205811,75054,75074,20
13.0304002762,80.2167205811,75074,75091,17
13.0303602219,80.2159118652,75091,75103,12
13.0303001404,80.2151489258,75103,75113,10
13.0303096771,80.2147293091,75113,75123,10
13.0303401947,80.214630127,75123,75133,10
13.0304098129,80.2141799927,75133,75143,10
13.0304498672,80.2138824463,75143,75152,9
13.0304603577,80.2136383057,75152,75163,11
13.0305500031,80.2132797241,75163,75173,10
13.0306196213,80.2126617432,75173,75183,10
13.0307302475,80.2119369507,75183,75194,11
13.0307598114,80.2116622925,75194,75204,10
13.030790329,80.2113113403,75204,75214,10
13.0308198929,80.2111129761,75214,75223,9
13.0309000015,80.2107620239,75223,75234,11
13.0309696198,80.2102966309,75234,75244,10
13.0308799744,80.2101516724,75244,75254,10
13.0306501389,80.2100601196,75254,75264,10
13.0302000046,80.2098999023,75264,75274,10
13.029999733,80.2096862793,75274,75284,10
13.0300798416,80.2093276978,75284,75294,10
13.0302095413,80.2091217041,75294,75305,11
13.0307302475,80.2092132568,75305,75315,10
13.0317201614,80.2094497681,75315,75335,20
13.0317201614,80.2094497681,75335,75345,10
13.0318698883,80.2095184326,75345,75355,10
13.0323495865,80.2095870972,75355,75365,10
13.0329999924,80.2097091675,75365,75375,10
13.0338201523,80.2098693848,75375,75385,10
13.0346803665,80.2100219727,75385,75395,10
13.0351104736,80.2098617554,75395,75405,10
13.0351495743,80.2094497681,75405,75416,11
13.0352497101,80.208656311,75416,75436,20
13.0352497101,80.208656311,75436,75446,10
13.0352802277,80.2084579468,75446,75456,10
13.0353498459,80.2080612183,75456,75466,10
13.0354499817,80.2073287964,75466,75476,10
13.0355396271,80.2065505981,75476,75486,10
13.03565979,80.2058105469,75486,75496,10
13.0357198715,80.2052230835,75496,75506,10
13.0357503891,80.2050933838,75506,75516,10
13.0358104706,80.2048110962,75516,75526,10
13.0358800888,80.2044067383,75526,75537,11
13.0359897614,80.2037734985,75537,75547,10
13.0361003876,80.2030029297,75547,75557,10
13.0362195969,80.2021179199,75557,75567,10
13.0362901688,80.2016220093,75567,75577,10
13.0362901688,80.2015991211,75577,75587,10
13.0362997055,80.2014465332,75587,75597,10
13.0363197327,80.2012786865,75597,75607,10
13.0363798141,80.2008895874,75607,75616,9
13.036450386,80.2003631592,75616,75627,11
13.0365495682,80.1995315552,75627,75637,10
13.0367097855,80.1985168457,75637,75688,51
13.0367097855,80.1985168457,75688,75698,10
13.0367803574,80.1981735229,75698,75708,10
13.0368795395,80.1976928711,75708,75718,10
13.036939621,80.1972808838,75718,75728,10
13.0369796753,80.196937561,75728,75738,10
13.0370702744,80.1964569092,75738,75748,10
13.0370702744,80.1964416504,75748,75759,11
13.0371303558,80.1960830688,75759,75769,10
13.0371999741,80.1955795288,75769,75779,10
13.0373096466,80.1948394775,75779,75789,10
13.0374403,80.1939620972,75789,75799,10
13.0375404358,80.1931304932,75799,75809,10
13.0377702713,80.1928482056,75809,75819,10
13.0377902985,80.1928482056,75819,75829,10
13.0381603241,80.1928024292,75829,75839,10
13.038599968,80.1928710938,75839,75849,10
13.0387802124,80.1929092407,75849,75859,10
13.0390195847,80.1929397583,75859,75870,11
13.0396099091,80.1930389404,75870,75880,10
13.0402202606,80.1931610107,75880,75890,10
13.0406398773,80.1932067871,75890,75906,16
13.0414600372,80.1933517456,75906,75918,12
13.0418195724,80.1934280396,75918,75926,8
13.0417995453,80.1936798096,75926,75938,12
13.0417804718,80.1939697266,75938,75948,10
13.0417299271,80.1943130493,75948,75958,10
13.0416402817,80.1948776245,75958,75968,10
13.041560173,80.195602417,75968,75978,10
13.0414800644,80.1960601807,75978,75989,11
13.0413999557,80.1965026855,75989,75998,9
13.0413503647,80.1968383789,75998,76009,11
13.0413198471,80.1970062256,76009,76018,9
13.0412597656,80.197479248,76018,76029,11
13.041179657,80.1980895996,76029,76039,10
13.0410995483,80.1986083984,76039,76049,10
13.041009903,80.1991577148,76049,76059,10
13.0409898758,80.1993408203,76059,76069,10
13.0409803391,80.199546814,76069,76079,10
13.0408601761,80.2001190186,76079,76089,10
13.0407495499,80.200843811,76089,76100,11
13.0406503677,80.2016525269,76100,76110,10
13.0406198502,80.2019500732,76110,76120,10
13.0405797958,80.2022628784,76120,76130,10
13.0404901505,80.2028198242,76130,76140,10
13.0403995514,80.2035217285,76140,76150,10
13.0402803421,80.2042388916,76150,76160,10
13.0401802063,80.2048034668,76160,76170,10
13.0402698517,80.205078125,76170,76180,10
13.0406999588,80.2051391602,76180,76190,10
13.0412197113,80.2052078247,76190,76200,10
13.0412502289,80.2052230835,76200,76211,11
13.0415802002,80.2052612305,76211,76221,10
13.0421800613,80.2053527832,76221,76231,10
13.0425300598,80.2054367065,76231,76241,10
13.0426502228,80.2055282593,76241,76251,10
13.0428695679,80.2059326172,76251,76267,16
13.0435400009,80.2069015503,76267,76279,12
13.0440196991,80.2077407837,76279,76287,8
13.0440797806,80.2083816528,76287,76299,12
13.0441398621,80.2091369629,76299,76309,10
13.0441598892,80.2092132568,76309,76320,11
13.0441598892,80.2096099854,76320,76330,10
13.0441904068,80.2102584839,76330,76340,10
13.044210434,80.2111206055,76340,76350,10
13.0442695618,80.212020874,76350,76360,10
13.0442800522,80.2121963501,76360,76370,10
13.0444602966,80.2123031616,76370,76380,10
13.0449695587,80.212272644,76380,76390,10
13.0456399918,80.2122497559,76390,76400,10
13.0464897156,80.2122268677,76400,76410,10
13.0470104218,80.2121963501,76410,76420,10
13.0470895767,80.2121200562,76420,76431,11
13.0470695496,80.2119598389,76431,76441,10
13.0470600128,80.2119064331,76441,76451,10
13.0470304489,80.2117767334,76451,76461,10
13.0470104218,80.2113265991,76461,76471,10
13.0469799042,80.210899353,76471,76481,10
13.0472202301,80.2108001709,76481,76491,10
13.0475902557,80.2108306885,76491,76501,10
13.0481595993,80.2108306885,76501,76511,10
13.0487699509,80.2108612061,76511,76521,10
13.0492401123,80.2108764648,76521,76531,10
13.0495500565,80.2108535767,76531,76541,10
13.0495996475,80.2104797363,76541,76552,11
13.0495195389,80.2098007202,76552,76562,10
13.0495195389,80.2094268799,76562,76578,16
13.0494604111,80.2089996338,76578,76590,12
13.0492696762,80.2083816528,76590,76598,8
13.0491199493,80.2079620361,76598,76609,11
13.0489196777,80.2074813843,76609,76620,11
13.0488195419,80.2072525024,76620,76650,30
13.0488195419,80.2072525024,76650,76661,11
13.0488004684,80.206993103,76661,76671,10
13.0489301682,80.2068405151,76671,76681,10
13.0491304398,80.2068481445,76681,76691,10
13.0492601395,80.2071762085,76691,77064,373
13.0492601395,80.2071762085,77064,77074,10
13.0491895676,80.2073898315,77074,77084,10
13.0491104126,80.207359314,77084,77094,10
13.0489196777,80.207321167,77094,77105,11
13.0490598679,80.2077407837,77105,77115,10
13.0492601395,80.2082519531,77115,77125,10
13.0494203568,80.2089004517,77125,77135,10
13.0495700836,80.2095565796,77135,77145,10
13.0496397018,80.2102813721,77145,77155,10
13.0496997833,80.2108230591,77155,77165,10
13.0497398376,80.2111282349,77165,77175,10
13.0498399734,80.211769104,77175,77262,87
13.0498399734,80.211769104,77262,77274,12
13.0498695374,80.2118988037,77274,77282,8
13.0498800278,80.2120513916,77282,77294,12
13.0498104095,80.2121887207,77294,77304,10
13.049539566,80.2121963501,77304,77324,20
13.049539566,80.2121963501,77324,77335,11
13.0492401123,80.2121963501,77335,77345,10
13.0488004684,80.2122116089,77345,77355,10
13.0481595993,80.2122802734,77355,77365,10
13.0473899841,80.2123413086,77365,77375,10
13.0465202332,80.2123565674,77375,77385,10
13.0456399918,80.2123794556,77385,77395,10
13.0445203781,80.2124786377,77395,77466,71
13.0445203781,80.2124786377,77466,77476,10
13.0443201065,80.2125167847,77476,77486,10
13.0441398621,80.2121963501,77486,77496,10
13.0441503525,80.2115631104,77496,77506,10
13.0441303253,80.2108230591,77506,77516,10
13.0441102982,80.2101669312,77516,77526,10
13.0441198349,80.2095794678,77526,77557,31
13.0441198349,80.2095794678,77557,77567,10
13.0441598892,80.2094421387,77567,77577,10
13.0441198349,80.2091827393,77577,77587,10
13.044090271,80.2088928223,77587,77597,10
13.0440797806,80.208770752,77597,77607,10
13.0440702438,80.2083587646,77607,77617,10
13.0439395905,80.2077026367,77617,77627,10
13.0435199738,80.2069625854,77627,77637,10
13.043009758,80.206237793,77637,77647,10
13.0424900055,80.2055892944,77647,77657,10
13.0417604446,80.2052536011,77657,77667,10
13.0410404205,80.2051620483,77667,77678,11
13.0408201218,80.2051086426,77678,77688,10
13.0407400131,80.205116272,77688,77698,10
13.0403995514,80.2050704956,77698,77708,10
13.0399999619,80.2050018311,77708,77718,10
13.0395402908,80.2049026489,77718,77728,10
13.0389795303,80.204788208,77728,77738,10
13.0383901596,80.2047195435,77738,77748,10
13.0381603241,80.2045974731,77748,77758,10
13.0382003784,80.2042236328,77758,77768,10
13.0382699966,80.2035827637,77768,77778,10
13.0383901596,80.2027664185,77778,77789,11
13.0384902954,80.2019729614,77789,77799,10
13.0385398865,80.2015762329,77799,77809,10
13.038649559,80.2010803223,77809,77819,10
13.0387296677,80.2004318237,77819,77829,10
13.0388002396,80.1998596191,77829,77839,10
13.0388898849,80.1992416382,77839,77849,10
13.0389299393,80.1987991333,77849,77859,10
13.0389699936,80.1986236572,77859,77869,10
13.0390396118,80.1981124878,77869,77879,10
13.0391597748,80.1975021362,77879,77889,10
13.0392303467,80.1969528198,77889,77900,11
13.0392398834,80.1969223022,77900,77909,9
13.0393199921,80.1965637207,77909,77920,11
13.0393600464,80.1961212158,77920,77930,10
13.039440155,80.1955184937,77930,77940,10
13.0395097733,80.1947937012,77940,77950,10
13.0396404266,80.193939209,77950,77960,10
13.0397396088,80.1931610107,77960,77980,20
13.0397396088,80.1931610107,77980,77990,10
13.0396299362,80.1930465698,77990,78000,10
13.0392599106,80.1929397583,78000,78011,11
13.0388002396,80.1928405762,78011,78031,20
13.0388002396,80.1928405762,78031,78041,10
13.0385904312,80.1928482056,78041,78051,10
13.0382204056,80.1927871704,78051,78061,10
13.0377702713,80.1929092407,78061,78071,10
13.0375995636,80.193572998,78071,78081,10
13.0374403,80.1944580078,78081,78091,10
13.0373001099,80.1954269409,78091,78101,10
13.0372200012,80.1959686279,78101,78111,10
13.0371904373,80.1961669922,78111,78122,11
13.0370998383,80.1966629028,78122,78132,10
13.0369901657,80.1973571777,78132,78142,10
13.0368795395,80.198097229,78142,78152,10
13.0368299484,80.1986999512,78152,78162,10
13.0368099213,80.1987762451,78162,78178,16
13.0366802216,80.199546814,78178,78190,12
13.0365495682,80.2005004883,78190,78200,10
13.0364303589,80.2013473511,78200,78210,10
13.0363903046,80.2016525269,78210,78220,10
13.0363798141,80.2017593384,78220,78229,9
13.036359787,80.2019195557,78229,78240,11
13.0362701416,80.2024078369,78240,78251,11
13.0361204147,80.2032394409,78251,78261,10
13.0360097885,80.2040100098,78261,78271,10
13.0359601974,80.204460144,78271,78281,10
13.035900116,80.2049407959,78281,78291,10
13.0358200073,80.205581665,78291,78301,10
13.035779953,80.2059020996,78301,78311,10
13.0357198715,80.2062225342,78311,78321,10
13.0356998444,80.2064590454,78321,78331,10
13.0355997086,80.2070083618,78331,78342,11
13.0354795456,80.207862854,78342,78352,10
13.0354204178,80.2082901001,78352,78362,10
13.0354099274,80.2084274292,78362,78372,10
13.0353403091,80.2087478638,78372,78382,10
13.0352497101,80.2093276978,78382,78392,10
13.035200119,80.2098007202,78392,78402,10
13.0351896286,80.2099685669,78402,78432,30
13.0351896286,80.2099685669,78432,78442,10
13.0351200104,80.2103118896,78442,78453,11
13.0349798203,80.2107009888,78453,78463,10
13.0348901749,80.2113037109,78463,78473,10
13.0347499847,80.2120437622,78473,78483,10
13.0342702866,80.2121124268,78483,78493,10
13.0337696075,80.212059021,78493,78503,10
13.033370018,80.2120132446,78503,78513,10
13.032959938,80.2119674683,78513,78523,10
13.032500267,80.2119293213,78523,78533,10
13.0324897766,80.2119293213,78533,78543,10
13.0321998596,80.2118988037,78543,78553,10
13.0319499969,80.2117080688,78553,78563,10
13.031999588,80.2112121582,78563,78574,11
13.0320501328,80.2104873657,78574,78584,10
13.0320997238,80.2098007202,78584,78594,10
13.0316896439,80.2096176147,78594,78604,10
13.0310401917,80.2094573975,78604,78614,10
13.0303201675,80.2092437744,78614,78633,19
13.0303201675,80.2092437744,78633,78644,11
13.030090332,80.2092971802,78644,78654,10
13.0300703049,80.2094497681,78654,78664,10
13.0299901962,80.2096786499,78664,78674,10
13.0300197601,80.2098007202,78674,78685,11
13.0303201675,80.2098922729,78685,78695,10
13.0308103561,80.2100296021,78695,78705,10
13.0309400558,80.2101974487,78705,78715,10
13.0309200287,80.2105407715,78715,78725,10
13.0308599472,80.2110977173,78725,78735,10
13.0308198929,80.2113876343,78735,78745,10
13.0307598114,80.211769104,78745,78755,10
13.0306797028,80.2121887207,78755,78765,10
13.0305900574,80.2127380371,78765,78775,10
13.0304803848,80.2134933472,78775,78785,10
13.0304698944,80.2137298584,78785,78796,11
13.0304203033,80.2140426636,78796,78806,10
13.0303602219,80.2145767212,78806,78816,10
13.0303602219,80.2147674561,78816,78826,10
13.0303602219,80.2149810791,78826,78836,10
13.0303401947,80.2154693604,78836,78846,10
13.0303697586,80.216178894,78846,78856,10
13.0304203033,80.2168502808,78856,78866,10
13.0306797028,80.2169418335,78866,78876,10
13.0309400558,80.2169570923,78876,78886,10
13.0313196182,80.2169799805,78886,78896,10
13.0314798355,80.2172088623,78896,78907,11
13.0315303802,80.2178268433,78907,78917,10
13.0317201614,80.2183914185,78917,78927,10
13.0322303772,80.21849823,78927,78937,10
13.0322303772,80.2189712524,78937,78947,10
13.0322198868,80.219619751,78947,78957,10
13.0322303772,80.2201690674,78957,78967,10
13.0322399139,80.2202835083,78967,78983,16
13.0320796967,80.2209777832,78983,78995,12
13.0318698883,80.2217025757,78995,79004,9
13.0316400528,80.2221603394,79004,79015,11
13.0313596725,80.2226409912,79015,79026,11
13.0311498642,80.2238998413,79026,79046,20
13.0311498642,80.2238998413,79046,79056,10
13.0311603546,80.2242202759,79056,79066,10
13.030790329,80.224319458,79066,79076,10
13.0303401947,80.2242965698,79076,79086,10
13.0298995972,80.2242965698,79086,79095,9
13.0294303894,80.224319458,79095,79105,10
13.0290498734,80.2242584229,79105,79116,11
13.0288896561,80.2241668701,79116,79127,11
13.0285196304,80.2241210938,79127,79137,10
13.0283603668,80.2247009277,79137,79147,10
13.0281400681,80.2256088257,79147,79156,9
13.0279998779,80.2263717651,79156,79167,11
13.0279102325,80.2269134521,79167,79177,10
13.0280895233,80.2270584106,79177,79187,10
13.0285701752,80.2271728516,79187,79197,10
13.0292396545,80.2272872925,79197,79207,10
13.0299501419,80.2274017334,79207,79217,10
13.0304203033,80.2275314331,79217,79227,10
13.0304002762,80.2277603149,79227,79237,10
13.0303401947,80.2281112671,79237,79248,11
13.03028965,80.2288284302,79248,79258,10
13.0304298401,80.2296295166,79258,79268,10
13.030670166,80.2304077148,79268,79278,10
13.0306997299,80.2306289673,79278,79288,10
13.030670166,80.2307434082,79288,79298,10
13.030380249,80.2307815552,79298,79308,10
13.0299501419,80.2308425903,79308,79318,10
13.0297803879,80.2308502197,79318,79328,10
13.0295000076,80.2308731079,79328,79338,10
13.0290203094,80.2309112549,79338,79348,10
13.0283498764,80.2309570313,79348,79359,11
13.0277004242,80.2310333252,79359,79369,10
13.0276203156,80.2312927246,79369,79385,16
13.0277204514,80.2321166992,79385,79397,12
13.0278196335,80.2325134277,79397,79407,10
13.0277099609,80.2328262329,79407,79417,10
13.0267896652,80.2329788208,79417,79447,30
13.0267896652,80.2329788208,79447,79456,9
13.0266399384,80.233001709,79456,79466,10
13.0265798569,80.2330169678,79466,79478,12
13.0263595581,80.2328567505,79478,79488,10
13.0262002945,80.2323608398,79488,79498,10
13.0260400772,80.2315979004,79498,79508,10
13.025759697,80.23072052,79508,79518,10
13.025179863,80.2297515869,79518,79528,10
13.0244998932,80.2288818359,79528,79538,10
13.024020195,80.2283477783,79538,79548,10
13.0239496231,80.2282180786,79548,79558,10
13.0236797333,80.2278900146,79558,79568,10
13.0232696533,80.2275009155,79568,79578,10
13.0228595734,80.2271118164,79578,79589,11
13.0222101212,80.2265396118,79589,79599,10
13.0214395523,80.2258987427,79599,79609,10
13.0205602646,80.225227356,79609,79619,10
13.0197000504,80.2246398926,79619,79629,10
13.0186901093,80.2244567871,79629,79639,10
13.0177001953,80.224899292,79639,79649,10
13.0167303085,80.2253265381,79649,79659,10
13.0160503387,80.2256011963,79659,79669,10
13.01541996,80.2258224487,79669,79679,10
13.0148801804,80.22605896,79679,79689,10
13.014380455,80.2262573242,79689,79700,11
13.014169693,80.2263336182,79700,79710,10
13.0137796402,80.2264709473,79710,79720,10
13.013130188,80.2266998291,79720,79730,10
13.0123996735,80.2269821167,79730,79740,10
13.0116100311,80.2272796631,79740,79756,16
13.0100603104,80.2279129028,79756,79768,12
13.0090799332,80.2285766602,79768,79776,8
13.0089197159,80.2294006348,79776,79788,12
13.0086803436,80.2307434082,79788,79798,10
13.0084695816,80.2318725586,79798,79808,10
13.0082798004,80.232963562,79808,79819,11
13.0081996918,80.2336120605,79819,79829,10
13.0081501007,80.2338104248,79829,79839,10
13.0080499649,80.2342605591,79839,79849,10
13.0079097748,80.2349472046,79849,79859,10
13.0077104568,80.2359085083,79859,79869,10
13.0074796677,80.2370605469,79869,79879,10
13.0072402954,80.2382583618,79879,79889,10
13.0070400238,80.2394180298,79889,79899,10
13.0069103241,80.2401733398,79899,79972,73
13.0069103241,80.2401733398,79972,79982,10
13.0069599152,80.2404022217,79982,79992,10
13.006819725,80.2409591675,79992,80002,10
13.0067396164,80.2417831421,80002,80012,10
13.0067300797,80.2427597046,80012,80022,10
13.0066699982,80.2435836792,80022,80032,10
13.0066604614,80.2445602417,80032,80043,11
13.0066699982,80.2454376221,80043,80053,10
13.0066995621,80.2460784912,80053,80063,10
13.0067100525,80.246383667,80063,80073,10
13.0067100525,80.2468719482,80073,80083,10
13.0066995621,80.247428894,80083,80093,10
13.0067195892,80.2484512329,80093,80103,10
13.0067796707,80.2490997314,80103,80113,10
13.0067596436,80.249206543,80113,80123,10
13.006770134,80.2497406006,80123,80133,10
13.0067901611,80.25050354,80133,80143,10
13.0067901611,80.2512893677,80143,80154,11
13.0067195892,80.2516326904,80154,80164,10
13.0066099167,80.2521972656,80164,80174,10
13.0065402985,80.2529907227,80174,80184,10
13.0065402985,80.2539367676,80184,80194,10
13.0065898895,80.2548522949,80194,80204,10
13.0065803528,80.255027771,80204,80214,10
13.0065803528,80.2551269531,80214,80224,10
13.0065898895,80.255569458,80224,80234,10
13.0065803528,80.2562332153,80234,80244,10
13.0065803528,80.256980896,80244,80260,16
13.0065202713,80.2575378418,80260,80272,12
13.0059499741,80.2574462891,80272,80281,9
13.0054302216,80.2573394775,80281,80291,10
13.0047702789,80.2571563721,80291,80302,11
13.0039100647,80.256980896,80302,80313,11
13.0031795502,80.2568511963,80313,80324,11
13.0024595261,80.2567062378,80324,80335,11
13.0016899109,80.2565917969,80335,80347,12
13.0009698868,80.2565002441,80347,80357,10
13.0003099442,80.2563934326,80357,80367,10
12.9996404648,80.2562484741,80367,80378,11
12.9987401962,80.2560882568,80378,80399,21
12.9987401962,80.2560882568,80399,80409,10
12.9984397888,80.2560806274,80409,80418,9
12.9979801178,80.2559890747,80418,80429,11
12.9974002838,80.2559280396,80429,80439,10
12.9968996048,80.2561187744,80439,80449,10
12.9968204498,80.2566604614,80449,80459,10
12.9968004227,80.2570419312,80459,80469,10
12.9967699051,80.2574005127,80469,80479,10
12.9966897964,80.2580566406,80479,80490,11
12.9965896606,80.2589569092,80490,80499,9
12.9965000153,80.2597808838,80499,80510,11
12.9963903427,80.2607192993,80510,80520,10
12.9962997437,80.2617416382,80520,80530,10
12.996219635,80.2623291016,80530,80540,10
12.9961700439,80.2624969482,80540,80550,10
12.9961204529,80.2629776001,80550,80560,10
12.9960603714,80.2636108398,80560,80570,10
12.9959802628,80.2644424438,80570,80580,10
12.995880127,80.2654266357,80580,80590,10
12.995759964,80.2665023804,80590,80601,11
12.9956703186,80.267539978,80601,80611,10
12.9960098267,80.2676773071,80611,80621,10
12.9962596893,80.2677001953,80621,80631,10
12.9968500137,80.2677001953,80631,80641,10
12.9975404739,80.2675018311,80641,80651,10
12.9981603622,80.267326355,80651,80661,10
12.9989404678,80.2670974731,80661,80671,10
12.9998102188,80.2668228149,80671,80681,10
13.0000600815,80.2665710449,80681,80698,17
13.0001602173,80.2658920288,80698,80710,12
13.0002603531,80.2652282715,80710,80720,10
13.0002803802,80.2651062012,80720,80730,10
13.0003204346,80.2647781372,80730,80740,10
13.0003900528,80.2643127441,80740,80749,9
13.0004796982,80.2637634277,80749,80760,11
13.0007200241,80.2631072998,80760,80770,10
13.0007896423,80.2627105713,80770,80780,10
13.0008296967,80.2621994019,80780,80790,10
13.0008897781,80.2615890503,80790,80800,10
13.0009403229,80.2609405518,80800,80810,10
13.0009803772,80.2603302002,80810,80821,11
13.0010204315,80.2595367432,80821,80830,9
13.0010099411,80.2592391968,80830,80841,11
13.0010004044,80.2586975098,80841,80851,10
13.0010099411,80.2579193115,80851,80861,10
13.0010299683,80.2570800781,80861,80871,10
13.0008897781,80.2565383911,80871,80881,10
13.0003995895,80.2564315796,80881,80891,10
12.99958992,80.2562408447,80891,80901,10
12.9991397858,80.2561721802,80901,80911,10
12.9988603592,80.2561035156,80911,80921,10
12.9986696243,80.2560806274,80921,80932,11
12.9982700348,80.2560195923,80932,80942,10
12.9978399277,80.2559509277,80942,80952,10
12.9976902008,80.2561035156,80952,80962,10
12.9977903366,80.2565383911,80962,81053,91
12.9977903366,80.2565383911,81053,81063,10
12.9978303909,80.2566604614,81063,81073,10
12.9980802536,80.2571182251,81073,81083,10
