13.0501298904,80.2069320679,20,1523,1503
13.0501899719,80.2069702148,1523,2068,545
13.0501899719,80.2068405151,2068,2835,767
13.0501804352,80.2069168091,2835,2855,20
13.050239563,80.2069091797,2855,3742,887
13.0502300262,80.2069396973,3742,4126,384
13.0502300262,80.2068634033,4126,7091,2965
13.0502195358,80.2070617676,7091,7505,414
13.050160408,80.2069778442,7505,7979,474
13.0501203537,80.2071075439,7979,8171,192
13.050160408,80.2069168091,8171,9623,1452
13.050160408,80.2070617676,9623,10521,898
13.050160408,80.2070617676,10521,10531,10
13.0501804352,80.2068481445,10531,11277,746
13.050330162,80.2070922852,11277,11651,374
13.0502195358,80.2069015503,11651,16756,5105
13.0502099991,80.2069625854,16756,17079,323
13.050160408,80.2070236206,17079,18350,1271
13.050160408,80.2070236206,18350,18360,10
13.0501499176,80.2068023682,18360,19965,1605
13.050239563,80.2070083618,19965,20177,212
13.0501003265,80.206993103,20177,21589,1412
13.0501098633,80.2071228027,21589,22013,424
13.0502195358,80.2068710327,22013,22961,948
13.0502195358,80.2068710327,22961,22971,10
13.0498504639,80.2068862915,22971,23031,60
13.0498504639,80.2068862915,23031,23042,11
13.0494203568,80.2069168091,23042,23062,20
13.0494203568,80.2069168091,23062,23072,10
13.0489997864,80.2069625854,23072,23102,30
13.0489997864,80.2069625854,23102,23112,10
13.0488395691,80.207069397,23112,23122,10
13.0489397049,80.207321167,23122,23132,10
13.0489997864,80.2074508667,23132,23142,10
13.0491399765,80.2078018188,23142,23153,11
13.0492897034,80.2082824707,23153,23163,10
13.0494203568,80.2088623047,23163,23173,10
13.0495595932,80.2095413208,23173,23183,10
13.0496702194,80.2102813721,23183,23193,10
13.0497398376,80.2110290527,23193,23203,10
13.049949646,80.2118988037,23203,23274,71
13.049949646,80.2118988037,23274,23284,10
13.0501804352,80.2119674683,23284,23294,10
13.0506296158,80.2119903564,23294,23304,10
13.0510902405,80.2120437622,23304,23314,10
13.0519399643,80.2120132446,23314,23324,10
13.0527296066,80.2118301392,23324,23334,10
13.0535697937,80.2116088867,23334,23344,10
13.0543003082,80.2114334106,23344,23354,10
13.0553598404,80.2113723755,23354,23363,9
13.0562601089,80.2114028931,23363,23373,10
13.0573301315,80.2114181519,23373,23384,11
13.0584497452,80.21144104,23384,23395,11
13.0594902039,80.2114868164,23395,23405,10
13.060500145,80.2115402222,23405,23415,10
13.0614500046,80.2115783691,23415,23425,10
13.0622701645,80.2116165161,23425,23435,10
13.0631999969,80.2115325928,23435,23444,9
13.0635700226,80.2115020752,23444,23454,10
13.0640602112,80.2114715576,23454,23465,11
13.0648202896,80.2112121582,23465,23475,10
13.065580368,80.2107009888,23475,23485,10
13.0663499832,80.2100906372,23485,23495,10
13.0670099258,80.2094421387,23495,23506,11
13.0675001144,80.2086029053,23506,23516,10
13.0680303574,80.2077789307,23516,23526,10
13.0685501099,80.2069702148,23526,23536,10
13.0687799454,80.2066421509,23536,23546,10
13.0689296722,80.2064208984,23546,23556,10
13.0691795349,80.2060623169,23556,23566,10
13.0694904327,80.2054824829,23566,23586,20
13.0694904327,80.2054824829,23586,23596,10
13.0696001053,80.2052307129,23596,23606,10
13.0697002411,80.2049713135,23606,23616,10
13.0693702698,80.204826355,23616,23627,11
13.0690202713,80.205291748,23627,23637,10
13.0686197281,80.2052612305,23637,23647,10
13.068110466,80.2052307129,23647,23990,343
13.068110466,80.2052307129,23990,24000,10
13.0682201385,80.2050018311,24000,24010,10
13.0686302185,80.2048568726,24010,24020,10
13.0689496994,80.2047576904,24020,24030,10
13.0691299438,80.2047195435,24030,24040,10
13.069319725,80.204750061,24040,24050,10
13.0694999695,80.2047805786,24050,24060,10
13.0696401596,80.2048110962,24060,24070,10
13.0698204041,80.2049636841,24070,24081,11
13.0698404312,80.205078125,24081,24091,10
13.0697402954,80.205368042,24091,24101,10
13.069439888,80.2058334351,24101,24111,10
13.0690202713,80.2064819336,24111,24121,10
13.0685501099,80.2072372437,24121,24131,10
13.0680198669,80.2080764771,24131,24141,10
13.0674495697,80.208946228,24141,24151,10
13.0669698715,80.2096633911,24151,24161,10
13.0659799576,80.2105712891,24161,24171,10
13.0650501251,80.2113189697,24171,24191,20
13.0650501251,80.2113189697,24191,24202,11
13.0647697449,80.2114715576,24202,24212,10
13.0642404556,80.2116470337,24212,24222,10
13.0637197495,80.2117385864,24222,24232,10
13.0630702972,80.2117919922,24232,24242,10
13.0623703003,80.2118225098,24242,24252,10
13.0616798401,80.2117767334,24252,24262,10
13.0607995987,80.2117767334,24262,24272,10
13.0600099564,80.2117385864,24272,24282,10
13.0588903427,80.2116699219,24282,24292,10
13.0576696396,80.2116622925,24292,24313,21
13.0576696396,80.2116622925,24313,24323,10
13.0573196411,80.2116622925,24323,24333,10
13.0567703247,80.2116470337,24333,24343,10
13.0560503006,80.2116317749,24343,24353,10
13.0552597046,80.2115936279,24353,24363,10
13.0543498993,80.2116088867,24363,24373,10
13.0534601212,80.211807251,24373,24383,10
13.0526399612,80.2120285034,24383,24393,10
13.051609993,80.2122116089,24393,24403,10
13.0510501862,80.2121810913,24403,24413,10
13.050330162,80.2122192383,24413,24423,10
13.0494203568,80.2122268677,24423,24444,21
13.0494203568,80.2122268677,24444,24454,10
13.0493402481,80.2122116089,24454,24464,10
13.0489902496,80.2121963501,24464,24474,10
13.0484600067,80.2122268677,24474,24484,10
13.047750473,80.2123031616,24484,24494,10
13.0468997955,80.2123336792,24494,24504,10
13.0458803177,80.2123565674,24504,24514,10
13.044500351,80.2124099731,24514,24575,61
13.044500351,80.2124099731,24575,24585,10
13.0440101624,80.2124023438,24585,24595,10
13.0433702469,80.2123794556,24595,24605,10
13.0425796509,80.2123794556,24605,24615,10
13.0416498184,80.2123794556,24615,24625,10
13.0405597687,80.212348938,24625,24635,10
13.0394001007,80.2123718262,24635,24645,10
13.0382795334,80.2123794556,24645,24656,11
13.0374603271,80.212348938,24656,24676,20
13.0374603271,80.212348938,24676,24686,10
13.037320137,80.2123413086,24686,24696,10
13.036939621,80.212310791,24696,24706,10
13.0363397598,80.2123031616,24706,24716,10
13.0355596542,80.2123031616,24716,24726,10
13.0350503922,80.2122573853,24726,24736,10
13.0348300934,80.212272644,24736,24746,10
13.0342702866,80.2121200562,24746,24767,21
13.0342702866,80.2121200562,24767,24777,10
13.0341300964,80.2120819092,24777,24787,10
13.0337600708,80.2120285034,24787,24796,9
13.0333595276,80.2119293213,24796,24807,11
13.0327301025,80.2117996216,24807,24817,10
13.0322399139,80.2117233276,24817,24827,10
13.031999588,80.2114715576,24827,24837,10
13.0320596695,80.2108535767,24837,24847,10
13.0321102142,80.2100906372,24847,24857,10
13.031920433,80.209602356,24857,24867,10
13.0312795639,80.2094192505,24867,24877,10
13.0304203033,80.2092208862,24877,24907,30
13.0304203033,80.2092208862,24907,24918,11
13.0302801132,80.2091903687,24918,24928,10
13.0295295715,80.2089385986,24928,24948,20
13.0295295715,80.2089385986,24948,24958,10
13.0294399261,80.2089233398,24958,24968,10
13.0290603638,80.2088088989,24968,24978,10
13.0285902023,80.2086868286,24978,24988,10
13.0280799866,80.2085418701,24988,24998,10
13.0275802612,80.2083129883,24998,25009,11
13.0268697739,80.2078781128,25009,25019,10
13.0261602402,80.2074508667,25019,25029,10
13.0252599716,80.2070617676,25029,25039,10
13.0243701935,80.2069091797,25039,25049,10
13.0237903595,80.2067871094,25049,25059,10
13.0230197906,80.2066268921,25059,25069,10
13.0221700668,80.2064819336,25069,25079,10
13.0212202072,80.206451416,25079,25095,16
13.0195999146,80.206451416,25095,25107,12
13.019080162,80.2063522339,25107,25115,8
13.018989563,80.2063064575,25115,25127,12
13.0184297562,80.2061233521,25127,25138,11
13.0178899765,80.2059402466,25138,25146,8
13.0173797607,80.2057266235,25146,25158,12
13.0166196823,80.2054519653,25158,25168,10
13.015709877,80.205078125,25168,25178,10
13.0147800446,80.2048034668,25178,25188,10
13.0143003464,80.2046203613,25188,25198,10
13.0143098831,80.2045593262,25198,25208,10
13.0139503479,80.2044067383,25208,25218,10
13.0136203766,80.2045822144,25218,25228,10
13.0134496689,80.205078125,25228,25239,11
13.0132198334,80.2058410645,25239,25249,10
13.0130596161,80.2066726685,25249,25259,10
13.0129995346,80.2075271606,25259,25269,10
13.0129299164,80.2080307007,25269,25279,10
13.0129203796,80.2084884644,25279,25289,10
13.012960434,80.2089767456,25289,25299,10
13.0130300522,80.2092590332,25299,25309,10
13.0130796432,80.2093811035,25309,25319,10
13.0132102966,80.2098007202,25319,25329,10
13.0131502151,80.2104568481,25329,25339,10
13.0128602982,80.2112731934,25339,25349,10
13.0123996735,80.2120666504,25349,25360,11
13.0119800568,80.2126617432,25360,25370,10
13.0118398666,80.2127990723,25370,25380,10
13.0115804672,80.2126617432,25380,25390,10
13.011179924,80.2123565674,25390,25400,10
13.0107002258,80.2120132446,25400,25410,10
13.0102996826,80.2117080688,25410,25420,10
13.00963974,80.2112121582,25420,25450,30
13.00963974,80.2112121582,25450,25461,11
13.0093202591,80.2110900879,25461,25471,10
13.009180069,80.2113037109,25471,25481,10
13.0091104507,80.2114181519,25481,25491,10
13.0090398788,80.2116928101,25491,25501,10
13.0092000961,80.2121582031,25501,25510,9
13.0093698502,80.212677002,25510,25520,10
13.0095796585,80.2132263184,25520,25531,11
13.0098199844,80.2138137817,25531,25541,10
13.0101003647,80.2145233154,25541,25551,10
13.010219574,80.2152786255,25551,25561,10
13.0104398727,80.2160873413,25561,25571,10
13.0108098984,80.2169189453,25571,25582,11
13.0112800598,80.2180175781,25582,25592,10
13.0116901398,80.2191390991,25592,25602,10
13.0120601654,80.2202911377,25602,25612,10
13.0124597549,80.221282959,25612,25622,10
13.0129098892,80.2219085693,25622,25632,10
13.0134401321,80.2226104736,25632,25642,10
13.0139799118,80.2233123779,25642,25652,10
13.0142602921,80.2237319946,25652,25662,10
13.0146903992,80.2242202759,25662,25672,10
13.0152597427,80.224899292,25672,25682,10
13.0154304504,80.2254867554,25682,25692,10
13.0150499344,80.2258987427,25692,25703,11
13.0142803192,80.2262420654,25703,25713,10
13.013469696,80.2265701294,25713,25723,10
13.0125398636,80.2269210815,25723,25733,10
13.0115203857,80.2273330688,25733,25743,10
13.0104799271,80.2277374268,25743,25753,10
13.0097103119,80.227897644,25753,25763,10
13.0095996857,80.227432251,25763,25773,10
13.0098495483,80.2268371582,25773,25783,10
13.0101699829,80.2261123657,25783,25793,10
13.0104999542,80.2253036499,25793,25804,11
13.0108995438,80.2243423462,25804,25814,10
13.0111398697,80.2237167358,25814,25824,10
13.0112600327,80.2231903076,25824,25834,10
13.0108804703,80.2229919434,25834,25844,10
13.010310173,80.2227172852,25844,25854,10
13.0096197128,80.2223434448,25854,25864,10
13.0088996887,80.2219390869,25864,25874,10
13.0081195831,80.2215118408,25874,25884,10
13.007229805,80.2210235596,25884,25894,10
13.0062303543,80.2205963135,25894,25904,10
13.0051202774,80.2203598022,25904,25914,10
13.0041503906,80.220123291,25914,25925,11
13.0029401779,80.2197799683,25925,25935,10
13.0020999908,80.2191390991,25935,25945,10
13.0015201569,80.2185287476,25945,25955,10
13.0007400513,80.2180175781,25955,25965,10
13.0000095367,80.2175598145,25965,25975,10
12.9991502762,80.2170791626,25975,25985,10
12.9981603622,80.2166366577,25985,25995,10
12.9974603653,80.2165298462,25995,26005,10
12.9974498749,80.2165374756,26005,26015,10
12.9971399307,80.216506958,26015,26025,10
12.9965801239,80.2165603638,26025,26035,10
12.9959697723,80.2167205811,26035,26045,10
12.9951000214,80.2171096802,26045,26062,17
12.9937200546,80.2180786133,26062,26074,12
12.9926595688,80.2188262939,26074,26082,8
12.9919395447,80.2193527222,26082,26094,12
12.9913196564,80.2195892334,26094,26104,10
12.9910001755,80.2194671631,26104,26114,10
12.9908800125,80.2194137573,26114,26124,10
12.9904203415,80.2192382813,26124,26134,10
12.9897403717,80.21900177,26134,26143,9
12.9890403748,80.21875,26143,26153,10
12.9881496429,80.2184906006,26153,26165,12
12.9868803024,80.2182769775,26165,26185,20
12.9868803024,80.2182769775,26185,26195,10
12.9867401123,80.2182312012,26195,26205,10
12.9862699509,80.2180862427,26205,26215,10
12.9856796265,80.2179412842,26215,26225,10
12.9848499298,80.2179489136,26225,26235,10
12.9840297699,80.2179794312,26235,26245,10
12.9839696884,80.2179870605,26245,26255,10
12.9835996628,80.2179794312,26255,26265,10
12.9829797745,80.2179718018,26265,26276,11
12.9820995331,80.2179718018,26276,26286,10
12.9811697006,80.2181167603,26286,26296,10
12.9801998138,80.2184829712,26296,26306,10
12.9795799255,80.2187194824,26306,26316,10
12.9789896011,80.218963623,26316,26326,10
12.9784803391,80.2191772461,26326,26342,16
12.9772996902,80.2196731567,26342,26354,12
12.9762401581,80.2201309204,26354,26363,9
12.9757099152,80.2203598022,26363,26374,11
12.975520134,80.2206420898,26374,26384,10
12.975810051,80.2210617065,26384,26395,11
12.9763402939,80.2217330933,26395,26415,20
12.9763402939,80.2217330933,26415,26425,10
12.9764204025,80.2219772339,26425,26435,10
12.9766998291,80.2224731445,26435,26445,10
12.9771003723,80.2230987549,26445,26455,10
12.9775600433,80.2238235474,26455,26465,10
12.9780397415,80.224571228,26465,26475,10
12.9784803391,80.2252807617,26475,26485,10
12.9790000916,80.2261199951,26485,26495,10
12.9794397354,80.2268829346,26495,26505,10
12.9799003601,80.2275772095,26505,26516,11
12.9804496765,80.2285003662,26516,26526,10
12.980919838,80.2292709351,26526,26536,10
12.9813404083,80.2299423218,26536,26546,10
12.9816303253,80.2303924561,26546,26556,10
12.9816999435,80.2305374146,26556,26566,10
12.9819002151,80.2309875488,26566,26576,10
12.982049942,80.2316436768,26576,26586,10
12.982049942,80.2323226929,26586,26596,10
12.9819297791,80.2328414917,26596,26612,16
12.9816102982,80.2335662842,26612,26624,12
12.9814596176,80.2338562012,26624,26635,11
12.9812402725,80.2344894409,26635,26645,10
12.9812297821,80.2352981567,26645,26654,9
12.9812498093,80.2361526489,26654,26666,12
12.9812803268,80.2374191284,26666,26676,10
12.981300354,80.2382202148,26676,26686,10
12.9813098907,80.2386779785,26686,26695,9
12.9813098907,80.2388000488,26695,26705,10
12.9813203812,80.2392730713,26705,26716,11
12.9813404083,80.2400588989,26716,26726,10
12.9813699722,80.2409133911,26726,26737,11
12.9813699722,80.2419815063,26737,26747,10
12.9813899994,80.2425689697,26747,26757,10
12.9813804626,80.2428207397,26757,26767,10
12.9813804626,80.2428283691,26767,26777,10
12.9813995361,80.2429504395,26777,26787,10
12.9813899994,80.2434005737,26787,26797,10
12.9813098907,80.2440567017,26797,26807,10
12.9812002182,80.2449035645,26807,26817,10
12.981089592,80.2458724976,26817,26827,10
12.9809703827,80.2469482422,26827,26837,10
12.9809103012,80.2476425171,26837,26846,9
12.9808797836,80.2481231689,26846,26858,12
12.9808101654,80.2490463257,26858,26868,10
12.9806804657,80.2499389648,26868,26878,10
12.9804496765,80.2509384155,26878,26888,10
12.980219841,80.2518463135,26888,26898,10
12.9801397324,80.2522735596,26898,26908,10
12.9801301956,80.2522964478,26908,26918,10
12.9801502228,80.2525177002,26918,26928,10
12.9804096222,80.2526397705,26928,26938,10
12.980890274,80.2526321411,26938,26948,10
12.9815597534,80.2526092529,26948,26958,10
12.9824199677,80.2526016235,26958,26975,17
12.984120369,80.2523193359,26975,26987,12
12.9854001999,80.2519607544,26987,26997,10
12.9861698151,80.2517623901,26997,27007,10
12.9872903824,80.2514724731,27007,27017,10
12.9879398346,80.2514724731,27017,27027,10
12.9880304337,80.2518463135,27027,27037,10
12.9880504608,80.2519989014,27037,27047,10
12.9880399704,80.2525100708,27047,27057,10
12.9879598618,80.2533569336,27057,27067,10
12.9878702164,80.2543869019,27067,27078,11
12.9877595901,80.2556762695,27078,27128,50
12.9877595901,80.2556762695,27128,27138,10
12.9877195358,80.2558288574,27138,27148,10
12.9876403809,80.2562026978,27148,27158,10
12.9875898361,80.2568817139,27158,27168,10
12.9875297546,80.2576828003,27168,27178,10
12.9874696732,80.2585678101,27178,27188,10
12.9872999191,80.2593994141,27188,27229,41
12.9872999191,80.2593994141,27229,27239,10
12.9872903824,80.2595596313,27239,27249,10
12.9870796204,80.2595977783,27249,27310,61
12.9866895676,80.2596206665,27310,28217,907
12.9866895676,80.2596206665,28217,28227,10
12.9866104126,80.2594680786,28227,28238,11
12.9866104126,80.2594299316,28238,28248,10
12.9866104126,80.2591629028,28248,28258,10
12.9867601395,80.2590637207,28258,28308,50
12.9871997833,80.2591323853,28308,28359,51
12.9871997833,80.2591323853,28359,28369,10
12.9873800278,80.2587280273,28369,28379,10
12.9874000549,80.2584915161,28379,28389,10
12.9874401093,80.2579803467,28389,28399,10
12.9874801636,80.2572402954,28399,28409,10
12.9875297546,80.2565307617,28409,28419,10
12.9875802994,80.2559280396,28419,28439,20
12.9875802994,80.2559280396,28439,28449,10
12.9876804352,80.255531311,28449,28459,10
12.9877195358,80.2549362183,28459,28470,11
12.9877300262,80.2548675537,28470,28480,10
12.9877500534,80.2546386719,28480,28490,10
12.9877996445,80.2540817261,28490,28500,10
12.987859726,80.2533035278,28500,28510,10
12.9878902435,80.2520370483,28510,28550,40
12.9878902435,80.2520370483,28550,28560,10
12.987859726,80.2518768311,28560,28570,10
12.9877996445,80.2516784668,28570,28580,10
12.9876098633,80.2516403198,28580,28591,11
12.9874000549,80.251663208,28591,28607,16
12.9866600037,80.2517929077,28607,28619,12
12.9859104156,80.2519378662,28619,28629,10
12.9850702286,80.252166748,28629,28639,10
12.98416996,80.2524185181,28639,28649,10
12.9830598831,80.2526473999,28649,28659,10
12.9818401337,80.2527008057,28659,28669,10
12.9799804688,80.2527923584,28669,28730,61
12.9799804688,80.2527923584,28730,28740,10
12.9798698425,80.2525787354,28740,28750,10
12.9799003601,80.2522964478,28750,28760,10
12.9799098969,80.2522506714,28760,28770,10
12.9799995422,80.2519226074,28770,28780,10
12.9801902771,80.2513809204,28780,28790,10
12.980389595,80.2506484985,28790,28800,10
12.9805898666,80.2498703003,28800,28810,10
12.9807195663,80.2488327026,28810,28821,11
12.9807796478,80.2477416992,28821,28831,10
12.9808797836,80.2466888428,28831,28841,10
12.9809999466,80.2455825806,28841,28851,10
12.9811201096,80.2445220947,28851,28861,10
12.9811897278,80.2437973022,28861,28871,10
12.981300354,80.2435913086,28871,28881,10
12.9813404083,80.2433013916,28881,28891,10
12.9813604355,80.2428207397,28891,28911,20
12.9813604355,80.2428207397,28911,28921,10
12.9813699722,80.2427062988,28921,28931,10
12.9813699722,80.2423019409,28931,28942,11
12.9813604355,80.2420272827,28942,28952,10
12.9813604355,80.2415313721,28952,28962,10
12.9813604355,80.2408828735,28962,28972,10
12.9813404083,80.2400665283,28972,28982,10
12.9813203812,80.2391815186,28982,28992,10
12.9812803268,80.2382125854,28992,29002,10
12.9812803268,80.2379684448,29002,29012,10
12.9812803268,80.2379226685,29012,29022,10
12.9812698364,80.2375335693,29022,29032,10
12.9812498093,80.236907959,29032,29042,10
12.9812297821,80.2360992432,29042,29053,11
12.9812002182,80.2352600098,29053,29063,10
12.9812002182,80.2344589233,29063,29073,10
12.9816398621,80.2333526611,29073,29093,20
12.9816398621,80.2333526611,29093,29103,10
12.981710434,80.2332305908,29103,29113,10
12.9818696976,80.2328491211,29113,29123,10
12.9820098877,80.2323532104,29123,29133,10
12.982000351,80.231880188,29133,29143,10
12.9819402695,80.231338501,29143,29159,16
12.9814996719,80.2303466797,29159,29172,13
12.9809503555,80.2294616699,29172,29182,10
12.9807195663,80.2291030884,29182,29192,10
12.9806604385,80.2289886475,29192,29202,10
12.9806203842,80.2289199829,29202,29212,10
12.980389595,80.2285766602,29212,29222,10
12.9802103043,80.2281799316,29222,29232,10
12.9798803329,80.2276077271,29232,29241,9
12.9795503616,80.2270812988,29241,29251,10
12.979060173,80.2262573242,29251,29262,11
12.9785003662,80.2253417969,29262,29272,10
12.9780902863,80.2246627808,29272,29282,10
12.9779596329,80.2245330811,29282,29293,11
12.9777002335,80.2241134644,29293,29303,10
12.9773702621,80.2235717773,29303,29313,10
12.9769897461,80.2229309082,29313,29323,10
12.9766902924,80.222442627,29323,29333,10
12.9763202667,80.2218780518,29333,29343,10
12.975689888,80.2211074829,29343,29373,30
12.975689888,80.2211074829,29373,29383,10
12.975569725,80.2209472656,29383,29393,10
12.9753904343,80.2208328247,29393,29442,49
12.9753904343,80.2208328247,29442,29452,10
12.9753503799,80.220741272,29452,29462,10
12.9754800797,80.2204818726,29462,29472,10
12.9758396149,80.220199585,29472,29482,10
12.9763803482,80.2199401855,29482,29492,10
12.9770803452,80.2196426392,29492,29502,10
12.9778404236,80.219329834,29502,29512,10
12.9785604477,80.219039917,29512,29523,11
12.9791202545,80.2188186646,29523,29533,10
12.9798297882,80.218536377,29533,29543,10
12.9805803299,80.21824646,29543,29553,10
12.9813995361,80.2179718018,29553,29563,10
12.9822797775,80.2178421021,29563,29573,10
12.9830303192,80.2178421021,29573,29583,10
12.983830452,80.2178268433,29583,29613,30
12.983830452,80.2178268433,29613,29623,10
12.9840202332,80.2178115845,29623,29633,10
12.9844799042,80.2177963257,29633,29644,11
12.9851903915,80.2178192139,29644,29654,10
12.98595047,80.2179031372,29654,29664,10
12.9866895676,80.2180862427,29664,29674,10
12.9874200821,80.2182235718,29674,29694,20
12.9874200821,80.2182235718,29694,29704,10
12.9875097275,80.2182388306,29704,29714,10
12.9878997803,80.2183380127,29714,29724,10
12.9884700775,80.2184829712,29724,29734,10
12.9891901016,80.2186889648,29734,29744,10
12.9899396896,80.2189331055,29744,29755,11
12.9908704758,80.2192230225,29755,29765,10
12.9916601181,80.2194213867,29765,29775,10
12.9920797348,80.2191314697,29775,29785,10
12.9926395416,80.2187194824,29785,29795,10
12.9932804108,80.2182388306,29795,29805,10
12.9940099716,80.2177276611,29805,29815,10
12.9945898056,80.217300415,29815,29825,10
12.9950895309,80.2169570923,29825,29835,10
12.9957399368,80.2166366577,29835,29845,10
12.9963798523,80.216506958,29845,29855,10
12.9968004227,80.2164764404,29855,29865,10
12.9972200394,80.2164001465,29865,29876,11
12.9975996017,80.2160415649,29876,29896,20
12.9975996017,80.2160415649,29896,29906,10
12.9976797104,80.2159805298,29906,29916,10
12.9979295731,80.2157592773,29916,29926,10
12.9983100891,80.2154083252,29926,29936,10
12.9987602234,80.2149963379,29936,29946,10
12.9991798401,80.2146530151,29946,29956,10
12.9994802475,80.2144012451,29956,29966,10
12.9998502731,80.2140884399,29966,29976,10
13.0002403259,80.2137374878,29976,29987,11
13.000749588,80.2132568359,29987,29997,10
13.0013303757,80.2128372192,29997,30007,10
13.0019102097,80.2124099731,30007,30017,10
13.0025596619,80.2120819092,30017,30027,10
13.0029096603,80.2120513916,30027,30037,10
13.0033102036,80.2120437622,30037,30047,10
13.003660202,80.2118682861,30047,30057,10
13.0036697388,80.2118606567,30057,30067,10
13.0037202835,80.211730957,30067,30077,10
13.0037002563,80.2113418579,30077,30087,10
13.0036497116,80.2108383179,30087,30097,10
13.0036001205,80.2103805542,30097,30107,10
13.0035400391,80.2099533081,30107,30118,11
13.0035495758,80.2094421387,30118,30128,10
13.003660202,80.2089080811,30128,30138,10
13.0041503906,80.2086715698,30138,30148,10
13.0049495697,80.2090301514,30148,30158,10
13.0058202744,80.2093963623,30158,30168,10
13.0062599182,80.2095489502,30168,30178,10
13.0066299438,80.2096710205,30178,30188,10
13.0074300766,80.2098236084,30188,30219,31
13.0074300766,80.2098236084,30219,30229,10
13.0075597763,80.2098464966,30229,30239,10
13.0079402924,80.2099380493,30239,30249,10
13.0081796646,80.2098083496,30249,30259,10
13.0080699921,80.2093582153,30259,30269,10
13.0079402924,80.208732605,30269,30279,10
13.0078201294,80.2079467773,30279,30289,10
13.0076999664,80.2071228027,30289,30299,10
13.0075798035,80.206237793,30299,30309,10
13.0075101852,80.2053909302,30309,30319,10
13.0075101852,80.2047576904,30319,30329,10
13.0075101852,80.2042922974,30329,30340,11
13.0074501038,80.2037200928,30340,30350,10
13.0073099136,80.2029571533,30350,30360,10
13.0068597794,80.2025680542,30360,30370,10
13.0065402985,80.2029418945,30370,30380,10
13.0067396164,80.2033004761,30380,30390,10
13.0071401596,80.2035293579,30390,30400,10
13.0076398849,80.2036819458,30400,30410,10
13.0082798004,80.2037124634,30410,30420,10
13.009180069,80.2036590576,30420,30436,16
13.0110702515,80.2036590576,30436,30448,12
13.0124998093,80.2038803101,30448,30459,11
13.0134601593,80.2041168213,30459,30469,10
13.0140600204,80.2043228149,30469,30479,10
13.0149803162,80.2045974731,30479,30509,30
13.0149803162,80.2045974731,30509,30519,10
13.0151700974,80.2046737671,30519,30529,10
13.0156297684,80.2047805786,30529,30539,10
13.0162200928,80.2050170898,30539,30549,10
13.0168199539,80.2051086426,30549,30559,10
13.0175800323,80.2054672241,30559,30570,11
13.0187397003,80.2059020996,30570,30590,20
13.0187397003,80.2059020996,30590,30600,10
13.0189504623,80.2059402466,30600,30610,10
13.0194196701,80.2061233521,30610,30620,10
13.0200195313,80.206237793,30620,30630,10
13.0207996368,80.2062683105,30630,30640,10
13.0214004517,80.2062835693,30640,30650,10
13.022359848,80.2063369751,30650,30660,10
13.0231399536,80.2064971924,30660,30670,10
13.0240001678,80.2065963745,30670,30680,10
13.0243997574,80.2066879272,30680,30690,10
13.0244398117,80.2067337036,30690,30701,11
13.0248403549,80.206817627,30701,30711,10
13.0255098343,80.2070007324,30711,30721,10
13.0262203217,80.2073669434,30721,30731,10
13.0269498825,80.2078018188,30731,30741,10
13.0276603699,80.2082290649,30741,30751,10
13.0286903381,80.2086334229,30751,30761,10
13.0296201706,80.2088470459,30761,30771,10
13.0304498672,80.2090835571,30771,30781,10
13.0317296982,80.2094192505,30781,30802,21
13.0317296982,80.2094192505,30802,30812,10
13.0319404602,80.2095184326,30812,30822,10
13.0324497223,80.209602356,30822,30832,10
13.0331602097,80.2097167969,30832,30842,10
13.0339403152,80.2098922729,30842,30852,10
13.0346899033,80.2100601196,30852,30862,10
13.0350198746,80.2101821899,30862,30872,10
13.0349998474,80.2105865479,30872,30882,10
13.0350399017,80.2110290527,30882,30902,20
13.0350399017,80.2110290527,30902,30912,10
13.0350198746,80.2111587524,30912,30923,11
13.0349397659,80.2116088867,30923,30933,10
13.0349397659,80.2120895386,30933,30943,10
13.0354204178,80.2121963501,30943,30953,10
13.0361099243,80.2122268677,30953,30963,10
13.0368995667,80.2122573853,30963,30973,10
13.0374698639,80.2122573853,30973,30982,9
13.0381097794,80.2122573853,30982,30992,10
13.0389003754,80.2122268677,30992,31002,10
13.0396299362,80.2122573853,31002,31013,11
13.0403699875,80.2122802734,31013,31023,10
13.0412101746,80.2122573853,31023,31033,10
13.0421104431,80.2122573853,31033,31044,11
13.0432500839,80.2122573853,31044,31054,10
13.0439195633,80.212272644,31054,31084,30
13.0439195633,80.212272644,31084,31094,10
13.0442304611,80.2122802734,31094,31104,10
13.0444097519,80.2122879028,31104,31114,10
13.0448198318,80.2123031616,31114,31124,10
13.0454101563,80.2122879028,31124,31134,10
13.0461797714,80.2122573853,31134,31144,10
13.0470199585,80.2122192383,31144,31155,11
13.047949791,80.2121276855,31155,31165,10
13.0486803055,80.2120285034,31165,31184,19
13.0486803055,80.2120285034,31184,31195,11
13.0488100052,80.212020874,31195,31205,10
13.0495796204,80.2119369507,31205,31235,30
13.0495796204,80.2119369507,31235,31245,10
13.0496196747,80.2119598389,31245,31255,10
13.0499401093,80.2119369507,31255,31266,11
13.0501403809,80.2119598389,31266,31276,10
13.0505399704,80.2119903564,31276,31286,10
13.0510101318,80.2120437622,31286,31296,10
13.0518398285,80.2120666504,31296,31306,10
13.0525503159,80.2119293213,31306,31316,10
13.0533504486,80.2117004395,31316,31326,10
13.0542402267,80.2114715576,31326,31336,10
13.054889679,80.2114181519,31336,31346,10
13.0556297302,80.2114486694,31346,31356,10
13.0565795898,80.2114715576,31356,31366,10
13.0575704575,80.21144104,31366,31376,10
13.0577497482,80.2114181519,31376,31387,11
13.0579204559,80.2114181519,31387,31397,10
13.0584697723,80.2114486694,31397,31407,10
13.0591802597,80.2114868164,31407,31417,10
13.0599603653,80.211517334,31417,31427,10
13.0608997345,80.2115783691,31427,31437,10
13.0616798401,80.2116622925,31437,31447,10
13.0626497269,80.2115783691,31447,31457,10
13.0633201599,80.2115020752,31457,31467,10
13.0633497238,80.2115020752,31467,31477,10
13.0635404587,80.2115020752,31477,31487,10
13.0640602112,80.211479187,31487,31498,11
13.0647497177,80.211227417,31498,31508,10
13.0654401779,80.2107620239,31508,31518,10
13.0662002563,80.2101364136,31518,31528,10
13.06690979,80.2094268799,31528,31538,10
13.0675096512,80.2085037231,31538,31548,10
13.0681295395,80.2075195313,31548,31558,10
13.0687599182,80.2065582275,31558,31568,10
13.0692596436,80.2057418823,31568,31578,10
13.0696001053,80.2051086426,31578,31598,20
13.0696001053,80.2051086426,31598,31608,10
13.0696496964,80.2050476074,31608,31619,11
13.0696496964,80.2048568726,31619,31628,9
13.0693798065,80.2048110962,31628,31639,11
13.0690097809,80.2052536011,31639,31649,10
13.0686502457,80.2051620483,31649,31659,10
13.0682201385,80.2051391602,31659,32062,403
13.0682201385,80.2051391602,32062,32072,10
13.0680599213,80.2051391602,32072,32083,11
13.0680398941,80.2049484253,32083,32093,10
13.0683002472,80.2049331665,32093,32103,10
13.0683403015,80.2049179077,32103,32113,10
13.0687198639,80.204788208,32113,32123,10
13.0694904327,80.2047805786,32123,32143,20
13.0694904327,80.2047805786,32143,32153,10
13.0696401596,80.2048110962,32153,32163,10
13.0696601868,80.2048187256,32163,32173,10
13.0697202682,80.2048492432,32173,32183,10
13.069849968,80.205039978,32183,32193,10
13.0697202682,80.2053909302,32193,32204,11
13.0693397522,80.2060012817,32204,32213,9
13.0689401627,80.2066421509,32213,32224,11
13.0684099197,80.2074966431,32224,32234,10
13.0678901672,80.2083206177,32234,32244,10
13.0673904419,80.2090988159,32244,32254,10
13.0669202805,80.209777832,32254,32264,10
13.0664596558,80.2102584839,32264,32274,10
13.0661697388,80.2104873657,32274,32284,10
13.0660600662,80.2105789185,32284,32294,10
13.0656795502,80.2108688354,32294,32304,10
13.0652503967,80.21118927,32304,32314,10
13.0652399063,80.2112121582,32314,32325,11
13.0650596619,80.2113265991,32325,32335,10
13.0647296906,80.2113571167,32335,32345,10
13.0646696091,80.2114028931,32345,32355,10
13.0644302368,80.2115097046,32355,32365,10
13.0641002655,80.2116165161,32365,32375,10
13.0637798309,80.2116699219,32375,32385,10
13.0632801056,80.2117080688,32385,32395,10
13.062620163,80.2117385864,32395,32405,10
13.0621700287,80.2117233276,32405,32415,10
13.0614995956,80.2116928101,32415,32425,10
13.0607004166,80.2117462158,32425,32435,10
13.059920311,80.211730957,32435,32446,11
13.0590000153,80.2117004395,32446,32456,10
13.0585403442,80.2116699219,32456,32466,10
13.0578203201,80.2116394043,32466,32486,20
13.0578203201,80.2116394043,32486,32496,10
13.0575199127,80.2116622925,32496,32506,10
13.0570001602,80.2116394043,32506,32516,10
13.0563201904,80.2116317749,32516,32526,10
13.0555400848,80.2116012573,32526,32536,10
13.0548200607,80.2115402222,32536,32546,10
13.0542497635,80.2116165161,32546,32557,11
13.0534496307,80.2117919922,32557,32567,10
13.0527095795,80.2119903564,32567,32577,10
13.0521202087,80.2121505737,32577,32587,10
13.0516300201,80.2122116089,32587,32597,10
13.0508298874,80.2121582031,32597,32637,40
13.0508298874,80.2121582031,32637,32647,10
13.0505800247,80.2122573853,32647,32657,10
13.0501699448,80.2122268677,32657,32667,10
13.0497102737,80.2121963501,32667,32678,11
13.0496397018,80.2121887207,32678,32688,10
13.0495195389,80.2121734619,32688,32698,10
13.0491695404,80.2121582031,32698,32708,10
13.048789978,80.2121810913,32708,32718,10
13.0483999252,80.2121963501,32718,32728,10
13.0478200912,80.2122192383,32728,32738,10
13.0470695496,80.2123031616,32738,32748,10
13.0462598801,80.2123413086,32748,32758,10
13.0457897186,80.2123565674,32758,32768,10
13.0454502106,80.2123718262,32768,32778,10
13.0452003479,80.2124176025,32778,32865,87
13.0452003479,80.2124176025,32865,32876,11
13.0446596146,80.2124328613,32876,32888,12
13.0438995361,80.2124023438,32888,32898,10
13.0430698395,80.2124099731,32898,32908,10
13.0421695709,80.2124176025,32908,32919,11
13.0409498215,80.2124862671,32919,32929,10
13.0400400162,80.2124786377,32929,32938,9
13.0394201279,80.2123794556,32938,32949,11
13.0386104584,80.2124099731,32949,32959,10
13.0378799438,80.2124023438,32959,33090,131
13.0378799438,80.2124023438,33090,33100,10
13.0375099182,80.2123794556,33100,33110,10
13.0370903015,80.2123184204,33110,33120,10
13.03647995,80.2123184204,33120,33130,10
13.035779953,80.2123336792,33130,33141,11
13.0352602005,80.2122879028,33141,33161,20
13.0352602005,80.2122879028,33161,33171,10
13.0350599289,80.2122268677,33171,33181,10
13.0347995758,80.2121963501,33181,33191,10
13.0342903137,80.2121276855,33191,33221,30
13.0342903137,80.2121276855,33221,33231,10
13.0340900421,80.2120666504,33231,33241,10
13.0336704254,80.2119827271,33241,33251,10
13.033080101,80.2118835449,33251,33262,11
13.0322999954,80.211769104,33262,33272,10
13.0320301056,80.2113571167,33272,33282,10
13.0320796967,80.2106933594,33282,33292,10
13.032119751,80.2099533081,33292,33302,10
13.0318899155,80.2096633911,33302,33312,10
13.031419754,80.2095108032,33312,33322,10
13.0304698944,80.2092514038,33322,33352,30
13.0304698944,80.2092514038,33352,33362,10
13.0301198959,80.2090835571,33362,33373,11
13.0296201706,80.2089309692,33373,33383,10
13.0296201706,80.2089233398,33383,33393,10
13.0294704437,80.2089233398,33393,33402,9
13.0290603638,80.2088165283,33402,33413,11
13.0283002853,80.2086029053,33413,33423,10
13.027589798,80.2083129883,33423,33433,10
13.0268697739,80.2078704834,33433,33443,10
13.0260696411,80.2074127197,33443,33453,10
13.0250597,80.2070465088,33453,33463,10
13.0242595673,80.2068786621,33463,33473,10
13.0241603851,80.2068634033,33473,33483,10
13.0239400864,80.206817627,33483,33494,11
13.0234804153,80.206703186,33494,33504,10
13.023059845,80.2066574097,33504,33514,10
13.0226297379,80.2065429688,33514,33524,10
13.022310257,80.2064666748,33524,33554,30
13.022310257,80.2064666748,33554,33564,10
13.0221099854,80.206451416,33564,33574,10
13.021900177,80.206451416,33574,33584,10
13.0217103958,80.2064819336,33584,33594,10
13.0212402344,80.2064666748,33594,33604,10
13.0206203461,80.206489563,33604,33615,11
13.0197401047,80.2064819336,33615,33624,9
13.0192098618,80.2063827515,33624,33635,11
13.0191802979,80.2063674927,33635,33645,10
13.0189399719,80.2062988281,33645,33655,10
13.018409729,80.2061080933,33655,33665,10
13.017829895,80.2059173584,33665,33675,10
13.0177402496,80.2058868408,33675,33685,10
13.0174303055,80.2057571411,33685,33695,10
13.0170497894,80.2055969238,33695,33705,10
13.0164804459,80.205368042,33705,33715,10
13.0157003403,80.2051010132,33715,33726,11
13.0148200989,80.2048416138,33726,33736,10
13.0143003464,80.2046279907,33736,33746,10
13.0142402649,80.2046203613,33746,33756,10
13.0138998032,80.2044830322,33756,33766,10
13.0136604309,80.2045288086,33766,33776,10
13.0135803223,80.2047576904,33776,33786,10
13.0134401321,80.2051315308,33786,33796,10
13.013250351,80.2057037354,33796,33806,10
13.0130796432,80.2064437866,33806,33816,10
13.0130195618,80.2072219849,33816,33826,10
13.0129203796,80.2078094482,33826,33836,10
13.0128297806,80.2081832886,33836,33847,11
13.0128898621,80.2086105347,33847,33857,10
13.0129804611,80.2091369629,33857,33867,10
13.0132198334,80.2096481323,33867,33877,10
13.0132102966,80.2101821899,33877,33887,10
13.0130195618,80.2109603882,33887,33897,10
13.0126399994,80.2116928101,33897,33907,10
13.0122098923,80.2123336792,33907,33917,10
13.0119400024,80.2126998901,33917,33927,10
13.0117301941,80.2126998901,33927,33937,10
13.0111303329,80.2122573853,33937,33958,21
13.0111303329,80.2122573853,33958,33968,10
13.0109701157,80.2121582031,33968,34038,70
13.0109701157,80.2121582031,34038,34048,10
13.0108203888,80.2119827271,34048,34058,10
13.0105495453,80.2117767334,34058,34068,10
13.0102300644,80.2115402222,34068,34109,41
13.0099000931,80.2113189697,34109,34159,50
13.0095701218,80.2110977173,34159,34240,81
13.0095701218,80.2110977173,34240,34250,10
13.0092000961,80.2112426758,34250,34260,10
13.009059906,80.2115402222,34260,34280,20
13.009059906,80.2115402222,34280,34290,10
13.0090999603,80.2118377686,34290,34300,10
13.0092000961,80.2120819092,34300,34311,11
13.0093002319,80.2124328613,34311,34321,10
13.0094404221,80.212852478,34321,34331,10
13.0095996857,80.2133026123,34331,34341,10
13.0097904205,80.213760376,34341,34351,10
13.0099897385,80.2142333984,34351,34361,10
13.0101499557,80.2147064209,34361,34371,10
13.0102500916,80.2154083252,34371,34381,10
13.0105199814,80.2162094116,34381,34391,10
13.0109100342,80.2170715332,34391,34401,10
13.0112800598,80.2179412842,34401,34411,10
13.0116100311,80.2188415527,34411,34421,10
13.0119304657,80.2198562622,34421,34432,11
13.0122804642,80.2209320068,34432,34442,10
13.0123996735,80.2214736938,34442,34452,10
13.0125999451,80.2218933105,34452,34462,10
13.0129404068,80.2223968506,34462,34472,10
13.0134601593,80.2228012085,34472,34482,10
13.0138597488,80.2231826782,34482,34492,10
13.0140800476,80.2234573364,34492,34502,10
13.0142402649,80.2238311768,34502,34512,10
13.0146999359,80.224357605,34512,34522,10
13.0151395798,80.2247619629,34522,34532,10
13.0153398514,80.2249679565,34532,34542,10
13.0155096054,80.2251586914,34542,34553,11
13.0155200958,80.2255401611,34553,34563,10
13.0151996613,80.2258529663,34563,34573,10
13.014670372,80.22605896,34573,34583,10
13.013999939,80.226348877,34583,34593,10
13.0132398605,80.2266693115,34593,34603,10
13.0124101639,80.2269821167,34603,34613,10
13.0115098953,80.2273101807,34613,34623,10
13.0105495453,80.2277069092,34623,34633,10
13.0097103119,80.2279129028,34633,34643,10
13.0096302032,80.2273635864,34643,34653,10
13.0099096298,80.2266998291,34653,34663,10
13.0102300644,80.2259368896,34663,34680,17
13.0107803345,80.2245864868,34680,34692,12
13.0110902786,80.223777771,34692,34700,8
13.0112895966,80.2232894897,34700,34712,12
13.0109300613,80.2229919434,34712,34721,9
13.0103702545,80.2227325439,34721,34732,11
13.00963974,80.222328186,34732,34742,10
13.0089902878,80.2219772339,34742,34752,10
13.008190155,80.2215423584,34752,34762,10
13.007349968,80.2210922241,34762,34772,10
13.0066299438,80.2207336426,34772,34783,11
13.0058298111,80.2204971313,34783,34793,10
13.0050296783,80.2203292847,34793,34803,10
13.0046901703,80.2202529907,34803,34813,10
13.0042695999,80.2201385498,34813,34823,10
13.0038204193,80.2200393677,34823,34833,10
13.0032596588,80.2198867798,34833,34843,10
13.0025901794,80.2195281982,34843,34853,10
13.0020399094,80.2189865112,34853,34863,10
13.0015602112,80.2185516357,34863,34873,10
13.0010004044,80.2181472778,34873,34883,10
13.0004701614,80.2178115845,34883,34892,9
12.9999399185,80.2174835205,34892,34904,12
12.9990797043,80.2170028687,34904,34914,10
12.9982795715,80.2166366577,34914,34924,10
12.9976902008,80.2165603638,34924,34934,10
12.9976301193,80.2165603638,34934,34944,10
12.9974803925,80.2165374756,34944,34954,10
12.9970502853,80.2165298462,34954,34964,10
12.9964599609,80.2165603638,34964,34974,10
12.9957103729,80.2167205811,34974,34984,10
12.9953804016,80.2168502808,34984,34993,9
12.9951696396,80.2170028687,34993,35003,10
12.9949302673,80.2171630859,35003,35015,12
12.9944400787,80.2175216675,35015,35025,10
12.9939203262,80.2179031372,35025,35035,10
12.9932899475,80.2183380127,35035,35045,10
12.9926595688,80.2187728882,35045,35055,10
12.9919500351,80.2193069458,35055,35065,10
12.9914903641,80.2196121216,35065,35075,10
12.9911699295,80.2194595337,35075,35085,10
12.9910001755,80.2193984985,35085,35095,10
12.9907999039,80.2193222046,35095,35105,10
12.9903402328,80.2191390991,35105,35115,10
12.9897603989,80.2189407349,35115,35125,10
12.9890098572,80.2186737061,35125,35136,11
12.9880599976,80.218421936,35136,35146,10
12.9872598648,80.2182998657,35146,35156,10
12.9869203568,80.2182235718,35156,35166,10
12.9867095947,80.218170166,35166,35176,10
12.9862203598,80.2180404663,35176,35186,10
12.9854202271,80.217918396,35186,35196,10
12.9845399857,80.2179489136,35196,35206,10
12.9838399887,80.2179794312,35206,35216,10
12.9838104248,80.2179794312,35216,35226,10
12.9834899902,80.2180099487,35226,35236,10
12.9829301834,80.2179870605,35236,35246,10
12.9821901321,80.2180023193,35246,35257,11
12.9812498093,80.2181472778,35257,35267,10
12.9803104401,80.2184371948,35267,35277,10
12.9795799255,80.2187576294,35277,35286,9
12.9790000916,80.2189865112,35286,35297,11
12.9784603119,80.2192001343,35297,35307,10
12.9777097702,80.2195129395,35307,35317,10
12.9769296646,80.219833374,35317,35327,10
12.9758996964,80.2202682495,35327,35448,121
12.9758996964,80.2202682495,35448,35458,10
12.9755401611,80.2204818726,35458,35468,10
12.9755897522,80.2208328247,35468,35499,31
12.9755897522,80.2208328247,35499,35509,10
12.9758501053,80.2211380005,35509,35519,10
12.9761199951,80.2214736938,35519,35529,10
12.9764404297,80.2219314575,35529,35559,30
12.9764404297,80.2219314575,35559,35569,10
12.9765901566,80.2222213745,35569,35579,10
12.9768800735,80.2226715088,35579,35600,21
12.9768800735,80.2226715088,35600,35610,10
12.9770298004,80.2229003906,35610,35620,10
12.9772796631,80.2233200073,35620,35630,10
12.977640152,80.2238998413,35630,35640,10
12.9780197144,80.2244873047,35640,35650,10
12.978219986,80.224822998,35650,35660,10
12.9784297943,80.2251815796,35660,35670,10
12.9787101746,80.2256393433,35670,35680,10
12.9790802002,80.2262573242,35680,35690,10
12.9794998169,80.2269668579,35690,35700,10
12.9799499512,80.227722168,35700,35710,10
12.9804000854,80.2284469604,35710,35721,11
12.9805698395,80.2286682129,35721,35731,10
12.9805698395,80.2286834717,35731,35741,10
12.9806604385,80.228843689,35741,35751,10
12.9807901382,80.2291030884,35751,35761,10
12.9810600281,80.2295227051,35761,35771,10
12.9814395905,80.2301025391,35771,35781,10
12.9817199707,80.2305374146,35781,35791,10
12.9817304611,80.2305831909,35791,35801,10
12.9818696976,80.2308883667,35801,35811,10
12.982000351,80.2313995361,35811,35821,10
12.982049942,80.2315979004,35821,35831,10
12.9820699692,80.2317428589,35831,35842,11
12.9820995331,80.2319717407,35842,35852,10
12.9820995331,80.2319793701,35852,35862,10
12.9820995331,80.2321395874,35862,35872,10
12.9820699692,80.2322998047,35872,35882,10
12.9820404053,80.232460022,35882,35892,10
12.9819698334,80.2327804565,35892,35902,10
12.981880188,80.233001709,35902,35912,10
12.9818401337,80.2330780029,35912,35922,10
12.9818096161,80.2331466675,35922,35932,10
12.9816598892,80.2334671021,35932,35942,10
12.9816303253,80.2335281372,35942,35952,10
12.9815196991,80.2337265015,35952,35963,11
12.9812698364,80.2343521118,35963,35973,10
12.9812202454,80.2350769043,35973,35983,10
12.9812498093,80.2358779907,35983,35993,10
12.9812803268,80.2367782593,35993,36003,10
12.9813098907,80.2374267578,36003,36023,20
12.9813098907,80.2374267578,36023,36033,10
12.981300354,80.2377090454,36033,36043,10
12.9813098907,80.2378768921,36043,36053,10
12.9813098907,80.237953186,36053,36063,10
12.9813203812,80.2380371094,36063,36073,10
12.9813203812,80.2384414673,36073,36084,11
12.9813404083,80.2386398315,36084,36094,10
12.9813299179,80.2388534546,36094,36110,16
12.9813404083,80.2397384644,36110,36122,12
12.9813604355,80.2406768799,36122,36132,10
12.9813804626,80.2415008545,36132,36142,10
12.9813804626,80.2418289185,36142,36152,10
12.9813804626,80.2421264648,36152,36162,10
12.9813899994,80.2423782349,36162,36172,10
12.9813804626,80.2425765991,36172,36193,21
12.9813804626,80.2425765991,36193,36202,9
12.9813699722,80.2428512573,36202,36213,11
12.9813699722,80.2432479858,36213,36223,10
12.9813604355,80.2435836792,36223,36233,10
12.981300354,80.2441482544,36233,36243,10
12.9812002182,80.2449188232,36243,36253,10
12.9811000824,80.2457504272,36253,36263,10
12.981010437,80.246711731,36263,36273,10
12.980919838,80.2476882935,36273,36283,10
12.9808197021,80.2489471436,36283,36293,10
12.9806699753,80.2499694824,36293,36303,10
12.9804201126,80.2510375977,36303,36314,11
12.9801397324,80.2521820068,36314,36334,20
12.9801397324,80.2521820068,36334,36344,10
12.9801301956,80.2522201538,36344,36354,10
12.9800901413,80.2524185181,36354,36465,111
12.9800901413,80.2524185181,36465,36475,10
12.9801797867,80.252456665,36475,36485,10
12.9803600311,80.2525787354,36485,36495,10
12.9806003571,80.2526092529,36495,36505,10
12.9811401367,80.2525863647,36505,36515,10
12.9818401337,80.252571106,36515,36525,10
12.9827003479,80.252532959,36525,36535,10
12.9835100174,80.2524337769,36535,36546,11
12.9840202332,80.2523117065,36546,36556,10
12.9845600128,80.2521591187,36556,36566,10
12.985250473,80.2519683838,36566,36576,10
12.9856796265,80.2518463135,36576,36586,10
12.9860601425,80.251739502,36586,36596,10
12.9862699509,80.2516937256,36596,36606,10
12.9864597321,80.251663208,36606,36616,10
12.9867095947,80.2515869141,36616,36626,10
12.9870595932,80.2515029907,36626,36937,311
12.9870595932,80.2515029907,36937,36947,10
12.9871997833,80.251449585,36947,36957,10
12.987569809,80.2513580322,36957,36967,10
12.9878997803,80.2514724731,36967,36977,10
12.9879999161,80.2518768311,36977,36987,10
12.9880399704,80.2525100708,36987,36997,10
12.9879903793,80.2532424927,36997,37007,10
12.9879102707,80.2538986206,37007,37018,11
12.9877996445,80.2550582886,37018,37139,121
12.9877996445,80.2550582886,37139,37149,10
12.9876699448,80.2553634644,37149,37159,10
12.9876203537,80.255859375,37159,37169,10
12.9875402451,80.2564926147,37169,37179,10
12.9875001907,80.2571487427,37179,37189,10
12.987449646,80.2579498291,37189,37199,10
12.9873895645,80.2587966919,37199,37209,10
12.9872598648,80.2594680786,37209,37239,30
12.9872598648,80.2594680786,37239,37250,11
12.9871501923,80.2596511841,37250,37260,10
12.986989975,80.2596511841,37260,37270,10
12.986869812,80.2596206665,37270,37280,10
12.986700058,80.2596282959,37280,37794,514
12.986700058,80.2596282959,37794,37805,11
12.9865398407,80.259552002,37805,37816,11
12.9865398407,80.259262085,37816,37826,10
12.9867601395,80.2590637207,37826,37867,41
12.9867601395,80.2590637207,37867,37877,10
12.9872703552,80.2590789795,37877,37887,10
12.9873504639,80.2588577271,37887,37897,10
12.9874000549,80.2584609985,37897,37907,10
12.9874095917,80.2583618164,37907,37917,10
12.9874401093,80.2580566406,37917,37927,10
12.987449646,80.257850647,37927,37937,10
12.9874801636,80.2573394775,37937,37947,10
12.9875402451,80.2566223145,37947,38048,101
12.9875402451,80.2566223145,38048,38058,10
12.9877004623,80.2562179565,38058,38068,10
12.9876899719,80.2557907104,38068,38079,11
12.9877796173,80.255279541,38079,38089,10
12.9877796173,80.2548217773,38089,38099,10
12.9877796173,80.254699707,38099,38109,10
12.9878101349,80.2541885376,38109,38119,10
12.9878501892,80.2534790039,38119,38129,10
12.9878702164,80.2531890869,38129,38139,10
12.9878797531,80.253036499,38139,38149,10
12.9878902435,80.2528686523,38149,38159,10
12.9878902435,80.2526473999,38159,38169,10
12.9879198074,80.2523193359,38169,38200,31
12.9879198074,80.2523193359,38200,38210,10
12.9878997803,80.2520523071,38210,38250,40
12.9878997803,80.2520523071,38250,38260,10
12.9878501892,80.2518997192,38260,38603,343
12.9878501892,80.2518997192,38603,38613,10
12.9877595901,80.2516479492,38613,38623,10
12.9876403809,80.2516021729,38623,38633,10
12.9875001907,80.2516326904,38633,38643,10
12.9872102737,80.2516403198,38643,38653,10
12.9866399765,80.2517471313,38653,38664,11
12.9857597351,80.2519683838,38664,38674,10
12.9847803116,80.252243042,38674,38684,10
12.9836797714,80.252532959,38684,38694,10
12.9825496674,80.2526779175,38694,38704,10
12.9814195633,80.2527008057,38704,38714,10
12.9800596237,80.2527389526,38714,38734,20
12.9800596237,80.2527389526,38734,38744,10
12.9798898697,80.252243042,38744,38764,20
12.9798898697,80.252243042,38764,38774,10
12.979929924,80.2521133423,38774,38785,11
12.9800796509,80.2516479492,38785,38795,10
12.9802904129,80.2509613037,38795,38805,10
12.980509758,80.2501068115,38805,38815,10
12.9806804657,80.2490921021,38815,38825,10
12.9807701111,80.2479171753,38825,38835,10
12.9808797836,80.2466888428,38835,38845,10
12.981010437,80.2453994751,38845,38855,10
12.9811496735,80.2442321777,38855,38865,10
12.9812498093,80.243637085,38865,38875,10
12.9813203812,80.2432937622,38875,38885,10
12.9813404083,80.2427597046,38885,38906,21
12.9813404083,80.2427597046,38906,38916,10
12.9813499451,80.2426300049,38916,38926,10
12.9813404083,80.2422027588,38926,38936,10
12.9813404083,80.2415771484,38936,38946,10
12.9813404083,80.2408218384,38946,38956,10
12.9813203812,80.2399520874,38956,38966,10
12.981300354,80.239151001,38966,38976,10
12.9812698364,80.2382888794,38976,38986,10
12.9812602997,80.2379226685,38986,38996,10
12.9812602997,80.2378921509,38996,39006,10
12.9812602997,80.2375030518,39006,39016,10
12.9812402725,80.2368621826,39016,39027,11
12.9812097549,80.2359390259,39027,39036,9
12.9811897278,80.2350997925,39036,39047,11
12.9812698364,80.2341003418,39047,39057,10
12.9815797806,80.2334289551,39057,39067,10
12.9816598892,80.2332611084,39067,39077,10
12.9817199707,80.2331390381,39077,39087,10
12.9818601608,80.2328262329,39087,39097,10
12.9819202423,80.2326583862,39097,39107,10
12.9819803238,80.2324523926,39107,39117,10
12.9819898605,80.2323913574,39117,39127,10
12.9819698334,80.232093811,39127,39138,11
12.9819498062,80.231552124,39138,39148,10
12.9818496704,80.2310714722,39148,39158,10
12.9816598892,80.2306518555,39158,39168,10
12.9813404083,80.2301177979,39168,39178,10
12.9809398651,80.2295227051,39178,39188,10
12.9807195663,80.2291564941,39188,39198,10
12.9805603027,80.2288894653,39198,39208,10
12.9804801941,80.2287979126,39208,39218,10
12.9802799225,80.2284393311,39218,39228,10
12.9801702499,80.2281494141,39228,39238,10
12.9799003601,80.2276992798,39238,39248,10
12.9798603058,80.2276382446,39248,39259,11
12.9796895981,80.2273635864,39259,39269,10
12.9793901443,80.2268600464,39269,39279,10
12.9789800644,80.2261962891,39279,39289,10
12.9785604477,80.2255096436,39289,39299,10
12.9782495499,80.2249832153,39299,39309,10
12.9780797958,80.2247314453,39309,39319,10
12.9779100418,80.2245101929,39319,39329,10
12.9776601791,80.2240982056,39329,39339,10
12.9774198532,80.2236862183,39339,39349,10
12.9771299362,80.2232284546,39349,39359,10
12.976849556,80.2227630615,39359,39369,10
12.9766397476,80.2224197388,39369,39380,11
12.9763402939,80.2219161987,39380,39396,16
12.9759597778,80.2213973999,39396,39408,12
12.9757604599,80.2211837769,39408,39447,39
12.9757604599,80.2211837769,39447,39458,11
12.975569725,80.2210388184,39458,39468,10
12.9753904343,80.2208633423,39468,39620,152
12.9753904343,80.2208633423,39620,39630,10
12.9754104614,80.2204666138,39630,39640,10
12.9756202698,80.2202987671,39640,39650,10
12.9759597778,80.2201385498,39650,39660,10
12.9765195847,80.2199020386,39660,39670,10
12.9772396088,80.219619751,39670,39680,10
12.9780302048,80.2193069458,39680,39690,10
12.9786596298,80.2190704346,39690,39700,10
12.9792404175,80.2188415527,39700,39710,10
12.9799604416,80.2185592651,39710,39720,10
12.9803600311,80.2183837891,39720,39731,11
12.9810199738,80.218170166,39731,39741,10
12.9817495346,80.2179489136,39741,39751,10
12.9825496674,80.2179031372,39751,39761,10
12.9834299088,80.2178726196,39761,39771,10
12.983830452,80.2178573608,39771,39781,10
12.9839200974,80.2178573608,39781,39791,10
12.9842996597,80.217880249,39791,39801,10
12.9846401215,80.217880249,39801,39811,10
12.9852600098,80.2178726196,39811,39821,10
12.9860601425,80.217956543,39821,39831,10
12.986869812,80.2181472778,39831,39841,10
12.9873895645,80.2182312012,39841,39852,11
12.9875097275,80.2182617188,39852,39862,10
12.9879903793,80.2183685303,39862,39872,10
12.9887104034,80.2185592651,39872,39882,10
12.9894800186,80.2188034058,39882,39892,10
12.9900197983,80.2189788818,39892,39902,10
12.9907903671,80.2192382813,39902,39912,10
12.9915800095,80.2194366455,39912,39922,10
12.9920701981,80.2191772461,39922,39932,10
12.9925699234,80.2188034058,39932,39942,10
12.9934597015,80.218132019,39942,39952,10
12.9941596985,80.217628479,39952,39963,11
12.9947595596,80.2171936035,39963,39973,10
12.9950799942,80.2169799805,39973,39983,10
12.995639801,80.2166976929,39983,39993,10
12.9964199066,80.2165374756,39993,40003,10
12.9970598221,80.2164611816,40003,40013,10
12.9973201752,80.216293335,40013,40023,10
12.9974298477,80.216178894,40023,40033,10
12.9975099564,80.2161178589,40033,40043,10
12.9978504181,80.2158203125,40043,40053,10
12.9983596802,80.2153701782,40053,40063,10
12.9989500046,80.21484375,40063,40073,10
12.9992399216,80.2146072388,40073,40084,11
12.999710083,80.2142181396,40084,40094,10
13.0001001358,80.2138824463,40094,40104,10
13.0006198883,80.2134170532,40104,40114,10
13.001159668,80.2129821777,40114,40124,10
13.001660347,80.2126235962,40124,40134,10
13.0021295547,80.2123184204,40134,40144,10
13.0026197433,80.2121429443,40144,40154,10
13.0032997131,80.2120437622,40154,40164,10
13.0036001205,80.2119598389,40164,40174,10
13.0036296844,80.2119064331,40174,40184,10
13.003660202,80.2116622925,40184,40194,10
13.0036401749,80.2110671997,40194,40205,11
13.0035495758,80.2103118896,40205,40215,10
13.003490448,80.209602356,40215,40225,10
13.0036401749,80.2088623047,40225,40235,10
13.0042295456,80.2087020874,40235,40245,10
13.0050201416,80.2090606689,40245,40255,10
13.0054597855,80.2092514038,40255,40265,10
13.0056200027,80.209312439,40265,40275,10
13.0058202744,80.2093734741,40275,40285,10
13.0061302185,80.2094802856,40285,40295,10
13.0062799454,80.2095336914,40295,40305,10
13.006480217,80.209602356,40305,40322,17
13.0071802139,80.209777832,40322,40334,12
13.0074100494,80.2098083496,40334,40364,30
13.0074100494,80.2098083496,40364,40374,10
13.0077896118,80.2099609375,40374,40383,9
13.0081501007,80.2100219727,40383,40394,11
13.0081501007,80.2096633911,40394,40404,10
13.0079803467,80.208946228,40404,40414,10
13.0078201294,80.2080993652,40414,40424,10
13.0076704025,80.2071609497,40424,40435,11
13.0075101852,80.2061080933,40435,40445,10
13.0074796677,80.2051773071,40445,40455,10
13.0074796677,80.2043991089,40455,40465,10
13.0074300766,80.2037277222,40465,40475,10
13.0072698593,80.2029190063,40475,40485,10
13.0067501068,80.2025680542,40485,40495,10
13.0065603256,80.2031173706,40495,40505,10
13.0070896149,80.2034988403,40505,40515,10
13.0078401566,80.2036819458,40515,40525,10
13.0087404251,80.2036590576,40525,40535,10
13.0098400116,80.2035980225,40535,40545,10
13.011059761,80.2036437988,40545,40555,10
13.0122003555,80.2037963867,40555,40566,11
13.0132198334,80.2040405273,40566,40576,10
13.0135698318,80.2041778564,40576,40586,10
13.0136604309,80.2042236328,40586,40596,10
13.0140695572,80.2043380737,40596,40606,10
13.0146799088,80.2045211792,40606,40616,10
13.0150203705,80.2046432495,40616,40626,10
13.0150995255,80.2046737671,40626,40636,10
13.0154695511,80.204788208,40636,40646,10
13.0160903931,80.205039978,40646,40656,10
13.0167198181,80.2051925659,40656,40666,10
13.0171699524,80.205329895,40666,40677,11
13.0176000595,80.2055435181,40677,40687,10
13.0180397034,80.2057037354,40687,40697,10
13.0186300278,80.2058792114,40697,40707,10
13.0187301636,80.2059173584,40707,40717,10
13.0187997818,80.2060012817,40717,40727,10
13.0191802979,80.2061309814,40727,40737,10
13.0198602676,80.2062835693,40737,40747,10
13.0206804276,80.2063064575,40747,40757,10
13.0214195251,80.2063064575,40757,40767,10
13.0224399567,80.2063903809,40767,40777,10
13.0233201981,80.2065505981,40777,40787,10
13.0241098404,80.2066574097,40787,40798,11
13.0243701935,80.206703186,40798,40808,10
13.0246400833,80.2067489624,40808,40818,10
13.0252103806,80.2069168091,40818,40828,10
13.0259504318,80.2072372437,40828,40838,10
13.0267400742,80.2076873779,40838,40848,10
13.0275697708,80.2081832886,40848,40858,10
13.0284900665,80.2085571289,40858,40868,10
13.0292396545,80.2086868286,40868,40878,10
13.0301504135,80.2089614868,40878,40888,10
13.0311403275,80.2092666626,40888,40898,10
13.0317001343,80.2093963623,40898,40909,11
13.031709671,80.2093963623,40909,40919,10
13.031920433,80.2094497681,40919,40929,10
13.0324401855,80.2095870972,40929,40945,16
13.0336198807,80.2098083496,40945,40957,12
13.0345001221,80.2100067139,40957,40967,10
13.0350503922,80.2103118896,40967,40977,10
13.0350103378,80.2109222412,40977,40987,10
13.0350399017,80.2113189697,40987,40995,8
13.035030365,80.2113189697,40995,41007,12
13.0350103378,80.2113723755,41007,41017,10
13.0349397659,80.2117767334,41017,41028,11
13.0351400375,80.2121734619,41028,41038,10
13.0357198715,80.2122421265,41038,41048,10
13.0364999771,80.2122879028,41048,41058,10
13.0370798111,80.2122879028,41058,41068,10
13.0374698639,80.212272644,41068,41078,10
13.0382604599,80.2122497559,41078,41088,10
13.0389499664,80.2122268677,41088,41097,9
13.040019989,80.212272644,41097,41107,10
13.0411396027,80.2123031616,41107,41118,11
13.0424499512,80.212272644,41118,41128,10
13.0432395935,80.2122802734,41128,41139,11
13.0437402725,80.212272644,41139,41149,10
13.0442800522,80.2122573853,41149,41159,10
13.0447902679,80.212272644,41159,41169,10
13.0454797745,80.2122573853,41169,41179,10
13.0461902618,80.2122497559,41179,41189,10
13.0468997955,80.2122192383,41189,41199,10
13.0476198196,80.2121505737,41199,41209,10
13.0481796265,80.212097168,41209,41219,10
13.0482797623,80.212097168,41219,41229,10
13.0483102798,80.2120819092,41229,41239,10
13.0487203598,80.212059021,41239,41249,10
13.0494403839,80.2120132446,41249,41260,11
13.0501203537,80.2120132446,41260,41270,10
13.0505895615,80.2120437622,41270,41280,10
13.0510797501,80.2120437622,41280,41290,10
13.0517501831,80.2120437622,41290,41300,10
13.0522499084,80.2119827271,41300,41310,10
13.0529603958,80.2118377686,41310,41320,10
13.0537900925,80.2116394043,41320,41330,10
13.0545301437,80.211479187,41330,41340,10
13.0550603867,80.2114868164,41340,41350,10
13.0557804108,80.2115020752,41350,41360,10
13.0566596985,80.2114715576,41360,41370,10
13.0571899414,80.2114715576,41370,41381,11
13.0573501587,80.211479187,41381,41391,10
13.0579099655,80.2115020752,41391,41401,10
13.0586299896,80.2115097046,41401,41411,10
13.0594301224,80.2115402222,41411,41421,10
13.0604295731,80.2115936279,41421,41431,10
13.0614500046,80.2116394043,41431,41441,10
13.0622196198,80.2116317749,41441,41451,10
13.0628099442,80.2115936279,41451,41471,20
13.0628099442,80.2115936279,41471,41481,10
13.0629901886,80.2115783691,41481,41491,10
13.0633401871,80.2115631104,41491,41502,11
13.0636997223,80.2115325928,41502,41512,10
13.0642595291,80.2114715576,41512,41522,10
13.0649595261,80.2111434937,41522,41532,10
13.0656499863,80.2106628418,41532,41542,10
13.0664997101,80.2099380493,41542,41551,9
13.0670795441,80.2092819214,41551,41562,11
13.0674295425,80.208656311,41562,41572,10
13.0677995682,80.2080230713,41572,41582,10
13.0682401657,80.2073287964,41582,41592,10
13.0687599182,80.20652771,41592,41602,10
13.0692796707,80.2057037354,41602,41612,10
13.0696201324,80.2051010132,41612,41623,11
13.0694799423,80.2048110962,41623,41633,10
13.0691795349,80.2051391602,41633,41643,10
13.0687704086,80.2053375244,41643,41653,10
13.0685195923,80.2051696777,41653,41663,10
13.0683803558,80.2051696777,41663,41673,10
13.0681600571,80.2051773071,41673,42095,422
13.0681600571,80.2051773071,42095,42105,10
13.0679597855,80.2052078247,42105,42115,10
13.0679597855,80.2052001953,42115,42125,10
13.0680799484,80.205039978,42125,42135,10
13.0683097839,80.2050094604,42135,42145,10
13.0686197281,80.2049026489,42145,42155,10
13.0689096451,80.2048034668,42155,42165,10
13.0691404343,80.2047576904,42165,42175,10
13.0691995621,80.2047424316,42175,42185,10
13.0697698593,80.2049407959,42185,42226,41
13.0697698593,80.2049407959,42226,42236,10
13.0698404312,80.2050323486,42236,42246,10
13.0697002411,80.2054367065,42246,42256,10
13.0693397522,80.2060089111,42256,42266,10
13.0688896179,80.2067184448,42266,42276,10
13.0683803558,80.2075424194,42276,42286,10
13.0678195953,80.2084197998,42286,42296,10
13.0672998428,80.2091903687,42296,42306,10
13.0666799545,80.2099914551,42306,42316,10
13.0659103394,80.210647583,42316,42327,11
13.0651197433,80.2112731934,42327,42336,9
13.065030098,80.2113265991,42336,42347,11
13.0648097992,80.2114334106,42347,42357,10
13.0642995834,80.2116088867,42357,42367,10
13.063659668,80.2116775513,42367,42377,10
13.0629701614,80.2117233276,42377,42387,10
13.0624799728,80.2117462158,42387,42397,10
13.0619602203,80.2117614746,42397,42407,10
13.061249733,80.2117233276,42407,42417,10
13.0605096817,80.2116622925,42417,42427,10
13.0595598221,80.2116165161,42427,42437,10
13.0586795807,80.2115783691,42437,42448,11
13.0581197739,80.2115631104,42448,42458,10
13.0576095581,80.2115478516,42458,42468,10
13.0573997498,80.2115402222,42468,42478,10
13.0569400787,80.2115325928,42478,42488,10
13.0562601089,80.2115097046,42488,42498,10
13.0554800034,80.2114562988,42498,42508,10
13.0548000336,80.2114486694,42508,42518,10
13.0547504425,80.2114562988,42518,42528,10
13.0544099808,80.2115707397,42528,42538,10
13.0538396835,80.2117233276,42538,42548,10
13.0530900955,80.2119064331,42548,42559,11
13.0523099899,80.2121124268,42559,42569,10
13.0520401001,80.2121582031,42569,42579,10
13.0518503189,80.2121582031,42579,42589,10
13.0513896942,80.2121276855,42589,42599,10
13.0508699417,80.2121582031,42599,42639,40
13.0508699417,80.2121582031,42639,42649,10
13.0504798889,80.2121276855,42649,42659,10
13.0500001907,80.2121124268,42659,42669,10
13.0499401093,80.2121200562,42669,42680,11
13.0496301651,80.2121276855,42680,42690,10
13.049539566,80.2121276855,42690,42700,10
13.0493898392,80.2121276855,42700,42710,10
13.0489301682,80.2121505737,42710,42720,10
13.0483999252,80.2121887207,42720,42730,10
13.0477304459,80.2122421265,42730,42740,10
13.0469398499,80.2123031616,42740,42750,10
13.0460300446,80.2123336792,42750,42760,10
13.0452699661,80.2123718262,42760,42770,10
13.044960022,80.212387085,42770,42831,61
13.044960022,80.212387085,42831,42841,10
13.0447797775,80.2123794556,42841,42851,10
13.044380188,80.2123794556,42851,42861,10
13.0438404083,80.2123565674,42861,42871,10
13.0431604385,80.2123413086,42871,42881,10
13.0424203873,80.2123336792,42881,42891,10
13.0415697098,80.212348938,42891,42901,10
13.0406198502,80.2123794556,42901,42912,11
13.0395698547,80.2123794556,42912,42922,10
13.0386896133,80.2124099731,42922,42932,10
13.038020134,80.2124481201,42932,43020,88
13.038020134,80.2124481201,43020,43028,8
13.0377397537,80.2124328613,43028,43041,13
13.0371398926,80.2123718262,43041,43050,9
13.036649704,80.2123413086,43050,43061,11
13.0358600616,80.2123413086,43061,43071,10
13.0353097916,80.2122802734,43071,43081,10
13.035030365,80.2121963501,43081,43091,10
13.0347299576,80.2121734619,43091,43100,9
13.0342102051,80.2120895386,43100,43121,21
13.0342102051,80.2120895386,43121,43132,11
13.0339202881,80.2120513916,43132,43142,10
13.0336904526,80.2120132446,43142,43153,11
13.0332202911,80.2118988037,43153,43163,10
13.0326499939,80.2118301392,43163,43173,10
13.0320100784,80.2116317749,43173,43183,10
13.0320796967,80.2109375,43183,43193,10
13.0321397781,80.2101821899,43193,43203,10
13.032119751,80.2097473145,43203,43213,10
13.0317697525,80.2095870972,43213,43223,10
13.03125,80.2094497681,43223,43233,10
13.0305500031,80.2092514038,43233,43243,10
13.0299901962,80.2090835571,43243,43253,10
13.0296401978,80.2089385986,43253,43263,10
13.0296297073,80.2089385986,43263,43274,11
13.0293197632,80.2088165283,43274,43284,10
13.0287399292,80.2086486816,43284,43300,16
13.0275297165,80.2082214355,43300,43312,12
13.0266199112,80.2077026367,43312,43322,10
13.0259504318,80.207321167,43322,43332,10
13.0248804092,80.2070083618,43332,43342,10
13.0242500305,80.2068786621,43342,43352,10
13.024140358,80.2068405151,43352,43362,10
13.0236997604,80.206741333,43362,43372,10
13.0232000351,80.2065963745,43372,43382,10
13.0226802826,80.2064590454,43382,43393,11
13.0218095779,80.2063827515,43393,43403,10
13.0209598541,80.2063980103,43403,43413,10
13.0199899673,80.2064208984,43413,43423,10
13.0191698074,80.2063293457,43423,43433,10
13.0190401077,80.2063064575,43433,43443,10
13.0189599991,80.2062606812,43443,43453,10
13.0185203552,80.2061004639,43453,43463,10
13.0178804398,80.2058868408,43463,43473,10
13.0177097321,80.2058334351,43473,43483,10
13.0174598694,80.2057189941,43483,43493,10
13.0169801712,80.2055892944,43493,43503,10
13.0163698196,80.2053909302,43503,43513,10
13.0154695511,80.205078125,43513,43524,11
13.01445961,80.2047576904,43524,43534,10
13.0142402649,80.2046585083,43534,43544,10
13.0140104294,80.2045516968,43544,43554,10
13.0136404037,80.2044830322,43554,43564,10
13.0135498047,80.2047195435,43564,43574,10
13.0133800507,80.2052536011,43574,43584,10
13.0131597519,80.2059326172,43584,43594,10
13.0130195618,80.206741333,43594,43604,10
13.0129203796,80.2076034546,43604,43614,10
13.0128498077,80.2079696655,43614,43625,11
13.0128002167,80.2084884644,43625,43635,10
13.012840271,80.2088928223,43635,43645,10
13.012960434,80.2094421387,43645,43655,10
13.0130901337,80.2100219727,43655,43665,10
13.0129804611,80.2107391357,43665,43675,10
13.0126399994,80.2114868164,43675,43685,10
13.0122203827,80.2122268677,43685,43695,10
13.0119400024,80.2126312256,43695,43705,10
13.011759758,80.2127914429,43705,43715,10
13.0114402771,80.2125701904,43715,43725,10
13.0109796524,80.2122497559,43725,43735,10
13.010430336,80.2118377686,43735,43746,11
13.0099697113,80.2114715576,43746,43756,10
13.0095796585,80.21118927,43756,43776,20
13.0095796585,80.21118927,43776,43786,10
13.009469986,80.2110900879,43786,43796,10
13.0094404221,80.2110595703,43796,43806,10
13.0092096329,80.2112197876,43806,43816,10
13.0090198517,80.2115097046,43816,43826,10
13.0090398788,80.211730957,43826,43836,10
13.0091199875,80.2119827271,43836,43846,10
13.009180069,80.2121582031,43846,43856,10
13.0092897415,80.2125091553,43856,43867,11
13.009469986,80.2130126953,43867,43877,10
13.0096502304,80.2134780884,43877,43887,10
13.0098495483,80.2139587402,43887,43897,10
13.0100402832,80.2144317627,43897,43907,10
13.0101604462,80.2150421143,43907,43917,10
13.0102796555,80.2157669067,43917,43927,10
13.0106401443,80.2165985107,43927,43937,10
13.0110502243,80.2174682617,43937,43947,10
13.0114202499,80.2184677124,43947,43957,10
13.011759758,80.2194824219,43957,43967,10
13.0120801926,80.220451355,43967,43977,10
13.0123100281,80.2211914063,43977,43988,11
13.0123701096,80.2214202881,43988,43998,10
13.0124998093,80.2216415405,43998,44008,10
13.0125799179,80.2218017578,44008,44018,10
13.0127601624,80.2220001221,44018,44028,10
13.0129203796,80.2222518921,44028,44038,10
13.0131196976,80.2224807739,44038,44048,10
13.0133895874,80.2227325439,44048,44058,10
13.0135803223,80.2229232788,44058,44068,10
13.0139102936,80.2232589722,44068,44078,10
13.0141201019,80.2235336304,44078,44088,10
13.0143299103,80.2238235474,44088,44099,11
13.0147199631,80.2243728638,44099,44109,10
13.0151996613,80.2249069214,44109,44119,10
13.0154600143,80.2253036499,44119,44149,30
13.0154600143,80.2253036499,44149,44159,10
13.0154600143,80.2255477905,44159,44169,10
13.0149402618,80.2259979248,44169,44189,20
13.0149402618,80.2259979248,44189,44199,10
13.014840126,80.2260665894,44199,44216,17
13.0140600204,80.2263565063,44216,44228,12
13.0131797791,80.2266769409,44228,44238,10
13.0123500824,80.2270278931,44238,44248,10
13.0114002228,80.2273864746,44248,44258,10
13.0104904175,80.227722168,44258,44268,10
13.0096902847,80.2279129028,44268,44278,10
13.0095901489,80.2273635864,44278,44288,10
13.0098896027,80.2267227173,44288,44298,10
13.0101900101,80.2260513306,44298,44308,10
13.0105600357,80.225151062,44308,44318,10
13.0109395981,80.224319458,44318,44328,10
13.0111904144,80.2235183716,44328,44339,11
13.0112304688,80.223197937,44339,44349,10
13.0109996796,80.2230834961,44349,44359,10
13.0105304718,80.2228469849,44359,44369,10
13.0099000931,80.2225036621,44369,44379,10
13.0092496872,80.22215271,44379,44389,10
13.0088596344,80.2219161987,44389,44399,10
13.0084295273,80.2217025757,44399,44409,10
13.0078496933,80.2213897705,44409,44419,10
13.0072002411,80.2210388184,44419,44429,10
13.0064401627,80.220703125,44429,44439,10
13.0055198669,80.2204666138,44439,44449,10
13.0045204163,80.2202224731,44449,44460,11
13.0035600662,80.2199783325,44460,44470,10
13.002790451,80.2197113037,44470,44480,10
13.0020904541,80.2191085815,44480,44496,16
13.0010004044,80.2181777954,44496,44508,12
13.0001602173,80.2176513672,44508,44516,8
12.999540329,80.2172775269,44516,44528,12
12.998459816,80.2167434692,44528,44538,10
12.9975700378,80.2165527344,44538,44548,10
12.9974803925,80.2165374756,44548,44558,10
12.9973096848,80.2165374756,44558,44568,10
12.9968204498,80.2165603638,44568,44579,11
12.9961204529,80.2166519165,44579,44589,10
12.9953403473,80.2169189453,44589,44599,10
12.9946699142,80.217338562,44599,44610,11
12.9940700531,80.2177581787,44610,44620,10
12.9934902191,80.2181396484,44620,44630,10
12.9928798676,80.2185592651,44630,44640,10
12.9922199249,80.219078064,44640,44650,10
12.9915399551,80.2195587158,44650,44660,10
12.9910802841,80.2194595337,44660,44670,10
12.9905500412,80.2192764282,44670,44680,10
12.9898700714,80.219039917,44680,44691,11
12.9889802933,80.2187194824,44691,44701,10
12.9880304337,80.2184524536,44701,44711,10
12.9872903824,80.2183303833,44711,44721,10
12.9868602753,80.2182388306,44721,44731,10
12.9867200851,80.2182006836,44731,44741,10
12.9862604141,80.2180786133,44741,44751,10
12.9854898453,80.2179412842,44751,44761,10
12.9840297699,80.2179718018,44761,44780,19
12.9840297699,80.2179718018,44780,44794,14
12.9838895798,80.2179718018,44794,44805,11
12.9833498001,80.2179870605,44805,44815,10
12.9827003479,80.2180023193,44815,44825,10
12.981760025,80.2180328369,44825,44835,10
12.9808397293,80.2182693481,44835,44845,10
12.9801702499,80.2185134888,44845,44855,10
12.9798698425,80.2185974121,44855,44865,10
12.9793701172,80.2188034058,44865,44875,10
12.9788198471,80.2190093994,44875,44885,10
12.9783000946,80.2192306519,44885,44895,10
12.9775600433,80.2195281982,44895,44905,10
12.9767198563,80.2199020386,44905,44915,10
12.9757795334,80.2203063965,44915,44936,21
12.9757795334,80.2203063965,44936,44946,10
12.9755897522,80.2204818726,44946,44956,10
12.9756803513,80.2209014893,44956,44966,10
12.9760303497,80.2212982178,44966,44986,20
12.9760303497,80.2212982178,44986,44996,10
12.9761104584,80.2213973999,44996,45006,10
12.976360321,80.2217407227,45006,45027,21
12.976360321,80.2217407227,45027,45037,10
12.9764699936,80.2220306396,45037,45048,11
12.9766998291,80.2224578857,45048,45058,10
12.9769496918,80.2228393555,45058,45068,10
12.9769496918,80.2228317261,45068,45078,10
12.977060318,80.2229995728,45078,45088,10
12.9773302078,80.223449707,45088,45098,10
12.9777097702,80.2240371704,45098,45108,10
12.978099823,80.2246704102,45108,45118,10
12.9784803391,80.2253036499,45118,45128,10
12.9788503647,80.2258987427,45128,45138,10
12.9792404175,80.2265701294,45138,45148,10
12.9797000885,80.2273178101,45148,45158,10
12.9801197052,80.2279815674,45158,45169,11
12.9805202484,80.2287063599,45169,45179,10
12.9808301926,80.2292098999,45179,45189,10
12.9811201096,80.2296905518,45189,45199,10
12.9814996719,80.2302703857,45199,45209,10
12.9816703796,80.2305221558,45209,45219,10
12.9817304611,80.2306213379,45219,45229,10
12.981880188,80.2309875488,45229,45239,10
12.982000351,80.2315292358,45239,45249,10
12.9820098877,80.2322387695,45249,45259,10
12.9818696976,80.2329101563,45259,45269,10
12.9815998077,80.2335205078,45269,45280,11
12.9815797806,80.2335510254,45280,45290,10
12.9815196991,80.2336883545,45290,45300,10
12.981300354,80.23412323,45300,45310,10
12.9812002182,80.2348403931,45310,45320,10
12.9812202454,80.2356719971,45320,45330,10
12.9812498093,80.2366333008,45330,45340,10
12.9812698364,80.2376480103,45340,45350,10
12.9812803268,80.2384872437,45350,45360,10
12.9812803268,80.2386779785,45360,45370,10
12.9812698364,80.2387313843,45370,45380,10
12.9812698364,80.2391204834,45380,45390,10
12.981300354,80.2397003174,45390,45401,11
12.9813203812,80.2405090332,45401,45411,10
12.9813404083,80.241317749,45411,45421,10
12.9813404083,80.2421417236,45421,45431,10
12.9813699722,80.2427520752,45431,45447,16
12.9813699722,80.2427825928,45447,45459,12
12.9813804626,80.2429428101,45459,45469,10
12.9813699722,80.243270874,45469,45479,10
12.9813098907,80.243927002,45479,45488,9
12.9812097549,80.2447128296,45488,45499,11
12.9811000824,80.2456436157,45499,45509,10
12.9809904099,80.2466125488,45509,45519,10
12.980890274,80.2476730347,45519,45530,11
12.9808101654,80.2487030029,45530,45540,10
12.980629921,80.2500762939,45540,45550,10
12.9803304672,80.2511978149,45550,45560,10
12.9800796509,80.2523117065,45560,45600,40
12.9800796509,80.2523117065,45600,45610,10
12.9801197052,80.2524337769,45610,45620,10
12.9802598953,80.2526016235,45620,45630,10
12.980629921,80.2526473999,45630,45641,11
12.9812803268,80.2526321411,45641,45651,10
12.9820604324,80.2526016235,45651,45661,10
12.9829797745,80.2525405884,45661,45671,10
12.9840497971,80.2523269653,45671,45681,10
12.9851303101,80.2520370483,45681,45691,10
12.9859600067,80.2518081665,45691,45701,10
12.9866104126,80.2516403198,45701,45711,10
12.9872703552,80.2514572144,45711,45721,10
12.9878396988,80.2513885498,45721,45731,10
12.9879703522,80.2517700195,45731,45741,10
12.9880599976,80.2523269653,45741,45751,10
12.9880599976,80.2523803711,45751,45762,11
12.9880104065,80.2526092529,45762,45772,10
12.9879102707,80.2532806396,45772,45782,10
12.9878396988,80.2540969849,45782,45792,10
12.9877796173,80.2548294067,45792,45873,81
12.9877796173,80.2548294067,45873,45883,10
12.9877300262,80.2549819946,45883,45893,10
12.9876098633,80.2553482056,45893,45903,10
12.9875802994,80.2558288574,45903,45913,10
12.9875402451,80.256401062,45913,45923,10
12.9874696732,80.2568817139,45923,45933,10
12.9874000549,80.25756073,45933,45943,10
12.9873199463,80.2583389282,45943,45953,10
12.9871997833,80.2591705322,45953,45994,41
12.9871997833,80.2591705322,45994,46004,10
12.9872198105,80.2593002319,46004,46014,10
12.9871196747,80.2595367432,46014,46024,10
12.986700058,80.2595367432,46024,47779,1755
12.986700058,80.2595367432,47779,47789,10
12.9866199493,80.2590866089,47789,47799,10
12.9868097305,80.2590789795,47799,47890,91
12.9868097305,80.2590789795,47890,47900,10
12.9871997833,80.2591018677,47900,47910,10
12.9873104095,80.2589263916,47910,47920,10
12.9873399734,80.2586288452,47920,47930,10
12.9873695374,80.2583694458,47930,47940,10
12.9874095917,80.2581710815,47940,47950,10
12.9874200821,80.2578964233,47950,47960,10
12.9874601364,80.2574768066,47960,47970,10
12.9875297546,80.2566223145,47970,48071,101
12.9875297546,80.2566223145,48071,48081,10
12.9876003265,80.2564620972,48081,48091,10
12.9876203537,80.2563400269,48091,48101,10
12.9876203537,80.2560272217,48101,48111,10
12.9876804352,80.2556228638,48111,48122,11
12.987739563,80.2550506592,48122,48132,10
12.9877195358,80.254989624,48132,48142,10
12.9877300262,80.2546005249,48142,48152,10
12.9877796173,80.2539367676,48152,48162,10
12.987830162,80.2533569336,48162,48172,10
12.9878797531,80.2526397705,48172,48182,10
12.9878797531,80.2520980835,48182,48192,10
12.987830162,80.2517776489,48192,48202,10
12.987830162,80.2517318726,48202,48212,10
12.9877195358,80.2516021729,48212,48222,10
12.9872703552,80.2516174316,48222,48233,11
12.9865903854,80.2517623901,48233,48243,10
12.9862098694,80.2518463135,48243,48253,10
12.9856901169,80.251991272,48253,48263,10
12.9850502014,80.252166748,48263,48273,10
12.9841299057,80.2524185181,48273,48282,9
12.9834098816,80.2526092529,48282,48293,11
12.9828996658,80.2526779175,48293,48303,10
12.9825401306,80.2527008057,48303,48313,10
12.9821195602,80.2527008057,48313,48323,10
12.9815101624,80.2527084351,48323,48333,10
12.9807500839,80.2527389526,48333,48343,10
12.980099678,80.2527770996,48343,48354,11
12.9799003601,80.252746582,48354,48364,10
12.9799003601,80.2522125244,48364,48384,20
12.9799003601,80.2522125244,48384,48394,10
12.9799499512,80.2519607544,48394,48404,10
12.9801101685,80.2514877319,48404,48414,10
12.9803104401,80.2508163452,48414,48424,10
12.9805202484,80.25,48424,48434,10
12.9806804657,80.2490768433,48434,48444,10
12.9807500839,80.2481765747,48444,48453,9
12.9808197021,80.2473983765,48453,48464,11
12.980919838,80.2462997437,48464,48475,11
12.9810600281,80.2450408936,48475,48485,10
12.9811401367,80.2440567017,48485,48495,10
12.9811601639,80.2438201904,48495,48505,10
12.9812498093,80.2436065674,48505,48515,10
12.9813299179,80.2432632446,48515,48525,10
12.9813404083,80.242767334,48525,48545,20
12.9813404083,80.242767334,48545,48555,10
12.9813404083,80.2425689697,48555,48565,10
12.9813299179,80.2421188354,48565,48575,10
12.9813404083,80.2415084839,48575,48585,10
12.9813404083,80.2407302856,48585,48596,11
12.9813098907,80.2398376465,48596,48606,10
12.981300354,80.2392807007,48606,48617,11
12.9812803268,80.2385406494,48617,48626,9
12.9812602997,80.2381591797,48626,48637,11
12.9812498093,80.237953186,48637,48647,10
12.9812402725,80.2378997803,48647,48657,10
12.9812297821,80.2374572754,48657,48667,10
12.9812202454,80.236831665,48667,48677,10
12.9812002182,80.2360305786,48677,48687,10
12.981180191,80.2351989746,48687,48697,10
12.9811697006,80.2349700928,48697,48707,10
12.9811697006,80.2347183228,48707,48718,11
12.9812498093,80.2341537476,48718,48728,10
12.9815196991,80.2335205078,48728,48738,10
12.9816303253,80.2333068848,48738,48748,10
12.9816703796,80.2332305908,48748,48758,10
12.9818401337,80.2329025269,48758,48768,10
12.9819898605,80.232421875,48768,48777,9
12.982000351,80.231918335,48777,48788,11
12.9819097519,80.2312393188,48788,48798,10
12.9817304611,80.2307815552,48798,48808,10
12.9813404083,80.2301025391,48808,48818,10
12.980919838,80.2294311523,48818,48828,10
12.9806003571,80.2289505005,48828,48849,21
12.9806003571,80.2289505005,48849,48859,10
12.9804401398,80.2286911011,48859,48869,10
12.9802398682,80.2282485962,48869,48879,10
12.9799604416,80.2277908325,48879,48889,10
12.9795999527,80.2271881104,48889,48899,10
12.9791603088,80.2264709473,48899,48909,10
12.9786596298,80.2256393433,48909,48919,10
12.9781999588,80.2248764038,48919,48929,10
12.9778203964,80.2243728638,48929,48939,10
12.9774999619,80.2238235474,48939,48950,11
12.9771003723,80.2231369019,48950,48960,10
12.9768400192,80.2227096558,48960,48970,10
12.9765901566,80.2222900391,48970,48980,10
12.9762401581,80.2217407227,48980,48990,10
12.9760599136,80.2214813232,48990,49000,10
12.9760503769,80.2214813232,49000,49010,10
12.9758996964,80.2212905884,49010,49020,10
12.9757003784,80.2210922241,49020,49040,20
12.9757003784,80.2210922241,49040,49050,10
12.9755401611,80.2209396362,49050,49060,10
12.9753503799,80.2207565308,49060,49081,21
12.9753503799,80.2207565308,49081,49091,10
12.9753198624,80.220741272,49091,49101,10
12.9753799438,80.2205276489,49101,49111,10
12.9757204056,80.2202529907,49111,49121,10
12.976269722,80.2199783325,49121,49131,10
12.9769802094,80.2196807861,49131,49141,10
12.9777603149,80.2193527222,49141,49151,10
12.9785003662,80.2190628052,49151,49161,10
12.9790296555,80.2188796997,49161,49171,10
12.9797496796,80.2185974121,49171,49181,10
12.9802999496,80.2183609009,49181,49192,11
12.9809999466,80.2181167603,49192,49202,10
12.9818601608,80.217880249,49202,49212,10
12.9825496674,80.2178573608,49212,49222,10
12.9837903976,80.2178421021,49222,49252,30
12.9837903976,80.2178421021,49252,49262,10
12.9840202332,80.2178878784,49262,49272,10
12.9845199585,80.2179031372,49272,49282,10
12.9852304459,80.217880249,49282,49292,10
12.9860496521,80.2179794312,49292,49302,10
12.9873600006,80.2182235718,49302,49323,21
12.9873600006,80.2182235718,49323,49333,10
12.9875602722,80.2182617188,49333,49343,10
12.9880599976,80.2183837891,49343,49353,10
12.9887504578,80.2185516357,49353,49363,10
12.9895200729,80.218788147,49363,49373,10
12.99036026,80.2190704346,49373,49383,10
12.9912900925,80.2193527222,49383,49393,10
12.9919595718,80.2192382813,49393,49403,10
12.9925098419,80.2188415527,49403,49413,10
12.9932804108,80.2182617188,49413,49423,10
12.9940595627,80.2176971436,49423,49434,11
12.9947900772,80.2171630859,49434,49444,10
12.9951601028,80.2169189453,49444,49454,10
12.9956598282,80.2166900635,49454,49464,10
12.9963598251,80.2165603638,49464,49474,10
12.9970903397,80.2164611816,49474,49484,10
12.9973802567,80.2162322998,49484,49494,10
12.9975004196,80.2161178589,49494,49504,10
12.9975795746,80.2160263062,49504,49514,10
12.9978904724,80.2157669067,49514,49524,10
12.9983100891,80.2154006958,49524,49534,10
12.9988698959,80.2149124146,49534,49545,11
12.999250412,80.2145996094,49545,49555,10
12.9996500015,80.2142562866,49555,49565,10
13.0000400543,80.2139205933,49565,49575,10
13.0005302429,80.2134780884,49575,49586,11
13.0010995865,80.2129898071,49586,49596,10
13.0017995834,80.2124862671,49596,49606,10
13.0024404526,80.2121505737,49606,49616,10
13.003080368,80.212059021,49616,49625,9
13.0036001205,80.2119827271,49625,49636,11
13.003660202,80.2118988037,49636,49646,10
13.0036897659,80.211769104,49646,49656,10
13.0036697388,80.2114181519,49656,49667,11
13.0036201477,80.2108001709,49667,49677,10
13.0035600662,80.2103271484,49677,49687,10
13.0034999847,80.2099304199,49687,49697,10
13.0035200119,80.2094497681,49697,49707,10
13.0036201477,80.2089004517,49707,49717,10
13.004119873,80.208656311,49717,49727,10
13.0049200058,80.2090072632,49727,49737,10
13.0058298111,80.2093734741,49737,49747,10
13.0064897537,80.209602356,49747,49757,10
13.0070695877,80.209777832,49757,49767,10
13.0072402954,80.2098083496,49767,49788,21
13.0072402954,80.2098083496,49788,49798,10
13.007519722,80.2098388672,49798,49808,10
13.0078802109,80.2098083496,49808,49818,10
13.0081796646,80.2098999023,49818,49828,10
13.0080604553,80.2094116211,49828,49838,10
13.0079402924,80.2087478638,49838,49848,10
13.0078201294,80.207901001,49848,49858,10
13.0076799393,80.206993103,49858,49868,10
13.0075397491,80.2060470581,49868,49878,10
13.0074901581,80.205291748,49878,49888,10
13.0074996948,80.2046508789,49888,49898,10
13.0074701309,80.2040176392,49898,49909,11
13.0073204041,80.2031173706,49909,49919,10
13.0068702698,80.202507019,49919,49929,10
13.006529808,80.2030334473,49929,49939,10
13.0069799423,80.2034378052,49939,49949,10
13.0076198578,80.2036590576,49949,49959,10
13.0084495544,80.2036819458,49959,49969,10
13.0095100403,80.2035980225,49969,49979,10
13.010720253,80.2035980225,49979,49989,10
13.0118999481,80.203742981,49989,49999,10
13.0129499435,80.2039337158,49999,50009,10
13.013759613,80.2041778564,50009,50019,10
13.0144796371,80.2044296265,50019,50040,21
13.014840126,80.2045669556,50040,50052,12
13.0152101517,80.2047424316,50052,50062,10
13.0156803131,80.2050018311,50062,50072,10
13.0164403915,80.2052307129,50072,50080,8
13.016960144,80.2053604126,50080,50090,10
13.0175800323,80.2056121826,50090,50102,12
13.0181903839,80.2058029175,50102,50112,10
13.0186901093,80.2059783936,50112,50123,11
13.0188102722,80.2060165405,50123,50133,10
13.0192203522,80.2061691284,50133,50143,10
13.0198497772,80.2062911987,50143,50154,11
13.0207300186,80.2062988281,50154,50164,10
13.0215702057,80.2063217163,50164,50174,10
13.0222301483,80.2063674927,50174,50184,10
13.0229101181,80.2065582275,50184,50194,10
13.0237598419,80.206703186,50194,50204,10
13.0244102478,80.20677948,50204,50214,10
13.0244503021,80.20677948,50214,50224,10
13.0248098373,80.2068405151,50224,50234,10
13.0254201889,80.2069778442,50234,50244,10
13.0261497498,80.207321167,50244,50260,16
13.0273504257,80.2080230713,50260,50273,13
13.028459549,80.2085418701,50273,50283,10
13.0290803909,80.2086868286,50283,50293,10
13.0296297073,80.2088470459,50293,50303,10
13.0299596786,80.2089385986,50303,50313,10
13.0304698944,80.2090911865,50313,50322,9
13.031129837,80.2092590332,50322,50333,11
13.0317201614,80.2094192505,50333,50343,10
13.0317401886,80.2095108032,50343,50353,10
13.0320901871,80.2096099854,50353,50363,10
13.0327596664,80.2097015381,50363,50365,2
13.0327596664,80.2097015381,50365,50417,52
13.0350103378,80.2109375,50417,50427,10
13.035030365,80.2113571167,50427,50437,10
13.0350198746,80.2113571167,50437,50447,10
13.0349502563,80.2116394043,50447,50457,10
13.0349302292,80.2119064331,50457,50467,10
13.0349397659,80.212097168,50467,50477,10
13.0352802277,80.2122192383,50477,50487,10
13.0358295441,80.2122573853,50487,50497,10
13.0363998413,80.2123184204,50497,50510,13
13.0372200012,80.212310791,50510,50520,10
13.037899971,80.212310791,50520,50530,10
13.0387601852,80.2122879028,50530,50540,10
13.0396795273,80.212272644,50540,50550,10
13.0407400131,80.2122802734,50550,50558,8
13.0415000916,80.2122879028,50558,50569,11
13.0428695679,80.2122879028,50569,50580,11
13.0438804626,80.2122802734,50580,50661,81
13.0438804626,80.2122802734,50661,50671,10
13.0442199707,80.2123413086,50671,50681,10
13.0445995331,80.2123184204,50681,50691,10
13.0449304581,80.2122802734,50691,50701,10
13.0454998016,80.2122421265,50701,50711,10
13.0462303162,80.2122192383,50711,50721,10
13.0470600128,80.2121810913,50721,50731,10
13.0479402542,80.2121124268,50731,50742,11
13.0488996506,80.212020874,50742,50762,20
13.0488996506,80.212020874,50762,50772,10
13.0491399765,80.212020874,50772,50782,10
13.0491600037,80.212020874,50782,50792,10
13.0493402481,80.2120132446,50792,50802,10
13.0494203568,80.212020874,50802,50812,10
13.0497598648,80.2119827271,50812,50822,10
13.0501298904,80.2119903564,50822,50832,10
13.0506496429,80.212020874,50832,50842,10
13.0513095856,80.2120437622,50842,50852,10
13.0522203445,80.2119674683,50852,50863,11
13.0532503128,80.2117385864,50863,50873,10
13.0542001724,80.2115097046,50873,50883,10
13.0548400879,80.21144104,50883,50893,10
13.0556402206,80.2114715576,50893,50903,10
13.0566902161,80.211479187,50903,50913,10
13.0575799942,80.211479187,50913,50923,10
13.0582895279,80.211479187,50923,50933,10
13.0590600967,80.211479187,50933,50943,10
13.0592498779,80.211517334,50943,50953,10
13.0597600937,80.2115631104,50953,50963,10
13.0605096817,80.2115783691,50963,50974,11
13.0615100861,80.2116317749,50974,50984,10
13.0624799728,80.2116317749,50984,50994,10
13.0631504059,80.2115478516,50994,51004,10
13.0631599426,80.2115478516,51004,51014,10
13.0635099411,80.2115478516,51014,51024,10
13.0638399124,80.211517334,51024,51034,10
13.0644397736,80.2113876343,51034,51044,10
13.0651903152,80.2110290527,51044,51054,10
13.0659704208,80.2104187012,51054,51064,10
13.0668001175,80.2096786499,51064,51074,10
13.0674600601,80.2086791992,51074,51084,10
13.0681295395,80.2076263428,51084,51095,11
13.0689001083,80.206413269,51095,51105,10
13.0696601868,80.2050704956,51105,51125,20
13.0696601868,80.2050704956,51125,51135,10
13.0697002411,80.2049484253,51135,51145,10
13.069560051,80.2048187256,51145,51154,9
13.0692396164,80.2049102783,51154,51165,11
13.0690898895,80.2051086426,51165,51175,10
13.0689201355,80.2053604126,51175,51185,10
13.0686197281,80.2053985596,51185,51226,41
13.0686197281,80.2053985596,51226,51236,10
13.0684099197,80.2054367065,51236,51296,60
13.0684099197,80.2054367065,51296,51306,10
13.067990303,80.2053222656,51306,51387,81
13.067990303,80.2053222656,51387,51397,10
13.0680103302,80.2049407959,51397,51548,151
13.0680103302,80.2049407959,51548,51558,10
13.0682296753,80.2049636841,51558,51569,11
13.068400383,80.2049407959,51569,51579,10
13.0686903,80.2048416138,51579,51589,10
13.0689096451,80.2047729492,51589,51599,10
13.0692501068,80.204750061,51599,51609,10
13.0695695877,80.204788208,51609,51619,10
13.0697898865,80.2049331665,51619,51629,10
13.0697498322,80.2053222656,51629,51639,10
13.0694503784,80.2058181763,51639,51649,10
13.0691404343,80.2063293457,51649,51659,10
13.0686197281,80.2071609497,51659,51669,10
13.068110466,80.2079620361,51669,51679,10
13.0675802231,80.2087783813,51679,51690,11
13.0670604706,80.2095794678,51690,51700,10
13.0663900375,80.2102279663,51700,51710,10
13.0656099319,80.2109069824,51710,51720,10
13.065199852,80.2112426758,51720,51730,10
13.065199852,80.2112503052,51730,51740,10
13.0649003983,80.2114486694,51740,51750,10
13.0643501282,80.2116622925,51750,51760,10
13.0637998581,80.2117767334,51760,51770,10
13.0637798309,80.2117767334,51770,51780,10
13.0635700226,80.211769104,51780,51790,10
13.0630302429,80.2117767334,51790,51800,10
13.062379837,80.211769104,51800,51811,11
13.0616502762,80.2117004395,51811,51821,10
13.0603904724,80.2116699219,51821,51831,10
13.0592699051,80.2116088867,51831,51841,10
13.0586299896,80.2116088867,51841,51851,10
13.0579395294,80.2116012573,51851,51861,10
13.0572795868,80.2115783691,51861,51871,10
13.056520462,80.2115631104,51871,51881,10
13.055680275,80.2115402222,51881,51891,10
13.0548200607,80.2114868164,51891,51901,10
13.0544996262,80.2115020752,51901,51911,10
13.0540599823,80.2115936279,51911,51921,10
13.0534296036,80.2117385864,51921,51932,11
13.0525398254,80.2119827271,51932,51942,10
13.0516395569,80.2121582031,51942,51952,10
13.0506401062,80.2120819092,51952,51962,10
13.0500602722,80.2121276855,51962,51982,20
13.0500602722,80.2121276855,51982,51992,10
13.0496702194,80.2121429443,51992,52022,30
13.0496702194,80.2121429443,52022,52032,10
13.0494203568,80.2121429443,52032,52043,11
13.0488796234,80.2121276855,52043,52053,10
13.048500061,80.2121582031,52053,52063,10
13.0479898453,80.2121963501,52063,52073,10
13.0472602844,80.2122421265,52073,52083,10
13.0464000702,80.212272644,52083,52093,10
13.0452299118,80.2123565674,52093,52133,40
13.0452299118,80.2123565674,52133,52143,10
13.045129776,80.2124023438,52143,52153,10
13.044719696,80.2124176025,52153,52164,11
13.0443201065,80.2124099731,52164,52180,16
13.0432596207,80.2123794556,52180,52192,12
13.0424995422,80.2123794556,52192,52202,10
13.0418796539,80.212387085,52202,52212,10
13.0412197113,80.2123794556,52212,52222,10
13.0403995514,80.2123718262,52222,52232,10
13.0394496918,80.2123794556,52232,52242,10
13.0388698578,80.212387085,52242,52252,10
13.0380496979,80.2123413086,52252,52313,61
13.0380496979,80.2123413086,52313,52324,11
13.0378303528,80.2123794556,52324,52335,11
13.0374097824,80.212348938,52335,52345,10
13.0367097855,80.2123184204,52345,52354,9
13.03606987,80.2123336792,52354,52366,12
13.0353403091,80.2122879028,52366,52376,10
13.0348100662,80.2122192383,52376,52386,10
13.0343904495,80.2121505737,52386,52397,11
13.034239769,80.2121200562,52397,52407,10
13.0341796875,80.2121200562,52407,52417,10
13.0338497162,80.2120513916,52417,52427,10
13.0333404541,80.2119216919,52427,52437,10
13.0326404572,80.2117996216,52437,52447,10
13.0319900513,80.2115325928,52447,52457,10
13.0320396423,80.2108688354,52457,52467,10
13.0320796967,80.2100906372,52467,52477,10
13.0319595337,80.2096786499,52477,52487,10
13.031419754,80.2095108032,52487,52497,10
13.0306501389,80.2092666626,52497,52507,10
13.0297203064,80.2089767456,52507,52528,21
13.0297203064,80.2089767456,52528,52538,10
13.0296001434,80.2089309692,52538,52548,10
13.0292396545,80.2088470459,52548,52558,10
13.0286102295,80.2087020874,52558,52568,10
13.0278701782,80.2084503174,52568,52577,9
13.0272598267,80.2081069946,52577,52588,11
13.0263996124,80.2076034546,52588,52598,10
13.0255203247,80.2071380615,52598,52608,10
13.0245103836,80.2069396973,52608,52618,10
13.0242395401,80.2069015503,52618,52628,10
13.0241098404,80.2068710327,52628,52639,11
13.0235900879,80.206741333,52639,52649,10
13.022939682,80.2066116333,52649,52659,10
13.0221300125,80.206489563,52659,52669,10
13.0212802887,80.2064590454,52669,52679,10
13.0203199387,80.206451416,52679,52689,10
13.0193901062,80.2064208984,52689,52699,10
13.0191898346,80.2063674927,52699,52709,10
13.0191402435,80.2063522339,52709,52719,10
13.0187902451,80.2062225342,52719,52729,10
13.0182199478,80.2060165405,52729,52739,10
13.0175104141,80.2057418823,52739,52750,11
13.0167798996,80.2054824829,52750,52760,10
13.0159502029,80.2051620483,52760,52769,9
13.0150995255,80.2048721313,52769,52780,11
13.0143404007,80.2046127319,52780,52790,10
13.0142002106,80.2045669556,52790,52800,10
13.0141096115,80.2045593262,52800,52810,10
13.0137395859,80.2044219971,52810,52820,10
13.0135402679,80.2046432495,52820,52830,10
13.0133800507,80.2051620483,52830,52840,10
13.0131902695,80.2058105469,52840,52850,10
13.0130300522,80.2066421509,52850,52860,10
13.0129804611,80.2073822021,52860,52871,11
13.0129003525,80.2078018188,52871,52881,10
13.0128498077,80.2081985474,52881,52891,10
13.0128602982,80.2085189819,52891,52901,10
13.0129203796,80.2089767456,52901,52911,10
13.0131597519,80.2095184326,52911,52921,10
13.0131101608,80.2101211548,52921,52931,10
13.0129899979,80.2108078003,52931,52941,10
13.0126695633,80.2115631104,52941,52951,10
13.0123500824,80.212097168,52951,52961,10
13.0119695663,80.2126312256,52961,52971,10
13.0117502213,80.2127685547,52971,52981,10
13.0114202499,80.2125015259,52981,52992,11
13.0108804703,80.212097168,52992,53002,10
13.0104999542,80.2117919922,53002,53012,10
13.0101203918,80.2115097046,53012,53022,10
13.0098304749,80.2112808228,53022,53032,10
13.0094604492,80.2110366821,53032,53061,29
13.0094604492,80.2110366821,53061,53071,10
13.0093402863,80.2111129761,53071,53082,11
13.0092897415,80.2111587524,53082,53092,10
13.0091495514,80.2113113403,53092,53102,10
13.009059906,80.2117233276,53102,53113,11
13.0092697144,80.212348938,53113,53123,10
13.0095100403,80.2130279541,53123,53133,10
13.0097703934,80.2136993408,53133,53143,10
13.0100498199,80.2143783569,53143,53153,10
13.0101804733,80.2150878906,53153,53163,10
13.010430336,80.2160491943,53163,53173,10
13.0108699799,80.2170181274,53173,53183,10
13.0113096237,80.2180480957,53183,53193,10
13.0116701126,80.2190628052,53193,53203,10
13.0119695663,80.2200317383,53203,53213,10
13.012260437,80.2209472656,53213,53224,11
13.0125904083,80.2215805054,53224,53234,10
13.0129003525,80.222038269,53234,53244,10
13.0133800507,80.2225570679,53244,53254,10
13.0138597488,80.2231903076,53254,53264,10
13.0142002106,80.2236022949,53264,53274,10
13.0145301819,80.224067688,53274,53284,10
13.0149803162,80.2246780396,53284,53294,10
13.0153903961,80.2252426147,53294,53304,10
13.0152902603,80.2257080078,53304,53314,10
13.0150203705,80.2258834839,53314,53324,10
13.0145597458,80.22605896,53324,53334,10
13.0139799118,80.2263031006,53334,53345,11
13.0132398605,80.2266082764,53345,53355,10
13.0124597549,80.2269363403,53355,53371,16
13.011179924,80.2274398804,53371,53383,12
13.0103597641,80.2277603149,53383,53391,8
13.0097703934,80.2279281616,53391,53403,12
13.0096302032,80.2273025513,53403,53413,10
13.0099201202,80.2267074585,53413,53423,10
13.0102596283,80.2259292603,53423,53433,10
13.0106496811,80.2249984741,53433,53443,10
13.0110197067,80.2241973877,53443,53453,10
13.0112600327,80.223487854,53453,53464,11
13.0111303329,80.2230987549,53464,53473,9
13.0107002258,80.2228775024,53473,53484,11
13.0100297928,80.2225189209,53484,53494,10
13.0093402863,80.2221374512,53494,53504,10
13.0085802078,80.2217330933,53504,53514,10
13.0077104568,80.2212677002,53514,53524,10
13.0067501068,80.2207794189,53524,53534,10
13.0058097839,80.2205200195,53534,53544,10
13.0047998428,80.2202835083,53544,53554,10
13.0039396286,80.2200927734,53554,53564,10
13.0031900406,80.2198791504,53564,53574,10
13.0024595261,80.2195129395,53574,53585,11
13.0018596649,80.2188491821,53585,53595,10
13.0011796951,80.2183227539,53595,53605,10
13.0004501343,80.2178421021,53605,53615,10
12.9996995926,80.2173690796,53615,53625,10
12.9988002777,80.2168807983,53625,53635,10
12.9975500107,80.2165222168,53635,53665,30
12.9975500107,80.2165222168,53665,53675,10
12.9973297119,80.2165222168,53675,53685,10
12.9968900681,80.2165603638,53685,53696,11
12.9961996078,80.2166366577,53696,53706,10
12.9955301285,80.2168502808,53706,53716,10
12.9949398041,80.2171707153,53716,53726,10
12.9945001602,80.2174682617,53726,53736,10
12.9939498901,80.217880249,53736,53746,10
12.9933395386,80.2182998657,53746,53756,10
12.9927396774,80.2187576294,53756,53766,10
12.9920701981,80.2192382813,53766,53776,10
12.9914503098,80.2196273804,53776,53786,10
12.9909200668,80.2194213867,53786,53796,10
12.9902200699,80.2191696167,53796,53806,10
12.9894104004,80.2188796997,53806,53817,11
12.9884195328,80.2185516357,53817,53827,10
12.9875402451,80.2183837891,53827,53837,10
12.9868402481,80.21824646,53837,53847,10
12.9868097305,80.2182388306,53847,53857,10
12.986579895,80.2181777954,53857,53867,10
12.9860496521,80.2180328369,53867,53877,10
12.9852104187,80.2179336548,53877,53887,10
12.9843997955,80.2179412842,53887,53897,10
12.9839696884,80.2179718018,53897,53907,10
12.9839401245,80.2179794312,53907,53917,10
12.9836397171,80.217956543,53917,53927,10
12.983300209,80.217956543,53927,53938,11
12.9826898575,80.2179718018,53938,53948,10
12.9819602966,80.2179794312,53948,53958,10
12.9811296463,80.2181472778,53958,53968,10
12.9802703857,80.2184524536,53968,53978,10
12.9795598984,80.2187271118,53978,53988,10
12.978890419,80.2190170288,53988,53998,10
12.9784402847,80.2191696167,53998,54008,10
12.9777698517,80.2194213867,54008,54018,10
12.9770097733,80.2197418213,54018,54028,10
12.976269722,80.2200698853,54028,54038,10
12.9756402969,80.2203826904,54038,54048,10
12.9755001068,80.2205963135,54048,54065,17
12.9759397507,80.2211837769,54065,54077,12
12.9762897491,80.2216567993,54077,54097,20
12.9762897491,80.2216567993,54097,54107,10
12.9763202667,80.2217102051,54107,54117,10
12.9764404297,80.2220077515,54117,54127,10
12.9766998291,80.2224197388,54127,54137,10
12.9770898819,80.2230606079,54137,54147,10
12.9775400162,80.2237472534,54147,54157,10
12.9779996872,80.2244796753,54157,54167,10
12.9783000946,80.2249603271,54167,54178,11
12.9785299301,80.2253494263,54178,54188,10
12.9788799286,80.2259216309,54188,54198,10
12.9793100357,80.2266387939,54198,54208,10
12.9797897339,80.2274169922,54208,54218,10
12.9802999496,80.2283096313,54218,54227,9
12.9808101654,80.2291793823,54227,54248,21
12.9808101654,80.2291793823,54248,54258,10
12.981010437,80.2295227051,54258,54268,10
12.9813203812,80.2299880981,54268,54278,10
12.9816398621,80.23046875,54278,54289,11
12.9816799164,80.2305221558,54289,54299,10
12.9818296432,80.2308807373,54299,54309,10
12.9819602966,80.2314529419,54309,54319,10
12.9819803238,80.2322311401,54319,54329,10
12.9815797806,80.233543396,54329,54357,28
12.9815797806,80.233543396,54357,54367,10
12.9815196991,80.2336730957,54367,54377,10
12.9814596176,80.2337722778,54377,54387,10
12.9812498093,80.2342376709,54387,54397,10
12.9811897278,80.2349395752,54397,54408,11
12.9812297821,80.2358627319,54408,54418,10
12.9812402725,80.236656189,54418,54428,10
12.9812602997,80.237411499,54428,54438,10
12.9812803268,80.2383117676,54438,54448,10
12.981300354,80.2387084961,54448,54457,9
12.981300354,80.2387695313,54457,54468,11
12.981300354,80.2387924194,54468,54477,9
12.9812898636,80.2390289307,54477,54487,10
12.9813098907,80.2395782471,54487,54498,11
12.9813299179,80.2404098511,54498,54508,10
12.9813404083,80.2412796021,54508,54518,10
12.9813404083,80.2428207397,54518,54539,21
12.9813404083,80.2428207397,54539,54549,10
12.9813299179,80.243057251,54549,54559,10
12.9813098907,80.2436294556,54559,54569,10
12.9812202454,80.2444000244,54569,54579,10
12.9811096191,80.2452926636,54579,54589,10
12.9809999466,80.2463302612,54589,54599,10
12.980890274,80.247467041,54599,54609,10
12.9808101654,80.2483596802,54609,54619,10
12.9807596207,80.2491226196,54619,54629,10
12.9806404114,80.25,54629,54640,11
12.9803695679,80.2510986328,54640,54650,10
12.9801502228,80.2520294189,54650,54660,10
12.980099678,80.2522277832,54660,54670,10
12.980099678,80.2522583008,54670,54680,10
12.9801197052,80.2524795532,54680,54690,10
12.9803600311,80.2526168823,54690,54700,10
12.9808502197,80.2526321411,54700,54710,10
12.9815196991,80.2526016235,54710,54720,10
12.982339859,80.252571106,54720,54730,10
12.9833498001,80.2524795532,54730,54740,10
12.9843397141,80.252243042,54740,54750,10
12.9851799011,80.2519989014,54750,54761,11
12.9859600067,80.2517776489,54761,54771,10
12.9863595963,80.2516784668,54771,54781,10
12.9866800308,80.2515869141,54781,54791,10
12.9873104095,80.2514190674,54791,54892,101
12.9873104095,80.2514190674,54892,54902,10
12.9873695374,80.2513885498,54902,54912,10
12.987660408,80.2513275146,54912,54922,10
12.9879102707,80.2515869141,54922,54932,10
12.9879903793,80.2521286011,54932,54942,10
12.9879302979,80.2529373169,54942,54952,10
12.9878501892,80.2538986206,54952,54962,10
12.9877700806,80.254989624,54962,55024,62
12.9877700806,80.254989624,55024,55034,10
12.9877099991,80.2552490234,55034,55044,10
12.9877004623,80.2556686401,55044,55054,10
12.9876098633,80.2562026978,55054,55064,10
12.9875602722,80.2569122314,55064,55074,10
12.9874801636,80.2576293945,55074,55084,10
12.9874200821,80.2583618164,55084,55094,10
12.9873800278,80.2589797974,55094,55104,10
12.9871902466,80.2596206665,55104,55165,61
12.9871902466,80.2596206665,55165,55175,10
12.9869203568,80.2596817017,55175,56234,1059
12.9869203568,80.2596817017,56234,56244,10
12.9865999222,80.259437561,56244,56254,10
12.9866104126,80.2592315674,56254,56295,41
12.9866104126,80.2592315674,56295,56305,10
12.9866695404,80.2590484619,56305,56315,10
12.9867200851,80.2590637207,56315,56325,10
12.986869812,80.2591018677,56325,56365,40
12.986869812,80.2591018677,56365,56375,10
12.9872198105,80.2591323853,56375,56385,10
12.9873199463,80.2590026855,56385,56395,10
12.9873504639,80.2588577271,56395,56406,11
12.9873895645,80.2585067749,56406,56416,10
12.9874200821,80.2581329346,56416,56426,10
12.9874696732,80.2577514648,56426,56436,10
12.9875297546,80.2570724487,56436,56476,40
12.9875297546,80.2570724487,56476,56486,10
12.9876203537,80.2567672729,56486,56496,10
12.9876403809,80.256187439,56496,56506,10
12.9877004623,80.2558135986,56506,56516,10
12.9877595901,80.2553405762,56516,56527,11
12.9877595901,80.2549667358,56527,56537,10
12.9877595901,80.2548675537,56537,56547,10
12.9877996445,80.2543792725,56547,56557,10
12.9878702164,80.2536773682,56557,56567,10
12.9879198074,80.2528381348,56567,56577,10
12.987859726,80.251953125,56577,56597,20
12.987859726,80.251953125,56597,56607,10
12.9878101349,80.2517471313,56607,56648,41
12.9878101349,80.2517471313,56648,56658,10
12.9876699448,80.2515792847,56658,56668,10
12.9872903824,80.2515869141,56668,56678,10
12.9867296219,80.251701355,56678,56687,9
12.9861001968,80.2518463135,56687,56698,11
12.9853200912,80.2520599365,56698,56707,9
12.9843597412,80.2523269653,56707,56718,11
12.9831495285,80.2526168823,56718,56728,10
12.9819602966,80.2526931763,56728,56738,10
12.9807596207,80.2527236938,56738,56747,9
12.9801702499,80.2527389526,56747,56759,12
12.9799404144,80.2527084351,56759,56769,10
12.9798498154,80.2525405884,56769,56779,10
12.9798498154,80.2525024414,56779,56789,10
12.9798898697,80.2523193359,56789,56799,10
12.9799003601,80.2522964478,56799,56809,10
12.9799404144,80.2520828247,56809,56819,10
12.9800300598,80.2518692017,56819,56829,10
12.9801702499,80.2514801025,56829,56839,10
12.9803600311,80.2508010864,56839,56849,10
12.9805698395,80.2500534058,56849,56859,10
12.9806995392,80.249206543,56859,56869,10
12.9807500839,80.2482223511,56869,56879,10
12.9808397293,80.2471694946,56879,56890,11
12.9809703827,80.2460021973,56890,56900,10
12.9811000824,80.2448196411,56900,56910,10
12.9811401367,80.2441711426,56910,56930,20
12.9811401367,80.2441711426,56930,56940,10
12.9811601639,80.243850708,56940,56950,10
12.9812202454,80.2437133789,56950,56960,10
12.9813203812,80.2434692383,56960,56970,10
12.9813098907,80.2431716919,56970,56980,10
12.9813404083,80.2429275513,56980,56996,16
12.9813404083,80.2428588867,56996,57009,13
12.9813699722,80.2425308228,57009,57019,10
12.9813604355,80.2423629761,57019,57029,10
12.9813404083,80.2420196533,57029,57039,10
12.9813404083,80.2414932251,57039,57049,10
12.9813299179,80.2407302856,57049,57059,10
12.9813098907,80.2400131226,57059,57069,10
12.981300354,80.2396774292,57069,57079,10
12.981300354,80.2392578125,57079,57088,9
12.9812803268,80.2386703491,57088,57098,10
12.9812602997,80.2380065918,57098,57109,11
12.9812602997,80.2379989624,57109,57120,11
12.9812402725,80.2375564575,57120,57130,10
12.9812202454,80.2369537354,57130,57140,10
12.9812002182,80.2361526489,57140,57150,10
12.981180191,80.2353210449,57150,57160,10
12.981180191,80.2345581055,57160,57170,10
12.9815397263,80.2334899902,57170,57190,20
12.9815397263,80.2334899902,57190,57200,10
12.9815597534,80.2334213257,57200,57210,10
12.9816198349,80.2333068848,57210,57220,10
12.9816799164,80.2332305908,57220,57231,11
12.9818496704,80.2328033447,57231,57241,10
12.9819803238,80.2322463989,57241,57251,10
12.9819498062,80.2320175171,57251,57261,10
12.9819498062,80.2317733765,57261,57271,10
12.9819002151,80.2313079834,57271,57281,10
12.981710434,80.2307891846,57281,57291,10
12.9813699722,80.2302017212,57291,57301,10
12.9809303284,80.2295227051,57301,57311,10
12.9807796478,80.2292633057,57311,57321,10
12.9806604385,80.2290802002,57321,57331,10
12.9806003571,80.2289962769,57331,57341,10
12.9805498123,80.2288513184,57341,57352,11
12.9802999496,80.2283401489,57352,57362,10
12.9800100327,80.2278366089,57362,57372,10
12.9795303345,80.2270736694,57372,57382,10
12.9790897369,80.2263412476,57382,57392,10
12.9787197113,80.2257385254,57392,57402,10
12.9784002304,80.2251968384,57402,57412,10
12.9781103134,80.2247314453,57412,57422,10
12.9778299332,80.2243728638,57422,57432,10
12.977519989,80.2238464355,57432,57442,10
12.9771604538,80.2232437134,57442,57452,10
12.9768800735,80.2227783203,57452,57462,10
12.9765996933,80.2223434448,57462,57473,11
12.9762096405,80.2217330933,57473,57483,10
12.9756002426,80.2210464478,57483,57513,30
12.9756002426,80.2210464478,57513,57523,10
12.9755096436,80.2209701538,57523,57533,10
12.9752702713,80.2207565308,57533,57553,20
12.9752702713,80.2207565308,57553,57563,10
12.9752902985,80.2205505371,57563,57573,10
12.9756202698,80.2202835083,57573,57584,11
12.9762401581,80.2200012207,57584,57594,10
12.9769802094,80.2197036743,57594,57604,10
12.977809906,80.2193603516,57604,57614,10
12.9785499573,80.219078064,57614,57624,10
12.9791498184,80.2188568115,57624,57634,10
12.9799003601,80.2185668945,57634,57644,10
12.9806003571,80.2182769775,57644,57654,10
12.9813995361,80.2180023193,57654,57664,10
12.9822998047,80.217880249,57664,57674,10
12.9831695557,80.217880249,57674,57684,10
12.9837799072,80.2178497314,57684,57694,10
12.9837903976,80.2178497314,57694,57705,11
12.9840297699,80.217880249,57705,57715,10
12.9846000671,80.217880249,57715,57725,10
12.9854001999,80.2178726196,57725,57735,10
12.9862804413,80.2180175781,57735,57745,10
12.9871702194,80.2182006836,57745,57755,10
12.9873800278,80.21824646,57755,57765,10
12.9874696732,80.2182617188,57765,57775,10
12.9879598618,80.2183837891,57775,57785,10
12.9885997772,80.218536377,57785,57795,10
12.9893198013,80.2187728882,57795,57805,10
12.9899702072,80.21900177,57805,57815,10
12.9907598495,80.2192611694,57815,57826,11
12.9916696548,80.2194519043,57826,57836,10
12.9922800064,80.219039917,57836,57845,9
12.9928998947,80.2185516357,57845,57856,11
12.9936704636,80.2180023193,57856,57866,10
12.9943399429,80.2175216675,57866,57876,10
12.9949598312,80.2170562744,57876,57886,10
12.9955797195,80.2167434692,57886,57896,10
12.9962596893,80.2165679932,57896,57906,10
12.9969797134,80.2164764404,57906,57916,10
12.9973802567,80.2162399292,57916,57926,10
12.9975500107,80.2160873413,57926,57936,10
12.9977302551,80.2159576416,57936,57947,11
12.9981603622,80.2155380249,57947,57957,10
12.9987001419,80.2150726318,57957,57967,10
12.999130249,80.2147216797,57967,57977,10
12.9994697571,80.2144317627,57977,57987,10
12.9998903275,80.214050293,57987,57997,10
13.0003595352,80.2136383057,57997,58007,10
13.0008802414,80.2131500244,58007,58017,10
13.0012197495,80.2129364014,58017,58027,10
13.0016403198,80.2126235962,58027,58037,10
13.0021800995,80.2122879028,58037,58047,10
13.0027999878,80.212097168,58047,58058,11
13.0035600662,80.2119979858,58058,58088,30
13.0035600662,80.2119979858,58088,58098,10
13.0036897659,80.2117462158,58098,58108,10
13.0036802292,80.2113113403,58108,58118,10
13.0036401749,80.2108078003,58118,58128,10
13.0035800934,80.2103271484,58128,58138,10
13.0035200119,80.2098083496,58138,58148,10
13.0035800934,80.2092590332,58148,58158,10
13.0037899017,80.2086486816,58158,58168,10
13.0045604706,80.2088470459,58168,58179,11
13.0055999756,80.2093200684,58179,58189,10
13.0062599182,80.2095413208,58189,58199,10
13.0066795349,80.2096862793,58199,58209,10
13.0074195862,80.2098388672,58209,58229,20
13.0074195862,80.2098388672,58229,58239,10
13.0076303482,80.2098922729,58239,58249,10
13.0080099106,80.2099761963,58249,58259,10
13.0081501007,80.2098083496,58259,58269,10
13.0080404282,80.2092590332,58269,58279,10
13.0079498291,80.2086715698,58279,58289,10
13.0078401566,80.2079162598,58289,58300,11
13.0076799393,80.2069625854,58300,58310,10
13.0075397491,80.2060165405,58310,58320,10
13.0074996948,80.2051925659,58320,58330,10
13.0074996948,80.2043380737,58330,58340,10
13.0074300766,80.2036590576,58340,58350,10
13.0072498322,80.2027893066,58350,58360,10
13.0066204071,80.2027130127,58360,58370,10
13.0067596436,80.2033233643,58370,58379,9
13.007349968,80.2036209106,58379,58390,11
13.0082597733,80.2036972046,58390,58400,10
13.0093097687,80.2036209106,58400,58410,10
13.0105199814,80.2035903931,58410,58421,11
13.0119199753,80.203742981,58421,58431,10
13.0130395889,80.2039718628,58431,58441,10
13.013759613,80.2042236328,58441,58451,10
13.0144300461,80.2044525146,58451,58461,10
13.0149803162,80.2045974731,58461,58471,10
13.0150003433,80.2045974731,58471,58481,10
13.015250206,80.2047424316,58481,58491,10
13.01583004,80.2049789429,58491,58501,10
13.0165300369,80.2052383423,58501,58517,16
13.0174598694,80.2054977417,58517,58529,12
13.0180597305,80.2057418823,58529,58540,11
13.0186700821,80.2059173584,58540,58550,10
13.0187196732,80.2059173584,58550,58558,8
13.0189800262,80.2060089111,58558,58570,12
13.0196399689,80.2062225342,58570,58580,10
13.0203399658,80.2062835693,58580,58590,10
13.0211896896,80.2062911987,58590,58600,10
13.0216999054,80.2062835693,58600,58610,10
13.0222396851,80.2063217163,58610,58620,10
13.0229196548,80.2064437866,58620,58630,10
13.0237398148,80.2066116333,58630,58641,11
13.0242795944,80.206703186,58641,58651,10
13.0243797302,80.2066879272,58651,58661,10
13.0247602463,80.206817627,58661,58671,10
13.0253896713,80.2070465088,58671,58681,10
13.026049614,80.207359314,58681,58691,10
13.0267601013,80.2077484131,58691,58701,10
13.0274000168,80.2081069946,58701,58711,10
13.028169632,80.2084884644,58711,58721,10
13.0291500092,80.2087478638,58721,58731,10
13.0299100876,80.2089233398,58731,58741,10
13.0299196243,80.2089080811,58741,58751,10
13.0299196243,80.2088928223,58751,58761,10
13.0303297043,80.2090377808,58761,58772,11
13.0310697556,80.2092666626,58772,58782,10
13.0316896439,80.2094192505,58782,58791,9
13.0316896439,80.2093963623,58791,58801,10
13.0318202972,80.2093963623,58801,58812,11
13.0322904587,80.2095336914,58812,58822,10
13.0331201553,80.2097015381,58822,58831,9
13.0338602066,80.2099075317,58831,58842,11
13.0347700119,80.2101135254,58842,58852,10
13.0350198746,80.2105331421,58852,58862,10
13.0350599289,80.2111434937,58862,58872,10
13.0350399017,80.2113876343,58872,58883,11
13.0349903107,80.211517334,58883,58893,10
13.0349798203,80.2117996216,58893,58903,10
13.0349702835,80.2121505737,58903,58913,10
13.035369873,80.2122421265,58913,58923,10
13.0360498428,80.2122802734,58923,58933,10
13.0367698669,80.212310791,58933,58943,10
13.0374097824,80.2123184204,58943,58953,10
13.0380802155,80.2123184204,58953,58963,10
13.0388803482,80.2123031616,58963,58973,10
13.0397396088,80.2123184204,58973,58983,10
13.0407600403,80.2123031616,58983,58993,10
13.0418901443,80.2123031616,58993,59004,11
13.0431804657,80.2123031616,59004,59014,10
13.0441703796,80.2122268677,59014,59122,108
13.0441703796,80.2122268677,59122,59133,11
13.0442800522,80.2121429443,59133,59143,10
13.0446796417,80.2121887207,59143,59153,10
13.0453395844,80.2121963501,59153,59163,10
13.0461502075,80.2121810913,59163,59173,10
13.0470600128,80.2121429443,59173,59183,10
13.0479402542,80.212059021,59183,59193,10
13.0483703613,80.212020874,59193,59223,30
13.0483703613,80.212020874,59223,59233,10
13.0486297607,80.2119979858,59233,59243,10
13.0495300293,80.2119369507,59243,59284,41
13.0495300293,80.2119369507,59284,59294,10
13.0496997833,80.2118988037,59294,59304,10
13.0500802994,80.2119216919,59304,59314,10
13.0503702164,80.2119369507,59314,59324,10
13.0507698059,80.2119674683,59324,59334,10
13.0515699387,80.212020874,59334,59344,10
13.0524396896,80.2118911743,59344,59354,10
13.0533599854,80.2116775513,59354,59364,10
13.0543498993,80.2114181519,59364,59375,11
13.0553503036,80.2113876343,59375,59385,10
13.0564603806,80.2114181519,59385,59395,10
13.0574398041,80.2114105225,59395,59415,20
13.0574398041,80.2114105225,59415,59425,10
13.0577602386,80.2114334106,59425,59435,10
13.0582895279,80.2114486694,59435,59445,10
13.0590000153,80.211479187,59445,59455,10
13.0597696304,80.2115325928,59455,59465,10
13.060839653,80.2115783691,59465,59475,10
13.0619297028,80.2116394043,59475,59485,10
13.063249588,80.2115402222,59485,59516,31
13.063249588,80.2115402222,59516,59526,10
13.063369751,80.2114486694,59526,59536,10
13.0635595322,80.2114334106,59536,59546,10
13.0637397766,80.21144104,59546,59555,9
13.0640802383,80.2114562988,59555,59566,11
13.0647201538,80.2112808228,59566,59576,10
13.0654096603,80.2107925415,59576,59586,10
13.065990448,80.2103118896,59586,59596,10
13.0665998459,80.2097930908,59596,59607,11
13.0672101974,80.2089691162,59607,59617,10
13.067700386,80.2081375122,59617,59627,10
13.0682697296,80.2072906494,59627,59637,10
13.0688400269,80.206413269,59637,59647,10
13.0693101883,80.2056503296,59647,59656,9
13.0695695877,80.2051773071,59656,59667,11
13.0695800781,80.2051773071,59667,59677,10
13.0696697235,80.2050170898,59677,59687,10
13.0695199966,80.2048034668,59687,59697,10
13.0690498352,80.2052230835,59697,60072,375
13.0690498352,80.2052230835,60072,60082,10
13.0686397552,80.2052001953,60082,60142,60
13.0682697296,80.2051696777,60142,60687,545
13.067899704,80.2051391602,60687,60747,60
13.067899704,80.2051391602,60747,60757,10
13.0682497025,80.2049789429,60757,60767,10
13.0684995651,80.2049179077,60767,60778,11
13.0689401627,80.2047576904,60778,60788,10
13.0693702698,80.2047729492,60788,60798,10
13.0696897507,80.2048416138,60798,60808,10
13.0698099136,80.2049636841,60808,60818,10
13.0698204041,80.2052230835,60818,60828,10
13.0695800781,80.2056274414,60828,60838,10
13.0691900253,80.206237793,60838,60848,10
13.0688295364,80.206817627,60848,60858,10
13.0682697296,80.2077178955,60858,60868,10
13.0678396225,80.2084274292,60868,60878,10
13.0673799515,80.2091598511,60878,60889,11
13.0668001175,80.2099914551,60889,60898,9
13.0661802292,80.2105178833,60898,60909,11
13.0654401779,80.2110977173,60909,60919,10
13.0650997162,80.2113723755,60919,60929,10
13.0650501251,80.2114181519,60929,60939,10
13.0647001266,80.2115936279,60939,60949,10
13.0641403198,80.211769104,60949,60959,10
13.0638904572,80.2117996216,60959,60969,10
13.0636997223,80.2117919922,60969,60979,10
13.0632095337,80.2118225098,60979,60989,10
13.0624599457,80.2118301392,60989,60998,9
13.0617799759,80.2118301392,60998,61010,12
13.0608100891,80.2118377686,61010,61020,10
13.0599603653,80.2117919922,61020,61030,10
13.0590896606,80.2117614746,61030,61040,10
13.058719635,80.2117462158,61040,61050,10
13.0584402084,80.2117233276,61050,61060,10
13.0576000214,80.2117004395,61060,61080,20
13.0576000214,80.2117004395,61080,61090,10
13.0574798584,80.2116928101,61090,61100,10
13.0570402145,80.2116775513,61100,61110,10
13.0564403534,80.2116470337,61110,61120,10
13.0556602478,80.2116317749,61120,61131,11
13.0546703339,80.2116317749,61131,61141,10
13.0538301468,80.2117614746,61141,61151,10
13.053319931,80.2118835449,61151,61161,10
13.0531797409,80.2119293213,61161,61191,30
13.0531797409,80.2119293213,61191,61201,10
13.0530996323,80.2119522095,61201,61211,10
13.0527696609,80.2120437622,61211,61221,10
13.0525398254,80.212097168,61221,61231,10
13.052280426,80.2121734619,61231,61242,11
13.0518798828,80.2122879028,61242,61252,10
13.0509500504,80.212272644,61252,61292,40
13.0506801605,80.2121429443,61292,61332,40
13.0506801605,80.2121429443,61332,61342,10
13.0505399704,80.2121200562,61342,61352,10
13.0501203537,80.2121810913,61352,61363,11
13.0493001938,80.2122116089,61363,61393,30
13.0493001938,80.2122116089,61393,61403,10
13.049079895,80.2121963501,61403,61413,10
13.048620224,80.2122192383,61413,61423,10
13.0480003357,80.2122879028,61423,61433,10
13.0472002029,80.2123718262,61433,61443,10
13.0462398529,80.2124176025,61443,61453,10
13.0457801819,80.2124633789,61453,61463,10
13.045539856,80.2124710083,61463,61474,11
13.0450601578,80.2124786377,61474,61484,10
13.0448503494,80.2124862671,61484,61494,10
13.0445604324,80.2125091553,61494,61504,10
13.044210434,80.2124633789,61504,61514,10
13.0435600281,80.2124404907,61514,61524,10
13.0427303314,80.2124404907,61524,61534,10
13.0417404175,80.2124633789,61534,61544,10
13.0406599045,80.2124786377,61544,61554,10
13.0395803452,80.2124786377,61554,61564,10
13.0381202698,80.2125015259,61564,61615,51
13.0381202698,80.2125015259,61615,61625,10
13.0379400253,80.2125015259,61625,61635,10
13.0375404358,80.2124786377,61635,61645,10
13.0369195938,80.2124404907,61645,61661,16
13.0354604721,80.2124023438,61661,61681,20
13.0354604721,80.2124023438,61681,61692,11
13.0354204178,80.2124023438,61692,61703,11
13.0350704193,80.2123413086,61703,61714,11
13.0347700119,80.2122879028,61714,61724,10
13.034620285,80.2122573853,61724,61734,10
13.0343103409,80.2121963501,61734,61744,10
13.0340299606,80.2121429443,61744,61764,20
13.0340299606,80.2121429443,61764,61774,10
13.033829689,80.2121276855,61774,61784,10
13.0336303711,80.2120513916,61784,61794,10
13.033249855,80.2119598389,61794,61804,10
13.03262043,80.2118606567,61804,61814,10
13.031999588,80.2117004395,61814,61824,10
13.0319795609,80.2112731934,61824,61835,11
13.0320196152,80.2105789185,61835,61845,10
13.0320901871,80.2098388672,61845,61855,10
13.0317401886,80.209602356,61855,61865,10
13.031080246,80.2093963623,61865,61875,10
13.0303697586,80.2092132568,61875,61905,30
13.0303697586,80.2092132568,61905,61915,10
13.0301799774,80.2091522217,61915,61925,10
13.0295295715,80.2089385986,61925,61946,21
13.0295295715,80.2089385986,61946,61956,10
13.0292196274,80.2088623047,61956,61965,9
13.0286903381,80.208732605,61965,61976,11
13.0279102325,80.2084732056,61976,61986,10
13.0272197723,80.2081069946,61986,61996,10
13.0264997482,80.2076873779,61996,62006,10
13.0256900787,80.2072296143,62006,62016,10
13.0247097015,80.206993103,62016,62026,10
13.0242700577,80.2069091797,62026,62036,10
13.0241804123,80.2068862915,62036,62046,10
13.0237703323,80.2067871094,62046,62056,10
13.0232200623,80.2066879272,62056,62067,11
13.0223798752,80.2065429688,62067,62077,10
13.0218095779,80.2064971924,62077,62087,10
13.0212097168,80.2065124512,62087,62097,10
13.020409584,80.2065200806,62097,62107,10
13.0192804337,80.206413269,62107,62127,20
13.0192804337,80.206413269,62127,62137,10
13.0191898346,80.2063674927,62137,62147,10
13.0188102722,80.2062301636,62147,62157,10
13.0181903839,80.2060012817,62157,62167,10
13.0176000595,80.2057876587,62167,62177,10
13.0171804428,80.205619812,62177,62194,17
13.0164003372,80.205406189,62194,62206,12
13.0153999329,80.2050628662,62206,62216,10
13.0141201019,80.2046127319,62216,62236,20
13.0141201019,80.2046127319,62236,62246,10
13.0139198303,80.2044906616,62246,62256,10
13.0136003494,80.2044906616,62256,62266,10
13.0135297775,80.2046966553,62266,62276,10
13.013420105,80.205078125,62276,62285,9
13.0132598877,80.2055892944,62285,62296,11
13.0130596161,80.2063980103,62296,62307,11
13.0129804611,80.2073364258,62307,62317,10
13.0129098892,80.2078018188,62317,62327,10
13.0128602982,80.2082519531,62327,62337,10
13.0128698349,80.2086410522,62337,62347,10
13.0129404068,80.2089691162,62347,62357,10
13.0130996704,80.2095031738,62357,62367,10
13.0131998062,80.2100219727,62367,62377,10
13.0130901337,80.2107162476,62377,62387,10
13.0129404068,80.211151123,62387,62397,10
13.0126495361,80.2117004395,62397,62407,10
13.012260437,80.2123184204,62407,62418,11
13.0118999481,80.2127990723,62418,62428,10
13.0116596222,80.2127532959,62428,62438,10
13.011300087,80.2124404907,62438,62448,10
13.0107297897,80.2120437622,62448,62458,10
13.0101604462,80.2116012573,62458,62468,10
13.0098600388,80.2113571167,62468,62478,10
13.0096597672,80.2112197876,62478,62488,10
13.0094499588,80.2111206055,62488,62539,51
13.0094499588,80.2111206055,62539,62549,10
13.0092096329,80.2113189697,62549,62559,10
13.0090303421,80.2116012573,62559,62569,10
13.0091295242,80.2119903564,62569,62579,10
13.0093202591,80.2125701904,62579,62589,10
13.0095396042,80.2131881714,62589,62599,10
13.0098104477,80.2138366699,62599,62609,10
13.0100898743,80.2145080566,62609,62619,10
13.0102300644,80.2152786255,62619,62629,10
13.0104598999,80.2161407471,62629,62639,10
13.0108699799,80.217048645,62639,62650,11
13.0113201141,80.2181091309,62650,62660,10
13.0116796494,80.2191314697,62660,62670,10
13.0120601654,80.2202682495,62670,62680,10
13.0124702454,80.2213516235,62680,62690,10
13.012960434,80.2220077515,62690,62700,10
13.0133199692,80.2224578857,62700,62710,10
13.0137195587,80.2229614258,62710,62720,10
13.0140399933,80.2235107422,62720,62730,10
13.0144395828,80.2240371704,62730,62740,10
13.0148601532,80.2245178223,62740,62750,10
13.0149002075,80.2245635986,62750,62760,10
13.0150995255,80.2247772217,62760,62771,11
13.0152902603,80.2250213623,62771,62781,10
13.0153398514,80.2250823975,62781,62791,10
13.0154800415,80.225402832,62791,62801,10
13.0153903961,80.2257232666,62801,62811,10
13.014960289,80.2259902954,62811,62821,10
13.0143299103,80.2262420654,62821,62831,10
13.0136098862,80.2265319824,62831,62841,10
13.0128803253,80.2268066406,62841,62851,10
13.012140274,80.2271118164,62851,62861,10
13.0113201141,80.227432251,62861,62871,10
13.010430336,80.2277832031,62871,62881,10
13.0096702576,80.2279663086,62881,62892,11
13.0095796585,80.2274627686,62892,62902,10
13.0098495483,80.226890564,62902,62912,10
13.0101804733,80.2261810303,62912,62922,10
13.0103998184,80.2255096436,62922,62932,10
13.01060009,80.2250595093,62932,62942,10
13.010840416,80.224571228,62942,62952,10
13.0111198425,80.2238769531,62952,62962,10
13.011300087,80.2233886719,62962,62972,10
13.0112104416,80.2232208252,62972,62982,10
13.0108098984,80.2229995728,62982,62992,10
13.0102396011,80.2227325439,62992,63009,17
13.0090904236,80.222038269,63009,63021,12
13.0081996918,80.2215270996,63021,63031,10
13.007519722,80.2211685181,63031,63041,10
13.0064401627,80.2206802368,63041,63051,10
13.0054998398,80.220451355,63051,63061,10
13.0045995712,80.2202377319,63061,63071,10
13.003780365,80.2200622559,63071,63081,10
13.0029697418,80.2198181152,63081,63091,10
13.0023202896,80.2193984985,63091,63101,10
13.0017595291,80.2188034058,63101,63111,10
13.0011901855,80.2183380127,63111,63122,11
13.0006103516,80.2179107666,63122,63131,9
13.0001802444,80.217628479,63131,63143,12
12.999420166,80.2171707153,63143,63153,10
12.9986801147,80.2168426514,63153,63163,10
12.9974899292,80.2165374756,63163,63183,20
12.9974899292,80.2165374756,63183,63193,10
12.997300148,80.2165374756,63193,63203,10
12.9967603683,80.2165603638,63203,63213,10
12.9960803986,80.2166671753,63213,63223,10
12.9956197739,80.216796875,63223,63233,10
12.9951200485,80.217048645,63233,63244,11
12.9949903488,80.2171401978,63244,63254,10
12.9947099686,80.2173233032,63254,63264,10
12.9942798615,80.217628479,63264,63274,10
12.9937801361,80.2179870605,63274,63284,10
12.9931602478,80.2184295654,63284,63293,9
12.9925899506,80.2188568115,63293,63304,11
12.9918203354,80.2194213867,63304,63314,10
12.9913597107,80.2196426392,63314,63324,10
12.9910202026,80.2194671631,63324,63334,10
12.9909095764,80.2194213867,63334,63344,10
12.9904603958,80.2192611694,63344,63355,11
12.9897203445,80.2190170288,63355,63365,10
12.9889202118,80.218711853,63365,63375,10
12.9879798889,80.2184677124,63375,63385,10
12.9874601364,80.2183837891,63385,63395,10
12.987159729,80.2183380127,63395,63405,10
12.9868402481,80.2182769775,63405,63415,10
12.9866600037,80.2182312012,63415,63425,10
12.986120224,80.2180786133,63425,63435,10
12.9852695465,80.217956543,63435,63445,10
12.984000206,80.2180023193,63445,63465,20
12.984000206,80.2180023193,63465,63476,11
12.983880043,80.2180099487,63476,63486,10
12.9834499359,80.2180023193,63486,63496,10
12.9827899933,80.2180023193,63496,63506,10
12.9819898605,80.2180023193,63506,63516,10
12.9812202454,80.2181472778,63516,63526,10
12.9802103043,80.21849823,63526,63536,10
12.9795303345,80.2187576294,63536,63546,10
12.978890419,80.2190093994,63546,63556,10
12.9784002304,80.2192001343,63556,63566,10
12.9777002335,80.2194900513,63566,63576,10
12.9768695831,80.2198486328,63576,63586,10
12.975689888,80.2203826904,63586,63687,101
12.975689888,80.2203826904,63687,63697,10
12.9755096436,80.2206802368,63697,63707,10
12.9757995605,80.2211074829,63707,63718,11
12.9763298035,80.2217788696,63718,63738,20
12.9763298035,80.2217788696,63738,63748,10
12.9764604568,80.2220535278,63748,63758,10
12.9767599106,80.2225494385,63758,63768,10
12.9771795273,80.2232437134,63768,63778,10
12.9776697159,80.2239990234,63778,63788,10
12.9782400131,80.2249069214,63788,63798,10
12.9787998199,80.2258377075,63798,63808,10
12.9792900085,80.2266616821,63808,63818,10
12.9797000885,80.2273101807,63818,63829,11
12.9799900055,80.2277297974,63829,63839,10
12.9802703857,80.2282485962,63839,63849,10
12.9806404114,80.2288894653,63849,63859,10
12.9807395935,80.229057312,63859,63869,10
12.9808397293,80.2292633057,63869,63879,10
12.9810695648,80.2296600342,63879,63889,10
12.9814300537,80.2301712036,63889,63899,10
12.9816398621,80.2304992676,63899,63908,9
12.981710434,80.2306518555,63908,63919,11
12.9819097519,80.2311782837,63919,63929,10
12.9820203781,80.2318725586,63929,63939,10
12.982049942,80.2322998047,63939,63950,11
12.9819898605,80.2326507568,63950,63960,10
12.9818696976,80.2330627441,63960,63970,10
12.9816904068,80.2334213257,63970,63980,10
12.9815597534,80.2337036133,63980,63990,10
12.9813404083,80.2341537476,63990,64000,10
12.9812202454,80.2348403931,64000,64010,10
12.9812402725,80.2356567383,64010,64020,10
12.9812698364,80.2366027832,64020,64030,10
12.9812898636,80.2375564575,64030,64040,10
12.9813098907,80.2380828857,64040,64081,41
12.9813098907,80.2380828857,64081,64091,10
12.9813404083,80.2385101318,64091,64111,20
12.9813404083,80.2385101318,64111,64121,10
12.9813404083,80.2387237549,64121,64131,10
12.9813404083,80.2389602661,64131,64141,10
12.9813404083,80.2391204834,64141,64151,10
12.9813404083,80.2392120361,64151,64161,10
12.9813404083,80.2393798828,64161,64171,10
12.9813404083,80.2395401001,64171,64182,11
12.9813499451,80.2397766113,64182,64192,10
12.9813699722,80.2401580811,64192,64202,10
12.9813804626,80.2404327393,64202,64212,10
12.9813804626,80.2408294678,64212,64222,10
12.9813899994,80.2414016724,64222,64232,10
12.9813899994,80.2420272827,64232,64242,10
12.9813899994,80.2423706055,64242,64252,10
12.9813899994,80.2423782349,64252,64262,10
12.9813804626,80.2425079346,64262,64272,10
12.9813899994,80.2428207397,64272,64282,10
12.9813804626,80.2433013916,64282,64292,10
12.9813203812,80.2439193726,64292,64303,11
12.9812097549,80.2448272705,64303,64313,10
12.9811096191,80.2457427979,64313,64323,10
12.9809999466,80.2468185425,64323,64339,16
12.9808301926,80.2487411499,64339,64351,12
12.9806203842,80.2502593994,64351,64361,10
12.9803495407,80.2512588501,64361,64371,10
12.9801702499,80.2520828247,64371,64381,10
12.9801702499,80.2520904541,64381,64391,10
12.9801397324,80.2521286011,64391,64401,10
12.9800796509,80.2523727417,64401,64442,41
12.9800796509,80.2523727417,64442,64452,10
12.9802799225,80.2526168823,64452,64462,10
12.9806995392,80.2526626587,64462,64472,10
12.9813404083,80.2526397705,64472,64482,10
12.9819402695,80.2526168823,64482,64543,61
12.9819402695,80.2526168823,64543,64553,10
12.9826803207,80.252571106,64553,64684,131
12.9826803207,80.252571106,64684,64694,10
12.9830503464,80.2525634766,64694,64704,10
12.9833698273,80.2525100708,64704,64714,10
12.9837598801,80.2524337769,64714,64724,10
12.9843301773,80.2522735596,64724,64734,10
12.9846200943,80.2522125244,64734,64744,10
12.985039711,80.2520904541,64744,64754,10
12.9856700897,80.2519226074,64754,64765,11
12.9864797592,80.2517318726,64765,64775,10
12.987159729,80.2515563965,64775,64785,10
12.9876203537,80.2514266968,64785,64795,10
12.9879302979,80.2517318726,64795,64805,10
12.9880504608,80.2523269653,64805,64815,10
12.9880399704,80.2525177002,64815,64825,10
12.9879999161,80.2528915405,64825,64835,10
12.9879198074,80.253616333,64835,64845,10
12.9878902435,80.2540969849,64845,64906,61
12.9878902435,80.2540969849,64906,64916,10
12.9878902435,80.2543411255,64916,64926,10
12.9878396988,80.2547531128,64926,64936,10
12.9877700806,80.2553405762,64936,64946,10
12.9877004623,80.2558364868,64946,64956,10
12.9876403809,80.2563400269,64956,64966,10
12.9876403809,80.256362915,64966,64976,10
12.9876403809,80.256477356,64976,64986,10
12.9875802994,80.2569503784,64986,64997,11
12.9875202179,80.2577285767,64997,65007,10
12.9874601364,80.2584991455,65007,65017,10
12.9873104095,80.2594833374,65017,65037,20
12.9873104095,80.2594833374,65037,65047,10
12.987279892,80.2595596313,65047,65067,20
12.987279892,80.2595596313,65067,65077,10
12.9870195389,80.2595977783,65077,65087,10
12.9867696762,80.2595825195,65087,65097,10
12.986579895,80.2593231201,65097,65107,10
12.986749649,80.2591323853,65107,66459,1352
12.986749649,80.2591323853,66459,66469,10
12.9868402481,80.2591171265,66469,66560,91
12.9868402481,80.2591171265,66560,66570,10
12.9871902466,80.2591629028,66570,66580,10
12.9873399734,80.2591094971,66580,66590,10
12.9873504639,80.2589569092,66590,66600,10
12.9873600006,80.2586288452,66600,66610,10
12.9873895645,80.2582626343,66610,66620,10
12.9874095917,80.2577514648,66620,66631,11
12.9874601364,80.2570419312,66631,66641,10
12.9875001907,80.2565612793,66641,66782,141
12.9875001907,80.2565612793,66782,66792,10
12.9875898361,80.2563400269,66792,66802,10
12.9875602722,80.2561569214,66802,66812,10
12.9876003265,80.2557830811,66812,66822,10
12.9876699448,80.2553482056,66822,66832,10
12.9876804352,80.2550888062,66832,66842,10
12.9876804352,80.2549591064,66842,66852,10
12.9877004623,80.2548904419,66852,66863,11
12.9877300262,80.2544326782,66863,66873,10
12.9877595901,80.2538223267,66873,66883,10
12.9878396988,80.2529983521,66883,66893,10
12.9878797531,80.2523574829,66893,67064,171
12.9878797531,80.2523574829,67064,67074,10
12.9878797531,80.2521514893,67074,67084,10
12.987830162,80.2518768311,67084,67095,11
12.9877004623,80.2516784668,67095,67115,20
12.9877004623,80.2516784668,67115,67125,10
12.9874000549,80.2516479492,67125,67135,10
12.9872102737,80.2516708374,67135,67145,10
12.986989975,80.2517166138,67145,67155,10
12.9865999222,80.2518234253,67155,67165,10
12.9860601425,80.2519378662,67165,67175,10
12.9853496552,80.2521209717,67175,67185,10
12.9845399857,80.2523498535,67185,67195,10
12.9837903976,80.2525482178,67195,67205,10
12.9831695557,80.2526779175,67205,67216,11
12.9823102951,80.2527389526,67216,67226,10
12.9814395905,80.252746582,67226,67236,10
12.9807395935,80.2527618408,67236,67246,10
12.980389595,80.2527618408,67246,67256,10
12.980099678,80.2527618408,67256,67266,10
12.9798803329,80.2526779175,67266,67276,10
12.9799003601,80.2522583008,67276,67306,30
12.9799003601,80.2522583008,67306,67316,10
12.9799098969,80.2521514893,67316,67326,10
12.9799804688,80.2518463135,67326,67337,11
12.9801397324,80.2514038086,67337,67347,10
12.9803199768,80.2508010864,67347,67357,10
12.980509758,80.2501068115,67357,67367,10
12.9806404114,80.2493667603,67367,67377,10
12.9806900024,80.2486572266,67377,67387,10
12.9807500839,80.2478790283,67387,67397,10
12.980799675,80.2470474243,67397,67407,10
12.9808702469,80.2461776733,67407,67417,10
12.980890274,80.2457199097,67417,67468,51
12.980890274,80.2457199097,67468,67478,10
12.980919838,80.2455596924,67478,67569,91
12.980919838,80.2455596924,67569,67579,10
12.9809598923,80.2452163696,67579,67710,131
12.9809999466,80.2448196411,67710,67770,60
12.9810600281,80.2444381714,67770,67871,101
12.9811201096,80.2440490723,67871,67911,40
12.9811201096,80.2440490723,67911,67922,11
12.9811897278,80.2437591553,67922,67932,10
12.9812898636,80.243560791,67932,67942,10
12.9812698364,80.2433700562,67942,67962,20
12.9812698364,80.2433700562,67962,67972,10
12.9812602997,80.2433166504,67972,67982,10
12.9812898636,80.2428817749,67982,68012,30
12.9812898636,80.2428817749,68012,68022,10
12.9813203812,80.2425918579,68022,68033,11
12.981300354,80.2421112061,68033,68043,10
12.9813098907,80.2415313721,68043,68053,10
12.981300354,80.2408218384,68053,68063,10
12.9812803268,80.2400436401,68063,68073,10
12.9812602997,80.2393417358,68073,68285,212
12.9812602997,80.2393417358,68285,68295,10
12.981180191,80.2387466431,68295,68325,30
12.9811897278,80.2385787964,68325,68375,50
12.9811601639,80.2384185791,68375,68436,61
12.9811601639,80.2384185791,68436,68446,10
12.9811897278,80.2379608154,68446,68497,51
12.981180191,80.2377090454,68497,68537,40
12.981180191,80.2377090454,68537,68547,10
12.9811496735,80.237487793,68547,68557,10
12.9811496735,80.237411499,68557,68567,10
12.9811496735,80.237121582,68567,68638,71
12.9811496735,80.2369232178,68638,68658,20
12.9811496735,80.2367935181,68658,68688,30
12.9811496735,80.2367935181,68688,68698,10
12.9811496735,80.236618042,68698,68708,10
12.9811401367,80.2365112305,68708,68749,41
12.9811401367,80.2365112305,68749,68759,10
12.9811201096,80.2362823486,68759,68769,10
12.9811201096,80.2361068726,68769,68789,20
12.9811201096,80.2361068726,68789,68799,10
12.9811000824,80.2358627319,68799,68809,10
12.9811000824,80.2356796265,68809,68819,10
12.9811000824,80.235496521,68819,68870,51
12.9811000824,80.235496521,68870,68880,10
12.981089592,80.2351989746,68880,68910,30
12.981089592,80.2351989746,68910,68920,10
12.981089592,80.2350234985,68920,68930,10
12.9811000824,80.2349624634,68930,68940,10
12.981089592,80.2348098755,68940,68950,10
12.981089592,80.2347564697,68950,68960,10
12.9811000824,80.2346420288,68960,68971,11
12.9811096191,80.2345962524,68971,68981,10
12.9811601639,80.2343215942,68981,69021,40
12.9811601639,80.2343215942,69021,69031,10
12.9812498093,80.2340621948,69031,69061,30
12.9812498093,80.2340621948,69061,69071,10
12.9813604355,80.2338485718,69071,69082,11
12.9814300537,80.2337036133,69082,69132,50
12.981590271,80.2333297729,69132,69152,20
12.981590271,80.2333297729,69152,69162,10
12.9816198349,80.2332687378,69162,69172,10
12.9816904068,80.2331314087,69172,69182,10
12.9817304611,80.2330627441,69182,69193,11
12.9818201065,80.2328414917,69193,69203,10
12.9819097519,80.2325515747,69203,69233,30
12.9819097519,80.2325515747,69233,69243,10
12.9819402695,80.2322387695,69243,69253,10
12.9819202423,80.2320709229,69253,69263,10
12.9819097519,80.2317123413,69263,69273,10
12.9818401337,80.2312393188,69273,69283,10
12.9816398621,80.230758667,69283,69293,10
12.9813404083,80.23021698,69293,69303,10
12.9809703827,80.2296295166,69303,69314,11
12.9807300568,80.2292175293,69314,69324,10
12.9806098938,80.2290420532,69324,69334,10
12.9806003571,80.2290420532,69334,69344,10
12.9805402756,80.2289962769,69344,69354,10
12.9803800583,80.2287063599,69354,69364,10
12.9802303314,80.2283477783,69364,69374,10
12.9800395966,80.2279968262,69374,69384,10
12.9797201157,80.2274932861,69384,69394,10
12.9793195724,80.2268371582,69394,69404,10
12.9789104462,80.2261581421,69404,69414,10
12.9784803391,80.2254562378,69414,69424,10
12.9781198502,80.2248687744,69424,69435,11
12.9779195786,80.224609375,69435,69445,10
12.977689743,80.2242584229,69445,69455,10
12.9774303436,80.2238082886,69455,69465,10
12.9772100449,80.2234191895,69465,69475,10
12.9771099091,80.2232513428,69475,69485,10
12.9769897461,80.2230682373,69485,69495,10
12.9768400192,80.2227935791,69495,69535,40
12.9765996933,80.2225036621,69535,69592,57
12.9764204025,80.2222213745,69592,69665,73
12.9764204025,80.2222213745,69665,69675,10
12.9762897491,80.2219085693,69675,69715,40
12.9762897491,80.2219085693,69715,69725,10
12.9760303497,80.2215499878,69725,69735,10
12.9757204056,80.2211990356,69735,69775,40
12.9755296707,80.2210083008,69775,69937,162
12.9755296707,80.2210083008,69937,69947,10
12.9752702713,80.2207336426,69947,69957,10
12.9752397537,80.2205963135,69957,69967,10
12.975399971,80.2204666138,69967,69977,10
12.975689888,80.2202529907,69977,69987,10
12.9761800766,80.2200317383,69987,69997,10
12.9766798019,80.2198104858,69997,70007,10
12.9775495529,80.2194595337,70007,70018,11
12.9783802032,80.2191162109,70018,70028,10
12.9788703918,80.2189331055,70028,70038,10
12.9794998169,80.2186889648,70038,70048,10
12.9801197052,80.2184295654,70048,70058,10
12.9807395935,80.2182235718,70058,70068,10
12.981470108,80.2179718018,70068,70078,10
12.9820604324,80.217880249,70078,70088,10
12.9821901321,80.217880249,70088,70108,20
12.9821901321,80.217880249,70108,70118,10
12.9823999405,80.2179031372,70118,70129,11
12.9828996658,80.2179107666,70129,70139,10
12.9837999344,80.217880249,70139,70169,30
12.9837999344,80.217880249,70169,70179,10
12.9839801788,80.217880249,70179,70189,10
12.9844303131,80.217880249,70189,70199,10
12.9850702286,80.217880249,70199,70209,10
12.9858398438,80.2179412842,70209,70219,10
12.9865102768,80.2181015015,70219,70229,10
12.9869804382,80.2182312012,70229,70239,10
12.9872598648,80.21824646,70239,70250,11
12.9873600006,80.2182693481,70250,70260,10
12.9874000549,80.2182693481,70260,70271,11
12.9878101349,80.2183837891,70271,70281,10
12.9884195328,80.2185211182,70281,70291,10
12.9891700745,80.2187271118,70291,70301,10
12.9896402359,80.2189102173,70301,70311,10
12.9901399612,80.2190704346,70311,70321,10
12.9907598495,80.2192687988,70321,70331,10
12.9914598465,80.2194595337,70331,70341,10
12.9918298721,80.2193374634,70341,70350,9
12.9922103882,80.2190704346,70350,70361,11
12.9928302765,80.2186279297,70361,70372,11
12.9935102463,80.2181091309,70372,70382,10
12.9940500259,80.2177200317,70382,70392,10
12.9941196442,80.2176589966,70392,70402,10
12.9943704605,80.2174835205,70402,70412,10
12.994720459,80.2172164917,70412,70422,10
12.9950895309,80.2169799805,70422,70432,10
12.9955797195,80.2167434692,70432,70442,10
12.9960899353,80.2166137695,70442,70452,10
12.9963302612,80.2165679932,70452,70462,10
12.9967403412,80.2165222168,70462,70472,10
12.997130394,80.2164535522,70472,70483,11
12.9974498749,80.2161407471,70483,70503,20
12.9974498749,80.2161407471,70503,70513,10
12.9975795746,80.2160415649,70513,70523,10
12.9978904724,80.2157669067,70523,70533,10
12.9982995987,80.2154083252,70533,70543,10
12.9988203049,80.2149734497,70543,70553,10
12.9991703033,80.2146606445,70553,70563,10
12.9995203018,80.2143630981,70563,70573,10
12.9998998642,80.2140426636,70573,70583,10
13.0003900528,80.2135925293,70583,70594,11
13.0008802414,80.2131576538,70594,70604,10
13.0013399124,80.2128219604,70604,70614,10
13.0018701553,80.2124404907,70614,70624,10
13.0023603439,80.2121582031,70624,70634,10
13.002820015,80.212097168,70634,70644,10
13.0031604767,80.2120819092,70644,70654,10
13.0036001205,80.2119216919,70654,70684,30
13.0036001205,80.2119216919,70684,70694,10
13.0036697388,80.2117614746,70694,70704,10
13.0036497116,80.2113418579,70704,70715,11
13.0035800934,80.2107772827,70715,70725,10
13.0035200119,80.2103271484,70725,70735,10
13.0034704208,80.2098693848,70735,70745,10
13.003490448,80.2093963623,70745,70755,10
13.0036096573,80.2088470459,70755,70765,10
13.0041799545,80.2087402344,70765,70775,10
13.0049200058,80.2090682983,70775,70785,10
13.0057001114,80.2093963623,70785,70795,10
13.0062799454,80.209602356,70795,70805,10
13.0068702698,80.209777832,70805,70815,10
13.0071296692,80.2098236084,70815,70826,11
13.0074100494,80.2098464966,70826,70856,30
13.0074100494,80.2098464966,70856,70866,10
13.0077199936,80.2099304199,70866,70876,10
13.0080900192,80.2099990845,70876,70886,10
13.0081501007,80.2098388672,70886,70896,10
13.0080404282,80.2093811035,70896,70906,10
13.0079298019,80.2087402344,70906,70916,10
13.0078201294,80.2080230713,70916,70926,10
13.0076999664,80.2072677612,70926,70936,10
13.0075998306,80.2066192627,70936,70947,11
13.0074996948,80.2058792114,70947,70957,10
13.0074596405,80.205291748,70957,70967,10
13.0074596405,80.2048416138,70967,70977,10
13.0074501038,80.2043991089,70977,70987,10
13.0074195862,80.2039031982,70987,70997,10
13.0073003769,80.2032012939,70997,71007,10
13.0069599152,80.2025680542,71007,71017,10
13.0065097809,80.202796936,71017,71027,10
13.0065803528,80.2032394409,71027,71037,10
13.0069599152,80.2034988403,71037,71047,10
13.0074501038,80.2036819458,71047,71057,10
13.0080404282,80.2037277222,71057,71068,11
13.0088996887,80.2036819458,71068,71078,10
13.0098495483,80.20362854,71078,71088,10
13.010840416,80.2036590576,71088,71098,10
13.0117301941,80.2037582397,71098,71108,10
13.0130796432,80.2040100098,71108,71156,48
13.0130796432,80.2040100098,71156,71166,10
13.0133199692,80.2041091919,71166,71176,10
13.0136899948,80.2042312622,71176,71187,11
13.0141296387,80.2043609619,71187,71197,10
13.0142602921,80.2043762207,71197,71207,10
13.014550209,80.2044906616,71207,71216,9
13.0150499344,80.2046890259,71216,71237,21
13.0150499344,80.2046890259,71237,71247,10
13.0153198242,80.2047805786,71247,71257,10
13.0158004761,80.2048568726,71257,71287,30
13.0158004761,80.2048568726,71287,71298,11
13.0160903931,80.2050628662,71298,71308,10
13.0162000656,80.2051315308,71308,71318,10
13.0164003372,80.205116272,71318,71328,10
13.0165901184,80.2051010132,71328,71338,10
13.0167703629,80.205078125,71338,71348,10
13.0169801712,80.2052078247,71348,71358,10
13.0174503326,80.2054595947,71358,71368,10
13.017660141,80.2055282593,71368,71378,10
13.0178203583,80.2056121826,71378,71388,10
13.0182199478,80.2057723999,71388,71398,10
13.0186395645,80.205909729,71398,71414,16
13.0186500549,80.2059020996,71414,71427,13
13.0188903809,80.2060012817,71427,71437,10
13.0193595886,80.2061462402,71437,71447,10
13.019949913,80.2062530518,71447,71457,10
13.0206899643,80.2062606812,71457,71467,10
13.0214595795,80.2062606812,71467,71476,9
13.02202034,80.2062988281,71476,71488,12
13.0227804184,80.2063980103,71488,71498,10
13.0235004425,80.2065200806,71498,71508,10
13.0240802765,80.2066116333,71508,71518,10
13.0242004395,80.2066421509,71518,71528,10
13.0243997574,80.206703186,71528,71539,11
13.0249500275,80.2068405151,71539,71549,10
13.0256996155,80.2071304321,71549,71559,10
13.0263996124,80.2075195313,71559,71569,10
13.0271196365,80.2079620361,71569,71589,20
13.028380394,80.2085571289,71589,71601,12
13.0289096832,80.2086868286,71601,71611,10
13.0293197632,80.2087783813,71611,71621,10
13.0298595428,80.2088775635,71621,71641,20
13.0298595428,80.2088775635,71641,71651,10
13.0299797058,80.2089233398,71651,71662,11
13.0304403305,80.2090606689,71662,71672,10
13.0310201645,80.2092208862,71672,71682,10
13.0315103531,80.2093887329,71682,71692,10
13.0315198898,80.2093887329,71692,71702,10
13.0316095352,80.2093734741,71702,71712,10
13.0319404602,80.2094497681,71712,71722,10
13.0326004028,80.2095870972,71722,71731,9
13.0331802368,80.2097167969,71731,71742,11
13.0340995789,80.2099227905,71742,71752,10
13.0347995758,80.2100982666,71752,71763,11
13.0350503922,80.2102813721,71763,71773,10
13.0350198746,80.2105636597,71773,71783,10
13.0349998474,80.2112426758,71783,71823,40
13.0349998474,80.2112426758,71823,71833,10
13.0348901749,80.2117614746,71833,71853,20
13.0348901749,80.2117614746,71853,71862,9
13.0348701477,80.2119903564,71862,71873,11
13.0349397659,80.2121810913,71873,71884,11
13.0352497101,80.2122268677,71884,71894,10
13.0357599258,80.2122497559,71894,71904,10
13.0363798141,80.2123031616,71904,71914,10
13.0370998383,80.2123031616,71914,71924,10
13.0377902985,80.2123031616,71924,71934,10
13.0385398865,80.212272644,71934,71944,10
13.0395002365,80.2122192383,71944,72235,291
13.0398397446,80.2123031616,72235,72255,20
13.0398397446,80.2123031616,72255,72265,10
13.0400800705,80.2122421265,72265,72275,10
13.0402803421,80.2122421265,72275,72285,10
13.0406198502,80.2122497559,72285,72295,10
13.0409097672,80.2122421265,72295,72305,10
13.0413103104,80.2122192383,72305,72315,10
13.0418100357,80.2122421265,72315,72436,121
13.042090416,80.2121582031,72436,72648,212
13.042090416,80.2121582031,72648,72658,10
13.0423202515,80.2122573853,72658,72668,10
13.0426702499,80.2122497559,72668,72678,10
13.0431699753,80.2122421265,72678,72688,10
13.0441904068,80.2122268677,72688,72699,11
13.0441904068,80.2122268677,72699,72709,10
13.0446996689,80.2122497559,72709,72719,10
13.0453195572,80.2122421265,72719,72729,10
13.0460300446,80.2122192383,72729,72739,10
13.0466499329,80.2121963501,72739,72749,10
13.0472602844,80.2121582031,72749,72759,10
13.0479898453,80.2120819092,72759,72780,21
13.0479898453,80.2120819092,72780,72790,10
13.0480899811,80.212059021,72790,72800,10
13.0485801697,80.2119903564,72800,72871,71
13.0485801697,80.2119903564,72871,72881,10
13.0488796234,80.2119216919,72881,72891,10
13.0490903854,80.2119216919,72891,72901,10
13.0492601395,80.2119064331,72901,72911,10
13.0496196747,80.2119216919,72911,72932,21
13.0496196747,80.2119216919,72932,72942,10
13.0499696732,80.2118988037,72942,72952,10
13.0502300262,80.2119369507,72952,72962,10
13.0505399704,80.2119827271,72962,72972,10
13.0509500504,80.2120437622,72972,72982,10
13.0516996384,80.2120513916,72982,72992,10
13.0524597168,80.2119064331,72992,73002,10
13.0531797409,80.2117385864,73002,73012,10
13.0542898178,80.21144104,73012,73053,41
13.0542898178,80.21144104,73053,73063,10
13.0544595718,80.2114028931,73063,73073,10
13.0548496246,80.2114028931,73073,73083,10
13.0554800034,80.2114105225,73083,73093,10
13.0562896729,80.2114334106,73093,73103,10
13.0572299957,80.2114181519,73103,73113,10
13.0577297211,80.2114028931,73113,73123,10
13.0578203201,80.2113876343,73123,73133,10
13.0582895279,80.2114181519,73133,73143,10
13.0587396622,80.2114334106,73143,73153,10
13.0592498779,80.2114562988,73153,73164,11
13.0600595474,80.2115020752,73164,73174,10
13.0609197617,80.2115478516,73174,73184,10
13.0616102219,80.2116088867,73184,73194,10
13.0622396469,80.2115707397,73194,73204,10
13.0629997253,80.211517334,73204,73214,10
13.0631399155,80.2115020752,73214,73224,10
13.0632896423,80.2115020752,73224,73234,10
13.0637798309,80.2114868164,73234,73244,10
13.0643501282,80.2114028931,73244,73254,10
13.0651197433,80.2109985352,73254,73264,10
13.0657901764,80.2104721069,73264,73274,10
13.0664396286,80.2099075317,73274,73284,10
13.0670499802,80.2091827393,73284,73295,11
13.067609787,80.2083129883,73295,73305,10
13.0681600571,80.2074508667,73305,73314,9
13.0686702728,80.2066574097,73314,73325,11
13.0690402985,80.2060470581,73325,73335,10
13.0691204071,80.2059402466,73335,73345,10
13.0691995621,80.2057876587,73345,73355,10
13.0692796707,80.2056732178,73355,73365,10
13.0694303513,80.205406189,73365,73375,10
13.0695800781,80.2051773071,73375,73385,10
13.0696401596,80.2050476074,73385,73396,11
13.0695104599,80.2048721313,73396,73406,10
13.0691795349,80.2049789429,73406,73416,10
13.0688800812,80.2053833008,73416,73426,10
13.0685100555,80.2053222656,73426,73436,10
13.0680303574,80.2052993774,73436,73983,547
13.0681495667,80.2049865723,73983,74003,20
13.0681495667,80.2049865723,74003,74013,10
13.0683097839,80.2049789429,74013,74023,10
13.0684995651,80.2049102783,74023,74033,10
13.0685501099,80.2048797607,74033,74043,10
13.0686798096,80.204826355,74043,74053,10
13.0690202713,80.2047729492,74053,74073,20
13.0690202713,80.2047729492,74073,74083,10
13.0691795349,80.2048034668,74083,74094,11
13.0695800781,80.2048721313,74094,74215,121
13.0695800781,80.2048721313,74215,74225,10
13.0697498322,80.2049636841,74225,74235,10
13.0698404312,80.2051620483,74235,74245,10
13.069849968,80.2051773071,74245,74255,10
13.0697097778,80.2054214478,74255,74265,10
13.0694303513,80.2058563232,74265,74275,10
13.0690603256,80.2064208984,74275,74285,10
13.0686302185,80.2071075439,74285,74295,10
13.0681600571,80.207862854,74295,74305,10
13.0677204132,80.2085723877,74305,74315,10
13.0673799515,80.2091598511,74315,74326,11
13.0670204163,80.209777832,74326,74336,10
13.0665102005,80.2102584839,74336,74346,10
13.0658998489,80.2107467651,74346,74356,10
13.065369606,80.2112121582,74356,74366,10
13.0653095245,80.2112731934,74366,74376,10
13.0651197433,80.2113571167,74376,74386,10
13.0648698807,80.211479187,74386,74396,10
13.0639801025,80.211769104,74396,74447,51
13.0639801025,80.211769104,74447,74457,10
13.063750267,80.211769104,74457,74467,10
13.0632896423,80.2117996216,74467,74477,10
13.0626602173,80.2118530273,74477,74487,10
13.0620498657,80.2117996216,74487,74497,10
13.0613498688,80.2117233276,74497,74507,10
13.0605096817,80.2117462158,74507,74517,10
13.0597000122,80.2117385864,74517,74527,10
13.058839798,80.2117233276,74527,74537,10
13.0582895279,80.2117004395,74537,74547,10
13.0577497482,80.2117004395,74547,74558,11
13.0576496124,80.2117233276,74558,74568,10
13.057390213,80.2117385864,74568,74578,10
13.0569000244,80.2117233276,74578,74588,10
13.0563001633,80.2117004395,74588,74598,10
13.0555896759,80.2116775513,74598,74608,10
13.0548601151,80.2116470337,74608,74618,10
13.054599762,80.2116775513,74618,74628,10
13.0544595718,80.2117080688,74628,74638,10
13.0540304184,80.2117767334,74638,74648,10
13.0534601212,80.2118911743,74648,74658,10
13.0527601242,80.212059021,74658,74668,10
13.0520496368,80.2122192383,74668,74679,11
13.0511598587,80.2122802734,74679,74689,10
13.0502195358,80.2123031616,74689,74757,68
13.0502195358,80.2123031616,74757,74767,10
13.0496397018,80.2122879028,74767,74808,41
13.0496397018,80.2122879028,74808,74818,10
13.0494699478,80.2121887207,74818,74828,10
13.0491695404,80.2121963501,74828,74838,10
13.0486898422,80.2122421265,74838,74848,10
13.0480804443,80.2122879028,74848,74858,10
13.047369957,80.2123718262,74858,74868,10
13.0465698242,80.2124023438,74868,74878,10
13.0456695557,80.2124404907,74878,74888,10
13.0445804596,80.2125015259,74888,75080,192
13.0445804596,80.2125015259,75080,75090,10
13.044260025,80.2125091553,75090,75100,10
13.0437402725,80.2125015259,75100,75110,10
13.0430402756,80.2124786377,75110,75120,10
13.0424604416,80.2124862671,75120,75130,10
13.0421199799,80.2124633789,75130,75141,11
13.041680336,80.2124633789,75141,75151,10
13.0410499573,80.2124404907,75151,75161,10
13.0402698517,80.2124633789,75161,75171,10
13.0394201279,80.2124786377,75171,75181,10
13.0385303497,80.2124710083,75181,75191,10
13.0379400253,80.2124786377,75191,75201,10
13.0378599167,80.2124862671,75201,75211,10
13.0377502441,80.2124710083,75211,75221,10
13.0373697281,80.2124481201,75221,75231,10
13.0368204117,80.2124099731,75231,75241,10
13.0362300873,80.2124023438,75241,75251,10
13.035369873,80.2124023438,75251,75272,21
13.035369873,80.2124023438,75272,75282,10
13.0352201462,80.2124099731,75282,75292,10
13.0348701477,80.2123718262,75292,75302,10
13.0345602036,80.2122879028,75302,75312,10
13.0342998505,80.2122421265,75312,75332,20
13.0342998505,80.2122421265,75332,75342,10
13.0340003967,80.2121887207,75342,75352,10
13.0335798264,80.2120819092,75352,75362,10
13.033080101,80.2119674683,75362,75373,11
13.032409668,80.2118682861,75373,75383,10
13.0319499969,80.2117614746,75383,75393,10
13.0319700241,80.2113265991,75393,75403,10
13.031999588,80.2107696533,75403,75413,10
13.0320501328,80.2101135254,75413,75423,10
13.0319595337,80.2097167969,75423,75433,10
13.0315704346,80.2096176147,75433,75443,10
13.0310201645,80.2094573975,75443,75453,10
13.0302600861,80.2092437744,75453,75483,30
13.0302600861,80.2092437744,75483,75494,11
13.0295295715,80.2090682983,75494,75514,20
13.0295295715,80.2090682983,75514,75524,10
13.029250145,80.2090072632,75524,75534,10
13.0286998749,80.2088470459,75534,75543,9
13.0281095505,80.2086486816,75543,75554,11
13.0274400711,80.2083511353,75554,75564,10
13.02684021,80.2079772949,75564,75574,10
13.0261697769,80.2075576782,75574,75584,10
13.0253696442,80.2071685791,75584,75594,10
13.0244503021,80.2070083618,75594,75605,11
13.0237903595,80.2068710327,75605,75615,10
13.0231399536,80.2067565918,75615,75625,10
13.0224103928,80.2066116333,75625,75635,10
13.0216703415,80.2065200806,75635,75645,10
13.0212097168,80.20652771,75645,75655,10
13.0205497742,80.2065582275,75655,75665,10
13.0198202133,80.2065505981,75665,75675,10
13.019109726,80.2064590454,75675,75685,10
13.0190296173,80.2064208984,75685,75695,10
13.0188703537,80.2063293457,75695,75705,10
13.0184297562,80.2061920166,75705,75715,10
13.017780304,80.2059783936,75715,75726,11
13.0171499252,80.2056884766,75726,75736,10
13.0165195465,80.2054595947,75736,75752,16
13.0152797699,80.205078125,75752,75764,12
13.0143499374,80.204788208,75764,75772,8
13.0142698288,80.2047424316,75772,75784,12
13.0141201019,80.2046813965,75784,75793,9
13.013759613,80.2045593262,75793,75805,12
13.0136098862,80.2045822144,75805,75815,10
13.0135498047,80.2047729492,75815,75825,10
13.0134401321,80.2050933838,75825,75835,10
13.0132799149,80.205581665,75835,75846,11
13.0130796432,80.206237793,75846,75855,9
13.013010025,80.2067871094,75855,75866,11
13.0129499435,80.2074737549,75866,75876,10
13.0128803253,80.2078475952,75876,75886,10
13.0128297806,80.2082595825,75886,75896,10
13.0128297806,80.2086486816,75896,75906,10
13.0129003525,80.2090988159,75906,75916,10
13.0130596161,80.2095870972,75916,75926,10
13.0131196976,80.2101669312,75926,75936,10
13.0130500793,80.2107009888,75936,75946,10
13.0128602982,80.2112731934,75946,75957,11
13.0125303268,80.2118606567,75957,75967,10
13.0121803284,80.2123794556,75967,75977,10
13.0118703842,80.2127990723,75977,75987,10
13.0116596222,80.2127914429,75987,75997,10
13.0113401413,80.212562561,75997,76007,10
13.010890007,80.2122192383,76007,76017,10
13.0104598999,80.2118835449,76017,76027,10
13.0099401474,80.211479187,76027,76128,101
13.0099401474,80.211479187,76128,76138,10
13.009469986,80.2111434937,76138,76189,51
13.009469986,80.2111434937,76189,76199,10
13.0091600418,80.2113418579,76199,76209,10
13.0091104507,80.2114181519,76209,76219,10
13.0089998245,80.2116088867,76219,76229,10
13.0090398788,80.2118606567,76229,76239,10
13.0091295242,80.2121505737,76239,76249,10
13.0092802048,80.2126235962,76249,76259,10
13.0094099045,80.2130203247,76259,76269,10
13.0095796585,80.213432312,76269,76279,10
13.0097703934,80.2138671875,76279,76289,10
13.0099401474,80.2142562866,76289,76299,10
13.0101099014,80.2147979736,76299,76310,11
13.010219574,80.2155303955,76310,76320,10
13.0103998184,80.2160797119,76320,76330,10
13.010720253,80.2167816162,76330,76340,10
13.0111503601,80.2176818848,76340,76350,10
13.0115098953,80.218711853,76350,76360,10
13.0118598938,80.2197265625,76360,76369,9
13.012140274,80.2206115723,76369,76380,11
13.0123901367,80.221496582,76380,76390,10
13.012720108,80.2220916748,76390,76401,11
13.013299942,80.2227401733,76401,76411,10
13.0138702393,80.2233581543,76411,76422,11
13.014289856,80.2239227295,76422,76432,10
13.0147399902,80.2244796753,76432,76442,10
13.0152797699,80.2250671387,76442,76452,10
13.0154800415,80.2255401611,76452,76462,10
13.0152702332,80.2258834839,76462,76472,10
13.014960289,80.2260131836,76472,76482,10
13.0147304535,80.2260894775,76482,76492,10
13.014289856,80.2262573242,76492,76502,10
13.0136899948,80.2264862061,76502,76512,10
13.0129804611,80.2267684937,76512,76522,10
13.0122203827,80.2270812988,76522,76532,10
13.0113801956,80.2274093628,76532,76543,11
13.0103998184,80.2278213501,76543,76553,10
13.0096597672,80.2279434204,76553,76563,10
13.0095701218,80.2274398804,76563,76572,9
13.0097904205,80.2269363403,76572,76583,11
13.0101203918,80.2261962891,76583,76593,10
13.0104103088,80.225479126,76593,76603,10
13.0107002258,80.2248077393,76603,76613,10
13.0109500885,80.2241287231,76613,76623,10
13.0111904144,80.2234802246,76623,76633,10
13.0112895966,80.2232284546,76633,76643,10
13.0111904144,80.2231063843,76643,76654,11
13.0108003616,80.2229385376,76654,76664,10
13.0102996826,80.2227096558,76664,76674,10
13.0097303391,80.2223968506,76674,76684,10
13.0090999603,80.2220611572,76684,76694,10
13.008480072,80.2217178345,76694,76704,10
13.0078296661,80.2213821411,76704,76714,10
13.0071601868,80.2210235596,76714,76724,10
13.0064296722,80.2206878662,76724,76734,10
13.0055704117,80.2204971313,76734,76744,10
13.0048904419,80.2203292847,76744,76754,10
13.0041904449,80.2201385498,76754,76764,10
13.0034198761,80.2200012207,76764,76775,11
13.0026903152,80.2197189331,76775,76785,10
13.0021800995,80.2192611694,76785,76795,10
13.0017795563,80.2188415527,76795,76805,10
13.0012798309,80.2184295654,76805,76815,10
13.0006999969,80.2180480957,76815,76825,10
13.0001096725,80.2176971436,76825,76835,10
12.9995098114,80.2173309326,76835,76845,10
12.9988002777,80.2169570923,76845,76855,10
12.9980401993,80.2166671753,76855,76865,10
12.9975404739,80.2165908813,76865,76896,31
12.9975404739,80.2165908813,76896,76906,10
12.9973201752,80.2165679932,76906,76916,10
12.9970598221,80.216583252,76916,76926,10
12.9966001511,80.2166137695,76926,76936,10
12.9960002899,80.2167129517,76936,76946,10
12.9952898026,80.2169418335,76946,76956,10
12.9947595596,80.2172775269,76956,76966,10
12.9942703247,80.217628479,76966,76976,10
12.9937400818,80.2180328369,76976,76986,10
12.9931697845,80.2184371948,76986,76996,10
12.9926595688,80.2188034058,76996,77007,11
12.9919595718,80.2193222046,77007,77017,10
12.9914398193,80.2195968628,77017,77027,10
12.9911298752,80.2194976807,77027,77037,10
12.9911203384,80.2194976807,77037,77047,10
12.990819931,80.2193908691,77047,77057,10
12.9903202057,80.2192077637,77057,77067,10
12.9896602631,80.2189865112,77067,77077,10
12.9888896942,80.2187194824,77077,77087,10
12.9880695343,80.2185134888,77087,77097,10
12.9868898392,80.2182998657,77097,77128,31
12.9868898392,80.2182998657,77128,77138,10
12.9865598679,80.2182235718,77138,77148,10
12.9860296249,80.2180709839,77148,77158,10
12.9852695465,80.2179718018,77158,77168,10
12.9844198227,80.2179870605,77168,77178,10
12.9840803146,80.2180023193,77178,77188,10
12.9840297699,80.2180023193,77188,77198,10
12.983710289,80.2179870605,77198,77208,10
12.9831600189,80.2180023193,77208,77218,10
12.9824199677,80.2180023193,77218,77228,10
12.9817199707,80.2180404663,77228,77238,10
12.9811201096,80.2181777954,77238,77249,11
12.9804296494,80.2183914185,77249,77259,10
12.9798297882,80.2186431885,77259,77269,10
12.9792604446,80.2188796997,77269,77279,10
12.9786996841,80.2191162109,77279,77289,10
12.9781198502,80.2193603516,77289,77299,10
12.9774103165,80.2196578979,77299,77309,10
12.9766397476,80.2199783325,77309,77319,10
12.9759502411,80.2202911377,77319,77563,244
12.9759502411,80.2202911377,77563,77573,10
12.9756097794,80.2203674316,77573,77584,11
12.9755001068,80.2205810547,77584,77594,10
12.9756698608,80.2209625244,77594,77604,10
12.9759902954,80.2212982178,77604,77614,10
12.976269722,80.2217102051,77614,77644,30
12.976269722,80.2217102051,77644,77654,10
12.976360321,80.2220077515,77654,77664,10
12.9765901566,80.2224273682,77664,77674,10
12.9769697189,80.2229766846,77674,77684,10
12.9773797989,80.2236404419,77684,77694,10
12.9778699875,80.2243728638,77694,77705,11
12.9781799316,80.224822998,77705,77715,10
12.9782104492,80.2248535156,77715,77725,10
12.9783697128,80.2251434326,77725,77735,10
12.9785499573,80.225402832,77735,77745,10
12.9786100388,80.2255172729,77745,77755,10
12.9787597656,80.225769043,77755,77765,10
12.9790296555,80.2262115479,77765,77781,16
12.9795503616,80.2270736694,77781,77793,12
12.9799804688,80.2277526855,77793,77801,8
12.9802999496,80.2282714844,77801,77813,12
12.980799675,80.229133606,77813,77824,11
12.9812498093,80.2298736572,77824,77834,10
12.9816303253,80.23046875,77834,77843,9
12.981710434,80.2305908203,77843,77854,11
12.981760025,80.2306518555,77854,77863,9
12.981880188,80.2309570313,77863,77873,10
12.9820203781,80.2315216064,77873,77884,11
12.982049942,80.2322387695,77884,77894,10
12.9819602966,80.232749939,77894,77904,10
12.9817304611,80.2333068848,77904,77914,10
12.9816102982,80.233581543,77914,77924,10
12.981590271,80.2336273193,77924,77935,11
12.9813804626,80.2340393066,77935,77945,10
12.9812202454,80.2347106934,77945,77955,10
12.9812202454,80.2355422974,77955,77965,10
12.9812602997,80.2364730835,77965,77975,10
12.9812803268,80.2375564575,77975,77985,10
12.981300354,80.2382736206,77985,77995,10
12.9813203812,80.2386779785,77995,78005,10
12.9813098907,80.2387237549,78005,78015,10
12.9813203812,80.2391433716,78015,78025,10
12.9813299179,80.2396621704,78025,78035,10
12.9813404083,80.2400131226,78035,78045,10
12.9813499451,80.2405929565,78045,78056,11
12.9813604355,80.2414093018,78056,78066,10
12.9813604355,80.2421417236,78066,78082,16
12.9813699722,80.2427902222,78082,78094,12
12.9813699722,80.2428970337,78094,78104,10
12.9813699722,80.243057251,78104,78114,10
12.9813699722,80.2434310913,78114,78124,10
12.9813299179,80.2438964844,78124,78134,10
12.9812402725,80.2446517944,78134,78144,10
12.9811296463,80.2454605103,78144,78154,10
12.9810304642,80.246383667,78154,78165,11
12.9809303284,80.2474975586,78165,78175,10
12.9808502197,80.2485733032,78175,78185,10
12.9807500839,80.2496109009,78185,78195,10
12.9805402756,80.2505569458,78195,78205,10
12.9802999496,80.2514877319,78205,78215,10
12.9800796509,80.2523574829,78215,78235,20
12.9800796509,80.2523574829,78235,78245,10
12.980099678,80.2525177002,78245,78255,10
12.9803199768,80.2526626587,78255,78265,10
12.9807796478,80.2526626587,78265,78275,10
12.9814395905,80.2526397705,78275,78286,11
12.9823198318,80.2526092529,78286,78376,90
12.9823198318,80.2526092529,78376,78386,10
12.9823799133,80.2525634766,78386,78397,11
12.9827899933,80.252532959,78397,78407,10
12.9833498001,80.2524795532,78407,78417,10
12.9838600159,80.2523727417,78417,78427,10
12.9843902588,80.2522277832,78427,78437,10
12.9845399857,80.2521896362,78437,78447,10
12.9846601486,80.252166748,78447,78457,10
12.9848299026,80.2521133423,78457,78467,10
12.9851303101,80.2520294189,78467,78477,10
12.9855804443,80.2518997192,78477,78487,10
12.9858798981,80.2518005371,78487,78699,212
12.9858798981,80.2518005371,78699,78709,10
12.9862604141,80.2516784668,78709,78719,10
12.9865198135,80.2516403198,78719,78729,10
12.9870004654,80.2515182495,78729,78739,10
12.9876699448,80.2513580322,78739,78750,11
12.9879398346,80.2517623901,78750,78760,10
12.9880399704,80.2524032593,78760,78770,10
12.9880199432,80.2527389526,78770,78780,10
12.9879798889,80.2529830933,78780,78790,10
12.9879302979,80.2535629272,78790,78800,10
12.9878501892,80.2543334961,78800,78810,10
12.9877700806,80.2548980713,78810,78861,51
12.9877700806,80.2548980713,78861,78871,10
12.9876804352,80.2549591064,78871,78881,10
12.987660408,80.2553634644,78881,78891,10
12.9876203537,80.2558822632,78891,78901,10
12.9875497818,80.2564926147,78901,78911,10
12.9875001907,80.2572021484,78911,78921,10
12.9874401093,80.2579498291,78921,78931,10
12.9874000549,80.2584075928,78931,78941,10
12.9873800278,80.2586593628,78941,78951,10
12.9872999191,80.2591171265,78951,78961,10
12.9872303009,80.2594299316,78961,78971,10
12.987159729,80.2595901489,78971,79022,51
12.987159729,80.2595901489,79022,79032,10
12.9866695404,80.2596206665,79032,80172,1140
12.9866695404,80.2596206665,80172,80182,10
12.9866304398,80.2595214844,80182,80192,10
12.986579895,80.2593002319,80192,80202,10
12.9866304398,80.2590713501,80202,80212,10
12.9868497849,80.2590408325,80212,80222,10
12.9871997833,80.2590789795,80222,80263,41
12.9871997833,80.2590789795,80263,80273,10
12.9873800278,80.258972168,80273,80283,10
12.9873800278,80.2586669922,80283,80313,30
12.9873800278,80.2586669922,80313,80323,10
12.9873600006,80.2585372925,80323,80333,10
12.9873600006,80.2583389282,80333,80343,10
12.9873800278,80.2580032349,80343,80353,10
12.9874095917,80.2574386597,80353,80363,10
12.9874601364,80.2567062378,80363,80374,11
12.9875001907,80.255821228,80374,80454,80
12.9875001907,80.255821228,80454,80464,10
12.9875297546,80.2557525635,80464,80474,10
12.9876499176,80.2554779053,80474,80484,10
12.9876899719,80.2549972534,80484,80495,11
12.9877004623,80.2548217773,80495,80505,10
12.987739563,80.2544021606,80505,80515,10
12.9877996445,80.2537384033,80515,80525,10
12.9878702164,80.2529067993,80525,80535,10
12.9878902435,80.2520370483,80535,80545,10
12.987660408,80.2515869141,80545,80555,10
12.9872598648,80.2516174316,80555,80565,10
12.986700058,80.2517318726,80565,80575,10
12.9859695435,80.2519226074,80575,80585,10
12.9850902557,80.2521591187,80585,80595,10
12.984120369,80.2524414063,80595,80605,10
12.9831399918,80.2526473999,80605,80616,11
12.9820804596,80.2527084351,80616,80626,10
12.9811601639,80.2527236938,80626,80636,10
12.9799995422,80.2527923584,80636,80716,80
12.9799995422,80.2527923584,80716,80727,11
12.9798297882,80.2526397705,80727,80737,10
12.9798402786,80.2525024414,80737,80747,10
12.9798698425,80.2522125244,80747,80757,10
12.9798803329,80.2521591187,80757,80767,10
12.9799699783,80.2518386841,80767,80777,10
12.9801502228,80.2512969971,80777,80787,10
12.9803695679,80.2505569458,80787,80797,10
12.9805698395,80.249786377,80797,80807,10
12.9806900024,80.2488937378,80807,80817,10
12.9807500839,80.2479324341,80817,80827,10
12.9808101654,80.2471237183,80827,80837,10
12.9809303284,80.2460479736,80837,80848,11
12.9810400009,80.244972229,80848,80858,10
12.9811296463,80.2441101074,80858,80868,10
12.9811496735,80.2438430786,80868,80878,10
12.9812097549,80.2436676025,80878,80888,10
12.9813098907,80.2434463501,80888,80898,10
12.9813203812,80.2429885864,80898,80908,10
12.9813404083,80.242767334,80908,80918,10
12.9813404083,80.242729187,80918,80928,10
12.9813499451,80.2423400879,80928,80938,10
12.9813404083,80.2417602539,80938,80948,10
12.9813299179,80.2410202026,80948,80958,10
12.9813203812,80.2403793335,80958,80969,11
12.981300354,80.239616394,80969,80979,10
12.9812803268,80.2388763428,80979,80989,10
12.9812602997,80.2380828857,80989,81005,16
12.9812297821,80.2371368408,81005,81017,12
12.9812097549,80.236289978,81017,81025,8
12.9811897278,80.2357406616,81025,81035,10
12.9811697006,80.2350234985,81035,81047,12
12.9812097549,80.2342376709,81047,81057,10
12.9815196991,80.2335205078,81057,81067,10
12.9816303253,80.2332687378,81067,81078,11
12.9817199707,80.2330932617,81078,81087,9
12.9817800522,80.2329406738,81087,81098,11
12.9818401337,80.2328186035,81098,81108,10
12.9819602966,80.2324676514,81108,81118,10
12.9819698334,80.2320022583,81118,81128,10
12.9819402695,80.2315063477,81128,81138,10
12.9818401337,80.2310562134,81138,81148,10
12.9816799164,80.230682373,81148,81158,10
12.9813995361,80.230178833,81158,81168,10
12.9810199738,80.2295684814,81168,81178,10
12.9807796478,80.2291870117,81178,81188,10
12.9806604385,80.2289886475,81188,81199,11
12.9804601669,80.2286682129,81199,81209,10
12.9802999496,80.2282867432,81209,81219,10
12.9800596237,80.2278823853,81219,81229,10
12.9796800613,80.2272720337,81229,81239,10
12.9792995453,80.2266387939,81239,81249,10
12.9788799286,80.2259368896,81249,81259,10
12.9784202576,80.2251815796,81259,81269,10
12.9780397415,80.2245788574,81269,81279,10
12.9778203964,80.2242965698,81279,81289,10
12.9775800705,80.2238922119,81289,81299,10
12.9772901535,80.2233963013,81299,81310,11
12.9769496918,80.2228012085,81310,81320,10
12.9766998291,80.2224273682,81320,81330,10
12.9763803482,80.2219009399,81330,81340,10
12.9760303497,80.2214202881,81340,81350,10
12.9757404327,80.2210769653,81350,81369,19
12.9757404327,80.2210769653,81369,81380,11
12.9756202698,80.2209320068,81380,81390,10
12.9753503799,80.2206878662,81390,81400,10
12.975399971,80.2204971313,81400,81410,10
12.9755802155,80.2203292847,81410,81420,10
12.9757995605,80.2201766968,81420,81431,11
12.9762897491,80.2199401855,81431,81441,10
12.9768600464,80.2197113037,81441,81451,10
12.977519989,80.2194290161,81451,81461,10
12.978219986,80.2191467285,81461,81471,10
12.9784803391,80.2190475464,81471,81481,10
12.9786996841,80.2190170288,81481,81491,10
12.9792098999,80.2188186646,81491,81507,16
12.9801301956,80.2184295654,81507,81519,12
12.9808397293,80.218170166,81519,81527,8
12.9813699722,80.2179794312,81527,81539,12
12.9822797775,80.2178421021,81539,81549,10
12.9830198288,80.2178192139,81549,81560,11
12.9837198257,80.2177886963,81560,81570,10
12.9837703705,80.2177810669,81570,81580,10
12.984120369,80.2177734375,81580,81590,10
12.9846401215,80.2177810669,81590,81600,10
12.9854202271,80.2177810669,81600,81610,10
12.9861097336,80.2179031372,81610,81621,11
12.9866800308,80.2180480957,81621,81631,10
12.9872598648,80.2181472778,81631,81641,10
12.9877595901,80.2182617188,81641,81651,10
12.9884004593,80.2183837891,81651,81662,11
12.9891395569,80.2186126709,81662,81672,10
12.9897203445,80.2188110352,81672,81682,10
12.9903402328,80.2190170288,81682,81692,10
12.9910802841,80.21925354,81692,81702,10
12.9916801453,80.219367981,81702,81712,10
12.9920597076,80.2191390991,81712,81722,10
12.992600441,80.2187576294,81722,81732,10
12.9931201935,80.2183837891,81732,81742,10
12.9936504364,80.2179718018,81742,81752,10
12.9940795898,80.2176513672,81752,81762,10
12.9944400787,80.217376709,81762,81772,10
12.9947395325,80.2171707153,81772,81783,11
12.9947500229,80.2171630859,81783,81793,10
12.9950304031,80.2169876099,81793,81803,10
12.9952602386,80.2168426514,81803,81813,10
12.9953603745,80.2167892456,81813,81823,10
12.9957199097,80.2166519165,81823,81833,10
12.9962997437,80.2165374756,81833,81843,10
12.9968996048,80.2164611816,81843,81853,10
12.9972000122,80.2163391113,81853,81863,10
12.9974098206,80.2161331177,81863,81873,10
12.9974803925,80.2160873413,81873,81883,10
12.9977703094,80.2158432007,81883,81894,11
12.9982500076,80.2154006958,81894,81904,10
12.998840332,80.2148971558,81904,81914,10
12.9991598129,80.2146911621,81914,81924,10
12.9995203018,80.2143783569,81924,81934,10
12.9999399185,80.214012146,81934,81943,9
13.0003795624,80.2136001587,81943,81954,11
13.0009098053,80.213142395,81954,81964,10
13.0013399124,80.2127990723,81964,81974,10
13.0018501282,80.2124328613,81974,81984,10
13.0024003983,80.2121429443,81984,81994,10
13.0029001236,80.212059021,81994,82004,10
13.0033302307,80.2120437622,82004,82015,11
13.0035495758,80.2119903564,82015,82025,10
13.0036401749,80.2118530273,82025,82035,10
13.0036497116,80.2114105225,82035,82045,10
13.0036096573,80.2107772827,82045,82061,16
13.0034999847,80.2097091675,82061,82073,12
13.0036201477,80.2089767456,82073,82081,8
13.0038499832,80.2086334229,82081,82093,12
13.0044298172,80.2088165283,82093,82103,10
13.0052995682,80.2091827393,82103,82112,9
13.006070137,80.2094497681,82112,82123,11
13.0068902969,80.2097015381,82123,82134,11
13.007399559,80.2098007202,82134,82154,20
13.007399559,80.2098007202,82154,82164,10
13.0077400208,80.2098770142,82164,82174,10
13.0081701279,80.2098999023,82174,82184,10
13.0081195831,80.2095336914,82184,82194,10
13.0080003738,80.2089614868,82194,82204,10
13.0078601837,80.2080764771,82204,82214,10
13.0077400208,80.2072219849,82214,82224,10
13.0075902939,80.2063522339,82224,82234,10
13.007519722,80.2054367065,82234,82245,11
13.0075101852,80.2046127319,82245,82255,10
13.0074701309,80.2040023804,82255,82265,10
13.0073795319,80.2032928467,82265,82275,10
13.0071001053,80.2025680542,82275,82285,10
13.0065402985,80.2027816772,82285,82295,10
13.0066795349,80.2032699585,82295,82305,10
13.0071697235,80.2035369873,82305,82315,10
13.0078401566,80.2036895752,82315,82325,10
13.008480072,80.2036895752,82325,82335,10
13.0093097687,80.2036437988,82335,82345,10
13.0103397369,80.2035903931,82345,82355,10
13.0114002228,80.2036590576,82355,82366,11
13.0125102997,80.2038574219,82366,82376,10
13.0133895874,80.2040634155,82376,82386,10
13.0140695572,80.2042770386,82386,82396,10
13.0148200989,80.2045593262,82396,82406,10
13.0156602859,80.2048416138,82406,82416,10
13.0162296295,80.2050704956,82416,82426,10
13.0168399811,80.2053070068,82426,82436,10
13.0175800323,80.2055130005,82436,82446,10
13.0183801651,80.2057571411,82446,82456,10
13.0187301636,80.2059020996,82456,82466,10
13.0188999176,80.2059707642,82466,82477,11
13.0194396973,80.2061462402,82477,82487,10
13.0201396942,80.2062530518,82487,82497,10
13.0209598541,80.2062606812,82497,82507,10
13.0218296051,80.2062606812,82507,82517,10
13.022649765,80.2063827515,82517,82527,10
13.0233898163,80.2065200806,82527,82537,10
13.0242900848,80.2066802979,82537,82547,10
13.0251197815,80.2068481445,82547,82557,10
13.0258798599,80.2071380615,82557,82567,10
13.0265598297,80.2075424194,82567,82577,10
13.0272502899,80.2079391479,82577,82587,10
13.0279197693,80.2083282471,82587,82598,11
13.0288095474,80.2086105347,82598,82608,10
13.0295801163,80.2088012695,82608,82618,10
13.0303297043,80.2090072632,82618,82628,10
13.031129837,80.2092285156,82628,82638,10
13.0318403244,80.2094192505,82638,82648,10
13.0319099426,80.2094802856,82648,82658,10
13.0323095322,80.2095870972,82658,82668,10
13.0329504013,80.2096862793,82668,82678,10
13.0336999893,80.2098312378,82678,82688,10
13.0344400406,80.2099761963,82688,82698,10
13.0349798203,80.2101364136,82698,82708,10
13.0350103378,80.2106018066,82708,82719,11
13.0349998474,80.21118927,82719,82729,10
13.0349798203,80.2113037109,82729,82745,16
13.0349197388,80.2116012573,82745,82757,12
13.0348901749,80.212059021,82757,82765,8
13.0351495743,80.2121963501,82765,82776,11
13.0357599258,80.2122268677,82776,82786,10
13.0364904404,80.212272644,82786,82798,12
13.0374403,80.2122879028,82798,82808,10
13.0382604599,80.212272644,82808,82818,10
13.0390996933,80.2122497559,82818,82827,9
13.0398302078,80.2122421265,82827,82839,12
13.0410499573,80.2122421265,82839,82849,10
13.041970253,80.212310791,82849,82859,10
13.0429401398,80.2123184204,82859,82869,10
13.043800354,80.2122497559,82869,82878,9
13.0443096161,80.2122268677,82878,82889,11
13.0449199677,80.2122268677,82889,82899,10
13.0456895828,80.2121963501,82899,82909,10
13.0465402603,80.2121810913,82909,82919,10
13.0473899841,80.2121429443,82919,82929,10
13.0481901169,80.212097168,82929,82939,10
13.0486698151,80.212020874,82939,82950,11
13.0486898422,80.2119979858,82950,82960,10
13.0488595963,80.2119598389,82960,82970,10
13.0493497849,80.2119293213,82970,82980,10
13.0495300293,80.2119216919,82980,82990,10
13.0499601364,80.2119216919,82990,83020,30
13.0499601364,80.2119216919,83020,83030,10
13.050239563,80.2119598389,83030,83040,10
13.0507297516,80.2120819092,83040,83049,9
13.0512895584,80.2120132446,83049,83061,12
13.0524597168,80.2119064331,83061,83071,10
13.0534000397,80.2116928101,83071,83081,10
13.0543003082,80.2114562988,83081,83091,10
13.0550098419,80.2114181519,83091,83101,10
13.0558395386,80.2113571167,83101,83111,10
13.0567998886,80.2114334106,83111,83121,10
13.0575399399,80.21144104,83121,83131,10
13.0576696396,80.21144104,83131,83141,10
13.058139801,80.21144104,83141,83151,10
13.0588102341,80.2114486694,83151,83161,10
13.0595703125,80.211517334,83161,83171,10
13.0604801178,80.2116012573,83171,83182,11
13.0614099503,80.2116165161,83182,83198,16
13.0625200272,80.2116088867,83198,83210,12
13.0631399155,80.2114868164,83210,83220,10
13.0633897781,80.2115020752,83220,83230,10
13.0639295578,80.2115020752,83230,83238,8
13.0644903183,80.2113876343,83238,83250,12
13.0652799606,80.2109603882,83250,83259,9
13.0659198761,80.2104187012,83259,83270,11
13.0666103363,80.2098007202,83270,83280,10
13.0671195984,80.2091217041,83280,83291,11
13.0676202774,80.2082824707,83291,83302,11
13.068189621,80.2074203491,83302,83312,10
13.0686998367,80.2066802979,83312,83322,10
13.0691604614,80.2059783936,83322,83332,10
13.0696601868,80.205078125,83332,83351,19
13.0696601868,80.205078125,83351,83362,11
13.0696201324,80.2048873901,83362,83372,10
13.0693302155,80.2048416138,83372,83382,10
13.0689601898,80.2050628662,83382,83392,10
13.0686597824,80.2052764893,83392,83402,10
13.0684204102,80.2052764893,83402,83413,11
13.0679702759,80.2052230835,83413,83473,60
13.0679702759,80.2052230835,83473,83483,10
13.0682296753,80.2049636841,83483,83645,162
13.0682296753,80.2049636841,83645,83655,10
13.0683803558,80.2049179077,83655,83665,10
13.0686197281,80.2048416138,83665,83675,10
13.0690002441,80.2047424316,83675,83685,10
13.069270134,80.2047424316,83685,83695,10
13.069439888,80.2047729492,83695,83705,10
13.0696496964,80.2048187256,83705,83715,10
13.0698204041,80.2049713135,83715,83725,10
13.0697898865,80.2052078247,83725,83735,10
13.0694999695,80.205657959,83735,83745,10
13.0691099167,80.2062683105,83745,83754,9
13.0687398911,80.2068786621,83754,83766,12
13.0682201385,80.2077407837,83766,83776,10
13.0677995682,80.2083892822,83776,83786,10
13.0673799515,80.2090606689,83786,83796,10
13.0669403076,80.2097091675,83796,83806,10
13.0663795471,80.2102203369,83806,83816,10
13.0658597946,80.2106628418,83816,83826,10
13.0652999878,80.2110977173,83826,83836,10
13.0647001266,80.2114715576,83836,83846,10
13.064040184,80.2116775513,83846,83856,10
13.0634498596,80.2117462158,83856,83866,10
13.0627698898,80.2117767334,83866,83877,11
13.06208992,80.2117614746,83877,83887,10
13.06153965,80.2116928101,83887,83897,10
13.0606203079,80.2116928101,83897,83906,9
13.0598697662,80.2116775513,83906,83917,11
13.0590600967,80.2116317749,83917,83927,10
13.0582199097,80.2116088867,83927,83937,10
13.0574598312,80.2115783691,83937,83947,10
13.0566997528,80.2115631104,83947,83957,10
13.0559301376,80.2115631104,83957,83967,10
13.0551700592,80.2115631104,83967,83977,10
13.0545396805,80.2115707397,83977,83987,10
13.0543699265,80.2116012573,83987,83998,11
13.0538396835,80.2117233276,83998,84008,10
13.0531902313,80.2118606567,84008,84018,10
13.0525197983,80.2120513916,84018,84028,10
13.0518398285,80.2122192383,84028,84038,10
13.0511398315,80.2121963501,84038,84048,10
13.0505399704,80.2121963501,84048,84058,10
13.0498399734,80.2120895386,84058,84108,50
13.0498399734,80.2120895386,84108,84119,11
13.049779892,80.211730957,84119,84129,10
13.0497102737,80.2112503052,84129,84139,10
13.0496301651,80.2108001709,84139,84149,10
13.0496101379,80.2104415894,84149,84159,10
13.0495195389,80.2098236084,84159,84169,10
13.0494203568,80.2091217041,84169,84179,10
13.0492601395,80.2083816528,84179,84189,10
13.0490598679,80.2077636719,84189,84199,10
13.0488595963,80.2071609497,84199,84209,10
13.0488901138,80.2068328857,84209,84218,9
13.0491104126,80.206817627,84218,84221,3
13.0491104126,80.2068328857,84221,84308,87
13.0495004654,80.2068634033,84308,84338,30
13.0495004654,80.2068634033,84338,84349,11
13.0498600006,80.2068862915,84349,84360,11
13.0503902435,80.2069015503,84360,84420,60
13.0503902435,80.2069015503,84420,84429,9
13.0507097244,80.2070465088,84429,84501,72
13.0508003235,80.206993103,84501,84736,235
13.0508003235,80.206993103,84736,84746,10
13.0509500504,80.2071685791,84746,84756,10
13.050620079,80.2071609497,84756,84766,10
13.0503902435,80.2068481445,84766,84796,30
13.0503902435,80.2068481445,84796,84807,11
13.0501003265,80.2069168091,84807,84837,30
13.049949646,80.2070236206,84837,84968,131
13.0498504639,80.2072067261,84968,85180,212
13.0500001907,80.2071228027,85180,85634,454
13.0500001907,80.2071228027,85634,85644,10
13.0501003265,80.2069625854,85644,85886,242
13.0499401093,80.2071075439,85886,85987,101
