13.0756902695,80.275352478,12,547,535
13.0755796432,80.2754592896,547,1183,636
13.0755500793,80.2754211426,1183,3404,2221
13.0756397247,80.2754516602,3404,4030,626
13.0755701065,80.275352478,4030,5787,1757
13.0755701065,80.275352478,5787,5797,10
13.0756502151,80.2755203247,5797,5999,202
13.0756101608,80.2754364014,5999,7574,1575
13.075460434,80.2753295898,7574,7797,223
13.0756196976,80.2754364014,7797,13512,5715
13.0756196976,80.2754364014,13512,13522,10
13.0756797791,80.2753219604,13522,13865,343
13.0755996704,80.2751998901,13865,14188,323
13.075630188,80.2753829956,14188,15915,1727
13.0755901337,80.2753295898,15915,17914,1999
13.0755796432,80.275390625,17914,18429,515
13.0755996704,80.2754211426,18429,20186,1757
13.0754804611,80.2753982544,20186,20762,576
13.0755996704,80.2753677368,20762,22650,1888
13.0755996704,80.2753677368,22650,22660,10
13.0758495331,80.2754821777,22660,22701,41
13.0758495331,80.2754821777,22701,22711,10
13.0759801865,80.2757110596,22711,22741,30
13.0759801865,80.2757110596,22741,22751,10
13.0759601593,80.2760925293,22751,22761,10
13.0761499405,80.2762832642,22761,22771,10
13.0767498016,80.276260376,22771,22781,10
13.0775604248,80.2761917114,22781,22791,10
13.0782003403,80.2758789063,22791,22802,11
13.078619957,80.2751693726,22802,22812,10
13.0793800354,80.2752304077,22812,22822,10
13.0802898407,80.2752609253,22822,22832,10
13.081489563,80.275138855,22832,22862,30
13.081489563,80.275138855,22862,22872,10
13.0815696716,80.2751464844,22872,22882,10
13.0818395615,80.2752304077,22882,22892,10
13.0819797516,80.2754364014,22892,22903,11
13.0820398331,80.2757568359,22903,22913,10
13.0818996429,80.276008606,22913,22923,10
13.081870079,80.2764205933,22923,22933,10
13.0819301605,80.2771530151,22933,22943,10
13.0820198059,80.2779769897,22943,22953,10
13.0821199417,80.2788314819,22953,22963,10
13.0822296143,80.2799072266,22963,22973,10
13.0823402405,80.2810287476,22973,22983,10
13.082400322,80.2817306519,22983,22993,10
13.0830202103,80.2821731567,22993,23004,11
13.0839700699,80.2827606201,23004,23014,10
13.0847101212,80.2832870483,23014,23024,10
13.0851602554,80.2838134766,23024,23034,10
13.0854501724,80.283706665,23034,23044,10
13.0857496262,80.2835693359,23044,23054,10
13.086139679,80.2835693359,23054,23064,10
13.0864601135,80.2837219238,23064,23074,10
13.0868701935,80.2839431763,23074,23084,10
13.0873403549,80.2839202881,23084,23094,10
13.0879201889,80.2839126587,23094,23226,132
13.0879201889,80.2839126587,23226,23236,10
13.0882101059,80.2838516235,23236,23246,10
13.0882997513,80.2835388184,23246,23256,10
13.0883903503,80.2832183838,23256,23266,10
13.0883703232,80.2825927734,23266,23276,10
13.0882701874,80.2819595337,23276,23286,10
13.0881795883,80.2814331055,23286,23296,10
13.0885896683,80.2816925049,23296,23306,10
13.0884599686,80.2824478149,23306,23317,11
13.0883998871,80.2830276489,23317,23337,20
13.0883998871,80.2830276489,23337,23347,10
13.0883798599,80.2833633423,23347,23357,10
13.0883998871,80.2840423584,23357,23367,10
13.0884799957,80.2849273682,23367,23377,10
13.0885295868,80.2856903076,23377,23387,10
13.0885601044,80.2863616943,23387,23397,10
13.0885696411,80.2867202759,23397,23407,10
13.0886497498,80.287361145,23407,23418,11
13.0886602402,80.2877120972,23418,23428,10
13.0887098312,80.2883682251,23428,23438,10
13.0887403488,80.2886962891,23438,23448,10
13.088760376,80.2892837524,23448,23458,10
13.088760376,80.2894973755,23458,23468,10
13.088760376,80.2900085449,23468,23478,10
13.0887699127,80.2903289795,23478,23488,10
13.0883398056,80.2902297974,23488,23498,10
13.0877304077,80.2899475098,23498,23507,9
13.0870895386,80.2896728516,23507,23519,12
13.085940361,80.289352417,23519,23529,10
13.0850296021,80.2891769409,23529,23539,10
13.0841302872,80.2891769409,23539,23549,10
13.0832195282,80.2892074585,23549,23559,10
13.0822496414,80.2888793945,23559,23569,10
13.0812997818,80.288520813,23569,23579,10
13.080619812,80.2883300781,23579,23589,10
13.07970047,80.2881088257,23589,23599,10
13.0785799026,80.2877120972,23599,23608,9
13.0774497986,80.2874069214,23608,23620,12
13.0758895874,80.2870025635,23620,23630,10
13.0746803284,80.2863464355,23630,23640,10
13.0733804703,80.2859268188,23640,23649,9
13.0722703934,80.285369873,23649,23660,11
13.0707798004,80.2849884033,23660,23670,10
13.0693998337,80.2846603394,23670,23680,10
13.0680198669,80.2843704224,23680,23690,10
13.066619873,80.2840881348,23690,23700,10
13.0652303696,80.2837982178,23700,23710,10
13.0640096664,80.283493042,23710,23721,11
13.0628900528,80.2831802368,23721,23731,10
13.0621995926,80.2830200195,23731,23741,10
13.0601596832,80.2825622559,23741,23751,10
13.0601596832,80.2825622559,23751,23761,10
13.0588703156,80.2823181152,23761,23770,9
13.0577201843,80.282119751,23770,23781,11
13.0567598343,80.2819213867,23781,23791,10
13.0566902161,80.2819137573,23791,23801,10
13.0562496185,80.2817993164,23801,23811,10
13.0554504395,80.2816314697,23811,23822,11
13.0542497635,80.2813873291,23822,23832,10
13.0529899597,80.2811889648,23832,23842,10
13.0518398285,80.28099823,23842,23852,10
13.0507698059,80.2808227539,23852,23862,10
13.0496196747,80.2806625366,23862,23872,10
13.0484399796,80.2805023193,23872,23882,10
13.0471496582,80.2803192139,23882,23892,10
13.0459604263,80.2801513672,23892,23902,10
13.0448303223,80.2800369263,23902,23912,10
13.0436000824,80.2798461914,23912,23922,10
13.0423698425,80.2795562744,23922,23933,11
13.04088974,80.2793121338,23933,23943,10
13.0390300751,80.2788391113,23943,23963,20
13.0390300751,80.2788391113,23963,23973,10
13.0387601852,80.2787399292,23973,23983,10
13.0381603241,80.2785415649,23983,23993,10
13.0373401642,80.2783126831,23993,24003,10
13.0365600586,80.2780380249,24003,24013,10
13.0357398987,80.2778167725,24013,24023,10
13.0354404449,80.2777481079,24023,24034,11
13.0347900391,80.2776489258,24034,24044,10
13.033949852,80.2774429321,24044,24054,10
13.0330295563,80.2774963379,24054,24064,10
13.0320997238,80.2775497437,24064,24074,10
13.0312795639,80.2774963379,24074,24084,10
13.0309200287,80.2772598267,24084,24094,10
13.0307798386,80.2771911621,24094,24104,10
13.0302295685,80.2769012451,24104,24114,10
13.029419899,80.2766418457,24114,24123,9
13.0285196304,80.2763519287,24123,24135,12
13.0272703171,80.2758102417,24135,24145,10
13.0263004303,80.275390625,24145,24155,10
13.0256595612,80.275100708,24155,24165,10
13.0255899429,80.2750396729,24165,24175,10
13.0251197815,80.2748413086,24175,24185,10
13.0244197845,80.2744064331,24185,24195,10
13.023730278,80.2735290527,24195,24205,10
13.0230197906,80.272567749,24205,24215,10
13.0222196579,80.2715530396,24215,24225,10
13.0215101242,80.270652771,24225,24236,11
13.0208797455,80.2698822021,24236,24246,10
13.0208101273,80.2697906494,24246,24256,10
13.020529747,80.2694320679,24256,24266,10
13.0200395584,80.2687911987,24266,24276,10
13.0193796158,80.2679901123,24276,24286,10
13.0187501907,80.2670288086,24286,24296,10
13.0186300278,80.2660369873,24296,24306,10
13.0187501907,80.2653884888,24306,24316,10
13.0190095901,80.264503479,24316,24326,10
13.0190095901,80.2635803223,24326,24337,11
13.0189399719,80.2631378174,24337,24347,10
13.0188903809,80.2628326416,24347,24357,10
13.0188503265,80.2623291016,24357,24367,10
13.0187397003,80.2614974976,24367,24377,10
13.0180101395,80.260848999,24377,24387,10
13.0170001984,80.2601776123,24387,24397,10
13.0160999298,80.2596969604,24397,24407,10
13.0160198212,80.2596664429,24407,24417,10
13.0156297684,80.2594909668,24417,24427,10
13.0149002075,80.2593307495,24427,24438,11
13.0139598846,80.2592926025,24438,24448,10
13.0128602982,80.2592468262,24448,24458,10
13.0116796494,80.2592086792,24458,24468,10
13.010430336,80.2592315674,24468,24478,10
13.0091495514,80.2592010498,24478,24488,10
13.0086803436,80.2592086792,24488,24498,10
13.0081596375,80.2592010498,24498,24508,10
13.0074796677,80.2593002319,24508,24518,10
13.0072002411,80.258682251,24518,24528,10
13.0071296692,80.2584991455,24528,24538,10
13.0068101883,80.2579879761,24538,24549,11
13.0060195923,80.2574996948,24549,24559,10
13.0050497055,80.2572479248,24559,24569,10
13.004070282,80.2570266724,24569,24579,10
13.0032196045,80.2568511963,24579,24589,10
13.0023698807,80.256690979,24589,24599,10
13.0015201569,80.2565765381,24599,24609,10
13.0011997223,80.2565536499,24609,24619,10
13.0009002686,80.2565002441,24619,24629,10
13.0002002716,80.256362915,24629,24640,11
12.9992904663,80.2562026978,24640,24650,10
12.9985198975,80.2561035156,24650,24670,20
12.9985198975,80.2561035156,24670,24680,10
12.9981899261,80.2560195923,24680,24690,10
12.9976902008,80.2559432983,24690,24720,30
12.9976902008,80.2559432983,24720,24730,10
12.9976596832,80.2559585571,24730,24739,9
12.9973096848,80.2559432983,24739,24751,12
12.9968500137,80.2559204102,24751,24761,10
12.9963102341,80.2559127808,24761,24771,10
12.9954996109,80.2559204102,24771,24781,10
12.9947395325,80.2559509277,24781,24791,10
12.993929863,80.2560119629,24791,24801,10
12.9928998947,80.2560577393,24801,24811,10
12.991689682,80.256072998,24811,24821,10
12.9908800125,80.2560272217,24821,24831,10
12.9904603958,80.2559967041,24831,24841,10
12.9898004532,80.2559890747,24841,24852,11
12.9888896942,80.2559509277,24852,24862,10
12.9885702133,80.2558898926,24862,24872,10
12.9885597229,80.2558898926,24872,24882,10
12.9884300232,80.2558670044,24882,24892,10
12.9880504608,80.255821228,24892,24902,10
12.9873600006,80.2557220459,24902,24912,10
12.9866800308,80.2556228638,24912,24922,10
12.9863300323,80.255569458,24922,24932,10
12.9862499237,80.2555465698,24932,24942,10
12.9859600067,80.2554779053,24942,24953,11
12.9852695465,80.2553482056,24953,24963,10
12.9843797684,80.2551422119,24963,24973,10
12.983420372,80.2548828125,24973,24983,10
12.9826803207,80.2546386719,24983,24993,10
12.9820699692,80.2542572021,24993,25003,10
12.9818000793,80.2534637451,25003,25013,10
12.9813995361,80.2528076172,25013,25023,10
12.9805402756,80.2527923584,25023,25033,10
12.979590416,80.2527313232,25033,25042,9
12.9788398743,80.2526473999,25042,25054,12
12.9787197113,80.2526168823,25054,25064,10
12.9783096313,80.2523880005,25064,25074,10
12.9777002335,80.2518692017,25074,25084,10
12.9767599106,80.2513275146,25084,25094,10
12.9756803513,80.2509918213,25094,25104,10
12.97453022,80.2506713867,25104,25114,10
12.9732704163,80.250328064,25114,25124,10
12.9719400406,80.2499465942,25124,25134,10
12.9705896378,80.2495727539,25134,25144,10
12.9692602158,80.2490615845,25144,25155,11
12.9678297043,80.2484893799,25155,25165,10
12.9666404724,80.2479629517,25165,25175,10
12.9654798508,80.2474975586,25175,25185,10
12.9650001526,80.2473373413,25185,25195,10
12.9649400711,80.2473220825,25195,25205,10
12.9644603729,80.2471389771,25205,25215,10
12.9636497498,80.2468338013,25215,25225,10
12.9626302719,80.2463226318,25225,25235,10
12.9614801407,80.2457427979,25235,25245,10
12.9602499008,80.2451782227,25245,25256,11
12.9593601227,80.2447967529,25256,25266,10
12.9591598511,80.2447128296,25266,25276,10
12.9585504532,80.2444076538,25276,25286,10
12.9577903748,80.2441177368,25286,25296,10
12.956990242,80.243850708,25296,25306,10
12.9562797546,80.2436065674,25306,25316,10
12.955619812,80.2432785034,25316,25326,10
12.9546699524,80.2428436279,25326,25336,10
12.9536304474,80.2424087524,25336,25346,10
12.9525995255,80.2419891357,25346,25356,10
12.9517602921,80.2416992188,25356,25367,11
12.9516601563,80.2416610718,25367,25377,10
12.9511699677,80.2414779663,25377,25387,10
12.9503097534,80.2412261963,25387,25397,10
12.9494400024,80.2409820557,25397,25407,10
12.9492902756,80.2409210205,25407,25417,10
12.9491996765,80.2408905029,25417,25427,10
12.9487895966,80.2406997681,25427,25437,10
12.9480695724,80.2403869629,25437,25447,10
12.9472904205,80.2400894165,25447,25456,9
12.9470901489,80.240020752,25456,25468,12
12.9467496872,80.2398605347,25468,25478,10
12.9460897446,80.2395629883,25478,25488,10
12.9451999664,80.2390823364,25488,25498,10
12.9443397522,80.2381973267,25498,25508,10
12.9434204102,80.2372436523,25508,25518,10
12.9422998428,80.2364807129,25518,25528,10
12.9409303665,80.2361221313,25528,25538,10
12.9397602081,80.2358016968,25538,25548,10
12.9395799637,80.2357177734,25548,25558,10
12.9391498566,80.2355194092,25558,25569,11
12.9383296967,80.2350921631,25569,25579,10
12.9373102188,80.2345809937,25579,25589,10
12.9362201691,80.2340774536,25589,25599,10
12.9357700348,80.2339172363,25599,25609,10
12.9356403351,80.2340698242,25609,25619,10
12.9355401993,80.234336853,25619,25629,10
12.9352903366,80.2350387573,25629,25639,10
12.9351301193,80.2354431152,25639,25649,10
12.9349002838,80.2354125977,25649,25658,9
12.9344797134,80.2352371216,25658,25670,12
12.9340496063,80.2350387573,25670,25680,10
12.9338102341,80.2352218628,25680,25690,10
12.9336500168,80.2358474731,25690,25700,10
12.9333896637,80.2361907959,25700,25710,10
12.9329795837,80.2362365723,25710,25720,10
12.9329004288,80.2367706299,25720,25730,10
12.9327001572,80.2373123169,25730,25740,10
12.9325399399,80.2377166748,25740,25750,10
12.9322795868,80.2384033203,25750,25759,9
12.9321699142,80.2386169434,25759,25771,12
12.9316596985,80.2386932373,25771,25781,10
12.9311800003,80.2385406494,25781,25791,10
12.9308204651,80.2384109497,25791,25801,10
12.9302597046,80.2382125854,25801,25811,10
12.9299001694,80.2380828857,25811,25821,10
12.9296703339,80.2379989624,25821,25831,10
12.9295101166,80.23828125,25831,25841,10
12.9293498993,80.2388305664,25841,25851,10
12.9291601181,80.2390594482,25851,25861,10
12.9282598495,80.238822937,25861,25882,21
12.9282598495,80.238822937,25882,25892,10
12.9280195236,80.2387619019,25892,25902,10
12.9273996353,80.2386169434,25902,25912,10
12.9265499115,80.2383880615,25912,25922,10
12.9256496429,80.2381515503,25922,25932,10
12.9254598618,80.238319397,25932,25942,10
12.9257802963,80.2382202148,25942,25952,10
12.9258003235,80.2382125854,25952,25962,10
12.9260396957,80.2382278442,25962,25973,11
12.9264698029,80.2383575439,25973,25983,10
12.9265499115,80.2383804321,25983,25993,10
12.9270296097,80.2385025024,25993,26003,10
12.9282503128,80.2388000488,26003,26023,20
12.9282503128,80.2388000488,26023,26033,10
12.9283704758,80.2388534546,26033,26043,10
12.928899765,80.2389678955,26043,26053,10
12.9293498993,80.2389678955,26053,26063,10
12.9294700623,80.2385482788,26063,26073,10
12.9296102524,80.2380905151,26073,26084,11
12.9300003052,80.238067627,26084,26094,10
12.931189537,80.2385101318,26094,26114,20
12.931189537,80.2385101318,26114,26124,10
12.9312601089,80.2385406494,26124,26134,10
12.9315004349,80.2386169434,26134,26144,10
12.9320001602,80.2387695313,26144,26154,10
12.9322500229,80.2385101318,26154,26164,10
12.9323396683,80.2382583618,26164,26174,10
12.9325199127,80.2377624512,26174,26185,11
12.9326896667,80.2373123169,26185,26195,10
12.9327697754,80.2370910645,26195,26205,10
12.9329299927,80.2366409302,26205,26215,10
12.9330301285,80.2361602783,26215,26225,10
12.9333200455,80.2361679077,26225,26235,10
12.9334096909,80.2361907959,26235,26245,10
12.9336099625,80.2360992432,26245,26255,10
12.933719635,80.2356109619,26255,26265,10
12.9339103699,80.2350234985,26265,26275,10
12.9342603683,80.2351226807,26275,26286,11
12.9348802567,80.2353820801,26286,26296,10
12.9350996017,80.235458374,26296,26306,10
12.935210228,80.2352294922,26306,26316,10
12.9353504181,80.2348480225,26316,26326,10
12.9355697632,80.2342910767,26326,26336,10
12.9357595444,80.2338790894,26336,26376,40
12.9357595444,80.2338790894,26376,26387,11
12.9357795715,80.2338562012,26387,26397,10
12.9358997345,80.2337417603,26397,26407,10
12.9362602234,80.2339401245,26407,26417,10
12.9369096756,80.2342605591,26417,26427,10
12.9377698898,80.234703064,26427,26437,10
12.9388303757,80.2352294922,26437,26447,10
12.9397096634,80.2356414795,26447,26457,10
12.9397497177,80.2356567383,26457,26467,10
12.9400997162,80.2358016968,26467,26477,10
12.9407901764,80.2360229492,26477,26488,11
12.9418201447,80.2362823486,26488,26498,10
12.9429101944,80.2366790771,26498,26508,10
12.9438295364,80.237487793,26508,26518,10
12.9447202682,80.2384567261,26518,26528,10
12.9457502365,80.2393493652,26528,26538,10
12.9469804764,80.2398376465,26538,26548,10
12.9474201202,80.240020752,26548,26558,10
12.9476995468,80.2401428223,26558,26568,10
12.9483203888,80.2404022217,26568,26578,10
12.9488201141,80.2406005859,26578,26619,41
12.9488201141,80.2406005859,26619,26629,10
12.9490098953,80.2406692505,26629,26639,10
12.9495601654,80.2408905029,26639,26649,10
12.9503602982,80.2411270142,26649,26659,10
12.951259613,80.2414321899,26659,26669,10
12.952249527,80.2417831421,26669,26679,10
12.9533100128,80.2421722412,26679,26689,10
12.9539604187,80.2424697876,26689,26700,11
12.9546203613,80.2426986694,26700,26710,10
12.9553003311,80.2429428101,26710,26720,10
12.9561700821,80.2432174683,26720,26730,10
12.9570198059,80.243598938,26730,26740,10
12.9580698013,80.244102478,26740,26750,10
12.9589500427,80.2444534302,26750,26760,10
12.9590501785,80.2445068359,26760,26770,10
12.9594497681,80.244720459,26770,26780,10
12.9601297379,80.2450408936,26780,26790,10
12.9610204697,80.2454528809,26790,26801,11
12.9621696472,80.2460098267,26801,26811,10
12.9630699158,80.2464294434,26811,26821,10
12.9633703232,80.2465515137,26821,26831,10
12.9637002945,80.2467269897,26831,26841,10
12.9643201828,80.2469863892,26841,26851,10
12.9651403427,80.2472686768,26851,26861,10
12.9664201736,80.2477264404,26861,26881,20
12.9664201736,80.2477264404,26881,26891,10
12.9667301178,80.2479171753,26891,26902,11
12.9674301147,80.248260498,26902,26912,10
12.9683799744,80.2486495972,26912,26922,10
12.9695100784,80.2490921021,26922,26932,10
12.9707202911,80.2495574951,26932,26942,10
12.972029686,80.2499237061,26942,26951,9
12.9731798172,80.2502212524,26951,26962,11
12.9745502472,80.2505874634,26962,26972,10
12.9758396149,80.2509689331,26972,26982,10
12.9771604538,80.2513809204,26982,26992,10
12.9785203934,80.2523193359,26992,27013,21
12.9785203934,80.2523193359,27013,27023,10
12.9787597656,80.2524871826,27023,27033,10
12.9793195724,80.2526168823,27033,27043,10
12.9794397354,80.2526321411,27043,27053,10
12.9798603058,80.2526626587,27053,27063,10
12.9805002213,80.2526626587,27063,27073,10
12.9813604355,80.2526168823,27073,27083,10
12.9824800491,80.2525863647,27083,27093,10
12.9837503433,80.2524185181,27093,27104,11
12.9850702286,80.2520904541,27104,27114,10
12.9859895706,80.2518463135,27114,27124,10
12.9866895676,80.2516708374,27124,27134,10
12.9871196747,80.2515487671,27134,27154,20
12.9871196747,80.2515487671,27154,27164,10
12.9872503281,80.2515106201,27164,27174,10
12.9874897003,80.2514038086,27174,27184,10
12.9878501892,80.2514038086,27184,27194,10
12.9879999161,80.2518615723,27194,27205,11
12.9879999161,80.2526702881,27205,27215,10
12.9879198074,80.2536392212,27215,27225,10
12.9878396988,80.2545776367,27225,27235,10
12.9878196716,80.2553634644,27235,27275,40
12.9878196716,80.2553634644,27275,27285,10
12.9877595901,80.2555770874,27285,27295,10
12.9879102707,80.2558364868,27295,27305,10
12.9881296158,80.255859375,27305,27316,11
12.9882497787,80.2558670044,27316,27326,10
12.9883804321,80.2558822632,27326,27336,10
12.9887599945,80.2559204102,27336,27346,10
12.9893503189,80.2559661865,27346,27356,10
12.9900197983,80.2560119629,27356,27366,10
12.9904899597,80.2559890747,27366,27376,10
12.9909200668,80.2560195923,27376,27386,10
12.9915895462,80.2560501099,27386,27396,10
12.9925699234,80.2560577393,27396,27406,10
12.9935903549,80.2559890747,27406,27417,11
12.9944200516,80.2559509277,27417,27427,10
12.9951095581,80.2558898926,27427,27437,10
12.9958000183,80.2558822632,27437,27447,10
12.9964599609,80.2558670044,27447,27457,10
12.9968099594,80.255859375,27457,27467,10
12.9971103668,80.255859375,27467,27477,10
12.9976196289,80.2558898926,27477,27487,10
12.9981803894,80.2559585571,27487,27497,10
12.9986495972,80.2559967041,27497,27507,10
12.9986600876,80.2559967041,27507,27518,11
12.9988498688,80.2560577393,27518,27528,10
12.9989004135,80.2560577393,27528,27538,10
12.9990997314,80.2560806274,27538,27548,10
12.9993801117,80.2561264038,27548,27558,10
12.9999103546,80.2562637329,27558,27568,10
13.0004301071,80.256362915,27568,27578,10
13.000670433,80.2563781738,27578,27588,10
13.0006999969,80.2563781738,27588,27598,10
13.0008401871,80.2564163208,27598,27608,10
13.0011796951,80.256477356,27608,27619,11
13.0015602112,80.2565383911,27619,27629,10
13.0020399094,80.2566223145,27629,27639,10
13.0026597977,80.2567214966,27639,27649,10
13.0033197403,80.2568511963,27649,27659,10
13.0039701462,80.2569732666,27659,27669,10
13.0047101974,80.2571182251,27669,27679,10
13.0054702759,80.2572631836,27679,27689,10
13.0058403015,80.2573471069,27689,27699,10
13.0061798096,80.2573928833,27699,27720,21
13.0061798096,80.2573928833,27720,27730,10
13.0062599182,80.2574234009,27730,27740,10
13.0066900253,80.2574996948,27740,27750,10
13.0070800781,80.258102417,27750,27760,10
13.0076704025,80.2586593628,27760,27770,10
13.0085000992,80.2589492798,27770,27780,10
13.0085897446,80.2589797974,27780,27790,10
13.0089797974,80.2590789795,27790,27800,10
13.0097398758,80.2590789795,27800,27810,10
13.0107698441,80.2590789795,27810,27820,10
13.0119495392,80.2590637207,27820,27831,11
13.0133495331,80.2591171265,27831,27841,10
13.0146398544,80.259147644,27841,27851,10
13.0158100128,80.2593231201,27851,27861,10
13.0162801743,80.2595367432,27861,27871,10
13.0163002014,80.2595596313,27871,27881,10
13.0165700912,80.259803772,27881,27891,10
13.0171203613,80.2601776123,27891,27901,10
13.0178804398,80.2606887817,27901,27911,10
13.0187797546,80.2612991333,27911,27920,9
13.0193099976,80.2618026733,27920,27932,12
13.019949913,80.2624893188,27932,27942,10
13.0203199387,80.2629776001,27942,27952,10
13.0197496414,80.2629928589,27952,27962,10
13.0191001892,80.2629699707,27962,27972,10
13.0190601349,80.263420105,27972,27982,10
13.0191402435,80.2642288208,27982,27992,10
13.0189199448,80.26512146,27992,28002,10
13.0188102722,80.2655029297,28002,28012,10
13.0186901093,80.2661437988,28012,28022,10
13.0188102722,80.2670135498,28022,28033,11
13.0194301605,80.2679901123,28033,28043,10
13.0200004578,80.2686691284,28043,28053,10
13.02064991,80.2694702148,28053,28063,10
13.0212402344,80.2701797485,28063,28073,10
13.0214700699,80.2704315186,28073,28083,10
13.0216703415,80.2706832886,28083,28093,10
13.0221004486,80.271232605,28093,28103,10
13.0226802826,80.271987915,28103,28113,10
13.0233602524,80.2729110718,28113,28123,10
13.0238199234,80.2735214233,28123,28134,11
13.0239400864,80.2736663818,28134,28144,10
13.0241804123,80.274017334,28144,28154,10
13.024600029,80.2744979858,28154,28164,10
13.0252399445,80.2748184204,28164,28174,10
13.0253601074,80.2748718262,28174,28184,10
13.025560379,80.2749786377,28184,28194,10
13.026049614,80.2752075195,28194,28204,10
13.0266704559,80.2754898071,28204,28214,10
13.0273504257,80.2758102417,28214,28224,10
13.0280199051,80.2761230469,28224,28235,11
13.0288200378,80.2764205933,28235,28245,10
13.0296001434,80.2766571045,28245,28255,10
13.0303001404,80.2769088745,28255,28265,10
13.0310096741,80.2772979736,28265,28275,10
13.0317497253,80.2775802612,28275,28285,10
13.03262043,80.2775115967,28285,28305,20
13.03262043,80.2775115967,28305,28315,10
13.0329198837,80.2774810791,28315,28325,10
13.0334596634,80.2773590088,28325,28336,11
13.034119606,80.2774581909,28336,28346,10
13.034819603,80.2776184082,28346,28356,10
13.0355701447,80.2777633667,28356,28366,10
13.0361700058,80.2778701782,28366,28376,10
13.0367298126,80.2780227661,28376,28386,10
13.037229538,80.2782516479,28386,28396,10
13.037610054,80.2783584595,28396,28406,10
13.0383396149,80.2785415649,28406,28416,10
13.0388002396,80.2786483765,28416,28426,10
13.0388698578,80.278678894,28426,28435,9
13.0391197205,80.2787704468,28435,28447,12
13.0396003723,80.2789077759,28447,28457,10
13.0403699875,80.2791213989,28457,28467,10
13.0413303375,80.2793273926,28467,28477,10
13.0423603058,80.2794799805,28477,28487,10
13.0431203842,80.2795028687,28487,28497,10
13.0436401367,80.2796707153,28497,28507,10
13.0442399979,80.2798614502,28507,28517,10
13.0450201035,80.2799682617,28517,28527,10
13.0457601547,80.2800674438,28527,28537,10
13.045800209,80.2800827026,28537,28548,11
13.0462703705,80.2801589966,28548,28558,10
13.0470504761,80.2802810669,28558,28568,10
13.04804039,80.2804107666,28568,28578,10
13.0490999222,80.2805709839,28578,28588,10
13.0500297546,80.280708313,28588,28598,10
13.0510902405,80.2808609009,28598,28608,10
13.0522003174,80.2810287476,28608,28618,10
13.053319931,80.2811965942,28618,28628,10
13.0543899536,80.2813796997,28628,28638,10
13.0553102493,80.2815628052,28638,28649,11
13.0562095642,80.2817382813,28649,28659,10
13.0564002991,80.2817687988,28659,28669,10
13.0566196442,80.2818222046,28669,28679,10
13.0572900772,80.2819900513,28679,28699,20
13.0572900772,80.2819900513,28699,28709,10
13.0574998856,80.2820281982,28709,28719,10
13.0580596924,80.2821273804,28719,28729,10
13.0588598251,80.2823104858,28729,28739,10
13.0599002838,80.2825164795,28739,28749,10
13.0610103607,80.2827529907,28749,28760,11
13.0622301102,80.2829971313,28760,28770,10
13.0631999969,80.283241272,28770,28780,10
13.064040184,80.2834014893,28780,28830,50
13.064040184,80.2834014893,28830,28840,10
13.0642795563,80.2834625244,28840,28850,10
13.0649700165,80.2836227417,28850,28861,11
13.066069603,80.2838821411,28861,28871,10
13.0672101974,80.2841262817,28871,28881,10
13.0677404404,80.2842330933,28881,28891,10
13.0683097839,80.2843322754,28891,28901,10
13.0691795349,80.2845230103,28901,28911,10
13.0703296661,80.284828186,28911,28921,10
13.071559906,80.2851409912,28921,28931,10
13.0728702545,80.2853317261,28931,28941,10
13.073969841,80.2855300903,28941,28951,10
13.0746202469,80.286239624,28951,28962,11
13.0757198334,80.2869110107,28962,28972,10
13.0769300461,80.2872619629,28972,28982,10
13.078209877,80.2875823975,28982,28992,10
13.0794401169,80.2880172729,28992,29002,10
13.0800304413,80.2881317139,29002,29012,10
13.0800895691,80.2881393433,29012,29022,10
13.0805797577,80.288230896,29022,29032,10
13.0808401108,80.2883071899,29032,29042,10
13.0810899734,80.2884063721,29042,29052,10
13.0817403793,80.2886199951,29052,29063,11
13.0826702118,80.2890014648,29063,29073,10
13.0836696625,80.2891921997,29073,29083,10
13.0846204758,80.2891464233,29083,29093,10
13.0857400894,80.2892532349,29093,29103,10
13.0868997574,80.2895507813,29103,29113,10
13.0877799988,80.2898864746,29113,29123,10
13.0888395309,80.2901916504,29123,29174,51
13.0888204575,80.2904281616,29174,29194,20
13.0888204575,80.2904281616,29194,29204,10
13.0888395309,80.2904510498,29204,29214,10
13.0885696411,80.2904663086,29214,29224,10
13.0879602432,80.2901535034,29224,29234,10
13.0871095657,80.2898330688,29234,29244,10
13.0861997604,80.2895736694,29244,29254,10
13.0856103897,80.2891769409,29254,29263,9
13.0852203369,80.288482666,29263,29275,12
13.085149765,80.2871780396,29275,29285,10
13.0852499008,80.2860336304,29285,29295,10
13.0853395462,80.284828186,29295,29305,10
13.0852203369,80.2841567993,29305,29315,10
13.0852403641,80.2841033936,29315,29325,10
13.0854301453,80.283782959,29325,29335,10
13.085650444,80.283531189,29335,29345,10
13.0860300064,80.283531189,29345,29355,10
13.0864200592,80.2836608887,29355,29365,10
13.0867595673,80.2838897705,29365,29376,11
13.087220192,80.2838973999,29376,29386,10
13.0876398087,80.2839202881,29386,29396,10
13.0879201889,80.2839431763,29396,29406,10
13.0881299973,80.2837905884,29406,30749,1343
13.0881299973,80.2837905884,30749,30759,10
13.0881004333,80.2837600708,30759,30769,10
13.0881795883,80.2835388184,30769,30779,10
13.0882902145,80.2833328247,30779,30789,10
13.0882902145,80.2829208374,30789,30799,10
13.0882797241,80.2824630737,30799,30809,10
13.0882101059,80.2819824219,30809,30820,11
13.0880699158,80.2814788818,30820,30830,10
13.0884504318,80.2814712524,30830,30840,10
13.0885400772,80.2818908691,30840,30850,10
13.0884304047,80.2824401855,30850,30860,10
13.088350296,80.2829818726,30860,30870,10
13.0883703232,80.2835769653,30870,30880,10
13.0883798599,80.2842636108,30880,30890,10
13.0884199142,80.2850189209,30890,30900,10
13.088470459,80.2855529785,30900,30910,10
13.0885095596,80.2860717773,30910,30921,11
13.08852005,80.2865066528,30921,30931,10
13.0885295868,80.2869491577,30931,30941,10
13.0885801315,80.287437439,30941,30951,10
13.0886001587,80.2877120972,30951,30961,10
13.0886497498,80.288230896,30961,30971,10
13.0887002945,80.2886199951,30971,30981,10
13.088760376,80.2890319824,30981,30991,10
13.0887899399,80.2893981934,30991,31001,10
13.088760376,80.2895889282,31001,31011,10
13.0887699127,80.2900314331,31011,31022,11
13.0887498856,80.2904663086,31022,31032,10
13.0886001587,80.2904891968,31032,31042,10
13.0881996155,80.290222168,31042,31052,10
13.0875797272,80.2899093628,31052,31062,10
13.0868301392,80.2895965576,31062,31072,10
13.0858402252,80.2893218994,31072,31082,10
13.0850200653,80.2891921997,31082,31092,10
13.0840997696,80.2891921997,31092,31102,10
13.0832796097,80.2892303467,31102,31112,10
13.0823898315,80.2889404297,31112,31123,11
13.0812902451,80.2885284424,31123,31133,10
13.0805301666,80.2882766724,31133,31143,10
13.0800695419,80.288192749,31143,31153,10
13.0799303055,80.2881698608,31153,31163,10
13.079460144,80.2880706787,31163,31173,10
13.0787496567,80.2877578735,31173,31183,10
13.0778398514,80.2874984741,31183,31193,10
13.0767803192,80.2872314453,31193,31203,10
13.0756597519,80.2869110107,31203,31213,10
13.074669838,80.2863388062,31213,31224,11
13.0736398697,80.285987854,31224,31234,10
13.0727996826,80.2856292725,31234,31244,10
13.0718803406,80.2852630615,31244,31254,10
13.070810318,80.2849807739,31254,31264,10
13.0697202682,80.2847213745,31264,31274,10
13.0687198639,80.2844772339,31274,31284,10
13.0678195953,80.2843093872,31284,31294,10
13.0667800903,80.2841186523,31294,31304,10
13.0656900406,80.2838668823,31304,31314,10
13.0647201538,80.2836685181,31314,31324,10
13.0643901825,80.2835998535,31324,31335,11
13.0641202927,80.283531189,31335,31345,10
13.0635900497,80.2833786011,31345,31355,10
13.0624103546,80.2830810547,31355,31395,40
13.0624103546,80.2830810547,31395,31405,10
13.0623197556,80.2830734253,31405,31415,10
13.061920166,80.2829666138,31415,31425,10
13.0612602234,80.2827987671,31425,31436,11
13.0603599548,80.282623291,31436,31446,10
13.0594501495,80.2824478149,31446,31456,10
13.0586204529,80.2822799683,31456,31466,10
13.0578298569,80.282119751,31466,31476,10
13.0568799973,80.2819213867,31476,31496,20
13.0568799973,80.2819213867,31496,31506,10
13.0566396713,80.281867981,31506,31516,10
13.0560903549,80.2817382813,31516,31526,10
13.0553102493,80.2815933228,31526,31537,11
13.054309845,80.2813796997,31537,31547,10
13.0532903671,80.281211853,31547,31557,10
13.0522699356,80.2810897827,31557,31567,10
13.0512199402,80.2809295654,31567,31577,10
13.0502195358,80.2807769775,31577,31587,10
13.0491895676,80.280632019,31587,31597,10
13.0480604172,80.2804794312,31597,31607,10
13.0468902588,80.2803115845,31607,31617,10
13.0456495285,80.2801513672,31617,31648,31
13.0456495285,80.2801513672,31648,31658,10
13.0456399918,80.280128479,31658,31668,10
13.0452604294,80.2800827026,31668,31678,10
13.0445699692,80.2799835205,31678,31688,10
13.0437803268,80.2798614502,31688,31698,10
13.0429401398,80.2796783447,31698,31708,10
13.0419101715,80.2794723511,31708,31718,10
13.0407896042,80.279258728,31718,31728,10
13.0396900177,80.2789993286,31728,31737,9
13.0390996933,80.2788467407,31737,31749,12
13.0390396118,80.2788391113,31749,31759,10
13.0387601852,80.2787475586,31759,31769,10
13.0381698608,80.2785568237,31769,31779,10
13.0374403,80.2783508301,31779,31789,10
13.0369997025,80.2782211304,31789,31799,10
13.0365400314,80.2780075073,31799,31809,10
13.0359201431,80.2778320313,31809,31819,10
13.0351495743,80.277671814,31819,31829,10
13.0344600677,80.2775497437,31829,31839,10
13.0337400436,80.277381897,31839,31850,11
13.0336399078,80.2773590088,31850,31860,10
13.0335197449,80.2772979736,31860,31870,10
13.0330896378,80.2774581909,31870,31880,10
13.032409668,80.2774887085,31880,31890,10
13.0317001343,80.2775726318,31890,31900,10
13.0310297012,80.2773208618,31900,31910,10
13.0309200287,80.2772521973,31910,31920,10
13.0306997299,80.2771224976,31920,31930,10
13.0301303864,80.2768478394,31930,31940,10
13.0294399261,80.2766876221,31940,31951,11
13.0285196304,80.2763595581,31951,31961,10
13.0279598236,80.2761230469,31961,31971,10
13.0276098251,80.2760162354,31971,31981,10
13.0270700455,80.2757415771,31981,31991,10
13.026309967,80.275390625,31991,32001,10
13.0259599686,80.2752380371,32001,32011,10
13.0257997513,80.2751617432,32011,32021,10
13.025270462,80.2749328613,32021,32031,10
13.0245895386,80.2745819092,32031,32041,10
13.0242204666,80.2742080688,32041,32062,21
13.0242204666,80.2742080688,32062,32072,10
13.0240497589,80.2740097046,32072,32082,10
13.0237102509,80.2735290527,32082,32092,10
13.0232400894,80.2728805542,32092,32102,10
13.0226602554,80.272102356,32102,32112,10
13.0219602585,80.2711868286,32112,32122,10
13.0212898254,80.2703399658,32122,32132,10
13.0208501816,80.2698287964,32132,32142,10
13.0207796097,80.2697372437,32142,32152,10
13.0205602646,80.2694625854,32152,32163,11
13.0200796127,80.2688598633,32163,32173,10
13.0195198059,80.2681732178,32173,32183,10
13.0190200806,80.2675628662,32183,32193,10
13.0187397003,80.2670288086,32193,32203,10
13.0186300278,80.266418457,32203,32213,10
13.0186395645,80.2658081055,32213,32223,10
13.0188302994,80.265083313,32223,32233,10
13.0190496445,80.264251709,32233,32243,10
13.018989563,80.2635421753,32243,32253,10
13.0189304352,80.2631835938,32253,32264,11
13.0188302994,80.2624511719,32264,32274,10
13.0187397003,80.2617416382,32274,32284,10
13.0187397003,80.2616271973,32284,32294,10
13.0186300278,80.2612991333,32294,32304,10
13.0182504654,80.2610168457,32304,32314,10
13.0176200867,80.2606201172,32314,32324,10
13.0168800354,80.2601165771,32324,32334,10
13.0161504745,80.2597198486,32334,32344,10
13.0160398483,80.2596588135,32344,32354,10
13.0156898499,80.2595214844,32354,32365,11
13.0149898529,80.2593536377,32365,32375,10
13.0142097473,80.2592926025,32375,32385,10
13.013299942,80.2592391968,32385,32395,10
13.012260437,80.2592010498,32395,32405,10
13.0112895966,80.2591629028,32405,32415,10
13.0103197098,80.2592010498,32415,32425,10
13.0093698502,80.2592010498,32425,32435,10
13.0088300705,80.2592010498,32435,32445,10
13.008480072,80.2592010498,32445,32455,10
13.0078601837,80.2593002319,32455,32466,11
13.007349968,80.2590179443,32466,32476,10
13.0072097778,80.2587432861,32476,32486,10
13.0072097778,80.258682251,32486,32496,10
13.0070400238,80.2583389282,32496,32506,10
13.0066404343,80.2577819824,32506,32516,10
13.0060796738,80.257522583,32516,32526,10
13.0054798126,80.2573928833,32526,32536,10
13.0049600601,80.2572021484,32536,32546,10
13.0048503876,80.2572174072,32546,32556,10
13.0046796799,80.2572631836,32556,32566,10
13.0043897629,80.2571563721,32566,32577,11
13.0041399002,80.2570877075,32577,32587,10
13.0037698746,80.2570037842,32587,32678,91
13.0037698746,80.2570037842,32678,32688,10
13.0034799576,80.2568893433,32688,32698,10
13.0033903122,80.2568664551,32698,32708,10
13.0031604767,80.2568206787,32708,32718,10
13.0028495789,80.2567825317,32718,32728,10
13.0024499893,80.2566833496,32728,32799,71
13.0024499893,80.2566833496,32799,32809,10
13.0022096634,80.2566375732,32809,32819,10
13.0018100739,80.2565765381,32819,32829,10
13.0011997223,80.2565078735,32829,32839,10
13.000579834,80.2564086914,32839,32849,10
12.9998598099,80.2563018799,32849,32859,10
12.9991998672,80.256187439,32859,32869,10
12.9989795685,80.2561569214,32869,32879,10
12.9988698959,80.2561035156,32879,32890,11
12.9984798431,80.2560119629,32890,32900,10
12.9982595444,80.2559890747,32900,32910,10
12.9978399277,80.2559890747,32910,32920,10
12.9976196289,80.2559661865,32920,32930,10
12.997469902,80.2559585571,32930,32940,10
12.9971504211,80.2559661865,32940,32950,10
12.9967899323,80.2559509277,32950,32960,10
12.9962797165,80.255897522,32960,32970,10
12.9958496094,80.2558822632,32970,32980,10
12.9954004288,80.2558822632,32980,32991,11
12.9947595596,80.2559204102,32991,33001,10
12.9942398071,80.2559890747,33001,33011,10
12.9935998917,80.2560272217,33011,33021,10
12.9927501678,80.2560577393,33021,33031,10
12.9918003082,80.2560806274,33031,33041,10
12.9911499023,80.256072998,33041,33051,10
12.9911203384,80.256072998,33051,33061,10
12.9907999039,80.2560119629,33061,33071,10
12.9903697968,80.2559967041,33071,33081,10
12.989689827,80.2559814453,33081,33092,11
12.9888401031,80.2559127808,33092,33102,10
12.9880104065,80.2558288574,33102,33233,131
12.9880104065,80.2558288574,33233,33243,10
12.987660408,80.2557983398,33243,33253,10
12.9871997833,80.2557067871,33253,33314,61
12.9871997833,80.2557067871,33314,33324,10
12.9870004654,80.2556762695,33324,33334,10
12.9866600037,80.2556304932,33334,33344,10
12.9862203598,80.255531311,33344,33354,10
12.9859695435,80.2554626465,33354,33364,10
12.9856500626,80.2553863525,33364,33374,10
12.9848003387,80.2552032471,33374,33405,31
12.9848003387,80.2552032471,33405,33415,10
12.98458004,80.2551193237,33415,33425,10
12.9842395782,80.2550430298,33425,33435,10
12.9838399887,80.2549285889,33435,33455,20
12.9838399887,80.2549285889,33455,33465,10
12.9835300446,80.2548522949,33465,33475,10
12.98320961,80.2547607422,33475,33485,10
12.9826803207,80.2546081543,33485,33495,10
12.9826202393,80.2545928955,33495,33506,11
12.9822998047,80.254447937,33506,33516,10
12.982049942,80.2540817261,33516,33526,10
12.9818601608,80.2535171509,33526,33536,10
12.9816799164,80.2529220581,33536,33546,10
12.9811897278,80.2527694702,33546,33556,10
12.9807300568,80.2527770996,33556,33566,10
12.980509758,80.2527923584,33566,33596,30
12.980509758,80.2527923584,33596,33607,11
12.9802703857,80.2527770996,33607,33617,10
12.9800596237,80.2527999878,33617,33627,10
12.979809761,80.2527618408,33627,33637,10
12.9797096252,80.2527313232,33637,33647,10
12.9794502258,80.2526779175,33647,33657,10
12.9789104462,80.2526168823,33657,33667,10
12.9786300659,80.2525634766,33667,33677,10
12.9785900116,80.2525634766,33677,33687,10
12.9782400131,80.2523422241,33687,33697,10
12.977689743,80.2518463135,33697,33707,10
12.9769296646,80.2513809204,33707,33718,11
12.9758701324,80.2510528564,33718,33728,10
12.9748096466,80.2507400513,33728,33738,10
12.9738197327,80.2504577637,33738,33748,10
12.9729099274,80.2502212524,33748,33758,10
12.9719495773,80.2499694824,33758,33768,10
12.971039772,80.24974823,33768,33778,10
12.970199585,80.2494888306,33778,33788,10
12.9691896439,80.2490997314,33788,33798,10
12.9681501389,80.2486572266,33798,33807,9
12.9673204422,80.2483291626,33807,33819,12
12.966460228,80.2479019165,33819,33829,10
12.9651098251,80.2473983765,33829,33849,20
12.9651098251,80.2473983765,33849,33859,10
12.9648103714,80.2473068237,33859,33869,10
12.964389801,80.2471313477,33869,33970,101
12.964389801,80.2471313477,33970,33980,10
12.9641599655,80.2470703125,33980,33990,10
12.9639101028,80.246963501,33990,34000,10
12.9636602402,80.2468566895,34000,34010,10
12.963139534,80.2465896606,34010,34020,10
12.9623498917,80.2461929321,34020,34031,11
12.961230278,80.2456207275,34031,34041,10
12.960100174,80.2451171875,34041,34051,10
12.9594497681,80.2448501587,34051,34061,10
12.9594497681,80.2448425293,34061,34071,10
12.9592599869,80.2447433472,34071,34081,10
12.9588003159,80.2445068359,34081,34091,10
12.9580802917,80.2442169189,34091,34101,10
12.9575195313,80.2440185547,34101,34111,10
12.9568796158,80.2437820435,34111,34121,10
12.9565296173,80.2436523438,34121,34132,11
12.9565200806,80.2436523438,34132,34142,10
12.9564504623,80.2436218262,34142,34152,10
12.9563398361,80.2435684204,34152,34162,10
12.9558401108,80.2433395386,34162,34172,10
12.9550800323,80.242980957,34172,34182,10
12.9541702271,80.2425994873,34182,34192,10
12.9534502029,80.2423019409,34192,34202,10
12.9525899887,80.2419662476,34202,34212,10
12.951789856,80.2416992188,34212,34221,9
12.9517002106,80.2416687012,34221,34233,12
12.9512996674,80.2415237427,34233,34243,10
12.9505901337,80.2412872314,34243,34253,10
12.9500398636,80.2410964966,34253,34273,20
12.9500398636,80.2410964966,34273,34283,10
12.9499397278,80.241027832,34283,34293,10
12.949669838,80.2409362793,34293,34303,10
12.949379921,80.2408905029,34303,34313,10
12.9489898682,80.2407684326,34313,34323,10
12.948340416,80.2404708862,34323,34334,11
12.947520256,80.2401733398,34334,34344,10
12.9472398758,80.2400588989,34344,34364,20
12.9472398758,80.2400588989,34364,34374,10
12.9468698502,80.2399215698,34374,34384,10
12.9462203979,80.2396392822,34384,34394,10
12.945400238,80.2392425537,34394,34404,10
12.9445695877,80.2384414673,34404,34414,10
12.9435997009,80.2375106812,34414,34424,10
12.942700386,80.2366714478,34424,34434,10
12.9415798187,80.236289978,34434,34445,11
12.9407596588,80.2361297607,34445,34455,10
12.9404001236,80.2360305786,34455,34465,10
12.9400901794,80.2359237671,34465,34475,10
12.9397697449,80.235786438,34475,34485,10
12.9397602081,80.2357788086,34485,34495,10
12.9395503998,80.2356567383,34495,34505,10
12.9389801025,80.2354202271,34505,34515,10
12.9382200241,80.2350387573,34515,34525,10
12.9373397827,80.2346115112,34525,34535,10
12.9365501404,80.2342300415,34535,34546,11
12.9359903336,80.2339706421,34546,34566,20
12.9359903336,80.2339706421,34566,34576,10
12.935959816,80.2339401245,34576,34586,10
12.9357595444,80.2339706421,34586,34596,10
12.9356803894,80.2341079712,34596,34606,10
12.9354696274,80.2346725464,34606,34616,10
12.9352397919,80.2353286743,34616,34626,10
12.9350595474,80.2354507446,34626,34636,10
12.9347696304,80.2353210449,34636,34647,11
12.9341697693,80.2350616455,34647,34657,10
12.9338998795,80.2350387573,34657,34667,10
12.9337501526,80.235496521,34667,34677,10
12.9336500168,80.2359237671,34677,34687,10
12.9336204529,80.2360305786,34687,34697,10
12.9334096909,80.2361831665,34697,34707,10
12.9332199097,80.2361373901,34707,34717,10
12.9330196381,80.2361602783,34717,34727,10
12.9329795837,80.2364578247,34727,34737,10
12.9328804016,80.2369613647,34737,34748,11
12.9327697754,80.2372589111,34748,34758,10
12.9326200485,80.2375869751,34758,34768,10
12.9324102402,80.2380981445,34768,34778,10
12.9322595596,80.2384719849,34778,34788,10
12.9320898056,80.2387313843,34788,34798,10
12.9315900803,80.2386398315,34798,34808,10
12.9312295914,80.23853302,34808,34828,20
12.9312295914,80.23853302,34828,34838,10
12.9311103821,80.2384796143,34838,34848,10
12.9306697845,80.2383270264,34848,34859,11
12.9299201965,80.2380599976,34859,34869,10
12.9295501709,80.2381362915,34869,34879,10
12.9294595718,80.2384796143,34879,34889,10
12.929309845,80.2389526367,34889,34899,10
12.9289798737,80.2389678955,34899,34909,10
12.9283704758,80.238822937,34909,34929,20
12.9283704758,80.238822937,34929,34939,10
12.9280500412,80.2387390137,34939,34948,9
12.9275197983,80.238609314,34948,34960,12
12.9266004562,80.2383880615,34960,34970,10
12.9257001877,80.2381591797,34970,35121,151
12.9257001877,80.2381591797,35121,35131,10
12.9256601334,80.2381591797,35131,35141,10
12.9254999161,80.2383117676,35141,35151,10
12.9257698059,80.2382583618,35151,35160,9
12.9258403778,80.2382202148,35160,35172,12
12.9263401031,80.238319397,35172,35182,10
12.9270801544,80.2384872437,35182,35192,10
12.9282398224,80.2387924194,35192,35212,20
12.9282398224,80.2387924194,35212,35222,10
12.9282999039,80.2388076782,35222,35232,10
12.9286603928,80.2388916016,35232,35242,10
12.9292697906,80.2390289307,35242,35252,10
12.929400444,80.2387084961,35252,35262,10
12.9295501709,80.2381820679,35262,35273,11
12.9297399521,80.2379684448,35273,35283,10
12.9302902222,80.2381591797,35283,35293,10
12.931189537,80.2384796143,35293,35343,50
12.931189537,80.2384796143,35343,35353,10
12.9313001633,80.2385101318,35353,35362,9
12.9315595627,80.238609314,35362,35374,12
12.9321298599,80.2386779785,35374,35384,10
12.9322099686,80.2385482788,35384,35394,10
12.93227005,80.238319397,35394,35404,10
12.9324302673,80.2378997803,35404,35414,10
12.9326696396,80.2373428345,35414,35424,10
12.9327402115,80.2370834351,35424,35434,10
12.9329099655,80.2367172241,35434,35444,10
12.9329996109,80.2362289429,35444,35454,10
12.9333295822,80.2361221313,35454,35464,10
12.9336500168,80.2359085083,35464,35475,11
12.9338302612,80.2352371216,35475,35485,10
12.9340696335,80.2350082397,35485,35495,10
12.9343900681,80.2351608276,35495,35505,10
12.9349603653,80.2353973389,35505,35545,40
12.9349603653,80.2353973389,35545,35555,10
12.9351902008,80.2353286743,35555,35565,10
12.9352703094,80.2350616455,35565,35575,10
12.9354801178,80.2344894409,35575,35586,11
12.9357404709,80.2339172363,35586,35596,10
12.9358196259,80.2337799072,35596,35606,10
12.936050415,80.2337875366,35606,35616,10
12.936340332,80.2339096069,35616,35636,20
12.936340332,80.2339096069,35636,35646,10
12.9365196228,80.2340087891,35646,35656,10
12.9369401932,80.2342071533,35656,35666,10
12.9376296997,80.2345504761,35666,35676,10
12.9384899139,80.2349777222,35676,35687,11
12.9393196106,80.2353973389,35687,35697,10
12.9393997192,80.2354431152,35697,35707,10
12.9394702911,80.2354812622,35707,35717,10
12.9398403168,80.2356567383,35717,35727,10
12.9405403137,80.2359237671,35727,35737,10
12.9414796829,80.2361602783,35737,35747,10
12.9425897598,80.2364730835,35747,35757,10
12.943570137,80.2371673584,35757,35767,10
12.944439888,80.2381286621,35767,35777,10
12.9453897476,80.2390975952,35777,35788,11
12.9466400146,80.239692688,35788,35798,10
12.9472303391,80.2399291992,35798,35808,10
12.9473199844,80.2399673462,35808,35909,101
12.9473199844,80.2399673462,35909,35919,10
12.9474096298,80.239982605,35919,35929,10
12.9477901459,80.2401428223,35929,35939,10
12.9481801987,80.2403106689,35939,35949,10
12.9485998154,80.2404785156,35949,35959,10
12.9492397308,80.2407531738,35959,35969,10
12.9499998093,80.2409820557,35969,35979,10
12.9504203796,80.2410888672,35979,35989,10
12.9506397247,80.2411575317,35989,36000,11
12.9508695602,80.2412185669,36000,36010,10
12.9510803223,80.2413101196,36010,36020,10
12.951210022,80.2413864136,36020,36030,10
12.9517002106,80.2415390015,36030,36040,10
12.9524297714,80.2418212891,36040,36050,10
12.9532003403,80.2421112061,36050,36060,10
12.9538698196,80.2423782349,36060,36070,10
12.9545202255,80.2426528931,36070,36080,10
12.9552202225,80.2429122925,36080,36090,10
12.9563598633,80.2433624268,36090,36111,21
12.9563598633,80.2433624268,36111,36121,10
12.9568004608,80.2435531616,36121,36131,10
12.9574804306,80.2438430786,36131,36141,10
12.9582901001,80.244178772,36141,36151,10
12.9587802887,80.244392395,36151,36161,10
12.9588603973,80.2444381714,36161,36171,10
12.9592103958,80.2446212769,36171,36181,10
12.9597902298,80.2448806763,36181,36190,9
12.9604797363,80.2451934814,36190,36201,11
12.9615402222,80.2456817627,36201,36212,11
12.9626598358,80.2462234497,36212,36222,10
12.9634199142,80.2466125488,36222,36232,10
12.9639501572,80.2468490601,36232,36242,10
12.9646396637,80.2471008301,36242,36252,10
12.9653301239,80.2473297119,36252,36262,10
12.9658002853,80.247467041,36262,36272,10
12.9661397934,80.2476119995,36272,36292,20
12.9661397934,80.2476119995,36292,36302,10
12.9664497375,80.2477493286,36302,36313,11
12.9666099548,80.2478179932,36313,36323,10
12.9668102264,80.2479400635,36323,36333,10
12.9673595428,80.2482070923,36333,36343,10
12.9681901932,80.248550415,36343,36353,10
12.9691696167,80.2489395142,36353,36363,10
12.9702796936,80.249382019,36363,36373,10
12.9714698792,80.24974823,36373,36383,10
12.9727096558,80.2500686646,36383,36393,10
12.9739198685,80.2503890991,36393,36403,10
12.9751701355,80.2507476807,36403,36414,11
12.9766101837,80.2511520386,36414,36424,10
12.9778003693,80.2517471313,36424,36434,10
12.9784603119,80.2522277832,36434,36444,10
12.9785900116,80.2523117065,36444,36454,10
12.9789400101,80.2525177002,36454,36464,10
12.9791603088,80.2525634766,36464,36474,10
12.9792604446,80.252571106,36474,36484,10
12.9795999527,80.2525863647,36484,36494,10
12.9799900055,80.2526397705,36494,36503,9
12.9802303314,80.2526397705,36503,36515,12
12.9808702469,80.2526321411,36515,36525,10
12.9817495346,80.2526092529,36525,36535,10
12.9828796387,80.2525634766,36535,36545,10
12.9837303162,80.2524108887,36545,36555,10
12.9844999313,80.2521896362,36555,36565,10
12.9850997925,80.2520065308,36565,36575,10
12.9855899811,80.2518997192,36575,36585,10
12.9859895706,80.2517929077,36585,36595,10
12.9862203598,80.2517318726,36595,36605,10
12.986530304,80.2516708374,36605,36615,10
12.9868602753,80.2515563965,36615,36626,11
12.9872398376,80.2514266968,36626,36928,302
12.9872398376,80.2514266968,36928,36939,11
12.9872598648,80.2514190674,36939,36949,10
12.9875497818,80.2513504028,36949,36959,10
12.9878797531,80.2514801025,36959,36969,10
12.9879999161,80.2519378662,36969,36979,10
12.9879903793,80.2526779175,36979,36989,10
12.9879302979,80.2534179688,36989,36999,10
12.9878501892,80.2542037964,36999,37009,10
12.9877901077,80.255241394,37009,37130,121
12.9877901077,80.255241394,37130,37141,11
12.987739563,80.2554473877,37141,37151,10
12.987859726,80.2557907104,37151,37161,10
12.9884195328,80.255859375,37161,37181,20
12.9884195328,80.255859375,37181,37191,10
12.9886798859,80.2558898926,37191,37201,10
12.9890003204,80.2559204102,37201,37211,10
12.9895801544,80.2559585571,37211,37221,10
12.9903402328,80.2559661865,37221,37231,10
12.9907302856,80.2559661865,37231,37241,10
12.9912996292,80.2559890747,37241,37252,11
12.992190361,80.2559967041,37252,37262,10
12.9932003021,80.2559661865,37262,37272,10
12.9941101074,80.2559204102,37272,37282,10
12.9947595596,80.2558364868,37282,37292,10
12.9950799942,80.255821228,37292,37302,10
12.995759964,80.255859375,37302,37363,61
12.995759964,80.255859375,37363,37373,10
12.9958696365,80.2557220459,37373,37383,10
12.9962701797,80.2557525635,37383,37393,10
12.9968299866,80.2557601929,37393,37403,10
12.9972000122,80.2557907104,37403,37413,10
12.9976100922,80.2558288574,37413,37423,10
12.9982204437,80.2558670044,37423,37454,31
12.9982204437,80.2558670044,37454,37464,10
12.9983701706,80.2559280396,37464,37474,10
12.9986495972,80.2559661865,37474,37484,10
12.9990196228,80.2560424805,37484,37534,50
12.9990196228,80.2560424805,37534,37544,10
12.9992599487,80.2560806274,37544,37554,10
12.9996995926,80.2561798096,37554,37565,11
13.000459671,80.2563400269,37565,37575,10
13.0012598038,80.2564697266,37575,37585,10
13.0020799637,80.2566223145,37585,37595,10
13.0028896332,80.2567596436,37595,37605,10
13.0036096573,80.2568817139,37605,37615,10
13.0039596558,80.2569732666,37615,37625,10
13.0042104721,80.2570419312,37625,37635,10
13.0045404434,80.2570724487,37635,37645,10
13.00481987,80.2571411133,37645,37655,10
13.0052700043,80.2571792603,37655,37686,31
13.0052700043,80.2571792603,37686,37696,10
13.0054502487,80.2572021484,37696,37706,10
13.00578022,80.25730896,37706,37716,10
13.0062904358,80.2574310303,37716,37726,10
13.006819725,80.2576675415,37726,37736,10
13.0072002411,80.2583236694,37736,37746,10
13.0079898834,80.2587509155,37746,37756,10
13.0084295273,80.2589187622,37756,37767,11
13.0085000992,80.258972168,37767,37777,10
13.008939743,80.2590789795,37777,37787,10
13.0097398758,80.2590637207,37787,37797,10
13.0107898712,80.2590408325,37797,37807,10
13.0119800568,80.2590637207,37807,37817,10
13.0132398605,80.2590866089,37817,37827,10
13.0145597458,80.2591094971,37827,37837,10
13.0157299042,80.2592468262,37837,37847,10
13.0163402557,80.259552002,37847,37878,31
13.0163402557,80.259552002,37878,37888,10
13.0166196823,80.2598419189,37888,37898,10
13.0172195435,80.2602386475,37898,37908,10
13.0180101395,80.2607803345,37908,37918,10
13.0187902451,80.2613296509,37918,37928,10
13.0192604065,80.26171875,37928,37938,10
13.0195903778,80.262008667,37938,37948,10
13.0201396942,80.2625808716,37948,37958,10
13.0202102661,80.2629623413,37958,37968,10
13.0197000504,80.2629394531,37968,37979,11
13.0191202164,80.2629394531,37979,37989,10
13.019080162,80.2634429932,37989,37999,10
13.0191497803,80.264251709,37999,38009,10
13.0188999176,80.2651367188,38009,38019,10
13.0187797546,80.2655487061,38019,38029,10
13.0186796188,80.266242981,38029,38039,10
13.0188398361,80.2671127319,38039,38049,10
13.0193395615,80.2678604126,38049,38059,10
13.0195999146,80.2681884766,38059,38069,10
13.0199098587,80.2685699463,38069,38080,11
13.0204801559,80.2692565918,38080,38090,10
13.0209598541,80.2698364258,38090,38100,10
13.0214700699,80.270401001,38100,38110,10
13.0214996338,80.2704391479,38110,38120,10
13.0216903687,80.2707138062,38120,38130,10
13.02202034,80.2711105347,38130,38140,10
13.0222396851,80.2713928223,38140,38150,10
13.022649765,80.2719116211,38150,38160,10
13.0231704712,80.2726287842,38160,38170,10
13.0236597061,80.2733001709,38170,38181,11
13.0239200592,80.2736434937,38181,38241,60
13.0239200592,80.2736434937,38241,38251,10
13.0239801407,80.2737197876,38251,38261,10
13.0242500305,80.2741165161,38261,38271,10
13.0247802734,80.2746124268,38271,38282,11
13.0253896713,80.2748565674,38282,38292,10
13.0253896713,80.2748718262,38292,38302,10
13.0256299973,80.2750015259,38302,38312,10
13.0261497498,80.2752685547,38312,38322,10
13.0267496109,80.2755126953,38322,38332,10
13.0273199081,80.2758026123,38332,38342,10
13.027759552,80.2759933472,38342,38352,10
13.0283298492,80.2761993408,38352,38362,10
13.0289802551,80.2764282227,38362,38372,10
13.029299736,80.2765731812,38372,38382,10
13.0294103622,80.2766036987,38382,38393,11
13.0296001434,80.2766265869,38393,38403,10
13.0299100876,80.2767028809,38403,38413,10
13.0302200317,80.2768325806,38413,38423,10
13.0302400589,80.27684021,38423,38433,10
13.0304698944,80.2769470215,38433,38443,10
13.0307397842,80.27709198,38443,38453,10
13.0310401917,80.2772827148,38453,38463,10
13.0312204361,80.2773895264,38463,38473,10
13.0314998627,80.2775115967,38473,38483,10
13.0316696167,80.2775497437,38483,38524,41
13.0316696167,80.2775497437,38524,38534,10
13.0319099426,80.2776031494,38534,38544,10
13.0324296951,80.2775268555,38544,38554,10
13.0326795578,80.2774963379,38554,38564,10
13.0329799652,80.2774810791,38564,38574,10
13.0335998535,80.2773590088,38574,38584,10
13.0343103409,80.2775268555,38584,38594,10
13.0349502563,80.2776412964,38594,38605,11
13.0356197357,80.2777633667,38605,38615,10
13.0362901688,80.2778701782,38615,38625,10
13.0375003815,80.2783279419,38625,38665,40
13.0375003815,80.2783279419,38665,38675,10
13.0379695892,80.2783966064,38675,38685,10
13.0389003754,80.2786483765,38685,38706,21
13.0389003754,80.2786483765,38706,38716,10
13.0391597748,80.2787628174,38716,38726,10
13.0396404266,80.2789001465,38726,38736,10
13.0404195786,80.2791290283,38736,38746,10
13.0414495468,80.2793273926,38746,38756,10
13.0426101685,80.2794494629,38756,38766,10
13.0431203842,80.2794876099,38766,38776,10
13.0435400009,80.2796325684,38776,38786,10
13.0441198349,80.2798080444,38786,38795,9
13.0447101593,80.2798995972,38795,38807,12
13.0455904007,80.2800292969,38807,38817,10
13.0457601547,80.2800598145,38817,38827,10
13.045920372,80.2800979614,38827,38837,10
13.0464696884,80.280166626,38837,38847,10
13.0472803116,80.2802886963,38847,38857,10
13.0482797623,80.2804336548,38857,38867,10
13.0494098663,80.2806015015,38867,38877,10
13.0502595901,80.2807235718,38877,38887,10
13.050620079,80.2807769775,38887,38897,10
13.0510501862,80.2808380127,38897,38908,11
13.05189991,80.2809677124,38908,38918,10
13.0528898239,80.2811126709,38918,38928,10
13.0539398193,80.2812728882,38928,38938,10
13.0550298691,80.2814788818,38938,38948,10
13.0564002991,80.28175354,38948,38968,20
13.0564002991,80.28175354,38968,38978,10
13.0565500259,80.2817764282,38978,38988,10
13.0572099686,80.2819137573,38988,39008,20
13.0572099686,80.2819137573,39008,39019,11
13.0574197769,80.2819671631,39019,39029,10
13.0579595566,80.282081604,39029,39039,10
13.0587997437,80.2822570801,39039,39049,10
13.0598697662,80.2824783325,39049,39059,10
13.0605802536,80.282623291,39059,39069,10
13.0613498688,80.2827911377,39069,39079,10
13.0630702972,80.2831420898,39079,39099,20
13.0630702972,80.2831420898,39099,39109,10
13.0632095337,80.2831573486,39109,39120,11
13.0635004044,80.283203125,39120,39130,10
13.0640697479,80.2833404541,39130,39140,10
13.0648097992,80.2835464478,39140,39150,10
13.0658397675,80.2837905884,39150,39160,10
13.0669202805,80.2840270996,39160,39170,10
13.0675096512,80.2841186523,39170,39180,10
13.0679397583,80.2842025757,39180,39190,10
13.0683498383,80.284286499,39190,39200,10
13.0690603256,80.2844619751,39200,39210,10
13.0700302124,80.2847137451,39210,39220,10
13.071100235,80.2849731445,39220,39231,11
13.0723199844,80.2852935791,39231,39241,10
13.0733699799,80.2853317261,39241,39251,10
13.0740804672,80.2857437134,39251,39261,10
13.0747299194,80.2862930298,39261,39271,10
13.0755500793,80.2867965698,39271,39281,10
13.076499939,80.287109375,39281,39291,10
13.0775699615,80.2873764038,39291,39301,10
13.0784797668,80.2876205444,39301,39311,10
13.0792598724,80.287902832,39311,39321,10
13.07970047,80.2880096436,39321,39332,11
13.080280304,80.2881317139,39332,39342,10
13.0807104111,80.2882385254,39342,39352,10
13.0807304382,80.2882385254,39352,39362,10
13.0810003281,80.2883834839,39362,39372,10
13.0815401077,80.2885437012,39372,39382,10
13.0822401047,80.2888031006,39382,39392,10
13.0829296112,80.2891082764,39392,39402,10
13.0837802887,80.2891616821,39402,39412,10
13.0847797394,80.2891082764,39412,39422,10
13.0857000351,80.2892608643,39422,39433,11
13.086979866,80.2895889282,39433,39443,10
13.0878400803,80.289932251,39443,39453,10
13.0886602402,80.2901000977,39453,39473,20
13.088760376,80.2901077271,39473,39523,50
13.088760376,80.2901077271,39523,39533,10
13.0888204575,80.2903594971,39533,39544,11
13.0883903503,80.2903137207,39544,39554,10
13.0877799988,80.2900390625,39554,39564,10
13.0870399475,80.2897796631,39564,39574,10
13.0862798691,80.2895584106,39574,39584,10
13.0857601166,80.2894363403,39584,39594,10
13.0854701996,80.2889709473,39594,39604,10
13.0851802826,80.2883071899,39604,39614,10
13.0851202011,80.2875213623,39614,39624,10
13.0851802826,80.2866897583,39624,39634,10
13.0852403641,80.2860107422,39634,39645,11
13.0853204727,80.2852401733,39645,39655,10
13.0853204727,80.2845916748,39655,39664,9
13.0866603851,80.2838287354,39664,39733,69
13.0866603851,80.2838287354,39733,39754,21
13.0873804092,80.2839126587,39754,39764,10
13.0876903534,80.2839279175,39764,39774,10
13.0879201889,80.2839584351,39774,39784,10
13.0881204605,80.2838134766,39784,39875,91
13.0881099701,80.2838973999,39875,40168,293
13.0881099701,80.2838973999,40168,40188,20
13.0882501602,80.2839279175,40188,40198,10
13.0881900787,80.2839431763,40198,40208,10
13.0881900787,80.2838363647,40208,40218,10
13.0881595612,80.2838668823,40218,40349,131
13.0882301331,80.283821106,40349,40905,556
13.0882301331,80.283821106,40905,40915,10
13.0881795883,80.2836380005,40915,40925,10
13.0882797241,80.2835388184,40925,40935,10
13.0882997513,80.2833175659,40935,40945,10
13.0882902145,80.2830429077,40945,40955,10
13.0882797241,80.2827224731,40955,40965,10
13.0882701874,80.2825622559,40965,40975,10
13.0882501602,80.2823181152,40975,40985,10
13.0881900787,80.2820587158,40985,40994,9
13.0880699158,80.2817306519,40994,41006,12
13.0881004333,80.28150177,41006,41016,10
13.0883598328,80.2815170288,41016,41026,10
13.0885400772,80.2817382813,41026,41036,10
13.0884799957,80.2821426392,41036,41046,10
13.0884103775,80.2825012207,41046,41056,10
13.0883703232,80.282913208,41056,41066,10
13.0883798599,80.2834625244,41066,41076,10
13.0883998871,80.283821106,41076,41086,10
13.0884199142,80.2843399048,41086,41096,10
13.0884504318,80.2850494385,41096,41177,81
13.0884304047,80.2852096558,41177,41208,31
13.0884304047,80.2852096558,41208,41218,10
13.0884399414,80.2855300903,41218,41228,10
13.0884799957,80.2859802246,41228,41238,10
13.0885095596,80.2863922119,41238,41248,10
13.0885295868,80.2866363525,41248,41258,10
13.0885601044,80.287109375,41258,41268,10
13.0885896683,80.2874984741,41268,41278,10
13.0886096954,80.2878417969,41278,41288,10
13.0886602402,80.2883987427,41288,41298,10
13.0886898041,80.2886810303,41298,41307,9
13.0887403488,80.2891235352,41307,41319,12
13.0888004303,80.2895736694,41319,41329,10
13.0888500214,80.2901916504,41329,41379,50
13.0888500214,80.2901916504,41379,41389,10
13.0888204575,80.2902984619,41389,41399,10
13.088640213,80.2904205322,41399,41409,10
13.0882101059,80.290222168,41409,41420,11
13.0874700546,80.2898712158,41420,41430,10
13.086689949,80.2895812988,41430,41440,10
13.0857000351,80.2893066406,41440,41450,10
13.0848398209,80.2891387939,41450,41460,10
13.0839700699,80.2891769409,41460,41470,10
13.0832700729,80.2892303467,41470,41480,10
13.082400322,80.2889480591,41480,41490,10
13.0813102722,80.28855896,41490,41500,10
13.0803003311,80.2882614136,41500,41510,10
13.0799798965,80.2882003784,41510,41521,11
13.0795402527,80.2881164551,41521,41531,10
13.0788202286,80.2878265381,41531,41541,10
13.0778303146,80.2875289917,41541,41551,10
13.0767202377,80.2872467041,41551,41561,10
13.075630188,80.2869262695,41561,41571,10
13.074669838,80.2863388062,41571,41581,10
13.0741300583,80.2860794067,41581,41591,10
13.0736303329,80.285987854,41591,41601,10
13.0729398727,80.2857284546,41601,41611,10
13.0721101761,80.2853469849,41611,41622,11
13.0708904266,80.2850265503,41622,41632,10
13.0696897507,80.2847366333,41632,41642,10
13.0686798096,80.2845077515,41642,41652,10
13.0679197311,80.2843475342,41652,41662,10
13.0669803619,80.2841873169,41662,41672,10
13.0658998489,80.2839431763,41672,41682,10
13.0649595261,80.2837524414,41682,41692,10
13.0645399094,80.2836532593,41692,41702,10
13.0644798279,80.2836380005,41702,41712,10
13.0642795563,80.2835922241,41712,41722,10
13.0638904572,80.2834777832,41722,41733,11
13.0631399155,80.2833099365,41733,41743,10
13.0624799728,80.2831497192,41743,41753,10
13.0624198914,80.2831268311,41753,41763,10
13.0619802475,80.2830276489,41763,41773,10
13.0612201691,80.2828674316,41773,41783,10
13.0602798462,80.2826538086,41783,41792,9
13.0593500137,80.2824630737,41792,41803,11
13.0582103729,80.2822418213,41803,41813,10
13.0577201843,80.2821426392,41813,41823,10
13.0572004318,80.2820281982,41823,41834,11
13.0567302704,80.2819290161,41834,41844,10
13.0565500259,80.2818984985,41844,41854,10
13.0559797287,80.2817764282,41854,41864,10
13.055150032,80.2815933228,41864,41874,10
13.0541000366,80.2813720703,41874,41884,10
13.0529403687,80.2811965942,41884,41894,10
13.0518302917,80.2810211182,41894,41904,10
13.0510196686,80.2809295654,41904,41914,10
13.0509595871,80.280921936,41914,41924,10
13.0505800247,80.2808609009,41924,41935,11
13.0497703552,80.2807312012,41935,41945,10
13.0488395691,80.2805862427,41945,41955,10
13.0476999283,80.2804107666,41955,41965,10
13.0464696884,80.2802429199,41965,41975,10
13.0456800461,80.2801513672,41975,41985,10
13.0455799103,80.2801437378,41985,41995,10
13.0450897217,80.2800674438,41995,42005,10
13.0443201065,80.2799682617,42005,42015,10
13.0437402725,80.2798919678,42015,42025,10
13.043390274,80.2798233032,42025,42035,10
13.0427398682,80.2796630859,42035,42046,11
13.0416498184,80.2794723511,42046,42056,10
13.0405597687,80.2792510986,42056,42066,10
13.0395698547,80.279006958,42066,42076,10
13.0390100479,80.2788619995,42076,42086,10
13.0389003754,80.2788009644,42086,42096,10
13.0387802124,80.2787399292,42096,42106,10
13.0383396149,80.2785873413,42106,42116,10
13.0375795364,80.2783813477,42116,42126,10
13.0368995667,80.2781982422,42126,42136,10
13.0362195969,80.277961731,42136,42147,11
13.0356502533,80.2778015137,42147,42157,10
13.0352201462,80.2777175903,42157,42167,10
13.0346298218,80.2776184082,42167,42177,10
13.0340003967,80.2774581909,42177,42187,10
13.0337095261,80.2773971558,42187,42197,10
13.0334196091,80.2774276733,42197,42207,10
13.0333003998,80.2774505615,42207,42217,10
13.0330696106,80.2774963379,42217,42227,10
13.0329799652,80.2775115967,42227,42237,10
13.0327701569,80.2774963379,42237,42247,10
13.0324201584,80.2775115967,42247,42258,11
13.0317497253,80.2776107788,42258,42268,10
13.031129837,80.2774276733,42268,42278,10
13.0309696198,80.2773208618,42278,42288,10
13.0307502747,80.2772064209,42288,42298,10
13.0302696228,80.2769775391,42298,42308,10
13.0296401978,80.2767868042,42308,42318,10
13.0291004181,80.2766418457,42318,42328,10
13.0285997391,80.2764434814,42328,42338,10
13.0278997421,80.2761611938,42338,42348,10
13.0273704529,80.2758865356,42348,42359,11
13.0270004272,80.2757492065,42359,42369,10
13.02684021,80.2756195068,42369,42379,10
13.02643013,80.2754669189,42379,42389,10
13.0261001587,80.2753219604,42389,42399,10
13.0259895325,80.2752532959,42399,42409,10
13.0258197784,80.275177002,42409,42419,10
13.0253400803,80.2749710083,42419,42429,10
13.0246601105,80.2746734619,42429,42439,10
13.0242595673,80.2743225098,42439,42449,10
13.0238800049,80.2738494873,42449,42460,11
13.0233898163,80.2731399536,42460,42470,10
13.0228004456,80.2723388672,42470,42480,10
13.0221099854,80.271446228,42480,42490,10
13.0215501785,80.2707214355,42490,42500,10
13.0211896896,80.2702865601,42500,42510,10
13.0209703445,80.2700500488,42510,42520,10
13.0208597183,80.2699279785,42520,42530,10
13.0206699371,80.2696685791,42530,42540,10
13.0203199387,80.2692108154,42540,42550,10
13.0198402405,80.2686386108,42550,42561,11
13.019610405,80.2683105469,42561,42571,10
13.0193099976,80.2679519653,42571,42581,10
13.0191402435,80.2677764893,42581,42591,10
13.0190601349,80.2676773071,42591,42601,10
13.0188703537,80.2674865723,42601,42611,10
13.0186901093,80.2669830322,42611,42621,10
13.0186300278,80.266166687,42621,42631,10
13.0187501907,80.2655029297,42631,42641,10
13.0190095901,80.2646026611,42641,42651,10
13.0190095901,80.2637405396,42651,42661,10
13.0189695358,80.2633895874,42661,42672,11
13.0188999176,80.2628326416,42672,42682,10
13.018819809,80.2622375488,42682,42692,10
13.0187196732,80.2615814209,42692,42702,10
13.0185203552,80.2612380981,42702,42712,10
13.018119812,80.2610092163,42712,42722,10
13.0176000595,80.2606506348,42722,42732,10
13.0169095993,80.2601623535,42732,42742,10
13.0161600113,80.2597579956,42742,42752,10
13.0160799026,80.2597198486,42752,42762,10
13.015709877,80.2595596313,42762,42773,11
13.0149297714,80.2593383789,42773,42783,10
13.0140399933,80.2593002319,42783,42793,10
13.012960434,80.259262085,42793,42803,10
13.0117998123,80.2592163086,42803,42813,10
13.0107002258,80.2592163086,42813,42823,10
13.0095396042,80.2592163086,42823,42833,10
13.0088500977,80.2592163086,42833,42843,10
13.0086097717,80.2592086792,42843,42853,10
13.0081396103,80.2591934204,42853,42863,10
13.0079298019,80.2592773438,42863,42873,10
13.0075597763,80.2593536377,42873,42884,11
13.007229805,80.2587280273,42884,42894,10
13.0071697235,80.2586593628,42894,42904,10
13.0068998337,80.2582168579,42904,42914,10
13.0065002441,80.2577209473,42914,42924,10
13.0061903,80.25756073,42924,42934,10
13.0057001114,80.2574386597,42934,42944,10
13.0050601959,80.2572174072,42944,42954,10
13.0042200089,80.2570800781,42954,42964,10
13.0038099289,80.2570266724,42964,42974,10
13.0037097931,80.257019043,42974,42985,11
13.0033397675,80.256942749,42985,42995,10
13.0028896332,80.2568511963,42995,43005,10
13.0022802353,80.2567214966,43005,43025,20
13.0022802353,80.2567214966,43025,43035,10
13.002120018,80.2566680908,43035,43065,30
13.002120018,80.2566680908,43065,43074,9
13.0019702911,80.2566375732,43074,43086,12
13.0013198853,80.2565612793,43086,43096,10
13.0004796982,80.2564315796,43096,43106,10
12.9998703003,80.2563171387,43106,43126,20
12.9998703003,80.2563171387,43126,43136,10
12.9997301102,80.2563171387,43136,43146,10
12.9994096756,80.2562637329,43146,43156,10
12.9987602234,80.2561264038,43156,43176,20
12.9986696243,80.2560577393,43176,43197,21
12.9986696243,80.2560577393,43197,43207,10
12.9983196259,80.2560501099,43207,43217,10
12.9980297089,80.2559890747,43217,43227,10
12.9978303909,80.2559814453,43227,43237,10
12.9976501465,80.2559661865,43237,43247,10
12.9973201752,80.2559432983,43247,43257,10
12.9970598221,80.2559280396,43257,43267,10
12.9968395233,80.2559280396,43267,43277,10
12.9967002869,80.2559127808,43277,43286,9
12.996339798,80.2559127808,43286,43298,12
12.9959497452,80.2558898926,43298,43308,10
12.9956903458,80.255897522,43308,43318,10
12.995300293,80.2559280396,43318,43328,10
12.9948301315,80.2559280396,43328,43338,10
12.9942703247,80.2560119629,43338,43348,10
12.9934301376,80.2560577393,43348,43358,10
12.992389679,80.256111145,43358,43368,10
12.991399765,80.2560806274,43368,43378,10
12.9907398224,80.256072998,43378,43388,10
12.99036026,80.2560501099,43388,43399,11
12.9896001816,80.2560119629,43399,43409,10
12.988820076,80.2559585571,43409,43419,10
12.9884500504,80.2559432983,43419,43469,50
12.9884500504,80.2559432983,43469,43479,10
12.9881095886,80.2558517456,43479,43489,10
12.9876804352,80.2557907104,43489,43499,10
12.9871397018,80.2556915283,43499,43510,11
12.9864797592,80.2556228638,43510,43520,10
12.9863901138,80.2555923462,43520,43530,10
12.9862298965,80.255569458,43530,43540,10
12.9860296249,80.2555236816,43540,43550,10
12.9855203629,80.2553787231,43550,43560,10
12.9848003387,80.2552566528,43560,43570,10
12.9844303131,80.2551574707,43570,43580,10
12.9839601517,80.255027771,43580,43590,10
12.9834098816,80.2548828125,43590,43600,10
12.9827899933,80.254699707,43600,43611,11
12.9821796417,80.2543792725,43611,43621,10
12.981880188,80.2536087036,43621,43631,10
12.9815998077,80.2528915405,43631,43641,10
12.980919838,80.252822876,43641,43651,10
12.9805402756,80.2528076172,43651,43661,10
12.9800100327,80.2527770996,43661,43671,10
12.9793796539,80.2527008057,43671,43681,10
12.9787397385,80.2526168823,43681,43691,10
12.9785299301,80.252532959,43691,43701,10
12.9780702591,80.2521896362,43701,43712,11
12.9772701263,80.2515335083,43712,43722,10
12.976149559,80.251121521,43722,43732,10
12.9750299454,80.2508010864,43732,43742,10
12.9740200043,80.2505264282,43742,43752,10
12.9730901718,80.2502593994,43752,43762,10
12.9720802307,80.2500228882,43762,43772,10
12.9710702896,80.2497634888,43772,43782,10
12.9700803757,80.2494277954,43782,43792,10
12.9690198898,80.2490386963,43792,43802,10
12.9681501389,80.2486877441,43802,43811,9
12.9675197601,80.2484512329,43811,43823,12
12.9670495987,80.2482223511,43823,43833,10
12.9667196274,80.2480163574,43833,43843,10
12.9661798477,80.2478027344,43843,43853,10
12.9654197693,80.2475204468,43853,43863,10
12.9652299881,80.247467041,43863,43873,10
12.9650201797,80.2474136353,43873,43883,10
12.9645996094,80.2472381592,43883,43893,10
12.9641599655,80.2470626831,43893,43903,10
12.9635801315,80.2468338013,43903,43934,31
12.9635801315,80.2468338013,43934,43944,10
12.9635095596,80.2467880249,43944,43954,10
12.963139534,80.2466201782,43954,43964,10
12.9624700546,80.2462615967,43964,43974,10
12.9615097046,80.2457885742,43974,43984,10
12.9603996277,80.2452697754,43984,43994,10
12.9592504501,80.2447433472,43994,44004,10
12.95814991,80.2442474365,44004,44014,10
12.9576301575,80.2440872192,44014,44025,11
12.9568796158,80.243888855,44025,44095,70
12.9568796158,80.243888855,44095,44105,10
12.9564304352,80.2437362671,44105,44115,10
12.9562597275,80.2436828613,44115,44125,10
12.955739975,80.2433395386,44125,44136,11
12.9548797607,80.2429122925,44136,44146,10
12.9539499283,80.2425308228,44146,44156,10
12.9529495239,80.2421264648,44156,44166,10
12.9519100189,80.2417678833,44166,44176,10
12.9517297745,80.2417068481,44176,44186,10
12.9515800476,80.2416534424,44186,44196,10
12.9510097504,80.2414627075,44196,44206,10
12.9501304626,80.2412033081,44206,44216,10
12.9493103027,80.2409210205,44216,44237,21
12.9493103027,80.2409210205,44237,44247,10
12.9492998123,80.2408599854,44247,44257,10
12.9488296509,80.2406768799,44257,44267,10
12.9480400085,80.2403717041,44267,44277,10
12.94713974,80.240020752,44277,44287,10
12.9467697144,80.2398910522,44287,44297,10
12.9462203979,80.2396621704,44297,44307,10
12.9454402924,80.2392730713,44307,44317,10
12.9445896149,80.2384872437,44317,44327,10
12.9437198639,80.2375564575,44327,44336,9
12.9428901672,80.2367630005,44336,44348,12
12.9413700104,80.2362213135,44348,44358,10
12.9401397705,80.2359085083,44358,44368,10
12.9396295547,80.2357406616,44368,44378,10
12.9394102097,80.2356491089,44378,44388,10
12.9387998581,80.2353591919,44388,44398,10
12.9379396439,80.2349319458,44398,44408,10
12.936920166,80.234413147,44408,44418,10
12.9360198975,80.2340011597,44418,44428,10
12.9356403351,80.2340927124,44428,44438,10
12.9355897903,80.2342529297,44438,44449,11
12.9351997375,80.2353363037,44449,44469,20
12.9351997375,80.2353363037,44469,44479,10
12.9350996017,80.2354736328,44479,44489,10
12.9348897934,80.2354125977,44489,44499,10
12.9344596863,80.2352218628,44499,44509,10
12.9339704514,80.2350311279,44509,44519,10
12.9337596893,80.2353820801,44519,44529,10
12.9336500168,80.2358016968,44529,44539,10
12.9334402084,80.2362136841,44539,44550,11
12.9329595566,80.2362213135,44550,44560,10
12.9328603745,80.2368011475,44560,44570,10
12.9327201843,80.2372131348,44570,44580,10
12.9325895309,80.2375335693,44580,44590,10
12.9323301315,80.2382278442,44590,44600,10
12.9321699142,80.2385787964,44600,44610,10
12.9317998886,80.2387466431,44610,44620,10
12.9311800003,80.2385177612,44620,44649,29
12.9311800003,80.2385177612,44649,44661,12
12.930970192,80.2384719849,44661,44671,10
12.9304895401,80.2382965088,44671,44681,10
12.9297704697,80.23802948,44681,44691,10
12.9295501709,80.2382202148,44691,44701,10
12.9294300079,80.2385787964,44701,44711,10
12.9293003082,80.2389831543,44711,44721,10
12.9290304184,80.2389984131,44721,44731,10
12.9282999039,80.2388305664,44731,44751,20
12.9282999039,80.2388305664,44751,44762,11
12.9282398224,80.2387771606,44762,44772,10
12.9278097153,80.2386779785,44772,44782,10
12.9271297455,80.23853302,44782,44792,10
12.9262800217,80.238319397,44792,44802,10
12.9255399704,80.2381286621,44802,44812,10
12.9255695343,80.2383422852,44812,44822,10
12.925740242,80.2382507324,44822,44832,10
12.9258003235,80.2382125854,44832,44842,10
12.9259796143,80.2382125854,44842,44852,10
12.9263801575,80.2383270264,44852,44862,10
12.927069664,80.2384872437,44862,44873,11
12.9278898239,80.2386932373,44873,44883,10
12.9281997681,80.2387619019,44883,44893,10
12.9283103943,80.2387924194,44893,44903,10
12.9287900925,80.2389221191,44903,44913,10
12.9293003082,80.2389221191,44913,44923,10
12.9294204712,80.2385482788,44923,44933,10
12.9295701981,80.2380828857,44933,44943,10
12.9298200607,80.2379989624,44943,44953,10
12.9303302765,80.2381896973,44953,44963,10
12.931019783,80.2384414673,44963,44974,11
12.9312000275,80.2385025024,44974,44984,10
12.9312601089,80.2385177612,44984,44994,10
12.9315595627,80.2386398315,44994,45004,10
12.932100296,80.2387008667,45004,45014,10
12.9322500229,80.2384033203,45014,45024,10
12.9323596954,80.2380599976,45024,45034,10
12.9326000214,80.2374572754,45034,45044,10
12.9327001572,80.237121582,45044,45054,10
12.9328403473,80.2367706299,45054,45064,10
12.9328804016,80.236541748,45064,45075,11
12.9330101013,80.2361221313,45075,45085,10
12.9333200455,80.2361602783,45085,45095,10
12.9335699081,80.2360076904,45095,45105,10
12.933719635,80.2355117798,45105,45115,10
12.9338302612,80.2350769043,45115,45125,10
12.9339399338,80.2349777222,45125,45135,10
12.9343204498,80.2351379395,45135,45145,10
12.9346904755,80.2352981567,45145,45155,10
12.9349803925,80.2354431152,45155,45165,10
12.9351501465,80.2352905273,45165,45175,10
12.9352397919,80.2350082397,45175,45186,11
12.9355401993,80.234336853,45186,45196,10
12.9358301163,80.2337799072,45196,45206,10
12.9362096786,80.2339172363,45206,45216,10
12.9368400574,80.2342071533,45216,45226,10
12.9376497269,80.2346191406,45226,45236,10
12.9386301041,80.2351074219,45236,45246,10
12.9395999908,80.2355804443,45246,45256,10
12.9397602081,80.2356491089,45256,45266,10
12.9398899078,80.2357330322,45266,45276,10
12.9404001236,80.2359237671,45276,45287,11
12.9412498474,80.2361297607,45287,45297,10
12.9422197342,80.236366272,45297,45307,10
12.9432296753,80.2369232178,45307,45317,10
12.9440898895,80.2378234863,45317,45327,10
12.9449901581,80.2387771606,45327,45337,10
12.9461097717,80.2395019531,45337,45347,10
12.9471902847,80.2399215698,45347,45357,10
12.9473495483,80.2399902344,45357,45367,10
12.9476804733,80.2401580811,45367,45377,10
12.948220253,80.2403411865,45377,45388,11
12.9487800598,80.240562439,45388,45418,30
12.9487800598,80.240562439,45418,45428,10
12.9491100311,80.2407073975,45428,45438,10
12.949640274,80.2409133911,45438,45448,10
12.9504098892,80.2411270142,45448,45458,10
12.9511203766,80.2413406372,45458,45468,10
12.9512300491,80.2413711548,45468,45478,10
12.9516601563,80.2415313721,45478,45487,9
12.9522800446,80.2417678833,45487,45499,12
12.9532499313,80.242149353,45499,45509,10
12.9538803101,80.2423782349,45509,45519,10
12.9541101456,80.2424926758,45519,45529,10
12.9546203613,80.2426986694,45529,45539,10
12.9552602768,80.2429428101,45539,45549,10
12.9563398361,80.2433776855,45549,45579,30
12.9563398361,80.2433776855,45579,45589,10
12.9567804337,80.243560791,45589,45600,11
12.9574604034,80.243850708,45600,45610,10
12.9581098557,80.2441177368,45610,45620,10
12.9588098526,80.244392395,45620,45630,10
12.9589004517,80.2444381714,45630,45640,10
12.9590101242,80.2445220947,45640,45650,10
12.9593801498,80.2447128296,45650,45660,10
12.9600200653,80.2450027466,45660,45670,10
12.9608402252,80.2453613281,45670,45680,10
12.961810112,80.2458190918,45680,45690,10
12.9625997543,80.2462234497,45690,45700,10
12.9634103775,80.2466583252,45700,45771,71
12.9634103775,80.2466583252,45771,45781,10
12.9635696411,80.2467193604,45781,45791,10
12.9640102386,80.2469024658,45791,45801,10
12.9646997452,80.2471466064,45801,45812,11
12.965669632,80.247467041,45812,45822,10
12.966629982,80.2478713989,45822,45832,10
12.9670000076,80.2480316162,45832,45842,10
12.9671001434,80.2480926514,45842,45852,10
12.9675598145,80.2482910156,45852,45862,10
12.9682998657,80.2485961914,45862,45872,10
12.9692201614,80.2489776611,45872,45882,10
12.970290184,80.2493896484,45882,45892,10
12.9714803696,80.2497634888,45892,45901,9
12.9725999832,80.2500534058,45901,45913,12
12.9741001129,80.2504501343,45913,45923,10
12.9753904343,80.2508163452,45923,45933,10
12.9766998291,80.2511978149,45933,45943,10
12.9778203964,80.2518234253,45943,45953,10
12.9785299301,80.2523193359,45953,45963,10
12.9785804749,80.2523498535,45963,45973,10
12.9788999557,80.2525177002,45973,45983,10
12.9796600342,80.2525863647,45983,46034,51
12.9796600342,80.2525863647,46034,46044,10
12.9798202515,80.2526397705,46044,46054,10
12.9802999496,80.2526321411,46054,46064,10
12.9810400009,80.2526092529,46064,46074,10
12.9819602966,80.2526016235,46074,46084,10
12.9830102921,80.2525405884,46084,46094,10
12.9840602875,80.2523269653,46094,46104,10
12.9849796295,80.2520370483,46104,46145,41
12.9849796295,80.2520370483,46145,46155,10
12.9851999283,80.251991272,46155,46165,10
12.9854297638,80.251953125,46165,46175,10
12.9859199524,80.2518005371,46175,46185,10
12.986869812,80.2515792847,46185,46296,111
12.986869812,80.2515792847,46296,46306,10
12.9870300293,80.2515182495,46306,46316,10
12.9873695374,80.2514190674,46316,46326,10
12.9877595901,80.251373291,46326,46337,11
12.987950325,80.2518005371,46337,46347,10
12.9879903793,80.2525024414,46347,46357,10
12.9878997803,80.2534637451,46357,46367,10
12.9877901077,80.255027771,46367,46458,91
12.9877901077,80.255027771,46458,46468,10
12.9877004623,80.2550506592,46468,46478,10
12.9876499176,80.2554321289,46478,46488,10
12.9878501892,80.2557983398,46488,46498,10
12.9887504578,80.2558822632,46498,46518,20
12.9887504578,80.2558822632,46518,46528,10
12.9890899658,80.2559204102,46528,46539,11
12.9897298813,80.2559814453,46539,46549,10
12.9904098511,80.2559661865,46549,46559,10
12.9908399582,80.2560119629,46559,46569,10
12.9914798737,80.2560119629,46569,46579,10
12.9923200607,80.2560195923,46579,46589,10
12.9933099747,80.2559509277,46589,46599,10
12.9941797256,80.2559127808,46599,46609,10
12.9947500229,80.2558898926,46609,46619,10
12.9952497482,80.2558517456,46619,46629,10
12.9957399368,80.2558517456,46629,46639,10
12.9965295792,80.2557983398,46639,46700,61
12.9965295792,80.2557983398,46700,46710,10
12.9966497421,80.2558364868,46710,46720,10
12.9968900681,80.2558135986,46720,46730,10
12.9971399307,80.255821228,46730,46740,10
12.9976301193,80.2558517456,46740,46751,11
12.9981203079,80.255897522,46751,46761,10
12.9985198975,80.2559509277,46761,46771,10
12.99862957,80.2559661865,46771,46781,10
12.9989795685,80.2560195923,46781,46791,10
12.9990501404,80.2560424805,46791,46801,10
12.9992103577,80.2560424805,46801,46841,40
12.9992103577,80.2560424805,46841,46852,11
12.9992904663,80.2560577393,46852,46862,10
12.9996595383,80.2561569214,46862,46872,10
13.0002403259,80.2562637329,46872,46882,10
13.0010004044,80.2564086914,46882,46932,50
13.0010004044,80.2564086914,46932,46942,10
13.0010900497,80.2565002441,46942,46952,10
13.0013999939,80.2565383911,46952,46963,11
13.0018701553,80.2566223145,46963,46973,10
13.0024900436,80.2566986084,46973,46983,10
13.0032300949,80.2568511963,46983,46993,10
13.0039701462,80.256980896,46993,47003,10
13.0046100616,80.2571105957,47003,47013,10
13.0051002502,80.2571792603,47013,47023,10
13.0053596497,80.2572097778,47023,47033,10
13.0055303574,80.2572784424,47033,47043,10
13.0059204102,80.2573471069,47043,47053,10
13.0064201355,80.2574234009,47053,47064,11
13.0068597794,80.2578582764,47064,47074,10
13.0073404312,80.2584915161,47074,47084,10
13.0081596375,80.2588500977,47084,47094,10
13.0085201263,80.2589797974,47094,47104,10
13.0086402893,80.2590408325,47104,47114,10
13.0090799332,80.2590637207,47114,47124,10
13.0098199844,80.2590484619,47124,47134,10
13.010720253,80.2590484619,47134,47144,10
13.011759758,80.2590713501,47144,47154,10
13.0129404068,80.2591171265,47154,47164,10
13.0141801834,80.2591400146,47164,47175,11
13.0155096054,80.2592391968,47175,47185,10
13.0162696838,80.2595367432,47185,47205,20
13.0162696838,80.2595367432,47205,47215,10
13.0163297653,80.2595977783,47215,47225,10
13.0166196823,80.2598571777,47225,47235,10
13.016869545,80.259979248,47235,47245,10
13.0172195435,80.2602386475,47245,47255,10
13.0178098679,80.2606506348,47255,47265,10
13.018529892,80.261138916,47265,47276,11
13.019109726,80.2616424561,47276,47286,10
13.0196304321,80.2621612549,47286,47296,10
13.0202598572,80.2627716064,47296,47306,10
13.0200996399,80.2629928589,47306,47316,10
13.0195198059,80.2629470825,47316,47326,10
13.0190200806,80.2630233765,47326,47336,10
13.0190601349,80.2635803223,47336,47346,10
13.019080162,80.2644195557,47346,47356,10
13.0188598633,80.2652282715,47356,47366,10
13.0187501907,80.2656173706,47366,47377,11
13.0186700821,80.2663574219,47377,47387,10
13.0188102722,80.2671585083,47387,47397,10
13.019370079,80.2679519653,47397,47407,10
13.0199604034,80.268699646,47407,47417,10
13.021320343,80.2703399658,47417,47427,10
13.021320343,80.2703399658,47427,47437,10
13.022069931,80.271270752,47437,47447,10
13.0228099823,80.2722320557,47447,47465,18
13.0237197876,80.273399353,47465,47486,21
13.0237197876,80.273399353,47486,47496,10
13.0237903595,80.2734985352,47496,47506,10
13.0240602493,80.2738723755,47506,47516,10
13.024479866,80.2744293213,47516,47526,10
13.0249595642,80.2747116089,47526,47536,10
13.0254297256,80.2749023438,47536,47556,20
13.0254297256,80.2749023438,47556,47566,10
13.0255098343,80.2749633789,47566,47576,10
13.0257501602,80.2750701904,47576,47587,11
13.0263004303,80.2752990723,47587,47597,10
13.0269098282,80.2755966187,47597,47607,10
13.027469635,80.2758865356,47607,47617,10
13.0279197693,80.2760925293,47617,47627,10
13.0282897949,80.2762298584,47627,47637,10
13.0284795761,80.2762908936,47637,47647,10
13.0286903381,80.2763519287,47647,47657,10
13.0289001465,80.2764587402,47657,47667,10
13.0290298462,80.2765426636,47667,47676,9
13.0292196274,80.2765884399,47676,47688,12
13.0292596817,80.2766036987,47688,47698,10
13.0295000076,80.2766418457,47698,47728,30
13.0295000076,80.2766418457,47728,47738,10
13.0299100876,80.2767333984,47738,47748,10
13.0301103592,80.2768325806,47748,47809,61
13.030500412,80.2770004272,47809,47940,131
13.0307197571,80.2771224976,47940,47990,50
13.0307197571,80.2771224976,47990,48000,10
13.0311002731,80.2773895264,48000,48011,11
13.031129837,80.2773971558,48011,48021,10
13.0312995911,80.2774887085,48021,48031,10
13.0314798355,80.2775421143,48031,48061,30
13.0314798355,80.2775421143,48061,48071,10
13.03166008,80.2775726318,48071,48081,10
13.0316696167,80.2775726318,48081,48091,10
13.031920433,80.2775802612,48091,48101,10
13.0321903229,80.2775421143,48101,48112,11
13.0324497223,80.2774963379,48112,48162,50
13.0324497223,80.2774963379,48162,48172,10
13.0326404572,80.2774963379,48172,48273,101
13.0326404572,80.2774963379,48273,48283,10
13.0328903198,80.2775268555,48283,48293,10
13.0330896378,80.2774429321,48293,48364,71
13.0330896378,80.2774429321,48364,48374,10
13.0335597992,80.2772903442,48374,48414,40
13.0339298248,80.2773590088,48414,48495,81
13.0343399048,80.2774887085,48495,48515,20
13.0343399048,80.2774887085,48515,48525,10
13.0345201492,80.2775421143,48525,48536,11
13.0350103378,80.2776184082,48536,48596,60
13.0350103378,80.2776184082,48596,48606,10
13.0353298187,80.2777481079,48606,48616,10
13.0357503891,80.2778091431,48616,48626,10
13.03647995,80.2779693604,48626,48637,11
13.0373001099,80.2782592773,48637,48647,10
13.0381402969,80.2784805298,48647,48657,10
13.0388898849,80.278678894,48657,48677,20
13.0388898849,80.278678894,48677,48687,10
13.0391197205,80.2787780762,48687,48697,10
13.0394697189,80.2789001465,48697,48707,10
13.0401000977,80.2790679932,48707,48717,10
13.0409002304,80.2792510986,48717,48727,10
13.0418796539,80.2793884277,48727,48738,11
13.0431098938,80.279548645,48738,48748,10
13.0441703796,80.2798461914,48748,48758,10
13.0453701019,80.2800216675,48758,48768,10
13.0464496613,80.2801513672,48768,48778,10
13.0465497971,80.2801589966,48778,48788,10
13.0467395782,80.2801971436,48788,48798,10
13.0473203659,80.2802886963,48798,48808,10
13.0481500626,80.2804107666,48808,48818,10
13.0491800308,80.2805633545,48818,48828,10
13.050359726,80.2807312012,48828,48839,11
13.0516395569,80.2809371948,48839,48849,10
13.0528202057,80.2811279297,48849,48859,10
13.054019928,80.2813110352,48859,48869,10
13.0552101135,80.281539917,48869,48879,10
13.0565500259,80.281791687,48879,48909,30
13.0565500259,80.281791687,48909,48919,10
13.0569000244,80.2818527222,48919,48929,10
13.0573997498,80.2819519043,48929,48939,10
13.0575304031,80.2819824219,48939,48950,11
13.05809021,80.2821121216,48950,48960,10
13.0588598251,80.2822799683,48960,48970,10
13.0598402023,80.2824783325,48970,48980,10
13.0609703064,80.2827072144,48980,48990,10
13.0621404648,80.282951355,48990,49000,10
13.063170433,80.283203125,49000,49020,20
13.063170433,80.283203125,49020,49030,10
13.0632400513,80.283241272,49030,49040,10
13.0635700226,80.2833099365,49040,49051,11
13.0641698837,80.2834625244,49051,49061,10
13.0649595261,80.2836227417,49061,49071,10
13.0659599304,80.2838287354,49071,49081,10
13.0670700073,80.2840576172,49081,49091,10
13.0677099228,80.2841491699,49091,49101,10
13.0679101944,80.2842025757,49101,49111,10
13.0684204102,80.2843322754,49111,49121,10
13.0692100525,80.2845077515,49121,49131,10
13.0701799393,80.2847671509,49131,49141,10
13.0713300705,80.2850570679,49141,49151,10
13.0725402832,80.2853164673,49151,49162,11
13.0737600327,80.2854232788,49162,49172,10
13.0739803314,80.2856903076,49172,49182,10
13.0740299225,80.2857589722,49182,49192,10
13.0741300583,80.2858276367,49192,49202,10
13.0745000839,80.2861480713,49202,49212,10
13.0751304626,80.2865371704,49212,49222,10
13.0759096146,80.2869567871,49222,49232,10
13.0769796371,80.2872390747,49232,49242,10
13.0781402588,80.2875289917,49242,49252,10
13.0792503357,80.2879104614,49252,49263,11
13.0834798813,80.2891769409,49263,49328,65
13.0834798813,80.2891769409,49328,49358,30
13.086979866,80.2895736694,49358,49369,11
13.08796978,80.2899780273,49369,49379,10
13.0888299942,80.2901611328,49379,49419,40
13.0888299942,80.2901611328,49419,49429,10
13.0888700485,80.2903289795,49429,49439,10
13.0885896683,80.2903671265,49439,49449,10
13.0880403519,80.2901077271,49449,49459,10
13.0872602463,80.2898330688,49459,49470,11
13.0864496231,80.2896118164,49470,49480,10
13.0857696533,80.2894134521,49480,49490,10
13.0853700638,80.288772583,49490,49500,10
13.0851297379,80.2879333496,49500,49510,10
13.0851402283,80.287147522,49510,49518,8
13.0854597092,80.2833709717,49518,49639,121
13.0854597092,80.2833709717,49639,49649,10
13.0854597092,80.2831115723,49649,49659,10
13.0854797363,80.2828063965,49659,49669,10
13.0855197906,80.2826309204,49669,49680,11
13.0855903625,80.2820281982,49680,49690,10
13.0856704712,80.2814178467,49690,49700,10
13.0857400894,80.280960083,49700,49710,10
13.0856704712,80.280456543,49710,49720,10
13.0854597092,80.2797012329,49720,49730,10
13.0848903656,80.2793426514,49730,49740,10
13.0844602585,80.279258728,49740,49750,10
13.0837697983,80.2791671753,49750,49760,10
13.0825901031,80.2787094116,49760,49781,21
13.0825901031,80.2787094116,49781,49791,10
13.0822496414,80.2785491943,49791,49801,10
13.0819396973,80.2782287598,49801,49811,10
13.0818500519,80.2775115967,49811,49821,10
13.0817699432,80.2767028809,49821,49831,10
13.0816497803,80.2759780884,49831,49841,10
13.0815601349,80.2755279541,49841,49851,10
13.081489563,80.2753219604,49851,49861,10
13.0812196732,80.2751922607,49861,49871,10
13.0807304382,80.2752609253,49871,49882,11
13.0801401138,80.2753372192,49882,49892,10
13.0796604156,80.275352478,49892,49902,10
13.0790395737,80.2752304077,49902,49912,10
13.07833004,80.2754592896,49912,49922,10
13.07791996,80.2762069702,49922,49932,10
13.0769701004,80.2762832642,49932,49942,10
13.0761203766,80.2763290405,49942,49952,10
13.0759000778,80.276260376,49952,49962,10
13.0759296417,80.2759780884,49962,49972,10
13.0759401321,80.2754669189,49972,49981,9
13.0760297775,80.2747268677,49981,50164,183
13.0760297775,80.2747268677,50164,50173,9
13.0758304596,80.2747497559,50173,50184,11
13.0757102966,80.2752075195,50184,50255,71
13.0755796432,80.2751998901,50255,50619,364
13.0755395889,80.2752532959,50619,51578,959
13.0755395889,80.2752532959,51578,51588,10
13.0758199692,80.2752304077,51588,51598,10
13.075969696,80.2755813599,51598,51608,10
13.0760202408,80.2759094238,51608,52153,545
13.0760202408,80.2759094238,52153,52163,10
13.0760202408,80.2759780884,52163,52173,10
13.0759296417,80.2761383057,52173,52182,9
13.075920105,80.2762908936,52182,52194,12
13.0757303238,80.2764129639,52194,52204,10
13.0751495361,80.2763977051,52204,52214,10
13.0744600296,80.2764511108,52214,52224,10
13.0740804672,80.2767410278,52224,52234,10
13.0743598938,80.2771224976,52234,52244,10
13.0749197006,80.2777175903,52244,52254,10
13.0756397247,80.2784194946,52254,52264,10
13.0763397217,80.2792282104,52264,52274,10
13.077170372,80.2801132202,52274,52284,10
13.0779304504,80.2808685303,52284,52295,11
13.0785799026,80.2816009521,52295,52305,10
13.0790901184,80.2818832397,52305,52315,10
13.0796499252,80.2814407349,52315,52325,10
13.0801696777,80.280921936,52325,52335,10
13.0809001923,80.2806930542,52335,52345,10
13.0816602707,80.2810821533,52345,52355,10
13.0820703506,80.2814178467,52355,52375,20
13.0820703506,80.2814178467,52375,52385,10
13.0820999146,80.281463623,52385,52396,11
13.0824804306,80.2817687988,52396,52406,10
13.0831403732,80.2821884155,52406,52416,10
13.0838298798,80.2826309204,52416,52426,10
13.0844097137,80.2830200195,52426,52436,10
13.0849895477,80.2835998535,52436,52446,10
13.0853395462,80.2837677002,52446,52456,10
13.085650444,80.2835617065,52456,52466,10
13.0860595703,80.2835464478,52466,52476,10
13.0864295959,80.2837219238,52476,52486,10
13.0868196487,80.2839431763,52486,52497,11
13.0874996185,80.2839279175,52497,52557,60
13.0874996185,80.2839279175,52557,52567,10
13.0877599716,80.2838821411,52567,52577,10
13.0879402161,80.2838897705,52577,52587,10
13.0881204605,80.2837677002,52587,53001,414
13.0881204605,80.2837677002,53001,53011,10
13.0881204605,80.2836380005,53011,53021,10
13.0881900787,80.2835388184,53021,53032,11
13.0882701874,80.2834014893,53032,53042,10
13.0882797241,80.2832183838,53042,53052,10
13.0882797241,80.282913208,53052,53062,10
13.0882902145,80.2825317383,53062,53072,10
13.0882701874,80.2822189331,53072,53082,10
13.0881500244,80.2817611694,53082,53092,10
13.088139534,80.2814178467,53092,53102,10
13.0883798599,80.281463623,53102,53112,10
13.0885601044,80.2816696167,53112,53163,51
13.0885601044,80.2816696167,53163,53173,10
13.0884599686,80.2821884155,53173,53203,30
13.0883798599,80.282333374,53203,53284,81
13.0883798599,80.282333374,53284,53294,10
13.0883598328,80.2827224731,53294,53345,51
13.0883102417,80.2831192017,53345,53395,50
13.0883102417,80.2831192017,53395,53405,10
13.0883197784,80.2835083008,53405,53415,10
13.0883102417,80.2836303711,53415,53425,10
13.0883398056,80.2841186523,53425,53435,10
13.0884103775,80.2848968506,53435,53506,71
13.0884103775,80.2848968506,53506,53516,10
13.0884799957,80.2851715088,53516,53526,10
13.0884799957,80.2855300903,53526,53536,10
13.0884799957,80.2857971191,53536,53546,10
13.0884799957,80.2862319946,53546,53557,11
13.0884895325,80.2864074707,53557,53567,10
13.0884895325,80.2867279053,53567,53577,10
13.088549614,80.2872390747,53577,53587,10
13.0885801315,80.287399292,53587,53597,10
13.0886001587,80.2876968384,53597,53607,10
13.0886497498,80.2881698608,53607,53617,10
13.0886602402,80.2883300781,53617,53627,10
13.088640213,80.2883987427,53627,53637,10
13.0886297226,80.2884979248,53637,53647,10
13.0886497498,80.2887191772,53647,53658,11
13.0887203217,80.2892837524,53658,53668,10
13.0887804031,80.2898635864,53668,53678,10
13.0887699127,80.2901535034,53678,53738,60
13.0887699127,80.2901535034,53738,53748,10
13.0886297226,80.2903594971,53748,53759,11
13.0880098343,80.2900619507,53759,53769,10
13.0871801376,80.2896881104,53769,53779,10
13.0860204697,80.289352417,53779,53789,10
13.0846700668,80.2891693115,53789,53799,10
13.0835504532,80.2892074585,53799,53809,10
13.0825500488,80.2890319824,53809,53819,10
13.0813798904,80.2885894775,53819,53829,10
13.0803804398,80.2882766724,53829,53839,10
13.0802297592,80.2882385254,53839,53849,10
13.0800199509,80.2882003784,53849,53860,11
13.0798397064,80.2881622314,53860,53870,10
13.0792798996,80.2880325317,53870,53880,10
13.0784797668,80.287689209,53880,53890,10
13.0774002075,80.2874069214,53890,53900,10
13.0761899948,80.287109375,53900,53910,10
13.0750102997,80.2865829468,53910,53920,10
13.0741701126,80.2861709595,53920,53930,10
13.0738401413,80.2860870361,53930,53940,10
13.0732097626,80.2858886719,53940,53950,10
13.0723695755,80.2854385376,53950,53960,10
13.0712404251,80.2851409912,53960,53971,11
13.0698699951,80.2847976685,53971,53981,10
13.0685796738,80.2845001221,53981,53991,10
13.0672702789,80.2842483521,53991,54001,10
13.0659503937,80.2839584351,54001,54011,10
13.0648298264,80.283706665,54011,54021,10
13.064499855,80.2836532593,54021,54031,10
13.0643501282,80.2836074829,54031,54041,10
13.0639600754,80.283493042,54041,54051,10
13.0633201599,80.2833328247,54051,54061,10
13.062620163,80.2831726074,54061,54082,21
13.062620163,80.2831726074,54082,54092,10
13.062210083,80.2830505371,54092,54102,10
13.0614795685,80.2828903198,54102,54112,10
13.060500145,80.2826766968,54112,54122,10
13.0593299866,80.2824401855,54122,54132,10
13.05809021,80.2822036743,54132,54142,10
13.0572299957,80.2820205688,54142,54152,10
13.0568799973,80.2819595337,54152,54173,21
13.0568799973,80.2819595337,54173,54183,10
13.0565395355,80.2818908691,54183,54193,10
13.055850029,80.2817382813,54193,54203,10
13.054889679,80.2815170288,54203,54213,10
13.053730011,80.281288147,54213,54223,10
13.052479744,80.2810974121,54223,54233,10
13.0512104034,80.2808990479,54233,54243,10
13.0499095917,80.2807235718,54243,54253,10
13.0485801697,80.2805404663,54253,54263,10
13.0472402573,80.2803421021,54263,54273,10
13.0460395813,80.2801895142,54273,54284,11
13.0456495285,80.2801513672,54284,54294,10
13.0452404022,80.2800979614,54294,54304,10
13.0445098877,80.2799987793,54304,54314,10
13.043680191,80.2798690796,54314,54324,10
13.0427904129,80.2796707153,54324,54334,10
13.0416603088,80.2794570923,54334,54344,10
13.0404100418,80.2792205811,54344,54354,10
13.039440155,80.278968811,54354,54364,10
13.0390701294,80.2788696289,54364,54374,10
13.0389995575,80.2788314819,54374,54385,11
13.0385198593,80.2786483765,54385,54395,10
13.037779808,80.2784423828,54395,54405,10
13.0369195938,80.2781829834,54405,54415,10
13.0360803604,80.2778778076,54415,54425,10
13.0355701447,80.2778015137,54425,54435,10
13.0350799561,80.2777175903,54435,54445,10
13.0344104767,80.2775878906,54445,54455,10
13.0337200165,80.2774124146,54455,54465,10
13.0335597992,80.2774200439,54465,54475,10
13.0330600739,80.2775115967,54475,54486,11
13.0322599411,80.2775268555,54486,54496,10
13.031709671,80.2776031494,54496,54506,10
13.0309200287,80.2772827148,54506,54526,20
13.0309200287,80.2772827148,54526,54536,10
13.030579567,80.2770462036,54536,54546,10
13.0299301147,80.2767715454,54546,54556,10
13.0291996002,80.2765808105,54556,54566,10
13.0286102295,80.2763824463,54566,54576,10
13.0279302597,80.2760925293,54576,54586,10
13.0271196365,80.2757263184,54586,54597,11
13.0261497498,80.2753067017,54597,54607,10
13.0259599686,80.2752304077,54607,54617,10
13.0256700516,80.275100708,54617,54627,10
13.0250501633,80.2748184204,54627,54637,10
13.0244102478,80.2744293213,54637,54647,10
13.024020195,80.273979187,54647,54657,10
13.0236301422,80.2734375,54657,54667,10
13.0231599808,80.2727890015,54667,54677,10
13.0225296021,80.2719421387,54677,54686,9
13.0219602585,80.2712020874,54686,54698,12
13.021229744,80.2702865601,54698,54708,10
13.0208702087,80.2698822021,54708,54718,10
13.0208301544,80.2698364258,54718,54728,10
13.0205898285,80.26953125,54728,54738,10
13.0201501846,80.2689666748,54738,54748,10
13.0195503235,80.2682189941,54748,54758,10
13.0188398361,80.2673416138,54758,54768,10
13.0186195374,80.2663421631,54768,54777,9
13.0186300278,80.2658920288,54777,54788,11
13.0187397003,80.2653427124,54788,54799,11
13.018989563,80.2644424438,54799,54809,10
13.0189695358,80.2635574341,54809,54819,10
13.018910408,80.2631607056,54819,54829,10
13.0188999176,80.2630386353,54829,54839,10
13.0188703537,80.2627334595,54839,54849,10
13.0187997818,80.262046814,54849,54859,10
13.018529892,80.2612609863,54859,54869,10
13.0177297592,80.2607116699,54869,54879,10
13.0168199539,80.2601013184,54879,54889,10
13.0160503387,80.2596893311,54889,54899,10
13.0160303116,80.2596817017,54899,54910,11
13.0159196854,80.2596206665,54910,54920,10
13.0154600143,80.259437561,54920,54930,10
13.0147199631,80.2593231201,54930,54940,10
13.0138301849,80.2592773438,54940,54950,10
13.0127096176,80.2592391968,54950,54960,10
13.0115098953,80.2592086792,54960,54970,10
13.0103197098,80.2592468262,54970,54980,10
13.0090904236,80.2592163086,54980,54990,10
13.008649826,80.2592163086,54990,55000,10
13.0081300735,80.2592010498,55000,55011,11
13.0073795319,80.2593307495,55011,55021,10
13.0071201324,80.2586975098,55021,55031,10
13.0070695877,80.2585678101,55031,55041,10
13.0068302155,80.2581329346,55041,55051,10
13.0062904358,80.25756073,55051,55061,10
13.0054197311,80.2573471069,55061,55071,10
13.0044002533,80.2571182251,55071,55081,10
13.0034399033,80.2569122314,55081,55091,10
13.0026397705,80.2567367554,55091,55112,21
13.0026397705,80.2567367554,55112,55122,10
13.0025396347,80.2566986084,55122,55132,10
13.0020904541,80.2566223145,55132,55142,10
13.0014896393,80.2565536499,55142,55152,10
13.0007295609,80.256439209,55152,55162,10
13.0000600815,80.2563476563,55162,55172,10
12.9996900558,80.2562789917,55172,55202,30
12.9996900558,80.2562789917,55202,55212,10
12.9993200302,80.2561569214,55212,55223,11
12.9985799789,80.2561035156,55223,55253,30
12.9985799789,80.2561035156,55253,55263,10
12.9983301163,80.2560501099,55263,55273,10
12.9977703094,80.2559585571,55273,55283,10
12.9975099564,80.2559432983,55283,55293,10
12.9973096848,80.2559509277,55293,55303,10
12.9968595505,80.2559280396,55303,55313,10
12.9963998795,80.2559280396,55313,55324,11
12.9957895279,80.2559204102,55324,55334,10
12.9953098297,80.2559204102,55334,55344,10
12.9948501587,80.2559509277,55344,55354,10
12.9942903519,80.2559661865,55354,55364,10
12.9934902191,80.2560424805,55364,55374,10
12.9924697876,80.2561035156,55374,55384,10
12.9913196564,80.256072998,55384,55394,10
12.9904298782,80.2560577393,55394,55404,10
12.9897003174,80.2560424805,55404,55414,10
12.9887895584,80.2559890747,55414,55425,11
12.988120079,80.2559127808,55425,55435,10
12.9880599976,80.2559127808,55435,55445,10
12.987859726,80.255859375,55445,55475,30
12.987859726,80.255859375,55475,55485,10
12.9876699448,80.2557907104,55485,55495,10
12.9871501923,80.2556686401,55495,55505,10
12.9863500595,80.2555465698,55505,55515,10
12.9860496521,80.2554931641,55515,55525,10
12.9858198166,80.2554397583,55525,55536,11
12.9852199554,80.2553024292,55536,55546,10
12.9844198227,80.2551116943,55546,55556,10
12.9834604263,80.2548522949,55556,55566,10
12.9823598862,80.2545394897,55566,55576,10
12.9818401337,80.253616333,55576,55586,10
12.9813299179,80.2527999878,55586,55596,10
12.9804296494,80.2528076172,55596,55606,10
12.9798698425,80.252822876,55606,55616,10
12.9794502258,80.2527236938,55616,55625,9
12.9788398743,80.2526626587,55625,55637,12
12.9786396027,80.2526092529,55637,55647,10
12.9783697128,80.252456665,55647,55657,10
12.9778404236,80.2520217896,55657,55667,10
12.9770097733,80.2514419556,55667,55677,10
12.9758701324,80.2510604858,55677,55687,10
12.9746599197,80.2506866455,55687,55697,10
12.9733896255,80.250328064,55697,55707,10
12.9720802307,80.2499923706,55707,55717,10
12.970749855,80.2496337891,55717,55727,10
12.9694299698,80.249130249,55727,55738,11
12.968000412,80.2485580444,55738,55748,10
12.9667701721,80.2480163574,55748,55758,10
12.9656600952,80.2475280762,55758,55767,9
12.9650001526,80.2473602295,55767,55778,11
12.9649400711,80.2473373413,55778,55788,10
12.9645700455,80.247177124,55788,55798,10
12.9638996124,80.2469100952,55798,55808,10
12.9635295868,80.2467498779,55808,55818,10
12.96352005,80.2467498779,55818,55828,10
12.9631595612,80.2465667725,55828,55837,9
12.9625701904,80.2462768555,55837,55849,12
12.9614696503,80.2457504272,55849,55859,10
12.9603996277,80.2452468872,55859,55869,10
12.9594097137,80.2448501587,55869,55879,10
12.9593400955,80.2448196411,55879,55889,10
12.9593200684,80.2447967529,55889,55899,10
12.9589595795,80.2446212769,55899,55909,10
12.9582700729,80.2443008423,55909,55919,10
12.957570076,80.2440414429,55919,55929,10
12.956700325,80.2437210083,55929,55950,21
12.9566297531,80.2436904907,55950,56000,50
12.9566297531,80.2436904907,56000,56010,10
12.9562797546,80.243560791,56010,56020,10
12.9557199478,80.2433013916,56020,56030,10
12.9549102783,80.2429199219,56030,56040,10
12.9538602829,80.242477417,56040,56051,11
12.9526395798,80.2419891357,56051,56061,10
12.9515199661,80.241607666,56061,56071,10
12.951259613,80.2415313721,56071,56081,10
12.9508600235,80.2413787842,56081,56091,10
12.9501104355,80.2411422729,56091,56101,10
12.9493303299,80.2409286499,56101,56111,10
12.9492101669,80.2408905029,56111,56121,10
12.949090004,80.2408370972,56121,56131,10
12.9485502243,80.2406005859,56131,56141,10
12.9477300644,80.2402496338,56141,56151,10
12.9467096329,80.2398223877,56151,56162,11
12.945520401,80.2393112183,56162,56172,10
12.9445896149,80.2384796143,56172,56182,10
12.9437503815,80.2375411987,56182,56192,10
12.9428596497,80.2367172241,56192,56202,10
12.9416399002,80.2362594604,56202,56212,10
12.9398698807,80.2358169556,56212,56232,20
12.9398698807,80.2358169556,56232,56242,10
12.9396295547,80.2357177734,56242,56252,10
12.9394798279,80.2356491089,56252,56263,11
12.9389095306,80.2353668213,56263,56273,10
12.9381303787,80.2349777222,56273,56283,10
12.9371404648,80.2344970703,56283,56293,10
12.9360799789,80.2340011597,56293,56303,10
12.9356298447,80.2340164185,56303,56313,10
12.9356002808,80.2341537476,56313,56323,10
12.9354295731,80.23462677,56323,56333,10
12.9351797104,80.2353134155,56333,56343,10
12.9350204468,80.2354507446,56343,56352,9
12.934800148,80.2353591919,56352,56364,12
12.9341697693,80.2350921631,56364,56374,10
12.9338302612,80.2351379395,56374,56384,10
12.9336795807,80.2356796265,56384,56394,10
12.9335603714,80.2361526489,56394,56404,10
12.9333496094,80.2361907959,56404,56414,10
12.9332399368,80.2361679077,56414,56424,10
12.9329900742,80.2361297607,56424,56434,10
12.9329099655,80.2365722656,56434,56444,10
12.9327201843,80.2372131348,56444,56454,10
12.9326095581,80.2374801636,56454,56464,10
12.9323701859,80.2381210327,56464,56475,11
12.9322004318,80.2385482788,56475,56485,10
12.9318799973,80.2387466431,56485,56495,10
12.931189537,80.2385406494,56495,56525,30
12.931189537,80.2385406494,56525,56535,10
12.9309301376,80.2384414673,56535,56545,10
12.9303102493,80.2382278442,56545,56555,10
12.9295701981,80.23802948,56555,56565,10
12.9294700623,80.2383422852,56565,56576,11
12.929309845,80.2389297485,56576,56586,10
12.929019928,80.2390213013,56586,56596,10
12.9283304214,80.2388305664,56596,56616,20
12.9283304214,80.2388305664,56616,56626,10
12.9282999039,80.2388076782,56626,56636,10
12.9278802872,80.2387084961,56636,56646,10
12.9271097183,80.23853302,56646,56656,10
12.9261903763,80.238319397,56656,56666,10
12.9254302979,80.2381820679,56666,56677,11
12.925740242,80.2382507324,56677,56697,20
12.925740242,80.2382507324,56697,56707,10
12.9259195328,80.2381820679,56707,56717,10
12.9264001846,80.238319397,56717,56727,10
12.92689991,80.2384567261,56727,56737,10
12.9276599884,80.2386322021,56737,56747,10
12.9279699326,80.2386932373,56747,56757,10
12.9281997681,80.2387619019,56757,56767,10
12.92827034,80.2387695313,56767,56778,11
12.9288101196,80.238899231,56778,56788,10
12.9293003082,80.2389526367,56788,56798,10
12.9293899536,80.2386703491,56798,56808,10
12.9295501709,80.2381591797,56808,56818,10
12.9297399521,80.2379837036,56818,56828,10
12.9303503036,80.2381973267,56828,56838,10
12.931139946,80.2384719849,56838,56858,20
12.931139946,80.2384719849,56858,56868,10
12.9312295914,80.23853302,56868,56878,10
12.9314498901,80.2386016846,56878,56889,11
12.9319801331,80.2387390137,56889,56899,10
12.9321699142,80.2386016846,56899,56909,10
12.9322500229,80.2384033203,56909,56919,10
12.9323596954,80.2380905151,56919,56929,10
12.9324197769,80.2379684448,56929,56939,10
12.9325799942,80.2375335693,56939,56949,10
12.9327001572,80.2371826172,56949,56959,10
12.9328403473,80.2368621826,56959,56969,10
12.9329395294,80.2363510132,56969,56979,10
12.9330997467,80.2361221313,56979,56990,11
12.9334897995,80.2361984253,56990,57020,30
12.9334897995,80.2361984253,57020,57030,10
12.9335699081,80.2360916138,57030,57040,10
12.9336795807,80.2356796265,57040,57050,10
12.9338102341,80.2350616455,57050,57091,41
12.9338102341,80.2350616455,57091,57101,10
12.9340600967,80.2350387573,57101,57111,10
12.9346599579,80.2353134155,57111,57121,10
12.9350404739,80.235458374,57121,57131,10
12.9351797104,80.2352828979,57131,57141,10
12.9353303909,80.2348632813,57141,57151,10
12.9357404709,80.2339096069,57151,57191,40
12.9357404709,80.2339096069,57191,57202,11
12.9358100891,80.2338180542,57202,57212,10
12.9360704422,80.2338485718,57212,57222,10
12.9366703033,80.2341308594,57222,57232,10
12.9375,80.2345275879,57232,57242,10
12.9385404587,80.2350616455,57242,57252,10
12.9395103455,80.2355422974,57252,57262,10
12.9399299622,80.2357025146,57262,57272,10
12.9406099319,80.2359237671,57272,57282,10
12.941570282,80.2361679077,57282,57292,10
12.9426698685,80.2365188599,57292,57303,11
12.9436197281,80.2372817993,57303,57313,10
12.9444103241,80.2381286621,57313,57323,10
12.9453001022,80.2390518188,57323,57333,10
12.9464302063,80.239616394,57333,57343,10
12.9473400116,80.239982605,57343,57353,10
12.9474401474,80.240020752,57353,57363,10
12.9479398727,80.2402420044,57363,57373,10
12.9485502243,80.2404937744,57373,57383,10
12.9486198425,80.2405166626,57383,57393,10
12.9487400055,80.2405776978,57393,57404,11
12.9492998123,80.2408218384,57404,57414,10
12.9500398636,80.2410583496,57414,57424,10
12.9510498047,80.2413635254,57424,57434,10
12.9514398575,80.2414474487,57434,57444,10
12.9517202377,80.2415390015,57444,57454,10
12.9523897171,80.2417907715,57454,57464,10
12.9533004761,80.2421722412,57464,57474,10
12.95429039,80.2425689697,57474,57484,10
12.9550895691,80.2428665161,57484,57494,10
12.9558801651,80.2431182861,57494,57504,10
12.9563999176,80.2433013916,57504,57515,11
12.9566698074,80.2434082031,57515,57525,10
12.9573202133,80.2437515259,57525,57535,10
12.9582796097,80.244178772,57535,57545,10
12.9593496323,80.244682312,57545,57555,10
12.9604997635,80.2452011108,57555,57565,10
12.9617004395,80.2457580566,57565,57575,10
12.9626998901,80.2462463379,57575,57585,10
12.9634304047,80.2466201782,57585,57595,10
12.9640903473,80.2469177246,57595,57604,9
12.9648103714,80.2472076416,57604,57616,12
12.9659500122,80.2475967407,57616,57626,10
12.9666595459,80.2479019165,57626,57636,10
12.9674701691,80.2482681274,57636,57646,10
12.9685096741,80.2487030029,57646,57656,10
12.9695396423,80.2491226196,57656,57666,10
12.9705295563,80.2495117188,57666,57676,10
12.9716300964,80.2498397827,57676,57686,10
12.9727096558,80.2501220703,57686,57696,10
12.9737997055,80.2503967285,57696,57705,9
12.9749002457,80.2507019043,57705,57717,12
12.9763898849,80.251121521,57717,57727,10
12.977519989,80.2515792847,57727,57737,10
12.9784002304,80.252281189,57737,57747,10
12.9793596268,80.252571106,57747,57797,50
12.9793596268,80.252571106,57797,57807,10
12.9796199799,80.252571106,57807,57816,9
12.9799804688,80.2526321411,57816,57828,12
12.9810800552,80.2525863647,57828,57848,20
12.9812002182,80.2526016235,57848,57918,70
12.9812002182,80.2526016235,57918,57929,11
12.9815196991,80.2526168823,57929,57939,10
12.9819803238,80.2526016235,57939,57949,10
12.9826898575,80.252571106,57949,57959,10
12.9834499359,80.2524795532,57959,57969,10
12.9840698242,80.2523193359,57969,57979,10
12.9842996597,80.2522506714,57979,57989,10
12.9843502045,80.2522201538,57989,58009,20
12.9843502045,80.2522201538,58009,58018,9
12.9844503403,80.2521820068,58018,58030,12
12.9845304489,80.252166748,58030,58040,10
12.9847402573,80.2521362305,58040,58050,10
12.9849004745,80.2520904541,58050,58161,111
12.9849004745,80.2520904541,58161,58171,10
12.9851303101,80.2520523071,58171,58181,10
12.9854001999,80.251991272,58181,58191,10
12.9859895706,80.2518234253,58191,58201,10
12.9868402481,80.2515792847,58201,58211,10
12.9877996445,80.251411438,58211,58221,10
12.9880199432,80.2520599365,58221,58231,10
12.9879703522,80.2529602051,58231,58242,11
12.9878797531,80.2540588379,58242,58252,10
12.9878196716,80.2550735474,58252,58262,10
12.9877796173,80.2557067871,58262,58272,10
12.9879999161,80.2558288574,58272,58282,10
12.9884500504,80.255897522,58282,58292,10
12.9886198044,80.2559280396,58292,58302,10
12.9889802933,80.2559280396,58302,58312,10
12.9896602631,80.2559661865,58312,58322,10
12.9903297424,80.2559585571,58322,58332,10
12.9909200668,80.2560119629,58332,58343,11
12.9916801453,80.2559890747,58343,58353,10
12.9927501678,80.2559661865,58353,58363,10
12.9937200546,80.2559432983,58363,58373,10
12.9948196411,80.2558898926,58373,58393,20
12.9948196411,80.2558898926,58393,58403,10
12.9949598312,80.2558822632,58403,58413,10
12.9953804016,80.2558822632,58413,58423,10
12.9959497452,80.2558670044,58423,58433,10
12.9965000153,80.2558670044,58433,58443,10
12.9968099594,80.2558517456,58443,58484,41
12.9968099594,80.2558517456,58484,58494,10
12.9971504211,80.2558364868,58494,58504,10
12.9977397919,80.255897522,58504,58514,10
12.9988002777,80.2560272217,58514,58534,20
12.9988002777,80.2560272217,58534,58544,10
12.9989004135,80.2560882568,58544,58555,11
12.9992799759,80.2561569214,58555,58565,10
12.9996900558,80.2562179565,58565,58575,10
12.9998903275,80.2562789917,58575,58585,10
13.0003595352,80.2563705444,58585,58595,10
13.00096035,80.2564697266,58595,58605,10
13.0012998581,80.2565231323,58605,58615,10
13.0014696121,80.2565689087,58615,58625,10
13.0016803741,80.2566223145,58625,58635,10
13.0021095276,80.2566833496,58635,58644,9
13.0025396347,80.2567367554,58644,58656,12
13.0030498505,80.2568435669,58656,58666,10
13.0034303665,80.2568893433,58666,58676,10
13.003780365,80.2569580078,58676,58686,10
13.0040502548,80.257019043,58686,58716,30
13.0040502548,80.257019043,58716,58726,10
13.0042295456,80.2570419312,58726,58736,10
13.0044603348,80.2570724487,58736,58746,10
13.0047597885,80.2571563721,58746,58757,11
13.0053396225,80.257270813,58757,58767,10
13.0055904388,80.2573318481,58767,58777,10
13.0060596466,80.2574081421,58777,58837,60
13.0060596466,80.2574081421,58837,58847,10
13.0062103271,80.2574691772,58847,58857,10
13.0065698624,80.257522583,58857,58868,11
13.0069599152,80.2580490112,58868,58878,10
13.007519722,80.2587280273,58878,58888,10
13.008480072,80.2590713501,58888,58898,10
13.00922966,80.2591094971,58898,58908,10
13.0102796555,80.2591018677,58908,58918,10
13.0115098953,80.2590866089,58918,58928,10
13.0127696991,80.2591629028,58928,58938,10
13.0141000748,80.2592010498,58938,58948,10
13.0154304504,80.2592697144,58948,58958,10
13.0165596008,80.259803772,58958,58979,21
13.0165596008,80.259803772,58979,58989,10
13.0168399811,80.2600021362,58989,58999,10
13.0174598694,80.2604293823,58999,59009,10
13.0182695389,80.2609786987,59009,59019,10
13.019109726,80.2616424561,59019,59029,10
13.0195798874,80.2621078491,59029,59039,10
13.0202198029,80.2627182007,59039,59049,10
13.020070076,80.2630462646,59049,59059,10
13.0192804337,80.2629776001,59059,59070,11
13.0190200806,80.2632522583,59070,59080,10
13.019109726,80.2639694214,59080,59090,10
13.0189399719,80.2649688721,59090,59100,10
13.0187997818,80.2654800415,59100,59110,10
13.0186796188,80.2661209106,59110,59120,10
13.0187797546,80.2670135498,59120,59130,10
13.0193901062,80.2679595947,59130,59140,10
13.0200595856,80.2687683105,59140,59150,10
13.0207004547,80.2695465088,59150,59160,10
13.0212898254,80.2702636719,59160,59170,10
13.0214996338,80.2704925537,59170,59181,11
13.0216703415,80.2707214355,59181,59191,10
13.0220804214,80.2712631226,59191,59201,10
13.0226602554,80.2720031738,59201,59211,10
13.0233602524,80.2729110718,59211,59221,10
13.0238399506,80.2735290527,59221,59231,10
13.0238399506,80.2735366821,59231,59241,10
13.0238599777,80.2735366821,59241,59251,10
13.0240898132,80.2738876343,59251,59261,10
13.0245199203,80.2744369507,59261,59271,10
13.0252399445,80.2748336792,59271,59282,11
13.02546978,80.2749176025,59282,59292,10
13.0256299973,80.2750167847,59292,59302,10
13.0261497498,80.2752838135,59302,59312,10
13.0267896652,80.2755737305,59312,59322,10
13.0275402069,80.2759170532,59322,59332,10
13.0281095505,80.2761993408,59332,59342,10
13.0286998749,80.2764434814,59342,59351,9
13.0292797089,80.2766494751,59351,59362,11
13.0299196243,80.2768096924,59362,59372,10
13.0300197601,80.2768325806,59372,59383,11
13.03083992,80.2772369385,59383,59433,50
13.03083992,80.2772369385,59433,59443,10
13.0309801102,80.2773513794,59443,59453,10
13.0312595367,80.2775115967,59453,59463,10
13.0316896439,80.2776107788,59463,59473,10
13.0318498611,80.2776107788,59473,59483,10
13.0319404602,80.2775878906,59483,59494,11
13.0327301025,80.2774963379,59494,59514,20
13.0327301025,80.2774963379,59514,59524,10
13.0328903198,80.2774276733,59524,59534,10
13.0332899094,80.2773895264,59534,59564,30
13.0332899094,80.2773895264,59564,59574,10
13.0336704254,80.2773666382,59574,59584,10
13.0340099335,80.2774505615,59584,59595,11
13.0341901779,80.2775421143,59595,59605,10
13.0344200134,80.2776031494,59605,59615,10
13.0344896317,80.2776184082,59615,59625,10
13.0348100662,80.2776794434,59625,59635,10
13.0354995728,80.2778015137,59635,59645,10
13.0362997055,80.277961731,59645,59655,10
13.0371103287,80.2782592773,59655,59665,10
13.037779808,80.2784423828,59665,59675,10
13.0386104584,80.2786483765,59675,59685,10
13.0388898849,80.2787094116,59685,59696,11
13.0390195847,80.2787399292,59696,59706,10
13.0393896103,80.2788925171,59706,59716,10
13.0400800705,80.2790985107,59716,59726,10
13.0409803391,80.2793121338,59726,59736,10
13.0421104431,80.2794799805,59736,59746,10
13.0431804657,80.279548645,59746,59756,10
13.0437898636,80.2797927856,59756,59766,10
13.0446500778,80.2799606323,59766,59776,10
13.0456399918,80.2800979614,59776,59786,10
13.0457696915,80.2801208496,59786,59797,11
13.0460300446,80.2801513672,59797,59807,10
13.0466804504,80.2802505493,59807,59817,10
13.0475902557,80.2803726196,59817,59827,10
13.0487098694,80.2805328369,59827,59837,10
13.0498895645,80.2806930542,59837,59847,10
13.0507097244,80.2807998657,59847,59857,10
13.0514602661,80.280921936,59857,59867,10
13.0524196625,80.2810897827,59867,59877,10
13.0533895493,80.2812423706,59877,59887,10
13.0543899536,80.2814102173,59887,59897,10
13.0553503036,80.2816009521,59897,59908,11
13.0563001633,80.2817687988,59908,59918,10
13.0564804077,80.2818069458,59918,59928,10
13.0566396713,80.2818374634,59928,59938,10
13.0573101044,80.2819900513,59938,59958,20
13.0573101044,80.2819900513,59958,59968,10
13.0573701859,80.2820129395,59968,59978,10
13.0578804016,80.282119751,59978,59988,10
13.0587100983,80.2823028564,59988,59998,10
13.0597896576,80.2825164795,59998,60009,11
13.0611095428,80.2827911377,60009,60019,10
13.0620203018,80.2829971313,60019,60029,10
13.0631399155,80.2832183838,60029,60059,30
13.0631399155,80.2832183838,60059,60069,10
13.0633001328,80.2832565308,60069,60079,10
13.0637702942,80.2833480835,60079,60089,10
13.0639095306,80.2833709717,60089,60099,10
13.0643997192,80.2835235596,60099,60110,11
13.0653495789,80.2837600708,60110,60120,10
13.0664997101,80.2840194702,60120,60130,10
13.067779541,80.2842636108,60130,60140,10
13.0690402985,80.2845077515,60140,60150,10
13.0703496933,80.2848587036,60150,60160,10
13.0717000961,80.2852172852,60160,60170,10
13.0730695724,80.2854003906,60170,60180,10
13.0739498138,80.2855834961,60180,60190,10
13.0744495392,80.2861709595,60190,60200,10
13.0752496719,80.2866592407,60200,60210,10
13.076210022,80.2870864868,60210,60221,11
13.0775098801,80.2874298096,60221,60231,10
13.0786304474,80.287727356,60231,60241,10
13.0795097351,80.2880630493,60241,60251,10
13.0798397064,80.2880783081,60251,60261,10
13.0801801682,80.2881393433,60261,60271,10
13.0809001923,80.2883911133,60271,60281,10
13.0818300247,80.2886962891,60281,60291,10
13.082859993,80.2891387939,60291,60301,10
13.0839004517,80.2892227173,60301,60311,10
13.084980011,80.2891921997,60311,60322,11
13.0862798691,80.289390564,60322,60332,10
13.0873603821,80.2897186279,60332,60342,10
13.0882301331,80.2901000977,60342,60352,10
13.0888595581,80.2902297974,60352,60382,30
13.088809967,80.2901916504,60382,60411,29
13.088809967,80.2901916504,60411,60423,12
13.0887203217,80.2904205322,60423,60433,10
13.0883197784,80.2902374268,60433,60443,10
13.0878000259,80.2900009155,60443,60453,10
13.0869903564,80.2897262573,60453,60463,10
13.0861701965,80.2895126343,60463,60473,10
13.0857095718,80.289352417,60473,60483,10
13.0854301453,80.2888793945,60483,60493,10
13.0851402283,80.2881393433,60493,60503,10
13.0851202011,80.2872924805,60503,60513,10
13.0852098465,80.286277771,60513,60524,11
13.0853004456,80.2852478027,60524,60534,10
13.0852203369,80.2841033936,60534,60574,40
13.0852203369,80.2841033936,60574,60583,9
13.0880203247,80.2839584351,60583,60754,171
13.0880203247,80.2839584351,60754,60764,10
13.0880498886,80.2836532593,60764,61723,959
13.0880498886,80.2836532593,61723,61733,10
13.0881099701,80.283531189,61733,61743,10
13.0882301331,80.2833862305,61743,61753,10
13.0882902145,80.2833175659,61753,61763,10
13.0882902145,80.2830810547,61763,61773,10
13.0882797241,80.2826385498,61773,61784,11
13.0882396698,80.2823104858,61784,61794,10
13.0881900787,80.2820510864,61794,61804,10
13.0880899429,80.2817306519,61804,61814,10
13.0881204605,80.2814407349,61814,61824,10
13.088470459,80.28150177,61824,61834,10
13.0885696411,80.2817764282,61834,61844,10
13.088549614,80.2819213867,61844,61854,10
13.0885000229,80.2821807861,61854,61864,10
13.0884399414,80.2825088501,61864,61874,10
13.0883703232,80.2829284668,61874,61885,11
13.0883798599,80.2835388184,61885,61895,10
13.0883998871,80.2838973999,61895,61905,10
13.0883903503,80.2840881348,61905,61915,10
13.0884304047,80.2846069336,61915,61925,10
13.0884799957,80.2852096558,61925,61935,10
13.08852005,80.2856369019,61935,61945,10
13.0885400772,80.2859802246,61945,61955,10
13.088549614,80.2863006592,61955,61965,10
13.0885601044,80.2865524292,61965,61974,9
13.0885601044,80.2867202759,61974,61986,12
13.0886001587,80.2872619629,61986,61996,10
13.088640213,80.2875366211,61996,62006,10
13.0886602402,80.2879333496,62006,62016,10
13.0887203217,80.2884979248,62016,62026,10
13.0887403488,80.2888031006,62026,62036,10
13.0888004303,80.2893218994,62036,62046,10
13.0888595581,80.2898864746,62046,62066,20
13.0888595581,80.2898864746,62066,62076,10
13.0888595581,80.2899398804,62076,62087,11
13.0888595581,80.2901382446,62087,62097,10
13.0888395309,80.2903823853,62097,62107,10
13.0886001587,80.2904281616,62107,62117,10
13.0882396698,80.290222168,62117,62127,10
13.0878295898,80.2900314331,62127,62137,10
13.0872497559,80.2897796631,62137,62147,10
13.086400032,80.2894897461,62147,62157,10
13.0853595734,80.2892379761,62157,62167,10
13.0844097137,80.2892074585,62167,62177,10
13.0835599899,80.2892379761,62177,62187,10
13.0827503204,80.2891464233,62187,62198,11
13.0817203522,80.2887268066,62198,62208,10
13.0806999207,80.2883987427,62208,62218,10
13.0801296234,80.2882385254,62218,62228,10
13.0800304413,80.2882080078,62228,62238,10
13.0795497894,80.2881164551,62238,62248,10
13.0788097382,80.2878189087,62248,62258,10
13.0778102875,80.2875213623,62258,62268,10
13.0766601563,80.2872390747,62268,62278,10
13.0754499435,80.2868804932,62278,62288,10
13.0744199753,80.286239624,62288,62299,11
13.0734996796,80.2860107422,62299,62309,10
13.0729703903,80.2857818604,62309,62319,10
13.0722904205,80.2854385376,62319,62329,10
13.0713596344,80.2851791382,62329,62339,10
13.0702295303,80.2849121094,62339,62349,10
13.0691699982,80.2846374512,62349,62359,10
13.0683803558,80.2844696045,62359,62369,10
13.0683298111,80.2844619751,62369,62379,10
13.0681400299,80.2844009399,62379,62389,10
13.0676002502,80.2843170166,62389,62400,11
13.0666303635,80.2841110229,62400,62410,10
13.0655097961,80.2838592529,62410,62420,10
13.0647802353,80.2836914063,62420,62430,10
13.0644798279,80.2836074829,62430,62440,10
13.0639696121,80.2835006714,62440,62450,10
13.0633096695,80.2833404541,62450,62460,10
13.0627002716,80.2832107544,62460,62470,10
13.0625801086,80.2831802368,62470,62480,10
13.0624504089,80.2831497192,62480,62490,10
13.062040329,80.2830200195,62490,62501,11
13.0614500046,80.2828674316,62501,62511,10
13.0608100891,80.2827529907,62511,62521,10
13.0600795746,80.2826309204,62521,62531,10
13.0593099594,80.2824478149,62531,62541,10
13.0584201813,80.2823104858,62541,62551,10
13.0578603745,80.2821884155,62551,62561,10
13.0574102402,80.2820968628,62561,62570,9
13.0568599701,80.2819824219,62570,62583,13
13.0567798615,80.2819595337,62583,62593,10
13.0564699173,80.2818984985,62593,62604,11
13.0557098389,80.2817230225,62604,62614,10
13.0547504425,80.281539917,62614,62624,10
13.0535898209,80.2813186646,62624,62634,10
13.0523796082,80.2811279297,62634,62644,10
13.0512800217,80.280960083,62644,62654,10
13.0504598618,80.2808303833,62654,62664,10
13.0497198105,80.280708313,62664,62674,10
13.048789978,80.2806015015,62674,62684,10
13.0476398468,80.2804412842,62684,62694,10
13.0465698242,80.2802886963,62694,62704,10
13.0457296371,80.2801895142,62704,62715,11
13.0456399918,80.280166626,62715,62725,10
13.0452299118,80.2801208496,62725,62735,10
13.0445299149,80.2800292969,62735,62745,10
13.0434799194,80.2798614502,62745,62765,20
13.0434799194,80.2798614502,62765,62775,10
13.0432701111,80.2798233032,62775,62785,10
13.0426902771,80.2796630859,62785,62795,10
13.0418195724,80.2795028687,62795,62805,10
13.0408296585,80.2793197632,62805,62816,11
13.0398197174,80.2790679932,62816,62826,10
13.0393199921,80.2789001465,62826,62836,10
13.0389795303,80.2788696289,62836,62846,10
13.0389795303,80.2788619995,62846,62856,10
13.0387201309,80.2787475586,62856,62866,10
13.0381803513,80.2785797119,62866,62876,10
13.0374603271,80.2783889771,62876,62886,10
13.0370197296,80.2782592773,62886,62896,10
13.0363798141,80.2779922485,62896,62906,10
13.0356397629,80.2778167725,62906,62917,11
13.034620285,80.277671814,62917,62926,9
13.0338201523,80.2774429321,62926,62937,11
13.0333299637,80.2774276733,62937,62947,10
13.0333299637,80.2774276733,62947,62957,10
13.0327997208,80.2775115967,62957,62965,8
13.03221035,80.2775497437,62965,62977,12
13.0308799744,80.2772903442,62977,62997,20
13.0308799744,80.2772903442,62997,63006,9
13.0306301117,80.2771072388,63006,63018,12
13.0299100876,80.2768096924,63018,63028,10
13.0291795731,80.2766036987,63028,63038,10
13.028429985,80.2763214111,63038,63048,10
13.0277004242,80.2759780884,63048,63058,10
13.027130127,80.2757492065,63058,63068,10
13.0260696411,80.2752990723,63068,63088,20
13.0260696411,80.2752990723,63088,63098,10
13.0259799957,80.2752914429,63098,63108,10
13.0256700516,80.275138855,63108,63118,10
13.0250797272,80.2748794556,63118,63129,11
13.0240497589,80.2740783691,63129,63179,50
13.0240497589,80.2740783691,63179,63189,10
13.0239801407,80.2739868164,63189,63199,10
13.0237197876,80.2736206055,63199,63209,10
13.0232896805,80.2730178833,63209,63219,10
13.0227403641,80.2722702026,63219,63229,10
13.0220403671,80.2713470459,63229,63240,11
13.0213499069,80.2704620361,63240,63250,10
13.0208501816,80.2699127197,63250,63260,10
13.020819664,80.2698822021,63260,63270,10
13.0205802917,80.2695617676,63270,63280,10
13.0201702118,80.26902771,63280,63290,10
13.0196199417,80.2683486938,63290,63300,10
13.0189199448,80.2675323486,63300,63310,10
13.0186195374,80.2665863037,63310,63320,10
13.0186100006,80.2658996582,63320,63331,11
13.0188102722,80.2651596069,63331,63341,10
13.0190401077,80.264251709,63341,63351,10
13.0189800262,80.2635421753,63351,63361,10
13.0189199448,80.2631607056,63361,63371,10
13.018910408,80.263092041,63371,63381,10
13.0188903809,80.2629013062,63381,63391,10
13.0188398361,80.2623214722,63391,63401,10
13.0187301636,80.2616195679,63401,63411,10
13.0185403824,80.2612762451,63411,63421,10
13.0180597305,80.2609634399,63421,63432,11
13.0173196793,80.2604598999,63432,63442,10
13.0160903931,80.2597427368,63442,63462,20
13.0160903931,80.2597427368,63462,63472,10
13.0157899857,80.2595825195,63472,63482,10
13.0152196884,80.2593994141,63482,63492,10
13.01445961,80.2593307495,63492,63502,10
13.013589859,80.2593078613,63502,63512,10
13.012550354,80.259262085,63512,63522,10
13.0115003586,80.2592315674,63522,63532,10
13.0106201172,80.2592391968,63532,63543,11
13.00963974,80.2592391968,63543,63553,10
13.0089101791,80.2592315674,63553,63563,10
13.0086402893,80.2592163086,63563,63573,10
13.0082597733,80.2592163086,63573,63583,10
13.0076799393,80.2594070435,63583,63593,10
13.0073204041,80.259147644,63593,63603,10
13.0071401596,80.2587203979,63603,63613,10
13.007109642,80.2586517334,63613,63623,10
13.0070800781,80.2585678101,63623,63632,9
13.0068798065,80.2582397461,63632,63644,12
13.0064001083,80.2576675415,63644,63654,10
13.0057401657,80.2574386597,63654,63664,10
13.0051403046,80.257270813,63664,63674,10
13.0044002533,80.2571105957,63674,63684,10
13.0035400391,80.256942749,63684,63694,10
13.0028095245,80.2568130493,63694,63704,10
13.0022201538,80.2566986084,63704,63714,10
13.00137043,80.2565917969,63714,63795,81
13.00137043,80.2565917969,63795,63805,10
13.0011100769,80.2565383911,63805,63815,10
13.000579834,80.2564468384,63815,63825,10
12.9998502731,80.2563400269,63825,63835,10
12.9990797043,80.2562026978,63835,63846,11
12.9984302521,80.2561035156,63846,63866,20
12.9984302521,80.2561035156,63866,63876,10
12.998290062,80.2560272217,63876,63886,10
12.998000145,80.2559890747,63886,63896,10
12.9975700378,80.2559661865,63896,63906,10
12.9973897934,80.2559814453,63906,63916,10
12.9971103668,80.2559661865,63916,63926,10
12.9968299866,80.2559509277,63926,63936,10
12.9964704514,80.2559280396,63936,63946,10
12.9960603714,80.2559280396,63946,63957,11
12.9956798553,80.2559509277,63957,63967,10
12.9953603745,80.2559432983,63967,63977,10
12.9949598312,80.2559204102,63977,63987,10
12.9943704605,80.2559585571,63987,63997,10
12.9937400818,80.2560424805,63997,64007,10
12.9929103851,80.2561035156,64007,64017,10
12.9919500351,80.2561035156,64017,64027,10
12.9911603928,80.2560806274,64027,64037,10
12.9904203415,80.2560577393,64037,64068,31
12.9904203415,80.2560577393,64068,64078,10
12.9901103973,80.256072998,64078,64088,10
12.9898500443,80.2560806274,64088,64098,10
12.9895200729,80.2560577393,64098,64108,10
12.9890699387,80.2560195923,64108,64118,10
12.9885997772,80.2559661865,64118,64128,10
12.9882297516,80.2559204102,64128,64138,10
12.987739563,80.255859375,64138,64148,10
12.987159729,80.2557601929,64148,64159,11
12.9860200882,80.2555618286,64159,64179,20
12.9860200882,80.2555618286,64179,64189,10
12.9858999252,80.2555084229,64189,64199,10
12.9855699539,80.2554168701,64199,64209,10
12.9849901199,80.2552719116,64209,64219,10
12.9843397141,80.2551116943,64219,64229,10
12.9837999344,80.2550125122,64229,64239,10
12.9835195541,80.2549514771,64239,64249,10
12.9833097458,80.2548675537,64249,64260,11
12.9831600189,80.2548217773,64260,64270,10
12.9828300476,80.2547302246,64270,64280,10
12.9824800491,80.2545928955,64280,64290,10
12.9823598862,80.2545394897,64290,64300,10
12.9821195602,80.2543334961,64300,64310,10
12.9819097519,80.2539215088,64310,64320,10
12.9817695618,80.253326416,64320,64330,10
12.9813804626,80.252822876,64330,64340,10
12.9806098938,80.2528076172,64340,64350,10
12.9798898697,80.2527618408,64350,64360,10
12.9788398743,80.2526779175,64360,64381,21
12.9788398743,80.2526779175,64381,64391,10
12.9785604477,80.2525405884,64391,64401,10
12.9780302048,80.2521820068,64401,64411,10
12.9773302078,80.2515869141,64411,64421,10
12.976269722,80.2511978149,64421,64431,10
12.975110054,80.2508621216,64431,64441,10
12.9738998413,80.2505187988,64441,64451,10
12.9726800919,80.250213623,64451,64461,10
12.9714298248,80.2498779297,64461,64472,11
12.9700403214,80.2494735718,64472,64482,10
12.9688596725,80.2490005493,64482,64492,10
12.9684200287,80.248840332,64492,64502,10
12.9683599472,80.2488174438,64502,64512,10
12.9680204391,80.2486724854,64512,64522,10
12.9674301147,80.2484436035,64522,64532,10
12.9667396545,80.2480773926,64532,64542,10
12.9659404755,80.247718811,64542,64552,10
12.9651603699,80.2474822998,64552,64561,9
12.9650602341,80.2474365234,64561,64573,12
12.964969635,80.2473907471,64573,64583,10
12.9645395279,80.2472305298,64583,64593,10
12.9641399384,80.2470779419,64593,64603,10
12.9641304016,80.2470703125,64603,64613,10
12.96393013,80.2469787598,64613,64623,10
12.9635400772,80.2468338013,64623,64633,10
12.9630002975,80.2465286255,64633,64643,10
12.962269783,80.2461700439,64643,64653,10
12.9614601135,80.2457733154,64653,64663,10
12.9606304169,80.2453689575,64663,64674,11
12.9598197937,80.2450332642,64674,64684,10
12.9597501755,80.2449874878,64684,64694,10
12.9595603943,80.2449111938,64694,64704,10
12.9593896866,80.2448501587,64704,64714,10
12.9590597153,80.2446899414,64714,64724,10
12.9585399628,80.2444610596,64724,64734,10
12.9579801559,80.2442398071,64734,64744,10
12.9577903748,80.2441711426,64744,64754,10
12.9573097229,80.2440185547,64754,64764,10
12.9569396973,80.243888855,64764,64815,51
12.9568395615,80.243850708,64815,64845,30
12.9566497803,80.2437896729,64845,64865,20
12.9564599991,80.2437362671,64865,64896,31
12.9564599991,80.2437362671,64896,64906,10
12.9561300278,80.2436065674,64906,64916,10
12.9555797577,80.2433013916,64916,64926,10
12.9548196793,80.2429275513,64926,64936,10
12.9539699554,80.2425689697,64936,64946,10
12.9529895782,80.2421798706,64946,64956,10
12.9520597458,80.2418365479,64956,64966,10
12.9516096115,80.2417068481,64966,64976,10
12.9515800476,80.2416915894,64976,64987,11
12.9511604309,80.2415390015,64987,64997,10
12.9505395889,80.2413482666,64997,65007,10
12.9500703812,80.2412185669,65007,65017,10
12.9498901367,80.2411575317,65017,65027,10
12.9498796463,80.2411575317,65027,65037,10
12.9497804642,80.2411270142,65037,65047,10
12.9495401382,80.2410430908,65047,65057,10
12.9490203857,80.2408676147,65057,65067,10
12.9482803345,80.2405166626,65067,65076,9
12.9475097656,80.2401885986,65076,65088,12
12.9467000961,80.2398605347,65088,65098,10
12.9458999634,80.2395401001,65098,65108,10
12.9450397491,80.2389984131,65108,65118,10
12.9442396164,80.2381515503,65118,65128,10
12.9434099197,80.2372589111,65128,65138,10
12.9423704147,80.236541748,65138,65148,10
12.9410896301,80.2361984253,65148,65158,10
12.9400396347,80.2359313965,65158,65168,10
12.9397096634,80.2358169556,65168,65178,10
12.9396400452,80.2357788086,65178,65188,10
12.9392404556,80.2355880737,65188,65199,11
12.9384803772,80.2351989746,65199,65209,10
12.9376497269,80.2347793579,65209,65219,10
12.9366598129,80.2343063354,65219,65229,10
12.9358997345,80.2339630127,65229,65239,10
12.9356203079,80.2341003418,65239,65249,10
12.9356002808,80.2342071533,65249,65259,10
12.9355602264,80.2343063354,65259,65269,10
12.9354200363,80.2347412109,65269,65279,10
12.9351902008,80.2353363037,65279,65289,10
12.9350500107,80.235496521,65289,65300,11
12.9350204468,80.2354888916,65300,65310,10
12.9348802567,80.2354202271,65310,65320,10
12.9344902039,80.2352523804,65320,65330,10
12.9339895248,80.2350463867,65330,65340,10
12.9337902069,80.2353591919,65340,65350,10
12.9336996078,80.2357025146,65350,65360,10
12.9335899353,80.2361221313,65360,65370,10
12.9332103729,80.2361831665,65370,65380,10
12.9330997467,80.2361602783,65380,65390,10
12.932970047,80.2362136841,65390,65401,11
12.9329395294,80.2365570068,65401,65411,10
12.9327898026,80.237121582,65411,65421,10
12.93268013,80.2373809814,65421,65431,10
12.9324903488,80.2378387451,65431,65441,10
12.9322500229,80.2384490967,65441,65451,10
12.9321298599,80.2386703491,65451,65461,10
12.9318504333,80.2387619019,65461,65471,10
12.9312095642,80.2385864258,65471,65502,31
12.9312095642,80.2385864258,65502,65512,10
12.9310503006,80.2385025024,65512,65522,10
12.930560112,80.2383270264,65522,65532,10
12.9298601151,80.2380599976,65532,65542,10
12.9295301437,80.2381896973,65542,65552,10
12.9294395447,80.2385482788,65552,65562,10
12.9292802811,80.2390136719,65562,65572,10
12.9289903641,80.2390289307,65572,65582,10
12.9283399582,80.2388687134,65582,65633,51
12.9283399582,80.2388687134,65633,65643,10
12.9281196594,80.2388076782,65643,65653,10
12.9277496338,80.2387084961,65653,65663,10
12.9271202087,80.2385635376,65663,65673,10
12.9263896942,80.2383804321,65673,65683,10
12.9256000519,80.2381973267,65683,65946,263
12.9256000519,80.2381973267,65946,65956,10
12.9254198074,80.2382202148,65956,65966,10
12.9256296158,80.238319397,65966,65976,10
12.9257602692,80.23828125,65976,65986,10
12.9261198044,80.2382965088,65986,65996,10
12.9266796112,80.2384567261,65996,66006,10
12.9274101257,80.2386169434,66006,66016,10
12.9281101227,80.2388076782,66016,66027,11
12.9282398224,80.2388305664,66027,66037,10
12.9284896851,80.2388916016,66037,66047,10
12.929019928,80.2390289307,66047,66057,10
12.9292497635,80.2390823364,66057,66067,10
12.9293603897,80.2389068604,66067,66077,10
12.9294700623,80.2384796143,66077,66087,10
12.9295597076,80.2381210327,66087,66097,10
12.9298400879,80.2380371094,66097,66107,10
12.9304304123,80.2382736206,66107,66117,10
12.931139946,80.2385177612,66117,66128,11
12.9312095642,80.2385482788,66128,66138,10
12.9312801361,80.2385787964,66138,66148,10
12.9316396713,80.2387084961,66148,66158,10
12.9321403503,80.2387237549,66158,66168,10
12.9322395325,80.2384567261,66168,66178,10
12.9323596954,80.2381515503,66178,66188,10
12.9325504303,80.2376327515,66188,66198,10
12.9327096939,80.2372131348,66198,66208,10
12.9328603745,80.2368087769,66208,66218,10
12.9329595566,80.2362365723,66218,66229,11
12.9331703186,80.2361602783,66229,66239,10
12.933259964,80.2361907959,66239,66249,10
12.9335403442,80.2362289429,66249,66259,10
12.9336595535,80.2358016968,66259,66269,10
12.9337902069,80.2352905273,66269,66279,10
12.9340600967,80.2350921631,66279,66289,10
12.9345502853,80.2352981567,66289,66299,10
12.9350004196,80.235496521,66299,66309,10
12.9351701736,80.2353820801,66309,66318,9
12.9352397919,80.2351837158,66318,66330,12
12.9355096817,80.2344207764,66330,66340,10
12.9357500076,80.2339172363,66340,66390,50
12.9357500076,80.2339172363,66390,66400,10
12.9359197617,80.2338104248,66400,66410,10
12.9364004135,80.234046936,66410,66420,10
12.9371900558,80.2344207764,66420,66431,11
12.9383201599,80.2349700928,66431,66441,10
12.9395904541,80.2356033325,66441,66461,20
12.9395904541,80.2356033325,66461,66471,10
12.9397096634,80.2356567383,66471,66481,10
12.940199852,80.2358627319,66481,66491,10
12.940990448,80.2361068726,66491,66501,10
12.9420404434,80.236366272,66501,66511,10
12.9431295395,80.2368621826,66511,66521,10
12.9440002441,80.2377471924,66521,66531,10
12.9448795319,80.2386932373,66531,66542,11
12.9459104538,80.2394714355,66542,66551,9
12.9467401505,80.2397918701,66551,66562,11
12.9472904205,80.2399978638,66562,66572,10
12.9472999573,80.2399978638,66572,66582,10
12.9473495483,80.2400283813,66582,66592,10
12.9477500916,80.2402191162,66592,66602,10
12.948220253,80.2404327393,66602,66612,10
12.9488801956,80.2406997681,66612,66733,121
12.9488801956,80.2406997681,66733,66744,11
12.9492702484,80.2408218384,66744,66754,10
12.9499902725,80.2410430908,66754,66764,10
12.9509000778,80.2413101196,66764,66774,10
12.9511003494,80.2413787842,66774,66784,10
12.9511899948,80.2414321899,66784,66794,10
12.951669693,80.2416000366,66794,66804,10
12.9524002075,80.2418670654,66804,66814,10
12.9532699585,80.2422180176,66814,66824,10
12.9541902542,80.2425689697,66824,66834,10
12.9549798965,80.2428665161,66834,66844,10
12.9556798935,80.2431411743,66844,66855,11
12.9563703537,80.2433776855,66855,66865,10
12.9564599991,80.2434234619,66865,66875,10
12.9568796158,80.243598938,66875,66885,10
12.9575796127,80.2439422607,66885,66895,10
12.9583101273,80.2442474365,66895,66905,10
12.9588603973,80.2444610596,66905,66914,9
12.9588804245,80.244468689,66914,66925,11
12.9591999054,80.2446136475,66925,66935,10
12.9597797394,80.2448806763,66935,66945,10
12.9605998993,80.2452468872,66945,66956,11
12.9617300034,80.2458114624,66956,66966,10
12.9628000259,80.2463302612,66966,66976,10
12.9633703232,80.24659729,66976,67016,40
12.9633703232,80.24659729,67016,67026,10
12.963470459,80.2466583252,67026,67036,10
12.9637699127,80.2468338013,67036,67046,10
12.96434021,80.2470397949,67046,67057,11
12.965180397,80.2473373413,67057,67067,10
12.9660997391,80.2476577759,67067,67077,10
12.9666996002,80.2479095459,67077,67097,20
12.9666996002,80.2479095459,67097,67107,10
12.9668798447,80.2480316162,67107,67117,10
12.967300415,80.248260498,67117,67127,10
12.9679899216,80.248550415,67127,67137,10
12.9688796997,80.2489013672,67137,67147,10
12.9699401855,80.2493362427,67147,67158,11
12.9712095261,80.2497711182,67158,67168,10
12.9723997116,80.2500686646,67168,67178,10
12.9735097885,80.2503585815,67178,67188,10
12.9743099213,80.2505187988,67188,67198,10
12.9744997025,80.250579834,67198,67208,10
12.9746599197,80.2506332397,67208,67259,51
12.9746599197,80.2506332397,67259,67269,10
12.974820137,80.2506790161,67269,67279,10
12.9751501083,80.2507705688,67279,67289,10
12.9753904343,80.2508392334,67289,67299,10
12.9754104614,80.2508392334,67299,67309,10
12.9756202698,80.2509002686,67309,67551,242
12.9756202698,80.2509002686,67551,67560,9
12.9758796692,80.2509536743,67560,67572,12
12.9761695862,80.2510528564,67572,67582,10
12.9766397476,80.2511901855,67582,67592,10
12.9771203995,80.2513580322,67592,67602,10
12.9773197174,80.251449585,67602,67612,10
12.9774198532,80.2515411377,67612,67622,10
12.9778203964,80.2518615723,67622,67632,10
12.9781703949,80.2521362305,67632,67642,10
12.9783201218,80.2522506714,67642,67652,10
12.97838974,80.2522964478,67652,67662,10
12.9785804749,80.2524185181,67662,67673,11
12.978679657,80.2524795532,67673,67986,313
12.978679657,80.2524795532,67986,67996,10
12.978770256,80.2524719238,67996,68006,10
12.9789400101,80.2525405884,68006,68016,10
12.9791498184,80.2526016235,68016,68026,10
12.9794502258,80.2526397705,68026,68036,10
12.9797201157,80.2526702881,68036,68046,10
12.9801998138,80.2527008057,68046,68056,10
12.9806900024,80.2526931763,68056,68066,10
12.981470108,80.2526626587,68066,68076,10
12.982629776,80.2526092529,68076,68359,283
12.982629776,80.2526092529,68359,68369,10
12.982919693,80.2525787354,68369,68379,10
12.9833898544,80.252532959,68379,68388,9
12.9839897156,80.2523803711,68388,68400,12
12.9848604202,80.2521286011,68400,68410,10
12.9852600098,80.2519989014,68410,68420,10
12.9856901169,80.2518920898,68420,68430,10
12.9861698151,80.2517471313,68430,68440,10
12.9867200851,80.2516098022,68440,68450,10
12.9871301651,80.2514877319,68450,68460,10
12.9875402451,80.2513580322,68460,68470,10
12.9878797531,80.2515487671,68470,68480,10
12.9879903793,80.252166748,68480,68490,10
12.9879398346,80.2529296875,68490,68501,11
12.987859726,80.2538986206,68501,68511,10
12.9878396988,80.2544937134,68511,68600,89
12.9878396988,80.2544937134,68600,68612,12
12.9877901077,80.2548294067,68612,68622,10
12.9877500534,80.2550964355,68622,68632,10
12.9877500534,80.2552032471,68632,68642,10
12.9877300262,80.2554702759,68642,68652,10
12.9877300262,80.2556610107,68652,68662,10
12.9879598618,80.2558364868,68662,68672,10
12.9880599976,80.255859375,68672,68682,10
12.9881601334,80.2558822632,68682,68692,10
12.9882602692,80.2559127808,68692,68702,10
12.988650322,80.2559585571,68702,68713,11
12.9893302917,80.2560195923,68713,68723,10
12.9900197983,80.2560806274,68723,68733,10
12.9905395508,80.2560424805,68733,68743,10
12.9911804199,80.256072998,68743,68753,10
12.9919595718,80.2560882568,68753,68763,10
12.9934902191,80.2560119629,68763,68783,20
12.9934902191,80.2560119629,68783,68793,10
12.9936800003,80.2560119629,68793,68844,51
12.9936800003,80.2560119629,68844,68854,10
12.9938497543,80.2560424805,68854,68864,10
12.9939603806,80.2560424805,68864,68874,10
12.9941797256,80.2560195923,68874,68884,10
12.9945201874,80.2559890747,68884,68894,10
12.9949703217,80.2559509277,68894,68904,10
12.995349884,80.2559280396,68904,68914,10
12.9957399368,80.2559509277,68914,68925,11
12.9964504242,80.2559204102,68925,69036,111
12.9964504242,80.2559204102,69036,69046,10
12.9967498779,80.2558364868,69046,69056,10
12.9970502853,80.255859375,69056,69066,10
12.9975700378,80.2559127808,69066,69076,10
12.9982099533,80.2559814453,69076,69086,10
12.998749733,80.2560501099,69086,69106,20
12.998749733,80.2560501099,69106,69116,10
12.9989099503,80.2560806274,69116,69127,11
12.9991197586,80.2561187744,69127,69137,10
12.9995803833,80.2562103271,69137,69147,10
13.000120163,80.2563323975,69147,69157,10
13.0005903244,80.256439209,69157,69167,10
13.0009098053,80.2564926147,69167,69177,10
13.0013799667,80.2565612793,69177,69187,10
13.0018701553,80.2566375732,69187,69197,10
13.0021896362,80.256690979,69197,69207,10
13.0024900436,80.2567367554,69207,69217,10
13.0029096603,80.2568283081,69217,69228,11
13.0034198761,80.2569198608,69228,69238,10
13.0039796829,80.2570419312,69238,69248,10
13.004699707,80.2571716309,69248,69258,10
13.0051002502,80.2572097778,69258,69268,10
13.0051898956,80.2572097778,69268,69278,10
13.0054197311,80.2572784424,69278,69288,10
13.0057401657,80.2574081421,69288,69298,10
13.0063495636,80.2575302124,69298,69308,10
13.0068702698,80.2578582764,69308,69318,10
13.0072402954,80.2584533691,69318,69328,10
13.0079498291,80.2588424683,69328,69339,11
13.0085296631,80.2590408325,69339,69349,10
13.0086097717,80.2590789795,69349,69359,10
13.0090904236,80.2591400146,69359,69369,10
13.0098495483,80.2591400146,69369,69379,10
13.0108699799,80.2591400146,69379,69389,10
13.0120401382,80.2591400146,69389,69399,10
13.013299942,80.2592086792,69399,69409,10
13.0145902634,80.2592391968,69409,69419,10
13.0155296326,80.2593231201,69419,69429,10
13.0162496567,80.2595977783,69429,69440,11
13.0164604187,80.2597503662,69440,69450,10
13.0167102814,80.259979248,69450,69460,10
13.0170097351,80.2601928711,69460,69470,10
13.0174703598,80.2605133057,69470,69480,10
13.017950058,80.2608413696,69480,69490,10
13.018289566,80.2610702515,69490,69500,10
13.0187397003,80.2614135742,69500,69510,10
13.019080162,80.2617111206,69510,69520,10
13.0192699432,80.2618484497,69520,69530,10
13.0195598602,80.2621383667,69530,69541,11
13.0202302933,80.2627716064,69541,69551,10
13.0200595856,80.2630691528,69551,69561,10
13.0194797516,80.2629776001,69561,69571,10
13.0189599991,80.2630767822,69571,69581,10
13.0190296173,80.2637329102,69581,69591,10
13.0190095901,80.2646408081,69591,69601,10
13.018819809,80.2653579712,69601,69611,10
13.0186901093,80.265838623,69611,69621,10
13.0186796188,80.2666473389,69621,69630,9
13.0187997818,80.2672195435,69630,69642,12
13.0190401077,80.2676086426,69642,69652,10
13.019490242,80.268157959,69652,69662,10
13.0201101303,80.2689208984,69662,69672,10
13.0207195282,80.2696609497,69672,69682,10
13.0211400986,80.2701416016,69682,69692,10
13.0214300156,80.2705001831,69692,69702,10
13.0215597153,80.2706680298,69702,69712,10
13.0219297409,80.2711410522,69712,69722,10
13.0224399567,80.2717971802,69722,69732,10
13.0230703354,80.2726593018,69732,69742,10
13.0238304138,80.273651123,69742,69783,41
13.0238304138,80.273651123,69783,69793,10
13.0238399506,80.2737197876,69793,69803,10
13.0240898132,80.2740478516,69803,69813,10
13.0245800018,80.274597168,69813,69823,10
13.0252504349,80.2749099731,69823,69842,19
13.0252504349,80.2749099731,69842,69854,12
13.0254602432,80.2750167847,69854,69864,10
13.0257797241,80.275177002,69864,69874,10
13.0263204575,80.2754516602,69874,69884,10
13.02684021,80.2756576538,69884,69894,10
13.0275497437,80.2760314941,69894,69904,10
13.0284004211,80.2763824463,69904,69914,10
13.0290803909,80.2766113281,69914,69924,10
13.0295600891,80.2767181396,69924,69934,10
13.0301103592,80.2769088745,69934,69944,10
13.0306901932,80.2771911621,69944,69955,11
13.0311403275,80.2774810791,69955,69965,10
13.0317296982,80.277633667,69965,69975,10
13.0322799683,80.2775802612,69975,69985,10
13.0325298309,80.2775421143,69985,69995,10
13.0325698853,80.2775421143,69995,70005,10
13.0329198837,80.2775115967,70005,70015,10
13.0333795547,80.2774124146,70015,70025,10
13.0338096619,80.2774429321,70025,70035,10
13.0343599319,80.2775878906,70035,70045,10
13.0348701477,80.2776870728,70045,70056,11
13.0355100632,80.2778091431,70056,70066,10
13.0361099243,80.2779312134,70066,70076,10
13.0366601944,80.2780914307,70076,70086,10
13.0371799469,80.2782974243,70086,70096,10
13.0377902985,80.2784500122,70096,70106,10
13.038479805,80.2786331177,70106,70116,10
13.0387401581,80.2787017822,70116,70126,10
13.0388298035,80.2787399292,70126,70136,10
13.0391902924,80.2788619995,70136,70146,10
13.0397396088,80.2790374756,70146,70157,11
13.0406799316,80.2792892456,70157,70167,10
13.0417804718,80.2794876099,70167,70177,10
13.0427999496,80.2795715332,70177,70187,10
13.043129921,80.2795562744,70187,70227,40
13.043129921,80.2795562744,70227,70237,10
13.043390274,80.2796630859,70237,70247,10
13.0440101624,80.2798614502,70247,70257,10
13.0457201004,80.2801132202,70257,70278,21
13.0457201004,80.2801132202,70278,70288,10
13.046090126,80.2801895142,70288,70298,10
13.0467395782,80.2802734375,70298,70308,10
13.0476703644,80.2804107666,70308,70318,10
13.0488004684,80.2805709839,70318,70328,10
13.0499401093,80.2807235718,70328,70338,10
13.0508403778,80.2808380127,70338,70348,10
13.0513296127,80.2809371948,70348,70358,10
13.0519895554,80.2810516357,70358,70369,11
13.0528402328,80.2811813354,70369,70379,10
13.053609848,80.2812805176,70379,70389,10
13.0543804169,80.2814331055,70389,70399,10
13.055150032,80.2815704346,70399,70409,10
13.0559396744,80.2817306519,70409,70429,20
13.0559396744,80.2817306519,70429,70439,10
13.0561304092,80.281791687,70439,70449,10
13.057009697,80.2819366455,70449,70470,21
13.057009697,80.2819366455,70470,70480,10
13.0572099686,80.2819824219,70480,70490,10
13.0577697754,80.2820892334,70490,70500,10
13.0583696365,80.2822189331,70500,70510,10
13.0591602325,80.2823867798,70510,70520,10
13.0600700378,80.2825698853,70520,70530,10
13.0607004166,80.282699585,70530,70540,10
13.0614204407,80.2828674316,70540,70550,10
13.0621700287,80.2830429077,70550,70560,10
13.0628299713,80.2832107544,70560,70571,11
13.0631799698,80.2832794189,70571,70581,10
13.0635795593,80.2833328247,70581,70591,10
13.0636501312,80.2833633423,70591,70601,10
13.0641498566,80.283493042,70601,70611,10
13.0649204254,80.2836837769,70611,70621,10
13.0659503937,80.2838363647,70621,70631,10
13.0670700073,80.2841033936,70631,70641,10
13.0679197311,80.2842636108,70641,70651,10
13.0687704086,80.2844696045,70651,70661,10
13.0697498322,80.2847366333,70661,70671,10
13.0709600449,80.2850265503,70671,70682,11
13.0723600388,80.2853775024,70682,70692,10
13.0735902786,80.2854232788,70692,70702,10
13.0741996765,80.2860412598,70702,70712,10
13.0749397278,80.2865066528,70712,70722,10
13.0755796432,80.2868728638,70722,70732,10
13.0763998032,80.2871627808,70732,70742,10
13.0775003433,80.287437439,70742,70752,10
13.0787096024,80.2877578735,70752,70762,10
13.0796804428,80.2881088257,70762,70772,10
13.0801496506,80.288192749,70772,70783,11
13.0804004669,80.2882614136,70783,70793,10
13.080619812,80.288269043,70793,70803,10
13.0811300278,80.288482666,70803,70813,10
13.0818004608,80.2887191772,70813,70823,10
13.082400322,80.2889480591,70823,70833,10
13.0832300186,80.2892227173,70833,70843,10
13.0842399597,80.2891998291,70843,70853,10
13.0853204727,80.2891998291,70853,70863,10
13.0864295959,80.2894592285,70863,70873,10
13.0871801376,80.289680481,70873,70884,11
13.0878295898,80.2899627686,70884,70894,10
13.08796978,80.2900314331,70894,70904,10
13.0882101059,80.2901306152,70904,70954,50
13.0882101059,80.2901306152,70954,70964,10
13.0884599686,80.2901763916,70964,71025,61
13.0886001587,80.2901763916,71025,71045,20
13.0886802673,80.2901611328,71045,71106,61
13.0886802673,80.2901611328,71106,71116,10
13.0887498856,80.2903671265,71116,71126,10
13.0884199142,80.2903671265,71126,71136,10
13.0880203247,80.2901611328,71136,71146,10
13.0873403549,80.2899017334,71146,71156,10
13.0866098404,80.2896881104,71156,71166,10
13.0860204697,80.2895431519,71166,71176,10
13.0855998993,80.2892608643,71176,71186,10
13.0852403641,80.2886428833,71186,71197,11
13.0850296021,80.2878570557,71197,71207,10
13.0850601196,80.2875366211,71207,71217,10
13.0851202011,80.2869033813,71217,71227,10
13.0852003098,80.2859573364,71227,71237,10
13.085269928,80.2849578857,71237,71247,10
13.0852098465,80.2845535278,71247,71277,30
13.0852098465,80.2845535278,71277,71287,10
13.0851202011,80.2841491699,71287,71318,31
13.0851202011,80.2841491699,71318,71328,10
13.0852003098,80.2840270996,71328,71338,10
13.0853796005,80.2837295532,71338,71348,10
13.0855398178,80.2835464478,71348,71358,10
13.0858402252,80.2835617065,71358,71368,10
13.0862197876,80.2835769653,71368,71378,10
13.0864801407,80.2837982178,71378,71387,9
13.0867795944,80.2839431763,71387,71398,11
13.0871696472,80.2839508057,71398,71409,11
13.0876903534,80.2839584351,71409,71419,10
13.0881004333,80.2838592529,71419,72013,594
13.0881004333,80.2838592529,72013,72025,12
13.088060379,80.2836990356,72025,72035,10
13.0881996155,80.2835235596,72035,72045,10
13.0882797241,80.2833404541,72045,72055,10
13.088259697,80.2829971313,72055,72065,10
13.088259697,80.2828826904,72065,72075,10
13.0882501602,80.2825088501,72075,72085,10
13.0882501602,80.2825088501,72085,72095,10
13.0882196426,80.2822875977,72095,72105,10
13.0881004333,80.2817993164,72105,72125,20
13.088139534,80.2814407349,72125,72136,11
13.0885000229,80.281578064,72136,72146,10
13.0884799957,80.2819290161,72146,72156,10
13.0884304047,80.2822036743,72156,72166,10
13.0883798599,80.2823791504,72166,72176,10
13.0883302689,80.282661438,72176,72186,10
13.0882902145,80.2828903198,72186,72196,10
13.0882797241,80.2832107544,72196,72206,10
13.0882902145,80.2835006714,72206,72216,10
13.0883197784,80.283706665,72216,72225,9
13.0883302689,80.2838516235,72225,72237,12
13.088350296,80.2841110229,72237,72247,10
13.0883598328,80.2844009399,72247,72257,10
13.0884199142,80.2847671509,72257,72267,10
13.0884504318,80.2849884033,72267,72277,10
13.0884399414,80.2852783203,72277,72287,10
13.088470459,80.285697937,72287,72297,10
13.0884799957,80.2861785889,72297,72307,10
13.0884799957,80.2864303589,72307,72317,10
13.0884799957,80.2867202759,72317,72326,9
13.0885295868,80.2872009277,72326,72338,12
13.0885601044,80.2875289917,72338,72348,10
13.0885896683,80.2878799438,72348,72358,10
13.088640213,80.2884368896,72358,72368,10
13.0886697769,80.2887268066,72368,72378,10
13.0887002945,80.2891998291,72378,72388,10
13.0887804031,80.2899780273,72388,72418,30
13.0887804031,80.2899780273,72418,72428,10
13.0887804031,80.2901992798,72428,72439,11
13.0887298584,80.2904434204,72439,72449,10
13.0885000229,80.2904586792,72449,72459,10
13.0881004333,80.2902297974,72459,72469,10
13.0875701904,80.2899703979,72469,72479,10
13.0868797302,80.2896881104,72479,72489,10
13.085940361,80.2894287109,72489,72499,10
13.084980011,80.2892532349,72499,72509,10
13.083990097,80.2892684937,72509,72519,10
13.0831403732,80.2892913818,72519,72529,10
13.082280159,80.2889785767,72529,72540,11
13.0814304352,80.2886581421,72540,72550,10
13.0806798935,80.2884368896,72550,72560,10
13.0799798965,80.288230896,72560,72570,10
13.0791196823,80.2880172729,72570,72580,10
13.0781497955,80.2876586914,72580,72590,10
13.0770597458,80.2873916626,72590,72600,10
13.0759401321,80.2871017456,72600,72610,10
13.0751800537,80.2867889404,72610,72620,10
13.0743999481,80.2862701416,72620,72630,10
13.0733203888,80.285987854,72630,72640,10
13.0722799301,80.2854537964,72640,72651,11
13.0709199905,80.2850799561,72651,72661,10
13.069609642,80.2847671509,72661,72671,10
13.0684700012,80.2845077515,72671,72681,10
13.0673799515,80.2843093872,72681,72691,10
13.0661497116,80.2840270996,72691,72701,10
13.0649003983,80.2837371826,72701,72711,10
13.0641803741,80.2836074829,72711,72721,10
13.0636100769,80.2834472656,72721,72731,10
13.0628795624,80.2832794189,72731,72741,10
13.0624303818,80.2831802368,72741,72752,11
13.0621700287,80.2831115723,72752,72762,10
13.06153965,80.2829589844,72762,72772,10
13.0607204437,80.2827911377,72772,72782,10
13.0599899292,80.2826309204,72782,72792,10
13.0590295792,80.2824325562,72792,72802,10
13.0583095551,80.2822875977,72802,72812,10
13.0579204559,80.2822265625,72812,72822,10
13.0573101044,80.2821121216,72822,72832,10
13.0568704605,80.2820205688,72832,72842,10
13.0568399429,80.2820129395,72842,72853,11
13.0565900803,80.2819519043,72853,72863,10
13.0560998917,80.2818374634,72863,72873,10
13.0553798676,80.2817001343,72873,72883,10
13.0546998978,80.2815628052,72883,72893,10
13.054019928,80.2814331055,72893,72903,10
13.0534200668,80.2813262939,72903,72913,10
13.0528697968,80.2812194824,72913,72923,10
13.0523900986,80.2811737061,72923,72933,10
13.0516500473,80.2810821533,72933,72943,10
13.0507802963,80.280921936,72943,72954,11
13.0499000549,80.2807769775,72954,72964,10
13.0488996506,80.2806396484,72964,72974,10
13.0477399826,80.2804718018,72974,72984,10
13.0466299057,80.2803268433,72984,72994,10
13.0459003448,80.2802200317,72994,73004,10
13.0455999374,80.2801895142,73004,73014,10
13.0452699661,80.2801513672,73014,73024,10
13.0446500778,80.2800674438,73024,73034,10
13.0439395905,80.2799606323,73034,73044,10
13.0435495377,80.2798995972,73044,73055,11
13.0435400009,80.2798995972,73055,73065,10
13.0434999466,80.2798995972,73065,73075,10
13.0431098938,80.2798233032,73075,73085,10
13.0423898697,80.2796401978,73085,73095,10
13.0414304733,80.2794723511,73095,73105,10
13.0405397415,80.279296875,73105,73115,10
13.0396604538,80.2790908813,73115,73125,10
13.0390195847,80.2789077759,73125,73135,10
13.0389995575,80.2789001465,73135,73145,10
13.0388498306,80.2788391113,73145,73155,10
13.0383901596,80.278678894,73155,73206,51
13.0383901596,80.278678894,73206,73216,10
13.0380496979,80.2785797119,73216,73246,30
13.0380496979,80.2785797119,73246,73256,10
13.037560463,80.278427124,73256,73327,71
13.037560463,80.278427124,73327,73337,10
13.0371103287,80.2782821655,73337,73347,10
13.036860466,80.2781829834,73347,73357,10
13.0365600586,80.2780685425,73357,73368,11
13.0362596512,80.277961731,73368,73378,10
13.0360803604,80.2779312134,73378,73388,10
13.0358800888,80.2778701782,73388,73398,10
13.0355501175,80.2778091431,73398,73408,10
13.0352697372,80.2777786255,73408,73418,10
13.0347795486,80.2777099609,73418,73428,10
13.0339899063,80.2775192261,73428,73448,20
13.0339899063,80.2775192261,73448,73458,10
13.0335702896,80.2774429321,73458,73519,61
13.0335702896,80.2774429321,73519,73529,10
13.033249855,80.2774276733,73529,73539,10
13.0326795578,80.2774963379,73539,73549,10
13.0321302414,80.2775726318,73549,73559,10
13.0316295624,80.277633667,73559,73569,10
13.0313997269,80.2776184082,73569,73580,11
13.031080246,80.2774429321,73580,73590,10
13.0309000015,80.2773284912,73590,73600,10
13.030790329,80.2772674561,73600,73610,10
13.0303497314,80.2770385742,73610,73620,10
13.0297698975,80.2768096924,73620,73630,10
13.0293197632,80.2766876221,73630,73640,10
13.0290002823,80.2765884399,73640,73650,10
13.0286197662,80.2764434814,73650,73660,10
13.0282897949,80.2763137817,73660,73670,10
13.0282802582,80.2763137817,73670,73681,11
13.0279903412,80.2761993408,73681,73691,10
13.0276403427,80.2760620117,73691,73701,10
13.0271596909,80.2758331299,73701,73711,10
13.0269403458,80.275718689,73711,73721,10
13.0264701843,80.2755279541,73721,73731,10
13.02602005,80.2753219604,73731,73741,10
13.025970459,80.2752990723,73741,73751,10
13.0256996155,80.2751617432,73751,73761,10
13.0251598358,80.2749404907,73761,73771,10
13.0245304108,80.2746505737,73771,73792,21
13.0245304108,80.2746505737,73792,73802,10
13.0242300034,80.2743835449,73802,73812,10
13.0238599777,80.2739028931,73812,73822,10
13.0234003067,80.2732620239,73822,73832,10
13.0228595734,80.2724990845,73832,73842,10
13.0221796036,80.2716217041,73842,73852,10
13.0215301514,80.2707824707,73852,73862,10
13.0208902359,80.2700195313,73862,73872,10
13.0207700729,80.2698822021,73872,73883,11
13.0205802917,80.269569397,73883,73893,10
13.0201597214,80.2690429688,73893,73903,10
13.0195798874,80.2683563232,73903,73913,10
13.0189399719,80.267578125,73913,73923,10
13.0185899734,80.2665634155,73923,73933,10
13.0185899734,80.26587677,73933,73943,10
13.0187797546,80.2651901245,73943,73953,10
13.0190095901,80.2643203735,73953,73963,10
13.0189504623,80.2635803223,73963,73973,10
13.0188798904,80.2632064819,73973,73984,11
13.0188598633,80.2629623413,73984,73994,10
13.0188102722,80.262512207,73994,74004,10
13.0187597275,80.2617874146,74004,74014,10
13.0187101364,80.2615203857,74014,74024,10
13.0186100006,80.2613601685,74024,74034,10
13.0184402466,80.2612533569,74034,74044,10
13.0181798935,80.2610778809,74044,74054,10
13.017780304,80.2608337402,74054,74064,10
13.0172796249,80.2604827881,74064,74074,10
13.0166797638,80.260093689,74074,74084,10
13.0160503387,80.2597579956,74084,74095,11
13.0160102844,80.2597427368,74095,74105,10
13.0156803131,80.2595977783,74105,74115,10
13.0150699615,80.2594223022,74115,74125,10
13.0143299103,80.2593612671,74125,74135,10
13.0133895874,80.2593307495,74135,74145,10
13.0122804642,80.2592926025,74145,74155,10
13.0114202499,80.2592468262,74155,74165,10
13.0107097626,80.2592697144,74165,74175,10
13.0097703934,80.2592773438,74175,74185,10
13.0090303421,80.2592773438,74185,74196,11
13.0086898804,80.2592773438,74196,74206,10
13.0083703995,80.2592926025,74206,74216,10
13.0078401566,80.2593612671,74216,74226,10
13.0073699951,80.2593231201,74226,74236,10
13.0071601868,80.2588500977,74236,74246,10
13.0071296692,80.2587738037,74246,74256,10
13.007060051,80.2585983276,74256,74266,10
13.0067796707,80.2581481934,74266,74276,10
13.0065898895,80.2578201294,74276,74286,10
13.0062904358,80.2576217651,74286,74297,11
13.0056600571,80.2574615479,74297,74307,10
13.005109787,80.2573013306,74307,74317,10
13.0047197342,80.2572097778,74317,74327,10
13.0042800903,80.2571411133,74327,74418,91
13.0042800903,80.2571411133,74418,74428,10
13.0039796829,80.2570800781,74428,74438,10
13.0039396286,80.2570724487,74438,74448,10
13.0036296844,80.2570114136,74448,74458,10
13.003370285,80.2569732666,74458,74468,10
13.0030002594,80.2568893433,74468,74478,10
13.0024299622,80.2567825317,74478,74529,51
13.0024299622,80.2567825317,74529,74539,10
13.0021800995,80.2567596436,74539,74549,10
13.0018396378,80.2566986084,74549,74559,10
13.0013999939,80.2566375732,74559,74569,10
13.0006999969,80.2565383911,74569,74579,10
12.9998703003,80.2563934326,74579,74599,20
12.9998703003,80.2563934326,74599,74610,11
12.9996004105,80.2563400269,74610,74620,10
12.9993600845,80.2562866211,74620,74630,10
12.9991197586,80.2562408447,74630,74640,10
12.9988603592,80.2561798096,74640,74650,10
12.9985599518,80.256149292,74650,74660,10
12.998550415,80.2561416626,74660,74670,10
12.9983701706,80.256111145,74670,74680,10
12.9979400635,80.2560501099,74680,74690,10
12.9976997375,80.2560119629,74690,74700,10
12.997130394,80.2559661865,74700,74801,101
12.997130394,80.2559661865,74801,74812,11
12.9967699051,80.2560195923,74812,74822,10
12.9963598251,80.2559814453,74822,74832,10
12.9958000183,80.2559661865,74832,74842,10
12.9953403473,80.2559585571,74842,74852,10
12.9947900772,80.2559585571,74852,74862,10
12.9941902161,80.2560119629,74862,74872,10
12.9934301376,80.2560577393,74872,74882,10
12.9925203323,80.256111145,74882,74892,10
12.9914102554,80.2560882568,74892,74902,10
12.9905595779,80.2560806274,74902,74912,10
12.9897403717,80.2560806274,74912,74923,11
12.9889698029,80.2560272217,74923,74933,10
12.988409996,80.2559661865,74933,74943,10
12.9880800247,80.2559280396,74943,74953,10
12.9877500534,80.255897522,74953,75125,172
12.9877500534,80.255897522,75125,75135,10
12.9874000549,80.2558364868,75135,75145,10
12.9868097305,80.2557296753,75145,75155,10
12.9861001968,80.2555923462,75155,75175,20
12.9861001968,80.2555923462,75175,75185,10
12.9858999252,80.2555465698,75185,75195,10
12.9854402542,80.2554321289,75195,75205,10
12.9847202301,80.255279541,75205,75215,10
12.9840402603,80.2550964355,75215,75226,11
12.9834804535,80.2549591064,75226,75236,10
12.9829597473,80.2547988892,75236,75246,10
12.9823999405,80.2546234131,75246,75256,10
12.9820899963,80.2543334961,75256,75266,10
12.981880188,80.2538604736,75266,75276,10
12.9817399979,80.2532577515,75276,75286,10
12.9812402725,80.2528381348,75286,75296,10
12.9804296494,80.2528381348,75296,75306,10
12.9801101685,80.2528076172,75306,75316,10
12.9796304703,80.252746582,75316,75326,10
12.9790096283,80.2526779175,75326,75337,11
12.9786701202,80.2526397705,75337,75347,10
12.9785604477,80.2525787354,75347,75357,10
12.9781103134,80.2522583008,75357,75367,10
12.9774599075,80.2517089844,75367,75377,10
12.9764900208,80.2512664795,75377,75387,10
12.9753503799,80.2509384155,75387,75397,10
12.9741601944,80.2506027222,75397,75407,10
12.9729700089,80.2502822876,75407,75417,10
12.971739769,80.2499694824,75417,75427,10
12.9704999924,80.2496185303,75427,75438,11
12.96916008,80.249130249,75438,75448,10
12.9679899216,80.2486572266,75448,75458,10
12.9670600891,80.248260498,75458,75468,10
12.9663000107,80.2478790283,75468,75478,10
12.9655103683,80.2475662231,75478,75488,10
12.9651298523,80.2474594116,75488,75498,10
12.9651203156,80.2474517822,75498,75508,10
12.9648599625,80.2473373413,75508,75518,10
12.9643001556,80.2471389771,75518,75528,10
12.9637298584,80.2469024658,75528,75539,11
12.9632501602,80.2466812134,75539,75549,10
12.9625301361,80.2463531494,75549,75559,10
12.9616298676,80.2459030151,75559,75569,10
12.9605903625,80.2453765869,75569,75579,10
12.959230423,80.2448196411,75579,75599,20
12.959230423,80.2448196411,75599,75609,10
12.9589796066,80.2446594238,75609,75619,10
12.9583997726,80.2444000244,75619,75629,10
12.9577798843,80.244178772,75629,75640,11
12.9565601349,80.2437973022,75640,75670,30
12.9565601349,80.2437973022,75670,75680,10
12.9564504623,80.2437591553,75680,75690,10
12.9563102722,80.2437210083,75690,75700,10
12.9558601379,80.2434692383,75700,75710,10
12.9551696777,80.2431106567,75710,75720,10
12.9542798996,80.2427215576,75720,75730,10
12.9532804489,80.2423095703,75730,75741,11
12.9521598816,80.2418899536,75741,75751,10
12.9517002106,80.2417602539,75751,75761,10
12.9516296387,80.2417373657,75761,75771,10
12.9513301849,80.2416381836,75771,75781,10
12.9506902695,80.2414169312,75781,75791,10
12.949839592,80.2411575317,75791,75801,10
12.9490995407,80.2409362793,75801,75811,10
12.9484701157,80.2406463623,75811,75821,10
12.9476604462,80.2403030396,75821,75831,10
12.9471797943,80.2401123047,75831,75862,31
12.9471797943,80.2401123047,75862,75872,10
12.9471302032,80.2400970459,75872,75882,10
12.9467201233,80.2399291992,75882,75892,10
12.9460296631,80.2396316528,75892,75902,10
12.9452104568,80.2391967773,75902,75912,10
12.9444303513,80.2383880615,75912,75922,10
12.9435396194,80.2375488281,75922,75932,10
12.9425802231,80.2367019653,75932,75942,10
12.9413099289,80.2362670898,75942,75953,11
12.9399595261,80.2359008789,75953,75963,10
12.9391002655,80.2355575562,75963,75973,10
12.9390296936,80.2355270386,75973,75983,10
12.9387798309,80.2354125977,75983,75993,10
12.9382295609,80.2351074219,75993,76003,10
12.9374704361,80.2347183228,76003,76013,10
12.93653965,80.2342681885,76013,76023,10
12.935839653,80.2339706421,76023,76054,31
12.935839653,80.2339706421,76054,76064,10
12.9357500076,80.2339782715,76064,76074,10
12.9355697632,80.2342987061,76074,76084,10
12.9353399277,80.2349014282,76084,76094,10
12.9351396561,80.2354431152,76094,76104,10
12.934920311,80.2354812622,76104,76114,10
12.9346103668,80.2353286743,76114,76124,10
12.9340696335,80.2351226807,76124,76134,10
12.9338197708,80.2351531982,76134,76144,10
12.933719635,80.2355804443,76144,76155,11
12.9335699081,80.2361831665,76155,76165,10
12.933259964,80.2362213135,76165,76175,10
12.9330301285,80.2361907959,76175,76185,10
12.9329595566,80.2362976074,76185,76195,10
12.9329204559,80.2366485596,76195,76205,10
12.9327697754,80.237197876,76205,76215,10
12.9326601028,80.2374725342,76215,76225,10
12.9324197769,80.2380523682,76225,76235,10
12.9322395325,80.23853302,76235,76245,10
12.9320297241,80.2388000488,76245,76256,11
12.9312000275,80.238571167,76256,76276,20
12.9312000275,80.238571167,76276,76286,10
12.9311599731,80.2385482788,76286,76296,10
12.9308004379,80.2384262085,76296,76306,10
12.9301700592,80.2382125854,76306,76316,10
12.9295501709,80.2380905151,76316,76326,10
12.9294700623,80.2383575439,76326,76336,10
12.9293403625,80.2388534546,76336,76346,10
12.9291696548,80.2390823364,76346,76355,9
12.9283103943,80.2388687134,76355,76377,22
12.9283103943,80.2388687134,76377,76387,10
12.9281396866,80.2388305664,76387,76397,10
12.9275598526,80.2386779785,76397,76407,10
12.9269304276,80.23853302,76407,76417,10
12.9262504578,80.2383575439,76417,76427,10
12.9255599976,80.2381591797,76427,76437,10
12.9257698059,80.2382583618,76437,76468,31
12.9257698059,80.2382583618,76468,76478,10
12.9261598587,80.2383117676,76478,76488,10
12.9268398285,80.2384872437,76488,76498,10
12.9272699356,80.2386016846,76498,76508,10
12.9277496338,80.2387084961,76508,76518,10
12.9283399582,80.2388381958,76518,76528,10
12.9288597107,80.2389678955,76528,76538,10
12.9292802811,80.2390213013,76538,76548,10
12.9293804169,80.2387466431,76548,76558,10
12.9295396805,80.2382125854,76558,76569,11
12.9296703339,80.2379989624,76569,76579,10
12.9301700592,80.2381591797,76579,76589,10
12.9308700562,80.2384109497,76589,76599,10
12.9313001633,80.238571167,76599,76609,10
12.9316997528,80.2387313843,76609,76619,10
12.9321203232,80.2387313843,76619,76629,10
12.9322395325,80.2384490967,76629,76639,10
12.9323501587,80.2381668091,76639,76649,10
12.9325304031,80.2376480103,76649,76659,10
12.9327001572,80.237197876,76659,76670,11
12.9328603745,80.2367706299,76670,76680,10
12.9329395294,80.236328125,76680,76690,10
12.9329595566,80.2362136841,76690,76700,10
12.9330101013,80.2361297607,76700,76710,10
12.9332895279,80.2361602783,76710,76720,10
12.9335603714,80.2361221313,76720,76730,10
12.9336595535,80.2357025146,76730,76740,10
12.9337902069,80.2352218628,76740,76750,10
12.9337997437,80.2351989746,76750,76760,10
12.9338798523,80.2350082397,76760,76770,10
12.9341602325,80.2350997925,76770,76781,11
12.9346599579,80.2353210449,76781,76791,10
12.934969902,80.2354431152,76791,76801,10
12.9350996017,80.2354431152,76801,76811,10
12.9351596832,80.2352371216,76811,76821,10
12.9353704453,80.2346878052,76821,76831,10
12.9356899261,80.2340316772,76831,76851,20
12.9356899261,80.2340316772,76851,76861,10
12.9357404709,80.2339172363,76861,76871,10
12.9358997345,80.233757019,76871,76882,11
12.9364900589,80.2340774536,76882,76892,10
12.9370498657,80.2343673706,76892,76902,10
12.9378595352,80.2347793579,76902,76912,10
12.9389095306,80.2352905273,76912,76922,10
12.9397096634,80.235710144,76922,76932,10
12.9406099319,80.2360076904,76932,76942,10
12.9417104721,80.2362670898,76942,76952,10
12.9428701401,80.2366714478,76952,76962,10
12.9437503815,80.237449646,76962,76971,9
12.9445295334,80.238319397,76971,76983,12
12.9456996918,80.2393798828,76983,76993,10
12.9469003677,80.2398834229,76993,77003,10
12.9472999573,80.240020752,77003,77013,10
12.947520256,80.2400894165,77013,77023,10
12.9481496811,80.2403411865,77023,77033,10
12.9486103058,80.2405090332,77033,77043,10
12.9487895966,80.2405776978,77043,77063,20
12.9487895966,80.2405776978,77063,77072,9
12.9489498138,80.2406768799,77072,77084,12
12.9491996765,80.2408065796,77084,77094,10
12.9498195648,80.2409973145,77094,77104,10
12.9507198334,80.2412719727,77104,77114,10
12.9512395859,80.2414169312,77114,77124,10
12.9515600204,80.2415313721,77124,77134,10
12.9522695541,80.2417984009,77134,77144,10
12.9532499313,80.2421798706,77144,77154,10
12.9542999268,80.2425994873,77154,77164,10
12.9551200867,80.2429199219,77164,77173,9
12.9562501907,80.243309021,77173,77195,22
12.9562501907,80.243309021,77195,77205,10
12.9562997818,80.2433319092,77205,77215,10
12.9563302994,80.2433395386,77215,77225,10
12.9566202164,80.2434387207,77225,77235,10
12.957280159,80.2437591553,77235,77245,10
12.9580402374,80.2441101074,77245,77255,10
12.9587097168,80.2444229126,77255,77265,10
12.9596595764,80.2448501587,77265,77275,10
12.9608001709,80.2453689575,77275,77284,9
12.9618797302,80.2458877563,77284,77296,12
12.9632701874,80.24659729,77296,77336,40
12.9632701874,80.24659729,77336,77346,10
12.9635696411,80.2467193604,77346,77356,10
12.9641799927,80.2469711304,77356,77366,10
12.9649801254,80.2472610474,77366,77376,10
12.9658298492,80.2475204468,77376,77386,10
12.9665498734,80.2477874756,77386,77407,21
12.9665498734,80.2477874756,77407,77417,10
12.9667196274,80.2479019165,77417,77427,10
12.9671602249,80.2481231689,77427,77437,10
12.9676303864,80.2483596802,77437,77447,10
12.96833992,80.2486572266,77447,77457,10
12.9692401886,80.2490234375,77457,77467,10
12.9702196121,80.2493972778,77467,77477,10
12.9712295532,80.2497406006,77477,77487,10
12.972319603,80.2500305176,77487,77498,11
12.9734897614,80.250328064,77498,77508,10
12.9745101929,80.2506103516,77508,77518,10
12.9755802155,80.2509002686,77518,77528,10
12.9765701294,80.2511825562,77528,77538,10
12.9774198532,80.2515335083,77538,77548,10
12.9781398773,80.2521286011,77548,77558,10
12.9785699844,80.2523803711,77558,77568,10
12.9786901474,80.2524490356,77568,77578,10
12.9792499542,80.2526016235,77578,77588,10
12.9800300598,80.2526626587,77588,77599,11
12.9810304642,80.2526626587,77599,77609,10
12.9821796417,80.2526168823,77609,77618,9
12.9832496643,80.2525177002,77618,77629,11
12.9843902588,80.2522277832,77629,77639,10
12.985250473,80.2519836426,77639,77649,10
12.9860897064,80.2517318726,77649,77679,30
12.9860897064,80.2517318726,77679,77689,10
12.9862604141,80.2516784668,77689,77700,11
12.9867200851,80.2515792847,77700,77710,10
12.9871797562,80.2514572144,77710,77932,222
12.9871797562,80.2514572144,77932,77942,10
12.9874401093,80.251373291,77942,77952,10
12.9877500534,80.2513504028,77952,77962,10
12.9879198074,80.2516937256,77962,77972,10
12.9880199432,80.2522125244,77972,77982,10
12.9879598618,80.2529296875,77982,77992,10
12.9878797531,80.2538375854,77992,78002,10
12.9877996445,80.2547607422,78002,78013,11
12.987739563,80.2554016113,78013,78164,151
12.9877004623,80.2555084229,78164,78174,10
12.9877004623,80.2555084229,78174,78184,10
12.9877195358,80.2557830811,78184,78193,9
12.9880800247,80.2558670044,78193,78204,11
12.9885902405,80.2559127808,78204,78214,10
12.9886798859,80.2559204102,78214,78225,11
12.9892101288,80.2559585571,78225,78235,10
12.989979744,80.2559967041,78235,78245,10
12.9907302856,80.2559967041,78245,78255,10
12.9915304184,80.2560195923,78255,78265,10
12.9924201965,80.2560424805,78265,78275,10
12.9932003021,80.2559967041,78275,78285,10
12.9938497543,80.2559585571,78285,78295,10
12.9944496155,80.2559280396,78295,78305,10
12.9951095581,80.2558898926,78305,78315,10
12.995759964,80.2558822632,78315,78326,11
12.9963502884,80.255859375,78326,78336,10
12.9964599609,80.255859375,78336,78346,10
12.9965400696,80.2558517456,78346,78356,10
12.9967603683,80.2558288574,78356,78366,10
12.9970302582,80.2558364868,78366,78376,10
12.9974403381,80.2558898926,78376,78386,10
12.9979400635,80.2559204102,78386,78396,10
12.9984397888,80.2559814453,78396,78406,10
12.9986801147,80.2560501099,78406,78416,10
12.9988203049,80.2560577393,78416,78427,11
12.99903965,80.2560577393,78427,78437,10
12.9990596771,80.2560577393,78437,78447,10
12.9992599487,80.2561035156,78447,78457,10
12.9996700287,80.2561798096,78457,78467,10
13.0001802444,80.2562866211,78467,78477,10
13.000749588,80.2564086914,78477,78487,10
13.0010099411,80.2564620972,78487,78497,10
13.0013399124,80.2565231323,78497,78507,10
13.0016698837,80.2565994263,78507,78517,10
13.0021400452,80.256652832,78517,78528,11
13.0027399063,80.2567596436,78528,78538,10
13.0032596588,80.2568588257,78538,78548,10
13.0038604736,80.2569732666,78548,78558,10
13.0045204163,80.2570877075,78558,78568,10
13.0051202774,80.2572097778,78568,78578,10
13.0054798126,80.2572784424,78578,78588,10
13.0058803558,80.2573776245,78588,78598,10
13.0065498352,80.2574920654,78598,78608,10
13.006939888,80.2579803467,78608,78618,10
13.007349968,80.2585067749,78618,78628,10
13.0080299377,80.2588272095,78628,78639,11
13.0085697174,80.2590103149,78639,78649,10
13.0086898804,80.2590637207,78649,78659,10
13.0091600418,80.2590789795,78659,78669,10
13.0099697113,80.2590637207,78669,78679,10
13.0109996796,80.2590789795,78679,78689,10
13.0120697021,80.2590713501,78689,78698,9
13.0130901337,80.2591094971,78698,78709,11
13.0143404007,80.2591629028,78709,78719,10
13.0152397156,80.2592086792,78719,78729,10
13.0159797668,80.259437561,78729,78740,11
13.0165996552,80.2598800659,78740,78750,10
13.0171403885,80.2602310181,78750,78760,10
13.0177297592,80.2606430054,78760,78770,10
13.0184001923,80.2610931396,78770,78780,10
13.0189504623,80.2615509033,78780,78790,10
13.019490242,80.262008667,78790,78800,10
13.0200595856,80.2626037598,78800,78810,10
13.0202798843,80.2630233765,78810,78820,10
13.0198202133,80.2630081177,78820,78830,10
13.0191698074,80.2629776001,78830,78841,11
13.0190200806,80.2633895874,78841,78851,10
13.0190896988,80.2641067505,78851,78861,10
13.0189199448,80.2649765015,78861,78870,9
13.0187997818,80.2654266357,78870,78881,11
13.0186595917,80.2660293579,78881,78891,10
13.0187101364,80.2668609619,78891,78901,10
13.0190896988,80.2676391602,78901,78911,10
13.0196895599,80.2683563232,78911,78921,10
13.0203504562,80.2691726685,78921,78931,10
13.0209503174,80.2698822021,78931,78942,11
13.0214700699,80.2704925537,78942,78952,10
13.0216302872,80.2706832886,78952,78962,10
13.0219802856,80.271156311,78962,78972,10
13.022480011,80.2718200684,78972,78982,10
13.0230903625,80.2726211548,78982,78992,10
13.0237102509,80.2734680176,78992,79002,10
13.024140358,80.2740631104,79002,79012,10
13.0245895386,80.2745666504,79012,79022,10
13.0251502991,80.2748413086,79022,79032,10
13.0252304077,80.2748794556,79032,79043,11
13.025349617,80.2749481201,79043,79053,10
13.0255804062,80.2750396729,79053,79063,10
13.0258798599,80.275177002,79063,79073,10
13.0262699127,80.275352478,79073,79083,10
13.0267896652,80.2755737305,79083,79093,10
13.0273399353,80.2758483887,79093,79103,10
13.027970314,80.2761306763,79103,79113,10
13.0286302567,80.2763900757,79113,79123,10
13.0293197632,80.2766189575,79123,79133,10
13.0299396515,80.2767868042,79133,79144,11
13.0305204391,80.2770462036,79144,79154,10
13.0310497284,80.2773284912,79154,79164,10
13.0317401886,80.2775726318,79164,79174,10
13.032500267,80.2774887085,79174,79184,10
13.0327501297,80.2774505615,79184,79194,10
13.0332803726,80.2773895264,79194,79234,40
13.0332803726,80.2773895264,79234,79244,10
13.0336503983,80.2773284912,79244,79255,11
13.0342702866,80.2774810791,79255,79265,10
13.0349702835,80.2776184082,79265,79275,10
13.0356998444,80.2777709961,79275,79285,10
13.036450386,80.2779312134,79285,79295,10
13.0371799469,80.2782211304,79295,79305,10
13.0379199982,80.278427124,79305,79315,10
13.0387802124,80.2786407471,79315,79325,10
13.0390300751,80.2787399292,79325,79335,10
13.0393695831,80.2788467407,79335,79345,10
13.0399999619,80.2790374756,79345,79356,11
13.0409498215,80.279258728,79356,79366,10
13.0420398712,80.2794265747,79366,79376,10
13.0431098938,80.2795715332,79376,79386,10
13.043800354,80.2797698975,79386,79396,10
13.0445899963,80.2799224854,79396,79406,10
13.0455303192,80.2800521851,79406,79416,10
13.0457201004,80.2800827026,79416,79426,10
13.0461101532,80.280128479,79426,79436,10
13.0467996597,80.2802276611,79436,79446,10
13.0477399826,80.280380249,79446,79457,11
13.0488595963,80.2805480957,79457,79467,10
13.0497903824,80.2806930542,79467,79477,10
13.0507097244,80.2808227539,79477,79487,10
13.0515003204,80.280921936,79487,79497,10
13.0524396896,80.2810821533,79497,79507,10
13.0533103943,80.2811965942,79507,79517,10
13.054309845,80.2813720703,79517,79527,10
13.0552797318,80.2815475464,79527,79537,10
13.0561103821,80.2817077637,79537,79547,10
13.0564498901,80.2817764282,79547,79558,11
13.0566301346,80.2818222046,79558,79568,10
13.0571498871,80.2819213867,79568,79578,10
13.0577201843,80.2820281982,79578,79588,10
13.058429718,80.2821884155,79588,79598,10
13.0592699051,80.282371521,79598,79608,10
13.0600795746,80.2825393677,79608,79618,10
13.0609903336,80.2827072144,79618,79628,10
13.061920166,80.2829208374,79628,79638,10
13.0628004074,80.2831268311,79638,79647,9
13.0631999969,80.2831878662,79647,79659,12
13.0632801056,80.2832107544,79659,79669,10
13.0637302399,80.2833328247,79669,79679,10
13.0644102097,80.2835006714,79679,79689,10
13.0653400421,80.2837219238,79689,79699,10
13.0664596558,80.2839508057,79699,79709,10
13.0676498413,80.2842025757,79709,79719,10
13.0687398911,80.2844085693,79719,79729,10
13.069849968,80.2846908569,79729,79739,10
13.0710601807,80.2849884033,79739,79749,10
13.0722999573,80.2852935791,79749,79759,10
13.073340416,80.2853088379,79759,79770,11
13.0740098953,80.2856826782,79770,79780,10
13.0744895935,80.2861633301,79780,79790,10
13.0751304626,80.2865829468,79790,79800,10
13.0756597519,80.2868728638,79800,79810,10
13.076499939,80.2871398926,79810,79820,10
13.0775003433,80.2873916626,79820,79830,10
13.0783996582,80.2876205444,79830,79840,10
13.0791902542,80.2879180908,79840,79850,10
13.0800199509,80.2881011963,79850,79860,10
13.0806598663,80.2882232666,79860,79871,11
13.0813798904,80.2884979248,79871,79881,10
13.0820198059,80.2886886597,79881,79891,10
13.0827302933,80.2890319824,79891,79901,10
13.0835504532,80.2891616821,79901,79911,10
13.0843296051,80.2891311646,79911,79921,10
13.0851697922,80.2891464233,79921,79931,10
13.0861301422,80.2893295288,79931,79941,10
13.0869503021,80.2895584106,79941,79951,10
13.0875902176,80.2897872925,79951,79961,10
13.0886497498,80.2900772095,79961,80022,61
13.0886497498,80.2900772095,80022,80032,10
13.088760376,80.2900924683,80032,80042,10
13.0887002945,80.2903518677,80042,80052,10
13.0883102417,80.2901763916,80052,80062,10
13.0877599716,80.2899475098,80062,80073,11
13.0870800018,80.2897415161,80073,80083,10
13.086520195,80.2895965576,80083,80093,10
13.0859298706,80.2894668579,80093,80103,10
13.0855302811,80.2890472412,80103,80113,10
13.0851802826,80.2883224487,80113,80123,10
13.0851202011,80.2873382568,80123,80133,10
13.0852003098,80.2863006592,80133,80143,10
13.0853004456,80.2853088379,80143,80153,10
13.0852804184,80.2844314575,80153,80162,9
13.0852899551,80.2839736938,80162,80174,12
13.0854301453,80.2836074829,80174,80184,10
13.0855302811,80.283493042,80184,80194,10
13.0858201981,80.283493042,80194,80204,10
13.0861101151,80.283493042,80204,80214,10
13.0864095688,80.2836532593,80214,80224,10
13.0867500305,80.2838821411,80224,80234,10
13.0871200562,80.2838897705,80234,80244,10
13.0874795914,80.2838897705,80244,80254,10
13.0877599716,80.2838973999,80254,80264,10
13.0878000259,80.2838973999,80264,80274,10
13.0879402161,80.2839279175,80274,80285,11
13.0881004333,80.2837371826,80285,80295,10
13.0881996155,80.2835006714,80295,80305,10
13.0882997513,80.2832107544,80305,80315,10
13.0882797241,80.2826919556,80315,80325,10
13.0882501602,80.2821121216,80325,80335,10
13.0880804062,80.2815933228,80335,80345,10
13.0876197815,80.2813415527,80345,80355,10
13.0869398117,80.2811584473,80355,80365,10
13.0861501694,80.2809371948,80365,80374,9
13.0857000351,80.2806396484,80374,80386,12
13.0854997635,80.2798309326,80386,80396,10
13.0850095749,80.2793273926,80396,80406,10
13.0843000412,80.2791976929,80406,80416,10
13.0836296082,80.279083252,80416,80426,10
13.0829401016,80.2788009644,80426,80436,10
13.0823297501,80.2785797119,80436,80466,30
13.0823297501,80.2785797119,80466,80476,10
13.0821695328,80.2785186768,80476,80487,11
13.0819501877,80.2781829834,80487,80497,10
13.081870079,80.2774963379,80497,80507,10
13.0817804337,80.2766189575,80507,80517,10
13.0816402435,80.2758636475,80517,80527,10
13.0815401077,80.275428772,80527,80537,10
13.0815000534,80.2753295898,80537,80547,10
13.0813903809,80.2751693726,80547,80557,10
13.0810003281,80.2751922607,80557,80567,10
13.0804195404,80.2752609253,80567,80577,10
13.0797300339,80.2753372192,80577,80588,11
13.0789804459,80.2752075195,80588,80598,10
13.0783004761,80.2754974365,80598,80608,10
13.07791996,80.2761993408,80608,80618,10
13.0771503448,80.276260376,80618,80628,10
13.0763902664,80.2763214111,80628,80638,10
13.075920105,80.2763137817,80638,80648,10
13.0758800507,80.2760925293,80648,80658,10
13.0759401321,80.2759170532,80658,80668,10
