13.0757198334,80.2752075195,13,406,393
13.0759000778,80.275390625,406,548,142
13.0757102966,80.2754364014,548,639,91
13.0758895874,80.2753601074,639,5245,4606
13.075750351,80.2753219604,5245,5356,111
13.0758895874,80.2752990723,5356,18120,12764
13.0758199692,80.2753829956,18120,18211,91
13.0757703781,80.2754135132,18211,18665,454
13.0758199692,80.2754135132,18665,19382,717
13.0757904053,80.275352478,19382,22209,2827
13.0757904053,80.275352478,22209,22219,10
13.0757102966,80.2752532959,22219,23259,1040
13.0757102966,80.2752532959,23259,23269,10
13.0758399963,80.2754516602,23269,23330,61
13.0758399963,80.2754516602,23330,23340,10
13.0760202408,80.2757263184,23340,23421,81
13.0760202408,80.2757263184,23421,23431,10
13.0759296417,80.2758407593,23431,23643,212
13.0759296417,80.2758407593,23643,23653,10
13.0761499405,80.2762832642,23653,23663,10
13.0769195557,80.2762374878,23663,23673,10
13.0777902603,80.2761688232,23673,23683,10
13.0782804489,80.2755889893,23683,23693,10
13.0788402557,80.2751235962,23693,23703,10
13.0794801712,80.2752532959,23703,23713,10
13.0800800323,80.2752914429,23713,23723,10
13.0805902481,80.2752380371,23723,23733,10
13.0812301636,80.2751617432,23733,23774,41
13.0812301636,80.2751617432,23774,23784,10
13.0813703537,80.275177002,23784,23794,10
13.0818300247,80.2752532959,23794,23905,111
13.0821199417,80.2755737305,23905,23935,30
13.0821199417,80.2755737305,23935,23945,10
13.0818996429,80.275970459,23945,23956,11
13.0818195343,80.2761383057,23956,23965,9
13.0818595886,80.2766799927,23965,23976,11
13.0819101334,80.2775726318,23976,23986,10
13.0821399689,80.2783432007,23986,24026,40
13.0821399689,80.2783432007,24026,24036,10
13.0819797516,80.2782897949,24036,24046,10
13.0818996429,80.2777328491,24046,24057,11
13.0817604065,80.2768783569,24057,24067,10
13.081580162,80.2758407593,24067,24147,80
13.081580162,80.2754669189,24147,24198,51
13.081580162,80.2754669189,24198,24208,10
13.0815200806,80.2752304077,24208,24218,10
13.0812301636,80.275177002,24218,24228,10
13.0806598663,80.2752609253,24228,24238,10
13.080039978,80.2753372192,24238,24248,10
13.079369545,80.2752838135,24248,24258,10
13.0786800385,80.2751617432,24258,24269,11
13.078209877,80.2758407593,24269,24279,10
13.0776796341,80.2762374878,24279,24289,10
13.0767803192,80.2762908936,24289,24299,10
13.0760097504,80.2763290405,24299,24309,10
13.0757198334,80.2763519287,24309,24319,10
13.0752296448,80.2763595581,24319,24329,10
13.074259758,80.2764129639,24329,24339,10
13.0734596252,80.2763214111,24339,24349,10
13.0728397369,80.2756195068,24349,24359,10
13.0719995499,80.2747497559,24359,24400,41
13.0719995499,80.2747497559,24400,24410,10
13.0719203949,80.2746582031,24410,24420,10
13.0714797974,80.2744674683,24420,24430,10
13.0710601807,80.2744293213,24430,24440,10
13.0708198547,80.2743225098,24440,24450,10
13.0708198547,80.274307251,24450,24460,10
13.0706396103,80.2740402222,24460,24470,10
13.070400238,80.2734985352,24470,24481,11
13.0699300766,80.2729034424,24481,24491,10
13.0693397522,80.272277832,24491,24501,10
13.0686397552,80.2718887329,24501,24511,10
13.0680704117,80.2713012695,24511,24521,10
13.0676002502,80.2705764771,24521,24531,10
13.0667104721,80.2697296143,24531,24541,10
13.0664300919,80.2687683105,24541,24551,10
13.0661001205,80.2679977417,24551,24561,10
13.0656299591,80.2676391602,24561,24571,10
13.0653295517,80.2675933838,24571,24581,10
13.0650196075,80.2675170898,24581,24592,11
13.0642299652,80.2674179077,24592,24602,10
13.0632400513,80.2672576904,24602,24612,10
13.0624504089,80.2667922974,24612,24622,10
13.0617303848,80.2659072876,24622,24632,10
13.0610399246,80.2653427124,24632,24642,10
13.0604600906,80.2654495239,24642,24652,10
13.059800148,80.2656097412,24652,24662,10
13.0590696335,80.2655181885,24662,24672,10
13.058380127,80.2653198242,24672,24682,10
13.0580396652,80.2646102905,24682,24692,10
13.0579204559,80.2635574341,24692,24703,11
13.0577201843,80.2621231079,24703,24713,10
13.0574398041,80.2606964111,24713,24723,10
13.056889534,80.259437561,24723,24733,10
13.0566396713,80.2581787109,24733,24743,10
13.0565795898,80.2574005127,24743,24753,10
13.0565795898,80.2573165894,24753,24763,10
13.056429863,80.2569122314,24763,24773,10
13.0562496185,80.256362915,24773,24783,10
13.0557804108,80.2556610107,24783,24793,10
13.0551795959,80.2548370361,24793,24804,11
13.0544996262,80.2539825439,24804,24813,9
13.0538396835,80.253112793,24813,24824,11
13.0530004501,80.2519683838,24824,24834,10
13.0523395538,80.2510604858,24834,24844,10
13.0515003204,80.2502593994,24844,24854,10
13.0504198074,80.2499465942,24854,24864,10
13.0492801666,80.2497787476,24864,24874,10
13.0482196808,80.24949646,24874,24884,10
13.0474395752,80.2488937378,24884,24894,10
13.0470399857,80.2486190796,24894,24904,10
13.0469198227,80.2485427856,24904,24915,11
13.0461997986,80.2484664917,24915,24925,10
13.0454902649,80.2482299805,24925,24935,10
13.0447797775,80.248046875,24935,24945,10
13.0438203812,80.2478713989,24945,24955,10
13.0427999496,80.2476730347,24955,24965,10
13.0416498184,80.2474212646,24965,24975,10
13.0403795242,80.247177124,24975,24985,10
13.0393295288,80.246963501,24985,24995,10
13.0384302139,80.2467422485,24995,25005,10
13.0375795364,80.2466430664,25005,25015,10
13.0365896225,80.2464675903,25015,25026,11
13.0356502533,80.2461929321,25026,25036,10
13.0354604721,80.2460708618,25036,25046,10
13.0352296829,80.2459564209,25046,25056,10
13.0347995758,80.2455673218,25056,25066,10
13.0343198776,80.2449188232,25066,25082,16
13.0333404541,80.2437820435,25082,25094,12
13.0324201584,80.2424926758,25094,25102,8
13.0319004059,80.2416992188,25102,25114,12
13.0313997269,80.2407073975,25114,25124,10
13.0311603546,80.2401885986,25124,25135,11
13.0307598114,80.2393188477,25135,25145,10
13.0302400589,80.2384033203,25145,25155,10
13.0296201706,80.2373809814,25155,25165,10
13.0288801193,80.2364807129,25165,25175,10
13.0280799866,80.2355575562,25175,25186,11
13.0274400711,80.2345809937,25186,25196,10
13.0269098282,80.2337036133,25196,25206,10
13.0267601013,80.2334594727,25206,25216,10
13.0265903473,80.2331008911,25216,25226,10
13.0263004303,80.232421875,25226,25237,11
13.0260400772,80.231590271,25237,25247,10
13.0258302689,80.2308120728,25247,25257,10
13.0254001617,80.2300491333,25257,25267,10
13.0248498917,80.2293014526,25267,25277,10
13.0243196487,80.2286300659,25277,25287,10
13.0238399506,80.2279968262,25287,25297,10
13.0235996246,80.2277374268,25297,25317,20
13.0235996246,80.2277374268,25317,25327,10
13.0235500336,80.2276763916,25327,25338,11
13.0231800079,80.2273635864,25338,25348,10
13.0226697922,80.2268981934,25348,25358,10
13.022480011,80.2266769409,25358,25368,10
13.0221099854,80.2263717651,25368,25378,10
13.0216398239,80.2259979248,25378,25388,10
13.0214195251,80.2258224487,25388,25398,10
13.0210800171,80.2255706787,25398,25408,10
13.0204801559,80.2251205444,25408,25418,10
13.0198802948,80.2247467041,25418,25428,10
13.0198497772,80.2247161865,25428,25438,10
13.019659996,80.2246170044,25438,25449,11
13.0188903809,80.2245330811,25449,25459,10
13.0178604126,80.2248764038,25459,25469,10
13.0168304443,80.2252883911,25469,25479,10
13.0160903931,80.2255706787,25479,25489,10
13.0153102875,80.2258682251,25489,25498,9
13.0146398544,80.2261199951,25498,25509,11
13.0144395828,80.2261962891,25509,25519,10
13.0143203735,80.2262420654,25519,25529,10
13.0138902664,80.2264099121,25529,25539,10
13.0131702423,80.2266921997,25539,25550,11
13.0121202469,80.2270812988,25550,25560,10
13.0111398697,80.2274398804,25560,25570,10
13.0101299286,80.2278671265,25570,25580,10
13.0092601776,80.2283096313,25580,25590,10
13.0090904236,80.2291870117,25590,25600,10
13.0088996887,80.2304611206,25600,25610,10
13.008769989,80.2316665649,25610,25620,10
13.0085296631,80.2326812744,25620,25630,10
13.0083999634,80.2334289551,25630,25640,10
13.0083599091,80.2334899902,25640,25650,10
13.0082101822,80.2337417603,25650,25661,11
13.0080795288,80.234336853,25661,25671,10
13.0079097748,80.2350616455,25671,25681,10
13.0077199936,80.2358932495,25681,25691,10
13.0075397491,80.2369537354,25691,25707,16
13.0073204041,80.2383270264,25707,25719,12
13.0071201324,80.2392807007,25719,25727,8
13.0070104599,80.2400817871,25727,25780,53
13.0070104599,80.2400817871,25780,25790,10
13.0068902969,80.2403030396,25790,25800,10
13.0068902969,80.2405090332,25800,25810,10
13.006819725,80.2407989502,25810,25820,10
13.0067501068,80.2412796021,25820,25830,10
13.0067396164,80.2423019409,25830,25840,10
13.0067195892,80.2434310913,25840,25850,10
13.0067396164,80.2445373535,25850,25860,10
13.0066995621,80.2455368042,25860,25871,11
13.0067596436,80.2463531494,25871,25881,10
13.006770134,80.2470474243,25881,25891,10
13.0065698624,80.2474212646,25891,25901,10
13.0060396194,80.2474136353,25901,25921,20
13.0060396194,80.2474136353,25921,25931,10
13.0055904388,80.2473373413,25931,25941,10
13.0049695969,80.247428894,25941,25951,10
13.004070282,80.2474899292,25951,25961,10
13.0030603409,80.2476196289,25961,25971,10
13.0022201538,80.2477874756,25971,25982,11
13.0011796951,80.2480621338,25982,25992,10
13.0000896454,80.248336792,25992,26002,10
12.9989299774,80.248626709,26002,26012,10
12.9979000092,80.2488937378,26012,26022,10
12.9967603683,80.249168396,26022,26032,10
12.9955396652,80.2494888306,26032,26042,10
12.9942798615,80.2498168945,26042,26052,10
12.9931201935,80.2500991821,26052,26062,10
12.9920301437,80.2503662109,26062,26072,10
12.9912395477,80.2506027222,26072,26083,11
12.9911899567,80.2506027222,26083,26093,10
12.9910001755,80.2506103516,26093,26103,10
12.9904699326,80.2507400513,26103,26113,10
12.9896402359,80.2509536743,26113,26123,10
12.9886102676,80.2512283325,26123,26163,40
12.9886102676,80.2512283325,26163,26173,10
12.9883499146,80.251411438,26173,26183,10
12.9879903793,80.2514572144,26183,26194,11
12.9874601364,80.2515335083,26194,26204,10
12.9869098663,80.2516479492,26204,26214,10
12.9862003326,80.2518920898,26214,26224,10
12.9852895737,80.2520980835,26224,26234,10
12.984290123,80.2523498535,26234,26244,10
12.9832601547,80.2525863647,26244,26254,10
12.9821395874,80.2526779175,26254,26264,10
12.9811201096,80.2527084351,26264,26274,10
12.9802799225,80.2527999878,26274,26284,10
12.9796304703,80.252746582,26284,26294,10
12.979060173,80.2526702881,26294,26305,11
12.9786701202,80.2526016235,26305,26315,10
12.9785404205,80.2525177002,26315,26325,10
12.9780902863,80.2521820068,26325,26335,10
12.9774703979,80.2515869141,26335,26345,10
12.9765501022,80.251159668,26345,26355,10
12.9754800797,80.2508621216,26355,26371,16
12.9736995697,80.2503967285,26371,26383,12
12.9723396301,80.2500305176,26383,26393,10
12.9712200165,80.2497406006,26393,26403,10
12.97012043,80.2493896484,26403,26414,11
12.9688596725,80.248878479,26414,26424,10
12.9679203033,80.2485427856,26424,26434,10
12.9670095444,80.2481231689,26434,26444,10
12.9661903381,80.2477264404,26444,26454,10
12.9652900696,80.2473678589,26454,26464,10
12.9650802612,80.2472991943,26464,26474,10
12.9648103714,80.2472076416,26474,26484,10
12.9642801285,80.2470169067,26484,26494,10
12.9633798599,80.24659729,26494,26504,10
12.9624700546,80.2462615967,26504,26515,11
12.9612598419,80.2456588745,26515,26525,10
12.9602603912,80.2451629639,26525,26535,10
12.9594697952,80.2447967529,26535,26545,10
12.9593496323,80.2447967529,26545,26555,10
12.9590396881,80.2446212769,26555,26565,10
12.9584598541,80.2443389893,26565,26575,10
12.9578504562,80.2440872192,26575,26585,10
12.9572401047,80.2438812256,26585,26595,10
12.9566602707,80.243598938,26595,26615,20
12.9565401077,80.2435684204,26615,26646,31
12.9565401077,80.2435684204,26646,26656,10
12.9563102722,80.243560791,26656,26666,10
12.9558401108,80.2433166504,26666,26676,10
12.9550600052,80.242980957,26676,26686,10
12.9541597366,80.2426071167,26686,26696,10
12.9532003403,80.2422027588,26696,26706,10
12.9522399902,80.2418212891,26706,26716,10
12.9517402649,80.2416915894,26716,26726,10
12.9516801834,80.2416610718,26726,26737,11
12.9514799118,80.2415313721,26737,26747,10
12.9510002136,80.2413864136,26747,26757,10
12.9502000809,80.2411499023,26757,26767,10
12.9491996765,80.2408218384,26767,26797,30
12.9491996765,80.2408218384,26797,26807,10
12.9489297867,80.2407531738,26807,26817,10
12.9483699799,80.2405090332,26817,26827,10
12.9475603104,80.2401733398,26827,26838,11
12.9472103119,80.2400283813,26838,26848,10
12.9471101761,80.2399902344,26848,26858,10
12.9466400146,80.2397994995,26858,26868,10
12.9459400177,80.2395019531,26868,26878,10
12.9451904297,80.2390365601,26878,26888,10
12.9446401596,80.2384796143,26888,26898,10
12.9441699982,80.2379608154,26898,26908,10
12.9436302185,80.2373962402,26908,26918,10
12.9429597855,80.2368011475,26918,26928,10
12.9420003891,80.2363586426,26928,26938,10
12.9409198761,80.236076355,26938,26949,11
12.939909935,80.2358322144,26949,26959,10
12.9396696091,80.2357025146,26959,26969,10
12.939620018,80.2356262207,26969,26979,10
12.9392204285,80.2354278564,26979,26989,10
12.9385204315,80.2350997925,26989,26999,10
12.937620163,80.2346496582,26999,27009,10
12.9365901947,80.234161377,27009,27019,10
12.9357204437,80.2337417603,27019,27029,10
12.934800148,80.2333374023,27029,27039,10
12.9338998795,80.2329330444,27039,27050,11
12.9336996078,80.2328491211,27050,27060,10
12.9336395264,80.2328109741,27060,27070,10
12.9332103729,80.2326431274,27070,27080,10
12.9324998856,80.232383728,27080,27090,10
12.9315700531,80.2320175171,27090,27100,10
12.9305295944,80.2316894531,27100,27110,10
12.9296197891,80.2314682007,27110,27120,10
12.9286403656,80.2312774658,27120,27130,10
12.9276103973,80.2311630249,27130,27140,10
12.9266500473,80.2310562134,27140,27150,10
12.9262104034,80.231010437,27150,27161,11
12.9261798859,80.231010437,27161,27171,10
12.9257698059,80.2309494019,27171,27181,10
12.9250802994,80.2308502197,27181,27191,10
12.9241800308,80.230758667,27191,27201,10
12.923119545,80.2306213379,27201,27217,16
12.9211902618,80.2303390503,27217,27229,12
12.9197797775,80.2301635742,27229,27237,8
12.9188995361,80.2300186157,27237,27249,12
12.917429924,80.2298278809,27249,27259,10
12.9162397385,80.2296600342,27259,27270,11
12.9147796631,80.2294235229,27270,27280,10
12.9132604599,80.2292785645,27280,27300,20
12.9132604599,80.2292785645,27300,27310,10
12.9131402969,80.2292480469,27310,27320,10
12.912610054,80.2292098999,27320,27330,10
12.9118003845,80.2290725708,27330,27340,10
12.9108495712,80.2289428711,27340,27349,9
12.9099197388,80.2287826538,27349,27360,11
12.908829689,80.2285919189,27360,27370,10
12.9082603455,80.2285003662,27370,27391,21
12.9082603455,80.2285003662,27391,27401,10
12.9082202911,80.2285308838,27401,27411,10
12.9078102112,80.2284622192,27411,27421,10
12.9073295593,80.2283782959,27421,27461,40
12.9073295593,80.2283782959,27461,27471,10
12.9072904587,80.2283782959,27471,27482,11
12.9069404602,80.2283172607,27482,27492,10
12.9064702988,80.2282867432,27492,27502,10
12.9061403275,80.2282562256,27502,27512,10
12.9054899216,80.2282028198,27512,27522,10
12.9047203064,80.2281570435,27522,27532,10
12.9040603638,80.2281570435,27532,27643,111
12.9040603638,80.2281570435,27643,27653,10
12.903719902,80.2281570435,27653,27663,10
12.9032897949,80.2281265259,27663,27673,10
12.9028596878,80.2281036377,27673,27683,10
12.9024295807,80.2280807495,27683,27693,10
12.9020700455,80.2280502319,27693,27704,11
12.9018096924,80.2280197144,27704,27714,10
12.9014101028,80.2279968262,27714,27724,10
12.901049614,80.2279891968,27724,27734,10
12.9007997513,80.2279586792,27734,27744,10
12.9006204605,80.2279510498,27744,27754,10
12.9003801346,80.2279510498,27754,27764,10
12.9000301361,80.2279281616,27764,27774,10
12.8999004364,80.2279205322,27774,27784,10
12.8998203278,80.227897644,27784,27794,10
12.8996095657,80.2278671265,27794,27805,11
12.899430275,80.2278518677,27805,27815,10
12.8990497589,80.2278366089,27815,27825,10
12.8985500336,80.2278137207,27825,27835,10
12.8978204727,80.2277603149,27835,27845,10
12.8968601227,80.2276992798,27845,27855,10
12.8957395554,80.2276611328,27855,27865,10
12.8945903778,80.2276229858,27865,27875,10
12.8934803009,80.2275085449,27875,27885,10
12.8927097321,80.2274017334,27885,27895,10
12.8920402527,80.2273406982,27895,27905,10
12.8912296295,80.2273330688,27905,27916,11
12.8901395798,80.2273406982,27916,27926,10
12.8891897202,80.2273483276,27926,27936,10
12.8882598877,80.2273330688,27936,27946,10
12.8871603012,80.227180481,27946,27956,10
12.886059761,80.2269363403,27956,27965,9
12.8849802017,80.2267379761,27965,27986,21
12.8849802017,80.2267379761,27986,27996,10
12.8847703934,80.2267990112,27996,28006,10
12.8842000961,80.2268295288,28006,28017,11
12.8832101822,80.2267608643,28017,28027,10
12.8821401596,80.2267608643,28027,28037,10
12.8809299469,80.2267837524,28037,28047,10
12.8795795441,80.2267837524,28047,28057,10
12.8782596588,80.226852417,28057,28067,10
12.8772497177,80.2269363403,28067,28077,10
12.876540184,80.2270126343,28077,28087,10
12.8763799667,80.2270126343,28087,28097,10
12.8763198853,80.2269973755,28097,28107,10
12.8759202957,80.2269821167,28107,28117,10
12.8752202988,80.2269287109,28117,28128,11
12.8742198944,80.2268218994,28128,28138,10
12.8732995987,80.2267379761,28138,28148,10
12.8726902008,80.2267227173,28148,28158,10
12.8726196289,80.2267074585,28158,28168,10
12.8725404739,80.2267227173,28168,28178,10
12.8720798492,80.2266998291,28178,28188,10
12.8713102341,80.2266616821,28188,28198,10
12.870349884,80.226600647,28198,28208,10
12.8692903519,80.2264785767,28208,28218,10
12.8681097031,80.2264022827,28218,28229,11
12.8668403625,80.2265167236,28229,28239,10
12.8656196594,80.2266235352,28239,28249,10
12.8643798828,80.226600647,28249,28259,10
12.863120079,80.2265625,28259,28269,10
12.8618803024,80.2266235352,28269,28279,10
12.8611001968,80.2266464233,28279,28289,10
12.86095047,80.2265777588,28289,28299,10
12.8605604172,80.2265701294,28299,28309,10
12.8598499298,80.2264709473,28309,28319,10
12.8593196869,80.2264099121,28319,28329,10
12.8589296341,80.2263183594,28329,28340,11
12.8581895828,80.2262420654,28340,28350,10
12.8573503494,80.2262802124,28350,28360,10
12.8563899994,80.2264022827,28360,28370,10
12.8552799225,80.2265167236,28370,28380,10
12.8540401459,80.2266387939,28380,28390,10
12.8527498245,80.2267227173,28390,28400,10
12.8515901566,80.2266769409,28400,28410,10
12.8501396179,80.2266235352,28410,28430,20
12.8501396179,80.2266235352,28430,28441,11
12.8496904373,80.2266082764,28441,28451,10
12.8489599228,80.2266235352,28451,28461,10
12.8479995728,80.2266235352,28461,28471,10
12.8470001221,80.2266235352,28471,28481,10
12.8463602066,80.2266235352,28481,28491,10
12.8459997177,80.2266387939,28491,28501,10
12.845410347,80.2266387939,28501,28521,20
12.845410347,80.2266387939,28521,28531,10
12.8451404572,80.2266311646,28531,28541,10
12.8445501328,80.2267074585,28541,28552,11
12.8435697556,80.2268066406,28552,28562,10
12.8426198959,80.2269821167,28562,28572,10
12.841799736,80.2271499634,28572,28582,10
12.8411798477,80.2273406982,28582,28592,10
12.8408498764,80.2274169922,28592,28602,10
12.8408203125,80.2274169922,28602,28612,10
12.8406000137,80.2274932861,28612,28622,10
12.8403701782,80.2275390625,28622,28632,10
12.8402500153,80.2275772095,28632,28642,10
12.8400802612,80.2276535034,28642,28652,10
12.8398399353,80.2277526855,28652,28673,21
12.8398399353,80.2277526855,28673,28683,10
12.8396701813,80.2278366089,28683,28693,10
12.8391799927,80.2279205322,28693,28703,10
12.8385295868,80.2280426025,28703,28713,10
12.8377199173,80.2282028198,28713,28723,10
12.8367395401,80.2283630371,28723,28733,10
12.8355998993,80.2285308838,28733,28743,10
12.8345098495,80.2287063599,28743,28753,10
12.8334598541,80.2288970947,28753,28763,10
12.832280159,80.229133606,28763,28794,31
12.832280159,80.229133606,28794,28804,10
12.8320398331,80.2291717529,28804,28814,10
12.8313798904,80.2293319702,28814,28824,10
12.8305902481,80.2296218872,28824,28834,10
12.8297996521,80.2299118042,28834,28844,10
12.8289699554,80.2302474976,28844,28854,10
12.8280496597,80.2307434082,28854,28864,10
12.8271198273,80.2312164307,28864,28875,11
12.8261003494,80.2313766479,28875,28885,10
12.8249902725,80.2314376831,28885,28895,10
12.8240003586,80.2312316895,28895,28905,10
12.8228597641,80.2308883667,28905,28915,10
12.8217697144,80.2305603027,28915,28925,10
12.8207798004,80.2304763794,28925,28934,9
12.8198795319,80.230506897,28934,28945,11
12.8189601898,80.2304916382,28945,28955,10
12.8188800812,80.2304534912,28955,28965,10
12.8185901642,80.2303009033,28965,28975,10
12.8178901672,80.2299804688,28975,28986,11
12.8168201447,80.2295837402,28986,28996,10
12.8156604767,80.2293701172,28996,29006,10
12.8144798279,80.2291793823,29006,29016,10
12.8133096695,80.2288818359,29016,29026,10
12.8121404648,80.2285003662,29026,29036,10
12.8109798431,80.2281188965,29036,29046,10
12.8104496002,80.227897644,29046,29056,10
12.8099803925,80.2276687622,29056,29066,10
12.8092603683,80.2272872925,29066,29076,10
12.8084402084,80.2266464233,29076,29087,11
12.8075895309,80.2259521484,29087,29097,10
12.8069295883,80.2253494263,29097,29107,10
12.8061800003,80.2246780396,29107,29117,10
12.8050203323,80.2239990234,29117,29137,20
12.8050203323,80.2239990234,29137,29147,10
12.8046398163,80.2239227295,29147,29157,10
12.8039102554,80.2238998413,29157,29167,10
12.8029603958,80.2238006592,29167,29177,10
12.8018798828,80.2236633301,29177,29187,10
12.8010396957,80.2236099243,29187,29198,11
12.8009595871,80.2235794067,29198,29208,10
12.8005399704,80.2235565186,29208,29218,10
12.7997903824,80.2234802246,29218,29228,10
12.7987499237,80.2233886719,29228,29238,10
12.7975997925,80.2232208252,29238,29248,10
12.7963399887,80.2229995728,29248,29258,10
12.7958602905,80.2229003906,29258,29268,10
12.795800209,80.2228469849,29268,29278,10
12.7953996658,80.2227935791,29278,29288,10
12.7946100235,80.2226715088,29288,29298,10
12.7936000824,80.2225418091,29298,29309,11
12.792309761,80.2223434448,29309,29319,10
12.7910900116,80.2220611572,29319,29329,10
12.7899904251,80.2217102051,29329,29339,10
12.7892799377,80.221496582,29339,29349,10
12.7885198593,80.221206665,29349,29359,10
12.7878103256,80.2209091187,29359,29369,10
12.7871999741,80.2207183838,29369,29379,10
12.7867298126,80.2205429077,29379,29389,10
12.786649704,80.2204971313,29389,29399,10
12.7863998413,80.2203903198,29399,29430,31
12.7863998413,80.2203903198,29430,29440,10
12.7862100601,80.2203979492,29440,29450,10
12.7861995697,80.2206573486,29450,29460,10
12.7862195969,80.2210006714,29460,29470,10
12.7862997055,80.2219619751,29470,30700,1230
12.7862997055,80.2219619751,30700,30710,10
12.7863197327,80.2216110229,30710,30720,10
12.786239624,80.2214126587,30720,30730,10
12.7862195969,80.2211608887,30730,30740,10
12.7862195969,80.220993042,30740,30750,10
12.7862195969,80.2207794189,30750,30760,10
12.786190033,80.2205276489,30760,30780,20
12.786190033,80.2205276489,30780,30791,11
12.7864398956,80.2203979492,30791,30801,10
12.7864599228,80.220413208,30801,30811,10
12.7866601944,80.2205200195,30811,30821,10
12.78703022,80.2206573486,30821,30831,10
12.7875299454,80.2208328247,30831,30841,10
12.7880802155,80.221031189,30841,30851,10
12.7887496948,80.2212905884,30851,30861,10
12.7893896103,80.2215270996,30861,30871,10
12.7896699905,80.2216491699,30871,30881,10
12.7897596359,80.2216873169,30881,30892,11
12.7901201248,80.2217712402,30892,30902,10
12.7908201218,80.2219161987,30902,30912,10
12.7918300629,80.2221832275,30912,30922,10
12.7930202484,80.2224273682,30922,30932,10
12.7941904068,80.2226028442,30932,30942,10
12.7952604294,80.2227706909,30942,30952,10
12.7961397171,80.22290802,30952,30962,10
12.7964296341,80.2229385376,30962,30972,10
12.7968196869,80.2230224609,30972,30982,10
12.7976799011,80.2231826782,30982,30992,10
12.7988004684,80.2232894897,30992,31003,11
12.8000497818,80.2234191895,31003,31013,10
12.8009700775,80.2235107422,31013,31023,10
12.8014001846,80.2235488892,31023,31033,10
12.8015003204,80.2235794067,31033,31043,10
12.8020000458,80.2236480713,31043,31053,10
12.8027801514,80.223739624,31053,31063,10
12.8036203384,80.2238311768,31063,31073,10
12.8044300079,80.2238998413,31073,31083,10
12.8053598404,80.2240371704,31083,31114,31
12.8053598404,80.2240371704,31114,31124,10
12.8055801392,80.2241287231,31124,31134,10
12.8061199188,80.224571228,31134,31144,10
12.8068199158,80.225189209,31144,31154,10
12.8076295853,80.2258911133,31154,31164,10
12.8085002899,80.2266387939,31164,31174,10
12.809419632,80.2273330688,31174,31184,10
12.8104295731,80.2277984619,31184,31194,10
12.8114299774,80.2282028198,31194,31204,10
12.8125696182,80.2285995483,31204,31215,11
12.8139400482,80.2290420532,31215,31225,10
12.8152198792,80.2292861938,31225,31235,10
12.8163604736,80.2294464111,31235,31245,10
12.8173799515,80.2297210693,31245,31255,10
12.8183202744,80.230140686,31255,31265,10
12.8192501068,80.2304382324,31265,31275,10
12.8198204041,80.2304382324,31275,31285,10
12.8198299408,80.2304382324,31285,31295,10
12.8201599121,80.2304229736,31295,31305,10
12.820980072,80.2304229736,31305,31315,10
12.822019577,80.2305526733,31315,31326,11
12.8231601715,80.2309036255,31326,31336,10
12.8241796494,80.2311630249,31336,31346,10
12.8252401352,80.2313690186,31346,31356,10
12.8264598846,80.2313079834,31356,31366,10
12.8276100159,80.23097229,31366,31376,10
12.8286399841,80.2303771973,31376,31386,10
12.8297395706,80.2298736572,31386,31396,10
12.8310699463,80.2293167114,31396,31416,20
12.8310699463,80.2293167114,31416,31426,10
12.8316297531,80.2291564941,31426,31497,71
12.8316297531,80.2291564941,31497,31507,10
12.8317403793,80.2291183472,31507,31517,10
12.8323898315,80.2290115356,31517,31527,10
12.8333301544,80.2288513184,31527,31538,11
12.8345403671,80.2286300659,31538,31548,10
12.8357601166,80.2284393311,31548,31558,10
12.8369903564,80.2282485962,31558,31568,10
12.8381099701,80.2280502319,31568,31578,10
12.8390598297,80.2278366089,31578,31588,10
12.8395299911,80.2276382446,31588,31598,10
12.8397598267,80.2275466919,31598,31608,10
12.8402996063,80.2274627686,31608,31618,10
12.8410596848,80.2272796631,31618,31628,10
12.8419904709,80.2270278931,31628,31638,10
12.8430404663,80.2268295288,31638,31649,11
12.8436603546,80.2265777588,31649,31659,10
12.8448295593,80.2265396118,31659,31669,10
12.8453502655,80.2265014648,31669,31689,20
12.8453502655,80.2265014648,31689,31699,10
12.8454904556,80.2265014648,31699,31709,10
12.8458499908,80.2265319824,31709,31719,10
12.8465003967,80.2265319824,31719,31729,10
12.8473396301,80.2265319824,31729,31739,10
12.8479995728,80.2265396118,31739,31749,10
12.8487100601,80.2265396118,31749,31760,11
12.8496398926,80.2265396118,31760,31770,10
12.8506803513,80.2265396118,31770,31780,10
12.8518695831,80.226600647,31780,31790,10
12.8531999588,80.2266311646,31790,31800,10
12.8545598984,80.2265167236,31800,31810,10
12.8559103012,80.2263793945,31810,31820,10
12.8571796417,80.2262496948,31820,31830,10
12.8580102921,80.2261734009,31830,31840,10
12.8584403992,80.2261886597,31840,31850,10
12.8589000702,80.2262268066,31850,31861,11
12.8598403931,80.226348877,31861,31871,10
12.8609399796,80.2264633179,31871,31891,20
12.8609399796,80.2264633179,31891,31901,10
12.8612203598,80.2264633179,31901,31911,10
12.8618898392,80.2264633179,31911,31921,10
12.8628797531,80.2264175415,31921,31931,10
12.863940239,80.2264633179,31931,31941,10
12.8651304245,80.2265090942,31941,31951,10
12.8661403656,80.2264862061,31951,31961,10
12.8672800064,80.2264175415,31961,31972,11
12.8684902191,80.2263336182,31972,31982,10
12.8696699142,80.2264480591,31982,31992,10
12.8709697723,80.2265701294,31992,32002,10
12.8720998764,80.2265930176,32002,32012,10
12.8728103638,80.226600647,32012,32022,10
12.8729400635,80.226600647,32022,32032,10
12.8731603622,80.2266235352,32032,32042,10
12.8737401962,80.2266616821,32042,32052,10
12.8746099472,80.2267532349,32052,32062,10
12.8754997253,80.2268371582,32062,32073,11
12.8760595322,80.2268676758,32073,32083,10
12.8762903214,80.2268676758,32083,32093,10
12.8767595291,80.2268371582,32093,32123,30
12.8767595291,80.2268371582,32123,32133,10
12.8769798279,80.2268371582,32133,32143,10
12.8775701523,80.2267990112,32143,32153,10
12.8784399033,80.2267227173,32153,32163,10
12.8794898987,80.2266769409,32163,32173,10
12.880689621,80.2266693115,32173,32184,11
12.8820400238,80.2266998291,32184,32194,10
12.8833398819,80.2266616821,32194,32204,10
12.8845596313,80.2266235352,32204,32214,10
12.8852100372,80.2266387939,32214,32224,10
12.8852396011,80.2266311646,32224,32234,10
12.8853197098,80.2266235352,32234,32244,10
12.885720253,80.2267227173,32244,32254,10
12.8864202499,80.2269210815,32254,32264,10
12.8873100281,80.227142334,32264,32274,10
12.8883495331,80.2272720337,32274,32284,10
12.8895397186,80.2273025513,32284,32295,11
12.8908596039,80.2273025513,32295,32305,10
12.8918895721,80.2273025513,32305,32315,10
12.8928403854,80.2273483276,32315,32331,16
12.8944301605,80.2275390625,32331,32343,12
12.8956699371,80.2276000977,32343,32353,10
12.8965797424,80.2276382446,32353,32363,10
12.897649765,80.2276992798,32363,32373,10
12.8986997604,80.2277297974,32373,32383,10
12.8994998932,80.2277832031,32383,32393,10
12.899939537,80.2277603149,32393,32404,11
12.8999700546,80.2277603149,32404,32414,10
12.9000301361,80.2277832031,32414,32424,10
12.9004001617,80.2278137207,32424,32433,9
12.9008398056,80.2278137207,32433,32444,11
12.9011802673,80.2278518677,32444,32454,10
12.901599884,80.2278518677,32454,32463,9
12.9020700455,80.2278823853,32463,32473,10
12.9025602341,80.2279205322,32473,32484,11
12.9026699066,80.2279205322,32484,32494,10
12.9027500153,80.2279205322,32494,32505,11
12.903459549,80.2279891968,32505,32535,30
12.903459549,80.2279891968,32535,32545,10
12.9036598206,80.228012085,32545,32555,10
12.904009819,80.2280273438,32555,32565,10
12.9042701721,80.2280502319,32565,32575,10
12.9045600891,80.2280578613,32575,32585,10
12.9047603607,80.2280807495,32585,32595,10
12.9049501419,80.2280731201,32595,32605,10
12.9052400589,80.2280578613,32605,32622,17
12.9054803848,80.2281036377,32622,32634,12
12.9056501389,80.2281265259,32634,32735,101
12.9056501389,80.2281265259,32735,32745,10
12.9061498642,80.2281799316,32745,32755,10
12.9062595367,80.2281799316,32755,32765,10
12.906539917,80.2281723022,32765,32775,10
12.9070100784,80.2282485962,32775,32785,10
12.9074602127,80.2283096313,32785,32795,10
12.908200264,80.2284164429,32795,32805,10
12.9091501236,80.2285690308,32805,32815,10
12.9101600647,80.228729248,32815,32826,11
12.9113197327,80.2288970947,32826,32836,10
12.9123802185,80.2290496826,32836,32846,10
12.9133501053,80.2291717529,32846,32856,10
12.9139003754,80.2292175293,32856,32866,10
12.9139299393,80.2292175293,32866,32876,10
12.9140996933,80.2292404175,32876,32886,10
12.9146203995,80.2293167114,32886,32896,10
12.9154100418,80.2294387817,32896,32906,10
12.9163503647,80.2295837402,32906,32916,10
12.9173002243,80.2297134399,32916,32926,10
12.9182901382,80.2298736572,32926,32937,11
12.919210434,80.2300109863,32937,32947,10
12.9201097488,80.2301330566,32947,32957,10
12.9211797714,80.2302627563,32957,32967,10
12.9222803116,80.2304229736,32967,32977,10
12.9234104156,80.2305908203,32977,32987,10
12.9245996475,80.2307281494,32987,32997,10
12.9256801605,80.2308502197,32997,33013,16
12.9263095856,80.2309188843,33013,33025,12
12.9263601303,80.2309265137,33025,33034,9
12.926779747,80.2309799194,33034,33046,12
12.9277200699,80.2310562134,33046,33056,10
12.9286699295,80.2312011719,33056,33066,10
12.929479599,80.2313613892,33066,33076,10
12.9306097031,80.2316589355,33076,33086,10
12.9315900803,80.2319564819,33086,33095,9
12.9323196411,80.2322006226,33095,33106,11
12.9336996078,80.2327194214,33106,33126,20
12.9336996078,80.2327194214,33126,33136,10
12.9339704514,80.2328491211,33136,33146,10
12.9345903397,80.2331390381,33146,33157,11
12.9354400635,80.2335510254,33157,33167,10
12.9362802505,80.2339706421,33167,33177,10
12.9372301102,80.234413147,33177,33187,10
12.9381799698,80.2348709106,33187,33197,10
12.9394397736,80.235458374,33197,33217,20
12.9394397736,80.235458374,33217,33227,10
12.9395399094,80.2355422974,33227,33237,10
12.9396600723,80.2356033325,33237,33247,10
12.9397602081,80.2356491089,33247,33258,11
12.9402999878,80.2358627319,33258,33268,10
12.9410896301,80.2360687256,33268,33278,10
12.9419803619,80.2362823486,33278,33288,10
12.9429197311,80.2366485596,33288,33298,10
12.943570137,80.2372283936,33298,33308,10
12.9441900253,80.2379684448,33308,33318,10
12.9448604584,80.2386779785,33318,33328,10
12.9457998276,80.2393875122,33328,33338,10
12.9467897415,80.2397689819,33338,33348,10
12.9473104477,80.239982605,33348,33359,11
12.9473199844,80.239982605,33359,33369,10
12.9475803375,80.2400817871,33369,33389,20
12.9475803375,80.2400817871,33389,33399,10
12.9476995468,80.2401275635,33399,33409,10
12.9480600357,80.2402801514,33409,33419,10
12.9483499527,80.2404022217,33419,33500,81
12.9483499527,80.2404022217,33500,33510,10
12.9487199783,80.2404937744,33510,33520,10
12.9491100311,80.2406768799,33520,33530,10
12.9494800568,80.2408294678,33530,33540,10
12.9499998093,80.2409591675,33540,33550,10
12.9507398605,80.2411880493,33550,33560,10
12.9511404037,80.241317749,33560,33570,10
12.9511604309,80.2413330078,33570,33581,11
12.9516000748,80.2415084839,33581,33591,10
12.9521903992,80.2417373657,33591,33601,10
12.9528999329,80.2420120239,33601,33611,10
12.9536600113,80.2422714233,33611,33621,10
12.9542999268,80.2425308228,33621,33631,10
12.9549999237,80.2427978516,33631,33641,10
12.955619812,80.2430267334,33641,33651,10
12.9562597275,80.2432174683,33651,33661,10
12.9564304352,80.2433013916,33661,33671,10
12.956700325,80.2434463501,33671,33682,11
12.9573202133,80.243812561,33682,33692,10
12.9580202103,80.2441101074,33692,33702,10
12.9587202072,80.2444076538,33702,33712,10
12.9589300156,80.2444381714,33712,33722,10
12.9589395523,80.2443313599,33722,33732,10
12.9593601227,80.2446212769,33732,33742,10
12.959980011,80.2449111938,33742,33752,10
12.9607601166,80.245262146,33752,33762,10
12.9611797333,80.2454910278,33762,33772,10
12.9612102509,80.2455062866,33772,33782,10
12.9614400864,80.2456436157,33782,33792,10
12.9619398117,80.2458877563,33792,33803,11
12.9625396729,80.2461700439,33803,33813,10
12.9629497528,80.2464065552,33813,33823,10
12.9631996155,80.2465896606,33823,33833,10
12.9634599686,80.2467193604,33833,33843,10
12.9637403488,80.2468490601,33843,33853,10
12.96434021,80.2470397949,33853,33863,10
12.9648895264,80.2472229004,33863,33873,10
12.9654197693,80.2473602295,33873,33883,10
12.9657402039,80.2474899292,33883,33894,11
12.9659996033,80.2475891113,33894,33904,10
12.9664897919,80.2477874756,33904,33934,30
12.9664897919,80.2477874756,33934,33944,10
12.9669103622,80.248008728,33944,33954,10
12.967209816,80.2481765747,33954,33964,10
12.9678297043,80.2484436035,33964,33974,10
12.9686803818,80.2487869263,33974,33984,10
12.969619751,80.2491073608,33984,33994,10
12.9705600739,80.2494430542,33994,34005,11
12.971739769,80.2498016357,34005,34015,10
12.9729204178,80.2501220703,34015,34025,10
12.9738903046,80.2504119873,34025,34035,10
12.9748401642,80.2506790161,34035,34045,10
12.9758901596,80.2509765625,34045,34055,10
12.9769201279,80.2512893677,34055,34065,10
12.9776096344,80.2516403198,34065,34075,10
12.9785804749,80.2523498535,34075,34095,20
12.9785804749,80.2523498535,34095,34105,10
12.9787597656,80.252456665,34105,34116,11
12.9792804718,80.252571106,34116,34166,50
12.9792804718,80.252571106,34166,34176,10
12.979590416,80.252571106,34176,34186,10
12.980050087,80.2526321411,34186,34196,10
12.9807500839,80.2526016235,34196,34328,132
12.980919838,80.252571106,34328,34610,282
12.980919838,80.252571106,34610,34620,10
12.9812803268,80.2525634766,34620,34630,10
12.9817495346,80.2525405884,34630,34640,10
12.9820604324,80.2525405884,34640,34651,11
12.9825201035,80.2525177002,34651,34661,10
12.9831600189,80.2524719238,34661,34671,10
12.9839801788,80.2523117065,34671,34681,10
12.9846000671,80.2521362305,34681,34691,10
12.9850597382,80.2520217896,34691,34701,10
12.9855298996,80.2518768311,34701,34711,10
12.9859104156,80.2517700195,34711,34721,10
12.9862298965,80.251701355,34721,35085,364
12.9862298965,80.251701355,35085,35095,10
12.9864997864,80.2516098022,35095,35105,10
12.9868001938,80.2515411377,35105,35115,10
12.987159729,80.2514419556,35115,35125,10
12.9876403809,80.2512969971,35125,35135,10
12.9883804321,80.251159668,35135,35145,10
12.9893198013,80.2509231567,35145,35155,10
12.9895801544,80.250869751,35155,35165,10
12.9900598526,80.2507476807,35165,35176,11
12.9911603928,80.2504501343,35176,35186,10
12.9921703339,80.250213623,35186,35196,10
12.9933004379,80.2499389648,35196,35206,10
12.9944801331,80.2496490479,35206,35216,10
12.995759964,80.2493362427,35216,35226,10
12.9971103668,80.2489776611,35226,35236,10
12.998290062,80.2486877441,35236,35246,10
12.999540329,80.2483825684,35246,35256,10
13.0009002686,80.2480163574,35256,35266,10
13.0022296906,80.2477035522,35266,35276,10
13.0035896301,80.2474517822,35276,35293,17
13.0056600571,80.2471237183,35293,35305,12
13.0064401627,80.2466278076,35305,35315,10
13.006529808,80.246421814,35315,35325,10
13.0066204071,80.2457580566,35325,35335,10
13.0065402985,80.2449874878,35335,35344,9
13.0065202713,80.2441177368,35344,35356,12
13.0065898895,80.2433929443,35356,35366,10
13.0065698624,80.2428588867,35366,35376,10
13.0066003799,80.242477417,35376,35385,9
13.0066003799,80.2420501709,35385,35397,12
13.0066204071,80.2415084839,35397,35407,10
13.0066299438,80.2411270142,35407,35417,10
13.0066795349,80.2406997681,35417,35427,10
13.0067996979,80.2401580811,35427,35437,10
13.006939888,80.2395172119,35437,35446,9
13.007060051,80.2389831543,35446,35457,11
13.0071401596,80.2384033203,35457,35467,10
13.0072402954,80.2375717163,35467,35477,10
13.0074300766,80.236907959,35477,35487,10
13.0075101852,80.236656189,35487,35498,11
13.0076303482,80.2360534668,35498,35508,10
13.0077104568,80.2353973389,35508,35518,10
13.0078802109,80.2346191406,35518,35528,10
13.0080795288,80.2338562012,35528,35538,10
13.0082502365,80.232963562,35538,35548,10
13.0084495544,80.2319107056,35548,35558,10
13.008600235,80.2308578491,35558,35568,10
13.0088396072,80.2297286987,35568,35578,10
13.0090303421,80.2288131714,35578,35588,10
13.0093297958,80.2277832031,35588,35597,9
13.0097799301,80.2268295288,35597,35609,12
13.0103397369,80.2256774902,35609,35619,10
13.0106801987,80.2249526978,35619,35629,10
13.0109100342,80.2243881226,35629,35639,10
13.0111904144,80.2236862183,35639,35649,10
13.011469841,80.2230300903,35649,35659,10
13.0117902756,80.2221984863,35659,35669,10
13.012260437,80.2214508057,35669,35679,10
13.0125102997,80.2217178345,35679,35689,10
13.012720108,80.2220993042,35689,35699,10
13.0129899979,80.222366333,35699,35709,10
13.0133895874,80.2226333618,35709,35720,11
13.0137300491,80.2230682373,35720,35730,10
13.0140800476,80.2235412598,35730,35740,10
13.01445961,80.2238235474,35740,35756,16
13.0154695511,80.224899292,35756,35776,20
13.0154695511,80.224899292,35776,35788,12
13.015709877,80.2252197266,35788,35798,10
13.0164203644,80.2253112793,35798,35808,10
13.0172996521,80.2249679565,35808,35829,21
13.0172996521,80.2249679565,35829,35839,10
13.0176696777,80.224822998,35839,35849,10
13.0180397034,80.2246704102,35849,35859,10
13.0183000565,80.224571228,35859,35869,10
13.0187997818,80.2243728638,35869,35889,20
13.0187997818,80.2243728638,35889,35899,10
13.0188598633,80.2243270874,35899,35909,10
13.0191602707,80.2242431641,35909,35919,10
13.0194797516,80.2242965698,35919,35930,11
13.0197095871,80.2244491577,35930,35940,10
13.0200500488,80.2247314453,35940,35950,10
13.020359993,80.2249526978,35950,35960,10
13.0205001831,80.2250595093,35960,35970,10
13.0206403732,80.2251586914,35970,35980,10
13.0208101273,80.2253112793,35980,35990,10
13.0209798813,80.2254562378,35990,36000,10
13.0212802887,80.2257232666,36000,36010,10
13.021490097,80.2258682251,36010,36020,10
13.0216197968,80.2259292603,36020,36030,10
13.021900177,80.2261199951,36030,36041,11
13.0219402313,80.2261428833,36041,36051,10
13.0220804214,80.2262420654,36051,36071,20
13.0220804214,80.2262420654,36071,36081,10
13.022310257,80.2264328003,36081,36091,10
13.0225095749,80.2266082764,36091,36111,20
13.0225095749,80.2266082764,36111,36121,10
13.0227003098,80.2267990112,36121,36131,10
13.0228700638,80.2269592285,36131,36142,11
13.0230102539,80.2271194458,36142,36152,10
13.0230398178,80.2271499634,36152,36162,10
13.0232200623,80.2273330688,36162,36182,20
13.0232200623,80.2273330688,36182,36192,10
13.0234298706,80.2275085449,36192,36202,10
13.023639679,80.2276763916,36202,36212,10
13.0238304138,80.2278900146,36212,36222,10
13.0240497589,80.2280578613,36222,36232,10
13.0242204666,80.2282333374,36232,36242,10
13.0242900848,80.2283172607,36242,36252,10
13.0243797302,80.2284393311,36252,36293,41
13.0243797302,80.2284393311,36293,36303,10
13.0246095657,80.2287826538,36303,36313,10
13.0248498917,80.2291564941,36313,36323,10
13.0252895355,80.2297134399,36323,36333,10
13.0256700516,80.23021698,36333,36343,10
13.0258598328,80.2305374146,36343,36353,10
13.0259895325,80.2308731079,36353,36363,10
13.0260601044,80.2313613892,36363,36373,10
13.0261697769,80.2318267822,36373,36384,11
13.0263795853,80.2325134277,36384,36394,10
13.0268001556,80.2333221436,36394,36404,10
13.0272798538,80.2341308594,36404,36414,10
13.0277395248,80.2349624634,36414,36424,10
13.0283002853,80.235786438,36424,36434,10
13.0289001465,80.2364578247,36434,36444,10
13.0293197632,80.236907959,36444,36454,10
13.0296001434,80.2372283936,36454,36465,11
13.029800415,80.2374191284,36465,36475,10
13.0299596786,80.237739563,36475,36485,10
13.0302696228,80.2382507324,36485,36495,10
13.0304803848,80.238571167,36495,36505,10
13.030500412,80.2385864258,36505,36515,10
13.0306501389,80.238861084,36515,36525,10
13.0308799744,80.2392425537,36525,36535,10
13.0310602188,80.2395782471,36535,36545,10
13.0311403275,80.2397689819,36545,36555,10
13.0311803818,80.2398681641,36555,36565,10
13.03125,80.239982605,36565,36576,11
13.031419754,80.2403030396,36576,36586,10
13.0314302444,80.240562439,36586,36596,10
13.0314397812,80.2407302856,36596,36606,10
13.0315704346,80.2409973145,36606,36616,10
13.031709671,80.2412719727,36616,36626,10
13.0319004059,80.2417221069,36626,36636,10
13.0321998596,80.2422027588,36636,36646,10
13.0324497223,80.2424468994,36646,36656,10
13.032959938,80.2431793213,36656,36666,10
13.0333995819,80.2438430786,36666,36677,11
13.0339202881,80.2445220947,36677,36687,10
13.0342798233,80.2450332642,36687,36697,10
13.0347099304,80.2455215454,36697,36707,10
13.0351896286,80.2460174561,36707,36717,10
13.0356903076,80.2461624146,36717,36727,10
13.035779953,80.2462387085,36727,36737,10
13.0361795425,80.246421814,36737,36747,10
13.0368404388,80.2465362549,36747,36757,10
13.0375299454,80.2464370728,36757,36767,10
13.0382900238,80.2466506958,36767,36777,10
13.0387401581,80.2468566895,36777,36878,101
13.0387401581,80.2468566895,36878,36889,11
13.039059639,80.2468566895,36889,36899,10
13.0395097733,80.2469177246,36899,36909,10
13.0400600433,80.2470397949,36909,36919,10
13.040719986,80.2471618652,36919,36929,10
13.0414104462,80.247253418,36929,36939,10
13.0420303345,80.2474212646,36939,36949,10
13.0426597595,80.2476806641,36949,36959,10
13.0431804657,80.2478790283,36959,36969,10
13.0440101624,80.247833252,36969,36979,10
13.0443401337,80.2478179932,36979,36989,10
13.0449199677,80.2479400635,36989,37000,11
13.0455799103,80.2482681274,37000,37010,10
13.0462598801,80.2485275269,37010,37020,10
13.0469198227,80.2484436035,37020,37030,10
13.0469703674,80.2484436035,37030,37040,10
13.047129631,80.2484588623,37040,37050,10
13.0475797653,80.2488021851,37050,37060,10
13.0477895737,80.2490463257,37060,37070,10
13.0480003357,80.2492828369,37070,37080,10
13.0485200882,80.2496871948,37080,37090,10
13.049200058,80.2497177124,37090,37106,16
13.0499000549,80.2498016357,37106,37119,13
13.0509901047,80.250038147,37119,37129,10
13.0517396927,80.2503585815,37129,37139,10
13.0520896912,80.2506790161,37139,37149,10
13.0522298813,80.2508773804,37149,37169,20
13.0522298813,80.2508773804,37169,37179,10
13.0524997711,80.2512588501,37179,37189,10
13.0526599884,80.2514724731,37189,37199,10
13.0526695251,80.2514801025,37199,37209,10
13.05286026,80.2517318726,37209,37220,11
13.0530900955,80.2520523071,37220,37230,10
13.0532903671,80.2523193359,37230,37240,10
13.0535402298,80.2527008057,37240,37250,10
13.0537595749,80.2529983521,37250,37260,10
13.0539197922,80.2532196045,37260,37270,10
13.0540800095,80.2534179688,37270,37280,10
13.0542497635,80.2536468506,37280,37300,20
13.0542497635,80.2536468506,37300,37310,10
13.0544395447,80.2538986206,37310,37321,11
13.054599762,80.2540969849,37321,37331,10
13.0547800064,80.2543411255,37331,37341,10
13.0549497604,80.2545700073,37341,37351,10
13.055150032,80.2548217773,37351,37361,10
13.0553503036,80.2550964355,37361,37371,10
13.0555000305,80.2553100586,37371,37381,10
13.0557003021,80.2555923462,37381,37391,10
13.0558700562,80.2558364868,37391,37401,10
13.0560703278,80.2561035156,37401,37411,10
13.0563201904,80.2564086914,37411,37421,10
13.05671978,80.2567825317,37421,37432,11
13.0573196411,80.2572937012,37432,37442,10
13.0576095581,80.25756073,37442,37452,10
13.057849884,80.2577896118,37452,37468,16
13.0584497452,80.2585372925,37468,37480,12
13.0589704514,80.2591400146,37480,37488,8
13.059220314,80.2596664429,37488,37500,12
13.0597600937,80.2602081299,37500,37510,10
13.0601997375,80.2606277466,37510,37520,10
13.0607204437,80.2612915039,37520,37530,10
13.0607595444,80.261390686,37530,37541,11
13.0609197617,80.2615966797,37541,37551,10
13.0613298416,80.2620315552,37551,37561,10
13.0615301132,80.2622909546,37561,37571,10
13.0618801117,80.2627182007,37571,37580,9
13.0623397827,80.2632827759,37580,37591,11
13.0628900528,80.2639083862,37591,37600,9
13.0634002686,80.2645568848,37600,37610,10
13.0636501312,80.2649765015,37610,37631,21
13.0636501312,80.2649765015,37631,37641,10
13.0637598038,80.2651977539,37641,37652,11
13.0638599396,80.26537323,37652,37662,10
13.0639400482,80.2655410767,37662,37672,10
13.064209938,80.2659378052,37672,37682,10
13.0645904541,80.266418457,37682,37691,9
13.0648097992,80.2666320801,37691,37704,13
13.065199852,80.266998291,37704,37719,15
13.0657396317,80.2674636841,37719,37730,11
13.0657701492,80.267578125,37730,37740,10
13.0662403107,80.2681884766,37740,37761,21
13.0662403107,80.2681884766,37761,37771,10
13.0663795471,80.2683410645,37771,37781,10
13.066619873,80.2684402466,37781,37791,10
13.0669698715,80.2686309814,37791,37801,10
13.067489624,80.2689437866,37801,37811,10
13.0680398941,80.2692565918,37811,37821,10
13.0682697296,80.26953125,37821,37831,10
13.0681800842,80.2700576782,37831,37841,10
13.0681295395,80.2706832886,37841,37851,10
13.068110466,80.2713317871,37851,37862,11
13.0683202744,80.2715988159,37862,37872,10
13.0687704086,80.2719192505,37872,37882,10
13.0693998337,80.2723083496,37882,37892,10
13.069899559,80.2728500366,37892,37902,10
13.0703496933,80.2734298706,37902,37912,10
13.0707397461,80.2739715576,37912,37922,10
13.0710401535,80.2741088867,37922,37932,10
13.0716199875,80.2743530273,37932,37942,10
13.0721302032,80.2747421265,37942,37952,10
13.0726604462,80.2752914429,37952,37962,10
13.0731496811,80.2758178711,37962,37973,11
13.0736904144,80.2762832642,37973,37983,10
13.0740203857,80.2762985229,37983,37993,10
13.0743703842,80.2763137817,37993,38003,10
13.0750303268,80.276260376,38003,38013,10
13.0757398605,80.276260376,38013,38023,10
13.0762300491,80.2762374878,38023,38033,10
13.0767002106,80.2762374878,38033,38043,10
13.07695961,80.2762374878,38043,38053,10
13.0775403976,80.2761688232,38053,38063,10
13.0781898499,80.2758331299,38063,38074,11
13.0787096024,80.275100708,38074,38084,10
13.0795202255,80.2752227783,38084,38094,10
13.0807199478,80.2751998901,38094,38255,161
13.0807199478,80.2751998901,38255,38265,10
13.0808897018,80.2752532959,38265,38275,10
13.0815095901,80.2751693726,38275,38397,122
13.0815095901,80.2751693726,38397,38407,10
13.0817699432,80.2752227783,38407,38417,10
13.0820102692,80.2755203247,38417,38427,10
13.0820198059,80.2756271362,38427,38437,10
13.0820398331,80.2758026123,38437,38447,10
13.0819997787,80.2759094238,38447,38457,10
13.0818901062,80.2759933472,38457,38467,10
13.0818500519,80.2760772705,38467,38477,10
13.0818395615,80.2764282227,38477,38487,10
13.0819301605,80.2770233154,38487,38497,10
13.0819597244,80.2772064209,38497,38508,11
13.0819501877,80.2774124146,38508,38518,10
13.0819997787,80.2777328491,38518,38528,10
13.0822200775,80.2780685425,38528,38538,10
13.0825996399,80.2780532837,38538,38554,16
13.0832395554,80.2780914307,38554,38566,12
13.0834197998,80.2783203125,38566,38576,10
13.0835399628,80.2786865234,38576,38585,9
13.0830001831,80.2787475586,38585,38606,21
13.0830001831,80.2787475586,38606,38617,11
13.0827302933,80.2786483765,38617,38627,10
13.0823097229,80.2784805298,38627,38637,10
13.0819997787,80.2782669067,38637,38647,10
13.0819301605,80.27784729,38647,38657,10
13.0818996429,80.2774734497,38657,38667,10
13.0818796158,80.2770309448,38667,38677,10
13.0818195343,80.2764129639,38677,38687,10
13.081700325,80.2758178711,38687,38697,10
13.0816001892,80.2753601074,38697,38707,10
13.0814504623,80.275138855,38707,38716,9
13.0810203552,80.2751922607,38716,38727,11
13.0804796219,80.2752609253,38727,38737,10
13.0798797607,80.2753219604,38737,38748,11
13.079199791,80.2752227783,38748,38758,10
13.0784597397,80.2752990723,38758,38768,10
13.0781097412,80.2760696411,38768,38778,10
13.0773096085,80.2762374878,38778,38788,10
13.0764904022,80.2762374878,38788,38798,10
13.0759401321,80.2762374878,38798,38808,10
13.0759296417,80.2762298584,38808,38818,10
13.0758800507,80.2761077881,38818,38829,11
13.0759296417,80.2758789063,38829,38839,10
13.0759401321,80.2754821777,38839,38859,20
13.0759401321,80.2754821777,38859,38869,10
13.075920105,80.2752227783,38869,38879,10
13.0757398605,80.275138855,38879,39071,192
13.0757398605,80.275138855,39071,39081,10
13.075460434,80.275177002,39081,39333,252
13.0754404068,80.2752380371,39333,39676,343
13.0754404068,80.2752380371,39676,39687,11
13.0757102966,80.2751312256,39687,39697,10
13.0760402679,80.2746582031,39697,39909,212
13.0760402679,80.2746582031,39909,39919,10
13.0759801865,80.275177002,39919,39929,10
13.0760803223,80.2755966187,39929,39939,10
13.0761098862,80.2758483887,39939,39949,10
13.0759496689,80.2760391235,39949,39959,10
13.0759496689,80.2762527466,39959,39969,10
13.0763196945,80.2762374878,39969,39979,10
13.0769195557,80.2761535645,39979,39989,10
13.0776700974,80.2760772705,39989,39999,10
13.0782299042,80.2755966187,39999,40010,11
13.0789699554,80.2751235962,40010,40020,10
13.0798397064,80.2752685547,40020,40030,10
13.0804004669,80.2752609253,40030,40116,86
13.0804004669,80.2752609253,40116,40129,13
13.0808601379,80.2752532959,40129,40139,10
13.0811395645,80.2752227783,40139,40149,10
13.0815401077,80.2751617432,40149,40159,10
13.0818996429,80.2752304077,40159,40300,141
13.0818996429,80.2752304077,40300,40310,10
13.0820398331,80.2753601074,40310,40320,10
13.0820398331,80.2755737305,40320,40331,11
13.0819997787,80.2756729126,40331,40997,666
13.0819997787,80.2756729126,40997,41007,10
13.0819101334,80.2759399414,41007,41017,10
13.0817804337,80.2761306763,41017,41027,10
13.0818300247,80.2765884399,41027,41037,10
13.0819301605,80.2772827148,41037,41047,10
13.0820398331,80.277961731,41047,41057,10
13.0824804306,80.2780380249,41057,41067,10
13.0829896927,80.2780532837,41067,41078,11
13.0832700729,80.2780609131,41078,41088,10
13.083439827,80.2784118652,41088,41098,10
13.0835504532,80.2788467407,41098,41108,10
13.0832395554,80.2789230347,41108,41118,10
13.0827102661,80.2787628174,41118,41148,30
13.0827102661,80.2787628174,41148,41158,10
13.0823402405,80.2786636353,41158,41168,10
13.0819997787,80.2784881592,41168,41178,10
13.0818996429,80.2780838013,41178,41189,11
13.0818996429,80.2772979736,41189,41205,16
13.0817604065,80.2762832642,41205,41217,12
13.0816001892,80.2757720947,41217,41255,38
13.0816001892,80.2757720947,41255,41266,11
13.0815896988,80.2753982544,41266,41300,34
13.0815896988,80.2753982544,41300,41309,9
13.0813903809,80.2751083374,41309,41320,11
13.0808095932,80.2752227783,41320,41330,10
13.0794801712,80.2752990723,41330,41340,10
13.0794801712,80.2752990723,41340,41350,10
13.0786895752,80.275177002,41350,41360,10
13.0781898499,80.2758712769,41360,41370,10
13.0775699615,80.2762374878,41370,41380,10
13.0766296387,80.2762832642,41380,41390,10
13.0760202408,80.2763519287,41390,41401,11
13.0755796432,80.2763595581,41401,41410,9
13.0749702454,80.2763900757,41410,41421,11
13.0749101639,80.2763671875,41421,41431,10
13.0742998123,80.2763671875,41431,41441,10
13.0742301941,80.2763824463,41441,41450,9
13.0738801956,80.2764663696,41450,41461,11
13.0731601715,80.2760772705,41461,41470,9
13.0726499557,80.2754821777,41470,41481,11
13.0720701218,80.274848938,41481,41512,31
13.0720701218,80.274848938,41512,41522,10
13.0719203949,80.2746734619,41522,41532,10
13.0713701248,80.2744674683,41532,41542,10
13.0707798004,80.2742614746,41542,41552,10
13.0706501007,80.2741165161,41552,41562,10
13.0705795288,80.2739868164,41562,41572,10
13.0705003738,80.2738418579,41572,41582,10
13.0704097748,80.2736434937,41582,41592,10
13.0701904297,80.2733612061,41592,41602,10
13.069729805,80.2728118896,41602,41633,31
13.069729805,80.2728118896,41633,41643,10
13.0696401596,80.2726516724,41643,41653,10
13.0693998337,80.2723999023,41653,41663,10
13.0691003799,80.2721328735,41663,41673,10
13.0685501099,80.2720336914,41673,41744,71
13.0685501099,80.2720336914,41744,41754,10
13.0683002472,80.2718887329,41754,41764,10
13.0680198669,80.2714691162,41764,41774,10
13.0676803589,80.2709579468,41774,41784,10
13.0671195984,80.2703933716,41784,41794,10
13.0666503906,80.2697677612,41794,41804,10
13.0664701462,80.2691879272,41804,41814,10
13.0664100647,80.2685012817,41814,41825,11
13.0659303665,80.2678833008,41825,41835,10
13.0652303696,80.2676010132,41835,41855,20
13.0652303696,80.2676010132,41855,41865,10
13.0648202896,80.2675018311,41865,41875,10
13.0641803741,80.2674026489,41875,41885,10
13.0636301041,80.2673110962,41885,41895,10
13.063079834,80.2673034668,41895,41905,10
13.0626401901,80.2671127319,41905,41915,10
13.0624103546,80.2668380737,41915,41925,10
13.0620803833,80.2664718628,41925,41942,17
13.0614204407,80.265586853,41942,41954,12
13.0608501434,80.2652130127,41954,41964,10
13.0604600906,80.2654495239,41964,41974,10
13.0603599548,80.2655029297,41974,41984,10
13.0600099564,80.2656021118,41984,41994,10
13.0594501495,80.2655410767,41994,42004,10
13.058839798,80.2655181885,42004,42014,10
13.0585298538,80.2653427124,42014,42024,10
13.0584697723,80.2650222778,42024,42034,10
13.058139801,80.2650527954,42034,42045,11
13.0579900742,80.2643432617,42045,42054,9
13.0579395294,80.2636413574,42054,42065,11
13.0578804016,80.2627029419,42065,42075,10
13.0577497482,80.2621002197,42075,42085,10
13.0576400757,80.2615203857,42085,42095,10
13.057510376,80.2608795166,42095,42105,10
13.057299614,80.2602233887,42105,42115,10
13.0570402145,80.2594528198,42115,42125,10
13.0568304062,80.2588882446,42125,42135,10
13.0567302704,80.258392334,42135,42145,10
13.0566501617,80.2579421997,42145,42156,11
13.0565795898,80.2571182251,42156,42176,20
13.0565795898,80.2571182251,42176,42186,10
13.0564603806,80.2567901611,42186,42196,10
13.0562601089,80.2562789917,42196,42206,10
13.0558395386,80.2556991577,42206,42216,10
13.0552501678,80.2550201416,42216,42226,10
13.0547304153,80.2543029785,42226,42236,10
13.0542602539,80.2536773682,42236,42246,10
13.0538396835,80.2531204224,42246,42256,10
13.053440094,80.2525024414,42256,42267,11
13.0529298782,80.2518463135,42267,42277,10
13.0527200699,80.2515182495,42277,42287,10
13.052479744,80.2511291504,42287,42297,10
13.0520496368,80.250617981,42297,42307,10
13.0514097214,80.2501831055,42307,42317,10
13.0506496429,80.2499771118,42317,42327,10
13.0498504639,80.2498016357,42327,42336,9
13.0491800308,80.2498092651,42336,42346,10
13.0486898422,80.2497406006,42346,42357,11
13.0483903885,80.2495574951,42357,42368,11
13.0479202271,80.2492523193,42368,42378,10
13.0470504761,80.2487030029,42378,42398,20
13.0470504761,80.2487030029,42398,42408,10
13.0467796326,80.2486495972,42408,42418,10
13.0461597443,80.2484970093,42418,42428,10
13.0454998016,80.248298645,42428,42438,10
13.044719696,80.2481536865,42438,42448,10
13.0438995361,80.2480316162,42448,42458,10
13.0432500839,80.2479782104,42458,42468,10
13.0424203873,80.2476806641,42468,42479,11
13.0414495468,80.2474594116,42479,42489,10
13.0407104492,80.2473373413,42489,42499,10
13.0397195816,80.2472000122,42499,42549,50
13.0397195816,80.2472000122,42549,42559,10
13.0396795273,80.2469482422,42559,42569,10
13.0395803452,80.2469177246,42569,42579,10
13.0391597748,80.246887207,42579,42590,11
13.0387001038,80.2467727661,42590,42600,10
13.0385599136,80.2467422485,42600,42610,10
13.0383701324,80.2467422485,42610,42620,10
13.0380296707,80.2467422485,42620,42630,10
13.0377702713,80.2466812134,42630,42640,10
13.037560463,80.2466430664,42640,42650,10
13.0374803543,80.2466278076,42650,42660,10
13.0372695923,80.2465896606,42660,42670,10
13.0370702744,80.2465591431,42670,42680,10
13.0368003845,80.2464981079,42680,42691,11
13.0364198685,80.2464599609,42691,42701,10
13.0360498428,80.2463912964,42701,42711,10
13.0358800888,80.246307373,42711,42721,10
13.0355300903,80.2461395264,42721,42731,10
13.035369873,80.2460021973,42731,42741,10
13.0353403091,80.2459793091,42741,42751,10
13.0352802277,80.2459335327,42751,42761,10
13.0349197388,80.2457885742,42761,42771,10
13.0347795486,80.2455368042,42771,42781,10
13.0344104767,80.2450790405,42781,42791,10
13.0338497162,80.2443771362,42791,42802,11
13.0330400467,80.2434616089,42802,42812,10
13.0325202942,80.2426834106,42812,42822,10
13.0320301056,80.2419967651,42822,42832,10
13.031709671,80.2412719727,42832,42842,10
13.0314502716,80.240737915,42842,42852,10
13.031419754,80.2406921387,42852,42862,10
13.0313100815,80.2405319214,42862,42872,10
13.0311899185,80.240272522,42872,42882,10
13.031080246,80.2399291992,42882,42892,10
13.0307397842,80.2392730713,42892,42902,10
13.0304203033,80.2386474609,42902,42913,11
13.0298995972,80.2378463745,42913,42923,10
13.0292701721,80.2369384766,42923,42933,10
13.0286502838,80.2362213135,42933,42943,10
13.0279798508,80.2354431152,42943,42953,10
13.0274200439,80.2344589233,42953,42963,10
13.0266599655,80.233291626,42963,42983,20
13.0266599655,80.233291626,42983,42993,10
13.0266103745,80.2332305908,42993,43003,10
13.0264596939,80.2329406738,43003,43014,11
13.0263595581,80.2322998047,43014,43024,10
13.0261602402,80.2317504883,43024,43034,10
13.0260601044,80.2314910889,43034,43044,10
13.0258998871,80.2308731079,43044,43054,10
13.0254802704,80.2300491333,43054,43064,10
13.0248804092,80.2292861938,43064,43074,10
13.0247297287,80.2291183472,43074,43084,10
13.0246200562,80.2289733887,43084,43094,10
13.0242900848,80.2285614014,43094,43104,10
13.0237998962,80.2280197144,43104,43114,10
13.0233402252,80.2275466919,43114,43135,21
13.0233402252,80.2275466919,43135,43145,10
13.0231199265,80.2273483276,43145,43155,10
13.0226802826,80.2269668579,43155,43165,10
13.0222396851,80.2265396118,43165,43175,10
13.0218400955,80.2261886597,43175,43185,10
13.0212697983,80.2257614136,43185,43195,10
13.0206203461,80.2253036499,43195,43205,10
13.0203199387,80.2250976563,43205,43215,10
13.0201396942,80.2249526978,43215,43225,10
13.0198402405,80.2247009277,43225,43236,11
13.0192804337,80.2244567871,43236,43246,10
13.0183200836,80.2247085571,43246,43262,16
13.0169095993,80.2252807617,43262,43274,12
13.0161600113,80.2255706787,43274,43284,10
13.0155801773,80.225769043,43284,43293,9
13.0151596069,80.2259292603,43293,43304,11
13.0148096085,80.2260665894,43304,43314,10
13.0140304565,80.2264022827,43314,43334,20
13.0140304565,80.2264022827,43334,43345,11
13.0136995316,80.2264709473,43345,43355,10
13.0131397247,80.2266311646,43355,43366,11
13.0123500824,80.2269821167,43366,43376,10
13.0113201141,80.2274017334,43376,43386,10
13.0102596283,80.2278366089,43386,43396,10
13.0092496872,80.2282791138,43396,43406,10
13.0089197159,80.2292785645,43406,43416,10
13.0087604523,80.2303695679,43416,43426,10
13.0085401535,80.2313995361,43426,43436,10
13.0083799362,80.2325286865,43436,43447,11
13.0081701279,80.2337265015,43447,43467,20
13.0081701279,80.2337265015,43467,43477,10
13.0080699921,80.2339401245,43477,43487,10
13.0079698563,80.2342376709,43487,43497,10
13.007900238,80.2346191406,43497,43507,10
13.007900238,80.2346496582,43507,43517,10
13.0078001022,80.2352371216,43517,43527,10
13.0076599121,80.2359313965,43527,43537,10
13.0074701309,80.2370910645,43537,43547,10
13.0072402954,80.2381896973,43547,43558,11
13.0070199966,80.2389678955,43558,43568,10
13.006770134,80.2397079468,43568,43578,10
13.0066795349,80.2402572632,43578,43588,10
13.0066699982,80.2403030396,43588,43598,10
13.0066900253,80.2406005859,43598,43608,10
13.0066900253,80.2409362793,43608,43618,10
13.0066604614,80.2415237427,43618,43628,10
13.0066604614,80.2422790527,43628,43638,10
13.0065803528,80.2428512573,43638,43648,10
13.0065097809,80.2434997559,43648,43659,11
13.006480217,80.2445831299,43659,43669,10
13.0065898895,80.2455673218,43669,43678,9
13.0066795349,80.2465820313,43678,43699,21
13.0066795349,80.2465820313,43699,43709,10
13.0067195892,80.2470397949,43709,43719,10
13.0066299438,80.2473220825,43719,43729,10
13.0061101913,80.2473831177,43729,43749,20
13.0061101913,80.2473831177,43749,43759,10
13.0060796738,80.2473678589,43759,43770,11
13.00578022,80.2473526001,43770,43780,10
13.0055198669,80.2473373413,43780,43790,10
13.0048799515,80.2473831177,43790,43800,10
13.0039701462,80.2474899292,43800,43810,10
13.0030002594,80.2476501465,43810,43820,10
13.0020599365,80.2478485107,43820,43830,10
13.0010004044,80.2481002808,43830,43840,10
12.999879837,80.2483978271,43840,43850,10
12.9986200333,80.2487106323,43850,43860,10
12.9980802536,80.2488632202,43860,43870,10
12.9979400635,80.2488937378,43870,43881,11
12.9973402023,80.2490081787,43881,43891,10
12.9964895248,80.249206543,43891,43901,10
12.9954996109,80.2494888306,43901,43911,10
12.9943199158,80.2498168945,43911,43921,10
12.9930400848,80.2501373291,43921,43931,10
12.9917697906,80.2504501343,43931,43941,10
12.9911403656,80.2506484985,43941,43951,10
12.991060257,80.2506637573,43951,43961,10
12.9905900955,80.2507629395,43961,43971,10
12.989780426,80.2509536743,43971,43982,11
12.9887199402,80.2512588501,43982,44002,20
12.9884004593,80.2512817383,44002,44133,131
12.9884004593,80.2512817383,44133,44143,10
12.9883003235,80.2513580322,44143,44153,10
12.9880304337,80.251411438,44153,44163,10
12.9876098633,80.2514877319,44163,44173,10
12.9870996475,80.2516098022,44173,44183,10
12.9864902496,80.2517776489,44183,44193,10
12.9857397079,80.251953125,44193,44204,11
12.9847097397,80.252243042,44204,44214,10
12.9836597443,80.2525100708,44214,44224,10
12.9825201035,80.2526397705,44224,44234,10
12.9813899994,80.2526779175,44234,44244,10
12.9805803299,80.2527236938,44244,44254,10
12.9802598953,80.2527236938,44254,44264,10
12.9799804688,80.2527084351,44264,44280,16
12.9789495468,80.2526092529,44280,44292,12
12.9784898758,80.2525100708,44292,44300,8
12.9784803391,80.2525024414,44300,44313,13
12.9779901505,80.2520980835,44313,44323,10
12.9773397446,80.2515106201,44323,44333,10
12.9764204025,80.2511672974,44333,44342,9
12.9754400253,80.2509002686,44342,44353,11
12.9742498398,80.250579834,44353,44363,10
12.9734401703,80.2503662109,44363,44373,10
12.972820282,80.2502212524,44373,44383,10
12.9718999863,80.2499465942,44383,44393,10
12.9710798264,80.24974823,44393,44404,11
12.9700298309,80.249458313,44404,44413,9
12.9691400528,80.2490386963,44413,44425,12
12.9678297043,80.2484512329,44425,44435,10
12.9669799805,80.2480926514,44435,44445,10
12.9663801193,80.2478027344,44445,44455,10
12.965669632,80.2474975586,44455,44465,10
12.9651002884,80.2472915649,44465,44475,10
12.9649896622,80.2472686768,44475,44485,10
12.964630127,80.2471618652,44485,44495,10
12.9639997482,80.2469329834,44495,44505,10
12.9634895325,80.2467422485,44505,44515,10
12.9628095627,80.246383667,44515,44531,16
12.9612798691,80.2456207275,44531,44544,13
12.9598398209,80.2449874878,44544,44554,10
12.9588003159,80.2445068359,44554,44564,10
12.9584302902,80.2443618774,44564,44574,10
12.958319664,80.2442932129,44574,44584,10
12.9579696655,80.244178772,44584,44594,10
12.9574604034,80.2439880371,44594,44604,10
12.9569597244,80.2438735962,44604,44614,10
12.9567899704,80.2437973022,44614,44665,51
12.9567899704,80.2437973022,44665,44675,10
12.9565401077,80.2437210083,44675,44685,10
12.9564199448,80.2436676025,44685,44715,30
12.9564199448,80.2436676025,44715,44725,10
12.9561796188,80.2436294556,44725,44735,10
12.9556798935,80.2433624268,44735,44746,11
12.9548397064,80.2429199219,44746,44756,10
12.9539003372,80.2425308228,44756,44766,10
12.9528198242,80.2420730591,44766,44776,10
12.95195961,80.2417831421,44776,44786,10
12.9516897202,80.2416915894,44786,44796,10
12.9515399933,80.2416305542,44796,44806,10
12.9509601593,80.2413787842,44806,44816,10
12.9501495361,80.2411422729,44816,44826,10
12.9493398666,80.2409133911,44826,44836,10
12.9489402771,80.2407684326,44836,44846,10
12.9483299255,80.2404708862,44846,44857,11
12.9475498199,80.2401733398,44857,44867,10
12.9471597672,80.240020752,44867,44877,10
12.94713974,80.2400131226,44877,44887,10
12.9467697144,80.2398681641,44887,44897,10
12.9461097717,80.2395782471,44897,44907,10
12.9452600479,80.2390975952,44907,44917,10
12.9445199966,80.2384567261,44917,44927,10
12.9437599182,80.2375869751,44927,44937,10
12.9429502487,80.2367782593,44937,44947,10
12.9418401718,80.2363204956,44947,44958,11
12.9406404495,80.2360229492,44958,44968,10
12.9398002625,80.2357711792,44968,44978,10
12.9397001266,80.2357330322,44978,44988,10
12.9393396378,80.2355804443,44988,44998,10
12.9387598038,80.2353591919,44998,45008,10
12.9379997253,80.23487854,45008,45018,10
12.9371500015,80.2344512939,45018,45028,10
12.9362401962,80.2339096069,45028,45038,10
12.9357995987,80.2338104248,45038,45048,10
12.9356803894,80.233757019,45048,45058,10
12.9351997375,80.233581543,45058,45069,11
12.9343395233,80.2331924438,45069,45079,10
12.933839798,80.232963562,45079,45089,10
12.933839798,80.2329483032,45089,45099,10
12.9336395264,80.2328567505,45099,45109,10
12.9331197739,80.2326507568,45109,45119,10
12.9323301315,80.2323303223,45119,45129,10
12.9313802719,80.2320632935,45129,45139,10
12.9303703308,80.2316970825,45139,45149,10
12.9295196533,80.2314987183,45149,45159,10
12.9289703369,80.2313690186,45159,45180,21
12.9289703369,80.2313690186,45180,45190,10
12.9288597107,80.2313308716,45190,45200,10
12.9284000397,80.231262207,45200,45210,10
12.9276199341,80.2311630249,45210,45220,10
12.9266195297,80.2310409546,45220,45230,10
12.9260797501,80.2309875488,45230,45240,10
12.9260702133,80.2309799194,45240,45250,10
12.9256696701,80.2308883667,45250,45260,10
12.9250297546,80.2308120728,45260,45270,10
12.924200058,80.23072052,45270,45281,11
12.9231004715,80.2305908203,45281,45291,10
12.9220399857,80.230430603,45291,45301,10
12.9209699631,80.2303009033,45301,45311,10
12.9198598862,80.230178833,45311,45321,10
12.9187698364,80.2300415039,45321,45331,10
12.9177303314,80.2298965454,45331,45341,10
12.9167404175,80.2298431396,45341,45351,10
12.9156198502,80.2296524048,45351,45361,10
12.914560318,80.2294769287,45361,45371,10
12.913359642,80.2293319702,45371,45392,21
12.913359642,80.2293319702,45392,45402,10
12.9132099152,80.2292480469,45402,45412,10
12.9126396179,80.2291488647,45412,45422,10
12.9118003845,80.2290496826,45422,45432,10
12.9107704163,80.2289199829,45432,45442,10
12.9096097946,80.2287368774,45442,45452,10
12.9085197449,80.2285614014,45452,45462,10
12.9073801041,80.2283630371,45462,45492,30
12.9073801041,80.2283630371,45492,45503,11
12.9068698883,80.228302002,45503,45573,70
12.9068698883,80.228302002,45573,45583,10
12.9065103531,80.2282867432,45583,45593,10
12.9058599472,80.2282333374,45593,45604,11
12.9048995972,80.2281570435,45604,45614,10
12.9038801193,80.2281188965,45614,45624,10
12.902759552,80.2280807495,45624,45634,10
12.9019298553,80.2280578613,45634,45644,10
12.901309967,80.2279815674,45644,45654,10
12.9007396698,80.2279281616,45654,45663,9
12.9001502991,80.2279205322,45663,45674,11
12.899769783,80.2278823853,45674,45684,10
12.8994703293,80.2278671265,45684,45715,31
12.8994703293,80.2278671265,45715,45725,10
12.8992900848,80.2278518677,45725,45735,10
12.8987798691,80.2278900146,45735,45745,10
12.898059845,80.2278137207,45745,45755,10
12.8972301483,80.2277679443,45755,45765,10
12.8962402344,80.2277297974,45765,45775,10
12.8951396942,80.2276916504,45775,45785,10
12.8941001892,80.2276306152,45785,45795,10
12.8931303024,80.2275314331,45795,45805,10
12.892250061,80.2274169922,45805,45815,10
12.891289711,80.2274093628,45815,45826,11
12.8900499344,80.2274169922,45826,45836,10
12.8888902664,80.2274017334,45836,45846,10
12.8877000809,80.2273101807,45846,45856,10
12.8865299225,80.2270889282,45856,45866,10
12.8853797913,80.2268371582,45866,45876,10
12.8843898773,80.2268295288,45876,45886,10
12.8834104538,80.2268981934,45886,45896,10
12.8845996857,80.2266693115,45896,45906,10
12.8839502335,80.2267608643,45906,45916,10
12.883020401,80.2267532349,45916,45927,11
12.881819725,80.2267684937,45927,45937,10
12.8806495667,80.2267837524,45937,45947,10
12.8795795441,80.2267913818,45947,45957,10
12.8781900406,80.2268371582,45957,45967,10
12.8770999908,80.2269592285,45967,45977,10
12.8766098022,80.2270126343,45977,45997,20
12.8766098022,80.2270126343,45997,46007,10
12.8763904572,80.2270126343,46007,46017,10
12.8757896423,80.2269668579,46017,46027,10
12.8749799728,80.226890564,46027,46038,11
12.8739204407,80.2267684937,46038,46048,10
12.8727302551,80.2267074585,46048,46068,20
12.8727302551,80.2267074585,46068,46078,10
12.8726301193,80.2266693115,46078,46088,10
12.8722696304,80.2266921997,46088,46098,10
12.8721399307,80.2266998291,46098,46108,10
12.8716602325,80.2266693115,46108,46118,10
12.8709001541,80.2266387939,46118,46128,10
12.8699703217,80.2265777588,46128,46138,10
12.8688898087,80.2264633179,46138,46149,11
12.8676300049,80.2264633179,46149,46159,10
12.8668603897,80.2265014648,46159,46169,10
12.8663902283,80.2265701294,46169,46179,10
12.8657999039,80.2266235352,46179,46189,10
12.8649997711,80.2266235352,46189,46199,10
12.8640403748,80.2265701294,46199,46209,10
12.8629999161,80.2265396118,46209,46219,10
12.8618402481,80.2266082764,46219,46229,10
12.8609600067,80.2266235352,46229,46239,10
12.8608398438,80.2266082764,46239,46250,11
12.8606700897,80.2265625,46250,46260,10
12.8601398468,80.2264862061,46260,46270,10
12.8594503403,80.2264022827,46270,46280,10
12.8590602875,80.2263412476,46280,46290,10
12.8586797714,80.2262802124,46290,46300,10
12.8580102921,80.2262420654,46300,46310,10
12.8571300507,80.22631073,46310,46320,10
12.8561296463,80.2264328003,46320,46330,10
12.8549900055,80.2265472412,46330,46340,10
12.8537101746,80.2266693115,46340,46350,10
12.8523197174,80.2266921997,46350,46361,11
12.8507699966,80.2266387939,46361,46371,10
12.84953022,80.2266235352,46371,46381,10
12.848279953,80.2266311646,46381,46391,10
12.8472003937,80.2266387939,46391,46401,10
12.8464603424,80.2266464233,46401,46411,10
12.846039772,80.2266235352,46411,46421,10
12.845410347,80.2266311646,46421,46441,20
12.845410347,80.2266311646,46441,46451,10
12.8452596664,80.2266082764,46451,46462,11
12.8447198868,80.2266387939,46462,46472,10
12.8439598083,80.2267227173,46472,46482,10
12.8429803848,80.2268829346,46482,46492,10
12.8418397903,80.2270965576,46492,46502,10
12.8406896591,80.2274398804,46502,46512,10
12.8400602341,80.2276763916,46512,46522,10
12.8396902084,80.2278213501,46522,46532,10
12.8393201828,80.2278900146,46532,46542,10
12.8386001587,80.2280426025,46542,46552,10
12.8376998901,80.2282333374,46552,46562,10
12.8366203308,80.2284088135,46562,46573,11
12.8352603912,80.2285995483,46573,46583,10
12.8339004517,80.2288284302,46583,46593,10
12.8327999115,80.2290420532,46593,46602,9
12.8322200775,80.2291564941,46602,46623,21
12.8322200775,80.2291564941,46623,46633,10
12.8320703506,80.2291564941,46633,46643,10
12.8317899704,80.2292404175,46643,46653,10
12.8313102722,80.2293701172,46653,46663,10
12.8303899765,80.229637146,46663,46673,10
12.8295297623,80.2299728394,46673,46684,11
12.8284797668,80.2304611206,46684,46694,10
12.8273897171,80.2310562134,46694,46704,10
12.826210022,80.2313766479,46704,46714,10
12.8250703812,80.2314376831,46714,46724,10
12.8238401413,80.2312011719,46724,46734,10
12.8225002289,80.2307815552,46734,46744,10
12.8212604523,80.2304916382,46744,46754,10
12.8203201294,80.2304916382,46754,46764,10
12.8192996979,80.2305297852,46764,46774,10
12.8188695908,80.2304763794,46774,46785,11
12.8187198639,80.2304000854,46785,46795,10
12.8181600571,80.230140686,46795,46805,10
12.81731987,80.2297668457,46805,46815,10
12.8162298203,80.2294769287,46815,46825,10
12.8149795532,80.2293014526,46825,46835,10
12.8135995865,80.2289962769,46835,46845,10
12.8121995926,80.2285308838,46845,46855,10
12.8109197617,80.2280578613,46855,46865,10
12.809969902,80.2276611328,46865,46875,10
12.8089599609,80.2270812988,46875,46885,10
12.8080101013,80.2263183594,46885,46895,10
12.8071203232,80.2255325317,46895,46906,11
12.8062696457,80.2247619629,46906,46922,16
12.8050298691,80.2240066528,46922,46944,22
12.8050298691,80.2240066528,46944,46954,10
12.8046798706,80.2239379883,46954,46964,10
12.8040504456,80.2238998413,46964,46974,10
12.8030796051,80.2238235474,46974,46984,10
12.8021097183,80.2237091064,46984,46994,10
12.8009796143,80.2236175537,46994,47035,41
12.8009796143,80.2236175537,47035,47045,10
12.8007602692,80.2235794067,47045,47054,9
12.8003196716,80.2235717773,47054,47065,11
12.7995700836,80.2234802246,47065,47075,10
12.7987098694,80.2233886719,47075,47085,10
12.7977800369,80.2232818604,47085,47095,10
12.7967700958,80.2230606079,47095,47105,10
12.7959003448,80.2229232788,47105,47126,21
12.7959003448,80.2229232788,47126,47135,9
12.7957601547,80.2229003906,47135,47146,11
12.7952404022,80.2228088379,47146,47156,10
12.7943401337,80.2226791382,47156,47166,10
12.7933397293,80.2225418091,47166,47176,10
12.79226017,80.2223434448,47176,47186,10
12.791179657,80.2220916748,47186,47196,10
12.7901000977,80.2218093872,47196,47206,10
12.7893104553,80.2215499878,47206,47216,10
12.7886600494,80.221321106,47216,47227,11
12.7879896164,80.2210388184,47227,47237,10
12.7873897552,80.2208099365,47237,47277,40
12.7873897552,80.2208099365,47277,47287,10
12.7871398926,80.2207489014,47287,47297,10
12.7866201401,80.2205200195,47297,47307,10
12.7862701416,80.2203598022,47307,47338,31
12.7862701416,80.2203598022,47338,47354,16
12.7861099243,80.2205123901,47354,47366,12
12.7861404419,80.2208786011,47366,47374,8
12.7861099243,80.2211608887,47374,47385,11
12.786190033,80.2218933105,47385,47618,233
12.786239624,80.2218017578,47618,47921,303
12.786239624,80.2218399048,47921,48901,980
12.786239624,80.2218399048,48901,48911,10
12.7861995697,80.2217407227,48911,48921,10
12.786190033,80.221496582,48921,48931,10
12.7862195969,80.2213668823,48931,48942,11
12.786239624,80.2211074829,48942,48952,10
12.7862195969,80.2208099365,48952,48962,10
12.7862100601,80.2204818726,48962,48992,30
12.7863998413,80.2203903198,48992,49012,20
12.7863998413,80.2203903198,49012,49022,10
12.7866296768,80.2205429077,49022,49032,10
12.7871103287,80.2206878662,49032,49042,10
12.7876996994,80.2209320068,49042,49053,11
12.7883901596,80.2211685181,49053,49063,10
12.7892303467,80.2214813232,49063,49073,10
12.7900600433,80.2217483521,49073,49083,10
12.7910804749,80.2219696045,49083,49093,10
12.792309761,80.2222824097,49093,49103,10
12.793419838,80.2224578857,49103,49113,10
12.7944803238,80.2226409912,49113,49123,10
12.7955598831,80.2227935791,49123,49133,10
12.7962198257,80.2229232788,49133,49143,10
12.7964496613,80.2229919434,49143,49153,10
12.7965202332,80.2230377197,49153,49164,11
12.7969999313,80.2231216431,49164,49174,10
12.797750473,80.2232208252,49174,49184,10
12.7986497879,80.2233200073,49184,49194,10
12.7996902466,80.2234420776,49194,49204,10
12.8006696701,80.2235107422,49204,49214,10
12.8011102676,80.2235412598,49214,49224,10
12.8011198044,80.2235488892,49224,49234,10
12.8015403748,80.2235870361,49234,49254,20
12.8015403748,80.2235870361,49254,49265,11
12.8019199371,80.2236175537,49265,49275,10
12.8026199341,80.2237091064,49275,49285,10
12.8033800125,80.2238235474,49285,49295,10
12.8042402267,80.2238693237,49295,49305,10
12.8050203323,80.2239532471,49305,49315,10
12.8055400848,80.2241134644,49315,49325,10
12.8055496216,80.2241210938,49325,49335,10
12.805680275,80.2242202759,49335,49345,10
12.8061599731,80.2245483398,49345,49355,10
12.8068599701,80.2251815796,49355,49364,9
12.8076601028,80.2258682251,49364,49376,12
12.8088598251,80.2268981934,49376,49386,10
12.8099803925,80.2275924683,49386,49396,10
12.8112001419,80.2281112671,49396,49406,10
12.8125,80.2285766602,49406,49416,10
12.8134002686,80.2288970947,49416,49426,10
12.8141298294,80.2291183472,49426,49436,10
12.8150596619,80.2292709351,49436,49446,10
12.8161802292,80.2294311523,49446,49456,10
12.817440033,80.2297592163,49456,49466,10
12.8185195923,80.2302703857,49466,49476,10
12.8195495605,80.2304534912,49476,49487,11
12.8198204041,80.2304382324,49487,49497,10
12.820019722,80.230430603,49497,49507,10
12.820690155,80.2304000854,49507,49517,10
12.8216600418,80.2304763794,49517,49527,10
12.822810173,80.2307662964,49527,49537,10
12.824090004,80.2311172485,49537,49547,10
12.8252801895,80.231338501,49547,49557,10
12.8264598846,80.2312774658,49557,49567,10
12.8275098801,80.2309875488,49567,49577,10
12.828669548,80.2303466797,49577,49587,10
12.8298997879,80.2297973633,49587,49598,11
12.830909729,80.2293624878,49598,49608,10
12.8310499191,80.2293167114,49608,49618,10
12.831199646,80.2292709351,49618,49628,10
12.831580162,80.2291564941,49628,49648,20
12.831580162,80.2291564941,49648,49658,10
12.8318796158,80.2290725708,49658,49668,10
12.8324804306,80.2289733887,49668,49678,10
12.8333597183,80.2288208008,49678,49688,10
12.8344097137,80.2286529541,49688,49698,10
12.8356199265,80.2284622192,49698,49709,11
12.8370704651,80.2282485962,49709,49719,10
12.8383598328,80.2279815674,49719,49729,10
12.8390903473,80.2277374268,49729,49739,10
12.8395395279,80.2275924683,49739,49749,10
12.8400602341,80.2275009155,49749,49759,10
12.8408403397,80.2273025513,49759,49769,10
12.8418397903,80.2270584106,49769,49779,10
12.8429498672,80.2268371582,49779,49789,10
12.84416008,80.2266693115,49789,49799,10
12.8450803757,80.2265777588,49799,49810,11
12.8452396393,80.2265472412,49810,49820,10
12.8457603455,80.2264862061,49820,49840,20
12.8457603455,80.2264862061,49840,49850,10
12.8460197449,80.2265090942,49850,49860,10
12.8465995789,80.2265167236,49860,49870,10
12.8474597931,80.2265090942,49870,49880,10
12.8484697342,80.2265090942,49880,49890,10
12.8495502472,80.2265014648,49890,49900,10
12.8507404327,80.2264328003,49900,49910,10
12.8521203995,80.2265777588,49910,49921,11
12.8535003662,80.2266235352,49921,49931,10
12.8548297882,80.2264785767,49931,49941,10
12.856300354,80.2263336182,49941,49951,10
12.8577604294,80.2261810303,49951,49961,10
12.8584699631,80.2261886597,49961,49971,10
12.8592300415,80.2262802124,49971,49981,10
12.8601999283,80.2264328003,49981,49991,10
12.8607702255,80.2264480591,49991,50001,10
12.8608503342,80.2264709473,50001,50011,10
12.8611698151,80.2265090942,50011,50021,10
12.8620004654,80.2264862061,50021,50032,11
12.8631296158,80.2264480591,50032,50042,10
12.8643302917,80.2264785767,50042,50058,16
12.8660802841,80.2264862061,50058,50070,12
12.8674001694,80.2263793945,50070,50079,9
12.8685703278,80.2263183594,50079,50091,12
12.8702402115,80.2265090942,50091,50101,10
12.8715000153,80.226600647,50101,50111,10
12.8728199005,80.2266235352,50111,50131,20
12.8728199005,80.2266235352,50131,50142,11
12.8730201721,80.2266464233,50142,50152,10
12.8736095428,80.2266769409,50152,50162,10
12.8744401932,80.2267684937,50162,50171,9
12.8753700256,80.2268829346,50171,50182,11
12.8768100739,80.2268600464,50182,50202,20
12.8768100739,80.2268600464,50202,50212,10
12.8768997192,80.2268829346,50212,50222,10
12.8774299622,80.2268295288,50222,50232,10
12.878279686,80.2267608643,50232,50242,10
12.8793201447,80.2266998291,50242,50253,11
12.8806600571,80.2266693115,50253,50263,10
12.8820495605,80.2266998291,50263,50273,10
12.883480072,80.2266464233,50273,50283,10
12.8846797943,80.2266235352,50283,50293,10
12.885219574,80.2266387939,50293,50303,10
12.8852901459,80.2266693115,50303,50313,10
12.8857603073,80.2267684937,50313,50323,10
12.8865404129,80.2269821167,50323,50333,10
12.8875398636,80.2271881104,50333,50343,10
12.888710022,80.2273025513,50343,50354,11
12.8901996613,80.2273101807,50354,50364,10
12.8915300369,80.2273025513,50364,50374,10
12.8927097321,80.2273635864,50374,50384,10
12.8939800262,80.2275314331,50384,50394,10
12.8952102661,80.2276000977,50394,50404,10
12.8964195251,80.2276535034,50404,50414,10
12.8975200653,80.2276916504,50414,50424,10
12.8982696533,80.2277526855,50424,50434,10
12.8989295959,80.2277984619,50434,50444,10
12.899720192,80.2278213501,50444,50454,10
12.9003696442,80.2278671265,50454,50465,11
12.9010095596,80.2278671265,50465,50475,10
12.9015903473,80.2278823853,50475,50485,10
12.9022397995,80.2279281616,50485,50495,10
12.9026298523,80.2279815674,50495,50505,10
12.9028701782,80.2279663086,50505,50515,10
12.902879715,80.2279815674,50515,50525,10
12.9030399323,80.2279968262,50525,50535,10
12.9035797119,80.2280426025,50535,50545,10
12.9044103622,80.2280883789,50545,50555,10
12.9052696228,80.2280731201,50555,50566,11
12.9055299759,80.2280807495,50566,50576,10
12.9056797028,80.2280807495,50576,50586,10
12.9063100815,80.2281417847,50586,50636,50
12.9063100815,80.2281417847,50636,50646,10
12.9064998627,80.2281265259,50646,50656,10
12.9069004059,80.2281799316,50656,50666,10
12.9070396423,80.2282791138,50666,50677,11
12.9076499939,80.2283630371,50677,50687,10
12.9084300995,80.2284698486,50687,50697,10
12.9094200134,80.2286376953,50697,50707,10
12.9104604721,80.2288131714,50707,50717,10
12.9118499756,80.2289962769,50717,50727,10
12.9131803513,80.2292022705,50727,50737,10
12.9140300751,80.2292633057,50737,50747,10
12.9141702652,80.229309082,50747,50757,10
12.9146299362,80.2293624878,50757,50767,10
12.9153203964,80.2295227051,50767,50777,10
12.9163703918,80.2296676636,50777,50788,11
12.9176702499,80.2298278809,50788,50798,10
12.9188404083,80.2299880981,50798,50808,10
12.9201202393,80.2301635742,50808,50818,10
12.921500206,80.2303085327,50818,50828,10
12.9229202271,80.2305221558,50828,50838,10
12.9243097305,80.2307281494,50838,50848,10
12.9256401062,80.2308883667,50848,50858,10
12.9267597198,80.2310180664,50858,50868,10
12.92786026,80.2311325073,50868,50878,10
12.9285097122,80.2312088013,50878,50888,10
12.9289999008,80.2312774658,50888,50898,10
12.9297504425,80.2314529419,50898,50909,11
12.9308204651,80.2317504883,50909,50919,10
12.9318504333,80.232093811,50919,50929,10
12.932849884,80.2324066162,50929,50939,10
12.9335298538,80.2326889038,50939,50949,10
12.9335603714,80.232711792,50949,50959,10
12.9336900711,80.2327880859,50959,50969,10
12.9341697693,80.233039856,50969,50979,10
12.9350004196,80.2333679199,50979,50989,10
12.9357204437,80.2337417603,50989,51000,11
12.9363498688,80.2340164185,51000,51010,10
12.9370498657,80.2343597412,51010,51020,10
12.9379396439,80.2347793579,51020,51030,10
12.9389095306,80.2352371216,51030,51040,10
12.9396896362,80.2356719971,51040,51050,10
12.9399995804,80.2357788086,51050,51060,10
12.9402799606,80.2358627319,51060,51070,10
12.9408998489,80.236038208,51070,51086,16
12.9422998428,80.2364196777,51086,51098,12
12.9433698654,80.237121582,51098,51109,11
12.9442996979,80.2381591797,51109,51117,8
12.9450902939,80.2389526367,51117,51129,12
12.9464902878,80.2395935059,51129,51139,10
12.9472999573,80.2399368286,51139,51149,10
12.9474496841,80.240020752,51149,51159,10
12.9479904175,80.2402572632,51159,51169,10
12.9487695694,80.2405471802,51169,51189,20
12.9487695694,80.2405471802,51189,51199,10
12.9490995407,80.240737915,51199,51210,11
12.9497804642,80.2409667969,51210,51220,10
12.9506597519,80.2412414551,51220,51230,10
12.9511404037,80.2414016724,51230,51240,10
12.9511699677,80.2413864136,51240,51249,9
12.9515199661,80.2415084839,51249,51260,11
12.9522800446,80.2417831421,51260,51269,9
12.9530696869,80.2420806885,51269,51279,10
12.954000473,80.2423782349,51279,51290,11
12.9549398422,80.2427902222,51290,51300,10
12.9557104111,80.2430801392,51300,51310,10
12.9563102722,80.2432785034,51310,51321,11
12.9566602707,80.2434997559,51321,51331,10
12.9573402405,80.2438430786,51331,51341,10
12.9582595825,80.2442169189,51341,51351,10
12.9588804245,80.244430542,51351,51361,10
12.9589595795,80.2444381714,51361,51371,10
12.959400177,80.2446517944,51371,51381,10
12.9600696564,80.244972229,51381,51391,10
12.9609203339,80.2453689575,51391,51401,10
12.961930275,80.2458496094,51401,51411,10
12.9627599716,80.2462615967,51411,51421,10
12.9631500244,80.2464675903,51421,51432,11
12.9633102417,80.2465591431,51432,51442,10
12.9635801315,80.2466888428,51442,51452,10
12.9640598297,80.2468795776,51452,51462,10
12.9647502899,80.2471466064,51462,51472,10
12.9656200409,80.2474136353,51472,51482,10
12.9665203094,80.247756958,51482,51492,10
12.9669704437,80.2480316162,51492,51512,20
12.9669704437,80.2480316162,51512,51522,10
12.9674301147,80.2482376099,51522,51532,10
12.968170166,80.2484664917,51532,51543,11
12.969420433,80.2489776611,51543,51553,10
12.9704999924,80.2494888306,51553,51563,10
12.9717102051,80.2498016357,51563,51579,16
12.9735603333,80.2503128052,51579,51591,12
12.9750404358,80.2507095337,51591,51601,10
12.9760503769,80.2510070801,51601,51609,8
12.9771203995,80.2513427734,51609,51624,15
12.9785203934,80.2523117065,51624,51634,10
12.978679657,80.2524032593,51634,51645,11
12.978770256,80.2524719238,51645,51655,10
12.9792604446,80.2525787354,51655,51665,10
12.9796199799,80.2526092529,51665,51675,10
12.9799003601,80.2526397705,51675,51685,10
12.9805002213,80.2526473999,51685,51695,10
12.9813995361,80.2526321411,51695,51718,23
12.9840602875,80.2523727417,51718,51730,12
12.9853200912,80.251991272,51730,51740,10
12.9860496521,80.2517776489,51740,51750,10
12.9862499237,80.2517166138,51750,51761,11
12.9866600037,80.2516021729,51761,51771,10
12.9871196747,80.2514801025,51771,51882,111
12.9871196747,80.2514801025,51882,51892,10
12.9874000549,80.251373291,51892,51902,10
12.987859726,80.2512817383,51902,51912,10
12.9885702133,80.2511062622,51912,51922,10
12.9894599915,80.2508621216,51922,51932,10
12.9895601273,80.2508392334,51932,51942,10
12.9897403717,80.2508010864,51942,51952,10
12.9903297424,80.2506790161,51952,51963,11
12.9913196564,80.2504272461,51963,51973,10
12.9923801422,80.2501602173,51973,51983,10
12.9935903549,80.2498703003,51983,51993,10
12.9947795868,80.2495880127,51993,52003,10
12.9960403442,80.2492828369,52003,52011,8
12.9970903397,80.2490386963,52011,52023,12
12.9987297058,80.2486495972,52023,52033,10
13.0001001358,80.2482833862,52033,52043,10
13.001250267,80.2479782104,52043,52053,10
13.0021896362,80.247718811,52053,52063,10
13.0031995773,80.2475204468,52063,52074,11
13.0044403076,80.2473297119,52074,52084,10
13.0054397583,80.2471694946,52084,52094,10
13.0062103271,80.2468719482,52094,52104,10
13.0064897537,80.2464599609,52104,52114,10
13.006529808,80.246383667,52114,52124,10
13.0066299438,80.2460021973,52124,52134,10
13.0066204071,80.2449798584,52134,52144,10
13.0066204071,80.2449798584,52144,52154,10
13.0066204071,80.2446594238,52154,52164,10
13.0066099167,80.2443084717,52164,52174,10
13.0065803528,80.2438812256,52174,52185,11
13.0065498352,80.2433395386,52185,52195,10
13.0065498352,80.2426223755,52195,52205,10
13.0065603256,80.2417297363,52205,52217,12
13.0066003799,80.2407073975,52217,52257,40
13.0066003799,80.2407073975,52257,52267,10
13.0067100525,80.2403106689,52267,52277,10
13.0067596436,80.2400588989,52277,52288,11
13.0068397522,80.2395782471,52288,52298,10
13.0069599152,80.2389831543,52298,52308,10
13.0071296692,80.238319397,52308,52318,10
13.0073099136,80.2375488281,52318,52328,10
13.0074501038,80.2367401123,52328,52348,20
13.0074501038,80.2367401123,52348,52358,10
13.0075397491,80.2364273071,52358,52368,10
13.0076599121,80.2358016968,52368,52378,10
13.0078496933,80.2349090576,52378,52388,10
13.0080499649,80.2339477539,52388,52399,11
13.0083198547,80.2325210571,52399,52409,10
13.0085201263,80.2314910889,52409,52419,10
13.0087299347,80.2303619385,52419,52429,10
13.0089502335,80.2292175293,52429,52439,10
13.0090999603,80.2284164429,52439,52449,10
13.0095300674,80.2273101807,52449,52459,10
13.0099802017,80.2263412476,52459,52469,10
13.0103397369,80.2255401611,52469,52479,10
13.0106401443,80.2249832153,52479,52489,10
13.0108299255,80.2246170044,52489,52500,11
13.0110797882,80.223991394,52500,52510,10
13.0113697052,80.2233123779,52510,52520,10
13.0117197037,80.2223968506,52520,52530,10
13.0120601654,80.2216720581,52530,52540,10
13.0123300552,80.2216110229,52540,52549,9
13.0126104355,80.2220001221,52549,52560,11
13.0131998062,80.2226104736,52560,52570,10
13.0138101578,80.2232437134,52570,52580,10
13.0140399933,80.2235183716,52580,52590,10
13.0142002106,80.2236480713,52590,52600,10
13.0148096085,80.2234420776,52600,52611,11
13.015250206,80.2238082886,52611,52621,10
13.0153398514,80.2239379883,52621,52631,10
13.015709877,80.2246322632,52631,52641,10
13.0164499283,80.2249984741,52641,52651,10
13.0175199509,80.2247619629,52651,52661,10
13.0186100006,80.2243804932,52661,52671,10
13.0194396973,80.2242889404,52671,52681,10
13.019780159,80.2244567871,52681,52691,10
13.0200595856,80.2246627808,52691,52701,10
13.0205602646,80.2250823975,52701,52711,10
13.0210399628,80.2254714966,52711,52722,11
13.0216302872,80.2259597778,52722,52732,10
13.0220098495,80.2261962891,52732,52742,10
13.0223999023,80.2264709473,52742,52752,10
13.0224399567,80.2265167236,52752,52762,10
13.0225601196,80.2266616821,52762,52772,10
13.0228595734,80.2268981934,52772,52782,10
13.0233001709,80.2273406982,52782,52792,10
13.0238800049,80.2278137207,52792,52802,10
13.0242700577,80.2282791138,52802,52812,10
13.0245800018,80.2288284302,52812,52823,11
13.0249595642,80.229309082,52823,52833,10
13.0255002975,80.2299575806,52833,52843,10
13.0258798599,80.2305984497,52843,52853,10
13.0260095596,80.2314376831,52853,52863,10
13.0261096954,80.2317733765,52863,52873,10
13.0262699127,80.2322463989,52873,52883,10
13.0265102386,80.2328186035,52883,52893,10
13.02684021,80.2334823608,52893,52903,10
13.0272798538,80.234161377,52903,52913,10
13.0277004242,80.2349090576,52913,52923,10
13.0281000137,80.2355499268,52923,52934,11
13.0287704468,80.2362976074,52934,52944,10
13.0293197632,80.2367935181,52944,52954,10
13.0296602249,80.2372283936,52954,52964,10
13.0298299789,80.237449646,52964,52974,10
13.0302000046,80.2381134033,52974,52984,10
13.0304498672,80.2385864258,52984,52994,10
13.0306901932,80.2390365601,52994,53004,10
13.0309400558,80.239440918,53004,53014,10
13.0312700272,80.239982605,53014,53024,10
13.0313596725,80.2403106689,53024,53035,11
13.031419754,80.2406997681,53035,53045,10
13.0315799713,80.2409973145,53045,53055,10
13.0317401886,80.2412567139,53055,53065,10
13.0319099426,80.2416610718,53065,53075,10
13.0320701599,80.2420501709,53075,53085,10
13.032500267,80.2424697876,53085,53095,10
13.0327396393,80.2430267334,53095,53105,10
13.0335903168,80.2440185547,53105,53115,10
13.0341596603,80.244720459,53115,53125,10
13.0346403122,80.2452926636,53125,53135,10
13.0350999832,80.2456893921,53135,53146,11
13.0351800919,80.2459335327,53146,53156,10
13.0354795456,80.2460708618,53156,53166,10
13.0359296799,80.2463302612,53166,53176,10
13.0366601944,80.2464981079,53176,53186,10
13.0372896194,80.2464370728,53186,53196,10
13.0380001068,80.2465591431,53196,53206,10
13.0383796692,80.2466812134,53206,53226,20
13.0383796692,80.2466812134,53226,53236,10
13.0388698578,80.246887207,53236,53247,11
13.0392303467,80.2469482422,53247,53257,10
13.0396203995,80.2469787598,53257,53267,10
13.0402603149,80.2471313477,53267,53277,10
13.0411596298,80.2473220825,53277,53287,10
13.0417804718,80.2474365234,53287,53297,10
13.0417900085,80.2474365234,53297,53307,10
13.042090416,80.2474975586,53307,53317,10
13.0424098969,80.2475967407,53317,53337,20
13.0424098969,80.2475967407,53337,53347,10
13.0426502228,80.2476882935,53347,53358,11
13.0427904129,80.247756958,53358,53368,10
13.0430202484,80.2478408813,53368,53378,10
13.0434703827,80.2479400635,53378,53388,10
13.0439100266,80.2477798462,53388,53398,10
13.0444002151,80.2478027344,53398,53408,10
13.0447998047,80.2478790283,53408,53418,10
13.0452699661,80.2481384277,53418,53428,10
13.0459604263,80.2484436035,53428,53438,10
13.046620369,80.2484512329,53438,53448,10
13.0469503403,80.2483825684,53448,53458,10
13.0471096039,80.2484588623,53458,53469,11
13.0474901199,80.2487030029,53469,53479,10
13.0476303101,80.2488632202,53479,53489,10
13.0479803085,80.249206543,53489,53499,10
13.0485401154,80.2496490479,53499,53509,10
13.0493297577,80.24974823,53509,53519,10
13.0500202179,80.2498931885,53519,53529,10
13.0510101318,80.2500991821,53529,53539,10
13.0518598557,80.250541687,53539,53549,10
13.0524196625,80.2511978149,53549,53559,10
13.0530195236,80.2520217896,53559,53570,11
13.0535297394,80.2526779175,53570,53580,10
13.053899765,80.2531661987,53580,53590,10
13.054400444,80.2538375854,53590,53600,10
13.0548400879,80.2543869019,53600,53610,10
13.0552101135,80.2548370361,53610,53620,10
13.0555696487,80.2554092407,53620,53630,10
13.0559597015,80.2559509277,53630,53640,10
13.0563402176,80.2563705444,53640,53650,10
13.0568599701,80.2568511963,53650,53660,10
13.0574197769,80.2572937012,53660,53670,10
13.0576000214,80.2574768066,53670,53681,11
13.0579595566,80.2578582764,53681,53691,10
13.058139801,80.258140564,53691,53701,10
13.0584001541,80.2585296631,53701,53711,10
13.0587596893,80.2589111328,53711,53721,10
13.059129715,80.2594985962,53721,53731,10
13.0595397949,80.2600784302,53731,53741,10
13.0601196289,80.2605209351,53741,53751,10
13.0605697632,80.2610321045,53751,53761,10
13.0606403351,80.2611618042,53761,53771,10
13.0607500076,80.2613601685,53771,53781,10
13.0609903336,80.2617111206,53781,53792,11
13.0612802505,80.2619400024,53792,53802,10
13.0616197586,80.262298584,53802,53812,10
13.0619897842,80.2628936768,53812,53822,10
13.0624799728,80.263458252,53822,53832,10
13.0630998611,80.2640991211,53832,53842,10
13.0635404587,80.2646789551,53842,53852,10
13.0640001297,80.2653579712,53852,53872,20
13.0640001297,80.2653579712,53872,53882,10
13.0641202927,80.2656402588,53882,53893,11
13.0643196106,80.2659606934,53893,53903,10
13.064450264,80.2661514282,53903,53913,10
13.0644798279,80.2661972046,53913,53923,10
13.0645999908,80.2663803101,53923,53933,10
13.0646896362,80.2664794922,53933,53943,10
13.064789772,80.2666091919,53943,53953,10
13.0649204254,80.2667388916,53953,53963,10
13.065320015,80.2670516968,53963,53973,10
13.0657596588,80.2674331665,53973,53983,10
13.0658798218,80.2675704956,53983,53993,10
13.0659999847,80.2677764893,53993,54010,17
13.0661697388,80.2679977417,54010,54022,12
13.0663299561,80.2682037354,54022,54061,39
13.0663299561,80.2682037354,54061,54072,11
13.0666303635,80.2684020996,54072,54081,9
13.0669002533,80.2685699463,54081,54092,11
13.0674295425,80.2688903809,54092,54102,10
13.0679197311,80.2692184448,54102,54113,11
13.0681800842,80.2693481445,54113,54123,10
13.0681800842,80.2697982788,54123,54133,10
13.0681400299,80.2700195313,54133,54143,10
13.0681200027,80.2703933716,54143,54153,10
13.068110466,80.2706222534,54153,54163,10
13.0680599213,80.2709274292,54163,54174,11
13.0681200027,80.2713317871,54174,54184,10
13.0682001114,80.2714309692,54184,54194,10
13.068400383,80.2716064453,54194,54204,10
13.0689496994,80.2718582153,54204,54215,11
13.0696897507,80.2725219727,54215,54225,10
13.0701303482,80.2730865479,54225,54235,10
13.0705003738,80.2735519409,54235,54245,10
13.071149826,80.2741088867,54245,54275,30
13.071149826,80.2741088867,54275,54285,10
13.0713701248,80.2741317749,54285,54295,10
13.0718698502,80.2744598389,54295,54305,10
13.0722999573,80.2749099731,54305,54315,10
13.072810173,80.2754669189,54315,54326,11
13.0733499527,80.2760467529,54326,54336,10
13.0736703873,80.2763137817,54336,54346,10
13.0741996765,80.2763290405,54346,54356,10
13.0748796463,80.2762985229,54356,54366,10
13.0756196976,80.2762908936,54366,54376,10
13.0763702393,80.2762832642,54376,54386,10
13.0771999359,80.2762374878,54386,54396,10
13.0780496597,80.2761611938,54396,54406,10
13.0783500671,80.2754211426,54406,54416,10
13.078909874,80.275100708,54416,54426,10
13.079580307,80.2752609253,54426,54437,11
13.0805196762,80.2752532959,54437,54447,10
13.0811796188,80.275177002,54447,54578,131
13.0811796188,80.275177002,54578,54588,10
13.0815000534,80.275177002,54588,54598,10
13.0818300247,80.2752685547,54598,54608,10
13.0819597244,80.275718689,54608,55285,677
13.0819597244,80.275718689,55285,55295,10
13.0818099976,80.2760772705,55295,55305,10
13.0817899704,80.2763595581,55305,55315,10
13.0818901062,80.2767791748,55315,55325,10
13.0819101334,80.2774429321,55325,55335,10
13.0818996429,80.27784729,55335,55345,10
13.0824098587,80.2779998779,55345,55355,10
13.0830202103,80.2780609131,55355,55365,10
13.0832796097,80.2781295776,55365,55375,10
13.0835199356,80.2785568237,55375,55392,17
13.0831298828,80.2788619995,55392,55404,12
13.0825796127,80.2786178589,55404,55414,10
13.0825300217,80.2786026001,55414,55424,10
13.0821504593,80.2784194946,55424,55434,10
13.0819301605,80.2779693604,55434,55444,10
13.0817899704,80.2771606445,55444,55454,10
13.081609726,80.2761764526,55454,55464,10
13.0815095901,80.2755889893,55464,55497,33
13.0815095901,80.2755889893,55497,55507,10
13.0814599991,80.2752838135,55507,55517,10
13.0809001923,80.2752304077,55517,55527,10
13.0800504684,80.2753219604,55527,55537,10
13.0792503357,80.2752609253,55537,55547,10
13.078499794,80.2752532959,55547,55557,10
13.0780601501,80.2761077881,55557,55567,10
13.0771903992,80.276260376,55567,55577,10
13.0760803223,80.2763595581,55577,55587,10
13.075630188,80.2763824463,55587,55597,10
13.0750198364,80.2763900757,55597,55608,11
13.074090004,80.2764434814,55608,55618,10
13.0735301971,80.2764587402,55618,55628,10
13.0732803345,80.2762069702,55628,55638,10
13.0727796555,80.275642395,55638,55647,9
13.0722398758,80.2750320435,55647,55657,10
13.0718297958,80.2746429443,55657,55698,41
13.0718297958,80.2746429443,55698,55709,11
13.0716495514,80.2745819092,55709,55719,10
13.070980072,80.2744598389,55719,55729,10
13.0706300735,80.2741165161,55729,55739,10
13.070520401,80.2738571167,55739,55749,10
13.0704202652,80.2735977173,55749,55759,10
13.0701398849,80.2732086182,55759,55769,10
13.0697603226,80.2727584839,55769,55779,10
13.0693302155,80.2723007202,55779,55799,20
13.0693302155,80.2723007202,55799,55809,10
13.0690097809,80.271987915,55809,55821,12
13.0684900284,80.2718582153,55821,55831,10
13.0679702759,80.2711410522,55831,55861,30
13.0679702759,80.2711410522,55861,55871,10
13.0679798126,80.2709732056,55871,55881,10
13.067609787,80.2706069946,55881,55891,10
13.0669803619,80.2700195313,55891,55901,10
13.0665302277,80.2694396973,55901,55910,9
13.0664396286,80.2688598633,55910,55921,11
13.0661296844,80.2681121826,55921,55932,11
13.065580368,80.2676315308,55932,55942,10
13.0655002594,80.267616272,55942,55952,10
13.0653495789,80.2676010132,55952,55962,10
13.065079689,80.2675704956,55962,55972,10
13.0650596619,80.2675628662,55972,55982,10
13.0646095276,80.2674636841,55982,55992,10
13.0642595291,80.2674179077,55992,56002,10
13.0642004013,80.2674026489,56002,56012,10
13.063949585,80.2673187256,56012,56022,10
13.0634098053,80.2672195435,56022,56033,11
13.0628099442,80.2671279907,56033,56043,10
13.0624504089,80.2668533325,56043,56053,10
13.0621299744,80.2664413452,56053,56063,10
13.0616397858,80.2658004761,56063,56073,10
13.0611400604,80.2651977539,56073,56083,10
13.0606098175,80.2652816772,56083,56093,10
13.0605602264,80.2653274536,56093,56103,10
13.0604000092,80.2653884888,56103,56113,10
13.0600404739,80.2655410767,56113,56123,10
13.0595302582,80.2655792236,56123,56133,10
13.0593299866,80.2654876709,56133,56144,11
13.0592899323,80.2654724121,56144,56160,16
13.0588903427,80.2654724121,56160,56172,12
13.0585298538,80.2654495239,56172,56182,10
13.0582199097,80.2652816772,56182,56192,10
13.0580196381,80.2645568848,56192,56202,10
13.0579099655,80.2636566162,56202,56211,9
13.0578403473,80.2629165649,56211,56222,11
13.0577497482,80.2623214722,56222,56232,10
13.0576496124,80.2617874146,56232,56242,10
13.0575704575,80.2613296509,56242,56253,11
13.0574197769,80.2606964111,56253,56263,10
13.0572004318,80.2599868774,56263,56272,9
13.057100296,80.2595367432,56272,56283,11
13.0569000244,80.2588806152,56283,56293,10
13.0567798615,80.2585067749,56293,56303,10
13.0566997528,80.2583236694,56303,56313,10
13.0566596985,80.2579879761,56313,56323,10
13.0565900803,80.2576217651,56323,56333,10
13.0564899445,80.2572479248,56333,56343,10
13.0564203262,80.2569580078,56343,56353,10
13.0562400818,80.2563171387,56353,56364,11
13.0556898117,80.255531311,56364,56374,10
13.0550498962,80.2546463013,56374,56384,10
13.054479599,80.2539215088,56384,56394,10
13.0541200638,80.2534484863,56394,56404,10
13.0536403656,80.2527999878,56404,56414,10
13.0531101227,80.2520599365,56414,56430,16
13.052359581,80.2510604858,56430,56442,12
13.0518198013,80.2504272461,56442,56452,10
13.0511102676,80.2500991821,56452,56462,10
13.0502195358,80.2499237061,56462,56473,11
13.0491800308,80.2497787476,56473,56483,10
13.0484104156,80.2496032715,56483,56493,10
13.0477304459,80.2490997314,56493,56503,10
13.04708004,80.2486190796,56503,56513,10
13.0467996597,80.2486114502,56513,56523,10
13.046500206,80.2485809326,56523,56533,10
13.0458097458,80.2484588623,56533,56543,10
13.0452203751,80.2481994629,56543,56553,10
13.0445604324,80.2480621338,56553,56563,10
13.0441102982,80.2480010986,56563,56574,11
13.0437498093,80.2479324341,56574,56584,10
13.0433197021,80.247833252,56584,56594,10
13.0427598953,80.2477035522,56594,56604,10
13.0420503616,80.247543335,56604,56614,10
13.0412197113,80.2473602295,56614,56624,10
13.0402698517,80.2471923828,56624,56634,10
13.0398101807,80.2471389771,56634,56664,30
13.0398101807,80.2471389771,56664,56674,10
13.0394697189,80.2469787598,56674,56684,10
13.0390195847,80.2468719482,56684,56695,11
13.0386695862,80.2467498779,56695,56705,10
13.0383901596,80.2466964722,56705,56735,30
13.0383901596,80.2466964722,56735,56745,10
13.0381803513,80.2467193604,56745,56755,10
13.037899971,80.246711731,56755,56765,10
13.0375795364,80.2466430664,56765,56775,10
13.0374803543,80.2466430664,56775,56786,11
13.037320137,80.2466201782,56786,56796,10
13.0371198654,80.2465820313,56796,56806,10
13.036649704,80.2464828491,56806,56816,10
13.0358400345,80.2462768555,56816,56836,20
13.0358400345,80.2462768555,56836,56846,10
13.0353603363,80.2460784912,56846,56866,20
13.0353603363,80.2460784912,56866,56876,10
13.0352201462,80.2460327148,56876,56886,10
13.0349397659,80.2459030151,56886,56897,11
13.0346603394,80.2454833984,56897,56907,10
13.0342502594,80.2449188232,56907,56917,10
13.0336503983,80.2441864014,56917,56927,10
13.0329704285,80.2432632446,56927,56937,10
13.0324001312,80.2425765991,56937,57038,101
13.0324001312,80.2425765991,57038,57048,10
13.0322999954,80.2424316406,57048,57058,10
13.0321702957,80.2422485352,57058,57068,10
13.0319900513,80.2419891357,57068,57078,10
13.0317802429,80.2415390015,57078,57088,10
13.0315704346,80.2410812378,57088,57098,10
13.0315198898,80.2409896851,57098,57109,11
13.0314998627,80.2408828735,57109,57159,50
13.0314998627,80.2408828735,57159,57169,10
13.0314397812,80.2406616211,57169,57179,10
13.0312099457,80.2402420044,57179,57189,10
13.0309801102,80.2397537231,57189,57199,10
13.0305595398,80.2389907837,57199,57209,10
13.0300798416,80.2381362915,57209,57220,11
13.0293798447,80.2370605469,57220,57230,10
13.0285396576,80.2361602783,57230,57240,10
13.0277900696,80.2352828979,57240,57250,10
13.0272703171,80.2343292236,57250,57260,10
13.0268297195,80.2336196899,57260,57270,10
13.0266895294,80.2334213257,57270,57280,10
13.0266103745,80.2332687378,57280,57290,10
13.0263595581,80.2328109741,57290,57300,10
13.0261497498,80.2321395874,57300,57310,10
13.0260095596,80.231552124,57310,57321,11
13.0258398056,80.2308807373,57321,57331,10
13.0254602432,80.2301635742,57331,57341,10
13.0249204636,80.2294464111,57341,57351,10
13.0245800018,80.2289962769,57351,57361,10
13.0243501663,80.2286529541,57361,57371,10
13.0241298676,80.2283477783,57371,57381,10
13.023639679,80.2277908325,57381,57391,10
13.0230998993,80.2273788452,57391,57411,20
13.0230998993,80.2273788452,57411,57421,10
13.0230798721,80.2273101807,57421,57432,11
13.0227003098,80.2269363403,57432,57442,10
13.0221796036,80.2264480591,57442,57452,10
13.0215797424,80.2259902954,57452,57462,10
13.0211000443,80.2256088257,57462,57472,10
13.0206298828,80.2252731323,57472,57482,10
13.0202903748,80.2250595093,57482,57492,10
13.0201702118,80.2249984741,57492,57502,10
13.0198497772,80.2247924805,57502,57512,10
13.0192699432,80.2245407104,57512,57522,10
13.0183496475,80.2246932983,57522,57532,10
13.0174503326,80.2250671387,57532,57543,11
13.0165996552,80.2254562378,57543,57553,10
13.0161104202,80.2256393433,57553,57563,10
13.0154104233,80.2258529663,57563,57573,10
13.0147104263,80.2261199951,57573,57583,10
13.0141897202,80.2263565063,57583,57593,10
13.0141296387,80.2263793945,57593,57603,10
13.0139398575,80.2264175415,57603,57613,10
13.0134401321,80.226600647,57613,57623,10
13.0127000809,80.226890564,57623,57640,17
13.0113897324,80.2274169922,57640,57653,13
13.0102100372,80.2278900146,57653,57663,10
13.0093297958,80.2282791138,57663,57673,10
13.0089998245,80.2291412354,57673,57683,10
13.0088195801,80.2301635742,57683,57693,10
13.008649826,80.2311401367,57693,57703,10
13.0084896088,80.2319869995,57703,57713,10
13.0082798004,80.2329483032,57713,57723,10
13.0082197189,80.2335510254,57723,57733,10
13.008190155,80.2336425781,57733,57742,9
13.0081501007,80.2337265015,57742,57754,12
13.008099556,80.23387146,57754,57764,10
13.0079698563,80.2343215942,57764,57773,9
13.0078401566,80.2349700928,57773,57784,11
13.0076799393,80.2359085083,57784,57794,10
13.0074396133,80.2370834351,57794,57804,10
13.0072498322,80.2380981445,57804,57814,10
13.0071296692,80.2389602661,57814,57824,10
13.0070400238,80.239616394,57824,57834,10
13.0070199966,80.2398681641,57834,57854,20
13.0070199966,80.2398681641,57854,57865,11
13.0069503784,80.2402420044,57865,57875,10
13.0068597794,80.2406463623,57875,57885,10
13.0068397522,80.2407836914,57885,57895,10
13.0067901611,80.2412796021,57895,57905,10
13.0067396164,80.2420806885,57905,57915,10
13.0067501068,80.243057251,57915,57925,10
13.0067501068,80.2440032959,57925,57935,10
13.0066900253,80.2447967529,57935,57945,10
13.0067396164,80.2459793091,57945,57955,10
13.0067901611,80.2467575073,57955,57966,11
13.0064897537,80.2474594116,57966,57976,10
13.0060300827,80.2474365234,57976,57996,20
13.0060300827,80.2474365234,57996,58006,10
13.0057497025,80.247428894,58006,58016,10
13.0051403046,80.2473983765,58016,58026,10
13.0042695999,80.2474594116,58026,58036,10
13.0032300949,80.2476272583,58036,58046,10
13.0022602081,80.2478103638,58046,58056,10
13.0012702942,80.248046875,58056,58066,10
13.0001497269,80.2483215332,58066,58077,11
12.9987802505,80.2486572266,58077,58087,10
12.9975099564,80.2489700317,58087,58097,10
12.9961700439,80.2493133545,58097,58107,10
12.9947500229,80.2496871948,58107,58117,10
12.9933595657,80.250038147,58117,58127,10
12.9922399521,80.2503128052,58127,58137,10
12.9913101196,80.2505722046,58137,58147,10
12.9910402298,80.2506484985,58147,58157,10
12.9910297394,80.2506484985,58157,58167,10
12.9904003143,80.2508163452,58167,58409,242
12.9904003143,80.2508163452,58409,58419,10
12.9901103973,80.2508621216,58419,58429,10
12.989689827,80.2509613037,58429,58439,10
12.9893503189,80.2510604858,58439,58449,10
12.989159584,80.2511062622,58449,58459,10
12.9891195297,80.2511062622,58459,58469,10
12.988940239,80.2511520386,58469,58479,10
12.9885797501,80.2512283325,58479,58651,172
12.9885797501,80.2512283325,58651,58661,10
12.988240242,80.2513122559,58661,58671,10
12.987859726,80.2514190674,58671,58681,10
12.9874095917,80.2515106201,58681,58691,10
12.9869098663,80.2516479492,58691,58701,10
12.9865198135,80.2517623901,58701,58711,10
12.9860296249,80.2519226074,58711,58722,11
12.9854001999,80.2520599365,58722,58732,10
12.9845399857,80.252281189,58732,58742,10
12.9835195541,80.2525482178,58742,58752,10
12.9825201035,80.2526779175,58752,58762,10
12.9815998077,80.2526931763,58762,58772,10
12.9806699753,80.2527389526,58772,58782,10
12.9799900055,80.2527694702,58782,58792,10
12.9792995453,80.2526702881,58792,58802,10
12.9783802032,80.252456665,58802,58822,20
12.9783802032,80.252456665,58822,58833,11
12.9780597687,80.2521820068,58833,58843,10
12.9774799347,80.251663208,58843,58853,10
12.9765796661,80.2512207031,58853,58863,10
12.9754600525,80.2509002686,58863,58873,10
12.9742097855,80.2505722046,58873,58883,10
12.9729204178,80.2502212524,58883,58893,10
12.971619606,80.2498703003,58893,58903,10
12.9704399109,80.2495193481,58903,58913,10
12.9693202972,80.2490921021,58913,58923,10
12.9682998657,80.2486572266,58923,58934,11
12.9671001434,80.2481689453,58934,58944,10
12.966340065,80.2478027344,58944,58954,10
12.9650802612,80.2473373413,58954,58984,30
12.9650802612,80.2473373413,58984,59000,16
12.9647798538,80.2472229004,59000,59012,12
12.9640102386,80.246963501,59012,59019,7
12.9636497498,80.2468185425,59019,59032,13
12.962770462,80.246383667,59032,59042,10
12.9618902206,80.2459487915,59042,59053,11
12.960940361,80.2454910278,59053,59063,10
12.9603004456,80.2452163696,59063,59073,10
12.9593000412,80.2447891235,59073,59093,20
12.9593000412,80.2447891235,59093,59103,10
12.9591903687,80.2447128296,59103,59112,9
12.9589004517,80.2445220947,59112,59123,11
12.9582004547,80.2442474365,59123,59133,10
12.9575796127,80.2440414429,59133,59143,10
12.9571800232,80.243927002,59143,59153,10
12.9569196701,80.2438583374,59153,59194,41
12.9569196701,80.2438583374,59194,59204,10
12.956609726,80.2437591553,59204,59446,242
12.956609726,80.2437591553,59446,59456,10
12.9559803009,80.2435302734,59456,59467,11
12.9553003311,80.2431488037,59467,59477,10
12.9545001984,80.2427902222,59477,59487,10
12.9536304474,80.2424087524,59487,59497,10
12.9526596069,80.2420196533,59497,59507,10
12.9518995285,80.2417373657,59507,59517,10
12.9518098831,80.2417068481,59517,59527,10
12.9517803192,80.2416915894,59527,59537,10
12.9513998032,80.2415618896,59537,59547,10
12.9506597519,80.2413330078,59547,59557,10
12.9497900009,80.2410583496,59557,59567,10
12.9494800568,80.2409591675,59567,59578,11
12.9494199753,80.2409210205,59578,59588,10
12.9491195679,80.2407989502,59588,59598,10
12.9485397339,80.240562439,59598,59608,10
12.9477500916,80.2402496338,59608,59618,10
12.9470500946,80.2399673462,59618,59638,20
12.9470500946,80.2399673462,59638,59648,10
12.9469003677,80.2398910522,59648,59658,10
12.9463596344,80.2396774292,59658,59668,10
12.9456195831,80.2393417358,59668,59678,10
12.944849968,80.2387466431,59678,59689,11
12.9440202713,80.2378311157,59689,59699,10
12.9433002472,80.2370605469,59699,59709,10
12.9423398972,80.2364501953,59709,59719,10
12.9412202835,80.2361526489,59719,59729,10
12.9398097992,80.2357788086,59729,59749,20
12.9398097992,80.2357788086,59749,59759,10
12.9395399094,80.2356796265,59759,59769,10
12.9389600754,80.2353591919,59769,59779,10
12.9381399155,80.2349472046,59779,59789,10
12.9371595383,80.2344818115,59789,59806,17
12.9351997375,80.2335586548,59806,59818,12
12.9339704514,80.2329788208,59818,59828,10
12.9336500168,80.2328796387,59828,59838,10
12.933549881,80.2328109741,59838,59848,10
12.933139801,80.2325897217,59848,59858,10
12.9324998856,80.2323532104,59858,59868,10
12.931599617,80.2320480347,59868,59878,10
12.930390358,80.2316589355,59878,59888,10
12.9292097092,80.2314071655,59888,59898,10
12.9280796051,80.2312088013,59898,59909,11
12.9268198013,80.231048584,59909,59919,10
12.9258899689,80.2309875488,59919,59929,10
12.9257802963,80.2309799194,59929,59939,10
12.9255504608,80.2309417725,59939,59949,10
12.9249801636,80.2308578491,59949,59959,10
12.924200058,80.230758667,59959,59969,10
12.9232902527,80.2306518555,59969,59979,10
12.9222402573,80.2304916382,59979,59989,10
12.9211797714,80.2303314209,59989,59999,10
12.9201698303,80.2302093506,59999,60010,11
12.9191198349,80.2300567627,60010,60027,17
12.9173297882,80.2298202515,60027,60039,12
12.9160604477,80.2296524048,60039,60049,10
12.915309906,80.2295379639,60049,60059,10
12.9143295288,80.2294082642,60059,60069,10
12.9137401581,80.2293167114,60069,60079,10
12.9133300781,80.2293014526,60079,60089,10
12.9133195877,80.2293014526,60089,60099,10
12.9132003784,80.2292404175,60099,60108,9
12.9127502441,80.2291564941,60108,60120,12
12.9118099213,80.2290267944,60120,60130,10
12.9108104706,80.2288665771,60130,60139,9
12.9097995758,80.2287063599,60139,60150,11
12.9085798264,80.2285308838,60150,60160,10
12.9074697495,80.2283782959,60160,60170,10
12.9068698883,80.2283096313,60170,60251,81
12.9068698883,80.2283096313,60251,60261,10
12.906829834,80.2283096313,60261,60271,10
12.9064998627,80.2282714844,60271,60281,10
12.9058198929,80.2282180786,60281,60291,10
12.9050197601,80.2281723022,60291,60301,10
12.9042100906,80.2281265259,60301,60311,10
12.903260231,80.2280807495,60311,60321,10
12.9022798538,80.2280273438,60321,60332,11
12.9012403488,80.2279815674,60332,60382,50
12.9012403488,80.2279815674,60382,60398,16
12.9007196426,80.2279205322,60398,60410,12
12.8999004364,80.2278823853,60410,60418,8
12.8993301392,80.2278671265,60418,60429,11
12.8991603851,80.2278518677,60429,60439,10
12.8989601135,80.2278137207,60439,60451,12
12.898850441,80.2277984619,60451,60461,10
12.8985099792,80.2277984619,60461,60470,9
12.8979301453,80.2277832031,60470,60480,10
12.8971700668,80.2277374268,60480,60491,11
12.8959503174,80.2276916504,60491,60501,10
12.8948001862,80.2276382446,60501,60511,10
12.8936004639,80.2275619507,60511,60521,10
12.8926801682,80.2274398804,60521,60531,10
12.8920297623,80.2273712158,60531,60541,10
12.8912000656,80.2273635864,60541,60552,11
12.890080452,80.2273483276,60552,60562,10
12.8890104294,80.2273635864,60562,60572,10
12.8883304596,80.2273483276,60572,60582,10
12.8875303268,80.2272720337,60582,60592,10
12.8865995407,80.2270965576,60592,60602,10
12.8855895996,80.2268371582,60602,60612,10
12.8848199844,80.2267608643,60612,60632,20
12.8848199844,80.2267608643,60632,60642,10
12.8845100403,80.2267608643,60642,60653,11
12.8836898804,80.2267532349,60653,60662,9
12.8828201294,80.2267379761,60662,60673,11
12.8815803528,80.2267608643,60673,60683,10
12.8802900314,80.2267608643,60683,60693,10
12.8788604736,80.2267913818,60693,60702,9
12.877699852,80.2268829346,60702,60713,11
12.8767299652,80.2269668579,60713,60722,9
12.8762903214,80.2270126343,60722,60733,11
12.8761997223,80.2270202637,60733,60743,10
12.8757801056,80.2269897461,60743,60753,10
12.8750295639,80.2268981934,60753,60764,11
12.8739299774,80.2267608643,60764,60774,10
12.8729696274,80.2266998291,60774,60784,10
12.8720397949,80.2266769409,60784,60794,10
12.8709201813,80.2266387939,60794,60804,10
12.8696699142,80.2265319824,60804,60813,9
12.8684501648,80.2264022827,60813,60824,11
12.8670902252,80.2265014648,60824,60834,10
12.8659095764,80.226600647,60834,60844,10
12.8646202087,80.2265777588,60844,60854,10
12.8632202148,80.2265396118,60854,60865,11
12.8617200851,80.2266082764,60865,60875,10
12.8609600067,80.2266235352,60875,60885,10
12.8609199524,80.2266235352,60885,60895,10
12.8605003357,80.2265625,60895,60905,10
12.8597602844,80.2264404297,60905,60915,10
12.8589696884,80.2263031006,60915,60925,10
12.8585700989,80.2262496948,60925,60935,10
12.8580904007,80.2262191772,60935,60945,10
12.857339859,80.2262496948,60945,60955,10
12.8564596176,80.2263565063,60955,60965,10
12.855389595,80.2264709473,60965,60976,11
12.8540697098,80.2266311646,60976,60986,10
12.8527402878,80.2267227173,60986,60996,10
12.8513698578,80.2266616821,60996,61006,10
12.850110054,80.2265625,61006,61022,16
12.8480997086,80.2265396118,61022,61034,12
12.8467102051,80.2265930176,61034,61042,8
12.8460998535,80.226600647,61042,61054,12
12.8454399109,80.2266082764,61054,61064,10
12.8453502655,80.2266387939,61064,61074,10
12.8451795578,80.2266464233,61074,61085,11
12.8445796967,80.2266921997,61085,61095,10
12.8437204361,80.2267379761,61095,61105,10
12.8427400589,80.2269134521,61105,61115,10
12.8416204453,80.2271881104,61115,61125,10
12.8405895233,80.2274780273,61125,61135,10
12.8398895264,80.2277526855,61135,61175,40
12.8398895264,80.2277526855,61175,61185,10
12.8394699097,80.2278366089,61185,61196,11
12.8387002945,80.2279663086,61196,61206,10
12.8378295898,80.2281799316,61206,61216,10
12.8367700577,80.2283706665,61216,61226,10
12.835559845,80.2285308838,61226,61236,10
12.8342695236,80.228729248,61236,61246,10
12.8330602646,80.2289733887,61246,61256,10
12.8321304321,80.2291412354,61256,61276,20
12.8321304321,80.2291412354,61276,61286,10
12.8320398331,80.2292098999,61286,61297,11
12.8319396973,80.2292175293,61297,61307,10
12.8317899704,80.2292480469,61307,61317,10
12.8315095901,80.2293319702,61317,61327,10
12.8309202194,80.2294769287,61327,61337,10
12.8301000595,80.2297821045,61337,61347,10
12.8291702271,80.2301177979,61347,61363,16
12.8275003433,80.2310409546,61363,61375,12
12.826089859,80.2313919067,61375,61383,8
12.8250398636,80.2314300537,61383,61395,12
12.8234596252,80.2310562134,61395,61406,11
12.8221302032,80.2306518555,61406,61416,10
12.8213796616,80.2304763794,61416,61426,10
12.8210000992,80.2304534912,61426,61436,10
12.8205099106,80.2304382324,61436,61446,10
12.819899559,80.2304611206,61446,61455,9
12.8190002441,80.2304763794,61455,61486,31
12.8190002441,80.2304763794,61486,61496,10
12.8186197281,80.2303466797,61496,61506,10
12.8179998398,80.2300262451,61506,61517,11
12.8170003891,80.2296066284,61517,61527,10
12.815990448,80.2294006348,61527,61537,10
12.8149700165,80.2292633057,61537,61547,10
12.8138999939,80.2290802002,61547,61557,10
12.812959671,80.2287826538,61557,61567,10
12.8120603561,80.2284469604,61567,61577,10
12.8110198975,80.2280807495,61577,61587,10
12.8099803925,80.2276382446,61587,61597,10
12.8090295792,80.2271270752,61597,61607,10
12.8080997467,80.2263793945,61607,61618,11
12.8069601059,80.225440979,61618,61638,20
12.8069601059,80.225440979,61638,61648,10
12.8069295883,80.2253265381,61648,61658,10
12.8066501617,80.2250823975,61658,61668,10
12.8061800003,80.2246627808,61668,61678,10
12.8056602478,80.2242279053,61678,61688,10
12.8050899506,80.223991394,61688,61698,10
12.8049297333,80.2239608765,61698,61708,10
12.8048496246,80.2239379883,61708,61718,10
12.8043899536,80.2238922119,61718,61729,11
12.8035802841,80.2238311768,61729,61739,10
12.8026695251,80.2237319946,61739,61749,10
12.801659584,80.2236099243,61749,61759,10
12.8009300232,80.2235794067,61759,61769,10
12.8009004593,80.2235794067,61769,61779,10
12.8008298874,80.2235488892,61779,61789,10
12.8003396988,80.223487854,61789,61799,10
12.7995996475,80.2234191895,61799,61809,10
12.798789978,80.2233810425,61809,61819,10
12.7977800369,80.2232818604,61819,61830,11
12.7966899872,80.2230834961,61830,61840,10
12.795920372,80.2229537964,61840,61850,10
12.7958202362,80.2229232788,61850,61860,10
12.7957000732,80.2228775024,61860,61870,10
12.7953796387,80.2227783203,61870,61880,10
12.7947397232,80.2226715088,61880,61890,10
12.7939300537,80.2225570679,61890,61900,10
12.7930402756,80.222442627,61900,61910,10
12.7921104431,80.2222824097,61910,61920,10
12.7911701202,80.2220535278,61920,61930,10
12.7902097702,80.2218170166,61930,61941,11
12.7894201279,80.221572876,61941,61951,10
12.7887401581,80.221321106,61951,61961,10
12.7881002426,80.2210769653,61961,61971,10
12.7877597809,80.2209625244,61971,61981,10
12.7874097824,80.2208023071,61981,61991,10
12.7868204117,80.2205886841,61991,62001,10
12.7862997055,80.2203674316,62001,62011,10
12.7858600616,80.220161438,62011,62041,30
12.7858600616,80.220161438,62041,62052,11
12.7855796814,80.2200088501,62052,62062,10
12.7850704193,80.2197570801,62062,62072,10
12.7847003937,80.2195892334,62072,62082,10
12.7846899033,80.2195892334,62082,62092,10
12.7846403122,80.2195587158,62092,62102,10
12.7842702866,80.2193603516,62102,62112,10
12.7836198807,80.2189865112,62112,62122,10
12.7827997208,80.2185516357,62122,62132,10
12.7818403244,80.2180175781,62132,62142,10
12.7808198929,80.2174606323,62142,62153,11
12.7796802521,80.2168502808,62153,62163,10
12.7786102295,80.2163009644,62163,62173,10
12.7774295807,80.2157592773,62173,62183,10
12.7762203217,80.2152709961,62183,62193,10
12.7751302719,80.2148208618,62193,62203,10
12.7739601135,80.2143478394,62203,62213,10
12.7728004456,80.2138824463,62213,62223,10
12.7715902328,80.2134475708,62223,62233,10
12.7707395554,80.2131576538,62233,62243,10
12.7705898285,80.2130889893,62243,62253,10
12.7704696655,80.2130203247,62253,62264,11
12.7699298859,80.2128372192,62264,62274,10
12.7691698074,80.2125701904,62274,62284,10
12.7682104111,80.2122192383,62284,62294,10
12.7671699524,80.2118606567,62294,62304,10
12.7660999298,80.2114715576,62304,62314,10
12.7649898529,80.2110595703,62314,62324,10
12.7638597488,80.2106628418,62324,62334,10
12.7629404068,80.210319519,62334,62344,10
12.7624998093,80.2101364136,62344,62354,10
12.7617998123,80.2098388672,62354,62364,10
12.7609300613,80.2094421387,62364,62375,11
12.7599697113,80.2089385986,62375,62385,10
12.7596998215,80.2087936401,62385,62395,10
12.75963974,80.2087402344,62395,62405,10
12.7592201233,80.2085189819,62405,62415,10
12.7585601807,80.2081604004,62415,62425,10
12.7577695847,80.2077102661,62425,62435,10
12.7568798065,80.2072219849,62435,62445,10
12.7558603287,80.2066574097,62445,62455,10
12.7547197342,80.2060623169,62455,62465,10
12.7535600662,80.2054214478,62465,62476,11
12.7523202896,80.2047805786,62476,62486,10
12.7514200211,80.2043075562,62486,62496,10
12.7511901855,80.2041778564,62496,62506,10
12.751159668,80.2041625977,62506,62516,10
12.7507896423,80.2039794922,62516,62526,10
12.7501602173,80.2036514282,62526,62536,10
12.7493400574,80.2032165527,62536,62546,10
12.7483997345,80.2027282715,62546,62556,10
12.7473402023,80.2021789551,62556,62566,10
12.7462596893,80.2016372681,62566,62576,10
12.7451696396,80.2010726929,62576,62587,11
12.7442903519,80.2004013062,62587,62597,10
12.74421978,80.200302124,62597,62607,10
12.7440099716,80.1999969482,62607,62617,10
12.7435998917,80.199546814,62617,62627,10
12.743060112,80.1989517212,62627,62637,10
12.7424497604,80.1982498169,62637,62647,10
12.7419395447,80.1976318359,62647,62657,10
12.7414598465,80.1969528198,62657,62667,10
12.7409496307,80.1962127686,62667,62677,10
12.74036026,80.1954116821,62677,62688,11
12.7396602631,80.1944198608,62688,62698,10
12.7389698029,80.1934814453,62698,62708,10
12.7382297516,80.1925430298,62708,62718,10
12.737449646,80.1917572021,62718,62728,10
12.7367401123,80.1910476685,62728,62738,10
12.7360401154,80.1903610229,62738,62748,10
12.7352895737,80.189781189,62748,62758,10
12.7347602844,80.1896286011,62758,62768,10
12.7347602844,80.1896209717,62768,62778,10
12.7344398499,80.1895828247,62778,62788,10
12.7337903976,80.1894989014,62788,62799,11
12.7329101563,80.1893768311,62799,62809,10
12.7320604324,80.1891937256,62809,62819,10
12.7312402725,80.1890563965,62819,62829,10
12.7304096222,80.1889801025,62829,62839,10
12.7298402786,80.1889038086,62839,62869,30
12.7298402786,80.1889038086,62869,62879,10
12.7296695709,80.1889038086,62879,62889,10
12.7291002274,80.1888809204,62889,62899,10
12.7285995483,80.1887664795,62899,62910,11
12.7279596329,80.188583374,62910,62920,10
12.7276000977,80.1884613037,62920,62940,20
12.7276000977,80.1884613037,62940,62950,10
12.7272901535,80.1883621216,62950,62960,10
12.7271404266,80.188331604,62960,62970,10
12.7270898819,80.1883163452,62970,62980,10
12.7268400192,80.1882781982,62980,62990,10
12.7265796661,80.1882171631,62990,63000,10
12.7263898849,80.1881790161,63000,63010,10
12.7263803482,80.1881790161,63010,63021,11
12.7260503769,80.188117981,63021,63091,70
12.7260503769,80.188117981,63091,63101,10
12.7256298065,80.1880264282,63101,63111,10
12.7256002426,80.1880187988,63111,63122,11
12.7253398895,80.1879882813,63122,63132,10
12.7251195908,80.1879501343,63132,63212,80
12.7251195908,80.1879501343,63212,63222,10
12.7248802185,80.1878967285,63222,63233,11
12.724439621,80.1878204346,63233,63253,20
12.7243003845,80.1877822876,63253,63263,10
12.7243003845,80.1877822876,63263,63273,10
12.7240695953,80.1877212524,63273,63283,10
12.7236604691,80.1876220703,63283,63293,10
12.722990036,80.1874389648,63293,63303,10
12.7225999832,80.1873474121,63303,63313,10
12.7223300934,80.1873016357,63313,63323,10
12.7222604752,80.1875,63323,63333,10
12.7220201492,80.1877212524,63333,64586,1253
12.7220201492,80.1877212524,64586,64596,10
12.7222900391,80.1874237061,64596,64607,11
12.7223997116,80.1873626709,64607,64617,10
12.7226600647,80.1874389648,64617,64627,10
12.7230501175,80.187538147,64627,64637,10
12.7234401703,80.1876373291,64637,64647,10
12.723739624,80.187713623,64647,64657,10
12.7240200043,80.187789917,64657,64687,30
12.7240200043,80.187789917,64687,64697,10
12.7243499756,80.1878585815,64697,64707,10
12.7243995667,80.1878662109,64707,64718,11
12.72453022,80.1878967285,64718,64744,26
12.72453022,80.1878967285,64744,64756,12
12.7249603271,80.1879577637,64756,64775,19
12.7249603271,80.1879577637,64775,64785,10
12.7251596451,80.1879806519,64785,64796,11
12.7253198624,80.1880187988,64796,64806,10
12.7255096436,80.1880569458,64806,64816,10
12.7257003784,80.1881027222,64816,64827,11
12.7260103226,80.1881637573,64827,64837,10
12.7264003754,80.1882171631,64837,64847,10
12.7268199921,80.1883087158,64847,64857,10
12.7272195816,80.1884231567,64857,64867,10
12.7275495529,80.1884994507,64867,64877,10
12.7279901505,80.1886291504,64877,64887,10
12.7285995483,80.1888198853,64887,64897,10
12.7292804718,80.1889190674,64897,64907,10
12.7296895981,80.188949585,64907,64917,10
12.7297000885,80.188949585,64917,64928,11
12.7297697067,80.1889801025,64928,64938,10
12.7300796509,80.1890029907,64938,64948,10
12.7304697037,80.1890563965,64948,64958,10
12.7309303284,80.1891021729,64958,64968,10
12.7314996719,80.1891403198,64968,64978,10
12.7320404053,80.189239502,64978,64988,10
12.7326002121,80.1893386841,64988,64998,10
12.7331600189,80.1894073486,64998,65008,10
12.7339401245,80.1894836426,65008,65018,10
12.7347803116,80.1895675659,65018,65028,10
12.7355804443,80.1898803711,65028,65039,11
12.7363004684,80.190536499,65039,65049,10
12.7369804382,80.1912307739,65049,65059,10
12.7377004623,80.1919403076,65059,65069,10
12.7383804321,80.1926116943,65069,65079,10
12.7390003204,80.1933898926,65079,65089,10
12.7395200729,80.1941223145,65089,65099,10
12.7400903702,80.1949005127,65099,65109,10
12.7406702042,80.1957321167,65109,65119,10
12.7412900925,80.1965789795,65119,65129,10
12.7419099808,80.1974716187,65129,65140,11
12.742650032,80.198387146,65140,65150,10
12.7432403564,80.1990890503,65150,65160,10
12.7439098358,80.1998672485,65160,65170,10
12.7446203232,80.200630188,65170,65180,10
12.7455396652,80.2012405396,65180,65190,10
12.7465600967,80.2017669678,65190,65200,10
12.7475996017,80.202293396,65200,65210,10
12.7486200333,80.2028121948,65210,65220,10
12.7496795654,80.203338623,65220,65230,10
12.7506904602,80.2038421631,65230,65240,10
12.7516002655,80.2043075562,65240,65251,11
12.7526702881,80.2048568726,65251,65261,10
12.7536697388,80.2053985596,65261,65271,10
12.754699707,80.205947876,65271,65281,10
12.7557201385,80.206489563,65281,65291,10
12.7567100525,80.2070465088,65291,65301,10
12.7576999664,80.207611084,65301,65311,10
12.7587604523,80.208190918,65311,65320,9
12.7597103119,80.2087020874,65320,65331,11
12.7608499527,80.209312439,65331,65341,10
12.7619695663,80.2098388672,65341,65351,10
12.7630300522,80.2102737427,65351,65362,11
12.7641801834,80.2107162476,65362,65372,10
12.7653303146,80.211151123,65372,65382,10
12.7665195465,80.2115783691,65382,65392,10
12.7677402496,80.212020874,65392,65402,10
12.7689695358,80.2124633789,65402,65412,10
12.7701597214,80.2128829956,65412,65422,10
12.770939827,80.2131576538,65422,65432,10
12.7711200714,80.2132034302,65432,65442,10
12.7712202072,80.2132263184,65442,65452,10
12.7716798782,80.2134017944,65452,65463,11
12.7723999023,80.2136688232,65463,65473,10
12.7732000351,80.2139816284,65473,65483,10
12.774140358,80.2143630981,65483,65493,10
12.7752103806,80.2147903442,65493,65503,10
12.7763595581,80.2152633667,65503,65513,10
12.7775297165,80.2157363892,65513,65523,10
12.7786998749,80.2162780762,65523,65533,10
12.7797803879,80.2168426514,65533,65543,10
12.7806196213,80.2172775269,65543,65553,10
12.7814502716,80.2177429199,65553,65563,10
12.7821798325,80.2181625366,65563,65574,11
12.7830295563,80.2186203003,65574,65584,10
12.7838497162,80.2191009521,65584,65594,10
12.7846403122,80.219543457,65594,65604,10
12.7853403091,80.2199172974,65604,65614,10
12.7856397629,80.2200698853,65614,65624,10
12.7858104706,80.220161438,65624,65634,10
12.785949707,80.2202224731,65634,65644,10
12.7860803604,80.2202606201,65644,65654,10
12.7863998413,80.2204208374,65654,65695,41
12.7863998413,80.2204208374,65695,65705,10
12.7865800858,80.2205429077,65705,65715,10
12.7870197296,80.220703125,65715,65725,10
12.787560463,80.2208786011,65725,65735,10
12.7879400253,80.221031189,65735,65745,10
12.7883996964,80.221206665,65745,65755,10
12.7889499664,80.2214202881,65755,65765,10
12.7895402908,80.2216262817,65765,65775,10
12.7901096344,80.2218017578,65775,65786,11
12.7909698486,80.2220077515,65786,65796,10
12.7919397354,80.2222518921,65796,65806,10
12.7931003571,80.2224807739,65806,65816,10
12.7941598892,80.2226486206,65816,65826,10
12.7951402664,80.2228012085,65826,65842,16
12.7965602875,80.2230606079,65842,65854,12
12.7976303101,80.2232437134,65854,65862,8
12.7984104156,80.2233276367,65862,65873,11
12.7995300293,80.2234420776,65873,65884,11
12.8006601334,80.2235107422,65884,65895,11
12.801320076,80.2235488892,65895,65905,10
12.8015699387,80.2235794067,65905,65915,10
12.8022098541,80.2236709595,65915,65925,10
12.8028402328,80.2237625122,65925,65935,10
12.8036298752,80.2238388062,65935,65945,10
12.8044395447,80.2238998413,65945,65954,9
12.8049898148,80.2239837646,65954,65964,10
12.805439949,80.2240982056,65964,65975,11
12.8055095673,80.2241210938,65975,65985,10
12.8058700562,80.2243728638,65985,65995,10
12.8064699173,80.224899292,65995,66006,11
12.80727005,80.2256088257,66006,66016,10
12.8079500198,80.2261810303,66016,66026,10
12.8087301254,80.2268371582,66026,66036,10
12.8096704483,80.2274475098,66036,66046,10
12.8107500076,80.2279205322,66046,66056,10
12.8119297028,80.2283706665,66056,66066,10
12.8131399155,80.2287979126,66066,66076,10
12.814330101,80.2291412354,66076,66086,10
12.8155603409,80.2293395996,66086,66096,10
12.8168296814,80.2295303345,66096,66107,11
12.8180103302,80.2300109863,66107,66117,10
12.8188896179,80.2304000854,66117,66127,10
12.8196401596,80.2304229736,66127,66137,10
12.8197002411,80.2304229736,66137,66147,10
12.8200798035,80.2304229736,66147,66157,10
12.8208198547,80.2303924561,66157,66167,10
12.8217802048,80.2304992676,66167,66177,10
12.8228397369,80.230796814,66177,66187,10
12.823969841,80.2311172485,66187,66197,10
12.8250703812,80.231338501,66197,66207,10
12.8263196945,80.231300354,66207,66218,11
12.827580452,80.2309265137,66218,66228,10
12.8285999298,80.2303390503,66228,66238,10
12.8296499252,80.2298583984,66238,66248,10
12.8306598663,80.2294311523,66248,66278,30
12.8306598663,80.2294311523,66278,66288,10
12.8309402466,80.2294006348,66288,66298,10
12.8313302994,80.2292480469,66298,66308,10
12.8313703537,80.2292327881,66308,66319,11
12.8315896988,80.2291564941,66319,66329,10
12.8318099976,80.2291107178,66329,66339,10
12.8321695328,80.2290267944,66339,66349,10
12.8328104019,80.2288970947,66349,66359,10
12.8336296082,80.228767395,66359,66369,10
12.83452034,80.2285995483,66369,66379,10
12.8354997635,80.2284622192,66379,66389,10
12.8365297318,80.2283172607,66389,66399,10
12.8375597,80.2281570435,66399,66409,10
12.8383598328,80.2279891968,66409,66419,10
12.8387498856,80.227897644,66419,66430,11
12.838760376,80.2278900146,66430,66440,10
12.8389596939,80.2278823853,66440,66470,30
12.8389596939,80.2278823853,66470,66480,10
12.8393297195,80.2277984619,66480,66519,39
12.8393297195,80.2277984619,66519,66531,12
12.8400697708,80.2275009155,66531,66541,10
12.8407497406,80.2273101807,66541,66551,10
12.8416004181,80.2270812988,66551,66561,10
12.8425397873,80.2268676758,66561,66570,9
12.8433799744,80.2266998291,66570,66581,11
12.844329834,80.2265777588,66581,66591,10
12.845459938,80.2265167236,66591,66611,20
12.845459938,80.2265167236,66611,66621,10
12.8456201553,80.2265090942,66621,66631,10
12.845700264,80.2265014648,66631,66642,11
12.8457803726,80.2265090942,66642,66652,10
12.8461503983,80.2265090942,66652,66662,10
12.8468103409,80.2265014648,66662,66672,10
12.8476800919,80.2265014648,66672,66682,10
12.84856987,80.2264785767,66682,66692,10
12.8494997025,80.2264709473,66692,66702,10
12.850399971,80.2264709473,66702,66712,10
12.8513698578,80.2265319824,66712,66722,10
12.8522796631,80.2266235352,66722,66732,10
12.8532400131,80.2266387939,66732,66743,11
12.8544301987,80.2265090942,66743,66753,10
12.8555603027,80.2263793945,66753,66763,10
12.8566198349,80.2262420654,66763,66773,10
12.8573999405,80.2261505127,66773,66783,10
12.857749939,80.2261199951,66783,66793,10
12.8579597473,80.2261199951,66793,66803,10
12.8580799103,80.2261123657,66803,66813,10
12.8583202362,80.2261581421,66813,66823,10
12.8588695526,80.2261886597,66823,66833,10
12.8596801758,80.2263183594,66833,66843,10
12.8605604172,80.2264328003,66843,66854,11
12.8607902527,80.2264404297,66854,66864,10
12.8608903885,80.2264480591,66864,66874,10
12.8612604141,80.2264785767,66874,66884,10
12.8619403839,80.2264633179,66884,66894,10
12.8628396988,80.2264175415,66894,66904,10
12.8638896942,80.2264633179,66904,66914,10
12.8650197983,80.2265396118,66914,66924,10
12.8662099838,80.2265014648,66924,66934,10
12.8674497604,80.2264022827,66934,66944,10
12.8686504364,80.226348877,66944,66955,11
12.8698997498,80.2264862061,66955,66965,10
12.8709402084,80.2265777588,66965,66975,10
12.8717699051,80.2266235352,66975,66985,10
12.8721199036,80.2266082764,66985,66995,10
12.8722200394,80.2266082764,66995,67005,10
12.8725595474,80.2266311646,67005,67015,10
12.8730401993,80.2266311646,67015,67025,10
12.8730802536,80.2266387939,67025,67035,10
12.8732595444,80.2266387939,67035,67045,10
12.8738002777,80.2266921997,67045,67055,10
12.8745698929,80.2267990112,67055,67066,11
12.8753299713,80.2268829346,67066,67076,10
12.8756198883,80.2269134521,67076,67086,10
12.8758802414,80.2269363403,67086,67096,10
12.8760204315,80.2269287109,67096,67106,10
12.8761796951,80.2269134521,67106,67116,10
12.8763904572,80.2268676758,67116,67126,10
12.8767004013,80.2268295288,67126,67146,20
12.8767004013,80.2268295288,67146,67156,10
12.8770198822,80.2267837524,67156,67166,10
12.8776903152,80.2267379761,67166,67177,11
12.8785495758,80.2266693115,67177,67187,10
12.8793897629,80.2266311646,67187,67197,10
12.880279541,80.2266082764,67197,67207,10
12.8812799454,80.2266082764,67207,67217,10
12.8822898865,80.2265930176,67217,67227,10
12.8832998276,80.2265701294,67227,67237,10
12.8841199875,80.2265625,67237,67247,10
12.8844900131,80.2265472412,67247,67257,10
12.884759903,80.2265396118,67257,67267,10
12.8849496841,80.2265701294,67267,67278,11
12.8851995468,80.226600647,67278,67288,10
12.8852701187,80.2266387939,67288,67298,10
12.8856801987,80.2267379761,67298,67308,10
12.8863296509,80.2269363403,67308,67318,10
12.8871097565,80.2271194458,67318,67328,10
12.8879203796,80.2272415161,67328,67338,10
12.8888597488,80.2273025513,67338,67348,10
12.8899097443,80.2273101807,67348,67358,10
12.8909502029,80.2273025513,67358,67368,10
12.8917102814,80.2272872925,67368,67378,10
12.8920001984,80.2273025513,67378,67389,11
12.8920898438,80.2273025513,67389,67399,10
12.8923997879,80.2273406982,67399,67409,10
12.8929004669,80.2274017334,67409,67419,10
12.8935804367,80.2275009155,67419,67429,10
12.8943996429,80.2275695801,67429,67439,10
12.8952302933,80.2276229858,67439,67449,10
12.8959503174,80.2276306152,67449,67459,10
12.8964004517,80.2276382446,67459,67469,10
12.8966598511,80.2276535034,67469,67479,10
12.8969202042,80.2276611328,67479,67490,11
12.8972101212,80.2276687622,67490,67500,10
12.8975000381,80.2276916504,67500,67510,10
12.8978004456,80.2276992798,67510,67519,9
12.8979501724,80.227722168,67519,67530,11
12.8983402252,80.227722168,67530,67641,111
12.8983402252,80.227722168,67641,67651,10
12.8986997604,80.2277603149,67651,67661,10
12.8988800049,80.2277679443,67661,67671,10
12.8991003036,80.2277984619,67671,67681,10
12.8993701935,80.2278366089,67681,67691,10
12.8998699188,80.2278671265,67691,67701,10
12.9003000259,80.2278671265,67701,67712,11
12.9006700516,80.2278823853,67712,67722,10
12.9010000229,80.2278518677,67722,67732,10
12.9011802673,80.2278518677,67732,67742,10
12.9014596939,80.227897644,67742,67752,10
12.9018697739,80.2278900146,67752,67762,10
12.9027795792,80.2279129028,67762,67792,30
12.9027795792,80.2279129028,67792,67802,10
12.9030399323,80.2279510498,67802,67813,11
12.9038600922,80.2279815674,67813,67893,80
12.9038600922,80.2279815674,67893,67903,10
12.9041595459,80.2280197144,67903,67914,11
12.9043998718,80.2280502319,67914,67924,10
12.9045696259,80.2280502319,67924,67934,10
12.904800415,80.2280502319,67934,67944,10
12.9050798416,80.2280502319,67944,67954,10
12.9052801132,80.2280502319,67954,68055,101
12.9052801132,80.2280502319,68055,68065,10
12.9056196213,80.2282104492,68065,68075,10
12.906080246,80.2282104492,68075,68105,30
12.906080246,80.2282104492,68105,68115,10
12.906370163,80.2281723022,68115,68126,11
12.9066400528,80.2281799316,68126,68136,10
12.9071903229,80.2282791138,68136,68146,10
12.9079399109,80.2283630371,68146,68156,10
12.9088602066,80.2285079956,68156,68166,10
12.9098796844,80.2286834717,68166,68176,10
12.9109096527,80.2288284302,68176,68186,10
12.9119997025,80.2289810181,68186,68196,10
12.9129199982,80.2291030884,68196,68206,10
12.9135704041,80.2291717529,68206,68216,10
12.9138498306,80.2292022705,68216,68226,10
12.913860321,80.2292022705,68226,68237,11
12.9139995575,80.2292022705,68237,68247,10
12.914349556,80.2292480469,68247,68257,10
12.9149904251,80.229347229,68257,68267,10
12.9158601761,80.2295227051,68267,68277,10
12.9167604446,80.2296829224,68277,68287,10
12.9176597595,80.2298278809,68287,68297,10
12.9184703827,80.229927063,68297,68307,10
12.9191598892,80.2300033569,68307,68317,10
12.9198904037,80.2300796509,68317,68327,10
12.9207601547,80.2301635742,68327,68338,11
12.9218597412,80.2303009033,68338,68348,10
12.9228801727,80.2304382324,68348,68358,10
12.9238595963,80.2305908203,68358,68368,10
12.9249000549,80.2307128906,68368,68378,10
12.9259195328,80.2308578491,68378,68388,10
12.9263801575,80.2308883667,68388,68398,10
12.9263896942,80.2308883667,68398,68408,10
12.9266796112,80.2309188843,68408,68418,10
12.9272899628,80.231010437,68418,68428,10
12.9280700684,80.2311096191,68428,68438,10
12.9289197922,80.231262207,68438,68455,17
12.9305400848,80.2316665649,68455,68467,12
12.9317598343,80.2320404053,68467,68475,8
12.9325895309,80.2323074341,68475,68487,12
12.9334201813,80.2326202393,68487,68507,20
12.9334201813,80.2326202393,68507,68517,10
12.933429718,80.2326278687,68517,68527,10
12.9337997437,80.2328186035,68527,68536,9
12.9343500137,80.2330703735,68536,68546,10
12.9348897934,80.2333221436,68546,68558,12
12.9354400635,80.2335586548,68558,68568,10
12.9358100891,80.2337417603,68568,68578,10
12.936340332,80.2340087891,68578,68588,10
12.937040329,80.234336853,68588,68598,10
12.9378700256,80.2347335815,68598,68607,9
12.9386396408,80.2350769043,68607,68618,11
12.9392795563,80.2353820801,68618,68628,10
12.9395303726,80.2355117798,68628,68638,10
12.9395303726,80.2355194092,68638,68648,10
12.939740181,80.2356185913,68648,68659,11
12.9402799606,80.2358474731,68659,68669,10
12.9408597946,80.2359771729,68669,68679,10
12.9416303635,80.2361526489,68679,68689,10
12.9425096512,80.2364196777,68689,68699,10
12.94328022,80.2369308472,68699,68709,10
12.9439096451,80.2376098633,68709,68719,10
12.9445199966,80.2383117676,68719,68729,10
12.9450902939,80.2389297485,68729,68739,10
12.9458398819,80.2394180298,68739,68749,10
12.9466495514,80.2397232056,68749,68759,10
12.9473495483,80.239982605,68759,68780,21
12.9473495483,80.239982605,68780,68790,10
12.9476995468,80.2400970459,68790,68860,70
12.9476995468,80.2400970459,68860,68871,11
12.9479904175,80.2402267456,68871,68881,10
12.9484300613,80.2404174805,68881,68891,10
12.9489803314,80.2406387329,68891,68901,10
12.9496202469,80.2408599854,68901,68911,10
12.9502601624,80.2410507202,68911,68921,10
12.9506597519,80.2412414551,68921,68941,20
12.9506597519,80.2412414551,68941,68951,10
12.9509601593,80.2414474487,68951,68961,10
12.9514598846,80.2415771484,68961,68971,10
12.952050209,80.2417602539,68971,68982,11
12.9527597427,80.2420120239,68982,68992,10
12.9534301758,80.2422637939,68992,69002,10
12.9539699554,80.2424697876,69002,69012,10
12.9545602798,80.2426986694,69012,69022,10
12.9551200867,80.2428817749,69022,69032,10
12.9556903839,80.2430877686,69032,69042,10
12.9562397003,80.2431793213,69042,69093,51
12.9562397003,80.2431793213,69093,69103,10
12.9567499161,80.2434463501,69103,69113,10
12.9573802948,80.2437896729,69113,69123,10
12.95814991,80.2441101074,69123,69133,10
12.958530426,80.2443237305,69133,69143,10
12.9585504532,80.2443313599,69143,69153,10
12.9585504532,80.2443466187,69153,69163,10
12.9588899612,80.2444992065,69163,69173,10
12.9592103958,80.2446136475,69173,69183,10
12.9596500397,80.2447891235,69183,69194,11
12.9603996277,80.2451171875,69194,69204,10
12.9612102509,80.2454986572,69204,69214,10
12.9620304108,80.2459030151,69214,69224,10
12.9628000259,80.2462768555,69224,69234,10
12.9633598328,80.2465820313,69234,69294,60
12.9633598328,80.2465820313,69294,69305,11
12.9634599686,80.2466964722,69305,69315,10
12.9638004303,80.2468490601,69315,69325,10
12.9643697739,80.2470169067,69325,69335,10
12.9651098251,80.247253418,69335,69345,10
12.9659204483,80.2475585938,69345,69355,10
12.9666099548,80.247833252,69355,69385,30
12.9666099548,80.247833252,69385,69395,10
12.9666996002,80.2478485107,69395,69406,11
12.9670495987,80.248046875,69406,69416,10
12.9676399231,80.248298645,69416,69426,10
12.9683198929,80.2485809326,69426,69436,10
12.9690999985,80.248916626,69436,69446,10
12.9699602127,80.2492828369,69446,69456,10
12.9709300995,80.2496109009,69456,69466,10
12.9719600677,80.2498931885,69466,69476,10
12.972990036,80.2501602173,69476,69486,10
12.9738397598,80.2503814697,69486,69495,9
12.9746103287,80.2505722046,69495,69507,12
12.9757995605,80.2508621216,69507,69567,60
12.9757995605,80.2508621216,69567,69577,10
12.9759502411,80.2509002686,69577,69587,10
12.9763898849,80.2510375977,69587,69597,10
12.9769601822,80.2512283325,69597,69607,10
12.9774398804,80.2514801025,69607,69618,11
12.9778604507,80.2518386841,69618,69628,10
12.9781599045,80.2521133423,69628,69638,10
12.9784297943,80.2522735596,69638,69658,20
12.9784297943,80.2522735596,69658,69668,10
12.978679657,80.2523803711,69668,69941,273
12.978679657,80.2523803711,69941,69951,10
12.978890419,80.2525100708,69951,69961,10
12.9791002274,80.2525405884,69961,69971,10
12.9794902802,80.2525634766,69971,69981,10
12.9799003601,80.2525787354,69981,69991,10
12.9803304672,80.252571106,69991,70001,10
12.9806003571,80.252571106,70001,70011,10
12.9809398651,80.2525482178,70011,70021,10
12.9815397263,80.2525100708,70021,70042,21
12.9815397263,80.2525100708,70042,70052,10
12.9816999435,80.2525024414,70052,70092,40
12.9816999435,80.2525024414,70092,70102,10
12.9818696976,80.2524871826,70102,70112,10
12.982219696,80.2524795532,70112,70122,10
12.9828796387,80.2524032593,70122,70332,210
12.9828796387,80.2524032593,70332,70342,10
12.9829597473,80.2524337769,70342,70352,10
12.9831495285,80.2524108887,70352,70363,11
12.9835195541,80.2523803711,70363,70373,10
12.9840402603,80.252243042,70373,70383,10
12.9845504761,80.2520904541,70383,70393,10
12.9850797653,80.2519378662,70393,70403,10
12.9855899811,80.2517929077,70403,70413,10
12.9859800339,80.2516784668,70413,70423,10
12.9863996506,80.2515792847,70423,70433,10
12.9867200851,80.2515029907,70433,70443,10
12.986989975,80.2514572144,70443,70453,10
12.9873800278,80.2513504028,70453,70464,11
12.9877700806,80.2512817383,70464,70474,10
12.9883804321,80.2511520386,70474,70484,10
12.9891395569,80.2509384155,70484,70494,10
12.9895801544,80.2508163452,70494,70514,20
12.9895801544,80.2508163452,70514,70530,16
12.9900102615,80.2507476807,70530,70542,12
12.9908103943,80.2505493164,70542,70552,10
12.9916296005,80.2503509521,70552,70562,10
12.9925804138,80.2501220703,70562,70571,9
12.9935598373,80.2498703003,70571,70585,14
12.9951896667,80.2494506836,70585,70595,10
12.9963903427,80.2491378784,70595,70605,10
12.9975299835,80.2488479614,70605,70615,10
12.9987297058,80.2485580444,70615,70625,10
12.9999198914,80.248260498,70625,70635,10
13.0010700226,80.2479782104,70635,70645,10
13.0019397736,80.247756958,70645,70655,10
13.002820015,80.2475662231,70655,70679,24
13.0047302246,80.2472763062,70679,70691,12
13.0049695969,80.2472610474,70691,70701,10
13.005200386,80.2471694946,70701,70730,29
13.005200386,80.2471694946,70730,70741,11
13.0055599213,80.2471084595,70741,70812,71
13.0055599213,80.2471084595,70812,70821,9
13.0060396194,80.2469787598,70821,70862,41
13.0063400269,80.246711731,70862,70903,41
13.0063400269,80.246711731,70903,70913,10
13.0065402985,80.2461700439,70913,70943,30
13.0065402985,80.2461700439,70943,70953,10
13.0065498352,80.2457580566,70953,70973,20
13.0065498352,80.2457580566,70973,70983,10
13.0065803528,80.2454986572,70983,70993,10
13.0065402985,80.2452774048,70993,71004,11
13.006529808,80.2450866699,71004,71014,10
13.0065002441,80.2448272705,71014,71024,10
13.0065097809,80.2447891235,71024,71034,10
13.0065202713,80.2443771362,71034,71074,40
13.0065202713,80.2443771362,71074,71084,10
13.0065498352,80.2440414429,71084,71094,10
13.0065603256,80.2440032959,71094,71105,11
13.0065698624,80.2437133789,71105,71115,10
13.0065402985,80.2435073853,71115,71125,10
13.0065097809,80.2433013916,71125,71135,10
13.0064897537,80.2429962158,71135,71145,10
13.006480217,80.2424087524,71145,71155,10
13.0064401627,80.241607666,71155,71165,10
13.0065002441,80.2410812378,71165,71175,10
13.0065603256,80.2405776978,71175,71195,20
13.0065603256,80.2405776978,71195,71205,10
13.0066604614,80.2404632568,71205,71216,11
13.0067100525,80.2401580811,71216,71226,10
13.0068302155,80.2398529053,71226,71236,10
13.0069198608,80.2392272949,71236,71246,10
13.0070495605,80.2386169434,71246,71256,10
13.0070896149,80.23828125,71256,71266,10
13.0072202682,80.2378311157,71266,71276,10
13.0073404312,80.2372817993,71276,71286,10
13.0073900223,80.2367706299,71286,71296,10
13.0074300766,80.2366485596,71296,71306,10
13.0074996948,80.236366272,71306,71317,11
13.0076398849,80.235786438,71317,71327,10
13.0076704025,80.2356185913,71327,71337,10
13.0077400208,80.2353210449,71337,71347,10
13.0078401566,80.2347412109,71347,71357,10
13.0080003738,80.2340087891,71357,71367,10
13.0081596375,80.2331771851,71367,71377,10
13.0083398819,80.2322616577,71377,71387,10
13.0085000992,80.231300354,71387,71397,10
13.0086202621,80.2304077148,71397,71407,10
13.0088500977,80.2293624878,71407,71417,10
13.009059906,80.2284622192,71417,71428,11
13.0093898773,80.2274780273,71428,71438,10
13.0098199844,80.2266235352,71438,71448,10
13.0101900101,80.2258224487,71448,71458,10
13.0103397369,80.2253799438,71458,71468,10
13.0104703903,80.2251968384,71468,71478,10
13.0106401443,80.2248764038,71478,71488,10
13.0108003616,80.2245178223,71488,71498,10
13.0109796524,80.2240371704,71498,71508,10
13.0111398697,80.2236862183,71508,71519,11
13.0114002228,80.2232284546,71519,71530,11
13.0116100311,80.2225494385,71530,71540,10
13.0118503571,80.2219009399,71540,71550,10
13.012169838,80.2215270996,71550,71560,10
13.0124597549,80.2218170166,71560,71570,10
13.0128898621,80.2223510742,71570,71580,10
13.0134496689,80.22290802,71580,71590,10
13.0139503479,80.223487854,71590,71600,10
13.0143604279,80.2240066528,71600,71610,10
13.0148897171,80.2245635986,71610,71620,10
13.015370369,80.2249603271,71620,71630,10
13.0155601501,80.225112915,71630,71641,11
13.0156698227,80.2252197266,71641,71651,10
13.0161800385,80.225402832,71651,71661,10
13.016960144,80.2251968384,71661,71671,10
13.0178098679,80.2248535156,71671,71681,10
13.0185403824,80.2245407104,71681,71691,10
13.0192699432,80.2243728638,71691,71701,10
13.0196695328,80.2245025635,71701,71711,10
13.0200395584,80.2247924805,71711,71721,10
13.0204296112,80.2250823975,71721,71731,10
13.0208301544,80.2253570557,71731,71742,11
13.0212697983,80.225730896,71742,71752,10
13.0217695236,80.2260971069,71752,71762,10
13.0224704742,80.2266387939,71762,71792,30
13.0224704742,80.2266387939,71792,71802,10
13.0227403641,80.2269134521,71802,71812,10
13.0231599808,80.2273025513,71812,71822,10
13.0235700607,80.2276763916,71822,71832,10
13.0241098404,80.2282104492,71832,71842,10
13.0245800018,80.2288513184,71842,71853,11
13.0250301361,80.2294616699,71853,71863,10
13.0254402161,80.2300033569,71863,71873,10
13.0257797241,80.2305831909,71873,71883,10
13.0259799957,80.2310333252,71883,71893,10
13.0260400772,80.2314605713,71893,71902,9
13.0260896683,80.2316970825,71902,71913,11
13.0261802673,80.232093811,71913,71933,20
13.0261802673,80.232093811,71933,71943,10
13.0261802673,80.2322006226,71943,71954,11
13.026309967,80.2326431274,71954,71964,10
13.0265197754,80.2330627441,71964,71973,9
13.0267295837,80.2333908081,71973,71984,11
13.0271396637,80.2340698242,71984,71994,10
13.027589798,80.2348327637,71994,72004,10
13.0278701782,80.2353515625,72004,72014,10
13.028260231,80.2358398438,72014,72024,10
13.0288200378,80.2364425659,72024,72034,10
13.0293502808,80.2369308472,72034,72044,10
13.0294904709,80.2371292114,72044,72054,10
13.0296201706,80.2373809814,72054,72064,10
13.0299701691,80.2378921509,72064,72075,11
13.030380249,80.2386322021,72075,72085,10
13.0306196213,80.2390365601,72085,72095,10
13.0307102203,80.2391967773,72095,72105,10
13.0308599472,80.2394485474,72105,72115,10
13.030960083,80.239616394,72115,72125,10
13.0311002731,80.2398605347,72125,72135,10
13.0312099457,80.2400131226,72135,72145,10
13.031370163,80.2403793335,72145,72155,10
13.0313997269,80.240852356,72155,72165,10
13.0316095352,80.2412414551,72165,72176,11
13.031829834,80.2417221069,72176,72186,10
13.032119751,80.2422485352,72186,72196,10
13.0325403214,80.2427215576,72196,72206,10
13.0329198837,80.2432479858,72206,72216,10
13.0333204269,80.2437591553,72216,72226,10
13.0337200165,80.2444229126,72226,72236,10
13.0341901779,80.2449798584,72236,72246,10
13.0347003937,80.2455978394,72246,72256,10
13.0352602005,80.2460632324,72256,72266,10
13.0353803635,80.2460784912,72266,72277,11
13.0354099274,80.2460479736,72277,72287,10
13.0357198715,80.2461395264,72287,72297,10
13.0360403061,80.2463684082,72297,72307,10
13.0365600586,80.2464675903,72307,72317,10
13.0371799469,80.2465591431,72317,72327,10
13.0377101898,80.2464981079,72327,72337,10
13.038359642,80.2466812134,72337,72347,10
13.0388202667,80.2468185425,72347,72416,69
13.0388202667,80.2468185425,72416,72426,10
13.0391197205,80.2468566895,72426,72436,10
13.0396604538,80.2469787598,72436,72445,9
13.0401201248,80.2470779419,72445,72456,11
13.0408000946,80.2472381592,72456,72466,10
13.0415296555,80.2473602295,72466,72476,10
13.0420398712,80.247467041,72476,72487,11
13.0426397324,80.2476806641,72487,72497,10
13.0432395935,80.2478485107,72497,72507,10
13.0438604355,80.2478637695,72507,72517,10
13.0443696976,80.2478866577,72517,72527,10
13.0448904037,80.248008728,72527,72537,10
13.0453195572,80.2482528687,72537,72547,10
13.0458803177,80.2484970093,72547,72557,10
13.0465097427,80.2485198975,72557,72567,10
13.0469799042,80.2484512329,72567,72577,10
13.0470504761,80.2484893799,72577,72587,10
13.0473203659,80.2486114502,72587,72598,11
13.0476903915,80.2489624023,72598,72608,10
13.0481700897,80.249458313,72608,72618,10
13.0488395691,80.249710083,72618,72628,10
13.0495100021,80.2498016357,72628,72638,10
13.0502300262,80.2499389648,72638,72648,10
13.0509004593,80.2500762939,72648,72658,10
13.0514602661,80.2502822876,72658,72668,10
13.0520601273,80.2507400513,72668,72678,10
13.0525598526,80.2513885498,72678,72688,10
13.0530996323,80.2520904541,72688,72698,10
13.0535001755,80.2526626587,72698,72709,11
13.053899765,80.2532272339,72709,72719,10
13.0543203354,80.2537994385,72719,72729,10
13.0546998978,80.2543029785,72729,72739,10
13.0550298691,80.2547225952,72739,72749,10
13.0553302765,80.2551116943,72749,72759,10
13.0555400848,80.2554321289,72759,72775,16
13.0558395386,80.2558364868,72775,72787,12
13.0560503006,80.2561264038,72787,72795,8
13.0562696457,80.2564086914,72795,72807,12
13.0566902161,80.2568664551,72807,72818,11
13.0571899414,80.2573013306,72818,72828,10
13.057559967,80.2575836182,72828,72838,10
13.0578203201,80.2577972412,72838,72848,10
13.0581502914,80.2582397461,72848,72858,10
13.0585002899,80.2587585449,72858,72868,10
13.0588798523,80.2591629028,72868,72878,10
13.0592002869,80.2597427368,72878,72888,10
13.059709549,80.2602081299,72888,72898,10
13.0601997375,80.2606811523,72898,72908,10
13.0605802536,80.2611236572,72908,72919,11
13.0607204437,80.2613372803,72919,72929,10
13.0607500076,80.2614212036,72929,72939,10
13.0609703064,80.2617034912,72939,72949,10
13.0613203049,80.2621002197,72949,72959,10
13.061630249,80.2624206543,72959,72969,10
13.061920166,80.262840271,72969,72979,10
13.0623197556,80.263343811,72979,72989,10
13.0627698898,80.2638778687,72989,72999,10
13.0631799698,80.2643890381,72999,73009,10
13.0635204315,80.2648925781,73009,73020,11
13.0636701584,80.2651290894,73020,73030,10
13.063750267,80.2652587891,73030,73040,10
13.0638599396,80.2654418945,73040,73050,10
13.0639896393,80.2656326294,73050,73060,10
13.0642995834,80.2660217285,73060,73070,10
13.0645904541,80.266418457,73070,73080,10
13.0647802353,80.2666625977,73080,73090,10
13.0650196075,80.2669067383,73090,73100,10
13.0654802322,80.2672271729,73100,73110,10
13.0656995773,80.2674407959,73110,73120,10
13.0657396317,80.2675094604,73120,73131,11
13.0658597946,80.2676925659,73131,73141,10
13.0662899017,80.2682571411,73141,73181,40
13.0662899017,80.2682571411,73181,73191,10
13.0664901733,80.2683868408,73191,73201,10
13.0667800903,80.2685394287,73201,73211,10
13.0671100616,80.2687606812,73211,73221,10
13.0675401688,80.26902771,73221,73231,10
13.0680198669,80.2693328857,73231,73242,11
13.0681600571,80.2696685791,73242,73258,16
13.0680704117,80.2709732056,73258,73280,22
13.0680704117,80.2709732056,73280,73290,10
13.0680599213,80.2714920044,73290,73300,10
13.0683403015,80.271812439,73300,73310,10
13.0685796738,80.2719497681,73310,73320,10
13.0688199997,80.2720031738,73320,73330,10
13.0691900253,80.2722015381,73330,73341,11
13.0696496964,80.2726821899,73341,73351,10
13.0699796677,80.2730407715,73351,73361,10
13.0702600479,80.2733612061,73361,73371,10
13.0705299377,80.2737426758,73371,73381,10
13.0708303452,80.2740020752,73381,73431,50
13.0708303452,80.2740020752,73431,73441,10
13.0710601807,80.2740936279,73441,73452,11
13.0715904236,80.274307251,73452,73462,10
13.0720100403,80.2746505737,73462,73472,10
13.0724201202,80.275100708,73472,73482,10
13.0728902817,80.2756118774,73482,73492,10
13.0733098984,80.2760620117,73492,73502,10
13.073679924,80.2763900757,73502,73512,10
13.074259758,80.2763977051,73512,73522,10
13.0747499466,80.2763900757,73522,73532,10
13.0750598907,80.2763824463,73532,73542,10
13.0755996704,80.2763671875,73542,73553,11
13.0759801865,80.2763519287,73553,73563,10
13.0761404037,80.2763519287,73563,73573,10
13.076499939,80.2763214111,73573,73583,10
13.0770196915,80.2762832642,73583,73593,10
13.0777196884,80.2762298584,73593,73603,10
13.0781402588,80.2759399414,73603,73613,10
13.0783395767,80.2753677368,73613,73623,10
13.0787801743,80.2751617432,73623,73694,71
13.0787801743,80.2751617432,73694,73704,10
13.079000473,80.2752380371,73704,73714,10
13.0794095993,80.2753295898,73714,73724,10
13.0799102783,80.2753601074,73724,73734,10
13.0802698135,80.2753219604,73734,73906,172
13.0802698135,80.2753219604,73906,73916,10
13.0805397034,80.2753372192,73916,73926,10
13.0808200836,80.2752990723,73926,73936,10
13.081199646,80.2752609253,73936,73946,10
13.0817403793,80.2753067017,73946,74017,71
13.0817403793,80.2753067017,74017,74027,10
13.0819196701,80.2755203247,74027,74037,10
13.0819597244,80.2757873535,74037,74128,91
13.0819597244,80.2757873535,74128,74138,10
13.0819196701,80.2759170532,74138,74148,10
13.0818395615,80.2760696411,74148,74158,10
13.0817604065,80.2762374878,74158,74168,10
13.0818004608,80.2766418457,74168,74178,10
13.0818595886,80.2772216797,74178,74189,11
13.0819301605,80.2777862549,74189,74199,10
13.0821399689,80.2780990601,74199,74209,10
13.0824098587,80.2780914307,74209,74219,10
13.0827198029,80.2780838013,74219,75612,1393
13.0827198029,80.2780838013,75612,75622,10
13.0829296112,80.2780532837,75622,75632,10
13.0832004547,80.2780685425,75632,75652,20
13.0832004547,80.2780685425,75652,75663,11
13.0834197998,80.2781982422,75663,75673,10
13.0834703445,80.278503418,75673,75683,10
13.0835599899,80.2788619995,75683,75693,10
13.0833597183,80.279006958,75693,75703,10
13.0830898285,80.2788467407,75703,75713,10
13.0828104019,80.278717041,75713,75723,10
13.0825395584,80.2786178589,75723,75733,10
13.0822200775,80.2784881592,75733,75743,10
13.0819797516,80.2783126831,75743,75753,10
13.0819196701,80.2780075073,75753,75834,81
13.0819196701,80.2780075073,75834,75844,10
13.0818996429,80.2778701782,75844,75854,10
13.0818796158,80.2775497437,75854,75863,9
13.0818595886,80.2774429321,75863,75875,12
13.0818300247,80.2772216797,75875,75885,10
13.0818099976,80.2769775391,75885,75895,10
13.0818004608,80.276802063,75895,75905,10
13.0817804337,80.2766418457,75905,75915,10
13.0817804337,80.2765808105,75915,75925,10
13.0817098618,80.276260376,75925,76016,91
13.0817098618,80.276260376,76016,76026,10
13.0815696716,80.2758712769,76026,76036,10
13.0815200806,80.2756118774,76036,76046,10
13.0814800262,80.2754135132,76046,76055,9
13.0811300278,80.2752380371,76055,76066,11
13.0806102753,80.2752990723,76066,76076,10
13.0801200867,80.2753601074,76076,76086,10
13.0796298981,80.2753601074,76086,76097,11
13.0790596008,80.2752532959,76097,76107,10
13.0785303116,80.2752609253,76107,76117,10
13.0782403946,80.2757720947,76117,76127,10
13.0778503418,80.2762374878,76127,76137,10
13.0771999359,80.2762832642,76137,76147,10
13.0765399933,80.2763290405,76147,76157,10
13.0760002136,80.2763519287,76157,76167,10
13.0758895874,80.2761306763,76167,76177,10
13.0759601593,80.2758026123,76177,76187,10
13.0759401321,80.2753677368,76187,76198,11
13.0760803223,80.2749862671,76198,76298,100
13.0760803223,80.2749862671,76298,76309,11
13.0758895874,80.2749481201,76309,76319,10
13.075799942,80.275138855,76319,76329,10
13.0758600235,80.2750778198,76329,77086,757
13.075799942,80.2750167847,77086,78703,1617
