12.9978303909,80.2571563721,14,1114,1100
12.9978303909,80.2571563721,1114,1124,10
12.9980201721,80.2570800781,1124,1135,11
12.9980297089,80.2566986084,1135,1145,10
12.9979000092,80.2564086914,1145,1155,10
12.9977197647,80.2565689087,1155,1165,10
12.9977397919,80.256980896,1165,1306,141
12.9977397919,80.256980896,1306,1316,10
12.9976196289,80.2572174072,1316,18232,16916
12.9975595474,80.2572631836,18232,19131,899
12.9976596832,80.2572631836,19131,23332,4201
12.9975996017,80.2571029663,23332,23342,10
12.9975996017,80.2571029663,23342,23352,10
12.9977397919,80.2569274902,23352,23362,10
12.997710228,80.2565765381,23362,24768,1406
12.9977302551,80.2561798096,24768,24879,111
12.9977302551,80.2561798096,24879,24889,10
12.9972600937,80.2559432983,24889,24909,20
12.9972600937,80.2559432983,24909,24919,10
12.9970998764,80.2559280396,24919,24929,10
12.9968099594,80.255897522,24929,24939,10
12.9962997437,80.2558898926,24939,24950,11
12.9957103729,80.2558822632,24950,24960,10
12.9951200485,80.2559204102,24960,24970,10
12.9944496155,80.2559280396,24970,24980,10
12.9941101074,80.2559661865,24980,24990,10
12.9935903549,80.2560195923,24990,25000,10
12.992770195,80.256072998,25000,25010,10
12.9919099808,80.2560806274,25010,25020,10
12.9911203384,80.2560272217,25020,25030,10
12.9904203415,80.2560195923,25030,25040,10
12.989569664,80.2559890747,25040,25051,11
12.9885101318,80.2559280396,25051,25061,10
12.9880800247,80.255859375,25061,25162,101
12.9880800247,80.255859375,25162,25172,10
12.9878501892,80.255821228,25172,25182,10
12.9874601364,80.2557525635,25182,25192,10
12.9869403839,80.2556610107,25192,25202,10
12.9864301682,80.2555770874,25202,25212,10
12.9860801697,80.2555236816,25212,25222,10
12.9856996536,80.2554397583,25222,25232,10
12.985039711,80.2553100586,25232,25242,10
12.9843397141,80.2551193237,25242,25253,11
12.983499527,80.2548980713,25253,25263,10
12.9828701019,80.254699707,25263,25273,10
12.9822797775,80.254447937,25273,25283,10
12.9819297791,80.2538223267,25283,25293,10
12.9817695618,80.2531433105,25293,25303,10
12.9812202454,80.2527923584,25303,25313,10
12.9803600311,80.2527999878,25313,25323,10
12.9795198441,80.2527389526,25323,25333,10
12.9789400101,80.2526931763,25333,25343,10
12.9788999557,80.2526779175,25343,25353,10
12.9786901474,80.2526168823,25353,25364,11
12.9784603119,80.2524871826,25364,25374,10
12.97797966,80.2520980835,25374,25384,10
12.9771995544,80.2515182495,25384,25394,10
12.9760904312,80.2511367798,25394,25404,10
12.9749698639,80.2508163452,25404,25414,10
12.9738101959,80.2505111694,25414,25424,10
12.9727602005,80.2502593994,25424,25434,10
12.9725399017,80.2501983643,25434,25444,10
12.9720802307,80.2500610352,25444,25454,10
12.9713096619,80.2498474121,25454,25465,11
12.9702596664,80.2495269775,25465,25475,10
12.9690999985,80.2490615845,25475,25485,10
12.9679403305,80.2485809326,25485,25495,10
12.9669799805,80.2481536865,25495,25511,16
12.9655504227,80.2475204468,25511,25523,12
12.9649000168,80.2473373413,25523,25541,18
12.9649000168,80.2473373413,25541,25553,12
12.9646997452,80.2472686768,25553,25563,10
12.9642400742,80.2470932007,25563,25574,11
12.9637804031,80.2469177246,25574,25584,10
12.9636497498,80.2468566895,25584,25593,9
12.9636001587,80.2468338013,25593,25604,11
12.9633798599,80.2467193604,25604,25614,10
12.9630298615,80.2465591431,25614,25624,10
12.9623699188,80.2462310791,25624,25634,10
12.9615097046,80.2457962036,25634,25644,10
12.9604997635,80.2453079224,25644,25654,10
12.9595804214,80.2449188232,25654,25664,10
12.9593200684,80.2448120117,25664,25675,11
12.9590797424,80.244682312,25675,25685,10
12.9584798813,80.2444229126,25685,25695,10
12.9577703476,80.2441329956,25695,25705,10
12.9570302963,80.2438812256,25705,25715,10
12.9564504623,80.2437362671,25715,25725,10
12.9564199448,80.2437210083,25725,25735,10
12.9562501907,80.2436523438,25735,25745,10
12.955789566,80.2433929443,25745,25755,10
12.9550695419,80.243019104,25755,25765,10
12.9540996552,80.2425918579,25765,25776,11
12.9528102875,80.2421035767,25776,25786,10
12.9516296387,80.2417221069,25786,25805,19
12.9516296387,80.2417221069,25805,25816,11
12.9513502121,80.2416000366,25816,25826,10
12.9507198334,80.2413864136,25826,25836,10
12.9499597549,80.2411575317,25836,25846,10
12.9493598938,80.2409820557,25846,25856,10
12.9492902756,80.2409515381,25856,25866,10
12.9490604401,80.240852356,25866,25877,11
12.9484100342,80.240562439,25877,25887,10
12.9476003647,80.2402191162,25887,25897,10
12.9471597672,80.2400588989,25897,25907,10
12.9471502304,80.2400512695,25907,25917,10
12.9468898773,80.2399520874,25917,25927,10
12.9462995529,80.2397003174,25927,25937,10
12.9456701279,80.2394104004,25937,25947,10
12.9449901581,80.2389373779,25947,25957,10
12.9442596436,80.2381591797,25957,25967,10
12.9435596466,80.2374420166,25967,25978,11
12.9433403015,80.2371902466,25978,25988,10
12.9430704117,80.2369308472,25988,25998,10
12.942440033,80.2365722656,25998,26008,10
12.9414701462,80.2362823486,26008,26018,10
12.9398097992,80.2358398438,26018,26038,20
12.9398097992,80.2358398438,26038,26048,10
12.9397497177,80.2358169556,26048,26058,10
12.9392900467,80.2355880737,26058,26068,10
12.9385204315,80.2351989746,26068,26079,11
12.9373998642,80.2346420288,26079,26089,10
12.936340332,80.23412323,26089,26099,10
12.9356002808,80.2337722778,26099,26109,10
12.9349002838,80.2334671021,26109,26119,10
12.9340400696,80.2330780029,26119,26129,10
12.9339399338,80.2330322266,26129,26139,10
12.9338598251,80.2329864502,26139,26149,10
12.933380127,80.2327804565,26149,26159,10
12.9325799942,80.2324676514,26159,26169,10
12.9315004349,80.232093811,26169,26179,10
12.930270195,80.2317123413,26179,26190,11
12.9287900925,80.2313690186,26190,26200,10
12.927359581,80.2311782837,26200,26210,10
12.9262695313,80.2310562134,26210,26220,10
12.9261398315,80.2310409546,26220,26230,10
12.9257698059,80.2309799194,26230,26240,10
12.925069809,80.2308883667,26240,26250,10
12.9241104126,80.2307815552,26250,26260,10
12.9229202271,80.2306213379,26260,26270,10
12.9215803146,80.2304077148,26270,26280,10
12.9201402664,80.2302322388,26280,26291,11
12.919210434,80.2301330566,26291,26301,10
12.9191703796,80.230140686,26301,26311,10
12.9187402725,80.2300567627,26311,26321,10
12.9179496765,80.2299499512,26321,26331,10
12.9169197083,80.2297973633,26331,26341,10
12.9156703949,80.2296218872,26341,26351,10
12.9143199921,80.2294311523,26351,26361,10
12.913359642,80.229347229,26361,26371,10
12.9132995605,80.2293395996,26371,26381,10
12.9132099152,80.2293167114,26381,26392,11
12.9125900269,80.2292175293,26392,26402,10
12.9116802216,80.2290878296,26402,26412,10
12.9104995728,80.2289199829,26412,26422,10
12.909239769,80.2287216187,26422,26432,10
12.9079399109,80.2284927368,26432,26442,10
12.9068698883,80.2283401489,26442,26452,10
12.90625,80.2283325195,26452,26462,10
12.9062404633,80.2283325195,26462,26472,10
12.9058504105,80.2282791138,26472,26482,10
12.9050798416,80.2282409668,26482,26493,11
12.9038801193,80.2281723022,26493,26503,10
12.9026403427,80.2281112671,26503,26513,10
12.9018602371,80.2280731201,26513,26523,10
12.901599884,80.2280197144,26523,26533,10
12.9014902115,80.2280197144,26533,26543,10
12.9010295868,80.2279891968,26543,26553,10
12.9004201889,80.2279815674,26553,26563,10
12.8998098373,80.2279815674,26563,26573,10
12.8996696472,80.2279586792,26573,26583,10
12.8996400833,80.2279510498,26583,26593,10
12.8992395401,80.2278823853,26593,26604,11
12.8983402252,80.2278366089,26604,26614,10
12.8972396851,80.2277832031,26614,26624,10
12.895939827,80.227722168,26624,26634,10
12.8945798874,80.2276535034,26634,26644,10
12.8936004639,80.2275924683,26644,26654,10
12.8929796219,80.2275238037,26654,26664,10
12.8929100037,80.2275085449,26664,26674,10
12.8924703598,80.2274398804,26674,26684,10
12.8917303085,80.2274017334,26684,26694,10
12.8908195496,80.2273864746,26694,26705,11
12.8896598816,80.2273788452,26705,26715,10
12.8886804581,80.2273712158,26715,26725,10
12.887550354,80.2272720337,26725,26735,10
12.8863897324,80.2270812988,26735,26745,10
12.8848896027,80.2267608643,26745,26765,20
12.8848896027,80.2267608643,26765,26775,10
12.8845596313,80.2267379761,26775,26785,10
12.8838300705,80.2267227173,26785,26795,10
12.8827400208,80.2267227173,26795,26806,11
12.8812799454,80.2267303467,26806,26816,10
12.8798999786,80.2267532349,26816,26826,10
12.8785800934,80.2267990112,26826,26836,10
12.8776197433,80.2268600464,26836,26846,10
12.8771696091,80.2268981934,26846,26856,10
12.8768596649,80.2269363403,26856,26866,10
12.876660347,80.2269668579,26866,26876,10
12.8764801025,80.2268981934,26876,26886,10
12.8764200211,80.226600647,26886,26896,10
12.8764200211,80.2265396118,26896,26907,11
12.8764400482,80.2263565063,26907,26917,10
12.8765296936,80.225692749,26917,26927,10
12.8766298294,80.2247085571,26927,26937,10
12.8768396378,80.2234573364,26937,26947,10
12.8771696091,80.2220916748,26947,26957,10
12.8775196075,80.2206268311,26957,26973,16
12.877989769,80.2184677124,26973,26985,12
12.8783197403,80.2168579102,26985,26993,8
12.8785400391,80.2157974243,26993,27005,12
12.8788795471,80.2142105103,27005,27016,11
12.8791503906,80.2127609253,27016,27026,10
12.8793802261,80.2116012573,27026,27036,10
12.8793802261,80.2109985352,27036,27045,9
12.8792695999,80.2109680176,27045,27055,10
12.8792104721,80.2109909058,27055,27066,11
12.8788700104,80.2109222412,27066,27076,10
12.8782901764,80.2108001709,27076,27086,10
12.8775596619,80.2106781006,27086,27096,10
12.8767404556,80.2105178833,27096,27106,10
12.875869751,80.2103500366,27106,27116,10
12.8750600815,80.2102203369,27116,27127,11
12.8744697571,80.2101135254,27127,27137,10
12.8744096756,80.2100906372,27137,27147,10
12.8743600845,80.2099990845,27147,27157,10
12.8744802475,80.209602356,27157,27167,10
12.8747997284,80.2096862793,27167,27177,10
12.8746995926,80.2098388672,27177,27672,495
12.8746995926,80.2098388672,27672,27682,10
12.874830246,80.2101898193,27682,27692,10
12.8753204346,80.2102737427,27692,27702,10
12.8757696152,80.2103500366,27702,27712,10
12.8762102127,80.2104187012,27712,27722,10
12.8767995834,80.2105484009,27722,27733,11
12.8775100708,80.2106781006,27733,27743,10
12.8781604767,80.2108001709,27743,27753,10
12.8791503906,80.2109909058,27753,27773,20
12.8791503906,80.2109909058,27773,27783,10
12.8794002533,80.2110900879,27783,27793,10
12.8794803619,80.2114181519,27793,27803,10
12.8793897629,80.2119064331,27803,27813,10
12.8792600632,80.2125701904,27813,27823,10
12.879119873,80.2133102417,27823,27834,11
12.8789997101,80.2140808105,27834,27844,10
12.8788795471,80.2147369385,27844,27854,10
12.8787202835,80.2153930664,27854,27864,10
12.8785495758,80.2161331177,27864,27874,10
12.8783998489,80.2168502808,27874,27884,10
12.878279686,80.2175827026,27884,27894,10
12.8781204224,80.2183380127,27894,27904,10
12.8779401779,80.2190628052,27904,27914,10
12.8777799606,80.2197494507,27914,27924,10
12.8775997162,80.2205429077,27924,27935,11
12.8773698807,80.2215499878,27935,27945,10
12.8771400452,80.2225723267,27945,27955,10
12.8768997192,80.2236175537,27955,27965,10
12.8767004013,80.2247009277,27965,27975,10
12.8766002655,80.2257232666,27975,27985,10
12.8764801025,80.2267990112,27985,28005,20
12.8764801025,80.2267990112,28005,28015,10
12.8764600754,80.2268676758,28015,28025,10
12.8766403198,80.2269363403,28025,28036,11
12.8772001266,80.2268829346,28036,28046,10
12.8780002594,80.2268218994,28046,28056,10
12.8789396286,80.2267379761,28056,28066,10
12.8799600601,80.2267074585,28066,28076,10
12.8810300827,80.2266998291,28076,28086,10
12.8821601868,80.2266769409,28086,28096,10
12.8833198547,80.2266387939,28096,28106,10
12.8844604492,80.2266082764,28106,28116,10
12.8851995468,80.2266387939,28116,28126,10
12.8853302002,80.2266616821,28126,28137,11
12.8854398727,80.2266769409,28137,28147,10
12.885890007,80.2267837524,28147,28157,10
12.8865804672,80.2269668579,28157,28167,10
12.8874197006,80.2271499634,28167,28177,10
12.8882703781,80.2272491455,28177,28187,10
12.8886995316,80.2272720337,28187,28197,10
12.8887500763,80.2272720337,28197,28207,10
12.8891601563,80.2272796631,28207,28217,10
12.889840126,80.2272796631,28217,28233,16
12.8912801743,80.2272796631,28233,28245,12
12.8922901154,80.2273025513,28245,28256,11
12.8929796219,80.2273635864,28256,28264,8
12.8938102722,80.2274780273,28264,28276,12
12.8942298889,80.2275085449,28276,28286,10
12.8942499161,80.2275085449,28286,28296,10
12.894610405,80.2275390625,28296,28305,9
12.8952198029,80.2275695801,28305,28317,12
12.8963098526,80.2276229858,28317,28327,10
12.8973999023,80.2276687622,28327,28337,10
12.8985996246,80.2277374268,28337,28348,11
12.8996295929,80.2277908325,28348,28428,80
12.8996295929,80.2277908325,28428,28438,10
12.9000902176,80.2277984619,28438,28448,10
12.9006004333,80.2278289795,28448,28459,11
12.901140213,80.2278900146,28459,28469,10
12.9016199112,80.2279205322,28469,28479,10
12.9021902084,80.2279510498,28479,28489,10
12.9027099609,80.2279815674,28489,28499,10
12.9027500153,80.2279891968,28499,28509,10
12.9028997421,80.2279968262,28509,28519,10
12.9033899307,80.2280273438,28519,28529,10
12.9041700363,80.2280883789,28529,28539,10
12.9051303864,80.2281417847,28539,28549,10
12.9061098099,80.2281723022,28549,28560,11
12.9065303802,80.228187561,28560,28580,20
12.9065303802,80.228187561,28580,28590,10
12.9066495895,80.2282104492,28590,28600,10
12.9070100784,80.2282409668,28600,28610,10
12.9071302414,80.2282333374,28610,28620,10
12.9074897766,80.228302002,28620,28630,10
12.9083995819,80.2284622192,28630,28640,10
12.9094495773,80.2286376953,28640,28650,10
12.9106798172,80.2288284302,28650,28661,11
12.9120798111,80.229019165,28661,28671,10
12.9132699966,80.2291564941,28671,28681,10
12.9140701294,80.2292633057,28681,28691,10
12.9140996933,80.2292633057,28691,28701,10
12.9141998291,80.2292785645,28701,28711,10
12.914730072,80.2293395996,28711,28721,10
12.9155197144,80.2294616699,28721,28731,10
12.9165496826,80.2296218872,28731,28741,10
12.9177103043,80.2297821045,28741,28751,10
12.9189195633,80.2299423218,28751,28761,10
12.9193000793,80.2299804688,28761,28772,11
12.9194898605,80.2300033569,28772,28782,10
12.9201097488,80.2301025391,28782,28792,10
12.9209499359,80.2302017212,28792,28802,10
12.9220304489,80.2303619385,28802,28812,10
12.9232797623,80.2305603027,28812,28822,10
12.9245996475,80.2307281494,28822,28832,10
12.9258098602,80.2308578491,28832,28842,10
12.9265003204,80.2309265137,28842,28852,10
12.926609993,80.2309494019,28852,28862,10
12.9271297455,80.2310333252,28862,28873,11
12.9279899597,80.2311630249,28873,28883,10
12.9289398193,80.2313079834,28883,28893,10
12.9301099777,80.2315597534,28893,28903,10
12.9313602448,80.231918335,28903,28913,10
12.9326696396,80.2323226929,28913,28923,10
12.9337997437,80.2327575684,28923,28943,20
12.9337997437,80.2327575684,28943,28953,10
12.9340801239,80.2329330444,28953,28963,10
12.9347000122,80.2332229614,28963,28974,11
12.9354200363,80.2335510254,28974,28984,10
12.935839653,80.233757019,28984,28994,10
12.9362001419,80.2339096069,28994,29004,10
12.936750412,80.2341766357,29004,29014,10
12.9375200272,80.2345581055,29014,29024,10
12.9385004044,80.2350387573,29024,29034,10
12.9395999908,80.2355499268,29034,29054,20
12.9395999908,80.2355499268,29054,29064,10
12.9398498535,80.2356796265,29064,29075,11
12.9405202866,80.2359008789,29075,29085,10
12.9413499832,80.2361068726,29085,29095,10
12.9423704147,80.236366272,29095,29105,10
12.9433097839,80.2368927002,29105,29115,10
12.9437103271,80.2372589111,29115,29125,10
12.9437198639,80.2372589111,29125,29135,10
12.9439001083,80.2374801636,29135,29145,10
12.9442796707,80.2379379272,29145,29155,10
12.9449300766,80.2386398315,29155,29165,10
12.9457397461,80.2393035889,29165,29175,10
12.94672966,80.239730835,29175,29186,11
12.9471197128,80.2398910522,29186,29196,10
12.9472799301,80.2399597168,29196,29206,10
12.9478197098,80.2402191162,29206,29216,10
12.9484300613,80.2404632568,29216,29226,10
12.9490604401,80.2406768799,29226,29236,10
12.9496803284,80.2409210205,29236,29246,10
12.9504203796,80.2411804199,29246,29256,10
12.950799942,80.2412719727,29256,29266,10
12.9512395859,80.2413711548,29266,29276,10
12.9512796402,80.2413864136,29276,29287,11
12.9517002106,80.2415466309,29287,29297,10
12.9523496628,80.2417984009,29297,29307,10
12.9531698227,80.2421188354,29307,29317,10
12.9540596008,80.242477417,29317,29327,10
12.9549598694,80.2428207397,29327,29337,10
12.9557504654,80.2431335449,29337,29347,10
12.9563598633,80.2434387207,29347,29357,10
12.9567298889,80.243598938,29357,29367,10
12.957449913,80.2438812256,29367,29377,10
12.9581804276,80.2441482544,29377,29388,11
12.9586296082,80.2443313599,29388,29398,10
12.9587202072,80.2443771362,29398,29408,10
12.9591703415,80.2445831299,29408,29418,10
12.9598903656,80.2449188232,29418,29428,10
12.9607896805,80.2453231812,29428,29438,10
12.9618501663,80.2458190918,29438,29448,10
12.9627599716,80.2462615967,29448,29458,10
12.963060379,80.2464523315,29458,29468,10
12.9630899429,80.2464599609,29468,29478,10
12.9634799957,80.2466430664,29478,29488,10
12.9641399384,80.2469177246,29488,29499,11
12.9651098251,80.2472610474,29499,29509,10
12.9659204483,80.2475204468,29509,29525,16
12.9662399292,80.2476425171,29525,29537,12
12.9664201736,80.2477264404,29537,29547,10
12.9666500092,80.2478485107,29547,29557,10
12.9670495987,80.2480621338,29557,29567,10
12.9676799774,80.2483596802,29567,29577,10
12.9685497284,80.2487030029,29577,29587,10
12.9695901871,80.2490921021,29587,29598,11
12.9708003998,80.2495727539,29598,29608,10
12.9719896317,80.2498931885,29608,29617,9
12.9730396271,80.2501602173,29617,29628,11
12.9740200043,80.2504119873,29628,29638,10
12.9744300842,80.2504806519,29638,29648,10
12.9747200012,80.2505874634,29648,29658,10
12.9753599167,80.250793457,29658,29668,10
12.9762201309,80.2510299683,29668,29678,10
12.9771900177,80.2513427734,29678,29688,10
12.9778003693,80.2517700195,29688,29699,11
12.978269577,80.2522125244,29699,29709,10
12.9788799286,80.2525024414,29709,29719,10
12.979640007,80.2525482178,29719,29729,10
12.9799499512,80.252281189,29729,29739,10
12.9799604416,80.2522277832,29739,29749,10
12.9799900055,80.2520523071,29749,29759,10
12.9801397324,80.2516021729,29759,29769,10
12.9803600311,80.2509002686,29769,29779,10
12.9806098938,80.2499771118,29779,29789,10
12.9807596207,80.2489013672,29789,29799,10
12.9808397293,80.247756958,29799,29810,11
12.9809503555,80.2464904785,29810,29820,10
12.9810695648,80.2453918457,29820,29830,10
12.9811201096,80.2446517944,29830,29880,50
12.9811201096,80.2446517944,29880,29890,10
12.9811296463,80.2445297241,29890,29931,41
12.9811296463,80.2445297241,29931,29941,10
12.9811296463,80.2443008423,29941,30012,71
12.9811296463,80.2443008423,30012,30022,10
12.981180191,80.243927002,30022,30032,10
12.9812002182,80.2438201904,30032,30042,10
12.9812498093,80.2437133789,30042,30052,10
12.9813604355,80.2433776855,30052,30062,10
12.9813699722,80.242729187,30062,30082,20
12.9813699722,80.242729187,30082,30092,10
12.9813699722,80.242477417,30092,30102,10
12.9813604355,80.2419967651,30102,30113,11
12.9813404083,80.2412414551,30113,30123,10
12.9813404083,80.2404327393,30123,30133,10
12.9813203812,80.2397079468,30133,30143,10
12.9813098907,80.2391662598,30143,30153,10
12.9812803268,80.2384796143,30153,30163,10
12.9812602997,80.2379837036,30163,30173,10
12.9812602997,80.2379226685,30173,30183,10
12.9812602997,80.23777771,30183,30193,10
12.9812498093,80.2372817993,30193,30203,10
12.9812202454,80.2365112305,30203,30213,10
12.9812002182,80.2356185913,30213,30224,11
12.981180191,80.2347412109,30224,30234,10
12.9812698364,80.23412323,30234,30244,10
12.9815597534,80.2334899902,30244,30284,40
12.9815597534,80.2334899902,30284,30294,10
12.9816904068,80.2332763672,30294,30304,10
12.9818696976,80.2328567505,30304,30314,10
12.9820098877,80.2322769165,30314,30325,11
12.9819803238,80.2317276001,30325,30335,10
12.9818897247,80.2311706543,30335,30345,10
12.9816703796,80.2306365967,30345,30355,10
12.9813098907,80.2300415039,30355,30365,10
12.9809303284,80.2294692993,30365,30375,10
12.9807596207,80.2292098999,30375,30385,10
12.9806203842,80.2289962769,30385,30395,10
12.9805898666,80.2289505005,30395,30405,10
12.9804697037,80.228767395,30405,30415,10
12.9802799225,80.2283477783,30415,30426,11
12.9799499512,80.2277908325,30426,30436,10
12.9796199799,80.2272186279,30436,30446,10
12.9792404175,80.226600647,30446,30456,10
12.9788398743,80.2259292603,30456,30466,10
12.9784498215,80.2252807617,30466,30476,10
12.9781398773,80.2247619629,30476,30486,10
12.9778795242,80.2244873047,30486,30502,16
12.9777698517,80.2242889404,30502,30514,12
12.9776000977,80.2239990234,30514,30523,9
12.9773101807,80.2235107422,30523,30534,11
12.9769496918,80.2228927612,30534,30545,11
12.977230072,80.2227020264,30545,30565,20
12.977230072,80.2227020264,30565,30575,10
12.9775400162,80.2226028442,30575,30585,10
12.9774999619,80.2220687866,30585,30595,10
12.9774799347,80.2214279175,30595,30605,10
12.9774599075,80.221282959,30605,30616,11
12.9775695801,80.2212295532,30616,30626,10
12.977930069,80.221206665,30626,30637,11
12.9786396027,80.2211532593,30637,30646,9
12.9793195724,80.2211227417,30646,30657,11
12.9802703857,80.2210388184,30657,30667,10
12.9811697006,80.2210922241,30667,30677,10
12.9818601608,80.221496582,30677,30687,10
12.982460022,80.221786499,30687,30696,9
12.98279953,80.2218780518,30696,30706,10
12.9829597473,80.2219467163,30706,30717,11
12.9830999374,80.2220230103,30717,30727,10
12.9834403992,80.2222518921,30727,30737,10
12.9837799072,80.2224884033,30737,30748,11
12.9843902588,80.2228469849,30748,30758,10
12.9849796295,80.2231674194,30758,30768,10
12.985449791,80.2232818604,30768,30778,10
12.9858999252,80.2229690552,30778,30788,10
12.9863796234,80.2229537964,30788,30798,10
12.9864301682,80.2229537964,30798,30808,10
12.9867601395,80.2229690552,30808,30818,10
12.9871797562,80.2230606079,30818,30828,10
12.9877300262,80.2230606079,30828,30838,10
12.9883003235,80.2226715088,30838,30849,11
12.988820076,80.2221679688,30849,30859,10
12.9892396927,80.2216796875,30859,30869,10
12.9896001816,80.2211837769,30869,30879,10
12.9901103973,80.2205810547,30879,30889,10
12.9904699326,80.2202835083,30889,30905,16
12.9906301498,80.2202072144,30905,30917,12
12.9911203384,80.219833374,30917,30925,8
12.9914903641,80.2195281982,30925,30937,12
12.992099762,80.219078064,30937,30947,10
12.9926996231,80.2186431885,30947,30957,10
12.9933099747,80.2181930542,30957,30968,11
12.9937801361,80.2178573608,30968,30978,10
12.9938402176,80.2178115845,30978,30988,10
12.9940099716,80.2176895142,30988,30998,10
12.9942302704,80.2175216675,30998,31008,10
12.9943599701,80.2174377441,31008,31018,10
12.9944696426,80.2173690796,31018,31028,10
12.9945898056,80.2172927856,31028,31038,10
12.9947595596,80.2171707153,31038,31048,10
12.995010376,80.2170028687,31048,31059,11
12.9955596924,80.2167205811,31059,31069,10
12.9961204529,80.216583252,31069,31079,10
12.9964599609,80.216506958,31079,31089,10
12.9967603683,80.2164764404,31089,31099,10
12.9971599579,80.2164382935,31099,31109,10
12.997469902,80.2161636353,31109,31119,10
12.9976196289,80.2160491943,31119,31129,10
12.9976596832,80.216003418,31129,31139,10
12.9979696274,80.2157211304,31139,31149,10
12.9984903336,80.2152633667,31149,31160,11
12.9990901947,80.2147598267,31160,31170,10
12.9993095398,80.2145614624,31170,31180,10
12.9997396469,80.2142028809,31180,31190,10
13.0001096725,80.2138824463,31190,31200,10
13.00041008,80.2136306763,31200,31210,10
13.0007400513,80.2133178711,31210,31220,10
13.0010700226,80.2130432129,31220,31230,10
13.0014801025,80.2127304077,31230,31240,10
13.0019798279,80.2123718262,31240,31250,10
13.0023498535,80.2121734619,31250,31261,11
13.0027599335,80.212059021,31261,31271,10
13.0031700134,80.212020874,31271,31281,10
13.0036697388,80.2118911743,31281,31291,10
13.0036802292,80.2117462158,31291,31301,10
13.0036802292,80.2114562988,31301,31311,10
13.003660202,80.2108383179,31311,31321,10
13.0035495758,80.2100601196,31321,31331,10
13.003569603,80.2092590332,31331,31341,10
13.0039596558,80.2086105347,31341,31351,10
13.0048599243,80.2089996338,31351,31361,10
13.0058403015,80.2093963623,31361,31372,11
13.0066604614,80.2096786499,31372,31382,10
13.0071201324,80.209777832,31382,31412,30
13.0071201324,80.209777832,31412,31422,10
13.0073604584,80.209777832,31422,31432,10
13.007610321,80.2098388672,31432,31442,10
13.0079498291,80.2099227905,31442,31452,10
13.0082101822,80.2098083496,31452,31462,10
13.0080604553,80.2091522217,31462,31473,11
13.007900238,80.208190918,31473,31483,10
13.0077800751,80.2073669434,31483,31493,10
13.0076599121,80.206741333,31493,31503,10
13.0075502396,80.2059631348,31503,31513,10
13.0075397491,80.2051696777,31513,31523,10
13.0075397491,80.2044906616,31523,31533,10
13.0074796677,80.2037963867,31533,31543,10
13.0073204041,80.202911377,31543,31553,10
13.0066995621,80.2025909424,31553,31563,10
13.0067195892,80.2033004761,31563,31573,10
13.0074195862,80.2036514282,31573,31584,11
13.0085296631,80.2036972046,31584,31594,10
13.0098896027,80.20362854,31594,31604,10
13.0112895966,80.2036819458,31604,31614,10
13.0125799179,80.2039031982,31614,31624,10
13.0136604309,80.2042388916,31624,31691,67
13.0136604309,80.2042388916,31691,31703,12
13.0136804581,80.204460144,31703,31713,10
13.0136404037,80.2046127319,31713,31723,10
13.0135498047,80.2048110962,31723,31733,10
13.0133695602,80.205406189,31733,31743,10
13.013130188,80.2063369751,31743,31753,10
13.0130395889,80.2073364258,31753,31763,10
13.0129404068,80.2079162598,31763,31773,10
13.0129098892,80.2083129883,31773,31783,10
13.0129404068,80.2086410522,31783,31793,10
13.0130195618,80.209197998,31793,31803,10
13.0132198334,80.2098464966,31803,31814,11
13.013130188,80.2105789185,31814,31824,10
13.0128202438,80.2114334106,31824,31834,10
13.0123996735,80.2120895386,31834,31844,10
13.0120296478,80.212562561,31844,31854,10
13.0118103027,80.2127380371,31854,31864,10
13.0114898682,80.2125473022,31864,31874,10
13.0109300613,80.2121582031,31874,31884,10
13.0105695724,80.2119293213,31884,31895,11
13.0105304718,80.2118988037,31895,31905,10
13.0103302002,80.2117385864,31905,31925,20
13.0103302002,80.2117385864,31925,31935,10
13.0097799301,80.2113571167,31935,32571,636
13.0095100403,80.2110900879,32571,32763,192
13.0095100403,80.2110900879,32763,32773,10
13.0094203949,80.2110595703,32773,32783,10
13.0093097687,80.2110977173,32783,32793,10
13.00922966,80.2112426758,32793,32803,10
13.0091104507,80.2114334106,32803,32823,20
13.0091104507,80.2114334106,32823,32834,11
13.0091495514,80.2118835449,32834,32844,10
13.0092000961,80.2120666504,32844,32854,10
13.0092601776,80.2123031616,32854,32864,10
13.0093603134,80.2126693726,32864,32874,10
13.0095396042,80.2131729126,32874,32884,10
13.009759903,80.2136993408,32884,32894,10
13.0099802017,80.2142181396,32894,32904,10
13.0101699829,80.2148513794,32904,32914,10
13.0102796555,80.2156524658,32914,32924,10
13.0106401443,80.216506958,32924,32935,11
13.0111103058,80.2175216675,32935,32945,10
13.0114803314,80.2184829712,32945,32955,10
13.0118103027,80.2194595337,32955,32965,10
13.0121002197,80.2203979492,32965,32975,10
13.0123701096,80.2212219238,32975,32985,10
13.0125398636,80.2216567993,32985,32995,10
13.0128202438,80.2221298218,32995,33005,10
13.0132398605,80.2225799561,33005,33015,10
13.0136899948,80.2230529785,33015,33025,10
13.0139904022,80.2233734131,33025,33035,10
13.0142202377,80.2237167358,33035,33046,11
13.0146102905,80.2242431641,33046,33056,10
13.0150995255,80.2247924805,33056,33065,9
13.0154495239,80.2252578735,33065,33096,31
13.0154495239,80.2252578735,33096,33106,10
13.0154600143,80.2255706787,33106,33116,10
13.0151395798,80.2258605957,33116,33126,10
13.0144796371,80.2261199951,33126,33136,10
13.0136995316,80.2264480591,33136,33147,11
13.0127601624,80.2267990112,33147,33157,10
13.0118598938,80.2271728516,33157,33167,10
13.0109300613,80.2275466919,33167,33177,10
13.0100603104,80.2278823853,33177,33187,10
13.0095596313,80.2276763916,33187,33197,10
13.0097198486,80.2271881104,33197,33207,10
13.0100002289,80.2265396118,33207,33217,10
13.0102500916,80.2258987427,33217,33227,10
13.0104999542,80.2253036499,33227,33237,10
13.0106697083,80.2249221802,33237,33248,11
13.0108699799,80.2244415283,33248,33258,10
13.0110902786,80.2238464355,33258,33268,10
13.011300087,80.2233276367,33268,33278,10
13.0110902786,80.2230606079,33278,33288,10
13.0105400085,80.2228088379,33288,33298,10
13.0098896027,80.2224197388,33298,33308,10
13.0093002319,80.2221374512,33308,33317,9
13.0090198517,80.2220077515,33317,33328,11
13.0089797974,80.2219772339,33328,33338,10
13.0088996887,80.2219009399,33338,33348,10
13.0085802078,80.2217178345,33348,33359,11
13.008020401,80.2214126587,33359,33369,10
13.0074195862,80.2210464478,33369,33379,10
13.0067396164,80.2207489014,33379,33389,10
13.0058603287,80.2205429077,33389,33399,10
13.0050201416,80.2203598022,33399,33409,10
13.0044403076,80.2202072144,33409,33419,10
13.003660202,80.2200393677,33419,33429,10
13.0031099319,80.2199172974,33429,33439,10
13.0024795532,80.2194976807,33439,33449,10
13.0019598007,80.2189788818,33449,33460,11
13.0012998581,80.2183685303,33460,33470,10
13.0005998611,80.217918396,33470,33480,10
12.9998598099,80.2174530029,33480,33490,10
12.9990301132,80.2170028687,33490,33500,10
12.9981298447,80.2166213989,33500,33510,10
12.9974098206,80.2165222168,33510,33520,10
12.9968004227,80.2165679932,33520,33530,10
12.9966096878,80.2165908813,33530,33540,10
12.9963998795,80.2166366577,33540,33550,10
12.9958896637,80.2167663574,33550,33561,11
12.9951601028,80.217086792,33561,33571,10
12.9944801331,80.2175369263,33571,33581,10
12.9939498901,80.2178878784,33581,33591,10
12.9934997559,80.2182235718,33591,33601,10
12.9928598404,80.2186813354,33601,33611,10
12.9922103882,80.2191619873,33611,33621,10
12.9914903641,80.2196731567,33621,33631,10
12.9907598495,80.2202529907,33631,33651,20
12.9907598495,80.2202529907,33651,33661,10
12.9905500412,80.2203979492,33661,33672,11
12.9901504517,80.2207717896,33672,33682,10
12.9896402359,80.2213134766,33682,33692,10
12.9892597198,80.2218704224,33692,33702,10
12.9886903763,80.222442627,33702,33712,10
12.9880399704,80.2229690552,33712,33722,10
12.9876499176,80.2230682373,33722,33732,10
12.9876403809,80.2230682373,33732,33742,10
12.9874200821,80.2230987549,33742,33752,10
12.9870195389,80.2230377197,33752,33762,10
12.9864797592,80.2229690552,33762,33773,11
12.9857797623,80.2230529785,33773,33783,10
12.9854097366,80.2232589722,33783,33793,10
12.984869957,80.2231292725,33793,33803,10
12.9843101501,80.2228164673,33803,33813,10
12.9836902618,80.2224884033,33813,33823,10
12.9830198288,80.2220230103,33823,33853,30
12.9830198288,80.2220230103,33853,33863,10
12.9828395844,80.2219085693,33863,33873,10
12.9824800491,80.2218017578,33873,33883,10
12.9819898605,80.2215270996,33883,33894,11
12.9813699722,80.221206665,33894,33904,10
12.9809598923,80.2211227417,33904,33914,10
12.9802999496,80.2211380005,33914,33924,10
12.9797201157,80.2211608887,33924,33934,10
12.9795503616,80.2211608887,33934,33944,10
12.9794101715,80.2211608887,33944,33954,10
12.9790697098,80.2211685181,33954,33964,10
12.9786100388,80.2211990356,33964,33974,10
12.97797966,80.2211990356,33974,33985,11
12.9771900177,80.2212600708,33985,33995,10
12.9765195847,80.2212677002,33995,34005,10
12.976269722,80.2212677002,34005,34015,10
12.976269722,80.221572876,34015,34045,30
12.976269722,80.221572876,34045,34055,10
12.9763298035,80.2216491699,34055,34065,10
12.9764699936,80.2218780518,34065,34075,10
12.9765996933,80.2221984863,34075,34085,10
12.9768400192,80.2226333618,34085,34102,17
12.977399826,80.2235565186,34102,34114,12
12.9778795242,80.224281311,34114,34124,10
12.9780397415,80.2245025635,34124,34134,10
12.9783096313,80.224937439,34134,34144,10
12.9785499573,80.2253494263,34144,34154,10
12.9785804749,80.2253799438,34154,34164,10
12.9787302017,80.2256469727,34164,34174,10
12.9790000916,80.2261123657,34174,34184,10
12.9792604446,80.2265701294,34184,34195,11
12.979640007,80.227180481,34195,34205,10
12.9800395966,80.2278366089,34205,34215,10
12.9804801941,80.2285766602,34215,34225,10
12.9808397293,80.2292022705,34225,34235,10
12.981010437,80.2294998169,34235,34245,10
12.9813098907,80.2299499512,34245,34255,10
12.9817399979,80.2306137085,34255,34275,20
12.9817399979,80.2306137085,34275,34285,10
12.9818601608,80.2309036255,34285,34296,11
12.9819803238,80.2313995361,34296,34306,10
12.9820404053,80.2320709229,34306,34316,10
12.9819898605,80.2326431274,34316,34326,10
12.9816303253,80.2335586548,34326,34346,20
12.9816303253,80.2335586548,34346,34356,10
12.9816198349,80.2336196899,34356,34366,10
12.9814395905,80.2340087891,34366,34376,10
12.981300354,80.2347106934,34376,34386,10
12.981300354,80.2355880737,34386,34396,10
12.9813299179,80.2365722656,34396,34407,11
12.9813404083,80.237411499,34407,34417,10
12.9813604355,80.2377090454,34417,34427,10
12.9813699722,80.2381210327,34427,34437,10
12.9813804626,80.238861084,34437,34457,20
12.9813804626,80.238861084,34457,34467,10
12.9813804626,80.2390365601,34467,34477,10
12.9813804626,80.2394790649,34477,34487,10
12.9813995361,80.2399215698,34487,34497,10
12.9813899994,80.2405929565,34497,34508,11
12.9813995361,80.2414779663,34508,34518,10
12.9813899994,80.2423019409,34518,34528,10
12.9814395905,80.243019104,34528,34548,20
12.9814395905,80.243019104,34548,34558,10
12.9814395905,80.2431488037,34558,34568,10
12.9814300537,80.2435531616,34568,34578,10
12.9813203812,80.2441635132,34578,34588,10
12.9812097549,80.2449493408,34588,34598,10
12.9811096191,80.2458724976,34598,34608,10
12.9809999466,80.2469100952,34608,34619,11
12.9808998108,80.2481079102,34619,34629,10
12.9808101654,80.2492523193,34629,34639,10
12.9806203842,80.2503433228,34639,34649,10
12.9803800583,80.2512588501,34649,34659,10
12.9801902771,80.2519989014,34659,34669,10
12.9799699783,80.2525787354,34669,34730,61
12.9799699783,80.2525787354,34730,34740,10
12.9798002243,80.2528076172,34740,34750,10
12.9787797928,80.2526397705,34750,34770,20
12.9787797928,80.2526397705,34770,34780,10
12.9785499573,80.2524871826,34780,34790,10
12.9780597687,80.2521362305,34790,34800,10
12.9774198532,80.2516021729,34800,34810,10
12.9764099121,80.2512283325,34810,34821,11
12.975110054,80.2508621216,34821,34831,10
12.9738702774,80.2505187988,34831,34841,10
12.972530365,80.2501831055,34841,34871,30
12.972530365,80.2501831055,34871,34881,10
12.9724998474,80.2501678467,34881,34891,10
12.9721002579,80.2500305176,34891,34901,10
12.9714097977,80.2498397827,34901,34911,10
12.9705295563,80.2496185303,34911,34921,10
12.9695100784,80.2492599487,34921,34932,11
12.9682598114,80.2488021851,34932,34941,9
12.9673204422,80.2483901978,34941,34952,11
12.9665298462,80.2479782104,34952,34962,10
12.9658002853,80.2476730347,34962,34972,10
12.9652004242,80.2474899292,34972,34992,20
12.9652004242,80.2474899292,34992,35002,10
12.9649200439,80.2473678589,35002,35012,10
12.9643697739,80.2471466064,35012,35022,10
12.9637002945,80.2468795776,35022,35033,11
12.9629602432,80.2464981079,35033,35043,10
12.9620800018,80.2460708618,35043,35053,10
12.9610795975,80.2455825806,35053,35063,10
12.9601697922,80.2452011108,35063,35073,10
12.9594297409,80.2449188232,35073,35093,20
12.9594297409,80.2449188232,35093,35103,10
12.9590997696,80.244758606,35103,35113,10
12.9585800171,80.2445297241,35113,35123,10
12.9579401016,80.2442626953,35123,35134,11
12.9571504593,80.2440032959,35134,35144,10
12.9567203522,80.2438583374,35144,35204,60
12.9567203522,80.2438583374,35204,35214,10
12.9563503265,80.2437515259,35214,35224,10
12.9559602737,80.2435379028,35224,35234,10
12.9553003311,80.2431564331,35234,35245,11
12.9545001984,80.2427825928,35245,35255,10
12.9536800385,80.24243927,35255,35265,10
12.9528198242,80.2421035767,35265,35275,10
12.9520902634,80.2418365479,35275,35285,10
12.9518995285,80.2417678833,35285,35295,10
12.9516401291,80.2416610718,35295,35305,10
12.9510002136,80.2414398193,35305,35315,10
12.9500999451,80.2411575317,35315,35325,10
12.9491796494,80.2409210205,35325,35335,10
12.948220253,80.2404937744,35335,35346,11
12.9472103119,80.2400512695,35346,35356,10
12.946680069,80.2398834229,35356,35366,10
12.9466199875,80.2398529053,35366,35376,10
12.9461402893,80.2396621704,35376,35386,10
12.9454202652,80.2393188477,35386,35396,10
12.9447097778,80.2386474609,35396,35406,10
12.9439897537,80.2378768921,35406,35416,10
12.9434499741,80.2372970581,35416,35426,10
12.9433097839,80.2371368408,35426,35436,10
12.9430398941,80.2368774414,35436,35447,11
12.9423103333,80.2365036011,35447,35457,10
12.9413404465,80.2362365723,35457,35467,10
12.940369606,80.2359771729,35467,35477,10
12.9398202896,80.2358169556,35477,35487,10
12.9397096634,80.235748291,35487,35497,10
12.9392995834,80.2355270386,35497,35507,10
12.9386100769,80.235168457,35507,35517,10
12.9377002716,80.2347183228,35517,35527,10
12.9367103577,80.2342529297,35527,35537,10
12.9357795715,80.2338409424,35537,35553,16
12.9342603683,80.2332000732,35553,35566,13
12.9339504242,80.2330474854,35566,35576,10
12.9337997437,80.232963562,35576,35586,10
12.9330997467,80.2326583862,35586,35596,10
12.9322299957,80.2323608398,35596,35606,10
12.9311304092,80.2319869995,35606,35616,10
12.929980278,80.2316513062,35616,35625,9
12.9289903641,80.2314224243,35625,35636,11
12.9278402328,80.2312164307,35636,35646,10
12.9268398285,80.231086731,35646,35655,9
12.9265098572,80.2310562134,35655,35667,12
12.9263401031,80.2310333252,35667,35677,10
12.925740242,80.2309494019,35677,35687,10
12.9250602722,80.2308731079,35687,35697,10
12.9243097305,80.2307662964,35697,35707,10
12.9233198166,80.2306289673,35707,35717,10
12.9221000671,80.2304534912,35717,35727,10
12.9207401276,80.2302932739,35727,35737,10
12.9197301865,80.2301712036,35737,35747,10
12.9195899963,80.2301635742,35747,35757,10
12.9191398621,80.2301101685,35757,35768,11
12.9182395935,80.2300109863,35768,35778,10
12.917140007,80.229850769,35778,35788,10
12.9158802032,80.2296524048,35788,35798,10
12.9145402908,80.2294692993,35798,35808,10
12.9135704041,80.2293395996,35808,35818,10
12.9134302139,80.2293167114,35818,35828,10
12.9130296707,80.2292404175,35828,35838,10
12.9122200012,80.2291030884,35838,35848,10
12.9111003876,80.2289505005,35848,35858,10
12.9098396301,80.228767395,35858,35868,10
12.9088602066,80.2285995483,35868,35879,11
12.9084501266,80.2285232544,35879,35899,20
12.9084501266,80.2285232544,35899,35909,10
12.9082803726,80.2284698486,35909,35919,10
12.9077596664,80.2284088135,35919,35929,10
12.9073495865,80.2283401489,35929,35939,10
12.9067201614,80.2283096313,35939,35949,10
12.9062099457,80.2282562256,35949,35959,10
12.9060096741,80.2282485962,35959,35969,10
12.9056596756,80.2282409668,35969,35980,11
12.9047603607,80.2282028198,35980,35990,10
12.9036598206,80.2281417847,35990,36000,10
12.9029197693,80.2280883789,36000,36010,10
12.902469635,80.2280578613,36010,36020,10
12.9020700455,80.2280426025,36020,36030,10
12.901720047,80.2279815674,36030,36060,30
12.901720047,80.2279815674,36060,36070,10
12.90102005,80.2279663086,36070,36099,29
12.90102005,80.2279663086,36099,36109,10
12.9007396698,80.2279129028,36109,36119,10
12.900349617,80.2279205322,36119,36129,10
12.8998699188,80.2279205322,36129,36138,9
12.8993597031,80.2279434204,36138,36159,21
12.8993597031,80.2279434204,36159,36169,10
12.8991804123,80.2279815674,36169,36179,10
12.8989496231,80.2279510498,36179,36190,11
12.8988103867,80.2279434204,36190,36200,10
12.8982200623,80.2278366089,36200,36210,10
12.897359848,80.2277603149,36210,36220,10
12.8962898254,80.2276992798,36220,36230,10
12.8951396942,80.2276535034,36230,36240,10
12.8933401108,80.2275466919,36240,36260,20
12.8933401108,80.2275466919,36260,36270,10
12.8929700851,80.2275009155,36270,36280,10
12.8925800323,80.2274398804,36280,36291,11
12.8924999237,80.227432251,36291,36301,10
12.8921003342,80.2274169922,36301,36311,10
12.8913297653,80.2274093628,36311,36321,10
12.8902597427,80.2274169922,36321,36331,10
12.8891601563,80.227432251,36331,36341,10
12.8884401321,80.2274169922,36341,36351,10
12.8883800507,80.2274017334,36351,36361,10
12.8879404068,80.2273635864,36361,36371,10
12.8872203827,80.2272491455,36371,36381,10
12.8862800598,80.2270431519,36381,36392,11
12.8852300644,80.2267913818,36392,36402,10
12.8843297958,80.2267227173,36402,36412,10
12.8831501007,80.2267074585,36412,36422,10
12.8817901611,80.2267379761,36422,36432,10
12.8803796768,80.2267608643,36432,36442,10
12.8791103363,80.2267913818,36442,36452,10
12.8780498505,80.2268676758,36452,36462,10
12.8776597977,80.226890564,36462,36472,10
12.8776397705,80.226890564,36472,36482,10
12.8775501251,80.2268829346,36482,36492,10
12.8774499893,80.226890564,36492,36503,11
12.8771600723,80.2269134521,36503,36513,10
12.8771495819,80.2269134521,36513,36523,10
12.876999855,80.2269210815,36523,36533,10
12.8767995834,80.2269592285,36533,36543,10
12.8767204285,80.2269668579,36543,36553,10
12.8765096664,80.2269363403,36553,36563,10
12.8764400482,80.2266616821,36563,36573,10
12.8764400482,80.2265625,36573,36583,10
12.876449585,80.2264785767,36583,36593,10
12.8765201569,80.225982666,36593,36604,11
12.8766098022,80.2250823975,36604,36614,10
12.8767204285,80.2240982056,36614,36624,10
12.8770103455,80.2228317261,36624,36634,10
12.877289772,80.2216186523,36634,36644,10
12.8775596619,80.2204437256,36644,36654,10
12.8778400421,80.2192306519,36654,36664,10
12.8781099319,80.2180175781,36664,36674,10
12.8783397675,80.2168273926,36674,36684,10
12.8785800934,80.2156600952,36684,36694,10
12.8788299561,80.2144470215,36694,36704,10
12.8790597916,80.213218689,36704,36715,11
12.8793001175,80.2119903564,36715,36725,10
12.8794298172,80.2111206055,36725,36735,10
12.8790197372,80.2109069824,36735,36745,10
12.8789596558,80.2109069824,36745,36755,10
12.8785896301,80.2108535767,36755,36765,10
12.8779401779,80.2107391357,36765,36775,10
12.877240181,80.2106018066,36775,36785,10
12.8765497208,80.2104568481,36785,36795,10
12.8758001328,80.210319519,36795,36805,10
12.8751497269,80.2102432251,36805,36816,11
12.8744697571,80.2101211548,36816,36826,10
12.8744497299,80.2101211548,36826,36836,10
12.8743801117,80.2100372314,36836,36846,10
12.874420166,80.2097396851,36846,36856,10
12.8747301102,80.209602356,36856,36866,10
12.8746795654,80.209777832,36866,37260,394
12.8746795654,80.209777832,37260,37270,10
12.874710083,80.2100830078,37270,37280,10
12.8748102188,80.2102203369,37280,37289,9
12.8750400543,80.2102432251,37289,37300,11
12.8757696152,80.2103500366,37300,37310,10
12.8764200211,80.2104797363,37310,37320,10
12.8772201538,80.2106170654,37320,37330,10
12.8781995773,80.2108078003,37330,37341,11
12.8790998459,80.2109603882,37341,37351,10
12.8794002533,80.2110290527,37351,37361,10
12.8795204163,80.2113113403,37361,37371,10
12.8793802261,80.2120132446,37371,37381,10
12.8791704178,80.2130279541,37381,37391,10
12.8789196014,80.214302063,37391,37401,10
12.8786497116,80.2156524658,37401,37411,10
12.8783998489,80.2167892456,37411,37421,10
12.8782300949,80.217666626,37421,37431,10
12.878080368,80.218421936,37431,37441,10
12.8778295517,80.2194366455,37441,37452,11
12.8774995804,80.2208404541,37452,37462,10
12.8771896362,80.2222137451,37462,37472,10
12.8768701553,80.2236328125,37472,37482,10
12.8766498566,80.2250213623,37482,37492,10
12.8765001297,80.2261199951,37492,37502,10
12.876449585,80.2267303467,37502,37512,10
12.8764600754,80.2268600464,37512,37522,10
12.8765897751,80.2269210815,37522,37532,10
12.876709938,80.2268829346,37532,37542,10
12.877240181,80.2268295288,37542,37553,11
12.8782596588,80.2267379761,37553,37563,10
12.8795099258,80.2266693115,37563,37573,10
12.880900383,80.2266464233,37573,37583,10
12.8823604584,80.2266387939,37583,37593,10
12.8838100433,80.2266311646,37593,37603,10
12.8849697113,80.2266082764,37603,37613,10
12.8852500916,80.2266235352,37613,37623,10
12.8853197098,80.2266387939,37623,37633,10
12.8858203888,80.2267379761,37633,37643,10
12.886639595,80.2269592285,37643,37653,10
12.8876895905,80.2271575928,37653,37664,11
12.8886299133,80.2272262573,37664,37674,10
12.8887701035,80.2272415161,37674,37684,10
12.8893899918,80.2272415161,37684,37700,16
12.8910198212,80.2272720337,37700,37712,12
12.8921298981,80.2272720337,37712,37744,32
12.8921298981,80.2272720337,37744,37759,15
12.8931903839,80.2273712158,37759,37770,11
12.8940496445,80.2274398804,37770,37780,10
12.8941497803,80.2274475098,37780,37790,10
12.8946399689,80.2275009155,37790,37800,10
12.8955202103,80.2275466919,37800,37809,9
12.8964500427,80.2276000977,37809,37820,11
12.8980398178,80.2276916504,37820,37830,10
12.8991804123,80.2277603149,37830,37840,10
12.9001998901,80.2277679443,37840,37850,10
12.9006204605,80.2277679443,37850,37931,81
12.9006204605,80.2277679443,37931,37941,10
12.9007101059,80.2277679443,37941,37951,10
12.9011602402,80.2278594971,37951,37968,17
12.9031400681,80.2279205322,37968,37990,22
12.9031400681,80.2279205322,37990,38000,10
12.9032001495,80.2279205322,38000,38010,10
12.9037103653,80.2279891968,38010,38019,9
12.9043998718,80.2280502319,38019,38040,21
12.9043998718,80.2280502319,38040,38050,10
12.9045295715,80.2280502319,38050,38060,10
12.9048995972,80.2281036377,38060,38070,10
12.9052495956,80.2280883789,38070,38081,11
12.9055099487,80.2281036377,38081,38091,10
12.9055299759,80.2281112671,38091,38101,10
12.9057798386,80.2281723022,38101,38111,10
12.9061403275,80.2281723022,38111,38121,10
12.9068202972,80.2282104492,38121,38131,10
12.9070100784,80.2282104492,38131,38141,10
12.9074897766,80.2282714844,38141,38151,10
12.9083595276,80.2284088135,38151,38161,10
12.9095401764,80.2286224365,38161,38171,10
12.9108695984,80.2288513184,38171,38182,11
12.9124002457,80.229057312,38182,38192,10
12.9135599136,80.2291870117,38192,38202,10
12.9139499664,80.2292404175,38202,38212,10
12.914150238,80.2292785645,38212,38222,10
12.9147796631,80.2293701172,38222,38232,10
12.9156999588,80.2294998169,38232,38242,10
12.9168796539,80.2296600342,38242,38252,10
12.9181699753,80.2298583984,38252,38262,10
12.9190196991,80.2299423218,38262,38272,10
12.9192800522,80.2299804688,38272,38282,10
12.919719696,80.2300415039,38282,38293,11
12.9206199646,80.230140686,38293,38303,10
12.9217100143,80.2302932739,38303,38313,10
12.9229602814,80.2305221558,38313,38323,10
12.9243202209,80.2306976318,38323,38333,10
12.9256601334,80.2308425903,38333,38343,10
12.9264497757,80.2309036255,38343,38353,10
12.9266004562,80.2309188843,38353,38363,10
12.927189827,80.2309875488,38363,38373,10
12.9280395508,80.2311172485,38373,38383,10
12.9286203384,80.2312164307,38383,38394,11
12.9287595749,80.2312469482,38394,38404,10
12.9293003082,80.2313537598,38404,38414,10
12.930100441,80.2315292358,38414,38424,10
12.9311504364,80.2318267822,38424,38434,10
12.9323396683,80.2322006226,38434,38444,10
12.9334897995,80.2326202393,38444,38454,10
12.9336996078,80.2327194214,38454,38464,10
12.933839798,80.2328186035,38464,38474,10
12.9343700409,80.2330703735,38474,38484,10
12.9350795746,80.2333679199,38484,38494,10
12.9358701706,80.233757019,38494,38505,11
12.9366903305,80.2341537476,38505,38515,10
12.9376897812,80.2346191406,38515,38525,10
12.9388599396,80.2351837158,38525,38535,10
12.939740181,80.2356109619,38535,38545,10
12.9398202896,80.2356491089,38545,38555,10
12.9400901794,80.235748291,38555,38565,10
12.9407501221,80.2359695435,38565,38575,10
12.9416399002,80.2361907959,38575,38585,10
12.9427499771,80.2365493774,38585,38595,10
12.9436702728,80.2372589111,38595,38606,11
12.9439296722,80.2375030518,38606,38616,10
12.9440202713,80.2376174927,38616,38626,10
12.9443998337,80.238067627,38626,38636,10
12.9449996948,80.2387237549,38636,38646,10
12.9459495544,80.239402771,38646,38656,10
12.9470996857,80.2398605347,38656,38666,10
12.9474496841,80.2399902344,38666,38676,10
12.947640419,80.2400817871,38676,38686,10
12.9478998184,80.2402114868,38686,38696,10
12.9480695724,80.2402801514,38696,38707,11
12.9485797882,80.2405014038,38707,38717,10
12.9492998123,80.2407836914,38717,38727,10
12.9502000809,80.2410583496,38727,38737,10
12.9510002136,80.2412567139,38737,38747,10
12.9511203766,80.241317749,38747,38757,10
12.9516096115,80.2415008545,38757,38767,10
12.9524002075,80.2417831421,38767,38777,10
12.9532203674,80.2421112061,38777,38787,10
12.9536504745,80.2422790527,38787,38797,10
12.9541301727,80.242477417,38797,38807,10
12.9547300339,80.2427062988,38807,38818,11
12.955450058,80.2429580688,38818,38828,10
12.9563999176,80.243270874,38828,38848,20
12.9563999176,80.243270874,38848,38858,10
12.9565696716,80.2432937622,38858,38868,10
12.9571199417,80.2436218262,38868,38878,10
12.9578800201,80.2439727783,38878,38888,10
12.9586601257,80.2443237305,38888,38898,10
12.9591302872,80.2445068359,38898,38908,10
12.9591598511,80.2445678711,38908,38919,11
12.9596300125,80.2447814941,38919,38929,10
12.9604196548,80.2451400757,38929,38939,10
12.9614095688,80.2456207275,38939,38949,10
12.962389946,80.2461013794,38949,38959,10
12.9628601074,80.2463226318,38959,38969,10
12.9632797241,80.2465209961,38969,38979,10
12.9636096954,80.2466812134,38979,38989,10
12.9641103745,80.2469024658,38989,38999,10
12.9648799896,80.2471694946,38999,39009,10
12.9657201767,80.2474365234,39009,39019,10
12.9665603638,80.2477798462,39019,39030,11
12.9668703079,80.2479171753,39030,39046,16
12.9674596786,80.2482376099,39046,39058,12
12.9685497284,80.2486801147,39058,39068,10
12.9694595337,80.2490386963,39068,39078,10
12.9706602097,80.2494888306,39078,39087,9
12.9713602066,80.249710083,39087,39097,10
12.9723901749,80.2499694824,39097,39108,11
12.9736995697,80.2503204346,39108,39118,10
12.9743499756,80.25050354,39118,39130,12
12.9746303558,80.2506027222,39130,39140,10
12.9753799438,80.250831604,39140,39150,10
12.9764003754,80.251121521,39150,39161,11
12.9775800705,80.2516021729,39161,39171,10
12.9787397385,80.2524414063,39171,39181,10
12.9795303345,80.2525482178,39181,39191,10
12.9799699783,80.2522277832,39191,39211,20
12.9799699783,80.2522277832,39211,39221,10
12.9800395966,80.2518692017,39221,39231,10
12.9802703857,80.2511367798,39231,39242,11
12.9805803299,80.249961853,39242,39252,10
12.9807500839,80.2486190796,39252,39262,10
12.9808397293,80.2471694946,39262,39272,10
12.9809999466,80.2456588745,39272,39282,10
12.9811401367,80.2443084717,39282,39292,10
12.9812002182,80.2437973022,39292,39302,10
12.9813203812,80.243560791,39302,39312,10
12.9813499451,80.2431030273,39312,39322,10
12.9813699722,80.2429428101,39322,39332,10
12.9813804626,80.2425765991,39332,39343,11
12.9813699722,80.2417831421,39343,39353,10
12.9813604355,80.2409133911,39353,39363,10
12.9813404083,80.2400665283,39363,39373,10
12.9813203812,80.2396621704,39373,39389,16
12.981300354,80.2393417358,39389,39401,12
12.9812803268,80.2388381958,39401,39411,10
12.9812602997,80.2382507324,39411,39420,9
12.9812602997,80.237991333,39420,39431,11
12.9812498093,80.2373809814,39431,39441,10
12.9812202454,80.2364501953,39441,39452,11
12.9811897278,80.2351074219,39452,39462,10
12.9812898636,80.2340621948,39462,39472,10
12.9815797806,80.2334594727,39472,39483,11
12.9816198349,80.2333908081,39483,39493,10
12.9817399979,80.2331314087,39493,39503,10
12.9819602966,80.2325668335,39503,39513,10
12.9819898605,80.2321014404,39513,39523,10
12.9819202423,80.2313232422,39523,39533,10
12.9816999435,80.2307128906,39533,39543,10
12.9812803268,80.2300186157,39543,39554,11
12.9809703827,80.2295227051,39554,39564,10
12.9807796478,80.2291412354,39564,39574,10
12.9806804657,80.2290115356,39574,39584,10
12.980629921,80.2289428711,39584,39594,10
12.9803304672,80.2284393311,39594,39604,10
12.9800701141,80.2279891968,39604,39614,10
12.9796800613,80.2273712158,39614,39624,10
12.9792804718,80.2267074585,39624,39634,10
12.978770256,80.2258377075,39634,39644,10
12.9782304764,80.2249832153,39644,39655,11
12.9779901505,80.2246322632,39655,39665,10
12.9777698517,80.2243728638,39665,39675,10
12.9775495529,80.2239608765,39675,39685,10
12.9772500992,80.223449707,39685,39695,10
12.9769802094,80.2230300903,39695,39705,10
12.9770402908,80.2227478027,39705,39715,10
12.9770803452,80.2227325439,39715,39725,10
12.9774599075,80.2226715088,39725,39735,10
12.9775104523,80.2222213745,39735,39745,10
12.9774799347,80.2215576172,39745,39755,10
12.9774599075,80.2214431763,39755,39766,11
12.9776601791,80.2212219238,39766,39776,10
12.9782896042,80.2211837769,39776,39786,10
12.9791898727,80.2211227417,39786,39796,10
12.9802398682,80.2210464478,39796,39806,10
12.9811000824,80.2210388184,39806,39816,10
12.9816598892,80.2213592529,39816,39826,10
12.9819097519,80.2215194702,39826,39836,10
12.9822397232,80.2217025757,39836,39846,10
12.9826002121,80.2218017578,39846,39856,10
12.9828395844,80.2218780518,39856,39867,11
12.9829397202,80.2219161987,39867,39877,10
12.9833898544,80.2221908569,39877,39887,10
12.9838495255,80.2224884033,39887,39897,10
12.9840803146,80.2226409912,39897,39907,10
12.9846496582,80.2229995728,39907,39917,10
12.9852895737,80.2232818604,39917,39933,16
12.9859895706,80.2229614258,39933,39945,12
12.9864902496,80.2229614258,39945,39955,10
12.9868602753,80.2229919434,39955,39965,10
12.9875001907,80.2230606079,39965,39976,11
12.9883403778,80.2226409912,39976,39986,10
12.9890098572,80.2219467163,39986,39996,10
12.9896001816,80.2212295532,39996,40005,9
12.9901800156,80.2205810547,40005,40016,11
12.9908504486,80.2200393677,40016,40025,9
12.9910697937,80.2198791504,40025,40036,11
12.9913597107,80.2196426392,40036,40046,10
12.9917697906,80.219329834,40046,40056,10
12.9923696518,80.2188796997,40056,40066,10
12.9931697845,80.2183303833,40066,40077,11
12.9939699173,80.2177734375,40077,40087,10
12.9944801331,80.2173995972,40087,40097,10
12.9947395325,80.2172088623,40097,40107,10
12.9950799942,80.2170028687,40107,40117,10
12.9957103729,80.2166900635,40117,40127,10
12.9965200424,80.2165374756,40127,40137,10
12.9971199036,80.2164535522,40137,40147,10
12.9974803925,80.2161636353,40147,40157,10
12.9976196289,80.2160491943,40157,40167,10
12.9980401993,80.215713501,40167,40178,11
12.9987602234,80.2150802612,40178,40188,10
12.9991798401,80.2147064209,40188,40198,10
12.9995698929,80.2143783569,40198,40208,10
13.0000696182,80.2139434814,40208,40218,10
13.0005302429,80.2135314941,40218,40228,10
13.0012702942,80.2129211426,40228,40238,10
13.001540184,80.2126998901,40238,40248,10
13.0017700195,80.2125396729,40248,40258,10
13.0022096634,80.2122802734,40258,40268,10
13.0024900436,80.2121429443,40268,40279,11
13.0029802322,80.2120819092,40279,40289,10
13.0035295486,80.2119903564,40289,40299,10
13.003660202,80.2114562988,40299,40309,10
13.0036096573,80.2106781006,40309,40319,10
13.0034999847,80.2098617554,40319,40329,10
13.0036096573,80.2089691162,40329,40339,10
13.0043001175,80.2087402344,40339,40349,10
13.0051498413,80.2091064453,40349,40359,10
13.0055198669,80.2092666626,40359,40369,10
13.0057601929,80.2093429565,40369,40379,10
13.0058803558,80.2093887329,40379,40390,11
13.0062799454,80.2095489502,40390,40400,10
13.0065498352,80.2096328735,40400,40410,10
13.007519722,80.2097930908,40410,40440,30
13.007519722,80.2097930908,40440,40450,10
13.0078802109,80.2098922729,40450,40460,10
13.0081796646,80.2099304199,40460,40470,10
13.008099556,80.2093811035,40470,40480,10
13.0079298019,80.2084884644,40480,40491,11
13.0077104568,80.2071228027,40491,40501,10
13.0075302124,80.2058792114,40501,40511,10
13.0075101852,80.2048492432,40511,40521,10
13.0074701309,80.2037734985,40521,40531,10
13.0072402954,80.2027511597,40531,40540,9
13.0065803528,80.2026977539,40540,40551,11
13.0069198608,80.2034606934,40551,40561,10
13.0078496933,80.203742981,40561,40571,10
13.0090904236,80.2036819458,40571,40581,10
13.0103397369,80.2036437988,40581,40591,10
13.0115804672,80.2037200928,40591,40602,11
13.0128803253,80.2039489746,40602,40612,10
13.0134096146,80.2041320801,40612,40622,10
13.0136404037,80.204208374,40622,40662,40
13.0136404037,80.204208374,40662,40672,10
13.0137195587,80.2044830322,40672,40682,10
13.0136203766,80.2046813965,40682,40692,10
13.0135202408,80.2048492432,40692,40703,11
13.0132799149,80.2055511475,40703,40713,10
13.0130701065,80.2062911987,40713,40723,10
13.0130195618,80.20703125,40723,40733,10
13.0129699707,80.2075576782,40733,40743,10
13.0129203796,80.207862854,40743,40753,10
13.0129003525,80.2084274292,40753,40763,10
13.0129299164,80.2087097168,40763,40773,10
13.0130701065,80.2093429565,40773,40783,10
13.0131797791,80.2099685669,40783,40793,10
13.0130796432,80.2107162476,40793,40803,10
13.0127601624,80.21144104,40803,40814,11
13.0123500824,80.2121429443,40814,40824,10
13.0119895935,80.2126617432,40824,40834,10
13.0117902756,80.2128219604,40834,40844,10
13.0114898682,80.2125930786,40844,40854,10
13.0109195709,80.2122192383,40854,40864,10
13.0104198456,80.2118530273,40864,40874,10
13.0101299286,80.2116165161,40874,40955,81
13.0098495483,80.2114028931,40955,41298,343
13.0095701218,80.2112808228,41298,41821,523
13.0095701218,80.2112808228,41821,41831,10
13.00922966,80.2111816406,41831,41841,10
13.0090398788,80.2114868164,41841,41872,31
13.0090398788,80.2114868164,41872,41882,10
13.0090799332,80.2118835449,41882,41902,20
13.0090799332,80.2118835449,41902,41912,10
13.0091600418,80.2121582031,41912,41922,10
13.00922966,80.2123413086,41922,41932,10
13.0092802048,80.2125320435,41932,41942,10
13.0093803406,80.2127990723,41942,41952,10
13.0095701218,80.2133026123,41952,41963,11
13.0099000931,80.2140808105,41963,41973,10
13.0101604462,80.2148666382,41973,41983,10
13.0103397369,80.2158584595,41983,41993,10
13.0107898712,80.2169036865,41993,42003,10
13.0112895966,80.2180023193,42003,42013,10
13.0117101669,80.2191085815,42013,42023,10
13.0121202469,80.2202682495,42023,42032,9
13.0124702454,80.2211380005,42032,42044,12
13.0129003525,80.2218475342,42044,42054,10
13.0133695602,80.222328186,42054,42065,11
13.0137996674,80.2229766846,42065,42075,10
13.0140800476,80.2235183716,42075,42085,10
13.01445961,80.2240829468,42085,42095,10
13.0149497986,80.2246170044,42095,42105,10
13.0150604248,80.2246780396,42105,42115,10
13.0153598785,80.2250289917,42115,42125,10
13.0154495239,80.2255783081,42125,42135,10
13.0148696899,80.2259597778,42135,42145,10
13.0140399933,80.2263031006,42145,42155,10
13.0132398605,80.2266082764,42155,42166,11
13.0122995377,80.2269973755,42166,42176,10
13.0114097595,80.2273712158,42176,42186,10
13.0103702545,80.2277908325,42186,42196,10
13.0095701218,80.2278823853,42196,42206,10
13.0095596313,80.2274398804,42206,42216,10
13.0098600388,80.2268371582,42216,42226,10
13.010219574,80.2259521484,42226,42236,10
13.0106401443,80.2250137329,42236,42246,10
13.0109701157,80.2242736816,42246,42256,10
13.0112800598,80.2234725952,42256,42266,10
13.0109500885,80.2230682373,42266,42277,11
13.010140419,80.2226715088,42277,42287,10
13.0094995499,80.2223129272,42287,42297,10
13.0087604523,80.2218933105,42297,42307,10
13.0079898834,80.2214736938,42307,42317,10
13.0072603226,80.2211227417,42317,42327,10
13.0065097809,80.2208404541,42327,42337,10
13.0055999756,80.2205810547,42337,42347,10
13.0047702789,80.2203063965,42347,42357,10
13.0039100647,80.2201309204,42357,42367,10
13.0029697418,80.219871521,42367,42378,11
13.0022201538,80.2193374634,42378,42388,10
13.0017004013,80.2188186646,42388,42398,10
13.0010900497,80.2183685303,42398,42408,10
13.0005397797,80.2179718018,42408,42418,10
12.9999303818,80.2176132202,42418,42428,10
12.9991703033,80.2171936035,42428,42438,10
12.9983501434,80.2167663574,42438,42448,10
12.9973602295,80.2165908813,42448,42468,20
12.9973602295,80.2165908813,42468,42479,11
12.997179985,80.2165603638,42479,42489,10
12.9968204498,80.2165908813,42489,42499,10
12.9961595535,80.2166900635,42499,42509,10
12.9954099655,80.2169189453,42509,42519,10
12.9949502945,80.2171783447,42519,42529,10
12.9946403503,80.2173995972,42529,42539,10
12.9941396713,80.2177581787,42539,42549,10
12.993519783,80.2181777954,42549,42559,10
12.9928302765,80.2186737061,42559,42569,10
12.9920396805,80.2192611694,42569,42579,10
12.9912996292,80.2198104858,42579,42590,11
12.9905099869,80.220413208,42590,42600,10
12.9898500443,80.2209777832,42600,42610,10
12.9892396927,80.2217636108,42610,42620,10
12.9887104034,80.2223434448,42620,42630,10
12.9882698059,80.2227478027,42630,42640,10
12.9880895615,80.2228775024,42640,42650,10
12.9878997803,80.2229995728,42650,42660,10
12.9876804352,80.2231063843,42660,42670,10
12.9875001907,80.2231216431,42670,42691,21
12.9875001907,80.2231216431,42691,42701,10
12.9872999191,80.2230987549,42701,42711,10
12.9868898392,80.2230529785,42711,42721,10
12.9861297607,80.2230377197,42721,42731,10
12.9855003357,80.2233200073,42731,42741,10
12.9848003387,80.2231521606,42741,42751,10
12.9840803146,80.2227783203,42751,42761,10
12.9837598801,80.2225799561,42761,42771,10
12.9834003448,80.2224121094,42771,42781,10
12.9831695557,80.2222213745,42781,42791,10
12.9831399918,80.2221603394,42791,42802,11
12.9828796387,80.2220077515,42802,42812,10
12.9827299118,80.2219161987,42812,42822,10
12.982170105,80.2217330933,42822,42832,10
12.9813995361,80.2213516235,42832,42842,10
12.980799675,80.2211914063,42842,42852,10
12.9804801941,80.2211380005,42852,42862,10
12.9800901413,80.2211380005,42862,42872,10
12.9793195724,80.2211837769,42872,42882,10
12.97838974,80.2212219238,42882,42892,10
12.9777402878,80.2212677002,42892,42903,11
12.9772100449,80.2213134766,42903,42913,10
12.9766998291,80.2212905884,42913,42923,10
12.9763097763,80.2212905884,42923,42933,10
12.9762601852,80.2215805054,42933,42943,10
12.9762802124,80.2216186523,42943,42953,10
12.9763202667,80.2217483521,42953,42963,10
12.9764995575,80.2220993042,42963,42973,10
12.976650238,80.2223205566,42973,42983,10
12.9767198563,80.2224197388,42983,42993,10
12.9769001007,80.2227172852,42993,43004,11
12.9772596359,80.2233276367,43004,43014,10
12.977689743,80.2239990234,43014,43024,10
12.9780101776,80.2245101929,43024,43034,10
12.9783401489,80.2250595093,43034,43044,10
12.9787101746,80.2256622314,43044,43054,10
12.9791498184,80.2264175415,43054,43064,10
12.9795398712,80.2270584106,43064,43074,10
12.9799699783,80.2277374268,43074,43084,10
12.9803104401,80.2283172607,43084,43094,10
12.9806900024,80.2289810181,43094,43104,10
12.9809103012,80.2293395996,43104,43115,11
12.9812898636,80.2299423218,43115,43131,16
12.9816799164,80.2305221558,43131,43143,12
12.9818401337,80.2308578491,43143,43153,10
12.9819698334,80.2313919067,43153,43162,9
12.9820299149,80.232170105,43162,43173,11
12.981880188,80.2329177856,43173,43182,9
12.9816398621,80.2334671021,43182,43193,11
12.981590271,80.2335968018,43193,43203,10
12.9813804626,80.2340316772,43203,43214,11
12.9812202454,80.2349014282,43214,43224,10
12.9812498093,80.2358169556,43224,43234,10
12.9812803268,80.2368011475,43234,43244,10
12.9813098907,80.2378005981,43244,43254,10
12.9813299179,80.2386703491,43254,43284,30
12.9813299179,80.2386703491,43284,43294,10
12.9813203812,80.2390594482,43294,43304,10
12.9813404083,80.2398071289,43304,43314,10
12.9813404083,80.2408218384,43314,43325,11
12.9813499451,80.2419891357,43325,43335,10
12.9813604355,80.2427520752,43335,43345,10
12.9813699722,80.2428131104,43345,43355,10
12.9813699722,80.2429275513,43355,43365,10
12.9813699722,80.2434310913,43365,43375,10
12.9812498093,80.2442092896,43375,43385,10
12.9811201096,80.2452392578,43385,43395,10
12.9809799194,80.2464065552,43395,43405,10
12.9808702469,80.2476730347,43405,43415,10
12.9807796478,80.2489624023,43415,43426,11
12.9805698395,80.2503128052,43426,43436,10
12.9802799225,80.2514266968,43436,43446,10
12.9800796509,80.252166748,43446,43456,10
12.979929924,80.2524414063,43456,43466,10
12.9799203873,80.2525024414,43466,43476,10
12.9798898697,80.2527236938,43476,43486,10
12.9795799255,80.2527770996,43486,43496,10
12.9789495468,80.2527236938,43496,43506,10
12.9787197113,80.2526702881,43506,43516,10
12.9784097672,80.2525024414,43516,43532,16
12.9773597717,80.2516403198,43532,43545,13
12.9758796692,80.2510910034,43545,43555,10
12.9746999741,80.2507400513,43555,43565,10
12.9736003876,80.2504577637,43565,43575,10
12.9727201462,80.25025177,43575,43585,10
12.9725599289,80.2501983643,43585,43595,10
12.9721498489,80.2500762939,43595,43605,10
12.9713001251,80.2498474121,43605,43615,10
12.9701900482,80.2495498657,43615,43625,10
12.9690198898,80.2491378784,43625,43635,10
12.9679498672,80.2487030029,43635,43646,11
12.9669799805,80.2482299805,43646,43656,10
12.9660596848,80.247756958,43656,43666,10
12.9651403427,80.247467041,43666,43686,20
12.9651403427,80.247467041,43686,43696,10
12.9647197723,80.2472915649,43696,43706,10
12.9642496109,80.2470703125,43706,43716,10
12.9640398026,80.2469711304,43716,43726,10
12.9637804031,80.2468795776,43726,43736,10
12.9631996155,80.2466125488,43736,43747,11
12.9623203278,80.2461700439,43747,43757,10
12.9612398148,80.2456436157,43757,43767,10
12.9603004456,80.2452163696,43767,43777,10
12.959569931,80.2449188232,43777,43787,10
12.9594497681,80.2448730469,43787,43797,10
12.9590902328,80.2446975708,43797,43807,10
12.9583797455,80.244392395,43807,43817,10
12.9576997757,80.2441177368,43817,43827,10
12.9569797516,80.243927002,43827,43837,10
12.9565496445,80.243812561,43837,43888,51
12.9565496445,80.243812561,43888,43898,10
12.9563302994,80.2437210083,43898,43908,10
12.955909729,80.2434997559,43908,43918,10
12.955160141,80.2431030273,43918,43928,10
12.9541501999,80.2426223755,43928,43938,10
12.9529895782,80.2421569824,43938,43948,10
12.9520797729,80.2418289185,43948,43959,11
12.9517602921,80.2417221069,43959,43969,10
12.9516601563,80.2416763306,43969,43979,10
12.9511203766,80.2414779663,43979,43989,10
12.9502696991,80.2412261963,43989,43999,10
12.9492397308,80.2409362793,43999,44029,30
12.9492397308,80.2409362793,44029,44039,10
12.9490003586,80.2408676147,44039,44049,10
12.94851017,80.2406311035,44049,44060,11
12.9477500916,80.2403030396,44060,44070,10
12.9472999573,80.2401275635,44070,44080,10
12.9472703934,80.2401123047,44080,44090,10
12.9470100403,80.2400131226,44090,44100,10
12.9463796616,80.2397384644,44100,44110,10
12.945599556,80.239402771,44110,44120,10
12.9448900223,80.2388763428,44120,44130,10
12.9441900253,80.2381820679,44130,44140,10
12.9434299469,80.2373809814,44140,44150,10
12.94328022,80.2371826172,44150,44160,10
12.9429702759,80.236869812,44160,44171,11
12.942150116,80.2364578247,44171,44181,10
12.9410495758,80.2361831665,44181,44191,10
12.940079689,80.2359390259,44191,44201,10
12.9398603439,80.2358627319,44201,44211,10
12.9395999908,80.2357406616,44211,44220,9
12.9390602112,80.235458374,44220,44231,11
12.9380702972,80.2349777222,44231,44241,10
12.9369697571,80.2344436646,44241,44251,10
12.9362897873,80.2341003418,44251,44261,10
12.9359798431,80.2339630127,44261,44272,11
12.9353103638,80.2336578369,44272,44282,10
12.9344501495,80.2332992554,44282,44292,10
12.9340000153,80.2331008911,44292,44302,10
12.933930397,80.2330474854,44302,44312,10
12.933719635,80.2329406738,44312,44322,10
12.9333696365,80.2327728271,44322,44332,10
12.9326601028,80.232460022,44332,44342,10
12.9316196442,80.2321014404,44342,44352,10
12.9304800034,80.2317428589,44352,44362,10
12.9294700623,80.2314987183,44362,44372,10
12.9288396835,80.2313766479,44372,44383,11
12.9280099869,80.2312316895,44383,44393,10
12.9270601273,80.2311325073,44393,44403,10
12.9262895584,80.2310409546,44403,44413,10
12.9257097244,80.2309875488,44413,44423,10
12.9255800247,80.2309799194,44423,44439,16
12.9247398376,80.2308578491,44439,44451,12
12.9236001968,80.2307434082,44451,44459,8
12.9226398468,80.2305908203,44459,44471,12
12.9210300446,80.2303466797,44471,44482,11
12.9195699692,80.2301864624,44482,44492,10
12.9191198349,80.230140686,44492,44502,10
12.9188098907,80.2301025391,44502,44512,10
12.9181003571,80.2300033569,44512,44522,10
12.9172801971,80.2298736572,44522,44531,9
12.9165296555,80.2297592163,44531,44542,11
12.9154500961,80.2296218872,44542,44552,10
12.9140996933,80.2294464111,44552,44562,10
12.913359642,80.2293701172,44562,44572,10
12.9132604599,80.229347229,44572,44582,10
12.9129695892,80.2292861938,44582,44593,11
12.9121799469,80.2291488647,44593,44603,10
12.9111204147,80.2289962769,44603,44613,10
12.9098901749,80.2288208008,44613,44623,10
12.9088401794,80.2286376953,44623,44633,10
12.9081201553,80.2285003662,44633,44643,10
12.9079904556,80.2284698486,44643,44653,10
12.907699585,80.2284317017,44653,44663,10
12.9070196152,80.2283477783,44663,44714,51
12.9070196152,80.2283477783,44714,44724,10
12.9069900513,80.2284011841,44724,44734,10
12.9065504074,80.2283782959,44734,44744,10
12.9063100815,80.2283782959,44744,44754,10
12.9060001373,80.2283401489,44754,44764,10
12.9052400589,80.2282791138,44764,44774,10
12.9041795731,80.2282409668,44774,44784,10
12.9029197693,80.2281723022,44784,44792,8
12.9024295807,80.2281265259,44792,44806,14
12.9008398056,80.2280502319,44806,44817,11
12.9005403519,80.2280273438,44817,44832,15
12.8999204636,80.2280197144,44832,44842,10
12.8993396759,80.2279815674,44842,44885,43
12.8993396759,80.2279815674,44885,44895,10
12.8992099762,80.2279815674,44895,44906,11
12.8985996246,80.2279129028,44906,44915,9
12.8978395462,80.2278594971,44915,44930,15
12.8961000443,80.2277679443,44930,44940,10
12.8947601318,80.2277069092,44940,44950,10
12.8936004639,80.2276535034,44950,44958,8
12.8933000565,80.2276229858,44958,44969,11
12.8930902481,80.2275466919,44969,44980,11
12.8925600052,80.2274932861,44980,44990,10
12.8918304443,80.2274398804,44990,45000,10
12.890879631,80.227432251,45000,45011,11
12.8895998001,80.2274093628,45011,45021,10
12.8887300491,80.2274398804,45021,45031,10
12.8884801865,80.2274398804,45031,45041,10
12.8880701065,80.2274017334,45041,45051,10
12.8873100281,80.2273025513,45051,45061,10
12.8862895966,80.2270812988,45061,45071,10
12.885310173,80.226852417,45071,45081,10
12.8849401474,80.2268218994,45081,45091,10
12.8847303391,80.2267990112,45091,45101,10
12.8840799332,80.2267684937,45101,45112,11
12.8829698563,80.2267532349,45112,45122,10
12.8816995621,80.2267608643,45122,45132,10
12.8804397583,80.2267837524,45132,45142,10
12.8790597916,80.2268066406,45142,45152,10
12.8776702881,80.2269134521,45152,45162,10
12.8766298294,80.2270202637,45162,45172,10
12.8764095306,80.2265701294,45172,45192,20
12.8764095306,80.2265701294,45192,45202,10
12.8764400482,80.2263183594,45202,45212,10
12.8765201569,80.225692749,45212,45223,11
12.8766202927,80.2246704102,45223,45233,10
12.8768196106,80.2235336304,45233,45243,10
12.8771295547,80.2222290039,45243,45253,10
12.8774299622,80.220916748,45253,45263,10
12.8777399063,80.219581604,45263,45273,10
12.8780498505,80.218208313,45273,45283,10
12.8783197403,80.2168197632,45283,45293,10
12.8785800934,80.2155532837,45293,45303,10
12.8788700104,80.2141799927,45303,45313,10
12.8791399002,80.2127685547,45313,45324,11
12.8793802261,80.211479187,45324,45334,10
12.8791599274,80.2109375,45334,45344,10
12.8790302277,80.2109222412,45344,45354,10
12.878950119,80.2109375,45354,45364,10
12.8784799576,80.2108612061,45364,45374,10
12.877699852,80.2107162476,45374,45384,10
12.8767995834,80.2105407715,45384,45400,16
12.8753204346,80.2102813721,45400,45412,12
12.8744297028,80.2101287842,45412,45433,21
12.8744297028,80.2101287842,45433,45443,10
12.8743801117,80.2099533081,45443,45453,10
12.8745002747,80.209602356,45453,45463,10
12.8747701645,80.2097320557,45463,45491,28
12.8746795654,80.209777832,45491,46149,658
12.8746795654,80.209777832,46149,46159,10
12.8747396469,80.2099304199,46159,46170,11
12.8747596741,80.2101898193,46170,46180,10
12.8750696182,80.2102203369,46180,46190,10
12.8756599426,80.210319519,46190,46200,10
12.8764095306,80.2104568481,46200,46210,10
12.8771896362,80.2106018066,46210,46220,10
12.8781003952,80.2107772827,46220,46230,10
12.8789701462,80.2109298706,46230,46240,10
12.8792295456,80.2109832764,46240,46250,10
12.8793497086,80.2110366821,46250,46259,9
12.8794498444,80.2114334106,46259,46271,12
12.8792800903,80.2123184204,46271,46281,10
12.8790903091,80.2133712769,46281,46290,9
12.8788795471,80.2144775391,46290,46301,11
12.8786401749,80.215637207,46301,46311,10
12.8783502579,80.2169799805,46311,46321,10
12.8781003952,80.2182617188,46321,46331,10
12.8777999878,80.2195968628,46331,46341,10
12.8774900436,80.2210235596,46341,46351,10
12.8771400452,80.2223968506,46351,46361,10
12.8768596649,80.2236175537,46361,46371,10
12.876660347,80.224822998,46371,46382,11
12.8765096664,80.2260971069,46382,46392,10
12.8764400482,80.2267684937,46392,46402,10
12.8764400482,80.2267837524,46402,46412,10
12.8764600754,80.2268829346,46412,46422,10
12.8767795563,80.2269287109,46422,46432,10
12.8774795532,80.2268600464,46432,46442,10
12.8783597946,80.2267837524,46442,46452,10
12.8795700073,80.2266998291,46452,46462,10
12.8807001114,80.2266769409,46462,46472,10
12.8818397522,80.2266616821,46472,46483,11
12.883099556,80.2266387939,46483,46493,10
12.8842000961,80.2266082764,46493,46503,10
12.8850698471,80.2265777588,46503,46513,10
12.8851900101,80.2265930176,46513,46523,10
12.8853597641,80.2266235352,46523,46533,10
12.8858995438,80.2267532349,46533,46543,10
12.8867101669,80.2269821167,46543,46553,10
12.8877496719,80.227180481,46553,46563,10
12.8886604309,80.2272415161,46563,46573,10
12.8888196945,80.2272415161,46573,46583,10
12.8893995285,80.2272415161,46583,46594,11
12.890370369,80.2272491455,46594,46604,10
12.8914003372,80.2272491455,46604,46620,16
12.892829895,80.2273101807,46620,46632,12
12.8939399719,80.2274475098,46632,46642,10
12.8942499161,80.2274703979,46642,46652,10
12.8946895599,80.2275085449,46652,46661,9
12.8954601288,80.2275466919,46661,46672,11
12.8966598511,80.2276000977,46672,46682,10
12.8978796005,80.2276763916,46682,46693,11
12.8990402222,80.2277526855,46693,46703,10
12.8998804092,80.2277679443,46703,46713,10
12.9005203247,80.2277297974,46713,46753,40
12.9005203247,80.2277297974,46753,46763,10
12.9009304047,80.2277832031,46763,46773,10
12.9013795853,80.2278213501,46773,46783,10
12.9020795822,80.2278594971,46783,46793,10
12.9027099609,80.227897644,46793,46804,11
12.9027795792,80.2279129028,46804,46814,10
12.9032201767,80.2279510498,46814,46824,10
12.903960228,80.2279968262,46824,46834,10
12.9047603607,80.2280426025,46834,46844,10
12.9056396484,80.2280731201,46844,46854,10
12.905960083,80.2280731201,46854,46864,10
12.9061803818,80.2280731201,46864,46874,10
12.9067001343,80.2281112671,46874,46884,10
12.9070196152,80.2281570435,46884,46894,10
12.9071397781,80.2281799316,46894,46905,11
12.9077301025,80.2282791138,46905,46915,10
12.9085502625,80.2284317017,46915,46925,10
12.9095802307,80.2285995483,46925,46935,10
12.9106702805,80.2287902832,46935,46945,10
12.9118299484,80.2289733887,46945,46955,10
12.9130096436,80.2291564941,46955,46965,10
12.9139604568,80.2292480469,46965,46975,10
12.914059639,80.2292633057,46975,46985,10
12.914440155,80.229309082,46985,46995,10
12.9151296616,80.2294006348,46995,47005,10
12.9160604477,80.2295532227,47005,47016,11
12.9172801971,80.2297134399,47016,47026,10
12.9184303284,80.2298812866,47026,47036,10
12.9192695618,80.2299575806,47036,47046,10
12.9194202423,80.2299804688,47046,47056,10
12.9199399948,80.2300567627,47056,47066,10
12.9207401276,80.2301635742,47066,47076,10
12.9217700958,80.2302932739,47076,47086,10
12.9230203629,80.2304916382,47086,47096,10
12.9243602753,80.2306976318,47096,47106,10
12.9256401062,80.2308120728,47106,47117,11
12.9270095825,80.2309799194,47117,47127,10
12.9282503128,80.2311325073,47127,47137,10
12.9292201996,80.231300354,47137,47147,10
12.9301300049,80.2315216064,47147,47157,10
12.9312200546,80.2318572998,47157,47166,9
12.9321403503,80.2321777344,47166,47177,11
12.9336395264,80.2327423096,47177,47197,20
12.9336395264,80.2327423096,47197,47207,10
12.9336795807,80.2327575684,47207,47218,11
12.9341802597,80.2329864502,47218,47228,10
12.9348897934,80.2333068848,47228,47238,10
12.9357795715,80.2337188721,47238,47248,10
12.9368000031,80.2342224121,47248,47258,10
12.93791008,80.2347488403,47258,47268,10
12.9390001297,80.2352905273,47268,47278,10
12.9397201538,80.2356414795,47278,47288,10
12.9398498535,80.2356796265,47288,47298,10
12.9402198792,80.2358322144,47298,47308,10
12.9408597946,80.236000061,47308,47318,10
12.9417600632,80.2361984253,47318,47329,11
12.942899704,80.236656189,47329,47338,9
12.9436798096,80.2373275757,47338,47349,11
12.9445896149,80.2383270264,47349,47359,10
12.9454698563,80.2391662598,47359,47369,10
12.9465198517,80.2396621704,47369,47379,10
12.9472999573,80.2399902344,47379,47389,10
12.9473896027,80.2400283813,47389,47399,10
12.9479198456,80.2402572632,47399,47409,10
12.948800087,80.2406082153,47409,47430,21
12.948800087,80.2406082153,47430,47440,10
12.9488897324,80.2406234741,47440,47450,10
12.9493303299,80.2408065796,47450,47460,10
12.9501199722,80.2410507202,47460,47470,10
12.9510297775,80.2413101196,47470,47480,10
12.951089859,80.2413330078,47480,47490,10
12.951499939,80.2414779663,47490,47500,10
12.9522600174,80.2417678833,47500,47510,10
12.9532403946,80.242149353,47510,47519,9
12.9537496567,80.2423629761,47519,47531,12
12.9545001984,80.2426605225,47531,47541,10
12.9552402496,80.2429504395,47541,47551,10
12.956319809,80.2432937622,47551,47571,20
12.956319809,80.2432937622,47571,47581,10
12.9564199448,80.2433166504,47581,47591,10
12.9568996429,80.2435379028,47591,47601,10
12.9576702118,80.2439193726,47601,47611,10
12.9582901001,80.2442092896,47611,47621,10
12.9589395523,80.2444534302,47621,47631,10
12.9591398239,80.2445526123,47631,47642,11
12.959690094,80.2448120117,47642,47652,10
12.9604902267,80.2451782227,47652,47662,10
12.9615402222,80.2456665039,47662,47672,10
12.9626197815,80.2462310791,47672,47682,10
12.9631500244,80.2464370728,47682,47702,20
12.9631500244,80.2464370728,47702,47712,10
12.963470459,80.2466125488,47712,47722,10
12.9638500214,80.2468032837,47722,47732,10
12.9644498825,80.2470321655,47732,47743,11
12.9654102325,80.2473373413,47743,47753,10
12.9664096832,80.2477264404,47753,47763,10
12.9666900635,80.2478637695,47763,47773,10
12.9667396545,80.2478866577,47773,47783,10
12.9671497345,80.2481079102,47783,47793,10
12.9679298401,80.2484664917,47793,47803,10
12.9687995911,80.2487792969,47803,47813,10
12.9697904587,80.249168396,47813,47823,10
12.9708995819,80.2495574951,47823,47833,10
12.9719800949,80.2498626709,47833,47844,11
12.973110199,80.2501525879,47844,47854,10
12.97397995,80.2503814697,47854,47864,10
12.9744195938,80.2504806519,47864,47873,9
12.9748897552,80.2506332397,47873,47884,11
12.9757099152,80.2509002686,47884,47894,10
12.9769201279,80.2512588501,47894,47904,10
12.97797966,80.2519607544,47904,47914,10
12.9789600372,80.2525100708,47914,47924,10
12.9797697067,80.2525100708,47924,47934,10
12.9799499512,80.2522888184,47934,47944,10
12.9799699783,80.2520980835,47944,47955,11
12.9801397324,80.251449585,47955,47965,10
12.9804201126,80.250541687,47965,47975,10
12.9806900024,80.2493209839,47975,47985,10
12.980799675,80.2480010986,47985,47995,10
12.9808797836,80.2465515137,47995,48005,10
12.9810695648,80.2450714111,48005,48015,10
12.9811697006,80.2440414429,48015,48025,10
12.9812097549,80.2437591553,48025,48035,10
12.9813098907,80.2435531616,48035,48045,10
12.9813499451,80.2431793213,48045,48055,10
12.9813404083,80.2429122925,48055,48066,11
12.9813404083,80.242729187,48066,48076,10
12.9813499451,80.2426528931,48076,48086,10
12.9813604355,80.2423934937,48086,48096,10
12.9813404083,80.2417907715,48096,48106,10
12.9813404083,80.2411270142,48106,48116,10
12.9813299179,80.2403488159,48116,48126,10
12.9813098907,80.2396774292,48126,48136,10
12.981300354,80.2392730713,48136,48146,10
12.9812803268,80.2385864258,48146,48156,10
12.9812602997,80.237953186,48156,48167,11
12.9812602997,80.2379226685,48167,48177,10
12.9812402725,80.2375793457,48177,48187,10
12.9812202454,80.2369003296,48187,48197,10
12.9811897278,80.2359771729,48197,48207,10
12.981180191,80.2351303101,48207,48217,10
12.981180191,80.2344818115,48217,48227,10
12.9812402725,80.2341308594,48227,48237,10
12.9813404083,80.233833313,48237,48247,10
12.9814796448,80.2335510254,48247,48257,10
12.9816102982,80.2332763672,48257,48268,11
12.9816598892,80.2331924438,48268,48278,10
12.9818201065,80.2328491211,48278,48288,10
12.9819602966,80.2324066162,48288,48298,10
12.9819498062,80.232093811,48298,48314,16
12.9818897247,80.231300354,48314,48327,13
12.981710434,80.230758667,48327,48337,10
12.9814996719,80.2303695679,48337,48347,10
12.9811496735,80.2298202515,48347,48357,10
12.9808702469,80.2293701172,48357,48367,10
12.9806699753,80.2290802002,48367,48378,11
12.9805297852,80.228843689,48378,48387,9
12.9804401398,80.2286987305,48387,48398,11
12.980219841,80.2282485962,48398,48408,10
12.9799098969,80.2276992798,48408,48418,10
12.9794797897,80.2269821167,48418,48428,10
12.9789600372,80.2261581421,48428,48438,10
12.9785995483,80.2255630493,48438,48448,10
12.978219986,80.2249221802,48448,48458,10
12.9778795242,80.2244491577,48458,48468,10
12.9775600433,80.2239379883,48468,48479,11
12.9771795273,80.2233200073,48479,48489,10
12.9770402908,80.2230911255,48489,48499,10
12.9770002365,80.2230300903,48499,48509,10
12.9769296646,80.2227096558,48509,48519,10
12.9771203995,80.22265625,48519,48529,10
12.977399826,80.222618103,48529,48539,10
12.9774703979,80.2221603394,48539,48549,10
12.9774503708,80.2214202881,48549,48559,10
12.977519989,80.2211914063,48559,48569,10
12.9780197144,80.2211685181,48569,48585,16
12.9791202545,80.2210922241,48585,48598,13
12.9800300598,80.221031189,48598,48608,10
12.9806003571,80.2209777832,48608,48616,8
12.9812898636,80.2211380005,48616,48627,11
12.9818496704,80.2215499878,48627,48637,10
12.9822797775,80.2217483521,48637,48648,11
12.9826698303,80.221862793,48648,48657,9
12.9829301834,80.2219467163,48657,48667,10
12.9830703735,80.2220230103,48667,48678,11
12.9834003448,80.2222824097,48678,48689,11
12.9839696884,80.2226104736,48689,48699,10
12.9847202301,80.2230606079,48699,48709,10
12.9852399826,80.2232513428,48709,48719,10
12.9855699539,80.2230911255,48719,48729,10
12.9860801697,80.2229385376,48729,48739,10
12.9862003326,80.2229309082,48739,48749,10
12.9863395691,80.2229309082,48749,48779,30
12.9867095947,80.2229614258,48779,48800,21
12.9867095947,80.2229614258,48800,48810,10
12.9868898392,80.2229919434,48810,48820,10
12.9870796204,80.2230072021,48820,48830,10
12.9873199463,80.2230300903,48830,48840,10
12.9878396988,80.2229614258,48840,48850,10
12.9884195328,80.2225418091,48850,48860,10
12.9889001846,80.2220535278,48860,48870,10
12.9893703461,80.2214431763,48870,48880,10
12.9898996353,80.2207565308,48880,48890,10
12.9901599884,80.2205581665,48890,48901,11
12.9903697968,80.2203903198,48901,48911,10
12.9905195236,80.2202682495,48911,48921,10
12.9909896851,80.2198867798,48921,48931,10
12.9916601181,80.2193984985,48931,48941,10
12.9923801422,80.2188796997,48941,48951,10
12.9931402206,80.2182998657,48951,48961,10
12.9937801361,80.2178421021,48961,48971,10
12.9943704605,80.2174224854,48971,48981,10
12.9949197769,80.2170410156,48981,48991,10
12.9954099655,80.2167510986,48991,49002,11
12.9960803986,80.2165679932,49002,49012,10
12.9967002869,80.2164993286,49012,49022,10
12.9972200394,80.2163619995,49022,49032,10
12.9973897934,80.216217041,49032,49042,10
12.9975099564,80.2161102295,49042,49052,10
12.9979095459,80.2157516479,49052,49062,10
12.9985303879,80.2152175903,49062,49072,10
12.9990196228,80.2148208618,49072,49082,10
12.9992904663,80.2145614624,49082,49092,10
12.9997301102,80.2142028809,49092,49102,10
13.0001602173,80.2138137817,49102,49113,11
13.0008096695,80.213218689,49113,49123,10
13.0012702942,80.212890625,49123,49133,10
13.0017595291,80.2125320435,49133,49143,10
13.0023298264,80.2121963501,49143,49153,10
13.0029096603,80.2120666504,49153,49163,10
13.003370285,80.2120666504,49163,49173,10
13.003569603,80.2119979858,49173,49183,10
13.0036697388,80.2117996216,49183,49193,10
13.0036697388,80.2112731934,49193,49203,10
13.0036201477,80.2105102539,49203,49214,11
13.0035200119,80.2095718384,49214,49224,10
13.0037097931,80.2087173462,49224,49234,10
13.0044202805,80.2087936401,49234,49244,10
13.0052099228,80.2091522217,49244,49254,10
13.0060100555,80.2094497681,49254,49264,10
13.0066795349,80.2096786499,49264,49274,10
13.0069503784,80.2097396851,49274,49284,10
13.007060051,80.2097702026,49284,49294,10
13.0074300766,80.2098312378,49294,49304,10
13.0075597763,80.2098388672,49304,49315,11
13.0079603195,80.2099075317,49315,49325,10
13.0081596375,80.2097473145,49325,49335,10
13.0080003738,80.2090377808,49335,49345,10
13.0078601837,80.2079620361,49345,49355,10
13.0076503754,80.20677948,49355,49365,10
13.0075302124,80.2057113647,49365,49375,10
13.0074996948,80.2045974731,49375,49385,10
13.0074195862,80.2035980225,49385,49395,10
13.0071201324,80.202583313,49395,49405,10
13.006529808,80.2030410767,49405,49415,10
13.0071296692,80.2035522461,49415,49426,11
13.0081996918,80.2037200928,49426,49436,10
13.0094900131,80.2036514282,49436,49446,10
13.0108098984,80.2036437988,49446,49456,10
13.0121097565,80.2037887573,49456,49466,10
13.0132198334,80.2040634155,49466,49476,10
13.0136804581,80.2042999268,49476,49492,16
13.0135002136,80.2049331665,49492,49504,12
13.0132198334,80.2058105469,49504,49512,8
13.0130596161,80.2064590454,49512,49524,12
13.0129699707,80.207359314,49524,49535,11
13.0128898621,80.2077865601,49535,49545,10
13.0128602982,80.2078781128,49545,49553,8
13.012840271,80.2081222534,49553,49567,14
13.0128898621,80.2086029053,49567,49577,10
13.0129899979,80.2092285156,49577,49587,10
13.0131797791,80.2098464966,49587,49597,10
13.0130996704,80.2104415894,49597,49607,10
13.0128698349,80.2112121582,49607,49617,10
13.0126199722,80.2116928101,49617,49627,10
13.0125303268,80.2118682861,49627,49638,11
13.0121603012,80.2124633789,49638,49661,23
13.0114898682,80.2126083374,49661,49673,12
13.0111198425,80.2123336792,49673,49683,10
13.0108203888,80.212097168,49683,49753,70
13.0108203888,80.212097168,49753,49764,11
13.0106801987,80.2120437622,49764,49895,131
13.0106801987,80.2120437622,49895,49905,10
13.0103397369,80.2118225098,49905,51581,1676
13.0103397369,80.2118225098,51581,51591,10
13.0098695755,80.2113571167,51591,51611,20
13.0098695755,80.2113571167,51611,51621,10
13.0097198486,80.2112579346,51621,51630,9
13.0097198486,80.2112503052,51630,51642,12
13.0095701218,80.2111129761,51642,51803,161
13.0095701218,80.2111129761,51803,51813,10
13.0092201233,80.2112197876,51813,51823,10
13.0090503693,80.2115402222,51823,51833,10
13.00922966,80.2121582031,51833,51843,10
13.0094995499,80.2129821777,51843,51853,10
13.0098495483,80.2138519287,51853,51864,11
13.0101804733,80.2150192261,51864,51874,10
13.0103998184,80.2160415649,51874,51884,10
13.0109195709,80.2171478271,51884,51894,10
13.0114002228,80.2183303833,51894,51904,10
13.0118904114,80.2195587158,51904,51914,10
13.0121898651,80.2204971313,51914,51924,10
13.0125598907,80.2214508057,51924,51934,10
13.0129299164,80.2219696045,51934,51944,10
13.0133399963,80.2224273682,51944,51955,11
13.0137300491,80.2229385376,51955,51965,10
13.0140199661,80.2233963013,51965,51975,10
13.0143404007,80.2237930298,51975,51985,10
13.0149402618,80.2244796753,51985,51995,10
13.0154399872,80.225112915,51995,52005,10
13.0153999329,80.2255706787,52005,52015,10
13.0149402618,80.2258834839,52015,52025,10
13.0143003464,80.2261428833,52025,52035,10
13.0135803223,80.2264633179,52035,52045,10
13.0128602982,80.2267684937,52045,52055,10
13.0120296478,80.2271194458,52055,52066,11
13.0108804703,80.2275619507,52066,52082,16
13.0095300674,80.2277526855,52082,52094,12
13.0097198486,80.227142334,52094,52104,10
13.0100803375,80.2263183594,52104,52114,10
13.0103397369,80.2256622314,52114,52124,10
13.0106697083,80.2249526978,52124,52134,10
13.01101017,80.2242279053,52134,52144,10
13.011300087,80.2234573364,52144,52154,10
13.0108604431,80.2229766846,52154,52164,10
13.0100603104,80.2225570679,52164,52175,11
13.0089502335,80.2219772339,52175,52185,10
13.0080499649,80.2214736938,52185,52195,10
13.0072898865,80.2210464478,52195,52206,11
13.0066099167,80.2206726074,52206,52215,9
13.0057201385,80.2204437256,52215,52225,10
13.0049104691,80.2202682495,52225,52236,11
13.0041904449,80.2201080322,52236,52246,10
13.0034799576,80.2199401855,52246,52256,10
13.0026903152,80.2196502686,52256,52266,10
13.0021400452,80.2191314697,52266,52277,11
13.0014896393,80.21849823,52277,52287,10
13.0008897781,80.2181015015,52287,52297,10
13.0002603531,80.2176818848,52297,52307,10
12.9995002747,80.2172393799,52307,52317,10
12.9987001419,80.2168502808,52317,52327,10
12.9977502823,80.2165527344,52327,52337,10
12.9970998764,80.2165222168,52337,52347,10
12.9965400696,80.2165527344,52347,52357,10
12.9959802628,80.2166976929,52357,52367,10
12.99518013,80.2170028687,52367,52383,16
12.99421978,80.2177124023,52383,52396,13
12.9934196472,80.2182617188,52396,52406,10
12.9928398132,80.2186813354,52406,52416,10
12.991900444,80.2193908691,52416,52425,9
12.9912996292,80.219833374,52425,52436,11
12.990530014,80.220413208,52436,52446,10
12.9899902344,80.2208328247,52446,52455,9
12.989569664,80.221321106,52455,52465,10
12.9891395569,80.2218093872,52465,52476,11
12.9885997772,80.2225112915,52476,52487,11
12.9880599976,80.2229690552,52487,52497,10
12.9877996445,80.2230911255,52497,52507,10
12.9874401093,80.2230987549,52507,52517,10
12.9871997833,80.2230911255,52517,52527,10
12.9868602753,80.2230377197,52527,52537,10
12.9861602783,80.2230072021,52537,52547,10
12.9855203629,80.2232818604,52547,52557,10
12.9849500656,80.2231826782,52557,52567,10
12.9844703674,80.2228927612,52567,52577,10
12.9839200974,80.2225799561,52577,52587,10
12.9833803177,80.2222366333,52587,52598,11
12.9832401276,80.2221298218,52598,52608,10
12.9830198288,80.222038269,52608,52618,10
12.9827604294,80.2219467163,52618,52628,10
12.9820804596,80.2217025757,52628,52638,10
12.9813499451,80.2212219238,52638,52648,10
12.9806003571,80.2210769653,52648,52658,10
12.9796199799,80.2211227417,52658,52674,16
12.9783697128,80.2211990356,52674,52686,12
12.977399826,80.2211990356,52686,52696,10
12.9765701294,80.2212295532,52696,52707,11
12.9761400223,80.221282959,52707,52717,10
12.9761400223,80.2214736938,52717,52727,10
12.9763498306,80.2218017578,52727,52737,10
12.9767999649,80.2224884033,52737,52747,10
12.9773397446,80.2233963013,52747,52757,10
12.9780397415,80.2244873047,52757,52767,10
12.9786300659,80.2255096436,52767,52777,10
12.9791202545,80.22631073,52777,52787,10
12.9794998169,80.2269515991,52787,52797,10
12.9798402786,80.2274780273,52797,52808,11
12.9802799225,80.2282714844,52808,52818,10
12.9806804657,80.2289581299,52818,52828,10
12.9809999466,80.2294769287,52828,52845,17
12.981880188,80.231010437,52845,52857,12
12.9820299149,80.2322235107,52857,52866,9
12.9819498062,80.2327194214,52866,52877,11
12.9816799164,80.2333602905,52877,52887,10
12.9816102982,80.2335205078,52887,52897,10
12.9815797806,80.2335891724,52897,52907,10
12.9813499451,80.2340927124,52907,52918,11
12.9812202454,80.2351379395,52918,52928,10
12.9812602997,80.2363967896,52928,52937,9
12.9812803268,80.2375183105,52937,52950,13
12.9813098907,80.2386398315,52950,52960,10
12.9813098907,80.2386474609,52960,52970,10
12.9813203812,80.2388763428,52970,52980,10
12.9813203812,80.2395629883,52980,52990,10
12.9813499451,80.240562439,52990,53000,10
12.9813604355,80.2417373657,53000,53010,10
12.9813699722,80.2426300049,53010,53020,10
12.9813804626,80.2427825928,53020,53044,24
12.9812402725,80.2442779541,53044,53056,12
12.9810695648,80.2457199097,53056,53066,10
12.9809303284,80.2470779419,53066,53076,10
12.9808397293,80.2483901978,53076,53086,10
12.9806499481,80.249961853,53086,53096,10
12.9803695679,80.251083374,53096,53106,10
12.9800395966,80.2522277832,53106,53116,10
12.9799203873,80.2526321411,53116,53127,11
12.9794998169,80.2527618408,53127,53137,10
12.9787197113,80.2526473999,53137,53147,10
12.9785499573,80.2525787354,53147,53157,10
12.9781303406,80.252281189,53157,53167,10
12.9774398804,80.2516784668,53167,53177,10
12.9764099121,80.2512435913,53177,53187,10
12.9751796722,80.2508773804,53187,53197,10
12.9738903046,80.2505111694,53197,53207,10
12.9726200104,80.2501831055,53207,53217,10
12.9713201523,80.2498397827,53217,53228,11
12.9698896408,80.2493515015,53228,53238,10
12.968629837,80.2488632202,53238,53248,10
12.9673595428,80.2483520508,53248,53258,10
12.9662799835,80.2478637695,53258,53268,10
12.9652996063,80.2474899292,53268,53278,10
12.9650697708,80.2474136353,53278,53288,10
12.9649295807,80.2473297119,53288,53298,10
12.9644002914,80.2471313477,53298,53308,10
12.9638700485,80.2469406128,53308,53318,10
12.9635095596,80.2468032837,53318,53328,10
12.9629201889,80.2464904785,53328,53345,17
12.9614601135,80.2457427979,53345,53357,12
12.9603300095,80.2452163696,53357,53367,10
12.9596395493,80.2449264526,53367,53375,8
12.9594602585,80.2448425293,53375,53387,12
12.9590797424,80.2446594238,53387,53397,10
12.9582901001,80.2443237305,53397,53406,9
12.9577903748,80.2441101074,53406,53417,11
12.9569597244,80.2438430786,53417,53427,10
12.956700325,80.2437591553,53427,53438,11
12.9566402435,80.2437362671,53438,53478,40
12.9565200806,80.2436981201,53478,53528,50
12.9565200806,80.2436981201,53528,53538,10
12.9563798904,80.2436828613,53538,53555,17
12.9556999207,80.243309021,53555,53567,12
12.9547595978,80.2428970337,53567,53576,9
12.9542598724,80.2426986694,53576,53588,12
12.9537601471,80.2424468994,53588,53598,10
12.9528398514,80.2420578003,53598,53608,10
12.9518299103,80.2416915894,53608,53618,10
12.9513196945,80.2415618896,53618,53628,10
12.9507904053,80.2413635254,53628,53637,9
12.9499902725,80.2411117554,53637,53647,10
12.9489002228,80.2407608032,53647,53659,12
12.9474000931,80.2401199341,53659,53669,10
12.9460601807,80.2395706177,53669,53679,10
12.9449596405,80.238899231,53679,53689,10
12.9441299438,80.2380065918,53689,53699,10
12.94328022,80.2370681763,53699,53709,10
12.9426603317,80.236656189,53709,53719,10
12.9421901703,80.2364501953,53719,53729,10
12.9413204193,80.2362136841,53729,53739,10
12.9402704239,80.2359466553,53739,53749,10
12.939789772,80.2358016968,53749,53760,11
12.9394102097,80.2356185913,53760,53770,10
12.9386701584,80.2352523804,53770,53780,10
12.937620163,80.2347183228,53780,53790,10
12.9364204407,80.234161377,53790,53800,10
12.935259819,80.2335968018,53800,53810,10
12.9341402054,80.2331008911,53810,53820,10
12.933839798,80.232963562,53820,53830,10
12.9336299896,80.2328567505,53830,53840,10
12.932970047,80.2325592041,53840,53850,10
12.9319801331,80.2322006226,53850,53860,10
12.930729866,80.2317733765,53860,53871,11
12.9293403625,80.2314300537,53871,53887,16
12.927280426,80.2311172485,53887,53899,12
12.9261798859,80.2310180664,53899,53909,10
12.9260702133,80.2310028076,53909,53919,10
12.9255895615,80.2309494019,53919,53929,10
12.924779892,80.2308502197,53929,53939,10
12.9236803055,80.23072052,53939,53949,10
12.922369957,80.230506897,53949,53959,10
12.9209804535,80.2303237915,53959,53970,11
12.9195804596,80.2301483154,53970,53980,10
12.9191703796,80.2301101685,53980,53990,10
12.9188499451,80.2300567627,53990,54000,10
12.918129921,80.2299575806,54000,54010,10
12.9170598984,80.2298126221,54010,54019,9
12.9159002304,80.2296524048,54019,54029,10
12.914560318,80.2294616699,54029,54040,11
12.9133996964,80.2293395996,54040,54050,10
12.9130802155,80.2292861938,54050,54060,10
12.9123802185,80.2291793823,54060,54070,10
12.911359787,80.2290420532,54070,54081,11
12.9101400375,80.2288589478,54081,54091,10
12.9087600708,80.2286224365,54091,54101,10
12.9077301025,80.2284622192,54101,54111,10
12.9070997238,80.2283935547,54111,54121,10
12.9070301056,80.2283935547,54121,54131,10
12.9069595337,80.2283782959,54131,54141,10
12.9066495895,80.2283477783,54141,54151,10
12.90625,80.228302002,54151,54161,10
12.9060401917,80.2282562256,54161,54171,10
12.905380249,80.2282409668,54171,54182,11
12.9042196274,80.2281799316,54182,54192,10
12.9029102325,80.2281265259,54192,54202,10
12.9016504288,80.2280578613,54202,54212,10
12.9010696411,80.2280426025,54212,54272,60
12.9010696411,80.2280426025,54272,54283,11
12.9009799957,80.2279815674,54283,54293,10
12.9005804062,80.2279434204,54293,54303,10
12.8998098373,80.2279205322,54303,54313,10
12.8989896774,80.227897644,54313,54333,20
12.8989896774,80.227897644,54333,54343,10
12.898730278,80.227897644,54343,54353,10
12.8980703354,80.2278213501,54353,54363,10
12.8971595764,80.2277832031,54363,54373,10
12.8960399628,80.2277297974,54373,54383,10
12.8948898315,80.2276763916,54383,54394,11
12.8931903839,80.2275466919,54394,54414,20
12.8931903839,80.2275466919,54414,54424,10
12.8929300308,80.2275009155,54424,54434,10
12.8922996521,80.2274169922,54434,54444,10
12.8914403915,80.2274017334,54444,54454,10
12.8904104233,80.2274017334,54454,54464,10
12.8893404007,80.2274017334,54464,54474,10
12.8885097504,80.2274017334,54474,54484,10
12.8883495331,80.2273864746,54484,54494,10
12.8878202438,80.2273406982,54494,54505,11
12.886879921,80.2271881104,54505,54515,10
12.8857803345,80.2269210815,54515,54525,10
12.8850402832,80.2267837524,54525,54535,10
12.885020256,80.2267837524,54535,54545,10
12.8846302032,80.2267532349,54545,54555,10
12.8838996887,80.2267227173,54555,54565,10
12.8828897476,80.2267303467,54565,54575,10
12.8816699982,80.2267532349,54575,54585,10
12.8803195953,80.2267608643,54585,54595,10
12.8789196014,80.2267990112,54595,54606,11
12.8774404526,80.2268981934,54606,54616,10
12.8765802383,80.2270202637,54616,54626,10
12.8764095306,80.2269134521,54626,54636,10
12.8763999939,80.2266693115,54636,54656,20
12.8763999939,80.2266693115,54656,54666,10
12.8764095306,80.2264480591,54666,54676,10
12.8765001297,80.2258224487,54676,54686,10
12.8765897751,80.2249221802,54686,54696,10
12.8767595291,80.2238311768,54696,54707,11
12.8770399094,80.2225418091,54707,54717,10
12.8773403168,80.2212219238,54717,54727,10
12.8776702881,80.2198181152,54727,54737,10
12.8780002594,80.2183990479,54737,54747,10
12.8782997131,80.2169036865,54747,54757,10
12.8785896301,80.2154922485,54757,54766,9
12.8788604736,80.2141799927,54766,54777,11
12.8791503906,80.2126464844,54777,54787,10
12.8793802261,80.2114562988,54787,54797,10
12.8793802261,80.2110290527,54797,54807,10
12.879360199,80.2109985352,54807,54818,11
12.879119873,80.2109222412,54818,54828,10
12.8786296844,80.2108383179,54828,54838,10
12.8779602051,80.2107391357,54838,54848,10
12.8771095276,80.2105712891,54848,54858,10
12.876159668,80.2103881836,54858,54868,10
12.8753404617,80.2102584839,54868,54878,10
12.8744297028,80.2100830078,54878,54908,30
12.8744297028,80.2100830078,54908,54918,10
12.8743600845,80.2099609375,54918,54929,11
12.8744697571,80.209602356,54929,54939,10
12.8746995926,80.2095565796,54939,54949,10
12.8747396469,80.2096862793,54949,54958,9
12.8747301102,80.2097167969,54958,54969,11
12.8746500015,80.2097473145,54969,55332,363
12.8746500015,80.2097473145,55332,55343,11
12.874710083,80.2100524902,55343,55363,20
12.874710083,80.2100524902,55363,55373,10
12.8748502731,80.2102203369,55373,55382,9
12.8749198914,80.2102203369,55382,55392,10
12.8750896454,80.2102432251,55392,55403,11
12.8756799698,80.210319519,55403,55413,10
12.8763999939,80.2104568481,55413,55423,10
12.8772296906,80.210609436,55423,55433,10
12.8780403137,80.2107620239,55433,55444,11
12.8788900375,80.2109222412,55444,55454,10
12.8792695999,80.2109909058,55454,55464,10
12.8792896271,80.2109985352,55464,55474,10
12.8794803619,80.2112503052,55474,55484,10
12.879360199,80.2118682861,55484,55494,10
12.8791999817,80.212677002,55494,55504,10
12.8790302277,80.2136077881,55504,55514,10
12.8788299561,80.2145996094,55514,55524,10
12.8786201477,80.2156066895,55524,55534,10
12.8783903122,80.2166366577,55534,55544,10
12.8781900406,80.2176818848,55544,55555,11
12.8779497147,80.2188110352,55555,55565,10
12.8777103424,80.2198486328,55565,55575,10
12.8774795532,80.2208480835,55575,55585,10
12.8772697449,80.2218017578,55585,55595,10
12.8770303726,80.2228164673,55595,55605,10
12.8767995834,80.2238616943,55605,55615,10
12.8766403198,80.2249679565,55615,55625,10
12.8765201569,80.226020813,55625,55635,10
12.876449585,80.2268829346,55635,55656,21
12.876449585,80.2268829346,55656,55666,10
12.8767499924,80.226890564,55666,55676,10
12.8773097992,80.2268371582,55676,55686,10
12.878080368,80.2267684937,55686,55696,10
12.8789596558,80.2267074585,55696,55706,10
12.879699707,80.2266769409,55706,55716,10
12.88078022,80.2266616821,55716,55726,10
12.8817195892,80.2266387939,55726,55736,10
12.8827295303,80.2266311646,55736,55746,10
12.8837404251,80.2266235352,55746,55756,10
12.8846702576,80.226600647,55756,55767,11
12.885140419,80.2266235352,55767,55776,9
12.8852596283,80.2266311646,55776,55787,11
12.885840416,80.2267608643,55787,55797,10
12.8866195679,80.2269668579,55797,55807,10
12.8875198364,80.2271575928,55807,55817,10
12.8885202408,80.2272491455,55817,55827,10
12.8896198273,80.2272720337,55827,55837,10
12.8907699585,80.2272720337,55837,55847,10
12.8919095993,80.2272720337,55847,55857,10
12.8929004669,80.2273406982,55857,55868,11
12.8938102722,80.2274398804,55868,55878,10
12.894200325,80.2274703979,55878,55888,10
12.8942899704,80.2274703979,55888,55898,10
12.8948497772,80.2275085449,55898,55908,10
12.8957395554,80.2275466919,55908,55918,10
12.8968000412,80.2275924683,55918,55928,10
12.8979101181,80.2276687622,55928,55938,10
12.8991804123,80.2277374268,55938,55948,10
12.9007701874,80.2278289795,55948,56049,101
12.9007701874,80.2278289795,56049,56059,10
12.9011001587,80.2278594971,56059,56069,10
12.9018497467,80.227897644,56069,56080,11
12.9027099609,80.2279281616,56080,56100,20
12.9027099609,80.2279281616,56100,56110,10
12.9028196335,80.2279586792,56110,56120,10
12.9033603668,80.2279815674,56120,56130,10
12.9041795731,80.2280197144,56130,56140,10
12.9050598145,80.2280807495,56140,56150,10
12.9057102203,80.2281036377,56150,56160,10
12.905790329,80.2280883789,56160,56170,10
12.9059801102,80.2280883789,56170,56180,10
12.9064102173,80.2281417847,56180,56191,11
12.9068002701,80.2281799316,56191,56201,10
12.9068899155,80.2282028198,56201,56211,10
12.9073095322,80.2282562256,56211,56221,10
12.907959938,80.2283401489,56221,56231,10
12.9087400436,80.2284927368,56231,56241,10
12.9094295502,80.2285919189,56241,56251,10
12.9105596542,80.228767395,56251,56261,10
12.9115495682,80.2289199829,56261,56271,10
12.9125499725,80.2290496826,56271,56281,10
12.9134502411,80.2291564941,56281,56292,11
12.9139995575,80.2292404175,56292,56302,10
12.9140501022,80.2292633057,56302,56312,10
12.9143800735,80.2293167114,56312,56322,10
12.9146299362,80.2293395996,56322,56332,10
12.9152603149,80.2294387817,56332,56342,10
12.9161396027,80.2295837402,56342,56352,10
12.9171600342,80.2296981812,56352,56362,10
12.9181604385,80.2298431396,56362,56372,10
12.9190301895,80.2299499512,56372,56382,10
12.9191398621,80.2299575806,56382,56393,11
12.9194402695,80.2300033569,56393,56403,10
12.9200401306,80.2300720215,56403,56413,10
12.9208202362,80.230178833,56413,56423,10
12.9217596054,80.2303009033,56423,56433,10
12.922750473,80.2304611206,56433,56443,10
12.923789978,80.2305984497,56443,56453,10
12.9248600006,80.2307434082,56453,56463,10
12.9258699417,80.2308425903,56463,56473,10
12.9263801575,80.2309036255,56473,56483,10
12.9264497757,80.2309112549,56483,56494,11
12.9269504547,80.2309799194,56494,56504,10
12.9276599884,80.2310714722,56504,56514,10
12.9285497665,80.2312011719,56514,56524,10
12.9294500351,80.2313766479,56524,56534,10
12.9304199219,80.2316131592,56534,56544,10
12.931429863,80.2319107056,56544,56554,10
12.9324302673,80.2322387695,56554,56563,9
12.9336996078,80.2327423096,56563,56584,21
12.9336996078,80.2327423096,56584,56594,10
12.9340896606,80.2329177856,56594,56605,11
12.9348096848,80.2332382202,56605,56615,10
12.935549736,80.2335662842,56615,56625,10
12.9364995956,80.2340164185,56625,56635,10
12.9374103546,80.2344665527,56635,56645,10
12.9383802414,80.2349472046,56645,56655,10
12.9397201538,80.2356033325,56655,56675,20
12.9397201538,80.2356033325,56675,56684,9
12.9398202896,80.2356567383,56684,56695,11
12.9401903152,80.2358016968,56695,56706,11
12.9408502579,80.2359771729,56706,56716,10
12.9416503906,80.2361831665,56716,56726,10
12.9426202774,80.2364730835,56726,56736,10
12.9434299469,80.2370605469,56736,56746,10
12.9441404343,80.2378234863,56746,56756,10
12.9449100494,80.2386627197,56756,56766,10
12.945810318,80.2393493652,56766,56776,10
12.9467601776,80.2397384644,56776,56786,10
12.9473495483,80.239982605,56786,56796,10
12.9474401474,80.2400131226,56796,56806,10
12.9478902817,80.2402114868,56806,56817,11
12.9488296509,80.2405776978,56817,56857,40
12.9488296509,80.2405776978,56857,56867,10
12.948969841,80.2406921387,56867,56877,10
12.9494800568,80.2408828735,56877,56887,10
12.9502801895,80.2411117554,56887,56897,10
12.9510602951,80.2413330078,56897,56907,10
12.9510803223,80.2413482666,56907,56918,11
12.9514102936,80.2414779663,56918,56928,10
12.9520797729,80.2417068481,56928,56938,10
12.9529399872,80.2420425415,56938,56948,10
12.953789711,80.2423706055,56948,56958,10
12.9546203613,80.2426986694,56958,56968,10
12.955450058,80.2430114746,56968,56978,10
12.9562501907,80.2432937622,56978,56988,10
12.9563999176,80.2433624268,56988,56998,10
12.9567899704,80.243522644,56998,57008,10
12.9574899673,80.2438583374,57008,57018,10
12.9588899612,80.2444076538,57018,57039,21
12.9588899612,80.2444076538,57039,57049,10
12.9592504501,80.2446670532,57049,57059,10
12.9599199295,80.244972229,57059,57069,10
12.9608001709,80.2453765869,57069,57079,10
12.9617500305,80.2458190918,57079,57089,10
12.9627199173,80.2462921143,57089,57099,10
12.9635400772,80.2466888428,57099,57109,10
12.9644098282,80.2470397949,57109,57119,10
12.9652996063,80.2473373413,57119,57130,11
12.9662799835,80.2477035522,57130,57140,10
12.966919899,80.2479782104,57140,57160,20
12.966919899,80.2479782104,57160,57170,10
12.9672203064,80.2481536865,57170,57180,10
12.9678001404,80.2483978271,57180,57190,10
12.9685602188,80.2487106323,57190,57200,10
12.9695196152,80.2491073608,57200,57210,10
12.9705696106,80.2495422363,57210,57220,10
12.9716997147,80.2498779297,57220,57231,11
12.9729795456,80.2502212524,57231,57241,10
12.9740200043,80.2504730225,57241,57251,10
12.9743795395,80.2505493164,57251,57261,10
12.9745903015,80.250617981,57261,57271,10
12.9751701355,80.2508010864,57271,57281,10
12.9759998322,80.2510375977,57281,57291,10
12.9770402908,80.2513504028,57291,57301,10
12.9778003693,80.2518005371,57301,57311,10
12.9779901505,80.2518997192,57311,57321,10
12.9782600403,80.2521209717,57321,57331,10
12.9786396027,80.2523498535,57331,57342,11
12.9791698456,80.252532959,57342,57352,10
12.9796495438,80.2525634766,57352,57362,10
12.9799098969,80.2523498535,57362,57372,10
12.9799804688,80.2520599365,57372,57382,10
12.9801998138,80.2514190674,57382,57392,10
12.9804601669,80.2504730225,57392,57402,10
12.9807100296,80.2492294312,57402,57412,10
12.9808101654,80.2478637695,57412,57421,9
12.980919838,80.2465591431,57421,57431,10
12.9810800552,80.2450866699,57431,57443,12
12.981180191,80.2438278198,57443,57453,10
12.9813404083,80.2434463501,57453,57463,10
12.9813499451,80.243019104,57463,57473,10
12.9813604355,80.242729187,57473,57483,10
12.9813604355,80.2425918579,57483,57493,10
12.9813499451,80.2420272827,57493,57503,10
12.9813404083,80.2412414551,57503,57513,10
12.9813203812,80.2404022217,57513,57523,10
12.981300354,80.2395629883,57523,57533,10
12.9812698364,80.2387466431,57533,57544,11
12.9812498093,80.2380523682,57544,57554,10
12.9812498093,80.2379379272,57554,57564,10
12.9812402725,80.2375717163,57564,57574,10
12.9812202454,80.2369003296,57574,57584,10
12.9812002182,80.236000061,57584,57594,10
12.9811601639,80.2348937988,57594,57604,10
12.9813299179,80.2339019775,57604,57620,16
12.9815797806,80.2333984375,57620,57632,12
12.9816398621,80.2332992554,57632,57641,9
12.9818201065,80.2329177856,57641,57651,10
12.9819898605,80.2322998047,57651,57663,12
12.9819402695,80.2315368652,57663,57673,10
12.9818201065,80.2310333252,57673,57683,10
12.9815998077,80.2305679321,57683,57693,10
12.9812602997,80.2300262451,57693,57703,10
12.9808597565,80.2293777466,57703,57713,10
12.9806604385,80.2291107178,57713,57721,8
12.9805603027,80.2289123535,57721,57733,12
12.9802398682,80.2282867432,57733,57743,10
12.9798803329,80.2277069092,57743,57755,12
12.9793596268,80.226852417,57755,57765,10
12.9788799286,80.2260284424,57765,57775,10
12.9783496857,80.2251968384,57775,57785,10
12.9779596329,80.2246170044,57785,57795,10
12.9777803421,80.2243881226,57795,57805,10
12.977689743,80.2242202759,57805,57815,10
12.9774103165,80.2237625122,57815,57825,10
12.9770698547,80.2231826782,57825,57835,10
12.9769296646,80.2228317261,57835,57845,10
12.9770202637,80.2227401733,57845,57855,10
12.9770898819,80.2227325439,57855,57866,11
12.9774599075,80.2226791382,57866,57876,10
12.9774999619,80.2221984863,57876,57886,10
12.9774703979,80.2215194702,57886,57896,10
12.9775600433,80.2212524414,57896,57906,10
12.9780597687,80.2212219238,57906,57916,10
12.9787902832,80.2211837769,57916,57926,10
12.979590416,80.2211074829,57926,57936,10
12.9804000854,80.221031189,57936,57946,10
12.9811496735,80.2211074829,57946,57956,10
12.981760025,80.2214736938,57956,57967,11
12.9822702408,80.2217788696,57967,57977,10
12.9827203751,80.2219085693,57977,57997,20
12.9827203751,80.2219085693,57997,58007,10
12.9829597473,80.2220001221,58007,58017,10
12.9830598831,80.222038269,58017,58027,10
12.9834403992,80.222328186,58027,58037,10
12.9838600159,80.2225799561,58037,58047,10
12.9838895798,80.2226028442,58047,58057,10
12.9841804504,80.2227630615,58057,58068,11
12.984749794,80.2231216431,58068,58078,10
12.9853897095,80.2233123779,58078,58088,10
12.9857997894,80.2230300903,58088,58098,10
12.9865102768,80.2229919434,58098,58108,10
12.9871397018,80.2230911255,58108,58117,9
12.9876203537,80.2231063843,58117,58128,11
12.9883298874,80.2226715088,58128,58138,10
12.9890203476,80.2219619751,58138,58148,10
12.989569664,80.221282959,58148,58158,10
12.9900903702,80.2206802368,58158,58168,10
12.9904403687,80.220413208,58168,58179,11
12.9905195236,80.2203369141,58179,58189,10
12.990940094,80.2200164795,58189,58199,10
12.9913797379,80.2197036743,58199,58209,10
12.9917201996,80.2194213867,58209,58219,10
12.9922103882,80.219078064,58219,58229,10
12.9928798676,80.2185897827,58229,58239,10
12.9936304092,80.2180404663,58239,58249,10
12.9940004349,80.2177810669,58249,58259,10
12.99421978,80.217628479,58259,58269,10
12.9944696426,80.2174606323,58269,58280,11
12.9948997498,80.2171401978,58280,58290,10
12.9954204559,80.2168197632,58290,58300,10
12.9960603714,80.2165985107,58300,58310,10
12.996509552,80.2165222168,58310,58320,10
12.9967403412,80.2164764404,58320,58330,10
12.9970998764,80.2164230347,58330,58340,10
12.9974498749,80.2161636353,58340,58350,10
12.997590065,80.2160415649,58350,58360,10
12.9980096817,80.2156829834,58360,58370,10
12.9985799789,80.2151870728,58370,58381,11
12.9990501404,80.2148132324,58381,58391,10
12.9993200302,80.2145767212,58391,58401,10
12.9998102188,80.2141494751,58401,58411,10
13.0003004074,80.2137069702,58411,58421,10
13.0008497238,80.2132415771,58421,58431,10
13.0014200211,80.2128219604,58431,58441,10
13.0018596649,80.2125015259,58441,58451,10
13.0023097992,80.2122421265,58451,58461,10
13.002790451,80.2121200562,58461,58471,10
13.0033397675,80.2121124268,58471,58482,11
13.003660202,80.2118988037,58482,58492,10
13.0036697388,80.2113571167,58492,58502,10
13.0036001205,80.2105789185,58502,58512,10
13.0035200119,80.2098236084,58512,58522,10
13.0036001205,80.2091903687,58522,58532,10
13.0041799545,80.2087020874,58532,58542,10
13.0050497055,80.2090911865,58542,58552,10
13.0055599213,80.2093200684,58552,58562,10
13.0057601929,80.2093963623,58562,58572,10
13.0059404373,80.2094573975,58572,58582,10
13.0062704086,80.2095794678,58582,58593,11
13.0067100525,80.2097625732,58593,58603,10
13.0069799423,80.2097702026,58603,58613,10
13.0072698593,80.2098388672,58613,58633,20
13.0072698593,80.2098388672,58633,58643,10
13.0075101852,80.2098617554,58643,58659,16
13.0080299377,80.2099914551,58659,58671,12
13.0081701279,80.2097396851,58671,58679,8
13.0080404282,80.2091598511,58679,58690,11
13.0078496933,80.2080764771,58690,58702,12
13.0076303482,80.2069091797,58702,58712,10
13.0075502396,80.2061691284,58712,58722,10
13.0075101852,80.2053604126,58722,58732,10
13.0074996948,80.204498291,58732,58742,10
13.0074100494,80.20362854,58742,58752,10
13.0072002411,80.2026901245,58752,58762,10
13.0065202713,80.2028198242,58762,58772,10
13.0068302155,80.2034225464,58772,58782,10
13.0074996948,80.2037200928,58782,58792,10
13.0085296631,80.203742981,58792,58803,11
13.0100002289,80.2036514282,58803,58813,10
13.0113096237,80.2037277222,58813,58823,10
13.0125598907,80.2039413452,58823,58833,10
13.0133600235,80.2041397095,58833,58843,10
13.0136604309,80.204246521,58843,58853,10
13.0137395859,80.2043380737,58853,58863,10
13.0136499405,80.2045974731,58863,58873,10
13.0136003494,80.2047195435,58873,58883,10
13.0134601593,80.2051086426,58883,58893,10
13.0132398605,80.2057876587,58893,58904,11
13.0130596161,80.2066192627,58904,58914,10
13.0130195618,80.207321167,58914,58924,10
13.0129404068,80.2078018188,58924,58934,10
13.0129003525,80.2082901001,58934,58944,10
13.0129098892,80.2086486816,58944,58954,10
13.013010025,80.2091827393,58954,58964,10
13.013250351,80.2098007202,58964,58974,10
13.0131702423,80.2104415894,58974,58984,10
13.012960434,80.2112121582,58984,58994,10
13.0125398636,80.2119598389,58994,59004,10
13.0121498108,80.2125167847,59004,59015,11
13.0118999481,80.2127990723,59015,59025,10
13.0116500854,80.2127304077,59025,59041,16
13.0108203888,80.2121200562,59041,59053,12
13.0104799271,80.2118682861,59053,59070,17
13.0104799271,80.2118682861,59070,59081,11
13.0102996826,80.2117385864,59081,59095,14
13.0100402832,80.211517334,59095,59105,10
13.0096998215,80.2112579346,59105,60128,1023
13.0096998215,80.2112579346,60128,60138,10
13.0094404221,80.2110290527,60138,60148,10
13.0094203949,80.2110214233,60148,60158,10
13.0093097687,80.2110900879,60158,60169,11
13.00922966,80.2112121582,60169,60179,10
13.0090999603,80.2113876343,60179,60189,10
13.0090198517,80.2116165161,60189,60199,10
13.0091295242,80.2119903564,60199,60209,10
13.0093402863,80.2126312256,60209,60219,10
13.00963974,80.2134170532,60219,60229,10
13.0099802017,80.2142410278,60229,60239,10
13.0101995468,80.2150115967,60239,60249,10
13.0103302002,80.2158279419,60249,60259,10
13.0107097626,80.2166671753,60259,60270,11
13.0111904144,80.2176971436,60270,60280,10
13.0115604401,80.2187271118,60280,60290,10
13.0119800568,80.2199172974,60290,60300,10
13.0122995377,80.2209625244,60300,60310,10
13.0124998093,80.2216567993,60310,60320,10
13.012960434,80.2222518921,60320,60330,10
13.0134401321,80.2228164673,60330,60340,10
13.0139398575,80.2234115601,60340,60350,10
13.0142803192,80.2238616943,60350,60360,10
13.0146102905,80.2242736816,60360,60371,11
13.0150403976,80.2247467041,60371,60381,10
13.0154600143,80.2252807617,60381,60391,10
13.0153799057,80.2257080078,60391,60401,10
13.0148096085,80.226020813,60401,60411,10
13.0139102936,80.2263717651,60411,60421,10
13.0128803253,80.2267837524,60421,60431,10
13.0119695663,80.2271575928,60431,60441,10
13.0109901428,80.2275466919,60441,60451,10
13.0100803375,80.2278823853,60451,60461,10
13.0094995499,80.227722168,60461,60471,10
13.0097103119,80.2271575928,60471,60482,11
13.0101003647,80.2262496948,60482,60492,10
13.010430336,80.2255477905,60492,60502,10
13.0105600357,80.225227356,60502,60512,10
13.0107097626,80.224937439,60512,60522,10
13.0108995438,80.2244567871,60522,60532,10
13.0110502243,80.2239685059,60532,60542,10
13.0111503601,80.2236862183,60542,60552,10
13.0112895966,80.2233886719,60552,60562,10
13.0110797882,80.2231216431,60562,60572,10
13.0103998184,80.2227783203,60572,60583,11
13.0094203949,80.2222595215,60583,60593,10
13.0083503723,80.2216567993,60593,60603,10
13.0072498322,80.2210769653,60603,60613,10
13.0061397552,80.2206115723,60613,60623,10
13.0048904419,80.2203216553,60623,60633,10
13.0037403107,80.2200317383,60633,60643,10
13.0027999878,80.2197570801,60643,60653,10
13.0020904541,80.2191696167,60653,60663,10
13.0017204285,80.2187728882,60663,60673,10
13.0011196136,80.2182998657,60673,60684,11
13.0003900528,80.2178192139,60684,60694,10
12.9996204376,80.2173614502,60694,60704,10
12.9989595413,80.2170028687,60704,60714,10
12.9983797073,80.2167129517,60714,60724,10
12.9975500107,80.2165374756,60724,60734,10
12.9974803925,80.2165298462,60734,60744,10
12.997179985,80.2165298462,60744,60754,10
12.9965696335,80.2165603638,60754,60764,10
12.9957399368,80.2167282104,60764,60774,10
12.9951295853,80.217010498,60774,60784,10
12.9947595596,80.2172698975,60784,60795,11
12.9944295883,80.2175216675,60795,60805,10
12.9941396713,80.2177429199,60805,60815,10
12.9937496185,80.2179794312,60815,60825,10
12.9931602478,80.2183990479,60825,60835,10
12.9925203323,80.2188796997,60835,60845,10
12.9919204712,80.2193222046,60845,60855,10
12.9910802841,80.2199325562,60855,60865,10
12.9907798767,80.220161438,60865,60875,10
12.9906396866,80.2202835083,60875,60885,10
12.9901399612,80.2206573486,60885,60896,11
12.9895401001,80.221321106,60896,60906,10
12.9892301559,80.2217330933,60906,60916,10
12.9887895584,80.2222290039,60916,60926,10
12.9882202148,80.2227630615,60926,60936,10
12.9880800247,80.2228775024,60936,60946,10
12.987739563,80.2230682373,60946,60956,10
12.9875602722,80.2230987549,60956,60966,10
12.9873199463,80.2230911255,60966,60976,10
12.9869003296,80.2230224609,60976,60986,10
12.9863595963,80.2229690552,60986,60996,10
12.9857997894,80.2230224609,60996,61007,11
12.9852199554,80.2232666016,61007,61017,10
12.9847002029,80.2230377197,61017,61027,10
12.9840097427,80.2226409912,61027,61037,10
12.9836902618,80.2224731445,61037,61047,10
12.983499527,80.2223434448,61047,61057,10
12.9834604263,80.2223129272,61057,61067,10
12.9833498001,80.2222366333,61067,61077,10
12.9831800461,80.2221298218,61077,61087,10
12.9829902649,80.2219772339,61087,61097,10
12.9826002121,80.2218322754,61097,61108,11
12.9820804596,80.2216415405,61108,61118,10
12.9815797806,80.2213134766,61118,61128,10
12.9809398651,80.2210388184,61128,61138,10
12.9802303314,80.2210769653,61138,61148,10
12.9796304703,80.2211303711,61148,61158,10
12.9790802002,80.2211608887,61158,61168,10
12.9784698486,80.2211914063,61168,61178,10
12.977689743,80.2212219238,61178,61188,10
12.9770498276,80.2212677002,61188,61198,10
12.9766302109,80.2212600708,61198,61209,11
12.9763803482,80.2212600708,61209,61219,10
12.9761400223,80.2213973999,61219,61229,10
12.9764404297,80.2218933105,61229,61249,20
12.9764404297,80.2218933105,61249,61259,10
12.9764995575,80.2220306396,61259,61269,10
12.9767799377,80.2225418091,61269,61279,10
12.9771900177,80.223197937,61279,61289,10
12.9777202606,80.224029541,61289,61299,10
12.9782800674,80.2249221802,61299,61309,10
12.9786901474,80.2256164551,61309,61320,11
12.9788599014,80.2258911133,61320,61330,10
12.979180336,80.2264328003,61330,61340,10
12.979640007,80.2271881104,61340,61350,10
12.9801197052,80.2279815674,61350,61360,10
12.9805698395,80.2287597656,61360,61370,10
12.9808301926,80.2291870117,61370,61380,10
12.9811000824,80.2296829224,61380,61390,10
12.9815397263,80.2303009033,61390,61400,10
12.9816102982,80.2304229736,61400,61410,10
12.9817800522,80.2307891846,61410,61421,11
12.9820404053,80.2315597534,61421,61431,10
12.9820804596,80.2323226929,61431,61447,16
12.9816904068,80.2334365845,61447,61459,12
12.9816398621,80.2335586548,61459,61469,10
12.9815196991,80.2337722778,61469,61479,10
12.9812498093,80.2344207764,61479,61487,8
12.9812402725,80.2354202271,61487,61499,12
12.9812898636,80.2368011475,61499,61509,10
12.9813098907,80.2378997803,61509,61519,10
12.9813404083,80.2387084961,61519,61530,11
12.9813404083,80.2387619019,61530,61540,10
12.9813499451,80.2388000488,61540,61550,10
12.9813499451,80.2392196655,61550,61560,10
12.9813699722,80.2399368286,61560,61570,10
12.9813995361,80.2408828735,61570,61580,10
12.9813995361,80.2418365479,61580,61590,10
12.9814195633,80.2425537109,61590,61600,10
12.9814100266,80.2429504395,61600,61610,10
12.9814100266,80.2429580688,61610,61620,10
12.9814195633,80.2431335449,61620,61631,11
12.9813804626,80.2437515259,61631,61641,10
12.9812498093,80.2445602417,61641,61651,10
12.9811201096,80.2456436157,61651,61661,10
12.9809799194,80.2469177246,61661,61671,10
12.9808702469,80.2482376099,61671,61681,10
12.9807500839,80.2495574951,61681,61690,9
12.9805297852,80.2506866455,61690,61700,10
12.9802303314,80.2517623901,61700,61711,11
12.9800300598,80.2523422241,61711,61721,10
12.9799499512,80.2526626587,61721,61762,41
12.9799499512,80.2526626587,61762,61772,10
12.9799499512,80.2527084351,61772,61782,10
12.9797801971,80.2528381348,61782,61792,10
12.9792203903,80.2527618408,61792,61802,10
12.9786300659,80.2526397705,61802,61818,16
12.9784803391,80.2525482178,61818,61830,12
12.9779100418,80.2520980835,61830,61841,11
12.9771499634,80.2515029907,61841,61851,10
12.9761600494,80.2511520386,61851,61861,10
12.9750900269,80.2508392334,61861,61871,10
12.9740495682,80.2505569458,61871,61881,10
12.9725904465,80.2501983643,61881,61901,20
12.9725904465,80.2501983643,61901,61911,10
12.9724903107,80.2501678467,61911,61921,10
12.9720201492,80.2500076294,61921,61931,10
12.9713201523,80.2498092651,61931,61942,11
12.9703903198,80.2495269775,61942,61952,10
12.9694795609,80.2491989136,61952,61962,10
12.9685897827,80.248840332,61962,61972,10
12.9676799774,80.2484588623,61972,61982,10
12.9668197632,80.2480773926,61982,61992,10
12.9660196304,80.2477111816,61992,62002,10
12.9650402069,80.2473831177,62002,62022,20
12.9650402069,80.2473831177,62022,62032,10
12.9649496078,80.2473602295,62032,62043,11
12.9644699097,80.2471389771,62043,62053,10
12.9639396667,80.2469177246,62053,62063,10
12.9638795853,80.246887207,62063,62073,10
12.963760376,80.2468414307,62073,62083,10
12.9633998871,80.2466888428,62083,62093,10
12.9626903534,80.2463607788,62093,62103,10
12.9617300034,80.2459030151,62103,62113,10
12.9605903625,80.2453536987,62113,62123,10
12.959569931,80.2449188232,62123,62133,10
12.9593801498,80.2448196411,62133,62143,10
12.9591999054,80.2447280884,62143,62160,17
12.9580802917,80.2442321777,62160,62172,12
12.9571304321,80.2438964844,62172,62182,10
12.9564599991,80.2437362671,62182,62192,10
12.9563703537,80.2437133789,62192,62202,10
12.9561004639,80.2436065674,62202,62212,10
12.9555702209,80.2432785034,62212,62221,9
12.9547595978,80.2428665161,62221,62232,11
12.9536600113,80.2424163818,62232,62242,10
12.9525995255,80.2420196533,62242,62252,10
12.951669693,80.2416763306,62252,62264,12
12.9511203766,80.2415084839,62264,62274,10
12.9508695602,80.2413864136,62274,62284,10
12.950220108,80.2411727905,62284,62294,10
12.9496498108,80.241027832,62294,62304,10
12.9495601654,80.2409973145,62304,62314,10
12.9494600296,80.2409362793,62314,62324,10
12.9491100311,80.2408218384,62324,62334,10
12.9486999512,80.2406387329,62334,62344,10
12.9480304718,80.2403869629,62344,62354,10
12.9477396011,80.2402801514,62354,62365,11
12.9476203918,80.2402267456,62365,62375,10
12.9473800659,80.2401199341,62375,62385,10
12.9473400116,80.2400894165,62385,62395,10
12.9472398758,80.2400512695,62395,62405,10
12.9469499588,80.2399291992,62405,62415,10
12.9464101791,80.239692688,62415,62425,10
12.945599556,80.2393417358,62425,62435,10
12.9447402954,80.2386703491,62435,62445,10
12.9439001083,80.23777771,62445,62455,10
12.9430999756,80.2369766235,62455,62466,11
12.9418802261,80.2363586426,62466,62476,10
12.9407300949,80.236076355,62476,62486,10
12.9399003983,80.2358398438,62486,62506,20
12.9399003983,80.2358398438,62506,62516,10
12.9395399094,80.2356567383,62516,62526,10
12.9389295578,80.2353591919,62526,62536,10
12.938079834,80.2349319458,62536,62546,10
12.9370603561,80.2344284058,62546,62562,16
12.9361696243,80.2340393066,62562,62575,13
12.9360399246,80.2339782715,62575,62585,10
12.9359397888,80.2339324951,62585,62595,10
12.9357795715,80.2338790894,62595,62605,10
12.9354600906,80.2336883545,62605,62615,10
12.9347496033,80.2333679199,62615,62625,10
12.9340200424,80.2330474854,62625,62634,9
12.9338598251,80.2329711914,62634,62644,10
12.933839798,80.2329788208,62644,62655,11
12.933380127,80.232749939,62655,62665,10
12.9326400757,80.2324295044,62665,62676,11
12.931520462,80.2320480347,62676,62686,10
12.9302902222,80.2316665649,62686,62696,10
12.9292201996,80.2314071655,62696,62706,10
12.9288196564,80.2313079834,62706,62716,10
12.9282302856,80.2312164307,62716,62726,10
12.9273395538,80.2311172485,62726,62736,10
12.9263296127,80.2310333252,62736,62746,10
12.9261302948,80.2310180664,62746,62756,10
12.9258098602,80.2309799194,62756,62766,10
12.9251499176,80.2308883667,62766,62776,10
12.9243001938,80.2307815552,62776,62787,11
12.9230699539,80.2305984497,62787,62803,16
12.9209804535,80.2303085327,62803,62815,12
12.9195404053,80.2301483154,62815,62825,10
12.9191102982,80.2300872803,62825,62834,9
12.9190702438,80.2300872803,62834,62845,11
12.9185304642,80.2300033569,62845,62855,10
12.9178199768,80.2298965454,62855,62865,10
12.9166698456,80.2297286987,62865,62875,10
12.9154396057,80.2295608521,62875,62887,12
12.9140796661,80.2293777466,62887,62897,10
12.913359642,80.2293167114,62897,62907,10
12.913310051,80.229309082,62907,62917,10
12.9131002426,80.2292480469,62917,62927,10
12.9124898911,80.2291488647,62927,62937,10
12.9116201401,80.2290267944,62937,62947,10
12.9104795456,80.2288665771,62947,62957,10
12.9092102051,80.2286682129,62957,62967,10
12.9080696106,80.2284927368,62967,62977,10
12.9072999954,80.2284011841,62977,63048,71
12.9072999954,80.2284011841,63048,63059,11
12.9071702957,80.2283782959,63059,63068,9
12.9067602158,80.2283401489,63068,63079,11
12.9062995911,80.2283096313,63079,63089,10
12.9061403275,80.2283096313,63089,63100,11
12.9054803848,80.2282562256,63100,63110,10
12.9046001434,80.2282028198,63110,63120,10
12.9035196304,80.2281417847,63120,63130,10
12.9025602341,80.2281036377,63130,63140,10
12.9021100998,80.2280807495,63140,63160,20
12.9021100998,80.2280807495,63160,63170,10
12.9020004272,80.2281036377,63170,63180,10
12.9016895294,80.2280578613,63180,63190,10
12.9011802673,80.2280502319,63190,63201,11
12.9004201889,80.2279891968,63201,63211,10
12.8997402191,80.2279586792,63211,63221,10
12.8992004395,80.2279434204,63221,63261,40
12.8992004395,80.2279434204,63261,63271,10
12.8988704681,80.2279586792,63271,63281,10
12.898440361,80.2279205322,63281,63291,10
12.8979501724,80.2278594971,63291,63302,11
12.8973503113,80.2278137207,63302,63312,10
12.8967399597,80.2277832031,63312,63322,10
12.8961200714,80.2277526855,63322,63332,10
12.8955097198,80.2277297974,63332,63342,10
12.894900322,80.2276992798,63342,63352,10
12.8942899704,80.2276611328,63352,63362,10
12.8937597275,80.2276229858,63362,63372,10
12.8933696747,80.2275695801,63372,63382,10
12.8933200836,80.2275619507,63382,63392,10
12.893289566,80.2275466919,63392,63403,11
12.8925199509,80.2274475098,63403,63443,40
12.8925199509,80.2274475098,63443,63453,10
12.892250061,80.2274169922,63453,63463,10
12.8916397095,80.2273864746,63463,63473,10
12.8908004761,80.2273864746,63473,63483,10
12.8899002075,80.2274017334,63483,63493,10
12.8884496689,80.2274017334,63493,63514,21
12.8884496689,80.2274017334,63514,63524,10
12.8880796432,80.2273788452,63524,63534,10
12.8873796463,80.2273025513,63534,63544,10
12.886469841,80.2270965576,63544,63554,10
12.8848896027,80.2267837524,63554,63574,20
12.8848896027,80.2267837524,63574,63584,10
12.8845396042,80.2267379761,63584,63594,10
12.8838500977,80.2267379761,63594,63604,10
12.8829298019,80.2267379761,63604,63615,11
12.8816404343,80.2267379761,63615,63625,10
12.8803195953,80.2267532349,63625,63635,10
12.8789100647,80.2267837524,63635,63645,10
12.8775501251,80.226890564,63645,63655,10
12.8765897751,80.2269973755,63655,63665,10
12.8764400482,80.226890564,63665,63675,10
12.8763904572,80.2266082764,63675,63685,10
12.8763999939,80.2264785767,63685,63695,10
12.8764200211,80.2263793945,63695,63705,10
12.8764801025,80.2259063721,63705,63716,11
12.8765697479,80.2250289917,63716,63726,10
12.876709938,80.2239837646,63726,63736,10
12.8769903183,80.2227478027,63736,63746,10
12.8773002625,80.2213973999,63746,63756,10
12.8776302338,80.2199783325,63756,63766,10
12.8779497147,80.2185287476,63766,63776,10
12.8782396317,80.2170410156,63776,63786,10
12.8785600662,80.2155609131,63786,63796,10
12.8788795471,80.2140808105,63796,63806,10
12.8791399002,80.2126998901,63806,63816,10
12.879360199,80.211517334,63816,63827,11
12.8789796829,80.2109375,63827,63847,20
12.8789796829,80.2109375,63847,63857,10
12.8788995743,80.2109680176,63857,63867,10
12.8784399033,80.2108764648,63867,63877,10
12.8776903152,80.2107315063,63877,63886,9
12.8771495819,80.2106399536,63886,63897,11
12.8763599396,80.2104797363,63897,63907,10
12.8754196167,80.210319519,63907,63917,10
12.8744001389,80.2101211548,63917,63958,41
12.8744001389,80.2101211548,63958,63968,10
12.8743600845,80.2098693848,63968,63978,10
12.8746299744,80.2096176147,63978,63988,10
12.8746795654,80.2098388672,63988,64988,1000
12.8746795654,80.2098388672,64988,64998,10
12.8747596741,80.2099990845,64998,65008,10
12.8747997284,80.2101974487,65008,65018,10
12.8748703003,80.2102127075,65018,65028,10
12.8752298355,80.2102890015,65028,65038,10
12.8757095337,80.2103729248,65038,65048,10
12.8762102127,80.2104568481,65048,65058,10
12.8768501282,80.2105865479,65058,65068,10
12.8774595261,80.2107009888,65068,65079,11
12.8781099319,80.2108306885,65079,65089,10
12.8787202835,80.2109375,65089,65099,10
12.8791599274,80.2110290527,65099,65109,10
12.8792695999,80.2110519409,65109,65119,10
12.8794803619,80.2112503052,65119,65129,10
12.8793897629,80.2117767334,65129,65139,10
12.8792600632,80.2125167847,65139,65149,10
12.8790903091,80.2133865356,65149,65159,10
12.8788995743,80.2144012451,65159,65169,10
12.8786897659,80.2154388428,65169,65180,11
12.8784599304,80.2165298462,65180,65190,10
12.8782100677,80.2177581787,65190,65200,10
12.8779802322,80.2188873291,65200,65210,10
12.877699852,80.2200393677,65210,65220,10
12.8774299622,80.2212219238,65220,65230,10
12.8771696091,80.2223587036,65230,65240,10
12.8768997192,80.2235488892,65240,65250,10
12.8767004013,80.2246704102,65250,65260,10
12.8765897751,80.2257919312,65260,65270,10
12.8764801025,80.2265014648,65270,65281,11
12.8764600754,80.2268371582,65281,65331,50
12.8764600754,80.2268371582,65331,65341,10
12.8767204285,80.2269287109,65341,65351,10
12.8773097992,80.2268829346,65351,65361,10
12.8781499863,80.2267990112,65361,65371,10
12.8791503906,80.2267379761,65371,65381,10
12.8802204132,80.2267227173,65381,65392,11
12.8814697266,80.2266998291,65392,65402,10
12.8826503754,80.2266921997,65402,65412,10
12.8837795258,80.2266998291,65412,65422,10
12.8846797943,80.2266693115,65422,65432,10
12.8849401474,80.2266616821,65432,65442,10
12.8849897385,80.2266693115,65442,65452,10
12.8854398727,80.2267303467,65452,65462,10
12.886179924,80.2269363403,65462,65472,10
12.8871002197,80.2271728516,65472,65482,10
12.8879995346,80.2272720337,65482,65493,11
12.8885097504,80.2272872925,65493,65503,10
12.8888196945,80.2273406982,65503,65513,10
12.8895397186,80.2273406982,65513,65523,10
12.890540123,80.2273406982,65523,65533,10
12.8915901184,80.2273406982,65533,65543,10
12.892080307,80.2273178101,65543,65553,10
12.892490387,80.2273635864,65553,65563,10
12.8932504654,80.2274398804,65563,65573,10
12.8941497803,80.2275619507,65573,65583,10
12.8953304291,80.2276229858,65583,65594,11
12.8968000412,80.227722168,65594,65604,10
12.8980703354,80.2277832031,65604,65614,10
12.8990802765,80.2278366089,65614,65624,10
12.8997297287,80.2278900146,65624,65634,10
12.8999300003,80.227897644,65634,65644,10
12.9002895355,80.2279205322,65644,65654,10
12.9007101059,80.2279281616,65654,65664,10
12.9011201859,80.2279434204,65664,65674,10
12.9016399384,80.2279815674,65674,65684,10
12.9023103714,80.2279968262,65684,65700,16
12.9027996063,80.2280197144,65700,65713,13
12.9029798508,80.2280426025,65713,65723,10
12.9034996033,80.2280807495,65723,65731,8
12.9042901993,80.2281417847,65731,65743,12
12.9051198959,80.2281494141,65743,65773,30
12.9051198959,80.2281494141,65773,65783,10
12.9052200317,80.2281417847,65783,65793,10
12.905579567,80.2281723022,65793,65804,11
12.9059495926,80.2282028198,65804,65814,10
12.9063796997,80.2282333374,65814,65824,10
12.9067802429,80.2282791138,65824,65834,10
12.9073600769,80.2283401489,65834,65844,10
12.9082698822,80.228477478,65844,65854,10
12.9094800949,80.2286682129,65854,65864,10
12.9106798172,80.2288513184,65864,65874,10
12.9117898941,80.229019165,65874,65884,10
12.9129199982,80.2291717529,65884,65894,10
12.9139099121,80.229309082,65894,65915,21
12.9139099121,80.229309082,65915,65925,10
12.9139995575,80.2293167114,65925,65935,10
12.9144601822,80.2293701172,65935,65945,10
12.9152002335,80.2294998169,65945,65955,10
12.9161300659,80.2296524048,65955,65965,10
12.917140007,80.2297668457,65965,65975,10
12.9182195663,80.2299194336,65975,65985,10
12.9190998077,80.2300186157,65985,65995,10
12.9192800522,80.2300491333,65995,66005,10
12.9193601608,80.2300567627,66005,66016,11
12.9198799133,80.230140686,66016,66026,10
12.9206199646,80.2302322388,66026,66036,10
12.9215698242,80.2303466797,66036,66046,10
12.9226398468,80.2305221558,66046,66056,10
12.9237699509,80.230682373,66056,66066,10
12.9247999191,80.2308120728,66066,66076,10
12.9257202148,80.2309188843,66076,66086,10
12.9264001846,80.2309799194,66086,66096,10
12.9264802933,80.2309875488,66096,66106,10
12.9265604019,80.231010437,66106,66117,11
12.9271001816,80.231086731,66117,66127,10
12.9278697968,80.2311935425,66127,66137,10
12.928560257,80.2313079834,66137,66147,10
12.9286804199,80.2313232422,66147,66157,10
12.928730011,80.2313232422,66157,66167,10
12.9290599823,80.2313613892,66167,66177,10
12.9296503067,80.2314910889,66177,66187,10
12.9304895401,80.2316894531,66187,66197,10
12.9315500259,80.2320175171,66197,66207,10
12.9326496124,80.2323608398,66207,66217,10
12.9335203171,80.2327194214,66217,66228,11
12.9336795807,80.2327880859,66228,66244,16
12.9338903427,80.2329101563,66244,66256,12
12.934630394,80.2332305908,66256,66266,10
12.9350204468,80.2334289551,66266,66276,10
12.935259819,80.2335510254,66276,66286,10
12.9357204437,80.233757019,66286,66296,10
12.9362802505,80.2340316772,66296,66306,10
12.9371595383,80.2344436646,66306,66316,10
12.9381399155,80.2349014282,66316,66327,11
12.9389400482,80.2352676392,66327,66337,10
12.9394397736,80.2355422974,66337,66347,10
12.9396295547,80.2356262207,66347,66357,10
12.9397602081,80.2357025146,66357,66367,10
12.9398803711,80.235748291,66367,66377,10
12.940320015,80.2359237671,66377,66387,10
12.9410896301,80.2361221313,66387,66397,10
12.9420795441,80.2363586426,66397,66407,10
12.942990303,80.2367630005,66407,66417,10
12.9435997009,80.2372665405,66417,66427,10
12.9436998367,80.2373962402,66427,66435,8
12.9439601898,80.2376708984,66435,66452,17
12.9449300766,80.2387619019,66452,66462,10
12.9458703995,80.2394485474,66462,66472,10
12.9468603134,80.2398605347,66472,66482,10
12.9473400116,80.2400436401,66482,66495,13
12.9474000931,80.2400588989,66495,66505,10
12.9480304718,80.2403182983,66505,66520,15
12.9487400055,80.2405929565,66520,66541,21
12.9487400055,80.2405929565,66541,66551,10
12.948969841,80.2406768799,66551,66561,10
12.9494104385,80.2408676147,66561,66571,10
12.9500904083,80.2410888672,66571,66581,10
12.9508399963,80.2413024902,66581,66591,10
12.9510097504,80.2413635254,66591,66601,10
12.9510402679,80.2413864136,66601,66611,10
12.9514398575,80.2415390015,66611,66621,10
12.9520702362,80.2417678833,66621,66631,10
12.9527997971,80.2420425415,66631,66641,10
12.953499794,80.2423095703,66641,66652,11
12.95429039,80.2426223755,66652,66663,11
12.954990387,80.2428970337,66663,66673,10
12.955329895,80.243019104,66673,66683,10
12.9558200836,80.243270874,66683,66693,10
12.9563398361,80.2434921265,66693,66703,10
12.9563999176,80.2435073853,66703,66713,10
12.9567699432,80.2436599731,66713,66723,10
12.9574604034,80.2439193726,66723,66733,10
12.9582901001,80.2442398071,66733,66744,11
12.9588804245,80.2444610596,66744,66754,10
12.9589300156,80.2444763184,66754,66764,10
12.9590101242,80.2445373535,66764,66773,9
12.9593601227,80.2447433472,66773,66784,11
12.9600801468,80.2450790405,66784,66794,10
12.9609603882,80.2454681396,66794,66804,10
12.9619398117,80.2459411621,66804,66814,10
12.9627399445,80.2462997437,66814,66824,10
12.9633197784,80.24659729,66824,66833,9
12.9637203217,80.2468185425,66833,66845,12
12.9644804001,80.2471008301,66845,66855,10
12.9652099609,80.2473373413,66855,66864,9
12.965760231,80.2475280762,66864,66875,11
12.9660596848,80.2476501465,66875,66885,10
12.9660997391,80.2476577759,66885,66895,10
12.9661598206,80.2476806641,66895,66905,10
12.9664802551,80.2478179932,66905,66915,10
12.9665002823,80.247833252,66915,66925,10
12.9666500092,80.2478866577,66925,66935,10
12.9667701721,80.2479400635,66935,66945,10
12.9670600891,80.2481002808,66945,66956,11
12.9676799774,80.2484130859,66956,66966,10
12.968460083,80.2487182617,66966,66976,10
12.9693603516,80.2490768433,66976,66986,10
12.9703397751,80.249458313,66986,66996,10
12.9714202881,80.2498092651,66996,67006,10
12.9725599289,80.2501068115,67006,67016,10
12.9735002518,80.2503585815,67016,67026,10
12.9738101959,80.2504196167,67026,67036,10
12.9743499756,80.250541687,67036,67046,10
12.9747400284,80.2506637573,67046,67057,11
12.9747896194,80.2506790161,67057,67067,10
12.9749002457,80.2507095337,67067,67077,10
12.9750795364,80.2507019043,67077,67087,10
12.9753799438,80.2507781982,67087,67097,10
12.9757995605,80.2509231567,67097,67107,10
12.9762201309,80.2510528564,67107,67117,10
12.9767799377,80.2512130737,67117,67137,20
12.9767799377,80.2512130737,67137,67147,10
12.976940155,80.2512664795,67147,67521,374
12.9772596359,80.251373291,67521,67602,81
12.9772596359,80.251373291,67602,67612,10
12.9775800705,80.2515716553,67612,67622,10
12.977689743,80.2516403198,67622,67632,10
12.9778299332,80.2517929077,67632,67642,10
12.9780597687,80.2520217896,67642,67652,10
12.9782104492,80.2521362305,67652,67662,10
12.9783000946,80.2521820068,67662,67672,10
12.9783401489,80.2522125244,67672,67683,11
12.9786701202,80.2524032593,67683,67693,10
12.9791202545,80.2525634766,67693,67703,10
12.9795198441,80.2525863647,67703,67713,10
12.9795398712,80.2525863647,67713,67723,10
12.9799003601,80.2524719238,67723,67733,10
12.9799404144,80.2523422241,67733,67743,10
12.9799499512,80.2521896362,67743,67753,10
12.980050087,80.2517623901,67753,67763,10
12.9802799225,80.2510604858,67763,67773,10
12.9805297852,80.2501525879,67773,67784,11
12.9806900024,80.2489395142,67784,67794,10
12.9807796478,80.2478103638,67794,67804,10
12.9808702469,80.246673584,67804,67814,10
12.9809503555,80.2457809448,67814,67824,10
12.9809799194,80.2454299927,67824,67844,20
12.9809799194,80.2454299927,67844,67854,10
12.9809904099,80.2453689575,67854,67895,41
12.981010437,80.2451019287,67895,67955,60
12.9810495377,80.2448730469,67955,68016,61
12.9810495377,80.2448730469,68016,68026,10
12.9810800552,80.2446975708,68026,68137,111
12.9811201096,80.2442932129,68137,68177,40
12.9811201096,80.2442932129,68177,68187,10
12.9811401367,80.243927002,68187,68198,11
12.981180191,80.2437973022,68198,68208,10
12.9812803268,80.243598938,68208,68238,30
12.9812803268,80.243598938,68238,68248,10
12.981300354,80.2432785034,68248,68258,10
12.9813299179,80.2429580688,68258,68268,10
12.9813299179,80.2427902222,68268,68278,10
12.9813203812,80.2427062988,68278,68288,10
12.9813203812,80.2424316406,68288,68359,71
12.9813203812,80.2424316406,68359,68369,10
12.9813098907,80.2422103882,68369,68379,10
12.9813098907,80.2422027588,68379,68389,10
12.9813098907,80.2418518066,68389,68460,71
12.9813098907,80.2418518066,68460,68470,10
12.9813203812,80.241607666,68470,68480,10
12.9813098907,80.241317749,68480,68500,20
12.9813098907,80.241317749,68500,68511,11
12.981300354,80.2411575317,68511,68561,50
12.981300354,80.2411575317,68561,68571,10
12.9812898636,80.2409515381,68571,68632,61
12.9812898636,80.2409515381,68632,68642,10
12.981300354,80.2407836914,68642,68712,70
12.981300354,80.2407836914,68712,68723,11
12.9812803268,80.2404403687,68723,68733,10
12.981300354,80.2401809692,68733,68753,20
12.981300354,80.2401809692,68753,68763,10
12.981300354,80.240020752,68763,68773,10
12.9812803268,80.2398071289,68773,68783,10
12.9812602997,80.2394866943,68783,68834,51
12.9812602997,80.2394866943,68834,68844,10
12.9812602997,80.2392120361,68844,68854,10
12.9812498093,80.2390365601,68854,68864,10
12.9812498093,80.238899231,68864,68874,10
12.9812602997,80.2388000488,68874,68904,30
12.9812498093,80.2385177612,68904,68945,41
12.9812498093,80.2385177612,68945,68955,10
12.9812202454,80.238319397,68955,69036,81
12.9812202454,80.238319397,69036,69046,10
12.9812097549,80.2379608154,69046,69056,10
12.9812002182,80.2378997803,69056,69066,10
12.9812097549,80.2375030518,69066,69086,20
12.9812097549,80.2375030518,69086,69096,10
12.9812002182,80.2372512817,69096,69147,51
12.9812002182,80.2372512817,69147,69157,10
12.9812097549,80.2369995117,69157,69167,10
12.9812002182,80.2368621826,69167,69177,10
12.9811897278,80.2366027832,69177,69207,30
12.9811897278,80.2364578247,69207,69237,30
12.9811897278,80.2364578247,69237,69248,11
12.9812097549,80.2363586426,69248,69258,10
12.9812002182,80.2358779907,69258,69278,20
12.9812002182,80.2358779907,69278,69288,10
12.9811897278,80.2356719971,69288,69298,10
12.9811697006,80.2352523804,69298,69318,20
12.9811697006,80.2352523804,69318,69328,10
12.9811601639,80.2351608276,69328,69338,10
12.9811601639,80.2350921631,69338,69349,11
12.9811601639,80.2348175049,69349,69369,20
12.9811601639,80.2348175049,69369,69379,10
12.9811697006,80.2346115112,69379,69409,30
12.9811697006,80.2346115112,69409,69419,10
12.9812002182,80.2343673706,69419,69429,10
12.9812698364,80.2340774536,69429,69439,10
12.9812803268,80.234046936,69439,69450,11
12.9813098907,80.2339096069,69450,69460,10
12.9813604355,80.2337875366,69460,69470,10
12.9814395905,80.2336578369,69470,69480,10
12.9815797806,80.2333908081,69480,69490,10
12.9817199707,80.233039856,69490,69500,10
12.9817399979,80.233001709,69500,69510,10
12.9818000793,80.2328720093,69510,69520,10
12.9819498062,80.2323226929,69520,69530,10
12.9819297791,80.2318572998,69530,69540,10
12.9818601608,80.2313079834,69540,69549,9
12.9816598892,80.2308197021,69549,69561,12
12.9812898636,80.2301635742,69561,69571,10
12.9809303284,80.2295913696,69571,69581,10
12.9806900024,80.2292022705,69581,69591,10
12.9806003571,80.2290420532,69591,69601,10
12.9805698395,80.2289886475,69601,69611,10
12.9803600311,80.2286300659,69611,69621,10
12.980099678,80.2281036377,69621,69631,10
12.9796800613,80.2274093628,69631,69641,10
12.9792203903,80.2266693115,69641,69651,10
12.9787101746,80.2258377075,69651,69662,11
12.9782304764,80.2250518799,69662,69672,10
12.9779996872,80.2247009277,69672,69682,10
12.9778995514,80.2246170044,69682,69692,10
12.9776296616,80.2241821289,69692,69712,20
12.9775495529,80.2240371704,69712,69732,20
12.9775495529,80.2240371704,69732,69742,10
12.9774799347,80.2239074707,69742,69752,10
12.9774303436,80.2238311768,69752,69763,11
12.9773597717,80.2236785889,69763,69773,10
12.9772500992,80.2234802246,69773,69783,10
12.9771203995,80.2232589722,69783,69793,10
12.9770698547,80.2231826782,69793,69803,10
12.9770097733,80.2230987549,69803,69813,10
12.9769802094,80.2228317261,69813,69833,20
12.9769802094,80.2228317261,69833,69843,10
12.9770698547,80.2227630615,69843,69853,10
12.9772996902,80.2227325439,69853,69863,10
12.9773702621,80.2227020264,69863,69874,11
12.9774599075,80.222366333,69874,69884,10
12.977399826,80.221321106,69884,69914,30
12.977399826,80.221321106,69914,69924,10
12.9775800705,80.2212295532,69924,69934,10
12.9779500961,80.2212371826,69934,69944,10
12.9786596298,80.2211837769,69944,69954,10
12.9792900085,80.2211303711,69954,69964,10
12.9799098969,80.2210998535,69964,69975,11
12.980799675,80.2210388184,69975,69985,10
12.9812402725,80.2211837769,69985,69995,10
12.9816999435,80.2214889526,69995,70005,10
12.9822301865,80.2217788696,70005,70015,10
12.9826602936,80.2219085693,70015,70025,10
12.98279953,80.2219619751,70025,70035,10
12.9829101563,80.2220001221,70035,70045,10
12.9830799103,80.2220916748,70045,70055,10
12.9831800461,80.2221679688,70055,70065,10
12.9832601547,80.2222366333,70065,70075,10
12.9834299088,80.2223587036,70075,70092,17
12.9837903976,80.2225875854,70092,70104,12
12.9842596054,80.2228622437,70104,70114,10
12.9846801758,80.2231216431,70114,70124,10
12.9853200912,80.2233505249,70124,70134,10
12.9860801697,80.2230224609,70134,70144,10
12.9860801697,80.2230224609,70144,70154,10
12.9861097336,80.2230224609,70154,70164,10
12.9862604141,80.2230224609,70164,70174,10
12.986530304,80.2230224609,70174,70185,11
12.9868202209,80.2230606079,70185,70195,10
12.9870595932,80.2230911255,70195,70205,10
12.9872598648,80.2231216431,70205,70215,10
12.9875602722,80.2231216431,70215,70225,10
12.9881496429,80.2227935791,70225,70235,10
12.9887599945,80.2222213745,70235,70245,10
12.9890804291,80.2218170166,70245,70255,10
12.9894599915,80.221282959,70255,70265,10
12.9900798798,80.2206497192,70265,70273,8
12.9904298782,80.2203598022,70273,70287,14
12.9907503128,80.220123291,70287,70297,10
12.9913101196,80.2196807861,70297,70307,10
12.9918003082,80.2192764282,70307,70317,10
12.9924001694,80.2188415527,70317,70327,10
12.992939949,80.218460083,70327,70337,10
12.9934101105,80.2181091309,70337,70347,10
12.9938898087,80.2177581787,70347,70357,10
12.9943304062,80.2174301147,70357,70380,23
12.9946498871,80.2172088623,70380,70393,13
12.9951095581,80.2169036865,70393,70403,10
12.9955701828,80.2166900635,70403,70413,10
12.9961900711,80.2165603638,70413,70423,10
12.9965400696,80.216506958,70423,70433,10
12.9966497421,80.2164993286,70433,70443,10
12.9969396591,80.2164764404,70443,70453,10
12.9972000122,80.2163619995,70453,70463,10
12.9973602295,80.2161865234,70463,70473,10
12.9974498749,80.2161178589,70473,70483,10
12.9978399277,80.2158203125,70483,70494,11
12.998550415,80.2152175903,70494,70504,10
12.9990196228,80.2147827148,70504,70514,10
12.9992904663,80.2145080566,70514,70523,9
12.9996995926,80.2141799927,70523,70534,11
13.0002002716,80.2137374878,70534,70544,10
13.0006999969,80.2132873535,70544,70554,10
13.0012903214,80.2128372192,70554,70564,10
13.0018796921,80.2124023438,70564,70574,10
13.0024204254,80.2121429443,70574,70584,10
13.0027599335,80.212059021,70584,70594,10
13.0033502579,80.212020874,70594,70605,11
13.0035495758,80.2119293213,70605,70615,10
13.0036201477,80.2117385864,70615,70625,10
13.0036001205,80.2112503052,70625,70635,10
13.0035400391,80.2106018066,70635,70645,10
13.0034704208,80.2099533081,70645,70655,10
13.0035104752,80.2092819214,70655,70665,10
13.0037202835,80.2086715698,70665,70675,10
13.00440979,80.2088165283,70675,70685,10
13.005200386,80.2091827393,70685,70695,10
13.005900383,80.2094497681,70695,70706,11
13.0064201355,80.2096176147,70706,70716,10
13.0069198608,80.2097625732,70716,70736,20
13.0069198608,80.2097625732,70736,70746,10
13.0069704056,80.209777832,70746,70756,10
13.0074701309,80.2098770142,70756,70766,10
13.0080499649,80.2099685669,70766,70775,9
13.008099556,80.2096633911,70775,70785,10
13.0079603195,80.2089767456,70785,70796,11
13.0078001022,80.2079620361,70796,70807,11
13.0076198578,80.2069396973,70807,70817,10
13.0074901581,80.2060623169,70817,70827,10
13.0074501038,80.2051773071,70827,70837,10
13.0074501038,80.2043609619,70837,70847,10
13.0073795319,80.2036132813,70847,70857,10
13.0072002411,80.2027664185,70857,70867,10
13.0065603256,80.2026901245,70867,70877,10
13.0067300797,80.2033691406,70877,70887,10
13.007399559,80.2036590576,70887,70897,10
13.0081996918,80.203742981,70897,70907,10
13.0089902878,80.2036895752,70907,70918,11
13.0099496841,80.2036514282,70918,70928,10
13.0109195709,80.2036819458,70928,70938,10
13.0119400024,80.2038116455,70938,70948,10
13.0128602982,80.2040023804,70948,70958,10
13.0132799149,80.2041397095,70958,70974,16
13.0135803223,80.2046585083,70974,71006,32
13.0135803223,80.2046585083,71006,71017,11
13.0135202408,80.204750061,71017,71027,10
13.0134496689,80.2049179077,71027,71037,10
13.0133600235,80.2052230835,71037,71047,10
13.0131797791,80.2057800293,71047,71058,11
13.013010025,80.2064971924,71058,71067,9
13.0129404068,80.2072677612,71067,71078,11
13.0128803253,80.2077865601,71078,71088,10
13.012840271,80.2081604004,71088,71098,10
13.0128498077,80.2085189819,71098,71108,10
13.0128803253,80.2087936401,71108,71118,10
13.0129404068,80.2092132568,71118,71129,11
13.0131502151,80.2097625732,71129,71139,10
13.0130901337,80.210357666,71139,71149,10
13.0129804611,80.210899353,71149,71159,10
13.0127601624,80.2114028931,71159,71169,10
13.0125303268,80.211807251,71169,71179,10
13.0123100281,80.2121810913,71179,71189,10
13.0121202469,80.2124710083,71189,71199,10
13.0119400024,80.2127227783,71199,71209,10
13.0119199753,80.2127380371,71209,71219,10
13.0116195679,80.2127380371,71219,71230,11
13.0111303329,80.2123794556,71230,71240,10
13.0105495453,80.2119598389,71240,71250,10
13.010140419,80.2116622925,71250,72310,1060
13.010140419,80.2116622925,72310,72320,10
13.0098896027,80.2114181519,72320,72330,10
13.0096797943,80.2112808228,72330,72371,41
13.0096797943,80.2112808228,72371,72381,10
13.0095300674,80.21118927,72381,72391,10
13.0093803406,80.2110824585,72391,72411,20
13.0093803406,80.2110824585,72411,72421,10
13.0092401505,80.2111968994,72421,72431,10
13.0090398788,80.2114334106,72431,72441,10
13.0090398788,80.2118225098,72441,72451,10
13.0092401505,80.2124633789,72451,72461,10
13.0094900131,80.213218689,72461,72470,9
13.0097703934,80.2139434814,72470,72482,12
13.0101003647,80.2149429321,72482,72492,10
13.0102996826,80.2159729004,72492,72502,10
13.0107603073,80.2169113159,72502,72512,10
13.0111503601,80.2177429199,72512,72522,10
13.0115499496,80.2188262939,72522,72532,10
13.0119495392,80.2199783325,72532,72542,10
13.0122404099,80.2208404541,72542,72552,10
13.012430191,80.2216491699,72552,72562,10
13.0128002167,80.2221832275,72562,72572,10
13.0132398605,80.2227020264,72572,72583,11
13.0138702393,80.2233963013,72583,72593,10
13.0143404007,80.2239837646,72593,72603,10
13.0149803162,80.2247085571,72603,72613,10
13.0153799057,80.2252120972,72613,72623,10
13.01541996,80.2254562378,72623,72633,10
13.0152597427,80.2258224487,72633,72643,10
13.0148601532,80.226020813,72643,72653,10
13.0143003464,80.2262115479,72653,72663,10
13.0136003494,80.2265014648,72663,72673,10
13.0127897263,80.2268295288,72673,72683,10
13.0119400024,80.2271575928,72683,72700,17
13.0103797913,80.2277908325,72700,72712,12
13.0095396042,80.2278823853,72712,72722,10
13.0095396042,80.2274627686,72722,72732,10
13.0098304749,80.2269210815,72732,72742,10
13.0100603104,80.2263565063,72742,72752,10
13.0103597641,80.2257080078,72752,72761,9
13.0106296539,80.2251281738,72761,72772,11
13.0108098984,80.2246170044,72772,72782,10
13.0108995438,80.2243423462,72782,72793,11
13.0109500885,80.2241592407,72793,72803,10
13.0110902786,80.223777771,72803,72813,10
13.0112304688,80.2234115601,72813,72823,10
13.0111103058,80.2231369019,72823,72833,10
13.0105800629,80.2228927612,72833,72843,10
13.0103197098,80.2227706909,72843,72853,10
13.010140419,80.2226715088,72853,72863,10
13.0096597672,80.2223815918,72863,72873,10
13.0089597702,80.2220230103,72873,72883,10
13.0081396103,80.2215805054,72883,72894,11
13.0071296692,80.2210388184,72894,72904,10
13.0062198639,80.2206573486,72904,72914,10
13.0053195953,80.2204666138,72914,72924,10
13.0047197342,80.2203216553,72924,72934,10
13.0045995712,80.2202987671,72934,72944,10
13.0041999817,80.220199585,72944,72954,10
13.0035495758,80.2200393677,72954,72964,10
13.0028295517,80.2198181152,72964,72974,10
13.0022096634,80.2193527222,72974,72984,10
13.0017700195,80.2188720703,72984,72994,10
13.0013198853,80.2184906006,72994,73005,11
13.0007801056,80.2181015015,73005,73015,10
13.000289917,80.2177886963,73015,73025,10
12.9996700287,80.2174224854,73025,73035,10
12.9989995956,80.2170791626,73035,73045,10
12.9983797073,80.216796875,73045,73055,10
12.9978103638,80.2166366577,73055,73065,10
12.9975795746,80.2166137695,73065,73081,16
12.9973802567,80.216583252,73081,73093,12
12.9973201752,80.216583252,73093,73101,8
12.9971199036,80.216583252,73101,73114,13
12.9967298508,80.2165908813,73114,73124,10
12.9964799881,80.2165985107,73124,73134,10
12.9961795807,80.2166595459,73134,73143,9
12.9959897995,80.2166976929,73143,73154,11
12.9955797195,80.2167892456,73154,73164,10
12.9953699112,80.2168807983,73164,73173,9
12.9951095581,80.2170181274,73173,73184,11
12.9949903488,80.2171020508,73184,73193,9
12.9947595596,80.2172622681,73193,73205,12
12.9942703247,80.2176208496,73205,73215,10
12.9938201904,80.2179718018,73215,73225,10
12.9932899475,80.2183380127,73225,73235,10
12.9927101135,80.2187576294,73235,73245,10
12.9920701981,80.2192306519,73245,73255,10
12.9914197922,80.2197113037,73255,73265,10
12.9908800125,80.2201080322,73265,73275,10
12.9907398224,80.2202072144,73275,73285,10
12.9904098511,80.2204589844,73285,73295,10
12.9898796082,80.220916748,73295,73305,10
12.9893398285,80.221572876,73305,73315,10
12.9888401031,80.2221984863,73315,73326,11
12.9883899689,80.2226409912,73326,73356,30
12.9883899689,80.2226409912,73356,73366,10
12.9882698059,80.2227478027,73366,73376,10
12.9882097244,80.2227935791,73376,73386,10
12.9880199432,80.2229385376,73386,73406,20
12.9880199432,80.2229385376,73406,73417,11
12.9877796173,80.2230987549,73417,73518,101
12.9877796173,80.2230987549,73518,73528,10
12.9872903824,80.2231063843,73528,73538,10
12.9871101379,80.2230834961,73538,73548,10
12.9867601395,80.2230300903,73548,73558,10
12.9861698151,80.2229995728,73558,73568,10
12.9855699539,80.2231826782,73568,73578,10
12.9852104187,80.2232971191,73578,73588,10
12.9847698212,80.2231521606,73588,73598,10
12.9843797684,80.22290802,73598,73608,10
12.9840803146,80.2227478027,73608,73618,10
12.9837398529,80.2225570679,73618,73629,11
12.983300209,80.2222518921,73629,73639,10
12.9832201004,80.2221984863,73639,73649,10
12.9828901291,80.2220306396,73649,73659,10
12.9823904037,80.2218475342,73659,73669,10
12.9819803238,80.2216567993,73669,73689,20
12.9819803238,80.2216567993,73689,73699,10
12.9819202423,80.2216491699,73699,73709,10
12.9816503525,80.2214202881,73709,73719,10
12.9812602997,80.2211990356,73719,73730,11
12.9809799194,80.2211074829,73730,73740,10
12.9804296494,80.2211227417,73740,73750,10
12.9796800613,80.2211914063,73750,73760,10
12.9790802002,80.2212219238,73760,73770,10
12.9784698486,80.2212600708,73770,73780,10
12.9778404236,80.2212982178,73780,73790,10
12.9769296646,80.221321106,73790,73800,10
12.9762897491,80.2213668823,73800,73810,10
12.9761295319,80.2216033936,73810,73820,10
12.9763298035,80.2218322754,73820,73831,11
12.9763402939,80.2218322754,73831,73841,10
12.9764995575,80.2221298218,73841,73851,10
12.9768400192,80.2227172852,73851,73861,10
12.9772596359,80.2233886719,73861,73871,10
12.9776802063,80.224067688,73871,73881,10
12.9781303406,80.2247695923,73881,73891,10
12.9784603119,80.2253265381,73891,73901,10
12.9788599014,80.2259979248,73901,73911,10
12.9792299271,80.2266082764,73911,73921,10
12.9795103073,80.2270736694,73921,73932,11
12.9798698425,80.2276763916,73932,73942,10
12.9801998138,80.2282028198,73942,73952,10
12.9804601669,80.2286529541,73952,73962,10
12.9806203842,80.2289276123,73962,73972,10
12.9807195663,80.2291030884,73972,73982,10
12.9807796478,80.2291870117,73982,73992,10
12.980890274,80.2294235229,73992,74002,10
12.9812202454,80.229927063,74002,74012,10
12.9815597534,80.2304382324,74012,74022,10
12.9816198349,80.2305984497,74022,74031,9
12.9818296432,80.2310409546,74031,74043,12
12.9820203781,80.231880188,74043,74053,10
12.9820299149,80.2321090698,74053,74063,10
12.9820203781,80.2322998047,74063,74073,10
12.9819898605,80.2325363159,74073,74083,10
12.9819602966,80.2326812744,74083,74093,10
12.9818897247,80.2329177856,74093,74103,10
12.9818601608,80.2329864502,74103,74113,10
12.9818096161,80.2331237793,74113,74123,10
12.981760025,80.2332229614,74123,74133,10
12.9816904068,80.2333602905,74133,74154,21
12.9816904068,80.2333602905,74154,74164,10
12.9815797806,80.2336120605,74164,74174,10
12.9815502167,80.2336578369,74174,74184,10
12.9815101624,80.2337493896,74184,74194,10
12.9814500809,80.2338409424,74194,74204,10
12.9813699722,80.2340621948,74204,74214,10
12.9812297821,80.2344436646,74214,74224,10
12.9812202454,80.2346572876,74224,74234,10
12.9812097549,80.2348709106,74234,74244,10
12.9812002182,80.2350769043,74244,74255,11
12.9812097549,80.2354202271,74255,74265,10
12.9812202454,80.2357177734,74265,74275,10
12.9812297821,80.236038208,74275,74285,10
12.9812498093,80.2366333008,74285,74295,10
12.9812698364,80.2372512817,74295,74305,10
12.9812698364,80.2378768921,74305,74315,10
12.9812898636,80.2382965088,74315,74325,10
12.981300354,80.2383270264,74325,74335,10
12.981300354,80.2386474609,74335,74345,10
12.9813098907,80.2390823364,74345,74356,11
12.9813098907,80.2395019531,74356,74366,10
12.981300354,80.2396011353,74366,74376,10
12.9813203812,80.2399902344,74376,74386,10
12.9813404083,80.2405471802,74386,74396,10
12.9813499451,80.2412185669,74396,74406,10
12.9813499451,80.2419281006,74406,74416,10
12.9813699722,80.242401123,74416,74426,10
12.9813699722,80.24243927,74426,74436,10
12.9813699722,80.2426605225,74436,74446,10
12.9813699722,80.2431030273,74446,74457,11
12.9813499451,80.2436828613,74457,74467,10
12.9812202454,80.2444915771,74467,74477,10
12.981089592,80.2455825806,74477,74487,10
12.9809503555,80.2468719482,74487,74497,10
12.9808397293,80.2481994629,74497,74507,10
12.9807395935,80.2493972778,74507,74517,10
12.9805898666,80.2502822876,74517,74527,10
12.9802398682,80.2516098022,74527,74537,10
12.9800796509,80.2522125244,74537,74547,10
12.9799003601,80.2526321411,74547,74588,41
12.9799003601,80.2526321411,74588,74598,10
12.9798002243,80.2528686523,74598,74608,10
12.97935009,80.2527923584,74608,74618,10
12.9787597656,80.2527084351,74618,74628,10
12.9787597656,80.2526931763,74628,74638,10
12.9784898758,80.2525405884,74638,74648,10
12.9779100418,80.2520828247,74648,74658,10
12.9770402908,80.251449585,74658,74669,11
12.9756698608,80.2510299683,74669,74679,10
12.9743299484,80.2506484985,74679,74689,10
12.9730901718,80.2503204346,74689,74699,10
12.9725198746,80.2502212524,74699,74709,10
12.9723396301,80.2501831055,74709,74719,10
12.971739769,80.2499771118,74719,74729,10
12.9708404541,80.2497406006,74729,74739,10
12.9697198868,80.2493209839,74739,74749,10
12.9684801102,80.2488174438,74749,74759,10
12.9672803879,80.2483291626,74759,74770,11
12.9660902023,80.2477798462,74770,74780,10
12.9653701782,80.2474975586,74780,74790,10
12.9653596878,80.2474899292,74790,74800,10
12.9651498795,80.2473983765,74800,74810,10
12.9645204544,80.247177124,74810,74820,10
12.9636602402,80.2468566895,74820,74830,10
12.9626598358,80.2463684082,74830,74840,10
12.9615697861,80.24584198,74840,74850,10
12.9605703354,80.2453689575,74850,74860,10
12.9597797394,80.2450332642,74860,74871,11
12.9594898224,80.2448883057,74871,74881,10
12.9591503143,80.2447433472,74881,74891,10
12.9585103989,80.2444381714,74891,74901,10
12.95773983,80.244140625,74901,74911,10
12.9569101334,80.2438430786,74911,74921,10
12.9563798904,80.2436828613,74921,74951,30
12.9563798904,80.2436828613,74951,74961,10
12.9561004639,80.2435684204,74961,74971,10
12.9554796219,80.2432479858,74971,74982,11
12.9545297623,80.2428512573,74982,74992,10
12.9537801743,80.2425384521,74992,75002,10
12.9530696869,80.2422180176,75002,75012,10
12.9522800446,80.241897583,75012,75022,10
12.9514598846,80.241607666,75022,75032,10
12.9503602982,80.2412567139,75032,75042,10
12.9493398666,80.2409591675,75042,75052,10
12.9486904144,80.2406768799,75052,75062,10
12.9477796555,80.2403106689,75062,75072,10
12.9470796585,80.2400436401,75072,75083,11
12.9469003677,80.239982605,75083,75093,10
12.9464197159,80.2397766113,75093,75103,10
12.9456996918,80.2394485474,75103,75113,10
12.9448795319,80.238861084,75113,75123,10
12.9440603256,80.23802948,75123,75133,10
12.943400383,80.2373733521,75133,75143,10
12.9432201385,80.237197876,75143,75153,10
12.9429702759,80.2369537354,75153,75163,10
12.94231987,80.236579895,75163,75173,10
12.9413299561,80.236289978,75173,75184,11
12.9401903152,80.2359695435,75184,75194,10
12.9395999908,80.2357788086,75194,75204,10
12.9395704269,80.2357635498,75204,75214,10
12.9391899109,80.2355575562,75214,75224,10
12.9384899139,80.2351989746,75224,75234,10
12.9375495911,80.2347335815,75234,75244,10
12.9364404678,80.2341995239,75244,75254,10
12.9354295731,80.2337036133,75254,75264,10
12.9338197708,80.2330093384,75264,75284,20
12.9338197708,80.2330093384,75284,75301,17
12.9334697723,80.2328262329,75301,75313,12
12.9326400757,80.2324829102,75313,75323,10
12.9318599701,80.232208252,75323,75333,10
12.9308795929,80.2318878174,75333,75343,10
12.9300098419,80.2316513062,75343,75353,10
12.929189682,80.2314605713,75353,75363,10
12.9286699295,80.2313613892,75363,75373,10
12.9278097153,80.2312393188,75373,75383,10
12.926779747,80.2311325073,75383,75393,10
12.9260196686,80.2310562134,75393,75404,11
12.9258804321,80.2310409546,75404,75415,11
12.9253396988,80.2309799194,75415,75425,10
12.9245901108,80.2308807373,75425,75435,10
12.9236097336,80.230758667,75435,75445,10
12.9223899841,80.2305526733,75445,75455,10
12.9211196899,80.2303771973,75455,75465,10
12.919960022,80.2302474976,75465,75475,10
12.9191198349,80.2301483154,75475,75485,10
12.9189796448,80.2301330566,75485,75495,10
12.9184598923,80.2300415039,75495,75506,11
12.917599678,80.2299118042,75506,75516,10
12.9168195724,80.2297973633,75516,75526,10
12.9157896042,80.2296524048,75526,75536,10
12.9145402908,80.2294692993,75536,75546,10
12.913769722,80.2293701172,75546,75556,10
12.9133396149,80.229347229,75556,75566,10
12.9133195877,80.2293624878,75566,75576,10
12.912899971,80.2292785645,75576,75586,10
12.9120998383,80.2291412354,75586,75596,10
12.9109897614,80.2289810181,75596,75607,11
12.9096002579,80.228767395,75607,75617,10
12.9084196091,80.2285766602,75617,75627,10
12.9074296951,80.2284469604,75627,75718,91
12.9074296951,80.2284469604,75718,75728,10
12.907119751,80.2284164429,75728,75738,10
12.9066896439,80.2283630371,75738,75748,10
12.9063997269,80.228302002,75748,75758,10
12.9060697556,80.2282791138,75758,75768,10
12.9053201675,80.2282562256,75768,75778,10
12.9043102264,80.2282028198,75778,75788,10
12.9033203125,80.2281570435,75788,75798,10
12.9022502899,80.2281188965,75798,75909,111
12.9022502899,80.2281188965,75909,75920,11
12.9021997452,80.2281112671,75920,75930,10
12.9018001556,80.2280883789,75930,75940,10
12.9014501572,80.2280731201,75940,75950,10
12.9009103775,80.2280426025,75950,75960,10
12.9002504349,80.2279815674,75960,75970,10
12.8999700546,80.2279663086,75970,75980,10
12.8996896744,80.2279281616,75980,75990,10
12.8991603851,80.227897644,75990,76000,10
12.8983802795,80.2278518677,76000,76010,10
12.897359848,80.2277984619,76010,76021,11
12.8961400986,80.2277374268,76021,76031,10
12.8950595856,80.2276916504,76031,76041,10
12.8941001892,80.2276535034,76041,76051,10
12.8931903839,80.2275466919,76051,76061,10
12.8923501968,80.2274627686,76061,76071,10
12.8914203644,80.2274169922,76071,76081,10
12.8903102875,80.227432251,76081,76091,10
12.8892097473,80.2274398804,76091,76107,16
12.8883800507,80.2274398804,76107,76119,12
12.887960434,80.2273788452,76119,76130,11
12.8870801926,80.2272567749,76130,76139,9
12.8861103058,80.2270202637,76139,76148,9
12.8852300644,80.2268218994,76148,76160,12
12.8848600388,80.2267837524,76160,76170,10
12.8845701218,80.2267532349,76170,76180,10
12.8838796616,80.2267608643,76180,76188,8
12.8831195831,80.2267608643,76188,76201,13
12.8816699982,80.2267837524,76201,76211,10
12.8804502487,80.2267913818,76211,76221,10
12.8791999817,80.2268218994,76221,76232,11
12.8778800964,80.2269134521,76232,76242,10
12.8768796921,80.2270126343,76242,76252,10
12.8764600754,80.2270202637,76252,76262,10
12.8764200211,80.2268981934,76262,76272,10
12.8763999939,80.2266387939,76272,76295,23
12.8764095306,80.2265472412,76295,76307,12
12.8764801025,80.2260513306,76307,76317,10
12.876540184,80.2255401611,76317,76326,9
12.8766202927,80.2248001099,76326,76338,12
12.8767700195,80.2238388062,76338,76348,10
12.876999855,80.2228164673,76348,76358,10
12.8772497177,80.2217102051,76358,76368,10
12.8775196075,80.2205581665,76368,76378,10
12.877790451,80.2194137573,76378,76388,10
12.8780202866,80.2183914185,76388,76398,10
12.8782701492,80.2171096802,76398,76408,10
12.8784999847,80.2159805298,76408,76418,10
12.8787498474,80.2148284912,76418,76428,10
12.8789701462,80.2136611938,76428,76439,11
12.8792104721,80.2124176025,76439,76449,10
12.8793802261,80.2115097046,76449,76459,10
12.8790798187,80.2109909058,76459,76479,20
12.8790798187,80.2109909058,76479,76489,10
12.8788700104,80.2109375,76489,76499,10
12.8783597946,80.2108535767,76499,76509,10
12.8777999878,80.2107620239,76509,76519,10
12.8771800995,80.2106170654,76519,76529,10
12.8765201569,80.2105026245,76529,76539,10
12.8761301041,80.2104415894,76539,76550,11
12.875579834,80.2103424072,76550,76561,11
12.8745203018,80.2101364136,76561,76591,30
12.8745203018,80.2101364136,76591,76601,10
12.8743696213,80.2099533081,76601,76611,10
12.8744697571,80.2095870972,76611,76621,10
12.8746500015,80.2098464966,76621,77096,475
12.8746500015,80.2098464966,77096,77106,10
12.8746900558,80.2101211548,77106,77116,10
12.8750200272,80.2102279663,77116,77126,10
12.8756504059,80.2103424072,77126,77136,10
12.8763799667,80.2104797363,77136,77146,10
12.877120018,80.2106323242,77146,77156,10
12.8779201508,80.2107696533,77156,77167,11
12.8788795471,80.2109527588,77167,77177,10
12.87940979,80.2110977173,77177,77187,10
12.8794002533,80.2117080688,77187,77197,10
12.8792600632,80.2125167847,77197,77207,10
12.8790998459,80.2133407593,77207,77217,10
12.8789196014,80.2143096924,77217,77227,10
12.8787202835,80.2153015137,77227,77235,8
12.8785295486,80.2161026001,77235,77247,12
12.8782701492,80.2173995972,77247,77257,10
12.8780298233,80.2186126709,77257,77267,10
12.8777599335,80.2198028564,77267,77278,11
12.8774795532,80.2210235596,77278,77288,10
12.8772001266,80.2222290039,77288,77298,10
12.8769302368,80.2234191895,77298,77308,10
12.8767004013,80.2245788574,77308,77318,10
12.8765602112,80.2258300781,77318,77328,10
12.8764400482,80.2268829346,77328,77358,30
12.8764400482,80.2268829346,77358,77369,11
12.8768796921,80.2269592285,77369,77379,10
12.8777198792,80.2268829346,77379,77389,10
12.8788995743,80.2267837524,77389,77399,10
12.8802404404,80.2267303467,77399,77409,10
12.8816900253,80.2266998291,77409,77420,11
12.8831300735,80.2266769409,77420,77430,10
12.8843603134,80.2266464233,77430,77439,9
12.8848896027,80.2266387939,77439,77450,11
12.8854103088,80.2266998291,77450,77460,10
12.8862199783,80.2269210815,77460,77471,11
12.8873901367,80.227180481,77471,77481,10
12.8886404037,80.2273025513,77481,77490,9
12.8898601532,80.2273101807,77490,77501,11
12.8911800385,80.2273101807,77501,77511,10
12.8924398422,80.2273330688,77511,77521,10
12.8935604095,80.2274475098,77521,77531,10
12.8946304321,80.2275924683,77531,77541,10
12.8957195282,80.2276306152,77541,77551,10
12.8969402313,80.2276763916,77551,77561,10
12.8981199265,80.2277374268,77561,77570,9
12.8991298676,80.2277984619,77570,77582,12
12.900349617,80.2278671265,77582,77662,80
12.900349617,80.2278671265,77662,77672,10
12.9004201889,80.2278671265,77672,77683,11
12.9007101059,80.227897644,77683,77693,10
12.9011297226,80.2279281616,77693,77703,10
12.9016103745,80.2279510498,77703,77713,10
12.9021596909,80.2279815674,77713,77723,10
12.9025402069,80.2279968262,77723,77733,10
12.9031400681,80.228012085,77733,77763,30
12.9032201767,80.2279968262,77763,77794,31
12.9034004211,80.228012085,77794,77824,30
12.9034004211,80.228012085,77824,77834,10
12.9040899277,80.2280273438,77834,77905,71
12.9040899277,80.2280273438,77905,77915,10
12.9043102264,80.2280273438,77915,77925,10
12.904709816,80.2280578613,77925,77935,10
12.9052000046,80.2280807495,77935,77955,20
12.9053602219,80.2281036377,77955,78026,71
12.9053602219,80.2281036377,78026,78036,10
12.9054403305,80.2281112671,78036,78046,10
12.9057798386,80.2281265259,78046,78055,9
12.9058103561,80.2281188965,78055,78066,11
12.905960083,80.2281112671,78066,78076,10
12.9062204361,80.2281265259,78076,78086,10
12.9068498611,80.2282028198,78086,78097,11
12.9077396393,80.2283325195,78097,78107,10
12.9086399078,80.2284927368,78107,78117,10
12.9095602036,80.2286529541,78117,78126,9
12.9104299545,80.2287902832,78126,78137,11
12.9114704132,80.2289428711,78137,78147,10
12.9125499725,80.2290802002,78147,78157,10
12.9133901596,80.2292022705,78157,78167,10
12.9143896103,80.2293319702,78167,78177,10
12.9153203964,80.2294387817,78177,78187,10
12.9163103104,80.2295913696,78187,78197,10
12.9172801971,80.2297210693,78197,78208,11
12.9182500839,80.2298583984,78208,78218,10
12.9189500809,80.2299575806,78218,78228,10
12.9196996689,80.2300567627,78228,78238,10
12.9205303192,80.2301635742,78238,78248,10
12.9213399887,80.2302627563,78248,78258,10
12.9221601486,80.2303771973,78258,78268,10
12.9230804443,80.2305374146,78268,78278,10
12.924030304,80.2306671143,78278,78288,10
12.9250097275,80.2307815552,78288,78298,10
12.9258203506,80.2308807373,78298,78309,11
12.926659584,80.2309799194,78309,78319,10
12.9274301529,80.2310791016,78319,78329,10
12.9281396866,80.2311477661,78329,78339,10
12.9287500381,80.2312164307,78339,78349,10
12.9292001724,80.231338501,78349,78359,10
12.9298295975,80.2314834595,78359,78369,10
12.9305696487,80.2316818237,78369,78379,10
12.9312801361,80.2319030762,78379,78389,10
12.9319801331,80.2321166992,78389,78399,10
12.9327602386,80.2324066162,78399,78410,11
12.9335002899,80.2327194214,78410,78420,10
12.9341402054,80.2330169678,78420,78430,10
12.9348602295,80.2333297729,78430,78440,10
12.9355697632,80.2336502075,78440,78450,10
12.9362297058,80.2339706421,78450,78460,10
12.9370698929,80.2343826294,78460,78470,10
12.9379701614,80.2348175049,78470,78480,10
12.938750267,80.2352218628,78480,78489,9
12.9393396378,80.235496521,78489,78499,10
12.940030098,80.235786438,78499,78511,12
12.9408903122,80.236038208,78511,78521,10
12.9416599274,80.2362213135,78521,78531,10
12.9425296783,80.2364807129,78531,78541,10
12.9432897568,80.2369537354,78541,78551,10
12.9437704086,80.2374191284,78551,78561,10
12.9440202713,80.2377090454,78561,78571,10
12.9445104599,80.2382583618,78571,78581,10
12.9450798035,80.238899231,78581,78591,10
12.9459199905,80.2394714355,78591,78601,10
12.9468297958,80.2398529053,78601,78611,10
12.9476699829,80.2401733398,78611,78622,11
12.9483003616,80.2404327393,78622,78632,10
12.9488401413,80.2406387329,78632,78648,16
12.9496202469,80.2409362793,78648,78660,12
12.950460434,80.2412033081,78660,78669,9
12.9510402679,80.2413864136,78669,78680,11
12.9517698288,80.2416381836,78680,78690,10
12.9524698257,80.2418670654,78690,78700,10
12.9531202316,80.2421188354,78700,78710,10
12.9537601471,80.2423477173,78710,78720,10
12.9544200897,80.2426223755,78720,78730,10
12.9550600052,80.2428665161,78730,78741,11
12.9559202194,80.2431793213,78741,78781,40
12.9559202194,80.2431793213,78781,78791,10
12.9560804367,80.2432403564,78791,78801,10
12.9562997818,80.2433319092,78801,78832,31
12.9562997818,80.2433319092,78832,78842,10
12.9565296173,80.2433776855,78842,78852,10
12.9570598602,80.2436599731,78852,78862,10
12.9576997757,80.2439804077,78862,78872,10
12.9583702087,80.2442703247,78872,78882,10
12.9592399597,80.2446212769,78882,78892,10
12.9601898193,80.2450714111,78892,78902,10
12.9613599777,80.2456130981,78902,78912,10
12.9623403549,80.2461013794,78912,78922,10
12.9628095627,80.2463531494,78922,78933,11
12.9628295898,80.2463684082,78933,78943,10
12.9629898071,80.2464828491,78943,78953,10
12.9632997513,80.2466430664,78953,78963,10
12.9636497498,80.2468032837,78963,78973,10
12.964220047,80.2469863892,78973,78983,10
12.9650096893,80.2472610474,78983,78993,10
12.9658403397,80.2475280762,78993,79003,10
12.9664697647,80.2478027344,79003,79013,10
12.9669504166,80.248046875,79013,79023,10
12.9674100876,80.2482681274,79023,79034,11
12.9680595398,80.2485427856,79034,79044,10
12.9687204361,80.2487792969,79044,79054,10
12.9694595337,80.2490768433,79054,79064,10
12.970410347,80.2494506836,79064,79074,10
12.9714803696,80.2497787476,79074,79084,10
12.9725399017,80.2500534058,79084,79094,10
12.9736700058,80.250328064,79094,79104,10
12.9748497009,80.2506637573,79104,79114,10
12.9760103226,80.2509994507,79114,79123,9
12.9769697189,80.2512817383,79123,79135,12
12.9778995514,80.2518768311,79135,79144,9
12.9786701202,80.2524490356,79144,79155,11
12.9794101715,80.2526168823,79155,79165,10
12.9794397354,80.2526321411,79165,79175,10
12.9795799255,80.2526397705,79175,79185,10
12.9800901413,80.2526779175,79185,79195,10
12.9809598923,80.2526397705,79195,79205,10
12.9819202423,80.2526168823,79205,79215,10
12.9828195572,80.2525787354,79215,79272,57
12.9831199646,80.252532959,79272,79293,21
12.9831199646,80.252532959,79293,79303,10
12.9833202362,80.2525024414,79303,79314,11
12.9833698273,80.2524871826,79314,79324,10
12.9835596085,80.252456665,79324,79355,31
12.9835596085,80.252456665,79355,79364,9
12.9838104248,80.2524185181,79364,79405,41
12.9838104248,80.2524185181,79405,79415,10
12.9838895798,80.2523727417,79415,79425,10
12.9843196869,80.2522506714,79425,79435,10
12.9845600128,80.2521820068,79435,79446,11
12.98458004,80.252166748,79446,79456,10
12.9848604202,80.2520980835,79456,79516,60
12.9850702286,80.2520370483,79516,79536,20
12.9850702286,80.2520370483,79536,79546,10
12.9851999283,80.2520065308,79546,79567,21
12.9851999283,80.2520065308,79567,79577,10
12.9854803085,80.2519226074,79577,79658,81
12.9854803085,80.2519226074,79658,79668,10
12.9858798981,80.2518005371,79668,79688,20
12.9858798981,80.2518005371,79688,79698,10
12.9861097336,80.2517089844,79698,79748,50
12.9861097336,80.2517089844,79748,79759,11
12.9863195419,80.2516937256,79759,79779,20
12.9863195419,80.2516937256,79779,79789,10
12.9867200851,80.2515792847,79789,79799,10
12.9874696732,80.2513427734,79799,79890,91
12.9874696732,80.2513427734,79890,79900,10
12.9876003265,80.2513122559,79900,79910,10
12.9878997803,80.2514190674,79910,79920,10
12.9880199432,80.2521286011,79920,79930,10
12.9879398346,80.2530899048,79930,79940,10
12.9878396988,80.25415802,79940,79950,10
12.987739563,80.255531311,79950,79971,21
12.987739563,80.255531311,79971,79981,10
12.9877300262,80.2555770874,79981,79991,10
12.9877796173,80.2557830811,79991,80001,10
12.9880895615,80.255821228,80001,80011,10
12.9887504578,80.2558822632,80011,80021,10
12.9895401001,80.2559204102,80021,80031,10
12.9902000427,80.2559509277,80031,80041,10
12.9906797409,80.2559585571,80041,80057,16
12.9919595718,80.2559814453,80057,80069,12
12.9930801392,80.2559509277,80069,80080,11
12.9937801361,80.255897522,80080,80090,10
12.9946899414,80.2558288574,80090,80099,9
12.9954500198,80.2557983398,80099,80110,11
12.9962902069,80.2557907104,80110,80120,10
12.9968004227,80.2557830811,80120,80130,10
12.9970798492,80.2557983398,80130,80140,10
12.9975099564,80.255821228,80140,80150,10
12.997710228,80.255897522,80150,80160,10
12.9976902008,80.2561416626,80160,80170,10
12.997710228,80.2564620972,80170,80181,11
12.9977197647,80.256690979,80181,80191,10
12.9976997375,80.2568969727,80191,80342,151
12.9976997375,80.2568969727,80342,80352,10
12.9976902008,80.2570571899,80352,80362,10
12.997879982,80.2571792603,80362,80372,10
12.9979400635,80.2571487427,80372,80383,11
12.998000145,80.2571029663,80383,80393,10
12.998339653,80.257019043,80393,80403,10
12.998339653,80.2567367554,80403,80413,10
12.9983196259,80.2565002441,80413,80423,10
12.9980401993,80.256401062,80423,82232,1809
12.9980401993,80.256401062,82232,82242,10
12.997879982,80.2563705444,82242,82253,11
12.997710228,80.2562713623,82253,82486,233
12.997710228,80.2562713623,82486,82496,10
12.9976501465,80.256072998,82496,82506,10
12.9975700378,80.2559814453,82506,82516,10
12.9972200394,80.2559509277,82516,82526,10
12.9968700409,80.2559585571,82526,82536,10
12.9962997437,80.2559585571,82536,82546,10
12.9955396652,80.2559585571,82546,82556,10
12.9948701859,80.2559967041,82556,82567,11
12.9941196442,80.2560501099,82567,82577,10
12.9933395386,80.2561035156,82577,82587,10
12.9923200607,80.2561416626,82587,82597,10
12.9914302826,80.256111145,82597,82607,10
12.9906597137,80.2560806274,82607,82617,10
12.989859581,80.2560577393,82617,82627,10
12.9889802933,80.2560119629,82627,82637,10
12.9881801605,80.255897522,82637,82647,10
12.9877500534,80.2558898926,82647,82657,10
12.987569809,80.2562637329,82657,82668,11
12.9875402451,80.2569503784,82668,82678,10
12.9874801636,80.2577285767,82678,82688,10
12.987449646,80.2582702637,82688,82698,10
12.9874200821,80.2586593628,82698,82708,10
12.9873600006,80.2591400146,82708,82754,46
12.9873600006,80.2591400146,82754,82766,12
12.9873199463,80.2588577271,82766,82777,11
12.9873304367,80.2584609985,82777,83059,282
12.9873304367,80.2584609985,83059,83069,10
12.9874401093,80.2580566406,83069,83079,10
12.9874401093,80.2579421997,83079,83090,11
12.9874696732,80.2576217651,83090,83100,10
12.9875202179,80.2570419312,83100,83110,10
12.9875802994,80.2563018799,83110,83120,10
12.9876499176,80.2557525635,83120,83140,20
12.9876499176,80.2557525635,83140,83150,10
12.9879398346,80.2557296753,83150,83160,10
12.9884004593,80.2557983398,83160,83170,10
12.9889802933,80.2558822632,83170,83180,10
12.9896001816,80.2559280396,83180,83191,11
12.9902896881,80.2559661865,83191,83201,10
12.9905796051,80.2559585571,83201,83211,10
12.9910697937,80.2559814453,83211,83221,10
12.991689682,80.2560119629,83221,83231,10
12.9924201965,80.2560119629,83231,83241,10
12.9931402206,80.2559814453,83241,83251,10
12.9938097,80.2559204102,83251,83261,10
12.9944801331,80.2558822632,83261,83271,10
12.9951696396,80.2558364868,83271,83281,10
12.995880127,80.2558288574,83281,83292,11
12.9966001511,80.255859375,83292,83302,10
12.9969596863,80.2558364868,83302,83312,10
12.9975204468,80.2558670044,83312,83332,20
12.9975204468,80.2558670044,83332,83342,10
12.9976396561,80.2558898926,83342,83358,16
12.9983100891,80.2559509277,83358,83370,12
12.9991102219,80.2560501099,83370,83380,10
12.9996995926,80.256149292,83380,83390,10
13.0004196167,80.2562789917,83390,83401,11
13.0012102127,80.2564315796,83401,83409,8
13.0017204285,80.2565231323,83409,83421,12
13.002579689,80.2566833496,83421,83430,9
13.0032596588,80.2568206787,83430,83441,11
13.0041704178,80.2569885254,83441,83452,11
13.0049695969,80.2571411133,83452,83462,10
13.0058097839,80.25730896,83462,83472,10
13.0063400269,80.2574005127,83472,83482,10
13.006360054,80.2574234009,83482,83492,10
13.0066795349,80.2575073242,83492,83503,11
13.0070295334,80.2581176758,83503,83511,8
13.0074796677,80.2585525513,83511,83524,13
13.0085201263,80.2589797974,83524,83534,10
13.0094499588,80.2590484619,83534,83544,10
13.0105304718,80.2590484619,83544,83554,10
13.0116596222,80.2590484619,83554,83564,10
13.012840271,80.2590866089,83564,83574,10
13.0139799118,80.2591323853,83574,83584,10
13.0150299072,80.2591781616,83584,83594,10
13.0159502029,80.2594223022,83594,83618,24
13.0173301697,80.2603225708,83618,83630,12
13.0180301666,80.2608108521,83630,83640,10
13.0184297562,80.2610626221,83640,83649,9
13.0190601349,80.2615585327,83649,83660,11
13.0197296143,80.2622299194,83660,83669,9
13.020409584,80.2627182007,83669,83680,11
13.0212802887,80.2630004883,83680,83690,10
13.0218296051,80.2632217407,83690,83700,10
13.0220804214,80.2633666992,83700,83711,11
13.0226602554,80.2636871338,83711,83721,10
13.0231599808,80.2639694214,83721,83731,10
13.0236301422,80.2642364502,83731,83741,10
13.0243196487,80.2646408081,83741,83751,10
13.0248603821,80.2650222778,83751,83761,10
13.0251302719,80.2652435303,83761,83771,10
13.0260400772,80.2657775879,83771,83811,40
13.0260400772,80.2657775879,83811,83822,11
13.0262498856,80.2659072876,83822,83832,10
13.0264797211,80.2659835815,83832,83842,10
13.0268201828,80.2660293579,83842,83852,10
13.0271396637,80.2660827637,83852,83862,10
13.0276203156,80.2661590576,83862,83872,10
13.0281295776,80.2662200928,83872,83882,10
13.0285997391,80.2662963867,83882,83898,16
13.0291404724,80.2665023804,83898,83910,12
13.0296897888,80.2666015625,83910,83921,11
13.0304203033,80.2667007446,83921,83931,10
13.0311403275,80.2668533325,83931,83941,10
13.031829834,80.2671432495,83941,83951,10
13.0322904587,80.2672805786,83951,83961,10
13.0325803757,80.2674865723,83961,83971,10
13.0328102112,80.2676086426,83971,83981,10
13.0331401825,80.2677230835,83981,83991,10
13.0338602066,80.2678909302,83991,84001,10
13.0345401764,80.2679595947,84001,84011,10
13.0352201462,80.267868042,84011,84022,11
13.0361099243,80.2677536011,84022,84032,10
13.036649704,80.2676773071,84032,84042,10
13.0370903015,80.2676696777,84042,84051,9
13.0377197266,80.2676925659,84051,84062,11
13.0384902954,80.2676467896,84062,84072,10
13.0391702652,80.2677078247,84072,84082,10
13.0399398804,80.2679290771,84082,84092,10
13.0404396057,80.268081665,84092,84102,10
13.0407800674,80.2681808472,84102,84112,10
13.0412597656,80.2681808472,84112,84122,10
13.0420503616,80.2681427002,84122,84133,11
13.0429401398,80.267791748,84133,84143,10
13.0437002182,80.2673187256,84143,84153,10
13.0443696976,80.2669296265,84153,84163,10
13.0451202393,80.2667007446,84163,84173,10
13.0460100174,80.2665405273,84173,84189,16
13.0471801758,80.2663726807,84189,84201,12
13.0478801727,80.2661209106,84201,84209,8
13.0484199524,80.2656173706,84209,84221,12
13.0489902496,80.2645492554,84221,84231,10
13.049489975,80.2640075684,84231,84242,11
13.0503797531,80.2640991211,84242,84252,10
13.0513095856,80.2640380859,84252,84262,10
13.052069664,80.2638168335,84262,84272,10
13.0524396896,80.2637710571,84272,84282,10
13.0531396866,80.2638778687,84282,84292,10
13.053730011,80.263961792,84292,84302,10
13.0538797379,80.264213562,84302,84312,10
13.0538702011,80.2644577026,84312,84322,10
13.0538597107,80.2649002075,84322,84333,11
13.0538196564,80.2654190063,84333,84343,10
13.053730011,80.2661132813,84343,84353,10
13.0536203384,80.2667236328,84353,84363,10
13.0535297394,80.2675018311,84363,84373,10
13.0534896851,80.2682113647,84373,84383,10
13.0534200668,80.2689208984,84383,84393,10
13.0533800125,80.2694015503,84393,84403,10
13.0533399582,80.2697677612,84403,84413,10
13.053319931,80.2701721191,84413,84423,10
13.0532999039,80.2704391479,84423,84433,10
13.0532798767,80.2708969116,84433,84444,11
13.0532197952,80.2713470459,84444,84454,10
13.0531797409,80.2717208862,84454,84464,10
13.0530996323,80.2721405029,84464,84474,10
13.0529603958,80.2727203369,84474,84484,10
13.0528202057,80.2736282349,84484,84514,30
13.0528202057,80.2736282349,84514,84524,10
13.0530195236,80.2737808228,84524,84534,10
13.0534095764,80.2737884521,84534,84545,11
13.0540504456,80.2738189697,84545,84555,10
13.0546598434,80.2738037109,84555,84565,10
13.0552196503,80.2738418579,84565,84575,10
13.055560112,80.2738571167,84575,84585,10
13.0562000275,80.2739181519,84585,84595,10
13.056810379,80.273979187,84595,84605,10
13.0573997498,80.2740020752,84605,84615,10
13.0576400757,80.2739868164,84615,84625,10
13.0581502914,80.2740707397,84625,84635,10
13.0586395264,80.2741088867,84635,84646,11
13.0588798523,80.2741699219,84646,84656,10
13.059419632,80.2742614746,84656,84666,10
13.0600795746,80.2743377686,84666,84676,10
13.0607500076,80.2743835449,84676,84686,10
13.0612802505,80.2743606567,84686,84696,10
13.0619497299,80.2743301392,84696,84706,10
13.0624704361,80.2742614746,84706,84716,10
13.062959671,80.2741622925,84716,84726,10
13.0634803772,80.2741088867,84726,84736,10
13.0639696121,80.2740097046,84736,84747,11
13.0645503998,80.2739334106,84747,84757,10
13.0650701523,80.2738876343,84757,84767,10
13.0656700134,80.2738189697,84767,84777,10
13.0662603378,80.2737731934,84777,84787,10
13.0668401718,80.2736129761,84787,84797,10
13.0673103333,80.2729873657,84797,84813,16
13.0682497025,80.2718963623,84813,84845,32
13.0682497025,80.2718963623,84845,84856,11
13.0684499741,80.2718429565,84856,84865,9
13.068860054,80.2719497681,84865,84876,11
13.0694103241,80.2723999023,84876,84886,10
13.0699901581,80.2730178833,84886,84895,9
13.0704803467,80.2736434937,84895,84906,11
13.0712995529,80.274230957,84906,84916,10
13.0719299316,80.2745895386,84916,84926,10
13.072719574,80.2754592896,84926,84936,10
13.0734596252,80.2762374878,84936,84946,10
13.0739603043,80.2767486572,84946,84957,11
13.0744695663,80.2772598267,84957,84967,10
13.0747203827,80.2775726318,84967,84977,10
13.0750303268,80.2778930664,84977,84987,10
13.0756702423,80.2785110474,84987,84997,10
13.0761995316,80.2791213989,84997,85007,10
13.0769395828,80.279876709,85007,85017,10
13.0777301788,80.2807235718,85017,85027,10
13.0782403946,80.2813034058,85027,85037,10
13.0788002014,80.2818832397,85037,85047,10
13.0792999268,80.2817993164,85047,85058,11
13.0799198151,80.281211853,85058,85068,10
13.0805196762,80.2807769775,85068,85078,10
13.0812397003,80.2808380127,85078,85088,10
13.0818300247,80.281288147,85088,85098,10
13.0823402405,80.2817001343,85098,85108,10
13.0830001831,80.2821426392,85108,85118,10
13.0838403702,80.2826766968,85118,85128,10
13.0845403671,80.2831726074,85128,85138,10
13.0847597122,80.2833633423,85138,85169,31
13.0847597122,80.2833633423,85169,85179,10
13.0848798752,80.2835235596,85179,85189,10
13.0850200653,80.2837677002,85189,85199,10
13.0852403641,80.2840499878,85199,85209,10
13.0852899551,80.2841415405,85209,85219,10
13.0854501724,80.2845687866,85219,85229,10
13.0853996277,80.2853088379,85229,85239,10
13.0853099823,80.2861785889,85239,85249,10
13.0852203369,80.2871780396,85249,85259,10
13.0852603912,80.2882995605,85259,85270,11
13.0858201981,80.2891464233,85270,85280,10
13.0867900848,80.2894668579,85280,85290,10
13.0877103806,80.2898788452,85290,85300,10
13.0884895325,80.2902374268,85300,85310,10
13.089099884,80.2905502319,85310,85320,10
13.0898799896,80.2908325195,85320,85330,10
13.0906801224,80.2910919189,85330,85340,10
13.0915603638,80.2913894653,85340,85350,10
13.0924301147,80.2916793823,85350,85360,10
13.0932502747,80.2919387817,85360,85371,11
13.094039917,80.2922210693,85371,85381,10
13.0947599411,80.292427063,85381,85391,10
13.0954504013,80.2926483154,85391,85401,10
13.0962696075,80.292930603,85401,85411,10
13.0970897675,80.2931900024,85411,85421,10
13.0979204178,80.2934875488,85421,85431,10
13.0988197327,80.2937927246,85431,85441,10
13.0997400284,80.2940673828,85441,85451,10
13.1001195908,80.2941589355,85451,85461,10
13.1007299423,80.2942581177,85461,85472,11
13.1011800766,80.2943267822,85472,85482,10
13.1016101837,80.293838501,85482,85492,10
13.1017599106,80.2934799194,85492,85502,10
13.1019601822,80.29296875,85502,85512,10
13.1021299362,80.2923278809,85512,85522,10
13.1022195816,80.2919921875,85522,85532,10
13.1023197174,80.2915115356,85532,85542,10
13.1027202606,80.2909088135,85542,85552,10
13.1033802032,80.2909164429,85552,85562,10
13.1041097641,80.2909927368,85562,85573,11
13.1050100327,80.2909927368,85573,85583,10
13.1057395935,80.2911071777,85583,85593,10
13.1063995361,80.2912368774,85593,85603,10
13.1070699692,80.2913513184,85603,85613,10
13.1076202393,80.2914199829,85613,85623,10
13.1078796387,80.2914962769,85623,85633,10
13.1084003448,80.2916183472,85633,85643,10
13.1090297699,80.2917480469,85643,85653,10
13.1096000671,80.291847229,85653,85663,10
13.1102199554,80.2919311523,85663,85673,10
13.1106004715,80.2919998169,85673,85684,11
13.1112203598,80.2920913696,85684,85694,10
13.1118402481,80.2921829224,85694,85704,10
13.1124401093,80.2922592163,85704,85714,10
13.1130504608,80.2923583984,85714,85724,10
13.1137199402,80.2924804688,85724,85734,10
13.1140604019,80.2925186157,85734,85744,10
13.1142301559,80.2925720215,85744,85754,10
13.1147203445,80.2926330566,85754,85764,10
13.1152801514,80.2926712036,85764,85774,10
13.1160202026,80.2927627563,85774,85785,11
13.1167802811,80.2929000854,85785,85795,10
13.1174402237,80.2930221558,85795,85805,10
13.1181402206,80.2931518555,85805,85815,10
13.1188297272,80.2932662964,85815,85825,10
13.1191501617,80.2933502197,85825,85835,10
13.1196498871,80.2934570313,85835,85851,16
13.120349884,80.2936019897,85851,85863,12
13.1211700439,80.2937774658,85863,85873,10
13.1216201782,80.2938766479,85873,85883,10
13.1220197678,80.2939834595,85883,85894,11
13.1227397919,80.2941513062,85894,85904,10
13.1234102249,80.2942962646,85904,85914,10
13.1240100861,80.294418335,85914,85924,10
13.124540329,80.2945327759,85924,85934,10
13.1246500015,80.2945480347,85934,85944,10
13.1247301102,80.2945632935,85944,85954,10
13.1249599457,80.2943191528,85954,85974,20
13.1249599457,80.2943191528,85974,85984,10
13.1250095367,80.2940597534,85984,85995,11
13.1250600815,80.2937316895,85995,86012,17
13.1251497269,80.2930221558,86012,86024,12
13.1252002716,80.2925262451,86024,86034,10
13.1252603531,80.2920379639,86034,86043,9
13.1251296997,80.2917404175,86043,86054,11
13.1249303818,80.2916030884,86054,86064,10
13.1249799728,80.2910766602,86064,86074,10
13.1250600815,80.2903671265,86074,86084,10
13.1251296997,80.2898178101,86084,86094,10
13.1252498627,80.2893600464,86094,86105,11
13.1253595352,80.2892303467,86105,86115,10
13.1257801056,80.2894210815,86115,86125,10
13.1264095306,80.2897109985,86125,86135,10
13.127120018,80.2900619507,86135,86144,9
13.1276798248,80.2903366089,86144,86155,11
13.1284198761,80.290687561,86155,86164,9
13.1290302277,80.2909393311,86164,86174,10
13.1296701431,80.2911911011,86174,86185,11
13.1303100586,80.2914505005,86185,86196,11
13.1309700012,80.2917022705,86196,86206,10
13.131529808,80.2919006348,86206,86216,10
13.1317100525,80.2920074463,86216,86226,10
13.131649971,80.2921981812,86226,86235,9
13.1315498352,80.2924880981,86235,86246,11
13.1315603256,80.2928390503,86246,86256,10
13.1315603256,80.292930603,86256,86266,10
13.1314401627,80.29296875,86266,86276,10
