13.0329198837,80.2303619385,11,11,0
13.0330896378,80.2305297852,11,415,404
13.0328397751,80.2305221558,415,606,191
13.0329799652,80.230430603,606,1585,979
13.0328702927,80.23046875,1585,2171,586
13.0331001282,80.2305374146,2171,2282,111
13.0330400467,80.2304534912,2282,2787,505
13.0330896378,80.2304077148,2787,3301,514
13.0330896378,80.2304077148,3301,3311,10
13.0329999924,80.2306137085,3311,3443,132
13.0329999924,80.2306137085,3443,3453,10
13.0330600739,80.2304229736,3453,3604,151
13.0330600739,80.2304229736,3604,3614,10
13.0329303741,80.2304000854,3614,3665,51
13.0329999924,80.2305374146,3665,3897,232
13.0328798294,80.2304229736,3897,4230,333
13.0330200195,80.2305603027,4230,4662,432
13.0330495834,80.2304382324,4662,4800,138
13.0330896378,80.2305603027,4800,4955,155
13.0329904556,80.2303390503,4955,5208,253
13.0329904556,80.2303390503,5208,5218,10
13.0330600739,80.2304077148,5218,5314,96
13.0331401825,80.2305374146,5314,5706,392
13.0330600739,80.2304992676,5706,5757,51
13.0330600739,80.2304992676,5757,5767,10
13.033080101,80.2305603027,5767,6173,406
13.0331802368,80.23046875,6173,6426,253
13.0332403183,80.2303771973,6426,6715,289
13.0330600739,80.2303924561,6715,7572,857
13.0330600739,80.2303924561,7572,18813,11241
13.0327501297,80.2306518555,18813,18837,24
13.0329198837,80.2303695679,18837,18948,111
13.0329999924,80.2303314209,18948,18979,31
13.0329999924,80.2303314209,18979,18989,10
13.032959938,80.2303771973,18989,18999,10
13.032500267,80.230430603,18999,19009,10
13.0318698883,80.2305297852,19009,19019,10
13.0310897827,80.2306365967,19019,19029,10
13.0305204391,80.23072052,19029,19038,9
13.0299596786,80.2307891846,19038,19050,12
13.0296697617,80.2308425903,19050,19060,10
13.0291795731,80.2308883667,19060,19070,10
13.0284404755,80.2309570313,19070,19081,11
13.0277299881,80.2310409546,19081,19091,10
13.0276298523,80.2313537598,19091,19101,10
13.0277099609,80.2318878174,19101,19111,10
13.0277996063,80.2323989868,19111,19121,10
13.0277500153,80.2328414917,19121,19131,10
13.0270700455,80.2329711914,19131,19141,10
13.0268201828,80.2330093384,19141,19151,10
13.0265903473,80.2330474854,19151,19161,10
13.026309967,80.2327575684,19161,19171,10
13.0260696411,80.2319412231,19171,19182,11
13.0257196426,80.2306900024,19182,19192,10
13.0250196457,80.2295684814,19192,19202,10
13.0243797302,80.228729248,19202,19212,10
13.0239696503,80.2282333374,19212,19222,10
13.0236997604,80.227897644,19222,19232,10
13.0233898163,80.2275772095,19232,19242,10
13.022939682,80.2271194458,19242,19252,10
13.0222101212,80.2264709473,19252,19262,10
13.0213899612,80.2258300781,19262,19272,10
13.0204200745,80.2251434326,19272,19283,11
13.0192699432,80.2244491577,19283,19293,10
13.0180196762,80.2247695923,19293,19303,10
13.0169897079,80.2252197266,19303,19313,10
13.0164804459,80.225402832,19313,19323,10
13.0161399841,80.225440979,19323,19333,10
13.0155296326,80.2257919312,19333,19343,10
13.0148000717,80.2260971069,19343,19352,9
13.0146303177,80.2261810303,19352,19363,11
13.0141601563,80.2263412476,19363,19373,10
13.0134897232,80.226600647,19373,19384,11
13.0124101639,80.2269821167,19384,19394,10
13.0112199783,80.2274475098,19394,19404,10
13.0100097656,80.2279663086,19404,19414,10
13.0091199875,80.2288284302,19414,19424,10
13.0088596344,80.230140686,19424,19434,10
13.008600235,80.2314987183,19434,19444,10
13.0083599091,80.2327804565,19444,19453,9
13.0082197189,80.233581543,19453,19464,11
13.0081596375,80.2338409424,19464,19474,10
13.008020401,80.2344818115,19474,19484,10
13.0078401566,80.2354125977,19484,19495,11
13.007610321,80.2366409302,19495,19504,9
13.0073795319,80.2377700806,19504,19515,11
13.0071802139,80.2388763428,19515,19524,9
13.0070295334,80.2395629883,19524,19535,11
13.0069103241,80.2404632568,19535,19544,9
13.0067596436,80.2412109375,19544,19555,11
13.006770134,80.2426300049,19555,19565,10
13.0067501068,80.2440338135,19565,19575,10
13.006770134,80.2454528809,19575,19585,10
13.0067996979,80.2465591431,19585,19596,11
13.006770134,80.2474899292,19596,19606,10
13.0067796707,80.2485427856,19606,19616,10
13.0068998337,80.2496566772,19616,19626,10
13.0068597794,80.2508010864,19626,19636,10
13.0067195892,80.2518615723,19636,19646,10
13.0065898895,80.2529373169,19646,19656,10
13.0065803528,80.2540817261,19656,19666,10
13.0066299438,80.2550811768,19666,19676,10
13.0066299438,80.2562179565,19676,19686,10
13.0066995621,80.2573623657,19686,19697,11
13.0070495605,80.2581710815,19697,19707,10
13.0077104568,80.258682251,19707,19717,10
13.0086803436,80.2590637207,19717,19727,10
13.0099601746,80.2591171265,19727,19736,9
13.0111904144,80.2591018677,19736,19748,12
13.0128698349,80.2591171265,19748,19758,10
13.0143098831,80.2591781616,19758,19768,10
13.0156602859,80.2593231201,19768,19778,10
13.0164899826,80.2597427368,19778,19788,10
13.0173397064,80.2603225708,19788,19798,10
13.0183200836,80.2609786987,19798,19809,11
13.0192203522,80.2616729736,19809,19819,10
13.0198402405,80.2623062134,19819,19829,10
13.0206403732,80.262802124,19829,19839,10
13.0215196609,80.2630767822,19839,19849,10
13.0220603943,80.2633285522,19849,19859,10
13.0224304199,80.2635269165,19859,19868,9
13.0229701996,80.2637786865,19868,19880,12
13.0239095688,80.2643508911,19880,19890,10
13.0245304108,80.2647476196,19890,19900,10
13.0251598358,80.2652435303,19900,19911,11
13.025970459,80.2657089233,19911,19921,10
13.0263595581,80.2657012939,19921,19931,10
13.0263996124,80.2651290894,19931,19941,10
13.0264997482,80.2643966675,19941,19951,10
13.026550293,80.2639694214,19951,19961,10
13.0265798569,80.2637634277,19961,19981,20
13.0274200439,80.2634963989,19981,19993,12
13.028169632,80.2636795044,19993,20001,8
13.0286598206,80.2637786865,20001,20013,12
13.0293197632,80.2640380859,20013,20023,10
13.0293502808,80.2646026611,20023,20036,13
13.0292901993,80.2656478882,20036,20046,10
13.0292100906,80.2663574219,20046,20056,10
13.0295200348,80.2665481567,20056,20066,10
13.0302295685,80.2666015625,20066,20076,10
13.0311002731,80.2667617798,20076,20086,10
13.0318899155,80.2670288086,20086,20096,10
13.0326004028,80.2674331665,20096,20106,10
13.0330295563,80.2676315308,20106,20129,23
13.0334196091,80.2677383423,20129,20142,13
13.0336399078,80.2678527832,20142,20152,10
13.0340299606,80.2678985596,20152,20161,9
13.0345697403,80.2679595947,20161,20203,42
13.0345697403,80.2679595947,20203,20213,10
13.0343198776,80.2680206299,20213,20223,10
13.0342798233,80.2680130005,20223,20233,10
13.034040451,80.2679595947,20233,20244,11
13.0334100723,80.267868042,20244,20565,321
13.0334100723,80.267868042,20565,20576,11
13.0330200195,80.267791748,20576,20588,12
13.0326099396,80.2676086426,20588,20598,10
13.0323200226,80.2674179077,20598,20608,10
13.0316495895,80.2670822144,20608,20618,10
13.0309295654,80.2668380737,20618,20627,9
13.0301704407,80.2667236328,20627,20638,11
13.0295200348,80.2666168213,20638,20648,10
13.029009819,80.2664489746,20648,20659,11
13.0283603668,80.2663192749,20659,20669,10
13.0277395248,80.2662200928,20669,20679,10
13.0270299911,80.2661132813,20679,20688,9
13.0265102386,80.2660217285,20688,20699,11
13.0260400772,80.2658309937,20699,20709,10
13.0256004333,80.2655181885,20709,20719,10
13.0251903534,80.2652511597,20719,20729,10
13.0246601105,80.264831543,20729,20739,10
13.0239801407,80.2643508911,20739,20749,10
13.0233697891,80.2640228271,20749,20760,11
13.02202034,80.2633209229,20760,20780,20
13.0218000412,80.2632598877,20780,20840,60
13.0218000412,80.2632598877,20840,20850,10
13.0215101242,80.2631378174,20850,20860,10
13.0208597183,80.2630233765,20860,20870,10
13.0201597214,80.2630004883,20870,20881,11
13.0194196701,80.2629394531,20881,20891,10
13.0190095901,80.2628479004,20891,20901,10
13.0188798904,80.2622070313,20901,20911,10
13.0187397003,80.2615432739,20911,20921,10
13.018119812,80.2609405518,20921,20930,9
13.0174398422,80.2604598999,20930,20941,11
13.0165395737,80.2598800659,20941,20951,10
13.015999794,80.2596130371,20951,20961,10
13.0152997971,80.2593765259,20961,20972,11
13.0141496658,80.2592697144,20972,20982,10
13.0128602982,80.2592163086,20982,20992,10
13.0116300583,80.2591781616,20992,21002,10
13.0104799271,80.2592086792,21002,21012,10
13.0094604492,80.2592010498,21012,21022,10
13.0087900162,80.2591629028,21022,21032,10
13.0084199905,80.259147644,21032,21042,10
13.0076799393,80.2593231201,21042,21052,10
13.0072202682,80.2589111328,21052,21062,10
13.0070800781,80.2585220337,21062,21072,10
13.0067996979,80.2579498291,21072,21083,11
13.0065603256,80.25756073,21083,21093,10
13.0064897537,80.25730896,21093,21103,10
13.006480217,80.2566223145,21103,21112,9
13.0064897537,80.2557525635,21112,21123,11
13.0065202713,80.2545700073,21123,21133,10
13.0065202713,80.2535705566,21133,21143,10
13.0065002441,80.2531967163,21143,21153,10
13.0064897537,80.2530288696,21153,21163,10
13.0065402985,80.2524337769,21163,21173,10
13.0067195892,80.2516021729,21173,21183,10
13.0068101883,80.2505111694,21183,21194,11
13.006770134,80.2490692139,21194,21204,10
13.006649971,80.247543335,21204,21264,60
13.006649971,80.247543335,21264,21274,10
13.006649971,80.2471008301,21274,21284,10
13.0065898895,80.2465896606,21284,21294,10
13.0066795349,80.2461166382,21294,21305,11
13.0066795349,80.2451324463,21305,21315,10
13.0066699982,80.2442626953,21315,21325,10
13.0066204071,80.243309021,21325,21335,10
13.0065803528,80.2420425415,21335,21345,10
13.0066995621,80.2407226563,21345,21355,10
13.0069198608,80.2395172119,21355,21365,10
13.0071401596,80.2384796143,21365,21375,10
13.007399559,80.2371063232,21375,21385,10
13.0075397491,80.2364273071,21385,21395,10
13.0077495575,80.2355194092,21395,21406,11
13.008020401,80.2341766357,21406,21416,10
13.0082998276,80.2327575684,21416,21426,10
13.008600235,80.2312393188,21426,21436,10
13.0088996887,80.2297134399,21436,21446,10
13.0092201233,80.2282104492,21446,21456,10
13.0098104477,80.2268295288,21456,21466,10
13.0103702545,80.2256011963,21466,21476,10
13.0109300613,80.2244491577,21476,21486,10
13.0113201141,80.2235183716,21486,21496,10
13.0116195679,80.22265625,21496,21506,10
13.0119800568,80.2217712402,21506,21517,11
13.0124597549,80.2217483521,21517,21527,10
13.0129098892,80.222328186,21527,21537,10
13.0134601593,80.2228775024,21537,21547,10
13.0138301849,80.2232284546,21547,21557,10
13.0140104294,80.2233810425,21557,21577,20
13.0140104294,80.2233810425,21577,21593,16
13.0142402649,80.2236480713,21593,21605,12
13.0146799088,80.2242584229,21605,21614,9
13.0153598785,80.2250137329,21614,21625,11
13.0165195465,80.2252578735,21625,21636,11
13.0177602768,80.2248306274,21636,21646,10
13.0189399719,80.2244033813,21646,21656,10
13.0198497772,80.2246170044,21656,21666,10
13.0204696655,80.2250823975,21666,21676,10
13.0208997726,80.225402832,21676,21685,9
13.021229744,80.2256774902,21685,21696,11
13.0217399597,80.2260131836,21696,21706,10
13.0219802856,80.2261810303,21706,21716,10
13.0220804214,80.2262573242,21716,21726,10
13.0225000381,80.2266921997,21726,21737,11
13.0232601166,80.2274093628,21737,21747,10
13.0240097046,80.2281570435,21747,21757,10
13.0245800018,80.2289199829,21757,21767,10
13.0252399445,80.2297592163,21767,21777,10
13.0258398056,80.2307434082,21777,21787,10
13.0260095596,80.2312927246,21787,21797,10
13.0262403488,80.231338501,21797,21807,10
13.0269603729,80.2311401367,21807,21817,10
13.0278396606,80.2309875488,21817,21827,10
13.0284404755,80.2309036255,21827,21836,9
13.028459549,80.2309036255,21836,21848,12
13.0291404724,80.2308197021,21848,21858,10
13.0296602249,80.2307815552,21858,21868,10
13.0303897858,80.2307281494,21868,21878,10
13.0310497284,80.230682373,21878,21888,10
13.0318803787,80.2305984497,21888,21898,10
13.0328197479,80.2305221558,21898,21908,10
13.0336303711,80.2304763794,21908,21918,10
13.0340499878,80.2304382324,21918,21928,10
13.0341596603,80.2304077148,21928,21938,10
13.0343999863,80.2303771973,21938,21948,10
13.0347995758,80.2302474976,21948,21959,11
13.0350103378,80.2300567627,21959,21969,10
13.0350103378,80.2298278809,21969,21979,10
13.034740448,80.2298202515,21979,21989,10
13.0342998505,80.2298126221,21989,22049,60
13.0342998505,80.2298126221,22049,22059,10
13.0335903168,80.2298736572,22059,22120,61
13.0335903168,80.2298736572,22120,22130,10
13.033490181,80.2301177979,22130,22988,858
13.033490181,80.2301177979,22988,22998,10
13.0338201523,80.2297821045,22998,23139,141
13.0341796875,80.229927063,23139,23220,81
13.0343103409,80.2303009033,23220,23321,101
13.0339403152,80.2304382324,23321,23483,162
13.0336799622,80.2303695679,23483,23695,212
13.0336799622,80.2303695679,23695,23705,10
13.0336799622,80.2303619385,23705,23716,11
13.0335502625,80.2303771973,23716,23726,10
13.0334501266,80.2304000854,23726,23736,10
13.0330400467,80.230430603,23736,23746,10
13.0323801041,80.2304916382,23746,23756,10
13.0315704346,80.2305831909,23756,23766,10
13.0309495926,80.2306289673,23766,23776,10
13.0301504135,80.2307128906,23776,23786,10
13.0298995972,80.2307510376,23786,23796,10
13.029589653,80.230796814,23796,23806,10
13.0288295746,80.2308578491,23806,23817,11
13.0279903412,80.2309494019,23817,23827,10
13.0277004242,80.2311019897,23827,23837,10
13.0277700424,80.2316665649,23837,23847,10
13.0278701782,80.2323226929,23847,23857,10
13.0277395248,80.2327804565,23857,23867,10
13.0270500183,80.2328720093,23867,23877,10
13.0267000198,80.2329711914,23877,23887,10
13.0263299942,80.2325210571,23887,23897,10
13.0260601044,80.2316207886,23897,23907,10
13.0256795883,80.2304611206,23907,23917,10
13.0250501633,80.2295532227,23917,23928,11
13.0244398117,80.2287521362,23928,23938,10
13.0240602493,80.2283325195,23938,23948,10
13.0239496231,80.2282180786,23948,23958,10
13.0236902237,80.2278823853,23958,23968,10
13.023440361,80.2275390625,23968,23978,10
13.0228395462,80.2269973755,23978,23988,10
13.0221004486,80.226348877,23988,23997,9
13.0214700699,80.2258529663,23997,24008,11
13.0207796097,80.2253112793,24008,24017,9
13.0200996399,80.224861145,24017,24028,11
13.0190200806,80.2244262695,24028,24039,11
13.0176897049,80.2248764038,24039,24048,9
13.016579628,80.2253723145,24048,24059,11
13.0156698227,80.2257003784,24059,24069,10
13.0149803162,80.2259902954,24069,24079,10
13.0145397186,80.2261734009,24079,24089,10
13.0141801834,80.2263183594,24089,24099,10
13.013710022,80.2264862061,24099,24109,10
13.0129804611,80.2267608643,24109,24119,10
13.011879921,80.2272033691,24119,24129,10
13.0106201172,80.2277069092,24129,24139,10
13.0094499588,80.2282180786,24139,24150,11
13.0089902878,80.2294998169,24150,24160,10
13.0087404251,80.2308731079,24160,24170,10
13.0084695816,80.2322311401,24170,24180,10
13.0082902908,80.2333984375,24180,24190,10
13.0082302094,80.2337265015,24190,24200,10
13.0081501007,80.2340011597,24200,24210,10
13.0079898834,80.2346496582,24210,24220,10
13.0077896118,80.2356796265,24220,24230,10
13.007519722,80.2370223999,24230,24240,10
13.0072803497,80.2383880615,24240,24250,10
13.0070800781,80.2394714355,24250,24261,11
13.0068998337,80.2404937744,24261,24271,10
13.0068798065,80.2408981323,24271,24281,10
13.006819725,80.2410888672,24281,24291,10
13.0067901611,80.2416915894,24291,24301,10
13.0067596436,80.2426834106,24301,24311,10
13.0066900253,80.2437820435,24311,24321,10
13.0067195892,80.2448425293,24321,24331,10
13.0067195892,80.2458724976,24331,24341,10
13.0067901611,80.246887207,24341,24351,10
13.0067501068,80.2482833862,24351,24361,10
13.0068798065,80.2493591309,24361,24372,11
13.0068902969,80.2495422363,24372,24382,10
13.0068902969,80.249961853,24382,24392,10
13.0068798065,80.2507171631,24392,24402,10
13.0068798065,80.2513427734,24402,24412,10
13.0067596436,80.2518615723,24412,24422,10
13.0066204071,80.2527313232,24422,24432,10
13.0066204071,80.2538909912,24432,24442,10
13.0066795349,80.2550964355,24442,24452,10
13.0066699982,80.2562332153,24452,24462,10
13.0067501068,80.2571182251,24462,24483,21
13.0067501068,80.2571182251,24483,24493,10
13.0067300797,80.25730896,24493,24503,10
13.0069799423,80.257850647,24503,24513,10
13.0073900223,80.2584609985,24513,24529,16
13.0086898804,80.2590332031,24529,24541,12
13.0100297928,80.2591018677,24541,24551,10
13.0113801956,80.2590637207,24551,24561,10
13.0127401352,80.2591171265,24561,24571,10
13.0141601563,80.2591705322,24571,24581,10
13.0155496597,80.2592926025,24581,24592,11
13.016409874,80.2596969604,24592,24602,10
13.0164699554,80.2597427368,24602,24612,10
13.0169296265,80.2600631714,24612,24622,10
13.0177001953,80.260597229,24622,24632,10
13.0185003281,80.2611618042,24632,24642,10
13.0189199448,80.2614974976,24642,24652,10
13.0195102692,80.2620162964,24652,24662,10
13.0201597214,80.262588501,24662,24672,10
13.0203504562,80.2627029419,24672,24682,10
13.0208301544,80.2628707886,24682,24692,10
13.0215902328,80.2631530762,24692,24703,11
13.0221004486,80.263420105,24703,24713,10
13.0225896835,80.2636871338,24713,24723,10
13.023229599,80.2640228271,24723,24733,10
13.0238199234,80.2643585205,24733,24743,10
13.0245504379,80.2648162842,24743,24753,10
13.0250997543,80.2652587891,24753,24763,10
13.0257797241,80.2656784058,24763,24773,10
13.0262298584,80.2658462524,24773,24783,10
13.0263700485,80.2653198242,24783,24793,10
13.0265102386,80.2644805908,24793,24803,10
13.0265703201,80.264213562,24803,24814,11
13.0266304016,80.2639770508,24814,24824,10
13.0266704559,80.2635574341,24824,24834,10
13.0269804001,80.2634735107,24834,24844,10
13.0274801254,80.2635726929,24844,24854,10
13.0279102325,80.2636871338,24854,24864,10
13.0281801224,80.2637710571,24864,24874,10
13.0284500122,80.2638473511,24874,24884,10
13.028840065,80.263961792,24884,24894,10
13.0292596817,80.2640991211,24894,24904,10
13.0293502808,80.2644424438,24904,24915,11
13.0293502808,80.2650680542,24915,24925,10
13.029299736,80.265663147,24925,24935,10
13.029299736,80.2658004761,24935,24945,10
13.029250145,80.2661209106,24945,24955,10
13.0292396545,80.2663116455,24955,24965,10
13.0294704437,80.2665176392,24965,24975,10
13.0300302505,80.2666015625,24975,24985,10
13.0306301117,80.2667388916,24985,24995,10
13.0312995911,80.2669372559,24995,25005,10
13.0319700241,80.267250061,25005,25021,16
13.0328397751,80.2677230835,25021,25034,13
13.0338602066,80.2679214478,25034,25064,30
13.0338602066,80.2679214478,25064,25074,10
13.0341396332,80.2679672241,25074,25084,10
13.034529686,80.2680206299,25084,25094,10
13.0345201492,80.2682113647,25094,25104,10
13.0344800949,80.2681808472,25104,25114,10
13.034239769,80.2680587769,25114,25124,10
13.0338602066,80.2679595947,25124,25135,11
13.0334701538,80.2678985596,25135,25599,464
13.0331802368,80.2678375244,25599,26235,636
13.0332603455,80.2678070068,26235,26406,171
13.0332603455,80.2678070068,26406,26416,10
13.0331401825,80.2676773071,26416,26426,10
13.0329904556,80.2677001953,26426,26436,10
13.0326700211,80.2675704956,26436,26447,11
13.0320100784,80.2672271729,26447,26457,10
13.0310297012,80.2668685913,26457,26467,10
13.0302000046,80.266708374,26467,26477,10
13.0298204422,80.2666625977,26477,26487,10
13.029589653,80.2666320801,26487,26497,10
13.0293397903,80.2665634155,26497,26507,10
13.0287904739,80.2663574219,26507,26517,10
13.0280399323,80.2662124634,26517,26527,10
13.0271701813,80.2660827637,26527,26543,16
13.0260601044,80.2658081055,26543,26555,12
13.0253400803,80.2653427124,26555,26566,11
13.0253000259,80.2653121948,26566,26576,10
13.0251903534,80.2652435303,26576,26586,10
13.0248203278,80.265007019,26586,26596,10
13.024140358,80.264541626,26596,26606,10
13.0233402252,80.2640380859,26606,26616,10
13.0225696564,80.2636108398,26616,26626,10
13.0221204758,80.263420105,26626,26636,10
13.0221204758,80.2634124756,26636,26646,10
13.0218801498,80.2632980347,26646,26656,10
13.0217103958,80.2631912231,26656,26667,11
13.0211400986,80.2630386353,26667,26677,10
13.0202999115,80.2630233765,26677,26687,10
13.0194997787,80.2629165649,26687,26697,10
13.018989563,80.262802124,26697,26707,10
13.0188703537,80.2620391846,26707,26717,10
13.0185899734,80.2612304688,26717,26727,10
13.0178203583,80.2606964111,26727,26737,10
13.016960144,80.2601928711,26737,26747,10
13.016289711,80.259803772,26747,26757,10
13.0161399841,80.2597198486,26757,26767,10
13.0160198212,80.2596588135,26767,26778,11
13.0154600143,80.2594604492,26778,26788,10
13.0146398544,80.2593231201,26788,26798,10
13.0135698318,80.2592773438,26798,26808,10
13.0123195648,80.2592315674,26808,26818,10
13.0112104416,80.2592010498,26818,26828,10
13.010310173,80.2592468262,26828,26838,10
13.0099401474,80.259262085,26838,26848,10
13.0096998215,80.259262085,26848,26858,10
13.0091695786,80.2592163086,26858,26868,10
13.0087795258,80.2592010498,26868,26878,10
13.0082902908,80.259147644,26878,26889,11
13.0076799393,80.2592086792,26889,26899,10
13.0073404312,80.2587814331,26899,26909,10
13.0072803497,80.2586975098,26909,26919,10
13.0071296692,80.2584381104,26919,26929,10
13.0068998337,80.2580413818,26929,26939,10
13.0066299438,80.2577514648,26939,26949,10
13.0066003799,80.2571563721,26949,26959,10
13.0065803528,80.2565002441,26959,26969,10
13.0065698624,80.2555465698,26969,26979,10
13.0065803528,80.2544937134,26979,26990,11
13.0065498352,80.2535324097,26990,27000,10
13.0065402985,80.2531814575,27000,27010,10
13.0065202713,80.2531280518,27010,27020,10
13.0065202713,80.2527236938,27020,27030,10
13.0066204071,80.2520980835,27030,27040,10
13.0066995621,80.2518615723,27040,27050,10
13.0067796707,80.251373291,27050,27060,10
13.0067996979,80.2506713867,27060,27070,10
13.006770134,80.2498626709,27070,27080,10
13.0067796707,80.2496414185,27080,27090,10
13.0067796707,80.2493133545,27090,27100,10
13.0067396164,80.2487182617,27100,27111,11
13.0066699982,80.2480773926,27111,27121,10
13.0066604614,80.2479171753,27121,27131,10
13.0066604614,80.2476196289,27131,27141,10
13.0066795349,80.2471618652,27141,27157,16
13.0066003799,80.2466812134,27157,27169,12
13.0065898895,80.2465591431,27169,27179,10
13.006649971,80.2463607788,27179,27189,10
13.0066604614,80.2455673218,27189,27199,10
13.0066299438,80.2445983887,27199,27209,10
13.0066299438,80.2437667847,27209,27220,11
13.0066003799,80.2430801392,27220,27229,9
13.0065698624,80.2422637939,27229,27240,11
13.0065603256,80.2414627075,27240,27250,10
13.0065803528,80.2413330078,27250,27260,10
13.0066604614,80.2407913208,27260,27270,10
13.0068397522,80.240020752,27270,27280,10
13.0070495605,80.2389831543,27280,27289,9
13.0072603226,80.2378768921,27289,27299,10
13.0074100494,80.2369918823,27299,27310,11
13.0074195862,80.2368621826,27310,27321,11
13.0075101852,80.2365264893,27321,27331,10
13.0076599121,80.2358474731,27331,27341,10
13.0078496933,80.2349090576,27341,27351,10
13.0080795288,80.2337722778,27351,27361,10
13.0083398819,80.2325210571,27361,27371,10
13.0085802078,80.2313079834,27371,27381,10
13.0088195801,80.2301330566,27381,27391,10
13.0090398788,80.2289428711,27391,27401,10
13.0094099045,80.2276535034,27401,27411,10
13.0099401474,80.2264633179,27411,27421,10
13.0104103088,80.225479126,27421,27432,11
13.0109300613,80.2244262695,27432,27443,11
13.011300087,80.2236099243,27443,27453,10
13.0115003586,80.2231521606,27453,27463,10
13.0117797852,80.2224807739,27463,27473,10
13.0121097565,80.2215499878,27473,27483,10
13.0124101639,80.2215194702,27483,27493,10
13.0128002167,80.2220916748,27493,27503,10
13.0134096146,80.2227706909,27503,27513,10
13.0140695572,80.2235031128,27513,27523,10
13.014380455,80.2239227295,27523,27533,10
13.0150403976,80.2245330811,27533,27544,11
13.0153503418,80.2248535156,27544,27554,10
13.0153799057,80.2248916626,27554,27564,10
13.0155296326,80.2250595093,27564,27574,10
13.0161104202,80.2253723145,27574,27584,10
13.0170402527,80.225189209,27584,27594,10
13.018239975,80.2247009277,27594,27604,10
13.0198097229,80.2245864868,27604,27624,20
13.0198097229,80.2245864868,27624,27634,10
13.0198097229,80.2246704102,27634,27644,10
13.0199804306,80.2248001099,27644,27655,11
13.0206203461,80.225227356,27655,27665,10
13.0213804245,80.2257766724,27665,27675,10
13.0219202042,80.2261886597,27675,27685,10
13.0220603943,80.2262573242,27685,27695,10
13.0224304199,80.2266235352,27695,27705,10
13.0231199265,80.2272491455,27705,27715,10
13.023900032,80.2279434204,27715,27725,10
13.0243597031,80.2284393311,27725,27735,10
13.024600029,80.2287979126,27735,27745,10
13.0249204636,80.2292480469,27745,27755,10
13.0253601074,80.2297897339,27755,27766,11
13.025759697,80.2304382324,27766,27776,10
13.0259799957,80.23097229,27776,27786,10
13.0260696411,80.2313232422,27786,27802,16
13.0270996094,80.2311096191,27802,27814,12
13.0278701782,80.2309799194,27814,27824,10
13.0283403397,80.2309417725,27824,27834,10
13.0284204483,80.2309265137,27834,27844,10
13.0285997391,80.2309265137,27844,27854,10
13.0291099548,80.2309036255,27854,27864,10
13.0296602249,80.2308425903,27864,27875,11
13.0304603577,80.2307815552,27875,27885,10
13.0309896469,80.2307281494,27885,27894,9
13.0314302444,80.2307128906,27894,27905,11
13.0321702957,80.2306594849,27905,27915,10
13.0328798294,80.2305831909,27915,27925,10
13.0335502625,80.2305297852,27925,27935,10
13.0340099335,80.2304763794,27935,27945,10
13.0345802307,80.2303619385,27945,27955,10
13.0349597931,80.2300872803,27955,27996,41
13.0346002579,80.2299880981,27996,28339,343
13.034239769,80.2300033569,28339,29378,1039
13.034239769,80.2300033569,29378,29388,10
13.034119606,80.23046875,29388,29398,10
13.0339803696,80.23046875,29398,29409,11
13.0335798264,80.2304534912,29409,29419,10
13.0334997177,80.23046875,29419,29429,10
13.0331001282,80.2304763794,29429,29439,10
13.0325899124,80.2305297852,29439,29449,10
13.0320196152,80.2306213379,29449,29459,10
13.0316095352,80.2306671143,29459,29469,10
13.0312099457,80.2307281494,29469,29479,10
13.0308303833,80.230758667,29479,29489,10
13.0303001404,80.2308197021,29489,29499,10
13.0300197601,80.2308731079,29499,29509,10
13.0298700333,80.2308883667,29509,29520,11
13.0296096802,80.2309112549,29520,29530,10
13.0291700363,80.2309188843,29530,29540,10
13.0287303925,80.2309494019,29540,29550,10
13.0282697678,80.2309875488,29550,29559,9
13.0279302597,80.2310409546,29559,29570,11
13.0277996063,80.2314376831,29570,29580,10
13.0278196335,80.2319412231,29580,29590,10
13.0278701782,80.2324066162,29590,29600,10
13.0279102325,80.2327423096,29600,29610,10
13.0274095535,80.2328872681,29610,29631,21
13.0274095535,80.2328872681,29631,29641,10
13.0271701813,80.2329406738,29641,29651,10
13.0269298553,80.232963562,29651,29661,10
13.0266199112,80.2330169678,29661,29671,10
13.0263004303,80.2325210571,29671,29681,10
13.0260400772,80.2316818237,29681,29691,10
13.0256900787,80.2305679321,29691,29701,10
13.0251398087,80.2297363281,29701,29711,10
13.0248003006,80.229309082,29711,29721,10
13.0244998932,80.2289199829,29721,29731,10
13.0241603851,80.2285003662,29731,29742,11
13.024020195,80.2283401489,29742,29752,10
13.0239601135,80.2282562256,29752,29762,10
13.0237503052,80.2280197144,29762,29772,10
13.0234699249,80.2276992798,29772,29782,10
13.0229597092,80.2271575928,29782,29792,10
13.0222702026,80.2265167236,29792,29802,10
13.0214195251,80.2258377075,29802,29812,10
13.0205698013,80.2251968384,29812,29822,10
13.0198001862,80.2246932983,29822,29832,10
13.018910408,80.2244262695,29832,29842,10
13.0177097321,80.2249526978,29842,29853,11
13.0167798996,80.2253112793,29853,29863,10
13.0162000656,80.2255477905,29863,29872,9
13.0156602859,80.2257385254,29872,29883,11
13.0149002075,80.2260437012,29883,29893,10
13.0142803192,80.2262878418,29893,29903,10
13.0140600204,80.2264328003,29903,29923,20
13.0140600204,80.2264328003,29923,29933,10
13.0139198303,80.2265014648,29933,29943,10
13.0137195587,80.2265701294,29943,29953,10
13.0133600235,80.2266769409,29953,29964,11
13.0126895905,80.2269134521,29964,29974,10
13.0119104385,80.2272186279,29974,29984,10
13.0109996796,80.2275924683,29984,29994,10
13.0100603104,80.2279663086,29994,30004,10
13.0092201233,80.2284393311,30004,30014,10
13.0089797974,80.2294006348,30014,30024,10
13.0087995529,80.2303924561,30024,30034,10
13.0085897446,80.2315216064,30034,30044,10
13.0083599091,80.2327194214,30044,30054,10
13.0082197189,80.2335128784,30054,30065,11
13.0081996918,80.2337112427,30065,30075,10
13.0081701279,80.2337493896,30075,30085,10
13.0080604553,80.2341766357,30085,30095,10
13.007900238,80.2349777222,30095,30105,10
13.0077199936,80.2359924316,30105,30115,10
13.007519722,80.2370986938,30115,30125,10
13.0073204041,80.2381591797,30125,30135,10
13.0071697235,80.2389831543,30135,30145,10
13.0069599152,80.2399597168,30145,30186,41
13.0069599152,80.2399597168,30186,30196,10
13.0069303513,80.2401199341,30196,30206,10
13.0068702698,80.2406768799,30206,30226,20
13.0068702698,80.2406768799,30226,30236,10
13.006819725,80.2409896851,30236,30246,10
13.0067596436,80.2417221069,30246,30256,10
13.0067501068,80.2425537109,30256,30266,10
13.0067300797,80.243309021,30266,30276,10
13.0067195892,80.2440795898,30276,30286,10
13.0066795349,80.2447280884,30286,30297,11
13.0066995621,80.2456207275,30297,30307,10
13.0067300797,80.2462768555,30307,30317,10
13.0067396164,80.2464828491,30317,30327,10
13.0067596436,80.246887207,30327,30337,10
13.0067501068,80.2475128174,30337,30347,10
13.0067596436,80.2482223511,30347,30357,10
13.0068998337,80.2495193481,30357,30387,30
13.0068998337,80.2495193481,30387,30398,11
13.0068798065,80.2497406006,30398,30408,10
13.0068597794,80.2503509521,30408,30418,10
13.0068597794,80.2510528564,30418,30428,10
13.0068302155,80.2514419556,30428,30448,20
13.0068302155,80.2514419556,30448,30458,10
13.0067996979,80.2515411377,30458,30468,10
13.0066604614,80.2520065308,30468,30478,10
13.0065698624,80.2527618408,30478,30488,10
13.0065603256,80.2536468506,30488,30498,10
13.0066099167,80.254699707,30498,30509,11
13.0066404343,80.2557983398,30509,30519,10
13.006649971,80.2570037842,30519,30529,10
13.0068998337,80.2579269409,30529,30539,10
13.0077800751,80.258682251,30539,30569,30
13.0077800751,80.258682251,30569,30579,10
13.0079803467,80.2587738037,30579,30589,10
13.0083198547,80.2589111328,30589,30599,10
13.0089197159,80.2590713501,30599,30609,10
13.0093803406,80.2590713501,30609,30620,11
13.0103998184,80.2590789795,30620,30630,10
13.0115804672,80.2590789795,30630,30640,10
13.0129003525,80.2591171265,30640,30650,10
13.0141496658,80.2591705322,30650,30660,10
13.0152101517,80.2592086792,30660,30670,10
13.0160598755,80.2594299316,30670,30680,10
13.0164403915,80.2596664429,30680,30700,20
13.0164403915,80.2596664429,30700,30710,10
13.0165500641,80.2598114014,30710,30720,10
13.016869545,80.2600402832,30720,30730,10
13.017370224,80.2603912354,30730,30741,11
13.017829895,80.2606964111,30741,30751,10
13.0179004669,80.2607498169,30751,30761,10
13.0180902481,80.2608795166,30761,30771,10
13.0185003281,80.261177063,30771,30781,10
13.0187997818,80.2613983154,30781,30791,10
13.0190401077,80.2615966797,30791,30801,10
13.0193099976,80.2618408203,30801,30811,10
13.0195102692,80.2620391846,30811,30821,10
13.019780159,80.2623214722,30821,30831,10
13.0201301575,80.262588501,30831,30842,11
13.0201797485,80.2626571655,30842,30852,10
13.0206003189,80.262840271,30852,30862,10
13.021320343,80.2630462646,30862,30872,10
13.0218801498,80.2632904053,30872,30882,10
13.0220603943,80.2633895874,30882,30892,10
13.0222702026,80.2634887695,30892,30902,10
13.0224399567,80.2635803223,30902,30912,10
13.0227403641,80.2637329102,30912,30922,10
13.0228395462,80.2637786865,30922,30932,10
13.0230903625,80.2639389038,30932,30942,10
13.0235795975,80.2641983032,30942,30953,11
13.0241699219,80.2645187378,30953,30963,10
13.0247602463,80.2649536133,30963,30973,10
13.0252799988,80.2653198242,30973,30983,10
13.0257101059,80.2656326294,30983,30993,10
13.0259599686,80.2657623291,30993,31003,10
13.026140213,80.2658462524,31003,31013,10
13.0263204575,80.2656478882,31013,31023,10
13.0263500214,80.26512146,31023,31033,10
13.0264396667,80.2644882202,31033,31043,10
13.0265197754,80.2639083862,31043,31053,10
13.0265703201,80.2637786865,31053,31064,11
13.026599884,80.2634429932,31064,31074,10
13.02684021,80.2633972168,31074,31084,10
13.027469635,80.2635498047,31084,31094,10
13.0281095505,80.2637329102,31094,31104,10
13.0286798477,80.2638473511,31104,31114,10
13.0291500092,80.2640228271,31114,31124,10
13.0292396545,80.2644195557,31124,31134,10
13.029250145,80.2649765015,31134,31144,10
13.0292100906,80.2662734985,31144,31172,28
13.0292100906,80.2662734985,31172,31183,11
13.0293102264,80.2665481567,31183,31193,10
13.0297403336,80.2666168213,31193,31202,9
13.0303001404,80.2666702271,31202,31214,12
13.0312404633,80.2668762207,31214,31224,10
13.0319404602,80.2671737671,31224,31233,9
13.0323896408,80.2673721313,31233,31244,11
13.0326900482,80.2675628662,31244,31254,10
13.0330400467,80.2676925659,31254,31264,10
13.0334997177,80.2677993774,31264,31295,31
13.0334997177,80.2677993774,31295,31305,10
13.033829689,80.2679367065,31305,31315,10
13.0342798233,80.2679977417,31315,31325,10
13.0345697403,80.2679977417,31325,31335,10
13.0345497131,80.268157959,31335,31345,10
13.0343799591,80.2680587769,31345,31355,10
13.0338897705,80.2678909302,31355,31365,10
13.033490181,80.2678604126,31365,32102,737
13.033490181,80.2678604126,32102,32112,10
13.0331602097,80.2677612305,32112,32122,10
13.0328397751,80.2676773071,32122,32152,30
13.0328397751,80.2676773071,32152,32163,11
13.0325403214,80.2674865723,32163,32173,10
13.0324201584,80.2674026489,32173,32183,10
13.0319595337,80.2671585083,32183,32193,10
13.0314302444,80.2669296265,32193,32203,10
13.0308799744,80.266746521,32203,32213,10
13.0303401947,80.2666015625,32213,32223,10
13.0299396515,80.2665405273,32223,32253,30
13.0299396515,80.2665405273,32253,32263,10
13.0295295715,80.2665786743,32263,32274,11
13.0293102264,80.2665328979,32274,32284,10
13.0289297104,80.2663879395,32284,32294,10
13.0284900665,80.2662277222,32294,32304,10
13.0280504227,80.2661514282,32304,32314,10
13.0276098251,80.2661132813,32314,32324,10
13.0271701813,80.2660827637,32324,32334,10
13.0266599655,80.2659835815,32334,32364,30
13.0264196396,80.2659912109,32364,32385,21
13.0264196396,80.2659912109,32385,32395,10
13.0262203217,80.2659225464,32395,32405,10
13.0259895325,80.2657470703,32405,32415,10
13.0253295898,80.2653198242,32415,32435,20
13.0253295898,80.2653198242,32435,32445,10
13.0250997543,80.2651672363,32445,32455,10
13.0246601105,80.2648391724,32455,32465,10
13.0239896774,80.2643737793,32465,32475,10
13.0234804153,80.2640609741,32475,32485,10
13.0229196548,80.2637023926,32485,32496,11
13.0222902298,80.2633972168,32496,32516,20
13.0222902298,80.2633972168,32516,32526,10
13.0218696594,80.2632369995,32526,32536,10
13.0212097168,80.2630233765,32536,32546,10
13.020409584,80.2630081177,32546,32556,10
13.0200004578,80.2629699707,32556,32566,10
13.0193901062,80.262878418,32566,32576,10
13.0190095901,80.2626190186,32576,32586,10
13.0188598633,80.2618408203,32586,32596,10
13.0186395645,80.2612762451,32596,32607,11
13.0177402496,80.2606735229,32607,32617,10
13.016960144,80.2601394653,32617,32627,10
13.016289711,80.2597579956,32627,32637,10
13.0160999298,80.2596664429,32637,32647,10
13.0159702301,80.2596130371,32647,32657,10
13.0154104233,80.2593994141,32657,32667,10
13.0145797729,80.2592697144,32667,32677,10
13.0136003494,80.2592163086,32677,32687,10
13.0124998093,80.2591781616,32687,32697,10
13.0115098953,80.259147644,32697,32707,10
13.0105600357,80.2592010498,32707,32717,10
13.0098800659,80.2592010498,32717,32728,11
13.0097904205,80.2592010498,32728,32744,16
13.0090799332,80.2591171265,32744,32756,12
13.0086202621,80.2590713501,32756,32766,10
13.0081195831,80.2590789795,32766,32776,10
13.0074596405,80.2590789795,32776,32786,10
13.007229805,80.2586669922,32786,32795,9
13.0072202682,80.2586212158,32795,32806,11
13.0071201324,80.2584228516,32806,32816,10
13.0066699982,80.2576980591,32816,32866,50
13.0066699982,80.2576980591,32866,32876,10
13.0066003799,80.2574005127,32876,32887,11
13.0065202713,80.2568969727,32887,32897,10
13.0064897537,80.2560501099,32897,32907,10
13.0065097809,80.2553100586,32907,32917,10
13.0065498352,80.2543869019,32917,32927,10
13.0065803528,80.2531967163,32927,32948,21
13.0065803528,80.2531967163,32948,32958,10
13.0066003799,80.2529296875,32958,32968,10
13.0065803528,80.2523117065,32968,33038,70
13.0065803528,80.2523117065,33038,33049,11
13.0067195892,80.2521820068,33049,33059,10
13.0067396164,80.2517929077,33059,33069,10
13.0067996979,80.2511520386,33069,33079,10
13.0067796707,80.250579834,33079,33089,10
13.0068101883,80.2500991821,33089,33099,10
13.0067796707,80.2497634888,33099,33170,71
13.0069303513,80.2496032715,33170,33291,121
13.0069303513,80.2496032715,33291,33301,10
13.0069599152,80.2492599487,33301,33311,10
13.0068998337,80.2489471436,33311,33321,10
13.0068302155,80.2486801147,33321,33331,10
13.0067996979,80.2483215332,33331,33341,10
13.0067396164,80.2479629517,33341,33351,10
13.0067195892,80.2476730347,33351,33543,192
13.0067195892,80.2476730347,33543,33553,10
13.0067796707,80.2474975586,33553,33563,10
13.0067796707,80.2471008301,33563,33573,10
13.0066795349,80.2465820313,33573,33593,20
13.0066795349,80.2465820313,33593,33604,11
13.0066604614,80.2465209961,33604,33614,10
13.0066900253,80.2461700439,33614,33624,10
13.0066900253,80.2456283569,33624,33634,10
13.0066699982,80.2451095581,33634,33644,10
13.0066404343,80.244682312,33644,33654,10
13.0066404343,80.2444000244,33654,33664,10
13.0066404343,80.2442321777,33664,33674,10
13.0066404343,80.2439498901,33674,33684,10
13.0066204071,80.2437133789,33684,33694,10
13.0066404343,80.2434616089,33694,33704,10
13.0066204071,80.2428588867,33704,33715,11
13.0065603256,80.2417221069,33715,33735,20
13.0065603256,80.2417221069,33735,33745,10
13.0065803528,80.2414703369,33745,33755,10
13.0066003799,80.2411193848,33755,33765,10
13.0066204071,80.2408828735,33765,33775,10
13.0066795349,80.2405776978,33775,33785,10
13.0068302155,80.239982605,33785,33795,10
13.0069599152,80.2392196655,33795,33805,10
13.0071496964,80.2381973267,33805,33815,10
13.0073299408,80.2374420166,33815,33826,11
13.0074195862,80.2367630005,33826,33846,20
13.0074195862,80.2367630005,33846,33856,10
13.007519722,80.2364883423,33856,33866,10
13.0076599121,80.2358932495,33866,33876,10
13.0078201294,80.2350692749,33876,33886,10
13.0080003738,80.2341995239,33886,33896,10
13.0082302094,80.2330093384,33896,33906,10
13.0085000992,80.2316207886,33906,33916,10
13.0087499619,80.2302703857,33916,33926,10
13.0089998245,80.2289962769,33926,33936,10
13.0093002319,80.2279129028,33936,33947,11
13.0097904205,80.2267913818,33947,33957,10
13.010219574,80.2259292603,33957,33967,10
13.01060009,80.2251968384,33967,33977,10
13.0108098984,80.2246932983,33977,33987,10
13.0109901428,80.2241973877,33987,33997,10
13.0112800598,80.2234725952,33997,34007,10
13.0115804672,80.2227401733,34007,34017,10
13.0117998123,80.221862793,34017,34027,10
13.0122995377,80.2214508057,34027,34037,10
13.0126199722,80.2219390869,34037,34047,10
13.0131101608,80.2224578857,34047,34058,11
13.0136203766,80.2229537964,34058,34068,10
13.0140800476,80.2235031128,34068,34078,10
13.0143699646,80.2240371704,34078,34088,10
13.0151100159,80.2246780396,34088,34098,10
13.0154800415,80.2249679565,34098,34108,10
13.0155000687,80.2249832153,34108,34118,10
13.0155801773,80.2250366211,34118,34128,10
13.0158700943,80.2253036499,34128,34138,10
13.0166501999,80.2252883911,34138,34148,10
13.0175895691,80.2249221802,34148,34159,11
13.0185403824,80.2245101929,34159,34169,10
13.0190896988,80.224319458,34169,34179,10
13.0194797516,80.2243881226,34179,34209,30
13.0194797516,80.2243881226,34209,34219,10
13.0197601318,80.2245788574,34219,34229,10
13.0200796127,80.224822998,34229,34239,10
13.0204401016,80.2250823975,34239,34249,10
13.0207395554,80.2252807617,34249,34259,10
13.0209798813,80.2254714966,34259,34270,11
13.0212097168,80.2256622314,34270,34280,10
13.0213603973,80.2257766724,34280,34290,10
13.0216903687,80.2259979248,34290,34310,20
13.0216903687,80.2259979248,34310,34320,10
13.0218896866,80.2261505127,34320,34330,10
13.0220804214,80.2262878418,34330,34340,10
13.0221996307,80.2263793945,34340,34350,10
13.0223798752,80.2265396118,34350,34360,10
13.0225496292,80.2267074585,34360,34370,10
13.0227603912,80.2269363403,34370,34421,51
13.0227603912,80.2269363403,34421,34431,10
13.0229997635,80.2272872925,34431,34459,28
13.0229997635,80.2272872925,34459,34467,8
13.0233402252,80.2275619507,34467,34479,12
13.0236501694,80.2277984619,34479,34489,10
13.0238103867,80.2278823853,34489,34500,11
13.0239200592,80.2279891968,34500,34510,10
13.0239400864,80.228012085,34510,34520,10
13.0240697861,80.228187561,34520,34529,9
13.0242004395,80.2283325195,34529,34540,11
13.0243597031,80.2285690308,34540,34550,10
13.0245103836,80.2287597656,34550,34559,9
13.0246601105,80.2289810181,34559,34570,11
13.0248804092,80.2292785645,34570,34580,10
13.0253000259,80.2297897339,34580,34590,10
13.0256795883,80.2303085327,34590,34671,81
13.0256795883,80.2303085327,34671,34681,10
13.0258302689,80.2305221558,34681,34691,10
13.0259199142,80.2308807373,34691,34702,11
13.0260000229,80.2311706543,34702,34712,10
13.026260376,80.2313308716,34712,34722,10
13.0269804001,80.2311325073,34722,34732,10
13.0278196335,80.23097229,34732,34742,10
13.0284404755,80.2309112549,34742,34752,10
13.0285196304,80.2309112549,34752,34762,10
13.028840065,80.2308883667,34762,34772,10
13.0293998718,80.2308502197,34772,34782,10
13.0298900604,80.2307891846,34782,34792,10
13.0303897858,80.2307434082,34792,34813,21
13.0303897858,80.2307434082,34813,34823,10
13.0306196213,80.2307128906,34823,34833,10
13.0311203003,80.230682373,34833,34843,10
13.0318498611,80.2306213379,34843,34853,10
13.0325202942,80.2305603027,34853,34863,10
13.0333003998,80.2305221558,34863,34873,10
13.0340499878,80.2304534912,34873,34883,10
13.0344495773,80.2303924561,34883,34893,10
13.0347604752,80.2302703857,34893,34962,69
13.0347604752,80.2302703857,34962,34972,10
13.0350704193,80.2300567627,34972,34982,10
13.0351295471,80.2298965454,34982,34992,10
13.0349903107,80.2297592163,34992,35002,10
13.0346002579,80.2297286987,35002,35063,61
13.0342702866,80.2299118042,35063,35315,252
13.0342903137,80.2302017212,35315,35386,71
13.0342903137,80.2302017212,35386,35396,10
13.0340795517,80.2304077148,35396,35406,10
13.0338096619,80.2304000854,35406,35416,10
13.033659935,80.2304229736,35416,35426,10
13.0334396362,80.2304534912,35426,35436,10
13.0330896378,80.2304534912,35436,35446,10
13.0325603485,80.2304992676,35446,35456,10
13.0320196152,80.2305603027,35456,35487,31
13.0320196152,80.2305603027,35487,35497,10
13.0317201614,80.2305908203,35497,35507,10
13.0312995911,80.2306289673,35507,35527,20
13.0312995911,80.2306289673,35527,35537,10
13.0308599472,80.2306594849,35537,35547,10
13.0301399231,80.23072052,35547,35587,40
13.0301399231,80.23072052,35587,35598,11
13.0299100876,80.2307662964,35598,35608,10
13.0296201706,80.230796814,35608,35618,10
13.0291099548,80.2308273315,35618,35628,10
13.0284996033,80.2308425903,35628,35638,10
13.0281000137,80.2308578491,35638,35647,9
13.0278997421,80.2310714722,35647,35658,11
13.0278701782,80.2316970825,35658,35668,10
13.0278501511,80.2323303223,35668,35678,10
13.0278596878,80.2325973511,35678,35688,10
13.0278100967,80.2327728271,35688,35698,10
13.027299881,80.2329025269,35698,35820,122
13.027299881,80.2329025269,35820,35830,10
13.0271396637,80.2328872681,35830,35880,50
13.0271396637,80.2328872681,35880,35890,10
13.0267496109,80.2329788208,35890,35941,51
13.0267496109,80.2329788208,35941,35951,10
13.0266199112,80.233001709,35951,35961,10
13.0263595581,80.2328186035,35961,35971,10
13.0261201859,80.2319717407,35971,36001,30
13.0261201859,80.2319717407,36001,36011,10
13.0260400772,80.2316513062,36011,36021,10
13.0259199142,80.2312088013,36021,36031,10
13.025639534,80.2304000854,36031,36042,11
13.0249500275,80.2294235229,36042,36052,10
13.0243701935,80.2286834717,36052,36062,10
13.0240297318,80.2283096313,36062,36078,16
13.0239601135,80.2282180786,36078,36090,12
13.0236196518,80.2278366089,36090,36098,8
13.0232200623,80.2274169922,36098,36108,10
13.0225000381,80.2267608643,36108,36119,11
13.0215396881,80.2259674072,36119,36130,11
13.0206604004,80.2253036499,36130,36140,10
13.0200796127,80.2248916626,36140,36161,21
13.0200796127,80.2248916626,36161,36170,9
13.0197896957,80.2247161865,36170,36181,11
13.0193099976,80.2244720459,36181,36191,10
13.0182800293,80.2247009277,36191,36201,10
13.0172996521,80.2250976563,36201,36211,10
13.0165300369,80.2254333496,36211,36221,10
13.0159101486,80.2256469727,36221,36231,10
13.0152301788,80.2258987427,36231,36241,10
13.0144996643,80.2261734009,36241,36251,10
13.0138702393,80.2264785767,36251,36272,21
13.0138702393,80.2264785767,36272,36282,10
13.0137300491,80.2265014648,36282,36292,10
13.0135202408,80.2265396118,36292,36302,10
13.0133199692,80.226600647,36302,36312,10
13.0127601624,80.226852417,36312,36322,10
13.0119304657,80.2272033691,36322,36332,10
13.0109395981,80.2276229858,36332,36342,10
13.0098800659,80.2280426025,36342,36352,10
13.009180069,80.2286376953,36352,36362,10
13.0089502335,80.2295913696,36362,36373,11
13.008769989,80.2304992676,36373,36383,10
13.0086698532,80.231048584,36383,36393,10
13.0085897446,80.2314300537,36393,36403,10
13.0084400177,80.2321929932,36403,36413,10
13.0082397461,80.2335586548,36413,36432,19
13.0082397461,80.2335586548,36432,36442,10
13.0081996918,80.233757019,36442,36453,11
13.0080499649,80.2344207764,36453,36463,10
13.0078897476,80.235168457,36463,36473,10
13.0077800751,80.2357711792,36473,36484,11
13.0077600479,80.2358932495,36484,36494,10
13.0077495575,80.2360076904,36494,36504,10
13.0076799393,80.2363128662,36504,36514,10
13.0076198578,80.236618042,36514,36524,10
13.0075502396,80.2369766235,36524,36534,10
13.0074796677,80.2372589111,36534,36544,10
13.0073900223,80.2376785278,36544,36554,10
13.0073003769,80.2381668091,36554,36564,10
13.0071296692,80.238899231,36564,36574,10
13.0070199966,80.2394866943,36574,36665,91
13.0070199966,80.2394866943,36665,36675,10
13.0070495605,80.2397232056,36675,36685,10
13.006939888,80.2401275635,36685,36695,10
13.0068397522,80.2405166626,36695,36706,11
13.0068397522,80.2405929565,36706,36716,10
13.006819725,80.2407684326,36716,36726,10
13.0067796707,80.2410812378,36726,36736,10
13.0067596436,80.2415771484,36736,36746,10
13.0067396164,80.2422027588,36746,36756,10
13.0067195892,80.2427215576,36756,36766,10
13.0066900253,80.2433166504,36766,36776,10
13.0066900253,80.243927002,36776,36786,10
13.0066900253,80.2451324463,36786,36806,20
13.0066900253,80.2451324463,36806,36817,11
13.0067195892,80.2455673218,36817,36827,10
13.0067396164,80.2460174561,36827,36843,16
13.0067501068,80.2470016479,36843,36855,12
13.0067300797,80.248046875,36855,36863,8
13.0067501068,80.2488174438,36863,36873,10
13.0068502426,80.249458313,36873,36884,11
13.0068502426,80.2495803833,36884,36896,12
13.0068597794,80.2497787476,36896,36906,10
13.0068397522,80.2502288818,36906,36916,10
13.006819725,80.2507476807,36916,36926,10
13.0067996979,80.2512588501,36926,36937,11
13.006649971,80.2519226074,36937,36947,10
13.0065402985,80.2526016235,36947,36957,10
13.006529808,80.2534179688,36957,36967,10
13.0065498352,80.25415802,36967,36977,10
13.0066003799,80.2546005249,36977,36987,10
13.0066003799,80.2547988892,36987,36997,10
13.0066404343,80.255279541,36997,37007,10
13.0066299438,80.2560806274,37007,37017,10
13.0066404343,80.2566833496,37017,37027,10
13.0066604614,80.2570266724,37027,37038,11
13.0066795349,80.2573318481,37038,37048,10
13.0068302155,80.2577972412,37048,37058,10
13.0071897507,80.2583236694,37058,37068,10
13.0076599121,80.2586288452,37068,37078,10
13.0076904297,80.2586517334,37078,37088,10
13.0078401566,80.2587127686,37088,37098,10
13.0082597733,80.2589187622,37098,37108,10
13.0088300705,80.2590637207,37108,37118,10
13.0090703964,80.2590637207,37118,37128,10
13.0097198486,80.2590484619,37128,37138,10
13.0107002258,80.2590637207,37138,37149,11
13.0120296478,80.2590789795,37149,37159,10
13.0133600235,80.2591400146,37159,37169,10
13.0146198273,80.2591705322,37169,37179,10
13.0157003403,80.259262085,37179,37189,10
13.0163002014,80.2595291138,37189,37199,10
13.0163402557,80.259552002,37199,37209,10
13.016409874,80.2596588135,37209,37219,10
13.0166301727,80.2598419189,37219,37229,10
13.0167999268,80.2599411011,37229,37239,10
13.0172195435,80.2602386475,37239,37249,10
13.0177602768,80.2606201172,37249,37260,11
13.0183000565,80.2610092163,37260,37270,10
13.0186500549,80.2612686157,37270,37280,10
13.0188598633,80.2614212036,37280,37290,10
13.0193395615,80.2617874146,37290,37300,10
13.0198497772,80.262298584,37300,37310,10
13.0202598572,80.2626495361,37310,37320,10
13.0203104019,80.2627105713,37320,37330,10
13.0207195282,80.2628707886,37330,37340,10
13.0213603973,80.2630615234,37340,37350,10
13.0218896866,80.2632827759,37350,37360,10
13.022190094,80.2634277344,37360,37369,9
13.0225400925,80.2636184692,37369,37381,12
13.022939682,80.2638397217,37381,37391,10
13.0229501724,80.2638397217,37391,37401,10
13.0232801437,80.2640075684,37401,37411,10
13.0238103867,80.2643203735,37411,37421,10
13.0244503021,80.2647171021,37421,37431,10
13.0248498917,80.2650222778,37431,37441,10
13.0251998901,80.265296936,37441,37451,10
13.02602005,80.2657928467,37451,37461,10
13.0263004303,80.2656402588,37461,37471,10
13.0263299942,80.2651062012,37471,37481,10
13.0263996124,80.264541626,37481,37492,11
13.0264997482,80.2639465332,37492,37502,10
13.0265197754,80.2639083862,37502,37512,10
13.0265798569,80.2635574341,37512,37522,10
13.0268201828,80.263381958,37522,37532,10
13.0272397995,80.2634429932,37532,37542,10
13.0281200409,80.263710022,37542,37562,20
13.0281200409,80.263710022,37562,37572,10
13.0285396576,80.2638626099,37572,37582,10
13.0289402008,80.2639770508,37582,37599,17
13.0292701721,80.2641983032,37599,37611,12
13.0293197632,80.2646026611,37611,37618,7
13.0293102264,80.2649612427,37618,37631,13
13.029299736,80.2656097412,37631,37641,10
13.0292797089,80.2658233643,37641,37651,10
13.0292596817,80.2660293579,37651,37661,10
13.0292301178,80.266242981,37661,37670,9
13.0293397903,80.2665176392,37670,37701,31
13.0293397903,80.2665176392,37701,37711,10
13.0298595428,80.2666320801,37711,37722,11
13.0304002762,80.2667617798,37722,37732,10
13.0311002731,80.2669830322,37732,37742,10
13.0317602158,80.2671890259,37742,37752,10
13.0322399139,80.2673416138,37752,37762,10
13.0327596664,80.2676391602,37762,37772,10
13.0331401825,80.2677230835,37772,37782,10
13.0337896347,80.2678604126,37782,37823,41
13.0341701508,80.2679595947,37823,37854,31
13.0343799591,80.2680435181,37854,37885,31
13.0343799591,80.2680435181,37885,37895,10
13.0345497131,80.2681503296,37895,37905,10
13.0345697403,80.2681808472,37905,37915,10
13.0344200134,80.2681808472,37915,37925,10
13.0341796875,80.2680587769,37925,37936,11
13.033490181,80.2678909302,37936,38329,393
13.033490181,80.2678909302,38329,38339,10
13.0332298279,80.2677764893,38339,38349,10
13.0333795547,80.2678222656,38349,38501,152
13.0333795547,80.2678222656,38501,38511,10
13.0332098007,80.2678222656,38511,38521,10
13.0328102112,80.2676925659,38521,38551,30
13.0328102112,80.2676925659,38551,38561,10
13.0325098038,80.2674789429,38561,38571,10
13.0321702957,80.2672729492,38571,38581,10
13.0318698883,80.2671432495,38581,38591,10
13.0314798355,80.2669830322,38591,38602,11
13.03083992,80.2668304443,38602,38612,10
13.0303497314,80.2667236328,38612,38622,10
13.0299301147,80.2666397095,38622,38632,10
13.0298900604,80.2666320801,38632,38642,10
13.0295600891,80.2666015625,38642,38651,9
13.0293197632,80.2665481567,38651,38662,11
13.0291404724,80.2664337158,38662,38672,10
13.0286397934,80.2663192749,38672,38682,10
13.0280799866,80.2662124634,38682,38692,10
13.0274000168,80.2661437988,38692,38702,10
13.0264997482,80.2659912109,38702,38713,11
13.0256299973,80.2655410767,38713,38733,20
13.0256299973,80.2655410767,38733,38743,10
13.0253601074,80.26537323,38743,38753,10
13.025349617,80.26537323,38753,38763,10
13.0251102448,80.2652282715,38763,38779,16
13.0249300003,80.265083313,38779,38791,12
13.0243396759,80.2646484375,38791,38799,8
13.0238304138,80.2643814087,38799,38811,12
13.0232200623,80.263999939,38811,38821,10
13.0226297379,80.2636566162,38821,38832,11
13.0223197937,80.2635192871,38832,38842,10
13.0220899582,80.2634277344,38842,38852,10
13.0218496323,80.2632980347,38852,38862,10
13.0213003159,80.2631225586,38862,38872,10
13.02064991,80.2630691528,38872,38882,10
13.0203800201,80.2630615234,38882,38892,10
13.0200004578,80.2630233765,38892,38902,10
13.0195302963,80.2629623413,38902,38912,10
13.0191001892,80.2628936768,38912,38935,23
13.0186395645,80.2612991333,38935,38948,13
13.0180902481,80.2609100342,38948,38958,10
13.0174198151,80.2604904175,38958,38968,10
13.0167503357,80.2600784302,38968,38978,10
13.0162401199,80.2597885132,38978,39008,30
13.0162401199,80.2597885132,39008,39018,10
13.0159597397,80.2596588135,39018,39028,10
13.0152797699,80.2594299316,39028,39038,10
13.0144500732,80.2593307495,39038,39049,11
13.0134401321,80.2592773438,39049,39059,10
13.0124998093,80.2592391968,39059,39069,10
13.011639595,80.2592086792,39069,39079,10
13.0108299255,80.2592010498,39079,39089,10
13.0100498199,80.2592315674,39089,39098,9
13.0098400116,80.2592315674,39098,39109,11
13.0096197128,80.2592163086,39109,39120,11
13.0089998245,80.2592086792,39120,39130,10
13.0086097717,80.2591934204,39130,39140,10
13.0080003738,80.2592391968,39140,39150,10
13.0074300766,80.2592315674,39150,39161,11
13.0071802139,80.2586975098,39161,39171,10
13.0071697235,80.2586669922,39171,39181,10
13.0070896149,80.2585525513,39181,39191,10
13.0069704056,80.2583389282,39191,39201,10
13.0068302155,80.2579803467,39201,39211,10
13.0066604614,80.2575683594,39211,39221,10
13.0065698624,80.257270813,39221,39231,10
13.0065498352,80.2570724487,39231,39241,10
13.0065097809,80.2567062378,39241,39251,10
13.0064897537,80.2562484741,39251,39267,16
13.0065002441,80.2552719116,39267,39280,13
13.0065097809,80.2544326782,39280,39290,10
13.0064697266,80.2531967163,39290,39310,20
13.0064697266,80.2531967163,39310,39320,10
13.0064897537,80.2528915405,39320,39330,10
13.0065002441,80.2525100708,39330,39349,19
13.0065002441,80.2525100708,39349,39359,10
13.0065402985,80.2523117065,39359,39370,11
13.0066404343,80.2518386841,39370,39381,11
13.0067396164,80.2510299683,39381,39391,10
13.0066900253,80.250213623,39391,39401,10
13.0066795349,80.249671936,39401,39411,10
13.0066795349,80.2494506836,39411,39421,10
13.0066404343,80.2489013672,39421,39451,30
13.0066404343,80.2489013672,39451,39461,10
13.0066204071,80.2486572266,39461,39471,10
13.0065898895,80.2483291626,39471,39481,10
13.0065698624,80.2479934692,39481,39491,10
13.0065698624,80.2476196289,39491,39569,78
13.0066099167,80.2474212646,39569,39672,103
13.0066099167,80.2474212646,39672,39682,10
13.0066204071,80.2473373413,39682,39692,10
13.0066204071,80.246963501,39692,39702,10
13.0065498352,80.2465286255,39702,39713,11
13.0065498352,80.2464981079,39713,39723,10
13.0066099167,80.2462081909,39723,39733,10
13.0065898895,80.2455596924,39733,39743,10
13.0065803528,80.2448806763,39743,39753,10
13.0065803528,80.244178772,39753,39763,10
13.0065803528,80.2435073853,39763,39773,10
13.0065498352,80.2427597046,39773,39783,10
13.0065603256,80.2417984009,39783,39793,10
13.0065498352,80.2415466309,39793,39803,10
13.0065498352,80.2413787842,39803,39813,10
13.006649971,80.2406692505,39813,39854,41
13.006649971,80.2406692505,39854,39863,9
13.0066995621,80.2403717041,39863,39874,11
13.006819725,80.2400512695,39874,39884,10
13.0069999695,80.2392120361,39884,39894,10
13.0071601868,80.2383117676,39894,39904,10
13.0073404312,80.2374191284,39904,39914,10
13.007399559,80.2368392944,39914,39924,10
13.007399559,80.2368087769,39924,39934,10
13.0074396133,80.236618042,39934,39945,11
13.0075998306,80.2360610962,39945,39955,10
13.0077896118,80.2351989746,39955,39965,10
13.0080099106,80.2340927124,39965,39975,10
13.0082702637,80.2327880859,39975,39985,10
13.0085201263,80.2314376831,39985,39995,10
13.0087995529,80.2300033569,39995,40005,10
13.0089998245,80.2290420532,40005,40015,10
13.0093097687,80.2278900146,40015,40025,10
13.0097904205,80.2268371582,40025,40035,10
13.0102996826,80.2258377075,40035,40045,10
13.0105695724,80.2253494263,40045,40056,11
13.010720253,80.2250518799,40056,40066,10
13.0109300613,80.2245407104,40066,40076,10
13.0112199783,80.2238616943,40076,40086,10
13.0115203857,80.2231063843,40086,40096,10
13.011879921,80.2222366333,40096,40106,10
13.0122499466,80.221496582,40106,40116,10
13.0125999451,80.221786499,40116,40126,10
13.0130300522,80.2223892212,40126,40136,10
13.0135602951,80.2229232788,40136,40146,10
13.0139799118,80.2234573364,40146,40156,10
13.0144195557,80.223991394,40156,40166,10
13.0150003433,80.2245788574,40166,40187,21
13.0150003433,80.2245788574,40187,40197,10
13.0153102875,80.2248306274,40197,40207,10
13.0155496597,80.2249832153,40207,40217,10
13.0155801773,80.2249984741,40217,40227,10
13.0156898499,80.2251968384,40227,40237,10
13.0159797668,80.2253417969,40237,40247,10
13.0163803101,80.2253417969,40247,40257,10
13.0172100067,80.2250823975,40257,40267,10
13.0182504654,80.2246704102,40267,40278,11
13.0192203522,80.2243423462,40278,40288,10
13.019659996,80.2244491577,40288,40298,10
13.0198602676,80.224609375,40298,40308,10
13.0199699402,80.2247314453,40308,40318,10
13.0203199387,80.2250137329,40318,40328,10
13.0210103989,80.2255172729,40328,40338,10
13.0219602585,80.2261810303,40338,40358,20
13.0219602585,80.2261810303,40358,40368,10
13.022190094,80.2263717651,40368,40378,10
13.0227098465,80.2268295288,40378,40389,11
13.023349762,80.2274475098,40389,40399,10
13.0239400864,80.2279891968,40399,40409,10
13.0243797302,80.2285079956,40409,40419,10
13.0247297287,80.2290115356,40419,40429,10
13.0250797272,80.2294464111,40429,40439,10
13.0254898071,80.2300033569,40439,40449,10
13.0258102417,80.2305221558,40449,40459,10
13.0260000229,80.2309875488,40459,40469,10
13.0260601044,80.2313308716,40469,40479,10
13.0265102386,80.2312774658,40479,40489,10
13.0272703171,80.2311172485,40489,40500,11
13.0279998779,80.2309417725,40500,40510,10
13.0284795761,80.2308578491,40510,40520,10
13.0286798477,80.2308731079,40520,40530,10
13.0290603638,80.2308502197,40530,40550,20
13.0290603638,80.2308502197,40550,40560,10
13.0292701721,80.2308578491,40560,40570,10
13.0295801163,80.2308273315,40570,40580,10
13.0300302505,80.2307662964,40580,40590,10
13.0303897858,80.2307434082,40590,40600,10
13.0307197571,80.2306976318,40600,40611,11
13.0312795639,80.2306518555,40611,40621,10
13.0319299698,80.2305984497,40621,40631,10
13.0326299667,80.2305374146,40631,40647,16
13.033949852,80.2303771973,40647,40669,22
13.0339803696,80.2304611206,40669,40689,20
13.0339803696,80.2304611206,40689,40699,10
13.0344800949,80.2304077148,40699,40729,30
13.0344800949,80.2304077148,40729,40740,11
13.0348501205,80.2302322388,40740,40750,10
13.034910202,80.2301864624,40750,40760,10
13.0350503922,80.229927063,40760,40770,10
13.0346097946,80.2298431396,40770,40952,182
13.0342903137,80.229888916,40952,41143,191
13.0342903137,80.229888916,41143,41153,10
13.0342102051,80.2302474976,41153,41174,21
13.0342102051,80.2302474976,41174,41184,10
13.0340995789,80.2304000854,41184,41194,10
13.0338201523,80.2304000854,41194,41204,10
13.0335702896,80.2304382324,41204,41214,10
13.0334300995,80.2304611206,41214,41224,10
13.0328998566,80.2305221558,41224,41234,10
13.0320596695,80.2305984497,41234,41244,10
13.0312204361,80.230682373,41244,41254,10
13.0308198929,80.23072052,41254,41264,10
13.030579567,80.2307510376,41264,41274,10
13.0300998688,80.2307891846,41274,41285,11
13.0298299789,80.2308273315,41285,41295,10
13.029540062,80.2308807373,41295,41305,10
13.0289297104,80.2309188843,41305,41315,10
13.0284004211,80.2309417725,41315,41325,10
13.0279397964,80.23097229,41325,41335,10
13.0277004242,80.2313308716,41335,41345,10
13.0277700424,80.2318496704,41345,41355,10
13.0278396606,80.2322921753,41355,41365,10
13.0278701782,80.2327423096,41365,41375,10
13.0272502899,80.2329025269,41375,41406,31
13.0272502899,80.2329025269,41406,41415,9
13.0270900726,80.232963562,41415,41426,11
13.0268697739,80.2329483032,41426,41436,10
13.0264396667,80.2328567505,41436,41445,9
13.0262498856,80.2323074341,41445,41456,11
13.02602005,80.2313766479,41456,41466,10
13.0257997513,80.2305984497,41466,41476,10
13.025270462,80.2298431396,41476,41487,11
13.0248804092,80.2294006348,41487,41497,10
13.0247001648,80.2292022705,41497,41508,11
13.0244102478,80.2288131714,41508,41518,10
13.0240802765,80.2284317017,41518,41528,10
13.0240097046,80.2283477783,41528,41538,10
13.0239496231,80.2282791138,41538,41548,10
13.0237102509,80.2279891968,41548,41558,10
13.0234003067,80.2276916504,41558,41568,10
13.0232400894,80.2275619507,41568,41578,10
13.0231103897,80.2273788452,41578,41588,10
13.022600174,80.2269363403,41588,41598,10
13.0223302841,80.2266693115,41598,41609,11
13.0218601227,80.226272583,41609,41619,10
13.0213403702,80.2258605957,41619,41629,10
13.0207796097,80.2254486084,41629,41639,10
13.0203399658,80.2251815796,41639,41648,9
13.0201196671,80.2250213623,41648,41658,10
13.0197200775,80.2247619629,41658,41669,11
13.0189695358,80.2245330811,41669,41679,10
13.018119812,80.2248001099,41679,41689,10
13.01720047,80.2251586914,41689,41699,10
13.016500473,80.225440979,41699,41709,10
13.0160102844,80.2256011963,41709,41720,11
13.015370369,80.2258605957,41720,41730,10
13.0150499344,80.2259979248,41730,41740,10
13.0148801804,80.2260665894,41740,41750,10
13.0144100189,80.2262573242,41750,41760,10
13.0139503479,80.2264785767,41760,41770,10
13.0139398575,80.2264862061,41770,41780,10
13.0137701035,80.2265472412,41780,41796,16
13.0131502151,80.2267303467,41796,41808,12
13.0122299194,80.2270812988,41808,41817,9
13.0114402771,80.2274017334,41817,41828,11
13.0104198456,80.2277984619,41828,41839,11
13.0094099045,80.2282409668,41839,41850,11
13.0089998245,80.2293395996,41850,41861,11
13.0087404251,80.2306289673,41861,41871,10
13.0085496902,80.2315597534,41871,41881,10
13.0083198547,80.232749939,41881,41891,10
13.0082397461,80.2334976196,41891,41900,9
13.0082302094,80.233581543,41900,41911,11
13.0081501007,80.233757019,41911,41921,10
13.0080900192,80.2340621948,41921,41931,10
13.0079402924,80.2347106934,41931,41942,11
13.0077800751,80.2355422974,41942,41952,10
13.0076999664,80.2360076904,41952,41962,10
13.0076599121,80.2361679077,41962,41972,10
13.007610321,80.2365264893,41972,41982,10
13.0075302124,80.2369613647,41982,41992,10
13.0074596405,80.2373123169,41992,42002,10
13.0074195862,80.2376022339,42002,42012,10
13.0073699951,80.2378463745,42012,42022,10
13.0072803497,80.238319397,42022,42073,51
13.0072803497,80.238319397,42073,42083,10
13.0071897507,80.2386627197,42083,42093,10
13.0071201324,80.2389602661,42093,42103,10
13.0070104599,80.2396621704,42103,42174,71
13.0070104599,80.2396621704,42174,42184,10
13.0069198608,80.240020752,42184,42194,10
13.0069198608,80.2400283813,42194,42204,10
13.0068798065,80.240196228,42204,42214,10
13.0068101883,80.2407302856,42214,42224,10
13.0067996979,80.2408828735,42224,42234,10
13.0067396164,80.2412719727,42234,42244,10
13.0067195892,80.2421035767,42244,42254,10
13.0067195892,80.2431030273,42254,42275,21
13.0067195892,80.2431030273,42275,42285,10
13.0067100525,80.2434692383,42285,42295,10
13.0066404343,80.243888855,42295,42305,10
13.0066404343,80.2445831299,42305,42315,10
13.0066604614,80.2452011108,42315,42335,20
13.0066604614,80.2452011108,42335,42345,10
13.0066795349,80.2453918457,42345,42355,10
13.0067100525,80.2457122803,42355,42365,10
13.0067396164,80.2462387085,42365,42375,10
13.0067501068,80.2468338013,42375,42386,11
13.0067396164,80.2476806641,42386,42396,10
13.0067501068,80.2485198975,42396,42406,10
13.0068597794,80.2492294312,42406,42416,10
13.0068798065,80.2496109009,42416,42426,10
13.0068798065,80.249671936,42426,42436,10
13.0068502426,80.2501296997,42436,42446,10
13.0068302155,80.2507171631,42446,42456,10
13.0068101883,80.2509918213,42456,42466,10
13.0068101883,80.2512435913,42466,42476,10
13.006770134,80.2514801025,42476,42486,10
13.0066404343,80.2518463135,42486,42496,10
13.0065202713,80.2525787354,42496,42507,11
13.0065202713,80.2533187866,42507,42517,10
13.0065498352,80.2541503906,42517,42527,10
13.0065898895,80.2549285889,42527,42537,10
13.0065803528,80.2556381226,42537,42553,16
13.0066003799,80.256942749,42553,42616,63
13.0066003799,80.256942749,42616,42626,10
13.0066204071,80.2572021484,42626,42636,10
13.0067195892,80.2577972412,42636,42646,10
13.007109642,80.258392334,42646,42656,10
13.0076503754,80.2586975098,42656,42666,10
13.0081996918,80.2589263916,42666,42676,10
13.0088396072,80.2591018677,42676,42686,10
13.0095596313,80.2591094971,42686,42696,10
13.01060009,80.2590866089,42696,42706,10
13.0118398666,80.2591094971,42706,42716,10
13.0131502151,80.2591629028,42716,42727,11
13.0145797729,80.2591781616,42727,42736,9
13.0156898499,80.2593078613,42736,42747,11
13.016500473,80.259727478,42747,42757,10
13.016579628,80.259803772,42757,42767,10
13.016699791,80.2599029541,42767,42777,10
13.0171403885,80.2602005005,42777,42787,10
13.0178098679,80.2606582642,42787,42797,10
13.0185403824,80.2611694336,42797,42807,10
13.0191202164,80.2616271973,42807,42817,10
13.0194501877,80.2618865967,42817,42827,10
13.0197601318,80.2622070313,42827,42838,11
13.0201997757,80.2625732422,42838,42848,10
13.0203199387,80.2626495361,42848,42858,10
13.0207195282,80.2628097534,42858,42868,10
13.0213403702,80.2629776001,42868,42878,10
13.0219297409,80.2632675171,42878,42888,10
13.0222702026,80.2634506226,42888,42898,10
13.022600174,80.263633728,42898,42908,10
13.0229301453,80.2637863159,42908,42918,10
13.0230703354,80.2638397217,42918,42928,10
13.0233402252,80.2639770508,42928,42938,10
13.0235900879,80.2641220093,42938,42949,11
13.0242004395,80.2645111084,42949,42959,10
13.0248498917,80.2649612427,42959,42969,10
13.0254001617,80.26537323,42969,42979,10
13.0259799957,80.2657318115,42979,42989,10
13.0262804031,80.265838623,42989,42999,10
13.0263996124,80.2656402588,42999,43009,10
13.02643013,80.2651290894,43009,43025,16
13.0266304016,80.263999939,43025,43037,12
13.0266504288,80.2637481689,43037,43045,8
13.0267000198,80.2634963989,43045,43057,12
13.0274000168,80.2635498047,43057,43068,11
13.0280199051,80.2637023926,43068,43077,9
13.0282802582,80.2637634277,43077,43088,11
13.0286397934,80.2638626099,43088,43098,10
13.0290803909,80.2639923096,43098,43107,9
13.0293102264,80.2641677856,43107,43118,11
13.0292596817,80.2646408081,43118,43128,10
13.0291996002,80.2652130127,43128,43137,9
13.0291700363,80.2659072876,43137,43148,11
13.0291996002,80.2664413452,43148,43158,10
13.0296497345,80.2665481567,43158,43169,11
13.0302200317,80.2666625977,43169,43229,60
13.0305404663,80.2667236328,43229,43340,111
13.0309200287,80.2667694092,43340,43431,91
13.0308904648,80.266746521,43431,43562,131
13.0312004089,80.2668228149,43562,43734,172
13.0312004089,80.2668228149,43734,43744,10
13.0313196182,80.2668991089,43744,43835,91
13.03166008,80.267036438,43835,43905,70
13.0320100784,80.2672119141,43905,43976,71
13.0323801041,80.2673797607,43976,44026,50
13.032699585,80.2675933838,44026,44046,20
13.032699585,80.2675933838,44046,44056,10
13.0329198837,80.2677001953,44056,44198,142
13.0329198837,80.2677001953,44198,44208,10
13.0332403183,80.267868042,44208,44218,10
13.033539772,80.267906189,44218,44238,20
13.033539772,80.267906189,44238,44248,10
13.0338001251,80.2679519653,44248,44258,10
13.034119606,80.2679824829,44258,44268,10
13.0344800949,80.2680206299,44268,44511,243
13.0344800949,80.2680206299,44511,44521,10
13.0340900421,80.2679824829,44521,44571,50
13.0337095261,80.267906189,44571,44642,71
13.0337095261,80.267906189,44642,44652,10
13.0333404541,80.2678375244,44652,44702,50
13.0333404541,80.2678375244,44702,44712,10
13.032959938,80.2677612305,44712,44722,10
13.0327501297,80.2677001953,44722,44753,31
13.0327501297,80.2677001953,44753,44763,10
13.0325202942,80.267539978,44763,44773,10
13.0322303772,80.2674026489,44773,44783,10
13.0318403244,80.2672271729,44783,44793,10
13.0313196182,80.2670211792,44793,44803,10
13.030579567,80.2667999268,44803,44823,20
13.0301599503,80.2666931152,44823,44844,21
13.0301599503,80.2666931152,44844,44854,10
13.0297698975,80.2666473389,44854,44864,10
13.029419899,80.2665405273,44864,44874,10
13.0291204453,80.2664337158,44874,44884,10
13.0287599564,80.2663421631,44884,44894,10
13.0282897949,80.2662200928,44894,44904,10
13.027759552,80.26612854,44904,44914,10
13.0272798538,80.2660675049,44914,44924,10
13.0267801285,80.2660217285,44924,44934,10
13.026599884,80.2659606934,44934,44947,13
13.0264997482,80.2659378052,44947,44959,12
13.026260376,80.2659378052,44959,44969,10
13.0258798599,80.2657928467,44969,44979,10
13.0254001617,80.2654876709,44979,44989,10
13.0253400803,80.2654418945,44989,44999,10
13.0250396729,80.2652206421,44999,45009,10
13.0245399475,80.2649002075,45009,45019,10
13.0240001678,80.2644882202,45019,45029,10
13.0235395432,80.2641983032,45029,45039,10
13.023150444,80.263961792,45039,45049,10
13.0225696564,80.2637176514,45049,45059,10
13.0222597122,80.2635498047,45059,45070,11
13.0220403671,80.2633895874,45070,45086,16
13.0213403702,80.2631072998,45086,45098,12
13.0203800201,80.2630233765,45098,45108,10
13.0199699402,80.2629699707,45108,45118,10
13.019200325,80.2628936768,45118,45128,10
13.0189399719,80.2624435425,45128,45138,10
13.0188703537,80.2619094849,45138,45148,10
13.0187397003,80.2614974976,45148,45158,10
13.0185699463,80.2612228394,45158,45168,10
13.0181798935,80.2609863281,45168,45179,11
13.0176696777,80.2606506348,45179,45189,10
13.0170898438,80.2602462769,45189,45198,9
13.0161600113,80.259727478,45198,45218,20
13.0161600113,80.259727478,45218,45229,11
13.0160198212,80.2596817017,45229,45239,10
13.0154495239,80.259437561,45239,45249,10
13.0145998001,80.2593078613,45249,45259,10
13.0135803223,80.2592697144,45259,45269,10
13.0124702454,80.2592315674,45269,45279,10
13.0115203857,80.2592086792,45279,45290,11
13.0104598999,80.2592391968,45290,45300,10
13.0095396042,80.2592010498,45300,45310,10
13.0090799332,80.2591781616,45310,45320,10
13.0090198517,80.2591781616,45320,45330,10
13.0085897446,80.2591171265,45330,45340,10
13.0080404282,80.259147644,45340,45350,10
13.0075397491,80.2592086792,45350,45360,10
13.0073299408,80.2588577271,45360,45370,10
13.0072803497,80.2587585449,45370,45380,10
13.0071401596,80.2585296631,45380,45390,10
13.0069799423,80.2582778931,45390,45401,11
13.0066299438,80.2577590942,45401,45441,40
13.0065402985,80.2575302124,45441,45491,50
13.0065402985,80.2575302124,45491,45501,10
13.0066204071,80.2571716309,45501,45511,10
13.0065603256,80.2566375732,45511,45522,11
13.0065698624,80.2558364868,45522,45532,10
13.0066099167,80.2552108765,45532,45542,10
13.0065603256,80.2544708252,45542,45552,10
13.0066099167,80.2538986206,45552,45562,10
13.0066099167,80.2531967163,45562,45572,10
13.0065498352,80.2530212402,45572,45623,51
13.0065498352,80.2530212402,45623,45633,10
13.0065603256,80.2527999878,45633,45643,10
13.0066099167,80.2524795532,45643,45653,10
13.0066604614,80.251953125,45653,45663,10
13.0067501068,80.251159668,45663,45673,10
13.0067501068,80.2503890991,45673,45683,10
13.0068101883,80.2499771118,45683,45754,71
13.0068101883,80.2499771118,45754,45764,10
13.0068798065,80.24949646,45764,45774,10
13.0068101883,80.2491378784,45774,45784,10
13.006770134,80.2488632202,45784,45794,10
13.0067195892,80.248588562,45794,45804,10
13.0067100525,80.2483596802,45804,45875,71
13.0067100525,80.2483596802,45875,45885,10
13.0066404343,80.2479705811,45885,45895,10
13.0066299438,80.247543335,45895,45905,10
13.0066404343,80.246963501,45905,45915,10
13.0065898895,80.2465896606,45915,45925,10
13.0065898895,80.2465515137,45925,45935,10
13.0066604614,80.2461700439,45935,45945,10
13.006649971,80.2454910278,45945,45955,10
13.0066099167,80.2448883057,45955,45966,11
13.0065698624,80.244392395,45966,45976,10
13.0065698624,80.2441711426,45976,45986,10
13.0065803528,80.2439422607,45986,45996,10
13.0065803528,80.2435684204,45996,46006,10
13.0065603256,80.2429580688,46006,46016,10
13.0065202713,80.2420806885,46016,46026,10
13.0065202713,80.2416687012,46026,46036,10
13.0065402985,80.2415008545,46036,46046,10
13.0065698624,80.2409820557,46046,46056,10
13.0066604614,80.2405166626,46056,46077,21
13.0066604614,80.2405166626,46077,46087,10
13.0067501068,80.2401504517,46087,46097,10
13.0068397522,80.2397994995,46097,46107,10
13.0069198608,80.2392883301,46107,46117,10
13.0071001053,80.2383880615,46117,46127,10
13.0072698593,80.2376785278,46127,46137,10
13.0074100494,80.2369232178,46137,46147,10
13.0074300766,80.2367324829,46147,46157,10
13.0074901581,80.2366027832,46157,46167,10
13.0076303482,80.2361373901,46167,46177,10
13.0077896118,80.2353363037,46177,46188,11
13.0079803467,80.2342605591,46188,46198,10
13.0082101822,80.2331237793,46198,46208,10
13.0084896088,80.2317581177,46208,46218,10
13.0087604523,80.2303009033,46218,46228,10
13.0090503693,80.2288208008,46228,46238,10
13.0094995499,80.2274475098,46238,46248,10
13.0100402832,80.2262496948,46248,46258,10
13.0103998184,80.225402832,46258,46268,10
13.0106096268,80.2249984741,46268,46278,10
13.010890007,80.2244415283,46278,46289,11
13.0112495422,80.2236404419,46289,46299,10
13.0113801956,80.2232513428,46299,46309,10
13.0114402771,80.2231216431,46309,46319,10
13.0116701126,80.2225570679,46319,46329,10
13.0119895935,80.2216262817,46329,46339,10
13.0123701096,80.2215270996,46339,46349,10
13.0127401352,80.2221298218,46349,46359,10
13.0133600235,80.2228088379,46359,46369,10
13.0138902664,80.2233886719,46369,46379,10
13.0142803192,80.2238006592,46379,46389,10
13.0149097443,80.2244873047,46389,46399,10
13.01541996,80.2249679565,46399,46410,11
13.0155200958,80.2250366211,46410,46420,10
13.0157403946,80.2252502441,46420,46430,10
13.0164604187,80.2253494263,46430,46440,10
13.0175600052,80.224937439,46440,46450,10
13.0186595917,80.2244873047,46450,46460,10
13.0194597244,80.2243881226,46460,46470,10
13.0196304321,80.2244796753,46470,46480,10
13.0199604034,80.2247009277,46480,46490,10
13.0204296112,80.2250595093,46490,46500,10
13.0209798813,80.2254486084,46500,46510,10
13.0215902328,80.2258987427,46510,46521,11
13.0219097137,80.2261199951,46521,46531,10
13.02202034,80.2261962891,46531,46541,10
13.022359848,80.2265319824,46541,46551,10
13.0228900909,80.2270126343,46551,46561,10
13.0234899521,80.2275619507,46561,46571,10
13.0240097046,80.2280502319,46571,46581,10
13.0242996216,80.2283477783,46581,46591,10
13.0243196487,80.2283706665,46591,46601,10
13.0243701935,80.2284622192,46601,46618,17
13.024720192,80.2290115356,46618,46629,11
13.0250797272,80.2294921875,46629,46640,11
13.0253801346,80.229888916,46640,46650,10
13.0257797241,80.2304992676,46650,46660,10
13.0259199142,80.2309417725,46660,46670,10
13.02602005,80.2312927246,46670,46680,10
13.0265302658,80.2311706543,46680,46690,10
13.0273799896,80.2310180664,46690,46700,10
13.0279102325,80.2309570313,46700,46710,10
13.0284004211,80.2309036255,46710,46720,10
13.0284700394,80.2308807373,46720,46730,10
13.0289497375,80.2308425903,46730,46751,21
13.0289497375,80.2308425903,46751,46761,10
13.0293397903,80.2308273315,46761,46771,10
13.0297298431,80.2307815552,46771,46781,10
13.0302295685,80.2307281494,46781,46791,10
13.0305299759,80.2306976318,46791,46801,10
13.0309400558,80.2306671143,46801,46811,10
13.0314903259,80.2306518555,46811,46821,10
13.0321302414,80.2306137085,46821,46831,10
13.032699585,80.2305603027,46831,46841,10
13.0332899094,80.2304916382,46841,46852,11
13.0338602066,80.23046875,46852,46882,30
13.0338602066,80.23046875,46882,46892,10
13.0340795517,80.2304000854,46892,46902,10
13.0348701477,80.2302322388,46902,47265,363
13.0348701477,80.2302322388,47265,47275,10
13.0347995758,80.2300872803,47275,47396,121
13.0348796844,80.2300491333,47396,47487,91
13.0348300934,80.2300491333,47487,47558,71
13.0347204208,80.2299499512,47558,48315,757
13.0344800949,80.2300567627,48315,48911,596
13.0342102051,80.2300567627,48911,48992,81
13.0342102051,80.2300567627,48992,49002,10
13.0340595245,80.230430603,49002,49012,10
13.033780098,80.2304382324,49012,49022,10
13.0337600708,80.2304382324,49022,49032,10
13.0335197449,80.2304611206,49032,49042,10
13.0333595276,80.2304992676,49042,49052,10
13.0330400467,80.2305221558,49052,49063,11
13.032500267,80.2305526733,49063,49073,10
13.0319595337,80.2305984497,49073,49083,10
13.0313997269,80.2306289673,49083,49093,10
13.0309200287,80.2306594849,49093,49103,10
13.0307302475,80.2306900024,49103,49113,10
13.0305099487,80.23072052,49113,49123,10
13.0303297043,80.2307510376,49123,49139,16
13.0298099518,80.2308273315,49139,49171,32
13.0298099518,80.2308273315,49171,49181,10
13.0294799805,80.2308578491,49181,49192,11
13.0289402008,80.2309188843,49192,49202,10
13.0284404755,80.2309570313,49202,49212,10
13.027879715,80.231010437,49212,49222,10
13.0277204514,80.2312393188,49222,49232,10
13.0277299881,80.2316818237,49232,49242,10
13.027759552,80.2320022583,49242,49251,9
13.0278100967,80.2323913574,49251,49261,10
13.0277996063,80.2327194214,49261,49272,11
13.0273799896,80.2328567505,49272,49282,10
13.0270004272,80.2329406738,49282,49313,31
13.0270004272,80.2329406738,49313,49323,10
13.0265903473,80.2330322266,49323,49333,10
13.0262804031,80.2327194214,49333,49343,10
13.0261096954,80.232093811,49343,49353,10
13.0259799957,80.2314910889,49353,49373,20
13.0259799957,80.2314910889,49373,49383,10
13.0259504318,80.231048584,49383,49393,10
13.0257902145,80.2306518555,49393,49404,11
13.0254602432,80.2301483154,49404,49414,10
13.0253000259,80.2299575806,49414,49424,10
13.0250597,80.2296066284,49424,49434,10
13.0247898102,80.2292785645,49434,49444,10
13.0246696472,80.2291412354,49444,49460,16
13.0243597031,80.2287063599,49460,49482,22
13.0243597031,80.2287063599,49482,49492,10
13.0242900848,80.2286300659,49492,49502,10
13.0239400864,80.2282409668,49502,49523,21
13.0239400864,80.2282409668,49523,49533,10
13.0238800049,80.2281570435,49533,49543,10
13.0236797333,80.2278900146,49543,49553,10
13.0233602524,80.2275695801,49553,49563,10
13.0230798721,80.2272796631,49563,49572,9
13.0227499008,80.2269363403,49572,49583,11
13.0222997665,80.2265396118,49583,49593,10
13.0218000412,80.2261199951,49593,49603,10
13.0213899612,80.2258224487,49603,49613,10
13.0209302902,80.2254333496,49613,49624,11
13.0205202103,80.2251586914,49624,49634,10
13.0201501846,80.2249221802,49634,49644,10
13.019659996,80.2246170044,49644,49654,10
13.0188598633,80.2245101929,49654,49664,10
13.0180196762,80.2248306274,49664,49674,10
13.0171804428,80.2251586914,49674,49684,10
13.0166501999,80.2253799438,49684,49694,10
13.0163602829,80.2254867554,49694,49704,10
13.0158700943,80.2256622314,49704,49714,10
13.0154895782,80.2258224487,49714,49724,10
13.0150203705,80.2260131836,49724,49734,10
13.0144796371,80.2262268066,49734,49775,41
13.0144796371,80.2262268066,49775,49785,10
13.0141296387,80.226348877,49785,49795,10
13.0135202408,80.2265777588,49795,49805,10
13.0127601624,80.2268829346,49805,49815,10
13.0119400024,80.2272415161,49815,49876,61
13.0119400024,80.2272415161,49876,49886,10
13.0117301941,80.2273483276,49886,49896,10
13.0111999512,80.2275238037,49896,49906,10
13.0104999542,80.2277984619,49906,49916,10
13.0097398758,80.2280883789,49916,49926,10
13.0092096329,80.2285232544,49926,49936,10
13.0090198517,80.2293167114,49936,49946,10
13.0088195801,80.2302703857,49946,49956,10
13.0086202621,80.2313079834,49956,49967,11
13.0083599091,80.2325210571,49967,49977,10
13.0082597733,80.2334365845,49977,49987,10
13.0082397461,80.2335510254,49987,49997,10
13.0081996918,80.2336502075,49997,50007,10
13.008099556,80.2340621948,50007,50017,10
13.0079698563,80.2347106934,50017,50027,10
13.0078201294,80.235458374,50027,50037,10
13.0076198578,80.2364578247,50037,50047,10
13.0074100494,80.2375869751,50047,50057,10
13.0072603226,80.2383880615,50057,50067,10
13.0071496964,80.2389602661,50067,50078,11
13.0069198608,80.2400970459,50078,50158,80
13.0069198608,80.2400970459,50158,50168,10
13.0069704056,80.2404785156,50168,50178,10
13.0069198608,80.2407608032,50178,50189,11
13.0068702698,80.2408599854,50189,50199,10
13.0067996979,80.241317749,50199,50209,10
13.006770134,80.2419433594,50209,50219,10
13.0067596436,80.2424468994,50219,50229,10
13.0067501068,80.2426986694,50229,50239,10
13.0067300797,80.2428970337,50239,50249,10
13.0067300797,80.2433166504,50249,50259,10
13.0067300797,80.243522644,50259,50269,10
13.0067195892,80.243850708,50269,50279,10
13.0067195892,80.2439422607,50279,50289,10
13.0066900253,80.2442321777,50289,50300,11
13.0066900253,80.2444763184,50300,50320,20
13.0066900253,80.2444763184,50320,50330,10
13.0066795349,80.2447967529,50330,50340,10
13.0066795349,80.2451324463,50340,50350,10
13.0067195892,80.24559021,50350,50360,10
13.0067396164,80.2460784912,50360,50370,10
13.0067796707,80.2466201782,50370,50380,10
13.0067996979,80.2470016479,50380,50390,10
13.0067796707,80.2474365234,50390,50400,10
13.0067596436,80.2482376099,50400,50411,11
13.0068798065,80.249458313,50411,50441,30
13.0068798065,80.249458313,50441,50451,10
13.0068597794,80.2499465942,50451,50461,10
13.0068302155,80.2505722046,50461,50471,10
13.0068397522,80.2511062622,50471,50511,40
13.0068397522,80.2511062622,50511,50522,11
13.0068101883,80.251411438,50522,50532,10
13.0067996979,80.2515411377,50532,50542,10
13.0066900253,80.2519378662,50542,50552,10
13.0065803528,80.2526626587,50552,50562,10
13.0065698624,80.2533721924,50562,50572,10
13.0065898895,80.2542114258,50572,50582,10
13.0066204071,80.2551803589,50582,50592,10
13.0066299438,80.2562026978,50592,50602,10
13.0066604614,80.2570419312,50602,50612,10
13.0068397522,80.2577819824,50612,50622,10
13.0072202682,80.2582702637,50622,50632,10
13.0077199936,80.2586593628,50632,50653,21
13.0077199936,80.2586593628,50653,50663,10
13.007900238,80.2587966919,50663,50673,10
13.0082798004,80.2590026855,50673,50683,10
13.0087900162,80.2590713501,50683,50693,10
13.0093202591,80.2590484619,50693,50703,10
13.0101203918,80.2590637207,50703,50713,10
13.0109300613,80.2590637207,50713,50723,10
13.0117998123,80.2590637207,50723,50733,10
13.0128002167,80.2591018677,50733,50743,10
13.013879776,80.259147644,50743,50754,11
13.0151100159,80.2592086792,50754,50764,10
13.0163202286,80.2595977783,50764,50804,40
13.0163202286,80.2595977783,50804,50814,10
13.016500473,80.2598114014,50814,50824,10
13.0166196823,80.2599334717,50824,50834,10
13.0168504715,80.2600631714,50834,50844,10
13.0171499252,80.2602615356,50844,50854,10
13.0176801682,80.2606124878,50854,50865,11
13.0183200836,80.261100769,50865,50875,10
13.0188503265,80.2615203857,50875,50885,10
13.0193195343,80.2619018555,50885,50895,10
13.0201196671,80.2626190186,50895,50925,30
13.0201196671,80.2626190186,50925,50935,10
13.0205402374,80.2628631592,50935,50945,10
13.0211801529,80.2630386353,50945,50955,10
13.021900177,80.2633285522,50955,50965,10
13.0222396851,80.2635116577,50965,50976,11
13.0229196548,80.2639007568,50976,50995,19
13.0229196548,80.2639007568,50995,51006,11
13.0232601166,80.2640991211,51006,51016,10
13.0237998962,80.2643966675,51016,51026,10
13.0243501663,80.2647171021,51026,51036,10
13.0246801376,80.2649688721,51036,51046,10
13.0250301361,80.2652664185,51046,51056,10
13.0255804062,80.2655563354,51056,51066,10
13.0260400772,80.2658081055,51066,51076,10
13.0262403488,80.2655792236,51076,51087,11
13.0263204575,80.2649993896,51087,51097,10
13.0264396667,80.2644271851,51097,51107,10
13.0264797211,80.2640075684,51107,51117,10
13.0264797211,80.263999939,51117,51127,10
13.026550293,80.2639312744,51127,51137,10
13.0265903473,80.2636108398,51137,51147,10
13.0266895294,80.2633666992,51147,51157,10
13.0269804001,80.2635116577,51157,51167,10
13.0274200439,80.2637786865,51167,51177,10
13.0279302597,80.2638397217,51177,51187,10
13.0282201767,80.2638168335,51187,51203,16
13.028840065,80.2640991211,51203,51216,13
13.0290699005,80.264213562,51216,51226,10
13.0292100906,80.2646865845,51226,51236,10
13.0292396545,80.2653121948,51236,51246,10
13.0292596817,80.2658996582,51246,51256,10
13.0292396545,80.2660598755,51256,51266,10
13.0291996002,80.2662963867,51266,51276,10
13.0294103622,80.2665023804,51276,51286,10
13.0298404694,80.2666168213,51286,51296,10
13.0303602219,80.2667236328,51296,51306,10
13.0310001373,80.2668991089,51306,51317,11
13.0315198898,80.2671890259,51317,51326,9
13.0321302414,80.2674636841,51326,51337,11
13.0326700211,80.2676773071,51337,51347,10
13.0331897736,80.2677536011,51347,51357,10
13.0336303711,80.2678604126,51357,51397,40
13.0336303711,80.2678604126,51397,51407,10
13.0338602066,80.2679290771,51407,51418,11
13.0341396332,80.2679824829,51418,51428,10
13.0344400406,80.2680130005,51428,51438,10
13.0345201492,80.2680282593,51438,51448,10
13.0345697403,80.268157959,51448,51478,30
13.0345697403,80.268157959,51478,51488,10
13.034239769,80.2679672241,51488,51498,10
13.034119606,80.2679367065,51498,51508,10
13.0339202881,80.2679290771,51508,51518,10
13.0333795547,80.2678375244,51518,51629,111
13.0333795547,80.2678375244,51629,51640,11
13.0331802368,80.2678527832,51640,51650,10
13.0328502655,80.2677688599,51650,51660,10
13.0326404572,80.2676315308,51660,51670,10
13.0325403214,80.267539978,51670,51680,10
13.032119751,80.2673492432,51680,51690,10
13.0315704346,80.2670974731,51690,51700,10
13.0311098099,80.2668991089,51700,51710,10
13.0305595398,80.2668075562,51710,51720,10
13.0297803879,80.2666320801,51720,51740,20
13.0297803879,80.2666320801,51740,51751,11
13.0293998718,80.2665634155,51751,51761,10
13.0290603638,80.2664031982,51761,51771,10
13.0285997391,80.2663269043,51771,51781,10
13.0280199051,80.2661972046,51781,51791,10
13.0271196365,80.2660980225,51791,51801,10
13.0263700485,80.2659606934,51801,51811,10
13.0258302689,80.2656784058,51811,51821,10
13.0253295898,80.2653503418,51821,51831,10
13.0252399445,80.2652816772,51831,51841,10
13.0251703262,80.2652130127,51841,51851,10
13.0249099731,80.2649993896,51851,51862,11
13.0243196487,80.2645797729,51862,51872,10
13.0238199234,80.264251709,51872,51882,10
13.0233402252,80.2640533447,51882,51892,10
13.0226602554,80.2636413574,51892,51902,10
13.022069931,80.2633666992,51902,51912,10
13.0220499039,80.2633590698,51912,51922,10
13.0218601227,80.2632598877,51922,51932,10
13.0213098526,80.2630233765,51932,51942,10
13.0205202103,80.2629394531,51942,51952,10
13.0200300217,80.2629470825,51952,51962,10
13.0194597244,80.2629089355,51962,51973,11
13.0189695358,80.2627868652,51973,51983,10
13.0188598633,80.2621612549,51983,51993,10
13.0187597275,80.2614593506,51993,52003,10
13.0183601379,80.2610931396,52003,52013,10
13.0177602768,80.2606735229,52013,52023,10
13.0171403885,80.2602310181,52023,52033,10
13.0161399841,80.2596817017,52033,52053,20
13.0161399841,80.2596817017,52053,52063,10
13.0158195496,80.2595596313,52063,52073,10
13.0151500702,80.2593612671,52073,52084,11
13.014289856,80.2592926025,52084,52094,10
13.0133399963,80.259262085,52094,52104,10
13.0123596191,80.2592163086,52104,52114,10
13.0115003586,80.2592010498,52114,52124,10
13.0106897354,80.2592086792,52124,52134,10
13.0099601746,80.2592163086,52134,52150,16
13.008939743,80.2591629028,52150,52162,12
13.0086202621,80.2591400146,52162,52172,10
13.0082798004,80.2591171265,52172,52182,10
13.0076398849,80.2593383789,52182,52192,10
13.0072002411,80.2587127686,52192,52213,21
13.0072002411,80.2587127686,52213,52223,10
13.007060051,80.2583236694,52223,52233,10
13.0066404343,80.2576293945,52233,52293,60
13.0066404343,80.2576293945,52293,52304,11
13.0065698624,80.2574310303,52304,52314,10
13.0065097809,80.2570571899,52314,52324,10
13.0065002441,80.2566833496,52324,52334,10
13.0065202713,80.256149292,52334,52344,10
13.006529808,80.2552871704,52344,52354,10
13.0065402985,80.2545928955,52354,52364,10
13.0065402985,80.2538223267,52364,52374,10
13.0065402985,80.2532119751,52374,52384,10
13.0065402985,80.2531890869,52384,52394,10
13.0065603256,80.2529220581,52394,52404,10
13.0066099167,80.252281189,52404,52414,10
13.0067796707,80.2514419556,52414,52425,11
13.0067996979,80.2503890991,52425,52441,16
13.0067300797,80.2487030029,52441,52483,42
13.0067300797,80.2487030029,52483,52491,8
13.0066900253,80.2484436035,52491,52502,11
13.0066604614,80.2480316162,52502,52513,11
13.0066604614,80.2479171753,52513,52522,9
13.0066604614,80.2478637695,52522,52534,12
13.0066404343,80.2475662231,52534,52584,50
13.0066404343,80.2475662231,52584,52594,10
13.0066900253,80.247428894,52594,52604,10
13.0067195892,80.2469406128,52604,52614,10
13.0066404343,80.2464599609,52614,52624,10
13.0066404343,80.2464523315,52624,52634,10
13.0066404343,80.246421814,52634,52645,11
13.0066795349,80.2459487915,52645,52655,10
13.0066604614,80.245300293,52655,52665,10
13.006649971,80.244682312,52665,52675,10
13.006649971,80.2442169189,52675,52685,10
13.0066604614,80.2436828613,52685,52695,10
13.0066204071,80.242980957,52695,52705,10
13.0066099167,80.2422790527,52705,52715,10
13.0066204071,80.2415771484,52715,52725,10
13.0066604614,80.2409286499,52725,52735,10
13.0067596436,80.2404098511,52735,52745,10
13.0068702698,80.2397613525,52745,52756,11
13.0070495605,80.2388763428,52756,52766,10
13.0071897507,80.2381896973,52766,52776,10
13.0073003769,80.2376403809,52776,52786,10
13.0074195862,80.2367477417,52786,52806,20
13.0074195862,80.2367477417,52806,52816,10
13.0074796677,80.2365570068,52816,52826,10
13.0075998306,80.236038208,52826,52836,10
13.0077600479,80.2352905273,52836,52846,10
13.0079402924,80.2343826294,52846,52856,10
13.0081396103,80.2333221436,52856,52867,11
13.0083703995,80.2321624756,52867,52877,10
13.0085802078,80.2311096191,52877,52887,10
13.0087995529,80.2300796509,52887,52897,10
13.0089998245,80.2290802002,52897,52907,10
13.0092096329,80.2281799316,52907,52917,10
13.009519577,80.2274398804,52917,52927,10
13.009929657,80.2265472412,52927,52937,10
13.0102701187,80.2258377075,52937,52947,10
13.0105600357,80.2252120972,52947,52957,10
13.0107402802,80.2248306274,52957,52967,10
13.0109195709,80.2244262695,52967,52978,11
13.0112800598,80.2236022949,52978,53008,30
13.0112800598,80.2236022949,53008,53018,10
13.011300087,80.2230987549,53018,53028,10
13.0115604401,80.2226104736,53028,53038,10
13.011879921,80.2219924927,53038,53048,10
13.0122404099,80.2214508057,53048,53058,10
13.0125303268,80.2217025757,53058,53068,10
13.0129203796,80.2222290039,53068,53078,10
13.0133895874,80.2228317261,53078,53088,10
13.0138397217,80.2233810425,53088,53105,17
13.0144395828,80.2239074707,53105,53117,12
13.0150499344,80.2246170044,53117,53127,10
13.0152397156,80.2247619629,53127,53136,9
13.0153398514,80.2248077393,53136,53147,11
13.0154895782,80.2249221802,53147,53156,9
13.0156002045,80.2250289917,53156,53167,11
13.0162496567,80.2253112793,53167,53178,11
13.0172195435,80.2249984741,53178,53188,10
13.0181703568,80.224609375,53188,53198,10
13.019080162,80.224319458,53198,53209,11
13.019780159,80.2244873047,53209,53219,10
13.0201797485,80.2248077393,53219,53229,10
13.0205602646,80.2250976563,53229,53239,10
13.0208396912,80.2253189087,53239,53249,10
13.0212697983,80.2256774902,53249,53259,10
13.0218601227,80.2260818481,53259,53279,20
13.0218601227,80.2260818481,53279,53289,10
13.0220899582,80.2262496948,53289,53299,10
13.022359848,80.2265014648,53299,53310,11
13.0228996277,80.2269973755,53310,53320,10
13.0234603882,80.2275238037,53320,53330,10
13.0238304138,80.2278366089,53330,53340,10
13.0241203308,80.228187561,53340,53350,10
13.0244398117,80.2285919189,53350,53360,10
13.0247402191,80.229019165,53360,53370,10
13.0250597,80.2294616699,53370,53380,10
13.0255098343,80.2300491333,53380,53390,10
13.0257997513,80.2304992676,53390,53400,10
13.0259199142,80.2308731079,53400,53410,10
13.0259895325,80.2311706543,53410,53420,10
13.0262002945,80.2312927246,53420,53431,11
13.02684021,80.2311019897,53431,53441,10
13.0275402069,80.2309417725,53441,53451,10
13.0281000137,80.2308502197,53451,53461,10
13.0281896591,80.2308502197,53461,53471,10
13.028459549,80.2308425903,53471,53487,16
13.0291700363,80.2307891846,53487,53499,12
13.0297203064,80.2307434082,53499,53509,10
13.0302095413,80.2307128906,53509,53519,10
13.030790329,80.2306594849,53519,53529,10
13.0311498642,80.2306289673,53529,53540,11
13.0317001343,80.2305984497,53540,53550,10
13.0321998596,80.2305831909,53550,53560,10
13.0327596664,80.230506897,53560,53570,10
13.0332098007,80.230430603,53570,53579,9
13.0332603455,80.2304382324,53579,53590,11
13.0335903168,80.2304611206,53590,53600,10
13.0338201523,80.230430603,53600,53610,10
13.0341501236,80.2303771973,53610,53620,10
13.0345497131,80.2303314209,53620,53671,51
13.0345497131,80.2303314209,53671,53681,10
13.034819603,80.2302780151,53681,53691,10
13.0348997116,80.2300567627,53691,53701,10
13.0346403122,80.2300033569,53701,54266,565
13.0342798233,80.2300415039,54266,55372,1106
13.0342798233,80.2300415039,55372,55382,10
13.0340995789,80.2303771973,55382,55392,10
13.0340795517,80.2303771973,55392,55402,10
13.0338897705,80.2304382324,55402,55412,10
13.033659935,80.2304763794,55412,55423,11
13.0336198807,80.2304763794,55423,55433,10
13.033249855,80.2304763794,55433,55443,10
13.0327396393,80.2305297852,55443,55453,10
13.0321702957,80.2305908203,55453,55463,10
13.0315103531,80.2306518555,55463,55473,10
13.0308599472,80.23072052,55473,55483,10
13.0305204391,80.230758667,55483,55493,10
13.0299596786,80.2308273315,55493,55503,10
13.0297603607,80.2308578491,55503,55513,10
13.029540062,80.2308731079,55513,55523,10
13.0291099548,80.2308883667,55523,55534,11
13.028670311,80.2309188843,55534,55544,10
13.0281400681,80.2309875488,55544,55554,10
13.0276899338,80.2311096191,55554,55564,10
13.0277299881,80.2315826416,55564,55574,10
13.0278196335,80.2321395874,55574,55584,10
13.0278997421,80.2326507568,55584,55594,10
13.0275201797,80.2328491211,55594,55604,10
13.0269498825,80.232963562,55604,55665,61
13.0269498825,80.232963562,55665,55675,10
13.0267801285,80.2330627441,55675,55685,10
13.0265398026,80.2330780029,55685,55695,10
13.0262804031,80.2327804565,55695,55705,10
13.026140213,80.2321014404,55705,55715,10
13.0259799957,80.2313690186,55715,55725,10
13.025759697,80.2305908203,55725,55735,10
13.0248498917,80.229347229,55735,55745,10
13.0248498917,80.229347229,55745,55756,11
13.0243396759,80.2286682129,55756,55766,10
13.0240097046,80.2283096313,55766,55776,10
13.0240001678,80.2282867432,55776,55786,10
13.0238103867,80.2279815674,55786,55796,10
13.0236101151,80.2277984619,55796,55806,10
13.0232000351,80.2274169922,55806,55818,12
13.0226697922,80.2269210815,55818,55828,10
13.0222501755,80.2265167236,55828,55838,10
13.0217695236,80.2261199951,55838,55848,10
13.0212802887,80.2257614136,55848,55858,10
13.0206003189,80.2252197266,55858,55870,12
13.0197401047,80.2246627808,55870,55880,10
13.018819809,80.2244873047,55880,55890,10
13.0179700851,80.224822998,55890,55900,10
13.0169696808,80.2252502441,55900,55910,10
13.0166501999,80.2253875732,55910,55920,10
13.0164299011,80.2254486084,55920,55930,10
13.0161399841,80.2255630493,55930,55940,10
13.0156803131,80.2257080078,55940,55950,10
13.0151596069,80.2258987427,55950,55960,10
13.0143098831,80.2262496948,55960,55981,21
13.0143098831,80.2262496948,55981,55991,10
13.0141496658,80.22631073,55991,56007,16
13.0132398605,80.2266616821,56007,56019,12
13.0123300552,80.2270126343,56019,56028,9
13.011639595,80.2272796631,56028,56038,10
13.0106201172,80.2276763916,56038,56049,11
13.0096302032,80.2280807495,56049,56060,11
13.0090398788,80.2288818359,56060,56070,10
13.0088396072,80.2300109863,56070,56080,10
13.008600235,80.2312011719,56080,56090,10
13.0084104538,80.232421875,56090,56101,11
13.0082902908,80.2335128784,56101,56111,10
13.0082397461,80.2336730957,56111,56121,10
13.0081396103,80.2339935303,56121,56131,10
13.0080003738,80.2346572876,56131,56141,10
13.0079402924,80.2349319458,56141,56151,10
13.0079097748,80.2351531982,56151,56161,10
13.0078201294,80.2356872559,56161,56171,10
13.0076503754,80.2364807129,56171,56181,10
13.0074796677,80.2372512817,56181,56191,10
13.0073099136,80.238067627,56191,56201,10
13.0071897507,80.2388534546,56201,56212,11
13.0070400238,80.2396469116,56212,56222,10
13.0069198608,80.240447998,56222,56252,30
13.0069198608,80.240447998,56252,56262,10
13.0067796707,80.2409362793,56262,56272,10
13.0067501068,80.2417602539,56272,56282,10
13.0067501068,80.2427520752,56282,56292,10
13.0067100525,80.2436599731,56292,56302,10
13.0066699982,80.2444992065,56302,56312,10
13.0067100525,80.2455215454,56312,56323,11
13.0067501068,80.2464904785,56323,56333,10
13.0067996979,80.2470092773,56333,56343,10
13.0067501068,80.247718811,56343,56353,10
13.0067796707,80.2486572266,56353,56363,10
13.0068902969,80.2493972778,56363,56373,10
13.0068798065,80.2494430542,56373,56383,10
13.0068798065,80.2498931885,56383,56393,10
13.0067996979,80.2507095337,56393,56403,10
13.0067596436,80.2515869141,56403,56413,10
13.0065803528,80.2524490356,56413,56423,10
13.0065603256,80.2533569336,56423,56434,11
13.0065603256,80.2542724609,56434,56444,10
13.0066003799,80.2545623779,56444,56454,10
13.0066099167,80.2548828125,56454,56464,10
13.0066099167,80.2553863525,56464,56474,10
13.0066204071,80.2561721802,56474,56484,10
13.0066604614,80.2570495605,56484,56522,38
13.0066604614,80.2570495605,56522,56530,8
13.0066795349,80.257232666,56530,56542,12
13.0067996979,80.2576065063,56542,56553,11
13.0070800781,80.2582015991,56553,56563,10
13.0075702667,80.2585830688,56563,56573,10
13.0076704025,80.2586364746,56573,56583,10
13.0078697205,80.2587585449,56583,56593,10
13.0083303452,80.2589797974,56593,56603,10
13.0089702606,80.2591171265,56603,56613,10
13.0097303391,80.2591018677,56613,56623,10
13.0104904175,80.2590866089,56623,56633,10
13.0114603043,80.2590866089,56633,56643,10
13.0124902725,80.2591094971,56643,56654,11
13.0137300491,80.259147644,56654,56664,10
13.0148096085,80.2592010498,56664,56674,10
13.0156402588,80.2593078613,56674,56684,10
13.0162401199,80.2595596313,56684,56694,10
13.0162601471,80.2595672607,56694,56704,10
13.0165300369,80.259803772,56704,56714,10
13.0168800354,80.260093689,56714,56724,10
13.0173397064,80.2603988647,56724,56734,10
13.017829895,80.2607269287,56734,56744,10
13.0183095932,80.2610473633,56744,56754,10
13.0188703537,80.2614364624,56754,56765,11
13.0192403793,80.261756897,56765,56775,10
13.0194702148,80.2620010376,56775,56785,10
13.0198097229,80.2623519897,56785,56795,10
13.0201196671,80.2626113892,56795,56805,10
13.0201997757,80.2626724243,56805,56815,10
13.0205898285,80.262840271,56815,56825,10
13.0210399628,80.2629623413,56825,56835,10
13.0216703415,80.2632217407,56835,56845,10
13.0220499039,80.263420105,56845,56855,10
13.0229597092,80.2638168335,56855,56875,20
13.0229597092,80.2638168335,56875,56886,11
13.0233402252,80.2640609741,56886,56896,10
13.0238399506,80.2643432617,56896,56906,10
13.0242996216,80.2646408081,56906,56916,10
13.0247602463,80.2649765015,56916,56926,10
13.0251703262,80.2652664185,56926,56936,10
13.0256700516,80.2656021118,56936,56946,10
13.0261497498,80.2658004761,56946,56956,10
13.0262699127,80.2653427124,56956,56966,10
13.0263595581,80.2647399902,56966,56976,10
13.0264501572,80.2640380859,56976,56987,11
13.0264797211,80.2639465332,56987,56997,10
13.026550293,80.2636566162,56997,57007,10
13.0267000198,80.2633590698,57007,57017,10
13.0271396637,80.2634506226,57017,57027,10
13.0282297134,80.2638015747,57027,57047,20
13.0282297134,80.2638015747,57047,57057,10
13.028670311,80.2639083862,57057,57067,10
13.0291500092,80.2640762329,57067,57077,10
13.0292596817,80.2643280029,57077,57087,10
13.0292701721,80.2647476196,57087,57097,10
13.0292701721,80.2652893066,57097,57108,11
13.029299736,80.265838623,57108,57118,10
13.029250145,80.2660598755,57118,57128,10
13.0292396545,80.2664413452,57128,57138,10
13.0296001434,80.2665328979,57138,57148,10
13.0299596786,80.2665786743,57148,57158,10
13.0305595398,80.2667312622,57158,57168,10
13.0311899185,80.2668991089,57168,57178,10
13.0317296982,80.2670822144,57178,57188,10
13.0321903229,80.2673568726,57188,57198,10
13.0325603485,80.2675704956,57198,57208,10
13.0328397751,80.2676696777,57208,57219,11
13.0332202911,80.2677612305,57219,57229,10
13.033539772,80.2678527832,57229,57249,20
13.033539772,80.2678527832,57249,57259,10
13.0337600708,80.2679824829,57259,57269,10
13.0340003967,80.2680206299,57269,57279,10
13.0343799591,80.268081665,57279,57299,20
13.0343799591,80.268081665,57299,57309,10
13.0344200134,80.2682189941,57309,57330,21
13.0344200134,80.2682189941,57330,57340,10
13.0340995789,80.2680130005,57340,57370,30
13.0336904526,80.2679367065,57370,57511,141
13.0333204269,80.267829895,57511,57933,422
13.0333204269,80.267829895,57933,57943,10
13.0329399109,80.2676010132,57943,57953,10
13.0325899124,80.2674865723,57953,57963,10
13.032409668,80.267326355,57963,57973,10
13.0320997238,80.2671890259,57973,57983,10
13.0318403244,80.2670974731,57983,57994,11
13.0313501358,80.2669372559,57994,58004,10
13.0308303833,80.2667999268,58004,58014,10
13.0304403305,80.266708374,58014,58024,10
13.030090332,80.2666625977,58024,58034,10
13.0297803879,80.2666091919,58034,58044,10
13.0297498703,80.2666091919,58044,58054,10
13.0293397903,80.2665481567,58054,58064,10
13.0291204453,80.2664413452,58064,58074,10
13.0286197662,80.2663192749,58074,58084,10
13.0281095505,80.2662124634,58084,58094,10
13.0276899338,80.2661514282,58094,58105,11
13.0270204544,80.2660675049,58105,58115,10
13.0264101028,80.2659912109,58115,58125,10
13.026140213,80.2658920288,58125,58135,10
13.0257301331,80.2656326294,58135,58145,10
13.0252599716,80.2653427124,58145,58165,20
13.0252599716,80.2653427124,58165,58175,10
13.0248403549,80.2649993896,58175,58185,10
13.0245304108,80.2647781372,58185,58195,10
13.0241003036,80.264503479,58195,58206,11
13.0235099792,80.2641677856,58206,58216,10
13.0230798721,80.2639083862,58216,58226,10
13.022480011,80.2636032104,58226,58236,10
13.0221595764,80.2634735107,58236,58246,10
13.022069931,80.2634506226,58246,58256,10
13.0218601227,80.2633132935,58256,58266,10
13.021320343,80.2630996704,58266,58276,10
13.0206203461,80.2630386353,58276,58286,10
13.0199804306,80.2629776001,58286,58296,10
13.0192804337,80.2629165649,58296,58306,10
13.0189199448,80.2627182007,58306,58316,10
13.0188398361,80.262046814,58316,58327,11
13.0186195374,80.2612991333,58327,58337,10
13.0179700851,80.2608337402,58337,58347,10
13.0172996521,80.2604064941,58347,58357,10
13.0165500641,80.2599334717,58357,58367,10
13.0160703659,80.2596969604,58367,58387,20
13.0160703659,80.2596969604,58387,58397,10
13.0159902573,80.2596817017,58397,58407,10
13.0155496597,80.2594680786,58407,58417,10
13.0148096085,80.2593307495,58417,58427,10
13.0139303207,80.2593002319,58427,58438,11
13.0129404068,80.259262085,58438,58448,10
13.0120601654,80.2592086792,58448,58458,10
13.0112400055,80.2591934204,58458,58468,10
13.0104398727,80.2592315674,58468,58478,10
13.0097703934,80.2592697144,58478,58488,10
13.0096902847,80.2592697144,58488,58498,10
13.0092802048,80.2592391968,58498,58508,10
13.0088596344,80.2592086792,58508,58518,10
13.0086402893,80.2592010498,58518,58528,10
13.0082197189,80.2591781616,58528,58538,10
13.0077600479,80.2593383789,58538,58549,11
13.007349968,80.2590179443,58549,58559,10
13.0072402954,80.2587814331,58559,58569,10
13.0072002411,80.2586517334,58569,58579,10
13.006939888,80.2582015991,58579,58589,10
13.0066003799,80.2576904297,58589,58619,30
13.0066003799,80.2576904297,58619,58629,10
13.0065097809,80.257232666,58629,58639,10
13.0065002441,80.2569198608,58639,58649,10
13.0065097809,80.2562484741,58649,58660,11
13.0065202713,80.2554473877,58660,58670,10
13.0065498352,80.2549362183,58670,58680,10
13.0065202713,80.2541427612,58680,58689,9
13.0065202713,80.2536697388,58689,58700,11
13.0065202713,80.2533493042,58700,58710,10
13.0065097809,80.2532577515,58710,58720,10
13.0064897537,80.2530822754,58720,58730,10
13.0064897537,80.2527618408,58730,58740,10
13.006480217,80.2526397705,58740,58750,10
13.0064897537,80.2525100708,58750,58760,10
13.0065803528,80.251953125,58760,58771,11
13.0066795349,80.2510070801,58771,58781,10
13.0066900253,80.2500076294,58781,58791,10
13.0066900253,80.2492828369,58791,58801,10
13.0066404343,80.2484207153,58801,58811,10
13.0065898895,80.2479476929,58811,58821,10
13.0065803528,80.2478408813,58821,58831,10
13.0065803528,80.2475662231,58831,58871,40
13.0065803528,80.2475662231,58871,58882,11
13.0066204071,80.2471618652,58882,58892,10
13.0065498352,80.2464675903,58892,58912,20
13.0065498352,80.2464675903,58912,58922,10
13.0065803528,80.2463378906,58922,58932,10
13.0066299438,80.245880127,58932,58942,10
13.0066099167,80.2451782227,58942,58952,10
13.0066099167,80.2443771362,58952,58962,10
13.0065898895,80.2437362671,58962,58972,10
13.0065498352,80.2430114746,58972,58982,10
13.006529808,80.2421722412,58982,58993,11
13.0065202713,80.2415618896,58993,59003,10
13.0065402985,80.2415237427,59003,59013,10
13.0065498352,80.2413101196,59013,59023,10
13.0066204071,80.2408218384,59023,59033,10
13.0067195892,80.2403793335,59033,59063,30
13.0067195892,80.2403793335,59063,59073,10
13.0067501068,80.2401733398,59073,59083,10
13.0069198608,80.2396316528,59083,59093,10
13.0070800781,80.2387771606,59093,59104,11
13.0072898865,80.237701416,59104,59114,10
13.0074100494,80.2367324829,59114,59144,30
13.0074100494,80.2367324829,59144,59154,10
13.0074596405,80.2365036011,59154,59164,10
13.0075798035,80.236000061,59164,59174,10
13.0077295303,80.2352600098,59174,59184,10
13.0077695847,80.2351074219,59184,59194,10
13.0078296661,80.2347717285,59194,59205,11
13.0079698563,80.234046936,59205,59215,10
13.0081596375,80.2331390381,59215,59225,10
13.0083599091,80.2321090698,59225,59235,10
13.0085601807,80.2310409546,59235,59245,10
13.008769989,80.2299804688,59245,59255,10
13.0089502335,80.2290725708,59255,59265,10
13.0091695786,80.2281494141,59265,59275,10
13.0095901489,80.227180481,59275,59285,10
13.0100603104,80.2261734009,59285,59295,10
13.0104598999,80.2253112793,59295,59305,10
13.0108003616,80.2245483398,59305,59314,9
13.0110998154,80.2238616943,59314,59326,12
13.0115203857,80.2229232788,59326,59336,10
13.0118598938,80.2220687866,59336,59346,10
13.0121498108,80.221496582,59346,59356,10
13.0124797821,80.221786499,59356,59366,10
13.0129995346,80.2223892212,59366,59376,10
13.0136203766,80.2230606079,59376,59386,10
13.0140304565,80.2235565186,59386,59396,10
13.0144195557,80.224029541,59396,59406,10
13.0149803162,80.2245635986,59406,59418,12
13.0153999329,80.2249221802,59418,59429,11
13.0154104233,80.2249221802,59429,59440,11
13.0155601501,80.2250366211,59440,59450,10
13.0159702301,80.2253417969,59450,59460,10
13.0167798996,80.2252426147,59460,59470,10
13.0176696777,80.2248687744,59470,59480,10
13.0184698105,80.2245025635,59480,59490,10
13.0190200806,80.224319458,59490,59500,10
13.0193004608,80.2243118286,59500,59510,10
13.0194597244,80.2243804932,59510,59520,10
13.0195198059,80.2244110107,59520,59530,10
13.0197696686,80.2246017456,59530,59540,10
13.0200796127,80.2248077393,59540,59551,11
13.020409584,80.2250595093,59551,59561,10
13.0207395554,80.2253036499,59561,59571,10
13.0210504532,80.2255325317,59571,59581,10
13.0213899612,80.2258071899,59581,59591,10
13.0220098495,80.2262191772,59591,59611,20
13.0220098495,80.2262191772,59611,59621,10
13.0222101212,80.2264404297,59621,59631,10
13.0226202011,80.2267990112,59631,59641,10
13.023150444,80.2272872925,59641,59651,10
13.0237102509,80.2277984619,59651,59662,11
13.0242900848,80.2284622192,59662,59688,26
13.0242900848,80.2284622192,59688,59700,12
13.0243501663,80.2285232544,59700,59710,10
13.0244998932,80.228729248,59710,59719,9
13.0247402191,80.2290802002,59719,59730,11
13.0252799988,80.2297515869,59730,59740,10
13.0257997513,80.2304992676,59740,59760,20
13.0257997513,80.2304992676,59760,59771,11
13.025850296,80.2306518555,59771,59780,9
13.0259599686,80.2309112549,59780,59791,11
13.0260400772,80.2312469482,59791,59801,10
13.026260376,80.2313919067,59801,59811,10
13.0267696381,80.231262207,59811,59821,10
13.0275497437,80.2311019897,59821,59831,10
13.028459549,80.2308883667,59831,59861,30
13.028840065,80.2308883667,59861,59902,41
13.028840065,80.2308883667,59902,59912,10
13.0292596817,80.2308425903,59912,59922,10
13.0296401978,80.2308197021,59922,59932,10
13.0303297043,80.2307662964,59932,59972,40
13.0303297043,80.2307662964,59972,59982,10
13.0308103561,80.2307128906,59982,59992,10
13.0312595367,80.2307128906,59992,60003,11
13.0319595337,80.2306365967,60003,60013,10
13.03262043,80.2305831909,60013,60023,10
13.0330495834,80.2305221558,60023,60042,19
13.0332298279,80.2305831909,60042,60134,92
13.0332298279,80.2305831909,60134,60144,10
13.0335702896,80.23046875,60144,60154,10
13.0339298248,80.230430603,60154,60164,10
13.0341596603,80.2304534912,60164,60174,10
13.0342597961,80.2304382324,60174,60184,10
13.0346403122,80.2303466797,60184,60275,91
13.0349397659,80.2302322388,60275,60315,40
13.0346002579,80.2300491333,60315,60687,372
13.0342798233,80.2301025391,60687,61484,797
13.0342798233,80.2301025391,61484,61494,10
13.0341300964,80.2304077148,61494,61504,10
13.0339803696,80.23046875,61504,61514,10
13.0336303711,80.23046875,61514,61524,10
13.0334596634,80.2304992676,61524,61535,11
13.0332603455,80.2304992676,61535,61545,10
13.0328397751,80.2305221558,61545,61555,10
13.0324296951,80.2305374146,61555,61565,10
13.0319499969,80.2305984497,61565,61575,10
13.0314598083,80.2306518555,61575,61585,10
13.0309495926,80.2306900024,61585,61595,10
13.0307598114,80.2307281494,61595,61605,10
13.0305500031,80.2307281494,61605,61615,10
13.0301399231,80.2307662964,61615,61625,10
13.0297899246,80.230796814,61625,61635,10
13.0297603607,80.2308120728,61635,61646,11
13.0295000076,80.2308502197,61646,61656,10
13.0290899277,80.2308731079,61656,61666,10
13.0286598206,80.2308807373,61666,61676,10
13.0281496048,80.2309112549,61676,61686,10
13.0277500153,80.2309570313,61686,61696,10
13.0277004242,80.2314224243,61696,61706,10
13.0277395248,80.2319107056,61706,61722,16
13.0278596878,80.2327423096,61722,61734,12
13.0272598267,80.2328872681,61734,61742,8
13.0268497467,80.232963562,61742,61754,12
13.0264501572,80.2329483032,61754,61762,8
13.0263204575,80.2326889038,61762,61776,14
13.026140213,80.2320022583,61776,61786,10
13.0259599686,80.2314910889,61786,61796,10
13.0257902145,80.230758667,61796,61806,10
13.0255002975,80.2302322388,61806,61816,10
13.025179863,80.2297897339,61816,61826,10
13.024769783,80.2292861938,61826,61846,20
13.024769783,80.2292861938,61846,61869,23
13.0246496201,80.2291107178,61869,61882,13
13.0243997574,80.228767395,61882,61891,9
13.0239400864,80.2282409668,61891,61912,21
13.0239400864,80.2282409668,61912,61922,10
13.023850441,80.2281417847,61922,61931,9
13.0235996246,80.2278671265,61931,61943,12
13.0231599808,80.227432251,61943,61953,10
13.0225801468,80.2268676758,61953,61963,10
13.022069931,80.2263565063,61963,61973,10
13.0213804245,80.2257995605,61973,61984,11
13.0206804276,80.2252731323,61984,61993,9
13.0202798843,80.2249984741,61993,62004,11
13.0202198029,80.2249603271,62004,62014,10
13.0200099945,80.224822998,62014,62023,9
13.019610405,80.2245483398,62023,62034,11
13.0188102722,80.2244415283,62034,62043,9
13.0179796219,80.2247772217,62043,62054,11
13.0170001984,80.2251968384,62054,62064,10
13.0164003372,80.225479126,62064,62074,10
13.0158596039,80.2257003784,62074,62084,10
13.015370369,80.2258987427,62084,62095,11
13.015130043,80.226020813,62095,62105,10
13.0149002075,80.2260971069,62105,62115,10
13.014380455,80.2262802124,62115,62135,20
13.014380455,80.2262802124,62135,62145,10
13.0141496658,80.2263870239,62145,62155,10
13.0138502121,80.2265396118,62155,62165,10
13.0134601593,80.2266387939,62165,62181,16
13.0125398636,80.2269668579,62181,62193,12
13.011590004,80.2273483276,62193,62204,11
13.0105895996,80.2277374268,62204,62214,10
13.0096702576,80.2281188965,62214,62223,9
13.0091295242,80.2285766602,62223,62234,11
13.0088996887,80.2296524048,62234,62244,10
13.0087203979,80.2306213379,62244,62253,9
13.0085201263,80.231628418,62253,62264,11
13.0083398819,80.232673645,62264,62274,10
13.0082197189,80.2335968018,62274,62294,20
13.0082197189,80.2335968018,62294,62305,11
13.0081100464,80.2339324951,62305,62317,12
13.0079603195,80.2347106934,62317,62327,10
13.0078802109,80.2351608276,62327,62337,10
13.0077495575,80.2358016968,62337,62347,10
13.0075998306,80.236618042,62347,62357,10
13.0074195862,80.2375106812,62357,62367,10
13.0072498322,80.2383728027,62367,62377,10
13.007060051,80.2393569946,62377,62397,20
13.007060051,80.2393569946,62397,62407,10
13.0070199966,80.2397232056,62407,62417,10
13.0069303513,80.2403411865,62417,62428,11
13.0068798065,80.2406997681,62428,62438,10
13.0068798065,80.2407608032,62438,62448,10
13.0067596436,80.2411193848,62448,62458,10
13.0067195892,80.241897583,62458,62468,10
13.0067100525,80.2428817749,62468,62478,10
13.0066900253,80.2436065674,62478,62488,10
13.0066604614,80.2442932129,62488,62498,10
13.0066795349,80.244682312,62498,62508,10
13.0066699982,80.2447891235,62508,62518,10
13.0066995621,80.2450637817,62518,62528,10
13.0066995621,80.245262146,62528,62539,11
13.0067195892,80.2456893921,62539,62549,10
13.0067195892,80.246131897,62549,62559,10
13.0067396164,80.2466964722,62559,62569,10
13.0067501068,80.2473602295,62569,62579,10
13.0067396164,80.2482376099,62579,62589,10
13.0067901611,80.2489395142,62589,62599,10
13.0068702698,80.2494430542,62599,62609,10
13.0068597794,80.2494812012,62609,62619,10
13.0068397522,80.24949646,62619,62629,10
13.0068302155,80.249961853,62629,62640,11
13.0068101883,80.2505111694,62640,62650,10
13.006819725,80.2506637573,62650,62660,10
13.006819725,80.2507476807,62660,62670,10
13.006819725,80.251083374,62670,62680,10
13.0068101883,80.2514572144,62680,62690,10
13.0066795349,80.2519607544,62690,62700,10
13.0065803528,80.2526016235,62700,62710,10
13.0065803528,80.2531814575,62710,62720,10
13.0065698624,80.2540283203,62720,62730,10
13.0066099167,80.2546234131,62730,62740,10
13.0066204071,80.255317688,62740,62750,10
13.0066299438,80.2562332153,62750,62761,11
13.0066299438,80.2568206787,62761,62771,10
13.0066299438,80.2570037842,62771,62781,10
13.0066900253,80.2574615479,62781,62791,10
13.0069599152,80.258102417,62791,62807,16
13.007610321,80.258682251,62807,62829,22
13.007610321,80.258682251,62829,62839,10
13.0078201294,80.2587966919,62839,62849,10
13.0081996918,80.2589416504,62849,62859,10
13.0084104538,80.2590026855,62859,62870,11
13.008769989,80.2590866089,62870,62880,10
13.0092201233,80.2591018677,62880,62889,9
13.0098800659,80.2591094971,62889,62900,11
13.010720253,80.2591094971,62900,62910,10
13.0116701126,80.2590866089,62910,62919,9
13.0125904083,80.2591323853,62919,62930,11
13.0137395859,80.2591781616,62930,62940,10
13.014840126,80.2592163086,62940,62950,10
13.0158100128,80.2593765259,62950,62960,10
13.0164003372,80.2596893311,62960,62981,21
13.0164003372,80.2596893311,62981,62991,10
13.0165700912,80.2598724365,62991,63001,10
13.0168399811,80.2600631714,63001,63011,10
13.0173397064,80.2603988647,63011,63021,10
13.0179004669,80.2607803345,63021,63031,10
13.018289566,80.2610626221,63031,63041,10
13.0185203552,80.2611999512,63041,63051,10
13.0188999176,80.2615127563,63051,63061,10
13.0192699432,80.2618179321,63061,63071,10
13.0196504593,80.2621994019,63071,63082,11
13.0201396942,80.2626113892,63082,63092,10
13.0201597214,80.2626266479,63092,63102,10
13.02023983,80.2627182007,63102,63112,10
13.0207195282,80.2629089355,63112,63122,10
13.0213003159,80.2630767822,63122,63132,10
13.0218400955,80.2632980347,63132,63142,10
13.0222101212,80.2634811401,63142,63151,9
13.0223903656,80.2635498047,63151,63161,10
13.0224895477,80.2636184692,63161,63172,11
13.0229997635,80.2638931274,63172,63193,21
13.0229997635,80.2638931274,63193,63203,10
13.0231399536,80.2639770508,63203,63213,10
13.0235500336,80.2641906738,63213,63223,10
13.0239601135,80.2644119263,63223,63233,10
13.0243997574,80.2647018433,63233,63243,10
13.024769783,80.2649917603,63243,63253,10
13.025179863,80.2653121948,63253,63263,10
13.0256700516,80.2656173706,63263,63273,10
13.0261602402,80.2658691406,63273,63283,10
13.026309967,80.2658996582,63283,63293,10
13.0263795853,80.2655792236,63293,63304,11
13.0264101028,80.265007019,63304,63314,10
13.0265102386,80.2644119263,63314,63323,9
13.0265398026,80.2641372681,63323,63334,11
13.0265598297,80.2639465332,63334,63344,10
13.0266399384,80.2635498047,63344,63354,10
13.0270996094,80.2635803223,63354,63364,10
13.0277004242,80.2637023926,63364,63374,10
13.0281801224,80.2638092041,63374,63384,10
13.0284795761,80.2638778687,63384,63393,9
13.0288896561,80.2639694214,63393,63404,11
13.0291795731,80.2642211914,63404,63415,11
13.0292701721,80.2647171021,63415,63425,10
13.0292396545,80.2653274536,63425,63435,10
13.0292196274,80.2659378052,63435,63444,9
13.0292196274,80.266166687,63444,63455,11
13.0291795731,80.2663116455,63455,63465,10
13.0292196274,80.2665481567,63465,63475,10
13.0295295715,80.2666015625,63475,63484,9
13.0299100876,80.2666320801,63484,63495,11
13.030579567,80.2667694092,63495,63505,10
13.0312099457,80.2669219971,63505,63515,10
13.0317296982,80.2671203613,63515,63526,11
13.0322303772,80.2673416138,63526,63536,10
13.0325498581,80.2674636841,63536,63546,10
13.0325698853,80.2674789429,63546,63556,10
13.0328598022,80.2676925659,63556,63566,10
13.0331602097,80.2677612305,63566,63576,10
13.0334196091,80.267829895,63576,63586,10
13.0336999893,80.2678833008,63586,63657,71
13.0336999893,80.2678833008,63657,63667,10
13.0341396332,80.2679977417,63667,63677,10
13.0344200134,80.2680282593,63677,63737,60
13.0344200134,80.2680282593,63737,63748,11
13.0344696045,80.2681808472,63748,63758,10
13.0342998505,80.268081665,63758,63768,10
13.0340499878,80.2680282593,63768,63778,10
13.0338497162,80.2679595947,63778,63788,10
13.0336198807,80.2678833008,63788,64071,283
13.0332698822,80.2678222656,64071,64161,90
13.0332698822,80.2678222656,64161,64171,10
13.0328397751,80.2677383423,64171,64181,10
13.0326099396,80.2676086426,64181,64192,11
13.0325202942,80.2675476074,64192,64202,10
13.0323400497,80.2674179077,64202,64212,10
13.0319795609,80.2672119141,64212,64222,10
13.0315704346,80.2669372559,64222,64232,10
13.0309801102,80.2667617798,64232,64242,10
13.030380249,80.2666625977,64242,64252,10
13.0298204422,80.2666015625,64252,64272,20
13.0298204422,80.2666015625,64272,64282,10
13.029419899,80.2666015625,64282,64292,10
13.0292196274,80.2664871216,64292,64303,11
13.0288095474,80.2663497925,64303,64313,10
13.0283098221,80.266242981,64313,64323,10
13.0277004242,80.2661209106,64323,64333,10
13.0269498825,80.2660598755,64333,64343,10
13.0263996124,80.2659606934,64343,64353,10
13.0261697769,80.2658996582,64353,64363,10
13.0258102417,80.2657089233,64363,64373,10
13.0253295898,80.265411377,64373,64403,30
13.0253295898,80.265411377,64403,64414,11
13.0251598358,80.265296936,64414,64424,10
13.024939537,80.2650985718,64424,64434,10
13.0246896744,80.2649383545,64434,64444,10
13.0242795944,80.2646484375,64444,64454,10
13.0238399506,80.2643737793,64454,64464,10
13.023349762,80.2640228271,64464,64474,10
13.0221500397,80.2633972168,64474,64511,37
13.0221500397,80.2633972168,64511,64522,11
13.0218496323,80.2632904053,64522,64533,11
13.0213003159,80.2630767822,64533,64543,10
13.0205898285,80.2630386353,64543,64553,10
13.0201597214,80.2630081177,64553,64562,9
13.0196800232,80.2629623413,64562,64573,11
13.019080162,80.2629013062,64573,64583,10
13.0189399719,80.262550354,64583,64593,10
13.0188503265,80.2620697021,64593,64603,10
13.0187702179,80.2616119385,64603,64613,10
13.0185003281,80.2612686157,64613,64623,10
13.018239975,80.2610626221,64623,64634,11
13.0179395676,80.2608795166,64634,64644,10
13.0175695419,80.2606201172,64644,64654,10
13.017080307,80.2602767944,64654,64664,10
13.0165901184,80.259979248,64664,64674,10
13.0160598755,80.2597122192,64674,64694,20
13.0160598755,80.2597122192,64694,64704,10
13.0159397125,80.2596435547,64704,64714,10
13.0155000687,80.2594833374,64714,64724,10
13.0148696899,80.2593612671,64724,64735,11
13.0140600204,80.2593307495,64735,64745,10
13.0132398605,80.2593002319,64745,64755,10
13.0123796463,80.2592697144,64755,64765,10
13.0115995407,80.2592391968,64765,64775,10
13.0108604431,80.2592315674,64775,64785,10
13.0100698471,80.2593002319,64785,64795,10
13.0098600388,80.2593002319,64795,64805,10
13.0094995499,80.259262085,64805,64815,10
13.0091104507,80.2592391968,64815,64825,10
13.0088500977,80.2592391968,64825,64835,10
13.0085401535,80.2592163086,64835,64846,11
13.0078697205,80.2593231201,64846,64856,10
13.0072202682,80.2587814331,64856,64876,20
13.0072202682,80.2587814331,64876,64886,10
13.0070104599,80.2584075928,64886,64896,10
13.0066900253,80.2577972412,64896,65056,160
13.0066900253,80.2577972412,65056,65067,11
13.0065002441,80.2573394775,65067,65077,10
13.0064697266,80.2569274902,65077,65087,10
13.0065202713,80.2564926147,65087,65097,10
13.0065097809,80.2557296753,65097,65107,10
13.0065498352,80.2550582886,65107,65117,10
13.0065402985,80.2542114258,65117,65127,10
13.0065603256,80.253288269,65127,65147,20
13.0065603256,80.253288269,65147,65157,10
13.0065202713,80.2529602051,65157,65167,10
13.0065402985,80.252571106,65167,65178,11
13.0066404343,80.2520675659,65178,65188,10
13.0067501068,80.2514038086,65188,65198,10
13.0067396164,80.2507476807,65198,65208,10
13.0067396164,80.2499237061,65208,65218,10
13.0067396164,80.2493362427,65218,65309,91
13.0067396164,80.2493362427,65309,65319,10
13.006770134,80.2490997314,65319,65329,10
13.0067195892,80.2487564087,65329,65339,10
13.0066900253,80.2484970093,65339,65349,10
13.0066604614,80.2481689453,65349,65359,10
13.0066404343,80.2477798462,65359,65369,10
13.0066404343,80.2474136353,65369,65379,10
13.006649971,80.2472000122,65379,65389,10
13.0066404343,80.2470703125,65389,65400,11
13.0066299438,80.2469482422,65400,65410,10
13.0065898895,80.2467422485,65410,65420,10
13.0065803528,80.24659729,65420,65430,10
13.0066299438,80.2462081909,65430,65440,10
13.0066003799,80.2458190918,65440,65450,10
13.0066003799,80.2456970215,65450,65460,10
13.0066204071,80.2454605103,65460,65470,10
13.0066099167,80.2452011108,65470,65480,10
13.0066003799,80.2449493408,65480,65490,10
13.0065898895,80.244720459,65490,65500,10
13.0066003799,80.2444915771,65500,65511,11
13.0066003799,80.244468689,65511,65521,10
13.0066099167,80.244102478,65521,65531,10
13.0066204071,80.2439880371,65531,65541,10
13.0066099167,80.243637085,65541,65551,10
13.0065898895,80.2432022095,65551,65561,10
13.0065803528,80.242729187,65561,65571,10
13.0065603256,80.242149353,65571,65581,10
13.0065603256,80.2418670654,65581,65597,16
13.0065498352,80.241569519,65597,65609,12
13.0065803528,80.2412414551,65609,65620,11
13.0066795349,80.2406005859,65620,65639,19
13.0066795349,80.2406005859,65639,65651,12
13.006649971,80.2403488159,65651,65752,101
13.006649971,80.2403488159,65752,65762,10
13.0067596436,80.2399902344,65762,65772,10
13.0068798065,80.2395324707,65772,65782,10
13.0069904327,80.2387771606,65782,65791,9
13.0071001053,80.2381820679,65791,65802,11
13.0072603226,80.2375564575,65802,65812,10
13.0073604584,80.2369003296,65812,65833,21
13.0073604584,80.2369003296,65833,65843,10
13.0074195862,80.2367782593,65843,65853,10
13.0075397491,80.2363586426,65853,65863,10
13.0076303482,80.2358703613,65863,65873,10
13.0076398849,80.2358016968,65873,65883,10
13.0076999664,80.2354278564,65883,65893,10
13.007809639,80.2348403931,65893,65903,10
13.0079603195,80.2340698242,65903,65913,10
13.0081195831,80.2332229614,65913,65923,10
13.0082998276,80.2322692871,65923,65933,10
13.0085000992,80.2313613892,65933,65942,9
13.008649826,80.2306518555,65942,65954,12
13.0088596344,80.2295379639,65954,65964,10
13.0090398788,80.2286911011,65964,65974,10
13.0093202591,80.2278594971,65974,65984,10
13.0096998215,80.2270202637,65984,65994,10
13.0101003647,80.2261810303,65994,66004,10
13.0103902817,80.2255172729,66004,66014,10
13.0105695724,80.2251586914,66014,66024,10
13.0106601715,80.2249679565,66024,66034,10
13.0108203888,80.2245864868,66034,66044,10
13.0109701157,80.2241516113,66044,66054,10
13.0111198425,80.2238082886,66054,66065,11
13.0113601685,80.2233200073,66065,66075,10
13.0115499496,80.2228927612,66075,66085,10
13.0117197037,80.2223968506,66085,66095,10
13.011879921,80.2219619751,66095,66105,10
13.0120601654,80.2216186523,66105,66115,10
13.0122699738,80.2215499878,66115,66125,10
13.0125102997,80.2218704224,66125,66135,10
13.0128803253,80.2222900391,66135,66145,10
13.0130596161,80.2224578857,66145,66155,10
13.0132398605,80.22265625,66155,66166,11
13.013469696,80.2228775024,66166,66176,10
13.0137395859,80.2231826782,66176,66186,10
13.0139799118,80.2234420776,66186,66196,10
13.0141601563,80.2236633301,66196,66206,10
13.0143299103,80.2239074707,66206,66216,10
13.0147199631,80.224357605,66216,66226,10
13.0148696899,80.2245788574,66226,66236,10
13.0151700974,80.2248382568,66236,66246,10
13.0153799057,80.2249832153,66246,66256,10
13.0155000687,80.2250595093,66256,66266,10
13.0155696869,80.2250518799,66266,66277,11
13.0159301758,80.2253570557,66277,66293,16
13.0170898438,80.2251586914,66293,66305,12
13.0181398392,80.2247161865,66305,66312,7
13.0186395645,80.2245178223,66312,66322,10
13.0191297531,80.224357605,66322,66331,9
13.0193996429,80.2244033813,66331,66345,14
13.0196695328,80.2245788574,66345,66356,11
13.0200300217,80.2248764038,66356,66366,10
13.0204801559,80.2251968384,66366,66376,10
13.0209197998,80.2254867554,66376,66387,11
13.0213804245,80.2258834839,66387,66397,10
13.0218496323,80.2261734009,66397,66417,20
13.0218496323,80.2261734009,66417,66427,10
13.0221395493,80.2264404297,66427,66436,9
13.0223703384,80.2266616821,66436,66448,12
13.0228796005,80.2271118164,66448,66455,7
13.0231800079,80.2273712158,66455,66468,13
13.023730278,80.2278594971,66468,66478,10
13.024020195,80.2281799316,66478,66488,10
13.0242004395,80.2284622192,66488,66498,10
13.0245199203,80.2288818359,66498,66509,11
13.0248098373,80.2292861938,66509,66519,10
13.0251302719,80.2296676636,66519,66529,10
13.0253601074,80.2299118042,66529,66549,20
13.0253601074,80.2299118042,66549,66559,10
13.0255298615,80.2301330566,66559,66569,10
13.0257797241,80.2305679321,66569,66589,20
13.0257797241,80.2305679321,66589,66599,10
13.0259399414,80.2309417725,66599,66609,10
13.0259799957,80.2311325073,66609,66618,9
13.0260400772,80.2313690186,66618,66630,12
13.0264196396,80.2313766479,66630,66640,10
13.0273303986,80.2311172485,66640,66660,20
13.0273303986,80.2311172485,66660,66670,10
13.0279197693,80.2310409546,66670,66700,30
13.0279197693,80.2310409546,66700,66709,9
13.0282001495,80.2310028076,66709,66720,11
13.0284204483,80.2309570313,66720,66731,11
13.0285596848,80.2309494019,66731,66741,10
13.028960228,80.2309265137,66741,66751,10
13.0293798447,80.2309036255,66751,66761,10
13.0295801163,80.2308807373,66761,66771,10
13.029709816,80.2308502197,66771,66781,10
13.0298404694,80.2308273315,66781,66791,10
13.0298900604,80.2308273315,66791,66801,10
13.0302000046,80.2308120728,66801,66811,10
13.0304899216,80.2307891846,66811,66821,10
13.0309295654,80.2307662964,66821,66832,11
13.0313997269,80.2307281494,66832,66842,10
13.0318498611,80.2306976318,66842,66852,10
13.032119751,80.230682373,66852,66862,10
13.0325202942,80.2306289673,66862,66872,10
13.0328397751,80.2306213379,66872,66933,61
13.0328397751,80.2306213379,66933,66943,10
13.0331096649,80.2305908203,66943,66953,10
13.0332698822,80.2305984497,66953,66963,10
13.0333995819,80.2305984497,66963,66973,10
13.0336503983,80.2305679321,66973,66983,10
13.0340204239,80.2305603027,66983,66993,10
13.0342102051,80.2304992676,66993,67003,10
13.0344400406,80.23046875,67003,67012,9
13.0347299576,80.2303924561,67012,67022,10
13.0348501205,80.2303314209,67022,67034,12
13.0349903107,80.23021698,67034,67043,9
13.0348796844,80.2300491333,67043,67054,11
13.0346603394,80.2300796509,67054,67518,464
13.0346603394,80.2300796509,67518,67528,10
13.0342998505,80.2301330566,67528,67619,91
13.0341501236,80.23046875,67619,67639,20
13.0341501236,80.23046875,67639,67649,10
13.0340003967,80.2305297852,67649,67659,10
13.0338001251,80.2304992676,67659,67669,10
13.0335302353,80.2305297852,67669,67679,10
13.0334596634,80.2305374146,67679,67689,10
13.0330600739,80.2305603027,67689,67699,10
13.0326795578,80.2305908203,67699,67710,11
13.0323295593,80.2306365967,67710,67726,16
13.0318603516,80.2306976318,67726,67738,12
13.0308704376,80.230758667,67738,67809,71
13.0308704376,80.230758667,67809,67819,10
13.030579567,80.230796814,67819,67829,10
13.0302801132,80.2308273315,67829,67839,10
13.0298595428,80.2308883667,67839,67859,20
13.0298595428,80.2308883667,67859,67869,10
13.0295000076,80.2309494019,67869,67879,10
13.0291004181,80.2309799194,67879,67889,10
13.0284795761,80.231010437,67889,67899,10
13.0278701782,80.231048584,67899,67909,10
13.0277204514,80.2313919067,67909,67920,11
13.027759552,80.2319564819,67920,67930,10
13.0278100967,80.2324829102,67930,67940,10
13.0278196335,80.2328796387,67940,67950,10
13.0273895264,80.2329406738,67950,67960,10
13.026889801,80.2330322266,67960,68051,91
13.0265703201,80.2331314087,68051,68071,20
13.0265703201,80.2331314087,68071,68081,10
13.026309967,80.2329406738,68081,68091,10
13.026260376,80.232749939,68091,68101,10
13.0262098312,80.2325363159,68101,68111,10
13.026140213,80.2322616577,68111,68121,10
13.0261001587,80.2320175171,68121,68131,10
13.0260601044,80.2317733765,68131,68142,11
13.0259599686,80.2313995361,68142,68152,10
13.0257797241,80.23072052,68152,68162,10
13.0252895355,80.2299575806,68162,68172,10
13.0248498917,80.2294235229,68172,68202,30
13.0248498917,80.2294235229,68202,68212,10
13.0247802734,80.229347229,68212,68222,10
13.0246095657,80.229133606,68222,68232,10
13.0244102478,80.2288589478,68232,68243,11
13.0242300034,80.2286071777,68243,68253,10
13.0239801407,80.2283630371,68253,68263,10
13.0239601135,80.2283401489,68263,68273,10
13.0238304138,80.2281265259,68273,68283,10
13.0236101151,80.227897644,68283,68293,10
13.0234003067,80.2276763916,68293,68303,10
13.0231704712,80.2274703979,68303,68313,10
13.0228700638,80.2271270752,68313,68323,10
13.0223903656,80.2266921997,68323,68333,10
13.0217504501,80.2261505127,68333,68343,10
13.0211496353,80.225692749,68343,68354,11
13.0205802917,80.2252807617,68354,68364,10
13.0200996399,80.2249526978,68364,68374,10
13.0195798874,80.2246170044,68374,68384,10
13.0188102722,80.224571228,68384,68394,10
13.0179796219,80.224899292,68394,68404,10
13.0172195435,80.225189209,68404,68414,10
13.0165596008,80.2254714966,68414,68423,9
13.0160999298,80.2256164551,68423,68433,10
13.0155496597,80.225769043,68433,68444,11
13.0149002075,80.2260513306,68444,68454,10
13.0143003464,80.2262878418,68454,68475,21
13.0143003464,80.2262878418,68475,68485,10
13.0139503479,80.2264175415,68485,68495,10
13.0132598877,80.2266921997,68495,68505,10
13.0124902725,80.2269821167,68505,68515,10
13.011639595,80.2273101807,68515,68525,10
13.01060009,80.2277374268,68525,68535,10
13.0095796585,80.2281723022,68535,68545,10
13.0091104507,80.2287597656,68545,68555,10
13.0089197159,80.2297286987,68555,68565,10
13.0087203979,80.2308273315,68565,68576,11
13.0085897446,80.2315826416,68576,68586,10
13.0085401535,80.2318496704,68586,68606,20
13.0085401535,80.2318496704,68606,68616,10
13.0085096359,80.2320709229,68616,68626,10
13.0084600449,80.2322311401,68626,68636,10
13.0084199905,80.232421875,68636,68646,10
13.0083799362,80.2326431274,68646,68656,10
13.0083398819,80.2328872681,68656,68666,10
13.0082902908,80.2330703735,68666,68676,10
13.0082902908,80.2331008911,68676,68687,11
13.0082798004,80.2332763672,68687,68697,10
13.0082597733,80.2335510254,68697,68737,40
13.0082597733,80.2335510254,68737,68747,10
13.0081596375,80.233833313,68747,68757,10
13.0080699921,80.2341918945,68757,68777,20
13.0080699921,80.2341918945,68777,68787,10
13.0080499649,80.2343597412,68787,68798,11
13.0079698563,80.2347717285,68798,68808,10
13.0078802109,80.235206604,68808,68818,10
13.0078401566,80.2354736328,68818,68828,10
13.0077800751,80.2357635498,68828,68838,10
13.0077199936,80.2360687256,68838,68848,10
13.0076398849,80.2363967896,68848,68858,10
13.0075902939,80.2366867065,68858,68868,10
13.007519722,80.2370529175,68868,68878,10
13.0074300766,80.2375030518,68878,68888,10
13.0073204041,80.2379989624,68888,69088,200
13.0073204041,80.2379989624,69088,69098,10
13.007229805,80.2384414673,69098,69108,10
13.0071401596,80.2388687134,69108,69118,10
13.0069999695,80.2395629883,69118,69129,11
13.0068998337,80.2400817871,69129,69199,70
13.0068998337,80.2400817871,69199,69209,10
13.0068302155,80.240737915,69209,69229,20
13.0068302155,80.240737915,69229,69240,11
13.0068101883,80.2409362793,69240,69250,10
13.006770134,80.2410736084,69250,69260,10
13.0067396164,80.2413482666,69260,69270,10
13.0067100525,80.2420578003,69270,69280,10
13.0066995621,80.2427597046,69280,69290,10
13.0066795349,80.2435073853,69290,69300,10
13.0066699982,80.2442626953,69300,69310,10
13.0066699982,80.245010376,69310,69320,10
13.0066795349,80.245262146,69320,69330,10
13.0066795349,80.2454910278,69330,69340,10
13.0066900253,80.24584198,69340,69351,11
13.0066995621,80.246421814,69351,69361,10
13.0067100525,80.246963501,69361,69371,10
13.0066995621,80.2476730347,69371,69381,10
13.0066995621,80.2484588623,69381,69391,10
13.006819725,80.2492828369,69391,69411,20
13.006819725,80.2492828369,69411,69421,10
13.0068101883,80.2493591309,69421,69431,10
13.006819725,80.2496566772,69431,69441,10
13.0068302155,80.24974823,69441,69451,10
13.0067796707,80.2503433228,69451,69482,31
13.0067796707,80.2503433228,69482,69492,10
13.0067501068,80.2506637573,69492,69502,10
13.0067796707,80.2511978149,69502,69512,10
13.0066900253,80.251739502,69512,69522,10
13.0065498352,80.2523880005,69522,69532,10
13.0065202713,80.2530899048,69532,69542,10
13.0065202713,80.2537918091,69542,69552,10
13.0065097809,80.2544021606,69552,69563,11
13.0065498352,80.254737854,69563,69573,10
13.0065498352,80.254989624,69573,69583,10
13.0065603256,80.2554626465,69583,69593,10
13.0065803528,80.2563171387,69593,69603,10
13.0065898895,80.2568664551,69603,69679,76
13.0065898895,80.2568664551,69679,69692,13
13.0066404343,80.2574081421,69692,69702,10
13.006819725,80.2578964233,69702,69712,10
13.0077104568,80.2587432861,69712,69732,20
13.0077104568,80.2587432861,69732,69742,10
13.0078697205,80.2588195801,69742,69752,10
13.0084104538,80.2590179443,69752,69762,10
13.0088596344,80.2591171265,69762,69772,10
13.0093698502,80.2591400146,69772,69783,11
13.010219574,80.2591705322,69783,69793,10
13.0109701157,80.2591629028,69793,69803,10
13.0117797852,80.2591400146,69803,69813,10
13.0127000809,80.2591934204,69813,69823,10
13.0137395859,80.2592391968,69823,69833,10
13.0148496628,80.2592926025,69833,69843,10
13.0158195496,80.2594680786,69843,69853,10
13.0163803101,80.2597503662,69853,69873,20
13.0163803101,80.2597503662,69873,69883,10
13.016579628,80.2599105835,69883,69894,11
13.0168104172,80.2600708008,69894,69904,10
13.0172195435,80.2603378296,69904,69914,10
13.0176897049,80.2606582642,69914,69924,10
13.0181398392,80.2609786987,69924,69934,10
13.0182304382,80.2610473633,69934,69944,10
13.0185003281,80.2612380981,69944,69954,10
13.018699646,80.2613601685,69954,69964,10
13.0188102722,80.2614593506,69964,69974,10
13.0191202164,80.2617263794,69974,69984,10
13.0193595886,80.2619400024,69984,69994,10
13.0196199417,80.2622070313,69994,70005,11
13.0200796127,80.2626190186,70005,70015,10
13.0201597214,80.2626800537,70015,70025,10
13.0202598572,80.2627563477,70025,70035,10
13.0206203461,80.2629013062,70035,70045,10
13.0212202072,80.2630767822,70045,70055,10
13.0218400955,80.2633132935,70055,70065,10
13.0221595764,80.2634811401,70065,70075,10
13.0224599838,80.263633728,70075,70085,10
13.0227203369,80.2637634277,70085,70102,17
13.023059845,80.2639083862,70102,70113,11
13.0232601166,80.2640762329,70113,70124,11
13.0237703323,80.2643737793,70124,70134,10
13.0241804123,80.2645874023,70134,70144,10
13.0245704651,80.2648773193,70144,70154,10
13.024889946,80.2651290894,70154,70164,10
13.0252199173,80.2653808594,70164,70174,10
13.0256900787,80.2656784058,70174,70184,10
13.0261096954,80.2658996582,70184,70194,10
13.0263004303,80.2658996582,70194,70204,10
13.0263204575,80.2655181885,70204,70214,10
13.0263299942,80.2650985718,70214,70224,10
13.0264396667,80.2641372681,70224,70246,22
13.0264396667,80.2641372681,70246,70256,10
13.0264797211,80.2638320923,70256,70266,10
13.026550293,80.2634506226,70266,70276,10
13.02684021,80.2634811401,70276,70285,9
13.0271596909,80.2636108398,70285,70296,11
13.0275602341,80.2637176514,70296,70306,10
13.0283002853,80.2638626099,70306,70326,20
13.0283002853,80.2638626099,70326,70336,10
13.0285196304,80.263923645,70336,70347,11
13.0289697647,80.2640304565,70347,70357,10
13.0293502808,80.2642211914,70357,70367,10
13.029299736,80.2645187378,70367,70377,10
13.0292901993,80.2649002075,70377,70387,10
13.0292596817,80.265296936,70387,70397,10
13.029250145,80.2658004761,70397,70407,10
13.0292196274,80.2661972046,70407,70417,10
13.0292196274,80.2662124634,70417,70427,10
13.0291795731,80.2664031982,70427,70437,10
13.0291700363,80.2666320801,70437,70448,11
13.0294103622,80.2666931152,70448,70458,10
13.02987957,80.2667388916,70458,70468,10
13.0304498672,80.2668075562,70468,70478,10
13.0309000015,80.2668762207,70478,70488,10
13.0314903259,80.2670669556,70488,70498,10
13.0318603516,80.2672271729,70498,70507,9
13.0320596695,80.2673187256,70507,70518,11
13.0323896408,80.2674636841,70518,70528,10
13.0326499939,80.2676620483,70528,70538,10
13.0330495834,80.2678070068,70538,70549,11
13.033249855,80.2678985596,70549,70559,10
13.0336799622,80.2679672241,70559,70619,60
13.0336799622,80.2679672241,70619,70629,10
13.0340595245,80.2680511475,70629,70639,10
13.0344896317,80.2680892944,70639,70821,182
13.0344896317,80.2680892944,70821,70831,10
13.0342998505,80.268119812,70831,70841,10
13.0340299606,80.2680435181,70841,70851,10
13.0336799622,80.2679367065,70851,70902,51
13.0332899094,80.2678833008,70902,71476,574
13.0332899094,80.2678833008,71476,71487,11
13.0329704285,80.2677993774,71487,71517,30
13.0329704285,80.2677993774,71517,71527,10
13.0326700211,80.2677383423,71527,71538,11
13.0326099396,80.2677001953,71538,71548,10
13.0324401855,80.2675323486,71548,71558,10
13.0323200226,80.2674636841,71558,71568,10
13.0320196152,80.2673034668,71568,71578,10
13.0316696167,80.2671432495,71578,71588,10
13.0315303802,80.2670898438,71588,71598,10
13.031129837,80.2669372559,71598,71614,16
13.0297403336,80.2666931152,71614,71634,20
13.0297403336,80.2666931152,71634,71646,12
13.0295600891,80.2666625977,71646,71657,11
13.0292901993,80.2666168213,71657,71667,10
13.0290603638,80.2664794922,71667,71677,10
13.0286598206,80.2663803101,71677,71687,10
13.0283298492,80.2662963867,71687,71696,9
13.027879715,80.2662124634,71696,71707,11
13.0272102356,80.2661209106,71707,71715,8
13.0267400742,80.2660827637,71715,71727,12
13.0258798599,80.2657928467,71727,71746,19
13.0258798599,80.2657928467,71746,71758,12
13.0256004333,80.2656173706,71758,71768,10
13.0252599716,80.2654037476,71768,71788,20
13.0252599716,80.2654037476,71788,71798,10
13.0250396729,80.2652511597,71798,71808,10
13.024769783,80.2650375366,71808,71818,10
13.0246696472,80.2649917603,71818,71828,10
13.0242700577,80.2646636963,71828,71838,10
13.0237798691,80.2643585205,71838,71848,10
13.0234603882,80.2641525269,71848,71858,10
13.022939682,80.2638397217,71858,71869,11
13.0222597122,80.2635269165,71869,71889,20
13.0222597122,80.2635269165,71889,71899,10
13.022069931,80.263420105,71899,71909,10
13.0216503143,80.2631988525,71909,72149,240
13.0216503143,80.2631988525,72149,72159,10
13.0211801529,80.2630767822,72159,72169,10
13.0208396912,80.2630386353,72169,72179,10
13.020529747,80.2630386353,72179,72189,10
13.0202503204,80.2630386353,72189,72200,11
13.0201396942,80.2630310059,72200,72210,10
13.0198402405,80.2630004883,72210,72220,10
13.0197000504,80.2630004883,72220,72230,10
13.0194501877,80.2630004883,72230,72238,8
13.0192804337,80.2629928589,72238,72250,12
13.0189599991,80.2629928589,72250,72290,40
13.0189599991,80.2629928589,72290,72300,10
13.0188398361,80.2626724243,72300,72311,11
13.0188302994,80.2626037598,72311,72321,10
13.0188102722,80.2624130249,72321,72331,10
13.0187397003,80.2617874146,72331,72351,20
13.0187397003,80.2617874146,72351,72361,10
13.0187196732,80.2615966797,72361,72371,10
13.0187196732,80.2614135742,72371,72401,30
13.0187196732,80.2614135742,72401,72411,10
13.0184297562,80.2612228394,72411,72422,11
13.0182304382,80.2610702515,72422,72432,10
13.0180301666,80.2609405518,72432,72448,16
13.0174999237,80.2605209351,72448,72460,12
13.0168199539,80.2601089478,72460,72468,8
13.0165195465,80.2599182129,72468,72480,12
13.0160799026,80.2597427368,72480,72490,10
13.0160398483,80.2597198486,72490,72500,10
13.0156002045,80.2595367432,72500,72509,9
13.0150299072,80.2593994141,72509,72520,11
13.0141897202,80.2593307495,72520,72531,11
13.0131902695,80.2592926025,72531,72541,10
13.0122699738,80.259262085,72541,72551,10
13.0114202499,80.2592315674,72551,72561,10
13.0107002258,80.2592163086,72561,72571,10
13.0100803375,80.2592773438,72571,72581,10
13.0096702576,80.2592926025,72581,72591,10
13.0095901489,80.2592773438,72591,72601,10
13.0092201233,80.2592697144,72601,72611,10
13.0087900162,80.259262085,72611,72621,10
13.008480072,80.259262085,72621,72631,10
13.0080795288,80.2592468262,72631,72642,11
13.0076999664,80.2593917847,72642,72652,10
13.0073003769,80.2593536377,72652,72662,10
13.0071601868,80.258972168,72662,72672,10
13.0071296692,80.2588729858,72672,72682,10
13.0070695877,80.2586288452,72682,72692,10
13.0069799423,80.2584686279,72692,72702,10
13.0067396164,80.2580184937,72702,72712,10
13.0064897537,80.2576828003,72712,72781,69
13.0064496994,80.257598877,72781,72851,70
13.0064496994,80.257598877,72851,72862,11
13.0064201355,80.2572937012,72862,72872,10
13.0064001083,80.2569503784,72872,72882,10
13.0064096451,80.2564163208,72882,72892,10
13.0064201355,80.2556228638,72892,72902,10
13.0064697266,80.2550888062,72902,72912,10
13.0064601898,80.2542037964,72912,72922,10
13.0064401627,80.2532272339,72922,72952,30
13.0064401627,80.2532272339,72952,72962,10
13.0064601898,80.2525787354,72962,73023,61
13.0064601898,80.2525787354,73023,73033,10
13.0064697266,80.2523727417,73033,73043,10
13.0065698624,80.2518005371,73043,73053,10
13.0066795349,80.2510604858,73053,73063,10
13.0066900253,80.2503204346,73063,73073,10
13.0066795349,80.2496337891,73073,73084,11
13.0066604614,80.2494812012,73084,73094,10
13.0066404343,80.2490005493,73094,73124,30
13.0066404343,80.2490005493,73124,73134,10
13.0066299438,80.2487792969,73134,73144,10
13.0066003799,80.2484207153,73144,73154,10
13.0065603256,80.2478790283,73154,73265,111
13.0064496994,80.2479629517,73265,73316,51
13.0064496994,80.2479629517,73316,73326,10
13.006529808,80.2476730347,73326,73336,10
13.0065498352,80.2473068237,73336,73346,10
13.0065402985,80.2468032837,73346,73366,20
13.0065402985,80.2468032837,73366,73376,10
13.0065402985,80.2465820313,73376,73386,10
13.0065402985,80.2461776733,73386,73396,10
13.0065402985,80.2456588745,73396,73417,21
13.0065402985,80.2456588745,73417,73427,10
13.0065498352,80.2454681396,73427,73437,10
13.0065498352,80.2453231812,73437,73447,10
13.0065498352,80.2451019287,73447,73457,10
13.0065498352,80.2449264526,73457,73467,10
13.0065202713,80.2446594238,73467,73477,10
13.006529808,80.2444610596,73477,73487,10
13.0065202713,80.2442016602,73487,73497,10
13.0065202713,80.2439422607,73497,73507,10
13.0064897537,80.243598938,73507,73517,10
13.006480217,80.2431564331,73517,73528,11
13.0064601898,80.2426376343,73528,73538,10
13.0064001083,80.2420501709,73538,73574,36
13.0064001083,80.2420501709,73574,73586,12
13.0065402985,80.2417526245,73586,73594,8
13.0065002441,80.2415313721,73594,73606,12
13.006480217,80.2409667969,73606,73616,10
13.0064496994,80.2404174805,73616,73626,10
13.0066099167,80.2397537231,73626,73637,11
13.0068302155,80.2385635376,73637,73647,10
13.0069599152,80.2379302979,73647,73657,10
13.007060051,80.2374572754,73657,73667,10
13.0071401596,80.2366485596,73667,73688,21
13.0071401596,80.2366485596,73688,73698,10
13.0072002411,80.2364807129,73698,73708,10
13.0073404312,80.2360687256,73708,73718,10
13.0076198578,80.235458374,73718,73728,10
13.0076799393,80.2352371216,73728,73739,11
13.0077896118,80.2347717285,73739,73749,10
13.0079202652,80.23412323,73749,73759,10
13.0081100464,80.2332229614,73759,73769,10
13.0083198547,80.232131958,73769,73779,10
13.0085201263,80.2310409546,73779,73789,10
13.0087299347,80.2299804688,73789,73799,10
13.0089502335,80.2288589478,73799,73809,10
13.0092802048,80.2277374268,73809,73821,12
13.0097799301,80.2266387939,73821,73831,10
13.0101003647,80.225982666,73831,73841,10
13.0104103088,80.2253417969,73841,73852,11
13.0107097626,80.2246170044,73852,73862,10
13.0109500885,80.2240524292,73862,73872,10
13.0111198425,80.2236404419,73872,73882,10
13.011349678,80.2231903076,73882,73892,10
13.0115699768,80.2226867676,73892,73902,10
13.0117998123,80.2219772339,73902,73912,10
13.0121898651,80.221496582,73912,73922,10
13.0122995377,80.2215499878,73922,73932,10
13.0126495361,80.2220993042,73932,73942,10
13.0131998062,80.2227020264,73942,73952,10
13.0137195587,80.2232818604,73952,73963,11
13.0142498016,80.2239074707,73963,73973,10
13.0147199631,80.2244110107,73973,73983,10
13.0150299072,80.2246780396,73983,73993,10
13.0152797699,80.2249603271,73993,74013,20
13.0152797699,80.2249603271,74013,74023,10
13.0153999329,80.2250518799,74023,74033,10
13.0156402588,80.2252731323,74033,74043,10
13.0161600113,80.2254714966,74043,74053,10
13.0167398453,80.2253494263,74053,74063,10
13.0174703598,80.2250595093,74063,74074,11
13.0183496475,80.2247009277,74074,74084,10
13.0191202164,80.2244720459,74084,74094,10
13.019780159,80.2246704102,74094,74104,10
13.0203695297,80.2250976563,74104,74114,10
13.020819664,80.2254104614,74114,74124,10
13.0215797424,80.225982666,74124,74154,30
13.0215797424,80.225982666,74154,74164,10
13.0218200684,80.2261810303,74164,74174,10
13.0222597122,80.2265701294,74174,74185,11
13.0229101181,80.2271270752,74185,74195,10
13.0234003067,80.2275772095,74195,74205,10
13.0238103867,80.2279434204,74205,74215,10
13.0241003036,80.2282333374,74215,74225,10
13.0243396759,80.2285919189,74225,74235,10
13.024600029,80.2289581299,74235,74245,10
13.0248498917,80.229309082,74245,74255,10
13.0252103806,80.2297821045,74255,74265,10
13.0256099701,80.2303695679,74265,74275,10
13.0259399414,80.2309188843,74275,74286,11
13.0260000229,80.2313232422,74286,74336,50
13.0260000229,80.2313232422,74336,74346,10
13.0261697769,80.2314910889,74346,74356,10
13.0266599655,80.2312927246,74356,74366,10
13.0273799896,80.2311019897,74366,74376,10
13.028380394,80.2309112549,74376,74397,21
13.028380394,80.2309112549,74397,74407,10
13.0286397934,80.2309188843,74407,74417,10
13.0290699005,80.2308731079,74417,74457,40
13.0290699005,80.2308731079,74457,74467,10
13.0293598175,80.2308807373,74467,74477,10
13.0296201706,80.2308425903,74477,74493,16
13.0301599503,80.2307662964,74493,74505,12
13.0301799774,80.2307662964,74505,74516,11
13.0304403305,80.2307815552,74516,74525,9
13.03083992,80.2307281494,74525,74536,11
13.0312404633,80.2306976318,74536,74547,11
13.0317201614,80.2306594849,74547,74557,10
13.0318698883,80.230682373,74557,74565,8
13.0321397781,80.2306594849,74565,74576,11
13.0326299667,80.2306137085,74576,74588,12
13.0331401825,80.230506897,74588,74597,9
13.0333404541,80.2303466797,74597,74608,11
13.0337600708,80.2302627563,74608,74619,11
13.034529686,80.2303466797,74619,74719,100
13.034910202,80.2302322388,74719,74770,51
13.034910202,80.2302322388,74770,74780,10
13.0347995758,80.2298812866,74780,74830,50
13.0347995758,80.2298812866,74830,74841,11
13.0344600677,80.2298583984,74841,74851,10
13.0342597961,80.2298126221,74851,74891,40
13.0342597961,80.2298126221,74891,74901,10
13.0341701508,80.2301635742,74901,75012,111
13.0341701508,80.2301635742,75012,75022,10
13.0340299606,80.2305603027,75022,75032,10
13.0334701538,80.230506897,75032,75052,20
13.0334701538,80.230506897,75052,75063,11
13.0331602097,80.2305297852,75063,75073,10
13.0328702927,80.2305526733,75073,75083,10
13.0323696136,80.2306137085,75083,75093,10
13.031829834,80.230682373,75093,75103,10
13.0312099457,80.2307434082,75103,75113,10
13.0307998657,80.2307662964,75113,75123,10
13.0306901932,80.2307662964,75123,75133,10
13.030380249,80.230796814,75133,75143,10
13.0297298431,80.2308883667,75143,75164,21
13.0297298431,80.2308883667,75164,75174,10
13.0293502808,80.2309417725,75174,75184,10
13.0287904739,80.2309875488,75184,75194,10
13.0281801224,80.2310333252,75194,75204,10
13.0277004242,80.2311172485,75204,75214,10
13.0276699066,80.2315216064,75214,75224,10
13.0277204514,80.232093811,75224,75234,10
13.0278196335,80.2326431274,75234,75250,16
13.0271596909,80.2329483032,75250,75263,13
13.0266399384,80.2330322266,75263,75273,10
13.0263299942,80.2327575684,75273,75283,10
13.026140213,80.2321777344,75283,75294,11
13.0260095596,80.2316207886,75294,75305,11
13.0258398056,80.2309188843,75305,75316,11
13.0253601074,80.2300567627,75316,75325,9
13.0248699188,80.2294006348,75325,75337,12
13.0240802765,80.2284622192,75337,75357,20
13.0240802765,80.2284622192,75357,75367,10
13.0240497589,80.2284698486,75367,75376,9
13.0238399506,80.2281723022,75376,75388,12
13.0235300064,80.2278518677,75388,75398,10
13.0232801437,80.2276229858,75398,75408,10
13.023059845,80.2273635864,75408,75418,10
13.0228395462,80.2271575928,75418,75428,10
13.022359848,80.2267379761,75428,75438,10
13.0219602585,80.2264022827,75438,75448,10
13.0215101242,80.2260513306,75448,75458,10
13.0209598541,80.2256088257,75458,75468,10
13.0202798843,80.2251205444,75468,75478,10
13.0195503235,80.2246322632,75478,75488,10
13.0187301636,80.224609375,75488,75499,11
13.0178403854,80.2249221802,75499,75509,10
13.0169401169,80.2252807617,75509,75519,10
13.016500473,80.2254714966,75519,75529,10
13.016289711,80.2255477905,75529,75539,10
13.0158395767,80.2257080078,75539,75549,10
13.0152997971,80.2259216309,75549,75559,10
13.0145797729,80.2261962891,75559,75579,20
13.0145797729,80.2261962891,75579,75589,10
13.0143098831,80.2263031006,75589,75610,21
13.0143098831,80.2263031006,75610,75620,10
13.0142002106,80.226348877,75620,75630,10
13.0139198303,80.2264633179,75630,75640,10
13.0132799149,80.2267227173,75640,75650,10
13.0124597549,80.2270202637,75650,75660,10
13.0116300583,80.2273635864,75660,75676,16
13.0101900101,80.2279281616,75676,75688,12
13.0092496872,80.2284088135,75688,75696,8
13.009059906,80.2289199829,75696,75708,12
13.0088195801,80.2300796509,75708,75719,11
13.0086297989,80.231300354,75719,75729,10
13.0083904266,80.2324523926,75729,75739,10
13.0082597733,80.2333984375,75739,75749,10
13.0082197189,80.2336196899,75749,75759,10
13.0081996918,80.2336502075,75759,75769,10
13.0081100464,80.2339019775,75769,75779,10
13.0080604553,80.2341918945,75779,75789,10
13.0079603195,80.2348098755,75789,75799,10
13.0079097748,80.2350082397,75799,75820,21
13.0077800751,80.2355499268,75820,75833,13
13.0076303482,80.2363204956,75833,75843,10
13.0074796677,80.2371368408,75843,75853,10
13.0073099136,80.2380905151,75853,75863,10
13.0071697235,80.238899231,75863,75873,10
13.0069198608,80.2401275635,75873,75893,20
13.0069198608,80.2401275635,75893,75903,10
13.0068998337,80.2402877808,75903,75911,8
13.0068502426,80.2406005859,75911,75923,12
13.0067596436,80.2407913208,75923,75933,10
13.0067596436,80.2409286499,75933,75944,11
13.0066995621,80.2414779663,75944,75954,10
13.0067195892,80.2423629761,75954,75964,10
13.0067100525,80.243057251,75964,75974,10
13.0067100525,80.2435913086,75974,75984,10
13.0066699982,80.2442932129,75984,75994,10
13.0066604614,80.245300293,75994,76003,9
13.0067195892,80.2461624146,76003,76014,11
13.006770134,80.2471389771,76014,76024,10
13.0067396164,80.2480316162,76024,76034,10
13.006770134,80.2489776611,76034,76045,11
13.0068702698,80.249671936,76045,76055,10
13.0068702698,80.2496795654,76055,76065,10
13.0068702698,80.2499237061,76065,76075,10
13.0068397522,80.250289917,76075,76085,10
13.0068101883,80.250869751,76085,76095,10
13.0067796707,80.2515182495,76095,76105,10
13.006649971,80.2521362305,76105,76115,10
13.0065803528,80.2527923584,76115,76125,10
13.0065603256,80.2531204224,76125,76135,10
13.0065498352,80.253692627,76135,76145,10
13.0065603256,80.2544631958,76145,76156,11
13.0065898895,80.2550888062,76156,76166,10
13.0066003799,80.2558364868,76166,76176,10
13.0066003799,80.2565765381,76176,76186,10
13.0066204071,80.2567672729,76186,76196,10
13.006649971,80.2568817139,76196,76206,10
13.0066604614,80.2572021484,76206,76216,10
13.0067501068,80.2576828003,76216,76226,10
13.0071201324,80.2583312988,76226,76236,10
13.0076398849,80.2586898804,76236,76246,10
13.0076999664,80.2587203979,76246,76256,10
13.0078296661,80.2587890625,76256,76267,11
13.0083398819,80.2589797974,76267,76277,10
13.008769989,80.2591018677,76277,76287,10
13.0091600418,80.2591018677,76287,76297,10
13.0099201202,80.2591094971,76297,76307,10
13.0107803345,80.2591171265,76307,76317,10
13.0117301941,80.2591094971,76317,76327,10
13.0128498077,80.259147644,76327,76337,10
13.0139598846,80.2591934204,76337,76347,10
13.0150499344,80.2592391968,76347,76357,10
13.0159502029,80.2594528198,76357,76367,10
13.0163602829,80.2596664429,76367,76378,11
13.0163602829,80.2596817017,76378,76388,10
13.016579628,80.2598724365,76388,76398,10
13.0167398453,80.2599868774,76398,76408,10
13.0171604156,80.2602615356,76408,76418,10
13.0176801682,80.2606277466,76418,76428,10
13.0180501938,80.2609024048,76428,76438,10
13.0185804367,80.2612533569,76438,76448,10
13.0187702179,80.2613983154,76448,76458,10
13.0190200806,80.2616424561,76458,76468,10
13.0193099976,80.2619094849,76468,76478,10
13.0201501846,80.2626876831,76478,76499,21
13.0201501846,80.2626876831,76499,76509,10
13.0205602646,80.262878418,76509,76519,10
13.0211496353,80.2630462646,76519,76529,10
13.0216999054,80.2632522583,76529,76539,10
13.0220603943,80.2633972168,76539,76549,10
13.0224199295,80.2635726929,76549,76559,10
13.0228996277,80.2638397217,76559,76569,10
13.023059845,80.2639312744,76569,76579,10
13.023229599,80.2640380859,76579,76589,10
13.0234899521,80.2641983032,76589,76600,11
13.0239295959,80.2644424438,76600,76610,10
13.0244398117,80.2647705078,76610,76620,10
13.0248498917,80.265083313,76620,76630,10
13.0253000259,80.2653884888,76630,76640,10
13.0261697769,80.2658996582,76640,76660,20
13.0261697769,80.2658996582,76660,76670,10
13.0263204575,80.2656173706,76670,76680,10
13.0263395309,80.2653503418,76680,76690,10
13.0263595581,80.2650604248,76690,76700,10
13.0264797211,80.2641067505,76700,76721,21
13.0264797211,80.2641067505,76721,76731,10
13.0265398026,80.2637023926,76731,76741,10
13.0266799927,80.2634429932,76741,76751,10
13.0272102356,80.2635192871,76751,76761,10
13.027879715,80.2636566162,76761,76771,10
13.0282802582,80.2637786865,76771,76781,10
13.0284204483,80.2638320923,76781,76791,10
13.0288600922,80.2639389038,76791,76801,10
13.0293197632,80.2641067505,76801,76811,10
13.0293102264,80.2643508911,76811,76822,11
13.029299736,80.2649765015,76822,76832,10
13.0292596817,80.2655410767,76832,76842,10
13.0291900635,80.265953064,76842,76852,10
13.0291700363,80.26612854,76852,76862,10
13.0291595459,80.2663497925,76862,76872,10
13.0291900635,80.2665710449,76872,76882,10
13.0295600891,80.2666320801,76882,76892,10
13.0299100876,80.2666702271,76892,76902,10
13.0304098129,80.266746521,76902,76912,10
13.031080246,80.2668991089,76912,76922,10
13.0316095352,80.2670669556,76922,76933,11
13.0321397781,80.2673187256,76933,76943,10
13.0323600769,80.2674331665,76943,76953,10
13.0325803757,80.2675094604,76953,76963,10
13.0328502655,80.2676773071,76963,76973,10
13.0333299637,80.267791748,76973,76983,10
13.0337295532,80.2678833008,76983,77013,30
13.0337295532,80.2678833008,77013,77023,10
13.0339803696,80.2679367065,77023,77034,11
13.0342302322,80.2679977417,77034,77044,10
13.0345602036,80.2680206299,77044,77124,80
13.0345602036,80.2680206299,77124,77134,10
13.0341596603,80.2679977417,77134,77145,11
13.0337896347,80.267906189,77145,77155,10
13.0335197449,80.2678527832,77155,77185,30
13.0332603455,80.2677764893,77185,77215,30
13.0332603455,80.2677764893,77215,77225,10
13.0331001282,80.2677536011,77225,77235,10
13.0329704285,80.2677307129,77235,77245,10
13.0328598022,80.2677307129,77245,77256,11
13.0327100754,80.2677001953,77256,77266,10
13.0326004028,80.2675476074,77266,77276,10
13.0324602127,80.2674865723,77276,77286,10
13.0319299698,80.2671432495,77286,77296,10
13.0314998627,80.2669525146,77296,77306,10
13.0310697556,80.2668228149,77306,77316,10
13.0304803848,80.2666778564,77316,77326,10
13.0300102234,80.2666091919,77326,77336,10
13.0299396515,80.2666091919,77336,77346,10
13.0296401978,80.2666397095,77346,77356,10
13.0293798447,80.2665863037,77356,77373,17
13.0286102295,80.2663574219,77373,77385,12
13.0281000137,80.2662200928,77385,77395,10
13.0275402069,80.2661514282,77395,77405,10
13.0269403458,80.2659835815,77405,77415,10
13.0265398026,80.2659378052,77415,77425,10
13.0261802673,80.2658081055,77425,77435,10
13.0257902145,80.2655715942,77435,77445,10
13.0254001617,80.2653427124,77445,77475,30
13.0254001617,80.2653427124,77475,77486,11
13.0249300003,80.26512146,77486,77495,9
13.0245895386,80.2648773193,77495,77507,12
13.024140358,80.264503479,77507,77517,10
13.023639679,80.264213562,77517,77527,10
13.0230903625,80.2638931274,77527,77537,10
13.0221500397,80.2633972168,77537,77567,30
13.0221500397,80.2633972168,77567,77579,12
13.0216798782,80.2632217407,77579,77589,10
13.0212097168,80.2630996704,77589,77600,11
13.0204896927,80.2630386353,77600,77610,10
13.0199298859,80.2629470825,77610,77620,10
13.0193395615,80.2629013062,77620,77630,10
13.0190200806,80.2626876831,77630,77640,10
13.0188798904,80.2620162964,77640,77650,10
13.0187397003,80.2613830566,77650,77673,23
13.0175504684,80.260597229,77673,77685,12
13.0168304443,80.260093689,77685,77695,10
13.0162200928,80.2597579956,77695,77706,11
13.0160303116,80.2596969604,77706,77716,10
13.0159797668,80.2597198486,77716,77726,10
13.0155496597,80.259552002,77726,77735,9
13.0149297714,80.2594223022,77735,77746,11
13.0140304565,80.2593994141,77746,77756,10
13.0130796432,80.2593688965,77756,77766,10
13.0121498108,80.2593536377,77766,77773,7
13.0115804672,80.2593383789,77773,77787,14
13.0106897354,80.2593383789,77787,77797,10
13.0099401474,80.2593307495,77797,77807,10
13.0093803406,80.2592315674,77807,77818,11
13.0088396072,80.2591705322,77818,77828,10
13.0084199905,80.2591323853,77828,77838,10
13.0079202652,80.2591705322,77838,77848,10
13.0074396133,80.2592773438,77848,77858,10
13.0072002411,80.2587890625,77858,77881,23
13.0071201324,80.2586212158,77881,77893,12
13.0069503784,80.2582397461,77893,77903,10
13.0066995621,80.2578201294,77903,77913,10
13.0064401627,80.2574005127,77913,77924,11
13.0064496994,80.257019043,77924,77935,11
13.0064001083,80.256729126,77935,77945,10
13.0062799454,80.2562026978,77945,77955,10
13.006360054,80.2554702759,77955,77965,10
13.0064401627,80.2548828125,77965,77975,10
13.0064096451,80.2542419434,77975,77985,10
13.0064201355,80.2536468506,77985,77995,10
13.0064601898,80.2532424927,77995,78004,9
13.0065002441,80.2532119751,78004,78015,11
13.0065803528,80.2531204224,78015,78025,10
13.0065402985,80.2529678345,78025,78036,11
13.0065002441,80.252456665,78036,78045,9
13.0065097809,80.252243042,78045,78056,11
13.0065698624,80.2518463135,78056,78067,11
13.0065498352,80.2511367798,78067,78078,11
13.0065603256,80.2503585815,78078,78089,11
13.0065498352,80.2495880127,78089,78100,11
13.0066299438,80.2493972778,78100,78111,11
13.0066604614,80.2491531372,78111,78123,12
13.0066404343,80.2487487793,78123,78133,10
13.0065898895,80.2482528687,78133,78144,11
13.0066099167,80.2481613159,78144,78154,10
13.0066099167,80.2479324341,78154,78164,10
13.0066404343,80.2474365234,78164,78174,10
13.0065803528,80.2468185425,78174,78182,8
13.0065202713,80.2465896606,78182,78194,12
13.0065402985,80.2465209961,78194,78204,10
13.0065402985,80.2460327148,78204,78214,10
13.0065498352,80.2453308105,78214,78224,10
13.0064897537,80.2445678711,78224,78234,10
13.0065698624,80.2442474365,78234,78244,10
13.0065698624,80.2437896729,78244,78255,11
13.0065603256,80.2431716919,78255,78265,10
13.0065498352,80.24243927,78265,78275,10
13.0065402985,80.2417221069,78275,78285,10
13.0065498352,80.2416229248,78285,78295,10
13.0065698624,80.2412719727,78295,78305,10
13.0066204071,80.2406768799,78305,78315,10
13.0066699982,80.2403793335,78315,78325,10
13.0067901611,80.2397232056,78325,78335,10
13.0069303513,80.2389526367,78335,78345,10
13.0071201324,80.2381362915,78345,78355,10
13.0073099136,80.2373275757,78355,78366,11
13.0073699951,80.2368087769,78366,78377,11
13.007399559,80.2367706299,78377,78387,10
13.0074996948,80.2363586426,78387,78397,10
13.0076398849,80.2356796265,78397,78407,10
13.007809639,80.2348937988,78407,78417,10
13.0079898834,80.2340164185,78417,78427,10
13.008190155,80.2330703735,78427,78437,10
13.0084104538,80.2319412231,78437,78447,10
13.0086297989,80.2307434082,78447,78457,10
13.008890152,80.2294692993,78457,78468,11
13.0092000961,80.2281036377,78468,78478,10
13.0096702576,80.2270278931,78478,78488,10
13.0101003647,80.2261123657,78488,78498,10
13.0104503632,80.2253494263,78498,78508,10
13.0107498169,80.2246932983,78508,78518,10
13.0109901428,80.224029541,78518,78528,10
13.0112400055,80.2234420776,78528,78538,10
13.0116100311,80.2225875854,78538,78548,10
13.0117702484,80.2219161987,78548,78558,10
13.0121202469,80.2213821411,78558,78568,10
13.0124797821,80.2217178345,78568,78579,11
13.0130500793,80.2224273682,78579,78589,10
13.0136995316,80.2231521606,78589,78599,10
13.0142402649,80.2237701416,78599,78609,10
13.0147800446,80.2243804932,78609,78619,10
13.015250206,80.2248306274,78619,78629,10
13.0154304504,80.2249298096,78629,78639,10
13.0155496597,80.2249832153,78639,78649,10
13.0160102844,80.2253570557,78649,78659,10
13.0167598724,80.2252731323,78659,78669,10
13.0177001953,80.2248764038,78669,78679,10
13.0185804367,80.2245330811,78679,78691,12
13.0195102692,80.2244415283,78691,78701,10
13.0200996399,80.224822998,78701,78711,10
13.0206899643,80.2252502441,78711,78721,10
13.021229744,80.2256622314,78721,78731,10
13.0219202042,80.2261581421,78731,78751,20
13.0219202042,80.2261581421,78751,78761,10
13.0220899582,80.2263183594,78761,78771,10
13.022600174,80.2267837524,78771,78781,10
13.0232200623,80.2273483276,78781,78791,10
13.0237598419,80.2278366089,78791,78802,11
13.0243196487,80.2284622192,78802,78812,10
13.0246896744,80.2289810181,78812,78822,10
13.0249795914,80.2294082642,78822,78832,10
13.0254001617,80.2299423218,78832,78842,10
13.0257101059,80.2303619385,78842,78852,10
13.0259199142,80.23072052,78852,78862,10
13.0260095596,80.2312164307,78862,78871,9
13.0261096954,80.2313995361,78871,78882,11
13.0265398026,80.231262207,78882,78892,10
13.0274295807,80.231048584,78892,78902,10
13.0282697678,80.2309494019,78902,78912,10
13.028550148,80.2309188843,78912,78923,11
13.0286798477,80.2309417725,78923,78933,10
13.0291595459,80.2308807373,78933,78942,9
13.029540062,80.2308502197,78942,78953,11
13.0301504135,80.230796814,78953,78963,10
13.0307598114,80.2307510376,78963,78973,10
13.0313100815,80.2306976318,78973,78981,8
13.0319004059,80.2306518555,78981,78993,12
13.0327796936,80.2305831909,78993,79004,11
13.033370018,80.230506897,79004,79014,10
13.0336799622,80.2304382324,79014,79025,11
13.0338697433,80.2304000854,79025,79035,10
13.0341596603,80.2304534912,79035,79045,10
13.0344800949,80.2304000854,79045,79055,10
13.0349998474,80.2301101685,79055,79086,31
13.0349998474,80.2301101685,79086,79096,10
13.0351200104,80.2298583984,79096,79106,10
13.0349397659,80.2297973633,79106,79116,10
13.0343999863,80.2296905518,79116,79127,11
13.0342102051,80.2297973633,79127,79137,10
13.0341501236,80.2302017212,79137,79248,111
13.0341501236,80.2302017212,79248,79258,10
13.0341997147,80.2305221558,79258,80266,1008
13.0342998505,80.2304077148,80266,80660,394
13.0340995789,80.2305221558,80660,82971,2311
13.0342998505,80.230506897,82971,83152,181
13.034239769,80.2305908203,83152,83264,112
13.0342798233,80.2304992676,83264,83375,111
