13.0987195969,80.241317749,12,20541,20529
13.0987901688,80.2413635254,20541,20571,30
13.0987901688,80.2413635254,20571,20581,10
13.0989999771,80.2413864136,20581,20591,10
13.0989999771,80.2411804199,20591,20601,10
13.0990104675,80.2409896851,20601,20611,10
13.0990695953,80.2407608032,20611,20622,11
13.0991096497,80.240562439,20622,20632,10
13.0990800858,80.2402267456,20632,20642,10
13.0988397598,80.2401275635,20642,20652,10
13.0986995697,80.2401123047,20652,20662,10
13.0986003876,80.2402420044,20662,20672,10
13.0986003876,80.2403030396,20672,20682,10
13.0986299515,80.2405166626,20682,20692,10
13.0986499786,80.2406997681,20692,20702,10
13.0986499786,80.2408065796,20702,20712,10
13.0986404419,80.2409667969,20712,20723,11
13.0988798141,80.2410736084,20723,20763,40
13.0988798141,80.2410736084,20763,20773,10
13.0989704132,80.2413864136,20773,22045,1272
13.0987596512,80.2416763306,22045,22095,50
13.0987300873,80.2420578003,22095,22126,31
13.0987300873,80.2420578003,22126,22136,10
13.0985803604,80.2422866821,22136,22146,10
13.0983495712,80.2423019409,22146,22247,101
13.0983495712,80.2423019409,22247,22257,10
13.0979700089,80.2422485352,22257,22267,10
13.0978002548,80.2422180176,22267,22277,10
13.0975399017,80.2421798706,22277,22287,10
13.0974197388,80.2421188354,22287,22297,10
13.0974798203,80.2418365479,22297,22307,10
13.0975399017,80.2416229248,22307,22318,11
13.0975999832,80.2412109375,22318,22328,10
13.0976600647,80.2406768799,22328,22338,10
13.097700119,80.2401580811,22338,22348,10
13.0977602005,80.2395401001,22348,22358,10
13.097820282,80.2388381958,22358,22368,10
13.0979404449,80.2381134033,22368,22378,10
13.0980596542,80.2374420166,22378,22388,10
13.0981798172,80.2368164063,22388,22398,10
13.098279953,80.2361831665,22398,22408,10
13.098400116,80.2355194092,22408,22418,10
13.0985202789,80.2347106934,22418,22429,11
13.0986003876,80.2337875366,22429,22439,10
13.0986995697,80.2330703735,22439,22449,10
13.0988302231,80.2324066162,22449,22459,10
13.0990896225,80.2316436768,22459,22475,16
13.0994796753,80.23072052,22475,22487,12
13.0995101929,80.2305831909,22487,22495,8
13.0995903015,80.2303924561,22495,22507,12
13.0997200012,80.2298965454,22507,22517,10
13.099820137,80.2294235229,22517,22527,10
13.0998802185,80.2289199829,22527,22538,11
13.0999803543,80.2283782959,22538,22548,10
13.1000699997,80.2278137207,22548,22558,10
13.1000795364,80.2270507813,22558,22568,10
13.1000299454,80.2263183594,22568,22578,10
13.0999498367,80.2255706787,22578,22588,10
13.0998401642,80.2249526978,22588,22598,10
13.0996904373,80.224357605,22598,22608,10
13.0994501114,80.2238235474,22608,22618,10
13.0992698669,80.2235870361,22618,22628,10
13.0990800858,80.2233428955,22628,22639,11
13.0988998413,80.2230911255,22639,22649,10
13.0987701416,80.2228775024,22649,22659,10
13.0987701416,80.222366333,22659,22669,10
13.0988197327,80.2216491699,22669,22679,10
13.0989398956,80.220916748,22679,22689,10
13.0990695953,80.2201766968,22689,22699,10
13.0991897583,80.2194900513,22699,22709,10
13.0992298126,80.2192382813,22709,22719,10
13.0993204117,80.2187194824,22719,22729,10
13.0994100571,80.2180480957,22729,22740,11
13.0996103287,80.2171020508,22740,22750,10
13.0999298096,80.2162017822,22750,22760,10
13.0999603271,80.2157287598,22760,22770,10
13.100110054,80.2154312134,22770,22780,10
13.1002502441,80.2150802612,22780,22790,10
13.100279808,80.2146835327,22790,22810,20
13.100279808,80.2146835327,22810,22820,10
13.1000299454,80.2144622803,22820,22830,10
13.0997400284,80.2143783569,22830,22840,10
13.0990800858,80.2142028809,22840,22851,11
13.0984697342,80.2141113281,22851,22860,9
13.0982398987,80.2146224976,22860,22871,11
13.0978603363,80.2154998779,22871,22881,10
13.0974597931,80.2164306641,22881,22891,10
13.0973596573,80.2167129517,22891,22901,10
13.0972995758,80.2168884277,22901,22911,10
13.0970697403,80.2174682617,22911,22921,10
13.0967502594,80.2183837891,22921,22931,10
13.0963802338,80.2194595337,22931,22941,10
13.0959997177,80.2205734253,22941,22952,11
13.0956201553,80.2216567993,22952,22962,10
13.0952796936,80.2225875854,22962,22972,10
13.0950403214,80.22315979,22972,22982,10
13.0945596695,80.2238922119,22982,22992,10
13.0939302444,80.2247314453,22992,23002,10
13.0931997299,80.2255630493,23002,23012,10
13.0924797058,80.2262878418,23012,23022,10
13.0917396545,80.2270431519,23022,23032,10
13.0913095474,80.2275238037,23032,23042,10
13.0912799835,80.2275390625,23042,23052,10
13.0910797119,80.2277526855,23052,23063,11
13.0905399323,80.2283096313,23063,23073,10
13.0898504257,80.2290725708,23073,23083,10
13.0892801285,80.2298736572,23083,23093,10
13.0891199112,80.2302017212,23093,23103,10
13.0889797211,80.2305374146,23103,23113,10
13.0888595581,80.2308197021,23113,23123,10
13.0888595581,80.2308273315,23123,23133,10
13.0887699127,80.2310180664,23133,23143,10
13.0885400772,80.2316131592,23143,23153,10
13.0882797241,80.2324905396,23153,23164,11
13.0880002975,80.2337112427,23164,23174,10
13.0878601074,80.2343978882,23174,23184,10
13.0874204636,80.2345428467,23184,23194,10
13.086640358,80.2345123291,23194,23204,10
13.0860500336,80.2344207764,23204,23214,10
13.085940361,80.2343978882,23214,23224,10
13.0855197906,80.2342910767,23224,23234,10
13.0847997665,80.2341003418,23234,23244,10
13.0839195251,80.2339019775,23244,23254,10
13.0831604004,80.2337722778,23254,23264,10
13.0824804306,80.2336425781,23264,23275,11
13.0824098587,80.2336196899,23275,23285,10
13.0820598602,80.233581543,23285,23295,10
13.0813903809,80.233543396,23295,23305,10
13.0805597305,80.2334976196,23305,23315,10
13.0798501968,80.2334671021,23315,23325,10
13.079460144,80.2334823608,23325,23335,10
13.0789403915,80.2334899902,23335,23345,10
13.0782299042,80.2335205078,23345,23355,10
13.0772895813,80.2335968018,23355,23365,10
13.0759296417,80.2338790894,23365,23386,21
13.0759296417,80.2338790894,23386,23396,10
13.0758600235,80.2341003418,23396,23406,10
13.0759401321,80.2344589233,23406,23416,10
13.0760498047,80.2350234985,23416,23426,10
13.076210022,80.2357635498,23426,23436,10
13.0763196945,80.2364196777,23436,23446,10
13.0764503479,80.2370605469,23446,23456,10
13.0764598846,80.2372589111,23456,23466,10
13.0765104294,80.2373504639,23466,23476,10
13.0765800476,80.2375869751,23476,23487,11
13.0766897202,80.2381515503,23487,23497,10
13.0768604279,80.2388916016,23497,23507,10
13.0770397186,80.2396621704,23507,23517,10
13.0771303177,80.2401504517,23517,23527,10
13.0771999359,80.2404632568,23527,23537,10
13.0769901276,80.2406692505,23537,23547,10
13.0763597488,80.2405166626,23547,23557,10
13.0757303238,80.2404937744,23557,23567,10
13.0748300552,80.2405014038,23567,23577,10
13.0740804672,80.2405166626,23577,23588,11
13.0732898712,80.2407531738,23588,23598,10
13.0724601746,80.2410583496,23598,23608,10
13.0715103149,80.2416229248,23608,23618,10
13.0706396103,80.2419204712,23618,23628,10
13.0702495575,80.2420272827,23628,23638,10
13.0701799393,80.2420196533,23638,23648,10
13.0697202682,80.2421264648,23648,23658,10
13.069609642,80.2421569824,23658,23668,10
13.0693798065,80.2422180176,23668,23678,10
13.068860054,80.2424316406,23678,23688,10
13.068110466,80.2426605225,23688,23699,11
13.0672998428,80.242980957,23699,23709,10
13.0665197372,80.2433166504,23709,23719,10
13.0661296844,80.2438201904,23719,23729,10
13.0662403107,80.2446975708,23729,23739,10
13.0664100647,80.2457427979,23739,23749,10
13.0671396255,80.2461700439,23749,23759,10
13.0676002502,80.246383667,23759,23769,10
13.0677995682,80.2465286255,23769,23785,16
13.067899704,80.2469177246,23785,23797,12
13.0678796768,80.247718811,23797,23808,11
13.0673303604,80.2478637695,23808,23818,10
13.0663995743,80.2478179932,23818,23828,10
13.0652799606,80.2477111816,23828,23838,10
13.0641202927,80.2476425171,23838,23848,10
13.0629301071,80.2475814819,23848,23858,10
13.0619001389,80.247543335,23858,23868,10
13.0614004135,80.2470474243,23868,23878,10
13.0617704391,80.2465591431,23878,23888,10
13.0619602203,80.2457580566,23888,23899,11
13.0625,80.2449188232,23899,23908,9
13.0630903244,80.2444381714,23908,23919,11
13.0632200241,80.2442932129,23919,23929,10
13.0634403229,80.243888855,23929,23939,10
13.0632295609,80.2434768677,23939,23949,10
13.0625295639,80.2433395386,23949,23959,10
13.0618000031,80.2431793213,23959,23969,10
13.0608701706,80.2429962158,23969,23979,10
13.0601396561,80.2427368164,23979,23989,10
13.0595197678,80.2425384521,23989,23999,10
13.0589704514,80.2425537109,23999,24009,10
13.0587396622,80.2425765991,24009,24020,11
13.0582399368,80.24269104,24020,24030,10
13.0574197769,80.2427978516,24030,24040,10
13.0570001602,80.2427520752,24040,24062,22
13.055970192,80.2423324585,24062,24074,12
13.0548295975,80.2423477173,24074,24084,10
13.054019928,80.2423095703,24084,24094,10
13.0539197922,80.2422790527,24094,24104,10
13.0537796021,80.2422332764,24104,24114,10
13.0537204742,80.2421875,24114,24125,11
13.0534496307,80.2420272827,24125,24135,10
13.0528202057,80.2417984009,24135,24145,10
13.0522203445,80.2411575317,24145,24155,10
13.0520095825,80.2407989502,24155,24164,9
13.0517997742,80.2407073975,24164,24174,10
13.0513401031,80.2406082153,24174,24185,11
13.0509796143,80.240562439,24185,24195,10
13.0505599976,80.2404708862,24195,24205,10
13.0498504639,80.2403182983,24205,24216,11
13.0491600037,80.2401504517,24216,24227,11
13.0482501984,80.239982605,24227,24237,10
13.0473403931,80.2397689819,24237,24247,10
13.0466003418,80.2396011353,24247,24257,10
13.0462398529,80.2395172119,24257,24267,10
13.0463399887,80.2392120361,24267,24277,10
13.0464601517,80.238571167,24277,24287,10
13.0466499329,80.2376403809,24287,24297,10
13.0468597412,80.2365570068,24297,24307,10
13.0470104218,80.2361221313,24307,24327,20
13.0470104218,80.2361221313,24327,24338,11
13.0470895767,80.2358703613,24338,24348,10
13.0471000671,80.2356567383,24348,24358,10
13.0471200943,80.2354202271,24358,24368,10
13.0472202301,80.2347793579,24368,24378,10
13.0473003387,80.2338562012,24378,24388,10
13.0473499298,80.2331314087,24388,24398,10
13.0471200943,80.2330169678,24398,24408,10
13.0467300415,80.2329406738,24408,24418,10
13.0461196899,80.2328033447,24418,24428,10
13.045419693,80.2326812744,24428,24439,11
13.0452699661,80.2326202393,24439,24449,10
13.0450801849,80.2325592041,24449,24459,10
13.0444898605,80.2324371338,24459,24469,10
13.0436897278,80.2323226929,24469,24479,10
13.0429601669,80.2322769165,24479,24489,10
13.0422096252,80.2322769165,24489,24499,10
13.0413999557,80.232131958,24499,24509,10
13.0403795242,80.2317810059,24509,24519,10
13.0393800735,80.2314910889,24519,24528,9
13.0385198593,80.2312698364,24528,24538,10
13.0375404358,80.2309799194,24538,24550,12
13.0368003845,80.2307662964,24550,24560,10
13.0363397598,80.2306289673,24560,24570,10
13.0356302261,80.2303924561,24570,24580,10
13.0351800919,80.2302627563,24580,24610,30
13.0351800919,80.2302627563,24610,24620,10
13.0350999832,80.2302627563,24620,24630,10
13.0347995758,80.2302780151,24630,24640,10
13.0343904495,80.2303695679,24640,24650,10
13.0339403152,80.2304229736,24650,24661,11
13.0335597992,80.2304382324,24661,24671,10
13.0335197449,80.2304382324,24671,24681,10
13.0330600739,80.23046875,24681,24691,10
13.0322599411,80.2305526733,24691,24701,10
13.0312795639,80.2306289673,24701,24711,10
13.0305099487,80.2306976318,24711,24721,10
13.0299301147,80.230758667,24721,24731,10
13.029800415,80.2307662964,24731,24741,10
13.0295200348,80.2308273315,24741,24751,10
13.0288496017,80.2308807373,24751,24762,11
13.0279598236,80.2309799194,24762,24772,10
13.0276699066,80.2311019897,24772,24782,10
13.0277004242,80.2316131592,24782,24792,10
13.027759552,80.2321395874,24792,24808,16
13.0278596878,80.232711792,24808,24820,12
13.0270996094,80.2329177856,24820,24860,40
13.0270996094,80.2329177856,24860,24871,11
13.0268297195,80.2329177856,24871,24883,12
13.0264101028,80.2327575684,24883,24893,10
13.0262002945,80.232093811,24893,24902,9
13.0260000229,80.2312927246,24902,24913,11
13.0256595612,80.2303466797,24913,24923,10
13.0250501633,80.2294998169,24923,24933,10
13.0245599747,80.2288894653,24933,24943,10
13.0242099762,80.228477478,24943,24953,10
13.0240297318,80.2282791138,24953,24963,10
13.0239896774,80.2282028198,24963,24974,11
13.023850441,80.2280197144,24974,24984,10
13.0234498978,80.2276077271,24984,24994,10
13.0230903625,80.2272567749,24994,25004,10
13.0227003098,80.2268676758,25004,25014,10
13.0221395493,80.226348877,25014,25024,10
13.0214996338,80.2258377075,25024,25034,10
13.0209999084,80.2254486084,25034,25044,10
13.020409584,80.2250595093,25044,25054,10
13.0199203491,80.2247314453,25054,25064,10
13.0193395615,80.2244491577,25064,25074,10
13.0184698105,80.2246170044,25074,25085,11
13.0174503326,80.2250213623,25085,25095,10
13.0166702271,80.2253723145,25095,25111,16
13.0158596039,80.2256469727,25111,25123,12
13.0150299072,80.2259597778,25123,25133,10
13.0146799088,80.2260894775,25133,25143,10
13.0144195557,80.2261962891,25143,25153,10
13.0144100189,80.2261962891,25153,25163,10
13.014169693,80.2263031006,25163,25173,10
13.013589859,80.2265396118,25173,25183,10
13.0127401352,80.2268600464,25183,25194,11
13.0115804672,80.2273178101,25194,25203,9
13.0106697083,80.2276382446,25203,25214,11
13.0099096298,80.2279815674,25214,25224,10
13.0091896057,80.2284927368,25224,25234,10
13.0089502335,80.2295684814,25234,25244,10
13.0087404251,80.2307128906,25244,25254,10
13.0085201263,80.2317886353,25254,25264,10
13.0082998276,80.2329406738,25264,25274,10
13.0082197189,80.2337036133,25274,25283,9
13.0081796646,80.233757019,25283,25295,12
13.0080499649,80.2342376709,25295,25305,10
13.0079097748,80.2350311279,25305,25315,10
13.0076999664,80.2361221313,25315,25325,10
13.0074501038,80.2373428345,25325,25335,10
13.0072097778,80.2386169434,25335,25345,10
13.0069704056,80.2397994995,25345,25355,10
13.0068702698,80.240562439,25355,25365,10
13.006819725,80.2407531738,25365,25375,10
13.0067501068,80.2412414551,25375,25385,10
13.0067300797,80.2421112061,25385,25395,10
13.0066795349,80.2432022095,25395,25406,11
13.0066604614,80.2440795898,25406,25416,10
13.0066604614,80.2449188232,25416,25425,9
13.0066995621,80.2457199097,25425,25434,9
13.0067596436,80.2465896606,25434,25446,12
13.006770134,80.2471466064,25446,25456,10
13.0067396164,80.2474594116,25456,25466,10
13.0067396164,80.2481613159,25466,25476,10
13.0068302155,80.2491607666,25476,25486,10
13.0068702698,80.2496337891,25486,25496,10
13.0068902969,80.2497711182,25496,25507,11
13.0068502426,80.2501068115,25507,25517,10
13.0068397522,80.2508163452,25517,25527,10
13.0067195892,80.251739502,25527,25536,9
13.0065603256,80.2527770996,25536,25547,11
13.0065498352,80.2539825439,25547,25557,10
13.0066099167,80.2549591064,25557,25567,10
13.0065803528,80.2550964355,25567,25577,10
13.0065898895,80.2556610107,25577,25587,10
13.0065898895,80.2565231323,25587,25597,10
13.0066699982,80.2572097778,25597,25628,31
13.0066699982,80.2572097778,25628,25638,10
13.0067396164,80.2573928833,25638,25648,10
13.0062303543,80.2575073242,25648,25658,10
13.0054302216,80.2573165894,25658,25668,10
13.00440979,80.2570571899,25668,25678,10
13.0034198761,80.2568588257,25678,25688,10
13.002579689,80.2566986084,25688,25698,10
13.0017404556,80.2565689087,25698,25708,10
13.0009403229,80.2564620972,25708,25719,11
13.0002002716,80.2563705444,25719,25729,10
13.0001001358,80.2563095093,25729,25739,10
12.9996099472,80.2562637329,25739,25749,10
12.9991397858,80.2561569214,25749,25759,10
12.9987602234,80.2560424805,25759,25769,10
12.9985198975,80.2560119629,25769,25779,10
12.9980401993,80.2559661865,25779,25789,10
12.9975996017,80.2559127808,25789,25799,10
12.9971504211,80.2559280396,25799,25809,10
12.9969100952,80.2563400269,25809,25819,10
12.9968395233,80.2569732666,25819,25830,11
12.9968204498,80.2571563721,25830,25840,10
12.9967298508,80.2577590942,25840,25850,10
12.996629715,80.2587127686,25850,25860,10
12.9965295792,80.2595214844,25860,25870,10
12.9964199066,80.2605895996,25870,25880,10
12.9963197708,80.2615585327,25880,25890,10
12.9963197708,80.2618637085,25890,25900,10
12.9962902069,80.261932373,25900,25910,10
12.9962396622,80.2622909546,25910,25920,10
12.996219635,80.2624206543,25920,25931,11
12.9961500168,80.2630462646,25931,25941,10
12.9961099625,80.263633728,25941,25951,10
12.9960098267,80.2645187378,25951,25961,10
12.9959096909,80.2654724121,25961,25971,10
12.9958200455,80.2662734985,25971,25981,10
12.9957304001,80.2670211792,25981,25991,10
12.9956998825,80.2674789429,25991,26001,10
12.9959201813,80.2676620483,26001,26011,10
12.9962797165,80.2677307129,26011,26021,10
12.996919632,80.2677536011,26021,26031,10
12.9978504181,80.2675018311,26031,26042,11
12.99903965,80.2671813965,26042,26052,10
12.9999704361,80.2668609619,26052,26062,10
13.0001001358,80.2666778564,26062,26078,16
13.0002002716,80.2662811279,26078,26090,12
13.000289917,80.2657318115,26090,26100,10
13.0003204346,80.2656707764,26100,26110,10
13.0003995895,80.2658996582,26110,27826,1716
13.0003995895,80.2658996582,27826,27836,10
13.0003099442,80.2662734985,27836,27857,21
13.0003099442,80.2662734985,27857,27867,10
13.0003004074,80.2666091919,27867,27877,10
12.9999799728,80.2668762207,27877,27887,10
12.9993095398,80.2670288086,27887,27897,10
12.9984903336,80.2672424316,27897,27907,10
12.9974002838,80.267578125,27907,27917,10
12.9965200424,80.2677230835,27917,27927,10
12.9956998825,80.2676391602,27927,27937,10
12.9956798553,80.2674026489,27937,27947,10
12.9956798553,80.2673873901,27947,27958,11
12.995759964,80.2669372559,27958,27968,10
12.9958400726,80.2661895752,27968,27978,10
12.9959602356,80.2651596069,27978,27988,10
12.9960899353,80.2641220093,27988,27998,10
12.9961795807,80.2631988525,27998,28008,10
12.9962396622,80.2627182007,28008,28018,10
12.9962501526,80.2626190186,28018,28028,10
12.9963102341,80.2622909546,28028,28038,10
12.9963598251,80.2618026733,28038,28048,10
12.9964199066,80.2612915039,28048,28059,11
12.9964799881,80.2606201172,28059,28069,10
12.9965496063,80.260017395,28069,28079,10
12.9965896606,80.2594909668,28079,28089,10
12.9966402054,80.2590637207,28089,28099,10
12.9967098236,80.2584228516,28099,28109,10
12.9967803955,80.2576828003,28109,28119,10
12.9968395233,80.257019043,28119,28129,10
12.996919632,80.2562637329,28129,28159,30
12.996919632,80.2562637329,28159,28170,11
12.9969902039,80.2559204102,28170,28180,10
12.9973297119,80.255859375,28180,28190,10
12.9977397919,80.2559127808,28190,28200,10
12.9982500076,80.2559814453,28200,28210,10
12.9987602234,80.2560577393,28210,28230,20
12.9987602234,80.2560577393,28230,28240,10
12.9992198944,80.256149292,28240,28291,51
12.9992198944,80.256149292,28291,28301,10
12.9993495941,80.2561569214,28301,28317,16
13.0003995895,80.256362915,28317,28329,12
13.0010299683,80.2564620972,28329,28339,10
13.0010595322,80.2564697266,28339,28349,10
13.0012598038,80.2565383911,28349,28359,10
13.0016202927,80.2565994263,28359,28369,10
13.0023097992,80.256690979,28369,28379,10
13.0031900406,80.2568511963,28379,28390,11
13.0041999817,80.2570495605,28390,28400,10
13.0050897598,80.257232666,28400,28410,10
13.0059499741,80.2574005127,28410,28420,10
13.0062398911,80.2574386597,28420,28430,10
13.0064897537,80.2574768066,28430,28440,10
13.0065498352,80.2572097778,28440,28450,10
13.006529808,80.2565231323,28450,28460,10
13.0065097809,80.255569458,28460,28470,10
13.0065402985,80.2545166016,28470,28480,10
13.0065202713,80.2535095215,28480,28490,10
13.0065202713,80.2531661987,28490,28501,11
13.0065402985,80.2529983521,28501,28511,10
13.0065498352,80.2524414063,28511,28521,10
13.0067501068,80.2515869141,28521,28531,10
13.0068101883,80.2505264282,28531,28541,10
13.0067796707,80.2493133545,28541,28551,10
13.0067195892,80.2483596802,28551,28561,10
13.0066900253,80.2479019165,28561,28571,10
13.0066900253,80.2474822998,28571,28581,10
13.0066795349,80.2470016479,28581,28591,10
13.0066795349,80.2465896606,28591,28602,11
13.0066699982,80.2462921143,28602,28612,10
13.0066604614,80.2457580566,28612,28622,10
13.0066604614,80.2451934814,28622,28632,10
13.006649971,80.2445831299,28632,28642,10
13.0066404343,80.2439727783,28642,28652,10
13.0066299438,80.2434768677,28652,28662,10
13.0066099167,80.2429504395,28662,28672,10
13.0065803528,80.2423400879,28672,28682,10
13.0065698624,80.2418136597,28682,28692,10
13.0065898895,80.2416229248,28692,28702,10
13.0066204071,80.2412414551,28702,28713,11
13.0066900253,80.2406921387,28713,28723,10
13.0067501068,80.2403182983,28723,28753,30
13.0067501068,80.2403182983,28753,28763,10
13.006770134,80.240272522,28763,28773,10
13.0068597794,80.2398910522,28773,28783,10
13.0069904327,80.2391586304,28783,28793,10
13.0071697235,80.2382507324,28793,28803,10
13.007349968,80.237449646,28803,28813,10
13.0074195862,80.2368774414,28813,28824,11
13.0074300766,80.2368469238,28824,28834,10
13.007519722,80.2365264893,28834,28844,10
13.0076398849,80.2360305786,28844,28854,10
13.0077800751,80.2353515625,28854,28864,10
13.0079402924,80.2345428467,28864,28874,10
13.0081501007,80.2335510254,28874,28883,9
13.0083398819,80.2325668335,28883,28893,10
13.0085496902,80.2314605713,28893,28904,11
13.0087499619,80.2303924561,28904,28914,10
13.0089902878,80.2292633057,28914,28925,11
13.00922966,80.228187561,28925,28935,10
13.0096197128,80.2273025513,28935,28945,10
13.010020256,80.2264328003,28945,28955,10
13.010430336,80.2256774902,28955,28965,10
13.0107603073,80.2249603271,28965,28975,10
13.0110197067,80.2242736816,28975,28985,10
13.0113697052,80.2234191895,28985,29005,20
13.0113697052,80.2234191895,29005,29015,10
13.0114898682,80.2231369019,29015,29025,10
13.0116901398,80.2226409912,29025,29042,17
13.0120296478,80.2217178345,29042,29054,12
13.0123701096,80.2215194702,29054,29064,10
13.0126304626,80.2218780518,29064,29074,10
13.0129995346,80.2223968506,29074,29084,10
13.0135698318,80.2229995728,29084,29094,10
13.0141096115,80.223449707,29094,29104,10
13.014380455,80.223739624,29104,29114,10
13.0146799088,80.2241516113,29114,29124,10
13.0150899887,80.2246398926,29124,29134,10
13.015540123,80.2250213623,29134,29155,21
13.015540123,80.2250213623,29155,29165,10
13.0156602859,80.2251815796,29165,29174,9
13.0159101486,80.2253112793,29174,29185,11
13.0164499283,80.2253570557,29185,29195,10
13.0171804428,80.2250900269,29195,29205,10
13.0179100037,80.2247924805,29205,29215,10
13.0186595917,80.2244873047,29215,29225,10
13.0193996429,80.2243804932,29225,29235,10
13.0198802948,80.224609375,29235,29246,11
13.0204401016,80.2250213623,29246,29256,10
13.0210399628,80.2254562378,29256,29266,10
13.0215702057,80.2258682251,29266,29276,10
13.0219697952,80.2261581421,29276,29286,10
13.0219697952,80.2261734009,29286,29296,10
13.0222702026,80.2264633179,29296,29306,10
13.0228204727,80.2269592285,29306,29316,10
13.0234603882,80.2275619507,29316,29326,10
13.0239896774,80.2280426025,29326,29336,10
13.0244102478,80.2285690308,29336,29346,10
13.0248003006,80.229133606,29346,29357,11
13.0252799988,80.2297363281,29357,29367,10
13.0256500244,80.2302703857,29367,29377,10
13.0258398056,80.2306213379,29377,29387,10
13.0259399414,80.2308883667,29387,29397,10
13.0260095596,80.2312469482,29397,29407,10
13.0263004303,80.231338501,29407,29417,10
13.0269699097,80.2311477661,29417,29427,10
13.027879715,80.2309799194,29427,29437,10
13.0285301208,80.2309036255,29437,29446,9
13.0285396576,80.2309036255,29446,29458,12
13.028840065,80.2308883667,29458,29468,10
13.029419899,80.2308502197,29468,29477,9
13.0298900604,80.230796814,29477,29488,11
13.0305204391,80.2307434082,29488,29498,10
13.0305500031,80.2307434082,29498,29508,10
13.030670166,80.2307281494,29508,29518,10
13.0310602188,80.2306976318,29518,29528,10
13.0314302444,80.230682373,29528,29538,10
13.032119751,80.2306289673,29538,29548,10
13.0330200195,80.2305603027,29548,29558,10
13.0338001251,80.2305221558,29558,29569,11
13.0342798233,80.2304229736,29569,29579,10
13.0344295502,80.2303695679,29579,29619,40
13.0344295502,80.2303695679,29619,29629,10
13.0346603394,80.2303237915,29629,29639,10
13.0347604752,80.2303237915,29639,29649,10
13.0349197388,80.2304077148,29649,29659,10
13.0349397659,80.2305297852,29659,29669,10
13.0349397659,80.2308502197,29669,29680,11
13.0348300934,80.2316207886,29680,29690,10
13.0347003937,80.2325820923,29690,29700,10
13.0346097946,80.2334213257,29700,29710,10
13.0344896317,80.2341918945,29710,29720,10
13.0343999863,80.2348403931,29720,29730,10
13.0343103409,80.2357635498,29730,29740,10
13.0341796875,80.236831665,29740,29750,10
13.0342798233,80.2373962402,29750,29831,81
13.0342798233,80.2373962402,29831,29841,10
13.0343399048,80.2376174927,29841,29851,10
13.0345897675,80.2379379272,29851,29861,10
13.0349998474,80.2385864258,29861,29871,10
13.0354003906,80.2392578125,29871,29881,10
13.0359697342,80.2394332886,29881,29892,11
13.0367202759,80.2395019531,29892,29902,10
13.0375995636,80.2396087646,29902,29912,10
13.0385198593,80.2397079468,29912,29922,10
13.0395002365,80.2398529053,29922,29932,10
13.0402498245,80.2399368286,29932,29942,10
13.0404195786,80.2402496338,29942,29952,10
13.0406703949,80.2405471802,29952,29962,10
13.0410003662,80.2406005859,29962,29972,10
13.0411996841,80.2406234741,29972,29982,10
13.0417699814,80.2406692505,29982,29993,11
13.0427503586,80.2407913208,29993,30003,10
13.0438203812,80.2409362793,30003,30013,10
13.0444002151,80.2406692505,30013,30023,10
13.0448904037,80.2403411865,30023,30063,40
13.0448904037,80.2403411865,30063,30073,10
13.0452604294,80.2400817871,30073,30083,10
13.0458498001,80.2396774292,30083,30093,10
13.0464496613,80.2395477295,30093,30104,11
13.0465297699,80.2395935059,30104,30114,10
13.0466995239,80.2396469116,30114,30124,10
13.0471601486,80.2397384644,30124,30134,10
13.0479402542,80.2399291992,30134,30144,10
13.0489597321,80.2401275635,30144,30154,10
13.0496101379,80.2402801514,30154,30164,10
13.0496196747,80.2402801514,30164,30174,10
13.0497999191,80.2403106689,30174,30190,16
13.050740242,80.2404785156,30190,30202,12
13.0512599945,80.2406082153,30202,30213,11
13.0513601303,80.2406387329,30213,30222,9
13.0519800186,80.2407608032,30222,30233,11
13.0525302887,80.2411575317,30233,30243,10
13.0528898239,80.2417831421,30243,30253,10
13.0541296005,80.2422790527,30253,30273,20
13.0541296005,80.2422790527,30273,30283,10
13.0545597076,80.2423629761,30283,30293,10
13.0552902222,80.2422409058,30293,30304,11
13.0560998917,80.2424316406,30304,30314,10
13.0566797256,80.2426528931,30314,30325,11
13.0571403503,80.2427902222,30325,30335,10
13.0576601028,80.2428207397,30335,30345,10
13.0577697754,80.2428207397,30345,30355,10
13.0581998825,80.2427062988,30355,30365,10
13.0587701797,80.2426223755,30365,30375,10
13.0593395233,80.2425079346,30375,30385,10
13.0600500107,80.2427215576,30385,30395,10
13.0608701706,80.2429962158,30395,30405,10
13.0614299774,80.2431564331,30405,30415,10
13.0619697571,80.2432785034,30415,30426,11
13.0625,80.243347168,30426,30436,10
13.0625095367,80.243347168,30436,30446,10
13.0627803802,80.2433929443,30446,30456,10
13.0633602142,80.2434997559,30456,30466,10
13.0638799667,80.2435073853,30466,30476,10
13.0644197464,80.2434997559,30476,30486,10
13.0650100708,80.2435379028,30486,30496,10
13.0656404495,80.2435836792,30496,30516,20
13.0656404495,80.2435836792,30516,30527,11
13.0658197403,80.2436065674,30527,30537,10
13.0662002563,80.2434921265,30537,30547,10
13.0666599274,80.2433013916,30547,30557,10
13.0672197342,80.243057251,30557,30567,10
13.0679197311,80.2427825928,30567,30577,10
13.0688800812,80.2424926758,30577,30597,20
13.0688800812,80.2424926758,30597,30607,10
13.0690603256,80.2424163818,30607,30617,10
13.0694599152,80.2422485352,30617,30627,10
13.0698699951,80.2421112061,30627,30638,11
13.0699901581,80.2420806885,30638,30648,10
13.0700798035,80.2420578003,30648,30658,10
13.0705404282,80.2419281006,30658,30668,10
13.0713500977,80.2416915894,30668,30678,10
13.0720796585,80.241317749,30678,30688,10
13.0727100372,80.2409286499,30688,30698,10
13.0734195709,80.2406997681,30698,30708,10
13.0742301941,80.2405090332,30708,30718,10
13.0751695633,80.2405014038,30718,30728,10
13.0760803223,80.2405014038,30728,30738,10
13.0767297745,80.2405776978,30738,30749,11
13.0770998001,80.2405395508,30749,30759,10
13.0771198273,80.2402496338,30759,30769,10
13.0770998001,80.2400588989,30769,30785,16
13.0770301819,80.2398071289,30785,30797,12
13.0769395828,80.2393798828,30797,30817,20
13.0769395828,80.2393798828,30817,30826,9
13.0768899918,80.2392883301,30826,30837,11
13.0768404007,80.2390518188,30837,30848,11
13.0767602921,80.2387390137,30848,30859,11
13.076669693,80.2385406494,30859,30869,10
13.0766296387,80.2383575439,30869,30879,10
13.0766000748,80.2381820679,30879,30910,31
13.0766000748,80.2381820679,30910,30920,10
13.0765600204,80.2378921509,30920,30930,10
13.0764398575,80.2374191284,30930,30940,10
13.0764102936,80.2372894287,30940,30950,10
13.0763597488,80.2370376587,30950,30961,11
13.0762395859,80.2364196777,30961,30971,10
13.076210022,80.2361602783,30971,30981,10
13.0761995316,80.2359466553,30981,30991,10
13.0761804581,80.2357406616,30991,31001,10
13.0760803223,80.2352981567,31001,31011,10
13.0759801865,80.2349090576,31011,31021,10
13.0759096146,80.23462677,31021,31031,10
13.0758104324,80.2342071533,31031,31041,10
13.0758895874,80.2338409424,31041,31051,10
13.076089859,80.2337799072,31051,31062,11
13.0763301849,80.2337722778,31062,31072,10
13.0765600204,80.233757019,31072,31082,10
13.076669693,80.233757019,31082,31092,10
13.0771903992,80.2336807251,31092,31102,10
13.0780801773,80.2335891724,31102,31112,10
13.0787696838,80.2335662842,31112,31122,10
13.0791597366,80.233581543,31122,31132,10
13.0795602798,80.2335586548,31132,31142,10
13.0800199509,80.2335205078,31142,31152,10
13.0803003311,80.2335281372,31152,31162,10
13.0805597305,80.2335586548,31162,31173,11
13.0812597275,80.233581543,31173,31183,10
13.0819597244,80.2335586548,31183,31193,10
13.0820302963,80.2331085205,31193,31203,10
13.0822000504,80.2323989868,31203,31213,10
13.0824699402,80.2315368652,31213,31223,10
13.0825595856,80.2313232422,31223,31239,16
13.0826997757,80.2309875488,31239,31251,12
13.0829601288,80.2306594849,31251,31259,8
13.0831203461,80.2308425903,31259,31271,12
13.0831699371,80.231628418,31271,31282,11
13.0832595825,80.2326812744,31282,31292,10
13.0833597183,80.2333221436,31292,31302,10
13.0834197998,80.2334823608,31302,31312,10
13.0834598541,80.2337112427,31312,31322,10
13.0837898254,80.2339172363,31322,31332,10
13.0839395523,80.2339477539,31332,31352,20
13.0839395523,80.2339477539,31352,31362,10
13.0841703415,80.2340011597,31362,31372,10
13.0844402313,80.2340927124,31372,31383,11
13.0852203369,80.2342681885,31383,31393,10
13.0859098434,80.2344436646,31393,31403,10
13.0865802765,80.2345504761,31403,31413,10
13.0873403549,80.234588623,31413,31423,10
13.0879802704,80.2341003418,31423,31433,10
13.0881204605,80.2330703735,31433,31443,10
13.0883798599,80.2319793701,31443,31453,10
13.0886497498,80.2311630249,31453,31463,10
13.0889101028,80.2305603027,31463,31473,10
13.0889396667,80.2304992676,31473,31483,10
13.0890302658,80.2303009033,31483,31494,11
13.0893201828,80.2297592163,31494,31504,10
13.0898799896,80.2290267944,31504,31514,10
13.0906095505,80.2282333374,31514,31524,10
13.0911502838,80.2275924683,31524,31534,10
13.0912399292,80.2275009155,31534,31550,16
13.0914001465,80.2273178101,31550,31562,12
13.0915002823,80.2272033691,31562,31570,8
13.0916996002,80.2269973755,31570,31582,12
13.0921897888,80.2265014648,31582,31592,10
13.0925302505,80.2261428833,31592,31603,11
13.093079567,80.2255783081,31603,31613,10
13.0935001373,80.2251281738,31613,31623,10
13.09375,80.2248687744,31623,31632,9
13.0941295624,80.2243881226,31632,31643,11
13.0946798325,80.2236480713,31643,31652,9
13.0950298309,80.2230987549,31652,31663,11
13.0953197479,80.2223815918,31663,31673,10
13.0956697464,80.2214126587,31673,31683,10
13.0958404541,80.2209014893,31683,31693,10
13.0959796906,80.2205123901,31693,31703,10
13.0961999893,80.2198486328,31703,31714,11
13.096329689,80.2194213867,31714,31754,40
13.096329689,80.2194213867,31754,31764,10
13.0964403152,80.2191085815,31764,31774,10
13.0965099335,80.2189331055,31774,31784,10
13.0966596603,80.2184829712,31784,31794,10
13.0968904495,80.2178268433,31794,31804,10
13.0971097946,80.2171325684,31804,31815,11
13.0971698761,80.2169876099,31815,31825,10
13.097240448,80.2168579102,31825,31835,10
13.0974302292,80.2164077759,31835,31845,10
13.0976696014,80.2158432007,31845,31855,10
13.097990036,80.2150878906,31855,31865,10
13.0984802246,80.2140426636,31865,32016,151
13.0984802246,80.2140426636,32016,32026,10
13.0985097885,80.2140197754,32026,32037,11
13.0988702774,80.2141036987,32037,32047,10
13.0994501114,80.214302063,32047,32057,10
13.0998802185,80.2144165039,32057,32067,10
13.1002197266,80.2145385742,32067,32087,20
13.1002197266,80.2145385742,32087,32097,10
13.1004495621,80.2146377563,32097,32117,20
13.1004495621,80.2146377563,32117,32127,10
13.100520134,80.2146530151,32127,32138,11
13.1004495621,80.2150802612,32138,32148,10
13.1001701355,80.215713501,32148,32158,10
13.1000003815,80.2160568237,32158,32168,10
13.0999202728,80.2158966064,32168,32178,10
13.1000099182,80.2156600952,32178,32188,10
13.1001195908,80.2153701782,32188,32198,10
13.100279808,80.2151031494,32198,32935,737
13.100279808,80.2151031494,32935,32945,10
13.1002502441,80.2148208618,32945,32955,10
13.1002397537,80.21459198,32955,32965,10
13.100110054,80.2144393921,32965,32975,10
13.1000995636,80.2144393921,32975,32985,10
13.0996999741,80.21434021,32985,32996,11
13.0990800858,80.2141723633,32996,33006,10
13.0986604691,80.2139892578,33006,33016,10
13.0984601974,80.2141036987,33016,33026,10
13.0983295441,80.2144165039,33026,33036,10
13.0980501175,80.2150421143,33036,33046,10
13.0977296829,80.2158508301,33046,33056,10
13.0973997116,80.2166595459,33056,33066,10
13.0973596573,80.216758728,33066,33076,10
13.0972604752,80.2170028687,33076,33086,10
13.0970802307,80.2174530029,33086,33096,10
13.096830368,80.218170166,33096,33107,11
13.0965003967,80.2191619873,33107,33116,9
13.096159935,80.2201309204,33116,33127,11
13.0958595276,80.220993042,33127,33137,10
13.0955696106,80.221862793,33137,33147,10
13.0953998566,80.2224121094,33147,33157,10
13.0953798294,80.2224273682,33157,33167,10
13.0952396393,80.2227783203,33167,33177,10
13.0949602127,80.2233810425,33177,33187,10
13.0944404602,80.2241210938,33187,33197,10
13.093870163,80.2248535156,33197,33208,11
13.0933904648,80.2253570557,33208,33218,10
13.0928497314,80.2259216309,33218,33228,10
13.0924196243,80.2263793945,33228,33238,10
13.0918703079,80.2269363403,33238,33248,10
13.0911998749,80.2276306152,33248,33278,30
13.0911998749,80.2276306152,33278,33288,10
13.0910301208,80.2277908325,33288,33298,10
13.090669632,80.2281723022,33298,33308,10
13.0901403427,80.2287521362,33308,33319,11
13.0894699097,80.2295303345,33319,33329,10
13.0891599655,80.2301177979,33329,33339,10
13.0890598297,80.2303619385,33339,33349,10
13.0888299942,80.2308883667,33349,33379,30
13.0888299942,80.2308883667,33379,33389,10
13.0887098312,80.2311935425,33389,33399,10
13.0887002945,80.2312316895,33399,33409,10
13.0885801315,80.2314376831,33409,33419,10
13.0884504318,80.2317428589,33419,33430,11
13.0882797241,80.2323532104,33430,33440,10
13.0881500244,80.2329406738,33440,33450,10
13.0880699158,80.2335891724,33450,33460,10
13.0880203247,80.234161377,33460,33470,10
13.0875797272,80.2344970703,33470,33480,10
13.0870399475,80.2344894409,33480,33490,10
13.0861797333,80.2344207764,33490,33510,20
13.0861797333,80.2344207764,33510,33520,10
13.0858697891,80.2343215942,33520,33530,10
13.0855398178,80.2342376709,33530,33541,11
13.0850896835,80.2341079712,33541,33551,10
13.0847301483,80.2340164185,33551,33561,10
13.0843296051,80.2339172363,33561,33571,10
13.0837402344,80.2338180542,33571,33601,30
13.0837402344,80.2338180542,33601,33611,10
13.0835599899,80.2338409424,33611,33621,10
13.0832901001,80.2338027954,33621,33631,10
13.0829496384,80.233757019,33631,33642,11
13.0824098587,80.2335968018,33642,33672,30
13.0824098587,80.2335968018,33672,33682,10
13.0820398331,80.2334899902,33682,33692,10
13.0814695358,80.2334899902,33692,33702,10
13.0808601379,80.2334976196,33702,33712,10
13.0802097321,80.2335128784,33712,33722,10
13.0796203613,80.2334899902,33722,33742,20
13.0796203613,80.2334899902,33742,33753,11
13.0792598724,80.2334899902,33753,33763,10
13.0788202286,80.2334899902,33763,33773,10
13.0782003403,80.2335662842,33773,33783,10
13.0775203705,80.2336425781,33783,33793,10
13.0769300461,80.2337417603,33793,33803,10
13.0760498047,80.2339401245,33803,33823,20
13.0760498047,80.2339401245,33823,33833,10
13.0758304596,80.2338485718,33833,33843,10
13.0758695602,80.2341079712,33843,33854,11
13.075969696,80.2344818115,33854,33864,10
13.0760602951,80.234916687,33864,33874,10
13.0761804581,80.2355804443,33874,33884,10
13.0762996674,80.2362365723,33884,33894,10
13.0764398575,80.2371826172,33894,33924,30
13.0764398575,80.2371826172,33924,33934,10
13.0765399933,80.2376174927,33934,33944,10
13.0766897202,80.2381973267,33944,33954,10
13.0768404007,80.2388763428,33954,33965,11
13.0769996643,80.239616394,33965,33975,10
13.0771398544,80.2403411865,33975,33985,10
13.0772800446,80.2409820557,33985,33995,10
13.0773696899,80.2414703369,33995,34005,10
13.0775203705,80.2422027588,34005,34015,10
13.0776796341,80.2431030273,34015,34025,10
13.0777797699,80.2439193726,34025,34035,10
13.0777702332,80.2444992065,34035,34045,10
13.0778598785,80.2450714111,34045,34055,10
13.07791996,80.2457504272,34055,34066,11
13.0780000687,80.2463531494,34066,34076,10
13.0781297684,80.246963501,34076,34086,10
13.0783004761,80.247756958,34086,34096,10
13.078499794,80.248626709,34096,34105,9
13.0785799026,80.248840332,34105,34115,10
13.0786399841,80.2489395142,34115,34126,11
13.0786895752,80.2491912842,34126,34136,10
13.0787296295,80.2494277954,34136,34146,10
13.0787496567,80.2496185303,34146,34156,10
13.078789711,80.2501373291,34156,34166,10
13.0785503387,80.2505722046,34166,34177,11
13.0785503387,80.2507400513,34177,34217,40
13.0785503387,80.2507400513,34217,34227,10
13.0786104202,80.2512207031,34227,34237,10
13.0786399841,80.2513809204,34237,34247,10
13.0782804489,80.2516403198,34247,34277,30
13.0782804489,80.2516403198,34277,34288,11
13.0779695511,80.251701355,34288,34328,40
13.0776100159,80.2518234253,34328,34348,20
13.0776100159,80.2518234253,34348,34358,10
13.0773801804,80.2518615723,34358,34368,10
13.0772199631,80.2518920898,34368,34399,31
13.0772199631,80.2518920898,34399,34409,10
13.0768604279,80.2519836426,34409,34419,10
13.0766496658,80.2519989014,34419,34429,10
13.0761804581,80.2520904541,34429,34439,10
13.0755300522,80.2521362305,34439,34449,10
13.0748300552,80.2521972656,34449,34459,10
13.0740804672,80.2522735596,34459,34469,10
13.0733995438,80.2524108887,34469,34479,10
13.0726499557,80.2523269653,34479,34489,10
13.0721502304,80.251701355,34489,34500,11
13.0719995499,80.2508773804,34500,34509,9
13.0718002319,80.2501983643,34509,34520,11
13.0715503693,80.2491989136,34520,34530,10
13.0712995529,80.2481002808,34530,34540,10
13.0709199905,80.2471084595,34540,34550,10
13.0704898834,80.2462005615,34550,34560,10
13.070110321,80.2453918457,34560,34570,10
13.0696697235,80.2442092896,34570,34580,10
13.0693302155,80.2432632446,34580,34601,21
13.0693302155,80.2432632446,34601,34611,10
13.0693101883,80.243057251,34611,34621,10
13.0692501068,80.2426605225,34621,34631,10
13.0691299438,80.2424926758,34631,34641,10
13.0689001083,80.242477417,34641,34651,10
13.0686502457,80.2425231934,34651,34661,10
13.068189621,80.2426605225,34661,34671,10
13.0675401688,80.2429122925,34671,34681,10
13.0670003891,80.2431411743,34681,34691,10
13.0667600632,80.2432632446,34691,34701,10
13.0663900375,80.2434387207,34701,34742,41
13.0663900375,80.2434387207,34742,34752,10
13.0661401749,80.2437362671,34752,34762,10
13.0661401749,80.2439727783,34762,34772,10
13.0661802292,80.2442779541,34772,34782,10
13.0662002563,80.2444992065,34782,34792,10
13.0662202835,80.2447891235,34792,34802,10
13.066280365,80.2451705933,34802,34812,10
13.066450119,80.2457580566,34812,34823,11
13.0671396255,80.2461700439,34823,34833,10
13.0676603317,80.2464294434,34833,34843,10
13.0677604675,80.2464981079,34843,34853,10
13.0677604675,80.2465591431,34853,34864,11
13.0678501129,80.2468032837,34864,34874,10
13.0678396225,80.247467041,34874,34884,10
13.0675296783,80.247833252,34884,34894,10
13.066860199,80.247833252,34894,34904,10
13.0663795471,80.2479019165,34904,34914,10
13.0656604767,80.2478790283,34914,34925,11
13.0645999908,80.2477798462,34925,34935,10
13.0634403229,80.2476577759,34935,34945,10
13.0624198914,80.2476119995,34945,34955,10
13.0616903305,80.2474365234,34955,34965,10
13.0614099503,80.2470321655,34965,34975,10
13.0616998672,80.246711731,34975,34985,10
13.0618600845,80.246307373,34985,34995,10
13.0619697571,80.2456970215,34995,35005,10
13.0621700287,80.2451629639,35005,35015,10
13.0627298355,80.2447967529,35015,35025,10
13.0630998611,80.244392395,35025,35036,11
13.0631303787,80.2443466187,35036,35046,10
13.0633096695,80.2440795898,35046,35062,16
13.063369751,80.2434616089,35062,35074,12
13.0627603531,80.2433395386,35074,35084,10
13.0624799728,80.243309021,35084,35094,10
13.0619096756,80.243270874,35094,35104,10
13.0615100861,80.2432022095,35104,35114,10
13.06112957,80.2430877686,35114,35124,10
13.0604496002,80.2428512573,35124,35134,10
13.059800148,80.2426071167,35134,35145,11
13.059220314,80.2425537109,35145,35155,10
13.0590000153,80.2425613403,35155,35164,9
13.0588197708,80.2425613403,35164,35175,11
13.0585803986,80.2426223755,35175,35185,10
13.0581798553,80.2428207397,35185,35195,10
13.0574398041,80.2428894043,35195,35205,10
13.0565299988,80.2426223755,35205,35215,10
13.055970192,80.2423095703,35215,35225,10
13.0555696487,80.2422409058,35225,35235,10
13.0549001694,80.2423171997,35235,35245,10
13.0542297363,80.2423171997,35245,35255,10
13.053850174,80.2422637939,35255,35266,11
13.0538396835,80.2422485352,35266,35276,10
13.0537700653,80.2421798706,35276,35286,10
13.0535402298,80.2420196533,35286,35296,10
13.0532197952,80.241859436,35296,35336,40
13.0532197952,80.241859436,35336,35346,10
13.0530595779,80.2418212891,35346,35357,11
13.0525999069,80.2416381836,35357,35367,10
13.0522098541,80.2411193848,35367,35377,10
13.0520401001,80.2408370972,35377,35387,10
13.05189991,80.2406997681,35387,35397,10
13.0517301559,80.2406768799,35397,35407,10
13.0514202118,80.2406616211,35407,35417,10
13.0513401031,80.2406387329,35417,35427,10
13.0511198044,80.2405929565,35427,35437,10
13.0509901047,80.240562439,35437,35447,10
13.0508298874,80.2405319214,35447,35457,10
13.0503101349,80.2404022217,35457,35468,11
13.0495996475,80.2402420044,35468,35478,10
13.0489597321,80.2400665283,35478,35488,10
13.0483503342,80.239982605,35488,35498,10
13.0477399826,80.2398529053,35498,35508,10
13.0471496582,80.2397384644,35508,35518,10
13.0464601517,80.2395935059,35518,35528,10
13.0462598801,80.2395324707,35528,35538,10
13.0462598801,80.2392730713,35538,35549,11
13.0464401245,80.2386169434,35549,35559,10
13.046620369,80.23777771,35559,35568,9
13.0467996597,80.2368774414,35568,35580,12
13.0470399857,80.2360610962,35580,35590,10
13.04708004,80.2356796265,35590,35600,10
13.0471096039,80.2354278564,35600,35610,10
13.0471601486,80.2349090576,35610,35620,10
13.0472402573,80.2341384888,35620,35630,10
13.0473299026,80.2332763672,35630,35640,10
13.0471801758,80.2330093384,35640,35650,10
13.04666996,80.2329864502,35650,35660,10
13.0458498001,80.2328033447,35660,35670,10
13.0451602936,80.2326583862,35670,35691,21
13.0451602936,80.2326583862,35691,35701,10
13.044839859,80.2325973511,35701,35711,10
13.0442399979,80.2324981689,35711,35721,10
13.0434904099,80.2323608398,35721,35731,10
13.0427703857,80.2323303223,35731,35741,10
13.0420303345,80.2322998047,35741,35751,10
13.0412101746,80.2321014404,35751,35761,10
13.0402297974,80.2317428589,35761,35770,9
13.0393295288,80.2314910889,35770,35781,11
13.0382404327,80.2312011719,35781,35792,11
13.0371303558,80.2308731079,35792,35802,10
13.0367298126,80.2307662964,35802,35812,10
13.0361795425,80.2306289673,35812,35822,10
13.0355195999,80.230430603,35822,35892,70
13.0355195999,80.230430603,35892,35903,11
13.0354204178,80.2303390503,35903,35913,10
13.0351800919,80.2302780151,35913,35923,10
13.0347099304,80.2303466797,35923,35933,10
13.0342998505,80.23046875,35933,35943,10
13.0334596634,80.23046875,35943,35963,20
13.0334596634,80.23046875,35963,35973,10
13.0333299637,80.23046875,35973,35983,10
13.0328197479,80.2305221558,35983,35993,10
13.0320796967,80.2305908203,35993,36004,11
13.0312995911,80.2306594849,36004,36044,40
13.0312995911,80.2306594849,36044,36054,10
13.0312204361,80.2306518555,36054,36064,10
13.0309801102,80.2306976318,36064,36074,10
13.0307502747,80.2307434082,36074,36084,10
13.0303297043,80.2307662964,36084,36094,10
13.0298404694,80.2308120728,36094,36104,10
13.029800415,80.2308197021,36104,36115,11
13.0293998718,80.2308807373,36115,36125,10
13.0287504196,80.2309494019,36125,36135,10
13.0281400681,80.2310028076,36135,36145,10
13.027759552,80.2310409546,36145,36155,10
13.0277004242,80.2314529419,36155,36226,71
13.0277004242,80.2314529419,36226,36236,10
13.0277099609,80.2316665649,36236,36246,10
13.027759552,80.2321014404,36246,36438,192
13.027759552,80.2321014404,36438,36448,10
13.0277996063,80.232383728,36448,36458,10
13.0278396606,80.2325820923,36458,36468,10
13.0278701782,80.2327194214,36468,36478,10
13.0276203156,80.2328109741,36478,36609,131
13.0276203156,80.2328109741,36609,36619,10
13.0273199081,80.2329177856,36619,36629,10
13.0271396637,80.232963562,36629,36639,10
13.0268802643,80.2329788208,36639,36700,61
13.0268802643,80.2329788208,36700,36710,10
13.026550293,80.2329711914,36710,36720,10
13.0262899399,80.2325592041,36720,36730,10
13.0261697769,80.2320632935,36730,36740,10
13.0260095596,80.2314605713,36740,36750,10
13.0257797241,80.2306900024,36750,36761,11
13.0251598358,80.2296981812,36761,36771,10
13.0248003006,80.2292480469,36771,36781,10
13.0246601105,80.2290496826,36781,36791,10
13.0243597031,80.2286605835,36791,36811,20
13.0243597031,80.2286605835,36811,36821,10
13.0242700577,80.2285003662,36821,36831,10
13.0240097046,80.2282180786,36831,36841,10
13.0240001678,80.2282104492,36841,36851,10
13.0239496231,80.2281570435,36851,36862,11
13.0236196518,80.2277908325,36862,36872,10
13.0232095718,80.2273712158,36872,36882,10
13.0228595734,80.2270431519,36882,36892,10
13.022310257,80.2265701294,36892,36902,10
13.0218000412,80.2261123657,36902,36912,10
13.0212402344,80.2256698608,36912,36922,10
13.0210399628,80.2255172729,36922,36932,10
13.0208997726,80.2253875732,36932,36942,10
13.0205602646,80.225151062,36942,36952,10
13.0199899673,80.2247390747,36952,36962,10
13.0191802979,80.2244033813,36962,36973,11
13.0180797577,80.2247314453,36973,36983,10
13.0172901154,80.2250976563,36983,36999,16
13.0166301727,80.225402832,36999,37011,12
13.0163002014,80.2255020142,37011,37019,8
13.0159702301,80.2256164551,37019,37031,12
13.0154399872,80.2258224487,37031,37041,10
13.0146303177,80.2261505127,37041,37071,30
13.0146303177,80.2261505127,37071,37082,11
13.014380455,80.2262573242,37082,37102,20
13.014380455,80.2262573242,37102,37112,10
13.0142097473,80.2263565063,37112,37122,10
13.0142002106,80.2263565063,37122,37132,10
13.0141201019,80.2263870239,37132,37142,10
13.0138902664,80.2265014648,37142,37152,10
13.0138101578,80.2265319824,37152,37162,10
13.0134897232,80.2265930176,37162,37172,10
13.0129499435,80.2267608643,37172,37182,10
13.0122203827,80.2270202637,37182,37193,11
13.0113096237,80.2274017334,37193,37203,10
13.0104198456,80.2277679443,37203,37213,10
13.0094499588,80.228187561,37213,37223,10
13.0090303421,80.2292022705,37223,37233,10
13.0088100433,80.2303237915,37233,37243,10
13.0086297989,80.2311935425,37243,37252,9
13.0085096359,80.2319335938,37252,37263,11
13.0082998276,80.2329864502,37263,37273,10
13.0081996918,80.2337036133,37273,37283,10
13.008190155,80.2337188721,37283,37294,11
13.0081396103,80.2338409424,37294,37303,9
13.0080499649,80.2342529297,37303,37314,11
13.007900238,80.2350234985,37314,37324,10
13.0076999664,80.2359771729,37324,37334,10
13.0074796677,80.2370910645,37334,37344,10
13.0072898865,80.2381286621,37344,37354,10
13.0071697235,80.2388076782,37354,37374,20
13.0071697235,80.2388076782,37374,37384,10
13.0071201324,80.2390213013,37384,37465,81
13.0071201324,80.2390213013,37465,37475,10
13.0071201324,80.2390899658,37475,37485,10
13.0070400238,80.2394790649,37485,37495,10
13.0068998337,80.2400436401,37495,37505,10
13.0068101883,80.2407608032,37505,37526,21
13.0068101883,80.2407608032,37526,37536,10
13.0067396164,80.2411193848,37536,37546,10
13.0067300797,80.2416915894,37546,37576,30
13.0067300797,80.2416915894,37576,37586,10
13.0067195892,80.2418365479,37586,37596,10
13.0067300797,80.2419967651,37596,37606,10
13.0067300797,80.2420196533,37606,37617,11
13.0067195892,80.2421569824,37617,37627,10
13.0066995621,80.2422485352,37627,37637,10
13.0067195892,80.2426300049,37637,37647,10
13.0067195892,80.2428512573,37647,37657,10
13.0067100525,80.2431488037,37657,37667,10
13.0067100525,80.2433013916,37667,37677,10
13.0066995621,80.243522644,37677,37687,10
13.0066795349,80.2437820435,37687,37697,10
13.0066604614,80.2438430786,37697,37707,10
13.0066604614,80.2442016602,37707,37728,21
13.0066604614,80.2442016602,37728,37738,10
13.0066604614,80.2445526123,37738,37748,10
13.0066604614,80.2448425293,37748,37758,10
13.0066699982,80.2451477051,37758,37768,10
13.0066900253,80.2455062866,37768,37778,10
13.0067396164,80.2461471558,37778,37788,10
13.0067996979,80.2469482422,37788,37798,10
13.0067396164,80.247756958,37798,37808,10
13.0067501068,80.2487030029,37808,37818,10
13.0068397522,80.2492370605,37818,37839,21
13.0068397522,80.2492370605,37839,37849,10
13.0068397522,80.2493515015,37849,37859,10
13.0068397522,80.2495117188,37859,37869,10
13.0068302155,80.250038147,37869,37879,10
13.006819725,80.2508010864,37879,37889,10
13.006770134,80.2515716553,37889,37929,40
13.006770134,80.2515716553,37929,37940,11
13.0066900253,80.2518005371,37940,37950,10
13.0065698624,80.2523269653,37950,37960,10
13.0065202713,80.2530975342,37960,37970,10
13.0065097809,80.2539596558,37970,37980,10
13.0065898895,80.2549591064,37980,38000,20
13.0065898895,80.2549591064,38000,38010,10
13.0065803528,80.2550430298,38010,38020,10
13.0065803528,80.2553863525,38020,38030,10
13.0066003799,80.2560424805,38030,38040,10
13.0066404343,80.2572021484,38040,38091,51
13.0066404343,80.2572021484,38091,38101,10
13.0066099167,80.2572631836,38101,38111,10
13.0065698624,80.2575073242,38111,38121,10
13.0062704086,80.2575683594,38121,38131,10
13.0059404373,80.2574691772,38131,38141,10
13.005610466,80.2574005127,38141,38151,10
13.005279541,80.2572784424,38151,38162,11
13.0047101974,80.2571334839,38162,38172,10
13.0039796829,80.256980896,38172,38182,10
13.0031995773,80.2568283081,38182,38192,10
13.002409935,80.2566986084,38192,38202,10
13.0016202927,80.2565689087,38202,38252,50
13.0016202927,80.2565689087,38252,38262,10
13.0014696121,80.2565078735,38262,38273,11
13.0008602142,80.2564620972,38273,38283,10
13.0002202988,80.2563476563,38283,38293,10
13.0001802444,80.2563400269,38293,38309,16
12.9996700287,80.2562179565,38309,38321,12
12.9988203049,80.2560806274,38321,38329,8
12.9983196259,80.2560119629,38329,38341,12
12.9980201721,80.2559509277,38341,38351,10
12.997879982,80.2559280396,38351,38361,10
12.9975204468,80.2559127808,38361,38371,10
12.9969902039,80.2559585571,38371,38382,11
12.9968795776,80.2565231323,38382,38391,9
12.9968299866,80.2569580078,38391,38402,11
12.9968299866,80.2569732666,38402,38412,10
12.9968204498,80.2570571899,38412,38422,10
12.9967603683,80.2575836182,38422,38431,9
12.9966802597,80.2583084106,38431,38442,11
12.9965696335,80.2592391968,38442,38452,10
12.9964799881,80.2601470947,38452,38462,10
12.9963703156,80.261177063,38462,38472,10
12.9963102341,80.2618179321,38472,38482,10
12.9962301254,80.2624282837,38482,38503,21
12.9962301254,80.2624282837,38503,38513,10
12.9961700439,80.262802124,38513,38523,10
12.9961099625,80.2634811401,38523,38533,10
12.9960203171,80.2643203735,38533,38549,16
12.995880127,80.2657012939,38549,38561,12
12.9957304001,80.2669677734,38561,38569,8
12.9957103729,80.2676086426,38569,38581,12
12.9961500168,80.2677307129,38581,38602,21
12.9961500168,80.2677307129,38602,38612,10
12.9962902069,80.2677993774,38612,38622,10
12.9968299866,80.2677993774,38622,38632,10
12.9975595474,80.2676010132,38632,38642,10
12.9983301163,80.2673492432,38642,38652,10
12.9991397858,80.2671432495,38652,38662,10
13.0000896454,80.2666397095,38662,38693,31
13.0000896454,80.2666397095,38693,38701,8
13.000169754,80.266418457,38701,38714,13
13.0002803802,80.2657165527,38714,38724,10
13.0003404617,80.2656784058,38724,38734,10
13.0003299713,80.2659835815,38734,38744,10
13.0002603531,80.2662506104,38744,38976,232
13.0002603531,80.2662506104,38976,38986,10
13.0002403259,80.2665710449,38986,38996,10
13.0002298355,80.2667312622,38996,39006,10
12.9998197556,80.2669219971,39006,39016,10
12.9990797043,80.2671203613,39016,39027,11
12.9980201721,80.2674102783,39027,39037,10
12.9969997406,80.2677230835,39037,39047,10
12.9960203171,80.2677307129,39047,39057,10
12.9956703186,80.2673721313,39057,39077,20
12.9956703186,80.2673721313,39077,39087,10
12.9957399368,80.2670669556,39087,39097,10
12.9958000183,80.2663803101,39097,39107,10
12.9959096909,80.2653808594,39107,39117,10
12.9960403442,80.2643508911,39117,39127,10
12.9961500168,80.2635726929,39127,39138,11
12.9961996078,80.2629165649,39138,39148,10
12.9962396622,80.2626190186,39148,39158,10
12.9962396622,80.2625427246,39158,39168,10
12.9962997437,80.2621002197,39168,39178,10
12.9963703156,80.2615814209,39178,39188,10
12.9964399338,80.2609405518,39188,39198,10
12.9965000153,80.2604675293,39198,39208,10
12.9965400696,80.260017395,39208,39218,10
12.9965696335,80.2594528198,39218,39228,10
12.9965696335,80.2594299316,39228,39239,11
12.996629715,80.2590408325,39239,39249,10
12.9967002869,80.2582473755,39249,39259,10
12.9968395233,80.2572021484,39259,39269,10
12.9968795776,80.256477356,39269,39279,10
12.9969301224,80.2559890747,39279,39289,10
12.997130394,80.255821228,39289,39299,10
12.9976396561,80.2558822632,39299,39309,10
12.998339653,80.2559509277,39309,39319,10
12.998840332,80.2560424805,39319,39349,30
12.998840332,80.2560424805,39349,39366,17
12.9994497299,80.256187439,39366,39378,12
13.0001096725,80.2563323975,39378,39388,10
13.0009403229,80.256439209,39388,39428,40
13.0009403229,80.256439209,39428,39438,10
13.0012598038,80.2565765381,39438,39448,10
13.0016202927,80.2566375732,39448,39458,10
13.002240181,80.2567214966,39458,39469,11
13.0029602051,80.2568206787,39469,39479,10
13.0038204193,80.2569580078,39479,39499,20
13.0038204193,80.2569580078,39499,39509,10
13.0042200089,80.2570800781,39509,39529,20
13.0042200089,80.2570800781,39529,39539,10
13.0045795441,80.2571334839,39539,39549,10
13.0046901703,80.2571716309,39549,39559,10
13.0051002502,80.257232666,39559,39570,11
13.0053596497,80.2572402954,39570,39580,10
13.0056295395,80.2573394775,39580,39600,20
13.0056295395,80.2573394775,39600,39610,10
13.0059404373,80.2573928833,39610,39620,10
13.0062999725,80.2574234009,39620,39630,10
13.006529808,80.2571563721,39630,39640,10
13.0065002441,80.2565917969,39640,39650,10
13.0065002441,80.2554397583,39650,39660,10
13.0065498352,80.2545623779,39660,39670,10
13.0065202713,80.2532806396,39670,39691,21
13.0065202713,80.2532806396,39691,39701,10
13.0065202713,80.2528991699,39701,39711,10
13.0065202713,80.2528686523,39711,39721,10
13.0065097809,80.2527008057,39721,39731,10
13.0065402985,80.2523117065,39731,39741,10
13.0066900253,80.2516784668,39741,39751,10
13.006770134,80.2511672974,39751,39761,10
13.0067396164,80.249671936,39761,39781,20
13.0067396164,80.249671936,39781,39792,11
13.006770134,80.2495193481,39792,39802,10
13.0067396164,80.2489471436,39802,39812,10
13.0066900253,80.2484817505,39812,39832,20
13.0066900253,80.2483825684,39832,39913,81
13.0066900253,80.2483825684,39913,39923,10
13.006649971,80.248008728,39923,39933,10
13.0066404343,80.2475814819,39933,39943,10
13.0065898895,80.2466125488,39943,39963,20
13.0065898895,80.2466125488,39963,39973,10
13.0066204071,80.2464675903,39973,39983,10
13.0066299438,80.2459793091,39983,39993,10
13.0066099167,80.2455215454,39993,40004,11
13.0066003799,80.245010376,40004,40014,10
13.0066204071,80.244720459,40014,40024,10
13.0066204071,80.2445297241,40024,40034,10
13.0066404343,80.2441711426,40034,40044,10
13.0066404343,80.2437133789,40044,40054,10
13.0066299438,80.2433776855,40054,40064,10
13.0066003799,80.242767334,40064,40074,10
13.0066003799,80.2421188354,40074,40084,10
13.0065803528,80.2415771484,40084,40094,10
13.0065803528,80.2415618896,40094,40104,10
13.0066204071,80.2411880493,40104,40115,11
13.0066604614,80.2407989502,40115,40125,10
13.0066699982,80.2407073975,40125,40135,10
13.0067300797,80.2403488159,40135,40145,10
13.0069198608,80.2397003174,40145,40155,10
13.0070800781,80.2388000488,40155,40165,10
13.0072402954,80.2378921509,40165,40175,10
13.0074195862,80.2370223999,40175,40185,10
13.0074501038,80.2367172241,40185,40195,10
13.0074596405,80.2366867065,40195,40205,10
13.0075902939,80.236289978,40205,40215,10
13.0077199936,80.2356262207,40215,40226,11
13.0077695847,80.2352905273,40226,40236,10
13.0078601837,80.234916687,40236,40246,10
13.0080003738,80.2342529297,40246,40256,10
13.0081796646,80.2333221436,40256,40266,10
13.0084104538,80.232170105,40266,40276,10
13.0086402893,80.2309799194,40276,40286,10
13.0088300705,80.2299880981,40286,40296,10
13.0091199875,80.2285385132,40296,40306,10
13.0095300674,80.2274017334,40306,40316,10
13.0100402832,80.2262802124,40316,40327,11
13.0106201172,80.2250823975,40327,40337,10
13.01101017,80.2242279053,40337,40347,10
13.0112495422,80.223739624,40347,40357,10
13.011300087,80.2236328125,40357,40367,10
13.0114402771,80.2233123779,40367,40377,10
13.0117397308,80.2225723267,40377,40387,10
13.0120897293,80.2216567993,40387,40397,10
13.0124397278,80.2216186523,40397,40407,10
13.0128002167,80.2220993042,40407,40417,10
13.0133695602,80.2227783203,40417,40427,10
13.0139799118,80.223487854,40427,40437,10
13.0146598816,80.2242507935,40437,40448,11
13.0150699615,80.2246170044,40448,40458,10
13.01541996,80.2249069214,40458,40468,10
13.0154304504,80.2249221802,40468,40478,10
13.015709877,80.2251968384,40478,40488,10
13.0162200928,80.2253494263,40488,40498,10
13.0168199539,80.2252120972,40498,40508,10
13.0176296234,80.224899292,40508,40518,10
13.0184202194,80.2245788574,40518,40528,10
13.0191402435,80.2243728638,40528,40539,11
13.019900322,80.2246322632,40539,40549,10
13.0200796127,80.2247467041,40549,40559,10
13.0203504562,80.2249526978,40559,40569,10
13.0207004547,80.2252197266,40569,40579,10
13.0211400986,80.2255325317,40579,40589,10
13.0217504501,80.2259597778,40589,40609,20
13.0217504501,80.2259597778,40609,40619,10
13.0219097137,80.2260818481,40619,40629,10
13.0220003128,80.2261581421,40629,40639,10
13.0221700668,80.2263336182,40639,40649,10
13.0226697922,80.2267837524,40649,40660,11
13.0233201981,80.2274093628,40660,40670,10
13.0239200592,80.2279129028,40670,40680,10
13.0242099762,80.2282028198,40680,40690,10
13.0244503021,80.2285614014,40690,40700,10
13.0247602463,80.2290496826,40700,40710,10
13.0250301361,80.2294235229,40710,40720,10
13.0255002975,80.2300567627,40720,40730,10
13.0258398056,80.2305984497,40730,40750,20
13.0258398056,80.2305984497,40750,40761,11
13.0259199142,80.230758667,40761,40771,10
13.0259799957,80.2310180664,40771,40781,10
13.0260601044,80.231338501,40781,40791,10
13.0265102386,80.2312393188,40791,40801,10
13.0271902084,80.2310562134,40801,40811,10
13.0278701782,80.2309188843,40811,40821,10
13.0282001495,80.2308883667,40821,40831,10
13.0283403397,80.2308807373,40831,40841,10
13.0289001465,80.2308273315,40841,40872,31
13.0289001465,80.2308273315,40872,40882,10
13.0291996002,80.2308120728,40882,40892,10
13.0296401978,80.2307815552,40892,40902,10
13.0301103592,80.2307434082,40902,40912,10
13.0305995941,80.23072052,40912,40922,10
13.0311002731,80.230682373,40922,40932,10
13.0315704346,80.2306213379,40932,40942,10
13.0321102142,80.2305908203,40942,40952,10
13.0326004028,80.2305603027,40952,40962,10
13.0331602097,80.2305297852,40962,40973,11
13.0340995789,80.2304763794,40973,41033,60
13.0340995789,80.2304763794,41033,41043,10
13.0344495773,80.2304382324,41043,41053,10
13.0347204208,80.2304077148,41053,41084,31
13.0347204208,80.2304077148,41084,41094,10
13.0349702835,80.230506897,41094,41104,10
13.034910202,80.2310180664,41104,41114,10
13.0348100662,80.2317199707,41114,41124,10
13.0346803665,80.2325973511,41124,41134,10
13.0346298218,80.2333526611,41134,41144,10
13.0345602036,80.2338790894,41144,41154,10
13.0344295502,80.2346572876,41154,41164,10
13.0342798233,80.2357025146,41164,41174,10
13.0341701508,80.2368011475,41174,41205,31
13.0341701508,80.2368011475,41205,41215,10
13.0341901779,80.2371368408,41215,41225,10
13.0344200134,80.2376174927,41225,41235,10
13.0346097946,80.2379226685,41235,41245,10
13.0349197388,80.2384109497,41245,41255,10
13.0351400375,80.2388076782,41255,41265,10
13.0354299545,80.2392272949,41265,41275,10
13.0358600616,80.2393035889,41275,41285,10
13.0363397598,80.2393417358,41285,41296,11
13.0370903015,80.2394790649,41296,41306,10
13.0376796722,80.2395629883,41306,41316,10
13.0382499695,80.2395935059,41316,41326,10
13.0389204025,80.2396316528,41326,41336,10
13.0397500992,80.2397994995,41336,41356,20
13.0397500992,80.2397994995,41356,41366,10
13.0400896072,80.2398376465,41366,41376,10
13.0403900146,80.2400436401,41376,41386,10
13.0403795242,80.2403793335,41386,41396,10
13.0405902863,80.2404937744,41396,41407,11
13.0409202576,80.2405090332,41407,41417,10
13.0411100388,80.2405319214,41417,41427,10
13.0413999557,80.2405319214,41427,41437,10
13.0420198441,80.2405014038,41437,41448,11
13.0430202484,80.2407073975,41448,41458,10
13.043800354,80.2408828735,41458,41468,10
13.0438804626,80.2409210205,41468,41478,10
13.0440797806,80.2409515381,41478,41488,10
13.0443096161,80.2407684326,41488,41498,10
13.0443601608,80.240737915,41498,41507,9
13.0445804596,80.2405929565,41507,41519,12
13.0451803207,80.2401885986,41519,41529,10
13.045920372,80.2396774292,41529,41538,9
13.0462799072,80.2395172119,41538,41549,11
13.0468301773,80.2396621704,41549,41559,10
13.047419548,80.2397537231,41559,41569,10
13.048119545,80.2398986816,41569,41579,10
13.0488901138,80.2400436401,41579,41589,10
13.0496797562,80.240196228,41589,41599,10
13.0505599976,80.2404022217,41599,41609,10
13.0511198044,80.2405166626,41609,41619,10
13.0512800217,80.2405395508,41619,41630,11
13.0519104004,80.2406082153,41630,41640,10
13.0524902344,80.2411193848,41640,41650,10
13.0527200699,80.2416610718,41650,41660,10
13.0534696579,80.2420120239,41660,41670,10
13.0539398193,80.2422180176,41670,41686,16
13.0541801453,80.2423095703,41686,41698,12
13.0547599792,80.2423171997,41698,41706,8
13.0553503036,80.2422103882,41706,41718,12
13.0562696457,80.2424163818,41718,41728,10
13.056520462,80.2425384521,41728,41739,11
13.0567798615,80.2425689697,41739,41749,10
13.0571603775,80.2427597046,41749,41759,10
13.0576095581,80.2427597046,41759,41769,10
13.0577497482,80.242767334,41769,41779,10
13.0582103729,80.2426834106,41779,41788,9
13.0588102341,80.2425613403,41788,41799,11
13.0590295792,80.2425613403,41799,41809,10
13.0593795776,80.2424926758,41809,41819,10
13.0598897934,80.2425537109,41819,41829,10
13.0605602264,80.2427825928,41829,41839,10
13.0611400604,80.2429733276,41839,41850,11
13.0617799759,80.2430267334,41850,41859,9
13.0623903275,80.2432174683,41859,41870,11
13.0624904633,80.2432632446,41870,41879,9
13.062959671,80.2433624268,41879,41890,11
13.0637598038,80.2434692383,41890,41900,10
13.0644197464,80.2435379028,41900,41910,10
13.0657300949,80.2435379028,41910,41951,41
13.0658998489,80.243598938,41951,41991,40
13.0658998489,80.243598938,41991,42001,10
13.0660600662,80.243522644,42001,42011,10
13.0665998459,80.2433013916,42011,42021,10
13.0672798157,80.2429580688,42021,42031,10
13.067990303,80.2427215576,42031,42041,10
13.0688896179,80.2424697876,42041,42051,10
13.0700597763,80.2420806885,42051,42072,21
13.0700597763,80.2420806885,42072,42082,10
13.0702800751,80.2420578003,42082,42092,10
13.0704498291,80.2419967651,42092,42102,10
13.0709495544,80.2417831421,42102,42112,10
13.0716600418,80.2415084839,42112,42122,10
13.0723199844,80.2411575317,42122,42132,10
13.0729799271,80.2408218384,42132,42142,10
13.0736999512,80.2406082153,42142,42152,10
13.0746097565,80.2405014038,42152,42162,10
13.0755796432,80.2404937744,42162,42173,11
13.0764703751,80.2405166626,42173,42183,10
13.0769996643,80.2405776978,42183,42193,10
13.0771198273,80.2402801514,42193,42203,10
13.0770397186,80.2396087646,42203,42213,10
13.0768404007,80.2388687134,42213,42223,10
13.0766601563,80.2384033203,42223,42263,40
13.0766601563,80.2384033203,42263,42274,11
13.0766401291,80.2380981445,42274,42284,10
13.0765199661,80.2376480103,42284,42294,10
13.0763702393,80.2370605469,42294,42304,10
13.0763397217,80.2369232178,42304,42314,10
13.0763597488,80.2368392944,42314,42324,10
13.0762796402,80.2364273071,42324,42334,10
13.0761604309,80.2356796265,42334,42344,10
13.0759897232,80.234916687,42344,42354,10
13.0758199692,80.2339782715,42354,42364,10
13.0762996674,80.233757019,42364,42374,10
13.0767698288,80.2336883545,42374,42385,11
13.0769701004,80.2336807251,42385,42395,10
13.0776395798,80.2335891724,42395,42404,9
13.0783395767,80.2335510254,42404,42415,11
13.0789499283,80.2335205078,42415,42425,10
13.0796804428,80.2334823608,42425,42435,10
13.0802497864,80.2334823608,42435,42445,10
13.0803604126,80.2335205078,42445,42455,10
13.0809803009,80.2334594727,42455,42465,10
13.0817604065,80.2335205078,42465,42475,10
13.0819797516,80.2332992554,42475,42485,10
13.0821199417,80.2325286865,42485,42496,11
13.0824298859,80.2315216064,42496,42506,10
13.0825395584,80.2313079834,42506,42516,10
13.0827102661,80.2310028076,42516,42526,10
13.0829401016,80.2306900024,42526,42536,10
13.0831298828,80.2310791016,42536,42546,10
13.0831604004,80.2319488525,42546,42556,10
13.0832500458,80.2327575684,42556,42566,10
13.0833702087,80.2333984375,42566,42576,10
13.0834598541,80.2336883545,42576,42586,10
13.0838403702,80.2339096069,42586,42597,11
13.0840301514,80.2339477539,42597,42607,10
13.0844297409,80.2340164185,42607,42617,10
13.0849504471,80.2340927124,42617,42627,10
13.0856800079,80.2343597412,42627,42637,10
13.0860204697,80.2344512939,42637,42647,10
13.0862598419,80.2344818115,42647,42657,10
13.0864801407,80.2345123291,42657,42667,10
13.0870304108,80.2345733643,42667,42677,10
13.0878000259,80.2344589233,42677,42687,10
13.0880098343,80.2336502075,42687,42697,10
13.0882301331,80.2325134277,42697,42708,11
13.0885696411,80.2313766479,42708,42718,10
13.0889101028,80.2305908203,42718,42728,10
13.0889701843,80.2304382324,42728,42738,10
13.0892400742,80.229927063,42738,42748,10
13.0897703171,80.2291412354,42748,42758,10
13.0905799866,80.2282867432,42758,42768,10
13.0912399292,80.2275390625,42768,42778,10
13.0914497375,80.2273178101,42778,42788,10
13.0916595459,80.2271194458,42788,42798,10
13.0921897888,80.2265930176,42798,42808,10
13.0929098129,80.2258377075,42808,42819,11
13.0935897827,80.2250976563,42819,42829,10
13.094039917,80.2245635986,42829,42839,10
13.0946598053,80.2237167358,42839,42849,10
13.0952100754,80.2227325439,42849,42859,10
13.0953102112,80.222366333,42859,42869,10
13.095459938,80.2220611572,42869,42879,10
13.0957202911,80.221282959,42879,42889,10
13.0960702896,80.2203063965,42889,42899,10
13.0963802338,80.2194137573,42899,42909,10
13.0964097977,80.219291687,42909,42919,10
13.0964403152,80.2192001343,42919,42930,11
13.0966501236,80.2186508179,42930,42940,10
13.0968999863,80.2178878784,42940,42950,10
13.0971498489,80.2171936035,42950,42960,10
13.0972099304,80.2170181274,42960,42970,10
13.097319603,80.216758728,42970,42980,10
13.0975704193,80.2161636353,42980,42990,10
13.0979404449,80.2152481079,42990,43000,10
13.0981798172,80.2147598267,43000,43010,10
13.0982904434,80.2145233154,43010,43020,10
13.0984697342,80.2141036987,43020,43031,11
13.0988702774,80.2141036987,43031,43041,10
13.0993204117,80.2142868042,43041,43051,10
13.0997104645,80.2144012451,43051,43061,10
13.0999698639,80.2144699097,43061,43071,10
13.1001996994,80.2145385742,43071,43081,10
13.1002502441,80.2145690918,43081,43091,10
13.1005001068,80.2146682739,43091,43150,59
13.1005001068,80.2146682739,43150,43160,10
13.1005601883,80.2147216797,43160,43169,9
13.1005802155,80.2148971558,43169,43180,11
13.1002397537,80.2155838013,43180,43189,9
13.1000099182,80.2160797119,43189,43200,11
13.0999403,80.2158432007,43200,43209,9
13.100060463,80.2155380249,43209,43220,11
13.1002397537,80.2151184082,43220,43230,10
13.1002502441,80.2147369385,43230,43533,303
13.1002502441,80.2147369385,43533,43543,10
13.1002902985,80.2144317627,43543,44230,687
13.1002902985,80.2144317627,44230,44240,10
13.1000204086,80.2144393921,44240,44250,10
13.0997104645,80.2143478394,44250,44260,10
13.0991096497,80.2141876221,44260,44270,10
13.0985898972,80.2140274048,44270,44280,10
13.0984096527,80.2141494751,44280,44290,10
13.0981798172,80.2146377563,44290,44300,10
13.097820282,80.215423584,44300,44310,10
13.0972700119,80.2167434692,44310,44331,21
13.0972700119,80.2167434692,44331,44341,10
13.0972700119,80.2169036865,44341,44351,10
13.0970401764,80.2172775269,44351,44361,10
13.0967702866,80.2181015015,44361,44371,10
13.0964603424,80.2190475464,44371,44381,10
13.0961904526,80.219871521,44381,44391,10
13.0959701538,80.2205123901,44391,44401,10
13.0956897736,80.2212371826,44401,44411,10
13.0954399109,80.2219314575,44411,44420,9
13.0952301025,80.2225418091,44420,44431,11
13.0947399139,80.223449707,44431,44442,11
13.0941400528,80.2243423462,44442,44452,10
13.0936203003,80.2249526978,44452,44462,10
13.0929899216,80.2256393433,44462,44472,10
13.0924196243,80.2262420654,44472,44482,10
13.0917797089,80.2268676758,44482,44492,10
13.0911903381,80.2275772095,44492,44512,20
13.0911903381,80.2275772095,44512,44522,10
13.0909795761,80.2278823853,44522,44532,10
13.0904598236,80.2283782959,44532,44543,11
13.0897197723,80.2292098999,44543,44553,10
13.0891599655,80.2300186157,44553,44563,10
13.0889997482,80.2303466797,44563,44573,10
13.0887699127,80.2308731079,44573,44583,10
13.088760376,80.2308883667,44583,44593,10
13.0887002945,80.231048584,44593,44603,10
13.0884399414,80.2314910889,44603,44613,10
13.0882101059,80.2323608398,44613,44623,10
13.08796978,80.2334594727,44623,44633,10
13.0878601074,80.2343902588,44633,44643,10
13.0871400833,80.2345581055,44643,44654,11
13.0868196487,80.2345428467,44654,44664,10
13.0865802765,80.2345123291,44664,44674,10
13.0859899521,80.234413147,44674,44684,10
13.0853996277,80.2342605591,44684,44694,10
13.0850296021,80.2341918945,44694,44704,10
13.0847196579,80.2341003418,44704,44714,10
13.0842695236,80.2339935303,44714,44724,10
13.0839500427,80.2339172363,44724,44742,18
13.083820343,80.2339019775,44742,44754,12
13.0834703445,80.23387146,44754,44765,11
13.0824604034,80.2336730957,44765,44795,30
13.0824604034,80.2336730957,44795,44805,10
13.082110405,80.233581543,44805,44815,10
13.0814399719,80.2335510254,44815,44825,10
13.0807104111,80.2334976196,44825,44835,10
13.0796203613,80.2334823608,44835,44855,20
13.0796203613,80.2334823608,44855,44866,11
13.0790596008,80.2335205078,44866,44876,10
13.0784502029,80.2335281372,44876,44886,10
13.0778398514,80.2335510254,44886,44896,10
13.0770702362,80.2336578369,44896,44906,10
13.0762996674,80.233833313,44906,44916,10
13.075920105,80.2341308594,44916,44926,10
13.0760002136,80.2347412109,44926,44935,9
13.0761203766,80.2354202271,44935,44947,12
13.0761995316,80.2358932495,44947,44957,10
13.0761804581,80.2361984253,44957,44966,9
13.0762195587,80.2365722656,44966,45048,82
13.0762195587,80.2365722656,45048,45058,10
13.0763397217,80.2369003296,45058,45068,10
13.0763998032,80.237197876,45068,45078,10
13.0764198303,80.2372283936,45078,45089,11
13.076499939,80.2377319336,45089,45190,101
13.076499939,80.2377319336,45190,45200,10
13.0766496658,80.238067627,45200,45210,10
13.0767202377,80.2384567261,45210,45220,10
13.0768995285,80.2391433716,45220,45230,10
13.0770797729,80.240020752,45230,45240,10
13.0773096085,80.2409591675,45240,45250,10
13.0774202347,80.2416381836,45250,45260,10
13.0776100159,80.242477417,45260,45270,10
13.0777301788,80.2434082031,45270,45280,10
13.077750206,80.2440872192,45280,45290,10
13.0778102875,80.2448120117,45290,45301,11
13.077870369,80.2458190918,45301,45311,10
13.0780496597,80.2468109131,45311,45321,10
13.0782604218,80.2479324341,45321,45331,10
13.0784702301,80.2488174438,45331,45341,10
13.0786104202,80.249382019,45341,45351,10
13.078669548,80.2501983643,45351,45360,9
13.0784502029,80.2507476807,45360,45371,11
13.0785398483,80.2514801025,45371,45381,10
13.0782604218,80.2516174316,45381,45391,10
13.0778903961,80.2517089844,45391,45401,10
13.0770797729,80.2518768311,45401,45412,11
13.0762395859,80.2521362305,45412,45422,10
13.0754499435,80.2521514893,45422,45432,10
13.0748195648,80.2521896362,45432,45442,10
13.0740995407,80.252243042,45442,45452,10
13.0735797882,80.2524032593,45452,45462,10
13.0730695724,80.2523574829,45462,45472,10
13.0727796555,80.2523422241,45472,45482,10
13.0723400116,80.2521362305,45482,45492,10
13.0721502304,80.2514801025,45492,45502,10
13.0719995499,80.2507476807,45502,45512,10
13.0717802048,80.2499237061,45512,45523,11
13.0715198517,80.2487487793,45523,45533,10
13.0712003708,80.2476425171,45533,45543,10
13.0708799362,80.2470397949,45543,45553,10
13.0706100464,80.2464675903,45553,45563,10
13.0702495575,80.2456970215,45563,45573,10
13.0698299408,80.244720459,45573,45583,10
13.069560051,80.2438964844,45583,45593,10
13.0693502426,80.2433624268,45593,45603,10
13.0693397522,80.243347168,45603,45613,10
13.0692796707,80.2433319092,45613,45624,11
13.0691900253,80.2428588867,45624,45634,10
13.068860054,80.2425003052,45634,45644,10
13.0681600571,80.2426834106,45644,45654,10
13.06731987,80.2429504395,45654,45664,10
13.0663795471,80.2433776855,45664,45674,10
13.0661201477,80.2440032959,45674,45684,10
13.0661401749,80.2445983887,45684,45700,16
13.0662002563,80.2449188232,45700,45712,12
13.0662603378,80.2456207275,45712,45721,9
13.0668401718,80.2460784912,45721,45732,11
13.0677995682,80.2465667725,45732,45753,21
13.0677995682,80.2465667725,45753,45761,8
13.0678596497,80.2468566895,45761,45773,12
13.0678596497,80.2475814819,45773,45783,10
13.067609787,80.2478713989,45783,45793,10
13.0669803619,80.2478179932,45793,45802,9
13.0665903091,80.2477798462,45802,45813,11
13.0661001205,80.2477798462,45813,45823,10
13.065369606,80.2477798462,45823,45834,11
13.0645103455,80.2476806641,45834,45845,11
13.063659668,80.2475967407,45845,45855,10
13.0632696152,80.2475967407,45855,45865,10
13.062669754,80.2475891113,45865,45875,10
13.0620803833,80.2475891113,45875,45885,10
13.061630249,80.2474365234,45885,45894,9
13.0613603592,80.2471618652,45894,45905,11
13.0615596771,80.2468414307,45905,45915,10
13.0617599487,80.2465515137,45915,45925,10
13.0619001389,80.2459487915,45925,45935,10
13.0620803833,80.2452011108,45935,45945,10
13.0627098083,80.2447814941,45945,45956,11
13.0630903244,80.2443237305,45956,45966,10
13.0631103516,80.2443084717,45966,45976,10
13.0632801056,80.2440872192,45976,45986,10
13.0634202957,80.2435684204,45986,45996,10
13.0630302429,80.2434463501,45996,46006,10
13.0623998642,80.2433013916,46006,46016,10
13.0618000031,80.2431793213,46016,46026,10
13.0613498688,80.2430877686,46026,46036,10
13.0610599518,80.2430267334,46036,46052,16
13.0601396561,80.24269104,46052,46065,13
13.0595798492,80.2425537109,46065,46085,20
13.0595798492,80.2425537109,46085,46095,10
13.0592603683,80.2424697876,46095,46105,10
13.0590295792,80.2424926758,46105,46115,10
13.0587997437,80.2425231934,46115,46124,9
13.0586795807,80.2425689697,46124,46135,11
13.0582304001,80.2426986694,46135,46145,10
13.0570497513,80.242729187,46145,46186,41
13.0570497513,80.242729187,46186,46196,10
13.0567903519,80.2426528931,46196,46206,10
13.0563097,80.242477417,46206,46216,10
13.056019783,80.2423400879,46216,46226,10
13.0556297302,80.2422714233,46226,46236,10
13.0550098419,80.2423171997,46236,46246,10
13.0547504425,80.2423782349,46246,46256,10
13.054309845,80.2423095703,46256,46266,10
13.0537500381,80.2421798706,46266,46323,57
13.0537500381,80.2421798706,46323,46335,12
13.0526895523,80.2417526245,46335,46346,11
13.0526895523,80.2417526245,46346,46347,1
13.0525798798,80.2416687012,46347,46408,61
13.0517501831,80.2406768799,46408,46418,10
13.0515203476,80.2406082153,46418,46428,10
13.0512399673,80.2405700684,46428,46438,10
13.0508403778,80.2405014038,46438,46448,10
13.050740242,80.2404785156,46448,46458,10
13.0503797531,80.2404022217,46458,46468,10
13.0500297546,80.2403182983,46468,46478,10
13.0499200821,80.2403030396,46478,46489,11
13.0495195389,80.2402114868,46489,46502,13
13.0486001968,80.2400131226,46502,46512,10
13.0478000641,80.2398376465,46512,46522,10
13.0471401215,80.239692688,46522,46532,10
13.0464696884,80.2395629883,46532,46541,9
13.0461902618,80.2393493652,46541,46552,11
13.0463495255,80.238899231,46552,46562,10
13.0465402603,80.2381362915,46562,46570,8
13.0467195511,80.2373199463,46570,46582,12
13.0468902588,80.2364425659,46582,46592,10
13.0470104218,80.236038208,46592,46603,11
13.0470504761,80.2356872559,46603,46613,10
13.0470695496,80.2354736328,46613,46623,10
13.0471601486,80.2348403931,46623,46633,10
13.0472602844,80.2339096069,46633,46643,10
13.0473203659,80.2331771851,46643,46653,10
13.0473403931,80.2330780029,46653,46663,10
13.0471601486,80.2329788208,46663,46672,9
13.046620369,80.2328567505,46672,46683,11
13.0451602936,80.2325820923,46683,46703,20
13.0451602936,80.2325820923,46703,46714,11
13.0448198318,80.2324981689,46714,46724,10
13.0441398621,80.2323608398,46724,46734,10
13.0433397293,80.2322387695,46734,46744,10
13.0426197052,80.2322463989,46744,46754,10
13.0418701172,80.2322311401,46754,46764,10
13.0409698486,80.2320022583,46764,46774,10
13.0398797989,80.2316207886,46774,46784,10
13.0390300751,80.2314224243,46784,46794,10
13.0376901627,80.2310409546,46794,46804,10
13.0368499756,80.230758667,46804,46814,10
13.0365400314,80.230682373,46814,46825,11
13.0357704163,80.230430603,46825,46835,10
13.0353002548,80.2303237915,46835,46915,80
13.0353002548,80.2303237915,46915,46926,11
13.0351104736,80.2301635742,46926,46936,10
13.0346899033,80.2302017212,46936,46946,10
13.0343503952,80.2303237915,46946,46956,10
13.0340299606,80.2304000854,46956,46966,10
13.0340003967,80.2304000854,46966,46976,10
13.0337896347,80.2303924561,46976,46986,10
13.033539772,80.230430603,46986,46996,10
13.0334596634,80.2304382324,46996,47006,10
13.0332298279,80.2304382324,47006,47016,10
13.03262043,80.2304992676,47016,47026,10
13.0319595337,80.2305603027,47026,47037,11
13.0311803818,80.2306518555,47037,47047,10
13.0308504105,80.2306976318,47047,47057,10
13.0307197571,80.2306976318,47057,47067,10
13.0301303864,80.2307434082,47067,47077,10
13.0296201706,80.230796814,47077,47087,10
13.0295600891,80.2308120728,47087,47097,10
13.0291204453,80.2308502197,47097,47107,10
13.0283603668,80.2309112549,47107,47117,10
13.0277204514,80.2309875488,47117,47127,10
13.0276603699,80.2314376831,47127,47137,10
13.0277204514,80.232131958,47137,47148,11
13.027759552,80.2327804565,47148,47158,10
13.027130127,80.2328567505,47158,47168,10
13.0267601013,80.2329406738,47168,47178,10
13.0264196396,80.2328262329,47178,47188,10
13.0261898041,80.2321777344,47188,47198,10
13.0259399414,80.2312164307,47198,47208,10
13.0254602432,80.2301330566,47208,47218,10
13.0248403549,80.2292861938,47218,47228,10
13.0246295929,80.2290420532,47228,47238,10
13.0246095657,80.2290115356,47238,47248,10
13.0243997574,80.2287368774,47248,47259,11
13.0240697861,80.2283782959,47259,47269,10
13.0240602493,80.2283706665,47269,47279,10
13.0239496231,80.2282104492,47279,47289,10
13.0235500336,80.2277374268,47289,47299,10
13.023059845,80.2272415161,47299,47308,9
13.0225200653,80.2267227173,47308,47319,11
13.0218400955,80.2261276245,47319,47329,10
13.021320343,80.225730896,47329,47339,10
13.0206899643,80.2252578735,47339,47349,10
13.0199804306,80.2247772217,47349,47360,11
13.0188503265,80.2244415283,47360,47370,10
13.017829895,80.2248306274,47370,47380,10
13.0170202255,80.2251815796,47380,47389,9
13.0166397095,80.2253494263,47389,47400,11
13.0163803101,80.2254562378,47400,47410,10
13.0158004761,80.2256317139,47410,47420,10
13.014960289,80.2259902954,47420,47439,19
13.014960289,80.2259902954,47439,47450,11
13.0146903992,80.2260971069,47450,47460,10
13.0142602921,80.2262878418,47460,47471,11
13.0141801834,80.2263183594,47471,47481,10
13.0139198303,80.2264099121,47481,47491,10
13.0133304596,80.2266235352,47491,47501,10
13.0124902725,80.2269287109,47501,47511,10
13.0115404129,80.2273330688,47511,47521,10
13.0105600357,80.2277069092,47521,47531,10
13.0096902847,80.2280578613,47531,47541,10
13.0090904236,80.2286224365,47541,47551,10
13.0088996887,80.2296066284,47551,47561,10
13.0086803436,80.2307128906,47561,47572,11
13.0084400177,80.2319030762,47572,47582,10
13.0082502365,80.2329788208,47582,47592,10
13.0081796646,80.2336196899,47592,47601,9
13.0081501007,80.2337112427,47601,47612,11
13.0080499649,80.2340621948,47612,47622,10
13.007900238,80.2348403931,47622,47632,10
13.0077400208,80.2356414795,47632,47642,10
13.0075597763,80.236541748,47642,47652,10
13.007349968,80.2375717163,47652,47662,10
13.0072002411,80.2384109497,47662,47672,10
13.0070400238,80.2392578125,47672,47683,11
13.0068998337,80.2398605347,47683,47733,50
13.0068998337,80.2398605347,47733,47743,10
13.006819725,80.2403488159,47743,47753,10
13.0067796707,80.2405700684,47753,47769,16
13.0067596436,80.2408981323,47769,47781,12
13.0067300797,80.2414703369,47781,47792,11
13.0066900253,80.2424621582,47792,47801,9
13.0066404343,80.2433166504,47801,47812,11
13.0066299438,80.243888855,47812,47822,10
13.0066003799,80.2440185547,47822,47872,50
13.0066003799,80.2440185547,47872,47882,10
13.0066404343,80.2444610596,47882,47892,10
13.0066204071,80.2449035645,47892,47903,11
13.0066404343,80.2455673218,47903,47913,10
13.0066699982,80.2462310791,47913,47923,10
13.0067195892,80.2470092773,47923,47933,10
13.0066795349,80.2479171753,47933,47943,10
13.0067501068,80.2490234375,47943,47953,10
13.006819725,80.2496109009,47953,47963,10
13.0068302155,80.2496109009,47963,47973,10
13.006770134,80.2499389648,47973,47983,10
13.006770134,80.2504806519,47983,47993,10
13.0067596436,80.2505569458,47993,48003,10
13.0067396164,80.2509231567,48003,48014,11
13.0067300797,80.2513275146,48014,48024,10
13.0066204071,80.2518386841,48024,48034,10
13.0065402985,80.2525405884,48034,48044,10
13.0066299438,80.2528991699,48044,48054,10
13.0065603256,80.2533874512,48054,48224,170
13.0065603256,80.2533874512,48224,48234,10
13.0065603256,80.2536087036,48234,48244,10
13.0065498352,80.2537994385,48244,48254,10
13.0065402985,80.2540435791,48254,48264,10
13.0065402985,80.2543029785,48264,48274,10
13.0065097809,80.2546768188,48274,48284,10
13.0065402985,80.2554321289,48284,48294,10
13.0065402985,80.2562866211,48294,48304,10
13.0066299438,80.257270813,48304,48393,89
13.0066299438,80.257270813,48393,48403,10
13.0067300797,80.2574081421,48403,48413,10
13.0069599152,80.2579116821,48413,48423,10
13.0074300766,80.2585830688,48423,48433,10
13.0079097748,80.2588806152,48433,48444,11
13.0078201294,80.259262085,48444,48454,10
13.0074701309,80.2593002319,48454,48464,10
13.0073003769,80.2589416504,48464,48474,10
13.0071697235,80.2585983276,48474,48483,9
13.0069198608,80.2581863403,48483,48494,11
13.0066204071,80.2577209473,48494,48524,30
13.0066204071,80.2577209473,48524,48534,10
13.0065002441,80.2574768066,48534,48544,10
13.006480217,80.2571182251,48544,48555,11
13.006480217,80.2567977905,48555,48565,10
13.0064601898,80.2561798096,48565,48575,10
13.0065002441,80.2552337646,48575,48585,10
13.0065097809,80.2541809082,48585,48595,10
13.0065202713,80.2533874512,48595,48605,10
13.0065002441,80.2531814575,48605,48616,11
13.0065097809,80.2531433105,48616,48627,11
13.0065202713,80.252822876,48627,48647,20
13.0065202713,80.252822876,48647,48658,11
13.0065603256,80.2527084351,48658,48668,10
13.0066604614,80.2518768311,48668,48758,90
13.0066604614,80.2518768311,48758,48769,11
13.0067300797,80.2517623901,48769,48779,10
13.0067796707,80.2513198853,48779,48789,10
13.0067901611,80.2508621216,48789,48799,10
13.0067501068,80.250038147,48799,48809,10
13.0067396164,80.2496185303,48809,48819,10
13.0067396164,80.2494888306,48819,48829,10
13.0067195892,80.2489089966,48829,48839,10
13.0066795349,80.2481994629,48839,48849,10
13.0066795349,80.2478485107,48849,48900,51
13.0066604614,80.2478027344,48900,48920,20
13.0066604614,80.2478027344,48920,48930,10
13.0066604614,80.2475128174,48930,48940,10
13.0066003799,80.2465896606,48940,48960,20
13.0066003799,80.2465896606,48960,48970,10
13.0066604614,80.2463226318,48970,48981,11
13.0066699982,80.2455596924,48981,48991,10
13.0066699982,80.244720459,48991,49001,10
13.006649971,80.244102478,49001,49011,10
13.0066299438,80.2434387207,49011,49021,10
13.0066003799,80.2427520752,49021,49031,10
13.0066003799,80.241859436,49031,49041,10
13.0066404343,80.2409362793,49041,49051,10
13.0067100525,80.2404785156,49051,49061,10
13.0067796707,80.2401428223,49061,49071,10
13.0068998337,80.2395706177,49071,49080,9
13.0069599152,80.2391281128,49080,49092,12
13.0071401596,80.2382125854,49092,49102,10
13.0073204041,80.2374801636,49102,49112,10
13.0074195862,80.2368164063,49112,49132,20
13.0074195862,80.2368164063,49132,49142,10
13.0074195862,80.2368011475,49142,49152,10
13.007519722,80.2364425659,49152,49162,10
13.0076503754,80.2358016968,49162,49172,10
13.0078001022,80.2350006104,49172,49182,10
13.0080003738,80.2340393066,49182,49192,10
13.0082197189,80.2329101563,49192,49203,11
13.008480072,80.2315826416,49203,49213,10
13.0086898804,80.2305221558,49213,49223,10
13.0089998245,80.2291793823,49223,49233,10
13.0092897415,80.2279891968,49233,49243,10
13.0097799301,80.2268981934,49243,49253,10
13.0102901459,80.2258529663,49253,49263,10
13.01060009,80.2252426147,49263,49273,10
13.0106401443,80.2251434326,49273,49283,10
13.0108098984,80.2247314453,49283,49293,10
13.011059761,80.2241287231,49293,49303,10
13.0112895966,80.2235107422,49303,49314,11
13.0115995407,80.2227325439,49314,49324,10
13.0119695663,80.221786499,49324,49334,10
13.0123195648,80.2214889526,49334,49344,10
13.0125598907,80.2219009399,49344,49354,10
13.0130796432,80.2225036621,49354,49364,10
13.0137500763,80.2232284546,49364,49374,10
13.0144195557,80.2239990234,49374,49384,10
13.01541996,80.2249069214,49384,49404,20
13.01541996,80.2249069214,49404,49415,11
13.0153999329,80.224822998,49415,49425,10
13.0156097412,80.2250595093,49425,49435,10
13.0162801743,80.2252578735,49435,49445,10
13.0172100067,80.2249832153,49445,49455,10
13.0183000565,80.224571228,49455,49465,10
13.0197601318,80.2245635986,49465,49491,26
13.0197601318,80.2245635986,49491,49503,12
13.0198297501,80.2246932983,49503,49511,8
13.0201101303,80.2248916626,49511,49523,12
13.0207595825,80.2253494263,49523,49534,11
13.0212802887,80.2257614136,49534,49544,10
13.0219497681,80.2261810303,49544,49572,28
13.0219497681,80.2261810303,49572,49583,11
13.0221395493,80.2263565063,49583,49594,11
13.0226602554,80.2267990112,49594,49604,10
13.0232896805,80.2273712158,49604,49614,10
13.0238704681,80.2279205322,49614,49624,10
13.0242300034,80.2283096313,49624,49635,11
13.0243501663,80.2284317017,49635,49645,10
13.0244703293,80.2286376953,49645,49655,10
13.0247297287,80.229057312,49655,49665,10
13.0250396729,80.2294464111,49665,49675,10
13.0255002975,80.2300567627,49675,49685,10
13.0258998871,80.230758667,49685,49705,20
13.0258998871,80.230758667,49705,49715,10
13.0259399414,80.2309799194,49715,49725,10
13.0260896683,80.231338501,49725,49736,11
13.0266199112,80.2312316895,49736,49746,10
13.0274200439,80.2310180664,49746,49756,10
13.0283098221,80.2309417725,49756,49766,10
13.0291996002,80.2308273315,49766,49776,10
13.0295600891,80.2308197021,49776,49786,10
13.0301599503,80.2307662964,49786,49802,16
13.0307798386,80.2307281494,49802,49814,12
13.0313196182,80.2307128906,49814,49824,10
13.0319595337,80.2306289673,49824,49834,10
13.032790184,80.2305603027,49834,49843,9
13.0335197449,80.2304992676,49843,49855,12
13.0342597961,80.230430603,49855,49925,70
13.0342597961,80.230430603,49925,49935,10
13.034529686,80.2303695679,49935,49945,10
13.034819603,80.2303619385,49945,49956,11
13.0349502563,80.2305374146,49956,49966,10
13.0349397659,80.2308120728,49966,49976,10
13.0348796844,80.2312774658,49976,49986,10
13.0347995758,80.2317428589,49986,49995,9
13.0347604752,80.2319412231,49995,50006,11
13.034740448,80.2322006226,50006,50016,10
13.0346899033,80.2325668335,50016,50026,10
13.0346403122,80.2330169678,50026,50036,10
13.0345697403,80.233543396,50036,50046,10
13.0345001221,80.2339706421,50046,50056,10
13.0344295502,80.2346420288,50056,50067,11
13.0343198776,80.2354736328,50067,50077,10
13.0342197418,80.2362670898,50077,50087,10
13.0342102051,80.2364196777,50087,50097,10
13.0341596603,80.2368392944,50097,50107,10
13.034239769,80.2372131348,50107,50157,50
13.034239769,80.2372131348,50157,50167,10
13.0343599319,80.2375106812,50167,50178,11
13.0344896317,80.2377319336,50178,50188,10
13.0346603394,80.2380371094,50188,50198,10
13.0348901749,80.2383880615,50198,50208,10
13.0351200104,80.2387237549,50208,50218,10
13.0354404449,80.2391662598,50218,50228,10
13.0356798172,80.2393417358,50228,50238,10
13.03606987,80.2394180298,50238,50248,10
13.0367097855,80.2395095825,50248,50258,10
13.0371904373,80.2395782471,50258,50268,10
13.0379400253,80.2396316528,50268,50279,11
13.0386400223,80.2397384644,50279,50289,10
13.0388898849,80.2397766113,50289,50299,10
13.0392303467,80.2398300171,50299,50309,10
13.0395202637,80.2398681641,50309,50319,10
13.0398902893,80.2398910522,50319,50329,10
13.0401296616,80.2399215698,50329,50339,10
13.0403404236,80.2399673462,50339,50349,10
13.0403699875,80.2403488159,50349,50359,10
13.0406799316,80.2405395508,50359,50369,10
13.0408401489,80.240562439,50369,50379,10
13.0409202576,80.2405776978,50379,50390,11
13.0413303375,80.2406463623,50390,50400,10
13.041970253,80.2407073975,50400,50410,10
13.0427999496,80.240852356,50410,50420,10
13.0437602997,80.2409667969,50420,50430,10
13.0442695618,80.2407608032,50430,50440,10
13.0446195602,80.2405319214,50440,50470,30
13.0446195602,80.2405319214,50470,50480,10
13.044839859,80.2403869629,50480,50490,10
13.0452899933,80.2400970459,50490,50501,11
13.0456895828,80.2398300171,50501,50511,10
13.0459003448,80.2396774292,50511,50527,16
13.0464601517,80.2396011353,50527,50539,12
13.046500206,80.2396316528,50539,50549,10
13.0468902588,80.239730835,50549,50559,10
13.0474004745,80.2398529053,50559,50568,9
13.04804039,80.239982605,50568,50579,11
13.0487499237,80.2401199341,50579,50589,10
13.0493898392,80.240196228,50589,50599,10
13.0496797562,80.2402801514,50599,50610,11
13.0501403809,80.2403717041,50610,50620,10
13.0506000519,80.2404403687,50620,50631,11
13.0510396957,80.2405319214,50631,50641,10
13.051150322,80.2405776978,50641,50651,10
13.0515403748,80.2406387329,50651,50661,10
13.0522203445,80.2407989502,50661,50671,10
13.0525102615,80.2411117554,50671,50681,10
13.0526695251,80.2416381836,50681,50691,10
13.0533800125,80.2419815063,50691,50701,10
13.0539102554,80.2422103882,50701,50742,41
13.0539102554,80.2422103882,50742,50752,10
13.0543899536,80.2423629761,50752,50762,10
13.0550098419,80.2423019409,50762,50772,10
13.0557403564,80.2422790527,50772,50782,10
13.0563802719,80.2425765991,50782,50792,10
13.0567502975,80.2426376343,50792,50802,10
13.0567703247,80.2426223755,50802,50812,10
13.0568704605,80.2425918579,50812,50823,11
13.0569000244,80.2425994873,50823,50833,10
13.0571098328,80.2427520752,50833,50843,10
13.0577001572,80.2427902222,50843,50853,10
13.0585098267,80.2426605225,50853,50863,10
13.0593299866,80.2425613403,50863,50873,10
13.0597600937,80.2427062988,50873,50883,10
13.0601797104,80.2428207397,50883,50893,10
13.0606603622,80.2429428101,50893,50903,10
13.0610904694,80.2430877686,50903,50913,10
13.0612001419,80.2431335449,50913,50923,10
13.0614995956,80.2432403564,50923,50934,11
13.0624399185,80.2433624268,50934,50954,20
13.0624399185,80.2433624268,50954,50964,10
13.0626001358,80.2433624268,50964,50974,10
13.063079834,80.2434692383,50974,50984,10
13.0636100769,80.243522644,50984,50994,10
13.0639200211,80.243522644,50994,51004,10
13.064330101,80.243560791,51004,51014,10
13.0649995804,80.2435531616,51014,51024,10
13.0655403137,80.243560791,51024,51065,41
13.0655403137,80.243560791,51065,51075,10
13.0657596588,80.2435913086,51075,51085,10
13.0661897659,80.2434768677,51085,51095,10
13.0666999817,80.2432785034,51095,51105,10
13.0673103333,80.243019104,51105,51115,10
13.068110466,80.242729187,51115,51125,10
13.069029808,80.2424163818,51125,51135,10
13.0699901581,80.2421188354,51135,51155,20
13.0699901581,80.2421188354,51155,51166,11
13.0702600479,80.2420272827,51166,51175,9
13.0708198547,80.241859436,51175,51186,11
13.0715999603,80.2415390015,51186,51196,10
13.0724000931,80.2410736084,51196,51206,10
13.0730400085,80.2407913208,51206,51216,10
13.0734596252,80.2406768799,51216,51226,10
13.0738897324,80.2405471802,51226,51236,10
13.0746603012,80.2404937744,51236,51247,11
13.0757398605,80.2404785156,51247,51257,10
13.0766401291,80.2405471802,51257,51267,10
13.0769901276,80.2406082153,51267,51277,10
13.0770998001,80.2403488159,51277,51287,10
13.0770101547,80.2396774292,51287,51297,10
13.076789856,80.2388305664,51297,51307,10
13.0766096115,80.2381591797,51307,51317,10
13.0764904022,80.2376937866,51317,51327,10
13.0763301849,80.2369689941,51327,51355,28
13.0763301849,80.2369689941,51355,51366,11
13.0762395859,80.236541748,51366,51376,10
13.0761699677,80.2358932495,51376,51386,10
13.0760097504,80.2351074219,51386,51396,10
13.0758399963,80.2344284058,51396,51406,10
13.0757598877,80.2341384888,51406,51426,20
13.0757598877,80.2341384888,51426,51436,10
13.0758199692,80.2339401245,51436,51446,10
13.0760002136,80.2337493896,51446,51456,10
13.0763998032,80.2337188721,51456,51467,11
13.0769395828,80.2336807251,51467,51477,10
13.0774803162,80.2336196899,51477,51487,10
13.0778398514,80.2335968018,51487,51497,10
13.0784397125,80.233581543,51497,51507,10
13.0792598724,80.2335586548,51507,51517,10
13.0798196793,80.2335510254,51517,51527,10
13.080329895,80.2335510254,51527,51547,20
13.080329895,80.2335510254,51547,51557,10
13.080789566,80.233581543,51557,51567,10
13.0818004608,80.2336578369,51567,51588,21
13.0818004608,80.2336578369,51588,51598,10
13.0819997787,80.2331390381,51598,51608,10
13.082159996,80.232460022,51608,51618,10
13.0823698044,80.2318191528,51618,51628,10
13.0825595856,80.2313079834,51628,51638,10
13.0827798843,80.2308120728,51638,51648,10
13.0831003189,80.2308807373,51648,51658,10
13.0831604004,80.231552124,51658,51668,10
13.0832300186,80.2324905396,51668,51679,11
13.0834503174,80.2335891724,51679,51689,10
13.0840902328,80.2339782715,51689,51708,19
13.0840902328,80.2339782715,51708,51719,11
13.0841598511,80.2339782715,51719,51729,10
13.0845899582,80.2341003418,51729,51739,10
13.0851898193,80.2342376709,51739,51749,10
13.0855503082,80.2343063354,51749,51759,10
13.0861902237,80.2344589233,51759,51769,10
13.0867795944,80.2345504761,51769,51779,10
13.0874595642,80.2345809937,51779,51790,11
13.0879402161,80.2340621948,51790,51800,10
13.0880403519,80.2332763672,51800,51810,10
13.088259697,80.2323074341,51810,51820,10
13.088549614,80.231300354,51820,51830,10
13.0888395309,80.2305984497,51830,51850,20
13.0888395309,80.2305984497,51850,51860,10
13.0890102386,80.2302932739,51860,51870,10
13.08934021,80.2296829224,51870,51880,10
13.0899000168,80.2289581299,51880,51890,10
13.0906600952,80.2281570435,51890,51901,11
13.091460228,80.2272567749,51901,51929,28
13.091460228,80.2272567749,51929,51939,10
13.0915803909,80.227142334,51939,51949,10
13.0920095444,80.2266998291,51949,51958,9
13.0926198959,80.2260894775,51958,51969,11
13.0934400558,80.2252578735,51969,51979,10
13.0939798355,80.2246322632,51979,51989,10
13.0946102142,80.2237701416,51989,51999,10
13.0951700211,80.2227935791,51999,52010,11
13.0953302383,80.2223510742,52010,52020,10
13.0953397751,80.2223129272,52020,52029,9
13.0954799652,80.2219696045,52029,52040,11
13.0957603455,80.2212219238,52040,52050,10
13.0960798264,80.2202606201,52050,52060,10
13.0963897705,80.2192306519,52060,52080,20
13.0963897705,80.2192306519,52080,52090,10
13.0964698792,80.2190628052,52090,52100,10
13.096619606,80.2187194824,52100,52111,11
13.0968599319,80.217956543,52111,52121,10
13.0971403122,80.2171478271,52121,52131,10
13.0971899033,80.2170410156,52131,52141,10
13.097319603,80.2167816162,52141,52151,10
13.0975799561,80.2161331177,52151,52161,10
13.0979604721,80.2152404785,52161,52171,10
13.0983200073,80.2144088745,52171,52181,10
13.0983600616,80.2143173218,52181,52191,10
13.0984096527,80.2142181396,52191,52201,10
13.0986404419,80.2139663696,52201,52211,10
13.0991296768,80.2142181396,52211,52222,11
13.0998001099,80.2144165039,52222,52232,10
13.1001796722,80.2145080566,52232,52333,101
13.1001796722,80.2145080566,52333,52343,10
13.1003103256,80.2145690918,52343,52363,20
13.1003103256,80.2145690918,52363,52373,10
13.1005601883,80.2146911621,52373,52383,10
13.1004400253,80.2150878906,52383,52393,10
13.1001501083,80.2157287598,52393,52403,10
13.1000299454,80.2160186768,52403,52413,10
13.0999002457,80.2158813477,52413,52423,10
13.1000204086,80.2155990601,52423,52434,11
13.1001901627,80.2152481079,52434,52444,10
13.1003303528,80.2148284912,52444,52908,464
13.1003303528,80.2148284912,52908,52918,10
13.100230217,80.2145767212,52918,52928,10
13.100060463,80.2144622803,52928,52938,10
13.0998601913,80.2144088745,52938,52948,10
13.0996904373,80.2143783569,52948,52958,10
13.0993003845,80.2142562866,52958,52968,10
13.0988502502,80.2141189575,52968,52979,11
13.0987596512,80.2140808105,52979,52989,10
13.0986204147,80.2139968872,52989,52999,10
13.0983600616,80.2142791748,52999,53009,10
13.0980501175,80.2149581909,53009,53019,10
13.0976896286,80.2157897949,53019,53029,10
13.0973596573,80.2166213989,53029,53049,20
13.0973596573,80.2166213989,53049,53059,10
13.097240448,80.2169494629,53059,53069,10
13.0970201492,80.2175827026,53069,53079,10
13.096739769,80.2183609009,53079,53090,11
13.0963897705,80.2193603516,53090,53106,16
13.0958795547,80.2207717896,53106,53118,12
13.0956602097,80.2214889526,53118,53128,10
13.0954704285,80.2220230103,53128,53138,10
13.0953502655,80.2223587036,53138,53148,10
13.0952596664,80.2226028442,53148,53158,10
13.0949602127,80.2232589722,53158,53168,10
13.0944900513,80.2240219116,53168,53178,10
13.0939102173,80.2247619629,53178,53188,10
13.0932302475,80.2254714966,53188,53199,11
13.0924301147,80.2262878418,53199,53209,10
13.0917396545,80.2269821167,53209,53218,9
13.0912704468,80.2274780273,53218,53229,11
13.0911798477,80.2276000977,53229,53239,10
13.0910196304,80.2277908325,53239,53248,9
13.090669632,80.2281494141,53248,53259,11
13.0901403427,80.2287216187,53259,53269,10
13.0894203186,80.2295837402,53269,53279,10
13.0891199112,80.230178833,53279,53289,10
13.0888004303,80.2309036255,53289,53310,21
13.0888004303,80.2309036255,53310,53320,10
13.0886802673,80.231086731,53320,53330,10
13.0884895325,80.2315292358,53330,53340,10
13.0883102417,80.2322006226,53340,53350,10
13.0880804062,80.233039856,53350,53366,16
13.0878200531,80.2344512939,53366,53378,12
13.0868902206,80.2345275879,53378,53386,8
13.0863399506,80.2344589233,53386,53398,12
13.0860996246,80.2343978882,53398,53408,10
13.0858097076,80.2343063354,53408,53419,11
13.0852203369,80.2341995239,53419,53428,9
13.0845804214,80.2340393066,53428,53438,10
13.0839195251,80.2339096069,53438,53449,11
13.0838003159,80.2338867188,53449,53460,11
13.0834102631,80.2338027954,53460,53470,10
13.0823898315,80.2336425781,53470,53490,20
13.0823898315,80.2336425781,53490,53500,10
13.0820703506,80.2336425781,53500,53510,10
13.0814304352,80.2335968018,53510,53521,11
13.0805301666,80.2335205078,53521,53531,10
13.0798196793,80.2334899902,53531,53541,10
13.0795297623,80.2334823608,53541,53551,10
13.079369545,80.2334823608,53551,53561,10
13.0789003372,80.2335662842,53561,53571,10
13.0781602859,80.233581543,53571,53581,10
13.0773496628,80.2336578369,53581,53591,10
13.0764598846,80.2337722778,53591,53601,10
13.0758895874,80.2339019775,53601,53611,10
13.075799942,80.2340316772,53611,53621,10
13.0758399963,80.2341918945,53621,53638,17
13.0759096146,80.2344970703,53638,53650,12
13.0760002136,80.2350616455,53650,53660,10
13.0761003494,80.2355575562,53660,53670,10
13.0762300491,80.2363891602,53670,53680,10
13.0763597488,80.2370300293,53680,53690,10
13.0763702393,80.2370605469,53690,53700,10
13.0764398575,80.2372589111,53700,53710,10
13.0764799118,80.237411499,53710,53720,10
13.0766096115,80.23802948,53720,53730,10
13.0768203735,80.2388687134,53730,53741,11
13.0770397186,80.2397766113,53741,53751,10
13.0772199631,80.2405090332,53751,53761,10
13.0773296356,80.2408828735,53761,53771,10
13.0773601532,80.2412185669,53771,53781,10
13.0773696899,80.2415390015,53781,53791,10
13.0775403976,80.2421875,53791,53801,10
13.0776796341,80.2430877686,53801,53811,10
13.0777797699,80.243812561,53811,53821,10
13.077750206,80.2443237305,53821,53831,10
13.0778102875,80.2449417114,53831,53842,11
13.07791996,80.2460479736,53842,53852,10
13.0781002045,80.2469863892,53852,53862,10
13.0782804489,80.2479095459,53862,53872,10
13.0784196854,80.2486114502,53872,53882,10
13.0785198212,80.2490234375,53882,53892,10
13.0786504745,80.2496414185,53892,53902,10
13.0785503387,80.2503204346,53902,53912,10
13.0784797668,80.250831604,53912,53922,10
13.0785598755,80.2512588501,53922,53932,10
13.0785703659,80.251449585,53932,53942,10
13.0783596039,80.2516098022,53942,53953,11
13.0780801773,80.2516784668,53953,53963,10
13.0774803162,80.2518005371,53963,53973,10
13.0768299103,80.251953125,53973,53983,10
13.0761499405,80.2520980835,53983,53993,10
13.0753898621,80.2521362305,53993,54003,10
13.0748100281,80.2521972656,54003,54013,10
13.0741701126,80.2522277832,54013,54023,10
13.0734796524,80.2523803711,54023,54033,10
13.0726995468,80.2523422241,54033,54043,10
13.0721902847,80.2518692017,54043,54053,10
13.0720701218,80.2510375977,54053,54064,11
13.0717401505,80.2500991821,54064,54074,10
13.0714797974,80.2489624023,54074,54084,10
13.0712404251,80.2479476929,54084,54094,10
13.0709495544,80.2471618652,54094,54104,10
13.0706996918,80.2466506958,54104,54114,10
13.0703296661,80.245880127,54114,54124,10
13.0699300766,80.2450027466,54124,54134,10
13.0695800781,80.2439880371,54134,54144,10
13.0693798065,80.2434234619,54144,54154,10
13.0693502426,80.243347168,54154,54164,10
13.0692901611,80.2431793213,54164,54175,11
13.0691900253,80.2426376343,54175,54185,10
13.0689201355,80.2425003052,54185,54195,10
13.0686101913,80.2425231934,54195,54205,10
13.0679998398,80.2427062988,54205,54215,10
13.0672597885,80.242980957,54215,54225,10
13.0666399002,80.2432327271,54225,54235,10
13.0661001205,80.2436294556,54235,54243,8
13.0661201477,80.2443237305,54243,54255,12
13.0661802292,80.2451477051,54255,54265,10
13.0664596558,80.2458267212,54265,54274,9
13.0671195984,80.2461624146,54274,54285,11
13.0677700043,80.2464981079,54285,54296,11
13.067779541,80.2464981079,54296,54306,10
13.0678901672,80.2468719482,54306,54316,10
13.0678701401,80.2475814819,54316,54326,10
13.0673999786,80.2479095459,54326,54336,10
13.066740036,80.2478637695,54336,54346,10
13.0665998459,80.2478103638,54346,54356,10
13.0665502548,80.2477722168,54356,54366,10
13.0661897659,80.2477874756,54366,54376,10
13.0654802322,80.247756958,54376,54386,10
13.064499855,80.2476806641,54386,54403,17
13.063249588,80.2475814819,54403,54415,12
13.0625896454,80.2475280762,54415,54423,8
13.0619897842,80.247543335,54423,54435,12
13.0613603592,80.2470703125,54435,54445,10
13.0614500046,80.246711731,54445,54453,8
13.0616903305,80.2464981079,54453,54465,12
13.0619001389,80.2458877563,54465,54475,10
13.0620803833,80.245300293,54475,54485,10
13.0625600815,80.2449417114,54485,54496,11
13.0630903244,80.2444000244,54496,54506,10
13.0631198883,80.2443618774,54506,54516,10
13.0632600784,80.2440795898,54516,54526,10
13.0634298325,80.2435913086,54526,54536,10
13.0629196167,80.2434234619,54536,54546,10
13.062379837,80.2433395386,54546,54556,10
13.0619096756,80.2432403564,54556,54566,10
13.0615797043,80.2431716919,54566,54576,10
13.0613698959,80.2431335449,54576,54586,10
13.0610599518,80.2430419922,54586,54596,10
13.0605802536,80.2428665161,54596,54607,11
13.0599403381,80.2426605225,54607,54617,10
13.0592298508,80.2424926758,54617,54627,10
13.0588102341,80.2425765991,54627,54637,10
13.0587797165,80.2426223755,54637,54647,10
13.058429718,80.2426528931,54647,54657,10
13.0578403473,80.2427597046,54657,54667,10
13.0570802689,80.2427825928,54667,54677,10
13.056810379,80.2426528931,54677,54687,10
13.0563802719,80.2424926758,54687,54697,10
13.0558204651,80.2422790527,54697,54707,10
13.0549602509,80.2423324585,54707,54718,11
13.0537204742,80.2422027588,54718,54738,20
13.0537204742,80.2422027588,54738,54748,10
13.0533704758,80.2420196533,54748,54768,20
13.0533704758,80.2420196533,54768,54778,10
13.053150177,80.2418670654,54778,54788,10
13.0527200699,80.2416992188,54788,54798,10
13.0523099899,80.2413482666,54798,54808,10
13.0520601273,80.2409210205,54808,54819,11
13.0518198013,80.2407302856,54819,54829,10
13.0513896942,80.2406005859,54829,54849,20
13.0513896942,80.2406005859,54849,54859,10
13.0510101318,80.2405166626,54859,54889,30
13.0510101318,80.2405166626,54889,54899,10
13.0506401062,80.2404785156,54899,54909,10
13.0503396988,80.240447998,54909,54919,10
13.0501203537,80.2404174805,54919,54930,11
13.0497503281,80.2403488159,54930,54940,10
13.0493497849,80.2402191162,54940,54950,10
13.0489902496,80.2401275635,54950,54960,10
13.0487003326,80.2400817871,54960,54970,10
13.048500061,80.2400131226,54970,54980,10
13.0480203629,80.2398986816,54980,54990,10
13.0474004745,80.2397613525,54990,55000,10
13.0468797684,80.2397003174,55000,55010,10
13.0464801788,80.2395782471,55010,55030,20
13.0464801788,80.2395782471,55030,55041,11
13.0461797714,80.2394485474,55041,55051,10
13.0462598801,80.2391967773,55051,55061,10
13.046380043,80.2386627197,55061,55071,10
13.0465202332,80.2380371094,55071,55081,10
13.0466003418,80.2378311157,55081,55091,10
13.0466604233,80.2373275757,55091,55107,16
13.0468597412,80.236328125,55107,55119,12
13.0469703674,80.2361297607,55119,55127,8
13.0470304489,80.2358627319,55127,55139,12
13.0470695496,80.2357711792,55139,55150,11
13.0471200943,80.2352828979,55150,55160,10
13.0471801758,80.2346115112,55160,55170,10
13.047249794,80.2338867188,55170,55180,10
13.0473203659,80.2333679199,55180,55190,10
13.047249794,80.2331314087,55190,55200,10
13.0468101501,80.233001709,55200,55209,9
13.0461502075,80.2328262329,55209,55220,11
13.0451602936,80.2326431274,55220,55240,20
13.0451602936,80.2326431274,55240,55251,11
13.0447397232,80.2325210571,55251,55261,10
13.0441303253,80.2323608398,55261,55271,10
13.0434103012,80.2322921753,55271,55281,10
13.0427799225,80.2322921753,55281,55291,10
13.0420999527,80.2322769165,55291,55301,10
13.0412902832,80.2321166992,55301,55311,10
13.0403604507,80.2317886353,55311,55321,10
13.0393400192,80.2314910889,55321,55331,10
13.0382995605,80.2311935425,55331,55341,10
13.0373497009,80.2308731079,55341,55351,10
13.0367898941,80.2306671143,55351,55362,11
13.036450386,80.2305984497,55362,55372,10
13.0356798172,80.2303237915,55372,55382,10
13.0352401733,80.23021698,55382,55460,78
13.0352401733,80.23021698,55460,55471,11
13.0349197388,80.2302474976,55471,55481,10
13.0345001221,80.2303237915,55481,55491,10
13.0340795517,80.2304000854,55491,55501,10
13.0335302353,80.2304382324,55501,55511,10
13.0334701538,80.230430603,55511,55521,10
13.0331697464,80.230430603,55521,55532,11
13.0324602127,80.2305297852,55532,55542,10
13.0316200256,80.2306213379,55542,55552,10
13.0307502747,80.2306976318,55552,55562,10
13.0300703049,80.2307662964,55562,55573,11
13.0297698975,80.230796814,55573,55582,9
13.0297203064,80.2307662964,55582,55593,11
13.0295600891,80.230796814,55593,55603,10
13.0292196274,80.2308578491,55603,55613,10
13.0285902023,80.2309036255,55613,55623,10
13.0278997421,80.2309570313,55623,55633,10
13.0276403427,80.2312164307,55633,55643,10
13.0277004242,80.231842041,55643,55653,10
13.0277795792,80.2323226929,55653,55663,10
13.0277700424,80.2327804565,55663,55673,10
13.0272703171,80.2329025269,55673,55684,11
13.0269603729,80.2329711914,55684,55694,10
13.0267000198,80.2330093384,55694,55704,10
13.0263500214,80.2327423096,55704,55714,10
13.0261802673,80.232093811,55714,55724,10
13.0259799957,80.2312774658,55724,55734,10
13.0256004333,80.2303237915,55734,55744,10
13.0250301361,80.2295227051,55744,55754,10
13.0245599747,80.2289276123,55754,55764,10
13.0241298676,80.2284469604,55764,55774,10
13.0241003036,80.2284164429,55774,55784,10
13.0239896774,80.2282409668,55784,55795,11
13.0238599777,80.2280883789,55795,55805,10
13.0237598419,80.2279815674,55805,55815,10
13.0234203339,80.2276382446,55815,55825,10
13.0229902267,80.2272491455,55825,55835,10
13.0224304199,80.2266998291,55835,55845,10
13.021780014,80.2261276245,55845,55855,10
13.021229744,80.2257003784,55855,55865,10
13.0205497742,80.2251586914,55865,55875,10
13.0198802948,80.2247314453,55875,55885,10
13.0190095901,80.2244415283,55885,55895,10
13.0180196762,80.2247695923,55895,55906,11
13.0170001984,80.2251815796,55906,55916,10
13.0167398453,80.2252883911,55916,55926,10
13.0165300369,80.2253799438,55926,55936,10
13.0161600113,80.2255172729,55936,55946,10
13.0156803131,80.2257003784,55946,55956,10
13.0148696899,80.226020813,55956,55976,20
13.0148696899,80.226020813,55976,55986,10
13.0148096085,80.2260665894,55986,55996,10
13.01445961,80.2261962891,55996,56006,10
13.0143699646,80.2262496948,56006,56017,11
13.014169693,80.2263183594,56017,56027,10
13.0136098862,80.2265396118,56027,56037,10
13.012840271,80.2268295288,56037,56047,10
13.0120296478,80.2271575928,56047,56057,10
13.0113096237,80.227432251,56057,56067,10
13.0104799271,80.2277374268,56067,56077,10
13.0095100403,80.2281570435,56077,56093,16
13.0089197159,80.2296676636,56093,56105,12
13.008649826,80.2311019897,56105,56115,10
13.0084295273,80.2322235107,56115,56128,13
13.0082502365,80.2335510254,56128,56147,19
13.0082502365,80.2335510254,56147,56158,11
13.0081796646,80.2336883545,56158,56168,10
13.0080900192,80.2340164185,56168,56178,10
13.0080003738,80.2345504761,56178,56186,8
13.0078601837,80.235206604,56186,56198,12
13.0076198578,80.2363967896,56198,56208,10
13.0074596405,80.2372512817,56208,56218,10
13.0072603226,80.2383422852,56218,56229,11
13.0070495605,80.2394638062,56229,56239,10
13.0068902969,80.2402877808,56239,56249,10
13.006819725,80.2407989502,56249,56259,10
13.0068101883,80.2408218384,56259,56269,10
13.0067796707,80.2410964966,56269,56279,10
13.0067396164,80.2417068481,56279,56289,10
13.0067100525,80.2425765991,56289,56299,10
13.0066900253,80.2433776855,56299,56309,10
13.0066900253,80.2442092896,56309,56319,10
13.0066900253,80.2451782227,56319,56329,10
13.0067300797,80.2460327148,56329,56340,11
13.0067396164,80.2466430664,56340,56350,10
13.0067396164,80.2467727661,56350,56360,10
13.0067300797,80.2470169067,56360,56370,10
13.0066900253,80.2472686768,56370,56380,10
13.0066995621,80.247718811,56380,56390,10
13.0066900253,80.2485122681,56390,56400,10
13.006819725,80.249382019,56400,56416,16
13.0067901611,80.2497406006,56416,56428,12
13.0067300797,80.2504806519,56428,56437,9
13.006770134,80.2511901855,56437,56448,11
13.006770134,80.2515182495,56448,56459,11
13.0066604614,80.2518920898,56459,56469,10
13.0065202713,80.2526016235,56469,56478,9
13.0065002441,80.2531585693,56478,56489,11
13.0065097809,80.2540588379,56489,56499,10
13.0065498352,80.2548980713,56499,56509,10
13.0065402985,80.2549591064,56509,56519,10
13.0065097809,80.2550811768,56519,56529,10
13.0065002441,80.2555999756,56529,56540,11
13.006529808,80.256477356,56540,56550,10
13.0066003799,80.2571182251,56550,56560,10
13.0064001083,80.2574768066,56560,56570,10
13.0059099197,80.2574234009,56570,56580,10
13.0055503845,80.2573394775,56580,56590,10
13.0049495697,80.2571792603,56590,56600,10
13.0041103363,80.2569885254,56600,56610,10
13.0033502579,80.2568435669,56610,56630,20
13.0033502579,80.2568435669,56630,56640,10
13.0030498505,80.2567825317,56640,56650,10
13.0027399063,80.2567214966,56650,56661,11
13.0023202896,80.2566223145,56661,56671,10
13.0017204285,80.2565383911,56671,56739,68
13.0017204285,80.2565383911,56739,56749,10
13.0014200211,80.2565002441,56749,56759,10
13.0008096695,80.2564315796,56759,56770,11
13.0000295639,80.2563018799,56770,56778,8
12.999540329,80.2562179565,56778,56810,32
12.999540329,80.2562179565,56810,56820,10
12.9993200302,80.2561798096,56820,56830,10
12.9988203049,80.256072998,56830,56840,10
12.9981403351,80.2559890747,56840,56850,10
12.9975404739,80.2559280396,56850,56860,10
12.9972696304,80.2559280396,56860,56883,23
12.9970998764,80.2559204102,56883,56896,13
12.9968595505,80.2563400269,56896,56906,10
12.9968204498,80.2569122314,56906,56916,10
12.9968204498,80.2569580078,56916,56926,10
12.9968004227,80.2571716309,56926,56935,9
12.9967603683,80.2576980591,56935,56946,11
12.9966402054,80.2587203979,56946,56956,10
12.9965400696,80.2596130371,56956,56967,11
12.9964599609,80.260597229,56967,56976,9
12.9963798523,80.2613830566,56976,56987,11
12.9963598251,80.261932373,56987,56996,9
12.9962797165,80.2623977661,56996,57007,11
12.9962596893,80.262512207,57007,57017,10
12.9961795807,80.2629776001,57017,57027,10
12.9961204529,80.2637405396,57027,57037,10
12.9960002899,80.2647018433,57037,57047,10
12.9959602356,80.2653427124,57047,57057,10
12.9959602356,80.26537323,57057,57067,10
12.9959201813,80.2656097412,57067,57077,10
12.9958496094,80.2661972046,57077,57087,10
12.995759964,80.2669906616,57087,57098,11
12.9961700439,80.2677383423,57098,57118,20
12.9961700439,80.2677383423,57118,57128,10
12.9964199066,80.2677612305,57128,57138,10
12.9969596863,80.2677307129,57138,57148,10
12.9977903366,80.2675170898,57148,57158,10
12.9988603592,80.2672271729,57158,57168,10
12.9998397827,80.2668991089,57168,57178,10
13.0000801086,80.2667236328,57178,57188,10
13.000120163,80.2666625977,57188,57199,11
13.0002202988,80.2661209106,57199,57209,10
13.0003204346,80.265663147,57209,57219,10
13.0003595352,80.2658462524,57219,57229,10
13.0003099442,80.2661437988,57229,58034,805
13.0003099442,80.2661437988,58034,58044,10
13.0002698898,80.2662506104,58044,58054,10
13.0002698898,80.2664794922,58054,58065,11
13.0002698898,80.2666931152,58065,58075,10
13.000120163,80.2668609619,58075,58085,10
12.9995803833,80.2669906616,58085,58095,10
12.998840332,80.2671966553,58095,58105,10
12.9979095459,80.2674407959,58105,58115,10
12.9972200394,80.2676467896,58115,58125,10
12.996509552,80.2677688599,58125,58135,10
12.995880127,80.2677078247,58135,58145,10
12.9956598282,80.2674331665,58145,58166,21
12.9956598282,80.2674331665,58166,58176,10
12.9956798553,80.2672729492,58176,58186,10
12.9957199097,80.2667999268,58186,58196,10
12.9958200455,80.2659835815,58196,58206,10
12.9959402084,80.2649765015,58206,58216,10
12.996049881,80.2639389038,58216,58226,10
12.9961395264,80.2630233765,58226,58236,10
12.9961900711,80.2625808716,58236,58246,10
12.9961900711,80.2624588013,58246,58256,10
12.9962396622,80.2621383667,58256,58266,10
12.9962997437,80.26171875,58266,58276,10
12.9963903427,80.2610931396,58276,58287,11
12.9964895248,80.2601013184,58287,58297,10
12.9965496063,80.2593612671,58297,58307,10
12.9965600967,80.2593612671,58307,58317,10
12.9965896606,80.2589797974,58317,58327,10
12.9966497421,80.2583084106,58327,58337,10
12.9967403412,80.2574462891,58337,58347,10
12.9968299866,80.2565002441,58347,58357,10
12.997010231,80.255859375,58357,58367,10
12.9976596832,80.2559204102,58367,58377,10
12.9982204437,80.2559814453,58377,58388,11
12.9987096786,80.2560424805,58388,58398,10
12.9987297058,80.2560424805,58398,58408,10
12.9988002777,80.2560806274,58408,58418,10
12.9989595413,80.256111145,58418,58428,10
12.9991197586,80.2561264038,58428,58438,10
12.9995803833,80.2562179565,58438,58448,10
13.000120163,80.2563171387,58448,58458,10
13.0007400513,80.2564315796,58458,58468,10
13.0010900497,80.2564926147,58468,58519,51
13.0010900497,80.2564926147,58519,58529,10
13.0014600754,80.2565917969,58529,58539,10
13.0020303726,80.2566833496,58539,58549,10
13.0025396347,80.2567672729,58549,58559,10
13.0027303696,80.2567977905,58559,58569,10
13.0032396317,80.2568893433,58569,58579,10
13.0036096573,80.256942749,58579,58589,10
13.0039396286,80.2570266724,58589,58599,10
13.0044403076,80.2571105957,58599,58610,11
13.0047597885,80.2571792603,58610,58620,10
13.0053300858,80.2573013306,58620,58630,10
13.0055704117,80.2573623657,58630,58640,10
13.0058803558,80.2574005127,58640,58690,50
13.0058803558,80.2574005127,58690,58700,10
13.006070137,80.2574615479,58700,58716,16
13.0065097809,80.2573623657,58716,58729,13
13.0065002441,80.2566833496,58729,58739,10
13.0064897537,80.2558670044,58739,58749,10
13.0065202713,80.2549209595,58749,58759,10
13.0065002441,80.2540435791,58759,58769,10
13.0065002441,80.2533874512,58769,58779,10
13.0065097809,80.2533187866,58779,58789,10
13.0065202713,80.2530593872,58789,58799,10
13.0065402985,80.2524795532,58799,58809,10
13.0066003799,80.2520294189,58809,58890,81
13.0066003799,80.2520294189,58890,58900,10
13.0066795349,80.2520065308,58900,58910,10
13.0067396164,80.2516174316,58910,58920,10
13.0067796707,80.2509002686,58920,58931,11
13.0067596436,80.2498779297,58931,58941,10
13.0067300797,80.2489089966,58941,58951,10
13.006649971,80.2477874756,58951,59011,60
13.006649971,80.2477874756,59011,59021,10
13.006649971,80.2473678589,59021,59031,10
13.0066404343,80.2468109131,59031,59042,11
13.0065803528,80.2465286255,59042,59052,10
13.0066204071,80.2464370728,59052,59062,10
13.0066404343,80.2460174561,59062,59072,10
13.0066299438,80.2453384399,59072,59082,10
13.0066099167,80.2447814941,59082,59092,10
13.0066099167,80.2442474365,59092,59102,10
13.0066099167,80.2436981201,59102,59110,8
13.0066003799,80.2434005737,59110,59122,12
13.0065698624,80.2426986694,59122,59133,11
13.0065603256,80.2416992188,59133,59144,11
13.0066404343,80.2407989502,59144,59154,10
13.0066604614,80.2407226563,59154,59164,10
13.0066795349,80.2405471802,59164,59184,20
13.0066795349,80.2405471802,59184,59194,10
13.0067901611,80.2401275635,59194,59204,10
13.0069303513,80.2395706177,59204,59214,10
13.007060051,80.2388076782,59214,59224,10
13.0072402954,80.2379608154,59224,59234,10
13.0074100494,80.2369232178,59234,59255,21
13.0074100494,80.2369232178,59255,59265,10
13.0074396133,80.2367630005,59265,59275,10
13.0074796677,80.2366333008,59275,59285,10
13.0074796677,80.2366104126,59285,59295,10
13.0075597763,80.236289978,59295,59305,10
13.0076599121,80.2358016968,59305,59315,10
13.0078001022,80.2350921631,59315,59325,10
13.0079898834,80.2342681885,59325,59335,10
13.0080900192,80.2337722778,59335,59345,10
13.0084104538,80.2321090698,59345,59356,11
13.008649826,80.2308120728,59356,59366,10
13.008890152,80.2296218872,59366,59376,10
13.0091295242,80.2284698486,59376,59386,10
13.0095396042,80.227432251,59386,59396,10
13.010020256,80.2263793945,59396,59406,10
13.0105304718,80.2253494263,59406,59416,10
13.0108499527,80.2245864868,59416,59426,10
13.0111598969,80.2238388062,59426,59437,11
13.0115404129,80.2229614258,59437,59449,12
13.011879921,80.2220993042,59449,59459,10
13.012169838,80.2216567993,59459,59470,11
13.0124397278,80.2217407227,59470,59480,10
13.012840271,80.2222518921,59480,59490,10
13.0133800507,80.2228317261,59490,59500,10
13.0137300491,80.223197937,59500,59510,10
13.013999939,80.2235183716,59510,59520,10
13.0143699646,80.2240066528,59520,59530,10
13.014840126,80.2245178223,59530,59540,10
13.015130043,80.2247924805,59540,59550,10
13.0151901245,80.2248535156,59550,59560,10
13.0152702332,80.224937439,59560,59571,11
13.0153398514,80.2249679565,59571,59581,10
13.0154399872,80.2250137329,59581,59591,10
13.0157499313,80.2252731323,59591,59601,10
13.0163898468,80.2253723145,59601,59611,10
13.0171604156,80.2250976563,59611,59621,10
13.017950058,80.2247924805,59621,59631,10
13.0186700821,80.2244873047,59631,59641,10
13.0192203522,80.2243499756,59641,59651,10
13.0192499161,80.224357605,59651,59661,10
13.0194396973,80.2244491577,59661,59671,10
13.0196695328,80.2245407104,59671,59682,11
13.0197401047,80.2245635986,59682,59692,10
13.0198202133,80.2246398926,59692,59702,10
13.0201396942,80.2248916626,59702,59712,10
13.0206899643,80.2252807617,59712,59722,10
13.0214004517,80.2258224487,59722,59732,10
13.0219802856,80.2262115479,59732,59742,10
13.0220003128,80.2262268066,59742,59752,10
13.0221395493,80.2263565063,59752,59762,10
13.022359848,80.2265472412,59762,59772,10
13.0228204727,80.2269592285,59772,59782,10
13.0234003067,80.2275085449,59782,59793,11
13.0240602493,80.2281112671,59793,59803,10
13.0242004395,80.2282485962,59803,59813,10
13.0244102478,80.2285308838,59813,59823,10
13.0246696472,80.2289123535,59823,59833,10
13.0249595642,80.2293167114,59833,59843,10
13.0253200531,80.2297592163,59843,59853,10
13.0256795883,80.2303085327,59853,59863,10
13.0259399414,80.2308807373,59863,59914,51
13.0259399414,80.2308807373,59914,59924,10
13.0259599686,80.2312011719,59924,59934,10
13.026140213,80.2313995361,59934,59944,10
13.0266199112,80.2312774658,59944,59954,10
13.0273799896,80.231086731,59954,59964,10
13.0282497406,80.2309799194,59964,59974,10
13.0290803909,80.2308807373,59974,60005,31
13.0290803909,80.2308807373,60005,60015,10
13.0293598175,80.2308807373,60015,60025,10
13.0298500061,80.2308273315,60025,60035,10
13.0306196213,80.2307662964,60035,60055,20
13.0306196213,80.2307662964,60055,60065,10
13.030960083,80.2307434082,60065,60075,10
13.0315599442,80.230682373,60075,60085,10
13.0325298309,80.2305831909,60085,60156,71
13.0325298309,80.2305831909,60156,60166,10
13.0327997208,80.2305603027,60166,60176,10
13.0332202911,80.2305526733,60176,60186,10
13.0336904526,80.2304992676,60186,60247,61
13.0337696075,80.2304763794,60247,60307,60
13.0337696075,80.2304763794,60307,60317,10
13.034040451,80.2304916382,60317,60328,11
13.0342903137,80.230430603,60328,60388,60
13.0342903137,80.230430603,60388,60398,10
13.0346498489,80.2304000854,60398,60408,10
13.0346698761,80.2304000854,60408,60418,10
13.0348596573,80.2304382324,60418,60428,10
13.0349798203,80.2306365967,60428,60439,11
13.0349197388,80.2311172485,60439,60449,10
13.034819603,80.2318191528,60449,60459,10
13.0347003937,80.2325820923,60459,60469,10
13.0346403122,80.2331237793,60469,60479,10
13.0345697403,80.2335891724,60479,60489,10
13.0344800949,80.2341766357,60489,60499,10
13.0344104767,80.2348709106,60499,60509,10
13.0343198776,80.2354888916,60509,60519,10
13.0342102051,80.2363433838,60519,60529,10
13.0341501236,80.2369384766,60529,60560,31
13.0341501236,80.2369384766,60560,60570,10
13.0341701508,80.2371673584,60570,60580,10
13.0343503952,80.2375335693,60580,60590,10
13.0345201492,80.2378234863,60590,60600,10
13.0348396301,80.2383270264,60600,60630,30
13.0348396301,80.2383270264,60630,60640,10
13.0349597931,80.2385101318,60640,60651,11
13.0350399017,80.2386169434,60651,60661,10
13.0351495743,80.2387924194,60661,60671,10
13.0352602005,80.2389678955,60671,60681,10
13.0354299545,80.2392272949,60681,60691,10
13.0357704163,80.239402771,60691,60701,10
13.0362596512,80.2394332886,60701,60711,10
13.0368404388,80.2395324707,60711,60721,10
13.0376396179,80.239616394,60721,60731,10
13.0385103226,80.2397537231,60731,60741,10
13.0391902924,80.2398376465,60741,60751,10
13.0403299332,80.240020752,60751,60772,21
13.0403299332,80.240020752,60772,60782,10
13.040430069,80.2403030396,60782,60792,10
13.04047966,80.2405700684,60792,60802,10
13.0408296585,80.2406311035,60802,60812,10
13.0411100388,80.2406616211,60812,60822,10
13.041179657,80.2406692505,60822,60832,10
13.0415296555,80.2406997681,60832,60842,10
13.0422201157,80.2407913208,60842,60853,11
13.0430002213,80.2409133911,60853,60863,10
13.0431804657,80.2409515381,60863,60873,10
13.0433998108,80.2409820557,60873,60883,10
13.0436601639,80.2409973145,60883,60943,60
13.0436601639,80.2409973145,60943,60953,10
13.0438098907,80.2409515381,60953,60963,10
13.0439596176,80.2409591675,60963,60974,11
13.0440998077,80.2409362793,60974,60984,10
13.0442199707,80.2408599854,60984,60994,10
13.0445804596,80.2405700684,60994,61054,60
13.0445804596,80.2405700684,61054,61064,10
13.0446500778,80.2405014038,61064,61074,10
13.0449399948,80.2403182983,61074,61085,11
13.0454702377,80.2399902344,61085,61095,10
13.0460195541,80.2396392822,61095,61105,10
13.0464601517,80.239616394,61105,61115,10
13.0471200943,80.2397689819,61115,61125,10
13.0478401184,80.2399291992,61125,61135,10
13.0485296249,80.2400817871,61135,61145,10
13.0491600037,80.2402114868,61145,61155,10
13.0491800308,80.2402191162,61155,61165,10
13.0494499207,80.240272522,61165,61176,11
13.0499696732,80.2403793335,61176,61186,10
13.0506000519,80.2405014038,61186,61196,10
13.0509195328,80.2405776978,61196,61206,10
13.0511798859,80.2406082153,61206,61216,10
13.0511903763,80.2406082153,61216,61226,10
13.0515203476,80.2406997681,61226,61242,16
13.0524396896,80.2409515381,61242,61254,12
13.0525798798,80.2414474487,61254,61262,8
13.0526695251,80.2416610718,61262,61274,12
13.053319931,80.2419891357,61274,61284,10
13.0539302826,80.2422790527,61284,61305,21
13.0539302826,80.2422790527,61305,61315,10
13.0541095734,80.2423324585,61315,61325,10
13.0546197891,80.2424163818,61325,61335,10
13.0552396774,80.2423095703,61335,61345,10
13.0558204651,80.2423400879,61345,61355,10
13.0564098358,80.2426071167,61355,61365,10
13.0567998886,80.2426681519,61365,61375,10
13.0572004318,80.2428512573,61375,61385,10
13.0576000214,80.2428283691,61385,61396,11
13.0576400757,80.2428207397,61396,61406,10
13.057849884,80.2427978516,61406,61416,10
13.0583400726,80.24269104,61416,61426,10
13.0590200424,80.2425613403,61426,61436,10
13.0596199036,80.2425765991,61436,61446,10
13.0601596832,80.2427978516,61446,61455,9
13.0605697632,80.2429580688,61455,61466,11
13.0610103607,80.2431030273,61466,61475,9
13.0614595413,80.2432327271,61475,61485,10
13.0620203018,80.2433166504,61485,61496,11
13.0624704361,80.2433929443,61496,61506,10
13.0624799728,80.2433929443,61506,61517,11
13.0625400543,80.2433929443,61517,61527,10
13.0628004074,80.2434387207,61527,61537,10
13.0632200241,80.243522644,61537,61547,10
13.0637598038,80.2435379028,61547,61557,10
13.0643196106,80.243560791,61557,61567,10
13.0650100708,80.243560791,61567,61577,10
13.0655002594,80.2435531616,61577,61628,51
13.0655002594,80.2435531616,61628,61638,10
13.0657396317,80.243560791,61638,61648,10
13.066160202,80.2434921265,61648,61658,10
13.0665798187,80.2433319092,61658,61668,10
13.0670700073,80.2431335449,61668,61678,10
13.0676498413,80.2428817749,61678,61688,10
13.0681295395,80.2427368164,61688,61729,41
13.0681295395,80.2427368164,61729,61739,10
13.0684099197,80.2426681519,61739,61749,10
13.0688695908,80.2424926758,61749,61759,10
13.0692501068,80.2423019409,61759,61769,10
13.0694103241,80.2422180176,61769,61779,10
13.0695896149,80.2421722412,61779,61789,10
13.0699796677,80.2420883179,61789,61840,51
13.0699796677,80.2420883179,61840,61850,10
13.0702600479,80.2420730591,61850,61860,10
13.0707197189,80.2419204712,61860,61870,10
13.071390152,80.2416915894,61870,61880,10
13.07213974,80.2412872314,61880,61890,10
13.0728597641,80.2408905029,61890,61900,10
13.0735397339,80.2406997681,61900,61910,10
13.0742197037,80.2405395508,61910,61920,10
13.075220108,80.2405166626,61920,61930,10
13.076259613,80.2405319214,61930,61941,11
13.076789856,80.2406005859,61941,61951,10
13.0769195557,80.2406082153,61951,61961,10
13.0770797729,80.2405776978,61961,61971,10
13.0770998001,80.2403793335,61971,61987,16
13.0769300461,80.239402771,61987,61999,12
13.0768003464,80.2388687134,61999,62007,8
13.076669693,80.2385025024,62007,62019,12
13.0765800476,80.2380905151,62019,62029,10
13.0765695572,80.2380599976,62029,62040,11
13.0764598846,80.2374420166,62040,62101,61
13.0764598846,80.2374420166,62101,62111,10
13.0764102936,80.237159729,62111,62121,10
13.0763196945,80.2368011475,62121,62131,10
13.076210022,80.2362365723,62131,62141,10
13.0761203766,80.2356491089,62141,62151,10
13.0760097504,80.2350769043,62151,62162,11
13.0758800507,80.2344436646,62162,62172,10
13.075799942,80.23412323,62172,62202,30
13.075799942,80.23412323,62202,62212,10
13.075799942,80.2340087891,62212,62222,10
13.076259613,80.2337417603,62222,62252,30
13.076259613,80.2337417603,62252,62263,11
13.0767498016,80.233757019,62263,62293,30
13.0767498016,80.233757019,62293,62303,10
13.0768098831,80.2337722778,62303,62313,10
13.0771303177,80.2337188721,62313,62323,10
13.0777196884,80.2336502075,62323,62333,10
13.0781698227,80.2336196899,62333,62353,20
13.0781698227,80.2336196899,62353,62363,10
13.0784797668,80.233581543,62363,62374,11
13.0788202286,80.2335586548,62374,62384,10
13.0793600082,80.2335586548,62384,62394,10
13.0798997879,80.2335510254,62394,62404,10
13.080280304,80.2335510254,62404,62414,10
13.0808401108,80.233581543,62414,62434,20
13.0808401108,80.233581543,62434,62444,10
13.0809497833,80.233581543,62444,62454,10
13.0813798904,80.2335891724,62454,62464,10
13.0819196701,80.2336120605,62464,62475,11
13.0820102692,80.2333831787,62475,62485,10
13.0820302963,80.2328872681,62485,62495,10
13.0822401047,80.2322616577,62495,62505,10
13.0825195313,80.2314682007,62505,62515,10
13.0827798843,80.2308502197,62515,62525,10
13.083029747,80.230682373,62525,62535,10
13.0831899643,80.2309036255,62535,62545,10
13.0832004547,80.2310562134,62545,62555,10
13.0832004547,80.2311019897,62555,62565,10
13.0832004547,80.2314605713,62565,62575,10
13.0832099915,80.2320022583,62575,62585,10
13.0832796097,80.2326889038,62585,62596,11
13.0834197998,80.2332992554,62596,62606,10
13.0834999084,80.2337493896,62606,62616,10
13.0840396881,80.2340011597,62616,62636,20
13.0840396881,80.2340011597,62636,62646,10
13.0841999054,80.2340621948,62646,62656,10
13.0846796036,80.2341766357,62656,62666,10
13.0853004456,80.2343215942,62666,62676,10
13.0860395432,80.2344894409,62676,62686,10
13.0866804123,80.2345733643,62686,62697,11
13.0873804092,80.2346115112,62697,62707,10
13.0879297256,80.2341918945,62707,62723,16
13.0881099701,80.2329483032,62723,62735,12
13.0883998871,80.2317581177,62735,62745,10
13.0888700485,80.2305908203,62745,62774,29
13.0888700485,80.2305908203,62774,62785,11
13.0890102386,80.2304000854,62785,62795,10
13.0892496109,80.2298812866,62795,62806,11
13.0897397995,80.2291488647,62806,62815,9
13.0903596878,80.2285003662,62815,62826,11
13.0910997391,80.2276611328,62826,62836,10
13.0914096832,80.2273330688,62836,62856,20
13.0914096832,80.2273330688,62856,62866,10
13.0915603638,80.2272033691,62866,62876,10
13.0919399261,80.2267837524,62876,62886,10
13.0921897888,80.2264785767,62886,62896,10
13.0924196243,80.2262573242,62896,62907,11
13.0929203033,80.2257614136,62907,62917,10
13.0932102203,80.2254562378,62917,62927,10
13.0932598114,80.2254180908,62927,62937,10
13.0933904648,80.2252502441,62937,62947,10
13.0935096741,80.2251205444,62947,62957,10
13.0937204361,80.2248916626,62957,62967,10
13.0940999985,80.2244262695,62967,62977,10
13.0945901871,80.2237625122,62977,62987,10
13.0951099396,80.22290802,62987,62997,10
13.095459938,80.2219619751,62997,63007,10
13.095580101,80.2216186523,63007,63020,13
13.0956497192,80.2213973999,63020,63030,10
13.0958404541,80.220916748,63030,63040,10
13.0960798264,80.2202529907,63040,63050,10
13.0963897705,80.2193069458,63050,63080,30
13.0963897705,80.2193069458,63080,63090,10
13.0965003967,80.2190322876,63090,63100,10
13.0966596603,80.218536377,63100,63110,10
13.0968904495,80.2178268433,63110,63121,11
13.0971603394,80.2170715332,63121,63131,10
13.0973501205,80.2165985107,63131,63141,10
13.0973901749,80.2164764404,63141,63151,10
13.0974502563,80.2163772583,63151,63161,10
13.0976295471,80.2159881592,63161,63171,10
13.0980195999,80.215057373,63171,63201,30
13.0980195999,80.215057373,63201,63211,10
13.0981302261,80.2147827148,63211,63221,10
13.0982999802,80.2143783569,63221,63232,11
13.0984897614,80.2140274048,63232,63241,9
13.0988998413,80.2141418457,63241,63252,11
13.0995998383,80.2143630981,63252,63262,10
13.1000404358,80.2144775391,63262,63322,60
13.1000404358,80.2144775391,63322,63333,11
13.1002998352,80.2146072388,63333,63343,10
13.100520134,80.2146987915,63343,63353,10
13.1005096436,80.2150115967,63353,63363,10
13.1000204086,80.2160873413,63363,63383,20
13.1000204086,80.2160873413,63383,63393,10
13.0998601913,80.2159881592,63393,63403,10
13.0999298096,80.2157897949,63403,63413,10
13.1000995636,80.2154006958,63413,63423,10
13.1002197266,80.2151031494,63423,63504,81
13.1002197266,80.2151031494,63504,63514,10
13.1002702713,80.2151031494,63514,63524,10
13.1002502441,80.2148513794,63524,64201,677
13.1002502441,80.2148513794,64201,64211,10
13.1001796722,80.2145767212,64211,64221,10
13.0999403,80.2144927979,64221,64231,10
13.0997200012,80.2144317627,64231,64241,10
13.0995502472,80.2143783569,64241,64251,10
13.0993099213,80.2142868042,64251,64281,30
13.0993099213,80.2142868042,64281,64291,10
13.0990896225,80.2142410278,64291,64302,11
13.0987596512,80.2141189575,64302,64352,50
13.0987596512,80.2141189575,64352,64362,10
13.098449707,80.2141418457,64362,64372,10
13.0982599258,80.2145690918,64372,64382,10
13.0979604721,80.2152328491,64382,64392,10
13.0976200104,80.2160415649,64392,64403,11
13.0973300934,80.2167663574,64403,64413,10
13.0971002579,80.2173995972,64413,64423,10
13.0967998505,80.2182388306,64423,64433,10
13.0964899063,80.2191925049,64433,64443,10
13.0961799622,80.2200469971,64443,64453,10
13.0958995819,80.2208480835,64453,64463,10
13.0956802368,80.221496582,64463,64473,10
13.0954504013,80.2221908569,64473,64483,10
13.0953598022,80.222442627,64483,64493,10
13.0952396393,80.2227325439,64493,64503,10
13.0949897766,80.2232589722,64503,64514,11
13.094499588,80.224029541,64514,64524,10
13.0939702988,80.2247390747,64524,64534,10
13.0934801102,80.2253036499,64534,64544,10
13.0930099487,80.2257766724,64544,64554,10
13.0924797058,80.22631073,64554,64564,10
13.0918798447,80.2268981934,64564,64574,10
13.0911903381,80.2276535034,64574,64594,20
13.0911903381,80.2276535034,64594,64604,10
13.0910196304,80.2278366089,64604,64614,10
13.0907897949,80.2280731201,64614,64625,11
13.0903501511,80.2285614014,64625,64635,10
13.0897903442,80.2291564941,64635,64645,10
13.0893001556,80.2298583984,64645,64655,10
13.089099884,80.2302474976,64655,64665,10
13.08893013,80.2306213379,64665,64675,10
13.0887203217,80.2310791016,64675,64685,10
13.0886297226,80.2313079834,64685,64695,10
13.0885696411,80.2314300537,64695,64705,10
13.0884103775,80.2319030762,64705,64715,10
13.0881996155,80.2326583862,64715,64726,11
13.0880002975,80.2337417603,64726,64736,10
13.0878000259,80.2345199585,64736,64746,10
13.0871095657,80.2346115112,64746,64756,10
13.0864801407,80.2345428467,64756,64766,10
13.0858697891,80.2344207764,64766,64776,10
13.0851697922,80.2342529297,64776,64786,10
13.084569931,80.2340927124,64786,64796,10
13.084280014,80.2340164185,64796,64806,10
13.0839700699,80.2339477539,64806,64816,10
13.0834598541,80.2338409424,64816,64826,10
13.0824203491,80.2336578369,64826,64846,20
13.0824203491,80.2336578369,64846,64857,11
13.0820102692,80.2335891724,64857,64867,10
13.0814199448,80.233543396,64867,64877,10
13.0807600021,80.2334899902,64877,64887,10
13.0801897049,80.2334976196,64887,64897,10
13.0798101425,80.2335128784,64897,64907,10
13.0796403885,80.2335128784,64907,64917,10
13.0795202255,80.2334976196,64917,64928,11
13.0790700912,80.233543396,64928,64938,10
13.078499794,80.233581543,64938,64948,10
13.0778198242,80.2335968018,64948,64958,10
13.0770597458,80.2337036133,64958,64968,10
13.0762395859,80.2338409424,64968,64978,10
13.0758695602,80.234161377,64978,64988,10
13.0759801865,80.2347106934,64988,64998,10
13.0761203766,80.2354507446,64998,65008,10
13.0762500763,80.2361679077,65008,65018,10
13.0762500763,80.2362136841,65018,65028,10
13.076259613,80.2363967896,65028,65038,10
13.0763597488,80.2369766235,65038,65055,17
13.0764503479,80.2372665405,65055,65067,12
13.0765304565,80.2375717163,65067,65077,10
13.0765600204,80.2376785278,65077,65087,10
13.076669693,80.2382507324,65087,65097,10
13.0768203735,80.238899231,65097,65107,10
13.0769195557,80.2393188477,65107,65117,10
13.07695961,80.2394790649,65117,65127,10
13.077050209,80.2398071289,65127,65139,12
13.0771903992,80.2403793335,65139,65149,10
13.077249527,80.2406387329,65149,65159,10
13.0773601532,80.2410964966,65159,65170,11
13.0774803162,80.2417984009,65170,65180,10
13.0776901245,80.2428207397,65180,65190,10
13.0778102875,80.2438583374,65190,65200,10
13.0778303146,80.244682312,65200,65210,10
13.07791996,80.2456970215,65210,65220,10
13.0780200958,80.2466201782,65220,65230,10
13.0782003403,80.2475280762,65230,65240,10
13.0784101486,80.2485427856,65240,65250,10
13.0785903931,80.2492218018,65250,65261,11
13.0787200928,80.2500991821,65261,65271,10
13.0784797668,80.2507171631,65271,65281,10
13.0785799026,80.251449585,65281,65291,10
13.078379631,80.2516937256,65291,65301,10
13.0780801773,80.251739502,65301,65311,10
13.0774297714,80.2518463135,65311,65321,10
13.0766897202,80.2519989014,65321,65331,10
13.0759801865,80.2521514893,65331,65341,10
13.0753803253,80.2521896362,65341,65351,10
13.0748500824,80.2522201538,65351,65361,10
13.0742197037,80.2522583008,65361,65372,11
13.0739202499,80.2523498535,65372,65382,10
13.0734500885,80.2524185181,65382,65392,10
13.0727500916,80.2523574829,65392,65402,10
13.0722303391,80.2519989014,65402,65412,10
13.0720901489,80.2513198853,65412,65422,10
13.0720100403,80.2509384155,65422,65432,10
13.0718898773,80.2506408691,65432,65442,10
13.0717096329,80.2500610352,65442,65452,10
13.0715303421,80.2492904663,65452,65462,10
13.0713300705,80.2483215332,65462,65472,10
13.0710096359,80.247428894,65472,65483,11
13.0706396103,80.2466506958,65483,65493,10
13.0701999664,80.2457122803,65493,65503,10
13.0698003769,80.244720459,65503,65513,10
13.0693397522,80.2434234619,65513,65533,20
13.0693397522,80.2434234619,65533,65543,10
13.0693101883,80.243270874,65543,65559,16
13.0690498352,80.2425613403,65559,65571,12
13.068400383,80.2426528931,65571,65579,8
13.0677995682,80.2428207397,65579,65590,11
13.0671901703,80.2430801392,65590,65602,12
13.0668001175,80.2432632446,65602,65611,9
13.0665397644,80.243347168,65611,65622,11
13.0661201477,80.2436599731,65622,65632,10
13.0661697388,80.244468689,65632,65642,10
13.0663003922,80.2454223633,65642,65652,10
13.0667896271,80.2461013794,65652,65660,8
13.0675096512,80.246421814,65660,65672,12
13.0677995682,80.2466125488,65672,65682,10
13.0678796768,80.2467422485,65682,65693,11
13.0678901672,80.2473831177,65693,65702,9
13.0677099228,80.2479171753,65702,65713,11
13.0669898987,80.2479095459,65713,65723,10
13.0663003922,80.2478637695,65723,65733,10
13.0653800964,80.2478027344,65733,65743,10
13.0644397736,80.2477264404,65743,65753,10
13.0638103485,80.2476882935,65753,65763,10
13.0634403229,80.2476730347,65763,65773,10
13.0629396439,80.2476501465,65773,65783,10
13.0622301102,80.2476196289,65783,65793,10
13.0616798401,80.2474975586,65793,65804,11
13.0614004135,80.2471923828,65804,65814,10
13.0614404678,80.246887207,65814,65824,10
13.0616598129,80.246673584,65824,65834,10
13.0617904663,80.246383667,65834,65844,10
13.0619001389,80.2458267212,65844,65854,10
13.06208992,80.2452163696,65854,65864,10
13.0625495911,80.2449035645,65864,65874,10
13.0629396439,80.2446517944,65874,65884,10
13.0630903244,80.2444534302,65884,65894,10
13.0631399155,80.2443771362,65894,65905,11
13.0633497238,80.2439498901,65905,65915,10
13.0632801056,80.243560791,65915,65925,10
13.0627202988,80.2434387207,65925,65935,10
13.0622196198,80.2433395386,65935,65945,10
13.0617399216,80.2432403564,65945,65955,10
13.0614099503,80.2431793213,65955,65965,10
13.0612001419,80.2431411743,65965,65981,16
13.0608701706,80.2430114746,65981,65993,12
13.0604295731,80.2428665161,65993,66001,8
13.0596504211,80.2426376343,66001,66024,23
13.0596504211,80.2426376343,66024,66034,10
13.0593299866,80.2425079346,66034,66054,20
13.0593299866,80.2425079346,66054,66064,10
13.0591001511,80.2425384521,66064,66074,10
13.0588302612,80.2425918579,66074,66084,10
13.0587997437,80.2425918579,66084,66094,10
13.058549881,80.2426605225,66094,66125,31
13.058549881,80.2426605225,66125,66135,10
13.0582799911,80.24269104,66135,66145,10
13.0580301285,80.2427368164,66145,66185,40
13.0580301285,80.2427368164,66185,66195,10
13.0577497482,80.2427978516,66195,66205,10
13.0574502945,80.2428436279,66205,66215,10
13.0571603775,80.2428283691,66215,66256,41
13.0571603775,80.2428283691,66256,66266,10
13.0569295883,80.2427368164,66266,66286,20
13.0569295883,80.2427368164,66286,66296,10
13.0567598343,80.2426986694,66296,66306,10
13.056599617,80.2426528931,66306,66316,10
13.0562696457,80.2425231934,66316,66347,31
13.0562696457,80.2425231934,66347,66357,10
13.0555896759,80.2423019409,66357,66417,60
13.0555896759,80.2423019409,66417,66427,10
13.0552301407,80.2423019409,66427,66437,10
13.0550498962,80.2423324585,66437,66448,11
13.0548801422,80.242401123,66448,66458,10
13.0548000336,80.2424163818,66458,66468,10
13.0545902252,80.2424087524,66468,66478,10
13.0544099808,80.242401123,66478,66488,10
13.0542001724,80.2423629761,66488,66549,61
13.0542001724,80.2423629761,66549,66559,10
13.0538101196,80.2422790527,66559,66569,10
13.0536899567,80.2422103882,66569,66579,10
13.0534601212,80.2420806885,66579,66589,10
13.0530595779,80.241897583,66589,66599,10
13.0525798798,80.2417373657,66599,66609,10
13.0522203445,80.2412414551,66609,66619,10
13.0520200729,80.2409133911,66619,66629,10
13.0517902374,80.2407531738,66629,66639,10
13.0515403748,80.2406997681,66639,66650,11
13.0513601303,80.2406692505,66650,66661,11
13.0511598587,80.2406234741,66661,66701,40
13.0511598587,80.2406234741,66701,66712,11
13.0508003235,80.2405090332,66712,66722,10
13.0501804352,80.2403793335,66722,66732,10
13.0498399734,80.2403030396,66732,66741,9
13.0495796204,80.2402267456,66741,66752,11
13.0490198135,80.2401199341,66752,66763,11
13.0484800339,80.240020752,66763,66773,10
13.0478200912,80.2398834229,66773,66783,10
13.0473003387,80.2397689819,66783,66823,40
13.0473003387,80.2397689819,66823,66833,10
13.0471000671,80.2397613525,66833,66843,10
13.0468502045,80.2397003174,66843,66853,10
13.0464897156,80.239616394,66853,66863,10
13.046210289,80.2395019531,66863,66874,11
13.0463399887,80.2391586304,66874,66884,10
13.0464000702,80.2386398315,66884,66894,10
13.0465202332,80.2380905151,66894,66904,10
13.0466499329,80.2373733521,66904,66914,10
13.0467796326,80.2366027832,66914,66924,10
13.0469102859,80.2361679077,66924,66934,10
13.0469799042,80.2359237671,66934,66944,10
13.0470104218,80.235748291,66944,66954,10
13.0470304489,80.235496521,66954,66965,11
13.04708004,80.2349472046,66965,66975,10
13.047129631,80.2343521118,66975,66985,10
13.047249794,80.2334365845,66985,67025,40
13.047249794,80.2334365845,67025,67035,10
13.0471601486,80.2330703735,67035,67045,10
13.0467395782,80.2330093384,67045,67055,10
13.0460300446,80.2328491211,67055,67065,10
13.0452404022,80.2326583862,67065,67096,31
13.0452404022,80.2326583862,67096,67106,10
13.0449895859,80.2326278687,67106,67116,10
13.0445203781,80.2325134277,67116,67126,10
13.0438098907,80.2324066162,67126,67136,10
13.0432395935,80.2323379517,67136,67146,10
13.0426797867,80.2323379517,67146,67156,10
13.042140007,80.2323379517,67156,67166,10
13.0414400101,80.2322006226,67166,67176,10
13.0406503677,80.2319564819,67176,67187,11
13.0397396088,80.2316818237,67187,67197,10
13.0388498306,80.2314300537,67197,67207,10
13.0379695892,80.2311706543,67207,67217,10
13.0370998383,80.2309112549,67217,67227,10
13.0365104675,80.2307128906,67227,67316,89
13.0365104675,80.2307128906,67316,67326,10
13.0360403061,80.2305831909,67326,67467,141
13.0360403061,80.2305831909,67467,67477,10
13.0355300903,80.2303619385,67477,67487,10
13.0351896286,80.2303085327,67487,67497,10
13.034819603,80.2303314209,67497,67508,11
13.0347995758,80.2303390503,67508,67518,10
13.0346403122,80.2303466797,67518,67528,10
13.0344295502,80.2304077148,67528,67538,10
13.034239769,80.2304534912,67538,67548,10
13.0340099335,80.2304611206,67548,67568,20
13.0340099335,80.2304611206,67568,67578,10
13.0337896347,80.2304763794,67578,67588,10
13.0334701538,80.2304763794,67588,67598,10
13.0334596634,80.2304763794,67598,67609,11
13.0333900452,80.2304916382,67609,67619,10
13.0329303741,80.2305297852,67619,67629,10
13.0323295593,80.2305984497,67629,67639,10
13.0315799713,80.230682373,67639,67649,10
13.0308303833,80.2307281494,67649,67679,30
13.0308303833,80.2307281494,67679,67689,10
13.0306901932,80.2307128906,67689,67705,16
13.0298500061,80.2308197021,67705,67726,21
13.0298500061,80.2308197021,67726,67738,12
13.0295600891,80.2308502197,67738,67748,10
13.0290603638,80.2309036255,67748,67757,9
13.0284795761,80.2309570313,67757,67768,11
13.0278396606,80.2310180664,67768,67778,10
13.0276603699,80.2313995361,67778,67788,10
13.0277099609,80.2320327759,67788,67798,10
13.0278196335,80.2326202393,67798,67808,10
13.0276298523,80.2328720093,67808,67819,11
13.0272197723,80.2329483032,67819,67849,30
13.0272197723,80.2329483032,67849,67859,10
13.0270500183,80.232963562,67859,67869,10
13.027009964,80.2329788208,67869,67879,10
13.0268201828,80.2330169678,67879,67889,10
13.026599884,80.2330474854,67889,67899,10
13.0265102386,80.233039856,67899,67909,10
13.0263700485,80.2328567505,67909,67919,10
13.0262804031,80.2326431274,67919,67930,11
13.026260376,80.2325820923,67930,67940,10
13.0262203217,80.232421875,67940,67950,10
13.0262002945,80.2322769165,67950,67960,10
13.0261497498,80.2321014404,67960,67970,10
13.0261201859,80.2319107056,67970,67980,10
13.026049614,80.2317276001,67980,67990,10
13.0259599686,80.2313537598,67990,68000,10
13.0257501602,80.2306976318,68000,68010,10
13.0253295898,80.2299575806,68010,68020,10
13.0248003006,80.229309082,68020,68030,10
13.0241203308,80.228477478,68030,68061,31
13.0241203308,80.228477478,68061,68071,10
13.0240602493,80.2284393311,68071,68080,9
13.0239601135,80.2282180786,68080,68091,11
13.0236902237,80.227897644,68091,68101,10
13.0231800079,80.2274169922,68101,68111,10
13.022600174,80.226890564,68111,68121,10
13.0219802856,80.2263412476,68121,68131,10
13.0213499069,80.2258529663,68131,68141,10
13.0208301544,80.2254333496,68141,68152,11
13.0201702118,80.2249908447,68152,68162,10
13.019490242,80.2245788574,68162,68172,10
13.018529892,80.224609375,68172,68182,10
13.0175600052,80.2249984741,68182,68192,10
13.0167999268,80.2253189087,68192,68201,9
13.0164699554,80.2254562378,68201,68212,11
13.0161600113,80.2255706787,68212,68222,10
13.0156402588,80.2257385254,68222,68232,10
13.0149698257,80.226020813,68232,68242,10
13.0148801804,80.22605896,68242,68253,11
13.014840126,80.2260971069,68253,68263,10
13.0144901276,80.2262115479,68263,68273,10
13.0143203735,80.226272583,68273,68283,10
13.0142698288,80.2262878418,68283,68292,9
13.0139598846,80.2264175415,68292,68303,11
13.0133695602,80.2266311646,68303,68313,10
13.0125799179,80.2269515991,68313,68323,10
13.0116996765,80.2272796631,68323,68333,10
13.0107603073,80.2276611328,68333,68343,10
13.0097398758,80.2280578613,68343,68353,10
13.0090904236,80.2286529541,68353,68364,11
13.0088996887,80.2296905518,68364,68374,10
13.0088195801,80.2302322388,68374,68384,10
13.0087900162,80.2303466797,68384,68394,10
13.008769989,80.23046875,68394,68404,10
13.0087299347,80.2306671143,68404,68414,10
13.0086803436,80.2309875488,68414,68424,10
13.0086297989,80.2312011719,68424,68434,10
13.008600235,80.2313919067,68434,68451,17
13.0085401535,80.2316207886,68451,68463,12
13.0085296631,80.2316818237,68463,68474,11
13.0085000992,80.2318496704,68474,68484,10
13.0084695816,80.2319869995,68484,68494,10
13.0084199905,80.2322235107,68494,68504,10
13.0083503723,80.2326507568,68504,68514,10
13.0082302094,80.2334671021,68514,68564,50
13.0082302094,80.2334671021,68564,68575,11
13.0081701279,80.2335968018,68575,68585,10
13.0081100464,80.2338027954,68585,68595,10
13.0080499649,80.2340621948,68595,68605,10
13.0079898834,80.2343978882,68605,68616,11
13.0079202652,80.2346878052,68616,68635,19
13.0079202652,80.2346878052,68635,68646,11
13.0078697205,80.2348480225,68646,68656,10
13.0078601837,80.2349700928,68656,68666,10
13.0078201294,80.2351608276,68666,68676,10
13.0078201294,80.235168457,68676,68687,11
13.0077800751,80.2353820801,68687,68697,10
13.0076799393,80.2358932495,68697,68707,10
13.0075902939,80.2363967896,68707,68717,10
13.0075798035,80.2364730835,68717,68727,10
13.0075397491,80.2366409302,68727,68737,10
13.0074596405,80.2370605469,68737,68747,10
13.0073604584,80.2375717163,68747,68757,10
13.0073204041,80.2377471924,68757,68767,10
13.0072498322,80.2381362915,68767,68777,10
13.0071201324,80.2388381958,68777,68788,11
13.0069904327,80.2396011353,68788,69040,252
13.0069904327,80.2396011353,69040,69050,10
13.0069599152,80.2397384644,69050,69060,10
13.0068998337,80.2400665283,69060,69070,10
13.0068597794,80.2405319214,69070,69080,10
13.0068302155,80.2406387329,69080,69090,10
13.006770134,80.2408370972,69090,69100,10
13.0067100525,80.241317749,69100,69111,11
13.0066900253,80.2420578003,69111,69121,10
13.0066795349,80.2426834106,69121,69131,10
13.0066604614,80.2431793213,69131,69141,10
13.006649971,80.2439193726,69141,69151,10
13.0066204071,80.244758606,69151,69161,10
13.0066404343,80.2456283569,69161,69171,10
13.0066604614,80.2462997437,69171,69180,9
13.0066795349,80.2467803955,69180,69190,10
13.0066900253,80.2473983765,69190,69201,11
13.0066900253,80.2481765747,69201,69212,11
13.0067300797,80.248916626,69212,69222,10
13.0068101883,80.2492980957,69222,69242,20
13.0068101883,80.2492980957,69242,69252,10
13.0067996979,80.24949646,69252,69262,10
13.0067901611,80.2500610352,69262,69272,10
13.006770134,80.2510986328,69272,69302,30
13.006770134,80.2510986328,69302,69312,10
13.0067396164,80.2512588501,69312,69323,11
13.0066604614,80.2517089844,69323,69333,10
13.0065202713,80.2523727417,69333,69343,10
13.0064897537,80.2530822754,69343,69353,10
13.0064897537,80.2538986206,69353,69363,10
13.0065402985,80.2545623779,69363,69373,10
13.0065402985,80.2546081543,69373,69383,10
13.006529808,80.2547531128,69383,69393,10
13.006529808,80.2549133301,69393,69403,10
13.0065202713,80.2550582886,69403,69413,10
13.0065202713,80.255279541,69413,69424,11
13.0065002441,80.2559432983,69424,69434,10
13.0065202713,80.2565765381,69434,69444,10
13.0065803528,80.2571487427,69444,69514,70
13.0065803528,80.2571487427,69514,69524,10
13.0067195892,80.2574768066,69524,69535,11
13.0063199997,80.2575912476,69535,69545,10
13.0058002472,80.2574462891,69545,69561,16
13.00481987,80.2572097778,69561,69573,12
13.0039997101,80.257019043,69573,69581,8
13.0035200119,80.2569274902,69581,69593,12
13.0030498505,80.2568511963,69593,69602,9
13.0030298233,80.2568435669,69602,69611,9
13.0028095245,80.2567977905,69611,69654,43
13.0028095245,80.2567977905,69654,69663,9
13.002530098,80.2567367554,69663,69674,11
13.0020799637,80.2566833496,69674,69683,9
13.0015001297,80.2565994263,69683,69694,11
13.0008201599,80.2565078735,69694,69704,10
13.0001602173,80.2563781738,69704,69714,10
12.9996004105,80.2562789917,69714,69744,30
12.9996004105,80.2562789917,69744,69755,11
12.9995002747,80.2562332153,69755,69765,10
12.9991397858,80.2561569214,69765,69775,10
12.99862957,80.2560882568,69775,69785,10
12.9981098175,80.2560195923,69785,69825,40
12.9981098175,80.2560195923,69825,69835,10
12.998000145,80.2559967041,69835,69845,10
12.9975595474,80.2559585571,69845,69856,11
12.9968996048,80.256072998,69856,69866,10
12.9967899323,80.2570419312,69866,69886,20
12.9967899323,80.2570419312,69886,69896,10
12.9967699051,80.2572402954,69896,69906,10
12.9967002869,80.2577667236,69906,69916,10
12.9966096878,80.2584609985,69916,69926,10
12.9965600967,80.2590866089,69926,69936,10
12.9964799881,80.2598114014,69936,69946,10
12.9963903427,80.2607269287,69946,69956,10
12.9962797165,80.2616577148,69956,69967,11
12.9962100983,80.2622299194,69967,69987,20
12.9962100983,80.2622299194,69987,69997,10
12.9961204529,80.2626724243,69997,70007,10
12.9960803986,80.2631225586,70007,70017,10
12.9960403442,80.2636795044,70017,70027,10
12.9959602356,80.2644577026,70027,70037,10
12.995880127,80.2652816772,70037,70047,10
12.9958400726,80.2654800415,70047,70057,10
12.9957895279,80.2659988403,70057,70068,11
12.9956798553,80.2669067383,70068,70078,10
12.9960002899,80.2677307129,70078,70098,20
12.9960002899,80.2677307129,70098,70108,10
12.9960603714,80.2677612305,70108,70118,10
12.9964895248,80.2678527832,70118,70128,10
12.9972400665,80.2676773071,70128,70138,10
12.9978704453,80.2675018311,70138,70148,10
12.9984903336,80.267326355,70148,70158,10
12.9991998672,80.2671432495,70158,70168,10
13.0000200272,80.2667770386,70168,70189,21
13.0000200272,80.2667770386,70189,70199,10
13.0000696182,80.2667236328,70199,70209,10
13.0001401901,80.2663574219,70209,70220,11
13.0002002716,80.2658004761,70220,70230,10
13.0003299713,80.2657775879,70230,70239,9
13.0002298355,80.2661972046,70239,70533,294
13.0002202988,80.2663421631,70533,70553,20
13.0002202988,80.2663421631,70553,70563,10
13.0002202988,80.2665634155,70563,70573,10
13.0002202988,80.2667694092,70573,70583,10
12.9999399185,80.2669372559,70583,70593,10
12.9993801117,80.2670593262,70593,70604,11
12.9985799789,80.2672576904,70604,70614,10
12.9979400635,80.2674331665,70614,70624,10
12.9975404739,80.2675704956,70624,70634,10
12.9972200394,80.2676696777,70634,70644,10
12.9968595505,80.2677536011,70644,70654,10
12.9965000153,80.2677764893,70654,70664,10
12.9963197708,80.2677764893,70664,70674,10
12.9959096909,80.2677307129,70674,70684,10
12.9956197739,80.2675170898,70684,70694,10
12.9956302643,80.2674407959,70694,70704,10
12.995639801,80.2673721313,70704,70715,11
12.9957103729,80.2668991089,70715,70725,10
12.9957895279,80.2661972046,70725,70735,10
12.9958696365,80.2653121948,70735,70745,10
12.9959602356,80.2646026611,70745,70755,10
12.9960298538,80.2639389038,70755,70765,10
12.9961204529,80.2631530762,70765,70775,10
12.9961500168,80.2626876831,70775,70785,10
12.9961500168,80.2626800537,70785,70795,10
12.9961795807,80.2624664307,70795,70805,10
12.9961795807,80.262298584,70805,70816,11
12.996219635,80.2619934082,70816,70826,10
12.9962701797,80.26171875,70826,70836,10
12.996339798,80.2610702515,70836,70846,10
12.9964399338,80.2602996826,70846,70856,10
12.9965000153,80.2596130371,70856,70866,10
12.996509552,80.2594070435,70866,70876,10
12.9965400696,80.2591629028,70876,70886,10
12.9966001511,80.2585601807,70886,70896,10
12.9967002869,80.2577133179,70896,70906,10
12.9968099594,80.2564620972,70906,71058,152
12.9968099594,80.2564620972,71058,71068,10
12.9968395233,80.256187439,71068,71078,10
12.9969501495,80.2559280396,71078,71088,10
12.9972496033,80.2559204102,71088,71098,10
12.9981403351,80.2559814453,71098,71128,30
12.9981403351,80.2559814453,71128,71139,11
12.998459816,80.2560424805,71139,71169,30
12.998459816,80.2560424805,71169,71179,10
12.9986400604,80.256111145,71179,71189,10
12.998749733,80.256111145,71189,71199,10
12.9988203049,80.2561187744,71199,71209,10
12.999130249,80.2561721802,71209,71219,10
12.9995002747,80.2562332153,71219,71229,10
12.9998998642,80.2563095093,71229,71240,11
13.0003204346,80.256401062,71240,71250,10
13.0007095337,80.2564926147,71250,71260,10
13.0011301041,80.2565383911,71260,71270,10
13.001830101,80.2566680908,71270,71280,10
13.0025501251,80.2567901611,71280,71290,10
13.0031995773,80.2569122314,71290,71300,10
13.0038099289,80.2570266724,71300,71310,10
13.0042800903,80.2571182251,71310,71320,10
13.00481987,80.2572174072,71320,71330,10
13.0051898956,80.2572784424,71330,71340,10
13.0052404404,80.257270813,71340,71351,11
13.0054502487,80.2573013306,71351,71361,10
13.0058403015,80.2574005127,71361,71377,16
13.0065097809,80.2572021484,71377,71389,12
13.0065002441,80.2563095093,71389,71399,10
13.0064897537,80.2554321289,71399,71409,10
13.0065097809,80.2546234131,71409,71419,10
13.0064897537,80.2534332275,71419,71439,20
13.0064897537,80.2534332275,71439,71449,10
13.0065097809,80.2531585693,71449,71459,10
13.0065097809,80.2525787354,71459,71470,11
13.0066099167,80.251953125,71470,71530,60
13.0066099167,80.251953125,71530,71540,10
13.0066404343,80.2519302368,71540,71550,10
13.0067195892,80.2515182495,71550,71561,11
13.0067501068,80.2507171631,71561,71571,10
13.0067501068,80.2498321533,71571,71581,10
13.0067300797,80.2493133545,71581,71672,91
13.0067300797,80.2493133545,71672,71682,10
13.0067100525,80.2492370605,71682,71692,10
13.0066900253,80.248878479,71692,71702,10
13.0066604614,80.2484283447,71702,71712,10
13.0066404343,80.2481536865,71712,71722,10
13.0066299438,80.2478790283,71722,71873,151
13.0066299438,80.2478790283,71873,71884,11
13.0067300797,80.2475585938,71884,71894,10
13.0067100525,80.2472229004,71894,71904,10
13.0065803528,80.2466125488,71904,72035,131
13.0066204071,80.2462234497,72035,72055,20
13.0066099167,80.2460021973,72055,72085,30
13.0066099167,80.2460021973,72085,72096,11
13.0066099167,80.2456665039,72096,72106,10
13.0066003799,80.2456207275,72106,72116,10
13.0066099167,80.2453994751,72116,72126,10
13.0066003799,80.2451629639,72126,72136,10
13.0066099167,80.2450332642,72136,72146,10
13.0066099167,80.2447967529,72146,72156,10
13.0066003799,80.244682312,72156,72166,10
13.0066003799,80.2444610596,72166,72176,10
13.0066099167,80.2443237305,72176,72186,10
13.0066204071,80.2442016602,72186,72196,10
13.0066204071,80.2440872192,72196,72207,11
13.0066099167,80.2439422607,72207,72217,10
13.0065898895,80.2436676025,72217,72227,10
13.0065803528,80.2434234619,72227,72237,10
13.0065498352,80.2429885864,72237,72247,10
13.006529808,80.2423019409,72247,72257,10
13.0065402985,80.2414398193,72257,72267,10
13.0066204071,80.2408218384,72267,72338,71
13.0066204071,80.2408218384,72338,72354,16
13.0066995621,80.2402572632,72354,72366,12
13.0068397522,80.2395324707,72366,72376,10
13.0069599152,80.2389221191,72376,72386,10
13.0071496964,80.2380065918,72386,72396,10
13.0073099136,80.2373428345,72396,72406,10
13.0073604584,80.236831665,72406,72416,10
13.0073699951,80.2368087769,72416,72427,11
13.0074901581,80.2365112305,72427,72437,10
13.007610321,80.2359466553,72437,72447,10
13.0077495575,80.235206604,72447,72457,10
13.0079202652,80.2343902588,72457,72467,10
13.0081396103,80.2334365845,72467,72477,10
13.0083398819,80.232383728,72477,72487,10
13.0085496902,80.2312774658,72487,72497,10
13.0087499619,80.2302474976,72497,72507,10
13.008939743,80.2292785645,72507,72517,10
13.0091495514,80.2283401489,72517,72528,11
13.009519577,80.227432251,72528,72538,10
13.0099201202,80.2265319824,72538,72548,10
13.0104398727,80.225440979,72548,72568,20
13.0104398727,80.225440979,72568,72578,10
13.0104999542,80.2253570557,72578,72588,10
13.0106296539,80.2250671387,72588,72598,10
13.0107402802,80.224822998,72598,72608,10
13.0109100342,80.2244415283,72608,72618,10
13.0111503601,80.2238693237,72618,72628,10
13.0114603043,80.2231521606,72628,72639,11
13.011759758,80.2223205566,72639,72649,10
13.0120601654,80.2216720581,72649,72659,10
13.012339592,80.2216033936,72659,72669,10
13.0126399994,80.2220535278,72669,72679,10
13.0130395889,80.2225570679,72679,72689,10
13.0133399963,80.2228775024,72689,72699,10
13.0138101578,80.2233428955,72699,72709,10
13.0142002106,80.2237014771,72709,72719,10
13.0144395828,80.2239379883,72719,72729,10
13.0148696899,80.2245178223,72729,72740,11
13.0153398514,80.2249221802,72740,72750,10
13.0153799057,80.224937439,72750,72760,10
13.0156698227,80.2252197266,72760,72770,10
13.0163297653,80.2253875732,72770,72780,10
13.0172100067,80.2250900269,72780,72790,10
13.0181903839,80.2246780396,72790,72800,10
13.0190401077,80.2243728638,72800,72810,10
13.0192203522,80.2243728638,72810,72819,9
13.0193300247,80.2244110107,72819,72829,10
13.0196199417,80.2245788574,72829,72840,11
13.0200195313,80.224861145,72840,72851,11
13.0205097198,80.2252120972,72851,72861,10
13.0210399628,80.2256011963,72861,72870,9
13.0214996338,80.2259368896,72870,72881,11
13.0221595764,80.2264480591,72881,72891,10
13.0228099823,80.2270126343,72891,72901,10
13.0234603882,80.2276077271,72901,72911,10
13.0239801407,80.2281036377,72911,72921,10
13.024310112,80.2284927368,72921,72931,10
13.0245895386,80.2288970947,72931,72941,10
13.0248403549,80.2292785645,72941,72951,10
13.0251998901,80.2297286987,72951,72962,11
13.0256204605,80.2303619385,72962,72972,10
13.0258598328,80.2309036255,72972,72982,10
13.0259799957,80.2313537598,72982,72992,10
13.0263500214,80.2313079834,72992,73002,10
13.0270595551,80.2311325073,73002,73012,10
13.0282297134,80.2309570313,73012,73032,20
13.0282297134,80.2309570313,73032,73042,10
13.0284700394,80.2309799194,73042,73052,10
13.0289697647,80.2308883667,73052,73083,31
13.0289697647,80.2308883667,73083,73093,10
13.0293197632,80.2308807373,73093,73103,10
13.0295600891,80.2308578491,73103,73113,10
13.0298595428,80.2308425903,73113,73123,10
13.0304203033,80.230796814,73123,73133,10
13.03083992,80.230758667,73133,73143,10
13.0313997269,80.2307128906,73143,73153,10
13.031920433,80.230682373,73153,73163,10
13.0323896408,80.2306365967,73163,73174,11
13.033200264,80.2305831909,73174,73183,9
13.0337400436,80.2305221558,73183,73194,11
13.0342102051,80.2304382324,73194,73244,50
13.0342102051,80.2304382324,73244,73254,10
13.0343799591,80.2304077148,73254,73264,10
13.0344696045,80.2303771973,73264,73275,11
13.0347499847,80.2304000854,73275,73285,10
13.0349302292,80.2305984497,73285,73295,10
13.0349197388,80.2307434082,73295,73305,10
13.0349197388,80.2309036255,73305,73315,10
13.0348701477,80.2312011719,73315,73325,10
13.0348100662,80.2316970825,73325,73335,10
13.0347003937,80.2324295044,73335,73345,10
13.034620285,80.2330322266,73345,73355,10
13.0345697403,80.2333831787,73355,73365,10
13.0344896317,80.2338790894,73365,73375,10
13.0343999863,80.2345428467,73375,73386,11
13.0342798233,80.2354507446,73386,73395,9
13.0342197418,80.2360992432,73395,73406,11
13.0341396332,80.2371673584,73406,73426,20
13.0341396332,80.2371673584,73426,73436,10
13.0341300964,80.2373199463,73436,73446,10
13.034330368,80.2376403809,73446,73456,10
13.0345497131,80.237991333,73456,73466,10
13.0348796844,80.2385177612,73466,73476,10
13.035200119,80.2390670776,73476,73487,11
13.0355997086,80.2394104004,73487,73497,10
13.036190033,80.2394485474,73497,73507,10
13.0368995667,80.2395172119,73507,73517,10
13.0375795364,80.239616394,73517,73527,10
13.0382795334,80.2397232056,73527,73537,10
13.038860321,80.2398071289,73537,73547,10
13.0395002365,80.239906311,73547,73557,10
13.0399398804,80.2399520874,73557,73567,10
13.0402698517,80.2400436401,73567,73587,20
13.0402698517,80.2400436401,73587,73598,11
13.0403900146,80.2402496338,73598,73608,10
13.0403699875,80.2405166626,73608,73618,10
13.0407104492,80.2406082153,73618,73628,10
13.0409603119,80.2406387329,73628,73638,10
13.0411300659,80.2406692505,73638,73648,10
13.041560173,80.2406997681,73648,73658,10
13.0421304703,80.2407608032,73658,73668,10
13.0429801941,80.2408905029,73668,73678,10
13.0437202454,80.2409973145,73678,73688,10
13.0441598892,80.2408905029,73688,73698,10
13.0446195602,80.2405395508,73698,73708,10
13.0451498032,80.2401885986,73708,73719,11
13.0456895828,80.2398376465,73719,73729,10
13.0461702347,80.2396011353,73729,73749,20
13.0461702347,80.2396011353,73749,73759,10
13.0462799072,80.239616394,73759,73769,10
13.0464000702,80.2396316528,73769,73779,10
13.0465202332,80.2396774292,73779,73789,10
13.0469303131,80.2397537231,73789,73799,10
13.0475997925,80.2398910522,73799,73809,10
13.0483198166,80.2400436401,73809,73820,11
13.0491600037,80.2402114868,73820,73836,16
13.0502195358,80.2404327393,73836,73848,12
13.0510196686,80.2406005859,73848,73855,7
13.0511398315,80.2406234741,73855,73868,13
13.0514202118,80.2406921387,73868,73878,10
13.0518302917,80.2407608032,73878,73888,10
13.0523395538,80.2409591675,73888,73898,10
13.0524702072,80.2412185669,73898,73908,10
13.0525197983,80.2414703369,73908,73919,11
13.0528697968,80.241859436,73919,73929,10
13.0538196564,80.2422790527,73929,73949,20
13.0538196564,80.2422790527,73949,73959,10
13.054019928,80.2423629761,73959,73969,10
13.0545301437,80.242401123,73969,73979,10
13.0553102493,80.2423095703,73979,73989,10
13.0560598373,80.2424621582,73989,73999,10
13.0565795898,80.2426681519,73999,74040,41
13.0565795898,80.2426681519,74040,74050,10
13.0568599701,80.2426834106,74050,74060,10
13.0572795868,80.2428894043,74060,74070,10
13.0576400757,80.2428665161,74070,74080,10
13.0577602386,80.2428588867,74080,74090,10
13.0581798553,80.2427368164,74090,74100,10
13.0587902069,80.2426071167,74100,74110,10
13.0592899323,80.2425384521,74110,74120,10
13.0597295761,80.2426605225,74120,74130,10
13.0602197647,80.2428436279,74130,74141,11
13.0606203079,80.242980957,74141,74151,10
13.0610704422,80.2431335449,74151,74161,10
13.0615196228,80.2432174683,74161,74171,10
13.0619497299,80.2433013916,74171,74181,10
13.0623197556,80.2433624268,74181,74191,10
13.062379837,80.2433700562,74191,74201,10
13.0625295639,80.2434082031,74201,74211,10
13.0629901886,80.2434768677,74211,74221,10
13.0635795593,80.2435379028,74221,74231,10
13.0642404556,80.2435379028,74231,74242,11
13.0649795532,80.243598938,74242,74252,10
13.0652198792,80.2436065674,74252,74272,20
13.0652198792,80.2436065674,74272,74282,10
13.0653095245,80.2436294556,74282,74292,10
13.0657300949,80.2435836792,74292,74302,10
13.0661001205,80.243522644,74302,74312,10
13.0662403107,80.2434921265,74312,74322,10
13.0664796829,80.2433929443,74322,74332,10
13.0668497086,80.2432479858,74332,74342,10
13.0674104691,80.2429885864,74342,74353,11
13.0682001114,80.2427368164,74353,74363,10
13.0686798096,80.2426071167,74363,74373,10
13.0688295364,80.2425537109,74373,74383,10
13.0691995621,80.2423782349,74383,74393,10
13.0699796677,80.2421188354,74393,74413,20
13.0699796677,80.2421188354,74413,74423,10
13.0700902939,80.2421264648,74423,74433,10
13.0704898834,80.2419967651,74433,74443,10
13.0711402893,80.2418212891,74443,74454,11
13.0719604492,80.2414398193,74454,74464,10
13.0726604462,80.2409973145,74464,74474,10
13.0733098984,80.2407836914,74474,74484,10
13.0736198425,80.2406768799,74484,74494,10
13.0741596222,80.240562439,74494,74504,10
13.0750198364,80.2405471802,74504,74514,10
13.0760297775,80.2405319214,74514,74524,10
13.076880455,80.2406234741,74524,74534,10
13.0770902634,80.2402801514,74534,74544,10
13.0769500732,80.2395935059,74544,74554,10
13.0767402649,80.2387924194,74554,74565,11
13.0765104294,80.2378616333,74565,74575,10
13.0763998032,80.237411499,74575,74595,20
13.0763998032,80.237411499,74595,74605,10
13.0764102936,80.2372665405,74605,74615,10
13.0763101578,80.2368392944,74615,74625,10
13.0761995316,80.2361907959,74625,74635,10
13.0760402679,80.2353973389,74635,74645,10
13.0758399963,80.2345581055,74645,74655,10
13.0758600235,80.2339019775,74655,74665,10
13.0766897202,80.233757019,74665,74686,21
13.0766897202,80.233757019,74686,74696,10
13.0768995285,80.2337417603,74696,74706,10
13.0774202347,80.2336730957,74706,74716,10
13.0781402588,80.2335968018,74716,74726,10
13.0789299011,80.233581543,74726,74736,10
13.0797195435,80.2335586548,74736,74746,10
13.0806598663,80.2335586548,74746,74766,20
13.0806598663,80.2335586548,74766,74777,11
13.0808095932,80.2335662842,74777,74787,10
13.0812702179,80.233581543,74787,74797,10
13.0818796158,80.2335891724,74797,74813,16
13.0820398331,80.2328109741,74813,74825,12
13.0823402405,80.231918335,74825,74835,10
13.0826797485,80.231086731,74835,74845,10
13.0828399658,80.2307434082,74845,74855,10
13.0831003189,80.2308120728,74855,74865,10
13.0831298828,80.2311782837,74865,74875,10
13.0831804276,80.2320785522,74875,74885,10
13.0832595825,80.2328262329,74885,74896,11
13.0833702087,80.233543396,74896,74906,10
13.0839595795,80.2340011597,74906,74936,30
13.0839595795,80.2340011597,74936,74946,10
13.0841999054,80.2340774536,74946,74956,10
13.0846996307,80.2342224121,74956,74966,10
13.0852203369,80.2343063354,74966,74976,10
13.0858001709,80.2344512939,74976,74986,10
13.0862598419,80.2345428467,74986,74997,11
13.0867795944,80.23462677,74997,75007,10
13.0873203278,80.2346420288,75007,75017,10
13.0879001617,80.2342834473,75017,75027,10
13.0879802704,80.2335662842,75027,75037,10
13.0881500244,80.2326965332,75037,75047,10
13.0883798599,80.2318267822,75047,75057,10
13.0886201859,80.2311706543,75057,75067,10
13.0889902115,80.2303924561,75067,75098,31
13.0889902115,80.2303924561,75098,75108,10
13.089099884,80.2301483154,75108,75118,10
13.08934021,80.2297286987,75118,75128,10
13.0897798538,80.229133606,75128,75138,10
13.0903596878,80.2284927368,75138,75148,10
13.0909404755,80.2278594971,75148,75158,10
13.0913801193,80.2273635864,75158,75178,20
13.0913801193,80.2273635864,75178,75188,10
13.091629982,80.2271194458,75188,75198,10
13.0920801163,80.2266387939,75198,75209,11
13.0927295685,80.225982666,75209,75219,10
13.0932302475,80.2254562378,75219,75229,10
13.0932798386,80.2254180908,75229,75239,10
13.0935602188,80.2251205444,75239,75249,10
13.0940198898,80.2246017456,75249,75259,10
13.0945596695,80.2238616943,75259,75269,10
13.09512043,80.2229003906,75269,75279,10
13.0954904556,80.2219161987,75279,75289,10
13.0957803726,80.2210769653,75289,75299,10
13.0960197449,80.2203674316,75299,75309,10
13.0962696075,80.2195968628,75309,75320,11
13.096329689,80.2194137573,75320,75330,10
13.0964403152,80.2191619873,75330,75346,16
13.0966796875,80.2183685303,75346,75358,12
13.0969696045,80.2175598145,75358,75366,8
13.0971498489,80.2170333862,75366,75378,12
13.0971698761,80.2169723511,75378,75388,10
13.0972299576,80.2168426514,75388,75398,10
13.0974397659,80.2163314819,75398,75408,10
13.0977697372,80.2155838013,75408,75419,11
13.0983400345,80.2142791748,75419,75489,70
13.0983400345,80.2142791748,75489,75499,10
13.0984201431,80.2141494751,75499,75509,10
13.0985002518,80.2140274048,75509,75519,10
13.0987997055,80.2141189575,75519,75530,11
13.099439621,80.2143707275,75530,75540,10
13.1001396179,80.2145614624,75540,75570,30
13.1001396179,80.2145614624,75570,75580,10
13.100399971,80.2146835327,75580,75631,51
13.100399971,80.2146835327,75631,75641,10
13.1005096436,80.2147216797,75641,75651,10
13.1004400253,80.2150726318,75651,75661,10
13.1001596451,80.2156829834,75661,75671,10
13.0999498367,80.2161178589,75671,75681,10
13.0998601913,80.2159500122,75681,75691,10
13.1000204086,80.2156219482,75691,75701,10
13.1002597809,80.215057373,75701,76468,767
13.1002597809,80.215057373,76468,76478,10
13.1002502441,80.214630127,76478,76489,11
13.1000404358,80.2145004272,76489,76499,10
13.0998001099,80.2144393921,76499,76509,10
13.0994300842,80.2143478394,76509,76519,10
13.099029541,80.2142105103,76519,76529,10
13.098739624,80.2141036987,76529,76539,10
13.0985898972,80.2140579224,76539,76549,10
13.0984296799,80.2142028809,76549,76559,10
13.0982599258,80.2145996094,76559,76569,10
13.0979995728,80.2151565552,76569,76579,10
13.0977401733,80.2157592773,76579,76589,10
13.0974502563,80.2163772583,76589,76600,11
13.0971698761,80.2171401978,76600,76610,10
13.0968399048,80.2180404663,76610,76620,10
13.096570015,80.2189025879,76620,76630,10
13.0963201523,80.2196426392,76630,76640,10
13.0960197449,80.2204818726,76640,76650,10
13.0957403183,80.2212677002,76650,76660,10
13.0954799652,80.2220916748,76660,76670,10
13.0953598022,80.2224197388,76670,76680,10
13.0952301025,80.2227325439,76680,76690,10
13.0949602127,80.2232894897,76690,76700,10
13.0944795609,80.2240066528,76700,76711,11
13.0939302444,80.2247161865,76711,76721,10
13.0933504105,80.2253875732,76721,76722,1
13.093290329,80.2254562378,76722,76723,1
13.0932197571,80.2255325317,76723,76790,67
13.0902700424,80.2286376953,76790,76800,10
13.0897502899,80.2292175293,76800,76810,10
13.0892601013,80.229927063,76810,76821,11
13.0891103745,80.2302703857,76821,76831,10
13.0889101028,80.2306900024,76831,76841,10
13.0888299942,80.2309036255,76841,76851,10
13.0887403488,80.2310791016,76851,76861,10
13.08852005,80.2314987183,76861,76871,10
13.0883102417,80.232208252,76871,76882,11
13.0880699158,80.2331924438,76882,76892,10
13.08796978,80.2341003418,76892,76902,10
13.0876502991,80.234588623,76902,76912,10
13.0870599747,80.2345962524,76912,76922,10
13.0864295959,80.2345428467,76922,76933,11
13.0858402252,80.2344436646,76933,76943,10
13.085269928,80.2342681885,76943,76953,10
13.0847997665,80.2341308594,76953,76963,10
13.0844802856,80.2340393066,76963,76973,10
13.0840396881,80.2339477539,76973,76983,10
13.0837202072,80.2338867188,76983,76993,10
13.0832395554,80.2338104248,76993,77004,11
13.0826597214,80.2336883545,77004,77013,9
13.082449913,80.2336425781,77013,77025,12
13.0823698044,80.2336120605,77025,77035,10
13.0820198059,80.2335586548,77035,77045,10
13.0814695358,80.2335586548,77045,77055,10
13.0808296204,80.233543396,77055,77065,10
13.0802602768,80.2335586548,77065,77075,10
13.0796899796,80.2335510254,77075,77085,10
13.0794000626,80.2335510254,77085,77095,10
13.0792999268,80.2335662842,77095,77105,10
13.0789604187,80.2335586548,77105,77115,10
13.0784101486,80.233581543,77115,77125,10
13.0778198242,80.2335968018,77125,77136,11
13.0771198273,80.2337265015,77136,77146,10
13.0764398575,80.2338485718,77146,77156,10
13.0758895874,80.234046936,77156,77166,10
13.0759601593,80.2345809937,77166,77176,10
13.0760698318,80.2352218628,77176,77186,10
13.0762500763,80.236038208,77186,77196,10
13.0763597488,80.2368392944,77196,77206,10
13.076499939,80.2373428345,77206,77216,10
13.0765800476,80.2377929688,77216,77226,10
13.0767402649,80.2385025024,77226,77236,10
13.076880455,80.2391586304,77236,77247,11
13.0770397186,80.2397689819,77247,77257,10
13.0771903992,80.2404937744,77257,77267,10
13.0773296356,80.2411880493,77267,77277,10
13.0774402618,80.2417373657,77277,77287,10
13.0776195526,80.2424697876,77287,77297,10
13.0777397156,80.2433013916,77297,77307,10
13.0777597427,80.2441101074,77307,77317,10
13.0778198242,80.2448501587,77317,77327,10
13.0778999329,80.2457504272,77327,77337,10
13.0782003403,80.2475967407,77337,77348,11
13.0782003403,80.2475967407,77348,77358,10
13.0783996582,80.2484436035,77358,77368,10
13.0785799026,80.2491226196,77368,77378,10
13.0787096024,80.2498703003,77378,77388,10
13.0785102844,80.25050354,77388,77398,10
13.0785303116,80.2512435913,77398,77408,10
13.078379631,80.2516403198,77408,77420,12
13.077630043,80.2518081665,77420,77430,10
13.0766401291,80.2519989014,77430,77440,10
13.075799942,80.2521362305,77440,77450,10
13.0745601654,80.252243042,77450,77461,11
13.0737600327,80.2524337769,77461,77471,10
13.0730895996,80.2524185181,77471,77481,10
13.0724697113,80.2523269653,77481,77491,10
13.07213974,80.2517929077,77491,77501,10
13.0720396042,80.2510299683,77501,77511,10
13.0718097687,80.2502288818,77511,77521,10
13.0715703964,80.2492599487,77521,77531,10
13.0714101791,80.2484130859,77531,77541,10
13.0712003708,80.2478637695,77541,77551,10
13.0708999634,80.2471313477,77551,77562,11
13.0703802109,80.2460784912,77562,77572,10
13.069899559,80.2450027466,77572,77582,10
13.0695295334,80.2439498901,77582,77592,10
13.069319725,80.2433776855,77592,77612,20
13.069319725,80.2433776855,77612,77622,10
13.0692596436,80.2431106567,77622,77632,10
13.0691099167,80.2425613403,77632,77642,10
13.0683498383,80.2426834106,77642,77652,10
13.0673503876,80.2429962158,77652,77663,11
13.0663900375,80.2433929443,77663,77673,10
13.0660896301,80.2440567017,77673,77683,10
13.0662403107,80.2451095581,77683,77692,9
13.0664997101,80.2459182739,77692,77702,10
13.0673599243,80.2463378906,77702,77713,11
13.0678596497,80.2469482422,77713,77723,10
13.0677995682,80.2478179932,77723,77733,10
13.0670795441,80.2479095459,77733,77743,10
13.0663003922,80.2478866577,77743,77753,10
13.0653600693,80.2478179932,77753,77763,10
13.0644302368,80.2477416992,77763,77774,11
13.0633602142,80.2476577759,77774,77783,9
13.0625896454,80.2476806641,77783,77794,11
13.0618000031,80.2475662231,77794,77804,10
13.0613698959,80.2471694946,77804,77814,10
13.0616102219,80.2466964722,77814,77823,9
13.061829567,80.2461471558,77823,77834,11
13.0619802475,80.2455062866,77834,77844,10
13.0622596741,80.2450180054,77844,77854,10
13.0627603531,80.2447433472,77854,77864,10
13.0631103516,80.2443389893,77864,77875,11
13.0631303787,80.2443008423,77875,77885,10
13.0632600784,80.2440719604,77885,77895,10
13.0634202957,80.243560791,77895,77905,10
13.0630302429,80.2434387207,77905,77915,10
13.0625200272,80.2433319092,77915,77925,10
13.0620603561,80.243270874,77925,77935,10
13.0616703033,80.2432022095,77935,77945,10
13.0613098145,80.2431335449,77945,77955,10
13.0607404709,80.2429733276,77955,77965,10
13.0600099564,80.242729187,77965,77975,10
13.0593900681,80.2425537109,77975,77986,11
13.0588197708,80.2426376343,77986,77996,10
13.0583095551,80.2427368164,77996,78006,10
13.0576295853,80.2428665161,78006,78016,10
13.0569400787,80.2428436279,78016,78026,10
13.0563402176,80.2426071167,78026,78036,10
13.0558204651,80.2423477173,78036,78046,10
13.0550203323,80.2423934937,78046,78056,10
13.0542497635,80.242401123,78056,78065,9
13.0538797379,80.2423171997,78065,78076,11
13.053850174,80.2423095703,78076,78086,10
13.0531902313,80.2419433594,78086,78107,21
13.0531902313,80.2419433594,78107,78117,10
13.052980423,80.241859436,78117,78127,10
13.0525598526,80.2416763306,78127,78137,10
13.0522003174,80.2412033081,78137,78147,10
13.0520095825,80.2408676147,78147,78157,10
13.0518798828,80.2407302856,78157,78167,10
13.0516004562,80.2406692505,78167,78177,10
13.0512199402,80.2406234741,78177,78187,10
13.0511703491,80.2406082153,78187,78198,11
13.0509395599,80.2405776978,78198,78207,9
13.0503902435,80.2404632568,78207,78218,11
13.0495901108,80.2402877808,78218,78228,10
13.0488395691,80.2401199341,78228,78238,10
13.0481300354,80.2399902344,78238,78247,9
13.0476303101,80.2398681641,78247,78258,11
13.0470695496,80.2397384644,78258,78268,10
13.0468797684,80.2397003174,78268,78278,10
13.0465602875,80.2396392822,78278,78288,10
13.0464496613,80.239616394,78288,78298,10
13.0462999344,80.2394180298,78298,78309,11
13.0463895798,80.2389297485,78309,78319,10
13.0464801788,80.2384567261,78319,78329,10
13.0465602875,80.2379989624,78329,78339,10
13.0466804504,80.2373962402,78339,78349,10
13.0468301773,80.2367477417,78349,78359,10
13.0469398499,80.2361984253,78359,78368,9
13.0470199585,80.2359008789,78368,78378,10
13.0470695496,80.2356185913,78378,78389,11
13.0471200943,80.2351989746,78389,78399,10
13.0471601486,80.2345199585,78399,78409,10
13.0472202301,80.2338562012,78409,78420,11
13.0472803116,80.2332687378,78420,78430,10
13.0472002029,80.2330093384,78430,78440,10
13.0466995239,80.2329711914,78440,78450,10
13.045920372,80.2328262329,78450,78460,10
13.0450897217,80.2326812744,78460,78470,10
13.0444202423,80.2325592041,78470,78480,10
13.0435600281,80.2323913574,78480,78490,10
13.0426597595,80.2323532104,78490,78500,10
13.0417804718,80.2322769165,78500,78510,10
13.0409097672,80.2320632935,78510,78521,11
13.0398101807,80.2316894531,78521,78531,10
13.0388803482,80.2314224243,78531,78541,10
13.038189888,80.2312316895,78541,78550,9
13.0373401642,80.2309570313,78550,78561,11
13.0368003845,80.230796814,78561,78571,10
13.0364198685,80.2306900024,78571,78581,10
13.0355701447,80.230430603,78581,78641,60
13.0355701447,80.230430603,78641,78652,11
13.0354700089,80.2303771973,78652,78662,10
13.0352401733,80.2303237915,78662,78672,10
13.0348901749,80.2302627563,78672,78682,10
13.0346603394,80.2303237915,78682,78692,10
13.0345001221,80.2303695679,78692,78702,10
13.034330368,80.2304229736,78702,78712,10
13.0340595245,80.2304534912,78712,78722,10
13.0337095261,80.230430603,78722,78733,11
13.0335597992,80.2304229736,78733,78743,10
13.0334396362,80.2304534912,78743,78753,10
13.033080101,80.2304763794,78753,78763,10
13.032699585,80.230506897,78763,78773,10
13.0321502686,80.2305831909,78773,78783,10
13.0314302444,80.2306518555,78783,78793,10
13.0307302475,80.2307281494,78793,78803,10
13.0302801132,80.230758667,78803,78813,10
13.0299701691,80.230796814,78813,78823,10
13.0299596786,80.230796814,78823,78833,10
13.029800415,80.230796814,78833,78844,11
13.0293197632,80.2308731079,78844,78854,10
13.0287303925,80.2309112549,78854,78864,10
13.0281095505,80.23097229,78864,78874,10
13.0276498795,80.231048584,78874,78890,16
13.0276699066,80.2317962646,78890,78902,12
13.0278100967,80.2325592041,78902,78910,8
13.0276699066,80.2328262329,78910,78922,12
13.0270595551,80.2329483032,78922,78942,20
13.0270595551,80.2329483032,78942,78953,11
13.0268602371,80.2329788208,78953,78963,10
13.0266103745,80.233001709,78963,78973,10
13.026309967,80.2326278687,78973,78983,10
13.0261001587,80.2318878174,78983,78993,10
13.0259199142,80.2311630249,78993,79003,10
13.0255403519,80.2302627563,79003,79013,10
13.0250196457,80.2295379639,79013,79023,10
13.0245304108,80.2289199829,79023,79033,10
13.0241804123,80.2285232544,79033,79043,10
13.0241098404,80.2284393311,79043,79054,11
13.0239200592,80.2281570435,79054,79064,10
13.0235795975,80.2277984619,79064,79072,8
13.0231895447,80.2273864746,79072,79086,14
13.0223302841,80.2266311646,79086,79096,10
13.0219802856,80.22631073,79096,79106,10
13.0216703415,80.2260437012,79106,79116,10
13.0211400986,80.2256317139,79116,79126,10
13.0205602646,80.2252120972,79126,79136,10
13.0199203491,80.2248001099,79136,79146,10
13.0190601349,80.2244796753,79146,79156,10
13.0179796219,80.2248306274,79156,79180,24
13.0160303116,80.2256011963,79180,79192,12
13.0154895782,80.2258071899,79192,79202,10
13.0151996613,80.2259216309,79202,79212,10
13.0148000717,80.2260971069,79212,79220,8
13.0145998001,80.2261581421,79220,79232,12
13.0143699646,80.2262420654,79232,79242,10
13.0143098831,80.2262573242,79242,79252,10
13.0139503479,80.2264099121,79252,79262,10
13.0132799149,80.2266616821,79262,79273,11
13.012339592,80.2270431519,79273,79283,10
13.0114097595,80.2274017334,79283,79293,10
13.010430336,80.2277984619,79293,79303,10
13.0095300674,80.2281723022,79303,79313,10
13.0090703964,80.2288513184,79313,79323,10
13.0088596344,80.2299194336,79323,79333,10
13.008649826,80.2309875488,79333,79343,10
13.0084400177,80.2320785522,79343,79353,10
13.0082397461,80.2330627441,79353,79363,10
13.0080604553,80.234046936,79363,79374,11
13.0078601837,80.2350769043,79374,79384,10
13.0076799393,80.2360076904,79384,79394,10
13.0074796677,80.2370376587,79394,79404,10
13.0072898865,80.2379989624,79404,79414,10
13.0071201324,80.2389068604,79414,79424,10
13.0069904327,80.2395629883,79424,79434,10
13.0069198608,80.2398071289,79434,79444,10
13.0068798065,80.2402572632,79444,79454,10
13.0067901611,80.240737915,79454,79464,10
13.0067396164,80.2410125732,79464,79474,10
13.0066900253,80.2416610718,79474,79484,10
13.0066795349,80.2425308228,79484,79495,11
13.0066404343,80.2436828613,79495,79504,9
13.0066404343,80.244720459,79504,79515,11
13.0066604614,80.2459335327,79515,79525,10
13.0066900253,80.2466583252,79525,79535,10
13.0066995621,80.2468185425,79535,79545,10
13.0066900253,80.2469024658,79545,79555,10
13.0066995621,80.247253418,79555,79565,10
13.0066995621,80.2478637695,79565,79575,10
13.0067195892,80.248588562,79575,79586,11
13.006819725,80.2493286133,79586,79596,10
13.006819725,80.2494125366,79596,79606,10
13.006819725,80.2497177124,79606,79616,10
13.0067796707,80.250289917,79616,79626,10
13.0067796707,80.2508010864,79626,79646,20
13.0067796707,80.2508010864,79646,79656,10
13.0067501068,80.2510070801,79656,79666,10
13.0066900253,80.2516098022,79666,79676,10
13.0065803528,80.2521591187,79676,79686,10
13.0065803528,80.2526397705,79686,79697,11
13.0066299438,80.2530136108,79697,79707,10
13.0066204071,80.2535400391,79707,79717,10
13.0066099167,80.2542114258,79717,79737,20
13.0066099167,80.2542114258,79737,79747,10
13.0065898895,80.2542495728,79747,79757,10
13.0065498352,80.2545623779,79757,79767,10
13.0065402985,80.2551727295,79767,79777,10
13.0065698624,80.2560577393,79777,79787,10
13.0065803528,80.2568206787,79787,79798,11
13.0066003799,80.2571716309,79798,79808,10
13.0066099167,80.2572937012,79808,79818,10
13.0066003799,80.2573776245,79818,79828,10
13.0064601898,80.2572402954,79828,79838,10
13.0064697266,80.2567596436,79838,79848,10
13.0064697266,80.2559509277,79848,79858,10
13.0064697266,80.2552108765,79858,79868,10
13.006480217,80.2547836304,79868,80100,232
13.006480217,80.2547836304,80100,80110,10
13.0065498352,80.2547073364,80110,80122,12
13.006529808,80.2542724609,80122,80132,10
13.0065402985,80.253578186,80132,80142,10
13.0065202713,80.2528076172,80142,80152,10
13.0065898895,80.2520980835,80152,80172,20
13.0065898895,80.2520980835,80172,80178,6
13.0066299438,80.251991272,80178,80192,14
13.0067100525,80.2514419556,80192,80202,10
13.0067195892,80.2508163452,80202,80212,10
13.0066795349,80.2500305176,80212,80222,10
13.0066604614,80.2491531372,80222,80233,11
13.0066204071,80.2480697632,80233,80263,30
13.0066204071,80.2480697632,80263,80286,23
13.0066099167,80.2473831177,80286,80298,12
13.0066099167,80.2468566895,80298,80308,10
13.0065603256,80.2465209961,80308,80317,9
13.0066204071,80.2461471558,80317,80328,11
13.0066204071,80.2454910278,80328,80339,11
13.0065603256,80.2448806763,80339,80349,10
13.0065803528,80.2442703247,80349,80359,10
13.0065698624,80.2437210083,80359,80369,10
13.0065498352,80.2430877686,80369,80379,10
13.006529808,80.24243927,80379,80389,10
13.006529808,80.2416229248,80389,80399,10
13.0066299438,80.2407608032,80399,80419,20
13.0066299438,80.2407608032,80419,80429,10
13.0066604614,80.240562439,80429,80440,11
13.0067195892,80.2403488159,80440,80450,10
13.0068397522,80.2398834229,80450,80460,10
13.0069799423,80.2391967773,80460,80470,10
13.0071296692,80.23828125,80470,80479,9
13.0072898865,80.237487793,80479,80490,11
13.0073795319,80.2367706299,80490,80500,10
13.0074901581,80.2364196777,80500,80510,10
13.007610321,80.2358703613,80510,80520,10
13.0077600479,80.235168457,80520,80530,10
13.0079202652,80.2343521118,80530,80540,10
13.008099556,80.2334213257,80540,80551,11
13.0082998276,80.232421875,80551,80561,10
13.008480072,80.2314529419,80561,80571,10
13.0086603165,80.23046875,80571,80581,10
13.0088796616,80.2294921875,80581,80591,10
13.0091104507,80.2284164429,80591,80601,10
13.0094203949,80.2275390625,80601,80611,10
13.0097999573,80.2267074585,80611,80621,10
13.0101900101,80.2258911133,80621,80631,10
13.01060009,80.2250213623,80631,80640,9
13.0109100342,80.2242736816,80640,80652,12
13.0113201141,80.2233810425,80652,80662,10
13.0116300583,80.2226333618,80662,80672,10
13.0118999481,80.2218704224,80672,80682,10
13.012260437,80.2214584351,80682,80692,10
13.0124702454,80.2216873169,80692,80702,10
13.0128202438,80.2221984863,80702,80712,10
13.0133695602,80.2228088379,80712,80722,10
13.0139503479,80.2233276367,80722,80732,10
13.0142498016,80.2236480713,80732,80741,9
13.0145797729,80.2240066528,80741,80752,11
13.0151700974,80.2247467041,80752,80763,11
13.0153999329,80.2249298096,80763,80773,10
13.0155200958,80.2249908447,80773,80783,10
13.0159101486,80.2252807617,80783,80793,10
13.0166501999,80.2252426147,80793,80803,10
13.0175199509,80.2249069214,80803,80813,10
13.0184497833,80.2245178223,80813,80823,10
13.0191898346,80.2242965698,80823,80833,10
13.0195903778,80.2244415283,80833,80843,10
13.0201597214,80.2248306274,80843,80853,10
13.0207595825,80.2252807617,80853,80863,10
13.0214004517,80.225769043,80863,80874,11
13.0221004486,80.22631073,80874,80884,10
13.0225496292,80.2266769409,80884,80894,10
13.0227098465,80.2268218994,80894,80904,10
13.0230903625,80.2272033691,80904,80914,10
13.0236196518,80.2276992798,80914,80924,10
13.024189949,80.2282791138,80924,80934,10
13.024720192,80.2290725708,80934,80944,10
13.024720192,80.2290725708,80944,80954,10
13.0249204636,80.2293395996,80954,80964,10
13.0253400803,80.2298583984,80964,80975,11
13.025759697,80.2305603027,80975,80985,10
13.0258903503,80.2308807373,80985,80995,10
13.0259504318,80.2311401367,80995,81005,10
13.0261497498,80.2313308716,81005,81015,10
13.0266704559,80.2312011719,81015,81024,9
13.0270996094,80.2311019897,81024,81035,11
13.0279798508,80.2309570313,81035,81045,10
13.0286102295,80.2308731079,81045,81054,9
13.0292797089,80.230796814,81054,81065,11
13.0299501419,80.230758667,81065,81075,10
13.0307197571,80.230682373,81075,81086,11
13.0314502716,80.2306289673,81086,81096,10
13.0317201614,80.2306365967,81096,81106,10
13.0321102142,80.2306137085,81106,81116,10
13.0324897766,80.2305679321,81116,81126,10
13.033200264,80.2304992676,81126,81136,10
13.0338802338,80.23046875,81136,81146,10
13.0342597961,80.2303924561,81146,81166,20
13.0342597961,80.2303924561,81166,81176,10
13.0344200134,80.2303619385,81176,81187,11
13.0346403122,80.2303237915,81187,81197,10
13.0346603394,80.2303237915,81197,81207,10
13.0348300934,80.2303237915,81207,81217,10
13.0349197388,80.2305221558,81217,81227,10
13.0348796844,80.2309036255,81227,81237,10
13.0347995758,80.231590271,81237,81247,10
13.0346899033,80.232383728,81247,81257,10
13.0345802307,80.2331619263,81257,81267,10
13.0344600677,80.2339324951,81267,81277,10
13.0343599319,80.2348632813,81277,81287,10
13.034239769,80.235786438,81287,81298,11
13.0341501236,80.2367172241,81298,81308,10
13.0342102051,80.2372589111,81308,81348,40
13.0342102051,80.2372589111,81348,81358,10
13.0343999863,80.2376708984,81358,81368,10
13.0346899033,80.2381515503,81368,81378,10
13.0350198746,80.2386779785,81378,81387,9
13.0353603363,80.2391662598,81387,81398,11
13.0357398987,80.2393798828,81398,81409,11
13.0363397598,80.2394485474,81409,81419,10
13.0369997025,80.2395324707,81419,81429,10
13.0376396179,80.2395935059,81429,81438,9
13.0382699966,80.2396697998,81438,81449,11
13.0391597748,80.2397613525,81449,81459,10
13.0396404266,80.2398376465,81459,81469,10
13.040140152,80.239906311,81469,81479,10
13.0403604507,80.2401199341,81479,81489,10
13.0403604507,80.2404174805,81489,81499,10
13.0406503677,80.2405319214,81499,81510,11
13.0408802032,80.240562439,81510,81520,10
13.04088974,80.2405471802,81520,81530,10
13.0412502289,80.2406005859,81530,81540,10
13.0418395996,80.2406616211,81540,81550,10
13.0426197052,80.2407608032,81550,81560,10
13.0434503555,80.2408828735,81560,81570,10
13.044500351,80.2405776978,81570,81590,20
13.044500351,80.2405776978,81590,81600,10
13.0446395874,80.2404174805,81600,81610,10
13.045129776,80.2401275635,81610,81621,11
13.0457897186,80.2396774292,81621,81631,10
13.0460596085,80.2395172119,81631,81641,10
13.0461997986,80.2395019531,81641,81651,10
13.0465898514,80.2396011353,81651,81667,16
13.047539711,80.2397994995,81667,81679,12
13.0484104156,80.2399902344,81679,81689,10
13.049079895,80.2400970459,81689,81701,12
13.0500001907,80.2403106689,81701,81711,10
13.0506496429,80.2404327393,81711,81721,10
13.0509004593,80.2405014038,81721,81732,11
13.0510702133,80.2405471802,81732,81742,10
13.0512304306,80.2406005859,81742,81751,9
13.0516796112,80.2406768799,81751,81763,12
13.0524301529,80.2409667969,81763,81773,10
13.0526103973,80.2415618896,81773,81783,10
13.0532302856,80.2419128418,81783,81793,10
13.0538597107,80.2421875,81793,81803,10
13.054019928,80.2422332764,81803,81813,10
13.054400444,80.2423019409,81813,81823,10
13.0551204681,80.2422409058,81823,81834,11
13.0560703278,80.2423629761,81834,81844,10
13.0567102432,80.2425765991,81844,81854,10
13.0571699142,80.2427597046,81854,81864,10
13.0579299927,80.242729187,81864,81874,10
13.0586204529,80.2425994873,81874,81884,10
13.0592803955,80.2425384521,81884,81894,10
13.0600004196,80.242729187,81894,81904,10
13.0603704453,80.2428131104,81904,81914,10
13.0608997345,80.2429580688,81914,81924,10
13.0614795685,80.2431182861,81924,81935,11
13.0620203018,80.2432327271,81935,81945,10
13.0622797012,80.2432785034,81945,81955,10
13.0625,80.2433319092,81955,81965,10
13.06291008,80.2434005737,81965,81975,10
13.0634202957,80.2434768677,81975,81985,10
13.0638999939,80.2434997559,81985,81995,10
13.0642404556,80.2435302734,81995,82005,10
13.0655498505,80.2434997559,82005,82042,37
13.0655498505,80.2434997559,82042,82054,12
13.0656995773,80.243522644,82054,82063,9
13.0661001205,80.2434616089,82063,82074,11
13.0666799545,80.2432479858,82074,82084,10
13.067150116,80.2430419922,82084,82094,10
13.0678596497,80.242767334,82094,82104,10
13.0687103271,80.2425231934,82104,82114,10
13.0694303513,80.2422103882,82114,82124,10
13.0698299408,80.2421188354,82124,82134,10
13.0699396133,80.2421112061,82134,82144,10
13.0703001022,80.2420196533,82144,82155,11
13.0709896088,80.2417984009,82155,82165,10
13.0717697144,80.2414321899,82165,82175,10
13.0724897385,80.2409896851,82175,82185,10
13.0732898712,80.2407073975,82185,82195,10
13.0739297867,80.2405319214,82195,82205,10
13.0748195648,80.2404785156,82205,82215,10
13.0757102966,80.2404708862,82215,82225,10
13.0765104294,80.2405090332,82225,82235,10
13.0770301819,80.240562439,82235,82246,11
13.0770101547,80.2398376465,82246,82257,11
13.076789856,80.2388763428,82257,82267,10
13.0766000748,80.2381362915,82267,82277,10
13.0764703751,80.2376174927,82277,82287,10
13.0764198303,80.2374267578,82287,82297,10
13.0763902664,80.237159729,82297,82307,10
13.0762796402,80.2366027832,82307,82317,10
13.0761899948,80.2358016968,82317,82326,9
13.0760002136,80.2349090576,82326,82336,10
13.0758199692,80.2341766357,82336,82347,11
13.0758104324,80.23412323,82347,82357,10
13.0758199692,80.2339401245,82357,82368,11
13.0762996674,80.2337265015,82368,82378,10
13.07695961,80.2336425781,82378,82388,10
13.0776901245,80.2335586548,82388,82398,10
13.0781602859,80.233543396,82398,82408,10
13.0788602829,80.2335281372,82408,82418,10
13.0795202255,80.2335205078,82418,82428,10
13.0796604156,80.2335281372,82428,82438,10
13.0800304413,80.2335205078,82438,82448,10
13.0805902481,80.233543396,82448,82458,10
13.0813302994,80.2335586548,82458,82469,11
13.0818796158,80.2335891724,82469,82479,10
13.0819597244,80.2334136963,82479,82489,10
13.0820503235,80.2328414917,82489,82499,10
13.0823001862,80.2321014404,82499,82509,10
13.0825796127,80.2313308716,82509,82519,10
13.0828399658,80.2307510376,82519,82529,10
13.08314991,80.2309494019,82529,82539,10
13.0832004547,80.2317810059,82539,82549,10
13.0832796097,80.2326812744,82549,82559,10
13.083439827,80.2333526611,82559,82569,10
13.0834903717,80.2336578369,82569,82580,11
13.0836000443,80.2338790894,82580,82590,10
13.0839996338,80.2339630127,82590,82600,10
13.0845899582,80.2341003418,82600,82610,10
13.0853204727,80.2342605591,82610,82620,10
13.0860795975,80.2344207764,82620,82630,10
13.0868797302,80.2345581055,82630,82640,10
13.0876903534,80.2344589233,82640,82650,10
13.0879602432,80.233757019,82650,82660,10
13.0881595612,80.2326889038,82660,82670,10
13.0884504318,80.2316513062,82670,82681,11
13.0888595581,80.2306594849,82681,82691,10
13.0892000198,80.2299499512,82691,82701,10
13.089799881,80.2290725708,82701,82711,10
13.0904998779,80.2282791138,82711,82721,10
13.0911598206,80.2275466919,82721,82730,9
13.091340065,80.2273406982,82730,82740,10
13.0914802551,80.2272109985,82740,82751,11
13.0919399261,80.2267379761,82751,82761,10
13.092590332,80.22605896,82761,82771,10
13.0932598114,80.2253799438,82771,82781,10
13.0934801102,80.2251281738,82781,82792,11
13.0939598083,80.2246170044,82792,82802,10
13.0944795609,80.2239227295,82802,82812,10
13.0950298309,80.2230606079,82812,82822,10
13.095410347,80.2221298218,82822,82832,10
13.0957298279,80.2212371826,82832,82842,10
13.0960197449,80.220413208,82842,82852,10
13.096280098,80.2196426392,82852,82862,10
13.0965299606,80.2189178467,82862,82872,10
13.0967903137,80.2181396484,82872,82882,10
13.0971002579,80.2172698975,82882,82892,10
13.0974302292,80.2164230347,82892,82903,11
13.097820282,80.2154922485,82903,82913,10
13.0981798172,80.2146606445,82913,82929,16
13.0986299515,80.2139434814,82929,82941,12
13.0988998413,80.2141418457,82941,82949,8
13.0993204117,80.2142791748,82949,82960,11
13.0999403,80.2144317627,82960,82971,11
13.1000995636,80.2144775391,82971,82981,10
13.1004600525,80.2146224976,82981,83052,71
13.1004600525,80.2146224976,83052,83062,10
13.1005496979,80.2148590088,83062,83072,10
13.1003398895,80.2153091431,83072,83082,10
13.100060463,80.2159500122,83082,83092,10
13.0997896194,80.2165908813,83092,83102,10
13.0995397568,80.217338562,83102,83113,11
13.0993995667,80.2180862427,83113,83123,10
13.0992803574,80.2188491821,83123,83133,10
13.0992002487,80.2193069458,83133,83143,10
13.0991296768,80.2197036743,83143,83153,10
13.0990200043,80.2204208374,83153,83163,10
13.0988397598,80.2213592529,83163,83173,10
13.098739624,80.2223129272,83173,83183,10
13.0988702774,80.2231521606,83183,83193,10
13.0993795395,80.2238235474,83193,83203,10
13.0996904373,80.2245330811,83203,83214,11
13.0998697281,80.2253723145,83214,83224,10
13.0999698639,80.2261123657,83224,83234,10
13.1000204086,80.2266387939,83234,83244,10
13.1000299454,80.2272872925,83244,83254,10
13.1000003815,80.2279663086,83254,83263,9
13.0999403,80.2285232544,83263,83274,11
13.0998497009,80.2290496826,83274,83284,10
13.0997400284,80.2296600342,83284,83294,10
13.0995798111,80.2303466797,83294,83304,10
13.0993795395,80.2308883667,83304,83314,10
13.0991001129,80.231552124,83314,83325,11
13.0987997055,80.2323379517,83325,83335,10
13.0986404419,80.2330627441,83335,83345,10
13.0985603333,80.2336807251,83345,83355,10
13.0985002518,80.2343521118,83355,83365,10
13.0984096527,80.2350006104,83365,83375,10
13.0983295441,80.2356796265,83375,83385,10
13.0982398987,80.236328125,83385,83395,10
13.098110199,80.2370300293,83395,83405,10
13.0979604721,80.2378311157,83405,83415,10
13.0977897644,80.2386474609,83415,83426,11
13.0977096558,80.2395172119,83426,83436,10
13.0976600647,80.2403030396,83436,83446,10
13.0976104736,80.2407684326,83446,83456,10
13.0975399017,80.2413787842,83456,83466,10
13.0974397659,80.2419891357,83466,83476,10
13.0977201462,80.2422180176,83476,83486,10
13.0982999802,80.2423171997,83486,83496,10
13.0987100601,80.2421722412,83496,83516,20
13.0987100601,80.2421722412,83516,83526,10
13.0987901688,80.2419509888,83526,83537,11
13.0988197327,80.2417907715,83537,83547,10
13.098859787,80.2415771484,83547,83557,10
13.0988998413,80.2413864136,83557,83567,10
13.0989303589,80.2411117554,83567,83668,101
13.0989303589,80.2411117554,83668,83678,10
13.0989599228,80.2410736084,83678,83688,10
13.0990104675,80.2408828735,83688,83698,10
13.0989999771,80.2404022217,83698,83870,172
13.0989999771,80.2404022217,83870,83880,10
13.0987701416,80.2402114868,83880,84576,696
13.0987901688,80.2398376465,84576,86030,1454
13.0987796783,80.2400512695,86030,86272,242
