12.7862195969,80.2217483521,13,6144,6131
12.7862596512,80.2216033936,6144,6699,555
12.7861995697,80.2214889526,6699,14121,7422
12.7864198685,80.2216415405,14121,15009,888
12.7861995697,80.2216567993,15009,15282,273
12.7863702774,80.2216186523,15282,15898,616
12.7861995697,80.2216567993,15898,18032,2134
12.7861995697,80.2216567993,18032,18042,10
12.7861995697,80.221496582,18042,18052,10
12.7861995697,80.2212677002,18052,18062,10
12.7861795425,80.2209472656,18062,18072,10
12.7861700058,80.2205886841,18072,18082,10
12.786190033,80.2203292847,18082,18113,31
12.786190033,80.2203292847,18113,18123,10
12.7865695953,80.220413208,18123,18133,10
12.786939621,80.2205734253,18133,18143,10
12.7874603271,80.2207565308,18143,18153,10
12.7880601883,80.220993042,18153,18163,10
12.7887001038,80.2212524414,18163,18173,10
12.7893400192,80.2214889526,18173,18183,10
12.7896299362,80.2215881348,18183,18193,10
12.790019989,80.2217330933,18193,18204,11
12.7906198502,80.2218933105,18204,18214,10
12.7912998199,80.2220611572,18214,18224,10
12.7920303345,80.2222518921,18224,18234,10
12.7928199768,80.2224121094,18234,18244,10
12.7936897278,80.2225418091,18244,18254,10
12.7945804596,80.2226791382,18254,18264,10
12.7954797745,80.2228393555,18264,18274,10
12.7963399887,80.2229919434,18274,18284,10
12.7972097397,80.22315979,18284,18294,10
12.7981004715,80.2232971191,18294,18305,11
12.7991199493,80.2233963013,18305,18315,10
12.8000602722,80.2234802246,18315,18325,10
12.8009395599,80.2235412598,18325,18335,10
12.801659584,80.2236099243,18335,18345,10
12.8023796082,80.2236862183,18345,18355,10
12.8030900955,80.2238006592,18355,18365,10
12.8037900925,80.2238464355,18365,18375,10
12.8044996262,80.2238998413,18375,18385,10
12.8050804138,80.2239837646,18385,18401,16
12.8054704666,80.2240829468,18401,18414,13
12.8057603836,80.2242202759,18414,18424,10
12.8060998917,80.2244873047,18424,18434,10
12.8065595627,80.224899292,18434,18444,10
12.8070802689,80.2253799438,18444,18453,9
12.8075199127,80.2257537842,18453,18463,10
12.8080701828,80.2262268066,18463,18474,11
12.8087797165,80.2268295288,18474,18484,10
12.8094902039,80.2273483276,18484,18495,11
12.8103599548,80.2277297974,18495,18505,10
12.8109998703,80.2279891968,18505,18516,11
12.8112096786,80.2280731201,18516,18526,10
12.8117904663,80.2282867432,18526,18536,10
12.8125600815,80.2285690308,18536,18546,10
12.8133497238,80.2288513184,18546,18556,10
12.8143701553,80.2291412354,18556,18566,10
12.8153600693,80.2293014526,18566,18576,10
12.8163499832,80.2294387817,18576,18586,10
12.8172998428,80.2296676636,18586,18596,10
12.818189621,80.2300720215,18596,18606,10
12.8190498352,80.2304382324,18606,18617,11
12.8196697235,80.2304534912,18617,18627,10
12.819899559,80.2304382324,18627,18637,10
12.820520401,80.2304077148,18637,18647,10
12.8213500977,80.2304229736,18647,18657,10
12.8221702576,80.2305679321,18657,18667,10
12.8230695724,80.2308273315,18667,18677,10
12.8240203857,80.2311019897,18677,18687,10
12.8249502182,80.2313232422,18687,18697,10
12.825920105,80.2313308716,18697,18707,10
12.8268604279,80.2312164307,18707,18717,10
12.8277301788,80.2308807373,18717,18728,11
12.8286399841,80.2303390503,18728,18738,10
12.8295001984,80.2299499512,18738,18748,10
12.8303604126,80.2296066284,18748,18758,10
12.8310499191,80.2293319702,18758,18768,10
12.8313999176,80.2291870117,18768,18778,10
12.8320598602,80.229019165,18778,18788,10
12.832859993,80.2288589478,18788,18798,10
12.8336801529,80.228729248,18798,18808,10
12.8345003128,80.2285614014,18808,19253,445
12.8345003128,80.2285614014,19253,19263,10
12.8346099854,80.2285614014,19263,19273,10
12.8351802826,80.228477478,19273,19283,10
12.8359804153,80.2283706665,19283,19293,10
12.8369598389,80.2282333374,19293,19303,10
12.8379898071,80.2280731201,19303,19313,10
12.8389396667,80.2278518677,19313,19323,10
12.8394699097,80.227722168,19323,19333,10
12.8397903442,80.2276229858,19333,19343,10
12.8404903412,80.2274169922,19343,19354,11
12.8414697647,80.2271575928,19354,19364,10
12.8424701691,80.2269134521,19364,19374,10
12.8435201645,80.2267227173,19374,19384,10
12.8444595337,80.2266082764,19384,19394,10
12.845410347,80.2265167236,19394,19404,10
12.8454399109,80.2265167236,19404,19414,10
12.845580101,80.2265319824,19414,19424,10
12.8460197449,80.2265396118,19424,19434,10
12.846830368,80.2265396118,19434,19444,10
12.847820282,80.2265396118,19444,19455,11
12.8485002518,80.2265167236,19455,19465,10
12.8489704132,80.2265167236,19465,19475,10
12.8497400284,80.2265014648,19475,19485,10
12.8502397537,80.2264709473,19485,19495,10
12.850689888,80.2265167236,19495,19505,10
12.8515100479,80.2265625,19505,19515,10
12.8524904251,80.2266235352,19515,19525,10
12.8536300659,80.2266082764,19525,19535,10
12.8547897339,80.2264785767,19535,19551,16
12.8566598892,80.226272583,19551,19564,13
12.858130455,80.2261581421,19564,19574,10
12.8590698242,80.2262496948,19574,19584,10
12.8601903915,80.2264099121,19584,19594,10
12.8608102798,80.2264633179,19594,19604,10
12.8609895706,80.2264709473,19604,19614,10
12.8615503311,80.2265014648,19614,19624,10
12.862449646,80.2264633179,19624,19634,10
12.8635396957,80.2264480591,19634,19644,10
12.8647298813,80.2265014648,19644,19654,10
12.8659200668,80.2265167236,19654,19666,12
12.8673095703,80.2264175415,19666,19676,10
12.8684196472,80.2263183594,19676,19686,10
12.8695402145,80.2264175415,19686,19696,10
12.8706502914,80.2265472412,19696,19706,10
12.8715801239,80.2266082764,19706,19716,10
12.8725299835,80.2266082764,19716,19726,10
12.8729095459,80.2266082764,19726,19736,10
12.8732995987,80.2266235352,19736,19746,10
12.8740196228,80.2266693115,19746,19756,10
12.8748102188,80.2267913818,19756,19767,11
12.8757400513,80.2268829346,19767,19777,10
12.876709938,80.226852417,19777,19797,20
12.876709938,80.226852417,19797,19807,10
12.8769598007,80.2268218994,19807,19817,10
12.8775396347,80.2267913818,19817,19827,10
12.8783798218,80.2267227173,19827,19837,10
12.8793897629,80.2266769409,19837,19847,10
12.8804798126,80.2266616821,19847,19857,10
12.8816003799,80.2266464233,19857,19867,10
12.8827695847,80.2266387939,19867,19878,11
12.8840398788,80.2266235352,19878,19888,10
12.8852596283,80.2266387939,19888,19908,20
12.8852596283,80.2266387939,19908,19918,10
12.8853397369,80.2266769409,19918,19928,10
12.8857803345,80.2267684937,19928,19938,10
12.886469841,80.2269668579,19938,19948,10
12.8873195648,80.2271728516,19948,19958,10
12.888250351,80.2272720337,19958,19968,10
12.888589859,80.2272720337,19968,19979,11
12.8889503479,80.2272796631,19979,19989,10
12.8895797729,80.2272872925,19989,19999,10
12.8903799057,80.2272872925,19999,20009,10
12.8912496567,80.2273025513,20009,20019,10
12.8921604156,80.2273178101,20019,20029,10
12.8931503296,80.2274017334,20029,20039,10
12.8941602707,80.2275238037,20039,20049,10
12.8951501846,80.2275695801,20049,20059,10
12.8961496353,80.2276077271,20059,20069,10
12.8972196579,80.2276611328,20069,20079,10
12.8983297348,80.2277526855,20079,20090,11
12.8995504379,80.2278289795,20090,20100,10
12.9006004333,80.2278518677,20100,20110,10
12.9017601013,80.2279129028,20110,20130,20
12.9017601013,80.2279129028,20130,20140,10
12.9021196365,80.2279281616,20140,20150,10
12.9027395248,80.2279586792,20150,20160,10
12.9029302597,80.2279586792,20160,20170,10
12.9031200409,80.2279815674,20170,20180,10
12.903670311,80.2280197144,20180,20191,11
12.9045696259,80.2280807495,20191,20201,10
12.9055404663,80.2281112671,20201,20211,10
12.906370163,80.2281570435,20211,20221,10
12.9068202972,80.2281723022,20221,20231,10
12.906829834,80.2281723022,20231,20241,10
12.9069700241,80.2282028198,20241,20251,10
12.9075098038,80.2282791138,20251,20261,10
12.9083299637,80.2284088135,20261,20271,10
12.9093198776,80.2285690308,20271,20281,10
12.9103603363,80.2287368774,20281,20292,11
12.9115200043,80.2288970947,20292,20302,10
12.9125795364,80.2290496826,20302,20312,10
12.9135303497,80.2291793823,20312,20322,10
12.9140901566,80.2292480469,20322,20332,10
12.9141397476,80.2292633057,20332,20342,10
12.914560318,80.229309082,20342,20352,10
12.9152002335,80.2293777466,20352,20362,10
12.9161596298,80.2295379639,20362,20372,10
12.9172096252,80.2296905518,20372,20382,10
12.9182796478,80.229850769,20382,20392,10
12.919260025,80.2299728394,20392,20402,10
12.9195604324,80.2300033569,20402,20413,11
12.9202003479,80.2301025391,20413,20423,10
12.9210300446,80.2302093506,20423,20433,10
12.9220399857,80.2303466797,20433,20443,10
12.9231004715,80.2305221558,20443,20453,10
12.9242095947,80.2306671143,20453,20463,10
12.9253196716,80.230796814,20463,20473,10
12.926320076,80.2309188843,20473,20483,10
12.9264802933,80.2309265137,20483,20493,10
12.9265699387,80.2309417725,20493,20504,11
12.9270801544,80.2310028076,20504,20514,10
12.9278402328,80.231086731,20514,20524,10
12.9287900925,80.2312316895,20524,20534,10
12.9298696518,80.2314605713,20534,20544,10
12.9309902191,80.2317581177,20544,20554,10
12.9321203232,80.2321166992,20554,20564,10
12.9331598282,80.2324981689,20564,20574,10
12.9337396622,80.232749939,20574,20584,10
12.9337596893,80.2327575684,20584,20594,10
12.9339799881,80.2329025269,20594,20605,11
12.9347200394,80.2332305908,20605,20615,10
12.9355602264,80.2336196899,20615,20625,10
12.9364700317,80.2340621948,20625,20635,10
12.9374599457,80.2345428467,20635,20645,10
12.9385099411,80.2350463867,20645,20654,9
12.9393997192,80.235496521,20654,20665,11
12.9397497177,80.2356491089,20665,20675,10
12.9398603439,80.235710144,20675,20685,10
12.9404296875,80.2359085083,20685,20695,10
12.9412403107,80.2361068726,20695,20705,10
12.9422197342,80.2363586426,20705,20716,11
12.9433202744,80.2369537354,20716,20726,10
12.9441299438,80.2378234863,20726,20736,10
12.9449701309,80.2387313843,20736,20746,10
12.9459295273,80.2394180298,20746,20756,10
12.9469203949,80.2398300171,20756,20766,10
12.9473896027,80.2400131226,20766,20776,10
12.9475097656,80.2400588989,20776,20786,10
12.9479598999,80.2402572632,20786,20796,10
12.9486303329,80.2405319214,20796,20806,10
12.9494304657,80.2408599854,20806,20817,11
12.9504404068,80.2411499023,20817,20827,10
12.9510602951,80.2413330078,20827,20837,10
12.9510803223,80.2413406372,20837,20847,10
12.951210022,80.2414016724,20847,20857,10
12.9516000748,80.2415313721,20857,20867,10
12.9522600174,80.2417602539,20867,20877,10
12.9531002045,80.2421035767,20877,20887,10
12.9539299011,80.2424316406,20887,20897,10
12.9546804428,80.2427368164,20897,20907,10
12.9554395676,80.2430267334,20907,20917,10
12.956199646,80.243347168,20917,20928,11
12.956489563,80.2434616089,20928,20938,10
12.9570398331,80.2436828613,20938,20948,10
12.9577798843,80.2440032959,20948,20958,10
12.9589500427,80.2444610596,20958,20978,20
12.9589500427,80.2444610596,20978,20988,10
12.9592599869,80.2445373535,20988,20998,10
12.9597997665,80.2448196411,20998,21008,10
12.960559845,80.2451934814,21008,21018,10
12.9614896774,80.2456436157,21018,21029,11
12.9625396729,80.2461776733,21029,21039,10
12.9634304047,80.24659729,21039,21049,10
12.963760376,80.2467727661,21049,21059,10
12.9643697739,80.2469863892,21059,21069,10
12.9651403427,80.2472610474,21069,21079,10
12.9660196304,80.2475662231,21079,21089,10
12.9667596817,80.2478637695,21089,21109,20
12.9667596817,80.2478637695,21109,21119,10
12.9669303894,80.2479400635,21119,21130,11
12.96737957,80.2481765747,21130,21140,10
12.9681501389,80.2485198975,21140,21150,10
12.9690799713,80.248878479,21150,21160,10
12.9700803757,80.2492828369,21160,21170,10
12.9711399078,80.2496490479,21170,21180,10
12.9722604752,80.2499465942,21180,21190,10
12.9733600616,80.2502593994,21190,21200,10
12.9743003845,80.2504730225,21200,21210,10
12.9744100571,80.2504806519,21210,21220,10
12.974729538,80.2505874634,21220,21230,10
12.9753704071,80.2508010864,21230,21241,11
12.9763002396,80.2510681152,21241,21251,10
12.9772596359,80.2514190674,21251,21261,10
12.9780797958,80.2520370483,21261,21271,10
12.9785995483,80.2523574829,21271,21291,20
12.9785995483,80.2523574829,21291,21301,10
12.9790096283,80.252532959,21301,21311,10
12.9797096252,80.2526321411,21311,21321,10
12.9806203842,80.2526473999,21321,21331,10
12.9816999435,80.2526168823,21331,21342,11
12.9829502106,80.252571106,21342,21352,10
12.9840402603,80.2523574829,21352,21362,10
12.9851303101,80.2520599365,21362,21372,10
12.986120224,80.2518005371,21372,21382,10
12.9870700836,80.2515563965,21382,21392,10
12.9877004623,80.2514038086,21392,21402,10
12.9880104065,80.2516937256,21402,21412,10
12.9880599976,80.2519226074,21412,21422,10
12.9880800247,80.2521820068,21422,21432,10
12.9880199432,80.2528533936,21432,21443,11
12.9879102707,80.2539215088,21443,21453,10
12.9878196716,80.2549209595,21453,21463,10
12.987739563,80.2557373047,21463,21473,10
12.9880800247,80.2558670044,21473,21483,10
12.9885597229,80.2558822632,21483,21493,10
12.9886198044,80.2558822632,21493,21503,10
12.9888095856,80.255859375,21503,21513,10
12.9893102646,80.2559280396,21513,21523,10
12.9899902344,80.2559967041,21523,21533,10
12.9905796051,80.2559509277,21533,21544,11
12.9911003113,80.2559661865,21544,21554,10
12.9918403625,80.2560119629,21554,21564,10
12.9927501678,80.2559967041,21564,21574,10
12.9936304092,80.2559814453,21574,21584,10
12.9944200516,80.2558898926,21584,21594,10
12.9952402115,80.2558288574,21594,21604,10
12.9960203171,80.2557983398,21604,21614,10
12.9967002869,80.2557983398,21614,21624,10
12.9971399307,80.255821228,21624,21634,10
12.9977703094,80.255859375,21634,21644,10
12.9983797073,80.2559204102,21644,21655,11
12.9988002777,80.2559585571,21655,21665,10
12.9989900589,80.2559890747,21665,21675,10
12.9991102219,80.2559967041,21675,21685,10
12.9995098114,80.2560806274,21685,21695,10
13.0000600815,80.256187439,21695,21705,10
13.0007400513,80.2563323975,21705,21715,10
13.0014801025,80.2564620972,21715,21725,10
13.0022497177,80.2565994263,21725,21735,10
13.0030097961,80.2567520142,21735,21745,10
13.0038003922,80.2569122314,21745,21756,11
13.0048799515,80.2571182251,21756,21766,10
13.0058202744,80.257270813,21766,21776,10
13.0065002441,80.2573394775,21776,21786,10
13.0065803528,80.2570419312,21786,21796,10
13.0065402985,80.2564086914,21796,21805,9
13.0065402985,80.2555618286,21805,21816,11
13.0065402985,80.2544937134,21816,21826,10
13.0065402985,80.2535400391,21826,21836,10
13.0065202713,80.2529983521,21836,21846,10
13.0065498352,80.2527618408,21846,21856,10
13.0066299438,80.252166748,21856,21867,11
13.0067796707,80.2515182495,21867,21877,10
13.0068397522,80.2507629395,21877,21887,10
13.0068101883,80.2497024536,21887,21897,10
13.0067501068,80.2486495972,21897,21907,10
13.0066900253,80.247833252,21907,21917,10
13.0067100525,80.2474212646,21917,21927,10
13.0066795349,80.2469177246,21927,21937,10
13.0066699982,80.2466888428,21937,21947,10
13.0066795349,80.246307373,21947,21957,10
13.0066795349,80.2455825806,21957,21968,11
13.0066795349,80.244682312,21968,21978,10
13.0066404343,80.2437896729,21978,21988,10
13.0066003799,80.2428970337,21988,21998,10
13.0065803528,80.2419433594,21998,22008,10
13.0066299438,80.2409973145,22008,22018,10
13.0067501068,80.2401504517,22018,22028,10
13.0070104599,80.2392883301,22028,22038,10
13.0072002411,80.2382125854,22038,22048,10
13.0074100494,80.237159729,22048,22058,10
13.0074596405,80.2367172241,22058,22069,11
13.0075998306,80.2362518311,22069,22079,10
13.0077600479,80.2355194092,22079,22089,10
13.0079498291,80.2345733643,22089,22099,10
13.0081996918,80.2333679199,22099,22109,10
13.0084400177,80.2321624756,22109,22119,10
13.0086603165,80.2310180664,22119,22129,10
13.0088596344,80.2300109863,22129,22139,10
13.0090503693,80.2290725708,22139,22149,10
13.0093002319,80.2279891968,22149,22159,10
13.0097503662,80.2269973755,22159,22170,11
13.0102796555,80.2259292603,22170,22180,10
13.0107698441,80.2249298096,22180,22190,10
13.0111198425,80.2239608765,22190,22200,10
13.011639595,80.2230834961,22200,22210,10
13.011879921,80.2221984863,22210,22220,10
13.0122203827,80.2214813232,22220,22230,10
13.0124702454,80.2216796875,22230,22239,9
13.012840271,80.2221984863,22239,22250,11
13.0134401321,80.2229309082,22250,22260,10
13.0141401291,80.2236785889,22260,22270,10
13.0147399902,80.2243728638,22270,22281,11
13.0155096054,80.2249832153,22281,22291,10
13.0156402588,80.2250976563,22291,22301,10
13.0159797668,80.2253417969,22301,22311,10
13.016699791,80.2252807617,22311,22321,10
13.0175800323,80.2249298096,22321,22331,10
13.0185499191,80.2245483398,22331,22341,10
13.0195102692,80.2244415283,22341,22351,10
13.0203104019,80.224937439,22351,22361,10
13.021109581,80.2255172729,22361,22371,10
13.0219497681,80.2260971069,22371,22392,21
13.0219497681,80.2260971069,22392,22402,10
13.0222702026,80.2264099121,22402,22412,10
13.0227804184,80.226890564,22412,22422,10
13.0234098434,80.2274780273,22422,22432,10
13.0240802765,80.2281417847,22432,22442,10
13.0246400833,80.2288894653,22442,22452,10
13.0252399445,80.2296676636,22452,22462,10
13.0257797241,80.2305297852,22462,22472,10
13.0260601044,80.2313079834,22472,22482,10
13.0265598297,80.2312469482,22482,22493,11
13.0273895264,80.2310791016,22493,22503,10
13.0279598236,80.2309799194,22503,22513,10
13.0287599564,80.2308807373,22513,22523,10
13.0293598175,80.2308425903,22523,22533,10
13.0300397873,80.2307662964,22533,22543,10
13.0306901932,80.2307281494,22543,22553,10
13.0311899185,80.2306976318,22553,22563,10
13.0318403244,80.2306137085,22563,22573,10
13.0325202942,80.2305374146,22573,22583,10
13.0330600739,80.2304992676,22583,22594,11
13.0339803696,80.2304077148,22594,22614,20
13.0339803696,80.2304077148,22614,22624,10
13.0341796875,80.230430603,22624,22634,10
13.0344600677,80.2304000854,22634,22644,10
13.034740448,80.2303390503,22644,22654,10
13.0349903107,80.2303009033,22654,22664,10
13.034910202,80.2304534912,22664,22674,10
13.0347204208,80.2303695679,22674,22684,10
13.0344295502,80.2304077148,22684,22695,11
13.0335998535,80.2304382324,22695,22725,30
13.0332298279,80.2304382324,22725,22845,120
13.0330295563,80.23046875,22845,25298,2453
13.0330295563,80.23046875,25298,25308,10
13.0329198837,80.2304763794,25308,25319,11
13.0323200226,80.2305374146,25319,25329,10
13.0315198898,80.2306213379,25329,25339,10
13.0306797028,80.2306900024,25339,25349,10
13.0299501419,80.2307662964,25349,25359,10
13.0293798447,80.2308578491,25359,25369,10
13.0286502838,80.2309036255,25369,25379,10
13.0279598236,80.2309799194,25379,25387,8
13.0277204514,80.2310562134,25387,25399,12
13.0277500153,80.2316589355,25399,25409,10
13.0278100967,80.2323303223,25409,25420,11
13.0276403427,80.2327728271,25420,25430,10
13.0269098282,80.2329406738,25430,25450,20
13.0269098282,80.2329406738,25450,25460,10
13.0264596939,80.2329101563,25460,25470,10
13.0262298584,80.2322921753,25470,25480,10
13.0259799957,80.2314376831,25480,25490,10
13.025639534,80.2304229736,25490,25500,10
13.0248804092,80.2293167114,25500,25510,10
13.0242300034,80.228553772,25510,25520,10
13.0238199234,80.2280578613,25520,25531,11
13.0233802795,80.2276000977,25531,25541,10
13.0233402252,80.2275619507,25541,25551,10
13.0230798721,80.2273101807,25551,25561,10
13.0225200653,80.2268066406,25561,25571,10
13.021780014,80.2261123657,25571,25581,10
13.0209798813,80.2255020142,25581,25591,10
13.0201396942,80.2249221802,25591,25601,10
13.0193796158,80.2245025635,25601,25611,10
13.0182304382,80.2247009277,25611,25621,10
13.0170602798,80.2251815796,25621,25632,11
13.0163402557,80.225479126,25632,25642,10
13.0155601501,80.2257385254,25642,25652,10
13.015130043,80.2258834839,25652,25662,10
13.0148496628,80.226020813,25662,25672,10
13.0142498016,80.2262496948,25672,25682,10
13.0140399933,80.2263717651,25682,25692,10
13.0135297775,80.2265625,25692,25701,9
13.0127897263,80.226852417,25701,25712,11
13.0115804672,80.2273178101,25712,25722,10
13.0104198456,80.2277679443,25722,25733,11
13.0093002319,80.2283172607,25733,25743,10
13.0089797974,80.2293167114,25743,25753,10
13.008769989,80.230506897,25753,25763,10
13.0085401535,80.2317810059,25763,25773,10
13.0082798004,80.2334365845,25773,25792,19
13.0082798004,80.2334365845,25792,25803,11
13.0081596375,80.2337799072,25803,25813,10
13.0079698563,80.2345275879,25813,25823,10
13.0077400208,80.2355804443,25823,25833,10
13.0074901581,80.2368164063,25833,25844,11
13.0072803497,80.2382583618,25844,25854,10
13.0070800781,80.2393798828,25854,25864,10
13.0069198608,80.2400817871,25864,25874,10
13.0069303513,80.2401199341,25874,25884,10
13.0069303513,80.2403488159,25884,25894,10
13.0068597794,80.2406463623,25894,25904,10
13.0067996979,80.2409362793,25904,25914,10
13.0067396164,80.2416229248,25914,25924,10
13.0067396164,80.2423477173,25924,25934,10
13.0066795349,80.2431793213,25934,25945,11
13.0066299438,80.2443771362,25945,25955,10
13.0066900253,80.2455368042,25955,25965,10
13.0067396164,80.2464981079,25965,25975,10
13.006770134,80.2471237183,25975,25985,10
13.0067300797,80.2476196289,25985,25995,10
13.0067596436,80.2485198975,25995,26005,10
13.0068902969,80.2494430542,26005,26015,10
13.0068597794,80.2498931885,26015,26025,10
13.0068397522,80.2507095337,26025,26035,10
13.0067796707,80.2511978149,26035,26045,10
13.0066795349,80.251739502,26045,26056,11
13.0065698624,80.2527618408,26056,26066,10
13.0065898895,80.2539215088,26066,26076,10
13.0066404343,80.2548522949,26076,26086,10
13.0066099167,80.2549972534,26086,26096,10
13.0066204071,80.255531311,26096,26106,10
13.0066204071,80.2564086914,26106,26116,10
13.0065498352,80.2574462891,26116,26126,10
13.0060195923,80.2574462891,26126,26142,16
13.0055799484,80.2573776245,26142,26154,12
13.0048704147,80.2572174072,26154,26165,11
13.0039396286,80.2570037842,26165,26173,8
13.0032396317,80.2568511963,26173,26185,12
13.0023698807,80.2566986084,26185,26195,10
13.0015602112,80.2565765381,26195,26205,10
13.0002698898,80.2563781738,26205,26215,10
12.9994802475,80.2562408447,26215,26225,10
12.9988002777,80.2561264038,26225,26245,20
12.9988002777,80.2561264038,26245,26255,10
12.9986801147,80.2560272217,26255,26266,11
12.9982099533,80.2559661865,26266,26276,10
12.9977397919,80.2559204102,26276,26286,10
12.9972400665,80.255897522,26286,26296,10
12.9968595505,80.2559204102,26296,26306,10
12.9963302612,80.2559204102,26306,26316,10
12.9956703186,80.2559280396,26316,26326,10
12.9949197769,80.2559585571,26326,26336,10
12.9941797256,80.2560119629,26336,26346,10
12.9933004379,80.2560577393,26346,26356,10
12.9923200607,80.2560806274,26356,26367,11
12.991350174,80.2560195923,26367,26377,10
12.9905595779,80.2559967041,26377,26387,10
12.989859581,80.2560272217,26387,26397,10
12.9891004562,80.2559967041,26397,26407,10
12.9880304337,80.2558822632,26407,26467,60
12.9880304337,80.2558822632,26467,26478,11
12.9876403809,80.2558364868,26478,26488,10
12.9871101379,80.2557220459,26488,26498,10
12.9863395691,80.2555923462,26498,26508,10
12.9860496521,80.2555389404,26508,26518,10
12.9856500626,80.2554397583,26518,26534,16
12.9845104218,80.2551422119,26534,26546,12
12.9835100174,80.2548828125,26546,26556,10
12.9828395844,80.2546768188,26556,26566,10
12.9821100235,80.2542190552,26566,26576,10
12.9818401337,80.2533416748,26576,26587,11
12.9811296463,80.2527923584,26587,26597,10
12.9804096222,80.2527999878,26597,26607,10
12.980050087,80.2527999878,26607,26617,10
12.9794902802,80.2527236938,26617,26627,10
12.9788999557,80.2526473999,26627,26638,11
12.9788198471,80.2526397705,26638,26648,10
12.9783201218,80.2523803711,26648,26658,10
12.9776496887,80.2518081665,26658,26667,9
12.9767599106,80.2513198853,26667,26678,11
12.9753904343,80.2509078979,26678,26689,11
12.9739303589,80.2505111694,26689,26699,10
12.9728002548,80.2502288818,26699,26709,10
12.9725999832,80.2501983643,26709,26719,10
12.9720897675,80.250038147,26719,26729,10
12.9712896347,80.2498168945,26729,26739,10
12.970290184,80.24949646,26739,26749,10
12.9691200256,80.2490386963,26749,26759,10
12.9678602219,80.2485580444,26759,26769,10
12.9669103622,80.2481384277,26769,26779,10
12.9664402008,80.2478866577,26779,26790,11
12.9660196304,80.2477111816,26790,26800,10
12.9653396606,80.2474365234,26800,26810,10
12.9649896622,80.2473602295,26810,26820,10
12.9646396637,80.2472381592,26820,26830,10
12.9640102386,80.2470092773,26830,26840,10
12.963139534,80.2466125488,26840,26850,10
12.9620304108,80.2460632324,26850,26860,10
12.9608097076,80.2454681396,26860,26870,10
12.9597501755,80.2450027466,26870,26880,10
12.9594202042,80.2448730469,26880,26890,10
12.9593095779,80.2448272705,26890,26901,11
12.9588003159,80.2445831299,26901,26911,10
12.9580802917,80.2442932129,26911,26921,10
12.9574403763,80.2440338135,26921,26931,10
12.9564199448,80.2436676025,26931,26951,20
12.9564199448,80.2436676025,26951,26961,10
12.9560003281,80.2434997559,26961,26971,10
12.9553203583,80.2431488037,26971,26981,10
12.9544496536,80.2427597046,26981,26991,10
12.9534597397,80.2423706055,26991,27002,11
12.9522600174,80.2419204712,27002,27012,10
12.9518499374,80.2417602539,27012,27021,9
12.9516096115,80.2416763306,27021,27033,12
12.9508304596,80.2414016724,27033,27043,10
12.9499902725,80.2411422729,27043,27053,10
12.9493398666,80.2409591675,27053,27063,10
12.9487695694,80.2407302856,27063,27073,10
12.9481401443,80.2404708862,27073,27084,11
12.9475297928,80.2402191162,27084,27094,10
12.9471597672,80.2400665283,27094,27105,11
12.94713974,80.2400588989,27105,27115,10
12.9467802048,80.2398834229,27115,27125,10
12.9461202621,80.2396011353,27125,27135,10
12.9453001022,80.2391815186,27135,27145,10
12.9444799423,80.2383575439,27145,27155,10
12.9436502457,80.2374725342,27155,27165,10
12.9433403015,80.2371673584,27165,27175,10
12.9431295395,80.2369613647,27175,27185,10
12.9425096512,80.2365875244,27185,27195,10
12.9415597916,80.2362976074,27195,27204,9
12.9406003952,80.236076355,27204,27216,12
12.9398603439,80.2358627319,27216,27226,10
12.939740181,80.2358016968,27226,27236,10
12.9393196106,80.2356033325,27236,27246,10
12.9385900497,80.2352294922,27246,27256,10
12.9376497269,80.2347793579,27256,27266,10
12.9366102219,80.2342834473,27266,27276,10
12.935959816,80.2339782715,27276,27286,10
12.9359197617,80.2339630127,27286,27296,10
12.9358501434,80.2339172363,27296,27306,10
12.9354801178,80.2337188721,27306,27317,11
12.9347400665,80.2333831787,27317,27327,10
12.9338703156,80.233001709,27327,27347,20
12.9338703156,80.233001709,27347,27357,10
12.9337301254,80.2329177856,27357,27367,10
12.9332895279,80.232711792,27367,27377,10
12.9326000214,80.2324295044,27377,27387,10
12.9316797256,80.2321395874,27387,27397,10
12.9306001663,80.2318115234,27397,27407,10
12.9295701981,80.2315368652,27407,27418,11
12.9289503098,80.2314071655,27418,27428,10
12.9284896851,80.2313232422,27428,27438,10
12.9277200699,80.2312088013,27438,27448,10
12.9267396927,80.2311019897,27448,27458,10
12.9261798859,80.2310409546,27458,27467,9
12.9261198044,80.2310333252,27467,27478,11
12.9256601334,80.2309799194,27478,27488,10
12.9250001907,80.2309112549,27488,27498,10
12.9240398407,80.230796814,27498,27508,10
12.922949791,80.2306518555,27508,27518,10
12.9217996597,80.2304611206,27518,27529,11
12.920539856,80.2302932739,27529,27539,10
12.9195203781,80.230178833,27539,27549,10
12.9192800522,80.2301635742,27549,27559,10
12.9189901352,80.2301101685,27559,27569,10
12.9183502197,80.2300109863,27569,27579,10
12.9174699783,80.229888916,27579,27589,10
12.9165401459,80.2297515869,27589,27599,10
12.9157600403,80.229637146,27599,27609,10
12.9148397446,80.2295074463,27609,27619,10
12.9133996964,80.2293395996,27619,27640,21
12.9133996964,80.2293395996,27640,27650,10
12.9132404327,80.229309082,27650,27660,10
12.9126596451,80.2292175293,27660,27670,10
12.9118204117,80.2291107178,27670,27680,10
12.9107398987,80.2289428711,27680,27894,214
12.9056301117,80.2282409668,27894,27907,13
12.904709816,80.228187561,27907,27916,9
12.9039001465,80.2281570435,27916,27937,21
12.9039001465,80.2281570435,27937,27948,11
12.903840065,80.2281723022,27948,27958,10
12.9034700394,80.2281417847,27958,27968,10
12.9028997421,80.2280807495,27968,27978,10
12.9026603699,80.2280578613,27978,27988,10
12.902179718,80.2280426025,27988,28018,30
12.902179718,80.2280426025,28018,28028,10
12.9018602371,80.2280273438,28028,28038,10
12.9017000198,80.2280197144,28038,28049,11
12.9013299942,80.228012085,28049,28069,20
12.9013299942,80.228012085,28069,28079,10
12.9010000229,80.2280197144,28079,28099,20
12.9010000229,80.2280197144,28099,28109,10
12.9007101059,80.2279968262,28109,28119,10
12.9003000259,80.2279815674,28119,28129,10
12.8999996185,80.2279510498,28129,28139,10
12.8995704651,80.2279281616,28139,28149,10
12.8993797302,80.2279281616,28149,28160,11
12.8992996216,80.2279129028,28160,28170,10
12.8988599777,80.2278671265,28170,28180,10
12.8981103897,80.2278213501,28180,28190,10
12.8971595764,80.2277679443,28190,28200,10
12.8959903717,80.227722168,28200,28210,10
12.8947095871,80.2276535034,28210,28220,10
12.8935699463,80.2276000977,28220,28230,10
12.8932695389,80.2275695801,28230,28240,10
12.8931598663,80.2275466919,28240,28250,10
12.8926200867,80.2274703979,28250,28261,11
12.8917703629,80.2274017334,28261,28271,10
12.8907699585,80.2274017334,28271,28281,10
12.8896303177,80.2273864746,28281,28291,10
12.8886995316,80.2274093628,28291,28301,10
12.8885002136,80.2274017334,28301,28311,10
12.8880300522,80.2273635864,28311,28321,10
12.887260437,80.2272491455,28321,28331,10
12.8862600327,80.2270278931,28331,28341,10
12.8852396011,80.2267913818,28341,28351,10
12.8849201202,80.2267608643,28351,28361,10
12.8847503662,80.2267608643,28361,28372,11
12.8841295242,80.2267532349,28372,28382,10
12.8832502365,80.2267379761,28382,28392,10
12.8821496964,80.2267608643,28392,28402,10
12.8808603287,80.2267608643,28402,28412,10
12.8794698715,80.2267608643,28412,28422,10
12.8781099319,80.226852417,28422,28432,10
12.877120018,80.2269515991,28432,28442,10
12.8766202927,80.2270126343,28442,28452,10
12.8763904572,80.2270278931,28452,28462,10
12.8762903214,80.2270431519,28462,28473,11
12.8757095337,80.2270278931,28473,28483,10
12.8748598099,80.2269592285,28483,28493,10
12.8737802505,80.2268218994,28493,28503,10
12.8727903366,80.2267837524,28503,28513,10
12.8726596832,80.2267608643,28513,28523,10
12.8723096848,80.2267379761,28523,28533,10
12.8715896606,80.2267227173,28533,28543,10
12.8706598282,80.2266616821,28543,28553,10
12.8695201874,80.2265472412,28553,28563,10
12.8682203293,80.2264404297,28563,28573,10
12.8668804169,80.2265396118,28573,28584,11
12.8654003143,80.2266387939,28584,28594,10
12.8640098572,80.2265777588,28594,28604,10
12.8626499176,80.2265701294,28604,28614,10
12.8614702225,80.2266387939,28614,28624,10
12.8609800339,80.2266464233,28624,28634,10
12.8607397079,80.2266311646,28634,28644,10
12.8600597382,80.2265396118,28644,28654,10
12.8591403961,80.2264022827,28654,28664,10
12.8579702377,80.2262878418,28664,28674,10
12.8566703796,80.2263793945,28674,28685,11
12.8551597595,80.2265396118,28685,28695,10
12.8537397385,80.2266921997,28695,28705,10
12.8523397446,80.2267227173,28705,28715,10
12.8510398865,80.2266693115,28715,28725,10
12.8500003815,80.2266464233,28725,28735,10
12.8498802185,80.2266693115,28735,28745,10
12.8495101929,80.2266464233,28745,28755,10
12.8487501144,80.2266387939,28755,28765,10
12.847700119,80.2266387939,28765,28775,10
12.8465003967,80.2266387939,28775,28786,11
12.8459997177,80.2266387939,28786,28796,10
12.8459701538,80.2266387939,28796,28806,10
12.8456802368,80.2266387939,28806,28816,10
12.845459938,80.2266464233,28816,28826,10
12.8453702927,80.2266387939,28826,28836,10
12.844909668,80.2266693115,28836,28846,10
12.8441295624,80.2267532349,28846,28856,10
12.8431301117,80.226890564,28856,28866,10
12.842040062,80.2271118164,28866,28876,10
12.8409996033,80.2273712158,28876,28886,10
12.8405504227,80.2275238037,28886,28897,11
12.8403301239,80.2276000977,28897,28907,10
12.8402004242,80.2276382446,28907,28917,10
12.8401203156,80.2276763916,28917,28927,10
12.8399095535,80.2277603149,28927,28947,20
12.8399095535,80.2277603149,28947,28957,10
12.8397502899,80.2278213501,28957,28967,10
12.8395900726,80.2278671265,28967,28977,10
12.8391199112,80.2279586792,28977,28987,10
12.8383197784,80.2281188965,28987,28998,11
12.8371801376,80.2283401489,28998,29008,10
12.8359298706,80.2285079956,29008,29018,10
12.8345899582,80.2287063599,29018,29028,10
12.8333101273,80.2289428711,29028,29038,10
12.8323297501,80.2291412354,29038,29048,10
12.8322601318,80.2291564941,29048,29058,10
12.8321695328,80.2291488647,29058,29068,10
12.8316898346,80.2292480469,29068,29078,10
12.8308897018,80.2294998169,29078,29088,10
12.8298196793,80.2298965454,29088,29098,10
12.828619957,80.2304229736,29098,29109,11
12.8272895813,80.2311477661,29109,29119,10
12.8261604309,80.2314071655,29119,29129,10
12.8258800507,80.2314376831,29129,29139,10
12.8253602982,80.2314605713,29139,29149,10
12.8245201111,80.2313766479,29149,29159,10
12.8234395981,80.231086731,29159,29169,10
12.8221998215,80.230682373,29169,29179,10
12.8208703995,80.2304763794,29179,29189,10
12.8196401596,80.2305297852,29189,29199,10
12.818860054,80.2305221558,29199,29210,11
12.8186798096,80.230430603,29210,29220,10
12.8180704117,80.2301177979,29220,29230,10
12.8171396255,80.2296981812,29230,29240,10
12.8159198761,80.2294311523,29240,29250,10
12.8145799637,80.2292480469,29250,29260,10
12.8132095337,80.2288894653,29260,29270,10
12.8118495941,80.2284011841,29270,29280,10
12.8108501434,80.2280578613,29280,29290,10
12.8104801178,80.227897644,29290,29300,10
12.809800148,80.2276000977,29300,29310,10
12.808930397,80.2270889282,29310,29321,11
12.8078804016,80.2261962891,29321,29331,10
12.8070001602,80.2254486084,29331,29341,10
12.8063402176,80.2248382568,29341,29351,10
12.805560112,80.2241897583,29351,29361,10
12.8049898148,80.2240066528,29361,29371,10
12.8048696518,80.2239837646,29371,29381,10
12.8043003082,80.2239074707,29381,29391,10
12.8034601212,80.2238616943,29391,29401,10
12.8024501801,80.223739624,29401,29411,10
12.8013601303,80.2236175537,29411,29422,11
12.8010597229,80.2236328125,29422,29432,10
12.8007698059,80.2236022949,29432,29442,10
12.8001203537,80.2235412598,29442,29452,10
12.7991895676,80.2234573364,29452,29462,10
12.7979698181,80.2233276367,29462,29472,10
12.7966995239,80.2231292725,29472,29482,10
12.7958803177,80.2229919434,29482,29492,10
12.7957601547,80.2229385376,29492,29502,10
12.7951698303,80.2228164673,29502,29512,10
12.7943000793,80.2226715088,29512,29522,10
12.7931604385,80.2225036621,29522,29533,11
12.7918395996,80.2222366333,29533,29543,10
12.7906503677,80.2219619751,29543,29553,10
12.7895898819,80.2216567993,29553,29563,10
12.7887201309,80.2213363647,29563,29573,10
12.7879600525,80.221031189,29573,29583,10
12.7874097824,80.2208404541,29583,29593,10
12.7869997025,80.2206573486,29593,29634,41
12.7869997025,80.2206573486,29634,29644,10
12.7867603302,80.2205429077,29644,29654,10
12.7866296768,80.220489502,29654,29664,10
12.786529541,80.2204589844,29664,29674,10
12.7863502502,80.2203979492,29674,29684,10
12.7862701416,80.2203826904,29684,29694,10
12.7861795425,80.2205581665,29694,29704,10
12.7861995697,80.2208404541,29704,29714,10
12.7861795425,80.2212295532,29714,29724,10
12.7861995697,80.2217330933,29724,29735,11
12.7862195969,80.2220001221,29735,29745,10
12.7862796783,80.2222518921,29745,30705,960
12.7862796783,80.2222518921,30705,30715,10
12.7862796783,80.2218399048,30715,30725,10
12.7862501144,80.2215194702,30725,30735,10
12.7862100601,80.221282959,30735,30745,10
12.7861995697,80.2210464478,30745,30755,10
12.7861995697,80.2209320068,30755,30765,10
12.7861604691,80.2205734253,30765,30796,31
12.7861604691,80.2205734253,30796,30806,10
12.7862300873,80.2203216553,30806,30816,10
12.786359787,80.2203216553,30816,30826,10
12.7866401672,80.2204284668,30826,30836,10
12.7866601944,80.2204437256,30836,30846,10
12.7869300842,80.2205734253,30846,30856,10
12.7872896194,80.220703125,30856,30866,10
12.7877902985,80.2208786011,30866,30876,10
12.7883996964,80.2211380005,30876,30886,10
12.7891302109,80.2214202881,30886,30896,10
12.7896604538,80.2216110229,30896,30907,11
12.790140152,80.2217712402,30907,30917,10
12.7909202576,80.2219619751,30917,30927,10
12.791970253,80.2222213745,30927,30937,10
12.7932596207,80.2224807739,30937,30947,10
12.7944602966,80.22265625,30947,30957,10
12.7954702377,80.2228088379,30957,30967,10
12.7962999344,80.2229690552,30967,30977,10
12.7965698242,80.2229995728,30977,30987,10
12.7969503403,80.2230834961,30987,30997,10
12.7976398468,80.2232131958,30997,31008,11
12.7985897064,80.2233200073,31008,31018,10
12.7996501923,80.2234268188,31018,31028,10
12.8008003235,80.2235412598,31028,31038,10
12.801199913,80.2235565186,31038,31054,16
12.8016500473,80.2236099243,31054,31066,12
12.8023004532,80.2236709595,31066,31076,10
12.8026399612,80.223739624,31076,31085,9
12.8031997681,80.2238082886,31085,31096,11
12.8042497635,80.2238998413,31096,31106,10
12.8049497604,80.2239837646,31106,31117,11
12.8050203323,80.223991394,31117,31127,10
12.805150032,80.2240371704,31127,31137,10
12.8054103851,80.2241134644,31137,31146,9
12.8055696487,80.2241668701,31146,31157,11
12.8060102463,80.2244873047,31157,31167,10
12.8066902161,80.2250900269,31167,31177,10
12.8076000214,80.2258682251,31177,31187,10
12.8086204529,80.2267303467,31187,31197,10
12.8097801208,80.2275238037,31197,31207,10
12.8111000061,80.2280578613,31207,31217,10
12.8124399185,80.2285766602,31217,31228,11
12.813949585,80.2290725708,31228,31238,10
12.8153800964,80.2293395996,31238,31248,10
12.8168001175,80.2295608521,31248,31258,10
12.8180303574,80.2300415039,31258,31268,10
12.8189401627,80.2304077148,31268,31278,10
12.8196496964,80.2304763794,31278,31288,10
12.8196697235,80.2304763794,31288,31298,10
12.8198900223,80.23046875,31298,31308,10
12.8205499649,80.2304534912,31308,31318,10
12.8215103149,80.2304763794,31318,31329,11
12.8228302002,80.230796814,31329,31339,10
12.824139595,80.2311630249,31339,31349,10
12.8253803253,80.2313766479,31349,31359,10
12.8261404037,80.2313232422,31359,31369,10
12.8262300491,80.2313079834,31369,31379,10
12.8267202377,80.231262207,31379,31389,10
12.8274297714,80.2310409546,31389,31399,10
12.8281602859,80.2306518555,31399,31409,10
12.8290596008,80.2301712036,31409,31419,10
12.8302001953,80.2297134399,31419,31429,10
12.8311100006,80.2293395996,31429,31440,11
12.8313703537,80.2292480469,31440,31500,60
12.8313703537,80.2292480469,31500,31510,10
12.831489563,80.2292404175,31510,31520,10
12.8320198059,80.2290878296,31520,31530,10
12.8328504562,80.2289276123,31530,31541,11
12.8340597153,80.2287063599,31541,31551,10
12.8353500366,80.2285003662,31551,31561,10
12.8367099762,80.2282791138,31561,31571,10
12.8380203247,80.2280731201,31571,31581,10
12.8388700485,80.2278823853,31581,31591,10
12.839389801,80.2276611328,31591,31601,10
12.8396501541,80.2275772095,31601,31611,10
12.840089798,80.2275238037,31611,31621,10
12.8408203125,80.2273406982,31621,31631,10
12.8417797089,80.2270812988,31631,31641,10
12.8428697586,80.2268295288,31641,31652,11
12.8439798355,80.2266616821,31652,31662,10
12.8452997208,80.2265319824,31662,31692,30
12.8452997208,80.2265319824,31692,31702,10
12.8454303741,80.2265167236,31702,31712,10
12.8458003998,80.2265319824,31712,31722,10
12.8464202881,80.2265319824,31722,31732,10
12.8472700119,80.2265319824,31732,31742,10
12.8478002548,80.2265396118,31742,31753,11
12.848449707,80.2265396118,31753,31763,10
12.8492803574,80.2265319824,31763,31773,10
12.8502397537,80.2265396118,31773,31783,10
12.8514003754,80.2265930176,31783,31793,10
12.852640152,80.2266387939,31793,31803,10
12.8539104462,80.2265701294,31803,31813,10
12.8552103043,80.2264480591,31813,31823,10
12.8565702438,80.2263183594,31823,31833,10
12.8577299118,80.2261962891,31833,31843,10
12.858300209,80.2261810303,31843,31854,11
12.8589096069,80.2262496948,31854,31864,10
12.8597402573,80.2263565063,31864,31874,10
12.8605298996,80.2264709473,31874,31884,10
12.8606595993,80.2264785767,31884,31894,10
12.8607997894,80.2265319824,31894,31904,10
12.8613500595,80.2265625,31904,31914,10
12.8621997833,80.2265319824,31914,31924,10
12.863240242,80.2264862061,31924,31934,10
12.8644695282,80.2265319824,31934,31944,10
12.865819931,80.2265396118,31944,31954,10
12.8671998978,80.2264633179,31954,31965,11
12.8687200546,80.2263565063,31965,31975,10
12.8701400757,80.2265319824,31975,31985,10
12.8714599609,80.2266235352,31985,31995,10
12.8725404739,80.2266311646,31995,32005,10
12.8727798462,80.2266311646,32005,32015,10
12.873169899,80.2266387939,32015,32025,10
12.8738899231,80.2266921997,32025,32035,10
12.8748197556,80.2267990112,32035,32045,10
12.8761997223,80.2269134521,32045,32066,21
12.8761997223,80.2269134521,32066,32076,10
12.8763198853,80.2269134521,32076,32086,10
12.876660347,80.226890564,32086,32096,10
12.8768901825,80.2268600464,32096,32106,10
12.8769302368,80.2268600464,32106,32116,10
12.8773603439,80.2268295288,32116,32126,10
12.8781204224,80.2267684937,32126,32136,10
12.8790903091,80.2267074585,32136,32146,10
12.880279541,80.2266769409,32146,32156,10
12.8815803528,80.2266769409,32156,32166,10
12.882900238,80.2266769409,32166,32177,11
12.8843202591,80.2266464233,32177,32187,10
12.8854799271,80.2266769409,32187,32207,20
12.8854799271,80.2266769409,32207,32217,10
12.8857402802,80.2267532349,32217,32233,16
12.8867998123,80.2270431519,32233,32245,12
12.8879098892,80.2272415161,32245,32255,10
12.8889102936,80.2273025513,32255,32265,10
12.8899698257,80.2273025513,32265,32275,10
12.8910999298,80.2273101807,32275,32286,11
12.8919696808,80.2272872925,32286,32296,10
12.8924198151,80.2273101807,32296,32306,10
12.8931303024,80.2274017334,32306,32316,10
12.8939199448,80.2275009155,32316,32326,10
12.8946504593,80.2275390625,32326,32336,10
12.8947200775,80.2275390625,32336,32346,10
12.8950300217,80.2275695801,32346,32356,10
12.8956604004,80.2276229858,32356,32366,10
12.8965396881,80.2276382446,32366,32376,10
12.8976202011,80.2276992798,32376,32386,10
12.8987598419,80.2277603149,32386,32397,11
12.899720192,80.2277908325,32397,32417,20
12.899720192,80.2277908325,32417,32427,10
12.8999795914,80.2277908325,32427,32437,10
12.9005498886,80.2278289795,32437,32447,10
12.9010400772,80.2278823853,32447,32457,10
12.9015102386,80.2279205322,32457,32467,10
12.9020595551,80.2279586792,32467,32477,10
12.9024896622,80.2279663086,32477,32487,10
12.9026403427,80.2279815674,32487,32498,11
12.9030799866,80.2279510498,32498,32508,10
12.9035196304,80.2279968262,32508,32538,30
12.9035196304,80.2279968262,32538,32548,10
12.903960228,80.2280273438,32548,32558,10
12.9042797089,80.2280502319,32558,32568,10
12.904540062,80.2280578613,32568,32578,10
12.904800415,80.2281036377,32578,32588,10
12.9049596786,80.2281112671,32588,32599,11
12.9051799774,80.2281188965,32599,32609,10
12.905579567,80.2281570435,32609,32619,10
12.9056997299,80.2281723022,32619,32629,10
12.9059200287,80.2282028198,32629,32730,101
12.9059200287,80.2282028198,32730,32740,10
12.9062995911,80.2282409668,32740,32750,10
12.9064702988,80.2282485962,32750,32760,10
12.9066400528,80.2282409668,32760,32770,10
12.9071102142,80.2282867432,32770,32780,10
12.9071998596,80.2282867432,32780,32790,10
12.9075202942,80.2283172607,32790,32800,10
12.908200264,80.2284164429,32800,32811,11
12.9092302322,80.2285919189,32811,32821,10
12.9103899002,80.2287826538,32821,32831,10
12.911649704,80.2289810181,32831,32841,10
12.9129695892,80.2291793823,32841,32851,10
12.9139604568,80.2292785645,32851,32861,10
12.914059639,80.2292861938,32861,32871,10
12.9143199921,80.2293167114,32871,32881,10
12.9149198532,80.2294082642,32881,32891,10
12.9157600403,80.2295379639,32891,32901,10
12.9167804718,80.2296829224,32901,32911,10
12.9178600311,80.2298431396,32911,32922,11
12.9189596176,80.2299804688,32922,32932,10
12.9193201065,80.2300109863,32932,32942,10
12.9193401337,80.2300109863,32942,32952,10
12.9197101593,80.2300567627,32952,32962,10
12.9203996658,80.2301483154,32962,32972,10
12.9212799072,80.2302627563,32972,32982,10
12.9222898483,80.2304077148,32982,32992,10
12.9233703613,80.2305831909,32992,33002,10
12.9244804382,80.2307434082,33002,33012,10
12.925620079,80.2308425903,33012,33023,11
12.9262599945,80.2308883667,33023,33033,10
12.9262695313,80.2309036255,33033,33043,10
12.9266395569,80.2309494019,33043,33053,10
12.9273300171,80.231048584,33053,33063,10
12.9282197952,80.2311630249,33063,33073,10
12.9292497635,80.2313690186,33073,33083,10
12.930439949,80.2316436768,33083,33093,10
12.9316196442,80.2320022583,33093,33103,10
12.93268013,80.2323532104,33103,33113,10
12.9334001541,80.2326126099,33113,33123,10
12.9335298538,80.232673645,33123,33134,11
12.9337596893,80.2327804565,33134,33144,10
12.9342002869,80.2329864502,33144,33154,10
12.934920311,80.2332992554,33154,33164,10
12.935790062,80.2337036133,33164,33174,10
12.9367799759,80.2341690063,33174,33184,10
12.9378004074,80.2346572876,33184,33194,10
12.9388904572,80.2352218628,33194,33204,10
12.9395399094,80.2355117798,33204,33214,10
12.9395503998,80.2355117798,33214,33224,10
12.9396600723,80.2355499268,33224,33235,11
12.9398403168,80.2356796265,33235,33245,10
12.940320015,80.2358627319,33245,33255,10
12.941069603,80.2360687256,33255,33265,10
12.9419603348,80.2362976074,33265,33275,10
12.9429502487,80.2366867065,33275,33285,10
12.9437799454,80.237411499,33285,33295,10
12.9441404343,80.2378082275,33295,33305,10
12.9443101883,80.2379989624,33305,33315,10
12.944729805,80.2384567261,33315,33325,10
12.9453296661,80.2390594482,33325,33335,10
12.9461803436,80.2395477295,33335,33346,11
12.9471998215,80.2399291992,33346,33372,26
12.9471998215,80.2399291992,33372,33384,12
12.9474601746,80.240020752,33384,33424,40
12.9474601746,80.240020752,33424,33434,10
12.9480400085,80.2402801514,33434,33505,71
12.9480400085,80.2402801514,33505,33515,10
12.9482002258,80.2403106689,33515,33525,10
12.94851017,80.240447998,33525,33535,10
12.9489002228,80.2406005859,33535,33545,10
12.9493999481,80.2408218384,33545,33556,11
12.9500904083,80.2410430908,33556,33566,10
12.9508304596,80.2412490845,33566,33576,10
12.9510402679,80.2413101196,33576,33586,10
12.9511699677,80.2413787842,33586,33596,10
12.9516000748,80.2415237427,33596,33606,10
12.9522399902,80.2417984009,33606,33616,10
12.9531402588,80.2421417236,33616,33626,10
12.9540700912,80.2425231934,33626,33634,8
12.9547700882,80.2427902222,33634,33646,12
12.9555902481,80.2430801392,33646,33656,10
12.9562397003,80.2432479858,33656,33667,11
12.9564599991,80.2433624268,33667,33677,10
12.9569196701,80.2435836792,33677,33687,10
12.9576396942,80.2439498901,33687,33697,10
12.9582796097,80.2442626953,33697,33707,10
12.9587802887,80.2444381714,33707,33717,10
12.9588003159,80.2444381714,33717,33727,10
12.958990097,80.2444992065,33727,33737,10
12.959400177,80.2447128296,33737,33747,10
12.9601402283,80.2450332642,33747,33757,10
12.9608697891,80.2453613281,33757,33768,11
12.9611101151,80.2454833984,33768,33778,10
12.9611597061,80.2455062866,33778,33788,10
12.9615602493,80.2456970215,33788,33798,10
12.9620800018,80.2459564209,33798,33808,10
12.9625797272,80.2462310791,33808,33818,10
12.9629001617,80.246421814,33818,33828,10
12.9631595612,80.2465896606,33828,33838,10
12.9634504318,80.2467193604,33838,33848,10
12.9638299942,80.2468795776,33848,33858,10
12.9644603729,80.2470779419,33858,33868,10
12.9649896622,80.2472610474,33868,33879,11
12.9654903412,80.2474136353,33879,33889,10
12.9657297134,80.2475128174,33889,33899,10
12.9660100937,80.2476425171,33899,33909,10
12.9662799835,80.2477493286,33909,33919,10
12.9666204453,80.2478790283,33919,33929,10
12.9667100906,80.2479095459,33929,33939,10
12.9669103622,80.248008728,33939,33949,10
12.9672403336,80.2481994629,33949,33959,10
12.9679002762,80.2484664917,33959,33969,10
12.96875,80.2488174438,33969,33980,11
12.969909668,80.2492828369,33980,33990,10
12.9710197449,80.249671936,33990,34000,10
12.9722204208,80.25,34000,34010,10
12.9733400345,80.250289917,34010,34020,10
12.974240303,80.2504806519,34020,34030,10
12.9744596481,80.2505264282,34030,34040,10
12.9747600555,80.2506332397,34040,34050,10
12.9753799438,80.2508087158,34050,34060,10
12.9761695862,80.2510375977,34060,34070,10
12.9770498276,80.2513198853,34070,34080,10
12.9778003693,80.2517471313,34080,34091,11
12.9784002304,80.2522583008,34091,34101,10
12.9784498215,80.2522888184,34101,34111,10
12.9785003662,80.2523193359,34111,34121,10
12.9791202545,80.2525634766,34121,34161,40
12.9791202545,80.2525634766,34161,34171,10
12.9792299271,80.252532959,34171,34181,10
12.979640007,80.252571106,34181,34192,11
12.9802103043,80.2526321411,34192,34202,10
12.9808502197,80.2526397705,34202,34323,121
12.9808502197,80.2526397705,34323,34333,10
12.9811000824,80.2526397705,34333,34605,272
12.9811000824,80.2526397705,34605,34616,11
12.9812803268,80.2526397705,34616,34626,10
12.9817495346,80.2526321411,34626,34636,10
12.9821596146,80.2526168823,34636,34646,10
12.9825401306,80.2526016235,34646,34656,10
12.9830303192,80.2525634766,34656,34666,10
12.983830452,80.2524185181,34666,34676,10
12.9846000671,80.2521896362,34676,34686,10
12.9850997925,80.2520599365,34686,34696,10
12.985619545,80.2518997192,34696,34706,10
12.9860401154,80.2517929077,34706,34716,10
12.9863195419,80.2517318726,34716,34727,11
12.9867401123,80.2516174316,34727,34949,222
12.9870500565,80.2515106201,34949,35060,111
12.9870500565,80.2515106201,35060,35070,10
12.9870700836,80.2515106201,35070,35080,10
12.987279892,80.251449585,35080,35090,10
12.9876098633,80.2513580322,35090,35100,10
12.9879302979,80.251449585,35100,35110,10
12.9880504608,80.2519836426,35110,35120,10
12.9880199432,80.2526626587,35120,35130,10
12.9879398346,80.2533569336,35130,35140,10
12.987859726,80.2541732788,35140,35150,10
12.9877700806,80.2551803589,35150,35161,11
12.9877595901,80.2558288574,35161,35171,10
12.9881896973,80.2558898926,35171,35181,10
12.9885997772,80.2558898926,35181,35201,20
12.9885997772,80.2558898926,35201,35211,10
12.9891300201,80.2559204102,35211,35221,10
12.9898395538,80.2559661865,35221,35231,10
12.9904298782,80.2559509277,35231,35241,10
12.9910001755,80.2559890747,35241,35251,10
12.9917697906,80.2560119629,35251,35262,11
12.9928197861,80.2559814453,35262,35272,10
12.9937801361,80.2559432983,35272,35282,10
12.9947395325,80.2558898926,35282,35332,50
12.9947395325,80.2558898926,35332,35342,10
12.9950399399,80.255897522,35342,35352,10
12.9953098297,80.2558822632,35352,35363,11
12.9957504272,80.255859375,35363,35373,10
12.9961996078,80.2558288574,35373,35383,10
12.996509552,80.2558517456,35383,35433,50
12.996509552,80.2558517456,35433,35443,10
12.9969396591,80.255859375,35443,35453,10
12.9971904755,80.2558822632,35453,35463,10
12.9976396561,80.2558822632,35463,35494,31
12.9976396561,80.2558822632,35494,35504,10
12.9982404709,80.2559432983,35504,35514,10
12.9988002777,80.2559967041,35514,35544,30
12.9988002777,80.2559967041,35544,35554,10
12.9991703033,80.2560882568,35554,35564,10
12.9997501373,80.2562103271,35564,35575,11
13.0006198883,80.2563781738,35575,35585,10
13.0014696121,80.2565078735,35585,35595,10
13.0022602081,80.2566223145,35595,35615,20
13.0022602081,80.2566223145,35615,35625,10
13.0024003983,80.2566375732,35625,35635,10
13.0026397705,80.256690979,35635,35645,10
13.0029401779,80.2567520142,35645,35655,10
13.0032300949,80.2568206787,35655,35665,10
13.0032596588,80.2568206787,35665,35675,10
13.0035400391,80.2568664551,35675,35686,11
13.0038204193,80.2569503784,35686,35696,10
13.0040998459,80.257019043,35696,35706,10
13.00440979,80.2570724487,35706,35716,10
13.0048599243,80.2571029663,35716,35736,20
13.0048599243,80.2571029663,35736,35746,10
13.0052700043,80.2571716309,35746,35756,10
13.005490303,80.2572631836,35756,35766,10
13.0060100555,80.2573928833,35766,35776,10
13.0065498352,80.2572937012,35776,35786,10
13.0065202713,80.2566299438,35786,35797,11
13.0065202713,80.2556610107,35797,35807,10
13.0065698624,80.2545928955,35807,35817,10
13.0065402985,80.2533874512,35817,35827,10
13.0065202713,80.2531433105,35827,35837,10
13.0064697266,80.2531204224,35837,35847,10
13.0065002441,80.2526931763,35847,35857,10
13.0065603256,80.2520370483,35857,35867,10
13.0065603256,80.251991272,35867,35877,10
13.006649971,80.2518615723,35877,35887,10
13.0067501068,80.2510223389,35887,36039,152
13.0067501068,80.2510223389,36039,36049,10
13.0067796707,80.250579834,36049,36160,111
13.0067796707,80.250579834,36160,36170,10
13.006770134,80.2502288818,36170,36180,10
13.0067501068,80.2497406006,36180,36190,10
13.0067396164,80.2492370605,36190,36200,10
13.0067195892,80.2489929199,36200,36210,10
13.0066995621,80.2488327026,36210,36352,142
13.0066995621,80.2488327026,36352,36362,10
13.0066795349,80.2485198975,36362,36372,10
13.0066699982,80.248298645,36372,36382,10
13.0066404343,80.2479629517,36382,36513,131
13.0066404343,80.2479629517,36513,36523,10
13.0067396164,80.2476425171,36523,36534,11
13.0067300797,80.2470703125,36534,36544,10
13.0066404343,80.2464675903,36544,36564,20
13.0066404343,80.2464675903,36564,36574,10
13.0066204071,80.2463378906,36574,36584,10
13.0066404343,80.2457962036,36584,36594,10
13.0066404343,80.2450790405,36594,36604,10
13.0066404343,80.2443466187,36604,36614,10
13.0066299438,80.2437820435,36614,36624,10
13.0066099167,80.2432785034,36624,36634,10
13.0065803528,80.2426376343,36634,36645,11
13.0065803528,80.2418136597,36645,36655,10
13.0065603256,80.241569519,36655,36665,10
13.0065803528,80.2413635254,36665,36675,10
13.0066204071,80.2408370972,36675,36685,10
13.0066604614,80.2406768799,36685,36695,10
13.0067100525,80.2404403687,36695,36705,10
13.0067901611,80.240020752,36705,36715,10
13.0069799423,80.2392730713,36715,36725,10
13.0071401596,80.2382965088,36725,36735,10
13.007399559,80.2367782593,36735,36756,21
13.007399559,80.2367782593,36756,36766,10
13.0074501038,80.2366027832,36766,36776,10
13.0075597763,80.2361526489,36776,36786,10
13.0077295303,80.2353820801,36786,36796,10
13.0079202652,80.2344818115,36796,36806,10
13.0081100464,80.233581543,36806,36816,10
13.0084199905,80.2320098877,36816,36826,10
13.0087003708,80.2305908203,36826,36836,10
13.0089797974,80.2291488647,36836,36846,10
13.009349823,80.2277679443,36846,36857,11
13.0099697113,80.2264022827,36857,36866,9
13.0104398727,80.2253875732,36866,36877,11
13.0110397339,80.2241134644,36877,36886,9
13.0114402771,80.2231369019,36886,36897,11
13.0119104385,80.2219085693,36897,36907,10
13.012260437,80.2213363647,36907,36917,10
13.0124797821,80.221572876,36917,36926,9
13.0126800537,80.2218780518,36926,36936,10
13.0129299164,80.2222137451,36936,36947,11
13.0132102966,80.2224884033,36947,36957,10
13.0133304596,80.2226104736,36957,36968,11
13.0135402679,80.2228775024,36968,36978,10
13.0137796402,80.22315979,36978,36988,10
13.0139598846,80.2233734131,36988,36998,10
13.0140800476,80.2235565186,36998,37008,10
13.0143098831,80.2237701416,37008,37018,10
13.0148000717,80.2243804932,37018,37028,10
13.0153398514,80.224822998,37028,37038,10
13.0154600143,80.2249221802,37038,37048,10
13.0156002045,80.2250289917,37048,37058,10
13.0160303116,80.2253417969,37058,37069,11
13.0169496536,80.225151062,37069,37079,10
13.0179595947,80.2247390747,37079,37089,10
13.0189304352,80.224357605,37089,37099,10
13.019610405,80.2244033813,37099,37119,20
13.019610405,80.2244033813,37119,37129,10
13.0197696686,80.2245407104,37129,37139,10
13.0200500488,80.2247924805,37139,37149,10
13.0206098557,80.2251815796,37149,37159,10
13.0212097168,80.2256393433,37159,37169,10
13.0218296051,80.2260665894,37169,37180,11
13.0221204758,80.2263031006,37180,37200,20
13.0221204758,80.2263031006,37200,37210,10
13.0224199295,80.2265701294,37210,37220,10
13.022600174,80.2267379761,37220,37230,10
13.022649765,80.2267913818,37230,37240,10
13.0228395462,80.2269821167,37240,37250,10
13.0230503082,80.227180481,37250,37301,51
13.0230503082,80.227180481,37301,37311,10
13.0233001709,80.2274627686,37311,37321,10
13.023440361,80.2275619507,37321,37331,10
13.0235795975,80.2276535034,37331,37341,10
13.0238304138,80.2278518677,37341,37351,10
13.024140358,80.2281723022,37351,37361,10
13.0244598389,80.2286224365,37361,37402,41
13.0244598389,80.2286224365,37402,37412,10
13.0246801376,80.2289505005,37412,37422,10
13.0249795914,80.229347229,37422,37432,10
13.0253400803,80.2297897339,37432,37442,10
13.0255298615,80.2300491333,37442,37452,10
13.025639534,80.23021698,37452,37462,10
13.0256996155,80.2303619385,37462,37472,10
13.0258302689,80.2306213379,37472,37481,9
13.0259399414,80.2309417725,37481,37493,12
13.0260000229,80.2312011719,37493,37523,30
13.0260000229,80.2312011719,37523,37533,10
13.0261602402,80.2313613892,37533,37543,10
13.0266199112,80.2312393188,37543,37553,10
13.0274400711,80.2310180664,37553,37563,10
13.0280103683,80.2309112549,37563,37573,10
13.0280704498,80.2308883667,37573,37583,10
13.0284004211,80.2308883667,37583,37593,10
13.0287504196,80.2308731079,37593,37614,21
13.0287504196,80.2308731079,37614,37624,10
13.0290498734,80.2308731079,37624,37634,10
13.0295000076,80.2308120728,37634,37644,10
13.0299100876,80.230758667,37644,37725,81
13.0299100876,80.230758667,37725,37735,10
13.0304203033,80.2307128906,37735,37745,10
13.0305299759,80.2306976318,37745,37755,10
13.0309000015,80.2306671143,37755,37765,10
13.0313901901,80.2306213379,37765,37775,10
13.0320501328,80.2305603027,37775,37785,10
13.0327196121,80.230506897,37785,37795,10
13.0334796906,80.2304611206,37795,37806,11
13.034070015,80.2304077148,37806,37817,11
13.0348300934,80.2302017212,37817,37869,52
13.0348300934,80.2302017212,37869,37879,10
13.0350799561,80.2300186157,37879,37889,10
13.0349502563,80.2297592163,37889,37930,41
13.0349502563,80.2297592163,37930,37940,10
13.0345802307,80.2297897339,37940,38010,70
13.0342302322,80.2298583984,38010,38031,21
13.0342302322,80.2298583984,38031,38041,10
13.0342502594,80.2301177979,38041,38233,192
13.0342502594,80.2301177979,38233,38243,10
13.034119606,80.2303009033,38243,38263,20
13.033829689,80.230430603,38263,38283,20
13.033829689,80.230430603,38283,38293,10
13.0334196091,80.23046875,38293,38303,10
13.0330295563,80.230506897,38303,38313,10
13.0324602127,80.2305831909,38313,38323,10
13.0318403244,80.2306518555,38323,38333,10
13.0312004089,80.2306976318,38333,38343,10
13.0308799744,80.2307434082,38343,38354,11
13.0300798416,80.2308120728,38354,38374,20
13.0300798416,80.2308120728,38374,38384,10
13.0297803879,80.2308425903,38384,38394,10
13.0293197632,80.2308883667,38394,38404,10
13.0286102295,80.2309494019,38404,38414,10
13.0281000137,80.2310028076,38414,38424,10
13.0277996063,80.2311935425,38424,38434,10
13.0277795792,80.2317276001,38434,38444,10
13.0278100967,80.2324295044,38444,38525,81
13.0278100967,80.2324295044,38525,38535,10
13.0278196335,80.2325897217,38535,38656,121
13.0278196335,80.2325897217,38656,38667,11
13.0278701782,80.2327804565,38667,38677,10
13.0276699066,80.2328414917,38677,38687,10
13.0274200439,80.2328796387,38687,38697,10
13.0271596909,80.2329406738,38697,38707,10
13.0268697739,80.2329864502,38707,38717,10
13.0264797211,80.2329711914,38717,38727,10
13.0262298584,80.2323379517,38727,38737,10
13.0260000229,80.2314834595,38737,38747,10
13.0257196426,80.2305984497,38747,38757,10
13.0251302719,80.2296524048,38757,38778,21
13.0251302719,80.2296524048,38778,38788,10
13.0250396729,80.2296218872,38788,38798,10
13.0248298645,80.2293395996,38798,38808,10
13.0246200562,80.2291030884,38808,38818,10
13.024479866,80.2289199829,38818,38828,10
13.024310112,80.2287063599,38828,38838,10
13.0241003036,80.2284698486,38838,38848,10
13.0239095688,80.2282180786,38848,38864,16
13.0236196518,80.2279434204,38864,38876,12
13.0232000351,80.2274932861,38876,38895,19
13.0232000351,80.2274932861,38895,38906,11
13.0229101181,80.2271575928,38906,38918,12
13.022359848,80.2266235352,38918,38928,10
13.0218000412,80.2261886597,38928,38938,10
13.0212402344,80.2257614136,38938,38948,10
13.0207004547,80.2253570557,38948,38958,10
13.0200500488,80.2249069214,38958,38968,10
13.019200325,80.2244873047,38968,38979,11
13.0180196762,80.2248001099,38979,38989,10
13.0175199509,80.2250137329,38989,38999,10
13.0171203613,80.2251968384,38999,39009,10
13.0165195465,80.2254562378,39009,39019,10
13.0161504745,80.2255783081,39019,39029,10
13.015709877,80.225730896,39029,39039,10
13.0152397156,80.2259292603,39039,39049,10
13.0148897171,80.22605896,39049,39058,9
13.0144195557,80.2262496948,39058,39069,11
13.0140399933,80.2264404297,39069,39079,10
13.0139198303,80.2265014648,39079,39090,11
13.0137701035,80.2265625,39090,39100,10
13.0133495331,80.2266387939,39100,39110,10
13.0125999451,80.2269515991,39110,39120,10
13.0116195679,80.2273330688,39120,39130,10
13.0105600357,80.2277679443,39130,39140,10
13.0096702576,80.2280807495,39140,39150,10
13.0091600418,80.2286376953,39150,39160,10
13.0089597702,80.2295532227,39160,39170,10
13.008769989,80.2305297852,39170,39180,10
13.008600235,80.2313613892,39180,39190,10
13.0085401535,80.2318496704,39190,39201,11
13.008480072,80.2321014404,39201,39211,10
13.0084495544,80.2322769165,39211,39221,10
13.0084104538,80.232460022,39221,39241,20
13.0084104538,80.232460022,39241,39249,8
13.0083799362,80.2326202393,39249,39262,13
13.008310318,80.2329483032,39262,39272,10
13.0082998276,80.2329788208,39272,39282,10
13.0082902908,80.2333221436,39282,39292,10
13.0082302094,80.2335510254,39292,39351,59
13.0082302094,80.2335510254,39351,39363,12
13.0080900192,80.2340087891,39363,39373,10
13.0080299377,80.2343597412,39373,39383,10
13.0079402924,80.2348632813,39383,39393,10
13.0078401566,80.2353668213,39393,39403,10
13.0078001022,80.2355575562,39403,39414,11
13.0076599121,80.2362365723,39414,39434,20
13.0076599121,80.2362365723,39434,39444,10
13.0076198578,80.2364578247,39444,39454,10
13.0075902939,80.2366027832,39454,39464,10
13.0075397491,80.2368392944,39464,39474,10
13.0074396133,80.2373123169,39474,39484,10
13.007349968,80.2378234863,39484,39494,10
13.0072803497,80.2382125854,39494,39504,10
13.0071496964,80.2389068604,39504,39555,51
13.007109642,80.2391662598,39555,39666,111
13.007109642,80.2391662598,39666,39676,10
13.0070400238,80.2396087646,39676,39686,10
13.006819725,80.240196228,39686,39696,10
13.0066995621,80.2410583496,39696,39706,10
13.0066900253,80.2420196533,39706,39716,10
13.0066900253,80.2427978516,39716,39726,10
13.0066404343,80.2436828613,39726,39737,11
13.0066699982,80.2443695068,39737,39747,10
13.0066995621,80.2446517944,39747,39757,10
13.0067100525,80.2451782227,39757,39777,20
13.0067100525,80.2451782227,39777,39787,10
13.0067300797,80.2454071045,39787,39797,10
13.0067195892,80.2457809448,39797,39807,10
13.0066795349,80.2462997437,39807,39817,10
13.0066900253,80.2469863892,39817,39827,10
13.0066900253,80.2478027344,39827,39838,11
13.006770134,80.2489700317,39838,39848,10
13.0068101883,80.249961853,39848,39858,10
13.0068597794,80.25025177,39858,39868,10
13.0068397522,80.2506866455,39868,39878,10
13.0068101883,80.2510986328,39878,39888,10
13.0068101883,80.251121521,39888,39898,10
13.0067996979,80.2514038086,39898,39908,10
13.0067300797,80.251739502,39908,39918,10
13.0065603256,80.2524719238,39918,39928,10
13.0065402985,80.2534790039,39928,39938,10
13.0065803528,80.2544403076,39938,39949,11
13.0066299438,80.2547988892,39949,39958,9
13.0066299438,80.2548980713,39958,39969,11
13.0066099167,80.2555007935,39969,39979,10
13.0066204071,80.2567367554,39979,39999,20
13.0066204071,80.2567367554,39999,40009,10
13.0066604614,80.2569732666,40009,40019,10
13.0067596436,80.2573318481,40019,40029,10
13.0064401627,80.257598877,40029,40039,10
13.0058603287,80.2574768066,40039,40049,10
13.0053796768,80.2574005127,40049,40060,11
13.004699707,80.257232666,40060,40070,10
13.004070282,80.2570800781,40070,40080,10
13.0036802292,80.2570037842,40080,40120,40
13.0036802292,80.2570037842,40120,40136,16
13.003370285,80.256942749,40136,40148,12
13.0029602051,80.2568588257,40148,40158,10
13.0023202896,80.2567214966,40158,40219,61
13.0023202896,80.2567214966,40219,40229,10
13.002120018,80.2566680908,40229,40239,10
13.0016698837,80.2566223145,40239,40249,10
13.0009698868,80.2565307617,40249,40259,10
13.0002202988,80.2564163208,40259,40270,11
12.9997901917,80.2563323975,40270,40280,10
12.9997797012,80.2563323975,40280,40290,10
12.999540329,80.2562789917,40290,40300,10
12.9990797043,80.2562026978,40300,40310,10
12.9984903336,80.2561035156,40310,40330,20
12.9984903336,80.2561035156,40330,40340,10
12.9984102249,80.2561264038,40340,40350,10
12.9981002808,80.2560272217,40350,40360,10
12.9974098206,80.2559967041,40360,40381,21
12.9974098206,80.2559967041,40381,40391,10
12.9971504211,80.2559814453,40391,40401,10
12.9967403412,80.2559661865,40401,40411,10
12.9962596893,80.2559509277,40411,40421,10
12.9958200455,80.2559509277,40421,40431,10
12.9953804016,80.2559814453,40431,40441,10
12.9947595596,80.2559585571,40441,40451,10
12.9940004349,80.2560424805,40451,40461,10
12.9930200577,80.2560882568,40461,40471,10
12.9919700623,80.2560882568,40471,40482,11
12.9910097122,80.2560424805,40482,40492,10
12.9905996323,80.2560424805,40492,40502,10
12.9903697968,80.2560272217,40502,40512,10
12.9898099899,80.2560195923,40512,40522,10
12.9890203476,80.2559814453,40522,40532,10
12.9881000519,80.2558898926,40532,40633,101
12.9881000519,80.2558898926,40633,40643,10
12.9876804352,80.255821228,40643,40653,10
12.9874095917,80.2557525635,40653,40663,10
12.9869699478,80.2556686401,40663,40673,10
12.9861602783,80.2555618286,40673,40694,21
12.9861602783,80.2555618286,40694,40704,10
12.9858798981,80.2555389404,40704,40714,10
12.9856700897,80.2554702759,40714,40724,10
12.985159874,80.2553482056,40724,40734,10
12.9844703674,80.2551803589,40734,40744,10
12.983880043,80.255027771,40744,40754,10
12.983499527,80.2549285889,40754,40764,10
12.9830303192,80.2548065186,40764,40774,10
12.9825696945,80.2546691895,40774,40784,10
12.9820699692,80.2542114258,40784,40794,10
12.9818401337,80.2535095215,40794,40805,11
12.9814395905,80.2528533936,40805,40815,10
12.9806098938,80.2528076172,40815,40825,10
12.9799404144,80.2527923584,40825,40835,10
12.9792299271,80.2527084351,40835,40845,10
12.9785699844,80.2526016235,40845,40855,10
12.9784603119,80.2525482178,40855,40865,10
12.9780502319,80.2522201538,40865,40875,10
12.9774103165,80.251663208,40875,40885,10
12.9764699936,80.2512435913,40885,40895,10
12.9753103256,80.2509231567,40895,40904,9
12.9742202759,80.250617981,40904,40916,12
12.9729404449,80.2503128052,40916,40926,10
12.972530365,80.2502212524,40926,40936,10
12.9721403122,80.2500991821,40936,40946,10
12.9714298248,80.2499008179,40946,40956,10
12.9704904556,80.249671936,40956,40966,10
12.9693803787,80.2492218018,40966,40976,10
12.9682102203,80.2487716675,40976,40986,10
12.9670801163,80.248260498,40986,40996,10
12.9660797119,80.2478027344,40996,41006,10
12.964799881,80.2473678589,41006,41027,21
12.964799881,80.2473678589,41027,41037,10
12.9644899368,80.2472305298,41037,41077,40
12.9644899368,80.2472305298,41077,41087,10
12.96434021,80.2470932007,41087,41097,10
12.9640598297,80.2470016479,41097,41114,17
12.9632797241,80.2466812134,41114,41126,12
12.9623699188,80.2462081909,41126,41136,10
12.9614400864,80.2457580566,41136,41146,10
12.9603700638,80.2452774048,41146,41156,10
12.9596395493,80.2449798584,41156,41166,10
12.9593801498,80.2448883057,41166,41176,10
12.9589595795,80.2446670532,41176,41186,10
12.9582395554,80.2443695068,41186,41196,10
12.9575996399,80.2441177368,41196,41206,10
12.9572601318,80.2439804077,41206,41216,10
12.9570798874,80.2438735962,41216,41226,10
12.9570198059,80.2438430786,41226,41238,12
12.9569196701,80.2437820435,41238,41244,6
12.9567699432,80.2437133789,41244,41254,10
12.9566297531,80.243637085,41254,41298,44
12.9566297531,80.243637085,41298,41308,10
12.9563798904,80.243522644,41308,41318,10
12.9559001923,80.2433624268,41318,41328,10
12.955160141,80.243057251,41328,41338,10
12.9543600082,80.2427215576,41338,41349,11
12.9537401199,80.2424316406,41349,41359,10
12.9531097412,80.2421722412,41359,41369,10
12.9521303177,80.2418365479,41369,41379,10
12.9516201019,80.2416763306,41379,41387,8
12.9515695572,80.2416763306,41387,41399,12
12.9510602951,80.2414932251,41399,41409,10
12.9502696991,80.2412719727,41409,41419,10
12.9497299194,80.2410964966,41419,41429,10
12.9496498108,80.2410583496,41429,41439,10
12.9492998123,80.2409820557,41439,41449,10
12.9488601685,80.2407989502,41449,41458,9
12.9482498169,80.2405395508,41458,41469,11
12.9473600388,80.2401580811,41469,41480,11
12.9471597672,80.2400894165,41480,41489,9
12.9470100403,80.2400512695,41489,41499,10
12.9465103149,80.2398376465,41499,41509,10
12.9457798004,80.2395172119,41509,41519,10
12.9449796677,80.2390289307,41519,41530,11
12.9440803528,80.23802948,41530,41540,10
12.943400383,80.2372436523,41540,41550,10
12.9425601959,80.2365875244,41550,41561,11
12.9412403107,80.2362136841,41561,41570,9
12.9402704239,80.2359924316,41570,41581,11
12.9397602081,80.2358169556,41581,41591,10
12.9397497177,80.2358093262,41591,41601,10
12.9393997192,80.2356414795,41601,41611,10
12.9387598038,80.2353210449,41611,41621,10
12.9379196167,80.2349472046,41621,41631,10
12.9369096756,80.2344665527,41631,41641,10
12.9358797073,80.2339401245,41641,41651,10
12.9348402023,80.2334899902,41651,41662,11
12.9338903427,80.2330780029,41662,41672,10
12.9338102341,80.2330169678,41672,41682,10
12.933719635,80.2329788208,41682,41692,10
12.9332895279,80.2327880859,41692,41702,10
12.9325799942,80.2324981689,41702,41712,10
12.93171978,80.2322006226,41712,41721,9
12.9307498932,80.231880188,41721,41732,11
12.9295797348,80.2315673828,41732,41742,10
12.9289703369,80.2314300537,41742,41752,10
12.9286603928,80.2313690186,41752,41762,10
12.9280395508,80.2312774658,41762,41773,11
12.9270801544,80.2311477661,41773,41783,10
12.9262104034,80.2310409546,41783,41793,10
12.9260396957,80.2310333252,41793,41803,10
12.9259195328,80.2310180664,41803,41813,10
12.925450325,80.2309570313,41813,41823,10
12.9247303009,80.2308578491,41823,41839,16
12.9232501984,80.2306594849,41839,41851,12
12.9218902588,80.2304534912,41851,41861,10
12.9207201004,80.2303009033,41861,41871,10
12.9196100235,80.2301712036,41871,41881,10
12.919210434,80.230140686,41881,41892,11
12.9188995361,80.2301025391,41892,41902,10
12.9183101654,80.2300109863,41902,41911,9
12.9175701141,80.229888916,41911,41922,11
12.916560173,80.2297592163,41922,41932,10
12.9153404236,80.2295837402,41932,41942,10
12.9142398834,80.2294311523,41942,41952,10
12.9134597778,80.2293624878,41952,41962,10
12.9133501053,80.2293395996,41962,41972,10
12.9132204056,80.2293014526,41972,41983,11
12.9126195908,80.2292022705,41983,41993,10
12.9117898941,80.2291030884,41993,42003,10
12.9107999802,80.2289428711,42003,42013,10
12.9096698761,80.228767395,42013,42023,10
12.9086503983,80.2286224365,42023,42033,10
12.9081201553,80.228553772,42033,42083,50
12.9081201553,80.228553772,42083,42094,11
12.9079799652,80.2285308838,42094,42110,16
12.9072799683,80.2284164429,42110,42122,12
12.9067697525,80.2283477783,42122,42213,91
12.9067697525,80.2283477783,42213,42223,10
12.9065103531,80.2283096313,42223,42233,10
12.9059696198,80.2282562256,42233,42243,10
12.9051799774,80.2282333374,42243,42253,10
12.9041900635,80.2281799316,42253,42263,10
12.903169632,80.2281265259,42263,42273,10
12.9023199081,80.2280807495,42273,42283,10
12.90184021,80.2280731201,42283,42293,10
12.9017496109,80.2280578613,42293,42304,11
12.9014396667,80.2280273438,42304,42334,30
12.9014396667,80.2280273438,42334,42344,10
12.90102005,80.2279815674,42344,42354,10
12.9005002975,80.2279510498,42354,42364,10
12.8999204636,80.2279510498,42364,42374,10
12.8992900848,80.2279281616,42374,42394,20
12.8992900848,80.2279281616,42394,42404,10
12.8991203308,80.2279434204,42404,42415,11
12.8986501694,80.2278900146,42415,42425,10
12.8979902267,80.2278366089,42425,42435,10
12.8971595764,80.2277832031,42435,42445,10
12.8961496353,80.2277374268,42445,42455,10
12.8949604034,80.2276763916,42455,42465,10
12.8937997818,80.2276229858,42465,42475,10
12.8928604126,80.2275085449,42475,42485,10
12.8924503326,80.2274703979,42485,42495,10
12.8922796249,80.2274475098,42495,42505,10
12.8921699524,80.2274398804,42505,42515,10
12.8916797638,80.2274169922,42515,42526,11
12.8908500671,80.2274169922,42526,42536,10
12.8899002075,80.2274169922,42536,42545,9
12.8890800476,80.2274169922,42545,42556,11
12.8882398605,80.2273864746,42556,42566,10
12.8871803284,80.2272567749,42566,42576,10
12.886059761,80.2269973755,42576,42586,10
12.8851699829,80.2267913818,42586,42596,10
12.8847799301,80.2267837524,42596,42606,10
12.88463974,80.2267608643,42606,42616,10
12.8841400146,80.2267532349,42616,42627,11
12.8832702637,80.2267608643,42627,42637,10
12.8822603226,80.2267837524,42637,42647,10
12.8811998367,80.2267837524,42647,42656,9
12.8800697327,80.2267913818,42656,42667,11
12.8784704208,80.2268295288,42667,42677,10
12.8773002625,80.2269134521,42677,42687,10
12.8765096664,80.2269973755,42687,42697,10
12.8763599396,80.2270202637,42697,42707,10
12.8762197495,80.2270278931,42707,42717,10
12.8756999969,80.2270202637,42717,42727,10
12.8749198914,80.2269363403,42727,42738,11
12.873840332,80.2267990112,42738,42748,10
12.8728504181,80.2267608643,42748,42758,10
12.8726997375,80.2267684937,42758,42768,10
12.872590065,80.2267608643,42768,42778,10
12.8721103668,80.2267532349,42778,42788,10
12.871339798,80.2267227173,42788,42798,10
12.8703804016,80.2266616821,42798,42808,10
12.8692302704,80.2265396118,42808,42818,10
12.867939949,80.2264633179,42818,42827,9
12.8667697906,80.2265701294,42827,42838,11
12.8652801514,80.2266464233,42838,42849,11
12.8638095856,80.226600647,42849,42859,10
12.8625898361,80.226600647,42859,42869,10
12.8614797592,80.2266387939,42869,42879,10
12.86095047,80.2266387939,42879,42889,10
12.8608398438,80.2266616821,42889,42899,10
12.8603801727,80.2265930176,42899,42909,10
12.8596000671,80.2264785767,42909,42919,10
12.8586196899,80.2263412476,42919,42929,10
12.8574399948,80.2263183594,42929,42939,10
12.856180191,80.2264404297,42939,42950,11
12.8547000885,80.2265930176,42950,42960,10
12.8534002304,80.2267227173,42960,42970,10
12.8521203995,80.2267074585,42970,42980,10
12.8509597778,80.2266693115,42980,42990,10
12.8500003815,80.2266387939,42990,43000,10
12.8498401642,80.2266464233,43000,43010,10
12.8496999741,80.2266769409,43010,43020,10
12.8491697311,80.2266693115,43020,43030,10
12.8483400345,80.2266616821,43030,43040,10
12.8472995758,80.2266616821,43040,43050,10
12.8463096619,80.2266616821,43050,43061,11
12.8455095291,80.2266616821,43061,43071,10
12.8454399109,80.2266616821,43071,43081,10
12.8453702927,80.2266464233,43081,43091,10
12.844909668,80.2266693115,43091,43101,10
12.8441295624,80.2267303467,43101,43111,10
12.8431196213,80.2268829346,43111,43121,10
12.8419399261,80.2271194458,43121,43131,10
12.840880394,80.2274017334,43131,43141,10
12.8404302597,80.2275466919,43141,43151,10
12.8404197693,80.2275619507,43151,43161,10
12.8402700424,80.2276000977,43161,43172,11
12.8398199081,80.2277069092,43172,43202,30
12.8398199081,80.2277069092,43202,43212,10
12.8396902084,80.2277374268,43212,43222,10
12.8396596909,80.2277679443,43222,43232,10
12.8394899368,80.2278366089,43232,43242,10
12.8388395309,80.2279815674,43242,43252,10
12.8379602432,80.2281799316,43252,43262,10
12.8368301392,80.2283782959,43262,43273,11
12.8354301453,80.2285919189,43273,43283,10
12.8341903687,80.2287979126,43283,43293,10
12.8330898285,80.2289886475,43293,43303,10
12.8322496414,80.2291717529,43303,43313,10
12.8322000504,80.2291793823,43313,43323,10
12.8320598602,80.2292098999,43323,43333,10
12.8316698074,80.2292861938,43333,43343,10
12.8309898376,80.2294769287,43343,43353,10
12.830039978,80.2298202515,43353,43363,10
12.8288698196,80.2303009033,43363,43373,10
12.8277397156,80.2309494019,43373,43384,11
12.8266801834,80.2313537598,43384,43394,10
12.8257102966,80.2314300537,43394,43404,10
12.8246803284,80.2314224243,43404,43414,10
12.823559761,80.2311401367,43414,43424,10
12.8224601746,80.230796814,43424,43434,10
12.8213100433,80.2305374146,43434,43444,10
12.8200597763,80.2305221558,43444,43454,10
12.818860054,80.2304916382,43454,43464,10
12.8179798126,80.2301101685,43464,43474,10
12.8169698715,80.2296905518,43474,43485,11
12.8156003952,80.2294311523,43485,43495,10
12.8144102097,80.2292404175,43495,43505,10
12.8131399155,80.2288894653,43505,43515,10
12.8118200302,80.2284164429,43515,43525,10
12.810500145,80.2279129028,43525,43535,10
12.8094301224,80.2274169922,43535,43545,10
12.8084402084,80.2267303467,43545,43555,10
12.8075199127,80.2259368896,43555,43565,10
12.8067903519,80.2252731323,43565,43575,10
12.8060798645,80.2246170044,43575,43591,16
12.8048601151,80.2240066528,43591,43604,13
12.8047599792,80.2239990234,43604,43614,10
12.804479599,80.2239532471,43614,43624,10
12.8037796021,80.2238998413,43624,43634,10
12.8028402328,80.2238082886,43634,43644,10
12.8017101288,80.2236709595,43644,43654,10
12.8004703522,80.2235488892,43654,43664,10
12.7992200851,80.2234420776,43664,43672,8
12.7980003357,80.2233123779,43672,43674,2
12.7980003357,80.2233123779,43674,43748,74
12.792719841,80.2224502563,43748,43758,10
12.7916402817,80.2222137451,43758,43768,10
12.790430069,80.2219085693,43768,43778,10
12.7897996902,80.2217407227,43778,43787,9
12.7892599106,80.221572876,43787,43797,10
12.7884998322,80.2213134766,43797,43808,11
12.7876996994,80.220993042,43808,43819,11
12.7872695923,80.2207870483,43819,43829,10
12.7872495651,80.2207794189,43829,43839,10
12.7868700027,80.2206497192,43839,43859,20
12.7868700027,80.2206497192,43859,43869,10
12.7867002487,80.2205734253,43869,43879,10
12.7863302231,80.2203979492,43879,43889,10
12.7861604691,80.2204666138,43889,43899,10
12.7861795425,80.2206420898,43899,43909,10
12.786190033,80.2210235596,43909,43920,11
12.7861995697,80.2213897705,43920,43930,10
12.7862195969,80.2219161987,43930,44131,201
12.7863502502,80.2220230103,44131,44414,283
12.7863502502,80.2220230103,44414,44424,10
12.7863998413,80.2218399048,44424,44434,10
12.7863998413,80.2218170166,44434,44444,10
12.7862997055,80.2215499878,44444,44454,10
12.7862501144,80.2211074829,44454,44465,11
12.7862100601,80.2206192017,44465,44485,20
12.7862100601,80.2206192017,44485,44495,10
12.786529541,80.220451355,44495,44515,20
12.7866697311,80.2205505371,44515,44535,20
12.7866697311,80.2205505371,44535,44545,10
12.7869100571,80.2206420898,44545,44555,10
12.7874202728,80.2208175659,44555,44566,11
12.7882204056,80.2211074829,44566,44576,10
12.7891397476,80.2214584351,44576,44586,10
12.7900600433,80.2217712402,44586,44596,10
12.7911596298,80.222038269,44596,44606,10
12.7924003601,80.2223510742,44606,44615,9
12.7936000824,80.2225494385,44615,44626,11
12.7950000763,80.2227630615,44626,44636,10
12.7962398529,80.2229690552,44636,44646,10
12.7970104218,80.2231216431,44646,44656,10
12.7979097366,80.2232666016,44656,44666,10
12.7990598679,80.2233886719,44666,44677,11
12.8004398346,80.2235107422,44677,44687,10
12.8013601303,80.2235717773,44687,44697,10
12.801609993,80.2236175537,44697,44707,10
12.8023195267,80.2236862183,44707,44717,10
12.8032302856,80.2238082886,44717,44727,10
12.8042697906,80.2238922119,44727,44737,10
12.8051795959,80.2240066528,44737,44747,10
12.8060102463,80.2244262695,44747,44763,16
12.8073797226,80.2256164551,44763,44775,12
12.8085298538,80.2266235352,44775,44785,10
12.8093099594,80.2272415161,44785,44799,14
12.8108797073,80.2279891968,44799,44809,10
12.8119401932,80.2284011841,44809,44819,10
12.8130302429,80.2287826538,44819,44829,10
12.8140697479,80.2291107178,44829,44839,10
12.8151903152,80.229309082,44839,44849,10
12.8164100647,80.2294921875,44849,44859,10
12.8175802231,80.2298278809,44859,44869,10
12.8186302185,80.2303314209,44869,44879,10
12.8197803497,80.23046875,44879,44889,10
12.8209896088,80.2304534912,44889,44900,11
12.8223600388,80.2306594849,44900,44910,10
12.8235397339,80.231010437,44910,44920,10
12.8246803284,80.2312774658,44920,44930,10
12.8258104324,80.2313537598,44930,44940,10
12.826259613,80.2313079834,44940,44950,10
12.8267202377,80.231262207,44950,44960,10
12.8275003433,80.2310180664,44960,44970,10
12.8284797668,80.2304611206,44970,44980,10
12.8295001984,80.2299575806,44980,44990,10
12.8307600021,80.2294616699,44990,45000,10
12.8311004639,80.229309082,45000,45011,11
12.8315000534,80.2292098999,45011,45021,10
12.8319997787,80.2290725708,45021,45031,10
12.8327903748,80.2289199829,45031,45041,10
12.833820343,80.2287521362,45041,45051,10
12.8348197937,80.2285766602,45051,45061,10
12.835940361,80.2284393311,45061,45071,10
12.8369102478,80.228302002,45071,45081,10
12.8381996155,80.2280578613,45081,45091,10
12.8394203186,80.2277603149,45091,45162,71
12.8394203186,80.2277603149,45162,45172,10
12.8400201797,80.2275390625,45172,45182,10
12.8408203125,80.2273178101,45182,45192,10
12.8418998718,80.2270507813,45192,45202,10
12.8431596756,80.2267837524,45202,45213,11
12.844619751,80.226600647,45213,45223,10
12.845410347,80.2265396118,45223,45233,10
12.845580101,80.2265625,45233,45243,10
12.8460702896,80.2265625,45243,45254,11
12.8468399048,80.2265472412,45254,45263,9
12.8479204178,80.2265472412,45263,45274,11
12.8491802216,80.2265396118,45274,45284,10
12.8506603241,80.2265396118,45284,45294,10
12.8520402908,80.2266082764,45294,45304,10
12.8534202576,80.2266387939,45304,45314,10
12.8548297882,80.2264862061,45314,45325,11
12.8564100266,80.22631073,45325,45335,10
12.857749939,80.2261810303,45335,45345,10
12.8586997986,80.2261962891,45345,45355,10
12.8597803116,80.2263565063,45355,45365,10
12.8610696793,80.2265319824,45365,45375,10
12.8624401093,80.2264709473,45375,45385,10
12.8638696671,80.2264480591,45385,45395,10
12.8653001785,80.2265014648,45395,45405,10
12.8667602539,80.2264404297,45405,45415,10
12.8681001663,80.2262802124,45415,45426,11
12.8696403503,80.2263870239,45426,45436,10
12.8710098267,80.2265396118,45436,45446,10
12.8721904755,80.2265777588,45446,45456,10
12.872710228,80.226600647,45456,45466,10
12.8729200363,80.2266235352,45466,45476,10
12.8729801178,80.2266235352,45476,45486,10
12.8734502792,80.2266387939,45486,45496,10
12.8742799759,80.2267227173,45496,45506,10
12.8753595352,80.2268371582,45506,45516,10
12.8762903214,80.226890564,45516,45526,10
12.8766298294,80.2268829346,45526,45537,11
12.8773803711,80.2268371582,45537,45547,10
12.8784103394,80.2267379761,45547,45557,10
12.8796701431,80.2266769409,45557,45574,17
12.8817501068,80.2266464233,45574,45586,12
12.8832702637,80.2266387939,45586,45596,10
12.884469986,80.2266235352,45596,45606,10
12.8852596283,80.2266387939,45606,45616,10
12.8853597641,80.2266616821,45616,45626,10
12.8858995438,80.2267990112,45626,45636,10
12.8867797852,80.2270431519,45636,45647,11
12.8880195618,80.2272567749,45647,45657,10
12.8893203735,80.2273025513,45657,45667,10
12.8907003403,80.2273025513,45667,45677,10
12.8919200897,80.2272872925,45677,45687,10
12.8923501968,80.2273101807,45687,45697,10
12.8927097321,80.2273406982,45697,45707,10
12.8934497833,80.2274398804,45707,45717,10
12.8938903809,80.2274780273,45717,45727,10
12.8942499161,80.2275238037,45727,45737,10
12.8949804306,80.2275695801,45737,45748,11
12.8961200714,80.2276229858,45748,45758,10
12.897359848,80.2276992798,45758,45768,10
12.8984899521,80.2277526855,45768,45778,10
12.8992004395,80.2277832031,45778,45788,10
12.9000597,80.2278137207,45788,45798,10
12.9005899429,80.2278137207,45798,45889,91
12.9005899429,80.2278137207,45889,45899,10
12.9008398056,80.2277832031,45899,45909,10
12.9011697769,80.2278518677,45909,45919,10
12.9017000198,80.227897644,45919,45929,10
12.9028100967,80.2279434204,45929,45949,20
12.9028100967,80.2279434204,45949,45960,11
12.9032001495,80.2279815674,45960,45970,10
12.9036903381,80.2279968262,45970,45980,10
12.9041595459,80.2280502319,45980,45990,10
12.9048204422,80.2280883789,45990,46000,10
12.9055404663,80.2281265259,46000,46010,10
12.9059200287,80.2281417847,46010,46020,10
12.9063196182,80.2281417847,46020,46081,61
12.9063196182,80.2281417847,46081,46091,10
12.9064998627,80.2281417847,46091,46101,10
12.9067201614,80.2281799316,46101,46111,10
12.9071798325,80.2282485962,46111,46121,10
12.9079704285,80.2283706665,46121,46131,10
12.909040451,80.2285308838,46131,46141,10
12.9100799561,80.2287063599,46141,46151,10
12.911740303,80.2289733887,46151,46161,10
12.9131202698,80.2291488647,46161,46172,11
12.9139795303,80.2292480469,46172,46182,10
12.9140996933,80.2292785645,46182,46192,10
12.914560318,80.229347229,46192,46202,10
12.9153203964,80.2294769287,46202,46212,10
12.9163398743,80.2296218872,46212,46222,10
12.9175596237,80.2297821045,46222,46232,10
12.9187698364,80.2299423218,46232,46242,10
12.9193000793,80.2300109863,46242,46252,10
12.9195995331,80.2300491333,46252,46262,10
12.9202804565,80.230140686,46262,46272,10
12.9211502075,80.2302322388,46272,46283,11
12.9224700928,80.2304229736,46283,46293,10
12.9237699509,80.2306213379,46293,46303,10
12.9251298904,80.2307815552,46303,46313,10
12.9262504578,80.2309112549,46313,46323,10
12.9265403748,80.2309417725,46323,46333,10
12.9269800186,80.2310028076,46333,46343,10
12.927740097,80.2311019897,46343,46353,10
12.9287204742,80.2312164307,46353,46363,10
12.9299297333,80.2314910889,46363,46373,10
12.9312295914,80.231880188,46373,46384,11
12.9327001572,80.2323532104,46384,46394,10
12.9336996078,80.2327423096,46394,46404,10
12.9337797165,80.2327804565,46404,46414,10
12.9340000153,80.2329025269,46414,46424,10
12.9346599579,80.2332000732,46424,46434,10
12.9355201721,80.2335968018,46434,46444,10
12.9366102219,80.23412323,46444,46454,10
12.9377202988,80.2346572876,46454,46464,10
12.9388303757,80.2351837158,46464,46474,10
12.9396896362,80.2356109619,46474,46484,10
12.9397802353,80.2356567383,46484,46495,11
12.9402999878,80.2358627319,46495,46505,10
12.9411296844,80.236076355,46505,46515,10
12.942199707,80.2363510132,46515,46525,10
12.9432601929,80.2369232178,46525,46535,10
12.9438199997,80.2374572754,46535,46545,10
12.9439601898,80.2376480103,46545,46555,10
12.9444198608,80.2381591797,46555,46565,10
12.9450597763,80.238861084,46565,46575,10
12.945980072,80.2394714355,46575,46585,10
12.947019577,80.2398834229,46585,46595,10
12.9473800659,80.240020752,46595,46612,17
12.9480695724,80.2403182983,46612,46624,12
12.948800087,80.2405776978,46624,46674,50
12.948800087,80.2405776978,46674,46684,10
12.9490995407,80.2407302856,46684,46694,10
12.9497098923,80.2409362793,46694,46705,11
12.9506998062,80.2412261963,46705,46715,10
12.9512395859,80.2413787842,46715,46725,10
12.9514799118,80.2414779663,46725,46735,10
12.9521398544,80.2417221069,46735,46745,10
12.9530496597,80.2420806885,46745,46755,10
12.954079628,80.242477417,46755,46765,10
12.9548597336,80.2427902222,46765,46775,10
12.9558095932,80.2431488037,46775,46785,10
12.9563598633,80.2433776855,46785,46795,10
12.9563703537,80.2433776855,46795,46805,10
12.9568796158,80.243598938,46805,46816,11
12.9577302933,80.2439727783,46816,46826,10
12.9585895538,80.2443084717,46826,46836,10
12.9588804245,80.244430542,46836,46846,10
12.9592504501,80.2446289063,46846,46856,10
12.9599704742,80.2449493408,46856,46866,10
12.960940361,80.2453918457,46866,46876,10
12.962100029,80.2459487915,46876,46886,10
12.9631996155,80.2464904785,46886,46896,10
12.96393013,80.2468414307,46896,46906,10
12.9646596909,80.2471084595,46906,46916,10
12.9655504227,80.2473983765,46916,46927,11
12.9663801193,80.2477264404,46927,46937,10
12.9668703079,80.2479400635,46937,46947,10
12.9668798447,80.2479476929,46947,46957,10
12.9670200348,80.248046875,46957,46967,10
12.9674901962,80.2482910156,46967,46977,10
12.96833992,80.248626709,46977,46987,10
12.9694004059,80.2490615845,46987,46997,10
12.9704999924,80.2494812012,46997,47007,10
12.9716701508,80.2498168945,47007,47017,10
12.972820282,80.2501220703,47017,47028,11
12.9738798141,80.2504196167,47028,47038,10
12.9749403,80.2507019043,47038,47048,10
12.9760599136,80.2510070801,47048,47058,10
12.9770698547,80.2513275146,47058,47068,10
12.9778499603,80.2518386841,47068,47078,10
12.9783000946,80.2521896362,47078,47088,10
12.9783296585,80.2521972656,47088,47098,10
12.978679657,80.2524185181,47098,47108,10
12.9794998169,80.2525787354,47108,47159,51
12.9794998169,80.2525787354,47159,47169,10
12.9795799255,80.2525634766,47169,47185,16
12.9800796509,80.2526168823,47185,47197,12
12.9808397293,80.2525863647,47197,47207,10
12.9817895889,80.2525634766,47207,47217,10
12.982919693,80.2525100708,47217,47225,8
12.9836397171,80.2523803711,47225,47237,12
12.9837703705,80.2523422241,47237,47248,11
12.9838399887,80.2523269653,47248,47258,10
12.9839897156,80.2522888184,47258,47268,10
12.9843997955,80.2521820068,47268,47278,10
12.9850997925,80.251991272,47278,47318,40
12.9850997925,80.251991272,47318,47327,9
12.9851703644,80.2519836426,47327,47338,11
12.9855604172,80.2518615723,47338,47389,51
12.9856500626,80.2517776489,47389,47409,20
12.9856500626,80.2517776489,47409,47419,10
12.9859600067,80.2517318726,47419,47429,10
12.986289978,80.2516708374,47429,47439,10
12.9866199493,80.2516021729,47439,47449,10
12.9875097275,80.2513427734,47449,47581,132
12.9875097275,80.2513427734,47581,47591,10
12.9878196716,80.2513809204,47591,47601,10
12.9879598618,80.2519226074,47601,47611,10
12.987950325,80.2527236938,47611,47621,10
12.987859726,80.2537002563,47621,47631,10
12.9877796173,80.2546386719,47631,47641,10
12.9877195358,80.2552032471,47641,47651,10
12.9877099991,80.2553482056,47651,47662,11
12.9876699448,80.2557220459,47662,47682,20
12.9876699448,80.2557220459,47682,47692,10
12.9875602722,80.256111145,47692,47702,10
12.9875402451,80.2563171387,47702,47712,10
12.9874696732,80.2567062378,47712,47722,10
12.9874401093,80.2573623657,47722,47732,10
12.9873895645,80.2582015991,47732,47849,117
12.9873895645,80.2582015991,47849,47861,12
12.9871902466,80.2585372925,47861,47882,21
12.9870195389,80.2584686279,47882,48114,232
12.9870195389,80.2584686279,48114,48124,10
12.9867200851,80.2586975098,48124,48427,303
12.9868898392,80.2585906982,48427,48911,484
12.9868803024,80.2585983276,48911,49063,152
12.9868402481,80.2585830688,49063,49184,121
12.9868297577,80.2585372925,49184,52777,3593
12.9864797592,80.2586288452,52777,54887,2110
12.9864797592,80.2586288452,54887,54897,10
12.9867801666,80.2588729858,54897,54988,91
12.9867801666,80.2588729858,54988,54998,10
12.9870901108,80.2591094971,54998,55018,20
12.9870901108,80.2591094971,55018,55028,10
12.9873199463,80.2590408325,55028,55038,10
12.9873304367,80.258972168,55038,55048,10
12.9873600006,80.2587280273,55048,55058,10
12.9873800278,80.2582778931,55058,55068,10
12.9874000549,80.2577972412,55068,55079,11
12.9874601364,80.2571411133,55079,55089,10
12.9875097275,80.256401062,55089,55099,10
12.9875097275,80.2559280396,55099,55169,70
12.9875097275,80.2559280396,55169,55179,10
12.9874401093,80.2556610107,55179,55190,11
12.9869804382,80.2555923462,55190,55200,10
12.9863796234,80.2555007935,55200,55210,10
12.9861097336,80.2554702759,55210,55230,20
12.9861097336,80.2554702759,55230,55240,10
12.9858198166,80.2554092407,55240,55250,10
12.9853696823,80.2552566528,55250,55260,10
12.9846601486,80.2551116943,55260,55270,10
12.9839601517,80.2549591064,55270,55280,10
12.9835796356,80.2548828125,55280,55290,10
12.9833498001,80.2547836304,55290,55301,11
12.9827604294,80.2546005249,55301,55311,10
12.9821596146,80.2543487549,55311,55321,10
12.9818696976,80.2537078857,55321,55331,10
12.9816904068,80.2529373169,55331,55341,10
12.9811201096,80.2527618408,55341,55351,10
12.9807395935,80.2527618408,55351,55367,16
12.9804096222,80.2527770996,55367,55379,12
12.9801197052,80.2527923584,55379,55389,10
12.9798898697,80.2527618408,55389,55399,10
12.9794397354,80.2526931763,55399,55410,11
12.9787597656,80.2526168823,55410,55419,9
12.978679657,80.2526016235,55419,55430,11
12.9786396027,80.2526016235,55430,55440,10
12.97838974,80.2524490356,55440,55449,9
12.9778995514,80.2520599365,55449,55460,11
12.9772195816,80.2515029907,55460,55469,9
12.9764795303,80.2512207031,55469,55480,11
12.9754800797,80.2509231567,55480,55490,10
12.9745702744,80.2506637573,55490,55499,9
12.9737195969,80.2504196167,55499,55511,12
12.9727201462,80.2501602173,55511,55521,10
12.9725399017,80.2501068115,55521,55531,10
12.9720802307,80.249961853,55531,55541,10
12.9713602066,80.2497634888,55541,55551,10
12.9704399109,80.2494888306,55551,55561,10
12.9694795609,80.249130249,55561,55571,10
12.9685297012,80.2487411499,55571,55581,10
12.9675302505,80.248336792,55581,55591,10
12.9666004181,80.2479019165,55591,55601,10
12.9657402039,80.2475509644,55601,55612,11
12.9652004242,80.2473831177,55612,55622,10
12.9651603699,80.2473678589,55622,55632,10
12.9650001526,80.2472915649,55632,55642,10
12.9645500183,80.2471237183,55642,55652,10
12.9639596939,80.2469024658,55652,55662,10
12.9633598328,80.2466506958,55662,55672,10
12.9626197815,80.2462463379,55672,55682,10
12.961810112,80.2458496094,55682,55691,9
12.9610395432,80.2454910278,55691,55702,11
12.960100174,80.2450790405,55702,55712,10
12.9594402313,80.2448196411,55712,55723,11
12.9593000412,80.2447280884,55723,55733,10
12.9589500427,80.2445373535,55733,55743,10
12.9583396912,80.2442626953,55743,55753,10
12.9576597214,80.2440109253,55753,55763,10
12.9567804337,80.2437820435,55763,55803,40
12.9567804337,80.2437820435,55803,55813,10
12.9566001892,80.2437286377,55813,55824,11
12.956489563,80.2436981201,55824,55834,10
12.9563598633,80.2436599731,55834,55844,10
12.9560804367,80.2435302734,55844,55854,10
12.9554796219,80.2431793213,55854,55864,10
12.9546003342,80.2427825928,55864,55874,10
12.953499794,80.2423095703,55874,55884,10
12.9523897171,80.2418823242,55884,55894,10
12.9517602921,80.2416763306,55894,55904,10
12.9515399933,80.2416000366,55904,55914,10
12.9509296417,80.2413635254,55914,55924,10
12.9500904083,80.2410964966,55924,55935,11
12.9491701126,80.2408294678,55935,55945,10
12.9484300613,80.2405014038,55945,55955,10
12.947640419,80.2401809692,55955,55965,10
12.9472799301,80.2400512695,55965,55975,10
12.9470701218,80.2399673462,55975,55985,10
12.9469499588,80.2399215698,55985,55995,10
12.9464797974,80.2397384644,55995,56005,10
12.9457998276,80.239440918,56005,56015,10
12.9449796677,80.2388916016,56015,56025,10
12.9441795349,80.23802948,56025,56035,10
12.9433498383,80.2371292114,56035,56046,11
12.942199707,80.2364120483,56046,56056,10
12.9409799576,80.2360916138,56056,56066,10
12.9399995804,80.2358627319,56066,56075,9
12.9397497177,80.2357635498,56075,56086,11
12.939499855,80.2356491089,56086,56096,10
12.9388303757,80.2352981567,56096,56106,10
12.9379901886,80.2349014282,56106,56116,10
12.9370203018,80.2344207764,56116,56126,10
12.9361200333,80.2339935303,56126,56136,10
12.9357500076,80.2338027954,56136,56147,11
12.9355096817,80.2336883545,56147,56157,10
12.9349002838,80.2334136963,56157,56167,10
12.9341402054,80.2330780029,56167,56177,10
12.9338302612,80.2329406738,56177,56187,10
12.9336595535,80.2328567505,56187,56197,10
12.9331502914,80.2326278687,56197,56207,10
12.9323997498,80.2323303223,56207,56217,10
12.9314403534,80.2320175171,56217,56227,10
12.9303598404,80.2316589355,56227,56237,10
12.9293498993,80.2314300537,56237,56247,10
12.9282903671,80.2312393188,56247,56258,11
12.927069664,80.2310791016,56258,56268,10
12.9261598587,80.2309875488,56268,56278,10
12.9260396957,80.23097229,56278,56288,10
12.9257698059,80.2309265137,56288,56298,10
12.9252004623,80.2308578491,56298,56308,10
12.9244003296,80.2307662964,56308,56318,10
12.9234399796,80.2306594849,56318,56328,10
12.9224300385,80.230506897,56328,56338,10
12.9213895798,80.2303466797,56338,56348,10
12.9203100204,80.23021698,56348,56359,11
12.9192304611,80.2300872803,56359,56369,10
12.9190397263,80.2300720215,56369,56379,10
12.9188699722,80.2300491333,56379,56389,10
12.9183301926,80.2299575806,56389,56399,10
12.9175195694,80.229850769,56399,56409,10
12.9166402817,80.2297134399,56409,56419,10
12.9156398773,80.2295684814,56419,56429,10
12.9145402908,80.2294235229,56429,56439,10
12.9135398865,80.229309082,56439,56449,10
12.9132995605,80.2292785645,56449,56459,10
12.9131298065,80.2292480469,56459,56470,11
12.9125003815,80.2291412354,56470,56480,10
12.9116601944,80.229019165,56480,56490,10
12.9105997086,80.2288665771,56490,56500,10
12.9094696045,80.2286834717,56500,56510,10
12.9083995819,80.2285232544,56510,56520,10
12.9078598022,80.2284393311,56520,56530,10
12.9069404602,80.2283325195,56530,56590,60
12.9069404602,80.2283325195,56590,56600,10
12.9068698883,80.2283477783,56600,56610,10
12.9064397812,80.2283096313,56610,56620,10
12.9057998657,80.2282714844,56620,56629,9
12.9048500061,80.2282028198,56629,56640,11
12.9036798477,80.2281417847,56640,56650,10
12.9025697708,80.2280807495,56650,56660,10
12.901599884,80.2280426025,56660,56669,9
12.9009399414,80.2279815674,56669,56731,62
12.9009399414,80.2279815674,56731,56741,10
12.9005899429,80.2279129028,56741,56751,10
12.8999595642,80.2278823853,56751,56761,10
12.8993301392,80.2278594971,56761,56771,10
12.8993196487,80.2278594971,56771,56781,10
12.8991804123,80.2278594971,56781,56792,11
12.8987398148,80.2278137207,56792,56802,10
12.8980703354,80.2277832031,56802,56812,10
12.8971996307,80.2277374268,56812,56822,10
12.8961601257,80.2276992798,56822,56832,10
12.8950500488,80.2276535034,56832,56842,10
12.8938903809,80.2275924683,56842,56852,10
12.8928203583,80.2274627686,56852,56862,10
12.8925695419,80.227432251,56862,56872,10
12.8921804428,80.2273864746,56872,56882,10
12.8914699554,80.2273712158,56882,56892,10
12.8905801773,80.2273712158,56892,56903,11
12.8892803192,80.2273635864,56903,56913,10
12.8884000778,80.2273635864,56913,56923,10
12.888250351,80.2273483276,56923,56933,10
12.8877801895,80.2273025513,56933,56943,10
12.8870401382,80.227180481,56943,56953,10
12.8861303329,80.2269821167,56953,56963,10
12.8852300644,80.2267608643,56963,56973,10
12.8848800659,80.2267227173,56973,56983,10
12.8846797943,80.2266693115,56983,56993,10
12.8841495514,80.2266693115,56993,57010,17
12.882610321,80.2266769409,57010,57022,12
12.8813695908,80.2266998291,57022,57032,10
12.8802995682,80.2266998291,57032,57042,10
12.8791999817,80.2267227173,57042,57051,9
12.8782901764,80.2267913818,57051,57062,11
12.8770399094,80.2269210815,57062,57072,10
12.8765697479,80.2269668579,57072,57082,10
12.8764600754,80.2269821167,57082,57092,10
12.8761901855,80.2269668579,57092,57102,10
12.8756399155,80.2269668579,57102,57113,11
12.8747596741,80.2268829346,57113,57123,10
12.8737697601,80.2267532349,57123,57133,10
12.8730297089,80.2266998291,57133,57143,10
12.872300148,80.2266998291,57143,57153,10
12.871339798,80.2266616821,57153,57163,10
12.870300293,80.226600647,57163,57173,10
12.86921978,80.2264709473,57173,57183,10
12.8680801392,80.2264022827,57183,57193,10
12.8669204712,80.2264862061,57193,57203,10
12.8657903671,80.2265777588,57203,57213,10
12.8646697998,80.2265625,57213,57224,11
12.863409996,80.2265090942,57224,57234,10
12.8622398376,80.2265396118,57234,57244,10
12.8611497879,80.226600647,57244,57254,10
12.8601102829,80.2264862061,57254,57270,16
12.8583498001,80.226272583,57270,57282,12
12.8570404053,80.2263183594,57282,57292,10
12.8559703827,80.2264328003,57292,57302,10
12.8549804688,80.2265319824,57302,57312,10
12.8537597656,80.2266616821,57312,57321,9
12.8527603149,80.2266921997,57321,57333,12
12.8513498306,80.2266387939,57333,57343,10
12.8502902985,80.2266082764,57343,57353,10
12.8499097824,80.2266082764,57353,57363,10
12.8497200012,80.2266082764,57363,57373,10
12.8490695953,80.2266082764,57373,57383,10
12.8482103348,80.2266082764,57383,57393,10
12.8471603394,80.2266082764,57393,57403,10
12.8460798264,80.2266235352,57403,57413,10
12.845410347,80.2266311646,57413,57423,10
12.8452596664,80.2266235352,57423,57434,11
12.8446598053,80.2266769409,57434,57444,10
12.8438596725,80.2267608643,57444,57454,10
12.842880249,80.2268981934,57454,57464,10
12.8418102264,80.227142334,57464,57474,10
12.8407402039,80.2274169922,57474,57484,10
12.839679718,80.2276916504,57484,57504,20
12.839679718,80.2276916504,57504,57514,10
12.8395700455,80.2277374268,57514,57524,10
12.8391895294,80.2278594971,57524,57535,11
12.8384599686,80.2280426025,57535,57545,10
12.8375797272,80.2282409668,57545,57555,10
12.836520195,80.2284088135,57555,57565,10
12.8353796005,80.2285766602,57565,57575,10
12.8341903687,80.228767395,57575,57585,10
12.8323001862,80.229133606,57585,57615,30
12.8323001862,80.229133606,57615,57625,10
12.8320903778,80.2291488647,57625,57635,10
12.8315401077,80.2292709351,57635,57646,11
12.8306398392,80.2295532227,57646,57656,10
12.8302602768,80.2297210693,57656,57666,10
12.8297100067,80.229927063,57666,57676,10
12.8289403915,80.2302474976,57676,57686,10
12.8279895782,80.2307662964,57686,57696,10
12.8269796371,80.2312469482,57696,57706,10
12.8258895874,80.2313995361,57706,57716,10
12.8247203827,80.2313766479,57716,57726,10
12.8236103058,80.2311019897,57726,57735,9
12.8225803375,80.2307662964,57735,57745,10
12.8213996887,80.2304992676,57745,57757,12
12.8199701309,80.2304992676,57757,57767,10
12.8189096451,80.2304916382,57767,57777,10
12.8180799484,80.230140686,57777,57787,10
12.8172397614,80.2297592163,57787,57797,10
12.8161697388,80.2294692993,57797,57807,10
12.8149900436,80.2292861938,57807,57817,10
12.8137903214,80.2290420532,57817,57827,10
12.8125400543,80.2286300659,57827,57837,10
12.8112802505,80.2281799316,57837,57847,10
12.810090065,80.2276992798,57847,57858,11
12.8089199066,80.2270507813,57858,57868,10
12.807970047,80.226272583,57868,57878,10
12.8070201874,80.2254562378,57878,57888,10
12.8061304092,80.2246627808,57888,57904,16
12.8049201965,80.2239837646,57904,57916,12
12.8049097061,80.2239837646,57916,57926,10
12.8048496246,80.2239608765,57926,57936,10
12.8044500351,80.2239227295,57936,57946,10
12.8037900925,80.2238693237,57946,57956,10
12.8029098511,80.223777771,57956,57966,10
12.801150322,80.2236099243,57966,57987,21
12.801150322,80.2236099243,57987,57996,9
12.8010196686,80.2235794067,57996,58007,11
12.8005504608,80.2235412598,58007,58017,10
12.7999401093,80.2234802246,58017,58027,10
12.7991399765,80.2234420776,58027,58037,10
12.79804039,80.2233200073,58037,58047,10
12.7968997955,80.2231369019,58047,58057,10
12.7960395813,80.2229919434,58057,58067,10
12.7958898544,80.2229614258,58067,58078,11
12.7954301834,80.2228775024,58078,58088,10
12.7948503494,80.2227706909,58088,58098,10
12.7939996719,80.222618103,58098,58108,10
12.792889595,80.2224578857,58108,58118,10
12.791680336,80.2221984863,58118,58128,10
12.7904596329,80.2219009399,58128,58138,10
12.7894897461,80.2216262817,58138,58148,10
12.7888202667,80.2213668823,58148,58158,10
12.7881202698,80.2210998535,58158,58168,10
12.7878303528,80.220993042,58168,58179,11
12.7877397537,80.2209625244,58179,58189,10
12.7874202728,80.2208328247,58189,58239,50
12.7874202728,80.2208328247,58239,58249,10
12.7873096466,80.2208023071,58249,58259,10
12.7871599197,80.220741272,58259,58269,10
12.7870798111,80.2207183838,58269,58279,10
12.7868995667,80.2206420898,58279,58300,21
12.7868995667,80.2206420898,58300,58310,10
12.7867898941,80.2205886841,58310,58320,10
12.7865400314,80.220489502,58320,58330,10
12.7862596512,80.2203903198,58330,58340,10
12.7861795425,80.2204971313,58340,58350,10
12.7861795425,80.2207489014,58350,58360,10
12.7862100601,80.2210998535,58360,58370,10
12.7862100601,80.2216796875,58370,58441,71
12.7862501144,80.2218780518,58441,58502,61
12.7862501144,80.2218780518,58502,58512,10
12.7863101959,80.2221221924,58512,59360,848
12.7863197327,80.2221908569,59360,59551,191
12.786239624,80.2219772339,59551,60278,727
12.786239624,80.2219772339,60278,60288,10
12.7863502502,80.221862793,60288,60298,10
12.7862596512,80.2215576172,60298,60309,11
12.786239624,80.2213897705,60309,60319,10
12.7862195969,80.2210998535,60319,60329,10
12.7861700058,80.2207565308,60329,60359,30
12.7861700058,80.2207565308,60359,60369,10
12.7861604691,80.2205429077,60369,60409,40
12.7861604691,80.2205429077,60409,60420,11
12.7864704132,80.2203979492,60420,60440,20
12.7864704132,80.2203979492,60440,60450,10
12.7866601944,80.2205200195,60450,60460,10
12.7869796753,80.2206573486,60460,60470,10
12.7874698639,80.2208404541,60470,60480,10
12.788020134,80.2210388184,60480,60490,10
12.7886600494,80.2212982178,60490,60500,10
12.7895698547,80.2216110229,60500,60521,21
12.7895698547,80.2216110229,60521,60531,10
12.7898302078,80.2217178345,60531,60541,10
12.7903699875,80.2218704224,60541,60551,10
12.7911701202,80.2220687866,60551,60561,10
12.7921495438,80.2223205566,60561,60571,10
12.7932796478,80.2225112915,60571,60581,10
12.7943696976,80.2226715088,60581,60591,10
12.7954101563,80.2228393555,60591,60601,10
12.7962398529,80.2229690552,60601,60611,10
12.7963600159,80.2229919434,60611,60621,10
12.796620369,80.2230377197,60621,60632,11
12.7972402573,80.22315979,60632,60642,10
12.7979898453,80.2232971191,60642,60652,10
12.7988395691,80.2233886719,60652,60662,10
12.7998600006,80.2234573364,60662,60672,10
12.8009700775,80.2235794067,60672,60682,10
12.8015403748,80.2236175537,60682,60692,10
12.8016500473,80.2236480713,60692,60702,10
12.802189827,80.2237167358,60702,60712,10
12.8028697968,80.2238235474,60712,60722,10
12.8036603928,80.2238998413,60722,60732,10
12.8044996262,80.2239608765,60732,60743,11
12.8052396774,80.2240829468,60743,60753,10
12.8055896759,80.2241973877,60753,60763,10
12.8057203293,80.2242584229,60763,60779,16
12.8064603806,80.224899292,60779,60791,12
12.8073396683,80.2256774902,60791,60801,10
12.8082399368,80.2264404297,60801,60811,10
12.8092699051,80.2272720337,60811,60821,10
12.810500145,80.2278671265,60821,60831,10
12.8118200302,80.2283630371,60831,60842,11
12.8133096695,80.2288970947,60842,60852,10
12.8144798279,80.2292404175,60852,60861,9
12.815030098,80.2293167114,60861,60873,12
12.8160600662,80.2294692993,60873,60883,10
12.8171901703,80.2296981812,60883,60892,9
12.818110466,80.2301101685,60892,60903,11
12.8192195892,80.2305221558,60903,60913,10
12.8200998306,80.2305221558,60913,60923,10
12.821269989,80.230506897,60923,60933,10
12.8225698471,80.2307662964,60933,60944,11
12.8240404129,80.2311935425,60944,60954,10
12.8253803253,80.2314300537,60954,60964,10
12.8267803192,80.231338501,60964,60974,10
12.8280496597,80.2308120728,60974,60984,10
12.8292703629,80.230140686,60984,60994,10
12.8300800323,80.2297821045,60994,61004,10
12.830499649,80.2296066284,61004,61014,10
12.8309602737,80.2293930054,61014,61024,10
12.8313798904,80.2292404175,61024,61075,51
12.8313798904,80.2292404175,61075,61085,10
12.8316602707,80.2291412354,61085,61105,20
12.8316602707,80.2291412354,61105,61115,10
12.8320302963,80.229057312,61115,61125,10
12.832570076,80.2289505005,61125,61135,10
12.8332901001,80.2288284302,61135,61145,10
12.8340702057,80.2286987305,61145,61155,10
12.8349103928,80.2285614014,61155,61166,11
12.835849762,80.2284164429,61166,61176,10
12.8367204666,80.2282867432,61176,61186,10
12.8375797272,80.2281570435,61186,61196,10
12.8383903503,80.2279891968,61196,61206,10
12.8389902115,80.2278137207,61206,61297,91
12.8389902115,80.2278137207,61297,61307,10
12.8393297195,80.2276611328,61307,61337,30
12.8393297195,80.2276611328,61337,61347,10
12.8397197723,80.2275466919,61347,61357,10
12.8401699066,80.2275009155,61357,61367,10
12.8408298492,80.2273406982,61367,61378,11
12.8417396545,80.2271194458,61378,61388,10
12.8427000046,80.2268981934,61388,61398,10
12.8437795639,80.2267074585,61398,61408,10
12.8449001312,80.2265777588,61408,61418,10
12.845459938,80.2265396118,61418,61438,20
12.845459938,80.2265396118,61438,61448,10
12.8457298279,80.2265396118,61448,61458,10
12.846039772,80.2265625,61458,61468,10
12.8464803696,80.2265701294,61468,61478,10
12.8470802307,80.2265701294,61478,61495,17
12.8484401703,80.2265701294,61495,61507,12
12.8500003815,80.2265625,61507,61527,20
12.8500003815,80.2265625,61527,61538,11
12.8503599167,80.2265625,61538,61548,10
12.8509998322,80.2265701294,61548,61558,10
12.8517303467,80.2265930176,61558,61568,10
12.852809906,80.2266311646,61568,61577,9
12.8537197113,80.226600647,61577,61589,12
12.8550701141,80.2264633179,61589,61598,9
12.8561401367,80.226348877,61598,61609,11
12.8574800491,80.2262268066,61609,61619,10
12.858039856,80.2261886597,61619,61629,10
12.8583402634,80.2261962891,61629,61639,10
12.8589200974,80.2262573242,61639,61649,10
12.8597202301,80.2263793945,61649,61659,10
12.8606796265,80.2265014648,61659,61669,10
12.8608999252,80.2265167236,61669,61679,10
12.861120224,80.2265319824,61679,61689,10
12.8617095947,80.2265396118,61689,61700,11
12.8626003265,80.2265090942,61700,61710,10
12.8635997772,80.2265014648,61710,61720,10
12.8648004532,80.2265472412,61720,61730,10
12.866060257,80.2265625,61730,61740,10
12.8673400879,80.2264633179,61740,61750,10
12.8686103821,80.2263793945,61750,61760,10
12.8699197769,80.2265319824,61760,61770,10
12.8707199097,80.226600647,61770,61780,10
12.8715295792,80.2266464233,61780,61790,10
12.8724498749,80.2266464233,61790,61801,11
12.8729095459,80.2266693115,61801,61811,10
12.8731203079,80.2266921997,61811,61821,10
12.8736400604,80.2267227173,61821,61831,10
12.8744001389,80.2267913818,61831,61841,10
12.8753004074,80.2268981934,61841,61857,16
12.8760700226,80.2269592285,61857,61869,12
12.8763599396,80.2269363403,61869,61879,10
12.876660347,80.2269210815,61879,61889,10
12.876830101,80.2269134521,61889,61898,9
12.8770103455,80.2269134521,61898,61908,10
12.8775501251,80.2268829346,61908,61918,10
12.8782997131,80.2268218994,61918,61930,12
12.8794698715,80.2267532349,61930,61940,10
12.8806600571,80.2267227173,61940,61950,10
12.8818397522,80.2267074585,61950,61960,10
12.8831996918,80.2266998291,61960,61970,10
12.8847198486,80.2266693115,61970,61980,10
12.8852996826,80.2266921997,61980,61990,10
12.8854103088,80.2267227173,61990,62000,10
12.8858804703,80.2268295288,62000,62010,10
12.8866300583,80.2270278931,62010,62021,11
12.8875904083,80.2272262573,62021,62031,10
12.8885002136,80.2273101807,62031,62041,10
12.8886995316,80.2273178101,62041,62051,10
12.8887395859,80.2273330688,62051,62061,10
12.8891401291,80.2273406982,62061,62071,10
12.889840126,80.2273406982,62071,62081,10
12.8907604218,80.2273406982,62081,62091,10
12.8918304443,80.2273406982,62091,62101,10
12.892829895,80.2274093628,62101,62111,10
12.8936901093,80.2275009155,62111,62122,11
12.8938398361,80.2275314331,62122,62132,10
12.8943300247,80.2275772095,62132,62142,10
12.8951101303,80.2276229858,62142,62152,10
12.896109581,80.2276611328,62152,62162,10
12.8972997665,80.2277374268,62162,62172,10
12.8985004425,80.2277984619,62172,62182,10
12.8995599747,80.2278366089,62182,62192,10
12.9008398056,80.2279129028,62192,62303,111
12.9008398056,80.2279129028,62303,62313,10
12.9010400772,80.2279815674,62313,62323,10
12.9016103745,80.2279968262,62323,62334,11
12.9024896622,80.2280426025,62334,62344,10
12.9032297134,80.2280197144,62344,62354,10
12.9032697678,80.2280197144,62354,62364,10
12.9035997391,80.2280731201,62364,62374,10
12.9042396545,80.2281265259,62374,62384,10
12.9050197601,80.2281799316,62384,62394,10
12.9061203003,80.2282180786,62394,62414,20
12.9061203003,80.2282180786,62414,62424,10
12.9061899185,80.2282180786,62424,62434,10
12.9065704346,80.2282562256,62434,62445,11
12.9070100784,80.228302002,62445,62455,10
12.9070596695,80.228302002,62455,62465,10
12.9074602127,80.2283630371,62465,62475,10
12.9081497192,80.2284622192,62475,62485,10
12.9088802338,80.2285766602,62485,62495,10
12.9096603394,80.2287063599,62495,62505,10
12.9107103348,80.2288665771,62505,62515,10
12.9117803574,80.2290267944,62515,62525,10
12.9127902985,80.2291793823,62525,62535,10
12.9137802124,80.2293014526,62535,62546,11
12.9139995575,80.2293167114,62546,62556,10
12.914059639,80.2293319702,62556,62566,10
12.9144802094,80.2293930054,62566,62576,10
12.9151697159,80.2294921875,62576,62586,10
12.9160804749,80.2296218872,62586,62596,10
12.9170198441,80.2297515869,62596,62606,10
12.9179601669,80.2298812866,62606,62616,10
12.919380188,80.2300491333,62616,62636,20
12.919380188,80.2300491333,62636,62646,10
12.9197397232,80.2301101685,62646,62657,11
12.9204597473,80.2302017212,62657,62667,10
12.9212999344,80.2303085327,62667,62677,10
12.9223203659,80.2304611206,62677,62687,10
12.9234304428,80.2306289673,62687,62697,10
12.9245996475,80.2307815552,62697,62707,10
12.9257297516,80.2309188843,62707,62717,10
12.9265298843,80.2310028076,62717,62727,10
12.9265899658,80.231010437,62727,62737,10
12.9268903732,80.2310409546,62737,62747,10
12.9274702072,80.2311172485,62747,62758,11
12.928319931,80.2312316895,62758,62768,10
12.9291496277,80.2313766479,62768,62778,10
12.9301204681,80.231590271,62778,62788,10
12.931189537,80.2318878174,62788,62798,10
12.9322795868,80.2322387695,62798,62808,10
12.933139801,80.2325363159,62808,62818,10
12.9332799911,80.2325973511,62818,62828,10
12.9334802628,80.2327194214,62828,62838,10
12.9337997437,80.2328567505,62838,62848,10
12.9343500137,80.2331085205,62848,62858,10
12.9351100922,80.2334594727,62858,62869,11
12.9360599518,80.2339019775,62869,62879,10
12.9370298386,80.2343597412,62879,62889,10
12.9380502701,80.2348480225,62889,62899,10
12.9389801025,80.2352981567,62899,62909,10
12.9392004013,80.2354278564,62909,62919,10
12.9394598007,80.2355575562,62919,62929,10
12.9399404526,80.2358016968,62929,62939,10
12.9407300949,80.236038208,62939,62949,10
12.9417104721,80.2362670898,62949,62959,10
12.942779541,80.2366333008,62959,62970,11
12.9436302185,80.2372589111,62970,62980,10
12.9437599182,80.237411499,62980,62990,10
12.9440498352,80.2377471924,62990,63000,10
12.9445295334,80.2382888794,63000,63010,10
12.9451999664,80.2389907837,63010,63020,10
12.946100235,80.2395324707,63020,63030,10
12.9469900131,80.2398986816,63030,63040,10
12.947259903,80.2400131226,63040,63051,11
12.9472999573,80.2400436401,63051,63061,10
12.9476699829,80.2401885986,63061,63071,10
12.9482297897,80.2404403687,63071,63082,11
12.9487600327,80.2406387329,63082,63092,10
12.9493503571,80.2408676147,63092,63102,10
12.9500198364,80.2410583496,63102,63112,10
12.9509000778,80.2413101196,63112,63142,30
12.9509000778,80.2413101196,63142,63152,10
12.9511299133,80.2414016724,63152,63162,10
12.9516897202,80.2416229248,63162,63172,10
12.9523801804,80.2418823242,63172,63183,11
12.95333004,80.2422485352,63183,63193,10
12.9540395737,80.2425079346,63193,63203,10
12.9547595978,80.2427978516,63203,63213,10
12.9553899765,80.2430419922,63213,63223,10
12.9559402466,80.2432403564,63223,63243,20
12.9559402466,80.2432403564,63243,63253,10
12.9561500549,80.2433166504,63253,63304,51
12.9561500549,80.2433166504,63304,63314,10
12.9564504623,80.2434310913,63314,63324,10
12.9568004608,80.243598938,63324,63334,10
12.957449913,80.2439117432,63334,63344,10
12.9588098526,80.2444610596,63344,63364,20
12.9588098526,80.2444610596,63364,63374,10
12.9589099884,80.2444763184,63374,63384,10
12.9592695236,80.2446594238,63384,63395,11
12.9599199295,80.244972229,63395,63405,10
12.9606704712,80.2453079224,63405,63415,10
12.9616003036,80.2457580566,63415,63425,10
12.9624595642,80.2461776733,63425,63435,10
12.9627599716,80.2463378906,63435,63445,10
12.9629001617,80.246421814,63445,63455,10
12.9633703232,80.2466506958,63455,63465,10
12.9640398026,80.2469482422,63465,63475,10
12.9648704529,80.2472610474,63475,63485,10
12.9657897949,80.2475662231,63485,63495,10
12.9666996002,80.2479019165,63495,63516,21
12.9666996002,80.2479019165,63516,63526,10
12.9669504166,80.2480621338,63526,63536,10
12.967499733,80.2483062744,63536,63546,10
12.9682798386,80.2486495972,63546,63556,10
12.9693002701,80.2490463257,63556,63566,10
12.970459938,80.24949646,63566,63576,10
12.9716997147,80.2498626709,63576,63592,16
12.9733495712,80.2503128052,63592,63604,12
12.9737901688,80.2504272461,63604,63615,11
12.9741096497,80.25050354,63615,63625,10
12.9742002487,80.2505111694,63625,63635,10
12.974360466,80.2505569458,63635,63645,10
12.9746103287,80.2506408691,63645,63654,9
12.974729538,80.2506713867,63654,63665,11
12.9751195908,80.2507781982,63665,63766,101
12.9751195908,80.2507781982,63766,63776,10
12.9754400253,80.2508621216,63776,63786,10
12.9758901596,80.2509918213,63786,63847,61
12.9758901596,80.2509918213,63847,63857,10
12.9760398865,80.2510528564,63857,63867,10
12.9763402939,80.2511367798,63867,63877,10
12.9766397476,80.2512207031,63877,63887,10
12.9769201279,80.2513198853,63887,64039,152
12.9769201279,80.2513198853,64039,64049,10
12.977060318,80.2513885498,64049,64059,10
12.977399826,80.2515563965,64059,64069,10
12.9776496887,80.2517318726,64069,64079,10
12.9777202606,80.2517700195,64079,64089,10
12.9777498245,80.2517929077,64089,64099,10
12.9779100418,80.2519226074,64099,64140,41
12.9779100418,80.2519226074,64140,64150,10
12.9781503677,80.2521209717,64150,64160,10
12.9785804749,80.2523880005,64160,64432,272
12.9787197113,80.2524337769,64432,64483,51
12.9787197113,80.2524337769,64483,64493,10
12.9788799286,80.2524871826,64493,64503,10
12.9790897369,80.2525634766,64503,64513,10
12.9798402786,80.2526092529,64513,64604,91
12.9798402786,80.2526092529,64604,64614,10
12.9800796509,80.2526473999,64614,64624,10
12.9806404114,80.2526321411,64624,64634,10
12.9810199738,80.2526016235,64634,64725,91
12.9810199738,80.2526016235,64725,64735,10
12.9812002182,80.2525787354,64735,64745,10
12.9816198349,80.252571106,64745,64755,10
12.9823303223,80.2525634766,64755,64766,11
12.983039856,80.2525024414,64766,64776,10
12.983300209,80.2524719238,64776,64786,10
12.9837503433,80.2523803711,64786,64796,10
12.9842395782,80.252243042,64796,64806,10
12.9847803116,80.2521133423,64806,64816,10
12.9855203629,80.2519073486,64816,64826,10
12.9862003326,80.2517166138,64826,64836,10
12.9867696762,80.2515716553,64836,65078,242
12.9867696762,80.2515716553,65078,65089,11
12.9870796204,80.2514877319,65089,65099,10
12.9874801636,80.2513809204,65099,65109,10
12.9878196716,80.2513809204,65109,65119,10
12.9879598618,80.2518386841,65119,65129,10
12.9879999161,80.2524337769,65129,65139,10
12.9879398346,80.2530212402,65139,65149,10
12.9878797531,80.2537536621,65149,65159,10
12.987830162,80.2543106079,65159,65169,10
12.987830162,80.2545471191,65169,65179,10
12.9877901077,80.2548904419,65179,65190,11
12.987739563,80.2553710938,65190,65200,10
12.9876899719,80.2557220459,65200,65210,10
12.9880199432,80.2558288574,65210,65220,10
12.9884395599,80.2558898926,65220,65250,30
12.9884395599,80.2558898926,65250,65260,10
12.9889202118,80.2559204102,65260,65270,10
12.9894199371,80.2559509277,65270,65280,10
12.9901399612,80.2559814453,65280,65290,10
12.9905796051,80.2559814453,65290,65301,11
12.9911003113,80.2559967041,65301,65311,10
12.9917297363,80.2560119629,65311,65321,10
12.9925603867,80.2559585571,65321,65381,60
12.9929199219,80.2559509277,65381,65412,31
12.9929199219,80.2559509277,65412,65422,10
12.9931097031,80.2559814453,65422,65432,10
12.9933204651,80.2559509277,65432,65442,10
12.9934997559,80.2559509277,65442,65452,10
12.9935398102,80.2559432983,65452,65462,10
12.9938602448,80.2559432983,65462,65472,10
12.9941101074,80.2559509277,65472,65482,10
12.9944095612,80.2559280396,65482,65492,10
12.9948101044,80.2558898926,65492,65502,10
12.9951000214,80.2558822632,65502,65513,11
12.9953699112,80.255859375,65513,65523,10
12.9956798553,80.2558670044,65523,65533,10
12.9963302612,80.2558670044,65533,65654,121
12.9963302612,80.2558670044,65654,65664,10
12.9966497421,80.2557907104,65664,65674,10
12.997010231,80.255821228,65674,65684,10
12.9974403381,80.2558364868,65684,65694,10
12.9980096817,80.2558364868,65694,65704,10
12.9982995987,80.255859375,65704,65714,10
12.9984397888,80.2559432983,65714,65725,11
12.9991397858,80.2560501099,65725,65775,50
12.9991397858,80.2560501099,65775,65785,10
12.9994802475,80.2561721802,65785,65795,10
13.0000400543,80.2562637329,65795,65805,10
13.0009403229,80.256439209,65805,65836,31
13.0009403229,80.256439209,65836,65846,10
13.001159668,80.2565917969,65846,65856,10
13.001540184,80.2566223145,65856,65866,10
13.0020904541,80.2566833496,65866,65876,10
13.0026597977,80.2567596436,65876,65886,10
13.0032596588,80.2568664551,65886,65896,10
13.0037403107,80.2569274902,65896,65906,10
13.0042495728,80.2570419312,65906,65916,10
13.0048999786,80.2571182251,65916,65926,10
13.0052700043,80.2571487427,65926,65937,11
13.0055198669,80.257270813,65937,65947,10
13.005979538,80.2573699951,65947,65957,10
13.0064001083,80.2574462891,65957,65997,40
13.0064001083,80.2574462891,65997,66007,10
13.0065402985,80.2573928833,66007,66017,10
13.0065002441,80.2569503784,66017,66028,11
13.0065002441,80.2562026978,66028,66038,10
13.0065002441,80.2553634644,66038,66048,10
13.0065402985,80.2549285889,66048,66058,10
13.0065097809,80.2542266846,66058,66068,10
13.006480217,80.2534866333,66068,66078,10
13.0064697266,80.2531204224,66078,66088,10
13.0064601898,80.2530517578,66088,66098,10
13.006480217,80.2526473999,66098,66108,10
13.006529808,80.2521133423,66108,66138,30
13.006529808,80.2521133423,66138,66149,11
13.0065498352,80.2520904541,66149,66159,10
13.0066003799,80.2518234253,66159,66169,10
13.0066995621,80.2511520386,66169,66179,10
13.0067396164,80.2502365112,66179,66189,10
13.0067195892,80.2496337891,66189,66199,10
13.0067195892,80.2495498657,66199,66209,10
13.0066995621,80.2490997314,66209,66340,131
13.0066995621,80.2490997314,66340,66350,10
13.0066699982,80.2488708496,66350,66361,11
13.006649971,80.2486801147,66361,66371,10
13.0066099167,80.2484817505,66371,66381,10
13.0066003799,80.2482299805,66381,66391,10
13.0065803528,80.2479400635,66391,66522,131
13.0065803528,80.2479400635,66522,66532,10
13.0065898895,80.2477493286,66532,66542,10
13.0065898895,80.2473068237,66542,66552,10
13.0065803528,80.2468185425,66552,66563,11
13.0065202713,80.2466125488,66563,66583,20
13.0065202713,80.2466125488,66583,66593,10
13.0065603256,80.2462921143,66593,66603,10
13.0065803528,80.2461700439,66603,66613,10
13.0065803528,80.2459869385,66613,66623,10
13.0065603256,80.24584198,66623,66633,10
13.0065402985,80.2456436157,66633,66643,10
13.0065498352,80.2453765869,66643,66653,10
13.0065498352,80.2451629639,66653,66663,10
13.0065498352,80.2449035645,66663,66674,11
13.0065402985,80.2447433472,66674,66684,10
13.0065402985,80.2444381714,66684,66693,9
13.0065402985,80.2442626953,66693,66704,11
13.0065402985,80.2440109253,66704,66714,10
13.006529808,80.2437210083,66714,66724,10
13.0065402985,80.2435379028,66724,66734,10
13.006529808,80.2432174683,66734,66744,10
13.0065097809,80.2428970337,66744,66754,10
13.006480217,80.2424316406,66754,66785,31
13.006480217,80.2424316406,66785,66795,10
13.0064897537,80.2422485352,66795,66805,10
13.006480217,80.2420425415,66805,66815,10
13.0064897537,80.2416687012,66815,66825,10
13.0065002441,80.241317749,66825,66835,10
13.0065402985,80.2408981323,66835,66845,10
13.0066604614,80.2403793335,66845,66855,10
13.0067996979,80.2395935059,66855,66865,10
13.0069904327,80.2386169434,66865,66875,10
13.0071401596,80.2377471924,66875,66886,11
13.0072898865,80.2370605469,66886,66916,30
13.0072898865,80.2370605469,66916,66926,10
13.0073699951,80.2366790771,66926,66946,20
13.0073699951,80.2366790771,66946,66956,10
13.0074396133,80.2364196777,66956,66966,10
13.0075397491,80.2360229492,66966,66976,10
13.0076503754,80.2353973389,66976,66987,11
13.0078496933,80.2345275879,66987,66997,10
13.0080795288,80.2335510254,66997,67007,10
13.0083303452,80.2322998047,67007,67017,10
13.008600235,80.2309494019,67017,67027,10
13.0088300705,80.2296981812,67027,67037,10
13.0089797974,80.2288284302,67037,67047,10
13.0091600418,80.2280807495,67047,67057,10
13.0094995499,80.2273025513,67057,67067,10
13.0098800659,80.2264709473,67067,67077,10
13.010310173,80.2256698608,67077,67094,17
13.0106401443,80.2250213623,67094,67106,12
13.0108299255,80.2244796753,67106,67116,10
13.011179924,80.2235107422,67116,67146,30
13.011179924,80.2235107422,67146,67156,10
13.0111703873,80.2232284546,67156,67165,9
13.011300087,80.2230224609,67165,67176,11
13.0115003586,80.2224121094,67176,67186,10
13.011879921,80.2215499878,67186,67196,10
13.0122900009,80.2215423584,67196,67207,11
13.0126695633,80.2220611572,67207,67217,10
13.0131397247,80.2225799561,67217,67227,10
13.0136404037,80.2230987549,67227,67237,10
13.0140199661,80.2233581543,67237,67247,10
13.0142402649,80.2236175537,67247,67257,10
13.0145101547,80.2238998413,67257,67267,10
13.0150899887,80.2246017456,67267,67308,41
13.0150899887,80.2246017456,67308,67318,10
13.0153398514,80.224822998,67318,67328,10
13.0155296326,80.2250366211,67328,67338,10
13.0159797668,80.2253036499,67338,67348,10
13.0166301727,80.2252426147,67348,67358,10
13.0173797607,80.224937439,67358,67368,10
13.0181903839,80.2245864868,67368,67378,10
13.0188798904,80.224319458,67378,67388,10
13.0194301605,80.2243270874,67388,67398,10
13.0197601318,80.2245025635,67398,67409,11
13.0201597214,80.2248306274,67409,67419,10
13.0207004547,80.2251968384,67419,67429,10
13.0211400986,80.2255630493,67429,67439,10
13.0219202042,80.2261428833,67439,67459,20
13.0219202042,80.2261428833,67459,67469,10
13.0222196579,80.2264404297,67469,67479,10
13.0226697922,80.226852417,67479,67489,10
13.0232200623,80.2273712158,67489,67499,10
13.0236196518,80.2277679443,67499,67509,10
13.0241603851,80.2283096313,67509,67520,11
13.0246095657,80.2289428711,67520,67530,10
13.0249004364,80.2293014526,67530,67540,10
13.0252399445,80.2297134399,67540,67550,10
13.0254802704,80.2299880981,67550,67560,10
13.0256004333,80.230140686,67560,67570,10
13.0256795883,80.2302627563,67570,67580,10
13.0257396698,80.2304000854,67580,67590,10
13.0258398056,80.2306289673,67590,67600,10
13.0259199142,80.2308731079,67600,67610,10
13.0259895325,80.2311706543,67610,67671,61
13.0259895325,80.2311706543,67671,67681,10
13.0263004303,80.2312698364,67681,67691,10
13.0269098282,80.2311019897,67691,67701,10
13.0276098251,80.2309417725,67701,67711,10
13.0283498764,80.2308425903,67711,67731,20
13.0283498764,80.2308425903,67731,67742,11
13.0286598206,80.2308273315,67742,67753,11
13.0292901993,80.2307815552,67753,67793,40
13.0292901993,80.2307815552,67793,67803,10
13.0295495987,80.230796814,67803,67813,10
13.0300102234,80.2307434082,67813,67823,10
13.0304002762,80.2306976318,67823,67834,11
13.0308103561,80.2306594849,67834,67844,10
13.0314302444,80.2305984497,67844,67854,10
13.0319795609,80.2305603027,67854,67864,10
13.0324401855,80.2305221558,67864,67874,10
13.0333499908,80.2304534912,67874,67904,30
13.0333499908,80.2304534912,67904,67914,10
13.0339298248,80.2304077148,67914,68023,109
13.0339298248,80.2304077148,68023,68033,10
13.034040451,80.2305297852,68033,68044,11
13.0343904495,80.2304229736,68044,68054,10
13.0347604752,80.2303009033,68054,68064,10
13.0349397659,80.2300796509,68064,68074,10
13.0344295502,80.2300033569,68074,68185,111
13.0341100693,80.2299575806,68185,68932,747
13.0341100693,80.2299575806,68932,68942,10
13.0340900421,80.2303009033,68942,68952,10
13.0340795517,80.2303237915,68952,68962,10
13.0338602066,80.2303466797,68962,68972,10
13.0335502625,80.2303695679,68972,69003,31
13.0335502625,80.2303695679,69003,69013,10
13.0331401825,80.230430603,69013,69023,10
13.0324602127,80.23046875,69023,69033,10
13.03166008,80.2305603027,69033,69043,10
13.0308599472,80.2306289673,69043,69053,10
13.0307598114,80.2306518555,69053,69063,10
13.0305700302,80.2306594849,69063,69073,10
13.0301504135,80.2306976318,69073,69083,10
13.029800415,80.23072052,69083,69093,10
13.0297203064,80.23072052,69093,69104,11
13.029589653,80.2307434082,69104,69114,10
13.0293903351,80.2307510376,69114,69124,10
13.0290002823,80.2307891846,69124,69134,10
13.0286102295,80.2308120728,69134,69144,10
13.028169632,80.2308120728,69144,69154,10
13.0277996063,80.2308425903,69154,69164,10
13.0276298523,80.231010437,69164,69180,16
13.0276899338,80.2317581177,69180,69192,12
13.0277996063,80.232421875,69192,69202,10
13.027680397,80.2327880859,69202,69212,10
13.0271596909,80.2328491211,69212,69223,11
13.0267696381,80.2328567505,69223,69233,10
13.0264797211,80.2328567505,69233,69243,10
13.0262403488,80.2325515747,69243,69253,10
13.0261001587,80.2321166992,69253,69263,10
13.0260601044,80.2318267822,69263,69273,10
13.0259599686,80.2315292358,69273,69283,10
13.0258598328,80.2310562134,69283,69293,10
13.025639534,80.2304534912,69293,69303,10
13.0253200531,80.2299804688,69303,69314,11
13.0250902176,80.2297210693,69314,69374,60
13.0250902176,80.2297210693,69374,69384,10
13.0249004364,80.2294387817,69384,69394,10
13.0247001648,80.2291870117,69394,69404,10
13.0244998932,80.2288894653,69404,69415,11
13.0242004395,80.2285003662,69415,69425,10
13.023850441,80.2280807495,69425,69435,10
13.0235996246,80.2277984619,69435,69445,10
13.0233297348,80.2275390625,69445,69455,10
13.0233097076,80.2275238037,69455,69465,10
13.0232896805,80.2274780273,69465,69475,10
13.0230503082,80.2272186279,69475,69485,10
13.022600174,80.2267990112,69485,69495,10
13.0220098495,80.2262802124,69495,69505,10
13.0213804245,80.2257995605,69505,69522,17
13.0205202103,80.2251586914,69522,69534,12
13.019900322,80.2247619629,69534,69563,29
13.019900322,80.2247619629,69563,69574,11
13.0195398331,80.2245407104,69574,69584,10
13.0190200806,80.2244262695,69584,69594,10
13.0182304382,80.2246627808,69594,69604,10
13.0172195435,80.2250823975,69604,69614,10
13.0163698196,80.2253875732,69614,69625,11
13.0156402588,80.2256393433,69625,69635,10
13.0150604248,80.2258911133,69635,69644,9
13.0143098831,80.2261505127,69644,69665,21
13.0143098831,80.2261505127,69665,69675,10
13.0139703751,80.2262573242,69675,69685,10
13.0133800507,80.2265014648,69685,69695,10
13.0126199722,80.2267913818,69695,69705,10
13.0118103027,80.2270889282,69705,69715,10
13.0109796524,80.2274398804,69715,69726,11
13.0100603104,80.2277984619,69726,69736,10
13.0092697144,80.228187561,69736,69746,10
13.0089998245,80.2288818359,69746,69756,10
13.0088500977,80.2297210693,69756,69766,10
13.0087795258,80.2303390503,69766,69785,19
13.0087795258,80.2303390503,69785,69796,11
13.0087404251,80.2305297852,69796,69816,20
13.0087404251,80.2305297852,69816,69826,10
13.0086803436,80.2309112549,69826,69837,11
13.0086603165,80.231010437,69837,69847,10
13.0086202621,80.2312011719,69847,69857,10
13.0085601807,80.2315216064,69857,69877,20
13.0085601807,80.2315216064,69877,69887,10
13.0085201263,80.2317810059,69887,69897,10
13.0084600449,80.2320709229,69897,69947,50
13.0084600449,80.2320709229,69947,69958,11
13.0083503723,80.2325363159,69958,69968,10
13.0083198547,80.232749939,69968,69978,10
13.0082798004,80.2329406738,69978,69988,10
13.0082397461,80.2333679199,69988,70038,50
13.0082397461,80.2333679199,70038,70049,11
13.0081195831,80.2337265015,70049,70059,10
13.0080900192,80.2338790894,70059,70079,20
13.0080900192,80.2338790894,70079,70089,10
13.0080299377,80.2342071533,70089,70099,10
13.0079898834,80.234413147,70099,70109,10
13.0079603195,80.2345809937,70109,70119,10
13.007900238,80.2348403931,70119,70129,10
13.0078201294,80.2352905273,70129,70139,10
13.0077199936,80.2358627319,70139,70149,10
13.0076198578,80.2363586426,70149,70160,11
13.007519722,80.2368774414,70160,70170,10
13.0074596405,80.2371520996,70170,70180,10
13.0074501038,80.237159729,70180,70190,10
13.0073604584,80.2375793457,70190,70273,83
13.0073604584,80.2375793457,70273,70283,10
13.0073003769,80.2380905151,70283,70384,101
13.0073003769,80.2380905151,70384,70394,10
13.0072002411,80.2382583618,70394,70404,10
13.0071496964,80.2386169434,70404,70414,10
13.0070400238,80.2392196655,70414,70424,10
13.0069198608,80.2398300171,70424,70626,202
13.0069999695,80.2400970459,70626,70676,50
13.0069999695,80.2400970459,70676,70687,11
13.006939888,80.2403106689,70687,70697,10
13.0068702698,80.2406616211,70697,70707,10
13.0068597794,80.2406768799,70707,70717,10
13.0067796707,80.2410430908,70717,70727,10
13.0067195892,80.2417221069,70727,70737,10
13.0066995621,80.2426376343,70737,70747,10
13.0066604614,80.243598938,70747,70788,41
13.0066604614,80.243598938,70788,70798,10
13.0066404343,80.2438735962,70798,70808,10
13.0066299438,80.2443008423,70808,70818,10
13.0066404343,80.2449798584,70818,70828,10
13.0066699982,80.2460174561,70828,70848,20
13.0066699982,80.2460174561,70848,70858,10
13.0066699982,80.2462081909,70858,70868,10
13.0066699982,80.2464675903,70868,70878,10
13.0066795349,80.2468566895,70878,70888,10
13.0066604614,80.2474594116,70888,70899,11
13.0066795349,80.2483596802,70899,70909,10
13.006819725,80.2496032715,70909,70929,20
13.006819725,80.2496032715,70929,70939,10
13.0067996979,80.2498397827,70939,70949,10
13.0067796707,80.2503585815,70949,70959,10
13.006770134,80.2508468628,70959,70969,10
13.0067596436,80.2512969971,70969,70979,10
13.0066604614,80.2518386841,70979,70989,10
13.0065498352,80.2524185181,70989,71000,11
13.0065402985,80.2533187866,71000,71010,10
13.0065498352,80.2541885376,71010,71020,10
13.0065803528,80.2546920776,71020,71040,20
13.0065803528,80.2546920776,71040,71050,10
13.0065698624,80.2548980713,71050,71060,10
13.0065603256,80.2554168701,71060,71070,10
13.0065603256,80.256187439,71070,71080,10
13.0065803528,80.256980896,71080,71111,31
13.0065803528,80.256980896,71111,71121,10
13.0065803528,80.2570419312,71121,71131,10
13.0065898895,80.2572937012,71131,71141,10
13.006529808,80.2575683594,71141,71151,10
13.0062599182,80.2575683594,71151,71161,10
13.0058403015,80.2574234009,71161,71171,10
13.0053396225,80.2573013306,71171,71181,10
13.0045900345,80.2571487427,71181,71191,10
13.0038995743,80.2569732666,71191,71201,10
13.003279686,80.2568511963,71201,71212,11
13.0026798248,80.2567367554,71212,71232,20
13.0026798248,80.2567367554,71232,71242,10
13.0024995804,80.2566986084,71242,71252,10
13.0020999908,80.2566223145,71252,71262,10
13.0014200211,80.2565078735,71262,71272,10
13.0005397797,80.2563781738,71272,71282,10
13.0000495911,80.2562789917,71282,71292,10
12.9997196198,80.2562332153,71292,71302,10
12.9993801117,80.2561721802,71302,71313,11
12.9991798401,80.2561035156,71313,71323,10
12.9989795685,80.2560577393,71323,71333,10
12.9986000061,80.2560424805,71333,71403,70
12.9986000061,80.2560424805,71403,71413,10
12.9982204437,80.2559509277,71413,71424,11
12.9978904724,80.2558822632,71424,71434,10
12.9974403381,80.2558670044,71434,71444,10
12.9970998764,80.255859375,71444,71454,10
12.9966697693,80.2558364868,71454,71464,10
12.9959897995,80.2558288574,71464,71474,10
12.9953098297,80.2558288574,71474,71484,10
12.9946899414,80.2558364868,71484,71494,10
12.9941396713,80.255897522,71494,71504,10
12.9934301376,80.2559509277,71504,71514,10
12.9925403595,80.2560119629,71514,71525,11
12.9915800095,80.2559967041,71525,71535,10
12.9910402298,80.2559890747,71535,71545,10
12.990530014,80.2559585571,71545,71555,10
12.9899597168,80.2559509277,71555,71565,10
12.9893398285,80.2559204102,71565,71575,10
12.9889297485,80.255897522,71575,71585,10
12.9880504608,80.2558135986,71585,71787,202
12.9880504608,80.2558135986,71787,71797,10
12.9878997803,80.2557983398,71797,71807,10
12.9876403809,80.2557525635,71807,71817,10
12.9870004654,80.2556533813,71817,71827,10
12.9870004654,80.2556533813,71827,71837,10
12.9866304398,80.2555923462,71837,71848,11
12.9863595963,80.2555389404,71848,71868,20
12.9863595963,80.2555389404,71868,71878,10
12.9862699509,80.2555389404,71878,71888,10
12.9859304428,80.2554626465,71888,71898,10
12.9853897095,80.2553329468,71898,71908,10
12.9848003387,80.2552108765,71908,71917,9
12.9845504761,80.2550964355,71917,71928,11
12.9840602875,80.254989624,71928,71938,10
12.983590126,80.2548522949,71938,71949,11
12.982919693,80.2546463013,71949,71958,9
12.9823999405,80.2544631958,71958,71969,11
12.9820098877,80.2539825439,71969,71979,10
12.9818201065,80.2534332275,71979,71988,9
12.9817695618,80.2532806396,71988,71999,11
12.9816999435,80.2529678345,71999,72009,10
12.9811897278,80.252746582,72009,72019,10
12.9808998108,80.252746582,72019,72029,10
12.9805498123,80.252746582,72029,72039,10
12.9800596237,80.2527236938,72039,72049,10
12.9794502258,80.2526397705,72049,72060,11
12.9787797928,80.252571106,72060,72080,20
12.9787797928,80.252571106,72080,72090,10
12.9784202576,80.2524108887,72090,72100,10
12.9778995514,80.2519989014,72100,72110,10
12.9771995544,80.251449585,72110,72126,16
12.9755001068,80.2508926392,72126,72138,12
12.9740695953,80.25050354,72138,72148,10
12.9729003906,80.2501983643,72148,72158,10
12.9721603394,80.250038147,72158,72169,11
12.9720602036,80.2500076294,72169,72179,10
12.971540451,80.2498626709,72179,72188,9
12.9709196091,80.2496795654,72188,72199,11
12.9700298309,80.2493667603,72199,72209,10
12.9690999985,80.2489929199,72209,72219,10
12.9682798386,80.2486801147,72219,72229,10
12.9679498672,80.2485275269,72229,72239,10
12.9678096771,80.2484970093,72239,72249,10
12.9676303864,80.2484207153,72249,72259,10
12.967300415,80.2482681274,72259,72270,11
12.9669399261,80.2481002808,72270,72280,10
12.9665603638,80.2479095459,72280,72290,10
12.9661798477,80.2477493286,72290,72300,10
12.9657297134,80.2475662231,72300,72320,20
12.9657297134,80.2475662231,72320,72330,10
12.9652700424,80.2474136353,72330,72350,20
12.9652700424,80.2474136353,72350,72360,10
12.9651098251,80.2473907471,72360,72371,11
12.9647302628,80.2472686768,72371,72381,10
12.9644804001,80.2471618652,72381,72411,30
12.9644804001,80.2471618652,72411,72421,10
12.9643001556,80.2471389771,72421,72431,10
12.9639101028,80.2469787598,72431,72441,10
12.9633598328,80.2467193604,72441,72451,10
12.9626197815,80.2463226318,72451,72461,10
12.9617795944,80.245880127,72461,72471,10
12.9609498978,80.2454833984,72471,72482,11
12.9602804184,80.2452011108,72482,72492,10
12.9597597122,80.2449798584,72492,72502,10
12.959400177,80.2447967529,72502,72532,30
12.959400177,80.2447967529,72532,72542,10
12.9590702057,80.2446365356,72542,72552,10
12.9584999084,80.2443771362,72552,72562,10
12.9579401016,80.2441482544,72562,72572,10
12.9573402405,80.2439498901,72572,72583,11
12.956870079,80.2437820435,72583,72633,50
12.956609726,80.2436828613,72633,72694,61
12.956609726,80.2436828613,72694,72704,10
12.9564599991,80.2436218262,72704,72714,10
12.9562101364,80.243522644,72714,72724,10
12.9555997849,80.2432327271,72724,72734,10
12.9548397064,80.2428894043,72734,72744,10
12.9541196823,80.2425918579,72744,72754,10
12.9534797668,80.2423400879,72754,72764,10
12.9529104233,80.2421188354,72764,72774,10
12.9521903992,80.241859436,72774,72784,10
12.9516897202,80.2416763306,72784,72795,11
12.9516801834,80.2416763306,72795,72805,10
12.9515199661,80.2416000366,72805,72815,10
12.9510402679,80.2414398193,72815,72825,10
12.9504299164,80.2412567139,72825,72835,10
12.9500102997,80.2411499023,72835,72845,10
12.9495096207,80.2409973145,72845,72855,10
12.9489803314,80.2408065796,72855,72865,10
12.9482603073,80.2405014038,72865,72875,10
12.9475498199,80.2402114868,72875,72885,10
12.9472303391,80.2400665283,72885,72896,11
12.9471998215,80.2400588989,72896,72906,10
12.9471702576,80.2400283813,72906,72916,10
12.9467897415,80.2398605347,72916,72926,10
12.946149826,80.2395782471,72926,72936,10
12.9453697205,80.2392120361,72936,72946,10
12.9446201324,80.2385025024,72946,72956,10
12.9438295364,80.2376174927,72956,72966,10
12.942899704,80.2367401123,72966,72976,10
12.9416303635,80.2362594604,72976,72986,10
12.9403800964,80.2359466553,72986,72996,10
12.939740181,80.2357635498,72996,73007,11
12.9397201538,80.2357406616,73007,73017,10
12.9395599365,80.2356491089,73017,73027,10
12.939040184,80.2353820801,73027,73037,10
12.9382801056,80.2350082397,73037,73047,10
12.937379837,80.2345581055,73047,73057,10
12.936340332,80.2340698242,73057,73073,16
12.9338903427,80.233001709,73073,73105,32
12.9338903427,80.233001709,73105,73115,10
12.9335403442,80.2328262329,73115,73126,11
12.9327697754,80.2324981689,73126,73136,10
12.9318799973,80.232170105,73136,73146,10
12.9307498932,80.2317962646,73146,73156,10
12.9295301437,80.2314910889,73156,73166,10
12.9285497665,80.2312927246,73166,73176,10
12.9274301529,80.2311325073,73176,73186,10
12.9260501862,80.231010437,73186,73206,20
12.9260501862,80.231010437,73206,73217,11
12.9256696701,80.2309570313,73217,73227,10
12.9250297546,80.2308807373,73227,73237,10
12.9242095947,80.2307662964,73237,73247,10
12.923210144,80.2306365967,73247,73257,10
12.9220104218,80.2304382324,73257,73267,10
12.9206800461,80.2302627563,73267,73277,10
12.9194202423,80.2301177979,73277,73287,10
12.9191102982,80.2300872803,73287,73297,10
12.9190196991,80.2300720215,73297,73307,10
12.9186000824,80.2300033569,73307,73318,11
12.9177904129,80.2298812866,73318,73328,10
12.9168100357,80.2297515869,73328,73338,10
12.9156799316,80.2295837402,73338,73348,10
12.9144697189,80.2294082642,73348,73358,10
12.9135599136,80.2293014526,73358,73374,16
12.9134998322,80.2293014526,73374,73386,12
12.9131402969,80.2292404175,73386,73396,10
12.9124603271,80.2291412354,73396,73406,10
12.9115800858,80.2289962769,73406,73416,10
12.9104995728,80.2288284302,73416,73427,11
12.9091596603,80.2286071777,73427,73437,10
12.9081602097,80.2284622192,73437,73447,10
12.9078102112,80.2284164429,73447,73457,10
12.9075403214,80.2283782959,73457,73467,10
12.9070596695,80.2283325195,73467,73477,10
12.9064702988,80.2282562256,73477,73487,10
12.9059801102,80.2282562256,73487,73497,10
12.9058504105,80.2282409668,73497,73507,10
12.9052801132,80.228187561,73507,73517,10
12.9044303894,80.2281265259,73517,73527,10
12.903380394,80.2280807495,73527,73538,11
12.9022397995,80.2280197144,73538,73548,10
12.9016799927,80.2280197144,73548,73558,10
12.9016199112,80.228012085,73558,73568,10
12.9014797211,80.2280197144,73568,73578,10
12.9012699127,80.2280197144,73578,73649,71
12.9012699127,80.2280197144,73649,73659,10
12.9011201859,80.2279968262,73659,73669,10
12.9007797241,80.2279281616,73669,73679,10
12.9001398087,80.227897644,73679,73689,10
12.8996200562,80.2278366089,73689,73699,10
12.8992595673,80.2278366089,73699,73719,20
12.8992595673,80.2278366089,73719,73729,10
12.8992204666,80.2278518677,73729,73740,11
12.8989601135,80.2278823853,73740,73750,10
12.898850441,80.2278823853,73750,73760,10
12.8983802795,80.2278366089,73760,73770,10
12.8976602554,80.2277679443,73770,73780,10
12.8967895508,80.227722168,73780,73790,10
12.8958997726,80.2276763916,73790,73800,10
12.8949899673,80.2276535034,73800,73810,10
12.8940401077,80.2276000977,73810,73822,12
12.8932199478,80.2275238037,73822,73832,10
12.8931398392,80.2275009155,73832,73842,10
12.8929004669,80.2274627686,73842,73853,11
12.8927698135,80.2274398804,73853,73863,10
12.8923797607,80.2273864746,73863,73873,10
12.8916797638,80.2273635864,73873,73882,9
12.8908996582,80.2273635864,73882,73893,11
12.8898200989,80.2273635864,73893,73903,10
12.8882799149,80.2273635864,73903,73923,20
12.8882799149,80.2273635864,73923,73933,10
12.8879899979,80.2273178101,73933,73943,10
12.8873901367,80.2272415161,73943,73954,11
12.8864803314,80.2270507813,73954,73964,10
12.8854999542,80.2267990112,73964,73974,10
12.8847904205,80.2267227173,73974,73984,10
12.8847703934,80.2267303467,73984,73994,10
12.8845901489,80.2267379761,73994,74004,10
12.8840398788,80.2267303467,74004,74014,10
12.8831996918,80.2267227173,74014,74024,10
12.8821296692,80.2267303467,74024,74034,10
12.880900383,80.2267379761,74034,74044,10
12.8795604706,80.2267608643,74044,74054,10
12.8781604767,80.2268371582,74054,74065,11
12.8768501282,80.2269821167,74065,74075,10
12.8766698837,80.2269973755,74075,74085,10
12.8762397766,80.2270202637,74085,74105,20
12.8762397766,80.2270202637,74105,74115,10
12.87596035,80.2270126343,74115,74125,10
12.8753004074,80.2269668579,74125,74135,10
12.8743801117,80.226852417,74135,74145,10
12.8732404709,80.2267227173,74145,74155,10
12.8725204468,80.2267227173,74155,74166,11
12.8723497391,80.2267227173,74166,74176,10
12.8717899323,80.2266998291,74176,74186,10
12.8709402084,80.2266769409,74186,74196,10
12.8700199127,80.2266082764,74196,74206,10
12.8687000275,80.2264404297,74206,74216,10
12.8674001694,80.2264633179,74216,74226,10
12.8660497665,80.2265930176,74226,74234,8
12.8649702072,80.2266082764,74234,74246,12
12.8633298874,80.2265701294,74246,74255,9
12.8621301651,80.226600647,74255,74267,12
12.8610095978,80.2266311646,74267,74277,10
12.8609104156,80.2266311646,74277,74287,10
12.8604602814,80.2265930176,74287,74297,10
12.8597097397,80.2264785767,74297,74307,10
12.8587398529,80.2263412476,74307,74317,10
12.8575496674,80.2262878418,74317,74327,10
12.8562698364,80.2264099121,74327,74337,10
12.8549203873,80.2265625,74337,74347,10
12.8535203934,80.2266921997,74347,74357,10
12.8520803452,80.2266769409,74357,74367,10
12.8507699966,80.2266311646,74367,74378,11
12.8501796722,80.2266082764,74378,74388,10
12.8499603271,80.2265701294,74388,74398,10
12.8493204117,80.2265701294,74398,74408,10
12.848400116,80.2265930176,74408,74418,10
12.8472204208,80.2266082764,74418,74428,10
12.8455400467,80.2266387939,74428,74456,28
12.8455400467,80.2266387939,74456,74466,10
12.8452301025,80.2266387939,74466,74476,10
12.8445501328,80.2266693115,74476,74487,11
12.8435297012,80.2267913818,74487,74497,10
12.8423900604,80.2269897461,74497,74507,10
12.8411197662,80.2273178101,74507,74517,10
12.8401603699,80.2275772095,74517,74527,10
12.8396501541,80.2276916504,74527,74537,10
12.8391599655,80.2278289795,74537,74547,10
12.8383598328,80.2280426025,74547,74557,10
12.8373203278,80.2282485962,74557,74567,10
12.8360700607,80.2284469604,74567,74577,10
12.8347196579,80.2286529541,74577,74588,11
12.8331804276,80.2289428711,74588,74598,10
12.8321895599,80.2291564941,74598,74618,20
12.8321895599,80.2291564941,74618,74628,10
12.8320999146,80.2291793823,74628,74638,10
12.8320798874,80.2291793823,74638,74648,10
12.8318500519,80.2292404175,74648,74658,10
12.8312797546,80.229347229,74658,74668,10
12.8305702209,80.2296066284,74668,74678,10
12.8298301697,80.229888916,74678,74688,10
12.8290700912,80.2301864624,74688,74705,17
12.827750206,80.2309188843,74705,74717,12
12.8268203735,80.2313232422,74717,74727,10
12.8260402679,80.2314071655,74727,74737,10
12.8258399963,80.2314224243,74737,74747,10
12.8254404068,80.2314300537,74747,74757,10
12.8247003555,80.2313766479,74757,74767,10
12.8238801956,80.2311630249,74767,74777,10
12.8226299286,80.2307662964,74777,74787,10
12.8213701248,80.2304763794,74787,74798,11
12.8199501038,80.2304763794,74798,74808,10
12.8189096451,80.2304992676,74808,74817,9
12.8187999725,80.23046875,74817,74828,11
12.818479538,80.2303009033,74828,74838,10
12.817700386,80.2298965454,74838,74848,10
12.8167104721,80.2295303345,74848,74858,10
12.8154697418,80.2293395996,74858,74868,10
12.8141403198,80.229133606,74868,74878,10
12.8128099442,80.2287063599,74878,74888,10
12.8116397858,80.2282791138,74888,74899,11
12.8105697632,80.2278518677,74899,74909,10
12.8099403381,80.2276229858,74909,74919,10
12.8097696304,80.2275390625,74919,74929,10
12.8093900681,80.2273406982,74929,74939,10
12.8088903427,80.2269592285,74939,74949,10
12.8082103729,80.2263870239,74949,74959,10
12.8073997498,80.225692749,74959,74969,10
12.806810379,80.2251815796,74969,74979,10
12.8062696457,80.2247009277,74979,74989,10
12.8056898117,80.2242431641,74989,74999,10
12.8054800034,80.2241210938,74999,75010,11
12.8053598404,80.2240829468,75010,75020,10
12.8049097061,80.2239608765,75020,75030,10
12.8042602539,80.2238922119,75030,75040,10
12.8036603928,80.2238388062,75040,75050,10
12.8029899597,80.2237701416,75050,75060,10
12.8021497726,80.2236633301,75060,75070,10
12.8013601303,80.2236022949,75070,75080,10
12.8007698059,80.2235565186,75080,75090,10
12.8006000519,80.2235565186,75090,75100,10
12.8002099991,80.2235031128,75100,75111,11
12.7994003296,80.2234420776,75111,75120,9
12.798500061,80.2233428955,75120,75130,10
12.797249794,80.2231674194,75130,75141,11
12.7960796356,80.2229690552,75141,75150,9
12.7958803177,80.2229385376,75150,75161,11
12.7954597473,80.2228622437,75161,75171,10
12.7947797775,80.2227325439,75171,75181,10
12.7938404083,80.2225799561,75181,75191,10
12.7927503586,80.2224197388,75191,75201,10
12.791560173,80.2221374512,75201,75212,11
12.7903404236,80.2218399048,75212,75222,10
12.7897701263,80.2216796875,75222,75232,10
12.7896203995,80.2216186523,75232,75242,10
12.7895002365,80.2215576172,75242,75252,10
12.7892999649,80.2214889526,75252,75262,10
12.7889204025,80.2213363647,75262,75272,10
12.7883396149,80.2211074829,75272,75282,10
12.7878704071,80.2209320068,75282,75292,10
12.7874403,80.2207565308,75292,75302,10
12.7867202759,80.2204971313,75302,75333,31
12.7867202759,80.2204971313,75333,75343,10
12.7866201401,80.220451355,75343,75353,10
12.7864198685,80.2203826904,75353,75363,10
12.7862796783,80.2203216553,75363,75373,10
12.7862195969,80.2204589844,75373,75383,10
12.786190033,80.2207717896,75383,75393,10
12.786190033,80.2211990356,75393,75403,10
12.7863197327,80.2217712402,75403,75444,41
12.7862997055,80.2220077515,75444,75656,212
12.7862596512,80.2220001221,75656,76696,1040
12.7862596512,80.2220001221,76696,76706,10
12.7861795425,80.2215194702,76706,76716,10
12.7861795425,80.2211914063,76716,76726,10
12.7861700058,80.2205734253,76726,76746,20
12.7861700058,80.2205734253,76746,76756,10
12.7862501144,80.2203521729,76756,76766,10
12.7863903046,80.2203903198,76766,76776,10
12.7864599228,80.2204437256,76776,76786,10
12.7868003845,80.2205810547,76786,76797,11
12.7874097824,80.2208175659,76797,76807,10
12.7880001068,80.2210388184,76807,76817,10
12.788649559,80.2212982178,76817,76827,10
12.7891597748,80.221496582,76827,76837,10
12.7894697189,80.2216110229,76837,76847,10
12.7900104523,80.2217788696,76847,76857,10
12.7907600403,80.2219772339,76857,76867,10
12.7916603088,80.2221984863,76867,76877,10
12.792599678,80.2224121094,76877,76887,10
12.7936201096,80.2225723267,76887,76898,11
12.7947702408,80.2227478027,76898,76908,10
12.7958097458,80.22290802,76908,76918,10
12.7964401245,80.2229995728,76918,76928,10
12.7965898514,80.2230300903,76928,76938,10
12.7971200943,80.2231369019,76938,76948,10
12.7979097366,80.2232666016,76948,76958,10
12.7988796234,80.2233886719,76958,76968,10
12.8000402451,80.2235031128,76968,76978,10
12.8012399673,80.2236175537,76978,76988,10
12.8023796082,80.2237319946,76988,76998,10
12.8031396866,80.2238311768,76998,77009,11
12.8038301468,80.2238998413,77009,77019,10
12.8046102524,80.2239608765,77019,77029,10
12.805270195,80.2240829468,77029,77039,10
12.8055801392,80.2241897583,77039,77049,10
12.8058395386,80.2243728638,77049,77059,10
12.8064203262,80.224861145,77059,77069,10
12.8071699142,80.2255401611,77069,77079,10
12.8080301285,80.2262802124,77079,77089,10
12.8090000153,80.2270965576,77089,77099,10
12.8101196289,80.227722168,77099,77110,11
12.8113698959,80.2282180786,77110,77120,10
12.8125295639,80.2286529541,77120,77130,10
12.8134698868,80.2289428711,77130,77140,10
12.8142995834,80.2292022705,77140,77150,10
12.8154096603,80.2293701172,77150,77160,10
12.8165998459,80.2295379639,77160,77170,10
12.8177604675,80.2299499512,77170,77180,10
12.818860054,80.2304382324,77180,77190,10
12.8197402954,80.2304763794,77190,77200,10
12.8201599121,80.23046875,77200,77210,10
12.820980072,80.2304382324,77210,77221,11
12.8222198486,80.2306137085,77221,77231,10
12.8234796524,80.2310028076,77231,77241,10
12.824760437,80.2313079834,77241,77251,10
12.8261203766,80.2313537598,77251,77261,10
12.827460289,80.2310562134,77261,77271,10
12.8286895752,80.2303771973,77271,77281,10
12.8299703598,80.2297973633,77281,77291,10
12.8308897018,80.2294311523,77291,77301,10
12.8312196732,80.2292785645,77301,77311,10
12.8313703537,80.2292404175,77311,77352,41
12.8313703537,80.2292404175,77352,77362,10
12.831580162,80.2291870117,77362,77372,10
12.8317804337,80.2291183472,77372,77382,10
12.8322200775,80.229019165,77382,77392,10
12.8329401016,80.2288894653,77392,77402,10
12.8337697983,80.228729248,77402,77412,10
12.8346004486,80.2285919189,77412,77423,11
12.8356399536,80.2284393311,77423,77433,10
12.8366603851,80.2282867432,77433,77443,10
12.837679863,80.2281417847,77443,77453,10
12.8386096954,80.2279281616,77453,77463,10
12.8394899368,80.2276916504,77463,77503,40
12.8394899368,80.2276916504,77503,77513,10
12.8396997452,80.2275466919,77513,77523,10
12.8402204514,80.2274475098,77523,77534,11
12.8410596848,80.2272491455,77534,77544,10
12.8420200348,80.2270126343,77544,77554,10
12.8430099487,80.2268218994,77554,77564,10
12.8439998627,80.2266387939,77564,77574,10
12.8452997208,80.2265319824,77574,77594,20
12.8452997208,80.2265319824,77594,77604,10
12.8456802368,80.2265167236,77604,77614,10
12.8460102081,80.2265167236,77614,77624,10
12.8466396332,80.2265396118,77624,77635,11
12.8476295471,80.2265396118,77635,77645,10
12.8486003876,80.2265319824,77645,77655,10
12.8494796753,80.2265319824,77655,77665,10
12.8499803543,80.2265167236,77665,77776,111
12.8499803543,80.2265167236,77776,77786,10
12.850230217,80.2265319824,77786,77796,10
12.8503398895,80.2265396118,77796,77806,10
12.8505897522,80.2265472412,77806,77816,10
12.8511896133,80.2265625,77816,77826,10
12.8519802094,80.2265930176,77826,77836,10
12.8528699875,80.2266387939,77836,77847,11
12.8539400101,80.2265625,77847,77857,10
12.8548603058,80.2264480591,77857,77867,10
12.8556604385,80.2263565063,77867,77877,10
12.8563404083,80.2262802124,77877,77887,10
12.8569202423,80.2262191772,77887,77897,10
12.8575000763,80.2261581421,77897,77907,10
12.8580598831,80.2261505127,77907,77917,10
12.8584804535,80.2261810303,77917,77927,10
12.8588600159,80.2261886597,77927,77937,10
12.8590202332,80.2262191772,77937,77947,10
12.8591995239,80.2262496948,77947,77958,11
12.8598403931,80.2263565063,77958,77968,10
12.8606100082,80.2264709473,77968,77978,10
12.8607702255,80.2264862061,77978,77988,10
12.8611001968,80.2265319824,77988,77998,10
12.8618297577,80.2265167236,77998,78007,9
12.8626699448,80.2264785767,78007,78018,11
12.8639202118,80.2265014648,78018,78028,10
12.8652095795,80.2265472412,78028,78038,10
12.8666200638,80.2265014648,78038,78048,10
12.868060112,80.2263717651,78048,78059,11
12.8696899414,80.2264785767,78059,78069,10
12.8711795807,80.2266235352,78069,78079,10
12.8724603653,80.2266311646,78079,78089,10
12.8737096786,80.2266769409,78089,78099,10
12.8750295639,80.2268295288,78099,78108,9
12.8761396408,80.2269134521,78108,78119,11
12.8767795563,80.2268829346,78119,78129,10
12.8768901825,80.2268676758,78129,78139,10
12.8773803711,80.2268371582,78139,78149,10
12.8781700134,80.2267913818,78149,78160,11
12.8793401718,80.2267227173,78160,78170,10
12.8805999756,80.2266921997,78170,78180,10
12.8819198608,80.2266769409,78180,78190,10
12.8832798004,80.2266769409,78190,78198,8
12.8843898773,80.2266616821,78198,78210,12
12.8852300644,80.2266693115,78210,78220,10
12.8854198456,80.2267074585,78220,78230,10
12.8859796524,80.226852417,78230,78240,10
12.8867998123,80.2270812988,78240,78250,10
12.8877801895,80.2272415161,78250,78260,10
12.8885602951,80.2273025513,78260,78271,11
12.8887395859,80.2273101807,78271,78281,10
12.8893098831,80.2273178101,78281,78291,10
12.8901796341,80.2273178101,78291,78301,10
12.8912200928,80.2273330688,78301,78311,10
12.8923301697,80.2273483276,78311,78321,10
12.8934497833,80.2274703979,78321,78331,10
12.8945503235,80.2275772095,78331,78341,10
12.895819664,80.2276535034,78341,78351,10
12.8971996307,80.227722168,78351,78361,10
12.8986301422,80.2277984619,78361,78372,11
12.9001102448,80.2278900146,78372,78382,10
12.9012403488,80.2279510498,78382,78392,10
12.9020395279,80.2279510498,78392,78402,10
12.9022197723,80.2279510498,78402,78412,10
12.9022798538,80.2279434204,78412,78421,9
12.9025497437,80.2279510498,78421,78432,11
12.9027299881,80.2279586792,78432,78442,10
12.9029302597,80.2279586792,78442,78452,10
12.9034996033,80.2279968262,78452,78523,71
12.9034996033,80.2279968262,78523,78533,10
12.9037799835,80.2280273438,78533,78543,10
12.9041004181,80.2280426025,78543,78594,51
12.9041004181,80.2280426025,78594,78604,10
12.9046297073,80.2280578613,78604,78644,40
12.9046297073,80.2280578613,78644,78654,10
12.9047403336,80.2280578613,78654,78664,10
12.9049901962,80.2280731201,78664,78674,10
12.9051799774,80.2280731201,78674,78684,10
12.9056301117,80.2281036377,78684,78775,91
12.9056301117,80.2281036377,78775,78785,10
12.9058904648,80.2281188965,78785,78796,11
12.9060602188,80.2281417847,78796,78806,10
12.9063396454,80.2281570435,78806,78816,10
12.9066896439,80.228187561,78816,78826,10
12.9068603516,80.2282028198,78826,78836,10
12.9072504044,80.2282562256,78836,78846,10
12.9079999924,80.2283782959,78846,78856,10
12.909040451,80.2285614014,78856,78866,10
12.9103002548,80.228767395,78866,78876,10
12.911649704,80.2289733887,78876,78886,10
12.9128904343,80.2291107178,78886,78896,10
12.9137401581,80.2292098999,78896,78907,11
12.9139204025,80.2292327881,78907,78917,10
12.9143104553,80.2292861938,78917,78927,10
12.9149703979,80.2293930054,78927,78937,10
12.9157800674,80.2295227051,78937,78953,16
12.9169197083,80.2296676636,78953,78965,12
12.9178495407,80.2298202515,78965,78975,10
12.9188604355,80.2299728394,78975,78985,10
12.9198999405,80.2301177979,78985,78995,10
12.9210395813,80.2302627563,78995,79005,10
12.9223403931,80.2304382324,79005,79016,11
12.9238595963,80.2306594849,79016,79026,10
12.9252004623,80.2308273315,79026,79036,10
12.9263801575,80.2309188843,79036,79046,10
12.9265804291,80.2309417725,79046,79056,10
12.9270200729,80.2309875488,79056,79066,10
12.9278001785,80.2310791016,79066,79086,20
12.9296598434,80.2314300537,79086,79098,12
12.9309101105,80.2317428589,79098,79108,10
12.9315395355,80.2319412231,79108,79119,11
12.9322099686,80.2321777344,79119,79129,10
12.9330396652,80.2324829102,79129,79139,10
12.9336795807,80.232749939,79139,79148,9
12.9337997437,80.2328109741,79148,79160,12
12.9344902039,80.2331237793,79160,79170,10
12.9356203079,80.2336196899,79170,79190,20
12.9356203079,80.2336196899,79190,79200,10
12.935669899,80.2336425781,79200,79210,10
12.9359798431,80.2338104248,79210,79221,11
12.9366102219,80.2341079712,79221,79231,10
12.9373703003,80.2344894409,79231,79241,10
12.9382896423,80.234916687,79241,79251,10
12.9392004013,80.2353591919,79251,79261,10
12.9395198822,80.2355270386,79261,79270,9
12.9395599365,80.2355422974,79270,79281,11
12.939789772,80.2356719971,79281,79291,10
12.9403495789,80.2358932495,79291,79301,10
12.9411497116,80.2360916138,79301,79311,10
12.942199707,80.2363586426,79311,79322,11
12.9432497025,80.2368774414,79322,79332,10
12.9437103271,80.2373123169,79332,79342,10
12.9437799454,80.2373809814,79342,79352,10
12.9441299438,80.2378082275,79352,79362,10
12.9446802139,80.2384414673,79362,79372,10
12.9452896118,80.2390594482,79372,79382,10
12.946390152,80.239616394,79382,79392,10
12.9471597672,80.2399291992,79392,79402,10
12.9473104477,80.2399902344,79402,79412,10
12.9478302002,80.2401885986,79412,79423,11
12.9484796524,80.2404327393,79423,79433,10
12.9486198425,80.2404785156,79433,79443,10
12.9486999512,80.2405090332,79443,79453,10
12.9491100311,80.2406768799,79453,79463,10
12.9497404099,80.2409362793,79463,79473,10
12.9503297806,80.2410888672,79473,79483,10
12.9510297775,80.2412872314,79483,79493,10
12.9511995316,80.2413406372,79493,79503,10
12.9515199661,80.2414932251,79503,79513,10
12.952170372,80.2417373657,79513,79523,10
12.9530200958,80.2420730591,79523,79534,11
12.954000473,80.2424621582,79534,79544,10
12.9547796249,80.2427825928,79544,79553,9
12.9554395676,80.2430496216,79553,79564,11
12.9561595917,80.243347168,79564,79584,20
12.9563102722,80.2434082031,79584,79624,40
12.9563102722,80.2434082031,79624,79635,11
12.9566402435,80.2435684204,79635,79645,10
12.9573001862,80.243812561,79645,79655,10
12.9582195282,80.2441711426,79655,79665,10
12.9588603973,80.244430542,79665,79675,10
12.9591503143,80.2445678711,79675,79685,10
12.9597797394,80.2448425293,79685,79695,10
12.9606199265,80.2452163696,79695,79705,10
12.9617004395,80.2457427979,79705,79715,10
12.9626598358,80.2462005615,79715,79725,10
12.963139534,80.2464294434,79725,79735,10
12.9636001587,80.2466812134,79735,79746,11
12.9643802643,80.2470016479,79746,79756,10
12.9653396606,80.2473297119,79756,79766,10
12.9663200378,80.2476806641,79766,79776,10
12.9665699005,80.2477874756,79776,79786,10
12.9666404724,80.2478179932,79786,79796,10
12.9670600891,80.2480392456,79796,79806,10
12.9677400589,80.2483596802,79806,79816,10
12.9687595367,80.2487716675,79816,79826,10
12.9699602127,80.2492599487,79826,79836,10
12.971280098,80.249710083,79836,79847,11
12.972700119,80.2500762939,79847,79857,10
12.9738998413,80.2503585815,79857,79873,16
12.9744796753,80.25050354,79873,79885,12
12.9751796722,80.2507171631,79885,79895,10
12.9760704041,80.2509689331,79895,79904,9
12.977060318,80.2512588501,79904,79915,11
12.9779996872,80.2519226074,79915,79925,10
12.9786996841,80.2523727417,79925,79935,10
12.9787302017,80.2523803711,79935,79945,10
12.9790000916,80.2524719238,79945,79955,10
12.9796199799,80.2525634766,79955,79966,11
12.980099678,80.2525787354,79966,79977,11
12.9802503586,80.252571106,79977,79988,11
12.9802598953,80.252571106,79988,79998,10
12.9805498123,80.2525634766,79998,80007,9
12.9806804657,80.2525634766,80007,80018,11
12.9807596207,80.2525634766,80018,80028,10
12.9810600281,80.2525405884,80028,80220,192
12.9810600281,80.2525405884,80220,80230,10
12.9816198349,80.2525405884,80230,80260,30
12.9816198349,80.2525405884,80260,80271,11
12.9818296432,80.2525177002,80271,80281,10
12.9821596146,80.2525100708,80281,80291,10
12.9825296402,80.2524795532,80291,80317,26
12.9825296402,80.2524795532,80317,80329,12
12.9827404022,80.2524719238,80329,80339,10
12.9829797745,80.252456665,80339,80349,10
12.9835700989,80.2523803711,80349,80439,90
12.9835700989,80.2523803711,80439,80449,10
12.9840402603,80.2522583008,80449,80460,11
12.9845399857,80.2521209717,80460,80470,10
12.9848203659,80.2520370483,80470,80571,101
12.9848203659,80.2520370483,80571,80582,11
12.9849796295,80.251991272,80582,80592,10
12.9855098724,80.2518463135,80592,80713,121
12.9855098724,80.2518463135,80713,80723,10
12.9857196808,80.2518463135,80723,80733,10
12.9861602783,80.2517166138,80733,80743,10
12.9865398407,80.2516098022,80743,80814,71
12.9865398407,80.2516098022,80814,80824,10
12.986749649,80.2515563965,80824,80834,10
12.987159729,80.2514419556,80834,80844,10
12.9876203537,80.2512969971,80844,80945,101
12.9876203537,80.2512969971,80945,80955,10
12.9879398346,80.2514419556,80955,80965,10
12.9880304337,80.2520370483,80965,80975,10
12.9879703522,80.2528686523,80975,80985,10
12.9878702164,80.2539291382,80985,80995,10
12.9877901077,80.2549667358,80995,81006,11
12.987739563,80.255569458,81006,81016,10
12.987739563,80.2557373047,81016,81026,10
12.9879102707,80.2557907104,81026,81036,10
12.9884500504,80.2558364868,81036,81046,10
12.9886302948,80.255859375,81046,81056,10
12.9887800217,80.255897522,81056,81066,10
12.9893198013,80.2559432983,81066,81076,10
12.9901800156,80.2559661865,81076,81086,10
12.9908599854,80.2559432983,81086,81096,10
12.991399765,80.2560577393,81096,81106,10
12.9924097061,80.2560577393,81106,81117,11
12.9935998917,80.2559661865,81117,81127,10
12.9945402145,80.255859375,81127,81137,10
12.9949398041,80.2557983398,81137,81147,10
12.9951601028,80.2557907104,81147,81157,10
12.9954204559,80.2557983398,81157,81167,10
12.9956703186,80.255821228,81167,81177,10
12.995880127,80.255821228,81177,81187,10
12.9961099625,80.255821228,81187,81197,10
12.9964704514,80.2557983398,81197,81218,21
12.9964704514,80.2557983398,81218,81228,10
12.9968795776,80.2558517456,81228,81238,10
12.9972295761,80.2558670044,81238,81248,10
12.9976301193,80.2558822632,81248,81258,10
12.9986896515,80.2559890747,81258,81278,20
12.9986896515,80.2559890747,81278,81288,10
12.9992399216,80.2561035156,81288,81298,10
13.0,80.2562484741,81298,81308,10
13.0009803772,80.2564163208,81308,81319,11
13.0018100739,80.2565689087,81319,81329,10
13.0027198792,80.2566680908,81329,81339,10
13.0036697388,80.2568283081,81339,81349,10
13.004650116,80.2570419312,81349,81359,10
13.0055198669,80.2572631836,81359,81369,10
13.0064201355,80.2574005127,81369,81379,10
13.0065202713,80.2574386597,81379,81389,10
13.0065603256,80.2570419312,81389,81399,10
13.0065402985,80.2563095093,81399,81613,214
13.0066404343,80.2446517944,81613,81626,13
13.0066404343,80.2434387207,81626,81636,10
13.0065803528,80.2424316406,81636,81646,10
13.0065603256,80.2413711548,81646,81657,11
13.0067195892,80.2404403687,81657,81667,10
13.0068597794,80.2397766113,81667,81677,10
13.0069599152,80.2391967773,81677,81687,10
13.0071001053,80.2385177612,81687,81697,10
13.0073003769,80.2375793457,81697,81707,10
13.0074100494,80.236831665,81707,81717,10
13.0074501038,80.2366409302,81717,81727,10
13.0075998306,80.2361907959,81727,81737,10
13.0077695847,80.2354125977,81737,81748,11
13.0079698563,80.2343521118,81748,81758,10
13.0082197189,80.2330780029,81758,81768,10
13.0085000992,80.2316589355,81768,81778,10
13.008769989,80.2301712036,81778,81788,10
13.009059906,80.228729248,81788,81798,10
13.009469986,80.2275466919,81798,81808,10
13.0100002289,80.2263870239,81808,81818,10
13.0105400085,80.2253799438,81818,81828,10
13.0110702515,80.2240982056,81828,81838,10
13.0114402771,80.2232131958,81838,81848,10
13.0119600296,80.2221603394,81848,81859,11
13.0123901367,80.2213973999,81859,81869,10
13.0125198364,80.2215576172,81869,81879,10
13.0128297806,80.2221298218,81879,81889,10
13.0132703781,80.2225799561,81889,81899,10
13.0136995316,80.2231521606,81899,81909,10
13.0141000748,80.2236785889,81909,81919,10
13.0144796371,80.2239990234,81919,81929,10
13.014960289,80.2245635986,81929,81939,10
13.01541996,80.224861145,81939,81949,10
13.015540123,80.2249679565,81949,81959,10
13.0158500671,80.2252502441,81959,81970,11
13.0167102814,80.2251968384,81970,81980,10
13.0177602768,80.2247772217,81980,81990,10
13.0188999176,80.2243423462,81990,82000,10
13.0198698044,80.2245635986,82000,82010,10
13.0207004547,80.2251663208,82010,82020,10
13.0215702057,80.2258377075,82020,82030,10
13.0220098495,80.2261734009,82030,82040,10
13.0220298767,80.2261962891,82040,82050,10
13.0223398209,80.2265090942,82050,82060,10
13.0228996277,80.2270278931,82060,82071,11
13.0236101151,80.2277526855,82071,82081,10
13.0242900848,80.2284393311,82081,82091,10
13.0248203278,80.2291717529,82091,82102,11
13.0253601074,80.2298583984,82102,82112,10
13.0258703232,80.23072052,82112,82122,10
13.0260095596,80.2311706543,82122,82130,8
13.02602005,80.2311706543,82130,82142,12
13.0260601044,80.2313079834,82142,82152,10
13.0263204575,80.231262207,82152,82162,10
13.0270996094,80.2310714722,82162,82173,11
13.027970314,80.2308731079,82173,82183,10
13.0282001495,80.2308578491,82183,82193,10
13.0285701752,80.2308425903,82193,82203,10
13.0292701721,80.2307662964,82203,82213,10
13.0299797058,80.23072052,82213,82224,11
13.0306196213,80.2306518555,82224,82234,10
13.0308799744,80.2306213379,82234,82244,10
13.031419754,80.2305603027,82244,82254,10
13.0322399139,80.2304611206,82254,82264,10
13.0331602097,80.2304000854,82264,82275,11
13.0344400406,80.2303390503,82275,82810,535
13.0344400406,80.2303390503,82810,82820,10
13.0346899033,80.2302780151,82820,82830,10
13.0349397659,80.2301177979,82830,82840,10
13.0350704193,80.2302017212,82840,82850,10
13.0348701477,80.2303390503,82850,82860,10
13.0345201492,80.2304077148,82860,82870,10
13.0340900421,80.23046875,82870,82880,10
13.0339403152,80.230506897,82880,82890,10
13.0335302353,80.2305374146,82890,82900,10
13.0332603455,80.2305374146,82900,82911,11
13.0324897766,80.2306137085,82911,82920,9
13.0316495895,80.2306976318,82920,82931,11
13.0307397842,80.2307662964,82931,82941,10
13.0301799774,80.2308273315,82941,82951,10
13.0296497345,80.2308731079,82951,82961,10
13.0292196274,80.2309265137,82961,82971,10
13.0288095474,80.2309799194,82971,82981,10
13.0281801224,80.2310333252,82981,82991,10
13.0277395248,80.2311325073,82991,83001,10
13.0277500153,80.2315979004,83001,83012,11
13.0278100967,80.2323074341,83012,83022,10
13.0278396606,80.2327804565,83022,83032,10
13.0273895264,80.2329025269,83032,83042,10
13.0268697739,80.2330169678,83042,83052,10
13.02684021,80.233039856,83052,83062,10
13.0266599655,80.2330932617,83062,83072,10
13.0263395309,80.2329177856,83072,83082,10
13.0261697769,80.2323303223,83082,83092,10
13.0259799957,80.2315597534,83092,83102,10
13.0258197784,80.2309570313,83102,83112,10
13.0255002975,80.2303009033,83112,83123,11
13.0249700546,80.2295684814,83123,83133,10
13.024479866,80.2289581299,83133,83143,10
13.0240602493,80.2284393311,83143,83153,10
13.0236997604,80.2279586792,83153,83163,10
13.0233097076,80.2275924683,83163,83173,10
13.0233001709,80.2275695801,83173,83183,10
13.0229797363,80.2273025513,83183,83193,10
13.0225896835,80.2269287109,83193,83203,10
13.0224304199,80.2267608643,83203,83213,10
13.0220098495,80.2263717651,83213,83224,11
13.0218095779,80.2261886597,83224,83234,10
13.0214996338,80.2259521484,83234,83244,10
13.020939827,80.2255020142,83244,83254,10
13.0201597214,80.2249908447,83254,83264,10
13.0193901062,80.2245407104,83264,83274,10
13.0185203552,80.224609375,83274,83284,10
13.0176496506,80.2249679565,83284,83294,10
13.0172395706,80.2251281738,83294,83304,10
13.0171604156,80.2251663208,83304,83314,10
13.0169897079,80.2252426147,83314,83324,10
13.0167798996,80.2253265381,83324,83361,37
13.0167798996,80.2253265381,83361,83373,12
13.016409874,80.2253570557,83373,83383,10
13.0162000656,80.2253799438,83383,83393,10
13.015879631,80.2256164551,83393,83401,8
13.0154495239,80.2258224487,83401,83413,12
13.0146503448,80.2261505127,83413,83423,10
13.0143003464,80.2262573242,83423,83434,11
13.0142698288,80.2262573242,83434,83444,10
13.0139303207,80.2264099121,83444,83454,10
13.0132703781,80.2266769409,83454,83463,9
13.012550354,80.2269592285,83463,83474,11
13.0115604401,80.2273330688,83474,83484,10
13.0102596283,80.2278594971,83484,83494,10
13.0093603134,80.2282791138,83494,83504,10
13.0090703964,80.2289810181,83504,83514,10
13.0088596344,80.2300491333,83514,83524,10
13.008649826,80.231338501,83524,83534,10
13.0083999634,80.2325592041,83534,83545,11
13.0082397461,80.2334213257,83545,83555,10
13.0081796646,80.2336807251,83555,83565,10
13.0080795288,80.234161377,83565,83575,10
13.007900238,80.2349777222,83575,83585,10
13.0076599121,80.2361068726,83585,83595,10
13.007399559,80.2373809814,83595,83605,10
13.0071697235,80.2387390137,83605,83615,10
13.0069198608,80.2398300171,83615,83625,10
13.0067796707,80.2405319214,83625,83635,10
13.0067901611,80.2408065796,83635,83646,11
13.0067501068,80.241317749,83646,83656,10
13.0066995621,80.2423019409,83656,83666,10
13.0066604614,80.2433929443,83666,83676,10
13.0066795349,80.2445678711,83676,83686,10
13.0066900253,80.2456893921,83686,83696,10
13.0066995621,80.2462921143,83696,83706,10
13.0067195892,80.246421814,83706,83716,10
13.0067195892,80.246673584,83716,83726,10
13.0067300797,80.2470169067,83726,83736,10
13.0067195892,80.247718811,83736,83746,10
13.0067396164,80.2487030029,83746,83763,17
13.0067901611,80.2496566772,83763,83775,12
13.0068101883,80.250213623,83775,83785,10
13.0068302155,80.2509765625,83785,83795,10
13.0066604614,80.2520217896,83795,83805,10
13.0065402985,80.2531967163,83805,83815,10
13.0065402985,80.2542877197,83815,83825,10
13.0066003799,80.2556381226,83825,83835,10
13.0066204071,80.2568283081,83835,83845,10
13.0066699982,80.25730896,83845,83855,10
13.0066604614,80.2574920654,83855,83866,11
13.0061998367,80.2575683594,83866,83876,10
13.0054502487,80.2574005127,83876,83886,10
13.0046300888,80.2572097778,83886,83896,10
13.0036201477,80.256980896,83896,83906,10
13.002699852,80.2567977905,83906,83916,10
13.0020303726,80.2566833496,83916,83926,10
13.0010595322,80.2565383911,83926,83935,9
12.9999399185,80.2563400269,83935,83946,11
12.9986896515,80.2561187744,83946,83956,10
12.9984798431,80.256111145,83956,83967,11
12.9981403351,80.2560424805,83967,83977,10
12.9977502823,80.2559967041,83977,83987,10
12.9974403381,80.2559585571,83987,83996,9
12.9970302582,80.2559280396,83996,84007,11
12.9963302612,80.2559204102,84007,84017,10
12.9955301285,80.2559280396,84017,84027,10
12.9950304031,80.2559585571,84027,84037,10
12.9942798615,80.2560119629,84037,84047,10
12.9932804108,80.2560806274,84047,84057,10
12.9921197891,80.256111145,84057,84068,11
12.9909095764,80.2560577393,84068,84078,10
12.9904403687,80.2560424805,84078,84088,10
12.9899196625,80.2560272217,84088,84098,10
12.9890403748,80.2559661865,84098,84108,10
12.9880304337,80.2558822632,84108,84118,10
12.9876899719,80.2558288574,84118,84128,10
12.9871797562,80.2557220459,84128,84138,10
12.9863395691,80.255569458,84138,84148,10
12.9860200882,80.2555236816,84148,84158,10
12.9859304428,80.2554931641,84158,84169,11
12.9854001999,80.2553787231,84169,84179,10
12.9845600128,80.2551727295,84179,84189,10
12.9835796356,80.2548980713,84189,84199,10
12.9829797745,80.254737854,84199,84209,10
12.9825201035,80.2545928955,84209,84219,10
12.9820804596,80.2542495728,84219,84229,10
12.981880188,80.2538986206,84229,84239,10
12.9818000793,80.2535400391,84239,84255,16
12.9810600281,80.2527923584,84255,84267,12
12.9800796509,80.2527694702,84267,84277,10
12.9792003632,80.2526702881,84277,84288,11
12.9787197113,80.2526321411,84288,84298,10
12.9785499573,80.2525634766,84298,84308,10
12.9782104492,80.2523117065,84308,84317,9
12.9776601791,80.2518005371,84317,84328,11
12.9765100479,80.2512207031,84328,84338,10
12.9753503799,80.250869751,84338,84347,9
12.9739704132,80.25050354,84347,84358,11
12.9725999832,80.2501602173,84358,84367,9
12.9723901749,80.2501220703,84367,84378,11
12.9717798233,80.2499465942,84378,84389,11
12.9708204269,80.2496871948,84389,84399,10
12.9696903229,80.2492904663,84399,84409,10
12.9685297012,80.2488098145,84409,84419,10
12.9672803879,80.248298645,84419,84429,10
12.9660196304,80.247718811,84429,84439,10
12.9650802612,80.2473983765,84439,84449,10
12.9649600983,80.2473602295,84449,84459,10
12.9644804001,80.2471923828,84459,84469,10
12.9637002945,80.2469024658,84469,84479,10
12.9629898071,80.2465667725,84479,84490,11
12.9619903564,80.2460327148,84490,84500,10
12.9608697891,80.2454910278,84500,84510,10
12.9597101212,80.2449798584,84510,84520,10
12.9592103958,80.2447662354,84520,84530,10
12.9586000443,80.2445068359,84530,84540,10
12.9578399658,80.2441864014,84540,84550,10
12.9571199417,80.2439193726,84550,84560,10
12.9563598633,80.2436294556,84560,84590,30
12.9563598633,80.2436294556,84590,84601,11
12.9560899734,80.2434997559,84601,84611,10
12.9553899765,80.2431564331,84611,84623,12
12.9541797638,80.2426605225,84623,84633,10
12.9529600143,80.2421417236,84633,84643,10
12.9517002106,80.2416992188,84643,84653,10
12.9504804611,80.2412796021,84653,84663,10
12.9491996765,80.2408981323,84663,84673,10
12.9485197067,80.2406387329,84673,84683,10
12.9474496841,80.240196228,84683,84694,11
12.9469804764,80.2400131226,84694,84704,10
12.9465503693,80.2398300171,84704,84714,10
12.9457902908,80.2394866943,84714,84724,10
12.9448795319,80.238822937,84724,84734,10
12.943980217,80.2378387451,84734,84744,10
12.942990303,80.2368392944,84744,84754,10
12.9419898987,80.236366272,84754,84764,10
12.9405202866,80.2360229492,84764,84774,10
12.9399404526,80.2358703613,84774,84784,10
12.939789772,80.2358093262,84784,84794,10
12.9396095276,80.2357177734,84794,84805,11
12.9389696121,80.2353820801,84805,84815,10
12.9380702972,80.2349395752,84815,84825,10
12.9369697571,80.234413147,84825,84835,10
12.9359502792,80.2339401245,84835,84845,10
12.9347600937,80.2333984375,84845,84855,10
12.9337701797,80.2329483032,84855,84865,10
12.9336996078,80.2329177856,84865,84875,10
12.9334096909,80.2327880859,84875,84885,10
12.93268013,80.2324829102,84885,84895,10
12.9316396713,80.232131958,84895,84905,10
12.9303598404,80.2317276001,84905,84916,11
12.928899765,80.2313919067,84916,84926,10
12.9277496338,80.2312164307,84926,84936,10
12.9264602661,80.2310409546,84936,84946,10
12.925069809,80.2308731079,84946,84956,10
12.9236602783,80.2306900024,84956,84966,10
12.9222097397,80.2304992676,84966,84976,10
12.9207201004,80.2303009033,84976,84986,10
12.9193201065,80.230140686,84986,84996,10
12.9188404083,80.2300796509,84996,85006,10
12.9181499481,80.2299804688,85006,85017,11
12.9170103073,80.2298202515,85017,85027,10
12.915719986,80.2296218872,85027,85037,10
12.914349556,80.2294387817,85037,85047,10
12.9132995605,80.2293167114,85047,85057,10
12.9130601883,80.2292785645,85057,85067,10
12.9123497009,80.2291793823,85067,85077,10
12.9113197327,80.229019165,85077,85087,10
12.9100198746,80.2288131714,85087,85097,10
12.9086399078,80.2285919189,85097,85107,10
12.9072599411,80.2284011841,85107,85118,11
12.9061899185,80.2283096313,85118,85128,10
12.9060401917,80.228302002,85128,85138,10
12.9054498672,80.2282791138,85138,85148,10
12.9045000076,80.2282333374,85148,85158,10
12.903260231,80.2281417847,85158,85168,10
12.9019403458,80.2280807495,85168,85178,10
12.901140213,80.2280731201,85178,85188,10
12.9008903503,80.2280426025,85188,85198,10
12.9003400803,80.2279815674,85198,85208,10
12.8994598389,80.2279510498,85208,85239,31
12.8994598389,80.2279510498,85239,85249,10
12.8991098404,80.2279205322,85249,85259,10
12.8985300064,80.2279129028,85259,85269,10
12.8978796005,80.2278289795,85269,85279,10
12.8971595764,80.2277832031,85279,85289,10
12.8964195251,80.2277526855,85289,85299,10
12.8956699371,80.227722168,85299,85309,10
12.8949699402,80.2276992798,85309,85319,10
12.8941001892,80.2276535034,85319,85330,11
12.8928804398,80.2275009155,85330,85340,10
12.8916397095,80.2273864746,85340,85350,10
12.8906202316,80.2273864746,85350,85360,10
12.8894796371,80.2274169922,85360,85370,10
12.8883399963,80.2273864746,85370,85380,10
12.8870697021,80.2272415161,85380,85390,10
12.8857402802,80.2269287109,85390,85406,16
12.8847503662,80.2267837524,85406,85418,12
12.8843202591,80.2267837524,85418,85428,10
12.8835296631,80.2267684937,85428,85438,10
12.8824701309,80.2267837524,85438,85449,11
12.881070137,80.2267913818,85449,85459,10
12.8796901703,80.2268066406,85459,85469,10
12.8782501221,80.2268829346,85469,85479,10
12.8768596649,80.2269973755,85479,85489,10
12.8762598038,80.2270431519,85489,85499,10
12.8760700226,80.2270507813,85499,85509,10
12.875459671,80.2270278931,85509,85519,10
12.8745803833,80.2269210815,85519,85529,10
12.8734197617,80.2267837524,85529,85540,11
12.8725996017,80.2267684937,85540,85560,20
12.8725996017,80.2267684937,85560,85570,10
12.8723802567,80.2267608643,85570,85580,10
12.8716897964,80.2267379761,85580,85590,10
12.8706998825,80.2266769409,85590,85600,10
12.8694496155,80.2265625,85600,85609,9
12.8682003021,80.2264633179,85609,85620,11
12.8667802811,80.2265777588,85620,85630,10
12.8652095795,80.2266464233,85630,85640,10
12.8637695313,80.2265930176,85640,85651,11
12.862159729,80.2266235352,85651,85661,10
12.8606796265,80.2266235352,85661,85671,10
12.8593101501,80.2264480591,85671,85681,10
12.8587398529,80.226348877,85681,85691,10
12.8583498001,80.2263336182,85691,85701,10
12.8576002121,80.2263336182,85701,85711,10
12.8566398621,80.2264022827,85711,85721,10
12.8554201126,80.2265167236,85721,85737,16
12.8531799316,80.2267379761,85737,85749,12
12.8514003754,80.2266921997,85749,85760,11
12.8499097824,80.2266387939,85760,85770,10
12.8485002518,80.2266387939,85770,85779,9
12.8471603394,80.2266464233,85779,85789,10
12.8459701538,80.2266616821,85789,85800,11
12.8454399109,80.2266693115,85800,85810,10
12.8452196121,80.2266693115,85810,85820,10
12.8444900513,80.2267227173,85820,85830,10
12.8435096741,80.226852417,85830,85840,10
12.8422603607,80.2270889282,85840,85851,11
12.8408203125,80.2274627686,85851,85861,10
12.8400697708,80.2276611328,85861,85871,10
12.8397397995,80.227722168,85871,85901,30
12.8397397995,80.227722168,85901,85911,10
12.8396997452,80.227722168,85911,85921,10
12.8394403458,80.2278137207,85921,85931,10
12.8386898041,80.228012085,85931,85941,10
12.8376302719,80.2282562256,85941,85951,10
12.8363199234,80.2284927368,85951,85962,11
12.8347597122,80.2286987305,85962,85972,10
12.8332996368,80.2289505005,85972,85982,10
12.8318595886,80.2292404175,85982,85992,10
12.830789566,80.2295532227,85992,86002,10
12.8296203613,80.2300033569,86002,86012,10
12.8283500671,80.2305984497,86012,86022,10
12.8270597458,80.2312774658,86022,86032,10
12.8256397247,80.2314529419,86032,86042,10
12.8245897293,80.2314224243,86042,86052,10
12.8236999512,80.2312164307,86052,86063,11
12.822719574,80.2309112549,86063,86073,10
12.8217897415,80.2306518555,86073,86083,10
12.8207302094,80.2305221558,86083,86093,10
12.8196001053,80.2305679321,86093,86103,10
12.8187599182,80.2305297852,86103,86113,10
12.8184204102,80.2303771973,86113,86123,10
12.8176498413,80.2299880981,86123,86133,10
12.8165197372,80.2295837402,86133,86143,10
12.8151798248,80.2293777466,86143,86153,10
12.8137702942,80.2291107178,86153,86163,10
12.812379837,80.2286529541,86163,86174,11
12.8108501434,80.2280883789,86174,86184,10
12.8094902039,80.2275009155,86184,86194,10
12.808259964,80.2266387939,86194,86204,10
12.807100296,80.2256393433,86204,86214,10
12.8061704636,80.2247924805,86214,86224,10
12.8056402206,80.2243423462,86224,86234,10
12.8050699234,80.2241134644,86234,86244,10
12.804889679,80.224067688,86244,86254,10
12.8043203354,80.2239608765,86254,86264,10
12.8034696579,80.2238998413,86264,86275,11
12.8025102615,80.223777771,86275,86285,10
12.8015804291,80.2237014771,86285,86295,10
12.8008298874,80.2236328125,86295,86305,10
12.8003997803,80.2235870361,86305,86315,10
12.7995595932,80.2235183716,86315,86325,10
12.7985296249,80.2234268188,86325,86335,10
12.7972097397,80.2232589722,86335,86345,10
12.7960100174,80.2230377197,86345,86355,10
12.7956495285,80.2229690552,86355,86365,10
12.7949800491,80.2228317261,86365,86376,11
12.793800354,80.2226409912,86376,86386,10
