12.9867897034,80.2590408325,18,2100,2082
12.9869203568,80.2590866089,2100,2625,525
12.9867696762,80.2589416504,2625,3928,1303
12.9869003296,80.2590332031,3928,5313,1385
12.9867696762,80.2591400146,5313,6788,1475
12.9868602753,80.2590026855,6788,6848,60
12.9868803024,80.2590866089,6848,7020,172
12.9868602753,80.2591018677,7020,8314,1294
12.9868001938,80.2590103149,8314,9082,768
12.9869403839,80.2590332031,9082,9527,445
12.9867601395,80.2590026855,9527,11396,1869
12.9867601395,80.2590026855,11396,11406,10
12.9869403839,80.2590637207,11406,11689,283
12.9867801666,80.2592010498,11689,17489,5800
12.9867801666,80.2592010498,17489,17499,10
12.9871997833,80.2591171265,17499,18105,606
12.9871997833,80.2591171265,18105,18116,11
12.9874200821,80.2587509155,18116,18136,20
12.9874200821,80.2587509155,18136,18146,10
12.9874200821,80.2584381104,18146,18156,10
12.987449646,80.258140564,18156,18166,10
12.9874696732,80.2578887939,18166,18176,10
12.9875001907,80.257522583,18176,18186,10
12.9875402451,80.2568588257,18186,18197,11
12.9876003265,80.2560806274,18197,18207,10
12.9877099991,80.2554779053,18207,18217,10
12.9877500534,80.2549133301,18217,18227,10
12.9877996445,80.2543106079,18227,18237,10
12.9878797531,80.2534408569,18237,18247,10
12.9879598618,80.2525024414,18247,18257,10
12.9878702164,80.2517929077,18257,18267,10
12.987739563,80.2516326904,18267,18277,10
12.9876203537,80.2515869141,18277,18287,10
12.9871501923,80.2516326904,18287,18298,11
12.9863395691,80.2518234253,18298,18308,10
12.9854402542,80.2520523071,18308,18318,10
12.9843997955,80.2523422241,18318,18328,10
12.9832801819,80.2526016235,18328,18338,10
12.9820995331,80.2526779175,18338,18348,10
12.9809799194,80.2527084351,18348,18358,10
12.9801197052,80.2527313232,18358,18367,9
12.9799098969,80.2523269653,18367,18429,62
12.9799098969,80.2523269653,18429,18439,10
12.9799499512,80.2520980835,18439,18449,10
12.9800701141,80.2516708374,18449,18459,10
12.9802503586,80.251121521,18459,18469,10
12.9804401398,80.2504577637,18469,18479,10
12.9806003571,80.2498016357,18479,18490,11
12.9807100296,80.2490386963,18490,18500,10
12.9807500839,80.248298645,18500,18510,10
12.9808101654,80.2474899292,18510,18520,10
12.9808797836,80.246673584,18520,18530,10
12.9809799194,80.2457885742,18530,18540,10
12.9811000824,80.2448425293,18540,18550,10
12.9811897278,80.2439880371,18550,18560,10
12.9813203812,80.2435913086,18560,18570,10
12.9813499451,80.2428665161,18570,18601,31
12.9813499451,80.2428665161,18601,18611,10
12.9813899994,80.2427597046,18611,18621,10
12.9813899994,80.2422790527,18621,18631,10
12.9813699722,80.2416915894,18631,18641,10
12.9813699722,80.2409362793,18641,18651,10
12.9813499451,80.2402114868,18651,18661,10
12.9813299179,80.2396621704,18661,18671,10
12.981300354,80.2389373779,18671,18682,11
12.9812698364,80.2379379272,18682,18702,20
12.9812698364,80.2379379272,18702,18712,10
12.9812602997,80.2378234863,18712,18722,10
12.9812602997,80.2373886108,18722,18732,10
12.9812402725,80.2366867065,18732,18742,10
12.9812097549,80.2358779907,18742,18752,10
12.9811897278,80.234992981,18752,18762,10
12.9812803268,80.2341079712,18762,18772,10
12.9816398621,80.2333221436,18772,18793,21
12.9816398621,80.2333221436,18793,18803,10
12.9817895889,80.2330703735,18803,18813,10
12.9819002151,80.2327804565,18813,18823,10
12.9819898605,80.2324829102,18823,18833,10
12.982000351,80.2318878174,18833,18843,10
12.9819402695,80.2313766479,18843,18853,10
12.9817895889,80.2309036255,18853,18862,9
12.9815797806,80.2304992676,18862,18874,12
12.981089592,80.2296981812,18874,18884,10
12.9808101654,80.2292480469,18884,18894,10
12.9806699753,80.2290267944,18894,18904,10
12.9806604385,80.229019165,18904,18914,10
12.9806499481,80.2289810181,18914,18924,10
12.9804697037,80.2286987305,18924,18934,10
12.9803199768,80.2283630371,18934,18944,10
12.9800796509,80.2279510498,18944,18954,10
12.9796800613,80.2273025513,18954,18964,10
12.9792404175,80.2265701294,18964,18975,11
12.9788198471,80.2258605957,18975,18985,10
12.97838974,80.2251663208,18985,18995,10
12.97797966,80.2245788574,18995,19005,10
12.9777898788,80.224281311,19005,19015,10
12.9777402878,80.2241592407,19015,19025,10
12.9774904251,80.2237625122,19025,19035,10
12.9771203995,80.22315979,19035,19045,10
12.9771299362,80.2227096558,19045,19076,31
12.9771299362,80.2227096558,19076,19086,10
12.9773101807,80.2226409912,19086,19096,10
12.9775400162,80.2225036621,19096,19106,10
12.9775295258,80.2220916748,19106,19116,10
12.9774799347,80.2212905884,19116,19136,20
12.9774799347,80.2212905884,19136,19146,10
12.9776000977,80.2211685181,19146,19156,10
12.9780197144,80.2211685181,19156,19167,11
12.978770256,80.2211227417,19167,19177,10
12.9795303345,80.2210693359,19177,19187,10
12.9804000854,80.2210006714,19187,19197,10
12.9811401367,80.2210388184,19197,19207,10
12.9818201065,80.2214813232,19207,19217,10
12.982170105,80.2216796875,19217,19227,10
12.9824399948,80.2217712402,19227,19237,10
12.982919693,80.2219161987,19237,19247,10
12.9829998016,80.2219619751,19247,19258,11
12.9832601547,80.2221374512,19258,19268,10
12.983710289,80.2224502563,19268,19278,10
12.9842300415,80.2227478027,19278,19288,10
12.9848604202,80.2231369019,19288,19298,10
12.9854602814,80.2232818604,19298,19308,10
12.9858703613,80.2229766846,19308,19318,10
12.9864597321,80.2229614258,19318,19328,10
12.9864797592,80.2229614258,19328,19338,10
12.9867897034,80.2229766846,19338,19348,10
12.9873399734,80.2230606079,19348,19359,11
12.988120079,80.2228317261,19359,19369,10
12.988699913,80.2223129272,19369,19379,10
12.9891996384,80.2217407227,19379,19389,10
12.9896802902,80.2211380005,19389,19399,10
12.9902000427,80.2205963135,19399,19409,10
12.9904403687,80.220413208,19409,19419,10
12.9906101227,80.2202835083,19419,19429,10
12.9909801483,80.2199935913,19429,19439,10
12.991519928,80.219543457,19439,19449,10
12.9921598434,80.2190704346,19449,19460,11
12.9930295944,80.2184524536,19460,19470,10
12.9938297272,80.2178726196,19470,19480,10
12.9945297241,80.217376709,19480,19490,10
12.9951896667,80.2169113159,19490,19500,10
12.9959201813,80.2166290283,19500,19509,9
12.9965896606,80.2164993286,19509,19519,10
12.9972200394,80.2163619995,19519,19530,11
12.9975299835,80.2161026001,19530,19540,10
12.9975299835,80.2160873413,19540,19551,11
12.9976100922,80.216003418,19551,19561,10
12.9979496002,80.2157363892,19561,19571,10
12.998459816,80.2152862549,19571,19581,10
12.9989595413,80.2148590088,19581,19591,10
12.9992599487,80.2146224976,19591,19601,10
12.999710083,80.2142181396,19601,19611,10
13.0000095367,80.2139587402,19611,19621,10
13.0005998611,80.213432312,19621,19631,10
13.0012197495,80.2129516602,19631,19641,10
13.0017404556,80.212562561,19641,19652,11
13.0023298264,80.2122192383,19652,19662,10
13.0030603409,80.2120819092,19662,19672,10
13.003780365,80.2119903564,19672,19682,10
13.0041103363,80.2120437622,19682,19692,10
13.0041999817,80.212097168,19692,19702,10
13.0045700073,80.2122802734,19702,19712,10
13.0050697327,80.2125473022,19712,19722,10
13.005689621,80.2128982544,19722,19732,10
13.0064296722,80.2127532959,19732,19743,11
13.0072603226,80.2127914429,19743,19753,10
13.0078697205,80.2130737305,19753,19783,30
13.0078697205,80.2130737305,19783,19793,10
13.0082302094,80.2132873535,19793,19803,10
13.0087404251,80.2136077881,19803,19813,10
13.0092401505,80.214302063,19813,19823,10
13.0095796585,80.2147979736,19823,19833,10
13.0098400116,80.215133667,19833,19844,11
13.0102396011,80.2156524658,19844,19854,10
13.0106697083,80.2163391113,19854,19864,10
13.0108995438,80.2170028687,19864,19874,10
13.0112495422,80.2178421021,19874,19884,10
13.0116596222,80.2188796997,19884,19894,10
13.0120296478,80.2200012207,19894,19904,10
13.0122203827,80.2205429077,19904,19914,10
13.012260437,80.2206573486,19914,19924,10
13.0123500824,80.2211685181,19924,19935,11
13.0126399994,80.2218017578,19935,19945,10
13.0132198334,80.2225189209,19945,19955,10
13.013879776,80.2232437134,19955,19965,10
13.0143003464,80.2235412598,19965,19975,10
13.0145397186,80.2237625122,19975,19985,10
13.0148801804,80.2243804932,19985,19995,10
13.0154895782,80.2249221802,19995,20005,10
13.0155801773,80.2249908447,20005,20015,10
13.0157899857,80.2252197266,20015,20025,10
13.016289711,80.2253265381,20025,20036,11
13.0171098709,80.2250976563,20036,20046,10
13.0180702209,80.2247085571,20046,20056,10
13.019080162,80.2243804932,20056,20066,10
13.019780159,80.2245483398,20066,20076,10
13.0205602646,80.225112915,20076,20086,10
13.0209102631,80.2253494263,20086,20096,10
13.0211601257,80.2255706787,20096,20106,10
13.0217103958,80.2259597778,20106,20116,10
13.0220403671,80.2261962891,20116,20126,10
13.0221395493,80.2263031006,20126,20137,11
13.0226402283,80.2267532349,20137,20147,10
13.0232696533,80.2273406982,20147,20157,10
13.0240001678,80.2280426025,20157,20167,10
13.0246200562,80.2288513184,20167,20177,10
13.0252895355,80.2297363281,20177,20187,10
13.025850296,80.2306289673,20187,20197,10
13.026049614,80.2312011719,20197,20207,10
13.0261802673,80.2313613892,20207,20217,10
13.0266599655,80.2312393188,20217,20228,11
13.0275201797,80.231010437,20228,20238,10
13.0282297134,80.2309036255,20238,20248,10
13.0284996033,80.2308807373,20248,20258,10
13.0287599564,80.2308502197,20258,20268,10
13.0293302536,80.2307662964,20268,20278,10
13.0299301147,80.2307434082,20278,20294,16
13.031080246,80.2306671143,20294,20306,12
13.0316400528,80.2306365967,20306,20314,8
13.0322704315,80.2305908203,20314,20325,11
13.0332298279,80.2305221558,20325,20339,14
13.0343599319,80.2304077148,20339,20369,30
13.0343599319,80.2304077148,20369,20379,10
13.0346298218,80.2303390503,20379,20389,10
13.0349302292,80.23021698,20389,20399,10
13.0350999832,80.2303237915,20399,20409,10
13.0348796844,80.2303390503,20409,20433,24
13.0341100693,80.2304534912,20433,20445,12
13.0337400436,80.2304534912,20445,20454,9
13.0334596634,80.2304763794,20454,20465,11
13.0328702927,80.2305526733,20465,20990,525
13.0327100754,80.2303771973,20990,22375,1385
13.0327100754,80.2303771973,22375,22385,10
13.0326404572,80.2304916382,22385,22395,10
13.0323600769,80.2305374146,22395,22405,10
13.0319795609,80.2305908203,22405,22415,10
13.0314598083,80.2306289673,22415,22425,10
13.0309000015,80.2306900024,22425,22435,10
13.0303897858,80.2307434082,22435,22446,11
13.0297899246,80.2308197021,22446,22466,20
13.0297899246,80.2308197021,22466,22475,9
13.029589653,80.2308425903,22475,22486,11
13.0291795731,80.2308807373,22486,22496,10
13.0284004211,80.2309494019,22496,22506,10
13.0277900696,80.2310180664,22506,22516,10
13.0276603699,80.231262207,22516,22526,10
13.0277395248,80.231842041,22526,22536,10
13.0278701782,80.2324981689,22536,22547,11
13.0276403427,80.2328567505,22547,22557,10
13.0272197723,80.2329101563,22557,22567,10
13.027179718,80.2329177856,22567,22577,10
13.0269603729,80.2329864502,22577,22587,10
13.0266199112,80.233039856,22587,22597,10
13.0263299942,80.2326583862,22597,22607,10
13.0261201859,80.2318572998,22607,22617,10
13.0258798599,80.23097229,22617,22627,10
13.0254802704,80.230140686,22627,22638,11
13.0249204636,80.2294006348,22638,22648,10
13.0244703293,80.2287979126,22648,22658,10
13.0240497589,80.2282409668,22658,22668,10
13.0234899521,80.2276611328,22668,22678,10
13.0231304169,80.2274780273,22678,22688,10
13.0231103897,80.2274627686,22688,22698,10
13.0228796005,80.2272720337,22698,22708,10
13.022600174,80.2269134521,22708,22724,16
13.0218200684,80.2261810303,22724,22737,13
13.0209598541,80.2255020142,22737,22747,10
13.0201501846,80.2249603271,22747,22755,8
13.0194396973,80.2245407104,22755,22765,10
13.0183601379,80.2246398926,22765,22777,12
13.0170602798,80.2251968384,22777,22787,10
13.0162200928,80.2255401611,22787,22796,9
13.0155000687,80.2257919312,22796,22807,11
13.0147104263,80.2261199951,22807,22817,10
13.0144701004,80.2262191772,22817,22827,10
13.014380455,80.2262496948,22827,22838,11
13.0140104294,80.2263565063,22838,22848,10
13.0133399963,80.2266235352,22848,22858,10
13.012339592,80.2269973755,22858,22868,10
13.0111503601,80.2274703979,22868,22878,10
13.0100803375,80.2278900146,22878,22888,10
13.0095396042,80.2276763916,22888,22898,10
13.0097303391,80.2272033691,22898,22908,10
13.0100297928,80.2265777588,22908,22918,10
13.010430336,80.2257003784,22918,22929,11
13.0109300613,80.2245407104,22929,22939,10
13.011300087,80.2235107422,22939,22949,10
13.0116701126,80.2225112915,22949,22959,10
13.0119895935,80.2216186523,22959,22969,10
13.012169838,80.2211608887,22969,22979,10
13.0119600296,80.2203903198,22979,22989,10
13.0115995407,80.2192611694,22989,22999,10
13.0111703873,80.2180404663,22999,23009,10
13.0107002258,80.2169036865,23009,23019,10
13.010219574,80.2160263062,23019,23030,11
13.0097999573,80.2151489258,23030,23040,10
13.0092802048,80.2144470215,23040,23056,16
13.008480072,80.2134780884,23056,23078,22
13.008480072,80.2134780884,23078,23088,10
13.0082798004,80.2133483887,23088,23098,10
13.0081195831,80.2132797241,23098,23108,10
13.008099556,80.2132797241,23108,23118,10
13.0079097748,80.213142395,23118,23129,11
13.0074996948,80.2128601074,23129,23139,10
13.006819725,80.2127532959,23139,23149,10
13.0060195923,80.2129669189,23149,23159,10
13.0052604675,80.2126617432,23159,23169,10
13.0044698715,80.2122421265,23169,23179,10
13.0037403107,80.2119369507,23179,23189,10
13.0037097931,80.2116699219,23189,23199,10
13.0036897659,80.2113418579,23199,23209,10
13.0036401749,80.2108383179,23209,23220,11
13.0035495758,80.2100601196,23220,23230,10
13.0035400391,80.2094421387,23230,23240,10
13.0033597946,80.2092514038,23240,23250,10
13.0029697418,80.2090606689,23250,23260,10
13.0023403168,80.2087020874,23260,23270,10
13.001660347,80.208366394,23270,23280,10
13.0011501312,80.2080764771,23280,23290,10
13.0005598068,80.2078170776,23290,23310,20
13.0005598068,80.2078170776,23310,23321,11
13.0003700256,80.2077789307,23321,23331,10
12.9991998672,80.2075576782,23331,23341,10
12.9991998672,80.2075576782,23341,23351,10
12.9987297058,80.2074508667,23351,23361,10
12.9984903336,80.2074203491,23361,23371,10
12.9984197617,80.2074584961,23371,23381,10
12.9983701706,80.2077636719,23381,23391,10
12.998290062,80.2082901001,23391,23401,10
12.9982204437,80.2087936401,23401,23412,11
12.9979801178,80.2092819214,23412,23423,11
12.9976396561,80.2098007202,23423,23433,10
12.9974098206,80.2103118896,23433,23443,10
12.9973402023,80.2104797363,23443,23453,10
12.997179985,80.2104721069,23453,23463,10
12.9971704483,80.2104568481,23463,23473,10
12.9968595505,80.2104034424,23473,23483,10
12.9962501526,80.210319519,23483,23492,9
12.9957199097,80.2102813721,23492,23503,11
12.9949302673,80.2102203369,23503,23524,21
12.9949302673,80.2102203369,23524,23534,10
12.994720459,80.2101821899,23534,23544,10
12.9943304062,80.2101593018,23544,23554,10
12.9939603806,80.2101364136,23554,23564,10
12.9937601089,80.2101135254,23564,23574,10
12.9936704636,80.2101364136,23574,23584,10
12.9935998917,80.2103729248,23584,23594,10
12.9935798645,80.2105178833,23594,23605,11
12.9934501648,80.2110290527,23605,23615,10
12.9932603836,80.2117462158,23615,23625,10
12.9932203293,80.2118530273,23625,23635,10
12.9931201935,80.2123031616,23635,23645,10
12.9929504395,80.2129364014,23645,23655,10
12.9927997589,80.2130126953,23655,23665,10
12.9924497604,80.2129135132,23665,23675,10
12.9917697906,80.2127304077,23675,23685,10
12.9916000366,80.212677002,23685,23695,10
12.9914903641,80.2126693726,23695,23706,11
12.9913196564,80.2128067017,23706,23716,10
12.9912099838,80.2132415771,23716,23726,10
12.9910802841,80.2137527466,23726,23736,10
12.9909601212,80.2142715454,23736,23746,10
12.9904203415,80.2148132324,23746,23756,10
12.9893598557,80.2146911621,23756,23776,20
12.9893598557,80.2146911621,23776,23786,10
12.9890699387,80.2149429321,23786,23797,11
12.9885997772,80.2156600952,23797,23807,10
12.9881095886,80.2163619995,23807,23817,10
12.9877796173,80.2172470093,23817,23827,10
12.9875097275,80.2181167603,23827,23837,10
12.987449646,80.2183074951,23837,23847,10
12.9872598648,80.2184066772,23847,23857,10
12.9870595932,80.2183380127,23857,23867,10
12.9868001938,80.2182617188,23867,23877,10
12.986120224,80.2180709839,23877,23887,10
12.9850196838,80.217956543,23887,23898,11
12.9840202332,80.2180023193,23898,23908,10
12.983039856,80.217956543,23908,23918,10
12.9818496704,80.2179794312,23918,23928,10
12.9807195663,80.2182693481,23928,23938,10
12.980050087,80.2185134888,23938,23948,10
12.9795398712,80.2187194824,23948,23958,10
12.9788599014,80.2189865112,23958,23968,10
12.9782800674,80.2192382813,23968,23978,10
12.9773797989,80.2195968628,23978,23988,10
12.9763097763,80.2200698853,23988,23999,11
12.9755401611,80.2205734253,23999,24009,10
12.9757604599,80.2209396362,24009,24552,543
12.9757604599,80.2209396362,24552,24562,10
12.9759197235,80.2210464478,24562,24573,11
12.9762001038,80.2214813232,24573,24583,10
12.9765796661,80.2220687866,24583,24593,10
12.9769296646,80.2226333618,24593,24603,10
12.9773797989,80.2227020264,24603,24613,10
12.9775695801,80.2224273682,24613,24623,10
12.9775400162,80.2220077515,24623,24633,10
12.9774599075,80.2212982178,24633,24653,20
12.9774599075,80.2212982178,24653,24663,10
12.9772500992,80.2212295532,24663,24674,11
12.9767398834,80.2212524414,24674,24684,10
12.9761896133,80.2212677002,24684,24694,10
12.9759101868,80.2212371826,24694,24704,10
12.9755601883,80.2208862305,24704,24795,91
12.9755601883,80.2208862305,24795,24805,10
12.9754199982,80.2206878662,24805,24815,10
12.975399971,80.2205429077,24815,24825,10
12.975520134,80.2203903198,24825,24835,10
12.9757404327,80.2201919556,24835,24851,16
12.9768400192,80.2197113037,24851,24863,12
12.9779596329,80.2192382813,24863,24874,11
12.9786100388,80.2189865112,24874,24884,10
12.9792699814,80.2187271118,24884,24893,9
12.9799604416,80.2184524536,24893,24904,11
12.9808998108,80.2181015015,24904,24914,10
12.9817495346,80.2178573608,24914,24924,10
12.98279953,80.2178192139,24924,24934,10
12.9835996628,80.2178115845,24934,24944,10
12.9838104248,80.2178192139,24944,24954,10
12.9839696884,80.2178192139,24954,24964,10
12.9845600128,80.2178192139,24964,24975,11
12.98554039,80.2178421021,24975,24985,10
12.9865999222,80.2180633545,24985,24995,10
12.9873800278,80.2182006836,24995,25015,20
12.9873800278,80.2182006836,25015,25025,10
12.9875097275,80.2180862427,25025,25035,10
12.9876298904,80.2177581787,25035,25045,10
12.9878196716,80.2171783447,25045,25056,11
12.9881601334,80.2162780762,25056,25066,10
12.9885902405,80.2156677246,25066,25076,10
12.9887104034,80.2154922485,25076,25086,10
12.98898983,80.2150268555,25086,25096,10
12.9893102646,80.2146835327,25096,25106,10
12.9894504547,80.2147216797,25106,25116,10
12.989859581,80.2148208618,25116,25126,10
12.9904699326,80.2147216797,25126,25136,10
12.9909601212,80.2141494751,25136,25146,10
12.9911403656,80.2134628296,25146,25157,11
12.9912204742,80.2132034302,25157,25167,10
12.9912900925,80.2129211426,25167,25177,10
12.9915399551,80.2126617432,25177,25197,20
12.9915399551,80.2126617432,25197,25207,10
12.9916601181,80.2126922607,25207,25217,10
12.9918298721,80.2127380371,25217,25227,10
12.9923400879,80.2128829956,25227,25237,10
12.9928302765,80.2130203247,25237,25248,11
12.9929199219,80.2128829956,25248,25258,10
12.9929800034,80.2126998901,25258,25268,10
12.9931201935,80.2121963501,25268,25278,10
12.9932899475,80.2115707397,25278,25288,10
12.9935302734,80.210609436,25288,25308,20
12.9935302734,80.210609436,25308,25318,10
12.9936199188,80.2103424072,25318,25328,10
12.9938001633,80.2100982666,25328,25359,31
12.9938001633,80.2100982666,25359,25369,10
12.993929863,80.2101287842,25369,25379,10
12.9941596985,80.2101364136,25379,25389,10
12.9945497513,80.2101669312,25389,25399,10
12.9948196411,80.2101974487,25399,25409,10
12.9950895309,80.2102279663,25409,25419,10
12.9954595566,80.2102508545,25419,25429,10
12.9956197739,80.2102813721,25429,25439,10
12.9961004257,80.210319519,25439,25450,11
12.9967803955,80.2104110718,25450,25460,10
12.9971504211,80.2104492188,25460,25470,10
12.9972200394,80.2104721069,25470,25480,10
12.9973897934,80.2103500366,25480,25490,10
12.9975099564,80.2100372314,25490,25500,10
12.9978599548,80.2093887329,25500,25510,10
12.9981803894,80.2089691162,25510,25520,10
12.9982404709,80.2084121704,25520,25530,10
12.9983301163,80.2079696655,25530,25541,11
12.9983997345,80.2076034546,25541,25551,10
12.998459816,80.2073669434,25551,25561,10
12.9986095428,80.2073974609,25561,25571,10
12.9986495972,80.2074508667,25571,25581,10
12.9990196228,80.2075195313,25581,25591,10
12.9994497299,80.2076034546,25591,25601,10
12.9999399185,80.2077178955,25601,25611,10
13.0006504059,80.207862854,25611,25621,10
13.0014600754,80.2082519531,25621,25631,10
13.002409935,80.2087402344,25631,25642,11
13.0033102036,80.2092208862,25642,25652,10
13.003490448,80.209602356,25652,25662,10
13.0035896301,80.2099380493,25662,25672,10
13.0037202835,80.2104034424,25672,25682,10
13.0037603378,80.2111206055,25682,25692,10
13.0038099289,80.2118377686,25692,25702,10
13.0040502548,80.2119827271,25702,25712,10
13.0042104721,80.212059021,25712,25722,10
13.0046596527,80.2122879028,25722,25733,11
13.0050802231,80.2125396729,25733,25743,10
13.0057497025,80.2128982544,25743,25753,10
13.0065002441,80.2127227783,25753,25763,10
13.0073003769,80.2127838135,25763,25773,10
13.0078697205,80.2130584717,25773,25793,20
13.0078697205,80.2130584717,25793,25803,10
13.0082502365,80.2132873535,25803,25813,10
13.0087203979,80.2136383057,25813,25823,10
13.0092401505,80.2143325806,25823,25834,11
13.0097503662,80.2150802612,25834,25844,10
13.0102901459,80.2157821655,25844,25854,10
13.0107498169,80.2166290283,25854,25864,10
13.0110902786,80.2174224854,25864,25874,10
13.0115003586,80.218536377,25874,25884,10
13.0119400024,80.2197723389,25884,25894,10
13.0121803284,80.220451355,25894,25904,10
13.0122699738,80.2206192017,25904,25914,10
13.0124197006,80.2210769653,25914,25925,11
13.0128602982,80.2218475342,25925,25935,10
13.0134496689,80.2225799561,25935,25945,10
13.0140399933,80.2232971191,25945,25955,10
13.0145196915,80.2238922119,25955,25965,10
13.0149803162,80.2244415283,25965,25975,10
13.0155000687,80.2249526978,25975,25995,20
13.0155000687,80.2249526978,25995,26005,10
13.0157899857,80.2251968384,26005,26015,10
13.0164804459,80.2253036499,26015,26026,11
13.0175104141,80.2249221802,26026,26036,10
13.0185203552,80.2245178223,26036,26046,10
13.0192203522,80.2243804932,26046,26056,10
13.0195798874,80.2244567871,26056,26066,10
13.0196199417,80.2245025635,26066,26076,10
13.0199899673,80.2247314453,26076,26086,10
13.0205898285,80.2251663208,26086,26096,10
13.0212497711,80.2256393433,26096,26106,10
13.0218296051,80.2260437012,26106,26116,10
13.0219202042,80.2261123657,26116,26127,11
13.0221004486,80.2262802124,26127,26137,10
13.022359848,80.2265090942,26137,26153,16
13.0231704712,80.2272415161,26153,26165,12
13.0239200592,80.2279510498,26165,26175,10
13.0243997574,80.2284393311,26175,26195,20
13.0243997574,80.2284393311,26195,26205,10
13.0245895386,80.2287063599,26205,26215,10
13.0249595642,80.2292709351,26215,26226,11
13.025560379,80.2300796509,26226,26235,9
13.0259199142,80.2307662964,26235,26246,11
13.0261096954,80.2313079834,26246,26256,10
13.0266504288,80.2311935425,26256,26266,10
13.0274400711,80.2309875488,26266,26276,10
13.0282297134,80.2308578491,26276,26286,10
13.0285301208,80.2308425903,26286,26296,10
13.0287504196,80.2308197021,26296,26305,9
13.0293798447,80.2307891846,26305,26327,22
13.0293798447,80.2307891846,26327,26337,10
13.0296001434,80.230796814,26337,26347,10
13.0302495956,80.2307434082,26347,26357,10
13.0310602188,80.2306671143,26357,26367,10
13.0318498611,80.2306213379,26367,26377,10
13.0325803757,80.2305603027,26377,26387,10
13.0333900452,80.2304992676,26387,26397,10
13.0340299606,80.2304382324,26397,26418,21
13.0340299606,80.2304382324,26418,26428,10
13.0341396332,80.2304077148,26428,26438,10
13.034529686,80.2303619385,26438,26448,10
13.0349998474,80.2298431396,26448,26934,486
13.0349998474,80.2298431396,26934,26944,10
13.0346698761,80.2296676636,26944,27572,628
13.0346698761,80.2296676636,27572,27582,10
13.0345897675,80.2297973633,27582,27592,10
13.0343503952,80.2297592163,27592,27663,71
13.0343503952,80.2297592163,27663,27673,10
13.034239769,80.2299804688,27673,27683,10
13.0342102051,80.2301712036,27683,27693,10
13.0342102051,80.2301864624,27693,27703,10
13.0341997147,80.2302398682,27703,27713,10
13.034119606,80.2304229736,27713,27723,10
13.0337200165,80.2304000854,27723,27733,10
13.0330696106,80.2304916382,27733,27743,10
13.0327501297,80.2305374146,27743,27753,10
13.0322599411,80.2305984497,27753,27764,11
13.0315599442,80.2306594849,27764,27774,10
13.0310602188,80.2306976318,27774,27784,10
13.0307502747,80.2307281494,27784,27794,10
13.0304803848,80.230758667,27794,27804,10
13.0300197601,80.2308120728,27804,27814,10
13.0298995972,80.2308197021,27814,27824,10
13.0298299789,80.2308197021,27824,27834,10
13.0295801163,80.2308502197,27834,27844,10
13.0291004181,80.2308807373,27844,27854,10
13.0284204483,80.2309570313,27854,27865,11
13.0277395248,80.2310180664,27865,27875,10
13.0276699066,80.2313232422,27875,27885,10
13.0277299881,80.2317581177,27885,27895,10
13.0277900696,80.2322387695,27895,27905,10
13.0278701782,80.2326965332,27905,27915,10
13.0275802612,80.2328491211,27915,27925,10
13.0271997452,80.2329101563,27925,27945,20
13.0271997452,80.2329101563,27945,27956,11
13.02684021,80.233001709,27956,27966,10
13.0265398026,80.2330093384,27966,27976,10
13.0263299942,80.2326431274,27976,27986,10
13.0261001587,80.2319030762,27986,27996,10
13.0258398056,80.2309494019,27996,28006,10
13.0253400803,80.2299804688,28006,28016,10
13.0246400833,80.2290725708,28016,28036,20
13.0246400833,80.2290725708,28036,28046,10
13.024430275,80.2287826538,28046,28056,10
13.0239896774,80.228187561,28056,28067,11
13.0234498978,80.2276611328,28067,28077,10
13.023059845,80.2274093628,28077,28087,10
13.0229797363,80.2273864746,28087,28097,10
13.0227098465,80.2271499634,28097,28107,10
13.0225000381,80.2267684937,28107,28117,10
13.0219497681,80.2262802124,28117,28127,10
13.0213003159,80.2257614136,28127,28137,10
13.0208396912,80.2253799438,28137,28148,11
13.0201797485,80.2249603271,28148,28158,10
13.0200195313,80.2248382568,28158,28168,10
13.019659996,80.224609375,28168,28178,10
13.0188503265,80.2244796753,28178,28188,10
13.0179195404,80.2248306274,28188,28198,10
13.0170602798,80.2251968384,28198,28208,10
13.0164604187,80.2254486084,28208,28218,10
13.0159797668,80.2256317139,28218,28228,10
13.0153903961,80.2258605957,28228,28238,10
13.0148601532,80.2261123657,28238,28249,11
13.0144796371,80.226272583,28249,28259,10
13.0144701004,80.2262573242,28259,28269,10
13.0141000748,80.2263412476,28269,28279,10
13.0134496689,80.2265396118,28279,28289,10
13.0125598907,80.2268981934,28289,28299,10
13.0114002228,80.2273635864,28299,28309,10
13.0102796555,80.2278137207,28309,28319,10
13.0095796585,80.2277984619,28319,28329,10
13.0097198486,80.2272186279,28329,28339,10
13.0101299286,80.2263793945,28339,28350,11
13.0106201172,80.2252426147,28350,28360,10
13.0109701157,80.2244110107,28360,28370,10
13.0112800598,80.2236785889,28370,28380,10
13.011300087,80.2236099243,28380,28390,10
13.0113096237,80.2235031128,28390,28400,10
13.0114898682,80.2230529785,28400,28410,10
13.0117998123,80.2222366333,28410,28420,10
13.0120697021,80.2214202881,28420,28429,9
13.0121297836,80.2209396362,28429,28441,12
13.0118198395,80.2199935913,28441,28451,10
13.0115203857,80.21900177,28451,28461,10
13.011179924,80.2180404663,28461,28471,10
13.0108003616,80.2171096802,28471,28481,10
13.0104503632,80.2163391113,28481,28491,10
13.0100002289,80.2155227661,28491,28501,10
13.0094299316,80.2146377563,28501,28511,10
13.0087900162,80.2137908936,28511,28521,10
13.0084495544,80.2134628296,28521,28552,31
13.0082397461,80.2133712769,28552,28572,20
13.0082397461,80.2133712769,28572,28582,10
13.0079402924,80.2132110596,28582,28592,10
13.007610321,80.2129135132,28592,28602,10
13.0070199966,80.2127609253,28602,28612,10
13.0064096451,80.2127609253,28612,28622,10
13.0058202744,80.2129821777,28622,28631,9
13.005200386,80.2126464844,28631,28643,12
13.0043897629,80.2122268677,28643,28653,10
13.0037298203,80.2119064331,28653,28663,10
13.0036697388,80.2113189697,28663,28673,10
13.0036201477,80.2107696533,28673,28683,10
13.0035400391,80.2102508545,28683,28693,10
13.0035200119,80.2100830078,28693,28703,10
13.0034999847,80.2098007202,28703,28713,10
13.0034399033,80.2094421387,28713,28723,10
13.0032501221,80.2092666626,28723,28733,10
13.0026102066,80.2089080811,28733,28744,11
13.0017204285,80.2084197998,28744,28754,10
13.0008602142,80.2079696655,28754,28764,10
13.0003499985,80.2077865601,28764,28773,9
12.9997997284,80.2076873779,28773,28784,11
12.9991798401,80.2075195313,28784,28794,10
12.9988002777,80.2074584961,28794,28803,9
12.9984998703,80.2073974609,28803,28814,11
12.9984397888,80.2075271606,28814,28824,10
12.9983701706,80.207862854,28824,28835,11
12.9982500076,80.2085494995,28835,28845,10
12.9981498718,80.2091293335,28845,28855,10
12.9977703094,80.2095870972,28855,28865,10
12.9975595474,80.2100601196,28865,28875,10
12.9973602295,80.2104568481,28875,28905,30
12.9973602295,80.2104568481,28905,28915,10
12.9972200394,80.2104873657,28915,28925,10
12.9968795776,80.2104187012,28925,28936,11
12.9963197708,80.2103500366,28936,28946,10
12.9957199097,80.2102890015,28946,28956,10
12.9952297211,80.2102432251,28956,28966,10
12.9948101044,80.2101974487,28966,28976,10
12.9945001602,80.2101593018,28976,28986,10
12.9939203262,80.2100982666,28986,29006,20
12.9939203262,80.2100982666,29006,29016,10
12.9937896729,80.2101135254,29016,29027,11
12.9936199188,80.2101974487,29027,29037,10
12.9935798645,80.2104492188,29037,29047,10
12.9935703278,80.2105636597,29047,29057,10
12.9935102463,80.2108383179,29057,29067,10
12.9933795929,80.2113037109,29067,29077,10
12.9932498932,80.2118377686,29077,29087,10
12.9931402206,80.2121963501,29087,29097,10
12.9929504395,80.2129211426,29097,29107,10
12.9927997589,80.2129898071,29107,29117,10
12.9925498962,80.2129211426,29117,29128,11
12.9917898178,80.2127227783,29128,29138,10
12.991519928,80.212677002,29138,29148,10
12.9914197922,80.2126693726,29148,29158,10
12.9910898209,80.2125473022,29158,29168,10
12.9906997681,80.2124633789,29168,29229,61
12.9906997681,80.2124633789,29229,29239,10
12.990240097,80.2123336792,29239,29249,10
12.9899101257,80.2122573853,29249,29259,10
12.9898099899,80.2124099731,29259,29269,10
12.9897298813,80.2127380371,29269,29279,10
12.989569664,80.2133865356,29279,29289,10
12.9895200729,80.2136001587,29289,29299,10
12.9894695282,80.2137374878,29299,29309,10
12.9893703461,80.2141494751,29309,29320,11
12.9892501831,80.2146835327,29320,29330,10
12.9891395569,80.21484375,29330,29340,10
12.9888296127,80.2152786255,29340,29350,10
12.9886302948,80.2156219482,29350,29360,10
12.988240242,80.2161636353,29360,29370,10
12.988120079,80.2163391113,29370,29380,10
12.9879703522,80.2167434692,29380,29390,10
12.9877099991,80.2174835205,29390,29400,10
12.9874897003,80.2181777954,29400,29410,10
12.9874401093,80.2183074951,29410,29421,11
12.9871196747,80.2183303833,29421,29431,10
12.9870901108,80.2183303833,29431,29441,10
12.9868297577,80.2182998657,29441,29451,10
12.9862203598,80.2180862427,29451,29461,10
12.9852600098,80.2179489136,29461,29471,10
12.9843502045,80.2179794312,29471,29481,10
12.9840402603,80.2180023193,29481,29491,10
12.9840202332,80.2180023193,29491,29501,10
12.9837799072,80.2180023193,29501,29512,11
12.9830799103,80.2179794312,29512,29522,10
12.9821395874,80.2179718018,29522,29532,10
12.981010437,80.2181930542,29532,29542,10
12.9801301956,80.2185134888,29542,29552,10
12.9793701172,80.2188110352,29552,29562,10
12.9787302017,80.2190628052,29562,29572,10
12.9781103134,80.2193222046,29572,29582,10
12.9772100449,80.2197036743,29582,29592,10
12.9762096405,80.2201385498,29592,29602,10
12.9756603241,80.2203826904,29602,29623,21
12.9756603241,80.2203826904,29623,29633,10
12.9755897522,80.2204589844,29633,29643,10
12.9755401611,80.220741272,29643,29653,10
12.9757404327,80.2209091187,29653,30328,675
12.9757404327,80.2209091187,30328,30338,10
12.9759101868,80.2211227417,30338,30348,10
12.9761104584,80.2214584351,30348,30358,10
12.9764099121,80.2220001221,30358,30368,10
12.9767599106,80.2225570679,30368,30378,10
12.9771604538,80.2227096558,30378,30389,11
12.9775104523,80.2225189209,30389,30399,10
12.9774799347,80.2220077515,30399,30409,10
12.9774599075,80.2213821411,30409,30419,10
12.9773397446,80.2212600708,30419,30429,10
12.9768800735,80.221282959,30429,30439,10
12.9763898849,80.2212982178,30439,30449,10
12.9760103226,80.2213363647,30449,30459,10
12.9756298065,80.2209777832,30459,30591,132
12.9756298065,80.2209777832,30591,30601,10
12.9754104614,80.2207183838,30601,30611,10
12.9754800797,80.2204971313,30611,30621,10
12.9755897522,80.2203826904,30621,30631,10
12.9757995605,80.2202301025,30631,30641,10
12.9761896133,80.2200164795,30641,30651,10
12.9768600464,80.2197113037,30651,30661,10
12.9777202606,80.2193527222,30661,30671,10
12.9784803391,80.219039917,30671,30682,11
12.9790496826,80.2188415527,30682,30692,10
12.9798402786,80.2185211182,30692,30702,10
12.9807100296,80.218208313,30702,30712,10
12.9817304611,80.2179031372,30712,30722,10
12.982339859,80.2178573608,30722,30732,10
12.9828701019,80.2178573608,30732,30742,10
12.9838199615,80.2178268433,30742,30762,20
12.9838199615,80.2178268433,30762,30772,10
12.9841604233,80.2178497314,30772,30783,11
12.984869957,80.2178421021,30783,30793,10
12.9857597351,80.2178878784,30793,30803,10
12.9866800308,80.2181015015,30803,30813,10
12.9869804382,80.2181472778,30813,30823,10
12.9873600006,80.2182006836,30823,30833,10
12.9874095917,80.2182235718,30833,30843,10
12.9875001907,80.2181167603,30843,30853,10
12.9876203537,80.2177276611,30853,30863,10
12.987859726,80.2170715332,30863,30874,11
12.9881801605,80.2162399292,30874,30884,10
12.9887104034,80.2154693604,30884,30894,10
12.989159584,80.2147979736,30894,30904,10
12.9892702103,80.2145385742,30904,30914,10
12.9893503189,80.2141494751,30914,30924,10
12.9894399643,80.2136383057,30924,30934,10
12.9895296097,80.2132873535,30934,30944,10
12.9896602631,80.2127380371,30944,30954,10
12.9897699356,80.2123184204,30954,30964,10
12.9901599884,80.2123184204,30964,30985,21
12.9901599884,80.2123184204,30985,30995,10
12.9906396866,80.2124099731,30995,31005,10
12.9915895462,80.2126464844,31005,31035,30
12.9915895462,80.2126464844,31035,31045,10
12.9917697906,80.2126998901,31045,31055,10
12.9922199249,80.2128219604,31055,31065,10
12.9928503036,80.2129898071,31065,31076,11
12.9929599762,80.212852478,31076,31086,10
12.9929704666,80.2128295898,31086,31096,10
12.9930295944,80.2125167847,31096,31106,10
12.9931602478,80.2120132446,31106,31116,10
12.9933099747,80.2114105225,31116,31126,10
12.9934396744,80.2108612061,31126,31136,10
12.9935598373,80.2103805542,31136,31146,10
12.9938402176,80.2100906372,31146,31197,51
12.9938402176,80.2100906372,31197,31207,10
12.9942398071,80.2101211548,31207,31217,10
12.9944896698,80.2101364136,31217,31227,10
12.9947595596,80.2101821899,31227,31247,20
12.9947595596,80.2101821899,31247,31257,10
12.9949903488,80.2101669312,31257,31268,11
12.9952001572,80.2101898193,31268,31278,10
12.995470047,80.2102203369,31278,31288,10
12.9958400726,80.2102584839,31288,31298,10
12.9961900711,80.2102966309,31298,31308,10
12.9966001511,80.2103500366,31308,31318,10
12.9971704483,80.2104492188,31318,31348,30
12.9971704483,80.2104492188,31348,31358,10
12.9974002838,80.2102813721,31358,31369,11
12.9976196289,80.2098007202,31369,31379,10
12.9978599548,80.2093582153,31379,31389,10
12.9981403351,80.2090072632,31389,31399,10
12.9982004166,80.2085418701,31399,31409,10
12.9982500076,80.2081604004,31409,31419,10
12.9982995987,80.2080383301,31419,31429,10
12.998339653,80.2078094482,31429,31439,10
12.9983797073,80.2075195313,31439,31449,10
12.9985198975,80.2074203491,31449,31459,10
12.9986095428,80.2074432373,31459,31470,11
12.9987697601,80.2074584961,31470,31480,10
12.9992198944,80.2075424194,31480,31490,10
12.9997501373,80.207649231,31490,31506,16
13.0005102158,80.2077789307,31506,31518,12
13.000579834,80.2078094482,31518,31528,10
13.0009698868,80.2080001831,31528,31538,10
13.0014095306,80.2082214355,31538,31548,10
13.0020399094,80.2085418701,31548,31558,10
13.0026597977,80.2088699341,31558,31569,11
13.0033502579,80.2092437744,31569,31579,10
13.0034999847,80.2095718384,31579,31589,10
13.0035495758,80.2098770142,31589,31599,10
13.0036296844,80.2103424072,31599,31609,10
13.0037202835,80.2109375,31609,31619,10
13.0037603378,80.211479187,31619,31629,10
13.004070282,80.2120437622,31629,31649,20
13.004070282,80.2120437622,31649,31660,11
13.0042800903,80.2121582031,31660,31670,10
13.0046796799,80.2123336792,31670,31680,10
13.0052404404,80.212638855,31680,31690,10
13.0058202744,80.2129211426,31690,31700,10
13.0064401627,80.2127227783,31700,31710,10
13.007060051,80.2127380371,31710,31720,10
13.0078201294,80.2129821777,31720,31761,41
13.0078201294,80.2129821777,31761,31771,10
13.0079202652,80.2131118774,31771,31781,10
13.0080299377,80.213180542,31781,31791,10
13.0083703995,80.2133178711,31791,31801,10
13.0087995529,80.2137527466,31801,31811,10
13.009349823,80.2144470215,31811,31821,10
13.0096998215,80.2149887085,31821,31831,10
13.0100498199,80.2155303955,31831,31841,10
13.0105400085,80.216217041,31841,31852,11
13.010890007,80.2170333862,31852,31862,10
13.0112304688,80.2178726196,31862,31872,10
13.0115995407,80.2188873291,31872,31882,10
13.0119400024,80.219871521,31882,31892,10
13.012169838,80.2205200195,31892,31902,10
13.0121803284,80.2205963135,31902,31912,10
13.0122098923,80.2206726074,31912,31922,10
13.0123195648,80.2210464478,31922,31932,10
13.0125799179,80.2214736938,31932,31942,10
13.0130500793,80.2219924927,31942,31953,11
13.0135202408,80.222618103,31953,31963,10
13.0139398575,80.2231903076,31963,31973,10
13.0141601563,80.2234420776,31973,31983,10
13.0143699646,80.2237091064,31983,31993,10
13.0147800446,80.2242965698,31993,32003,10
13.0153598785,80.2248382568,32003,32023,20
13.0153598785,80.2248382568,32023,32033,10
13.0155897141,80.2250366211,32033,32043,10
13.0160102844,80.2252807617,32043,32054,11
13.0167198181,80.2251968384,32054,32064,10
13.0175504684,80.2248764038,32064,32080,16
13.0188798904,80.2243728638,32080,32092,12
13.0196895599,80.2244796753,32092,32100,8
13.0197401047,80.2245025635,32100,32112,12
13.0197896957,80.2245635986,32112,32122,10
13.0201196671,80.2248001099,32122,32132,10
13.0207395554,80.2252426147,32132,32139,7
13.0212001801,80.2256164551,32139,32153,14
13.0220298767,80.2261962891,32153,32173,20
13.0220298767,80.2261962891,32173,32183,10
13.0222396851,80.2263565063,32183,32193,10
13.0225896835,80.2266616821,32193,32203,10
13.0228796005,80.2269363403,32203,32213,10
13.0230998993,80.2271881104,32213,32233,20
13.0230998993,80.2271881104,32233,32246,13
13.0232601166,80.2273178101,32246,32259,13
13.0235300064,80.2275619507,32259,32269,10
13.0236902237,80.2276763916,32269,32279,10
13.0239801407,80.2279815674,32279,32289,10
13.0241699219,80.2282028198,32289,32298,9
13.0243196487,80.2283477783,32298,32309,11
13.0243997574,80.2284622192,32309,32319,10
13.0245199203,80.2286376953,32319,32329,10
13.0246400833,80.2288131714,32329,32370,41
13.0246400833,80.2288131714,32370,32380,10
13.0247097015,80.2289276123,32380,32390,10
13.0249700546,80.2292861938,32390,32400,10
13.0256996155,80.2302093506,32400,32420,20
13.0256996155,80.2302093506,32420,32430,10
13.0257301331,80.2303009033,32430,32441,11
13.0258998871,80.230682373,32441,32451,10
13.0260095596,80.2311477661,32451,32461,10
13.0263299942,80.2312774658,32461,32471,10
13.0270595551,80.231086731,32471,32481,10
13.0279397964,80.2309188843,32481,32491,10
13.0285196304,80.2308425903,32491,32501,10
13.0285797119,80.2308425903,32501,32511,10
13.0294103622,80.2307815552,32511,32562,51
13.0294103622,80.2307815552,32562,32572,10
13.0297803879,80.2307815552,32572,32582,10
13.0304603577,80.2307128906,32582,32592,10
13.0310697556,80.2306594849,32592,32602,10
13.031829834,80.2305984497,32602,32612,10
13.0326795578,80.2305221558,32612,32622,10
13.0333795547,80.23046875,32622,32633,11
13.034040451,80.2304077148,32633,32693,60
13.034040451,80.2304077148,32693,32703,10
13.0341796875,80.2303924561,32703,32713,10
13.0344104767,80.2303695679,32713,32723,10
13.0348100662,80.2302322388,32723,32774,51
13.0348100662,80.2302322388,32774,32784,10
13.0351495743,80.2302017212,32784,32794,10
13.0350399017,80.2303619385,32794,32804,10
13.0345001221,80.2303771973,32804,32835,31
13.0342197418,80.2304534912,32835,32875,40
13.0342197418,80.2304534912,32875,32885,10
13.033949852,80.2303771973,32885,32895,10
13.0336103439,80.2304000854,32895,32905,10
13.033490181,80.230430603,32905,32915,10
13.0333595276,80.2304992676,32915,32926,11
13.0326795578,80.2305374146,32926,32936,10
13.0317802429,80.2306289673,32936,32946,10
13.0310001373,80.2306976318,32946,32966,20
13.0310001373,80.2306976318,32966,32976,10
13.0306997299,80.23072052,32976,32986,10
13.0299196243,80.230796814,32986,33006,20
13.0299196243,80.230796814,33006,33017,11
13.029540062,80.2308578491,33017,33027,10
13.029129982,80.2308883667,33027,33037,10
13.0283603668,80.2309570313,33037,33047,10
13.0277299881,80.2310409546,33047,33057,10
13.0277004242,80.2313995361,33057,33067,10
13.027759552,80.2319564819,33067,33077,10
13.0278701782,80.2325592041,33077,33087,10
13.0270395279,80.2329177856,33087,33186,99
13.0270395279,80.2329177856,33186,33195,9
13.0269002914,80.233001709,33195,33205,10
13.0266895294,80.2330093384,33205,33217,12
13.0263595581,80.2328491211,33217,33227,10
13.0262002945,80.2323379517,33227,33237,10
13.0260896683,80.231842041,33237,33247,10
13.0259399414,80.2312469482,33247,33257,10
13.0256595612,80.2304077148,33257,33267,10
13.0252399445,80.2297973633,33267,33277,10
13.0249300003,80.2294006348,33277,33287,10
13.0249099731,80.2293701172,33287,33297,10
13.0246696472,80.229057312,33297,33307,10
13.0243902206,80.2287216187,33307,33318,11
13.0240097046,80.2282180786,33318,33328,10
13.0234603882,80.2276382446,33328,33338,10
13.0230998993,80.2274475098,33338,33358,20
13.0230998993,80.2274475098,33358,33374,16
13.0228996277,80.2273712158,33374,33386,12
13.0226898193,80.2270126343,33386,33394,8
13.0224399567,80.2267379761,33394,33406,12
13.0219202042,80.2262802124,33406,33417,11
13.0213499069,80.2258300781,33417,33426,9
13.0203399658,80.2251205444,33426,33447,21
13.0203399658,80.2251205444,33447,33457,10
13.0200595856,80.2249069214,33457,33467,10
13.0196304321,80.2246322632,33467,33477,10
13.0186195374,80.2245864868,33477,33487,10
13.0176401138,80.2249832153,33487,33497,10
13.0168104172,80.2253036499,33497,33508,11
13.0163497925,80.2254867554,33508,33518,10
13.0157604218,80.225692749,33518,33528,10
13.0151596069,80.2259521484,33528,33538,10
13.0142402649,80.2263565063,33538,33558,20
13.0142402649,80.2263565063,33558,33568,10
13.0141601563,80.2264022827,33568,33578,10
13.0140304565,80.2264633179,33578,33588,10
13.0137195587,80.2265777588,33588,33598,10
13.0133199692,80.2266693115,33598,33609,11
13.0124797821,80.2269668579,33609,33619,10
13.0114603043,80.2273635864,33619,33629,10
13.0103797913,80.2277679443,33629,33639,10
13.0097198486,80.2278823853,33639,33649,10
13.0095701218,80.2275390625,33649,33659,10
13.0098495483,80.2268829346,33659,33669,10
13.0102901459,80.2259368896,33669,33679,10
13.0107603073,80.2248535156,33679,33689,10
13.0109901428,80.2242507935,33689,33700,11
13.0110397339,80.2241592407,33700,33709,9
13.0111598969,80.2238388062,33709,33720,11
13.0113697052,80.2232894897,33720,33730,10
13.0116300583,80.2226409912,33730,33740,10
13.0118904114,80.221862793,33740,33750,10
13.0120401382,80.2215270996,33750,33760,10
13.0120697021,80.2214202881,33760,33770,10
13.012169838,80.2211227417,33770,33780,10
13.0120000839,80.2205429077,33780,33790,10
13.0117902756,80.2199172974,33790,33801,11
13.0117502213,80.2197113037,33801,33811,10
13.0116901398,80.2194290161,33811,33821,10
13.0114803314,80.2188186646,33821,33831,10
13.0112800598,80.2182693481,33831,33841,10
13.0109500885,80.2174682617,33841,33851,10
13.0105800629,80.2166290283,33851,33861,10
13.0101995468,80.2159194946,33861,33871,10
13.0098400116,80.2151870728,33871,33881,10
13.0094995499,80.2147064209,33881,33891,10
13.0091400146,80.2142410278,33891,33902,11
13.0087499619,80.2136993408,33902,33952,50
13.0085000992,80.213470459,33952,33993,41
13.0082197189,80.2133331299,33993,34033,40
13.0082197189,80.2133331299,34033,34043,10
13.0078897476,80.2131881714,34043,34053,10
13.0077896118,80.2130584717,34053,34063,10
13.0077104568,80.2129821777,34063,34073,10
13.0075597763,80.2128601074,34073,34083,10
13.0070800781,80.2127609253,34083,34094,11
13.0063495636,80.2127838135,34094,34104,10
13.0056800842,80.2129211426,34104,34114,10
13.0051202774,80.2126083374,34114,34124,10
13.0046195984,80.2123031616,34124,34134,10
13.003950119,80.2120666504,34134,34144,10
13.0037498474,80.2119522095,34144,34154,10
13.0036697388,80.2116088867,34154,34164,10
13.003569603,80.2110671997,34164,34174,10
13.003490448,80.2106628418,34174,34184,10
13.0034999847,80.2101821899,34184,34195,11
13.0034799576,80.2095794678,34195,34205,10
13.003370285,80.2093429565,34205,34217,12
13.002869606,80.2090301514,34217,34227,10
13.0021800995,80.2086410522,34227,34236,9
13.0017299652,80.2083969116,34236,34247,11
13.0009098053,80.2079696655,34247,34257,10
13.0005903244,80.2078094482,34257,34266,9
13.0002698898,80.2077636719,34266,34277,11
12.9999704361,80.2077178955,34277,34288,11
12.9995098114,80.2076187134,34288,34298,10
12.9993200302,80.2075576782,34298,34308,10
12.9990596771,80.2075119019,34308,34318,10
12.9987201691,80.2074508667,34318,34328,10
12.9984502792,80.2075195313,34328,34348,20
12.9984502792,80.2075195313,34348,34358,10
12.9983596802,80.207862854,34358,34368,10
12.9982795715,80.208366394,34368,34378,10
12.9982099533,80.2088623047,34378,34389,11
12.9979600906,80.2092895508,34389,34399,10
12.9977397919,80.2096862793,34399,34409,10
12.9974403381,80.210357666,34409,34429,20
12.9974403381,80.210357666,34429,34439,10
12.9971399307,80.2104187012,34439,34449,10
12.9967098236,80.2103729248,34449,34459,10
12.9962997437,80.2103271484,34459,34468,9
12.9961795807,80.2103271484,34468,34480,12
12.9960203171,80.2103424072,34480,34490,10
12.9956798553,80.2102966309,34490,34500,10
12.9953098297,80.2102584839,34500,34510,10
12.9951896667,80.2102508545,34510,34520,10
12.9949102402,80.2102279663,34520,34530,10
12.9946804047,80.2101974487,34530,34540,10
12.9943399429,80.2101669312,34540,34550,10
12.9940500259,80.2101364136,34550,34560,10
12.9939002991,80.2101364136,34560,34570,10
12.9937601089,80.2101287842,34570,34581,11
12.9935998917,80.2102890015,34581,34591,10
12.9935398102,80.210609436,34591,34601,10
12.9934597015,80.2110214233,34601,34611,10
12.9933099747,80.2115707397,34611,34621,10
12.9931297302,80.2122879028,34621,34631,10
12.9929599762,80.2128601074,34631,34641,10
12.9928102493,80.2129516602,34641,34651,10
12.9925403595,80.2128982544,34651,34661,10
12.9919300079,80.2127609253,34661,34671,10
12.9915304184,80.2126617432,34671,34682,11
12.991519928,80.2126617432,34682,34692,10
12.9913797379,80.2126312256,34692,34702,10
12.9910802841,80.2125396729,34702,34712,10
12.9906196594,80.2124404907,34712,34722,10
12.9900999069,80.212310791,34722,34732,10
12.989859581,80.212310791,34732,34742,10
12.9897899628,80.2125167847,34742,34752,10
12.9896202087,80.2130813599,34752,34762,10
12.9895401001,80.213508606,34762,34773,11
12.9894800186,80.2137832642,34773,34783,10
12.9893598557,80.2143173218,34783,34793,10
12.9892597198,80.2146224976,34793,34803,10
12.989159584,80.2147827148,34803,34813,10
12.9888896942,80.2151870728,34813,34823,10
12.9884500504,80.2158432007,34823,34833,10
12.9879903793,80.2166824341,34833,34843,10
12.987739563,80.2174224854,34843,34853,10
12.9875001907,80.218170166,34853,34874,21
12.9875001907,80.218170166,34874,34884,10
12.9874095917,80.2183685303,34884,34894,10
12.9870500565,80.2183227539,34894,34904,10
12.9869403839,80.2182922363,34904,34920,16
12.9860496521,80.2180175781,34920,34932,12
12.9848403931,80.2179412842,34932,34942,10
12.9843301773,80.217956543,34942,34952,10
12.9840602875,80.2179718018,34952,34962,10
12.9839200974,80.2179718018,34962,34972,10
12.9833602905,80.2179794312,34972,34983,11
12.9824800491,80.2179794312,34983,34993,10
12.9818401337,80.2180023193,34993,35003,10
12.9809398651,80.2182312012,35003,35013,10
12.9800901413,80.218536377,35013,35023,10
12.9795598984,80.2187728882,35023,35032,9
12.9789600372,80.2189865112,35032,35042,10
12.9784603119,80.2191696167,35042,35053,11
12.9776601791,80.2195205688,35053,35063,10
12.9767599106,80.2198867798,35063,35074,11
12.9758996964,80.2202224731,35074,35084,10
12.9756498337,80.220451355,35084,35175,91
12.9756498337,80.220451355,35175,35185,10
12.9755601883,80.2208099365,35185,35195,10
12.9756402969,80.2209014893,35195,35205,10
12.9758901596,80.2211074829,35205,35852,647
12.9758901596,80.2211074829,35852,35862,10
12.9760103226,80.2213668823,35862,35872,10
12.9762201309,80.2216873169,35872,35882,10
12.976559639,80.2222213745,35882,35892,10
12.9769096375,80.2227478027,35892,35902,10
12.9772195816,80.2227401733,35902,35912,10
12.9775400162,80.2225418091,35912,35922,10
12.977519989,80.2220230103,35922,35932,10
12.9774999619,80.2214889526,35932,35942,10
12.9774703979,80.2212982178,35942,35953,11
12.9771795273,80.221282959,35953,35963,10
12.9764299393,80.2212524414,35963,36104,141
12.9764299393,80.2212524414,36104,36114,10
12.9760198593,80.2212219238,36114,36124,10
12.9755001068,80.2208328247,36124,36427,303
12.9755001068,80.2208328247,36427,36437,10
12.9754199982,80.2205429077,36437,36448,11
12.9755897522,80.2203521729,36448,36458,10
12.9757995605,80.2201919556,36458,36468,10
12.9764099121,80.2199020386,36468,36478,10
12.9772396088,80.2195510864,36478,36488,10
12.9781799316,80.2191619873,36488,36498,10
12.9786701202,80.2189865112,36498,36508,10
12.9793300629,80.2187194824,36508,36524,16
12.9804401398,80.2182693481,36524,36536,12
12.9815196991,80.2179107666,36536,36547,11
12.9823598862,80.2177886963,36547,36555,8
12.9829301834,80.2177886963,36555,36567,12
12.9835996628,80.2177810669,36567,36576,9
12.9836101532,80.2177734375,36576,36586,10
12.9836597443,80.2177810669,36586,36597,11
12.9841995239,80.2177886963,36597,36607,10
12.9849300385,80.2177734375,36607,36617,10
12.9860401154,80.217880249,36617,36627,10
12.9873695374,80.2181472778,36627,36649,22
12.9873695374,80.2181472778,36649,36659,10
12.9875001907,80.2181015015,36659,36669,10
12.9876098633,80.2177200317,36669,36679,10
12.9877700806,80.2172317505,36679,36689,10
12.9880399704,80.2164764404,36689,36699,10
12.9885597229,80.2156677246,36699,36709,10
12.9890604019,80.2149124146,36709,36719,10
12.9892301559,80.2146377563,36719,36729,10
12.9892702103,80.2144622803,36729,36740,11
12.9893598557,80.2141036987,36740,36750,10
12.9894800186,80.2136077881,36750,36760,10
12.989569664,80.2132034302,36760,36770,10
12.9897203445,80.2125320435,36770,36780,10
12.9898796082,80.2122573853,36780,36790,10
12.9903402328,80.2123794556,36790,36800,10
12.990940094,80.2125167847,36800,36810,10
12.9911804199,80.2125778198,36810,36820,10
12.9915895462,80.212677002,36820,36851,31
12.9915895462,80.212677002,36851,36861,10
12.9916801453,80.2126617432,36861,36871,10
12.9918203354,80.2126998901,36871,36881,10
12.9921798706,80.2128067017,36881,36891,10
12.9926395416,80.2129364014,36891,36901,10
12.9929304123,80.2128677368,36901,36921,20
12.9929304123,80.2128677368,36921,36932,11
12.9929895401,80.2125930786,36932,36942,10
12.9931001663,80.2121963501,36942,36952,10
12.9932098389,80.211769104,36952,36962,10
12.9933595657,80.2111816406,36962,36972,10
12.9934797287,80.2106704712,36972,36982,10
12.9935798645,80.2102279663,36982,36992,10
12.9935903549,80.210067749,36992,37002,10
12.9937896729,80.2100601196,37002,37022,20
12.9937896729,80.2100601196,37022,37033,11
12.9939699173,80.210067749,37033,37043,10
12.99421978,80.2100982666,37043,37053,10
12.9943704605,80.2101211548,37053,37063,10
12.9946403503,80.2101364136,37063,37073,10
12.9949998856,80.2101898193,37073,37083,10
12.9953804016,80.2102127075,37083,37093,10
12.9957199097,80.2102432251,37093,37103,10
12.9959402084,80.2102737427,37103,37113,10
12.9960603714,80.2103118896,37113,37123,10
12.9962797165,80.2103424072,37123,37134,11
12.9965600967,80.2103805542,37134,37144,10
12.9970703125,80.2104187012,37144,37174,30
12.9970703125,80.2104187012,37174,37184,10
12.9973201752,80.2105026245,37184,37214,30
12.9973201752,80.2105026245,37214,37225,11
12.9974603653,80.2101974487,37225,37235,10
12.9976396561,80.2098083496,37235,37245,10
12.9979000092,80.2093963623,37245,37255,10
12.9981298447,80.2090301514,37255,37265,10
12.9982004166,80.2085037231,37265,37275,10
12.998290062,80.2079620361,37275,37285,10
12.9983797073,80.2075119019,37285,37295,10
12.9985799789,80.2074279785,37295,37315,20
12.9985799789,80.2074279785,37315,37326,11
12.9988203049,80.2074890137,37326,37336,10
12.9991598129,80.2075424194,37336,37346,10
12.9992198944,80.2075500488,37346,37356,10
12.9994602203,80.2076034546,37356,37366,10
12.9999504089,80.2077026367,37366,37376,10
13.0005702972,80.2078018188,37376,37385,9
13.0011501312,80.2080688477,37385,37396,11
13.0018701553,80.2084274292,37396,37406,10
13.0026798248,80.2088470459,37406,37416,10
13.0034303665,80.2092437744,37416,37427,11
13.0034799576,80.2094497681,37427,37437,10
13.003569603,80.2098007202,37437,37447,10
13.0036497116,80.2102890015,37447,37457,10
13.0037403107,80.2109680176,37457,37467,10
13.0040302277,80.2119674683,37467,37487,20
13.0040302277,80.2119674683,37487,37497,10
13.0043401718,80.212097168,37497,37507,10
13.0047903061,80.2123413086,37507,37517,10
13.0053796768,80.2127075195,37517,37528,11
13.0061702728,80.2127685547,37528,37538,10
13.0069303513,80.2126998901,37538,37548,10
13.0078802109,80.2130508423,37548,37588,40
13.0078802109,80.2130508423,37588,37598,10
13.0081195831,80.2132034302,37598,37608,10
13.0085897446,80.213432312,37608,37619,11
13.0091199875,80.2141571045,37619,37629,10
13.0095500946,80.2147903442,37629,37639,10
13.0095796585,80.21484375,37639,37649,10
13.0098104477,80.2151107788,37649,37659,10
13.0101804733,80.2155990601,37659,37669,10
13.0106601715,80.2162780762,37669,37679,10
13.0108604431,80.2168579102,37679,37689,10
13.0112400055,80.2177810669,37689,37699,10
13.0116100311,80.2186737061,37699,37709,10
13.0119199753,80.2195892334,37709,37720,11
13.0121097565,80.2201690674,37720,37730,10
13.0122098923,80.2203826904,37730,37740,10
13.012260437,80.2204971313,37740,37750,10
13.0123996735,80.220993042,37750,37760,10
13.0125398636,80.2213592529,37760,37770,10
13.0128202438,80.2217407227,37770,37779,9
13.0131502151,80.2221298218,37779,37790,11
13.0135002136,80.2225799561,37790,37800,10
13.0139503479,80.22315979,37800,37810,10
13.0141601563,80.223449707,37810,37821,11
13.0143995285,80.2237701416,37821,37831,10
13.0148696899,80.2242584229,37831,37841,10
13.0153503418,80.2248001099,37841,37871,30
13.0153503418,80.2248001099,37871,37881,10
13.0154399872,80.2249298096,37881,37891,10
13.0155696869,80.2250366211,37891,37901,10
13.0159196854,80.2252807617,37901,37911,10
13.0165901184,80.2252731323,37911,37922,11
13.0174999237,80.2249298096,37922,37932,10
13.0183401108,80.2245788574,37932,37948,16
13.0194101334,80.224319458,37948,37961,13
13.0194301605,80.224319458,37961,37971,10
13.0195598602,80.2243728638,37971,37981,10
13.019780159,80.2245483398,37981,37991,10
13.0201797485,80.2248687744,37991,38001,10
13.0207195282,80.2252426147,38001,38010,9
13.0212097168,80.2256011963,38010,38022,12
13.0219802856,80.2261734009,38022,38041,19
13.0219802856,80.2261734009,38041,38052,11
13.0221395493,80.2262802124,38052,38062,10
13.0223903656,80.2265014648,38062,38072,10
13.0226402283,80.2267227173,38072,38113,41
13.0226402283,80.2267227173,38113,38123,10
13.023059845,80.227180481,38123,38143,20
13.023059845,80.227180481,38143,38153,10
13.023349762,80.2274398804,38153,38163,10
13.0236797333,80.2276992798,38163,38173,10
13.023850441,80.2278213501,38173,38183,10
13.0241203308,80.2281112671,38183,38193,10
13.0243196487,80.2283782959,38193,38203,10
13.0244998932,80.2285995483,38203,38214,11
13.0247602463,80.2289962769,38214,38224,10
13.0251398087,80.2295074463,38224,38234,10
13.025639534,80.2301635742,38234,38244,10
13.0257501602,80.2303466797,38244,38254,10
13.0258102417,80.2304382324,38254,38315,61
13.0258102417,80.2304382324,38315,38325,10
13.0259199142,80.2307510376,38325,38335,10
13.0260095596,80.2310714722,38335,38345,10
13.0261697769,80.2313232422,38345,38355,10
13.0267601013,80.2311782837,38355,38365,10
13.0275497437,80.2309799194,38365,38375,10
13.0285196304,80.2308502197,38375,38395,20
13.0285196304,80.2308502197,38395,38406,11
13.0289402008,80.2308120728,38406,38416,10
13.0294799805,80.2307815552,38416,38426,10
13.029999733,80.2307281494,38426,38436,10
13.0300102234,80.23072052,38436,38446,10
13.0302600861,80.2307128906,38446,38456,10
13.0305404663,80.2306976318,38456,38466,10
13.0310697556,80.2306518555,38466,38476,10
13.0313901901,80.2306213379,38476,38486,10
13.0320501328,80.2305679321,38486,38496,10
13.0327100754,80.2305221558,38496,38506,10
13.0334100723,80.2304763794,38506,38517,11
13.0340003967,80.2304229736,38517,38527,10
13.0343198776,80.2303924561,38527,38557,30
13.0343198776,80.2303924561,38557,38567,10
13.0345201492,80.2303771973,38567,38587,20
13.0345201492,80.2303771973,38587,38598,11
13.0348396301,80.2302780151,38598,38608,10
13.0350399017,80.2300720215,38608,38618,10
13.0350503922,80.2298812866,38618,38628,10
13.0347003937,80.2298126221,38628,38860,232
13.0347003937,80.2298126221,38860,38870,10
13.0343198776,80.2297592163,38870,38921,51
13.0342197418,80.230140686,38921,39012,91
13.0342197418,80.230140686,39012,39022,10
13.0338897705,80.23046875,39022,39032,10
13.0333900452,80.2304916382,39032,39042,10
13.0327701569,80.2305603027,39042,39052,10
13.0322599411,80.2306289673,39052,39062,10
13.0318002701,80.2306594849,39062,39072,10
13.0311098099,80.2307128906,39072,39082,10
13.0309200287,80.2307434082,39082,39093,11
13.0306196213,80.230758667,39093,39103,10
13.0300397873,80.230796814,39103,39113,10
13.0297803879,80.2308425903,39113,39123,10
13.0296802521,80.2308578491,39123,39133,10
13.0296602249,80.2308578491,39133,39143,10
13.0292396545,80.2309188843,39143,39153,10
13.0284996033,80.2310028076,39153,39169,16
13.027680397,80.2311325073,39169,39181,12
13.0277299881,80.2317428589,39181,39191,10
13.0277900696,80.2321395874,39191,39333,142
13.0277900696,80.2321395874,39333,39343,10
13.0278301239,80.232421875,39343,39353,10
13.027879715,80.2326507568,39353,39363,10
13.027759552,80.2328262329,39363,39373,10
13.0273704529,80.2328796387,39373,39383,10
13.0269203186,80.2329788208,39383,39394,11
13.026599884,80.2330322266,39394,39404,10
13.026309967,80.2327194214,39404,39414,10
13.0261802673,80.2322692871,39414,39424,10
13.0260801315,80.2318191528,39424,39434,10
13.0259599686,80.231300354,39434,39444,10
13.0256595612,80.23046875,39444,39454,10
13.0253400803,80.2299575806,39454,39464,10
13.0253295898,80.2299423218,39464,39474,10
13.025179863,80.2297592163,39474,39485,11
13.0249700546,80.2294998169,39485,39495,10
13.0248003006,80.2293167114,39495,39505,10
13.0246696472,80.2291564941,39505,39515,10
13.0243797302,80.228767395,39515,39525,10
13.0239801407,80.2282867432,39525,39535,10
13.0235099792,80.2277832031,39535,39545,10
13.023059845,80.2274780273,39545,39565,20
13.023059845,80.2274780273,39565,39575,10
13.0228796005,80.2273025513,39575,39586,11
13.0226402283,80.2270202637,39586,39596,10
13.0222396851,80.2265472412,39596,39606,10
13.0214996338,80.2259597778,39606,39616,10
13.0205802917,80.2253036499,39616,39626,10
13.0200395584,80.224937439,39626,39636,10
13.0200300217,80.224937439,39636,39646,10
13.0198097229,80.2247924805,39646,39656,10
13.0192804337,80.2245330811,39656,39666,10
13.0183801651,80.2246627808,39666,39676,10
13.0174198151,80.2250595093,39676,39687,11
13.0164604187,80.2254486084,39687,39697,10
13.0157403946,80.2257080078,39697,39707,10
13.0152597427,80.2259216309,39707,39717,10
13.0151700974,80.2259597778,39717,39727,10
13.0149698257,80.2260437012,39727,39737,10
13.0144195557,80.2262420654,39737,39747,10
13.0140399933,80.2264480591,39747,39757,10
13.0139598846,80.2264785767,39757,39767,10
13.0136203766,80.226600647,39767,39778,11
13.0131597519,80.2267227173,39778,39788,10
13.0124597549,80.2269821167,39788,39798,10
13.0116996765,80.2272567749,39798,39808,10
13.0108003616,80.2276000977,39808,39818,10
13.0099601746,80.2279129028,39818,39828,10
13.0094995499,80.2276535034,39828,39838,10
13.009759903,80.2270889282,39838,39848,10
13.0101203918,80.2262802124,39848,39858,10
13.0105495453,80.2253036499,39858,39868,10
13.010840416,80.2247009277,39868,39879,11
13.0111103058,80.2239990234,39879,39889,10
13.011349678,80.2233963013,39889,39899,10
13.0116300583,80.2227325439,39899,39909,10
13.0119304657,80.2218780518,39909,39919,10
13.012140274,80.221282959,39919,39929,10
13.0121002197,80.2208099365,39929,39939,10
13.0118198395,80.2199630737,39939,39949,10
13.0115003586,80.2189407349,39949,39959,10
13.0111999512,80.2180709839,39959,39969,10
13.0108699799,80.2174606323,39969,39980,11
13.0107498169,80.2171707153,39980,39990,10
13.0105199814,80.2165985107,39990,40000,10
13.0101003647,80.2158432007,40000,40010,10
13.0096502304,80.2149887085,40010,40020,10
13.0090799332,80.2142410278,40020,40030,10
13.0084400177,80.2134933472,40030,40050,20
13.0084400177,80.2134933472,40050,40060,10
13.0083904266,80.2134628296,40060,40070,10
13.0083198547,80.2134170532,40070,40081,11
13.008099556,80.2133102417,40081,40131,50
13.008099556,80.2133102417,40131,40141,10
13.0077695847,80.2130584717,40141,40151,10
13.007399559,80.2128601074,40151,40161,10
13.0066604614,80.2127838135,40161,40172,11
13.0058002472,80.2130203247,40172,40182,10
13.0050401688,80.212600708,40182,40192,10
13.0043096542,80.2122268677,40192,40202,10
13.0037403107,80.212020874,40202,40212,10
13.0036897659,80.211807251,40212,40222,10
13.0036802292,80.2116928101,40222,40232,10
13.0036296844,80.2112197876,40232,40242,10
13.0035800934,80.2106399536,40242,40252,10
13.0035104752,80.2100601196,40252,40262,10
13.003490448,80.2095184326,40262,40273,11
13.0033903122,80.2093276978,40273,40283,10
13.0030002594,80.2090988159,40283,40293,10
13.0022096634,80.2086715698,40293,40313,20
13.0022096634,80.2086715698,40313,40323,10
13.0019702911,80.2085494995,40323,40333,10
13.0014295578,80.2082672119,40333,40343,10
13.0007095337,80.2079162598,40343,40353,10
13.0001602173,80.2078018188,40353,40363,10
12.9996995926,80.2076797485,40363,40374,11
12.9991102219,80.2076034546,40374,40384,10
12.9986495972,80.2074813843,40384,40414,30
12.9986495972,80.2074813843,40414,40424,10
12.9983997345,80.2076034546,40424,40434,10
12.9983701706,80.2078781128,40434,40444,10
12.9982595444,80.2084121704,40444,40454,10
12.9982404709,80.2086410522,40454,40465,11
12.9982099533,80.2089920044,40465,40475,10
12.9979000092,80.2093582153,40475,40485,10
12.9976396561,80.2099609375,40485,40495,10
12.9974899292,80.2102203369,40495,40505,10
12.9972496033,80.2104721069,40505,40515,10
12.996919632,80.2104492188,40515,40525,10
12.9964799881,80.2104187012,40525,40535,10
12.9958496094,80.2103424072,40535,40545,10
12.9953899384,80.2102966309,40545,40555,10
12.994799614,80.2102432251,40555,40566,11
12.99421978,80.2101821899,40566,40576,10
12.9938001633,80.2101287842,40576,40586,10
12.9937200546,80.2101211548,40586,40596,10
12.9936199188,80.2102127075,40596,40606,10
12.9935703278,80.2103881836,40606,40616,10
12.993519783,80.2106018066,40616,40626,10
12.9934301376,80.2109985352,40626,40636,10
12.9933004379,80.2116088867,40636,40646,10
12.9931297302,80.2122802734,40646,40656,10
12.9929895401,80.212852478,40656,40667,11
12.9929704666,80.2129135132,40667,40677,10
12.9927997589,80.2130203247,40677,40687,10
12.9926795959,80.2130126953,40687,40697,10
12.9924602509,80.2129516602,40697,40707,10
12.9918003082,80.2127838135,40707,40717,10
12.9914798737,80.2126998901,40717,40727,10
12.991350174,80.2126693726,40727,40737,10
12.9910297394,80.2125701904,40737,40747,10
12.9905099869,80.2124404907,40747,40757,10
12.9899597168,80.2123413086,40757,40768,11
12.9898195267,80.2124023438,40768,40778,10
12.9897603989,80.2126693726,40778,40788,10
12.9896697998,80.2130584717,40788,40798,10
12.9895601273,80.2135162354,40798,40808,10
12.9894599915,80.2138977051,40808,40818,10
12.98939991,80.2141494751,40818,40828,10
12.9893102646,80.2145614624,40828,40838,10
12.9889802933,80.2150726318,40838,40848,10
12.9887399673,80.2154388428,40848,40859,11
12.9882001877,80.216178894,40859,40869,10
12.9879102707,80.2168197632,40869,40879,10
12.9876499176,80.2175521851,40879,40889,10
12.987449646,80.2181930542,40889,40909,20
12.987449646,80.2181930542,40909,40919,10
12.987159729,80.2183380127,40919,40929,10
12.9870796204,80.2183227539,40929,40939,10
12.9866199493,80.218170166,40939,40949,10
12.985710144,80.217956543,40949,40960,11
12.984459877,80.2179870605,40960,40970,10
12.9839801788,80.2180099487,40970,40980,10
12.9839200974,80.2180175781,40980,40990,10
12.9834403992,80.2180099487,40990,41000,10
12.9826202393,80.2180175781,41000,41010,10
12.981760025,80.2180709839,41010,41020,10
12.9809398651,80.2182693481,41020,41030,10
12.9801397324,80.218536377,41030,41040,10
12.9795303345,80.2188034058,41040,41050,10
12.9788703918,80.2190475464,41050,41061,11
12.9783000946,80.2192687988,41061,41077,16
12.9768295288,80.2198791504,41077,41089,12
12.9758796692,80.2202987671,41089,41129,40
12.9758796692,80.2202987671,41129,41139,10
12.9757995605,80.2202987671,41139,41149,10
12.9755897522,80.220451355,41149,41160,11
12.9757099152,80.2209396362,41160,41442,282
12.9757099152,80.2209396362,41442,41453,11
12.9759197235,80.2212905884,41453,41463,10
12.9761896133,80.2216720581,41463,41473,10
12.9766101837,80.2222976685,41473,41483,10
12.9769001007,80.2227096558,41483,41493,10
12.9770097733,80.2227783203,41493,41503,10
12.9774503708,80.2227325439,41503,41513,10
12.9775104523,80.2223968506,41513,41523,10
12.9774503708,80.2214202881,41523,41543,20
12.9774503708,80.2214202881,41543,41554,11
12.9771404266,80.2213134766,41554,41564,10
12.9765100479,80.2212982178,41564,41574,10
12.9760599136,80.2213287354,41574,41584,10
12.9755296707,80.2209396362,41584,41685,101
12.9755296707,80.2209396362,41685,41695,10
12.9753599167,80.2206726074,41695,41705,10
12.9755096436,80.2204589844,41705,41715,10
12.9758396149,80.2202529907,41715,41725,10
12.9764299393,80.2199783325,41725,41735,10
12.9772701263,80.2196426392,41735,41746,11
12.9782800674,80.2192230225,41746,41756,10
12.9787797928,80.219039917,41756,41766,10
12.9794397354,80.2187728882,41766,41776,10
12.9802398682,80.2184371948,41776,41786,10
12.9813098907,80.2180633545,41786,41796,10
12.9823198318,80.2179031372,41796,41806,10
12.9836397171,80.2178878784,41806,41826,20
12.9836397171,80.2178878784,41826,41836,10
12.983710289,80.217918396,41836,41847,11
12.9839801788,80.2179107666,41847,41857,10
12.9843997955,80.2179107666,41857,41867,10
12.9851999283,80.2179107666,41867,41877,10
12.9862604141,80.2180633545,41877,41887,10
12.9870996475,80.2182235718,41887,41897,10
12.9873399734,80.2182388306,41897,41907,10
12.987449646,80.2182235718,41907,41917,10
12.9875602722,80.2178726196,41917,41927,10
12.9877996445,80.2172012329,41927,41937,10
12.9879903793,80.2165985107,41937,41948,11
12.9884901047,80.2157974243,41948,41958,10
12.9889802933,80.2150192261,41958,41968,10
12.9893198013,80.2143478394,41968,41978,10
12.9895200729,80.2135925293,41978,41988,10
12.9895896912,80.2132720947,41988,41998,10
12.9897203445,80.212677002,41998,42008,10
12.9898195267,80.212310791,42008,42018,10
12.9901599884,80.2123336792,42018,42028,10
12.9908504486,80.2124862671,42028,42038,10
12.9916000366,80.212677002,42038,42059,21
12.9916000366,80.212677002,42059,42069,10
12.9918298721,80.2127380371,42069,42079,10
12.9924001694,80.212890625,42079,42089,10
12.9928798676,80.2130432129,42089,42099,10
12.9929103851,80.2129211426,42099,42109,10
12.9929504395,80.2128295898,42109,42119,10
12.9930000305,80.2126312256,42119,42129,10
12.9931201935,80.2121200562,42129,42140,11
12.9932699203,80.2114334106,42140,42150,10
12.993470192,80.2108612061,42150,42160,10
12.993519783,80.2105178833,42160,42169,9
12.9936304092,80.2101974487,42169,42180,11
12.9938097,80.2101364136,42180,42190,10
12.9938402176,80.2101211548,42190,42200,10
12.9941501617,80.2101516724,42200,42210,10
12.9944000244,80.2101593018,42210,42220,10
12.9946403503,80.2101821899,42220,42230,10
12.9948196411,80.2101974487,42230,42241,11
12.9952402115,80.2102432251,42241,42251,10
12.9955596924,80.2102584839,42251,42261,10
12.9958696365,80.2103118896,42261,42271,10
12.9963502884,80.210357666,42271,42281,10
12.9969797134,80.2104415894,42281,42291,10
12.9972896576,80.2104873657,42291,42301,10
12.9973497391,80.2104187012,42301,42311,10
12.997420311,80.2102432251,42311,42321,10
12.9975996017,80.2098464966,42321,42331,10
12.9979200363,80.2093276978,42331,42342,11
12.9981498718,80.2089004517,42342,42352,10
12.9981899261,80.2084121704,42352,42362,10
12.9983100891,80.2079162598,42362,42372,10
12.9983701706,80.2076263428,42372,42382,10
12.9984903336,80.2075119019,42382,42392,10
12.9986095428,80.2074966431,42392,42402,10
12.9990196228,80.2075576782,42402,42412,10
12.9991703033,80.2075805664,42412,42422,10
12.9994897842,80.2076263428,42422,42433,11
13.0002002716,80.2077636719,42433,42443,10
13.0007200241,80.207901001,42443,42453,10
13.0014400482,80.2082519531,42453,42463,10
13.0024204254,80.2087402344,42463,42473,10
13.0032997131,80.2092132568,42473,42483,10
13.0035200119,80.2093887329,42483,42493,10
13.0035295486,80.2097396851,42493,42503,10
13.0036001205,80.2101669312,42503,42513,10
13.0036897659,80.2108078003,42513,42523,10
13.0037603378,80.211227417,42523,42534,11
13.0037899017,80.211807251,42534,42544,10
13.0043001175,80.2121200562,42544,42554,10
13.0047998428,80.2123565674,42554,42564,10
13.0054397583,80.2127304077,42564,42574,10
13.0061597824,80.2127685547,42574,42584,10
13.0069704056,80.2127227783,42584,42594,10
13.0077695847,80.2129516602,42594,42635,41
13.0077695847,80.2129516602,42635,42645,10
13.008020401,80.213180542,42645,42655,10
13.0085296631,80.2134094238,42655,42665,10
13.009059906,80.2141265869,42665,42675,10
13.0095701218,80.2148666382,42675,42685,10
13.0099401474,80.2153167725,42685,42695,10
13.0103702545,80.215927124,42695,42705,10
13.0107297897,80.2166976929,42705,42715,10
13.0110797882,80.2174682617,42715,42725,10
13.0114297867,80.2184371948,42725,42735,10
13.0118503571,80.219543457,42735,42744,9
13.0120897293,80.2203598022,42744,42756,12
13.0124597549,80.2212905884,42756,42766,10
13.0127096176,80.2216796875,42766,42776,10
13.0129899979,80.2220611572,42776,42786,10
13.013469696,80.2226333618,42786,42796,10
13.0138196945,80.2230911255,42796,42806,10
13.013999939,80.2233200073,42806,42816,10
13.0141601563,80.2235031128,42816,42827,11
13.0144395828,80.223739624,42827,42837,10
13.0147104263,80.2241363525,42837,42847,10
13.0151996613,80.2247161865,42847,42867,20
13.0151996613,80.2247161865,42867,42877,10
13.0153598785,80.224899292,42877,42887,10
13.0155601501,80.2250213623,42887,42897,10
13.0159702301,80.2253265381,42897,42907,10
13.0165996552,80.2252807617,42907,42917,10
13.0173797607,80.2249832153,42917,42928,11
13.0183200836,80.2245864868,42928,42937,9
13.0189695358,80.2243804932,42937,42948,11
13.0195302963,80.2244186401,42948,42958,10
13.0198097229,80.224571228,42958,42968,10
13.0202102661,80.2248916626,42968,42978,10
13.0206203461,80.2251815796,42978,42988,10
13.0210199356,80.2254867554,42988,42998,10
13.0215997696,80.2259292603,42998,43008,10
13.0218095779,80.2260818481,43008,43018,10
13.0218801498,80.2261199951,43018,43029,11
13.0222997665,80.2264862061,43029,43039,10
13.022939682,80.2270584106,43039,43049,10
13.0235795975,80.2276611328,43049,43058,9
13.0241498947,80.228187561,43058,43079,21
13.0241498947,80.228187561,43079,43088,9
13.0242595673,80.2283401489,43088,43099,11
13.0244398117,80.2285995483,43099,43109,10
13.0246400833,80.2288970947,43109,43119,10
13.024889946,80.2292404175,43119,43130,11
13.0253200531,80.2297592163,43130,43140,10
13.0256595612,80.2302703857,43140,43150,10
13.0258703232,80.230682373,43150,43160,10
13.0259399414,80.2309188843,43160,43170,10
13.0259504318,80.2311477661,43170,43180,10
13.0261802673,80.2313232422,43180,43190,10
13.0268497467,80.2311401367,43190,43200,10
13.027759552,80.23097229,43200,43210,10
13.0283203125,80.2309036255,43210,43221,11
13.028380394,80.2309036255,43221,43231,10
13.0287599564,80.2308807373,43231,43241,10
13.0293397903,80.2308425903,43241,43251,10
13.0297803879,80.2307891846,43251,43261,10
13.03028965,80.2307510376,43261,43271,10
13.0308103561,80.2306976318,43271,43281,10
13.0312299728,80.2306671143,43281,43291,10
13.0318403244,80.2306213379,43291,43301,10
13.0326099396,80.2305603027,43301,43311,10
13.0332202911,80.2305297852,43311,43322,11
13.0335597992,80.2305297852,43322,43372,50
13.0335597992,80.2305297852,43372,43382,10
13.0339002609,80.2305297852,43382,43392,10
13.0342502594,80.2304534912,43392,43402,10
13.0347204208,80.2303237915,43402,43423,21
13.0347204208,80.2303237915,43423,43433,10
13.0349702835,80.23021698,43433,43443,10
13.0350599289,80.2301025391,43443,43453,10
13.0350999832,80.2299499512,43453,43463,10
13.0349502563,80.2298736572,43463,43473,10
13.0346698761,80.2298431396,43473,43483,10
13.0344600677,80.2298202515,43483,43514,31
13.0344600677,80.2298202515,43514,43524,10
13.0342798233,80.229927063,43524,43615,91
13.0342597961,80.2301330566,43615,43655,40
13.0342597961,80.2301330566,43655,43665,10
13.0341997147,80.2303314209,43665,43675,10
13.033780098,80.2304534912,43675,43695,20
13.033780098,80.2304534912,43695,43705,10
13.0335302353,80.23046875,43705,43716,11
13.033200264,80.2304992676,43716,43726,10
13.0328397751,80.2305603027,43726,43736,10
13.0323295593,80.2306213379,43736,43746,10
13.0318403244,80.2306365967,43746,43756,10
13.0313100815,80.2306671143,43756,43766,10
13.0308103561,80.23072052,43766,43776,10
13.0303001404,80.2307662964,43776,43786,10
13.0299901962,80.2308197021,43786,43796,10
13.0297803879,80.2308578491,43796,43807,11
13.0296802521,80.2308807373,43807,43817,10
13.0294303894,80.2309036255,43817,43827,10
13.0288295746,80.2309494019,43827,43837,10
13.0281095505,80.2310028076,43837,43847,10
13.0277004242,80.2310409546,43847,43857,10
13.0276699066,80.2315826416,43857,43867,10
13.0277500153,80.2321472168,43867,43877,10
13.0278396606,80.2327575684,43877,43887,10
13.0273799896,80.2329025269,43887,43897,10
13.0270395279,80.2329177856,43897,43908,11
13.0270500183,80.2329330444,43908,43918,10
13.0269498825,80.2329788208,43918,43928,10
13.0266199112,80.233001709,43928,43938,10
13.0263299942,80.2326812744,43938,43948,10
13.026140213,80.2320404053,43948,43958,10
13.0260095596,80.2314376831,43958,43968,10
13.0257902145,80.2306976318,43968,43978,10
13.0253801346,80.2300033569,43978,43988,10
13.0246801376,80.229133606,43988,44009,21
13.0246801376,80.229133606,44009,44019,10
13.0243597031,80.2286987305,44019,44039,20
13.0243597031,80.2286987305,44039,44049,10
13.0240898132,80.2284088135,44049,44059,10
13.0236797333,80.2279281616,44059,44069,10
13.0229997635,80.2273788452,44069,44099,30
13.0229997635,80.2273788452,44099,44110,11
13.0226802826,80.2271499634,44110,44126,16
13.0221700668,80.2265319824,44126,44138,12
13.0213603973,80.2258605957,44138,44148,10
13.0207700729,80.225402832,44148,44158,10
13.020190239,80.2250595093,44158,44168,10
13.0197296143,80.2247390747,44168,44178,10
13.019080162,80.2245330811,44178,44188,10
13.0181398392,80.2248077393,44188,44198,10
13.0171499252,80.2252120972,44198,44209,11
13.0164604187,80.225479126,44209,44219,10
13.0160398483,80.2256164551,44219,44229,10
13.0154800415,80.2257995605,44229,44239,10
13.0147600174,80.2261123657,44239,44249,10
13.0140695572,80.2264633179,44249,44269,20
13.0140695572,80.2264633179,44269,44279,10
13.0138196945,80.2264785767,44279,44289,10
13.0134601593,80.2265777588,44289,44300,11
13.0127897263,80.2268218994,44300,44310,10
13.0119304657,80.2271499634,44310,44320,10
13.0108804703,80.2275390625,44320,44330,10
13.009929657,80.2279129028,44330,44340,10
13.0095300674,80.2276000977,44340,44350,10
13.0097799301,80.2269821167,44350,44360,10
13.0101699829,80.2261428833,44360,44370,10
13.0104799271,80.2254562378,44370,44380,10
13.0105199814,80.2253799438,44380,44390,10
13.0106201172,80.2251968384,44390,44401,11
13.0108003616,80.2247161865,44401,44411,10
13.0110197067,80.2240829468,44411,44421,10
13.011300087,80.2233200073,44421,44431,10
13.0116596222,80.2224273682,44431,44441,10
13.0120601654,80.2214126587,44441,44451,10
13.0120296478,80.2205505371,44451,44461,10
13.0117301941,80.219581604,44461,44471,10
13.0114297867,80.2186203003,44471,44481,10
13.0110702515,80.2176971436,44481,44491,10
13.0106801987,80.2168121338,44491,44502,11
13.0102500916,80.2160568237,44502,44512,10
13.0099000931,80.2153167725,44512,44522,10
13.0094804764,80.2147216797,44522,44538,16
13.0086803436,80.2136611938,44538,44550,12
13.0080699921,80.2132797241,44550,44570,20
13.0080699921,80.2132797241,44570,44580,10
13.0079097748,80.2131729126,44580,44590,10
13.0077695847,80.2130508423,44590,44599,9
13.007399559,80.2128829956,44599,44613,14
13.0068397522,80.2127914429,44613,44623,10
13.0064096451,80.2128219604,44623,44633,10
13.0057601929,80.2130126953,44633,44643,10
13.0049800873,80.2125320435,44643,44653,10
13.0041303635,80.2121582031,44653,44663,10
13.0036697388,80.212097168,44663,44673,10
13.003370285,80.2121200562,44673,44683,10
13.0031700134,80.212097168,44683,44707,24
13.002409935,80.2122116089,44707,44719,12
13.0020198822,80.2124328613,44719,44729,10
13.0015497208,80.2127914429,44729,44737,8
13.001159668,80.2130584717,44737,44752,15
13.0008296967,80.2133712769,44752,44762,10
13.0003595352,80.2137832642,44762,44772,10
12.9998598099,80.2141876221,44772,44782,10
12.999420166,80.2145767212,44782,44792,10
12.9990901947,80.2148590088,44792,44803,11
12.9986000061,80.2152481079,44803,44813,10
12.9979801178,80.2157363892,44813,44822,9
12.9975795746,80.2161178589,44822,44834,12
12.9975700378,80.2161483765,44834,44848,14
12.9973096848,80.2164764404,44848,44860,12
12.9971599579,80.2165679932,44860,44871,11
12.9965295792,80.2165908813,44871,44883,12
12.9956502914,80.2167816162,44883,44893,10
12.994890213,80.2172012329,44893,44904,11
12.9941396713,80.2177581787,44904,44914,10
12.9935998917,80.2181396484,44914,44924,10
12.9929103851,80.2186126709,44924,44934,10
12.9921398163,80.2192001343,44934,44944,10
12.9915599823,80.2196426392,44944,44954,10
12.9910202026,80.2200622559,44954,44964,10
12.990819931,80.2201919556,44964,44972,8
12.9907598495,80.220199585,44972,44984,12
12.99036026,80.2205276489,44984,44994,10
12.9897203445,80.2210922241,44994,45005,11
12.9893198013,80.2216033936,45005,45015,10
12.9891500473,80.2218399048,45015,45025,10
12.9888095856,80.2222366333,45025,45035,10
12.9882097244,80.2227935791,45035,45045,10
12.9876899719,80.2230987549,45045,45055,10
12.987660408,80.2231063843,45055,45064,9
12.9874801636,80.2231063843,45064,45075,11
12.9868898392,80.2230224609,45075,45085,10
12.9865503311,80.2229690552,45085,45096,11
12.986240387,80.2229690552,45096,45105,9
12.9858999252,80.2230072021,45105,45116,11
12.9853897095,80.2232971191,45116,45126,10
12.9848804474,80.22315979,45126,45136,10
12.9844503403,80.2229385376,45136,45146,10
12.9841604233,80.2227783203,45146,45156,10
12.9835996628,80.222442627,45156,45166,10
12.9832496643,80.2222213745,45166,45176,10
12.9832401276,80.2222213745,45176,45187,11
12.9828996658,80.2220230103,45187,45197,10
12.982460022,80.221862793,45197,45207,10
12.9819602966,80.2216415405,45207,45217,10
12.9817399979,80.2214736938,45217,45227,10
12.9810400009,80.2211914063,45227,45235,8
12.9804801941,80.2211608887,45235,45247,12
12.9796800613,80.2211608887,45247,45257,10
12.9790000916,80.2211990356,45257,45267,10
12.9782896042,80.2211837769,45267,45277,10
12.9775695801,80.2212371826,45277,45288,11
12.9766902924,80.2212600708,45288,45298,10
12.9761695862,80.2213363647,45298,45308,10
12.9763498306,80.2217636108,45308,45328,20
12.9763498306,80.2217636108,45328,45338,10
12.9764604568,80.2220077515,45338,45348,10
12.9766902924,80.2224197388,45348,45358,10
12.976940155,80.2227478027,45358,45368,10
12.977230072,80.2232589722,45368,45379,11
12.9777202606,80.224029541,45379,45389,10
12.9780797958,80.2245788574,45389,45399,10
12.9783296585,80.2250213623,45399,45409,10
12.9785804749,80.2253799438,45409,45419,10
12.9785995483,80.2254180908,45419,45429,10
12.9787902832,80.2257537842,45429,45439,10
12.9790496826,80.2261810303,45439,45455,16
12.979640007,80.2271575928,45455,45467,12
12.9801597595,80.2280197144,45467,45476,9
12.9804897308,80.2286224365,45476,45488,12
12.9808301926,80.2291488647,45488,45498,10
12.9810304642,80.2294998169,45498,45508,10
12.9813995361,80.2300796509,45508,45518,10
12.981710434,80.2305297852,45518,45528,10
12.9817199707,80.2305374146,45528,45537,9
12.9817695618,80.2306213379,45537,45548,11
12.9819602966,80.2311325073,45548,45557,9
12.982049942,80.2317810059,45557,45567,10
12.9820299149,80.2324295044,45567,45578,11
12.9818296432,80.2330780029,45578,45589,11
12.9816398621,80.2334976196,45589,45599,10
12.9816198349,80.233543396,45599,45609,10
12.9815998077,80.2335891724,45609,45619,10
12.9813995361,80.2339401245,45619,45629,10
12.9812498093,80.2343521118,45629,45639,10
12.9812202454,80.2350311279,45639,45649,10
12.9812297821,80.235748291,45649,45659,10
12.9812498093,80.2365570068,45659,45669,10
12.9812698364,80.2374725342,45669,45680,11
12.981300354,80.2381362915,45680,45690,10
12.9813098907,80.238571167,45690,45700,10
12.9813098907,80.2386779785,45700,45710,10
12.9813203812,80.2391433716,45710,45720,10
12.9813299179,80.2396316528,45720,45730,10
12.9813404083,80.2401885986,45730,45740,10
12.9813404083,80.2408370972,45740,45750,10
12.9813699722,80.2416992188,45750,45760,10
12.9813699722,80.2422180176,45760,45771,11
12.9813499451,80.2427215576,45771,45791,20
12.9813499451,80.2427215576,45791,45801,10
12.9813404083,80.2429504395,45801,45811,10
12.9813404083,80.2434616089,45811,45821,10
12.9812202454,80.2442474365,45821,45831,10
12.9811000824,80.2452774048,45831,45841,10
12.9809598923,80.246421814,45841,45851,10
12.9808502197,80.2477035522,45851,45861,10
12.9807500839,80.2490615845,45861,45872,11
12.9805498123,80.2503204346,45872,45882,10
12.9802703857,80.251373291,45882,45892,10
12.9801197052,80.2520904541,45892,45902,10
12.980099678,80.2522201538,45902,45912,10
12.9800796509,80.252281189,45912,45922,10
12.9801397324,80.2525100708,45922,45932,10
12.980509758,80.2526092529,45932,45942,10
12.9812202454,80.2525787354,45942,45952,10
12.982219696,80.2525634766,45952,45962,10
12.9833698273,80.252456665,45962,45973,11
12.9844703674,80.2522125244,45973,45983,10
12.9855298996,80.2519073486,45983,45993,10
12.986530304,80.2516479492,45993,46094,101
12.986530304,80.2516479492,46094,46104,10
12.9866199493,80.2516174316,46104,46114,10
12.986989975,80.2515182495,46114,46124,10
12.9874696732,80.2513580322,46124,46134,10
12.9879102707,80.2515563965,46134,46144,10
12.9880199432,80.2521896362,46144,46154,10
12.9879703522,80.2528610229,46154,46165,11
12.9879198074,80.2535324097,46165,46175,10
12.987859726,80.2540893555,46175,46185,10
12.987859726,80.2541275024,46185,46195,10
12.9878501892,80.2544174194,46195,46205,10
12.987739563,80.2549514771,46205,46215,10
12.9876804352,80.2552566528,46215,46225,10
12.9876298904,80.2557601929,46225,46235,10
12.987569809,80.2562484741,46235,46245,10
12.9875898361,80.2563171387,46245,46255,10
12.9875402451,80.2567214966,46255,46266,11
12.9874401093,80.257232666,46266,46276,10
12.9874000549,80.2580795288,46276,46286,10
12.9871997833,80.2584915161,46286,46316,30
12.9871997833,80.2584915161,46316,46326,10
12.987159729,80.2585296631,46326,46336,10
12.9868803024,80.2585678101,46336,46649,313
12.9868803024,80.2585678101,46649,46660,11
12.9868402481,80.2587814331,46660,46670,10
12.986700058,80.2588500977,46670,47074,404
12.9865999222,80.2586517334,47074,48680,1606
12.9867296219,80.2588272095,48680,48983,303
12.9867296219,80.2588272095,48983,48993,10
12.9867801666,80.2590026855,48993,49266,273
12.9871196747,80.2591323853,49266,49327,61
12.9871196747,80.2591323853,49327,49337,10
12.9872999191,80.2590866089,49337,49347,10
12.9873399734,80.2588729858,49347,49357,10
12.9873399734,80.2587890625,49357,49367,10
12.9873504639,80.2585525513,49367,49377,10
12.9873800278,80.2582702637,49377,49387,10
12.9873895645,80.2579574585,49387,49397,10
12.9874296188,80.2573623657,49397,49408,11
12.9874696732,80.2566680908,49408,49418,10
12.9875297546,80.2559814453,49418,49428,10
12.9875497818,80.2558517456,49428,49438,10
12.9876499176,80.2555389404,49438,49448,10
12.9876899719,80.2550506592,49448,49458,10
12.9877004623,80.254989624,49458,49468,10
12.9877099991,80.2549285889,49468,49478,10
12.987739563,80.254447937,49478,49488,10
12.9877996445,80.2537002563,49488,49498,10
12.9878396988,80.2530975342,49498,49509,11
12.9878196716,80.2519226074,49509,49610,101
12.9878196716,80.2519226074,49610,49620,10
12.9877796173,80.2518463135,49620,49630,10
12.9875402451,80.2516021729,49630,49640,10
12.9869003296,80.2516784668,49640,49650,10
12.9860696793,80.2518920898,49650,49660,10
12.9850301743,80.2521362305,49660,49670,10
12.9837903976,80.2524795532,49670,49680,10
12.9825401306,80.2526779175,49680,49690,10
12.9813098907,80.2526931763,49690,49700,10
12.9799499512,80.2527389526,49700,49731,31
12.9799499512,80.2527389526,49731,49741,10
12.9799003601,80.252281189,49741,49761,20
12.9799003601,80.252281189,49761,49771,10
12.9799604416,80.2521972656,49771,49781,10
12.9799995422,80.251953125,49781,49791,10
12.9801397324,80.2515106201,49791,49801,10
12.9803600311,80.2507629395,49801,49812,11
12.9806203842,80.2497406006,49812,49822,10
12.9807300568,80.2486724854,49822,49832,10
12.9808197021,80.2474594116,49832,49842,10
12.9809398651,80.2462081909,49842,49852,10
12.9810800552,80.2449798584,49852,49862,10
12.9811601639,80.2441482544,49862,49872,10
12.981180191,80.243927002,49872,49882,10
12.9811897278,80.243812561,49882,49892,10
12.9812602997,80.2436828613,49892,49903,11
12.9813404083,80.2433700562,49903,49913,10
12.9813299179,80.2429275513,49913,49933,20
12.9813299179,80.2429275513,49933,49943,10
12.9813299179,80.2428512573,49943,49953,10
12.9813499451,80.2423934937,49953,49963,10
12.9813299179,80.241897583,49963,49973,10
12.9813203812,80.2416305542,49973,49983,10
12.9813203812,80.2412719727,49983,49993,10
12.9813203812,80.2409362793,49993,50004,11
12.9813203812,80.2404632568,50004,50014,10
12.981300354,80.2398376465,50014,50024,10
12.981300354,80.2396392822,50024,50034,10
12.9812898636,80.2393112183,50034,50044,10
12.9812698364,80.2386398315,50044,50054,10
12.9812498093,80.2380065918,50054,50064,10
12.9812498093,80.2379989624,50064,50074,10
12.9812602997,80.2377090454,50074,50084,10
12.9812402725,80.2370834351,50084,50094,10
12.9812202454,80.2363586426,50094,50111,17
12.981180191,80.2350387573,50111,50123,12
12.9812602997,80.2341766357,50123,50133,10
12.9814395905,80.2337265015,50133,50142,9
12.9816102982,80.2333984375,50142,50154,12
12.9816398621,80.2333374023,50154,50164,10
12.9817800522,80.2330474854,50164,50173,9
12.9819297791,80.2326431274,50173,50183,10
12.9819698334,80.2321166992,50183,50194,11
12.9819602966,80.2315826416,50194,50205,11
12.9818401337,80.2310791016,50205,50215,10
12.9816102982,80.2305831909,50215,50225,10
12.9812002182,80.2299194336,50225,50235,10
12.9808502197,80.2293167114,50235,50245,10
12.9806404114,80.2290420532,50245,50255,10
12.9806203842,80.2289962769,50255,50265,10
12.980509758,80.2287902832,50265,50275,10
12.9802999496,80.2283630371,50275,50285,10
12.9799900055,80.2278137207,50285,50295,10
12.9795598984,80.2271118164,50295,50306,11
12.9791498184,80.2264328003,50306,50316,10
12.9787197113,80.2257232666,50316,50326,10
12.9783697128,80.2251281738,50326,50335,9
12.9780197144,80.2246170044,50335,50346,11
12.9777002335,80.2241516113,50346,50356,10
12.9773597717,80.2235794067,50356,50366,10
12.9769802094,80.2229232788,50366,50376,10
12.9767398834,80.2225570679,50376,50386,10
12.9762496948,80.2217636108,50386,50417,31
12.9762496948,80.2217636108,50417,50426,9
12.9760198593,80.2214202881,50426,50437,11
12.9757795334,80.2211608887,50437,50447,10
12.9757604599,80.2211532593,50447,50457,10
12.9757099152,80.2210769653,50457,50467,10
12.9754104614,80.2208023071,50467,50487,20
12.9754104614,80.2208023071,50487,50498,11
12.9753103256,80.2206726074,50498,50508,10
12.975399971,80.2204818726,50508,50518,10
12.975569725,80.2203216553,50518,50528,10
12.9758501053,80.2201766968,50528,50538,10
12.9764404297,80.2198867798,50538,50548,10
12.9771900177,80.2195892334,50548,50558,10
12.9780797958,80.2192077637,50558,50568,10
12.9786195755,80.2190170288,50568,50578,10
12.9792900085,80.2187728882,50578,50588,10
12.9799203873,80.2184906006,50588,50599,11
12.9803600311,80.2183227539,50599,50609,10
12.9809503555,80.2181167603,50609,50619,10
12.9818401337,80.217880249,50619,50629,10
12.9825601578,80.2178573608,50629,50639,10
12.9833698273,80.2178268433,50639,50649,10
12.9837703705,80.2178268433,50649,50659,10
12.9839801788,80.2178573608,50659,50669,10
12.9845104218,80.2178573608,50669,50679,10
12.9853096008,80.2178497314,50679,50690,11
12.9863595963,80.2180175781,50690,50700,10
12.9871997833,80.2181930542,50700,50710,10
12.9874000549,80.218208313,50710,50720,10
12.9875001907,80.2181015015,50720,50730,10
12.987660408,80.2175598145,50730,50740,10
12.9879302979,80.216796875,50740,50750,10
12.9882602692,80.2161026001,50750,50760,10
12.9884595871,80.2157974243,50760,50770,10
12.9887104034,80.2154388428,50770,50780,10
12.9888896942,80.2151489258,50780,50791,11
12.9890298843,80.2149505615,50791,50801,10
12.9890403748,80.2149200439,50801,50811,10
12.9892101288,80.2146835327,50811,50821,10
12.9896802902,80.2147598267,50821,50831,10
12.9903497696,80.2147827148,50831,50841,10
12.9908895493,80.2142562866,50841,50851,10
12.991060257,80.2136535645,50851,50861,10
12.9912004471,80.2131118774,50861,50871,10
12.9912796021,80.212852478,50871,50881,10
12.9912996292,80.2127380371,50881,50892,11
12.9914197922,80.2126235962,50892,50902,10
12.9917097092,80.2126922607,50902,50932,30
12.9917097092,80.2126922607,50932,50942,10
12.9920101166,80.2127838135,50942,50962,20
12.9920101166,80.2127838135,50962,50972,10
12.992190361,80.212852478,50972,50982,10
12.9922800064,80.2128677368,50982,50993,11
12.9926996231,80.2129821777,50993,51003,10
12.9928998947,80.2129364014,51003,51013,10
12.9930095673,80.2124710083,51013,51023,10
12.993180275,80.2118606567,51023,51033,10
12.9933204651,80.21118927,51033,51043,10
12.9934196472,80.2107696533,51043,51053,10
12.9935102463,80.2103805542,51053,51063,10
12.9936800003,80.2100906372,51063,51073,10
12.9937601089,80.2100982666,51073,51084,11
12.9938201904,80.2100906372,51084,51094,10
12.9940900803,80.2100982666,51094,51104,10
12.9944601059,80.2101364136,51104,51114,10
12.994799614,80.2101821899,51114,51124,10
12.9951496124,80.2102203369,51124,51134,10
12.9956302643,80.2102584839,51134,51144,10
12.9961204529,80.210319519,51144,51154,10
12.9964799881,80.2103881836,51154,51164,10
12.9972496033,80.2104797363,51164,51185,21
12.9972496033,80.2104797363,51185,51195,10
12.9974002838,80.2102203369,51195,51205,10
12.9975299835,80.2099380493,51205,51215,10
12.9977197647,80.2095108032,51215,51225,10
12.9980697632,80.2090988159,51225,51235,10
12.9981603622,80.2086410522,51235,51245,10
12.9982595444,80.2080993652,51245,51255,10
12.9983501434,80.2076263428,51255,51265,10
12.9985704422,80.2074203491,51265,51286,21
12.9985704422,80.2074203491,51286,51296,10
12.9988298416,80.2074584961,51296,51306,10
12.9991197586,80.2075195313,51306,51316,10
12.9994897842,80.2076034546,51316,51326,10
12.9999399185,80.2076873779,51326,51336,10
13.0004796982,80.2077865601,51336,51346,10
13.0008296967,80.2079391479,51346,51356,10
13.0009403229,80.2079772949,51356,51366,10
13.0014400482,80.2082214355,51366,51376,10
13.0020704269,80.2085494995,51376,51387,11
13.0027799606,80.2089309692,51387,51397,10
13.0033597946,80.2092437744,51397,51407,10
13.0034799576,80.2096176147,51407,51417,10
13.0035600662,80.2099304199,51417,51427,10
13.0036497116,80.2104873657,51427,51437,10
13.0037403107,80.2112808228,51437,51447,10
13.0038995743,80.2119598389,51447,51457,10
13.0040998459,80.212020874,51457,51467,10
13.0042695999,80.212097168,51467,51478,11
13.00481987,80.2123565674,51478,51488,10
13.005399704,80.2127075195,51488,51498,10
13.0060901642,80.2128067017,51498,51508,10
13.0067996979,80.2127227783,51508,51518,10
13.007349968,80.2127914429,51518,51528,10
13.0078697205,80.2130432129,51528,51548,20
13.0078697205,80.2130432129,51548,51558,10
13.0080404282,80.213142395,51558,51568,10
13.0085601807,80.2133789063,51568,51579,11
13.0091199875,80.2141494751,51579,51589,10
13.0095996857,80.2148590088,51589,51599,10
13.0099897385,80.21534729,51599,51609,10
13.0105199814,80.2159881592,51609,51619,10
13.010840416,80.2168426514,51619,51629,10
13.0111904144,80.2176971436,51629,51639,10
13.0115404129,80.2186813354,51639,51649,10
13.0119304657,80.2197799683,51649,51659,10
13.012169838,80.2205581665,51659,51669,10
13.0122203827,80.2206878662,51669,51680,11
13.0124197006,80.2211685181,51680,51690,10
13.0128297806,80.221786499,51690,51699,9
13.0133199692,80.2223892212,51699,51710,11
13.0138597488,80.2231063843,51710,51720,10
13.0142002106,80.2235183716,51720,51730,10
13.0145702362,80.2239837646,51730,51740,10
13.0154695511,80.2248687744,51740,51760,20
13.0154695511,80.2248687744,51760,51770,10
13.0156402588,80.2250976563,51770,51781,11
13.0162696838,80.2253189087,51781,51791,10
13.017080307,80.2250671387,51791,51801,10
13.0179796219,80.2247314453,51801,51811,10
13.0188703537,80.2244033813,51811,51821,10
13.0195398331,80.2244186401,51821,51831,10
13.0199699402,80.2246780396,51831,51841,10
13.0205001831,80.2250900269,51841,51851,10
13.0210695267,80.2255172729,51851,51861,10
13.0218801498,80.2261276245,51861,51882,21
13.0218801498,80.2261276245,51882,51892,10
13.0221099854,80.2262878418,51892,51902,10
13.0225601196,80.2266693115,51902,51912,10
13.0231304169,80.2272033691,51912,51922,10
13.0237798691,80.2277984619,51922,51932,10
13.0243301392,80.2283782959,51932,51952,20
13.0243301392,80.2283782959,51952,51962,10
13.0244197845,80.2285003662,51962,51973,11
13.0247297287,80.2289581299,51973,51983,10
13.0251398087,80.2294998169,51983,51993,10
13.0256004333,80.2301177979,51993,52003,10
13.0258798599,80.230682373,52003,52013,10
13.0259799957,80.231010437,52013,52023,10
13.0261201859,80.2313079834,52023,52033,10
13.0266599655,80.2311935425,52033,52043,10
13.0274200439,80.2310028076,52043,52053,10
13.0280704498,80.2309188843,52053,52063,10
13.0282897949,80.2308883667,52063,52073,10
13.0285301208,80.2308807373,52073,52084,11
13.0288896561,80.2308273315,52084,52104,20
13.0288896561,80.2308273315,52104,52114,10
13.0292701721,80.230796814,52114,52124,10
13.0297498703,80.2307510376,52124,52134,10
13.0306196213,80.2306900024,52134,52144,10
13.0306196213,80.2306900024,52144,52154,10
13.0311403275,80.2306518555,52154,52165,11
13.0318002701,80.2305984497,52165,52175,10
13.0325603485,80.2305374146,52175,52185,10
13.0331602097,80.2305221558,52185,52195,10
13.0335197449,80.2305297852,52195,52205,10
13.0339403152,80.23046875,52205,52216,11
13.0348796844,80.230178833,52216,52289,73
13.0348796844,80.230178833,52289,52299,10
13.0350599289,80.2297821045,52299,52400,101
13.0346899033,80.2297973633,52400,52440,40
13.0345201492,80.2298126221,52440,52703,263
13.0345201492,80.2298126221,52703,52713,10
13.0342197418,80.2299804688,52713,52885,172
13.0342197418,80.2299804688,52885,52895,10
13.0341701508,80.2304077148,52895,52905,10
13.0338001251,80.2304534912,52905,52915,10
13.0331802368,80.2304992676,52915,52925,10
13.032500267,80.2305679321,52925,52935,10
13.0317602158,80.2306594849,52935,52945,10
13.0309495926,80.2307434082,52945,52955,10
13.0305700302,80.2307662964,52955,52966,11
13.0299596786,80.2308273315,52966,52976,10
13.029800415,80.2308425903,52976,52986,10
13.0297298431,80.2308425903,52986,52996,10
13.0293197632,80.2308883667,52996,53006,10
13.028550148,80.2309799194,53006,53016,10
13.0277900696,80.2310409546,53016,53026,10
13.0276403427,80.2313079834,53026,53036,10
13.0277004242,80.231842041,53036,53046,10
13.0278100967,80.2324523926,53046,53057,11
13.0276498795,80.2328033447,53057,53067,10
13.0268096924,80.2329864502,53067,53137,70
13.0268096924,80.2329864502,53137,53148,11
13.0266599655,80.233001709,53148,53158,10
13.0263595581,80.2329101563,53158,53168,10
13.0262002945,80.2323608398,53168,53178,10
13.0260696411,80.2318191528,53178,53188,10
13.0259399414,80.231300354,53188,53197,9
13.0257501602,80.2306213379,53197,53208,11
13.025270462,80.2297973633,53208,53218,10
13.0245599747,80.2289123535,53218,53228,10
13.0240497589,80.2283401489,53228,53238,10
13.0235500336,80.2277526855,53238,53249,11
13.0230302811,80.2274093628,53249,53269,20
13.0230302811,80.2274093628,53269,53279,10
13.0229301453,80.2274093628,53279,53289,10
13.0226297379,80.227142334,53289,53299,10
13.0224399567,80.2267913818,53299,53315,16
13.0215797424,80.226020813,53315,53327,12
13.0207395554,80.2253799438,53327,53335,8
13.0202102661,80.2250213623,53335,53346,11
13.019490242,80.2245407104,53346,53357,11
13.0184497833,80.224609375,53357,53369,12
13.0171203613,80.2251586914,53369,53379,10
13.0161800385,80.2255172729,53379,53389,10
13.0149497986,80.226020813,53389,53409,20
13.0149497986,80.226020813,53409,53419,10
13.0142803192,80.2262878418,53419,53440,21
13.0142803192,80.2262878418,53440,53451,11
13.0139904022,80.2264175415,53451,53461,10
13.0133104324,80.2266311646,53461,53471,10
13.0124197006,80.2269515991,53471,53481,10
13.0113697052,80.2273635864,53481,53491,10
13.0103397369,80.2277832031,53491,53501,10
13.0095100403,80.2277297974,53501,53511,10
13.0097904205,80.2269363403,53511,53521,10
13.0101995468,80.2260437012,53521,53531,10
13.0106601715,80.2249984741,53531,53542,11
13.0111198425,80.2239608765,53542,53552,10
13.0114202499,80.2231369019,53552,53562,10
13.0117998123,80.2222366333,53562,53572,10
13.0120801926,80.2214584351,53572,53582,10
13.012169838,80.221031189,53582,53592,10
13.0119600296,80.2203216553,53592,53602,10
13.0116796494,80.2194213867,53602,53612,10
13.0113601685,80.218460083,53612,53622,10
13.0109901428,80.2174682617,53622,53632,10
13.0105800629,80.2165985107,53632,53643,11
13.0101099014,80.2157669067,53643,53653,10
13.0096197128,80.2148895264,53653,53663,10
13.0089797974,80.2140579224,53663,53673,10
13.0083999634,80.213432312,53673,53723,50
13.0083999634,80.213432312,53723,53734,11
13.0081796646,80.2133102417,53734,53744,10
13.0081396103,80.2133026123,53744,53754,10
13.0079698563,80.2132034302,53754,53774,20
13.0079698563,80.2132034302,53774,53784,10
13.0078001022,80.2130584717,53784,53794,10
13.0073699951,80.2128067017,53794,53804,10
13.0066604614,80.2127380371,53804,53814,10
13.0059404373,80.2129974365,53814,53824,10
13.0052499771,80.2126922607,53824,53834,10
13.00440979,80.2122192383,53834,53845,11
13.0037002563,80.2119293213,53845,53855,10
13.0036697388,80.2117080688,53855,53865,10
13.003660202,80.211517334,53865,53875,10
13.0036096573,80.2109603882,53875,53885,10
13.0035104752,80.210319519,53885,53895,10
13.0034799576,80.2096481323,53895,53905,10
13.0034503937,80.209312439,53905,53915,10
13.0030403137,80.2090911865,53915,53925,10
13.0023202896,80.2087020874,53925,53936,11
13.0014400482,80.2082519531,53936,53946,10
13.0007295609,80.207901001,53946,53956,10
13.0000200272,80.2077178955,53956,53966,10
12.9994897842,80.2076034546,53966,53976,10
12.9991197586,80.2075195313,53976,53986,10
12.998840332,80.2074584961,53986,53996,10
12.9983797073,80.2075500488,53996,54016,20
12.9983797073,80.2075500488,54016,54026,10
12.9983596802,80.2077178955,54026,54037,11
12.998290062,80.2081298828,54037,54047,10
12.9982004166,80.2086486816,54047,54057,10
12.9981403351,80.2089767456,54057,54067,10
12.9978704453,80.2093429565,54067,54077,10
12.9976797104,80.2096786499,54077,54087,10
12.9975795746,80.2098922729,54087,54097,10
12.9974403381,80.2101974487,54097,54148,51
12.9974403381,80.2101974487,54148,54158,10
12.9973096848,80.2105407715,54158,54168,10
12.9969501495,80.2104797363,54168,54178,10
12.9964199066,80.2104110718,54178,54188,10
12.9957799911,80.2103271484,54188,54198,10
12.9953403473,80.2102890015,54198,54208,10
12.9948301315,80.2102432251,54208,54218,10
12.9943399429,80.2101669312,54218,54229,11
12.9935998917,80.2102737427,54229,54259,30
12.9935102463,80.2102813721,54259,54279,20
12.9935102463,80.2102813721,54279,54289,10
12.9935102463,80.2106170654,54289,54299,10
12.9933595657,80.2111816406,54299,54309,10
12.993180275,80.2118682861,54309,54319,10
12.9930801392,80.2123718262,54319,54330,11
12.9928998947,80.2129592896,54330,54340,10
12.9928798676,80.2129821777,54340,54350,10
12.9926595688,80.2129211426,54350,54360,10
12.992099762,80.2127990723,54360,54370,10
12.9916601181,80.2126617432,54370,54380,10
12.9913196564,80.2127227783,54380,54390,10
12.9912996292,80.2128219604,54390,54400,10
12.9912796021,80.212928772,54400,54410,10
12.9911603928,80.2133102417,54410,54420,10
12.9910402298,80.2136611938,54420,54431,11
12.9908800125,80.2142868042,54431,54441,10
12.9907999039,80.2144088745,54441,54451,10
12.9905996323,80.2146530151,54451,54461,10
12.9900398254,80.2148590088,54461,54471,10
12.9893903732,80.2146911621,54471,54481,10
12.989279747,80.2146682739,54481,54491,10
12.989109993,80.2148895264,54491,54501,10
12.9887895584,80.2153396606,54501,54511,10
12.9883003235,80.2160186768,54511,54522,11
12.987830162,80.2170333862,54522,54532,10
12.9875402451,80.2178573608,54532,54542,10
12.9874095917,80.2183227539,54542,54552,10
12.9870004654,80.2183227539,54552,54562,10
12.9868497849,80.2182617188,54562,54572,10
12.9863595963,80.2181167603,54572,54582,10
12.9854097366,80.217956543,54582,54592,10
12.9843997955,80.2179794312,54592,54602,10
12.9841804504,80.2179870605,54602,54612,10
12.9837398529,80.2179718018,54612,54623,11
12.9828195572,80.2179794312,54623,54633,10
12.9820203781,80.2180099487,54633,54643,10
12.9810400009,80.218208313,54643,54653,10
12.9801301956,80.2184906006,54653,54663,10
12.9793701172,80.2188034058,54663,54673,10
12.9787797928,80.2190322876,54673,54683,10
12.9781503677,80.2192687988,54683,54693,10
12.9772500992,80.219619751,54693,54703,10
12.9757795334,80.2202606201,54703,54730,27
12.9757795334,80.2202606201,54730,54742,12
12.9756202698,80.2202529907,54742,54752,10
12.9755001068,80.2203979492,54752,54762,10
12.9757499695,80.2208786011,54762,55267,505
12.9757499695,80.2208786011,55267,55277,10
12.9759197235,80.2212295532,55277,55287,10
12.9760503769,80.2213668823,55287,55297,10
12.9762401581,80.2216796875,55297,55308,11
12.9764995575,80.2220687866,55308,55318,10
12.9767198563,80.2224121094,55318,55328,10
12.9771299362,80.2226791382,55328,55338,10
12.977519989,80.2225265503,55338,55348,10
12.9774999619,80.2221679688,55348,55358,10
12.9774703979,80.2216186523,55358,55368,10
12.9773397446,80.2212295532,55368,55378,10
12.9768400192,80.2212600708,55378,55388,10
12.9765796661,80.2212677002,55388,55398,10
12.9762401581,80.2213134766,55398,55409,11
12.9761199951,80.2213287354,55409,55419,10
12.9760398865,80.2213363647,55419,55429,10
12.9758701324,80.2212600708,55429,55439,10
12.9754800797,80.2208786011,55439,55449,10
12.975520134,80.2204589844,55449,55459,10
12.975859642,80.220161438,55459,55469,10
12.9765796661,80.2198028564,55469,55479,10
12.9775800705,80.2194137573,55479,55489,10
12.9784402847,80.2190704346,55489,55499,10
12.9788999557,80.2188873291,55499,55510,11
12.9797697067,80.2185592651,55510,55520,10
12.9812097549,80.2180099487,55520,55530,10
12.9812097549,80.2180099487,55530,55540,10
12.9821100235,80.2178573608,55540,55556,16
12.9830198288,80.2178497314,55556,55568,12
12.9838895798,80.2178115845,55568,55578,10
12.98458004,80.2178115845,55578,55588,10
12.9855098724,80.2178421021,55588,55598,10
12.9863395691,80.2180023193,55598,55609,11
12.9866399765,80.2180633545,55609,55619,10
12.9874696732,80.2180786133,55619,55639,20
12.9874696732,80.2180786133,55639,55649,10
12.9875402451,80.2179031372,55649,55659,10
12.9877500534,80.217300415,55659,55669,10
12.9880504608,80.2164764404,55669,55679,10
12.988530159,80.2156982422,55679,55698,19
12.9891901016,80.2147216797,55698,55711,13
12.9894304276,80.2146835327,55711,55721,10
12.9899301529,80.2148132324,55721,55730,9
12.9905395508,80.214630127,55730,55742,12
12.9909896851,80.2139663696,55742,55754,12
12.9912204742,80.2131195068,55754,55764,10
12.991519928,80.212638855,55764,55784,20
12.991519928,80.212638855,55784,55794,10
12.9916200638,80.212677002,55794,55804,10
12.9920597076,80.2127990723,55804,55816,12
12.9927196503,80.2129974365,55816,55826,10
12.9927997589,80.2130126953,55826,55836,10
12.9928798676,80.2128982544,55836,55846,10
12.9930000305,80.2124404907,55846,55856,10
12.993180275,80.2117919922,55856,55865,9
12.9932699203,80.2113571167,55865,55876,11
12.9933795929,80.2109603882,55876,55886,10
12.9935102463,80.2104873657,55886,55896,10
12.9935503006,80.2102432251,55896,55907,11
12.993689537,80.2100601196,55907,55917,10
12.9937601089,80.210067749,55917,55927,10
12.9939899445,80.2101135254,55927,55937,10
12.99421978,80.2101287842,55937,55947,10
12.9948196411,80.2101821899,55947,55957,10
12.9951200485,80.2102127075,55957,55967,10
12.9954004288,80.2102279663,55967,55977,10
12.9957895279,80.2102813721,55977,55987,10
12.9962797165,80.2103271484,55987,55998,11
12.9965600967,80.210357666,55998,56008,10
12.9967403412,80.2103881836,56008,56018,10
12.9969797134,80.2104187012,56018,56040,22
12.9973096848,80.2103500366,56040,56052,12
12.9975204468,80.2098999023,56052,56062,10
12.9976196289,80.2095794678,56062,56072,10
12.9979200363,80.2092208862,56072,56082,10
12.9981298447,80.2087402344,56082,56092,10
12.998169899,80.2084884644,56092,56103,11
12.9982299805,80.2082595825,56103,56113,10
12.9982795715,80.2080764771,56113,56123,10
12.9983100891,80.2079086304,56123,56132,9
12.9983596802,80.2076568604,56132,56143,11
12.9986200333,80.2074203491,56143,56163,20
12.9986200333,80.2074203491,56163,56173,10
12.9988803864,80.2075271606,56173,56183,10
12.9993400574,80.2076187134,56183,56194,11
12.9999103546,80.2077178955,56194,56204,10
13.0005397797,80.2078323364,56204,56214,10
13.0012397766,80.2081375122,56214,56224,10
13.0020704269,80.2085571289,56224,56234,10
13.0027799606,80.2089309692,56234,56244,10
13.0033798218,80.2092514038,56244,56254,10
13.0034599304,80.2096176147,56254,56264,10
13.0035104752,80.2098007202,56264,56274,10
13.0036001205,80.2100982666,56274,56284,10
13.0037202835,80.2107925415,56284,56295,11
13.0037498474,80.2116622925,56295,56305,10
13.0042104721,80.2120895386,56305,56315,10
13.0048503876,80.2124023438,56315,56325,10
13.0054702759,80.2127380371,56325,56335,10
13.0061197281,80.2127838135,56335,56345,10
13.0068101883,80.2126998901,56345,56355,10
13.0074796677,80.2127838135,56355,56396,41
13.0074796677,80.2127838135,56396,56406,10
13.0077199936,80.2129135132,56406,56416,10
13.0077695847,80.2129669189,56416,56426,10
13.0079097748,80.2130966187,56426,56436,10
13.0083999634,80.2133026123,56436,56446,10
13.0088596344,80.2138595581,56446,56456,10
13.009349823,80.2145233154,56456,56466,10
13.0096702576,80.2149963379,56466,56476,10
13.0100402832,80.2154769897,56476,56487,11
13.0105695724,80.216178894,56487,56497,10
13.0108203888,80.2168579102,56497,56507,10
13.0111198425,80.2174606323,56507,56517,10
13.0114402771,80.2183609009,56517,56527,10
13.0118198395,80.2194595337,56527,56537,10
13.012140274,80.2205276489,56537,56546,9
13.012430191,80.2212371826,56546,56556,10
13.0126800537,80.2216033936,56556,56567,11
13.0130300522,80.2220230103,56567,56577,10
13.0132799149,80.2223587036,56577,56588,11
13.0136604309,80.2228622437,56588,56598,10
13.0140600204,80.2233734131,56598,56608,10
13.0142202377,80.2235565186,56608,56618,10
13.0144395828,80.2238388062,56618,56628,10
13.0149097443,80.2243881226,56628,56638,10
13.0151700974,80.2246780396,56638,56648,10
13.0154895782,80.2249298096,56648,56658,10
13.0155801773,80.2249603271,56658,56668,10
13.0159902573,80.2251968384,56668,56678,10
13.0165901184,80.2251815796,56678,56689,11
13.0174102783,80.2248687744,56689,56699,10
13.0183000565,80.2245330811,56699,56709,10
13.0192604065,80.2243270874,56709,56719,10
13.0200300217,80.2247314453,56719,56729,10
13.0206699371,80.225189209,56729,56739,10
13.0211896896,80.2256088257,56739,56749,10
13.0218000412,80.2260284424,56749,56759,10
13.0220003128,80.2261734009,56759,56769,10
13.0221004486,80.2262496948,56769,56779,10
13.0224399567,80.2265396118,56779,56790,11
13.0230903625,80.2271499634,56790,56800,10
13.0237102509,80.2277297974,56800,56810,10
13.0243797302,80.2284317017,56810,56830,20
13.0243797302,80.2284317017,56830,56840,10
13.024430275,80.2285308838,56840,56850,10
13.0246801376,80.2289276123,56850,56860,10
13.0251302719,80.2295379639,56860,56870,10
13.025639534,80.2302627563,56870,56881,11
13.0259599686,80.2309265137,56881,56891,10
13.02602005,80.2312164307,56891,56907,16
13.0264997482,80.2312164307,56907,56919,12
13.0274095535,80.2309875488,56919,56927,8
13.0279197693,80.2309188843,56927,56939,12
13.0283403397,80.2308578491,56939,56949,10
13.0289697647,80.230796814,56949,57009,60
13.0289697647,80.230796814,57009,57020,11
13.0293502808,80.2307662964,57020,57030,10
13.0297803879,80.2307510376,57030,57040,10
13.0302000046,80.23072052,57040,57050,10
13.0307197571,80.2306900024,57050,57060,10
13.0311002731,80.2306594849,57060,57070,10
13.0315504074,80.2305984497,57070,57081,11
13.0322999954,80.2305526733,57081,57091,10
13.032959938,80.2304992676,57091,57101,10
13.0335597992,80.2304763794,57101,57111,10
13.0340003967,80.2304382324,57111,57121,10
13.0345401764,80.2303390503,57121,57151,30
13.0345401764,80.2303390503,57151,57161,10
13.0347204208,80.2303466797,57161,57171,10
13.0348901749,80.2302627563,57171,57188,17
13.035030365,80.229888916,57188,57200,12
13.0345697403,80.2298431396,57200,57210,10
13.0342702866,80.2297973633,57210,57230,20
13.0342702866,80.2297973633,57230,57240,10
13.0342102051,80.2298202515,57240,57250,10
13.0341796875,80.2299804688,57250,57503,253
13.0341997147,80.2303771973,57503,57553,50
13.0341997147,80.2303771973,57553,57564,11
13.0336399078,80.2305221558,57564,57574,10
13.0329303741,80.2305831909,57574,57584,10
13.0321598053,80.2306594849,57584,57594,10
13.0309400558,80.2307815552,57594,57614,20
13.0309400558,80.2307815552,57614,57624,10
13.0307197571,80.230758667,57624,57634,10
13.0304002762,80.2307891846,57634,57644,10
13.0298900604,80.2308731079,57644,57654,10
13.0298204422,80.2308731079,57654,57665,11
13.029540062,80.2309036255,57665,57675,10
13.0289096832,80.2309570313,57675,57685,10
13.0281095505,80.2310180664,57685,57695,10
13.0276699066,80.2311019897,57695,57705,10
13.0277004242,80.2315063477,57705,57715,10
13.0277996063,80.2321624756,57715,57724,9
13.027879715,80.2326812744,57724,57735,11
13.0275001526,80.2328796387,57735,57745,10
13.0269002914,80.2329788208,57745,57755,10
13.0266399384,80.2330093384,57755,57816,61
13.0266399384,80.2330093384,57816,57826,10
13.0263395309,80.2329025269,57826,57836,10
13.0261602402,80.2323303223,57836,57846,10
13.0260000229,80.2317199707,57846,57857,11
13.0257997513,80.2309417725,57857,57867,10
13.025349617,80.2300567627,57867,57877,10
13.0246496201,80.2291488647,57877,57897,20
13.0246496201,80.2291488647,57897,57907,10
13.0245103836,80.2289581299,57907,57917,10
13.0241603851,80.2285079956,57917,57927,10
13.0236997604,80.2279281616,57927,57937,10
13.0230398178,80.2274169922,57937,57958,21
13.0230398178,80.2274169922,57958,57968,10
13.0228204727,80.2272567749,57968,57978,10
13.022600174,80.2269668579,57978,57988,10
13.0225696564,80.226890564,57988,57998,10
13.022359848,80.2266616821,57998,58008,10
13.0218296051,80.2262191772,58008,58018,10
13.0211400986,80.225692749,58018,58028,10
13.0204496384,80.2251968384,58028,58038,10
13.0198802948,80.2248001099,58038,58048,10
13.0190896988,80.2244796753,58048,58059,11
13.0179796219,80.224822998,58059,58069,10
13.0170698166,80.2251968384,58069,58079,10
13.0164499283,80.2254562378,58079,58089,10
13.0160703659,80.2256011963,58089,58099,10
13.0155601501,80.2257614136,58099,58109,10
13.0151596069,80.2259902954,58109,58119,10
13.0149402618,80.2260818481,58119,58129,10
13.0141897202,80.2263793945,58129,58170,41
13.0141897202,80.2263793945,58170,58180,10
13.0139799118,80.2264862061,58180,58190,10
13.0134897232,80.2266082764,58190,58200,10
13.0127296448,80.226890564,58200,58210,10
13.0118198395,80.2272720337,58210,58220,10
13.0110502243,80.2275619507,58220,58230,10
13.0102796555,80.2278366089,58230,58239,9
13.0096197128,80.227897644,58239,58251,12
13.00963974,80.2273406982,58251,58261,10
13.0099601746,80.2266464233,58261,58271,10
13.0103797913,80.225769043,58271,58281,10
13.0107498169,80.224937439,58281,58291,10
13.0108995438,80.2245101929,58291,58301,10
13.011179924,80.2238082886,58301,58311,10
13.0115604401,80.2228927612,58311,58321,10
13.0119199753,80.2219161987,58321,58331,10
13.0120897293,80.2214431763,58331,58341,10
13.012169838,80.2211608887,58341,58352,11
13.0120296478,80.2206192017,58352,58362,10
13.0117797852,80.2198562622,58362,58371,9
13.0114803314,80.2190628052,58371,58382,11
13.0111703873,80.2180862427,58382,58392,10
13.010720253,80.2169799805,58392,58402,10
13.0102596283,80.2161331177,58402,58411,9
13.0098896027,80.2153778076,58411,58421,10
13.0094203949,80.2147064209,58421,58432,11
13.0088996887,80.2139892578,58432,58442,10
13.0083904266,80.2134475708,58442,58463,21
13.0083904266,80.2134475708,58463,58473,10
13.0082101822,80.2133712769,58473,58503,30
13.0082101822,80.2133712769,58503,58513,10
13.008099556,80.2133178711,58513,58523,10
13.0079898834,80.2132568359,58523,58533,10
13.0078296661,80.2131195068,58533,58544,11
13.0073795319,80.2128677368,58544,58554,10
13.0066604614,80.2127685547,58554,58564,10
13.0058898926,80.2130203247,58564,58574,10
13.0051498413,80.212638855,58574,58584,10
13.0043497086,80.2122268677,58584,58594,10
13.0037002563,80.2118606567,58594,58604,10
13.0036401749,80.2111968994,58604,58614,10
13.0035495758,80.2104263306,58614,58624,10
13.0034999847,80.2100372314,58624,58634,10
13.0034999847,80.2097091675,58634,58645,11
13.0033798218,80.2093200684,58645,58655,10
13.0028400421,80.2090377808,58655,58665,10
13.0020599365,80.2086181641,58665,58675,10
13.0011997223,80.2081680298,58675,58685,10
13.0006999969,80.2079315186,58685,58695,10
13.0003700256,80.2078170776,58695,58705,10
12.9998703003,80.2077407837,58705,58715,10
12.9993801117,80.2076187134,58715,58731,16
12.9988498688,80.2075195313,58731,58744,13
12.9983797073,80.2076034546,58744,58763,19
12.9983797073,80.2076034546,58763,58774,11
12.998339653,80.2078323364,58774,58784,10
12.9982995987,80.208152771,58784,58794,10
12.9982099533,80.2085571289,58794,58804,10
12.9981603622,80.2090530396,58804,58814,10
12.9978599548,80.2094116211,58814,58824,10
12.9976797104,80.2098388672,58824,58834,10
12.9974603653,80.2102584839,58834,58845,11
12.9972600937,80.2104873657,58845,58855,10
12.9970998764,80.2104568481,58855,58865,10
12.9970197678,80.2104415894,58865,58875,10
12.9967298508,80.2104034424,58875,58885,10
12.9963302612,80.2103500366,58885,58895,10
12.9959897995,80.210319519,58895,58905,10
12.9956302643,80.2102813721,58905,58915,10
12.9951000214,80.2102432251,58915,58925,10
12.9948101044,80.2102127075,58925,58936,11
12.9943599701,80.2101669312,58936,58946,10
12.993639946,80.2101669312,58946,58966,20
12.993639946,80.2101669312,58966,58976,10
12.9936103821,80.210319519,58976,58986,10
12.9935398102,80.2106323242,58986,58996,10
12.9934301376,80.2110977173,58996,59006,10
12.9932804108,80.2117233276,59006,59016,10
12.9930696487,80.2124633789,59016,59026,10
12.9929304123,80.2130203247,59026,59037,11
12.9925699234,80.2129592896,59037,59047,10
12.9921398163,80.2128372192,59047,59057,10
12.9917201996,80.2127304077,59057,59097,40
12.9917201996,80.2127304077,59097,59107,10
12.9914398193,80.2126464844,59107,59117,10
12.9913396835,80.2127609253,59117,59127,10
12.9913101196,80.2129135132,59127,59148,21
12.9913101196,80.2129135132,59148,59158,10
12.991230011,80.213180542,59158,59168,10
12.9911603928,80.2134628296,59168,59178,10
12.9910202026,80.214012146,59178,59188,10
12.9907197952,80.2145767212,59188,59198,10
12.9900999069,80.2149200439,59198,59208,10
12.9893798828,80.2147216797,59208,59213,5
12.9892501831,80.2147064209,59213,59229,16
12.9888095856,80.2153396606,59229,59239,10
12.9884595871,80.2158508301,59239,59249,10
12.9880599976,80.2164916992,59249,59259,10
12.9877996445,80.2171783447,59259,59269,10
12.9876003265,80.2177810669,59269,59279,10
12.9874601364,80.2182006836,59279,59289,10
12.9873800278,80.2183685303,59289,59299,10
12.9870700836,80.2183685303,59299,59309,10
12.9869804382,80.2183380127,59309,59319,10
12.9868497849,80.2182998657,59319,59330,11
12.9863004684,80.2181167603,59330,59340,10
12.9853496552,80.2179489136,59340,59350,10
12.9843301773,80.2179718018,59350,59360,10
12.9838495255,80.2179794312,59360,59370,10
12.9838104248,80.2179794312,59370,59380,10
12.9833602905,80.2179870605,59380,59390,10
12.9825601578,80.2179794312,59390,59400,10
12.9815797806,80.2180175781,59400,59410,10
12.9804897308,80.2183609009,59410,59420,10
12.9799804688,80.2185592651,59420,59431,11
12.9794301987,80.2188110352,59431,59441,10
12.9788398743,80.2190628052,59441,59449,8
12.9785499573,80.2191772461,59449,59461,12
12.9776802063,80.2195205688,59461,59470,9
12.9770002365,80.2198028564,59470,59481,11
12.9760398865,80.2202301025,59481,59491,10
12.9756498337,80.2204208374,59491,59562,71
12.9756498337,80.2204208374,59562,59572,10
12.9755401611,80.2205886841,59572,59582,10
12.9757404327,80.2210006714,59582,59703,121
12.9757204056,80.2211074829,59703,59885,182
12.9757995605,80.2210464478,59885,60552,667
12.9757995605,80.2210464478,60552,60562,10
12.9759597778,80.2212677002,60562,60572,10
12.9760599136,80.2213973999,60572,60582,10
12.976269722,80.2217407227,60582,60593,11
12.9766902924,80.2223968506,60593,60603,10
12.9769496918,80.2227630615,60603,60613,10
12.9769897461,80.2227935791,60613,60623,10
12.9771299362,80.2227935791,60623,60633,10
12.9774103165,80.2227325439,60633,60643,10
12.977519989,80.2225799561,60643,60653,10
12.9774904251,80.2221832275,60653,60663,10
12.9774599075,80.2217330933,60663,60673,10
12.9774398804,80.2215194702,60673,60683,10
12.9774103165,80.2212982178,60683,60694,11
12.9770097733,80.221282959,60694,60704,10
12.9763402939,80.2212524414,60704,60724,20
12.9763402939,80.2212524414,60724,60734,10
12.9761400223,80.2212600708,60734,60764,30
12.9761400223,80.2212600708,60764,60774,10
12.9759998322,80.2212905884,60774,60784,10
12.9757204056,80.2211532593,60784,60865,81
12.9757204056,80.2211532593,60865,60875,10
12.975569725,80.2209625244,60875,60885,10
12.9753303528,80.2208099365,60885,60966,81
12.9753303528,80.2208099365,60966,60976,10
12.975279808,80.2206878662,60976,60987,11
12.9754400253,80.2204971313,60987,60996,9
12.9756097794,80.2203292847,60996,61007,11
12.9761896133,80.2200622559,61007,61017,10
12.9770002365,80.2197113037,61017,61027,10
12.977930069,80.2193374634,61027,61037,10
12.9785299301,80.2191162109,61037,61047,10
12.979060173,80.2189178467,61047,61057,10
12.9798297882,80.2186279297,61057,61067,10
12.9806003571,80.2182998657,61067,61077,10
12.9814796448,80.2180023193,61077,61088,11
12.9822397232,80.217880249,61088,61098,10
12.9828100204,80.217880249,61098,61108,10
12.9835500717,80.2178726196,61108,61118,10
12.9836301804,80.217880249,61118,61128,10
12.9839696884,80.2179031372,61128,61138,10
12.9846096039,80.2178726196,61138,61148,10
12.9854898453,80.2178878784,61148,61158,10
12.986410141,80.2180862427,61158,61168,10
12.9872198105,80.2182312012,61168,61199,31
12.9872198105,80.2182312012,61199,61209,10
12.987449646,80.2182312012,61209,61219,10
12.9875001907,80.2180404663,61219,61229,10
12.9876403809,80.2176208496,61229,61239,10
12.9877996445,80.2171783447,61239,61249,10
12.9880800247,80.2164077759,61249,61259,10
12.9885196686,80.2157287598,61259,61269,10
12.9887695313,80.2153625488,61269,61280,11
12.9891004562,80.21484375,61280,61290,10
12.98939991,80.2146682739,61290,61300,10
12.9894104004,80.2146835327,61300,61310,10
12.9897603989,80.2148208618,61310,61320,10
12.9903202057,80.21484375,61320,61330,10
12.9908399582,80.2144012451,61330,61340,10
12.9910402298,80.2137908936,61340,61350,10
12.9911699295,80.2132797241,61350,61360,10
12.991230011,80.2130966187,61360,61370,10
12.9913196564,80.2128372192,61370,61451,81
12.9913196564,80.2128372192,61451,61461,10
12.9917297363,80.2127380371,61461,61471,10
12.9917898178,80.2127380371,61471,61482,11
12.9920501709,80.2128219604,61482,61492,10
12.9925603867,80.2129821777,61492,61502,10
12.9928998947,80.2130203247,61502,61512,10
12.9929800034,80.212677002,61512,61522,10
12.9931602478,80.2120132446,61522,61532,10
12.9933595657,80.2112121582,61532,61542,10
12.9934597015,80.2108230591,61542,61552,10
12.9935703278,80.2103500366,61552,61562,10
12.9938001633,80.2101364136,61562,61583,21
12.9938001633,80.2101364136,61583,61593,10
12.9939603806,80.2101593018,61593,61603,10
12.9941797256,80.2101669312,61603,61613,10
12.9945802689,80.2101974487,61613,61623,10
12.994890213,80.2102203369,61623,61633,10
12.9949798584,80.2102279663,61633,61643,10
12.9953203201,80.2102813721,61643,61653,10
12.9958000183,80.210319519,61653,61663,10
12.9960803986,80.2103500366,61663,61674,11
12.9964504242,80.2103805542,61674,61684,10
12.9968900681,80.2104492188,61684,61694,10
12.9972200394,80.2105102539,61694,61704,10
12.9973201752,80.2104797363,61704,61714,10
12.9974098206,80.2102584839,61714,61724,10
12.9976196289,80.2097702026,61724,61734,10
12.9979000092,80.209312439,61734,61744,10
12.9981298447,80.2089233398,61744,61754,10
12.9981899261,80.2084884644,61754,61764,10
12.9983797073,80.2076797485,61764,61795,31
12.9983797073,80.2076797485,61795,61805,10
12.998459816,80.2074508667,61805,61825,20
12.998459816,80.2074508667,61825,61835,10
12.9986801147,80.2074966431,61835,61845,10
12.9990501404,80.2075576782,61845,61855,10
12.999420166,80.207649231,61855,61866,11
13.0000400543,80.2077865601,61866,61876,10
13.0006799698,80.2079162598,61876,61886,10
13.0014400482,80.2082824707,61886,61896,10
13.0018997192,80.2085189819,61896,61906,10
13.0021800995,80.208656311,61906,61916,10
13.0027399063,80.2089691162,61916,61926,10
13.0034103394,80.2093200684,61926,61936,10
13.0035295486,80.2097396851,61936,61946,10
13.0035800934,80.2099227905,61946,61956,10
13.0036497116,80.2103424072,61956,61967,11
13.0037603378,80.2110519409,61967,61977,10
13.0038003922,80.2118377686,61977,61987,10
13.0040903091,80.212059021,61987,61997,10
13.0043001175,80.2121505737,61997,62007,10
13.0047798157,80.2123794556,62007,62017,10
13.0054101944,80.2127380371,62017,62027,10
13.0061702728,80.2128295898,62027,62037,10
13.0069599152,80.2127609253,62037,62047,10
13.0078601837,80.2130584717,62047,62078,31
13.0078601837,80.2130584717,62078,62088,10
13.0080900192,80.2132492065,62088,62098,10
13.0083904266,80.2133789063,62098,62108,10
13.0087795258,80.213760376,62108,62118,10
13.0093002319,80.2144470215,62118,62128,10
13.009759903,80.2151031494,62128,62138,10
13.0101299286,80.2156219482,62138,62148,10
13.01060009,80.2162017822,62148,62159,11
13.0108604431,80.2169494629,62159,62169,10
13.0111598969,80.2175827026,62169,62179,10
13.0114297867,80.2183609009,62179,62189,10
13.0117797852,80.2192611694,62189,62199,10
13.0120601654,80.220161438,62199,62208,9
13.0122299194,80.2205581665,62208,62218,10
13.012260437,80.2206268311,62218,62229,11
13.012430191,80.2211685181,62229,62239,10
13.0126895905,80.2216033936,62239,62249,10
13.0130195618,80.222038269,62249,62260,11
13.0133800507,80.2224807739,62260,62270,10
13.0137195587,80.2229232788,62270,62280,10
13.0139904022,80.2232818604,62280,62290,10
13.0140895844,80.2234191895,62290,62300,10
13.0143203735,80.2236633301,62300,62310,10
13.0146903992,80.2240829468,62310,62320,10
13.0151596069,80.2246627808,62320,62330,10
13.0153999329,80.2248764038,62330,62340,10
13.0155801773,80.2250213623,62340,62350,10
13.0156803131,80.2251205444,62350,62361,11
13.0162296295,80.2253417969,62361,62371,10
13.0170402527,80.2251205444,62371,62381,10
13.0179300308,80.2247619629,62381,62391,10
13.0186796188,80.2244567871,62391,62401,10
13.0194997787,80.2244110107,62401,62432,31
13.0194997787,80.2244110107,62432,62442,10
13.0196304321,80.2245178223,62442,62452,10
13.0198497772,80.224647522,62452,62463,11
13.0202903748,80.2249832153,62463,62473,10
13.0206699371,80.2252578735,62473,62483,10
13.0210800171,80.2255630493,62483,62493,10
13.0216302872,80.2259368896,62493,62502,9
13.0219497681,80.2261810303,62502,62513,11
13.0219802856,80.2261962891,62513,62522,9
13.0221204758,80.2263031006,62522,62533,11
13.0226202011,80.2267684937,62533,62542,9
13.0231704712,80.2272796631,62542,62554,12
13.0238399506,80.2278900146,62554,62555,1
13.0238800049,80.2279281616,62555,62556,1
13.0239200592,80.2279586792,62556,62605,49
13.0251197815,80.2295379639,62605,62615,10
13.0255203247,80.2300720215,62615,62625,10
13.0259599686,80.2309188843,62625,62686,61
13.0259599686,80.2309188843,62686,62697,11
13.0260400772,80.2312088013,62697,62707,10
13.026260376,80.2313537598,62707,62716,9
13.0267295837,80.2312316895,62716,62727,11
13.0275497437,80.2310333252,62727,62737,10
13.0278902054,80.2309799194,62737,62748,11
13.0284004211,80.2309036255,62748,62798,50
13.0284004211,80.2309036255,62798,62808,10
13.0286998749,80.2308807373,62808,62818,10
13.0290002823,80.2308425903,62818,62828,10
13.0292797089,80.2308425903,62828,62889,61
13.0292797089,80.2308425903,62889,62899,10
13.0294399261,80.2308883667,62899,62909,10
13.0298500061,80.2308425903,62909,62919,10
13.0303001404,80.230796814,62919,62929,10
13.0305404663,80.2307662964,62929,62939,10
13.0308103561,80.2307434082,62939,62950,11
13.0311203003,80.2307128906,62950,62960,10
13.0316095352,80.2306594849,62960,62970,10
13.0319404602,80.2306213379,62970,63121,151
13.0319404602,80.2306213379,63121,63131,10
13.0322399139,80.2305908203,63131,63142,11
13.0324697495,80.2305679321,63142,63152,10
13.0326795578,80.2305603027,63152,63162,10
13.0328397751,80.2305374146,63162,63172,10
13.0330696106,80.2305297852,63172,63182,10
13.0332803726,80.2305374146,63182,63232,50
13.0332803726,80.2305374146,63232,63243,11
13.0338401794,80.2305297852,63243,63311,68
13.0338401794,80.2305297852,63311,63321,10
13.0343799591,80.2304611206,63321,63331,10
13.0348300934,80.2303237915,63331,63342,11
13.035030365,80.2301025391,63342,63352,10
13.0350503922,80.2299880981,63352,63362,10
13.0348300934,80.2298431396,63362,63372,10
13.0345001221,80.2297973633,63372,63473,101
13.0345001221,80.2297973633,63473,63483,10
13.0342798233,80.2297592163,63483,63594,111
13.0342798233,80.2297592163,63594,63604,10
13.034119606,80.2301025391,63604,63756,152
13.034119606,80.2301025391,63756,63766,10
13.0342302322,80.2304382324,63766,63776,10
13.034119606,80.2305908203,63776,63786,10
13.0338897705,80.2305603027,63786,63796,10
13.0334396362,80.2305526733,63796,63806,10
13.0328903198,80.2305831909,63806,63816,10
13.0322904587,80.2306365967,63816,63827,11
13.0313901901,80.23072052,63827,63837,10
13.0309801102,80.2307662964,63837,63847,10
13.0306997299,80.2307891846,63847,63857,10
13.0303001404,80.2308425903,63857,63867,10
13.0299701691,80.2308883667,63867,63877,10
13.0296497345,80.2308883667,63877,63913,36
13.0296497345,80.2308883667,63913,63926,13
13.029419899,80.2308807373,63926,63936,10
13.0289697647,80.23097229,63936,63946,10
13.0284404755,80.2310333252,63946,63956,10
13.0282001495,80.2310409546,63956,63965,9
13.0277700424,80.2311019897,63965,63976,11
13.027680397,80.2314224243,63976,63986,10
13.0277299881,80.2318725586,63986,63996,10
13.0278196335,80.2324523926,63996,64006,10
13.0277996063,80.2328796387,64006,64017,11
13.027299881,80.2329711914,64017,64077,60
13.027299881,80.2329711914,64077,64087,10
13.0270996094,80.2330322266,64087,64118,31
13.0270996094,80.2330322266,64118,64128,10
13.0267400742,80.2330474854,64128,64138,10
13.0263996124,80.2329864502,64138,64148,10
13.0262002945,80.2324523926,64148,64158,10
13.0259895325,80.2317123413,64158,64168,10
13.0257701874,80.2308883667,64168,64178,10
13.0253601074,80.2301025391,64178,64188,10
13.0247297287,80.2292633057,64188,64219,31
13.0247297287,80.2292633057,64219,64229,10
13.0247097015,80.2291870117,64229,64239,10
13.0244998932,80.2289199829,64239,64249,10
13.0241699219,80.2285079956,64249,64259,10
13.0237398148,80.2279891968,64259,64269,10
13.0233097076,80.2275772095,64269,64279,10
13.0230503082,80.2274398804,64279,64299,20
13.0230503082,80.2274398804,64299,64310,11
13.0229196548,80.2273635864,64310,64320,10
13.0227003098,80.2271881104,64320,64330,10
13.0225801468,80.2269287109,64330,64340,10
13.0225200653,80.2268295288,64340,64350,10
13.0221500397,80.2265014648,64350,64360,10
13.0218000412,80.2262115479,64360,64376,16
13.0213899612,80.2259216309,64376,64388,12
13.0209503174,80.2255706787,64388,64396,8
13.0206699371,80.2253799438,64396,64408,12
13.0204000473,80.2251815796,64408,64419,11
13.0202198029,80.2250900269,64419,64429,10
13.0201597214,80.2250595093,64429,64439,10
13.019900322,80.2248382568,64439,64449,10
13.0193500519,80.2245483398,64449,64459,10
13.0185804367,80.2246017456,64459,64469,10
13.0177097321,80.2249679565,64469,64479,10
13.016869545,80.2253189087,64479,64489,10
13.0165100098,80.2254562378,64489,64500,11
13.0160799026,80.2256164551,64500,64510,10
13.0154895782,80.2258300781,64510,64520,10
13.0149202347,80.2260513306,64520,64530,10
13.0141496658,80.2263870239,64530,64550,20
13.0141496658,80.2263870239,64550,64560,10
13.0139503479,80.2264404297,64560,64570,10
13.0134000778,80.2266387939,64570,64580,10
13.0126199722,80.2269363403,64580,64590,10
13.0116596222,80.2273101807,64590,64601,11
13.010430336,80.2277832031,64601,64611,10
13.0095796585,80.2278823853,64611,64621,10
13.0096597672,80.2273025513,64621,64631,10
13.0100097656,80.2265777588,64631,64641,10
13.0103902817,80.2257537842,64641,64651,10
13.0106601715,80.2251205444,64651,64661,10
13.0108098984,80.2247924805,64661,64671,10
13.0108699799,80.2245864868,64671,64681,10
13.0110502243,80.2241821289,64681,64691,10
13.0113201141,80.2235870361,64691,64702,11
13.0115995407,80.2227783203,64702,64712,10
13.011879921,80.2219161987,64712,64722,10
13.0120000839,80.2215576172,64722,64732,10
13.0120697021,80.2213973999,64732,64742,10
13.0121297836,80.2210998535,64742,64752,10
13.0119600296,80.2205429077,64752,64762,10
13.0117101669,80.2197418213,64762,64772,10
13.0114297867,80.2189025879,64772,64782,10
13.0111598969,80.2181015015,64782,64793,11
13.0108203888,80.2172622681,64793,64803,10
13.0106496811,80.2168807983,64803,64813,10
13.0104398727,80.2163772583,64813,64823,10
13.010140419,80.2159194946,64823,64833,10
13.009929657,80.2154388428,64833,64843,10
13.0098199844,80.2152481079,64843,64853,10
13.0095500946,80.2148666382,64853,64863,10
13.00922966,80.2144622803,64863,64873,10
13.0089502335,80.2140731812,64873,64924,51
13.0089502335,80.2140731812,64924,64934,10
13.0088396072,80.2138977051,64934,64944,10
13.0086603165,80.2137374878,64944,65005,61
13.0086603165,80.2137374878,65005,65015,10
13.0084199905,80.2134780884,65015,65055,40
13.0082702637,80.2133712769,65055,65106,51
13.0082702637,80.2133712769,65106,65116,10
13.0080499649,80.2132797241,65116,65126,10
13.0079698563,80.2132415771,65126,65136,10
13.0078401566,80.2131271362,65136,65146,10
13.0076599121,80.2129669189,65146,65156,10
13.007399559,80.2128601074,65156,65166,10
13.007109642,80.2127990723,65166,65176,10
13.0067901611,80.2127685547,65176,65187,11
13.0062398911,80.2128372192,65187,65197,10
13.0056200027,80.2129211426,65197,65207,10
13.0049600601,80.2125396729,65207,65217,10
13.0042800903,80.2122116089,65217,65233,16
13.003660202,80.21144104,65233,65253,20
13.003660202,80.21144104,65253,65265,12
13.003660202,80.2112503052,65265,65275,10
13.0036001205,80.2107467651,65275,65286,11
13.0035104752,80.2102508545,65286,65296,10
13.003490448,80.2099304199,65296,65306,10
13.0034999847,80.2095184326,65306,65316,10
13.0031700134,80.2092285156,65316,65326,10
13.0024900436,80.2088623047,65326,65336,10
13.0017004013,80.2084197998,65336,65346,10
13.00096035,80.2080535889,65346,65356,10
13.0002603531,80.2078018188,65356,65366,10
12.9997501373,80.2077102661,65366,65377,11
12.9992103577,80.207611084,65377,65387,10
12.9986801147,80.2074890137,65387,65427,40
12.9986801147,80.2074890137,65427,65437,10
12.9983596802,80.2076416016,65437,65457,20
12.9983596802,80.2076416016,65457,65467,10
12.9983797073,80.2076797485,65467,65478,11
12.9982995987,80.2081375122,65478,65488,10
12.9982204437,80.2086791992,65488,65498,10
12.998169899,80.2090301514,65498,65508,10
12.9978904724,80.2093582153,65508,65518,10
12.9977798462,80.2095489502,65518,65528,10
12.9976797104,80.2097167969,65528,65538,10
12.9974603653,80.2102203369,65538,65548,10
12.997130394,80.2104873657,65548,65569,21
12.997130394,80.2104873657,65569,65579,10
12.9968795776,80.2104415894,65579,65589,10
12.9965896606,80.2104110718,65589,65599,10
12.9961900711,80.2103805542,65599,65609,10
12.9958600998,80.2103424072,65609,65619,10
12.9954500198,80.2102813721,65619,65629,10
12.9950399399,80.2102584839,65629,65639,10
12.9945602417,80.2101974487,65639,65649,10
12.9943599701,80.2101974487,65649,65659,10
12.9941997528,80.2101821899,65659,65670,11
12.9935998917,80.2102813721,65670,65690,20
12.9935998917,80.2102813721,65690,65700,10
12.9935903549,80.210319519,65700,65710,10
12.9935598373,80.2105026245,65710,65720,10
12.9934902191,80.2107620239,65720,65730,10
12.9933700562,80.2112197876,65730,65740,10
12.9932098389,80.2118911743,65740,65750,10
12.9930801392,80.2125015259,65750,65760,10
12.9929599762,80.2129821777,65760,65777,17
12.9924697876,80.2129669189,65777,65789,12
12.9916801453,80.2127380371,65789,65849,60
12.991519928,80.212677002,65849,65900,51
12.991519928,80.212677002,65900,65910,10
12.9913196564,80.2128295898,65910,65920,10
12.9912996292,80.2128982544,65920,65930,10
12.9912796021,80.2130432129,65930,65940,10
12.9911603928,80.2133865356,65940,65951,11
12.9909696579,80.2141265869,65951,65961,10
12.9905595779,80.2147369385,65961,65971,10
12.9899597168,80.2149200439,65971,65981,10
12.9893798828,80.2147521973,65981,65991,10
12.9892101288,80.2147903442,65991,66001,10
12.9888896942,80.2152175903,66001,66011,10
12.9885597229,80.2157516479,66011,66021,10
12.9880895615,80.2164382935,66021,66031,10
12.987830162,80.2171478271,66031,66041,10
12.9877004623,80.2175521851,66041,66051,10
12.9875602722,80.2179336548,66051,66062,11
12.9874696732,80.2182769775,66062,66072,10
12.9871797562,80.2183837891,66072,66082,10
12.9870796204,80.2183532715,66082,66092,10
12.9868898392,80.2182998657,66092,66102,10
12.9863996506,80.218170166,66102,66112,10
12.98554039,80.2179870605,66112,66122,10
12.9845600128,80.2179870605,66122,66132,10
12.9839200974,80.2180099487,66132,66142,10
12.9839096069,80.2180099487,66142,66152,10
12.9838199615,80.2180328369,66152,66163,11
12.9832000732,80.2180404663,66163,66173,10
12.9823102951,80.2180175781,66173,66183,10
12.9812898636,80.218132019,66183,66193,10
12.9804096222,80.218421936,66193,66203,10
12.9796199799,80.2187423706,66203,66213,10
12.9788799286,80.219039917,66213,66223,10
12.9783802032,80.21925354,66223,66239,16
12.9769697189,80.2198410034,66239,66251,12
12.9761295319,80.2202377319,66251,66272,21
12.9761295319,80.2202377319,66272,66282,10
12.9760503769,80.2203369141,66282,66292,10
12.975979805,80.2203674316,66292,66301,9
12.9757299423,80.220451355,66301,66312,11
12.975520134,80.2208023071,66312,66322,10
12.9757404327,80.220993042,66322,66524,202
12.9757404327,80.220993042,66524,66534,10
12.9759197235,80.221206665,66534,66545,11
12.9760503769,80.2213592529,66545,66555,10
12.9762401581,80.2217102051,66555,66565,10
12.9765796661,80.2222366333,66565,66575,10
12.9770202637,80.2228012085,66575,66595,20
12.9770202637,80.2228012085,66595,66605,10
12.977350235,80.2227401733,66605,66615,10
12.9774999619,80.2225570679,66615,66625,10
12.9774703979,80.2221603394,66625,66635,10
12.9774398804,80.2216796875,66635,66646,11
12.9774103165,80.2213363647,66646,66656,10
12.9773197174,80.221282959,66656,66666,10
12.9770298004,80.2212982178,66666,66676,10
12.9764604568,80.2212905884,66676,66686,10
12.9760198593,80.2213363647,66686,66706,20
12.9760198593,80.2213363647,66706,66716,10
12.9757604599,80.2211837769,66716,66726,10
12.975689888,80.2211227417,66726,66737,11
12.9754600525,80.2209091187,66737,66878,141
12.9754600525,80.2209091187,66878,66888,10
12.9753799438,80.2206268311,66888,66908,20
12.9753799438,80.2206268311,66908,66918,10
12.975520134,80.2204589844,66918,66928,10
12.9757204056,80.2202835083,66928,66939,11
12.9759397507,80.2201919556,66939,66949,10
12.9765396118,80.219909668,66949,66959,10
12.9773197174,80.2195892334,66959,66969,10
12.9781398773,80.2192382813,66969,66985,16
12.9788503647,80.2189788818,66985,66997,12
12.9794902802,80.2187194824,66997,67005,8
12.9795703888,80.2186965942,67005,67017,12
12.9799003601,80.2185668945,67017,67027,10
12.9804296494,80.2183380127,67027,67038,11
12.9812202454,80.2180480957,67038,67048,10
12.9818096161,80.2179031372,67048,67058,10
12.9818897247,80.2179031372,67058,67067,9
12.9820203781,80.2178878784,67067,67078,11
12.9822702408,80.2179031372,67078,67088,10
12.9826698303,80.2179031372,67088,67098,10
12.9833297729,80.2179031372,67098,67108,10
12.9836597443,80.2178878784,67108,67118,10
12.9836702347,80.217880249,67118,67129,11
12.9840402603,80.217880249,67129,67139,10
12.9844198227,80.217880249,67139,67149,10
12.9850797653,80.217880249,67149,67159,10
12.9859104156,80.2179870605,67159,67169,10
12.9870901108,80.2182388306,67169,67199,30
12.9870901108,80.2182388306,67199,67209,10
12.9874000549,80.2182617188,67209,67230,21
12.9874000549,80.2182617188,67230,67240,10
12.9874897003,80.2180404663,67240,67250,10
12.9876098633,80.2176132202,67250,67260,10
12.9877901077,80.2171325684,67260,67270,10
12.9879999161,80.2165679932,67270,67279,9
12.9882202148,80.2161331177,67279,67290,11
12.9884595871,80.2158203125,67290,67300,10
12.9887104034,80.2154693604,67300,67310,10
12.9889698029,80.215057373,67310,67321,11
12.9891901016,80.2147598267,67321,67331,10
12.9891901016,80.2147293091,67331,67341,10
12.9892196655,80.2145309448,67341,67351,10
12.9893102646,80.2141189575,67351,67361,10
12.9893703461,80.2136688232,67361,67371,10
12.9894599915,80.2134017944,67371,67381,10
12.9896001816,80.2128601074,67381,67391,10
12.989689827,80.2124633789,67391,67401,10
12.9897403717,80.212272644,67401,67422,21
12.9897403717,80.212272644,67422,67432,10
12.9898195267,80.2120285034,67432,67442,10
12.9899396896,80.2115631104,67442,67452,10
12.9900598526,80.2110900879,67452,67462,10
12.9901399612,80.2108383179,67462,67472,10
12.9902801514,80.2104187012,67472,67482,10
12.9903202057,80.2102584839,67482,67492,10
12.9903898239,80.2099990845,67492,67502,10
12.9904603958,80.209777832,67502,67513,11
12.9906301498,80.2096633911,67513,67523,10
12.9906902313,80.2096710205,67523,67533,10
12.9909496307,80.2097320557,67533,67543,10
12.9913101196,80.209777832,67543,67553,10
12.991689682,80.2098617554,67553,67563,10
12.9920902252,80.2099227905,67563,67573,10
12.9923696518,80.2099609375,67573,67583,10
12.9927597046,80.2100067139,67583,67593,10
12.9933099747,80.2100906372,67593,67603,10
12.9935398102,80.2101211548,67603,67614,11
12.9937200546,80.2101287842,67614,67624,10
12.9939403534,80.2101364136,67624,67634,10
12.9942703247,80.2101669312,67634,67644,10
12.9945802689,80.2101974487,67644,67654,10
12.9949502945,80.2102508545,67654,67664,10
12.9952402115,80.2102813721,67664,67674,10
12.9955596924,80.2103118896,67674,67684,10
12.9958000183,80.2103271484,67684,67694,10
12.9960403442,80.2103729248,67694,67704,10
12.9962997437,80.2103881836,67704,67715,11
12.9965600967,80.2104187012,67715,67725,10
12.9970798492,80.2105026245,67725,67745,20
12.9970798492,80.2105026245,67745,67755,10
12.9972801208,80.2105178833,67755,67765,10
12.9973297119,80.2104263306,67765,67775,10
12.9974098206,80.2102203369,67775,67785,10
12.997469902,80.210067749,67785,67795,10
12.9975595474,80.2098388672,67795,67806,11
12.9976997375,80.2095336914,67806,67816,10
12.9979896545,80.2092590332,67816,67826,10
12.9981002808,80.2089080811,67826,67836,10
12.9981603622,80.208480835,67836,67846,10
12.9982404709,80.2080001831,67846,67856,10
12.9982795715,80.2077484131,67856,67866,10
12.9983100891,80.2074813843,67866,67886,20
12.9984302521,80.2074127197,67886,67907,21
12.9984302521,80.2074127197,67907,67917,10
12.9987297058,80.2075195313,67917,67927,10
12.9990797043,80.2075881958,67927,67937,10
12.9994497299,80.207649231,67937,67947,10
12.9999198914,80.2077636719,67947,67957,10
13.0003499985,80.2078170776,67957,67967,10
13.0007801056,80.2080001831,67967,67977,10
13.0014295578,80.2083206177,67977,67987,10
13.0021896362,80.2087173462,67987,67997,10
13.0028495789,80.2090606689,67997,68008,11
13.0032596588,80.2092666626,68008,68018,10
13.0034799576,80.2095336914,68018,68028,10
13.0034799576,80.2095413208,68028,68038,10
13.003490448,80.2098007202,68038,68048,10
13.0035400391,80.2100067139,68048,68058,10
13.0036296844,80.2104568481,68058,68068,10
13.0037097931,80.2110366821,68068,68078,10
13.0037403107,80.2117385864,68078,68088,10
13.0040302277,80.212059021,68088,68099,11
13.0042295456,80.2121734619,68099,68109,10
13.0046396255,80.2123718262,68109,68119,10
13.005109787,80.212638855,68119,68129,10
13.0057601929,80.2129898071,68129,68139,10
13.0063896179,80.2127990723,68139,68149,10
13.0069799423,80.2127990723,68149,68159,10
13.0071897507,80.2128295898,68159,68169,10
13.0074796677,80.2128372192,68169,68189,20
13.0076303482,80.2129135132,68189,68220,31
13.0076303482,80.2129135132,68220,68230,10
13.0076999664,80.2129592896,68230,68240,10
13.0078201294,80.2130889893,68240,68321,81
13.0078201294,80.2130889893,68321,68331,10
13.0081701279,80.2133102417,68331,68341,10
13.0085000992,80.2134170532,68341,68351,10
13.0088396072,80.2138824463,68351,68361,10
13.0092201233,80.2144012451,68361,68371,10
13.0095396042,80.2148590088,68371,68402,31
13.0095396042,80.2148590088,68402,68412,10
13.0095996857,80.2149810791,68412,68422,10
13.0098495483,80.2152175903,68422,68432,10
13.0102500916,80.2156524658,68432,68442,10
13.0106401443,80.2162780762,68442,68452,10
13.0108299255,80.2169265747,68452,68462,10
13.0110998154,80.2175216675,68462,68472,10
13.0114402771,80.2183609009,68472,68482,10
13.0117998123,80.2193832397,68482,68493,11
13.0121498108,80.220451355,68493,68502,9
13.0122098923,80.2205276489,68502,68513,11
13.0123195648,80.2208328247,68513,68523,10
13.0125904083,80.2215118408,68523,68533,10
13.0130596161,80.2220993042,68533,68543,10
13.0134000778,80.2225570679,68543,68553,10
13.0137701035,80.2230377197,68553,68563,10
13.014169693,80.2235488892,68563,68573,10
13.014380455,80.2238235474,68573,68584,11
13.0147800446,80.2242736816,68584,68593,9
13.0150499344,80.2246170044,68593,68604,11
13.0151700974,80.2247695923,68604,68614,10
13.0153598785,80.2249221802,68614,68624,10
13.0154895782,80.2250137329,68624,68634,10
13.0155601501,80.2250900269,68634,68644,10
13.0158700943,80.2253417969,68644,68654,10
13.016500473,80.2253494263,68654,68664,10
13.0172395706,80.2250595093,68664,68674,10
13.0179300308,80.2247772217,68674,68685,11
13.0186595917,80.2244873047,68685,68695,10
13.0194597244,80.2244033813,68695,68725,30
13.0194597244,80.2244033813,68725,68735,10
13.0196399689,80.2245025635,68735,68745,10
13.0198297501,80.224647522,68745,68755,10
13.0202198029,80.2249679565,68755,68765,10
13.0207195282,80.2253189087,68765,68775,10
13.0211801529,80.2256774902,68775,68786,11
13.0219202042,80.2261962891,68786,68806,20
13.0219202042,80.2261962891,68806,68816,10
13.0221996307,80.2264404297,68816,68826,10
13.0227098465,80.2268829346,68826,68836,10
13.0232601166,80.2274017334,68836,68846,10
13.0237598419,80.2278518677,68846,68856,10
13.0242700577,80.2283630371,68856,68877,21
13.0242700577,80.2283630371,68877,68887,10
13.0243196487,80.2284393311,68887,68897,10
13.0245103836,80.2287368774,68897,68907,10
13.0246696472,80.2289886475,68907,68917,10
13.024939537,80.2293701172,68917,68927,10
13.025270462,80.2298202515,68927,68937,10
13.0258598328,80.2307434082,68937,69008,71
13.0258598328,80.2307434082,69008,69018,10
13.0258903503,80.2308502197,69018,69028,10
13.0259504318,80.231086731,69028,69038,10
13.0260601044,80.2313766479,69038,69048,10
13.0265197754,80.2312927246,69048,69058,10
13.0275402069,80.2310028076,69058,69079,21
13.027680397,80.23097229,69079,69119,40
13.027680397,80.23097229,69119,69129,10
13.0281200409,80.2309494019,69129,69180,51
13.0281200409,80.2309494019,69180,69190,10
13.0285100937,80.2309188843,69190,69269,79
13.0285100937,80.2309188843,69269,69279,10
13.0289201736,80.2308807373,69279,69299,20
13.0289201736,80.2308807373,69299,69309,10
13.0291795731,80.2308425903,69309,69319,10
13.029540062,80.2308273315,69319,69329,10
13.0299501419,80.230796814,69329,69339,10
13.0305099487,80.230758667,69339,69370,31
13.0305099487,80.230758667,69370,69380,10
13.0308303833,80.2307434082,69380,69390,10
13.0313100815,80.2306976318,69390,69400,10
13.0319795609,80.2306594849,69400,69410,10
13.0327796936,80.2305908203,69410,69420,10
13.0334796906,80.2305297852,69420,69430,10
13.0338802338,80.2304992676,69430,69440,10
13.0342798233,80.2304534912,69440,69451,11
13.0346403122,80.2303466797,69451,69461,10
13.0348901749,80.2302017212,69461,69481,20
13.0348901749,80.2302017212,69481,69491,10
13.0350103378,80.2301025391,69491,69501,10
13.0350599289,80.2299423218,69501,69511,10
13.0348796844,80.2298583984,69511,69521,10
13.0347700119,80.229850769,69521,69531,10
13.0343799591,80.2297821045,69531,69541,10
13.0341997147,80.229888916,69541,69683,142
13.0341997147,80.229888916,69683,69693,10
13.0341796875,80.2302627563,69693,69703,10
13.0341596603,80.2302932739,69703,69713,10
13.0340995789,80.2304534912,69713,69743,30
13.0340995789,80.2304534912,69743,69754,11
13.0340595245,80.2305221558,69754,69764,10
13.0339403152,80.2305221558,69764,69774,10
13.0337600708,80.23046875,69774,69784,10
13.033659935,80.2304382324,69784,69794,10
13.0334300995,80.2304763794,69794,69804,10
13.0333404541,80.2304992676,69804,69814,10
13.0329399109,80.2305603027,69814,69824,10
13.0324001312,80.2306137085,69824,69835,11
13.0317401886,80.230682373,69835,69845,10
13.0310401917,80.2307128906,69845,69865,20
13.0310401917,80.2307128906,69865,69875,10
13.030500412,80.2307434082,69875,69915,40
13.0301198959,80.2308120728,69915,69935,20
13.0301198959,80.2308120728,69935,69946,11
13.0299797058,80.2308425903,69946,69956,10
13.0298595428,80.2308578491,69956,69966,10
13.0297002792,80.2308807373,69966,69976,10
13.029299736,80.2309036255,69976,69986,10
13.0286903381,80.2309570313,69986,69996,10
13.0280103683,80.2310028076,69996,70006,10
13.0276203156,80.2310714722,70006,70016,10
13.0276298523,80.231552124,70016,70026,10
13.0277299881,80.2322921753,70026,70037,11
13.0278100967,80.2328414917,70037,70047,10
13.0273199081,80.2329101563,70047,70057,10
13.0268096924,80.2329788208,70057,70219,162
13.0268096924,80.2329788208,70219,70229,10
13.0265903473,80.2330932617,70229,70240,11
13.0262699127,80.2328186035,70240,70250,10
13.0260696411,80.2321624756,70250,70260,10
13.0258903503,80.2314682007,70260,70270,10
13.0256299973,80.2306365967,70270,70279,9
13.025179863,80.2298812866,70279,70290,11
13.0245895386,80.2291183472,70290,70300,10
13.024140358,80.228553772,70300,70309,9
13.0238103867,80.2281570435,70309,70320,11
13.0235595703,80.2278900146,70320,70331,11
13.0232601166,80.2276077271,70331,70341,10
13.0230197906,80.2274627686,70341,70361,20
13.0230197906,80.2274627686,70361,70371,10
13.0228395462,80.2273406982,70371,70381,10
13.0225696564,80.2269973755,70381,70391,10
13.0225601196,80.2269668579,70391,70401,10
13.0224399567,80.2267684937,70401,70411,10
13.0220298767,80.2264175415,70411,70421,10
13.0214099884,80.2259216309,70421,70438,17
13.020190239,80.2250289917,70438,70450,12
13.019080162,80.2244796753,70450,70460,10
13.0182600021,80.2247009277,70460,70470,10
13.0171403885,80.225151062,70470,70480,10
13.0164804459,80.2254180908,70480,70490,10
13.0162601471,80.2255096436,70490,70500,10
13.015879631,80.2256393433,70500,70510,10
13.0153799057,80.2258224487,70510,70521,11
13.0149898529,80.226020813,70521,70531,10
13.0146303177,80.2261962891,70531,70541,10
13.0145902634,80.2262191772,70541,70551,10
13.014380455,80.2262878418,70551,70571,20
13.014380455,80.2262878418,70571,70581,10
13.0142002106,80.2263183594,70581,70591,10
13.0137195587,80.2264785767,70591,70601,10
13.0129995346,80.2267608643,70601,70611,10
13.0121603012,80.2270889282,70611,70622,11
13.0111103058,80.2275085449,70622,70632,10
13.0101299286,80.2278823853,70632,70642,10
13.0094900131,80.2278289795,70642,70652,10
13.0095701218,80.2274017334,70652,70662,10
13.0098800659,80.2267608643,70662,70672,10
13.0102596283,80.2259674072,70672,70682,10
13.0104999542,80.2254333496,70682,70692,10
13.0105304718,80.2253417969,70692,70702,10
13.0106897354,80.2249908447,70702,70713,11
13.0109195709,80.224357605,70713,70723,10
13.0111303329,80.2237625122,70723,70733,10
13.0112895966,80.2232589722,70733,70743,10
13.0115098953,80.2226409912,70743,70753,10
13.0117797852,80.2218780518,70753,70763,10
13.0120296478,80.2213363647,70763,70773,10
13.0120601654,80.2209320068,70773,70783,10
13.0118398666,80.2202072144,70783,70793,10
13.0115604401,80.2192993164,70793,70803,10
13.0112695694,80.2183990479,70803,70814,11
13.0108699799,80.2173690796,70814,70824,10
13.0104398727,80.2164306641,70824,70834,10
13.0101003647,80.2158584595,70834,70844,10
13.0098800659,80.2153701782,70844,70854,10
13.0097703934,80.2151870728,70854,70864,10
13.0095796585,80.2149505615,70864,70874,10
13.0094203949,80.2147293091,70874,70884,10
13.0092601776,80.2145309448,70884,70894,10
13.0092401505,80.2145004272,70894,70905,11
13.0089998245,80.2142028809,70905,70945,40
13.0089998245,80.2142028809,70945,70955,10
13.0087203979,80.2138595581,70955,70985,30
13.0087203979,80.2138595581,70985,70996,11
13.0085000992,80.2136001587,70996,71016,20
13.0085000992,80.2136001587,71016,71026,10
13.0082998276,80.2134475708,71026,71086,60
13.0082998276,80.2134475708,71086,71096,10
13.0079298019,80.2132492065,71096,71107,11
13.0077896118,80.2131500244,71107,71117,10
13.0076503754,80.2130203247,71117,71127,10
13.007399559,80.212890625,71127,71137,10
13.006939888,80.2128219604,71137,71147,10
13.006310463,80.2128219604,71147,71157,10
13.0057401657,80.2130203247,71157,71166,9
13.0051698685,80.2126922607,71166,71178,12
13.0044698715,80.2123031616,71178,71187,9
13.0042495728,80.2122192383,71187,71199,12
13.0039100647,80.2121200562,71199,71239,40
13.0039100647,80.2121200562,71239,71249,10
13.0037202835,80.2120437622,71249,71259,10
13.0036296844,80.2118606567,71259,71269,10
13.0036096573,80.2114715576,71269,71279,10
13.0035800934,80.2110290527,71279,71289,10
13.003490448,80.2104110718,71289,71300,11
13.0034799576,80.2098236084,71300,71310,10
13.0033798218,80.2093734741,71310,71320,10
13.0028400421,80.2090682983,71320,71330,10
13.0021600723,80.2087097168,71330,71340,10
13.0015697479,80.2083969116,71340,71350,10
13.0010499954,80.2081298828,71350,71360,10
13.000579834,80.2078933716,71360,71370,10
13.0001096725,80.2078018188,71370,71380,10
12.9996900558,80.2077026367,71380,71391,11
12.9992198944,80.2076034546,71391,71401,10
12.9989204407,80.2075424194,71401,71411,10
12.9986896515,80.2074813843,71411,71421,10
12.9984798431,80.2074584961,71421,71431,10
12.9983701706,80.2075881958,71431,71441,10
12.9983596802,80.2076263428,71441,71451,10
12.9983100891,80.2077484131,71451,71461,10
12.9982700348,80.2080612183,71461,71471,10
12.9981803894,80.2086181641,71471,71492,21
12.9981803894,80.2086181641,71492,71502,10
12.9981203079,80.2089767456,71502,71512,10
12.9979200363,80.2092971802,71512,71522,10
12.997759819,80.2095031738,71522,71532,10
12.9976797104,80.2096328735,71532,71542,10
12.9974899292,80.2100601196,71542,71552,10
12.9971399307,80.2105026245,71552,71572,20
12.9971399307,80.2105026245,71572,71583,11
12.9969396591,80.2104873657,71583,71593,10
12.9969100952,80.2104797363,71593,71603,10
12.9967803955,80.2104415894,71603,71613,10
12.9964799881,80.2104034424,71613,71623,10
12.9961595535,80.2103805542,71623,71633,10
12.9958696365,80.2103500366,71633,71643,10
12.9954500198,80.2103118896,71643,71653,10
12.9952802658,80.2102966309,71653,71663,10
12.9951496124,80.2102813721,71663,71673,10
12.9948997498,80.2102508545,71673,71684,11
12.9947099686,80.2102279663,71684,71694,10
12.9944095612,80.2101974487,71694,71704,10
12.9940004349,80.2101593018,71704,71713,9
12.9937295914,80.2101364136,71713,71744,31
12.9937295914,80.2101364136,71744,71754,10
12.9934301376,80.2101211548,71754,71764,10
12.9932203293,80.2100982666,71764,71774,10
12.9928503036,80.2100372314,71774,71785,11
12.9925603867,80.2099761963,71785,71795,10
12.9921998978,80.2099227905,71795,71805,10
12.9917497635,80.2098388672,71805,71815,10
12.9913597107,80.2097702026,71815,71825,10
12.9910097122,80.2097167969,71825,71835,10
12.9906997681,80.2096481323,71835,71845,10
12.9905395508,80.2096405029,71845,71855,10
12.9904603958,80.2099227905,71855,71865,10
12.9903001785,80.2105026245,71865,71876,11
12.9901399612,80.2110900879,71876,71886,10
12.9900598526,80.2113418579,71886,71896,10
12.9899301529,80.2118225098,71896,71906,10
12.9898004532,80.212310791,71906,71926,20
12.9898004532,80.212310791,71926,71936,10
12.9897403717,80.2125396729,71936,71946,10
12.9897298813,80.212562561,71946,71956,10
12.9896402359,80.2128982544,71956,71967,11
12.9895401001,80.2133331299,71967,71977,10
12.9895095825,80.2135162354,71977,71987,10
12.9894304276,80.2137527466,71987,71997,10
12.9893198013,80.2142028809,71997,72007,10
12.9892101288,80.2146835327,72007,72017,10
12.9891700745,80.2147521973,72017,72027,10
12.9889202118,80.2150802612,72027,72037,10
12.988650322,80.2155227661,72037,72047,10
12.9883203506,80.2159729004,72047,72057,10
12.9880304337,80.2164535522,72057,72068,11
12.9877996445,80.2170410156,72068,72078,10
12.9876403809,80.2175369263,72078,72088,10
12.9875097275,80.217956543,72088,72098,10
12.9874200821,80.2182312012,72098,72108,10
12.9873800278,80.2183380127,72108,72118,10
12.987159729,80.2183837891,72118,72128,10
12.9869098663,80.2183380127,72128,72138,10
12.9867401123,80.2182922363,72138,72148,10
12.986240387,80.2181625366,72148,72158,10
12.9853801727,80.2180023193,72158,72169,11
12.9839096069,80.2180175781,72169,72189,20
12.9839096069,80.2180175781,72189,72199,10
12.9835796356,80.2180175781,72199,72209,10
12.9829101563,80.2180099487,72209,72219,10
12.9822301865,80.2180023193,72219,72229,10
12.9814100266,80.2180862427,72229,72239,10
12.9806404114,80.2183380127,72239,72249,10
12.9799995422,80.2185821533,72249,72259,10
12.9793796539,80.2188415527,72259,72270,11
12.978770256,80.219078064,72270,72280,10
12.9783296585,80.21925354,72280,72290,10
12.9775800705,80.2195587158,72290,72300,10
12.9766998291,80.219909668,72300,72310,10
12.9756698608,80.2204208374,72310,72502,192
12.9756698608,80.2204208374,72502,72512,10
12.9754600525,80.2206192017,72512,72522,10
12.9755401611,80.2208786011,72522,72532,10
12.9757604599,80.221031189,72532,72805,273
12.9757604599,80.221031189,72805,72815,10
12.9758396149,80.2210998535,72815,72825,10
12.975859642,80.2211380005,72825,72836,11
12.9759502411,80.2212982178,72836,72846,10
12.9761295319,80.2216110229,72846,72856,10
12.976360321,80.222038269,72856,72866,10
12.9766597748,80.2224578857,72866,72876,10
12.976940155,80.2228088379,72876,72886,10
12.9772100449,80.2227630615,72886,72896,10
12.9774703979,80.2226333618,72896,72906,10
12.9774599075,80.2222213745,72906,72916,10
12.9774198532,80.2216567993,72916,72926,10
12.9773902893,80.2213287354,72926,72936,10
12.9773397446,80.2212905884,72936,72947,11
12.9770202637,80.2212905884,72947,72957,10
12.9764699936,80.2212677002,72957,72977,20
12.9764699936,80.2212677002,72977,72987,10
12.9760398865,80.2213363647,72987,73007,20
12.9760398865,80.2213363647,73007,73017,10
12.9757499695,80.2211837769,73017,73027,10
12.9755001068,80.2209091187,73027,73280,253
12.9755001068,80.2209091187,73280,73290,10
12.9753799438,80.2205200195,73290,73300,10
12.9755001068,80.2203979492,73300,73310,10
12.9755601883,80.2203521729,73310,73320,10
12.9756603241,80.2202911377,73320,73331,11
12.9762096405,80.2200393677,73331,73341,10
12.9769897461,80.2197113037,73341,73351,10
12.9778795242,80.2193527222,73351,73361,10
12.9785203934,80.2190933228,73361,73371,10
12.9791698456,80.2188415527,73371,73381,10
12.9796800613,80.2186431885,73381,73391,10
12.9800100327,80.2185134888,73391,73401,10
12.9803304672,80.2183837891,73401,73411,10
12.9809103012,80.2181777954,73411,73421,10
12.9817199707,80.2179412842,73421,73432,11
12.9823503494,80.2178726196,73432,73442,10
12.9829702377,80.2178878784,73442,73452,10
12.9835996628,80.2178573608,73452,73462,10
12.9836902618,80.2178726196,73462,73472,10
12.9838895798,80.217880249,73472,73482,10
12.9842596054,80.2178878784,73482,73492,10
12.9849500656,80.2178878784,73492,73502,10
12.9859199524,80.2179794312,73502,73512,10
12.9869098663,80.2182235718,73512,73522,10
12.9874200821,80.2182235718,73522,73543,21
12.9874200821,80.2182235718,73543,73559,16
12.9874696732,80.2180786133,73559,73571,12
12.9876804352,80.2174224854,73571,73581,10
12.9878396988,80.2169494629,73581,73591,10
12.9882001877,80.2161483765,73591,73601,10
12.9885196686,80.2156982422,73601,73611,10
12.9888696671,80.215171814,73611,73621,10
12.9892196655,80.2145309448,73621,73652,31
12.9892196655,80.2145309448,73652,73662,10
12.9892702103,80.2142791748,73662,73672,10
12.9893302917,80.2139968872,73672,73682,10
12.9894399643,80.2135391235,73682,73692,10
12.9895601273,80.2130126953,73692,73702,10
12.9897499084,80.2123184204,73702,73723,21
12.9897499084,80.2123184204,73723,73733,10
12.989780426,80.212097168,73733,73743,10
12.9899101257,80.2116622925,73743,73753,10
12.9900302887,80.211227417,73753,73763,10
12.9901103973,80.2109527588,73763,73773,10
12.9902801514,80.2103424072,73773,73783,10
12.990480423,80.2096633911,73783,73803,20
12.990480423,80.2096633911,73803,73813,10
12.9906196594,80.2096176147,73813,73824,11
12.9906396866,80.2096328735,73824,73834,10
12.9909000397,80.2097015381,73834,73844,10
12.9912500381,80.2097702026,73844,73854,10
12.9915599823,80.2098388672,73854,73864,10
12.9919996262,80.2099227905,73864,73874,10
12.9923400879,80.2099533081,73874,73884,10
12.9925899506,80.2099609375,73884,73894,10
12.9928798676,80.2099990845,73894,73905,11
12.9932603836,80.2100601196,73905,73915,10
12.9935703278,80.2100982666,73915,73945,30
12.9935703278,80.2100982666,73945,73955,10
12.9940595627,80.2101669312,73955,73965,10
12.9943399429,80.2101821899,73965,73975,10
12.9946699142,80.2102127075,73975,73985,10
12.9949903488,80.2102432251,73985,73995,10
12.9953203201,80.2102813721,73995,74005,10
12.99559021,80.2102966309,74005,74016,11
12.9958600998,80.2103424072,74016,74026,10
12.996219635,80.2103729248,74026,74036,10
12.9965295792,80.2104110718,74036,74046,10
12.9967699051,80.2104415894,74046,74056,10
12.9969701767,80.2104797363,74056,74066,10
12.9970703125,80.2105026245,74066,74076,10
12.9971599579,80.2105407715,74076,74085,9
12.997300148,80.2104873657,74085,74096,11
12.9973897934,80.2102584839,74096,74107,11
12.9975795746,80.2098236084,74107,74117,10
12.9978199005,80.2093811035,74117,74127,10
12.9980897903,80.2090377808,74127,74137,10
12.9981298447,80.2087020874,74137,74147,10
12.998169899,80.2083511353,74147,74157,10
12.9982204437,80.2081375122,74157,74167,10
12.9982995987,80.2077484131,74167,74177,10
12.9983501434,80.2075119019,74177,74187,10
12.9983596802,80.2074966431,74187,74197,10
12.9984798431,80.2074432373,74197,74208,11
12.9986000061,80.2074737549,74208,74218,10
12.9988203049,80.2075195313,74218,74228,10
12.9989004135,80.2075424194,74228,74238,10
12.9991598129,80.2076034546,74238,74248,10
12.9995803833,80.2076797485,74248,74258,10
13.0000200272,80.2077789307,74258,74268,10
13.0002403259,80.2078094482,74268,74278,10
13.0006599426,80.2079391479,74278,74288,10
13.0012903214,80.2082366943,74288,74299,11
13.0020999908,80.208656311,74299,74309,10
13.0027999878,80.2090377808,74309,74319,10
13.0033197403,80.2092971802,74319,74329,10
13.0034599304,80.2095336914,74329,74339,10
13.003490448,80.209777832,74339,74349,10
13.0035400391,80.2101135254,74349,74359,10
13.0036401749,80.2107772827,74359,74369,10
13.0037097931,80.2114028931,74369,74379,10
13.0037202835,80.2116699219,74379,74389,10
13.0039300919,80.2120513916,74389,74400,11
13.0045204163,80.2123031616,74400,74410,10
13.0051403046,80.2126312256,74410,74420,10
13.0058898926,80.2129669189,74420,74430,10
13.0065402985,80.2127609253,74430,74440,10
13.0070800781,80.2127990723,74440,74450,10
13.0075998306,80.212890625,74450,74470,20
13.0077695847,80.2130279541,74470,74551,81
13.0077695847,80.2130279541,74551,74561,10
13.0080795288,80.2132797241,74561,74571,10
13.0082998276,80.2133712769,74571,74581,10
13.008649826,80.2136764526,74581,74592,11
13.0092201233,80.2144393921,74592,74602,10
13.0095396042,80.2149200439,74602,74612,10
13.0098199844,80.2152404785,74612,74622,10
13.0101995468,80.2158432007,74622,74632,10
13.0107002258,80.2166137695,74632,74642,10
13.0110397339,80.2174224854,74642,74652,10
13.0113697052,80.21824646,74652,74662,10
13.0116996765,80.2192230225,74662,74672,10
13.0120401382,80.2202606201,74672,74682,10
13.0123300552,80.2210998535,74682,74699,17
13.012960434,80.2220077515,74699,74711,12
13.0134496689,80.2226104736,74711,74721,10
13.0137395859,80.2229919434,74721,74729,8
13.0141897202,80.2235565186,74729,74742,13
13.01445961,80.2238998413,74742,74752,10
13.0151700974,80.2247924805,74752,74772,20
13.0151700974,80.2247924805,74772,74783,11
13.0153503418,80.2249221802,74783,74793,10
13.0155200958,80.2250366211,74793,74803,10
13.0159797668,80.2253417969,74803,74813,10
13.0167398453,80.2252807617,74813,74836,23
13.018819809,80.2244720459,74836,74848,12
13.0197200775,80.2245864868,74848,74889,41
13.0197200775,80.2245864868,74889,74899,10
13.0200500488,80.2248764038,74899,74909,10
13.0206604004,80.2253036499,74909,74918,9
13.0212202072,80.2257232666,74918,74929,11
13.0219097137,80.2261734009,74929,74939,10
13.0220098495,80.2262420654,74939,74949,10
13.022190094,80.2264022827,74949,74959,10
13.0226402283,80.2268218994,74959,74969,10
13.0231399536,80.2273025513,74969,74979,10
13.0235700607,80.2276992798,74979,74990,11
13.0240402222,80.2281799316,74990,75000,10
13.0242300034,80.2283782959,75000,75010,10
13.0244903564,80.2287597656,75010,75020,10
13.0248699188,80.2293014526,75020,75029,9
13.0253095627,80.2298431396,75029,75040,11
13.0256900787,80.2304077148,75040,75050,10
13.0258703232,80.23072052,75050,75060,10
13.0259199142,80.2309570313,75060,75071,11
13.0259599686,80.2311706543,75071,75081,10
13.0260400772,80.2314300537,75081,75091,10
13.0265798569,80.2312927246,75091,75101,10
13.0273399353,80.2310791016,75101,75111,10
13.0279903412,80.2309875488,75111,75121,10
13.028459549,80.2309417725,75121,75131,10
13.0286102295,80.2309188843,75131,75141,10
13.0291700363,80.2308578491,75141,75151,10
13.029709816,80.2308120728,75151,75161,10
13.0301303864,80.230758667,75161,75171,10
13.0301399231,80.230758667,75171,75182,11
13.0302801132,80.230758667,75182,75192,10
13.0305404663,80.2307434082,75192,75202,10
13.0307703018,80.2307128906,75202,75212,10
13.0311203003,80.2306671143,75212,75222,10
13.0317497253,80.2306289673,75222,75232,10
13.0323200226,80.2305908203,75232,75242,10
13.0330896378,80.2305297852,75242,75252,10
13.0338001251,80.23046875,75252,75283,31
13.0338001251,80.23046875,75283,75293,10
13.0339603424,80.2303924561,75293,75323,30
13.0339603424,80.2303924561,75323,75333,10
13.0342903137,80.2303924561,75333,75343,10
13.0347099304,80.2303009033,75343,75353,10
13.0349597931,80.23021698,75353,75363,10
13.0350399017,80.2299118042,75363,75374,11
13.0343799591,80.2298431396,75374,75434,60
13.0343799591,80.2298431396,75434,75444,10
13.0342302322,80.2297973633,75444,75454,10
13.0341501236,80.2300491333,75454,75515,61
13.0341501236,80.2300491333,75515,75524,9
13.0341501236,80.2303085327,75524,75534,10
13.0341300964,80.230430603,75534,75545,11
13.0340299606,80.2305297852,75545,75556,11
13.0337095261,80.230506897,75556,75566,10
13.0334396362,80.2305526733,75566,75576,10
13.0331201553,80.2305603027,75576,75586,10
13.032790184,80.2305908203,75586,75596,10
13.0324401855,80.2306289673,75596,75606,10
13.0321598053,80.230682373,75606,75616,10
13.031920433,80.2306976318,75616,75626,10
13.0314397812,80.2307281494,75626,75636,10
13.0311403275,80.2307510376,75636,75646,10
13.0309095383,80.2307662964,75646,75657,11
13.0307197571,80.2307891846,75657,75667,10
13.0305204391,80.2308120728,75667,75677,10
13.0301504135,80.2308502197,75677,75687,10
13.0297899246,80.2309188843,75687,75717,30
13.0297899246,80.2309188843,75717,75727,10
13.0294799805,80.2309265137,75727,75737,10
13.0290699005,80.23097229,75737,75747,10
13.0284500122,80.2310409546,75747,75758,11
13.0278100967,80.2311096191,75758,75768,10
13.0276203156,80.2312698364,75768,75778,10
13.027680397,80.231842041,75778,75788,10
13.0277795792,80.2323684692,75788,75798,10
13.0278501511,80.2328262329,75798,75808,10
13.0271396637,80.2329711914,75808,75838,30
13.0271396637,80.2329711914,75838,75848,10
13.0268697739,80.2329788208,75848,75859,11
13.0265598297,80.2330093384,75859,75869,10
13.0263595581,80.232711792,75869,75879,10
13.0261898041,80.2322692871,75879,75889,10
13.02602005,80.231628418,75889,75899,10
13.0257997513,80.2307891846,75899,75909,10
13.0252399445,80.2298736572,75909,75919,10
13.024600029,80.2290420532,75919,75929,10
13.0240402222,80.2284088135,75929,75940,11
13.0234498978,80.2277603149,75940,75960,20
13.0234498978,80.2277603149,75960,75970,10
13.0232696533,80.2276229858,75970,75980,10
13.0232400894,80.2276382446,75980,75990,10
13.0230197906,80.2275085449,75990,76010,20
13.0230197906,80.2275085449,76010,76020,10
13.0227098465,80.2272415161,76020,76030,10
13.0225496292,80.2269210815,76030,76041,11
13.0220603943,80.2264633179,76041,76051,10
13.0214796066,80.225982666,76051,76061,10
13.0208997726,80.2255172729,76061,76071,10
13.0201597214,80.2249984741,76071,76081,10
13.0195798874,80.2246170044,76081,76091,10
13.0186901093,80.2245635986,76091,76101,10
13.0178098679,80.2249221802,76101,76111,10
13.0169401169,80.2252807617,76111,76121,10
13.0163402557,80.2255477905,76121,76132,11
13.0157403946,80.2257537842,76132,76133,1
13.0156803131,80.2257766724,76133,76134,1
13.0156097412,80.2257995605,76134,76143,9
13.0151395798,80.226020813,76143,76208,65
13.0130300522,80.2267684937,76208,76218,10
13.0121498108,80.2271118164,76218,76227,9
13.011300087,80.227432251,76227,76239,12
13.0101699829,80.2278366089,76239,76249,10
13.0095300674,80.2277832031,76249,76258,9
13.0096502304,80.2272872925,76258,76269,11
13.0100002289,80.2265396118,76269,76279,10
13.0104198456,80.2255706787,76279,76289,10
13.0107603073,80.2247772217,76289,76299,10
13.0111198425,80.2239227295,76299,76309,10
13.0112495422,80.2236328125,76309,76319,10
13.0112304688,80.2235565186,76319,76330,11
13.0114297867,80.2230377197,76330,76340,10
13.0116796494,80.2222976685,76340,76350,10
13.0119895935,80.2214584351,76350,76360,10
13.0121202469,80.2210388184,76360,76370,10
13.0119400024,80.220413208,76370,76380,10
13.0116901398,80.2195587158,76380,76390,10
13.0113697052,80.2186737061,76390,76400,10
13.011059761,80.2177429199,76400,76410,10
13.010720253,80.2169494629,76410,76420,10
13.0104198456,80.2163009644,76420,76430,10
13.0100498199,80.2156982422,76430,76441,11
13.0095701218,80.214881897,76441,76451,10
13.0090398788,80.2142333984,76451,76461,10
13.0084400177,80.2135162354,76461,76481,20
13.0082397461,80.2134094238,76481,76511,30
13.0082397461,80.2134094238,76511,76521,10
13.0080604553,80.2133102417,76521,76532,11
13.0078802109,80.2131881714,76532,76542,10
13.0077104568,80.2130279541,76542,76552,10
13.0073604584,80.2128829956,76552,76562,10
13.006819725,80.2127990723,76562,76572,10
13.0062599182,80.2128601074,76572,76582,10
13.0056400299,80.2129669189,76582,76592,10
13.0049104691,80.2125015259,76592,76602,10
13.0041799545,80.2122116089,76602,76612,10
13.0037603378,80.212097168,76612,76622,10
13.0036697388,80.2119293213,76622,76633,11
13.003660202,80.2113876343,76633,76643,10
13.0035896301,80.2107315063,76643,76653,10
13.0034999847,80.2101669312,76653,76663,10
13.0034799576,80.2097167969,76663,76673,10
13.0032596588,80.2093200684,76673,76683,10
13.0026302338,80.2089614868,76683,76693,10
13.0020799637,80.2086715698,76693,76703,10
13.0014200211,80.2082901001,76703,76713,10
13.0008602142,80.2080230713,76713,76724,11
13.000289917,80.2078018188,76724,76734,10
12.9998998642,80.2077331543,76734,76744,10
12.999420166,80.2076187134,76744,76754,10
12.9993095398,80.207611084,76754,76764,10
12.9989299774,80.2075500488,76764,76794,30
12.9989299774,80.2075500488,76794,76804,10
12.9987001419,80.2074890137,76804,76814,10
12.9984798431,80.2074203491,76814,76831,17
12.9983596802,80.207611084,76831,76843,12
12.9983701706,80.2077026367,76843,76853,10
12.9983501434,80.2078781128,76853,76863,10
12.998339653,80.2079391479,76863,76873,10
12.9983196259,80.2081222534,76873,76883,10
12.9982404709,80.2085723877,76883,76893,10
12.9981803894,80.2089996338,76893,76903,10
12.9978704453,80.2093811035,76903,76914,11
12.9976196289,80.2098770142,76914,76924,10
12.9974403381,80.2102584839,76924,76934,10
12.9972896576,80.2104873657,76934,76944,10
12.9971199036,80.2104568481,76944,76954,10
12.9970502853,80.2104492188,76954,76964,10
12.9967803955,80.2104187012,76964,76974,10
12.9966402054,80.2104110718,76974,76984,10
12.996219635,80.2103805542,76984,76994,10
12.9960298538,80.2103424072,76994,77004,10
12.99559021,80.2102966309,77004,77015,11
12.9950895309,80.2102508545,77015,77025,10
12.9946804047,80.2101974487,77025,77035,10
12.9944896698,80.2101974487,77035,77045,10
12.9941596985,80.2101516724,77045,77055,10
12.9940004349,80.2101364136,77055,77065,10
12.9937696457,80.2101364136,77065,77075,10
12.9937601089,80.2101364136,77075,77085,10
12.9935903549,80.2102508545,77085,77105,20
12.9935903549,80.2102508545,77105,77116,11
12.9935703278,80.2103881836,77116,77126,10
12.9934501648,80.2108078003,77126,77136,10
12.9933996201,80.2109832764,77136,77146,10
12.9933099747,80.2114181519,77146,77156,10
12.9931697845,80.212020874,77156,77172,16
12.9929704666,80.2127914429,77172,77184,12
12.9927597046,80.2130203247,77184,77194,10
12.9923801422,80.2129211426,77194,77204,10
12.9918298721,80.2127685547,77204,77213,9
12.9914798737,80.212677002,77213,77223,10
12.9914302826,80.212677002,77223,77234,11
12.9912996292,80.2126617432,77234,77245,11
12.9909601212,80.212562561,77245,77254,9
12.9904699326,80.2124328613,77254,77264,10
12.9899301529,80.2122802734,77264,77275,11
12.989780426,80.2123565674,77275,77285,10
12.9896697998,80.2127532959,77285,77295,10
12.9895401001,80.2133026123,77295,77306,11
12.9894304276,80.2136993408,77306,77316,10
12.9893198013,80.2142333984,77316,77326,10
12.9892396927,80.2146606445,77326,77336,10
12.9891796112,80.2147521973,77336,77346,10
12.9889001846,80.2151184082,77346,77356,10
12.9886198044,80.2155914307,77356,77366,10
12.9882802963,80.2160568237,77366,77376,10
12.9880104065,80.2165374756,77376,77386,10
12.9878396988,80.2170410156,77386,77396,10
12.9876804352,80.2175216675,77396,77405,9
12.9875001907,80.2180786133,77405,77417,12
12.9874000549,80.2183609009,77417,77427,10
12.9870595932,80.2183380127,77427,77437,10
12.9868001938,80.2182769775,77437,77447,10
12.9864196777,80.2181777954,77447,77457,10
12.9856700897,80.2179870605,77457,77465,8
12.9848804474,80.2179794312,77465,77477,12
12.9839096069,80.2179870605,77477,77488,11
12.9838600159,80.2179870605,77488,77498,10
12.9834604263,80.2179794312,77498,77509,11
12.9826097488,80.2179794312,77509,77519,10
12.9816904068,80.2180175781,77519,77529,10
12.9806404114,80.2183227539,77529,77539,10
12.980099678,80.2185211182,77539,77549,10
12.9799995422,80.2185668945,77549,77559,10
12.9797096252,80.2186965942,77559,77569,10
12.9791402817,80.2189331055,77569,77579,10
12.9785499573,80.2191619873,77579,77589,10
12.9777698517,80.2194671631,77589,77600,11
12.9767599106,80.2199020386,77600,77610,10
12.9763002396,80.2201385498,77610,77620,10
12.9761104584,80.2202224731,77620,77630,10
12.9759197235,80.2202835083,77630,77650,20
12.9759197235,80.2202835083,77650,77660,10
12.9755897522,80.2204437256,77660,77670,10
12.9755601883,80.2208786011,77670,77680,10
12.975979805,80.2212677002,77680,77690,10
12.9762601852,80.2216491699,77690,77711,21
12.9762601852,80.2216491699,77711,77721,10
12.9763698578,80.2218780518,77721,77731,10
12.9765701294,80.2222976685,77731,77741,10
12.9769802094,80.2229614258,77741,77751,10
12.9774799347,80.223777771,77751,77761,10
12.9778699875,80.2244110107,77761,77771,10
12.9780197144,80.224609375,77771,77782,11
12.9782800674,80.2250213623,77782,77792,10
12.978509903,80.2253875732,77792,77802,10
12.9785699844,80.2254867554,77802,77812,10
12.978770256,80.2258377075,77812,77822,10
12.9791002274,80.2263793945,77822,77832,10
12.9792699814,80.2266769409,77832,77842,10
12.9795598984,80.227142334,77842,77852,10
12.9799604416,80.2277984619,77852,77862,10
12.980389595,80.2285308838,77862,77872,10
12.9807596207,80.2291412354,77872,77882,10
12.9809103012,80.2293777466,77882,77893,11
12.9812898636,80.2299728394,77893,77903,10
12.9815502167,80.2304000854,77903,77913,10
12.9815502167,80.2304077148,77913,77923,10
12.9817304611,80.2307281494,77923,77933,10
12.9819602966,80.2314224243,77933,77943,10
12.9820404053,80.2321777344,77943,77953,10
12.9819602966,80.2327575684,77953,77963,10
12.9817800522,80.2331924438,77963,77973,10
12.9816398621,80.2335128784,77973,77983,10
12.9816303253,80.2335205078,77983,77994,11
12.9813995361,80.2339782715,77994,78004,10
12.9812097549,80.2346191406,78004,78014,10
12.9812202454,80.2358016968,78014,78024,10
12.9812602997,80.2368469238,78024,78034,10
12.9812898636,80.2378082275,78034,78043,9
12.981300354,80.2381362915,78043,78053,10
12.9813098907,80.2386398315,78053,78064,11
12.9813098907,80.2386627197,78064,78074,10
12.981300354,80.2387619019,78074,78085,11
12.9813203812,80.2392883301,78085,78095,10
12.9813404083,80.2397918701,78095,78105,10
12.9813604355,80.2404708862,78105,78115,10
12.9813699722,80.2413024902,78115,78125,10
12.9813699722,80.2421188354,78125,78135,10
12.9813899994,80.2425231934,78135,78145,10
12.9813995361,80.2426300049,78145,78155,10
12.9813995361,80.2429428101,78155,78165,10
12.9813995361,80.2430877686,78165,78176,11
12.9813995361,80.2434463501,78176,78186,10
12.9813203812,80.2441101074,78186,78196,10
12.9811897278,80.2450714111,78196,78206,10
12.9810495377,80.2462463379,78206,78216,10
12.980919838,80.247543335,78216,78226,10
12.9808197021,80.2488174438,78226,78236,10
12.9806604385,80.250038147,78236,78246,10
12.9803600311,80.2512283325,78246,78256,10
12.9801502228,80.2520980835,78256,78266,10
12.9801197052,80.2522583008,78266,78277,11
12.980099678,80.2523803711,78277,78287,10
12.9802503586,80.2526016235,78287,78297,10
12.9806604385,80.2526473999,78297,78307,10
12.9813995361,80.2526168823,78307,78317,10
12.982049942,80.2525863647,78317,78388,71
12.982049942,80.2525863647,78388,78398,10
12.982219696,80.2525787354,78398,78408,10
12.9826402664,80.2525634766,78408,78418,10
12.9832296371,80.2525100708,78418,78428,10
12.983830452,80.2524032593,78428,78438,10
12.9841499329,80.2522964478,78438,78448,10
12.9841804504,80.2522888184,78448,78458,10
12.9842996597,80.2522583008,78458,78468,10
12.9845104218,80.2521820068,78468,78479,11
12.9849996567,80.2520523071,78479,78489,10
12.98554039,80.2518997192,78489,78709,220
12.98554039,80.2518997192,78709,78718,9
12.9859800339,80.2517623901,78718,78729,11
12.9861602783,80.2516937256,78729,78739,10
12.9864597321,80.2516403198,78739,78749,10
12.9870901108,80.2515029907,78749,78759,10
12.9876499176,80.2513809204,78759,78840,81
12.9876499176,80.2513809204,78840,78850,10
12.9877996445,80.2514190674,78850,78861,11
12.9879798889,80.251991272,78861,78871,10
12.9879703522,80.252822876,78871,78881,10
12.9878702164,80.2538528442,78881,78891,10
12.9877796173,80.2548370361,78891,78901,10
12.9877099991,80.2555465698,78901,78911,10
12.9876699448,80.2559204102,78911,78921,10
12.9876298904,80.2562789917,78921,78931,10
12.9875802994,80.2567062378,78931,78941,10
12.9875001907,80.2574081421,78941,78951,10
12.9874401093,80.2581481934,78951,78962,11
12.9873800278,80.2585830688,78962,78972,10
12.9872398376,80.2593002319,78972,79012,40
12.9872398376,80.2593002319,79012,79022,10
12.9872303009,80.2594223022,79022,79032,10
12.9872303009,80.2595062256,79032,79042,10
12.9871397018,80.2596282959,79042,79053,11
12.9870901108,80.2596206665,79053,79063,10
12.9868602753,80.2595901489,79063,79083,20
12.9868602753,80.2595901489,79083,79093,10
12.9868001938,80.2595825195,79093,79103,10
12.9866399765,80.2593688965,79103,82014,2911
12.9866800308,80.2593612671,82014,82317,303
12.9866104126,80.2594604492,82317,84176,1859
12.9865999222,80.2594299316,84176,85835,1659
