12.9980201721,80.2566375732,20,6773,6753
12.998000145,80.2566223145,6773,8816,2043
12.998049736,80.2565689087,8816,19141,10325
12.998049736,80.2565689087,19141,19151,10
12.9979600906,80.2565994263,19151,19161,10
12.9978599548,80.2564468384,19161,19171,10
12.9976902008,80.2561798096,19171,19201,30
12.9976902008,80.2561798096,19201,19211,10
12.9977197647,80.2560424805,19211,19221,10
12.9976596832,80.2559509277,19221,19231,10
12.9973497391,80.2559280396,19231,19241,10
12.9970197678,80.2559509277,19241,19252,11
12.9969501495,80.2562408447,19252,19262,10
12.9968996048,80.256652832,19262,19272,10
12.9968595505,80.2572174072,19272,19282,10
12.9967899323,80.2578735352,19282,19292,10
12.996720314,80.2584762573,19292,19302,10
12.9966602325,80.2590866089,19302,19312,10
12.9965896606,80.2596893311,19312,19322,10
12.9965200424,80.260383606,19322,19332,10
12.9964504242,80.2611312866,19332,19342,10
12.9963703156,80.2618637085,19342,19352,10
12.9963102341,80.262260437,19352,19363,11
12.9962501526,80.2627410889,19363,19373,10
12.9962100983,80.2632293701,19373,19383,10
12.9961395264,80.2638473511,19383,19393,10
12.9960603714,80.2645568848,19393,19403,10
12.9959697723,80.2653579712,19403,19413,10
12.9958696365,80.2662506104,19413,19423,10
12.9957895279,80.2670593262,19423,19433,10
12.9958200455,80.2676696777,19433,19443,10
12.9962797165,80.2677383423,19443,19453,10
12.9968004227,80.2677612305,19453,19463,10
12.9973201752,80.2676086426,19463,19473,10
12.9978504181,80.2674407959,19473,19484,11
12.9984397888,80.2672576904,19484,19494,10
12.9991397858,80.2670516968,19494,19504,10
12.9997997284,80.2668380737,19504,19514,10
13.0001401901,80.2664871216,19514,19524,10
13.0002803802,80.2666625977,19524,20230,706
13.0002803802,80.2666625977,20230,20241,11
13.0002803802,80.2667770386,20241,20251,10
13.0001802444,80.2668991089,20251,20261,10
12.9998197556,80.2669906616,20261,20271,10
12.9993200302,80.2671127319,20271,20281,10
12.9987802505,80.267250061,20281,20291,10
12.9981498718,80.2674179077,20291,20301,10
12.9973402023,80.2676620483,20301,20311,10
12.9964599609,80.2677612305,20311,20321,10
12.995759964,80.2677078247,20321,20331,10
12.9956703186,80.2673873901,20331,20341,10
12.9956798553,80.2672729492,20341,20352,11
12.9957399368,80.2667922974,20352,20362,10
12.9958000183,80.2661514282,20362,20372,10
12.995880127,80.26537323,20372,20382,10
12.9959802628,80.2645111084,20382,20392,10
12.9961004257,80.2636413574,20392,20402,10
12.9961500168,80.2630386353,20402,20412,10
12.9961795807,80.2626800537,20412,20422,10
12.9962100983,80.2623825073,20422,20432,10
12.9962596893,80.2620162964,20432,20442,10
12.9963302612,80.2614135742,20442,20452,10
12.9964199066,80.260559082,20452,20462,10
12.996509552,80.2596282959,20462,20473,11
12.9966001511,80.2587738037,20473,20483,10
12.9966897964,80.2578735352,20483,20493,10
12.9967803955,80.2569274902,20493,20503,10
12.9968500137,80.2562179565,20503,20513,10
12.9969396591,80.255897522,20513,20523,10
12.9970502853,80.2558364868,20523,20533,10
12.9975004196,80.2558670044,20533,20543,10
12.998049736,80.2559204102,20543,20553,10
12.9985399246,80.2559967041,20553,20564,11
12.9987897873,80.2559967041,20564,20573,9
12.9989204407,80.2559967041,20573,20584,11
12.999130249,80.2560577393,20584,20594,10
12.9995298386,80.2561416626,20594,20604,10
13.000120163,80.2562637329,20604,20614,10
13.0007896423,80.2563781738,20614,20624,10
13.00137043,80.2564926147,20624,20634,10
13.0019798279,80.2565917969,20634,20644,10
13.0026502609,80.2567062378,20644,20660,16
13.0038995743,80.2569580078,20660,20672,12
13.0048503876,80.2571411133,20672,20680,8
13.0054998398,80.2572631836,20680,20693,13
13.0064001083,80.2574234009,20693,20703,10
13.0065202713,80.2570037842,20703,20713,10
13.0064897537,80.2563323975,20713,20723,10
13.006480217,80.2555236816,20723,20733,10
13.0065202713,80.2547225952,20733,20743,10
13.0064897537,80.2537612915,20743,20753,10
13.0065002441,80.2531890869,20753,20763,10
13.0065202713,80.253036499,20763,20773,10
13.0065202713,80.2526016235,20773,20783,10
13.0066099167,80.2520217896,20783,20793,10
13.0067195892,80.2514266968,20793,20804,11
13.0067396164,80.2506637573,20804,20814,10
13.0067396164,80.2497787476,20814,20824,10
13.0067195892,80.2488708496,20824,20834,10
13.006649971,80.2480926514,20834,20844,10
13.0066404343,80.2475509644,20844,20874,30
13.0066404343,80.2475509644,20874,20884,10
13.0066404343,80.2472915649,20884,20894,10
13.0065803528,80.24659729,20894,20915,21
13.0065803528,80.24659729,20915,20925,10
13.0066404343,80.2463226318,20925,20935,10
13.0066299438,80.2457962036,20935,20945,10
13.0066299438,80.2451400757,20945,20955,10
13.0066404343,80.2444534302,20955,20965,10
13.0066299438,80.2437820435,20965,20975,10
13.0066003799,80.2430725098,20975,20985,10
13.0065803528,80.2422485352,20985,20995,10
13.0065803528,80.2413864136,20995,21005,10
13.0066795349,80.2406082153,21005,21016,11
13.006819725,80.2398605347,21016,21026,10
13.0069704056,80.239112854,21026,21036,10
13.0071201324,80.2382965088,21036,21046,10
13.0072898865,80.2375183105,21046,21056,10
13.0073604584,80.2369232178,21056,21066,10
13.0073900223,80.2367935181,21066,21076,10
13.0074596405,80.2365188599,21076,21086,10
13.0075902939,80.2361221313,21086,21096,10
13.0077295303,80.235496521,21096,21106,10
13.0078697205,80.2348022461,21106,21116,10
13.0080299377,80.2339706421,21116,21127,11
13.0082197189,80.233001709,21127,21137,10
13.0083999634,80.2320404053,21137,21147,10
13.0085802078,80.231086731,21147,21157,10
13.008769989,80.2301330566,21157,21167,10
13.008939743,80.2292098999,21167,21177,10
13.0091400146,80.2282867432,21177,21187,10
13.0094995499,80.2274475098,21187,21197,10
13.0098896027,80.2265930176,21197,21207,10
13.0102701187,80.2258224487,21207,21217,10
13.0106601715,80.2250137329,21217,21228,11
13.0110502243,80.2240982056,21228,21238,10
13.0114002228,80.2232666016,21238,21248,10
13.0116500854,80.2225112915,21248,21258,10
13.0119695663,80.2217025757,21258,21268,10
13.0122995377,80.2213897705,21268,21278,10
13.0125598907,80.2217636108,21278,21288,10
13.0129699707,80.2222824097,21288,21298,10
13.0134801865,80.2228164673,21298,21308,10
13.0139398575,80.2231826782,21308,21349,41
13.0139398575,80.2231826782,21349,21359,10
13.0141601563,80.223487854,21359,21369,10
13.014380455,80.2237167358,21369,21379,10
13.0147600174,80.2241516113,21379,21389,10
13.0151901245,80.2246780396,21389,21399,10
13.0153503418,80.224822998,21399,21409,10
13.0154895782,80.2249221802,21409,21419,10
13.0156402588,80.2250900269,21419,21429,10
13.0159597397,80.2252807617,21429,21439,10
13.0164899826,80.2252807617,21439,21450,11
13.0171804428,80.2250213623,21450,21460,10
13.0179004669,80.2247314453,21460,21470,10
13.0186700821,80.2244186401,21470,21480,10
13.0192298889,80.2242507935,21480,21490,10
13.0193004608,80.2242584229,21490,21500,10
13.0193395615,80.2242584229,21500,21510,10
13.0195598602,80.2243728638,21510,21520,10
13.019900322,80.224609375,21520,21530,10
13.0204000473,80.2249832153,21530,21540,10
13.020939827,80.2253799438,21540,21550,10
13.0215501785,80.2258529663,21550,21560,10
13.0222301483,80.2263565063,21560,21569,9
13.0228595734,80.2268981934,21569,21581,12
13.0236597061,80.2276229858,21581,21591,10
13.0242004395,80.2282180786,21591,21601,10
13.024769783,80.2289962769,21601,21611,10
13.0253000259,80.2296981812,21611,21621,10
13.025759697,80.2304077148,21621,21631,10
13.02602005,80.2311172485,21631,21641,10
13.0263204575,80.2312927246,21641,21651,10
13.0269098282,80.2311325073,21651,21661,10
13.0276002884,80.2309570313,21661,21672,11
13.028380394,80.2308883667,21672,21692,20
13.028380394,80.2308883667,21692,21702,10
13.0287799835,80.2308425903,21702,21712,10
13.0292797089,80.2307891846,21712,21722,10
13.0293998718,80.2307662964,21722,21732,10
13.029709816,80.2307510376,21732,21742,10
13.0303096771,80.2306900024,21742,21752,10
13.0306797028,80.2305831909,21752,21762,10
13.0306301117,80.2302474976,21762,21772,10
13.0304203033,80.2296295166,21772,21783,11
13.03028965,80.228843689,21783,21793,10
13.0303401947,80.2283782959,21793,21803,10
13.0303602219,80.2282791138,21803,21813,10
13.030380249,80.227897644,21813,21823,10
13.0304203033,80.2276229858,21823,21833,10
13.0300798416,80.2274475098,21833,21843,10
13.0293798447,80.2273406982,21843,21853,10
13.0286102295,80.2272033691,21853,21863,10
13.0280895233,80.2270812988,21863,21873,10
13.027879715,80.226852417,21873,21884,11
13.0279998779,80.226272583,21884,21894,10
13.0281496048,80.2256317139,21894,21904,10
13.0283002853,80.2248077393,21904,21914,10
13.0284404755,80.2240982056,21914,21924,10
13.0286302567,80.2239990234,21924,21934,10
13.0288200378,80.2240219116,21934,21944,10
13.0291700363,80.2242202759,21944,21954,10
13.0297803879,80.2242584229,21954,21964,10
13.0305500031,80.2242889404,21964,21974,10
13.0310697556,80.2242279053,21974,21984,10
13.0311498642,80.2232666016,21984,22005,21
13.0311498642,80.2232666016,22005,22015,10
13.0312204361,80.22290802,22015,22025,10
13.0314598083,80.2224884033,22025,22035,10
13.0316696167,80.2219390869,22035,22045,10
13.0319700241,80.2213134766,22045,22055,10
13.0321502686,80.2205276489,22055,22065,10
13.0321702957,80.2199935913,22065,22075,10
13.0321598053,80.2198486328,22075,22085,10
13.0321702957,80.2194366455,22085,22095,10
13.0321598053,80.218788147,22095,22105,10
13.0317602158,80.2184524536,22105,22116,11
13.0314903259,80.2179031372,22116,22126,10
13.031419754,80.2172164917,22126,22136,10
13.0313596725,80.2169876099,22136,22146,10
13.031129837,80.2169570923,22146,22156,10
13.030500412,80.2167129517,22156,22176,20
13.030500412,80.2167129517,22176,22186,10
13.0304498672,80.2163391113,22186,22196,10
13.0304002762,80.2157669067,22196,22206,10
13.030380249,80.2151031494,22206,22216,10
13.0303897858,80.2145614624,22216,22227,11
13.0304498672,80.2139434814,22227,22237,10
13.030500412,80.2136306763,22237,22247,10
13.0305404663,80.2133712769,22247,22257,10
13.0306196213,80.2130203247,22257,22267,10
13.0306797028,80.2124404907,22267,22277,10
13.0307598114,80.2118606567,22277,22287,10
13.0307798386,80.2116928101,22287,22297,10
13.03083992,80.2113494873,22297,22307,10
13.0308704376,80.2110595703,22307,22317,10
13.0309200287,80.2107696533,22317,22326,9
13.030960083,80.2103500366,22326,22338,12
13.0309801102,80.2101974487,22338,22348,10
13.0307998657,80.2100372314,22348,22358,10
13.0304403305,80.2099227905,22358,22368,10
13.0300502777,80.2097396851,22368,22378,10
13.030090332,80.2093582153,22378,22388,10
13.0301799774,80.2091217041,22388,22398,10
13.0304403305,80.2090530396,22398,22408,10
13.0310201645,80.2091903687,22408,22418,10
13.0315103531,80.2093429565,22418,22429,11
13.0315504074,80.2093811035,22429,22439,10
13.0319404602,80.2094802856,22439,22449,10
13.0325403214,80.209602356,22449,22459,10
13.0332603455,80.2097167969,22459,22469,10
13.0340299606,80.2098464966,22469,22479,10
13.0348701477,80.2099533081,22479,22489,10
13.0351800919,80.2094116211,22489,22499,10
13.0352497101,80.2087936401,22499,22509,10
13.0352602005,80.2086791992,22509,22519,10
13.0352802277,80.2085037231,22519,22529,10
13.035320282,80.2080612183,22529,22540,11
13.0354404449,80.2073364258,22540,22549,9
13.0355501175,80.2066497803,22549,22560,11
13.0356903076,80.2058029175,22560,22570,10
13.035779953,80.2051696777,22570,22580,10
13.0358800888,80.2044906616,22580,22590,10
13.0359802246,80.2038497925,22590,22600,10
13.0360803604,80.2031173706,22600,22610,10
13.0361995697,80.2023086548,22610,22620,10
13.0363197327,80.2014770508,22620,22640,20
13.0363197327,80.2014770508,22640,22651,11
13.0363397598,80.2012710571,22651,22661,10
13.0364198685,80.2007980347,22661,22671,10
13.0365400314,80.2000579834,22671,22681,10
13.0366601944,80.1991424561,22681,22691,10
13.036740303,80.1985168457,22691,22701,10
13.0367603302,80.198387146,22701,22711,10
13.0368404388,80.1980514526,22711,22721,10
13.0368995667,80.197517395,22721,22731,10
13.0370101929,80.1968383789,22731,22741,10
13.0370903015,80.1963577271,22741,22751,10
13.0371198654,80.1961517334,22751,22761,10
13.0371599197,80.1957626343,22761,22772,11
13.0372695923,80.1951828003,22772,22782,10
13.0373601913,80.1945266724,22782,22792,10
13.0374603271,80.1938018799,22792,22802,10
13.037560463,80.193069458,22802,22812,10
13.037899971,80.1927490234,22812,22822,10
13.0383901596,80.192779541,22822,22832,10
13.0386800766,80.1928329468,22832,22842,10
13.0387802124,80.1928482056,22842,22852,10
13.0391397476,80.1928863525,22852,22862,10
13.0396900177,80.1929779053,22862,22872,10
13.0403795242,80.1931228638,22872,22882,10
13.0411996841,80.1932296753,22882,22893,11
13.0417995453,80.1934280396,22893,22903,10
13.0417804718,80.1940307617,22903,22913,10
13.041680336,80.1947479248,22913,22923,10
13.041560173,80.1955337524,22923,22933,10
13.0414800644,80.1961975098,22933,22943,10
13.0414104462,80.1967163086,22943,22953,10
13.0413999557,80.1967926025,22953,22963,10
13.0413398743,80.1971893311,22963,22973,10
13.041270256,80.1977386475,22973,22984,11
13.0411396027,80.1984786987,22984,22994,10
13.0410804749,80.1991577148,22994,23003,9
13.0410203934,80.1996231079,23003,23014,11
13.0409202576,80.200340271,23014,23024,10
13.0408296585,80.2011413574,23024,23034,10
13.040719986,80.2018432617,23034,23044,10
13.0406703949,80.2021179199,23044,23054,10
13.0405797958,80.2026977539,23054,23064,10
13.0404396057,80.2034988403,23064,23074,10
13.0403203964,80.2042770386,23074,23084,10
13.0402498245,80.2048721313,23084,23094,10
13.0405597687,80.2050628662,23094,23105,11
13.0411596298,80.205116272,23105,23115,10
13.0411996841,80.2051391602,23115,23125,10
13.0414199829,80.2052078247,23125,23135,10
13.0418796539,80.2052536011,23135,23145,10
13.0424804688,80.2053833008,23145,23155,10
13.0428104401,80.2057571411,23155,23165,10
13.0431995392,80.2063522339,23165,23175,10
13.043680191,80.2069702148,23175,23185,10
13.0440397263,80.2076034546,23185,23195,10
13.0441703796,80.2083129883,23195,23206,11
13.0441799164,80.2089767456,23206,23216,10
13.0441999435,80.2094573975,23216,23226,10
13.0442304611,80.2101135254,23226,23236,10
13.0442304611,80.2108383179,23236,23246,10
13.044260025,80.2117233276,23246,23256,10
13.0443296432,80.2121200562,23256,23266,10
13.0444498062,80.2122421265,23266,23276,10
13.044960022,80.2122192383,23276,23286,10
13.0457201004,80.2121963501,23286,23296,10
13.0468997955,80.2121276855,23296,23317,21
13.0468997955,80.2121276855,23317,23327,10
13.04708004,80.212059021,23327,23337,10
13.0471000671,80.2118835449,23337,23347,10
13.0471000671,80.2113876343,23347,23356,9
13.0470600128,80.2109603882,23356,23365,9
13.0472898483,80.2107391357,23365,23377,12
13.0478496552,80.2107620239,23377,23387,10
13.0483503342,80.2107696533,23387,23397,10
13.0489196777,80.2107620239,23397,23407,10
13.049489975,80.2107772827,23407,23417,10
13.0496797562,80.2104873657,23417,23428,11
13.0495700836,80.2098083496,23428,23438,10
13.0495195389,80.2091217041,23438,23448,10
13.0494003296,80.2084503174,23448,23458,10
13.0491600037,80.2077865601,23458,23468,10
13.0489196777,80.2071533203,23468,23478,10
13.049079895,80.2068405151,23478,23498,20
13.049079895,80.2068405151,23498,23508,10
13.049200058,80.2068786621,23508,23528,20
13.0492897034,80.2070999146,23528,25375,1847
13.0492897034,80.2070999146,25375,25385,10
13.0490598679,80.2074432373,25385,25395,10
13.0491199493,80.2077026367,25395,25406,11
13.0492801666,80.208152771,25406,25416,10
13.0494403839,80.2086868286,25416,25426,10
13.0495595932,80.2092971802,25426,25436,10
13.049659729,80.2099990845,25436,25446,10
13.0496997833,80.2105331421,25446,25456,10
13.0498199463,80.2113037109,25456,25466,10
13.0499095917,80.2120132446,25466,25475,9
13.0497598648,80.2121734619,25475,25486,11
13.049489975,80.2121887207,25486,25495,9
13.0493402481,80.2121734619,25495,25507,12
13.0489196777,80.2121810913,25507,25517,10
13.0483598709,80.2121963501,25517,25527,10
13.0476303101,80.2122573853,25527,25537,10
13.0466995239,80.2123031616,25537,25546,9
13.0457801819,80.2123336792,25546,25557,11
13.0450000763,80.2123565674,25557,25567,10
13.0448703766,80.2123794556,25567,25577,10
13.0444498062,80.2123565674,25577,25587,10
13.0442800522,80.2122192383,25587,25597,10
13.0442495346,80.2118377686,25597,25607,10
13.0442304611,80.2111587524,25607,25618,11
13.0441703796,80.210319519,25618,25628,10
13.0441398621,80.2095108032,25628,25638,10
13.0441102982,80.2089309692,25638,25648,10
13.0440998077,80.2088623047,25648,25658,10
13.044090271,80.2086181641,25658,25668,10
13.044090271,80.2081298828,25668,25678,10
13.0438995361,80.2074737549,25678,25688,10
13.0435600281,80.2069091797,25688,25698,10
13.0431404114,80.2062988281,25698,25708,10
13.0425901413,80.2056427002,25708,25719,11
13.0417404175,80.205291748,25719,25729,10
13.0408096313,80.2051620483,25729,25749,20
13.0408096313,80.2051620483,25749,25759,10
13.0407400131,80.2051620483,25759,25769,10
13.0403900146,80.2051086426,25769,25779,10
13.039899826,80.2050170898,25779,25795,16
13.0389499664,80.2048568726,25795,25807,12
13.0382499695,80.204750061,25807,25817,10
13.0381498337,80.2045211792,25817,25827,10
13.0382099152,80.2042236328,25827,25838,11
13.0382900238,80.2037124634,25838,25850,12
13.0383796692,80.202911377,25850,25860,10
13.0384397507,80.2023620605,25860,25870,10
13.0385103226,80.2018737793,25870,25879,9
13.0385904312,80.201499939,25879,25891,12
13.0386400223,80.2010192871,25891,25901,10
13.0387296677,80.2004394531,25901,25910,9
13.0388097763,80.1999969482,25910,25920,10
13.0388898849,80.199432373,25920,25931,11
13.0389204025,80.1991119385,25931,25942,11
13.0389995575,80.1986465454,25942,25952,10
13.0390901566,80.1979827881,25952,25962,10
13.0391798019,80.1973800659,25962,25972,10
13.0392398834,80.196937561,25972,25982,10
13.0392398834,80.1969223022,25982,25992,10
13.0392999649,80.1966171265,25992,26002,10
13.039349556,80.1963424683,26002,26012,10
13.0394001007,80.1958999634,26012,26022,10
13.0394601822,80.1952209473,26022,26032,10
13.0395698547,80.194519043,26032,26042,10
13.0396795273,80.1937484741,26042,26052,10
13.0397500992,80.1932373047,26052,26063,11
13.0397500992,80.1932220459,26063,26073,10
13.0396299362,80.1930389404,26073,26083,10
13.0392599106,80.1930007935,26083,26093,10
13.0388002396,80.1929321289,26093,26103,10
13.0387201309,80.1929168701,26103,26113,10
13.0385503769,80.1928482056,26113,26123,10
13.0381298065,80.192817688,26123,26133,10
13.0376996994,80.1930618286,26133,26143,10
13.0375900269,80.1937103271,26143,26153,10
13.0374803543,80.194442749,26153,26163,10
13.0373497009,80.1952972412,26163,26174,11
13.0372600555,80.1960372925,26174,26204,30
13.0372600555,80.1960372925,26204,26214,10
13.0372200012,80.1963424683,26214,26224,10
13.0371398926,80.1967773438,26224,26234,10
13.0370397568,80.1973419189,26234,26244,10
13.0369701385,80.1978225708,26244,26254,10
13.036860466,80.1986083984,26254,26274,20
13.036860466,80.1986083984,26274,26285,11
13.0368404388,80.1986999512,26285,26295,10
13.0367898941,80.1990203857,26295,26305,10
13.0367298126,80.1995391846,26305,26315,10
13.0366296768,80.2001800537,26315,26325,10
13.0365400314,80.2008590698,26325,26335,10
13.0364303589,80.2017593384,26335,26354,19
13.0364303589,80.2017593384,26354,26365,11
13.0363502502,80.2021408081,26365,26375,10
13.0362596512,80.2026367188,26375,26385,10
13.0361499786,80.2033309937,26385,26396,11
13.0360603333,80.2041168213,26396,26406,10
13.0359697342,80.2046813965,26406,26416,10
13.0358800888,80.2053222656,26416,26426,10
13.035779953,80.2059707642,26426,26436,10
13.0356903076,80.2066116333,26436,26446,10
13.0355901718,80.207321167,26446,26456,10
13.0354995728,80.2080535889,26456,26466,10
13.0354299545,80.2083969116,26466,26476,10
13.0354299545,80.2084121704,26476,26486,10
13.0353498459,80.2085800171,26486,26497,11
13.0352802277,80.2090835571,26497,26507,10
13.0351896286,80.2097396851,26507,26517,10
13.0351295471,80.2102966309,26517,26527,10
13.0349998474,80.2107391357,26527,26537,10
13.0348901749,80.2113800049,26537,26547,10
13.0347204208,80.2120513916,26547,26557,10
13.0340995789,80.2120513916,26557,26567,10
13.0333795547,80.2119827271,26567,26577,10
13.0326595306,80.2119369507,26577,26587,10
13.0325202942,80.2119216919,26587,26597,10
13.0323801041,80.2118835449,26597,26607,10
13.0319900513,80.2117614746,26607,26618,11
13.0319595337,80.21118927,26618,26628,10
13.0320501328,80.2105178833,26628,26644,16
13.031920433,80.2096176147,26644,26656,12
13.03125,80.2094192505,26656,26666,10
13.0307102203,80.2092971802,26666,26674,8
13.0302095413,80.2092819214,26674,26688,14
13.0301103592,80.2096176147,26688,26698,10
13.0300703049,80.2097320557,26698,26708,10
13.0303602219,80.2098693848,26708,26718,10
13.0308303833,80.2099761963,26718,26729,11
13.0310201645,80.2101287842,26729,26739,10
13.0309896469,80.2103881836,26739,26749,10
13.0309295654,80.2108612061,26749,26759,10
13.0308904648,80.2111434937,26759,26782,23
13.0307502747,80.2121429443,26782,26794,12
13.0306396484,80.2129135132,26794,26804,10
13.0305595398,80.2135162354,26804,26814,10
13.0305299759,80.2137374878,26814,26825,11
13.0304603577,80.2141036987,26825,26835,10
13.0303897858,80.2149124146,26835,26855,20
13.0303897858,80.2149124146,26855,26865,10
13.0304002762,80.215057373,26865,26875,10
13.0304203033,80.2154769897,26875,26885,10
13.0304203033,80.2159500122,26885,26894,9
13.0304403305,80.2164230347,26894,26904,10
13.0305299759,80.2169189453,26904,26915,11
13.0307598114,80.2169418335,26915,26925,10
13.0308904648,80.2169265747,26925,26935,10
13.03125,80.2169494629,26935,26946,11
13.0314903259,80.2171478271,26946,26956,10
13.031539917,80.2176971436,26956,26966,10
13.0316801071,80.2183303833,26966,26976,10
13.0322198868,80.2184829712,26976,26986,10
13.0322799683,80.2189788818,26986,26996,10
13.0322704315,80.2196807861,26996,27005,9
13.0322704315,80.2203826904,27005,27027,22
13.0322704315,80.2203826904,27027,27037,10
13.0321998596,80.2205810547,27037,27046,9
13.0320997238,80.220993042,27046,27058,12
13.031920433,80.2216415405,27058,27068,10
13.0317602158,80.2219467163,27068,27078,10
13.0314998627,80.2225112915,27078,27088,10
13.03125,80.2231826782,27088,27098,10
13.0312099457,80.2239837646,27098,27118,20
13.0312099457,80.2239837646,27118,27128,10
13.031129837,80.2242965698,27128,27138,10
13.0306797028,80.224319458,27138,27148,10
13.0300598145,80.2242965698,27148,27159,11
13.0294303894,80.2242965698,27159,27169,10
13.0290002823,80.2242279053,27169,27179,10
13.0289897919,80.2242202759,27179,27189,10
13.0289096832,80.2241592407,27189,27199,10
13.0286598206,80.2241210938,27199,27209,10
13.028459549,80.2244796753,27209,27219,10
13.0282897949,80.2252502441,27219,27229,10
13.0281600952,80.2258377075,27229,27239,10
13.0280399323,80.2264633179,27239,27249,10
13.0279598236,80.2268676758,27249,27260,11
13.0281095505,80.2270584106,27260,27270,10
13.0285797119,80.2271575928,27270,27280,10
13.0292596817,80.2272567749,27280,27290,10
13.0299396515,80.2273712158,27290,27300,10
13.0304403305,80.2275085449,27300,27310,10
13.0304298401,80.2278518677,27310,27320,10
13.0304098129,80.2281417847,27320,27330,10
13.0304098129,80.2282104492,27330,27340,10
13.0303602219,80.2286376953,27340,27350,10
13.0303297043,80.2292098999,27350,27360,10
13.0305595398,80.2298736572,27360,27370,10
13.0307102203,80.2304000854,27370,27381,11
13.0307302475,80.2306594849,27381,27391,10
13.0304403305,80.2307662964,27391,27400,9
13.0299596786,80.2308273315,27400,27411,11
13.0297603607,80.2308425903,27411,27421,10
13.0296497345,80.2308578491,27421,27431,10
13.0292901993,80.2308883667,27431,27441,10
13.0287399292,80.2309265137,27441,27451,10
13.0281095505,80.231010437,27451,27461,10
13.0276899338,80.231086731,27461,27471,10
13.0276899338,80.2314376831,27471,27482,11
13.0277204514,80.2317962646,27482,27492,10
13.0277900696,80.2322616577,27492,27502,10
13.027879715,80.232711792,27502,27512,10
13.0275096893,80.2328796387,27512,27522,10
13.0268096924,80.233039856,27522,27572,50
13.0268096924,80.233039856,27572,27582,10
13.0266799927,80.2330703735,27582,27593,11
13.02643013,80.2329788208,27593,27603,10
13.0262498856,80.2324981689,27603,27613,10
13.026049614,80.2317810059,27613,27623,10
13.0258398056,80.2309188843,27623,27632,9
13.0254096985,80.2301330566,27632,27643,11
13.0248699188,80.2293930054,27643,27653,10
13.0244598389,80.2288513184,27653,27663,10
13.0239200592,80.2282562256,27663,27683,20
13.0239200592,80.2282562256,27683,27693,10
13.0238304138,80.2281417847,27693,27704,11
13.0235996246,80.2278671265,27704,27714,10
13.0233297348,80.2276000977,27714,27724,10
13.022939682,80.2272415161,27724,27734,10
13.0224103928,80.2267608643,27734,27744,10
13.0217599869,80.2262115479,27744,27754,10
13.0211200714,80.225692749,27754,27764,10
13.0204496384,80.2251968384,27764,27774,10
13.0197401047,80.2247390747,27774,27784,10
13.018910408,80.2245407104,27784,27794,10
13.0180397034,80.2248382568,27794,27804,10
13.0172395706,80.2251586914,27804,27820,16
13.0163297653,80.2255172729,27820,27833,13
13.0157003403,80.2257537842,27833,27843,10
13.0153198242,80.2258987427,27843,27853,10
13.0145397186,80.2262191772,27853,27862,9
13.0142097473,80.2263565063,27862,27873,11
13.0141897202,80.2263565063,27873,27883,10
13.0138502121,80.2264709473,27883,27893,10
13.0133304596,80.2266693115,27893,27903,10
13.0126800537,80.2269134521,27903,27913,10
13.0119695663,80.2271881104,27913,27924,11
13.0110397339,80.2275619507,27924,27934,10
13.0101203918,80.2279205322,27934,27944,10
13.0092601776,80.2284164429,27944,27954,10
13.0089998245,80.2294082642,27954,27964,10
13.008769989,80.2305374146,27964,27974,10
13.0085802078,80.2316589355,27974,27984,10
13.0083799362,80.2327270508,27984,27994,10
13.008310318,80.2334365845,27994,28004,10
13.0082902908,80.2334976196,28004,28014,10
13.0082197189,80.2337188721,28014,28024,10
13.0081100464,80.2341766357,28024,28035,11
13.0079698563,80.2349090576,28035,28045,10
13.0077800751,80.2357635498,28045,28055,10
13.0075798035,80.2367172241,28055,28065,10
13.0074195862,80.2376327515,28065,28075,10
13.0072498322,80.2385406494,28075,28085,10
13.0071001053,80.2393569946,28085,28095,10
13.0069904327,80.2398986816,28095,28105,10
13.0068998337,80.2403564453,28105,28115,10
13.0068702698,80.2406768799,28115,28125,10
13.0068702698,80.2406921387,28125,28135,10
13.0068101883,80.2408905029,28135,28146,11
13.006770134,80.2414474487,28146,28156,10
13.0067501068,80.2422027588,28156,28166,10
13.0067195892,80.2431182861,28166,28176,10
13.0067195892,80.2440719604,28176,28186,10
13.0067195892,80.2451324463,28186,28196,10
13.0067396164,80.2459793091,28196,28206,10
13.0067396164,80.246421814,28206,28216,10
13.0067501068,80.2464675903,28216,28226,10
13.0067596436,80.2468566895,28226,28236,10
13.0067501068,80.2473983765,28236,28246,10
13.0067796707,80.2481307983,28246,28257,11
13.006819725,80.2489013672,28257,28267,10
13.0068998337,80.2496414185,28267,28277,10
13.0068998337,80.2496871948,28277,28287,10
13.0068902969,80.2498703003,28287,28297,10
13.0068702698,80.2504196167,28297,28307,10
13.0068597794,80.2511825562,28307,28317,10
13.0066900253,80.2520370483,28317,28327,10
13.0065898895,80.2530670166,28327,28337,10
13.0066003799,80.2541885376,28337,28347,10
13.0066604614,80.255027771,28347,28357,10
13.0066604614,80.2550964355,28357,28368,11
13.0066404343,80.2555007935,28368,28378,10
13.0066404343,80.2562026978,28378,28388,10
13.0066604614,80.2571029663,28388,28408,20
13.0066604614,80.2571029663,28408,28418,10
13.0066795349,80.2573013306,28418,28428,10
13.0065498352,80.257522583,28428,28438,10
13.0061702728,80.2574996948,28438,28448,10
13.0055999756,80.2573928833,28448,28458,10
13.0049600601,80.2572174072,28458,28469,11
13.0041399002,80.2570495605,28469,28479,10
13.0033197403,80.2568969727,28479,28489,10
13.0025596619,80.2567520142,28489,28499,10
13.0019598007,80.2566375732,28499,28519,20
13.0019598007,80.2566375732,28519,28529,10
13.0018701553,80.2566070557,28529,28539,10
13.0014295578,80.2565612793,28539,28549,10
13.000749588,80.2564620972,28549,28559,10
13.0000896454,80.2563400269,28559,28569,10
12.9996995926,80.2562713623,28569,28579,10
12.9992904663,80.256187439,28579,28590,11
12.9987096786,80.2561035156,28590,28600,10
12.998169899,80.2560424805,28600,28610,10
12.9979600906,80.2560195923,28610,28620,10
12.9978199005,80.2560195923,28620,28630,10
12.9975299835,80.2560119629,28630,28640,10
12.9971199036,80.2559814453,28640,28650,10
12.9969301224,80.2563171387,28650,28660,10
12.9968595505,80.2569885254,28660,28670,10
12.9967803955,80.2577667236,28670,28680,10
12.9966802597,80.2586517334,28680,28691,11
12.9965896606,80.2595214844,28691,28701,10
12.9965000153,80.2603683472,28701,28711,10
12.9964103699,80.2612380981,28711,28721,10
12.996339798,80.26171875,28721,28731,10
12.9962902069,80.2621231079,28731,28741,10
12.996219635,80.2626495361,28741,28751,10
12.9961595535,80.2631988525,28751,28761,10
12.9961099625,80.2638397217,28761,28771,10
12.9960298538,80.2646102905,28771,28781,10
12.9959201813,80.2654800415,28781,28791,10
12.9958200455,80.2665176392,28791,28802,11
12.9957304001,80.267539978,28802,28812,10
12.9961700439,80.2677230835,28812,28822,10
12.9965295792,80.2677612305,28822,28832,10
12.9969701767,80.2677001953,28832,28842,10
12.9975700378,80.2675170898,28842,28852,10
12.9982099533,80.2673416138,28852,28862,10
12.9989299774,80.2671203613,28862,28872,10
12.9997797012,80.2668685913,28872,28882,10
13.0001602173,80.2665100098,28882,28892,10
13.0001802444,80.266418457,28892,28902,10
13.0003299713,80.2656707764,28902,28941,39
13.0003299713,80.2656707764,28941,28951,10
13.0003595352,80.265953064,28951,29748,797
13.0003595352,80.2660903931,29748,29910,162
13.0003900528,80.2661590576,29910,30444,534
13.0003900528,80.2661590576,30444,30455,11
13.0003595352,80.2663269043,30455,30465,10
13.0003404617,80.2664871216,30465,30485,20
13.0003404617,80.2664871216,30485,30495,10
13.0003595352,80.2667236328,30495,30505,10
13.000289917,80.2668228149,30505,30515,10
13.0000896454,80.2668762207,30515,30525,10
12.9996500015,80.266998291,30525,30535,10
12.9990501404,80.2671813965,30535,30545,10
12.998459816,80.2673187256,30545,30555,10
12.9978504181,80.2675018311,30555,30566,11
12.9971599579,80.2677001953,30566,30576,10
12.9964799881,80.2677764893,30576,30586,10
12.9959001541,80.2677383423,30586,30596,10
12.9956798553,80.2674636841,30596,30607,11
12.9956903458,80.2673492432,30607,30618,11
12.9957103729,80.2672576904,30618,30628,10
12.9957504272,80.2668685913,30628,30637,9
12.9957895279,80.266418457,30637,30648,11
12.9958600998,80.2656326294,30648,30658,10
12.9959402084,80.2649765015,30658,30670,12
12.9960298538,80.2642593384,30670,30680,10
12.9961004257,80.2635803223,30680,30690,10
12.9961500168,80.2630233765,30690,30700,10
12.9961996078,80.2626037598,30700,30710,10
12.9961996078,80.2625427246,30710,30720,10
12.996219635,80.2624664307,30720,30730,10
12.9962596893,80.2621231079,30730,30740,10
12.9962997437,80.2617034912,30740,30750,10
12.9963598251,80.2610397339,30750,30760,10
12.9964599609,80.2602996826,30760,30776,16
12.9965496063,80.2593307495,30776,30789,13
12.9966096878,80.2587203979,30789,30799,10
12.9966402054,80.2582931519,30799,30809,10
12.9967002869,80.2577667236,30809,30819,10
12.9967803955,80.2572097778,30819,30829,10
12.9968204498,80.2567596436,30829,30839,10
12.9968595505,80.2562789917,30839,30869,30
12.9968595505,80.2562789917,30869,30879,10
12.9969902039,80.2559204102,30879,30889,10
12.9973697662,80.2558822632,30889,30900,11
12.9985599518,80.2559661865,30900,30941,41
12.9985599518,80.2559661865,30941,30951,10
12.9987897873,80.2559814453,30951,30961,10
12.9989204407,80.2560119629,30961,30971,10
12.999130249,80.2560424805,30971,30980,9
12.9995098114,80.2561035156,30980,30991,11
13.0000400543,80.2562179565,30991,31001,10
13.000869751,80.256362915,31001,31044,43
13.000869751,80.256362915,31044,31054,10
13.0010099411,80.256439209,31054,31064,10
13.0013399124,80.256477356,31064,31074,10
13.0017795563,80.2565612793,31074,31083,9
13.0023603439,80.2566375732,31083,31094,11
13.0031003952,80.2567901611,31094,31104,10
13.0038299561,80.2569503784,31104,31115,11
13.004699707,80.2571182251,31115,31124,9
13.0054197311,80.2572479248,31124,31135,11
13.0062904358,80.2573776245,31135,31145,10
13.0065402985,80.2570800781,31145,31155,10
13.0065002441,80.2566833496,31155,31165,10
13.0064897537,80.2560577393,31165,31175,10
13.0064897537,80.2552719116,31175,31185,10
13.0065002441,80.2543869019,31185,31195,10
13.0064601898,80.253326416,31195,31215,20
13.0064601898,80.253326416,31215,31226,11
13.0064697266,80.253112793,31226,31236,10
13.0065097809,80.252532959,31236,31246,10
13.0066604614,80.2518386841,31246,31326,80
13.0066604614,80.2518386841,31326,31337,11
13.006770134,80.2514877319,31337,31347,10
13.0068101883,80.2509689331,31347,31357,10
13.0067796707,80.25025177,31357,31367,10
13.0067396164,80.249382019,31367,31377,10
13.0066900253,80.2486572266,31377,31407,30
13.0066900253,80.2486572266,31407,31417,10
13.0066404343,80.248298645,31417,31427,10
13.0066299438,80.2479400635,31427,31437,10
13.0066099167,80.2474975586,31437,31569,132
13.0066099167,80.2474975586,31569,31579,10
13.0066299438,80.2473983765,31579,31589,10
13.0066299438,80.2469787598,31589,31599,10
13.0066003799,80.2465209961,31599,31609,10
13.0066003799,80.2464904785,31609,31619,10
13.0066003799,80.2463531494,31619,31629,10
13.0066003799,80.2459716797,31629,31639,10
13.0066204071,80.2453613281,31639,31649,10
13.0065898895,80.2446212769,31649,31659,10
13.0065898895,80.2439880371,31659,31670,11
13.0066003799,80.2436294556,31670,31680,10
13.0065698624,80.2433319092,31680,31690,10
13.0065402985,80.2428817749,31690,31700,10
13.0065498352,80.2421875,31700,31709,9
13.0065402985,80.2415313721,31709,31720,11
13.0066604614,80.2408294678,31720,31729,9
13.0067396164,80.2404327393,31729,31740,11
13.0067996979,80.240020752,31740,31750,10
13.0069503784,80.239440918,31750,31760,10
13.0070800781,80.2385864258,31760,31770,10
13.0072402954,80.237739563,31770,31781,11
13.007399559,80.2369613647,31781,31791,10
13.0074796677,80.2365570068,31791,31801,10
13.0074796677,80.2365493774,31801,31811,10
13.0075702667,80.2362670898,31811,31821,10
13.0076704025,80.2358398438,31821,31831,10
13.0077896118,80.2353134155,31831,31841,10
13.007900238,80.2347106934,31841,31851,10
13.0080404282,80.2340164185,31851,31861,10
13.0081996918,80.2331314087,31861,31871,10
13.0084104538,80.2321166992,31871,31881,10
13.0086297989,80.2310333252,31881,31892,11
13.0088701248,80.2297897339,31892,31902,10
13.0090799332,80.2287216187,31902,31912,10
13.0093898773,80.2277374268,31912,31922,10
13.0098495483,80.2267227173,31922,31932,10
13.0102901459,80.2258300781,31932,31942,10
13.0105800629,80.2252807617,31942,31952,10
13.0106401443,80.2251281738,31952,31962,10
13.0107698441,80.2248306274,31962,31972,10
13.0110197067,80.2242279053,31972,31982,10
13.0112600327,80.2235412598,31982,31992,10
13.0113296509,80.2233276367,31992,32003,11
13.0113897324,80.2231521606,32003,32013,10
13.0115404129,80.2228622437,32013,32023,10
13.0117502213,80.2222976685,32023,32033,10
13.0120296478,80.2214813232,32033,32043,10
13.0123500824,80.2214584351,32043,32053,10
13.0127096176,80.2219467163,32053,32063,10
13.0132303238,80.2225036621,32063,32073,10
13.0137300491,80.2230834961,32073,32089,16
13.0145797729,80.2241516113,32089,32101,12
13.0155296326,80.2249679565,32101,32122,21
13.0155296326,80.2249679565,32122,32131,9
13.0157403946,80.2251968384,32131,32141,10
13.0160903931,80.2253112793,32141,32151,10
13.0166597366,80.2252578735,32151,32162,11
13.0174598694,80.2249526978,32162,32172,10
13.0185203552,80.2245025635,32172,32182,10
13.0191602707,80.2243118286,32182,32192,10
13.019370079,80.2242965698,32192,32213,21
13.019370079,80.2242965698,32213,32223,10
13.0193901062,80.2243270874,32223,32233,10
13.0195198059,80.2243881226,32233,32243,10
13.0196695328,80.2244873047,32243,32253,10
13.0199403763,80.2246704102,32253,32263,10
13.0204000473,80.2249984741,32263,32273,10
13.0208797455,80.2253417969,32273,32289,16
13.0216197968,80.2259292603,32289,32301,12
13.0221595764,80.2263565063,32301,32309,8
13.0225601196,80.2266998291,32309,32321,12
13.0230798721,80.2271728516,32321,32331,10
13.0233201981,80.2273788452,32331,32342,11
13.0236196518,80.2276382446,32342,32351,9
13.0238103867,80.2277984619,32351,32382,31
13.0238103867,80.2277984619,32382,32392,10
13.0239801407,80.2279586792,32392,32402,10
13.0241298676,80.2281570435,32402,32412,10
13.0242795944,80.2283782959,32412,32422,10
13.0245199203,80.2286911011,32422,32432,10
13.024720192,80.2289810181,32432,32443,11
13.0249099731,80.2292175293,32443,32453,10
13.0249996185,80.2293319702,32453,32463,10
13.0252199173,80.2296066284,32463,32473,10
13.025560379,80.2300415039,32473,32483,10
13.0257501602,80.2303390503,32483,32544,61
13.0257501602,80.2303390503,32544,32553,9
13.0259103775,80.230682373,32553,32564,11
13.0260095596,80.2310180664,32564,32574,10
13.0260696411,80.2313537598,32574,32584,10
13.0264797211,80.2312469482,32584,32594,10
13.0271396637,80.2310791016,32594,32604,10
13.0278596878,80.2309494019,32604,32614,10
13.028459549,80.2308731079,32614,32624,10
13.0285301208,80.2308502197,32624,32634,10
13.0287599564,80.2308273315,32634,32644,10
13.0292301178,80.2307815552,32644,32665,21
13.0292301178,80.2307815552,32665,32675,10
13.0293397903,80.230758667,32675,32685,10
13.0296297073,80.2307434082,32685,32695,10
13.0300998688,80.2307128906,32695,32705,10
13.0306100845,80.2306671143,32705,32715,10
13.0306997299,80.2305374146,32715,32725,10
13.0306396484,80.23021698,32725,32735,10
13.0304098129,80.2296066284,32735,32745,10
13.03028965,80.2289123535,32745,32755,10
13.0303602219,80.2282485962,32755,32776,21
13.0303602219,80.2282485962,32776,32786,10
13.0304002762,80.227897644,32786,32796,10
13.0304203033,80.2276000977,32796,32806,10
13.0303001404,80.2274780273,32806,32816,10
13.0297603607,80.2273712158,32816,32826,10
13.0291099548,80.2272567749,32826,32836,10
13.0284204483,80.2271499634,32836,32852,16
13.0279598236,80.2269821167,32852,32864,12
13.027970314,80.2264633179,32864,32872,8
13.0280599594,80.2259674072,32872,32885,13
13.0282802582,80.2248764038,32885,32895,10
13.0284404755,80.2241363525,32895,32905,10
13.0287799835,80.2239990234,32905,32914,9
13.0288200378,80.2240066528,32914,32925,11
13.0289802551,80.2241210938,32925,32935,10
13.0293102264,80.2242584229,32935,32945,10
13.0299301147,80.2242507935,32945,32953,8
13.0303602219,80.2242736816,32953,32965,12
13.031080246,80.2242584229,32965,32974,9
13.0311403275,80.2239074707,32974,32985,11
13.0311803818,80.2230987549,32985,33006,21
13.0311803818,80.2230987549,33006,33016,10
13.0312700272,80.2227325439,33016,33026,10
13.031539917,80.2222976685,33026,33036,10
13.0318202972,80.2217025757,33036,33046,10
13.0320501328,80.220993042,33046,33056,10
13.0321798325,80.2204208374,33056,33066,10
13.0321998596,80.2198867798,33066,33086,20
13.0321998596,80.2198867798,33086,33096,10
13.0322504044,80.2196884155,33096,33107,11
13.0322303772,80.2191772461,33107,33117,10
13.0321397781,80.2185592651,33117,33127,10
13.0316400528,80.218421936,33127,33137,10
13.0314798355,80.2177963257,33137,33147,10
13.0314102173,80.2171783447,33147,33157,10
13.0312900543,80.2170028687,33157,33167,10
13.0310401917,80.2170715332,33167,33177,10
13.0304403305,80.2166366577,33177,33197,20
13.0304403305,80.2166366577,33197,33207,10
13.0304203033,80.2162704468,33207,33218,11
13.0303602219,80.2156600952,33218,33228,10
13.0303401947,80.2150421143,33228,33238,10
13.0303602219,80.2144393921,33238,33258,20
13.0303602219,80.2144393921,33258,33268,10
13.0304203033,80.2142868042,33268,33278,10
13.0304403305,80.2139205933,33278,33288,10
13.0304698944,80.2136230469,33288,33298,10
13.0305204391,80.2133789063,33298,33308,10
13.0305700302,80.212928772,33308,33318,10
13.0306100845,80.212310791,33318,33329,11
13.0306901932,80.2117233276,33329,33339,10
13.0307798386,80.2114181519,33339,33349,10
13.0308303833,80.2111206055,33349,33359,10
13.0308704376,80.2109222412,33359,33369,10
13.0309295654,80.2104492188,33369,33379,10
13.0309400558,80.2101821899,33379,33389,10
13.0308103561,80.2100296021,33389,33399,10
13.0304298401,80.2098617554,33399,33409,10
13.0300798416,80.2096481323,33409,33419,10
13.0301198959,80.2092971802,33419,33450,31
13.0301198959,80.2092971802,33450,33460,10
13.0301904678,80.2090606689,33460,33470,10
13.0304203033,80.2090530396,33470,33480,10
13.0309400558,80.2091827393,33480,33490,10
13.0314798355,80.2092971802,33490,33500,10
13.0315303802,80.2092971802,33500,33516,16
13.0317001343,80.2094192505,33516,33528,12
13.0322999954,80.2095413208,33528,33536,8
13.0328502655,80.2096328735,33536,33549,13
13.0336999893,80.2098007202,33549,33559,10
13.0343799591,80.2099075317,33559,33569,10
13.0349502563,80.2099609375,33569,33579,10
13.0351600647,80.2095870972,33579,33589,10
13.0352096558,80.2090835571,33589,33599,10
13.0352602005,80.2086181641,33599,33618,19
13.0352602005,80.2086181641,33618,33629,11
13.035320282,80.2082519531,33629,33639,10
13.0354003906,80.2077102661,33639,33649,10
13.0354995728,80.2069473267,33649,33660,11
13.0355997086,80.2061233521,33660,33670,10
13.0354795456,80.2058334351,33670,33680,10
13.0355195999,80.2054824829,33680,33690,10
13.0355195999,80.2054672241,33690,33700,10
13.0355396271,80.205291748,33700,33710,10
13.035779953,80.205078125,33710,33720,10
13.0358695984,80.2045822144,33720,33730,10
13.0359601974,80.203956604,33730,33740,10
13.0360097885,80.2035980225,33740,33750,10
13.0360898972,80.2030563354,33750,33760,10
13.0362100601,80.2023162842,33760,33771,11
13.0363197327,80.2016067505,33771,33781,10
13.0363302231,80.2015228271,33781,33791,10
13.036359787,80.2013397217,33791,33801,10
13.0364103317,80.200958252,33801,33811,10
13.0364704132,80.2002792358,33811,33821,10
13.0365495682,80.1994628906,33821,33831,10
13.0366802216,80.198600769,33831,33841,10
13.036740303,80.1983032227,33841,33851,10
13.0368003845,80.1981506348,33851,33861,10
13.0368299484,80.1977233887,33861,33871,10
13.0369195938,80.1971511841,33871,33882,11
13.03703022,80.1963195801,33882,33902,20
13.03703022,80.1963195801,33902,33912,10
13.0371398926,80.1960220337,33912,33922,10
13.0371799469,80.1956329346,33922,33932,10
13.0372495651,80.1950302124,33932,33942,10
13.0373601913,80.1942596436,33942,33952,10
13.0374803543,80.1934127808,33952,33962,10
13.0378398895,80.192741394,33962,33993,31
13.0378398895,80.192741394,33993,34003,10
13.0382299423,80.1927566528,34003,34013,10
13.038769722,80.1928405762,34013,34033,20
13.038769722,80.1928405762,34033,34043,10
13.0390996933,80.1929092407,34043,34053,10
13.0395898819,80.1929702759,34053,34063,10
13.0401697159,80.1930465698,34063,34073,10
13.0408201218,80.1931610107,34073,34083,10
13.0415096283,80.1932830811,34083,34094,11
13.0417499542,80.1937026978,34094,34104,10
13.0417604446,80.193939209,34104,34114,10
13.0417804718,80.1940612793,34114,34124,10
13.0417203903,80.1945114136,34124,34134,10
13.0416402817,80.1951980591,34134,34144,10
13.0415201187,80.1959228516,34144,34154,10
13.0414199829,80.1967697144,34154,34174,20
13.0414199829,80.1967697144,34174,34184,10
13.0413799286,80.1970367432,34184,34194,10
13.0412902832,80.1976013184,34194,34204,10
13.041179657,80.1983184814,34204,34216,12
13.0410404205,80.1993789673,34216,34236,20
13.0410404205,80.1993789673,34236,34246,10
13.0409698486,80.1997299194,34246,34256,10
13.0409097672,80.2002410889,34256,34266,10
13.040769577,80.2010498047,34266,34275,9
13.0406599045,80.2017593384,34275,34286,11
13.0406198502,80.2020568848,34286,34296,10
13.0405797958,80.2024612427,34296,34306,10
13.0404901505,80.2030792236,34306,34317,11
13.0403795242,80.2038421631,34317,34327,10
13.0402898788,80.204536438,34327,34337,10
13.0402603149,80.2049865723,34337,34347,10
13.0405797958,80.2050628662,34347,34357,10
13.041179657,80.2051315308,34357,34367,10
13.0413198471,80.2051467896,34367,34377,10
13.0414495468,80.2051620483,34377,34387,10
13.0418701172,80.2052230835,34387,34397,10
13.0424699783,80.2053375244,34397,34407,10
13.0428199768,80.205619812,34407,34417,10
13.0431404114,80.206161499,34417,34428,11
13.0436096191,80.2068405151,34428,34438,10
13.0440301895,80.2074966431,34438,34448,10
13.0441398621,80.2082824707,34448,34458,10
13.0441999435,80.208946228,34458,34474,16
13.044210434,80.2090606689,34474,34486,12
13.0442199707,80.2093734741,34486,34494,8
13.0442199707,80.2096710205,34494,34506,12
13.0442399979,80.2105331421,34506,34516,10
13.0442695618,80.211227417,34516,34526,10
13.0443201065,80.212020874,34526,34537,11
13.0446395874,80.2122192383,34537,34546,9
13.0451097488,80.2121887207,34546,34557,11
13.0458803177,80.2121582031,34557,34567,10
13.0466995239,80.2121200562,34567,34577,10
13.0471000671,80.2119979858,34577,34587,10
13.0470600128,80.211730957,34587,34607,20
13.0470600128,80.211730957,34607,34617,10
13.0470600128,80.211479187,34617,34627,10
13.0469799042,80.2110366821,34627,34637,10
13.0471401215,80.2107620239,34637,34648,11
13.0476999283,80.2107696533,34648,34658,10
13.0482797623,80.2107772827,34658,34668,10
13.0487604141,80.2107772827,34668,34678,10
13.0492200851,80.2108078003,34678,34688,10
13.0495595932,80.2108078003,34688,34698,10
13.0497503281,80.2107391357,34698,34708,10
13.0497303009,80.210357666,34708,34718,10
13.0496397018,80.2097625732,34718,34728,10
13.0495500565,80.2089767456,34728,34738,10
13.0494804382,80.2082290649,34738,34748,10
13.0489301682,80.2071990967,34748,34779,31
13.0489301682,80.2071990967,34779,34789,10
13.0488300323,80.2070922852,34789,34799,10
13.0488901138,80.2068405151,34799,34809,10
13.0491895676,80.206817627,34809,34819,10
13.0493803024,80.2069091797,34819,34829,10
13.0493402481,80.2071304321,34829,35101,272
13.0491504669,80.2072067261,35101,35191,90
13.0491504669,80.2072067261,35191,35202,11
13.0493497849,80.2071990967,35202,35252,50
13.0493497849,80.2071990967,35252,35262,10
13.049249649,80.2072372437,35262,35272,10
13.0491199493,80.2073364258,35272,35282,10
13.0491199493,80.2075424194,35282,35292,10
13.0492401123,80.207901001,35292,35302,10
13.0493803024,80.2083435059,35302,35313,11
13.0495195389,80.2090072632,35313,35323,10
13.0496301651,80.2096481323,35323,35333,10
13.0497303009,80.2102432251,35333,35343,10
13.0497999191,80.2108535767,35343,35353,10
13.0498600006,80.2112808228,35353,35363,10
13.0499000549,80.2115631104,35363,35383,20
13.0499000549,80.2115631104,35383,35393,10
13.0499401093,80.2118606567,35393,35403,10
13.0499000549,80.2121276855,35403,35414,11
13.0494203568,80.2121734619,35414,35434,20
13.0494203568,80.2121734619,35434,35444,10
13.0492401123,80.2121505737,35444,35454,10
13.048789978,80.2121582031,35454,35464,10
13.0481700897,80.2122116089,35464,35474,10
13.047419548,80.212272644,35474,35484,10
13.0466098785,80.2123031616,35484,35494,10
13.0458297729,80.2123184204,35494,35504,10
13.0449304581,80.2123794556,35504,35535,31
13.0449304581,80.2123794556,35535,35545,10
13.0446300507,80.2124176025,35545,35555,10
13.0442695618,80.2123184204,35555,35565,10
13.0442199707,80.2119827271,35565,35575,10
13.044210434,80.211807251,35575,35585,10
13.0441904068,80.2113189697,35585,35595,10
13.0441598892,80.2107391357,35595,35605,10
13.0441799164,80.2101669312,35605,35615,10
13.0441398621,80.2094497681,35615,35625,10
13.044090271,80.2089614868,35625,35636,11
13.044090271,80.2086486816,35636,35646,10
13.0440597534,80.2080230713,35646,35656,10
13.0438203812,80.2072982788,35656,35666,10
13.0434398651,80.2067337036,35666,35676,10
13.0430402756,80.2061691284,35676,35685,9
13.0424995422,80.205581665,35685,35696,11
13.0418300629,80.2053222656,35696,35706,10
13.0411701202,80.2052001953,35706,35716,10
13.0408496857,80.2051620483,35716,35726,10
13.0407104492,80.2051467896,35726,35736,10
13.0402698517,80.205078125,35736,35747,11
13.0397996902,80.2050018311,35747,35757,10
13.0391702652,80.2048568726,35757,35767,10
13.0384702682,80.2047805786,35767,35777,10
13.0382404327,80.204750061,35777,35787,10
13.0381498337,80.2046203613,35787,35797,10
13.0382099152,80.2042236328,35797,35807,10
13.0382995605,80.2036819458,35807,35817,10
13.0383701324,80.2030792236,35817,35827,10
13.0384502411,80.2024002075,35827,35837,10
13.0385198593,80.2019195557,35837,35847,10
13.0385704041,80.2015762329,35847,35858,11
13.038649559,80.2010803223,35858,35868,10
13.0387201309,80.2004776001,35868,35878,10
13.0388002396,80.2000427246,35878,35888,10
13.0388402939,80.1997070313,35888,35898,10
13.0388898849,80.1993637085,35898,35908,10
13.0389003754,80.19921875,35908,35918,10
13.0389499664,80.1989517212,35918,35928,10
13.0390300751,80.1984710693,35928,35938,10
13.0391302109,80.1978302002,35938,35948,10
13.0392103195,80.1972122192,35948,35958,10
13.0392503738,80.1968765259,35958,35969,11
13.039270401,80.1967773438,35969,35979,10
13.0393104553,80.1964797974,35979,35989,10
13.0393600464,80.1961593628,35989,35999,10
13.0394296646,80.195640564,35999,36009,10
13.0395402908,80.1949234009,36009,36019,10
13.0396699905,80.1941070557,36019,36029,10
13.0397701263,80.1931533813,36029,36048,19
13.0397701263,80.1931533813,36048,36059,11
13.0396003723,80.193031311,36059,36069,10
13.0391597748,80.1929397583,36069,36079,10
13.038649559,80.1928634644,36079,36090,11
13.0384998322,80.1928482056,36090,36100,10
13.0380897522,80.1928100586,36100,36110,10
13.0376796722,80.1930770874,36110,36120,10
13.037560463,80.1938171387,36120,36130,10
13.0374202728,80.1947097778,36130,36140,10
13.0372896194,80.195602417,36140,36150,10
13.0372600555,80.1959609985,36150,36160,10
13.0372495651,80.1960067749,36160,36170,10
13.0371999741,80.1963806152,36170,36180,10
13.0370998383,80.1969833374,36180,36191,11
13.0369997025,80.1977233887,36191,36201,10
13.0368795395,80.1986312866,36201,36221,20
13.0368795395,80.1986312866,36221,36231,10
13.0368204117,80.1987533569,36231,36241,10
13.0367698669,80.1991271973,36241,36251,10
13.0366802216,80.19972229,36251,36261,10
13.0365695953,80.2004470825,36261,36271,10
13.0364599228,80.2012481689,36271,36281,10
13.0364303589,80.2016830444,36281,36291,10
13.0364198685,80.2017669678,36291,36302,11
13.0363903046,80.2019195557,36302,36312,10
13.0363302231,80.2022781372,36312,36322,10
13.0362300873,80.2028579712,36322,36332,10
13.0361099243,80.2035522461,36332,36342,10
13.0360202789,80.2042236328,36342,36352,10
13.0359401703,80.2046737671,36352,36362,10
13.0358495712,80.2053222656,36362,36372,10
13.0357904434,80.2058410645,36372,36382,10
13.0357704163,80.2059783936,36382,36392,10
13.0357198715,80.2063598633,36392,36402,10
13.0356197357,80.2069778442,36402,36412,10
13.0355195999,80.2077331543,36412,36423,11
13.0354499817,80.2083129883,36423,36433,10
13.0354499817,80.2083282471,36433,36443,10
13.0354204178,80.2085037231,36443,36453,10
13.0353403091,80.208946228,36453,36463,10
13.0352401733,80.2095489502,36463,36473,10
13.0351600647,80.2100982666,36473,36483,10
13.0350198746,80.2106399536,36483,36493,10
13.0348901749,80.2113113403,36493,36503,10
13.0347604752,80.2119903564,36503,36513,10
13.0343799591,80.2120895386,36513,36524,11
13.0339002609,80.212020874,36524,36534,10
13.0332698822,80.2119522095,36534,36544,10
13.0324602127,80.2118835449,36544,36564,20
13.0324602127,80.2118835449,36564,36574,10
13.0322198868,80.2118530273,36574,36584,10
13.031920433,80.2117004395,36584,36594,10
13.0319299698,80.211151123,36594,36604,10
13.0320301056,80.2104873657,36604,36614,10
13.032119751,80.2098236084,36614,36624,10
13.0317602158,80.2096099854,36624,36635,11
13.0310697556,80.2094268799,36635,36645,10
13.0303602219,80.2092285156,36645,36655,10
13.030090332,80.2095718384,36655,36675,20
13.030090332,80.2095718384,36675,36685,10
13.0300302505,80.2097396851,36685,36695,10
13.0302600861,80.2098388672,36695,36705,10
13.030670166,80.2099380493,36705,36715,10
13.0309400558,80.2100067139,36715,36725,10
13.0309896469,80.2102203369,36725,36735,10
13.0309400558,80.2106170654,36735,36746,11
13.0308904648,80.2110671997,36746,36762,16
13.0308303833,80.2116088867,36762,36774,12
13.0307598114,80.2119674683,36774,36784,10
13.0307397842,80.2122802734,36784,36794,10
13.0306301117,80.2130584717,36794,36804,10
13.0305595398,80.213508606,36804,36814,10
13.0305204391,80.2137069702,36814,36824,10
13.0304603577,80.2141036987,36824,36834,10
13.030380249,80.214630127,36834,36844,10
13.0303697586,80.2147903442,36844,36855,11
13.0303602219,80.2149581909,36855,36865,10
13.0303602219,80.2154006958,36865,36875,10
13.0304098129,80.2160873413,36875,36885,10
13.0304603577,80.2167816162,36885,36895,10
13.0307502747,80.2169036865,36895,36905,10
13.0308198929,80.2169113159,36905,36914,9
13.0311403275,80.2169418335,36914,36925,11
13.0314302444,80.2170028687,36925,36935,10
13.0315198898,80.2174987793,36935,36945,10
13.0315999985,80.2181930542,36945,36954,9
13.0320796967,80.2183914185,36954,36966,12
13.0322504044,80.2188568115,36966,36976,10
13.0322504044,80.2194366455,36976,36986,10
13.0322504044,80.2198791504,36986,36996,10
13.0322504044,80.2202987671,36996,37016,20
13.0322504044,80.2202987671,37016,37026,10
13.0322198868,80.2204284668,37026,37036,10
13.0320997238,80.2208709717,37036,37046,10
13.0319404602,80.2214736938,37046,37056,10
13.0316896439,80.2219772339,37056,37066,10
13.0315103531,80.2224197388,37066,37077,11
13.03125,80.2229766846,37077,37087,10
13.0311899185,80.2234802246,37087,37097,10
13.0311899185,80.2238998413,37097,37107,10
13.0311899185,80.2239608765,37107,37117,10
13.0311603546,80.2242279053,37117,37127,10
13.0307197571,80.2242965698,37127,37137,10
13.0300197601,80.224281311,37137,37147,10
13.029299736,80.224319458,37147,37157,10
13.0290899277,80.2243118286,37157,37167,10
13.0289802551,80.2242279053,37167,37177,10
13.0286998749,80.2240829468,37177,37187,10
13.028459549,80.2243270874,37187,37198,11
13.0282897949,80.2251281738,37198,37214,16
13.0280704498,80.2261962891,37214,37226,12
13.0279598236,80.2268371582,37226,37236,10
13.0280399323,80.2270126343,37236,37246,10
13.0284204483,80.2270965576,37246,37256,10
13.0290298462,80.2272109985,37256,37266,10
13.0296897888,80.2273101807,37266,37276,10
13.03028965,80.2274169922,37276,37286,10
13.0304098129,80.2280426025,37286,37306,20
13.0304098129,80.2280426025,37306,37318,12
13.0303497314,80.228553772,37318,37328,10
13.0303001404,80.2291183472,37328,37337,9
13.0304899216,80.2296676636,37337,37347,10
13.0306100845,80.2300186157,37347,37409,62
13.0306100845,80.2300186157,37409,37419,10
13.0306797028,80.2303237915,37419,37429,10
13.0306901932,80.2306976318,37429,37439,10
13.0303401947,80.230758667,37439,37449,10
13.0298299789,80.2308120728,37449,37479,30
13.0298299789,80.2308120728,37479,37489,10
13.0295600891,80.2308578491,37489,37499,10
13.0291996002,80.2308731079,37499,37509,10
13.0286397934,80.2309188843,37509,37520,11
13.027879715,80.2309799194,37520,37530,10
13.0276699066,80.2311477661,37530,37540,10
13.0276899338,80.2313766479,37540,37550,10
13.0277099609,80.2316131592,37550,37560,10
13.0277299881,80.2318572998,37560,37570,10
13.0277795792,80.2321090698,37570,37580,10
13.0278396606,80.2324523926,37580,37631,51
13.0278596878,80.2328186035,37631,37701,70
13.0278596878,80.2328186035,37701,37711,10
13.0276699066,80.2328796387,37711,37721,10
13.027469635,80.2329025269,37721,37731,10
13.0271396637,80.2329483032,37731,37742,11
13.0268602371,80.232963562,37742,37752,10
13.0265798569,80.2330169678,37752,37762,10
13.0263299942,80.2327194214,37762,37772,10
13.026140213,80.2321166992,37772,37782,10
13.0260000229,80.2316665649,37782,37792,10
13.0258798599,80.2311096191,37792,37802,10
13.0256004333,80.2303695679,37802,37812,10
13.025179863,80.2297821045,37812,37822,10
13.0249795914,80.2295379639,37822,37832,10
13.0248003006,80.2293167114,37832,37883,51
13.0248003006,80.2293167114,37883,37893,10
13.0246200562,80.2291488647,37893,37903,10
13.0243997574,80.2288513184,37903,37913,10
13.0239095688,80.2282485962,37913,37933,20
13.0239095688,80.2282485962,37933,37943,10
13.0236997604,80.2279815674,37943,37953,10
13.0233001709,80.2275695801,37953,37964,11
13.0228700638,80.2271499634,37964,37974,10
13.0223398209,80.2266464233,37974,37984,10
13.0217599869,80.2261581421,37984,37994,10
13.021320343,80.2258529663,37994,38004,10
13.0210199356,80.2256164551,38004,38014,10
13.0205402374,80.2252807617,38014,38024,10
13.0199098587,80.2248382568,38024,38034,10
13.0191297531,80.2245101929,38034,38044,10
13.018289566,80.2247314453,38044,38054,10
13.0176000595,80.2250213623,38054,38064,10
13.0171403885,80.2252120972,38064,38075,11
13.0168800354,80.2253417969,38075,38085,10
13.0166501999,80.2254180908,38085,38095,10
13.016409874,80.2255020142,38095,38105,10
13.0160198212,80.2256088257,38105,38121,16
13.0149803162,80.2260513306,38121,38141,20
13.0149803162,80.2260513306,38141,38153,12
13.0148200989,80.2261123657,38153,38163,10
13.0143404007,80.2263031006,38163,38173,10
13.0138998032,80.2265319824,38173,38184,11
13.013759613,80.2265777588,38184,38194,10
13.0136003494,80.2266235352,38194,38204,10
13.0132102966,80.2267303467,38204,38214,10
13.0125703812,80.2269668579,38214,38224,10
13.0118598938,80.2272567749,38224,38234,10
13.0110197067,80.2276000977,38234,38244,10
13.0101203918,80.2279510498,38244,38254,10
13.0092697144,80.2283630371,38254,38264,10
13.0089998245,80.2292480469,38264,38274,10
13.0087900162,80.2303237915,38274,38284,10
13.0085897446,80.2314376831,38284,38295,11
13.0083599091,80.2326278687,38295,38305,10
13.0082597733,80.2334289551,38305,38315,10
13.0081996918,80.2337036133,38315,38325,10
13.0081796646,80.2338104248,38325,38335,10
13.0081501007,80.2339096069,38335,38345,10
13.0081195831,80.2340316772,38345,38355,10
13.0080604553,80.234336853,38355,38365,10
13.0080003738,80.2347106934,38365,38375,10
13.0079698563,80.2348937988,38375,38385,10
13.0079402924,80.2350234985,38385,38395,10
13.0078897476,80.2351989746,38395,38406,11
13.0078001022,80.2356262207,38406,38416,10
13.0077896118,80.235748291,38416,38426,10
13.0077400208,80.2359313965,38426,38436,10
13.0076904297,80.2362289429,38436,38446,10
13.0076198578,80.2365570068,38446,38456,10
13.0076198578,80.2366027832,38456,38466,10
13.0075597763,80.2368774414,38466,38496,30
13.0075597763,80.2368774414,38496,38506,10
13.0074701309,80.2372131348,38506,38517,11
13.0074195862,80.2374572754,38517,38527,10
13.0073604584,80.2378921509,38527,38537,10
13.0072202682,80.2385787964,38537,38547,10
13.0070495605,80.2394638062,38547,38557,10
13.0069198608,80.2403869629,38557,38567,10
13.0068798065,80.2406616211,38567,38577,10
13.0068597794,80.2407608032,38577,38587,10
13.0067996979,80.2411193848,38587,38597,10
13.0067796707,80.2418289185,38597,38607,10
13.006770134,80.2425537109,38607,38617,10
13.0067396164,80.2430114746,38617,38658,41
13.0067396164,80.2434616089,38658,38688,30
13.0067396164,80.2434616089,38688,38698,10
13.0067100525,80.2437820435,38698,38708,10
13.0066995621,80.2443237305,38708,38718,10
13.0067300797,80.2449417114,38718,38728,10
13.0067396164,80.2455596924,38728,38739,11
13.0067501068,80.2462921143,38739,38749,10
13.0067596436,80.2470321655,38749,38759,10
13.0067195892,80.247833252,38759,38769,10
13.0067596436,80.2487411499,38769,38779,10
13.0068702698,80.2493209839,38779,38789,10
13.0068702698,80.249382019,38789,38799,10
13.0068798065,80.2497329712,38799,38809,10
13.0068702698,80.250289917,38809,38819,10
13.0068502426,80.2507781982,38819,38829,10
13.0068502426,80.2508087158,38829,38839,10
13.0068702698,80.2511672974,38839,38850,11
13.0067996979,80.2515869141,38850,38860,10
13.0066404343,80.2522583008,38860,38870,10
13.0066003799,80.2531585693,38870,38880,10
13.0065898895,80.2540817261,38880,38890,10
13.006649971,80.2546463013,38890,38900,10
13.006649971,80.2546691895,38900,38910,10
13.0066299438,80.2547531128,38910,38926,16
13.0066204071,80.2551193237,38926,38938,12
13.0066299438,80.2559509277,38938,38946,8
13.0067195892,80.2572021484,38946,39049,103
13.0067195892,80.2572021484,39049,39059,10
13.0067796707,80.2572937012,39059,39070,11
13.0066003799,80.2575378418,39070,39080,10
13.006070137,80.2575073242,39080,39090,10
13.0054502487,80.2573928833,39090,39100,10
13.0049800873,80.257270813,39100,39110,10
13.0042896271,80.2571182251,39110,39120,10
13.0035896301,80.2570037842,39120,39130,10
13.0029497147,80.2568664551,39130,39140,10
13.0026102066,80.2567977905,39140,39181,41
13.0026102066,80.2567977905,39181,39191,10
13.0023403168,80.2567596436,39191,39201,10
13.0019397736,80.2566680908,39201,39211,10
13.0013799667,80.2566070557,39211,39221,10
13.0005903244,80.256477356,39221,39231,10
13.0002098083,80.2564315796,39231,39241,10
13.0002002716,80.2564163208,39241,39251,10
12.9999599457,80.2563476563,39251,39261,10
12.9995298386,80.2562866211,39261,39271,10
12.9990100861,80.2561798096,39271,39281,10
12.9983196259,80.2560882568,39281,39292,11
12.9978504181,80.2560501099,39292,39312,20
12.9978504181,80.2560501099,39312,39322,10
12.9976701736,80.2560806274,39322,39352,30
12.9976701736,80.2560806274,39352,39362,10
12.9976797104,80.2562103271,39362,39372,10
12.9977397919,80.2564315796,39372,39382,10
12.9978704453,80.2567977905,39382,39392,10
12.9977798462,80.2570266724,39392,39534,142
12.9977798462,80.2570266724,39534,39544,10
12.9975500107,80.2568817139,39544,39685,141
12.9975500107,80.2568817139,39685,39695,10
12.9975099564,80.256652832,39695,39705,10
12.9976196289,80.2562637329,39705,39725,20
12.9976196289,80.2562637329,39725,39736,11
12.9976797104,80.256072998,39736,39746,10
12.9974899292,80.2559814453,39746,39756,10
12.9970302582,80.2559967041,39756,39766,10
12.9968996048,80.256401062,39766,39776,10
12.9968500137,80.2569198608,39776,39786,10
12.9967899323,80.2575378418,39786,39796,10
12.9967002869,80.2582626343,39796,39806,10
12.9966497421,80.2587890625,39806,39816,10
12.9965896606,80.259437561,39816,39826,10
12.9965200424,80.2601013184,39826,39836,10
12.9964504242,80.260597229,39836,39847,11
12.9963798523,80.2613296509,39847,39857,10
12.9963302612,80.26197052,39857,39867,10
12.9962997437,80.2621688843,39867,39877,10
12.9962596893,80.2624206543,39877,39887,10
12.996219635,80.2627792358,39887,39897,10
12.9961795807,80.263130188,39897,39907,10
12.9961500168,80.2636566162,39907,39917,10
12.9960603714,80.2644195557,39917,39927,10
12.9959402084,80.26537323,39927,39937,10
12.9958200455,80.266456604,39937,39948,11
12.9957399368,80.2675704956,39948,39958,10
12.9962301254,80.2677230835,39958,39968,10
12.9968004227,80.2677230835,39968,39978,10
12.9975099564,80.2675170898,39978,39988,10
12.9981498718,80.2673492432,39988,39998,10
12.9989099503,80.2671203613,39998,40008,10
12.9996995926,80.2668609619,40008,40018,10
12.9999198914,80.2667694092,40018,40028,10
13.0000696182,80.2666702271,40028,40038,10
13.0001497269,80.2664031982,40038,40048,10
13.0001802444,80.2659835815,40048,40065,17
13.0003204346,80.2656784058,40065,40077,12
13.0003404617,80.2660217285,40077,40087,10
13.0002498627,80.2663192749,40087,40652,565
13.0002498627,80.2663192749,40652,40662,10
13.0002698898,80.2665328979,40662,40672,10
13.0003299713,80.2666778564,40672,40682,10
13.0001802444,80.2668380737,40682,40692,10
12.9998102188,80.266960144,40692,40702,10
12.9992704391,80.2671127319,40702,40712,10
12.9989595413,80.2671966553,40712,40722,10
12.9987802505,80.267250061,40722,40732,10
12.9984397888,80.2673416138,40732,40743,11
12.9979600906,80.2674789429,40743,40753,10
12.9974803925,80.267616272,40753,40763,10
12.9969596863,80.2677612305,40763,40773,10
12.9965295792,80.2677993774,40773,40783,10
12.9960899353,80.2677612305,40783,40793,10
12.9956598282,80.2676773071,40793,40803,10
12.995639801,80.2675094604,40803,40813,10
12.9956598282,80.2673110962,40813,40823,10
12.9957199097,80.2668075562,40823,40833,10
12.9957799911,80.26612854,40833,40843,10
12.995880127,80.2653579712,40843,40854,11
12.9959897995,80.2644271851,40854,40870,16
12.9961204529,80.2631607056,40870,40882,12
12.9961900711,80.2626495361,40882,40892,10
12.9961996078,80.2625579834,40892,40900,8
12.996219635,80.2624816895,40900,40912,12
12.9962396622,80.262260437,40912,40922,10
12.9962797165,80.2618484497,40922,40932,10
12.996339798,80.2612762451,40932,40942,10
12.9964199066,80.2605895996,40942,40952,10
12.9964799881,80.2600097656,40952,40962,10
12.9965295792,80.2594528198,40962,40973,11
12.9966096878,80.2587585449,40973,40983,10
12.9966602325,80.2581863403,40983,40993,10
12.9967002869,80.2576904297,40993,41003,10
12.9967803955,80.2572021484,41003,41013,10
12.9968204498,80.2567825317,41013,41023,10
12.9968204498,80.2565994263,41023,41033,10
12.9968299866,80.2564163208,41033,41043,10
12.9969100952,80.2559814453,41043,41053,10
12.9972696304,80.2558898926,41053,41063,10
12.9977798462,80.255897522,41063,41074,11
12.9982204437,80.2559280396,41074,41084,10
12.9982995987,80.2559432983,41084,41094,10
12.9987401962,80.2559814453,41094,41114,20
12.9987401962,80.2559814453,41114,41124,10
12.9989299774,80.2560806274,41124,41144,20
12.9989299774,80.2560806274,41144,41154,10
12.9989995956,80.2561187744,41154,41164,10
12.9993696213,80.2561721802,41164,41174,10
12.9997596741,80.2562484741,41174,41185,11
13.0,80.2563018799,41185,41195,10
13.0004701614,80.2563781738,41195,41205,10
13.0008602142,80.2564620972,41205,41225,20
13.0008602142,80.2564620972,41225,41235,10
13.0009098053,80.2565231323,41235,41245,10
13.001250267,80.2565689087,41245,41255,10
13.0015201569,80.2566070557,41255,41265,10
13.0019798279,80.2566833496,41265,41275,10
13.0024404526,80.2567367554,41275,41285,10
13.0028295517,80.2567977905,41285,41296,11
13.0034399033,80.2569122314,41296,41306,10
13.0039701462,80.2570114136,41306,41316,10
13.0046300888,80.2571411133,41316,41326,10
13.0054502487,80.2572631836,41326,41336,10
13.0061101913,80.2573471069,41336,41346,10
13.0061798096,80.2573776245,41346,41356,10
13.0064201355,80.2574768066,41356,41366,10
13.0065698624,80.2572021484,41366,41376,10
13.0065097809,80.2566070557,41376,41386,10
13.0065002441,80.2558364868,41386,41396,10
13.0065002441,80.2554168701,41396,41407,11
13.0065097809,80.2546615601,41407,41418,11
13.0065002441,80.2532272339,41418,41438,20
13.0065002441,80.2532272339,41438,41448,10
13.006480217,80.2528762817,41448,41457,9
13.006529808,80.2524185181,41457,41469,12
13.0066900253,80.251373291,41469,41479,10
13.0066795349,80.25050354,41479,41489,10
13.0067195892,80.2500610352,41489,41499,10
13.0066995621,80.2493667603,41499,41509,10
13.0066699982,80.2485809326,41509,41580,71
13.0066699982,80.2485809326,41580,41590,10
13.0066699982,80.2483291626,41590,41600,10
13.0066404343,80.2478790283,41600,41610,10
13.0066099167,80.2473068237,41610,41620,10
13.0065498352,80.2467727661,41620,41641,21
13.0065498352,80.2467727661,41641,41651,10
13.0065803528,80.2465209961,41651,41661,10
13.0066099167,80.246131897,41661,41671,10
13.0066003799,80.2454376221,41671,41681,10
13.0065698624,80.2446975708,41681,41691,10
13.0066003799,80.2441101074,41691,41701,10
13.0066003799,80.2435531616,41701,41711,10
13.0065898895,80.2429504395,41711,41721,10
13.0065803528,80.2421798706,41721,41731,10
13.0065698624,80.2413787842,41731,41742,11
13.0065603256,80.2410430908,41742,41752,10
13.0066204071,80.2407073975,41752,41762,10
13.0067396164,80.2401809692,41762,41772,10
13.0068798065,80.239402771,41772,41782,10
13.007060051,80.2385177612,41782,41798,16
13.0073003769,80.2374725342,41798,41810,12
13.0073204041,80.2374267578,41810,41820,10
13.0073404312,80.2372894287,41820,41830,10
13.007399559,80.2370910645,41830,41840,10
13.0074300766,80.2367172241,41840,41850,10
13.0075998306,80.2361984253,41850,41861,11
13.0077495575,80.2353973389,41861,41871,10
13.0079402924,80.2345428467,41871,41881,10
13.0081396103,80.2335281372,41881,41891,10
13.0083599091,80.2324371338,41891,41902,11
13.0085697174,80.2313537598,41902,41912,10
13.008769989,80.2302017212,41912,41922,10
13.0089502335,80.2292480469,41922,41932,10
13.0091600418,80.2283325195,41932,41942,10
13.0095300674,80.2274017334,41942,41952,10
13.0099697113,80.2264480591,41952,41962,10
13.0103702545,80.2257003784,41962,41973,11
13.0105895996,80.225227356,41973,41983,10
13.0107603073,80.2248382568,41983,41993,10
13.0109195709,80.2243423462,41993,42003,10
13.0110998154,80.2238235474,42003,42013,10
13.0112895966,80.2233200073,42013,42023,10
13.0116701126,80.2226104736,42023,42033,10
13.0119304657,80.2218933105,42033,42043,10
13.0122804642,80.2215118408,42043,42053,10
13.0124797821,80.2216033936,42053,42063,10
13.0128097534,80.222038269,42063,42074,11
13.0133199692,80.2225112915,42074,42084,10
13.0138397217,80.2231521606,42084,42094,10
13.014289856,80.2236862183,42094,42104,10
13.0147600174,80.2242584229,42104,42120,16
13.015130043,80.2246398926,42120,42132,12
13.0152997971,80.2248077393,42132,42140,8
13.0155200958,80.224937439,42140,42152,12
13.0155601501,80.2249603271,42152,42162,10
13.0157299042,80.2251281738,42162,42172,10
13.0162601471,80.2253036499,42172,42182,10
13.0170297623,80.2250976563,42182,42193,11
13.0178098679,80.2248001099,42193,42203,10
13.0186901093,80.2244262695,42203,42212,9
13.0193500519,80.224281311,42212,42242,30
13.0193500519,80.224281311,42242,42253,11
13.0195999146,80.2244033813,42253,42273,20
13.0195999146,80.2244033813,42273,42283,10
13.0199403763,80.2246398926,42283,42293,10
13.0203800201,80.2249832153,42293,42304,11
13.0209197998,80.2253799438,42304,42314,10
13.0213804245,80.2257614136,42314,42324,10
13.0220003128,80.2262268066,42324,42334,10
13.0227203369,80.2268600464,42334,42344,10
13.0233697891,80.2274780273,42344,42354,10
13.023900032,80.2279815674,42354,42364,10
13.0242700577,80.2283401489,42364,42374,10
13.0245599747,80.228767395,42374,42384,10
13.0249099731,80.2292327881,42384,42394,10
13.0253000259,80.2297286987,42394,42404,10
13.0258102417,80.2304916382,42404,42435,31
13.0258102417,80.2304916382,42435,42445,10
13.0259103775,80.2308578491,42445,42455,10
13.0259504318,80.2311935425,42455,42465,10
13.0261602402,80.2313232422,42465,42475,10
13.026720047,80.2312011719,42475,42485,10
13.0272903442,80.2310562134,42485,42495,10
13.0278701782,80.2309570313,42495,42505,10
13.0284404755,80.2308807373,42505,42515,10
13.0285997391,80.2308731079,42515,42526,11
13.0292701721,80.2308502197,42526,42566,40
13.0292701721,80.2308502197,42566,42576,10
13.029419899,80.2308731079,42576,42586,10
13.029800415,80.2308120728,42586,42596,10
13.0304002762,80.230758667,42596,42606,10
13.0306901932,80.2306365967,42606,42616,10
13.0306301117,80.2302322388,42616,42626,10
13.030500412,80.2298278809,42626,42637,11
13.0303096771,80.2293319702,42637,42647,10
13.0303401947,80.2287368774,42647,42657,10
13.0303602219,80.2283630371,42657,42667,10
13.0304098129,80.2279434204,42667,42677,10
13.0304403305,80.2276687622,42677,42687,10
13.0299797058,80.2274780273,42687,42697,10
13.0292396545,80.2273635864,42697,42707,10
13.028429985,80.2272415161,42707,42717,10
13.0280199051,80.2270889282,42717,42727,10
13.0279598236,80.2269134521,42727,42737,10
13.0280199051,80.2265701294,42737,42748,11
13.0281200409,80.2259292603,42748,42758,10
13.0283002853,80.2251205444,42758,42768,10
13.028429985,80.2242965698,42768,42778,10
13.0287103653,80.2240905762,42778,42788,10
13.0288600922,80.2240829468,42788,42798,10
13.0290002823,80.2241668701,42798,42808,10
13.029419899,80.2242965698,42808,42818,10
13.0301103592,80.2243423462,42818,42828,10
13.0309095383,80.2243118286,42828,42838,10
13.0311002731,80.2239608765,42838,42848,10
13.0311403275,80.2233276367,42848,42859,11
13.0312204361,80.2231063843,42859,42869,10
13.0313196182,80.2227401733,42869,42879,10
13.0315504074,80.2222518921,42879,42889,10
13.0317497253,80.2216873169,42889,42899,10
13.0319700241,80.2210388184,42899,42915,16
13.0321397781,80.2199401855,42915,42927,12
13.0321702957,80.2197875977,42927,42935,8
13.0322198868,80.2194976807,42935,42947,12
13.0322198868,80.21875,42947,42957,10
13.0317401886,80.218460083,42957,42968,11
13.0314998627,80.2178573608,42968,42978,10
13.0314102173,80.2172164917,42978,42988,10
13.0313100815,80.217048645,42988,42998,10
13.0309896469,80.2169876099,42998,43008,10
13.030500412,80.2169189453,43008,43018,10
13.0304603577,80.2166671753,43018,43028,10
13.0304498672,80.2164230347,43028,43038,10
13.030380249,80.2160491943,43038,43048,10
13.0303497314,80.2153396606,43048,43058,10
13.030380249,80.2146606445,43058,43068,10
13.0304498672,80.2141418457,43068,43079,11
13.0305099487,80.213722229,43079,43089,10
13.0305404663,80.213508606,43089,43099,10
13.0306301117,80.2129974365,43099,43109,10
13.0307502747,80.2122879028,43109,43119,10
13.0308198929,80.2116928101,43119,43129,10
13.0308504105,80.2113723755,43129,43139,10
13.0308904648,80.2111206055,43139,43149,10
13.0309400558,80.2108230591,43149,43159,10
13.0310096741,80.210319519,43159,43169,10
13.030960083,80.2101287842,43169,43179,10
13.0307502747,80.2100372314,43179,43190,11
13.0302295685,80.2098770142,43190,43200,10
13.030090332,80.2092819214,43200,43240,40
13.030090332,80.2092819214,43240,43250,10
13.0301504135,80.2091217041,43250,43260,10
13.0305204391,80.2091293335,43260,43270,10
13.0316295624,80.2094192505,43270,43290,20
13.0316295624,80.2094192505,43290,43301,11
13.0317802429,80.2094573975,43301,43311,10
13.0321903229,80.2095718384,43311,43321,10
13.0328502655,80.2096633911,43321,43331,10
13.0336999893,80.2098007202,43331,43341,10
13.0345201492,80.2099304199,43341,43351,10
13.035030365,80.2098999023,43351,43361,10
13.0351295471,80.2096328735,43361,43371,10
13.0352201462,80.2090377808,43371,43381,10
13.0352497101,80.2087020874,43381,43391,10
13.0352802277,80.2085723877,43391,43401,10
13.0353403091,80.2080993652,43401,43412,11
13.0354404449,80.2072982788,43412,43428,16
13.0355300903,80.2060317993,43428,43440,12
13.0354995728,80.2057189941,43440,43450,10
13.0355100632,80.2055587769,43450,43460,10
13.0357398987,80.2052307129,43460,43470,10
13.0358495712,80.2046813965,43470,43480,10
13.0359802246,80.203956604,43480,43490,10
13.0361003876,80.2031402588,43490,43500,10
13.0362300873,80.2022171021,43500,43510,10
13.0363397598,80.2015533447,43510,43521,11
13.0363903046,80.201133728,43521,43531,10
13.03647995,80.2007980347,43531,43541,10
13.0365600586,80.2001724243,43541,43551,10
13.0366897583,80.1993637085,43551,43561,10
13.0367898941,80.1984863281,43561,43571,10
13.0368900299,80.1977386475,43571,43581,10
13.0369901657,80.1970367432,43581,43591,10
13.0370798111,80.1964263916,43591,43601,10
13.0370998383,80.1963119507,43601,43611,10
13.0371198654,80.1961288452,43611,43621,10
13.0371799469,80.1957397461,43621,43632,11
13.0372896194,80.195098877,43632,43642,10
13.0374097824,80.1943664551,43642,43652,10
13.0375204086,80.1936035156,43652,43662,10
13.0375795364,80.1930618286,43662,43672,10
13.0377902985,80.1928100586,43672,43682,10
13.038020134,80.1927566528,43682,43692,10
13.0385103226,80.192817688,43692,43702,10
13.0388498306,80.1928787231,43702,43712,10
13.0389404297,80.1929016113,43712,43722,10
13.0392799377,80.1929397583,43722,43732,10
13.0397100449,80.193031311,43732,43743,11
13.040189743,80.1930999756,43743,43753,10
13.0406599045,80.1931686401,43753,43763,10
13.041179657,80.1932678223,43763,43773,10
13.0417003632,80.1933670044,43773,43783,10
13.0417098999,80.1937484741,43783,43793,10
13.0417098999,80.1938095093,43793,43803,10
13.0417003632,80.1940994263,43803,43813,10
13.0416297913,80.1946182251,43813,43823,10
13.0415496826,80.1953125,43823,43833,10
13.041469574,80.1958694458,43833,43843,10
13.0413703918,80.1963424683,43843,43854,11
13.0413398743,80.1967163086,43854,43864,10
13.0413398743,80.1967926025,43864,43874,10
13.0412998199,80.1970367432,43874,43884,10
13.0412597656,80.1974716187,43884,43894,10
13.0411701202,80.1980819702,43894,43904,10
13.0410804749,80.1986999512,43904,43914,10
13.0410203934,80.1991882324,43914,43924,10
13.0409603119,80.1995315552,43924,43934,10
13.0409498215,80.1995391846,43934,43944,10
13.0409097672,80.1998062134,43944,43954,10
13.0408401489,80.2002410889,43954,43965,11
13.0407600403,80.2009429932,43965,43975,10
13.0406503677,80.2016601563,43975,43985,10
13.0405797958,80.2020568848,43985,43995,10
13.0405197144,80.2025375366,43995,44005,10
13.0404195786,80.2031707764,44005,44015,10
13.0403003693,80.2039108276,44015,44024,9
13.0402097702,80.2044906616,44024,44035,11
13.0401697159,80.2048721313,44035,44045,10
13.0405397415,80.205039978,44045,44055,10
13.0410804749,80.2051315308,44055,44066,11
13.0413198471,80.2051696777,44066,44076,10
13.041680336,80.2052230835,44076,44086,10
13.0422697067,80.2053375244,44086,44096,10
13.042599678,80.2054519653,44096,44106,10
13.0428199768,80.2058029175,44106,44116,10
13.0432100296,80.2063598633,44116,44126,10
13.0436697006,80.2070007324,44126,44136,10
13.0440101624,80.2076568604,44136,44146,10
13.0441398621,80.2085494995,44146,44156,10
13.0441904068,80.2090072632,44156,44166,10
13.0441904068,80.2090835571,44166,44176,10
13.0441999435,80.2093200684,44176,44187,11
13.0441904068,80.2098388672,44187,44197,10
13.0442199707,80.2105865479,44197,44207,10
13.0442304611,80.2114486694,44207,44217,10
13.0443601608,80.2121963501,44217,44247,30
13.0443601608,80.2121963501,44247,44257,10
13.0446796417,80.212272644,44257,44267,10
13.0452404022,80.2122421265,44267,44277,10
13.0459899902,80.2122192383,44277,44287,10
13.0468301773,80.2121810913,44287,44304,17
13.04708004,80.2117996216,44304,44316,12
13.0470399857,80.2117385864,44316,44326,10
13.0470104218,80.211479187,44326,44336,10
13.0469799042,80.210899353,44336,44346,10
13.0472297668,80.2107467651,44346,44355,9
13.0476198196,80.2107696533,44355,44366,11
13.0481996536,80.2108001709,44366,44376,10
13.0488996506,80.2108306885,44376,44386,10
13.049539566,80.2108383179,44386,44395,9
13.0496501923,80.2106018066,44395,44405,10
13.0495901108,80.2100601196,44405,44417,12
13.0495100021,80.209312439,44417,44426,9
13.0494098663,80.2089309692,44426,44437,11
13.0492601395,80.208442688,44437,44447,10
13.0490503311,80.2078399658,44447,44457,10
13.0488996506,80.2073822021,44457,44467,10
13.0488996506,80.207359314,44467,44477,10
13.0488500595,80.2071533203,44477,44487,10
13.0488195419,80.2069396973,44487,44497,10
13.0490198135,80.2068786621,44497,44507,10
13.0492200851,80.2069168091,44507,44518,11
13.0492401123,80.2071380615,44518,44901,383
13.0492401123,80.2071380615,44901,44911,10
13.0492897034,80.2072601318,44911,44921,10
13.0491895676,80.207359314,44921,44931,10
13.0491504669,80.2077407837,44931,44941,10
13.0491504669,80.2077407837,44941,44951,10
13.0492897034,80.2081832886,44951,44962,11
13.0494203568,80.2087783813,44962,44972,10
13.0495195389,80.2092819214,44972,44982,10
13.0496301651,80.2099380493,44982,44992,10
13.0496997833,80.2106933594,44992,45002,10
13.0497999191,80.21144104,45002,45012,10
13.0498504639,80.2117614746,45012,45065,53
13.0498504639,80.2117614746,45065,45075,10
13.0499401093,80.2117767334,45075,45085,10
13.0499601364,80.2120132446,45085,45095,10
13.0499601364,80.2120513916,45095,45105,10
13.0495004654,80.2122116089,45105,45145,40
13.0495004654,80.2122116089,45145,45155,10
13.0493001938,80.2121963501,45155,45165,10
13.0488595963,80.2121887207,45165,45175,10
13.0482902527,80.2122192383,45175,45186,11
13.047539711,80.2122879028,45186,45196,10
13.0467796326,80.2123184204,45196,45206,10
13.0459499359,80.2123565674,45206,45216,10
13.0449895859,80.2124023438,45216,45236,20
13.0449895859,80.2124023438,45236,45246,10
13.0448503494,80.2124023438,45246,45256,10
13.0443897247,80.2123718262,45256,45296,40
13.0443897247,80.2123718262,45296,45306,10
13.0443201065,80.2122268677,45306,45316,10
13.0442695618,80.2116699219,45316,45326,10
13.0442399979,80.2109222412,45326,45336,10
13.0441904068,80.2100982666,45336,45345,9
13.0441303253,80.2092132568,45345,45357,12
13.0440998077,80.2088775635,45357,45367,10
13.0440797806,80.2086715698,45367,45376,9
13.0440597534,80.2081298828,45376,45386,10
13.0438404083,80.2074890137,45386,45397,11
13.043510437,80.2069168091,45397,45408,11
13.0430603027,80.2062835693,45408,45418,10
13.0426197052,80.2057113647,45418,45428,10
13.0418901443,80.2053375244,45428,45438,10
13.0407495499,80.2051620483,45438,45458,20
13.0407495499,80.2051620483,45458,45468,10
13.0404996872,80.2051315308,45468,45478,10
13.0402002335,80.205078125,45478,45488,10
13.039899826,80.2050170898,45488,45498,10
13.0392999649,80.2049102783,45498,45509,11
13.0385103226,80.2048110962,45509,45519,10
13.0381698608,80.2045669556,45519,45529,10
13.0382404327,80.2040405273,45529,45539,10
13.0383195877,80.2033691406,45539,45549,10
13.0383996964,80.2026062012,45549,45559,10
13.0384998322,80.2018585205,45559,45569,10
13.0385599136,80.201423645,45569,45579,10
13.0386295319,80.200843811,45579,45589,10
13.0387201309,80.2002868652,45589,45599,10
13.0388202667,80.1997375488,45599,45615,16
13.0389003754,80.1992034912,45615,45628,13
13.0389499664,80.1988525391,45628,45638,10
13.0390100479,80.1983337402,45638,45648,10
13.0390701294,80.1977005005,45648,45657,9
13.0391302109,80.1971817017,45657,45668,11
13.0391798019,80.1968765259,45668,45678,10
13.0391998291,80.1967086792,45678,45686,8
13.0392303467,80.1964569092,45686,45698,12
13.0392999649,80.1960220337,45698,45708,10
13.0394496918,80.1953430176,45708,45717,9
13.0395298004,80.1946868896,45717,45728,11
13.0396699905,80.1937789917,45728,45739,11
13.039730072,80.1931762695,45739,45749,10
13.0397396088,80.1931686401,45749,45759,10
13.0396604538,80.1930465698,45759,45769,10
13.039270401,80.1929779053,45769,45779,10
13.0387802124,80.1929092407,45779,45789,10
13.0386295319,80.1928863525,45789,45799,10
13.0384397507,80.1928634644,45799,45809,10
13.0379800797,80.1928482056,45809,45819,10
13.0376596451,80.1931610107,45819,45829,10
13.0375299454,80.1938934326,45829,45838,9
13.0374097824,80.1946868896,45838,45850,12
13.0372800827,80.1957015991,45850,45860,10
13.0372495651,80.1959991455,45860,45870,10
13.0372600555,80.1960067749,45870,45880,10
13.0372400284,80.1961898804,45880,45890,10
13.0371398926,80.1966323853,45890,45900,10
13.0370502472,80.1971893311,45900,45910,10
13.0369701385,80.1978988647,45910,45920,10
13.0368795395,80.1985931396,45920,45930,10
13.036860466,80.1986999512,45930,45940,10
13.0368404388,80.1987533569,45940,45950,10
13.0367603302,80.1990737915,45950,45961,11
13.0366296768,80.1996994019,45961,45971,10
13.0365400314,80.2004394531,45971,45981,10
13.0364398956,80.2011489868,45981,45991,10
13.0363302231,80.2016677856,45991,46011,20
13.0363302231,80.2016677856,46011,46021,10
13.0362796783,80.2020111084,46021,46031,10
13.0361995697,80.2024230957,46031,46041,10
13.0361404419,80.2031402588,46041,46051,10
13.0360403061,80.2038574219,46051,46061,10
13.0359802246,80.2043991089,46061,46072,11
13.0358695984,80.2050018311,46072,46082,10
13.035779953,80.2056808472,46082,46092,10
13.0357103348,80.2061920166,46092,46108,16
13.0355997086,80.2070770264,46108,46120,12
13.0354404449,80.2082595825,46120,46149,29
13.0354404449,80.2082595825,46149,46161,12
13.0353298187,80.2088012695,46161,46171,10
13.0352401733,80.2094116211,46171,46182,11
13.0351295471,80.2101821899,46182,46192,10
13.0349597931,80.2108612061,46192,46202,10
13.0348596573,80.2115097046,46202,46212,10
13.0347499847,80.2119827271,46212,46222,10
13.034239769,80.2120666504,46222,46232,10
13.0337400436,80.2119979858,46232,46242,10
13.0330896378,80.2119369507,46242,46252,10
13.032500267,80.2118988037,46252,46254,2
13.032500267,80.2118988037,46254,46301,47
13.031999588,80.2106704712,46301,46311,10
13.0320596695,80.2101593018,46311,46321,10
13.032119751,80.2098083496,46321,46331,10
13.0319004059,80.2096633911,46331,46341,10
13.0314102173,80.2095413208,46341,46351,10
13.03083992,80.2093734741,46351,46361,10
13.0303602219,80.2092285156,46361,46371,10
13.0300197601,80.2095413208,46371,46392,21
13.0300197601,80.2095413208,46392,46403,11
13.0300798416,80.2097473145,46403,46413,10
13.0305099487,80.2098693848,46413,46423,10
13.0308799744,80.2099914551,46423,46433,10
13.0309696198,80.2102203369,46433,46439,6
13.0309495926,80.2104187012,46439,46453,14
13.0308599472,80.2110595703,46453,46463,10
13.0308198929,80.2113418579,46463,46473,10
13.0307798386,80.2116775513,46473,46483,10
13.0306901932,80.212059021,46483,46493,10
13.030579567,80.212677002,46493,46503,10
13.030500412,80.2133102417,46503,46514,11
13.0304803848,80.2136077881,46514,46524,10
13.0304298401,80.2138824463,46524,46547,23
13.0303497314,80.2147827148,46547,46559,12
13.0303697586,80.2149734497,46559,46569,10
13.0303602219,80.215461731,46569,46577,8
13.0303897858,80.2160186768,46577,46589,12
13.0304698944,80.2167816162,46589,46599,10
13.0308599472,80.2168731689,46599,46609,10
13.0312299728,80.2169036865,46609,46619,10
13.0314397812,80.2171325684,46619,46630,11
13.0314998627,80.2177581787,46630,46639,9
13.031709671,80.2183303833,46639,46650,11
13.0322198868,80.2185974121,46650,46660,10
13.0321998596,80.2192077637,46660,46670,10
13.0321903229,80.2197799683,46670,46680,10
13.0321998596,80.2202529907,46680,46690,10
13.0321998596,80.2202606201,46690,46699,9
13.0321998596,80.2204284668,46699,46710,11
13.0320596695,80.2209777832,46710,46720,10
13.0318698883,80.2216491699,46720,46731,11
13.0315504074,80.2223205566,46731,46741,10
13.0312404633,80.2229537964,46741,46751,10
13.0311498642,80.2234573364,46751,46761,10
13.031129837,80.2238388062,46761,46771,10
13.031129837,80.2238464355,46771,46781,10
13.0311403275,80.2242279053,46781,46791,10
13.030790329,80.2242965698,46791,46801,10
13.0301504135,80.2242965698,46801,46811,10
13.0295495987,80.2242965698,46811,46821,10
13.0291099548,80.2242584229,46821,46831,10
13.0291004181,80.2242584229,46831,46841,10
13.0288095474,80.2241210938,46841,46852,11
13.028459549,80.2242126465,46852,46862,10
13.0283403397,80.2248306274,46862,46878,16
13.0280599594,80.2259368896,46878,46890,12
13.0279903412,80.2263793945,46890,46900,10
13.0279197693,80.2267074585,46900,46910,10
13.0279598236,80.2269592285,46910,46920,10
13.0282297134,80.2270736694,46920,46930,10
13.0288295746,80.2271728516,46930,46940,10
13.0295495987,80.2272872925,46940,46950,10
13.0300397873,80.2273712158,46950,46961,11
13.030380249,80.2274780273,46961,46971,10
13.0303602219,80.2278213501,46971,46981,10
13.0303297043,80.2280426025,46981,46992,11
13.0303096771,80.2281570435,46992,47002,10
13.0302600861,80.2287216187,47002,47012,10
13.0302696228,80.2292404175,47012,47022,10
13.0304803848,80.2297515869,47022,47032,10
13.0306997299,80.2305603027,47032,47121,89
13.0306997299,80.2305603027,47121,47131,10
13.0307798386,80.2307281494,47131,47141,10
13.0303401947,80.2308197021,47141,47161,20
13.0303401947,80.2308197021,47161,47171,10
13.0301399231,80.2308120728,47171,47182,11
13.0297803879,80.2308425903,47182,47191,9
13.029419899,80.2308578491,47191,47202,11
13.0289096832,80.2309036255,47202,47212,10
13.0282201767,80.2309494019,47212,47222,10
13.0277395248,80.231010437,47222,47232,10
13.0276603699,80.231300354,47232,47242,10
13.0277204514,80.2317733765,47242,47252,10
13.0278100967,80.2323226929,47252,47262,10
13.0277395248,80.2328186035,47262,47272,10
13.0272502899,80.2329025269,47272,47282,10
13.0269603729,80.2329711914,47282,47293,11
13.0266799927,80.2330322266,47293,47303,10
13.0263795853,80.2328414917,47303,47313,10
13.0261802673,80.2322387695,47313,47323,10
13.0259599686,80.2314987183,47323,47333,10
13.0257501602,80.2307434082,47333,47343,10
13.0252399445,80.2298431396,47343,47353,10
13.024600029,80.229019165,47353,47363,10
13.0241804123,80.2285079956,47363,47373,10
13.0240001678,80.2283172607,47373,47383,10
13.0239601135,80.2282562256,47383,47393,10
13.0237598419,80.2280197144,47393,47404,11
13.0236301422,80.2278671265,47404,47414,10
13.0233097076,80.2275390625,47414,47424,10
13.0228395462,80.2270584106,47424,47434,10
13.0222797394,80.2265396118,47434,47444,10
13.0215997696,80.2259902954,47444,47454,10
13.0208902359,80.2254486084,47454,47464,10
13.0200996399,80.2249221802,47464,47474,10
13.0192499161,80.2244873047,47474,47484,10
13.018239975,80.2247161865,47484,47494,10
13.0172300339,80.2251434326,47494,47504,10
13.0163803101,80.225479126,47504,47515,11
13.0156497955,80.2257385254,47515,47531,16
13.0149803162,80.2260131836,47531,47543,12
13.0149497986,80.226020813,47543,47553,10
13.0148696899,80.2260513306,47553,47563,10
13.0143995285,80.2262115479,47563,47573,10
13.0141201019,80.2263565063,47573,47583,10
13.0140800476,80.2263565063,47583,47593,10
13.0136995316,80.2265014648,47593,47603,10
13.013130188,80.2267227173,47603,47613,10
13.0123796463,80.2270126343,47613,47624,11
13.0113697052,80.2274093628,47624,47634,10
13.0104904175,80.2277603149,47634,47644,10
13.0097799301,80.2280807495,47644,47654,10
13.009180069,80.2285003662,47654,47664,10
13.0089797974,80.2293624878,47664,47674,10
13.0087995529,80.2302703857,47674,47684,10
13.0086202621,80.2312011719,47684,47694,10
13.0084400177,80.2322235107,47694,47704,10
13.0082702637,80.2331619263,47704,47714,10
13.0082101822,80.2335510254,47714,47724,10
13.0081701279,80.2336578369,47724,47735,11
13.0080795288,80.23412323,47735,47745,10
13.0079498291,80.2347183228,47745,47755,10
13.0078201294,80.2353820801,47755,47765,10
13.0076599121,80.2361526489,47765,47775,10
13.0074796677,80.2370986938,47775,47785,10
13.0073204041,80.2380218506,47785,47795,10
13.0071601868,80.238861084,47795,47805,10
13.0070104599,80.2396011353,47805,47815,10
13.0069303513,80.2401123047,47815,47835,20
13.0069303513,80.2401123047,47835,47846,11
13.0068998337,80.2406082153,47846,47856,10
13.0068397522,80.2408828735,47856,47866,10
13.0068101883,80.2409973145,47866,47876,10
13.0067501068,80.2414169312,47876,47886,10
13.0067195892,80.2425765991,47886,47906,20
13.0067195892,80.2425765991,47906,47916,10
13.0066900253,80.2427978516,47916,47926,10
13.0066795349,80.2430725098,47926,47936,10
13.0066795349,80.2433624268,47936,47946,10
13.0066795349,80.2437286377,47946,47957,11
13.0066795349,80.2442779541,47957,47967,10
13.0066795349,80.2446899414,47967,47977,10
13.0067195892,80.2452468872,47977,47987,10
13.0067596436,80.2459030151,47987,47997,10
13.0067596436,80.2464599609,47997,48007,10
13.0067596436,80.246887207,48007,48017,10
13.0067396164,80.2473373413,48017,48027,10
13.0067300797,80.2479782104,48027,48037,10
13.0067596436,80.2487716675,48037,48047,10
13.0068502426,80.2495803833,48047,48057,10
13.0068502426,80.2497177124,48057,48068,11
13.0068101883,80.2497329712,48068,48078,10
13.006770134,80.2500762939,48078,48088,10
13.0067796707,80.250617981,48088,48098,10
13.0067996979,80.2511520386,48098,48128,30
13.0067996979,80.2511520386,48128,48138,10
13.0067596436,80.2515792847,48138,48148,10
13.0066299438,80.2521133423,48148,48158,10
13.0065402985,80.2526321411,48158,48169,11
13.0065402985,80.2532730103,48169,48179,10
13.0065402985,80.2540664673,48179,48189,10
13.0065698624,80.2550811768,48189,48209,20
13.0065698624,80.2550811768,48209,48219,10
13.0065202713,80.2552032471,48219,48229,10
13.006529808,80.2557296753,48229,48239,10
13.0065402985,80.2563781738,48239,48249,10
13.0066604614,80.2569885254,48249,48269,20
13.0066604614,80.2569885254,48269,48280,11
13.0067596436,80.2573013306,48280,48290,10
13.0063295364,80.2574996948,48290,48300,10
13.0057201385,80.2573928833,48300,48310,10
13.0050802231,80.2572174072,48310,48320,10
13.0043096542,80.2570800781,48320,48330,10
13.0035800934,80.256942749,48330,48340,10
13.0030603409,80.2568283081,48340,48370,30
13.0030603409,80.2568283081,48370,48380,10
13.0026597977,80.2567672729,48380,48390,10
13.0023899078,80.256729126,48390,48401,11
13.0018100739,80.2566375732,48401,48441,40
13.0016403198,80.2565994263,48441,48481,40
13.0016403198,80.2565994263,48481,48491,10
13.0012702942,80.2565612793,48491,48501,10
13.0006504059,80.2564620972,48501,48512,11
12.9999799728,80.2563705444,48512,48522,10
12.9996700287,80.2563171387,48522,48542,20
12.9996700287,80.2563171387,48542,48552,10
12.9994802475,80.2562637329,48552,48562,10
12.9990596771,80.2561569214,48562,48571,9
12.998459816,80.256072998,48571,48582,11
12.997879982,80.2560195923,48582,48602,20
12.997879982,80.2560195923,48602,48612,10
12.9977703094,80.2560195923,48612,48623,11
12.9976501465,80.2561035156,48623,48633,10
12.9976596832,80.2563323975,48633,48643,10
12.9975700378,80.2567214966,48643,48653,10
12.9972496033,80.2570571899,48653,48673,20
12.9972496033,80.2570571899,48673,48683,10
12.9971199036,80.2570571899,48683,48734,51
12.9970998764,80.2570800781,48734,48935,201
12.9971504211,80.2570800781,48935,49147,212
12.9971504211,80.2570800781,49147,49157,10
12.9971399307,80.2571411133,49157,49289,132
12.9970397949,80.2571182251,49289,51075,1786
12.9970397949,80.2571182251,51075,51085,10
12.9973802567,80.2570419312,51085,51095,10
12.9974098206,80.257019043,51095,51105,10
12.9974803925,80.2567596436,51105,51115,10
12.997590065,80.2563400269,51115,51216,101
12.997590065,80.2563400269,51216,51226,10
12.9977798462,80.2559814453,51226,51236,10
12.9979400635,80.2559127808,51236,51246,10
12.998339653,80.2559814453,51246,51256,10
12.9986696243,80.2559967041,51256,51266,10
12.9987001419,80.2559967041,51266,51276,10
12.9988098145,80.2559890747,51276,51286,10
12.9988803864,80.2559967041,51286,51297,11
12.9989995956,80.2560119629,51297,51307,10
12.9991703033,80.2560272217,51307,51317,10
12.9992198944,80.2560424805,51317,51327,10
12.9995803833,80.2561264038,51327,51337,10
13.0001001358,80.2562637329,51337,51347,10
13.0006198883,80.256362915,51347,51357,10
13.001159668,80.2564468384,51357,51366,9
13.0017404556,80.2565612793,51366,51377,11
13.0025196075,80.2566986084,51377,51387,10
13.0030603409,80.2567977905,51387,51397,10
13.003569603,80.2569122314,51397,51408,11
13.0042200089,80.2570419312,51408,51418,10
13.004940033,80.2571716309,51418,51428,10
13.0057401657,80.2573013306,51428,51438,10
13.0063400269,80.2574462891,51438,51458,20
13.0063400269,80.2574462891,51458,51468,10
13.0064601898,80.2574996948,51468,51478,10
13.0065202713,80.2571868896,51478,51488,10
13.0064897537,80.2568206787,51488,51498,10
13.0064601898,80.2564163208,51498,51508,10
13.006480217,80.2556533813,51508,51519,11
13.006529808,80.2549667358,51519,51529,10
13.0065097809,80.2542572021,51529,51537,8
13.0065202713,80.2536621094,51537,51549,12
13.006529808,80.2533493042,51549,51559,10
13.0065202713,80.253112793,51559,51569,10
13.0065002441,80.2527313232,51569,51630,61
13.0065002441,80.2527313232,51630,51640,10
13.0065603256,80.2525405884,51640,51650,10
13.0066204071,80.252166748,51650,51660,10
13.0066699982,80.2517318726,51660,51670,10
13.0067501068,80.2509994507,51670,51680,10
13.0067396164,80.2499694824,51680,51690,10
13.0067300797,80.2489013672,51690,51700,10
13.0066604614,80.2482223511,51700,51710,10
13.0066299438,80.2477264404,51710,51720,10
13.0066404343,80.2470169067,51720,51730,10
13.0066099167,80.2464294434,51730,51741,11
13.0066003799,80.2457275391,51741,51751,10
13.0066003799,80.2453613281,51751,51761,10
13.0066003799,80.2452926636,51761,51777,16
13.0065603256,80.2450637817,51777,51789,12
13.0065603256,80.2449417114,51789,51797,8
13.0065803528,80.2446975708,51797,51809,12
13.0065898895,80.2443618774,51809,51819,10
13.0066003799,80.2437286377,51819,51829,10
13.0065603256,80.2428207397,51829,51839,10
13.0065498352,80.2418365479,51839,51849,10
13.0066404343,80.2406234741,51849,51860,11
13.0068397522,80.2394866943,51860,51870,10
13.0070495605,80.2385101318,51870,51880,10
13.0071697235,80.2379379272,51880,51890,10
13.007349968,80.237121582,51890,51911,21
13.007349968,80.237121582,51911,51920,9
13.0073604584,80.2369766235,51920,51930,10
13.0073795319,80.2368392944,51930,51941,11
13.0074501038,80.2366027832,51941,51951,10
13.0075702667,80.2361373901,51951,51962,11
13.0076904297,80.2354507446,51962,51972,10
13.0077295303,80.2351837158,51972,51982,10
13.0078496933,80.2346420288,51982,51992,10
13.0080404282,80.2337722778,51992,52001,9
13.0082101822,80.2328720093,52001,52012,11
13.0084495544,80.2317733765,52012,52022,10
13.0087003708,80.2305221558,52022,52032,10
13.008939743,80.2293624878,52032,52042,10
13.0091295242,80.2284164429,52042,52052,10
13.0095396042,80.2273712158,52052,52061,9
13.0099401474,80.2265014648,52061,52073,12
13.0104598999,80.225440979,52073,52083,10
13.0108203888,80.2246627808,52083,52093,10
13.0111103058,80.2239608765,52093,52103,10
13.0113096237,80.2233581543,52103,52113,10
13.0116100311,80.2226333618,52113,52123,10
13.0119400024,80.2216873169,52123,52132,9
13.0126895905,80.2218704224,52132,52143,11
13.0126895905,80.2218704224,52143,52153,10
13.0131797791,80.2222824097,52153,52163,10
13.0137395859,80.2229690552,52163,52173,10
13.0140600204,80.2232666016,52173,52184,11
13.0143404007,80.2236175537,52184,52194,10
13.014749527,80.2242126465,52194,52204,10
13.0150403976,80.2245483398,52204,52215,11
13.0155801773,80.2250289917,52215,52225,10
13.0162096024,80.2252578735,52225,52235,10
13.01720047,80.2249679565,52235,52245,10
13.0181798935,80.2245788574,52245,52255,10
13.0193500519,80.2242431641,52255,52275,20
13.0193500519,80.2242431641,52275,52285,10
13.0196800232,80.2244720459,52285,52296,11
13.0200300217,80.2247314453,52296,52306,10
13.020359993,80.2249679565,52306,52316,10
13.0208101273,80.2252883911,52316,52326,10
13.0213403702,80.2257232666,52326,52336,10
13.0219602585,80.2261581421,52336,52346,10
13.022600174,80.2266769409,52346,52355,9
13.0231399536,80.227180481,52355,52366,11
13.0238103867,80.2277832031,52366,52376,10
13.0242500305,80.2282409668,52376,52386,10
13.0245704651,80.2286911011,52386,52396,10
13.0248603821,80.2291030884,52396,52406,10
13.025179863,80.2295074463,52406,52417,11
13.0256500244,80.2301635742,52417,52427,10
13.0259599686,80.2307891846,52427,52437,10
13.0261697769,80.2312698364,52437,52447,10
13.0267601013,80.2311019897,52447,52457,10
13.0274801254,80.2309417725,52457,52467,10
13.0281600952,80.2309112549,52467,52477,10
13.028459549,80.2308578491,52477,52487,10
13.0286598206,80.2308273315,52487,52497,10
13.0290899277,80.2308120728,52497,52518,21
13.0290899277,80.2308120728,52518,52528,10
13.029299736,80.2307891846,52528,52538,10
13.0295801163,80.2307815552,52538,52548,10
13.030090332,80.2307128906,52548,52558,10
13.0306301117,80.2306289673,52558,52568,10
13.0306196213,80.2304000854,52568,52578,10
13.0305204391,80.2299194336,52578,52588,10
13.0303001404,80.2293930054,52588,52598,10
13.0302696228,80.2291030884,52598,52608,10
13.0303201675,80.2285919189,52608,52618,10
13.0303497314,80.2283096313,52618,52629,11
13.0303697586,80.2281265259,52629,52639,10
13.0304002762,80.2276916504,52639,52649,10
13.0300798416,80.2274169922,52649,52658,9
13.0294704437,80.2273330688,52658,52669,11
13.0286502838,80.2272109985,52669,52679,10
13.0280704498,80.2270584106,52679,52689,10
13.0279502869,80.2267913818,52689,52699,10
13.0280704498,80.2261886597,52699,52709,10
13.0282497406,80.2253494263,52709,52719,10
13.0284404755,80.2243728638,52719,52729,10
13.028550148,80.2239837646,52729,52740,11
13.0287704468,80.2239837646,52740,52750,10
13.0289201736,80.2240371704,52750,52760,10
13.0292797089,80.2242279053,52760,52770,10
13.0298099518,80.2242279053,52770,52780,10
13.0304403305,80.2242431641,52780,52790,10
13.0308799744,80.2242584229,52790,52800,10
13.0310897827,80.2240371704,52800,52810,10
13.0311403275,80.2235794067,52810,52826,16
13.0312099457,80.2230682373,52826,52838,12
13.0314598083,80.2225112915,52838,52846,8
13.0316896439,80.2220306396,52846,52857,11
13.0319795609,80.221282959,52857,52869,12
13.0321798325,80.2203979492,52869,52879,10
13.0321702957,80.2197570801,52879,52889,10
13.0321798325,80.2196807861,52889,52899,10
13.0321998596,80.2193527222,52899,52909,10
13.0322303772,80.2188873291,52909,52919,10
13.0318202972,80.2184371948,52919,52929,10
13.0314903259,80.2180099487,52929,52939,10
13.0314397812,80.217300415,52939,52949,10
13.0313196182,80.2170181274,52949,52960,11
13.0308103561,80.2169799805,52960,52970,10
13.0304603577,80.2167510986,52970,52981,11
13.0304498672,80.2166595459,52981,52991,10
13.0304203033,80.2163772583,52991,53001,10
13.0303497314,80.2157897949,53001,53011,10
13.0303201675,80.215057373,53011,53021,10
13.0303096771,80.2147216797,53021,53031,10
13.0303297043,80.2145614624,53031,53041,10
13.0303897858,80.2142028809,53041,53051,10
13.0304603577,80.213760376,53051,53061,10
13.0305299759,80.2135162354,53061,53072,11
13.0305900574,80.2129821777,53072,53082,10
13.0306797028,80.212272644,53082,53092,10
13.0307598114,80.2116622925,53092,53102,10
13.0308303833,80.2112579346,53102,53112,10
13.0308799744,80.2108688354,53112,53122,10
13.0309696198,80.2103118896,53122,53132,10
13.0309495926,80.2101364136,53132,53142,10
13.030670166,80.2100219727,53142,53152,10
13.0301704407,80.2098922729,53152,53162,10
13.0301599503,80.2092514038,53162,53233,71
13.0301599503,80.2092514038,53233,53243,10
13.0302696228,80.2089691162,53243,53253,10
13.0307798386,80.2090835571,53253,53263,10
13.0314798355,80.2092666626,53263,53273,10
13.0316400528,80.2093582153,53273,53283,10
13.0320796967,80.2094802856,53283,53294,11
13.0329704285,80.2096405029,53294,53304,10
13.0339202881,80.209777832,53304,53314,10
13.0348796844,80.2099304199,53314,53324,10
13.0351896286,80.2092819214,53324,53334,10
13.0352602005,80.2086486816,53334,53344,10
13.0352602005,80.2086334229,53344,53354,10
13.0352897644,80.2083511353,53354,53364,10
13.035369873,80.2078399658,53364,53374,10
13.035490036,80.2071228027,53374,53384,10
13.0355997086,80.2062835693,53384,53400,16
13.0354995728,80.2057189941,53400,53413,13
13.0355701447,80.2052688599,53413,53423,10
13.0357704163,80.2051391602,53423,53433,10
13.0358800888,80.2045135498,53433,53443,10
13.0359697342,80.2039489746,53443,53453,10
13.03606987,80.20337677,53453,53463,10
13.0361604691,80.2026977539,53463,53473,10
13.0362701416,80.2018585205,53473,53480,7
13.0362901688,80.2015075684,53480,53492,12
13.0363101959,80.201423645,53492,53503,11
13.0363903046,80.200958252,53503,53514,11
13.0365104675,80.2001419067,53514,53524,10
13.0366201401,80.19921875,53524,53534,10
13.0367202759,80.1984024048,53534,53544,10
13.0367603302,80.1982803345,53544,53554,10
13.0368204117,80.1978607178,53554,53564,10
13.0369300842,80.1971969604,53564,53574,10
13.0370502472,80.1964263916,53574,53584,10
13.0371599197,80.1956329346,53584,53594,10
13.0372896194,80.1947631836,53594,53604,10
13.0374298096,80.1937866211,53604,53614,10
13.0375404358,80.1930007935,53614,53625,11
13.0378904343,80.1927108765,53625,53635,10
13.0383300781,80.192741394,53635,53645,10
13.0386400223,80.1928100586,53645,53655,10
13.038860321,80.1928482056,53655,53665,10
13.0393400192,80.1929321289,53665,53675,10
13.039899826,80.1930236816,53675,53685,10
13.04047966,80.1931381226,53685,53695,10
13.0410404205,80.1932525635,53695,53705,10
13.041469574,80.193321228,53705,53715,10
13.0417203903,80.1934204102,53715,53725,10
13.0417098999,80.1938400269,53725,53736,11
13.0416698456,80.194480896,53736,53746,10
13.0415897369,80.195098877,53746,53756,10
13.0415296555,80.1956863403,53756,53766,10
13.0414600372,80.1961364746,53766,53776,10
13.0413799286,80.1965026855,53776,53796,20
13.0413799286,80.1965026855,53796,53806,10
13.0413398743,80.1969680786,53806,53816,10
13.0412502289,80.1975021362,53816,53826,10
13.0411901474,80.1981582642,53826,53836,10
13.0411100388,80.1986999512,53836,53847,11
13.0410299301,80.1991424561,53847,53857,10
13.041009903,80.199432373,53857,53867,10
13.0409698486,80.199760437,53867,53877,10
13.0408697128,80.2004165649,53877,53887,10
13.0407800674,80.2011108398,53887,53897,10
13.0406599045,80.2018508911,53897,53907,10
13.0405797958,80.2022399902,53907,53917,10
13.0404701233,80.2029266357,53917,53927,10
13.0403795242,80.2038192749,53927,53937,10
13.0402297974,80.2045822144,53937,53947,10
13.0402002335,80.2049636841,53947,53957,10
13.0405502319,80.205039978,53957,53968,11
13.0411996841,80.2051315308,53968,53978,10
13.0412397385,80.2051315308,53978,53988,10
13.0414199829,80.2051620483,53988,53998,10
13.0420398712,80.2052536011,53998,54008,10
13.0425596237,80.2053604126,54008,54018,10
13.0426502228,80.2054367065,54018,54028,10
13.042889595,80.2058486938,54028,54038,10
13.0433197021,80.2064590454,54038,54048,10
13.0436897278,80.206993103,54048,54058,10
13.0439796448,80.2075500488,54058,54069,11
13.044090271,80.2081985474,54069,54079,10
13.0441398621,80.2089233398,54079,54089,10
13.0441398621,80.2090606689,54089,54099,10
13.0441398621,80.2091903687,54099,54109,10
13.0441598892,80.2096328735,54109,54119,10
13.0441799164,80.2104110718,54119,54129,10
13.044210434,80.2113113403,54129,54139,10
13.0442399979,80.2118911743,54139,54200,61
13.0442399979,80.2118911743,54200,54210,10
13.0442304611,80.2119827271,54210,54220,10
13.0445098877,80.2121810913,54220,54230,10
13.0451803207,80.2121582031,54230,54240,10
13.045999527,80.2121429443,54240,54250,10
13.0469398499,80.212097168,54250,54280,30
13.0469398499,80.212097168,54280,54290,10
13.0470695496,80.2118988037,54290,54301,11
13.0470399857,80.2113800049,54301,54311,10
13.0470199585,80.2108230591,54311,54321,10
13.047419548,80.2107162476,54321,54331,10
13.0479602814,80.2107009888,54331,54341,10
13.0486402512,80.2107620239,54341,54351,10
13.0491600037,80.2107467651,54351,54361,10
13.0494804382,80.2107696533,54361,54371,10
13.0495595932,80.2104415894,54371,54381,10
13.0494699478,80.2099075317,54381,54391,10
13.0494203568,80.2093582153,54391,54402,11
13.0493803024,80.208732605,54402,54412,10
13.0492401123,80.2081680298,54412,54422,10
13.0489797592,80.2075195313,54422,54432,10
13.0488500595,80.207069397,54432,54452,20
13.0488500595,80.207069397,54452,54462,10
13.0488300323,80.2068786621,54462,54472,10
13.0489301682,80.20677948,54472,54492,20
13.0489301682,80.20677948,54492,54502,10
13.0491895676,80.2068786621,54502,54512,10
13.0492095947,80.2070388794,54512,54714,202
13.0492095947,80.2070388794,54714,54724,10
13.0490198135,80.2073822021,54724,54735,11
13.0491104126,80.2077407837,54735,54745,10
13.0493001938,80.2082824707,54745,54755,10
13.0494203568,80.2089385986,54755,54765,10
13.0495500565,80.2095794678,54765,54775,10
13.0496101379,80.2101898193,54775,54785,10
13.049659729,80.2108078003,54785,54795,10
13.0497398376,80.2112426758,54795,54805,10
13.0497999191,80.2115478516,54805,54815,10
13.0498504639,80.2118988037,54815,54825,10
13.0498399734,80.2121200562,54825,54835,10
13.0493803024,80.2121963501,54835,54856,21
13.0493803024,80.2121963501,54856,54866,10
13.0491199493,80.2121887207,54866,54876,10
13.0486402512,80.2121963501,54876,54886,10
13.0480899811,80.2122421265,54886,54896,10
13.0473499298,80.2123184204,54896,54906,10
13.0465202332,80.2123413086,54906,54916,10
13.0456495285,80.2123565674,54916,54925,9
13.0447101593,80.2124099731,54925,54967,42
13.0447101593,80.2124099731,54967,54977,10
13.044670105,80.2124710083,54977,54987,10
13.0443897247,80.2124404907,54987,54997,10
13.0442304611,80.2119979858,54997,55007,10
13.0441799164,80.2112731934,55007,55017,10
13.0441503525,80.2105026245,55017,55027,10
13.0441198349,80.2097015381,55027,55037,10
13.0440797806,80.2090606689,55037,55047,10
13.0440797806,80.2087020874,55047,55057,10
13.0440597534,80.2080688477,55057,55067,10
13.0437803268,80.2072677612,55067,55078,11
13.0432500839,80.2065124512,55078,55088,10
13.0427503586,80.2058181763,55088,55098,10
13.0420598984,80.2053604126,55098,55108,10
13.0412597656,80.2052307129,55108,55118,10
13.0408201218,80.2052001953,55118,55128,10
13.040599823,80.2051696777,55128,55138,10
13.0401296616,80.2050933838,55138,55148,10
13.0396995544,80.2050476074,55148,55158,10
13.0391597748,80.2049636841,55158,55168,10
13.0384302139,80.2048492432,55168,55178,10
13.0381803513,80.2047195435,55178,55189,11
13.0382204056,80.2041625977,55189,55205,16
13.038359642,80.2029800415,55205,55217,12
13.0384702682,80.2021636963,55217,55227,10
13.0385398865,80.2015991211,55227,55237,10
13.0386104584,80.2012176514,55237,55246,9
13.0386695862,80.200920105,55246,55257,11
13.0387601852,80.2003936768,55257,55267,10
13.0388097763,80.199798584,55267,55277,10
13.038860321,80.1993103027,55277,55287,10
13.0388803482,80.1991424561,55287,55298,11
13.0389499664,80.1986923218,55298,55307,9
13.0390701294,80.1980514526,55307,55317,10
13.0392103195,80.1973495483,55317,55328,11
13.0392599106,80.1969299316,55328,55338,10
13.0392799377,80.1967391968,55338,55348,10
13.0393295288,80.1962738037,55348,55358,10
13.0394096375,80.1955566406,55358,55368,10
13.0394897461,80.1948623657,55368,55378,10
13.0396604538,80.193862915,55378,55388,10
13.0397596359,80.1932067871,55388,55409,21
13.0397596359,80.1932067871,55409,55419,10
13.0394601822,80.1929779053,55419,55429,10
13.0389900208,80.1929168701,55429,55439,10
13.0386600494,80.1928787231,55439,55449,10
13.0384702682,80.1928634644,55449,55459,10
13.0381202698,80.1928329468,55459,55469,10
13.038069725,80.1928405762,55469,55479,10
13.0379295349,80.1928482056,55479,55489,10
13.0376396179,80.1930618286,55489,55499,10
13.0375299454,80.1937179565,55499,55509,10
13.0374202728,80.1945037842,55509,55520,11
13.0372800827,80.1954803467,55520,55530,10
13.0371999741,80.1959381104,55530,55540,10
13.0371999741,80.1959762573,55540,55550,10
13.0371599197,80.1962127686,55550,55560,10
13.0370903015,80.196762085,55560,55570,10
13.0369997025,80.197479248,55570,55580,10
13.0369300842,80.1979064941,55580,55590,10
13.0368499756,80.1985168457,55590,55600,10
13.0368299484,80.198600769,55600,55610,10
13.036740303,80.1989593506,55610,55620,10
13.0366601944,80.1996231079,55620,55631,11
13.0365400314,80.2004394531,55631,55641,10
13.036450386,80.2010574341,55641,55651,10
13.0363798141,80.2015533447,55651,55661,10
13.0363502502,80.2017822266,55661,55671,10
13.0363101959,80.2019424438,55671,55681,10
13.036239624,80.2024230957,55681,55691,10
13.0361499786,80.2032394409,55691,55701,10
13.0360298157,80.2040863037,55701,55711,10
13.0359601974,80.2046585083,55711,55721,10
13.0358400345,80.205329895,55721,55731,10
13.0357398987,80.2059783936,55731,55742,11
13.0356302261,80.2067184448,55742,55752,10
13.0355195999,80.2075500488,55752,55762,10
13.0354604721,80.2081604004,55762,55773,11
13.0354604721,80.2081680298,55773,55783,10
13.0354204178,80.2082366943,55783,55793,10
13.0353803635,80.2084274292,55793,55803,10
13.035369873,80.2085876465,55803,55812,9
13.0353002548,80.2090606689,55812,55822,10
13.0351800919,80.209777832,55822,55833,11
13.0350103378,80.2104187012,55833,55843,10
13.0348796844,80.2110366821,55843,55854,11
13.0347700119,80.2118835449,55854,55864,10
13.0342998505,80.2120819092,55864,55874,10
13.0335998535,80.212020874,55874,55884,10
13.0325498581,80.2119369507,55884,55904,20
13.0325498581,80.2119369507,55904,55914,10
13.0321598053,80.2118606567,55914,55924,10
13.031920433,80.2115097046,55924,55934,10
13.0320100784,80.2108306885,55934,55944,10
13.0321302414,80.2100601196,55944,55954,10
13.0317401886,80.2096405029,55954,55965,11
13.0306501389,80.2093887329,55965,55985,20
13.0306501389,80.2093887329,55985,55995,10
13.0304803848,80.209312439,55995,56005,10
13.0302200317,80.2092514038,56005,56015,10
13.0300998688,80.2095184326,56015,56025,10
13.030090332,80.2095794678,56025,56035,10
13.0301198959,80.2098007202,56035,56045,10
13.0305995941,80.2099304199,56045,56055,10
13.0309200287,80.2100219727,56055,56065,10
13.030960083,80.2102584839,56065,56076,11
13.0308799744,80.2108917236,56076,56086,10
13.0308599472,80.211151123,56086,56096,10
13.0308103561,80.211479187,56096,56106,10
13.0307502747,80.2118988037,56106,56116,10
13.0306797028,80.212562561,56116,56126,10
13.0305900574,80.2131195068,56126,56136,10
13.0305404663,80.2136535645,56136,56146,10
13.0304603577,80.2140197754,56146,56156,10
13.030380249,80.2146224976,56156,56166,10
13.030380249,80.2147521973,56166,56176,10
13.0303602219,80.2149887085,56176,56187,11
13.0303602219,80.2156829834,56187,56197,10
13.0304298401,80.2164916992,56197,56207,10
13.0305995941,80.2168884277,56207,56217,10
13.0306797028,80.2169036865,56217,56227,10
13.0308198929,80.2169265747,56227,56237,10
13.0312204361,80.2169494629,56237,56247,10
13.0313596725,80.2169799805,56247,56257,10
13.0314702988,80.2174301147,56257,56267,10
13.0315303802,80.2181625366,56267,56277,10
13.0320901871,80.2183990479,56277,56287,10
13.0322198868,80.2187423706,56287,56298,11
13.0322303772,80.219581604,56298,56308,10
13.0322198868,80.220123291,56308,56318,10
13.0322303772,80.2202835083,56318,56328,10
13.0321998596,80.2205734253,56328,56338,10
13.0320501328,80.2211380005,56338,56348,10
13.0318098068,80.2218017578,56348,56358,10
13.0315504074,80.2224502563,56358,56368,10
13.0312404633,80.2231521606,56368,56378,10
13.0311899185,80.2238693237,56378,56388,10
13.0311899185,80.2239532471,56388,56398,10
13.0311002731,80.2242965698,56398,56409,11
13.030500412,80.2243270874,56409,56419,10
13.0297403336,80.2243270874,56419,56429,10
13.0290403366,80.2242584229,56429,56439,10
13.0289201736,80.2241668701,56439,56449,10
13.0286197662,80.2240905762,56449,56459,10
13.0284204483,80.2244415283,56459,56475,16
13.0281000137,80.2257766724,56475,56487,12
13.0279302597,80.2266998291,56487,56495,8
13.0279302597,80.2269210815,56495,56507,12
13.0283699036,80.2271194458,56507,56517,10
13.0290298462,80.2272262573,56517,56528,11
13.0298404694,80.2273712158,56528,56538,10
13.0304203033,80.2275238037,56538,56548,10
13.0304298401,80.2279586792,56548,56558,10
13.0304203033,80.2283935547,56558,56568,10
13.0303602219,80.2287979126,56568,56578,10
13.0303497314,80.2293014526,56578,56588,10
13.0305204391,80.2297515869,56588,56598,10
13.0307197571,80.230682373,56598,56639,41
13.0307197571,80.230682373,56639,56649,10
13.0306797028,80.23072052,56649,56659,10
13.030380249,80.2307891846,56659,56669,10
13.0298995972,80.2308807373,56669,56679,10
13.0297203064,80.2309036255,56679,56689,10
13.0293302536,80.2309570313,56689,56699,10
13.028670311,80.2310180664,56699,56709,10
13.0281095505,80.231048584,56709,56719,10
13.0277099609,80.2311019897,56719,56729,10
13.0277004242,80.231552124,56729,56740,11
13.0277996063,80.2322311401,56740,56750,10
13.0278902054,80.2328109741,56750,56760,10
13.0274000168,80.2329101563,56760,56770,10
13.0268802643,80.2329864502,56770,56780,10
13.026550293,80.2330093384,56780,56790,10
13.0262804031,80.2325973511,56790,56800,10
13.0261802673,80.2322235107,56800,56810,10
13.0261201859,80.231880188,56810,56820,10
13.025970459,80.231338501,56820,56830,10
13.0257997513,80.2307434082,56830,56846,16
13.0251502991,80.2297592163,56846,56859,13
13.0246696472,80.2291488647,56859,56869,10
13.0243196487,80.2287063599,56869,56879,10
13.0239601135,80.2283096313,56879,56889,10
13.0239200592,80.2282562256,56889,56899,10
13.0237102509,80.2279815674,56899,56909,10
13.0233402252,80.2276229858,56909,56919,10
13.0228700638,80.2271881104,56919,56929,10
13.0225095749,80.2268218994,56929,56939,10
13.0220804214,80.2264099121,56939,56948,9
13.02161026,80.2260284424,56948,56958,10
13.021030426,80.2255783081,56958,56970,12
13.020529747,80.225227356,56970,56980,10
13.0204296112,80.2251586914,56980,56990,10
13.0200099945,80.2248916626,56990,57000,10
13.0193395615,80.2245025635,57000,57009,9
13.0185203552,80.224571228,57009,57020,11
13.0175800323,80.2249526978,57020,57030,10
13.0166797638,80.2253189087,57030,57040,10
13.016169548,80.2255172729,57040,57050,10
13.0155801773,80.2257385254,57050,57060,10
13.0149002075,80.2260437012,57060,57070,10
13.0144300461,80.2261962891,57070,57081,11
13.0141000748,80.2263870239,57081,57091,10
13.0139303207,80.2264480591,57091,57101,10
13.013420105,80.2266387939,57101,57111,10
13.0127601624,80.2268981934,57111,57121,10
13.0119600296,80.2272033691,57121,57131,10
13.0110502243,80.2275466919,57131,57141,10
13.0101299286,80.2279129028,57141,57151,10
13.0092601776,80.2283096313,57151,57161,10
13.0089998245,80.2291030884,57161,57171,10
13.0088100433,80.2301177979,57171,57182,11
13.0085897446,80.231300354,57182,57192,10
13.0083799362,80.2323608398,57192,57202,10
13.0082502365,80.2332763672,57202,57212,10
13.0082197189,80.2336120605,57212,57222,10
13.008190155,80.2337188721,57222,57232,10
13.0081796646,80.2337265015,57232,57242,10
13.0081300735,80.2338562012,57242,57252,10
13.0080404282,80.2343063354,57252,57262,10
13.007900238,80.2350387573,57262,57272,10
13.0077104568,80.2359466553,57272,57282,10
13.0074996948,80.2369308472,57282,57293,11
13.0073204041,80.2379837036,57293,57303,10
13.0071601868,80.238861084,57303,57313,10
13.0070199966,80.2395782471,57313,57323,10
13.0068998337,80.2401275635,57323,57333,10
13.0068798065,80.2406234741,57333,57343,10
13.0068597794,80.2408370972,57343,57353,10
13.0067901611,80.2411422729,57353,57363,10
13.0067596436,80.2417373657,57363,57373,10
13.006770134,80.2425003052,57373,57383,10
13.0067501068,80.243270874,57383,57393,10
13.0067796707,80.2440795898,57393,57404,11
13.006770134,80.2447814941,57404,57414,10
13.0067501068,80.2448272705,57414,57424,10
13.0067100525,80.2451400757,57424,57434,10
13.0067396164,80.2456893921,57434,57444,10
13.0067901611,80.2463989258,57444,57454,10
13.0067996979,80.2468566895,57454,57464,10
13.0067996979,80.247177124,57464,57474,10
13.0067396164,80.2477035522,57474,57484,10
13.0067501068,80.2485122681,57484,57494,10
13.0068702698,80.2493362427,57494,57504,10
13.0068798065,80.2495803833,57504,57515,11
13.0068902969,80.2497634888,57515,57525,10
13.0068702698,80.2502822876,57525,57535,10
13.0068998337,80.251121521,57535,57565,30
13.0068998337,80.251121521,57565,57575,10
13.0068902969,80.2512664795,57575,57585,10
13.0068397522,80.2515869141,57585,57595,10
13.0066900253,80.2522201538,57595,57605,10
13.0066099167,80.2529296875,57605,57615,10
13.0065898895,80.2536468506,57615,57626,11
13.006649971,80.2547988892,57626,57646,20
13.006649971,80.2547988892,57646,57656,10
13.006649971,80.2548904419,57656,57666,10
13.0066604614,80.2553024292,57666,57676,10
13.006649971,80.2559585571,57676,57686,10
13.0066404343,80.2565917969,57686,57696,10
13.0066604614,80.256980896,57696,57706,10
13.0067100525,80.2573013306,57706,57716,10
13.0065402985,80.25756073,57716,57726,10
13.0060396194,80.2575073242,57726,57737,11
13.0053901672,80.2573471069,57737,57747,10
13.0047903061,80.2572097778,57747,57757,10
13.004119873,80.2570495605,57757,57767,10
13.003370285,80.2569122314,57767,57777,10
13.0027999878,80.2567977905,57777,57787,10
13.0027503967,80.2567977905,57787,57797,10
13.002699852,80.2567901611,57797,57807,10
13.0026597977,80.2567825317,57807,57817,10
13.0026102066,80.2567672729,57817,57827,10
13.0023899078,80.256729126,57827,57837,10
13.0020599365,80.2566833496,57837,57848,11
13.0014400482,80.2565917969,57848,57858,10
13.0007095337,80.2564697266,57858,57868,10
13.0002098083,80.2563781738,57868,57884,16
12.9996595383,80.2562789917,57884,57896,12
12.9993200302,80.2562179565,57896,57904,8
12.9988698959,80.2561264038,57904,57916,12
12.9982299805,80.2560424805,57916,57926,10
12.997420311,80.2559890747,57926,57966,40
12.997420311,80.2559890747,57966,57977,11
12.9970798492,80.2559967041,57977,57987,10
12.9969100952,80.2562484741,57987,57997,10
12.9968595505,80.2570571899,57997,58017,20
12.9968595505,80.2570571899,58017,58027,10
12.9968299866,80.2573928833,58027,58037,10
12.9967699051,80.2579269409,58037,58047,10
12.9966897964,80.2586593628,58047,58057,10
12.9966096878,80.2593688965,58057,58068,11
12.9965496063,80.2601165771,58068,58078,10
12.9964504242,80.2609100342,58078,58088,10
12.9963798523,80.2617034912,58088,58098,10
12.996339798,80.2620773315,58098,58108,10
12.9962902069,80.2623977661,58108,58118,10
12.9962902069,80.2624130249,58118,58128,10
12.9962301254,80.2626571655,58128,58138,10
12.9961996078,80.2631607056,58138,58148,10
12.9961299896,80.2638397217,58148,58158,10
12.9960298538,80.2646636963,58158,58168,10
12.995929718,80.2656097412,58168,58178,10
12.9958200455,80.2666091919,58178,58189,11
12.9957199097,80.2675323486,58189,58199,10
12.9961204529,80.2677001953,58199,58215,16
12.9961795807,80.2677001953,58215,58227,12
12.9965801239,80.2677688599,58227,58235,8
12.9970502853,80.2676773071,58235,58246,11
12.9977703094,80.2674789429,58246,58257,11
12.9987096786,80.2672424316,58257,58267,10
12.9995203018,80.2669906616,58267,58277,10
13.0000200272,80.2666931152,58277,58287,10
13.0000295639,80.2666778564,58287,58297,10
13.0001096725,80.2665023804,58297,58308,11
13.000169754,80.2660217285,58308,58318,10
13.0002698898,80.2656784058,58318,58328,10
13.0003795624,80.2658309937,58328,58338,10
13.0003700256,80.2661437988,58338,58509,171
13.0003099442,80.2663116455,58509,59408,899
13.0004301071,80.2663879395,59408,59743,335
13.0004301071,80.2663879395,59743,59753,10
13.0003900528,80.2662963867,59753,59823,70
13.0003900528,80.2662963867,59823,59834,11
13.0003499985,80.2665786743,59834,59844,10
13.0003499985,80.2666778564,59844,59854,10
13.0003204346,80.2667770386,59854,59864,10
13.0001602173,80.2669219971,59864,59874,10
12.9996995926,80.2670135498,59874,59884,10
12.9990501404,80.2671813965,59884,59894,10
12.9983501434,80.2673721313,59894,59904,10
12.9976501465,80.267578125,59904,59914,10
12.9969997406,80.2677383423,59914,59924,10
12.9963102341,80.2677764893,59924,59934,10
12.995759964,80.2677307129,59934,59945,11
12.995639801,80.267539978,59945,59955,10
12.9956598282,80.2673187256,59955,59965,10
12.9956703186,80.2672805786,59965,59975,10
12.9957103729,80.2669372559,59975,59985,10
12.9957799911,80.2663269043,59985,59995,10
12.9958600998,80.2655792236,59995,60011,16
12.9960002899,80.2642974854,60011,60023,12
12.9961004257,80.2633514404,60023,60031,8
12.9961500168,80.262802124,60031,60043,12
12.9961795807,80.2625732422,60043,60054,11
12.9961900711,80.2624206543,60054,60063,9
12.9962301254,80.2620697021,60063,60074,11
12.9962997437,80.2616424561,60074,60084,10
12.9963598251,80.2609863281,60084,60093,9
12.9964504242,80.2604370117,60093,60104,11
12.9964799881,80.2597808838,60104,60114,10
12.9965295792,80.2593002319,60114,60124,10
12.9965801239,80.2588577271,60124,60134,10
12.9966201782,80.2583618164,60134,60144,10
12.9967002869,80.2576980591,60144,60154,10
12.9967603683,80.2571792603,60154,60164,10
12.9967803955,80.256980896,60164,60174,10
12.9968099594,80.2563400269,60174,60215,41
12.9968099594,80.2563400269,60215,60225,10
12.9967699051,80.2561569214,60225,60235,10
12.9968996048,80.2558364868,60235,60245,10
12.9973897934,80.2558517456,60245,60255,10
12.9979896545,80.2559127808,60255,60265,10
12.9986600876,80.2559967041,60265,60286,21
12.9986600876,80.2559967041,60286,60296,10
12.9988203049,80.2560195923,60296,60346,50
12.9988203049,80.2560195923,60346,60356,10
12.9988899231,80.256072998,60356,60366,10
12.9991798401,80.256111145,60366,60383,17
12.9999504089,80.2562637329,60383,60395,12
13.000579834,80.2563934326,60395,60405,10
13.0009498596,80.256439209,60405,60413,8
13.0014696121,80.2565383911,60413,60425,12
13.0021600723,80.2566375732,60425,60435,10
13.002240181,80.256652832,60435,60445,10
13.0023803711,80.256652832,60445,60455,10
13.0026397705,80.2567062378,60455,60465,10
13.0030603409,80.2567977905,60465,60475,10
13.0035600662,80.2569122314,60475,60485,10
13.0040102005,80.257019043,60485,60496,11
13.0043201447,80.2570724487,60496,60506,10
13.004699707,80.2571334839,60506,60515,9
13.0051698685,80.2572021484,60515,60526,11
13.0058097839,80.2573394775,60526,60536,10
13.0062103271,80.2574081421,60536,60556,20
13.0062103271,80.2574081421,60556,60566,10
13.0062999725,80.2574996948,60566,60576,10
13.0065097809,80.2573165894,60576,60586,10
13.0064697266,80.2567672729,60586,60596,10
13.0064697266,80.256149292,60596,60607,11
13.006480217,80.2554397583,60607,60617,10
13.0065202713,80.2546615601,60617,60627,10
13.006480217,80.2540664673,60627,60637,10
13.0064897537,80.2532501221,60637,60657,20
13.0064897537,80.2532501221,60657,60667,10
13.006480217,80.2529983521,60667,60697,30
13.006480217,80.2529983521,60697,60707,10
13.0064697266,80.2527084351,60707,60718,11
13.0065603256,80.2521820068,60718,60728,10
13.0066995621,80.251449585,60728,60738,10
13.0067396164,80.2506790161,60738,60748,10
13.0067300797,80.2498397827,60748,60758,10
13.0066604614,80.2486801147,60758,60808,50
13.0066604614,80.2486801147,60808,60819,11
13.0066404343,80.2485809326,60819,60829,10
13.0066099167,80.2481765747,60829,60839,10
13.0066003799,80.2475967407,60839,60849,10
13.0066204071,80.246963501,60849,60859,10
13.0065698624,80.2464828491,60859,60879,20
13.0065698624,80.2464828491,60879,60889,10
13.0065898895,80.2461395264,60889,60899,10
13.0065803528,80.2455062866,60899,60909,10
13.0065698624,80.2449035645,60909,60919,10
13.0066003799,80.2445831299,60919,60930,11
13.0066003799,80.2443084717,60930,60940,10
13.0065803528,80.2439422607,60940,60950,10
13.0065603256,80.2434921265,60950,60960,10
13.0065603256,80.2431716919,60960,60970,10
13.0065498352,80.242729187,60970,60980,10
13.0065402985,80.2419586182,60980,60990,10
13.0066003799,80.2411422729,60990,61000,10
13.0066995621,80.2403869629,61000,61010,10
13.0068902969,80.2395706177,61010,61020,10
13.0070400238,80.2386703491,61020,61030,10
13.0071897507,80.2378463745,61030,61041,11
13.0073604584,80.236907959,61041,61061,20
13.0073604584,80.236907959,61061,61071,10
13.0073604584,80.2368164063,61071,61081,10
13.0074396133,80.2365493774,61081,61091,10
13.0075502396,80.236076355,61091,61101,10
13.0076599121,80.2355499268,61101,61111,10
13.0077800751,80.2349624634,61111,61121,10
13.0079298019,80.2342300415,61121,61131,10
13.0080900192,80.2333908081,61131,61141,10
13.0082702637,80.2324829102,61141,61152,11
13.0084600449,80.2314376831,61152,61162,10
13.0086603165,80.2304611206,61162,61171,9
13.0088596344,80.2295608521,61171,61182,11
13.0090904236,80.2284622192,61182,61192,10
13.0094604492,80.2274780273,61192,61202,10
13.0098896027,80.2265396118,61202,61212,10
13.0103502274,80.2256164551,61212,61222,10
13.0107297897,80.2248382568,61222,61232,10
13.0109796524,80.2241973877,61232,61242,10
13.0111398697,80.2238235474,61242,61253,11
13.0111503601,80.2237319946,61253,61263,10
13.0112495422,80.2234268188,61263,61273,10
13.0115098953,80.2228927612,61273,61283,10
13.0117397308,80.2222137451,61283,61293,10
13.0120201111,80.2215118408,61293,61303,10
13.012339592,80.221496582,61303,61313,10
13.0126800537,80.2218933105,61313,61323,10
13.0131196976,80.2224197388,61323,61333,10
13.0135803223,80.2229385376,61333,61343,10
13.0140600204,80.2235183716,61343,61353,10
13.0144996643,80.2241134644,61353,61363,10
13.014960289,80.2245483398,61363,61373,10
13.0154895782,80.2249526978,61373,61394,21
13.0154895782,80.2249526978,61394,61410,16
13.016119957,80.2253570557,61410,61422,12
13.016960144,80.2251586914,61422,61430,8
13.0175800323,80.2249069214,61430,61442,12
13.0184202194,80.2245407104,61442,61452,10
13.0193796158,80.224281311,61452,61482,30
13.0193796158,80.224281311,61482,61493,11
13.0196304321,80.2244262695,61493,61503,10
13.0198202133,80.2245635986,61503,61513,10
13.0200796127,80.2247619629,61513,61523,10
13.0203504562,80.2249832153,61523,61533,10
13.0207195282,80.2252426147,61533,61543,10
13.0212402344,80.2256622314,61543,61553,10
13.0218095779,80.2260894775,61553,61563,10
13.0224304199,80.2266235352,61563,61573,10
13.0230798721,80.2272033691,61573,61583,10
13.0236597061,80.2277069092,61583,61593,10
13.0239200592,80.2279205322,61593,61604,11
13.0239896774,80.2279815674,61604,61614,10
13.0240802765,80.2281036377,61614,61624,10
13.0242795944,80.2283401489,61624,61634,10
13.0244598389,80.2285995483,61634,61644,10
13.024600029,80.2287979126,61644,61654,10
13.024769783,80.2290725708,61654,61664,10
13.0250902176,80.2295074463,61664,61674,10
13.0254898071,80.2300186157,61674,61684,10
13.0257196426,80.2303009033,61684,61694,10
13.0257797241,80.2304077148,61694,61775,81
13.0257797241,80.2304077148,61775,61785,10
13.0258197784,80.2306137085,61785,61795,10
13.0259103775,80.2308578491,61795,61805,10
13.0259799957,80.2311630249,61805,61815,10
13.02602005,80.2313537598,61815,61826,11
13.0265102386,80.2312927246,61826,61836,10
13.0272397995,80.2310791016,61836,61846,10
13.0279397964,80.2309799194,61846,61856,10
13.0282001495,80.2309417725,61856,61866,10
13.0284795761,80.2309112549,61866,61876,10
13.0284996033,80.2309036255,61876,61886,10
13.0287599564,80.2308502197,61886,61895,9
13.0291004181,80.2308120728,61895,61927,32
13.0291004181,80.2308120728,61927,61937,10
13.0291996002,80.2307815552,61937,61947,10
13.029540062,80.2307662964,61947,61957,10
13.0300302505,80.2307434082,61957,61967,10
13.0302696228,80.23072052,61967,61977,10
13.0303297043,80.23072052,61977,61987,10
13.0305595398,80.2307128906,61987,61997,10
13.0306797028,80.2305679321,61997,62007,10
13.0306301117,80.23021698,62007,62017,10
13.0305204391,80.2299118042,62017,62027,10
13.0304098129,80.229637146,62027,62037,10
13.0302801132,80.2290802002,62037,62054,17
13.0303401947,80.2283172607,62054,62066,12
13.0303401947,80.2281723022,62066,62076,10
13.030380249,80.2278366089,62076,62086,10
13.0302295685,80.2274932861,62086,62096,10
13.029709816,80.2273864746,62096,62105,9
13.0290699005,80.2272796631,62105,62116,11
13.0285997391,80.2272109985,62116,62126,10
13.0284996033,80.2271881104,62126,62136,10
13.0281400681,80.2271118164,62136,62146,10
13.0278701782,80.2269515991,62146,62156,10
13.0278997421,80.2265090942,62156,62167,11
13.0280799866,80.2258224487,62167,62177,10
13.0282402039,80.2250595093,62177,62186,9
13.0283498764,80.2244873047,62186,62197,11
13.0284099579,80.2241287231,62197,62207,10
13.0286598206,80.2240371704,62207,62216,9
13.028719902,80.2240371704,62216,62227,11
13.0290002823,80.2242126465,62227,62237,10
13.0293798447,80.224281311,62237,62247,10
13.0299797058,80.2242965698,62247,62258,11
13.0305299759,80.2242965698,62258,62268,10
13.0310001373,80.2242965698,62268,62278,10
13.0311098099,80.2239379883,62278,62288,10
13.0311403275,80.2235031128,62288,62298,10
13.0311803818,80.2232818604,62298,62308,10
13.0312004089,80.2231521606,62308,62318,10
13.0313100815,80.2227935791,62318,62328,10
13.0314798355,80.2224884033,62328,62338,10
13.0316095352,80.2221069336,62338,62348,10
13.0318698883,80.2216186523,62348,62358,10
13.0320196152,80.2210388184,62358,62369,11
13.0321598053,80.2204208374,62369,62379,10
13.0321598053,80.2202224731,62379,62389,10
13.0321702957,80.2201004028,62389,62399,10
13.0321598053,80.2198486328,62399,62409,10
13.0321598053,80.2198028564,62409,62419,10
13.0321702957,80.2197036743,62419,62429,10
13.0321998596,80.2193069458,62429,62439,10
13.0321598053,80.2186965942,62439,62449,10
13.0315999985,80.2184524536,62449,62459,10
13.0314598083,80.2178573608,62459,62469,10
13.031419754,80.2172164917,62469,62479,10
13.0312795639,80.217048645,62479,62490,11
13.0307598114,80.217010498,62490,62500,10
13.0304298401,80.2168197632,62500,62510,10
13.0304498672,80.2166366577,62510,62520,10
13.0304203033,80.2165222168,62520,62530,10
13.0304098129,80.2161636353,62530,62540,10
13.0303602219,80.2156066895,62540,62550,10
13.0303602219,80.2145690918,62550,62570,20
13.0303602219,80.2145690918,62570,62580,10
13.0304203033,80.2141418457,62580,62591,11
13.0304803848,80.213722229,62591,62601,10
13.0305404663,80.2134017944,62601,62611,10
13.0306196213,80.2128295898,62611,62621,10
13.0307197571,80.2121200562,62621,62631,10
13.030790329,80.2116622925,62631,62641,10
13.03083992,80.2112503052,62641,62651,10
13.0309000015,80.2109527588,62651,62661,10
13.0309801102,80.2104034424,62661,62671,10
13.0309801102,80.2101821899,62671,62681,10
13.030670166,80.2099990845,62681,62691,10
13.0301303864,80.2098388672,62691,62701,10
13.0300197601,80.209602356,62701,62712,11
13.0300998688,80.2093200684,62712,62722,10
13.0300998688,80.2092208862,62722,62732,10
13.0303201675,80.2090682983,62732,62742,10
13.0309400558,80.209197998,62742,62752,10
13.0315999985,80.2093582153,62752,62762,10
13.0316801071,80.2093811035,62762,62772,10
13.031829834,80.2094497681,62772,62782,10
13.0322799683,80.2095413208,62782,62792,10
13.0329198837,80.2096481323,62792,62802,10
13.0337095261,80.2098007202,62802,62813,11
13.0345697403,80.2099380493,62813,62823,10
13.0350799561,80.2099533081,62823,62833,10
13.0351696014,80.2096405029,62833,62843,10
13.0352296829,80.2090835571,62843,62853,10
13.0352697372,80.2086029053,62853,62883,30
13.0352697372,80.2086029053,62883,62893,10
13.0352802277,80.2084579468,62893,62903,10
13.0353403091,80.2080688477,62903,62913,10
13.0354099274,80.2075805664,62913,62924,11
13.0355300903,80.2067871094,62924,62934,10
13.0355901718,80.2060775757,62934,62944,10
13.0354604721,80.2058410645,62944,62954,10
13.0355100632,80.2054824829,62954,62964,10
13.0355195999,80.2053909302,62964,62974,10
13.0356998444,80.2052307129,62974,62984,10
13.0357999802,80.2050933838,62984,62994,10
13.0358600616,80.2046737671,62994,63004,10
13.035949707,80.2041015625,63004,63014,10
13.0360403061,80.2034606934,63014,63024,10
13.0361404419,80.2027511597,63024,63035,11
13.0362501144,80.2019500732,63035,63045,10
13.0362901688,80.2015380859,63045,63054,9
13.0362796783,80.2015304565,63054,63065,11
13.0363197327,80.2013320923,63065,63075,10
13.0363903046,80.2009429932,63075,63085,10
13.03647995,80.200302124,63085,63095,10
13.0365695953,80.1997375488,63095,63105,10
13.0367498398,80.1984100342,63105,63125,20
13.0367498398,80.1984100342,63125,63135,10
13.0367898941,80.1982421875,63135,63146,11
13.0368404388,80.1977996826,63146,63156,10
13.036939621,80.1972503662,63156,63166,10
13.0370597839,80.1964874268,63166,63186,20
13.0370597839,80.1964874268,63186,63196,10
13.0371103287,80.1960296631,63196,63206,10
13.037229538,80.1952590942,63206,63216,10
13.0373802185,80.1943283081,63216,63226,10
13.0375204086,80.1933135986,63226,63236,10
13.0377998352,80.1927719116,63236,63246,10
13.0382795334,80.1927566528,63246,63257,11
13.0388298035,80.1928634644,63257,63277,20
13.0388298035,80.1928634644,63277,63287,10
13.0391597748,80.1929397583,63287,63297,10
13.0396900177,80.1930389404,63297,63307,10
13.0400695801,80.1930923462,63307,63317,10
13.0405597687,80.1931762695,63317,63327,10
13.0411701202,80.1932907104,63327,63337,10
13.041680336,80.1933898926,63337,63347,10
13.0417404175,80.1938400269,63347,63358,11
13.0417299271,80.1940612793,63358,63368,10
13.0416698456,80.1945495605,63368,63378,10
13.0415802002,80.1952819824,63378,63388,10
13.0415096283,80.195892334,63388,63398,10
13.0414400101,80.1963577271,63398,63408,10
13.0413999557,80.1967391968,63408,63418,10
13.041390419,80.1968765259,63418,63428,10
13.0413303375,80.197227478,63428,63438,10
13.0412397385,80.1978378296,63438,63448,10
13.0411195755,80.1985168457,63448,63458,10
13.0410499573,80.1991500854,63458,63468,10
13.0410299301,80.1992797852,63468,63479,11
13.0409898758,80.1995620728,63479,63489,10
13.0409097672,80.2002105713,63489,63499,10
13.0408000946,80.2009277344,63499,63509,10
13.0406904221,80.201751709,63509,63519,10
13.0406198502,80.2021484375,63519,63529,10
13.0405397415,80.2026901245,63529,63545,16
13.0403604507,80.2038726807,63545,63557,12
13.0402297974,80.2046813965,63557,63567,10
13.0402898788,80.2050323486,63567,63577,10
13.0407400131,80.2051010132,63577,63588,11
13.0411701202,80.2051467896,63588,63598,10
13.0412502289,80.2051773071,63598,63608,10
13.0414199829,80.2052230835,63608,63618,10
13.0419101715,80.205291748,63618,63628,10
13.0425195694,80.2054214478,63628,63638,10
13.0428304672,80.2058410645,63638,63648,10
13.0432796478,80.2064819336,63648,63658,10
13.0437402725,80.2071228027,63658,63668,10
13.0440702438,80.2078018188,63668,63678,10
13.0441598892,80.208480835,63678,63688,10
13.0441799164,80.2090606689,63688,63699,11
13.0441799164,80.2091293335,63699,63709,10
13.0441904068,80.2092437744,63709,63719,10
13.044210434,80.2096786499,63719,63729,10
13.0442304611,80.2104721069,63729,63739,10
13.044260025,80.2113723755,63739,63749,10
13.0443296432,80.2121963501,63749,63810,61
13.0443296432,80.2121963501,63810,63820,10
13.044670105,80.2122802734,63820,63830,10
13.0452899933,80.2122497559,63830,63840,10
13.0458402634,80.2122192383,63840,63850,10
13.0462198257,80.2122192383,63850,63860,10
13.046620369,80.2121810913,63860,63870,10
13.0468997955,80.2121582031,63870,63880,10
13.0470695496,80.2120819092,63880,63890,10
13.0470600128,80.2118225098,63890,63900,10
13.0470600128,80.2117996216,63900,63911,11
13.0470399857,80.2115783691,63911,63921,10
13.0470104218,80.2111587524,63921,63931,10
13.0470104218,80.2109222412,63931,63941,10
13.0471496582,80.2107772827,63941,63951,10
13.0474796295,80.2107772827,63951,63961,10
13.0479402542,80.2108001709,63961,63971,10
13.048500061,80.2108078003,63971,63981,10
13.0489301682,80.2108306885,63981,63991,10
13.0493497849,80.2108535767,63991,64001,10
13.0495901108,80.2108306885,64001,64011,10
13.0495996475,80.2105026245,64011,64022,11
13.0495004654,80.2099304199,64022,64032,10
13.0494403839,80.2092437744,64032,64042,10
13.0493497849,80.2086410522,64042,64052,10
13.0490903854,80.2078170776,64052,64062,10
13.0489196777,80.2072372437,64062,64072,10
13.0488796234,80.2071762085,64072,64082,10
13.0488195419,80.2070236206,64082,64092,10
13.0488996506,80.2068710327,64092,64102,10
13.0490503311,80.2068710327,64102,64112,10
13.049079895,80.2068786621,64112,64122,10
13.0492200851,80.2069702148,64122,64385,263
13.0492200851,80.2069702148,64385,64395,10
13.0493097305,80.2072906494,64395,65091,696
13.0491399765,80.2076034546,65091,65202,111
13.0491399765,80.2076034546,65202,65212,10
13.0491895676,80.207862854,65212,65222,10
13.0492296219,80.2079925537,65222,65233,11
13.0493202209,80.2082977295,65233,65243,10
13.0493602753,80.2085037231,65243,65253,10
13.0494098663,80.2087478638,65253,65263,10
13.0494699478,80.2090377808,65263,65273,10
13.0495595932,80.2093887329,65273,65282,9
13.0495901108,80.2094802856,65282,65293,11
13.0496501923,80.2096633911,65293,65414,121
13.0496501923,80.2096633911,65414,65424,10
13.0496997833,80.2099533081,65424,65434,10
13.0497102737,80.2102584839,65434,65444,10
13.0496997833,80.2105102539,65444,65455,11
13.0497198105,80.2107772827,65455,65465,10
13.0497503281,80.2111816406,65465,65475,10
13.0497903824,80.2115707397,65475,65596,121
13.0497903824,80.2115707397,65596,65606,10
13.0497999191,80.2117462158,65606,65616,10
13.0498399734,80.2119522095,65616,65626,10
13.0498800278,80.2121887207,65626,65636,10
13.0494298935,80.2122802734,65636,65662,26
13.0494298935,80.2122802734,65662,65674,12
13.0490999222,80.2122421265,65674,65685,11
13.0484600067,80.2122573853,65685,65695,10
13.0473403931,80.2123413086,65695,65704,9
13.0464200974,80.2123794556,65704,65716,12
13.0452404022,80.2124404907,65716,65726,10
13.0447597504,80.2124710083,65726,65858,132
13.0447597504,80.2124710083,65858,65868,10
13.0445604324,80.2124786377,65868,65878,10
13.0442399979,80.2122573853,65878,65888,10
13.0441999435,80.2115631104,65888,65899,11
13.0441598892,80.2108535767,65899,65909,10
13.0441398621,80.210357666,65909,65929,20
13.0441398621,80.210357666,65929,65939,10
13.0441398621,80.2101135254,65939,65949,10
13.0441398621,80.209777832,65949,65959,10
13.0440998077,80.2094421387,65959,65969,10
13.0440998077,80.2092590332,65969,65979,10
13.0440797806,80.2088928223,65979,65989,10
13.0440702438,80.2088623047,65989,65999,10
13.0440502167,80.2086486816,65999,66015,16
13.0439395905,80.2076568604,66015,66028,13
13.0433797836,80.2067337036,66028,66038,10
13.0429401398,80.2061309814,66038,66048,10
13.0425195694,80.2056427002,66048,66057,9
13.0422296524,80.2054595947,66057,66068,11
13.0418195724,80.2053604126,66068,66078,10
13.0415496826,80.2053222656,66078,66098,20
13.0415496826,80.2053222656,66098,66108,10
13.0414495468,80.2053527832,66108,66118,10
13.0410995483,80.2052612305,66118,66129,11
13.0408000946,80.2052307129,66129,66139,10
13.0405397415,80.2052078247,66139,66149,10
13.0401096344,80.2051086426,66149,66159,10
13.0395402908,80.2050170898,66159,66169,10
13.0388202667,80.2049102783,66169,66179,10
13.0382099152,80.2048034668,66179,66189,10
13.0381698608,80.2043762207,66189,66199,10
13.0382404327,80.2037734985,66199,66209,10
13.038359642,80.2030410767,66209,66219,10
13.0384502411,80.2024383545,66219,66229,10
13.0385303497,80.2018508911,66229,66240,11
13.0386104584,80.2013092041,66240,66250,10
13.0387096405,80.2007293701,66250,66260,10
13.0388002396,80.2000808716,66260,66270,10
13.0388898849,80.1993789673,66270,66280,10
13.0389003754,80.1992111206,66280,66289,9
13.0389604568,80.1988601685,66289,66300,11
13.039059639,80.1981582642,66300,66309,9
13.0391597748,80.1975784302,66309,66319,10
13.0392103195,80.1969833374,66319,66330,11
13.0392198563,80.1969223022,66330,66341,11
13.0392398834,80.1966400146,66341,66351,10
13.0392999649,80.1962814331,66351,66361,10
13.0393896103,80.1957168579,66361,66371,10
13.0395202637,80.1949920654,66371,66381,10
13.0395898819,80.194152832,66381,66391,10
13.0396995544,80.1935272217,66391,66401,10
13.039730072,80.1932983398,66401,66411,10
13.039730072,80.1931915283,66411,66421,10
13.0396299362,80.1931228638,66421,66431,10
13.0392398834,80.1930389404,66431,66441,10
13.0387401581,80.1929397583,66441,66452,11
13.0386400223,80.1929397583,66452,66462,10
13.0384502411,80.1929168701,66462,66472,10
13.0380401611,80.1928787231,66472,66482,10
13.0376195908,80.1932678223,66482,66492,10
13.0375204086,80.1940765381,66492,66502,10
13.0373897552,80.1949920654,66502,66512,10
13.0372800827,80.1958694458,66512,66522,10
13.037229538,80.1961898804,66522,66532,10
13.0372200012,80.1962585449,66532,66542,10
13.0371599197,80.1967086792,66542,66552,10
13.0370397568,80.197479248,66552,66562,10
13.0369195938,80.1982574463,66562,66573,11
13.036860466,80.1987762451,66573,66583,10
13.0368299484,80.1988983154,66583,66593,10
13.036740303,80.1995010376,66593,66603,10
13.0366096497,80.200302124,66603,66613,10
13.0364904404,80.2011108398,66613,66623,10
13.0363998413,80.2018814087,66623,66643,20
13.0363998413,80.2018814087,66643,66653,10
13.0363502502,80.2022094727,66653,66663,10
13.036239624,80.2028274536,66663,66674,11
13.0361299515,80.2035903931,66674,66684,10
13.0360498428,80.2042388916,66684,66694,10
13.0359802246,80.2047805786,66694,66704,10
13.0358800888,80.2054672241,66704,66714,10
13.0357999802,80.2059783936,66714,66724,10
13.0357599258,80.206161499,66724,66734,10
13.0356798172,80.206703186,66734,66744,10
13.0355596542,80.2074584961,66744,66754,10
13.0354604721,80.2082214355,66754,66764,10
13.0354204178,80.2085800171,66764,66774,10
13.0354099274,80.2086410522,66774,66785,11
13.0353403091,80.2090988159,66785,66795,10
13.0352401733,80.2097473145,66795,66805,10
13.0351696014,80.2102737427,66805,66815,10
13.0350103378,80.2108078003,66815,66825,10
13.0348796844,80.2114715576,66825,66835,10
13.0347003937,80.2121887207,66835,66845,10
13.0341901779,80.2121505737,66845,66855,10
13.0335597992,80.212059021,66855,66865,10
13.0329799652,80.2120132446,66865,66875,10
13.03262043,80.2119903564,66875,66885,10
13.0325403214,80.2119674683,66885,66896,11
13.0324602127,80.2119369507,66896,66906,10
13.0320501328,80.2118606567,66906,66916,10
13.0319004059,80.2115097046,66916,66926,10
13.0319795609,80.210899353,66926,66936,10
13.0320396423,80.2103271484,66936,66946,10
13.0320701599,80.2098388672,66946,66956,10
13.0318603516,80.2097015381,66956,66966,10
13.0314702988,80.2096328735,66966,66976,10
13.0311002731,80.2095031738,66976,66986,10
13.0306100845,80.2093734741,66986,66996,10
13.0305595398,80.2093582153,66996,67007,11
13.0302600861,80.2092590332,67007,67017,10
13.0300798416,80.2096176147,67017,67037,20
13.0300798416,80.2096176147,67037,67047,10
13.0300502777,80.2098007202,67047,67057,10
13.03028965,80.2099227905,67057,67067,10
13.0307598114,80.2100524902,67067,67077,10
13.0309801102,80.2101898193,67077,67087,10
13.0309696198,80.2105636597,67087,67097,10
13.0308904648,80.2110977173,67097,67107,10
13.0308599472,80.2113800049,67107,67118,11
13.030790329,80.2118377686,67118,67128,10
13.0307197571,80.2122421265,67128,67138,10
13.0306396484,80.2127914429,67138,67148,10
13.0305900574,80.2133636475,67148,67158,10
13.0305299759,80.2136688232,67158,67168,10
13.0304803848,80.2139968872,67168,67178,10
13.0304098129,80.2144927979,67178,67188,10
13.030380249,80.2148132324,67188,67198,10
13.0303697586,80.2149581909,67198,67208,10
13.0303897858,80.2154388428,67208,67218,10
13.0304098129,80.2161026001,67218,67229,11
13.0304498672,80.2165603638,67229,67239,10
13.0306100845,80.2169265747,67239,67249,10
13.030670166,80.2169418335,67249,67259,10
13.0310096741,80.2169723511,67259,67269,10
13.0313100815,80.2170028687,67269,67285,16
13.0315198898,80.2177276611,67285,67297,12
13.0318202972,80.2184524536,67297,67305,8
13.0321998596,80.218536377,67305,67317,12
13.0322303772,80.2191009521,67317,67327,10
13.0322303772,80.2197189331,67327,67337,10
13.0322303772,80.2202606201,67337,67348,11
13.0322303772,80.2203903198,67348,67358,10
13.03221035,80.2204589844,67358,67368,10
13.032119751,80.2208633423,67368,67378,10
13.0319900513,80.2213973999,67378,67388,10
13.0318403244,80.2218017578,67388,67398,10
13.0316400528,80.2221984863,67398,67408,10
13.0314397812,80.2225799561,67408,67418,10
13.0312299728,80.2230224609,67418,67428,10
13.0311803818,80.2233810425,67428,67438,10
13.0311698914,80.2238998413,67438,67449,11
13.0311698914,80.2240066528,67449,67459,10
13.0311803818,80.2242507935,67459,67469,10
13.0309000015,80.2243881226,67469,67479,10
13.0304803848,80.2243804932,67479,67489,10
13.0299596786,80.224357605,67489,67499,10
13.0290298462,80.2242965698,67499,67519,20
13.0290298462,80.2242965698,67519,67529,10
13.0286598206,80.2241592407,67529,67539,10
13.0284204483,80.2245025635,67539,67550,11
13.0282297134,80.225402832,67550,67560,10
13.0280504227,80.2262496948,67560,67570,10
13.0279302597,80.2268600464,67570,67580,10
13.0280199051,80.2270889282,67580,67590,10
13.028380394,80.227180481,67590,67600,10
13.0289697647,80.2272796631,67600,67610,10
13.029540062,80.2273712158,67610,67620,10
13.0301303864,80.2274780273,67620,67630,10
13.0304298401,80.2276992798,67630,67640,10
13.030380249,80.2280807495,67640,67650,10
13.030380249,80.2282104492,67650,67660,10
13.0303401947,80.2285079956,67660,67676,16
13.0303201675,80.2293395996,67676,67689,13
13.0306301117,80.2301864624,67689,67699,10
13.0307197571,80.2306289673,67699,67769,70
13.0307197571,80.2306289673,67769,67780,11
13.0307302475,80.2307434082,67780,67790,10
13.0305995941,80.2308578491,67790,67800,10
13.0302095413,80.2308731079,67800,67810,10
13.029800415,80.2309188843,67810,67820,10
13.0297203064,80.2309417725,67820,67830,10
13.0293703079,80.2309570313,67830,67840,10
13.0287599564,80.2309875488,67840,67850,10
13.0281000137,80.231048584,67850,67860,10
13.027680397,80.2311019897,67860,67870,10
13.0276699066,80.2314987183,67870,67880,10
13.0277299881,80.2320632935,67880,67891,11
13.0278596878,80.2327423096,67891,67901,10
13.0274896622,80.2329406738,67901,67911,10
13.0269298553,80.2330322266,67911,67921,10
13.0264501572,80.2330093384,67921,67941,20
13.0264501572,80.2330093384,67941,67951,10
13.0263500214,80.2328186035,67951,67961,10
13.0262804031,80.2326431274,67961,67999,38
13.0261898041,80.2322692871,67999,68039,40
13.0261898041,80.2322692871,68039,68050,11
13.0260601044,80.2317276001,68050,68060,10
13.0259399414,80.2312469482,68060,68070,10
13.0256299973,80.2304382324,68070,68080,10
13.0251102448,80.2297515869,68080,68090,10
13.0247602463,80.2293624878,68090,68100,10
13.0247402191,80.2293319702,68100,68111,11
13.0245504379,80.229057312,68111,68121,10
13.0242500305,80.2286300659,68121,68131,10
13.0240802765,80.2285003662,68131,68141,10
13.0239295959,80.2283401489,68141,68151,10
13.0239200592,80.2283172607,68151,68161,10
13.0237398148,80.2280807495,68161,68171,10
13.0233697891,80.227722168,68171,68181,10
13.0231103897,80.2274475098,68181,68191,10
13.022600174,80.2269821167,68191,68201,10
13.0220499039,80.2264633179,68201,68211,10
13.0214796066,80.2259979248,68211,68222,11
13.0209503174,80.2255783081,68222,68232,10
13.020409584,80.2252197266,68232,68242,10
13.019780159,80.2247924805,68242,68252,10
13.0189304352,80.2245483398,68252,68262,10
13.0180397034,80.2248535156,68262,68272,10
13.0171403885,80.2252197266,68272,68282,10
13.0164499283,80.2255096436,68282,68292,10
13.0160598755,80.2256469727,68292,68302,10
13.0154895782,80.2258605957,68302,68312,10
13.0148000717,80.2261428833,68312,68322,10
13.0142002106,80.2263717651,68322,68333,11
13.0140304565,80.2264633179,68333,68343,10
13.0138597488,80.2265319824,68343,68353,10
13.0133695602,80.2266998291,68353,68363,10
13.0126695633,80.2269592285,68363,68373,10
13.0118398666,80.2272872925,68373,68383,10
13.0108699799,80.2276763916,68383,68393,10
13.0099096298,80.2280578613,68393,68403,10
13.0091295242,80.2285614014,68403,68413,10
13.0089502335,80.2295684814,68413,68423,10
13.0088300705,80.2302780151,68423,68433,10
13.0087604523,80.2306900024,68433,68444,11
13.0087099075,80.2309875488,68444,68464,20
13.0087099075,80.2309875488,68464,68474,10
13.0086603165,80.2312316895,68474,68484,10
13.008649826,80.2313537598,68484,68494,10
13.0086097717,80.2315368652,68494,68504,10
13.0085802078,80.2317123413,68504,68514,10
13.0085096359,80.2320022583,68514,68524,10
13.0084199905,80.2324523926,68524,68534,10
13.0083398819,80.2329406738,68534,68545,11
13.0082798004,80.2334899902,68545,68575,30
13.0082397461,80.2336807251,68575,68595,20
13.0082397461,80.2336807251,68595,68605,10
13.0081195831,80.2340393066,68605,68615,10
13.0080795288,80.2342300415,68615,68625,10
13.0080299377,80.2344589233,68625,68645,20
13.0080299377,80.2344589233,68645,68655,10
13.0080003738,80.2347106934,68655,68666,11
13.0079298019,80.2350082397,68666,68686,20
13.0079298019,80.2350082397,68686,68696,10
13.0078601837,80.2354202271,68696,68706,10
13.0076799393,80.2362594604,68706,68726,20
13.0076799393,80.2362594604,68726,68736,10
13.0076198578,80.2366027832,68736,68746,10
13.007519722,80.237121582,68746,68756,10
13.0074396133,80.2374572754,68756,68767,11
13.007399559,80.2377166748,68767,68776,9
13.0073204041,80.2380828857,68776,68787,11
13.0072002411,80.2388076782,68787,68797,10
13.0070695877,80.2394485474,68797,69039,242
13.0070695877,80.2394485474,69039,69049,10
13.007060051,80.2396087646,69049,69059,10
13.0069904327,80.2399215698,69059,69069,10
13.0069303513,80.2404174805,69069,69079,10
13.0068502426,80.2409591675,69079,69089,10
13.006819725,80.2411422729,69089,69100,11
13.006770134,80.2415924072,69100,69110,10
13.0067396164,80.2422714233,69110,69120,10
13.0066995621,80.2428894043,69120,69130,10
13.0066795349,80.243560791,69130,69140,10
13.0066995621,80.2444381714,69140,69150,10
13.0066995621,80.245300293,69150,69160,10
13.0067195892,80.2459716797,69160,69170,10
13.0067396164,80.2465820313,69170,69180,10
13.0067596436,80.2471466064,69180,69190,10
13.0067195892,80.247833252,69190,69200,10
13.0067396164,80.2486114502,69200,69211,11
13.0068397522,80.2493133545,69211,69221,10
13.0068597794,80.2494506836,69221,69231,10
13.0068597794,80.2495880127,69231,69241,10
13.0068502426,80.2500762939,69241,69251,10
13.006819725,80.2505493164,69251,69261,10
13.0068101883,80.2512817383,69261,69301,40
13.0068101883,80.2512817383,69301,69311,10
13.0067996979,80.2515869141,69311,69322,11
13.0066699982,80.2521133423,69322,69331,9
13.0065603256,80.2527008057,69331,69342,11
13.0065402985,80.2535705566,69342,69352,10
13.0065603256,80.2544403076,69352,69362,10
13.0066099167,80.2547988892,69362,69372,10
13.0066003799,80.2548065186,69372,69382,10
13.0065803528,80.2551803589,69382,69392,10
13.0065803528,80.2559127808,69392,69402,10
13.0065803528,80.2566986084,69402,69412,10
13.0066699982,80.2572631836,69412,69513,101
13.0066699982,80.2572631836,69513,69523,10
13.0066204071,80.2575683594,69523,69533,10
13.0062398911,80.2575912476,69533,69544,11
13.005689621,80.2574386597,69544,69554,10
13.005109787,80.25730896,69554,69564,10
13.004360199,80.2571716309,69564,69574,10
13.0036897659,80.2570266724,69574,69584,10
13.0028400421,80.2568664551,69584,69604,20
13.0026397705,80.2568283081,69604,69650,46
13.0026397705,80.2568283081,69650,69663,13
13.0022296906,80.2567520142,69663,69673,10
13.0017795563,80.256690979,69673,69683,10
13.001159668,80.2566070557,69683,69693,10
13.0005397797,80.2565078735,69693,69702,9
13.0000696182,80.2564086914,69702,69713,11
12.9994802475,80.2563171387,69713,69743,30
12.9994802475,80.2563171387,69743,69753,10
12.9994001389,80.2562789917,69753,69763,10
12.99903965,80.2562026978,69763,69774,11
12.9984397888,80.2561035156,69774,69784,10
12.9979896545,80.2560577393,69784,69814,30
12.9979896545,80.2560577393,69814,69824,10
12.9977302551,80.2560806274,69824,69854,30
12.9977302551,80.2560806274,69854,69865,11
12.9976596832,80.2563400269,69865,69875,10
12.9976196289,80.2567596436,69875,69885,10
12.9976301193,80.257270813,69885,70441,556
12.9976301193,80.257270813,70441,70451,10
12.9976997375,80.2571487427,70451,70461,10
12.9977998734,80.2568435669,70461,70471,10
12.9976902008,80.2562637329,70471,70532,61
12.9976902008,80.2562637329,70532,70542,10
12.9976301193,80.2565383911,70542,70558,16
12.9975996017,80.2572174072,70558,72326,1768
12.9975996017,80.2572174072,72326,72336,10
12.9975404739,80.2571334839,72336,72346,10
12.997590065,80.2566833496,72346,72356,10
12.9981498718,80.2567062378,72356,72366,10
12.9981498718,80.2570800781,72366,72376,10
12.9976396561,80.257019043,72376,72386,10
12.9976301193,80.2563171387,72386,72508,122
12.9976301193,80.2563171387,72508,72518,10
12.9976902008,80.2561264038,72518,72538,20
12.9976902008,80.2561264038,72538,72548,10
12.9974498749,80.2559814453,72548,72558,10
12.9970598221,80.2559814453,72558,72568,10
12.9968795776,80.2562713623,72568,72578,10
12.9968500137,80.2566375732,72578,72588,10
12.9968395233,80.2569580078,72588,72598,10
12.9968395233,80.256980896,72598,72608,10
12.9968099594,80.2572631836,72608,72619,11
12.996720314,80.2579421997,72619,72629,10
12.9966402054,80.2585983276,72629,72639,10
12.9966001511,80.2591323853,72639,72649,10
12.9965400696,80.2595596313,72649,72659,10
12.9964799881,80.2601699829,72659,72669,10
12.9964103699,80.2609024048,72669,72679,10
12.996339798,80.2615890503,72679,72689,10
12.9962797165,80.2620773315,72689,72699,10
12.9962501526,80.2624130249,72699,72709,10
12.9961795807,80.2628479004,72709,72719,10
12.9961299896,80.263420105,72719,72730,11
12.9960403442,80.264251709,72730,72746,16
12.9959001541,80.2654876709,72746,72758,12
12.9957799911,80.2665786743,72758,72768,10
12.9956998825,80.2673110962,72768,72778,10
12.995880127,80.2677307129,72778,72788,10
12.996219635,80.2677536011,72788,72798,10
12.9966897964,80.2677612305,72798,72808,10
12.9973897934,80.2675933838,72808,72818,10
12.998049736,80.2674026489,72818,72828,10
12.9983596802,80.267288208,72828,72839,11
12.9989595413,80.2671203613,72839,72849,10
12.9996795654,80.2668991089,72849,72859,10
13.0000495911,80.2665863037,72859,72869,10
13.0001001358,80.2663726807,72869,72879,10
13.0001497269,80.2659072876,72879,72889,10
13.0003204346,80.2657012939,72889,72899,10
13.0002698898,80.2660369873,72899,72909,10
13.0002403259,80.2664108276,72909,73061,152
13.0002403259,80.2664108276,73061,73071,10
13.0002603531,80.2666015625,73071,73081,10
13.0001802444,80.2668991089,73081,73091,10
12.9996700287,80.267036438,73091,73101,10
12.9990100861,80.2672119141,73101,73111,10
12.9982099533,80.2674407959,73111,73121,10
12.9975795746,80.267616272,73121,73131,10
12.9969701767,80.2677764893,73131,73141,10
12.9962596893,80.2677993774,73141,73151,10
12.9957704544,80.2677688599,73151,73162,11
12.9956302643,80.2674026489,73162,73182,20
12.9956302643,80.2674026489,73182,73192,10
12.9956798553,80.2670822144,73192,73202,10
12.9957399368,80.266418457,73202,73212,10
12.9958295822,80.2655792236,73212,73222,10
12.9959497452,80.2646636963,73222,73232,10
12.996049881,80.2637481689,73232,73242,10
12.9961204529,80.2630310059,73242,73252,10
12.9961700439,80.2626037598,73252,73262,10
12.9961700439,80.262588501,73262,73273,11
12.996219635,80.2621765137,73273,73283,10
12.9962797165,80.26171875,73283,73293,10
12.9963598251,80.2609176636,73293,73303,10
12.9964599609,80.2601623535,73303,73313,10
12.9965200424,80.2595367432,73313,73323,10
12.9965600967,80.2590026855,73323,73333,10
12.9966096878,80.2585830688,73333,73343,10
12.9966697693,80.2579498291,73343,73353,10
12.996720314,80.2573165894,73353,73363,10
12.9967403412,80.2571792603,73363,73373,10
12.9967603683,80.2570495605,73373,73384,11
12.9967803955,80.2565002441,73384,73434,50
12.9967803955,80.2565002441,73434,73444,10
12.9968395233,80.2563476563,73444,73454,10
12.9968795776,80.2561416626,73454,73464,10
12.9969902039,80.2558670044,73464,73474,10
12.9974899292,80.2558898926,73474,73484,10
12.9980697632,80.2559509277,73484,73495,11
12.9982700348,80.2559585571,73495,73505,10
12.9986400604,80.2559890747,73505,73515,10
12.9986896515,80.2559967041,73515,73525,10
12.9989595413,80.2560195923,73525,73565,40
12.9989595413,80.2560195923,73565,73575,10
12.9991102219,80.2560806274,73575,73585,10
12.9995698929,80.2561569214,73585,73595,10
13.0000801086,80.2562637329,73595,73606,11
13.0005197525,80.2563323975,73606,73616,10
13.001159668,80.256439209,73616,73626,10
13.0017299652,80.2565536499,73626,73636,10
13.0022201538,80.2566299438,73636,73646,10
13.0025701523,80.2566986084,73646,73656,10
13.0029401779,80.2567825317,73656,73666,10
13.0034599304,80.2568817139,73666,73676,10
13.0040998459,80.2570037842,73676,73686,10
13.0046901703,80.2571182251,73686,73696,10
13.0053596497,80.257232666,73696,73706,10
13.0057897568,80.2573165894,73706,73727,21
13.0057897568,80.2573165894,73727,73737,10
13.0064401627,80.2573699951,73737,73747,10
13.0064401627,80.2573699951,73747,73757,10
13.0064601898,80.2571868896,73757,73767,10
13.0064096451,80.2569732666,73767,73777,10
13.0064096451,80.256401062,73777,73787,10
13.0064201355,80.2555999756,73787,73797,10
13.006480217,80.2549819946,73797,73807,10
13.0064401627,80.2542572021,73807,73820,13
13.0064296722,80.2535095215,73820,73830,10
13.0064401627,80.2533874512,73830,73849,19
13.0064401627,80.2533874512,73849,73860,11
13.0064496994,80.253036499,73860,73870,10
13.0064401627,80.2529220581,73870,73880,10
13.0064401627,80.2527999878,73880,73890,10
13.0064601898,80.2524871826,73890,73900,10
13.0065803528,80.2518997192,73900,73910,10
13.0067100525,80.251159668,73910,73919,9
13.0066795349,80.2504501343,73919,73930,11
13.0066795349,80.2499694824,73930,73941,11
13.0066604614,80.249420166,73941,73951,10
13.0066099167,80.2485198975,73951,74052,101
13.0066099167,80.2485198975,74052,74062,10
13.0065402985,80.2479400635,74062,74072,10
13.0065498352,80.2473602295,74072,74082,10
13.0065498352,80.2468719482,74082,74092,10
13.0065402985,80.2468109131,74092,74102,10
13.0065097809,80.2465591431,74102,74112,10
13.0065402985,80.2464523315,74112,74122,10
13.0065402985,80.2461090088,74122,74132,10
13.006529808,80.2457809448,74132,74142,10
13.0065402985,80.2455368042,74142,74153,11
13.006529808,80.245262146,74153,74163,10
13.0065202713,80.2449493408,74163,74173,10
13.006529808,80.2446594238,74173,74183,10
13.006529808,80.2444381714,74183,74193,10
13.0065202713,80.2441864014,74193,74203,10
13.0065202713,80.2441101074,74203,74213,10
13.006529808,80.2437515259,74213,74223,10
13.0065202713,80.243347168,74223,74233,10
13.0065097809,80.2427978516,74233,74243,10
13.0064897537,80.2423095703,74243,74264,21
13.0064897537,80.2423095703,74264,74274,10
13.0064897537,80.2420883179,74274,74294,20
13.0064897537,80.2420883179,74294,74304,10
13.006480217,80.2418670654,74304,74314,10
13.0064897537,80.2416381836,74314,74324,10
13.0065202713,80.2413864136,74324,74334,10
13.0065898895,80.2408218384,74334,74344,10
13.0066995621,80.2402496338,74344,74354,10
13.0068597794,80.2395324707,74354,74364,10
13.0069999695,80.2387313843,74364,74375,11
13.0071201324,80.2380599976,74375,74385,10
13.0072898865,80.2374267578,74385,74395,10
13.007349968,80.2368392944,74395,74405,10
13.0073604584,80.2367782593,74405,74415,10
13.0074300766,80.236579895,74415,74425,10
13.0075397491,80.2360992432,74425,74435,10
13.0076799393,80.2353668213,74435,74445,10
13.0078601837,80.2345275879,74445,74455,10
13.0079803467,80.2339477539,74455,74465,10
13.0081796646,80.2330322266,74465,74475,10
13.0083599091,80.232170105,74475,74486,11
13.0085897446,80.2311019897,74486,74496,10
13.008769989,80.2301635742,74496,74506,10
13.0089302063,80.2292785645,74506,74516,10
13.0090799332,80.2285232544,74516,74526,10
13.009349823,80.2277832031,74526,74536,10
13.0096998215,80.2269973755,74536,74546,10
13.0100002289,80.226348877,74546,74556,10
13.0103702545,80.2255477905,74556,74576,20
13.0103702545,80.2255477905,74576,74586,10
13.0104598999,80.2253112793,74586,74597,11
13.0106601715,80.2249298096,74597,74607,10
13.0108804703,80.2244567871,74607,74617,10
13.0111398697,80.2238311768,74617,74627,10
13.0113801956,80.2232589722,74627,74637,10
13.0116901398,80.2225112915,74637,74647,10
13.0120201111,80.2215881348,74647,74657,10
13.0124101639,80.2216110229,74657,74667,10
13.0127601624,80.2221298218,74667,74677,10
13.0132303238,80.2226028442,74677,74687,10
13.0136003494,80.2230224609,74687,74697,10
13.0139503479,80.2233200073,74697,74708,11
13.0142698288,80.2236022949,74708,74718,10
13.0145797729,80.2240066528,74718,74728,10
13.0150203705,80.2245788574,74728,74738,10
13.0154695511,80.2249298096,74738,74748,10
13.0155496597,80.2250137329,74748,74758,10
13.0158004761,80.225227356,74758,74768,10
13.0164403915,80.2253417969,74768,74778,10
13.0172796249,80.2250289917,74778,74788,10
13.0181503296,80.2246932983,74788,74798,10
13.0188798904,80.2243804932,74798,74808,10
13.0193099976,80.2243118286,74808,74829,21
13.0193099976,80.2243118286,74829,74839,10
13.0194301605,80.2243728638,74839,74849,10
13.0198202133,80.2245788574,74849,74859,10
13.0202302933,80.2248916626,74859,74869,10
13.0208301544,80.2253265381,74869,74879,10
13.0214300156,80.2257995605,74879,74889,10
13.0220403671,80.2262802124,74889,74899,10
13.0226898193,80.2268295288,74899,74909,10
13.023229599,80.2273101807,74909,74919,10
13.0235795975,80.2276382446,74919,74930,11
13.0238599777,80.2279281616,74930,74940,10
13.0242004395,80.2282867432,74940,74950,10
13.0245895386,80.2288513184,74950,74960,10
13.0249595642,80.2293395996,74960,74970,10
13.0253896713,80.2298965454,74970,74980,10
13.0257997513,80.2305526733,74980,74990,10
13.0260000229,80.2311096191,74990,75031,41
13.0260000229,80.2311096191,75031,75041,10
13.0260601044,80.2312927246,75041,75051,10
13.0262804031,80.2313766479,75051,75061,10
13.0268697739,80.2312164307,75061,75071,10
13.0276498795,80.2310180664,75071,75081,10
13.028429985,80.2309265137,75081,75091,10
13.0285396576,80.2309188843,75091,75101,10
13.0289402008,80.2308578491,75101,75111,10
13.0294704437,80.2308120728,75111,75121,10
13.0300397873,80.2307662964,75121,75131,10
13.0304498672,80.2307434082,75131,75142,11
13.0305995941,80.2307281494,75142,75152,10
13.0306100845,80.2307281494,75152,75162,10
13.0306901932,80.2306137085,75162,75172,10
13.0306501389,80.2304000854,75172,75182,10
13.0304698944,80.2298431396,75182,75192,10
13.0302696228,80.2291030884,75192,75201,9
13.0303201675,80.2285766602,75201,75212,11
13.0303401947,80.2283935547,75212,75222,10
13.0303602219,80.2282562256,75222,75232,10
13.0303897858,80.2278594971,75232,75242,10
13.0303001404,80.2275314331,75242,75253,11
13.0297603607,80.2274398804,75253,75263,10
13.0291404724,80.2273178101,75263,75273,10
13.0286998749,80.2272415161,75273,75283,10
13.028459549,80.2272033691,75283,75293,10
13.0281496048,80.2271499634,75293,75303,10
13.0278997421,80.2270202637,75303,75313,10
13.0279302597,80.226600647,75313,75323,10
13.0280399323,80.2260971069,75323,75333,10
13.0281801224,80.2254180908,75333,75343,10
13.0283403397,80.2246398926,75343,75353,10
13.0284700394,80.2240829468,75353,75363,10
13.028550148,80.2240371704,75363,75374,11
13.0286998749,80.2240219116,75374,75384,10
13.0287799835,80.2240219116,75384,75394,10
13.0291004181,80.2242584229,75394,75404,10
13.0296602249,80.2242889404,75404,75414,10
13.0303297043,80.224319458,75414,75424,10
13.0305995941,80.2242965698,75424,75434,10
13.0308303833,80.2242965698,75434,75444,10
13.0310697556,80.2240829468,75444,75454,10
13.031129837,80.2232437134,75454,75475,21
13.031129837,80.2232437134,75475,75485,10
13.0312595367,80.2228469849,75485,75495,10
13.0314998627,80.2223968506,75495,75505,10
13.0317401886,80.2218933105,75505,75515,10
13.0319404602,80.2214431763,75515,75525,10
13.0320796967,80.2208633423,75525,75535,10
13.0321798325,80.2203063965,75535,75545,10
13.0321903229,80.2202301025,75545,75555,10
13.03221035,80.2200775146,75555,75571,16
13.0321998596,80.2197723389,75571,75583,12
13.0322198868,80.2196807861,75583,75594,11
13.0322303772,80.2192382813,75594,75604,10
13.0321598053,80.2186279297,75604,75614,10
13.0315799713,80.2184295654,75614,75624,10
13.0314598083,80.2178573608,75624,75634,10
13.0313596725,80.2171707153,75634,75643,9
13.0312099457,80.217048645,75643,75654,11
13.0306100845,80.2170028687,75654,75664,10
13.0304203033,80.2169189453,75664,75674,10
13.0304002762,80.2166595459,75674,75684,10
13.0303897858,80.2165603638,75684,75695,11
13.030380249,80.2161865234,75695,75705,10
13.0303297043,80.2156677246,75705,75715,10
13.0303096771,80.215133667,75715,75725,10
13.0303096771,80.2146072388,75725,75735,10
13.0303602219,80.2144927979,75735,75745,10
13.0304002762,80.214050293,75745,75755,10
13.0304603577,80.2136764526,75755,75765,10
13.0304803848,80.2134017944,75765,75775,10
13.030579567,80.2127838135,75775,75785,10
13.0307197571,80.2120437622,75785,75795,10
13.0307798386,80.2116317749,75795,75806,11
13.03083992,80.211151123,75806,75816,10
13.0308599472,80.2108612061,75816,75826,10
13.030960083,80.2102890015,75826,75836,10
13.0308904648,80.2101287842,75836,75846,10
13.0305995941,80.2100372314,75846,75856,10
13.0301399231,80.2099075317,75856,75866,10
13.0299797058,80.2098007202,75866,75876,10
13.030090332,80.2092971802,75876,75917,41
13.030090332,80.2092971802,75917,75927,10
13.0302095413,80.2090835571,75927,75937,10
13.030670166,80.2091369629,75937,75947,10
13.0315904617,80.2093811035,75947,75967,20
13.0315904617,80.2093811035,75967,75977,10
13.0319404602,80.2094268799,75977,75987,10
13.0326404572,80.2095794678,75987,75997,10
13.0334300995,80.2097473145,75997,76007,10
13.034119606,80.2098999023,76007,76017,10
13.0347700119,80.2100067139,76017,76028,11
13.0351200104,80.2098083496,76028,76038,10
13.0351600647,80.2093963623,76038,76048,10
13.0352401733,80.2088165283,76048,76058,10
13.0352602005,80.2086791992,76058,76068,10
13.0352802277,80.2086410522,76068,76078,10
13.0353298187,80.2082290649,76078,76094,16
13.035490036,80.2071228027,76094,76106,12
13.0356302261,80.2061309814,76106,76116,10
13.0357198715,80.205368042,76116,76126,10
13.0357503891,80.2051467896,76126,76137,11
13.0358200073,80.2048416138,76137,76147,10
13.0359201431,80.2042999268,76147,76157,10
13.0360097885,80.203742981,76157,76167,10
13.0361204147,80.2030029297,76167,76177,10
13.0362300873,80.2022171021,76177,76187,10
13.0363101959,80.2016372681,76187,76197,10
13.0363197327,80.2015075684,76197,76207,10
13.0363502502,80.2012786865,76207,76217,10
13.0364198685,80.2008285522,76217,76227,10
13.0365200043,80.2001266479,76227,76238,11
13.0366401672,80.1992034912,76238,76248,10
13.0367202759,80.1985168457,76248,76258,10
13.0367498398,80.1984100342,76258,76268,10
13.0367803574,80.1982803345,76268,76277,9
13.0368404388,80.1979064941,76277,76288,11
13.036939621,80.1972808838,76288,76298,10
13.0370597839,80.1965103149,76298,76308,10
13.0370798111,80.1963882446,76308,76318,10
13.0371398926,80.1960525513,76318,76328,10
13.037229538,80.1953582764,76328,76338,10
13.0373497009,80.1944885254,76338,76349,11
13.0375003815,80.1934280396,76349,76359,10
13.037610054,80.1928710938,76359,76369,10
13.0377902985,80.192779541,76369,76379,10
13.0379495621,80.192741394,76379,76389,10
13.038359642,80.1927871704,76389,76399,10
13.0388002396,80.1928634644,76399,76419,20
13.0388002396,80.1928634644,76419,76429,10
13.0392198563,80.1929473877,76429,76439,10
13.0396203995,80.1930084229,76439,76449,10
13.0397596359,80.193031311,76449,76460,11
13.0399904251,80.1930923462,76460,76470,10
13.0403995514,80.1931381226,76470,76480,10
13.0409498215,80.1932296753,76480,76490,10
13.0416402817,80.1933364868,76490,76500,10
13.0417299271,80.1937789917,76500,76510,10
13.0417299271,80.1940383911,76510,76520,10
13.0416898727,80.194519043,76520,76530,10
13.0416002274,80.1951217651,76530,76540,10
13.0415296555,80.1956787109,76540,76550,10
13.0414800644,80.1961975098,76550,76560,10
13.0413999557,80.1967391968,76560,76571,11
13.0413503647,80.1969833374,76571,76581,10
13.041270256,80.1975708008,76581,76591,10
13.041179657,80.1982727051,76591,76601,10
13.0410804749,80.1990127563,76601,76611,10
13.0410203934,80.19947052,76611,76621,10
13.0409097672,80.2001495361,76621,76631,10
13.0408000946,80.2009506226,76631,76641,10
13.0406703949,80.201789856,76641,76651,10
13.040599823,80.2022018433,76651,76667,16
13.0404195786,80.2033691406,76667,76679,12
13.0402803421,80.2043685913,76679,76690,11
13.0402297974,80.2047576904,76690,76700,10
13.04047966,80.2050933838,76700,76709,9
13.0411996841,80.2052001953,76709,76730,21
13.0411996841,80.2052001953,76730,76740,10
13.0414600372,80.2052536011,76740,76750,10
13.042140007,80.2053375244,76750,76760,10
13.0426797867,80.205581665,76760,76770,10
13.043009758,80.2061004639,76770,76780,10
13.0434598923,80.2067337036,76780,76791,11
13.0439796448,80.2075271606,76791,76801,10
13.0441398621,80.2083435059,76801,76811,10
13.0441904068,80.208946228,76811,76821,10
13.0441904068,80.2090072632,76821,76831,10
13.0441904068,80.2091674805,76831,76841,10
13.0441904068,80.2095413208,76841,76851,10
13.0442199707,80.2102203369,76851,76861,10
13.0442495346,80.2111206055,76861,76871,10
13.0443096161,80.2120285034,76871,76881,10
13.0445995331,80.212310791,76881,76891,10
13.0453100204,80.2122573853,76891,76902,11
13.0462999344,80.2122192383,76902,76912,10
13.0470199585,80.2121505737,76912,76922,10
13.0470504761,80.2118606567,76922,76932,10
13.0470399857,80.2117233276,76932,76942,10
13.0470104218,80.2112426758,76942,76952,10
13.0469903946,80.2108383179,76952,76962,10
13.04708004,80.2107772827,76962,76972,10
13.0474596024,80.2107696533,76972,76982,10
13.0478696823,80.2107772827,76982,76992,10
13.0484199524,80.2108001709,76992,77002,10
13.0490198135,80.2108078003,77002,77013,11
13.0495996475,80.2108078003,77013,77023,10
13.0496501923,80.2104721069,77023,77033,10
13.0495595932,80.2098464966,77033,77043,10
13.0495100021,80.2092132568,77043,77053,10
13.0494499207,80.2086105347,77053,77063,10
13.0491800308,80.2079772949,77063,77073,10
13.0489397049,80.2073822021,77073,77083,10
13.0488395691,80.2071380615,77083,77093,10
13.0488100052,80.2069778442,77093,77103,10
13.048910141,80.2069015503,77103,77113,10
13.0491199493,80.2070083618,77113,77253,140
13.0491199493,80.2070083618,77253,77263,10
13.0491695404,80.2073135376,77263,77273,10
13.0490598679,80.2074127197,77273,77283,10
13.0490598679,80.2075576782,77283,77293,10
13.0492200851,80.2080078125,77293,77303,10
13.0494098663,80.2087097168,77303,77313,10
13.0495300293,80.2092895508,77313,77323,10
13.0496397018,80.2097625732,77323,77333,10
13.0496902466,80.2102203369,77333,77344,11
13.0497398376,80.2108001709,77344,77354,10
13.0498199463,80.2113494873,77354,77364,10
13.0498504639,80.2117614746,77364,77505,141
13.0498504639,80.2117614746,77505,77515,10
13.0498695374,80.2118988037,77515,77525,10
13.0498800278,80.2121124268,77525,77535,10
13.0498695374,80.2121200562,77535,77545,10
13.0496196747,80.2122268677,77545,77556,11
13.0495300293,80.2122192383,77556,77566,10
13.0494203568,80.2121734619,77566,77576,10
13.0489702225,80.2121963501,77576,77586,10
13.0482196808,80.2122573853,77586,77596,10
13.0473203659,80.2123413086,77596,77606,10
13.0464601517,80.2124023438,77606,77616,10
13.0456495285,80.2124328613,77616,77626,10
13.045129776,80.2124710083,77626,77636,10
13.0451202393,80.2124710083,77636,77646,10
13.0448198318,80.2124786377,77646,77656,10
13.0445604324,80.2124786377,77656,77666,10
13.0443696976,80.2124481201,77666,77687,21
13.0443696976,80.2124481201,77687,77703,16
13.0442199707,80.2123413086,77703,77715,12
13.0441799164,80.211807251,77715,77724,9
13.0441598892,80.2110977173,77724,77735,11
13.0441398621,80.2101821899,77735,77745,10
13.0440998077,80.209602356,77745,77755,10
13.0440502167,80.2090301514,77755,77766,11
13.0440502167,80.208770752,77766,77776,10
13.0440502167,80.2081604004,77776,77787,11
13.043800354,80.2072982788,77787,77797,10
13.0433301926,80.2066116333,77797,77807,10
13.0428304672,80.205909729,77807,77817,10
13.0422496796,80.2053985596,77817,77828,11
13.0417098999,80.205291748,77828,77836,8
13.0409698486,80.2052001953,77836,77847,11
13.0402698517,80.2051010132,77847,77857,10
13.0399103165,80.205039978,77857,77867,10
13.0393295288,80.2049407959,77867,77877,10
13.0386600494,80.2048492432,77877,77887,10
13.0381498337,80.2047729492,77887,77898,11
13.0381402969,80.2043762207,77898,77908,10
13.0382499695,80.2037734985,77908,77918,10
13.038359642,80.2029800415,77918,77928,10
13.0384502411,80.2022094727,77928,77938,10
13.0385398865,80.2016601563,77938,77948,10
13.0385704041,80.2014770508,77948,77958,10
13.0386199951,80.2010116577,77958,77968,10
13.0387201309,80.2003707886,77968,77978,10
13.0388402939,80.1996536255,77978,77988,10
13.0389499664,80.1989822388,77988,77999,11
13.0390701294,80.1981811523,77999,78009,10
13.0391798019,80.1974029541,78009,78019,10
13.0392799377,80.1967163086,78019,78029,10
13.039349556,80.1962280273,78029,78039,10
13.0394296646,80.1955795288,78039,78048,9
13.0395097733,80.1949462891,78048,78059,11
13.0396099091,80.1941375732,78059,78069,10
13.0396995544,80.193397522,78069,78079,10
13.0397500992,80.1931762695,78079,78089,10
13.0396604538,80.1930618286,78089,78099,10
13.0392398834,80.1930007935,78099,78110,11
13.0386695862,80.1929168701,78110,78120,10
13.038479805,80.1928634644,78120,78130,10
13.0380296707,80.1928482056,78130,78139,9
13.0376796722,80.1929473877,78139,78150,11
13.037560463,80.1936569214,78150,78160,10
13.0374603271,80.1944274902,78160,78170,10
13.0373401642,80.1952590942,78170,78180,10
13.0372800827,80.1957778931,78180,78190,10
13.0372600555,80.1960067749,78190,78200,10
13.0371799469,80.1963806152,78200,78210,10
13.0370998383,80.1969528198,78210,78221,11
13.0369997025,80.1977081299,78221,78231,10
13.0369100571,80.1983337402,78231,78240,9
13.036860466,80.1987075806,78240,78251,11
13.0368099213,80.1989974976,78251,78261,10
13.0367298126,80.1996002197,78261,78271,10
13.0365896225,80.2004165649,78271,78281,10
13.0364704132,80.2012023926,78281,78291,10
13.0364198685,80.2014923096,78291,78301,10
13.0363798141,80.2018280029,78301,78311,10
13.0363197327,80.2022476196,78311,78321,10
13.036239624,80.2029266357,78321,78332,11
13.0361003876,80.2037811279,78332,78343,11
13.0360403061,80.2042617798,78343,78353,10
13.0359897614,80.2045974731,78353,78363,10
13.0359401703,80.2049713135,78363,78373,10
13.0358400345,80.2054595947,78373,78383,10
13.0357198715,80.2062835693,78383,78393,10
13.0355701447,80.2073287964,78393,78403,10
13.0354204178,80.2083206177,78403,78413,10
13.0353097916,80.2092590332,78413,78423,10
13.0352401733,80.2098312378,78423,78434,11
13.0352296829,80.2098999023,78434,78444,10
13.0351896286,80.2101211548,78444,78454,10
13.0350799561,80.2105102539,78454,78464,10
13.0349397659,80.2110214233,78464,78474,10
13.0348300934,80.2117004395,78474,78484,10
13.0345497131,80.2121582031,78484,78493,9
13.0340795517,80.2120819092,78493,78504,11
13.0334796906,80.2120132446,78504,78514,10
13.0330200195,80.2119293213,78514,78524,10
13.032910347,80.2119216919,78524,78534,10
13.0325603485,80.2118682861,78534,78545,11
13.0319700241,80.2116394043,78545,78555,10
13.0320196152,80.2109680176,78555,78565,10
13.0320501328,80.2102584839,78565,78574,9
13.0320901871,80.2098007202,78574,78586,12
13.0314598083,80.2095413208,78586,78596,10
13.0307598114,80.2093582153,78596,78604,8
13.0302696228,80.2092132568,78604,78616,12
13.030090332,80.2094192505,78616,78626,10
13.0300598145,80.2095794678,78626,78636,10
13.0300598145,80.2098083496,78636,78645,9
13.0302801132,80.2098617554,78645,78656,11
13.0306997299,80.2099685669,78656,78667,11
13.0309801102,80.2101516724,78667,78677,10
13.0309400558,80.2105865479,78677,78687,10
13.0308599472,80.2110977173,78687,78697,10
13.0307998657,80.2115097046,78697,78707,10
13.0307998657,80.2116088867,78707,78717,10
13.0307598114,80.2118988037,78717,78727,10
13.0306501389,80.2125167847,78727,78737,10
13.030579567,80.2130889893,78737,78747,10
13.0305099487,80.2136764526,78747,78757,10
13.0304498672,80.2140579224,78757,78767,10
13.0303697586,80.2146377563,78767,78778,11
13.0303602219,80.2149200439,78778,78788,10
13.0303602219,80.2154922485,78788,78798,10
13.0304002762,80.2161865234,78798,78808,10
13.0304498672,80.2168807983,78808,78818,10
13.0306797028,80.2169265747,78818,78828,10
13.030960083,80.2169799805,78828,78838,10
13.0313301086,80.217010498,78838,78848,10
13.0314502716,80.2174835205,78848,78858,10
13.0315303802,80.2182312012,78858,78868,10
13.0320997238,80.2184524536,78868,78879,11
13.0322198868,80.2189483643,78879,78889,10
13.03221035,80.2196426392,78889,78899,10
13.0322198868,80.2200775146,78899,78909,10
13.0321798325,80.2205734253,78909,78919,10
13.031999588,80.2212982178,78919,78929,10
13.0317401886,80.2219619751,78929,78939,10
13.031419754,80.2226028442,78939,78949,10
13.0312404633,80.2230834961,78949,78959,10
13.0311603546,80.2235183716,78959,78969,10
13.0311803818,80.2240982056,78969,78978,9
13.0309801102,80.2243270874,78978,78990,12
13.0304098129,80.2242889404,78990,79000,10
13.0297603607,80.2242965698,79000,79010,10
13.0291996002,80.2242965698,79010,79020,10
13.0289201736,80.2241897583,79020,79029,9
13.0286798477,80.2241210938,79029,79040,11
13.0283899307,80.2245635986,79040,79049,9
13.0282201767,80.2253799438,79049,79060,11
13.0279998779,80.2263565063,79060,79070,10
13.0279102325,80.2268676758,79070,79080,10
13.0280895233,80.2270736694,79080,79090,10
13.0285596848,80.227142334,79090,79101,11
13.0286998749,80.2271575928,79101,79111,10
13.0291996002,80.2272186279,79111,79121,10
13.0298995972,80.2273406982,79121,79131,10
13.0304203033,80.2275238037,79131,79141,10
13.030380249,80.2278900146,79141,79151,10
13.0303697586,80.2280273438,79151,79161,10
13.0303001404,80.2286224365,79161,79177,16
13.0305500031,80.2299194336,79177,79189,12
13.0306997299,80.2305831909,79189,79198,9
13.0306196213,80.2307662964,79198,79210,12
13.0300998688,80.230796814,79210,79221,11
13.0297403336,80.2308425903,79221,79231,10
13.0293397903,80.2308807373,79231,79241,10
13.0287303925,80.2309188843,79241,79251,10
13.0280704498,80.2309875488,79251,79261,10
13.0276603699,80.2310562134,79261,79270,9
13.0276699066,80.2314529419,79270,79281,11
13.0277395248,80.2321166992,79281,79291,10
13.0278501511,80.2326889038,79291,79301,10
13.0273504257,80.2328796387,79301,79311,10
13.0268201828,80.2329788208,79311,79352,41
13.0268201828,80.2329788208,79352,79362,10
13.0265398026,80.2330169678,79362,79372,10
13.0263299942,80.2327880859,79372,79382,10
13.026140213,80.2321929932,79382,79392,10
13.0259399414,80.2315063477,79392,79402,10
13.0256900787,80.2307434082,79402,79412,10
13.0252199173,80.229888916,79412,79422,10
13.0246601105,80.2291488647,79422,79433,11
13.0242099762,80.2285614014,79433,79443,10
13.0240402222,80.2283782959,79443,79453,10
13.0239095688,80.2282104492,79453,79463,10
13.0236196518,80.2278823853,79463,79473,10
13.0233097076,80.2275772095,79473,79483,10
13.0229797363,80.2272109985,79483,79493,10
13.0224199295,80.2266769409,79493,79503,10
13.0218696594,80.2261962891,79503,79513,10
13.0214595795,80.2258911133,79513,79523,10
13.0208501816,80.225440979,79523,79540,17
13.0200901031,80.224937439,79540,79552,12
13.0192899704,80.2245101929,79552,79562,10
13.0183601379,80.2246627808,79562,79572,10
13.0174398422,80.2250518799,79572,79582,10
13.0168199539,80.2253265381,79582,79591,9
13.0164203644,80.225479126,79591,79602,11
13.0159301758,80.2256393433,79602,79611,9
13.01541996,80.2258377075,79611,79622,11
13.0151395798,80.2259597778,79622,79632,10
13.0149402618,80.2260284424,79632,79642,10
13.0144796371,80.2261886597,79642,79653,11
13.0141000748,80.2263412476,79653,79663,10
13.0134496689,80.226600647,79663,79673,10
13.0126695633,80.2268981934,79673,79683,10
13.0117502213,80.2272567749,79683,79693,10
13.0108203888,80.2276382446,79693,79703,10
13.0097703934,80.2280578613,79703,79713,10
13.009059906,80.2287216187,79713,79723,10
13.0088596344,80.2298202515,79723,79733,10
13.0086803436,80.2308120728,79733,79743,10
13.0085201263,80.2316818237,79743,79753,10
13.0083503723,80.2325820923,79753,79764,11
13.008190155,80.2334594727,79764,79774,10
13.0080604553,80.2341766357,79774,79784,10
13.0078897476,80.2350006104,79784,79794,10
13.0076999664,80.2359237671,79794,79804,10
13.0074796677,80.2369003296,79804,79814,10
13.0073003769,80.237991333,79814,79824,10
13.0071201324,80.2389907837,79824,79834,10
13.0069303513,80.2399673462,79834,79865,31
13.0069303513,80.2399673462,79865,79875,10
13.0069599152,80.2401199341,79875,79885,10
13.0068502426,80.2406768799,79885,79895,10
13.0067596436,80.2414474487,79895,79904,9
13.0067396164,80.2422409058,79904,79915,11
13.0067195892,80.242980957,79915,79925,10
13.0066900253,80.2434463501,79925,79935,10
13.0066900253,80.2439880371,79935,79944,9
13.0066699982,80.244682312,79944,79954,10
13.0066699982,80.2453384399,79954,79965,11
13.0067195892,80.2462005615,79965,79975,10
13.0067396164,80.2471923828,79975,79986,11
13.0067100525,80.248260498,79986,79996,10
13.0067996979,80.2490997314,79996,80006,10
13.0068502426,80.2497634888,80006,80016,10
13.006819725,80.2503967285,80016,80026,10
13.006819725,80.2509765625,80026,80035,9
13.0068101883,80.2513427734,80035,80046,11
13.0066995621,80.2517929077,80046,80056,10
13.0065498352,80.252456665,80056,80066,10
13.0065402985,80.2532577515,80066,80076,10
13.0065402985,80.2541732788,80076,80087,11
13.0065803528,80.2549972534,80087,80097,10
13.0066003799,80.2554779053,80097,80107,10
13.0065898895,80.2562332153,80107,80117,10
13.0066099167,80.2570266724,80117,80127,10
13.0064897537,80.2575531006,80127,80137,10
13.0058803558,80.2574615479,80137,80147,10
13.0051898956,80.2572784424,80147,80164,17
13.0039396286,80.2569885254,80164,80176,12
13.0031404495,80.2568283081,80176,80184,8
13.0026397705,80.2567367554,80184,80196,12
13.0018100739,80.2565917969,80196,80207,11
13.0010499954,80.2564926147,80207,80217,10
13.0003995895,80.2563705444,80217,80227,10
12.9997596741,80.2562484741,80227,80236,9
12.9992198944,80.2561721802,80236,80248,12
12.998840332,80.256111145,80248,80258,10
12.9986495972,80.2560577393,80258,80268,10
12.9982099533,80.2559967041,80268,80278,10
12.9976902008,80.2560119629,80278,80298,20
12.9976902008,80.2560119629,80298,80308,10
12.9976501465,80.2560424805,80308,80319,11
12.9976997375,80.2562637329,80319,80329,10
12.9978504181,80.2565383911,80329,80369,40
12.9978504181,80.2565383911,80369,80379,10
12.9978599548,80.2566375732,80379,80389,10
12.9978599548,80.2568664551,80389,80399,10
