12.986989975,80.2592163086,20,6594,6574
12.986989975,80.2592163086,6594,6604,10
12.9873695374,80.2591018677,6604,6614,10
12.9873600006,80.2589492798,6614,6624,10
12.9872598648,80.2590789795,6624,6948,324
12.9872598648,80.2590789795,6948,6958,10
12.9871101379,80.2591400146,6958,6969,11
12.9867897034,80.2591094971,6969,6979,10
12.9867095947,80.258682251,6979,7019,40
12.9867095947,80.258682251,7019,7029,10
12.9867296219,80.2586593628,7029,7039,10
12.9867601395,80.258430481,7039,8639,1600
12.9867601395,80.258430481,8639,8649,10
12.9868097305,80.2585601807,8649,9087,438
12.986869812,80.258392334,9087,11051,1964
12.9869403839,80.2583618164,11051,11143,92
12.9868402481,80.2584762573,11143,12297,1154
12.9868402481,80.2584762573,12297,12307,10
12.986749649,80.2586669922,12307,12613,306
12.9868001938,80.2584686279,12613,13423,810
12.9867696762,80.2587127686,13423,13544,121
12.986749649,80.2584228516,13544,14274,730
12.986749649,80.2584228516,14274,14284,10
12.9867401123,80.2586288452,14284,14557,273
12.9867401123,80.2586288452,14557,14567,10
12.9868202209,80.2585296631,14567,15742,1175
12.9868202209,80.2585296631,15742,15752,10
12.9867897034,80.2585067749,15752,15873,121
12.9868202209,80.2584228516,15873,16106,233
12.9867801666,80.2583694458,16106,16400,294
12.9867801666,80.2583694458,16400,16410,10
12.9868202209,80.2584075928,16410,16562,152
12.9867296219,80.2582931519,16562,16643,81
12.9868001938,80.2584228516,16643,16977,334
12.9867401123,80.2583236694,16977,17099,122
12.9868097305,80.2584075928,17099,17453,354
12.9868097305,80.2584075928,17453,17463,10
12.9866399765,80.2582778931,17463,17585,122
12.9867200851,80.2583084106,17585,17625,40
12.9868001938,80.2583770752,17625,19276,1651
12.9868001938,80.2583770752,19276,19286,10
12.9869403839,80.2585983276,19286,19296,10
12.9868202209,80.2584609985,19296,19326,30
12.9868202209,80.2584609985,19326,19336,10
12.9868001938,80.2586975098,19336,19347,11
12.9867801666,80.2590026855,19347,19357,10
12.9871702194,80.2590866089,19357,19397,40
12.9871702194,80.2590866089,19397,19407,10
12.9874095917,80.2589416504,19407,19417,10
12.9874296188,80.2586975098,19417,19428,11
12.9874696732,80.2579879761,19428,19438,10
12.9875402451,80.256942749,19438,19448,10
12.9876098633,80.2558135986,19448,19458,10
12.9870300293,80.2556381226,19458,19468,10
12.9860897064,80.2554626465,19468,19478,10
12.9856500626,80.2554016113,19478,19488,10
12.9848804474,80.2552108765,19488,19498,10
12.983830452,80.2549591064,19498,19509,11
12.9825401306,80.2546234131,19509,19519,10
12.9818897247,80.2538223267,19519,19529,10
12.9815797806,80.2528686523,19529,19539,10
12.9805297852,80.2527923584,19539,19549,10
12.978890419,80.2526473999,19549,19579,30
12.978890419,80.2526473999,19579,19590,11
12.9788198471,80.2526397705,19590,19600,10
12.9783201218,80.2523880005,19600,19610,10
12.9775600433,80.2517089844,19610,19620,10
12.9763002396,80.251159668,19620,19630,10
12.9746704102,80.2507019043,19630,19640,10
12.9730195999,80.25025177,19640,19650,10
12.9714298248,80.2498397827,19650,19659,9
12.9700403214,80.2494277954,19659,19671,12
12.9681501389,80.2486419678,19671,19681,10
12.9665899277,80.2479629517,19681,19691,10
12.9652204514,80.247428894,19691,19701,10
12.9650602341,80.2473907471,19701,19711,10
12.964799881,80.2472763062,19711,19721,10
12.964099884,80.2469863892,19721,19731,10
12.9617595673,80.2458877563,19731,19741,10
12.9617595673,80.2458877563,19741,19752,11
12.9601802826,80.2451629639,19752,19762,10
12.9592895508,80.2447891235,19762,19772,10
12.9589500427,80.2446212769,19772,19782,10
12.9582004547,80.2442932129,19782,19792,10
12.9574604034,80.2440414429,19792,19804,12
12.956580162,80.2437133789,19804,19814,10
12.9564304352,80.243637085,19814,19824,10
12.9563398361,80.2435836792,19824,19835,11
12.9558000565,80.2433624268,19835,19845,10
12.9550504684,80.2430114746,19845,19854,9
12.9539003372,80.2425384521,19854,19865,11
12.9524297714,80.2419662476,19865,19875,10
12.9516296387,80.2416915894,19875,19885,10
12.9513998032,80.2416229248,19885,19895,10
12.9507102966,80.2413864136,19895,19905,10
12.9497404099,80.2410964966,19905,19916,11
12.9485197067,80.2406387329,19916,19926,10
12.9474096298,80.2401580811,19926,19936,10
12.9471797943,80.2400512695,19936,19946,10
12.9468002319,80.2398834229,19946,19956,10
12.9460697174,80.2395477295,19956,19966,10
12.9450998306,80.2389602661,19966,19976,10
12.9440803528,80.2378768921,19976,19986,10
12.9428901672,80.2367401123,19986,19997,11
12.9411697388,80.2361602783,19997,20007,10
12.9399003983,80.2358398438,20007,20017,10
12.939740181,80.2357788086,20017,20027,10
12.9393396378,80.2355804443,20027,20037,10
12.9385404587,80.2351837158,20037,20047,10
12.9374303818,80.2346420288,20047,20057,10
12.9362096786,80.2340316772,20057,20067,10
12.9357004166,80.2337493896,20067,20078,11
12.934969902,80.2334823608,20078,20088,10
12.9340295792,80.2330474854,20088,20098,10
12.9338598251,80.2329483032,20098,20108,10
12.9337100983,80.2328796387,20108,20118,10
12.9331302643,80.2326278687,20118,20128,10
12.9321804047,80.2322692871,20128,20138,10
12.9308900833,80.231842041,20138,20148,10
12.9294996262,80.2314605713,20148,20159,11
12.9279203415,80.2311630249,20159,20169,10
12.9264497757,80.2310409546,20169,20179,10
12.9253902435,80.2309036255,20179,20189,10
12.9240503311,80.230758667,20189,20199,10
12.9224996567,80.2305297852,20199,20209,10
12.9208202362,80.2302703857,20209,20219,10
12.9191398621,80.2300567627,20219,20229,10
12.9174804688,80.229850769,20229,20240,11
12.9157896042,80.2296218872,20240,20250,10
12.9143896103,80.2294616699,20250,20260,10
12.913310051,80.2293319702,20260,20270,10
12.9131803513,80.229309082,20270,20280,10
12.9126701355,80.2292175293,20280,20290,10
12.9118404388,80.2291030884,20290,20300,10
12.9108295441,80.2289428711,20300,20310,10
12.9096698761,80.2287597656,20310,20321,11
12.9082803726,80.2285308838,20321,20331,10
12.9072399139,80.2283782959,20331,20341,10
12.9065103531,80.228302002,20341,20351,10
12.9061603546,80.2282867432,20351,20361,10
12.9057302475,80.2282333374,20361,20371,10
12.9050798416,80.2281723022,20371,20381,10
12.9041595459,80.2281265259,20381,20391,10
12.9030799866,80.2280578613,20391,20402,11
12.901720047,80.2279968262,20402,20412,10
12.9006004333,80.2279434204,20412,20422,10
12.8995895386,80.2278900146,20422,20432,10
12.8995304108,80.2278900146,20432,20442,10
12.8994598389,80.2278823853,20442,20452,10
12.8989601135,80.2278366089,20452,20462,10
12.8981304169,80.2277832031,20462,20472,10
12.8969898224,80.2277069092,20472,20483,11
12.8954296112,80.2276382446,20483,20493,10
12.8938798904,80.2275619507,20493,20503,10
12.892250061,80.2273712158,20503,20513,10
12.8905696869,80.2273406982,20513,20523,10
12.8889198303,80.2273635864,20523,20533,10
12.8872804642,80.2272033691,20533,20543,10
12.8857402802,80.2268676758,20543,20553,10
12.8848600388,80.2267303467,20553,20564,11
12.884759903,80.2267303467,20564,20574,10
12.8842496872,80.2267227173,20574,20584,10
12.8833703995,80.2267074585,20584,20594,10
12.8821296692,80.2266998291,20594,20604,10
12.8806295395,80.2267227173,20604,20614,10
12.8789796829,80.2267379761,20614,20624,10
12.8774003983,80.2268676758,20624,20634,10
12.8764295578,80.2269821167,20634,20644,10
12.8764200211,80.2269821167,20644,20655,11
12.8761396408,80.2269973755,20655,20665,10
12.8754301071,80.2269668579,20665,20675,10
12.8743696213,80.2268371582,20675,20685,10
12.8731403351,80.2267074585,20685,20695,10
12.8727502823,80.2267379761,20695,20705,10
12.8725795746,80.2267303467,20705,20715,10
12.8719902039,80.2266998291,20715,20725,10
12.8710603714,80.2266616821,20725,20736,11
12.869720459,80.2265396118,20736,20746,10
12.8682603836,80.2264022827,20746,20756,10
12.8666696548,80.2265319824,20756,20766,10
12.8650598526,80.2265625,20766,20776,10
12.8634395599,80.2265319824,20776,20786,10
12.8620595932,80.2265777588,20786,20796,10
12.8610801697,80.2266235352,20796,20806,10
12.8609199524,80.2266082764,20806,20817,11
12.8603200912,80.2265396118,20817,20827,10
12.8593902588,80.2263870239,20827,20837,10
12.8581695557,80.2262496948,20837,20847,10
12.8567304611,80.2263183594,20847,20857,10
12.8551397324,80.2264785767,20857,20867,10
12.8534803391,80.2266616821,20867,20877,10
12.8518400192,80.2266693115,20877,20887,10
12.8503599167,80.2266235352,20887,20898,11
12.8498296738,80.2266311646,20898,20908,10
12.8494701385,80.2266235352,20908,20918,10
12.8486995697,80.2265930176,20918,20928,10
12.8475904465,80.2265930176,20928,20938,10
12.8463001251,80.2265777588,20938,20948,10
12.8453397751,80.2266235352,20948,20958,10
12.8452997208,80.2266311646,20958,20968,10
12.8448600769,80.2266464233,20968,20979,11
12.8440198898,80.2267303467,20979,20989,10
12.8428201675,80.2268981934,20989,20999,10
12.8413896561,80.2272415161,20999,21009,10
12.8402395248,80.2275619507,21009,21019,10
12.8396396637,80.2277374268,21019,21029,10
12.8394298553,80.2277984619,21029,21039,10
12.8388395309,80.2279586792,21039,21049,10
12.8379201889,80.2281723022,21049,21060,11
12.8364696503,80.2284164429,21060,21070,10
12.8348999023,80.2286376953,21070,21080,10
12.8333597183,80.2289123535,21080,21090,10
12.8325796127,80.2290802002,21090,21100,10
12.8323802948,80.2291107178,21100,21110,10
12.8317499161,80.2292327881,21110,21120,10
12.8308000565,80.2294998169,21120,21130,10
12.8295602798,80.2299728394,21130,21141,11
12.8280601501,80.2306976318,21141,21151,10
12.826669693,80.2313079834,21151,21161,10
12.8251304626,80.2314071655,21161,21171,10
12.8236103058,80.2311019897,21171,21181,10
12.8221302032,80.2306518555,21181,21191,10
12.8206195831,80.2304611206,21191,21201,10
12.8192195892,80.230506897,21201,21211,10
12.8189096451,80.230506897,21211,21222,11
12.8186101913,80.2303695679,21222,21232,10
12.817899704,80.2300186157,21232,21242,10
12.8168296814,80.2295913696,21242,21252,10
12.8154401779,80.2293624878,21252,21262,10
12.8138904572,80.2290802002,21262,21272,10
12.8123197556,80.2285614014,21272,21282,10
12.8107595444,80.2279815674,21282,21292,10
12.8092803955,80.2273101807,21292,21303,11
12.8078603745,80.2261810303,21303,21313,10
12.8069000244,80.2253417969,21313,21323,10
12.8063001633,80.2247924805,21323,21333,10
12.8055000305,80.2241592407,21333,21343,10
12.8049602509,80.2240066528,21343,21353,10
12.8048801422,80.2239990234,21353,21363,10
12.8045101166,80.2239379883,21363,21373,10
12.8038196564,80.2238769531,21373,21384,11
12.8028802872,80.223777771,21384,21394,10
12.801779747,80.2236404419,21394,21404,10
12.8004703522,80.2235107422,21404,21414,10
12.7989997864,80.2233810425,21414,21424,10
12.7974596024,80.223197937,21424,21434,10
12.7961196899,80.2229766846,21434,21444,10
12.7958402634,80.2229385376,21444,21454,10
12.7954702377,80.222869873,21454,21465,11
12.7945604324,80.2227020264,21465,21475,10
12.7934103012,80.2225189209,21475,21485,10
12.792090416,80.2222824097,21485,21495,10
12.7906599045,80.2219619751,21495,21505,10
12.7893896103,80.2215805054,21505,21515,10
12.7882003784,80.2211227417,21515,21525,10
12.7872400284,80.2207565308,21525,21535,10
12.7864999771,80.2204818726,21535,21546,11
12.7864198685,80.2204589844,21546,21556,10
12.7863397598,80.2204589844,21556,21566,10
12.7861204147,80.2204437256,21566,21576,10
12.7861404419,80.2208786011,21576,21586,10
12.7861700058,80.2214431763,21586,21596,10
12.7861995697,80.2219161987,21596,21606,10
12.7863101959,80.2221069336,21606,21910,304
12.7863101959,80.2221069336,21910,21920,10
12.7862901688,80.2220535278,21920,21930,10
12.7863397598,80.2219161987,21930,21940,10
12.786239624,80.2214431763,21940,21951,11
12.7862596512,80.2210769653,21951,21961,10
12.786359787,80.2203903198,21961,21981,20
12.786359787,80.2203903198,21981,21991,10
12.7864398956,80.2204437256,21991,22001,10
12.7866096497,80.2205200195,22001,22011,10
12.7871599197,80.2207336426,22011,22021,10
12.7879896164,80.2210388184,22021,22032,11
12.7890901566,80.2214584351,22032,22042,10
12.7901201248,80.2218017578,22042,22052,10
12.7913398743,80.2220993042,22052,22062,10
12.7927398682,80.2224197388,22062,22072,10
12.7941598892,80.2226333618,22072,22082,10
12.7953195572,80.2227935791,22082,22092,10
12.7961902618,80.2229614258,22092,22102,10
12.797129631,80.2231292725,22102,22113,11
12.7984895706,80.2233276367,22113,22123,10
12.7996997833,80.2234420776,22123,22133,10
12.801030159,80.2235488892,22133,22143,10
12.8023004532,80.2236785889,22143,22153,10
12.8035697937,80.2238464355,22153,22163,10
12.8047599792,80.2239532471,22163,22173,10
12.8055200577,80.2241287231,22173,22183,10
12.805560112,80.2241592407,22183,22194,11
12.8059301376,80.2244262695,22194,22204,10
12.8065795898,80.2249984741,22204,22214,10
12.8074598312,80.225769043,22214,22224,10
12.8084802628,80.2266311646,22224,22234,10
12.8096599579,80.2274780273,22234,22244,10
12.8111200333,80.2281036377,22244,22254,10
12.8127202988,80.2286834717,22254,22264,10
12.814330101,80.2291717529,22264,22275,11
12.816160202,80.2294464111,22275,22285,10
12.8176803589,80.2298583984,22285,22295,10
12.8188695908,80.2304000854,22295,22305,10
12.8198099136,80.2304611206,22305,22315,10
12.8198900223,80.2304534912,22315,22325,10
12.8203296661,80.2304534912,22325,22335,10
12.8212003708,80.2304534912,22335,22345,10
12.8223695755,80.2306518555,22345,22356,11
12.8239498138,80.2311096191,22356,22366,10
12.8253602982,80.2313690186,22366,22376,10
12.8268299103,80.2312774658,22376,22386,10
12.8282604218,80.2306365967,22386,22396,10
12.8296604156,80.2299499512,22396,22406,10
12.8308696747,80.2294616699,22406,22416,10
12.8311595917,80.2293395996,22416,22426,10
12.8312196732,80.2293395996,22426,22437,11
12.8316698074,80.2292098999,22437,22447,10
12.8324604034,80.2290420532,22447,22457,10
12.8335504532,80.228843689,22457,22467,10
12.8349199295,80.2285919189,22467,22477,10
12.8364801407,80.2283630371,22477,22487,10
12.8379602432,80.2281265259,22487,22497,10
12.8390102386,80.2278366089,22497,22507,10
12.8394002914,80.2276992798,22507,22518,11
12.8395700455,80.2276382446,22518,22528,10
12.8401203156,80.2275238037,22528,22538,10
12.8409404755,80.2273025513,22538,22548,10
12.8420295715,80.2270202637,22548,22558,10
12.8432798386,80.2267608643,22558,22568,10
12.8446397781,80.2265930176,22568,22578,10
12.8454504013,80.2265396118,22578,22588,10
12.845459938,80.2265396118,22588,22599,11
12.845700264,80.2265396118,22599,22609,10
12.8460197449,80.2265396118,22609,22619,10
12.8467102051,80.2265396118,22619,22629,10
12.8477201462,80.2265396118,22629,22639,10
12.8490104675,80.2265319824,22639,22649,10
12.8500299454,80.2265090942,22649,22659,10
12.8501501083,80.2265090942,22659,22669,10
12.8503103256,80.2265319824,22669,22680,11
12.8509397507,80.2265625,22680,22690,10
12.8518400192,80.2266082764,22690,22700,10
12.8529901505,80.2266693115,22700,22710,10
12.8542804718,80.2265701294,22710,22720,10
12.8557300568,80.2264099121,22720,22730,10
12.8573303223,80.2262268066,22730,22740,10
12.8585700989,80.2261962891,22740,22750,10
12.8597202301,80.2263565063,22750,22761,11
12.8609399796,80.2265014648,22761,22781,20
12.8609399796,80.2265014648,22781,22791,10
12.8614196777,80.2264862061,22791,22801,10
12.8619699478,80.2264633179,22801,22811,10
12.8621196747,80.2264633179,22811,22821,10
12.8626899719,80.2264633179,22821,22831,10
12.8635702133,80.2264709473,22831,22842,11
12.8649101257,80.2265319824,22842,22852,10
12.866399765,80.2264862061,22852,22862,10
12.8679800034,80.226348877,22862,22872,10
12.8696699142,80.2264633179,22872,22882,10
12.8711795807,80.226600647,22882,22892,10
12.8724403381,80.2266082764,22892,22902,10
12.8728199005,80.226600647,22902,22912,10
12.8729600906,80.2266082764,22912,22923,11
12.8735704422,80.2266387939,22923,22933,10
12.8744401932,80.2267608643,22933,22943,10
12.875579834,80.2268829346,22943,22953,10
12.8766298294,80.2268600464,22953,22963,10
12.8767595291,80.226852417,22963,22973,10
12.8768100739,80.226852417,22973,22983,10
12.8771896362,80.2268295288,22983,22993,10
12.8779697418,80.2267837524,22993,23004,11
12.8791503906,80.2267303467,23004,23014,10
12.8804798126,80.2266921997,23014,23024,10
12.8816099167,80.2266998291,23024,23034,10
12.8829402924,80.2266693115,23034,23044,10
12.8844003677,80.2266387939,23044,23054,10
12.8852701187,80.2266616821,23054,23064,10
12.885310173,80.2266616821,23064,23074,10
12.8854398727,80.2266998291,23074,23085,11
12.8860301971,80.226852417,23085,23095,10
12.8868904114,80.2270812988,23095,23105,10
12.8880596161,80.2272567749,23105,23115,10
12.8894901276,80.2273025513,23115,23125,10
12.8910198212,80.2273025513,23125,23135,10
12.8922100067,80.2273025513,23135,23145,10
12.8925600052,80.2273330688,23145,23155,10
12.8929901123,80.2273635864,23155,23166,11
12.8936796188,80.2274627686,23166,23176,10
12.8943996429,80.2275466919,23176,23186,10
12.8954200745,80.2276000977,23186,23196,10
12.8967695236,80.2276535034,23196,23206,10
12.8982801437,80.2277297974,23206,23216,10
12.8994998932,80.2277984619,23216,23226,10
12.9007997513,80.2278594971,23226,23247,21
12.9007997513,80.2278594971,23247,23257,10
12.9011802673,80.2278823853,23257,23267,10
12.9019203186,80.2279281616,23267,23277,10
12.9026002884,80.2279586792,23277,23287,10
12.9028100967,80.2279510498,23287,23297,10
12.9030399323,80.2279815674,23297,23307,10
12.9036998749,80.2280426025,23307,23317,10
12.9046697617,80.2280883789,23317,23328,11
12.9059000015,80.2281570435,23328,23338,10
12.9064998627,80.2282028198,23338,23348,10
12.9066400528,80.2282028198,23348,23358,10
12.9071102142,80.2282180786,23358,23368,10
12.9073600769,80.2282562256,23368,23378,10
12.9080095291,80.2284011841,23378,23388,10
12.9090204239,80.2285614014,23388,23398,10
12.9103403091,80.2287826538,23398,23408,10
12.9118795395,80.2289962769,23408,23419,11
12.9134902954,80.2292022705,23419,23429,10
12.9141101837,80.2292709351,23429,23439,10
12.9143104553,80.229309082,23439,23449,10
12.9148597717,80.2294006348,23449,23459,10
12.9157600403,80.2295379639,23459,23469,10
12.9169397354,80.2297134399,23469,23479,10
12.9183597565,80.2298965454,23479,23489,10
12.9201097488,80.230140686,23489,23500,11
12.921790123,80.2303466797,23500,23510,10
12.9234399796,80.2306137085,23510,23520,10
12.9250297546,80.2308120728,23520,23530,10
12.9265098572,80.2309799194,23530,23540,10
12.9280996323,80.2311706543,23540,23550,10
12.9296398163,80.2314376831,23550,23560,10
12.9312496185,80.2318878174,23560,23570,10
12.9328203201,80.2323989868,23570,23581,11
12.9335098267,80.2326583862,23581,23591,10
12.9337301254,80.2327423096,23591,23601,10
12.9343099594,80.2330093384,23601,23611,10
12.9352502823,80.2334213257,23611,23621,10
12.9362602234,80.2338790894,23621,23631,10
12.9372396469,80.2343597412,23631,23641,10
12.9383001328,80.2349014282,23641,23651,10
12.9394302368,80.2354431152,23651,23662,11
12.9397296906,80.2355422974,23662,23672,10
12.9400501251,80.235710144,23672,23682,10
12.9408998489,80.2359771729,23682,23692,10
12.9420499802,80.2362670898,23692,23702,10
12.9433403015,80.2369384766,23702,23712,10
12.944439888,80.2381210327,23712,23722,10
12.9456300735,80.2392425537,23722,23732,10
12.9469203949,80.2397994995,23732,23743,11
12.9473695755,80.2399597168,23743,23753,10
12.9474601746,80.2399902344,23753,23763,10
12.9479198456,80.2401885986,23763,23773,10
12.9487199783,80.2405166626,23773,23783,10
12.9497804642,80.2409133911,23783,23793,10
12.9508895874,80.2412872314,23793,23803,10
12.9518203735,80.241569519,23803,23812,9
12.9527797699,80.2419204712,23812,23824,12
12.9538698196,80.2423706055,23824,23834,10
12.9547796249,80.2427368164,23834,23844,10
12.9555702209,80.243057251,23844,23854,10
12.956410408,80.2434234619,23854,23864,10
12.9568996429,80.2436218262,23864,23874,10
12.9577903748,80.2439422607,23874,23884,10
12.9587097168,80.2443084717,23884,23894,10
12.9588603973,80.2443618774,23894,23905,11
12.9592199326,80.2445220947,23905,23915,10
12.9599504471,80.2448577881,23915,23925,10
12.9609603882,80.2453308105,23925,23935,10
12.9622497559,80.2459564209,23935,23945,10
12.9634599686,80.2465667725,23945,23975,30
12.9634599686,80.2465667725,23975,23986,11
12.9637804031,80.2466888428,23986,23996,10
12.9644498825,80.2469406128,23996,24006,10
12.965379715,80.2472763062,24006,24016,10
12.9664697647,80.2476806641,24016,24026,10
12.966750145,80.2477874756,24026,24036,10
12.9668903351,80.2478637695,24036,24046,10
12.9673299789,80.2481765747,24046,24056,10
12.9682102203,80.2485198975,24056,24067,11
12.9695196152,80.2490005493,24067,24077,10
12.9708404541,80.2495193481,24077,24087,10
12.9723501205,80.2499389648,24087,24097,10
12.9739103317,80.2503585815,24097,24107,10
12.9754800797,80.2508163452,24107,24117,10
12.9768199921,80.2512207031,24117,24127,10
12.9783802032,80.2521972656,24127,24148,21
12.9783802032,80.2521972656,24148,24158,10
12.978679657,80.2523574829,24158,24168,10
12.9791402817,80.2525405884,24168,24178,10
12.9797201157,80.2526397705,24178,24188,10
12.9799699783,80.2526702881,24188,24198,10
12.980389595,80.2526626587,24198,24208,10
12.9811601639,80.2526092529,24208,24218,10
12.9822397232,80.2525787354,24218,24229,11
12.9835395813,80.2524490356,24229,24239,10
12.9847202301,80.2521514893,24239,24249,10
12.9858703613,80.2518310547,24249,24259,10
12.9868202209,80.2515792847,24259,24269,10
12.9871397018,80.2514801025,24269,24279,10
12.9872303009,80.2514572144,24279,24289,10
12.9876499176,80.2513427734,24289,24299,10
12.9883203506,80.2511901855,24299,24310,11
12.9892396927,80.2509384155,24310,24330,20
12.9892396927,80.2509384155,24330,24340,10
12.9895401001,80.2508773804,24340,24350,10
12.9902296066,80.2507324219,24350,24360,10
12.9910001755,80.250541687,24360,24370,10
12.9924602509,80.2501602173,24370,24380,10
12.9938602448,80.2498168945,24380,24391,11
12.9953403473,80.2494430542,24391,24401,10
12.9964399338,80.249130249,24401,24411,10
12.9967803955,80.2490234375,24411,24421,10
12.9973096848,80.248916626,24421,24431,10
12.9981603622,80.2487411499,24431,24441,10
12.9993495941,80.2484588623,24441,24451,10
13.0007400513,80.2481231689,24451,24461,10
13.0020103455,80.2477798462,24461,24472,11
13.0032701492,80.247543335,24472,24482,10
13.0045404434,80.2473373413,24482,24492,10
13.0057001114,80.2471313477,24492,24502,10
13.0063495636,80.2467727661,24502,24512,10
13.0063695908,80.2467422485,24512,24522,10
13.0064001083,80.2466964722,24522,24532,10
13.0065898895,80.2462921143,24532,24542,10
13.0066404343,80.2455978394,24542,24553,11
13.0066204071,80.2447280884,24553,24563,10
13.0065803528,80.2440032959,24563,24573,10
13.0066003799,80.243309021,24573,24583,10
13.0065898895,80.2423706055,24583,24593,10
13.0066299438,80.2412872314,24593,24603,10
13.0067396164,80.2404022217,24603,24613,10
13.0069103241,80.2393798828,24613,24623,10
13.0071601868,80.2380599976,24623,24634,11
13.0073795319,80.2368774414,24634,24644,10
13.0074100494,80.2366867065,24644,24654,10
13.0074596405,80.2364807129,24654,24664,10
13.0075798035,80.2359619141,24664,24674,10
13.0077495575,80.2350997925,24674,24684,10
13.0080299377,80.2339401245,24684,24694,10
13.0082798004,80.2326278687,24694,24704,10
13.0085601807,80.2312011719,24704,24715,11
13.0088701248,80.2296524048,24715,24725,10
13.0091695786,80.2282104492,24725,24735,10
13.0097703934,80.2268371582,24735,24745,10
13.0103702545,80.2255630493,24745,24755,10
13.010840416,80.2245483398,24755,24765,10
13.0111999512,80.2237167358,24765,24775,10
13.0112895966,80.2234191895,24775,24785,10
13.0114498138,80.2230606079,24785,24796,11
13.0116901398,80.2223129272,24796,24806,10
13.0120296478,80.2215270996,24806,24816,10
13.0122499466,80.2214431763,24816,24826,10
13.0124197006,80.2216415405,24826,24835,9
13.0127696991,80.2221908569,24835,24846,11
13.0133895874,80.2227783203,24846,24856,10
13.0139598846,80.2234191895,24856,24866,10
13.0144701004,80.224067688,24866,24877,11
13.0150203705,80.2246170044,24877,24887,10
13.0150995255,80.2246398926,24887,24897,10
13.0153903961,80.2249526978,24897,24907,10
13.015999794,80.2253036499,24907,24917,10
13.0167798996,80.225189209,24917,24927,10
13.0177097321,80.224822998,24927,24937,10
13.018699646,80.2244110107,24937,24947,10
13.019610405,80.2244262695,24947,24968,21
13.019610405,80.2244262695,24968,24978,10
13.019900322,80.2246932983,24978,24988,10
13.0202903748,80.2249679565,24988,24998,10
13.0209102631,80.2254180908,24998,25008,10
13.0216197968,80.2259521484,25008,25018,10
13.022310257,80.2265167236,25018,25028,10
13.0230703354,80.2271575928,25028,25039,11
13.0237398148,80.2277679443,25039,25049,10
13.0242099762,80.2282409668,25049,25059,10
13.0244102478,80.2284927368,25059,25069,10
13.0242996216,80.2286224365,25069,25079,10
13.0240297318,80.2283325195,25079,25089,10
13.0235204697,80.2277832031,25089,25180,91
13.0234098434,80.2274627686,25180,25302,122
13.0232000351,80.2274780273,25302,25423,121
13.0233898163,80.2275390625,25423,25656,233
13.0233898163,80.2275390625,25656,25666,10
13.0230998993,80.2272796631,25666,25676,10
13.0229997635,80.2272109985,25676,25687,11
13.0227003098,80.2269363403,25687,25697,10
13.0225000381,80.2266998291,25697,25707,10
13.02202034,80.22631073,25707,25717,10
13.0212497711,80.2257003784,25717,25727,10
13.0204000473,80.2250823975,25727,25737,10
13.0198898315,80.2247695923,25737,25747,10
13.0198802948,80.2247695923,25747,25757,10
13.0198202133,80.2247619629,25757,25768,11
13.0193004608,80.2245407104,25768,25778,10
13.0185003281,80.2246398926,25778,25788,10
13.0174999237,80.2250366211,25788,25798,10
13.0164203644,80.225479126,25798,25808,10
13.0155496597,80.225769043,25808,25818,10
13.0146903992,80.2261276245,25818,25828,10
13.0141897202,80.2263183594,25828,25838,10
13.0141296387,80.226348877,25838,25849,11
13.0136604309,80.2265167236,25849,25859,10
13.0128898621,80.2268066406,25859,25869,10
13.0118303299,80.2272415161,25869,25879,10
13.0106296539,80.227722168,25879,25889,10
13.0094804764,80.2282028198,25889,25899,10
13.0090503693,80.229057312,25899,25909,10
13.0088195801,80.2303314209,25909,25919,10
13.0085802078,80.2317810059,25919,25930,11
13.0083503723,80.233253479,25930,25940,10
13.0082998276,80.2335968018,25940,25950,10
13.0082101822,80.2338409424,25950,25960,10
13.0080795288,80.2342910767,25960,25970,10
13.0078601837,80.2354125977,25970,25980,10
13.0076599121,80.2366333008,25980,25990,10
13.0073900223,80.23777771,25990,26000,10
13.0071601868,80.2389831543,26000,26011,11
13.0068998337,80.240196228,26011,26021,10
13.0067100525,80.2412796021,26021,26031,10
13.0066795349,80.2422637939,26031,26041,10
13.0067195892,80.2431335449,26041,26051,10
13.0067796707,80.2442626953,26051,26061,10
13.0067596436,80.2453765869,26061,26071,10
13.0067501068,80.2473678589,26071,26122,51
13.0067501068,80.2473678589,26122,26132,10
13.0061197281,80.2474365234,26132,26152,20
13.0061197281,80.2474365234,26152,26162,10
13.0060195923,80.2473678589,26162,26173,11
13.0057697296,80.2473602295,26173,26183,10
13.0051202774,80.2473831177,26183,26193,10
13.0041503906,80.2474594116,26193,26203,10
13.0031099319,80.2476425171,26203,26213,10
13.0019903183,80.2478790283,26213,26223,10
13.0006599426,80.2482299805,26223,26233,10
12.9992303848,80.2485961914,26233,26243,10
12.9981298447,80.2489089966,26243,26254,11
12.9978599548,80.2489471436,26254,26264,10
12.9972600937,80.2490997314,26264,26274,10
12.9963302612,80.2493209839,26274,26284,10
12.9950704575,80.2496414185,26284,26294,10
12.9935998917,80.250038147,26294,26304,10
12.9921503067,80.2503967285,26304,26314,10
12.9912395477,80.2506332397,26314,26324,10
12.9910697937,80.2506637573,26324,26335,11
12.9906597137,80.2507095337,26335,26345,10
12.9899101257,80.2509002686,26345,26355,10
12.9889698029,80.2511520386,26355,26365,10
12.9881601334,80.2513885498,26365,26446,81
12.9881601334,80.2513885498,26446,26456,10
12.9880695343,80.2513809204,26456,26466,10
12.9877195358,80.2514572144,26466,26476,10
12.9870100021,80.2516479492,26476,26486,10
12.9860601425,80.2519073486,26486,26497,11
12.9848604202,80.2521896362,26497,26507,10
12.9836196899,80.2524871826,26507,26517,10
12.982339859,80.2526397705,26517,26527,10
12.9811000824,80.2527084351,26527,26537,10
12.9801397324,80.252746582,26537,26547,10
12.9795598984,80.2527236938,26547,26557,10
12.9786195755,80.2525787354,26557,26567,10
12.9784803391,80.2525024414,26567,26578,11
12.977930069,80.2520828247,26578,26588,10
12.9771003723,80.2514190674,26588,26598,10
12.9757699966,80.2509918213,26598,26608,10
12.974360466,80.2505874634,26608,26618,10
12.9731397629,80.2502365112,26618,26628,10
12.9720497131,80.2499465942,26628,26638,10
12.9709100723,80.2496337891,26638,26648,10
12.9696502686,80.249168396,26648,26659,11
12.9681501389,80.248588562,26659,26669,10
12.9669303894,80.2480163574,26669,26679,10
12.966170311,80.2476882935,26679,26689,10
12.9653396606,80.2473678589,26689,26699,10
12.9651403427,80.2472991943,26699,26709,10
12.9646501541,80.2471313477,26709,26719,10
12.9637804031,80.2468338013,26719,26729,10
12.9628400803,80.246383667,26729,26740,11
12.961640358,80.2457580566,26740,26750,10
12.9604997635,80.2452163696,26750,26760,10
12.9596300125,80.2448577881,26760,26770,10
12.9594802856,80.2448120117,26770,26780,10
12.9592695236,80.2447128296,26780,26790,10
12.9586696625,80.2444000244,26790,26800,10
12.9578199387,80.2440490723,26800,26810,10
12.9569597244,80.2437362671,26810,26821,11
12.9564399719,80.2435684204,26821,26831,10
12.9561100006,80.2434387207,26831,26841,10
12.9553804398,80.2431030273,26841,26851,10
12.9544095993,80.2427062988,26851,26861,10
12.9533700943,80.2422485352,26861,26871,10
12.9525604248,80.2419433594,26871,26881,10
12.9521598816,80.2418136597,26881,26891,10
12.9517803192,80.2416992188,26891,26902,11
12.9516296387,80.2416534424,26902,26912,10
12.951210022,80.2415008545,26912,26922,10
12.9504404068,80.2412414551,26922,26932,10
12.948969841,80.240737915,26932,26942,10
12.948969841,80.240737915,26942,26952,10
12.9482297897,80.2404327393,26952,26962,10
12.9476995468,80.240196228,26962,26972,10
12.9473495483,80.2400970459,26972,26983,11
12.9472999573,80.2400817871,26983,26993,10
12.9471101761,80.239982605,26993,27004,11
12.9464902878,80.2397003174,27004,27015,11
12.9456396103,80.2393188477,27015,27025,10
12.9447402954,80.2385787964,27025,27035,10
12.9439897537,80.23777771,27035,27046,11
12.9435396194,80.2372817993,27046,27056,10
12.9428501129,80.2366790771,27056,27067,11
12.9415102005,80.2362594604,27067,27077,10
12.9404096603,80.2360076904,27077,27087,10
12.9401102066,80.2359237671,27087,27097,10
12.9399404526,80.2358627319,27097,27107,10
12.9398803711,80.2358398438,27107,27117,10
12.9393997192,80.2356185913,27117,27127,10
12.9385995865,80.235206604,27127,27137,10
12.9375600815,80.234703064,27137,27148,11
12.9365196228,80.2341918945,27148,27158,10
12.9358997345,80.2338562012,27158,27168,10
12.9351501465,80.2335205078,27168,27178,10
12.9343700409,80.2331924438,27178,27188,10
12.9339599609,80.2330169678,27188,27198,10
12.9339399338,80.2330093384,27198,27208,10
12.9337797165,80.2329025269,27208,27218,10
12.9332704544,80.2326583862,27218,27229,11
12.9323797226,80.2323303223,27229,27239,10
12.9312801361,80.2319488525,27239,27249,10
12.9300804138,80.231628418,27249,27259,10
12.9290599823,80.2314071655,27259,27269,10
12.9279603958,80.2312393188,27269,27279,10
12.9268102646,80.2311172485,27279,27289,10
12.9260501862,80.2310180664,27289,27299,10
12.9259901047,80.2310180664,27299,27310,11
12.9255399704,80.23097229,27310,27320,10
12.9248199463,80.2308807373,27320,27330,10
12.9238500595,80.2307434082,27330,27340,10
12.9225902557,80.2305374146,27340,27350,10
12.9210796356,80.2303237915,27350,27360,10
12.9198303223,80.2301712036,27360,27370,10
12.9190502167,80.2300567627,27370,27380,10
12.9187698364,80.2300262451,27380,27391,11
12.9181995392,80.2299499512,27391,27401,10
12.9172697067,80.2298278809,27401,27411,10
12.9160900116,80.2296600342,27411,27421,10
12.9147996902,80.2294616699,27421,27431,10
12.9134302139,80.2293319702,27431,27451,20
12.9134302139,80.2293319702,27451,27461,10
12.9130802155,80.2292709351,27461,27472,11
12.9122800827,80.229133606,27472,27482,10
12.9112501144,80.2289733887,27482,27492,10
12.9099798203,80.2287826538,27492,27502,10
12.9087095261,80.2285614014,27502,27511,9
12.907790184,80.2284088135,27511,27522,11
12.9071598053,80.2283172607,27522,27563,41
12.9071598053,80.2283172607,27563,27573,10
12.9071302414,80.2283477783,27573,27583,10
12.9069004059,80.2283172607,27583,27593,10
12.9065504074,80.2283096313,27593,27603,10
12.9061498642,80.2283096313,27603,27613,10
12.9060401917,80.2282867432,27613,27623,10
12.9055299759,80.2282409668,27623,27664,41
12.9055299759,80.2282409668,27664,27674,10
12.9053201675,80.2282028198,27674,27684,10
12.9047603607,80.2281799316,27684,27694,10
12.9040899277,80.2281570435,27694,27704,10
12.9037599564,80.2281494141,27704,27715,11
12.9033699036,80.2281417847,27715,27725,10
12.9031400681,80.2281265259,27725,27735,10
12.9027500153,80.2281112671,27735,27745,10
12.9024200439,80.2281036377,27745,27755,10
12.9022798538,80.2280807495,27755,27765,10
12.9021100998,80.2280731201,27765,27775,10
12.9020595551,80.2280578613,27775,27785,10
12.90184021,80.2280502319,27785,27796,11
12.901599884,80.2280197144,27796,27806,10
12.9015903473,80.2280197144,27806,27816,10
12.9013500214,80.2279205322,27816,27887,71
12.9013500214,80.2279205322,27887,27897,10
12.9012403488,80.228012085,27897,27907,10
12.9010896683,80.228012085,27907,27917,10
12.900759697,80.2279586792,27917,27927,10
12.9003000259,80.2279205322,27927,27937,10
12.8999795914,80.2278900146,27937,27947,10
12.8995599747,80.2279205322,27947,27978,31
12.8995599747,80.2279205322,27978,27988,10
12.8994197845,80.2279129028,27988,27998,10
12.8989400864,80.2278671265,27998,28008,10
12.898150444,80.2278289795,28008,28018,10
12.8971395493,80.2277603149,28018,28028,10
12.8958997726,80.2276992798,28028,28039,11
12.8943099976,80.2276306152,28039,28049,10
12.892999649,80.2275009155,28049,28059,10
12.8921604156,80.2273864746,28059,28069,10
12.891289711,80.2273483276,28069,28079,10
12.8901395798,80.2273712158,28079,28089,10
12.8891096115,80.2273788452,28089,28099,10
12.8881597519,80.2273178101,28099,28109,10
12.8869695663,80.2271575928,28109,28120,11
12.8856897354,80.2268829346,28120,28130,10
12.8853597641,80.2268066406,28130,28140,10
12.885310173,80.2267990112,28140,28150,10
12.8850603104,80.2267684937,28150,28160,10
12.8850498199,80.2267608643,28160,28170,10
12.8847999573,80.2267379761,28170,28180,10
12.8841896057,80.2267379761,28180,28190,10
12.8833303452,80.2267379761,28190,28201,11
12.8822402954,80.2267532349,28201,28211,10
12.8810997009,80.2267608643,28211,28221,10
12.8798904419,80.2267608643,28221,28231,10
12.8785495758,80.2268066406,28231,28241,10
12.8772296906,80.2269363403,28241,28251,10
12.8766298294,80.2269973755,28251,28261,10
12.8765802383,80.2270126343,28261,28271,10
12.8763504028,80.2270202637,28271,28282,11
12.8756799698,80.2270126343,28282,28292,10
12.8747797012,80.2268981934,28292,28302,10
12.8736200333,80.2267684937,28302,28312,10
12.8728199005,80.2267379761,28312,28322,10
12.8727798462,80.2267379761,28322,28332,10
12.8725004196,80.2267379761,28332,28342,10
12.871919632,80.2267303467,28342,28352,10
12.8711795807,80.2266998291,28352,28363,11
12.8702201843,80.2265930176,28363,28373,10
12.86921978,80.2264709473,28373,28383,10
12.8681297302,80.2263870239,28383,28393,10
12.867099762,80.2264862061,28393,28403,10
12.8662595749,80.2265777588,28403,28413,10
12.8653001785,80.2266082764,28413,28423,10
12.8641700745,80.2265625,28423,28433,10
12.8628702164,80.2265625,28433,28444,11
12.8615598679,80.2266387939,28444,28454,10
12.8611602783,80.2266464233,28454,28464,10
12.8610696793,80.2266387939,28464,28474,10
12.8605499268,80.2265930176,28474,28484,10
12.8596801758,80.2264633179,28484,28494,10
12.8586502075,80.2263031006,28494,28504,10
12.8574104309,80.2262573242,28504,28514,10
12.8559503555,80.2264175415,28514,28524,10
12.8543100357,80.226600647,28524,28535,11
12.8524503708,80.2267074585,28535,28545,10
12.850859642,80.2266616821,28545,28555,10
12.8501501083,80.2266464233,28555,28565,10
12.8501300812,80.2266769409,28565,28575,10
12.8497495651,80.2266616821,28575,28585,10
12.8490200043,80.2266464233,28585,28595,10
12.8480195999,80.2266311646,28595,28605,10
12.8468198776,80.2266311646,28605,28616,11
12.8458404541,80.2266387939,28616,28626,10
12.845410347,80.2266616821,28626,28636,10
12.8453998566,80.2266616821,28636,28646,10
12.8451099396,80.2266387939,28646,28656,10
12.8444595337,80.2266769409,28656,28666,10
12.8435497284,80.2267990112,28666,28676,10
12.8423900604,80.2269973755,28676,28686,10
12.8413496017,80.2272491455,28686,28697,11
12.8409004211,80.2273712158,28697,28707,10
12.8407001495,80.2274398804,28707,28717,10
12.8405895233,80.2274627686,28717,28727,10
12.8403997421,80.2275238037,28727,28737,10
12.8403596878,80.2275390625,28737,28747,10
12.8400096893,80.2276306152,28747,28767,20
12.8400096893,80.2276306152,28767,28778,11
12.8398704529,80.2276611328,28778,28788,10
12.8397598267,80.2276916504,28788,28808,20
12.8397598267,80.2276916504,28808,28818,10
12.8396997452,80.2276992798,28818,28828,10
12.8394002914,80.2277832031,28828,28838,10
12.8387403488,80.2279586792,28838,28848,10
12.8378295898,80.2281723022,28848,28859,11
12.836520195,80.2284088135,28859,28869,10
12.8351602554,80.2286224365,28869,28879,10
12.8337097168,80.2288894653,28879,28889,10
12.8324098587,80.2291183472,28889,28899,10
12.8317203522,80.2292404175,28899,28919,20
12.8317203522,80.2292404175,28919,28929,10
12.8316202164,80.2291030884,28929,28940,11
12.831489563,80.2286911011,28940,28950,10
12.8314504623,80.2285079956,28950,28960,10
12.8314599991,80.2284622192,28960,28970,10
12.8314199448,80.2281494141,28970,28980,10
12.8313102722,80.2275466919,28980,28990,10
12.8311300278,80.2267303467,28990,29000,10
12.8310499191,80.225730896,29000,29010,10
12.8310604095,80.224822998,29010,29021,11
12.8310699463,80.2245407104,29021,29031,10
12.8310699463,80.223991394,29031,29041,10
12.8310804367,80.223197937,29041,29051,10
12.8310499191,80.2224502563,29051,29061,10
12.8310604095,80.2221908569,29061,29071,10
12.8310604095,80.2217636108,29071,29081,10
12.8310604095,80.2214889526,29081,29091,10
12.8310804367,80.2211837769,29091,29102,11
12.8311004639,80.220451355,29102,29112,10
12.8311004639,80.2197570801,29112,29122,10
12.8309402466,80.2194976807,29122,29132,10
12.8303003311,80.2194900513,29132,29142,10
12.8294296265,80.2194900513,29142,29152,10
12.828379631,80.2194976807,29152,29162,10
12.8276596069,80.2194900513,29162,29172,10
12.8274097443,80.2194976807,29172,29213,41
12.8274097443,80.2194976807,29213,29223,10
12.8273601532,80.2194900513,29223,29233,10
12.8269300461,80.2194824219,29233,29243,10
12.8261899948,80.2194824219,29243,29253,10
12.8258895874,80.2194595337,29253,29264,11
12.8253002167,80.2194595337,29264,29274,10
12.8252296448,80.2194595337,29274,29284,10
12.8249597549,80.2194290161,29284,29294,10
12.8242902756,80.2194290161,29294,29304,10
12.823340416,80.2194366455,29304,29314,10
12.8228702545,80.2194595337,29314,29334,20
12.8228702545,80.2194595337,29334,29345,11
12.8226099014,80.2191696167,29345,29355,10
12.8226203918,80.2189178467,29355,29365,10
12.8226299286,80.2183380127,29365,29375,10
12.822640419,80.2174224854,29375,29385,10
12.8226604462,80.2163467407,29385,29395,10
12.8226804733,80.2160491943,29395,29405,10
12.8229198456,80.2159576416,29405,29415,10
12.8232097626,80.2159881592,29415,29426,11
12.8239002228,80.2159881592,29426,29436,10
12.8246603012,80.216003418,29436,29456,20
12.8246603012,80.216003418,29456,29466,10
12.8249101639,80.216003418,29466,31380,1914
12.8249101639,80.216003418,31380,31390,10
12.8253002167,80.2160263062,31390,31400,10
12.825750351,80.2160263062,31400,31410,10
12.8259096146,80.2163009644,31410,31420,10
12.825920105,80.2170028687,31420,31430,10
12.8259000778,80.2179870605,31430,31440,10
12.8259000778,80.2190475464,31440,31451,11
12.8259401321,80.219367981,31451,31460,9
12.8263902664,80.2194137573,31460,31471,11
12.8271999359,80.2193984985,31471,31481,10
12.8275499344,80.2194137573,31481,31491,10
12.8281097412,80.2194366455,31491,31501,10
12.8290300369,80.2194519043,31501,31511,10
12.830160141,80.2194519043,31511,31521,10
12.8308696747,80.2194595337,31521,31532,11
12.8311901093,80.2197418213,31532,31542,10
12.8311796188,80.2205429077,31542,31552,10
12.8311595917,80.2215805054,31552,31562,10
12.8311500549,80.2221603394,31562,31572,10
12.8311595917,80.2226028442,31572,31582,10
12.8311595917,80.2233734131,31582,31592,10
12.8311500549,80.224357605,31592,31602,10
12.8311500549,80.2247924805,31602,31613,11
12.8311500549,80.2254486084,31613,31623,10
12.8311595917,80.2262420654,31623,31633,10
12.8313102722,80.2271575928,31633,31643,10
12.8315200806,80.228187561,31643,31653,10
12.831700325,80.2289962769,31653,31663,10
12.8319101334,80.2291488647,31663,31673,10
12.8322200775,80.2290802002,31673,31683,10
12.8328800201,80.2289581299,31683,31694,11
12.8339099884,80.2287826538,31694,31704,10
12.8350601196,80.2285766602,31704,31714,10
12.836400032,80.2283782959,31714,31724,10
12.8377199173,80.2281723022,31724,31734,10
12.8388595581,80.2279129028,31734,31744,10
12.8394804001,80.2277069092,31744,31795,51
12.8394804001,80.2277069092,31795,31805,10
12.8397798538,80.2275772095,31805,31815,10
12.8402299881,80.2275238037,31815,31825,10
12.8409004211,80.2273330688,31825,31835,10
12.8419399261,80.2270507813,31835,31845,10
12.843290329,80.2267684937,31845,31856,11
12.8455896378,80.2265167236,31856,31876,20
12.8455896378,80.2265167236,31876,31886,10
12.8456001282,80.2265319824,31886,31896,10
12.8459796906,80.2265396118,31896,31906,10
12.8463697433,80.2265625,31906,31916,10
12.8472204208,80.2265625,31916,31926,10
12.8483695984,80.2265472412,31926,31937,11
12.8498001099,80.2265396118,31937,31947,10
12.8507995605,80.2265625,31947,31957,10
12.8521499634,80.2266311646,31957,31967,10
12.8537302017,80.2266235352,31967,31977,10
12.8551702499,80.2264480591,31977,31987,10
12.8566198349,80.22631073,31987,31997,10
12.8581399918,80.2261810303,31997,32007,10
12.8593902588,80.2263183594,32007,32017,10
12.8606300354,80.2264862061,32017,32028,11
12.8608198166,80.2265167236,32028,32038,10
12.8611898422,80.2265167236,32038,32048,10
12.8620195389,80.2265014648,32048,32058,10
12.8632001877,80.2264785767,32058,32068,10
12.8646602631,80.2265396118,32068,32078,10
12.8658704758,80.2265167236,32078,32088,10
12.8662796021,80.2264785767,32088,32098,10
12.8664503098,80.2264709473,32098,32109,11
12.8670501709,80.2264633179,32109,32119,10
12.8680000305,80.2263717651,32119,32129,10
12.8693399429,80.2264404297,32129,32139,10
12.8708496094,80.226600647,32139,32149,10
12.8728399277,80.2266235352,32149,32179,30
12.8728399277,80.2266235352,32179,32190,11
12.873339653,80.2266464233,32190,32200,10
12.8741502762,80.2267303467,32200,32210,10
12.8753004074,80.2268829346,32210,32220,10
12.8760004044,80.2269210815,32220,32250,30
12.8760004044,80.2269210815,32250,32260,10
12.876159668,80.2269210815,32260,32271,11
12.8765802383,80.226890564,32271,32281,10
12.8766403198,80.2268829346,32281,32291,10
12.8770399094,80.226852417,32291,32301,10
12.8778495789,80.2267990112,32301,32311,10
12.8789997101,80.2267303467,32311,32321,10
12.8803501129,80.2266998291,32321,32331,10
12.8816795349,80.2266921997,32331,32341,10
12.8831195831,80.2266693115,32341,32352,11
12.8851203918,80.2266311646,32352,32372,20
12.8851203918,80.2266311646,32372,32382,10
12.8853998184,80.2266921997,32382,32392,10
12.8860998154,80.2268600464,32392,32402,10
12.8871097565,80.2271194458,32402,32412,10
12.8878297806,80.2272415161,32412,32422,10
12.8884897232,80.2273025513,32422,32433,11
12.8896303177,80.2273178101,32433,32443,10
12.8910198212,80.2273101807,32443,32453,10
12.8921804428,80.2272872925,32453,32463,10
12.8930397034,80.2274169922,32463,32473,10
12.894109726,80.2275314331,32473,32483,10
12.8953895569,80.2275924683,32483,32493,10
12.8968801498,80.2276535034,32493,32503,10
12.8983898163,80.227722168,32503,32514,11
12.899600029,80.2277908325,32514,32524,10
12.9001398087,80.2277984619,32524,32534,10
12.9002304077,80.2278137207,32534,32544,10
12.9004297256,80.2278213501,32544,32615,71
12.9004297256,80.2278213501,32615,32625,10
12.9006099701,80.2278518677,32625,32635,10
12.9009304047,80.2278823853,32635,32645,10
12.9013996124,80.2279205322,32645,32655,10
12.901889801,80.2279510498,32655,32665,10
12.9026203156,80.2279891968,32665,32676,11
12.9028997421,80.2279891968,32676,32686,10
12.9031896591,80.2279815674,32686,32696,10
12.9037904739,80.2280426025,32696,32706,10
12.9042596817,80.2280731201,32706,32756,50
12.9042596817,80.2280731201,32756,32767,11
12.9045000076,80.2281723022,32767,32777,10
12.9047803879,80.2281570435,32777,32787,10
12.9048900604,80.2281570435,32787,32797,10
12.9051103592,80.2281723022,32797,32807,10
12.9053201675,80.228187561,32807,32817,10
12.9055299759,80.2282028198,32817,32827,10
12.9057197571,80.2282104492,32827,32837,10
12.9060096741,80.2282485962,32837,32848,11
12.9063901901,80.2282562256,32848,32858,10
12.9069595337,80.2282714844,32858,32868,10
12.9070301056,80.228302002,32868,32878,10
12.9074401855,80.2283477783,32878,32888,10
12.9082603455,80.2284622192,32888,32898,10
12.9094600677,80.2286376953,32898,32908,10
12.9109401703,80.2288589478,32908,32918,10
12.9124603271,80.2290878296,32918,32929,11
12.9137802124,80.2292633057,32929,32939,10
12.9140396118,80.2292785645,32939,32949,10
12.9142503738,80.229347229,32949,32959,10
12.914899826,80.2294387817,32959,32969,10
12.9158697128,80.229598999,32969,32979,10
12.9168395996,80.2297515869,32979,32989,10
12.9176597595,80.2298583984,32989,32999,10
12.9187803268,80.2300415039,32999,33010,11
12.9201898575,80.23021698,33010,33020,10
12.9215202332,80.2303771973,33020,33030,10
12.9229297638,80.2305908203,33030,33040,10
12.9242296219,80.2307281494,33040,33050,10
12.9254398346,80.2308731079,33050,33060,10
12.9263000488,80.2309875488,33060,33070,10
12.926320076,80.2309875488,33070,33080,10
12.9263601303,80.2309875488,33080,33091,11
12.9268398285,80.2310562134,33091,33101,10
12.9276599884,80.2311630249,33101,33111,10
12.9286003113,80.2313079834,33111,33121,10
12.9294204712,80.2314529419,33121,33131,10
12.9304199219,80.2316818237,33131,33141,10
12.9316596985,80.2320632935,33141,33151,10
12.932800293,80.232421875,33151,33161,10
12.9336299896,80.2327423096,33161,33172,11
12.9337100983,80.2327728271,33172,33182,10
12.9339199066,80.2328720093,33182,33192,10
12.9344501495,80.2331314087,33192,33202,10
12.935259819,80.2335128784,33202,33212,10
12.9355697632,80.2336807251,33212,33222,10
12.9358701706,80.2338180542,33222,33232,10
12.9364995956,80.2340927124,33232,33242,10
12.9373598099,80.2344894409,33242,33253,11
12.9386100769,80.2351303101,33253,33263,10
12.939450264,80.2355270386,33263,33273,10
12.9395704269,80.2355880737,33273,33283,10
12.9399003983,80.2357406616,33283,33293,10
12.9405899048,80.2359771729,33293,33303,10
12.9412202835,80.2361526489,33303,33313,10
12.9424800873,80.2364807129,33313,33323,10
12.9434995651,80.2371902466,33323,33334,11
12.9445104599,80.238319397,33334,33344,10
12.945520401,80.2392807007,33344,33354,10
12.9466295242,80.2397613525,33354,33364,10
12.947019577,80.2398986816,33364,33374,10
12.9470500946,80.239906311,33374,33384,10
12.9473199844,80.2399978638,33384,33415,31
12.9473199844,80.2399978638,33415,33425,10
12.9474401474,80.2400817871,33425,33435,10
12.9480695724,80.2403182983,33435,33506,71
12.9480695724,80.2403182983,33506,33516,10
12.9481201172,80.2403564453,33516,33526,10
12.9484100342,80.2405014038,33526,33536,10
12.9487600327,80.2406234741,33536,33546,10
12.949259758,80.2408370972,33546,33556,10
12.9498596191,80.2410202026,33556,33566,10
12.9505395889,80.2412185669,33566,33577,11
12.9509000778,80.2413635254,33577,33587,10
12.9509601593,80.2413864136,33587,33597,10
12.9512500763,80.2414703369,33597,33607,10
12.9518299103,80.2416610718,33607,33617,10
12.952580452,80.2419509888,33617,33627,10
12.9535799026,80.2423171997,33627,33637,10
12.9542798996,80.2426071167,33637,33647,10
12.9553003311,80.2429962158,33647,33658,11
12.9562196732,80.243309021,33658,33668,10
12.9564800262,80.2434005737,33668,33678,10
12.9568195343,80.2435531616,33678,33688,10
12.9574899673,80.2438812256,33688,33698,10
12.9580698013,80.244140625,33698,33708,10
12.9586801529,80.2443466187,33708,33718,10
12.9587497711,80.244392395,33718,33728,10
12.9588298798,80.2445373535,33728,33739,11
12.9591197968,80.2446594238,33739,33749,10
12.9596099854,80.2448806763,33749,33759,10
12.9603004456,80.2451934814,33759,33769,10
12.9608602524,80.2454299927,33769,33779,10
12.9609498978,80.2454605103,33779,33789,10
12.9611797333,80.2455596924,33789,33799,10
12.9617099762,80.2458114624,33799,33809,10
12.9622097015,80.2460479736,33809,33820,11
12.9626502991,80.2462463379,33820,33830,10
12.9629602432,80.246421814,33830,33840,10
12.9632101059,80.2465591431,33840,33850,10
12.9634895325,80.246711731,33850,33860,10
12.9636602402,80.2467880249,33860,33870,10
12.9640703201,80.2469406128,33870,33880,10
12.9647703171,80.2472000122,33880,33890,10
12.9653701782,80.2473907471,33890,33900,10
12.9657201767,80.2475204468,33900,33911,11
12.965959549,80.2476119995,33911,33921,10
12.9662303925,80.247718811,33921,33931,10
12.9662504196,80.2477264404,33931,33941,10
12.9663801193,80.2477798462,33941,33951,10
12.9665002823,80.2478179932,33951,33961,10
12.9665603638,80.2478408813,33961,33971,10
12.9668598175,80.2480010986,33971,33981,10
12.9674797058,80.248260498,33981,33992,11
12.9684400558,80.2486877441,33992,34002,10
12.9693202972,80.2490463257,34002,34012,10
12.970290184,80.2494430542,34012,34022,10
12.9713401794,80.2498016357,34022,34032,10
12.9725503922,80.2500991821,34032,34042,10
12.973690033,80.2503967285,34042,34052,10
12.9747800827,80.2507019043,34052,34062,10
12.9758901596,80.2509994507,34062,34073,11
12.9770002365,80.2513198853,34073,34083,10
12.9777402878,80.2517471313,34083,34093,10
12.978269577,80.252166748,34093,34103,10
12.9783296585,80.2522201538,34103,34113,10
12.9783697128,80.2522964478,34113,34123,10
12.9790897369,80.2526016235,34123,34164,41
12.9790897369,80.2526016235,34164,34174,10
12.9792003632,80.2525863647,34174,34184,10
12.9796304703,80.2526397705,34184,34194,10
12.9800701141,80.2526931763,34194,34206,12
12.9806900024,80.2526931763,34206,34328,122
12.980919838,80.2526931763,34328,34611,283
12.980919838,80.2526931763,34611,34621,10
12.9812602997,80.2526702881,34621,34631,10
12.9817399979,80.2526397705,34631,34642,11
12.9821796417,80.2526168823,34642,34652,10
12.9825696945,80.2526016235,34652,34662,10
12.983039856,80.2525634766,34662,34672,10
12.9837703705,80.2524032593,34672,34682,10
12.9843997955,80.252243042,34682,34692,10
12.9848003387,80.2521286011,34692,34702,10
12.9853096008,80.251991272,34702,34712,10
12.9857196808,80.2518692017,34712,34723,11
12.9860801697,80.2517623901,34723,35087,364
12.9860801697,80.2517623901,35087,35097,10
12.9862699509,80.2517318726,35097,35107,10
12.9865703583,80.251663208,35107,35117,10
12.9869203568,80.2515563965,35117,35128,11
12.9873895645,80.251411438,35128,35138,10
12.9879798889,80.2512817383,35138,35148,10
12.9888801575,80.2510528564,35148,35158,10
12.9893703461,80.2509231567,35158,35168,10
12.989569664,80.250869751,35168,35178,10
12.9902000427,80.2507171631,35178,35188,10
12.9911603928,80.2504806519,35188,35198,10
12.9921398163,80.2502365112,35198,35209,11
12.9935903549,80.2498931885,35209,35219,10
12.9949798584,80.2495422363,35219,35229,10
12.9963903427,80.2491989136,35229,35239,10
12.9977903366,80.2488479614,35239,35249,10
12.9989995956,80.2485275269,35249,35259,10
13.000120163,80.2482528687,35259,35269,10
13.0013303757,80.2479324341,35269,35279,10
13.0021800995,80.2477111816,35279,35290,11
13.0032196045,80.2475204468,35290,35300,10
13.0044698715,80.2473526001,35300,35310,10
13.0057601929,80.2470779419,35310,35320,10
13.006360054,80.2467498779,35320,35330,10
13.006480217,80.2465209961,35330,35340,10
13.006529808,80.2464294434,35340,35350,10
13.0066204071,80.2459564209,35350,35360,10
13.006649971,80.2451324463,35360,35371,11
13.0066204071,80.2438964844,35371,35381,10
13.0065803528,80.2428436279,35381,35391,10
13.0065603256,80.2420425415,35391,35401,10
13.0065803528,80.2415008545,35401,35411,10
13.0066099167,80.2412109375,35411,35421,10
13.0066604614,80.2406692505,35421,35431,10
13.0067396164,80.2400817871,35431,35441,10
13.0069303513,80.2391586304,35441,35452,11
13.0071401596,80.2382507324,35452,35462,10
13.0073204041,80.2374725342,35462,35472,10
13.0074596405,80.2367706299,35472,35482,10
13.0074796677,80.236656189,35482,35492,10
13.0075798035,80.2362518311,35492,35502,10
13.0077199936,80.2355728149,35502,35512,10
13.0078897476,80.2347564697,35512,35522,10
13.0080604553,80.2338790894,35522,35533,11
13.0082798004,80.2326965332,35533,35543,10
13.0085401535,80.2314605713,35543,35553,10
13.008769989,80.2302474976,35553,35563,10
13.0090398788,80.2289276123,35563,35573,10
13.0094299316,80.2276229858,35573,35583,10
13.0098800659,80.2266311646,35583,35593,10
13.0104999542,80.2254562378,35593,35603,10
13.0106401443,80.2251281738,35603,35614,11
13.010720253,80.2249984741,35614,35624,10
13.0109300613,80.2244720459,35624,35634,10
13.0112400055,80.2237091064,35634,35644,10
13.0114097595,80.2232589722,35644,35654,10
13.0115804672,80.2228393555,35654,35664,10
13.0117998123,80.2220230103,35664,35674,10
13.0120801926,80.2214126587,35674,35684,10
13.0121803284,80.2213516235,35684,35695,11
13.0124397278,80.221572876,35695,35705,10
13.0126800537,80.2219696045,35705,35715,10
13.0129804611,80.2223205566,35715,35725,10
13.0133304596,80.2226104736,35725,35735,10
13.0136995316,80.2230377197,35735,35745,10
13.0139703751,80.2233123779,35745,35755,10
13.0140104294,80.2233581543,35755,35765,10
13.0142602921,80.2236099243,35765,35776,11
13.0146198273,80.224067688,35776,35786,10
13.015130043,80.2246704102,35786,35796,10
13.0154800415,80.2249679565,35796,35806,10
13.0155801773,80.2250213623,35806,35816,10
13.0158500671,80.2252426147,35816,35826,10
13.016409874,80.2253189087,35826,35836,10
13.0168800354,80.2251815796,35836,35846,10
13.0170602798,80.2250900269,35846,35856,10
13.017370224,80.2249603271,35856,35867,11
13.0176696777,80.2248382568,35867,35877,10
13.0179796219,80.2247161865,35877,35887,10
13.0181999207,80.2246322632,35887,35907,20
13.0181999207,80.2246322632,35907,35917,10
13.0183200836,80.2245788574,35917,35927,10
13.018529892,80.2245025635,35927,35937,10
13.0187997818,80.2243881226,35937,35948,11
13.0195198059,80.224357605,35948,36018,70
13.0195198059,80.224357605,36018,36029,11
13.0198602676,80.2247009277,36029,36039,10
13.020359993,80.2250595093,36039,36049,10
13.0208997726,80.2254333496,36049,36059,10
13.0210599899,80.2255706787,36059,36069,10
13.0211696625,80.2257232666,36069,36079,10
13.0213804245,80.2259216309,36079,36089,10
13.0215997696,80.2260437012,36089,36099,10
13.0217695236,80.2261276245,36099,36110,11
13.022069931,80.2263412476,36110,36130,20
13.022069931,80.2263412476,36130,36140,10
13.022310257,80.2264709473,36140,36150,10
13.0224704742,80.2266235352,36150,36160,10
13.0225200653,80.2266616821,36160,36170,10
13.0227499008,80.2268829346,36170,36211,41
13.0227499008,80.2268829346,36211,36221,10
13.0230302811,80.2272109985,36221,36231,10
13.0231599808,80.2273406982,36231,36241,10
13.0233097076,80.2274780273,36241,36251,10
13.0235795975,80.2276916504,36251,36261,10
13.0239896774,80.2279891968,36261,36302,41
13.0239896774,80.2279891968,36302,36312,10
13.0240898132,80.2281036377,36312,36322,10
13.0244197845,80.2284393311,36322,36393,71
13.0244197845,80.2284393311,36393,36403,10
13.0243701935,80.2285614014,36403,36413,10
13.0241003036,80.2284317017,36413,36423,10
13.023440361,80.2276916504,36423,36646,223
13.0233001709,80.2274932861,36646,36727,81
13.0233001709,80.2274932861,36727,36737,10
13.0231800079,80.2273635864,36737,36747,10
13.0229101181,80.2271118164,36747,36758,11
13.0227003098,80.2269287109,36758,36768,10
13.022600174,80.226852417,36768,36778,10
13.0222997665,80.2265472412,36778,36788,10
13.0217895508,80.2260971069,36788,36798,10
13.0212202072,80.2256774902,36798,36808,10
13.0207700729,80.2253570557,36808,36818,10
13.0206699371,80.2252883911,36818,36828,10
13.0204696655,80.225151062,36828,36839,11
13.0199098587,80.2247924805,36839,36849,10
13.0191602707,80.2244796753,36849,36859,10
13.0183095932,80.2246932983,36859,36869,10
13.0174303055,80.2250366211,36869,36879,10
13.0168199539,80.2253036499,36879,36889,10
13.0164699554,80.2254562378,36889,36899,10
13.0161104202,80.2256011963,36899,36909,10
13.0154495239,80.2258071899,36909,36920,11
13.0147399902,80.2260971069,36920,36930,10
13.0138397217,80.2265167236,36930,36950,20
13.0138397217,80.2265167236,36950,36960,10
13.0136499405,80.2265777588,36960,36970,10
13.013420105,80.2266235352,36970,36980,10
13.0129899979,80.2267684937,36980,36990,10
13.0122995377,80.2270202637,36990,37001,11
13.011300087,80.227432251,37001,37011,10
13.0102796555,80.2278137207,37011,37021,10
13.0092897415,80.2283401489,37021,37031,10
13.0089902878,80.2293930054,37031,37041,10
13.0087604523,80.2305679321,37041,37051,10
13.008600235,80.2316207886,37051,37061,10
13.0083904266,80.2326431274,37061,37071,10
13.0082597733,80.2334823608,37071,37082,11
13.0082302094,80.2335281372,37082,37092,10
13.0081501007,80.2338104248,37092,37102,10
13.0080299377,80.2344284058,37102,37112,10
13.0078401566,80.2353286743,37112,37122,10
13.0076704025,80.2362594604,37122,37132,10
13.007519722,80.2370529175,37132,37142,10
13.007399559,80.2376708984,37142,37152,10
13.0072898865,80.2382965088,37152,37233,81
13.0072898865,80.2382965088,37233,37244,11
13.007229805,80.2385864258,37244,37254,10
13.0071401596,80.2391662598,37254,37264,10
13.006939888,80.2399902344,37264,37274,10
13.0068397522,80.240852356,37274,37294,20
13.0068397522,80.240852356,37294,37304,10
13.0068302155,80.2409820557,37304,37314,10
13.0068101883,80.2413330078,37314,37324,10
13.0067996979,80.2417526245,37324,37335,11
13.0067796707,80.2418289185,37335,37345,10
13.0067796707,80.2421035767,37345,37385,40
13.0067796707,80.2421035767,37385,37395,10
13.0067195892,80.2422790527,37395,37405,10
13.0067396164,80.2425003052,37405,37416,11
13.0067596436,80.242729187,37416,37426,10
13.0067501068,80.2427368164,37426,37436,10
13.0067396164,80.2429275513,37436,37446,10
13.0067796707,80.243309021,37446,37456,10
13.0067596436,80.2434921265,37456,37466,10
13.006770134,80.243812561,37466,37476,10
13.006770134,80.2441329956,37476,37486,10
13.0067596436,80.2441711426,37486,37497,11
13.0067195892,80.2443771362,37497,37507,10
13.0067195892,80.244430542,37507,37517,10
13.0067100525,80.2445526123,37517,37527,10
13.0066795349,80.2445907593,37527,37537,10
13.0066900253,80.2447662354,37537,37547,10
13.0066900253,80.2447814941,37547,37557,10
13.0067501068,80.245262146,37557,37567,10
13.006819725,80.2458496094,37567,37578,11
13.0069599152,80.2467498779,37578,37588,10
13.0064096451,80.2474365234,37588,37608,20
13.0064096451,80.2474365234,37608,37618,10
13.0061597824,80.247428894,37618,37628,10
13.0055599213,80.2473983765,37628,37638,10
13.004699707,80.2474517822,37638,37648,10
13.0035400391,80.2475814819,37648,37659,11
13.002120018,80.247833252,37659,37669,10
13.0006799698,80.2481994629,37669,37679,10
12.9991703033,80.2485733032,37679,37689,10
12.9980602264,80.2489013672,37689,37699,10
12.9980096817,80.2489089966,37699,37709,10
12.9979696274,80.2489013672,37709,37719,10
12.9975795746,80.2489700317,37719,37729,10
12.9968004227,80.2491531372,37729,37740,11
12.9955701828,80.2494735718,37740,37750,10
12.9941501617,80.2498474121,37750,37760,10
12.9928102493,80.2501831055,37760,37770,10
12.9916496277,80.2504882813,37770,38114,344
12.9916496277,80.2504882813,38114,38124,10
12.991399765,80.2505493164,38124,38134,10
12.9911499023,80.2506027222,38134,38145,11
12.9908895493,80.2506637573,38145,38155,10
12.9905996323,80.2507400513,38155,38165,10
12.9903297424,80.250793457,38165,38175,10
12.9900398254,80.250831604,38175,38185,10
12.989689827,80.2509231567,38185,38195,10
12.9894800186,80.2509384155,38195,38205,10
12.989159584,80.2509994507,38205,38215,10
12.9888601303,80.2510910034,38215,38226,11
12.9886798859,80.2511672974,38226,38236,10
12.9884004593,80.2512664795,38236,38246,10
12.9880800247,80.2514038086,38246,38256,10
12.9878902435,80.2514419556,38256,38266,10
12.9874601364,80.2515335083,38266,38276,10
12.9868402481,80.251701355,38276,38286,10
12.9862499237,80.2518463135,38286,38296,10
12.9854202271,80.2520294189,38296,38307,11
12.9842395782,80.2523193359,38307,38317,10
12.9829702377,80.2526397705,38317,38327,10
12.9819898605,80.2527008057,38327,38337,10
12.9816102982,80.2527084351,38337,38347,10
12.9814500809,80.2527084351,38347,38357,10
12.9812698364,80.2527236938,38357,38377,20
12.9812698364,80.2527236938,38377,38388,11
12.9811201096,80.2527313232,38388,38398,10
12.9809303284,80.2527389526,38398,38408,10
12.9808101654,80.252746582,38408,38418,10
12.9806098938,80.252746582,38418,38428,10
12.9803304672,80.2528076172,38428,38438,10
12.9799404144,80.2527999878,38438,38448,10
12.9794998169,80.2527389526,38448,38458,10
12.9789199829,80.2526779175,38458,38469,11
12.9787302017,80.2526397705,38469,38479,10
12.9786596298,80.2526016235,38479,38489,10
12.9782600403,80.2523422241,38489,38499,10
12.9776296616,80.2517700195,38499,38509,10
12.9766902924,80.2512664795,38509,38519,10
12.9755601883,80.2509384155,38519,38529,10
12.9743499756,80.2506027222,38529,38539,10
12.973400116,80.2503433228,38539,38550,11
12.9722204208,80.2500228882,38550,38560,10
12.9711399078,80.2497329712,38560,38570,10
12.970199585,80.249420166,38570,38580,10
12.9690599442,80.2489776611,38580,38590,10
12.9682998657,80.2486572266,38590,38600,10
12.967499733,80.2483596802,38600,38610,10
12.9671201706,80.2482070923,38610,38620,10
12.9668998718,80.2480621338,38620,38631,11
12.9665899277,80.2479019165,38631,38641,10
12.9659099579,80.2476196289,38641,38651,10
12.9649295807,80.2473068237,38651,38691,40
12.9649295807,80.2473068237,38691,38701,10
12.9647302628,80.2472381592,38701,38712,11
12.9643297195,80.2470779419,38712,38722,10
12.9640903473,80.2470016479,38722,38732,10
12.9640398026,80.2469787598,38732,38742,10
12.9638595581,80.2469100952,38742,38752,10
12.9635095596,80.2467575073,38752,38762,10
12.9634799957,80.2467269897,38762,38772,10
12.9633703232,80.2465667725,38772,38782,10
12.9629001617,80.2463378906,38782,38792,10
12.9621601105,80.2459793091,38792,38803,11
12.9611597061,80.2455062866,38803,38813,10
12.9599895477,80.2450180054,38813,38823,10
12.9593496323,80.2447662354,38823,38833,10
12.9591903687,80.2446899414,38833,38843,10
12.9586496353,80.2444381714,38843,38853,10
12.9579401016,80.2441711426,38853,38863,10
12.9573202133,80.2439575195,38863,38873,10
12.9570598602,80.2438964844,38873,38904,31
12.9570598602,80.2438964844,38904,38914,10
12.9567298889,80.243812561,38914,38944,30
12.9567298889,80.243812561,38944,38954,10
12.9565896988,80.2437515259,38954,38965,11
12.9563999176,80.2436904907,38965,38995,30
12.9563999176,80.2436904907,38995,39005,10
12.9559898376,80.2435302734,39005,39015,10
12.9553203583,80.2431411743,39015,39025,10
12.9544801712,80.2427368164,39025,39035,10
12.9534902573,80.2423477173,39035,39046,11
12.9521598816,80.2418289185,39046,39056,10
12.9516296387,80.2416610718,39056,39066,10
12.9515695572,80.2416381836,39066,39076,10
12.9511299133,80.2414779663,39076,39086,10
12.9503498077,80.2412185669,39086,39096,10
12.9495601654,80.2409667969,39096,39106,10
12.9493198395,80.2408981323,39106,39116,10
12.948969841,80.2407836914,39116,39127,11
12.9481801987,80.2404403687,39127,39137,10
12.9473400116,80.2400970459,39137,39147,10
12.9471998215,80.2400512695,39147,39157,10
12.9471702576,80.240020752,39157,39167,10
12.9467601776,80.2398376465,39167,39177,10
12.9460201263,80.2395172119,39177,39187,10
12.9450397491,80.2389526367,39187,39197,10
12.9440498352,80.2378921509,39197,39208,11
12.9428701401,80.2367324829,39208,39218,10
12.9414196014,80.2361984253,39218,39228,10
12.9400901794,80.2358627319,39228,39238,10
12.9395799637,80.2356872559,39238,39248,10
12.9395303726,80.2356567383,39248,39258,10
12.9391098022,80.2354507446,39258,39268,10
12.9381799698,80.2349700928,39268,39278,10
12.937040329,80.2344207764,39278,39289,11
12.9359302521,80.2339019775,39289,39299,10
12.9350099564,80.2334823608,39299,39309,10
12.9341802597,80.2331314087,39309,39319,10
12.9338798523,80.2329788208,39319,39329,10
12.9338598251,80.2329711914,39329,39339,10
12.9338197708,80.2329406738,39339,39349,10
12.9334402084,80.2327575684,39349,39359,10
12.93268013,80.2324676514,39359,39370,11
12.9314804077,80.2320632935,39370,39380,10
12.9301204681,80.2316436768,39380,39390,10
12.9292402267,80.2314376831,39390,39400,10
12.9288101196,80.2313537598,39400,39410,10
12.9280996323,80.2312088013,39410,39420,10
12.9270601273,80.2311019897,39420,39430,10
12.9260702133,80.231010437,39430,39440,10
12.9259796143,80.2310028076,39440,39451,11
12.9255895615,80.2309188843,39451,39461,10
12.9248695374,80.2308273315,39461,39471,10
12.9238595963,80.2307128906,39471,39481,10
12.922539711,80.2305221558,39481,39491,10
12.920999527,80.2303009033,39491,39501,10
12.9194498062,80.2300872803,39501,39511,10
12.9181499481,80.229927063,39511,39521,10
12.9170999527,80.2297973633,39521,39531,10
12.9160203934,80.2296218872,39531,39542,11
12.9145002365,80.2294006348,39542,39552,10
12.9134597778,80.2292861938,39552,39562,10
12.9132204056,80.2292861938,39562,39572,10
12.9130802155,80.2292633057,39572,39582,10
12.9127597809,80.2291870117,39582,39592,10
12.9122200012,80.2291183472,39592,39602,10
12.9113502502,80.2289810181,39602,39612,10
12.9101696014,80.2288208008,39612,39623,11
12.9088096619,80.2285995483,39623,39633,10
12.9078798294,80.2284622192,39633,39643,10
12.90762043,80.2284088135,39643,39653,10
12.9071598053,80.2283477783,39653,39663,10
12.9065999985,80.2282791138,39663,39673,10
12.9061203003,80.2282562256,39673,39683,10
12.9059495926,80.2282409668,39683,39693,10
12.9053697586,80.2282562256,39693,39704,11
12.9043598175,80.2282028198,39704,39714,10
12.9034404755,80.2281417847,39714,39724,10
12.9022598267,80.2280807495,39724,39744,20
12.9022598267,80.2280807495,39744,39754,10
12.9022197723,80.2280502319,39754,39764,10
12.9018001556,80.2280426025,39764,39774,10
12.9013500214,80.2279815674,39774,39785,11
12.9008398056,80.2279434204,39785,39795,10
12.9003601074,80.2279205322,39795,39805,10
12.9000101089,80.2279205322,39805,39815,10
12.8994197845,80.2279129028,39815,39825,10
12.8991203308,80.2278900146,39825,39835,10
12.8990602493,80.2278823853,39835,39845,10
12.8988704681,80.2278900146,39845,39855,10
12.8982496262,80.2278289795,39855,39866,11
12.8972101212,80.2277679443,39866,39876,10
12.8959703445,80.2276916504,39876,39886,10
12.8947296143,80.2276306152,39886,39896,10
12.8937597275,80.2275772095,39896,39906,10
12.8928604126,80.2274932861,39906,39916,10
12.8925104141,80.2274398804,39916,39926,10
12.8918304443,80.2273788452,39926,39936,10
12.8908195496,80.2273635864,39936,39947,11
12.8894701004,80.2273635864,39947,39957,10
12.8887300491,80.2273483276,39957,39967,10
12.887840271,80.2273025513,39967,39977,10
12.8867902756,80.2271575928,39977,39987,10
12.8857402802,80.2268981934,39987,39997,10
12.8851995468,80.2267990112,39997,40007,10
12.8848800659,80.2267608643,40007,40017,10
12.8847303391,80.2267379761,40017,40028,11
12.8841295242,80.2267303467,40028,40038,10
12.8832302094,80.2267303467,40038,40048,10
12.8820199966,80.2267227173,40048,40058,10
12.8806200027,80.2267532349,40058,40068,10
12.8791999817,80.2267837524,40068,40078,10
12.8779602051,80.2268676758,40078,40088,10
12.8773498535,80.2269515991,40088,40098,10
12.8771896362,80.2269668579,40098,40109,11
12.8769903183,80.2269897461,40109,40129,20
12.8769903183,80.2269897461,40129,40139,10
12.8767404556,80.2269973755,40139,40149,10
12.8764200211,80.2269973755,40149,40159,10
12.8757696152,80.2269592285,40159,40169,10
12.8747797012,80.2268600464,40169,40179,10
12.8735399246,80.2267303467,40179,40190,11
12.8723402023,80.2266921997,40190,40200,10
12.8710603714,80.2266311646,40200,40210,10
12.8695001602,80.2265014648,40210,40220,10
12.8679800034,80.2263793945,40220,40230,10
12.8666200638,80.2265396118,40230,40240,10
12.8655004501,80.226600647,40240,40250,10
12.8643102646,80.2265625,40250,40260,10
12.8629999161,80.2265396118,40260,40270,10
12.8616104126,80.226600647,40270,40281,11
12.8600702286,80.2264709473,40281,40291,10
12.8592395782,80.2263870239,40291,40301,10
12.8589601517,80.226348877,40301,40311,10
12.8584403992,80.2262802124,40311,40321,10
12.8576202393,80.2262573242,40321,40331,10
12.8564996719,80.2263717651,40331,40341,10
12.8550796509,80.2265396118,40341,40351,10
12.8534898758,80.2266998291,40351,40362,11
12.8516998291,80.2266769409,40362,40372,10
12.8505001068,80.2266464233,40372,40382,10
12.8502101898,80.2266235352,40382,40392,10
12.8500900269,80.2266235352,40392,40402,10
12.8495702744,80.226600647,40402,40412,10
12.8486604691,80.2266235352,40412,40422,10
12.8473901749,80.2266311646,40422,40432,10
12.8462696075,80.2266311646,40432,40443,11
12.8459596634,80.2266464233,40443,40453,10
12.845870018,80.2266387939,40453,40463,10
12.8456001282,80.2266387939,40463,40473,10
12.8455896378,80.2266387939,40473,40483,10
12.845410347,80.2266387939,40483,40493,10
12.8449497223,80.2266387939,40493,40503,10
12.8441400528,80.2267303467,40503,40513,10
12.843000412,80.226890564,40513,40524,11
12.8417196274,80.227142334,40524,40534,10
12.841050148,80.2273330688,40534,40544,10
12.8409700394,80.2273483276,40544,40554,10
12.840669632,80.2274398804,40554,40615,61
12.840669632,80.2274398804,40615,40625,10
12.8402900696,80.2275619507,40625,40635,10
12.8398103714,80.2276763916,40635,40675,40
12.8398103714,80.2276763916,40675,40686,11
12.8393697739,80.2277832031,40686,40696,10
12.8386802673,80.2279586792,40696,40706,10
12.837679863,80.228187561,40706,40716,10
12.8363199234,80.2284088135,40716,40726,10
12.8347702026,80.2286376953,40726,40736,10
12.8324604034,80.2291183472,40736,40756,20
12.8324604034,80.2291183472,40756,40767,11
12.8322200775,80.2291488647,40767,40777,10
12.8317203522,80.2292785645,40777,40787,10
12.8308496475,80.2295227051,40787,40797,10
12.82970047,80.2299575806,40797,40807,10
12.8285198212,80.230506897,40807,40817,10
12.8276395798,80.231048584,40817,40827,10
12.8265104294,80.2313766479,40827,40837,10
12.8251600266,80.2314376831,40837,40848,11
12.8235301971,80.2311019897,40848,40858,10
12.8220901489,80.2306594849,40858,40868,10
12.8209896088,80.2304992676,40868,40878,10
12.8199596405,80.230506897,40878,40888,10
12.8189296722,80.2305221558,40888,40898,10
12.8187999725,80.2304992676,40898,40908,10
12.8183097839,80.2302932739,40908,40918,10
12.8175497055,80.229927063,40918,40928,10
12.8166103363,80.2295608521,40928,40939,11
12.8150997162,80.2293167114,40939,40949,10
12.813659668,80.229019165,40949,40959,10
12.8123502731,80.2285995483,40959,40969,10
12.8111200333,80.2281417847,40969,40979,10
12.8097200394,80.2275466919,40979,40989,10
12.8084497452,80.2267608643,40989,40999,10
12.8072900772,80.2257232666,40999,41009,10
12.806429863,80.2249526978,41009,41020,11
12.8055801392,80.2242279053,41020,41030,10
12.8049497604,80.2240066528,41030,41040,10
12.8045101166,80.2239532471,41040,41050,10
12.8037595749,80.2238998413,41050,41060,10
12.8027696609,80.2238235474,41060,41070,10
12.8016395569,80.2236633301,41070,41080,10
12.8010902405,80.2235870361,41080,41090,10
12.8003997803,80.2235412598,41090,41101,11
12.7992296219,80.2234420776,41101,41111,10
12.7977895737,80.2232284546,41111,41121,10
12.7962598801,80.2229919434,41121,41131,10
12.7957696915,80.2229232788,41131,41141,10
12.795630455,80.2229232788,41141,41151,10
12.7951202393,80.2228164673,41151,41161,10
12.7941904068,80.22265625,41161,41171,10
12.7929601669,80.2224807739,41171,41182,11
12.7915401459,80.2221679688,41182,41192,10
12.7902603149,80.2218475342,41192,41202,10
12.7894496918,80.2216415405,41202,41212,10
12.7888803482,80.2214126587,41212,41222,10
12.7881803513,80.2211227417,41222,41232,10
12.787899971,80.2210083008,41232,41242,10
12.7877702713,80.2209625244,41242,41252,10
12.7876901627,80.2209091187,41252,41263,11
12.7876300812,80.2208709717,41263,41273,10
12.7871704102,80.2206878662,41273,41323,50
12.7871704102,80.2206878662,41323,41333,10
12.7868204117,80.2205963135,41333,41344,11
12.7868204117,80.2205963135,41344,41354,10
12.7864599228,80.2204971313,41354,41364,10
12.7861700058,80.2205429077,41364,41394,30
12.7861700058,80.2205429077,41394,41406,12
12.7861700058,80.2207565308,41406,41416,10
12.7861795425,80.2211380005,41416,41427,11
12.7861995697,80.2217407227,41427,41437,10
12.786239624,80.222038269,41437,42004,567
12.786239624,80.222038269,42004,42014,10
12.786359787,80.2218399048,42014,42024,10
12.7862701416,80.2216567993,42024,42034,10
12.7862596512,80.2214813232,42034,42044,10
12.7861995697,80.220916748,42044,42064,20
12.7861795425,80.220703125,42064,42085,21
12.7861795425,80.220703125,42085,42095,10
12.7862501144,80.2203826904,42095,42105,10
12.7864904404,80.2204437256,42105,42145,40
12.7864904404,80.2204437256,42145,42155,10
12.7868204117,80.2205810547,42155,42166,11
12.7873296738,80.2207336426,42166,42176,10
12.7879104614,80.2209320068,42176,42186,10
12.7884197235,80.2211608887,42186,42196,10
12.7890796661,80.2213973999,42196,42206,10
12.7897500992,80.2216796875,42206,42216,10
12.7902498245,80.2218170166,42216,42226,10
12.7910404205,80.2220230103,42226,42236,10
12.7921495438,80.2222824097,42236,42247,11
12.7937202454,80.2225494385,42247,42257,10
12.7951698303,80.2227783203,42257,42267,10
12.796210289,80.2229385376,42267,42277,10
12.7963895798,80.2229537964,42277,42287,10
12.7966499329,80.2230072021,42287,42297,10
12.797249794,80.2231292725,42297,42307,10
12.798119545,80.2232589722,42307,42317,10
12.7992095947,80.2233963013,42317,42328,11
12.8014202118,80.2235794067,42328,42348,20
12.8014202118,80.2235794067,42348,42358,10
12.8015604019,80.2236328125,42358,42368,10
12.8020801544,80.2236709595,42368,42378,10
12.8028402328,80.2237701416,42378,42388,10
12.8037700653,80.2238616943,42388,42398,10
12.8055400848,80.2241363525,42398,42419,21
12.8055400848,80.2241363525,42419,42429,10
12.8058204651,80.2243499756,42429,42439,10
12.8063697815,80.224822998,42439,42449,10
12.8071699142,80.2255401611,42449,42459,10
12.8082199097,80.2264175415,42459,42469,10
12.809510231,80.2273864746,42469,42479,10
12.8110599518,80.2280731201,42479,42490,11
12.8128299713,80.2286987305,42490,42500,10
12.8144102097,80.2291793823,42500,42510,10
12.8160200119,80.2293930054,42510,42520,10
12.8176298141,80.229850769,42520,42530,10
12.8198003769,80.2304382324,42530,42550,20
12.8199300766,80.230430603,42550,42571,21
12.8199300766,80.230430603,42571,42581,10
12.8200702667,80.2304534912,42581,42591,10
12.8206796646,80.2304382324,42591,42601,10
12.8216495514,80.2304916382,42601,42611,10
12.8229103088,80.2308425903,42611,42621,10
12.8243703842,80.2312011719,42621,42631,10
12.8257598877,80.2313232422,42631,42641,10
12.8261804581,80.2312927246,42641,42652,11
12.8265104294,80.2312469482,42652,42662,10
12.8272199631,80.2311019897,42662,42672,10
12.8281602859,80.2305908203,42672,42682,10
12.8293504715,80.2300033569,42682,42692,10
12.8311004639,80.229309082,42692,42712,20
12.8311004639,80.229309082,42712,42722,10
12.8313503265,80.2292480469,42722,42733,11
12.8319301605,80.2291030884,42733,42743,10
12.8327198029,80.2289581299,42743,42753,10
12.8338098526,80.228767395,42753,42763,10
12.8352098465,80.2285232544,42763,42773,10
12.8367595673,80.2282867432,42773,42783,10
12.8382701874,80.2280197144,42783,42793,10
12.8391799927,80.2277603149,42793,42803,10
12.8395004272,80.2276611328,42803,42814,11
12.8398704529,80.2275924683,42814,42824,10
12.8405599594,80.2274169922,42824,42834,10
12.841509819,80.2271575928,42834,42844,10
12.8427600861,80.2268600464,42844,42854,10
12.8442201614,80.2266387939,42854,42864,10
12.8453998566,80.2265319824,42864,42874,10
12.8454999924,80.2265319824,42874,42884,10
12.8456802368,80.2265396118,42884,42894,10
12.8463697433,80.2265396118,42894,42905,11
12.8473596573,80.2265396118,42905,42915,10
12.8486404419,80.2265396118,42915,42925,10
12.8498897552,80.2265396118,42925,42935,10
12.8502902985,80.2265090942,42935,42945,10
12.8506803513,80.2265167236,42945,42955,10
12.8514900208,80.2265701294,42955,42965,10
12.8526096344,80.2266387939,42965,42975,10
12.8540697098,80.2265777588,42975,42986,11
12.855799675,80.2263870239,42986,42996,10
12.8573598862,80.2261962891,42996,43006,10
12.8587598801,80.2262268066,43006,43016,10
12.8602104187,80.2264404297,43016,43026,10
12.8608503342,80.2264785767,43026,43036,10
12.8610801697,80.2265167236,43036,43046,10
12.8617296219,80.2265167236,43046,43056,10
12.8627099991,80.2264709473,43056,43067,11
12.8641300201,80.2265090942,43067,43077,10
12.8656702042,80.2265472412,43077,43087,10
12.8672304153,80.2264328003,43087,43097,10
12.8688402176,80.2263793945,43097,43107,10
12.8704595566,80.2265472412,43107,43117,10
12.8716897964,80.226600647,43117,43127,10
12.8724098206,80.2266082764,43127,43137,10
12.8728904724,80.2266235352,43137,43148,11
12.8731002808,80.2266235352,43148,43158,10
12.873749733,80.2266616821,43158,43168,10
12.8747301102,80.2267837524,43168,43178,10
12.875869751,80.2268981934,43178,43188,10
12.8765602112,80.2268676758,43188,43198,10
12.8767404556,80.2268600464,43198,43208,10
12.8771400452,80.2268371582,43208,43218,10
12.8779602051,80.2267837524,43218,43229,11
12.8791999817,80.2267074585,43229,43239,10
12.8806200027,80.2266616821,43239,43249,10
12.8820104599,80.2266693115,43249,43259,10
12.8835601807,80.2266616821,43259,43269,10
12.8849401474,80.2266387939,43269,43279,10
12.8852996826,80.2266464233,43279,43289,10
12.8856296539,80.2267227173,43289,43299,10
12.886349678,80.2269210815,43299,43310,11
12.8875102997,80.2271881104,43310,43320,10
12.8889198303,80.2273101807,43320,43330,10
12.8904895782,80.2273178101,43330,43340,10
12.8919095993,80.2272796631,43340,43350,10
12.8932304382,80.2274398804,43350,43360,10
12.8945798874,80.2275695801,43360,43370,10
12.8958997726,80.2276229858,43370,43380,10
12.897359848,80.2276916504,43380,43391,11
12.8987903595,80.2277832031,43391,43401,10
12.9007797241,80.2278671265,43401,43532,131
12.9007797241,80.2278671265,43532,43542,10
12.9011602402,80.2279586792,43542,43553,11
12.9019603729,80.228012085,43553,43563,10
12.9029903412,80.2279968262,43563,43583,20
12.9029903412,80.2279968262,43583,43593,10
12.9030504227,80.2279815674,43593,43603,10
12.9035100937,80.228012085,43603,43613,10
12.9043397903,80.2280807495,43613,43623,10
12.9054698944,80.2281265259,43623,43634,11
12.90625,80.2281570435,43634,43644,10
12.9064998627,80.228187561,43644,43654,10
12.9070596695,80.2282409668,43654,43664,10
12.9079399109,80.2283706665,43664,43674,10
12.9091596603,80.2285690308,43674,43684,10
12.9105195999,80.2287902832,43684,43694,10
12.9117803574,80.2289810181,43694,43704,10
12.9129896164,80.2291488647,43704,43714,10
12.9140996933,80.2292709351,43714,43725,11
12.9141397476,80.2292785645,43725,43735,10
12.9143104553,80.2293395996,43735,43745,10
12.914850235,80.2294311523,43745,43755,10
12.9157104492,80.2295837402,43755,43765,10
12.9168796539,80.2297286987,43765,43775,10
12.9179801941,80.2298965454,43775,43785,10
12.9193096161,80.2300491333,43785,43795,10
12.9208602905,80.2302474976,43795,43806,11
12.9227104187,80.230506897,43806,43816,10
12.9243602753,80.2307281494,43816,43826,10
12.9258699417,80.2309112549,43826,43836,10
12.9265003204,80.2309494019,43836,43846,10
12.9266796112,80.2309799194,43846,43856,10
12.9273099899,80.2310562134,43856,43866,10
12.9282398224,80.2311706543,43866,43876,10
12.9292802811,80.2313613892,43876,43887,11
12.9306201935,80.2317123413,43887,43897,10
12.9316997528,80.2320632935,43897,43907,10
12.9327602386,80.2323989868,43907,43917,10
12.9334802628,80.232673645,43917,43927,10
12.9335699081,80.232711792,43927,43937,10
12.9339895248,80.2329101563,43937,43947,10
12.9346599579,80.2332382202,43947,43957,10
12.9354896545,80.2336196899,43957,43968,11
12.9366998672,80.234161377,43968,43978,10
12.9379997253,80.2348175049,43978,43988,10
12.9397001266,80.2356414795,43988,44008,20
12.9397001266,80.2356414795,44008,44018,10
12.9398899078,80.2357635498,44018,44028,10
12.9405298233,80.2359695435,44028,44038,10
12.9414796829,80.2362136841,44038,44049,11
12.9428300858,80.2366409302,44049,44059,10
12.9439601898,80.2376937866,44059,44069,10
12.9449195862,80.2387619019,44069,44079,10
12.9457702637,80.2393722534,44079,44089,10
12.9469804764,80.2398681641,44089,44099,10
12.9473400116,80.2400131226,44099,44109,10
12.9475402832,80.2400894165,44109,44119,10
12.9481601715,80.2403411865,44119,44130,11
12.9488697052,80.2406005859,44130,44150,20
12.9488697052,80.2406005859,44150,44160,10
12.9489402771,80.2406387329,44160,44170,10
12.9493703842,80.2408370972,44170,44180,10
12.9501495361,80.2410736084,44180,44190,10
12.9510698318,80.2413330078,44190,44200,10
12.951210022,80.2414016724,44200,44211,11
12.9516601563,80.2415924072,44211,44221,10
12.9524402618,80.2418823242,44221,44231,10
12.953379631,80.2422485352,44231,44241,10
12.9539299011,80.2424468994,44241,44251,10
12.9543895721,80.2426681519,44251,44261,10
12.9550800323,80.2429428101,44261,44271,10
12.9559297562,80.2431793213,44271,44281,10
12.9564199448,80.2433395386,44281,44292,11
12.9570198059,80.2436294556,44292,44302,10
12.9578399658,80.2440185547,44302,44312,10
12.9586601257,80.2443466187,44312,44322,10
12.9588899612,80.2444610596,44322,44332,10
12.9591503143,80.2445907593,44332,44342,10
12.9597501755,80.2448577881,44342,44352,10
12.9605998993,80.2452468872,44352,44362,10
12.9617300034,80.2457809448,44362,44373,11
12.9628696442,80.2463226318,44373,44383,10
12.9634799957,80.2466278076,44383,44393,10
12.9640598297,80.2468795776,44393,44403,10
12.9648399353,80.2471694946,44403,44413,10
12.9656801224,80.247467041,44413,44423,10
12.9663200378,80.2477111816,44423,44433,10
12.9667301178,80.2478790283,44433,44454,21
12.9667301178,80.2478790283,44454,44464,10
12.9669799805,80.248046875,44464,44474,10
12.9676704407,80.2483596802,44474,44484,10
12.9686698914,80.2487716675,44484,44494,10
12.9699201584,80.2492675781,44494,44504,10
12.9713802338,80.2497634888,44504,44514,10
12.972820282,80.2501525879,44514,44524,10
12.9740200043,80.2504730225,44524,44535,11
12.9753599167,80.2508621216,44535,44545,10
12.9766702652,80.2512283325,44545,44555,10
12.9777803421,80.2518310547,44555,44565,10
12.9785203934,80.2523193359,44565,44575,10
12.9785804749,80.2523498535,44575,44585,10
12.9786996841,80.2524185181,44585,44595,10
12.9796600342,80.2526016235,44595,44656,61
12.9796600342,80.2526016235,44656,44666,10
12.97976017,80.2526626587,44666,44676,10
12.9801702499,80.2526702881,44676,44686,10
12.9809503555,80.2526397705,44686,44697,11
12.9821300507,80.2526016235,44697,44707,10
12.9833402634,80.2525024414,44707,44717,10
12.9843902588,80.2522201538,44717,44727,10
12.9853096008,80.2519607544,44727,44747,20
12.9853096008,80.2519607544,44747,44757,10
12.9853200912,80.2519683838,44757,44767,10
12.9856004715,80.2518920898,44767,44777,10
12.9858903885,80.2518081665,44777,44788,11
12.986240387,80.2517318726,44788,44798,10
12.9866800308,80.2516174316,44798,44808,10
12.9874801636,80.2513809204,44808,44818,10
12.9881896973,80.2512283325,44818,44828,10
12.9891500473,80.2509765625,44828,44838,10
12.9895496368,80.250869751,44838,44848,10
12.9898700714,80.2508392334,44848,44858,10
12.9904603958,80.2507019043,44858,44869,11
12.9915895462,80.2504196167,44869,44879,10
12.9928398132,80.2501068115,44879,44889,10
12.9942703247,80.2497177124,44889,44899,10
12.9957504272,80.2493667603,44899,44909,10
12.996629715,80.2490997314,44909,44919,10
12.9969997406,80.2490234375,44919,44929,10
12.9976196289,80.248878479,44929,44939,10
12.9985599518,80.2486495972,44939,44950,11
12.9999504089,80.2483215332,44950,44960,10
13.0013999939,80.2479476929,44960,44970,10
13.0026903152,80.2476425171,44970,44980,10
13.0039796829,80.2474212646,44980,44990,10
13.0051403046,80.2472686768,44990,45000,10
13.0060100555,80.2470169067,45000,45010,10
13.0064697266,80.2465133667,45010,45020,10
13.0065097809,80.246421814,45020,45031,11
13.0065803528,80.2462005615,45031,45041,10
13.0066099167,80.24559021,45041,45051,10
13.0065603256,80.2450332642,45051,45061,10
13.0065803528,80.2445526123,45061,45081,20
13.0065803528,80.2445526123,45081,45091,10
13.0066204071,80.2442779541,45091,45101,10
13.0066204071,80.2440185547,45101,45112,11
13.0066204071,80.2436828613,45112,45122,10
13.0065803528,80.2432632446,45122,45132,10
13.0065603256,80.2425231934,45132,45142,10
13.0065603256,80.2414703369,45142,45152,10
13.0066604614,80.2406387329,45152,45162,10
13.006819725,80.2397003174,45162,45172,10
13.0070400238,80.238822937,45172,45182,10
13.0072402954,80.2378311157,45182,45193,11
13.007399559,80.2369384766,45193,45203,10
13.0074396133,80.2368392944,45203,45213,10
13.007519722,80.2364196777,45213,45223,10
13.0076704025,80.2356872559,45223,45233,10
13.007809639,80.2349700928,45233,45243,10
13.0079698563,80.2342910767,45243,45253,10
13.0082197189,80.2330169678,45253,45263,10
13.0084400177,80.2318191528,45263,45274,11
13.0086898804,80.2304382324,45274,45284,10
13.0089797974,80.229057312,45284,45294,10
13.0093603134,80.2276611328,45294,45304,10
13.0100002289,80.2263336182,45304,45314,10
13.0105495453,80.2253036499,45314,45324,10
13.0109500885,80.2243499756,45324,45334,10
13.0112304688,80.2236175537,45334,45344,10
13.0115404129,80.2228393555,45344,45355,11
13.011879921,80.2217788696,45355,45365,10
13.0123195648,80.2214736938,45365,45375,10
13.0127000809,80.222038269,45375,45385,10
13.0133199692,80.2227172852,45385,45395,10
13.0139198303,80.2233810425,45395,45405,10
13.0144796371,80.2240219116,45405,45415,10
13.0150899887,80.2246780396,45415,45425,10
13.0155296326,80.2250289917,45425,45436,11
13.0155897141,80.225112915,45436,45446,10
13.0156497955,80.225189209,45446,45456,10
13.0160799026,80.2253875732,45456,45466,10
13.0169496536,80.2251663208,45466,45476,10
13.0179796219,80.2247390747,45476,45486,10
13.018819809,80.2243804932,45486,45496,10
13.019610405,80.2244491577,45496,45527,31
13.019610405,80.2244491577,45527,45537,10
13.0196695328,80.224609375,45537,45547,10
13.0200195313,80.2248382568,45547,45557,10
13.0205802917,80.2252120972,45557,45567,10
13.021109581,80.2256164551,45567,45577,10
13.0216598511,80.2260284424,45577,45587,10
13.0222396851,80.2264862061,45587,45597,10
13.0228996277,80.2270507813,45597,45608,11
13.0237398148,80.2277984619,45608,45618,10
13.0242300034,80.2282562256,45618,45628,10
13.0243997574,80.2284698486,45628,45638,10
13.0242099762,80.228553772,45638,45648,10
13.0238599777,80.2281036377,45648,45658,10
13.0236101151,80.2278366089,45658,45668,10
13.0230798721,80.2273406982,45668,45972,304
13.0230798721,80.2273406982,45972,45982,10
13.0230503082,80.2271881104,45982,45992,10
13.0227403641,80.2268981934,45992,46002,10
13.0222101212,80.2264099121,46002,46013,11
13.0214595795,80.2257919312,46013,46023,10
13.0206403732,80.2252120972,46023,46033,10
13.0200996399,80.2248764038,46033,46043,10
13.0199899673,80.2248306274,46043,46053,10
13.0195999146,80.2246170044,46053,46063,10
13.0188398361,80.2245407104,46063,46073,10
13.0180397034,80.2248382568,46073,46083,10
13.0171298981,80.225227356,46083,46094,11
13.0164003372,80.2255401611,46094,46104,10
13.0157604218,80.2257614136,46104,46114,10
13.0151796341,80.2259902954,46114,46124,10
13.0146398544,80.2261810303,46124,46134,10
13.0144796371,80.2262573242,46134,46144,10
13.0143899918,80.2263183594,46144,46154,10
13.0139799118,80.2264785767,46154,46164,10
13.0133104324,80.2266998291,46164,46175,11
13.0124197006,80.2270431519,46175,46185,10
13.0115003586,80.2273864746,46185,46195,10
13.0104103088,80.2278518677,46195,46205,10
13.0093698502,80.2282867432,46205,46215,10
13.0090198517,80.2291870117,46215,46225,10
13.0087604523,80.23046875,46225,46235,10
13.0085096359,80.2316513062,46235,46245,10
13.0083198547,80.2327880859,46245,46256,11
13.0081796646,80.2336273193,46256,46265,9
13.0080299377,80.2341384888,46265,46276,11
13.0078802109,80.2347793579,46276,46286,10
13.0077800751,80.2354431152,46286,46296,10
13.007610321,80.2363586426,46296,46306,10
13.0073900223,80.2374572754,46306,46316,10
13.0071496964,80.2386016846,46316,46326,10
13.0069303513,80.2397003174,46326,46337,11
13.0067195892,80.240737915,46337,46347,10
13.0066204071,80.2417221069,46347,46357,10
13.0066299438,80.2427597046,46357,46367,10
13.0066795349,80.243598938,46367,46377,10
13.0066099167,80.2446899414,46377,46397,20
13.0066099167,80.2446899414,46397,46407,10
13.006649971,80.2451629639,46407,46418,11
13.0066795349,80.2456207275,46418,46428,10
13.0067396164,80.2463684082,46428,46438,10
13.0067195892,80.2471313477,46438,46499,61
13.0067195892,80.2471313477,46499,46509,10
13.0063295364,80.2474212646,46509,46529,20
13.0063295364,80.2474212646,46529,46539,10
13.0061397552,80.2474365234,46539,46549,10
13.0057697296,80.2474212646,46549,46559,10
13.0050001144,80.247428894,46559,46569,10
13.0040302277,80.2475204468,46569,46580,11
13.0028800964,80.2476730347,46580,46590,10
13.0025196075,80.2477264404,46590,46600,10
13.0020198822,80.2478637695,46600,46610,10
13.0012598038,80.2480621338,46610,46620,10
13.0001602173,80.2483520508,46620,46630,10
12.9989299774,80.2486572266,46630,46640,10
12.9981002808,80.2489013672,46640,46650,10
12.9979696274,80.2489318848,46650,46661,11
12.9973602295,80.2490463257,46661,46671,10
12.996430397,80.2492828369,46671,46681,10
12.9951896667,80.2496109009,46681,46691,10
12.9938602448,80.249961853,46691,46701,10
12.9926204681,80.2502365112,46701,46711,10
12.991519928,80.2505111694,46711,46721,10
12.9909801483,80.2506713867,46721,46731,10
12.9908304214,80.2507019043,46731,46742,11
12.9901199341,80.2508621216,46742,46752,10
12.9892301559,80.2510604858,46752,46762,10
12.9888496399,80.2511520386,46762,46853,91
12.9888496399,80.2511520386,46853,46863,10
12.988699913,80.251159668,46863,46873,10
12.9885702133,80.2512207031,46873,46883,10
12.9882802963,80.2512817383,46883,46893,10
12.9880399704,80.2513198853,46893,46903,10
12.9877796173,80.251411438,46903,46914,11
12.9870700836,80.2516098022,46914,46924,10
12.9863395691,80.2518234253,46924,46934,10
12.9854898453,80.2520294189,46934,46944,10
12.9843101501,80.2523574829,46944,46954,10
12.9830303192,80.2526397705,46954,46964,10
12.9816904068,80.2527236938,46964,46974,10
12.9806499481,80.2527694702,46974,46984,10
12.9801998138,80.2528610229,46984,47005,21
12.9801998138,80.2528610229,47005,47015,10
12.9800596237,80.2527770996,47015,47025,10
12.9796304703,80.2527084351,47025,47035,10
12.9788398743,80.2526321411,47035,47045,10
12.9786396027,80.2525787354,47045,47055,10
12.9784603119,80.252456665,47055,47065,10
12.9778995514,80.2519989014,47065,47076,11
12.9769001007,80.2513198853,47076,47086,10
12.9757204056,80.2509613037,47086,47096,10
12.974729538,80.2506866455,47096,47106,10
12.9736604691,80.2503967285,47106,47116,10
12.9725999832,80.2501373291,47116,47126,10
12.971570015,80.2498626709,47126,47136,10
12.9705495834,80.2495727539,47136,47146,10
12.9694900513,80.2491989136,47146,47157,11
12.968290329,80.2487487793,47157,47167,10
12.9671401978,80.2482299805,47167,47177,10
12.9661302567,80.2477416992,47177,47187,10
12.9651498795,80.2473983765,47187,47197,10
12.9650001526,80.2473602295,47197,47207,10
12.964799881,80.2472686768,47207,47217,10
12.9641895294,80.2470397949,47217,47227,10
12.9632997513,80.2466506958,47227,47238,11
12.9620199203,80.2460327148,47238,47248,10
12.9607000351,80.2453613281,47248,47258,10
12.9598903656,80.2450027466,47258,47268,10
12.959230423,80.244720459,47268,47278,10
12.9583501816,80.2443237305,47278,47288,10
12.9576101303,80.2440567017,47288,47298,10
12.9569997787,80.2438812256,47298,47308,10
12.9566001892,80.2437820435,47308,47349,41
12.9566001892,80.2437820435,47349,47359,10
12.9559497833,80.2434768677,47359,47369,10
12.9552001953,80.243057251,47369,47379,10
12.9542303085,80.2426605225,47379,47389,10
12.9536600113,80.242401123,47389,47400,11
12.952870369,80.2420578003,47400,47410,10
12.9518899918,80.2417221069,47410,47420,10
12.9515895844,80.241607666,47420,47430,10
12.9511003494,80.2414169312,47430,47440,10
12.9502696991,80.2411422729,47440,47450,10
12.949549675,80.2409515381,47450,47460,10
12.9492502213,80.2408294678,47460,47470,10
12.9488801956,80.2406692505,47470,47481,11
12.9479904175,80.2403182983,47481,47491,10
12.9471597672,80.239982605,47491,47501,10
12.947019577,80.2399597168,47501,47511,10
12.9467496872,80.2398376465,47511,47521,10
12.9460601807,80.2395401001,47521,47531,10
12.9451398849,80.2389907837,47531,47541,10
12.9444198608,80.2382507324,47541,47551,10
12.943400383,80.237159729,47551,47562,11
12.9420404434,80.236366272,47562,47572,10
12.9406700134,80.236038208,47572,47582,10
12.9399795532,80.2358093262,47582,47602,20
12.9399795532,80.2358093262,47602,47612,10
12.9398603439,80.2357635498,47612,47622,10
12.9393997192,80.2355575562,47622,47632,10
12.9385299683,80.2351303101,47632,47642,10
12.9375600815,80.2346725464,47642,47653,11
12.9363002777,80.234046936,47653,47663,10
12.9356899261,80.2337799072,47663,47673,10
12.9354095459,80.2336578369,47673,47683,10
12.9349403381,80.2334213257,47683,47693,10
12.9341402054,80.2330627441,47693,47703,10
12.9340496063,80.2330322266,47703,47713,10
12.9340000153,80.2330093384,47713,47723,10
12.9336996078,80.2328872681,47723,47734,11
12.9328298569,80.2324676514,47734,47744,10
12.93171978,80.2320632935,47744,47754,10
12.9303598404,80.2316207886,47754,47764,10
12.9289398193,80.231300354,47764,47774,10
12.9274301529,80.231086731,47774,47784,10
12.9263095856,80.2309570313,47784,47794,10
12.9261102676,80.2309417725,47794,47804,10
12.925909996,80.2309188843,47804,47815,11
12.9252099991,80.230796814,47815,47825,10
12.924200058,80.230682373,47825,47835,10
12.9229402542,80.2305221558,47835,47845,10
12.9213600159,80.2302780151,47845,47855,10
12.9196901321,80.2300796509,47855,47865,10
12.9180698395,80.2298583984,47865,47875,10
12.9166297913,80.2296676636,47875,47885,10
12.9151000977,80.2294616699,47885,47896,11
12.9135599136,80.2292861938,47896,47906,10
12.9132404327,80.2292709351,47906,47916,10
12.9131002426,80.2292404175,47916,47926,10
12.9125003815,80.2291488647,47926,47936,10
12.9115495682,80.2289810181,47936,47946,10
12.9102897644,80.2287979126,47946,47956,10
12.9087600708,80.228553772,47956,47966,10
12.907500267,80.2283630371,47966,47977,11
12.9069900513,80.2282791138,47977,47987,10
12.906829834,80.2282791138,47987,48027,40
12.906829834,80.2282791138,48027,48037,10
12.9065504074,80.2282409668,48037,48047,10
12.9059295654,80.2282028198,48047,48058,11
12.9048995972,80.2281570435,48058,48068,10
12.9036197662,80.2280807495,48068,48078,10
12.9022102356,80.228012085,48078,48088,10
12.9011497498,80.2280197144,48088,48118,30
12.9011497498,80.2280197144,48118,48128,10
12.9010601044,80.2279891968,48128,48139,11
12.9007797241,80.2279205322,48139,48149,10
12.8995895386,80.2278518677,48149,48189,40
12.8995895386,80.2278518677,48189,48199,10
12.8995304108,80.2278366089,48199,48209,10
12.8992395401,80.2277984619,48209,48220,11
12.8985204697,80.2277679443,48220,48230,10
12.8976202011,80.227722168,48230,48240,10
12.8964595795,80.2276687622,48240,48250,10
12.8952302933,80.2276306152,48250,48260,10
12.894080162,80.2275619507,48260,48270,10
12.8929796219,80.2274475098,48270,48280,10
12.8925199509,80.2274017334,48280,48290,10
12.8920402527,80.2273635864,48290,48301,11
12.8911504745,80.2273406982,48301,48311,10
12.8901195526,80.2273330688,48311,48321,10
12.8891000748,80.2273406982,48321,48331,10
12.8880500793,80.2272796631,48331,48341,10
12.8869104385,80.2270889282,48341,48351,10
12.8856601715,80.2267837524,48351,48361,10
12.8847904205,80.2266998291,48361,48382,21
12.8847904205,80.2266998291,48382,48392,10
12.8844604492,80.2266769409,48392,48402,10
12.8837404251,80.2266921997,48402,48412,10
12.8827600479,80.2267074585,48412,48422,10
12.8816204071,80.2266921997,48422,48432,10
12.8802900314,80.2267379761,48432,48442,10
12.8788204193,80.2267990112,48442,48451,9
12.8775596619,80.2268981934,48451,48463,12
12.876660347,80.2269821167,48463,48473,10
12.8765497208,80.2269897461,48473,48483,10
12.8764200211,80.2269897461,48483,48493,10
12.8759498596,80.2269973755,48493,48503,10
12.875169754,80.2269363403,48503,48513,10
12.8741502762,80.2268218994,48513,48523,10
12.8726596832,80.2267379761,48523,48543,20
12.8726596832,80.2267379761,48543,48554,11
12.8723201752,80.2267303467,48554,48564,10
12.8715896606,80.2267227173,48564,48574,10
12.8705997467,80.2266387939,48574,48584,10
12.8693599701,80.2265396118,48584,48594,10
12.8678998947,80.2264328003,48594,48604,10
12.866350174,80.2265930176,48604,48614,10
12.8647098541,80.2265930176,48614,48624,10
12.8630599976,80.2265472412,48624,48635,11
12.8609600067,80.2266464233,48635,48655,20
12.8609600067,80.2266464233,48655,48665,10
12.8606901169,80.2266235352,48665,48675,10
12.8600702286,80.2265319824,48675,48685,10
12.8592996597,80.2264099121,48685,48695,10
12.8588600159,80.2263336182,48695,48705,10
12.8582201004,80.2262496948,48705,48716,11
12.8572797775,80.2262802124,48716,48726,10
12.8561601639,80.2263793945,48726,48736,10
12.854809761,80.2265167236,48736,48746,10
12.8532800674,80.2266693115,48746,48756,10
12.8516397476,80.2266387939,48756,48766,10
12.8501996994,80.2266235352,48766,48776,10
12.8497495651,80.2266311646,48776,48786,10
12.8497104645,80.2266311646,48786,48797,11
12.849240303,80.2266235352,48797,48807,10
12.8484201431,80.2266235352,48807,48817,10
12.8473300934,80.2266311646,48817,48827,10
12.8464803696,80.2266464233,48827,48837,10
12.8464002609,80.2266311646,48837,48847,10
12.8461999893,80.2266235352,48847,48857,10
12.845870018,80.2266311646,48857,48867,10
12.8457403183,80.2266387939,48867,48878,11
12.845580101,80.2266387939,48878,48888,10
12.8454999924,80.2266311646,48888,48898,10
12.845410347,80.2265930176,48898,48908,10
12.8450298309,80.2266082764,48908,48918,10
12.8444099426,80.2266464233,48918,48928,10
12.8434896469,80.2267303467,48928,48938,10
12.8422803879,80.2269897461,48938,48948,10
12.8408403397,80.2273864746,48948,48959,11
12.8397598267,80.227722168,48959,48999,40
12.8397598267,80.227722168,48999,49009,10
12.8391304016,80.2278671265,49009,49019,10
12.8383197784,80.2280807495,49019,49029,10
12.8372097015,80.228302002,49029,49040,11
12.8356895447,80.2285308838,49040,49050,10
12.8340997696,80.2287979126,49050,49060,10
12.8326101303,80.229057312,49060,49070,10
12.8317804337,80.2292175293,49070,49080,10
12.8317203522,80.2292098999,49080,49090,10
12.8316602707,80.2291564941,49090,49100,10
12.8316202164,80.2290878296,49100,49110,10
12.8315496445,80.2287826538,49110,49121,11
12.8315296173,80.2286224365,49121,49131,10
12.8314599991,80.2281799316,49131,49141,10
12.8313598633,80.2275695801,49141,49151,10
12.8311700821,80.2266998291,49151,49161,10
12.8310899734,80.2255172729,49161,49171,10
12.8310804367,80.2247161865,49171,49181,10
12.8310604095,80.224357605,49181,49191,10
12.8310403824,80.2238998413,49191,49222,31
12.8310403824,80.2238998413,49222,49232,10
12.8311300278,80.2236862183,49232,49242,10
12.8311100006,80.2231216431,49242,49252,10
12.8310804367,80.2223205566,49252,49262,10
12.8310699463,80.222038269,49262,49272,10
12.8310604095,80.2214431763,49272,49282,10
12.8310699463,80.2205123901,49282,49293,11
12.8310604095,80.2197189331,49293,49303,10
12.8308095932,80.2194671631,49303,49313,10
12.8301000595,80.2194671631,49313,49323,10
12.8290996552,80.2194976807,49323,49333,10
12.827630043,80.2195129395,49333,49374,41
12.827630043,80.2195129395,49374,49384,10
12.8271303177,80.2194366455,49384,49394,10
12.8262796402,80.2194366455,49394,49404,10
12.825920105,80.2194366455,49404,49414,10
12.8252897263,80.2194366455,49414,49424,10
12.8250999451,80.2194366455,49424,49434,10
12.8247098923,80.2194366455,49434,49444,10
12.8239498138,80.2194213867,49444,49455,11
12.822930336,80.2194137573,49455,49465,10
12.8226604462,80.2192993164,49465,49475,10
12.8225898743,80.2189865112,49475,49485,10
12.8226003647,80.2186508179,49485,49495,10
12.8226203918,80.217880249,49495,49505,10
12.8226299286,80.2167205811,49505,49515,10
12.822810173,80.2159423828,49515,49525,10
12.82310009,80.2159576416,49525,49536,11
12.8237800598,80.2159805298,49536,49547,11
12.8243598938,80.2159881592,49547,49556,9
12.8246498108,80.2159805298,49556,49567,11
12.824760437,80.2159805298,49567,49577,10
12.8249101639,80.2159805298,49577,51936,2359
12.8249101639,80.2159805298,51936,51946,10
12.8250703812,80.2160263062,51946,51956,10
12.8255996704,80.2160568237,51956,51966,10
12.825799942,80.2160873413,51966,51977,11
12.8259000778,80.2163314819,51977,51987,10
12.8259096146,80.2168426514,51987,51997,10
12.8259096146,80.2175292969,51997,52007,10
12.8259096146,80.2185211182,52007,52017,10
12.8259096146,80.2192764282,52017,52027,10
12.8261804581,80.2194137573,52027,52037,10
12.8274002075,80.2193832397,52037,52058,21
12.8274002075,80.2193832397,52058,52068,10
12.827580452,80.2193527222,52068,52078,10
12.8281002045,80.219367981,52078,52088,10
12.8289604187,80.2193603516,52088,52098,10
12.8299703598,80.2193908691,52098,52108,10
12.8308296204,80.2194366455,52108,52118,10
12.8311004639,80.219543457,52118,52128,10
12.8311901093,80.2201080322,52128,52139,11
12.8311796188,80.221031189,52139,52149,10
12.8311595917,80.2219009399,52149,52159,10
12.8311595917,80.2221984863,52159,52169,10
12.8311595917,80.2227096558,52169,52179,10
12.8311395645,80.2237319946,52179,52189,10
12.8311300278,80.224571228,52189,52199,10
12.8311300278,80.224861145,52199,52209,10
12.8311195374,80.2255630493,52209,52220,11
12.8311595917,80.2264862061,52220,52230,10
12.8313503265,80.2274703979,52230,52240,10
12.831580162,80.2285766602,52240,52250,10
12.8318901062,80.229133606,52250,52260,10
12.8323602676,80.2289962769,52260,52270,10
12.8325300217,80.2289581299,52270,52280,10
12.8329000473,80.2288894653,52280,52290,10
12.8337202072,80.2287826538,52290,52301,11
12.8350496292,80.228553772,52301,52311,10
12.8366003036,80.2283172607,52311,52321,10
12.8381996155,80.2280426025,52321,52331,10
12.8393201828,80.2277069092,52331,52361,30
12.8394804001,80.2276382446,52361,52392,31
12.8394804001,80.2276382446,52392,52401,9
12.8397397995,80.2276000977,52401,52412,11
12.8402996063,80.2274780273,52412,52422,10
12.8409900665,80.2272872925,52422,52432,10
12.8420095444,80.2269973755,52432,52442,10
12.84333992,80.2267303467,52442,52452,10
12.8455600739,80.2265014648,52452,52493,41
12.8455600739,80.2265014648,52493,52503,10
12.8459100723,80.2264633179,52503,52513,10
12.8466997147,80.2264633179,52513,52523,10
12.8477602005,80.2264785767,52523,52533,10
12.8489904404,80.2264862061,52533,52544,11
12.8500795364,80.2264480591,52544,52594,50
12.8500795364,80.2264480591,52594,52604,10
12.8503303528,80.2264175415,52604,52614,10
12.8509502411,80.2264709473,52614,52625,11
12.8520402908,80.2265472412,52625,52635,10
12.8533697128,80.2266082764,52635,52645,10
12.854929924,80.2264404297,52645,52655,10
12.8565196991,80.2262802124,52655,52665,10
12.8580198288,80.2261428833,52665,52675,10
12.8589696884,80.2261962891,52675,52685,10
12.8601398468,80.2263793945,52685,52695,10
12.8607501984,80.2264633179,52695,52705,10
12.860830307,80.2264785767,52705,52716,11
12.8612098694,80.2265090942,52716,52726,10
12.8620300293,80.2265014648,52726,52736,10
12.8631401062,80.2264709473,52736,52746,10
12.8645401001,80.2265167236,52746,52756,10
12.8659696579,80.2265167236,52756,52766,10
12.866809845,80.2264404297,52766,52776,10
12.8678598404,80.2263565063,52776,52786,10
12.8691396713,80.2264022827,52786,52797,11
12.8706903458,80.2265625,52797,52807,10
12.8720397949,80.2266082764,52807,52817,10
12.872879982,80.226600647,52817,52827,10
12.8729095459,80.2266082764,52827,52837,10
12.8731603622,80.2266235352,52837,52847,10
12.873749733,80.2266464233,52847,52857,10
12.8746404648,80.2267608643,52857,52867,10
12.875749588,80.2268676758,52867,52878,11
12.8763198853,80.2268676758,52878,52888,10
12.8767499924,80.2268218994,52888,52898,10
12.8767700195,80.2268218994,52898,52908,10
12.8768396378,80.2268218994,52908,52918,10
12.8772602081,80.2268295288,52918,52928,10
12.878080368,80.2267608643,52928,52938,10
12.8791704178,80.2266998291,52938,52948,10
12.8805198669,80.2266921997,52948,52959,11
12.8820495605,80.2266769409,52959,52969,10
12.8834600449,80.2266387939,52969,52979,10
12.8847398758,80.2266387939,52979,52989,10
12.885219574,80.2266464233,52989,52999,10
12.885430336,80.2266769409,52999,53009,10
12.8860397339,80.2268295288,53009,53019,10
12.8869695663,80.2270584106,53019,53029,10
12.8881902695,80.2272567749,53029,53040,11
12.8898200989,80.2272796631,53040,53050,10
12.8913497925,80.2272796631,53050,53060,10
12.892370224,80.2273025513,53060,53070,10
12.8938102722,80.2274780273,53070,53080,10
12.8952102661,80.2275619507,53080,53090,10
12.8967599869,80.2276382446,53090,53100,10
12.8981304169,80.227722168,53100,53110,10
12.8993501663,80.2277908325,53110,53121,11
12.900270462,80.2277908325,53121,53131,10
12.9005498886,80.2277984619,53131,53141,10
12.9009895325,80.2278518677,53141,53151,10
12.9015398026,80.227897644,53151,53161,10
12.9021997452,80.2279434204,53161,53171,10
12.9029102325,80.2279205322,53171,53191,20
12.9029102325,80.2279205322,53191,53202,11
12.9033203125,80.2279434204,53202,53212,10
12.9040803909,80.2280197144,53212,53222,10
12.9050798416,80.2280578613,53222,53232,10
12.9056396484,80.2280807495,53232,53242,10
12.9059801102,80.2281417847,53242,53252,10
12.9062995911,80.2281570435,53252,53262,10
12.90666008,80.2281723022,53262,53272,10
12.9068803787,80.2282028198,53272,53283,11
12.9075202942,80.2282714844,53283,53293,10
12.9084501266,80.2284088135,53293,53303,10
12.9097003937,80.2286376953,53303,53313,10
12.9111995697,80.2288589478,53313,53323,10
12.9126195908,80.229057312,53323,53333,10
12.9135904312,80.2291717529,53333,53353,20
12.9135904312,80.2291717529,53353,53364,11
12.9138402939,80.2292633057,53364,53374,10
12.9145298004,80.2293624878,53374,53384,10
12.9155397415,80.2294769287,53384,53394,10
12.91685009,80.2296524048,53394,53404,10
12.9183397293,80.2298583984,53404,53414,10
12.919500351,80.2299880981,53414,53424,10
12.9205303192,80.230140686,53424,53434,10
12.9217195511,80.2303009033,53434,53445,11
12.9233598709,80.2305526733,53445,53455,10
12.9249801636,80.230758667,53455,53465,10
12.9263601303,80.2309036255,53465,53475,10
12.9266500473,80.2309188843,53475,53485,10
12.9268598557,80.2309417725,53485,53495,10
12.927479744,80.2310180664,53495,53505,10
12.9283599854,80.2311325073,53505,53515,10
12.928730011,80.2311782837,53515,53526,11
12.9293498993,80.2313232422,53526,53536,10
12.9301996231,80.2315216064,53536,53546,10
12.9313497543,80.231880188,53546,53556,10
12.9326601028,80.2322998047,53556,53566,10
12.9336795807,80.2326889038,53566,53576,10
12.9337596893,80.2327423096,53576,53586,10
12.9339599609,80.2328414917,53586,53596,10
12.9345502853,80.2331237793,53596,53606,10
12.9353904724,80.2335205078,53606,53617,11
12.9357795715,80.2337265015,53617,53627,10
12.9361095428,80.2338790894,53627,53637,10
12.9368095398,80.2342071533,53637,53647,10
12.9378099442,80.234703064,53647,53657,10
12.9390897751,80.2353363037,53657,53667,10
12.9398498535,80.2356796265,53667,53677,10
12.9398803711,80.2357025146,53677,53687,10
12.9401397705,80.2358322144,53687,53698,11
12.9408502579,80.2360076904,53698,53708,10
12.9418096542,80.2362518311,53708,53718,10
12.9429998398,80.2367095947,53718,53728,10
12.9439897537,80.2376403809,53728,53738,10
12.9450302124,80.2387619019,53738,53748,10
12.9458599091,80.2393798828,53748,53758,10
12.9471197128,80.2398605347,53758,53768,10
12.9473104477,80.2399215698,53768,53779,11
12.9475097656,80.2400131226,53779,53789,10
12.9480695724,80.2402420044,53789,53799,10
12.9486198425,80.2404632568,53799,53819,20
12.9486198425,80.2404632568,53819,53829,10
12.9487800598,80.2405319214,53829,53839,10
12.9492998123,80.2407608032,53839,53849,10
12.9501304626,80.2410202026,53849,53860,11
12.9509096146,80.2412719727,53860,53870,10
12.9510803223,80.241317749,53870,53880,10
12.9515695572,80.2414779663,53880,53890,10
12.9524002075,80.2417678833,53890,53900,10
12.9534902573,80.2422103882,53900,53910,10
12.9542398453,80.2425079346,53910,53920,10
12.9552698135,80.2429199219,53920,53930,10
12.9563798904,80.2432632446,53930,53951,21
12.9563798904,80.2432632446,53951,53961,10
12.956580162,80.2433166504,53961,53971,10
12.957110405,80.243598938,53971,53981,10
12.9579200745,80.2439575195,53981,53991,10
12.9587497711,80.2443237305,53991,54001,10
12.9588699341,80.2443466187,54001,54011,10
12.9591903687,80.2445220947,54011,54022,11
12.9599199295,80.2448806763,54022,54032,10
12.9608802795,80.2453384399,54032,54042,10
12.9620599747,80.2459030151,54042,54052,10
12.9629001617,80.2462997437,54052,54062,10
12.9630002975,80.246383667,54062,54072,10
12.9631099701,80.2464294434,54072,54082,10
12.9635400772,80.2466430664,54082,54092,10
12.96434021,80.2469329834,54092,54103,11
12.9653701782,80.2472763062,54103,54113,10
12.9662799835,80.2475891113,54113,54123,10
12.9667901993,80.247833252,54123,54153,30
12.9667901993,80.247833252,54153,54163,10
12.9669599533,80.2479782104,54163,54173,10
12.96737957,80.2482223511,54173,54184,11
12.9682998657,80.2486190796,54184,54194,10
12.9693803787,80.2490081787,54194,54204,10
12.9706401825,80.2494888306,54204,54214,10
12.9719200134,80.2498397827,54214,54224,10
12.9730997086,80.2501525879,54224,54234,10
12.9741697311,80.2504272461,54234,54244,10
12.9752502441,80.2507324219,54244,54254,10
12.9763803482,80.2510528564,54254,54265,11
12.9775495529,80.2515563965,54265,54275,10
12.978269577,80.2521209717,54275,54295,20
12.978269577,80.2521209717,54295,54305,10
12.9784202576,80.252243042,54305,54315,10
12.978969574,80.2524795532,54315,54325,10
12.9799098969,80.2526016235,54325,54335,10
12.980919838,80.2525787354,54335,54346,11
12.9819698334,80.2525405884,54346,54356,10
12.9832201004,80.2524719238,54356,54366,10
12.9844999313,80.252166748,54366,54376,10
12.9856004715,80.2518463135,54376,54386,10
12.9864997864,80.2516403198,54386,54396,10
12.9869203568,80.2515182495,54396,54477,81
12.9869203568,80.2515182495,54477,54487,10
12.9872598648,80.2514190674,54487,54497,10
12.9877004623,80.2512893677,54497,54508,11
12.9884395599,80.251121521,54508,54518,10
12.9893798828,80.2508621216,54518,54528,10
12.9895601273,80.250831604,54528,54538,10
12.9896202087,80.2508621216,54538,54548,10
12.9899597168,80.2508010864,54548,54558,10
12.9906797409,80.2506637573,54558,54568,10
12.9916601181,80.2503967285,54568,54578,10
12.9928398132,80.2500991821,54578,54589,11
12.9941596985,80.2497406006,54589,54599,10
12.9954795837,80.2494125366,54599,54609,10
12.9965400696,80.2490997314,54609,54619,10
12.9967002869,80.2490997314,54619,54629,10
12.9970598221,80.2489929199,54629,54639,10
12.9977998734,80.2488174438,54639,54649,10
12.9988203049,80.2485809326,54649,54659,10
13.000120163,80.2482681274,54659,54670,11
13.0015897751,80.2478790283,54670,54680,10
13.0025396347,80.2476577759,54680,54690,10
13.0036201477,80.247467041,54690,54700,10
13.0047197342,80.2473220825,54700,54710,10
13.0056400299,80.2471008301,54710,54720,10
13.006480217,80.2464370728,54720,54740,20
13.006480217,80.2464370728,54740,54750,10
13.0065202713,80.2462615967,54750,54761,11
13.0065698624,80.24559021,54761,54771,10
13.0065498352,80.2448883057,54771,54781,10
13.0066795349,80.2443695068,54781,54791,10
13.0066404343,80.2438430786,54791,54801,10
13.0066003799,80.2434005737,54801,54811,10
13.0065803528,80.2427902222,54811,54821,10
13.0065803528,80.2419128418,54821,54831,10
13.0066404343,80.2409210205,54831,54842,11
13.0068597794,80.2397003174,54842,54852,10
13.0070400238,80.2387313843,54852,54862,10
13.0071897507,80.2379989624,54862,54872,10
13.0073204041,80.2373428345,54872,54882,10
13.0073900223,80.2367782593,54882,54892,10
13.007399559,80.2367095947,54892,54902,10
13.0074195862,80.2366333008,54902,54912,10
13.007519722,80.2362670898,54912,54923,11
13.0076704025,80.2355270386,54923,54933,10
13.0077800751,80.2350006104,54933,54943,10
13.007900238,80.2343673706,54943,54953,10
13.0081100464,80.2334213257,54953,54963,10
13.0083198547,80.2323226929,54963,54973,10
13.0085296631,80.2311706543,54973,54982,9
13.0087299347,80.2301635742,54982,54993,11
13.0089797974,80.2289123535,54993,55004,11
13.0093002319,80.2277908325,55004,55014,10
13.0098104477,80.2266998291,55014,55024,10
13.0102796555,80.2257080078,55024,55034,10
13.0104703903,80.2253112793,55034,55044,10
13.0105695724,80.2250823975,55044,55054,10
13.0108003616,80.2246398926,55054,55064,10
13.0111398697,80.2241821289,55064,55074,10
13.0111999512,80.2238006592,55074,55085,11
13.0114097595,80.2231826782,55085,55095,10
13.0117902756,80.2225112915,55095,55105,10
13.0121803284,80.2216796875,55105,55115,10
13.0124502182,80.2217712402,55115,55125,10
13.0129098892,80.2223434448,55125,55135,10
13.0133895874,80.2227935791,55135,55145,10
13.0138301849,80.2233200073,55145,55155,10
13.014380455,80.2239303589,55155,55166,11
13.0150499344,80.2246398926,55166,55186,20
13.0150499344,80.2246398926,55186,55196,10
13.015250206,80.2248382568,55196,55206,10
13.0155296326,80.2250289917,55206,55216,10
13.0156402588,80.2251205444,55216,55226,10
13.0161104202,80.2252807617,55226,55236,10
13.0167703629,80.2251434326,55236,55247,11
13.0176801682,80.2248001099,55247,55257,10
13.018529892,80.2244567871,55257,55267,10
13.0195102692,80.2243499756,55267,55287,20
13.0195102692,80.2243499756,55287,55297,10
13.0195798874,80.2244796753,55297,55307,10
13.0199098587,80.2246932983,55307,55317,10
13.0203399658,80.2250366211,55317,55328,11
13.020939827,80.225479126,55328,55338,10
13.0214500427,80.2258529663,55338,55348,10
13.0218000412,80.2261123657,55348,55358,10
13.0222196579,80.2264709473,55358,55368,10
13.0228595734,80.2269668579,55368,55378,10
13.0235204697,80.2275619507,55378,55388,10
13.0240602493,80.2280807495,55388,55398,10
13.0243396759,80.2283401489,55398,55449,51
13.0243396759,80.2283401489,55449,55459,10
13.0243797302,80.2286224365,55459,55469,10
13.0241098404,80.2284622192,55469,55479,10
13.0239801407,80.2282562256,55479,55490,11
13.0237703323,80.2279968262,55490,55500,10
13.0235500336,80.2278213501,55500,55510,10
13.0234003067,80.2276763916,55510,55824,314
13.0232801437,80.2274398804,55824,56117,293
13.0232801437,80.2274398804,56117,56127,10
13.0232200623,80.2275085449,56127,56138,11
13.023059845,80.2273330688,56138,56148,10
13.0227298737,80.2270126343,56148,56158,10
13.0222597122,80.2265625,56158,56168,10
13.0216798782,80.2260818481,56168,56178,10
13.021030426,80.2255630493,56178,56188,10
13.0203399658,80.2250595093,56188,56198,10
13.0198402405,80.2247085571,56198,56219,21
13.0198402405,80.2247085571,56219,56229,10
13.0197496414,80.2246627808,56229,56239,10
13.0192203522,80.2244567871,56239,56249,10
13.0183200836,80.224647522,56249,56259,10
13.0171804428,80.225112915,56259,56269,10
13.0164604187,80.225440979,56269,56279,10
13.0161895752,80.2255706787,56279,56289,10
13.0159397125,80.2256622314,56289,56300,11
13.0152797699,80.2258911133,56300,56310,10
13.0146102905,80.2261505127,56310,56320,10
13.0141000748,80.2264175415,56320,56330,10
13.0140895844,80.2264328003,56330,56340,10
13.0138397217,80.2265014648,56340,56350,10
13.0133800507,80.2266616821,56350,56360,10
13.0125598907,80.2269592285,56360,56370,10
13.0114297867,80.2273788452,56370,56381,11
13.0100803375,80.2279510498,56381,56391,10
13.0091400146,80.2285614014,56391,56401,10
13.0089197159,80.2296829224,56401,56411,10
13.0087003708,80.2309417725,56411,56421,10
13.008480072,80.2321624756,56421,56431,10
13.0082798004,80.2332382202,56431,56441,10
13.0082302094,80.233581543,56441,56451,10
13.0082197189,80.2336196899,56451,56461,10
13.0081596375,80.23387146,56461,56472,11
13.008020401,80.2344970703,56472,56482,10
13.0078296661,80.2354202271,56482,56492,10
13.007610321,80.2365493774,56492,56502,10
13.0073604584,80.2376785278,56502,56512,10
13.0072002411,80.2384262085,56512,56522,10
13.0069999695,80.2395477295,56522,56532,10
13.0068397522,80.2403717041,56532,56542,10
13.0067195892,80.2411270142,56542,56553,11
13.0066604614,80.2420578003,56553,56563,10
13.0066900253,80.243019104,56563,56573,10
13.0067901611,80.2438201904,56573,56583,10
13.0067901611,80.2446670532,56583,56593,10
13.0068101883,80.2454681396,56593,56603,10
13.0068302155,80.2462692261,56603,56613,10
13.0068302155,80.2471618652,56613,56623,10
13.0063295364,80.2474365234,56623,56634,11
13.0061597824,80.247428894,56634,56644,10
13.0060100555,80.2474212646,56644,56654,10
13.0054798126,80.2473907471,56654,56664,10
13.0045900345,80.2474136353,56664,56674,10
13.0033903122,80.2475585938,56674,56684,10
13.0022697449,80.2478027344,56684,56694,10
13.0011100769,80.2480773926,56694,56704,10
12.9996595383,80.2484436035,56704,56715,11
12.9982099533,80.2488632202,56715,56725,10
12.9979200363,80.2489318848,56725,56735,10
12.9973802567,80.2490234375,56735,56745,10
12.9964704514,80.2492599487,56745,56755,10
12.9952402115,80.2496032715,56755,56765,10
12.9937095642,80.2499923706,56765,56775,10
12.992099762,80.2503662109,56775,56785,10
12.9911699295,80.2506408691,56785,56796,11
12.9910497665,80.2506790161,56796,56806,10
12.9905099869,80.2508010864,56806,56816,10
12.9896202087,80.2510223389,56816,56826,10
12.9884796143,80.2513275146,56826,57008,182
12.9884796143,80.2513275146,57008,57018,10
12.9882202148,80.2513122559,57018,57160,142
12.9882202148,80.2513122559,57160,57170,10
12.9879903793,80.2513580322,57170,57180,10
12.9875602722,80.2514724731,57180,57190,10
12.9868497849,80.2516937256,57190,57201,11
12.9863395691,80.2518386841,57201,57211,10
12.9858703613,80.251953125,57211,57221,10
12.985039711,80.2521820068,57221,57231,10
12.9838695526,80.2524795532,57231,57241,10
12.9825296402,80.2527008057,57241,57251,10
12.9809999466,80.2527694702,57251,57282,31
12.9809999466,80.2527694702,57282,57292,10
12.9806404114,80.2527923584,57292,57312,20
12.9806404114,80.2527923584,57312,57322,10
12.9804201126,80.2527999878,57322,57332,10
12.9800195694,80.2528076172,57332,57342,10
12.9795598984,80.2527236938,57342,57352,10
12.9787597656,80.2526016235,57352,57362,10
12.9784402847,80.2524871826,57362,57373,11
12.9779701233,80.2521286011,57373,57383,10
12.9772195816,80.2515182495,57383,57393,10
12.9761800766,80.251121521,57393,57403,10
12.974820137,80.2507171631,57403,57413,10
12.9733495712,80.250328064,57413,57423,10
12.9718904495,80.249961853,57423,57433,10
12.970410347,80.2495193481,57433,57443,10
12.9690999985,80.2490005493,57443,57454,11
12.9676799774,80.2484283447,57454,57464,10
12.9667396545,80.2480010986,57464,57474,10
12.9659900665,80.2476577759,57474,57484,10
12.9652795792,80.2473907471,57484,57494,10
12.9652500153,80.2473678589,57494,57504,10
12.9649600983,80.2472229004,57504,57514,10
12.9644298553,80.2470169067,57514,57524,10
12.9638795853,80.2468109131,57524,57535,11
12.963470459,80.2466583252,57535,57545,10
12.9627199173,80.2462921143,57545,57555,10
12.9618997574,80.2459030151,57555,57565,10
12.9610900879,80.2455215454,57565,57575,10
12.9603004456,80.2451705933,57575,57585,10
12.9593601227,80.244758606,57585,57595,10
12.9592599869,80.244720459,57595,57605,10
12.9587802887,80.2445068359,57605,57616,11
12.9578895569,80.244140625,57616,57626,10
12.9571399689,80.243850708,57626,57636,10
12.9568195343,80.2437286377,57636,57798,162
12.956489563,80.2436065674,57798,57838,40
12.956489563,80.2436065674,57838,57848,10
12.9561395645,80.2434997559,57848,57859,11
12.9553804398,80.2431182861,57859,57869,10
12.9543504715,80.2426605225,57869,57879,10
12.953209877,80.2421875,57879,57889,10
12.9519901276,80.2417221069,57889,57899,10
12.951499939,80.2415924072,57899,57909,10
12.9511499405,80.2414703369,57909,57919,10
12.9504699707,80.2412414551,57919,57929,10
12.9494600296,80.2409515381,57929,57940,11
12.948559761,80.2406005859,57940,57950,10
12.9475898743,80.2402191162,57950,57960,10
12.9473199844,80.2401199341,57960,57970,10
12.947019577,80.239982605,57970,57980,10
12.9463396072,80.2396774292,57980,57990,10
12.9454803467,80.2392730713,57990,58000,10
12.9446697235,80.2386016846,58000,58010,10
12.9439201355,80.23777771,58010,58021,11
12.9430398941,80.2368774414,58021,58031,10
12.9418697357,80.236328125,58031,58041,10
12.9406204224,80.2360076904,58041,58051,10
12.9395198822,80.2356796265,58051,58061,10
12.9392299652,80.2355499268,58061,58071,10
12.9391098022,80.2354888916,58071,58081,10
12.9385404587,80.2351837158,58081,58091,10
12.9376001358,80.2347183228,58091,58102,11
12.9363098145,80.234046936,58102,58112,10
12.9356203079,80.2337036133,58112,58122,10
12.9347000122,80.2332992554,58122,58132,10
12.9337797165,80.2329177856,58132,58142,10
12.9337596893,80.2329025269,58142,58152,10
12.9335203171,80.2327804565,58152,58162,10
12.932800293,80.2324829102,58162,58172,10
12.9317598343,80.2321090698,58172,58183,11
12.9303302765,80.2316207886,58183,58193,10
12.9291000366,80.2313766479,58193,58203,10
12.9279899597,80.2312011719,58203,58213,10
12.9265699387,80.2310180664,58213,58223,10
12.9251298904,80.2308807373,58223,58233,10
12.923620224,80.2306976318,58233,58243,10
12.9222297668,80.2304916382,58243,58253,10
12.9207696915,80.2302780151,58253,58263,10
12.9189100266,80.2300491333,58263,58274,11
12.9173803329,80.229850769,58274,58284,10
12.9158697128,80.229637146,58284,58294,10
12.9143104553,80.2294235229,58294,58304,10
12.9134397507,80.229347229,58304,58314,10
12.9132995605,80.2293395996,58314,58324,10
12.9128303528,80.2292480469,58324,58334,10
12.9119100571,80.2290725708,58334,58344,10
12.9105997086,80.2288894653,58344,58355,11
12.9089202881,80.2286071777,58355,58365,10
12.9068002701,80.2283172607,58365,58456,91
12.9068002701,80.2283172607,58456,58466,10
12.9064397812,80.2282409668,58466,58476,10
12.9056797028,80.2282028198,58476,58486,10
12.9045000076,80.2281188965,58486,58496,10
12.903169632,80.2280578613,58496,58506,10
12.9019298553,80.2279968262,58506,58517,11
12.9011602402,80.2279891968,58517,58537,20
12.9011602402,80.2279891968,58537,58547,10
12.9010095596,80.2279815674,58547,58557,10
12.9005403519,80.2279129028,58557,58567,10
12.8999795914,80.2278823853,58567,58577,10
12.8993396759,80.2278671265,58577,58598,21
12.8993396759,80.2278671265,58598,58608,10
12.8990297318,80.2278366089,58608,58618,10
12.8983097076,80.2277984619,58618,58628,10
12.8972396851,80.2277374268,58628,58638,10
12.8958702087,80.2276611328,58638,58648,10
12.8944301605,80.2276229858,58648,58658,10
12.8930101395,80.2274780273,58658,58668,10
12.8924798965,80.2274169922,58668,58679,11
12.891960144,80.2273635864,58679,58689,10
12.8910303116,80.2273406982,58689,58699,10
12.889749527,80.2273406982,58699,58709,10
12.888420105,80.2273178101,58709,58719,10
12.8868598938,80.2271194458,58719,58729,10
12.8852701187,80.2267684937,58729,58739,10
12.8847198486,80.2267227173,58739,58749,10
12.8846101761,80.2266998291,58749,58760,11
12.8838996887,80.2266921997,58760,58770,10
12.882809639,80.2266769409,58770,58780,10
12.8813295364,80.2266769409,58780,58790,10
12.8796195984,80.2266998291,58790,58800,10
12.8779602051,80.2267913818,58800,58810,10
12.8767404556,80.2269134521,58810,58820,10
12.8763504028,80.2269592285,58820,58830,10
12.8761701584,80.2269668579,58830,58841,11
12.8754501343,80.2269363403,58841,58851,10
12.8743495941,80.2268066406,58851,58861,10
12.8726301193,80.2267303467,58861,58881,20
12.8726301193,80.2267303467,58881,58891,10
12.872420311,80.2267303467,58891,58901,10
12.871720314,80.2266998291,58901,58911,10
12.8706502914,80.2266235352,58911,58922,11
12.8690795898,80.2264633179,58922,58932,10
12.8675098419,80.2264480591,58932,58942,10
12.8660497665,80.2265777588,58942,58952,10
12.8644399643,80.2265701294,58952,58962,10
12.8629398346,80.2265396118,58962,58972,10
12.861700058,80.2266235352,58972,58982,10
12.8610401154,80.2266311646,58982,58992,10
12.8608598709,80.2265777588,58992,59002,10
12.860159874,80.2264785767,59002,59013,11
12.8589601517,80.2263412476,59013,59023,10
12.8576002121,80.2262420654,59023,59033,10
12.8560495377,80.2263793945,59033,59043,10
12.8543901443,80.2265625,59043,59053,10
12.8527603149,80.2266998291,59053,59063,10
12.8511896133,80.2266464233,59063,59073,10
12.8501396179,80.2266464233,59073,59083,10
12.8498802185,80.2266616821,59083,59094,11
12.8495597839,80.2266616821,59094,59104,10
12.8487796783,80.2266387939,59104,59114,10
12.8475599289,80.2266387939,59114,59124,10
12.8463401794,80.2266616821,59124,59134,10
12.8460302353,80.2266464233,59134,59144,10
12.8456201553,80.2266616821,59144,59154,10
12.8455600739,80.2266693115,59154,59164,10
12.8453702927,80.2266693115,59164,59175,11
12.8447704315,80.2266998291,59175,59185,10
12.8440504074,80.2267608643,59185,59195,10
12.8432102203,80.2268600464,59195,59205,10
12.8422803879,80.2270278931,59205,59215,10
12.8412303925,80.2272796631,59215,59225,10
12.8402500153,80.2275619507,59225,59235,10
12.8397502899,80.2276992798,59235,59245,10
12.839630127,80.2277526855,59245,59256,11
12.8391895294,80.2278518677,59256,59266,10
12.8383703232,80.2280426025,59266,59276,10
12.8371696472,80.2282791138,59276,59286,10
12.8357200623,80.2285003662,59286,59296,10
12.83411026,80.228767395,59296,59306,10
12.8325796127,80.229057312,59306,59316,10
12.8317098618,80.2292327881,59316,59326,10
12.8315200806,80.2288284302,59326,59347,21
12.8315200806,80.2288284302,59347,59357,10
12.8314800262,80.2286224365,59357,59367,10
12.8313903809,80.2282180786,59367,59377,10
12.8312597275,80.2274703979,59377,59387,10
12.8310604095,80.2265014648,59387,59397,10
12.8310003281,80.2254104614,59397,59409,12
12.8310003281,80.2246704102,59409,59420,11
12.8310203552,80.2240219116,59420,59430,10
12.831029892,80.2230606079,59430,59440,10
12.8310203552,80.2221984863,59440,59450,10
12.831029892,80.2218399048,59450,59460,10
12.8310699463,80.2208099365,59460,59470,10
12.8310804367,80.2200698853,59470,59480,10
12.8310403824,80.2195968628,59480,59490,10
12.8305702209,80.2194366455,59490,59501,11
12.8294897079,80.2194595337,59501,59511,10
12.8282499313,80.2194595337,59511,59521,10
12.8275899887,80.2194671631,59521,59531,10
12.8273200989,80.2194900513,59531,59541,10
12.8272800446,80.2194824219,59541,59551,10
12.8268404007,80.2194900513,59551,59561,10
12.8262500763,80.2194824219,59561,59571,10
12.8260698318,80.2194671631,59571,59582,11
12.8258199692,80.2192764282,59582,59592,10
12.8258199692,80.2191009521,59592,59602,10
12.8258399963,80.2185211182,59602,59612,10
12.8258600235,80.2176971436,59612,59622,10
12.8258600235,80.2168884277,59622,59632,10
12.8258495331,80.2163085938,59632,59642,10
12.8258104324,80.2160797119,59642,59652,10
12.8255395889,80.2160110474,59652,59663,11
12.8250598907,80.2159805298,59663,60219,556
12.8249797821,80.2160110474,60219,60685,466
12.8249797821,80.2160110474,60685,60695,10
12.8250303268,80.2160415649,60695,60705,10
12.8246803284,80.2160797119,60705,60716,11
12.824640274,80.2160797119,60716,60726,10
12.8244695663,80.2160873413,60726,60736,10
12.8240003586,80.2160568237,60736,60746,10
12.8232603073,80.2160568237,60746,60756,10
12.8227996826,80.2160568237,60756,60766,10
12.8226604462,80.2163772583,60766,60776,10
12.8226804733,80.2171173096,60776,60786,10
12.8226900101,80.2180099487,60786,60797,11
12.8226900101,80.2191390991,60797,60807,10
12.822719574,80.2194290161,60807,60817,10
12.8227300644,80.2194519043,60817,60827,10
12.8229398727,80.2194824219,60827,60837,10
12.8236103058,80.2194824219,60837,60847,10
12.8245601654,80.2194824219,60847,60857,10
12.8253602982,80.2194976807,60857,60867,10
12.8255701065,80.2194976807,60867,60878,11
12.8255796432,80.2195129395,60878,60888,10
12.8259496689,80.2194976807,60888,60898,10
12.8266401291,80.2195129395,60898,60908,10
12.8273096085,80.2194976807,60908,60919,11
12.827580452,80.2194900513,60919,60949,30
12.827580452,80.2194900513,60949,60960,11
12.8280601501,80.2195129395,60960,60970,10
12.8288402557,80.2195205688,60970,60980,10
12.8298597336,80.2195205688,60980,60990,10
12.8306903839,80.2194976807,60990,61000,10
12.8308801651,80.2195205688,61000,61010,10
12.8311796188,80.2197570801,61010,61020,10
12.8311901093,80.2205429077,61020,61030,10
12.8311500549,80.2214813232,61030,61041,11
12.8311901093,80.22215271,61041,61051,10
12.8311700821,80.2225036621,61051,61061,10
12.8311595917,80.2231826782,61061,61071,10
12.8311300278,80.2239608765,61071,61081,10
12.8311300278,80.224571228,61081,61091,10
12.8311195374,80.224899292,61091,61101,10
12.8311195374,80.2255706787,61101,61111,10
12.8311595917,80.2265472412,61111,61122,11
12.8314304352,80.2277069092,61122,61132,10
12.831580162,80.2285232544,61132,61142,10
12.8316202164,80.2286605835,61142,61152,10
12.8316297531,80.2287979126,61152,61162,10
12.8319101334,80.2291488647,61162,61172,10
12.8326702118,80.2289962769,61172,61182,10
12.8338098526,80.2287979126,61182,61192,10
12.8351602554,80.2285919189,61192,61202,10
12.8365697861,80.2283935547,61202,61213,11
12.8378601074,80.2281723022,61213,61223,10
12.838809967,80.2279205322,61223,61263,40
12.838809967,80.2279205322,61263,61273,10
12.8391504288,80.2278671265,61273,61344,71
12.8391504288,80.2278671265,61344,61354,10
12.8395004272,80.2277832031,61354,61364,10
12.8395500183,80.227722168,61364,61375,11
12.8399600983,80.2276306152,61375,61385,10
12.8406896591,80.2274169922,61385,61395,10
12.8414897919,80.2272109985,61395,61405,10
12.8424701691,80.2269515991,61405,61415,10
12.8436403275,80.2267608643,61415,61425,10
12.8450498581,80.2266235352,61425,61435,10
12.8453598022,80.226600647,61435,61445,10
12.8454704285,80.2265777588,61445,61456,11
12.8458003998,80.2265625,61456,61466,10
12.8461704254,80.2265777588,61466,61476,10
12.8467197418,80.2265701294,61476,61486,10
12.8474302292,80.2265777588,61486,61496,10
12.8482303619,80.2265701294,61496,61506,10
12.849149704,80.2265472412,61506,61516,10
12.8498497009,80.2265396118,61516,61526,10
12.8498601913,80.2265396118,61526,61537,11
12.8500003815,80.2265625,61537,61547,10
12.8504400253,80.2265930176,61547,61557,10
12.8513097763,80.2266387939,61557,61567,10
12.8524999619,80.2266921997,61567,61577,10
12.8537502289,80.2266311646,61577,61587,10
12.855219841,80.2265014648,61587,61597,10
12.8568601608,80.2263412476,61597,61607,10
12.8580198288,80.2262268066,61607,61618,11
12.8583803177,80.2262268066,61618,61628,10
12.8590803146,80.2263336182,61628,61638,10
12.860159874,80.2264785767,61638,61648,10
12.8608703613,80.2265396118,61648,61658,10
12.8614397049,80.2265625,61658,61668,10
12.8622903824,80.2265472412,61668,61678,10
12.8633098602,80.2265319824,61678,61688,10
12.8645601273,80.2265625,61688,61699,11
12.8661699295,80.2265625,61699,61709,10
12.8674201965,80.2264633179,61709,61719,10
12.8685703278,80.2264022827,61719,61729,10
12.8700304031,80.2265625,61729,61739,10
12.8715896606,80.2266693115,61739,61749,10
12.8727998734,80.2266616821,61749,61759,10
12.8729200363,80.2266616821,61759,61769,10
12.8732500076,80.2266693115,61769,61780,11
12.8739299774,80.2267227173,61780,61790,10
12.8751096725,80.2269134521,61790,61800,10
12.8761796951,80.2269515991,61800,61810,10
12.8766803741,80.2269210815,61810,61820,10
12.8773403168,80.2268981934,61820,61830,10
12.878370285,80.2268218994,61830,61840,10
12.8797597885,80.2267608643,61840,61850,10
12.881360054,80.2267379761,61850,61861,11
12.883020401,80.2267227173,61861,61871,10
12.8844003677,80.2266921997,61871,61881,10
12.8852300644,80.2266769409,61881,61891,10
12.8853597641,80.2266998291,61891,61901,10
12.885890007,80.2268218994,61901,61911,10
12.8867902756,80.2270584106,61911,61921,10
12.8880300522,80.2272796631,61921,61931,10
12.8895397186,80.2273483276,61931,61941,10
12.8911399841,80.2273483276,61941,61952,11
12.8922996521,80.2273178101,61952,61962,10
12.8925695419,80.2273406982,61962,61972,10
12.892999649,80.2274169922,61972,61982,10
12.8938102722,80.2275390625,61982,61992,10
12.8948802948,80.2276229858,61992,62002,10
12.8960504532,80.2276763916,62002,62012,10
12.8971996307,80.2276916504,62012,62022,10
12.898349762,80.2277526855,62022,62033,11
12.8993597031,80.2278366089,62033,62043,10
12.9000797272,80.2278366089,62043,62053,10
12.9008102417,80.2278900146,62053,62134,81
12.9008102417,80.2278900146,62134,62144,10
12.9008302689,80.2279434204,62144,62154,10
12.9012403488,80.2279815674,62154,62164,10
12.9019403458,80.228012085,62164,62174,10
12.9030504227,80.228012085,62174,62195,21
12.9030504227,80.228012085,62195,62205,10
12.9033603668,80.2280197144,62205,62215,10
12.9039001465,80.2280731201,62215,62225,10
12.9045000076,80.2281417847,62225,62235,10
12.9051303864,80.2281799316,62235,62245,10
12.9058103561,80.2282180786,62245,62276,31
12.9058103561,80.2282180786,62276,62286,10
12.9061002731,80.2282333374,62286,62296,10
12.9063796997,80.2282409668,62296,62306,10
12.9068803787,80.2282791138,62306,62316,10
12.9070501328,80.2282791138,62316,62326,10
12.9072599411,80.2283096313,62326,62336,10
12.9079198837,80.2284088135,62336,62346,10
12.9089698792,80.2285766602,62346,62357,11
12.910320282,80.2288131714,62357,62367,10
12.9116001129,80.2290115356,62367,62377,10
12.9127101898,80.2291488647,62377,62387,10
12.9137802124,80.2292785645,62387,62397,10
12.9140501022,80.2293167114,62397,62407,10
12.9140901566,80.2293319702,62407,62417,10
12.9145698547,80.2294311523,62417,62427,10
12.9154701233,80.2295837402,62427,62438,11
12.9168596268,80.2297515869,62438,62448,10
12.9181804657,80.2299499512,62448,62458,10
12.9196500778,80.230140686,62458,62468,10
12.9211196899,80.2303009033,62468,62478,10
12.9224300385,80.2304992676,62478,62488,10
12.9237804413,80.230682373,62488,62498,10
12.9250297546,80.2308273315,62498,62508,10
12.926150322,80.2309494019,62508,62519,11
12.9273395538,80.2311019897,62519,62529,10
12.9287004471,80.231262207,62529,62549,20
12.9287004471,80.231262207,62549,62559,10
12.9290399551,80.2313308716,62559,62569,10
12.9297504425,80.2314834595,62569,62579,10
12.9307603836,80.2317504883,62579,62589,10
12.9320297241,80.2321472168,62589,62600,11
12.9333696365,80.2326507568,62600,62610,10
12.9336500168,80.2327575684,62610,62620,10
12.933839798,80.2328720093,62620,62630,10
12.9344301224,80.2331314087,62630,62640,10
12.9351596832,80.2334213257,62640,62650,10
12.9355401993,80.2336120605,62650,62660,10
12.935549736,80.2336196899,62660,62670,10
12.9356803894,80.2337036133,62670,62681,11
12.9361600876,80.2339324951,62681,62691,10
12.9366798401,80.2341766357,62691,62701,10
12.937379837,80.2345199585,62701,62711,10
12.9384002686,80.2350234985,62711,62721,10
12.9395599365,80.2355804443,62721,62741,20
12.9395599365,80.2355804443,62741,62751,10
12.9398002625,80.2356872559,62751,62762,11
12.9404296875,80.2359237671,62762,62772,10
12.9412002563,80.2361068726,62772,62782,10
12.9420995712,80.236328125,62782,62792,10
12.9430198669,80.2367477417,62792,62802,10
12.9438695908,80.2375488281,62802,62812,10
12.9448099136,80.2385787964,62812,62822,10
12.9457902908,80.2393722534,62822,62832,10
12.9468603134,80.2398071289,62832,62843,11
12.9473600388,80.2399978638,62843,62853,10
12.947429657,80.240020752,62853,62863,10
12.9478902817,80.2402191162,62863,62873,10
12.9486503601,80.2405166626,62873,62883,10
12.9492998123,80.2408065796,62883,62893,10
12.9501104355,80.2410430908,62893,62903,10
12.9507799149,80.2412490845,62903,62913,10
12.9511404037,80.2413787842,62913,62924,11
12.951379776,80.2414932251,62924,62934,10
12.9520597458,80.2417602539,62934,62944,10
12.9529695511,80.2420806885,62944,62954,10
12.9535799026,80.2423019409,62954,62964,10
12.9540996552,80.2425384521,62964,62973,9
12.9548196793,80.2428283691,62973,62984,11
12.9554100037,80.2430877686,62984,62994,10
12.9558401108,80.2432479858,62994,63015,21
12.9558401108,80.2432479858,63015,63025,10
12.9559698105,80.2433166504,63025,63035,10
12.9562301636,80.2434234619,63035,63086,51
12.9562301636,80.2434234619,63086,63096,10
12.9567804337,80.2436065674,63096,63106,10
12.9575901031,80.2438964844,63106,63116,10
12.9586000443,80.2443008423,63116,63126,10
12.9588499069,80.2444000244,63126,63136,10
12.95911026,80.2445526123,63136,63146,10
12.959690094,80.2448272705,63146,63156,10
12.960559845,80.2452163696,63156,63167,11
12.9617996216,80.2457962036,63167,63177,10
12.9625396729,80.2461395264,63177,63187,10
12.9627399445,80.2462463379,63187,63197,10
12.9627895355,80.2463226318,63197,63207,10
12.9630498886,80.2464828491,63207,63217,10
12.9635000229,80.2467193604,63217,63227,10
12.9639797211,80.2469177246,63227,63237,10
12.9643802643,80.2470779419,63237,63247,10
12.9650201797,80.2472991943,63247,63258,11
12.9659004211,80.2475967407,63258,63268,10
12.9664001465,80.2478027344,63268,63278,10
12.9666700363,80.2479019165,63278,63288,10
12.9667196274,80.2479171753,63288,63298,10
12.9669599533,80.248046875,63298,63308,10
12.9675102234,80.2483215332,63308,63318,10
12.9684495926,80.2487030029,63318,63328,10
12.9695501328,80.2491531372,63328,63339,11
12.9707298279,80.2495803833,63339,63349,10
12.9719200134,80.2499237061,63349,63359,10
12.9730501175,80.2502212524,63359,63367,8
12.9738998413,80.2504196167,63367,63379,12
12.9747695923,80.250617981,63379,63389,10
12.9750299454,80.2506866455,63389,63420,31
12.9750299454,80.2506866455,63420,63430,10
12.9752597809,80.2507629395,63430,63440,10
12.9759197235,80.2509536743,63440,63541,101
12.9759197235,80.2509536743,63541,63551,10
12.9760103226,80.2509613037,63551,63561,10
12.9762201309,80.2510223389,63561,63571,10
12.9768800735,80.2512283325,63571,63592,21
12.9768800735,80.2512283325,63592,63602,10
12.9769897461,80.2512969971,63602,63713,111
12.9769897461,80.2512969971,63713,63723,10
12.977350235,80.2514419556,63723,63733,10
12.9777402878,80.2516784668,63733,63814,81
12.9777402878,80.2516784668,63814,63825,11
12.9779596329,80.2518615723,63825,63835,10
12.9781703949,80.2520523071,63835,63845,10
12.9783296585,80.252166748,63845,63855,10
12.9785404205,80.2522964478,63855,63997,142
12.9785404205,80.2522964478,63997,64007,10
12.9786396027,80.2523803711,64007,64017,10
12.9787797928,80.2524490356,64017,64027,10
12.9787902832,80.2524490356,64027,64037,10
12.9790296555,80.2525024414,64037,64047,10
12.9794502258,80.2525405884,64047,64098,51
12.9794502258,80.2525405884,64098,64108,10
12.9796199799,80.252571106,64108,64118,10
12.9799995422,80.2526016235,64118,64128,10
12.9806804657,80.2525787354,64128,64138,10
12.9810304642,80.2525787354,64138,64149,11
12.9811897278,80.252571106,64149,64169,20
12.9811897278,80.252571106,64169,64179,10
12.9815301895,80.2525634766,64179,64219,40
12.9816598892,80.252571106,64219,64361,142
12.9816598892,80.252571106,64361,64371,10
12.9818601608,80.2525482178,64371,64381,10
12.9823799133,80.2525405884,64381,64392,11
12.9827699661,80.2525100708,64392,64402,10
12.983039856,80.2524871826,64402,64412,10
12.9832201004,80.2524871826,64412,64422,10
12.9834098816,80.252456665,64422,64432,10
12.9836196899,80.2524108887,64432,64442,10
12.9839200974,80.2523498535,64442,64493,51
12.9839200974,80.2523498535,64493,64503,10
12.9842596054,80.2522964478,64503,64513,10
12.984459877,80.252243042,64513,64635,122
12.984459877,80.252243042,64635,64645,10
12.9846696854,80.252166748,64645,64655,10
12.9851799011,80.2520217896,64655,64665,10
12.9858798981,80.2518234253,64665,64675,10
12.9863595963,80.251701355,64675,64685,10
12.9868001938,80.2515792847,64685,64695,10
12.9871797562,80.2514572144,64695,64705,10
12.9875802994,80.2513427734,64705,64716,11
12.9882202148,80.2511978149,64716,64726,10
12.9893903732,80.2508773804,64726,64746,20
12.9893903732,80.2508773804,64746,64756,10
12.9896001816,80.2509002686,64756,64766,10
12.9902296066,80.2507705688,64766,64776,10
12.9911499023,80.2505264282,64776,64786,10
12.9923400879,80.2502288818,64786,64797,11
12.9937801361,80.2498626709,64797,64807,10
12.995010376,80.2495422363,64807,64817,10
12.9962997437,80.2491989136,64817,64827,10
12.997759819,80.2488632202,64827,64837,10
12.9993000031,80.2484588623,64837,64847,10
13.0006999969,80.2481231689,64847,64857,10
13.0017995834,80.247833252,64857,64867,10
13.0024204254,80.2476730347,64867,64878,11
13.0034103394,80.2474975586,64878,64888,10
13.0045499802,80.2473373413,64888,64898,10
13.0055599213,80.2471389771,64898,64908,10
13.0061903,80.2468566895,64908,64918,10
13.0064001083,80.2465591431,64918,64928,10
13.0064697266,80.2463302612,64928,64938,10
13.0065202713,80.2460174561,64938,64948,10
13.0065202713,80.2456970215,64948,64959,11
13.0065402985,80.2455291748,64959,64969,10
13.0065402985,80.2452774048,64969,64979,10
13.006529808,80.244972229,64979,64989,10
13.0065402985,80.2447433472,64989,64999,10
13.0065498352,80.2445602417,64999,65009,10
13.0065803528,80.2443771362,65009,65019,10
13.0065603256,80.2441101074,65019,65029,10
13.0065603256,80.2437820435,65029,65040,11
13.0065498352,80.2435073853,65040,65050,10
13.006529808,80.2431182861,65050,65060,10
13.006529808,80.2423782349,65060,65070,10
13.0065202713,80.2413482666,65070,65080,10
13.0065803528,80.2407226563,65080,65141,61
13.0065803528,80.2407226563,65141,65151,10
13.0066604614,80.2404174805,65151,65161,10
13.0067300797,80.2399291992,65161,65171,10
13.0068798065,80.239112854,65171,65181,10
13.0070199966,80.2383422852,65181,65191,10
13.0071697235,80.237739563,65191,65201,10
13.0073204041,80.2371292114,65201,65212,11
13.0074195862,80.2365264893,65212,65222,10
13.0074195862,80.2365188599,65222,65232,10
13.0074901581,80.2362823486,65232,65242,10
13.0075998306,80.2357177734,65242,65252,10
13.0076904297,80.2352371216,65252,65262,10
13.0076999664,80.2352218628,65262,65272,10
13.0077600479,80.2351226807,65272,65282,10
13.0078401566,80.2346801758,65282,65293,11
13.0080099106,80.2338104248,65293,65303,10
13.0081796646,80.2328720093,65303,65313,10
13.0083904266,80.2318496704,65313,65323,10
13.0085802078,80.2307662964,65323,65333,10
13.0087900162,80.2297363281,65333,65343,10
13.0089797974,80.2287826538,65343,65353,10
13.0092601776,80.2277984619,65353,65363,10
13.0096797943,80.2268829346,65363,65374,11
13.0101299286,80.225982666,65374,65384,10
13.0103902817,80.2253875732,65384,65394,10
13.0107002258,80.2248382568,65394,65404,10
13.0108499527,80.2244033813,65404,65414,10
13.0111303329,80.2238388062,65414,65424,10
13.0113801956,80.2230987549,65424,65434,10
13.0115995407,80.2221984863,65434,65444,10
13.0118598938,80.2217025757,65444,65455,11
13.0122404099,80.2214889526,65455,65465,10
13.0127000809,80.2220916748,65465,65475,10
13.0132904053,80.2226867676,65475,65485,10
13.0139102936,80.2233886719,65485,65495,10
13.0143899918,80.2239532471,65495,65505,10
13.0148696899,80.2245025635,65505,65515,10
13.0150604248,80.2246627808,65515,65525,10
13.0153398514,80.2248764038,65525,65536,11
13.0154600143,80.2249526978,65536,65546,10
13.0156002045,80.2250900269,65546,65556,10
13.0159196854,80.2253036499,65556,65566,10
13.0163497925,80.2253417969,65566,65576,10
13.0169401169,80.2251205444,65576,65586,10
13.017660141,80.2248306274,65586,65596,10
13.0182800293,80.2246017456,65596,65606,10
13.0188903809,80.2243499756,65606,65617,11
13.0195798874,80.2244033813,65617,65637,20
13.0195798874,80.2244033813,65637,65647,10
13.0196800232,80.2244567871,65647,65677,30
13.0196800232,80.2244567871,65677,65687,10
13.0198602676,80.224647522,65687,65698,11
13.0204000473,80.2250595093,65698,65708,10
13.0211000443,80.2255783081,65708,65718,10
13.0217599869,80.2260665894,65718,65728,10
13.0224599838,80.2266464233,65728,65738,10
13.0230503082,80.2271881104,65738,65748,10
13.0235900879,80.2276763916,65748,65758,10
13.024020195,80.2280273438,65758,65768,10
13.0242500305,80.2282180786,65768,65870,102
13.0242500305,80.2282180786,65870,65880,10
13.024430275,80.2284393311,65880,65890,10
13.0244102478,80.2285308838,65890,65900,10
13.0240297318,80.2282867432,65900,65910,10
13.0235795975,80.2278213501,65910,65920,10
13.0233697891,80.2276382446,65920,66194,274
13.0233697891,80.2276382446,66194,66204,10
13.0230798721,80.2272720337,66204,66214,10
13.0226898193,80.2269287109,66214,66224,10
13.0225200653,80.2267379761,66224,66234,10
13.0222797394,80.2265090942,66234,66244,10
13.0218200684,80.2261123657,66244,66254,10
13.0215501785,80.2259216309,66254,66265,11
13.0212097168,80.2256622314,66265,66275,10
13.0207099915,80.2252807617,66275,66285,10
13.0199098587,80.2248077393,66285,66305,20
13.0199098587,80.2248077393,66305,66315,10
13.0198097229,80.2247314453,66315,66325,10
13.019370079,80.2244567871,66325,66335,10
13.0186395645,80.2244491577,66335,66346,11
13.0177402496,80.224822998,66346,66356,10
13.0168504715,80.2251663208,66356,66366,10
13.0164403915,80.2253570557,66366,66376,10
13.0162601471,80.2254486084,66376,66386,10
13.015879631,80.2255783081,66386,66396,10
13.0155696869,80.2256622314,66396,66406,10
13.0154104233,80.2257232666,66406,66416,10
13.0151100159,80.2258529663,66416,66427,11
13.0144996643,80.2260971069,66427,66437,10
13.0139198303,80.2264022827,66437,66457,20
13.0139198303,80.2264022827,66457,66467,10
13.0138397217,80.2264404297,66467,66477,10
13.0135297775,80.2265396118,66477,66487,10
13.0130596161,80.2266769409,66487,66497,10
13.0122995377,80.2269515991,66497,66508,11
13.0112199783,80.2273864746,66508,66518,10
13.010140419,80.2278366089,66518,66528,10
13.0092401505,80.228302002,66528,66538,10
13.0087900162,80.2303085327,66538,66548,10
13.0087900162,80.2303085327,66548,66558,10
13.008649826,80.2312011719,66558,66568,10
13.0085401535,80.2317810059,66568,66578,10
13.008480072,80.232170105,66578,66589,11
13.0084199905,80.2324295044,66589,66611,22
13.0084199905,80.2324295044,66611,66621,10
13.0083398819,80.2327423096,66621,66632,11
13.008310318,80.2329406738,66632,66642,10
13.0082597733,80.2334213257,66642,66652,10
13.0081996918,80.2335586548,66652,66661,9
13.008099556,80.2339096069,66661,66673,12
13.0080699921,80.2340316772,66673,66683,10
13.008020401,80.2342376709,66683,66693,10
13.0079402924,80.2346572876,66693,66703,10
13.0078601837,80.2350616455,66703,66713,10
13.0078601837,80.2350997925,66713,66723,10
13.0077800751,80.2354812622,66723,66733,10
13.0077295303,80.2357177734,66733,66743,10
13.0076799393,80.2359771729,66743,66754,11
13.0076799393,80.236000061,66754,66764,10
13.007610321,80.2364120483,66764,66774,10
13.0075597763,80.236656189,66774,66784,10
13.0074901581,80.2370376587,66784,66794,10
13.0074396133,80.2372817993,66794,66804,10
13.0073795319,80.2375335693,66804,66814,10
13.007349968,80.237739563,66814,66824,10
13.0072698593,80.2380371094,66824,66835,11
13.0072002411,80.2382278442,66835,66845,10
13.0071201324,80.2386169434,66845,66855,10
13.0069904327,80.2392501831,66855,66865,10
13.0068397522,80.2399597168,66865,66875,10
13.0067195892,80.2406082153,66875,66885,10
13.0066003799,80.2416763306,66885,66895,10
13.0066003799,80.2424926758,66895,66905,10
13.0066404343,80.2433013916,66905,66916,11
13.0066604614,80.2442092896,66916,66926,10
13.006649971,80.2451171875,66926,66936,10
13.0066795349,80.2456207275,66936,66946,10
13.0066795349,80.2457275391,66946,66956,10
13.0066795349,80.2457427979,66956,66966,10
13.0066900253,80.2459411621,66966,66976,10
13.0067396164,80.2463378906,66976,66986,10
13.0067501068,80.2469863892,66986,66997,11
13.0063695908,80.2473220825,66997,67007,10
13.006070137,80.2473678589,67007,67017,10
13.0060300827,80.2473678589,67017,67027,10
13.0058898926,80.2473297119,67027,67037,10
13.0054502487,80.2472610474,67037,67047,10
13.0046796799,80.2473068237,67047,67057,10
13.0037403107,80.247428894,67057,67067,10
13.002820015,80.2475662231,67067,67078,11
13.0016002655,80.2478485107,67078,67088,10
13.0004997253,80.2481231689,67088,67098,10
12.9993696213,80.2484130859,67098,67108,10
12.998339653,80.2486877441,67108,67118,10
12.9980897903,80.2487716675,67118,67128,10
12.9979896545,80.2487869263,67128,67138,10
12.9974899292,80.2489013672,67138,67148,10
12.9966802597,80.2490921021,67148,67159,11
12.9954795837,80.2493972778,67159,67169,10
12.9941301346,80.2497634888,67169,67179,10
12.9927196503,80.2500991821,67179,67189,10
12.9916696548,80.2503585815,67189,67199,10
12.9912595749,80.2504882813,67199,67209,10
12.9911603928,80.2505111694,67209,67219,10
12.9907302856,80.250617981,67219,67229,10
12.9900503159,80.2507781982,67229,67240,11
12.9894304276,80.2509384155,67240,67250,10
12.989159584,80.2510070801,67250,67280,30
12.9890699387,80.2510681152,67280,67645,365
12.9890699387,80.2510681152,67645,67655,10
12.9887104034,80.251121521,67655,67665,10
12.9883499146,80.2512207031,67665,67675,10
12.9879302979,80.2513275146,67675,67685,10
12.9875001907,80.2514419556,67685,67695,10
12.9872303009,80.2515182495,67695,67705,10
12.9869804382,80.2516021729,67705,67715,10
12.9864902496,80.251739502,67715,67726,11
12.9857997894,80.2519226074,67726,67736,10
12.9849796295,80.2521209717,67736,67746,10
12.984000206,80.2523880005,67746,67756,10
12.9829597473,80.2525863647,67756,67766,10
12.9819297791,80.2526321411,67766,67777,11
12.9813899994,80.2526321411,67777,67786,9
12.9812602997,80.2526321411,67786,67797,11
12.980890274,80.2526397705,67797,67806,9
12.9805002213,80.2526473999,67806,67818,12
12.9800701141,80.2526702881,67818,67828,10
12.9797296524,80.2526397705,67828,67838,10
12.9795198441,80.2526168823,67838,67848,10
12.9789199829,80.2525405884,67848,67868,20
12.9789199829,80.2525405884,67868,67878,10
12.9786100388,80.2524490356,67878,67889,11
12.9780797958,80.2521362305,67889,67899,10
12.9775495529,80.2516479492,67899,67909,10
12.9769001007,80.2512588501,67909,67919,10
12.9760704041,80.2510223389,67919,67929,10
12.975279808,80.2508087158,67929,67939,10
12.9744997025,80.2505722046,67939,67949,10
12.9736604691,80.250328064,67949,67959,10
12.9727602005,80.2500991821,67959,67970,11
12.9717702866,80.2498321533,67970,67980,10
12.970870018,80.2495880127,67980,67990,10
12.9699897766,80.2492904663,67990,68000,10
12.9690799713,80.248916626,68000,68010,10
12.968460083,80.2487030029,68010,68020,10
12.9681997299,80.248588562,68020,68030,10
12.967880249,80.2484588623,68030,68040,10
12.9674596786,80.2482833862,68040,68091,51
12.9674596786,80.2482833862,68091,68101,10
12.9669704437,80.2480621338,68101,68111,10
12.9665603638,80.2478637695,68111,68121,10
12.9660301208,80.2476272583,68121,68132,11
12.9654397964,80.2473907471,68132,68142,10
12.9654302597,80.2473831177,68142,68152,10
12.9653596878,80.2473678589,68152,68162,10
12.9649200439,80.2472229004,68162,68172,10
12.9638299942,80.2468032837,68172,68192,20
12.9638299942,80.2468032837,68192,68202,10
12.9634599686,80.2466430664,68202,68213,11
12.9627504349,80.2462997437,68213,68223,10
12.9617996216,80.2458190918,68223,68233,10
12.9606599808,80.2452774048,68233,68243,10
12.959690094,80.2448806763,68243,68253,10
12.9592599869,80.2446975708,68253,68263,10
12.9591302872,80.2446365356,68263,68273,10
12.9586200714,80.2443771362,68273,68283,10
12.9578895569,80.2440795898,68283,68293,10
12.9572000504,80.2438430786,68293,68304,11
12.9566802979,80.243637085,68304,68415,111
12.9566802979,80.243637085,68415,68425,10
12.9562797546,80.243522644,68425,68435,10
12.9557104111,80.2432327271,68435,68445,10
12.955160141,80.2429733276,68445,68455,10
12.954580307,80.2427368164,68455,68466,11
12.9539003372,80.2424697876,68466,68476,10
12.9530601501,80.2421112061,68476,68486,10
12.9520397186,80.2417068481,68486,68496,10
12.9515600204,80.241569519,68496,68506,10
12.9514303207,80.2415008545,68506,68516,10
12.9509096146,80.241317749,68516,68526,10
12.9500703812,80.2410583496,68526,68536,10
12.9490499496,80.240737915,68536,68547,11
12.948390007,80.2404403687,68547,68557,10
12.9476604462,80.2401580811,68557,68567,10
12.9472999573,80.240020752,68567,68577,10
12.9472198486,80.239982605,68577,68587,10
12.9467897415,80.2397766113,68587,68597,10
12.9460000992,80.2394638062,68597,68607,10
12.9450397491,80.2389068604,68607,68617,10
12.9442996979,80.2381210327,68617,68628,11
12.9436798096,80.237449646,68628,68638,10
12.9433498383,80.2371063232,68638,68648,10
12.9428596497,80.236656189,68648,68658,10
12.942029953,80.2362823486,68658,68668,10
12.9409399033,80.2360076904,68668,68678,10
12.9401798248,80.2358093262,68678,68688,10
12.9393796921,80.2355804443,68688,68698,10
12.9392499924,80.235496521,68698,68709,11
12.938659668,80.2351837158,68709,68719,10
12.9378795624,80.2347793579,68719,68729,10
12.9368801117,80.2342987061,68729,68739,10
12.9361095428,80.2339324951,68739,68749,10
12.9350404739,80.2334365845,68749,68759,10
12.9339799881,80.2329788208,68759,68779,20
12.9339799881,80.2329788208,68779,68790,11
12.9336700439,80.2328109741,68790,68800,10
12.9329099655,80.2324676514,68800,68810,10
12.9318504333,80.232093811,68810,68820,10
12.9306201935,80.2316818237,68820,68830,10
12.929400444,80.2313690186,68830,68840,10
12.9283504486,80.2311782837,68840,68850,10
12.9270496368,80.2310028076,68850,68860,10
12.9259500504,80.2308807373,68860,68871,11
12.924659729,80.2307281494,68871,68881,10
12.9232301712,80.2305374146,68881,68891,10
12.9216995239,80.2303085327,68891,68901,10
12.9202804565,80.2301177979,68901,68911,10
12.9189395905,80.2299499512,68911,68921,10
12.9176702499,80.2297973633,68921,68931,10
12.9164400101,80.2296295166,68931,68941,10
12.9149599075,80.2294235229,68941,68952,11
12.9136104584,80.2292480469,68952,68962,10
12.913310051,80.2292175293,68962,68972,10
12.9132204056,80.2292098999,68972,68982,10
12.9128198624,80.2291564941,68982,68992,10
12.9119901657,80.2290496826,68992,69002,10
12.9108495712,80.2288589478,69002,69012,10
12.9094600677,80.2286300659,69012,69022,10
12.9075202942,80.2283630371,69022,69043,21
12.9075202942,80.2283630371,69043,69053,10
12.9073495865,80.2283401489,69053,69063,10
12.9070396423,80.2282867432,69063,69073,10
12.9067001343,80.2282562256,69073,69083,10
12.9062795639,80.2281799316,69083,69093,10
12.9055995941,80.2281494141,69093,69103,10
12.9046297073,80.2281112671,69103,69114,11
12.9035997391,80.2280883789,69114,69154,40
12.9035997391,80.2280883789,69154,69164,10
12.9033699036,80.2280807495,69164,69174,10
12.9032297134,80.2280807495,69174,69184,10
12.9030103683,80.2280578613,69184,69195,11
12.9025602341,80.2280426025,69195,69205,10
12.9017601013,80.2279663086,69205,69215,10
12.9010801315,80.2279434204,69215,69377,162
12.9010801315,80.2279434204,69377,69387,10
12.9009304047,80.227897644,69387,69397,10
12.9004201889,80.2278671265,69397,69407,10
12.899430275,80.2278518677,69407,69427,20
12.899430275,80.2278518677,69427,69438,11
12.8992004395,80.2277984619,69438,69448,10
12.898639679,80.2277679443,69448,69458,10
12.897769928,80.227722168,69458,69468,10
12.8966398239,80.2276611328,69468,69478,10
12.8954000473,80.2276229858,69478,69488,10
12.8941001892,80.2275619507,69488,69498,10
12.8928403854,80.2274475098,69498,69549,51
12.8928403854,80.2274475098,69549,69559,10
12.8925600052,80.2274017334,69559,69569,10
12.8920297623,80.2273406982,69569,69579,10
12.8911895752,80.2273025513,69579,69589,10
12.8900203705,80.2273025513,69589,69600,11
12.8887395859,80.2273178101,69600,69610,10
12.8876104355,80.2272186279,69610,69620,10
12.8864002228,80.2269897461,69620,69630,10
12.885219574,80.2267227173,69630,69640,10
12.8845996857,80.2266921997,69640,69650,10
12.8844900131,80.2266998291,69650,69660,10
12.8839597702,80.2266998291,69660,69670,10
12.883099556,80.2266998291,69670,69680,10
12.8818702698,80.2266998291,69680,69691,11
12.8805799484,80.2266998291,69691,69701,10
12.8791999817,80.2267227173,69701,69711,10
12.8779001236,80.2267990112,69711,69721,10
12.8768396378,80.2268981934,69721,69731,10
12.8763904572,80.2269363403,69731,69741,10
12.8763303757,80.2269363403,69741,69751,10
12.8759002686,80.2269363403,69751,69761,10
12.8751401901,80.2268829346,69761,69772,11
12.87403965,80.2267379761,69772,69782,10
12.8731498718,80.2266693115,69782,69792,10
12.8726596832,80.2266769409,69792,69802,10
12.8725404739,80.2266769409,69802,69812,10
12.8720703125,80.2266616821,69812,69822,10
12.8712596893,80.2266311646,69822,69832,10
12.8701696396,80.2265625,69832,69842,10
12.868929863,80.2264099121,69842,69853,11
12.8675098419,80.2264099121,69853,69863,10
12.8665399551,80.2265090942,69863,69873,10
12.8653001785,80.2265625,69873,69884,11
12.8640899658,80.2265090942,69884,69893,9
12.8629198074,80.2264785767,69893,69904,11
12.8618402481,80.2265319824,69904,69914,10
12.8610601425,80.2265625,69914,69925,11
12.8608999252,80.2265396118,69925,69935,10
12.8604698181,80.2264862061,69935,69945,10
12.8596897125,80.2263793945,69945,69955,10
12.8586397171,80.2262268066,69955,69965,10
12.8573598862,80.2261962891,69965,69975,10
12.8559999466,80.2263412476,69975,69985,10
12.854590416,80.2265090942,69985,69995,10
12.8530797958,80.2266387939,69995,70005,10
12.8515796661,80.2266082764,70005,70016,11
12.850230217,80.2265777588,70016,70026,10
12.8497800827,80.2265701294,70026,70036,10
12.8495798111,80.2265625,70036,70046,10
12.84897995,80.2265396118,70046,70056,10
12.8480501175,80.2265319824,70056,70066,10
12.8469295502,80.2265396118,70066,70076,10
12.8461198807,80.2265625,70076,70086,10
12.8460798264,80.2265625,70086,70097,11
12.845870018,80.2265396118,70097,70107,10
12.8453798294,80.2265930176,70107,70117,10
12.8453598022,80.2265930176,70117,70127,10
12.8452396393,80.2265777588,70127,70137,10
12.8440799713,80.2266387939,70137,70147,10
12.8440799713,80.2266387939,70147,70157,10
12.843079567,80.2267913818,70157,70167,10
12.8418798447,80.2270431519,70167,70178,11
12.8404998779,80.2274398804,70178,70188,10
12.8398799896,80.2276763916,70188,70198,10
12.8396596909,80.2277679443,70198,70208,10
12.839509964,80.2278213501,70208,70218,10
12.8390703201,80.227897644,70218,70228,10
12.8382797241,80.2280578613,70228,70238,10
12.8370599747,80.2282791138,70238,70248,10
12.8359498978,80.2284393311,70248,70259,11
12.8340501785,80.2287368774,70259,70269,10
12.8322296143,80.2291183472,70269,70289,20
12.8322296143,80.2291183472,70289,70299,10
12.8318395615,80.2292098999,70299,70329,30
12.8318395615,80.2292098999,70329,70340,11
12.8313999176,80.2293014526,70340,70350,10
12.8307600021,80.2294998169,70350,70360,10
12.8298101425,80.229850769,70360,70370,10
12.8286895752,80.2303085327,70370,70380,10
12.8275403976,80.2309494019,70380,70390,10
12.8265199661,80.2312927246,70390,70400,10
12.8254499435,80.2313766479,70400,70410,10
12.8242797852,80.2312698364,70410,70421,11
12.82310009,80.2309188843,70421,70431,10
12.8220300674,80.2305908203,70431,70441,10
12.8209400177,80.2304229736,70441,70451,10
12.819849968,80.2304534912,70451,70461,10
12.8189001083,80.2304763794,70461,70471,10
12.8188495636,80.23046875,70471,70481,10
12.8186597824,80.2303695679,70481,70491,10
12.8180704117,80.2300491333,70491,70502,11
12.8170404434,80.229598999,70502,70512,10
12.8157300949,80.2293395996,70512,70522,10
12.8142404556,80.2291183472,70522,70532,10
12.8127403259,80.2286834717,70532,70542,10
12.8112697601,80.2281417847,70542,70552,10
12.809920311,80.2276000977,70552,70562,10
12.8088598251,80.2269897461,70562,70572,10
12.8079004288,80.2261886597,70572,70583,11
12.8070497513,80.225479126,70583,70593,10
12.8064498901,80.2249221802,70593,70603,10
12.8057498932,80.2242889404,70603,70613,10
12.8051099777,80.2239837646,70613,70623,10
12.8049402237,80.2239532471,70623,70633,10
12.8048295975,80.2239303589,70633,70643,10
12.8043298721,80.2238693237,70643,70653,10
12.8035697937,80.2238235474,70653,70664,11
12.8025798798,80.2237167358,70664,70674,10
12.8015003204,80.2236022949,70674,70684,10
12.8008203506,80.2235565186,70684,70694,10
12.8007602692,80.2235412598,70694,70704,10
12.800359726,80.2235031128,70704,70714,10
12.7995901108,80.2234191895,70714,70724,10
12.7985200882,80.2232894897,70724,70734,10
12.797249794,80.2231063843,70734,70745,11
12.7959899902,80.22290802,70745,70755,10
12.7957897186,80.2229003906,70755,70765,10
12.7955598831,80.2228469849,70765,70775,10
12.7949399948,80.2227325439,70775,70785,10
12.7939796448,80.2225723267,70785,70795,10
12.7927999496,80.2223892212,70795,70805,10
12.791560173,80.2221221924,70805,70815,10
12.7903604507,80.2218322754,70815,70826,11
12.7893800735,80.2215499878,70826,70836,10
12.788359642,80.2211608887,70836,70856,20
12.788359642,80.2211608887,70856,70866,10
12.7881803513,80.2210769653,70866,70907,41
12.7881803513,80.2210769653,70907,70917,10
12.7879495621,80.2209320068,70917,70927,10
12.7874403,80.2207489014,70927,70957,30
12.7874403,80.2207489014,70957,70967,10
12.7871198654,80.2206420898,70967,70988,21
12.7871198654,80.2206420898,70988,70998,10
12.7870397568,80.2206268311,70998,71008,10
12.7866401672,80.2204818726,71008,71038,30
12.7866401672,80.2204818726,71038,71048,10
12.786359787,80.2203598022,71048,71069,21
12.786359787,80.2203598022,71069,71079,10
12.7861404419,80.2204818726,71079,71099,20
12.7861404419,80.2204818726,71099,71109,10
12.7861299515,80.2206192017,71109,71119,10
12.7861499786,80.2208099365,71119,71129,10
12.7861700058,80.2212295532,71129,71139,10
12.7862195969,80.2217330933,71139,71646,507
12.7862195969,80.2217330933,71646,71656,10
12.7861700058,80.221321106,71656,71676,20
12.7861700058,80.221321106,71676,71686,10
12.786190033,80.2208633423,71686,71696,10
12.7861700058,80.2204818726,71696,71706,10
12.7862501144,80.2202835083,71706,71717,11
12.7866802216,80.2204208374,71717,71757,40
12.7866802216,80.2204208374,71757,71767,10
12.7868900299,80.2205505371,71767,71777,10
12.7872495651,80.220703125,71777,71787,10
12.7877502441,80.2208786011,71787,71798,11
12.7883396149,80.2211227417,71798,71808,10
12.7890501022,80.2213821411,71808,71818,10
12.7896604538,80.2216186523,71818,71828,10
12.7901601791,80.2217636108,71828,71838,10
12.7909202576,80.2219467163,71838,71848,10
12.7919101715,80.2221984863,71848,71858,10
12.7930698395,80.2224273682,71858,71868,10
12.7943096161,80.222618103,71868,71879,11
12.7956495285,80.2228469849,71879,71889,10
12.7963399887,80.2229385376,71889,71899,10
12.7963600159,80.2229385376,71899,71909,10
12.7966995239,80.2230072021,71909,71919,10
12.7973604202,80.2231369019,71919,71929,10
12.7982797623,80.2232818604,71929,71939,10
12.7994298935,80.2233963013,71939,71949,10
12.8005800247,80.2235031128,71949,71960,11
12.8013896942,80.2235565186,71960,71970,10
12.8014802933,80.2235794067,71970,71980,10
12.8019599915,80.2236480713,71980,71990,10
12.802740097,80.2237472534,71990,72000,10
12.8035202026,80.2238388062,72000,72010,10
12.8043603897,80.2239074707,72010,72020,10
12.8050098419,80.2239837646,72020,72030,10
12.8055400848,80.2241210938,72030,72041,11
12.8056697845,80.2241897583,72041,72051,10
12.8060703278,80.2245101929,72051,72061,10
12.8066997528,80.2250671387,72061,72071,10
12.8074798584,80.2257537842,72071,72081,10
12.8083400726,80.2264633179,72081,72091,10
12.8093299866,80.2272415161,72091,72101,10
12.8104200363,80.2277679443,72101,72111,10
12.8116397858,80.2282562256,72111,72122,11
12.8131198883,80.2287979126,72122,72132,10
12.8144197464,80.2291793823,72132,72142,10
12.8157901764,80.2293777466,72142,72152,10
12.8172397614,80.2296829224,72152,72162,10
12.8184604645,80.2302398682,72162,72172,10
12.8195400238,80.2304534912,72172,72182,10
12.8198003769,80.2304382324,72182,72192,10
12.8199396133,80.2304382324,72192,72203,11
12.820599556,80.2304229736,72203,72213,10
12.8215799332,80.23046875,72213,72223,10
12.8227300644,80.2307662964,72223,72233,10
12.8239803314,80.2311172485,72233,72243,10
12.8252096176,80.231338501,72243,72253,10
12.8265600204,80.2312774658,72253,72263,10
12.8278598785,80.230796814,72263,72273,10
12.8290901184,80.230140686,72273,72284,11
12.8304100037,80.2296218872,72284,72294,10
12.8310203552,80.229347229,72294,72324,30
12.8310203552,80.229347229,72324,72334,10
12.8314504623,80.2292404175,72334,72405,71
12.8314504623,80.2292404175,72405,72415,10
12.8315601349,80.2292022705,72415,72425,10
12.8319196701,80.2291030884,72425,72435,10
12.8325500488,80.2289810181,72435,72446,11
12.8334703445,80.2288208008,72446,72456,10
12.8344297409,80.2286529541,72456,72466,10
12.835439682,80.2284927368,72466,72476,10
12.8365097046,80.2283325195,72476,72486,10
12.8374700546,80.2281570435,72486,72496,10
12.8382797241,80.2279815674,72496,72506,10
12.8388996124,80.2278137207,72506,72516,10
12.8392601013,80.2276611328,72516,72547,31
12.8392601013,80.2276611328,72547,72557,10
12.8395900726,80.2275009155,72557,72567,10
12.8398303986,80.2274703979,72567,72577,10
12.8402004242,80.2274169922,72577,72597,20
12.8402004242,80.2274169922,72597,72608,11
12.8406600952,80.2273330688,72608,72618,10
12.8410596848,80.2272186279,72618,72709,91
12.841460228,80.2271270752,72709,72749,40
12.841460228,80.2271270752,72749,72759,10
12.8418397903,80.2270431519,72759,72770,11
12.8420495987,80.2269821167,72770,72780,10
12.8422298431,80.2269363403,72780,72790,10
12.8424196243,80.226890564,72790,72800,10
12.8426198959,80.2268600464,72800,72810,10
12.8428401947,80.2267990112,72810,72820,10
12.8432102203,80.2267303467,72820,72830,10
12.8435602188,80.2266769409,72830,72840,10
12.8438997269,80.2266387939,72840,72851,11
12.8443498611,80.226600647,72851,72861,10
12.8447999954,80.2265701294,72861,72871,10
12.8451404572,80.2265625,72871,72891,20
12.8451404572,80.2265625,72891,72901,10
12.8453798294,80.2265625,72901,72911,10
12.8456401825,80.2265625,72911,72921,10
12.8460702896,80.2265625,72921,72932,11
12.8468399048,80.2265625,72932,72942,10
12.8476896286,80.2265472412,72942,72952,10
12.8484296799,80.2265396118,72952,72962,10
12.8492498398,80.2265167236,72962,72972,10
12.8502101898,80.2264862061,72972,72992,20
12.8502101898,80.2264862061,72992,73002,10
12.8504295349,80.2265167236,73002,73013,11
12.8510398865,80.2265319824,73013,73023,10
12.8518600464,80.2265701294,73023,73033,10
12.8529195786,80.2266235352,73033,73043,10
12.8541402817,80.2265472412,73043,73053,10
12.8554000854,80.2264328003,73053,73063,10
12.8565196991,80.2263183594,73063,73073,10
12.8573999405,80.2261962891,73073,73114,41
12.8573999405,80.2261962891,73114,73124,10
12.8577804565,80.2261581421,73124,73134,10
12.8578996658,80.2261581421,73134,73144,10
12.8579902649,80.2261505127,73144,73154,10
12.8581495285,80.2261428833,73154,73164,10
12.8585596085,80.2261886597,73164,73175,11
12.8593997955,80.2263031006,73175,73185,10
12.8603601456,80.2264404297,73185,73195,10
12.8607597351,80.2264709473,73195,73205,10
12.8607797623,80.2264709473,73205,73215,10
12.8608798981,80.2265319824,73215,73225,10
12.8612804413,80.2265167236,73225,73235,10
12.8620500565,80.2265014648,73235,73245,10
12.8630304337,80.2264709473,73245,73256,11
12.8642997742,80.2265167236,73256,73266,10
12.8655395508,80.2265625,73266,73276,10
12.8666601181,80.2264785767,73276,73286,10
12.8677196503,80.2263793945,73286,73296,10
12.8689002991,80.2263870239,73296,73306,10
12.8702402115,80.2265396118,73306,73316,10
12.8715696335,80.2266311646,73316,73326,10
12.8725996017,80.2266311646,73326,73336,10
12.8728599548,80.2266235352,73336,73347,11
12.8732404709,80.2266387939,73347,73357,10
12.8739500046,80.2266998291,73357,73368,11
12.8747797012,80.2267990112,73368,73378,10
12.8756303787,80.226890564,73378,73388,10
12.8758602142,80.2268829346,73388,73408,20
12.8758602142,80.2268829346,73408,73419,11
12.8760204315,80.226890564,73419,73429,10
12.8762998581,80.2268829346,73429,73439,10
12.8765602112,80.2268829346,73439,73449,10
12.8765897751,80.2268676758,73449,73459,10
12.8768396378,80.2268829346,73459,73469,10
12.8774595261,80.226852417,73469,73479,10
12.878370285,80.2267913818,73479,73489,10
12.8793897629,80.2267303467,73489,73500,11
12.8805999756,80.2267074585,73500,73510,10
12.8817501068,80.2266921997,73510,73520,10
12.8830003738,80.2266693115,73520,73530,10
12.8841600418,80.2266693115,73530,73540,10
12.8850603104,80.2266693115,73540,73550,10
12.8855895996,80.2267227173,73550,73560,10
12.8856801987,80.2267379761,73560,73570,10
12.8861303329,80.2268676758,73570,73580,10
12.8869400024,80.2270889282,73580,73591,11
12.8880996704,80.2272720337,73591,73601,10
12.8894395828,80.2273025513,73601,73611,10
12.8908596039,80.2272872925,73611,73621,10
12.891869545,80.2272720337,73621,73651,30
12.891869545,80.2272720337,73651,73661,10
12.8920602798,80.2273025513,73661,73672,11
12.8925304413,80.2273483276,73672,73682,10
12.8932800293,80.2274703979,73682,73692,10
12.8942298889,80.2275772095,73692,73702,10
12.8952903748,80.2276382446,73702,73712,10
12.8964004517,80.2276763916,73712,73722,10
12.8974103928,80.227722168,73722,73732,10
12.8984203339,80.2277832031,73732,73742,10
12.8994598389,80.2278213501,73742,73753,11
12.9000396729,80.2278213501,73753,73823,70
12.9000396729,80.2278213501,73823,73834,11
12.9001703262,80.2279129028,73834,73844,10
12.9003896713,80.2279281616,73844,73854,10
12.9007902145,80.2279281616,73854,73864,10
12.9014797211,80.2279586792,73864,73874,10
12.9021997452,80.2279968262,73874,73884,10
12.9027996063,80.2280197144,73884,73894,10
12.9028997421,80.2280197144,73894,73904,10
12.9029798508,80.2279891968,73904,73915,11
12.9034700394,80.2279968262,73915,73925,10
12.9040498734,80.2280731201,73925,73935,10
12.9045600891,80.2281112671,73935,73945,10
12.9051103592,80.2281417847,73945,73955,10
12.9059896469,80.2281723022,73955,74006,51
12.9059896469,80.2281723022,74006,74016,10
12.9060497284,80.2282028198,74016,74026,10
12.9063596725,80.2282409668,74026,74036,10
12.906920433,80.2282791138,74036,74046,10
12.9077596664,80.2284011841,74046,74056,10
12.9088201523,80.2285766602,74056,74066,10
12.9101400375,80.2287979126,74066,74077,11
12.9115200043,80.2289962769,74077,74087,10
12.9126996994,80.2291488647,74087,74097,10
12.9139795303,80.2292861938,74097,74117,20
12.9139795303,80.2292861938,74117,74126,9
12.9141702652,80.2293624878,74126,74137,11
12.9146604538,80.2294387817,74137,74147,10
12.9156999588,80.229598999,74147,74158,11
12.9169797897,80.2297515869,74158,74168,10
12.9182796478,80.2299499512,74168,74178,10
12.919549942,80.2301177979,74178,74188,10
12.9207801819,80.2302703857,74188,74198,10
12.9219799042,80.230430603,74198,74208,10
12.9232902527,80.2306289673,74208,74218,10
12.9246397018,80.2308120728,74218,74228,10
12.9253997803,80.2309188843,74228,74239,11
12.9262695313,80.2309799194,74239,74249,10
12.926440239,80.2309875488,74249,74259,10
12.9265604019,80.231010437,74259,74269,10
12.9270496368,80.2310562134,74269,74279,10
12.92786026,80.2311630249,74279,74289,10
12.928850174,80.2313232422,74289,74299,10
12.9300203323,80.2315826416,74299,74309,10
12.9312496185,80.231918335,74309,74320,11
12.9323301315,80.2322692871,74320,74330,10
12.9332304001,80.2325820923,74330,74340,10
12.9337701797,80.2328109741,74340,74350,10
12.9337797165,80.2328186035,74350,74360,10
12.9338903427,80.2328720093,74360,74370,10
12.9343395233,80.2330627441,74370,74380,10
12.9350996017,80.2333984375,74380,74390,10
12.9357004166,80.2336730957,74390,74401,11
12.9358100891,80.2337265015,74401,74411,10
12.9361801147,80.2339172363,74411,74421,10
12.9368896484,80.2342605591,74421,74431,10
12.9378499985,80.2347412109,74431,74441,10
12.9390001297,80.2353210449,74441,74451,10
12.9397096634,80.2356491089,74451,74461,10
12.9397296906,80.2356491089,74461,74471,10
12.9399700165,80.2357635498,74471,74482,11
12.9407596588,80.2360076904,74482,74492,10
12.9418096542,80.2362670898,74492,74502,10
12.9429397583,80.2366867065,74502,74512,10
12.9438800812,80.2375411987,74512,74522,10
12.9446496964,80.2383804321,74522,74532,10
12.9457502365,80.2393188477,74532,74542,10
12.9467601776,80.2397537231,74542,74552,10
12.9472904205,80.2399520874,74552,74563,11
12.9474496841,80.240020752,74563,74573,10
12.9477596283,80.2401275635,74573,74583,10
12.9480695724,80.2402572632,74583,74593,10
12.9485702515,80.2404708862,74593,74603,10
12.9492702484,80.2407608032,74603,74613,10
12.9502096176,80.2410736084,74613,74623,10
12.9508399963,80.2412490845,74623,74633,10
12.9511699677,80.2413482666,74633,74644,11
12.9512796402,80.2414016724,74644,74654,10
12.9517402649,80.2415618896,74654,74664,10
12.952340126,80.2417373657,74664,74674,10
12.953209877,80.2421188354,74674,74684,10
12.9538698196,80.2423782349,74684,74694,10
12.9545001984,80.2426681519,74694,74704,10
12.9551801682,80.2429428101,74704,74714,10
12.9560699463,80.2432632446,74714,74795,81
12.9564304352,80.2434005737,74795,74846,51
12.9564304352,80.2434005737,74846,74856,10
12.9567699432,80.2435302734,74856,74866,10
12.9573602676,80.2437820435,74866,74876,10
12.9581899643,80.2441177368,74876,74887,11
12.9589595795,80.2444000244,74887,74897,10
12.9590797424,80.244468689,74897,74907,10
12.9595403671,80.2446975708,74907,74917,10
12.9603004456,80.2450714111,74917,74927,10
12.9613199234,80.2455596924,74927,74937,10
12.9623804092,80.2460784912,74937,74947,10
12.9629602432,80.2463531494,74947,74957,10
12.9630699158,80.2464599609,74957,74968,11
12.963350296,80.2466125488,74968,74978,10
12.9637699127,80.2468185425,74978,74988,10
12.9643297195,80.2470169067,74988,74998,10
12.9651098251,80.2472991943,74998,75008,10
12.9661598206,80.2476501465,75008,75028,20
12.9661598206,80.2476501465,75028,75038,10
12.9663000107,80.2477035522,75038,75049,11
12.9667196274,80.2479095459,75049,75059,10
12.9667901993,80.2479476929,75059,75069,10
12.9670200348,80.2480773926,75069,75079,10
12.9675502777,80.2483062744,75079,75089,10
12.9684200287,80.2486724854,75089,75099,10
12.9694499969,80.2490615845,75099,75109,10
12.9706401825,80.2495117188,75109,75119,10
12.9718999863,80.2498779297,75119,75130,11
12.9731302261,80.2502212524,75130,75140,10
12.9740495682,80.2504730225,75140,75150,10
12.9751396179,80.2507629395,75150,75160,10
12.9762096405,80.2510299683,75160,75170,10
12.9771499634,80.2513427734,75170,75180,10
12.9780197144,80.2519073486,75180,75190,10
12.9784603119,80.2522506714,75190,75200,10
12.9784603119,80.2522583008,75200,75211,11
12.9786100388,80.2524032593,75211,75221,10
12.9792003632,80.2525863647,75221,75231,10
12.9796800613,80.2526092529,75231,75281,50
12.9796800613,80.2526092529,75281,75292,11
12.97976017,80.2526016235,75292,75302,10
12.9802303314,80.2526397705,75302,75312,10
12.9807596207,80.2526626587,75312,75322,10
12.9815597534,80.2526397705,75322,75332,10
12.9825401306,80.2525863647,75332,75342,10
12.9837198257,80.252456665,75342,75352,10
12.9848203659,80.2521591187,75352,75524,172
12.9848203659,80.2521591187,75524,75535,11
12.9849500656,80.2521286011,75535,75545,10
12.9853000641,80.2520370483,75545,75555,10
12.9859104156,80.2518692017,75555,75565,10
12.9865102768,80.2517166138,75565,75575,10
12.9870004654,80.2515792847,75575,75585,10
12.9874696732,80.2514190674,75585,75595,10
12.987739563,80.2513580322,75595,75605,10
12.9879198074,80.251411438,75605,75616,11
12.9879999161,80.2515716553,75616,75626,10
12.9880800247,80.2518997192,75626,75636,10
12.9880895615,80.251953125,75636,75646,10
12.9880895615,80.2520828247,75646,75656,10
12.9880895615,80.2523422241,75656,75666,10
12.9880304337,80.2528305054,75666,75676,10
12.9879999161,80.2532501221,75676,75686,10
12.9879903793,80.2532806396,75686,75697,11
12.987950325,80.253578186,75697,75707,10
12.9878702164,80.2545166016,75707,75828,121
12.9878702164,80.2545166016,75828,75838,10
12.987739563,80.2550430298,75838,75848,10
12.9877004623,80.2555007935,75848,75859,11
12.9876298904,80.2560119629,75859,75869,10
12.9875898361,80.2564468384,75869,75879,10
12.9875802994,80.2566986084,75879,75889,10
12.987569809,80.2570800781,75889,75899,10
12.9875402451,80.2576828003,75899,75909,10
12.9874296188,80.2585067749,75909,75950,41
12.9874296188,80.2585067749,75950,75960,10
12.9871397018,80.2586517334,75960,75970,10
12.9868402481,80.2586517334,75970,76547,577
12.9868402481,80.2586517334,76547,76557,10
12.9868001938,80.2585983276,76557,76567,10
12.9867401123,80.2588806152,76567,76577,10
12.9867296219,80.2590408325,76577,76588,11
12.9865703583,80.2592391968,76588,76598,10
12.9865503311,80.259552002,76598,76608,10
12.9867200851,80.2596511841,76608,79191,2583
12.9867200851,80.2596511841,79191,79201,10
12.986700058,80.2595901489,79201,79211,10
12.9866800308,80.259437561,79211,79221,10
12.9866104126,80.2592926025,79221,79231,10
12.9866199493,80.2591018677,79231,79241,10
12.9865999222,80.2591934204,79241,81874,2633
12.9866399765,80.2593078613,81874,82147,273
12.9866399765,80.2593078613,82147,82158,11
12.9866304398,80.2592010498,82158,82259,101
12.9868001938,80.2588577271,82259,83494,1235
12.9866695404,80.2591781616,83494,83605,111
12.9866199493,80.2592391968,83605,84608,1003
12.9866199493,80.2592391968,84608,84618,10
12.986579895,80.2592468262,84618,84729,111
12.9865503311,80.2591781616,84729,85539,810
12.9865503311,80.2591781616,85539,85550,11
12.9866304398,80.2594223022,85550,85570,20
