13.0263299942,80.2664489746,17,88,71
13.0263299942,80.2664489746,88,98,10
13.0261602402,80.2660675049,98,108,10
13.0263204575,80.2658462524,108,956,848
13.0261297226,80.2658233643,956,1037,81
13.0262899399,80.2657623291,1037,2127,1090
13.0262899399,80.2657623291,2127,2137,10
13.0261697769,80.2656478882,2137,2207,70
13.0263595581,80.2658081055,2207,2985,778
13.0263595581,80.2658081055,2985,2995,10
13.026140213,80.2658691406,2995,3096,101
13.0263299942,80.2658004761,3096,7224,4128
13.0263595581,80.2657394409,7224,7507,283
13.0262804031,80.2658004761,7507,19338,11831
13.0262804031,80.2658004761,19338,19348,10
13.0261497498,80.265838623,19348,19359,11
13.0259799957,80.2657470703,19359,19369,10
13.0257196426,80.265586853,19369,19379,10
13.0254497528,80.2654266357,19379,19389,10
13.0251502991,80.2652206421,19389,19399,10
13.0246801376,80.2648696899,19399,19409,10
13.0240802765,80.2644424438,19409,19419,10
13.0234098434,80.2640914917,19419,19429,10
13.0228004456,80.2637481689,19429,19439,10
13.0221796036,80.2634429932,19439,19449,10
13.021900177,80.2633132935,19449,19460,11
13.0213403702,80.2630996704,19460,19470,10
13.02064991,80.2630386353,19470,19480,10
13.0199804306,80.2630081177,19480,19490,10
13.0192604065,80.2629165649,19490,19500,10
13.0189304352,80.2626876831,19500,19510,10
13.0188302994,80.261932373,19510,19520,10
13.0186100006,80.2612533569,19520,19530,10
13.0180101395,80.2608795166,19530,19540,10
13.0173101425,80.2604064941,19540,19550,10
13.0165100098,80.2599182129,19550,19560,10
13.0159797668,80.2596588135,19560,19571,11
13.0153198242,80.2594299316,19571,19581,10
13.0144701004,80.2593231201,19581,19591,10
13.0135698318,80.2592926025,19591,19601,10
13.0125999451,80.2592468262,19601,19611,10
13.011639595,80.2592163086,19611,19621,10
13.0106601715,80.2592163086,19621,19631,10
13.0097503662,80.2592163086,19631,19641,10
13.0089197159,80.2592010498,19641,19651,10
13.008600235,80.2592086792,19651,19661,10
13.008020401,80.2592468262,19661,19672,11
13.0073795319,80.2592086792,19672,19682,10
13.0071401596,80.2586135864,19682,19692,10
13.0067901611,80.2579803467,19692,19702,10
13.0065002441,80.2574005127,19702,19712,10
13.0064897537,80.2566299438,19712,19722,10
13.0064897537,80.2557220459,19722,19732,10
13.0065097809,80.2547225952,19732,19741,9
13.0065002441,80.2537918091,19741,19752,11
13.0065002441,80.2532272339,19752,19762,10
13.0065202713,80.2529525757,19762,19772,10
13.0065603256,80.2523117065,19772,19783,11
13.0067300797,80.2514266968,19783,19793,10
13.0067396164,80.2504882813,19793,19803,10
13.0067396164,80.2493286133,19803,19813,10
13.0066699982,80.2481765747,19813,19822,9
13.0066604614,80.2473373413,19822,19832,10
13.0066404343,80.2467498779,19832,19843,11
13.0066204071,80.246711731,19843,19853,10
13.0065898895,80.2466125488,19853,19863,10
13.0066099167,80.2462310791,19863,19873,10
13.0066099167,80.2454986572,19873,19884,11
13.0066204071,80.2446670532,19884,19894,10
13.0066204071,80.2439880371,19894,19904,10
13.0065803528,80.2432022095,19904,19914,10
13.0065603256,80.2423019409,19914,19924,10
13.0065498352,80.2415466309,19924,19934,10
13.0065603256,80.2413024902,19934,19944,10
13.0066003799,80.2409210205,19944,19954,10
13.0067596436,80.2401580811,19954,19964,10
13.0069303513,80.2393112183,19964,19974,10
13.0071201324,80.23828125,19974,19984,10
13.007349968,80.2373123169,19984,19995,11
13.0073795319,80.236831665,19995,20005,10
13.0074796677,80.2365112305,20005,20015,10
13.0076398849,80.2359924316,20015,20025,10
13.0077896118,80.235206604,20025,20035,10
13.0079803467,80.2342605591,20035,20044,9
13.008190155,80.2332229614,20044,20055,11
13.0084600449,80.2318878174,20055,20065,10
13.0086898804,80.230682373,20065,20075,10
13.0089197159,80.2294921875,20075,20085,10
13.0091695786,80.2283172607,20085,20096,11
13.00963974,80.2271728516,20096,20106,10
13.0101299286,80.2261505127,20106,20116,10
13.01060009,80.225227356,20116,20126,10
13.01101017,80.2242889404,20126,20136,10
13.0113697052,80.2233505249,20136,20146,10
13.0116901398,80.2225112915,20146,20156,10
13.012049675,80.221572876,20156,20165,9
13.0123701096,80.2214202881,20165,20176,11
13.0127096176,80.2219161987,20176,20186,10
13.0132303238,80.2225875854,20186,20196,10
13.0139598846,80.2233200073,20196,20227,31
13.0139598846,80.2233200073,20227,20237,10
13.0140600204,80.2233963013,20237,20247,10
13.0141601563,80.2235031128,20247,20257,10
13.0145196915,80.2238769531,20257,20267,10
13.015130043,80.2246170044,20267,20277,10
13.015540123,80.2249526978,20277,20287,10
13.0157203674,80.2251205444,20287,20297,10
13.0162601471,80.2253036499,20297,20308,11
13.0171203613,80.2250595093,20308,20318,10
13.0180702209,80.2247009277,20318,20328,10
13.0190496445,80.2243499756,20328,20338,10
13.0199699402,80.2246627808,20338,20348,10
13.0207595825,80.2252578735,20348,20358,10
13.0215196609,80.2258224487,20358,20368,10
13.0220403671,80.2261962891,20368,20378,10
13.0221700668,80.2263183594,20378,20388,10
13.0225601196,80.2266769409,20388,20398,10
13.0230998993,80.2271881104,20398,20408,10
13.0238103867,80.2278366089,20408,20419,11
13.024479866,80.2285766602,20419,20429,10
13.0249700546,80.2292633057,20429,20439,10
13.025560379,80.2300796509,20439,20449,10
13.0260095596,80.2309799194,20449,20459,10
13.0263004303,80.231338501,20459,20469,10
13.0269899368,80.2311630249,20469,20479,10
13.0278701782,80.2309875488,20479,20489,10
13.028550148,80.2308807373,20489,20499,10
13.0287704468,80.2308731079,20499,20509,10
13.0291595459,80.2308502197,20509,20520,11
13.0296897888,80.230796814,20520,20530,10
13.0304403305,80.2307434082,20530,20540,10
13.0311098099,80.230682373,20540,20550,10
13.0318002701,80.2306289673,20550,20560,10
13.032699585,80.2305526733,20560,20570,10
13.0335798264,80.2304992676,20570,20579,9
13.0342197418,80.230430603,20579,20600,21
13.0344295502,80.2303390503,20600,22215,1615
13.0344295502,80.2303390503,22215,22226,11
13.0345201492,80.2303619385,22226,22236,10
13.034740448,80.2302932739,22236,22246,10
13.0349397659,80.2301635742,22246,22256,10
13.0351200104,80.2302627563,22256,22266,10
13.0349702835,80.2303466797,22266,22276,10
13.0347003937,80.2303466797,22276,22286,10
13.0345001221,80.2303924561,22286,22296,10
13.034119606,80.2304534912,22296,22316,20
13.034119606,80.2304534912,22316,22327,11
13.0339403152,80.2304916382,22327,22337,10
13.0335998535,80.2304916382,22337,22347,10
13.0332698822,80.230506897,22347,22357,10
13.0327701569,80.2305374146,22357,22367,10
13.0321798325,80.2306137085,22367,22377,10
13.0314798355,80.2306594849,22377,22387,10
13.0306997299,80.23072052,22387,22397,10
13.0301103592,80.2307815552,22397,22407,10
13.0298404694,80.230796814,22407,22417,10
13.0294103622,80.2308578491,22417,22427,10
13.0287504196,80.2309188843,22427,22438,11
13.0279598236,80.2309494019,22438,22448,10
13.027680397,80.2310791016,22448,22458,10
13.0277099609,80.2316207886,22458,22468,10
13.0277996063,80.2322235107,22468,22478,10
13.0278301239,80.2328109741,22478,22488,10
13.0268697739,80.2329711914,22488,22518,30
13.0268697739,80.2329711914,22518,22528,10
13.0266199112,80.233001709,22528,22539,11
13.0263595581,80.2328186035,22539,22549,10
13.0261602402,80.2321166992,22549,22559,10
13.0259304047,80.2311172485,22559,22569,10
13.0254497528,80.2300415039,22569,22579,10
13.0247097015,80.2291030884,22579,22589,10
13.0241298676,80.2284088135,22589,22599,10
13.0240001678,80.2282714844,22599,22609,10
13.0239400864,80.2281799316,22609,22619,10
13.0238599777,80.2280502319,22619,22629,10
13.0234804153,80.2276687622,22629,22639,10
13.0229196548,80.227142334,22639,22650,11
13.0221300125,80.2264404297,22650,22660,10
13.0212898254,80.225769043,22660,22670,10
13.020359993,80.2250900269,22670,22680,10
13.0193796158,80.2245101929,22680,22690,10
13.0182600021,80.2247009277,22690,22700,10
13.0171203613,80.2251815796,22700,22710,10
13.0161399841,80.2255630493,22710,22720,10
13.0152397156,80.2258987427,22720,22730,10
13.0145101547,80.2262115479,22730,22740,10
13.0143995285,80.2262496948,22740,22750,10
13.0142002106,80.2263031006,22750,22761,11
13.0136604309,80.2265167236,22761,22771,10
13.0128602982,80.2268295288,22771,22781,10
13.0118503571,80.2272186279,22781,22791,10
13.010720253,80.2276916504,22791,22801,10
13.0096902847,80.2281112671,22801,22811,10
13.0090999603,80.2288513184,22811,22821,10
13.0088996887,80.2299575806,22821,22831,10
13.0086803436,80.2311630249,22831,22841,10
13.0084400177,80.2324295044,22841,22851,10
13.0083303452,80.2334365845,22851,22862,11
13.0082998276,80.2335662842,22862,22872,10
13.0081996918,80.2337722778,22872,22882,10
13.0080795288,80.2343215942,22882,22892,10
13.0079202652,80.2350997925,22892,22902,10
13.0077295303,80.2360610962,22902,22912,10
13.0075101852,80.2372207642,22912,22922,10
13.0072898865,80.2384185791,22922,22932,10
13.0070800781,80.2394638062,22932,22942,10
13.0069303513,80.2402801514,22942,22952,10
13.0068998337,80.2407608032,22952,22962,10
13.0068998337,80.240852356,22962,22973,11
13.0068101883,80.2412490845,22973,22983,10
13.0067396164,80.2420425415,22983,22993,10
13.0067100525,80.2429962158,22993,23003,10
13.0066604614,80.2440719604,23003,23013,10
13.0066900253,80.245262146,23013,23023,10
13.0067195892,80.2464294434,23023,23033,10
13.006770134,80.2473373413,23033,23043,10
13.0067796707,80.2476196289,23043,23053,10
13.0067796707,80.2482223511,23053,23063,10
13.0068302155,80.2489776611,23063,23074,11
13.0068902969,80.2496032715,23074,23084,10
13.0068998337,80.2496795654,23084,23094,10
13.0068998337,80.2501220703,23094,23104,10
13.0068998337,80.250831604,23104,23114,10
13.0067996979,80.2517166138,23114,23124,10
13.0066299438,80.2527770996,23124,23134,10
13.0066204071,80.2539520264,23134,23144,10
13.006649971,80.2550964355,23144,23154,10
13.006649971,80.2562103271,23154,23164,10
13.0067300797,80.2572937012,23164,23185,21
13.0067300797,80.2572937012,23185,23195,10
13.0068397522,80.2576904297,23195,23205,10
13.0072097778,80.2583007813,23205,23215,10
13.0078802109,80.2587280273,23215,23225,10
13.0087900162,80.2590332031,23225,23235,10
13.009759903,80.2590637207,23235,23245,10
13.0108804703,80.2590637207,23245,23255,10
13.0121202469,80.2590637207,23255,23265,10
13.0134601593,80.2591094971,23265,23275,10
13.0147600174,80.2591629028,23275,23286,11
13.0159397125,80.2593765259,23286,23296,10
13.016409874,80.2596511841,23296,23306,10
13.0165596008,80.2597732544,23306,23316,10
13.0170497894,80.2601394653,23316,23326,10
13.0178203583,80.2606811523,23326,23336,10
13.0186500549,80.2612380981,23336,23346,10
13.0189504623,80.2614822388,23346,23356,10
13.0194702148,80.261932373,23356,23366,10
13.0200996399,80.2625427246,23366,23376,10
13.0202798843,80.2626495361,23376,23386,10
13.0204401016,80.2627410889,23386,23397,11
13.0209999084,80.2629318237,23397,23407,10
13.0217695236,80.2631912231,23407,23417,10
13.0221204758,80.2633666992,23417,23427,10
13.0225601196,80.2636032104,23427,23437,10
13.0229997635,80.2637786865,23437,23447,10
13.0230197906,80.2638015747,23447,23457,10
13.0234003067,80.2640686035,23457,23467,10
13.024020195,80.2644424438,23467,23477,10
13.0248203278,80.2649688721,23477,23487,10
13.0255403519,80.2655029297,23487,23498,11
13.0262298584,80.2658462524,23498,23508,10
13.0263395309,80.2655563354,23508,23518,10
13.0263900757,80.265007019,23518,23528,10
13.0264797211,80.2642288208,23528,23538,10
13.026550293,80.2640228271,23538,23548,10
13.0265798569,80.2639312744,23548,23558,10
13.0266504288,80.2635116577,23558,23568,10
13.0270004272,80.263458252,23568,23578,10
13.0275497437,80.2635879517,23578,23588,10
13.0283002853,80.2637634277,23588,23598,10
13.0290002823,80.2639389038,23598,23609,11
13.0292596817,80.2643203735,23609,23619,10
13.029299736,80.2649765015,23619,23629,10
13.029299736,80.2658462524,23629,23639,10
13.029250145,80.2664031982,23639,23649,10
13.0294704437,80.2665176392,23649,23659,10
13.030090332,80.2665863037,23659,23669,10
13.0310201645,80.2667388916,23669,23679,10
13.0318403244,80.2670822144,23679,23689,10
13.0324602127,80.2673873901,23689,23699,10
13.0330200195,80.2676773071,23699,23709,10
13.0338697433,80.2678909302,23709,23730,21
13.0338697433,80.2678909302,23730,23740,10
13.0340299606,80.2679367065,23740,23750,10
13.0344104767,80.2679672241,23750,23760,10
13.0344295502,80.2679672241,23760,23770,10
13.0345697403,80.2679824829,23770,23780,10
13.0346002579,80.2680969238,23780,23790,10
13.0344495773,80.268081665,23790,23821,31
13.0344495773,80.268081665,23821,23831,10
13.034070015,80.2679901123,23831,23841,10
13.0334100723,80.267868042,23841,24638,797
13.0334100723,80.267868042,24638,24648,10
13.0331401825,80.2677764893,24648,24658,10
13.032959938,80.2677536011,24658,24668,10
13.0327596664,80.2677001953,24668,24679,11
13.0323896408,80.2674636841,24679,24689,10
13.0317602158,80.2671585083,24689,24699,10
13.0311002731,80.2669296265,24699,24709,10
13.0302400589,80.2667617798,24709,24719,10
13.029800415,80.2666625977,24719,24729,10
13.029540062,80.2666015625,24729,24739,10
13.0291004181,80.2664794922,24739,24749,10
13.0284795761,80.2662887573,24749,24759,10
13.0276203156,80.2660675049,24759,24769,10
13.0267696381,80.2659988403,24769,24780,11
13.0262203217,80.26587677,24780,24790,10
13.0259103775,80.2657012939,24790,24800,10
13.025759697,80.2656326294,24800,24810,10
13.0253200531,80.2653427124,24810,24830,20
13.0253200531,80.2653427124,24830,24840,10
13.0250797272,80.2651596069,24840,24850,10
13.024600029,80.2648620605,24850,24860,10
13.0238704681,80.2643737793,24860,24870,10
13.0233001709,80.2640533447,24870,24880,10
13.0228395462,80.2637329102,24880,24891,11
13.0221500397,80.2634277344,24891,24901,10
13.0220603943,80.263381958,24901,24911,10
13.0218601227,80.2632827759,24911,24921,10
13.0213403702,80.263092041,24921,24931,10
13.0205001831,80.2630233765,24931,24941,10
13.0197601318,80.2629623413,24941,24951,10
13.0191297531,80.2629013062,24951,24961,10
13.0189599991,80.2625732422,24961,24971,10
13.0188598633,80.2618637085,24971,24981,10
13.0187101364,80.2613296509,24981,24992,11
13.0182695389,80.2610092163,24992,25002,10
13.0176000595,80.2605667114,25002,25012,10
13.0168504715,80.2601013184,25012,25022,10
13.0162401199,80.2597732544,25022,25032,10
13.0160703659,80.2596817017,25032,25042,10
13.0158004761,80.259552002,25042,25052,10
13.0151596069,80.2593688965,25052,25062,10
13.0143995285,80.2593231201,25062,25072,10
13.0134496689,80.2593002319,25072,25082,10
13.0123996735,80.259262085,25082,25092,10
13.011469841,80.2592391968,25092,25103,11
13.0106697083,80.2592391968,25103,25113,10
13.0100097656,80.259262085,25113,25123,10
13.0098695755,80.259262085,25123,25133,10
13.0094099045,80.2592163086,25133,25143,10
13.0090103149,80.259147644,25143,25153,10
13.0087003708,80.2591705322,25153,25163,10
13.0081300735,80.2591934204,25163,25173,10
13.0074701309,80.2593002319,25173,25183,10
13.0072402954,80.2587509155,25183,25193,10
13.0070896149,80.2584609985,25193,25204,11
13.0066404343,80.2577972412,25204,25214,10
13.0065002441,80.2567977905,25214,25224,10
13.0065097809,80.2557296753,25224,25234,10
13.0065698624,80.2548675537,25234,25244,10
13.0065402985,80.2540512085,25244,25254,10
13.0065603256,80.2532501221,25254,25264,10
13.0065603256,80.2531433105,25264,25274,10
13.0066003799,80.2525863647,25274,25284,10
13.0066900253,80.2519073486,25284,25335,51
13.0066900253,80.2519073486,25335,25345,10
13.0067796707,80.251739502,25345,25355,10
13.0068502426,80.2511367798,25355,25365,10
13.0068302155,80.2501983643,25365,25375,10
13.0067996979,80.2490615845,25375,25385,10
13.0066900253,80.2480392456,25385,25395,10
13.0066604614,80.247543335,25395,25426,31
13.0066604614,80.247543335,25426,25436,10
13.0066404343,80.2471466064,25436,25446,10
13.0065803528,80.24659729,25446,25456,10
13.0066299438,80.2463989258,25456,25466,10
13.006649971,80.2458572388,25466,25476,10
13.0066404343,80.2449798584,25476,25486,10
13.0066404343,80.2440185547,25486,25496,10
13.0066099167,80.243019104,25496,25506,10
13.0066003799,80.2421417236,25506,25516,10
13.0065698624,80.2418289185,25516,25527,11
13.0065698624,80.2417221069,25527,25537,10
13.0065803528,80.2415924072,25537,25547,10
13.0066099167,80.2410888672,25547,25557,10
13.0067396164,80.2404098511,25557,25567,10
13.0068702698,80.2396774292,25567,25577,10
13.0070495605,80.2387008667,25577,25587,10
13.0072803497,80.2375793457,25587,25597,10
13.007399559,80.2368011475,25597,25607,10
13.0074100494,80.2367630005,25607,25617,10
13.0074996948,80.2364883423,25617,25627,10
13.0076398849,80.2359237671,25627,25638,11
13.0078201294,80.2350234985,25638,25648,10
13.0079603195,80.2344436646,25648,25658,10
13.0081396103,80.2334899902,25658,25668,10
13.0083599091,80.2323608398,25668,25678,10
13.0086097717,80.2311325073,25678,25688,10
13.0088596344,80.2298431396,25688,25698,10
13.0091199875,80.2285079956,25698,25708,10
13.0096101761,80.2272033691,25708,25718,10
13.0101003647,80.2260818481,25718,25728,10
13.0106201172,80.2251205444,25728,25739,11
13.0110502243,80.2240982056,25739,25749,10
13.011469841,80.2230072021,25749,25759,10
13.0118598938,80.2218933105,25759,25769,10
13.0122804642,80.2213668823,25769,25779,10
13.0124597549,80.2216110229,25779,25789,10
13.0128698349,80.2221908569,25789,25799,10
13.0135402679,80.2229309082,25799,25809,10
13.0143699646,80.2239227295,25809,25819,10
13.0151500702,80.2247009277,25819,25829,10
13.0155296326,80.2249603271,25829,25839,10
13.0156297684,80.2250289917,25839,25850,11
13.0161304474,80.2253265381,25850,25860,10
13.0170097351,80.2251434326,25860,25870,10
13.018119812,80.2247009277,25870,25880,10
13.0192203522,80.2243804932,25880,25890,10
13.0201702118,80.2248306274,25890,25900,10
13.0211400986,80.2255325317,25900,25910,10
13.021900177,80.2260665894,25910,25920,10
13.0220003128,80.2261505127,25920,25930,10
13.0221204758,80.2262802124,25930,25940,10
13.0225601196,80.2266387939,25940,25950,10
13.0232000351,80.2272415161,25950,25961,11
13.024020195,80.2280273438,25961,25971,10
13.0244998932,80.2286834717,25971,25981,10
13.0249595642,80.2293167114,25981,25991,10
13.0254898071,80.2300186157,25991,26001,10
13.0259399414,80.230796814,26001,26011,10
13.0261497498,80.2313232422,26011,26021,10
13.0267295837,80.2312011719,26021,26031,10
13.0276098251,80.2309799194,26031,26041,10
13.0283298492,80.2308807373,26041,26051,10
13.0284996033,80.2308883667,26051,26062,11
13.0291004181,80.2308425903,26062,26072,10
13.0296201706,80.2307891846,26072,26082,10
13.0303602219,80.23072052,26082,26092,10
13.0308504105,80.2306976318,26092,26102,10
13.0312099457,80.2306900024,26102,26112,10
13.0317401886,80.2306365967,26112,26122,10
13.03262043,80.2305908203,26122,26132,10
13.0335903168,80.2305221558,26132,26142,10
13.0342998505,80.23046875,26142,26152,10
13.0347995758,80.2303237915,26152,26162,10
13.0349397659,80.2301101685,26162,26173,11
13.0346002579,80.2300186157,26173,27404,1231
13.0342702866,80.230140686,27404,27707,303
13.0342702866,80.230140686,27707,27717,10
13.0341796875,80.2302627563,27717,27727,10
13.0341100693,80.2304229736,27727,27737,10
13.033829689,80.2304382324,27737,27747,10
13.0335102081,80.230430603,27747,27757,10
13.0334100723,80.2304382324,27757,27768,11
13.0331296921,80.23046875,27768,27778,10
13.0325098038,80.2305526733,27778,27788,10
13.0316696167,80.2306213379,27788,27798,10
13.03083992,80.23072052,27798,27808,10
13.0301799774,80.2307891846,27808,27818,10
13.029999733,80.230796814,27818,27828,10
13.0298900604,80.2308120728,27828,27838,10
13.029800415,80.2308273315,27838,27848,10
13.029419899,80.2308731079,27848,27858,10
13.0288200378,80.2308883667,27858,27868,10
13.0281095505,80.2309570313,27868,27879,11
13.0277299881,80.231048584,27879,27889,10
13.0277099609,80.2315368652,27889,27899,10
13.0277500153,80.2319412231,27899,27909,10
13.0278596878,80.2324295044,27909,27919,10
13.0277500153,80.2328186035,27919,27929,10
13.027299881,80.2329025269,27929,27939,10
13.027130127,80.2329483032,27939,27949,10
13.0269203186,80.2329177856,27949,27959,10
13.0265197754,80.232963562,27959,27969,10
13.0262298584,80.2323608398,27969,27979,10
13.0260095596,80.2314987183,27979,27990,11
13.0255699158,80.2303771973,27990,28000,10
13.0248804092,80.2293930054,28000,28010,10
13.0242795944,80.2286071777,28010,28020,10
13.0239896774,80.2283325195,28020,28030,10
13.0239400864,80.2282714844,28030,28040,10
13.0236701965,80.2279281616,28040,28050,10
13.0231304169,80.2273864746,28050,28060,10
13.0224599838,80.2267608643,28060,28070,10
13.0216398239,80.22605896,28070,28080,10
13.0209798813,80.2255401611,28080,28091,11
13.0206604004,80.2253036499,28091,28101,10
13.0203895569,80.225151062,28101,28111,10
13.0198202133,80.2247467041,28111,28121,10
13.0188999176,80.2244796753,28121,28131,10
13.0178403854,80.224861145,28131,28141,10
13.0167999268,80.2253036499,28141,28151,10
13.015999794,80.2256011963,28151,28161,10
13.0151901245,80.2259368896,28161,28171,10
13.0145301819,80.2261810303,28171,28181,10
13.0142602921,80.2263412476,28181,28202,21
13.0142602921,80.2263412476,28202,28212,10
13.0140104294,80.2264099121,28212,28222,10
13.0134801865,80.2266082764,28222,28232,10
13.012720108,80.2269134521,28232,28242,10
13.0118398666,80.2272567749,28242,28252,10
13.0108604431,80.2276611328,28252,28262,10
13.0098304749,80.2280731201,28262,28272,10
13.0091400146,80.2286834717,28272,28282,10
13.008939743,80.2296981812,28282,28292,10
13.0087404251,80.230796814,28292,28303,11
13.0085296631,80.2321014404,28303,28313,10
13.0083503723,80.2331008911,28313,28323,10
13.008310318,80.2334976196,28323,28333,10
13.0082998276,80.2335205078,28333,28343,10
13.0082397461,80.2337036133,28343,28353,10
13.0081195831,80.2341308594,28353,28363,10
13.0079698563,80.23487854,28363,28373,10
13.0077896118,80.2358093262,28373,28383,10
13.0075998306,80.2368164063,28383,28393,10
13.0073795319,80.2379074097,28393,28403,10
13.007229805,80.238861084,28403,28414,11
13.0070495605,80.2397003174,28414,28424,10
13.0069704056,80.2400436401,28424,28434,10
13.006939888,80.2403335571,28434,28444,10
13.0068798065,80.240852356,28444,28464,20
13.0068798065,80.240852356,28464,28474,10
13.0068101883,80.2410964966,28474,28484,10
13.006770134,80.2416992188,28484,28494,10
13.0067796707,80.2425003052,28494,28504,10
13.0067501068,80.243309021,28504,28514,10
13.0067596436,80.244178772,28514,28525,11
13.0067796707,80.2452392578,28525,28535,10
13.0067796707,80.2462005615,28535,28545,10
13.0067996979,80.2470321655,28545,28555,10
13.0067501068,80.2477035522,28555,28565,10
13.0067901611,80.2485427856,28565,28575,10
13.0068998337,80.2494430542,28575,28595,20
13.0068998337,80.2494430542,28595,28605,10
13.0069103241,80.2495803833,28605,28615,10
13.0068702698,80.2501602173,28615,28626,11
13.0068702698,80.2510986328,28626,28636,10
13.0066900253,80.2521362305,28636,28646,10
13.0065898895,80.2533416748,28646,28656,10
13.0066099167,80.2545089722,28656,28666,10
13.0066404343,80.2554321289,28666,28676,10
13.0066604614,80.2562789917,28676,28686,10
13.0066795349,80.256942749,28686,28696,10
13.0066699982,80.2570724487,28696,28706,10
13.0066795349,80.2574615479,28706,28716,10
13.0069704056,80.2580718994,28716,28726,10
13.0074996948,80.2585678101,28726,28737,11
13.0077400208,80.2586669922,28737,28747,10
13.0077800751,80.258682251,28747,28757,10
13.0081596375,80.2588577271,28757,28767,10
13.0088396072,80.2590637207,28767,28777,10
13.0096797943,80.2590789795,28777,28787,10
13.0107603073,80.2590866089,28787,28797,10
13.011879921,80.2590789795,28797,28807,10
13.0130500793,80.2591171265,28807,28817,10
13.0142202377,80.2591629028,28817,28827,10
13.0153398514,80.2592163086,28827,28837,10
13.0162801743,80.2595367432,28837,28848,11
13.0165195465,80.2596969604,28848,28858,10
13.0165596008,80.2596893311,28858,28868,10
13.0166301727,80.2598266602,28868,28878,10
13.0170297623,80.2601089478,28878,28888,10
13.0177402496,80.260597229,28888,28898,10
13.0185403824,80.2611465454,28898,28908,10
13.0192899704,80.261756897,28908,28918,10
13.0196504593,80.2621078491,28918,28928,10
13.0200996399,80.2625198364,28928,28938,10
13.0207395554,80.262840271,28938,28949,11
13.0216197968,80.263130188,28949,28959,10
13.0220899582,80.2633590698,28959,28969,10
13.0225000381,80.2636032104,28969,28979,10
13.0229997635,80.2638473511,28979,28989,10
13.0233697891,80.2640609741,28989,28999,10
13.0240497589,80.2644729614,28999,29009,10
13.0248003006,80.2649688721,29009,29019,10
13.0254602432,80.2654571533,29019,29029,10
13.026140213,80.2658309937,29029,29039,10
13.0263795853,80.2654876709,29039,29049,10
13.0264101028,80.2650985718,29049,29060,11
13.0264797211,80.2643966675,29060,29070,10
13.0264902115,80.264213562,29070,29080,10
13.0265398026,80.2639465332,29080,29090,10
13.026599884,80.263458252,29090,29100,10
13.0269498825,80.2634429932,29100,29110,10
13.0274896622,80.2635269165,29110,29120,10
13.0280504227,80.2636566162,29120,29130,10
13.0281801224,80.2637329102,29130,29140,10
13.0285797119,80.2638397217,29140,29150,10
13.0289697647,80.2639465332,29150,29160,10
13.0291700363,80.2640075684,29160,29171,11
13.0293102264,80.2642669678,29171,29181,10
13.029299736,80.2648010254,29181,29191,10
13.0293197632,80.2652664185,29191,29201,10
13.0293302536,80.265296936,29201,29211,10
13.0293102264,80.2656097412,29211,29221,10
13.0292901993,80.26587677,29221,29231,10
13.0292797089,80.2660293579,29231,29241,10
13.0292396545,80.2664031982,29241,29251,10
13.0295495987,80.2665634155,29251,29261,10
13.0301399231,80.2666778564,29261,29272,11
13.0310201645,80.2668228149,29272,29282,10
13.0316696167,80.2670516968,29282,29292,10
13.0323200226,80.2673568726,29292,29302,10
13.0326795578,80.2676086426,29302,29312,10
13.0331201553,80.2677612305,29312,29322,10
13.0338602066,80.2678985596,29322,29372,50
13.0338602066,80.2678985596,29372,29383,11
13.0344495773,80.2679901123,29383,29393,10
13.0346403122,80.2680587769,29393,29403,10
13.0344600677,80.268119812,29403,29413,10
13.0342302322,80.2680282593,29413,29423,10
13.0338697433,80.2679595947,29423,29433,10
13.0333795547,80.2678833008,29433,29988,555
13.0332098007,80.2678527832,29988,30442,454
13.0332098007,80.2678527832,30442,30452,10
13.0332403183,80.2678833008,30452,30594,142
13.0332403183,80.2678833008,30594,30604,10
13.0329999924,80.267791748,30604,30614,10
13.0327196121,80.2677001953,30614,30624,10
13.0324401855,80.2674636841,30624,30634,10
13.0320396423,80.2672576904,30634,30644,10
13.0314702988,80.2669906616,30644,30654,10
13.0309495926,80.2668228149,30654,30664,10
13.029800415,80.2666625977,30664,30685,21
13.029800415,80.2666625977,30685,30695,10
13.0294399261,80.2666778564,30695,30705,10
13.0291099548,80.2664794922,30705,30715,10
13.0284996033,80.2662963867,30715,30725,10
13.0279302597,80.2662277222,30725,30735,10
13.0272197723,80.2661209106,30735,30745,10
13.0263500214,80.2659988403,30745,30796,51
13.0263500214,80.2659988403,30796,30806,10
13.0260601044,80.2658920288,30806,30816,10
13.0252599716,80.2653884888,30816,30836,20
13.0252599716,80.2653884888,30836,30846,10
13.0250701904,80.2652511597,30846,30856,10
13.0247898102,80.2649688721,30856,30866,10
13.0244598389,80.2647171021,30866,30876,10
13.0238704681,80.2643585205,30876,30887,11
13.0231304169,80.2639923096,30887,30897,10
13.0221700668,80.2634811401,30897,30917,20
13.0221700668,80.2634811401,30917,30927,10
13.0219697952,80.2633666992,30927,30937,10
13.0216398239,80.2631988525,30937,30947,10
13.020939827,80.2630691528,30947,30957,10
13.0202903748,80.2630310059,30957,30967,10
13.0198497772,80.2630004883,30967,30977,10
13.0193595886,80.2629470825,30977,30987,10
13.0189599991,80.2627792358,30987,30998,11
13.0188703537,80.2620773315,30998,31008,10
13.0187997818,80.2615890503,31008,31018,10
13.0187397003,80.2613983154,31018,31028,10
13.0186195374,80.2612609863,31028,31038,10
13.018529892,80.2611999512,31038,31048,10
13.0183601379,80.2610778809,31048,31058,10
13.0180902481,80.2609481812,31058,31068,10
13.0178699493,80.2608032227,31068,31078,10
13.0178604126,80.2607803345,31078,31088,10
13.0176200867,80.2606201172,31088,31098,10
13.0172996521,80.2604064941,31098,31109,11
13.0166702271,80.2599868774,31109,31119,10
13.0160799026,80.2596817017,31119,31139,20
13.0160799026,80.2596817017,31139,31149,10
13.0159597397,80.2596435547,31149,31159,10
13.0154800415,80.2594528198,31159,31169,10
13.0147695541,80.2593383789,31169,31179,10
13.0139703751,80.2593002319,31179,31189,10
13.0130596161,80.259262085,31189,31199,10
13.0121002197,80.2592163086,31199,31210,11
13.0110397339,80.2592010498,31210,31220,10
13.010140419,80.259262085,31220,31230,10
13.0098600388,80.2592391968,31230,31240,10
13.009759903,80.2592315674,31240,31250,10
13.0093002319,80.259262085,31250,31260,10
13.0087995529,80.2592086792,31260,31270,10
13.0084600449,80.2591629028,31270,31280,10
13.0078802109,80.2592468262,31280,31290,10
13.0071897507,80.2586975098,31290,31310,20
13.0071897507,80.2586975098,31310,31321,11
13.0070400238,80.2583694458,31321,31331,10
13.0068502426,80.2580566406,31331,31341,10
13.0066604614,80.2577667236,31341,31351,10
13.006480217,80.2575683594,31351,31361,10
13.0064601898,80.2568969727,31361,31371,10
13.006480217,80.2559432983,31371,31381,10
13.006529808,80.2550430298,31381,31391,10
13.0064897537,80.2540512085,31391,31401,10
13.006480217,80.2532272339,31401,31421,20
13.006480217,80.2532272339,31421,31432,11
13.0064697266,80.2529602051,31432,31442,10
13.0064897537,80.2524185181,31442,31462,20
13.0064897537,80.2524185181,31462,31472,10
13.0066204071,80.2522888184,31472,31482,10
13.0066795349,80.2517929077,31482,31492,10
13.0067796707,80.2510070801,31492,31502,10
13.006770134,80.250579834,31502,31512,10
13.0067796707,80.2496566772,31512,31522,10
13.0066404343,80.2489089966,31522,31603,81
13.0066404343,80.2489089966,31603,31613,10
13.006649971,80.2485961914,31613,31623,10
13.0066299438,80.2483596802,31623,31633,10
13.0066204071,80.2479324341,31633,31644,11
13.0065898895,80.2474594116,31644,31654,10
13.0066003799,80.247253418,31654,31664,10
13.0066204071,80.2471389771,31664,31674,10
13.0065603256,80.246711731,31674,31694,20
13.0065603256,80.246711731,31694,31704,10
13.0065603256,80.24659729,31704,31714,10
13.0066299438,80.2462921143,31714,31724,10
13.0066404343,80.2456588745,31724,31734,10
13.0066604614,80.2451171875,31734,31744,10
13.0066404343,80.2447433472,31744,31755,11
13.0066404343,80.2442779541,31755,31765,10
13.0066204071,80.243812561,31765,31775,10
13.0065803528,80.2431716919,31775,31785,10
13.0065498352,80.2424163818,31785,31795,10
13.0065402985,80.2418289185,31795,31805,10
13.0065402985,80.2417984009,31805,31815,10
13.006529808,80.2416687012,31815,31825,10
13.0065698624,80.2411880493,31825,31835,10
13.0066099167,80.2409210205,31835,31845,10
13.0066900253,80.2406005859,31845,31855,10
13.006819725,80.2400512695,31855,31866,11
13.0069904327,80.2392272949,31866,31876,10
13.0071401596,80.238319397,31876,31886,10
13.0073003769,80.2375564575,31886,31896,10
13.0073900223,80.2369308472,31896,31906,10
13.0073900223,80.236869812,31906,31916,10
13.007399559,80.2368164063,31916,31926,10
13.007519722,80.2364425659,31926,31936,10
13.0076704025,80.2358016968,31936,31946,10
13.0078401566,80.2349624634,31946,31956,10
13.0080604553,80.2340011597,31956,31966,10
13.0082902908,80.2327575684,31966,31977,11
13.0085601807,80.2314071655,31977,31987,10
13.0087995529,80.23021698,31987,31997,10
13.0090198517,80.2291564941,31997,32007,10
13.0093002319,80.2279586792,32007,32017,10
13.009759903,80.2269134521,32017,32027,10
13.0102596283,80.2258377075,32027,32037,10
13.0107097626,80.2248764038,32037,32047,10
13.0111503601,80.2238922119,32047,32057,10
13.0115499496,80.2229995728,32057,32067,10
13.0118598938,80.2221984863,32067,32078,11
13.0121803284,80.2214889526,32078,32088,10
13.0123596191,80.2214736938,32088,32098,10
13.0125598907,80.2218170166,32098,32108,10
13.0130300522,80.2223892212,32108,32118,10
13.0135698318,80.2229614258,32118,32128,10
13.0140600204,80.2235336304,32128,32138,10
13.014380455,80.2240066528,32138,32148,10
13.0148200989,80.2244796753,32148,32158,10
13.0148897171,80.2245178223,32158,32168,10
13.0150604248,80.2246398926,32168,32179,11
13.0151996613,80.2248306274,32179,32189,10
13.0155296326,80.2250823975,32189,32199,10
13.0156602859,80.2251434326,32199,32209,10
13.0157699585,80.225189209,32209,32219,10
13.0163803101,80.2253112793,32219,32229,10
13.0171804428,80.2250595093,32229,32239,10
13.0181303024,80.2246780396,32239,32249,10
13.0187997818,80.2244110107,32249,32259,10
13.0193300247,80.224357605,32259,32269,10
13.019659996,80.2244720459,32269,32279,10
13.0199604034,80.2246932983,32279,32290,11
13.02023983,80.2249069214,32290,32300,10
13.0207300186,80.2252502441,32300,32310,10
13.0211496353,80.2256011963,32310,32320,10
13.0215997696,80.2259368896,32320,32330,10
13.0218496323,80.2260971069,32330,32340,10
13.0219802856,80.2262115479,32340,32350,10
13.0221300125,80.2263336182,32350,32360,10
13.022480011,80.2266464233,32360,32370,10
13.0229597092,80.2270812988,32370,32380,10
13.0231599808,80.2272720337,32380,32390,10
13.0232000351,80.2272872925,32390,32401,11
13.0233201981,80.2273712158,32401,32411,10
13.0234298706,80.2275009155,32411,32421,10
13.0236196518,80.2276611328,32421,32431,10
13.0238399506,80.2278594971,32431,32441,10
13.0240802765,80.2281799316,32441,32451,10
13.0242395401,80.2283706665,32451,32461,10
13.0246496201,80.2288665771,32461,32491,30
13.0246496201,80.2288665771,32491,32501,10
13.0247402191,80.2289962769,32501,32512,11
13.0250902176,80.2294921875,32512,32522,10
13.0255498886,80.2300567627,32522,32562,40
13.0255498886,80.2300567627,32562,32572,10
13.0257797241,80.2304382324,32572,32582,10
13.0259199142,80.230758667,32582,32592,10
13.0260000229,80.2310562134,32592,32602,10
13.0261697769,80.231338501,32602,32613,11
13.0269603729,80.2311172485,32613,32623,10
13.0278301239,80.2309494019,32623,32633,10
13.028429985,80.2308807373,32633,32643,10
13.0285396576,80.2308578491,32643,32653,10
13.0287904739,80.2308425903,32653,32663,10
13.0291996002,80.2308120728,32663,32673,10
13.029299736,80.230796814,32673,32683,10
13.0297002792,80.2307815552,32683,32693,10
13.0302495956,80.2307510376,32693,32703,10
13.0308198929,80.23072052,32703,32713,10
13.0314702988,80.2306594849,32713,32724,11
13.0323495865,80.2305908203,32724,32734,10
13.0331296921,80.2305221558,32734,32744,10
13.0336999893,80.2304763794,32744,32754,10
13.0342302322,80.2304382324,32754,32764,10
13.0347299576,80.2303237915,32764,32774,10
13.0350904465,80.2300796509,32774,32915,141
13.0350904465,80.2300796509,32915,32925,10
13.0348901749,80.2297592163,32925,33067,142
13.0345201492,80.2297973633,33067,33097,30
13.0345201492,80.2297973633,33097,33107,10
13.0342998505,80.2297286987,33107,33158,51
13.0342597961,80.2301177979,33158,33178,20
13.0342597961,80.2301177979,33178,33188,10
13.0341796875,80.2304077148,33188,33198,10
13.0339097977,80.2303771973,33198,33208,10
13.0335798264,80.230430603,33208,33218,10
13.033539772,80.2304382324,33218,33228,10
13.0332698822,80.2305221558,33228,33238,10
13.032699585,80.2305679321,33238,33248,10
13.0314302444,80.2306594849,33248,33279,31
13.0314302444,80.2306594849,33279,33289,10
13.0313396454,80.2306671143,33289,33299,10
13.0311403275,80.230682373,33299,33309,10
13.0309400558,80.2306976318,33309,33319,10
13.0307703018,80.23072052,33319,33329,10
13.030579567,80.2307510376,33329,33339,10
13.0302696228,80.2307891846,33339,33349,10
13.0301799774,80.230796814,33349,33359,10
13.0299196243,80.2308120728,33359,33370,11
13.0296401978,80.2308197021,33370,33390,20
13.0296401978,80.2308197021,33390,33400,10
13.0294103622,80.2308731079,33400,33410,10
13.0288801193,80.2309036255,33410,33420,10
13.0281295776,80.2309875488,33420,33430,10
13.0277004242,80.2310791016,33430,33440,10
13.0277004242,80.2314987183,33440,33450,10
13.0277395248,80.2320327759,33450,33460,10
13.0278396606,80.2325210571,33460,33470,10
13.0278396606,80.2325820923,33470,33481,11
13.027879715,80.2326812744,33481,33491,10
13.027680397,80.2328033447,33491,33501,10
13.0273599625,80.2328567505,33501,33511,10
13.0270700455,80.2329406738,33511,33521,10
13.0268001556,80.232963562,33521,33592,71
13.0268001556,80.232963562,33592,33602,10
13.0266399384,80.2329788208,33602,33612,10
13.0263900757,80.2328262329,33612,33622,10
13.0262203217,80.2322387695,33622,33632,10
13.0261297226,80.2318191528,33632,33642,10
13.02602005,80.2313613892,33642,33652,10
13.0257797241,80.2305831909,33652,33662,10
13.0253000259,80.2298202515,33662,33672,10
13.0249795914,80.2294464111,33672,33682,10
13.0248498917,80.2293014526,33682,33693,11
13.0246400833,80.2290420532,33693,33703,10
13.0244398117,80.2287979126,33703,33713,10
13.0242595673,80.2285232544,33713,33723,10
13.0240602493,80.2283172607,33723,33733,10
13.0240497589,80.228302002,33733,33743,10
13.0239696503,80.2281494141,33743,33753,10
13.0235900879,80.2277374268,33753,33763,10
13.0230998993,80.2272186279,33763,33773,10
13.0225200653,80.2266998291,33773,33783,10
13.02202034,80.2262802124,33783,33793,10
13.0215396881,80.2258987427,33793,33804,11
13.0209598541,80.2254562378,33804,33814,10
13.0203504562,80.2250366211,33814,33824,10
13.0195398331,80.2245330811,33824,33834,10
13.0184602737,80.2246170044,33834,33844,10
13.0173101425,80.2250976563,33844,33854,10
13.0163402557,80.2255096436,33854,33864,10
13.0154600143,80.2258224487,33864,33874,10
13.0146799088,80.2261581421,33874,33884,10
13.0139102936,80.2265396118,33884,33905,21
13.0139102936,80.2265396118,33905,33915,10
13.0138397217,80.226600647,33915,33925,10
13.0136098862,80.2266387939,33925,33935,10
13.013299942,80.2266998291,33935,33945,10
13.0126695633,80.2269363403,33945,33955,10
13.011879921,80.2272567749,33955,33965,10
13.0110197067,80.2276229858,33965,33975,10
13.0101003647,80.2279891968,33975,33985,10
13.0092802048,80.2284164429,33985,33995,10
13.0090398788,80.2293319702,33995,34005,10
13.0088500977,80.2303085327,34005,34016,11
13.0086402893,80.2313232422,34016,34026,10
13.0085201263,80.2320404053,34026,34036,10
13.0084400177,80.2325515747,34036,34046,10
13.0082798004,80.2331924438,34046,34056,10
13.0082702637,80.2335891724,34056,34066,10
13.0082702637,80.2336120605,34066,34076,10
13.0081396103,80.2339706421,34076,34086,10
13.0080299377,80.2345809937,34086,34096,10
13.0078802109,80.2354736328,34096,34106,10
13.0076704025,80.2365112305,34106,34116,10
13.007519722,80.2372207642,34116,34127,11
13.0073795319,80.2378311157,34127,34137,10
13.0073404312,80.2380599976,34137,34147,10
13.0072498322,80.2384262085,34147,34157,10
13.0071401596,80.2390899658,34157,34167,10
13.0070400238,80.2396316528,34167,34177,10
13.0069904327,80.2398834229,34177,34187,10
13.0069103241,80.240020752,34187,34278,91
13.0069103241,80.240020752,34278,34288,10
13.0069303513,80.2405395508,34288,34298,10
13.0068902969,80.2407989502,34298,34308,10
13.0068502426,80.2409667969,34308,34318,10
13.0067901611,80.2415771484,34318,34338,20
13.0067901611,80.2415771484,34338,34349,11
13.0067596436,80.2419433594,34349,34359,10
13.0067596436,80.2423706055,34359,34399,40
13.0067596436,80.2423706055,34399,34409,10
13.0067195892,80.243057251,34409,34470,61
13.0067195892,80.243057251,34470,34480,10
13.0067396164,80.2434768677,34480,34490,10
13.0067100525,80.2438812256,34490,34500,10
13.0066995621,80.2446289063,34500,34510,10
13.0067100525,80.2451400757,34510,34520,10
13.0067501068,80.2457199097,34520,34530,10
13.0067796707,80.2462463379,34530,34561,31
13.0067501068,80.2466812134,34561,34591,30
13.0067501068,80.2466812134,34591,34601,10
13.006770134,80.2471084595,34601,34611,10
13.0067501068,80.2476119995,34611,34621,10
13.006770134,80.2484512329,34621,34631,10
13.0069103241,80.2495574951,34631,34651,20
13.0069103241,80.2495574951,34651,34661,10
13.0069198608,80.24974823,34661,34672,11
13.0068998337,80.2504501343,34672,34682,10
13.0069503784,80.2512283325,34682,34692,10
13.0068397522,80.2519226074,34692,34702,10
13.0067195892,80.2528381348,34702,34712,10
13.0066795349,80.2539215088,34712,34722,10
13.0066699982,80.2549285889,34722,34732,10
13.006649971,80.2560806274,34732,34742,10
13.0066995621,80.2573394775,34742,34752,10
13.0078296661,80.2586898804,34752,34773,21
13.0078296661,80.2586898804,34773,34783,10
13.0079402924,80.2587585449,34783,34793,10
13.0082397461,80.2589416504,34793,34803,10
13.0085601807,80.2590103149,34803,34813,10
13.0089998245,80.2590637207,34813,34823,10
13.0096597672,80.2590408325,34823,34833,10
13.0106201172,80.2590637207,34833,34843,10
13.0117797852,80.2590408325,34843,34853,10
13.0130701065,80.2591018677,34853,34863,10
13.0143098831,80.2591171265,34863,34873,10
13.0148601532,80.2591400146,34873,34884,11
13.0151395798,80.2591629028,34884,34894,10
13.0151996613,80.2591629028,34894,34904,10
13.0154895782,80.2592010498,34904,34914,10
13.015709877,80.2592697144,34914,34924,10
13.0158500671,80.2593231201,34924,34934,10
13.016169548,80.2594985962,34934,34954,20
13.016169548,80.2594985962,34954,34964,10
13.0163002014,80.2595977783,34964,34974,10
13.016500473,80.2597732544,34974,34984,10
13.016579628,80.2598724365,34984,34995,11
13.0168304443,80.2600479126,34995,35005,10
13.0173902512,80.2604217529,35005,35015,10
13.0180902481,80.2608795166,35015,35025,10
13.0186500549,80.2612380981,35025,35035,10
13.018910408,80.26146698,35035,35045,10
13.0191802979,80.26171875,35045,35055,10
13.0194101334,80.2618865967,35055,35065,10
13.0195598602,80.262046814,35065,35075,10
13.0197401047,80.2622375488,35075,35085,10
13.0202102661,80.2626190186,35085,35096,11
13.0203104019,80.2627029419,35096,35106,10
13.0207700729,80.262878418,35106,35116,10
13.0215396881,80.2631378174,35116,35126,10
13.022069931,80.2633514404,35126,35136,10
13.0224103928,80.2634887695,35136,35146,10
13.0227003098,80.2636566162,35146,35156,10
13.0230197906,80.2638702393,35156,35166,10
13.0232400894,80.263961792,35166,35176,10
13.023730278,80.2642593384,35176,35186,10
13.024430275,80.2646865845,35186,35196,10
13.0249204636,80.265083313,35196,35207,11
13.0255699158,80.2654800415,35207,35217,10
13.026140213,80.265838623,35217,35227,10
13.0263395309,80.2656707764,35227,35237,10
13.0263900757,80.2650604248,35237,35247,10
13.0265102386,80.264213562,35247,35257,10
13.026550293,80.263923645,35257,35267,10
13.0265798569,80.2638092041,35267,35277,10
13.0266199112,80.263420105,35277,35287,10
13.0269098282,80.2633666992,35287,35297,10
13.0275802612,80.2635574341,35297,35307,10
13.0282096863,80.2637634277,35307,35318,11
13.0284204483,80.2638778687,35318,35328,10
13.0289001465,80.2639389038,35328,35338,10
13.0293903351,80.2641677856,35338,35347,9
13.0293397903,80.2644195557,35347,35358,11
13.0293302536,80.26512146,35358,35368,10
13.0293102264,80.2658996582,35368,35378,10
13.029299736,80.2660522461,35378,35388,10
13.0292396545,80.2662200928,35388,35398,10
13.0293302536,80.266456604,35398,35408,10
13.0297203064,80.2665481567,35408,35418,10
13.0302600861,80.2666320801,35418,35429,11
13.031080246,80.2667922974,35429,35439,10
13.0317802429,80.2670593262,35439,35449,10
13.0324897766,80.2674179077,35449,35459,10
13.0330200195,80.2677001953,35459,35469,10
13.0334501266,80.267791748,35469,35479,10
13.0340995789,80.2678909302,35479,35509,30
13.0340995789,80.2678909302,35509,35519,10
13.0343599319,80.2679672241,35519,35529,10
13.0345602036,80.2679901123,35529,35540,11
13.0346097946,80.2681121826,35540,35550,10
13.0345401764,80.2681808472,35550,35560,10
13.0342998505,80.2680435181,35560,35570,10
13.0339803696,80.2679672241,35570,35580,10
13.0337400436,80.2678985596,35580,35590,10
13.033370018,80.2678375244,35590,36509,919
13.0333204269,80.2678222656,36509,36529,20
13.0333204269,80.2678222656,36529,36539,10
13.0332603455,80.2678604126,36539,36821,282
13.0332603455,80.2678604126,36821,36832,11
13.0331897736,80.2677764893,36832,36842,10
13.0329799652,80.2677307129,36842,36852,10
13.0326795578,80.2676467896,36852,36862,10
13.0324401855,80.2674636841,36862,36872,10
13.0319595337,80.2672424316,36872,36882,10
13.0314598083,80.2670211792,36882,36892,10
13.0307798386,80.2667999268,36892,36902,10
13.0302600861,80.2666625977,36902,36912,10
13.0298204422,80.2666320801,36912,36932,20
13.0298204422,80.2666320801,36932,36943,11
13.0293703079,80.2665710449,36943,36953,10
13.0293502808,80.2665710449,36953,36963,10
13.0291204453,80.2664794922,36963,36973,10
13.0286102295,80.2663574219,36973,36983,10
13.0280199051,80.2661972046,36983,36993,10
13.0273303986,80.2660598755,36993,37003,10
13.0268001556,80.2660293579,37003,37013,10
13.0265302658,80.2660598755,37013,37023,10
13.0261096954,80.26587677,37023,37033,10
13.0257101059,80.2656478882,37033,37043,10
13.0255002975,80.2655334473,37043,37054,11
13.0252103806,80.2653579712,37054,37074,20
13.0252103806,80.2653579712,37074,37084,10
13.0248203278,80.2650222778,37084,37104,20
13.0248203278,80.2650222778,37104,37114,10
13.0245103836,80.2648086548,37114,37124,10
13.0239601135,80.2644195557,37124,37134,10
13.0232896805,80.2640533447,37134,37144,10
13.0226697922,80.2636566162,37144,37154,10
13.0221395493,80.2634506226,37154,37165,11
13.0221204758,80.2634277344,37165,37175,10
13.0219402313,80.2633514404,37175,37185,10
13.0216197968,80.2631988525,37185,37195,10
13.0210599899,80.2630615234,37195,37205,10
13.0206403732,80.2630233765,37205,37215,10
13.0200901031,80.2630004883,37215,37225,10
13.0195398331,80.2629394531,37225,37235,10
13.0190200806,80.2628631592,37235,37245,10
13.0188798904,80.262298584,37245,37255,10
13.0187597275,80.2615127563,37255,37265,10
13.0183496475,80.2611236572,37265,37276,11
13.0178003311,80.2607727051,37276,37286,10
13.0171699524,80.2603302002,37286,37296,10
13.0164804459,80.2599105835,37296,37306,10
13.0160999298,80.2597198486,37306,37316,10
13.0160903931,80.2597198486,37316,37326,10
13.0159902573,80.2596664429,37326,37336,10
13.0155601501,80.2594985962,37336,37346,10
13.0148601532,80.2593536377,37346,37356,10
13.0140199661,80.2593002319,37356,37366,10
13.0130596161,80.259262085,37366,37377,11
13.0118999481,80.2592086792,37377,37387,10
13.0109901428,80.2591781616,37387,37397,10
13.0100898743,80.2592315674,37397,37407,10
13.0097103119,80.2592086792,37407,37417,10
13.0092096329,80.2591781616,37417,37427,10
13.0087995529,80.2591781616,37427,37437,10
13.0084104538,80.2592010498,37437,37447,10
13.0079202652,80.2593002319,37447,37457,10
13.0075397491,80.2593994141,37457,37467,10
13.0072603226,80.2589416504,37467,37477,10
13.0071802139,80.2587509155,37477,37488,11
13.0071201324,80.2585220337,37488,37498,10
13.0069999695,80.258392334,37498,37508,10
13.0069103241,80.2583236694,37508,37518,10
13.0067100525,80.2579727173,37518,37578,60
13.0066204071,80.2576293945,37578,37599,21
13.0066204071,80.2576293945,37599,37609,10
13.0065097809,80.2572631836,37609,37619,10
13.006480217,80.2566070557,37619,37629,10
13.0064897537,80.2558288574,37629,37639,10
13.0065202713,80.2551422119,37639,37649,10
13.0065202713,80.2543869019,37649,37659,10
13.0064897537,80.2531967163,37659,37679,20
13.0064897537,80.2531967163,37679,37689,10
13.0064897537,80.2528533936,37689,37700,11
13.0066099167,80.2519989014,37700,37710,10
13.0067501068,80.2509613037,37710,37720,10
13.0066995621,80.249710083,37720,37730,10
13.0066604614,80.2488021851,37730,37800,70
13.0066604614,80.2488021851,37800,37811,11
13.0066404343,80.2485427856,37811,37821,10
13.0066299438,80.248298645,37821,37831,10
13.0066299438,80.2480773926,37831,37841,10
13.0066604614,80.247718811,37841,37851,10
13.0066404343,80.2470779419,37851,37861,10
13.0065698624,80.2465591431,37861,37871,10
13.0065698624,80.2465515137,37871,37881,10
13.0066404343,80.2462005615,37881,37891,10
13.0066299438,80.2454299927,37891,37901,10
13.0066299438,80.244758606,37901,37911,10
13.0066204071,80.244178772,37911,37922,11
13.0066003799,80.243598938,37922,37932,10
13.0065803528,80.2430114746,37932,37942,10
13.0065603256,80.2423324585,37942,37952,10
13.0065402985,80.2416915894,37952,37962,10
13.0065402985,80.241607666,37962,37972,10
13.0066204071,80.2411193848,37972,37982,10
13.0066795349,80.2406692505,37982,37992,10
13.0066900253,80.2404632568,37992,38002,10
13.0067396164,80.2402496338,38002,38012,10
13.0068101883,80.2399520874,38012,38022,10
13.0068902969,80.2392730713,38022,38033,11
13.0071601868,80.2381591797,38033,38043,10
13.0074300766,80.2366790771,38043,38063,20
13.0074300766,80.2366790771,38063,38073,10
13.0075397491,80.2363433838,38073,38083,10
13.0076599121,80.2357177734,38083,38093,10
13.0078201294,80.2349624634,38093,38103,10
13.0079898834,80.2341384888,38103,38113,10
13.0082302094,80.2330093384,38113,38123,10
13.0085096359,80.2316513062,38123,38133,10
13.0087900162,80.2302093506,38133,38144,11
13.0091199875,80.2285995483,38144,38154,10
13.0096101761,80.2272415161,38154,38164,10
13.0101995468,80.2259368896,38164,38174,10
13.0105600357,80.2251205444,38174,38184,10
13.0108604431,80.2244873047,38184,38194,10
13.0111598969,80.2237319946,38194,38204,10
13.0114097595,80.2230682373,38204,38214,10
13.011759758,80.2222671509,38214,38224,10
13.0121603012,80.2214584351,38224,38234,10
13.012430191,80.2215423584,38234,38245,11
13.0127096176,80.2219619751,38245,38255,10
13.0129899979,80.2223205566,38255,38265,10
13.0133399963,80.2227020264,38265,38275,10
13.0137300491,80.2231216431,38275,38285,10
13.0141000748,80.2235870361,38285,38295,10
13.0145797729,80.2241668701,38295,38305,10
13.0151596069,80.2246627808,38305,38315,10
13.0155296326,80.2249221802,38315,38325,10
13.0155601501,80.2249526978,38325,38335,10
13.0157299042,80.225151062,38335,38345,10
13.0163602829,80.2253265381,38345,38356,11
13.0172300339,80.2250671387,38356,38366,10
13.0181798935,80.2247009277,38366,38376,10
13.0190095901,80.2243728638,38376,38386,10
13.0192804337,80.2243423462,38386,38396,10
13.0195102692,80.2244033813,38396,38406,10
13.0196695328,80.2244720459,38406,38416,10
13.0200099945,80.2246932983,38416,38426,10
13.0205097198,80.2250366211,38426,38436,10
13.020819664,80.2252578735,38436,38446,10
13.0211200714,80.2255172729,38446,38456,10
13.0219697952,80.2261734009,38456,38477,21
13.0219697952,80.2261734009,38477,38487,10
13.0222597122,80.2263870239,38487,38497,10
13.0226402283,80.2266998291,38497,38507,10
13.022769928,80.2268371582,38507,38517,10
13.0229196548,80.2269821167,38517,38527,10
13.0230903625,80.2272033691,38527,38537,10
13.0232400894,80.2273406982,38537,38547,10
13.0235004425,80.2275619507,38547,38557,10
13.0237798691,80.2277832031,38557,38568,11
13.024020195,80.2280273438,38568,38578,10
13.0242004395,80.2282409668,38578,38588,10
13.024430275,80.2285079956,38588,38598,10
13.0246400833,80.2287826538,38598,38608,10
13.0248804092,80.2291488647,38608,38618,10
13.0252199173,80.2295837402,38618,38628,10
13.0255899429,80.2300872803,38628,38638,10
13.0258998871,80.2306900024,38638,38739,101
13.0258998871,80.2306900024,38739,38749,10
13.0259199142,80.2308883667,38749,38759,10
13.0260095596,80.2311401367,38759,38769,10
13.0262203217,80.2313537598,38769,38779,10
13.0268602371,80.2311706543,38779,38790,11
13.0277996063,80.2309570313,38790,38800,10
13.0285701752,80.2308502197,38800,38810,10
13.0286102295,80.2308502197,38810,38820,10
13.028840065,80.2308273315,38820,38830,10
13.0292396545,80.2308120728,38830,38840,10
13.0292596817,80.2308120728,38840,38850,10
13.0295200348,80.2307815552,38850,38860,10
13.0300703049,80.2307281494,38860,38870,10
13.0305995941,80.2306976318,38870,38880,10
13.0312099457,80.2306518555,38880,38890,10
13.0318202972,80.2305908203,38890,38901,11
13.0320396423,80.2305831909,38901,38911,10
13.0326404572,80.2305374146,38911,38921,10
13.033370018,80.2304763794,38921,38931,10
13.0341596603,80.2304000854,38931,38981,50
13.0341596603,80.2304000854,38981,38991,10
13.0344600677,80.2303771973,38991,39002,11
13.0347003937,80.2303009033,39002,39012,10
13.0348997116,80.230178833,39012,39022,10
13.0345802307,80.2300186157,39022,39183,161
13.0343198776,80.2300872803,39183,40182,999
13.0343198776,80.2300872803,40182,40192,10
13.0340595245,80.2304077148,40192,40203,11
13.0338602066,80.2304077148,40203,40213,10
13.0336999893,80.2304382324,40213,40223,10
13.033539772,80.2304763794,40223,40233,10
13.0334196091,80.2304992676,40233,40243,10
13.0328798294,80.2305603027,40243,40253,10
13.0321903229,80.2306213379,40253,40263,10
13.0314302444,80.2306518555,40263,40273,10
13.0309000015,80.230682373,40273,40283,10
13.0305700302,80.2307128906,40283,40293,10
13.029999733,80.2307815552,40293,40314,21
13.029999733,80.2307815552,40314,40324,10
13.0297403336,80.2308502197,40324,40334,10
13.0292396545,80.2309036255,40334,40344,10
13.0285701752,80.2309799194,40344,40354,10
13.0279197693,80.231010437,40354,40364,10
13.027680397,80.2311630249,40364,40374,10
13.0277299881,80.2316436768,40374,40384,10
13.0278196335,80.232208252,40384,40394,10
13.0278396606,80.2327575684,40394,40404,10
13.027299881,80.2329025269,40404,40495,91
13.027299881,80.2329025269,40495,40505,10
13.0270004272,80.2329711914,40505,40515,10
13.0267601013,80.2329864502,40515,40526,11
13.0263795853,80.2328414917,40526,40536,10
13.026140213,80.232170105,40536,40546,10
13.0258598328,80.2312393188,40546,40556,10
13.0254602432,80.2302627563,40556,40566,10
13.0248203278,80.229347229,40566,40576,10
13.0241699219,80.228553772,40576,40596,20
13.0241699219,80.228553772,40596,40606,10
13.0240697861,80.2284927368,40606,40616,10
13.0239896774,80.2283477783,40616,40626,10
13.0238103867,80.2280883789,40626,40637,11
13.0233697891,80.2276229858,40637,40647,10
13.0228300095,80.2270965576,40647,40657,10
13.0221796036,80.2265090942,40657,40667,10
13.0216503143,80.2260513306,40667,40677,10
13.0212097168,80.2257232666,40677,40687,10
13.0205602646,80.2252426147,40687,40697,10
13.0202198029,80.2249984741,40697,40707,10
13.0197200775,80.2246322632,40707,40717,10
13.0187301636,80.2245178223,40717,40727,10
13.0178003311,80.224899292,40727,40737,10
13.0169801712,80.2252197266,40737,40748,11
13.0164403915,80.2254486084,40748,40758,10
13.0160198212,80.2256011963,40758,40768,10
13.015370369,80.2258605957,40768,40778,10
13.0146903992,80.2261428833,40778,40788,10
13.0144100189,80.2262573242,40788,40798,10
13.0142202377,80.2263183594,40798,40818,20
13.0142202377,80.2263183594,40818,40828,10
13.013999939,80.2264404297,40828,40838,10
13.0138998032,80.2265014648,40838,40848,10
13.0137796402,80.2265167236,40848,40859,11
13.0132904053,80.2266616821,40859,40869,10
13.0125598907,80.2269363403,40869,40879,10
13.0116100311,80.2273178101,40879,40889,10
13.0104999542,80.2277603149,40889,40899,10
13.0094003677,80.2282714844,40899,40909,10
13.0090198517,80.2292175293,40909,40919,10
13.0087795258,80.2304000854,40919,40929,10
13.0085601807,80.2315292358,40929,40939,10
13.0083599091,80.2325668335,40939,40949,10
13.0082798004,80.2333221436,40949,40960,11
13.0082702637,80.2334671021,40960,40970,10
13.0082101822,80.2335891724,40970,40980,10
13.0081100464,80.2339630127,40980,40990,10
13.0080604553,80.2343978882,40990,41000,10
13.0080299377,80.2345962524,41000,41010,10
13.0079202652,80.2351074219,41010,41030,20
13.0079202652,80.2351074219,41030,41040,10
13.0078496933,80.2354736328,41040,41050,10
13.0077600479,80.2359695435,41050,41060,10
13.0076799393,80.2362976074,41060,41081,21
13.0076799393,80.2362976074,41081,41091,10
13.0075998306,80.2366333008,41091,41101,10
13.007519722,80.2370529175,41101,41111,10
13.0074396133,80.237411499,41111,41121,10
13.0073795319,80.2377090454,41121,41131,10
13.0073204041,80.2381591797,41131,41141,10
13.0072402954,80.2385787964,41141,41151,10
13.0071697235,80.2391586304,41151,41202,51
13.0070400238,80.2395324707,41202,41242,40
13.0070400238,80.2395324707,41242,41252,10
13.0069799423,80.239982605,41252,41262,10
13.0068998337,80.2404174805,41262,41272,10
13.0068502426,80.2406311035,41272,41282,10
13.0068101883,80.2408905029,41282,41373,91
13.0068101883,80.2408905029,41373,41383,10
13.0068101883,80.2409896851,41383,41393,10
13.0067796707,80.2410964966,41393,41404,11
13.0067501068,80.2417297363,41404,41414,10
13.0067195892,80.2426300049,41414,41424,10
13.0066900253,80.2432403564,41424,41454,30
13.0066900253,80.2432403564,41454,41464,10
13.0066995621,80.2437515259,41464,41484,20
13.0066995621,80.2437515259,41484,41494,10
13.0066995621,80.2440414429,41494,41515,21
13.0066995621,80.2440414429,41515,41525,10
13.0066900253,80.2443008423,41525,41535,10
13.0066900253,80.244682312,41535,41545,10
13.0066795349,80.2451629639,41545,41555,10
13.0067195892,80.2456512451,41555,41565,10
13.0067195892,80.2463226318,41565,41575,10
13.0067195892,80.2470703125,41575,41585,10
13.0067195892,80.2479095459,41585,41595,10
13.0067901611,80.2489318848,41595,41605,10
13.0068597794,80.2496795654,41605,41616,11
13.0068597794,80.2497024536,41616,41626,10
13.0068798065,80.25,41626,41636,10
13.0068798065,80.2505569458,41636,41646,10
13.0068502426,80.2512664795,41646,41666,20
13.0068502426,80.2512664795,41666,41676,10
13.0067596436,80.251739502,41676,41686,10
13.0066003799,80.2524414063,41686,41696,10
13.0065603256,80.2534332275,41696,41706,10
13.0065898895,80.2545394897,41706,41716,10
13.0066204071,80.2556533813,41716,41727,11
13.0066299438,80.2566299438,41727,41737,10
13.0065898895,80.2569122314,41737,41747,10
13.0066204071,80.2570571899,41747,41757,10
13.0066995621,80.2574615479,41757,41767,10
13.0069904327,80.2580108643,41767,41777,10
13.007809639,80.2586135864,41777,41797,20
13.007809639,80.2586135864,41797,41807,10
13.0082197189,80.2588272095,41807,41817,10
13.0088396072,80.2589874268,41817,41827,10
13.0094404221,80.2590103149,41827,41838,11
13.010430336,80.2590179443,41838,41848,10
13.0115404129,80.2590179443,41848,41858,10
13.0127801895,80.2590789795,41858,41868,10
13.0140695572,80.2591400146,41868,41878,10
13.0152997971,80.2592010498,41878,41888,10
13.0163803101,80.2595977783,41888,41908,20
13.0163803101,80.2595977783,41908,41918,10
13.0166501999,80.2598419189,41918,41928,10
13.0168895721,80.2600097656,41928,41938,10
13.0173997879,80.2603530884,41938,41949,11
13.0181503296,80.2608413696,41949,41959,10
13.0187597275,80.2612762451,41959,41969,10
13.0192499161,80.2617263794,41969,41979,10
13.0197200775,80.26222229,41979,41989,10
13.0202703476,80.2626190186,41989,42009,20
13.0202703476,80.2626190186,42009,42019,10
13.0205202103,80.2627792358,42019,42029,10
13.0211400986,80.2629623413,42029,42039,10
13.0218296051,80.2631988525,42039,42049,10
13.0220298767,80.2632980347,42049,42060,11
13.022480011,80.2634735107,42060,42070,10
13.0230302811,80.2637405396,42070,42080,10
13.0236301422,80.2640609741,42080,42090,10
13.0243301392,80.2645492554,42090,42100,10
13.0250396729,80.2650909424,42100,42110,10
13.0256500244,80.2655029297,42110,42120,10
13.026049614,80.2657394409,42120,42130,10
13.0260896683,80.2657623291,42130,42140,10
13.026309967,80.2657775879,42140,42150,10
13.0264196396,80.2652206421,42150,42160,10
13.0265302658,80.2645111084,42160,42171,11
13.0265598297,80.2641372681,42171,42181,10
13.0265598297,80.2638473511,42181,42191,10
13.0267400742,80.2634735107,42191,42201,10
13.0272502899,80.263458252,42201,42211,10
13.0277004242,80.2634811401,42211,42221,10
13.0282402039,80.2636413574,42221,42231,10
13.028459549,80.2637329102,42231,42241,10
13.0288600922,80.2638320923,42241,42251,10
13.0291996002,80.2639389038,42251,42261,10
13.0292396545,80.2642822266,42261,42272,11
13.029250145,80.2646713257,42272,42282,10
13.0291996002,80.2651824951,42282,42292,10
13.0291795731,80.2657623291,42292,42302,10
13.0291996002,80.2660903931,42302,42312,10
13.0291595459,80.2662887573,42312,42322,10
13.0291996002,80.2665176392,42322,42332,10
13.0295600891,80.2665176392,42332,42342,10
13.0301303864,80.2664794922,42342,42352,10
13.0308799744,80.2666625977,42352,42362,10
13.0314598083,80.2668762207,42362,42372,10
13.0319795609,80.2670593262,42372,42383,11
13.0324602127,80.2672729492,42383,42393,10
13.0328397751,80.2675170898,42393,42403,10
13.0331401825,80.267616272,42403,42413,10
13.0338001251,80.2678070068,42413,42433,20
13.0338001251,80.2678070068,42433,42443,10
13.0339603424,80.2678833008,42443,42453,10
13.0341501236,80.2678985596,42453,42463,10
13.0342998505,80.267906189,42463,42473,10
13.0345001221,80.2679290771,42473,42504,31
13.0345001221,80.2679290771,42504,42514,10
13.0344896317,80.2681427002,42514,42534,20
13.0344896317,80.2681427002,42534,42544,10
13.0342903137,80.2680206299,42544,42554,10
13.0338897705,80.2679672241,42554,42564,10
13.0333795547,80.2679214478,42564,43079,515
13.0330400467,80.2679901123,43079,43190,111
13.0333404541,80.267791748,43190,43816,626
13.0333404541,80.267791748,43816,43826,10
13.032959938,80.2677536011,43826,43977,151
13.032959938,80.2677536011,43977,43987,10
13.0326795578,80.2677078247,43987,43998,11
13.0326795578,80.2675094604,43998,44007,9
13.0321598053,80.2672576904,44007,44018,11
13.0311002731,80.2669219971,44018,44028,10
13.0307998657,80.2668533325,44028,44038,10
13.0306196213,80.2667694092,44038,44048,10
13.0304002762,80.2667388916,44048,44058,10
13.0300598145,80.2667312622,44058,44088,30
13.0300598145,80.2667312622,44088,44098,10
13.0298099518,80.2666473389,44098,44108,10
13.0294399261,80.2666015625,44108,44118,10
13.0291996002,80.2664794922,44118,44129,11
13.0286302567,80.2663879395,44129,44139,10
13.0277900696,80.2664413452,44139,44149,10
13.0270996094,80.2662963867,44149,44159,10
13.0263900757,80.2661514282,44159,44169,10
13.0261201859,80.2659835815,44169,44179,10
13.0257101059,80.265663147,44179,44189,10
13.0251903534,80.2654418945,44189,44199,10
13.0251998901,80.2653884888,44199,44209,10
13.0252304077,80.2652130127,44209,44219,10
13.024939537,80.2649993896,44219,44230,11
13.0242204666,80.2644882202,44230,44240,10
13.0232696533,80.2640686035,44240,44250,10
13.0226202011,80.2636108398,44250,44260,10
13.0220899582,80.263458252,44260,44279,19
13.0220899582,80.263458252,44279,44290,11
13.0218801498,80.263343811,44290,44300,10
13.0214996338,80.2631607056,44300,44310,10
13.0207004547,80.2630462646,44310,44320,10
13.0197200775,80.2630004883,44320,44330,10
13.0190296173,80.2629318237,44330,44341,11
13.018910408,80.2622833252,44341,44351,10
13.0187397003,80.2614898682,44351,44361,10
13.0185804367,80.2612991333,44361,44371,10
13.018239975,80.2610626221,44371,44381,10
13.0178604126,80.2607803345,44381,44391,10
13.0172796249,80.2603988647,44391,44401,10
13.0166397095,80.2599868774,44401,44411,10
13.0160198212,80.2596893311,44411,44421,10
13.015999794,80.2596588135,44421,44431,10
13.0159702301,80.2596282959,44431,44441,10
13.0155897141,80.2594833374,44441,44452,11
13.0148200989,80.2593307495,44452,44462,10
13.0139799118,80.2592926025,44462,44472,10
13.0129804611,80.2592468262,44472,44482,10
13.0118999481,80.2592163086,44482,44492,10
13.011059761,80.2591934204,44492,44502,10
13.0102396011,80.2592315674,44502,44512,10
13.0099000931,80.2592010498,44512,44522,10
13.0097398758,80.2591400146,44522,44532,10
13.0093097687,80.2591629028,44532,44542,10
13.009059906,80.2592010498,44542,44552,10
13.0089597702,80.2592086792,44552,44563,11
13.0087099075,80.2592163086,44563,44573,10
13.0082702637,80.2591705322,44573,44583,10
13.0078201294,80.2593383789,44583,44593,10
13.0073404312,80.2590789795,44593,44603,10
13.0072002411,80.2588272095,44603,44613,10
13.007109642,80.2587203979,44613,44623,10
13.0069704056,80.2583999634,44623,44633,10
13.0069503784,80.2582321167,44633,44643,10
13.0066299438,80.2577819824,44643,44754,111
13.0066299438,80.2577819824,44754,44764,10
13.0065002441,80.2575683594,44764,44775,11
13.0065002441,80.257232666,44775,44785,10
13.0065202713,80.2567214966,44785,44795,10
13.0065603256,80.256072998,44795,44805,10
13.0066299438,80.2553787231,44805,44815,10
13.0066299438,80.2546005249,44815,44825,10
13.0065603256,80.2537384033,44825,44835,10
13.0066099167,80.2532730103,44835,44896,61
13.0066099167,80.2532730103,44896,44906,10
13.0065402985,80.2528533936,44906,44916,10
13.0066204071,80.2518997192,44916,44997,81
13.0066204071,80.2518997192,44997,45007,10
13.0067501068,80.2516708374,45007,45017,10
13.006819725,80.2515182495,45017,45027,10
13.0068597794,80.251121521,45027,45037,10
13.0068302155,80.2500610352,45037,45047,10
13.0068702698,80.2496337891,45047,45057,10
13.0068998337,80.249420166,45057,45067,10
13.0068397522,80.248916626,45067,45118,51
13.0068397522,80.248916626,45118,45128,10
13.0067300797,80.2487487793,45128,45138,10
13.0067100525,80.2484207153,45138,45148,10
13.0066795349,80.2479705811,45148,45158,10
13.0066699982,80.2473526001,45158,45168,10
13.0066204071,80.2465896606,45168,45178,10
13.006649971,80.2464599609,45178,45188,10
13.0066795349,80.2462615967,45188,45198,10
13.0066900253,80.2456436157,45198,45209,11
13.0066604614,80.2448883057,45209,45219,10
13.0066099167,80.2445831299,45219,45229,10
13.0066003799,80.2442321777,45229,45239,10
13.0065698624,80.2440032959,45239,45249,10
13.0065402985,80.2437210083,45249,45259,10
13.0065402985,80.2431564331,45259,45269,10
13.0065002441,80.2423782349,45269,45279,10
13.0065002441,80.2416534424,45279,45289,10
13.0065202713,80.2416229248,45289,45299,10
13.0065698624,80.2412796021,45299,45309,10
13.0065803528,80.2409286499,45309,45320,11
13.0066003799,80.240852356,45320,45330,10
13.0067100525,80.2404632568,45330,45340,10
13.0066995621,80.2400970459,45340,45350,10
13.0068502426,80.2393875122,45350,45360,10
13.0070199966,80.2384414673,45360,45370,10
13.0072202682,80.2375183105,45370,45380,10
13.0073404312,80.2367019653,45380,45400,20
13.0073404312,80.2367019653,45400,45410,10
13.0073604584,80.2365722656,45410,45420,10
13.0074796677,80.2362213135,45420,45431,11
13.0076599121,80.2354507446,45431,45441,10
13.0078201294,80.2346725464,45441,45451,10
13.0080699921,80.233581543,45451,45461,10
13.0082998276,80.2324066162,45461,45471,10
13.0085601807,80.2311019897,45471,45481,10
13.0087795258,80.2298736572,45481,45490,9
13.0089597702,80.2289123535,45490,45501,11
13.0092802048,80.2277832031,45501,45511,10
13.0097198486,80.2267913818,45511,45521,10
13.0101900101,80.2258529663,45521,45531,10
13.0106296539,80.2249832153,45531,45542,11
13.0110797882,80.2238693237,45542,45552,10
13.0114402771,80.2228622437,45552,45562,10
13.0117702484,80.2217025757,45562,45572,10
13.012260437,80.2214202881,45572,45582,10
13.0126800537,80.2218780518,45582,45592,10
13.0131902695,80.2225036621,45592,45602,10
13.0136899948,80.2230834961,45602,45612,10
13.0141401291,80.2236480713,45612,45622,10
13.0148000717,80.2243423462,45622,45632,10
13.0151901245,80.2247390747,45632,45642,10
13.0153102875,80.2248306274,45642,45653,11
13.0156202316,80.2250823975,45653,45663,10
13.0156497955,80.2251205444,45663,45673,10
13.0159702301,80.2253189087,45673,45683,10
13.016699791,80.2252578735,45683,45693,10
13.0176401138,80.2248916626,45693,45703,10
13.0186300278,80.2244873047,45703,45713,10
13.0194101334,80.2244262695,45713,45733,20
13.0194101334,80.2244262695,45733,45743,10
13.0197401047,80.2245864868,45743,45754,11
13.0203304291,80.2249984741,45754,45764,10
13.0208702087,80.2253799438,45764,45774,10
13.0214595795,80.2258224487,45774,45784,10
13.0219697952,80.2261581421,45784,45794,10
13.0220003128,80.2261886597,45794,45804,10
13.0220603943,80.226272583,45804,45814,10
13.0223903656,80.2265777588,45814,45824,10
13.022939682,80.2270584106,45824,45834,10
13.0234899521,80.2275924683,45834,45844,10
13.0243701935,80.2285003662,45844,45865,21
13.0243701935,80.2285003662,45865,45875,10
13.0243797302,80.2285079956,45875,45885,10
13.0246295929,80.2288818359,45885,45895,10
13.0251398087,80.2295608521,45895,45905,10
13.0257396698,80.2304382324,45905,45915,10
13.0259599686,80.2309799194,45915,45925,10
13.025970459,80.2311706543,45925,45935,10
13.0263500214,80.2312393188,45935,45945,10
13.0270004272,80.2310714722,45945,45955,10
13.0273599625,80.231010437,45955,45965,10
13.0275201797,80.2309570313,45965,45976,11
13.0277299881,80.2309265137,45976,46026,50
13.0277299881,80.2309265137,46026,46036,10
13.0282201767,80.2308578491,46036,46046,10
13.0283002853,80.2308120728,46046,46056,10
13.0285596848,80.2307891846,46056,46087,31
13.0285596848,80.2307891846,46087,46097,10
13.0291004181,80.2307128906,46097,46107,10
13.0292596817,80.2306976318,46107,46117,10
13.0293798447,80.230682373,46117,46127,10
13.0297403336,80.2306289673,46127,46137,10
13.0304203033,80.2306137085,46137,46147,10
13.0309000015,80.2305526733,46147,46157,10
13.0311498642,80.2305297852,46157,46167,10
13.031539917,80.2305221558,46167,46177,10
13.0318803787,80.230506897,46177,46187,10
13.0325603485,80.2304916382,46187,46198,11
13.0333595276,80.2304382324,46198,46208,10
13.033780098,80.2303466797,46208,46218,10
13.0340204239,80.2303085327,46218,46228,10
13.0341100693,80.2303009033,46228,46238,10
13.0343799591,80.2302932739,46238,46248,10
13.0347795486,80.2301101685,46248,46258,10
13.0350198746,80.229888916,46258,46349,91
13.0350198746,80.229888916,46349,46359,10
13.0348501205,80.2298736572,46359,46369,10
13.034620285,80.2298126221,46369,46379,10
13.0343904495,80.2297592163,46379,46389,10
13.0342502594,80.2297973633,46389,46470,81
13.0342502594,80.2297973633,46470,46480,10
13.0342597961,80.230178833,46480,46490,10
13.034119606,80.2303619385,46490,46510,20
13.034119606,80.2303619385,46510,46521,11
13.0340003967,80.2304382324,46521,46531,10
13.033539772,80.2304077148,46531,46541,10
13.0333795547,80.2304534912,46541,46551,10
13.0328903198,80.230506897,46551,46561,10
13.032119751,80.2306213379,46561,46571,10
13.0312204361,80.2306976318,46571,46581,10
13.0308303833,80.23072052,46581,46591,10
13.0305099487,80.230758667,46591,46601,10
13.0298995972,80.2308120728,46601,46611,10
13.0297498703,80.2308197021,46611,46621,10
13.0296001434,80.2308425903,46621,46632,11
13.0292901993,80.2308578491,46632,46642,10
13.028719902,80.2308883667,46642,46652,10
13.0278902054,80.2309875488,46652,46662,10
13.0276498795,80.2311630249,46662,46672,10
13.0276699066,80.231628418,46672,46682,10
13.0277795792,80.2322311401,46682,46692,10
13.0277500153,80.2327880859,46692,46702,10
13.0267801285,80.2329788208,46702,46783,81
13.0267801285,80.2329788208,46783,46793,10
13.0264501572,80.2330474854,46793,46803,10
13.0262804031,80.2325973511,46803,46813,10
13.0261201859,80.2318572998,46813,46823,10
13.0259399414,80.2311935425,46823,46833,10
13.0256204605,80.2303390503,46833,46844,11
13.0248804092,80.2293395996,46844,46854,10
13.0244398117,80.2288131714,46854,46864,10
13.0243196487,80.2286300659,46864,46874,10
13.0240697861,80.2283782959,46874,46884,10
13.0240297318,80.2283325195,46884,46894,10
13.0239200592,80.2282028198,46894,46904,10
13.023639679,80.2278671265,46904,46914,10
13.0231895447,80.2274169922,46914,46924,10
13.0225400925,80.2267990112,46924,46934,10
13.021780014,80.2261428833,46934,46944,10
13.0210199356,80.2255401611,46944,46955,11
13.0204801559,80.2251815796,46955,46965,10
13.0199604034,80.224822998,46965,46985,20
13.0199604034,80.224822998,46985,46995,10
13.019780159,80.2247085571,46995,47005,10
13.0191602707,80.2245025635,47005,47015,10
13.018239975,80.2247390747,47015,47025,10
13.0171499252,80.2251815796,47025,47035,10
13.016289711,80.2255401611,47035,47045,10
13.0156002045,80.2257766724,47045,47055,10
13.0148096085,80.2260894775,47055,47116,61
13.0148096085,80.2260894775,47116,47126,10
13.0144500732,80.2262573242,47126,47136,10
13.014380455,80.2262802124,47136,47146,10
13.0139703751,80.2264633179,47146,47156,10
13.0133104324,80.2266769409,47156,47167,11
13.0125102997,80.2269821167,47167,47177,10
13.0116996765,80.2272872925,47177,47187,10
13.0107498169,80.2276611328,47187,47197,10
13.009759903,80.2280578613,47197,47207,10
13.0091295242,80.2286682129,47207,47217,10
13.008939743,80.2297286987,47217,47227,10
13.0087099075,80.2308578491,47227,47237,10
13.0085201263,80.2319030762,47237,47247,10
13.0083599091,80.2327804565,47247,47257,10
13.0082798004,80.2335128784,47257,47267,10
13.0082397461,80.2336425781,47267,47278,11
13.0081796646,80.2337417603,47278,47288,10
13.0080795288,80.2341766357,47288,47298,10
13.0079603195,80.2348327637,47298,47308,10
13.0079603195,80.2349624634,47308,47318,10
13.0078897476,80.2351913452,47318,47328,10
13.0077400208,80.2357330322,47328,47338,10
13.0075702667,80.2366333008,47338,47348,10
13.007349968,80.237739563,47348,47358,10
13.0071697235,80.2387466431,47358,47368,10
13.0070400238,80.2394790649,47368,47378,10
13.0069198608,80.239982605,47378,47389,11
13.0068902969,80.2404937744,47389,47399,10
13.0068502426,80.2406921387,47399,47409,10
13.0067996979,80.2409973145,47409,47419,10
13.0067396164,80.2417221069,47419,47429,10
13.0067195892,80.24269104,47429,47439,10
13.0067100525,80.243598938,47439,47449,10
13.0066900253,80.2443008423,47449,47469,20
13.0066900253,80.2443008423,47469,47479,10
13.006649971,80.2445831299,47479,47489,10
13.006649971,80.2447967529,47489,47500,11
13.0066604614,80.2450637817,47500,47510,10
13.0066795349,80.2455825806,47510,47520,10
13.0067396164,80.2462615967,47520,47530,10
13.0067596436,80.2469024658,47530,47540,10
13.0067396164,80.2474365234,47540,47550,10
13.0067300797,80.2480010986,47550,47560,10
13.0067796707,80.2488479614,47560,47570,10
13.0068597794,80.2495422363,47570,47580,10
13.0068502426,80.2495803833,47580,47590,10
13.0068101883,80.249710083,47590,47600,10
13.0067901611,80.2501678467,47600,47611,11
13.0068101883,80.2510528564,47611,47621,10
13.0067596436,80.2515792847,47621,47631,10
13.0066099167,80.2520828247,47631,47641,10
13.0065202713,80.2529602051,47641,47651,10
13.0065202713,80.2540130615,47651,47661,10
13.0065803528,80.2550811768,47661,47671,10
13.0065803528,80.256149292,47671,47681,10
13.0066299438,80.2568435669,47681,47691,10
13.0066404343,80.2570495605,47691,47701,10
13.0067195892,80.257522583,47701,47712,11
13.0069599152,80.2581100464,47712,47722,10
13.0077400208,80.2586669922,47722,47742,20
13.0077400208,80.2586669922,47742,47752,10
13.0081501007,80.2588272095,47752,47762,10
13.0087099075,80.258972168,47762,47772,10
13.0090904236,80.2589797974,47772,47782,10
13.0097398758,80.2590026855,47782,47792,10
13.0105400085,80.2590103149,47792,47802,10
13.0114803314,80.2590026855,47802,47812,10
13.0125904083,80.2590408325,47812,47823,11
13.0140199661,80.2591094971,47823,47833,10
13.0152196884,80.2591629028,47833,47843,10
13.0160198212,80.2593917847,47843,47853,10
13.0164203644,80.2596588135,47853,47873,20
13.0164203644,80.2596588135,47873,47883,10
13.0165500641,80.2597427368,47883,47893,10
13.0166597366,80.2598571777,47893,47903,10
13.0168104172,80.260017395,47903,47913,10
13.0171804428,80.2602462769,47913,47923,10
13.0177602768,80.2606430054,47923,47934,11
13.0184202194,80.2610626221,47934,47944,10
13.0188703537,80.2614517212,47944,47954,10
13.0192403793,80.2617263794,47954,47964,10
13.0195398331,80.2620162964,47964,47974,10
13.0199604034,80.2624435425,47974,47984,10
13.0202198029,80.2626266479,47984,47994,10
13.0203199387,80.2626800537,47994,48004,10
13.0208301544,80.2628631592,48004,48014,10
13.0216598511,80.2631225586,48014,48024,10
13.0220804214,80.2633132935,48024,48034,10
13.022480011,80.2635192871,48034,48045,11
13.0230102539,80.2638626099,48045,48065,20
13.0230102539,80.2638626099,48065,48075,10
13.0233898163,80.2640762329,48075,48085,10
13.0239696503,80.2643890381,48085,48095,10
13.0246400833,80.2648620605,48095,48105,10
13.0251998901,80.2652587891,48105,48115,10
13.0256500244,80.2655487061,48115,48125,10
13.026140213,80.2658081055,48125,48135,10
13.0263299942,80.2655792236,48135,48145,10
13.0263996124,80.2649612427,48145,48156,11
13.0265197754,80.2642669678,48156,48166,10
13.0265798569,80.263961792,48166,48176,10
13.0265598297,80.2638473511,48176,48186,10
13.026599884,80.2634963989,48186,48196,10
13.0269203186,80.263381958,48196,48206,10
13.0274200439,80.263458252,48206,48216,10
13.0278196335,80.2635803223,48216,48226,10
13.0282402039,80.2636566162,48226,48236,10
13.0283699036,80.2637405396,48236,48246,10
13.0287599564,80.263923645,48246,48257,11
13.029250145,80.2641601563,48257,48267,10
13.0292396545,80.2644805908,48267,48277,10
13.0292797089,80.2649078369,48277,48297,20
13.0292797089,80.2649078369,48297,48307,10
13.0293197632,80.2652893066,48307,48317,10
13.029299736,80.2654266357,48317,48327,10
13.0292797089,80.2656173706,48327,48337,10
13.0292797089,80.2658233643,48337,48347,10
13.0292701721,80.2658920288,48347,48357,10
13.0292100906,80.266242981,48357,48368,11
13.0293998718,80.2665100098,48368,48378,10
13.0297403336,80.2666091919,48378,48388,10
13.0303602219,80.266708374,48388,48398,10
13.0311002731,80.2668304443,48398,48408,10
13.0318098068,80.2670669556,48408,48418,10
13.0322904587,80.2673110962,48418,48438,20
13.0322904587,80.2673110962,48438,48448,10
13.0327796936,80.2676086426,48448,48458,10
13.0331602097,80.2677536011,48458,48468,10
13.0339803696,80.267906189,48468,48489,21
13.0339803696,80.267906189,48489,48499,10
13.0340995789,80.267906189,48499,48509,10
13.0345602036,80.2680206299,48509,48579,70
13.0345602036,80.2680206299,48579,48590,11
13.0342903137,80.2680587769,48590,48600,10
13.034070015,80.2680130005,48600,48610,10
13.0336999893,80.2679367065,48610,48620,10
13.033249855,80.2678375244,48620,48630,10
13.032699585,80.2676620483,48630,48640,10
13.0323600769,80.2674331665,48640,48650,10
13.0317802429,80.2671585083,48650,48660,10
13.031129837,80.2668991089,48660,48670,10
13.0304899216,80.2667617798,48670,48680,10
13.0297899246,80.2666931152,48680,48691,11
13.0292301178,80.2665405273,48691,48701,10
13.0286998749,80.2663726807,48701,48711,10
13.0280399323,80.2662582397,48711,48721,10
13.0273799896,80.2661590576,48721,48731,10
13.0268497467,80.2660598755,48731,48741,10
13.0267400742,80.2658462524,48741,48751,10
13.0266799927,80.2657775879,48751,48761,10
13.0265302658,80.2656021118,48761,49114,353
13.0265197754,80.2655792236,49114,50124,1010
13.0264501572,80.265663147,50124,50235,111
13.0264596939,80.2656021118,50235,50921,686
13.0264596939,80.2656021118,50921,50931,10
13.0263996124,80.2653503418,50931,50951,20
13.0263996124,80.2653503418,50951,50961,10
13.0263395309,80.2655334473,50961,50971,10
13.0263004303,80.265838623,50971,50982,11
13.0260696411,80.2658691406,50982,50992,10
13.0252199173,80.2653198242,50992,51012,20
13.0252199173,80.2653198242,51012,51022,10
13.0248804092,80.2650299072,51022,51032,10
13.0246200562,80.2648162842,51032,51042,10
13.0241003036,80.2644424438,51042,51052,10
13.0234203339,80.2641067505,51052,51062,10
13.0220403671,80.2633666992,51062,51082,20
13.0220403671,80.2633666992,51082,51093,11
13.0218095779,80.2632369995,51093,51103,10
13.0211400986,80.2630691528,51103,51113,10
13.0202999115,80.2630233765,51113,51123,10
13.0196199417,80.2629623413,51123,51133,10
13.0190896988,80.2629013062,51133,51143,10
13.0189199448,80.2624969482,51143,51153,10
13.0187997818,80.2616882324,51153,51163,10
13.0183897018,80.2611236572,51163,51173,10
13.0176801682,80.2606201172,51173,51183,10
13.016960144,80.2601394653,51183,51193,10
13.016119957,80.2596893311,51193,51224,31
13.016119957,80.2596893311,51224,51234,10
13.0159397125,80.2595977783,51234,51244,10
13.0153903961,80.2594070435,51244,51254,10
13.0146198273,80.2593078613,51254,51264,10
13.013710022,80.259262085,51264,51274,10
13.012720108,80.2592163086,51274,51284,10
13.0117797852,80.2592010498,51284,51294,10
13.0110797882,80.2591781616,51294,51304,10
13.0104703903,80.2592163086,51304,51315,11
13.0095100403,80.2591781616,51315,51325,10
13.0088100433,80.2591171265,51325,51335,10
13.0085201263,80.2591400146,51335,51345,10
13.0079603195,80.2592315674,51345,51355,10
13.0074300766,80.2593002319,51355,51365,10
13.0071496964,80.2587127686,51365,51375,10
13.0071496964,80.2586593628,51375,51385,10
13.0070695877,80.2584228516,51385,51395,10
13.0066404343,80.2577514648,51395,51426,31
13.0066404343,80.2577514648,51426,51436,10
13.006529808,80.25756073,51436,51446,10
13.0064096451,80.257232666,51446,51456,10
13.0064201355,80.2568435669,51456,51466,10
13.0064096451,80.2562408447,51466,51476,10
13.006480217,80.2555084229,51476,51486,10
13.0065097809,80.2547836304,51486,51496,10
13.0065002441,80.2539825439,51496,51506,10
13.0064601898,80.2535629272,51506,51516,10
13.0065402985,80.2531204224,51516,51537,21
13.0065402985,80.2531204224,51537,51547,10
13.0065002441,80.2530822754,51547,51557,10
13.0064897537,80.252822876,51557,51567,10
13.006480217,80.252532959,51567,51627,60
13.006480217,80.252532959,51627,51637,10
13.0066404343,80.2522506714,51637,51648,11
13.0066699982,80.2518234253,51648,51658,10
13.0067300797,80.2513885498,51658,51668,10
13.0067596436,80.2506637573,51668,51678,10
13.0067396164,80.249710083,51678,51688,10
13.0067596436,80.2496109009,51688,51698,10
13.0067796707,80.2494277954,51698,51708,10
13.0067396164,80.2488021851,51708,51718,10
13.0066604614,80.2479171753,51718,51728,10
13.0066404343,80.2474365234,51728,51799,71
13.0066404343,80.2474365234,51799,51809,10
13.006649971,80.2472763062,51809,51819,10
13.0067100525,80.246887207,51819,51829,10
13.0065803528,80.2464294434,51829,51839,10
13.0065898895,80.246421814,51839,51849,10
13.0066404343,80.2460327148,51849,51860,11
13.0066404343,80.2453765869,51860,51870,10
13.0066404343,80.2449111938,51870,51880,10
13.0068302155,80.2444610596,51880,51890,10
13.0070199966,80.2440338135,51890,51900,10
13.0061197281,80.2437820435,51900,51910,10
13.0065498352,80.2426605225,51910,51920,10
13.006529808,80.2421417236,51920,51930,10
13.0065402985,80.2416534424,51930,51940,10
13.0065603256,80.2414093018,51940,51950,10
13.0066699982,80.2408065796,51950,51960,10
13.0067596436,80.2401733398,51960,51971,11
13.0068998337,80.2391891479,51971,51980,9
13.0071001053,80.2382583618,51980,51991,11
13.0073003769,80.2373580933,51991,52001,10
13.0073795319,80.2368011475,52001,52011,10
13.0073900223,80.2367782593,52011,52021,10
13.0074596405,80.2365570068,52021,52031,10
13.007610321,80.2359695435,52031,52041,10
13.0077896118,80.2350997925,52041,52051,10
13.0080003738,80.2340316772,52051,52061,10
13.0082302094,80.2328567505,52061,52071,10
13.0084695816,80.2316207886,52071,52082,11
13.0087499619,80.2302627563,52082,52092,10
13.0090103149,80.2289733887,52092,52102,10
13.0093898773,80.2276763916,52102,52112,10
13.009929657,80.2264862061,52112,52122,10
13.0105895996,80.2251815796,52122,52142,20
13.0105895996,80.2251815796,52142,52152,10
13.0107803345,80.2249221802,52152,52162,10
13.0109596252,80.224281311,52162,52172,10
13.0112495422,80.2235183716,52172,52182,10
13.011300087,80.22315979,52182,52193,11
13.011639595,80.2224884033,52193,52203,10
13.0120000839,80.2214584351,52203,52213,10
13.0123996735,80.2215194702,52213,52223,10
13.0128602982,80.2221603394,52223,52233,10
13.0135402679,80.2228927612,52233,52243,10
13.0140399933,80.2235031128,52243,52253,10
13.0142498016,80.2236785889,52253,52263,10
13.0147895813,80.2242431641,52263,52273,10
13.0152301788,80.2247314453,52273,52283,10
13.015370369,80.2248535156,52283,52293,10
13.0155801773,80.2249298096,52293,52304,11
13.0159702301,80.2252731323,52304,52314,10
13.0167398453,80.2252197266,52314,52324,10
13.0177297592,80.224822998,52324,52334,10
13.0186395645,80.2244567871,52334,52344,10
13.0192804337,80.2243423462,52344,52354,10
13.0195598602,80.2244110107,52354,52364,10
13.0197896957,80.2245635986,52364,52374,10
13.0201501846,80.2248535156,52374,52384,10
13.0207195282,80.2252197266,52384,52394,10
13.0211601257,80.2256011963,52394,52404,10
13.0217599869,80.2259902954,52404,52415,11
13.0219202042,80.2261276245,52415,52425,10
13.0221099854,80.2262573242,52425,52435,10
13.0225400925,80.2266387939,52435,52445,10
13.0230703354,80.2271499634,52445,52455,10
13.0236101151,80.2276306152,52455,52465,10
13.0241203308,80.2282028198,52465,52475,10
13.0244598389,80.2286605835,52475,52485,10
13.0247297287,80.2290420532,52485,52495,10
13.0251102448,80.2295074463,52495,52505,10
13.0255298615,80.2300415039,52505,52515,10
13.0256900787,80.2303085327,52515,52526,11
13.0257902145,80.2305603027,52526,52536,10
13.0258798599,80.2307662964,52536,52546,10
13.0259304047,80.231048584,52546,52556,10
13.0261001587,80.2312316895,52556,52566,10
13.0267400742,80.2310791016,52566,52576,10
13.0274801254,80.2309265137,52576,52586,10
13.0282897949,80.2308731079,52586,52606,20
13.0282897949,80.2308731079,52606,52616,10
13.0284900665,80.2308807373,52616,52626,10
13.0288600922,80.2308273315,52626,52637,11
13.0292396545,80.2307891846,52637,52647,10
13.0296201706,80.2307434082,52647,52657,10
13.0300598145,80.2307128906,52657,52667,10
13.0304403305,80.2306900024,52667,52677,10
13.0306301117,80.230682373,52677,52687,10
13.0310001373,80.2306518555,52687,52697,10
13.0312204361,80.2306289673,52697,52707,10
13.0318803787,80.2305908203,52707,52717,10
13.0325899124,80.2305221558,52717,52727,10
13.0333795547,80.2304611206,52727,52738,11
13.0338096619,80.2304000854,52738,52748,10
13.0340995789,80.2303771973,52748,52758,10
13.0343904495,80.2303466797,52758,52768,10
13.0348300934,80.23021698,52768,52798,30
13.0348300934,80.23021698,52798,52808,10
13.0350198746,80.2300033569,52808,52818,10
13.0351104736,80.2298965454,52818,52828,10
13.0350999832,80.2296981812,52828,52909,81
13.0347299576,80.2297668457,52909,53020,111
13.0343599319,80.2297210693,53020,53171,151
13.0341901779,80.230140686,53171,53192,21
13.0341901779,80.230140686,53192,53202,10
13.034119606,80.2304077148,53202,53212,10
13.0339202881,80.2304534912,53212,53222,10
13.0335102081,80.230506897,53222,53232,10
13.0333099365,80.2305297852,53232,53242,10
13.0327701569,80.2307510376,53242,53252,10
13.0320796967,80.2307128906,53252,53262,10
13.0314302444,80.2307281494,53262,53272,10
13.0308599472,80.2307662964,53272,53282,10
13.0303602219,80.230796814,53282,53293,11
13.0297899246,80.2308425903,53293,53303,10
13.0296096802,80.2308502197,53303,53313,10
13.0290203094,80.2309112549,53313,53323,10
13.0281600952,80.2309875488,53323,53333,10
13.0277204514,80.2310562134,53333,53343,10
13.0277299881,80.2315597534,53343,53353,10
13.0278196335,80.232131958,53353,53363,10
13.0278701782,80.2326965332,53363,53373,10
13.0270700455,80.2330093384,53373,53393,20
13.0270700455,80.2330093384,53393,53404,11
13.0267801285,80.2330169678,53404,53414,10
13.0264101028,80.2328796387,53414,53424,10
13.0262403488,80.2322463989,53424,53434,10
13.0260896683,80.2316589355,53434,53444,10
13.0259103775,80.2309417725,53444,53454,10
13.0253801346,80.2300186157,53454,53464,10
13.0248003006,80.2292861938,53464,53474,10
13.0246801376,80.2291488647,53474,53484,10
13.0244703293,80.2288818359,53484,53494,10
13.0240497589,80.2283782959,53494,53504,10
13.0239801407,80.2282867432,53504,53515,11
13.0236997604,80.2279205322,53515,53525,10
13.0231800079,80.2274017334,53525,53535,10
13.0225200653,80.2267303467,53535,53545,10
13.0218200684,80.2261199951,53545,53555,10
13.0212802887,80.2257232666,53555,53565,10
13.0208597183,80.2253799438,53565,53575,10
13.0206203461,80.2252426147,53575,53585,10
13.0202302933,80.2249908447,53585,53595,10
13.0201396942,80.2249221802,53595,53605,10
13.0201101303,80.2248916626,53605,53616,11
13.0197000504,80.2246398926,53616,53626,10
13.0188703537,80.2245025635,53626,53636,10
13.017999649,80.2248306274,53636,53646,10
13.0171203613,80.225189209,53646,53656,10
13.0164899826,80.225440979,53656,53666,10
13.0158500671,80.2256622314,53666,53676,10
13.015130043,80.2259521484,53676,53686,10
13.0144195557,80.2262496948,53686,53696,10
13.0141601563,80.2263793945,53696,53706,10
13.0139703751,80.2264709473,53706,53716,10
13.0133695602,80.2266387939,53716,53727,11
13.0124597549,80.2269821167,53727,53737,10
13.0114402771,80.2273712158,53737,53747,10
13.0104799271,80.2277832031,53747,53757,10
13.0095300674,80.2281799316,53757,53767,10
13.0091199875,80.2288284302,53767,53777,10
13.0088996887,80.2298431396,53777,53787,10
13.0087099075,80.2309036255,53787,53797,10
13.0085296631,80.2319412231,53797,53807,10
13.0083398819,80.2329025269,53807,53817,10
13.0082197189,80.2335968018,53817,53827,10
13.0082101822,80.2336196899,53827,53838,11
13.008099556,80.2339401245,53838,53848,10
13.0079603195,80.2346191406,53848,53858,10
13.0079202652,80.2349472046,53858,53868,10
13.007900238,80.2350997925,53868,53878,10
13.0077896118,80.2356262207,53878,53888,10
13.0076398849,80.2365036011,53888,53898,10
13.0074300766,80.237487793,53898,53908,10
13.0072603226,80.2384872437,53908,53918,10
13.0071001053,80.2393722534,53918,53928,10
13.006939888,80.2401275635,53928,54009,81
13.006939888,80.2401275635,54009,54019,10
13.006939888,80.2407531738,54019,54039,20
13.006939888,80.2407531738,54039,54049,10
13.0068597794,80.2410125732,54049,54060,11
13.0067796707,80.2418212891,54060,54070,10
13.0067396164,80.2427215576,54070,54080,10
13.0066900253,80.243560791,54080,54090,10
13.0066404343,80.2442626953,54090,54100,10
13.0066299438,80.2447433472,54100,54110,10
13.006649971,80.2449035645,54110,54120,10
13.0066699982,80.2452392578,54120,54129,9
13.0066900253,80.2456893921,54129,54140,11
13.0067195892,80.246383667,54140,54150,10
13.0067396164,80.2470474243,54150,54160,10
13.0067195892,80.2478637695,54160,54171,11
13.006770134,80.2489318848,54171,54181,10
13.006819725,80.2496109009,54181,54191,10
13.0068101883,80.2496337891,54191,54201,10
13.0068101883,80.2497406006,54201,54211,10
13.006770134,80.250289917,54211,54221,10
13.0068101883,80.2512435913,54221,54261,40
13.0068101883,80.2512435913,54261,54271,10
13.0067996979,80.2513809204,54271,54282,11
13.0065898895,80.2518768311,54282,54292,10
13.0065002441,80.252746582,54292,54302,10
13.0065202713,80.2537384033,54302,54312,10
13.0065498352,80.2546081543,54312,54322,10
13.0065603256,80.2554397583,54322,54332,10
13.0065603256,80.2564163208,54332,54342,10
13.0065898895,80.2568969727,54342,54352,10
13.0066099167,80.2569580078,54352,54362,10
13.0067195892,80.2572097778,54362,54372,10
13.0069904327,80.2577972412,54372,54383,11
13.0074701309,80.2584228516,54383,54393,10
13.0076398849,80.2585830688,54393,54403,10
13.0077199936,80.2586669922,54403,54413,10
13.0082197189,80.2589035034,54413,54423,10
13.0088300705,80.2589569092,54423,54433,10
13.0095596313,80.2589035034,54433,54443,10
13.0105800629,80.2589263916,54443,54453,10
13.0117301941,80.2589416504,54453,54463,10
13.012960434,80.2590332031,54463,54473,10
13.0143404007,80.2591018677,54473,54483,10
13.0155897141,80.2592315674,54483,54494,11
13.0163602829,80.2596511841,54494,54514,20
13.0163602829,80.2596511841,54514,54524,10
13.0165500641,80.2598266602,54524,54534,10
13.017080307,80.2602005005,54534,54544,10
13.017829895,80.2606964111,54544,54554,10
13.0185403824,80.2611618042,54554,54564,10
13.0189199448,80.2615127563,54564,54574,10
13.0193595886,80.2618789673,54574,54584,10
13.0198202133,80.262336731,54584,54594,10
13.0201301575,80.2625732422,54594,54605,11
13.0204696655,80.2627563477,54605,54615,10
13.0211496353,80.2629776001,54615,54625,10
13.0218601227,80.2632827759,54625,54635,10
13.0221300125,80.2634124756,54635,54645,10
13.0227003098,80.2637023926,54645,54655,10
13.0229301453,80.2638168335,54655,54665,10
13.0232200623,80.2639694214,54665,54675,10
13.0238800049,80.2643280029,54675,54685,10
13.0246801376,80.264793396,54685,54695,10
13.0251197815,80.2651824951,54695,54705,10
13.0257501602,80.265586853,54705,54716,11
13.0261602402,80.2657623291,54716,54726,10
13.0262498856,80.2655334473,54726,54736,10
13.0263395309,80.2652587891,54736,54746,10
13.0263996124,80.2648010254,54746,54756,10
13.0264797211,80.2642364502,54756,54766,10
13.0264797211,80.2641525269,54766,54776,10
13.0264797211,80.2639923096,54776,54786,10
13.0264902115,80.2638626099,54786,54796,10
13.0265598297,80.2634506226,54796,54806,10
13.0268802643,80.2634124756,54806,54816,10
13.0273303986,80.2634811401,54816,54827,11
13.0282297134,80.2637786865,54827,54837,10
13.0282497406,80.2637863159,54837,54847,10
13.0286102295,80.2639007568,54847,54857,10
13.0291404724,80.2641372681,54857,54867,10
13.0292701721,80.2643127441,54867,54877,10
13.0293397903,80.2648696899,54877,54886,9
13.0293197632,80.2656097412,54886,54897,11
13.0292596817,80.2660293579,54897,54907,10
13.0291996002,80.2662811279,54907,54917,10
13.0294599533,80.266456604,54917,54928,11
13.029999733,80.2665710449,54928,54938,10
13.030790329,80.2667388916,54938,54948,10
13.0314502716,80.2670211792,54948,54958,10
13.0321397781,80.2673187256,54958,54978,20
13.0324497223,80.2674865723,54978,55039,61
13.0324497223,80.2674865723,55039,55049,10
13.0327501297,80.2676620483,55049,55059,10
13.0330600739,80.2677307129,55059,55069,10
13.0333003998,80.2677383423,55069,55079,10
13.0336904526,80.2678375244,55079,55099,20
13.0336904526,80.2678375244,55099,55109,10
13.0339202881,80.267906189,55109,55119,10
13.0343704224,80.2679519653,55119,55129,10
13.0344800949,80.2679519653,55129,55139,10
13.0345201492,80.268081665,55139,55150,11
13.0343704224,80.2680587769,55150,55160,10
13.0340299606,80.2679519653,55160,55170,10
13.0336503983,80.2678985596,55170,55230,60
13.0332899094,80.267829895,55230,56007,777
13.0332899094,80.267829895,56007,56018,11
13.0329799652,80.2677764893,56018,56028,10
13.0327301025,80.2677536011,56028,56038,10
13.0321502686,80.2672805786,56038,56048,10
13.0315999985,80.2670211792,56048,56058,10
13.0309200287,80.2668380737,56058,56068,10
13.0302400589,80.2667007446,56068,56078,10
13.0297203064,80.2666168213,56078,56088,10
13.0296802521,80.2666397095,56088,56098,10
13.0292396545,80.2665863037,56098,56108,10
13.0289697647,80.2664413452,56108,56119,11
13.0284900665,80.2663497925,56119,56129,10
13.0280599594,80.2663192749,56129,56139,10
13.0274400711,80.2662200928,56139,56149,10
13.026720047,80.2660369873,56149,56159,10
13.0260696411,80.265838623,56159,56169,10
13.0253696442,80.265411377,56169,56179,10
13.025179863,80.2652816772,56179,56189,10
13.0250997543,80.2652130127,56189,56199,10
13.024769783,80.2649765015,56199,56209,10
13.0241699219,80.2645187378,56209,56219,10
13.0234899521,80.2641296387,56219,56230,11
13.0228004456,80.2637405396,56230,56240,10
13.0221395493,80.2634811401,56240,56260,20
13.0221395493,80.2634811401,56260,56270,10
13.0219697952,80.2633666992,56270,56280,10
13.0216703415,80.2632369995,56280,56290,10
13.0209598541,80.2630691528,56290,56300,10
13.0201997757,80.2630310059,56300,56310,10
13.0195503235,80.2629776001,56310,56320,10
13.0190496445,80.2628936768,56320,56330,10
13.0188798904,80.2622375488,56330,56341,11
13.0187101364,80.2613601685,56341,56351,10
13.0182800293,80.2610321045,56351,56361,10
13.0177097321,80.2606582642,56361,56371,10
13.0170297623,80.2602005005,56371,56381,10
13.0162696838,80.2597808838,56381,56391,10
13.0160198212,80.2596588135,56391,56401,10
13.015999794,80.2596435547,56401,56411,10
13.0157604218,80.2595214844,56411,56421,10
13.0151596069,80.2593612671,56421,56431,10
13.0145196915,80.2592926025,56431,56441,10
13.0138702393,80.2592773438,56441,56452,11
13.0129003525,80.2592468262,56452,56462,10
13.0119495392,80.2592086792,56462,56472,10
13.0111398697,80.2591781616,56472,56482,10
13.0104799271,80.2592391968,56482,56492,10
13.0099697113,80.259262085,56492,56502,10
13.0099401474,80.259262085,56502,56512,10
13.0095396042,80.2592391968,56512,56522,10
13.0089101791,80.2592315674,56522,56532,10
13.0086202621,80.2592163086,56532,56542,10
13.0081300735,80.2593612671,56542,56552,10
13.0074796677,80.2592926025,56552,56563,11
13.0072002411,80.2587280273,56563,56573,10
13.0071697235,80.2586669922,56573,56583,10
13.0070896149,80.2585296631,56583,56593,10
13.0068902969,80.2581634521,56593,56603,10
13.0065898895,80.2576599121,56603,56643,40
13.0065898895,80.2576599121,56643,56653,10
13.0064601898,80.2573623657,56653,56664,11
13.0064496994,80.2570495605,56664,56674,10
13.0064601898,80.2567901611,56674,56684,10
13.0064401627,80.2563781738,56684,56694,10
13.0064897537,80.2557678223,56694,56704,10
13.0064897537,80.2556762695,56704,56714,10
13.0065202713,80.2555618286,56714,56724,10
13.0065402985,80.2549972534,56724,56734,10
13.0065202713,80.2541809082,56734,56744,10
13.0065202713,80.2535018921,56744,56754,10
13.0065202713,80.2533187866,56754,56764,10
13.0065002441,80.2532730103,56764,56775,11
13.0065202713,80.2527618408,56775,56785,10
13.0066003799,80.2521133423,56785,56865,80
13.0066003799,80.2521133423,56865,56875,10
13.0066604614,80.2518997192,56875,56886,11
13.0067396164,80.2512817383,56886,56896,10
13.006770134,80.2506103516,56896,56906,10
13.0067596436,80.2498703003,56906,56916,10
13.0067596436,80.2497634888,56916,56926,10
13.0067396164,80.2493896484,56926,56936,10
13.0066404343,80.248336792,56936,56956,20
13.0066404343,80.248336792,56956,56966,10
13.0066099167,80.2481994629,56966,56976,10
13.0066003799,80.2478408813,56976,56986,10
13.0066204071,80.2471923828,56986,56997,11
13.0065603256,80.2466506958,56997,57007,10
13.0065603256,80.2466430664,57007,57017,10
13.0065898895,80.2464370728,57017,57027,10
13.0066299438,80.24584198,57027,57037,10
13.0066299438,80.2451171875,57037,57047,10
13.0066299438,80.2444076538,57047,57057,10
13.0066404343,80.2437515259,57057,57067,10
13.0065898895,80.2431030273,57067,57077,10
13.0065603256,80.2423934937,57077,57087,10
13.0065402985,80.2417297363,57087,57098,11
13.0065402985,80.2416610718,57098,57108,10
13.0065803528,80.2413024902,57108,57118,10
13.0066299438,80.2409362793,57118,57128,10
13.0066795349,80.2405319214,57128,57138,10
13.0068101883,80.2399902344,57138,57148,10
13.0069799423,80.2392807007,57148,57158,10
13.0071296692,80.2384567261,57158,57168,10
13.0072603226,80.2378234863,57168,57178,10
13.0073404312,80.2373733521,57178,57209,31
13.0073404312,80.2373733521,57209,57219,10
13.0073795319,80.2370605469,57219,57229,10
13.0073795319,80.2370376587,57229,57239,10
13.0073795319,80.2369918823,57239,57249,10
13.0074396133,80.2366714478,57249,57259,10
13.007610321,80.236076355,57259,57269,10
13.0077600479,80.2353973389,57269,57279,10
13.0078001022,80.2351608276,57279,57289,10
13.0078496933,80.2349472046,57289,57299,10
13.0079698563,80.2343673706,57299,57309,10
13.0081501007,80.2335128784,57309,57320,11
13.0083904266,80.2322387695,57320,57330,10
13.0086402893,80.2309570313,57330,57340,10
13.0088796616,80.2296829224,57340,57349,9
13.0091199875,80.2285614014,57349,57360,11
13.0095100403,80.2275009155,57360,57370,10
13.0099201202,80.2265777588,57370,57380,10
13.0103397369,80.2257537842,57380,57390,10
13.0106201172,80.225189209,57390,57400,10
13.0108203888,80.2247390747,57400,57410,10
13.0110902786,80.2241287231,57410,57420,10
13.0112304688,80.2238311768,57420,57431,11
13.0112400055,80.2238235474,57431,57441,10
13.0112895966,80.2236633301,57441,57451,10
13.0114402771,80.2232971191,57451,57461,10
13.0117101669,80.2226333618,57461,57471,10
13.0119600296,80.221862793,57471,57481,10
13.0122804642,80.2215576172,57481,57491,10
13.0124597549,80.221786499,57491,57501,10
13.0128602982,80.2222137451,57501,57511,10
13.0132799149,80.2226791382,57511,57521,10
13.0137195587,80.2231521606,57521,57532,11
13.01404953,80.2235107422,57532,57542,10
13.0145597458,80.2241363525,57542,57552,10
13.0152702332,80.2248535156,57552,57572,20
13.0152702332,80.2248535156,57572,57582,10
13.0154600143,80.2249526978,57582,57592,10
13.0157699585,80.2252502441,57592,57602,10
13.0163803101,80.2253494263,57602,57612,10
13.0171604156,80.2250976563,57612,57622,10
13.017950058,80.2247695923,57622,57632,10
13.0187196732,80.2244491577,57632,57643,11
13.0194501877,80.224357605,57643,57653,10
13.0197896957,80.2245101929,57653,57663,10
13.0200996399,80.2247314453,57663,57673,10
13.0205898285,80.2250366211,57673,57683,10
13.0209999084,80.2253570557,57683,57693,10
13.0212898254,80.2256317139,57693,57703,10
13.0216398239,80.2258911133,57703,57713,10
13.0218200684,80.2259902954,57713,57723,10
13.0218801498,80.2259674072,57723,57733,10
13.0221300125,80.2262802124,57733,57743,10
13.0226602554,80.2267379761,57743,57754,11
13.0233802795,80.2274475098,57754,57764,10
13.0239896774,80.2280426025,57764,57774,10
13.0243501663,80.2283630371,57774,57794,20
13.0243501663,80.2283630371,57794,57804,10
13.024600029,80.2288131714,57804,57814,10
13.0249099731,80.2292480469,57814,57824,10
13.0253200531,80.2297897339,57824,57834,10
13.0257997513,80.2305297852,57834,57844,10
13.0260095596,80.231086731,57844,57854,10
13.0262098312,80.231338501,57854,57865,11
13.0270395279,80.2311325073,57865,57875,10
13.0279302597,80.2309875488,57875,57885,10
13.028459549,80.2308425903,57885,57895,10
13.0284996033,80.2308502197,57895,57905,10
13.0290603638,80.2308502197,57905,57966,61
13.0290603638,80.2308502197,57966,57976,10
13.0293197632,80.2308578491,57976,57986,10
13.0297698975,80.2308197021,57986,57996,10
13.0303697586,80.2307815552,57996,58006,10
13.0309095383,80.2307510376,58006,58016,10
13.0314798355,80.2307128906,58016,58026,10
13.0321598053,80.2306213379,58026,58036,10
13.0330600739,80.2305526733,58036,58087,51
13.0330600739,80.2305526733,58087,58097,10
13.0333204269,80.2305603027,58097,58107,10
13.0335597992,80.2305603027,58107,58117,10
13.0338401794,80.2305297852,58117,58157,40
13.0338401794,80.2305297852,58157,58167,10
13.0341300964,80.2304534912,58167,58198,31
13.0341300964,80.2304534912,58198,58208,10
13.0341901779,80.230430603,58208,58218,10
13.0343704224,80.230430603,58218,58228,10
13.0344800949,80.230430603,58228,58238,10
13.0347604752,80.2303009033,58238,58248,10
13.0349197388,80.230178833,58248,58258,10
13.0350399017,80.2300491333,58258,58268,10
13.0350198746,80.2298583984,58268,58278,10
13.0347995758,80.2298583984,58278,58369,91
13.0343999863,80.2298431396,58369,58642,273
13.0341901779,80.2301177979,58642,58793,151
13.0341901779,80.2301177979,58793,58803,10
13.0341396332,80.2304992676,58803,58834,31
13.0341396332,80.2304992676,58834,58844,10
13.0339803696,80.230506897,58844,58854,10
13.0335903168,80.2305374146,58854,58864,10
13.0334596634,80.2305526733,58864,58874,10
13.0331296921,80.2305297852,58874,58884,10
13.0324401855,80.2305831909,58884,58894,10
13.031920433,80.2306365967,58894,58904,10
13.0314397812,80.2306671143,58904,58914,10
13.0307598114,80.2307281494,58914,58924,10
13.0305700302,80.230758667,58924,58934,10
13.0298900604,80.2308273315,58934,58965,31
13.0298900604,80.2308273315,58965,58975,10
13.0295295715,80.2308578491,58975,58985,10
13.0289402008,80.2308883667,58985,58995,10
13.0284795761,80.2309570313,58995,59005,10
13.0281200409,80.231010437,59005,59015,10
13.0278997421,80.2310180664,59015,59025,10
13.0276603699,80.2312164307,59025,59035,10
13.0277204514,80.2317962646,59035,59045,10
13.0278100967,80.2323074341,59045,59056,11
13.0278396606,80.2328262329,59056,59066,10
13.0271997452,80.2329177856,59066,59076,10
13.0268096924,80.232963562,59076,59136,60
13.0268096924,80.232963562,59136,59146,10
13.0266895294,80.2329711914,59146,59156,10
13.0264596939,80.232963562,59156,59167,11
13.026260376,80.2325820923,59167,59177,10
13.0261497498,80.2321777344,59177,59187,10
13.0261497498,80.2321624756,59187,59197,10
13.0261297226,80.2320480347,59197,59207,10
13.0260400772,80.2317123413,59207,59217,10
13.0258598328,80.2311325073,59217,59227,10
13.0255804062,80.2304382324,59227,59237,10
13.0250701904,80.2297210693,59237,59247,10
13.0245895386,80.2290802002,59247,59257,10
13.0241203308,80.2285003662,59257,59268,11
13.0239496231,80.2283096313,59268,59278,10
13.0238599777,80.228187561,59278,59288,10
13.0235300064,80.2278213501,59288,59298,10
13.0231199265,80.2274017334,59298,59308,10
13.0225801468,80.2268981934,59308,59318,10
13.0219202042,80.2262802124,59318,59328,10
13.0210800171,80.2256164551,59328,59338,10
13.0203104019,80.225112915,59338,59348,10
13.0198001862,80.2247390747,59348,59368,20
13.0198001862,80.2247390747,59368,59379,11
13.0195598602,80.2246017456,59379,59389,10
13.0188598633,80.2244796753,59389,59399,10
13.0179100037,80.224822998,59399,59409,10
13.0168399811,80.2252807617,59409,59419,10
13.0159797668,80.2256011963,59419,59429,10
13.0149497986,80.2260437012,59429,59449,20
13.0149497986,80.2260437012,59449,59459,10
13.0148601532,80.2260818481,59459,59469,10
13.0143003464,80.2262802124,59469,59479,10
13.0138998032,80.2264862061,59479,59490,11
13.0138301849,80.2265167236,59490,59499,9
13.0138101578,80.2265319824,59499,59510,11
13.0137796402,80.2265396118,59510,59520,10
13.0136604309,80.2265701294,59520,59530,10
13.0132598877,80.2266693115,59530,59540,10
13.0126895905,80.226890564,59540,59550,10
13.0120801926,80.2271194458,59550,59560,10
13.0113201141,80.2274398804,59560,59570,10
13.0104799271,80.2277832031,59570,59580,10
13.0096302032,80.2281188965,59580,59590,10
13.0090904236,80.2287368774,59590,59601,11
13.0089197159,80.2295913696,59601,59611,10
13.0087404251,80.230506897,59611,59621,10
13.0085601807,80.2314910889,59621,59631,10
13.0084104538,80.2324523926,59631,59641,10
13.0082902908,80.2331008911,59641,59651,10
13.0082197189,80.2336883545,59651,59671,20
13.0082197189,80.2336883545,59671,59681,10
13.0081396103,80.2339096069,59681,59691,10
13.0080604553,80.2343902588,59691,59702,11
13.0079097748,80.2351074219,59702,59712,10
13.0077800751,80.2357711792,59712,59722,10
13.007610321,80.236618042,59722,59732,10
13.0074300766,80.2375183105,59732,59742,10
13.0072698593,80.2384109497,59742,59752,10
13.0071201324,80.2391815186,59752,59762,10
13.0069999695,80.2401580811,59762,59782,20
13.0070695877,80.2403411865,59782,59823,41
13.0070695877,80.2403411865,59823,59833,10
13.0071001053,80.2404403687,59833,59843,10
13.0070695877,80.2407073975,59843,59853,10
13.0069103241,80.2408828735,59853,59863,10
13.0068998337,80.2408905029,59863,59873,10
13.0068302155,80.2409820557,59873,59883,10
13.006770134,80.2415313721,59883,59893,10
13.0067396164,80.2423095703,59893,59903,10
13.0067501068,80.2431106567,59903,59913,10
13.0067501068,80.2437515259,59913,59924,11
13.0067501068,80.2441101074,59924,59934,10
13.0067501068,80.2444763184,59934,59944,10
13.006770134,80.2449035645,59944,59954,10
13.0067901611,80.2454223633,59954,59964,10
13.0067996979,80.2460021973,59964,59974,10
13.0068101883,80.2465591431,59974,59984,10
13.0068397522,80.2470092773,59984,59994,10
13.0067796707,80.2477111816,59994,60004,10
13.0068101883,80.2486877441,60004,60014,10
13.0069198608,80.2496109009,60014,60025,11
13.0069198608,80.249710083,60025,60035,10
13.0068902969,80.2497711182,60035,60045,10
13.0068597794,80.2502593994,60045,60055,10
13.0068597794,80.2511062622,60055,60065,10
13.006649971,80.2521972656,60065,60075,10
13.0065803528,80.253112793,60075,60085,10
13.0065603256,80.2541427612,60085,60095,10
13.0066099167,80.255027771,60095,60105,10
13.0066299438,80.2559661865,60105,60115,10
13.0066795349,80.2571487427,60115,60125,10
13.0070400238,80.2581710815,60125,60136,11
13.0077199936,80.258682251,60136,60146,10
13.0078401566,80.2587509155,60146,60156,10
13.0080795288,80.2588729858,60156,60166,10
13.0087404251,80.2590866089,60166,60176,10
13.0092802048,80.2591094971,60176,60186,10
13.0101604462,80.2591094971,60186,60196,10
13.0113296509,80.2591018677,60196,60206,10
13.0126399994,80.2591171265,60206,60216,10
13.0139598846,80.259147644,60216,60226,10
13.0150604248,80.2591781616,60226,60236,10
13.0159902573,80.2593994141,60236,60247,11
13.0163297653,80.2595825195,60247,60257,10
13.0163803101,80.2596282959,60257,60267,10
13.0165300369,80.2597427368,60267,60277,10
13.0167598724,80.2599182129,60277,60287,10
13.0173196793,80.2602920532,60287,60297,10
13.0180101395,80.2607803345,60297,60307,10
13.0186796188,80.2612228394,60307,60317,10
13.0191402435,80.2616195679,60317,60327,10
13.019659996,80.2621078491,60327,60337,10
13.0202198029,80.2626190186,60337,60347,10
13.0202999115,80.2626724243,60347,60358,11
13.020409584,80.2627334595,60358,60368,10
13.0208797455,80.2628707886,60368,60378,10
13.0215597153,80.2631225586,60378,60388,10
13.0220603943,80.263343811,60388,60398,10
13.0223903656,80.263458252,60398,60408,10
13.0228796005,80.263671875,60408,60418,10
13.0230197906,80.2637634277,60418,60428,10
13.0232400894,80.263923645,60428,60438,10
13.0236597061,80.2641677856,60438,60448,10
13.0240602493,80.2644424438,60448,60459,11
13.024720192,80.2649230957,60459,60469,10
13.0253200531,80.2653579712,60469,60479,10
13.0259304047,80.2657623291,60479,60489,10
13.0263004303,80.26587677,60489,60499,10
13.0263500214,80.2655029297,60499,60509,10
13.0263299942,80.2651367188,60509,60519,10
13.0264396667,80.2644577026,60519,60529,10
13.0264797211,80.2640304565,60529,60539,10
13.0265302658,80.2639083862,60539,60549,10
13.0265798569,80.263458252,60549,60559,10
13.0269899368,80.2634506226,60559,60570,11
13.0276603699,80.263633728,60570,60580,10
13.0282497406,80.2637634277,60580,60590,10
13.0283699036,80.2638168335,60590,60600,10
13.0287799835,80.2639389038,60600,60610,10
13.0292596817,80.2641067505,60610,60620,10
13.0293197632,80.2645263672,60620,60630,10
13.029299736,80.2652435303,60630,60640,10
13.029299736,80.2659683228,60640,60650,10
13.029299736,80.2660827637,60650,60660,10
13.0292797089,80.2662506104,60660,60670,10
13.0293502808,80.2665176392,60670,60681,11
13.0297498703,80.2665863037,60681,60691,10
13.0300598145,80.2665863037,60691,60701,10
13.0305500031,80.2666091919,60701,60711,10
13.0312004089,80.2667999268,60711,60721,10
13.0317401886,80.266998291,60721,60731,10
13.0322799683,80.2673110962,60731,60741,10
13.0326004028,80.267539978,60741,60751,10
13.032910347,80.2676696777,60751,60761,10
13.033370018,80.2677536011,60761,60771,10
13.033829689,80.2678375244,60771,60781,10
13.0338602066,80.2678527832,60781,60792,11
13.0340299606,80.267868042,60792,60802,10
13.0344400406,80.2679367065,60802,60812,10
13.0344495773,80.2679367065,60812,60822,10
13.0345802307,80.268157959,60822,60842,20
13.0345802307,80.268157959,60842,60852,10
13.0343198776,80.2680511475,60852,60862,10
13.0338602066,80.2679595947,60862,60872,10
13.0335302353,80.267906189,60872,60933,61
13.0331697464,80.2678375244,60933,61347,414
13.0331697464,80.2678375244,61347,61357,10
13.0332202911,80.267578125,61357,61458,101
13.0332202911,80.267578125,61458,61468,10
13.0331096649,80.2676696777,61468,61478,10
13.0328197479,80.2678375244,61478,61498,20
13.0331497192,80.2677764893,61498,61539,41
13.0332803726,80.2677764893,61539,61629,90
13.0331401825,80.2680435181,61629,61710,81
13.0331401825,80.2680435181,61710,61720,10
13.0331401825,80.2676773071,61720,61831,111
13.0331401825,80.2676773071,61831,61841,10
13.0330696106,80.2677230835,61841,61851,10
13.0326404572,80.267616272,61851,61872,21
13.0326404572,80.267616272,61872,61882,10
13.0324296951,80.2673873901,61882,61892,10
13.0320701599,80.2671890259,61892,61902,10
13.0315904617,80.2669906616,61902,61912,10
13.0309400558,80.2668609619,61912,61922,10
13.0303201675,80.2667694092,61922,61932,10
13.0298204422,80.2666931152,61932,61942,10
13.0297698975,80.2666702271,61942,61952,10
13.0296401978,80.2665786743,61952,61962,10
13.0293397903,80.2665405273,61962,61973,11
13.0289697647,80.2663269043,61973,61983,10
13.0283203125,80.2662506104,61983,61993,10
13.0278596878,80.2661895752,61993,62003,10
13.0272598267,80.2660903931,62003,62013,10
13.0268697739,80.2660369873,62013,62023,10
13.0263795853,80.2659378052,62023,62033,10
13.0260400772,80.2657623291,62033,62043,10
13.0252799988,80.265296936,62043,62063,20
13.0252799988,80.265296936,62063,62073,10
13.0250902176,80.2652664185,62073,62084,11
13.0248804092,80.265007019,62084,62094,10
13.024479866,80.2646789551,62094,62104,10
13.0240297318,80.2643890381,62104,62114,10
13.0235500336,80.2641677856,62114,62124,10
13.0231399536,80.2639312744,62124,62134,10
13.0228595734,80.2637634277,62134,62144,10
13.0223197937,80.2634963989,62144,62195,51
13.0223197937,80.2634963989,62195,62205,10
13.0219602585,80.2633514404,62205,62215,10
13.0218000412,80.2632522583,62215,62225,10
13.0214595795,80.2631530762,62225,62235,10
13.0208702087,80.2630615234,62235,62245,10
13.0203800201,80.2630386353,62245,62255,10
13.0199203491,80.2630004883,62255,62265,10
13.0193996429,80.2629623413,62265,62275,10
13.0190200806,80.2628631592,62275,62285,10
13.0188999176,80.2624893188,62285,62296,11
13.0188503265,80.2618484497,62296,62306,10
13.0187397003,80.2613830566,62306,62316,10
13.0183801651,80.2610092163,62316,62326,10
13.0178003311,80.2606506348,62326,62336,10
13.0171499252,80.2602310181,62336,62346,10
13.0165300369,80.2598800659,62346,62356,10
13.0160398483,80.2596588135,62356,62386,30
13.0160398483,80.2596588135,62386,62396,10
13.0159101486,80.2596206665,62396,62407,11
13.0156402588,80.2594985962,62407,62417,10
13.0149803162,80.2593536377,62417,62427,10
13.014169693,80.2593002319,62427,62437,10
13.0131998062,80.2592391968,62437,62447,10
13.0122404099,80.2592086792,62447,62457,10
13.011349678,80.2592010498,62457,62467,10
13.0106096268,80.2592391968,62467,62477,10
13.0100603104,80.2592697144,62477,62487,10
13.0099401474,80.2592697144,62487,62497,10
13.0095996857,80.2592468262,62497,62507,10
13.0092601776,80.2592010498,62507,62518,11
13.0088396072,80.2591934204,62518,62528,10
13.0085897446,80.2592163086,62528,62538,10
13.0081100464,80.2592086792,62538,62548,10
13.0078001022,80.2593002319,62548,62558,10
13.0072202682,80.2589569092,62558,62578,20
13.0072202682,80.2589569092,62578,62588,10
13.0071697235,80.2588272095,62588,62598,10
13.007109642,80.2584609985,62598,62608,10
13.0068798065,80.2580413818,62608,62619,11
13.0068101883,80.2576599121,62619,62669,50
13.0066795349,80.2576522827,62669,62709,40
13.0066795349,80.2576522827,62709,62719,10
13.0066699982,80.2574234009,62719,62730,11
13.0065002441,80.2572097778,62730,62740,10
13.0065202713,80.2568588257,62740,62750,10
13.0064897537,80.2561416626,62750,62760,10
13.0065097809,80.2556762695,62760,62770,10
13.0065002441,80.2551574707,62770,62780,10
13.006480217,80.2546005249,62780,62790,10
13.0065097809,80.2542800903,62790,62800,10
13.0064897537,80.25415802,62800,62810,10
13.006480217,80.2539825439,62810,62820,10
13.0065202713,80.2534866333,62820,62891,71
13.0065202713,80.2534866333,62891,62901,10
13.0064401627,80.2532119751,62901,62911,10
13.0064897537,80.2529067993,62911,62921,10
13.0065097809,80.2526397705,62921,62931,10
13.0065803528,80.2521514893,62931,62942,11
13.0067195892,80.251159668,62942,62952,10
13.0067396164,80.2501373291,62952,62962,10
13.0067396164,80.2496032715,62962,62972,10
13.0067396164,80.2493972778,62972,62982,10
13.0066795349,80.2490081787,62982,63002,20
13.0066795349,80.2490081787,63002,63012,10
13.0066604614,80.2486495972,63012,63022,10
13.0066299438,80.2482910156,63022,63032,10
13.0066204071,80.2479171753,63032,63042,10
13.0065898895,80.2475967407,63042,63103,61
13.0065898895,80.2475967407,63103,63113,10
13.0066604614,80.2471466064,63113,63123,10
13.0065803528,80.24659729,63123,63133,10
13.0065698624,80.2465209961,63133,63143,10
13.0066099167,80.2464065552,63143,63153,10
13.0066099167,80.2458877563,63153,63164,11
13.0066003799,80.2452392578,63164,63174,10
13.0066003799,80.2448806763,63174,63184,10
13.0066003799,80.2445373535,63184,63194,10
13.0066204071,80.2442703247,63194,63204,10
13.006649971,80.243850708,63204,63214,10
13.0066003799,80.2433166504,63214,63224,10
13.0065498352,80.2426300049,63224,63234,10
13.006529808,80.2417831421,63234,63244,10
13.0065202713,80.2416381836,63244,63254,10
13.0065402985,80.2414627075,63254,63265,11
13.0066099167,80.2409210205,63265,63355,90
13.0066099167,80.2409210205,63355,63365,10
13.0066404343,80.2405776978,63365,63376,11
13.0067396164,80.2402420044,63376,63386,10
13.006819725,80.239730835,63386,63396,10
13.0069303513,80.2391891479,63396,63406,10
13.0070800781,80.2385864258,63406,63416,10
13.0071697235,80.2381134033,63416,63426,10
13.0072898865,80.2376403809,63426,63436,10
13.0073795319,80.2372436523,63436,63446,10
13.007399559,80.2369003296,63446,63466,20
13.007399559,80.2369003296,63466,63476,10
13.0074596405,80.236618042,63476,63487,11
13.0075702667,80.2362136841,63487,63497,10
13.0076799393,80.2356567383,63497,63507,10
13.0078001022,80.2349624634,63507,63517,10
13.0079603195,80.234161377,63517,63527,10
13.0081396103,80.2332992554,63527,63537,10
13.0083303452,80.232421875,63537,63547,10
13.0085296631,80.2313690186,63547,63557,10
13.0087404251,80.2302398682,63557,63567,10
13.0089797974,80.2291107178,63567,63577,10
13.0092401505,80.2280502319,63577,63587,10
13.0096302032,80.2271575928,63587,63598,11
13.0100402832,80.226272583,63598,63608,10
13.0102300644,80.2258605957,63608,63618,10
13.0103597641,80.2255935669,63618,63628,10
13.0104799271,80.2253265381,63628,63638,10
13.0106201172,80.2250671387,63638,63648,10
13.0107898712,80.2247161865,63648,63658,10
13.0109100342,80.2244796753,63658,63668,10
13.0110998154,80.223991394,63668,63678,10
13.0112800598,80.2235870361,63678,63688,10
13.0114402771,80.2231216431,63688,63699,11
13.0118598938,80.2221374512,63699,63709,10
13.0121603012,80.2214126587,63709,63719,10
13.012430191,80.2216720581,63719,63729,10
13.0128602982,80.2222213745,63729,63739,10
13.013299942,80.2226715088,63739,63749,10
13.0135803223,80.2229614258,63749,63759,10
13.0138902664,80.2232666016,63759,63769,10
13.0141000748,80.223449707,63769,63779,10
13.0143098831,80.2236633301,63779,63789,10
13.0146198273,80.2240371704,63789,63799,10
13.0151500702,80.2247619629,63799,63820,21
13.0151500702,80.2247619629,63820,63830,10
13.0151996613,80.2249221802,63830,63840,10
13.0155496597,80.2251205444,63840,63860,20
13.0155496597,80.2251205444,63860,63870,10
13.0158395767,80.2253112793,63870,63880,10
13.0163803101,80.2253723145,63880,63890,10
13.0169401169,80.2251586914,63890,63900,10
13.0175504684,80.2249069214,63900,63910,10
13.0182800293,80.224609375,63910,63921,11
13.0191402435,80.2243728638,63921,63931,10
13.019780159,80.2245788574,63931,63941,10
13.0203695297,80.2249984741,63941,63951,10
13.0209102631,80.2253799438,63951,63961,10
13.0211000443,80.2255172729,63961,63971,10
13.0212097168,80.2256088257,63971,63981,10
13.0215902328,80.2258911133,63981,63991,10
13.0220003128,80.2261810303,63991,64001,10
13.02202034,80.2261962891,64001,64011,10
13.0220403671,80.2262268066,64011,64022,11
13.0223398209,80.2265319824,64022,64032,10
13.0228004456,80.2269287109,64032,64042,10
13.0232801437,80.2273635864,64042,64052,10
13.0237598419,80.2277832031,64052,64062,10
13.024140358,80.2281265259,64062,64072,10
13.0243797302,80.2284698486,64072,64082,10
13.0246801376,80.2289199829,64082,64092,10
13.0249500275,80.2293014526,64092,64102,10
13.025270462,80.2297134399,64102,64112,10
13.0254497528,80.2299499512,64112,64173,61
13.0254497528,80.2299499512,64173,64183,10
13.0256004333,80.2301635742,64183,64193,10
13.0257396698,80.2304000854,64193,64203,10
13.0258398056,80.2306289673,64203,64213,10
13.0259199142,80.2308120728,64213,64223,10
13.0259895325,80.2311019897,64223,64233,10
13.0260696411,80.2313766479,64233,64244,11
13.0266895294,80.2312316895,64244,64254,10
13.0274496078,80.2310180664,64254,64264,10
13.0284500122,80.2309036255,64264,64284,20
13.0284500122,80.2309036255,64284,64294,10
13.0288000107,80.2308578491,64294,64304,10
13.0291700363,80.2308197021,64304,64355,51
13.0291700363,80.2308197021,64355,64365,10
13.0293598175,80.2308425903,64365,64375,10
13.0298299789,80.230796814,64375,64385,10
13.0302400589,80.230758667,64385,64405,20
13.0302400589,80.230758667,64405,64415,10
13.0303602219,80.2307510376,64415,64425,10
13.0305404663,80.23072052,64425,64435,10
13.0309295654,80.2307128906,64435,64445,10
13.031370163,80.230682373,64445,64456,11
13.0320100784,80.2306213379,64456,64466,10
13.0326404572,80.2305603027,64466,64476,10
13.0332698822,80.2304992676,64476,64486,10
13.0334796906,80.2304916382,64486,64496,10
13.0335197449,80.2304916382,64496,64506,10
13.0337896347,80.2304763794,64506,64516,10
13.0341997147,80.230430603,64516,64526,10
13.0347604752,80.2302627563,64526,64577,51
13.0347604752,80.2302627563,64577,64587,10
13.0348796844,80.23021698,64587,64597,10
13.0348796844,80.2302093506,64597,64607,10
13.0346803665,80.2300796509,64607,65293,686
13.0343198776,80.2300796509,65293,65414,121
13.0343198776,80.2300796509,65414,65425,11
13.0341501236,80.2303390503,65425,65435,10
13.0340299606,80.2304763794,65435,65445,10
13.0336799622,80.2304382324,65445,65455,10
13.033490181,80.2304763794,65455,65465,10
13.0330696106,80.2305297852,65465,65475,10
13.0324201584,80.2306213379,65475,65485,10
13.0320901871,80.2306594849,65485,65495,10
13.0318603516,80.2306594849,65495,65505,10
13.0315799713,80.2306594849,65505,65515,10
13.0315103531,80.2306594849,65515,65525,10
13.0312995911,80.230682373,65525,65576,51
13.0312995911,80.230682373,65576,65586,10
13.0310697556,80.2306976318,65586,65596,10
13.0308103561,80.2307128906,65596,65606,10
13.0305099487,80.2307434082,65606,65616,10
13.0301599503,80.230758667,65616,65626,10
13.0300598145,80.230758667,65626,65636,10
13.0299301147,80.2307891846,65636,65647,11
13.0298299789,80.230796814,65647,65657,10
13.0296297073,80.2308425903,65657,65667,10
13.0291595459,80.2308807373,65667,65677,10
13.0283899307,80.2309494019,65677,65687,10
13.0277395248,80.2311172485,65687,65697,10
13.0276403427,80.231338501,65697,65707,10
13.0277099609,80.2317886353,65707,65717,10
13.0277795792,80.2322006226,65717,65727,10
13.0278701782,80.2325820923,65727,65737,10
13.0278701782,80.2328186035,65737,65798,61
13.0275001526,80.2328109741,65798,65818,20
13.0275001526,80.2328109741,65818,65828,10
13.0272903442,80.2329025269,65828,65838,10
13.0270595551,80.2329406738,65838,65848,10
13.0270500183,80.2329406738,65848,65859,11
13.0266799927,80.2330093384,65859,65869,10
13.0263900757,80.2328796387,65869,65879,10
13.0262298584,80.2323913574,65879,65889,10
13.0261096954,80.231880188,65889,65899,10
13.02602005,80.2315292358,65899,65909,10
13.0258598328,80.2308578491,65909,65919,10
13.0254898071,80.2302398682,65919,65929,10
13.0252599716,80.229888916,65929,65939,10
13.0251302719,80.2296981812,65939,65949,10
13.024939537,80.2294616699,65949,65959,10
13.0246896744,80.2291564941,65959,65970,11
13.0243997574,80.2287979126,65970,65980,10
13.0242300034,80.2285919189,65980,65990,10
13.024020195,80.2283782959,65990,66010,20
13.024020195,80.2283782959,66010,66020,10
13.0237903595,80.2280807495,66020,66030,10
13.0235795975,80.2278366089,66030,66071,41
13.0235795975,80.2278366089,66071,66081,10
13.0234298706,80.2276382446,66081,66091,10
13.0233201981,80.2275695801,66091,66101,10
13.0230197906,80.2273025513,66101,66111,10
13.0226402283,80.2269210815,66111,66121,10
13.022190094,80.2265167236,66121,66131,10
13.0217103958,80.2261276245,66131,66141,10
13.0212097168,80.2257537842,66141,66151,10
13.0206604004,80.2253417969,66151,66161,10
13.019949913,80.2248687744,66161,66171,10
13.019109726,80.2245101929,66171,66182,11
13.0181598663,80.2247695923,66182,66192,10
13.0174303055,80.2250595093,66192,66202,10
13.0168800354,80.2252731323,66202,66212,10
13.0166196823,80.2253875732,66212,66222,10
13.0164699554,80.2254486084,66222,66232,10
13.0162401199,80.2255401611,66232,66242,10
13.0157604218,80.2257232666,66242,66252,10
13.0154399872,80.2258605957,66252,66262,10
13.0150499344,80.2260284424,66262,66272,10
13.0147104263,80.2261734009,66272,66282,10
13.01445961,80.2262802124,66282,66313,31
13.01445961,80.2262802124,66313,66323,10
13.014289856,80.2263793945,66323,66333,10
13.0141496658,80.2264480591,66333,66343,10
13.013999939,80.2265319824,66343,66353,10
13.0136404037,80.2266464233,66353,66363,10
13.0130300522,80.2268218994,66363,66373,10
13.0122003555,80.2271270752,66373,66383,10
13.0112304688,80.2275085449,66383,66394,11
13.0100603104,80.2279815674,66394,66404,10
13.0092401505,80.2283935547,66404,66414,10
13.009059906,80.2291107178,66414,66424,10
13.0089302063,80.2298736572,66424,66434,10
13.008769989,80.230796814,66434,66444,10
13.0086603165,80.2315216064,66444,66454,10
13.0085601807,80.2319717407,66454,66464,10
13.0085000992,80.2322006226,66464,66474,10
13.0084295273,80.2325592041,66474,66484,10
13.0083503723,80.2329483032,66484,66494,10
13.0082798004,80.2335510254,66494,66525,31
13.0082798004,80.2335510254,66525,66535,10
13.0081996918,80.2337493896,66535,66575,40
13.0081996918,80.2337493896,66575,66585,10
13.0081195831,80.2338867188,66585,66595,10
13.0080404282,80.2343215942,66595,66605,10
13.0079202652,80.2349090576,66605,66616,11
13.0078001022,80.2355117798,66616,66626,10
13.0077600479,80.2356567383,66626,66636,10
13.0077295303,80.2357635498,66636,66646,10
13.0076704025,80.2360992432,66646,66656,10
13.007610321,80.2364501953,66656,66666,10
13.0075597763,80.2367095947,66666,66676,10
13.0074796677,80.2370605469,66676,66686,10
13.0074195862,80.2373733521,66686,66696,10
13.007349968,80.2377090454,66696,66717,21
13.007349968,80.2377090454,66717,66727,10
13.0073204041,80.2378768921,66727,66737,10
13.0072402954,80.23828125,66737,66747,10
13.0071401596,80.238861084,66747,66757,10
13.0069599152,80.2398071289,66757,67019,262
13.0069599152,80.2398071289,67019,67029,10
13.0069599152,80.2399902344,67029,67040,11
13.0069198608,80.2404022217,67040,67050,10
13.0068798065,80.2407073975,67050,67060,10
13.0068702698,80.240737915,67060,67070,10
13.006819725,80.2408905029,67070,67080,10
13.0067796707,80.2412185669,67080,67090,10
13.0067396164,80.2418670654,67090,67100,10
13.0067396164,80.2425613403,67100,67110,10
13.0067195892,80.2433013916,67110,67120,10
13.0066995621,80.243927002,67120,67130,10
13.0067195892,80.2445297241,67130,67140,10
13.0067195892,80.2448577881,67140,67151,11
13.0066795349,80.2451477051,67151,67161,10
13.0066900253,80.2454528809,67161,67171,10
13.0067100525,80.2457809448,67171,67181,10
13.0067396164,80.2462768555,67181,67191,10
13.0067501068,80.2470169067,67191,67201,10
13.0067195892,80.2478637695,67201,67211,10
13.006770134,80.2486801147,67211,67221,10
13.0068798065,80.2495803833,67221,67241,20
13.0068798065,80.2495803833,67241,67252,11
13.0068397522,80.249671936,67252,67262,10
13.0068302155,80.2501068115,67262,67272,10
13.0068101883,80.250617981,67272,67282,10
13.0067901611,80.2508773804,67282,67292,10
13.0067996979,80.2510528564,67292,67302,10
13.0068101883,80.2513275146,67302,67312,10
13.0067300797,80.2517471313,67312,67322,10
13.0065803528,80.2523574829,67322,67332,10
13.0065402985,80.2530975342,67332,67342,10
13.006529808,80.2538604736,67342,67352,10
13.0065603256,80.2546234131,67352,67363,11
13.0065803528,80.2550735474,67363,67373,10
13.0066003799,80.2556991577,67373,67383,10
13.0066099167,80.2563476563,67383,67393,10
13.0066604614,80.2571487427,67393,67433,40
13.0066604614,80.2571487427,67433,67443,10
13.0066404343,80.2571792603,67443,67453,10
13.0067596436,80.2576980591,67453,67463,10
13.0072002411,80.2583694458,67463,67474,11
13.0077104568,80.2586517334,67474,67484,10
13.0077199936,80.2586593628,67484,67494,10
13.0080003738,80.2588119507,67494,67504,10
13.0085897446,80.2590179443,67504,67514,10
13.0090904236,80.2590789795,67514,67524,10
13.0098400116,80.2591018677,67524,67534,10
13.0108098984,80.2591171265,67534,67544,10
13.0119104385,80.2591018677,67544,67554,10
13.012960434,80.259147644,67554,67564,10
13.0141000748,80.2591781616,67564,67575,11
13.0153198242,80.2592391968,67575,67585,10
13.0160799026,80.2594909668,67585,67595,10
13.0164403915,80.2597427368,67595,67615,20
13.0164403915,80.2597427368,67615,67625,10
13.0166501999,80.2599334717,67625,67635,10
13.0171604156,80.2602615356,67635,67645,10
13.0176401138,80.2605895996,67645,67655,10
13.017950058,80.2608032227,67655,67665,10
13.0183601379,80.261100769,67665,67675,10
13.0187196732,80.2613372803,67675,67686,11
13.0189599991,80.2615585327,67686,67696,10
13.0192699432,80.2618331909,67696,67706,10
13.0194997787,80.2620620728,67706,67716,10
13.0201702118,80.2626495361,67716,67746,30
13.0201702118,80.2626495361,67746,67756,10
13.0205097198,80.2627792358,67756,67766,10
13.021030426,80.2629623413,67766,67776,10
13.0217103958,80.2631988525,67776,67786,10
13.0220804214,80.2633972168,67786,67797,11
13.0224199295,80.2635803223,67797,67807,10
13.0228500366,80.2638397217,67807,67817,10
13.0229797363,80.2639083862,67817,67827,10
13.0231199265,80.263999939,67827,67837,10
13.0234203339,80.2641525269,67837,67847,10
13.023730278,80.2643280029,67847,67857,10
13.0242595673,80.2646179199,67857,67867,10
13.0246601105,80.2649383545,67867,67877,10
13.0250301361,80.2652435303,67877,67887,10
13.0253696442,80.2654571533,67887,67898,11
13.0257997513,80.2657318115,67898,67908,10
13.0260295868,80.2657928467,67908,67918,10
13.0262498856,80.2658233643,67918,67928,10
13.0263204575,80.2655105591,67928,67938,10
13.0263299942,80.2650604248,67938,67948,10
13.0264701843,80.2640686035,67948,67968,20
13.0264701843,80.2640686035,67968,67978,10
13.0265102386,80.2637405396,67978,67988,10
13.0267696381,80.2635116577,67988,67998,10
13.0272798538,80.2635726929,67998,68009,11
13.0278196335,80.2637176514,68009,68019,10
13.0282201767,80.2637634277,68019,68029,10
13.0283298492,80.2638092041,68029,68039,10
13.0285396576,80.2638778687,68039,68049,10
13.0290403366,80.2639923096,68049,68059,10
13.029250145,80.2642364502,68059,68069,10
13.0292797089,80.2646408081,68069,68079,10
13.0292901993,80.2652130127,68079,68099,20
13.0292901993,80.2652130127,68099,68109,10
13.0292596817,80.2655792236,68109,68120,11
13.0292396545,80.2660293579,68120,68160,40
13.0292396545,80.2660293579,68160,68170,10
13.0291595459,80.2664413452,68170,68180,10
13.0292100906,80.2665634155,68180,68190,10
13.0295295715,80.2666015625,68190,68200,10
13.0298299789,80.2666015625,68200,68210,10
13.0302696228,80.2666625977,68210,68221,11
13.0311002731,80.2668609619,68221,68231,10
13.0316400528,80.2670516968,68231,68241,10
13.031920433,80.2671737671,68241,68251,10
13.0320997238,80.2672729492,68251,68261,10
13.0322799683,80.2673721313,68261,68281,20
13.0322799683,80.2673721313,68281,68291,10
13.0325403214,80.2675170898,68291,68301,10
13.0327796936,80.2677230835,68301,68311,10
13.0330495834,80.2677612305,68311,68321,10
13.0333204269,80.2678222656,68321,68332,11
13.0337400436,80.267868042,68332,68402,70
13.0337400436,80.267868042,68402,68412,10
13.0340499878,80.2679824829,68412,68422,10
13.0345401764,80.2680130005,68422,68503,81
13.0345401764,80.2680130005,68503,68513,10
13.034239769,80.2679595947,68513,68523,10
13.0339202881,80.2679367065,68523,68533,10
13.0335597992,80.2678833008,68533,68544,11
13.0333299637,80.2678604126,68544,68665,121
13.0333299637,80.2678604126,68665,68675,10
13.0329904556,80.2678222656,68675,68685,10
13.0328397751,80.267791748,68685,68695,10
13.0326404572,80.2676620483,68695,68705,10
13.0324602127,80.2675476074,68705,68715,10
13.0322599411,80.2674331665,68715,68725,10
13.0318202972,80.2672195435,68725,68735,10
13.0312204361,80.2670135498,68735,68745,10
13.0305299759,80.2668304443,68745,68755,10
13.02987957,80.266708374,68755,68766,11
13.0297203064,80.2667007446,68766,68776,10
13.0293197632,80.2666397095,68776,68786,10
13.0289697647,80.2664794922,68786,68796,10
13.0284204483,80.2663574219,68796,68806,10
13.0279798508,80.2662582397,68806,68816,10
13.0274801254,80.2661819458,68816,68826,10
13.0269804001,80.2661209106,68826,68836,10
13.0263595581,80.2660598755,68836,68867,31
13.0263595581,80.2660598755,68867,68877,10
13.0259799957,80.2659606934,68877,68887,10
13.0253000259,80.2654571533,68887,68907,20
13.0253000259,80.2654571533,68907,68917,10
13.0252103806,80.2653808594,68917,68927,10
13.0250196457,80.2652206421,68927,68937,10
13.0247097015,80.2649917603,68937,68947,10
13.0243396759,80.2647018433,68947,68957,10
13.0238704681,80.2643890381,68957,68967,10
13.0233001709,80.2641525269,68967,68978,11
13.022649765,80.2637634277,68978,68988,10
13.0222501755,80.2635574341,68988,69008,20
13.0222501755,80.2635574341,69008,69018,10
13.0218896866,80.2633972168,69018,69028,10
13.0212402344,80.263168335,69028,69038,10
13.0204401016,80.2631072998,69038,69048,10
13.0200099945,80.2630767822,69048,69058,10
13.0193195343,80.2630233765,69058,69068,10
13.0189599991,80.2629013062,69068,69079,11
13.0188598633,80.2621383667,69079,69089,10
13.0187397003,80.2614593506,69089,69099,10
13.0184898376,80.2612380981,69099,69109,10
13.0182800293,80.2611236572,69109,69119,10
13.0181398392,80.2610397339,69119,69129,10
13.0177602768,80.2607727051,69129,69139,10
13.0172595978,80.2604217529,69139,69149,10
13.0166702271,80.2600631714,69149,69159,10
13.0163803101,80.2598876953,69159,69169,10
13.0160398483,80.2597427368,69169,69190,21
13.0160398483,80.2597427368,69190,69200,10
13.0157604218,80.2595901489,69200,69210,10
13.0151901245,80.2594070435,69210,69220,10
13.0144901276,80.2593536377,69220,69230,10
13.0136995316,80.2593231201,69230,69240,10
13.0128002167,80.2593002319,69240,69250,10
13.0119400024,80.259262085,69250,69260,10
13.0112104416,80.2592391968,69260,69270,10
13.0105400085,80.259262085,69270,69280,10
13.0099802017,80.2593002319,69280,69290,10
13.0099000931,80.2593002319,69290,69301,11
13.0094804764,80.2592697144,69301,69311,10
13.0090503693,80.2592391968,69311,69321,10
13.0087604523,80.259262085,69321,69331,10
13.0083799362,80.2592391968,69331,69341,10
13.0078201294,80.2593383789,69341,69351,10
13.0074501038,80.2593917847,69351,69361,10
13.0071802139,80.2589187622,69361,69371,10
13.0071201324,80.2587890625,69371,69381,10
13.0070495605,80.2585678101,69381,69391,10
13.0066003799,80.2578582764,69391,69422,31
13.0064401627,80.2575378418,69422,69492,70
13.0064401627,80.2575378418,69492,69502,10
13.0065402985,80.2574234009,69502,69513,11
13.0065498352,80.2568588257,69513,69523,10
13.0065002441,80.2560577393,69523,69533,10
13.0064697266,80.2554626465,69533,69543,10
13.0065002441,80.2548294067,69543,69553,10
13.0064496994,80.25415802,69553,69563,10
13.0064601898,80.2533187866,69563,69603,40
13.0064601898,80.2533187866,69603,69613,10
13.0064897537,80.253036499,69613,69624,11
13.0064401627,80.2526168823,69624,69634,10
13.006480217,80.2522735596,69634,69694,60
13.006480217,80.2522735596,69694,69704,10
13.0065002441,80.2520904541,69704,69714,10
13.0065803528,80.2517166138,69714,69725,11
13.0066099167,80.2510681152,69725,69735,10
13.0065803528,80.2503128052,69735,69745,10
13.0066404343,80.2498168945,69745,69785,40
13.0066404343,80.2498168945,69785,69795,10
13.0066900253,80.2494125366,69795,69805,10
13.0066604614,80.2489776611,69805,69815,10
13.0066404343,80.2487030029,69815,69825,10
13.0066204071,80.2485427856,69825,69836,11
13.0065898895,80.2483291626,69836,69906,70
13.0065898895,80.2483291626,69906,69916,10
13.0065603256,80.248008728,69916,69926,10
13.0066003799,80.247467041,69926,69936,10
13.0065803528,80.2468719482,69936,69947,11
13.0065603256,80.2465286255,69947,69967,20
13.0065603256,80.2465286255,69967,69977,10
13.0065603256,80.2464370728,69977,69987,10
13.0065603256,80.2460784912,69987,70007,20
13.0065603256,80.2460784912,70007,70017,10
13.0065002441,80.2459030151,70017,70027,10
13.0065202713,80.2456665039,70027,70037,10
13.0065498352,80.2453765869,70037,70048,11
13.0065603256,80.2450408936,70048,70058,10
13.0065803528,80.2447891235,70058,70068,10
13.0066003799,80.2445526123,70068,70078,10
13.0066003799,80.2443237305,70078,70088,10
13.0065803528,80.2440414429,70088,70098,10
13.0065803528,80.2437362671,70098,70108,10
13.0065698624,80.2433776855,70108,70118,10
13.006529808,80.2429122925,70118,70128,10
13.0065002441,80.2425079346,70128,70138,10
13.0065002441,80.2422332764,70138,70148,10
13.0064897537,80.2419433594,70148,70159,11
13.0065002441,80.2417602539,70159,70169,10
13.0065002441,80.2416229248,70169,70179,10
13.0065002441,80.2412719727,70179,70189,10
13.0065202713,80.2410202026,70189,70381,192
13.0066003799,80.2406387329,70381,70411,30
13.0066003799,80.2406387329,70411,70421,10
13.0066900253,80.2402191162,70421,70431,10
13.0068702698,80.2397232056,70431,70441,10
13.0069799423,80.2389907837,70441,70451,10
13.0070199966,80.2383117676,70451,70461,10
13.0071201324,80.23777771,70461,70471,10
13.0072097778,80.2373199463,70471,70482,11
13.0073299408,80.236656189,70482,70502,20
13.0073299408,80.236656189,70502,70512,10
13.007399559,80.2364807129,70512,70522,10
13.007519722,80.2360305786,70522,70532,10
13.0076503754,80.2353591919,70532,70542,10
13.0077800751,80.2345962524,70542,70552,10
13.0079803467,80.2337265015,70552,70562,10
13.0081996918,80.2327194214,70562,70572,10
13.0084104538,80.2316665649,70572,70582,10
13.008600235,80.2306213379,70582,70593,11
13.0088396072,80.2294387817,70593,70603,10
13.009059906,80.2283630371,70603,70613,10
13.0094404221,80.227432251,70613,70623,10
13.0098600388,80.2265167236,70623,70633,10
13.010219574,80.2257537842,70633,70643,10
13.0104703903,80.2252731323,70643,70653,10
13.0106401443,80.224937439,70653,70663,10
13.0107297897,80.2246627808,70663,70673,10
13.0109500885,80.2241363525,70673,70683,10
13.0112304688,80.2234420776,70683,70694,11
13.011469841,80.2228393555,70694,70704,10
13.0117397308,80.2220077515,70704,70714,10
13.012140274,80.2213821411,70714,70724,10
13.0124797821,80.2216796875,70724,70734,10
13.0129203796,80.2222824097,70734,70744,10
13.0134801865,80.2229232788,70744,70754,10
13.0140104294,80.2235107422,70754,70764,10
13.0143604279,80.2240524292,70764,70774,10
13.0148296356,80.2245407104,70774,70784,10
13.0151596069,80.2248382568,70784,70794,10
13.0155696869,80.2250900269,70794,70815,21
13.0155696869,80.2250900269,70815,70825,10
13.0158500671,80.2253265381,70825,70835,10
13.0164804459,80.2253570557,70835,70845,10
13.0171804428,80.2250976563,70845,70855,10
13.0179595947,80.2247390747,70855,70865,10
13.0187397003,80.2244262695,70865,70874,9
13.0194301605,80.2244033813,70874,70885,11
13.0201301575,80.2248382568,70885,70895,10
13.0207901001,80.2253112793,70895,70906,11
13.0214395523,80.2257766724,70906,70916,10
13.0220098495,80.2261962891,70916,70956,40
13.0220098495,80.2261962891,70956,70966,10
13.0221004486,80.2263031006,70966,70976,10
13.022480011,80.2266616821,70976,70986,10
13.0229902267,80.227142334,70986,70996,10
13.0235099792,80.2276229858,70996,71006,10
13.0240402222,80.2281799316,71006,71017,11
13.0246496201,80.2289810181,71017,71027,10
13.0251502991,80.2296218872,71027,71037,10
13.0256595612,80.2303466797,71037,71047,10
13.0259504318,80.2311096191,71047,71057,10
13.0261802673,80.2313308716,71057,71067,10
13.0266895294,80.2311935425,71067,71077,10
13.0274600983,80.2310028076,71077,71087,10
13.028380394,80.2308807373,71087,71107,20
13.028380394,80.2308807373,71107,71117,10
13.0285301208,80.2308578491,71117,71128,11
13.0289697647,80.2307815552,71128,71138,10
13.0290298462,80.230758667,71138,71148,10
13.029129982,80.2307662964,71148,71158,10
13.0293598175,80.230758667,71158,71168,10
13.0297002792,80.23072052,71168,71178,10
13.0300798416,80.2306976318,71178,71188,10
13.0303201675,80.2306671143,71188,71198,10
13.030380249,80.2306594849,71198,71208,10
13.0306501389,80.2306594849,71208,71218,10
13.031129837,80.2306289673,71218,71228,10
13.0319004059,80.2305603027,71228,71239,11
13.0328197479,80.2304916382,71239,71249,10
13.0338802338,80.230430603,71249,71289,40
13.0338802338,80.230430603,71289,71299,10
13.0339603424,80.2304077148,71299,71309,10
13.0343103409,80.2303771973,71309,71319,10
13.0346803665,80.2303009033,71319,71329,10
13.0348796844,80.2301712036,71329,71340,11
13.0349502563,80.2300872803,71340,71350,10
13.035030365,80.2298965454,71350,71360,10
13.0348796844,80.2298202515,71360,71370,10
13.034620285,80.2297897339,71370,71380,10
13.0343503952,80.2297515869,71380,71390,10
13.0342102051,80.2298431396,71390,71400,10
13.0341701508,80.2300415039,71400,71673,273
13.034119606,80.2303466797,71673,71693,20
13.034119606,80.2303466797,71693,71703,10
13.034040451,80.2304916382,71703,71713,10
13.0337400436,80.2304077148,71713,71723,10
13.0334997177,80.2304382324,71723,71733,10
13.0331001282,80.2304992676,71733,71743,10
13.0324001312,80.2305526733,71743,71753,10
13.0315704346,80.2306518555,71753,71763,10
13.0308198929,80.2307434082,71763,71774,11
13.0304203033,80.2307662964,71774,71784,10
13.0298900604,80.2308425903,71784,71794,10
13.0297803879,80.2308425903,71794,71804,10
13.029540062,80.2308425903,71804,71814,10
13.0289402008,80.2309188843,71814,71824,10
13.0280799866,80.2310180664,71824,71834,10
13.0276403427,80.2311172485,71834,71844,10
13.0276699066,80.2315979004,71844,71854,10
13.0277004242,80.2319564819,71854,71864,10
13.027759552,80.2324066162,71864,71875,11
13.0276899338,80.2328414917,71875,71885,10
13.0270395279,80.232963562,71885,71895,10
13.0267000198,80.2330627441,71895,71905,10
13.0263204575,80.2329483032,71905,71935,30
13.0263204575,80.2329483032,71935,71945,10
13.0262098312,80.2325820923,71945,71955,10
13.0261802673,80.2323532104,71955,71965,10
13.0261096954,80.2320098877,71965,71975,10
13.0260095596,80.2316131592,71975,71986,11
13.0258197784,80.2309494019,71986,71996,10
13.0254096985,80.2301635742,71996,72006,10
13.0248804092,80.2294692993,72006,72016,10
13.0245895386,80.2291183472,72016,72026,10
13.0242795944,80.2287063599,72026,72036,10
13.023900032,80.2282791138,72036,72046,10
13.023900032,80.2282714844,72046,72056,10
13.0238199234,80.2281188965,72056,72066,10
13.0235996246,80.2278900146,72066,72076,10
13.0232696533,80.2275619507,72076,72086,10
13.0229597092,80.2272033691,72086,72097,11
13.022310257,80.2266311646,72097,72107,10
13.0215997696,80.2260513306,72107,72117,10
13.0210399628,80.2255935669,72117,72127,10
13.0204401016,80.2251663208,72127,72137,10
13.0200004578,80.2248687744,72137,72147,10
13.0191802979,80.2245025635,72147,72157,10
13.0180597305,80.2247772217,72157,72166,9
13.0172395706,80.2251434326,72166,72177,11
13.0167999268,80.2253417969,72177,72187,10
13.016579628,80.2254486084,72187,72197,10
13.0163898468,80.2255096436,72197,72208,11
13.0160999298,80.2256164551,72208,72218,10
13.0156402588,80.2257614136,72218,72228,10
13.0150203705,80.2260131836,72228,72238,10
13.0144100189,80.2262268066,72238,72258,20
13.0144100189,80.2262268066,72258,72268,10
13.014380455,80.2262496948,72268,72278,10
13.0141601563,80.2263336182,72278,72288,10
13.0137195587,80.2265167236,72288,72298,10
13.0129804611,80.2267990112,72298,72309,11
13.0121603012,80.2271194458,72309,72319,10
13.0112895966,80.2274703979,72319,72329,10
13.010219574,80.2279205322,72329,72339,10
13.0093002319,80.2283477783,72339,72349,10
13.0090198517,80.229133606,72349,72359,10
13.0088100433,80.2301712036,72359,72369,10
13.0086202621,80.2312469482,72369,72379,10
13.0085296631,80.2318191528,72379,72389,10
13.008480072,80.2321014404,72389,72399,10
13.008480072,80.2321395874,72399,72409,10
13.0084199905,80.2324295044,72409,72420,11
13.0083703995,80.2326812744,72420,72430,10
13.0083398819,80.2328414917,72430,72440,10
13.0082998276,80.233001709,72440,72450,10
13.0082798004,80.2333679199,72450,72460,10
13.0082502365,80.233543396,72460,72470,10
13.0081996918,80.2336730957,72470,72490,20
13.0081501007,80.2338027954,72490,72510,20
13.008099556,80.2340164185,72510,72531,21
13.008099556,80.2340164185,72531,72541,10
13.0080404282,80.2342300415,72541,72551,10
13.0079803467,80.2345809937,72551,72561,10
13.0079202652,80.2349395752,72561,72581,20
13.0079202652,80.2349395752,72581,72591,10
13.0078601837,80.2351913452,72591,72601,10
13.0077695847,80.2356262207,72601,72621,20
13.0077695847,80.2356262207,72621,72632,11
13.0076904297,80.2360916138,72632,72642,10
13.0076303482,80.2363815308,72642,72652,10
13.0076198578,80.2364425659,72652,72662,10
13.0075597763,80.2367019653,72662,72682,20
13.0075597763,80.2367019653,72682,72692,10
13.007519722,80.2369308472,72692,72702,10
13.0074701309,80.2371368408,72702,72712,10
13.0074100494,80.2374572754,72712,72722,10
13.0073404312,80.2378234863,72722,72732,10
13.0072402954,80.2383499146,72732,72743,11
13.0070800781,80.2392501831,72743,72884,141
13.0070800781,80.2392501831,72884,72894,10
13.0070199966,80.2395172119,72894,72904,10
13.0069198608,80.2400131226,72904,72914,10
13.0068798065,80.2406692505,72914,72924,10
13.0068397522,80.240852356,72924,72934,10
13.0067901611,80.2410202026,72934,72944,10
13.0067300797,80.2415924072,72944,72955,11
13.0067300797,80.2422790527,72955,72965,10
13.0067195892,80.2425613403,72965,72975,10
13.0067195892,80.2425689697,72975,72985,10
13.0067100525,80.2426605225,72985,72995,10
13.0066995621,80.243057251,72995,73005,10
13.0066995621,80.2432785034,73005,73015,10
13.0066995621,80.2433013916,73015,73025,10
13.0066795349,80.243637085,73025,73035,10
13.0066900253,80.2440032959,73035,73045,10
13.0066995621,80.2444763184,73045,73055,10
13.0067100525,80.2446594238,73055,73066,11
13.0066900253,80.2448272705,73066,73076,10
13.0066604614,80.2450485229,73076,73086,10
13.0066995621,80.2454223633,73086,73096,10
13.0067396164,80.2459106445,73096,73106,10
13.0067796707,80.2463989258,73106,73116,10
13.0067796707,80.2468032837,73116,73126,10
13.0067796707,80.2472610474,73126,73136,10
13.0067195892,80.2479705811,73136,73146,10
13.0067596436,80.248878479,73146,73156,10
13.0068597794,80.2496109009,73156,73167,11
13.0068597794,80.2497406006,73167,73177,10
13.0068597794,80.2498168945,73177,73187,10
13.0068101883,80.2503509521,73187,73197,10
13.006819725,80.2511367798,73197,73207,10
13.0066604614,80.2519989014,73207,73217,10
13.0065202713,80.2529220581,73217,73227,10
13.0065202713,80.2538909912,73227,73237,10
13.0065603256,80.2547836304,73237,73247,10
13.0065698624,80.2555923462,73247,73257,10
13.0066003799,80.2565383911,73257,73267,10
13.0066404343,80.2573699951,73267,73348,81
13.0066404343,80.2573699951,73348,73358,10
13.0066003799,80.2575073242,73358,73368,10
13.0068101883,80.2579803467,73368,73378,10
13.0076599121,80.2587127686,73378,73399,21
13.0076599121,80.2587127686,73399,73409,10
13.0080404282,80.2588577271,73409,73419,10
13.0087003708,80.2590713501,73419,73429,10
13.009469986,80.2591094971,73429,73439,10
13.0104503632,80.2591094971,73439,73449,10
13.0115404129,80.2590789795,73449,73459,10
13.0127801895,80.2591323853,73459,73469,10
13.0139198303,80.2591781616,73469,73479,10
13.0150203705,80.2592163086,73479,73490,11
13.0160303116,80.2594833374,73490,73500,10
13.0164699554,80.2597579956,73500,73530,30
13.0164699554,80.2597579956,73530,73540,10
13.0166196823,80.2599334717,73540,73550,10
13.0170297623,80.2602005005,73550,73560,10
13.0176801682,80.2606506348,73560,73570,10
13.0184297562,80.2611618042,73570,73580,10
13.0188999176,80.2615585327,73580,73590,10
13.0193901062,80.26197052,73590,73601,11
13.0199403763,80.2624969482,73601,73611,10
13.0200796127,80.2626495361,73611,73621,10
13.0201501846,80.2627563477,73621,73631,10
13.0205497742,80.2629013062,73631,73641,10
13.0212202072,80.263092041,73641,73651,10
13.0218095779,80.2633132935,73651,73661,10
13.0221099854,80.263458252,73661,73671,10
13.022939682,80.2638931274,73671,73691,20
13.022939682,80.2638931274,73691,73701,10
13.0232200623,80.2640533447,73701,73712,11
13.0238599777,80.2644119263,73712,73722,10
13.0245304108,80.2648620605,73722,73732,10
13.0251398087,80.2652893066,73732,73742,10
13.0257501602,80.2657012939,73742,73752,10
13.0261898041,80.2659378052,73752,73762,10
13.0263004303,80.26587677,73762,73772,10
13.0262899399,80.2655715942,73772,73782,10
13.0263299942,80.2653121948,73782,73792,10
13.0263595581,80.2646026611,73792,73802,10
13.0264396667,80.2640686035,73802,73813,11
13.0264501572,80.2640686035,73813,73823,10
13.026550293,80.2639083862,73823,73833,10
13.0265703201,80.2635726929,73833,73843,10
13.0268096924,80.2634735107,73843,73853,10
13.0272397995,80.2634963989,73853,73863,10
13.0278902054,80.263710022,73863,73873,10
13.0283403397,80.2638397217,73873,73883,10
13.0285997391,80.2639083862,73883,73893,10
13.0291500092,80.2640380859,73893,73903,10
13.0293102264,80.2643585205,73903,73913,10
13.0292901993,80.2648391724,73913,73924,11
13.0292701721,80.2655105591,73924,73934,10
13.0292396545,80.2658996582,73934,73944,10
13.0292301178,80.2659072876,73944,73954,10
13.0291996002,80.2661209106,73954,73964,10
13.0291500092,80.2664413452,73964,73974,10
13.0291996002,80.2665786743,73974,73984,10
13.0296096802,80.2666320801,73984,73993,9
13.0301799774,80.2667007446,73993,74004,11
13.0311002731,80.2668914795,74004,74014,10
13.0319795609,80.2672424316,74014,74024,10
13.0325403214,80.2675170898,74024,74035,11
13.0330400467,80.267791748,74035,74045,10
13.0336799622,80.2678985596,74045,74065,20
13.0336799622,80.2678985596,74065,74075,10
13.0339298248,80.2679519653,74075,74085,10
13.0344896317,80.2679977417,74085,74146,61
13.0344896317,80.2679977417,74146,74156,10
13.0341796875,80.2680664063,74156,74166,10
13.0338401794,80.2679977417,74166,74176,10
13.0333595276,80.267906189,74176,74226,50
13.033200264,80.2678375244,74226,74580,354
13.033200264,80.2678375244,74580,74590,10
13.0330495834,80.2678375244,74590,74600,10
13.0328302383,80.267791748,74600,74620,20
13.0328302383,80.267791748,74620,74630,10
13.0326404572,80.2676467896,74630,74640,10
13.0323896408,80.2674636841,74640,74650,10
13.0317802429,80.2672119141,74650,74660,10
13.0312404633,80.2669906616,74660,74671,11
13.0306997299,80.2669219971,74671,74681,10
13.0302095413,80.2668380737,74681,74691,10
13.0297803879,80.2667617798,74691,74701,10
13.0297698975,80.2667388916,74701,74711,10
13.0294399261,80.2666473389,74711,74721,10
13.029129982,80.2665100098,74721,74731,10
13.028670311,80.2663803101,74731,74741,10
13.0282001495,80.2662963867,74741,74751,10
13.0276403427,80.2662200928,74751,74761,10
13.0270900726,80.266166687,74761,74771,10
13.0264196396,80.2660675049,74771,74822,51
13.0264196396,80.2660675049,74822,74832,10
13.0261297226,80.265953064,74832,74842,10
13.0257701874,80.2656936646,74842,74852,10
13.0253295898,80.2654037476,74852,74862,10
13.0252399445,80.2653503418,74862,74872,10
13.0249900818,80.2651062012,74872,74883,11
13.0242900848,80.2646484375,74883,74893,10
13.0238399506,80.2643585205,74893,74903,10
13.0233297348,80.2640762329,74903,74913,10
13.0226402283,80.2637176514,74913,74923,10
13.0221796036,80.2635116577,74923,74933,10
13.0220804214,80.263458252,74933,74943,10
13.0218000412,80.2633209229,74943,74953,10
13.0211000443,80.263130188,74953,74963,10
13.0202999115,80.2630767822,74963,74973,10
13.019780159,80.2630386353,74973,74983,10
13.0191497803,80.2629776001,74983,74994,11
13.0188999176,80.2625198364,74994,75004,10
13.0187902451,80.2617721558,75004,75014,10
13.0186901093,80.261390686,75014,75024,10
13.0183200836,80.261100769,75024,75034,10
13.0177202225,80.2607116699,75034,75044,10
13.017080307,80.2602767944,75044,75054,10
13.0165395737,80.2599411011,75054,75064,10
13.0161304474,80.259727478,75064,75074,10
13.0161304474,80.2597198486,75074,75084,10
13.015999794,80.2596817017,75084,75094,10
13.0154695511,80.2594909668,75094,75105,11
13.0146198273,80.2593536377,75105,75115,10
13.0136995316,80.2593002319,75115,75125,10
13.0127601624,80.259262085,75125,75135,10
13.011879921,80.2592163086,75135,75145,10
13.011179924,80.2592086792,75145,75155,10
13.0104999542,80.259262085,75155,75165,10
13.0099201202,80.2593002319,75165,75175,10
13.0098400116,80.2593231201,75175,75185,10
13.0095100403,80.2593078613,75185,75195,10
13.0089597702,80.2593002319,75195,75206,11
13.0086603165,80.2592773438,75206,75216,10
13.0081100464,80.2592468262,75216,75226,10
13.007519722,80.2594299316,75226,75236,10
13.0072097778,80.2589416504,75236,75246,10
13.0071201324,80.2586898804,75246,75256,10
13.0068597794,80.2581863403,75256,75266,10
13.0064897537,80.2575836182,75266,75276,10
13.0064601898,80.2571105957,75276,75286,10
13.0064496994,80.2565383911,75286,75296,10
13.006480217,80.2559585571,75296,75306,10
13.0065002441,80.2554092407,75306,75317,11
13.0065402985,80.2547912598,75317,75327,10
13.0065097809,80.2540817261,75327,75337,10
13.006480217,80.2533416748,75337,75347,10
13.006480217,80.2532577515,75347,75357,10
13.006480217,80.2528381348,75357,75367,10
13.0065202713,80.2522888184,75367,75397,30
13.0065202713,80.2522888184,75397,75407,10
13.0066099167,80.2519607544,75407,75417,10
13.0067195892,80.2514266968,75417,75428,11
13.0067300797,80.2505569458,75428,75438,10
13.0067396164,80.2497024536,75438,75448,10
13.0067396164,80.2495574951,75448,75458,10
13.0067195892,80.249130249,75458,75468,10
13.0066604614,80.2483978271,75468,75478,10
13.0066299438,80.2476730347,75478,75488,10
13.0066003799,80.2467803955,75488,75518,30
13.0066003799,80.2467803955,75518,75528,10
13.0066204071,80.2464981079,75528,75539,11
13.006649971,80.2458724976,75539,75549,10
13.0066604614,80.2449569702,75549,75559,10
13.0066404343,80.2440338135,75559,75569,10
13.0066003799,80.2436676025,75569,75579,10
13.0065603256,80.2431030273,75579,75589,10
13.0065698624,80.2424468994,75589,75599,10
13.0065402985,80.2417831421,75599,75609,10
13.0065402985,80.2415618896,75609,75619,10
13.0066003799,80.2410125732,75619,75629,10
13.0066299438,80.2406311035,75629,75640,11
13.0066404343,80.2404632568,75640,75650,10
13.0067195892,80.2401199341,75650,75660,10
13.0068902969,80.2393112183,75660,75670,10
13.0070896149,80.23828125,75670,75680,10
13.0072803497,80.2374420166,75680,75690,10
13.0073795319,80.2367401123,75690,75700,10
13.007399559,80.2366485596,75700,75710,10
13.0074300766,80.2365570068,75710,75720,10
13.0075302124,80.2361907959,75720,75730,10
13.0076599121,80.2356185913,75730,75740,10
13.0078201294,80.2348327637,75740,75751,11
13.0080604553,80.2337265015,75751,75761,10
13.0083198547,80.2324676514,75761,75771,10
13.0085697174,80.2311706543,75771,75781,10
13.0087995529,80.2300491333,75781,75791,10
13.0089998245,80.229057312,75791,75801,10
13.0092201233,80.2281112671,75801,75811,10
13.0096302032,80.227180481,75811,75821,10
13.010020256,80.2263183594,75821,75831,10
13.0104398727,80.2254486084,75831,75841,10
13.010890007,80.2244796753,75841,75852,11
13.011300087,80.223487854,75852,75862,10
13.0116195679,80.2226409912,75862,75872,10
13.0119304657,80.2217102051,75872,75882,10
13.0123300552,80.2214889526,75882,75892,10
13.0126895905,80.2220230103,75892,75902,10
13.0133399963,80.2227020264,75902,75912,10
13.0139904022,80.2234573364,75912,75922,10
13.0144395828,80.2240905762,75922,75932,10
13.0149202347,80.2246017456,75932,75942,10
13.0153999329,80.2249984741,75942,75952,10
13.015540123,80.225112915,75952,75963,11
13.0157804489,80.2253189087,75963,75973,10
13.0164899826,80.2253799438,75973,75983,10
13.0173196793,80.2250595093,75983,75993,10
13.0181798935,80.2247161865,75993,76003,10
13.0190200806,80.2244110107,76003,76013,10
13.0197296143,80.2245483398,76013,76033,20
13.0197296143,80.2245483398,76033,76043,10
13.0199699402,80.2247467041,76043,76053,10
13.0204801559,80.2251434326,76053,76063,10
13.0211496353,80.2256469727,76063,76074,11
13.0218801498,80.2261734009,76074,76084,10
13.0219497681,80.2262268066,76084,76094,10
13.0222396851,80.2264785767,76094,76104,10
13.0228300095,80.2270126343,76104,76114,10
13.0233802795,80.2275238037,76114,76124,10
13.0239095688,80.228012085,76124,76134,10
13.0243501663,80.2285232544,76134,76144,10
13.024720192,80.2290878296,76144,76154,10
13.0250396729,80.2295227051,76154,76164,10
13.0253601074,80.2298965454,76164,76175,11
13.0257501602,80.23046875,76175,76185,10
13.0258703232,80.23072052,76185,76195,10
13.0259399414,80.2309799194,76195,76205,10
13.0260000229,80.2313079834,76205,76215,10
13.026309967,80.2313690186,76215,76225,10
13.0268096924,80.2312164307,76225,76235,10
13.0273895264,80.2310409546,76235,76245,10
13.0279598236,80.2309494019,76245,76255,10
13.0283603668,80.2309188843,76255,76265,10
13.028380394,80.2309188843,76265,76275,10
13.0286197662,80.2309265137,76275,76286,11
13.0286502838,80.2309188843,76286,76296,10
13.0289001465,80.2309112549,76296,76306,10
13.0291795731,80.2308731079,76306,76316,10
13.0294303894,80.2308425903,76316,76326,10
13.029800415,80.2308197021,76326,76336,10
13.030090332,80.2307815552,76336,76346,10
13.0304498672,80.2307662964,76346,76366,20
13.0304498672,80.2307662964,76366,76376,10
13.0307703018,80.230758667,76376,76387,11
13.0311498642,80.23072052,76387,76397,10
13.0315599442,80.230682373,76397,76407,10
13.0322504044,80.2306289673,76407,76417,10
13.0329504013,80.2305831909,76417,76427,10
13.0334997177,80.2305297852,76427,76437,10
13.0339603424,80.2304611206,76437,76457,20
13.0339603424,80.2304611206,76457,76467,10
13.0340499878,80.2304382324,76467,76477,10
13.0343198776,80.2304534912,76477,76487,10
13.0346298218,80.2303619385,76487,76498,11
13.034819603,80.2302703857,76498,76508,10
13.0348596573,80.2302474976,76508,76518,10
13.0350503922,80.2301025391,76518,76528,10
13.0350999832,80.2298965454,76528,76538,10
13.0349197388,80.2298583984,76538,76629,91
13.0345697403,80.2298202515,76629,76689,60
13.0341901779,80.2298126221,76689,76790,101
13.0342102051,80.2302703857,76790,76831,41
13.0342102051,80.2302703857,76831,76841,10
13.0340595245,80.2304992676,76841,76851,10
13.0338201523,80.2304763794,76851,76861,10
13.0334796906,80.2304992676,76861,76871,10
13.0333404541,80.2305221558,76871,76881,10
13.0328502655,80.2305526733,76881,76891,10
13.0321598053,80.2306289673,76891,76901,10
13.0312900543,80.2306976318,76901,76911,10
13.0306901932,80.230758667,76911,76921,10
13.0304403305,80.2307815552,76921,76932,11
13.0301704407,80.230796814,76932,76942,10
13.0298204422,80.2308578491,76942,76952,10
13.0297203064,80.2308578491,76952,76962,10
13.0294399261,80.2308807373,76962,76972,10
13.0289001465,80.2309188843,76972,76982,10
13.0282001495,80.23097229,76982,76991,9
13.0277500153,80.2310180664,76991,77002,11
13.0276699066,80.2313919067,77002,77012,10
13.0277204514,80.2317733765,77012,77022,10
13.0277795792,80.2322387695,77022,77033,11
13.0278596878,80.2327804565,77033,77043,10
13.0274200439,80.2328720093,77043,77053,10
13.027130127,80.2329406738,77053,77063,10
13.0268697739,80.233001709,77063,77073,10
13.0265398026,80.2330322266,77073,77083,10
13.0263595581,80.2327575684,77083,77093,10
13.0263204575,80.2324829102,77093,77103,10
13.0263204575,80.232460022,77103,77113,10
13.0263204575,80.2323379517,77113,77123,10
13.0262098312,80.2320175171,77123,77133,10
13.0260696411,80.2314300537,77133,77144,11
13.0258102417,80.2305984497,77144,77154,10
13.0253601074,80.2299575806,77154,77164,10
13.0249996185,80.2294998169,77164,77174,10
13.0246801376,80.2291030884,77174,77184,10
13.0243902206,80.2287597656,77184,77194,10
13.0240697861,80.2284164429,77194,77204,10
13.0240001678,80.2283325195,77204,77214,10
13.0239095688,80.2282028198,77214,77224,10
13.0236797333,80.2279510498,77224,77234,10
13.0233402252,80.2275924683,77234,77244,10
13.022939682,80.2272033691,77244,77255,11
13.0226402283,80.2269134521,77255,77265,10
13.0224399567,80.2267227173,77265,77275,10
13.0220603943,80.2264099121,77275,77285,10
13.0217504501,80.2261428833,77285,77295,10
13.0212802887,80.2257766724,77295,77305,10
13.0207004547,80.2253494263,77305,77315,10
13.0200796127,80.224937439,77315,77325,10
13.019490242,80.2245864868,77325,77335,10
13.0186796188,80.2245788574,77335,77345,10
13.0179796219,80.2248764038,77345,77356,11
13.0175104141,80.2250976563,77356,77366,10
13.0170001984,80.2253036499,77366,77376,10
13.0164899826,80.2255020142,77376,77386,10
13.0160303116,80.2256317139,77386,77396,10
13.01541996,80.2258605957,77396,77406,10
13.0150203705,80.226020813,77406,77416,10
13.0146198273,80.2261810303,77416,77426,10
13.0145397186,80.2262191772,77426,77436,10
13.0143404007,80.2262878418,77436,77446,10
13.0138702393,80.2264785767,77446,77456,10
13.0130901337,80.2267990112,77456,77467,11
13.0120601654,80.2271881104,77467,77477,10
13.011059761,80.2275924683,77477,77487,10
13.0101003647,80.2279815674,77487,77497,10
13.0092601776,80.2284088135,77497,77507,10
13.0089998245,80.2292785645,77507,77517,10
13.0087795258,80.2304000854,77517,77527,10
13.0085601807,80.2314987183,77527,77537,10
13.0083799362,80.2326126099,77537,77547,10
13.0082502365,80.2333908081,77547,77557,10
13.0082302094,80.233581543,77557,77567,10
13.0081796646,80.2337036133,77567,77578,11
13.0080404282,80.2342529297,77578,77588,10
13.0078697205,80.2350997925,77588,77598,10
13.0076398849,80.2362365723,77598,77608,10
13.0074300766,80.2373580933,77608,77618,10
13.0072402954,80.2383422852,77618,77628,10
13.0070800781,80.2389831543,77628,77638,10
13.0069303513,80.2399520874,77638,77658,20
13.0069303513,80.2399520874,77658,77668,10
13.0068798065,80.2403488159,77668,77679,11
13.0068502426,80.2406005859,77679,77689,10
13.0067796707,80.2409667969,77689,77699,10
13.0067300797,80.2417068481,77699,77709,10
13.0067195892,80.2425231934,77709,77719,10
13.0066900253,80.2433776855,77719,77729,10
13.0066604614,80.2439880371,77729,77739,10
13.0066204071,80.2445220947,77739,77749,10
13.0066795349,80.2453918457,77749,77759,10
13.0067195892,80.2461929321,77759,77769,10
13.0067300797,80.2468032837,77769,77779,10
13.0067300797,80.2472610474,77779,77790,11
13.0066995621,80.2480010986,77790,77800,10
13.0067596436,80.248878479,77800,77810,10
13.0068597794,80.2495269775,77810,77820,10
13.0068702698,80.2495727539,77820,77830,10
13.0068597794,80.249961853,77830,77840,10
13.0068397522,80.2506790161,77840,77850,10
13.0068101883,80.2514190674,77850,77860,10
13.0066404343,80.252243042,77860,77870,10
13.0065603256,80.2531967163,77870,77880,10
13.0065698624,80.2541809082,77880,77891,11
13.0066099167,80.2551498413,77891,77901,10
13.0066404343,80.2559814453,77901,77911,10
13.0066404343,80.2567214966,77911,77921,10
13.0066699982,80.2571182251,77921,77931,10
13.0066795349,80.2572631836,77931,77941,10
13.0068597794,80.2578582764,77941,77951,10
13.0073099136,80.2584915161,77951,77961,10
13.0076599121,80.258682251,77961,77971,10
13.0077400208,80.2587280273,77971,77981,10
13.0081796646,80.2589263916,77981,77991,10
13.0089797974,80.2591094971,77991,78002,11
13.0100803375,80.2591171265,78002,78012,10
13.011300087,80.2591018677,78012,78022,10
13.0124998093,80.2591171265,78022,78032,10
13.0140600204,80.2591781616,78032,78042,10
13.0152902603,80.2592468262,78042,78052,10
13.0160999298,80.2594985962,78052,78062,10
13.0164003372,80.2596969604,78062,78072,10
13.0165395737,80.2598419189,78072,78082,10
13.0170097351,80.2601623535,78082,78092,10
13.0177297592,80.2606506348,78092,78102,10
13.0184803009,80.2611618042,78102,78113,11
13.019080162,80.2616424561,78113,78123,10
13.0195598602,80.2620773315,78123,78133,10
13.0201301575,80.262588501,78133,78143,10
13.0202302933,80.2627029419,78143,78153,10
13.0207004547,80.2628936768,78153,78163,10
13.0214595795,80.2631225586,78163,78173,10
13.0219802856,80.263343811,78173,78183,10
13.0222597122,80.2634811401,78183,78193,10
13.0225601196,80.2636413574,78193,78203,10
13.0229597092,80.2638397217,78203,78214,11
13.0230503082,80.2639007568,78214,78224,10
13.0233697891,80.2641067505,78224,78234,10
13.0240497589,80.2644729614,78234,78244,10
13.0247001648,80.2649383545,78244,78254,10
13.0252599716,80.2653808594,78254,78264,10
13.0256996155,80.265663147,78264,78273,9
13.0257396698,80.2657165527,78273,78284,11
13.026140213,80.2659301758,78284,78294,10
13.0262699127,80.2656784058,78294,78304,10
13.0263299942,80.2651901245,78304,78314,10
13.0263795853,80.2647705078,78314,78325,11
13.0265102386,80.2640609741,78325,78335,10
13.0265798569,80.2634887695,78335,78345,10
13.026889801,80.2634277344,78345,78355,10
13.0273895264,80.2635192871,78355,78365,10
13.0278997421,80.2636566162,78365,78375,10
13.0285396576,80.2638320923,78375,78385,10
13.0292797089,80.2640304565,78385,78395,10
13.0292901993,80.2644271851,78395,78405,10
13.029299736,80.2650909424,78405,78415,10
13.0292596817,80.265838623,78415,78425,10
13.029250145,80.2658996582,78425,78436,11
13.0291795731,80.2661972046,78436,78446,10
13.0291795731,80.266456604,78446,78456,10
13.0295600891,80.2665786743,78456,78466,10
13.0302095413,80.2666625977,78466,78476,10
13.0308799744,80.2667999268,78476,78486,10
13.0316896439,80.2670822144,78486,78496,10
13.0323400497,80.2674102783,78496,78505,9
13.0327796936,80.2677001953,78505,78516,11
13.0338897705,80.2679214478,78516,78537,21
13.0338897705,80.2679214478,78537,78547,10
13.034119606,80.2679595947,78547,78557,10
13.0345201492,80.2680130005,78557,78577,20
13.0345201492,80.2680130005,78577,78587,10
13.0344800949,80.2682113647,78587,78607,20
13.0344800949,80.2682113647,78607,78617,10
13.0342597961,80.2680664063,78617,78627,10
13.0338497162,80.2679672241,78627,78637,10
13.0333204269,80.2678527832,78637,78648,11
13.0331001282,80.2678375244,78648,78658,10
13.0328798294,80.2678222656,78658,78668,10
13.0325498581,80.2675628662,78668,78678,10
13.0320396423,80.2672805786,78678,78688,10
13.0313396454,80.266998291,78688,78698,10
13.0307397842,80.2668228149,78698,78708,10
13.0301704407,80.2667007446,78708,78718,10
13.0299100876,80.2666778564,78718,78728,10
13.0296001434,80.2666168213,78728,78738,10
13.0293998718,80.2666091919,78738,78749,11
13.029129982,80.2664718628,78749,78759,10
13.0286397934,80.2663574219,78759,78769,10
13.028169632,80.266242981,78769,78779,10
13.0277500153,80.2661590576,78779,78789,10
13.0271701813,80.2660903931,78789,78799,10
13.0267095566,80.2660369873,78799,79455,656
13.026599884,80.2660369873,79455,80666,1211
13.0265703201,80.26612854,80666,86198,5532
13.0265703201,80.26612854,86198,86208,10
13.0263900757,80.2660293579,86208,86218,10
13.0261802673,80.2660522461,86218,86228,10
13.0260400772,80.2662582397,86228,86238,10
