12.9871101379,80.2585983276,14,499,485
12.987159729,80.2586364746,499,3300,2801
12.9872398376,80.2585601807,3300,3806,506
12.987279892,80.2585067749,3806,4645,839
12.9871501923,80.2586135864,4645,9107,4462
12.9873304367,80.2585906982,9107,9238,131
12.9872303009,80.2586212158,9238,14497,5259
12.9871997833,80.2584991455,14497,15731,1234
12.987159729,80.2585830688,15731,16267,536
12.9872198105,80.2585983276,16267,16591,324
12.9871902466,80.2587127686,16591,16712,121
12.9872903824,80.2587127686,16712,16773,61
12.987279892,80.2586364746,16773,17207,434
12.9872398376,80.2585601807,17207,17561,354
12.987159729,80.2585525513,17561,19958,2397
12.987159729,80.2585525513,19958,19968,10
12.9874095917,80.2585372925,19968,19978,10
12.9874000549,80.2584686279,19978,19988,10
12.9874200821,80.2581787109,19988,19999,11
12.9874095917,80.2580184937,19999,20009,10
12.987449646,80.2578125,20009,20019,10
12.9874696732,80.2575302124,20019,20029,10
12.9875001907,80.2570495605,20029,20039,10
12.987569809,80.256477356,20039,20049,10
12.9875802994,80.2559890747,20049,20059,10
12.9875097275,80.2557830811,20059,20069,10
12.9872198105,80.2557220459,20069,20079,10
12.9867095947,80.2556381226,20079,20090,11
12.9861698151,80.2555389404,20090,20100,10
12.9856901169,80.2554397583,20100,20110,10
12.9849395752,80.2552719116,20110,20120,10
12.9841499329,80.2550582886,20120,20130,10
12.9833602905,80.2548828125,20130,20140,10
12.9827804565,80.2546768188,20140,20150,10
12.9823198318,80.2545318604,20150,20160,10
12.9819803238,80.2540664673,20160,20170,10
12.9818201065,80.2534332275,20170,20181,11
12.9815196991,80.2528610229,20181,20191,10
12.9807300568,80.2528076172,20191,20201,10
12.9797801971,80.2527694702,20201,20211,10
12.9787797928,80.2526473999,20211,20221,10
12.9780797958,80.2522125244,20221,20231,10
12.9771900177,80.2515029907,20231,20241,10
12.9760398865,80.2511062622,20241,20251,10
12.9748401642,80.2507629395,20251,20261,10
12.9735603333,80.2503967285,20261,20272,11
12.9721698761,80.250038147,20272,20282,10
12.9708900452,80.2496871948,20282,20292,10
12.9695997238,80.2492218018,20292,20302,10
12.9682197571,80.2486877441,20302,20312,10
12.9669103622,80.2481002808,20312,20322,10
12.9659004211,80.2476425171,20322,20332,10
12.9649200439,80.2472915649,20332,20342,10
12.9638299942,80.2469024658,20342,20352,10
12.9627399445,80.2463684082,20352,20363,11
12.9613704681,80.2457122803,20363,20373,10
12.9602098465,80.2451705933,20373,20383,10
12.9590797424,80.2446517944,20383,20393,10
12.9581203461,80.2442321777,20393,20403,10
12.9574804306,80.2440032959,20403,20413,10
12.956700325,80.2437820435,20413,20423,10
12.9563999176,80.2436981201,20423,20433,10
12.9562101364,80.2436294556,20433,20443,10
12.9556398392,80.2433166504,20443,20454,11
12.9546804428,80.2428817749,20454,20464,10
12.9535503387,80.2423706055,20464,20474,10
12.9522399902,80.241859436,20474,20484,10
12.9509401321,80.2414398193,20484,20494,10
12.9496202469,80.2410430908,20494,20504,10
12.9484901428,80.2405929565,20504,20514,10
12.9473199844,80.2400970459,20514,20524,10
12.946269989,80.2396621704,20524,20534,10
12.9451398849,80.2390365601,20534,20545,11
12.9441204071,80.237991333,20545,20555,10
12.9432497025,80.2371063232,20555,20565,10
12.9422197342,80.2364883423,20565,20575,10
12.9408197403,80.2361221313,20575,20585,10
12.9397802353,80.235786438,20585,20595,10
12.938249588,80.2350234985,20595,20605,10
12.9368696213,80.2343521118,20605,20615,10
12.9356803894,80.2337875366,20615,20625,10
12.9345397949,80.2332687378,20625,20636,11
12.9332504272,80.2326812744,20636,20646,10
12.9319295883,80.2321777344,20646,20656,10
12.9306402206,80.2317581177,20656,20666,10
12.9295501709,80.2314682007,20666,20676,10
12.9284601212,80.2312698364,20676,20686,10
12.9271802902,80.2311019897,20686,20696,10
12.925860405,80.2309570313,20696,20706,10
12.9245700836,80.2308197021,20706,20716,10
12.9231595993,80.2306594849,20716,20727,11
12.9216098785,80.2304229736,20727,20737,10
12.920249939,80.2302398682,20737,20747,10
12.9190397263,80.2300796509,20747,20757,10
12.9178695679,80.229927063,20757,20767,10
12.9165296555,80.2297515869,20767,20777,10
12.9152097702,80.2295608521,20777,20787,10
12.9139995575,80.2294006348,20787,20797,10
12.9134197235,80.2293624878,20797,20807,10
12.9132404327,80.2293167114,20807,20818,11
12.9125204086,80.2291793823,20818,20828,10
12.9114999771,80.2290496826,20828,20838,10
12.910200119,80.2288513184,20838,20848,10
12.9087095261,80.2285995483,20848,20858,10
12.9072399139,80.2283706665,20858,20868,10
12.906080246,80.2282714844,20868,20878,10
12.9049797058,80.2282104492,20878,20888,10
12.9031801224,80.2281188965,20888,20898,10
12.9018297195,80.2280426025,20898,20909,11
12.9008197784,80.2279815674,20909,20919,10
12.9000997543,80.2279434204,20919,20929,10
12.8994398117,80.2279205322,20929,20939,10
12.8993196487,80.2279129028,20939,20949,10
12.8989896774,80.2278823853,20949,20959,10
12.8982896805,80.2278518677,20959,20969,10
12.8973398209,80.2277984619,20969,20979,10
12.8960800171,80.2277297974,20979,20989,10
12.8947401047,80.2276763916,20989,21000,11
12.8933601379,80.2275390625,21000,21010,10
12.8926000595,80.2274398804,21010,21020,10
12.8923501968,80.227432251,21020,21030,10
12.8917102814,80.2274169922,21030,21040,10
12.8907003403,80.2274017334,21040,21050,10
12.8893995285,80.2274093628,21050,21060,10
12.8881196976,80.2273635864,21060,21070,10
12.8867998123,80.2271728516,21070,21080,10
12.8854799271,80.2268371582,21080,21091,11
12.8849401474,80.2267913818,21091,21101,10
12.8845596313,80.2267608643,21101,21111,10
12.8837995529,80.2267608643,21111,21121,10
12.8827400208,80.2267913818,21121,21131,10
12.8814201355,80.2267913818,21131,21141,10
12.8801403046,80.2267990112,21141,21151,10
12.8788299561,80.2268371582,21151,21161,10
12.8774900436,80.2269363403,21161,21171,10
12.8765096664,80.2270202637,21171,21182,11
12.876250267,80.2270431519,21182,21192,10
12.8755998611,80.2270126343,21192,21202,10
12.8746500015,80.2268981934,21202,21212,10
12.8734502792,80.2267837524,21212,21222,10
12.8723297119,80.2267379761,21222,21232,10
12.8711595535,80.2267074585,21232,21242,10
12.8698501587,80.226600647,21242,21252,10
12.8683595657,80.2264480591,21252,21262,10
12.8668804169,80.2265472412,21262,21273,11
12.8652801514,80.2266387939,21273,21283,10
12.8637104034,80.2265930176,21283,21293,10
12.8621101379,80.2266311646,21293,21303,10
12.8606796265,80.2266082764,21303,21313,10
12.8592996597,80.2264328003,21313,21323,10
12.8580198288,80.2263031006,21323,21333,10
12.8566198349,80.2264022827,21333,21343,10
12.8551197052,80.2265625,21343,21353,10
12.8536396027,80.2267303467,21353,21364,11
12.8520803452,80.2267227173,21364,21374,10
12.8506298065,80.2266616821,21374,21384,10
12.849240303,80.2266387939,21384,21394,10
12.8479003906,80.2266387939,21394,21404,10
12.8465795517,80.2266464233,21404,21414,10
12.8455600739,80.2266464233,21414,21424,10
12.8446302414,80.2266998291,21424,21434,10
12.8434495926,80.226852417,21434,21444,10
12.8421297073,80.2271118164,21444,21455,11
12.8407897949,80.2274169922,21455,21465,10
12.8401203156,80.2276077271,21465,21475,10
12.8397598267,80.2276992798,21475,21485,10
12.8395595551,80.2277679443,21485,21495,10
12.8389797211,80.2279205322,21495,21505,10
12.8381004333,80.2281265259,21505,21515,10
12.8369102478,80.2283401489,21515,21525,10
12.8355398178,80.2285385132,21525,21535,10
12.834230423,80.2287368774,21535,21546,11
12.8329296112,80.2289886475,21546,21556,10
12.8319997787,80.2291793823,21556,21566,10
12.8316297531,80.2291030884,21566,21576,10
12.8315200806,80.228553772,21576,21586,10
12.8313503265,80.227722168,21586,21596,10
12.8311300278,80.2266921997,21596,21606,10
12.8310604095,80.2255096436,21606,21616,10
12.8310804367,80.2247390747,21616,21626,10
12.8310804367,80.224357605,21626,21637,11
12.8310899734,80.2235336304,21637,21647,10
12.8310899734,80.2225799561,21647,21657,10
12.8311004639,80.2221984863,21657,21667,10
12.8311100006,80.2217407227,21667,21677,10
12.8311100006,80.2209472656,21677,21687,10
12.8311195374,80.2199783325,21687,21697,10
12.8310899734,80.2196121216,21697,21707,10
12.8306798935,80.2194366455,21707,21717,10
12.8299598694,80.2194595337,21717,21728,11
12.8290300369,80.2194900513,21728,21738,10
12.8280496597,80.2194976807,21738,21748,10
12.8276796341,80.2195129395,21748,21758,10
12.8275899887,80.2194671631,21758,21768,10
12.8271198273,80.2194671631,21768,21778,10
12.8263902664,80.2194900513,21778,21788,10
12.8260202408,80.2194595337,21788,21798,10
12.8258304596,80.2192077637,21798,21808,10
12.8258495331,80.2189407349,21808,21819,11
12.8258600235,80.2182006836,21819,21829,10
12.8258600235,80.2172393799,21829,21839,10
12.8258800507,80.2162704468,21839,21849,10
12.8256597519,80.2160186768,21849,21859,10
12.8254203796,80.2160186768,21859,21869,10
12.824760437,80.2160491943,21869,22132,263
12.824760437,80.2160491943,22132,22142,10
12.8245897293,80.2160797119,22142,22152,10
12.8244895935,80.2158432007,22152,22172,20
12.8244895935,80.2158432007,22172,22183,11
12.8245697021,80.2159500122,22183,22193,10
12.824760437,80.2160110474,22193,22203,10
12.8250303268,80.2160110474,22203,22213,10
12.8255901337,80.2160110474,22213,22223,10
12.8258399963,80.2160568237,22223,22233,10
12.8259000778,80.2165374756,22233,22243,10
12.8259000778,80.2172927856,22243,22253,10
12.8259096146,80.2182693481,22253,22263,10
12.8259096146,80.2191696167,22263,22274,11
12.8260097504,80.2194137573,22274,22284,10
12.8264398575,80.2194137573,22284,22294,10
12.8271598816,80.2193832397,22294,22304,10
12.8275203705,80.219367981,22304,22314,10
12.8279800415,80.219367981,22314,22324,10
12.8286399841,80.2194213867,22324,22334,10
12.8295402527,80.2194137573,22334,22344,10
12.8305797577,80.2193908691,22344,22354,10
12.8309497833,80.2193908691,22354,22365,11
12.831199646,80.2198410034,22365,22375,10
12.831199646,80.2206497192,22375,22385,10
12.831199646,80.2217025757,22385,22395,10
12.831199646,80.2221603394,22395,22405,10
12.8311901093,80.2226104736,22405,22415,10
12.8311700821,80.2233963013,22415,22425,10
12.8311700821,80.2243728638,22425,22435,10
12.8311796188,80.2247009277,22435,22445,10
12.8311595917,80.2252578735,22445,22456,11
12.8311500549,80.2261962891,22456,22466,10
12.8313598633,80.2273178101,22466,22476,10
12.8316001892,80.2285003662,22476,22486,10
12.8317699432,80.2290878296,22486,22496,10
12.8320999146,80.2290725708,22496,22506,10
12.8327798843,80.2289428711,22506,22516,10
12.8337802887,80.228767395,22516,22526,10
12.8349599838,80.2285614014,22526,22536,10
12.836230278,80.2283477783,22536,22547,11
12.8375597,80.2281417847,22547,22557,10
12.8385896683,80.2279129028,22557,22567,10
12.839099884,80.2277832031,22567,22577,10
12.8393201828,80.2277374268,22577,22668,91
12.8393201828,80.2277374268,22668,22678,10
12.8395395279,80.2276916504,22678,22688,10
12.8399000168,80.2276000977,22688,22698,10
12.8407001495,80.2273635864,22698,22708,10
12.841799736,80.2270584106,22708,22718,10
12.8431501389,80.2268218994,22718,22729,11
12.8445701599,80.2266082764,22729,22739,10
12.8453598022,80.2265396118,22739,22749,10
12.8453702927,80.2265396118,22749,22759,10
12.8457899094,80.2265396118,22759,22769,10
12.8466396332,80.2265319824,22769,22779,10
12.8477602005,80.2265396118,22779,22789,10
12.8490800858,80.2265396118,22789,22799,10
12.8504495621,80.2265396118,22799,22809,10
12.8519601822,80.2266082764,22809,22820,11
12.853679657,80.226600647,22820,22830,10
12.8552598953,80.2264404297,22830,22840,10
12.8568000793,80.2262878418,22840,22850,10
12.8581495285,80.2261734009,22850,22860,10
12.8590202332,80.2262268066,22860,22870,10
12.860159874,80.2264022827,22870,22880,10
12.8614702225,80.2265167236,22880,22890,10
12.8628501892,80.2264709473,22890,22900,10
12.8640899658,80.2265014648,22900,22911,11
12.8657598495,80.2265319824,22911,22921,10
12.8670301437,80.2264404297,22921,22931,10
12.8683204651,80.2263183594,22931,22941,10
12.8696403503,80.2264480591,22941,22951,10
12.8709497452,80.2265777588,22951,22961,10
12.8721399307,80.2266235352,22961,22971,10
12.8732404709,80.2266464233,22971,22981,10
12.8743200302,80.2267608643,22981,22991,10
12.8748502731,80.2268295288,22991,23002,11
12.8756198883,80.2268829346,23002,23012,10
12.8764801025,80.226890564,23012,23022,10
12.8767004013,80.2268676758,23022,23032,10
12.8768396378,80.226890564,23032,23042,10
12.8774900436,80.2268218994,23042,23052,10
12.8784303665,80.2267379761,23052,23062,10
12.8796300888,80.2266998291,23062,23072,10
12.8808498383,80.2266769409,23072,23082,10
12.8817796707,80.2266769409,23082,23093,11
12.8830699921,80.2266616821,23093,23103,10
12.8843202591,80.2266464233,23103,23113,10
12.8853702545,80.2267074585,23113,23123,10
12.8864498138,80.2269821167,23123,23133,10
12.8876304626,80.2272186279,23133,23143,10
12.8888196945,80.2273178101,23143,23153,10
12.8901996613,80.2273178101,23153,23163,10
12.8915996552,80.2273178101,23163,23173,10
12.8927097321,80.2273712158,23173,23184,11
12.8939199448,80.2275314331,23184,23194,10
12.8951997757,80.2276000977,23194,23204,10
12.8965797424,80.2276611328,23204,23214,10
12.8978300095,80.227722168,23214,23224,10
12.8990697861,80.2277984619,23224,23234,10
12.9001302719,80.2278366089,23234,23244,10
12.9006795883,80.2278823853,23244,23254,10
12.9006795883,80.2278900146,23254,23264,10
12.9009599686,80.2279129028,23264,23275,11
12.9016895294,80.2279586792,23275,23285,10
12.9026699066,80.2279968262,23285,23295,10
12.9035396576,80.2280197144,23295,23305,10
12.9047403336,80.2280731201,23305,23315,10
12.9059400558,80.2281417847,23315,23325,10
12.9066495895,80.228187561,23325,23335,10
12.9068698883,80.2282028198,23335,23345,10
12.9072599411,80.2282562256,23345,23355,10
12.9081001282,80.2284088135,23355,23366,11
12.9094400406,80.2286224365,23366,23376,10
12.9109201431,80.2288589478,23376,23386,10
12.9124603271,80.2290725708,23386,23396,10
12.9137001038,80.2292480469,23396,23406,10
12.9139795303,80.2292709351,23406,23416,10
12.9142999649,80.2293167114,23416,23426,10
12.9149799347,80.2294082642,23426,23437,11
12.9160299301,80.2295608521,23437,23447,10
12.9174604416,80.2297668457,23447,23458,11
12.9189596176,80.2299804688,23458,23468,10
12.9203701019,80.2301635742,23468,23478,10
12.9218196869,80.2303466797,23478,23488,10
12.9232196808,80.2305603027,23488,23498,10
12.9246196747,80.2307434082,23498,23508,10
12.9259195328,80.2309036255,23508,23518,10
12.9270896912,80.2310409546,23518,23527,9
12.9285202026,80.2312164307,23527,23538,11
12.9298200607,80.2314910889,23538,23549,11
12.9315595627,80.2319793701,23549,23559,10
12.9327402115,80.2323608398,23559,23569,10
12.9335298538,80.232673645,23569,23579,10
12.9336004257,80.2326889038,23579,23589,10
12.9339799881,80.2328567505,23589,23599,10
12.9347200394,80.2332229614,23599,23609,10
12.9355802536,80.2335891724,23609,23619,10
12.9362802505,80.2339630127,23619,23629,10
12.9371595383,80.2343902588,23629,23640,11
12.9384803772,80.2350311279,23640,23650,10
12.9395799637,80.2355575562,23650,23660,10
12.939740181,80.2356262207,23660,23670,10
12.9402198792,80.2358169556,23670,23680,10
12.940990448,80.236038208,23680,23690,10
12.9419803619,80.2362670898,23690,23700,10
12.9433803558,80.2369918823,23700,23710,10
12.9443101883,80.2379837036,23710,23720,10
12.945309639,80.2390365601,23720,23731,11
12.9466495514,80.2397079468,23731,23741,10
12.947719574,80.2401580811,23741,23751,10
12.948679924,80.2405395508,23751,23761,10
12.9494199753,80.2408065796,23761,23771,10
12.950220108,80.2410430908,23771,23781,10
12.9511404037,80.2413406372,23781,23791,10
12.9514703751,80.2414169312,23791,23801,10
12.9521398544,80.2416610718,23801,23811,10
12.9531002045,80.2420425415,23811,23822,11
12.9543800354,80.2425537109,23822,23832,10
12.9552001953,80.2428665161,23832,23842,10
12.9559803009,80.2431869507,23842,23852,10
12.9564599991,80.2434005737,23852,23862,10
12.956870079,80.2435836792,23862,23872,10
12.9577798843,80.2439727783,23872,23882,10
12.9587402344,80.2443389893,23882,23892,10
12.9589796066,80.244430542,23892,23902,10
12.9594602585,80.2446670532,23902,23913,11
12.9604301453,80.2451171875,23913,23923,10
12.9616098404,80.2456893921,23923,23933,10
12.9628601074,80.2463226318,23933,23943,10
12.9637098312,80.2467193604,23943,23953,10
12.9645900726,80.2470397949,23953,23963,10
12.9655399323,80.2473831177,23963,23973,10
12.966509819,80.2477264404,23973,23983,10
12.9666004181,80.247756958,23983,23993,10
12.9666595459,80.2477874756,23993,24004,11
12.9670801163,80.2480316162,24004,24014,10
12.9677600861,80.2483520508,24014,24024,10
12.9687004089,80.2487411499,24024,24034,10
12.9699296951,80.249206543,24034,24044,10
12.9712095261,80.2496566772,24044,24054,10
12.9724903107,80.2500228882,24054,24064,10
12.9736299515,80.2503204346,24064,24074,10
12.9747600555,80.2506408691,24074,24084,10
12.9760303497,80.2510070801,24084,24095,11
12.9773902893,80.2514801025,24095,24105,10
12.9785804749,80.2523193359,24105,24125,20
12.9785804749,80.2523193359,24125,24135,10
12.9789104462,80.2524871826,24135,24145,10
12.9794397354,80.2525634766,24145,24155,10
12.9796199799,80.252571106,24155,24165,10
12.9796600342,80.2525863647,24165,24175,10
12.9799499512,80.2526092529,24175,24186,11
12.9801597595,80.2526016235,24186,24196,10
12.9805603027,80.2525787354,24196,24206,10
12.9813404083,80.252571106,24206,24216,10
12.982339859,80.2525482178,24216,24226,10
12.9835100174,80.252456665,24226,24236,10
12.9848098755,80.2521209717,24236,24246,10
12.986000061,80.2517929077,24246,24256,10
12.9869003296,80.2515563965,24256,24267,11
12.9872598648,80.2514419556,24267,24277,10
12.9873695374,80.2514038086,24277,24287,10
12.9877700806,80.2513122559,24287,24297,10
12.9884395599,80.2511825562,24297,24307,10
12.9892501831,80.2509002686,24307,24317,10
12.9893798828,80.250869751,24317,24327,10
12.9897203445,80.2508392334,24327,24337,10
12.9903202057,80.2506790161,24337,24347,10
12.9911603928,80.2504730225,24347,24358,11
12.9923400879,80.2501678467,24358,24368,10
12.9935903549,80.2498703003,24368,24378,10
12.9948301315,80.2495727539,24378,24388,10
12.9960298538,80.2492370605,24388,24398,10
12.9973402023,80.248878479,24398,24408,10
12.9986696243,80.2485580444,24408,24418,10
12.999830246,80.2482833862,24418,24428,10
13.0009899139,80.2480010986,24428,24438,10
13.001999855,80.2477493286,24438,24449,11
13.0024700165,80.2476425171,24449,24459,10
13.0031099319,80.2475204468,24459,24469,10
13.0039796829,80.2473678589,24469,24479,10
13.004989624,80.2472763062,24479,24489,10
13.0059404373,80.2470397949,24489,24499,10
13.0064601898,80.2465667725,24499,24509,10
13.006480217,80.2465209961,24509,24519,10
13.0065898895,80.2462310791,24519,24529,10
13.0066404343,80.2455825806,24529,24540,11
13.0066404343,80.2445831299,24540,24550,10
13.0066299438,80.2436904907,24550,24560,10
13.0066204071,80.2429428101,24560,24570,10
13.0066204071,80.2419433594,24570,24580,10
13.0066795349,80.2409667969,24580,24590,10
13.0068597794,80.2400665283,24590,24600,10
13.0070199966,80.2389221191,24600,24610,10
13.0072498322,80.2378234863,24610,24620,10
13.007399559,80.2369384766,24620,24631,11
13.0074596405,80.2366790771,24631,24641,10
13.0075502396,80.2363586426,24641,24651,10
13.0076999664,80.235710144,24651,24661,10
13.0078897476,80.2348403931,24661,24671,10
13.0081100464,80.2337188721,24671,24681,10
13.0083503723,80.2324371338,24681,24691,10
13.0086202621,80.2311325073,24691,24701,10
13.0088596344,80.2298812866,24701,24710,9
13.0090799332,80.2287979126,24710,24722,12
13.009469986,80.2275390625,24722,24732,10
13.0099601746,80.2264633179,24732,24742,10
13.0104904175,80.225402832,24742,24752,10
13.0108804703,80.2244567871,24752,24762,10
13.0112400055,80.2235870361,24762,24772,10
13.0113897324,80.2232971191,24772,24782,10
13.0115499496,80.2229690552,24782,24792,10
13.0117101669,80.2223129272,24792,24802,10
13.0120697021,80.2215576172,24802,24813,11
13.0123195648,80.2214736938,24813,24823,10
13.0125102997,80.2217407227,24823,24833,10
13.0128898621,80.2222366333,24833,24843,10
13.0134401321,80.2228164673,24843,24853,10
13.013999939,80.2234725952,24853,24863,10
13.0145101547,80.2240066528,24863,24873,10
13.0149297714,80.2244186401,24873,24883,10
13.0149497986,80.2244415283,24883,24893,10
13.0151100159,80.2246017456,24893,24904,11
13.0153598785,80.2249298096,24904,24914,10
13.0159196854,80.2253112793,24914,24924,10
13.0166597366,80.2252578735,24924,24934,10
13.0174398422,80.2249526978,24934,24944,10
13.0183000565,80.2245864868,24944,24954,10
13.0195198059,80.2243423462,24954,24984,30
13.0195198059,80.2243423462,24984,24995,11
13.019610405,80.2244491577,24995,25015,20
13.019610405,80.2244491577,25015,25025,10
13.0197896957,80.2246322632,25025,25035,10
13.0200500488,80.2248077393,25035,25045,10
13.0205898285,80.225151062,25045,25055,10
13.0211601257,80.2256011963,25055,25065,10
13.0217695236,80.2260818481,25065,25075,10
13.0224304199,80.2265930176,25075,25086,11
13.0231599808,80.2272491455,25086,25096,10
13.023639679,80.2276992798,25096,25106,10
13.0243396759,80.2283935547,25106,25136,30
13.0243396759,80.2283935547,25136,25146,10
13.0243597031,80.2285766602,25146,25156,10
13.0241003036,80.2284469604,25156,25166,10
13.023900032,80.2281494141,25166,25177,11
13.0236301422,80.2278823853,25177,25834,657
13.0236301422,80.2278823853,25834,25844,10
13.0233097076,80.2275695801,25844,25854,10
13.0229797363,80.2272415161,25854,25864,10
13.0226202011,80.226852417,25864,25874,10
13.0221300125,80.2264404297,25874,25884,10
13.021490097,80.2259292603,25884,25895,11
13.0207004547,80.2253265381,25895,25905,10
13.019949913,80.224822998,25905,25915,10
13.0192499161,80.2244567871,25915,25925,10
13.018409729,80.2246398926,25925,25935,10
13.0174398422,80.2250518799,25935,25945,10
13.0165195465,80.225440979,25945,25955,10
13.0158700943,80.2256622314,25955,25965,10
13.0151500702,80.2259368896,25965,25975,10
13.0145998001,80.2261734009,25975,26026,51
13.0145998001,80.2261734009,26026,26036,10
13.0141296387,80.2263793945,26036,26046,10
13.0136299133,80.2265777588,26046,26056,10
13.0129699707,80.2268218994,26056,26066,10
13.012140274,80.2271499634,26066,26077,11
13.0110797882,80.2276000977,26077,26087,10
13.010140419,80.2280197144,26087,26097,10
13.0093402863,80.2284164429,26097,26107,10
13.0090999603,80.229133606,26107,26117,10
13.0089101791,80.2300033569,26117,26127,10
13.0086803436,80.2309799194,26127,26137,10
13.008480072,80.232093811,26137,26147,10
13.0082902908,80.2331237793,26147,26157,10
13.0082597733,80.2335662842,26157,26168,11
13.0081996918,80.2337799072,26168,26178,10
13.0080795288,80.2343521118,26178,26188,10
13.0078802109,80.2352218628,26188,26198,10
13.0076599121,80.2363586426,26198,26208,10
13.0074195862,80.2375564575,26208,26218,10
13.0072498322,80.2386169434,26218,26228,10
13.0070800781,80.2394790649,26228,26238,10
13.0070199966,80.2397079468,26238,26248,10
13.0069999695,80.2398529053,26248,26259,11
13.0068998337,80.2404403687,26259,26269,10
13.0068502426,80.2407913208,26269,26279,10
13.0067901611,80.2410736084,26279,26289,10
13.0067396164,80.2417526245,26289,26299,10
13.0067596436,80.2425613403,26299,26309,10
13.0066995621,80.2434310913,26309,26319,10
13.0067396164,80.2444610596,26319,26329,10
13.0067596436,80.2456283569,26329,26339,10
13.0067596436,80.2472000122,26339,26380,41
13.0067596436,80.2472000122,26380,26390,10
13.0067300797,80.2473373413,26390,26400,10
13.0065002441,80.2474517822,26400,26410,10
13.006310463,80.2474594116,26410,26420,10
13.0061903,80.2474822998,26420,26430,10
13.0057201385,80.247428894,26430,26441,11
13.0048599243,80.2474365234,26441,26451,10
13.0038499832,80.2475509644,26451,26461,10
13.0027999878,80.2477035522,26461,26471,10
13.0016803741,80.2479782104,26471,26481,10
13.0004701614,80.248260498,26481,26491,10
12.9992103577,80.248588562,26491,26501,10
12.9981603622,80.248878479,26501,26511,10
12.998000145,80.248916626,26511,26521,10
12.9978303909,80.2489471436,26521,26532,11
12.9972295761,80.2491378784,26532,26542,10
12.9963998795,80.2493286133,26542,26552,10
12.995349884,80.2495727539,26552,26562,10
12.9942598343,80.2498474121,26562,26572,10
12.9931898117,80.2501068115,26572,26582,10
12.9921398163,80.2503585815,26582,26592,10
12.9912595749,80.2506103516,26592,26602,10
12.9911403656,80.2506408691,26602,26612,10
12.9907503128,80.2507476807,26612,26623,11
12.9898004532,80.2509689331,26623,26633,10
12.9885702133,80.2512588501,26633,26643,10
12.9874200821,80.2515411377,26643,26653,10
12.9863996506,80.2518234253,26653,26663,10
12.9852600098,80.2521209717,26663,26673,10
12.984000206,80.252456665,26673,26683,10
12.9827098846,80.2526931763,26683,26693,10
12.9815502167,80.2527236938,26693,26703,10
12.9805803299,80.2527770996,26703,26714,11
12.9799699783,80.2528305054,26714,26724,10
12.97935009,80.2527389526,26724,26734,10
12.9787302017,80.2526626587,26734,26744,10
12.9787101746,80.2526626587,26744,26754,10
12.9784202576,80.2524871826,26754,26764,10
12.9779195786,80.2520294189,26764,26774,10
12.9770698547,80.2514419556,26774,26784,10
12.9758796692,80.251083374,26784,26794,10
12.9745397568,80.2506866455,26794,26805,11
12.9730396271,80.2503128052,26805,26815,10
12.9717197418,80.2499389648,26815,26825,10
12.9704799652,80.2495803833,26825,26835,10
12.9692897797,80.2490921021,26835,26845,10
12.9680204391,80.2486419678,26845,26855,10
12.9668598175,80.2481079102,26855,26865,10
12.9659204483,80.2476806641,26865,26875,10
12.9651603699,80.2474594116,26875,26885,10
12.9651203156,80.2474365234,26885,26896,11
12.9649801254,80.2473602295,26896,26906,10
12.9645700455,80.2471618652,26906,26916,10
12.9638795853,80.2469100952,26916,26926,10
12.9631004333,80.2465133667,26926,26936,10
12.9620895386,80.2460174561,26936,26946,10
12.9609603882,80.2454833984,26946,26956,10
12.9594202042,80.2448577881,26956,26987,31
12.9594202042,80.2448577881,26987,26997,10
12.9591598511,80.244720459,26997,27009,12
12.9586801529,80.2444992065,27009,27019,10
12.9578504562,80.2441864014,27019,27029,10
12.9571399689,80.2439422607,27029,27039,10
12.956489563,80.2437133789,27039,27049,10
12.9564599991,80.2436828613,27049,27059,10
12.956319809,80.2436599731,27059,27069,10
12.9559497833,80.2434692383,27069,27080,11
12.9550800323,80.2430419922,27080,27090,10
12.9541501999,80.2426300049,27090,27100,10
12.9531602859,80.2422409058,27100,27110,10
12.9523296356,80.2419281006,27110,27120,10
12.9518098831,80.2417602539,27120,27130,10
12.9518003464,80.2417602539,27130,27140,10
12.951499939,80.2416381836,27140,27150,10
12.9508199692,80.2414016724,27150,27160,10
12.949839592,80.2410964966,27160,27171,11
12.9486999512,80.2406768799,27171,27181,10
12.9477596283,80.2403030396,27181,27191,10
12.9472799301,80.2401123047,27191,27201,10
12.9472703934,80.2400970459,27201,27211,10
12.9470500946,80.2399902344,27211,27221,10
12.9464197159,80.2397232056,27221,27231,10
12.9455900192,80.2393569946,27231,27241,10
12.9447202682,80.2386398315,27241,27251,10
12.9438295364,80.2377319336,27251,27262,11
12.9431200027,80.2369689941,27262,27272,10
12.9422597885,80.2364501953,27272,27282,10
12.9412603378,80.2361984253,27282,27292,10
12.9404401779,80.236000061,27292,27302,10
12.9398698807,80.2358322144,27302,27312,10
12.9398002625,80.235786438,27312,27322,10
12.9395599365,80.2356796265,27322,27331,9
12.9389801025,80.2354202271,27331,27342,11
12.9382200241,80.2350311279,27342,27353,11
12.9370803833,80.2344818115,27353,27363,10
12.9360799789,80.2340011597,27363,27373,10
12.936050415,80.2339782715,27373,27383,10
12.9357700348,80.233833313,27383,27393,10
12.9350996017,80.2335510254,27393,27403,10
12.933930397,80.2330093384,27403,27423,20
12.933930397,80.2330093384,27423,27433,10
12.933839798,80.2329406738,27433,27444,11
12.9332504272,80.2326812744,27444,27454,10
12.9323596954,80.2323532104,27454,27464,10
12.9312496185,80.2319869995,27464,27474,10
12.9301204681,80.2316436768,27474,27484,10
12.9289999008,80.2313995361,27484,27494,10
12.9277000427,80.2312011719,27494,27504,10
12.92648983,80.2310409546,27504,27514,10
12.9259595871,80.2310180664,27514,27524,10
12.9258298874,80.2310028076,27524,27535,11
12.9252195358,80.2309188843,27535,27545,10
12.9242801666,80.2307891846,27545,27555,10
12.9231300354,80.2306213379,27555,27565,10
12.9217395782,80.2303924561,27565,27575,10
12.9202699661,80.2302093506,27575,27585,10
12.9190502167,80.2300491333,27585,27595,10
12.9179801941,80.2298965454,27595,27605,10
12.9169397354,80.2297668457,27605,27615,10
12.9158802032,80.229637146,27615,27626,11
12.9149904251,80.2295303345,27626,27636,10
12.9136896133,80.2293701172,27636,27656,20
12.9136896133,80.2293701172,27656,27666,10
12.913649559,80.2293701172,27666,27676,10
12.9133996964,80.2293624878,27676,27686,10
12.9131002426,80.229309082,27686,27696,10
12.9124698639,80.2292022705,27696,27706,10
12.9115200043,80.229057312,27706,27717,11
12.9102096558,80.2288589478,27717,27727,10
12.9090900421,80.2286911011,27727,27737,10
12.9082698822,80.2285614014,27737,27777,40
12.9082698822,80.2285614014,27777,27787,10
12.9081602097,80.2285232544,27787,27798,11
12.9075603485,80.2284164429,27798,27858,60
12.9075603485,80.2284164429,27858,27868,10
12.9073600769,80.2283477783,27868,27878,10
12.9069004059,80.2283172607,27878,27889,11
12.9064598083,80.2282867432,27889,27899,10
12.905960083,80.2282562256,27899,27909,10
12.9051799774,80.2282028198,27909,27919,10
12.9040498734,80.2281570435,27919,27949,30
12.9040498734,80.2281570435,27949,27959,10
12.9037799835,80.2281570435,27959,27969,10
12.9032297134,80.2281417847,27969,27980,11
12.9027996063,80.2281188965,27980,27990,10
12.9023704529,80.2280883789,27990,28020,30
12.9023704529,80.2280883789,28020,28030,10
12.9022102356,80.2280883789,28030,28040,10
12.9020395279,80.2280731201,28040,28050,10
12.9019203186,80.2280731201,28050,28060,10
12.9017400742,80.2280578613,28060,28071,11
12.9014797211,80.2280502319,28071,28081,10
12.9012002945,80.2280197144,28081,28172,91
12.9012002945,80.2280197144,28172,28182,10
12.9009895325,80.2280731201,28182,28192,10
12.9004898071,80.2279891968,28192,28202,10
12.8997097015,80.2279205322,28202,28212,10
12.8994598389,80.2279434204,28212,28222,10
12.8994197845,80.2279205322,28222,28232,10
12.8990402222,80.2279205322,28232,28242,10
12.898349762,80.2278671265,28242,28253,11
12.8973903656,80.2277984619,28253,28263,10
12.8964004517,80.2277526855,28263,28273,10
12.8953504562,80.2277069092,28273,28283,10
12.8944797516,80.2276611328,28283,28293,10
12.8935003281,80.2275924683,28293,28303,10
12.8924503326,80.2274475098,28303,28313,10
12.8913402557,80.2273864746,28313,28323,10
12.890130043,80.2274017334,28323,28333,10
12.8894796371,80.2274017334,28333,28344,11
12.8891296387,80.2274017334,28344,28354,10
12.888710022,80.2274093628,28354,28364,10
12.8880796432,80.2273635864,28364,28374,10
12.8871498108,80.2272415161,28374,28384,10
12.8860197067,80.2269668579,28384,28394,10
12.885020256,80.2267379761,28394,28404,10
12.884180069,80.2267303467,28404,28414,10
12.8831396103,80.2267379761,28414,28424,10
12.8821296692,80.2267303467,28424,28435,11
12.8807201385,80.2267608643,28435,28445,10
12.8792800903,80.2267913818,28445,28455,10
12.8779802322,80.2268829346,28455,28465,10
12.877120018,80.2269668579,28465,28485,20
12.877120018,80.2269668579,28485,28495,10
12.8770399094,80.2269668579,28495,28505,10
12.8766298294,80.2269973755,28505,28515,10
12.8760299683,80.2270126343,28515,28526,11
12.8749399185,80.2269210815,28526,28536,10
12.8737201691,80.2267913818,28536,28546,10
12.8729000092,80.2267379761,28546,28556,10
12.8726301193,80.2267379761,28556,28566,10
12.8725404739,80.2267379761,28566,28576,10
12.8720397949,80.2267303467,28576,28586,10
12.8711299896,80.2266998291,28586,28596,10
12.8699703217,80.2265930176,28596,28606,10
12.8685703278,80.2264328003,28606,28617,11
12.8668899536,80.2265396118,28617,28627,10
12.8654298782,80.2266311646,28627,28637,10
12.8639001846,80.2265625,28637,28647,10
12.8623695374,80.2265701294,28647,28657,10
12.8611097336,80.2266235352,28657,28667,10
12.8608703613,80.2266082764,28667,28677,10
12.8604698181,80.2265701294,28677,28687,10
12.8596801758,80.2264404297,28687,28697,10
12.8589696884,80.2263412476,28697,28708,11
12.8585996628,80.2263031006,28708,28718,10
12.8578395844,80.2262802124,28718,28728,10
12.8568401337,80.226348877,28728,28738,10
12.8555898666,80.2264862061,28738,28748,10
12.8541097641,80.2266311646,28748,28758,10
12.852519989,80.2266998291,28758,28768,10
12.8509197235,80.2266616821,28768,28778,10
12.8499603271,80.2266387939,28778,28788,10
12.8498296738,80.2266311646,28788,28799,11
12.8492202759,80.2266235352,28799,28809,10
12.848279953,80.2266235352,28809,28819,10
12.8470802307,80.2266235352,28819,28829,10
12.8460798264,80.2266235352,28829,28839,10
12.8455400467,80.2266311646,28839,28849,10
12.8451099396,80.2266769409,28849,28859,10
12.8449897766,80.2266998291,28859,28869,10
12.8446102142,80.2266921997,28869,28879,10
12.8438501358,80.2267608643,28879,28890,11
12.8427000046,80.2269668579,28890,28900,10
12.8414897919,80.2272567749,28900,28910,10
12.8406095505,80.2275238037,28910,28920,10
12.8404302597,80.2275695801,28920,28930,10
12.8402004242,80.2276611328,28930,28950,20
12.8402004242,80.2276611328,28950,28960,10
12.8401098251,80.2276992798,28960,28970,10
12.8398399353,80.2277984619,28970,29001,31
12.8398399353,80.2277984619,29001,29011,10
12.839389801,80.2279281616,29011,29021,10
12.8387203217,80.2280273438,29021,29031,10
12.8377799988,80.2282333374,29031,29041,10
12.8365497589,80.2284164429,29041,29051,10
12.8351202011,80.2286376953,29051,29061,10
12.8336400986,80.2288894653,29061,29072,11
12.8323001862,80.2291488647,29072,29092,20
12.8323001862,80.2291488647,29092,29102,10
12.8320703506,80.2291564941,29102,29112,10
12.8315401077,80.2292785645,29112,29122,10
12.8306703568,80.2295837402,29122,29132,10
12.8295202255,80.2300262451,29132,29142,10
12.8282604218,80.2306518555,29142,29152,10
12.8270397186,80.231262207,29152,29163,11
12.8256902695,80.2314224243,29163,29173,10
12.8244104385,80.2313308716,29173,29183,10
12.82310009,80.2309494019,29183,29193,10
12.8217401505,80.2305297852,29193,29203,10
12.8203802109,80.2304992676,29203,29213,10
12.8191795349,80.2305221558,29213,29223,10
12.8189697266,80.2304992676,29223,29233,10
12.818570137,80.2303237915,29233,29243,10
12.8177499771,80.2299423218,29243,29254,11
12.8164396286,80.2294998169,29254,29264,10
12.8149700165,80.2292785645,29264,29274,10
12.8134498596,80.2289505005,29274,29284,10
12.811920166,80.2284088135,29284,29294,10
12.8105297089,80.2278518677,29294,29304,10
12.8097600937,80.2275085449,29304,29314,10
12.8088598251,80.2269668579,29314,29324,10
12.8079204559,80.2261886597,29324,29334,10
12.8070802689,80.225479126,29334,29345,11
12.8064804077,80.224937439,29345,29355,10
12.8057498932,80.2243270874,29355,29365,10
12.8051395416,80.2240600586,29365,29375,10
12.8050298691,80.2240066528,29375,29385,10
12.8045301437,80.2239379883,29385,29395,10
12.8037500381,80.2238922119,29395,29405,10
12.8028001785,80.2237701416,29405,29415,10
12.8021001816,80.2236785889,29415,29425,10
12.8013601303,80.2236175537,29425,29436,11
12.8010597229,80.2236175537,29436,29446,10
12.800620079,80.2235565186,29446,29456,10
12.7998104095,80.2234802246,29456,29466,10
12.7987604141,80.2233963013,29466,29476,10
12.797419548,80.2232437134,29476,29486,10
12.7962598801,80.2230377197,29486,29496,10
12.7960700989,80.2229995728,29496,29506,10
12.7958202362,80.2229614258,29506,29516,10
12.7953996658,80.2228622437,29516,29527,11
12.7945404053,80.2227096558,29527,29537,10
12.7934398651,80.2225494385,29537,29547,10
12.7922096252,80.2223434448,29547,29557,10
12.7912397385,80.2221069336,29557,29567,10
12.7901096344,80.2218017578,29567,29577,10
12.7892503738,80.2215194702,29577,29587,10
12.788359642,80.2211837769,29587,29597,10
12.7876596451,80.2209014893,29597,29607,10
12.7871799469,80.2207336426,29607,29638,31
12.7871799469,80.2207336426,29638,29648,10
12.78703022,80.2206497192,29648,29658,10
12.7868499756,80.2205810547,29658,29668,10
12.7868003845,80.2205429077,29668,29678,10
12.7864398956,80.2204208374,29678,29698,20
12.7864398956,80.2204208374,29698,29709,11
12.7862195969,80.2204437256,29709,29719,10
12.7862100601,80.2206573486,29719,29729,10
12.7861795425,80.2210693359,29729,29739,10
12.786239624,80.2216491699,29739,29850,111
12.7862997055,80.2219696045,29850,30073,223
12.7862596512,80.2219772339,30073,30143,70
12.7862997055,80.2218399048,30143,31023,880
12.7862997055,80.2218399048,31023,31033,10
12.7862300873,80.2217102051,31033,31043,10
12.7862195969,80.2214813232,31043,31104,61
12.7862195969,80.2214813232,31104,31114,10
12.7861795425,80.2209014893,31114,31175,61
12.7861795425,80.2209014893,31175,31185,10
12.7861995697,80.2204208374,31185,31195,10
12.786649704,80.2204666138,31195,31246,51
12.786649704,80.2204666138,31246,31256,10
12.7868995667,80.2205810547,31256,31266,10
12.7873001099,80.2207107544,31266,31276,10
12.7878799438,80.2209091187,31276,31286,10
12.7884702682,80.2211532593,31286,31296,10
12.7892198563,80.2214431763,31296,31306,10
12.7896299362,80.2215881348,31306,31316,10
12.7901496887,80.2217407227,31316,31327,11
12.7910604477,80.2219696045,31327,31337,10
12.7921104431,80.2222290039,31337,31347,10
12.793299675,80.2224273682,31347,31357,10
12.7944803238,80.2226104736,31357,31367,10
12.7956104279,80.2228012085,31367,31377,10
12.7963600159,80.22290802,31377,31407,30
12.7963600159,80.22290802,31407,31418,11
12.7965698242,80.2229766846,31418,31428,10
12.7971601486,80.2230911255,31428,31438,10
12.7980203629,80.2232208252,31438,31448,10
12.7989597321,80.2233428955,31448,31458,10
12.8000297546,80.2234268188,31458,31468,10
12.8016004562,80.2235717773,31468,31488,20
12.8016004562,80.2235717773,31488,31498,10
12.8019104004,80.2236099243,31498,31509,11
12.8026504517,80.2237319946,31509,31519,10
12.8034696579,80.2238082886,31519,31529,10
12.8043498993,80.2238769531,31529,31539,10
12.8052301407,80.223991394,31539,31549,10
12.8054895401,80.224067688,31549,31559,10
12.8056497574,80.2241592407,31559,31569,10
12.806139946,80.2245635986,31569,31579,10
12.8068399429,80.2251968384,31579,31589,10
12.8076696396,80.2259063721,31589,31600,11
12.8087997437,80.226852417,31600,31610,10
12.8100299835,80.2276000977,31610,31620,10
12.8114204407,80.2281799316,31620,31630,10
12.8129501343,80.2287063599,31630,31640,10
12.8145399094,80.2291717529,31640,31650,10
12.8161897659,80.2294235229,31650,31660,10
12.8177604675,80.2298583984,31660,31670,10
12.8190402985,80.2304077148,31670,31680,10
12.8198099136,80.2304077148,31680,31691,11
12.8198204041,80.2304077148,31691,31701,10
12.8200302124,80.2304000854,31701,31711,10
12.8207197189,80.2303771973,31711,31721,10
12.8217697144,80.2304763794,31721,31731,10
12.8230199814,80.2308197021,31731,31741,10
12.8243598938,80.2311782837,31741,31751,10
12.8256998062,80.2313308716,31751,31761,10
12.8270301819,80.2312011719,31761,31771,10
12.8281497955,80.2306671143,31771,31781,10
12.829369545,80.2300415039,31781,31792,11
12.8305397034,80.2295532227,31792,31802,10
12.8311195374,80.2293167114,31802,31812,10
12.8312902451,80.2292480469,31812,31822,10
12.8313102722,80.2292480469,31822,31832,10
12.8316497803,80.2291412354,31832,31842,10
12.8320598602,80.2290420532,31842,31852,10
12.8327798843,80.2289199829,31852,31862,10
12.8337402344,80.2287368774,31862,31873,11
12.8351402283,80.2285003662,31873,31883,10
12.8365001678,80.2282867432,31883,31893,10
12.837849617,80.2280807495,31893,31903,10
12.8389196396,80.2278137207,31903,31913,10
12.8393802643,80.2276000977,31913,31923,10
12.8395500183,80.2275390625,31923,31933,10
12.8397703171,80.2274780273,31933,31943,10
12.8403596878,80.2273788452,31943,31953,10
12.8412904739,80.2271499634,31953,31963,10
12.8424501419,80.2269210815,31963,31974,11
12.8437995911,80.2266769409,31974,31984,10
12.8453598022,80.2264709473,31984,32004,20
12.8453598022,80.2264709473,32004,32014,10
12.8455600739,80.2264633179,32014,32024,10
12.8461103439,80.2264633179,32024,32034,10
12.8470201492,80.2264785767,32034,32044,10
12.8480997086,80.2265014648,32044,32054,10
12.8492803574,80.2264862061,32054,32065,11
12.8500499725,80.2264785767,32065,32075,10
12.8501796722,80.2264785767,32075,32085,10
12.8507900238,80.2264633179,32085,32095,10
12.851770401,80.2265167236,32095,32105,10
12.8528795242,80.2265777588,32105,32115,10
12.8541002274,80.2265090942,32115,32125,10
12.855389595,80.2263717651,32125,32135,10
12.8568401337,80.2261962891,32135,32145,10
12.8582000732,80.2261428833,32145,32156,11
12.8593301773,80.2262573242,32156,32166,10
12.8604602814,80.2264328003,32166,32176,10
12.8614902496,80.2264862061,32176,32186,10
12.8627500534,80.2264633179,32186,32196,10
12.8642196655,80.2264862061,32196,32206,10
12.8657503128,80.2265167236,32206,32216,10
12.8671598434,80.2264099121,32216,32226,10
12.8686599731,80.2262878418,32226,32236,10
12.8703699112,80.2264633179,32236,32247,11
12.8717603683,80.2265472412,32247,32257,10
12.8725404739,80.2265625,32257,32267,10
12.8729000092,80.2265625,32267,32277,10
12.8730602264,80.2265625,32277,32287,10
12.8736400604,80.2266082764,32287,32297,10
12.874540329,80.2267074585,32297,32307,10
12.8759098053,80.2268371582,32307,32348,41
12.8759098053,80.2268371582,32348,32358,10
12.8758897781,80.2268218994,32358,32368,10
12.8760595322,80.2268371582,32368,32378,10
12.876250267,80.226852417,32378,32388,10
12.8765096664,80.2268371582,32388,32398,10
12.8767299652,80.2268218994,32398,32408,10
12.8768901825,80.2268218994,32408,32418,10
12.8774299622,80.2267837524,32418,32429,11
12.8783998489,80.2267074585,32429,32439,10
12.8795404434,80.2266693115,32439,32449,10
12.8808202744,80.2266616821,32449,32459,10
12.8821401596,80.2266464233,32459,32469,10
12.8834400177,80.2266387939,32469,32479,10
12.8846197128,80.226600647,32479,32489,10
12.885430336,80.2266464233,32489,32499,10
12.8862800598,80.2268676758,32499,32509,10
12.8873796463,80.227142334,32509,32520,11
12.8887796402,80.2272720337,32520,32530,10
12.8901195526,80.2272720337,32530,32540,10
12.8914299011,80.2272567749,32540,32550,10
12.8921804428,80.2272491455,32550,32560,10
12.8922195435,80.2272491455,32560,32570,10
12.8922996521,80.2272491455,32570,32580,10
12.8927402496,80.2273025513,32580,32590,10
12.8933200836,80.2273788452,32590,32600,10
12.8941001892,80.2275009155,32600,32611,11
12.8949604034,80.2275466919,32611,32621,10
12.8960695267,80.2275924683,32621,32631,10
12.8973999023,80.2276535034,32631,32641,10
12.898639679,80.2277297974,32641,32651,10
12.8992500305,80.2277526855,32651,32661,10
12.8996601105,80.2277832031,32661,32671,10
12.9003000259,80.2278137207,32671,32681,10
12.9007701874,80.2278594971,32681,32691,10
12.9012098312,80.2278823853,32691,32702,11
12.9015798569,80.227897644,32702,32712,10
12.9020004272,80.2279510498,32712,32722,10
12.9022703171,80.2279510498,32722,32732,10
12.9024400711,80.2279586792,32732,32742,10
12.9027795792,80.2279586792,32742,32762,20
12.9027795792,80.2279586792,32762,32772,10
12.9030599594,80.2279434204,32772,32782,10
12.9034004211,80.2279586792,32782,32793,11
12.9035196304,80.2279663086,32793,32803,10
12.903719902,80.2279815674,32803,32813,10
12.9038295746,80.2279891968,32813,32823,10
12.9041404724,80.2280197144,32823,32833,10
12.9042196274,80.2280197144,32833,32843,10
12.9045200348,80.2280502319,32843,32853,10
12.9049396515,80.2280807495,32853,32863,10
12.9052200317,80.2280807495,32863,32873,10
12.9054498672,80.2281036377,32873,32884,11
12.9055404663,80.2281265259,32884,32894,10
12.9058704376,80.2281417847,32894,33005,111
12.9058704376,80.2281417847,33005,33015,10
12.9061403275,80.2281265259,33015,33025,10
12.9064397812,80.2281570435,33025,33035,10
12.9069004059,80.2282180786,33035,33045,10
12.9075498581,80.2282562256,33045,33056,11
12.9076795578,80.2282867432,33056,33066,10
12.9081602097,80.2283782959,33066,33076,10
12.9089899063,80.2285385132,33076,33086,10
12.9100799561,80.2287063599,33086,33096,10
12.9113798141,80.2289123535,33096,33106,10
12.9126300812,80.2291030884,33106,33116,10
12.9135599136,80.2291870117,33116,33126,10
12.9138002396,80.2292175293,33126,33136,10
12.9139995575,80.2292785645,33136,33146,10
12.9145698547,80.2293395996,33146,33157,11
12.9155502319,80.2294921875,33157,33167,10
12.916680336,80.229637146,33167,33177,10
12.9178104401,80.2298126221,33177,33187,10
12.9188699722,80.2299575806,33187,33197,10
12.9198904037,80.2300872803,33197,33207,10
12.9211301804,80.2302398682,33207,33217,10
12.9225597382,80.2304611206,33217,33227,10
12.9239902496,80.2306594849,33227,33237,10
12.9253101349,80.230796814,33237,33248,11
12.9262399673,80.2308807373,33248,33258,10
12.9263095856,80.2309036255,33258,33268,10
12.926779747,80.2309570313,33268,33278,10
12.9276103973,80.2310562134,33278,33288,10
12.9286603928,80.2312011719,33288,33298,10
12.9297199249,80.2314300537,33298,33308,10
12.9309101105,80.2317504883,33308,33318,10
12.9319400787,80.2320785522,33318,33328,10
12.9329996109,80.2324295044,33328,33339,11
12.9335002899,80.2326431274,33339,33349,10
12.9336395264,80.2327194214,33349,33359,10
12.9341096878,80.2329330444,33359,33369,10
12.9348697662,80.2332687378,33369,33379,10
12.9355201721,80.2335662842,33379,33389,10
12.9361400604,80.2338562012,33389,33399,10
12.9369297028,80.2342529297,33399,33409,10
12.9378995895,80.2347183228,33409,33419,10
12.939499855,80.235496521,33419,33440,21
12.939499855,80.235496521,33440,33450,10
12.9395704269,80.2355422974,33450,33460,10
12.9397497177,80.2356719971,33460,33470,10
12.9404602051,80.2359085083,33470,33480,10
12.9412403107,80.2361068726,33480,33490,10
12.9426498413,80.2365112305,33490,33500,10
12.9435997009,80.2372283936,33500,33510,10
12.9444999695,80.2382125854,33510,33521,11
12.9455699921,80.2391967773,33521,33531,10
12.9468698502,80.2397689819,33531,33551,20
12.9468698502,80.2397689819,33551,33561,10
12.9469900131,80.2397918701,33561,33571,10
12.9473400116,80.2399597168,33571,33581,10
12.9478998184,80.2401885986,33581,33591,10
12.9481496811,80.2403030396,33591,33672,81
12.9481496811,80.2403030396,33672,33682,10
12.9484701157,80.2404022217,33682,33692,10
12.9488697052,80.2405700684,33692,33703,11
12.9490404129,80.2406463623,33703,33713,10
12.9493198395,80.2407836914,33713,33723,10
12.9498500824,80.2409515381,33723,33733,10
12.9508800507,80.2412414551,33733,33753,20
12.9508800507,80.2412414551,33753,33763,10
12.9511604309,80.2413482666,33763,33773,10
12.9516096115,80.2415084839,33773,33784,11
12.9523000717,80.2417602539,33784,33794,10
12.9530801773,80.2420578003,33794,33804,10
12.9536304474,80.2422866821,33804,33814,10
12.9538097382,80.2423629761,33814,33824,10
12.9542303085,80.2425003052,33824,33834,10
12.9547901154,80.2427215576,33834,33844,10
12.9554004669,80.2429580688,33844,33854,10
12.9561004639,80.2432174683,33854,33864,10
12.9564199448,80.2433319092,33864,33875,11
12.956700325,80.2434387207,33875,33885,10
12.9573402405,80.2437362671,33885,33895,10
12.9580402374,80.2440567017,33895,33905,10
12.9587202072,80.2443313599,33905,33915,10
12.9587802887,80.2443771362,33915,33925,10
12.9589195251,80.2445297241,33925,33935,10
12.9592599869,80.2446899414,33935,33945,10
12.9597501755,80.2448883057,33945,33955,10
12.9605703354,80.2452316284,33955,33966,11
12.9617204666,80.2457580566,33966,33976,10
12.9626197815,80.2462005615,33976,34087,111
12.9626197815,80.2462005615,34087,34097,10
12.9628095627,80.2462615967,34097,34107,10
12.9630298615,80.2464065552,34107,34117,10
12.9632196426,80.2465286255,34117,34127,10
12.9634399414,80.2466430664,34127,34137,10
12.9636001587,80.246711731,34137,34148,11
12.9638795853,80.2468338013,34148,34158,10
12.9643802643,80.2470092773,34158,34168,10
12.9651098251,80.2472381592,34168,34178,10
12.9659795761,80.2475280762,34178,34188,10
12.9666996002,80.2478179932,34188,34208,20
12.9666996002,80.2478179932,34208,34218,10
12.9669303894,80.2479629517,34218,34228,10
12.96737957,80.2482528687,34228,34239,11
12.9683198929,80.2486114502,34239,34249,10
12.9694099426,80.2490005493,34249,34259,10
12.970580101,80.2494812012,34259,34269,10
12.971739769,80.2498168945,34269,34279,10
12.972990036,80.2500991821,34279,34289,10
12.9740200043,80.2503967285,34289,34299,10
12.9749498367,80.2506408691,34299,34309,10
12.9757604599,80.2509231567,34309,34319,10
12.9766702652,80.2511672974,34319,34330,11
12.9777002335,80.251663208,34330,34340,10
12.9786396027,80.2523574829,34340,34380,40
12.9786396027,80.2523574829,34380,34390,10
12.9788103104,80.252456665,34390,34400,10
12.978969574,80.2525100708,34400,34410,10
12.9793300629,80.2525405884,34410,34653,243
12.9793300629,80.2525405884,34653,34663,10
12.9795198441,80.2525405884,34663,34673,10
12.9797296524,80.252571106,34673,34683,10
12.9800100327,80.2526016235,34683,34694,11
12.9804296494,80.2526016235,34694,34704,10
12.9807395935,80.2526016235,34704,34714,10
12.9811401367,80.252571106,34714,34724,10
12.9816503525,80.2525482178,34724,34734,10
12.9823198318,80.252532959,34734,34744,10
12.9830598831,80.2524795532,34744,34754,10
12.9834699631,80.2524337769,34754,34764,10
12.9838495255,80.2523498535,34764,34774,10
12.9843997955,80.2521972656,34774,35128,354
12.9843997955,80.2521972656,35128,35138,10
12.9847202301,80.2521286011,35138,35149,11
12.985250473,80.2519607544,35149,35159,10
12.9856395721,80.2518234253,35159,35169,10
12.986120224,80.251701355,35169,35179,10
12.9865503311,80.2516098022,35179,35189,10
12.9870796204,80.2514572144,35189,35199,10
12.987569809,80.2513198853,35199,35209,10
12.9883499146,80.2511291504,35209,35219,10
12.9893398285,80.2508773804,35219,35229,10
12.9895200729,80.2508392334,35229,35240,11
12.9897603989,80.250793457,35240,35250,10
12.9904403687,80.2506103516,35250,35260,10
12.9914197922,80.2503814697,35260,35270,10
12.9925699234,80.2501068115,35270,35280,10
12.9938697815,80.2497787476,35280,35290,10
12.9951896667,80.2494430542,35290,35300,10
12.9963903427,80.2491073608,35300,35310,10
12.9968004227,80.2490081787,35310,35320,10
12.9970502853,80.2489624023,35320,35331,11
12.9978399277,80.2487716675,35331,35341,10
12.9988899231,80.2485122681,35341,35351,10
13.0001296997,80.2481918335,35351,35361,10
13.0013904572,80.2478713989,35361,35371,10
13.001999855,80.2477264404,35371,35381,10
13.0023498535,80.2476501465,35381,35391,10
13.0033197403,80.2474594116,35391,35401,10
13.0044002533,80.2472915649,35401,35411,10
13.0053596497,80.2471389771,35411,35422,11
13.0061302185,80.2469024658,35422,35432,10
13.0064401627,80.2465667725,35432,35442,10
13.006480217,80.2465133667,35442,35452,10
13.0066099167,80.2462768555,35452,35462,10
13.0066204071,80.2458572388,35462,35472,10
13.0066299438,80.2456207275,35472,35482,10
13.0066204071,80.2453994751,35482,35492,10
13.0066404343,80.2451782227,35492,35502,10
13.0066299438,80.2449569702,35502,35513,11
13.0066099167,80.2446670532,35513,35523,10
13.0066204071,80.2443084717,35523,35533,10
13.0066099167,80.243927002,35533,35543,10
13.0066299438,80.243522644,35543,35553,10
13.0065898895,80.2428894043,35553,35563,10
13.0065698624,80.2421188354,35563,35573,10
13.0065603256,80.2416000366,35573,35583,10
13.0065603256,80.2413864136,35583,35604,21
13.0065603256,80.2413864136,35604,35614,10
13.0066204071,80.2411193848,35614,35624,10
13.0066604614,80.2407302856,35624,35634,10
13.0067396164,80.2401199341,35634,35644,10
13.0069599152,80.2393264771,35644,35654,10
13.007109642,80.238319397,35654,35664,10
13.0072898865,80.2375488281,35664,35674,10
13.0073795319,80.2370223999,35674,35684,10
13.007399559,80.2369384766,35684,35695,11
13.0074901581,80.2365875244,35695,35705,10
13.0076303482,80.2359390259,35705,35715,10
13.007809639,80.2350692749,35715,35725,10
13.008020401,80.2340621948,35725,35735,10
13.0082101822,80.2330093384,35735,35745,10
13.0084495544,80.2317962646,35745,35755,10
13.0087003708,80.2305297852,35755,35765,10
13.0089597702,80.2291870117,35765,35775,10
13.0092897415,80.2279434204,35775,35786,11
13.0098104477,80.2267379761,35786,35796,10
13.0102701187,80.225769043,35796,35806,10
13.0107297897,80.2248916626,35806,35816,10
13.0111198425,80.2239608765,35816,35826,10
13.0113201141,80.2233886719,35826,35856,30
13.0113201141,80.2233886719,35856,35866,10
13.011349678,80.2231063843,35866,35877,11
13.0115804672,80.2227325439,35877,35887,10
13.0118398666,80.2219467163,35887,35897,10
13.012169838,80.2213973999,35897,35907,10
13.0124597549,80.2216186523,35907,35917,10
13.0128602982,80.2221908569,35917,35927,10
13.0134096146,80.2227783203,35927,35937,10
13.0139398575,80.2233428955,35937,35947,10
13.0141601563,80.2236785889,35947,35957,10
13.0145397186,80.2241134644,35957,35968,11
13.0149497986,80.2245407104,35968,35978,10
13.0153198242,80.2248535156,35978,35998,20
13.0153198242,80.2248535156,35998,36008,10
13.0155801773,80.2250976563,36008,36018,10
13.0159902573,80.2253570557,36018,36028,10
13.0164699554,80.2253189087,36028,36038,10
13.0169000626,80.2251586914,36038,36048,10
13.0172996521,80.2249832153,36048,36069,21
13.0172996521,80.2249832153,36069,36079,10
13.0176095963,80.2248535156,36079,36089,10
13.0178899765,80.2247390747,36089,36099,10
13.0182104111,80.224609375,36099,36109,10
13.0185499191,80.2244567871,36109,36119,10
13.019109726,80.224281311,36119,36150,31
13.019109726,80.224281311,36150,36160,10
13.0192899704,80.2243118286,36160,36170,10
13.0194997787,80.2243423462,36170,36180,10
13.0196504593,80.2244415283,36180,36190,10
13.0198497772,80.2246017456,36190,36210,20
13.0198497772,80.2246017456,36210,36220,10
13.0200796127,80.2247924805,36220,36230,10
13.0205001831,80.2250595093,36230,36241,11
13.0207595825,80.2252807617,36241,36251,10
13.0207996368,80.2253036499,36251,36261,10
13.0210800171,80.2254562378,36261,36271,10
13.0212497711,80.225692749,36271,36281,10
13.0214195251,80.2258300781,36281,36291,10
13.021730423,80.226020813,36291,36311,20
13.021730423,80.226020813,36311,36321,10
13.0218801498,80.2261123657,36321,36332,11
13.0221500397,80.2263031006,36332,36372,40
13.0221500397,80.2263031006,36372,36382,10
13.022480011,80.2265396118,36382,36392,10
13.022649765,80.2267227173,36392,36402,10
13.0227899551,80.2268829346,36402,36412,10
13.0229101181,80.2270126343,36412,36423,11
13.0230903625,80.2272109985,36423,36433,10
13.0232400894,80.2273635864,36433,36443,10
13.0232896805,80.2273864746,36443,36453,10
13.0234804153,80.2275390625,36453,36463,10
13.0237703323,80.2277679443,36463,36473,10
13.0239295959,80.2279129028,36473,36483,10
13.0242004395,80.2282409668,36483,36514,31
13.0242004395,80.2282409668,36514,36524,10
13.0244102478,80.2284393311,36524,36534,10
13.0242004395,80.2285003662,36534,36544,10
13.0239801407,80.2282409668,36544,36554,10
13.0238704681,80.2281036377,36554,36564,10
13.0235395432,80.2277679443,36564,36696,132
13.0235395432,80.2277679443,36696,36706,10
13.0233898163,80.2275924683,36706,36716,10
13.0232200623,80.2274169922,36716,36726,10
13.0229597092,80.2272109985,36726,36736,10
13.0224199295,80.2267074585,36736,36746,10
13.0219297409,80.2262496948,36746,36756,10
13.0213003159,80.2257614136,36756,36766,10
13.0205602646,80.2252197266,36766,36777,11
13.0200595856,80.224937439,36777,36807,30
13.0200595856,80.224937439,36807,36817,10
13.019780159,80.2247619629,36817,36827,10
13.0191202164,80.2245407104,36827,36837,10
13.0182800293,80.2247390747,36837,36847,10
13.0174398422,80.2250671387,36847,36857,10
13.0166196823,80.225402832,36857,36867,10
13.015999794,80.2256317139,36867,36878,11
13.0152902603,80.2258682251,36878,36888,10
13.0146102905,80.2261505127,36888,36898,10
13.0140695572,80.2264328003,36898,36908,10
13.0138502121,80.2265396118,36908,36928,20
13.0138502121,80.2265396118,36928,36938,10
13.0136804581,80.2265701294,36938,36948,10
13.0133600235,80.2266616821,36948,36958,10
13.0126695633,80.2268981934,36958,36969,11
13.0117998123,80.2272491455,36969,36979,10
13.0107498169,80.2276611328,36979,36989,10
13.0097303391,80.2280578613,36989,36999,10
13.009180069,80.2286224365,36999,37009,10
13.0090303421,80.2294311523,37009,37019,10
13.0088396072,80.2303771973,37019,37029,10
13.0086803436,80.2312393188,37029,37039,10
13.0085096359,80.232131958,37039,37049,10
13.0082397461,80.2335968018,37049,37070,21
13.0082397461,80.2335968018,37070,37080,10
13.0081796646,80.2337493896,37080,37090,10
13.0080604553,80.2342376709,37090,37100,10
13.007900238,80.2350997925,37100,37110,10
13.0077295303,80.2358703613,37110,37120,10
13.007610321,80.2365722656,37120,37130,10
13.0074796677,80.2372894287,37130,37140,10
13.0073404312,80.2378311157,37140,37151,11
13.0072698593,80.2380905151,37151,37161,10
13.0072002411,80.2384109497,37161,37171,10
13.0071001053,80.238899231,37171,37181,10
13.0070104599,80.2393569946,37181,37191,10
13.0069198608,80.2398223877,37191,37201,10
13.0068101883,80.2403717041,37201,37211,10
13.0066604614,80.2414016724,37211,37231,20
13.0066604614,80.2414016724,37231,37242,11
13.0066604614,80.2417297363,37242,37252,10
13.0066604614,80.2421569824,37252,37282,30
13.0066604614,80.2421569824,37282,37292,10
13.0066795349,80.2423782349,37292,37302,10
13.0066795349,80.2425765991,37302,37312,10
13.0066795349,80.2429580688,37312,37353,41
13.0066795349,80.2429580688,37353,37363,10
13.0066699982,80.2431182861,37363,37373,10
13.0066795349,80.2432174683,37373,37383,10
13.0066699982,80.2434387207,37383,37393,10
13.0066795349,80.2437133789,37393,37403,10
13.0066795349,80.2439193726,37403,37413,10
13.0066795349,80.2444000244,37413,37424,11
13.0066995621,80.2449493408,37424,37434,10
13.0067100525,80.2451934814,37434,37444,10
13.0067195892,80.2454071045,37444,37454,10
13.0067396164,80.2457504272,37454,37494,40
13.0067396164,80.2457504272,37494,37504,10
13.0067195892,80.246131897,37504,37515,11
13.0067396164,80.2466583252,37515,37525,10
13.0066795349,80.2472763062,37525,37535,10
13.0061903,80.247428894,37535,37545,10
13.0060901642,80.247467041,37545,37555,10
13.0059299469,80.247543335,37555,37565,10
13.0053195953,80.2474594116,37565,37575,10
13.0043401718,80.2474822998,37575,37585,10
13.0031099319,80.2476425171,37585,37595,10
13.0018596649,80.2479019165,37595,37606,11
13.0004301071,80.2482299805,37606,37616,10
12.9992303848,80.2485198975,37616,37626,10
12.9982204437,80.2488174438,37626,37636,10
12.998000145,80.2489013672,37636,37646,10
12.9976902008,80.2489624023,37646,37656,10
12.9969396591,80.2491378784,37656,37666,10
12.9958696365,80.2493591309,37666,37676,10
12.9945402145,80.2497177124,37676,37686,10
12.9933395386,80.2500534058,37686,37697,11
12.9926204681,80.2502288818,37697,37707,10
12.9924097061,80.2502822876,37707,37717,10
12.9919099808,80.2504119873,37717,37727,10
12.9913196564,80.2505722046,37727,37870,143
12.991230011,80.2504882813,37870,38102,232
12.991230011,80.2504882813,38102,38112,10
12.9911499023,80.2505493164,38112,38122,10
12.990940094,80.2506103516,38122,38132,10
12.9907503128,80.2506713867,38132,38143,11
12.9904098511,80.2507476807,38143,38153,10
12.9901103973,80.2508163452,38153,38163,10
12.9898195267,80.2508773804,38163,38173,10
12.9894895554,80.2509307861,38173,38183,10
12.9891796112,80.2509994507,38183,38193,10
12.9889297485,80.251083374,38193,38203,10
12.9885902405,80.2511978149,38203,38213,10
12.9883298874,80.2512893677,38213,38223,10
12.9881601334,80.2513504028,38223,38234,11
12.9879302979,80.251411438,38234,38244,10
12.9876098633,80.2514877319,38244,38254,10
12.9872303009,80.2515869141,38254,38264,10
12.9866800308,80.2517471313,38264,38274,10
12.9859895706,80.2518920898,38274,38284,10
12.9850196838,80.2521514893,38284,38294,10
12.9840202332,80.2524108887,38294,38304,10
12.9830198288,80.2526397705,38304,38314,10
12.982219696,80.2526931763,38314,38325,11
12.9816799164,80.2527236938,38325,38335,10
12.9814300537,80.2527313232,38335,38345,10
12.9812803268,80.2527389526,38345,38355,10
12.9811000824,80.2527389526,38355,38375,20
12.9811000824,80.2527389526,38375,38385,10
12.9809398651,80.2527694702,38385,38395,10
12.9807395935,80.2527770996,38395,38405,10
12.9806003571,80.2527923584,38405,38416,11
12.9804096222,80.2527923584,38416,38426,10
12.9799098969,80.2527999878,38426,38436,10
12.9794397354,80.2527313232,38436,38446,10
12.9788303375,80.2526779175,38446,38456,10
12.978770256,80.2526626587,38456,38466,10
12.9785604477,80.2525634766,38466,38476,10
12.9780397415,80.2521972656,38476,38486,10
12.9773101807,80.2515716553,38486,38496,10
12.9762601852,80.251159668,38496,38507,11
12.975060463,80.2508392334,38507,38517,10
12.9739198685,80.2505264282,38517,38527,10
12.972990036,80.2502670288,38527,38537,10
12.9719400406,80.2499923706,38537,38547,10
12.9708595276,80.249710083,38547,38557,10
12.9699497223,80.2494430542,38557,38567,10
12.9690599442,80.2490692139,38567,38577,10
12.9682798386,80.2487411499,38577,38587,10
12.9675397873,80.2484283447,38587,38598,11
12.9668998718,80.2481307983,38598,38608,10
12.9666900635,80.2480316162,38608,38618,10
12.9662504196,80.2478103638,38618,38628,10
12.9654798508,80.2475204468,38628,38638,10
12.965180397,80.2474365234,38638,38648,10
12.9646701813,80.2472381592,38648,38689,41
12.9646701813,80.2472381592,38689,38699,10
12.9644804001,80.2471694946,38699,38709,10
12.9640302658,80.2470016479,38709,38719,10
12.9638004303,80.2469177246,38719,38729,10
12.9636497498,80.2468566895,38729,38739,10
12.9631700516,80.2466278076,38739,38749,10
12.9622402191,80.2461700439,38749,38759,10
12.9610795975,80.2455825806,38759,38769,10
12.9598197937,80.2450485229,38769,38780,11
12.9592895508,80.2448425293,38780,38790,10
12.9589996338,80.244682312,38790,38800,10
12.9582996368,80.2444000244,38800,38810,10
12.9576196671,80.244140625,38810,38820,10
12.9569997787,80.2439575195,38820,38860,40
12.9569997787,80.2439575195,38860,38871,11
12.9568195343,80.2438812256,38871,38901,30
12.9564800262,80.2437820435,38901,38941,40
12.9564800262,80.2437820435,38941,38951,10
12.9563398361,80.2437210083,38951,38962,11
12.9558696747,80.2434387207,38962,38972,10
12.9550104141,80.242980957,38972,38982,10
12.9539003372,80.2425231934,38982,38992,10
12.9526395798,80.2420425415,38992,39002,10
12.9517202377,80.2417526245,39002,39012,10
12.9515800476,80.2416992188,39012,39022,10
12.9511203766,80.2415390015,39022,39032,10
12.9502801895,80.2412796021,39032,39042,10
12.9493398666,80.2409973145,39042,39053,11
12.9488201141,80.2407836914,39053,39063,10
12.9484996796,80.2406311035,39063,39073,10
12.9477396011,80.2403182983,39073,39083,10
12.9471998215,80.2400970459,39083,39093,10
12.9471902847,80.2400970459,39093,39103,10
12.946849823,80.2399520874,39103,39113,10
12.9461402893,80.2396697998,39113,39123,10
12.9453001022,80.2392883301,39123,39133,10
12.9444799423,80.2384490967,39133,39144,11
12.9434700012,80.2373504639,39144,39154,10
12.9424295425,80.236541748,39154,39164,10
12.9411096573,80.2361984253,39164,39174,10
12.9401302338,80.2359085083,39174,39184,10
12.9398403168,80.2357788086,39184,39194,10
12.9391002655,80.235458374,39194,39204,10
12.938079834,80.2349624634,39204,39214,10
12.9367904663,80.234336853,39214,39223,9
12.9356498718,80.2337875366,39223,39235,12
12.9344301224,80.2332305908,39235,39245,10
12.9339103699,80.233001709,39245,39265,20
12.9339103699,80.233001709,39265,39275,10
12.9334697723,80.2328262329,39275,39285,10
12.9326601028,80.2324981689,39285,39295,10
12.9315299988,80.2321090698,39295,39305,10
12.930100441,80.2316665649,39305,39315,10
12.9288196564,80.2313995361,39315,39326,11
12.927570343,80.2312011719,39326,39336,10
12.9262800217,80.2310409546,39336,39346,10
12.9256601334,80.2310180664,39346,39356,10
12.9253797531,80.2309570313,39356,39366,10
12.9246301651,80.2308731079,39366,39376,10
12.9235401154,80.2307281494,39376,39386,10
12.9221801758,80.2304992676,39386,39396,10
12.9206800461,80.2302932739,39396,39406,10
12.9191598892,80.2301025391,39406,39417,11
12.9175395966,80.229888916,39417,39427,10
12.9161996841,80.2296981812,39427,39437,10
12.9147901535,80.2295074463,39437,39447,10
12.9137601852,80.2293777466,39447,39457,10
12.9135198593,80.2293624878,39457,39467,10
12.9133300781,80.2293167114,39467,39477,10
12.9126996994,80.2292480469,39477,39487,10
12.9116296768,80.2291030884,39487,39496,9
12.9104299545,80.2289123535,39496,39508,12
12.9085597992,80.2285919189,39508,39518,10
12.9069099426,80.2283935547,39518,39609,91
12.9069099426,80.2283935547,39609,39619,10
12.9067401886,80.2283706665,39619,39629,10
12.9062299728,80.2282867432,39629,39639,10
12.9053201675,80.2282714844,39639,39649,10
12.904129982,80.2282028198,39649,39659,10
12.9029598236,80.2281494141,39659,39669,10
12.9018497467,80.2280807495,39669,39679,10
12.9011697769,80.2280502319,39679,39720,41
12.9011697769,80.2280502319,39720,39730,10
12.9011001587,80.2280578613,39730,39740,10
12.900759697,80.2279968262,39740,39750,10
12.9000902176,80.2279586792,39750,39760,10
12.8992900848,80.2279510498,39760,39770,10
12.8990802765,80.2279434204,39770,39781,11
12.898730278,80.2279205322,39781,39791,10
12.8980197906,80.2278366089,39791,39801,10
12.8971595764,80.2277679443,39801,39811,10
12.8961000443,80.227722168,39811,39821,10
12.8948802948,80.2276687622,39821,39831,10
12.8936300278,80.2275924683,39831,39841,10
12.8928003311,80.2275085449,39841,39861,20
12.8928003311,80.2275085449,39861,39872,11
12.8924798965,80.2274475098,39872,39882,10
12.8919200897,80.2274169922,39882,39892,10
12.8910198212,80.2274017334,39892,39902,10
12.8899002075,80.2274017334,39902,39912,10
12.888879776,80.2273864746,39912,39922,10
12.8878297806,80.2273178101,39922,39932,10
12.8866100311,80.2270965576,39932,39942,10
12.8855400085,80.226852417,39942,39952,10
12.8851995468,80.2267913818,39952,39963,11
12.8848495483,80.2267608643,39963,39973,10
12.8847999573,80.2267608643,39973,39983,10
12.8843603134,80.2267532349,39983,39993,10
12.8835296631,80.2267379761,39993,40003,10
12.8824300766,80.2267608643,40003,40013,10
12.8811998367,80.2267303467,40013,40023,10
12.8797998428,80.2267532349,40023,40033,10
12.8783903122,80.2268218994,40033,40043,10
12.8776197433,80.2269134521,40043,40054,11
12.8772201538,80.2269515991,40054,40064,10
12.8770303726,80.2269821167,40064,40074,10
12.8768701553,80.2269973755,40074,40084,10
12.8767299652,80.2270126343,40084,40094,10
12.8764295578,80.2270202637,40094,40104,10
12.8759202957,80.2270202637,40104,40114,10
12.875,80.2269363403,40114,40124,10
12.8737602234,80.2267913818,40124,40134,10
12.8726902008,80.2267379761,40134,40145,11
12.8716602325,80.2267227173,40145,40155,10
12.8704595566,80.2266387939,40155,40165,10
12.8690700531,80.2264785767,40165,40175,10
12.8676700592,80.2264404297,40175,40185,10
12.8664999008,80.2265701294,40185,40195,10
12.8654203415,80.2266235352,40195,40205,10
12.8641395569,80.2265777588,40205,40215,10
12.862739563,80.2265777588,40215,40225,10
12.8613395691,80.2266387939,40225,40236,11
12.8598604202,80.2264709473,40236,40246,10
12.8592700958,80.2264022827,40246,40256,10
12.859000206,80.2263565063,40256,40266,10
12.8584604263,80.2263031006,40266,40276,10
12.8575696945,80.2263031006,40276,40286,10
12.8564500809,80.2264022827,40286,40296,10
12.8551301956,80.2265319824,40296,40306,10
12.8537397385,80.2266693115,40306,40316,10
12.8522701263,80.2267074585,40316,40327,11
12.850399971,80.2266387939,40327,40347,20
12.850399971,80.2266387939,40347,40357,10
12.8502902985,80.2266082764,40357,40367,10
12.8497600555,80.2265930176,40367,40377,10
12.8488101959,80.226600647,40377,40387,10
12.8476400375,80.2266235352,40387,40397,10
12.8465204239,80.2266464233,40397,40407,10
12.8456201553,80.2266387939,40407,40438,31
12.8456201553,80.2266387939,40438,40448,10
12.8455095291,80.2266311646,40448,40458,10
12.8450098038,80.2266464233,40458,40468,10
12.844209671,80.2267227173,40468,40478,10
12.8431396484,80.2268676758,40478,40488,10
12.8419704437,80.2270965576,40488,40498,10
12.8413600922,80.2272796631,40498,40509,11
12.841219902,80.2273330688,40509,40519,10
12.840929985,80.2274093628,40519,40589,70
12.8405599594,80.2275390625,40589,40610,21
12.8405599594,80.2275390625,40610,40620,10
12.8403196335,80.2276229858,40620,40660,40
12.8403196335,80.2276229858,40660,40670,10
12.8402004242,80.2276229858,40670,40680,10
12.8399600983,80.2276763916,40680,40691,11
12.8397197723,80.2277526855,40691,40701,10
12.8391504288,80.2278900146,40701,40711,10
12.8382902145,80.2281036377,40711,40721,10
12.837269783,80.2283096313,40721,40731,10
12.8360500336,80.2284698486,40731,40741,10
12.8347797394,80.2286529541,40741,40751,10
12.8334598541,80.2288894653,40751,40761,10
12.8327302933,80.229019165,40761,40771,10
12.8326501846,80.2290420532,40771,40782,11
12.8325195313,80.2290725708,40782,40792,10
12.8322601318,80.2291107178,40792,40802,10
12.8322000504,80.229133606,40802,40812,10
12.8318395615,80.2292175293,40812,40822,10
12.8315496445,80.2288208008,40822,40842,20
12.8315496445,80.2288208008,40842,40852,10
12.8315200806,80.2285690308,40852,40862,10
12.8313999176,80.2279586792,40862,40873,11
12.8311796188,80.2269973755,40873,40883,10
12.8310499191,80.2258605957,40883,40893,10
12.8310499191,80.2248001099,40893,40903,10
12.8310499191,80.2245025635,40903,40913,10
12.8310499191,80.2238311768,40913,40923,10
12.8310604095,80.2229003906,40923,40933,10
12.8310699463,80.2222518921,40933,40943,10
12.8310604095,80.2218475342,40943,40953,10
12.8310403824,80.2210769653,40953,40964,11
12.8310203552,80.2199172974,40964,40974,10
12.8309698105,80.219543457,40974,40984,10
12.8304595947,80.2194595337,40984,40994,10
12.8296098709,80.2194976807,40994,41004,10
12.8285102844,80.2195281982,41004,41014,10
12.8275499344,80.2195205688,41014,41044,30
12.8275499344,80.2195205688,41044,41055,11
12.8273696899,80.2194900513,41055,41065,10
12.8267097473,80.2195129395,41065,41075,10
12.8261003494,80.2194976807,41075,41085,10
12.8257303238,80.2194900513,41085,41095,10
12.8256902695,80.2194900513,41095,41105,10
12.8253698349,80.2194595337,41105,41115,10
12.8246002197,80.2194519043,41115,41125,10
12.8235397339,80.2194671631,41125,41135,10
12.8229398727,80.2194900513,41135,41146,11
12.8227996826,80.2194595337,41146,41156,10
12.8226699829,80.2191162109,41156,41166,10
12.8226604462,80.2188186646,41166,41176,10
12.8226299286,80.2181167603,41176,41186,10
12.8226804733,80.2160797119,41186,41196,10
12.8226804733,80.2160797119,41196,41206,10
12.8229398727,80.2159805298,41206,41216,10
12.8231601715,80.2159805298,41216,41226,10
12.8237600327,80.2159881592,41226,41237,11
12.8247203827,80.216003418,41237,41257,20
12.8247203827,80.216003418,41257,41270,13
12.8252096176,80.2159805298,41270,41637,367
12.8252096176,80.2159805298,41637,41647,10
12.8253297806,80.2159576416,41647,41657,10
12.8256797791,80.2160110474,41657,41667,10
12.8258800507,80.2161483765,41667,41677,10
12.8259000778,80.2166824341,41677,41688,11
12.8259000778,80.2174682617,41688,41698,10
12.8258895874,80.2184524536,41698,41708,10
12.8258895874,80.2192382813,41708,41718,10
12.8259601593,80.219367981,41718,41728,10
12.8266401291,80.2193908691,41728,41738,10
12.827340126,80.2193984985,41738,41748,10
12.827580452,80.2193603516,41748,41758,10
12.8278398514,80.2193832397,41758,41768,10
12.8283596039,80.2193832397,41768,41779,11
12.8292598724,80.2193832397,41779,41789,10
12.8302202225,80.2194213867,41789,41799,10
12.8308296204,80.2194595337,41799,41809,10
12.8311100006,80.2196121216,41809,41819,10
12.8311300278,80.2202529907,41819,41829,10
12.8311195374,80.2212524414,41829,41839,10
12.8311395645,80.2220916748,41839,41849,10
12.8311500549,80.2224197388,41849,41859,10
12.8311500549,80.2232208252,41859,41870,11
12.8311395645,80.224357605,41870,41880,10
12.8311300278,80.2247161865,41880,41890,10
12.8311100006,80.2253036499,41890,41900,10
12.8311100006,80.2259597778,41900,41910,10
12.8312196732,80.2268981934,41910,41920,10
12.8314399719,80.2280502319,41920,41930,10
12.8316602707,80.229019165,41930,41940,10
12.8319301605,80.2291107178,41940,41950,10
12.8324699402,80.2289962769,41950,41961,11
12.8333997726,80.228843689,41961,41971,10
12.8345403671,80.2286376953,41971,41981,10
12.8357400894,80.2284469604,41981,41991,10
12.8369598389,80.2282562256,41991,42001,10
12.838139534,80.2280502319,42001,42011,10
12.839050293,80.2278137207,42011,42021,10
12.8394498825,80.2276687622,42021,42031,10
12.839630127,80.2276306152,42031,42041,10
12.8402996063,80.2274932861,42041,42052,11
12.841340065,80.2272033691,42052,42062,10
12.842499733,80.2269897461,42062,42072,10
12.8437700272,80.2267913818,42072,42082,10
12.8454399109,80.226600647,42082,42102,20
12.8454399109,80.226600647,42102,42112,10
12.8457403183,80.226600647,42112,42122,10
12.8461704254,80.2265777588,42122,42132,10
12.8468904495,80.2265625,42132,42143,11
12.8479795456,80.2265625,42143,42153,10
12.8491296768,80.2265625,42153,42163,10
12.8503398895,80.2265396118,42163,42173,10
12.8517198563,80.2265777588,42173,42183,10
12.8531503677,80.2266235352,42183,42193,10
12.8545503616,80.2264862061,42193,42203,10
12.8559303284,80.2263412476,42203,42213,10
12.8570804596,80.2262573242,42213,42223,10
12.8582201004,80.2261734009,42223,42234,11
12.8592395782,80.2262802124,42234,42244,10
12.8603801727,80.2264480591,42244,42254,10
12.8606996536,80.2264785767,42254,42264,10
12.8610601425,80.2265014648,42264,42274,10
12.8618497849,80.2265014648,42274,42284,10
12.8629703522,80.2264633179,42284,42294,10
12.8640003204,80.2265014648,42294,42304,10
12.8655900955,80.2265396118,42304,42314,10
12.8668899536,80.2264633179,42314,42325,11
12.868350029,80.2263183594,42325,42335,10
12.8696899414,80.2264404297,42335,42345,10
12.8710002899,80.2265701294,42345,42355,10
12.8721504211,80.2266082764,42355,42365,10
12.8728399277,80.2266235352,42365,42375,10
12.872879982,80.2266235352,42375,42385,10
12.8729600906,80.2266235352,42385,42395,10
12.8733196259,80.2266311646,42395,42405,10
12.8735103607,80.2266387939,42405,42416,11
12.874250412,80.2267227173,42416,42426,10
12.8752202988,80.226852417,42426,42436,10
12.8762102127,80.2268981934,42436,42446,10
12.8763999939,80.2268829346,42446,42456,10
12.876660347,80.226852417,42456,42466,10
12.8767204285,80.2268371582,42466,42476,10
12.8771400452,80.2268066406,42476,42486,10
12.8778896332,80.2267379761,42486,42496,10
12.8788204193,80.2266921997,42496,42507,11
12.8801498413,80.2266616821,42507,42517,10
12.8814401627,80.2266616821,42517,42527,10
12.8827800751,80.2266616821,42527,42537,10
12.8840999603,80.2266464233,42537,42547,10
12.8850097656,80.2266235352,42547,42557,10
12.8850698471,80.2266235352,42557,42567,10
12.8853998184,80.2266769409,42567,42577,10
12.8861703873,80.2268981934,42577,42587,10
12.8872203827,80.2271499634,42587,42598,11
12.8886003494,80.2272872925,42598,42608,10
12.8899803162,80.2272796631,42608,42618,10
12.8913097382,80.2272720337,42618,42628,10
12.8922595978,80.2273025513,42628,42638,10
12.8930597305,80.2273864746,42638,42648,10
12.894109726,80.2275238037,42648,42658,10
12.8953399658,80.2275924683,42658,42668,10
12.8966999054,80.2276382446,42668,42678,10
12.8979597092,80.227722168,42678,42689,11
12.8988800049,80.2277526855,42689,42699,10
12.8990898132,80.2277832031,42699,42709,10
12.8993301392,80.2278137207,42709,42719,10
12.8999700546,80.2278594971,42719,42729,10
12.9008197784,80.2279129028,42729,42739,10
12.9014101028,80.2279281616,42739,42749,10
12.9020595551,80.2279434204,42749,42759,10
12.9024200439,80.2279586792,42759,42769,10
12.9024896622,80.2279891968,42769,42780,11
12.9029302597,80.2279815674,42780,42790,10
12.9036102295,80.2280273438,42790,42800,10
12.9044904709,80.2280807495,42800,42810,10
12.9059801102,80.2281417847,42810,42860,50
12.9059801102,80.2281417847,42860,42871,11
12.9062004089,80.2282409668,42871,42881,10
12.9065303802,80.2282485962,42881,42891,10
12.9068202972,80.2282562256,42891,42901,10
12.9073600769,80.2283172607,42901,42911,10
12.9081401825,80.2284164429,42911,42921,10
12.9091901779,80.2285919189,42921,42931,10
12.9103097916,80.2287826538,42931,42941,10
12.9114704132,80.2289505005,42941,42951,10
12.9126596451,80.2291183472,42951,42962,11
12.9137096405,80.2292709351,42962,42972,10
12.9141902924,80.229347229,42972,42982,10
12.9145097733,80.2293395996,42982,42992,10
12.914899826,80.2293701172,42992,43002,10
12.9157400131,80.2295227051,43002,43012,10
12.9169301987,80.2296905518,43012,43022,10
12.9184303284,80.2299118042,43022,43032,10
12.9200201035,80.2301177979,43032,43042,10
12.9215602875,80.2303085327,43042,43053,11
12.9231395721,80.2305374146,43053,43063,10
12.9244804382,80.2306976318,43063,43073,10
12.925359726,80.2308273315,43073,43083,10
12.9263496399,80.2309494019,43083,43093,10
12.9273700714,80.2310714722,43093,43103,10
12.9281797409,80.2311935425,43103,43113,10
12.9285402298,80.2312393188,43113,43123,10
12.9288396835,80.2312927246,43123,43133,10
12.9295396805,80.2314224243,43133,43144,11
12.9305095673,80.2316436768,43144,43154,10
12.931599617,80.2319488525,43154,43164,10
12.9327402115,80.2323379517,43164,43174,10
12.9335403442,80.2326583862,43174,43194,20
12.9335403442,80.2326583862,43194,43204,10
12.9338302612,80.2328033447,43204,43214,10
12.9345998764,80.2331619263,43214,43224,10
12.9354600906,80.2335205078,43224,43235,11
12.9363298416,80.2339630127,43235,43245,10
12.937379837,80.2344665527,43245,43255,10
12.9384803772,80.2350006104,43255,43265,10
12.9396800995,80.2355804443,43265,43285,20
12.9396800995,80.2355804443,43285,43295,10
12.9401798248,80.2357788086,43295,43305,10
12.940990448,80.2360229492,43305,43315,10
12.9419202805,80.2362594604,43315,43326,11
12.9430704117,80.2367477417,43326,43336,10
12.943980217,80.2376327515,43336,43346,10
12.944899559,80.2386169434,43346,43356,10
12.9458599091,80.2394104004,43356,43366,10
12.9468603134,80.2398300171,43366,43376,10
12.9476203918,80.2401275635,43376,43386,10
12.9485797882,80.2405014038,43386,43417,31
12.9485797882,80.2405014038,43417,43427,10
12.9486198425,80.2405014038,43427,43437,10
12.9490299225,80.2406387329,43437,43447,10
12.9497098923,80.2409133911,43447,43457,10
12.9504995346,80.2411499023,43457,43467,10
12.9510803223,80.2413635254,43467,43477,10
12.9518098831,80.241607666,43477,43487,10
12.9526796341,80.2419433594,43487,43497,10
12.9537801743,80.2423477173,43497,43518,21
12.9537801743,80.2423477173,43518,43528,10
12.9540996552,80.2425079346,43528,43538,10
12.9547300339,80.2427368164,43538,43548,10
12.9553804398,80.242980957,43548,43558,10
12.9561500549,80.2432098389,43558,43568,10
12.9564304352,80.243309021,43568,43578,10
12.9565200806,80.2433166504,43578,43588,10
12.9569797516,80.2435684204,43588,43599,11
12.9576301575,80.243888855,43599,43609,10
12.9584302902,80.2442169189,43609,43619,10
12.9593296051,80.2445983887,43619,43629,10
12.9603395462,80.2450637817,43629,43639,10
12.9615802765,80.2456588745,43639,43649,10
12.9627799988,80.2462463379,43649,43659,10
12.9637098312,80.246711731,43659,43669,10
12.9645595551,80.2470397949,43669,43679,10
12.9653902054,80.2472763062,43679,43690,11
12.9661502838,80.2475967407,43690,43700,10
12.9665803909,80.2477874756,43700,43710,10
12.9667596817,80.2478485107,43710,43720,10
12.9667797089,80.2478713989,43720,43730,10
12.9670600891,80.2480316162,43730,43740,10
12.9676704407,80.248298645,43740,43750,10
12.9684801102,80.2486190796,43750,43760,10
12.9693098068,80.2489395142,43760,43770,10
12.970199585,80.2492904663,43770,43780,10
12.971280098,80.249671936,43780,43791,11
12.9726104736,80.250038147,43791,43801,10
12.9738397598,80.2503890991,43801,43811,10
12.9751195908,80.2507476807,43811,43821,10
12.9764795303,80.2511291504,43821,43831,10
12.9776096344,80.2516403198,43831,43841,10
12.9783401489,80.2521820068,43841,43851,10
12.9785203934,80.252281189,43851,43861,10
12.9789199829,80.2524795532,43861,43871,10
12.9794998169,80.252571106,43871,43912,41
12.9794998169,80.252571106,43912,43922,10
12.9794998169,80.2525787354,43922,43932,10
12.97976017,80.2526092529,43932,43942,10
12.9802799225,80.2526168823,43942,43952,10
12.9809598923,80.2525863647,43952,43962,10
12.9819202423,80.2525863647,43962,43973,11
12.9830799103,80.252532959,43973,43983,10
12.9840698242,80.2522964478,43983,43993,10
12.9847898483,80.2520980835,43993,44003,10
12.9853496552,80.2519378662,44003,44013,10
12.9859304428,80.2517776489,44013,44023,10
12.9864301682,80.2516708374,44023,44033,10
12.9869604111,80.2515411377,44033,44043,10
12.9873304367,80.2514190674,44043,44053,10
12.9878196716,80.2513198853,44053,44064,11
12.9886198044,80.251121521,44064,44074,10
12.9893598557,80.2509002686,44074,44084,10
12.9895200729,80.2508773804,44084,44094,10
12.9900197983,80.2507781982,44094,44104,10
12.9908103943,80.2505874634,44104,44114,10
12.9918603897,80.250328064,44114,44124,10
12.9930496216,80.2500305176,44124,44134,10
12.9943304062,80.2497024536,44134,44144,10
12.9956197739,80.2493896484,44144,44155,11
12.9970502853,80.2490386963,44155,44165,10
12.9983997345,80.2487030029,44165,44175,10
12.9997797012,80.248336792,44175,44185,10
13.0011796951,80.2479782104,44185,44195,10
13.0024299622,80.2476730347,44195,44205,10
13.0035400391,80.2474822998,44205,44215,10
13.0046796799,80.2473297119,44215,44225,10
13.0057401657,80.2471389771,44225,44235,10
13.0064001083,80.2465591431,44235,44256,21
13.0064001083,80.2465591431,44256,44266,10
13.0065402985,80.2461013794,44266,44276,10
13.0065803528,80.2457580566,44276,44286,10
13.0066099167,80.2454528809,44286,44296,10
13.0066604614,80.2451934814,44296,44306,10
13.0066404343,80.2448883057,44306,44316,10
13.0065898895,80.2446594238,44316,44326,10
13.0066404343,80.2444000244,44326,44337,11
13.0066900253,80.2439193726,44337,44347,10
13.0066604614,80.2437210083,44347,44357,10
13.0066204071,80.2432937622,44357,44367,10
13.0066204071,80.2426071167,44367,44377,10
13.0066204071,80.2417602539,44377,44387,10
13.0066299438,80.2413635254,44387,44397,10
13.0066795349,80.2407608032,44397,44428,31
13.0066795349,80.2407608032,44428,44438,10
13.0066404343,80.2405319214,44438,44448,10
13.0067501068,80.2402420044,44448,44458,10
13.0069303513,80.2395324707,44458,44468,10
13.0070695877,80.2388381958,44468,44478,10
13.0073099136,80.2375335693,44478,44488,10
13.007399559,80.2369003296,44488,44498,10
13.0074596405,80.2367401123,44498,44508,10
13.0075998306,80.2361602783,44508,44519,11
13.0077695847,80.2352218628,44519,44529,10
13.0079898834,80.23412323,44529,44539,10
13.0082597733,80.2328186035,44539,44549,10
13.0085201263,80.2314605713,44549,44559,10
13.0087604523,80.2301177979,44559,44568,9
13.0089797974,80.229057312,44568,44579,11
13.0092401505,80.2281036377,44579,44589,10
13.00963974,80.2272720337,44589,44599,10
13.009929657,80.2264022827,44599,44610,11
13.0103702545,80.2256622314,44610,44620,10
13.0104799271,80.2254714966,44620,44630,10
13.0106401443,80.2251205444,44630,44640,10
13.0108003616,80.2245635986,44640,44650,10
13.0110197067,80.2238388062,44650,44670,20
13.0110197067,80.2238388062,44670,44680,10
13.0110197067,80.2234802246,44680,44690,10
13.0112695694,80.2229919434,44690,44701,11
13.0116500854,80.2221221924,44701,44711,10
13.0121002197,80.2214431763,44711,44720,9
13.0123796463,80.2215423584,44720,44731,11
13.0127496719,80.2220611572,44731,44741,10
13.0132703781,80.222618103,44741,44751,10
13.0138196945,80.223197937,44751,44761,10
13.0142097473,80.2237091064,44761,44771,10
13.014670372,80.2241897583,44771,44781,10
13.015130043,80.2246704102,44781,44792,11
13.0151901245,80.2247619629,44792,44802,10
13.015370369,80.224937439,44802,44811,9
13.0157499313,80.225227356,44811,44822,11
13.0164699554,80.2253112793,44822,44832,10
13.0172996521,80.2249908447,44832,44842,10
13.0181903839,80.224609375,44842,44852,10
13.0194101334,80.2243423462,44852,44872,20
13.0194997787,80.2244033813,44872,44893,21
13.0194997787,80.2244033813,44893,44903,10
13.0199203491,80.2247161865,44903,44913,10
13.0204200745,80.2250823975,44913,44923,10
13.0208797455,80.225402832,44923,44933,10
13.0214195251,80.2258224487,44933,44943,10
13.0221004486,80.2263183594,44943,44953,10
13.0228099823,80.2269287109,44953,44963,10
13.0233898163,80.2274780273,44963,44974,11
13.0239400864,80.2279891968,44974,44984,10
13.0242595673,80.2283096313,44984,45054,70
13.0242595673,80.2283096313,45054,45065,11
13.0244398117,80.2285614014,45065,45075,10
13.0241603851,80.2285232544,45075,45085,10
13.0240097046,80.2283172607,45085,45095,10
13.0239095688,80.2281570435,45095,45105,10
13.023440361,80.227722168,45105,45267,162
13.023440361,80.227722168,45267,45277,10
13.023349762,80.2275390625,45277,45287,10
13.0232400894,80.2274169922,45287,45297,10
13.0230798721,80.2272796631,45297,45307,10
13.0227403641,80.2269668579,45307,45327,20
13.0227403641,80.2269668579,45327,45338,11
13.022600174,80.226852417,45338,45348,10
13.0223903656,80.2266464233,45348,45358,10
13.0221996307,80.2264785767,45358,45368,10
13.0219602585,80.2262878418,45368,45378,10
13.0215101242,80.2259368896,45378,45388,10
13.0211000443,80.2256011963,45388,45398,10
13.0205402374,80.2252426147,45398,45418,20
13.0205402374,80.2252426147,45418,45429,11
13.0203104019,80.2250823975,45429,45439,10
13.0199098587,80.2248077393,45439,45449,10
13.0192403793,80.2245330811,45449,45459,10
13.0184497833,80.2246932983,45459,45469,10
13.0175895691,80.2250289917,45469,45479,10
13.0167102814,80.2253875732,45479,45489,10
13.0164203644,80.2254867554,45489,45499,10
13.0159797668,80.2256393433,45499,45509,10
13.0152902603,80.2258987427,45509,45520,11
13.0145101547,80.2262268066,45520,45530,10
13.014380455,80.2262878418,45530,45540,10
13.0140895844,80.2264022827,45540,45550,10
13.0134296417,80.2266235352,45550,45560,10
13.0124998093,80.2269821167,45560,45570,10
13.0114803314,80.2274093628,45570,45580,10
13.0102701187,80.227897644,45580,45590,10
13.0093297958,80.2283706665,45590,45600,10
13.0090198517,80.2291793823,45600,45611,11
13.0087003708,80.2303771973,45611,45621,10
13.0084104538,80.2316131592,45621,45631,10
13.0081596375,80.2326965332,45631,45641,10
13.0080699921,80.2333984375,45641,45651,10
13.0078897476,80.234413147,45651,45661,10
13.0076999664,80.2353973389,45661,45671,10
13.007519722,80.236366272,45671,45681,10
13.0073795319,80.2372589111,45681,45691,10
13.007229805,80.2380523682,45691,45702,11
13.0070695877,80.2388000488,45702,45712,10
13.0069599152,80.2394714355,45712,45722,10
13.0068302155,80.2401428223,45722,45732,10
13.0066604614,80.2409973145,45732,45742,10
13.0065898895,80.2419967651,45742,45752,10
13.0065202713,80.2429885864,45752,45762,10
13.006480217,80.2437973022,45762,45772,10
13.0064697266,80.2444076538,45772,45782,10
13.0065603256,80.2450027466,45782,45803,21
13.0065603256,80.2450027466,45803,45813,10
13.0066404343,80.245262146,45813,45823,10
13.0066604614,80.2455368042,45823,45833,10
13.0066795349,80.2459182739,45833,45843,10
13.0066995621,80.2464981079,45843,45853,10
13.0066900253,80.2471923828,45853,45863,10
13.0061302185,80.2473907471,45863,45884,21
13.0061302185,80.2473907471,45884,45894,10
13.0057601929,80.2473220825,45894,45904,10
13.0052900314,80.2473220825,45904,45914,10
13.0044698715,80.2473983765,45914,45924,10
13.0033903122,80.2475814819,45924,45934,10
13.0023202896,80.2478103638,45934,45944,10
13.0012903214,80.2480697632,45944,45954,10
13.0000095367,80.2483825684,45954,45964,10
12.9987001419,80.2487182617,45964,45975,11
12.9981002808,80.2489013672,45975,45985,10
12.9979000092,80.2489471436,45985,45995,10
12.9972896576,80.2490921021,45995,46005,10
12.9962997437,80.2493362427,46005,46015,10
12.9951000214,80.2496414185,46015,46025,10
12.9937400818,80.25,46025,46035,10
12.9924097061,80.250289917,46035,46045,10
12.9913196564,80.250579834,46045,46055,10
12.9909601212,80.2506790161,46055,46066,11
12.9907398224,80.2507171631,46066,46076,10
12.990070343,80.250869751,46076,46086,10
12.9896297455,80.2509689331,46086,46096,10
12.9896202087,80.2509613037,46096,46106,10
12.9895200729,80.2509307861,46106,46116,10
12.9892597198,80.2509918213,46116,46227,111
12.9892597198,80.2509918213,46227,46237,10
12.9888696671,80.2510070801,46237,46248,11
12.9884004593,80.251159668,46248,46258,10
12.9879999161,80.2513198853,46258,46268,10
12.9877099991,80.2514419556,46268,46278,10
12.9873199463,80.2515563965,46278,46288,10
12.9870595932,80.2516479492,46288,46298,10
12.9868602753,80.251701355,46298,46308,10
12.9865198135,80.2517929077,46308,46318,10
12.986120224,80.2518768311,46318,46328,10
12.9854202271,80.2520599365,46328,46339,11
12.9842996597,80.2523574829,46339,46349,10
12.9830303192,80.2526397705,46349,46359,10
12.9815502167,80.2526931763,46359,46369,10
12.9803600311,80.2528076172,46369,46389,20
12.9803600311,80.2528076172,46389,46399,10
12.9801702499,80.2527618408,46399,46409,10
12.9796895981,80.2527313232,46409,46419,10
12.9790401459,80.2526779175,46419,46430,11
12.9786596298,80.2526092529,46430,46440,10
12.9785003662,80.2524871826,46440,46450,10
12.9779195786,80.2520217896,46450,46460,10
12.9770402908,80.251449585,46460,46470,10
12.9757604599,80.2510528564,46470,46480,10
12.9743204117,80.2506332397,46480,46490,10
12.972869873,80.25025177,46490,46500,10
12.9715003967,80.2498779297,46500,46510,10
12.9701900482,80.2494277954,46510,46521,11
12.9687795639,80.2489013672,46521,46531,10
12.967590332,80.2484893799,46531,46541,10
12.9666204453,80.2480392456,46541,46551,10
12.9657802582,80.2476501465,46551,46561,10
12.9651203156,80.2474365234,46561,46571,10
12.965089798,80.247428894,46571,46581,10
12.9649000168,80.2473526001,46581,46591,10
12.964389801,80.2471237183,46591,46601,10
12.9638900757,80.2469177246,46601,46612,11
12.9633903503,80.246673584,46612,46622,10
12.9625501633,80.2462921143,46622,46632,10
12.9614696503,80.2457427979,46632,46642,10
12.9603004456,80.2452163696,46642,46652,10
12.959400177,80.2448501587,46652,46662,10
12.9592399597,80.244758606,46662,46672,10
12.9588098526,80.2445373535,46672,46682,10
12.9580402374,80.2442169189,46682,46692,10
12.9573497772,80.2439575195,46692,46703,11
12.9567203522,80.2438201904,46703,46794,91
12.9567203522,80.2438201904,46794,46804,10
12.9562797546,80.2437133789,46804,46814,10
12.9558696747,80.2434463501,46814,46824,10
12.9551095963,80.2430267334,46824,46834,10
12.9541301727,80.2426071167,46834,46844,10
12.9532899857,80.2422637939,46844,46854,10
12.9523000717,80.2418823242,46854,46864,10
12.9518699646,80.2417373657,46864,46874,10
12.9517002106,80.2416687012,46874,46885,11
12.9510297775,80.2414169312,46885,46895,10
12.9501304626,80.2411575317,46895,46905,10
12.9491701126,80.2408905029,46905,46915,10
12.9483098984,80.2405090332,46915,46925,10
12.9473800659,80.2400894165,46925,46935,10
12.9468002319,80.2399215698,46935,46945,10
12.946680069,80.2398834229,46945,46955,10
12.9462404251,80.2396774292,46955,46965,10
12.9454698563,80.2393112183,46965,46976,11
12.9445800781,80.2385025024,46976,46986,10
12.9436998367,80.2375411987,46986,46996,10
12.9428596497,80.2367401123,46996,47006,10
12.9418201447,80.236328125,47006,47016,10
12.9406404495,80.2360534668,47016,47026,10
12.9398097992,80.2358016968,47026,47036,10
12.9397001266,80.235748291,47036,47046,10
12.9392995834,80.2355575562,47046,47056,10
12.9385700226,80.2351989746,47056,47067,11
12.9375095367,80.2346878052,47067,47077,10
12.9362897873,80.2341003418,47077,47087,10
12.9350700378,80.2335281372,47087,47097,10
12.9340200424,80.2331008911,47097,47107,10
12.933930397,80.233039856,47107,47117,10
12.9337997437,80.232963562,47117,47127,10
12.9331998825,80.2326889038,47127,47137,10
12.9323301315,80.2323379517,47137,47147,10
12.9312200546,80.2319412231,47147,47158,11
12.9297895432,80.2315368652,47158,47168,10
12.9284000397,80.2312698364,47168,47178,10
12.9269895554,80.2310791016,47178,47188,10
12.9257698059,80.2309494019,47188,47198,10
12.9244403839,80.2307815552,47198,47208,10
12.9230203629,80.2305908203,47208,47218,10
12.9215898514,80.2303619385,47218,47228,10
12.9202203751,80.2301864624,47228,47238,10
12.9189596176,80.2300186157,47238,47248,10
12.9177398682,80.2298812866,47248,47259,11
12.9162902832,80.2296829224,47259,47269,10
12.9149999619,80.2295303345,47269,47279,10
12.9139499664,80.2293777466,47279,47289,10
12.9132204056,80.2293014526,47289,47299,10
12.9131298065,80.2292785645,47299,47309,10
12.9126396179,80.2291870117,47309,47319,10
12.9117298126,80.229057312,47319,47329,10
12.910610199,80.2288894653,47329,47339,10
12.9092102051,80.2286605835,47339,47350,11
12.9079399109,80.2284622192,47350,47360,10
12.9071102142,80.2283477783,47360,47380,20
12.9071102142,80.2283477783,47380,47390,10
12.9069595337,80.2283172607,47390,47400,10
12.9066400528,80.2282714844,47400,47410,10
12.9061899185,80.2282028198,47410,47420,10
12.9054698944,80.2281799316,47420,47430,10
12.9045495987,80.2281417847,47430,47441,11
12.9034700394,80.2280807495,47441,47451,10
12.9023504257,80.2280273438,47451,47461,10
12.9012002945,80.2279586792,47461,47471,10
12.9004402161,80.2279129028,47471,47481,10
12.9001398087,80.2279205322,47481,47491,10
12.8998804092,80.2278671265,47491,47501,10
12.8994102478,80.2278366089,47501,47511,10
12.8992004395,80.2278594971,47511,47521,10
12.8989295959,80.2278366089,47521,47532,11
12.8981704712,80.2277984619,47532,47542,10
12.8971996307,80.2277374268,47542,47552,10
12.8959302902,80.2276992798,47552,47562,10
12.8945703506,80.2276306152,47562,47572,10
12.893239975,80.2274932861,47572,47582,10
12.8923797607,80.2274169922,47582,47592,10
12.891579628,80.2273635864,47592,47602,10
12.8903999329,80.2273712158,47602,47612,10
12.8890304565,80.2273788452,47612,47623,11
12.887720108,80.2272872925,47623,47633,10
12.8865003586,80.2270812988,47633,47643,10
12.8847703934,80.2267532349,47643,47663,20
12.8847703934,80.2267532349,47663,47673,10
12.8844804764,80.2267379761,47673,47683,10
12.8838100433,80.2267303467,47683,47693,10
12.8828201294,80.2267379761,47693,47703,10
12.8815402985,80.2267303467,47703,47714,11
12.8799600601,80.2267532349,47714,47724,10
12.8784799576,80.2267990112,47724,47734,10
12.8772201538,80.2269134521,47734,47744,10
12.8768796921,80.2269821167,47744,47754,10
12.8767995834,80.2269973755,47754,47764,10
12.8766803741,80.2269973755,47764,47774,10
12.8765802383,80.2269973755,47774,47784,10
12.8761796951,80.2269973755,47784,47794,10
12.8754997253,80.2269668579,47794,47805,11
12.8744897842,80.2268600464,47805,47815,10
12.8734197617,80.2267379761,47815,47825,10
12.8728504181,80.2267303467,47825,47835,10
12.8726396561,80.2266998291,47835,47845,10
12.872010231,80.2266998291,47845,47855,10
12.8713598251,80.2266921997,47855,47865,10
12.8710403442,80.2266616821,47865,47875,10
12.8703603745,80.226600647,47875,47885,10
12.8694200516,80.2265090942,47885,47896,11
12.8681001663,80.2264328003,47896,47906,10
12.8667001724,80.2265625,47906,47916,10
12.8652296066,80.2266235352,47916,47926,10
12.8636703491,80.2265625,47926,47936,10
12.8621702194,80.226600647,47936,47946,10
12.8610801697,80.2266311646,47946,47956,10
12.8609304428,80.2266387939,47956,47966,10
12.8604402542,80.2265777588,47966,47976,10
12.8596000671,80.2264480591,47976,47987,11
12.8584604263,80.2262802124,47987,47997,10
12.857339859,80.2263183594,47997,48007,10
12.8560600281,80.2264480591,48007,48017,10
12.8547000885,80.2265930176,48017,48027,10
12.8533096313,80.2267303467,48027,48037,10
12.8519496918,80.2267303467,48037,48047,10
12.8505802155,80.2266693115,48047,48057,10
12.8498001099,80.2266387939,48057,48067,10
12.8497400284,80.2266387939,48067,48078,11
12.849149704,80.2266082764,48078,48088,10
12.8482198715,80.2266235352,48088,48098,10
12.8469800949,80.2266311646,48098,48108,10
12.8458299637,80.2266235352,48108,48118,10
12.8454504013,80.2266387939,48118,48128,10
12.8452396393,80.226600647,48128,48138,10
12.8445196152,80.2266464233,48138,48148,10
12.8434801102,80.2267227173,48148,48158,10
12.8420801163,80.2270278931,48158,48169,11
12.8405504227,80.2274475098,48169,48179,10
12.839969635,80.2276382446,48179,48189,10
12.8394804001,80.2277832031,48189,48199,10
12.8386497498,80.2279815674,48199,48209,10
12.8374996185,80.2282333374,48209,48219,10
12.836139679,80.2284393311,48219,48229,10
12.8346300125,80.2286605835,48229,48239,10
12.8330001831,80.2289505005,48239,48249,10
12.8318996429,80.2291793823,48249,48260,11
12.8316602707,80.2292022705,48260,48270,10
12.8315296173,80.228767395,48270,48290,20
12.8315296173,80.228767395,48290,48300,10
12.8315200806,80.2285995483,48300,48310,10
12.831410408,80.2280273438,48310,48320,10
12.8312397003,80.227180481,48320,48330,10
12.8310403824,80.22605896,48330,48340,10
12.8310499191,80.2249221802,48340,48351,11
12.8310604095,80.2245635986,48351,48361,10
12.8310699463,80.2239379883,48361,48371,10
12.8310804367,80.2230377197,48371,48381,10
12.8310804367,80.2222976685,48381,48391,10
12.8310699463,80.2220077515,48391,48401,10
12.8310699463,80.2213363647,48401,48411,10
12.8311004639,80.2205429077,48411,48421,10
12.8311004639,80.2198791504,48421,48431,10
12.8310203552,80.2195281982,48431,48442,11
12.8303804398,80.2194366455,48442,48452,10
12.8294696808,80.2194519043,48452,48462,10
12.8283700943,80.2194671631,48462,48472,10
12.8275098801,80.2194824219,48472,48492,20
12.8275098801,80.2194824219,48492,48502,10
12.8271799088,80.2194366455,48502,48512,10
12.8265199661,80.2194595337,48512,48522,10
12.8260698318,80.2194366455,48522,48533,11
12.8257102966,80.2194519043,48533,48543,10
12.8254699707,80.2194366455,48543,48553,10
12.8247900009,80.2194519043,48553,48563,10
12.8238096237,80.2194366455,48563,48573,10
12.8229598999,80.2194366455,48573,48583,10
12.8228797913,80.2194366455,48583,48593,10
12.8226003647,80.2192230225,48593,48603,10
12.8225603104,80.2189025879,48603,48613,10
12.8226003647,80.2184371948,48613,48624,11
12.822640419,80.2174835205,48624,48634,10
12.8226699829,80.216468811,48634,48644,10
12.8228797913,80.215927124,48644,48654,10
12.8231401443,80.2159729004,48654,48664,10
12.8235197067,80.2159805298,48664,48674,10
12.8240203857,80.2159805298,48674,48684,10
12.824259758,80.2159729004,48684,50504,1820
12.824259758,80.2159729004,50504,50515,11
12.8245601654,80.2160186768,50515,50525,10
12.8246803284,80.2160263062,50525,50535,10
12.8250999451,80.2160186768,50535,50545,10
12.8256397247,80.2160415649,50545,50555,10
12.8258399963,80.2161407471,50555,50565,10
12.8258895874,80.2166976929,50565,50576,11
12.8258895874,80.2174301147,50576,50586,10
12.8258895874,80.2184524536,50586,50596,10
12.8258800507,80.21925354,50596,50607,11
12.8260698318,80.2193908691,50607,50617,10
12.8266401291,80.2193908691,50617,50627,10
12.827460289,80.2193832397,50627,50647,20
12.827460289,80.2193832397,50647,50657,10
12.827580452,80.2193832397,50657,50667,10
12.82791996,80.2193832397,50667,50677,10
12.8285903931,80.2193527222,50677,50687,10
12.829460144,80.2193832397,50687,50698,11
12.8305597305,80.2193984985,50698,50708,10
12.8309497833,80.2193908691,50708,50718,10
12.8311901093,80.2197036743,50718,50728,10
12.8311796188,80.2200698853,50728,50738,10
12.8311395645,80.2208023071,50738,50748,10
12.8311300278,80.2217712402,50748,50758,10
12.8311300278,80.22215271,50758,50768,10
12.8311395645,80.2227096558,50768,50778,10
12.8311395645,80.2236099243,50778,50789,11
12.8311395645,80.2245483398,50789,50799,10
12.8311300278,80.224861145,50799,50809,10
12.8311195374,80.2255325317,50809,50819,10
12.8311595917,80.2264404297,50819,50829,10
12.8313703537,80.2275619507,50829,50839,10
12.8316202164,80.2286911011,50839,50848,9
12.8317499161,80.2291107178,50848,50859,11
12.831870079,80.229133606,50859,50869,10
12.8323602676,80.2290115356,50869,50880,11
12.8332004547,80.2288513184,50880,50890,10
12.8342399597,80.2286834717,50890,50900,10
12.8354997635,80.228477478,50900,50910,10
12.8367795944,80.2282867432,50910,50920,10
12.8380002975,80.2280807495,50920,50930,10
12.8389701843,80.2278366089,50930,50940,10
12.8394403458,80.2276916504,50940,50960,20
12.8394403458,80.2276916504,50960,50971,11
12.839969635,80.2275390625,50971,50981,10
12.8406896591,80.2273635864,50981,50991,10
12.841629982,80.2270965576,50991,51001,10
12.8428201675,80.2268600464,51001,51011,10
12.8440999985,80.2266693115,51011,51021,10
12.8451795578,80.2265396118,51021,51031,10
12.8453798294,80.2265167236,51031,51041,10
12.8455495834,80.2265167236,51041,51051,10
12.845700264,80.2265014648,51051,51062,11
12.8460597992,80.2265319824,51062,51072,10
12.8468198776,80.2265396118,51072,51082,10
12.8478603363,80.2265396118,51082,51092,10
12.8491296768,80.2265014648,51092,51102,10
12.8500003815,80.2265014648,51102,51112,10
12.8500404358,80.2264862061,51112,51122,10
12.8501195908,80.2264862061,51122,51132,10
12.8504695892,80.2265014648,51132,51142,10
12.8511600494,80.2265319824,51142,51153,11
12.8521404266,80.226600647,51153,51163,10
12.8531198502,80.2266235352,51163,51173,10
12.8541002274,80.2265396118,51173,51183,10
12.8550796509,80.2264404297,51183,51193,10
12.8560495377,80.2263412476,51193,51203,10
12.8570604324,80.2262191772,51203,51213,10
12.8580799103,80.2261734009,51213,51223,10
12.8589801788,80.2262420654,51223,51233,10
12.8600702286,80.2264099121,51233,51244,11
12.8608198166,80.2264709473,51244,51254,10
12.8609304428,80.2264785767,51254,51264,10
12.8614196777,80.2265167236,51264,51274,10
12.8623399734,80.2264633179,51274,51284,10
12.8634796143,80.2264404297,51284,51294,10
12.864859581,80.2265014648,51294,51304,10
12.8661298752,80.2264785767,51304,51314,10
12.8668603897,80.2264480591,51314,51324,10
12.8676700592,80.226348877,51324,51335,11
12.8688802719,80.2263412476,51335,51345,10
12.8702001572,80.2265014648,51345,51355,10
12.8715400696,80.2265930176,51355,51365,10
12.8726301193,80.2266082764,51365,51375,10
12.8729095459,80.2266082764,51375,51385,10
12.873049736,80.2266235352,51385,51395,10
12.8736200333,80.2266464233,51395,51405,10
12.8745603561,80.2267608643,51405,51415,10
12.8757400513,80.226890564,51415,51426,11
12.876449585,80.226890564,51426,51436,10
12.8766002655,80.2268829346,51436,51446,10
12.8767204285,80.226852417,51446,51456,10
12.8771400452,80.2268218994,51456,51466,10
12.8779497147,80.2267608643,51466,51476,10
12.8790397644,80.2266921997,51476,51486,10
12.8803796768,80.2266921997,51486,51496,10
12.8818702698,80.2266693115,51496,51506,10
12.8833398819,80.2266616821,51506,51517,11
12.8847999573,80.2266235352,51517,51527,10
12.885219574,80.2266387939,51527,51537,10
12.8853197098,80.2266616821,51537,51547,10
12.8858804703,80.2267913818,51547,51557,10
12.886759758,80.2270202637,51557,51567,10
12.8879098892,80.2272186279,51567,51577,10
12.8892602921,80.2272796631,51577,51587,10
12.8907003403,80.2272796631,51587,51597,10
12.8920297623,80.2273025513,51597,51608,11
12.8932695389,80.2274017334,51608,51618,10
12.8945999146,80.2275466919,51618,51628,10
12.8960103989,80.2276306152,51628,51638,10
12.8974895477,80.2276992798,51638,51648,10
12.8989601135,80.2277832031,51648,51658,10
12.9007396698,80.2278594971,51658,51739,81
12.9007396698,80.2278594971,51739,51749,10
12.900850296,80.2278518677,51749,51759,10
12.9012298584,80.2278366089,51759,51769,10
12.9019098282,80.2278823853,51769,51779,10
12.902589798,80.2279205322,51779,51810,31
12.902589798,80.2279205322,51810,51820,10
12.9027099609,80.227897644,51820,51830,10
12.9031400681,80.2279281616,51830,51840,10
12.9039297104,80.2279891968,51840,51850,10
12.9049501419,80.2280578613,51850,51860,10
12.9062700272,80.2281265259,51860,51881,21
12.9062700272,80.2281265259,51881,51891,10
12.9064998627,80.2281494141,51891,51901,10
12.9068803787,80.2281799316,51901,51911,10
12.9070796967,80.2282180786,51911,51921,10
12.9075298309,80.2282791138,51921,51931,10
12.9086303711,80.2284622192,51931,51941,10
12.9098396301,80.2286605835,51941,51951,10
12.9112300873,80.2288894653,51951,51961,10
12.9126396179,80.2290878296,51961,51972,11
12.9139003754,80.2292404175,51972,51982,10
12.9140300751,80.2292480469,51982,51992,10
12.9144096375,80.2293167114,51992,52002,10
12.9152097702,80.2294464111,52002,52012,10
12.9163103104,80.229598999,52012,52022,10
12.9175796509,80.2297592163,52022,52032,10
12.9189500809,80.2299499512,52032,52042,10
12.9203996658,80.230140686,52042,52052,10
12.9218101501,80.2303237915,52052,52063,11
12.9233703613,80.2305603027,52063,52073,10
12.9248199463,80.2307434082,52073,52083,10
12.9261598587,80.2309112549,52083,52093,10
12.9275197983,80.2310714722,52093,52103,10
12.9288797379,80.2312469482,52103,52113,10
12.9301700592,80.2315673828,52113,52123,10
12.9315595627,80.2319793701,52123,52133,10
12.9329204559,80.232421875,52133,52143,10
12.9336900711,80.2327194214,52143,52154,11
12.9337902069,80.2327270508,52154,52164,10
12.9341602325,80.2329177856,52164,52174,10
12.9349298477,80.2332611084,52174,52184,10
12.935669899,80.2335968018,52184,52194,10
12.9364004135,80.2340011597,52194,52204,10
12.9373598099,80.2344665527,52204,52214,10
12.9382896423,80.2349090576,52214,52224,10
12.939620018,80.2355422974,52224,52234,10
12.9397802353,80.2356262207,52234,52245,11
12.9400196075,80.2357635498,52245,52255,10
12.9407300949,80.2359619141,52255,52265,10
12.941740036,80.2361907959,52265,52275,10
12.9428796768,80.2366104126,52275,52285,10
12.9438400269,80.2374801636,52285,52295,10
12.9448003769,80.2385406494,52295,52305,10
12.9459104538,80.2393798828,52305,52315,10
12.9470796585,80.2398376465,52315,52325,10
12.947429657,80.2399902344,52325,52335,10
12.9476900101,80.2400970459,52335,52346,11
12.9483203888,80.2403793335,52346,52356,10
12.9486904144,80.2405166626,52356,52366,10
12.9491996765,80.240737915,52366,52376,10
12.9497699738,80.2409210205,52376,52386,10
12.9503602982,80.2410888672,52386,52396,10
12.9511003494,80.241317749,52396,52406,10
12.9512395859,80.2414093018,52406,52416,10
12.9518098831,80.2416229248,52416,52427,11
12.9526901245,80.2420120239,52427,52437,10
12.9537096024,80.2423706055,52437,52447,10
12.954580307,80.2426986694,52447,52457,10
12.9552297592,80.2429504395,52457,52467,10
12.9563102722,80.2434082031,52467,52487,20
12.9563102722,80.2434082031,52487,52497,10
12.9566402435,80.2435379028,52497,52507,10
12.9573802948,80.2438430786,52507,52517,10
12.9583396912,80.2441864014,52517,52528,11
12.9589300156,80.244430542,52528,52538,10
12.9591197968,80.2445220947,52538,52548,10
12.9596395493,80.244758606,52548,52558,10
12.9604301453,80.2451171875,52558,52568,10
12.9614295959,80.2455978394,52568,52578,10
12.9624795914,80.2461013794,52578,52588,10
12.9631004333,80.2464599609,52588,52619,31
12.9631004333,80.2464599609,52619,52629,10
12.9633102417,80.2463989258,52629,52639,10
12.963640213,80.24659729,52639,52649,10
12.964220047,80.2468795776,52649,52659,10
12.9649295807,80.2471389771,52659,52669,10
12.9657297134,80.2474136353,52669,52679,10
12.9665203094,80.247718811,52679,52689,10
12.9669599533,80.2479171753,52689,52700,11
12.9669599533,80.2479324341,52700,52710,10
12.9671802521,80.2481002808,52710,52720,10
12.9678897858,80.2483978271,52720,52730,10
12.9687795639,80.2486877441,52730,52740,10
12.9699201584,80.249168396,52740,52750,10
12.971159935,80.2496414185,52750,52760,10
12.9723901749,80.2499694824,52760,52770,10
12.9735603333,80.2502822876,52770,52780,10
12.9747104645,80.2506027222,52780,52790,10
12.9759502411,80.2509536743,52790,52801,11
12.9772500992,80.2513427734,52801,52811,10
12.9781599045,80.2520294189,52811,52821,10
12.9785900116,80.2522964478,52821,52831,10
12.9787302017,80.2523880005,52831,52841,10
12.9792900085,80.2525405884,52841,52851,10
12.9797801971,80.2525787354,52851,52922,71
12.9797801971,80.2525787354,52922,52932,10
12.9801197052,80.252571106,52932,52942,10
12.9807500839,80.2525405884,52942,52952,10
12.9815196991,80.2525405884,52952,52962,10
12.9824304581,80.2525177002,52962,52973,11
12.9835596085,80.2524108887,52973,52983,10
12.9846601486,80.2520980835,52983,52993,10
12.9856700897,80.2518310547,52993,53003,10
12.986240387,80.251701355,53003,53013,10
12.9866600037,80.2516098022,53013,53023,10
12.9874801636,80.2513580322,53023,53033,10
12.9884796143,80.251121521,53033,53043,10
12.98939991,80.2508392334,53043,53053,10
12.989569664,80.250831604,53053,53064,11
12.9898700714,80.2508163452,53064,53074,10
12.9905195236,80.2506637573,53074,53084,10
12.9913797379,80.2504272461,53084,53094,10
12.9924297333,80.2501525879,53094,53104,10
12.9936304092,80.2498168945,53104,53114,10
12.9947900772,80.2495193481,53114,53124,10
12.9957103729,80.2493133545,53124,53134,10
12.9965400696,80.249168396,53134,53144,10
12.9967699051,80.2490768433,53144,53154,10
12.9974002838,80.2489013672,53154,53165,11
12.9983797073,80.2486572266,53165,53175,10
12.9994897842,80.2483978271,53175,53185,10
13.0006904602,80.2480926514,53185,53195,10
13.0017995834,80.2478179932,53195,53205,10
13.0025901794,80.2476272583,53205,53215,10
13.0034799576,80.2474594116,53215,53225,10
13.0044403076,80.2473220825,53225,53235,10
13.0052404404,80.2471618652,53235,53245,10
13.0059299469,80.2469787598,53245,53256,11
13.0063199997,80.2466583252,53256,53266,10
13.006360054,80.2466278076,53266,53276,10
13.0065202713,80.2463684082,53276,53286,10
13.0065898895,80.2457504272,53286,53296,10
13.0066099167,80.2453536987,53296,53306,10
13.0066204071,80.2451171875,53306,53316,10
13.0065898895,80.244758606,53316,53326,10
13.0066604614,80.2445678711,53326,53336,10
13.0066404343,80.2441329956,53336,53347,11
13.0066299438,80.2437896729,53347,53357,10
13.0066099167,80.2433319092,53357,53367,10
13.0066003799,80.2426681519,53367,53377,10
13.0066003799,80.2416610718,53377,53387,10
13.0066404343,80.2408370972,53387,53397,10
13.0067195892,80.2404632568,53397,53407,10
13.0067796707,80.2401428223,53407,53417,10
13.0068998337,80.2396774292,53417,53427,10
13.0070199966,80.2390365601,53427,53438,11
13.0071201324,80.23828125,53438,53448,10
13.0072097778,80.2379379272,53448,53458,10
13.007349968,80.2373504639,53458,53468,10
13.0074100494,80.2367935181,53468,53478,10
13.0074396133,80.236656189,53478,53488,10
13.0075597763,80.2362670898,53488,53498,10
13.0077104568,80.2356033325,53498,53508,10
13.0078802109,80.2347183228,53508,53518,10
13.0081100464,80.2336425781,53518,53529,11
13.008310318,80.2324676514,53529,53539,10
13.0084896088,80.2315979004,53539,53549,10
13.0086603165,80.2307434082,53549,53559,10
13.0088596344,80.2297973633,53559,53569,10
13.0090799332,80.2286605835,53569,53579,10
13.0095100403,80.2274932861,53579,53589,10
13.0100097656,80.2263565063,53589,53599,10
13.0104198456,80.2256164551,53599,53609,10
13.0104799271,80.2254714966,53609,53620,11
13.0106601715,80.2250823975,53620,53630,10
13.0108299255,80.2246322632,53630,53640,10
13.0110998154,80.2239837646,53640,53650,10
13.0112400055,80.2234573364,53650,53660,10
13.0114898682,80.2228317261,53660,53670,10
13.0118598938,80.2220306396,53670,53680,10
13.0122404099,80.2214584351,53680,53690,10
13.0124502182,80.2216491699,53690,53700,10
13.0128202438,80.2221374512,53700,53711,11
13.0133495331,80.2227783203,53711,53721,10
13.0138502121,80.2233581543,53721,53731,10
13.0143098831,80.2238616943,53731,53741,10
13.0147800446,80.2244033813,53741,53751,10
13.0150403976,80.2246170044,53751,53761,10
13.0153102875,80.2248306274,53761,53771,10
13.0154800415,80.2249679565,53771,53781,10
13.0155601501,80.2250213623,53781,53791,10
13.0158700943,80.225227356,53791,53802,11
13.0166397095,80.2252120972,53802,53812,10
13.017490387,80.2248764038,53812,53822,10
13.0184001923,80.2245178223,53822,53832,10
13.019490242,80.2243270874,53832,53852,20
13.019490242,80.2243270874,53852,53862,10
13.0196695328,80.2244873047,53862,53872,10
13.0201196671,80.2248077393,53872,53882,10
13.02064991,80.2251815796,53882,53893,11
13.0210599899,80.2254867554,53893,53903,10
13.0213499069,80.2257232666,53903,53963,60
13.0213499069,80.2257232666,53963,53973,10
13.0216197968,80.2258987427,53973,53984,11
13.0218601227,80.2261123657,53984,53994,10
13.0222396851,80.2264022827,53994,54004,10
13.0226802826,80.2267990112,54004,54014,10
13.0231800079,80.2272720337,54014,54024,10
13.0236101151,80.2276611328,54024,54034,10
13.024020195,80.2280502319,54034,54044,10
13.0242996216,80.2283401489,54044,54095,51
13.0242996216,80.2283401489,54095,54105,10
13.0242900848,80.2285385132,54105,54115,10
13.024140358,80.2284927368,54115,54125,10
13.0239601135,80.2282485962,54125,54135,10
13.0237703323,80.2279891968,54135,54145,10
13.0235500336,80.2277908325,54145,54469,324
13.0232896805,80.2275466919,54469,54509,40
13.0232896805,80.2275466919,54509,54520,11
13.0232601166,80.2275238037,54520,54530,10
13.0230503082,80.2272872925,54530,54540,10
13.0227003098,80.2269363403,54540,54550,10
13.0226097107,80.2268371582,54550,54560,10
13.0223398209,80.2265777588,54560,54570,10
13.0218496323,80.2261734009,54570,54580,10
13.0212802887,80.2257080078,54580,54590,10
13.02064991,80.2252197266,54590,54600,10
13.0199298859,80.2247619629,54600,54611,11
13.0190200806,80.2244491577,54611,54621,10
13.018119812,80.2247619629,54621,54631,10
13.0172195435,80.225151062,54631,54641,10
13.0164403915,80.225479126,54641,54651,10
13.0159597397,80.2256317139,54651,54661,10
13.0154399872,80.2258224487,54661,54671,10
13.014840126,80.2260894775,54671,54681,10
13.0143899918,80.226272583,54681,54691,10
13.0143404007,80.2262802124,54691,54702,11
13.0142002106,80.2263717651,54702,54712,10
13.0137996674,80.2265090942,54712,54722,10
13.0131998062,80.2267303467,54722,54732,10
13.0124797821,80.2269897461,54732,54742,10
13.0117397308,80.2273025513,54742,54752,10
13.0108604431,80.2276306152,54752,54762,10
13.0099697113,80.228012085,54762,54772,10
13.00922966,80.2284927368,54772,54782,10
13.0090103149,80.2293167114,54782,54793,11
13.0087795258,80.2304763794,54793,54803,10
13.0085697174,80.2314682007,54803,54813,10
13.0083904266,80.232421875,54813,54823,10
13.0082502365,80.2335586548,54823,54843,20
13.0082502365,80.2335586548,54843,54853,10
13.0081501007,80.2338867188,54853,54863,10
13.0080404282,80.2344818115,54863,54873,10
13.0078802109,80.2351913452,54873,54884,11
13.0077295303,80.2359390259,54884,54894,10
13.007519722,80.2369308472,54894,54904,10
13.0073099136,80.2379837036,54904,54914,10
13.0071201324,80.2389373779,54914,54924,10
13.0068798065,80.2400436401,54924,54995,71
13.0068798065,80.2400436401,54995,55005,10
13.0068998337,80.2402420044,55005,55015,10
13.006819725,80.2406387329,55015,55025,10
13.0067501068,80.2412185669,55025,55035,10
13.0067195892,80.2421722412,55035,55045,10
13.0067195892,80.2431335449,55045,55055,10
13.0067195892,80.2440032959,55055,55066,11
13.0067195892,80.2449874878,55066,55076,10
13.0067195892,80.2457122803,55076,55086,10
13.0067596436,80.2464294434,55086,55096,10
13.0067596436,80.2469863892,55096,55106,10
13.0067300797,80.2471466064,55106,55116,10
13.0064401627,80.2473297119,55116,55126,10
13.0060596466,80.2474212646,55126,55146,20
13.0060596466,80.2474212646,55146,55157,11
13.0057601929,80.2474517822,55157,55167,10
13.0051803589,80.247428894,55167,55177,10
13.0043802261,80.247467041,55177,55187,10
13.0034103394,80.2475967407,55187,55197,10
13.0026397705,80.247718811,55197,55207,10
13.0022201538,80.2478485107,55207,55217,10
13.0015201569,80.2480316162,55217,55227,10
13.0006504059,80.2482376099,55227,55237,10
12.9995498657,80.2485198975,55237,55248,11
12.9984397888,80.2488098145,55248,55258,10
12.9982204437,80.2488479614,55258,55268,10
12.998049736,80.2488937378,55268,55278,10
12.9974803925,80.2490386963,55278,55288,10
12.9966602325,80.2492599487,55288,55298,10
12.9956197739,80.2495422363,55298,55308,10
12.9944295883,80.2498397827,55308,55318,10
12.9932003021,80.2501296997,55318,55328,10
12.9919595718,80.2504272461,55328,55339,11
12.9910202026,80.2507095337,55339,55349,10
12.9909200668,80.2507171631,55349,55359,10
12.9907302856,80.2507400513,55359,55369,10
12.9902000427,80.2509231567,55369,55379,10
12.9894895554,80.2511291504,55379,55480,101
12.9894895554,80.2511291504,55480,55490,10
12.989109993,80.2511978149,55490,55500,10
12.9885597229,80.2513504028,55500,55510,10
12.9881601334,80.2514724731,55510,55642,132
12.9881601334,80.2514724731,55642,55652,10
12.9880199432,80.2514724731,55652,55662,10
12.9877300262,80.2515029907,55662,55672,10
12.9871702194,80.2516403198,55672,55682,10
12.9865198135,80.2518310547,55682,55692,10
12.9858598709,80.2519683838,55692,55703,11
12.9848003387,80.2522506714,55703,55713,10
12.9836902618,80.2525405884,55713,55723,10
12.9825401306,80.2526931763,55723,55733,10
12.981300354,80.2527236938,55733,55743,10
12.9802103043,80.252822876,55743,55763,20
12.9802103043,80.252822876,55763,55773,10
12.9799499512,80.2528076172,55773,55783,10
12.9797401428,80.2527923584,55783,55794,11
12.9791698456,80.2527084351,55794,55804,10
12.978679657,80.2526321411,55804,55814,10
12.9785804749,80.2525787354,55814,55824,10
12.978219986,80.2523193359,55824,55834,10
12.9774599075,80.251663208,55834,55844,10
12.9764499664,80.2512283325,55844,55854,10
12.9753398895,80.2509002686,55854,55864,10
12.9741802216,80.250579834,55864,55874,10
12.9729995728,80.2502670288,55874,55885,11
12.9716396332,80.2499084473,55885,55895,10
12.9705295563,80.2496032715,55895,55905,10
12.9694299698,80.249168396,55905,55915,10
12.96833992,80.2486801147,55915,55925,10
12.9673204422,80.2482681274,55925,55935,10
12.9664897919,80.2478790283,55935,55945,10
12.9656496048,80.2475280762,55945,55955,10
12.9652395248,80.2473831177,55955,55965,10
12.9651002884,80.2473297119,55965,55976,11
12.9646196365,80.247177124,55976,55986,10
12.9639501572,80.2469482422,55986,55996,10
12.9633398056,80.2466888428,55996,56006,10
12.9624996185,80.2462768555,56006,56016,10
12.9614896774,80.2457733154,56016,56026,10
12.9604797363,80.2452926636,56026,56036,10
12.9597797394,80.244972229,56036,56046,10
12.9590902328,80.2446517944,56046,56056,10
12.9583301544,80.2443237305,56056,56067,11
12.9575796127,80.2440490723,56067,56077,10
12.9570503235,80.2439117432,56077,56087,10
12.9567804337,80.2438430786,56087,56137,50
12.9567804337,80.2438430786,56137,56147,10
12.9563999176,80.2437591553,56147,56158,11
12.9559602737,80.2435302734,56158,56168,10
12.9552602768,80.2431564331,56168,56178,10
12.9544897079,80.2427978516,56178,56188,10
12.9535598755,80.242401123,56188,56198,10
12.9525203705,80.2419891357,56198,56208,10
12.9519100189,80.2417602539,56208,56218,10
12.9518899918,80.2417602539,56218,56228,10
12.9515600204,80.2416381836,56228,56238,10
12.9508199692,80.2413711548,56238,56249,11
12.9497699738,80.2410736084,56249,56259,10
12.9489603043,80.2407989502,56259,56269,10
12.9481897354,80.2404632568,56269,56279,10
12.9474802017,80.2401809692,56279,56289,10
12.9473600388,80.2401275635,56289,56299,10
12.9472999573,80.2400970459,56299,56309,10
12.9469099045,80.2399597168,56309,56319,10
12.9461898804,80.2396621704,56319,56329,10
12.9453201294,80.2392272949,56329,56340,11
12.9444799423,80.2384033203,56340,56350,10
12.9436903,80.2375335693,56350,56360,10
12.9427604675,80.2367095947,56360,56370,10
12.9414997101,80.2362670898,56370,56380,10
12.9403295517,80.2359771729,56380,56390,10
12.9398603439,80.2358474731,56390,56400,10
12.9398403168,80.2358474731,56400,56410,10
12.9394903183,80.2356491089,56410,56420,10
12.9387397766,80.2352905273,56420,56431,11
12.9377803802,80.2348403931,56431,56441,10
12.936750412,80.234336853,56441,56451,10
12.9357500076,80.2338485718,56451,56461,10
12.9347400665,80.2333984375,56461,56471,10
12.9340600967,80.2331085205,56471,56481,10
12.9339399338,80.2330322266,56481,56491,10
12.933429718,80.2328033447,56491,56501,10
12.9326095581,80.232460022,56501,56511,10
12.9315395355,80.2321014404,56511,56522,11
12.9304199219,80.2317428589,56522,56532,10
12.9294395447,80.2314987183,56532,56542,10
12.9289503098,80.2314071655,56542,56552,10
12.9284601212,80.2313079834,56552,56562,10
12.9275798798,80.2311630249,56562,56572,10
12.9264802933,80.2310409546,56572,56582,10
12.9253501892,80.2308883667,56582,56592,10
12.9241104126,80.2307434082,56592,56602,10
12.9229602814,80.2305908203,56602,56613,11
12.921620369,80.2303771973,56613,56623,10
12.9203796387,80.23021698,56623,56633,10
12.9192399979,80.2300796509,56633,56643,10
12.9181098938,80.2299423218,56643,56653,10
12.9169301987,80.2297821045,56653,56663,10
12.9157104492,80.2296066284,56663,56673,10
12.914349556,80.2294311523,56673,56683,10
12.9134502411,80.229347229,56683,56693,10
12.9133996964,80.2293395996,56693,56704,11
12.9129199982,80.2292480469,56704,56714,10
12.9120702744,80.229133606,56714,56724,10
12.9109601974,80.2289733887,56724,56734,10
12.9097003937,80.228767395,56734,56744,10
12.9085597992,80.2285919189,56744,56754,10
12.9073200226,80.2283935547,56754,56795,41
12.9073200226,80.2283935547,56795,56805,10
12.9069900513,80.2283172607,56805,56815,10
12.9064998627,80.2283096313,56815,56825,10
12.90625,80.2282791138,56825,56835,10
12.9059200287,80.2282791138,56835,56845,10
12.9051399231,80.2282409668,56845,56855,10
12.9040803909,80.2281570435,56855,56865,10
12.9028997421,80.2281036377,56865,56875,10
12.9019203186,80.2280502319,56875,56886,11
12.9014902115,80.228012085,56886,56896,10
12.9010295868,80.2279815674,56896,56906,10
12.9004001617,80.2279281616,56906,56916,10
12.8998098373,80.2279205322,56916,56926,10
12.8994703293,80.227897644,56926,56936,10
12.8990602493,80.2279129028,56936,56946,10
12.8988800049,80.2278900146,56946,56956,10
12.8983097076,80.2278289795,56956,56966,10
12.8975000381,80.2277679443,56966,56977,11
12.8963098526,80.2277297974,56977,56987,10
12.8950796127,80.2276763916,56987,56997,10
12.8938302994,80.2275924683,56997,57007,10
12.8927602768,80.2274780273,57007,57017,10
12.8925304413,80.2274475098,57017,57027,10
12.8923797607,80.227432251,57027,57037,10
12.8918104172,80.2274017334,57037,57047,10
12.8909196854,80.2274017334,57047,57057,10
12.889749527,80.2273788452,57057,57068,11
12.8882799149,80.2273406982,57068,57078,10
12.8869400024,80.227180481,57078,57088,10
12.8856697083,80.2268676758,57088,57098,10
12.8847503662,80.2267379761,57098,57108,10
12.8845596313,80.2267379761,57108,57118,10
12.8840503693,80.2267532349,57118,57128,10
12.8832197189,80.2267608643,57128,57138,10
12.8821001053,80.2267684937,57138,57148,10
12.8809404373,80.2267837524,57148,57158,10
12.8794803619,80.2267990112,57158,57169,11
12.8780097961,80.2268829346,57169,57179,10
12.8768796921,80.2269821167,57179,57189,10
12.8763999939,80.2270126343,57189,57199,10
12.8761997223,80.2270126343,57199,57209,10
12.875579834,80.2269897461,57209,57219,10
12.8746900558,80.226890564,57219,57229,10
12.8737401962,80.2267608643,57229,57239,10
12.8727903366,80.2267303467,57239,57249,10
12.8716602325,80.2267074585,57249,57260,11
12.870349884,80.2266387939,57260,57270,10
12.8690595627,80.2265014648,57270,57280,10
12.8677196503,80.2264633179,57280,57290,10
12.8664798737,80.2265777588,57290,57300,10
12.8652601242,80.2266235352,57300,57310,10
12.8639698029,80.2265701294,57310,57320,10
12.8625802994,80.2265625,57320,57330,10
12.8613100052,80.2266311646,57330,57340,10
12.8610200882,80.2266311646,57340,57351,11
12.8608102798,80.2266082764,57351,57361,10
12.8601799011,80.2265167236,57361,57371,10
12.8592395782,80.2263870239,57371,57381,10
12.8583202362,80.2262878418,57381,57391,10
12.8571796417,80.2263183594,57391,57401,10
12.8558197021,80.2264633179,57401,57411,10
12.8543901443,80.2266082764,57411,57421,10
12.8529996872,80.2267379761,57421,57431,10
12.8515996933,80.2266998291,57431,57442,11
12.8500795364,80.2266235352,57442,57452,10
12.8486604691,80.2266235352,57452,57462,10
12.8472099304,80.2266235352,57462,57472,10
12.8459501266,80.2266464233,57472,57482,10
12.8454399109,80.2266693115,57482,57492,10
12.8453798294,80.2266464233,57492,57502,10
12.8449897766,80.2266769409,57502,57512,10
12.8443403244,80.2267227173,57512,57522,10
12.8434801102,80.2268218994,57522,57533,11
12.8422298431,80.2270431519,57533,57543,10
12.840929985,80.2273483276,57543,57553,10
12.8401002884,80.2275695801,57553,57563,10
12.8396701813,80.2276611328,57563,57573,10
12.8393001556,80.2277679443,57573,57583,10
12.8383102417,80.2280578613,57583,57593,10
12.8372001648,80.2282867432,57593,57603,10
12.8359003067,80.2285003662,57603,57613,10
12.834569931,80.2286987305,57613,57624,11
12.8331604004,80.2289581299,57624,57634,10
12.8324604034,80.2291107178,57634,57644,10
12.8322601318,80.2291564941,57644,57654,10
12.8319501877,80.2291870117,57654,57664,10
12.8316698074,80.2292480469,57664,57674,10
12.8310403824,80.2294387817,57674,57684,10
12.8301200867,80.2297821045,57684,57694,10
12.8290100098,80.23021698,57694,57704,10
12.8278598785,80.2308731079,57704,57715,11
12.82654953,80.2313537598,57715,57725,10
12.8252696991,80.2314376831,57725,57735,10
12.8240699768,80.2312393188,57735,57745,10
12.8228902817,80.2308807373,57745,57755,10
12.8218097687,80.2305603027,57755,57765,10
12.8207597733,80.2304534912,57765,57775,10
12.8198003769,80.2304763794,57775,57785,10
12.8190002441,80.2305221558,57785,57795,10
12.8188800812,80.2304992676,57795,57806,11
12.8184204102,80.2303009033,57806,57816,10
12.8183202744,80.2302627563,57816,57826,10
12.818189621,80.2301864624,57826,57836,10
12.8177099228,80.2299575806,57836,57846,10
12.8168802261,80.229637146,57846,57856,10
12.8157501221,80.2294082642,57856,57866,10
12.8144197464,80.2292175293,57866,57876,10
12.8131599426,80.2288665771,57876,57886,10
12.8118400574,80.2284011841,57886,57897,11
12.8102998734,80.2277984619,57897,57907,10
12.8090000153,80.227142334,57907,57917,10
12.8078699112,80.2261962891,57917,57927,10
12.8069601059,80.2254180908,57927,57937,10
12.8063402176,80.2248687744,57937,57947,10
12.8057804108,80.2243881226,57947,57957,10
12.8053302765,80.2241210938,57957,57967,10
12.8048000336,80.2239990234,57967,57977,10
12.8041801453,80.2239379883,57977,57988,11
12.8033895493,80.2238769531,57988,57998,10
12.802570343,80.2237930298,57998,58008,10
12.8016996384,80.2236862183,58008,58018,10
12.8010702133,80.2236328125,58018,58028,10
12.8005199432,80.2235717773,58028,58038,10
12.8000097275,80.2235336304,58038,58048,10
12.7992696762,80.2234725952,58048,58058,10
12.7982397079,80.2233428955,58058,58068,10
12.7971801758,80.223197937,58068,58079,11
12.7962303162,80.2230377197,58079,58089,10
12.7958097458,80.2229690552,58089,58099,10
12.795630455,80.2229309082,58099,58109,10
12.7949800491,80.2227935791,58109,58119,10
12.7939901352,80.2226409912,58119,58129,10
12.7927904129,80.2224731445,58129,58139,10
12.7915201187,80.2221908569,58139,58149,10
12.7903795242,80.2219161987,58149,58159,10
12.7896203995,80.2217102051,58159,58170,11
12.7889699936,80.2214431763,58170,58180,10
12.7883796692,80.2212219238,58180,58190,10
12.788310051,80.2211990356,58190,58200,10
12.7880802155,80.2210922241,58200,58210,10
12.7878599167,80.2210083008,58210,58261,51
12.7878599167,80.2210083008,58261,58271,10
12.7875900269,80.2209472656,58271,58281,10
12.7875795364,80.2209396362,58281,58291,10
12.787320137,80.2208404541,58291,58321,30
12.787320137,80.2208404541,58321,58331,10
12.7871198654,80.220741272,58331,58341,10
12.7866601944,80.2205734253,58341,58362,21
12.7866601944,80.2205734253,58362,58372,10
12.7865800858,80.2205429077,58372,58382,10
12.7862701416,80.2204208374,58382,58392,10
12.786190033,80.2205123901,58392,58402,10
12.7861995697,80.2207565308,58402,58412,10
12.7862300873,80.2210235596,58412,58422,10
12.7862300873,80.2213973999,58422,58432,10
12.7862796783,80.2216491699,58432,58443,11
12.7862901688,80.2219467163,58443,59059,616
12.7861995697,80.2219009399,59059,59605,546
12.7861995697,80.2219009399,59605,59616,11
12.7862300873,80.2215805054,59616,59626,10
12.7861995697,80.221321106,59626,59636,10
12.7861995697,80.2208633423,59636,59727,91
12.7862300873,80.2204589844,59727,59767,40
12.7862300873,80.2204589844,59767,59777,10
12.7866096497,80.220489502,59777,59798,21
12.7866096497,80.220489502,59798,59808,10
12.7867603302,80.2205734253,59808,59818,10
12.7870998383,80.2206878662,59818,59828,10
12.787560463,80.2208633423,59828,59838,10
12.7878398895,80.2209625244,59838,59848,10
12.7883195877,80.2211303711,59848,59858,10
12.7890195847,80.2213897705,59858,59868,10
12.7894496918,80.2215576172,59868,59878,10
12.7897701263,80.2216873169,59878,59889,11
12.7903995514,80.221862793,59889,59899,10
12.7912397385,80.2220687866,59899,59909,10
12.7923402786,80.2223205566,59909,59919,10
12.7936401367,80.2225189209,59919,59929,10
12.7945995331,80.2226715088,59929,59939,10
12.7953901291,80.2228088379,59939,59949,10
12.7960796356,80.2228927612,59949,59969,20
12.7960796356,80.2228927612,59969,59980,11
12.7963399887,80.2229385376,59980,59990,10
12.7968997955,80.2230606079,59990,60000,10
12.7977800369,80.2232208252,60000,60010,10
12.7987604141,80.2233428955,60010,60020,10
12.7998600006,80.2234420776,60020,60030,10
12.8009595871,80.2235336304,60030,60050,20
12.8009595871,80.2235336304,60050,60060,10
12.8012695313,80.2235412598,60060,60071,11
12.8013601303,80.2235565186,60071,60081,10
12.80148983,80.2236099243,60081,60091,10
12.8018398285,80.2236328125,60091,60101,10
12.8025197983,80.2236862183,60101,60111,10
12.8032798767,80.2238006592,60111,60121,10
12.8041696548,80.2238616943,60121,60131,10
12.8048696518,80.2239379883,60131,60141,10
12.8052196503,80.2240066528,60141,60151,10
12.805560112,80.2241210938,60151,60162,11
12.8056201935,80.2242202759,60162,60172,10
12.8059196472,80.2244415283,60172,60182,10
12.8065099716,80.2249526978,60182,60192,10
12.807299614,80.2256469727,60192,60202,10
12.8082704544,80.2264633179,60202,60212,10
12.809419632,80.2273635864,60212,60222,10
12.8107004166,80.2279281616,60222,60232,10
12.811920166,80.2283782959,60232,60242,10
12.8130998611,80.2287979126,60242,60253,11
12.8141498566,80.229133606,60253,60263,10
12.815290451,80.2293319702,60263,60273,10
12.8164596558,80.2295074463,60273,60283,10
12.8173503876,80.2297363281,60283,60293,10
12.8181400299,80.2300872803,60293,60303,10
12.8189697266,80.230430603,60303,60313,10
12.8195199966,80.2304382324,60313,60323,10
12.8199300766,80.2304229736,60323,60333,10
12.820019722,80.2304229736,60333,60344,11
12.8206501007,80.2304077148,60344,60354,10
12.8216295242,80.23046875,60354,60364,10
12.8228397369,80.2307662964,60364,60374,10
12.8241796494,80.2311477661,60374,60384,10
12.8254995346,80.2313537598,60384,60394,10
12.826789856,80.231262207,60394,60404,10
12.82791996,80.2307891846,60404,60414,10
12.8289003372,80.2302627563,60414,60424,10
12.8297700882,80.229888916,60424,60435,11
12.8304195404,80.229637146,60435,60445,10
12.8310003281,80.2293930054,60445,60465,20
12.8310003281,80.2293930054,60465,60475,10
12.8311300278,80.2293167114,60475,60485,10
12.8314800262,80.2292404175,60485,60495,10
12.8316402435,80.2292098999,60495,60505,10
12.8319597244,80.229133606,60505,60515,10
12.8326597214,80.2289810181,60515,60526,11
12.8336400986,80.2288131714,60526,60536,10
12.8347997665,80.2286071777,60536,60546,10
12.8361196518,80.2284011841,60546,60556,10
12.8374795914,80.2281723022,60556,60566,10
12.8386802673,80.2279281616,60566,60576,10
12.8394098282,80.2277832031,60576,60596,20
12.8394098282,80.2277832031,60596,60606,10
12.8399896622,80.2276000977,60606,60617,11
12.8407802582,80.2273712158,60617,60627,10
12.8417797089,80.2271270752,60627,60637,10
12.8429002762,80.2268600464,60637,60647,10
12.8440198898,80.2266387939,60647,60657,10
12.8450698853,80.2265625,60657,60667,10
12.8454198837,80.2265014648,60667,60677,10
12.8454303741,80.2265014648,60677,60687,10
12.8455400467,80.2265167236,60687,60697,10
12.8459997177,80.2265014648,60697,60708,11
12.8468904495,80.2264862061,60708,60718,10
12.8479003906,80.2265014648,60718,60728,10
12.8490200043,80.2265014648,60728,60738,10
12.8498497009,80.2264862061,60738,60748,10
12.8499202728,80.2264785767,60748,60758,10
12.8502397537,80.2265014648,60758,60768,10
12.8508996964,80.2264709473,60768,60778,10
12.8518695831,80.2265319824,60778,60788,10
12.8530197144,80.2265777588,60788,60799,11
12.8543901443,80.2264633179,60799,60809,10
12.8556604385,80.2263412476,60809,60819,10
12.8569002151,80.2262191772,60819,60829,10
12.8576898575,80.2261581421,60829,60839,10
12.8577899933,80.2261505127,60839,60849,10
12.8579797745,80.2261428833,60849,60859,10
12.8581399918,80.2261428833,60859,60869,10
12.8582897186,80.2261810303,60869,60879,10
12.8584299088,80.2261810303,60879,60890,11
12.8588695526,80.2262191772,60890,60900,10
12.8596601486,80.2263412476,60900,60910,10
12.8606004715,80.2264785767,60910,60920,10
12.8607997894,80.2265014648,60920,60930,10
12.8610496521,80.2265090942,60930,60940,10
12.8617601395,80.2264862061,60940,60950,10
12.8625802994,80.2264633179,60950,60960,10
12.8635196686,80.2264404297,60960,60970,10
12.8647298813,80.2264862061,60970,60981,11
12.8662900925,80.2264862061,60981,60991,10
12.8677797318,80.226348877,60991,61001,10
12.8693199158,80.2264175415,61001,61011,10
12.8708600998,80.2265777588,61011,61021,10
12.872209549,80.2266235352,61021,61031,10
12.8728504181,80.2266235352,61031,61041,10
12.873000145,80.2266235352,61041,61051,10
12.8735704422,80.2266464233,61051,61061,10
12.8744697571,80.2267608643,61061,61072,11
12.8756799698,80.2268981934,61072,61082,10
12.8762702942,80.2268981934,61082,61092,10
12.8764801025,80.2269210815,61092,61102,10
12.8768196106,80.2268600464,61102,61112,10
12.8769397736,80.226852417,61112,61122,10
12.8774003983,80.2268066406,61122,61132,10
12.8781995773,80.2267532349,61132,61142,10
12.8792200089,80.2266998291,61142,61152,10
12.8804397583,80.2266693115,61152,61163,11
12.8819303513,80.2266769409,61163,61173,10
12.8832397461,80.2266693115,61173,61183,10
12.8843603134,80.2266464233,61183,61193,10
12.8847503662,80.2266387939,61193,61203,10
12.8850603104,80.2266464233,61203,61213,10
12.8853302002,80.2266616821,61213,61223,10
12.8855800629,80.2267227173,61223,61233,10
12.8862304688,80.2268981934,61233,61243,10
12.8871498108,80.227142334,61243,61254,11
12.8883800507,80.2273025513,61254,61264,10
12.8895196915,80.2273178101,61264,61274,10
12.8907699585,80.2273178101,61274,61284,10
12.8920097351,80.2273330688,61284,61294,10
12.8927898407,80.2273864746,61294,61304,10
12.8936500549,80.2275085449,61304,61314,10
12.8945503235,80.2276000977,61314,61324,10
12.8954601288,80.2276306152,61324,61334,10
12.8964996338,80.2276611328,61334,61345,11
12.8978300095,80.227722168,61345,61355,10
12.8988704681,80.2277832031,61355,61365,10
12.8997001648,80.2278213501,61365,61375,10
12.9004497528,80.2278366089,61375,61405,30
12.9004497528,80.2278366089,61405,61415,10
12.9006996155,80.2278518677,61415,61425,10
12.9011001587,80.2278900146,61425,61436,11
12.901720047,80.2279205322,61436,61446,10
12.9027004242,80.2279586792,61446,61466,20
12.9027004242,80.2279586792,61466,61476,10
12.9029397964,80.2279815674,61476,61486,10
12.9036102295,80.2280197144,61486,61496,10
12.9045600891,80.2280807495,61496,61506,10
12.9056501389,80.2281112671,61506,61527,21
12.9056501389,80.2281112671,61527,61537,10
12.9057598114,80.2281265259,61537,61547,10
12.9060401917,80.2281494141,61547,61557,10
12.9061002731,80.2281570435,61557,61567,10
12.906419754,80.2281799316,61567,61577,10
12.9067802429,80.2282180786,61577,61587,10
12.9068698883,80.2282409668,61587,61597,10
12.9073495865,80.2282867432,61597,61607,10
12.9081897736,80.2284317017,61607,61618,11
12.9092998505,80.2286071777,61618,61628,10
12.9103803635,80.2287826538,61628,61638,10
12.9114999771,80.2289581299,61638,61648,10
12.9126195908,80.2291183472,61648,61658,10
12.9137601852,80.2292480469,61658,61678,20
12.9137601852,80.2292480469,61678,61688,10
12.9141302109,80.229309082,61688,61698,10
12.9147796631,80.2293701172,61698,61709,11
12.9156799316,80.2295227051,61709,61719,10
12.9166698456,80.2296676636,61719,61729,10
12.9177398682,80.2297973633,61729,61739,10
12.9188995361,80.2299880981,61739,61749,10
12.9200401306,80.230140686,61749,61759,10
12.9212999344,80.2302932739,61759,61769,10
12.9226102829,80.2304916382,61769,61779,10
12.924030304,80.2307128906,61779,61789,10
12.9255895615,80.2308883667,61789,61800,11
12.9263896942,80.2309570313,61800,61810,10
12.9265203476,80.2309570313,61810,61820,10
12.9270601273,80.2310333252,61820,61830,10
12.9279203415,80.2311401367,61830,61840,10
12.9287996292,80.231262207,61840,61850,10
12.9295501709,80.2314224243,61850,61860,10
12.9304199219,80.2316436768,61860,61870,10
12.9315004349,80.2319869995,61870,61880,10
12.9326496124,80.2323684692,61880,61891,11
12.9334802628,80.2326889038,61891,61901,10
12.9335298538,80.232711792,61901,61911,10
12.9336204529,80.2327804565,61911,61921,10
12.9340600967,80.2329864502,61921,61931,10
12.9348402023,80.2333602905,61931,61941,10
12.9355802536,80.2337417603,61941,61951,10
12.9361896515,80.2340316772,61951,61961,10
12.9369497299,80.2344207764,61961,61971,10
12.9378995895,80.2349014282,61971,61982,11
12.9391202927,80.2354888916,61982,61992,10
12.9396600723,80.2357177734,61992,62002,10
12.9396896362,80.235748291,62002,62012,10
12.9397802353,80.2358093262,62012,62021,9
12.9402799606,80.2359695435,62021,62032,11
12.941280365,80.2362136841,62032,62042,10
12.9424200058,80.2365036011,62042,62052,10
12.9435300827,80.2372512817,62052,62062,10
12.9445495605,80.2383728027,62062,62073,11
12.9458398819,80.2394638062,62073,62083,10
12.9470300674,80.2399291992,62083,62093,10
12.9473304749,80.2400436401,62093,62103,10
12.9473495483,80.2400588989,62103,62113,10
12.9476995468,80.240196228,62113,62123,10
12.948340416,80.2404632568,62123,62133,10
12.9490003586,80.2407302856,62133,62143,10
12.9494695663,80.2408981323,62143,62153,10
12.9501399994,80.2410964966,62153,62164,11
12.9508600235,80.2413024902,62164,62174,10
12.9509000778,80.2413024902,62174,62184,10
12.9510602951,80.2413787842,62184,62194,10
12.9512796402,80.2414703369,62194,62204,10
12.951880455,80.2417068481,62204,62214,10
12.9527301788,80.2420196533,62214,62224,10
12.9536800385,80.2423782349,62224,62234,10
12.9541397095,80.2425537109,62234,62244,10
12.9547796249,80.2428131104,62244,62255,11
12.9554796219,80.2431030273,62255,62265,10
12.9559898376,80.2433013916,62265,62335,70
12.9559898376,80.2433013916,62335,62346,11
12.9565401077,80.243522644,62346,62356,10
12.9571504593,80.2437820435,62356,62366,10
12.957909584,80.2441101074,62366,62376,10
12.9586296082,80.244392395,62376,62386,10
12.9587802887,80.2444381714,62386,62396,10
12.9588603973,80.2444763184,62396,62406,10
12.9592504501,80.2447128296,62406,62416,10
12.9599199295,80.2450027466,62416,62426,10
12.9608001709,80.2453994751,62426,62437,11
12.9619598389,80.2459564209,62437,62447,10
12.9631204605,80.2465515137,62447,62467,20
12.9631204605,80.2465515137,62467,62477,10
12.9633598328,80.2466964722,62477,62487,10
12.9639797211,80.2469711304,62487,62497,10
12.9648399353,80.2472763062,62497,62507,10
12.9657402039,80.2475585938,62507,62517,10
12.9666004181,80.2478790283,62517,62528,11
12.9667196274,80.2479171753,62528,62538,10
12.9667396545,80.2479476929,62538,62548,10
12.9670600891,80.2481307983,62548,62558,10
12.9676799774,80.2483978271,62558,62568,10
12.9685096741,80.2487411499,62568,62578,10
12.969499588,80.249168396,62578,62588,10
12.9706201553,80.2496032715,62588,62598,10
12.9717903137,80.2499313354,62598,62608,10
12.9729204178,80.2502288818,62608,62619,11
12.9739704132,80.2505111694,62619,62629,10
12.974820137,80.2507476807,62629,62639,10
12.9757795334,80.2509994507,62639,62669,30
12.9757795334,80.2509994507,62669,62679,10
12.9758996964,80.2509994507,62679,62689,10
12.976099968,80.2510604858,62689,62710,21
12.976099968,80.2510604858,62710,62720,10
12.9764003754,80.251159668,62720,62730,10
12.9768400192,80.2512817383,62730,62780,50
12.9768400192,80.2512817383,62780,62790,10
12.9771604538,80.2513885498,62790,62801,11
12.9774198532,80.2515335083,62801,62811,10
12.9777297974,80.2517471313,62811,62821,10
12.9781198502,80.2520904541,62821,62962,141
12.9781198502,80.2520904541,62962,62973,11
12.9782400131,80.2520904541,62973,62983,10
12.9785003662,80.252281189,62983,62993,10
12.9787597656,80.2524414063,62993,63003,10
12.9788999557,80.2525100708,63003,63084,81
12.9788999557,80.2525100708,63084,63094,10
12.9789600372,80.2526016235,63094,63104,10
12.9792203903,80.2526397705,63104,63114,10
12.9795303345,80.2526168823,63114,63316,202
12.9795303345,80.2526168823,63316,63326,10
12.9798803329,80.2526397705,63326,63337,11
12.9803695679,80.2526626587,63337,63347,10
12.980890274,80.2526321411,63347,63357,10
12.9812297821,80.2525863647,63357,63367,10
12.9815301895,80.2525787354,63367,63377,10
12.9819698334,80.252571106,63377,63387,10
12.9821395874,80.2525634766,63387,63397,10
12.9824104309,80.2525405884,63397,63407,10
12.982460022,80.252532959,63407,63417,10
12.9827604294,80.2525024414,63417,63569,152
12.9827604294,80.2525024414,63569,63579,10
12.9829301834,80.2525024414,63579,63589,10
12.9833498001,80.252456665,63589,63630,41
12.9833498001,80.252456665,63630,63640,10
12.9836597443,80.2523422241,63640,63650,10
12.984120369,80.2522201538,63650,63660,10
12.984459877,80.2521514893,63660,63670,10
12.9847002029,80.2520904541,63670,63680,10
12.9849300385,80.2520294189,63680,63690,10
12.9852199554,80.2519607544,63690,63832,142
12.9852199554,80.2519607544,63832,63842,10
12.9853696823,80.251953125,63842,63852,10
12.9857702255,80.2518386841,63852,63862,10
12.9865198135,80.2516403198,63862,63872,10
12.9871797562,80.2514190674,63872,63883,11
12.9875898361,80.2513122559,63883,63893,10
12.988120079,80.2511901855,63893,63903,10
12.9889602661,80.2509918213,63903,63913,10
12.9894504547,80.250869751,63913,63933,20
12.9894504547,80.250869751,63933,63943,10
12.9896497726,80.250869751,63943,63953,10
12.9901399612,80.2507476807,63953,63964,11
12.9909696579,80.250541687,63964,63974,10
12.9918804169,80.250289917,63974,63984,10
12.9929800034,80.2499923706,63984,63994,10
12.9942903519,80.2496566772,63994,64004,10
12.9955797195,80.2493362427,64004,64014,10
12.9966402054,80.2490615845,64014,64034,20
12.9966402054,80.2490615845,64034,64044,10
12.9968299866,80.2490005493,64044,64055,11
12.9972896576,80.248878479,64055,64065,10
12.9979696274,80.2487182617,64065,64075,10
12.9988203049,80.2485122681,64075,64085,10
12.9998102188,80.2482681274,64085,64095,10
13.0010004044,80.2479782104,64095,64105,10
13.0022697449,80.2476577759,64105,64115,10
13.0035896301,80.247428894,64115,64125,10
13.0048704147,80.2472763062,64125,64135,10
13.0058403015,80.2470474243,64135,64146,11
13.0064001083,80.2465286255,64146,64186,40
13.0064001083,80.2465286255,64186,64196,10
13.006529808,80.2461395264,64196,64206,10
13.0065698624,80.2455978394,64206,64216,10
13.0065803528,80.2451629639,64216,64226,10
13.0065803528,80.2449188232,64226,64237,11
13.0065698624,80.2445907593,64237,64247,10
13.0065698624,80.2443389893,64247,64257,10
13.0065698624,80.2442321777,64257,64267,10
13.0065603256,80.2437591553,64267,64277,10
13.0065402985,80.2433319092,64277,64287,10
13.0065498352,80.2426986694,64287,64297,10
13.0065402985,80.2417526245,64297,64307,10
13.0066099167,80.2409362793,64307,64328,21
13.0066099167,80.2409362793,64328,64338,10
13.0066699982,80.2405700684,64338,64348,10
13.0067300797,80.2402572632,64348,64358,10
13.0069103241,80.2395172119,64358,64368,10
13.0070400238,80.2386169434,64368,64378,10
13.0072202682,80.23777771,64378,64388,10
13.0074100494,80.236656189,64388,64408,20
13.0074100494,80.236656189,64408,64419,11
13.0074901581,80.2363433838,64419,64429,10
13.007610321,80.2357330322,64429,64439,10
13.0077199936,80.2351837158,64439,64449,10
13.0078601837,80.2345199585,64449,64459,10
13.0080404282,80.2336578369,64459,64468,9
13.0082197189,80.2327575684,64468,64479,11
13.0084104538,80.2318115234,64479,64489,10
13.0086297989,80.2304763794,64489,64499,10
13.0088596344,80.2293777466,64499,64510,11
13.0091199875,80.2282409668,64510,64520,10
13.009519577,80.2273635864,64520,64530,10
13.0100097656,80.2262878418,64530,64540,10
13.0103902817,80.2256011963,64540,64550,10
13.0105199814,80.2252883911,64550,64560,10
13.0106801987,80.2249908447,64560,64570,10
13.0107803345,80.2247161865,64570,64580,10
13.0109901428,80.2241821289,64580,64590,10
13.011300087,80.2232894897,64590,64601,11
13.0116701126,80.222366333,64601,64611,10
13.0120000839,80.2216415405,64611,64621,10
13.0123500824,80.2215576172,64621,64631,10
13.0126600266,80.222038269,64631,64641,10
13.0131998062,80.2226333618,64641,64651,10
13.0138301849,80.2232971191,64651,64661,10
13.0141801834,80.223739624,64661,64671,10
13.0144996643,80.224067688,64671,64681,10
13.0148801804,80.2244873047,64681,64692,11
13.015130043,80.2247695923,64692,64702,10
13.0154399872,80.2249984741,64702,64722,20
13.0154399872,80.2249984741,64722,64732,10
13.0156002045,80.2251815796,64732,64742,10
13.0158901215,80.2253494263,64742,64752,10
13.0165300369,80.2253189087,64752,64762,10
13.0174102783,80.2249832153,64762,64772,10
13.0183401108,80.2246017456,64772,64783,11
13.0195398331,80.2243804932,64783,64843,60
13.0195398331,80.2243804932,64843,64853,10
13.0197200775,80.2244796753,64853,64863,10
13.0200395584,80.2247314453,64863,64874,11
13.0205698013,80.2250976563,64874,64884,10
13.0211400986,80.2255172729,64884,64894,10
13.0217199326,80.2259979248,64894,64904,10
13.0223302841,80.2265014648,64904,64914,10
13.0229701996,80.2270278931,64914,64924,10
13.0236701965,80.2276611328,64924,64934,10
13.0242595673,80.2282104492,64934,64944,10
13.0243501663,80.228302002,64944,64954,10
13.0244102478,80.2284393311,64954,64965,11
13.0242099762,80.2285232544,64965,64975,10
13.0238895416,80.2281417847,64975,64985,10
13.0235700607,80.2278213501,64985,64995,10
13.0233602524,80.2276382446,64995,65157,162
13.0233602524,80.2276382446,65157,65167,10
13.0231599808,80.2274398804,65167,65177,10
13.0230102539,80.2272567749,65177,65187,10
13.0225095749,80.2267608643,65187,65207,20
13.0225095749,80.2267608643,65207,65217,10
13.022310257,80.2265625,65217,65227,10
13.0218801498,80.2261810303,65227,65238,11
13.021229744,80.225692749,65238,65248,10
13.0206003189,80.2252197266,65248,65258,10
13.0201396942,80.224937439,65258,65268,10
13.0200300217,80.2248916626,65268,65278,10
13.0197496414,80.2247009277,65278,65288,10
13.0191001892,80.2244796753,65288,65298,10
13.0182695389,80.2246780396,65298,65308,10
13.0174102783,80.2250213623,65308,65318,10
13.016579628,80.2253723145,65318,65329,11
13.015999794,80.2256011963,65329,65339,10
13.0155200958,80.2257537842,65339,65349,10
13.0151996613,80.2258987427,65349,65359,10
13.0146903992,80.2260818481,65359,65369,10
13.0137901306,80.2265090942,65369,65399,30
13.0137901306,80.2265090942,65399,65409,10
13.0135002136,80.2265625,65409,65420,11
13.0129699707,80.2267379761,65420,65430,10
13.0123195648,80.2269897461,65430,65440,10
13.0115003586,80.2273178101,65440,65450,10
13.0104799271,80.2277069092,65450,65460,10
13.0095500946,80.2281036377,65460,65470,10
13.0091104507,80.2287826538,65470,65480,10
13.0089197159,80.2297134399,65480,65490,10
13.0087003708,80.2307891846,65490,65500,10
13.0085000992,80.2318115234,65500,65511,11
13.0083599091,80.2325515747,65511,65531,20
13.0083599091,80.2325515747,65531,65541,10
13.008310318,80.2328414917,65541,65551,10
13.0082798004,80.2332611084,65551,65561,10
13.0082597733,80.2333984375,65561,65571,10
13.0081996918,80.2336120605,65571,65632,61
13.0081996918,80.2336120605,65632,65642,10
13.0080795288,80.2338485718,65642,65652,10
13.0080003738,80.2343292236,65652,65662,10
13.007900238,80.2349395752,65662,65672,10
13.0078401566,80.2352523804,65672,65682,10
13.007809639,80.2353973389,65682,65693,11
13.0077400208,80.2357788086,65693,65703,10
13.0076904297,80.2360610962,65703,65713,10
13.0076398849,80.236328125,65713,65723,10
13.0075702667,80.2366867065,65723,65733,10
13.007519722,80.2369537354,65733,65743,10
13.0074100494,80.2374725342,65743,65763,20
13.0074100494,80.2374725342,65763,65773,10
13.0073299408,80.2378234863,65773,65814,41
13.0073299408,80.2378234863,65814,65824,10
13.0072803497,80.2380905151,65824,65834,10
13.0071802139,80.238609314,65834,65844,10
13.007060051,80.2392807007,65844,65854,10
13.0069103241,80.2400131226,65854,65996,142
13.0069103241,80.2400131226,65996,66006,10
13.0068798065,80.2400970459,66006,66016,10
13.0068397522,80.2405471802,66016,66026,10
13.006819725,80.2407989502,66026,66036,10
13.0067796707,80.2409210205,66036,66046,10
13.0067300797,80.2414016724,66046,66057,11
13.0066995621,80.2422637939,66057,66067,10
13.0066604614,80.2431869507,66067,66077,10
13.0066404343,80.2438812256,66077,66087,10
13.0066604614,80.2444763184,66087,66137,50
13.0066604614,80.2444763184,66137,66148,11
13.0066604614,80.2448883057,66148,66178,30
13.0066604614,80.2448883057,66178,66188,10
13.0066795349,80.2453308105,66188,66198,10
13.0066795349,80.2459182739,66198,66208,10
13.0066900253,80.2467269897,66208,66218,10
13.0065402985,80.2473068237,66218,66228,10
13.0060997009,80.2473831177,66228,66249,21
13.0060997009,80.2473831177,66249,66259,10
13.00578022,80.2473602295,66259,66269,10
13.0052604675,80.2473373413,66269,66279,10
13.0044498444,80.2473831177,66279,66289,10
13.0035400391,80.2474975586,66289,66299,10
13.0029497147,80.2476119995,66299,66309,10
13.0024900436,80.2476806641,66309,66319,10
13.001999855,80.2478103638,66319,66330,11
13.0010900497,80.2480163574,66330,66340,10
13.0000495911,80.248298645,66340,66350,10
12.9987602234,80.248626709,66350,66360,10
12.9974403381,80.2489318848,66360,66370,10
12.9961204529,80.2492980957,66370,66380,10
12.9948301315,80.2496566772,66380,66390,10
12.9936504364,80.2499694824,66390,66400,10
12.992939949,80.2501525879,66400,66471,71
12.992939949,80.2501525879,66471,66481,10
12.9928398132,80.2502593994,66481,66491,10
12.9924001694,80.2503585815,66491,66501,10
12.9921197891,80.2503967285,66501,66512,11
12.9917697906,80.2504577637,66512,66572,60
12.9917697906,80.2504577637,66572,66582,10
12.9915304184,80.2505111694,66582,66714,132
12.9915304184,80.2505111694,66714,66724,10
12.9912395477,80.2505722046,66724,66734,10
12.9910402298,80.250617981,66734,66744,10
12.9909095764,80.2506484985,66744,66754,10
12.9906196594,80.2507095337,66754,66764,10
12.990240097,80.2508010864,66764,66774,10
12.9899196625,80.2509002686,66774,66785,11
12.9895200729,80.2510070801,66785,66795,10
12.9890804291,80.2511291504,66795,66805,10
12.9888801575,80.2511825562,66805,66815,10
12.9884595871,80.2512588501,66815,66825,10
12.9879102707,80.2514038086,66825,66835,10
12.9873600006,80.2515335083,66835,66845,10
12.9867401123,80.251701355,66845,66855,10
12.986289978,80.2517929077,66855,66865,10
12.9855804443,80.2519683838,66865,66876,11
12.9844198227,80.2522506714,66876,66886,10
12.9832897186,80.2525405884,66886,66896,10
12.9825601578,80.2526016235,66896,66906,10
12.9815998077,80.2526168823,66906,66916,10
12.9809503555,80.2526397705,66916,66926,10
12.9805698395,80.2526626587,66926,66936,10
12.9803304672,80.2526931763,66936,66946,10
12.980099678,80.2527084351,66946,66956,10
12.9798002243,80.2527008057,66956,66967,11
12.9794797897,80.2526779175,66967,66977,10
12.9788799286,80.2526016235,66977,66987,10
12.9786596298,80.2525482178,66987,66997,10
12.9785604477,80.2525100708,66997,67007,10
12.978099823,80.2521820068,67007,67017,10
12.9774398804,80.2515869141,67017,67027,10
12.9765796661,80.2512283325,67027,67037,10
12.9755601883,80.2509613037,67037,67047,10
12.9745798111,80.2506713867,67047,67058,11
12.9736795425,80.2504196167,67058,67068,10
12.9729299545,80.2502365112,67068,67078,10
12.9721002579,80.25,67078,67088,10
12.9712696075,80.2497634888,67088,67098,10
12.9703598022,80.2495193481,67098,67108,10
12.969499588,80.2491607666,67108,67118,10
12.9687204361,80.2488708496,67118,67128,10
12.9684295654,80.2487411499,67128,67138,10
12.9679899216,80.248588562,67138,67149,11
12.9676599503,80.2484588623,67149,67159,10
12.9675302505,80.2484130859,67159,67169,10
12.9674196243,80.2483596802,67169,67179,10
12.9672002792,80.2482528687,67179,67209,30
12.9672002792,80.2482528687,67209,67219,10
12.9668397903,80.2480392456,67219,67229,10
12.9666700363,80.2479400635,67229,67240,11
12.9662399292,80.247756958,67240,67250,10
12.9657497406,80.2475585938,67250,67260,10
12.9655799866,80.2474975586,67260,67270,10
12.9654197693,80.2474365234,67270,67280,10
12.9654102325,80.2474365234,67280,67290,10
12.9652500153,80.2473983765,67290,67300,10
12.9647703171,80.2472076416,67300,67310,10
12.9645395279,80.2471389771,67310,67320,10
12.9642601013,80.2470321655,67320,67361,41
12.9642601013,80.2470321655,67361,67371,10
12.9640703201,80.2469406128,67371,67381,10
12.9637403488,80.2468185425,67381,67391,10
12.9634103775,80.2466888428,67391,67401,10
12.9626598358,80.2463302612,67401,67411,10
12.9616699219,80.24584198,67411,67422,11
12.9605398178,80.2453079224,67422,67432,10
12.959810257,80.245010376,67432,67442,10
12.959400177,80.2448425293,67442,67452,10
12.9592895508,80.2447814941,67452,67462,10
12.9587497711,80.2445220947,67462,67472,10
12.9580402374,80.2442169189,67472,67482,10
12.9575395584,80.2440414429,67482,67492,10
12.9570503235,80.243888855,67492,67502,10
12.9568395615,80.2438201904,67502,67573,71
12.9564599991,80.2436981201,67573,67604,31
12.9564599991,80.2436981201,67604,67614,10
12.9560804367,80.2435379028,67614,67624,10
12.9554796219,80.2432022095,67624,67634,10
12.9547996521,80.2428817749,67634,67644,10
12.9543104172,80.2426605225,67644,67654,10
12.9538002014,80.2424163818,67654,67664,10
12.9532403946,80.2421875,67664,67674,10
12.9524497986,80.2419128418,67674,67684,10
12.9516801834,80.2416381836,67684,67695,11
12.9515800476,80.241607666,67695,67705,10
12.9511203766,80.2414398193,67705,67715,10
12.9505195618,80.2412719727,67715,67724,9
12.949839592,80.2410583496,67724,67755,31
12.949839592,80.2410583496,67755,67765,10
12.9497804642,80.2410202026,67765,67775,10
12.9494895935,80.2409362793,67775,67786,11
12.9489803314,80.2407608032,67786,67796,10
12.9483995438,80.2405090332,67796,67806,10
12.9476900101,80.240196228,67806,67816,10
12.9471702576,80.239982605,67816,67826,10
12.9468402863,80.2398834229,67826,67836,10
12.9468297958,80.2398834229,67836,67846,10
12.946559906,80.2397613525,67846,67856,10
12.9456701279,80.2393417358,67856,67866,10
12.945019722,80.2389068604,67866,67877,11
12.9442501068,80.2380828857,67877,67887,10
12.9434499741,80.2372207642,67887,67897,10
12.9426898956,80.2366027832,67897,67907,10
12.9415597916,80.2362213135,67907,67917,10
12.9403400421,80.2359390259,67917,67927,10
12.9398097992,80.235786438,67927,67937,10
12.9396896362,80.235748291,67937,67947,10
12.9391098022,80.2354736328,67947,67957,10
12.9381904602,80.234992981,67957,67968,11
12.9371404648,80.2344665527,67968,67978,10
12.93612957,80.2339630127,67978,67988,10
12.9355401993,80.2336883545,67988,67998,10
12.934709549,80.2333297729,67998,68008,10
12.9339704514,80.2330169678,68008,68018,10
12.9338998795,80.2329864502,68018,68028,10
12.9337100983,80.2329025269,68028,68038,10
12.9330596924,80.2325897217,68038,68048,10
12.9320802689,80.2322235107,68048,68059,11
12.9307498932,80.2317581177,68059,68069,10
12.9295902252,80.2314529419,68069,68079,10
12.928609848,80.2312469482,68079,68089,10
12.9275398254,80.2311019897,68089,68099,10
12.926440239,80.2309799194,68099,68109,10
12.9259996414,80.2309570313,68109,68119,10
12.9258203506,80.2309494019,68119,68129,10
12.9251804352,80.2308502197,68129,68139,10
12.9242401123,80.2307434082,68139,68150,11
12.9229898453,80.2305374146,68150,68160,10
12.9216804504,80.2303314209,68160,68170,10
12.9202299118,80.230140686,68170,68180,10
12.9188899994,80.2299575806,68180,68190,10
12.9176902771,80.2297973633,68190,68200,10
12.9164495468,80.2296524048,68200,68210,10
12.9152002335,80.2294769287,68210,68220,10
12.9139099121,80.2293319702,68220,68230,10
12.913310051,80.2292785645,68230,68241,11
12.9132204056,80.2292709351,68241,68251,10
12.9126396179,80.2291564941,68251,68261,10
12.911740303,80.2290267944,68261,68271,10
12.9106302261,80.2288589478,68271,68281,10
12.9093999863,80.2286605835,68281,68291,10
12.9083299637,80.2284698486,68291,68301,10
12.9073801041,80.2283401489,68301,68423,122
12.9073801041,80.2283401489,68423,68433,10
12.906920433,80.2282867432,68433,68443,10
12.9063796997,80.2282409668,68443,68453,10
12.9060602188,80.2282028198,68453,68463,10
12.905579567,80.2281799316,68463,68473,10
12.9047603607,80.2281112671,68473,68483,10
12.9039402008,80.2280578613,68483,68493,10
12.9030704498,80.2280197144,68493,68503,10
12.9023199081,80.2279891968,68503,68514,11
12.9017601013,80.2279663086,68514,68524,10
12.9014501572,80.2279434204,68524,68534,10
12.9010696411,80.2279510498,68534,68544,10
12.9006595612,80.2279129028,68544,68554,10
12.9003295898,80.2279205322,68554,68564,10
12.9001502991,80.2279129028,68564,68574,10
12.899939537,80.2278823853,68574,68584,10
12.8992795944,80.2278518677,68584,68605,21
12.8992795944,80.2278518677,68605,68615,10
12.8989295959,80.2278289795,68615,68625,10
12.8983402252,80.2277832031,68625,68635,10
12.8975200653,80.2276992798,68635,68645,10
12.8964996338,80.2276382446,68645,68655,10
12.8954696655,80.2276000977,68655,68665,10
12.8945598602,80.2275695801,68665,68675,10
12.8937301636,80.2275238037,68675,68685,10
12.8932600021,80.2274780273,68685,68696,11
12.8929195404,80.2274169922,68696,68706,10
12.8926401138,80.2273864746,68706,68716,10
12.8925304413,80.2273864746,68716,68726,10
12.8921804428,80.2273635864,68726,68736,10
12.8914899826,80.2273330688,68736,68746,10
12.8905601501,80.2273406982,68746,68756,10
12.8894195557,80.2273178101,68756,68766,10
12.8882198334,80.2272796631,68766,68776,10
12.8873596191,80.2271575928,68776,68787,11
12.8863697052,80.2269592285,68787,68797,10
12.885140419,80.2267227173,68797,68817,20
12.885140419,80.2267227173,68817,68827,10
12.8849802017,80.2266769409,68827,68837,10
12.8844995499,80.2266464233,68837,68847,10
12.8837404251,80.2266464233,68847,68857,10
12.8829402924,80.2266464233,68857,68867,10
12.8820800781,80.2266616821,68867,68878,11
12.8810796738,80.2266693115,68878,68888,10
12.8800697327,80.2267227173,68888,68898,10
12.8789100647,80.2267608643,68898,68908,10
12.8781604767,80.2268066406,68908,68918,10
12.8773202896,80.2268829346,68918,68928,10
12.8768701553,80.2269363403,68928,68958,30
12.8768701553,80.2269363403,68958,68969,11
12.8765802383,80.2269363403,68969,68979,10
12.8763799667,80.2269515991,68979,68989,10
12.8758296967,80.2269515991,68989,68999,10
12.875,80.2268829346,68999,69009,10
12.8739204407,80.2267379761,69009,69019,10
12.8728199005,80.2266921997,69019,69029,10
12.8724899292,80.2266921997,69029,69039,10
12.872130394,80.2266769409,69039,69049,10
12.8713302612,80.2266387939,69049,69060,11
12.8701496124,80.2265472412,69060,69070,10
12.8688201904,80.2263793945,69070,69080,10
12.8673496246,80.2264099121,69080,69090,10
12.8658800125,80.2265396118,69090,69100,10
12.8643398285,80.2265090942,69100,69110,10
12.8628196716,80.2264709473,69110,69120,10
12.8609304428,80.2265625,69120,69140,20
12.8609304428,80.2265625,69140,69151,11
12.8604898453,80.2265167236,69151,69161,10
12.8597002029,80.2264022827,69161,69171,10
12.8586997986,80.2262496948,69171,69181,10
12.8575496674,80.2262191772,69181,69191,10
12.8562402725,80.2263412476,69191,69201,10
12.8548402786,80.2264785767,69201,69211,10
12.8533802032,80.2266311646,69211,69221,10
12.8518896103,80.226600647,69221,69231,10
12.8506097794,80.2265625,69231,69242,11
12.8499202728,80.2265625,69242,69252,10
12.8497695923,80.2265472412,69252,69262,10
12.8492898941,80.2265396118,69262,69272,10
12.848400116,80.2265319824,69272,69282,10
12.847240448,80.2265396118,69282,69292,10
12.8462095261,80.2265472412,69292,69302,10
12.8457298279,80.2265472412,69302,69312,10
12.8447198868,80.2266082764,69312,69343,31
12.8447198868,80.2266082764,69343,69353,10
12.8443498611,80.2266082764,69353,69363,10
12.8436203003,80.2266998291,69363,69373,10
12.8426399231,80.226852417,69373,69383,10
12.841460228,80.2271270752,69383,69393,10
12.8404102325,80.2274398804,69393,69403,10
12.8398799896,80.2275619507,69403,69413,10
12.8395395279,80.2276535034,69413,69424,11
12.8387699127,80.2278671265,69424,69434,10
12.8377799988,80.2281112671,69434,69444,10
12.8365497589,80.2283172607,69444,69454,10
12.8352203369,80.2285232544,69454,69464,10
12.8338699341,80.2287368774,69464,69474,10
12.8326997757,80.2289505005,69474,69484,10
12.8317804337,80.229133606,69484,69525,41
12.8317804337,80.229133606,69525,69535,10
12.8316402435,80.2290878296,69535,69545,10
12.831580162,80.2288665771,69545,69555,10
12.8315200806,80.2286834717,69555,69565,10
12.8314399719,80.2283401489,69565,69575,10
12.8312997818,80.2276611328,69575,69585,10
12.8311595917,80.2269897461,69585,69595,10
12.8310699463,80.2265472412,69595,69606,11
12.8310003281,80.2257995605,69606,69616,10
12.8310098648,80.2248535156,69616,69626,10
12.8310098648,80.2245178223,69626,69636,10
12.8310203552,80.2238998413,69636,69646,10
12.8310203552,80.2231674194,69646,69656,10
12.8310003281,80.2223434448,69656,69666,10
12.8310003281,80.2220306396,69666,69676,10
12.831029892,80.2213821411,69676,69686,10
12.831029892,80.2204666138,69686,69697,11
12.8310203552,80.2196807861,69697,69707,10
12.8308200836,80.2194213867,69707,69717,10
12.8301296234,80.2194213867,69717,69727,10
12.8291597366,80.2194213867,69727,69737,10
12.8281898499,80.2194213867,69737,69747,10
12.8276100159,80.2194213867,69747,69757,10
12.827249527,80.2194137573,69757,69767,10
12.826499939,80.2193984985,69767,69777,10
12.825969696,80.2193832397,69777,69788,11
12.825799942,80.2191390991,69788,69798,10
12.8258104324,80.2188720703,69798,69808,10
12.8258199692,80.2182006836,69808,69818,10
12.8258399963,80.2173461914,69818,69828,10
12.8258304596,80.2163009644,69828,69838,10
12.825630188,80.2159576416,69838,69848,10
12.8254203796,80.2159576416,69848,69858,10
12.8249998093,80.2159729004,69858,69867,9
12.8247804642,80.2159729004,69867,70202,335
12.8247804642,80.2159729004,70202,70212,10
12.8244400024,80.2159194946,70212,70221,9
12.8240604401,80.2159423828,70221,70233,12
12.8232498169,80.2159423828,70233,70243,10
12.8228197098,80.2159423828,70243,70253,10
12.8226804733,80.216003418,70253,70263,10
12.8226604462,80.2164535522,70263,70274,11
12.8226499557,80.217048645,70274,70283,9
12.8226299286,80.218208313,70283,70294,11
12.822640419,80.2190628052,70294,70304,10
12.8226499557,80.2191619873,70304,70314,10
12.8226699829,80.2192764282,70314,70325,11
12.8230695724,80.2193527222,70325,70335,10
12.823800087,80.2193603516,70335,70345,10
12.8247098923,80.2193374634,70345,70355,10
12.8253202438,80.2193527222,70355,70385,30
12.8253202438,80.2193527222,70385,70395,10
12.8257598877,80.2193832397,70395,70405,10
12.8261604309,80.219367981,70405,70416,11
12.8268604279,80.2193527222,70416,70436,20
12.8268604279,80.2193527222,70436,70446,10
12.8271198273,80.219329834,70446,70456,10
12.8272199631,80.219329834,70456,70466,10
12.8274202347,80.2193374634,70466,70476,10
12.8275604248,80.2193222046,70476,70496,20
12.8275604248,80.2193222046,70496,70507,11
12.8277597427,80.219329834,70507,70517,10
12.8278398514,80.219329834,70517,70527,10
12.8281698227,80.2193222046,70527,70537,10
12.8287296295,80.2193069458,70537,70547,10
12.8294296265,80.2193222046,70547,70557,10
12.8302001953,80.2193069458,70557,70567,10
12.8309402466,80.2192993164,70567,70840,273
12.8309402466,80.2192993164,70840,70850,10
12.8311004639,80.2194519043,70850,70860,10
12.8311500549,80.2196121216,70860,70871,11
12.8311595917,80.2202682495,70871,70881,10
12.8311500549,80.2211227417,70881,70891,10
12.8311300278,80.2219467163,70891,70901,10
12.8311195374,80.2222366333,70901,70911,10
12.8311195374,80.2228622437,70911,70921,10
12.8311100006,80.2237091064,70921,70931,10
12.8311004639,80.2244186401,70931,70941,10
12.8311100006,80.2246627808,70941,70951,10
12.8311004639,80.2251815796,70951,70962,11
12.8311395645,80.22605896,70962,70972,10
12.8312902451,80.2270965576,70972,70982,10
12.8315095901,80.2282104492,70982,70992,10
12.8316698074,80.2289733887,70992,71002,10
12.8318796158,80.2290725708,71002,71012,10
12.8320102692,80.2289962769,71012,71022,10
12.832110405,80.2289733887,71022,71032,10
12.8326702118,80.2288894653,71032,71042,10
12.8336000443,80.2287216187,71042,71053,11
12.8348903656,80.2285003662,71053,71063,10
12.8362903595,80.2282791138,71063,71073,10
12.8376903534,80.2280578613,71073,71083,10
12.8386697769,80.2278289795,71083,71093,10
12.8390798569,80.2276763916,71093,71154,61
12.8390798569,80.2276763916,71154,71164,10
12.8396100998,80.2274932861,71164,71174,10
12.8400402069,80.2274398804,71174,71184,10
12.8406496048,80.2273025513,71184,71194,10
12.8415498734,80.2270507813,71194,71204,10
12.8426599503,80.2267990112,71204,71214,10
12.8439302444,80.2265777588,71214,71224,10
12.8446598053,80.2264862061,71224,71235,11
12.8450899124,80.2264404297,71235,71265,30
12.8450899124,80.2264404297,71265,71275,10
12.845290184,80.2264633179,71275,71285,10
12.8454704285,80.2264633179,71285,71295,10
12.845749855,80.2264633179,71295,71305,10
12.8463401794,80.2264633179,71305,71315,10
12.8471698761,80.2264633179,71315,71326,11
12.8482103348,80.2264709473,71326,71336,10
12.8492603302,80.2264633179,71336,71346,10
12.8498802185,80.2264328003,71346,71366,20
12.8498802185,80.2264328003,71366,71376,10
12.8500204086,80.2264633179,71376,71386,10
12.8502998352,80.2264633179,71386,71396,10
12.8507604599,80.2264709473,71396,71406,10
12.8513803482,80.2265014648,71406,71417,11
12.8521203995,80.2265396118,71417,71427,10
12.8528795242,80.2265625,71427,71437,10
12.8536596298,80.2265090942,71437,71447,10
12.8542699814,80.2264404297,71447,71457,10
12.8546199799,80.2264022827,71457,71467,10
12.8549699783,80.2263565063,71467,71649,182
12.8549699783,80.2263565063,71649,71659,10
12.8554201126,80.2262878418,71659,71669,10
12.8561897278,80.2262191772,71669,71680,11
12.8572597504,80.2260971069,71680,71690,10
12.8578701019,80.2260665894,71690,71700,10
12.8580598831,80.22605896,71700,71710,10
12.8582601547,80.2260818481,71710,71720,10
12.8586301804,80.2261199951,71720,71730,10
12.8593301773,80.2262191772,71730,71740,10
12.8602600098,80.2263565063,71740,71750,10
12.8613595963,80.2264404297,71750,71760,10
12.8626203537,80.2263870239,71760,71771,11
12.8641700745,80.2264328003,71771,71781,10
12.865650177,80.2264709473,71781,71791,10
12.8670196533,80.2263565063,71791,71801,10
12.8681001663,80.2262268066,71801,71811,10
12.8691797256,80.2263031006,71811,71821,10
12.8704996109,80.2264709473,71821,71831,10
12.8718900681,80.2265396118,71831,71841,10
12.8729200363,80.2265625,71841,71851,10
12.8738203049,80.226600647,71851,71862,11
12.875,80.2267532349,71862,71872,10
12.876159668,80.2268218994,71872,71882,10
12.8768596649,80.2267684937,71882,71892,10
12.8768901825,80.2267684937,71892,71902,10
12.8770303726,80.2267608643,71902,71912,10
12.8775501251,80.2267227173,71912,71922,10
12.8783197403,80.2266616821,71922,71932,10
12.879240036,80.2266311646,71932,71941,9
12.8802204132,80.2266235352,71941,71953,12
12.8817396164,80.226600647,71953,71963,10
12.883099556,80.2265930176,71963,71973,10
12.8843097687,80.2265701294,71973,71983,10
12.8851604462,80.2265777588,71983,71993,10
12.8853502274,80.226600647,71993,72003,10
12.8855495453,80.2266464233,72003,72013,10
12.8861398697,80.2268218994,72013,72023,10
12.8869199753,80.2270431519,72023,72033,10
12.8878297806,80.227180481,72033,72044,11
12.8890600204,80.2272491455,72044,72054,10
12.8902702332,80.2272567749,72054,72064,10
12.8913002014,80.2272567749,72064,72074,10
12.8916702271,80.2272186279,72074,72084,10
12.89220047,80.2272491455,72084,72094,10
12.8928403854,80.2273178101,72094,72104,10
12.8935203552,80.2274093628,72104,72114,10
12.8946399689,80.2275238037,72114,72124,10
12.8957099915,80.2275695801,72124,72135,11
12.8968095779,80.2276077271,72135,72145,10
12.8976202011,80.2276535034,72145,72155,10
12.8983898163,80.2276992798,72155,72165,10
12.8991699219,80.2277679443,72165,72175,10
12.899600029,80.2277679443,72175,72296,121
12.899600029,80.2277679443,72296,72306,10
12.899720192,80.2277679443,72306,72317,11
12.9001197815,80.2277984619,72317,72327,10
12.9006004333,80.2278213501,72327,72337,10
12.9010400772,80.2278518677,72337,72347,10
12.9014797211,80.2278823853,72347,72357,10
12.9020299911,80.2278823853,72357,72367,10
12.9024896622,80.2279129028,72367,72377,10
12.9028596878,80.2279205322,72377,72387,10
12.9028701782,80.2279205322,72387,72397,10
12.9028997421,80.2279281616,72397,72408,11
12.9032001495,80.2279205322,72408,72418,10
12.9035596848,80.2279815674,72418,72428,10
12.903840065,80.2279891968,72428,72448,20
12.903840065,80.2279891968,72448,72458,10
12.9039802551,80.2279968262,72458,72468,10
12.9043197632,80.2280197144,72468,72509,41
12.9043197632,80.2280197144,72509,72519,10
12.9045801163,80.2280426025,72519,72529,10
12.9049396515,80.2280578613,72529,72539,10
12.905380249,80.2280807495,72539,72549,10
12.9057798386,80.2280807495,72549,72630,81
12.9057798386,80.2280807495,72630,72640,10
12.9059200287,80.2281036377,72640,72650,10
12.9061899185,80.2281036377,72650,72660,10
12.906539917,80.2281417847,72660,72670,10
12.9069004059,80.2281799316,72670,72681,11
12.9070100784,80.2281799316,72681,72691,10
12.9072303772,80.2282028198,72691,72701,10
12.9078798294,80.2283172607,72701,72711,10
12.9088401794,80.2285003662,72711,72721,10
12.910030365,80.2286987305,72721,72731,10
12.9113397598,80.2288970947,72731,72741,10
12.9125995636,80.2290725708,72741,72751,10
12.9138402939,80.2292098999,72751,72782,31
12.9138402939,80.2292098999,72782,72792,10
12.9141798019,80.2292861938,72792,72802,10
12.9147796631,80.2293624878,72802,72812,10
12.9156904221,80.2294998169,72812,72822,10
12.9167299271,80.229637146,72822,72832,10
12.9176502228,80.2297821045,72832,72842,10
12.918680191,80.229927063,72842,72853,11
12.9195299149,80.2300415039,72853,72863,10
12.9205598831,80.2301712036,72863,72873,10
12.9217195511,80.2303237915,72873,72883,10
12.9230699539,80.2305297852,72883,72893,10
12.924489975,80.23072052,72893,72903,10
12.925740242,80.2308425903,72903,72913,10
12.9261903763,80.2308807373,72913,72923,10
12.9262800217,80.2309188843,72923,72933,10
12.9265403748,80.2309494019,72933,72943,10
12.9272098541,80.231010437,72943,72954,11
12.9282798767,80.2311401367,72954,72964,10
12.9291801453,80.2313232422,72964,72974,10
12.9301300049,80.2315368652,72974,72984,10
12.9312896729,80.231880188,72984,72994,10
12.9325704575,80.2322921753,72994,73004,10
12.9335803986,80.232673645,73004,73024,20
12.9335803986,80.232673645,73024,73034,10
12.9337997437,80.2327728271,73034,73045,11
12.9344596863,80.2330703735,73045,73055,10
12.9352502823,80.2334365845,73055,73065,10
12.935959816,80.2337799072,73065,73075,10
12.9367303848,80.2341384888,73075,73085,10
12.9376401901,80.2345733643,73085,73095,10
12.9385204315,80.2350006104,73095,73105,10
12.9395103455,80.2354812622,73105,73125,20
12.9395103455,80.2354812622,73125,73136,11
12.9396800995,80.2355804443,73136,73146,10
12.9402399063,80.2358169556,73146,73156,10
12.9411497116,80.2360687256,73156,73166,10
12.9422502518,80.2363510132,73166,73176,10
12.9433097839,80.2369537354,73176,73186,10
12.9441900253,80.2378997803,73186,73196,10
12.9451398849,80.2389297485,73196,73206,10
12.9461898804,80.2395172119,73206,73216,10
12.9469804764,80.2398071289,73216,73227,11
12.9470596313,80.2398376465,73227,73237,10
12.9471302032,80.2398681641,73237,73247,10
12.9474201202,80.2399978638,73247,73257,10
12.948220253,80.2403182983,73257,73297,40
12.948220253,80.2403182983,73297,73307,10
12.9485702515,80.2404708862,73307,73318,11
12.9491701126,80.2407073975,73318,73328,10
12.9498500824,80.2409286499,73328,73338,10
12.9505996704,80.2411422729,73338,73348,10
12.9509401321,80.2412185669,73348,73358,10
12.9510202408,80.2412414551,73358,73368,10
12.9512701035,80.2413635254,73368,73378,10
12.9517002106,80.2415084839,73378,73388,10
12.9522600174,80.2417068481,73388,73398,10
12.9530296326,80.2420120239,73398,73409,11
12.9536600113,80.2422637939,73409,73419,10
12.954199791,80.242477417,73419,73429,10
12.9547996521,80.242729187,73429,73439,10
12.9553699493,80.2429428101,73439,73449,10
12.9560403824,80.2432174683,73449,73479,30
12.9563102722,80.2433319092,73479,73500,21
12.9563102722,80.2433319092,73500,73510,10
12.9569501877,80.243598938,73510,73520,10
12.9576997757,80.243927002,73520,73530,10
12.9583997726,80.244178772,73530,73540,10
12.9586801529,80.2442779541,73540,73550,10
12.9587697983,80.2443084717,73550,73560,10
12.9590597153,80.2444610596,73560,73570,10
12.9591398239,80.2444992065,73570,73581,11
12.9595403671,80.244682312,73581,73591,10
12.9601602554,80.244972229,73591,73601,10
12.9609899521,80.2453536987,73601,73611,10
12.9619903564,80.24584198,73611,73621,10
12.9626903534,80.2461700439,73621,73631,10
12.9629096985,80.2462768555,73631,73641,10
12.963139534,80.2464370728,73641,73651,10
12.9635696411,80.2466430664,73651,73661,10
12.9641599655,80.2468795776,73661,73671,10
12.9649295807,80.2471466064,73671,73682,11
12.9657497406,80.2474212646,73682,73692,10
12.9661998749,80.2475891113,73692,73702,10
12.966219902,80.2475967407,73702,73712,10
12.9666004181,80.2477264404,73712,73732,20
12.9666004181,80.2477264404,73732,73742,10
12.9667797089,80.2478408813,73742,73752,10
12.9671697617,80.2480621338,73752,73762,10
12.9679403305,80.2483978271,73762,73773,11
12.9690599442,80.2488632202,73773,73783,10
12.9702196121,80.2493209839,73783,73793,10
12.9714803696,80.2497329712,73793,73803,10
12.9727897644,80.2500686646,73803,73813,10
12.9739904404,80.2503890991,73813,73823,10
12.9751300812,80.2507171631,73823,73833,10
12.976099968,80.2509994507,73833,73843,10
12.977399826,80.251449585,73843,73853,10
12.978099823,80.2520294189,73853,73864,11
12.9786195755,80.2523422241,73864,73874,10
12.9786596298,80.2523574829,73874,73884,10
12.9790802002,80.252532959,73884,73914,30
12.9790802002,80.252532959,73914,73924,10
12.9792299271,80.2525405884,73924,73934,10
12.9796800613,80.2525787354,73934,73944,10
12.9802799225,80.2525787354,73944,73955,11
12.9807701111,80.2525787354,73955,73965,10
12.9815101624,80.2525634766,73965,73975,10
12.9822597504,80.2525405884,73975,73985,10
12.9831399918,80.2524719238,73985,74218,233
12.9831399918,80.2524719238,74218,74228,10
12.9832296371,80.252456665,74228,74238,10
12.9835100174,80.2524185181,74238,74248,10
12.9840497971,80.2522888184,74248,74258,10
12.98458004,80.2521362305,74258,74268,10
12.9851303101,80.2519836426,74268,74278,10
12.9857301712,80.2518310547,74278,74288,10
12.9863395691,80.251663208,74288,74298,10
12.9869098663,80.2515106201,74298,74309,11
12.987279892,80.2514190674,74309,74319,10
12.9877004623,80.2513198853,74319,74329,10
12.9881601334,80.2512207031,74329,74339,10
12.9888401031,80.2510604858,74339,74349,10
12.9894504547,80.2508621216,74349,74369,20
12.9894504547,80.2508621216,74369,74379,10
12.9897203445,80.250831604,74379,74389,10
12.990240097,80.2507019043,74389,74400,11
12.9910497665,80.2505111694,74400,74410,10
12.9919700623,80.2502975464,74410,74420,10
12.9931097031,80.25,74420,74430,10
12.99421978,80.2497329712,74430,74439,9
12.9948797226,80.2495422363,74439,74450,11
12.9953804016,80.2494125366,74450,74460,10
12.9961595535,80.249206543,74460,74470,10
12.9970302582,80.2489776611,74470,74480,10
12.9983100891,80.2486419678,74480,74491,11
12.9998197556,80.2482833862,74491,74501,10
13.0012598038,80.2479171753,74501,74511,10
13.0023097992,80.2476425171,74511,74521,10
13.0031499863,80.2474975586,74521,74531,10
13.0042104721,80.2473526001,74531,74541,10
13.005399704,80.247177124,74541,74551,10
13.0062398911,80.2468566895,74551,74561,10
13.0065202713,80.246421814,74561,74571,10
13.0065402985,80.2463607788,74571,74582,11
13.0066099167,80.2460784912,74582,74592,10
13.0066299438,80.2455825806,74592,74602,10
13.0066204071,80.2451629639,74602,74612,10
13.0066099167,80.2447433472,74612,74622,10
13.006649971,80.2444763184,74622,74632,10
13.0066604614,80.244102478,74632,74642,10
13.006649971,80.2436294556,74642,74652,10
13.0066404343,80.2430114746,74652,74662,10
13.0066299438,80.242149353,74662,74673,11
13.0066604614,80.2413024902,74673,74683,10
13.0066795349,80.2410430908,74683,74693,10
13.0067100525,80.2406387329,74693,74703,10
13.0067796707,80.2401199341,74703,74713,10
13.0069704056,80.2391433716,74713,74723,10
13.0071897507,80.2380981445,74723,74733,10
13.0073604584,80.2372589111,74733,74743,10
13.0074501038,80.2366867065,74743,74753,10
13.0074596405,80.2366409302,74753,74764,11
13.0075502396,80.2363891602,74764,74774,10
13.0076799393,80.2358627319,74774,74784,10
13.0078296661,80.2351608276,74784,74794,10
13.0079898834,80.2344284058,74794,74804,10
13.008190155,80.2334594727,74804,74814,10
13.0084104538,80.2323226929,74814,74824,10
13.0086202621,80.2311935425,74824,74834,10
13.0088396072,80.2301177979,74834,74844,10
13.0090303421,80.2291564941,74844,74855,11
13.0093002319,80.228012085,74855,74865,10
13.0097398758,80.2269821167,74865,74875,10
13.0101804733,80.2260284424,74875,74885,10
13.0105695724,80.2252731323,74885,74895,10
13.0106601715,80.2251205444,74895,74905,10
13.0107402802,80.2249298096,74905,74915,10
13.010890007,80.2245635986,74915,74925,10
13.0111999512,80.2238616943,74925,74935,10
13.0115299225,80.2230911255,74935,74946,11
13.0118398666,80.2221984863,74946,74956,10
13.0122404099,80.2214431763,74956,74966,10
13.0123996735,80.221496582,74966,74976,10
13.0126895905,80.2219467163,74976,74986,10
13.0131797791,80.2225036621,74986,74996,10
13.013759613,80.2231521606,74996,75006,10
13.0141401291,80.2235870361,75006,75016,10
13.0143604279,80.2239227295,75016,75026,10
13.0151195526,80.2246627808,75026,75047,21
13.0151195526,80.2246627808,75047,75057,10
13.0151796341,80.2248382568,75057,75067,10
13.0156402588,80.2251815796,75067,75077,10
13.0164203644,80.2253189087,75077,75087,10
13.017250061,80.2250289917,75087,75097,10
13.0182304382,80.2246398926,75097,75107,10
13.0190896988,80.224319458,75107,75117,10
13.0195798874,80.2243728638,75117,75148,31
13.0195798874,80.2243728638,75148,75158,10
13.0197496414,80.2245330811,75158,75168,10
13.0202503204,80.2248764038,75168,75178,10
13.0209302902,80.2253723145,75178,75188,10
13.021490097,80.2257995605,75188,75198,10
13.0220899582,80.2262420654,75198,75208,10
13.0227298737,80.2267990112,75208,75219,11
13.0233201981,80.2273178101,75219,75229,10
13.023850441,80.2277679443,75229,75239,10
13.024479866,80.2284088135,75239,75259,20
13.024479866,80.2284088135,75259,75269,10
13.0244102478,80.2285614014,75269,75279,10
13.0241804123,80.2284469604,75279,75289,10
13.0239095688,80.2281036377,75289,75299,10
13.0236997604,80.2278594971,75299,75310,11
13.0234804153,80.2276382446,75310,75320,10
13.0233898163,80.2275390625,75320,75330,10
13.0231304169,80.2273025513,75330,75340,10
13.0227203369,80.2269134521,75340,75350,10
13.0222396851,80.2264709473,75350,75360,10
13.0217504501,80.2260818481,75360,75370,10
13.0213098526,80.225730896,75370,75380,10
13.020819664,80.2253799438,75380,75390,10
13.0201196671,80.224937439,75390,75411,21
13.0201196671,80.224937439,75411,75421,10
13.0199899673,80.2248306274,75421,75431,10
13.0195798874,80.2245788574,75431,75441,10
13.018819809,80.2245330811,75441,75451,10
13.0180501938,80.2248306274,75451,75461,10
13.0171403885,80.2252120972,75461,75471,10
13.0164604187,80.2254867554,75471,75481,10
13.015879631,80.2256698608,75481,75492,11
13.0153598785,80.2258605957,75492,75502,10
13.0150098801,80.2259979248,75502,75512,10
13.0146999359,80.2260818481,75512,75522,10
13.0143995285,80.2261962891,75522,75532,10
13.0137901306,80.2264709473,75532,75542,10
13.0129098892,80.2267990112,75542,75552,10
13.011879921,80.2272033691,75552,75562,10
13.0109500885,80.2275772095,75562,75572,10
13.0098695755,80.2280273438,75572,75583,11
13.0091495514,80.2285385132,75583,75593,10
13.0089797974,80.2294311523,75593,75603,10
13.0087795258,80.2305908203,75603,75613,10
13.0085296631,80.2317962646,75613,75623,10
13.0083398819,80.233039856,75623,75633,10
13.0081796646,80.2339172363,75633,75643,10
13.0080900192,80.2344512939,75643,75653,10
13.0079097748,80.2353286743,75653,75663,10
13.0077295303,80.2362365723,75663,75674,11
13.0074901581,80.237411499,75674,75684,10
13.0073003769,80.2383804321,75684,75694,10
13.0071001053,80.2392196655,75694,75704,10
13.006939888,80.2401123047,75704,75714,10
13.0067396164,80.2410736084,75714,75724,10
13.0066795349,80.2420806885,75724,75734,10
13.0066604614,80.2428588867,75734,75744,10
13.0066204071,80.2436676025,75744,75754,10
13.0066099167,80.2447280884,75754,75765,11
13.0066699982,80.2459564209,75765,75775,10
13.0067396164,80.2471923828,75775,75815,40
13.0067396164,80.2471923828,75815,75825,10
13.006649971,80.247467041,75825,75835,10
13.0061302185,80.2474594116,75835,75845,10
13.0053501129,80.2474365234,75845,75856,11
13.0041904449,80.2474975586,75856,75866,10
13.0030403137,80.2476730347,75866,75876,10
13.0018796921,80.2479171753,75876,75886,10
13.0007200241,80.2482223511,75886,75896,10
12.99958992,80.2485122681,75896,75906,10
12.9984798431,80.2487792969,75906,75916,10
12.9974403381,80.2490310669,75916,75926,10
12.9963197708,80.2492980957,75926,75936,10
12.9952001572,80.2495574951,75936,75947,11
12.9940795898,80.2498779297,75947,75957,10
12.9929704666,80.2501525879,75957,75967,10
12.9918203354,80.2504425049,75967,75977,10
12.9909696579,80.2506790161,75977,75987,10
12.9906997681,80.2507476807,75987,75997,10
12.9905195236,80.250793457,75997,76007,10
12.990070343,80.2509002686,76007,76017,10
12.9895200729,80.2510223389,76017,76048,31
12.9895200729,80.2510223389,76048,76058,10
12.9891004562,80.2510986328,76058,76068,10
12.9890098572,80.2511062622,76068,76078,10
12.9888000488,80.2511901855,76078,76392,314
12.9888000488,80.2511901855,76392,76402,10
12.9883298874,80.2513504028,76402,76412,10
12.9879598618,80.2515563965,76412,76422,10
12.9879598618,80.2520217896,76422,76432,10
12.9879598618,80.2527389526,76432,76442,10
12.9878902435,80.2536773682,76442,76452,10
12.9878196716,80.2546005249,76452,76462,10
12.987739563,80.255569458,76462,76735,273
12.987739563,80.255569458,76735,76745,10
12.9877099991,80.2557067871,76745,76756,11
12.9876499176,80.2560195923,76756,76766,10
12.9876003265,80.2565383911,76766,76776,10
12.9875402451,80.2570419312,76776,76786,10
12.9874696732,80.2577285767,76786,76796,10
12.9874296188,80.2584609985,76796,76806,10
12.9873104095,80.2586135864,76806,76816,10
12.9868803024,80.2585678101,76816,77049,233
12.9868803024,80.2585678101,77049,77059,10
12.9866800308,80.258682251,77059,77069,10
12.9869098663,80.2586975098,77069,77079,10
