13.0747804642,80.2755813599,30310,30563,253
13.0747804642,80.2755813599,30563,30574,11
13.0748100281,80.2754592896,30574,30584,10
13.0750398636,80.275100708,30584,30594,10
13.075340271,80.2749404907,30594,30604,10
13.0755701065,80.274848938,30604,30614,10
13.075920105,80.2752075195,30614,30624,10
13.0760402679,80.2758178711,30624,30937,313
13.0760402679,80.2758178711,30937,30947,10
13.0759401321,80.2760467529,30947,30957,10
13.0760202408,80.2762680054,30957,30967,10
13.0765600204,80.2762680054,30967,30977,10
13.0773000717,80.276222229,30977,30987,10
13.0780897141,80.2761001587,30987,30997,10
13.0783596039,80.2754211426,30997,31007,10
13.0789604187,80.2751464844,31007,31018,11
13.0796899796,80.2752914429,31018,31028,10
13.080499649,80.2752380371,31028,31038,10
13.0814599991,80.2751235962,31038,31089,51
13.0814599991,80.2751235962,31089,31099,10
13.0817604065,80.2752990723,31099,31108,9
13.0817899704,80.2757415771,31108,31118,10
13.0819101334,80.2764511108,31118,31128,10
13.0820198059,80.2772827148,31128,31140,12
13.082159996,80.2784118652,31140,31150,10
13.0822000504,80.2793197632,31150,31158,8
13.0822896957,80.2801437378,31158,31170,12
13.082400322,80.2813796997,31170,31180,10
13.0826997757,80.2819671631,31180,31189,9
13.0832099915,80.2822875977,31189,31200,11
13.0840597153,80.2828063965,31200,31210,10
13.084810257,80.2834091187,31210,31219,9
13.0852203369,80.2838516235,31219,31229,10
13.0855102539,80.2836227417,31229,31239,10
13.0859298706,80.2835769653,31239,31249,10
13.0863399506,80.2836074829,31249,31261,12
13.0867500305,80.2839279175,31261,31321,60
13.0867500305,80.2839279175,31321,31331,10
13.0870199203,80.2839431763,31331,31341,10
13.0874004364,80.2839431763,31341,31352,11
13.0879201889,80.2839813232,31352,31674,322
13.0879201889,80.2839813232,31674,31685,11
13.0881700516,80.283821106,31685,31695,10
13.0881900787,80.2836532593,31695,31705,10
13.0883102417,80.283416748,31705,31715,10
13.0883102417,80.2830429077,31715,31725,10
13.0882997513,80.2824783325,31725,31735,10
13.0881500244,80.2817687988,31735,31745,10
13.0882196426,80.2814178467,31745,31755,10
13.0885801315,80.2816009521,31755,31765,10
13.0884895325,80.2820892334,31765,31775,10
13.0884304047,80.2824783325,31775,31785,10
13.0883703232,80.2828826904,31785,31794,9
13.0883703232,80.2833480835,31794,31806,12
13.0884103775,80.284072876,31806,31816,10
13.0884304047,80.2850189209,31816,31836,20
13.0884304047,80.2850189209,31836,31846,10
13.0884304047,80.2852172852,31846,31856,10
13.0884599686,80.2855072021,31856,31866,10
13.0885000229,80.2859802246,31866,31876,10
13.0885400772,80.2863922119,31876,31886,10
13.0885400772,80.2866897583,31886,31896,10
13.0885896683,80.2872467041,31896,31906,10
13.0886297226,80.2875366211,31906,31917,11
13.0886697769,80.2880096436,31917,31927,10
13.0887203217,80.2885131836,31927,31937,10
13.0887403488,80.2886810303,31937,31947,10
13.0887403488,80.2893295288,31947,31967,20
13.0887403488,80.2893295288,31967,31977,10
13.0886802673,80.2897415161,31977,31987,10
13.0887098312,80.2902069092,31987,31997,10
13.0886898041,80.290512085,31997,32007,10
13.0883197784,80.2903366089,32007,32017,10
13.0876998901,80.2899932861,32017,32028,11
13.0867795944,80.2895965576,32028,32038,10
13.0856599808,80.2892913818,32038,32048,10
13.0846500397,80.2891616821,32048,32058,10
13.0836601257,80.2891998291,32058,32068,10
13.0827503204,80.289100647,32068,32078,10
13.0817899704,80.2886962891,32078,32088,10
13.080789566,80.2883987427,32088,32098,10
13.0802402496,80.2882537842,32098,32108,10
13.0801000595,80.288230896,32108,32118,10
13.0799102783,80.288192749,32118,32128,10
13.0793600082,80.2880706787,32128,32139,11
13.0784797668,80.2876968384,32139,32149,10
13.0774898529,80.2874298096,32149,32159,10
13.0763301849,80.2871170044,32159,32169,10
13.0751495361,80.2866287231,32169,32180,11
13.0738697052,80.2860336304,32180,32189,9
13.0729398727,80.285697937,32189,32199,10
13.0718898773,80.2852630615,32199,32210,11
13.0705299377,80.2849197388,32210,32221,11
13.0690698624,80.284576416,32221,32231,10
13.0677404404,80.2843322754,32231,32241,10
13.0665502548,80.2840805054,32241,32252,11
13.0651903152,80.2837600708,32252,32262,10
13.0644598007,80.2836227417,32262,32272,10
13.0643997192,80.2836074829,32272,32282,10
13.064160347,80.2835464478,32282,32292,10
13.0636196136,80.2834014893,32292,32300,8
13.0629997253,80.2832489014,32300,32312,12
13.0625600815,80.2831420898,32312,32322,10
13.0625,80.2831268311,32322,32330,8
13.0621900558,80.2830505371,32330,32342,12
13.0614500046,80.2828826904,32342,32352,10
13.0607795715,80.282699585,32352,32363,11
13.0599002838,80.2825317383,32363,32373,10
13.058930397,80.282333374,32373,32383,10
13.0579204559,80.2821273804,32383,32393,10
13.0576496124,80.2820663452,32393,32403,10
13.0574998856,80.282043457,32403,32413,10
13.0569801331,80.2819519043,32413,32423,10
13.0568504333,80.2819290161,32423,32433,10
13.0566902161,80.2818908691,32433,32443,10
13.0562200546,80.2817764282,32443,32453,10
13.0557603836,80.2817001343,32453,32463,10
13.0550899506,80.2815628052,32463,32474,11
13.0541296005,80.2813720703,32474,32484,10
13.0530195236,80.2811737061,32484,32494,10
13.0517902374,80.2809829712,32494,32504,10
13.0505695343,80.2808074951,32504,32514,10
13.0496397018,80.280670166,32514,32524,10
13.0485696793,80.2805099487,32524,32534,10
13.0473403931,80.2803268433,32534,32544,10
13.0460796356,80.2801513672,32544,32554,10
13.0449399948,80.2799987793,32554,32564,10
13.0439500809,80.2798690796,32564,32574,10
13.0433597565,80.2797927856,32574,32585,11
13.0425796509,80.2796096802,32585,32595,10
13.0416297913,80.2794418335,32595,32605,10
13.0405397415,80.2792129517,32605,32615,10
13.0396404266,80.2789382935,32615,32625,10
13.0393400192,80.2788619995,32625,32635,10
13.0392198563,80.2788162231,32635,32645,10
13.0390501022,80.2788009644,32645,32655,10
13.0387201309,80.278678894,32655,32665,10
13.0380802155,80.2784805298,32665,32675,10
13.0372800827,80.2782211304,32675,32685,10
13.0364999771,80.2779312134,32685,32696,11
13.0355195999,80.2777404785,32696,32706,10
13.0347995758,80.277633667,32706,32714,8
13.0343103409,80.2774963379,32714,32726,12
13.033659935,80.27734375,32726,32736,10
13.0331497192,80.2774581909,32736,32746,10
13.0326004028,80.2775726318,32746,32756,10
13.0320196152,80.2776107788,32756,32766,10
13.031370163,80.2775497437,32766,32786,20
13.031370163,80.2775497437,32786,32796,10
13.0309495926,80.2772903442,32796,32817,21
13.0309495926,80.2772903442,32817,32827,10
13.0307397842,80.2771377563,32827,32837,10
13.0301399231,80.2768478394,32837,32847,10
13.0293598175,80.2766571045,32847,32857,10
13.0285701752,80.2763519287,32857,32867,10
13.0277500153,80.2760162354,32867,32877,10
13.0268001556,80.2755737305,32877,32887,10
13.0261297226,80.2752609253,32887,32897,10
13.0261096954,80.2752532959,32897,32907,10
13.0258903503,80.275177002,32907,32918,11
13.0254402161,80.2749710083,32918,32928,10
13.0247402191,80.2746810913,32928,32938,10
13.0242595673,80.2742462158,32938,32948,10
13.024020195,80.2739486694,32948,32958,10
13.0236797333,80.2734832764,32958,32968,10
13.023229599,80.272857666,32968,32978,10
13.0227098465,80.2721405029,32978,32988,10
13.0220499039,80.2713165283,32988,32998,10
13.0209999084,80.2700195313,32998,33018,20
13.0209999084,80.2700195313,33018,33029,11
13.0208902359,80.2698822021,33029,33039,10
13.0207595825,80.2697296143,33039,33049,10
13.0203800201,80.269241333,33049,33059,10
13.0198402405,80.2685775757,33059,33069,10
13.019200325,80.2677764893,33069,33079,10
13.0188302994,80.2673416138,33079,33089,10
13.0186901093,80.2667388916,33089,33099,10
13.0186300278,80.2659988403,33099,33109,10
13.0187397003,80.2654266357,33109,33119,10
13.0189599991,80.2646179199,33119,33130,11
13.0190000534,80.2636566162,33130,33140,10
13.0189199448,80.263092041,33140,33160,20
13.0189199448,80.263092041,33160,33172,12
13.0188798904,80.2627487183,33172,33182,10
13.0188503265,80.2623672485,33182,33192,10
13.0187397003,80.2617797852,33192,33200,8
13.0187196732,80.2614822388,33200,33210,10
13.0185403824,80.2611999512,33210,33220,10
13.0181598663,80.2609176636,33220,33232,12
13.0175104141,80.2605209351,33232,33240,8
13.0169897079,80.2601776123,33240,33253,13
13.0161504745,80.2597122192,33253,33273,20
13.0161504745,80.2597122192,33273,33283,10
13.0158195496,80.2595596313,33283,33293,10
13.0152196884,80.2593688965,33293,33303,10
13.01445961,80.2593002319,33303,33313,10
13.0135602951,80.2592468262,33313,33323,10
13.0124902725,80.2592010498,33323,33333,10
13.0114202499,80.259147644,33333,33343,10
13.0104503632,80.2591323853,33343,33353,10
13.0093402863,80.2591094971,33353,33364,11
13.0081796646,80.2590332031,33364,33374,10
13.0072698593,80.2585220337,33374,33384,10
13.0068101883,80.2579193115,33384,33394,10
13.0065803528,80.2572631836,33394,33404,10
13.006529808,80.2564620972,33404,33414,10
13.0065402985,80.2557983398,33414,33424,10
13.0065498352,80.2551269531,33424,33434,10
13.0065002441,80.2543106079,33434,33444,10
13.0064897537,80.25415802,33444,33454,10
13.0065698624,80.2540817261,33454,33464,10
13.0065803528,80.2538833618,33464,33474,10
13.0066204071,80.2534332275,33474,33485,11
13.0066204071,80.2526931763,33485,33495,10
13.0066604614,80.252243042,33495,33505,10
13.0067596436,80.2513809204,33505,33616,111
13.0067596436,80.2513809204,33616,33626,10
13.006770134,80.2511520386,33626,33636,10
13.0067796707,80.2511291504,33636,33646,10
13.006819725,80.2508468628,33646,33656,10
13.0067901611,80.250328064,33656,33666,10
13.0068101883,80.2499084473,33666,33676,10
13.006819725,80.249671936,33676,33686,10
13.0068397522,80.249420166,33686,33696,10
13.0068397522,80.2493362427,33696,33707,11
13.0068397522,80.2493209839,33707,33717,10
13.0068502426,80.249168396,33717,33727,10
13.0068397522,80.2491226196,33727,33737,10
13.0068101883,80.248916626,33737,33747,10
13.0067300797,80.2485122681,33747,33757,10
13.0067195892,80.2482299805,33757,33767,10
13.0066699982,80.2479476929,33767,33878,111
13.0066699982,80.2479476929,33878,33888,10
13.0066099167,80.247756958,33888,33898,10
13.0066404343,80.247253418,33898,33908,10
13.0065803528,80.2465667725,33908,33917,9
13.0066204071,80.2464370728,33917,33929,12
13.0066604614,80.2460327148,33929,33939,10
13.0066404343,80.2453765869,33939,33949,10
13.0066003799,80.244682312,33949,33959,10
13.0066204071,80.2440414429,33959,33969,10
13.0066003799,80.2435073853,33969,33979,10
13.0065698624,80.2429962158,33979,33989,10
13.0065498352,80.2421722412,33989,33999,10
13.0065498352,80.2414779663,33999,34009,10
13.0065603256,80.2412796021,34009,34019,10
13.0065698624,80.2412261963,34019,34029,10
13.0065803528,80.2411193848,34029,34039,10
13.0066099167,80.2409362793,34039,34050,11
13.0066604614,80.2406768799,34050,34100,50
13.0066604614,80.2406768799,34100,34111,11
13.0067300797,80.2403488159,34111,34120,9
13.0068101883,80.2400283813,34120,34131,11
13.006939888,80.2392807007,34131,34141,10
13.0071001053,80.2383422852,34141,34152,11
13.0072898865,80.2374420166,34152,34162,10
13.0073699951,80.2368392944,34162,34172,10
13.007399559,80.2367172241,34172,34180,8
13.0074996948,80.2363967896,34180,34192,12
13.0076599121,80.2356033325,34192,34200,8
13.0077695847,80.2350463867,34200,34211,11
13.0079402924,80.2342071533,34211,34221,10
13.0081396103,80.2331771851,34221,34232,11
13.0083999634,80.2318572998,34232,34242,10
13.008600235,80.2307891846,34242,34251,9
13.0087995529,80.2297821045,34251,34261,10
13.0089998245,80.2286834717,34261,34271,10
13.0093002319,80.2277526855,34271,34281,10
13.0096597672,80.2269363403,34281,34291,10
13.0101003647,80.226020813,34291,34303,12
13.0105800629,80.2249984741,34303,34311,8
13.0108499527,80.2244186401,34311,34321,10
13.0111103058,80.2237091064,34321,34331,10
13.0112895966,80.223197937,34331,34341,10
13.0108804703,80.2229690552,34341,34351,10
13.0101900101,80.2226409912,34351,34361,10
13.0094900131,80.2222595215,34361,34373,12
13.0088195801,80.2219085693,34373,34384,11
13.008310318,80.2216262817,34384,34394,10
13.0075101852,80.2211914063,34394,34404,10
13.0066604614,80.2207717896,34404,34414,10
13.0057001114,80.2205276489,34414,34424,10
13.0047597885,80.2203063965,34424,34434,10
13.0037698746,80.2200469971,34434,34444,10
13.002820015,80.2197418213,34444,34454,10
13.0020599365,80.2190628052,34454,34464,10
13.0014400482,80.2184829712,34464,34474,10
13.0008897781,80.2181015015,34474,34484,10
13.0002002716,80.217666626,34484,34494,10
12.9994802475,80.2172470093,34494,34506,12
12.998459816,80.2167434692,34506,34516,10
12.9979896545,80.2166137695,34516,34536,20
12.9979896545,80.2166137695,34536,34546,10
12.9977998734,80.2165603638,34546,34556,10
12.9975404739,80.2165374756,34556,34566,10
12.997300148,80.2165374756,34566,34576,10
12.9968299866,80.2165527344,34576,34586,10
12.9964704514,80.2165908813,34586,34595,9
12.9959497452,80.2166976929,34595,34607,12
12.9951496124,80.2170410156,34607,34617,10
12.9947395325,80.2173614502,34617,34627,10
12.9942598343,80.2176971436,34627,34637,10
12.9938201904,80.2180633545,34637,34647,10
12.9932403564,80.2184371948,34647,34657,10
12.9925699234,80.2188873291,34657,34667,10
12.9919204712,80.2193603516,34667,34677,10
12.9913396835,80.2198104858,34677,34687,10
12.9909200668,80.2201004028,34687,34697,10
12.9909095764,80.220123291,34697,34707,10
12.9906702042,80.2203216553,34707,34718,11
12.9901399612,80.2207336426,34718,34728,10
12.9895801544,80.2213134766,34728,34736,8
12.9892196655,80.2218399048,34736,34748,12
12.9884595871,80.2226333618,34748,34758,10
12.9882202148,80.2228164673,34758,34768,10
12.9881000519,80.22290802,34768,34778,10
12.9879999161,80.2229766846,34778,34788,10
12.9877796173,80.2230834961,34788,34798,10
12.9874897003,80.2230606079,34798,34808,10
12.9871997833,80.2230377197,34808,34818,10
12.9870195389,80.2230072021,34818,34829,11
12.986410141,80.2229385376,34829,34839,10
12.9856395721,80.2231216431,34839,34849,10
12.985159874,80.2232208252,34849,34859,10
12.9845600128,80.2229385376,34859,34869,10
12.983880043,80.2225570679,34869,34879,10
12.9834403992,80.2222671509,34879,34889,10
12.9833297729,80.2222290039,34889,34899,10
12.9830799103,80.2220687866,34899,34909,10
12.983039856,80.2220611572,34909,34919,10
12.9827003479,80.2219085693,34919,34928,9
12.9823198318,80.2218017578,34928,34940,12
12.9818096161,80.2214431763,34940,34950,10
12.981089592,80.2211303711,34950,34960,10
12.980340004,80.2210922241,34960,34970,10
12.9796199799,80.2211227417,34970,34980,10
12.9789199829,80.2211380005,34980,34990,10
12.9782104492,80.2211685181,34990,35000,10
12.9777603149,80.2212295532,35000,35010,10
12.9774999619,80.221282959,35010,35020,10
12.9769601822,80.2212371826,35020,35030,10
12.9762201309,80.2213363647,35030,35050,20
12.9762201309,80.2213363647,35050,35061,11
12.9763097763,80.2217025757,35061,35072,11
12.9765300751,80.2220001221,35072,35134,62
12.9765996933,80.2222290039,35134,35688,554
12.9766902924,80.2223892212,35688,36018,330
12.977519989,80.2227401733,36018,36051,33
12.977519989,80.2219467163,36051,36081,30
12.9775104523,80.2218017578,36081,36171,90
12.9775104523,80.2218017578,36171,36203,32
12.9774703979,80.2213287354,36203,36213,10
12.9776201248,80.2211608887,36213,36223,10
12.9778499603,80.2211914063,36223,36233,10
12.9781503677,80.2211914063,36233,36243,10
12.9787597656,80.2211532593,36243,36253,10
12.9794998169,80.2210922241,36253,36263,10
12.9802999496,80.2210235596,36263,36273,10
12.9811000824,80.2210235596,36273,36283,10
12.9814596176,80.2212219238,36283,36293,10
12.9817399979,80.2214279175,36293,36304,11
12.9821195602,80.2216796875,36304,36314,10
12.9821500778,80.2216796875,36314,36324,10
12.9823102951,80.2217025757,36324,36334,10
12.9826002121,80.2218093872,36334,36344,10
12.9827604294,80.2218780518,36344,36354,10
12.9829597473,80.2219619751,36354,36364,10
12.9830598831,80.2220230103,36364,36374,10
12.9833698273,80.2222213745,36374,36384,10
12.9837503433,80.2224807739,36384,36394,10
12.9842796326,80.2227783203,36394,36404,10
12.9848203659,80.2230987549,36404,36415,11
12.9852304459,80.2232666016,36415,36425,10
12.9856100082,80.2230834961,36425,36435,10
12.9861898422,80.2229766846,36435,36445,10
12.9864997864,80.2229766846,36445,36455,10
12.9866695404,80.2229995728,36455,36465,10
12.9870996475,80.2230606079,36465,36475,10
12.9877195358,80.2230529785,36475,36485,10
12.988360405,80.2226104736,36485,36495,10
12.988940239,80.2220535278,36495,36505,10
12.9894304276,80.2214126587,36505,36515,10
12.9897899628,80.2209396362,36515,36525,10
12.9902200699,80.2205123901,36525,36536,11
12.990480423,80.2203063965,36536,36546,10
12.9906301498,80.2202072144,36546,36556,10
12.9909896851,80.2199401855,36556,36566,10
12.9915504456,80.2195129395,36566,36576,10
12.9922304153,80.2190170288,36576,36586,10
12.9929504395,80.21849823,36586,36596,10
12.9937295914,80.2179336548,36596,36606,10
12.9941101074,80.2176589966,36606,36616,10
12.99421978,80.217590332,36616,36626,10
12.9943399429,80.2175064087,36626,36636,10
12.9945497513,80.2173614502,36636,36647,11
12.9947395325,80.2172164917,36647,36657,10
12.9947900772,80.2171783447,36657,36667,10
12.9950504303,80.2169799805,36667,36677,10
12.9955596924,80.2167205811,36677,36687,10
12.9962997437,80.2165374756,36687,36697,10
12.9968395233,80.216468811,36697,36707,10
12.9969100952,80.2164611816,36707,36717,10
12.9971704483,80.2164382935,36717,36727,10
12.997590065,80.2164306641,36727,36747,20
12.997590065,80.2164306641,36747,36758,11
12.9980096817,80.2164993286,36758,36768,10
12.9986095428,80.2166824341,36768,36778,10
12.9992904663,80.2170333862,36778,36788,10
12.9999704361,80.2174682617,36788,36798,10
13.0007095337,80.217918396,36798,36808,10
13.0014801025,80.2184371948,36808,36818,10
13.0021295547,80.219078064,36818,36828,10
13.0027999878,80.2196807861,36828,36838,10
13.0036401749,80.2199783325,36838,36848,10
13.0045795441,80.2201690674,36848,36858,10
13.0055799484,80.2203903198,36858,36869,11
13.0067396164,80.2206573486,36869,36879,10
13.0077295303,80.2211990356,36879,36889,10
13.008769989,80.2217712402,36889,36899,10
13.0098400116,80.2223510742,36899,36909,10
13.0113401413,80.2230987549,36909,36940,31
13.0113401413,80.2230987549,36940,36950,10
13.0115995407,80.2233200073,36950,36960,10
13.0120201111,80.2235717773,36960,36969,9
13.0124998093,80.2238616943,36969,36982,13
13.0135698318,80.224357605,36982,36992,10
13.0143899918,80.2248077393,36992,37002,10
13.015080452,80.225189209,37002,37012,10
13.0152997971,80.2252883911,37012,37021,9
13.0154304504,80.2255401611,37021,37032,11
13.0151195526,80.2258224487,37032,37042,10
13.0145797729,80.2260513306,37042,37052,10
13.0138597488,80.2263565063,37052,37062,10
13.0132398605,80.2266616821,37062,37072,10
13.0124998093,80.2269592285,37072,37080,8
13.0118703842,80.2272186279,37080,37093,13
13.0106601715,80.2277297974,37093,37103,10
13.0097503662,80.2281112671,37103,37113,10
13.0091495514,80.2287368774,37113,37123,10
13.008939743,80.2297363281,37123,37133,10
13.0087299347,80.2309112549,37133,37143,10
13.008480072,80.2321624756,37143,37153,10
13.0082798004,80.2335510254,37153,37173,20
13.0082798004,80.2335510254,37173,37183,10
13.0082197189,80.2336273193,37183,37193,10
13.0081300735,80.2340164185,37193,37203,10
13.008020401,80.2346420288,37203,37214,11
13.0078201294,80.2355804443,37214,37224,10
13.0076198578,80.2366104126,37224,37234,10
13.0074100494,80.2376480103,37234,37244,10
13.0073795319,80.2377471924,37244,37254,10
13.0073404312,80.2379379272,37254,37264,10
13.0073003769,80.2382736206,37264,37274,10
13.0072097778,80.2387237549,37274,37284,10
13.0070295334,80.2397384644,37284,37448,164
13.0070295334,80.2397384644,37448,37458,10
13.0068998337,80.2405929565,37458,37478,20
13.0068998337,80.2405929565,37478,37488,10
13.0068502426,80.2408905029,37488,37498,10
13.0067901611,80.2414016724,37498,37508,10
13.006770134,80.2419204712,37508,37569,61
13.0067300797,80.2423171997,37569,37609,40
13.0067300797,80.2423171997,37609,37619,10
13.0067195892,80.2427825928,37619,37629,10
13.0067195892,80.2430419922,37629,37639,10
13.0067195892,80.2432403564,37639,37649,10
13.0067300797,80.2434387207,37649,37659,10
13.0067195892,80.2436218262,37659,37669,10
13.0067300797,80.2442474365,37669,37689,20
13.0067300797,80.2442474365,37689,37699,10
13.0067195892,80.2446136475,37699,37719,20
13.0067195892,80.2446136475,37719,37729,10
13.0067195892,80.2448806763,37729,37739,10
13.0067300797,80.2451629639,37739,37749,10
13.0067396164,80.2454986572,37749,37760,11
13.0067996979,80.2461471558,37760,37770,10
13.006819725,80.2470169067,37770,37780,10
13.0067901611,80.2479476929,37780,37790,10
13.0069103241,80.2494506836,37790,37810,20
13.0069103241,80.2494506836,37810,37820,10
13.0068902969,80.2496109009,37820,37831,11
13.0068597794,80.2501602173,37831,37841,10
13.0068502426,80.2508926392,37841,37851,10
13.0067501068,80.2517929077,37851,37861,10
13.0065603256,80.2527389526,37861,37871,10
13.0065603256,80.2537078857,37871,37880,9
13.0066003799,80.2546691895,37880,37893,13
13.0066204071,80.2553863525,37893,37903,10
13.006649971,80.2560882568,37903,37913,10
13.0066699982,80.2567977905,37913,37923,10
13.0067100525,80.2570800781,37923,37933,10
13.0066995621,80.2570877075,37933,37943,10
13.0066604614,80.2571487427,37943,37953,10
13.0067195892,80.257522583,37953,37963,10
13.006939888,80.2580871582,37963,37973,10
13.007610321,80.2586212158,37973,37983,10
13.0084600449,80.2589035034,37983,37993,10
13.0085697174,80.2589569092,37993,38004,11
13.0086097717,80.2590103149,38004,38014,10
13.0089998245,80.2590789795,38014,38024,10
13.0097303391,80.2590484619,38024,38034,10
13.0106496811,80.2590408325,38034,38044,10
13.0116500854,80.2590332031,38044,38054,10
13.0127496719,80.2590789795,38054,38064,10
13.0139799118,80.2591171265,38064,38074,10
13.0152902603,80.2591934204,38074,38084,10
13.0162601471,80.2594985962,38084,38094,10
13.0164203644,80.2596130371,38094,38103,9
13.0164604187,80.2596588135,38103,38115,12
13.0169095993,80.2600021362,38115,38125,10
13.0174798965,80.2603683472,38125,38135,10
13.0179796219,80.2607116699,38135,38145,10
13.018409729,80.2610168457,38145,38155,10
13.018819809,80.2613372803,38155,38165,10
13.0191001892,80.2615737915,38165,38175,10
13.0195198059,80.2619400024,38175,38185,10
13.0200004578,80.2624664307,38185,38195,10
13.0202503204,80.2629623413,38195,38205,10
13.0198202133,80.2629623413,38205,38214,9
13.0192804337,80.2629318237,38214,38225,11
13.0190296173,80.2631072998,38225,38236,11
13.0191297531,80.2636871338,38236,38246,10
13.0191602707,80.2639312744,38246,38256,10
13.0191497803,80.2639923096,38256,38266,10
13.0191297531,80.2643737793,38266,38275,9
13.018989563,80.2648696899,38275,38287,12
13.0188398361,80.2654418945,38287,38297,10
13.0187196732,80.2659835815,38297,38307,10
13.0187597275,80.266746521,38307,38317,10
13.0190601349,80.2675018311,38317,38327,10
13.019490242,80.2681121826,38327,38337,10
13.0198898315,80.2686233521,38337,38348,11
13.0205001831,80.2693023682,38348,38358,10
13.0207004547,80.2695236206,38358,38368,10
13.0207500458,80.2695922852,38368,38378,10
13.0208702087,80.26978302,38378,38388,10
13.0212202072,80.2702178955,38388,38398,10
13.0214595795,80.2704467773,38398,38408,10
13.0215501785,80.2705535889,38408,38418,10
13.0218496323,80.2709274292,38418,38428,10
13.0223197937,80.271522522,38428,38438,10
13.0228500366,80.2722167969,38438,38448,10
13.0234699249,80.2730178833,38448,38479,31
13.0234699249,80.2730178833,38479,38489,10
13.0235900879,80.2731781006,38489,38499,10
13.0239295959,80.273651123,38499,38509,10
13.0243597031,80.2742462158,38509,38519,10
13.0248203278,80.2746276855,38519,38529,10
13.0253601074,80.2748413086,38529,38539,10
13.0254001617,80.2748718262,38539,38549,10
13.0256099701,80.2749862671,38549,38558,9
13.0258903503,80.2751312256,38558,38570,12
13.0264196396,80.2753829956,38570,38580,10
13.0269899368,80.2756118774,38580,38590,10
13.0275802612,80.2759399414,38590,38600,10
13.0281496048,80.2761611938,38600,38610,10
13.0283298492,80.276222229,38610,38620,10
13.0284996033,80.276260376,38620,38630,10
13.0288200378,80.2763900757,38630,38640,10
13.0293397903,80.2765808105,38640,38650,10
13.029589653,80.2766265869,38650,38660,10
13.0299501419,80.2767791748,38660,38670,10
13.0305595398,80.2770385742,38670,38680,10
13.0311098099,80.2773513794,38680,38710,30
13.0311098099,80.2773513794,38710,38720,10
13.0312595367,80.2773971558,38720,38730,10
13.0316095352,80.2775421143,38730,38741,11
13.0322198868,80.2775115967,38741,38751,10
13.0326499939,80.2774581909,38751,38761,10
13.0332202911,80.2774200439,38761,38771,10
13.0337696075,80.2773590088,38771,38781,10
13.0344295502,80.2775115967,38781,38791,10
13.0351295471,80.277633667,38791,38801,10
13.035779953,80.2777404785,38801,38811,10
13.0363798141,80.2778701782,38811,38824,13
13.0368995667,80.2780990601,38824,38834,10
13.0370397568,80.2781600952,38834,38844,10
13.0371704102,80.2782363892,38844,38854,10
13.0376195908,80.2783737183,38854,38864,10
13.0384502411,80.2785797119,38864,38874,10
13.0387897491,80.2786331177,38874,38884,10
13.0389995575,80.278717041,38884,38894,10
13.0393896103,80.2788391113,38894,38905,11
13.0401201248,80.2790603638,38905,38915,10
13.0409603119,80.2792663574,38915,38925,10
13.0418901443,80.2794189453,38925,38935,10
13.0429697037,80.2796020508,38935,38945,10
13.0441398621,80.2798614502,38945,38955,10
13.0452899933,80.2800292969,38955,38965,10
13.0462703705,80.280166626,38965,38975,10
13.0471496582,80.2802886963,38975,38985,10
13.0481996536,80.280418396,38985,38995,10
13.0490198135,80.2805175781,38995,39005,10
13.0496997833,80.2806167603,39005,39015,10
13.0504598618,80.2807235718,39015,39026,11
13.05148983,80.2808914185,39026,39036,10
13.052479744,80.281036377,39036,39046,10
13.0532903671,80.2811737061,39046,39056,10
13.0541496277,80.2813110352,39056,39066,10
13.0550298691,80.2814865112,39066,39076,10
13.0555696487,80.2815933228,39076,39086,10
13.0559902191,80.2816696167,39086,39096,10
13.0563898087,80.2817382813,39096,39106,10
13.0564403534,80.2817611694,39106,39116,10
13.0566997528,80.2818222046,39116,39125,9
13.0570402145,80.2818908691,39125,39137,12
13.0573301315,80.2819366455,39137,39157,20
13.0573301315,80.2819366455,39157,39167,10
13.0575704575,80.2819976807,39167,39177,10
13.0580701828,80.2820968628,39177,39187,10
13.0588102341,80.2822570801,39187,39197,10
13.059709549,80.2824401855,39197,39207,10
13.0606803894,80.2826309204,39207,39217,10
13.061630249,80.2828369141,39217,39227,10
13.062330246,80.2830123901,39227,39237,10
13.0630502701,80.2831497192,39237,39258,21
13.0630502701,80.2831497192,39258,39268,10
13.0634202957,80.283241272,39268,39278,10
13.0640697479,80.2833786011,39278,39288,10
13.0649003983,80.2835769653,39288,39298,10
13.065990448,80.283821106,39298,39308,10
13.0676202774,80.2841796875,39308,39338,30
13.0676202774,80.2841796875,39338,39348,10
13.067990303,80.2842178345,39348,39359,11
13.0687198639,80.2843780518,39359,39369,10
13.0695896149,80.2845916748,39369,39379,10
13.0706701279,80.2848815918,39379,39389,10
13.0718603134,80.2851867676,39389,39399,10
13.0731496811,80.2853164673,39399,39409,10
13.0739898682,80.2855606079,39409,39419,10
13.0741701126,80.2857971191,39419,39429,10
13.0745601654,80.2861709595,39429,39439,10
13.075220108,80.2865829468,39439,39449,10
13.0760297775,80.2870025635,39449,39459,10
13.0771198273,80.2872695923,39459,39469,10
13.0783100128,80.2875823975,39469,39480,11
13.07929039,80.2879180908,39480,39490,10
13.0797700882,80.2880630493,39490,39500,10
13.0800199509,80.2880783081,39500,39510,10
13.0805902481,80.288192749,39510,39520,10
13.0807800293,80.2882385254,39520,39530,10
13.0809898376,80.2883300781,39530,39541,11
13.081609726,80.2885437012,39541,39551,10
13.0823602676,80.2888412476,39551,39561,10
13.0832004547,80.2891693115,39561,39571,10
13.0840797424,80.2891387939,39571,39581,10
13.0849895477,80.2891311646,39581,39591,10
13.0857896805,80.2892303467,39591,39602,11
13.0867099762,80.2894897461,39602,39612,10
13.0874996185,80.2897720337,39612,39622,10
13.0887203217,80.2901000977,39622,39642,20
13.0887203217,80.2901000977,39642,39652,10
13.0888204575,80.2901306152,39652,39704,52
13.0888204575,80.2901306152,39704,39714,10
13.0887899399,80.290397644,39714,39724,10
13.0883302689,80.2902603149,39724,39734,10
13.0877799988,80.2900238037,39734,39744,10
13.0870199203,80.2897796631,39744,39754,10
13.0863895416,80.2895965576,39754,39764,10
13.0858001709,80.2894592285,39764,39774,10
13.0854797363,80.2889862061,39774,39784,10
13.0851802826,80.2883529663,39784,39793,9
13.0851097107,80.2875976563,39793,39804,11
13.0852003098,80.2865371704,39804,39814,10
13.0860900879,80.283531189,39814,39884,70
13.0860900879,80.283531189,39884,39905,21
13.0867099762,80.2838821411,39905,39964,59
13.0867099762,80.2838821411,39964,39974,10
13.086979866,80.2839584351,39974,39986,12
13.0871601105,80.2839279175,39986,39994,8
13.0872297287,80.2839202881,39994,40004,10
13.0875101089,80.2839431763,40004,40034,30
13.0875101089,80.2839431763,40034,40047,13
13.087770462,80.2839508057,40047,40097,50
13.087770462,80.2839508057,40097,40107,10
13.0881900787,80.2838516235,40107,40208,101
13.0881900787,80.2838516235,40208,40248,40
13.0881500244,80.2838516235,40248,40258,10
13.0881500244,80.2837982178,40258,40269,11
13.0881099701,80.2837295532,40269,40279,10
13.0881004333,80.2836532593,40279,40420,141
13.0881500244,80.283782959,40420,40581,161
13.0881500244,80.283782959,40581,40591,10
13.0882101059,80.2835388184,40591,40601,10
13.0882997513,80.2832794189,40601,40612,11
13.0882902145,80.2829818726,40612,40622,10
13.0882997513,80.2828369141,40622,40632,10
13.0882997513,80.2826385498,40632,40642,10
13.088259697,80.282409668,40642,40652,10
13.0882101059,80.2821578979,40652,40662,10
13.0881700516,80.282043457,40662,40672,10
13.0881099701,80.2817611694,40672,40682,10
13.0882396698,80.28150177,40682,40692,10
13.0885400772,80.2815704346,40692,40702,10
13.0885295868,80.2818984985,40702,40712,10
13.0884599686,80.2822265625,40712,40723,11
13.0884199142,80.2825393677,40723,40733,10
13.0883903503,80.2827987671,40733,40743,10
13.0883798599,80.283241272,40743,40753,10
13.0883798599,80.283782959,40753,40763,10
13.0884103775,80.2843780518,40763,40773,10
13.088470459,80.2847900391,40773,40783,10
13.0884599686,80.2852325439,40783,40793,10
13.088470459,80.2854385376,40793,40803,10
13.0885095596,80.2856521606,40803,40813,10
13.0885400772,80.2860488892,40813,40823,10
13.0885400772,80.2863616943,40823,40834,11
13.0885400772,80.286567688,40834,40844,10
13.0885696411,80.2870330811,40844,40854,10
13.0886096954,80.2874221802,40854,40864,10
13.0886297226,80.2876815796,40864,40874,10
13.0886697769,80.2881317139,40874,40884,10
13.0887002945,80.2884063721,40884,40894,10
13.0887098312,80.28855896,40894,40904,10
13.0887098312,80.2888717651,40904,40914,10
13.0887699127,80.2893600464,40914,40925,11
13.0887699127,80.2895202637,40925,40934,9
13.088760376,80.2899093628,40934,40985,51
13.088760376,80.2899093628,40985,40995,10
13.0888204575,80.2901306152,40995,41054,59
13.0888204575,80.2901306152,41054,41067,13
13.0888204575,80.2903289795,41067,41077,10
13.0885696411,80.290397644,41077,41085,8
13.0883102417,80.2902526855,41085,41097,12
13.087770462,80.2900085449,41097,41107,10
13.0870504379,80.2897033691,41107,41117,10
13.0860204697,80.2893981934,41117,41127,10
13.0847597122,80.2891998291,41127,41137,10
13.0836200714,80.2892379761,41137,41147,10
13.0827999115,80.2891616821,41147,41157,10
13.0818996429,80.2887573242,41157,41164,7
13.0811395645,80.2884979248,41164,41178,14
13.0803499222,80.2882995605,41178,41188,10
13.0801401138,80.288230896,41188,41198,10
13.0799798965,80.2882232666,41198,41208,10
13.0797395706,80.2881774902,41208,41218,10
13.0791501999,80.2880325317,41218,41228,10
13.0783395767,80.2876968384,41228,41238,10
13.0773000717,80.2874221802,41238,41248,10
13.0761098862,80.2871017456,41248,41258,10
13.075050354,80.2866134644,41258,41268,10
13.0742197037,80.2861785889,41268,41278,10
13.0735301971,80.2860183716,41278,41289,11
13.0729799271,80.2857971191,41289,41298,9
13.0724802017,80.2855072021,41298,41309,11
13.0715904236,80.2852401733,41309,41319,10
13.070520401,80.2849731445,41319,41329,10
13.0694599152,80.2847213745,41329,41339,10
13.0686702728,80.2845306396,41339,41349,10
13.0679502487,80.2843780518,41349,41369,20
13.0679502487,80.2843780518,41369,41379,10
13.067899704,80.2844009399,41379,41388,9
13.0675096512,80.2843475342,41388,41400,12
13.0665903091,80.2841415405,41400,41410,10
13.0656404495,80.2839126587,41410,41420,10
13.0642499924,80.2836227417,41420,41440,20
13.0642499924,80.2836227417,41440,41450,10
13.0641403198,80.2836303711,41450,41460,10
13.0636901855,80.2834625244,41460,41470,10
13.0629196167,80.2832565308,41470,41480,10
13.0625095367,80.2831573486,41480,41490,10
13.0624103546,80.2831268311,41490,41500,10
13.0619096756,80.2830123901,41500,41511,11
13.0610599518,80.2827911377,41511,41521,10
13.0601396561,80.2826080322,41521,41531,10
13.0590400696,80.2823791504,41531,41541,10
13.0580396652,80.2821884155,41541,41551,10
13.0574703217,80.282081604,41551,41561,10
13.0568304062,80.2819366455,41561,41571,10
13.0566997528,80.2819213867,41571,41581,10
13.0562696457,80.2818374634,41581,41591,10
13.0555801392,80.2816925049,41591,41601,10
13.0547800064,80.2815093994,41601,41611,10
13.0537595749,80.2813034058,41611,41621,10
13.0526399612,80.2811279297,41621,41632,11
13.0515298843,80.2809677124,41632,41642,10
13.0506000519,80.2808303833,41642,41652,10
13.0496902466,80.2806777954,41652,41662,10
13.048620224,80.2805404663,41662,41672,10
13.0473899841,80.2803726196,41672,41682,10
13.0462398529,80.2802200317,41682,41692,10
13.0455503464,80.2801132202,41692,41702,10
13.0448598862,80.2800216675,41702,41712,10
13.0438699722,80.279876709,41712,41743,31
13.0438699722,80.279876709,41743,41753,10
13.0437698364,80.2798690796,41753,41763,10
13.0433397293,80.2798080444,41763,41773,10
13.0426397324,80.2796630859,41773,41783,10
13.0417203903,80.2794876099,41783,41793,10
13.0406198502,80.2792663574,41793,41803,10
13.0396003723,80.2790222168,41803,41813,10
13.039059639,80.2788696289,41813,41823,10
13.0389604568,80.2788085938,41823,41833,10
13.0386104584,80.2786636353,41833,41843,10
13.0379800797,80.2784423828,41843,41854,11
13.0371103287,80.2781982422,41854,41864,10
13.036359787,80.2779083252,41864,41874,10
13.0359201431,80.2777786255,41874,41884,10
13.0355796814,80.2777099609,41884,41894,10
13.0350799561,80.277633667,41894,41904,10
13.0342998505,80.2775115967,41904,41914,10
13.0336704254,80.277381897,41914,41924,10
13.0332202911,80.2774429321,41924,41934,10
13.0329799652,80.2774734497,41934,41944,10
13.0327196121,80.2774581909,41944,41954,10
13.0321798325,80.2775192261,41954,41964,10
13.0316896439,80.2776184082,41964,41975,11
13.0314302444,80.2775115967,41975,41985,10
13.0312900543,80.2772979736,41985,41996,11
13.0311098099,80.2772064209,41996,42006,10
13.0309896469,80.277130127,42006,42015,9
13.0306997299,80.2769470215,42015,42026,11
13.0299797058,80.2767105103,42026,42036,10
13.0291900635,80.2764968872,42036,42046,10
13.0284004211,80.2762527466,42046,42056,10
13.027680397,80.2760162354,42056,42065,9
13.027130127,80.2758026123,42065,42078,13
13.0263395309,80.2753601074,42078,42088,10
13.0260696411,80.2752838135,42088,42098,10
13.0259799957,80.2752075195,42098,42108,10
13.025639534,80.2750778198,42108,42118,10
13.0251302719,80.2748031616,42118,42128,10
13.0242004395,80.2742004395,42128,42189,61
13.0242004395,80.2742004395,42189,42199,10
13.0240097046,80.2738800049,42199,42209,10
13.0236701965,80.2734603882,42209,42219,10
13.0232200623,80.2728729248,42219,42229,10
13.022649765,80.272102356,42229,42239,10
13.0219402313,80.2711715698,42239,42249,10
13.0212802887,80.2703475952,42249,42259,10
13.0208396912,80.269821167,42259,42269,10
13.0206804276,80.26953125,42269,42279,10
13.0202598572,80.2690734863,42279,42289,10
13.0197296143,80.2684707642,42289,42300,11
13.0191202164,80.2677688599,42300,42310,10
13.0187301636,80.2671279907,42310,42320,10
13.0186300278,80.2658996582,42320,42330,10
13.0186300278,80.2658996582,42330,42340,10
13.0188302994,80.2652664185,42340,42348,8
13.0185804367,80.2612609863,42348,42416,68
13.0166501999,80.2600326538,42416,42446,30
13.0129499435,80.259262085,42446,42498,52
13.0099601746,80.2591629028,42498,42528,30
13.0065603256,80.257270813,42528,42568,40
13.006480217,80.2542877197,42568,42597,29
13.0064897537,80.25390625,42597,42627,30
13.0065498352,80.2530288696,42627,42660,33
13.0065498352,80.2530288696,42660,42677,17
13.0066404343,80.2521896362,42677,42761,84
13.0066404343,80.2521896362,42761,42771,10
13.0064296722,80.2519683838,42771,42781,10
13.0066204071,80.2515182495,42781,42791,10
13.0067100525,80.2507400513,42791,42801,10
13.0066900253,80.2497634888,42801,42811,10
13.006649971,80.2488708496,42811,42851,40
13.006649971,80.2488708496,42851,42861,10
13.0066299438,80.2486572266,42861,42872,11
13.0066099167,80.2483673096,42872,42882,10
13.0066204071,80.2480163574,42882,42892,10
13.0066404343,80.2476272583,42892,42902,10
13.0066404343,80.2470169067,42902,42912,10
13.0065698624,80.2466201782,42912,42922,10
13.0066003799,80.2464981079,42922,42932,10
13.0066404343,80.2460174561,42932,42942,10
13.0066404343,80.2454528809,42942,42952,10
13.0066604614,80.2451019287,42952,42962,10
13.0066299438,80.2447433472,42962,42972,10
13.0066404343,80.2443313599,42972,42983,11
13.0066404343,80.2442703247,42983,42993,10
13.006649971,80.2440109253,42993,43003,10
13.0066404343,80.2436981201,43003,43013,10
13.0066299438,80.2431335449,43013,43023,10
13.0066099167,80.2423400879,43023,43033,10
13.0066003799,80.2413864136,43033,43043,10
13.0066604614,80.240737915,43043,43053,10
13.0068101883,80.2401885986,43053,43063,10
13.0069103241,80.2396087646,43063,43073,10
13.0070495605,80.2389984131,43073,43083,10
13.0071897507,80.2381668091,43083,43093,10
13.0073795319,80.2372970581,43093,43104,11
13.007399559,80.2369003296,43104,43114,10
13.0074501038,80.2366867065,43114,43124,10
13.0075998306,80.2361984253,43124,43134,10
13.0076303482,80.2359390259,43134,43144,10
13.0077199936,80.2355575562,43144,43154,10
13.0078201294,80.2350921631,43154,43164,10
13.0079498291,80.2344512939,43164,43174,10
13.0081300735,80.2335510254,43174,43184,10
13.0083398819,80.2324829102,43184,43194,10
13.0085601807,80.2313308716,43194,43204,10
13.0087995529,80.2301177979,43204,43215,11
13.0090103149,80.2289810181,43215,43225,10
13.0092096329,80.2281265259,43225,43235,10
13.0095596313,80.2272567749,43235,43245,10
13.010020256,80.2262573242,43245,43255,10
13.0105495453,80.2251968384,43255,43275,20
13.0105495453,80.2251968384,43275,43285,10
13.010720253,80.2248916626,43285,43295,10
13.0109596252,80.2243728638,43295,43305,10
13.0112104416,80.2236785889,43305,43315,10
13.0111999512,80.2235717773,43315,43326,11
13.0111598969,80.2234573364,43326,43336,10
13.011059761,80.2231826782,43336,43346,10
13.0105199814,80.2228393555,43346,43356,10
13.0098304749,80.2224731445,43356,43366,10
13.0090799332,80.2220306396,43366,43376,10
13.0082502365,80.2216033936,43376,43386,10
13.0074396133,80.2211837769,43386,43396,10
13.0066404343,80.220703125,43396,43406,10
13.0056295395,80.2204818726,43406,43416,10
13.0046100616,80.2202682495,43416,43426,10
13.0037498474,80.2200698853,43426,43437,11
13.0028600693,80.2198104858,43437,43447,10
13.0020503998,80.2191467285,43447,43457,10
13.0014095306,80.2185134888,43457,43467,10
13.0007095337,80.2180633545,43467,43477,10
12.9999799728,80.2176513672,43477,43486,9
12.9993200302,80.2172698975,43486,43497,11
12.9983596802,80.216796875,43497,43508,11
12.997420311,80.2165985107,43508,43518,10
12.9973297119,80.2165908813,43518,43528,10
12.9969701767,80.2165985107,43528,43538,10
12.9962797165,80.2166671753,43538,43548,10
12.9955396652,80.2168731689,43548,43558,10
12.9947795868,80.217300415,43558,43568,10
12.9941301346,80.2177886963,43568,43578,10
12.9935703278,80.2181777954,43578,43588,10
12.9928998947,80.2186508179,43588,43598,10
12.9921398163,80.2191772461,43598,43608,10
12.9915704727,80.219619751,43608,43618,10
12.9910898209,80.219909668,43618,43628,10
12.990819931,80.220161438,43628,43638,10
12.9906301498,80.2203063965,43638,43648,10
12.9901895523,80.2206268311,43648,43658,10
12.9897098541,80.2211303711,43658,43671,13
12.9893503189,80.2215194702,43671,43681,10
12.9892501831,80.2216186523,43681,43691,10
12.9889202118,80.2220230103,43691,43701,10
12.9883804321,80.2225265503,43701,43711,10
12.9877901077,80.2229614258,43711,43721,10
12.9875898361,80.2230911255,43721,43731,10
12.9874095917,80.2230987549,43731,43741,10
12.9870595932,80.2230606079,43741,43751,10
12.9864997864,80.2229919434,43751,43761,10
12.9856996536,80.2230987549,43761,43768,7
12.985329628,80.2232894897,43768,43782,14
12.9844303131,80.2229614258,43782,43792,10
12.9840602875,80.2227706909,43792,43802,10
12.9838104248,80.2226104736,43802,43812,10
12.9836997986,80.2225036621,43812,43822,10
12.9832696915,80.2222518921,43822,43832,10
12.9832296371,80.2221984863,43832,43842,10
12.9831695557,80.222076416,43842,43852,10
12.9826402664,80.222038269,43852,43862,10
12.9824104309,80.2219085693,43862,43872,10
12.9819898605,80.2216796875,43872,43882,10
12.9813299179,80.2212982178,43882,43893,11
12.9805002213,80.2211380005,43893,43903,10
12.9796800613,80.2211837769,43903,43913,10
12.9789600372,80.2211914063,43913,43923,10
12.9783000946,80.2211685181,43923,43933,10
12.9776000977,80.2212219238,43933,43943,10
12.9769001007,80.2212524414,43943,43953,10
12.9760599136,80.2214202881,43953,43973,20
12.9760599136,80.2214202881,43973,43983,10
12.9760103226,80.2216491699,43983,43993,10
12.9764604568,80.2221374512,43993,44465,472
12.9768199921,80.222618103,44465,44495,30
12.9775104523,80.2222824097,44495,44534,39
12.9776697159,80.2212219238,44534,44564,30
12.9799404144,80.2210769653,44564,44595,31
12.9819803238,80.2215881348,44595,44627,32
12.9828195572,80.2218933105,44627,44658,31
12.983590126,80.2223434448,44658,44685,27
12.9852399826,80.2232437134,44685,44717,32
12.9852399826,80.2232437134,44717,44744,27
12.9863796234,80.2229309082,44744,44778,34
12.9863796234,80.2229309082,44778,44787,9
12.9868803024,80.2229919434,44787,44799,12
12.9872999191,80.2230606079,44799,44809,10
12.9879598618,80.2228393555,44809,44819,10
12.9886398315,80.2222518921,44819,44829,10
12.9891300201,80.2216491699,44829,44839,10
12.9894599915,80.221321106,44839,44849,10
12.9899396896,80.2207336426,44849,44859,10
12.9903697968,80.2203674316,44859,44869,10
12.9905004501,80.2202682495,44869,44879,10
12.9909000397,80.2199707031,44879,44889,10
12.9914398193,80.219543457,44889,44899,10
12.9919500351,80.2192001343,44899,44910,11
12.992650032,80.2186889648,44910,44920,10
12.9934196472,80.218132019,44920,44930,10
12.9940395355,80.2176589966,44930,44940,10
12.9945898056,80.2172622681,44940,44950,10
12.9953298569,80.2167663574,44950,44960,10
12.9960899353,80.2165527344,44960,44970,10
12.9966096878,80.2164993286,44970,44980,10
12.9970397949,80.2164764404,44980,44990,10
12.997469902,80.2164535522,44990,45000,10
12.9975204468,80.2164611816,45000,45010,10
12.9976902008,80.2164993286,45010,45019,9
12.9981403351,80.216583252,45019,45031,12
12.9989995956,80.2169494629,45031,45041,10
12.9998397827,80.2174301147,45041,45051,10
13.000670433,80.217956543,45051,45061,10
13.0013799667,80.218421936,45061,45071,10
13.0019397736,80.2189407349,45071,45081,10
13.0025501251,80.2195587158,45081,45091,10
13.0034303665,80.2199172974,45091,45101,10
13.0042200089,80.2201080322,45101,45111,10
13.0051202774,80.2203216553,45111,45121,10
13.0060997009,80.2205429077,45121,45130,9
13.0070295334,80.2208633423,45130,45142,12
13.0082902908,80.2215423584,45142,45152,10
13.0088996887,80.2218322754,45152,45162,10
13.0092401505,80.2220306396,45162,45172,10
13.0098600388,80.2223968506,45172,45182,10
13.0112400055,80.2230911255,45182,45241,59
13.0112400055,80.2230911255,45241,45253,12
13.0113201141,80.2231292725,45253,45263,10
13.0115499496,80.2233276367,45263,45273,10
13.0118703842,80.2235412598,45273,45283,10
13.0123596191,80.2238006592,45283,45293,10
13.013010025,80.2241287231,45293,45303,10
13.0136003494,80.2244262695,45303,45313,10
13.0143203735,80.224822998,45313,45323,10
13.0149803162,80.2251815796,45323,45333,10
13.0153503418,80.2254562378,45333,45343,10
13.015130043,80.2258300781,45343,45353,10
13.014550209,80.2260437012,45353,45364,11
13.0138196945,80.2264022827,45364,45374,10
13.0130901337,80.2267303467,45374,45384,10
13.0121498108,80.2270965576,45384,45394,10
13.011059761,80.2275466919,45394,45404,10
13.0099000931,80.2280197144,45404,45414,10
13.0091199875,80.2286987305,45414,45424,10
13.0089302063,80.2297592163,45424,45434,10
13.0087604523,80.2307434082,45434,45444,10
13.0085601807,80.2316513062,45444,45454,10
13.0083904266,80.2325210571,45454,45464,10
13.0082902908,80.2333679199,45464,45475,11
13.0082101822,80.2336578369,45475,45485,10
13.008099556,80.2340393066,45485,45495,10
13.0079603195,80.2347335815,45495,45505,10
13.0079298019,80.234916687,45505,45515,10
13.0078601837,80.2352371216,45515,45525,10
13.0077295303,80.2359008789,45525,45535,10
13.0075397491,80.2367935181,45535,45546,11
13.0073204041,80.2378692627,45546,45555,9
13.0071601868,80.2388000488,45555,45565,10
13.0069599152,80.2400665283,45565,45627,62
13.0069599152,80.2400665283,45627,45636,9
13.0069503784,80.2403411865,45636,45647,11
13.0068597794,80.2407989502,45647,45657,10
13.0067796707,80.2412033081,45657,45667,10
13.0067501068,80.2419815063,45667,45677,10
13.0067100525,80.242767334,45677,45687,10
13.0066900253,80.2434997559,45687,45697,10
13.0066699982,80.2441635132,45697,45708,11
13.0066299438,80.2449874878,45708,45718,10
13.0066604614,80.2455368042,45718,45728,10
13.0066995621,80.2460098267,45728,45738,10
13.0066995621,80.2460174561,45738,45748,10
13.0067100525,80.2465667725,45748,45768,20
13.0067100525,80.2465667725,45768,45778,10
13.0067300797,80.2469482422,45778,45788,10
13.0066995621,80.2474212646,45788,45798,10
13.0066900253,80.2481765747,45798,45808,10
13.0067396164,80.249206543,45808,45819,11
13.0067996979,80.2505722046,45819,45829,10
13.0067100525,80.2517776489,45829,45839,10
13.006529808,80.2529830933,45839,45849,10
13.0065803528,80.2543182373,45849,45859,10
13.0066099167,80.255569458,45859,45869,10
13.0065898895,80.2570724487,45869,45940,71
13.0065898895,80.2570724487,45940,45950,10
13.0066099167,80.257232666,45950,45960,10
13.0067996979,80.2577590942,45960,45970,10
13.0072202682,80.258430481,45970,45980,10
13.0079402924,80.2587966919,45980,45990,10
13.0084104538,80.258972168,45990,46000,10
13.0085601807,80.2590408325,46000,46010,10
13.009059906,80.2590866089,46010,46020,10
13.0098304749,80.2590713501,46020,46030,10
13.0108604431,80.2590713501,46030,46039,9
13.0119199753,80.2590637207,46039,46051,12
13.0133399963,80.2591400146,46051,46061,10
13.0146198273,80.2591781616,46061,46071,10
13.0158596039,80.2593612671,46071,46081,10
13.0164003372,80.2596282959,46081,46091,10
13.0164203644,80.2596511841,46091,46101,10
13.0167102814,80.2598876953,46101,46111,10
13.0172996521,80.2602767944,46111,46121,10
13.0180501938,80.2607803345,46121,46131,10
13.0188398361,80.261390686,46131,46141,10
13.0194301605,80.2618789673,46141,46151,10
13.0200996399,80.2625579834,46151,46162,11
13.0201797485,80.2630004883,46162,46172,10
13.0196399689,80.2629699707,46172,46182,10
13.0190401077,80.2629699707,46182,46192,10
13.0190496445,80.263458252,46192,46202,10
13.019109726,80.264289856,46202,46212,10
13.0188703537,80.2651977539,46212,46222,10
13.0187501907,80.265586853,46222,46232,10
13.0186700821,80.2662887573,46232,46242,10
13.018819809,80.2671508789,46242,46251,9
13.0193395615,80.2678909302,46251,46261,10
13.0197401047,80.2683792114,46261,46273,12
13.0204000473,80.2691879272,46273,46283,10
13.0210103989,80.2699203491,46283,46293,10
13.0215196609,80.2704925537,46293,46303,10
13.0216798782,80.2706985474,46303,46313,10
13.0220499039,80.2712097168,46313,46323,10
13.0225496292,80.2718811035,46323,46333,10
13.0231800079,80.2727203369,46333,46343,10
13.0238199234,80.2736206055,46343,46353,10
13.0243997574,80.2743682861,46353,46363,10
13.0251197815,80.2748031616,46363,46373,10
13.0253295898,80.2748794556,46373,46384,11
13.0255498886,80.2749633789,46384,46404,20
13.0255498886,80.2749633789,46404,46414,10
13.0257797241,80.2750701904,46414,46424,10
13.02602005,80.275177002,46424,46434,10
13.0260295868,80.2751922607,46434,46444,10
13.0261497498,80.2752380371,46444,46454,10
13.02643013,80.275390625,46454,46464,10
13.026889801,80.2755966187,46464,46475,11
13.0273704529,80.2758407593,46475,46485,10
13.0274896622,80.2758789063,46485,46495,10
13.0276603699,80.2759475708,46495,46505,10
13.0280599594,80.2761306763,46505,46517,12
13.028550148,80.2763366699,46517,46525,8
13.0290603638,80.2765197754,46525,46555,30
13.0290603638,80.2765197754,46555,46565,10
13.0293197632,80.2765884399,46565,46575,10
13.0295295715,80.2766494751,46575,46585,10
13.0295495987,80.2766494751,46585,46595,10
13.0297002792,80.2767105103,46595,46605,10
13.0297298431,80.2767105103,46605,46618,13
13.0301504135,80.2768630981,46618,46628,10
13.030380249,80.2769317627,46628,46658,30
13.030380249,80.2769317627,46658,46668,10
13.0306596756,80.2770767212,46668,46708,40
13.0306596756,80.2770767212,46708,46718,10
13.0309696198,80.2773208618,46718,46739,21
13.0309696198,80.2773208618,46739,46749,10
13.0311803818,80.2774276733,46749,46759,10
13.0314102173,80.2775268555,46759,46769,10
13.0316896439,80.2775115967,46769,46781,12
13.0320196152,80.2775192261,46781,46791,10
13.0322799683,80.2774887085,46791,46801,10
13.0326404572,80.2774505615,46801,46821,20
13.0326404572,80.2774505615,46821,46831,10
13.0329303741,80.2774276733,46831,46842,11
13.0333795547,80.27734375,46842,46852,10
13.0336303711,80.2773132324,46852,46862,10
13.0339603424,80.277381897,46862,46872,10
13.0342597961,80.2774734497,46872,46882,10
13.0343704224,80.2774963379,46882,46892,10
13.0344800949,80.2775192261,46892,46902,10
13.034910202,80.2776184082,46902,46912,10
13.0351400375,80.277633667,46912,46932,20
13.0351400375,80.277633667,46932,46942,10
13.0354099274,80.277671814,46942,46953,11
13.0355396271,80.2777099609,46953,46963,10
13.0358896255,80.2777709961,46963,46973,10
13.0365400314,80.2779388428,46973,46985,12
13.0373697281,80.2782669067,46985,46995,10
13.0380897522,80.2784729004,46995,47005,10
13.0388898849,80.2786483765,47005,47015,10
13.0389900208,80.278678894,47015,47025,10
13.0392904282,80.278793335,47025,47035,10
13.0399103165,80.2789611816,47035,47046,11
13.0407800674,80.2792129517,47046,47055,9
13.0416202545,80.2793731689,47055,47065,10
13.0426998138,80.2795181274,47065,47076,11
13.0439500809,80.279800415,47076,47086,10
13.0448598862,80.2799530029,47086,47096,10
13.0458602905,80.2800979614,47096,47106,10
13.0465698242,80.2801818848,47106,47116,10
13.0472297668,80.2802810669,47116,47126,10
13.0481004715,80.2804107666,47126,47136,10
13.0491104126,80.2805480957,47136,47147,11
13.050330162,80.2807235718,47147,47156,9
13.0513801575,80.2808837891,47156,47166,10
13.0525798798,80.2810516357,47166,47178,12
13.0540599823,80.2812805176,47178,47188,10
13.0550603867,80.2814712524,47188,47196,8
13.0558595657,80.2816314697,47196,47208,12
13.0563898087,80.2817306519,47208,47218,10
13.0564899445,80.281791687,47218,47228,10
13.0569095612,80.281867981,47228,47238,10
13.0574197769,80.2819824219,47238,47248,10
13.05809021,80.282119751,47248,47258,10
13.0588798523,80.2822875977,47258,47268,10
13.0598697662,80.2824783325,47268,47278,10
13.0608596802,80.2826690674,47278,47289,11
13.061920166,80.2828826904,47289,47299,10
13.0627698898,80.2830810547,47299,47309,10
13.0630302429,80.2831268311,47309,47319,10
13.0636501312,80.2833175659,47319,47339,20
13.0636501312,80.2833175659,47339,47349,10
13.0640497208,80.2834396362,47349,47359,10
13.0646600723,80.2835464478,47359,47369,10
13.0654802322,80.2837295532,47369,47379,10
13.0665597916,80.2839736938,47379,47389,10
13.0676898956,80.2842025757,47389,47410,21
13.0676898956,80.2842025757,47410,47418,8
13.0679798126,80.2842102051,47418,47430,12
13.0687303543,80.2843780518,47430,47440,10
13.0696401596,80.2846069336,47440,47450,10
13.0707197189,80.2848892212,47450,47460,10
13.0719299316,80.2851867676,47460,47470,10
13.0732002258,80.2852783203,47470,47480,10
13.0741996765,80.2858428955,47480,47490,10
13.0751495361,80.2865524292,47490,47499,9
13.0761699677,80.2870407104,47499,47510,11
13.0775995255,80.287399292,47510,47521,11
13.0788402557,80.2877197266,47521,47531,10
13.0795097351,80.2880096436,47531,47541,10
13.0800104141,80.2880630493,47541,47551,10
13.0806903839,80.288230896,47551,47561,10
13.0808801651,80.288269043,47561,47569,8
13.0811300278,80.2883911133,47569,47581,12
13.0819196701,80.2886428833,47581,47591,10
13.0827503204,80.2890014648,47591,47601,10
13.0837802887,80.2891387939,47601,47611,10
13.0849599838,80.2891235352,47611,47621,10
13.0861701965,80.2893295288,47621,47632,11
13.0874004364,80.2897186279,47632,47642,10
13.0882101059,80.2900390625,47642,47652,10
13.0888395309,80.2901763916,47652,47732,80
13.0888395309,80.2901763916,47732,47743,11
13.0887498856,80.2904586792,47743,47753,10
13.0883398056,80.2902526855,47753,47763,10
13.0876598358,80.289932251,47763,47773,10
13.0868997574,80.2896728516,47773,47783,10
13.0861101151,80.2894668579,47783,47793,10
13.0856399536,80.2890396118,47793,47803,10
13.0851898193,80.2876281738,47803,47813,10
13.0851898193,80.2876281738,47813,47823,10
13.0852499008,80.2866592407,47823,47832,9
13.0863199234,80.2835693359,47832,47896,64
13.0867700577,80.2836837769,47896,47956,60
13.0867700577,80.2836837769,47956,47968,12
13.0870599747,80.2836685181,47968,47978,10
13.0872602463,80.2836380005,47978,47988,10
13.0875797272,80.2836380005,47988,48008,20
13.0875797272,80.2836380005,48008,48018,10
13.0881204605,80.2836227417,48018,48119,101
13.0881204605,80.2836227417,48119,48129,10
13.0882997513,80.283241272,48129,48139,10
13.0883197784,80.2828063965,48139,48149,10
13.0882997513,80.2824020386,48149,48159,10
13.0882301331,80.2820129395,48159,48169,10
13.0881004333,80.2816467285,48169,48179,10
13.0875396729,80.2813796997,48179,48189,10
13.0868997574,80.2811965942,48189,48200,11
13.0865297318,80.2811279297,48200,48341,141
13.0865297318,80.2811279297,48341,48351,10
13.0861701965,80.2810211182,48351,48411,60
13.0861701965,80.2810211182,48411,48422,11
13.0857496262,80.2808303833,48422,48432,10
13.0856895447,80.2807006836,48432,48442,10
13.085650444,80.2805328369,48442,48452,10
13.0856199265,80.2802734375,48452,48462,10
13.0855398178,80.2799606323,48462,48472,10
13.0852403641,80.2794876099,48472,48482,10
13.084810257,80.2793197632,48482,48492,10
13.0844202042,80.2792663574,48492,48502,10
13.0839595795,80.2792129517,48502,48512,10
13.0834503174,80.2790374756,48512,48522,10
13.0829496384,80.2788009644,48522,48533,11
13.0827198029,80.2787017822,48533,48543,10
13.0823097229,80.2785263062,48543,48553,10
13.0820198059,80.2783126831,48553,48563,10
13.081700325,80.2760620117,48563,48603,40
13.0815200806,80.2752990723,48603,48633,30
13.0815200806,80.2752990723,48633,48652,19
13.0811195374,80.2752075195,48652,48664,12
13.080499649,80.2752685547,48664,48674,10
13.0799102783,80.2753372192,48674,48684,10
13.0793104172,80.2752838135,48684,48694,10
13.0785799026,80.2752227783,48694,48704,10
13.0781402588,80.2760162354,48704,48714,10
13.0774202347,80.2762527466,48714,48724,10
13.0766000748,80.2763137817,48724,48734,10
13.0759401321,80.2763214111,48734,48744,10
13.0758800507,80.2762680054,48744,48753,9
13.0759096146,80.2760009766,48753,48765,12
13.075920105,80.2756881714,48765,48775,10
13.0759601593,80.2750015259,48775,48835,60
13.0759601593,80.2750015259,48835,48845,10
13.0757904053,80.2749023438,48845,48906,61
13.0757904053,80.2749023438,48906,48917,11
13.0758895874,80.2749328613,48917,48926,9
13.0757598877,80.2748031616,48926,48936,10
13.075340271,80.2748718262,48936,49224,288
13.0753297806,80.2751235962,49224,49320,96
13.0753602982,80.2749710083,49320,49746,426
13.0753602982,80.2748565674,49746,50314,568
13.0753698349,80.2749786377,50314,51687,1373
13.0753602982,80.2748718262,51687,56146,4459
13.0753097534,80.2749862671,56146,56180,34
13.0755300522,80.2749710083,56180,56207,27
13.0760097504,80.275718689,56207,56240,33
13.0759401321,80.2762374878,56240,56270,30
13.0768098831,80.2762527466,56270,56299,29
13.0786399841,80.2751617432,56299,56331,32
13.0807504654,80.2752227783,56331,56361,30
13.081319809,80.2751617432,56361,56472,111
13.081319809,80.2751617432,56472,56483,11
13.081489563,80.2751312256,56483,56493,10
13.0817403793,80.2752914429,56493,56503,10
13.0818004608,80.2758712769,56503,56513,10
13.0818595886,80.2761764526,56513,56522,9
13.0819301605,80.2766494751,56522,56533,11
13.0819797516,80.2774734497,56533,56543,10
13.0820703506,80.2782287598,56543,56553,10
13.0821304321,80.278793335,56553,56563,10
13.0822095871,80.2796936035,56563,56573,10
13.0823802948,80.2811889648,56573,56583,10
13.0823802948,80.2811889648,56583,56594,11
13.0824298859,80.2817001343,56594,56603,9
13.0856895447,80.2835693359,56603,56666,63
13.0856895447,80.2835693359,56666,56686,20
13.0864095688,80.2836685181,56686,56696,10
13.0868797302,80.2839279175,56696,56706,10
13.0871896744,80.2839279175,56706,56716,10
13.0877599716,80.2839736938,56716,57030,314
13.0880899429,80.2839126587,57030,57061,31
13.0880899429,80.2839126587,57061,57071,10
13.0881500244,80.2836685181,57071,57081,10
13.0882396698,80.2835617065,57081,57111,30
13.0882396698,80.2835617065,57111,57121,10
13.0882997513,80.2832870483,57121,57131,10
13.0882997513,80.2832107544,57131,57141,10
13.0882701874,80.282989502,57141,57151,10
13.088259697,80.282699585,57151,57162,11
13.0882501602,80.2824325562,57162,57172,10
13.0882101059,80.2821426392,57172,57182,10
13.0881204605,80.2817764282,57182,57192,10
13.0880804062,80.2814331055,57192,57202,10
13.0883998871,80.2814712524,57202,57232,30
13.088549614,80.28175354,57232,57262,30
13.088549614,80.28175354,57262,57273,11
13.0884199142,80.2823181152,57273,57303,30
13.0884199142,80.2823181152,57303,57313,10
13.0883798599,80.2826385498,57313,57363,50
13.0883197784,80.2830276489,57363,57434,71
13.0883197784,80.2834320068,57434,57464,30
13.0883197784,80.2834320068,57464,57474,10
13.0883703232,80.2837295532,57474,57484,10
13.0883798599,80.2839736938,57484,57493,9
13.0883903503,80.284362793,57493,57505,12
13.0884304047,80.2849884033,57505,57555,50
13.0884304047,80.2849884033,57555,57565,10
13.0884304047,80.2850875854,57565,57575,10
13.0884504318,80.2855300903,57575,57585,10
13.0885000229,80.2858810425,57585,57595,10
13.08852005,80.2863006592,57595,57605,10
13.0885400772,80.2865524292,57605,57616,11
13.0885696411,80.286857605,57616,57626,10
13.0885896683,80.2872619629,57626,57636,10
13.0886201859,80.2875137329,57636,57646,10
13.0886497498,80.2878112793,57646,57656,10
13.0887002945,80.2883605957,57656,57666,10
13.0887403488,80.2886428833,57666,57676,10
13.0887804031,80.2889328003,57676,57686,10
13.0888500214,80.2893600464,57686,57696,10
13.0888595581,80.2894210815,57696,57706,10
13.0888795853,80.2897109985,57706,57716,10
13.0889101028,80.2900924683,57716,57736,20
13.0889101028,80.2900924683,57736,57746,10
13.0888900757,80.2902526855,57746,57757,11
13.0887699127,80.2905502319,57757,57767,10
13.0882501602,80.2902984619,57767,57777,10
13.0875597,80.2899398804,57777,57787,10
13.0867395401,80.2896118164,57787,57797,10
13.0865297318,80.2895278931,57797,57807,10
13.0859298706,80.2893829346,57807,57817,10
13.0852499008,80.2892074585,57817,57826,9
13.0845499039,80.2892074585,57826,57837,11
13.0837402344,80.2892303467,57837,57849,12
13.082909584,80.2891921997,57849,57859,10
13.0822000504,80.2889099121,57859,57867,8
13.081489563,80.2886505127,57867,57877,10
13.0804195404,80.2883071899,57877,57889,12
13.0800199509,80.2882080078,57889,57897,8
13.0797595978,80.2881698608,57897,57907,10
13.0791597366,80.2880172729,57907,57917,10
13.0783195496,80.2876815796,57917,57927,10
13.0772895813,80.2873764038,57927,57937,10
13.0761098862,80.2870788574,57937,57947,10
13.0749502182,80.286529541,57947,57960,13
13.0739097595,80.2860794067,57960,57970,10
13.0732498169,80.2859115601,57970,57980,10
13.0726099014,80.2855300903,57980,57990,10
13.0717000961,80.2852325439,57990,58000,10
13.0705404282,80.284942627,58000,58010,10
13.0692501068,80.28465271,58010,58020,10
13.068189621,80.2844085693,58020,58030,10
13.0680704117,80.2843780518,58030,58040,10
13.0680103302,80.2843704224,58040,58050,10
13.0675401688,80.2843093872,58050,58060,10
13.0667495728,80.2841491699,58060,58071,11
13.0656604767,80.2838973999,58071,58081,10
13.0646495819,80.2836685181,58081,58091,10
13.0640602112,80.2835235596,58091,58101,10
13.0635499954,80.2833786011,58101,58111,10
13.0628595352,80.2832183838,58111,58121,10
13.062620163,80.2831573486,58121,58131,10
13.0625400543,80.2831420898,58131,58141,10
13.0621900558,80.2830581665,58141,58151,10
13.0616703033,80.2829284668,58151,58161,10
13.0611200333,80.2828216553,58161,58171,10
13.0604600906,80.2826690674,58171,58182,11
13.0596904755,80.2825012207,58182,58190,8
13.0589599609,80.2823486328,58190,58203,13
13.0576696396,80.2820968628,58203,58213,10
13.0569400787,80.2819595337,58213,58223,10
13.0568199158,80.2819366455,58223,58232,9
13.0566301346,80.281867981,58232,58244,12
13.0558595657,80.2817077637,58244,58254,10
13.0549602509,80.2815322876,58254,58264,10
13.0538196564,80.2813110352,58264,58274,10
13.0525398254,80.2811126709,58274,58286,12
13.0509500504,80.2808685303,58286,58296,10
13.0499401093,80.2807388306,58296,58306,10
13.0487699509,80.2805633545,58306,58315,9
13.047659874,80.2803878784,58315,58326,11
13.046210289,80.2801971436,58326,58336,10
13.0449895859,80.2800521851,58336,58348,12
13.0441398621,80.2799377441,58348,58360,12
13.0437898636,80.279876709,58360,58370,10
13.0434503555,80.2798309326,58370,58380,10
13.042840004,80.2796783447,58380,58390,10
13.0419597626,80.2795181274,58390,58400,10
13.0408201218,80.2793197632,58400,58411,11
13.0395803452,80.279006958,58411,58421,10
13.0390300751,80.2788696289,58421,58441,20
13.0390300751,80.2788696289,58441,58451,10
13.0387401581,80.2787399292,58451,58461,10
13.0381298065,80.2785415649,58461,58471,10
13.0374202728,80.2783279419,58471,58481,10
13.0367803574,80.2781219482,58481,58491,10
13.0361995697,80.277923584,58491,58501,10
13.0357999802,80.2778167725,58501,58510,9
13.0354995728,80.2777709961,58510,58522,12
13.0351896286,80.2777175903,58522,58532,10
13.0349597931,80.2776565552,58532,58542,10
13.0346298218,80.2776107788,58542,58552,10
13.0341796875,80.2775115967,58552,58562,10
13.0338497162,80.2774200439,58562,58572,10
13.0336503983,80.277381897,58572,58582,10
13.0331296921,80.2774734497,58582,58592,10
13.0325298309,80.2775115967,58592,58602,10
13.0320396423,80.277557373,58602,58612,10
13.0315198898,80.2776031494,58612,58620,8
13.031080246,80.2774200439,58620,58633,13
13.0307998657,80.2772598267,58633,58643,10
13.0304403305,80.2770385742,58643,58653,10
13.0297803879,80.2767715454,58653,58663,10
13.0289802551,80.2765426636,58663,58673,10
13.028260231,80.2762832642,58673,58683,10
13.0274400711,80.2759094238,58683,58693,10
13.0266504288,80.2755584717,58693,58703,10
13.0260400772,80.2752838135,58703,58713,10
13.0259399414,80.2752227783,58713,58723,10
13.0255699158,80.2750473022,58723,58733,10
13.0248804092,80.2747497559,58733,58742,9
13.0240898132,80.2741012573,58742,58784,42
13.0240898132,80.2741012573,58784,58794,10
13.0239200592,80.2739105225,58794,58804,10
13.0236101151,80.2734603882,58804,58814,10
13.0231704712,80.2728424072,58814,58824,10
13.022600174,80.2720718384,58824,58834,10
13.0218696594,80.2711105347,58834,58843,9
13.0211601257,80.2702178955,58843,58855,12
13.0203399658,80.2692565918,58855,58866,11
13.02023983,80.2691192627,58866,58876,10
13.0199403763,80.2687606812,58876,58886,10
13.0194597244,80.2681503296,58886,58896,10
13.0188598633,80.2674713135,58896,58906,10
13.0186395645,80.2666473389,58906,58916,10
13.0186100006,80.2659225464,58916,58926,10
13.0187797546,80.2652511597,58926,58936,10
13.0190200806,80.2643814087,58936,58946,10
13.0189599991,80.2635421753,58946,58956,10
13.018910408,80.2631378174,58956,58966,10
13.0188798904,80.2629699707,58966,58977,11
13.0188302994,80.2624664307,58977,58987,10
13.0187196732,80.2616729736,58987,58997,10
13.0184602737,80.2611999512,58997,59008,11
13.0178499222,80.2608032227,59008,59018,10
13.0171098709,80.2602996826,59018,59028,10
13.0162096024,80.2597732544,59028,59038,10
13.0160799026,80.2597122192,59038,59047,9
13.0159101486,80.2596282959,59047,59058,11
13.0153503418,80.2594223022,59058,59068,10
13.0145902634,80.2593078613,59068,59078,10
13.0137300491,80.2592697144,59078,59090,12
13.0123796463,80.2592163086,59090,59098,8
13.0113897324,80.2591934204,59098,59110,12
13.0097799301,80.2591400146,59110,59120,10
13.0085496902,80.2591171265,59120,59130,10
13.0074596405,80.2587432861,59130,59140,10
13.0066604614,80.2577209473,59140,59150,10
13.0065002441,80.2563781738,59150,59160,10
13.0065002441,80.2549362183,59160,59170,10
13.0064601898,80.254119873,59170,59180,10
13.0064601898,80.2539367676,59180,59190,10
13.0064897537,80.2538299561,59190,59201,11
13.0065002441,80.2532806396,59201,59211,10
13.0064897537,80.2529678345,59211,59221,10
13.0065002441,80.2525863647,59221,59251,30
13.0065002441,80.2525863647,59251,59261,10
13.0065002441,80.2524185181,59261,59271,10
13.0066099167,80.2519073486,59271,59281,10
13.0067300797,80.251083374,59281,59291,10
13.0067100525,80.2501220703,59291,59301,10
13.0066900253,80.2490310669,59301,59312,11
13.0066204071,80.2483901978,59312,59322,10
13.0066204071,80.248336792,59322,59332,10
13.0066204071,80.2481231689,59332,59342,10
13.0066099167,80.2477416992,59342,59352,10
13.0065498352,80.2466201782,59352,59372,20
13.0065498352,80.2466201782,59372,59382,10
13.0065803528,80.246421814,59382,59392,10
13.0066003799,80.2459716797,59392,59402,10
13.0066003799,80.2453765869,59402,59412,10
13.0065803528,80.2448730469,59412,59423,11
13.0066003799,80.2444076538,59423,59433,10
13.0748300552,80.275138855,59433,59440,7
13.0748300552,80.275138855,59440,59443,3
13.0065603256,80.2434387207,59443,59453,10
13.0065402985,80.2428665161,59453,59463,10
13.0065402985,80.2420883179,59463,59473,10
13.0748300552,80.275138855,59473,59478,5
13.0748300552,80.275138855,59478,59483,5
13.0066795349,80.2404632568,59483,59503,20
13.0066795349,80.2404632568,59503,59513,10
13.0067195892,80.2402267456,59513,59523,10
13.0068302155,80.2397003174,59523,59534,11
13.0069904327,80.2388687134,59534,59544,10
13.0071201324,80.2381515503,59544,59554,10
13.0072803497,80.2375335693,59554,59564,10
13.007349968,80.2370300293,59564,59574,10
13.007349968,80.2369995117,59574,59584,10
13.0074701309,80.2366333008,59584,59594,10
13.0076198578,80.2359771729,59594,59604,10
13.0077800751,80.2351226807,59604,59614,10
13.0079202652,80.2342224121,59614,59624,10
13.0081195831,80.2332229614,59624,59634,10
13.0083303452,80.2322311401,59634,59644,10
13.0085201263,80.2311706543,59644,59655,11
13.0086898804,80.2303237915,59655,59665,10
13.0088796616,80.2293395996,59665,59675,10
13.0090799332,80.2283782959,59675,59685,10
13.0093698502,80.2276382446,59685,59695,10
13.0097799301,80.2267608643,59695,59705,10
13.0102701187,80.2257003784,59705,59715,10
13.0105695724,80.2250213623,59715,59725,10
13.0108003616,80.2245864868,59725,59735,10
13.0110797882,80.2238693237,59735,59745,10
13.011300087,80.2233428955,59745,59755,10
13.010890007,80.2230072021,59755,59766,11
13.0100603104,80.2225875854,59766,59776,10
13.0091695786,80.2221069336,59776,59786,10
13.0081501007,80.2215499878,59786,59796,10
13.007060051,80.2209701538,59796,59806,10
13.0060396194,80.2205810547,59806,59816,10
13.0051498413,80.2203903198,59816,59826,10
13.0047798157,80.2202987671,59826,59836,10
13.0042695999,80.2201766968,59836,59846,10
13.0036401749,80.2200088501,59846,59856,10
13.0028896332,80.2198028564,59856,59866,10
13.0023097992,80.2194213867,59866,59877,11
13.0017795563,80.2188186646,59877,59887,10
13.0013303757,80.2184524536,59887,59897,10
13.0007295609,80.2180480957,59897,59907,10
13.0001001358,80.217628479,59907,59917,10
12.9992904663,80.2171707153,59917,59927,10
12.998339653,80.2167129517,59927,59937,10
12.9977703094,80.2165679932,59937,59947,10
12.9976596832,80.2165603638,59947,59958,11
12.997300148,80.2165298462,59958,59967,9
12.9967603683,80.2165527344,59967,59978,11
12.9959096909,80.2166900635,59978,59990,12
12.9949798584,80.2171020508,59990,59998,8
12.9945497513,80.2174072266,59998,60008,10
12.9939699173,80.2178192139,60008,60018,10
12.9934501648,80.2181930542,60018,60028,10
12.9927597046,80.2186889648,60028,60038,10
12.9919700623,80.2192611694,60038,60048,10
12.9917201996,80.2194595337,60048,60058,10
12.9914598465,80.2196426392,60058,60068,10
12.9909696579,80.2199935913,60068,60078,10
12.990819931,80.2201004028,60078,60088,10
13.0733804703,80.2735137939,60088,60100,12
13.0733804703,80.2735137939,60100,60101,1
12.9902095795,80.2205886841,60101,60111,10
12.9897298813,80.2211303711,60111,60121,10
12.9893798828,80.2215576172,60121,60130,9
12.9891500473,80.2218704224,60130,60142,12
12.9885997772,80.2224578857,60142,60152,10
12.9879798889,80.2229766846,60152,60162,10
12.9877996445,80.2230911255,60162,60172,10
12.9876699448,80.2231216431,60172,60182,10
12.987449646,80.2231063843,60182,60192,10
12.9874095917,80.2231063843,60192,60202,10
12.9871397018,80.2230911255,60202,60212,10
12.9867296219,80.2229995728,60212,60223,11
12.9860496521,80.2229995728,60223,60233,10
12.985449791,80.2232971191,60233,60243,10
12.9847402573,80.2231063843,60243,60253,10
12.9837303162,80.2225189209,60253,60273,20
12.9837303162,80.2225189209,60273,60283,10
12.9836502075,80.2224578857,60283,60293,10
12.9833602905,80.2222671509,60293,60303,10
12.9833498001,80.2222595215,60303,60313,10
12.9831600189,80.22215271,60313,60324,11
12.9830598831,80.2220611572,60324,60334,10
12.982919693,80.2219696045,60334,60344,10
12.9828596115,80.2219390869,60344,60354,10
12.9826602936,80.2218322754,60354,60364,10
12.9822101593,80.2217102051,60364,60374,10
12.9818401337,80.2214736938,60374,60384,10
12.9811601639,80.2210998535,60384,60394,10
12.9803104401,80.2210769653,60394,60404,10
12.9793796539,80.2211532593,60404,60414,10
12.978679657,80.2211914063,60414,60424,10
12.9780397415,80.2212219238,60424,60434,10
12.9772996902,80.2212524414,60434,60445,11
12.9763402939,80.2212600708,60445,60455,10
12.9761199951,80.2214126587,60455,60465,10
12.9760904312,80.2214813232,60465,60475,10
12.9763498306,80.2217712402,60475,60485,10
12.9765396118,80.2220611572,60485,60489,4
12.9765796661,80.2221221924,60489,60925,436
12.977519989,80.2226715088,60925,60986,61
12.9777603149,80.221282959,60986,61024,38
12.980099678,80.2210922241,61024,61056,32
12.9820098877,80.2216186523,61056,61086,30
12.9828500748,80.2219314575,61086,61117,31
12.98320961,80.2221374512,61117,61148,31
12.9844398499,80.2229003906,61148,61178,30
12.9858703613,80.2230377197,61178,61207,29
12.9858703613,80.2230377197,61207,61238,31
12.986410141,80.2230072021,61238,61249,11
12.9867095947,80.2229995728,61249,61259,10
12.9870996475,80.2230606079,61259,61269,10
12.9875898361,80.2230911255,61269,61279,10
12.9880504608,80.2228469849,61279,61289,10
12.9885597229,80.2224502563,61289,61299,10
12.9890604019,80.2218933105,61299,61309,10
12.989569664,80.2212600708,61309,61319,10
12.99036026,80.220451355,61319,61339,20
12.99036026,80.220451355,61339,61350,11
12.9905796051,80.2202682495,61350,61360,10
12.9910402298,80.2199478149,61360,61368,8
12.9914197922,80.2196578979,61368,61380,12
12.9920196533,80.2191772461,61380,61390,10
12.9927997589,80.2186431885,61390,61400,10
12.9936599731,80.2180023193,61400,61410,10
12.9945201874,80.217376709,61410,61420,10
12.9948596954,80.2171325684,61420,61430,10
12.9952898026,80.2168579102,61430,61440,10
12.9959697723,80.2166366577,61440,61450,10
12.9968299866,80.2165374756,61450,61461,11
12.9974603653,80.2164916992,61461,61471,10
12.9975795746,80.216506958,61471,61481,10
12.9976301193,80.2165222168,61481,61491,10
12.9980297089,80.216583252,61491,61501,10
12.9986495972,80.2167816162,61501,61511,10
12.9993495941,80.2171401978,61511,61521,10
13.000120163,80.2176208496,61521,61531,10
13.0009098053,80.2181091309,61531,61541,10
13.0017700195,80.2187423706,61541,61553,12
13.0024700165,80.2194900513,61553,61563,10
13.0032396317,80.219909668,61563,61574,11
13.004240036,80.2201385498,61574,61584,10
13.0052900314,80.2203979492,61584,61594,10
13.0064001083,80.2206268311,61594,61604,10
13.0070104599,80.2208709717,61604,61614,10
13.0077896118,80.2212905884,61614,61624,10
13.0088195801,80.2218399048,61624,61634,10
13.0099897385,80.2224807739,61634,61644,10
13.0111703873,80.2230911255,61644,61654,10
13.0114097595,80.2231903076,61654,61664,10
13.0117397308,80.2234268188,61664,61674,10
13.0122404099,80.2236862183,61674,61684,10
13.0125703812,80.2238769531,61684,61695,11
13.0130996704,80.2241516113,61695,61705,10
13.0137901306,80.2245101929,61705,61715,10
13.0144996643,80.2248764038,61715,61725,10
13.0149497986,80.2251205444,61725,61735,10
13.0152997971,80.2253417969,61735,61765,30
13.0152997971,80.2253417969,61765,61775,10
13.0154895782,80.2256317139,61775,61785,10
13.015080452,80.2259216309,61785,61795,10
13.0143899918,80.2261734009,61795,61805,10
13.013589859,80.2265014648,61805,61815,10
13.0128297806,80.2268066406,61815,61825,10
13.0121002197,80.2271270752,61825,61835,10
13.011300087,80.2274703979,61835,61845,10
13.0103797913,80.2278289795,61845,61856,11
13.0094203949,80.2282333374,61856,61865,9
13.009059906,80.2289581299,61865,61877,12
13.0088300705,80.23021698,61877,61886,9
13.0086603165,80.2311706543,61886,61896,10
13.0084695816,80.2322769165,61896,61906,10
13.0083198547,80.2330703735,61906,61916,10
13.008310318,80.2333526611,61916,61926,10
13.0082798004,80.2334213257,61926,61936,10
13.0082397461,80.2335968018,61936,61946,10
13.0081501007,80.2339096069,61946,61958,12
13.0080499649,80.2344589233,61958,61966,8
13.0079698563,80.2348709106,61966,61976,10
13.0078496933,80.235458374,61976,61986,10
13.0077400208,80.2359695435,61986,61996,10
13.0075998306,80.2367324829,61996,62006,10
13.0074195862,80.2376022339,62006,62016,10
13.0073003769,80.2382583618,62016,62029,13
13.0071296692,80.2390823364,62029,62039,10
13.0070400238,80.2396469116,62039,62059,20
13.0070400238,80.2396469116,62059,62069,10
13.0070104599,80.2398300171,62069,62079,10
13.0069503784,80.2400894165,62079,62089,10
13.0068798065,80.2405471802,62089,62099,10
13.0068597794,80.2407989502,62099,62119,20
13.0068597794,80.2407989502,62119,62126,7
13.006819725,80.2410430908,62126,62140,14
13.006770134,80.241897583,62140,62150,10
13.0067501068,80.2427902222,62150,62160,10
13.0067396164,80.243347168,62160,62170,10
13.0067195892,80.2437133789,62170,62180,10
13.0067195892,80.2439575195,62180,62190,10
13.0067195892,80.2440490723,62190,62200,10
13.0066995621,80.2444763184,62200,62210,10
13.0067195892,80.2450790405,62210,62220,10
13.0067596436,80.2457885742,62220,62230,10
13.006770134,80.2462615967,62230,62240,10
13.0067796707,80.2466583252,62240,62251,11
13.0067996979,80.2471008301,62251,62261,10
13.0067796707,80.247756958,62261,62271,10
13.0067901611,80.2486495972,62271,62281,10
13.0068101883,80.2497406006,62281,62291,10
13.0068597794,80.2509002686,62291,62331,40
13.0068597794,80.2509002686,62331,62341,10
13.0068702698,80.2514038086,62341,62372,31
13.0068702698,80.2514038086,62372,62382,10
13.0068397522,80.2515563965,62382,62392,10
13.0067796707,80.2517700195,62392,62402,10
13.0066404343,80.2523269653,62402,62412,10
13.0065898895,80.2531661987,62412,62422,10
13.0065898895,80.2541732788,62422,62432,10
13.0066299438,80.255279541,62432,62442,10
13.0066404343,80.256362915,62442,62452,10
13.0066795349,80.256980896,62452,62472,20
13.0066795349,80.256980896,62472,62483,11
13.0066699982,80.2570266724,62483,62493,10
13.0067100525,80.2574920654,62493,62503,10
13.0069999695,80.2581710815,62503,62513,10
13.0075702667,80.258682251,62513,62523,10
13.0083904266,80.2589797974,62523,62533,10
13.0085496902,80.2590179443,62533,62543,10
13.0086898804,80.2590637207,62543,62553,10
13.0091495514,80.2591094971,62553,62563,10
13.0097904205,80.2591094971,62563,62573,10
13.0106801987,80.2591094971,62573,62582,9
13.0116195679,80.2591018677,62582,62594,12
13.0130300522,80.2591705322,62594,62604,10
13.0143299103,80.2592163086,62604,62614,10
13.0155801773,80.2593002319,62614,62624,10
13.0164403915,80.2596969604,62624,62644,20
13.0164403915,80.2596969604,62644,62654,10
13.0167303085,80.2599563599,62654,62664,10
13.0173301697,80.2603530884,62664,62674,10
13.0180196762,80.2608184814,62674,62684,10
13.0186700821,80.2612609863,62684,62694,10
13.0188302994,80.2614212036,62694,62705,11
13.0192403793,80.2617721558,62705,62715,10
13.0197095871,80.2622299194,62715,62725,10
13.0204200745,80.2627716064,62725,62735,10
13.021229744,80.2630233765,62735,62745,10
13.021320343,80.2630615234,62745,62755,10
13.0215196609,80.2631072998,62755,62765,10
13.0218696594,80.2632827759,62765,62775,10
13.0221204758,80.2633972168,62775,62785,10
13.0223798752,80.2635192871,62785,62795,10
13.0223903656,80.2635192871,62795,62805,10
13.0225896835,80.263633728,62805,62846,41
13.0225896835,80.263633728,62846,62857,11
13.0222597122,80.2635269165,62857,62866,9
13.0219898224,80.2633590698,62866,62876,10
13.0215501785,80.2631607056,62876,62885,9
13.0209102631,80.2630767822,62885,62896,11
13.0200901031,80.2630386353,62896,62906,10
13.0193099976,80.2629776001,62906,62917,11
13.0190401077,80.2631988525,62917,62928,11
13.0191402435,80.2639007568,62928,62938,10
13.0191497803,80.2640914917,62938,62946,8
13.0191402435,80.2644119263,62946,62958,12
13.0189304352,80.265083313,62958,62967,9
13.018819809,80.2655029297,62967,62981,14
13.0187196732,80.266456604,62981,62991,10
13.0188598633,80.2671890259,62991,63001,10
13.0193300247,80.2678604126,63001,63011,10
13.0198802948,80.2685394287,63011,63021,10
13.0204401016,80.2692489624,63021,63031,10
13.0210399628,80.2699813843,63031,63042,11
13.0215196609,80.2705001831,63042,63052,10
13.0215597153,80.2705612183,63052,63062,10
13.0218200684,80.2709121704,63062,63072,10
13.0222501755,80.2714767456,63072,63080,8
13.0226697922,80.2720336914,63080,63092,12
13.0234003067,80.2730331421,63092,63102,10
13.0238399506,80.2736206055,63102,63112,10
13.0242204666,80.2741317749,63112,63120,8
13.024600029,80.2745666504,63120,63132,12
13.0252504349,80.2748718262,63132,63142,10
13.0253801346,80.2749328613,63142,63153,11
13.0255098343,80.2750015259,63153,63162,9
13.0255498886,80.2750167847,63162,63175,13
13.02602005,80.2752609253,63175,63185,10
13.0266504288,80.2755432129,63185,63195,10
13.0273799896,80.2758789063,63195,63205,10
13.027970314,80.2761383057,63205,63215,10
13.0284204483,80.2763137817,63215,63225,10
13.0287303925,80.2764434814,63225,63235,10
13.0293998718,80.2766571045,63235,63245,10
13.0299501419,80.276802063,63245,63255,10
13.0304403305,80.2770233154,63255,63266,11
13.0309495926,80.2773208618,63266,63276,10
13.0315999985,80.2775878906,63276,63286,10
13.0325603485,80.2775192261,63286,63306,20
13.0325603485,80.2775192261,63306,63316,10
13.0326595306,80.2774810791,63316,63326,10
13.0329799652,80.2774581909,63326,63336,10
13.0331802368,80.2774276733,63336,63347,11
13.0335197449,80.2773284912,63347,63356,9
13.0340003967,80.2774429321,63356,63366,10
13.0345602036,80.2776031494,63366,63378,12
13.0352697372,80.2777404785,63378,63388,10
13.0357904434,80.2778167725,63388,63398,10
13.0360603333,80.2778701782,63398,63406,8
13.0362596512,80.2779083252,63406,63416,10
13.0366897583,80.2780532837,63416,63426,10
13.0369997025,80.2781906128,63426,63438,12
13.0375299454,80.2783584595,63438,63447,9
13.0381698608,80.2785415649,63447,63457,10
13.0385704041,80.2786331177,63457,63467,10
13.0386800766,80.2786712646,63467,63477,10
13.0390396118,80.278793335,63477,63487,10
13.0393896103,80.2789001465,63487,63499,12
13.040189743,80.2791137695,63499,63507,8
13.0408401489,80.2792892456,63507,63519,12
13.0419597626,80.2794723511,63519,63529,10
13.0426597595,80.2795410156,63529,63537,8
13.0428104401,80.2795181274,63537,63547,10
13.0429096222,80.2795181274,63547,63557,10
13.0432596207,80.2795791626,63557,63567,10
13.0438604355,80.279800415,63567,63577,10
13.0445604324,80.2799377441,63577,63587,10
13.04529953,80.2800369263,63587,63600,13
13.0461997986,80.280166626,63600,63610,10
13.0468397141,80.2802581787,63610,63620,10
13.0476503372,80.2803573608,63620,63630,10
13.0486001968,80.2805099487,63630,63640,10
13.0495100021,80.2806396484,63640,63650,10
13.0502500534,80.2807388306,63650,63660,10
13.0510597229,80.2808685303,63660,63670,10
13.0519504547,80.2810211182,63670,63680,10
13.0528497696,80.2811431885,63680,63690,10
13.053730011,80.2812805176,63690,63697,7
13.0543804169,80.2814102173,63697,63710,13
13.0554103851,80.2816009521,63710,63721,11
13.056139946,80.2817382813,63721,63731,10
13.0562095642,80.28175354,63731,63741,10
13.0565299988,80.281829834,63741,63751,10
13.0570697784,80.2819671631,63751,63761,10
13.0571098328,80.2819824219,63761,63771,10
13.057299614,80.2820205688,63771,63781,10
13.0577697754,80.2821121216,63781,63791,10
13.0585403442,80.2822723389,63791,63801,10
13.059510231,80.2824707031,63801,63811,10
13.0606403351,80.2827224731,63811,63822,11
13.0619897842,80.2829971313,63822,63832,10
13.063079834,80.2832107544,63832,63852,20
13.063079834,80.2832107544,63852,63862,10
13.0631799698,80.2832565308,63862,63872,10
13.0639600754,80.283416748,63872,63901,29
13.064740181,80.2836227417,63901,63968,67
13.064740181,80.2836227417,63968,63990,22
13.0669298172,80.2841186523,63990,63998,8
13.0678396225,80.2842788696,63998,64010,12
13.0691699982,80.284576416,64010,64020,10
13.0703001022,80.284866333,64020,64030,10
13.0715303421,80.2851791382,64030,64040,10
13.0728397369,80.2854003906,64040,64051,11
13.073800087,80.2855072021,64051,64061,10
13.0740003586,80.2857437134,64061,64071,10
13.0740995407,80.2858886719,64071,64081,10
13.0745296478,80.286239624,64081,64091,10
13.0752801895,80.2866973877,64091,64101,10
13.0762395859,80.287109375,64101,64111,10
13.0774002075,80.287399292,64111,64121,10
13.0785503387,80.2876815796,64121,64131,10
13.0794000626,80.2880172729,64131,64141,10
13.0797395706,80.2880630493,64141,64151,10
13.0799398422,80.2880783081,64151,64162,11
13.0804100037,80.2882232666,64162,64172,10
13.0807104111,80.2883071899,64172,64192,20
13.0807104111,80.2883071899,64192,64202,10
13.0811100006,80.2884521484,64202,64212,10
13.081580162,80.2886123657,64212,64222,10
13.0822496414,80.288848877,64222,64232,10
13.0829601288,80.2891769409,64232,64242,10
13.0837202072,80.2892227173,64242,64254,12
13.0847997665,80.2891998291,64254,64264,10
13.0858402252,80.2893371582,64264,64275,11
13.0869903564,80.2896499634,64275,64285,10
13.0878801346,80.2900085449,64285,64295,10
13.0884199142,80.2901611328,64295,64305,10
13.0887002945,80.2901611328,64305,64325,20
13.0887403488,80.2901687622,64325,64365,40
13.0887403488,80.2901687622,64365,64375,10
13.0888004303,80.2904205322,64375,64385,10
13.0883398056,80.2903289795,64385,64396,11
13.0874595642,80.2899627686,64396,64406,10
13.0864696503,80.2896575928,64406,64416,10
13.0857000351,80.2894134521,64416,64426,10
13.0853099823,80.2887420654,64426,64434,8
13.0851202011,80.2880096436,64434,64446,12
13.0851697922,80.2866134644,64446,64456,10
13.0852403641,80.2857284546,64456,64466,10
13.0853004456,80.2850418091,64466,64476,10
13.085269928,80.2844696045,64476,64486,10
13.0852203369,80.2841796875,64486,64496,10
13.0852403641,80.2841491699,64496,64507,11
13.0853595734,80.2839279175,64507,64517,10
13.0854701996,80.2836227417,64517,64527,10
13.0858097076,80.2835922241,64527,64535,8
13.0865097046,80.2838592529,64535,64567,32
13.0866498947,80.2839279175,64567,64589,22
13.0866498947,80.2839279175,64589,64599,10
13.0868301392,80.2839813232,64599,64640,41
13.0868301392,80.2839813232,64640,64650,10
13.0870399475,80.283996582,64650,64658,8
13.0871801376,80.2839813232,64658,64668,10
13.0875101089,80.2839889526,64668,64678,10
13.0876302719,80.2839889526,64678,64688,10
13.087770462,80.2840118408,64688,64700,12
13.0878696442,80.2840118408,64700,64710,10
13.0879898071,80.2840194702,64710,64953,243
13.0879898071,80.2840194702,64953,64963,10
13.0881500244,80.2836608887,64963,64973,10
13.0883102417,80.2834625244,64973,64983,10
13.0883102417,80.2832183838,64983,64993,10
13.0883197784,80.2830429077,64993,65003,10
13.0883102417,80.2827911377,65003,65013,10
13.0882997513,80.2827529907,65013,65023,10
13.0882701874,80.2825012207,65023,65033,10
13.0882301331,80.2822189331,65033,65043,10
13.0881700516,80.2819290161,65043,65052,9
13.0880899429,80.2816772461,65052,65064,12
13.0881700516,80.2814788818,65064,65074,10
13.0884599686,80.2815628052,65074,65084,10
13.0885601044,80.2817764282,65084,65094,10
13.0884895325,80.2820968628,65094,65104,10
13.0884199142,80.2824935913,65104,65114,10
13.088350296,80.282951355,65114,65124,10
13.0883598328,80.2831802368,65124,65134,10
13.0883998871,80.2836685181,65134,65144,10
13.0884304047,80.2842102051,65144,65154,10
13.088470459,80.2847290039,65154,65215,61
13.088470459,80.2847290039,65215,65225,10
13.0885400772,80.2850265503,65225,65235,10
13.0885400772,80.2853317261,65235,65245,10
13.0885295868,80.2856216431,65245,65255,10
13.0885601044,80.2859802246,65255,65265,10
13.0885601044,80.2862625122,65265,65275,10
13.0885601044,80.2865219116,65275,65285,10
13.0885896683,80.2868804932,65285,65296,11
13.0886096954,80.2872695923,65296,65306,10
13.088640213,80.2874908447,65306,65316,10
13.088640213,80.2877426147,65316,65326,10
13.0886602402,80.2880706787,65326,65336,10
13.0887002945,80.2884292603,65336,65346,10
13.0887002945,80.2885818481,65346,65356,10
13.0887203217,80.2888183594,65356,65366,10
13.0887498856,80.2892379761,65366,65376,10
13.0887403488,80.2893218994,65376,65386,10
13.0887498856,80.2897109985,65386,65395,9
13.0887699127,80.2901535034,65395,65407,12
13.0887699127,80.290397644,65407,65417,10
13.0884504318,80.2904281616,65417,65427,10
13.0879602432,80.2901611328,65427,65437,10
13.087269783,80.2898330688,65437,65447,10
13.0864095688,80.2895278931,65447,65457,10
13.0852804184,80.2892608643,65457,65467,10
13.0840597153,80.2892303467,65467,65477,10
13.0830698013,80.2892608643,65477,65487,10
13.0820598602,80.2888717651,65487,65497,10
13.0808897018,80.2884674072,65497,65507,10
13.0802698135,80.2882995605,65507,65518,11
13.0801200867,80.288269043,65518,65528,10
13.0799999237,80.2882537842,65528,65538,10
13.0796203613,80.2881698608,65538,65548,10
13.0789499283,80.287940979,65548,65559,11
13.0779399872,80.287612915,65559,65569,10
13.0768003464,80.2873077393,65569,65579,10
13.0756597519,80.2869796753,65579,65588,9
13.0747804642,80.2864837646,65588,65598,10
13.073800087,80.2861175537,65598,65608,10
13.0730304718,80.2858581543,65608,65618,10
13.0730304718,80.2858581543,65618,65629,11
13.0722703934,80.2854690552,65629,65638,9
13.0690898895,80.2846832275,65638,65709,71
13.0690898895,80.2846832275,65709,65729,20
13.0685796738,80.2845687866,65729,65739,10
13.0682497025,80.2844924927,65739,65749,10
13.0677995682,80.2844161987,65749,65759,10
13.0670099258,80.2842788696,65759,65769,10
13.0660104752,80.2840423584,65769,65779,10
13.0650100708,80.283821106,65779,65789,10
13.0645999908,80.283706665,65789,65799,10
13.0640802383,80.2835769653,65799,65809,10
13.0635404587,80.2834472656,65809,65819,10
13.0631904602,80.2833709717,65819,65829,10
13.0631198883,80.2833480835,65829,65839,10
13.0629901886,80.2833175659,65839,65850,11
13.0627098083,80.2832565308,65850,65859,9
13.0627098083,80.2832489014,65859,65872,13
13.0623903275,80.2831573486,65872,65880,8
13.0619697571,80.2830581665,65880,65893,13
13.0612897873,80.282913208,65893,65905,12
13.060959816,80.2828369141,65905,65915,10
13.0605602264,80.2827606201,65915,65925,10
13.0601596832,80.2826766968,65925,65935,10
13.0594596863,80.2825317383,65935,65942,7
13.0589199066,80.2824172974,65942,65955,13
13.058549881,80.2823562622,65955,65966,11
13.0581998825,80.2822875977,65966,65976,10
13.0577001572,80.2821884155,65976,65986,10
13.0573196411,80.282119751,65986,65996,10
13.057009697,80.2820510864,65996,66006,10
13.056889534,80.2820205688,66006,66016,10
13.0566797256,80.2819824219,66016,66026,10
13.0561800003,80.281867981,66026,66036,10
13.0557203293,80.2817687988,66036,66046,10
13.0549497604,80.2816085815,66046,66056,10
13.0540399551,80.2814102173,66056,66066,10
13.0531101227,80.2812576294,66066,66077,11
13.0523700714,80.2811508179,66077,66087,10
13.0515098572,80.2810211182,66087,66097,10
13.0506496429,80.2809066772,66097,66107,10
13.049949646,80.2807998657,66107,66117,10
13.0493803024,80.2807006836,66117,66127,10
13.0487003326,80.2805862427,66127,66137,10
13.0478401184,80.2804870605,66137,66147,10
13.0468196869,80.2803421021,66147,66157,10
13.0461101532,80.2802429199,66157,66167,10
13.0460195541,80.2802200317,66167,66176,9
13.0458402634,80.2801971436,66176,66188,12
13.0452203751,80.2801437378,66188,66198,10
13.0444202423,80.2800292969,66198,66208,10
13.0435695648,80.2798919678,66208,66218,10
13.0427303314,80.2796936035,66218,66228,10
13.0417299271,80.2795028687,66228,66238,10
13.0409603119,80.2793579102,66238,66248,10
13.0402698517,80.2791976929,66248,66258,10
13.0397596359,80.2790679932,66258,66268,10
13.0395097733,80.2789916992,66268,66278,10
13.0394296646,80.278968811,66278,66288,10
13.0393800735,80.2789611816,66288,66299,11
13.0391998291,80.2789077759,66299,66309,10
13.0391197205,80.2789306641,66309,66319,10
13.0389699936,80.2788925171,66319,66329,10
13.0385799408,80.2787475586,66329,66339,10
13.0379600525,80.2785415649,66339,66349,10
13.0375299454,80.2784194946,66349,66359,10
13.0373697281,80.2783813477,66359,66370,11
13.0372695923,80.2783889771,66370,66379,9
13.03703022,80.2783126831,66379,66390,11
13.0365600586,80.2780990601,66390,66400,10
13.0363502502,80.2780227661,66400,66411,11
13.0360097885,80.2779388428,66411,66421,10
13.0354604721,80.2778091431,66421,66430,9
13.0348997116,80.2777023315,66430,66439,9
13.0341596603,80.2775497437,66439,66451,12
13.0334396362,80.2774887085,66451,66460,9
13.0328598022,80.2775726318,66460,66471,11
13.0321102142,80.2775802612,66471,66480,9
13.0314598083,80.277633667,66480,66500,20
13.0314598083,80.277633667,66500,66510,10
13.0313100815,80.2775878906,66510,66520,10
13.0309200287,80.2773513794,66520,66542,22
13.0309200287,80.2773513794,66542,66550,8
13.0306501389,80.2771987915,66550,66562,12
13.0298595428,80.2768783569,66562,66572,10
13.026309967,80.2754592896,66572,66612,40
13.026309967,80.2754592896,66612,66636,24
13.0262203217,80.2754211426,66636,66646,10
13.0261602402,80.2753677368,66646,66656,10
13.0257797241,80.2751998901,66656,66666,10
13.0251903534,80.2749404907,66666,66676,10
13.0244598389,80.2745437622,66676,66686,10
13.0239496231,80.2739181519,66686,66696,10
13.0236797333,80.2735519409,66696,66706,10
13.0232801437,80.2730178833,66706,66716,10
13.0227298737,80.272277832,66716,66726,10
13.0221204758,80.2714767456,66726,66736,10
13.0216398239,80.270866394,66736,66747,11
13.0212898254,80.2704391479,66747,66757,10
13.0212202072,80.2703323364,66757,66767,10
13.021030426,80.2700805664,66767,66777,10
13.0207500458,80.2697906494,66777,66787,10
13.020359993,80.2693023682,66787,66797,10
13.0198001862,80.2686004639,66797,66807,10
13.0192203522,80.2679290771,66807,66817,10
13.0188398361,80.2674865723,66817,66827,10
13.0186500549,80.2669372559,66827,66837,10
13.0185604095,80.2662124634,66837,66847,10
13.0186395645,80.2657318115,66847,66857,10
13.0188102722,80.265083313,66857,66868,11
13.0190095901,80.2641372681,66868,66878,10
13.0189504623,80.2636413574,66878,66888,10
13.0188903809,80.2632522583,66888,66908,20
13.0188903809,80.2632522583,66908,66918,10
13.0188503265,80.2628631592,66918,66928,10
13.018819809,80.2622909546,66928,66938,10
13.0187397003,80.2615890503,66938,66948,10
13.0185604095,80.2613067627,66948,66958,10
13.0184001923,80.2612075806,66958,66968,10
13.0180397034,80.2609634399,66968,66979,11
13.0175104141,80.2606201172,66979,66989,10
13.0168895721,80.2602005005,66989,66999,10
13.0162801743,80.2598571777,66999,67009,10
13.0160703659,80.2597732544,67009,67019,10
13.0159797668,80.259727478,67019,67029,10
13.0155601501,80.2595596313,67029,67039,10
13.0148897171,80.2594223022,67039,67049,10
13.0140800476,80.2593765259,67049,67059,10
13.0131597519,80.2593231201,67059,67070,11
13.0119895935,80.259262085,67070,67080,10
13.0109796524,80.2592163086,67080,67091,11
13.0097398758,80.2592086792,67091,67099,8
13.0089597702,80.2591934204,67099,67109,10
13.0081796646,80.2591171265,67109,67119,10
13.0074396133,80.2587738037,67119,67131,12
13.0066995621,80.2578582764,67131,67139,8
13.0065097809,80.2570800781,67139,67149,10
13.0065002441,80.2558822632,67149,67160,11
13.0065002441,80.2548522949,67160,67170,10
13.0064401627,80.2542495728,67170,67212,42
13.0064401627,80.2542495728,67212,67222,10
13.0065498352,80.2540130615,67222,67232,10
13.0065498352,80.2538528442,67232,67240,8
13.0065402985,80.2536010742,67240,67250,10
13.0065202713,80.2531814575,67250,67260,10
13.0064897537,80.2530670166,67260,67270,10
13.006480217,80.2527008057,67270,67413,143
13.006480217,80.2527008057,67413,67424,11
13.0065898895,80.252166748,67424,67585,161
13.0065898895,80.252166748,67585,67595,10
13.0066204071,80.2518692017,67595,67605,10
13.0066900253,80.2513809204,67605,67646,41
13.0066900253,80.2513809204,67646,67656,10
13.0066995621,80.2509918213,67656,67666,10
13.0066604614,80.250328064,67666,67756,90
13.0066604614,80.250328064,67756,67767,11
13.0066604614,80.2498168945,67767,67777,10
13.0066404343,80.2492980957,67777,67787,10
13.0066204071,80.2488708496,67787,67797,10
13.0065898895,80.2485733032,67797,67807,10
13.0065803528,80.248336792,67807,67857,50
13.0065803528,80.248336792,67857,67867,10
13.0066099167,80.2482223511,67867,67878,11
13.0066003799,80.2478103638,67878,67888,10
13.0065898895,80.2473068237,67888,67898,10
13.0066003799,80.2470474243,67898,67908,10
13.0065698624,80.2468795776,67908,67918,10
13.0065402985,80.2467727661,67918,67928,10
13.0065603256,80.2465896606,67928,67938,10
13.0066003799,80.2463912964,67938,67948,10
13.0065402985,80.2461090088,67948,67958,10
13.0065202713,80.2459106445,67958,67978,20
13.0065202713,80.2459106445,67978,67989,11
13.0065698624,80.2456130981,67989,67999,10
13.0065603256,80.2454528809,67999,68009,10
13.0065498352,80.2452774048,68009,68019,10
13.0065402985,80.2450790405,68019,68029,10
13.0065402985,80.2448272705,68029,68039,10
13.0065498352,80.2445907593,68039,68049,10
13.0065498352,80.2445831299,68049,68059,10
13.0065603256,80.2442474365,68059,68069,10
13.0065498352,80.2439117432,68069,68080,11
13.0065202713,80.2434768677,68080,68091,11
13.0064897537,80.2429733276,68091,68100,9
13.0064697266,80.2423782349,68100,68110,10
13.0064897537,80.2416610718,68110,68122,12
13.0065898895,80.2409362793,68122,68131,9
13.0066204071,80.2407226563,68131,68141,10
13.006649971,80.2406082153,68141,68151,10
13.0066995621,80.2403030396,68151,68161,10
13.0068101883,80.2398910522,68161,68172,11
13.0068902969,80.2392501831,68172,68181,9
13.0069704056,80.2388305664,68181,68192,11
13.0070104599,80.2384872437,68192,68202,10
13.0071001053,80.2381134033,68202,68213,11
13.007229805,80.2376098633,68213,68221,8
13.0073099136,80.2372589111,68221,68233,12
13.0073204041,80.2372207642,68233,68241,8
13.0073404312,80.2370681763,68241,68253,12
13.007349968,80.2369918823,68253,68261,8
13.0073795319,80.2368469238,68261,68271,10
13.007519722,80.2363586426,68271,68281,10
13.0076599121,80.2357025146,68281,68291,10
13.0078296661,80.2348403931,68291,68303,12
13.0080604553,80.2337265015,68303,68313,10
13.008190155,80.2329330444,68313,68324,11
13.0083904266,80.2319107056,68324,68334,10
13.0085601807,80.2310028076,68334,68344,10
13.0087604523,80.2300415039,68344,68354,10
13.0089197159,80.2292633057,68354,68364,10
13.0090799332,80.2284622192,68364,68374,10
13.0094003677,80.2276687622,68374,68384,10
13.0097303391,80.2269363403,68384,68394,10
13.0100498199,80.2262573242,68394,68404,10
13.0103397369,80.2256164551,68404,68414,10
13.0105199814,80.2251968384,68414,68421,7
13.0106496811,80.2249679565,68421,68435,14
13.0108098984,80.224571228,68435,68445,10
13.0110397339,80.2239532471,68445,68455,10
13.0112199783,80.223487854,68455,68465,10
13.0111303329,80.2232131958,68465,68475,10
13.010720253,80.2229919434,68475,68485,10
13.0100603104,80.2226409912,68485,68495,10
13.0093297958,80.2222518921,68495,68505,10
13.0088396072,80.2220001221,68505,68515,10
13.0082302094,80.2216720581,68515,68524,9
13.0075302124,80.2212905884,68524,68535,11
13.0067396164,80.2208633423,68535,68546,11
13.0058803558,80.2206115723,68546,68556,10
13.0050897598,80.2204284668,68556,68566,10
13.0044603348,80.2202606201,68566,68576,10
13.0037498474,80.2201004028,68576,68586,10
13.0031099319,80.2199401855,68586,68596,10
13.0025596619,80.2196731567,68596,68606,10
13.0020503998,80.2191772461,68606,68616,10
13.001540184,80.2186584473,68616,68626,10
13.0009298325,80.2182388306,68626,68636,10
13.0003204346,80.2178573608,68636,68646,10
12.9996995926,80.2174606323,68646,68657,11
12.9988098145,80.2169876099,68657,68667,10
12.9982795715,80.2167434692,68667,68687,20
12.9982795715,80.2167434692,68687,68697,10
12.9979496002,80.2166595459,68697,68707,10
12.9977798462,80.2166290283,68707,68717,10
12.9975595474,80.2166213989,68717,68727,10
12.9975204468,80.2166137695,68727,68737,10
12.9974098206,80.2165908813,68737,68747,10
12.997300148,80.2165985107,68747,68757,10
12.9970998764,80.2165985107,68757,68768,11
12.9968900681,80.2166137695,68768,68778,10
12.9968299866,80.2166137695,68778,68788,10
12.9966096878,80.2166366577,68788,68798,10
12.9963798523,80.2166824341,68798,68808,10
12.9960699081,80.2167434692,68808,68818,10
12.9957504272,80.2168121338,68818,68828,10
12.9955196381,80.2168807983,68828,68838,10
12.995300293,80.2169799805,68838,68848,10
12.99518013,80.2170410156,68848,68858,10
12.9949903488,80.2171783447,68858,68868,10
12.9948301315,80.2172775269,68868,68878,10
12.9944095612,80.2175521851,68878,68889,11
12.9937696457,80.2180328369,68889,68899,10
12.9931602478,80.2184829712,68899,68909,10
12.992890358,80.2186203003,68909,68919,10
12.9925603867,80.2188796997,68919,68927,8
12.9921197891,80.2192230225,68927,68939,12
12.9914598465,80.2197189331,68939,68949,10
12.9909696579,80.2200622559,68949,68959,10
12.99077034,80.2202072144,68959,68969,10
12.9906702042,80.2202911377,68969,68979,10
12.9902896881,80.2205963135,68979,68989,10
12.9897003174,80.2211608887,68989,69000,11
12.9892597198,80.2217178345,69000,69010,10
12.9888896942,80.2222290039,69010,69020,10
12.988360405,80.2227325439,69020,69030,10
12.9877901077,80.2231369019,69030,69040,10
12.9876203537,80.2231826782,69040,69050,10
12.9874296188,80.22315979,69050,69060,10
12.9869699478,80.2230987549,69060,69070,10
12.9863901138,80.2229995728,69070,69080,10
12.9856595993,80.2230911255,69080,69090,10
12.9851903915,80.2233200073,69090,69100,10
12.9848098755,80.2232208252,69100,69111,11
12.9843502045,80.2229614258,69111,69121,10
12.9839897156,80.2227478027,69121,69131,10
12.9832296371,80.2222671509,69131,69151,20
12.9832296371,80.2222671509,69151,69162,11
12.9830799103,80.2221603394,69162,69172,10
12.9827203751,80.2220077515,69172,69180,8
12.9824399948,80.2219314575,69180,69192,12
12.9819297791,80.2216567993,69192,69201,9
12.9813604355,80.2212982178,69201,69211,10
12.9806900024,80.2211380005,69211,69223,12
12.9798297882,80.2211990356,69223,69231,8
12.9793395996,80.2212219238,69231,69243,12
12.9787797928,80.2212371826,69243,69253,10
12.9782400131,80.2212600708,69253,69262,9
12.9778995514,80.221282959,69262,69273,11
12.9774904251,80.2212905884,69273,69283,10
12.9769601822,80.2213134766,69283,69292,9
12.9766101837,80.2212982178,69292,69302,10
12.9763002396,80.2213134766,69302,69364,62
12.9763002396,80.2213134766,69364,69374,10
12.9760599136,80.2214431763,69374,69384,10
12.9762201309,80.2217636108,69384,69394,10
12.9764299393,80.2220535278,69394,69404,10
12.9766597748,80.2223968506,69404,69414,10
13.0751695633,80.2750015259,69414,70200,786
12.9774599075,80.2223205566,70200,70342,142
12.9774103165,80.2213516235,70342,70372,30
12.9786500931,80.2211990356,70372,70403,31
12.9806499481,80.2210388184,70403,70434,31
12.9821901321,80.2217636108,70434,70463,29
12.9827899933,80.2219772339,70463,70494,31
12.9833402634,80.2223129272,70494,70524,30
12.9836702347,80.2225189209,70524,70553,29
12.9841403961,80.2227783203,70553,70583,30
12.9851102829,80.2232971191,70583,70615,32
12.9851102829,80.2232971191,70615,70645,30
12.9862499237,80.2229995728,70645,70655,10
12.9863996506,80.2230072021,70655,70665,10
12.986530304,80.2230224609,70665,70675,10
12.9868097305,80.2230606079,70675,70685,10
12.9868297577,80.2230606079,70685,70696,11
12.987159729,80.2231063843,70696,70706,10
12.9875802994,80.2231216431,70706,70716,10
12.9881896973,80.2227783203,70716,70726,10
12.9887199402,80.2222518921,70726,70736,10
12.9891195297,80.2217712402,70736,70746,10
12.9895200729,80.2212219238,70746,70756,10
12.9901599884,80.2205810547,70756,70766,10
12.9904403687,80.2203598022,70766,70776,10
12.9905195236,80.2203216553,70776,70786,10
12.9906101227,80.2202682495,70786,70797,11
12.9908800125,80.2200393677,70797,70807,10
12.9912996292,80.2197113037,70807,70817,10
12.9917602539,80.219367981,70817,70827,10
12.9922704697,80.2189865112,70827,70837,10
12.9928302765,80.2185974121,70837,70847,10
12.9934396744,80.218132019,70847,70857,10
12.9940595627,80.2177124023,70857,70867,10
12.9942703247,80.2175521851,70867,70877,10
12.9945001602,80.217376709,70877,70887,10
12.9949102402,80.217086792,70887,70897,10
12.9954004288,80.2168121338,70897,70907,10
12.9958600998,80.2166290283,70907,70917,10
12.9959697723,80.2165985107,70917,70928,11
12.9964103699,80.2165527344,70928,70938,10
12.9968500137,80.2165298462,70938,70948,10
12.9972696304,80.2164993286,70948,70958,10
12.9974403381,80.216506958,70958,70968,10
12.9976501465,80.2165298462,70968,70978,10
12.9981603622,80.2166366577,70978,70988,10
12.9988603592,80.2169418335,70988,70998,10
12.9994802475,80.2172698975,70998,71008,10
12.999830246,80.2174911499,71008,71018,10
13.0002002716,80.2177429199,71018,71027,9
13.0007600784,80.2180786133,71027,71039,12
13.0016202927,80.2186737061,71039,71049,10
13.0021295547,80.2192001343,71049,71059,10
13.002699852,80.2197189331,71059,71069,10
13.0035400391,80.2200393677,71069,71079,10
13.0042695999,80.2201919556,71079,71089,10
13.0051002502,80.2203979492,71089,71099,10
13.0059499741,80.2205734253,71099,71109,10
13.0068302155,80.2208175659,71109,71120,11
13.007900238,80.2214126587,71120,71130,10
13.0090198517,80.2220001221,71130,71140,10
13.010140419,80.222618103,71140,71151,11
13.0112495422,80.22315979,71151,71159,8
13.0116300583,80.2234191895,71159,71171,12
13.0123195648,80.2238082886,71171,71179,8
13.0128803253,80.2240982056,71179,71189,10
13.0136003494,80.2244796753,71189,71201,12
13.0145101547,80.2249603271,71201,71210,9
13.0149898529,80.2252197266,71210,71220,10
13.015370369,80.2255935669,71220,71230,10
13.0148897171,80.2259979248,71230,71240,10
13.0141296387,80.2263183594,71240,71250,10
13.0133104324,80.2266616821,71250,71262,12
13.0122003555,80.2270965576,71262,71272,10
13.0110902786,80.2275695801,71272,71280,8
13.0102300644,80.2279281616,71280,71292,12
13.0091896057,80.2284317017,71292,71300,8
13.0089797974,80.2292022705,71300,71310,10
13.0087795258,80.2302780151,71310,71320,10
13.0086202621,80.2311706543,71320,71332,12
13.0085201263,80.231842041,71332,71340,8
13.008480072,80.2320709229,71340,71350,10
13.0084295273,80.2323684692,71350,71373,23
13.0084295273,80.2323684692,71373,71383,10
13.0083904266,80.2325363159,71383,71393,10
13.0083503723,80.2327575684,71393,71403,10
13.0082798004,80.2331390381,71403,71413,10
13.0082597733,80.2334899902,71413,71423,10
13.0082197189,80.2336425781,71423,71460,37
13.0082197189,80.2336425781,71460,71473,13
13.0080795288,80.2341003418,71473,71484,11
13.0080299377,80.2343902588,71484,71494,10
13.0079698563,80.2347106934,71494,71504,10
13.0078802109,80.2350997925,71504,71514,10
13.0078401566,80.2352828979,71514,71524,10
13.0078201294,80.2354202271,71524,71534,10
13.0077896118,80.2355422974,71534,71544,10
13.0076599121,80.2361984253,71544,71574,30
13.0076599121,80.2361984253,71574,71584,10
13.0075998306,80.2365570068,71584,71595,11
13.007519722,80.2369613647,71595,71605,10
13.0074701309,80.2372436523,71605,71615,10
13.0074396133,80.2373504639,71615,71625,10
13.0073699951,80.2376708984,71625,71635,10
13.0072898865,80.2381210327,71635,71816,181
13.0072898865,80.2381210327,71816,71827,11
13.0071802139,80.2387695313,71827,71837,10
13.007060051,80.2394104004,71837,71847,10
13.0069999695,80.239730835,71847,71877,30
13.0069999695,80.239730835,71877,71887,10
13.0069704056,80.2399368286,71887,72079,192
13.0069704056,80.2399368286,72079,72089,10
13.0069198608,80.2400817871,72089,72099,10
13.0068798065,80.2404632568,72099,72109,10
13.0068397522,80.240737915,72109,72117,8
13.0067501068,80.2415084839,72117,72129,12
13.0067501068,80.2415084839,72129,72139,10
13.0067300797,80.2422485352,72139,72149,10
13.0067195892,80.2425308228,72149,72170,21
13.0066900253,80.2430877686,72170,72180,10
13.0066795349,80.2433013916,72180,72190,10
13.0066699982,80.2435836792,72190,72200,10
13.0066404343,80.2442321777,72200,72220,20
13.0066404343,80.2442321777,72220,72231,11
13.0066404343,80.2445373535,72231,72290,59
13.0066404343,80.2445373535,72290,72302,12
13.0066604614,80.2450408936,72302,72312,10
13.0066795349,80.2453231812,72312,72321,9
13.0066995621,80.2456893921,72321,72331,10
13.0067100525,80.2463989258,72331,72341,10
13.0067300797,80.2469863892,72341,72352,11
13.0067195892,80.2473831177,72352,72361,9
13.0066900253,80.2479095459,72361,72371,10
13.0067300797,80.2487335205,72371,72381,10
13.0067501068,80.249671936,72381,72393,12
13.0067796707,80.2509231567,72393,72401,8
13.0067796707,80.2513885498,72401,72431,30
13.0067796707,80.2513885498,72431,72441,10
13.0066995621,80.251739502,72441,72451,10
13.0065498352,80.2523803711,72451,72461,10
13.0065202713,80.2532577515,72461,72473,12
13.0065202713,80.2542800903,72473,72481,8
13.0065603256,80.254989624,72481,72494,13
13.0066099167,80.2563095093,72494,72504,10
13.006649971,80.2573013306,72504,72554,50
13.006649971,80.2573013306,72554,72564,10
13.0066604614,80.2576599121,72564,72574,10
13.0069799423,80.2582397461,72574,72584,10
13.0076503754,80.2587509155,72584,72594,10
13.0084400177,80.2590179443,72594,72605,11
13.0085000992,80.2590332031,72605,72615,10
13.0088195801,80.2591171265,72615,72625,10
13.0094203949,80.2591171265,72625,72635,10
13.0102701187,80.2591323853,72635,72645,10
13.0112600327,80.2591171265,72645,72655,10
13.012339592,80.2591400146,72655,72665,10
13.0135002136,80.2591781616,72665,72675,10
13.0147600174,80.2592163086,72675,72685,10
13.0159502029,80.2594528198,72685,72695,10
13.0164003372,80.2597198486,72695,72704,9
13.0164804459,80.259803772,72704,72715,11
13.0751695633,80.2750091553,72715,72721,6
13.0751695633,80.2750091553,72721,72726,5
13.0177001953,80.2606506348,72726,72736,10
13.0184202194,80.2611312866,72736,72746,10
13.0188503265,80.2614898682,72746,72756,10
13.0192804337,80.2618408203,72756,72766,10
13.0197496414,80.2623214722,72766,72776,10
13.0201797485,80.2626876831,72776,72786,10
13.0203504562,80.2628479004,72786,72806,20
13.0203504562,80.2628479004,72806,72816,10
13.0204200745,80.2629394531,72816,72826,10
13.0202999115,80.263130188,72826,72837,11
13.0200796127,80.2631225586,72837,72847,10
13.0198297501,80.2630767822,72847,72857,10
13.0195598602,80.2630767822,72857,72867,10
13.0193195343,80.2630691528,72867,72877,10
13.0190000534,80.2631912231,72877,72887,10
13.019080162,80.2637786865,72887,72897,10
13.0190296173,80.2646636963,72897,72907,10
13.0188102722,80.2653808594,72907,72917,10
13.018699646,80.2657699585,72917,72927,10
13.0186395645,80.2664794922,72927,72937,10
13.0188398361,80.2673416138,72937,72948,11
13.0192699432,80.2679290771,72948,72958,10
13.0197896957,80.2685470581,72958,72968,10
13.0204000473,80.2693099976,72968,72978,10
13.0209102631,80.2699584961,72978,72988,10
13.0214195251,80.2705535889,72988,72998,10
13.0219402313,80.2712097168,72998,73008,10
13.0225601196,80.2720108032,73008,73018,10
13.0231599808,80.2727966309,73018,73038,20
13.0231599808,80.2727966309,73038,73048,10
13.0232801437,80.2729873657,73048,73059,11
13.0235900879,80.273399353,73059,73069,10
13.0238399506,80.2737197876,73069,73121,52
13.0238399506,80.2737197876,73121,73131,10
13.0238704681,80.2737579346,73131,73143,12
13.0241003036,80.2740936279,73143,73153,10
13.024479866,80.274559021,73153,73164,11
13.0250997543,80.2748718262,73164,73174,10
13.025349617,80.2749481201,73174,73184,10
13.0254402161,80.2749862671,73184,73194,10
13.0258102417,80.2751693726,73194,73204,10
13.0262403488,80.2753829956,73204,73214,10
13.0264596939,80.2754974365,73214,73224,10
13.02684021,80.2756729126,73224,73234,10
13.0273704529,80.2759170532,73234,73244,10
13.0282096863,80.2762680054,73244,73315,71
13.0282096863,80.2762680054,73315,73325,10
13.0287799835,80.2764816284,73325,73396,71
13.0287799835,80.2764816284,73396,73406,10
13.0291204453,80.2765426636,73406,73416,10
13.029129982,80.276550293,73416,73426,10
13.0293798447,80.2766571045,73426,73434,8
13.0296096802,80.2767181396,73434,73477,43
13.0296096802,80.2767181396,73477,73487,10
13.0299501419,80.2768173218,73487,73497,10
13.0302495956,80.2769393921,73497,73508,11
13.0306196213,80.2771530151,73508,73518,10
13.0306997299,80.2772064209,73518,73528,10
13.0308704376,80.2773208618,73528,73538,10
13.0311002731,80.2774581909,73538,73588,50
13.0311002731,80.2774581909,73588,73598,10
13.0316295624,80.277633667,73598,73608,10
13.031920433,80.2776107788,73608,73619,11
13.0322799683,80.2775726318,73619,73629,10
13.0328102112,80.2774810791,73629,73769,140
13.0328102112,80.2774810791,73769,73782,13
13.0331802368,80.2774581909,73782,73792,10
13.033539772,80.277381897,73792,73801,9
13.033829689,80.2774429321,73801,73812,11
13.0342502594,80.277557373,73812,73822,10
13.0346403122,80.2776489258,73822,73832,10
13.0351896286,80.2777404785,73832,73841,9
13.0355796814,80.2778167725,73841,73851,10
13.0361099243,80.277923584,73851,73863,12
13.0367803574,80.2781524658,73863,73883,20
13.0367803574,80.2781524658,73883,73893,10
13.0368700027,80.278213501,73893,73902,9
13.0370502472,80.2782669067,73902,73912,10
13.0374803543,80.2783737183,73912,73923,11
13.0383300781,80.2786026001,73923,73933,10
13.0388803482,80.2787399292,73933,73942,9
13.0389995575,80.2787780762,73942,73952,10
13.0393695831,80.2789306641,73952,73964,12
13.0402202606,80.2791595459,73964,73972,8
13.0409097672,80.2793273926,73972,73982,10
13.0419397354,80.2795028687,73982,73994,12
13.043299675,80.2797164917,73994,74004,10
13.0443201065,80.2799835205,74004,74012,8
13.0448598862,80.2800598145,74012,74022,10
13.0455799103,80.280166626,74022,74032,10
13.0460996628,80.2802276611,74032,74042,10
13.0467596054,80.2803268433,74042,74052,10
13.0475797653,80.2804412842,74052,74062,10
13.0484895706,80.2805709839,74062,74075,13
13.0493497849,80.2807006836,74075,74085,10
13.050160408,80.2807998657,74085,74095,10
13.0509195328,80.2809295654,74095,74105,10
13.0517196655,80.2810516357,74105,74115,10
13.052740097,80.2811965942,74115,74125,10
13.053899765,80.2813720703,74125,74135,10
13.0550003052,80.2816009521,74135,74145,10
13.0559501648,80.2817687988,74145,74155,10
13.0563097,80.2818374634,74155,74165,10
13.0564699173,80.281867981,74165,74175,10
13.05727005,80.282043457,74175,74206,31
13.05727005,80.282043457,74206,74216,10
13.0573196411,80.2820510864,74216,74226,10
13.0577602386,80.2821426392,74226,74236,10
13.0584096909,80.2822799683,74236,74246,10
13.0593099594,80.2824783325,74246,74256,10
13.060379982,80.2827072144,74256,74266,10
13.0613298416,80.2828979492,74266,74276,10
13.0621900558,80.2830810547,74276,74285,9
13.06291008,80.2832183838,74285,74297,12
13.0629997253,80.283241272,74297,74307,10
13.0631599426,80.2832870483,74307,74317,10
13.0636901855,80.2834091187,74317,74327,10
13.0644598007,80.2835922241,74327,74337,10
13.0654497147,80.2838134766,74337,74347,10
13.0665998459,80.2840805054,74347,74357,10
13.0673904419,80.2842102051,74357,74367,10
13.0677900314,80.2842712402,74367,74377,10
13.0682201385,80.2843475342,74377,74387,10
13.0688800812,80.2845077515,74387,74397,10
13.0697603226,80.2847366333,74397,74408,11
13.0710000992,80.2850570679,74408,74418,10
13.0721797943,80.2853164673,74418,74428,10
13.07310009,80.2852783203,74428,74438,10
13.0734596252,80.2852783203,74438,74448,10
13.0736703873,80.2853622437,74448,74456,8
13.0739202499,80.2856216431,74456,74468,12
13.0743398666,80.2861480713,74468,74478,10
13.0748701096,80.2865066528,74478,74488,10
13.0752897263,80.2867889404,74488,74498,10
13.0757198334,80.2870025635,74498,74509,11
13.0765600204,80.2872314453,74509,74519,10
13.0775098801,80.2874679565,74519,74529,10
13.0781698227,80.287651062,74529,74539,10
13.0787200928,80.2877883911,74539,74549,10
13.0794801712,80.2881011963,74549,74559,10
13.080280304,80.2882766724,74559,74569,10
13.0806102753,80.2883071899,74569,74579,10
13.0811300278,80.2884979248,74579,74589,10
13.0817604065,80.2887496948,74589,74599,10
13.0823402405,80.2889633179,74599,74609,10
13.08314991,80.2892684937,74609,74619,10
13.08411026,80.2892608643,74619,74630,11
13.0853996277,80.2892684937,74630,74640,10
13.0865402222,80.2895507813,74640,74650,10
13.0873603821,80.2898178101,74650,74660,10
13.0884599686,80.2902069092,74660,74700,40
13.0884599686,80.2902069092,74700,74710,10
13.0886297226,80.2901992798,74710,74781,71
13.0886297226,80.2901992798,74781,74791,10
13.0887699127,80.2904815674,74791,74801,10
13.088350296,80.2903823853,74801,74811,10
13.087770462,80.2900924683,74811,74821,10
13.0871896744,80.2899017334,74821,74831,10
13.0865602493,80.2897109985,74831,74841,10
13.0860204697,80.2895812988,74841,74852,11
13.0855102539,80.2891616821,74852,74862,10
13.0851402283,80.2884216309,74862,74872,10
13.0850601196,80.287399292,74872,74883,11
13.0851802826,80.2860717773,74883,74893,10
13.0852899551,80.284828186,74893,74903,10
13.0851602554,80.2841567993,74903,74922,19
13.0851602554,80.2841567993,74922,74932,10
13.0853204727,80.2839202881,74932,74943,11
13.0854196548,80.2836608887,74943,74953,10
13.0858001709,80.2835769653,74953,74964,11
13.0862903595,80.2836914063,74964,74972,8
13.0867996216,80.2838134766,74972,74994,22
13.0867996216,80.2838134766,74994,75004,10
13.0870800018,80.2837905884,75004,75024,20
13.087269783,80.2837677002,75024,75054,30
13.087269783,80.2837677002,75054,75063,9
13.0874996185,80.2837371826,75063,75074,11
13.0875301361,80.2837371826,75074,75085,11
13.0877304077,80.2837295532,75085,75095,10
13.0880804062,80.2836608887,75095,75125,30
13.0880804062,80.2836608887,75125,75135,10
13.088259697,80.283531189,75135,75145,10
13.088259697,80.2833633423,75145,75155,10
13.0882701874,80.282951355,75155,75165,10
13.0882701874,80.2824783325,75165,75175,10
13.0881900787,80.2820129395,75175,75186,11
13.0880203247,80.2816925049,75186,75196,10
13.0879297256,80.2815933228,75196,75206,10
13.0878000259,80.2815093994,75206,75216,10
13.0877199173,80.28150177,75216,75226,10
13.0874595642,80.2814178467,75226,75236,10
13.0873098373,80.2813796997,75236,75246,10
13.0870504379,80.2813110352,75246,75256,10
13.0867996216,80.2812194824,75256,75266,10
13.0863704681,80.2810897827,75266,75276,10
13.0859804153,80.2809829712,75276,75286,10
13.0856800079,80.2807312012,75286,75296,10
13.0855798721,80.2803268433,75296,75307,11
13.0854902267,80.2799224854,75307,75317,10
13.0850095749,80.2794494629,75317,75327,10
13.0844402313,80.2793197632,75327,75337,10
13.0840396881,80.279258728,75337,75347,10
13.0834197998,80.2790985107,75347,75357,10
13.0828304291,80.2788619995,75357,75428,71
13.0828304291,80.2788619995,75428,75438,10
13.0825796127,80.2787475586,75438,75448,10
13.0820703506,80.2785263062,75448,75458,10
13.0818796158,80.2783432007,75458,75468,10
13.081870079,80.2781066895,75468,75478,10
13.0818500519,80.2778091431,75478,75488,10
13.0818195343,80.2774887085,75488,75498,10
13.0818099976,80.2772674561,75498,75508,10
13.0818195343,80.2772216797,75508,75518,10
13.0818004608,80.2769393921,75518,75529,11
13.0817899704,80.2767181396,75529,75559,30
13.0817899704,80.2767181396,75559,75569,10
13.0817499161,80.2764892578,75569,75579,10
13.0817203522,80.2764205933,75579,75589,10
13.0816297531,80.2761764526,75589,75599,10
13.0815601349,80.2759475708,75599,75609,10
13.0815000534,80.275680542,75609,75619,10
13.0814399719,80.2754592896,75619,75629,10
13.0813398361,80.2752914429,75629,75640,11
13.080909729,80.2753372192,75640,75650,10
13.0803804398,80.275390625,75650,75660,10
13.0797100067,80.2754364014,75660,75670,10
13.0790100098,80.2753219604,75670,75680,10
13.0782899857,80.2756195068,75680,75690,10
13.0778198242,80.2763137817,75690,75700,10
13.0770196915,80.2763519287,75700,75710,10
13.0764102936,80.2763824463,75710,75720,10
13.0759296417,80.2763900757,75720,75851,131
13.0759296417,80.2763900757,75851,75862,11
13.0758495331,80.276222229,75862,75872,10
13.0758600235,80.2756500244,75872,75947,75
13.0760402679,80.2748336792,75947,75999,52
13.0760698318,80.2747192383,75999,76161,162
13.0759000778,80.2746734619,76161,76205,44
13.0749101639,80.2751922607,76205,76236,31
13.0749902725,80.2753372192,76236,76257,21
13.0751104355,80.2753219604,76257,76643,386
13.0752000809,80.2753601074,76643,80441,3798
13.0750799179,80.2751083374,80441,80474,33
13.0750799179,80.2751083374,80474,80495,21
13.0753002167,80.274887085,80495,80505,10
13.0755596161,80.2748031616,80505,80515,10
13.0758399963,80.274887085,80515,80525,10
13.0759496689,80.2752685547,80525,80535,10
13.0758495331,80.2754974365,80535,80545,10
13.0758399963,80.2755508423,80545,81181,636
13.0757703781,80.275100708,81181,81211,30
13.0759897232,80.2747802734,81211,81312,101
13.0758399963,80.274848938,81312,81334,22
13.0759000778,80.2758331299,81334,81425,91
13.0760698318,80.2761917114,81425,81478,53
13.0761899948,80.2761764526,81478,81807,329
13.0764503479,80.2762374878,81807,81865,58
13.0780897141,80.2760314941,81865,81896,31
13.0796298981,80.2752532959,81896,81926,30
13.0813703537,80.2751312256,81926,81986,60
13.0817203522,80.2757034302,81986,82020,34
13.0819997787,80.2772674561,82020,82049,29
13.0821304321,80.2780990601,82049,82111,62
13.0821504593,80.2784500122,82111,82138,27
13.0823097229,80.2805175781,82138,82170,32
13.0823802948,80.2814865112,82170,82201,31
13.0823802948,80.2814865112,82201,82222,21
13.0828304291,80.2819900513,82222,82232,10
13.0834703445,80.2824020386,82232,82242,10
13.0847797394,80.2833404541,82242,82252,10
13.0847797394,80.2833404541,82252,82262,10
13.0849304199,80.2835235596,82262,82271,9
13.0850696564,80.2837219238,82271,82304,33
13.0861196518,80.2835388184,82304,82314,10
13.0864095688,80.2836303711,82314,82324,10
13.0867595673,80.2836914063,82324,82335,11
13.0871200562,80.2836685181,82335,82345,10
13.087439537,80.2836837769,82345,82355,10
13.0878095627,80.2836685181,82355,82632,277
13.0881595612,80.2835922241,82632,82695,63
13.0881595612,80.2835922241,82695,82715,20
13.0882797241,80.283706665,82715,82725,10
13.088350296,80.2833862305,82725,82735,10
13.0883398056,80.2827911377,82735,82745,10
13.0882301331,80.2820510864,82745,82755,10
13.0876998901,80.2814483643,82755,82765,10
13.0867795944,80.2811813354,82765,82775,10
13.0859003067,80.280921936,82775,82786,11
13.085650444,80.2804718018,82786,82796,10
13.0854902267,80.2798461914,82796,82806,10
13.0849199295,80.2793884277,82806,82816,10
13.0841598511,80.2792434692,82816,82826,10
13.0832996368,80.2789916992,82826,82836,10
13.0824804306,80.2786712646,82836,82846,10
13.0819196701,80.2782363892,82846,82855,9
13.0817604065,80.2768707275,82855,82877,22
13.0817604065,80.2768707275,82877,82887,10
13.0817499161,80.2766876221,82887,82898,11
13.0816802979,80.2761764526,82898,82908,10
13.0815496445,80.275642395,82908,83559,651
13.0814199448,80.2752685547,83559,83589,30
13.080039978,80.275352478,83589,83622,33
13.0781097412,80.2760620117,83622,83651,29
13.0758600235,80.2762680054,83651,83682,31
13.0758199692,80.2757492065,83682,83713,31
13.0758600235,80.2756500244,83713,83743,30
13.0758800507,80.2754135132,83743,83765,22
