12.9983501434,80.2565765381,24,900,876
12.9982795715,80.256652832,900,1609,709
12.9982795715,80.256652832,1609,1619,10
12.998339653,80.2566375732,1619,1773,154
12.998339653,80.2567977905,1773,2230,457
12.9983901978,80.2566986084,2230,2864,634
12.9983596802,80.2566986084,2864,3748,884
12.9982795715,80.2566375732,3748,6194,2446
12.9983100891,80.2566680908,6194,12572,6378
12.9983100891,80.2566680908,12572,12582,10
12.9982404709,80.2566375732,12582,12613,31
12.9982500076,80.2565307617,12613,12643,30
12.9982500076,80.2565307617,12643,12653,10
12.9980802536,80.2563781738,12653,12663,10
12.9979801178,80.2566833496,12663,12673,10
12.998000145,80.2569885254,12673,12684,11
12.998459816,80.256942749,12684,12694,10
12.9984397888,80.2564926147,12694,12704,10
12.9979801178,80.2568817139,12704,12724,20
12.9979801178,80.2568817139,12724,12734,10
12.9980201721,80.256980896,12734,12744,10
12.9978103638,80.2570266724,12744,12754,10
12.9977998734,80.2567367554,12754,12764,10
12.997879982,80.2565383911,12764,12839,75
12.997879982,80.2565383911,12839,12849,10
12.9976596832,80.2566833496,12849,12872,23
12.9976596832,80.2568206787,12872,12884,12
12.9978303909,80.2570419312,12884,12915,31
12.9978303909,80.2570419312,12915,12925,10
12.9978399277,80.2569503784,12925,12945,20
12.9978399277,80.2569503784,12945,12954,9
12.9977703094,80.2566070557,12954,12972,18
12.9979696274,80.2566604614,12972,12982,10
12.9979600906,80.2570419312,12982,12992,10
12.998339653,80.2570419312,12992,13002,10
12.9983501434,80.2565612793,13002,14351,1349
12.9983501434,80.2565612793,14351,17882,3531
12.9984302521,80.2564697266,17882,18522,640
12.9984302521,80.2564697266,18522,20018,1496
12.9983501434,80.2564926147,20018,20051,33
12.9983997345,80.2564697266,20051,20137,86
12.9983797073,80.2565231323,20137,20188,51
12.9984302521,80.256401062,20188,20484,296
12.9984302521,80.256401062,20484,20494,10
12.9983596802,80.256439209,20494,20646,152
12.9983596802,80.256439209,20646,20656,10
12.998000145,80.2565612793,20656,20686,30
12.998000145,80.2565612793,20686,20696,10
12.9977397919,80.2563095093,20696,20706,10
12.9977197647,80.2562789917,20706,20716,10
12.9977397919,80.2561264038,20716,20726,10
12.9977502823,80.2560424805,20726,20737,11
12.9976701736,80.2559280396,20737,20747,10
12.9974403381,80.2559204102,20747,20757,10
12.997130394,80.2559280396,20757,20767,10
12.9968595505,80.2559280396,20767,20777,10
12.9964199066,80.2559204102,20777,20787,10
12.9958095551,80.2558898926,20787,20797,10
12.9952096939,80.2558898926,20797,20807,10
12.9946298599,80.2559432983,20807,20817,10
12.994020462,80.2559814453,20817,20827,10
12.9934396744,80.2560119629,20827,20838,11
12.9926099777,80.2560577393,20838,20848,10
12.9918403625,80.2560272217,20848,20857,9
12.9911298752,80.2560424805,20857,20868,11
12.9904003143,80.2560424805,20868,20878,10
12.9897003174,80.2560272217,20878,20886,8
12.9888601303,80.2559814453,20886,20898,12
12.9879302979,80.2558288574,20898,20908,10
12.9874401093,80.2557601929,20908,20918,10
12.9868297577,80.2556610107,20918,20928,10
12.986120224,80.2555084229,20928,20938,10
12.9857501984,80.2554321289,20938,20949,11
12.9851198196,80.2553863525,20949,20959,10
12.9841995239,80.2551727295,20959,20968,9
12.9834499359,80.2549285889,20968,20978,10
12.9826698303,80.2546768188,20978,20987,9
12.982000351,80.2542800903,20987,20997,10
12.9818000793,80.2535324097,20997,21009,12
12.9813404083,80.2527923584,21009,21019,10
12.9806203842,80.2527694702,21019,21028,9
12.9799804688,80.2527770996,21028,21039,11
12.9792003632,80.2527084351,21039,21050,11
12.9785804749,80.2525787354,21050,21060,10
12.9780502319,80.2522125244,21060,21070,10
12.9774703979,80.2517089844,21070,21080,10
12.9765796661,80.2512969971,21080,21090,10
12.9756202698,80.2509994507,21090,21099,9
12.9748601913,80.2507781982,21099,21110,11
12.9736700058,80.2504730225,21110,21120,10
12.972700119,80.250213623,21120,21130,10
12.9716300964,80.2499008179,21130,21140,10
12.9704999924,80.2495498657,21140,21150,10
12.969499588,80.2491836548,21150,21162,12
12.9683599472,80.2487411499,21162,21172,10
12.9673900604,80.248298645,21172,21182,10
12.9665699005,80.2479095459,21182,21192,10
12.9657497406,80.2475967407,21192,21202,10
12.9649600983,80.2472991943,21202,21212,10
12.964099884,80.2469787598,21212,21222,10
12.9632501602,80.2466201782,21222,21232,10
12.9623603821,80.2461776733,21232,21242,10
12.9614496231,80.2456893921,21242,21252,10
12.9604301453,80.2452011108,21252,21271,19
12.9586601257,80.2444076538,21271,21284,13
12.957690239,80.2440872192,21284,21294,10
12.957110405,80.2438812256,21294,21304,10
12.9565095901,80.2436981201,21304,21314,10
12.9563398361,80.2436218262,21314,21324,10
12.9560403824,80.2434921265,21324,21334,10
12.9554395676,80.2431793213,21334,21344,10
12.9547395706,80.2428588867,21344,21354,10
12.9537000656,80.2424621582,21354,21364,10
12.9527597427,80.2420578003,21364,21374,10
12.9518299103,80.2417221069,21374,21385,11
12.950920105,80.2414093018,21385,21395,10
12.9498100281,80.2410812378,21395,21405,10
12.9489202499,80.240737915,21405,21415,10
12.9480104446,80.2404098511,21415,21425,10
12.947259903,80.2400970459,21425,21435,10
12.9467201233,80.2398986816,21435,21445,10
12.9458703995,80.2395401001,21445,21455,10
12.9450998306,80.2390823364,21455,21465,10
12.9444198608,80.2383575439,21465,21475,10
12.9436597824,80.2375564575,21475,21486,11
12.9428195953,80.2367324829,21486,21496,10
12.941740036,80.2362976074,21496,21506,10
12.9406700134,80.2360229492,21506,21516,10
12.9397296906,80.2356491089,21516,21526,10
12.9389801025,80.2352828979,21526,21536,10
12.9378099442,80.2346878052,21536,21546,10
12.9366397858,80.2341537476,21546,21556,10
12.9355602264,80.2337112427,21556,21566,10
12.9347200394,80.2333602905,21566,21576,10
12.9337301254,80.2328186035,21576,21586,10
12.9327697754,80.2324981689,21586,21597,11
12.9315900803,80.2320785522,21597,21607,10
12.9304504395,80.2317123413,21607,21617,10
12.9293699265,80.2314529419,21617,21627,10
12.9282302856,80.2312164307,21627,21637,10
12.9270200729,80.2310562134,21637,21647,10
12.9258298874,80.2309494019,21647,21657,10
12.9247903824,80.2308731079,21657,21665,8
12.9238796234,80.230758667,21665,21677,12
12.9223499298,80.2305221558,21677,21687,10
12.9211797714,80.2303085327,21687,21698,11
12.9198904037,80.2301635742,21698,21708,10
12.9189300537,80.2300567627,21708,21718,10
12.9179801941,80.2299575806,21718,21728,10
12.9171199799,80.2298202515,21728,21738,10
12.9162998199,80.2296905518,21738,21748,10
12.915189743,80.2295303345,21748,21758,10
12.9140396118,80.2293930054,21758,21768,10
12.9131202698,80.2292785645,21768,21778,10
12.9121999741,80.2291564941,21778,21788,10
12.9108400345,80.2289505005,21788,21798,10
12.9096403122,80.2287368774,21798,21809,11
12.9083595276,80.2285232544,21809,21819,10
12.9072599411,80.2283630371,21819,21829,10
12.9066896439,80.2283401489,21829,21839,10
12.9061098099,80.228302002,21839,21849,10
12.9053297043,80.2282409668,21849,21858,9
12.9043397903,80.228187561,21858,21870,12
12.9032201767,80.2281265259,21870,21880,10
12.9021196365,80.2280731201,21880,21890,10
12.9013500214,80.2280273438,21890,21900,10
12.9009399414,80.2280197144,21900,21910,10
12.9003601074,80.2279281616,21910,21921,11
12.8993396759,80.2279129028,21921,21940,19
12.8993396759,80.2279129028,21940,21949,9
12.899189949,80.227897644,21949,21961,12
12.8984804153,80.2278289795,21961,21971,10
12.8975696564,80.2277679443,21971,21981,10
12.8964395523,80.2277069092,21981,21990,9
12.8954496384,80.2276763916,21990,22001,11
12.8939399719,80.2276000977,22001,22011,10
12.8927202225,80.2274475098,22011,22022,11
12.891500473,80.2273788452,22022,22032,10
12.8902902603,80.2273712158,22032,22042,10
12.8890895844,80.2273712158,22042,22052,10
12.8879899979,80.2273406982,22052,22062,10
12.8869800568,80.2271881104,22062,22072,10
12.8857698441,80.2268829346,22072,22082,10
12.8849201202,80.2267303467,22082,22092,10
12.884759903,80.2267684937,22092,22102,10
12.884349823,80.2267608643,22102,22112,10
12.883600235,80.2267608643,22112,22122,10
12.8826704025,80.2267379761,22122,22132,10
12.8816299438,80.2267379761,22132,22143,11
12.8804197311,80.2267074585,22143,22151,8
12.8794803619,80.2267227173,22151,22163,12
12.8782300949,80.2267379761,22163,22173,10
12.8770904541,80.2268829346,22173,22183,10
12.8764801025,80.2268295288,22183,22193,10
12.8764400482,80.2265396118,22193,22202,9
12.8765001297,80.2258682251,22202,22213,11
12.8766098022,80.2248382568,22213,22223,10
12.8767795563,80.2238006592,22223,22234,11
12.8770599365,80.2224884033,22234,22244,10
12.8773202896,80.2212905884,22244,22253,9
12.877579689,80.2202224731,22253,22264,11
12.8778800964,80.218963623,22264,22274,10
12.8781404495,80.2179107666,22274,22284,10
12.8783597946,80.2166595459,22284,22294,10
12.8786001205,80.2155380249,22294,22304,10
12.8788499832,80.2144088745,22304,22314,10
12.879070282,80.2132720947,22314,22324,10
12.8792695999,80.2121429443,22324,22334,10
12.87940979,80.2111968994,22334,22345,11
12.8791399002,80.2109222412,22345,22355,10
12.8787202835,80.2108764648,22355,22365,10
12.8781604767,80.2107696533,22365,22375,10
12.8774204254,80.2106170654,22375,22385,10
12.8765497208,80.2104873657,22385,22395,10
12.8757095337,80.2103424072,22395,22405,10
12.8748598099,80.2101821899,22405,22415,10
12.8745603561,80.2100830078,22415,22425,10
12.8744096756,80.2099609375,22425,22435,10
12.874420166,80.2098007202,22435,22446,11
12.8744897842,80.2095794678,22446,22456,10
12.8747901917,80.2096176147,22456,22486,30
12.8748502731,80.2097473145,22486,22506,20
12.8747997284,80.2099609375,22506,22869,363
12.8748197556,80.2101593018,22869,22900,31
12.8748197556,80.2101593018,22900,22910,10
12.8751897812,80.2102203369,22910,22920,10
12.8756198883,80.2102813721,22920,22930,10
12.8761301041,80.2103805542,22930,22940,10
12.8768100739,80.2105178833,22940,22950,10
12.8774404526,80.2106628418,22950,22959,9
12.8780202866,80.2107696533,22959,22970,11
12.879240036,80.2109909058,22970,22991,21
12.879240036,80.2109909058,22991,23001,10
12.8792896271,80.2109832764,23001,23011,10
12.8794898987,80.2110900879,23011,23021,10
12.8794698715,80.2114028931,23021,23031,10
12.8793802261,80.2118682861,23031,23041,10
12.8792495728,80.2125473022,23041,23051,10
12.8790998459,80.2133789063,23051,23058,7
12.8789997101,80.2139205933,23058,23071,13
12.8788003922,80.2149887085,23071,23081,10
12.8786096573,80.2158203125,23081,23091,10
12.8784399033,80.2166366577,23091,23102,11
12.8782501221,80.2175292969,23102,23112,10
12.8780899048,80.2183380127,23112,23122,10
12.8779201508,80.2191619873,23122,23132,10
12.8777399063,80.2199783325,23132,23142,10
12.8775396347,80.2208023071,23142,23165,23
12.8770904541,80.2227096558,23165,23177,12
12.8768501282,80.223777771,23177,23187,10
12.8766803741,80.224822998,23187,23197,10
12.8765602112,80.2259368896,23197,23207,10
12.8764801025,80.2263336182,23207,23218,11
12.8764600754,80.2267684937,23218,23228,10
12.8766298294,80.2268676758,23228,23238,10
12.8766803741,80.2268600464,23238,23248,10
12.8768796921,80.2268371582,23248,23258,10
12.8774404526,80.2268066406,23258,23268,10
12.8784704208,80.2267379761,23268,23278,10
12.8795995712,80.2266921997,23278,23288,10
12.8807296753,80.2266616821,23288,23298,10
12.8818998337,80.2266387939,23298,23308,10
12.8831100464,80.2266387939,23308,23318,10
12.8844203949,80.2266387939,23318,23328,10
12.885219574,80.2266387939,23328,23349,21
12.885219574,80.2266387939,23349,23359,10
12.8853902817,80.2266693115,23359,23369,10
12.8858995438,80.2267990112,23369,23379,10
12.8867397308,80.2270202637,23379,23389,10
12.8876495361,80.2271728516,23389,23399,10
12.8885402679,80.2272491455,23399,23419,20
12.8885402679,80.2272491455,23419,23431,12
12.888710022,80.2272567749,23431,23442,11
12.8893404007,80.2272796631,23442,23452,10
12.8902301788,80.2272720337,23452,23461,9
12.8910999298,80.2272720337,23461,23472,11
12.8925199509,80.2273178101,23472,23482,10
12.8935403824,80.2274169922,23482,23491,9
12.8941802979,80.2274932861,23491,23502,11
12.8942403793,80.2274932861,23502,23512,10
12.8944797516,80.2275085449,23512,23522,10
12.8951997757,80.2275619507,23522,23532,10
12.8961400986,80.2276000977,23532,23543,11
12.897480011,80.2276535034,23543,23553,10
12.8985595703,80.2277069092,23553,23563,10
12.8996696472,80.2277832031,23563,23573,10
12.9006996155,80.2278594971,23573,23581,8
12.9015197754,80.2278671265,23581,23593,12
12.9025001526,80.2279281616,23593,23602,9
12.9030103683,80.2279510498,23602,23613,11
12.9029998779,80.2279510498,23613,23623,10
12.9030399323,80.2279434204,23623,23633,10
12.9034099579,80.2279586792,23633,23643,10
12.9041595459,80.2280502319,23643,23653,10
12.9050703049,80.2281036377,23653,23664,11
12.9060497284,80.2281570435,23664,23672,8
12.9065599442,80.2281494141,23672,23684,12
12.9068698883,80.2281799316,23684,23694,10
12.9069404602,80.2282180786,23694,23704,10
12.9072504044,80.2282562256,23704,23714,10
12.9079799652,80.2283477783,23714,23724,10
12.9090099335,80.2285232544,23724,23734,10
12.9102296829,80.2287368774,23734,23744,10
12.9115400314,80.2289276123,23744,23754,10
12.9127502441,80.2290725708,23754,23765,11
12.9138002396,80.2292022705,23765,23774,9
12.9138698578,80.2292098999,23774,23785,11
12.9141702652,80.2292404175,23785,23795,10
12.9148597717,80.2293624878,23795,23805,10
12.9157400131,80.2294921875,23805,23815,10
12.9169397354,80.2296218872,23815,23825,10
12.9183797836,80.229850769,23825,23835,10
12.9193496704,80.2299575806,23835,23845,10
12.9194202423,80.2299804688,23845,23855,10
12.9198503494,80.2300415039,23855,23866,11
12.9207296371,80.2301712036,23866,23875,9
12.9216804504,80.2303009033,23875,23886,11
12.9230499268,80.2304992676,23886,23896,10
12.9244298935,80.2306976318,23896,23906,10
12.925620079,80.2308273315,23906,23916,10
12.9264698029,80.2309188843,23916,23925,9
12.9269504547,80.2310028076,23925,23935,10
12.9278402328,80.2311477661,23935,23946,11
12.9292201996,80.2313613892,23946,23956,10
12.9304599762,80.2316436768,23956,23966,10
12.9316301346,80.2320022583,23966,23977,11
12.9329099655,80.2323989868,23977,23987,10
12.933429718,80.2326202393,23987,23997,10
12.9335002899,80.2326431274,23997,24007,10
12.9336500168,80.2326965332,24007,24016,9
12.934009552,80.2328567505,24016,24027,11
12.934969902,80.2333374023,24027,24037,10
12.9359798431,80.2337875366,24037,24047,10
12.9372301102,80.2343902588,24047,24057,10
12.938369751,80.2349624634,24057,24067,10
12.9391803741,80.2353286743,24067,24078,11
12.939620018,80.2355422974,24078,24088,10
12.9397602081,80.2356185913,24088,24098,10
12.9402999878,80.2358398438,24098,24107,9
12.9410896301,80.2360534668,24107,24118,11
12.9422101974,80.236328125,24118,24128,10
12.942779541,80.2365570068,24128,24138,10
12.9433403015,80.2369537354,24138,24148,10
12.9436998367,80.2373428345,24148,24157,9
12.9437999725,80.2375717163,24157,24168,11
12.9443302155,80.2381362915,24168,24178,10
12.945019722,80.2388916016,24178,24189,11
12.9460802078,80.2395629883,24189,24199,10
12.9470796585,80.2399215698,24199,24209,10
12.9476499557,80.2401123047,24209,24218,9
12.9476604462,80.2400970459,24218,24228,10
12.9479999542,80.2402496338,24228,24239,11
12.9489002228,80.2406082153,24239,24249,10
12.9496603012,80.2409133911,24249,24258,9
12.9510202408,80.2412796021,24258,24280,22
12.9510202408,80.2412796021,24280,24291,11
12.9511098862,80.2413024902,24291,24301,10
12.9516201019,80.2415084839,24301,24311,10
12.952460289,80.2418289185,24311,24321,10
12.953499794,80.2422485352,24321,24331,10
12.9545202255,80.2426834106,24331,24341,10
12.955280304,80.2429580688,24341,24351,10
12.9561395645,80.243309021,24351,24361,10
12.9565601349,80.2434616089,24361,24371,10
12.9569797516,80.2436676025,24371,24381,10
12.9579200745,80.2440719604,24381,24391,10
12.9588899612,80.2444610596,24391,24402,11
12.9591703415,80.2445297241,24402,24412,10
12.9594602585,80.244682312,24412,24420,8
12.9599199295,80.2449188232,24420,24431,11
12.960849762,80.2453765869,24431,24442,11
12.9619503021,80.2459030151,24442,24452,10
12.9632797241,80.2465591431,24452,24462,10
12.9644002914,80.2470474243,24462,24472,10
12.9652500153,80.2473373413,24472,24482,10
12.9663496017,80.2476882935,24482,24492,10
12.9667596817,80.2478713989,24492,24502,10
12.9668998718,80.2479629517,24502,24513,11
12.9674396515,80.2482910156,24513,24523,10
12.96833992,80.2486419678,24523,24533,10
12.9694404602,80.2490692139,24533,24543,10
12.9706602097,80.2495422363,24543,24553,10
12.9720001221,80.2499237061,24553,24563,10
12.9730901718,80.2501831055,24563,24573,10
12.9741001129,80.2504196167,24573,24583,10
12.9744300842,80.25050354,24583,24593,10
12.9747896194,80.250617981,24593,24603,10
12.9755001068,80.2508468628,24603,24614,11
12.976559639,80.2511672974,24614,24624,10
12.977689743,80.2516784668,24624,24634,10
12.9787302017,80.2524490356,24634,24644,10
12.9799804688,80.252281189,24644,24663,19
12.9799804688,80.252281189,24663,24674,11
12.9799995422,80.2520294189,24674,24684,10
12.9802103043,80.2514572144,24684,24694,10
12.9804496765,80.2505569458,24694,24704,10
12.9807100296,80.249382019,24704,24714,10
12.9808301926,80.2481231689,24714,24725,11
12.9809598923,80.2467727661,24725,24735,10
12.9811000824,80.2454986572,24735,24744,9
12.9811897278,80.2445526123,24744,24755,11
12.9812202454,80.2437667847,24755,24765,10
12.9813499451,80.243560791,24765,24775,10
12.9813804626,80.2429733276,24775,24785,10
12.9813804626,80.2427978516,24785,24793,8
12.9813995361,80.2426071167,24793,24804,11
12.9813995361,80.241897583,24804,24813,9
12.9813899994,80.2410430908,24813,24828,15
12.9813604355,80.2397689819,24828,24838,10
12.9813499451,80.2394104004,24838,24848,10
12.9813203812,80.2388763428,24848,24858,10
12.981300354,80.2382202148,24858,24868,10
12.9812803268,80.2378768921,24868,24878,10
12.9812803268,80.237701416,24878,24888,10
12.9812602997,80.2371063232,24888,24898,10
12.9812498093,80.2362365723,24898,24921,23
12.9813995361,80.2338485718,24921,24933,12
12.9816598892,80.2332992554,24933,24944,11
12.9817399979,80.2331237793,24944,24954,10
12.9819498062,80.2326278687,24954,24964,10
12.9819803238,80.2321166992,24964,24974,10
12.9819698334,80.2315063477,24974,24984,10
12.9819698334,80.2312164307,24984,24994,10
12.9816598892,80.2305908203,24994,25003,9
12.981300354,80.2300796509,25003,25013,10
12.9809303284,80.2294235229,25013,25024,11
12.9807100296,80.2291183472,25024,25034,10
12.9806604385,80.2290115356,25034,25044,10
12.9804401398,80.2287063599,25044,25055,11
12.9801902771,80.2281265259,25055,25065,10
12.9797296524,80.2274169922,25065,25075,10
12.9791898727,80.2264709473,25075,25085,10
12.9785995483,80.2254867554,25085,25095,10
12.9780797958,80.2246170044,25095,25104,9
12.9777803421,80.2242202759,25104,25115,11
12.9776601791,80.2239379883,25115,25126,11
12.9772500992,80.2232666016,25126,25136,10
12.9769697189,80.2227935791,25136,25146,10
12.9772195816,80.2227096558,25146,25157,11
12.9773797989,80.2226409912,25157,25167,10
12.9774904251,80.2224578857,25167,25177,10
12.9774904251,80.2218399048,25177,25187,10
12.9774799347,80.2212905884,25187,25197,10
12.9779195786,80.2212677002,25197,25206,9
12.9786701202,80.2211990356,25206,25217,11
12.9797801971,80.2211532593,25217,25227,10
12.9804897308,80.2210922241,25227,25237,10
12.981010437,80.2210617065,25237,25247,10
12.9818496704,80.2213821411,25247,25257,10
12.9825801849,80.2217788696,25257,25268,11
12.9828701019,80.2218780518,25268,25278,10
12.9829998016,80.2220230103,25278,25288,10
12.9829998016,80.2220993042,25288,25298,10
12.9833202362,80.2222824097,25298,25308,10
12.9837303162,80.2225570679,25308,25317,9
12.9841499329,80.2227935791,25317,25328,11
12.9847698212,80.2231292725,25328,25338,10
12.9853696823,80.2232894897,25338,25348,10
12.9857997894,80.2229614258,25348,25358,10
12.9864997864,80.2229232788,25358,25368,10
12.9866399765,80.2229385376,25368,25379,11
12.9870195389,80.2230072021,25379,25389,10
12.9875402451,80.2230377197,25389,25399,10
12.9878501892,80.2229614258,25399,25409,10
12.9883804321,80.2225799561,25409,25419,10
12.9889698029,80.222038269,25419,25429,10
12.9895095825,80.2213821411,25429,25448,19
12.9905595779,80.2202377319,25448,25460,12
12.99077034,80.2201538086,25460,25470,10
12.9909801483,80.2199630737,25470,25480,10
12.9914598465,80.2196578979,25480,25491,11
12.9921197891,80.2191619873,25491,25501,10
12.9927301407,80.2186965942,25501,25511,10
12.9934501648,80.218170166,25511,25521,10
12.9941396713,80.2176895142,25521,25530,9
12.9946899414,80.2172927856,25530,25540,10
12.9951295853,80.2169570923,25540,25551,11
12.99559021,80.2167205811,25551,25561,10
12.9963197708,80.2166290283,25561,25571,10
12.9972000122,80.2164611816,25571,25581,10
12.9975700378,80.2161483765,25581,25591,10
12.9976396561,80.2161026001,25591,25601,10
12.9978599548,80.2158508301,25601,25612,11
12.9983196259,80.2154083252,25612,25621,9
12.9988803864,80.2149581909,25621,25632,11
12.9992399216,80.2146682739,25632,25642,10
12.9995298386,80.2144088745,25642,25652,10
12.9999198914,80.2140274048,25652,25662,10
13.00041008,80.2135925293,25662,25672,10
13.0009098053,80.2131271362,25672,25682,10
13.0015602112,80.2126693726,25682,25692,10
13.0020999908,80.212348938,25692,25703,11
13.0026197433,80.2121200562,25703,25713,10
13.0031204224,80.212059021,25713,25722,9
13.0036096573,80.2119522095,25722,25733,11
13.0037298203,80.2116699219,25733,25743,10
13.0037002563,80.2111129761,25743,25753,10
13.0036001205,80.210319519,25753,25763,10
13.003569603,80.2094726563,25763,25773,10
13.0037403107,80.2087173462,25773,25783,10
13.0044698715,80.2087783813,25783,25793,10
13.0054101944,80.2092208862,25793,25803,10
13.0063495636,80.2095489502,25803,25814,11
13.0070800781,80.2097625732,25814,25844,30
13.0070800781,80.2097625732,25844,25854,10
13.007399559,80.2098312378,25854,25864,10
13.0079097748,80.2098999023,25864,25874,10
13.0082397461,80.2099227905,25874,25884,10
13.0081701279,80.209602356,25884,25894,10
13.0080604553,80.2089996338,25894,25904,10
13.0079097748,80.2081222534,25904,25914,10
13.0077295303,80.207069397,25914,25925,11
13.0075798035,80.2057189941,25925,25935,10
13.007519722,80.2046203613,25935,25945,10
13.0074396133,80.2037582397,25945,25964,19
13.0069198608,80.2024765015,25964,25976,12
13.0065803528,80.2032165527,25976,25986,10
13.0070495605,80.2035369873,25986,25996,10
13.0080299377,80.2037582397,25996,26006,10
13.0091295242,80.2036819458,26006,26016,10
13.0106296539,80.2036514282,26016,26026,10
13.0119695663,80.2037582397,26026,26037,11
13.0132102966,80.2041015625,26037,26047,10
13.0135498047,80.204208374,26047,26056,9
13.013710022,80.2043685913,26056,26067,11
13.0136203766,80.2046203613,26067,26077,10
13.013420105,80.2052001953,26077,26087,10
13.0131998062,80.2058410645,26087,26097,10
13.0130300522,80.2066802979,26097,26106,9
13.0129804611,80.2073287964,26106,26117,11
13.0129003525,80.2077407837,26117,26127,10
13.0129699707,80.2079620361,26127,26137,10
13.012960434,80.2084274292,26137,26148,11
13.0129804611,80.2090606689,26148,26158,10
13.0131998062,80.2093429565,26158,26167,9
13.0133304596,80.2098388672,26167,26178,11
13.0131902695,80.2106399536,26178,26188,10
13.0128803253,80.2113876343,26188,26198,10
13.0125398636,80.2119216919,26198,26208,10
13.0122203827,80.2124404907,26208,26218,10
13.0119600296,80.2127685547,26218,26228,10
13.0117902756,80.2127304077,26228,26238,10
13.0113697052,80.2123794556,26238,26248,10
13.0106801987,80.2119827271,26248,26269,21
13.0106801987,80.2119827271,26269,26279,10
13.0104999542,80.2118377686,26279,26309,30
13.0104999542,80.2118377686,26309,26319,10
13.0102396011,80.2118530273,26319,26470,151
13.0104904175,80.2119369507,26470,26642,172
13.0104904175,80.2119369507,26642,26652,10
13.0102996826,80.2116928101,26652,26662,10
13.010020256,80.2115631104,26662,26672,10
13.0098600388,80.2114334106,26672,26723,51
13.0095596313,80.2111816406,26723,26824,101
13.0094203949,80.2111434937,26824,26945,121
13.009349823,80.2109832764,26945,26965,20
13.009349823,80.2109832764,26965,26975,10
13.0091600418,80.2113037109,26975,26985,10
13.0090398788,80.2115707397,26985,26995,10
13.009180069,80.2120132446,26995,27005,10
13.0094003677,80.2126998901,27005,27015,10
13.0096998215,80.2134628296,27015,27025,10
13.010020256,80.2142562866,27025,27035,10
13.010219574,80.2148971558,27035,27046,11
13.0103302002,80.2156677246,27046,27056,10
13.0106096268,80.2164001465,27056,27066,10
13.0109996796,80.2172622681,27066,27076,10
13.0114297867,80.2183227539,27076,27086,10
13.0118398666,80.2194976807,27086,27096,10
13.012140274,80.2206115723,27096,27106,10
13.0123596191,80.2214279175,27106,27116,10
13.0126304626,80.2220230103,27116,27126,10
13.0131597519,80.2228164673,27126,27136,10
13.0136604309,80.2233810425,27136,27146,10
13.0140695572,80.2239227295,27146,27157,11
13.0145998001,80.2243881226,27157,27167,10
13.0150499344,80.2247695923,27167,27177,10
13.0152301788,80.2250518799,27177,27187,10
13.0153799057,80.2252578735,27187,27197,10
13.0153999329,80.2254180908,27197,27207,10
13.0149898529,80.2257614136,27207,27217,10
13.0142698288,80.2261123657,27217,27227,10
13.0133800507,80.2265319824,27227,27237,10
13.012430191,80.2269592285,27237,27247,10
13.0114603043,80.2274169922,27247,27257,10
13.0103797913,80.2277984619,27257,27268,11
13.0095500946,80.2277908325,27268,27278,10
13.0097904205,80.2270507813,27278,27288,10
13.0102100372,80.2261505127,27288,27298,10
13.0106601715,80.2250976563,27298,27308,10
13.0110197067,80.2241363525,27308,27318,10
13.0114202499,80.2232513428,27318,27328,10
13.0108299255,80.2229232788,27328,27338,10
13.0103597641,80.2226867676,27338,27348,10
13.0101804733,80.2226333618,27348,27358,10
13.0097303391,80.2224197388,27358,27368,10
13.0090703964,80.2220230103,27368,27379,11
13.0080900192,80.2215270996,27379,27389,10
13.0071697235,80.2210693359,27389,27399,10
13.0062599182,80.2206573486,27399,27409,10
13.005200386,80.2204208374,27409,27419,10
13.0046396255,80.2202835083,27419,27429,10
13.0044603348,80.2202224731,27429,27439,10
13.0039196014,80.2200775146,27439,27449,10
13.0030403137,80.2198410034,27449,27459,10
13.0022602081,80.2192764282,27459,27469,10
13.0015497208,80.2185821533,27469,27479,10
13.0007896423,80.2180786133,27479,27490,11
13.0000095367,80.2175979614,27490,27500,10
12.9991903305,80.2171401978,27500,27510,10
12.9982795715,80.2166976929,27510,27520,10
12.9976196289,80.2165908813,27520,27540,20
12.9976196289,80.2165908813,27540,27550,10
12.9974403381,80.2165374756,27550,27560,10
12.9972600937,80.2165527344,27560,27570,10
12.9968595505,80.2165374756,27570,27580,10
12.9963502884,80.2165679932,27580,27590,10
12.9959697723,80.2166671753,27590,27601,11
12.9954996109,80.2169189453,27601,27611,10
12.994890213,80.2172470093,27611,27621,10
12.9944696426,80.2175521851,27621,27631,10
12.9941501617,80.2177963257,27631,27641,10
12.9938697815,80.2180480957,27641,27651,10
12.9934597015,80.2183074951,27651,27671,20
12.9934597015,80.2183074951,27671,27681,10
12.9931898117,80.218460083,27681,27691,10
12.9930801392,80.218536377,27691,27701,10
12.9930896759,80.2185516357,27701,27711,10
12.9928302765,80.2187805176,27711,27722,11
12.9923400879,80.2192077637,27722,27732,10
12.9915399551,80.2197036743,27732,27742,10
12.9908704758,80.2202301025,27742,27772,30
12.9908704758,80.2202301025,27772,27782,10
12.9905395508,80.220489502,27782,27792,10
12.9902601242,80.2208328247,27792,27802,10
12.9897298813,80.2213363647,27802,27812,10
12.9890604019,80.2219467163,27812,27822,10
12.988360405,80.222618103,27822,27833,11
12.9877099991,80.2230224609,27833,27843,10
12.9876699448,80.2230911255,27843,27853,10
12.9876003265,80.2231216431,27853,27863,10
12.9871397018,80.2230377197,27863,27873,10
12.9864902496,80.2229232788,27873,27883,10
12.9857597351,80.2230606079,27883,27893,10
12.9853601456,80.2233123779,27893,27903,10
12.98458004,80.2229690552,27903,27913,10
12.9839897156,80.2226028442,27913,27923,10
12.983499527,80.2223205566,27923,27933,10
12.9832000732,80.2221679688,27933,27954,21
12.9832000732,80.2221679688,27954,27964,10
12.9828901291,80.2219314575,27964,27974,10
12.9824695587,80.2217788696,27974,27990,16
12.9815998077,80.2211532593,27990,28002,12
12.9806404114,80.2210617065,28002,28012,10
12.9798898697,80.2210998535,28012,28022,10
12.9793901443,80.2211227417,28022,28032,10
12.9785900116,80.2211914063,28032,28042,10
12.9783201218,80.2211608887,28042,28052,10
12.9779396057,80.2212600708,28052,28063,11
12.9772195816,80.2212524414,28063,28073,10
12.9765396118,80.2211837769,28073,28093,20
12.9765396118,80.2211837769,28093,28103,10
12.9764204025,80.2211227417,28103,28133,30
12.9762601852,80.2212371826,28133,28164,31
12.9762601852,80.2212371826,28164,28174,10
12.9760904312,80.2212905884,28174,28184,10
12.9762496948,80.2216110229,28184,28194,10
12.9764099121,80.2217788696,28194,28214,20
12.9764099121,80.2217788696,28214,28224,10
12.9765195847,80.2219085693,28224,28234,10
12.9766597748,80.2222900391,28234,28244,10
12.976940155,80.2227478027,28244,28254,10
12.9771003723,80.2229995728,28254,28264,10
12.977399826,80.2235336304,28264,28274,10
12.9778003693,80.2241973877,28274,28285,11
12.9782800674,80.224937439,28285,28295,10
12.9786100388,80.2254104614,28295,28305,10
12.9786195755,80.2254104614,28305,28315,10
12.9787902832,80.2256164551,28315,28325,10
12.979060173,80.2260971069,28325,28335,10
12.9793996811,80.2267990112,28335,28351,16
12.9801502228,80.2280426025,28351,28363,12
12.9807500839,80.2291412354,28363,28371,8
12.9811201096,80.2297363281,28371,28382,11
12.9816398621,80.2304000854,28382,28403,21
12.9816398621,80.2304000854,28403,28414,11
12.9818096161,80.230796814,28414,28424,10
12.9819898605,80.2313995361,28424,28434,10
12.9820404053,80.2320480347,28434,28444,10
12.9820098877,80.2326889038,28444,28454,10
12.9817800522,80.2332000732,28454,28464,10
12.9816198349,80.2335205078,28464,28474,10
12.9816102982,80.2335586548,28474,28484,10
12.9816398621,80.233581543,28484,28494,10
12.9813804626,80.2339630127,28494,28504,10
12.9812002182,80.2346725464,28504,28515,11
12.9812402725,80.235710144,28515,28525,10
12.9812803268,80.2368164063,28525,28535,10
12.981300354,80.2378005981,28535,28545,10
12.9813299179,80.2384719849,28545,28555,10
12.9813203812,80.2387466431,28555,28565,10
12.9813404083,80.2387695313,28565,28575,10
12.9813404083,80.2389831543,28575,28585,10
12.9813699722,80.239151001,28585,28595,10
12.9813604355,80.2392883301,28595,28605,10
12.9813604355,80.2395172119,28605,28615,10
12.9813699722,80.2397994995,28615,28626,11
12.9813699722,80.240020752,28626,28636,10
12.9813899994,80.2402191162,28636,28646,10
12.9813899994,80.2404937744,28646,28656,10
12.9813995361,80.2409515381,28656,28666,10
12.9814195633,80.2416000366,28666,28676,10
12.9814195633,80.2422637939,28676,28686,10
12.9814195633,80.2428283691,28686,28726,40
12.9814195633,80.2428283691,28726,28736,10
12.9814100266,80.2431564331,28736,28747,11
12.9813699722,80.2437820435,28747,28757,10
12.9812602997,80.2445220947,28757,28767,10
12.9811296463,80.2454299927,28767,28777,10
12.9809999466,80.2464981079,28777,28787,10
12.9808702469,80.247756958,28787,28797,10
12.980799675,80.2489624023,28797,28805,8
12.9806804657,80.2497787476,28805,28816,11
12.9804697037,80.2507171631,28816,28827,11
12.9802999496,80.2513885498,28827,28837,10
12.9801902771,80.2520523071,28837,28847,10
12.9800701141,80.2523803711,28847,28858,11
12.9799203873,80.2527236938,28858,28868,10
12.9794101715,80.2527389526,28868,28878,10
12.9789199829,80.2526931763,28878,28888,10
12.9787302017,80.2526168823,28888,28898,10
12.978679657,80.2526168823,28898,28908,10
12.9783401489,80.2524108887,28908,28918,10
12.9778299332,80.2519378662,28918,28928,10
12.9771203995,80.251411438,28928,28938,10
12.9761295319,80.251083374,28938,28948,10
12.9750404358,80.250831604,28948,28958,10
12.97397995,80.2505722046,28958,28969,11
12.9729604721,80.2502670288,28969,28979,10
12.9725799561,80.250038147,28979,28989,10
12.9725198746,80.2500915527,28989,28999,10
12.9719495773,80.249961853,28999,29009,10
12.9711999893,80.2497634888,29009,29019,10
12.970410347,80.2495193481,29019,29029,10
12.969499588,80.2491607666,29029,29039,10
12.9685096741,80.2487411499,29039,29049,10
12.9675302505,80.2483978271,29049,29059,10
12.9667196274,80.2479782104,29059,29069,10
12.965929985,80.2476272583,29069,29079,10
12.9652996063,80.2473602295,29079,29090,11
12.9651699066,80.2472610474,29090,29100,10
12.9650297165,80.2470932007,29100,29110,10
12.964630127,80.2470321655,29110,29120,10
12.9639596939,80.2468338013,29120,29130,10
12.9633398056,80.2466278076,29130,29140,10
12.9625501633,80.2462387085,29140,29156,16
12.9608802795,80.2454071045,29156,29168,12
12.9597797394,80.2449188232,29168,29176,8
12.9594802856,80.2447967529,29176,29188,12
12.9593400955,80.2447891235,29188,29199,11
12.9589996338,80.2446670532,29199,29209,10
12.9583501816,80.2443466187,29209,29218,9
12.9578104019,80.2441101074,29218,29229,11
12.956700325,80.243812561,29229,29289,60
12.9564599991,80.243637085,29289,29340,51
12.9564599991,80.243637085,29340,29350,10
12.9562797546,80.2436981201,29350,29360,10
12.9557104111,80.2434005737,29360,29370,10
12.954870224,80.242980957,29370,29380,10
12.9540395737,80.2425384521,29380,29390,10
12.9531898499,80.2421188354,29390,29400,10
12.9521903992,80.2417602539,29400,29410,10
12.9515800476,80.241569519,29410,29421,11
12.9514503479,80.2415924072,29421,29431,10
12.9508399963,80.2413787842,29431,29441,10
12.9500303268,80.2411499023,29441,29450,9
12.9492502213,80.2409210205,29450,29461,11
12.9486398697,80.2406768799,29461,29471,10
12.9476900101,80.2402420044,29471,29491,20
12.9476900101,80.2402420044,29491,29501,10
12.9473896027,80.2400817871,29501,29511,10
12.947019577,80.2399291992,29511,29521,10
12.9470100403,80.2398986816,29521,29531,10
12.9466600418,80.2397766113,29531,29542,11
12.9460000992,80.2395629883,29542,29552,10
12.9451999664,80.2391204834,29552,29562,10
12.9445104599,80.2384033203,29562,29572,10
12.9437799454,80.2376022339,29572,29582,10
12.9433403015,80.2371292114,29582,29592,10
12.9432001114,80.2370681763,29592,29602,10
12.9430999756,80.2369766235,29602,29612,10
12.9425897598,80.2366027832,29612,29622,10
12.9417800903,80.2363433838,29622,29632,10
12.9408903122,80.2361526489,29632,29642,10
12.9401397705,80.2358932495,29642,29653,11
12.9400701523,80.2358932495,29653,29663,10
12.9399499893,80.2358169556,29663,29673,10
12.9394798279,80.2356567383,29673,29682,9
12.9388303757,80.2352828979,29682,29693,11
12.9380502701,80.2348937988,29693,29703,10
12.9370803833,80.2343902588,29703,29713,10
12.9361801147,80.2339935303,29713,29723,10
12.9355401993,80.2336807251,29723,29733,10
12.9347896576,80.2333984375,29733,29743,10
12.9340200424,80.2330703735,29743,29764,21
12.9340200424,80.2330703735,29764,29774,10
12.934009552,80.2329788208,29774,29784,10
12.9336395264,80.2328109741,29784,29794,10
12.9330101013,80.2324523926,29794,29804,10
12.9322900772,80.2321777344,29804,29814,10
12.9314804077,80.2319488525,29814,29824,10
12.9306097031,80.2316818237,29824,29834,10
12.9296998978,80.2314682007,29834,29844,10
12.9289598465,80.2313995361,29844,29854,10
12.9281301498,80.2312088013,29854,29864,10
12.9271202087,80.2311172485,29864,29874,10
12.9262104034,80.23097229,29874,29885,11
12.925620079,80.2310028076,29885,29895,10
12.9256095886,80.2310028076,29895,29905,10
12.9252700806,80.2309417725,29905,29915,10
12.9246702194,80.2309265137,29915,29925,10
12.9238004684,80.2307815552,29925,29935,10
12.9228601456,80.2306289673,29935,29945,10
12.9218101501,80.2304382324,29945,29955,10
12.9207201004,80.2302627563,29955,29965,10
12.9197797775,80.230140686,29965,29975,10
12.9191503525,80.2300491333,29975,29986,11
12.9193401337,80.2303237915,29986,29996,10
12.9190502167,80.2302093506,29996,30006,10
12.9183998108,80.2300796509,30006,30016,10
12.9174995422,80.2299118042,30016,30026,10
12.9164800644,80.2297821045,30026,30036,10
12.9153795242,80.229598999,30036,30046,10
12.9142599106,80.2294921875,30046,30056,10
12.913359642,80.2293701172,30056,30066,10
12.9132404327,80.2293777466,30066,30076,10
12.9132003784,80.2293395996,30076,30086,10
12.912779808,80.2292709351,30086,30097,11
12.9119100571,80.229133606,30097,30107,10
12.9109601974,80.2289199829,30107,30117,10
12.9097499847,80.2286987305,30117,30127,10
12.9086799622,80.2285232544,30127,30137,10
12.9075603485,80.2283096313,30137,30228,91
12.9075603485,80.2283096313,30228,30238,10
12.9074296951,80.2284622192,30238,30248,10
12.9071102142,80.2284393311,30248,30258,10
12.90666008,80.2284164429,30258,30268,10
12.9059801102,80.2283477783,30268,30278,10
12.9051399231,80.2282791138,30278,30288,10
12.9041996002,80.2281723022,30288,30298,10
12.9033498764,80.2281265259,30298,30308,10
12.9024200439,80.2281494141,30308,30329,21
12.9024200439,80.2281494141,30329,30339,10
12.9022798538,80.2280426025,30339,30349,10
12.9019699097,80.2280731201,30349,30359,10
12.9015798569,80.2280578613,30359,30369,10
12.9010095596,80.2279891968,30369,30378,9
12.9006795883,80.2278671265,30378,30389,11
12.900349617,80.2279205322,30389,30399,10
12.8997402191,80.2279968262,30399,30409,10
12.8991603851,80.2280197144,30409,30419,10
12.8986597061,80.2279968262,30419,30429,10
12.8984498978,80.2279205322,30429,30440,11
12.8984003067,80.2277832031,30440,30450,10
12.8982000351,80.2279815674,30450,30460,10
12.8975696564,80.2278823853,30460,30470,10
12.8968000412,80.2278289795,30470,30480,10
12.8959703445,80.2277984619,30480,30490,10
12.8949899673,80.227722168,30490,30500,10
12.8939504623,80.2276306152,30500,30510,10
12.8931503296,80.2275238037,30510,30520,10
12.8931398392,80.2275772095,30520,30530,10
12.8927898407,80.2275238037,30530,30540,10
12.8924598694,80.2274780273,30540,30550,10
12.8917703629,80.2274398804,30550,30561,11
12.8907003403,80.2274398804,30561,30571,10
12.8897399902,80.2274398804,30571,30581,10
12.8891801834,80.2274169922,30581,30591,10
12.8886699677,80.2274017334,30591,30601,10
12.8880901337,80.2274093628,30601,30611,10
12.8873500824,80.2273406982,30611,30621,10
12.8864402771,80.2271575928,30621,30631,10
12.8857698441,80.2269973755,30631,30641,10
12.8854703903,80.2269363403,30641,30651,10
12.8853302002,80.2268600464,30651,30661,10
12.8851203918,80.2267990112,30661,30672,11
12.8846101761,80.2267227173,30672,30692,20
12.8846101761,80.2267227173,30692,30702,10
12.8843002319,80.2267379761,30702,30712,10
12.8835802078,80.2267303467,30712,30722,10
12.8825998306,80.2267913818,30722,30732,10
12.881480217,80.2267913818,30732,30742,10
12.8802995682,80.2267990112,30742,30752,10
12.8791303635,80.226852417,30752,30762,10
12.8780097961,80.2269287109,30762,30772,10
12.8773097992,80.2268218994,30772,30783,11
12.8770303726,80.2268600464,30783,30793,10
12.8768100739,80.2270507813,30793,30803,10
12.876540184,80.2269668579,30803,30813,10
12.8764696121,80.2268600464,30813,30823,10
12.876449585,80.2264328003,30823,30843,20
12.876449585,80.2264328003,30843,30853,10
12.8765001297,80.2260665894,30853,30863,10
12.8765697479,80.2253265381,30863,30873,10
12.8766803741,80.2243881226,30873,30883,10
12.8768701553,80.2234573364,30883,30894,11
12.8771600723,80.2222518921,30894,30904,10
12.8773498535,80.2213973999,30904,30914,10
12.8776197433,80.2202911377,30914,30924,10
12.8779001236,80.219078064,30924,30934,10
12.8780899048,80.2180786133,30934,30944,10
12.8783302307,80.2169036865,30944,30954,10
12.8785800934,80.215713501,30954,30964,10
12.8788404465,80.2144622803,30964,30974,10
12.8790502548,80.2132263184,30974,30984,10
12.8792896271,80.2119674683,30984,30994,10
12.8794498444,80.2110824585,30994,31004,10
12.8789997101,80.2109832764,31004,31015,11
12.8789396286,80.2109680176,31015,31025,10
12.8787603378,80.2109832764,31025,31035,10
12.8781795502,80.2109527588,31035,31052,17
12.876950264,80.2107315063,31052,31064,12
12.8758802414,80.2106018066,31064,31074,10
12.8751001358,80.2104263306,31074,31084,10
12.8751001358,80.2104721069,31084,31094,10
12.8747301102,80.2104110718,31094,31102,8
12.8744096756,80.2101364136,31102,31114,12
12.8744096756,80.2100372314,31114,31125,11
12.8743696213,80.2099380493,31125,31135,10
12.8745203018,80.2096099854,31135,31145,10
12.8747797012,80.2096633911,31145,31155,10
12.8749799728,80.2098693848,31155,31165,10
12.8752202988,80.2101287842,31165,32637,1472
12.8752202988,80.2101287842,32637,32647,10
12.8746795654,80.2098388672,32647,32670,23
12.8749303818,80.2101364136,32670,32682,12
12.8754196167,80.2102584839,32682,32690,8
12.8759202957,80.2103729248,32690,32702,12
12.8766202927,80.2104568481,32702,32713,11
12.8772802353,80.2106399536,32713,32722,9
12.877869606,80.2107162476,32722,32734,12
12.8788003922,80.2108612061,32734,32744,10
12.8792800903,80.2109832764,32744,32764,20
12.8792800903,80.2109832764,32764,32774,10
12.8794498444,80.2110671997,32774,32784,10
12.8795003891,80.2114334106,32784,32794,10
12.879360199,80.2119674683,32794,32804,10
12.8792104721,80.2127075195,32804,32814,10
12.8790502548,80.2135162354,32814,32825,11
12.8788795471,80.2144622803,32825,32835,10
12.8787002563,80.2153701782,32835,32845,10
12.8785400391,80.216178894,32845,32855,10
12.8783798218,80.2169036865,32855,32865,10
12.8781995773,80.2175979614,32865,32875,10
12.8780899048,80.2183380127,32875,32885,10
12.8779401779,80.2190628052,32885,32895,10
12.8777799606,80.2197570801,32895,32905,10
12.8776102066,80.2203674316,32905,32915,10
12.8774595261,80.2211227417,32915,32925,10
12.877289772,80.2218704224,32925,32936,11
12.8770904541,80.2227401733,32936,32946,10
12.8769397736,80.2233886719,32946,32956,10
12.8767595291,80.2240905762,32956,32966,10
12.876660347,80.224822998,32966,32976,10
12.8765802383,80.2256011963,32976,32986,10
12.8764696121,80.2263183594,32986,32996,10
12.8764600754,80.2268218994,32996,33026,30
12.8764600754,80.2268218994,33026,33036,10
12.8766298294,80.2268981934,33036,33046,10
12.8770599365,80.2268295288,33046,33057,11
12.8779401779,80.2268066406,33057,33067,10
12.8789396286,80.2267532349,33067,33077,10
12.8801202774,80.2266998291,33077,33087,10
12.8813495636,80.2266387939,33087,33097,10
12.8825998306,80.2266082764,33097,33113,16
12.8841695786,80.226600647,33113,33125,12
12.8849601746,80.2265777588,33125,33135,10
12.8850002289,80.2265777588,33135,33145,10
12.8851003647,80.226600647,33145,33155,10
12.8855400085,80.2266769409,33155,33165,10
12.8862199783,80.2268371582,33165,33176,11
12.887140274,80.2270812988,33176,33186,10
12.8878898621,80.2272033691,33186,33196,10
12.8886499405,80.2272186279,33196,33206,10
12.8887300491,80.2272186279,33206,33216,10
12.8889598846,80.2272415161,33216,33226,10
12.8895597458,80.2272262573,33226,33236,10
12.890370369,80.2272491455,33236,33246,10
12.8913803101,80.2272491455,33246,33256,10
12.8921604156,80.2272720337,33256,33266,10
12.8923301697,80.2272720337,33266,33276,10
12.8927497864,80.2273101807,33276,33287,11
12.8935203552,80.2274017334,33287,33297,10
12.8942699432,80.2274780273,33297,33317,20
12.8942699432,80.2274780273,33317,33327,10
12.8946399689,80.2275238037,33327,33337,10
12.8952999115,80.2275390625,33337,33347,10
12.8961400986,80.2275772095,33347,33357,10
12.8971996307,80.2276229858,33357,33367,10
12.898150444,80.2276763916,33367,33377,10
12.899189949,80.2277526855,33377,33387,10
12.9001502991,80.2277832031,33387,33458,71
12.9001502991,80.2277832031,33458,33476,18
12.9002199173,80.2277526855,33476,33488,12
12.9004898071,80.2277679443,33488,33496,8
12.9007997513,80.2277984619,33496,33508,12
12.9012203217,80.2278137207,33508,33519,11
12.9015197754,80.2278366089,33519,33529,10
12.9019098282,80.227897644,33529,33538,9
12.9023303986,80.2279434204,33538,33549,11
12.9027795792,80.2279586792,33549,33560,11
12.9031496048,80.2279205322,33560,33570,10
12.9033203125,80.2279434204,33570,33580,10
12.9034996033,80.2279586792,33580,33590,10
12.9039802551,80.2280197144,33590,33600,10
12.9041795731,80.2280197144,33600,33610,10
12.9043102264,80.2280426025,33610,33620,10
12.9045801163,80.2280502319,33620,33631,11
12.9049596786,80.2280578613,33631,33641,10
12.9052095413,80.2280731201,33641,33651,10
12.9057102203,80.2280502319,33651,33661,10
12.9061899185,80.2281036377,33661,33671,10
12.9063396454,80.2281265259,33671,33742,71
12.9063396454,80.2281265259,33742,33752,10
12.9066200256,80.2281570435,33752,33762,10
12.9073600769,80.2282180786,33762,33782,20
12.9073600769,80.2282180786,33782,33792,10
12.907699585,80.2282791138,33792,33802,10
12.9083900452,80.2284011841,33802,33812,10
12.9093198776,80.228553772,33812,33822,10
12.910369873,80.228729248,33822,33832,10
12.9113798141,80.2288894653,33832,33842,10
12.9123096466,80.2290267944,33842,33852,10
12.9137601852,80.2292175293,33852,33883,31
12.9137601852,80.2292175293,33883,33893,10
12.9139099121,80.2291870117,33893,33903,10
12.9139699936,80.2292175293,33903,33913,10
12.914150238,80.2292480469,33913,33923,10
12.9144296646,80.229309082,33923,33933,10
12.9149999619,80.2294082642,33933,33943,10
12.9158296585,80.2295684814,33943,33953,10
12.9168701172,80.2296905518,33953,33963,10
12.9177398682,80.2297821045,33963,33974,11
12.9187498093,80.2299499512,33974,33984,10
12.919380188,80.2300262451,33984,33994,10
12.9197797775,80.2300033569,33994,34004,10
12.9198503494,80.2300186157,34004,34014,10
12.9202899933,80.2301025391,34014,34024,10
12.9210596085,80.2302093506,34024,34034,10
12.9220199585,80.2303390503,34034,34044,10
12.9231595993,80.2305221558,34044,34054,10
12.9242801666,80.2306671143,34054,34064,10
12.9252901077,80.2307891846,34064,34074,10
12.9261198044,80.2308578491,34074,34085,11
12.9262695313,80.2308807373,34085,34095,10
12.9265499115,80.2309417725,34095,34105,10
12.9271001816,80.2310180664,34105,34115,10
12.9279003143,80.2311172485,34115,34125,10
12.9288396835,80.2312316895,34125,34135,10
12.9298295975,80.2314605713,34135,34145,10
12.9309101105,80.2317123413,34145,34155,10
12.9320297241,80.232093811,34155,34165,10
12.9336004257,80.2326965332,34165,34185,20
12.9336004257,80.2326965332,34185,34195,10
12.9338197708,80.2328033447,34195,34206,11
12.934510231,80.2331314087,34206,34217,11
12.9354295731,80.2335510254,34217,34227,10
12.9362001419,80.2338867188,34227,34237,10
12.9369401932,80.2342834473,34237,34247,10
12.9378900528,80.2347106934,34247,34257,10
12.9389696121,80.2352523804,34257,34266,9
12.9396095276,80.2355575562,34266,34276,10
12.9396400452,80.2355804443,34276,34287,11
12.9399204254,80.2356796265,34287,34297,10
12.9406204224,80.2359237671,34297,34307,10
12.9415597916,80.2361831665,34307,34318,11
12.9427900314,80.2365722656,34318,34328,10
12.9436597824,80.237197876,34328,34338,10
12.9438199997,80.2373733521,34338,34348,10
12.944029808,80.2376937866,34348,34358,10
12.9444999695,80.2381973267,34358,34368,10
12.9451303482,80.2388763428,34368,34378,10
12.9459104538,80.2394104004,34378,34388,10
12.9468202591,80.2397689819,34388,34398,10
12.9473400116,80.2399978638,34398,34408,10
12.9473800659,80.2400131226,34408,34418,10
12.9475603104,80.2400588989,34418,34429,11
12.9481401443,80.2403106689,34429,34439,10
12.9488697052,80.2405319214,34439,34610,171
12.9488697052,80.2405319214,34610,34620,10
12.9491195679,80.2406463623,34620,34630,10
12.9493703842,80.2407608032,34630,34640,10
12.9498195648,80.2409133911,34640,34650,10
12.9505195618,80.2411422729,34650,34661,11
12.9511404037,80.241317749,34661,34671,10
12.951210022,80.2413635254,34671,34681,10
12.9515895844,80.2414779663,34681,34691,10
12.9521303177,80.2416381836,34691,34701,10
12.9526996613,80.2418823242,34701,34711,10
12.9532604218,80.2421035767,34711,34721,10
12.9536104202,80.2422180176,34721,34731,10
12.954000473,80.2423782349,34731,34741,10
12.9545202255,80.2426223755,34741,34757,16
12.9553604126,80.2429504395,34757,34770,13
12.9563503265,80.2432632446,34770,34789,19
12.9563503265,80.2432632446,34789,34800,11
12.9566602707,80.2434463501,34800,34810,10
12.9572401047,80.2437210083,34810,34820,10
12.9577198029,80.243927002,34820,34829,9
12.9583396912,80.2442169189,34829,34840,11
12.9590501785,80.2444915771,34840,34850,10
12.9590997696,80.244468689,34850,34860,10
12.9594297409,80.2445831299,34860,34870,10
12.9597997665,80.2447967529,34870,34882,12
12.9605703354,80.2451400757,34882,34892,10
12.9616003036,80.2456512451,34892,34902,10
12.9626398087,80.2462005615,34902,34912,10
12.96352005,80.2466888428,34912,34922,10
12.9640598297,80.2469406128,34922,34932,10
12.9648599625,80.247177124,34932,34942,10
12.9656801224,80.247467041,34942,34952,10
12.9660596848,80.2475891113,34952,34962,10
12.9662599564,80.2476806641,34962,34972,10
12.9666795731,80.2478408813,34972,34992,20
12.9666795731,80.2478408813,34992,35003,11
12.9668598175,80.2479934692,35003,35013,10
12.9674396515,80.248260498,35013,35023,10
12.9683599472,80.2486190796,35023,35033,10
12.9695501328,80.2490692139,35033,35043,10
12.9708099365,80.2495422363,35043,35053,10
12.9721097946,80.2498931885,35053,35063,10
12.9730997086,80.2501831055,35063,35073,10
12.9741601944,80.2504196167,35073,35083,10
12.9745197296,80.2504577637,35083,35093,10
12.9747200012,80.2505722046,35093,35103,10
12.9753198624,80.2507781982,35103,35114,11
12.9763097763,80.2510681152,35114,35124,10
12.9774198532,80.2514266968,35124,35134,10
12.9782400131,80.2520980835,35134,35144,10
12.9790296555,80.2525100708,35144,35265,121
12.9790296555,80.2525100708,35265,35275,10
12.9790802002,80.2525024414,35275,35285,10
12.9793996811,80.2525177002,35285,35295,10
12.9798898697,80.2524795532,35295,35305,10
12.9799804688,80.2522735596,35305,35315,10
12.9799699783,80.2521362305,35315,35325,10
12.9800395966,80.251701355,35325,35335,10
12.980099678,80.2510223389,35335,35346,11
12.9806003571,80.2498168945,35346,35356,10
12.9808301926,80.248588562,35356,35366,10
12.980890274,80.2473297119,35366,35376,10
12.981010437,80.2459564209,35376,35386,10
12.981180191,80.2448806763,35386,35396,10
12.9812002182,80.2447128296,35396,35406,10
12.9811697006,80.2445831299,35406,35416,10
12.9811897278,80.2444000244,35416,35426,10
12.9812002182,80.2443237305,35426,35477,51
12.9812002182,80.2443237305,35477,35487,10
12.9812202454,80.2439498901,35487,35557,70
12.9812202454,80.2439498901,35557,35568,11
12.9813899994,80.2435302734,35568,35578,10
12.9813699722,80.2432098389,35578,35588,10
12.9813699722,80.2428894043,35588,35598,10
12.9813804626,80.2428436279,35598,35608,10
12.9814195633,80.2426834106,35608,35617,9
12.9814195633,80.2425537109,35617,35628,11
12.9813995361,80.2424468994,35628,35638,10
12.9813804626,80.2420120239,35638,35648,10
12.9813899994,80.2412033081,35648,35658,10
12.9813804626,80.2406616211,35658,35668,10
12.9813404083,80.2399520874,35668,35678,10
12.9813404083,80.2393722534,35678,35689,11
12.981300354,80.2385482788,35689,35699,10
12.9812803268,80.2378768921,35699,35709,10
12.9812898636,80.2377700806,35709,35719,10
12.9812698364,80.237197876,35719,35729,10
12.9812498093,80.2364196777,35729,35739,10
12.9812402725,80.2356567383,35739,35749,10
12.9812097549,80.2347564697,35749,35759,10
12.9814100266,80.233757019,35759,35789,30
12.9814100266,80.233757019,35789,35800,11
12.9815397263,80.233581543,35800,35810,10
12.9816198349,80.2334365845,35810,35820,10
12.9817199707,80.2332611084,35820,35830,10
12.9817800522,80.2332229614,35830,35840,10
12.9818601608,80.2329864502,35840,35850,10
12.9819202423,80.2327728271,35850,35860,10
12.9820098877,80.2324676514,35860,35869,9
12.9820404053,80.2323226929,35869,35879,10
12.982000351,80.2321090698,35879,35890,11
12.982000351,80.2316665649,35890,35900,10
12.9819402695,80.2311782837,35900,35911,11
12.9817399979,80.2306900024,35911,35921,10
12.9813499451,80.2301635742,35921,35931,10
12.9809398651,80.2295227051,35931,35941,10
12.980629921,80.2291030884,35941,35961,20
12.980629921,80.2291030884,35961,35971,10
12.9804401398,80.2287368774,35971,35981,10
12.9802799225,80.2283401489,35981,35991,10
12.9800596237,80.2279281616,35991,36001,10
12.9797801971,80.2274932861,36001,36011,10
12.9794301987,80.2268981934,36011,36021,10
12.9792299271,80.2265777588,36021,36032,11
12.9788503647,80.2259521484,36032,36042,10
12.9785995483,80.2255401611,36042,36052,10
12.9783496857,80.2250900269,36052,36072,20
12.9783496857,80.2250900269,36072,36082,10
12.9783296585,80.2249984741,36082,36092,10
12.9781303406,80.2247619629,36092,36102,10
12.9780702591,80.2247085571,36102,36112,10
12.9779195786,80.2244873047,36112,36122,10
12.9777698517,80.224319458,36122,36132,10
12.9777402878,80.2242431641,36132,36143,11
12.9775400162,80.2239227295,36143,36152,9
12.9772100449,80.2234115601,36152,36163,11
12.9769802094,80.2228469849,36163,36173,10
12.9771299362,80.2227325439,36173,36183,10
12.977230072,80.2227172852,36183,36193,10
12.9774599075,80.2226104736,36193,36203,10
12.9776096344,80.2224578857,36203,36213,10
12.9775800705,80.2221603394,36213,36223,10
12.9775695801,80.2217178345,36223,36233,10
12.9775495529,80.2215423584,36233,36243,10
12.9774799347,80.2213668823,36243,36254,11
12.9774398804,80.2212600708,36254,36264,10
12.9775600433,80.2212371826,36264,36274,10
12.9779500961,80.2212600708,36274,36284,10
12.9784297943,80.2211990356,36284,36294,10
12.9790201187,80.2210922241,36294,36304,10
12.979470253,80.2210464478,36304,36314,10
12.9798603058,80.2210693359,36314,36324,10
12.9803695679,80.2211608887,36324,36334,10
12.9810695648,80.2211608887,36334,36344,10
12.9814300537,80.2211990356,36344,36354,10
12.9817495346,80.2214584351,36354,36365,11
12.9823598862,80.2218017578,36365,36375,10
12.9828195572,80.2218933105,36375,36385,10
12.9830799103,80.2219772339,36385,36395,10
12.9832000732,80.2220535278,36395,36405,10
12.983420372,80.2222824097,36405,36415,10
12.9837398529,80.2225189209,36415,36425,10
12.9841995239,80.2228088379,36425,36435,10
12.9846801758,80.2230987549,36435,36445,10
12.9851799011,80.2232589722,36445,36455,10
12.985449791,80.2232131958,36455,36465,10
12.9857797623,80.2230224609,36465,36475,10
12.9863796234,80.2229690552,36475,36486,11
12.9866895676,80.2229614258,36486,36496,10
12.987039566,80.2230377197,36496,36506,10
12.9874095917,80.2230834961,36506,36516,10
12.9877700806,80.2230072021,36516,36526,10
12.9883298874,80.2226104736,36526,36536,10
12.9888000488,80.2221298218,36536,36546,10
12.9891004562,80.2217636108,36546,36556,10
12.9895401001,80.2211914063,36556,36566,10
12.9902601242,80.2204589844,36566,36576,10
12.9906597137,80.2202682495,36576,36586,10
12.9908399582,80.2201385498,36586,36597,11
12.9911403656,80.2198791504,36597,36607,10
12.9916801453,80.2194137573,36607,36617,10
12.9923095703,80.2189178467,36617,36627,10
12.9929704666,80.2184371948,36627,36637,10
12.9936800003,80.2179336548,36637,36647,10
12.9940900803,80.2176895142,36647,36657,10
12.99421978,80.2175674438,36657,36667,10
12.9943199158,80.2174606323,36667,36677,10
12.9945898056,80.2173080444,36677,36687,10
12.995010376,80.2170410156,36687,36697,10
12.9954395294,80.2168121338,36697,36708,11
12.9961700439,80.2166213989,36708,36718,10
12.9965400696,80.216468811,36718,36728,10
12.9968700409,80.2164535522,36728,36738,10
12.997209549,80.2164001465,36738,36748,10
12.997420311,80.2161712646,36748,36758,10
12.997420311,80.2161636353,36758,36768,10
12.997590065,80.216003418,36768,36778,10
12.9979200363,80.2156982422,36778,36788,10
12.9982299805,80.2153091431,36788,36798,10
12.998550415,80.2149810791,36798,36808,10
12.9988899231,80.2146682739,36808,36818,10
12.9991798401,80.2144393921,36818,36829,11
12.9998502731,80.2139587402,36829,36839,10
13.000579834,80.2134170532,36839,36849,10
13.0011396408,80.2130203247,36849,36859,10
13.0015201569,80.2126235962,36859,36869,10
13.0020599365,80.2123336792,36869,36879,10
13.0025997162,80.2121429443,36879,36889,10
13.0031099319,80.2120513916,36889,36899,10
13.003660202,80.2118606567,36899,36909,10
13.0036802292,80.2117767334,36909,36919,10
13.0036802292,80.2112503052,36919,36929,10
13.0035800934,80.2105407715,36929,36940,11
13.0034999847,80.2097930908,36940,36950,10
13.0036001205,80.2091217041,36950,36960,10
13.0038795471,80.2085723877,36960,36970,10
13.0046396255,80.2088775635,36970,36980,10
13.0053701401,80.209197998,36980,36990,10
13.0058498383,80.2093887329,36990,37000,10
13.0062303543,80.209487915,37000,37010,10
13.0066604614,80.2096328735,37010,37020,10
13.0069904327,80.2097320557,37020,37040,20
13.0069904327,80.2097320557,37040,37050,10
13.0071001053,80.2097625732,37050,37061,11
13.007519722,80.2098693848,37061,37071,10
13.0078897476,80.2098770142,37071,37081,10
13.0081396103,80.209777832,37081,37091,10
13.0080099106,80.2091369629,37091,37101,10
13.0078601837,80.2082595825,37101,37111,10
13.0077104568,80.20728302,37111,37127,16
13.0074996948,80.2057189941,37127,37139,12
13.0074996948,80.2045974731,37139,37147,8
13.0075101852,80.2039031982,37147,37159,12
13.0073204041,80.2029418945,37159,37169,10
13.0067300797,80.202507019,37169,37180,11
13.0067396164,80.2033004761,37180,37190,10
13.0074596405,80.2036209106,37190,37200,10
13.0083799362,80.2036972046,37200,37210,10
13.0093202591,80.20362854,37210,37220,10
13.0106401443,80.2035522461,37220,37230,10
13.0119304657,80.2036819458,37230,37240,10
13.0128698349,80.2039031982,37240,37250,10
13.0132198334,80.2040634155,37250,37291,41
13.0132198334,80.2040634155,37291,37301,10
13.0136404037,80.204208374,37301,37311,10
13.0136604309,80.2045288086,37311,37331,20
13.0136604309,80.2045288086,37331,37341,10
13.0135002136,80.2049789429,37341,37351,10
13.0133304596,80.2057189941,37351,37361,10
13.0131196976,80.206703186,37361,37371,10
13.0130300522,80.2073516846,37371,37381,10
13.0129699707,80.2077331543,37381,37391,10
13.0129003525,80.2081375122,37391,37402,11
13.0128602982,80.2085418701,37402,37412,10
13.0129499435,80.2089691162,37412,37428,16
13.0132198334,80.2095718384,37428,37440,12
13.0131998062,80.2101669312,37440,37450,10
13.013130188,80.2106018066,37450,37460,10
13.0128602982,80.2113800049,37460,37470,10
13.0123996735,80.2121124268,37470,37480,10
13.0119895935,80.2126617432,37480,37490,10
13.011759758,80.2127380371,37490,37500,10
13.0112895966,80.2124176025,37500,37510,10
13.010890007,80.212097168,37510,37521,11
13.0106296539,80.2119216919,37521,37531,10
13.01060009,80.2119293213,37531,37541,10
13.0105199814,80.2118682861,37541,37551,10
13.0104598999,80.2118377686,37551,37561,10
13.0102396011,80.2116394043,37561,37599,38
13.0102396011,80.2116394043,37599,37609,10
13.0099401474,80.2113876343,37609,37675,66
13.0096998215,80.2112426758,37675,37867,192
13.0095596313,80.2111587524,37867,37968,101
13.0095596313,80.2111587524,37968,37978,10
13.00922966,80.211227417,37978,37988,10
13.0090904236,80.2114028931,37988,37998,10
13.0090398788,80.211479187,37998,38008,10
13.0091295242,80.2117919922,38008,38018,10
13.0092000961,80.212020874,38018,38028,10
13.0093402863,80.2124176025,38028,38039,11
13.0094804764,80.2129211426,38039,38049,10
13.0096597672,80.213432312,38049,38059,10
13.0098495483,80.2139587402,38059,38069,10
13.0100698471,80.2145690918,38069,38079,10
13.0101604462,80.2151184082,38079,38090,11
13.0102796555,80.2158279419,38090,38100,10
13.01060009,80.2165679932,38100,38110,10
13.0109901428,80.2173995972,38110,38120,10
13.0111999512,80.2182617188,38120,38130,10
13.0115203857,80.2189025879,38130,38140,10
13.0117797852,80.2196807861,38140,38150,10
13.0120897293,80.2206192017,38150,38160,10
13.0123500824,80.2214279175,38160,38170,10
13.0126695633,80.2220611572,38170,38180,10
13.0132398605,80.222618103,38180,38190,10
13.0137195587,80.2232589722,38190,38201,11
13.0141801834,80.2238769531,38201,38211,10
13.0146198273,80.2245025635,38211,38221,10
13.0152301788,80.2250976563,38221,38231,10
13.0153398514,80.2255630493,38231,38241,10
13.0152301788,80.2258911133,38241,38251,10
13.015080452,80.2258834839,38251,38261,10
13.0150499344,80.2258682251,38261,38271,10
13.014840126,80.2259902954,38271,38281,10
13.01445961,80.2261886597,38281,38291,10
13.0140399933,80.2263412476,38291,38301,10
13.0133895874,80.2265625,38301,38312,11
13.0125303268,80.2269210815,38312,38322,10
13.0114898682,80.2273483276,38322,38332,10
13.010310173,80.2278137207,38332,38342,10
13.009469986,80.2277526855,38342,38352,10
13.009759903,80.2270278931,38352,38362,10
13.0101203918,80.2262191772,38362,38372,10
13.0105304718,80.2251815796,38372,38382,10
13.0105495453,80.2250518799,38382,38392,10
13.0107002258,80.2247390747,38392,38402,10
13.0109596252,80.2241821289,38402,38412,10
13.0112400055,80.2234802246,38412,38423,11
13.0110301971,80.2231063843,38423,38433,10
13.0104703903,80.2228775024,38433,38443,10
13.0103797913,80.2228012085,38443,38453,10
13.0100498199,80.2225189209,38453,38463,10
13.0094299316,80.2222213745,38463,38473,10
13.0086297989,80.2217712402,38473,38483,10
13.0077199936,80.2213134766,38483,38493,10
13.0067596436,80.2208328247,38493,38503,10
13.0058298111,80.2205200195,38503,38513,10
13.0048799515,80.2202835083,38513,38523,10
13.0039701462,80.2200622559,38523,38533,10
13.0030603409,80.2198104858,38533,38544,11
13.0023202896,80.219329834,38544,38554,10
13.0016899109,80.2186431885,38554,38564,10
13.0009498596,80.2180862427,38564,38574,10
13.0001897812,80.2176971436,38574,38584,10
12.9994001389,80.2173233032,38584,38594,10
12.9988603592,80.217010498,38594,38604,10
12.9981899261,80.2167282104,38604,38614,10
12.997300148,80.2165603638,38614,38624,10
12.997209549,80.2165222168,38624,38634,10
12.9970798492,80.216468811,38634,38644,10
12.9966001511,80.2165222168,38644,38655,11
12.9959201813,80.216758728,38655,38665,10
12.9951295853,80.217048645,38665,38675,10
12.994600296,80.2173614502,38675,38685,10
12.9942598343,80.2176589966,38685,38695,10
12.9940004349,80.2178268433,38695,38705,10
12.9936199188,80.2180862427,38705,38715,10
12.9930095673,80.2185821533,38715,38725,10
12.9924001694,80.21900177,38725,38735,10
12.9917201996,80.2195281982,38735,38745,10
12.991230011,80.2199478149,38745,38755,10
12.9907999039,80.2202835083,38755,38771,16
12.9906396866,80.2203674316,38771,38784,13
12.9903001785,80.2206573486,38784,38794,10
12.9899597168,80.2208709717,38794,38804,10
12.9894800186,80.2211990356,38804,38814,10
12.9890203476,80.2219085693,38814,38824,10
12.9883403778,80.2225799561,38824,38834,10
12.9876699448,80.2231216431,38834,38844,10
12.9875602722,80.2231216431,38844,38854,10
12.9872999191,80.2231521606,38854,38864,10
12.987039566,80.2231216431,38864,38873,9
12.9869003296,80.2230606079,38873,38885,12
12.9862203598,80.2230377197,38885,38895,10
12.985619545,80.2231063843,38895,38905,10
12.9852895737,80.2231826782,38905,38915,10
12.9850101471,80.2232208252,38915,38925,10
12.9847002029,80.2230987549,38925,38935,10
12.984120369,80.2227401733,38935,38945,10
12.983590126,80.2224121094,38945,38965,20
12.983590126,80.2224121094,38965,38975,10
12.9832296371,80.2221908569,38975,38985,10
12.9831800461,80.2221374512,38985,38996,11
12.9830703735,80.2220687866,38996,39006,10
12.9828596115,80.2219772339,39006,39016,10
12.9825496674,80.2218093872,39016,39026,10
12.9821300507,80.2217330933,39026,39036,10
12.9817495346,80.2215499878,39036,39046,10
12.9812202454,80.221282959,39046,39056,10
12.9807500839,80.2211685181,39056,39066,10
12.980219841,80.2211608887,39066,39076,10
12.9798698425,80.2211685181,39076,39086,10
12.9792995453,80.2211914063,39086,39096,10
12.9786500931,80.2211990356,39096,39106,10
12.9778404236,80.221282959,39106,39117,11
12.9770803452,80.2212982178,39117,39177,60
12.9770803452,80.2212982178,39177,39187,10
12.9767799377,80.2212371826,39187,39197,10
12.9765501022,80.221282959,39197,39207,10
12.9764204025,80.2212982178,39207,39217,10
12.9764299393,80.2212982178,39217,39228,11
12.9761695862,80.221321106,39228,39238,10
12.9761400223,80.2214813232,39238,39248,10
12.9764099121,80.2217636108,39248,39268,20
12.9764099121,80.2217636108,39268,39278,10
12.9764795303,80.2219085693,39278,39288,10
12.9766902924,80.2223205566,39288,39298,10
12.9769802094,80.2227935791,39298,39308,10
12.977350235,80.2233963013,39308,39318,10
12.9777803421,80.2241287231,39318,39328,10
12.9780397415,80.2245635986,39328,39338,10
12.9782104492,80.2249069214,39338,39349,11
12.9785499573,80.225440979,39349,39359,10
12.9785699844,80.2254867554,39359,39369,10
12.9786500931,80.2255477905,39369,39379,10
12.9789104462,80.2258834839,39379,39389,10
12.9792804718,80.2265396118,39389,39399,10
12.9795598984,80.2269973755,39399,39408,9
12.9798698425,80.2275009155,39408,39419,11
12.9802398682,80.2281188965,39419,39429,10
12.980389595,80.2283630371,39429,39439,10
12.9805202484,80.2286376953,39439,39449,10
12.9806404114,80.2288818359,39449,39460,11
12.9808301926,80.2291793823,39460,39470,10
12.9810600281,80.2296066284,39470,39480,10
12.9814796448,80.2302017212,39480,39490,10
12.9817399979,80.2305374146,39490,39500,10
12.9818096161,80.2306289673,39500,39510,10
12.9819498062,80.231086731,39510,39520,10
12.982049942,80.2318191528,39520,39530,10
12.9819898605,80.2325515747,39530,39540,10
12.9819002151,80.2328109741,39540,39550,10
12.9818601608,80.2329406738,39550,39560,10
12.9816799164,80.2333374023,39560,39571,11
12.9815597534,80.2335968018,39571,39581,10
12.9814796448,80.2337875366,39581,39591,10
12.9812402725,80.2343673706,39591,39601,10
12.9812002182,80.2351837158,39601,39611,10
12.9812097549,80.2360076904,39611,39621,10
12.9812498093,80.2370681763,39621,39631,10
12.9812698364,80.2375030518,39631,39641,10
12.9812803268,80.23777771,39641,39651,10
12.9812803268,80.2382202148,39651,39661,10
12.981300354,80.238609314,39661,39671,10
12.9813098907,80.2387237549,39671,39681,10
12.9813299179,80.238899231,39681,39692,11
12.9813404083,80.2395172119,39692,39702,10
12.9813699722,80.2402496338,39702,39712,10
12.9813699722,80.2408599854,39712,39722,10
12.9813899994,80.2412719727,39722,39762,40
12.9813899994,80.2412719727,39762,39772,10
12.9813804626,80.2414779663,39772,39782,10
12.9814100266,80.2418670654,39782,39803,21
12.9814100266,80.2418670654,39803,39813,10
12.9813995361,80.2420120239,39813,39823,10
12.9813804626,80.2422409058,39823,39833,10
12.9813804626,80.2425918579,39833,39843,10
12.9813899994,80.2426376343,39843,39853,10
12.9814100266,80.2428817749,39853,39863,10
12.9813995361,80.2433700562,39863,39873,10
12.9812803268,80.244140625,39873,39883,10
12.9811401367,80.2451171875,39883,39893,10
12.9810400009,80.2462615967,39893,39903,10
12.980890274,80.2474975586,39903,39914,11
12.9807395935,80.248878479,39914,39924,10
12.980629921,80.2499465942,39924,39934,10
12.9803695679,80.2509994507,39934,39944,10
12.9801397324,80.2519607544,39944,39954,10
12.9800195694,80.2523193359,39954,39964,10
12.979929924,80.252456665,39964,39974,10
12.979929924,80.2524795532,39974,39984,10
12.9797401428,80.2527389526,39984,39994,10
12.979060173,80.2526931763,39994,40004,10
12.9787502289,80.2526321411,40004,40014,10
12.9785699844,80.2525482178,40014,40024,10
12.9780101776,80.2521591187,40024,40035,11
12.9771604538,80.2515029907,40035,40045,10
12.9760599136,80.251121521,40045,40055,10
12.9748497009,80.2507629395,40055,40065,10
12.973690033,80.2504501343,40065,40075,10
12.9727201462,80.2501907349,40075,40085,10
12.9722003937,80.2500762939,40085,40095,10
12.9720897675,80.250038147,40095,40105,10
12.9715995789,80.2498779297,40105,40115,10
12.970749855,80.2496490479,40115,40125,10
12.9696998596,80.2492599487,40125,40135,10
12.9685001373,80.2488632202,40135,40146,11
12.9672498703,80.2483215332,40146,40156,10
12.9667196274,80.2480621338,40156,40166,10
12.9661397934,80.2478027344,40166,40176,10
12.9652299881,80.2474975586,40176,40186,10
12.9649000168,80.2473373413,40186,40196,10
12.9647397995,80.2472915649,40196,40206,10
12.9642601013,80.2471389771,40206,40216,10
12.9637804031,80.2469329834,40216,40226,10
12.9636201859,80.2468490601,40226,40236,10
12.9635000229,80.2468032837,40236,40246,10
12.9629402161,80.2465286255,40246,40257,11
12.9620504379,80.2460632324,40257,40267,10
12.9609804153,80.2455291748,40267,40277,10
12.9598999023,80.2450637817,40277,40287,10
12.9592599869,80.2447967529,40287,40297,10
12.9592103958,80.2447662354,40297,40307,10
12.9588603973,80.2445831299,40307,40317,10
12.9582195282,80.2442703247,40317,40327,10
12.9575195313,80.2440490723,40327,40337,10
12.9565095901,80.2437362671,40337,40408,71
12.9565095901,80.2437362671,40408,40418,10
12.9561004639,80.2435379028,40418,40428,10
12.955450058,80.2431564331,40428,40438,10
12.9546203613,80.2427978516,40438,40448,10
12.953789711,80.2424621582,40448,40458,10
12.95291996,80.2421112061,40458,40468,10
12.9520902634,80.2417831421,40468,40478,10
12.9517402649,80.2416992188,40478,40488,10
12.9515104294,80.2416305542,40488,40499,11
12.9508304596,80.2414169312,40499,40509,10
12.9503297806,80.2412796021,40509,40519,10
12.9495296478,80.2410736084,40519,40569,50
12.9495296478,80.2410736084,40569,40579,10
12.949259758,80.2408599854,40579,40589,10
12.9486703873,80.2406234741,40589,40599,10
12.9478397369,80.2403030396,40599,40610,11
12.9472703934,80.2400970459,40610,40640,30
12.9472703934,80.2400970459,40640,40650,10
12.9468803406,80.2399368286,40650,40660,10
12.9462003708,80.2396621704,40660,40670,10
12.9453601837,80.2392578125,40670,40680,10
12.944560051,80.2385025024,40680,40690,10
12.9437599182,80.237663269,40690,40700,10
12.9431400299,80.2370605469,40700,40710,10
12.9430799484,80.2369766235,40710,40721,11
12.9425497055,80.2366409302,40721,40731,10
12.9416799545,80.2363433838,40731,40741,10
12.940580368,80.2360305786,40741,40751,10
12.939740181,80.2357635498,40751,40761,10
12.9394798279,80.2356491089,40761,40771,10
12.9393596649,80.2356262207,40771,40781,10
12.9389095306,80.2354431152,40781,40791,10
12.9382200241,80.2350692749,40791,40807,16
12.9368495941,80.2344207764,40807,40819,12
12.9366703033,80.2342987061,40819,40827,8
12.9365501404,80.2342224121,40827,40840,13
12.9362602234,80.2340316772,40840,40850,10
12.9360599518,80.2339096069,40850,40860,10
12.9359102249,80.23387146,40860,40870,10
12.9358596802,80.2338790894,40870,40880,10
12.9357995987,80.2338409424,40880,40890,10
12.9355602264,80.2338180542,40890,40900,10
12.934920311,80.2335281372,40900,40910,10
12.934009552,80.2331008911,40910,40920,10
12.9336500168,80.2329406738,40920,40930,10
12.933429718,80.2328567505,40930,40940,10
12.9326601028,80.2325668335,40940,40951,11
12.9315595627,80.2321777344,40951,40961,10
12.9304199219,80.2317962646,40961,40971,10
12.9296398163,80.2315826416,40971,40981,10
12.9292201996,80.2314605713,40981,40991,10
12.9290895462,80.2314224243,40991,41001,10
12.9289703369,80.2313995361,41001,41011,10
12.9286603928,80.231338501,41011,41021,10
12.9280500412,80.2312393188,41021,41031,10
12.9271097183,80.2311325073,41031,41041,10
12.9260797501,80.231048584,41041,41050,9
12.9258003235,80.231048584,41050,41062,12
12.9255504608,80.231010437,41062,41072,10
12.9248600006,80.2309417725,41072,41082,10
12.9239501953,80.230796814,41082,41092,10
12.9230699539,80.2306900024,41092,41102,10
12.9220399857,80.2304763794,41102,41112,10
12.9207801819,80.2303085327,41112,41122,10
12.9196195602,80.2302017212,41122,41132,10
12.9189901352,80.2300796509,41132,41142,10
12.9188604355,80.2300415039,41142,41152,10
12.9183702469,80.2299880981,41152,41162,10
12.9175195694,80.2299194336,41162,41172,10
12.916469574,80.2297592163,41172,41183,11
12.9150400162,80.2295913696,41183,41193,10
12.9137601852,80.229347229,41193,41203,10
12.9130601883,80.2293624878,41203,41213,10
12.9130601883,80.2294006348,41213,41223,10
12.912730217,80.2293624878,41223,41233,10
12.9117603302,80.2291564941,41233,41243,10
12.910490036,80.2289123535,41243,41253,10
12.9092597961,80.2287063599,41253,41263,10
12.9081201553,80.2285308838,41263,41273,10
12.9072599411,80.2283706665,41273,41283,10
12.9066801071,80.2283172607,41283,41294,11
12.9062099457,80.2282791138,41294,41304,10
12.9060001373,80.228302002,41304,41314,10
12.9059495926,80.228302002,41314,41324,10
12.905579567,80.2283935547,41324,41334,10
12.9047403336,80.2282714844,41334,41344,10
12.9036102295,80.2281799316,41344,41354,10
12.9022798538,80.2280807495,41354,41364,10
12.9014501572,80.2280502319,41364,41374,10
12.9006700516,80.2279281616,41374,41384,10
12.9000797272,80.2279510498,41384,41394,10
12.8997802734,80.2279586792,41394,41405,11
12.8996696472,80.2279586792,41405,41415,10
12.8994398117,80.2279205322,41415,41425,10
12.8989896774,80.2279129028,41425,41435,10
12.8988895416,80.2279281616,41435,41445,10
12.8988800049,80.2279586792,41445,41455,10
12.8984899521,80.2279129028,41455,41465,10
12.897649765,80.2278366089,41465,41475,10
12.8965997696,80.2277526855,41475,41485,10
12.8949298859,80.2276763916,41485,41495,10
12.8935403824,80.2275695801,41495,41505,10
12.8924598694,80.2274627686,41505,41536,31
12.8924598694,80.2274627686,41536,41546,10
12.8924503326,80.2274398804,41546,41556,10
12.8918800354,80.2274169922,41556,41566,10
12.890879631,80.2274169922,41566,41576,10
12.8896303177,80.2274169922,41576,41586,10
12.8884601593,80.2273712158,41586,41596,10
12.8872003555,80.2272186279,41596,41612,16
12.8851299286,80.2267303467,41612,41624,12
12.8845396042,80.2266921997,41624,41634,10
12.8837900162,80.2267074585,41634,41645,11
12.8826999664,80.2267303467,41645,41655,10
12.8815498352,80.2267303467,41655,41665,10
12.8804397583,80.2267379761,41665,41675,10
12.8793296814,80.2267608643,41675,41685,10
12.8781995773,80.2268066406,41685,41695,10
12.8771696091,80.2269134521,41695,41705,10
12.8769798279,80.2269363403,41705,41715,10
12.8768196106,80.2269515991,41715,41725,10
12.8765802383,80.2269821167,41725,41735,10
12.8764600754,80.2268600464,41735,41745,10
12.8764400482,80.226852417,41745,41756,11
12.8764095306,80.2264175415,41756,41766,10
12.8765201569,80.2256469727,41766,41776,10
12.8766403198,80.2247009277,41776,41786,10
12.8768196106,80.2236175537,41786,41796,10
12.8770999908,80.2223815918,41796,41806,10
12.8774003983,80.2211380005,41806,41816,10
12.8776597977,80.2200012207,41816,41826,10
12.8779497147,80.21875,41826,41836,10
12.8781995773,80.2175598145,41836,41846,10
12.8784303665,80.2164230347,41846,41855,9
12.8786401749,80.2154312134,41855,41867,12
12.8789196014,80.2139968872,41867,41877,10
12.8791599274,80.2127914429,41877,41887,10
12.8793401718,80.2117233276,41887,41897,10
12.8794202805,80.2110290527,41897,41907,10
12.8793401718,80.2109832764,41907,41917,10
12.8791599274,80.2109832764,41917,41927,10
12.8787002563,80.210899353,41927,41937,10
12.8780403137,80.2108001709,41937,41947,10
12.8770399094,80.210647583,41947,41957,10
12.8760204315,80.2104568481,41957,41967,10
12.8750696182,80.2102584839,41967,41977,10
12.8745803833,80.2101364136,41977,41988,11
12.8743400574,80.2100219727,41988,41998,10
12.8743801117,80.209777832,41998,42007,9
12.8744497299,80.2095794678,42007,42018,11
12.8746595383,80.2096328735,42018,42028,10
12.8747196198,80.2096786499,42028,42038,10
12.8746595383,80.2098770142,42038,42300,262
12.8746595383,80.2098770142,42300,42310,10
12.8749103546,80.2101974487,42310,42320,10
12.8755397797,80.2102737427,42320,42331,11
12.8764896393,80.2105102539,42331,42341,10
12.8773298264,80.2106781006,42341,42351,10
12.8781795502,80.2106933594,42351,42361,10
12.8790302277,80.2108688354,42361,42371,10
12.8792896271,80.2109603882,42371,42381,10
12.8793201447,80.2110290527,42381,42391,10
12.8794202805,80.2114334106,42391,42401,10
12.8792495728,80.2122421265,42401,42411,10
12.8790597916,80.2133026123,42411,42421,10
12.8788299561,80.2145614624,42421,42431,10
12.8785200119,80.2159194946,42431,42442,11
12.8782196045,80.2174530029,42442,42452,10
12.8779001236,80.2188568115,42452,42462,10
12.8775901794,80.2202529907,42462,42472,10
12.8772802353,80.2216186523,42472,42482,10
12.876999855,80.2229614258,42482,42492,10
12.8767004013,80.2242965698,42492,42502,10
12.8765602112,80.2256164551,42502,42512,10
12.8763999939,80.2265777588,42512,42522,10
12.8767795563,80.2269134521,42522,42542,20
12.8767795563,80.2269134521,42542,42552,10
12.8770198822,80.2268981934,42552,42563,11
12.8777799606,80.2268218994,42563,42573,10
12.8787698746,80.2267379761,42573,42583,10
12.8800096512,80.2267227173,42583,42593,10
12.8813400269,80.2266769409,42593,42603,10
12.8827495575,80.2266464233,42603,42613,10
12.8841199875,80.2266387939,42613,42622,9
12.8850803375,80.2266082764,42622,42633,11
12.8852996826,80.2266464233,42633,42643,10
12.8853702545,80.2266464233,42643,42653,10
12.8858699799,80.2267684937,42653,42663,10
12.8867301941,80.2270202637,42663,42674,11
12.8879404068,80.2272415161,42674,42684,10
12.8889503479,80.2272720337,42684,42694,10
12.890080452,80.2272567749,42694,42704,10
12.8913602829,80.2272567749,42704,42714,10
12.8922195435,80.2272567749,42714,42724,10
12.8922796249,80.2272567749,42724,42734,10
12.8925800323,80.2273025513,42734,42744,10
12.8932600021,80.2273788452,42744,42754,10
12.8940601349,80.2274780273,42754,42764,10
12.8948602676,80.2275314331,42764,42774,10
12.89523983,80.2275390625,42774,42784,10
12.8957004547,80.2275466919,42784,42795,11
12.8965501785,80.2276229858,42795,42805,10
12.8976602554,80.2276916504,42805,42815,10
12.8988599777,80.2277908325,42815,42825,10
12.8998498917,80.2278594971,42825,42835,10
12.9003601074,80.2278518677,42835,42845,10
12.9006900787,80.2278671265,42845,42916,71
12.9006900787,80.2278671265,42916,42926,10
12.9011201859,80.2279434204,42926,42936,10
12.9016895294,80.2279434204,42936,42946,10
12.9024295807,80.2279663086,42946,42956,10
12.9028396606,80.2279586792,42956,42966,10
12.9029197693,80.2279510498,42966,42976,10
12.9032802582,80.2279281616,42976,42986,10
12.9039096832,80.2280426025,42986,42996,10
12.904800415,80.2281494141,42996,43006,10
12.9058904648,80.2282562256,43006,43016,10
12.9062700272,80.2282028198,43016,43047,31
12.9062700272,80.2282028198,43047,43057,10
12.906920433,80.2282333374,43057,43077,20
12.906920433,80.2282333374,43077,43087,10
12.9071798325,80.228302002,43087,43097,10
12.9078302383,80.2284011841,43097,43107,10
12.9086799622,80.2285232544,43107,43117,10
12.9099302292,80.2287368774,43117,43127,10
12.911239624,80.2289199829,43127,43138,11
12.9126596451,80.2291183472,43138,43148,10
12.9140501022,80.2292785645,43148,43168,20
12.9140501022,80.2292785645,43168,43178,10
12.9144802094,80.2293395996,43178,43188,10
12.9152402878,80.2294998169,43188,43198,10
12.9163198471,80.2296829224,43198,43208,10
12.9174499512,80.2297821045,43208,43218,10
12.9185400009,80.2299423218,43218,43228,10
12.9193601608,80.2300186157,43228,43238,10
12.9194602966,80.2300109863,43238,43249,11
12.9196596146,80.2300186157,43249,43259,10
12.9202404022,80.2301177979,43259,43269,10
12.9210300446,80.2302017212,43269,43279,10
12.9220504761,80.2303695679,43279,43289,10
12.9232797623,80.2305603027,43289,43299,10
12.9245500565,80.2307434082,43299,43309,10
12.925740242,80.2308807373,43309,43319,10
12.9264202118,80.2309188843,43319,43339,20
12.9269304276,80.2310028076,43339,43349,10
12.9276800156,80.2311172485,43349,43359,10
12.9286003113,80.2312393188,43359,43376,17
12.9303703308,80.2316207886,43376,43388,12
12.9318399429,80.2320632935,43388,43398,10
12.9328804016,80.2323989868,43398,43408,10
12.9337100983,80.2327575684,43408,43418,10
12.9336996078,80.2327880859,43418,43428,10
12.9338102341,80.2328872681,43428,43438,10
12.9342098236,80.233039856,43438,43448,10
12.9344902039,80.2331771851,43448,43458,10
12.9351100922,80.2334365845,43458,43468,10
12.9358797073,80.2338180542,43468,43478,10
12.936920166,80.2342834473,43478,43489,11
12.9381504059,80.2348709106,43489,43499,10
12.939209938,80.2353820801,43499,43509,10
12.9398603439,80.2356872559,43509,43519,10
12.9399700165,80.235748291,43519,43529,10
12.9400701523,80.235786438,43529,43539,10
12.9406604767,80.2359695435,43539,43549,10
12.9414701462,80.2361831665,43549,43559,10
12.9423599243,80.2363967896,43559,43569,10
12.9432296753,80.2368621826,43569,43579,10
12.9436998367,80.2372894287,43579,43600,21
12.9436998367,80.2372894287,43600,43610,10
12.9439296722,80.237663269,43610,43620,10
12.944439888,80.2381896973,43620,43630,10
12.9451198578,80.238899231,43630,43640,10
12.9461698532,80.2394790649,43640,43650,10
12.9472198486,80.2399215698,43650,43660,10
12.9474601746,80.240020752,43660,43670,10
12.9476804733,80.2400970459,43670,43680,10
12.9489498138,80.2406234741,43680,43729,49
12.9489498138,80.2406234741,43729,43739,10
12.9490995407,80.2406997681,43739,43749,10
12.9496498108,80.2408981323,43749,43759,10
12.9504003525,80.2411422729,43759,43768,9
12.9511604309,80.2413406372,43768,43779,11
12.9511804581,80.2413406372,43779,43789,10
12.9513998032,80.2414703369,43789,43799,10
12.9519796371,80.2416687012,43799,43809,10
12.9527797699,80.2419815063,43809,43819,10
12.9537296295,80.2423400879,43819,43830,11
12.9546003342,80.2426681519,43830,43840,10
12.9552202225,80.2429275513,43840,43850,10
12.9558601379,80.2431488037,43850,43860,10
12.9563398361,80.2433013916,43860,43890,30
12.9563398361,80.2433013916,43890,43900,10
12.9565200806,80.2432403564,43900,43910,10
12.9568901062,80.2434310913,43910,43920,10
12.9575595856,80.243812561,43920,43930,10
12.9589595795,80.2444381714,43930,43951,21
12.9589595795,80.2444381714,43951,43961,10
12.9593000412,80.2446289063,43961,43971,10
12.959859848,80.2448883057,43971,43981,10
12.960650444,80.2452392578,43981,43991,10
12.961640358,80.2457199097,43991,44001,10
12.962679863,80.2462387085,44001,44011,10
12.9634599686,80.2466506958,44011,44021,10
12.9639196396,80.2468414307,44021,44031,10
12.964509964,80.2470626831,44031,44041,10
12.9652700424,80.2473373413,44041,44051,10
12.966219902,80.2476577759,44051,44062,11
12.9668903351,80.2479629517,44062,44082,20
12.9668903351,80.2479629517,44082,44098,16
12.9676504135,80.248336792,44098,44110,12
12.9686098099,80.2487106323,44110,44120,10
12.969420433,80.2490310669,44120,44126,6
12.9703397751,80.2493667603,44126,44140,14
12.9720802307,80.2499237061,44140,44148,8
12.9730901718,80.2501983643,44148,44160,12
12.9743499756,80.25050354,44160,44170,10
12.9744701385,80.2505111694,44170,44181,11
12.9744796753,80.2505111694,44181,44191,10
12.9748601913,80.2506484985,44191,44201,10
12.9755802155,80.2509002686,44201,44211,10
12.9765100479,80.2511825562,44211,44221,10
12.9775800705,80.2516098022,44221,44231,10
12.9784803391,80.2523498535,44231,44253,22
12.9799404144,80.2524795532,44253,44265,12
12.9799604416,80.2523574829,44265,44275,10
12.9799804688,80.2520904541,44275,44285,10
12.9800901413,80.2518386841,44285,44296,11
12.9802398682,80.251121521,44296,44306,10
12.9805002213,80.2501907349,44306,44316,10
12.9806995392,80.2491531372,44316,44326,10
12.9807701111,80.2481384277,44326,44336,10
12.9808597565,80.2469787598,44336,44346,10
12.9809904099,80.24584198,44346,44356,10
12.9811401367,80.2444763184,44356,44366,10
12.9812297821,80.2436676025,44366,44376,10
12.9813404083,80.2433700562,44376,44386,10
12.9813604355,80.243019104,44386,44396,10
12.9813804626,80.2429428101,44396,44407,11
12.9814395905,80.2425918579,44407,44417,10
12.9813995361,80.2420196533,44417,44427,10
12.9813899994,80.2412185669,44427,44436,9
12.9814100266,80.2404937744,44436,44447,11
12.9813604355,80.2398986816,44447,44457,10
12.981300354,80.239440918,44457,44467,10
12.9812803268,80.2387313843,44467,44477,10
12.9812803268,80.2380371094,44477,44487,10
12.9812698364,80.23802948,44487,44497,10
12.9812602997,80.2378616333,44497,44507,10
12.9812402725,80.2376174927,44507,44518,11
12.9812002182,80.2368774414,44518,44528,10
12.981180191,80.2360305786,44528,44538,10
12.981180191,80.235168457,44538,44548,10
12.9811897278,80.2343673706,44548,44558,10
12.9812297821,80.234161377,44558,44568,10
12.9814395905,80.2337188721,44568,44578,10
12.9815397263,80.2335586548,44578,44588,10
12.9816503525,80.2333602905,44588,44598,10
12.9818096161,80.2329330444,44598,44608,10
12.9819602966,80.2324295044,44608,44617,9
12.9819202423,80.2319717407,44617,44628,11
12.9819097519,80.2314224243,44628,44639,11
12.9818201065,80.23097229,44639,44648,9
12.981590271,80.2305908203,44648,44659,11
12.9811897278,80.2299118042,44659,44669,10
12.9808797836,80.2294464111,44669,44679,10
12.9807596207,80.2292175293,44679,44689,10
12.9807596207,80.2291564941,44689,44699,10
12.9806203842,80.2289810181,44699,44709,10
12.9805803299,80.2289199829,44709,44719,10
12.9804801941,80.2287521362,44719,44729,10
12.9803199768,80.2283782959,44729,44739,10
12.980099678,80.228012085,44739,44750,11
12.9798402786,80.2275924683,44750,44760,10
12.9795598984,80.2270889282,44760,44770,10
12.9793395996,80.226600647,44770,44780,10
12.9789896011,80.226020813,44780,44790,10
12.9786701202,80.2255096436,44790,44798,8
12.9785003662,80.2251968384,44798,44813,15
12.9782400131,80.2248764038,44813,44823,10
12.978099823,80.2247161865,44823,44833,10
12.9779596329,80.2245330811,44833,44843,10
12.9778299332,80.2242507935,44843,44853,10
12.9777898788,80.2242507935,44853,44864,11
12.9776096344,80.2239074707,44864,44874,10
12.9772596359,80.2234191895,44874,44884,10
12.9771203995,80.2230606079,44884,44894,10
12.9770202637,80.2228317261,44894,44904,10
12.9771203995,80.2227630615,44904,44914,10
12.9772195816,80.2227630615,44914,44924,10
12.9772500992,80.2227096558,44924,44934,10
12.9775600433,80.2226409912,44934,44944,10
12.9775600433,80.2226409912,44944,44954,10
12.9777097702,80.2225189209,44954,44964,10
12.9775695801,80.22215271,44964,44974,10
12.9774303436,80.2216491699,44974,44985,11
12.9773397446,80.2212295532,44985,44995,10
12.9777898788,80.2211608887,44995,45005,10
12.9785995483,80.2211914063,45005,45016,11
12.9792900085,80.2212524414,45016,45026,10
12.9799499512,80.2211837769,45026,45035,9
12.980509758,80.2211608887,45035,45046,11
12.981300354,80.2212295532,45046,45055,9
12.9817399979,80.2214508057,45055,45065,10
12.982000351,80.2215805054,45065,45076,11
12.9825496674,80.2218322754,45076,45086,10
12.9829397202,80.2219314575,45086,45097,11
12.9831399918,80.2220306396,45097,45107,10
12.9831695557,80.222038269,45107,45117,10
12.9834499359,80.2221984863,45117,45127,10
12.9838399887,80.2224578857,45127,45137,10
12.9843597412,80.2227783203,45137,45147,10
12.984869957,80.2230987549,45147,45157,10
12.9854001999,80.2232818604,45157,45167,10
12.9856796265,80.2230072021,45167,45177,10
12.9863395691,80.2230377197,45177,45187,10
12.9864997864,80.2230224609,45187,45197,10
12.9866895676,80.2229537964,45197,45208,11
12.9873399734,80.2230377197,45208,45218,10
12.9880695343,80.2228927612,45218,45228,10
12.9886598587,80.2224197388,45228,45238,10
12.9890699387,80.2218399048,45238,45248,10
12.9896001816,80.2212905884,45248,45258,10
12.9901695251,80.2205734253,45258,45268,10
12.9905796051,80.2202911377,45268,45278,10
12.9907398224,80.220161438,45278,45288,10
12.9910497665,80.2199020386,45288,45298,10
12.9913196564,80.2197494507,45298,45308,10
12.9913797379,80.2197113037,45308,45318,10
12.9917402267,80.2194519043,45318,45329,11
12.9924001694,80.218963623,45329,45339,10
12.9930400848,80.2184677124,45339,45349,10
12.9937095642,80.217956543,45349,45359,10
12.9942798615,80.217666626,45359,45369,10
12.9947299957,80.2172622681,45369,45379,10
12.9948196411,80.2172088623,45379,45389,10
12.9949798584,80.2171020508,45389,45399,10
12.9953098297,80.2168807983,45399,45409,10
12.9958696365,80.2166671753,45409,45419,10
12.9966402054,80.216506958,45419,45429,10
12.9972600937,80.2164077759,45429,45440,11
12.9976797104,80.2160797119,45440,45450,10
12.997759819,80.2160720825,45450,45460,10
12.9979400635,80.2158737183,45460,45470,10
12.9983301163,80.2154312134,45470,45480,10
12.9989404678,80.2149200439,45480,45490,10
12.999250412,80.2146606445,45490,45500,10
12.9996595383,80.2143173218,45500,45510,10
12.9999704361,80.2140274048,45510,45520,10
13.0004396439,80.2135467529,45520,45530,10
13.0009899139,80.2130584717,45530,45540,10
13.001449585,80.2127609253,45540,45551,11
13.0020198822,80.2123794556,45551,45561,10
13.0026102066,80.2121200562,45561,45571,10
13.0030097961,80.212059021,45571,45581,10
13.0034198761,80.2119522095,45581,45591,10
13.0036096573,80.2118377686,45591,45601,10
13.0036497116,80.2116088867,45601,45611,10
13.0036401749,80.2109985352,45611,45621,10
13.003569603,80.2102966309,45621,45631,10
13.0034999847,80.2095718384,45631,45641,10
13.0036296844,80.2088699341,45641,45651,10
13.0041503906,80.2086868286,45651,45661,10
13.004940033,80.2090377808,45661,45672,11
13.0056295395,80.2093429565,45672,45682,10
13.0060100555,80.209487915,45682,45692,10
13.0060396194,80.2095031738,45692,45702,10
13.0064001083,80.2095794678,45702,45712,10
13.0067796707,80.2096862793,45712,45722,10
13.0070800781,80.2097702026,45722,45732,10
13.0072402954,80.2098083496,45732,45742,10
13.0075397491,80.2098312378,45742,45762,20
13.0075397491,80.2098312378,45762,45772,10
13.0078201294,80.2098770142,45772,45783,11
13.0080900192,80.2099304199,45783,45793,10
13.008099556,80.2095565796,45793,45809,16
13.0079898834,80.208732605,45809,45821,12
13.0079402924,80.208152771,45821,45831,10
13.0078697205,80.2076416016,45831,45839,8
13.0077896118,80.2070617676,45839,45851,12
13.0075998306,80.2061691284,45851,45861,10
13.0074796677,80.2054672241,45861,45871,10
13.0074596405,80.2048110962,45871,45881,10
13.0074996948,80.2041320801,45881,45892,11
13.0073900223,80.2034225464,45892,45903,11
13.0071201324,80.2026062012,45903,45912,9
13.0065402985,80.202796936,45912,45923,11
13.0067996979,80.2033920288,45923,45932,9
13.007399559,80.2036590576,45932,45943,11
13.0083303452,80.2036972046,45943,45953,10
13.0096197128,80.2036209106,45953,45963,10
13.0108203888,80.2036437988,45963,45973,10
13.012049675,80.2037734985,45973,45983,10
13.0131998062,80.2040634155,45983,45993,10
13.0136404037,80.2042617798,45993,46003,10
13.0136299133,80.204498291,46003,46014,11
13.0135402679,80.204750061,46014,46024,10
13.013420105,80.2051010132,46024,46034,10
13.0132102966,80.205657959,46034,46044,10
13.0130701065,80.2063980103,46044,46054,10
13.0130195618,80.2070007324,46054,46064,10
13.0129499435,80.2074584961,46064,46074,10
13.0129499435,80.2080383301,46074,46084,10
13.0129404068,80.2087478638,46084,46114,30
13.0129404068,80.2087478638,46114,46125,11
13.0128898621,80.2090072632,46125,46134,9
13.0129203796,80.2092590332,46134,46145,11
13.0130596161,80.2097396851,46145,46155,10
13.013130188,80.2103729248,46155,46165,10
13.0129003525,80.2108917236,46165,46175,10
13.0126199722,80.2116165161,46175,46185,10
13.0122003555,80.2123184204,46185,46195,10
13.0119495392,80.2127227783,46195,46205,10
13.0117797852,80.2127380371,46205,46215,10
13.011179924,80.2124099731,46215,46225,10
13.0107297897,80.2120819092,46225,46235,10
13.0106401443,80.2120513916,46235,46246,11
13.0105800629,80.2119064331,46246,46256,10
13.0103998184,80.2117614746,46256,46266,10
13.0102396011,80.2115936279,46266,46276,10
13.0100803375,80.2115402222,46276,46286,10
13.0097999573,80.2113571167,46286,46306,20
13.009519577,80.2111206055,46306,46447,141
13.0094604492,80.2110900879,46447,46518,71
13.0093297958,80.2110671997,46518,46568,50
13.0094099045,80.211151123,46568,46589,21
13.0094099045,80.211151123,46589,46599,10
13.0093402863,80.2110519409,46599,46619,20
13.0093402863,80.2110519409,46619,46629,10
13.0093297958,80.2111434937,46629,46639,10
13.0092601776,80.2111206055,46639,46649,10
13.0092201233,80.211151123,46649,46659,10
13.0091400146,80.2113189697,46659,46669,10
13.0089902878,80.2115402222,46669,46679,10
13.0091199875,80.2119293213,46679,46689,10
13.0093402863,80.2125930786,46689,46700,11
13.0096302032,80.2134094238,46700,46710,10
13.0099601746,80.2142105103,46710,46720,10
13.0101804733,80.2150421143,46720,46730,10
13.0102796555,80.2159881592,46730,46740,10
13.0107002258,80.2170028687,46740,46750,10
13.0112199783,80.2180633545,46750,46760,10
13.0117502213,80.2193374634,46760,46770,10
13.012140274,80.2206420898,46770,46780,10
13.0124597549,80.2216033936,46780,46790,10
13.0128202438,80.2222518921,46790,46800,10
13.013420105,80.2227325439,46800,46810,10
13.0137796402,80.2232131958,46810,46821,11
13.0141601563,80.2236480713,46821,46837,16
13.0146999359,80.2243804932,46837,46849,12
13.015370369,80.2251968384,46849,46859,10
13.01541996,80.2254333496,46859,46869,10
13.015080452,80.2257232666,46869,46878,9
13.0149002075,80.2257385254,46878,46889,11
13.0149097443,80.2257537842,46889,46899,10
13.0148200989,80.2258987427,46899,46909,10
13.0143203735,80.2261581421,46909,46919,10
13.0135803223,80.2264785767,46919,46930,11
13.0125904083,80.226890564,46930,46940,10
13.0116100311,80.2272567749,46940,46950,10
13.0105495453,80.2276763916,46950,46960,10
13.0096797943,80.2279434204,46960,46970,10
13.0095396042,80.2274627686,46970,46980,10
13.0096902847,80.2267913818,46980,46990,10
13.0100803375,80.2259521484,46990,47000,10
13.0105199814,80.2251205444,47000,47010,10
13.010720253,80.2244720459,47010,47020,10
13.0109996796,80.2238235474,47020,47030,10
13.0110397339,80.2237091064,47030,47040,10
13.0110502243,80.2235488892,47040,47051,11
13.0110998154,80.2233123779,47051,47061,10
13.0111398697,80.2230987549,47061,47071,10
13.0108604431,80.2230072021,47071,47081,10
13.0104598999,80.2228775024,47081,47091,10
13.0104103088,80.2228088379,47091,47101,10
13.0100002289,80.2226104736,47101,47111,10
13.0093898773,80.2223129272,47111,47121,10
13.0085601807,80.2218322754,47121,47131,10
13.0075998306,80.2212600708,47131,47141,10
13.0066299438,80.2207183838,47141,47151,10
13.0055704117,80.2204437256,47151,47162,11
13.0046796799,80.2202224731,47162,47172,10
13.0046701431,80.2203063965,47172,47182,10
13.0043897629,80.2202835083,47182,47192,10
13.0035800934,80.2200775146,47192,47202,10
13.0027799606,80.2196884155,47202,47212,10
13.0023002625,80.2191619873,47212,47228,16
13.0015096664,80.2183914185,47228,47240,12
13.0010004044,80.217956543,47240,47250,10
13.0001602173,80.2175369263,47250,47260,10
12.9994401932,80.2171936035,47260,47270,10
12.998459816,80.2167510986,47270,47281,11
12.9978199005,80.2165374756,47281,47291,10
12.9976396561,80.2165527344,47291,47301,10
12.9974098206,80.2165374756,47301,47310,9
12.997420311,80.2165374756,47310,47320,10
12.9972496033,80.2165603638,47320,47331,11
12.9967403412,80.2164611816,47331,47342,11
12.9962100983,80.2165985107,47342,47352,10
12.9959602356,80.217048645,47352,47362,10
12.9950304031,80.2174530029,47362,47372,10
12.9942102432,80.2177429199,47372,47382,10
12.9938402176,80.2180480957,47382,47392,10
12.9932403564,80.2184524536,47392,47403,11
12.9926204681,80.2189102173,47403,47413,10
12.991979599,80.2195663452,47413,47423,10
12.9913597107,80.2200393677,47423,47433,10
12.9910697937,80.2203216553,47433,47443,10
12.9907903671,80.2202835083,47443,47453,10
12.9906797409,80.2203826904,47453,47463,10
12.9907197952,80.2207565308,47463,47473,10
12.9901399612,80.2211227417,47473,47483,10
12.9893503189,80.2215805054,47483,47493,10
12.9887399673,80.2222671509,47493,47504,11
12.9882602692,80.2228088379,47504,47514,10
12.9878396988,80.2230834961,47514,47524,10
12.9876804352,80.2230377197,47524,47534,10
12.9874401093,80.2230606079,47534,47544,10
12.9872198105,80.2230911255,47544,47554,10
12.9869203568,80.2230529785,47554,47564,10
12.9865703583,80.2229995728,47564,47574,10
12.9858598709,80.2229995728,47574,47584,10
12.9854097366,80.2233505249,47584,47594,10
12.9850196838,80.2231826782,47594,47604,10
12.9847402573,80.2231216431,47604,47665,61
12.9847402573,80.2231216431,47665,47675,10
12.9845895767,80.2230834961,47675,47685,10
12.9844398499,80.2229232788,47685,47695,10
12.9842195511,80.2227935791,47695,47711,16
12.983590126,80.2223968506,47711,47723,12
12.9832000732,80.2222137451,47723,47731,8
12.9831895828,80.2222213745,47731,47744,13
12.9829797745,80.22215271,47744,47754,10
12.9826498032,80.221862793,47754,47764,10
12.982460022,80.221786499,47764,47774,10
12.9821300507,80.2217636108,47774,47784,10
12.9816398621,80.2214126587,47784,47793,9
12.9810199738,80.2210083008,47793,47803,10
12.9802799225,80.2208709717,47803,47814,11
12.9797496796,80.2210464478,47814,47824,10
12.9792995453,80.2210998535,47824,47834,10
12.9787397385,80.2211074829,47834,47844,10
12.9778795242,80.2212219238,47844,47855,11
12.9768295288,80.2213134766,47855,47865,10
12.976099968,80.2212600708,47865,47875,10
12.9763898849,80.2218170166,47875,47895,20
12.9763898849,80.2218170166,47895,47905,10
12.9764003754,80.2220993042,47905,47915,10
12.9765701294,80.2223434448,47915,47925,10
12.9769496918,80.2228393555,47925,47935,10
12.9773902893,80.2235488892,47935,47945,10
12.977930069,80.2243881226,47945,47955,10
12.9782896042,80.2249221802,47955,47966,11
12.9785404205,80.2253189087,47966,47976,10
12.9786100388,80.2255020142,47976,47986,10
12.9788503647,80.2258834839,47986,47996,10
12.9792299271,80.2264862061,47996,48006,10
12.9796800613,80.2272262573,48006,48016,10
12.9799098969,80.2276763916,48016,48026,10
12.9802398682,80.2282180786,48026,48036,10
12.980629921,80.2288665771,48036,48046,10
12.9809103012,80.2293624878,48046,48056,10
12.9813098907,80.2298965454,48056,48066,10
12.9817199707,80.2304992676,48066,48077,11
12.9817304611,80.2305297852,48077,48087,10
12.9818696976,80.2307662964,48087,48097,10
12.9820098877,80.231300354,48097,48107,10
12.9820604324,80.2320632935,48107,48117,10
12.9820299149,80.2325134277,48117,48127,10
12.9818401337,80.2330169678,48127,48137,10
12.9816503525,80.2334594727,48137,48147,10
12.9816198349,80.2335205078,48147,48157,10
12.9814796448,80.2337493896,48157,48167,10
12.9812498093,80.2341766357,48167,48177,10
12.9812297821,80.2342376709,48177,48187,10
12.9812002182,80.2344818115,48187,48198,11
12.9812002182,80.2351608276,48198,48208,10
12.9812202454,80.2360229492,48208,48224,16
12.9812698364,80.237487793,48224,48236,12
12.9812898636,80.2384262085,48236,48246,10
12.9813299179,80.2388076782,48246,48256,10
12.9813404083,80.2388076782,48256,48266,10
12.9813899994,80.2390365601,48266,48276,10
12.9813995361,80.2395935059,48276,48286,10
12.9813995361,80.2403335571,48286,48296,10
12.9813804626,80.2410125732,48296,48306,10
12.9813499451,80.2415466309,48306,48317,11
12.9813499451,80.2421798706,48317,48327,10
12.9813699722,80.242729187,48327,48337,10
12.9813899994,80.2428436279,48337,48347,10
12.9813899994,80.2429428101,48347,48357,10
12.9813604355,80.2433776855,48357,48367,10
12.9812602997,80.2440414429,48367,48377,10
12.9811296463,80.2449569702,48377,48387,10
12.981010437,80.2459564209,48387,48397,10
12.9808797836,80.2470169067,48397,48407,10
12.980799675,80.2482299805,48407,48416,9
12.9807395935,80.2494125366,48416,48428,12
12.9804096222,80.2508773804,48428,48438,10
12.9801101685,80.251991272,48438,48448,10
12.9798402786,80.252571106,48448,48468,20
12.9798402786,80.252571106,48468,48478,10
12.97976017,80.252822876,48478,48488,10
12.9793996811,80.2527618408,48488,48498,10
12.9785699844,80.2525863647,48498,48534,36
12.9785699844,80.2525863647,48534,48547,13
12.978269577,80.2523727417,48547,48557,10
12.9777803421,80.2519226074,48557,48567,10
12.9769802094,80.2514038086,48567,48577,10
12.975859642,80.2510375977,48577,48587,10
12.9746704102,80.2507019043,48587,48597,10
12.9734201431,80.2503509521,48597,48607,10
12.9724798203,80.2501678467,48607,48617,10
12.9724798203,80.2501831055,48617,48627,10
12.9724597931,80.2501678467,48627,48637,10
12.9720802307,80.2500305176,48637,48647,10
12.9714202881,80.2498397827,48647,48658,11
12.9705095291,80.2495574951,48658,48668,10
12.9695100784,80.2491836548,48668,48678,10
12.9684000015,80.2487182617,48678,48688,10
12.9673595428,80.248298645,48688,48698,10
12.9667396545,80.2479782104,48698,48708,10
12.9659404755,80.2476196289,48708,48718,10
12.9649200439,80.2473373413,48718,48738,20
12.9649200439,80.2473373413,48738,48748,10
12.9647397995,80.2472915649,48748,48758,10
12.9643201828,80.2471008301,48758,48769,11
12.9635696411,80.2468109131,48769,48779,10
12.962770462,80.2464370728,48779,48789,10
12.9618902206,80.2459793091,48789,48799,10
12.9609804153,80.2455062866,48799,48809,10
12.9602203369,80.2451782227,48809,48819,10
12.9596099854,80.2449417114,48819,48829,10
12.9594202042,80.2448577881,48829,48839,10
12.959400177,80.2448425293,48839,48849,10
12.9591999054,80.2447509766,48849,48859,10
12.9587097168,80.2444992065,48859,48869,10
12.9580202103,80.2442169189,48869,48880,11
12.9573802948,80.2440032959,48880,48890,10
12.9570398331,80.2439193726,48890,48960,70
12.9570398331,80.2439193726,48960,48970,10
12.9566602707,80.243812561,48970,49011,41
12.9566602707,80.243812561,49011,49021,10
12.956410408,80.2437210083,49021,49031,10
12.9561595917,80.2435684204,49031,49041,10
12.9555702209,80.2432479858,49041,49051,10
12.9548397064,80.2428970337,49051,49061,10
12.9539299011,80.2425079346,49061,49071,10
12.9530096054,80.2421264648,49071,49081,10
12.9522600174,80.241859436,49081,49091,10
12.9519996643,80.2418136597,49091,49101,10
12.9518404007,80.2417602539,49101,49112,11
12.9518404007,80.2417526245,49112,49122,10
12.9515895844,80.2416763306,49122,49132,10
12.9509296417,80.2414016724,49132,49142,10
12.9501399994,80.2411270142,49142,49152,10
12.9493999481,80.2409286499,49152,49172,20
12.9493999481,80.2409286499,49172,49182,10
12.9493398666,80.2409362793,49182,49192,10
12.9489297867,80.2407836914,49192,49202,10
12.9482402802,80.2405014038,49202,49212,10
12.9470396042,80.2400131226,49212,49233,21
12.9470396042,80.2400131226,49233,49243,10
12.9469203949,80.2399368286,49243,49253,10
12.946439743,80.2397537231,49253,49263,10
12.9457597733,80.2394638062,49263,49273,10
12.9450302124,80.2389831543,49273,49283,10
12.9442796707,80.2382202148,49283,49293,10
12.9435596466,80.2373580933,49293,49303,10
12.9432201385,80.2370223999,49303,49313,10
12.9432296753,80.2370834351,49313,49323,10
12.9428701401,80.2368087769,49323,49333,10
12.9421396255,80.2364501953,49333,49343,10
12.9411697388,80.2361831665,49343,49354,11
12.9399204254,80.2358627319,49354,49364,10
12.9396600723,80.2357635498,49364,49374,10
12.9395999908,80.235748291,49374,49384,10
12.9391698837,80.2355194092,49384,49394,10
12.9384098053,80.2351074219,49394,49404,10
12.9374799728,80.2346420288,49404,49414,10
12.9364500046,80.2341308594,49414,49424,10
12.9358701706,80.2338790894,49424,49434,10
12.935549736,80.2337493896,49434,49444,10
12.9349298477,80.2334671021,49444,49455,11
12.934009552,80.2330474854,49455,49465,10
12.9337997437,80.2329483032,49465,49475,10
12.933549881,80.2328567505,49475,49485,10
12.9329996109,80.2325592041,49485,49495,10
12.9321804047,80.2322616577,49495,49505,10
12.9311504364,80.231918335,49505,49515,10
12.9299697876,80.2315826416,49515,49525,10
12.9289102554,80.2313613892,49525,49535,10
12.9278202057,80.2311706543,49535,49545,10
12.9266300201,80.231048584,49545,49555,10
12.9259796143,80.2310409546,49555,49565,10
12.9258899689,80.2309799194,49565,49576,11
12.9255399704,80.2309494019,49576,49586,10
12.9248895645,80.2308731079,49586,49596,10
12.9240198135,80.2307510376,49596,49606,10
12.9229602814,80.2305984497,49606,49616,10
12.9217195511,80.2303924561,49616,49626,10
12.9205198288,80.2302474976,49626,49636,10
12.9194097519,80.2301635742,49636,49646,10
12.9192304611,80.2301177979,49646,49656,10
12.9189796448,80.2300491333,49656,49666,10
12.9183397293,80.2299804688,49666,49676,10
12.9174699783,80.2298812866,49676,49687,11
12.9167098999,80.2297515869,49687,49697,10
12.9158401489,80.2296218872,49697,49707,10
12.9148101807,80.2294921875,49707,49717,10
12.9132900238,80.2293167114,49717,49747,30
12.9132900238,80.2293167114,49747,49757,10
12.9129295349,80.2292480469,49757,49767,10
12.9121599197,80.2291183472,49767,49777,10
12.9111404419,80.2289505005,49777,49787,10
12.9099302292,80.2287597656,49787,49797,10
12.9087200165,80.2285690308,49797,49808,11
12.9074602127,80.2283706665,49808,49818,10
12.9070301056,80.2283325195,49818,49848,30
12.9070301056,80.2283325195,49848,49858,10
12.906920433,80.2283630371,49858,49868,10
12.9064302444,80.2283401489,49868,49878,10
12.9056301117,80.2282714844,49878,49888,10
12.9045600891,80.2281570435,49888,49898,10
12.9034004211,80.2281036377,49898,49908,10
12.9022502899,80.2280502319,49908,49919,11
12.9012699127,80.2279968262,49919,49929,10
12.9006795883,80.2279586792,49929,49939,10
12.9002504349,80.2279815674,49939,49949,10
12.9001598358,80.2279815674,49949,49959,10
12.9000797272,80.2279663086,49959,49969,10
12.8997602463,80.2279434204,49969,49979,10
12.8993701935,80.2279281616,49979,49989,10
12.8992500305,80.2279205322,49989,50005,16
12.898900032,80.2278671265,50005,50017,12
12.8980903625,80.2278213501,50017,50027,10
12.8972797394,80.2277832031,50027,50038,11
12.8961896896,80.2277069092,50038,50048,10
12.8952598572,80.2276763916,50048,50058,10
12.8942203522,80.2276229858,50058,50068,10
12.893289566,80.2275314331,50068,50088,20
12.893289566,80.2275314331,50088,50098,10
12.8932600021,80.2275390625,50098,50108,10
12.8927602768,80.2274627686,50108,50118,10
12.8922700882,80.2274017334,50118,50128,10
12.8915395737,80.2273712158,50128,50138,10
12.8906097412,80.2273864746,50138,50149,11
12.8893899918,80.2273864746,50149,50159,10
12.8884601593,80.2274017334,50159,50169,10
12.8883304596,80.2273635864,50169,50179,10
12.8880796432,80.2273635864,50179,50189,10
12.8874902725,80.2272796631,50189,50199,10
12.886639595,80.2271270752,50199,50209,10
12.8849601746,80.2267379761,50209,50235,26
12.8849601746,80.2267379761,50235,50247,12
12.8846597672,80.2267532349,50247,50255,8
12.8842496872,80.2267608643,50255,50268,13
12.8831596375,80.2267227173,50268,50277,9
12.8821897507,80.2267227173,50277,50288,11
12.8808202744,80.2267379761,50288,50298,10
12.8794403076,80.2267684937,50298,50308,10
12.8780403137,80.2268371582,50308,50316,8
12.8770103455,80.2268981934,50316,50327,11
12.8764295578,80.2268981934,50327,50338,11
12.8764095306,80.2264785767,50338,50359,21
12.8764095306,80.2264785767,50359,50369,10
12.8764600754,80.2263412476,50369,50380,11
12.8765201569,80.2256698608,50380,50390,10
12.8766098022,80.2247619629,50390,50400,10
12.8768100739,80.2236633301,50400,50410,10
12.877120018,80.2223968506,50410,50420,10
12.8774499893,80.2210235596,50420,50430,10
12.8777799606,80.2195663452,50430,50440,10
12.8781003952,80.2181625366,50440,50450,10
12.8783197403,80.2167816162,50450,50460,10
12.8786096573,80.2153625488,50460,50470,10
12.8788900375,80.2138977051,50470,50480,10
12.8791904449,80.2124633789,50480,50490,10
12.8794603348,80.2113113403,50490,50501,11
12.8789596558,80.2109603882,50501,50521,20
12.8789596558,80.2109603882,50521,50531,10
12.8788795471,80.2109298706,50531,50541,10
12.8783998489,80.2108535767,50541,50551,10
12.8777799606,80.2107315063,50551,50561,10
12.8770103455,80.2105789185,50561,50571,10
12.8760795593,80.2103881836,50571,50581,10
12.875120163,80.2102279663,50581,50591,10
12.8744096756,80.2100830078,50591,50612,21
12.8744096756,80.2100830078,50612,50622,10
12.8743400574,80.2099685669,50622,50632,10
12.874420166,80.2096176147,50632,50642,10
12.8747797012,80.2096328735,50642,50682,40
12.8747797012,80.2096328735,50682,50692,10
12.8747596741,80.2097167969,50692,50702,10
12.874710083,80.2097167969,50702,50712,10
12.8747596741,80.2098007202,50712,50934,222
12.8747901917,80.2098464966,50934,50975,41
12.8747901917,80.2098999023,50975,51025,50
12.8749399185,80.2098388672,51025,51055,30
12.8752202988,80.2098770142,51055,51076,21
12.8752202988,80.2098770142,51076,51086,10
12.8749904633,80.2097473145,51086,51106,20
12.8749904633,80.2097473145,51106,51116,10
12.8747701645,80.2098388672,51116,51146,30
12.8747596741,80.2097473145,51146,51166,20
12.8747596741,80.2097473145,51166,51176,10
12.8747501373,80.2097625732,51176,51187,11
12.8744602203,80.2096786499,51187,51206,19
12.8744602203,80.2096786499,51206,51217,11
12.8746795654,80.2097625732,51217,51227,10
12.8747997284,80.2098770142,51227,51237,10
12.8748102188,80.2098999023,51237,51247,10
12.8747396469,80.2097702026,51247,51257,10
12.8745498657,80.2096633911,51257,51328,71
12.8745498657,80.2096633911,51328,51338,10
12.8749599457,80.2097473145,51338,51358,20
12.8749599457,80.2097473145,51358,51368,10
12.8747901917,80.2097015381,51368,51378,10
12.8746900558,80.2096633911,51378,51398,20
12.8746900558,80.2096633911,51398,51409,11
12.8746795654,80.2097320557,51409,51419,10
12.8748598099,80.2097625732,51419,51429,10
12.875120163,80.2097702026,51429,51439,10
12.8752698898,80.209777832,51439,51449,10
12.8750295639,80.2098770142,51449,51459,10
12.8750200272,80.2097473145,51459,51469,10
12.8747701645,80.2096099854,51469,51479,10
12.8746700287,80.2097702026,51479,51489,10
12.8746004105,80.2097625732,51489,51499,10
12.8746404648,80.2098083496,51499,51509,10
12.8744602203,80.2097015381,51509,51519,10
12.8743600845,80.2095184326,51519,51530,11
12.8743600845,80.2095794678,51530,51540,10
12.8745002747,80.2096405029,51540,51550,10
12.874540329,80.2096862793,51550,51560,10
12.8745203018,80.2096862793,51560,51570,10
12.8745298386,80.2097015381,51570,51580,10
12.8744401932,80.209602356,51580,51590,10
12.8743801117,80.2095184326,51590,51600,10
12.8743600845,80.2094421387,51600,51610,10
12.8744096756,80.2095031738,51610,51620,10
12.874420166,80.2094192505,51620,51630,10
12.8744697571,80.2095336914,51630,51641,11
12.8747901917,80.2097702026,51641,51651,10
12.8748703003,80.2098236084,51651,51661,10
12.8748397827,80.2098388672,51661,51681,20
12.8748397827,80.2098388672,51681,51691,10
12.8746900558,80.2097320557,51691,51741,50
12.8747901917,80.2098007202,51741,51792,51
12.8747901917,80.2098007202,51792,51802,10
12.8746795654,80.2096710205,51802,51852,50
12.8746795654,80.2096710205,51852,51862,10
12.8747701645,80.2098236084,51862,51913,51
12.8746404648,80.2097091675,51913,52014,101
12.8747196198,80.2097167969,52014,52165,151
12.8747196198,80.2097167969,52165,52175,10
12.8747301102,80.2098007202,52175,52185,10
12.8746595383,80.2100372314,52185,52195,10
12.8746795654,80.2100830078,52195,52205,10
12.8748703003,80.2101821899,52205,52217,12
12.8750896454,80.2101821899,52217,52227,10
12.8754701614,80.2102813721,52227,52237,10
12.8759803772,80.2103805542,52237,52246,9
12.8764600754,80.2104721069,52246,52257,11
12.8771600723,80.2106170654,52257,52267,10
12.8777799606,80.2107162476,52267,52277,10
12.8784399033,80.2108306885,52277,52287,10
12.8789901733,80.2109375,52287,52296,9
12.8792695999,80.2109985352,52296,52307,11
12.8794002533,80.2110824585,52307,52317,10
12.8794698715,80.2113265991,52317,52328,11
12.8793497086,80.2119293213,52328,52338,10
12.8791599274,80.212890625,52338,52347,9
12.8789997101,80.2138290405,52347,52358,11
12.8787498474,80.2151184082,52358,52368,10
12.8784704208,80.2164230347,52368,52378,10
12.8781795502,80.2177963257,52378,52388,10
12.8778800964,80.2192230225,52388,52398,10
12.8775701523,80.2205581665,52398,52408,10
12.8772602081,80.2219314575,52408,52418,10
12.8769302368,80.2233276367,52418,52428,10
12.8766803741,80.2246704102,52428,52438,10
12.8765697479,80.2258224487,52438,52449,11
12.8764600754,80.2264022827,52449,52459,10
12.876449585,80.2266921997,52459,52469,10
12.8765001297,80.2268829346,52469,52479,10
12.8766899109,80.2268218994,52479,52489,10
12.8768100739,80.2268218994,52489,52499,10
12.8774995804,80.2267913818,52499,52509,10
12.8784399033,80.2267379761,52509,52519,10
12.8795900345,80.2266998291,52519,52529,10
12.8808403015,80.2266998291,52529,52539,10
12.8821201324,80.2266769409,52539,52549,10
12.8834400177,80.2266693115,52549,52560,11
12.8847904205,80.2266311646,52560,52570,10
12.8852701187,80.2266387939,52570,52580,10
12.885430336,80.2266693115,52580,52590,10
12.8860702515,80.2268371582,52590,52600,10
12.8870096207,80.2270889282,52600,52610,10
12.8881397247,80.2272491455,52610,52619,9
12.8891601563,80.2273178101,52619,52630,11
12.8904600143,80.2273025513,52630,52639,9
12.8915300369,80.2273025513,52639,52650,11
12.8928499222,80.2273635864,52650,52660,10
12.8939695358,80.2274780273,52660,52670,10
12.8943395615,80.2275238037,52670,52681,11
12.8948802948,80.2275238037,52681,52691,10
12.8958501816,80.2275466919,52691,52701,10
12.8970603943,80.2276229858,52701,52711,10
12.8983001709,80.2277069092,52711,52721,10
12.8993597031,80.2277603149,52721,52730,9
12.8999795914,80.2278137207,52730,52741,11
12.9007101059,80.2278594971,52741,52751,10
12.9013595581,80.2279129028,52751,52761,10
12.9018096924,80.2279281616,52761,52771,10
12.9021100998,80.2279510498,52771,52781,10
12.9023704529,80.2279586792,52781,52792,11
12.9024801254,80.2279434204,52792,52802,10
12.9026002884,80.2279586792,52802,52812,10
12.9029798508,80.2279968262,52812,52822,10
12.9037904739,80.2280426025,52822,52832,10
12.9048404694,80.2280807495,52832,52842,10
12.9056396484,80.2281112671,52842,52852,10
12.9058904648,80.2281188965,52852,52862,10
12.9063196182,80.2281494141,52862,52872,10
12.9065799713,80.2281570435,52872,52882,10
12.9067802429,80.2282028198,52882,52892,10
12.906999588,80.2282409668,52892,52902,10
12.90762043,80.2283630371,52902,52913,11
12.9084300995,80.228477478,52913,52923,10
12.9093599319,80.2286376953,52923,52933,10
12.9105796814,80.2288284302,52933,52943,10
12.9119596481,80.2290267944,52943,52953,10
12.9132499695,80.2292098999,52953,52963,10
12.913769722,80.2292709351,52963,52973,10
12.9141798019,80.2292785645,52973,52983,10
12.914850235,80.2293930054,52983,52993,10
12.9159097672,80.2295532227,52993,53003,10
12.9171304703,80.2297210693,53003,53013,10
12.9183597565,80.2298736572,53013,53024,11
12.9193496704,80.2299804688,53024,53044,20
12.9193496704,80.2299804688,53044,53054,10
12.9197397232,80.2300491333,53054,53064,10
12.9205598831,80.2301635742,53064,53074,10
12.9216403961,80.2303237915,53074,53084,10
12.9227800369,80.2304992676,53084,53094,10
12.9239797592,80.230682373,53094,53104,10
12.9252901077,80.2308425903,53104,53114,10
12.926440239,80.2309570313,53114,53124,10
12.9264698029,80.2309799194,53124,53134,10
12.9265604019,80.2309494019,53134,53145,11
12.9272403717,80.231048584,53145,53155,10
12.9281196594,80.2311706543,53155,53165,10
12.9292297363,80.2313537598,53165,53175,10
12.9304704666,80.2316818237,53175,53185,10
12.9317903519,80.2320785522,53185,53195,10
12.9329500198,80.232460022,53195,53205,10
12.933719635,80.2327804565,53205,53215,10
12.9337596893,80.2327804565,53215,53225,10
12.9339399338,80.2328720093,53225,53235,10
12.9345598221,80.2331619263,53235,53245,10
12.9354095459,80.2335586548,53245,53256,11
12.9364995956,80.2340774536,53256,53266,10
12.9377002716,80.23462677,53266,53276,10
12.9389200211,80.235206604,53276,53286,10
12.9398002625,80.2356491089,53286,53296,10
12.9398603439,80.235710144,53296,53305,9
12.9400901794,80.2358016968,53305,53316,11
12.9407901764,80.2360305786,53316,53326,10
12.9418497086,80.2362823486,53326,53335,9
12.9428596497,80.2366409302,53335,53346,11
12.9438400269,80.2375183105,53346,53356,10
12.9441900253,80.2378616333,53356,53366,10
12.9443702698,80.2380905151,53366,53376,10
12.944849968,80.2386627197,53376,53387,11
12.9457998276,80.2393798828,53387,53397,10
12.9469404221,80.2398071289,53397,53407,10
12.9473600388,80.2400131226,53407,53417,10
12.9474096298,80.240020752,53417,53427,10
12.9478397369,80.240196228,53427,53437,10
12.948559761,80.2404708862,53437,53447,10
12.9494400024,80.2408218384,53447,53457,10
12.950340271,80.2410888672,53457,53467,10
12.9510498047,80.2412872314,53467,53477,10
12.9511098862,80.2413330078,53477,53488,11
12.951210022,80.2414016724,53488,53498,10
12.9517498016,80.2415466309,53498,53508,10
12.9525604248,80.2418823242,53508,53518,10
12.9535303116,80.2422790527,53518,53528,10
12.9546003342,80.242729187,53528,53538,10
12.9553003311,80.2429580688,53538,53548,10
12.9561195374,80.2431869507,53548,53595,47
12.9561195374,80.2431869507,53595,53607,12
12.9564695358,80.2433166504,53607,53616,9
12.9569301605,80.2435684204,53616,53627,11
12.9578104019,80.2439727783,53627,53635,8
12.9587697983,80.2443695068,53635,53656,21
12.9587697983,80.2443695068,53656,53667,11
12.9589796066,80.244430542,53667,53676,9
12.959400177,80.2446517944,53676,53687,11
12.9601402283,80.2449493408,53687,53697,10
12.9610204697,80.2453308105,53697,53706,9
12.9619703293,80.2458114624,53706,53718,12
12.9629402161,80.2464065552,53718,53728,10
12.9634304047,80.2466583252,53728,53738,10
12.9640102386,80.246887207,53738,53748,10
12.9647798538,80.2471618652,53748,53758,10
12.9656200409,80.2474212646,53758,53768,10
12.9663696289,80.247718811,53768,53778,10
12.9667100906,80.2478485107,53778,53788,10
12.9669303894,80.2479705811,53788,53808,20
12.9669303894,80.2479705811,53808,53818,10
12.967089653,80.2481307983,53818,53829,11
12.9677095413,80.2483901978,53829,53839,10
12.968580246,80.2487182617,53839,53849,10
12.9696397781,80.2491607666,53849,53859,10
12.9708404541,80.2495803833,53859,53869,10
12.9721403122,80.2499389648,53869,53879,10
12.9734096527,80.250289917,53879,53889,10
12.9744195938,80.2504806519,53889,53899,10
12.9744596481,80.25050354,53899,53909,10
12.9745798111,80.2505722046,53909,53919,10
12.9750900269,80.2507171631,53919,53929,10
12.9757900238,80.2509384155,53929,53939,10
12.9766597748,80.2511901855,53939,53950,11
12.9774999619,80.2515716553,53950,53960,10
12.9783296585,80.2522583008,53960,53970,10
12.9793701172,80.252571106,53970,53980,10
12.979929924,80.2523574829,53980,53990,10
12.9799404144,80.2522735596,53990,54000,10
12.9799203873,80.2522125244,54000,54010,10
12.9799604416,80.2520294189,54010,54020,10
12.9801197052,80.251663208,54020,54030,10
12.980340004,80.2509307861,54030,54040,10
12.9805898666,80.2499465942,54040,54050,10
12.9807395935,80.2488021851,54050,54061,11
12.9808197021,80.2475128174,54061,54071,10
12.9809398651,80.2462463379,54071,54081,10
12.981089592,80.2448577881,54081,54091,10
12.9811697006,80.2438278198,54091,54101,10
12.9812402725,80.2436294556,54101,54111,10
12.9813203812,80.2433013916,54111,54121,10
12.9813299179,80.2428436279,54121,54131,10
12.9813299179,80.2428207397,54131,54141,10
12.9813098907,80.242729187,54141,54151,10
12.9813203812,80.2423782349,54151,54161,10
12.9813098907,80.2417907715,54161,54172,11
12.9813404083,80.2408828735,54172,54173,1
12.9813499451,80.2407913208,54173,54174,1
12.9813499451,80.2406997681,54174,54220,46
12.981300354,80.2378921509,54220,54230,10
12.9812898636,80.2378768921,54230,54240,10
12.9812402725,80.2376785278,54240,54250,10
12.9812297821,80.2372283936,54250,54260,10
12.9812097549,80.2364807129,54260,54270,10
12.9812202454,80.2355422974,54270,54280,10
12.9812002182,80.2345733643,54280,54291,11
12.9814996719,80.2335662842,54291,54302,11
12.9816503525,80.2332687378,54302,54312,10
12.9816598892,80.2332305908,54312,54324,12
12.9818601608,80.2328262329,54324,54334,10
12.9819898605,80.2322692871,54334,54344,10
12.9819602966,80.2317276001,54344,54354,10
12.9819202423,80.2312469482,54354,54364,10
12.9816703796,80.2307434082,54364,54374,10
12.9813299179,80.2301864624,54374,54384,10
12.9809303284,80.2294998169,54384,54394,10
12.9805803299,80.2289581299,54394,54415,21
12.9805803299,80.2289581299,54415,54425,10
12.9804801941,80.2287826538,54425,54435,10
12.9802799225,80.2284393311,54435,54445,10
12.9801597595,80.2280883789,54445,54455,10
12.9798898697,80.2275390625,54455,54465,10
12.979470253,80.2269134521,54465,54475,10
12.9789800644,80.2261123657,54475,54485,10
12.9784698486,80.2252426147,54485,54495,10
12.9780397415,80.2245635986,54495,54505,10
12.9777698517,80.2242431641,54505,54515,10
12.9777603149,80.2242279053,54515,54526,11
12.9776096344,80.2239227295,54526,54536,10
12.9772796631,80.2233581543,54536,54546,10
12.9770097733,80.2228469849,54546,54556,10
12.9772701263,80.2227325439,54556,54576,20
12.9772701263,80.2227325439,54576,54586,10
12.9773702621,80.2226409912,54586,54596,10
12.9774799347,80.2225570679,54596,54606,10
12.9774198532,80.2221679688,54606,54616,10
12.9773597717,80.2215805054,54616,54626,10
12.9775400162,80.2213516235,54626,54637,11
12.9779596329,80.2212982178,54637,54647,10
12.9786996841,80.2212371826,54647,54657,10
12.979470253,80.2211380005,54657,54667,10
12.9802904129,80.2210769653,54667,54677,10
12.9810495377,80.2210617065,54677,54687,10
12.9818296432,80.2212905884,54687,54697,10
12.9821996689,80.2215805054,54697,54707,10
12.9827203751,80.2218093872,54707,54717,10
12.9829397202,80.2219161987,54717,54727,10
12.9831800461,80.2220230103,54727,54737,10
12.9832496643,80.2221298218,54737,54748,11
12.9833402634,80.2221984863,54748,54758,10
12.9836101532,80.2224502563,54758,54768,10
12.9841299057,80.2227401733,54768,54778,10
12.9847698212,80.2230987549,54778,54788,10
12.9853696823,80.2232208252,54788,54798,10
12.9855899811,80.2230834961,54798,54808,10
12.986000061,80.2229614258,54808,54818,10
12.9865198135,80.2229919434,54818,54838,20
12.9865198135,80.2229919434,54838,54848,10
12.9868803024,80.2230300903,54848,54859,11
12.9873600006,80.2230682373,54859,54869,10
12.9877099991,80.2229995728,54869,54879,10
12.9881696701,80.2226715088,54879,54889,10
12.9886598587,80.2222366333,54889,54899,10
12.9890403748,80.2219390869,54899,54909,10
12.9893798828,80.2214813232,54909,54919,10
12.9898195267,80.2210998535,54919,54929,10
12.9903202057,80.2206268311,54929,54939,10
12.9904203415,80.2205276489,54939,54949,10
12.9906196594,80.2202835083,54949,54959,10
12.9910297394,80.2199172974,54959,54969,10
12.9914302826,80.2195587158,54969,54980,11
12.9919595718,80.2192306519,54980,54990,10
12.9926395416,80.2187805176,54990,55000,10
12.993350029,80.2182388306,55000,55010,10
12.9940500259,80.2176971436,55010,55020,10
12.9942903519,80.2175369263,55020,55030,10
12.994600296,80.2173995972,55030,55040,10
12.9951095581,80.2169570923,55040,55050,10
12.9956798553,80.2166366577,55050,55060,10
12.996430397,80.2166519165,55060,55070,10
12.9969902039,80.2165222168,55070,55080,10
12.997420311,80.2161407471,55080,55091,11
12.9974603653,80.2160873413,55091,55101,10
12.9978599548,80.2157974243,55101,55111,10
12.9982700348,80.215461731,55111,55121,10
12.9987602234,80.2150878906,55121,55131,10
12.9991102219,80.2147216797,55131,55141,10
12.9994401932,80.2144622803,55141,55151,10
12.999879837,80.2140808105,55151,55161,10
13.0003404617,80.2136383057,55161,55171,10
13.0007896423,80.2132034302,55171,55181,10
13.0011901855,80.2128829956,55181,55191,10
13.0013399124,80.2127609253,55191,55201,10
13.0017204285,80.2124786377,55201,55212,11
13.0022602081,80.2121810913,55212,55222,10
13.0028295517,80.2120819092,55222,55232,10
13.0034103394,80.2119827271,55232,55242,10
13.003490448,80.2118682861,55242,55252,10
13.0035800934,80.2117080688,55252,55262,10
13.0035800934,80.2111587524,55262,55278,16
13.0035295486,80.2100601196,55278,55290,12
13.003569603,80.2092437744,55290,55300,10
13.0037899017,80.2086105347,55300,55310,10
13.0045404434,80.2087936401,55310,55320,10
13.0053901672,80.2092208862,55320,55331,11
13.0061397552,80.209487915,55331,55341,10
13.0065603256,80.2096405029,55341,55351,10
13.0069103241,80.2097320557,55351,55381,30
13.0069103241,80.2097320557,55381,55391,10
13.0071401596,80.2098007202,55391,55401,10
13.0074300766,80.2098388672,55401,55411,10
13.0079402924,80.2099304199,55411,55421,10
13.0081501007,80.2097702026,55421,55431,10
13.0080299377,80.2090072632,55431,55442,11
13.0078201294,80.2079620361,55442,55452,10
13.0076599121,80.2067718506,55452,55462,10
13.007519722,80.205619812,55462,55472,10
13.007519722,80.2045516968,55472,55482,10
13.0074596405,80.2037582397,55482,55492,10
13.0073204041,80.2029495239,55492,55502,10
13.006770134,80.202583313,55502,55512,10
13.0066099167,80.2032318115,55512,55522,10
13.0072402954,80.2035827637,55522,55532,10
13.0080604553,80.203742981,55532,55542,10
13.0090703964,80.2036819458,55542,55553,11
13.010430336,80.2036437988,55553,55563,10
13.0117101669,80.203742981,55563,55573,10
13.0129003525,80.2039718628,55573,55583,10
13.013589859,80.2042007446,55583,55593,10
13.0136499405,80.2042617798,55593,55603,10
13.0136804581,80.2043762207,55603,55613,10
13.0135803223,80.2046585083,55613,55623,10
13.0135602951,80.2046966553,55623,55633,10
13.0134401321,80.2050323486,55633,55643,10
13.0132102966,80.2058029175,55643,55653,10
13.0130395889,80.206413269,55653,55663,10
13.0129899979,80.2068786621,55663,55674,11
13.0129404068,80.2075576782,55674,55684,10
13.0128097534,80.2078094482,55684,55694,10
13.0128002167,80.207901001,55694,55704,10
13.012840271,80.208152771,55704,55714,10
13.0128803253,80.2086029053,55714,55724,10
13.0129995346,80.2091827393,55724,55734,10
13.0131597519,80.2103424072,55734,55744,10
13.0131597519,80.2103424072,55744,55754,10
13.0127897263,80.2112121582,55754,55764,10
13.0124797821,80.2119064331,55764,55774,10
13.012140274,80.2124023438,55774,55785,11
13.0119199753,80.2128295898,55785,55795,10
13.0116796494,80.2127380371,55795,55805,10
13.0111999512,80.2124099731,55805,55816,11
13.0106897354,80.212059021,55816,55825,9
13.0104703903,80.2119064331,55825,55836,11
13.010310173,80.2117919922,55836,55846,10
13.0100002289,80.2115402222,55846,55856,10
13.0098199844,80.21144104,55856,55866,10
13.009519577,80.2112197876,55866,56219,353
13.009519577,80.2112197876,56219,56229,10
13.0092802048,80.2110366821,56229,56240,11
13.0092496872,80.211227417,56240,56250,10
13.0091104507,80.21144104,56250,56260,10
13.0090799332,80.211807251,56260,56270,10
13.0092601776,80.2124404907,56270,56280,10
13.009519577,80.2131500244,56280,56290,10
13.0098600388,80.2139434814,56290,56300,10
13.0101499557,80.2147979736,56300,56310,10
13.0102901459,80.2158432007,56310,56320,10
13.0107498169,80.2168502808,56320,56330,10
13.011300087,80.2178573608,56330,56340,10
13.0117101669,80.2190704346,56340,56351,11
13.0121297836,80.2204971313,56351,56361,10
13.0123195648,80.2213668823,56361,56371,10
13.012339592,80.2215423584,56371,56381,10
13.0124597549,80.2217025757,56381,56391,10
13.0127696991,80.2221984863,56391,56401,10
13.0131902695,80.2225799561,56401,56411,10
13.013420105,80.2228393555,56411,56421,10
13.0138998032,80.2233200073,56421,56431,10
13.0141201019,80.2236404419,56431,56441,10
13.0148096085,80.2242584229,56441,56451,10
13.0153598785,80.2250823975,56451,56461,10
13.0152797699,80.2257766724,56461,56472,11
13.0148801804,80.2260513306,56472,56482,10
13.0141401291,80.2263031006,56482,56492,10
13.0133695602,80.2266311646,56492,56502,10
13.0126104355,80.2268981934,56502,56512,10
13.0118198395,80.2272415161,56512,56522,10
13.0109395981,80.2276000977,56522,56532,10
13.0100698471,80.2279281616,56532,56542,10
13.0095396042,80.2278518677,56542,56552,10
13.0096302032,80.2273025513,56552,56562,10
13.0098800659,80.2267379761,56562,56572,10
13.0101900101,80.2259292603,56572,56583,11
13.0104103088,80.2253265381,56583,56593,10
13.0104703903,80.2251663208,56593,56603,10
13.0106401443,80.224937439,56603,56613,10
13.0108003616,80.2245025635,56613,56623,10
13.0108804703,80.2237930298,56623,56633,10
13.0110702515,80.2232513428,56633,56643,10
13.0105800629,80.2229690552,56643,56653,10
13.0102901459,80.2227706909,56653,56663,10
13.009929657,80.2225570679,56663,56673,10
13.0092802048,80.2221908569,56673,56683,10
13.0084400177,80.2217712402,56683,56694,11
13.0073795319,80.2211914063,56694,56704,10
13.0065002441,80.2207794189,56704,56714,10
13.0055398941,80.2204818726,56714,56724,10
13.0045995712,80.2202987671,56724,56734,10
13.0044498444,80.2202682495,56734,56744,10
13.0040998459,80.2201766968,56744,56754,10
13.0034399033,80.2200164795,56754,56764,10
13.0024995804,80.2195892334,56764,56774,10
13.0018396378,80.2189025879,56774,56784,10
13.0011701584,80.2183074951,56784,56794,10
13.0003995895,80.2178115845,56794,56803,9
12.9997701645,80.2174530029,56803,56815,12
12.9987802505,80.2169265747,56815,56825,10
12.9979801178,80.2166137695,56825,56835,10
12.9974498749,80.216583252,56835,56845,10
12.9974603653,80.2165679932,56845,56855,10
12.9972295761,80.2165985107,56855,56865,10
12.9966497421,80.2166671753,56865,56875,10
12.9958000183,80.2169036865,56875,56885,10
12.9949598312,80.2172622681,56885,56895,10
12.9942903519,80.2176971436,56895,56905,10
12.9937095642,80.2182006836,56905,56915,10
12.9929800034,80.2186203003,56915,56926,11
12.9923295975,80.2191772461,56926,56936,10
12.9915599823,80.2196807861,56936,56946,10
12.9910497665,80.2201080322,56946,56956,10
12.9906702042,80.2201766968,56956,56966,10
12.9905395508,80.2203292847,56966,56976,10
12.990240097,80.2206420898,56976,56986,10
12.9898195267,80.221206665,56986,56996,10
12.9894895554,80.2217712402,56996,57006,10
12.9890804291,80.2220611572,57006,57016,10
12.9881601334,80.2229385376,57016,57026,10
12.987569809,80.2231674194,57026,57037,11
12.9874601364,80.2231826782,57037,57047,10
12.9870004654,80.2230377197,57047,57057,10
12.9863195419,80.2229919434,57057,57067,10
12.9855499268,80.2232131958,57067,57077,10
12.985159874,80.2233200073,57077,57087,10
12.9845104218,80.2229614258,57087,57097,10
12.984000206,80.2226486206,57097,57106,9
12.9836196899,80.2224273682,57106,57116,10
12.9831495285,80.2221221924,57116,57137,21
12.9831495285,80.2221221924,57137,57147,10
12.9830703735,80.2221298218,57147,57158,11
12.9829597473,80.2222290039,57158,57168,10
12.9828195572,80.2220916748,57168,57178,10
12.9824304581,80.2218780518,57178,57188,10
12.9819803238,80.2215881348,57188,57198,10
12.9813604355,80.2211914063,57198,57208,10
12.9805402756,80.2211227417,57208,57218,10
12.9797000885,80.2211608887,57218,57228,10
12.9791698456,80.221206665,57228,57238,10
12.9784297943,80.2212371826,57238,57248,10
12.9776496887,80.2212677002,57248,57258,10
12.9769296646,80.2212600708,57258,57269,11
12.9762001038,80.2213363647,57269,57279,10
12.9763402939,80.2217407227,57279,57289,10
12.9763698578,80.2218017578,57289,57299,10
12.9763002396,80.2218780518,57299,57309,10
12.9765396118,80.2221908569,57309,57319,10
12.976849556,80.2226791382,57319,57329,10
12.9769601822,80.2228622437,57329,57339,10
12.9771900177,80.2231826782,57339,57349,10
12.9776096344,80.2238616943,57349,57359,10
12.978099823,80.224647522,57359,57369,10
12.9785499573,80.2253799438,57369,57380,11
12.9789199829,80.2259979248,57380,57390,10
12.9792499542,80.2265701294,57390,57400,10
12.9797000885,80.2273178101,57400,57410,10
12.980219841,80.2281494141,57410,57420,10
12.9804801941,80.2286224365,57420,57430,10
12.9808597565,80.2292327881,57430,57440,10
12.9812602997,80.2299575806,57440,57450,10
12.9816904068,80.2305603027,57450,57460,10
12.9817399979,80.2306900024,57460,57470,10
12.9819002151,80.2310180664,57470,57480,10
12.982000351,80.2316436768,57480,57490,10
12.9820203781,80.2323608398,57490,57501,11
12.9818096161,80.2331390381,57501,57511,10
12.9815597534,80.2335510254,57511,57521,10
12.9815597534,80.2335586548,57521,57531,10
12.9814596176,80.2339019775,57531,57541,10
12.9812698364,80.2345275879,57541,57551,10
12.9812202454,80.2353515625,57551,57561,10
12.9812402725,80.2364273071,57561,57571,10
12.9812602997,80.2374725342,57571,57581,10
12.9812803268,80.23802948,57581,57591,10
12.9813098907,80.2385864258,57591,57601,10
12.9813203812,80.2386932373,57601,57612,11
12.9813299179,80.2389984131,57612,57622,10
12.9813203812,80.2395935059,57622,57632,10
12.9813299179,80.2400588989,57632,57642,10
12.9813499451,80.2408218384,57642,57652,10
12.9813203812,80.2418212891,57652,57662,10
12.9813499451,80.24269104,57662,57672,10
12.9813699722,80.242729187,57672,57682,10
12.9813899994,80.242980957,57682,57692,10
12.9813499451,80.243598938,57692,57702,10
12.9812002182,80.2444076538,57702,57712,10
12.9810600281,80.2454223633,57712,57723,11
12.9809303284,80.246711731,57723,57733,10
12.9808702469,80.2479095459,57733,57743,10
12.9807500839,80.2492218018,57743,57753,10
12.9805402756,80.2503890991,57753,57763,10
12.9802398682,80.2514419556,57763,57773,10
12.9800901413,80.2521820068,57773,57782,9
12.9800596237,80.2524032593,57782,57793,11
12.9800195694,80.2526321411,57793,57844,51
12.9800195694,80.2526321411,57844,57854,10
12.9797801971,80.2528915405,57854,57864,10
12.9792203903,80.2527694702,57864,57874,10
12.9785995483,80.2526168823,57874,57894,20
12.9785995483,80.2526168823,57894,57903,9
12.9783802032,80.2525024414,57903,57913,10
12.9779500961,80.2521209717,57913,57923,10
12.9772396088,80.2515182495,57923,57934,11
12.9760198593,80.2511062622,57934,57944,10
12.9747896194,80.2507629395,57944,57954,10
12.9736700058,80.2504501343,57954,57965,11
12.9726600647,80.2501907349,57965,57975,10
12.9725399017,80.2501678467,57975,57985,10
12.9725399017,80.2501525879,57985,57995,10
12.9720602036,80.2500228882,57995,58005,10
12.9712696075,80.249786377,58005,58015,10
12.9702796936,80.2494888306,58015,58025,10
12.9691400528,80.2490692139,58025,58035,10
12.9680204391,80.248588562,58035,58045,10
12.9669103622,80.2480926514,58045,58055,10
12.9659204483,80.2476501465,58055,58065,10
12.9651002884,80.2473602295,58065,58086,21
12.9651002884,80.2473602295,58086,58096,10
12.9647598267,80.247253418,58096,58106,10
12.9641895294,80.2470169067,58106,58116,10
12.9635000229,80.2467575073,58116,58126,10
12.962679863,80.2462997437,58126,58136,10
12.9616699219,80.2458114624,58136,58146,10
12.9606800079,80.2453613281,58146,58156,10
12.9598703384,80.245010376,58156,58166,10
12.9593696594,80.2448196411,58166,58176,10
12.9593896866,80.2448272705,58176,58187,11
12.9591197968,80.2446289063,58187,58197,10
12.9585199356,80.2443771362,58197,58207,10
12.9579296112,80.2441329956,58207,58217,10
12.9571695328,80.2439117432,58217,58247,30
12.9571695328,80.2439117432,58247,58257,10
12.9568395615,80.2438812256,58257,58267,10
12.9567203522,80.2438430786,58267,58287,20
12.9567203522,80.2438430786,58287,58297,10
12.9565000534,80.2437515259,58297,58346,49
12.9565000534,80.2437515259,58346,58356,10
12.9558897018,80.2434234619,58356,58366,10
12.9553604126,80.2431335449,58366,58376,10
12.9542798996,80.2426605225,58376,58386,10
12.9531803131,80.2422409058,58386,58396,10
12.9520902634,80.2418136597,58396,58406,10
12.9514799118,80.2416763306,58406,58416,10
12.9514703751,80.2416687012,58416,58427,11
12.9510402679,80.2414627075,58427,58437,10
12.9502801895,80.2412109375,58437,58447,10
12.9494695663,80.2409667969,58447,58457,10
12.9491195679,80.2408218384,58457,58467,10
12.9484901428,80.2405319214,58467,58477,10
12.9476499557,80.2402191162,58477,58487,10
12.9471197128,80.240020752,58487,58497,10
12.9469995499,80.2400131226,58497,58507,10
12.9467201233,80.2398529053,58507,58517,10
12.9460802078,80.2395172119,58517,58527,10
12.9452104568,80.2390899658,58527,58538,11
12.9443902969,80.2382202148,58538,58548,10
12.9436798096,80.2373733521,58548,58558,10
12.9433097839,80.2370605469,58558,58568,10
12.9432201385,80.2370223999,58568,58578,10
12.9427604675,80.2366714478,58578,58588,10
12.9418802261,80.2363433838,58588,58598,10
12.940779686,80.2360534668,58598,58608,10
12.9398202896,80.2357788086,58608,58618,10
12.9396400452,80.2357788086,58618,58628,10
12.9393701553,80.2355804443,58628,58638,10
12.9386997223,80.2351989746,58638,58649,11
12.9377202988,80.2347183228,58649,58659,10
12.9366998672,80.2342681885,58659,58669,10
12.9357500076,80.2338180542,58669,58679,10
12.9347496033,80.2334289551,58679,58689,10
12.9340200424,80.2331085205,58689,58699,10
12.9340000153,80.2330932617,58699,58709,10
12.9339199066,80.2329788208,58709,58719,10
12.933549881,80.2326812744,58719,58729,10
12.9326601028,80.2323379517,58729,58739,10
12.9315099716,80.231918335,58739,58749,10
12.9302196503,80.231552124,58749,58759,10
12.9289598465,80.2313079834,58759,58770,11
12.9275102615,80.2311019897,58770,58780,10
12.9264001846,80.2309799194,58780,58790,10
12.9258298874,80.231010437,58790,58800,10
12.9258098602,80.2310180664,58800,58810,10
12.9255695343,80.2309417725,58810,58820,10
12.9248800278,80.2308273315,58820,58830,10
12.9238796234,80.2306976318,58830,58840,10
12.9226303101,80.2305374146,58840,58850,10
12.9213104248,80.2303619385,58850,58860,10
12.9200401306,80.2302017212,58860,58870,10
12.9190196991,80.230140686,58870,58881,11
12.9188804626,80.2300415039,58881,58891,10
12.9182701111,80.2299423218,58891,58901,10
12.9173002243,80.2298202515,58901,58911,10
12.9162302017,80.2296905518,58911,58921,10
12.9150495529,80.2295608521,58921,58931,10
12.9139795303,80.2293701172,58931,58941,10
12.9133996964,80.2293167114,58941,58951,10
12.9133701324,80.2293395996,58951,58961,10
12.9132003784,80.2292709351,58961,58971,10
12.9125900269,80.2291030884,58971,58981,10
12.9114999771,80.2289810181,58981,58992,11
12.9100799561,80.2287902832,58992,59002,10
12.9086904526,80.2285766602,59002,59012,10
12.9074897766,80.2284164429,59012,59022,10
12.9070501328,80.2284088135,59022,59062,40
12.9070501328,80.2284088135,59062,59072,10
12.9068603516,80.2284088135,59072,59088,16
12.9062795639,80.2283477783,59088,59100,12
12.9061498642,80.2283096313,59100,59108,8
12.9058103561,80.2282180786,59108,59121,13
12.9047698975,80.228187561,59121,59131,10
12.9037399292,80.2281570435,59131,59139,8
12.902970314,80.2281265259,59139,59151,12
12.9019498825,80.2280502319,59151,59161,10
12.9015798569,80.2280197144,59161,59201,40
12.9015798569,80.2280197144,59201,59210,9
12.9014902115,80.2281036377,59210,59222,12
12.9011096954,80.2280502319,59222,59232,10
12.9007396698,80.2280197144,59232,59242,10
12.9003601074,80.2279815674,59242,59252,10
12.8998498917,80.2279586792,59252,59262,10
12.8993301392,80.2279129028,59262,59282,20
12.8993301392,80.2279129028,59282,59292,10
12.8990802765,80.2278823853,59292,59302,10
12.8984203339,80.2278594971,59302,59312,10
12.8975896835,80.2277984619,59312,59322,10
12.8966798782,80.2277603149,59322,59332,10
12.8956804276,80.227722168,59332,59343,11
12.8944597244,80.2276687622,59343,59353,10
12.8934402466,80.2275772095,59353,59363,10
12.8930702209,80.2275390625,59363,59373,10
12.8930301666,80.2275466919,59373,59383,10
12.8926200867,80.2274932861,59383,59393,10
12.8921098709,80.2274398804,59393,59403,10
12.891289711,80.2274169922,59403,59413,10
12.8901996613,80.2274398804,59413,59423,10
12.8890600204,80.227432251,59423,59433,10
12.8882904053,80.2274398804,59433,59443,10
12.8882799149,80.227432251,59443,59464,21
12.8869895935,80.2272262573,59464,59476,12
12.8856697083,80.2268829346,59476,59485,9
12.8848695755,80.2267684937,59485,59496,11
12.8847999573,80.2267837524,59496,59506,10
12.8844299316,80.2267303467,59506,59516,10
12.8837099075,80.2267303467,59516,59526,10
12.8826999664,80.2267303467,59526,59536,10
12.8813695908,80.2267837524,59536,59546,10
12.8798303604,80.2267913818,59546,59556,10
12.8783798218,80.2268371582,59556,59567,11
12.8768396378,80.2269821167,59567,59577,10
12.8763904572,80.2269210815,59577,59587,10
12.8763999939,80.2269210815,59587,59597,10
12.8764200211,80.2267684937,59597,59607,10
12.8764600754,80.2265777588,59607,59617,10
12.8764600754,80.2263717651,59617,59627,10
12.8765296936,80.225730896,59627,59637,10
12.8766298294,80.2248382568,59637,59647,10
12.8767700195,80.2237701416,59647,59657,10
12.8770904541,80.2224807739,59657,59667,10
12.8774204254,80.2210769653,59667,59677,10
12.8777399063,80.2196426392,59677,59688,11
12.8781604767,80.2179489136,59688,59698,10
12.8783597946,80.216796875,59698,59708,10
12.8786096573,80.2154922485,59708,59718,10
12.8789196014,80.214012146,59718,59728,10
12.8791799545,80.2125701904,59728,59738,10
12.8794202805,80.2113265991,59738,59748,10
12.8790102005,80.2109680176,59748,59768,20
12.8790102005,80.2109680176,59768,59778,10
12.8787002563,80.2108688354,59778,59788,10
12.8781099319,80.2107696533,59788,59799,11
12.8772802353,80.2105789185,59799,59809,10
12.8763303757,80.2104034424,59809,59819,10
12.875459671,80.2102508545,59819,59829,10
12.8751096725,80.2101898193,59829,59839,10
12.8744401932,80.2100906372,59839,59859,20
12.8744401932,80.2100906372,59859,59877,18
12.8743696213,80.2100067139,59877,59889,12
12.8744401932,80.2096786499,59889,59899,10
12.8747396469,80.2096633911,59899,59909,10
12.8747301102,80.2098388672,59909,59920,11
12.8746099472,80.2098083496,59920,60052,132
12.8746595383,80.2098312378,60052,60134,82
12.8746595383,80.2098312378,60134,60146,12
12.8746404648,80.2095794678,60146,60176,30
12.8746900558,80.2096176147,60176,60196,20
12.8746900558,80.2096176147,60196,60206,10
12.8746795654,80.2096405029,60206,60236,30
12.8746995926,80.2098464966,60236,60347,111
12.8746995926,80.2098464966,60347,60357,10
12.8746700287,80.2099990845,60357,60519,162
12.8746700287,80.2099990845,60519,60529,10
12.8746204376,80.2097930908,60529,60559,30
12.8746204376,80.2097930908,60559,60569,10
12.8745498657,80.2096481323,60569,60579,10
12.8746595383,80.2098617554,60579,60630,51
12.8746404648,80.2098236084,60630,60649,19
12.8746995926,80.2097473145,60649,60670,21
12.8746995926,80.2097473145,60670,60680,10
12.8746595383,80.2099761963,60680,60711,31
12.8746595383,80.2098083496,60711,60832,121
12.8746595383,80.2098083496,60832,60842,10
12.8746995926,80.2099533081,60842,60852,10
12.8746795654,80.2100830078,60852,60862,10
12.8748197556,80.2101821899,60862,60872,10
12.8752002716,80.2102279663,60872,60882,10
12.875579834,80.2103500366,60882,60892,10
12.8760099411,80.2104568481,60892,60902,10
12.8764400482,80.2105178833,60902,60912,10
12.8769302368,80.210647583,60912,60921,9
12.8773899078,80.2107086182,60921,60932,11
12.8778800964,80.2108001709,60932,60943,11
12.8784103394,80.2108917236,60943,60953,10
12.878780365,80.2109832764,60953,60963,10
12.8790597916,80.2110214233,60963,60973,10
12.8790597916,80.2110290527,60973,60983,10
12.879240036,80.2110595703,60983,60993,10
12.8794898987,80.2111434937,60993,61003,10
12.8794403076,80.2115631104,61003,61012,9
12.8793296814,80.2120895386,61012,61023,11
12.8791999817,80.2127609253,61023,61032,9
12.879119873,80.2132568359,61032,61042,10
12.879119873,80.2134017944,61042,61054,12
12.8790197372,80.2138366699,61054,61064,10
12.8789100647,80.2144699097,61064,61074,10
12.878780365,80.215133667,61074,61084,10
12.8786401749,80.2157897949,61084,61094,10
12.8784799576,80.2164916992,61094,61104,10
12.8783102036,80.2173233032,61104,61114,10
12.8781099319,80.2182998657,61114,61124,10
12.8779201508,80.2192382813,61124,61134,10
12.8776702881,80.2202301025,61134,61144,10
12.8774299622,80.2211837769,61144,61154,10
12.8771696091,80.2223434448,61154,61165,11
12.8768701553,80.2236480713,61165,61175,10
12.8766803741,80.2247161865,61175,61185,10
12.8765802383,80.2257232666,61185,61195,10
12.8764600754,80.2264709473,61195,61205,10
12.8764896393,80.2267608643,61205,61215,10
12.8764801025,80.2268218994,61215,61225,10
12.8764801025,80.2268295288,61225,61235,10
12.876540184,80.2269515991,61235,61245,10
12.8767900467,80.226852417,61245,61255,10
12.8773097992,80.2267532349,61255,61265,10
12.8782997131,80.2267303467,61265,61275,10
12.8795099258,80.2266616821,61275,61286,11
12.880900383,80.2266769409,61286,61296,10
12.8821601868,80.2266693115,61296,61306,10
12.8834495544,80.2266387939,61306,61316,10
12.8846502304,80.2266387939,61316,61326,10
12.8853397369,80.2266464233,61326,61336,10
12.8853998184,80.2266921997,61336,61346,10
12.8859195709,80.2268295288,61346,61356,10
12.8867502213,80.2270584106,61356,61366,10
12.8877496719,80.2272262573,61366,61376,10
12.8888902664,80.2273330688,61376,61386,10
12.8901901245,80.2273178101,61386,61397,11
12.8916196823,80.2273178101,61397,61407,10
12.8925895691,80.2273406982,61407,61417,10
12.8932199478,80.2274017334,61417,61427,10
12.8939695358,80.2275238037,61427,61437,10
12.8945598602,80.2275695801,61437,61447,10
12.895359993,80.2276382446,61447,61457,10
12.896320343,80.2276687622,61457,61467,10
12.8972902298,80.2277069092,61467,61477,10
12.8983201981,80.2278137207,61477,61487,10
12.8993196487,80.2278366089,61487,61497,10
12.9004201889,80.2278594971,61497,61568,71
12.9004201889,80.2278594971,61568,61578,10
12.9004898071,80.2278671265,61578,61588,10
12.9008703232,80.2278823853,61588,61598,10
12.9013996124,80.2279281616,61598,61608,10
12.902179718,80.2279815674,61608,61618,10
12.9028701782,80.2279891968,61618,61639,21
12.9028701782,80.2279891968,61639,61649,10
12.9032001495,80.2279586792,61649,61659,10
12.9038200378,80.2280502319,61659,61669,10
12.9046297073,80.2280883789,61669,61679,10
12.9052095413,80.2281188965,61679,61689,10
12.9053897858,80.2281112671,61689,61699,10
12.9057998657,80.2281417847,61699,61709,10
12.9061403275,80.2281570435,61709,61719,10
12.9064903259,80.2282028198,61719,61729,10
12.9068098068,80.2282180786,61729,61740,11
12.9071702957,80.2282562256,61740,61750,10
12.9071798325,80.2282562256,61750,61760,10
12.9074001312,80.2283172607,61760,61770,10
12.9078702927,80.2283782959,61770,61780,10
12.9086198807,80.2285003662,61780,61790,10
12.9095096588,80.2286529541,61790,61800,10
12.9105100632,80.2288208008,61800,61816,16
12.9121799469,80.2290878296,61816,61828,12
12.9133300781,80.2292404175,61828,61836,8
12.9137897491,80.2292633057,61836,61848,12
12.9140195847,80.2292861938,61848,61859,11
12.9141902924,80.2293624878,61859,61868,9
12.9144897461,80.2293777466,61868,61879,11
12.9151496887,80.2294616699,61879,61889,10
12.9159603119,80.229598999,61889,61899,10
12.9168195724,80.2297134399,61899,61909,10
12.9174900055,80.2297897339,61909,61919,10
12.9181804657,80.2298965454,61919,61929,10
12.9187898636,80.2299804688,61929,61939,10
12.9190502167,80.2299880981,61939,61949,10
12.9191799164,80.2299880981,61949,61959,10
12.9193696976,80.2300033569,61959,61970,11
12.9195804596,80.2300186157,61970,61980,10
12.9201097488,80.2301177979,61980,61990,10
12.9208297729,80.2302093506,61990,62000,10
12.9216098785,80.2303237915,62000,62009,9
12.9226303101,80.2304763794,62009,62020,11
12.9237699509,80.2306518555,62020,62030,10
12.9250602722,80.2308120728,62030,62040,10
12.9261598587,80.2309188843,62040,62050,10
12.9264698029,80.2309265137,62050,62060,10
12.9267396927,80.2309799194,62060,62070,10
12.9273099899,80.2310562134,62070,62081,11
12.9280004501,80.2311401367,62081,62091,10
12.9284801483,80.2312393188,62091,62101,10
12.9292001724,80.2313690186,62101,62111,10
12.9300603867,80.2315673828,62111,62121,10
12.9310998917,80.2318496704,62121,62131,10
12.9321699142,80.232170105,62131,62141,10
12.9331197739,80.2324829102,62141,62151,10
12.9333600998,80.2326126099,62151,62161,10
12.9334497452,80.2326507568,62161,62171,10
12.9337100983,80.2327804565,62171,62181,10
12.9341201782,80.2330322266,62181,62191,10
12.9348602295,80.2333374023,62191,62202,11
12.935259819,80.2334823608,62202,62212,10
12.935500145,80.233581543,62212,62222,10
12.9359903336,80.2338180542,62222,62232,10
12.9366798401,80.2341537476,62232,62242,10
12.9375095367,80.2345428467,62242,62252,10
12.9384202957,80.2350082397,62252,62262,10
12.9392795563,80.2354278564,62262,62272,10
12.9396295547,80.2356262207,62272,62298,26
12.9396295547,80.2356262207,62298,62310,12
12.9404201508,80.2359237671,62310,62321,11
12.9413700104,80.2361679077,62321,62329,8
12.9421701431,80.236366272,62329,62340,11
12.9431800842,80.2368774414,62340,62351,11
12.9437503815,80.237411499,62351,62360,9
12.9440803528,80.2378005981,62360,62372,12
12.9447202682,80.2385635376,62372,62382,10
12.9453897476,80.2391433716,62382,62391,9
12.9460897446,80.2394866943,62391,62402,11
12.9473600388,80.240020752,62402,62422,20
12.9473600388,80.240020752,62422,62433,11
12.9476203918,80.2401199341,62433,62443,10
12.9480199814,80.2402801514,62443,62453,10
12.9481601715,80.2403488159,62453,62463,10
12.9486703873,80.240562439,62463,62473,10
12.9493503571,80.2408370972,62473,62483,10
12.9500398636,80.2410736084,62483,62493,10
12.950750351,80.2412567139,62493,62502,9
12.9510402679,80.2413635254,62502,62523,21
12.9510402679,80.2413635254,62523,62533,10
12.9512901306,80.2414474487,62533,62544,11
12.9518499374,80.2416534424,62544,62554,10
12.9526996613,80.2419586182,62554,62564,10
12.9536304474,80.2423095703,62564,62574,10
12.9543600082,80.2426223755,62574,62584,10
12.9553604126,80.243019104,62584,62594,10
12.9558897018,80.2432403564,62594,62624,30
12.9561004639,80.2433013916,62624,62705,81
12.9561004639,80.2433013916,62705,62715,10
12.9565000534,80.2434692383,62715,62725,10
12.9569597244,80.2436828613,62725,62735,10
12.95773983,80.2440032959,62735,62745,10
12.9584598541,80.2442932129,62745,62755,10
12.9589300156,80.2444915771,62755,62766,11
12.9590196609,80.2445373535,62766,62776,10
12.959400177,80.244720459,62776,62786,10
12.9600496292,80.245010376,62786,62796,10
12.9608898163,80.2453994751,62796,62806,10
12.9618597031,80.245880127,62806,62816,10
12.9628400803,80.2463378906,62816,62836,20
12.9628400803,80.2463378906,62836,62852,16
12.9633598328,80.2465667725,62852,62864,12
12.9638900757,80.2468414307,62864,62872,8
12.9643201828,80.2470321655,62872,62885,13
12.9651298523,80.2472991943,62885,62894,9
12.9658203125,80.2475204468,62894,62905,11
12.966629982,80.2478637695,62905,62915,10
12.9669799805,80.2480392456,62915,62925,10
12.9670000076,80.2480316162,62925,62935,10
12.9670600891,80.248046875,62935,62945,10
12.9672403336,80.2481613159,62945,62955,10
12.9678897858,80.2484817505,62955,62965,10
12.9686803818,80.2487716675,62965,62975,10
12.9696502686,80.2491912842,62975,62985,10
12.9707603455,80.2496109009,62985,62996,11
12.9722003937,80.2499771118,62996,63006,10
12.9734802246,80.2503204346,63006,63016,10
12.9742202759,80.2504882813,63016,63026,10
12.974439621,80.2505111694,63026,63036,10
12.9745998383,80.2505722046,63036,63046,10
12.9750204086,80.2507019043,63046,63056,10
12.9754295349,80.2508163452,63056,63066,10
12.9757099152,80.2508926392,63066,63076,10
12.9761104584,80.2510070801,63076,63086,10
12.976269722,80.2510528564,63086,63096,10
12.9763898849,80.251083374,63096,63107,11
12.9765300751,80.2511062622,63107,63147,40
12.9765300751,80.2511062622,63147,63157,10
12.9767599106,80.2511825562,63157,63167,10
12.976940155,80.2512283325,63167,63379,212
12.976940155,80.2512283325,63379,63389,10
12.9771995544,80.251411438,63389,63399,10
12.9777498245,80.2517700195,63399,63510,111
12.9777498245,80.2517700195,63510,63520,10
12.9778699875,80.2518768311,63520,63530,10
12.9781398773,80.2520980835,63530,63540,10
12.9784898758,80.2523727417,63540,63671,131
12.9784898758,80.2523727417,63671,63682,11
12.9787197113,80.2524185181,63682,63692,10
12.9790496826,80.2525100708,63692,63702,10
12.9791603088,80.2525177002,63702,63712,10
12.9792699814,80.2525405884,63712,63722,10
12.97935009,80.2525100708,63722,63732,10
12.9795703888,80.2525634766,63732,63742,10
12.9799098969,80.2522964478,63742,63762,20
12.9799098969,80.2522964478,63762,63772,10
12.9799098969,80.2521896362,63772,63782,10
12.9799804688,80.2519836426,63782,63793,11
12.9801197052,80.2514724731,63793,63809,16
12.9805002213,80.2502365112,63809,63821,12
12.9806995392,80.2491226196,63821,63831,10
12.9807500839,80.2483825684,63831,63841,10
12.9808502197,80.2473220825,63841,63851,10
12.9809303284,80.246131897,63851,63861,10
12.9810495377,80.2448272705,63861,63901,40
12.9810600281,80.2446594238,63901,63921,20
12.9810695648,80.2445602417,63921,63982,61
12.9810695648,80.2445602417,63982,63992,10
12.9811000824,80.2443771362,63992,64033,41
12.9811096191,80.2440719604,64033,64063,30
12.9811096191,80.2440719604,64063,64073,10
12.981180191,80.2438430786,64073,64083,10
12.9813098907,80.2435836792,64083,64113,30
12.9813098907,80.2435836792,64113,64123,10
12.9813203812,80.243347168,64123,64134,11
12.9813203812,80.2431716919,64134,64144,10
12.9813203812,80.2427978516,64144,64174,30
12.9813203812,80.2427978516,64174,64184,10
12.9813203812,80.24269104,64184,64194,10
12.9813203812,80.2422027588,64194,64224,30
12.9813203812,80.2422027588,64224,64234,10
12.9813299179,80.2420425415,64234,64244,10
12.9813299179,80.2416992188,64244,64255,11
12.9813299179,80.2415084839,64255,64285,30
12.9813299179,80.2415084839,64285,64295,10
12.981300354,80.2410430908,64295,64315,20
12.981300354,80.2410430908,64315,64325,10
12.981300354,80.2406997681,64325,64335,10
12.9813203812,80.2402572632,64335,64345,10
12.981300354,80.2400970459,64345,64355,10
12.981300354,80.2399215698,64355,64366,11
12.981300354,80.2397613525,64366,64376,10
12.9812898636,80.2394485474,64376,64386,10
12.9812898636,80.2393798828,64386,64396,10
12.9812698364,80.2390823364,64396,64416,20
12.9812698364,80.2390823364,64416,64426,10
12.9812498093,80.2389678955,64426,64436,10
12.9812602997,80.2387695313,64436,64446,10
12.9812602997,80.2387466431,64446,64456,10
12.9812602997,80.238571167,64456,64466,10
12.9812402725,80.2385025024,64466,64477,11
12.9812297821,80.2384033203,64477,64487,10
12.9812402725,80.2381591797,64487,64547,60
12.9812402725,80.2381591797,64547,64557,10
12.9812498093,80.2377624512,64557,64628,71
12.9812498093,80.2373962402,64628,64709,81
12.9812498093,80.2373962402,64709,64719,10
12.9812297821,80.2368392944,64719,64729,10
12.9812402725,80.2366714478,64729,64739,10
12.9812202454,80.2363967896,64739,64769,30
12.9812002182,80.2361526489,64769,64789,20
12.9812002182,80.2361526489,64789,64799,10
12.9811897278,80.236038208,64799,64809,10
12.9811897278,80.2357177734,64809,64840,31
12.9812097549,80.2353591919,64840,64920,80
12.9812097549,80.2353591919,64920,64931,11
12.9811897278,80.2349624634,64931,64941,10
12.9811897278,80.2347488403,64941,64951,10
12.9812097549,80.2343597412,64951,64961,10
12.9813203812,80.2340164185,64961,64971,10
12.9816198349,80.2334136963,64971,64991,20
12.9816198349,80.2334136963,64991,65001,10
12.9817695618,80.2331619263,65001,65011,10
12.9819297791,80.232711792,65011,65020,9
12.9819803238,80.2322998047,65020,65031,11
12.9819602966,80.2317810059,65031,65041,10
12.9819002151,80.231300354,65041,65052,11
12.9816799164,80.230758667,65052,65062,10
12.9813404083,80.2302322388,65062,65072,10
12.980919838,80.2296218872,65072,65082,10
12.9806900024,80.2291870117,65082,65092,10
12.9806203842,80.2290115356,65092,65112,20
12.9806203842,80.2290115356,65112,65122,10
12.980509758,80.2288208008,65122,65132,10
12.9803199768,80.2284698486,65132,65142,10
12.9800395966,80.2279586792,65142,65152,10
12.9795999527,80.2272415161,65152,65163,11
12.9791202545,80.2264175415,65163,65173,10
12.9786195755,80.2255935669,65173,65183,10
12.9781503677,80.224822998,65183,65193,10
12.9778003693,80.2243804932,65193,65203,10
12.9775495529,80.2239227295,65203,65213,10
12.9771995544,80.2233428955,65213,65223,10
12.9769802094,80.2229003906,65223,65233,10
12.9772396088,80.2227783203,65233,65263,30
12.9772396088,80.2227783203,65263,65279,16
12.9774904251,80.2225570679,65279,65292,13
12.9774703979,80.2219390869,65292,65302,10
12.9774799347,80.2213973999,65302,65312,10
12.9776697159,80.2212524414,65312,65322,10
12.9779596329,80.2211608887,65322,65332,10
12.978269577,80.2211380005,65332,65342,10
12.9784402847,80.2211837769,65342,65352,10
12.9788398743,80.2211532593,65352,65361,9
12.9793596268,80.2211608887,65361,65371,10
12.9799003601,80.2211227417,65371,65382,11
12.980389595,80.2210388184,65382,65392,10
12.9809398651,80.2210464478,65392,65403,11
12.9813899994,80.2211990356,65403,65413,10
12.9817800522,80.2214584351,65413,65423,10
12.9821596146,80.2217025757,65423,65433,10
12.9825897217,80.221862793,65433,65443,10
12.9830102921,80.222038269,65443,65463,20
12.9830102921,80.222038269,65463,65473,10
12.9832000732,80.2220916748,65473,65493,20
12.9832000732,80.2220916748,65493,65504,11
12.9834604263,80.2222366333,65504,65514,10
12.9836502075,80.2223892212,65514,65524,10
12.9836597443,80.2224121094,65524,65534,10
12.9837303162,80.2225036621,65534,65544,10
12.9840402603,80.2226791382,65544,65554,10
12.9843301773,80.2228469849,65554,65564,10
12.9847002029,80.2231063843,65564,65574,10
12.9852399826,80.2233200073,65574,65584,10
12.9855499268,80.2231826782,65584,65594,10
12.9860801697,80.2230224609,65594,65604,10
12.9865598679,80.2229766846,65604,65625,21
12.9867401123,80.2229385376,65625,65645,20
12.9867401123,80.2229385376,65645,65655,10
12.9870796204,80.2230529785,65655,65665,10
12.9874095917,80.2230529785,65665,65675,10
12.9877796173,80.2229995728,65675,65685,10
12.9882202148,80.2226715088,65685,65695,10
12.9887599945,80.2222518921,65695,65705,10
12.9890699387,80.2219390869,65705,65715,10
12.9895296097,80.2214431763,65715,65726,11
12.9905099869,80.2203826904,65726,65746,20
12.9905099869,80.2203826904,65746,65756,10
12.990819931,80.220161438,65756,65766,10
12.991230011,80.2198486328,65766,65776,10
12.9915895462,80.2195968628,65776,65786,10
12.9921197891,80.2192764282,65786,65796,10
12.9927797318,80.21875,65796,65806,10
12.9935102463,80.2182006836,65806,65816,10
12.9941701889,80.2177124023,65816,65826,10
12.9947099686,80.217338562,65826,65837,11
12.9952602386,80.2169570923,65837,65847,10
12.9957895279,80.2167434692,65847,65857,10
12.9962997437,80.2166671753,65857,65867,10
12.9968099594,80.2165374756,65867,65877,10
12.9972600937,80.2164535522,65877,65887,10
12.9975500107,80.2161636353,65887,65907,20
12.9975500107,80.2161636353,65907,65917,10
12.9978399277,80.2159118652,65917,65927,10
12.9982204437,80.2155609131,65927,65937,10
12.9987897873,80.2151031494,65937,65947,10
12.9991397858,80.2147827148,65947,65958,11
12.9994802475,80.2144622803,65958,65968,10
12.9999103546,80.2141036987,65968,65978,10
13.0003404617,80.2137298584,65978,65988,10
13.0008802414,80.2132797241,65988,65998,10
13.00137043,80.2129364014,65998,66008,10
13.0018701553,80.212562561,66008,66018,10
13.0023803711,80.2122802734,66018,66028,10
13.0027198792,80.2121429443,66028,66038,10
13.0031299591,80.2120819092,66038,66048,10
13.003569603,80.2119827271,66048,66058,10
13.003660202,80.2119293213,66058,66069,11
13.0037202835,80.2118377686,66069,66079,10
13.0036802292,80.2114334106,66079,66089,10
13.0036401749,80.2108230591,66089,66099,10
13.0035495758,80.2101516724,66099,66109,10
13.0035600662,80.2094192505,66109,66119,10
13.0037899017,80.2087020874,66119,66129,10
13.0045003891,80.2088928223,66129,66139,10
13.005279541,80.2092437744,66139,66149,10
13.0059204102,80.2094802856,66149,66159,10
13.0061597824,80.2095718384,66159,66169,10
13.0064296722,80.2096710205,66169,66179,10
13.0067796707,80.209777832,66179,66190,11
13.0071001053,80.2098312378,66190,66200,10
13.0073003769,80.2097930908,66200,66210,10
13.0075302124,80.2098236084,66210,66240,30
13.0075302124,80.2098236084,66240,66250,10
13.0076799393,80.2098922729,66250,66260,10
13.008020401,80.2099914551,66260,66270,10
13.0081701279,80.2097167969,66270,66286,16
13.0078897476,80.2086105347,66286,66299,13
13.0077295303,80.2074584961,66299,66306,7
13.0076599121,80.2069168091,66306,66317,11
13.0075502396,80.2059783936,66317,66331,14
13.0075302124,80.2048721313,66331,66341,10
13.0074996948,80.2041397095,66341,66351,10
13.0074100494,80.2033691406,66351,66361,10
13.0070400238,80.2026519775,66361,66370,9
13.0065002441,80.2030410767,66370,66381,11
13.0068101883,80.2034378052,66381,66391,10
13.0073003769,80.2036819458,66391,66401,10
13.0081300735,80.2037963867,66401,66411,10
13.0092601776,80.2036972046,66411,66422,11
13.0106401443,80.203666687,66422,66432,10
13.0119400024,80.2037963867,66432,66442,10
13.0130901337,80.2040786743,66442,66462,20
13.0130901337,80.2040786743,66462,66472,10
13.0132102966,80.2041320801,66472,66482,10
13.0134000778,80.2041931152,66482,66512,30
13.0134000778,80.2041931152,66512,66523,11
13.0136203766,80.2042922974,66523,66533,10
13.0136098862,80.2045822144,66533,66583,50
13.0136098862,80.2045822144,66583,66593,10
13.0134496689,80.2050704956,66593,66603,10
13.0133199692,80.2055435181,66603,66613,10
13.013130188,80.2062301636,66613,66623,10
13.0130395889,80.2066421509,66623,66633,10
13.0129899979,80.2072906494,66633,66644,11
13.0129203796,80.2077713013,66644,66654,10
13.0129203796,80.2083206177,66654,66664,10
13.0129003525,80.2085266113,66664,66674,10
13.0129404068,80.2089614868,66674,66684,10
13.0130796432,80.2093429565,66684,66694,10
13.013250351,80.2098312378,66694,66704,10
13.0131998062,80.2102966309,66704,66714,10
13.0131196976,80.2105789185,66714,66724,10
13.0129699707,80.2110290527,66724,66734,10
13.0125999451,80.2117385864,66734,66744,10
13.0122404099,80.2123413086,66744,66755,11
13.0119104385,80.2128067017,66755,66765,10
13.0117902756,80.2128829956,66765,66775,10
13.0115003586,80.2126617432,66775,66785,10
13.0110197067,80.2123336792,66785,66795,10
13.0106096268,80.212059021,66795,66805,10
13.0101699829,80.2116622925,66805,66861,56
13.0098800659,80.2114715576,66861,67116,255
13.0098800659,80.2114715576,67116,67126,10
13.0098400116,80.2113571167,67126,67136,10
13.0098896027,80.2115402222,67136,67146,10
13.0099096298,80.2115631104,67146,67307,161
13.0096797943,80.2112503052,67307,67368,61
13.0096797943,80.2112503052,67368,67378,10
13.0092601776,80.2112503052,67378,67388,10
13.0090799332,80.2114868164,67388,67398,10
13.009059906,80.2117614746,67398,67408,10
13.0091896057,80.2121734619,67408,67418,10
13.0093202591,80.212638855,67418,67429,11
13.009469986,80.2130966187,67429,67439,10
13.00963974,80.2135314941,67439,67449,10
13.0098199844,80.2139892578,67449,67459,10
13.0100097656,80.2144775391,67459,67469,10
13.0101604462,80.2151870728,67469,67479,10
13.0103502274,80.216003418,67479,67489,10
13.0107498169,80.2168807983,67489,67499,10
13.0111503601,80.2177429199,67499,67509,10
13.0114498138,80.2187423706,67509,67519,10
13.011759758,80.2196121216,67519,67529,10
13.012049675,80.2205200195,67529,67540,11
13.0122995377,80.2212219238,67540,67550,10
13.0123500824,80.221496582,67550,67560,10
13.0124998093,80.2217636108,67560,67570,10
13.0127296448,80.2221908569,67570,67580,10
13.0130195618,80.2225189209,67580,67590,10
13.0134096146,80.2229232788,67590,67600,10
13.013710022,80.2232666016,67600,67610,10
13.0140600204,80.2235870361,67610,67620,10
13.0142803192,80.2238311768,67620,67630,10
13.0146303177,80.2242431641,67630,67640,10
13.0151195526,80.2247772217,67640,67650,10
13.0151596069,80.2248382568,67650,67661,11
13.0152797699,80.2249526978,67661,67671,10
13.0155000687,80.2252883911,67671,67691,20
13.0155000687,80.2252883911,67691,67701,10
13.01541996,80.2257003784,67701,67711,10
13.0149898529,80.2259597778,67711,67721,10
13.0144796371,80.2260818481,67721,67731,10
13.0138502121,80.2264022827,67731,67741,10
13.0131196976,80.2266998291,67741,67751,10
13.0122299194,80.2270431519,67751,67761,10
13.0113096237,80.2274169922,67761,67772,11
13.0104103088,80.2277984619,67772,67782,10
13.0097503662,80.2280273438,67782,67792,10
13.009519577,80.2275619507,67792,67802,10
13.0097799301,80.2270278931,67802,67812,10
13.0100898743,80.2263717651,67812,67822,10
13.0103397369,80.2257766724,67822,67832,10
13.0106601715,80.2251434326,67832,67842,10
13.0108604431,80.2245178223,67842,67862,20
13.0108604431,80.2245178223,67862,67872,10
13.010890007,80.2242584229,67872,67883,11
13.0110702515,80.2239074707,67883,67893,10
13.0111999512,80.2236175537,67893,67903,10
13.0112400055,80.2233505249,67903,67913,10
13.0109701157,80.2231292725,67913,67923,10
13.010430336,80.2228775024,67923,67933,10
13.0099401474,80.2225799561,67933,67943,10
13.0093002319,80.2222366333,67943,67953,10
13.0086402893,80.2218704224,67953,67963,10
13.007900238,80.2214736938,67963,67973,10
13.007229805,80.2210769653,67973,67983,10
13.0067796707,80.2208633423,67983,67994,11
13.0061197281,80.2206802368,67994,68004,10
13.0054397583,80.2205581665,68004,68014,10
13.0049600601,80.2204208374,68014,68024,10
13.0047903061,80.2203979492,68024,68034,10
13.0047101974,80.2203292847,68034,68044,10
13.0044698715,80.2202835083,68044,68054,10
13.0039596558,80.2201385498,68054,68064,10
13.0034503937,80.2200012207,68064,68074,10
13.003080368,80.2198791504,68074,68084,10
13.0024404526,80.2194824219,68084,68094,10
13.0019102097,80.2189178467,68094,68105,11
13.0011501312,80.2182998657,68105,68115,10
13.0006103516,80.2179794312,68115,68125,10
13.000120163,80.2176895142,68125,68135,10
12.9996995926,80.2174301147,68135,68145,10
12.9990701675,80.2171020508,68145,68155,10
12.9982995987,80.2167510986,68155,68165,10
12.9974002838,80.2166137695,68165,68185,20
12.9974002838,80.2166137695,68185,68195,10
12.9973602295,80.2164001465,68195,68215,20
12.9973602295,80.2164001465,68215,68226,11
12.997209549,80.2164382935,68226,68236,10
12.9969396591,80.216506958,68236,68246,10
12.9966802597,80.2165603638,68246,68256,10
12.996219635,80.2167434692,68256,68276,20
12.996219635,80.2167434692,68276,68286,10
12.9960002899,80.2167510986,68286,68296,10
12.9957504272,80.2168197632,68296,68306,10
12.99559021,80.2169036865,68306,68316,10
12.9955797195,80.2169036865,68316,68326,10
12.9952402115,80.2170028687,68326,68337,11
12.9950504303,80.2171630859,68337,68347,10
12.9948396683,80.217300415,68347,68357,10
12.9944496155,80.2175598145,68357,68367,10
12.9940900803,80.2177734375,68367,68377,10
12.9937295914,80.2180633545,68377,68387,10
12.9932003021,80.2184371948,68387,68397,10
12.9928998947,80.2186813354,68397,68407,10
12.9924497604,80.2189788818,68407,68417,10
12.9918403625,80.2194519043,68417,68427,10
12.9911403656,80.2198791504,68427,68437,10
12.9906997681,80.2202529907,68437,68447,10
12.990650177,80.2202606201,68447,68458,11
12.9904403687,80.2204589844,68458,68468,10
12.9900102615,80.2208023071,68468,68478,10
12.9895095825,80.2213592529,68478,68488,10
12.9891901016,80.2218322754,68488,68498,10
12.988820076,80.2222824097,68498,68508,10
12.9883298874,80.2227401733,68508,68518,10
12.9880304337,80.2229614258,68518,68528,10
12.9875202179,80.2231521606,68528,68558,30
12.9875202179,80.2231521606,68558,68569,11
12.9871997833,80.2231063843,68569,68579,10
12.9870901108,80.2230987549,68579,68589,10
12.9868497849,80.2231063843,68589,68599,10
12.9864196777,80.2230529785,68599,68609,10
12.9857902527,80.2230682373,68609,68619,10
12.9853696823,80.2233886719,68619,68629,10
12.985039711,80.2233123779,68629,68639,10
12.98458004,80.2230987549,68639,68649,10
12.9841299057,80.2228164673,68649,68659,10
12.9837799072,80.2226104736,68659,68669,10
12.9832801819,80.2223205566,68669,68700,31
12.9832801819,80.2223205566,68700,68710,10
12.9830303192,80.2221908569,68710,68720,10
12.9826698303,80.2220993042,68720,68730,10
12.9822502136,80.221862793,68730,68740,10
12.9819297791,80.2216567993,68740,68750,10
12.981710434,80.221496582,68750,68760,10
12.9812602997,80.2212677002,68760,68770,10
12.9805803299,80.2212600708,68770,68780,10
12.979809761,80.2212295532,68780,68791,11
12.9792098999,80.2212295532,68791,68801,10
12.9789495468,80.2211685181,68801,68811,10
12.9789400101,80.2211837769,68811,68821,10
12.9786901474,80.221206665,68821,68831,10
12.9783096313,80.2211914063,68831,68841,10
12.9779396057,80.2211990356,68841,68851,10
12.9769201279,80.2212219238,68851,68871,20
12.9769201279,80.2212219238,68871,68881,10
12.9766302109,80.221321106,68881,68891,10
12.9764995575,80.2213668823,68891,68901,10
12.9764795303,80.2213668823,68901,68912,11
12.9761800766,80.2213592529,68912,68922,10
12.9760799408,80.2214889526,68922,68932,10
12.9764204025,80.2218704224,68932,68962,30
12.9764204025,80.2218704224,68962,68972,10
12.9765195847,80.2221908569,68972,68982,10
12.9767904282,80.2226028442,68982,68992,10
12.9771900177,80.2232208252,68992,69002,10
12.9776000977,80.2239608765,69002,69012,10
12.9780502319,80.2246627808,69012,69023,11
12.9785804749,80.2254562378,69023,69043,20
12.9785804749,80.2254562378,69043,69053,10
12.9787597656,80.2257232666,69053,69063,10
12.9790096283,80.2262115479,69063,69073,10
12.9793395996,80.2268371582,69073,69083,10
12.9796495438,80.2273330688,69083,69093,10
12.9799995422,80.2278671265,69093,69103,10
12.980389595,80.2285385132,69103,69113,10
12.9807596207,80.2291564941,69113,69123,10
12.9809999466,80.2295379639,69123,69134,11
12.9814100266,80.2301864624,69134,69144,10
12.9816799164,80.2305908203,69144,69164,20
12.9816799164,80.2305908203,69164,69174,10
12.9817304611,80.2307662964,69174,69190,16
12.9819803238,80.2315597534,69190,69202,12
12.9820699692,80.2321090698,69202,69232,30
12.9820699692,80.2321090698,69232,69242,10
12.9820299149,80.2323913574,69242,69253,11
12.9819297791,80.2327728271,69253,69293,40
12.9819297791,80.2327728271,69293,69303,10
12.9818000793,80.2331085205,69303,69313,10
12.9817895889,80.2331237793,69313,69323,10
12.9817199707,80.2332763672,69323,69333,10
12.9816999435,80.2333068848,69333,69343,10
12.9816598892,80.2333984375,69343,69353,10
12.9815597534,80.2335891724,69353,69364,11
12.9815597534,80.2336120605,69364,69374,10
12.9815301895,80.2336730957,69374,69384,10
12.9813404083,80.2340927124,69384,69394,10
12.9812202454,80.2346572876,69394,69404,10
12.9812002182,80.2351379395,69404,69454,50
12.9812002182,80.2351379395,69454,69464,10
12.9812002182,80.2355270386,69464,69495,31
12.9812202454,80.2359771729,69495,69555,60
12.9812202454,80.2359771729,69555,69565,10
12.9812297821,80.2361831665,69565,69575,10
12.9812498093,80.2363815308,69575,69586,11
12.9812498093,80.2367706299,69586,69646,60
12.9812402725,80.2370376587,69646,69737,91
12.9812402725,80.2370376587,69737,69747,10
12.9812402725,80.2374420166,69747,69757,10
12.9812602997,80.2377090454,69757,69777,20
12.9812602997,80.2377090454,69777,69787,10
12.9812498093,80.2378005981,69787,69797,10
12.9812698364,80.238067627,69797,69807,10
12.9812803268,80.2384796143,69807,69828,21
12.9812803268,80.2384796143,69828,69838,10
12.9812898636,80.2387466431,69838,69848,10
12.981300354,80.2390365601,69848,69878,30
12.981300354,80.2390365601,69878,69888,10
12.981300354,80.2393112183,69888,69918,30
12.981300354,80.2393112183,69918,69929,11
12.9813098907,80.239440918,69929,69939,10
12.9813098907,80.2396621704,69939,69949,10
12.9813098907,80.2397232056,69949,69959,10
12.9813203812,80.2399597168,69959,69969,10
12.9813299179,80.2400588989,69969,69979,10
12.9813299179,80.2402572632,69979,69989,10
12.9813404083,80.2404708862,69989,69999,10
12.9813499451,80.2406997681,69999,70009,10
12.9813499451,80.2409667969,70009,70019,10
12.9813604355,80.2413635254,70019,70039,20
12.9813604355,80.2413635254,70039,70050,11
12.9813499451,80.2416229248,70050,70060,10
12.9813404083,80.2417068481,70060,70070,10
12.9813404083,80.2419281006,70070,70080,10
12.9813404083,80.2420120239,70080,70090,10
12.9813604355,80.2422485352,70090,70110,20
12.9813604355,80.2422485352,70110,70120,10
12.9813499451,80.2424926758,70120,70130,10
12.9813604355,80.2426681519,70130,70140,10
12.9813604355,80.2427825928,70140,70151,11
12.9813699722,80.2428436279,70151,70161,10
12.9813699722,80.2430877686,70161,70171,10
12.9813203812,80.2436065674,70171,70181,10
12.9811897278,80.244392395,70181,70191,10
12.9810695648,80.2453308105,70191,70201,10
12.9809503555,80.246383667,70201,70211,10
12.9808397293,80.2475204468,70211,70221,10
12.9807901382,80.2484970093,70221,70231,10
12.9806203842,80.2499084473,70231,70241,10
12.9803695679,80.2509536743,70241,70251,10
12.9801301956,80.2518386841,70251,70261,10
12.9800395966,80.252166748,70261,70272,11
12.9800100327,80.2523880005,70272,70342,70
12.9800100327,80.2523880005,70342,70352,10
12.9799404144,80.2526321411,70352,70362,10
12.9798402786,80.2528381348,70362,70372,10
12.9795398712,80.2527999878,70372,70383,11
12.9790296555,80.2527389526,70383,70393,10
12.9786500931,80.2526626587,70393,70403,10
12.9786396027,80.2526626587,70403,70413,10
12.9785404205,80.2525482178,70413,70423,10
12.9780702591,80.2522277832,70423,70433,10
12.9774198532,80.2516784668,70433,70443,10
12.9764404297,80.2512435913,70443,70453,10
12.9753198624,80.2509002686,70453,70463,10
12.974240303,80.250579834,70463,70473,10
12.9732398987,80.2503433228,70473,70483,10
12.9726896286,80.2502212524,70483,70494,11
12.972319603,80.2501678467,70494,70504,10
12.9722795486,80.2501373291,70504,70514,10
12.9718904495,80.25,70514,70524,10
12.971159935,80.2497787476,70524,70534,10
12.9702796936,80.24949646,70534,70544,10
12.9692401886,80.2491226196,70544,70560,16
12.967499733,80.2484283447,70560,70572,12
12.9670095444,80.2481994629,70572,70580,8
12.9667701721,80.2480697632,70580,70592,12
12.9661798477,80.2478637695,70592,70602,10
12.9654798508,80.2475509644,70602,70613,11
12.9649400711,80.2473526001,70613,70623,10
12.9649200439,80.2473373413,70623,70633,10
12.9648303986,80.2473220825,70633,70643,10
12.9644498825,80.2471618652,70643,70653,10
12.9638996124,80.246963501,70653,70663,10
12.963549614,80.2468185425,70663,70703,40
12.963549614,80.2468185425,70703,70713,10
12.9634895325,80.2468032837,70713,70724,11
12.9630403519,80.2465591431,70724,70734,10
12.9622602463,80.2461700439,70734,70744,10
12.9612998962,80.2457199097,70744,70754,10
12.960269928,80.2452468872,70754,70764,10
12.9592599869,80.2448577881,70764,70784,20
12.9592599869,80.2448577881,70784,70794,10
12.9590196609,80.2447509766,70794,70804,10
12.9584999084,80.2445068359,70804,70814,10
12.957909584,80.2442398071,70814,70824,10
12.9574899673,80.244102478,70824,70835,11
12.9567804337,80.2439117432,70835,70851,16
12.9563102722,80.2437591553,70851,70863,12
12.9558496475,80.2434768677,70863,70873,10
12.9553098679,80.2432022095,70873,70883,10
12.9544696808,80.2428207397,70883,70893,10
12.9535799026,80.2424316406,70893,70903,10
12.9525899887,80.2420196533,70903,70913,10
12.9518098831,80.2417526245,70913,70923,10
12.9514904022,80.2416687012,70923,70933,10
12.9514398575,80.2416687012,70933,70943,10
12.9510498047,80.2415084839,70943,70954,11
12.9503297806,80.2412872314,70954,70965,11
12.949669838,80.2410964966,70965,71015,50
12.9495897293,80.2410583496,71015,71035,20
12.9495897293,80.2410583496,71035,71045,10
12.9494600296,80.2409973145,71045,71055,10
12.9493598938,80.2409820557,71055,71066,11
12.9489002228,80.2407989502,71066,71076,10
12.9483203888,80.240562439,71076,71086,10
12.9475603104,80.2402420044,71086,71096,10
12.947019577,80.2400283813,71096,71116,20
12.947019577,80.2400283813,71116,71126,10
12.9468803406,80.2399520874,71126,71136,10
12.9464197159,80.2397766113,71136,71146,10
12.9457798004,80.2395095825,71146,71156,10
12.9450798035,80.2390899658,71156,71166,10
12.9444198608,80.2384109497,71166,71177,11
12.9436903,80.2376480103,71177,71186,9
12.9432201385,80.2371826172,71186,71197,11
12.9431800842,80.2371292114,71197,71207,10
12.9429197311,80.2369003296,71207,71217,10
12.9423799515,80.2366027832,71217,71227,10
12.9416103363,80.2363815308,71227,71237,10
12.9407100677,80.2361526489,71237,71247,10
12.9396600723,80.2358398438,71247,71267,20
12.9396600723,80.2358398438,71267,71277,10
12.9395303726,80.2357406616,71277,71288,11
12.9389896393,80.2354812622,71288,71298,10
12.9383001328,80.2351226807,71298,71308,10
12.9374704361,80.234703064,71308,71318,10
12.9365596771,80.2342834473,71318,71334,16
12.935259819,80.2336502075,71334,71346,12
12.9342098236,80.2331924438,71346,71356,10
12.9338703156,80.2330093384,71356,71376,20
12.9338703156,80.2330093384,71376,71386,10
12.9337396622,80.2329406738,71386,71396,10
12.9333200455,80.2327270508,71396,71407,11
12.9326000214,80.2324295044,71407,71417,10
12.9315900803,80.2321166992,71417,71427,10
12.9305295944,80.2317810059,71427,71437,10
12.929599762,80.2315292358,71437,71447,10
12.9288702011,80.2313995361,71447,71457,10
12.9281101227,80.2312774658,71457,71467,10
12.9272899628,80.2312088013,71467,71477,10
12.9260702133,80.2310791016,71477,71496,19
12.9260702133,80.2310791016,71496,71507,11
12.9258499146,80.2310562134,71507,71518,11
12.925359726,80.2309875488,71518,71528,10
12.9246702194,80.2309494019,71528,71538,10
12.9238100052,80.2308120728,71538,71548,10
12.9227695465,80.2306365967,71548,71558,10
12.9215898514,80.2304534912,71558,71568,10
12.920419693,80.2303237915,71568,71578,10
12.9194002151,80.23021698,71578,71588,10
12.9191303253,80.230178833,71588,71598,10
12.9189996719,80.230140686,71598,71608,10
12.9185400009,80.2300491333,71608,71618,10
12.9177999496,80.2299728394,71618,71629,11
12.9167995453,80.229850769,71629,71639,10
12.9157600403,80.2296905518,71639,71649,10
12.9146795273,80.2295379639,71649,71659,10
12.9131603241,80.2293624878,71659,71679,20
12.9131603241,80.2293624878,71679,71689,10
12.9129600525,80.2293777466,71689,71699,10
12.9123401642,80.2292480469,71699,71709,10
12.9114704132,80.2291030884,71709,71719,10
12.9104204178,80.2289505005,71719,71729,10
12.9092798233,80.2287521362,71729,71740,11
12.9078397751,80.2285003662,71740,71810,70
12.9078397751,80.2285003662,71810,71820,10
12.9076499939,80.2284469604,71820,71830,10
12.9070997238,80.2284317017,71830,71840,10
12.9064598083,80.2283782959,71840,71851,11
12.9059896469,80.2283706665,71851,71861,10
12.9059801102,80.2283706665,71861,71871,10
12.90583992,80.2283706665,71871,71881,10
12.9053602219,80.2282867432,71881,71891,10
12.9046096802,80.2282409668,71891,71901,10
12.9038200378,80.2282333374,71901,71931,30
12.9038200378,80.2282333374,71931,71941,10
12.9035100937,80.2282180786,71941,71951,10
12.9030895233,80.2282028198,71951,71961,10
12.9027004242,80.2281570435,71961,71972,11
12.9023103714,80.2281417847,71972,71982,10
12.9018697739,80.2281188965,71982,71992,10
12.9014101028,80.2281036377,71992,72002,10
12.9010400772,80.2280807495,72002,72012,10
12.9006795883,80.2280502319,72012,72021,9
12.9004201889,80.2280197144,72021,72032,11
12.9002199173,80.2280273438,72032,72042,10
12.9000501633,80.2279968262,72042,72052,10
12.8999099731,80.2279891968,72052,72062,10
12.8997097015,80.2279815674,72062,72072,10
12.8992795944,80.2279663086,72072,72123,51
12.8992795944,80.2279663086,72123,72133,10
12.8990297318,80.2279510498,72133,72143,10
12.8985500336,80.2278823853,72143,72153,10
12.8978395462,80.2278366089,72153,72163,10
12.8970403671,80.2277908325,72163,72173,10
12.8961000443,80.2277526855,72173,72183,10
12.8951196671,80.2277374268,72183,72194,11
12.8941297531,80.2276992798,72194,72204,10
12.8930902481,80.2276000977,72204,72224,20
12.8930902481,80.2276000977,72224,72234,10
12.8929595947,80.2275390625,72234,72244,10
12.8927297592,80.2275314331,72244,72254,10
12.8927202225,80.2275314331,72254,72264,10
12.8925800323,80.2275238037,72264,72274,10
12.8922195435,80.2274780273,72274,72284,10
12.8916196823,80.2274703979,72284,72294,10
12.8909301758,80.2274703979,72294,72304,10
12.8900995255,80.2274627686,72304,72321,17
12.8883199692,80.2274475098,72321,72343,22
12.8883199692,80.2274475098,72343,72353,10
12.8881397247,80.2274169922,72353,72363,10
12.8877000809,80.2273788452,72363,72373,10
12.8869104385,80.2272796631,72373,72383,10
12.8860502243,80.2270584106,72383,72393,10
12.8851804733,80.226852417,72393,72403,10
12.8849496841,80.2268066406,72403,72413,10
12.8846797943,80.2267913818,72413,72435,22
12.8846797943,80.2267913818,72435,72445,10
12.8845500946,80.2268218994,72445,72455,10
12.884059906,80.2268066406,72455,72465,10
12.8832998276,80.2267990112,72465,72475,10
12.8823795319,80.2267990112,72475,72485,10
12.8813199997,80.2267990112,72485,72495,10
12.8802404404,80.2268066406,72495,72505,10
12.8791399002,80.2268218994,72505,72515,10
12.8780202866,80.2268981934,72515,72525,10
12.8771495819,80.2269592285,72525,72536,11
12.8766803741,80.2270126343,72536,72576,40
12.8766803741,80.2270126343,72576,72586,10
12.8763799667,80.2269821167,72586,72596,10
12.8763904572,80.2264862061,72596,72626,30
12.8763904572,80.2264862061,72626,72636,10
12.8764400482,80.2261962891,72636,72647,11
12.8765201569,80.2256088257,72647,72657,10
12.8765802383,80.2249069214,72657,72667,10
12.8767004013,80.2239837646,72667,72677,10
12.8769397736,80.2229919434,72677,72687,10
12.8772096634,80.2218780518,72687,72697,10
12.8774795532,80.2207107544,72697,72707,10
12.8777198792,80.2196578979,72707,72717,10
12.8780097961,80.2188415527,72717,72727,10
12.8781604767,80.2178268433,72727,72737,10
12.8783502579,80.2167510986,72737,72747,10
12.8785600662,80.2157287598,72747,72757,10
12.878780365,80.2146606445,72757,72768,11
12.8790197372,80.2134017944,72768,72778,10
12.8792295456,80.212272644,72778,72788,10
12.8793697357,80.2114868164,72788,72798,10
12.8788795471,80.2110290527,72798,72828,30
12.8788795471,80.2110290527,72828,72844,16
12.878780365,80.2109832764,72844,72856,12
12.8783597946,80.2109069824,72856,72864,8
12.8779602051,80.2108535767,72864,72877,13
12.877409935,80.2106628418,72877,72887,10
12.8767004013,80.2105407715,72887,72897,10
12.8759899139,80.2104415894,72897,72907,10
12.8752403259,80.210319519,72907,72917,10
12.8743696213,80.2101821899,72917,72957,40
12.8743696213,80.2101821899,72957,72967,10
12.874329567,80.2101211548,72967,72977,10
12.8743896484,80.209777832,72977,72988,11
12.8747596741,80.209777832,72988,73067,79
12.8747596741,80.209777832,73067,73078,11
12.8746595383,80.2097702026,73078,73321,243
12.8746595383,80.2097702026,73321,73331,10
12.8746099472,80.2097702026,73331,73341,10
12.8745603561,80.2098693848,73341,73381,40
12.8745603561,80.2098693848,73381,73390,9
12.874420166,80.2101135254,73390,73412,22
12.874420166,80.2101135254,73412,73422,10
12.8746795654,80.2097320557,73422,73443,21
12.8746795654,80.2097320557,73443,73453,10
12.8745803833,80.2098693848,73453,73463,10
12.8747196198,80.2096710205,73463,73473,10
12.8746995926,80.2096405029,73473,73503,30
12.8746995926,80.2096405029,73503,73513,10
12.8744697571,80.2099075317,73513,73523,10
12.8745203018,80.2098236084,73523,73533,10
12.8745203018,80.2098388672,73533,73543,10
12.8743801117,80.2100524902,73543,73554,11
12.8743400574,80.2101211548,73554,73564,10
12.8743095398,80.2102508545,73564,73584,20
12.8743095398,80.2102508545,73584,73594,10
12.8744096756,80.2101364136,73594,73604,10
12.8744401932,80.2100982666,73604,73614,10
12.874420166,80.2101211548,73614,73624,10
12.8746004105,80.2098236084,73624,73654,30
12.8745603561,80.2098770142,73654,73705,51
12.8745603561,80.2098770142,73705,73715,10
12.8747997284,80.2095870972,73715,73725,10
12.8748502731,80.2094573975,73725,73745,20
12.8748502731,80.2094573975,73745,73755,10
12.8746299744,80.2098388672,73755,73765,10
12.8747997284,80.2096481323,73765,73776,11
12.8747301102,80.2097320557,73776,73786,10
12.8746099472,80.2098617554,73786,73795,9
12.8744602203,80.2099380493,73795,73826,31
12.8744697571,80.2098999023,73826,73856,30
12.8744697571,80.2098999023,73856,73866,10
12.8741703033,80.2098999023,73866,73876,10
12.8745603561,80.2098770142,73876,73917,41
12.8744401932,80.2097473145,73917,73967,50
12.8744401932,80.2097473145,73967,73977,10
12.8745203018,80.2097625732,73977,74058,81
12.8745203018,80.2097625732,74058,74067,9
12.8746204376,80.2099304199,74067,74078,11
12.8746404648,80.2099304199,74078,74088,10
12.8746004105,80.2101287842,74088,74098,10
12.8747396469,80.2102279663,74098,74109,11
12.8749599457,80.2102508545,74109,74119,10
12.8752098083,80.2103118896,74119,74129,10
12.8756399155,80.210357666,74129,74139,10
12.8760795593,80.2104187012,74139,74149,10
12.8764896393,80.2105178833,74149,74159,10
12.8768997192,80.2106323242,74159,74169,10
12.877409935,80.2107162476,74169,74179,10
12.8779201508,80.2108001709,74179,74189,10
12.8784799576,80.2108917236,74189,74199,10
12.8789196014,80.2109909058,74199,74209,10
12.8791503906,80.2110366821,74209,74220,11
12.8793296814,80.2110977173,74220,74231,11
12.87940979,80.2115020752,74231,74241,10
12.8792600632,80.2121505737,74241,74251,10
12.8790998459,80.2129516602,74251,74261,10
12.8789396286,80.2138595581,74261,74271,10
12.8787202835,80.2149581909,74271,74281,10
12.878490448,80.216003418,74281,74291,10
12.8782596588,80.2170791626,74291,74301,10
12.8780298233,80.218132019,74301,74311,10
12.877820015,80.2191619873,74311,74321,10
12.8776102066,80.2201690674,74321,74331,10
12.8773803711,80.2211380005,74331,74342,11
12.877120018,80.2222824097,74342,74352,10
12.8768796921,80.2233581543,74352,74362,10
12.8766698837,80.2244186401,74362,74372,10
12.8765802383,80.2253723145,74372,74382,10
12.8764896393,80.2261810303,74382,74392,10
12.8764200211,80.2266235352,74392,74402,10
12.8764400482,80.2268981934,74402,74412,10
12.8766899109,80.2268829346,74412,74432,20
12.8766899109,80.2268829346,74432,74442,10
12.8770704269,80.2268371582,74442,74453,11
12.877820015,80.2268218994,74453,74463,10
12.8785400391,80.2267303467,74463,74473,10
12.8793802261,80.2266998291,74473,74483,10
12.8803796768,80.2267074585,74483,74493,10
12.8813400269,80.2267227173,74493,74503,10
12.8822603226,80.2266998291,74503,74513,10
12.8832902908,80.2267227173,74513,74523,10
12.8842401505,80.2266998291,74523,74533,10
12.8849601746,80.2266921997,74533,74543,10
12.8851604462,80.2267074585,74543,74553,10
12.8852596283,80.2267303467,74553,74564,11
12.8858604431,80.2268829346,74564,74574,10
12.8865804672,80.2270812988,74574,74584,10
12.8874397278,80.2272872925,74584,74594,10
12.8883600235,80.2273406982,74594,74604,10
12.8887300491,80.2273635864,74604,74614,10
12.8890304565,80.2273330688,74614,74624,10
12.8897800446,80.2273406982,74624,74634,10
12.8907299042,80.2273483276,74634,74650,16
12.8917598724,80.2273330688,74650,74662,12
12.8921804428,80.2273330688,74662,74670,8
12.8926696777,80.2273712158,74670,74683,13
12.8934001923,80.2274398804,74683,74693,10
12.8939800262,80.2275390625,74693,74703,10
12.8940200806,80.2275619507,74703,74713,10
12.8943595886,80.2275619507,74713,74721,8
12.894949913,80.2276000977,74721,74733,12
12.8961200714,80.2276611328,74733,74743,10
12.8970403671,80.2276916504,74743,74753,10
12.8980102539,80.2277374268,74753,74763,10
12.8984603882,80.2277679443,74763,74773,10
12.8988599777,80.2277832031,74773,74794,21
12.899020195,80.2277832031,74794,74814,20
12.899020195,80.2277832031,74814,74824,10
12.8993301392,80.2278213501,74824,74834,10
12.8997001648,80.2278213501,74834,74844,10
12.8999795914,80.2278518677,74844,74854,10
12.9001502991,80.2278900146,74854,74864,10
12.9006595612,80.2278900146,74864,74874,10
12.9012203217,80.2278671265,74874,74884,10
12.901720047,80.2279205322,74884,74894,10
12.9020004272,80.2279586792,74894,74905,11
12.9023199081,80.2279968262,74905,74915,10
12.9023799896,80.2279663086,74915,74925,10
12.9025297165,80.2280426025,74925,74935,10
12.9027500153,80.228012085,74935,74945,10
12.9033498764,80.2280426025,74945,74955,10
12.9041204453,80.2280731201,74955,74965,10
12.9049797058,80.2281036377,74965,75005,40
12.9049797058,80.2281036377,75005,75016,11
12.9054203033,80.2280502319,75016,75026,10
12.9056797028,80.2281036377,75026,75036,10
12.9060201645,80.2282028198,75036,75046,10
12.9062795639,80.2281799316,75046,75056,10
12.9066400528,80.2282409668,75056,75066,10
12.9068603516,80.2282867432,75066,75076,10
12.9069795609,80.2283401489,75076,75086,10
12.9074201584,80.2283782959,75086,75096,10
12.9082899094,80.2285385132,75096,75106,10
12.9092798233,80.2286987305,75106,75116,10
12.9103002548,80.2288589478,75116,75127,11
12.9116897583,80.2290725708,75127,75137,10
12.9127902985,80.2292098999,75137,75147,10
12.9135198593,80.2293395996,75147,75157,10
12.9138402939,80.2293777466,75157,75167,10
12.9140501022,80.2293930054,75167,75177,10
12.9142303467,80.2293930054,75177,75187,10
12.9147396088,80.2294082642,75187,75197,10
12.9155302048,80.2295303345,75197,75207,10
12.9166002274,80.2297210693,75207,75217,10
12.9175300598,80.2298431396,75217,75227,10
12.9184598923,80.2299728394,75227,75237,10
12.9192695618,80.2300720215,75237,75248,11
12.9195098877,80.2300872803,75248,75258,10
12.9196901321,80.2301025391,75258,75268,10
12.9202699661,80.2301712036,75268,75278,10
12.9212198257,80.2303314209,75278,75288,10
12.922369957,80.2305297852,75288,75298,10
12.9234895706,80.2307128906,75298,75308,10
12.9245595932,80.2308120728,75308,75318,10
12.9256801605,80.2309265137,75318,75328,10
12.9266796112,80.231048584,75328,75338,10
12.9276800156,80.2311706543,75338,75348,10
12.9285497665,80.2313308716,75348,75359,11
12.9289398193,80.2313690186,75359,75369,10
12.9296503067,80.2315063477,75369,75379,10
12.9306602478,80.2317810059,75379,75389,10
12.9317998886,80.2321395874,75389,75399,10
12.9328899384,80.2325134277,75399,75409,10
12.9337997437,80.2329101563,75409,75419,10
12.9344396591,80.2332305908,75419,75429,10
12.9353199005,80.2336120605,75429,75439,10
12.9359903336,80.2339096069,75439,75449,10
12.9366998672,80.2342300415,75449,75459,10
12.9375600815,80.2346496582,75459,75470,11
12.9386196136,80.2351608276,75470,75480,10
12.9393501282,80.2355194092,75480,75490,10
12.9394302368,80.2355575562,75490,75500,10
12.939499855,80.2355804443,75500,75510,10
12.9397296906,80.2357177734,75510,75520,10
12.9403600693,80.2359237671,75520,75530,10
12.9414396286,80.2362365723,75530,75540,10
12.9425802231,80.2365875244,75540,75550,10
12.9434700012,80.237159729,75550,75560,10
12.9436302185,80.2374420166,75560,75570,10
12.9439401627,80.2378005981,75570,75581,11
12.9446897507,80.2385101318,75581,75591,10
12.9453802109,80.2392272949,75591,75601,10
12.946100235,80.2395629883,75601,75611,10
12.9463195801,80.2397003174,75611,75621,10
12.9465799332,80.2398071289,75621,75631,10
12.947019577,80.239982605,75631,75641,10
12.9475498199,80.2401809692,75641,75651,10
12.9478302002,80.2402877808,75651,75661,10
12.9479703903,80.2403488159,75661,75671,10
12.9481296539,80.2403869629,75671,75681,10
12.9483804703,80.2405014038,75681,75692,11
12.9488801956,80.2406692505,75692,75702,10
12.9495296478,80.2409210205,75702,75712,10
12.9503698349,80.2412033081,75712,75721,9
12.9508695602,80.2413406372,75721,75732,11
12.9510402679,80.2414169312,75732,75742,10
12.9516096115,80.2416000366,75742,75752,10
12.9523000717,80.2418899536,75752,75762,10
12.9531097412,80.2421875,75762,75772,10
12.9539403915,80.2425003052,75772,75782,10
12.9547996521,80.2428207397,75782,75792,10
12.955499649,80.2431182861,75792,75802,10
12.9561300278,80.2434234619,75802,75833,31
12.9561300278,80.2434234619,75833,75843,10
12.9562702179,80.2434921265,75843,75853,10
12.9562797546,80.2434997559,75853,75863,10
12.9565896988,80.2436218262,75863,75873,10
12.9573602676,80.2439117432,75873,75883,10
12.9580497742,80.244178772,75883,75893,10
12.9585800171,80.244392395,75893,75903,10
12.959280014,80.2446975708,75903,75913,10
12.960149765,80.2450714111,75913,75924,11
12.961230278,80.2455673218,75924,75934,10
12.9622097015,80.2460479736,75934,75944,10
12.9634304047,80.2466812134,75944,76014,70
12.9634304047,80.2466812134,76014,76024,10
12.9635000229,80.2467803955,76024,76041,17
12.9644498825,80.2471389771,76041,76053,12
12.9655103683,80.247467041,76053,76063,10
12.9667701721,80.2479324341,76063,76083,20
12.9667701721,80.2479324341,76083,76093,10
12.9670600891,80.2480926514,76093,76102,9
12.9675598145,80.2482833862,76102,76113,11
12.9686603546,80.2486877441,76113,76125,12
12.9699001312,80.2491836548,76125,76134,9
12.9708795547,80.2495803833,76134,76144,10
12.9719600677,80.2499237061,76144,76156,12
12.97315979,80.2502593994,76156,76166,10
12.9739599228,80.2504806519,76166,76176,10
12.9748401642,80.2507019043,76176,76186,10
12.9758796692,80.2510223389,76186,76196,10
12.9769096375,80.2512969971,76196,76206,10
12.9778404236,80.2518768311,76206,76216,10
12.9789104462,80.2525482178,76216,76226,10
12.9798698425,80.2525634766,76226,76236,10
12.9799499512,80.2523117065,76236,76246,10
12.9799499512,80.2522964478,76246,76256,10
12.9799499512,80.2520904541,76256,76267,11
12.9800901413,80.2516098022,76267,76277,10
12.980340004,80.2508621216,76277,76287,10
12.9806003571,80.2498931885,76287,76297,10
12.9807500839,80.2488479614,76297,76307,10
12.9808397293,80.2477798462,76307,76317,10
12.9809303284,80.2466583252,76317,76327,10
12.981010437,80.2457427979,76327,76337,10
12.9811401367,80.2443771362,76337,76347,10
12.981180191,80.2438735962,76347,76357,10
12.9812402725,80.2437210083,76357,76367,10
12.9813299179,80.243560791,76367,76378,11
12.9813404083,80.2434768677,76378,76388,10
12.9812698364,80.2432022095,76388,76398,10
12.9813404083,80.243019104,76398,76408,10
12.9813604355,80.2429199219,76408,76418,10
12.9813804626,80.2427215576,76418,76428,10
12.9813995361,80.2422485352,76428,76438,10
12.9813604355,80.2415771484,76438,76448,10
12.9813699722,80.2409133911,76448,76458,10
12.9813699722,80.240447998,76458,76468,10
12.9813804626,80.2402801514,76468,76478,10
12.9813499451,80.2401199341,76478,76499,21
12.9813499451,80.2401199341,76499,76509,10
12.9813404083,80.2397537231,76509,76519,10
12.9813203812,80.2394180298,76519,76529,10
12.9813098907,80.2388381958,76529,76539,10
12.9812898636,80.2382125854,76539,76549,10
12.9812803268,80.2379608154,76549,76559,10
12.9812898636,80.2378234863,76559,76569,10
12.9812803268,80.2373428345,76569,76579,10
12.9812602997,80.2365875244,76579,76589,10
12.9812498093,80.2358779907,76589,76600,11
12.9812097549,80.2350921631,76600,76610,10
12.9812202454,80.2343597412,76610,76620,10
12.9813899994,80.2338562012,76620,76630,10
12.9815502167,80.2335510254,76630,76660,30
12.9815502167,80.2335510254,76660,76670,10
12.9816904068,80.2332229614,76670,76680,10
12.9818496704,80.2329025269,76680,76690,10
12.9819803238,80.2325210571,76690,76700,10
12.982000351,80.2322998047,76700,76711,11
12.9819803238,80.2319412231,76711,76721,10
12.9819803238,80.2315368652,76721,76731,10
12.9818601608,80.2312011719,76731,76741,10
12.9817399979,80.2308120728,76741,76751,10
12.9813604355,80.2302322388,76751,76761,10
12.9809398651,80.229637146,76761,76771,10
12.9808101654,80.2294311523,76771,76781,10
12.9806804657,80.2291717529,76781,76791,10
12.9806804657,80.229133606,76791,76801,10
12.9805297852,80.2288818359,76801,76811,10
12.9803199768,80.2284927368,76811,76821,10
12.980099678,80.2280807495,76821,76832,11
12.9797801971,80.2275619507,76832,76842,10
12.9794597626,80.2270126343,76842,76852,10
12.9791898727,80.2265625,76852,76862,10
12.9788599014,80.2260513306,76862,76872,10
12.9786500931,80.2256088257,76872,76882,10
12.9784402847,80.2252731323,76882,76892,10
12.9782800674,80.2249984741,76892,76902,10
12.9781799316,80.2248535156,76902,76912,10
12.9780797958,80.2247009277,76912,76922,10
12.9778699875,80.2244567871,76922,76932,10
12.9775800705,80.2239990234,76932,76943,11
12.9773397446,80.2236480713,76943,76953,10
12.9771795273,80.2234268188,76953,76963,10
12.9771099091,80.2232437134,76963,76973,10
12.9770803452,80.2230606079,76973,76983,10
12.9769802094,80.2228164673,76983,76993,10
12.9771299362,80.2227020264,76993,77003,10
12.9771995544,80.2227020264,77003,77013,10
12.9774599075,80.2226486206,77013,77023,10
12.9774799347,80.2223205566,77023,77033,10
12.9774999619,80.222038269,77033,77049,16
12.9774799347,80.2212982178,77049,77072,23
12.9774799347,80.2212982178,77072,77082,10
12.9777498245,80.2211914063,77082,77091,9
12.978219986,80.2211380005,77091,77102,11
12.9787998199,80.2211074829,77102,77112,10
12.979470253,80.2210769653,77112,77121,9
12.9801797867,80.2210464478,77121,77133,12
12.9809904099,80.2209625244,77133,77143,10
12.9814300537,80.221206665,77143,77153,10
12.9818401337,80.2214431763,77153,77163,10
12.9823999405,80.2217330933,77163,77174,11
12.9826097488,80.2218475342,77174,77184,10
12.982919693,80.2219467163,77184,77194,10
12.98320961,80.2221298218,77194,77204,10
12.9834604263,80.2223129272,77204,77214,10
12.9837198257,80.2224502563,77214,77224,10
12.9840297699,80.2226791382,77224,77234,10
12.9844999313,80.2229690552,77234,77244,10
12.9849996567,80.2231903076,77244,77254,10
12.9852600098,80.2232894897,77254,77264,10
12.9858398438,80.2229919434,77264,77274,10
12.9862003326,80.2229614258,77274,77295,21
12.9862003326,80.2229614258,77295,77305,10
12.9864702225,80.2229766846,77305,77315,10
12.9866199493,80.2230072021,77315,77324,9
12.9868402481,80.2230606079,77324,77335,11
12.9873304367,80.2231216431,77335,77345,10
12.9879903793,80.2228775024,77345,77355,10
12.9884796143,80.2224197388,77355,77365,10
12.9889097214,80.2219161987,77365,77375,10
12.9892501831,80.2213973999,77375,77385,10
12.9898099899,80.2207565308,77385,77397,12
12.9904298782,80.2202987671,77397,77409,12
12.9907999039,80.2200622559,77409,77419,10
12.991109848,80.2198028564,77419,77429,10
12.9914102554,80.2195510864,77429,77439,10
12.9918203354,80.2192764282,77439,77449,10
12.9922103882,80.2189788818,77449,77459,10
12.9925699234,80.2186508179,77459,77469,10
12.993180275,80.2182998657,77469,77479,10
12.9933900833,80.2181472778,77479,77502,23
12.9937000275,80.2179412842,77502,77515,13
12.9938001633,80.2179031372,77515,77525,10
12.9939002991,80.2178268433,77525,77535,10
12.9940595627,80.2176895142,77535,77545,10
12.9942102432,80.2175521851,77545,77555,10
12.9945898056,80.2172927856,77555,77585,30
12.9945898056,80.2172927856,77585,77595,10
12.9948101044,80.2171325684,77595,77605,10
12.9952001572,80.2168579102,77605,77616,11
12.9960298538,80.2166290283,77616,77626,10
12.9967603683,80.2165298462,77626,77636,10
12.997209549,80.2164535522,77636,77656,20
12.997209549,80.2164535522,77656,77666,10
12.9973602295,80.2162704468,77666,77676,10
12.9976902008,80.2159805298,77676,77686,10
12.9983196259,80.2154083252,77686,77696,10
12.9987297058,80.2150421143,77696,77706,10
12.9990901947,80.2147827148,77706,77716,10
12.999420166,80.2144165039,77716,77727,11
12.9999303818,80.2140274048,77727,77737,10
13.0004396439,80.2135620117,77737,77747,10
13.0007295609,80.2132720947,77747,77757,10
13.0010900497,80.2130126953,77757,77767,10
13.00137043,80.2128219604,77767,77777,10
13.0017204285,80.2125320435,77777,77787,10
13.0021800995,80.2122802734,77787,77797,10
13.0025901794,80.212097168,77797,77807,10
13.0031900406,80.2120666504,77807,77817,10
13.0035495758,80.2120285034,77817,77827,10
13.0036697388,80.2118988037,77827,77837,10
13.0037202835,80.211479187,77837,77848,11
13.0036497116,80.2108230591,77848,77858,10
13.0035495758,80.2101287842,77858,77868,10
13.0035295486,80.209487915,77868,77878,10
13.0036802292,80.2087783813,77878,77888,10
13.0043096542,80.2087631226,77888,77898,10
13.0051803589,80.2091827393,77898,77908,10
13.0060901642,80.2095489502,77908,77918,10
13.0067501068,80.2097320557,77918,77979,61
13.0067501068,80.2097320557,77979,77989,10
13.0069198608,80.209777832,77989,77999,10
13.007060051,80.2098083496,77999,78009,10
13.0072803497,80.2098236084,78009,78019,10
13.0074596405,80.2098770142,78019,78029,10
13.0076799393,80.2099304199,78029,78039,10
13.0079402924,80.2099533081,78039,78049,10
13.0081195831,80.2099685669,78049,78059,10
13.008099556,80.2097167969,78059,78070,11
13.0080099106,80.2093429565,78070,78080,10
13.0079402924,80.2087936401,78080,78090,10
13.007809639,80.2079162598,78090,78100,10
13.0076398849,80.2069091797,78100,78110,10
13.0075502396,80.2061767578,78110,78120,10
13.0074996948,80.2053833008,78120,78130,10
13.0075101852,80.2047195435,78130,78140,10
13.0074796677,80.2040634155,78140,78150,10
13.0072698593,80.2035064697,78150,78160,10
13.0070104599,80.2027816772,78160,78170,10
13.0064296722,80.2028884888,78170,78181,11
13.0067501068,80.2034301758,78181,78191,10
13.007399559,80.2036514282,78191,78201,10
13.0080699921,80.2037124634,78201,78211,10
13.0084695816,80.2033004761,78211,78221,10
13.0080404282,80.2027282715,78221,78231,10
13.0074996948,80.2033004761,78231,78241,10
13.0075998306,80.2043228149,78241,78251,10
13.007610321,80.2053070068,78251,78261,10
13.0076999664,80.206237793,78261,78271,10
13.0078802109,80.2071914673,78271,78282,11
13.0079698563,80.2082824707,78282,78293,11
13.0080900192,80.2092666626,78293,78303,10
13.0084295273,80.2100830078,78303,78313,10
13.008769989,80.2105407715,78313,78323,10
13.009180069,80.2109222412,78323,78576,253
13.009180069,80.2109222412,78576,78586,10
13.0093698502,80.2111434937,78586,78596,10
13.0092201233,80.2112731934,78596,78606,10
13.0090999603,80.2114334106,78606,78616,10
13.009059906,80.2114486694,78616,78626,10
13.0090103149,80.2117385864,78626,78637,11
13.00922966,80.2123413086,78637,78647,10
13.0094604492,80.2130432129,78647,78657,10
13.0096702576,80.2135620117,78657,78667,10
13.0100402832,80.2143936157,78667,78677,10
13.0101900101,80.2152404785,78677,78686,9
13.0103597641,80.2160568237,78686,78697,11
13.010840416,80.2170715332,78697,78707,10
13.0113401413,80.2182617188,78707,78717,10
13.0117301941,80.2194671631,78717,78727,10
13.0121297836,80.2206726074,78727,78736,9
13.0123596191,80.2214431763,78736,78748,12
13.0124902725,80.2217407227,78748,78758,10
13.0127897263,80.2223434448,78758,78768,10
13.0133304596,80.2228469849,78768,78777,9
13.0137901306,80.2233428955,78777,78788,11
13.0143699646,80.224029541,78788,78798,10
13.0150403976,80.224822998,78798,78808,10
13.0153999329,80.2254333496,78808,78818,10
13.015130043,80.2258911133,78818,78828,10
13.0144796371,80.2261734009,78828,78838,10
13.013589859,80.2265090942,78838,78848,10
13.0126800537,80.2268371582,78848,78859,11
13.0116701126,80.2272415161,78859,78869,10
13.0105400085,80.2275695801,78869,78879,10
13.00963974,80.2279205322,78879,78889,10
13.0096101761,80.2273025513,78889,78899,10
13.0099201202,80.2265777588,78899,78909,10
13.0102996826,80.2256698608,78909,78919,10
13.0107698441,80.2247161865,78919,78929,10
13.011059761,80.2240066528,78929,78939,10
13.011179924,80.2233581543,78939,78949,10
13.0109100342,80.2230682373,78949,78959,10
13.0105695724,80.2229003906,78959,78968,9
13.010430336,80.2228164673,78968,78980,12
13.0096998215,80.2223815918,78980,78989,9
13.0090398788,80.2219772339,78989,79000,11
13.008310318,80.2215805054,79000,79010,10
13.0076303482,80.2211990356,79010,79020,10
13.006819725,80.2208099365,79020,79029,9
13.0063400269,80.2206497192,79029,79040,11
13.0054597855,80.2204208374,79040,79048,8
13.0047597885,80.2202529907,79048,79060,12
13.003780365,80.2200088501,79060,79070,10
13.0030202866,80.2197723389,79070,79081,11
13.0023298264,80.2193069458,79081,79091,10
13.0017795563,80.2187576294,79091,79101,10
13.0010995865,80.2182006836,79101,79111,10
13.0003404617,80.2176971436,79111,79121,10
12.9997301102,80.2173461914,79121,79131,10
12.9990797043,80.2169876099,79131,79141,10
12.9983701706,80.2166290283,79141,79151,10
12.9977998734,80.2165222168,79151,79161,10
12.9974803925,80.216468811,79161,79212,51
12.9974803925,80.216468811,79212,79222,10
12.996919632,80.2165222168,79222,79232,10
12.9964103699,80.2165985107,79232,79242,10
12.9957895279,80.2168121338,79242,79252,10
12.9949598312,80.2171478271,79252,79262,10
12.994310379,80.2175674438,79262,79272,10
12.9938497543,80.2178573608,79272,79282,10
12.9933795929,80.2182998657,79282,79292,10
12.9927101135,80.2188034058,79292,79302,10
12.9918699265,80.2194290161,79302,79313,11
12.9911403656,80.2200012207,79313,79323,10
12.9908599854,80.2202224731,79323,79343,20
12.9908599854,80.2202224731,79343,79353,10
12.9905099869,80.2203979492,79353,79363,10
12.9899196625,80.2208786011,79363,79373,10
12.9894599915,80.2213516235,79373,79383,10
12.989159584,80.2217788696,79383,79393,10
12.9887399673,80.2222366333,79393,79403,10
12.9882497787,80.2227478027,79403,79413,10
12.9876899719,80.2230987549,79413,79424,11
12.9873104095,80.2230987549,79424,79434,10
12.9871797562,80.2230987549,79434,79444,10
12.9869804382,80.2230606079,79444,79454,10
12.9866600037,80.2229995728,79454,79464,10
12.9863395691,80.2230224609,79464,79474,10
12.9857196808,80.2230606079,79474,79484,10
12.9852800369,80.2233200073,79484,79494,10
12.9847402573,80.2230911255,79494,79504,10
12.9842700958,80.2227630615,79504,79514,10
12.9836902618,80.2224502563,79514,79524,10
12.9832801819,80.2221679688,79524,79535,11
12.9831695557,80.2221221924,79535,79545,10
12.983039856,80.2220230103,79545,79555,10
12.9827899933,80.2219161987,79555,79565,10
12.9823999405,80.2218017578,79565,79575,10
12.9818096161,80.2215423584,79575,79585,10
12.9811000824,80.2210998535,79585,79595,10
12.9805202484,80.2210388184,79595,79605,10
12.9798297882,80.2210922241,79605,79615,10
12.9791603088,80.2211380005,79615,79625,10
12.9784202576,80.2212295532,79625,79635,10
12.9776096344,80.2212371826,79635,79646,11
12.9768800735,80.2212600708,79646,79656,10
12.9764995575,80.2211914063,79656,79666,10
12.9762096405,80.2215881348,79666,79686,20
12.9762096405,80.2215881348,79686,79696,10
12.9762496948,80.2217407227,79696,79706,10
12.9764699936,80.2220611572,79706,79716,10
12.976849556,80.2226715088,79716,79726,10
12.9772396088,80.2232971191,79726,79736,10
12.977689743,80.2239837646,79736,79746,10
12.9781198502,80.2246932983,79746,79757,11
12.9785299301,80.2253570557,79757,79767,10
12.9788599014,80.2259216309,79767,79777,10
12.9792203903,80.2264785767,79777,79787,10
12.9795598984,80.2270126343,79787,79797,10
12.9799003601,80.2276611328,79797,79807,10
12.9802799225,80.2282562256,79807,79817,10
12.9806203842,80.2287979126,79817,79827,10
12.9808797836,80.2291793823,79827,79837,10
12.981180191,80.2297134399,79837,79847,10
12.9815502167,80.2303390503,79847,79857,10
12.9816598892,80.2305526733,79857,79867,10
12.9817304611,80.230682373,79867,79878,11
12.9819002151,80.2311630249,79878,79888,10
12.9819803238,80.2320404053,79888,79898,10
12.981880188,80.2326812744,79898,79908,10
12.9816198349,80.2333068848,79908,79918,10
12.9815196991,80.2335281372,79918,79928,10
12.981470108,80.2336502075,79928,79938,10
12.981300354,80.2340927124,79938,79948,10
12.9811897278,80.2348022461,79948,79958,10
12.9811897278,80.2356796265,79958,79968,10
12.9812097549,80.2366867065,79968,79978,10
12.9812602997,80.2376098633,79978,79989,11
12.9812803268,80.2379226685,79989,79999,10
12.981300354,80.238243103,79999,80009,10
12.9812898636,80.2386169434,80009,80019,10
12.981300354,80.2386398315,80019,80029,10
12.9812898636,80.2390594482,80029,80039,10
12.9813098907,80.2393798828,80039,80049,10
12.9813404083,80.2397384644,80049,80058,9
12.9813699722,80.2402572632,80058,80069,11
12.9813499451,80.2410736084,80069,80079,10
12.9813404083,80.2420578003,80079,80089,10
12.9813804626,80.2428817749,80089,80110,21
12.9813804626,80.2428817749,80110,80120,10
12.9813699722,80.243057251,80120,80130,10
12.9813899994,80.2433395386,80130,80140,10
12.9813404083,80.2437362671,80140,80150,10
12.9812097549,80.2444992065,80150,80160,10
12.9810600281,80.2456436157,80160,80170,10
12.980919838,80.2468566895,80170,80180,10
12.9807901382,80.2481307983,80180,80190,10
12.9806900024,80.2492218018,80190,80200,10
12.980509758,80.2503204346,80200,80211,11
12.9801998138,80.2515716553,80211,80221,10
12.9800395966,80.2522583008,80221,80241,20
12.9800395966,80.2522583008,80241,80251,10
12.980050087,80.252456665,80251,80261,10
12.9801397324,80.252532959,80261,80301,40
12.9801397324,80.252532959,80301,80311,10
12.9809398651,80.2526016235,80311,80352,41
12.9809398651,80.2526016235,80352,80362,10
12.9812898636,80.2524795532,80362,80372,10
12.9816904068,80.2524871826,80372,80382,10
12.9821100235,80.2524871826,80382,80392,10
12.9823904037,80.252456665,80392,80443,51
12.9823904037,80.252456665,80443,80453,10
12.9825496674,80.2524414063,80453,80463,10
12.9826002121,80.2524414063,80463,80473,10
12.9826097488,80.252456665,80473,80483,10
12.9828796387,80.2524414063,80483,80493,10
12.9832401276,80.2524185181,80493,80503,10
12.983420372,80.2524414063,80503,80533,30
12.983499527,80.2523574829,80533,80574,41
12.9835996628,80.2524032593,80574,80614,40
12.9835996628,80.2524032593,80614,80624,10
12.9841003418,80.252243042,80624,80745,121
12.9841003418,80.252243042,80745,80755,10
12.9842395782,80.2521972656,80755,80765,10
12.9846801758,80.2520675659,80765,80776,11
12.9850702286,80.2519607544,80776,80846,70
12.9850702286,80.2519607544,80846,80856,10
12.9851903915,80.2519226074,80856,80866,10
12.985329628,80.2518768311,80866,80876,10
12.9855804443,80.2518615723,80876,80886,10
12.9856700897,80.2518463135,80886,80897,11
12.9858598709,80.2517623901,80897,80907,10
12.9862203598,80.251663208,80907,80955,48
12.9862203598,80.251663208,80955,80965,10
12.9864597321,80.2516403198,80965,80975,10
12.9866695404,80.2515563965,80975,80985,10
12.9869298935,80.2514801025,80985,80995,10
12.987159729,80.2514266968,80995,81006,11
12.9873600006,80.2513580322,81006,81026,20
12.9875001907,80.2512969971,81026,81086,60
12.9875001907,80.2512969971,81086,81096,10
12.9875898361,80.2512588501,81096,81106,10
12.9877796173,80.2512435913,81106,81117,11
12.9879302979,80.251701355,81117,81127,10
12.9879903793,80.2523727417,81127,81137,10
12.9878797531,80.2534866333,81137,81147,10
12.9877796173,80.2546081543,81147,81157,10
12.9876804352,80.2553787231,81157,81167,10
12.9877099991,80.255607605,81167,81177,10
12.987859726,80.2558135986,81177,81187,10
12.9880800247,80.255821228,81187,81197,10
12.9883203506,80.2558135986,81197,81207,10
12.9886398315,80.255897522,81207,81217,10
12.9890003204,80.2559280396,81217,81228,11
12.9895801544,80.2559509277,81228,81238,10
12.9901800156,80.255897522,81238,81248,10
12.9904003143,80.255859375,81248,81258,10
12.9908895493,80.2559204102,81258,81268,10
12.9915103912,80.2559967041,81268,81278,10
12.9923000336,80.2559661865,81278,81288,10
12.992939949,80.2558670044,81288,81298,10
12.9935102463,80.255859375,81298,81308,10
12.9943304062,80.2557678223,81308,81318,10
12.9954099655,80.2557983398,81318,81339,21
12.9954099655,80.2557983398,81339,81349,10
12.9955701828,80.255859375,81349,81359,10
12.9959096909,80.2558898926,81359,81369,10
12.9961900711,80.2559509277,81369,81379,10
12.9963903427,80.2559127808,81379,81389,10
12.996629715,80.2558288574,81389,81409,20
12.996629715,80.2558288574,81409,81419,10
12.9970302582,80.2557983398,81419,81429,10
12.9975404739,80.2558288574,81429,81460,31
12.9975404739,80.2558288574,81460,81470,10
12.9977397919,80.2562484741,81470,81480,10
12.9977197647,80.2567596436,81480,81631,151
12.9976997375,80.256942749,81631,81712,81
12.9976396561,80.2571334839,81712,81883,171
12.9976396561,80.2571334839,81883,81893,10
12.9976997375,80.257232666,81893,81904,11
12.9980096817,80.2570571899,81904,81914,10
12.9979801178,80.2569198608,81914,81924,10
12.9979400635,80.256942749,81924,83155,1231
12.9982500076,80.2570800781,83155,83185,30
12.9979400635,80.2570114136,83185,84507,1322
12.9980201721,80.2570114136,84507,86225,1718
12.9977798462,80.2570877075,86225,86361,136
12.9977798462,80.2570877075,86361,86371,10
