13.0141201019,80.2256698608,19,3242,3223
13.0142498016,80.2256698608,3242,3696,454
13.0141801834,80.2257080078,3696,7222,3526
13.0141296387,80.2257385254,7222,7878,656
13.0141601563,80.225692749,7878,18064,10186
13.0142002106,80.2256622314,18064,18286,222
13.0142498016,80.2257003784,18286,20005,1719
13.0141897202,80.2256622314,20005,20601,596
13.0141897202,80.2256622314,20601,20612,11
13.0142602921,80.2258834839,20612,21238,626
13.0142698288,80.2259597778,21238,21309,71
13.0142698288,80.2259597778,21309,21319,10
13.0142602921,80.2261581421,21319,21329,10
13.0141496658,80.2263031006,21329,21339,10
13.0136299133,80.2264785767,21339,21349,10
13.0129003525,80.2267608643,21349,21359,10
13.0121002197,80.2270812988,21359,21369,10
13.0113601685,80.2273864746,21369,21379,10
13.0106697083,80.2276763916,21379,21389,10
13.0098800659,80.2279586792,21389,21400,11
13.0095796585,80.2274475098,21400,21410,10
13.0099201202,80.2267227173,21410,21420,10
13.0103197098,80.2257919312,21420,21430,10
13.0107698441,80.2247467041,21430,21440,10
13.0111904144,80.2237625122,21440,21450,10
13.0115604401,80.2227478027,21450,21460,10
13.0119400024,80.2217102051,21460,21470,10
13.0120401382,80.2207565308,21470,21480,10
13.0117301941,80.2197189331,21480,21490,10
13.0114097595,80.2186584473,21490,21501,11
13.0109596252,80.2175216675,21501,21511,10
13.0106201172,80.2167205811,21511,21521,10
13.0102396011,80.2160568237,21521,21531,10
13.0098400116,80.2152404785,21531,21541,10
13.0093402863,80.2145690918,21541,21551,10
13.008769989,80.2137832642,21551,21561,10
13.0081796646,80.2133331299,21561,21591,30
13.0081796646,80.2133331299,21591,21602,11
13.008020401,80.2132492065,21602,21612,10
13.0077695847,80.2130432129,21612,21622,10
13.0072002411,80.2127990723,21622,21632,10
13.0064296722,80.2127609253,21632,21642,10
13.0056800842,80.2129364014,21642,21652,10
13.0048503876,80.2124023438,21652,21662,10
13.0037899017,80.212059021,21662,21672,10
13.0031099319,80.212059021,21672,21682,10
13.0025196075,80.2121200562,21682,21692,10
13.001999855,80.2124023438,21692,21702,10
13.0013399124,80.212890625,21702,21713,11
13.0004701614,80.2136230469,21713,21723,10
12.999879837,80.2141571045,21723,21733,10
12.9995002747,80.2144775391,21733,21743,10
12.9991903305,80.2147521973,21743,21753,10
12.9989404678,80.2149581909,21753,21763,10
12.9984397888,80.2153778076,21763,21773,10
12.9977302551,80.2160110474,21773,21783,10
12.9974498749,80.216293335,21783,21794,11
12.997209549,80.216506958,21794,21804,10
12.9969396591,80.2165374756,21804,21814,10
12.9963598251,80.2165908813,21814,21824,10
12.9954900742,80.2168273926,21824,21834,10
12.9947099686,80.2173233032,21834,21844,10
12.9940795898,80.2177810669,21844,21854,10
12.9933795929,80.2182388306,21854,21864,10
12.9925603867,80.2188415527,21864,21874,10
12.9918003082,80.2194137573,21874,21884,10
12.9909801483,80.2200164795,21884,21895,11
12.9907903671,80.2201919556,21895,21905,10
12.9904603958,80.2204208374,21905,21915,10
12.9899301529,80.2208709717,21915,21925,10
12.9893798828,80.2215576172,21925,21935,10
12.9888095856,80.2222671509,21935,21945,10
12.9880504608,80.2229385376,21945,21955,10
12.9875602722,80.2230911255,21955,21965,10
12.9870300293,80.2230224609,21965,21975,10
12.9863300323,80.2229537964,21975,21985,10
12.9856300354,80.2230987549,21985,21996,11
12.9850597382,80.2232208252,21996,22006,10
12.9843797684,80.2228393555,22006,22016,10
12.9836902618,80.2224502563,22016,22026,10
12.9833498001,80.2222213745,22026,22036,10
12.9831600189,80.2220993042,22036,22046,10
12.9828796387,80.2219924927,22046,22056,10
12.9826898575,80.2219161987,22056,22066,10
12.9824199677,80.2218399048,22066,22076,10
12.9819498062,80.2215576172,22076,22086,10
12.9812402725,80.2211227417,22086,22097,11
12.9800796509,80.2210998535,22097,22107,10
12.9789400101,80.2211685181,22107,22117,10
12.9779596329,80.2211914063,22117,22127,10
12.9771203995,80.2212600708,22127,22137,10
12.9762802124,80.221282959,22137,22147,10
12.9759197235,80.2212677002,22147,22157,10
12.9756202698,80.2210006714,22157,22167,10
12.9756002426,80.2209777832,22167,22177,10
12.9755296707,80.2208862305,22177,22187,10
12.9750995636,80.2206420898,22187,22198,11
12.9742803574,80.2202835083,22198,22214,16
12.9726896286,80.2196578979,22214,22226,12
12.9714097977,80.2191772461,22226,22235,9
12.9705696106,80.2188415527,22235,22246,11
12.9693403244,80.2183532715,22246,22256,10
12.9683799744,80.217956543,22256,22266,10
12.9674596786,80.2176132202,22266,22275,9
12.9665298462,80.2172622681,22275,22287,12
12.9652204514,80.2167434692,22287,22297,10
12.9641399384,80.216293335,22297,22307,10
12.9637298584,80.2161178589,22307,22317,10
12.9632997513,80.2158966064,22317,22327,10
12.9625797272,80.2156066895,22327,22337,10
12.9616699219,80.2152633667,22337,22347,10
12.9607095718,80.214881897,22347,22357,10
12.9597797394,80.2145309448,22357,22367,10
12.9589099884,80.2141571045,22367,22377,10
12.9580001831,80.2137985229,22377,22388,11
12.9570198059,80.2134017944,22388,22398,10
12.9560003281,80.2129974365,22398,22407,9
12.9550304413,80.2126312256,22407,22418,11
12.9538402557,80.2121734619,22418,22428,10
12.9527702332,80.211730957,22428,22438,10
12.9517002106,80.2113037109,22438,22448,10
12.950630188,80.2108688354,22448,22458,10
12.9496297836,80.2104721069,22458,22468,10
12.948679924,80.2100982666,22468,22478,10
12.9477500916,80.2097320557,22478,22489,11
12.9464702606,80.2092437744,22489,22499,10
12.9452896118,80.2087783813,22499,22509,10
12.9443902969,80.2084274292,22509,22519,10
12.9442100525,80.2083587646,22519,22529,10
12.9437398911,80.208152771,22529,22539,10
12.9430799484,80.2077789307,22539,22549,10
12.9424695969,80.20703125,22549,22559,10
12.941619873,80.2063293457,22559,22569,10
12.9410896301,80.2060394287,22569,22580,11
12.9407596588,80.2058792114,22580,22590,10
12.9401102066,80.2056808472,22590,22600,10
12.9393196106,80.2054367065,22600,22610,10
12.9384002686,80.2051620483,22610,22620,10
12.9373598099,80.2048568726,22620,22630,10
12.9362602234,80.204536438,22630,22639,9
12.9352998734,80.2041778564,22639,22649,10
12.9342403412,80.2039413452,22649,22659,10
12.9337997437,80.2039413452,22659,22670,11
12.933549881,80.203918457,22670,22681,11
12.9329395294,80.2037124634,22681,22691,10
12.9321899414,80.2034378052,22691,22701,10
12.9312896729,80.2031326294,22701,22711,10
12.9303302765,80.20287323,22711,22721,10
12.9294099808,80.2027511597,22721,22731,10
12.928560257,80.2025299072,22731,22741,10
12.9284801483,80.2016220093,22741,22751,10
12.928440094,80.2004776001,22751,22761,10
12.9281997681,80.1993484497,22761,22771,10
12.9276399612,80.198348999,22771,22782,11
12.9265699387,80.1976623535,22782,22792,10
12.9256801605,80.197517395,22792,22802,10
12.925359726,80.197517395,22802,22812,10
12.9248199463,80.197517395,22812,22828,16
12.92345047,80.197479248,22828,22840,12
12.9221601486,80.197303772,22840,22850,10
12.9213199615,80.1970291138,22850,22860,10
12.9201202393,80.1966018677,22860,22870,10
12.9193096161,80.1962280273,22870,22881,11
12.9186897278,80.1957168579,22881,22891,10
12.9181003571,80.1951828003,22891,22901,10
12.9174404144,80.1945800781,22901,22911,10
12.9171104431,80.1941604614,22911,22921,10
12.9169797897,80.1934585571,22921,22931,10
12.9170799255,80.1928405762,22931,22941,10
12.9171800613,80.1921615601,22941,22951,10
12.91726017,80.191619873,22951,22961,10
12.9173002243,80.1914367676,22961,22971,10
12.9173603058,80.1909713745,22971,22982,11
12.9174203873,80.1901626587,22982,22992,10
12.917719841,80.1892318726,22992,23002,10
12.9183702469,80.1883163452,23002,23012,10
12.9191799164,80.1874237061,23012,23022,10
12.9200000763,80.1864700317,23022,23032,10
12.9205799103,80.1855392456,23032,23042,10
12.9203596115,80.184463501,23042,23052,10
12.9201698303,80.1835784912,23052,23062,10
12.9199800491,80.1826477051,23062,23072,10
12.9197301865,80.181602478,23072,23083,11
12.9194803238,80.1804275513,23083,23093,10
12.919210434,80.179397583,23093,23103,10
12.9188098907,80.1787872314,23103,23113,10
12.9183101654,80.1781082153,23113,23123,10
12.9182796478,80.1771087646,23123,23133,10
12.9184799194,80.1760787964,23133,23143,10
12.9187097549,80.1751403809,23143,23153,10
12.9189500809,80.1741027832,23153,23163,10
12.9192495346,80.172958374,23163,23173,10
12.919549942,80.1718826294,23173,23184,11
12.9199399948,80.1706466675,23184,23194,10
12.9202899933,80.1694793701,23194,23210,16
12.9209003448,80.1675567627,23210,23222,12
12.9213600159,80.1661071777,23222,23232,10
12.9217500687,80.164932251,23232,23242,10
12.9221096039,80.1637802124,23242,23252,10
12.9224500656,80.1626663208,23252,23262,10
12.9228000641,80.1615829468,23262,23273,11
12.9231004715,80.1605911255,23273,23283,10
12.9231700897,80.1604003906,23283,23293,10
12.9233198166,80.1598205566,23293,23302,9
12.9234199524,80.1590194702,23302,23313,11
12.9235200882,80.1578903198,23313,23323,10
12.9236402512,80.1565628052,23323,23333,10
12.9235897064,80.1555328369,23333,23343,10
12.9234199524,80.1550216675,23343,23353,10
12.9233798981,80.1548309326,23353,23363,10
12.9232597351,80.1542816162,23363,23374,11
12.92304039,80.1534118652,23374,23384,10
12.9227800369,80.1524581909,23384,23394,10
12.9226799011,80.1516799927,23394,23404,10
12.9226398468,80.1507415771,23404,23416,12
12.9226102829,80.1493835449,23416,23426,10
12.9225702286,80.1482391357,23426,23435,9
12.922539711,80.1473617554,23435,23446,11
12.922539711,80.1461105347,23446,23456,10
12.9224996567,80.1449584961,23456,23467,11
12.9224796295,80.1437301636,23467,23478,11
12.9224500656,80.143119812,23478,23508,30
12.9224500656,80.143119812,23508,23518,10
12.9224395752,80.1429901123,23518,23528,10
12.9224300385,80.1424865723,23528,23538,10
12.9223899841,80.1417236328,23538,23548,10
12.922369957,80.1414031982,23548,23558,10
12.922369957,80.1409225464,23558,23569,11
12.9223804474,80.1400604248,23569,23579,10
12.9223804474,80.1390609741,23579,23589,10
12.9224596024,80.1379394531,23589,23599,10
12.9225196838,80.136756897,23599,23609,10
12.9225702286,80.1355819702,23609,23619,10
12.9226198196,80.1343994141,23619,23629,10
12.922659874,80.1332473755,23629,23639,10
12.9226903915,80.13230896,23639,23649,10
12.9227304459,80.1312637329,23649,23659,10
12.9227800369,80.1301727295,23659,23670,11
12.9228496552,80.1290893555,23670,23680,10
12.9229297638,80.1280517578,23680,23690,10
12.9229803085,80.1269226074,23690,23700,10
12.9229803085,80.1258087158,23700,23710,10
12.9230098724,80.1247787476,23710,23720,10
12.9230604172,80.1236572266,23720,23730,10
12.9231100082,80.1224975586,23730,23740,10
12.9231700897,80.1213607788,23740,23750,10
12.9232501984,80.1204910278,23750,23760,10
12.9232702255,80.1200408936,23760,23771,11
12.9232702255,80.1199798584,23771,23781,10
12.9232997894,80.1195526123,23781,23791,10
12.9233198166,80.118812561,23791,23800,9
12.9233903885,80.117980957,23800,23810,10
12.9234895706,80.1171112061,23810,23821,11
12.9234895706,80.1169281006,23821,23831,10
12.9236402512,80.1169433594,23831,23841,10
12.9235401154,80.1173324585,23841,23851,10
12.9236602783,80.11769104,23851,23862,11
12.9235801697,80.1183700562,23862,23872,10
12.9235401154,80.1190490723,23872,23882,10
12.9234399796,80.119682312,23882,23892,10
12.9233598709,80.1204071045,23892,23902,10
12.9233598709,80.1210021973,23902,23922,20
12.923330307,80.1211776733,23922,25132,1210
12.923330307,80.1211776733,25132,25142,10
12.9232702255,80.1214370728,25142,25153,11
12.9232397079,80.121711731,25153,25163,10
12.9231996536,80.1222991943,25163,25173,10
12.9231700897,80.1231231689,25173,25183,10
12.9231395721,80.1240768433,25183,25193,10
12.9230699539,80.1250762939,25193,25203,10
12.9230499268,80.1255569458,25203,25213,10
12.9230003357,80.1261901855,25213,25223,10
12.9229803085,80.1270904541,25223,25233,10
12.9229402542,80.1278686523,25233,25243,10
12.9228897095,80.1286697388,25243,25254,11
12.9228496552,80.1296081543,25254,25264,10
12.9228200912,80.1304168701,25264,25274,10
12.9228200912,80.1311569214,25274,25284,10
12.9228096008,80.1312026978,25284,25294,10
12.9228000641,80.1315917969,25294,25304,10
12.9227600098,80.1323013306,25304,25314,10
12.9227399826,80.133140564,25314,25324,10
12.9226999283,80.1340179443,25324,25334,10
12.9226398468,80.1349334717,25334,25344,10
12.9225797653,80.1360168457,25344,25355,11
12.9225196838,80.137298584,25355,25365,10
12.9224596024,80.1384506226,25365,25375,10
12.9223899841,80.1396026611,25375,25385,10
12.922419548,80.1405563354,25385,25395,10
12.9224395752,80.1415328979,25395,25405,10
12.9224796295,80.142539978,25405,25415,10
12.9225502014,80.1433868408,25415,25425,10
12.9225702286,80.1435699463,25425,25435,10
12.9225702286,80.1436080933,25435,25446,11
12.9225597382,80.1439819336,25446,25456,10
12.9225702286,80.1446228027,25456,25466,10
12.9225902557,80.1454925537,25466,25476,10
12.9226303101,80.1465072632,25476,25486,10
12.922659874,80.1473083496,25486,25496,10
12.9226799011,80.1475219727,25496,25506,10
12.922659874,80.1480865479,25506,25516,10
12.9226398468,80.1489334106,25516,25526,10
12.9226903915,80.1499786377,25526,25536,10
12.922750473,80.1513366699,25536,25557,21
12.922750473,80.1513366699,25557,25567,10
12.9227695465,80.1514205933,25567,25577,10
12.9228000641,80.1516723633,25577,25587,10
12.9227895737,80.1518478394,25587,25597,10
12.9228096008,80.1521377563,25597,25607,10
12.9228696823,80.1524963379,25607,25617,10
12.9230298996,80.153137207,25617,25627,10
12.9232397079,80.1539382935,25627,25637,10
12.9234304428,80.1546020508,25637,25648,11
12.92345047,80.1546936035,25648,25658,10
12.9235200882,80.1550216675,25658,25668,10
12.9236602783,80.1556472778,25668,25678,10
12.9237003326,80.1565170288,25678,25687,9
12.9236097336,80.1575088501,25687,25698,11
12.9234895706,80.1587677002,25698,25708,10
12.9233999252,80.159866333,25708,25718,10
12.9233102798,80.1604232788,25718,25728,10
12.9232902527,80.1604995728,25728,25739,11
12.9231395721,80.1608505249,25739,25749,10
12.9229297638,80.1614990234,25749,25759,10
12.9226503372,80.1623764038,25759,25769,10
12.9223203659,80.1634597778,25769,25779,10
12.9219503403,80.1646194458,25779,25789,10
12.9215602875,80.165802002,25789,25799,10
12.9211597443,80.1669616699,25799,25809,10
12.9208297729,80.1681594849,25809,25819,10
12.9204797745,80.1692810059,25819,25828,9
12.9201698303,80.1702728271,25828,25840,12
12.9199199677,80.1710205078,25840,25850,10
12.9199104309,80.1711196899,25850,25860,10
12.9197998047,80.1714096069,25860,25870,10
12.9195995331,80.1719512939,25870,25880,10
12.9194002151,80.1727294922,25880,25890,10
12.9191703796,80.1735992432,25890,25900,10
12.9189395905,80.174621582,25900,25910,10
12.9186897278,80.1757125854,25910,25920,10
12.918419838,80.1768798828,25920,25930,10
12.9183597565,80.1780471802,25930,25941,11
12.9187602997,80.1786727905,25941,25951,10
12.9188995361,80.178817749,25951,25961,10
12.9191799164,80.1792373657,25961,25971,10
12.9194602966,80.179977417,25971,25981,10
12.919670105,80.1810073853,25981,25997,16
12.9200897217,80.1828613281,25997,26009,12
12.9203701019,80.1839904785,26009,26017,8
12.9204597473,80.1844787598,26017,26029,12
12.9206695557,80.1853179932,26029,26039,10
12.9206800461,80.1854019165,26039,26050,11
12.9206600189,80.1856613159,26050,26060,10
12.9204597473,80.1861114502,26060,26070,10
12.919960022,80.1866989136,26070,26080,10
12.9193601608,80.1873703003,26080,26090,10
12.9187402725,80.1880722046,26090,26100,10
12.9179897308,80.1889038086,26100,26110,10
12.9175395966,80.1899490356,26110,26120,10
12.9174499512,80.1904525757,26120,26130,10
12.9173803329,80.1909484863,26130,26141,11
12.9172697067,80.1918182373,26141,26151,10
12.9171304703,80.1930923462,26151,26171,20
12.9171304703,80.1930923462,26171,26181,10
12.917140007,80.1931304932,26181,26191,10
12.9171304703,80.1934890747,26191,26201,10
12.9172401428,80.1941375732,26201,26211,10
12.9177598953,80.1947784424,26211,26221,10
12.9184799194,80.1954421997,26221,26231,10
12.9192800522,80.1961288452,26231,26242,11
12.9203596115,80.1966400146,26242,26252,10
12.921210289,80.1968994141,26252,26262,10
12.9220895767,80.1971969604,26262,26272,10
12.9230298996,80.1973419189,26272,26282,10
12.9232196808,80.1973724365,26282,26292,10
12.9236097336,80.1974182129,26292,26302,10
12.9242296219,80.1974487305,26302,26312,10
12.9250497818,80.1974411011,26312,26322,10
12.9254102707,80.1974487305,26322,26332,10
12.9259300232,80.1974563599,26332,26343,11
12.9267396927,80.1976318359,26343,26353,10
12.9275398254,80.1981124878,26353,26363,10
12.9281101227,80.1990127563,26363,26373,10
12.9284696579,80.2001037598,26373,26383,10
12.9285402298,80.2012786865,26383,26393,10
12.9285802841,80.2022781372,26393,26403,10
12.9291200638,80.2026824951,26403,26413,10
12.9294700623,80.2027282715,26413,26423,10
12.9295396805,80.2027587891,26423,26433,10
12.9299602509,80.2027893066,26433,26444,11
12.9307498932,80.2029037476,26444,26460,16
12.9321498871,80.2033615112,26460,26472,12
12.9332895279,80.203742981,26472,26482,10
12.9339504242,80.2038574219,26482,26502,20
12.9339504242,80.2038574219,26502,26512,10
12.9340801239,80.2038879395,26512,26522,10
12.9345598221,80.2039337158,26522,26532,10
12.9352397919,80.2040863037,26532,26543,11
12.9361200333,80.2044219971,26543,26553,10
12.9370002747,80.2046813965,26553,26562,9
12.9378404617,80.2049179077,26562,26573,11
12.9388999939,80.2052307129,26573,26583,10
12.9398002625,80.2055206299,26583,26593,10
12.939909935,80.2055511475,26593,26603,10
12.9400100708,80.205581665,26603,26613,10
12.940369606,80.2056808472,26613,26623,10
12.9408998489,80.2058563232,26623,26633,10
12.9414596558,80.2061462402,26633,26644,11
12.9421796799,80.2066574097,26644,26654,10
12.9428100586,80.20728302,26654,26664,10
12.9434404373,80.2079696655,26664,26674,10
12.9442501068,80.2082824707,26674,26694,20
12.9442501068,80.2082824707,26694,26704,10
12.9444999695,80.2083892822,26704,26714,10
12.9450101852,80.2085800171,26714,26724,10
12.945690155,80.2088470459,26724,26735,11
12.9464998245,80.2091598511,26735,26745,10
12.9470996857,80.2093963623,26745,26755,10
12.947640419,80.2096176147,26755,26765,10
12.9481897354,80.2098388672,26765,26775,10
12.9487895966,80.210067749,26775,26785,10
12.9495897293,80.2103729248,26785,26795,10
12.9505195618,80.2107391357,26795,26805,10
12.9515600204,80.2111282349,26805,26815,10
12.9525995255,80.2115402222,26815,26825,10
12.9535999298,80.2119369507,26825,26836,11
12.954750061,80.2124099731,26836,26846,10
12.9558000565,80.2128219604,26846,26856,10
12.9568595886,80.213218689,26856,26866,10
12.9579200745,80.2136611938,26866,26876,10
12.9589700699,80.2140579224,26876,26886,10
12.9599895477,80.2145004272,26886,26896,10
12.9610300064,80.2149200439,26896,26904,8
12.9618997574,80.2152404785,26904,26916,12
12.9631700516,80.2157287598,26916,26926,10
12.9639902115,80.2160873413,26926,26937,11
12.9649600983,80.216506958,26937,26947,10
12.9658899307,80.2168807983,26947,26957,10
12.9666595459,80.2171936035,26957,26967,10
12.967300415,80.2174377441,26967,26977,10
12.9679002762,80.2176818848,26977,26987,10
12.9684200287,80.217880249,26987,26997,10
12.9692497253,80.2181930542,26997,27007,10
12.9702396393,80.2185974121,27007,27017,10
12.9711503983,80.2189025879,27017,27027,10
12.971280098,80.2189407349,27027,27038,11
12.9713001251,80.2189788818,27038,27048,10
12.9716501236,80.2191390991,27048,27058,10
12.9722003937,80.219367981,27058,27068,10
12.9729204178,80.2196578979,27068,27078,10
12.9737501144,80.2200012207,27078,27088,10
12.974650383,80.2203521729,27088,27098,10
12.9751901627,80.2205810547,27098,27129,31
12.9751901627,80.2205810547,27129,27139,10
12.9753103256,80.2206420898,27139,27149,10
12.9755897522,80.2207794189,27149,27159,10
12.9759197235,80.2211074829,27159,27169,10
12.9762601852,80.2212295532,27169,27188,19
12.9762601852,80.2212295532,27188,27199,11
12.9764995575,80.2212524414,27199,27209,10
12.977060318,80.2212600708,27209,27219,10
12.9778203964,80.2212219238,27219,27230,11
12.9786701202,80.2211685181,27230,27240,10
12.9795303345,80.2210998535,27240,27250,10
12.9804697037,80.2210388184,27250,27260,10
12.9812402725,80.2211303711,27260,27270,10
12.9819202423,80.2215194702,27270,27280,10
12.982509613,80.2218093872,27280,27290,10
12.9829301834,80.2219619751,27290,27300,10
12.9829902649,80.2219772339,27300,27310,10
12.9832496643,80.2221298218,27310,27320,10
12.9836997986,80.2224502563,27320,27331,11
12.9843101501,80.2227935791,27331,27341,10
12.9845399857,80.2229385376,27341,27351,10
12.9850301743,80.2231903076,27351,27361,10
12.9855604172,80.2231521606,27361,27371,10
12.9862203598,80.2229385376,27371,27381,10
12.9870500565,80.2230377197,27381,27391,10
12.9880104065,80.2229537964,27391,27401,10
12.9888000488,80.2222824097,27401,27411,10
12.9890499115,80.2219772339,27411,27421,10
12.9893398285,80.2216491699,27421,27432,11
12.9898099899,80.2209777832,27432,27441,9
12.9903402328,80.220451355,27441,27452,11
12.9905004501,80.2203292847,27452,27462,10
12.9906797409,80.2201919556,27462,27472,10
12.9909496307,80.2199783325,27472,27482,10
12.9911804199,80.2197799683,27482,27492,10
12.9915399551,80.2194900513,27492,27502,10
12.9920797348,80.2191390991,27502,27512,10
12.9927196503,80.2186813354,27512,27522,10
12.9934997559,80.2181015015,27522,27533,11
12.994310379,80.2175216675,27533,27543,10
12.9949197769,80.2170715332,27543,27553,10
12.9956903458,80.2166595459,27553,27563,10
12.9965496063,80.2164993286,27563,27573,10
12.9969797134,80.2164611816,27573,27583,10
12.9973802567,80.2162704468,27583,27593,10
12.9975996017,80.2160797119,27593,27603,10
12.9976596832,80.2160415649,27603,27613,10
12.9979400635,80.2157669067,27613,27623,10
12.9983797073,80.2153625488,27623,27634,11
12.9990301132,80.2148590088,27634,27644,10
12.9992799759,80.21459198,27644,27654,10
12.9997396469,80.2142105103,27654,27664,10
13.0002002716,80.2138214111,27664,27674,10
13.000749588,80.2133331299,27674,27684,10
13.0014200211,80.2127990723,27684,27694,10
13.0020999908,80.2123184204,27694,27704,10
13.0027799606,80.2120819092,27704,27714,10
13.0035200119,80.212020874,27714,27725,11
13.0041303635,80.2120513916,27725,27735,10
13.0047702789,80.212348938,27735,27745,10
13.0054502487,80.2127380371,27745,27755,10
13.0062198639,80.2127990723,27755,27765,10
13.0071001053,80.2127380371,27765,27775,10
13.0078201294,80.2129669189,27775,27785,10
13.007900238,80.2130508423,27785,27801,16
13.0080795288,80.213180542,27801,27813,12
13.0087003708,80.2135772705,27813,27821,8
13.0091199875,80.2141494751,27821,27834,13
13.0097799301,80.2150726318,27834,27844,10
13.0102500916,80.2157516479,27844,27854,10
13.0107402802,80.2165298462,27854,27864,10
13.0110797882,80.2173995972,27864,27874,10
13.011469841,80.2183837891,27874,27884,10
13.0119104385,80.2197036743,27884,27894,10
13.012339592,80.2209472656,27894,27904,10
13.0124902725,80.2216110229,27904,27914,10
13.0126800537,80.2219314575,27914,27925,11
13.0129899979,80.2222976685,27925,27935,10
13.0134801865,80.2228088379,27935,27945,10
13.0140104294,80.2233200073,27945,27955,10
13.0145397186,80.2238769531,27955,27965,10
13.0153198242,80.2248535156,27965,27985,20
13.0153198242,80.2248535156,27985,27995,10
13.0155096054,80.2249832153,27995,28005,10
13.0155601501,80.2250137329,28005,28015,10
13.015709877,80.2251205444,28015,28026,11
13.0162801743,80.2253189087,28026,28036,10
13.0170698166,80.2250976563,28036,28046,10
13.017999649,80.2247314453,28046,28056,10
13.0190000534,80.224357605,28056,28066,10
13.0195503235,80.2244262695,28066,28076,10
13.0199203491,80.2246398926,28076,28086,10
13.020409584,80.2250213623,28086,28096,10
13.020939827,80.2253799438,28096,28106,10
13.0213499069,80.2257080078,28106,28117,11
13.0219402313,80.2260971069,28117,28127,10
13.0219697952,80.2261199951,28127,28137,10
13.0220804214,80.2261962891,28137,28147,10
13.0224599838,80.2265396118,28147,28157,10
13.0229997635,80.2270202637,28157,28167,10
13.0236597061,80.2276229858,28167,28177,10
13.0242099762,80.2282562256,28177,28187,10
13.0243501663,80.2284622192,28187,28197,10
13.0243902206,80.2285003662,28197,28207,10
13.0246200562,80.2288208008,28207,28218,11
13.0250997543,80.2294311523,28218,28228,10
13.025639534,80.2301712036,28228,28238,10
13.0260295868,80.2310714722,28238,28248,10
13.0263900757,80.2313079834,28248,28258,10
13.0271100998,80.2311172485,28258,28268,10
13.0279903412,80.2309494019,28268,28278,10
13.0289201736,80.2308578491,28278,28288,10
13.0294399261,80.2308273315,28288,28297,9
13.0299501419,80.2307662964,28297,28308,11
13.0306301117,80.2306976318,28308,28329,21
13.0306301117,80.2306976318,28329,28339,10
13.030960083,80.230682373,28339,28349,10
13.0311803818,80.2306594849,28349,28359,10
13.0314302444,80.2306594849,28359,28369,10
13.0319795609,80.2306518555,28369,28379,10
13.0327596664,80.2305679321,28379,28389,10
13.0336799622,80.2304916382,28389,28399,10
13.0345602036,80.2303924561,28399,28409,10
13.0349397659,80.230178833,28409,28420,11
13.0348796844,80.2299880981,28420,28813,393
13.0347299576,80.2298965454,28813,28914,101
13.0347204208,80.2299423218,28914,29369,455
13.0347204208,80.2299423218,29369,29379,10
13.0344495773,80.2299575806,29379,29500,121
13.0342798233,80.2298431396,29500,29642,142
13.0342998505,80.229888916,29642,29884,242
13.0342998505,80.229888916,29884,29894,10
13.0341701508,80.2303237915,29894,29904,10
13.0341596603,80.2303771973,29904,29915,11
13.0339403152,80.2304000854,29915,29925,10
13.0334796906,80.2304229736,29925,29935,10
13.0327196121,80.2304992676,29935,29945,10
13.0319404602,80.2305908203,29945,29955,10
13.0311603546,80.2306594849,29955,29965,10
13.0307197571,80.2306976318,29965,29975,10
13.0302495956,80.2307510376,29975,29985,10
13.0297403336,80.2308120728,29985,29995,10
13.0294103622,80.2308425903,29995,30005,10
13.0287904739,80.2308883667,30005,30016,11
13.0279998779,80.2309799194,30016,30026,10
13.0276403427,80.2311019897,30026,30036,10
13.0276699066,80.231590271,30036,30046,10
13.027759552,80.2322998047,30046,30056,10
13.0277795792,80.2328033447,30056,30066,10
13.0269498825,80.2329483032,30066,30104,38
13.0269498825,80.2329483032,30104,30115,11
13.0268602371,80.2329025269,30115,30125,10
13.0266103745,80.2329483032,30125,30135,10
13.0263299942,80.2326507568,30135,30145,10
13.0261297226,80.2319793701,30145,30155,10
13.0260601044,80.2317199707,30155,30165,10
13.0260095596,80.2315368652,30165,30175,10
13.0258398056,80.2309265137,30175,30185,10
13.0254402161,80.230140686,30185,30195,10
13.024889946,80.2294006348,30195,30205,10
13.0246601105,80.2291030884,30205,30216,11
13.0242795944,80.2285995483,30216,30226,10
13.0238103867,80.2280273438,30226,30236,10
13.0231599808,80.2275238037,30236,30286,50
13.0231599808,80.2275238037,30286,30296,10
13.0228796005,80.2273635864,30296,30306,10
13.0226898193,80.2271575928,30306,30317,11
13.0225200653,80.2268218994,30317,30327,10
13.0221004486,80.2264022827,30327,30337,10
13.0214500427,80.2258987427,30337,30347,10
13.0206298828,80.2253036499,30347,30357,10
13.0198602676,80.2247619629,30357,30377,20
13.0198602676,80.2247619629,30377,30387,10
13.0195398331,80.2245864868,30387,30397,10
13.0188102722,80.2245101929,30397,30407,10
13.0179004669,80.224861145,30407,30418,11
13.01679039,80.2253189087,30418,30428,10
13.0160303116,80.2256088257,30428,30438,10
13.015250206,80.2258987427,30438,30448,10
13.0145702362,80.2261810303,30448,30458,10
13.0141401291,80.2264022827,30458,30468,10
13.0140399933,80.2264633179,30468,30478,10
13.0136499405,80.2266082764,30478,30488,10
13.0130300522,80.2267990112,30488,30498,10
13.0122404099,80.2270736694,30498,30509,11
13.0111999512,80.2274627686,30509,30519,10
13.010219574,80.2277908325,30519,30529,10
13.00963974,80.2278366089,30529,30539,10
13.0096302032,80.2273712158,30539,30549,10
13.0099401474,80.2266998291,30549,30559,10
13.0103197098,80.2258377075,30559,30569,10
13.0107603073,80.224822998,30569,30578,9
13.0110797882,80.2240066528,30578,30588,10
13.0113601685,80.2233123779,30588,30599,11
13.0116796494,80.2224884033,30599,30610,11
13.0119304657,80.2216873169,30610,30620,10
13.0121002197,80.2213134766,30620,30630,10
13.012140274,80.2209091187,30630,30640,10
13.0119304657,80.2202529907,30640,30650,10
13.0116500854,80.2194213867,30650,30660,10
13.0113601685,80.218536377,30660,30670,10
13.0110502243,80.2177124023,30670,30680,10
13.010720253,80.2168884277,30680,30690,10
13.010310173,80.2161483765,30690,30700,10
13.0099401474,80.2154312134,30700,30711,11
13.0094604492,80.2146987915,30711,30721,10
13.008939743,80.2139816284,30721,30731,10
13.0086297989,80.2136077881,30731,30741,10
13.0086202621,80.2136001587,30741,30751,10
13.0085000992,80.2135162354,30751,30761,10
13.0083999634,80.2134475708,30761,30771,10
13.0083599091,80.2134170532,30771,30781,10
13.0082597733,80.2133789063,30781,30801,20
13.0082597733,80.2133789063,30801,30818,17
13.0079698563,80.213218689,30818,30891,73
13.0078496933,80.2130889893,30891,30912,21
13.0078496933,80.2130889893,30912,30922,10
13.0075798035,80.2128829956,30922,30932,10
13.0071201324,80.2127838135,30932,30942,10
13.0064897537,80.2127609253,30942,30952,10
13.0058403015,80.2129974365,30952,30962,10
13.0052099228,80.2126617432,30962,30972,10
13.0043096542,80.2121963501,30972,30982,10
13.0036201477,80.2120819092,30982,30992,10
13.0030002594,80.2120819092,30992,31002,10
13.0023403168,80.2122116089,31002,31013,11
13.0017499924,80.2126083374,31013,31023,10
13.0012798309,80.2129516602,31023,31033,10
13.0008001328,80.2133712769,31033,31043,10
13.00041008,80.2137298584,31043,31053,10
12.9997596741,80.2142868042,31053,31073,20
12.9997596741,80.2142868042,31073,31083,10
12.9996795654,80.2143173218,31083,31093,10
12.9993801117,80.2145385742,31093,31103,10
12.9991598129,80.2147369385,31103,31114,11
12.9988698959,80.2150115967,31114,31124,10
12.9984302521,80.215461731,31124,31134,10
12.9978504181,80.2159423828,31134,31144,10
12.997469902,80.2162628174,31144,31154,10
12.9974498749,80.2162780762,31154,31164,10
12.9974403381,80.2163009644,31164,31174,10
12.9972000122,80.2165527344,31174,31184,10
12.9966402054,80.2165603638,31184,31194,10
12.995880127,80.2167205811,31194,31204,10
12.9951696396,80.2170181274,31204,31215,11
12.9944896698,80.2174835205,31215,31225,10
12.994099617,80.2177734375,31225,31235,10
12.9937801361,80.2179870605,31235,31245,10
12.993229866,80.2183609009,31245,31255,10
12.9926900864,80.2188110352,31255,31265,10
12.9919595718,80.2193069458,31265,31275,10
12.9913396835,80.2197799683,31275,31285,10
12.9907903671,80.220199585,31285,31305,20
12.9907903671,80.220199585,31305,31316,11
12.9905500412,80.2203292847,31316,31326,10
12.9900798798,80.2207565308,31326,31336,10
12.989569664,80.2213363647,31336,31346,10
12.988940239,80.2220535278,31346,31356,10
12.988120079,80.2228393555,31356,31366,10
12.987279892,80.2230606079,31366,31376,10
12.9864902496,80.2229385376,31376,31386,10
12.9856996536,80.2230072021,31386,31396,10
12.9852695465,80.2232666016,31396,31406,10
12.984629631,80.2229995728,31406,31417,11
12.9840202332,80.2226486206,31417,31427,10
12.9834403992,80.2223205566,31427,31447,20
12.9834403992,80.2223205566,31447,31457,10
12.983420372,80.2222671509,31457,31467,10
12.9830799103,80.2220687866,31467,31477,10
12.982460022,80.2218170166,31477,31487,10
12.9818201065,80.2214508057,31487,31497,10
12.9811296463,80.2210693359,31497,31507,10
12.9801998138,80.2210922241,31507,31517,10
12.9793195724,80.2211532593,31517,31528,11
12.9784698486,80.2211685181,31528,31538,10
12.9778203964,80.2211685181,31538,31548,10
12.9772500992,80.2212219238,31548,31558,10
12.9767904282,80.2212219238,31558,31568,10
12.976099968,80.221321106,31568,31598,30
12.976099968,80.221321106,31598,31608,10
12.9759197235,80.2213287354,31608,31619,11
12.9756603241,80.2210922241,31619,31687,68
12.9756603241,80.2210922241,31687,31697,10
12.9752702713,80.2207717896,31697,31707,10
12.9747400284,80.2205123901,31707,31718,11
12.973950386,80.2201766968,31718,31728,10
12.97315979,80.219871521,31728,31739,11
12.9722700119,80.219543457,31739,31749,10
12.9713602066,80.2192306519,31749,31758,9
12.9710798264,80.2191696167,31758,31769,11
12.9710702896,80.2191619873,31769,31779,10
12.9708595276,80.2190628052,31779,31789,10
12.9704198837,80.218788147,31789,31799,10
12.9698095322,80.2185211182,31799,31809,10
12.9691495895,80.2182617188,31809,31820,11
12.9684295654,80.2179794312,31820,31830,10
12.9677801132,80.2177200317,31830,31840,10
12.9670495987,80.2174301147,31840,31850,10
12.9660196304,80.2170333862,31850,31860,10
12.9648704529,80.2165679932,31860,31870,10
12.9639196396,80.2161636353,31870,31880,10
12.9632196426,80.2158432007,31880,31890,10
12.9624204636,80.2155227661,31890,31900,10
12.9614801407,80.2151565552,31900,31910,10
12.960439682,80.2147521973,31910,31921,11
12.9593296051,80.2143173218,31921,31931,10
12.9582996368,80.2138824463,31931,31941,10
12.9574298859,80.2135467529,31941,31951,10
12.9566001892,80.213218689,31951,31961,10
12.9556303024,80.212852478,31961,31971,10
12.9545898438,80.2124481201,31971,31981,10
12.9537000656,80.2120819092,31981,31991,10
12.9528503418,80.2117614746,31991,32001,10
12.9518899918,80.2113723755,32001,32012,11
12.9507398605,80.2109222412,32012,32022,10
12.9497499466,80.2105178833,32022,32032,10
12.9488801956,80.2101669312,32032,32042,10
12.9480495453,80.2098388672,32042,32052,10
12.9469995499,80.2094192505,32052,32062,10
12.9458198547,80.2089614868,32062,32072,10
12.944729805,80.2085266113,32072,32082,10
12.9441795349,80.2083511353,32082,32102,20
12.9441795349,80.2083511353,32102,32113,11
12.9438400269,80.2081832886,32113,32123,10
12.9432697296,80.2079315186,32123,32133,10
12.9427604675,80.2073898315,32133,32143,10
12.9423398972,80.2069168091,32143,32153,10
12.9417295456,80.2064285278,32153,32163,10
12.9410896301,80.2060623169,32163,32173,10
12.9410400391,80.2060394287,32173,32183,10
12.9406900406,80.2058792114,32183,32193,10
12.9404401779,80.2058029175,32193,32203,10
12.9401102066,80.2057037354,32203,32214,11
12.939499855,80.2055130005,32214,32224,10
12.9388103485,80.205291748,32224,32234,10
12.9380702972,80.2050704956,32234,32244,10
12.9372701645,80.2048416138,32244,32254,10
12.9363498688,80.2045822144,32254,32264,10
12.9355697632,80.2043228149,32264,32274,10
12.9348402023,80.2040100098,32274,32284,10
12.9340200424,80.203918457,32284,32294,10
12.933719635,80.2039108276,32294,32304,10
12.9336500168,80.2039108276,32304,32315,11
12.9332199097,80.2038116455,32315,32325,10
12.9326095581,80.2035598755,32325,32335,10
12.9318799973,80.2033233643,32335,32345,10
12.9310798645,80.2030563354,32345,32355,10
12.9303102493,80.20287323,32355,32365,10
12.9295701981,80.2027893066,32365,32375,10
12.9295101166,80.2027816772,32375,32385,10
12.9292001724,80.2027282715,32385,32395,10
12.9286699295,80.2026290894,32395,32405,10
12.9284696579,80.202003479,32405,32415,10
12.9284496307,80.2013092041,32415,32426,11
12.9284200668,80.2003631592,32426,32436,10
12.9281997681,80.1993789673,32436,32446,10
12.927740097,80.1984481812,32446,32456,10
12.92689991,80.1977615356,32456,32466,10
12.9259500504,80.197517395,32466,32476,10
12.9254999161,80.197517395,32476,32486,10
12.9251804352,80.1975021362,32486,32496,10
12.9245996475,80.1975097656,32496,32506,10
12.9238500595,80.1974868774,32506,32517,11
12.9229001999,80.1973876953,32517,32527,10
12.92208004,80.197303772,32527,32537,10
12.9219799042,80.1972732544,32537,32547,10
12.9216499329,80.1971511841,32547,32557,10
12.9213399887,80.1970367432,32557,32567,10
12.9211397171,80.1969680786,32567,32577,10
12.9208202362,80.1968383789,32577,32587,10
12.92029953,80.1966629028,32587,32597,10
12.9196100235,80.1964187622,32597,32607,10
12.918970108,80.1959762573,32607,32618,11
12.9182300568,80.1953201294,32618,32628,10
12.9175195694,80.1946792603,32628,32638,10
12.9171495438,80.1942901611,32638,32678,40
12.9171495438,80.1942901611,32678,32688,10
12.9170999527,80.1940994263,32688,32698,10
12.9170303345,80.1936035156,32698,32709,11
12.9170303345,80.1929473877,32709,32719,10
12.9170598984,80.1926574707,32719,32729,10
12.9171304703,80.1921920776,32729,32759,30
12.9171304703,80.1921920776,32759,32769,10
12.9172296524,80.1917190552,32769,32789,20
12.9172296524,80.1917190552,32789,32799,10
12.9172801971,80.1913375854,32799,32810,11
12.9172801971,80.1913299561,32810,32820,10
12.9173202515,80.191192627,32820,32830,10
12.9173603058,80.1907119751,32830,32840,10
12.9174499512,80.189956665,32840,32850,10
12.9177598953,80.1891098022,32850,32860,10
12.9183797836,80.1882629395,32860,32870,10
12.9190101624,80.1875610352,32870,32880,10
12.9196796417,80.1867828369,32880,32890,10
12.9203395844,80.1860275269,32890,32900,10
12.9204998016,80.185043335,32900,32910,10
12.9203195572,80.1842422485,32910,32921,11
12.9201097488,80.1832504272,32921,32931,10
12.9199800491,80.1827163696,32931,32941,10
12.919960022,80.1826171875,32941,32951,10
12.9198703766,80.1821517944,32951,32961,10
12.919719696,80.1814575195,32961,32971,10
12.9195404053,80.1806564331,32971,32981,10
12.9193201065,80.1797103882,32981,32991,10
12.9188203812,80.1788101196,32991,33007,16
12.9182596207,80.177230835,33007,33020,13
12.9185600281,80.1757888794,33020,33030,10
12.9188404083,80.1746826172,33030,33040,10
12.9191303253,80.173538208,33040,33050,10
12.9194297791,80.1723632813,33050,33060,10
12.9195699692,80.1717224121,33060,33070,10
12.9196395874,80.1714782715,33070,33079,9
12.9198503494,80.1709594727,33079,33093,14
12.9199399948,80.1705627441,33093,33103,10
12.9201002121,80.1700668335,33103,33114,11
12.9203701019,80.1691818237,33114,33124,10
12.92070961,80.1681289673,33124,33134,10
12.921090126,80.1669769287,33134,33144,10
12.9214696884,80.1658172607,33144,33154,10
12.9218397141,80.164680481,33154,33164,10
12.9221801758,80.1635513306,33164,33187,23
12.9227199554,80.1618270874,33187,33199,12
12.9230203629,80.1608734131,33199,33209,10
12.9231395721,80.1604537964,33209,33220,11
12.9231595993,80.1604003906,33220,33230,10
12.9232902527,80.1599731445,33230,33240,10
12.9233999252,80.1592025757,33240,33249,9
12.9234800339,80.1582794189,33249,33259,10
12.9235696793,80.1573867798,33259,33270,11
12.9236497879,80.1563796997,33270,33280,10
12.9235801697,80.1555709839,33280,33290,10
12.9233999252,80.1549987793,33290,33300,10
12.9233798981,80.1549224854,33300,33310,10
12.9233398438,80.1545791626,33310,33321,11
12.9231901169,80.1539382935,33321,33331,10
12.92304039,80.1531677246,33331,33341,10
12.9228200912,80.1523895264,33341,33351,10
12.9227600098,80.1520309448,33351,33361,10
12.922750473,80.1517181396,33361,33371,10
12.9227104187,80.1510467529,33371,33381,10
12.9226703644,80.1501235962,33381,33391,10
12.9226303101,80.1490631104,33391,33401,10
12.9225902557,80.1480636597,33401,33412,11
12.922539711,80.1473083496,33412,33422,10
12.9225597382,80.1466598511,33422,33432,10
12.9225597382,80.1458587646,33432,33442,10
12.9224996567,80.1448898315,33442,33452,10
12.9224796295,80.1438217163,33452,33462,10
12.9224500656,80.1427993774,33462,33472,10
12.9224395752,80.1422424316,33472,33482,10
12.922419548,80.1416168213,33482,33492,10
12.9223899841,80.1413803101,33492,33502,10
12.9223899841,80.1413192749,33502,33513,11
12.9223804474,80.1408309937,33513,33523,10
12.9224004745,80.1402664185,33523,33533,10
12.922369957,80.1395568848,33533,33543,10
12.922369957,80.1388397217,33543,33553,10
12.9224395752,80.1379394531,33553,33563,10
12.9224996567,80.1369628906,33563,33573,10
12.9225502014,80.135887146,33573,33583,10
12.9225702286,80.1350326538,33583,33593,10
12.9226102829,80.1343002319,33593,33603,10
12.922659874,80.1334381104,33603,33614,11
12.9226903915,80.1323776245,33614,33624,10
12.9226999283,80.1314315796,33624,33634,10
12.9226999283,80.1313400269,33634,33644,10
12.9226999283,80.1312484741,33644,33654,10
12.922750473,80.1307373047,33654,33670,16
12.922829628,80.1294784546,33670,33682,12
12.9229202271,80.1282806396,33682,33690,8
12.9229097366,80.1276626587,33690,33702,12
12.9229202271,80.1268386841,33702,33712,10
12.9229202271,80.1258392334,33712,33742,30
12.9229202271,80.1258392334,33742,33753,11
12.922949791,80.1255569458,33753,33763,10
12.9229803085,80.1251373291,33763,33773,10
12.9230203629,80.12449646,33773,33781,8
12.9230499268,80.123916626,33781,33793,12
12.9230899811,80.1229629517,33793,33803,10
12.9230804443,80.1220626831,33803,33814,11
12.923119545,80.1210327148,33814,33874,60
12.923119545,80.1210327148,33874,33884,10
12.9231700897,80.1207962036,33884,33894,10
12.9232196808,80.1201477051,33894,33904,10
12.9232597351,80.119178772,33904,33915,11
12.9233198166,80.1182327271,33915,33925,10
12.9234304428,80.1171569824,33925,33985,60
12.9234304428,80.1171569824,33985,33995,10
12.9234600067,80.1169586182,33995,34005,10
12.923500061,80.116859436,34005,34016,11
12.923620224,80.1170120239,34016,34026,10
12.9235601425,80.1172637939,34026,34036,10
12.923620224,80.1175231934,34036,34046,10
12.9236297607,80.1178970337,34046,34056,10
12.9235601425,80.1184387207,34056,34066,10
12.9235095978,80.1191711426,34066,34076,10
12.9233999252,80.1200714111,34076,34096,20
12.9233999252,80.1200714111,34096,34106,10
12.9234104156,80.1202697754,34106,34117,11
12.9233999252,80.1206512451,34117,34127,10
12.9233903885,80.12084198,34127,34137,10
12.9233798981,80.1210174561,34137,34167,30
12.9233798981,80.1210174561,34167,34183,16
12.9232902527,80.1214065552,34183,34195,12
12.923330307,80.1217498779,34195,35216,1021
12.923330307,80.1217498779,35216,35226,10
12.9232997894,80.1219787598,35226,35236,10
12.9232597351,80.1225509644,35236,35246,10
12.9232196808,80.123336792,35246,35256,10
12.9231796265,80.1241836548,35256,35266,10
12.9231395721,80.125,35266,35276,10
12.9230804443,80.1258010864,35276,35286,10
12.92304039,80.1266784668,35286,35296,10
12.9230003357,80.1274108887,35296,35306,10
12.9230003357,80.1279525757,35306,35317,11
12.922949791,80.1286087036,35317,35327,10
12.9228897095,80.1292877197,35327,35337,10
12.9228496552,80.1300430298,35337,35347,10
12.9228401184,80.1308288574,35347,35357,10
12.9228200912,80.1312179565,35357,35367,10
12.9228000641,80.1315612793,35367,35377,10
12.9227600098,80.1322174072,35377,35387,10
12.9227199554,80.1330871582,35387,35397,10
12.9226703644,80.1342010498,35397,35407,10
12.9226198196,80.135383606,35407,35418,11
12.9225502014,80.136680603,35418,35428,10
12.9224901199,80.1378326416,35428,35438,10
12.9224300385,80.1389312744,35438,35448,10
12.922419548,80.1399993896,35448,35458,10
12.9224300385,80.1407165527,35458,35468,10
12.9224500656,80.1415710449,35468,35478,10
12.9224901199,80.142539978,35478,35498,20
12.9224901199,80.142539978,35498,35508,10
12.9224901199,80.1426773071,35508,35519,11
12.9225196838,80.1429367065,35519,35529,10
12.9225597382,80.1433486938,35529,35539,10
12.9225702286,80.1436004639,35539,35549,10
12.9225597382,80.143661499,35549,35559,10
12.922539711,80.1440811157,35559,35569,10
12.9225597382,80.1447601318,35569,35579,10
12.9226198196,80.1456680298,35579,35589,10
12.9226503372,80.146812439,35589,35599,10
12.9226503372,80.1477813721,35599,35609,10
12.9226398468,80.14868927,35609,35620,11
12.9226999283,80.1495513916,35620,35630,10
12.9227304459,80.1503372192,35630,35640,10
12.9227399826,80.1511001587,35640,35650,10
12.9227600098,80.1516189575,35650,35680,30
12.9227600098,80.1516189575,35680,35690,10
12.9227800369,80.1519317627,35690,35700,10
12.9228401184,80.1523284912,35700,35710,10
12.9229803085,80.1529388428,35710,35720,10
12.9231595993,80.1536712646,35720,35731,11
12.9233798981,80.1544799805,35731,35741,10
12.9234304428,80.1546630859,35741,35751,10
12.9234895706,80.1548919678,35751,35761,10
12.9235801697,80.1553421021,35761,35771,10
12.9237203598,80.1560974121,35771,35781,10
12.9236402512,80.1570968628,35781,35791,10
12.9235401154,80.1582183838,35791,35801,10
12.9234399796,80.1593170166,35801,35811,10
12.9233503342,80.1602478027,35811,35822,11
12.9233102798,80.1604537964,35822,35832,10
12.9232797623,80.1605834961,35832,35842,10
12.9231004715,80.1610794067,35842,35852,10
12.922829628,80.1618423462,35852,35862,10
12.9225196838,80.162727356,35862,35872,10
12.9221801758,80.1637802124,35872,35882,10
12.9218196869,80.1649017334,35882,35892,10
12.9214601517,80.1660614014,35892,35902,10
12.9211101532,80.1671676636,35902,35912,10
12.9208202362,80.168182373,35912,35923,11
12.9204797745,80.1692962646,35923,35933,10
12.9201602936,80.1703796387,35933,35943,10
12.9199800491,80.1709518433,35943,35953,10
12.9199495316,80.1709823608,35953,35963,10
12.9197998047,80.171333313,35963,35973,10
12.9195995331,80.1719665527,35973,35983,10
12.9193897247,80.1727600098,35983,35993,10
12.9191503525,80.1736907959,35993,36003,10
12.9188995361,80.174697876,36003,36013,10
12.9186496735,80.1757278442,36013,36024,11
12.918390274,80.1769180298,36024,36034,10
12.9183397293,80.1780319214,36034,36044,10
12.9189596176,80.1789398193,36044,36054,10
12.9194498062,80.1799926758,36054,36064,10
12.9196996689,80.1812133789,36064,36074,10
12.919960022,80.1823730469,36074,36084,10
12.9202098846,80.1834793091,36084,36094,10
12.9204397202,80.1844482422,36094,36104,10
12.9206199646,80.1851196289,36104,36114,10
12.9206495285,80.185256958,36114,36125,11
12.9206600189,80.1857376099,36125,36135,10
12.9202699661,80.1863174438,36135,36145,10
12.9196996689,80.186958313,36145,36155,10
12.9191198349,80.1876068115,36155,36165,10
12.9187803268,80.18800354,36165,36175,10
12.9184999466,80.1883163452,36175,36185,10
12.9180603027,80.1887893677,36185,36195,10
12.9176597595,80.1894683838,36195,36205,10
12.9174804688,80.1902999878,36205,36215,10
12.9173698425,80.1911697388,36215,36226,11
12.91726017,80.192237854,36226,36236,10
12.9171304703,80.1928787231,36236,36264,28
12.9171304703,80.1928787231,36264,36271,7
12.917090416,80.1929779053,36271,36284,13
12.917090416,80.1936798096,36284,36294,10
12.9173898697,80.1944198608,36294,36304,10
12.9180603027,80.1950912476,36304,36314,10
12.9188604355,80.1958084106,36314,36324,10
12.9197597504,80.1964111328,36324,36335,11
12.9206695557,80.1967315674,36335,36345,10
12.9212503433,80.1969223022,36345,36355,10
12.9219503403,80.1971588135,36355,36378,23
12.9233703613,80.1973876953,36378,36390,12
12.9238500595,80.1974411011,36390,36397,7
12.9243297577,80.1974563599,36397,36410,13
12.9252500534,80.1974487305,36410,36420,10
12.9255199432,80.1974563599,36420,36430,10
12.9261102676,80.197479248,36430,36441,11
12.9269599915,80.1977310181,36441,36451,10
12.9277496338,80.1983413696,36451,36461,10
12.9282598495,80.1993408203,36461,36471,10
12.9285097122,80.200378418,36471,36480,9
12.9285497665,80.2015686035,36480,36491,11
12.9287595749,80.20262146,36491,36501,10
12.9294099808,80.2027130127,36501,36511,10
12.9294204712,80.2027130127,36511,36520,9
12.9296398163,80.2027511597,36520,36532,12
12.9304199219,80.2028427124,36532,36542,10
12.9312400818,80.2030334473,36542,36552,10
12.9321804047,80.203338623,36552,36562,10
12.9330301285,80.2036514282,36562,36572,10
12.9338903427,80.2038497925,36572,36582,10
12.9341001511,80.2038803101,36582,36592,10
12.9342498779,80.2039031982,36592,36602,10
12.9347295761,80.2039489746,36602,36612,10
12.9354000092,80.2041625977,36612,36622,10
12.936249733,80.204460144,36622,36633,11
12.9373502731,80.2047805786,36633,36643,10
12.9383201599,80.2050323486,36643,36653,10
12.9391202927,80.205291748,36653,36663,10
12.9399003983,80.2055206299,36663,36673,10
12.9400596619,80.2055587769,36673,36683,10
12.9403400421,80.2056503296,36683,36693,10
12.9409599304,80.2058563232,36693,36703,10
12.9416799545,80.2062606812,36703,36713,10
12.9424295425,80.2068634033,36713,36723,10
12.9430198669,80.2075805664,36723,36734,11
12.9437198639,80.2080764771,36734,36744,10
12.9443702698,80.2083206177,36744,36764,20
12.9443702698,80.2083206177,36764,36774,10
12.9446802139,80.2084274292,36774,36784,10
12.9452400208,80.208656311,36784,36794,10
12.9459600449,80.208946228,36794,36804,10
12.9466896057,80.2092437744,36804,36814,10
12.9473304749,80.209487915,36814,36825,11
12.9480304718,80.2097625732,36825,36835,10
12.9486904144,80.2100219727,36835,36845,10
12.9495296478,80.2103500366,36845,36855,10
12.9506397247,80.2108001709,36855,36865,10
12.9518604279,80.2112808228,36865,36875,10
12.9528503418,80.2116394043,36875,36885,10
12.9534397125,80.2118911743,36885,36895,10
12.9541301727,80.2121582031,36895,36905,10
12.9549798965,80.2125015259,36905,36915,10
12.9558801651,80.2128295898,36915,36925,10
12.956700325,80.213142395,36925,36936,11
12.9575195313,80.2134780884,36936,36946,10
12.9583997726,80.2138290405,36946,36956,10
12.959280014,80.2142028809,36956,36966,10
12.9601097107,80.2145385742,36966,36976,10
12.9609098434,80.2148590088,36976,36986,10
12.9618797302,80.2152328491,36986,36996,10
12.9627399445,80.2155609131,36996,37006,10
12.9630498886,80.2156600952,37006,37016,10
12.9633998871,80.2158203125,37016,37026,10
12.9637098312,80.2159729004,37026,37037,11
12.9641895294,80.216178894,37037,37047,10
12.9648399353,80.216468811,37047,37057,10
12.9655399323,80.2167434692,37057,37067,10
12.9661502838,80.2169876099,37067,37077,10
12.9667596817,80.2172088623,37077,37087,10
12.9676198959,80.2175521851,37087,37107,20
12.9676198959,80.2175521851,37107,37117,10
12.9678401947,80.2176513672,37117,37127,10
12.9681596756,80.2177886963,37127,37138,11
12.9688796997,80.2180633545,37138,37148,10
12.9697999954,80.2183990479,37148,37158,10
12.9705600739,80.2187194824,37158,37168,10
12.9711198807,80.2188796997,37168,37340,172
12.9711198807,80.2188796997,37340,37350,10
12.9714403152,80.2190628052,37350,37360,10
12.9716501236,80.2191314697,37360,37380,20
12.9716501236,80.2191314697,37380,37390,10
12.9718599319,80.2192001343,37390,37400,10
12.9719896317,80.2192611694,37400,37410,10
12.9720096588,80.2192764282,37410,37420,10
12.9722795486,80.2193832397,37420,37552,132
12.9725399017,80.2193527222,37552,37572,20
12.9725399017,80.2193527222,37572,37582,10
12.9727296829,80.2194900513,37582,37622,40
12.9732198715,80.2197418213,37622,37643,21
12.9732198715,80.2197418213,37643,37653,10
12.9734401703,80.2198028564,37653,37663,10
12.9736404419,80.2199020386,37663,37673,10
12.9738798141,80.2200164795,37673,37683,10
12.974149704,80.220161438,37683,37693,10
12.9743204117,80.2203063965,37693,37744,51
12.974439621,80.2204818726,37744,37794,50
12.974439621,80.2204818726,37794,37804,10
12.9746198654,80.2205200195,37804,37816,12
12.9750003815,80.2205963135,37816,37826,10
12.9751996994,80.2206497192,37826,37836,10
12.9753904343,80.2206802368,37836,37847,11
12.9755802155,80.2208023071,37847,37857,10
12.9755897522,80.2208023071,37857,37866,9
12.9757795334,80.220993042,37866,37877,11
12.9761800766,80.2212219238,37877,37897,20
12.9761800766,80.2212219238,37897,37907,10
12.9765396118,80.2212295532,37907,37917,10
12.9771604538,80.2212371826,37917,37927,10
12.9779396057,80.2211914063,37927,37938,11
12.9789304733,80.2211303711,37938,37948,10
12.9800100327,80.2210388184,37948,37957,9
12.9809703827,80.2210235596,37957,37968,11
12.9819002151,80.221496582,37968,37978,10
12.9824895859,80.2218017578,37978,37988,10
12.9828300476,80.2219085693,37988,37998,10
12.9828596115,80.2219085693,37998,38008,10
12.9830198288,80.2219772339,38008,38018,10
12.983420372,80.2222595215,38018,38028,10
12.9837398529,80.2224578857,38028,38039,11
12.9842195511,80.2227401733,38039,38049,10
12.9846401215,80.2229995728,38049,38059,10
12.9851999283,80.2232513428,38059,38069,10
12.9856700897,80.2230377197,38069,38079,10
12.9861698151,80.2229537964,38079,38089,10
12.9863300323,80.2229614258,38089,38099,10
12.9865598679,80.2229614258,38099,38109,10
12.9869403839,80.2230224609,38109,38119,10
12.9875497818,80.2230834961,38119,38129,10
12.9882001877,80.2227630615,38129,38140,11
12.9886798859,80.2223205566,38140,38150,10
12.9888896942,80.2220687866,38150,38160,10
12.9892196655,80.2216796875,38160,38170,10
12.9896402359,80.2211380005,38170,38180,10
12.9902496338,80.2205429077,38180,38190,10
12.9908895493,80.2200317383,38190,38200,10
12.9913797379,80.219619751,38200,38210,10
12.9918298721,80.2193222046,38210,38220,10
12.9924602509,80.2188796997,38220,38230,10
12.9932203293,80.2183303833,38230,38241,11
12.9940395355,80.2177429199,38241,38251,10
12.9945802689,80.217338562,38251,38261,10
12.9952001572,80.2169113159,38261,38271,10
12.9959096909,80.2166290283,38271,38281,10
12.9964599609,80.2165374756,38281,38291,10
12.997010231,80.2164611816,38291,38301,10
12.9974899292,80.2161636353,38301,38321,20
12.9974899292,80.2161636353,38321,38331,10
12.9977998734,80.2159194946,38331,38342,11
12.9983901978,80.2154006958,38342,38352,10
12.9989595413,80.2148666382,38352,38362,10
12.9992704391,80.2146224976,38362,38372,10
12.9996995926,80.2142486572,38372,38382,10
13.0001897812,80.2138214111,38382,38392,10
13.0007696152,80.2133102417,38392,38402,10
13.0014400482,80.2127609253,38402,38412,10
13.0021800995,80.212272644,38412,38422,10
13.0028400421,80.2120895386,38422,38432,10
13.0033302307,80.2120513916,38432,38443,11
13.0037002563,80.2120132446,38443,38453,10
13.0037899017,80.2119903564,38453,38463,10
13.0041599274,80.2120819092,38463,38473,10
13.0047597885,80.2123336792,38473,38483,10
13.0053501129,80.212677002,38483,38493,10
13.0060901642,80.2128295898,38493,38503,10
13.0066003799,80.2126998901,38503,38513,10
13.0073299408,80.2127685547,38513,38523,10
13.0078802109,80.2130584717,38523,38544,21
13.0078802109,80.2130584717,38544,38554,10
13.0080299377,80.213180542,38554,38564,10
13.0085601807,80.213432312,38564,38574,10
13.009059906,80.2141036987,38574,38584,10
13.0095796585,80.21484375,38584,38594,10
13.0100402832,80.2154388428,38594,38604,10
13.01060009,80.2162094116,38604,38614,10
13.0109100342,80.2170181274,38614,38624,10
13.0113401413,80.217918396,38624,38634,10
13.011639595,80.2188568115,38634,38645,11
13.0119695663,80.2200164795,38645,38655,10
13.0122995377,80.2210235596,38655,38665,10
13.012430191,80.2215194702,38665,38675,10
13.0127696991,80.222038269,38675,38685,10
13.0131196976,80.2224578857,38685,38695,10
13.0135097504,80.2228469849,38695,38705,10
13.013759613,80.2230911255,38705,38715,10
13.0139598846,80.2233276367,38715,38725,10
13.0141000748,80.223487854,38725,38735,10
13.0143203735,80.2238235474,38735,38746,11
13.014840126,80.224319458,38746,38756,10
13.0149898529,80.2244873047,38756,38765,9
13.0151100159,80.2246398926,38765,38776,11
13.0155801773,80.2250137329,38776,38796,20
13.0155801773,80.2250137329,38796,38806,10
13.0157699585,80.2251586914,38806,38816,10
13.0163002014,80.2253112793,38816,38826,10
13.0170602798,80.2250976563,38826,38836,10
13.0179395676,80.2247619629,38836,38847,11
13.0189399719,80.2243881226,38847,38857,10
13.0197896957,80.224571228,38857,38866,9
13.0204000473,80.2249908447,38866,38877,11
13.0208797455,80.2253417969,38877,38887,10
13.0213403702,80.2257385254,38887,38897,10
13.0219297409,80.2261428833,38897,38907,10
13.0220098495,80.2262115479,38907,38917,10
13.0220804214,80.2262802124,38917,38927,10
13.0224399567,80.2266082764,38927,38937,10
13.0228595734,80.2269668579,38937,38948,11
13.0229501724,80.2270812988,38948,38958,10
13.0230197906,80.227180481,38958,38968,10
13.0230903625,80.2272415161,38968,38978,10
13.0231895447,80.2273330688,38978,38988,10
13.0234203339,80.2275085449,38988,38998,10
13.0237503052,80.2277832031,38998,39008,10
13.0239801407,80.2279663086,39008,39018,10
13.0242900848,80.2283477783,39018,39028,10
13.024479866,80.2285919189,39028,39038,10
13.0246801376,80.228843689,39038,39059,21
13.0246801376,80.228843689,39059,39069,10
13.024720192,80.2289428711,39069,39079,10
13.0248804092,80.2291564941,39079,39089,10
13.0250701904,80.2294006348,39089,39099,10
13.0254001617,80.2297821045,39099,39109,10
13.0256500244,80.2301177979,39109,39119,10
13.0258302689,80.2304229736,39119,39129,10
13.0259103775,80.2305984497,39129,39139,10
13.0259399414,80.2307510376,39139,39150,11
13.0260000229,80.2310409546,39150,39160,10
13.0261802673,80.2313079834,39160,39170,10
13.026720047,80.2312011719,39170,39180,10
13.0275402069,80.231010437,39180,39190,10
13.028459549,80.2309188843,39190,39200,10
13.0292596817,80.2308578491,39200,39210,10
13.0296697617,80.230796814,39210,39220,10
13.0298500061,80.2307815552,39220,39236,16
13.0306396484,80.23072052,39236,39249,13
13.0312995911,80.2306594849,39249,39259,10
13.0318498611,80.2306213379,39259,39267,8
13.0326700211,80.2305374146,39267,39281,14
13.0338401794,80.2304534912,39281,39291,10
13.0342903137,80.230430603,39291,39331,40
13.0342903137,80.230430603,39331,39341,10
13.0343904495,80.2304000854,39341,39351,10
13.0349302292,80.2301025391,39351,39417,66
13.0349302292,80.2301025391,39417,39427,10
13.0350399017,80.2298583984,39427,39437,10
13.0344600677,80.2297592163,39437,39498,61
13.0344600677,80.2297592163,39498,39508,10
13.0343503952,80.2298202515,39508,39589,81
13.0342102051,80.2299880981,39589,39650,61
13.0342102051,80.2299880981,39650,39660,10
13.0340995789,80.2304000854,39660,39670,10
13.0337600708,80.2304611206,39670,39680,10
13.0330095291,80.2305221558,39680,39690,10
13.032119751,80.2305984497,39690,39700,10
13.0313396454,80.2306518555,39700,39710,10
13.0309000015,80.2306900024,39710,39720,10
13.0304403305,80.2307434082,39720,39730,10
13.0299396515,80.230796814,39730,39761,31
13.0299396515,80.230796814,39761,39771,10
13.0295801163,80.2308578491,39771,39781,10
13.0291204453,80.2308883667,39781,39791,10
13.0284500122,80.2309799194,39791,39801,10
13.0279598236,80.2310180664,39801,39811,10
13.0277004242,80.231048584,39811,39821,10
13.0276699066,80.2313995361,39821,39831,10
13.0277500153,80.2318572998,39831,39841,10
13.0278100967,80.2321777344,39841,39852,11
13.0278396606,80.232383728,39852,39862,10
13.0278701782,80.2325592041,39862,39872,10
13.0278701782,80.232749939,39872,39882,10
13.0274801254,80.2328491211,39882,39892,10
13.02684021,80.2329788208,39892,40033,141
13.02684021,80.2329788208,40033,40043,10
13.0265102386,80.2330322266,40043,40054,11
13.0262804031,80.2326278687,40054,40064,10
13.0262002945,80.2322616577,40064,40074,10
13.0260896683,80.2318496704,40074,40084,10
13.0259199142,80.2312011719,40084,40094,10
13.0255699158,80.2303237915,40094,40104,10
13.0250101089,80.2294998169,40104,40114,10
13.0247297287,80.2291183472,40114,40124,10
13.024479866,80.228843689,40124,40134,10
13.0242595673,80.2285919189,40134,40144,10
13.023900032,80.2281799316,40144,40155,11
13.0233602524,80.2276229858,40155,40165,10
13.023059845,80.2274780273,40165,40175,10
13.0230197906,80.2274398804,40175,40185,10
13.0228996277,80.2273483276,40185,40195,10
13.0225896835,80.2270278931,40195,40205,10
13.0225296021,80.2269134521,40205,40215,10
13.022480011,80.2267913818,40215,40225,10
13.0221395493,80.2264785767,40225,40235,10
13.0217399597,80.2261581421,40235,40245,10
13.0212202072,80.2257385254,40245,40255,10
13.0206098557,80.2252883911,40255,40272,17
13.0199604034,80.2248382568,40272,40284,12
13.0193004608,80.2245025635,40284,40294,10
13.0185699463,80.2245788574,40294,40304,10
13.0173597336,80.2250671387,40304,40314,10
13.0164699554,80.225440979,40314,40324,10
13.0157499313,80.2257003784,40324,40334,10
13.0150499344,80.2259674072,40334,40344,10
13.0143499374,80.226272583,40344,40355,11
13.0137996674,80.2265396118,40355,40364,9
13.0136995316,80.2265777588,40364,40375,11
13.013250351,80.2266693115,40375,40385,10
13.0125398636,80.2269287109,40385,40395,10
13.0116195679,80.2272720337,40395,40405,10
13.0105695724,80.2276687622,40405,40415,10
13.0096597672,80.2279205322,40415,40425,10
13.0096502304,80.2273025513,40425,40435,10
13.0100097656,80.2265396118,40435,40445,10
13.0104398727,80.2256011963,40445,40456,11
13.0108699799,80.2244567871,40456,40466,10
13.0112400055,80.2235107422,40466,40476,10
13.0109796524,80.2230682373,40476,40486,10
13.0102100372,80.2226867676,40486,40495,9
13.0093898773,80.2222366333,40495,40506,11
13.0084104538,80.2217025757,40506,40516,10
13.0073204041,80.2211227417,40516,40526,10
13.0063400269,80.2206573486,40526,40536,10
13.0053100586,80.2204208374,40536,40546,10
13.0043802261,80.2201766968,40546,40556,10
13.0034999847,80.2200012207,40556,40567,11
13.0027103424,80.2197113037,40567,40577,10
13.0021495819,80.2192306519,40577,40587,10
13.001660347,80.2186889648,40587,40597,10
13.0010499954,80.21824646,40597,40613,16
13.0001401901,80.2176818848,40613,40625,12
12.9992198944,80.2171401978,40625,40635,10
12.9984998703,80.2167816162,40635,40645,10
12.9976196289,80.2165527344,40645,40655,10
12.9971399307,80.2165298462,40655,40666,11
12.9963598251,80.2166137695,40666,40676,10
12.9956598282,80.2167663574,40676,40685,9
12.995300293,80.2169189453,40685,40697,12
12.9950304031,80.217086792,40697,40707,10
12.9949903488,80.2171096802,40707,40717,10
12.994799614,80.2172164917,40717,40727,10
12.994310379,80.2175598145,40727,40737,10
12.9937200546,80.2180023193,40737,40747,10
12.9930400848,80.21849823,40747,40757,10
12.9922103882,80.2191009521,40757,40768,11
12.9912996292,80.2197799683,40768,40779,11
12.9906702042,80.2202377319,40779,40789,10
12.9901199341,80.220703125,40789,40799,10
12.9895496368,80.2213363647,40799,40809,10
12.9890403748,80.2220077515,40809,40819,10
12.9884004593,80.2226486206,40819,40829,10
12.9877796173,80.2230911255,40829,40839,10
12.9873800278,80.2231216431,40839,40849,10
12.9870100021,80.2230834961,40849,40860,11
12.9864702225,80.2229919434,40860,40870,10
12.9857501984,80.2230606079,40870,40880,10
12.9854097366,80.2232971191,40880,40890,10
12.9849700928,80.2232208252,40890,40899,9
12.984459877,80.2229995728,40899,40910,11
12.9841403961,80.2227783203,40910,40920,10
12.983880043,80.2226409912,40920,40930,10
12.9837303162,80.2225570679,40930,40940,10
12.9835500717,80.2224578857,40940,40950,10
12.983420372,80.2223434448,40950,40961,11
12.9833498001,80.2222824097,40961,40971,10
12.9831495285,80.2221298218,40971,40981,10
12.9830198288,80.2220306396,40981,40991,10
12.9828395844,80.2219772339,40991,41001,10
12.9824199677,80.2218780518,41001,41011,10
12.9819002151,80.2216110229,41011,41021,10
12.9811697006,80.2212982178,41021,41031,10
12.9806995392,80.2211837769,41031,41041,10
12.9801797867,80.2211608887,41041,41051,10
12.9794397354,80.2211990356,41051,41062,11
12.9785995483,80.2212677002,41062,41072,10
12.9779901505,80.221282959,41072,41082,10
12.9778604507,80.2212905884,41082,41092,10
12.9775104523,80.2213134766,41092,41102,10
12.9768800735,80.2213134766,41102,41122,20
12.9768800735,80.2213134766,41122,41132,10
12.9766397476,80.2212295532,41132,41142,10
12.9762897491,80.221282959,41142,41152,10
12.9760398865,80.221321106,41152,41163,11
12.9755802155,80.2210235596,41163,41183,20
12.9755802155,80.2210235596,41183,41193,10
12.9754104614,80.2208786011,41193,41203,10
12.9751501083,80.2207336426,41203,41213,10
12.9746599197,80.2205200195,41213,41223,10
12.9741897583,80.2203598022,41223,41233,10
12.973859787,80.2202072144,41233,41243,10
12.9733295441,80.2199783325,41243,41253,10
12.9727401733,80.2197799683,41253,41264,11
12.9720602036,80.219543457,41264,41274,10
12.9712600708,80.2192993164,41274,41284,10
12.971039772,80.2192306519,41284,41294,10
12.9707202911,80.219039917,41294,41304,10
12.97012043,80.2187423706,41304,41314,10
12.9694900513,80.2184829712,41314,41324,10
12.9688100815,80.2182006836,41324,41334,10
12.9681396484,80.2179336548,41334,41344,10
12.9674596786,80.2176437378,41344,41354,10
12.9665203094,80.2172698975,41354,41365,11
12.9652500153,80.2167510986,41365,41375,10
12.9641599655,80.2163314819,41375,41385,10
12.9632501602,80.2159194946,41385,41395,10
12.962269783,80.2155227661,41395,41405,10
12.9611997604,80.2151031494,41405,41415,10
12.9601297379,80.2146682739,41415,41424,9
12.959400177,80.2143936157,41424,41435,11
12.9580602646,80.2138366699,41435,41445,10
12.9569997787,80.2134170532,41445,41454,9
12.9560604095,80.2130432129,41454,41466,12
12.9548797607,80.212600708,41466,41476,10
12.9541101456,80.2122879028,41476,41486,10
12.9532203674,80.2119293213,41486,41496,10
12.9522199631,80.2115402222,41496,41506,10
12.9514198303,80.2112503052,41506,41516,10
12.950630188,80.2109375,41516,41526,10
12.9497499466,80.2105789185,41526,41536,10
12.9489002228,80.2102279663,41536,41546,10
12.9480199814,80.2098770142,41546,41556,10
12.9468698502,80.2094192505,41556,41567,11
12.9454603195,80.2088623047,41567,41577,10
12.9443998337,80.2084732056,41577,41587,10
12.9441099167,80.208366394,41587,41597,10
12.9437999725,80.2082519531,41597,41607,10
12.9433002472,80.2080078125,41607,41617,10
12.942779541,80.2074813843,41617,41627,10
12.9422101974,80.206817627,41627,41637,10
12.9413795471,80.2062225342,41637,41647,10
12.9406604767,80.2058868408,41647,41657,10
12.9400100708,80.2056884766,41657,41668,11
12.9393596649,80.2054977417,41668,41678,10
12.9386100769,80.2052612305,41678,41688,10
12.9377298355,80.2050018311,41688,41698,10
12.9368801117,80.2047729492,41698,41708,10
12.9360399246,80.204536438,41708,41718,10
12.9354400635,80.2043075562,41718,41728,10
12.934679985,80.2040328979,41728,41738,10
12.9338903427,80.203956604,41738,41748,10
12.9336204529,80.2039489746,41748,41758,10
12.9331598282,80.2038269043,41758,41769,11
12.9324102402,80.2035598755,41769,41779,10
12.9315500259,80.2032928467,41779,41789,10
12.9305801392,80.2029724121,41789,41799,10
12.9298696518,80.2028579712,41799,41809,10
12.9296703339,80.2028198242,41809,41819,10
12.9292201996,80.2027587891,41819,41829,10
12.928609848,80.2025604248,41829,41839,10
12.9285097122,80.2018280029,41839,41849,10
12.9284696579,80.2010574341,41849,41859,10
12.9284000397,80.200050354,41859,41870,11
12.9279603958,80.1988830566,41870,41880,10
12.9272298813,80.1979827881,41880,41890,10
12.9261798859,80.1975708008,41890,41900,10
12.9254999161,80.1975402832,41900,41910,10
12.9252195358,80.1975326538,41910,41920,10
12.9245004654,80.197517395,41920,41930,10
12.9236497879,80.1975021362,41930,41940,10
12.9226303101,80.1973800659,41940,41950,10
12.9220304489,80.197303772,41950,41960,10
12.9218301773,80.1972427368,41960,41971,11
12.9212303162,80.1970291138,41971,41981,10
12.9204998016,80.1967697144,41981,41991,10
12.9196596146,80.196472168,41991,42001,10
12.9189195633,80.1959686279,42001,42011,10
12.9182195663,80.1953735352,42011,42020,9
12.9176797867,80.1949005127,42020,42031,11
12.9171104431,80.1942672729,42031,42041,10
12.917090416,80.1941833496,42041,42051,10
12.9169797897,80.1938171387,42051,42061,10
12.9169998169,80.1931228638,42061,42072,11
12.9171199799,80.1923217773,42072,42082,10
12.9172096252,80.1917800903,42082,42092,10
12.9172801971,80.1913833618,42092,42102,10
12.9173202515,80.191192627,42102,42112,10
12.9173603058,80.1906433105,42112,42122,10
12.9174604416,80.1899719238,42122,42132,10
12.9176998138,80.189201355,42132,42142,10
12.9183197021,80.1883621216,42142,42152,10
12.9190998077,80.1875076294,42152,42162,10
12.9198999405,80.1865997314,42162,42173,11
12.9205799103,80.185508728,42173,42183,10
12.9203996658,80.1845626831,42183,42193,10
12.9203500748,80.1842575073,42193,42203,10
12.9202203751,80.1837081909,42203,42213,10
12.920009613,80.1828613281,42213,42223,10
12.9198904037,80.1824264526,42223,42233,10
12.9197998047,80.1820373535,42233,43864,1631
12.9201698303,80.18334198,43864,43876,12
12.9203395844,80.1840591431,43876,43884,8
12.9204397202,80.1846389771,43884,43895,11
12.9206399918,80.1856231689,43895,43906,11
12.9200000763,80.186630249,43906,43915,9
12.9193496704,80.1873703003,43915,43926,11
12.9189596176,80.1878509521,43926,43936,10
12.9183797836,80.1884384155,43936,43946,10
12.9177999496,80.1891937256,43946,43957,11
12.9174499512,80.1903686523,43957,43968,11
12.9173002243,80.1915969849,43968,43978,10
12.9172000885,80.1924362183,43978,43988,10
12.9171304703,80.1930618286,43988,43998,10
12.9171304703,80.1931304932,43998,44008,10
12.917090416,80.1932830811,44008,44018,10
12.9170799255,80.1937713623,44018,44028,10
12.9173698425,80.1944732666,44028,44038,10
12.9180498123,80.1951065063,44038,44049,11
12.9187202454,80.1957092285,44049,44059,10
12.9192399979,80.1961593628,44059,44069,10
12.9198303223,80.1964569092,44069,44079,10
12.9206399918,80.1967391968,44079,44089,10
12.9212703705,80.1969604492,44089,44099,10
12.9219799042,80.1971893311,44099,44109,10
12.9227800369,80.1973190308,44109,44119,10
12.9235200882,80.1974334717,44119,44129,10
12.9242801666,80.1974716187,44129,44139,10
12.9250602722,80.1974487305,44139,44149,10
12.9253101349,80.1974563599,44149,44160,11
12.925740242,80.1974563599,44160,44170,10
12.9263896942,80.1975479126,44170,44180,10
12.9269895554,80.1977920532,44180,44190,10
12.927570343,80.1982192993,44190,44200,10
12.927980423,80.1988601685,44200,44210,10
12.9282302856,80.1994018555,44210,44220,10
12.9283599854,80.1998214722,44220,44230,10
12.9284601212,80.2005462646,44230,44240,10
12.9285001755,80.2014694214,44240,44251,11
12.928560257,80.2024078369,44251,44261,10
12.9292697906,80.2026977539,44261,44271,10
12.9299898148,80.2027816772,44271,44281,10
12.9305200577,80.20287323,44281,44291,10
12.9311304092,80.2030410767,44291,44301,10
12.9318199158,80.2032623291,44301,44311,10
12.9324598312,80.2034835815,44311,44321,10
12.9330396652,80.2036819458,44321,44331,10
12.9336900711,80.2038574219,44331,44341,10
12.9339895248,80.2038803101,44341,44352,11
12.9343595505,80.2039031982,44352,44362,10
12.9349899292,80.2040176392,44362,44372,10
12.9356403351,80.2042770386,44372,44382,10
12.9358100891,80.2043304443,44382,44392,10
12.936249733,80.2044830322,44392,44402,10
12.9369497299,80.2046813965,44402,44412,10
12.9377803802,80.2049102783,44412,44421,9
12.9384498596,80.2051010132,44421,44432,11
12.9392204285,80.2053527832,44432,44442,10
12.9398202896,80.2055206299,44442,44453,11
12.940320015,80.2056808472,44453,44462,9
12.9409303665,80.2059020996,44462,44473,11
12.9418201447,80.2064208984,44473,44483,10
12.9425001144,80.2069778442,44483,44493,10
12.9430503845,80.2076797485,44493,44503,10
12.9437799454,80.2081375122,44503,44513,10
12.9446496964,80.2084732056,44513,44523,10
12.945690155,80.2088623047,44523,44533,10
12.9467201233,80.2092590332,44533,44543,10
12.9476604462,80.2096176147,44543,44554,11
12.9484300613,80.2099075317,44554,44564,10
12.9490804672,80.2101974487,44564,44574,10
12.9500598907,80.2105865479,44574,44584,10
12.9511899948,80.2110366821,44584,44594,10
12.9522600174,80.2114562988,44594,44604,10
12.9532899857,80.2118606567,44604,44614,10
12.9543304443,80.2122802734,44614,44624,10
12.9554004669,80.2126922607,44624,44634,10
12.9563398361,80.2130508423,44634,44644,10
12.9569196701,80.2132492065,44644,44655,11
12.957690239,80.2135772705,44655,44665,10
12.9586000443,80.2139587402,44665,44675,10
12.9595003128,80.2143096924,44675,44685,10
12.9604902267,80.2147064209,44685,44695,10
12.9614200592,80.2150802612,44695,44705,10
12.962439537,80.2154769897,44705,44715,10
12.9633398056,80.2158432007,44715,44725,10
12.9637203217,80.216003418,44725,44735,10
12.9641704559,80.2161865234,44735,44745,10
12.9649000168,80.2164993286,44745,44756,11
12.9658403397,80.2168731689,44756,44766,10
12.9666404724,80.2171936035,44766,44776,10
12.9673995972,80.2174987793,44776,44786,10
12.9679002762,80.2176971436,44786,44796,10
12.9684696198,80.217918396,44796,44806,10
12.969329834,80.2182617188,44806,44816,10
12.9702596664,80.2186203003,44816,44826,10
12.9709796906,80.2188568115,44826,44836,10
12.9712295532,80.2189407349,44836,44846,10
12.9715204239,80.2190704346,44846,44857,11
12.9721603394,80.2193527222,44857,44867,10
12.972990036,80.2196731567,44867,44877,10
12.9738798141,80.2200012207,44877,44887,10
12.974729538,80.220413208,44887,44897,10
12.9753198624,80.2206420898,44897,44907,10
12.9756298065,80.2203979492,44907,44917,10
12.9762001038,80.2200622559,44917,44927,10
12.9770402908,80.2197113037,44927,44937,10
12.9780197144,80.2193069458,44937,44947,10
12.978679657,80.2190628052,44947,44957,10
12.9793300629,80.218788147,44957,44968,11
12.9800796509,80.21849823,44968,44978,10
12.9806699753,80.2182617188,44978,44987,9
12.9813404083,80.2180099487,44987,44998,11
12.9822397232,80.2178497314,44998,45009,11
12.9823904037,80.2178497314,45009,45019,10
12.9827404022,80.2178497314,45019,45029,10
12.9834899902,80.2178421021,45029,45039,10
12.9837703705,80.2178421021,45039,45049,10
12.9840602875,80.2178573608,45049,45060,11
12.9847698212,80.2178573608,45060,45070,10
12.9856595993,80.2178878784,45070,45080,10
12.9866895676,80.2181091309,45080,45090,10
12.9876003265,80.2182998657,45090,45100,10
12.9886703491,80.218536377,45100,45110,10
12.989689827,80.2188720703,45110,45120,10
12.9907503128,80.2192001343,45120,45130,10
12.9917497635,80.2193832397,45130,45140,10
12.9924297333,80.2189025879,45140,45150,10
12.9934101105,80.2181777954,45150,45161,11
12.9942102432,80.2175598145,45161,45171,10
12.9945802689,80.2172775269,45171,45181,10
12.9948997498,80.217048645,45181,45191,10
12.9953298569,80.2167816162,45191,45201,10
12.9959602356,80.2165679932,45201,45211,10
12.9966001511,80.2164916992,45211,45221,10
12.9971103668,80.2164535522,45221,45231,10
12.9974498749,80.2161178589,45231,45241,10
12.9974803925,80.2161026001,45241,45251,10
12.9977798462,80.2158584595,45251,45261,10
12.9982700348,80.2154083252,45261,45278,17
12.9991397858,80.2146911621,45278,45290,12
12.9996004105,80.2142562866,45290,45300,10
12.9999599457,80.2139511108,45300,45310,10
13.0005702972,80.2133865356,45310,45320,10
13.0010995865,80.2129592896,45320,45329,9
13.0016899109,80.2125167847,45329,45340,11
13.0024204254,80.2121200562,45340,45350,10
13.0030698776,80.212059021,45350,45361,11
13.0037603378,80.2119674683,45361,45371,10
13.0044603348,80.2121963501,45371,45381,10
13.0051803589,80.2126083374,45381,45391,10
13.0059700012,80.2128677368,45391,45401,10
13.0068101883,80.2127075195,45401,45411,10
13.0075502396,80.2128219604,45411,45421,10
13.0078296661,80.2130203247,45421,45431,10
13.0078601837,80.2130508423,45431,45441,10
13.008099556,80.213218689,45441,45451,10
13.0086402893,80.2135772705,45451,45462,11
13.0092601776,80.2144012451,45462,45472,10
13.0095996857,80.2148971558,45472,45482,10
13.0100402832,80.2154922485,45482,45492,10
13.01060009,80.2162628174,45492,45502,10
13.0109395981,80.2171325684,45502,45512,10
13.0113201141,80.2180862427,45512,45522,10
13.0116701126,80.2191162109,45522,45532,10
13.0120401382,80.2202682495,45532,45542,10
13.0124597549,80.2212905884,45542,45552,10
13.0128498077,80.2219085693,45552,45563,11
13.0133800507,80.2225265503,45563,45573,10
13.0138597488,80.2231674194,45573,45583,10
13.0142402649,80.2235870361,45583,45593,10
13.0145397186,80.2238769531,45593,45603,10
13.014960289,80.2244033813,45603,45613,10
13.0152997971,80.2248077393,45613,45633,20
13.0152997971,80.2248077393,45633,45643,10
13.0154304504,80.224937439,45643,45653,10
13.0157604218,80.2251968384,45653,45664,11
13.0165596008,80.2252731323,45664,45674,10
13.0174798965,80.224937439,45674,45684,10
13.018529892,80.2245101929,45684,45694,10
13.0197296143,80.2245025635,45694,45724,30
13.0197296143,80.2245025635,45724,45734,10
13.0200004578,80.2247695923,45734,45744,10
13.0205001831,80.2251434326,45744,45754,10
13.0211601257,80.2256011963,45754,45765,11
13.0219497681,80.2261581421,45765,45775,10
13.0220298767,80.2262191772,45775,45785,10
13.0222702026,80.2264404297,45785,45795,10
13.022769928,80.2268829346,45795,45805,10
13.0234003067,80.2274780273,45805,45815,10
13.0240001678,80.2280578613,45815,45825,10
13.0243701935,80.2285003662,45825,45835,10
13.0248203278,80.2291564941,45835,45845,10
13.0254001617,80.2299194336,45845,45855,10
13.0258703232,80.2307815552,45855,45866,11
13.025970459,80.2311706543,45866,45876,10
13.0260095596,80.2313232422,45876,45886,10
13.0263996124,80.2311935425,45886,45896,10
13.0271196365,80.231048584,45896,45906,10
13.0275802612,80.2309570313,45906,45926,20
13.0275802612,80.2309570313,45926,45936,10
13.0277204514,80.23097229,45936,45946,10
13.0279598236,80.2309417725,45946,45956,10
13.0286197662,80.2308807373,45956,45997,41
13.0286197662,80.2308807373,45997,46007,10
13.0288000107,80.2308425903,46007,46017,10
13.0291996002,80.230796814,46017,46027,10
13.0296096802,80.230758667,46027,46037,10
13.0298995972,80.2307434082,46037,46047,10
13.0303001404,80.2306976318,46047,46057,10
13.0308103561,80.2306594849,46057,46068,11
13.0313196182,80.2306213379,46068,46078,10
13.0318403244,80.2305908203,46078,46088,10
13.0320501328,80.2305831909,46088,46098,10
13.0326099396,80.2305526733,46098,46108,10
13.0335597992,80.23046875,46108,46148,40
13.0335597992,80.23046875,46148,46164,16
13.0339803696,80.2304382324,46164,46177,13
13.0341701508,80.2304077148,46177,46187,10
13.0343599319,80.2303771973,46187,46197,10
13.0346002579,80.2303237915,46197,46207,10
13.034819603,80.2302398682,46207,46217,10
13.0350198746,80.23021698,46217,46227,10
13.0347499847,80.2302932739,46227,46237,10
13.0345001221,80.2303619385,46237,46247,10
13.0340003967,80.2304382324,46247,46268,21
13.0340003967,80.2304382324,46268,46278,10
13.0339002609,80.2304000854,46278,46288,10
13.0336303711,80.2304000854,46288,46298,10
13.0331401825,80.2304611206,46298,46308,10
13.032500267,80.2305221558,46308,46318,10
13.0318098068,80.2305908203,46318,46328,10
13.0311603546,80.230682373,46328,46338,10
13.0307197571,80.2307128906,46338,46348,10
13.0301799774,80.2307662964,46348,46358,10
13.0297002792,80.2308197021,46358,46369,11
13.0291004181,80.2308807373,46369,46379,10
13.0283603668,80.2309265137,46379,46389,10
13.027759552,80.2310333252,46389,46399,10
13.0276699066,80.231338501,46399,46408,9
13.0277004242,80.231918335,46408,46419,11
13.0278396606,80.2325897217,46419,46429,10
13.0276498795,80.2327880859,46429,46439,10
13.0272598267,80.2329025269,46439,46449,10
13.0269298553,80.2329788208,46449,46459,10
13.0265703201,80.2329864502,46459,46470,11
13.0263204575,80.232421875,46470,46480,10
13.0261096954,80.231552124,46480,46490,10
13.0257997513,80.2305603027,46490,46500,10
13.0252103806,80.2296829224,46500,46510,10
13.0248498917,80.2292404175,46510,46520,10
13.0248003006,80.2291793823,46520,46530,10
13.0245704651,80.2288665771,46530,46540,10
13.0241699219,80.2283630371,46540,46550,10
13.023639679,80.2277374268,46550,46560,10
13.0229501724,80.2271194458,46560,46577,17
13.0218095779,80.2261428833,46577,46589,12
13.0208501816,80.2254180908,46589,46599,10
13.0201101303,80.2249221802,46599,46609,10
13.0188999176,80.2245101929,46609,46619,10
13.0177898407,80.224899292,46619,46629,10
13.0167102814,80.2253494263,46629,46639,10
13.0159301758,80.2256317139,46639,46648,9
13.0153799057,80.2258071899,46648,46658,10
13.0153102875,80.2258377075,46658,46670,12
13.0151796341,80.2258987427,46670,46680,10
13.014960289,80.2259902954,46680,46688,8
13.0146999359,80.22605896,46688,46700,12
13.0142402649,80.2261734009,46700,46710,10
13.0142202377,80.2259597778,46710,46720,10
13.0145301819,80.2255706787,46720,46730,10
13.0141897202,80.2253265381,46730,46872,142
13.0141897202,80.2253265381,46872,46882,10
13.014289856,80.2254714966,46882,46892,10
13.0143203735,80.2257766724,46892,46902,10
13.0147695541,80.2257003784,46902,46942,40
13.0145702362,80.2256774902,46942,46962,20
13.0145702362,80.2256774902,46962,46973,11
13.0147104263,80.2257385254,46973,49265,2292
13.0147104263,80.2257385254,49265,49275,10
13.0146198273,80.225730896,49275,49286,11
13.0142202377,80.226020813,49286,49417,131
13.0142202377,80.226020813,49417,49427,10
13.0142297745,80.2261581421,49427,49437,10
13.0140695572,80.2262802124,49437,49447,10
13.0135002136,80.2265167236,49447,49457,10
13.0127601624,80.2268295288,49457,49467,10
13.0119800568,80.227142334,49467,49477,10
13.0111103058,80.2274932861,49477,49488,11
13.010140419,80.2278823853,49488,49498,10
13.0095396042,80.2278213501,49498,49508,10
13.0096197128,80.2273635864,49508,49518,10
13.0099096298,80.2266693115,49518,49528,10
13.0102396011,80.2259292603,49528,49538,10
13.0105695724,80.2251586914,49538,49548,10
13.0109500885,80.224319458,49548,49558,10
13.011300087,80.2235031128,49558,49568,10
13.0116195679,80.2233428955,49568,49578,10
13.0121803284,80.2236480713,49578,49589,11
13.0126104355,80.2238922119,49589,49599,10
13.0131902695,80.2241821289,49599,49609,10
13.0138597488,80.2245025635,49609,49619,10
13.0144796371,80.2248535156,49619,49629,10
13.0150003433,80.225189209,49629,49638,9
13.0153102875,80.2253189087,49638,49649,11
13.0158500671,80.2253417969,49649,49659,10
13.0165996552,80.2252883911,49659,49668,9
13.0173797607,80.2249603271,49668,49679,11
13.018409729,80.2245330811,49679,49690,11
13.0196695328,80.2245025635,49690,49710,20
13.0196695328,80.2245025635,49710,49720,10
13.0197896957,80.2246627808,49720,49730,10
13.0202302933,80.2249984741,49730,49740,10
13.0208997726,80.2254486084,49740,49750,10
13.0216302872,80.2259902954,49750,49760,10
13.0223503113,80.2265396118,49760,49770,10
13.0230197906,80.2271270752,49770,49781,11
13.0237598419,80.2277908325,49781,49791,10
13.0242395401,80.2282867432,49791,49801,10
13.024310112,80.2283706665,49801,49811,10
13.0245599747,80.2287597656,49811,49821,10
13.0249300003,80.2292709351,49821,49831,10
13.0253295898,80.2297668457,49831,49841,10
13.0256204605,80.2302093506,49841,49851,10
13.0258903503,80.2306976318,49851,49861,10
13.0260095596,80.2310791016,49861,49871,10
13.0262002945,80.2313079834,49871,49882,11
13.0267896652,80.2311782837,49882,49892,10
13.0274896622,80.231010437,49892,49902,10
13.0282201767,80.2309417725,49902,49912,10
13.0291099548,80.2308578491,49912,49952,40
13.0291099548,80.2308578491,49952,49962,10
13.0292701721,80.2308273315,49962,49972,10
13.0295295715,80.230796814,49972,49983,11
13.0300703049,80.2307510376,49983,49993,10
13.030500412,80.2307128906,49993,50003,10
13.030960083,80.230682373,50003,50013,10
13.0315504074,80.2306518555,50013,50023,10
13.0322303772,80.2305908203,50023,50033,10
13.0329704285,80.2305221558,50033,50043,10
13.033490181,80.2304763794,50043,50053,10
13.0341796875,80.2304382324,50053,50063,10
13.034330368,80.2303771973,50063,50073,10
13.0345201492,80.2303085327,50073,50084,11
13.0348596573,80.23021698,50084,50094,10
13.0350399017,80.2299575806,50094,50104,10
13.0348796844,80.2298126221,50104,50114,10
13.0346403122,80.2298126221,50114,50124,10
13.0344295502,80.2297897339,50124,50235,111
13.0342798233,80.2301177979,50235,50316,81
13.0342798233,80.2301177979,50316,50326,10
13.0341796875,80.2303085327,50326,50346,20
13.0341796875,80.2303085327,50346,50356,10
13.0338401794,80.2304382324,50356,50372,16
13.0329704285,80.2305221558,50372,50384,12
13.0320796967,80.2305908203,50384,50395,11
13.0314102173,80.230682373,50395,50405,10
13.0308599472,80.2307510376,50405,50415,10
13.0304803848,80.230758667,50415,50425,10
13.0302400589,80.230758667,50425,50435,10
13.0301103592,80.2307662964,50435,50445,10
13.0299196243,80.230796814,50445,50454,9
13.0298404694,80.230796814,50454,50465,11
13.029709816,80.2308197021,50465,50475,10
13.0293397903,80.2308502197,50475,50484,9
13.028840065,80.2309112549,50484,50496,12
13.0281600952,80.23097229,50496,50506,10
13.0277299881,80.2310180664,50506,50516,10
13.027680397,80.2313613892,50516,50526,10
13.0277795792,80.2319793701,50526,50536,10
13.0278701782,80.2325515747,50536,50546,10
13.0278501511,80.2327728271,50546,50556,10
13.0275297165,80.2328262329,50556,50566,10
13.0272397995,80.2329406738,50566,50627,61
13.0272397995,80.2329406738,50627,50637,10
13.0270595551,80.2329788208,50637,50647,10
13.0268697739,80.233001709,50647,50657,10
13.0265798569,80.2330474854,50657,50667,10
13.0262804031,80.2326278687,50667,50677,10
13.0260696411,80.231880188,50677,50688,11
13.0258302689,80.2309799194,50688,50698,10
13.0253400803,80.2300415039,50698,50708,10
13.0249500275,80.2294998169,50708,50718,10
13.0247001648,80.2291793823,50718,50728,10
13.0243997574,80.228767395,50728,50738,10
13.0240497589,80.2282562256,50738,50748,10
13.0235700607,80.2277374268,50748,50758,10
13.0233201981,80.2275238037,50758,50768,10
13.0231103897,80.2274780273,50768,50778,10
13.0230503082,80.2274398804,50778,50788,10
13.0228595734,80.2272720337,50788,50805,17
13.0221700668,80.2264404297,50805,50817,12
13.021320343,80.2257766724,50817,50827,10
13.0205097198,80.225189209,50827,50837,10
13.019780159,80.2247009277,50837,50847,10
13.0187597275,80.2245178223,50847,50857,10
13.0176801682,80.2249526978,50857,50867,10
13.0165996552,80.225402832,50867,50877,10
13.0157804489,80.2257003784,50877,50888,11
13.0151195526,80.225982666,50888,50898,10
13.0145597458,80.2262115479,50898,50908,10
13.0142202377,80.2263565063,50908,50918,10
13.0140695572,80.2264022827,50918,50928,10
13.0135498047,80.2265930176,50928,50938,10
13.0128002167,80.2268600464,50938,50948,10
13.0119104385,80.227180481,50948,50958,10
13.0108804703,80.2275924683,50958,50968,10
13.0100097656,80.2279205322,50968,50978,10
13.0094995499,80.2276000977,50978,50989,11
13.0098400116,80.2268371582,50989,50999,10
13.0101900101,80.226020813,50999,51009,10
13.0105304718,80.2252731323,51009,51019,10
13.0107803345,80.2247695923,51019,51029,10
13.0109901428,80.2241592407,51029,51039,10
13.0111999512,80.2236633301,51039,51049,10
13.0112199783,80.223487854,51049,51059,10
13.0112304688,80.2231674194,51059,51069,10
13.010720253,80.2228927612,51069,51079,10
13.0099897385,80.2225036621,51079,51090,11
13.009059906,80.2220001221,51090,51100,10
13.0082302094,80.2215499878,51100,51110,10
13.0073404312,80.2210922241,51110,51120,10
13.0063800812,80.2206268311,51120,51130,10
13.0052995682,80.2203903198,51130,51140,10
13.0043296814,80.220161438,51140,51150,10
13.003569603,80.2199783325,51150,51160,10
13.0028800964,80.2197723389,51160,51170,10
13.002240181,80.2192687988,51170,51180,10
13.0018596649,80.2188491821,51180,51191,11
13.0013303757,80.2183990479,51191,51201,10
13.0007696152,80.2180328369,51201,51211,10
13.000120163,80.2176208496,51211,51221,10
12.9994401932,80.2172164917,51221,51231,10
12.9987697601,80.2168807983,51231,51241,10
12.9980401993,80.2165985107,51241,51251,10
12.9979000092,80.2165679932,51251,51261,10
12.9976902008,80.2165374756,51261,51271,10
12.997420311,80.216506958,51271,51281,10
12.9972496033,80.2165374756,51281,51291,10
12.9969596863,80.2165603638,51291,51302,11
12.9963598251,80.2166137695,51302,51312,10
12.9956102371,80.2167892456,51312,51328,16
12.9949798584,80.2171401978,51328,51340,12
12.9944200516,80.2175292969,51340,51350,10
12.9939899445,80.2178192139,51350,51360,10
12.9932699203,80.2183227539,51360,51370,10
12.9927196503,80.218711853,51370,51380,10
12.9919700623,80.2192764282,51380,51390,10
12.9916400909,80.2195510864,51390,51401,11
12.9911804199,80.2198867798,51401,51410,9
12.9907598495,80.2201766968,51410,51421,11
12.9902095795,80.2205810547,51421,51430,9
12.9896001816,80.2212219238,51430,51440,10
12.9891996384,80.2216415405,51440,51451,11
12.9887504578,80.2222518921,51451,51460,9
12.9882802963,80.2226791382,51460,51470,10
12.9877996445,80.2230682373,51470,51481,11
12.987159729,80.2230682373,51481,51491,10
12.9868001938,80.2229995728,51491,51502,11
12.9866104126,80.2229690552,51502,51512,10
12.9864397049,80.2229919434,51512,51522,10
12.9860801697,80.2229995728,51522,51532,10
12.9855098724,80.2232666016,51532,51542,10
12.984869957,80.2231826782,51542,51551,9
12.9842500687,80.2227783203,51551,51562,11
12.9836301804,80.2223968506,51562,51572,10
12.9832401276,80.2221298218,51572,51582,10
12.9832401276,80.2221221924,51582,51592,10
12.9829397202,80.2219467163,51592,51603,11
12.9824199677,80.2218093872,51603,51612,9
12.9819803238,80.221572876,51612,51623,11
12.9812097549,80.2211380005,51623,51633,10
12.980340004,80.2210769653,51633,51643,10
12.9794397354,80.2211303711,51643,51653,10
12.9785299301,80.2211914063,51653,51663,10
12.9777402878,80.2212219238,51663,51673,10
12.9771795273,80.2212600708,51673,51683,10
12.9764404297,80.2212524414,51683,51693,10
12.975979805,80.2212600708,51693,51704,11
12.975859642,80.2211914063,51704,51714,10
12.9757604599,80.2210464478,51714,51724,10
12.9755401611,80.220916748,51724,51734,10
12.9755001068,80.2208404541,51734,51744,10
12.9754600525,80.2208023071,51744,51754,10
12.9752597809,80.2206268311,51754,51764,10
12.9747695923,80.2203979492,51764,51774,10
12.9739999771,80.2200698853,51774,51784,10
12.9732398987,80.2198028564,51784,51794,10
12.9726495743,80.2195587158,51794,51805,11
12.9718599319,80.2193222046,51805,51815,10
12.9712200165,80.2191390991,51815,51825,10
12.9709596634,80.2190704346,51825,51835,10
12.9706201553,80.2189025879,51835,51845,10
12.9699697495,80.2186203003,51845,51855,10
12.9692802429,80.2183609009,51855,51865,10
12.9686098099,80.2180862427,51865,51875,10
12.9679203033,80.2178268433,51875,51885,10
12.9672203064,80.2175521851,51885,51901,16
12.9659700394,80.217048645,51901,51914,13
12.9647703171,80.2165679932,51914,51924,10
12.9637403488,80.2161178589,51924,51934,10
12.9628200531,80.2156982422,51934,51944,10
12.9617795944,80.2153015137,51944,51954,10
12.9607095718,80.2148666382,51954,51964,10
12.9596204758,80.2144622803,51964,51974,10
12.9585103989,80.214012146,51974,51984,10
12.9573898315,80.2135696411,51984,51994,10
12.9566402435,80.2132568359,51994,52004,10
12.9559602737,80.2130203247,52004,52015,11
12.9549798965,80.212638855,52015,52025,10
12.954000473,80.2122497559,52025,52035,10
12.9537496567,80.2121582031,52035,52045,10
12.9532804489,80.2119598389,52045,52055,10
12.9525403976,80.2116775513,52055,52065,10
12.9516000748,80.2113037109,52065,52075,10
12.9505500793,80.2108764648,52075,52085,10
12.9495401382,80.2104873657,52085,52095,10
12.948559761,80.2100906372,52095,52106,11
12.9473400116,80.2096176147,52106,52116,10
12.9460897446,80.2091217041,52116,52126,10
12.9449996948,80.2086791992,52126,52136,10
12.9442501068,80.2083969116,52136,52146,10
12.9440803528,80.2083206177,52146,52156,10
12.943570137,80.2080993652,52156,52166,10
12.9429397583,80.2076568604,52166,52176,10
12.9423904419,80.2069778442,52176,52186,10
12.9416303635,80.2063369751,52186,52196,10
12.9409799576,80.2059783936,52196,52207,11
12.9407596588,80.2058868408,52207,52218,11
12.9401397705,80.2056808472,52218,52228,10
12.9394598007,80.2054824829,52228,52238,10
12.9387302399,80.2052536011,52238,52248,10
12.9379997253,80.2050323486,52248,52257,9
12.9370498657,80.2047576904,52257,52268,11
12.9360599518,80.2044830322,52268,52278,10
12.9354095459,80.2042388916,52278,52288,10
12.9347000122,80.2039718628,52288,52297,9
12.9339199066,80.2039031982,52297,52309,12
12.9336700439,80.2039108276,52309,52319,10
12.9334201813,80.2038803101,52319,52329,10
12.932849884,80.2036590576,52329,52339,10
12.9321203232,80.2033996582,52339,52349,10
12.9313001633,80.2031402588,52349,52359,10
12.9304199219,80.2028884888,52359,52369,10
12.9294500351,80.2027587891,52369,52389,20
12.9294500351,80.2027587891,52389,52399,10
12.9291095734,80.2026901245,52399,52410,11
12.9285097122,80.2024612427,52410,52420,10
12.9284696579,80.2017974854,52420,52430,10
12.928440094,80.2009429932,52430,52440,10
12.9283704758,80.1999130249,52440,52450,10
12.927980423,80.198890686,52450,52460,10
12.9273195267,80.1979980469,52460,52470,10
12.9262695313,80.1975479126,52470,52480,10
12.9254703522,80.1974868774,52480,52490,10
12.9251499176,80.197479248,52490,52500,10
12.924489975,80.197479248,52500,52511,11
12.9235801697,80.1974487305,52511,52521,10
12.9226398468,80.1973266602,52521,52531,10
12.9216499329,80.1971282959,52531,52541,10
12.9207201004,80.1967926025,52541,52551,10
12.9198799133,80.1965026855,52551,52561,10
12.9190998077,80.1960830688,52561,52571,10
12.918419838,80.1954879761,52571,52581,10
12.9176597595,80.19480896,52581,52591,10
12.9170999527,80.1941986084,52591,52602,11
12.9169998169,80.193687439,52602,52612,10
12.9170398712,80.1929016113,52612,52622,10
12.9171104431,80.1923522949,52622,52632,10
12.9171695709,80.1920471191,52632,52642,10
12.9172801971,80.1912536621,52642,52662,20
12.9172801971,80.1912536621,52662,52672,10
12.9173498154,80.1908187866,52672,52682,10
12.9173603058,80.1903076172,52682,52692,10
12.9175300598,80.1896209717,52692,52703,11
12.9179401398,80.1887588501,52703,52713,10
12.9185400009,80.188079834,52713,52723,10
12.9190301895,80.1875534058,52723,52733,10
12.919670105,80.1868209839,52733,52743,10
12.9203996658,80.1859512329,52743,52753,10
12.9204597473,80.1848373413,52753,52763,10
12.9202203751,80.1837310791,52763,52773,10
12.919960022,80.1827011108,52773,52783,10
12.9198999405,80.1824874878,52783,52793,10
12.9197998047,80.1820373535,52793,52803,10
12.9196395874,80.1812973022,52803,52814,11
12.9194297791,80.1802368164,52814,52824,10
12.9190502167,80.1791763306,52824,52834,10
12.9183597565,80.178237915,52834,52844,10
12.9182701111,80.1771011353,52844,52860,16
12.9186496735,80.1752929688,52860,52872,12
12.9189796448,80.1739120483,52872,52880,8
12.9192304611,80.1729431152,52880,52891,11
12.9195804596,80.1716079712,52891,52902,11
12.9197902679,80.1708984375,52902,52913,11
12.9198503494,80.1707305908,52913,52923,10
12.9200401306,80.1701507568,52923,52932,9
12.9202899933,80.1693496704,52932,52942,10
12.9205999374,80.1683578491,52942,52953,11
12.9210700989,80.1669311523,52953,52962,9
12.9214200974,80.1658172607,52962,52973,11
12.9217996597,80.1645584106,52973,52983,10
12.9222097397,80.1632614136,52983,52992,9
12.922539711,80.1622314453,52992,53003,11
12.9229202271,80.1610107422,53003,53014,11
12.9231004715,80.1604385376,53014,53024,10
12.9231595993,80.1602935791,53024,53034,10
12.9232997894,80.1596984863,53034,53043,9
12.9233999252,80.1588821411,53043,53054,11
12.9235200882,80.1577072144,53054,53064,10
12.9236402512,80.1563873291,53064,53074,10
12.9235095978,80.1553268433,53074,53084,10
12.9234104156,80.1550521851,53084,53094,10
12.9233503342,80.1548233032,53094,53104,10
12.9231996536,80.1542205811,53104,53115,11
12.9229898453,80.1533126831,53115,53125,10
12.9227399826,80.1522903442,53125,53135,10
12.9224596024,80.1518783569,53135,53155,20
12.9224596024,80.1518783569,53155,53165,10
12.922369957,80.1519012451,53165,53175,10
12.9219503403,80.1519927979,53175,53185,10
12.921210289,80.1521606445,53185,53195,10
12.9207000732,80.1522216797,53195,53206,11
12.9198503494,80.1522598267,53206,53216,10
12.9188995361,80.1523208618,53216,53226,10
12.9178304672,80.1522979736,53226,53236,10
12.91685009,80.1522216797,53236,53246,10
12.9159297943,80.1521682739,53246,53256,10
12.9153995514,80.1525802612,53256,53266,10
12.914899826,80.1533889771,53266,53276,10
12.9143400192,80.154296875,53276,53286,10
12.9136104584,80.1549377441,53286,53296,10
12.9128503799,80.1553878784,53296,53306,10
12.9120998383,80.1557693481,53306,53317,11
12.9115495682,80.1560592651,53317,53327,10
12.9110498428,80.1563415527,53327,53337,10
12.9104795456,80.1566390991,53337,53346,9
12.9100799561,80.1568832397,53346,53357,11
12.9093904495,80.1572189331,53357,53367,10
12.9087400436,80.1573410034,53367,53377,10
12.9085702896,80.157333374,53377,53387,10
12.9080896378,80.1573486328,53387,53397,10
12.9074497223,80.1574172974,53397,53408,11
12.9074201584,80.1576690674,53408,53418,10
12.907409668,80.1577987671,53418,53428,10
12.9073600769,80.1583786011,53428,53438,10
12.9072198868,80.1592025757,53438,53448,10
12.9066801071,80.1594009399,53448,53458,10
12.9066295624,80.1594009399,53458,53468,10
12.9062900543,80.1593322754,53468,53478,10
12.9057197571,80.1591873169,53478,53488,10
12.9050397873,80.1590118408,53488,53498,10
12.904299736,80.1588134766,53498,53509,11
12.9036102295,80.1586532593,53509,53529,20
12.9036102295,80.1586532593,53529,53539,10
12.9033298492,80.1585464478,53539,53549,10
12.9026899338,80.1584091187,53549,53559,10
12.90184021,80.1582717896,53559,53569,10
12.9007797241,80.1580963135,53569,53630,61
12.9007797241,80.1580963135,53630,53640,10
12.9010601044,80.1581573486,53640,53650,10
12.9015703201,80.1581878662,53650,53660,10
12.9021596909,80.1582794189,53660,53670,10
12.9026203156,80.1583480835,53670,54721,1051
12.9026203156,80.1583480835,54721,54731,10
12.9028501511,80.1584014893,54731,54741,10
12.903260231,80.158493042,54741,54751,10
12.9035902023,80.1585617065,54751,54761,10
12.9039497375,80.1586837769,54761,54771,10
12.9045200348,80.1588363647,54771,54781,10
12.9050502777,80.1589813232,54781,54791,10
12.9056596756,80.1591491699,54791,54801,10
12.9060297012,80.1592102051,54801,54811,10
12.9063796997,80.1592788696,54811,54821,10
12.9066200256,80.1593322754,54821,54832,11
12.9070396423,80.1593170166,54832,54842,10
12.9072599411,80.1588287354,54842,54852,10
12.9073200226,80.1581802368,54852,54862,10
12.9073696136,80.1575927734,54862,54912,50
12.9073696136,80.1575927734,54912,54923,11
12.9073896408,80.1574478149,54923,54933,10
12.9077301025,80.1572799683,54933,54943,10
12.9083003998,80.1572570801,54943,54953,10
12.908659935,80.1572265625,54953,54963,10
12.9087896347,80.1572418213,54963,54973,10
12.9091501236,80.1572036743,54973,54983,10
12.9094896317,80.1570587158,54983,54993,10
12.9101200104,80.15675354,54993,55003,10
12.9107398987,80.1564025879,55003,55013,10
12.911239624,80.1561584473,55013,55023,10
12.9116201401,80.1559829712,55023,55034,11
12.9122200012,80.155670166,55034,55044,10
12.9125795364,80.1554718018,55044,55054,10
12.9130001068,80.1552200317,55054,55661,607
12.9206600189,80.1853103638,55661,55673,12
12.9207000732,80.1854705811,55673,55682,9
12.9205999374,80.1858825684,55682,55694,12
12.9200801849,80.1865463257,55694,55704,10
12.9194803238,80.1872177124,55704,55714,10
12.9190797806,80.1876831055,55714,55724,10
12.9186201096,80.1882095337,55724,55734,10
12.9177398682,80.1893005371,55734,55744,10
12.9177398682,80.1893005371,55744,55755,11
12.9174699783,80.1902618408,55755,55765,10
12.9173698425,80.1910934448,55765,55775,10
12.91726017,80.1919937134,55775,55785,10
12.9171199799,80.1929779053,55785,55817,32
12.9171199799,80.1929779053,55817,55827,10
12.9170999527,80.1930923462,55827,55837,10
12.917090416,80.1934814453,55837,55847,10
12.9171495438,80.1939620972,55847,55858,11
12.9175901413,80.1946411133,55858,55868,10
12.9181995392,80.1951980591,55868,55878,10
12.9188604355,80.1958236694,55878,55888,10
12.9196996689,80.1964035034,55888,55898,10
12.9204797745,80.1967010498,55898,55908,10
12.921090126,80.1968917847,55908,55918,10
12.9217395782,80.1971282959,55918,55928,10
12.9226503372,80.1973114014,55928,55938,10
12.9235401154,80.1974029541,55938,55948,10
12.924539566,80.1974411011,55948,55959,11
12.9252700806,80.1974411011,55959,55969,10
12.9256601334,80.1974411011,55969,55979,10
12.9263696671,80.197517395,55979,55989,10
12.9271802902,80.1978912354,55989,55998,9
12.9278202057,80.1985321045,55998,56009,11
12.9283103943,80.199546814,56009,56019,10
12.9284896851,80.2005996704,56019,56029,10
12.9285402298,80.2015609741,56029,56039,10
12.928560257,80.2020492554,56039,56049,10
12.9286203384,80.2024383545,56049,56060,11
12.9292802811,80.2026824951,56060,56070,10
12.9294700623,80.2026901245,56070,56080,10
12.9299097061,80.2027435303,56080,56090,10
12.9306297302,80.20287323,56090,56100,10
12.9314603806,80.2031097412,56100,56110,10
12.9323596954,80.2034072876,56110,56120,10
12.9329795837,80.2035980225,56120,56130,10
12.9336299896,80.2038192749,56130,56140,10
12.9340896606,80.2038421631,56140,56150,10
12.9346399307,80.2039031982,56150,56161,11
12.9354295731,80.2042007446,56161,56171,10
12.9361200333,80.2044677734,56171,56181,10
12.9368095398,80.2046737671,56181,56191,10
12.9374704361,80.2048416138,56191,56201,10
12.9382200241,80.2050628662,56201,56211,10
12.9390096664,80.205291748,56211,56221,10
12.9398097992,80.2055206299,56221,56231,10
12.9404296875,80.2057113647,56231,56241,10
12.9405403137,80.2057418823,56241,56251,10
12.9408397675,80.2058563232,56251,56262,11
12.9414701462,80.2061920166,56262,56272,10
12.9421701431,80.2067337036,56272,56282,10
12.9427900314,80.2073364258,56282,56292,10
12.9433803558,80.2079772949,56292,56302,10
12.9440202713,80.2082214355,56302,56312,10
12.9443798065,80.2083587646,56312,56321,9
12.9444198608,80.208366394,56321,56332,11
12.944609642,80.208442688,56332,56342,10
12.9451599121,80.2086334229,56342,56352,10
12.9459104538,80.2089233398,56352,56363,11
12.9468202591,80.2092819214,56363,56373,10
12.9476003647,80.2095870972,56373,56383,10
12.9483299255,80.2098693848,56383,56393,10
12.9491596222,80.2101974487,56393,56403,10
12.9501895905,80.2106170654,56403,56413,10
12.9513196945,80.2110671997,56413,56423,10
12.9523601532,80.2114868164,56423,56433,10
12.95333004,80.2118911743,56433,56443,10
12.9543304443,80.2122802734,56443,56453,10
12.9553604126,80.212677002,56453,56464,11
12.9564504623,80.2130966187,56464,56474,10
12.9571304321,80.2133712769,56474,56484,10
12.957909584,80.2136764526,56484,56494,10
12.9588298798,80.2140579224,56494,56504,10
12.9598197937,80.2144775391,56504,56514,10
12.9608297348,80.2148895264,56514,56524,10
12.9617595673,80.2152404785,56524,56534,10
12.9627799988,80.215637207,56534,56544,10
12.9637098312,80.2160110474,56544,56554,10
12.9646501541,80.2164001465,56554,56565,11
12.9657897949,80.2168502808,56565,56575,10
12.9667196274,80.2172393799,56575,56585,10
12.9675998688,80.2175827026,56585,56595,10
12.968079567,80.2177886963,56595,56605,10
12.9686899185,80.2180023193,56605,56615,10
12.9695796967,80.2183609009,56615,56625,10
12.9705696106,80.21875,56625,56635,10
12.9711799622,80.218963623,56635,56645,10
12.971329689,80.2190093994,56645,56655,10
12.9718599319,80.21925354,56655,56666,11
12.9726600647,80.2195663452,56666,56676,10
12.9735498428,80.2199401855,56676,56686,10
12.974240303,80.2202072144,56686,56696,10
12.9744100571,80.2202682495,56696,56706,10
12.9744596481,80.2202835083,56706,56716,10
12.9745702744,80.2203369141,56716,56726,10
12.9748401642,80.2204437256,56726,56736,10
12.9750003815,80.2205123901,56736,56746,10
12.9752702713,80.2206268311,56746,56756,10
12.9754800797,80.2204971313,56756,56767,11
12.975859642,80.2202224731,56767,56777,10
12.9760704041,80.2201309204,56777,56787,10
12.9763202667,80.2199935913,56787,56797,10
12.9768896103,80.2197570801,56797,56807,10
12.9776201248,80.2194519043,56807,56817,10
12.9784002304,80.2191162109,56817,56827,10
12.9788198471,80.2189483643,56827,56837,10
12.9795198441,80.2186965942,56837,56847,10
12.9801797867,80.2184371948,56847,56857,10
12.980890274,80.2181625366,56857,56874,17
12.982219696,80.2178497314,56874,56886,12
12.9825696945,80.2178573608,56886,56894,8
12.9830999374,80.2178573608,56894,56906,12
12.9838600159,80.2178192139,56906,56916,10
12.9840898514,80.2178192139,56916,56926,10
12.984629631,80.2178192139,56926,56936,10
12.9854001999,80.2178268433,56936,56946,10
12.9863300323,80.2180099487,56946,56956,10
12.9874000549,80.2182235718,56956,56977,21
12.9874000549,80.2182235718,56977,56987,10
12.9876899719,80.2182998657,56987,56997,10
12.988360405,80.218460083,56997,57007,10
12.9892196655,80.218711853,57007,57017,10
12.9901895523,80.219039917,57017,57027,10
12.9912204742,80.2193603516,57027,57037,10
12.9919500351,80.2192077637,57037,57046,9
12.9925298691,80.2188110352,57046,57057,11
12.9933204651,80.2182388306,57057,57068,11
12.9940900803,80.2176589966,57068,57078,10
12.9946699142,80.2172470093,57078,57088,10
12.9950199127,80.2169876099,57088,57098,10
12.9956197739,80.2166976929,57098,57108,10
12.9962997437,80.216506958,57108,57118,10
12.9968595505,80.2164535522,57118,57128,10
12.9973201752,80.2162399292,57128,57138,10
12.9974803925,80.2161102295,57138,57148,10
12.9975299835,80.2160415649,57148,57158,10
12.9978399277,80.2157669067,57158,57169,11
12.9984502792,80.2152328491,57169,57179,10
12.9990501404,80.2147369385,57179,57189,10
12.9993200302,80.2145233154,57189,57199,10
12.9997797012,80.2141189575,57199,57209,10
13.0002202988,80.2137374878,57209,57219,10
13.0007801056,80.2132263184,57219,57229,10
13.0014400482,80.2127609253,57229,57239,10
13.0021295547,80.2123184204,57239,57249,10
13.0024995804,80.2121505737,57249,57258,9
13.0030097961,80.212059021,57258,57270,12
13.0038404465,80.2119369507,57270,57280,10
13.004529953,80.2122192383,57280,57290,10
13.0051002502,80.2125701904,57290,57300,10
13.0058603287,80.2129135132,57300,57310,10
13.0066099167,80.2126922607,57310,57320,10
13.0078601837,80.2130813599,57320,57350,30
13.0078601837,80.2130813599,57350,57360,10
13.0080003738,80.213218689,57360,57371,11
13.0085401535,80.2134170532,57371,57381,10
13.0089998245,80.2140426636,57381,57391,10
13.0095300674,80.2147827148,57391,57401,10
13.0100097656,80.215423584,57401,57411,10
13.0105304718,80.2160797119,57411,57421,10
13.0108098984,80.2168273926,57421,57431,10
13.0111303329,80.2175827026,57431,57441,10
13.0115404129,80.2186584473,57441,57451,10
13.0118999481,80.2197418213,57451,57461,10
13.0122699738,80.2208023071,57461,57472,11
13.0126104355,80.2215194702,57472,57492,20
13.0126104355,80.2215194702,57492,57502,10
13.0127801895,80.221786499,57502,57512,10
13.0130701065,80.2221374512,57512,57522,10
13.013420105,80.2226028442,57522,57532,10
13.0138902664,80.2231521606,57532,57542,10
13.0141897202,80.2235412598,57542,57552,10
13.0143995285,80.2238235474,57552,57562,10
13.0150499344,80.2246017456,57562,57583,21
13.0150499344,80.2246017456,57583,57593,10
13.0152196884,80.2248535156,57593,57603,10
13.0156402588,80.2251968384,57603,57613,10
13.0163097382,80.2253265381,57613,57623,10
13.0170402527,80.2250900269,57623,57633,10
13.0178804398,80.2247619629,57633,57649,16
13.0191602707,80.2243423462,57649,57661,12
13.0195798874,80.2244033813,57661,57670,9
13.0197401047,80.2245025635,57670,57691,21
13.0197401047,80.2245025635,57691,57702,11
13.0200500488,80.2248077393,57702,57712,10
13.0205001831,80.2251434326,57712,57722,10
13.0211601257,80.2256393433,57722,57732,10
13.0217695236,80.2260971069,57732,57742,10
13.022069931,80.2262802124,57742,57751,9
13.0222301483,80.2264175415,57751,57762,11
13.0227298737,80.2268676758,57762,57773,11
13.0234203339,80.2275238037,57773,57783,10
13.0240402222,80.2280578613,57783,57793,10
13.0242004395,80.2282333374,57793,57803,10
13.0242700577,80.2283325195,57803,57813,10
13.0244598389,80.2285995483,57813,57823,10
13.0247097015,80.2289810181,57823,57833,10
13.0250997543,80.2294921875,57833,57843,10
13.0255498886,80.2301025391,57843,57853,10
13.0258798599,80.2307128906,57853,57863,10
13.0260295868,80.2311935425,57863,57874,11
13.0263595581,80.2313232422,57874,57884,10
13.0270004272,80.2311935425,57884,57894,10
13.0277004242,80.2310333252,57894,57904,10
13.0283699036,80.2309112549,57904,57914,10
13.028960228,80.2308883667,57914,57964,50
13.028960228,80.2308883667,57964,57975,11
13.0291204453,80.2309188843,57975,57985,10
13.0294599533,80.2308807373,57985,57995,10
13.0298700333,80.2308425903,57995,58005,10
13.030380249,80.230796814,58005,58015,10
13.0308303833,80.2307510376,58015,58025,10
13.0313196182,80.230682373,58025,58035,10
13.0319595337,80.2306518555,58035,58045,10
13.0328502655,80.2305908203,58045,58086,41
13.0328502655,80.2305908203,58086,58096,10
13.0330095291,80.2306137085,58096,58106,10
13.0332603455,80.2305908203,58106,58116,10
13.0336103439,80.2305526733,58116,58166,50
13.0336103439,80.2305526733,58166,58177,11
13.0338602066,80.2305221558,58177,58197,20
13.0338602066,80.2305221558,58197,58207,10
13.0339202881,80.2304763794,58207,58217,10
13.0342102051,80.23046875,58217,58227,10
13.0343198776,80.23046875,58227,58237,10
13.0346403122,80.2304382324,58237,58247,10
13.0348501205,80.2303009033,58247,58257,10
13.0349197388,80.2302093506,58257,58268,11
13.0346097946,80.2299804688,58268,58449,181
13.034239769,80.2299423218,58449,59632,1183
13.0341901779,80.2303237915,59632,59652,20
13.0341901779,80.2303237915,59652,59662,10
13.0341796875,80.2304229736,59662,59673,11
13.0340099335,80.2304763794,59673,59683,10
13.0336198807,80.2304763794,59683,59693,10
13.0330696106,80.2305374146,59693,59703,10
13.0325803757,80.2305831909,59703,59713,10
13.031999588,80.2306365967,59713,59723,10
13.031370163,80.2306900024,59723,59733,10
13.0307703018,80.2307434082,59733,59743,10
13.02987957,80.2308273315,59743,59773,30
13.02987957,80.2308273315,59773,59784,11
13.0296001434,80.2308578491,59784,59794,10
13.0291500092,80.2308883667,59794,59804,10
13.028550148,80.2309417725,59804,59814,10
13.0280399323,80.2309799194,59814,59824,10
13.0277795792,80.231010437,59824,59834,10
13.0276498795,80.231262207,59834,59844,10
13.027680397,80.2317123413,59844,59854,10
13.0277500153,80.2321014404,59854,59864,10
13.0278396606,80.2324676514,59864,59874,10
13.027879715,80.232711792,59874,59885,11
13.0275802612,80.2328567505,59885,59895,10
13.0270595551,80.2329406738,59895,59905,10
13.0267696381,80.2329788208,59905,59915,10
13.0263996124,80.2328872681,59915,59925,10
13.0262002945,80.2322692871,59925,59935,10
13.0259799957,80.2314376831,59935,59945,10
13.0256900787,80.2305221558,59945,59955,10
13.0251398087,80.2297210693,59955,59965,10
13.0243797302,80.2287521362,59965,59996,31
13.0243797302,80.2287521362,59996,60006,10
13.0242500305,80.2285690308,60006,60016,10
13.0239095688,80.2281265259,60016,60026,10
13.0232400894,80.2275238037,60026,60076,50
13.0232400894,80.2275238037,60076,60087,11
13.0231103897,80.2273406982,60087,60097,10
13.0228595734,80.2270965576,60097,60107,10
13.0224599838,80.2267074585,60107,60123,16
13.021490097,80.2258911133,60123,60135,12
13.0205202103,80.2251968384,60135,60143,8
13.0198402405,80.2247390747,60143,60155,12
13.0187397003,80.2245178223,60155,60165,10
13.0176401138,80.2249679565,60165,60175,10
13.0167503357,80.2253189087,60175,60186,11
13.0163097382,80.2255172729,60186,60195,9
13.0157899857,80.2257080078,60195,60205,10
13.0151195526,80.225982666,60205,60216,11
13.0149202347,80.2260665894,60216,60226,10
13.014289856,80.22631073,60226,60236,10
13.0141601563,80.2263717651,60236,60246,10
13.0140695572,80.2264099121,60246,60256,10
13.0135803223,80.2265701294,60256,60266,10
13.0128602982,80.2268218994,60266,60277,11
13.0118904114,80.227180481,60277,60287,10
13.0108499527,80.2276000977,60287,60297,10
13.0098600388,80.2279663086,60297,60307,10
13.009519577,80.2275390625,60307,60317,10
13.0097904205,80.2269668579,60317,60327,10
13.0101099014,80.2262496948,60327,60337,10
13.0105104446,80.2253570557,60337,60347,10
13.0108604431,80.2245864868,60347,60357,10
13.0110397339,80.2241134644,60357,60367,10
13.0112600327,80.2235794067,60367,60378,11
13.0113897324,80.2232818604,60378,60408,30
13.0113897324,80.2232818604,60408,60418,10
13.0115003586,80.2229919434,60418,60428,10
13.0116901398,80.2224273682,60428,60438,10
13.0119800568,80.2215805054,60438,60448,10
13.0120296478,80.2208099365,60448,60458,10
13.0117702484,80.2200164795,60458,60468,10
13.011469841,80.219039917,60468,60484,16
13.010890007,80.2174530029,60484,60497,13
13.0103597641,80.2162704468,60497,60507,10
13.0099897385,80.2155838013,60507,60515,8
13.0094995499,80.2147827148,60515,60527,12
13.008939743,80.214050293,60527,60537,10
13.0082397461,80.2133789063,60537,60577,40
13.0082397461,80.2133789063,60577,60588,11
13.0079698563,80.2132415771,60588,60608,20
13.0079698563,80.2132415771,60608,60618,10
13.0078802109,80.2131576538,60618,60628,10
13.0076398849,80.2129516602,60628,60638,10
13.0071802139,80.2128067017,60638,60648,10
13.0065202713,80.2127609253,60648,60658,10
13.0058603287,80.2130126953,60658,60668,10
13.0051898956,80.2126617432,60668,60678,10
13.0044202805,80.2122421265,60678,60689,11
13.0034103394,80.2120895386,60689,60699,10
13.0025701523,80.2121429443,60699,60709,10
13.0019598007,80.2124404907,60709,60719,10
13.0014400482,80.2128067017,60719,60729,10
13.0008096695,80.2132873535,60729,60739,10
13.0001296997,80.2139282227,60739,60749,10
12.9996595383,80.2143478394,60749,60759,10
12.9991502762,80.2147598267,60759,60769,10
12.9989204407,80.2149810791,60769,60780,11
12.9983596802,80.2154464722,60780,60790,10
12.9977397919,80.2159805298,60790,60800,10
12.9973201752,80.2164077759,60800,60810,10
12.9971399307,80.2165374756,60810,60820,10
12.9965696335,80.2165679932,60820,60830,10
12.9958696365,80.2167129517,60830,60840,10
12.9951200485,80.2170181274,60840,60860,20
12.9951200485,80.2170181274,60860,60870,10
12.995010376,80.2170715332,60870,60881,11
12.9946603775,80.2173233032,60881,60891,10
12.9942102432,80.217666626,60891,60901,10
12.9937095642,80.2180404663,60901,60911,10
12.9930801392,80.2184829712,60911,60921,10
12.9924697876,80.2189178467,60921,60931,10
12.9918298721,80.2194137573,60931,60941,10
12.9910802841,80.2199630737,60941,60951,10
12.9908704758,80.2201309204,60951,60961,10
12.9906797409,80.2202835083,60961,60971,10
12.9902296066,80.2206420898,60971,60982,11
12.9896202087,80.2212600708,60982,60992,10
12.98939991,80.2215270996,60992,61002,10
12.9891700745,80.2218399048,61002,61012,10
12.9887199402,80.2223510742,61012,61022,10
12.9881000519,80.2228927612,61022,61032,10
12.9877004623,80.2230987549,61032,61042,10
12.9872102737,80.2230987549,61042,61052,10
12.9867801666,80.2230300903,61052,61062,10
12.9862298965,80.2229919434,61062,61072,10
12.9855699539,80.2231903076,61072,61083,11
12.9850101471,80.2232437134,61083,61093,10
12.9843196869,80.2228622437,61093,61103,10
12.9836196899,80.222442627,61103,61113,10
12.98320961,80.2221679688,61113,61133,20
12.98320961,80.2221679688,61133,61143,10
12.9830999374,80.222076416,61143,61153,10
12.9828701019,80.2219619751,61153,61163,10
12.9826498032,80.2218704224,61163,61173,10
12.9821996689,80.2217025757,61173,61184,11
12.9816303253,80.221321106,61184,61194,10
12.9809303284,80.2210388184,61194,61204,10
12.9801301956,80.2210769653,61204,61214,10
12.9793100357,80.2211608887,61214,61224,10
12.9786500931,80.2211837769,61224,61234,10
12.9778699875,80.221206665,61234,61244,10
12.9777202606,80.2212295532,61244,61254,10
12.9773597717,80.2212600708,61254,61264,10
12.9767103195,80.2212600708,61264,61274,10
12.9759902954,80.2213516235,61274,61363,89
12.9759902954,80.2213516235,61363,61373,10
12.9756202698,80.2210769653,61373,61384,11
12.9754896164,80.2209625244,61384,61404,20
12.9754896164,80.2209625244,61404,61414,10
12.9753303528,80.2208480835,61414,61424,10
12.9748296738,80.2205886841,61424,61434,10
12.9741001129,80.2202529907,61434,61444,10
12.973279953,80.219909668,61444,61454,10
12.972319603,80.2195663452,61454,61464,10
12.9713096619,80.2192611694,61464,61474,10
12.9710102081,80.2191696167,61474,61485,11
12.9708003998,80.219078064,61485,61495,10
12.9705896378,80.218963623,61495,61505,10
12.9702596664,80.2188034058,61505,61515,10
12.9698095322,80.2186203003,61515,61525,10
12.969329834,80.2184295654,61525,61535,10
12.9687900543,80.218208313,61535,61545,10
12.9681596756,80.217956543,61545,61555,10
12.9674797058,80.2176818848,61555,61565,10
12.9666204453,80.2173309326,61565,61575,10
12.9654598236,80.2168731689,61575,61586,11
12.9641895294,80.2163391113,61586,61596,10
12.963470459,80.2159805298,61596,61605,9
12.9628000259,80.2157287598,61605,61616,11
12.9617395401,80.2153396606,61616,61626,10
12.9606599808,80.2149200439,61626,61636,10
12.9596204758,80.2145080566,61636,61646,10
12.958609581,80.2141036987,61646,61656,10
12.9576396942,80.213722229,61656,61666,10
12.9569196701,80.2134017944,61666,61676,10
12.9560203552,80.2130508423,61676,61687,11
12.9548902512,80.2126083374,61687,61697,10
12.9538803101,80.2121887207,61697,61707,10
12.9530601501,80.2118606567,61707,61717,10
12.9520702362,80.211479187,61717,61727,10
12.9510202408,80.2110595703,61727,61737,10
12.9499597549,80.2106399536,61737,61747,10
12.9490003586,80.2102737427,61747,61757,10
12.9480304718,80.2098999023,61757,61767,10
12.946849823,80.2094192505,61767,61777,10
12.9455604553,80.2089080811,61777,61788,11
12.9444198608,80.2084579468,61788,61798,10
12.9442195892,80.2083969116,61798,61808,10
12.9440002441,80.2083129883,61808,61818,10
12.9435501099,80.2081069946,61818,61828,10
12.9429502487,80.2077026367,61828,61838,10
12.9423904419,80.2070007324,61838,61848,10
12.9416103363,80.2063598633,61848,61858,10
12.9410495758,80.2060394287,61858,61868,10
12.9409999847,80.2060089111,61868,61878,10
12.9406204224,80.2058563232,61878,61889,11
12.9399003983,80.2056427002,61889,61899,10
12.9391698837,80.205406189,61899,61909,10
12.938369751,80.2051620483,61909,61919,10
12.9374799728,80.2049179077,61919,61935,16
12.9361095428,80.2045211792,61935,61947,12
12.9353704453,80.2042694092,61947,61957,10
12.9346504211,80.2040023804,61957,61967,10
12.9338998795,80.2039413452,61967,61977,10
12.933839798,80.2039413452,61977,61987,10
12.9336595535,80.2039337158,61987,61998,11
12.9331598282,80.2038192749,61998,62008,10
12.9325895309,80.2035903931,62008,62018,10
12.9318599701,80.203338623,62018,62028,10
12.9310798645,80.2030792236,62028,62038,10
12.9303302765,80.2029037476,62038,62048,10
12.9297504425,80.2028274536,62048,62058,10
12.9297199249,80.2028198242,62058,62068,10
12.9295101166,80.2027893066,62068,62078,10
12.9290704727,80.2027282715,62078,62089,11
12.9286003113,80.2025985718,62089,62099,10
12.9284801483,80.2021408081,62099,62109,10
12.9284601212,80.2013778687,62109,62119,10
12.9284296036,80.2004394531,62119,62129,10
12.9281902313,80.1994171143,62129,62139,10
12.927740097,80.1985015869,62139,62149,10
12.9269599915,80.1978225708,62149,62159,10
12.9264001846,80.1976013184,62159,62169,10
12.9260396957,80.1975402832,62169,62179,10
12.9256000519,80.1975326538,62179,62190,11
12.9254102707,80.197517395,62190,62200,10
12.924949646,80.1975097656,62200,62210,10
12.9242095947,80.1975021362,62210,62220,10
12.9234104156,80.1974716187,62220,62230,10
12.9226303101,80.1973571777,62230,62240,10
12.9220104218,80.1972579956,62240,62250,10
12.9213600159,80.1970672607,62250,62260,10
12.9208297729,80.1968612671,62260,62270,10
12.9201402664,80.1966323853,62270,62279,9
12.9194803238,80.1963882446,62279,62290,11
12.9187202454,80.1957778931,62290,62301,11
12.9180698395,80.1951904297,62301,62311,10
12.9174203873,80.1946105957,62311,62321,10
12.9170303345,80.1940765381,62321,62331,10
12.9169797897,80.1935806274,62331,62341,10
12.9170398712,80.1929397583,62341,62351,10
12.9170999527,80.1923370361,62351,62361,10
12.9171600342,80.1920394897,62361,62371,10
12.9172201157,80.1916122437,62371,62381,10
12.9172697067,80.1913375854,62381,62392,11
12.9172801971,80.1912231445,62392,62402,10
12.9173402786,80.1907196045,62402,62412,10
12.9173498154,80.1903686523,62412,62422,10
12.9174003601,80.1901397705,62422,62432,10
12.9175596237,80.1895904541,62432,62442,10
12.9179401398,80.1888427734,62442,62452,10
12.9185495377,80.1881332397,62452,62462,10
12.9186401367,80.1880493164,62462,62472,10
12.9188699722,80.187828064,62472,62482,10
12.9193000793,80.1873168945,62482,62493,11
12.9199895859,80.1865234375,62493,62503,10
12.9205999374,80.1856231689,62503,62513,10
12.9202804565,80.1842575073,62513,62533,20
12.9202804565,80.1842575073,62533,62543,10
12.9202203751,80.1840133667,62543,62553,10
12.9201202393,80.1834564209,62553,62563,10
12.9199399948,80.1827392578,62563,62583,20
12.9199399948,80.1827392578,62583,62594,11
12.9199104309,80.1824874878,62594,62604,10
12.9197998047,80.181968689,62604,62614,10
12.9196500778,80.1813278198,62614,62624,10
12.9194898605,80.1805114746,62624,62634,10
12.9192399979,80.1795120239,62634,62644,10
12.918589592,80.1785583496,62644,62654,10
12.9181900024,80.1777496338,62654,62664,10
12.9183998108,80.1763763428,62664,62674,10
12.9186897278,80.17527771,62674,62684,10
12.9189596176,80.1741333008,62684,62695,11
12.9192895889,80.1728134155,62695,62705,10
12.9195899963,80.1716384888,62705,62715,10
12.9198102951,80.1708984375,62715,62725,10
12.9198303223,80.1708374023,62725,62735,10
12.9199800491,80.1704025269,62735,62745,10
12.9202299118,80.1696472168,62745,62755,10
12.9205303192,80.1686630249,62755,62765,10
12.9208898544,80.1675415039,62765,62775,10
12.9212598801,80.1663589478,62775,62785,10
12.9216403961,80.1651916504,62785,62796,11
12.9220399857,80.1639022827,62796,62806,10
12.9223604202,80.1628799438,62806,62816,10
12.922539711,80.1622695923,62816,62826,10
12.9227800369,80.1615066528,62826,62836,10
12.9230604172,80.1606521606,62836,62846,10
12.9231100082,80.1604919434,62846,62856,10
12.9231700897,80.1603088379,62856,62866,10
12.9232997894,80.1597137451,62866,62876,10
12.9233903885,80.1588134766,62876,62886,10
12.923500061,80.157699585,62886,62897,11
12.923620224,80.1563796997,62897,62906,9
12.923500061,80.1553726196,62906,62917,11
12.9233398438,80.1549987793,62917,62927,10
12.9233398438,80.1549224854,62927,62937,10
12.9232797623,80.154510498,62937,62947,10
12.923119545,80.1538162231,62947,62957,10
12.9229202271,80.1530303955,62957,62967,10
12.9226503372,80.1520996094,62967,62998,31
12.9226503372,80.1520996094,62998,63008,10
12.922659874,80.1518096924,63008,63019,11
12.922659874,80.1510009766,63019,63029,10
12.9226303101,80.1499786377,63029,63039,10
12.9225597382,80.1488571167,63039,63049,10
12.9225597382,80.1477890015,63049,63059,10
12.9225597382,80.1470489502,63059,63069,10
12.922539711,80.1462402344,63069,63079,10
12.9224996567,80.1452407837,63079,63090,11
12.9224500656,80.1432189941,63090,63160,70
12.9224500656,80.1432189941,63160,63170,10
12.9224500656,80.143081665,63170,63180,10
12.9224300385,80.1426773071,63180,63191,11
12.9223899841,80.1419525146,63191,63201,10
12.922369957,80.1416168213,63201,63211,10
12.9223604202,80.141456604,63211,63221,10
12.9223604202,80.1409072876,63221,63231,10
12.9223604202,80.1401596069,63231,63241,10
12.9223604202,80.1392822266,63241,63251,10
12.922419548,80.1382980347,63251,63261,10
12.9224500656,80.1373977661,63261,63271,10
12.9224996567,80.1365280151,63271,63281,10
12.9225301743,80.1356506348,63281,63292,11
12.9225702286,80.134552002,63292,63302,10
12.9226303101,80.1334075928,63302,63312,10
12.9226703644,80.1323623657,63312,63322,10
12.9227199554,80.1313095093,63322,63332,10
12.9227399826,80.1304092407,63332,63342,10
12.9227895737,80.12940979,63342,63352,10
12.9228601456,80.1284408569,63352,63362,10
12.9228696823,80.1277236938,63362,63372,10
12.9228801727,80.1274185181,63372,63382,10
12.9228801727,80.1268386841,63382,63393,11
12.9229097366,80.1259613037,63393,63403,10
12.9229602814,80.1250991821,63403,63413,10
12.9229898453,80.1240768433,63413,63423,10
12.9230499268,80.1229782104,63423,63433,10
12.9231004715,80.1219482422,63433,63443,10
12.9231595993,80.1211395264,63443,63453,10
12.9231996536,80.1204605103,63453,63483,30
12.9231996536,80.1204605103,63483,63494,11
12.9232301712,80.1202468872,63494,63504,10
12.9232797623,80.1197280884,63504,63514,10
12.9232797623,80.1190109253,63514,63524,10
12.9233398438,80.1183013916,63524,63534,10
12.9234104156,80.1175003052,63534,63544,10
12.9234304428,80.1170806885,63544,63554,10
12.9234399796,80.1170120239,63554,63564,10
12.92345047,80.1168823242,63564,63574,10
12.9235897064,80.1169967651,63574,63584,10
12.9235401154,80.1174316406,63584,63595,11
12.923620224,80.1178970337,63595,63605,10
12.9235496521,80.1184005737,63605,63615,10
12.923500061,80.1190185547,63615,63625,10
12.9234199524,80.1195831299,63625,63635,10
12.9233798981,80.1200714111,63635,63655,20
12.9233798981,80.1200714111,63655,63665,10
12.9233398438,80.1203079224,63665,63675,10
12.9232997894,80.1206207275,63675,63685,10
12.9232702255,80.1210632324,63685,63696,11
12.9232597351,80.1213684082,63696,63726,30
12.9232501984,80.1215362549,63726,64847,1121
12.9232501984,80.1215362549,64847,64857,10
12.9232301712,80.1217880249,64857,64867,10
12.9232196808,80.1222763062,64867,64877,10
12.9231901169,80.1229934692,64877,64887,10
12.9231595993,80.123840332,64887,64898,11
12.9231100082,80.1248016357,64898,64908,10
12.9231004715,80.1255111694,64908,64918,10
12.9230804443,80.125793457,64918,64928,10
12.92304039,80.1261520386,64928,64938,10
12.9230203629,80.1268310547,64938,64948,10
12.9229898453,80.127456665,64948,64958,10
12.9229602814,80.1278991699,64958,64974,16
12.9229097366,80.1286697388,64974,64986,12
12.9228696823,80.1294021606,64986,64997,11
12.9228200912,80.129989624,64997,65007,10
12.9228096008,80.1306228638,65007,65017,10
12.9228096008,80.131072998,65017,65027,10
12.9228000641,80.1312026978,65027,65036,9
12.9227695465,80.1315078735,65036,65047,11
12.922750473,80.1321487427,65047,65057,10
12.9227199554,80.1328964233,65057,65067,10
12.9226903915,80.1337280273,65067,65076,9
12.9226503372,80.1345214844,65076,65088,12
12.9226102829,80.1353683472,65088,65098,10
12.9225797653,80.1361312866,65098,65109,11
12.922539711,80.1370162964,65109,65119,10
12.9224996567,80.1377716064,65119,65129,10
12.9224700928,80.1384506226,65129,65139,10
12.9224100113,80.1390991211,65139,65149,10
12.922419548,80.1398773193,65149,65159,10
12.9224300385,80.1402587891,65159,65169,10
12.9224300385,80.1403274536,65169,65179,10
12.9224300385,80.1407012939,65179,65190,11
12.9224395752,80.1415176392,65190,65200,10
12.9224500656,80.1423034668,65200,65210,10
12.9225196838,80.1429824829,65210,65260,50
12.9225196838,80.1429824829,65260,65270,10
12.9225502014,80.1431427002,65270,65280,10
12.9225702286,80.1436004639,65280,65290,10
12.9225702286,80.143699646,65290,65301,11
12.922539711,80.1438064575,65301,65311,10
12.9225502014,80.1443023682,65311,65321,10
12.9225797653,80.1451416016,65321,65331,10
12.9226303101,80.1459503174,65331,65341,10
12.9226198196,80.1468276978,65341,65351,10
12.922659874,80.1473388672,65351,65361,10
12.9226503372,80.1477508545,65361,65371,10
12.9226198196,80.1484832764,65371,65381,10
12.922659874,80.1494827271,65381,65392,11
12.9227199554,80.1507415771,65392,65402,10
12.9227399826,80.1512374878,65402,65412,10
12.922750473,80.1516799927,65412,65422,10
12.9227800369,80.1522979736,65422,65432,10
12.9229803085,80.1531066895,65432,65442,10
12.9231901169,80.1539306641,65442,65452,10
12.9233503342,80.1544418335,65452,65462,10
12.9233703613,80.1544876099,65462,65472,10
12.9234104156,80.1546783447,65472,65482,10
12.923500061,80.1550216675,65482,65493,11
12.9236497879,80.1557312012,65493,65503,10
12.9236698151,80.1566314697,65503,65513,10
12.9235801697,80.1575622559,65513,65523,10
12.923500061,80.1585769653,65523,65533,10
12.9233703613,80.1597213745,65533,65543,10
12.9232997894,80.16040802,65543,65553,10
12.9232902527,80.1604690552,65553,65563,10
12.9231300354,80.1609191895,65563,65573,10
12.9228801727,80.1616973877,65573,65583,10
12.9225597382,80.1626815796,65583,65594,11
12.9222202301,80.1637420654,65594,65604,10
12.9218502045,80.1648712158,65604,65614,10
12.9214601517,80.1660614014,65614,65624,10
12.9210700989,80.1672821045,65624,65634,10
12.92070961,80.1684494019,65634,65644,10
12.9203596115,80.1695709229,65644,65654,10
12.9200696945,80.170539856,65654,65664,10
12.9199199677,80.171043396,65664,65674,10
12.9198703766,80.1712036133,65674,65684,10
12.9197797775,80.1714401245,65684,65695,11
12.9195899963,80.172088623,65695,65705,10
12.9193601608,80.1728820801,65705,65715,10
12.9190998077,80.1738586426,65715,65725,10
12.9188203812,80.1750030518,65725,65735,10
12.9185199738,80.1761627197,65735,65745,10
12.918299675,80.1772613525,65745,65755,10
12.9184398651,80.178352356,65755,65765,10
12.9190502167,80.1791534424,65765,65775,10
12.9194002151,80.1798095703,65775,65785,10
12.9195699692,80.1806030273,65785,65796,11
12.9198102951,80.1817626953,65796,65806,10
12.9200496674,80.1828308105,65806,65816,10
12.9202699661,80.1836013794,65816,65846,30
12.9202699661,80.1836013794,65846,65856,10
12.92029953,80.1837615967,65856,65866,10
12.9203701019,80.18409729,65866,65876,10
12.9204998016,80.1847076416,65876,65886,10
12.9206399918,80.1852722168,65886,65907,21
12.9206399918,80.1852722168,65907,65917,10
12.9206800461,80.1854934692,65917,65927,10
12.9206495285,80.1858673096,65927,65937,10
12.9202203751,80.1864318848,65937,65947,10
12.9196395874,80.1870803833,65947,65957,10
12.9191198349,80.1876602173,65957,65967,10
12.9187402725,80.188117981,65967,65977,10
12.9181804657,80.1886825562,65977,65987,10
12.9176998138,80.1894378662,65987,65998,11
12.9175596237,80.1901016235,65998,66008,10
12.9174804688,80.1904373169,66008,66018,10
12.9174203873,80.1910629272,66018,66028,10
12.9173202515,80.1918563843,66028,66038,10
12.9172000885,80.1926574707,66038,66054,16
12.917140007,80.1932525635,66054,66117,63
12.917140007,80.1932525635,66117,66127,10
12.9170999527,80.193687439,66127,66148,21
12.9170999527,80.193687439,66148,66158,10
12.9171495438,80.1939086914,66158,66168,10
12.9171895981,80.1940917969,66168,66178,10
12.9172697067,80.1943435669,66178,66188,10
12.9176597595,80.1947937012,66188,66199,11
12.9182596207,80.1953430176,66199,66209,10
12.9188699722,80.1958999634,66209,66219,10
12.9195995331,80.1964187622,66219,66229,10
12.9204998016,80.1967468262,66229,66239,10
12.9211902618,80.1969833374,66239,66255,16
12.9232702255,80.1974411011,66255,66275,20
12.9232702255,80.1974411011,66275,66285,10
12.9234399796,80.197479248,66285,66299,14
12.9243202209,80.197517395,66299,66309,10
12.9251899719,80.1975021362,66309,66319,10
12.9255199432,80.1975097656,66319,66329,10
12.9261598587,80.1975479126,66329,66339,10
12.9268903732,80.1977767944,66339,66349,10
12.9276399612,80.1983184814,66349,66359,10
12.9281597137,80.1992034912,66359,66369,10
12.9284801483,80.2002716064,66369,66379,10
12.9285402298,80.2014083862,66379,66389,10
12.9285697937,80.2023010254,66389,66400,11
12.9291601181,80.2027206421,66400,66413,13
12.9294395447,80.2027511597,66413,66423,10
12.9298801422,80.2028274536,66423,66433,10
12.9303302765,80.2029037476,66433,66443,10
12.930439949,80.202911377,66443,66452,9
12.9307098389,80.2029571533,66452,66461,9
12.931139946,80.2030792236,66461,66473,12
12.9319896698,80.2033691406,66473,66483,10
12.9324798584,80.2035369873,66483,66493,10
12.9327402115,80.2036209106,66493,66504,11
12.9331598282,80.2037811279,66504,66514,10
12.9335803986,80.2038574219,66514,66524,10
12.9337701797,80.2038803101,66524,66533,9
12.9340000153,80.2039108276,66533,66543,10
12.9340000153,80.2039108276,66543,66554,11
12.934220314,80.2039489746,66554,66564,10
12.9347801208,80.2040176392,66564,66574,10
12.935500145,80.2042922974,66574,66584,10
12.9361200333,80.2045135498,66584,66595,11
12.9367704391,80.2046966553,66595,66605,10
12.9374504089,80.2048873901,66605,66614,9
12.938079834,80.2050704956,66614,66625,11
12.9386501312,80.2052307129,66625,66635,10
12.9393100739,80.2054367065,66635,66645,10
12.9395799637,80.2055130005,66645,66655,10
12.939740181,80.2055587769,66655,66665,10
12.9399404526,80.2056121826,66665,66675,10
12.9402198792,80.2056884766,66675,66685,10
12.9407596588,80.2058792114,66685,66697,12
12.9414300919,80.206199646,66697,66707,10
12.9420700073,80.2066421509,66707,66717,10
12.9426603317,80.2071990967,66717,66727,10
12.9431295395,80.2078170776,66727,66737,10
12.9436597824,80.2081375122,66737,66747,10
12.9440202713,80.2082595825,66747,66757,10
12.9442796707,80.2083587646,66757,66767,10
12.9443798065,80.2083969116,66767,66777,10
12.9448604584,80.2085800171,66777,66787,10
12.9455900192,80.2088775635,66787,66798,11
12.9465398788,80.2092285156,66798,66808,10
12.9473695755,80.2095489502,66808,66818,10
12.9481401443,80.2098617554,66818,66828,10
12.9489202499,80.2101593018,66828,66838,10
12.9499998093,80.2105865479,66838,66848,10
12.9511804581,80.2110519409,66848,66864,16
12.9523000717,80.2115097046,66864,66876,12
12.9525699615,80.2116088867,66876,66884,8
12.9526596069,80.2116317749,66884,66897,13
12.9529304504,80.211730957,66897,66907,10
12.953040123,80.2117919922,66907,66917,10
12.9533996582,80.2119369507,66917,66926,9
12.9538803101,80.2121200562,66926,66937,11
12.9546804428,80.2124176025,66937,66947,10
12.9554700851,80.2127380371,66947,66957,10
12.9561195374,80.2129821777,66957,66967,10
12.956870079,80.2132720947,66967,66977,10
12.9576997757,80.2136001587,66977,66986,9
12.9584197998,80.2138977051,66986,66998,12
12.9587802887,80.2140579224,66998,67008,10
12.9589700699,80.2141418457,67008,67018,10
12.9593000412,80.2142562866,67018,67028,10
12.9597597122,80.2144393921,67028,67038,10
12.9604597092,80.2147216797,67038,67048,10
12.9611997604,80.2150115967,67048,67058,10
12.9618196487,80.2152481079,67058,67068,10
12.9627799988,80.215637207,67068,67078,10
12.9631996155,80.2157897949,67078,67088,10
12.9634304047,80.2158889771,67088,67099,11
12.9636602402,80.216003418,67099,67109,10
12.9639501572,80.2161483765,67109,67119,10
12.964509964,80.2163696289,67119,67129,10
12.9652204514,80.2166595459,67129,67139,10
12.9659004211,80.2169265747,67139,67149,10
12.9665699005,80.2171936035,67149,67159,10
12.9672403336,80.2174682617,67159,67169,10
12.9677400589,80.2176971436,67169,67179,10
12.9679298401,80.2177810669,67179,67189,10
12.9684801102,80.2180023193,67189,67200,11
12.969420433,80.2183685303,67200,67210,10
12.9702596664,80.2186889648,67210,67220,10
12.9709396362,80.2189178467,67220,67230,10
12.9711704254,80.21900177,67230,67240,10
12.9712600708,80.219039917,67240,67250,10
12.971739769,80.2192306519,67250,67260,10
12.9723796844,80.2194976807,67260,67270,10
12.9735298157,80.2199478149,67270,67301,31
12.9735298157,80.2199478149,67301,67311,10
12.9737701416,80.2200622559,67311,67321,10
12.9742002487,80.2202529907,67321,67331,10
12.9746799469,80.2204589844,67331,67341,10
12.9749002457,80.2205581665,67341,67351,10
12.9751796722,80.220703125,67351,67361,10
12.9754295349,80.2207565308,67361,67371,10
12.9754600525,80.2207565308,67371,67381,10
12.975520134,80.2208023071,67381,67392,11
12.9756402969,80.2209091187,67392,67402,10
12.9757995605,80.2210998535,67402,67412,10
12.975979805,80.2212524414,67412,67432,20
12.975979805,80.2212524414,67432,67442,10
12.9761800766,80.221282959,67442,67452,10
12.9766101837,80.2212600708,67452,67462,10
12.9770402908,80.2212677002,67462,67472,10
12.9776096344,80.2212600708,67472,67482,10
12.9781599045,80.2212371826,67482,67498,16
12.9789304733,80.2211837769,67498,67511,13
12.9797801971,80.2211380005,67511,67521,10
12.9802503586,80.2210922241,67521,67530,9
12.9808597565,80.2210464478,67530,67541,11
12.9814901352,80.2213134766,67541,67551,10
12.9819002151,80.2215881348,67551,67561,10
12.9820604324,80.2217025757,67561,67571,10
12.9823999405,80.2218322754,67571,67581,10
12.9825401306,80.2218780518,67581,67591,10
12.9828195572,80.2220001221,67591,67601,10
12.9828701019,80.2220077515,67601,67612,11
12.9829902649,80.2220611572,67612,67621,9
12.9832601547,80.2222213745,67621,67632,11
12.9835300446,80.2224121094,67632,67642,10
12.9836902618,80.2225189209,67642,67652,10
12.9840602875,80.2227172852,67652,67662,10
12.9842996597,80.2228622437,67662,67672,10
12.9844503403,80.2229385376,67672,67682,10
12.9847297668,80.2231369019,67682,67692,10
12.9851999283,80.2233200073,67692,67703,11
12.9855804443,80.2231369019,67703,67713,10
12.9861097336,80.2230300903,67713,67723,10
12.9863901138,80.2230300903,67723,67733,10
12.986700058,80.2230377197,67733,67743,10
12.9871797562,80.2231216431,67743,67753,10
12.9877195358,80.2230911255,67753,67763,10
12.9883003235,80.2227020264,67763,67773,10
12.9887504578,80.2222671509,67773,67783,10
12.9891796112,80.2217407227,67783,67794,11
12.9897499084,80.2210083008,67794,67804,10
12.9904003143,80.2203979492,67804,67814,10
12.9904699326,80.2203598022,67814,67824,10
12.9905996323,80.2202835083,67824,67834,10
12.990940094,80.2200012207,67834,67844,10
12.9913702011,80.2196502686,67844,67854,10
12.9917001724,80.2194213867,67854,67864,10
12.9922599792,80.2190093994,67864,67874,10
12.9929304123,80.2185211182,67874,67884,10
12.9934196472,80.2181472778,67884,67895,11
12.9935398102,80.2180633545,67895,67905,10
12.9936199188,80.2180023193,67905,67915,10
12.9936800003,80.217956543,67915,67925,10
12.9939098358,80.2177963257,67925,67935,10
12.9941501617,80.2176437378,67935,67945,10
12.9942398071,80.217590332,67945,67955,10
12.9943799973,80.2175216675,67955,67964,9
12.9945602417,80.2173919678,67964,67975,11
12.9949398041,80.2171020508,67975,67985,10
12.9953699112,80.2168426514,67985,67996,11
12.9960403442,80.2166519165,67996,68006,10
12.9967603683,80.2165298462,68006,68046,40
12.9967603683,80.2165298462,68046,68056,10
12.997130394,80.216506958,68056,68066,10
12.9972000122,80.2164916992,68066,68076,10
12.9973802567,80.2163009644,68076,68086,10
12.997469902,80.216178894,68086,68097,11
12.9975404739,80.2161178589,68097,68107,10
12.9978399277,80.2158584595,68107,68117,10
12.998339653,80.2154312134,68117,68127,10
12.9989404678,80.2149276733,68127,68137,10
12.9992399216,80.2146835327,68137,68147,10
12.9996700287,80.214302063,68147,68157,10
13.000120163,80.2138977051,68157,68167,10
13.0006399155,80.2134094238,68167,68177,10
13.0011901855,80.2129821777,68177,68187,10
13.001660347,80.2126312256,68187,68198,11
13.002289772,80.2122421265,68198,68208,10
13.0026597977,80.2121429443,68208,68218,10
13.0031499863,80.2121200562,68218,68228,10
13.0036401749,80.212059021,68228,68238,10
13.0040302277,80.2120895386,68238,68248,10
13.004650116,80.212348938,68248,68258,10
13.0052700043,80.2127304077,68258,68268,10
13.0059604645,80.2129592896,68268,68278,10
13.0066699982,80.2127685547,68278,68288,10
13.0072402954,80.2128219604,68288,68299,11
13.0077896118,80.2130584717,68299,68329,30
13.0077896118,80.2130584717,68329,68339,10
13.0078802109,80.2131271362,68339,68349,10
13.0080795288,80.2132415771,68349,68359,10
13.0084600449,80.2133865356,68359,68369,10
13.0088796616,80.2139129639,68369,68379,10
13.0094900131,80.2147216797,68379,68410,31
13.0094900131,80.2147216797,68410,68420,10
13.0095796585,80.2148971558,68420,68430,10
13.0098199844,80.2151565552,68430,68440,10
13.0100803375,80.2155914307,68440,68450,10
13.0105600357,80.2161712646,68450,68460,10
13.0107803345,80.2168273926,68460,68470,10
13.0110797882,80.2174987793,68470,68480,10
13.0113897324,80.2183380127,68480,68491,11
13.011759758,80.2194290161,68491,68501,10
13.0120601654,80.2204284668,68501,68511,10
13.0124397278,80.2212982178,68511,68521,10
13.012840271,80.2218780518,68521,68531,10
13.0133895874,80.2225723267,68531,68541,10
13.0138998032,80.2232208252,68541,68551,10
13.0141496658,80.2235565186,68551,68561,10
13.0143604279,80.2238006592,68561,68570,9
13.0146598816,80.2241821289,68570,68581,11
13.0150699615,80.2246627808,68581,68591,10
13.0152797699,80.2249069214,68591,68602,11
13.0153598785,80.2249832153,68602,68612,10
13.0156402588,80.2252578735,68612,68622,10
13.0160398483,80.2254104614,68622,68632,10
13.0166397095,80.2253417969,68632,68642,10
13.0174398422,80.2249984741,68642,68652,10
13.0183601379,80.224609375,68652,68662,10
13.019109726,80.2243728638,68662,68672,10
13.0195999146,80.2244796753,68672,68682,10
13.0198698044,80.2246704102,68682,68693,11
13.02023983,80.2249679565,68693,68703,10
13.0205898285,80.2252120972,68703,68713,10
13.021030426,80.2255401611,68713,68723,10
13.0214195251,80.2258834839,68723,68733,10
13.0218496323,80.2261581421,68733,68743,10
13.0218801498,80.2261810303,68743,68753,10
13.0220804214,80.2263412476,68753,68763,10
13.0225601196,80.2267608643,68763,68773,10
13.0231895447,80.2273330688,68773,68783,10
13.0237503052,80.2278518677,68783,68794,11
13.0242500305,80.2283630371,68794,68804,10
13.0245399475,80.2287902832,68804,68814,10
13.0247402191,80.2290878296,68814,68824,10
13.0250396729,80.2294921875,68824,68834,10
13.0254001617,80.2299118042,68834,68844,10
13.0256795883,80.2303085327,68844,68854,10
13.0258197784,80.2305984497,68854,68864,10
13.0259103775,80.2308425903,68864,68874,10
13.0259799957,80.2311706543,68874,68884,10
13.0262403488,80.2313613892,68884,68895,11
13.0269298553,80.2311935425,68895,68905,10
13.0277204514,80.2310180664,68905,68925,20
13.0277204514,80.2310180664,68925,68935,10
13.0280199051,80.231010437,68935,68945,10
13.0282897949,80.2309799194,68945,68955,10
13.0288095474,80.2309188843,68955,69046,91
13.0288095474,80.2309188843,69046,69056,10
13.0290403366,80.2308807373,69056,69066,10
13.0293197632,80.2308578491,69066,69076,10
13.0297002792,80.2308120728,69076,69097,21
13.0297002792,80.2308120728,69097,69107,10
13.0301103592,80.2307815552,69107,69117,10
13.0305404663,80.230758667,69117,69127,10
13.0310401917,80.23072052,69127,69137,10
13.0315103531,80.2306976318,69137,69147,10
13.0317602158,80.2306976318,69147,69157,10
13.0320701599,80.2306671143,69157,69167,10
13.0328598022,80.2305831909,69167,69198,31
13.0328598022,80.2305831909,69198,69208,10
13.0329799652,80.2305374146,69208,69218,10
13.0333204269,80.2305221558,69218,69228,10
13.0336999893,80.2305221558,69228,69238,10
13.0340995789,80.2305221558,69238,69248,10
13.0345802307,80.2303924561,69248,69268,20
13.0345802307,80.2303924561,69268,69278,10
13.034740448,80.2303390503,69278,69299,21
13.034740448,80.2303390503,69299,69309,10
13.0347499847,80.2299728394,69309,69773,464
13.0343904495,80.2299118042,69773,70026,253
13.0343904495,80.2299118042,70026,70036,10
13.0341796875,80.2302474976,70036,70056,20
13.0341796875,80.2302474976,70056,70066,10
13.0339403152,80.2304916382,70066,70076,10
13.0333995819,80.230506897,70076,70087,11
13.0325498581,80.2305984497,70087,70097,10
13.0319004059,80.2306900024,70097,70107,10
13.0310001373,80.2307662964,70107,70188,81
13.0310001373,80.2307662964,70188,70198,10
13.0307798386,80.2307510376,70198,70208,10
13.0305995941,80.230758667,70208,70219,11
13.030380249,80.2307891846,70219,70229,10
13.0299797058,80.2308425903,70229,70239,10
13.0297203064,80.2308731079,70239,70249,10
13.0292701721,80.2309112549,70249,70259,10
13.0285902023,80.2309799194,70259,70269,10
13.0278701782,80.2310180664,70269,70279,10
13.0276203156,80.2310791016,70279,70291,12
13.0276403427,80.2316436768,70291,70301,10
13.0277204514,80.2322692871,70301,70311,10
13.0278196335,80.2327804565,70311,70321,10
13.0273103714,80.2329406738,70321,70361,40
13.0273103714,80.2329406738,70361,70371,10
13.0270595551,80.2329483032,70371,70381,10
13.0268497467,80.233001709,70381,70392,11
13.0265197754,80.2330474854,70392,70402,10
13.0262498856,80.2326507568,70402,70412,10
13.0260801315,80.2320785522,70412,70421,9
13.0259199142,80.2314300537,70421,70432,11
13.0257196426,80.2307662964,70432,70442,10
13.025270462,80.2299804688,70442,70452,10
13.0249795914,80.2295837402,70452,70462,10
13.0248498917,80.2294616699,70462,70472,10
13.0247402191,80.2293395996,70472,70482,10
13.024600029,80.2291717529,70482,70513,31
13.024600029,80.2291717529,70513,70523,10
13.0244197845,80.2289505005,70523,70533,10
13.0241098404,80.2285308838,70533,70543,10
13.023639679,80.2279815674,70543,70553,10
13.0229701996,80.2274475098,70553,70584,31
13.0229701996,80.2274475098,70584,70594,10
13.0226802826,80.2272186279,70594,70604,10
13.0225200653,80.2269287109,70604,70614,10
13.0223197937,80.2266693115,70614,70624,10
13.0220403671,80.2264022827,70624,70634,10
13.0216903687,80.2261123657,70634,70644,10
13.0211801529,80.2257232666,70644,70654,10
13.0205402374,80.2252426147,70654,70664,10
13.0197896957,80.2247390747,70664,70674,10
13.0188102722,80.2244873047,70674,70685,11
13.0176496506,80.2249603271,70685,70695,10
13.0168600082,80.2253036499,70695,70705,10
13.0165500641,80.2254486084,70705,70715,10
13.016289711,80.2255477905,70715,70725,10
13.01583004,80.2257003784,70725,70735,10
13.0153503418,80.2258834839,70735,70745,10
13.014840126,80.2260665894,70745,70755,10
13.0144395828,80.2262115479,70755,70765,10
13.0141496658,80.2263717651,70765,70775,10
13.0141296387,80.2263870239,70775,70786,11
13.0137395859,80.2265396118,70786,70796,10
13.0130901337,80.2267684937,70796,70806,10
13.0123195648,80.2270812988,70806,70816,10
13.0114603043,80.2274017334,70816,70826,10
13.0105800629,80.2277069092,70826,70836,10
13.009759903,80.2279968262,70836,70846,10
13.009469986,80.2276229858,70846,70856,10
13.0097398758,80.2270584106,70856,70866,10
13.0100603104,80.2263717651,70866,70876,10
13.0105600357,80.2252731323,70876,70897,21
13.0105600357,80.2252731323,70897,70907,10
13.0106201172,80.2251586914,70907,70917,10
13.0107698441,80.2247314453,70917,70927,10
13.0110502243,80.2240219116,70927,70937,10
13.0112600327,80.2234802246,70937,70947,10
13.0114097595,80.2231292725,70947,70957,10
13.0116596222,80.2225265503,70957,70967,10
13.0119695663,80.2216186523,70967,70977,10
13.0121498108,80.2211914063,70977,70988,11
13.0119304657,80.2205200195,70988,70998,10
13.0116596222,80.2197113037,70998,71008,10
13.0113801956,80.2188415527,71008,71018,10
13.0110797882,80.2180328369,71018,71028,10
13.0107698441,80.2172698975,71028,71038,10
13.0104703903,80.216583252,71038,71047,9
13.0101604462,80.2160415649,71047,71057,10
13.0099201202,80.2154998779,71057,71068,11
13.0098495483,80.2153701782,71068,71078,10
13.0096597672,80.2151412964,71078,71089,11
13.0094604492,80.2148590088,71089,71099,10
13.0092897415,80.2146224976,71099,71109,10
13.0090503693,80.214302063,71109,71119,10
13.0088396072,80.2139892578,71119,71139,20
13.0088396072,80.2139892578,71139,71149,10
13.0086803436,80.2137908936,71149,71169,20
13.0086803436,80.2137908936,71169,71179,10
13.0086297989,80.2137527466,71179,71190,11
13.0084695816,80.2135772705,71190,71210,20
13.0084695816,80.2135772705,71210,71220,10
13.0082197189,80.2133865356,71220,71250,30
13.0082197189,80.2133865356,71250,71260,10
13.0079803467,80.2132797241,71260,71270,10
13.0079498291,80.2132568359,71270,71280,10
13.007809639,80.2131576538,71280,71291,11
13.0075302124,80.2129211426,71291,71301,10
13.0071001053,80.2128067017,71301,71311,10
13.0064897537,80.2127609253,71311,71321,10
13.0058698654,80.2130203247,71321,71331,10
13.0053100586,80.2127838135,71331,71341,10
13.004699707,80.2124176025,71341,71351,10
13.0040597916,80.2121810913,71351,71361,10
13.0036201477,80.212097168,71361,71371,10
13.003080368,80.212097168,71371,71381,10
13.0026597977,80.2121200562,71381,71392,11
13.0022697449,80.2122421265,71392,71402,10
13.0018701553,80.2124862671,71402,71412,10
13.0013599396,80.2128601074,71412,71422,10
13.0008602142,80.2132720947,71422,71432,10
13.00041008,80.2136611938,71432,71442,10
12.9999198914,80.2141113281,71442,71451,9
12.9993801117,80.2146072388,71451,71553,102
12.9993801117,80.2146072388,71553,71562,9
12.9991502762,80.2147979736,71562,71572,10
12.9988899231,80.2149963379,71572,71584,12
12.9983301163,80.2154769897,71584,71594,10
12.9974002838,80.2163391113,71594,71624,30
12.9974002838,80.2163391113,71624,71634,10
12.9973297119,80.216468811,71634,71745,111
12.9973297119,80.216468811,71745,71755,10
12.9972600937,80.2164993286,71755,71765,10
12.9970197678,80.2165908813,71765,71775,10
12.9965000153,80.2166290283,71775,71786,11
12.9960002899,80.2167205811,71786,71796,10
12.9957399368,80.2167663574,71796,71806,10
12.9956102371,80.216796875,71806,71816,10
12.9953699112,80.2169036865,71816,71826,10
12.9951200485,80.2170410156,71826,71836,10
12.9948301315,80.2172317505,71836,71846,10
12.9945001602,80.2174835205,71846,71856,10
12.9941902161,80.2176971436,71856,71866,10
12.9938697815,80.217956543,71866,71876,10
12.9933700562,80.2183227539,71876,71887,11
12.9930200577,80.2185516357,71887,71897,10
12.9926795959,80.2188110352,71897,71907,10
12.9921398163,80.2192001343,71907,71917,10
12.9916601181,80.2195510864,71917,71927,10
12.9912595749,80.2198181152,71927,71937,10
12.9907798767,80.220161438,71937,71947,10
12.9906902313,80.2202529907,71947,71957,10
12.9905996323,80.2203292847,71957,71967,10
12.9902496338,80.2205963135,71967,71977,10
12.9897203445,80.2210998535,71977,71994,17
12.9889698029,80.2220306396,71994,72006,12
12.9884195328,80.222618103,72006,72014,8
12.988120079,80.2229003906,72014,72025,11
12.9880304337,80.2229614258,72025,72036,11
12.9878396988,80.2230834961,72036,72046,10
12.9877300262,80.2231216431,72046,72056,10
12.9875097275,80.2231369019,72056,72066,10
12.9872303009,80.2230987549,72066,72076,10
12.9871997833,80.2230987549,72076,72087,11
12.9869604111,80.2230834961,72087,72097,10
12.9864797592,80.2230072021,72097,72107,10
12.9857501984,80.2230529785,72107,72117,10
12.9853096008,80.2233505249,72117,72127,10
12.9848003387,80.2231903076,72127,72137,10
12.9842395782,80.2228317261,72137,72147,10
12.9836597443,80.2225112915,72147,72167,20
12.9836597443,80.2225112915,72167,72177,10
12.9833402634,80.2222824097,72177,72198,21
12.9833402634,80.2222824097,72198,72208,10
12.9830904007,80.2220993042,72208,72218,10
12.9827003479,80.2219161987,72218,72228,10
12.982219696,80.2217636108,72228,72238,10
12.9816904068,80.2214126587,72238,72248,10
12.9810400009,80.2211074829,72248,72258,10
12.9802799225,80.2211227417,72258,72268,10
12.9794597626,80.2211837769,72268,72278,10
12.9786396027,80.2212219238,72278,72289,11
12.977930069,80.2212371826,72289,72299,10
12.9771900177,80.2212600708,72299,72309,10
12.9767398834,80.2212905884,72309,72319,10
12.9764099121,80.2212905884,72319,72338,19
12.9764099121,80.2212905884,72338,72348,10
12.976149559,80.2212982178,72348,72359,11
12.9759197235,80.2213821411,72359,72369,10
12.9758996964,80.2213821411,72369,72380,11
12.9757604599,80.2212524414,72380,72440,60
12.9757604599,80.2212524414,72440,72450,10
12.9753398895,80.2208633423,72450,72460,10
12.9749298096,80.2206268311,72460,72470,10
12.9742803574,80.2203369141,72470,72481,11
12.9735298157,80.2200393677,72481,72491,10
12.9727201462,80.2197418213,72491,72501,10
12.9718103409,80.2194137573,72501,72511,10
12.9712200165,80.2192382813,72511,72521,10
12.9710998535,80.2192077637,72521,72531,10
12.971039772,80.2191772461,72531,72541,10
12.9707098007,80.2190322876,72541,72551,10
12.9701595306,80.2187805176,72551,72561,10
12.9694900513,80.2185211182,72561,72571,10
12.9688196182,80.2182388306,72571,72582,11
12.9680900574,80.2179489136,72582,72592,10
12.9674196243,80.2176818848,72592,72602,10
12.9665803909,80.2173461914,72602,72612,10
12.9655399323,80.2169113159,72612,72622,10
12.9644002914,80.216468811,72622,72632,10
12.9635095596,80.2160873413,72632,72662,30
12.9635095596,80.2160873413,72662,72671,9
12.963139534,80.2159118652,72671,72683,12
12.9625196457,80.2156600952,72683,72693,10
12.9617795944,80.2153778076,72693,72703,10
12.9609098434,80.2150421143,72703,72713,10
12.9599199295,80.2146377563,72713,72723,10
12.9588899612,80.2142181396,72723,72733,10
12.9578199387,80.2137832642,72733,72743,10
12.9567699432,80.2133636475,72743,72753,10
12.9556903839,80.2129592896,72753,72763,10
12.9546098709,80.2125396729,72763,72773,10
12.9535503387,80.2121124268,72773,72784,11
12.9524097443,80.2116622925,72784,72794,10
12.9513597488,80.211227417,72794,72804,10
12.9503002167,80.2108306885,72804,72814,10
12.9493303299,80.2104492188,72814,72824,10
12.9484300613,80.2100982666,72824,72834,10
12.9474201202,80.2096862793,72834,72843,9
12.9463396072,80.2092666626,72843,72853,10
12.9452400208,80.2088317871,72853,72864,11
12.9442596436,80.2084579468,72864,72874,10
12.9441795349,80.208442688,72874,72885,11
12.9439001083,80.2083129883,72885,72895,10
12.9433298111,80.2080688477,72895,72905,10
12.9428195953,80.2076034546,72905,72915,10
12.9423599243,80.20703125,72915,72925,10
12.9416999817,80.2064666748,72925,72935,10
12.9410200119,80.2060775757,72935,72945,10
12.9409303665,80.2060394287,72945,72955,10
12.9405498505,80.2058868408,72955,72965,10
12.9399204254,80.2057037354,72965,72975,10
12.939209938,80.2054824829,72975,72986,11
12.9383497238,80.2052001953,72986,72996,10
12.9374904633,80.2049713135,72996,73006,10
12.9365701675,80.2047119141,73006,73016,10
12.935790062,80.2044906616,73016,73026,10
12.9351196289,80.2041931152,73026,73036,10
12.9343900681,80.2040328979,73036,73046,10
12.9339504242,80.2040023804,73046,73056,10
12.9338197708,80.2039794922,73056,73066,10
12.9336900711,80.2039718628,73066,73076,10
12.9332399368,80.2038879395,73076,73087,11
12.9326601028,80.2036514282,73087,73097,10
12.9320497513,80.2034378052,73097,73107,10
12.9313201904,80.2032012939,73107,73117,10
12.9308395386,80.2030487061,73117,73127,10
12.9304103851,80.2029495239,73127,73137,10
12.9300003052,80.2028808594,73137,73147,10
12.9296503067,80.2028427124,73147,73157,10
12.9295902252,80.2028427124,73157,73167,10
12.9292802811,80.2027893066,73167,73177,10
12.928730011,80.2027206421,73177,73188,11
12.9284601212,80.2021865845,73188,73198,10
12.9284296036,80.2015762329,73198,73208,10
12.9284000397,80.2008132935,73208,73218,10
12.9283304214,80.1999435425,73218,73228,10
12.9279899597,80.1990585327,73228,73238,10
12.9274301529,80.1981964111,73238,73248,10
12.9265403748,80.1976928711,73248,73258,10
12.9261798859,80.1976318359,73258,73268,10
12.9258003235,80.1975784302,73268,73279,11
12.9254302979,80.1975784302,73279,73289,10
12.9250898361,80.1975479126,73289,73299,10
12.9244499207,80.1975479126,73299,73309,10
12.9236803055,80.1975326538,73309,73319,10
12.9228401184,80.1974334717,73319,73335,16
12.9219398499,80.1973190308,73335,73347,12
12.9218301773,80.197303772,73347,73355,8
12.921500206,80.1971817017,73355,73366,11
12.9212398529,80.1970977783,73366,73377,11
12.9208602905,80.196937561,73377,73388,11
12.9202299118,80.1967163086,73388,73398,10
12.9195604324,80.196472168,73398,73408,10
12.9190301895,80.1961212158,73408,73418,10
12.9187698364,80.1958770752,73418,73428,10
12.9183597565,80.1954879761,73428,73438,10
12.9178104401,80.1949996948,73438,73448,10
12.9174203873,80.1946487427,73448,73459,11
12.9172000885,80.1943969727,73459,73468,9
12.9170598984,80.194190979,73468,73480,12
12.9169797897,80.1939697266,73480,73490,10
12.9169597626,80.1937332153,73490,73500,10
12.9169597626,80.1935119629,73500,73510,10
12.9169797897,80.1932067871,73510,73520,10
12.9170103073,80.1930007935,73520,73530,10
12.9170503616,80.1925506592,73530,73540,10
12.917090416,80.1922531128,73540,73550,10
12.9171495438,80.1919937134,73550,73560,10
12.9172000885,80.1914672852,73560,73581,21
12.9172000885,80.1914672852,73581,73591,10
12.9172697067,80.1911621094,73591,73601,10
12.9173002243,80.1905670166,73601,73611,10
12.9174003601,80.1900100708,73611,73621,10
12.9176397324,80.1892623901,73621,73631,10
12.9181804657,80.1884994507,73631,73640,9
12.9185695648,80.1880569458,73640,73650,10
12.918970108,80.1876525879,73650,73660,10
12.9194803238,80.1870727539,73660,73671,11
12.9201602936,80.1862792969,73671,73682,11
12.9205102921,80.1852874756,73682,73692,10
12.9202699661,80.1843185425,73692,73702,10
12.9200696945,80.1834716797,73702,73712,10
12.9199495316,80.1830062866,73712,73722,10
12.9199399948,80.1829986572,73722,73732,10
12.9199104309,80.1828536987,73732,73742,10
12.9198503494,80.1824798584,73742,73752,10
12.9196996689,80.1817932129,73752,73770,18
12.9193401337,80.1800994873,73770,73783,13
12.9187097549,80.1788330078,73783,73793,10
12.918129921,80.1779022217,73793,73803,10
12.9182500839,80.1768188477,73803,73813,10
12.9182701111,80.1766586304,73813,73823,10
12.9183197021,80.1764678955,73823,73833,10
12.9184398651,80.1759414673,73833,73843,10
12.9186401367,80.1752090454,73843,73853,10
12.9188203812,80.1744232178,73853,73863,10
12.9191102982,80.173210144,73863,73873,10
12.9194297791,80.1720428467,73873,73884,11
12.9197397232,80.1709823608,73884,73904,20
12.9197397232,80.1709823608,73904,73914,10
12.9198703766,80.1705932617,73914,73924,10
12.9201002121,80.1698532104,73924,73934,10
12.9204101563,80.1688690186,73934,73944,10
12.9207897186,80.16771698,73944,73954,10
12.9210996628,80.1667633057,73954,73964,10
12.9215497971,80.1653518677,73964,73974,10
12.9218397141,80.1644668579,73974,73985,11
12.9219999313,80.1639404297,73985,73995,10
12.9222097397,80.1632766724,73995,74005,10
12.9223604202,80.1627426147,74005,74015,10
12.922539711,80.1621780396,74015,74025,10
12.9227895737,80.1614379883,74025,74035,10
12.9229698181,80.1608428955,74035,74045,10
12.9230298996,80.1606521606,74045,74065,20
12.9230298996,80.1606521606,74065,74075,10
12.9231595993,80.1603088379,74075,74086,11
12.9232902527,80.1595230103,74086,74096,10
12.9233798981,80.158493042,74096,74106,10
12.9234895706,80.1573028564,74106,74116,10
12.9235801697,80.1564407349,74116,74126,10
12.9235200882,80.1556472778,74126,74136,10
12.9232902527,80.1550979614,74136,74156,20
12.9232902527,80.1550979614,74156,74166,10
12.9232501984,80.1547622681,74166,74176,10
12.9231500626,80.1542205811,74176,74187,11
12.9229602814,80.1534423828,74187,74197,10
12.9228000641,80.1528015137,74197,74207,10
12.9226903915,80.1523590088,74207,74217,10
12.9226303101,80.1518707275,74217,74227,10
12.9226102829,80.1512069702,74227,74237,10
12.9225997925,80.1504898071,74237,74247,10
12.9225702286,80.1496963501,74247,74257,10
12.9225301743,80.1489181519,74257,74267,10
12.9225196838,80.1481781006,74267,74277,10
12.9225196838,80.1476974487,74277,74288,11
12.9225196838,80.1473007202,74288,74298,10
12.9225301743,80.1471176147,74298,74308,10
12.9225196838,80.1464920044,74308,74318,10
12.9224996567,80.145690918,74318,74328,10
12.9224500656,80.1447372437,74328,74338,10
12.9224395752,80.143737793,74338,74348,10
12.9223604202,80.1432037354,74348,74419,71
12.9223604202,80.1432037354,74419,74429,10
12.922369957,80.1427688599,74429,74439,10
12.9223604202,80.1422195435,74439,74449,10
12.9223299026,80.1415405273,74449,74459,10
12.9223203659,80.1413574219,74459,74469,10
12.9223299026,80.1408691406,74469,74480,11
12.9223604202,80.1400985718,74480,74490,10
12.9223499298,80.1392364502,74490,74500,10
12.922419548,80.1382598877,74500,74510,10
12.9224500656,80.1372680664,74510,74520,10
12.9224996567,80.1362075806,74520,74530,10
12.9225196838,80.1352081299,74530,74540,10
12.9225597382,80.1342697144,74540,74550,10
12.9226102829,80.1331863403,74550,74560,10
12.9226303101,80.1325531006,74560,74570,10
12.922659874,80.1317901611,74570,74587,17
12.9226799011,80.1311416626,74587,74599,12
12.9227304459,80.1303863525,74599,74609,10
12.9227600098,80.1297836304,74609,74619,10
12.9228096008,80.1289367676,74619,74629,10
12.922829628,80.1282196045,74629,74639,10
12.9228496552,80.1275405884,74639,74649,10
12.9228496552,80.1268997192,74649,74659,10
12.9228601456,80.1264190674,74659,74669,10
12.9228801727,80.1258926392,74669,74680,11
12.922949791,80.1251373291,74680,74690,10
12.9229898453,80.1243133545,74690,74700,10
12.9230203629,80.1233901978,74700,74710,10
12.9230604172,80.1223526001,74710,74720,10
12.923119545,80.1212997437,74720,74730,10
12.9231796265,80.1204528809,74730,74750,20
12.9231796265,80.1204528809,74750,74760,10
12.9231901169,80.1203384399,74760,74770,10
12.9232501984,80.1198196411,74770,74781,11
12.9232702255,80.1189193726,74781,74791,10
12.9233398438,80.1180877686,74791,74801,10
12.9234304428,80.1172714233,74801,74811,10
12.9234304428,80.1169128418,74811,74821,10
12.9235801697,80.1170120239,74821,74831,10
12.9235296249,80.1174621582,74831,74841,10
12.923620224,80.1179580688,74841,74851,10
12.9235296249,80.1186294556,74851,74861,10
12.9234800339,80.1192703247,74861,74871,10
12.9233703613,80.1199035645,74871,74882,11
12.9232997894,80.1204986572,74882,74892,10
12.9232797623,80.1205978394,74892,74902,10
12.9232597351,80.1209030151,74902,74912,10
12.9232902527,80.1212387085,74912,75104,192
12.9232902527,80.1212387085,75104,75114,10
12.9232797623,80.1213531494,75114,75124,10
12.9232597351,80.1214981079,75124,75134,10
12.9232301712,80.1216201782,75134,75144,10
12.923210144,80.1220397949,75144,75154,10
12.9231796265,80.122756958,75154,75164,10
12.9231500626,80.1236877441,75164,75175,11
12.9230899811,80.1248931885,75175,75185,10
12.92304039,80.1257781982,75185,75195,10
12.9229898453,80.1264724731,75195,75205,10
12.9229898453,80.1271209717,75205,75215,10
12.9229803085,80.1273880005,75215,75225,10
12.9229402542,80.1277084351,75225,75235,10
12.9229202271,80.1280136108,75235,75245,10
12.9229001999,80.1282730103,75245,75255,10
12.9228801727,80.1284484863,75255,75265,10
12.9228696823,80.1286087036,75265,75276,11
12.9228496552,80.1289825439,75276,75286,10
12.9228401184,80.1294403076,75286,75296,10
12.9228096008,80.1298904419,75296,75306,10
12.9227800369,80.1305389404,75306,75316,10
12.9227800369,80.131187439,75316,75326,10
12.9227695465,80.1313323975,75326,75336,10
12.922750473,80.1318206787,75336,75346,10
12.9227104187,80.1326065063,75346,75356,10
12.9226703644,80.1336135864,75356,75366,10
12.9225997925,80.1348114014,75366,75377,11
12.922539711,80.1358795166,75377,75387,10
12.9224901199,80.1369171143,75387,75397,10
12.9224395752,80.137840271,75397,75407,10
12.9224300385,80.138458252,75407,75417,10
12.922369957,80.1391677856,75417,75427,10
12.9223804474,80.1399688721,75427,75437,10
12.9224004745,80.1404800415,75437,75447,10
12.922419548,80.1411132813,75447,75457,10
12.922419548,80.1418380737,75457,75467,10
12.9224596024,80.1426773071,75467,75518,51
12.9224596024,80.1426773071,75518,75528,10
12.9225301743,80.143119812,75528,75538,10
12.9225502014,80.1435012817,75538,75548,10
12.922539711,80.1435699463,75548,75558,10
12.9225196838,80.143737793,75558,75568,10
12.9225196838,80.1442489624,75568,75579,11
12.9225702286,80.1451263428,75579,75589,10
12.9226102829,80.1460876465,75589,75599,10
12.9226303101,80.1469497681,75599,75609,10
12.922659874,80.1471176147,75609,75619,10
12.9226799011,80.1472091675,75619,75629,10
12.9226703644,80.1476287842,75629,75639,10
12.9226398468,80.1483535767,75639,75649,10
12.922659874,80.1492996216,75649,75659,10
12.9226903915,80.1502990723,75659,75669,10
12.9227199554,80.1511383057,75669,75680,11
12.9227199554,80.1514282227,75680,75690,10
12.9227199554,80.1519622803,75690,75700,10
12.9228601456,80.1527328491,75700,75710,10
12.9231004715,80.1537094116,75710,75720,10
12.9233503342,80.1545562744,75720,75730,10
12.9233598709,80.1546401978,75730,75740,10
12.9234304428,80.1548995972,75740,75750,10
12.9235601425,80.155456543,75750,75760,10
12.9236803055,80.1563415527,75760,75771,11
12.9235696793,80.1575622559,75771,75781,10
12.9234695435,80.1587295532,75781,75791,10
12.9233903885,80.1598434448,75791,75801,10
12.9232997894,80.1604385376,75801,75811,10
12.923210144,80.1606674194,75811,75821,10
12.9230003357,80.1613388062,75821,75831,10
12.9226999283,80.1622619629,75831,75841,10
12.9223203659,80.1633834839,75841,75851,10
12.9219398499,80.1645431519,75851,75861,10
12.9215602875,80.1657409668,75861,75878,17
12.920999527,80.1675796509,75878,75890,12
12.9208803177,80.16796875,75890,75900,10
12.9207296371,80.1684036255,75900,75910,10
12.9204797745,80.1691665649,75910,75920,10
12.9203195572,80.1697692871,75920,75930,10
12.9200401306,80.1706008911,75930,75940,10
12.9199199677,80.1710281372,75940,75950,10
12.9197998047,80.1713562012,75950,75960,10
12.9195995331,80.1719970703,75960,75970,10
12.919380188,80.1728591919,75970,75981,11
12.9190998077,80.174041748,75981,75991,10
12.9188203812,80.1751708984,75991,76001,10
12.918510437,80.1763534546,76001,76011,10
12.9182796478,80.1775817871,76011,76021,10
12.9186601639,80.1786270142,76021,76031,10
12.9192304611,80.1794281006,76031,76041,10
12.9195203781,80.1805114746,76041,76051,10
12.9197797775,80.1817092896,76051,76062,11
12.9200801849,80.1830596924,76062,76072,10
12.9203300476,80.183921814,76072,76092,20
12.9203300476,80.183921814,76092,76102,10
12.9203395844,80.1839904785,76102,76112,10
12.920419693,80.1844024658,76112,76122,10
12.9205598831,80.1850204468,76122,76132,10
12.9206399918,80.1853713989,76132,76142,10
12.9206695557,80.185546875,76142,76152,10
12.9205102921,80.1860809326,76152,76162,10
12.9199800491,80.1866836548,76162,76173,11
12.9193496704,80.1873779297,76173,76183,10
12.918800354,80.1880187988,76183,76193,10
12.9182701111,80.1885910034,76193,76203,10
12.9177303314,80.1893692017,76203,76213,10
12.9175300598,80.1901168823,76213,76223,10
12.9175100327,80.1903381348,76223,76233,10
12.9174900055,80.190536499,76233,76243,10
12.9174203873,80.1910400391,76243,76253,10
12.9173297882,80.1917877197,76253,76263,10
12.9172296524,80.1924362183,76263,76274,11
12.9171495438,80.1930923462,76274,76284,10
12.9171495438,80.193107605,76284,76294,10
12.9171304703,80.1932220459,76294,76304,10
12.917140007,80.1937408447,76304,76314,10
12.9173202515,80.1943969727,76314,76324,10
12.9178199768,80.1949310303,76324,76334,10
12.9183597565,80.1954269409,76334,76344,10
12.9189796448,80.1959991455,76344,76354,10
12.9196901321,80.196472168,76354,76364,10
12.9203996658,80.1967391968,76364,76375,11
12.920800209,80.1968688965,76375,76385,10
12.920920372,80.1969070435,76385,76395,10
12.9214401245,80.1970977783,76395,76405,10
12.922249794,80.1973190308,76405,76415,10
12.923119545,80.1974487305,76415,76425,10
12.9238395691,80.1975097656,76425,76435,10
12.924659729,80.1975097656,76435,76445,10
12.9249401093,80.1975021362,76445,76455,10
12.9251203537,80.1974868774,76455,76465,10
12.9253396988,80.1975021362,76465,76476,11
12.9259796143,80.197517395,76476,76486,10
12.9267902374,80.1977386475,76486,76496,10
12.9276199341,80.1983032227,76496,76506,10
12.9281196594,80.1991729736,76506,76516,10
12.9284496307,80.2002029419,76516,76526,10
12.9285001755,80.2011871338,76526,76536,10
12.9285402298,80.2020874023,76536,76546,10
12.9289398193,80.2027130127,76546,76556,10
12.9294996262,80.2027587891,76556,76566,10
12.9300899506,80.2028198242,76566,76577,11
12.930560112,80.2029190063,76577,76587,10
12.9309797287,80.2030181885,76587,76603,16
12.9322004318,80.2034378052,76603,76615,12
12.9330101013,80.2037124634,76615,76623,8
12.9335098267,80.2038726807,76623,76635,12
12.9340400696,80.203918457,76635,76645,10
12.9342002869,80.2039108276,76645,76655,10
12.9348802567,80.2040023804,76655,76665,10
12.9356203079,80.2043075562,76665,76676,11
12.93653965,80.2046127319,76676,76686,10
12.937379837,80.2048492432,76686,76696,10
12.9382801056,80.2051086426,76696,76706,10
12.939040184,80.2053527832,76706,76716,10
12.9398202896,80.205581665,76716,76726,10
12.9403495789,80.2057418823,76726,76736,10
12.9408903122,80.2059326172,76736,76746,10
12.9414596558,80.2062301636,76746,76756,10
12.942150116,80.2067337036,76756,76766,10
12.9427995682,80.2073822021,76766,76777,11
12.9435300827,80.2080688477,76777,76787,10
12.9442396164,80.2083435059,76787,76797,10
12.9444599152,80.2084274292,76797,76807,10
12.9448299408,80.2085723877,76807,76817,10
12.9457302094,80.2089080811,76817,76827,10
12.9466495514,80.2092666626,76827,76837,10
12.9475603104,80.2096176147,76837,76847,10
12.9484701157,80.2099761963,76847,76857,10
12.9495296478,80.2104110718,76857,76868,11
12.9508199692,80.2109222412,76868,76878,10
12.9519901276,80.2113800049,76878,76888,10
12.9530897141,80.2118225098,76888,76898,10
12.9541397095,80.2122421265,76898,76908,10
12.9552202225,80.212677002,76908,76918,10
12.956319809,80.2130966187,76918,76928,10
12.9573602676,80.213508606,76928,76938,10
12.9584197998,80.2139434814,76938,76948,10
12.9590902328,80.2141876221,76948,76958,10
12.9595403671,80.2143783569,76958,76969,11
12.9603004456,80.2146911621,76969,76979,10
12.9611597061,80.2150421143,76979,76989,10
12.9620800018,80.2154006958,76989,76999,10
12.9630098343,80.2157592773,76999,77009,10
12.9634504318,80.2159194946,77009,77019,10
12.9637403488,80.2160263062,77019,77029,10
12.9641895294,80.2162017822,77029,77039,10
12.9643697739,80.2162780762,77039,77049,10
12.964799881,80.2164764404,77049,77059,10
12.9654798508,80.2167510986,77059,77070,11
12.9662303925,80.217048645,77070,77080,10
12.9669103622,80.2173233032,77080,77090,10
12.967590332,80.2176132202,77090,77100,10
12.9681596756,80.2178497314,77100,77110,10
12.968919754,80.2181167603,77110,77120,10
12.9698696136,80.2184906006,77120,77130,10
12.9708099365,80.2188568115,77130,77140,10
12.9710903168,80.2189483643,77140,77150,10
12.9713001251,80.2190475464,77150,77161,11
12.9718599319,80.219291687,77161,77171,10
12.9725704193,80.2195587158,77171,77181,10
12.9734401703,80.2198867798,77181,77191,10
12.9742097855,80.2202224731,77191,77322,131
12.9742097855,80.2202224731,77322,77332,10
12.974240303,80.2203826904,77332,77342,10
12.9744701385,80.2204437256,77342,77352,10
12.9748497009,80.2205734253,77352,77362,10
12.9751195908,80.2206802368,77362,77373,11
12.9754400253,80.2207870483,77373,77383,10
12.9757003784,80.2210235596,77383,77393,10
12.9761199951,80.2212524414,77393,77403,10
12.9761896133,80.2212371826,77403,77413,10
12.9763202667,80.221206665,77413,77423,10
12.9768600464,80.2212295532,77423,77433,10
12.9776296616,80.2211914063,77433,77443,10
12.9784698486,80.2211532593,77443,77453,10
12.9794101715,80.2210922241,77453,77464,11
12.9803600311,80.221031189,77464,77474,10
12.9810400009,80.2210388184,77474,77484,10
12.9816303253,80.2213516235,77484,77494,10
12.9821901321,80.2217102051,77494,77504,10
12.9828701019,80.2219619751,77504,77524,20
12.9828701019,80.2219619751,77524,77534,10
12.9830799103,80.222076416,77534,77550,16
12.9835796356,80.2224197388,77550,77562,12
12.9841299057,80.2227401733,77562,77573,11
12.9847097397,80.2231063843,77573,77583,10
12.9852695465,80.2233200073,77583,77593,10
12.9855298996,80.22315979,77593,77603,10
12.9860200882,80.2229690552,77603,77613,10
12.9866695404,80.2230072021,77613,77623,10
12.9870700836,80.2230606079,77623,77633,10
12.9873800278,80.2230987549,77633,77643,10
12.9879198074,80.2229537964,77643,77653,10
12.9883804321,80.2225875854,77653,77664,11
12.9889202118,80.2220535278,77664,77674,10
12.9894199371,80.2214431763,77674,77684,10
12.9898900986,80.2208328247,77684,77694,10
12.9905500412,80.2202835083,77694,77704,10
12.9909601212,80.2199707031,77704,77714,10
12.9912395477,80.2197570801,77714,77724,10
12.9914798737,80.219581604,77724,77734,10
12.991900444,80.2192611694,77734,77744,10
12.9924697876,80.2188491821,77744,77754,10
12.9929103851,80.2185211182,77754,77765,11
12.9931697845,80.2182998657,77765,77775,10
12.9933700562,80.2181472778,77775,77785,10
12.9935503006,80.2180023193,77785,77835,50
12.9935503006,80.2180023193,77835,77845,10
12.9939899445,80.2176971436,77845,77855,10
12.9942102432,80.2175521851,77855,77866,11
12.9943704605,80.2174377441,77866,77876,10
12.9945497513,80.2173080444,77876,77886,10
12.9948396683,80.2171096802,77886,77896,10
12.9951696396,80.2168884277,77896,77906,10
12.9956703186,80.2166595459,77906,77916,10
12.996219635,80.2165527344,77916,77926,10
12.9966897964,80.2164916992,77926,77936,10
12.9970502853,80.2164611816,77936,77946,10
12.9973201752,80.2163085938,77946,77956,10
12.9974403381,80.2162017822,77956,77967,11
12.9975996017,80.2160568237,77967,77977,10
12.9980602264,80.2156829834,77977,77987,10
12.9986400604,80.2151794434,77987,77997,10
12.9991397858,80.2147521973,77997,78007,10
12.9994602203,80.2144393921,78007,78017,10
12.9999103546,80.214050293,78017,78027,10
13.0003995895,80.2136077881,78027,78037,10
13.0009098053,80.2131881714,78037,78046,9
13.0012903214,80.2128829956,78046,78057,11
13.0018196106,80.2124710083,78057,78068,11
13.0023899078,80.2121582031,78068,78078,10
13.0027198792,80.212097168,78078,78088,10
13.0031795502,80.2121200562,78088,78098,10
13.003660202,80.2120437622,78098,78108,10
13.0040102005,80.2120513916,78108,78118,10
13.0046396255,80.212310791,78118,78128,10
13.0053195953,80.2126998901,78128,78138,10
13.0060901642,80.2128601074,78138,78148,10
13.0068397522,80.2127380371,78148,78158,10
13.0077400208,80.2129592896,78158,78189,31
13.0077400208,80.2129592896,78189,78199,10
13.0078601837,80.2131118774,78199,78219,20
13.0078601837,80.2131118774,78219,78229,10
13.0081701279,80.2132720947,78229,78239,10
13.0085201263,80.2134170532,78239,78249,10
13.0087995529,80.2137832642,78249,78260,11
13.0091600418,80.2142715454,78260,78270,10
13.0094995499,80.2147827148,78270,78279,9
13.0098400116,80.2151870728,78279,78290,11
13.0101900101,80.2156219482,78290,78300,10
13.0105895996,80.2161026001,78300,78310,10
13.0107803345,80.2167129517,78310,78319,9
13.01101017,80.2173080444,78319,78330,11
13.0113401413,80.2181396484,78330,78340,10
13.0116596222,80.2190170288,78340,78351,11
13.0120000839,80.2200164795,78351,78362,11
13.012260437,80.2209014893,78362,78372,10
13.0124197006,80.2215423584,78372,78382,10
13.0127801895,80.2220916748,78382,78392,10
13.0131597519,80.2225570679,78392,78402,10
13.0135202408,80.2229614258,78402,78412,10
13.0139598846,80.223449707,78412,78422,10
13.0143499374,80.2239227295,78422,78432,10
13.0148801804,80.2245635986,78432,78442,10
13.0153598785,80.2251663208,78442,78452,10
13.015370369,80.225730896,78452,78463,11
13.0149297714,80.2259902954,78463,78483,20
13.0149297714,80.2259902954,78483,78493,10
13.0147800446,80.2260971069,78493,78503,10
13.0144796371,80.2261734009,78503,78513,10
13.014169693,80.2261810303,78513,78523,10
13.0142002106,80.2259292603,78523,78533,10
13.0142698288,80.2254562378,78533,78624,91
13.0142698288,80.2254562378,78624,78634,10
13.0143098831,80.2253799438,78634,78644,10
13.0145301819,80.2253570557,78644,78655,11
13.0146799088,80.2256011963,78655,78665,10
