13.0760402679,80.2756195068,14,1934,1920
13.0760402679,80.2756195068,1934,1944,10
13.0759601593,80.2755203247,1944,21499,19555
13.0759601593,80.2755203247,21499,21509,10
13.0760002136,80.2758636475,21509,21528,19
13.0759401321,80.2760772705,21528,21650,122
13.0759401321,80.2760772705,21650,21660,10
13.0761404037,80.276260376,21660,21670,10
13.0764598846,80.2761993408,21670,22411,741
13.0764598846,80.2761993408,22411,22421,10
13.0766401291,80.2761993408,22421,22431,10
13.0769796371,80.2761993408,22431,22441,10
13.0776100159,80.2761611938,22441,22451,10
13.0781698227,80.2758865356,22451,22461,10
13.0784797668,80.2752304077,22461,22471,10
13.0792198181,80.275177002,22471,22481,10
13.0801000595,80.2752685547,22481,22492,11
13.0810604095,80.275177002,22492,22502,10
13.0813598633,80.2751464844,22502,22512,10
13.0816802979,80.2751617432,22512,22522,10
13.0818996429,80.2752304077,22522,22532,10
13.082110405,80.2755126953,22532,22572,40
13.082110405,80.2755126953,22572,22582,10
13.0819301605,80.275932312,22582,22603,21
13.0819301605,80.275932312,22603,22613,10
13.0818395615,80.2762985229,22613,22623,10
13.0819196701,80.2769699097,22623,22633,10
13.0819597244,80.2776031494,22633,22643,10
13.0821399689,80.2782592773,22643,22653,10
13.0820999146,80.2783889771,22653,22663,10
13.0819301605,80.278137207,22663,22673,10
13.0818595886,80.2773666382,22673,22683,10
13.0817098618,80.2765808105,22683,22694,11
13.0815601349,80.275718689,22694,22704,10
13.0814695358,80.2753601074,22704,22714,10
13.0813999176,80.2751998901,22714,22724,10
13.0809602737,80.2752075195,22724,22734,10
13.0802402496,80.2753219604,22734,22744,10
13.079369545,80.2752990723,22744,22754,10
13.0784597397,80.2753219604,22754,22764,10
13.078040123,80.2761917114,22764,22774,10
13.0769996643,80.2762908936,22774,22784,10
13.0758399963,80.2763671875,22784,22795,11
13.0754499435,80.2763824463,22795,22805,10
13.0748901367,80.2764205933,22805,22815,10
13.0739803314,80.2764816284,22815,22825,10
13.0731801987,80.2760162354,22825,22835,10
13.0724496841,80.275177002,22835,22845,10
13.0719003677,80.2746429443,22845,22855,10
13.0712900162,80.2744598389,22855,22865,10
13.0707597733,80.2742385864,22865,22882,17
13.0700798035,80.2730789185,22882,22893,11
13.0693597794,80.2723083496,22893,22904,11
13.0686397552,80.2719421387,22904,22924,20
13.0686397552,80.2719421387,22924,22934,10
13.0683898926,80.2718582153,22934,22944,10
13.0679798126,80.2712402344,22944,22954,10
13.0672597885,80.2704391479,22954,22964,10
13.0665798187,80.2696380615,22964,22974,10
13.0664196014,80.2685775757,22974,22984,10
13.0655498505,80.2676696777,22984,23005,21
13.0655498505,80.2676696777,23005,23016,11
13.0652198792,80.267578125,23016,23026,10
13.0645503998,80.2674636841,23026,23036,10
13.0635099411,80.2672805786,23036,23046,10
13.062669754,80.266960144,23046,23056,10
13.0621004105,80.2662887573,23056,23066,10
13.0615596771,80.2656402588,23066,23076,10
13.0609798431,80.2651824951,23076,23086,10
13.0602703094,80.2654800415,23086,23097,11
13.0592498779,80.2655105591,23097,23107,10
13.0583896637,80.2653503418,23107,23117,10
13.0580196381,80.2646026611,23117,23127,10
13.057849884,80.263381958,23127,23137,10
13.0577096939,80.262046814,23137,23147,10
13.0574197769,80.2607116699,23147,23156,9
13.0570497513,80.2595367432,23156,23167,11
13.0566902161,80.2581787109,23167,23177,10
13.0565395355,80.2574615479,23177,23187,10
13.056520462,80.2574386597,23187,23198,11
13.0564603806,80.256942749,23198,23208,10
13.0560998917,80.2561569214,23208,23218,10
13.0555200577,80.255317688,23218,23228,10
13.054889679,80.2544784546,23228,23238,10
13.0541000366,80.2534408569,23238,23248,10
13.0534200668,80.2524795532,23248,23258,10
13.0527095795,80.2515335083,23258,23268,10
13.0520200729,80.2506408691,23268,23278,10
13.051030159,80.2500610352,23278,23288,10
13.0501804352,80.2498703003,23288,23299,11
13.0490598679,80.2497329712,23299,23309,10
13.0482702255,80.2495117188,23309,23319,10
13.0475702286,80.2489089966,23319,23329,10
13.0471401215,80.2486572266,23329,23345,16
13.0466403961,80.2485809326,23345,23357,12
13.0457496643,80.2483596802,23357,23367,10
13.0450801849,80.2481002808,23367,23377,10
13.0438604355,80.2479019165,23377,23387,10
13.0426797867,80.2476730347,23387,23398,11
13.0413703918,80.2473678589,23398,23409,11
13.0399999619,80.2471084595,23409,23419,10
13.0392799377,80.246963501,23419,23428,9
13.0384998322,80.2468566895,23428,23439,11
13.0373296738,80.2466201782,23439,23449,10
13.0362501144,80.246421814,23449,23459,10
13.0353803635,80.246131897,23459,23469,10
13.0351495743,80.2460021973,23469,23479,10
13.0347700119,80.2456207275,23479,23489,10
13.0341997147,80.2449035645,23489,23499,10
13.0335302353,80.2440872192,23499,23510,11
13.0326700211,80.2429428101,23510,23520,10
13.0319404602,80.2419204712,23520,23530,10
13.0314397812,80.2408905029,23530,23540,10
13.0312204361,80.2403717041,23540,23570,30
13.0312204361,80.2403717041,23570,23580,10
13.0311002731,80.240196228,23580,23590,10
13.0308198929,80.2395782471,23590,23600,10
13.0303201675,80.2386016846,23600,23611,11
13.0294799805,80.2371902466,23611,23621,10
13.0285797119,80.2362213135,23621,23631,10
13.027589798,80.2349014282,23631,23641,10
13.0268602371,80.2336807251,23641,23651,10
13.0262498856,80.2325134277,23651,23661,10
13.0259504318,80.2313537598,23661,23671,10
13.0253896713,80.2300567627,23671,23681,10
13.0246601105,80.2290496826,23681,23691,10
13.0239896774,80.2282791138,23691,23701,10
13.0234603882,80.2276916504,23701,23722,21
13.0234603882,80.2276916504,23722,23732,10
13.0232601166,80.2275924683,23732,23742,10
13.0231599808,80.2274475098,23742,23752,10
13.0226697922,80.2269973755,23752,23762,10
13.0220804214,80.2264175415,23762,23772,10
13.0212697983,80.2257766724,23772,23782,10
13.0204696655,80.225189209,23782,23798,16
13.018989563,80.2244567871,23798,23810,12
13.0177602768,80.2248916626,23810,23819,9
13.0168895721,80.2252807617,23819,23831,12
13.016289711,80.2255325317,23831,23841,10
13.0157003403,80.2257080078,23841,23851,10
13.0151395798,80.2259368896,23851,23860,9
13.014550209,80.2261810303,23860,23881,21
13.014550209,80.2261810303,23881,23890,9
13.0144100189,80.2262573242,23890,23901,11
13.0142297745,80.2263336182,23901,23912,11
13.0135002136,80.2266082764,23912,23922,10
13.0125799179,80.2269592285,23922,23932,10
13.011639595,80.2273178101,23932,23942,10
13.0104999542,80.2277832031,23942,23952,10
13.0094099045,80.2282562256,23952,23962,10
13.0090303421,80.2292480469,23962,23972,10
13.0087900162,80.2304916382,23972,23982,10
13.008600235,80.2314910889,23982,23992,10
13.0084104538,80.2324829102,23992,24002,10
13.0082998276,80.2332077026,24002,24013,11
13.0082998276,80.2333297729,24013,24023,10
13.0082902908,80.2334823608,24023,24033,10
13.0081596375,80.2339172363,24033,24043,10
13.0080003738,80.2347335815,24043,24053,10
13.0078001022,80.2357177734,24053,24063,10
13.007610321,80.2366867065,24063,24073,10
13.007399559,80.2376785278,24073,24083,10
13.0071802139,80.2385864258,24083,24093,10
13.0070104599,80.2395629883,24093,24103,10
13.0067596436,80.2407989502,24103,24114,11
13.0066699982,80.2421875,24114,24124,10
13.0066604614,80.2433319092,24124,24134,10
13.0065603256,80.2443771362,24134,24144,10
13.0065803528,80.2455596924,24144,24154,10
13.0066404343,80.2464599609,24154,24164,10
13.0066795349,80.2468566895,24164,24174,10
13.0066795349,80.2468795776,24174,24184,10
13.0066795349,80.2470169067,24184,24194,10
13.0066003799,80.2473526001,24194,24204,10
13.0062599182,80.2474136353,24204,24220,16
13.0057296753,80.2474212646,24220,24233,13
13.0047197342,80.247428894,24233,24243,10
13.003660202,80.2475585938,24243,24253,10
13.0025396347,80.247756958,24253,24263,10
13.0014295578,80.2480316162,24263,24271,8
13.0003900528,80.248298645,24271,24281,10
12.9988698959,80.2486801147,24281,24292,11
12.9970197678,80.249130249,24292,24303,11
12.9950895309,80.2496185303,24303,24313,10
12.9932899475,80.2500915527,24313,24324,11
12.9916601181,80.25050354,24324,24335,11
12.9910898209,80.2506637573,24335,24345,10
12.9909095764,80.2506713867,24345,24351,6
12.990530014,80.2507629395,24351,24365,14
12.9891195297,80.251121521,24365,24375,10
12.9880399704,80.2514190674,24375,24385,10
12.9871902466,80.2516174316,24385,24395,10
12.9862499237,80.2518386841,24395,24405,10
12.9851102829,80.2521209717,24405,24415,10
12.9838199615,80.2524719238,24415,24426,11
12.9822998047,80.2526931763,24426,24436,10
12.9809799194,80.2527389526,24436,24459,23
12.9788398743,80.2526626587,24459,24481,22
12.9788398743,80.2526626587,24481,24491,10
12.9786300659,80.252571106,24491,24501,10
12.9780902863,80.2521820068,24501,24512,11
12.9772500992,80.2515029907,24512,24522,10
12.9760704041,80.2511062622,24522,24533,11
12.9745998383,80.2506790161,24533,24543,10
12.97315979,80.2502593994,24543,24553,10
12.9716501236,80.2498626709,24553,24563,10
12.9701595306,80.249420166,24563,24573,10
12.9687900543,80.2488708496,24573,24583,10
12.9675397873,80.2483596802,24583,24593,10
12.9666996002,80.2479934692,24593,24603,10
12.9658002853,80.2475814819,24603,24613,10
12.9650201797,80.2473297119,24613,24634,21
12.9637203217,80.2468414307,24634,24646,12
12.9623298645,80.2461471558,24646,24656,10
12.9613399506,80.2456588745,24656,24666,10
12.9602098465,80.2451400757,24666,24676,10
12.9594402313,80.2447967529,24676,24686,10
12.95911026,80.244682312,24686,24696,10
12.9584102631,80.2443618774,24696,24705,9
12.9578800201,80.2441482544,24705,24716,11
12.9568796158,80.2438583374,24716,24726,10
12.9564304352,80.2437133789,24726,24736,10
12.9563102722,80.2436828613,24736,24747,11
12.9557695389,80.2433929443,24747,24757,10
12.9549303055,80.2429580688,24757,24766,9
12.954079628,80.2425765991,24766,24777,11
12.9527301788,80.2420272827,24777,24786,9
12.9513597488,80.2415618896,24786,24797,11
12.9498500824,80.2410736084,24797,24807,10
12.9482603073,80.2404632568,24807,24817,10
12.9472198486,80.2400283813,24817,24828,11
12.9469203949,80.2399520874,24828,24838,10
12.9466199875,80.2398300171,24838,24848,10
12.9459104538,80.2395172119,24848,24858,10
12.9449996948,80.2389221191,24858,24868,10
12.9441003799,80.2379684448,24868,24878,10
12.9434204102,80.2372436523,24878,24888,10
12.9425401688,80.236579895,24888,24898,10
12.9412403107,80.2361984253,24898,24908,10
12.9399795532,80.2358779907,24908,24918,10
12.9396295547,80.2357177734,24918,24928,10
12.9391202927,80.2354812622,24928,24939,11
12.9381303787,80.234992981,24939,24949,10
12.9370002747,80.2344207764,24949,24959,10
12.9359798431,80.2339401245,24959,24969,10
12.9358301163,80.2338485718,24969,24979,10
12.9353704453,80.2336730957,24979,24989,10
12.9345397949,80.233291626,24989,25005,16
12.9338197708,80.232963562,25005,25017,12
12.9333496094,80.2327728271,25017,25025,8
12.9326400757,80.2324829102,25025,25037,12
12.9312000275,80.2319793701,25037,25048,11
12.929599762,80.2315292358,25048,25058,10
12.9279003143,80.2312164307,25058,25068,10
12.9261398315,80.2310028076,25068,25078,10
12.9243602753,80.230796814,25078,25088,10
12.9225797653,80.2305374146,25088,25098,10
12.9210500717,80.2303237915,25098,25108,10
12.9193696976,80.2301025391,25108,25117,9
12.9182395935,80.2299575806,25117,25127,10
12.9172000885,80.2298278809,25127,25138,11
12.9158697128,80.2296524048,25138,25149,11
12.9144601822,80.2294464111,25149,25159,10
12.9134502411,80.2293014526,25159,25169,10
12.9122695923,80.2291183472,25169,25179,10
12.9108600616,80.2289199829,25179,25189,10
12.9094600677,80.2286987305,25189,25199,10
12.9081001282,80.2285003662,25199,25209,10
12.9069499969,80.2283401489,25209,25219,10
12.9064598083,80.2283096313,25219,25229,10
12.9062700272,80.2282867432,25229,25239,10
12.9056196213,80.2282409668,25239,25250,11
12.9045696259,80.2281570435,25250,25266,16
12.9027996063,80.2280807495,25266,25278,12
12.9016399384,80.2280197144,25278,25288,10
12.9012804031,80.228012085,25288,25298,10
12.900639534,80.2279281616,25298,25308,10
12.899939537,80.2278900146,25308,25318,10
12.899189949,80.2278900146,25318,25338,20
12.899189949,80.2278900146,25338,25349,11
12.8987798691,80.2278366089,25349,25359,10
12.8979701996,80.2277908325,25359,25369,10
12.8968601227,80.2277374268,25369,25379,10
12.8956003189,80.2276992798,25379,25389,10
12.8943195343,80.2276077271,25389,25399,10
12.8930797577,80.2274703979,25399,25409,10
12.8923597336,80.2274017334,25409,25419,10
12.8915300369,80.2273712158,25419,25429,10
12.8903598785,80.2273712158,25429,25439,10
12.88904953,80.2273712158,25439,25450,11
12.8875598907,80.2272567749,25450,25460,10
12.8861598969,80.2269897461,25460,25470,10
12.8849201202,80.2267227173,25470,25480,10
12.8835697174,80.2266998291,25480,25490,10
12.8820199966,80.2267227173,25490,25500,10
12.8803300858,80.2267379761,25500,25510,10
12.8785495758,80.2267990112,25510,25520,10
12.8764295578,80.2269973755,25520,25540,20
12.8764295578,80.2269973755,25540,25551,11
12.876159668,80.2270126343,25551,25561,10
12.87541008,80.2269668579,25561,25571,10
12.8742904663,80.2268295288,25571,25581,10
12.8728399277,80.2267227173,25581,25591,10
12.8712596893,80.2266464233,25591,25601,10
12.8696098328,80.2265090942,25601,25611,10
12.8679304123,80.2264022827,25611,25621,10
12.8663101196,80.2265701294,25621,25631,10
12.8647003174,80.2265777588,25631,25641,10
12.8630695343,80.2265167236,25641,25652,11
12.8613700867,80.2266082764,25652,25662,10
12.8609304428,80.2266311646,25662,25672,10
12.8606901169,80.2266082764,25672,25682,10
12.8599596024,80.2265014648,25682,25692,10
12.8589200974,80.2263412476,25692,25702,10
12.8576602936,80.2262802124,25702,25712,10
12.856300354,80.2264022827,25712,25722,10
12.854809761,80.2265396118,25722,25732,10
12.8531703949,80.2266998291,25732,25742,10
12.8514995575,80.2266464233,25742,25752,10
12.8500795364,80.2266387939,25752,25763,11
12.8496303558,80.2266311646,25763,25773,10
12.8491201401,80.226600647,25773,25783,10
12.8482103348,80.226600647,25783,25793,10
12.8470201492,80.2266082764,25793,25803,10
12.845749855,80.2266235352,25803,25813,10
12.84512043,80.2266693115,25813,25823,10
12.8450698853,80.2266693115,25823,25833,10
12.8445701599,80.2267227173,25833,25843,10
12.843629837,80.2268066406,25843,25853,10
12.842499733,80.2269897461,25853,25864,11
12.8411197662,80.2273101807,25864,25874,10
12.8401699066,80.2275924683,25874,25884,10
12.8397502899,80.2276916504,25884,25894,10
12.8394804001,80.2277984619,25894,25904,10
12.8386898041,80.2279968262,25904,25914,10
12.8376197815,80.2282409668,25914,25924,10
12.8363199234,80.2284393311,25924,25934,10
12.8348999023,80.2286682129,25934,25944,10
12.8333997726,80.2289428711,25944,25954,10
12.8323802948,80.2291488647,25954,25965,11
12.8322696686,80.2291564941,25965,25975,10
12.8319597244,80.2292175293,25975,25985,10
12.8312196732,80.2294006348,25985,25995,10
12.8301801682,80.2297897339,25995,26005,10
12.8289499283,80.2302627563,26005,26015,10
12.8277597427,80.2309188843,26015,26025,10
12.8265600204,80.2313537598,26025,26035,10
12.8252000809,80.2314224243,26035,26045,10
12.8237800598,80.2311706543,26045,26055,10
12.8222999573,80.2306976318,26055,26066,11
12.8207302094,80.23046875,26066,26076,10
12.819560051,80.2304992676,26076,26086,10
12.8188295364,80.23046875,26086,26096,10
12.8183097839,80.2302474976,26096,26106,10
12.8174295425,80.2298278809,26106,26116,10
12.8162403107,80.2294769287,26116,26126,10
12.8148803711,80.2292785645,26126,26135,9
12.8135995865,80.2289962769,26135,26145,10
12.8122301102,80.2285385132,26145,26156,11
12.8106803894,80.2279891968,26156,26166,10
12.8093004227,80.2273406982,26166,26177,11
12.807970047,80.2262802124,26177,26187,10
12.8070402145,80.225479126,26187,26197,10
12.806599617,80.2250976563,26197,26207,10
12.8061800003,80.2247161865,26207,26217,10
12.8056001663,80.2242431641,26217,26227,10
12.8050003052,80.2240371704,26227,26237,10
12.8048696518,80.2240066528,26237,26247,10
12.8043498993,80.2239379883,26247,26257,10
12.8036403656,80.2238769531,26257,26268,11
12.8025798798,80.2237625122,26268,26278,10
12.8013801575,80.2236328125,26278,26288,10
12.8001003265,80.2235107422,26288,26298,10
12.7989301682,80.2234420776,26298,26308,10
12.7975997925,80.2232589722,26308,26318,10
12.796380043,80.2230377197,26318,26328,10
12.7959299088,80.2229919434,26328,26338,10
12.7957696915,80.2229385376,26338,26348,10
12.7951803207,80.2227935791,26348,26358,10
12.7941703796,80.2226409912,26358,26369,11
12.792840004,80.222442627,26369,26379,10
12.7915697098,80.2221832275,26379,26389,10
12.7902603149,80.221862793,26389,26399,10
12.7892398834,80.2215194702,26399,26409,10
12.788359642,80.2211914063,26409,26419,10
12.7876701355,80.2209091187,26419,26429,10
12.7870101929,80.2206573486,26429,26439,10
12.7860603333,80.2202911377,26439,26459,20
12.7860603333,80.2202911377,26459,26470,11
12.7858200073,80.2201766968,26470,26480,10
12.7857398987,80.2201690674,26480,26490,10
12.7851896286,80.219909668,26490,26500,10
12.7847003937,80.2196578979,26500,26510,10
12.7846803665,80.2196502686,26510,26520,10
12.784529686,80.2195281982,26520,26530,10
12.7839803696,80.21925354,26530,26540,10
12.7832403183,80.2188415527,26540,26550,10
12.7823400497,80.2183303833,26550,26560,10
12.7812795639,80.2177429199,26560,26570,10
12.7800998688,80.2170791626,26570,26581,11
12.7786598206,80.2163009644,26581,26591,10
12.7772397995,80.2156600952,26591,26601,10
12.7757301331,80.2150421143,26601,26611,10
12.7742595673,80.2144393921,26611,26621,10
12.772769928,80.2138595581,26621,26631,10
12.7713499069,80.2133407593,26631,26641,10
12.7705602646,80.2130966187,26641,26651,10
12.7705402374,80.2130966187,26651,26661,10
12.7701501846,80.2129592896,26661,26671,10
12.7693595886,80.212677002,26671,26682,11
12.7681703568,80.2122421265,26682,26692,10
12.7668800354,80.2117614746,26692,26702,10
12.7654800415,80.211227417,26702,26712,10
12.7639799118,80.2106781006,26712,26722,10
12.7624597549,80.2101135254,26722,26732,10
12.7609500885,80.2094268799,26732,26742,10
12.7597198486,80.2087783813,26742,26752,10
12.758480072,80.2080993652,26752,26762,10
12.7571401596,80.207359314,26762,26772,10
12.7557601929,80.2065811157,26772,26783,11
12.754240036,80.2057495117,26783,26793,10
12.7528400421,80.2050094604,26793,26803,10
12.7514095306,80.2042999268,26803,26813,10
12.75,80.2035598755,26813,26823,10
12.7485399246,80.2028121948,26823,26833,10
12.7470998764,80.2020568848,26833,26843,10
12.7456798553,80.2013397217,26843,26853,10
12.7443704605,80.2004394531,26853,26863,10
12.7433004379,80.1992263794,26863,26873,10
12.7422704697,80.1980133057,26873,26884,11
12.7412700653,80.196647644,26884,26894,10
12.7403898239,80.1954421997,26894,26904,10
12.7394800186,80.1941986084,26904,26914,10
12.7385396957,80.1929168701,26914,26924,10
12.737449646,80.1917800903,26924,26934,10
12.7365398407,80.1908721924,26934,26944,10
12.7357597351,80.1901168823,26944,26954,10
12.7349395752,80.1896896362,26954,26964,10
12.7339401245,80.1895599365,26964,26974,10
12.7327003479,80.1893692017,26974,26985,11
12.731300354,80.1891326904,26985,26995,10
12.7303600311,80.1890487671,26995,27005,10
12.7301301956,80.1890182495,27005,27016,11
12.7298698425,80.1889801025,27016,27026,10
12.7293300629,80.1889572144,27026,27035,9
12.728679657,80.1888504028,27035,27046,11
12.7277603149,80.188583374,27046,27056,10
12.7270898819,80.1884002686,27056,27066,10
12.7263002396,80.1882171631,27066,27076,10
12.7257099152,80.1881103516,27076,27087,11
12.7250204086,80.18800354,27087,27107,20
12.7250204086,80.18800354,27107,27117,10
12.7248802185,80.1879882813,27117,27127,10
12.724650383,80.1879425049,27127,27137,10
12.7242898941,80.1878662109,27137,27147,10
12.7239599228,80.1877593994,27147,27157,10
12.7234697342,80.1876373291,27157,27167,10
12.7230701447,80.187538147,27167,27177,10
12.7225103378,80.1874008179,27177,27188,11
12.7223300934,80.1874923706,27188,27218,30
12.7223300934,80.1874923706,27218,27228,10
12.7222204208,80.1878890991,27228,27289,61
12.7219400406,80.1876983643,27289,28733,1444
12.7219600677,80.1875686646,28733,28985,252
12.7219600677,80.1876831055,28985,29440,455
12.7220401764,80.1873016357,29440,29470,30
12.7220401764,80.1873016357,29470,29480,10
12.7221403122,80.1872177124,29480,29490,10
12.7224397659,80.1873016357,29490,29501,11
12.7229299545,80.1874465942,29501,29511,10
12.7234601974,80.1875991821,29511,29521,10
12.7238302231,80.1876831055,29521,29531,10
12.7240400314,80.1877593994,29531,29541,10
12.7242803574,80.1878204346,29541,29551,10
12.7244796753,80.1878814697,29551,29561,10
12.7246999741,80.1879272461,29561,29571,10
12.7249403,80.1879730225,29571,29630,59
12.7249403,80.1879730225,29630,29640,10
12.725279808,80.188041687,29640,29649,9
12.7255001068,80.188079834,29649,29661,12
12.725689888,80.1881027222,29661,29671,10
12.7258195877,80.1881332397,29671,29681,10
12.7261600494,80.1881866455,29681,29702,21
12.7261600494,80.1881866455,29702,29712,10
12.7262496948,80.1882019043,29712,29723,11
12.7265701294,80.1882705688,29723,29733,10
12.7270202637,80.188369751,29733,29743,10
12.727519989,80.1884994507,29743,29753,10
12.7281799316,80.1886901855,29753,29763,10
12.7289800644,80.188911438,29763,29773,10
12.7298002243,80.1889724731,29773,29793,20
12.7298002243,80.1889724731,29793,29804,11
12.729929924,80.1889801025,29804,29814,10
12.730389595,80.1890411377,29814,29824,10
12.7310495377,80.1891021729,29824,29834,10
12.7319202423,80.189201355,29834,29844,10
12.7328996658,80.1893615723,29844,29854,10
12.7339000702,80.1894683838,29854,29864,10
12.735039711,80.1896133423,29864,29874,10
12.7360095978,80.1901397705,29874,29884,10
12.7363595963,80.1904678345,29884,29894,10
12.7363796234,80.1904830933,29894,29905,11
12.7366104126,80.1907577515,29905,29915,10
12.7371501923,80.1912994385,29915,29925,10
12.737830162,80.1919784546,29925,29935,10
12.7385997772,80.192817688,29935,29945,10
12.7393598557,80.1938323975,29945,29955,10
12.7401399612,80.1949310303,29955,29965,10
12.7410001755,80.1960983276,29965,29975,10
12.7417898178,80.1972732544,29975,29985,10
12.7422304153,80.1977996826,29985,29995,10
12.7422599792,80.197807312,29995,30005,10
12.7425403595,80.1981430054,30005,30016,11
12.7430696487,80.1987533569,30016,30026,10
12.743689537,80.1994781494,30026,30036,10
12.7443199158,80.2002105713,30036,30046,10
12.7451200485,80.2008972168,30046,30056,10
12.7461795807,80.2014923096,30056,30066,10
12.747300148,80.2020721436,30066,30076,10
12.7484397888,80.2026596069,30076,30086,10
12.7496004105,80.2032775879,30086,30096,10
12.7507896423,80.2039031982,30096,30106,10
12.7519903183,80.2045211792,30106,30117,11
12.7533397675,80.2052230835,30117,30127,10
12.7545499802,80.2058792114,30127,30137,10
12.7557001114,80.2065124512,30137,30147,10
12.7568397522,80.2071533203,30147,30157,10
12.7580003738,80.2077789307,30157,30167,10
12.7592201233,80.208442688,30167,30177,10
12.7603998184,80.2090835571,30177,30187,10
12.761590004,80.2096710205,30187,30197,10
12.7628602982,80.2101974487,30197,30207,10
12.7641601563,80.2107009888,30207,30218,11
12.7656602859,80.2112426758,30218,30228,10
12.7670497894,80.2117462158,30228,30238,10
12.7684698105,80.2122573853,30238,30248,10
12.7698698044,80.2127685547,30248,30258,10
12.7711801529,80.213218689,30258,30288,30
12.7711801529,80.213218689,30288,30298,10
12.7714500427,80.2132797241,30298,30308,10
12.7719802856,80.2134780884,30308,30319,11
12.7728099823,80.2137832642,30319,30329,10
12.7736597061,80.2141418457,30329,30339,10
12.7746496201,80.2145309448,30339,30349,10
12.7756996155,80.2149581909,30349,30359,10
12.7768096924,80.2154083252,30359,30369,10
12.7779502869,80.2158813477,30369,30379,10
12.7790899277,80.2164535522,30379,30389,10
12.7802095413,80.2170715332,30389,30399,10
12.7813796997,80.2177200317,30399,30409,10
12.7825403214,80.2183532715,30409,30420,11
12.7833795547,80.2188034058,30420,30430,10
12.7840204239,80.2191390991,30430,30440,10
12.7847499847,80.2195663452,30440,30450,10
12.785369873,80.2198867798,30450,30460,10
12.7859601974,80.2201766968,30460,30480,20
12.7860898972,80.2202377319,30480,30510,30
12.7860898972,80.2202377319,30510,30521,11
12.7863302231,80.2203369141,30521,30531,10
12.7867002487,80.2204818726,30531,30561,30
12.7867002487,80.2204818726,30561,30571,10
12.7868299484,80.2205276489,30571,30581,10
12.7871704102,80.2206726074,30581,30591,10
12.7877397537,80.2208709717,30591,30601,10
12.7883996964,80.2211227417,30601,30611,10
12.7891397476,80.2213973999,30611,30621,10
12.7896699905,80.2215576172,30621,30632,11
12.790019989,80.2217102051,30632,30642,10
12.790719986,80.2218933105,30642,30652,10
12.7915802002,80.2221069336,30652,30662,10
12.7925796509,80.2223587036,30662,30672,10
12.793589592,80.2225189209,30672,30682,10
12.7946395874,80.2226715088,30682,30692,10
12.7963104248,80.2229385376,30692,30720,28
12.7963104248,80.2229385376,30720,30731,11
12.7965402603,80.2229766846,30731,30741,10
12.7970399857,80.2230834961,30741,30751,10
12.7977800369,80.2232131958,30751,30761,10
12.7985897064,80.2232971191,30761,30771,10
12.7995300293,80.2233886719,30771,30781,10
12.8004703522,80.2234802246,30781,30791,10
12.8015098572,80.2235794067,30791,30821,30
12.8015098572,80.2235794067,30821,30832,11
12.801659584,80.2236022949,30832,30842,10
12.8019504547,80.2236328125,30842,30852,10
12.8025302887,80.2237091064,30852,30862,10
12.8032598495,80.2238082886,30862,30872,10
12.8040599823,80.2238693237,30872,30882,10
12.8048601151,80.2239532471,30882,30892,10
12.8056602478,80.2241592407,30892,30922,30
12.8056602478,80.2241592407,30922,30933,11
12.8059597015,80.2244110107,30933,30943,10
12.806520462,80.2248916626,30943,30953,10
12.8072099686,80.225479126,30953,30963,10
12.8079299927,80.2260818481,30963,30973,10
12.808719635,80.2267303467,30973,30983,10
12.8095998764,80.2273788452,30983,30993,10
12.8106403351,80.2278518677,30993,31003,10
12.8117198944,80.2282714844,31003,31013,10
12.8128404617,80.2286682129,31013,31023,10
12.8140096664,80.2290420532,31023,31034,11
12.815369606,80.2293014526,31034,31050,16
12.8173999786,80.2297210693,31050,31062,12
12.8187103271,80.2303009033,31062,31072,10
12.8199396133,80.2304229736,31072,31103,31
12.8199396133,80.2304229736,31103,31113,10
12.8202295303,80.2304077148,31113,31123,10
12.8208599091,80.2304000854,31123,31132,9
12.8216199875,80.2304382324,31132,31144,12
12.822719574,80.2307434082,31144,31154,10
12.8237600327,80.2310409546,31154,31164,10
12.8247804642,80.231300354,31164,31174,10
12.8258399963,80.2313308716,31174,31184,10
12.8268203735,80.2312393188,31184,31194,10
12.8277797699,80.2308502197,31194,31204,10
12.8288002014,80.2302703857,31204,31214,10
12.8298997879,80.2297973633,31214,31224,10
12.830789566,80.2294464111,31224,31234,10
12.8311100006,80.2292861938,31234,31295,61
12.8311100006,80.2292861938,31295,31305,10
12.831489563,80.2291488647,31305,31315,10
12.8318395615,80.229057312,31315,31325,10
12.832449913,80.2289505005,31325,31335,10
12.8333301544,80.2287902832,31335,31346,11
12.83452034,80.2285919189,31346,31356,10
12.8357200623,80.2284011841,31356,31366,10
12.8370304108,80.2282104492,31366,31376,10
12.8382701874,80.2279815674,31376,31386,10
12.8390598297,80.2277679443,31386,31396,10
12.8395204544,80.2276763916,31396,31406,10
12.8395900726,80.2276611328,31406,31416,10
12.8399000168,80.2275924683,31416,31426,10
12.840470314,80.2274169922,31426,31436,10
12.8412399292,80.2272109985,31436,31447,11
12.8422298431,80.2269515991,31447,31457,10
12.8431396484,80.2267608643,31457,31467,10
12.8440198898,80.2266235352,31467,31477,10
12.8447198868,80.2265319824,31477,31487,10
12.8454799652,80.2264785767,31487,31548,61
12.8454799652,80.2264785767,31548,31558,10
12.8460302353,80.2265014648,31558,31568,10
12.8466300964,80.2265014648,31568,31578,10
12.8474798203,80.2265014648,31578,31588,10
12.8483600616,80.2265014648,31588,31598,10
12.8493499756,80.2265014648,31598,31608,10
12.8500499725,80.2264785767,31608,31618,10
12.8501996994,80.2264785767,31618,31628,10
12.8506498337,80.2265014648,31628,31638,10
12.8514003754,80.2265396118,31638,31649,11
12.8524703979,80.2265777588,31649,31659,10
12.8536396027,80.2265701294,31659,31669,10
12.8548603058,80.2264404297,31669,31679,10
12.8561201096,80.2263183594,31679,31689,10
12.8572797775,80.2261810303,31689,31699,10
12.8580198288,80.2261428833,31699,31709,10
12.858499527,80.2261581421,31709,31719,10
12.8591098785,80.2262420654,31719,31729,10
12.8599500656,80.226348877,31729,31739,10
12.8607797623,80.2264480591,31739,31750,11
12.8608798981,80.2264633179,31750,31760,10
12.8610296249,80.2264404297,31760,31770,10
12.8614301682,80.2264709473,31770,31780,10
12.862159729,80.2264633179,31780,31790,10
12.8630599976,80.2264328003,31790,31800,10
12.8641796112,80.2264633179,31800,31810,10
12.8654298782,80.2265090942,31810,31820,10
12.8665895462,80.2264709473,31820,31830,10
12.8677501678,80.2263412476,31830,31840,10
12.8690299988,80.2263565063,31840,31850,10
12.8704204559,80.2265167236,31850,31861,11
12.8718996048,80.226600647,31861,31871,10
12.8727397919,80.2265930176,31871,31881,10
12.8728303909,80.2265930176,31881,31891,10
12.8728504181,80.2266082764,31891,31901,10
12.8732500076,80.2266235352,31901,31911,10
12.8739795685,80.2266693115,31911,31921,10
12.8749599457,80.2267913818,31921,31931,10
12.8758602142,80.2268676758,31931,31941,10
12.8760995865,80.2268829346,31941,31951,10
12.8762798309,80.2268981934,31951,31962,11
12.8769197464,80.2268295288,31962,31990,28
12.8769197464,80.2268295288,31990,32000,10
12.877240181,80.2267990112,32000,32009,9
12.8779497147,80.2267379761,32009,32020,11
12.8791503906,80.2266769409,32020,32030,10
12.880200386,80.2266998291,32030,32040,10
12.8816404343,80.2267074585,32040,32050,10
12.883099556,80.2266769409,32050,32061,11
12.8845596313,80.2266387939,32061,32071,10
12.8853597641,80.2266616821,32071,32101,30
12.8853597641,80.2266616821,32101,32111,10
12.8855199814,80.2266693115,32111,32121,10
12.8860301971,80.2268066406,32121,32131,10
12.886759758,80.2269973755,32131,32141,10
12.8876399994,80.227180481,32141,32151,10
12.8886299133,80.2272872925,32151,32162,11
12.8897895813,80.2272796631,32162,32172,10
12.8909196854,80.2272796631,32172,32182,10
12.8921203613,80.2273025513,32182,32192,10
12.8931398392,80.2274169922,32192,32202,10
12.8941497803,80.2275314331,32202,32212,10
12.8952198029,80.2275619507,32212,32222,10
12.8963699341,80.2276000977,32222,32232,10
12.8975801468,80.2276763916,32232,32242,10
12.8987998962,80.2277526855,32242,32252,10
12.8998003006,80.2277984619,32252,32263,11
12.9007501602,80.2277984619,32263,32394,131
12.9007501602,80.2277984619,32394,32404,10
12.9009199142,80.2277908325,32404,32414,10
12.9013996124,80.2278518677,32414,32424,10
12.9022197723,80.227897644,32424,32434,10
12.9028196335,80.2279205322,32434,32444,10
12.902879715,80.2279205322,32444,32454,10
12.9029598236,80.2279510498,32454,32464,10
12.9034099579,80.2279815674,32464,32475,11
12.9040002823,80.228012085,32475,32485,10
12.9041404724,80.228012085,32485,32525,40
12.9041404724,80.228012085,32525,32535,10
12.9044399261,80.2279891968,32535,32545,10
12.9046401978,80.228012085,32545,32555,10
12.904800415,80.2280502319,32555,32565,10
12.9050703049,80.2280807495,32565,32576,11
12.9054698944,80.2280502319,32576,32586,10
12.9056596756,80.2280426025,32586,32596,10
12.9059000015,80.2280426025,32596,32717,121
12.9059000015,80.2280426025,32717,32727,10
12.9063501358,80.2281112671,32727,32737,10
12.9065999985,80.2281417847,32737,32747,10
12.9072198868,80.2282333374,32747,32757,10
12.9082298279,80.2283782959,32757,32767,10
12.9093799591,80.2285766602,32767,32778,11
12.9110603333,80.2288589478,32778,32788,10
12.9124097824,80.2290496826,32788,32798,10
12.9139604568,80.2292175293,32798,32818,20
12.9139604568,80.2292175293,32818,32828,10
12.9142103195,80.2292633057,32828,32838,10
12.9149198532,80.2293624878,32838,32848,10
12.9159202576,80.2295074463,32848,32858,10
12.9170703888,80.2296676636,32858,32868,10
12.918299675,80.2298583984,32868,32879,11
12.9197397232,80.2300567627,32879,32889,10
12.9211702347,80.2302398682,32889,32899,10
12.9226903915,80.23046875,32899,32909,10
12.9242897034,80.2306976318,32909,32919,10
12.9258403778,80.2308731079,32919,32929,10
12.9270801544,80.231010437,32929,32939,10
12.9281396866,80.2311172485,32939,32949,10
12.9286203384,80.2311630249,32949,32959,10
12.9287700653,80.2311782837,32959,32969,10
12.9293203354,80.2312927246,32969,32980,11
12.9303197861,80.2315292358,32980,32990,10
12.9314699173,80.2318725586,32990,33000,10
12.9326400757,80.2322463989,33000,33010,10
12.9335098267,80.2326202393,33010,33030,20
12.9335098267,80.2326202393,33030,33040,10
12.933839798,80.2328033447,33040,33050,10
12.9344797134,80.2330932617,33050,33060,10
12.9352397919,80.2334289551,33060,33070,10
12.9358997345,80.2337265015,33070,33081,11
12.9368200302,80.2341766357,33081,33091,10
12.9377002716,80.2345809937,33091,33101,10
12.9386100769,80.2350387573,33101,33111,10
12.939499855,80.235458374,33111,33121,10
12.9398603439,80.2356262207,33121,33131,10
12.9398698807,80.2356414795,33131,33141,10
12.9399900436,80.2357025146,33141,33151,10
12.9405403137,80.2359008789,33151,33161,10
12.9413995743,80.2361373901,33161,33171,10
12.9424495697,80.2364196777,33171,33182,11
12.9435596466,80.2371826172,33182,33191,9
12.9442996979,80.2380523682,33191,33202,11
12.9453601837,80.239151001,33202,33212,10
12.9464502335,80.2396697998,33212,33222,10
12.9470701218,80.2398605347,33222,33232,10
12.9471597672,80.2398910522,33232,33242,10
12.947259903,80.2399215698,33242,33252,10
12.947719574,80.2401275635,33252,33262,10
12.9484596252,80.2404174805,33262,33283,21
12.9486198425,80.2404632568,33283,33363,80
12.9486198425,80.2404632568,33363,33373,10
12.9488401413,80.2405776978,33373,33383,10
12.9492101669,80.240737915,33383,33394,11
12.9498100281,80.2409515381,33394,33404,10
12.9511804581,80.241317749,33404,33424,20
12.9511804581,80.241317749,33424,33434,10
12.9514598846,80.2414627075,33434,33444,10
12.9520397186,80.2416915894,33444,33454,10
12.9527997971,80.2419891357,33454,33464,10
12.9537200928,80.2423629761,33464,33474,10
12.9544801712,80.2426681519,33474,33484,10
12.9552297592,80.2429428101,33484,33495,11
12.9560203552,80.2431564331,33495,33505,10
12.9563798904,80.2432785034,33505,33525,20
12.9563798904,80.2432785034,33525,33535,10
12.9568796158,80.2434768677,33535,33545,10
12.9574298859,80.2437667847,33545,33555,10
12.95814991,80.244102478,33555,33565,10
12.9589004517,80.244392395,33565,33585,20
12.9589004517,80.244392395,33585,33596,11
12.9592504501,80.2445831299,33596,33606,10
12.9599304199,80.2449035645,33606,33616,10
12.9608297348,80.2453231812,33616,33625,9
12.9617395401,80.2457580566,33625,33636,11
12.9624204636,80.2460632324,33636,33737,101
12.9624204636,80.2460632324,33737,33747,10
12.9626598358,80.2461395264,33747,33757,10
12.96296978,80.2463378906,33757,33767,10
12.9632997513,80.2465286255,33767,33777,10
12.9636001587,80.2466964722,33777,33787,10
12.9641199112,80.246887207,33787,33798,11
12.9649295807,80.2471694946,33798,33808,10
12.9656896591,80.2473983765,33808,33818,10
12.9659004211,80.247467041,33818,33828,10
12.9660797119,80.2475585938,33828,33838,10
12.9661903381,80.2476272583,33838,33848,10
12.9666500092,80.2478179932,33848,33878,30
12.9666500092,80.2478179932,33878,33888,10
12.9669799805,80.248008728,33888,33898,10
12.9674797058,80.2482681274,33898,33909,11
12.968580246,80.2486190796,33909,33919,10
12.9695701599,80.2490234375,33919,33929,10
12.9705896378,80.2494506836,33929,33939,10
12.9716796875,80.2497787476,33939,33949,10
12.9727697372,80.2500762939,33949,33959,10
12.9736604691,80.2503204346,33959,33969,10
12.9743204117,80.2505111694,33969,33979,10
12.9752597809,80.2507781982,33979,33989,10
12.9763898849,80.2510986328,33989,34000,11
12.9775495529,80.2515716553,34000,34010,10
12.9784002304,80.2522201538,34010,34040,30
12.9784002304,80.2522201538,34040,34050,10
12.9786100388,80.2523498535,34050,34060,10
12.9788198471,80.2524414063,34060,34070,10
12.9791603088,80.2525405884,34070,34080,10
12.9795398712,80.252571106,34080,34090,10
12.9799995422,80.2526092529,34090,34101,11
12.9808397293,80.2526016235,34101,34111,10
12.9816198349,80.2525634766,34111,34121,10
12.9819002151,80.2525634766,34121,34290,169
12.982000351,80.2525100708,34290,34573,283
12.982000351,80.2525100708,34573,34583,10
12.9821395874,80.2525100708,34583,34593,10
12.9825601578,80.2525024414,34593,34603,10
12.9831895828,80.2524490356,34603,34614,11
12.983830452,80.2523193359,34614,34624,10
12.9840602875,80.2522735596,34624,34634,10
12.9844303131,80.252166748,34634,34644,10
12.9850301743,80.2520065308,34644,34654,10
12.9854402542,80.2518997192,34654,34664,10
12.9857902527,80.2518234253,34664,34674,10
12.9862298965,80.2517089844,34674,34684,10
12.9867200851,80.2515792847,34684,34694,10
12.9870796204,80.2514801025,34694,34704,10
12.9875602722,80.2513275146,34704,35048,344
12.9875602722,80.2513275146,35048,35058,10
12.9877996445,80.2512588501,35058,35068,10
12.9884500504,80.2511062622,35068,35078,10
12.9893102646,80.2508773804,35078,35088,10
12.9895401001,80.2508163452,35088,35098,10
12.9898004532,80.2507629395,35098,35108,10
12.9905099869,80.2506027222,35108,35118,10
12.9915399551,80.2503509521,35118,35129,11
12.992939949,80.25,35129,35139,10
12.9943704605,80.2496414185,35139,35149,10
12.9956998825,80.2492980957,35149,35159,10
12.9966497421,80.2490234375,35159,35168,9
12.9968004227,80.2489776611,35168,35179,11
12.9969797134,80.2489624023,35179,35189,10
12.9976196289,80.2488098145,35189,35199,10
12.9985599518,80.2485809326,35199,35209,10
12.9997396469,80.2482910156,35209,35219,10
13.0010795593,80.2479629517,35219,35230,11
13.0025501251,80.2476119995,35230,35240,10
13.0038499832,80.2473983765,35240,35250,10
13.0052099228,80.2472000122,35250,35260,10
13.0061702728,80.2468795776,35260,35270,10
13.0065097809,80.2463989258,35270,35280,10
13.006529808,80.246383667,35280,35290,10
13.006649971,80.2459869385,35290,35300,10
13.0067100525,80.2453079224,35300,35310,10
13.0066404343,80.2447891235,35310,35320,10
13.0066003799,80.2443389893,35320,35331,11
13.0065603256,80.2437820435,35331,35341,10
13.0066003799,80.2434616089,35341,35351,10
13.0065803528,80.2429885864,35351,35361,10
13.0064401627,80.2423782349,35361,35371,10
13.0064001083,80.2417221069,35371,35381,10
13.0064601898,80.2414169312,35381,35391,10
13.0064601898,80.2414016724,35391,35401,10
13.0065202713,80.2408905029,35401,35411,10
13.0066604614,80.2403182983,35411,35421,10
13.0070199966,80.2397384644,35421,35432,11
13.0072097778,80.2388381958,35432,35442,10
13.0073003769,80.2379989624,35442,35452,10
13.0073795319,80.2370681763,35452,35472,20
13.0073795319,80.2370681763,35472,35482,10
13.0074396133,80.2368011475,35482,35492,10
13.0075397491,80.2364730835,35492,35502,10
13.0075902939,80.2359619141,35502,35512,10
13.0077600479,80.2351226807,35512,35522,10
13.0080099106,80.2342224121,35522,35533,11
13.0081701279,80.2331924438,35533,35543,10
13.008310318,80.2321777344,35543,35553,10
13.0085697174,80.2310791016,35553,35563,10
13.0087900162,80.2299118042,35563,35573,10
13.009059906,80.2287368774,35573,35583,10
13.0093402863,80.2276992798,35583,35593,10
13.0098800659,80.2266235352,35593,35603,10
13.0102796555,80.2258377075,35603,35613,10
13.0104904175,80.2254714966,35613,35623,10
13.0106401443,80.2250900269,35623,35634,11
13.0108299255,80.2245788574,35634,35644,10
13.0111103058,80.2238388062,35644,35654,10
13.0114002228,80.2230987549,35654,35664,10
13.0116996765,80.2222824097,35664,35674,10
13.0120296478,80.2215118408,35674,35684,10
13.012140274,80.2213973999,35684,35694,10
13.0124197006,80.2214431763,35694,35704,10
13.0125303268,80.2217712402,35704,35714,10
13.012840271,80.2221908569,35714,35724,10
13.0131902695,80.2225723267,35724,35735,11
13.0136404037,80.2230606079,35735,35745,10
13.0140104294,80.2234573364,35745,35755,10
13.0141801834,80.2236709595,35755,35765,10
13.0145998001,80.2240066528,35765,35775,10
13.0151901245,80.2247390747,35775,35785,10
13.0154104233,80.2248916626,35785,35795,10
13.0156698227,80.2250976563,35795,35805,10
13.0163698196,80.2253036499,35805,35815,10
13.0170402527,80.2250595093,35815,35825,10
13.0172595978,80.2249832153,35825,35835,10
13.0173797607,80.2249221802,35835,35846,11
13.0177602768,80.2247695923,35846,35856,10
13.0180301666,80.2246627808,35856,35866,10
13.0183095932,80.2245483398,35866,35876,10
13.0186395645,80.2244262695,35876,35896,20
13.0186395645,80.2244262695,35896,35906,10
13.018819809,80.2243499756,35906,35916,10
13.0191898346,80.2242584229,35916,35926,10
13.0194597244,80.2242965698,35926,35936,10
13.019610405,80.2243881226,35936,35947,11
13.0199203491,80.2246398926,35947,35957,10
13.0201702118,80.224822998,35957,35967,10
13.0203399658,80.2249221802,35967,35977,10
13.0204801559,80.2249984741,35977,35987,10
13.0205898285,80.2250976563,35987,35997,10
13.0208301544,80.2253036499,35997,36007,10
13.0210800171,80.2255172729,36007,36017,10
13.0212697983,80.2257003784,36017,36027,10
13.0217199326,80.2259979248,36027,36048,21
13.0217199326,80.2259979248,36048,36058,10
13.0218496323,80.2260818481,36058,36067,9
13.0219602585,80.2261734009,36067,36078,11
13.0220603943,80.2262496948,36078,36088,10
13.0222196579,80.2264022827,36088,36098,10
13.0224599838,80.226600647,36098,36118,20
13.0224599838,80.226600647,36118,36128,10
13.0226402283,80.2267303467,36128,36138,10
13.0228700638,80.2269287109,36138,36159,21
13.0228700638,80.2269287109,36159,36169,10
13.0231199265,80.227180481,36169,36199,30
13.0231199265,80.227180481,36199,36209,10
13.0234699249,80.2275314331,36209,36219,10
13.0237503052,80.2277374268,36219,36229,10
13.0239601135,80.2279205322,36229,36239,10
13.024140358,80.2281723022,36239,36250,11
13.024310112,80.2283401489,36250,36290,40
13.024310112,80.2283401489,36290,36300,10
13.0244197845,80.2284622192,36300,36310,10
13.0246696472,80.2288513184,36310,36320,10
13.0250101089,80.2293395996,36320,36330,10
13.0254497528,80.2299423218,36330,36340,10
13.0256996155,80.2303314209,36340,36351,11
13.0258903503,80.2307510376,36351,36361,10
13.0259799957,80.2310714722,36361,36377,16
13.0261497498,80.2318191528,36377,36389,12
13.0264701843,80.2326812744,36389,36399,10
13.0269298553,80.2334365845,36399,36409,10
13.0274496078,80.2342834473,36409,36419,10
13.0279197693,80.2351608276,36419,36430,11
13.0286102295,80.2360305786,36430,36439,9
13.0290603638,80.236541748,36439,36449,10
13.0294399261,80.2369613647,36449,36470,21
13.0294399261,80.2369613647,36470,36480,10
13.0297498703,80.2373962402,36480,36490,10
13.0302295685,80.2381820679,36490,36500,10
13.0304498672,80.2384872437,36500,36510,10
13.0305099487,80.2385635376,36510,36520,10
13.0306396484,80.2387619019,36520,36530,10
13.0307998657,80.2391433716,36530,36573,43
13.03125,80.239906311,36573,36586,13
13.0314302444,80.2402572632,36586,36594,8
13.0314598083,80.2405014038,36594,36606,12
13.0314798355,80.240737915,36606,36616,10
13.0316095352,80.2410430908,36616,36625,9
13.0317296982,80.241317749,36625,36636,11
13.0320396423,80.2419815063,36636,36646,10
13.0323495865,80.2423400879,36646,36657,11
13.0327997208,80.242980957,36657,36667,10
13.033249855,80.2436218262,36667,36677,10
13.0337600708,80.2442398071,36677,36686,9
13.034070015,80.2447433472,36686,36697,11
13.0345401764,80.2452926636,36697,36707,10
13.0349798203,80.2457885742,36707,36716,9
13.0354003906,80.2460098267,36716,36726,10
13.0355701447,80.2460632324,36726,36737,11
13.0359401703,80.2462615967,36737,36747,10
13.0365400314,80.2463912964,36747,36758,11
13.037320137,80.2464370728,36758,36768,10
13.0378904343,80.2464599609,36768,36778,10
13.0387401581,80.2467575073,36778,36828,50
13.0388803482,80.2468795776,36828,36879,51
13.0388803482,80.2468795776,36879,36889,10
13.0392799377,80.2470397949,36889,36899,10
13.0399398804,80.2471084595,36899,36909,10
13.0409002304,80.2472229004,36909,36919,10
13.0419397354,80.2473373413,36919,36929,10
13.0426702499,80.2476196289,36929,36939,10
13.0433397293,80.247833252,36939,36949,10
13.0440196991,80.2477416992,36949,36959,10
13.0445604324,80.2478179932,36959,36970,11
13.0452003479,80.2481079102,36970,36980,10
13.0458498001,80.2484130859,36980,36990,10
13.0470304489,80.2483978271,36990,37010,20
13.0470304489,80.2483978271,37010,37020,10
13.0474500656,80.2486801147,37020,37030,10
13.04804039,80.249168396,37030,37040,10
13.0485496521,80.24949646,37040,37050,10
13.0492401123,80.2496109009,37050,37060,10
13.0495996475,80.249710083,37060,37071,11
13.0504999161,80.2498703003,37071,37081,10
13.051440239,80.2501373291,37081,37091,10
13.0519199371,80.2504882813,37091,37101,10
13.0520000458,80.2505569458,37101,37111,10
13.0520401001,80.250617981,37111,37121,10
13.0522298813,80.250831604,37121,37131,10
13.0525999069,80.2513427734,37131,37151,20
13.0525999069,80.2513427734,37151,37161,10
13.0527896881,80.2515487671,37161,37172,11
13.0530099869,80.2518386841,37172,37182,10
13.0530195236,80.2518463135,37182,37192,10
13.0531196594,80.2520217896,37192,37202,10
13.0533704758,80.2523498535,37202,37212,10
13.0535001755,80.252532959,37212,37222,10
13.0537395477,80.2528991699,37222,37232,10
13.0540599823,80.253326416,37232,37242,10
13.0541496277,80.2534332275,37242,37252,10
13.054189682,80.2534866333,37252,37262,10
13.0543203354,80.2536697388,37262,37273,11
13.0543804169,80.2537536621,37273,37283,10
13.0545196533,80.2539367676,37283,37293,10
13.0545902252,80.2540206909,37293,37303,10
13.0547399521,80.2542495728,37303,37313,10
13.0549297333,80.2545013428,37313,37323,10
13.0551996231,80.2548599243,37323,37333,10
13.0553798676,80.2551422119,37333,37343,10
13.055560112,80.2553863525,37343,37353,10
13.0557699203,80.2556762695,37353,37363,10
13.0559396744,80.2558898926,37363,37374,11
13.0561304092,80.2561187744,37374,37384,10
13.0563802719,80.256439209,37384,37394,10
13.0568799973,80.2568817139,37394,37404,10
13.0574598312,80.2573623657,37404,37414,10
13.0576696396,80.2576217651,37414,37424,10
13.0579900742,80.2579803467,37424,37434,10
13.0583496094,80.2584609985,37434,37444,10
13.0587701797,80.2589187622,37444,37454,10
13.0591402054,80.2594528198,37454,37464,10
13.0595502853,80.2600097656,37464,37475,11
13.0601997375,80.2605895996,37475,37485,10
13.0606298447,80.2611236572,37485,37495,10
13.060790062,80.2613220215,37495,37505,10
13.0609197617,80.2616271973,37505,37515,10
13.0613098145,80.2619934082,37515,37525,10
13.0614795685,80.2621383667,37525,37535,10
13.0616397858,80.2624130249,37535,37545,10
13.0621004105,80.2629776001,37545,37555,10
13.0626001358,80.2635421753,37555,37565,10
13.0627403259,80.2636795044,37565,37576,11
13.0631103516,80.2641296387,37576,37586,10
13.06346035,80.2646865845,37586,37596,10
13.0638198853,80.2652206421,37596,37616,20
13.0638198853,80.2652206421,37616,37626,10
13.0640602112,80.2656173706,37626,37636,10
13.0644798279,80.2661514282,37636,37646,10
13.0647802353,80.2665176392,37646,37656,10
13.0650396347,80.2668609619,37656,37666,10
13.0655202866,80.2671508789,37666,37676,10
13.0656404495,80.2672805786,37676,37687,11
13.0657501221,80.2675170898,37687,37696,9
13.0660295486,80.2678985596,37696,37707,11
13.0666103363,80.2683868408,37707,37717,10
13.0673103333,80.2687835693,37717,37727,10
13.0678300858,80.2690811157,37727,37737,10
13.0682401657,80.2693405151,37737,37747,10
13.0683002472,80.2695007324,37747,37757,10
13.0682001114,80.2699432373,37757,37767,10
13.0681800842,80.2702407837,37767,37777,10
13.0681495667,80.2707595825,37777,37788,11
13.0681400299,80.2711410522,37788,37798,10
13.0682001114,80.2713394165,37798,37808,10
13.068400383,80.2716522217,37808,37820,12
13.0689697266,80.2719497681,37820,37830,10
13.0695400238,80.2724533081,37830,37840,10
13.0700101852,80.2729415894,37840,37850,10
13.0702896118,80.2732925415,37850,37860,10
13.0706596375,80.2737808228,37860,37870,10
13.0711402893,80.2740631104,37870,37910,40
13.0711402893,80.2740631104,37910,37921,11
13.0716199875,80.274230957,37921,37931,10
13.0722103119,80.2747497559,37931,37941,10
13.0727596283,80.2753295898,37941,37951,10
13.073340416,80.2759628296,37951,37961,10
13.0739803314,80.2762985229,37961,37971,10
13.0748596191,80.276260376,37971,37981,10
13.0756502151,80.2762374878,37981,37992,11
13.0759296417,80.2759780884,37992,38002,10
13.0759496689,80.2754592896,38002,38012,10
13.0760602951,80.2747421265,38012,38062,50
13.0760402679,80.2744903564,38062,38183,121
13.0760402679,80.2744903564,38183,38194,11
13.0758895874,80.2747573853,38194,38204,10
13.0759496689,80.2752990723,38204,38214,10
13.075920105,80.2759628296,38214,38224,10
13.0760202408,80.2762374878,38224,38234,10
13.0767097473,80.276222229,38234,38244,10
13.0776796341,80.2761611938,38244,38254,10
13.0782299042,80.2756576538,38254,38264,10
13.078789711,80.275100708,38264,38274,10
13.0794200897,80.275177002,38274,38284,10
13.0794696808,80.2751922607,38284,38295,11
13.0796098709,80.2752075195,38295,38305,10
13.0801897049,80.2752304077,38305,38426,121
13.0801897049,80.2752304077,38426,38436,10
13.0805397034,80.2751998901,38436,38446,10
13.0812501907,80.2751235962,38446,38598,152
13.0812501907,80.2751235962,38598,38608,10
13.0817604065,80.2751235962,38608,38618,10
13.0819797516,80.2754516602,38618,39092,474
13.0820598602,80.2758483887,39092,39113,21
13.0820598602,80.2758483887,39113,39123,10
13.0819501877,80.2759933472,39123,39133,10
13.0819301605,80.2760009766,39133,39143,10
13.0818395615,80.2761764526,39143,39153,10
13.0818595886,80.2763595581,39153,39163,10
13.0818996429,80.276512146,39163,39173,10
13.0818901062,80.2767791748,39173,39183,10
13.0819702148,80.2772369385,39183,39193,10
13.0820798874,80.27784729,39193,39203,10
13.0824804306,80.2780227661,39203,39214,11
13.082909584,80.2780532837,39214,39244,30
13.082909584,80.2780532837,39244,39254,10
13.0833101273,80.2780227661,39254,39264,10
13.083439827,80.2781829834,39264,39274,10
13.0835399628,80.2784881592,39274,39284,10
13.0834903717,80.2789077759,39284,39294,10
13.082690239,80.2786636353,39294,39416,122
13.082690239,80.2786636353,39416,39426,10
13.0825595856,80.2786712646,39426,39436,10
13.0822000504,80.278503418,39436,39446,10
13.0819501877,80.2782287598,39446,39456,10
13.081870079,80.2776031494,39456,39466,10
13.0817804337,80.2768630981,39466,39476,10
13.0815896988,80.2759170532,39476,39496,20
13.0815896988,80.2759170532,39496,39506,10
13.0815401077,80.2757568359,39506,39516,10
13.0815200806,80.2755203247,39516,39557,41
13.0815200806,80.2755203247,39557,39567,10
13.0812301636,80.2752075195,39567,39577,10
13.0806102753,80.2752914429,39577,39587,10
13.0799198151,80.2753601074,39587,39597,10
13.079079628,80.2752532959,39597,39607,10
13.0783004761,80.2755432129,39607,39617,10
13.0777997971,80.2762527466,39617,39628,11
13.0766401291,80.2762985229,39628,39638,10
13.0754995346,80.2763519287,39638,39648,10
13.0739402771,80.2764129639,39648,39667,19
13.0739402771,80.2764129639,39667,39678,11
13.0738096237,80.2764511108,39678,39688,10
13.0733299255,80.2762908936,39688,39698,10
13.0727796555,80.2756576538,39698,39708,10
13.0722198486,80.2750091553,39708,39718,10
13.072019577,80.2748031616,39718,39729,11
13.071559906,80.2745513916,39729,39739,10
13.0710096359,80.2744903564,39739,39749,10
13.0707998276,80.2743606567,39749,39759,10
13.0706796646,80.274230957,39759,39769,10
13.0704097748,80.2737197876,39769,39779,10
13.0700397491,80.2732009888,39779,39789,10
13.0694904327,80.2726135254,39789,39799,10
13.0687599182,80.2720413208,39799,39850,51
13.0687599182,80.2720413208,39850,39860,10
13.0686998367,80.272102356,39860,39870,10
13.0683298111,80.2719497681,39870,39880,10
13.0680999756,80.2715530396,39880,39890,10
13.0678195953,80.2710266113,39890,39900,10
13.067150116,80.2703475952,39900,39916,16
13.0664901733,80.2693099976,39916,39928,12
13.0662202835,80.2683410645,39928,39939,11
13.0657396317,80.267791748,39939,39946,7
13.0654697418,80.2677230835,39946,39959,13
13.0652503967,80.2676773071,39959,39969,10
13.0652103424,80.2676773071,39969,39979,10
13.0647497177,80.267578125,39979,39989,10
13.0639896393,80.2674789429,39989,39999,10
13.0632600784,80.2673187256,39999,40009,10
13.0628700256,80.2672195435,40009,40019,10
13.0623598099,80.2667236328,40019,40029,10
13.0618095398,80.2660369873,40029,40053,24
13.0607299805,80.2653121948,40053,40065,12
13.0604801178,80.2654571533,40065,40075,10
13.060379982,80.2655029297,40075,40085,10
13.0600099564,80.2655792236,40085,40093,8
13.0595703125,80.265586853,40093,40104,11
13.0587596893,80.2654495239,40104,40118,14
13.0585899353,80.2654037476,40118,40128,10
13.058259964,80.2652816772,40128,40138,10
13.0579900742,80.2646026611,40138,40149,11
13.0578403473,80.2636413574,40149,40159,10
13.0577898026,80.2628097534,40159,40169,10
13.0577001572,80.2621002197,40169,40179,10
13.0575199127,80.2612762451,40179,40189,10
13.057299614,80.2603912354,40189,40212,23
13.0566101074,80.2583694458,40212,40224,12
13.0566301346,80.2580413818,40224,40234,10
13.0565595627,80.257598877,40234,40243,9
13.0564403534,80.2571792603,40243,40255,12
13.0564002991,80.2570419312,40255,40265,10
13.0562801361,80.2565231323,40265,40275,10
13.0558099747,80.255821228,40275,40285,10
13.0551795959,80.2549972534,40285,40295,10
13.0545396805,80.2540893555,40295,40305,10
13.0539398193,80.253288269,40305,40315,10
13.053440094,80.2526016235,40315,40325,10
13.05286026,80.2518005371,40325,40335,10
13.0523996353,80.2511901855,40335,40345,10
13.0519895554,80.2506637573,40345,40355,10
13.0512800217,80.2501831055,40355,40366,11
13.0503101349,80.2499465942,40366,40376,10
13.0495195389,80.2498321533,40376,40386,10
13.048910141,80.2497787476,40386,40396,10
13.0487604141,80.2497634888,40396,40405,9
13.0485801697,80.2497177124,40405,40416,11
13.0481300354,80.2494506836,40416,40426,10
13.0475101471,80.2489318848,40426,40436,10
13.0468797684,80.2486801147,40436,40457,21
13.0468797684,80.2486801147,40457,40467,10
13.0465202332,80.2485809326,40467,40477,10
13.0457801819,80.2484436035,40477,40487,10
13.0451002121,80.2481765747,40487,40497,10
13.0441703796,80.2480316162,40497,40507,10
13.0431900024,80.2478790283,40507,40517,10
13.0424098969,80.2478027344,40517,40527,10
13.0419397354,80.2476577759,40527,40537,10
13.0418395996,80.2476196289,40537,40547,10
13.0412902832,80.247467041,40547,40558,11
13.040309906,80.2472763062,40558,40568,10
13.0396404266,80.2471008301,40568,40608,40
13.0396404266,80.2471008301,40608,40618,10
13.0392398834,80.2469711304,40618,40628,10
13.0384998322,80.2468109131,40628,40638,10
13.0376195908,80.2466583252,40638,40648,10
13.0367097855,80.2465362549,40648,40659,11
13.0362796783,80.2464065552,40659,40669,10
13.0356397629,80.2461776733,40669,40679,10
13.035200119,80.2460632324,40679,40689,10
13.0351800919,80.2460632324,40689,40699,10
13.0349702835,80.2460174561,40699,40709,10
13.0347604752,80.2457122803,40709,40719,10
13.0342798233,80.2450408936,40719,40729,10
13.0336503983,80.2443466187,40729,40739,10
13.0330095291,80.243598938,40739,40749,10
13.0325098038,80.2428512573,40749,40790,41
13.0325098038,80.2428512573,40790,40800,10
13.032500267,80.2426605225,40800,40810,10
13.0323600769,80.2425231934,40810,40820,10
13.0323600769,80.2425079346,40820,40830,10
13.0321702957,80.2423095703,40830,40840,10
13.0320196152,80.2421188354,40840,40961,121
13.0320196152,80.2421188354,40961,40972,11
13.0319004059,80.241859436,40972,40982,10
13.0315904617,80.2411804199,40982,40992,10
13.0311203003,80.2401809692,40992,41083,91
13.0311203003,80.2401809692,41083,41093,10
13.0309400558,80.2398376465,41093,41103,10
13.030579567,80.2391586304,41103,41113,10
13.0300502777,80.2381820679,41113,41123,10
13.0293598175,80.2371673584,41123,41133,10
13.0290603638,80.2367935181,41133,41143,10
13.0289497375,80.2367019653,41143,41153,10
13.0286102295,80.2362976074,41153,41163,10
13.0279598236,80.2355728149,41163,41174,11
13.0273103714,80.2343826294,41174,41184,10
13.0265798569,80.2331771851,41184,41194,10
13.0261697769,80.2321777344,41194,41204,10
13.0260601044,80.231628418,41204,41214,10
13.0258302689,80.2309036255,41214,41224,10
13.0253000259,80.2299804688,41224,41234,10
13.0248203278,80.2293701172,41234,41244,10
13.0247402191,80.2293167114,41244,41254,10
13.0244998932,80.2289886475,41254,41270,16
13.0241003036,80.2284698486,41270,41283,13
13.0235700607,80.2278671265,41283,41290,7
13.0234098434,80.2277069092,41290,41312,22
13.0234098434,80.2277069092,41312,41322,10
13.023229599,80.2275390625,41322,41332,10
13.023150444,80.2274627686,41332,41344,12
13.0227804184,80.2270202637,41344,41356,12
13.0219497681,80.2263336182,41356,41366,10
13.0213603973,80.2258605957,41366,41376,10
13.02064991,80.2253570557,41376,41387,11
13.0196199417,80.2246780396,41387,41397,10
13.0185804367,80.2246322632,41397,41407,10
13.0172901154,80.2251586914,41407,41417,10
13.0165901184,80.2254562378,41417,41427,10
13.0161104202,80.2256393433,41427,41437,10
13.0154399872,80.2258529663,41437,41447,10
13.0146398544,80.2261886597,41447,41457,10
13.0143098831,80.2263183594,41457,41467,10
13.0141201019,80.2264175415,41467,41488,21
13.0141201019,80.2264175415,41488,41498,10
13.0138902664,80.2265167236,41498,41508,10
13.0137701035,80.2265701294,41508,41518,10
13.0136499405,80.226600647,41518,41528,10
13.0133399963,80.2266464233,41528,41538,10
13.0126399994,80.2269210815,41538,41560,22
13.0101699829,80.2279129028,41560,41572,12
13.0091199875,80.2287368774,41572,41581,9
13.0089101791,80.2297363281,41581,41593,12
13.0086603165,80.231262207,41593,41603,10
13.0083799362,80.2324981689,41603,41613,10
13.008310318,80.2334365845,41613,41623,10
13.0082798004,80.2335205078,41623,41633,10
13.0081596375,80.2337112427,41633,41643,10
13.008099556,80.2343521118,41643,41653,10
13.007900238,80.2352981567,41653,41663,10
13.0077199936,80.2361602783,41663,41673,10
13.0076599121,80.2363967896,41673,41683,10
13.0075902939,80.2368011475,41683,41693,10
13.0075397491,80.2370605469,41693,41704,11
13.0074901581,80.2373428345,41704,41716,12
13.0074195862,80.2376403809,41716,41726,10
13.0073699951,80.2378387451,41726,41736,10
13.0072803497,80.2381362915,41736,41756,20
13.0072803497,80.2381362915,41756,41766,10
13.0072202682,80.2383499146,41766,41776,10
13.0071201324,80.2387390137,41776,41787,11
13.0070896149,80.2393112183,41787,41827,40
13.0070495605,80.2395172119,41827,41877,50
13.0070495605,80.2395172119,41877,41888,11
13.0070104599,80.2396774292,41888,41898,10
13.0068502426,80.2399978638,41898,41908,10
13.0066900253,80.2405700684,41908,41918,10
13.0066795349,80.2415237427,41918,41928,10
13.0067396164,80.2422103882,41928,41938,10
13.0067300797,80.2426223755,41938,41948,10
13.0066995621,80.2429199219,41948,41958,10
13.0066795349,80.2431564331,41958,41968,10
13.0066604614,80.2434768677,41968,41978,10
13.0066099167,80.243812561,41978,41989,11
13.0066204071,80.2439193726,41989,41999,10
13.0066299438,80.244178772,41999,42009,10
13.0066204071,80.2445602417,42009,42019,10
13.0066299438,80.2449111938,42019,42029,10
13.0066404343,80.2453918457,42029,42039,10
13.0066604614,80.2459564209,42039,42049,10
13.006649971,80.2466201782,42049,42059,10
13.0066995621,80.2470626831,42059,42089,30
13.0066995621,80.2470626831,42089,42100,11
13.0066795349,80.2473526001,42100,42110,10
13.0061502457,80.2474594116,42110,42130,20
13.0061502457,80.2474594116,42130,42140,10
13.0059099197,80.2473907471,42140,42150,10
13.0052099228,80.2473602295,42150,42160,10
13.0042495728,80.2474517822,42160,42170,10
13.0033397675,80.2475967407,42170,42180,10
13.0021295547,80.2478637695,42180,42190,10
13.0011100769,80.2481002808,42190,42201,11
12.9998703003,80.2484130859,42201,42211,10
12.9987897873,80.2487030029,42211,42221,10
12.9980602264,80.248916626,42221,42231,10
12.9978904724,80.2489624023,42231,42241,10
12.997300148,80.2490921021,42241,42251,10
12.9963703156,80.2493209839,42251,42261,10
12.9952402115,80.2496109009,42261,42271,10
12.9939899445,80.2499389648,42271,42281,10
12.9927101135,80.2502365112,42281,42291,10
12.9915895462,80.2505264282,42291,42301,10
12.9910402298,80.2507324219,42301,42352,51
12.9910402298,80.2507324219,42352,42362,10
12.9906997681,80.2508087158,42362,42372,10
12.9902000427,80.2509231567,42372,42382,10
12.9894399643,80.2510910034,42382,42392,10
12.9890403748,80.2511825562,42392,42403,11
12.9883499146,80.2513580322,42403,42570,167
12.9883499146,80.2513580322,42570,42581,11
12.9883098602,80.2513198853,42581,42592,11
12.9878797531,80.2514572144,42592,42602,10
12.9872198105,80.2516174316,42602,42613,11
12.9863700867,80.2518386841,42613,42623,10
12.9854001999,80.2519989014,42623,42633,10
12.9841403961,80.2523803711,42633,42644,11
12.9827404022,80.2526397705,42644,42654,10
12.981180191,80.2527008057,42654,42664,10
12.9800796509,80.252746582,42664,42674,10
12.9791603088,80.2526931763,42674,42684,10
12.9785604477,80.2525787354,42684,42694,10
12.9785203934,80.2525634766,42694,42704,10
12.9781703949,80.2522964478,42704,42715,11
12.9774599075,80.2516937256,42715,42725,10
12.9764204025,80.2512283325,42725,42735,10
12.9751701355,80.2508926392,42735,42745,10
12.9739398956,80.2505264282,42745,42755,10
12.9727802277,80.2502365112,42755,42765,10
12.9715595245,80.2499008179,42765,42775,10
12.9704704285,80.2495574951,42775,42785,10
12.9692897797,80.2491378784,42785,42795,10
12.968000412,80.248626709,42795,42805,10
12.9668798447,80.2481613159,42805,42815,10
12.965959549,80.2477416992,42815,42826,11
12.9650802612,80.2474365234,42826,42836,10
12.9650201797,80.2473983765,42836,42846,10
12.9643602371,80.2471313477,42846,42872,26
12.9643602371,80.2471313477,42872,42884,12
12.9642000198,80.2471237183,42884,42892,8
12.9639902115,80.2470397949,42892,42904,12
12.963809967,80.2469329834,42904,42914,10
12.9631900787,80.2466430664,42914,42925,11
12.9621200562,80.24609375,42925,42934,9
12.9611196518,80.2455978394,42934,42945,11
12.9600000381,80.2451095581,42945,42955,10
12.9593801498,80.2448577881,42955,42965,10
12.9593400955,80.2448577881,42965,42976,11
12.9590702057,80.2446899414,42976,42985,9
12.9584102631,80.2444000244,42985,42995,10
12.9578199387,80.244102478,42995,43006,11
12.9569396973,80.2438583374,43006,43027,21
12.9569396973,80.2438583374,43027,43037,10
12.9567403793,80.243812561,43037,43107,70
12.9563903809,80.2436828613,43107,43168,61
12.9563903809,80.2436828613,43168,43178,10
12.9558601379,80.2434616089,43178,43188,10
12.9550504684,80.2430419922,43188,43198,10
12.9540395737,80.2425765991,43198,43208,10
12.9529600143,80.2421417236,43208,43218,10
12.9520597458,80.2418365479,43218,43228,10
12.9516601563,80.2416992188,43228,43239,11
12.9514398575,80.2416381836,43239,43249,10
12.9507799149,80.2414016724,43249,43259,10
12.9497995377,80.2411117554,43259,43269,10
12.9491796494,80.2409210205,43269,43299,30
12.9491796494,80.2409210205,43299,43309,10
12.9488401413,80.2408065796,43309,43319,10
12.9482002258,80.2405090332,43319,43330,11
12.9472703934,80.2401123047,43330,43340,10
12.9469804764,80.2400131226,43340,43350,10
12.9466495514,80.2398834229,43350,43360,10
12.9459600449,80.2395629883,43360,43370,10
12.9450798035,80.2390289307,43370,43380,10
12.9442796707,80.2381973267,43380,43390,10
12.9434604645,80.2373504639,43390,43400,10
12.9425296783,80.2366027832,43400,43410,10
12.9413604736,80.2362365723,43410,43420,10
12.9402198792,80.2359695435,43420,43430,10
12.9396400452,80.2357711792,43430,43441,11
12.9396295547,80.2357635498,43441,43451,10
12.9392204285,80.2355728149,43451,43460,9
12.9385404587,80.2352218628,43460,43471,11
12.9374704361,80.2346878052,43471,43481,10
12.9363603592,80.234161377,43481,43491,10
12.9354801178,80.2337417603,43491,43501,10
12.9344596863,80.2332992554,43501,43511,10
12.9337797165,80.2329788208,43511,43521,10
12.9337501526,80.232963562,43521,43531,10
12.9334602356,80.2327880859,43531,43541,10
12.9328098297,80.2325134277,43541,43552,11
12.93171978,80.2321395874,43552,43562,10
12.9305000305,80.2317581177,43562,43572,10
12.9291601181,80.2314529419,43572,43582,10
12.9279899597,80.2312393188,43582,43592,10
12.9262399673,80.2310791016,43592,43612,20
12.9262399673,80.2310791016,43612,43621,9
12.9258804321,80.2310333252,43621,43632,11
12.9251003265,80.2309417725,43632,43643,11
12.9240102768,80.2308120728,43643,43652,9
12.9229202271,80.2306594849,43652,43663,11
12.9214296341,80.2304229736,43663,43673,10
12.9199104309,80.2302322388,43673,43683,10
12.9183197021,80.2300262451,43683,43693,10
12.9170799255,80.2298583984,43693,43703,10
12.9159803391,80.2296981812,43703,43713,10
12.9148797989,80.2296066284,43713,43723,10
12.9132404327,80.2293701172,43723,43744,21
12.9132404327,80.2293701172,43744,43754,10
12.9128503799,80.2292785645,43754,43764,10
12.9120903015,80.2291793823,43764,43774,10
12.9110002518,80.2289962769,43774,43783,9
12.9098701477,80.2288513184,43783,43794,11
12.9086503983,80.2286529541,43794,43804,10
12.9081096649,80.2285690308,43804,43813,9
12.907699585,80.2285079956,43813,43824,11
12.9074201584,80.2284698486,43824,43875,51
12.9074201584,80.2284698486,43875,43885,10
12.9071903229,80.2284469604,43885,43895,10
12.9067802429,80.2284011841,43895,43905,10
12.9062995911,80.2283096313,43905,43915,10
12.9054002762,80.2282104492,43915,43925,10
12.9043598175,80.2281799316,43925,43935,10
12.9033899307,80.2281570435,43935,43945,10
12.9025402069,80.2281188965,43945,43956,11
12.9022798538,80.2281188965,43956,43966,10
12.9017801285,80.2281036377,43966,43976,10
12.9012804031,80.2280807495,43976,43986,10
12.901049614,80.2280578613,43986,43996,10
12.9008398056,80.2280197144,43996,44006,10
12.9006900787,80.2280197144,44006,44016,10
12.9004602432,80.2280502319,44016,44026,10
12.9003400803,80.2280578613,44026,44042,16
12.8999700546,80.2279891968,44042,44054,12
12.8993902206,80.2279815674,44054,44095,41
12.8993902206,80.2279815674,44095,44105,10
12.8991003036,80.2279663086,44105,44115,10
12.8983697891,80.227897644,44115,44125,10
12.8973703384,80.2278366089,44125,44135,10
12.8961696625,80.2277832031,44135,44145,10
12.8948802948,80.227722168,44145,44156,11
12.893529892,80.2276077271,44156,44166,10
12.8925800323,80.2275009155,44166,44176,10
12.8918800354,80.2274475098,44176,44186,10
12.8908996582,80.2274398804,44186,44196,10
12.8896903992,80.2274398804,44196,44206,10
12.8884296417,80.2274169922,44206,44216,10
12.8871097565,80.2272491455,44216,44226,10
12.8858499527,80.2269668579,44226,44236,10
12.8849201202,80.2267913818,44236,44246,10
12.8847999573,80.2267913818,44246,44257,11
12.884469986,80.2267837524,44257,44267,10
12.883769989,80.2267684937,44267,44277,10
12.8827600479,80.2267837524,44277,44287,10
12.8815402985,80.2267913818,44287,44297,10
12.88022995,80.2267837524,44297,44307,10
12.8788003922,80.2268218994,44307,44317,10
12.8774995804,80.2269210815,44317,44327,10
12.876660347,80.2269973755,44327,44337,10
12.8764200211,80.2270278931,44337,44347,10
12.8761301041,80.2270278931,44347,44357,10
12.8754701614,80.2269973755,44357,44368,11
12.8743801117,80.2268829346,44368,44378,10
12.8732995987,80.2267684937,44378,44388,10
12.8725996017,80.2267684937,44388,44398,10
12.8725700378,80.2267684937,44398,44408,10
12.8723802567,80.2267608643,44408,44418,10
12.8716802597,80.2267379761,44418,44428,10
12.8706502914,80.2266693115,44428,44444,16
12.8686199188,80.2264480591,44444,44456,12
12.8670501709,80.2265167236,44456,44465,9
12.8661298752,80.2265930176,44465,44477,12
12.8648004532,80.226600647,44477,44487,10
12.8635396957,80.2265396118,44487,44497,10
12.8621397018,80.2265777588,44497,44507,10
12.8611297607,80.2266235352,44507,44517,10
12.8608598709,80.2266387939,44517,44527,10
12.8605499268,80.2266082764,44527,44536,9
12.8598403931,80.2265014648,44536,44546,10
12.8589696884,80.2263717651,44546,44557,11
12.8580598831,80.22631073,44557,44568,11
12.8568201065,80.2263793945,44568,44578,10
12.8554697037,80.2265014648,44578,44588,10
12.8540296555,80.2266311646,44588,44598,10
12.8524599075,80.2266998291,44598,44608,10
12.8508195877,80.2266235352,44608,44618,10
12.8491802216,80.226600647,44618,44628,10
12.8476896286,80.2266082764,44628,44638,10
12.8465003967,80.2266387939,44638,44654,16
12.845410347,80.2266616821,44654,44666,12
12.8452396393,80.2266616821,44666,44675,9
12.8450603485,80.2266693115,44675,44687,12
12.8442802429,80.2267227173,44687,44697,10
12.8433103561,80.226852417,44697,44707,10
12.8422298431,80.2270431519,44707,44717,10
12.8412599564,80.2272720337,44717,44727,10
12.8401203156,80.2276077271,44727,44737,10
12.8396902084,80.2277297974,44737,44746,9
12.8393297195,80.2278366089,44746,44756,10
12.8384399414,80.2280578613,44756,44767,11
12.8371200562,80.2283096313,44767,44777,10
12.8357400894,80.2285003662,44777,44788,11
12.8341598511,80.2287826538,44788,44798,10
12.8328695297,80.2290267944,44798,44808,10
12.8322696686,80.2291564941,44808,44816,8
12.8322601318,80.2291564941,44816,44828,12
12.8318996429,80.2292404175,44828,44840,12
12.8310203552,80.2294921875,44840,44852,12
12.8303899765,80.2297210693,44852,44862,10
12.8296098709,80.2300109863,44862,44872,10
12.8288002014,80.2303619385,44872,44883,11
12.827750206,80.2309417725,44883,44893,10
12.8265800476,80.2313308716,44893,44903,10
12.8251495361,80.2313919067,44903,44913,10
12.8236598969,80.2311019897,44913,44923,10
12.8222198486,80.230682373,44923,44933,10
12.820810318,80.2304916382,44933,44943,10
12.8196001053,80.230506897,44943,44953,10
12.8186197281,80.2303771973,44953,44963,10
12.8176403046,80.2299499512,44963,44973,10
12.8163204193,80.2295227051,44973,44984,11
12.815030098,80.2293395996,44984,44994,10
12.8138904572,80.2291107178,44994,45004,10
12.8127498627,80.2287216187,45004,45014,10
12.8115301132,80.2283096313,45014,45024,10
12.8104801178,80.227897644,45024,45034,10
12.8092803955,80.2273483276,45034,45044,10
12.808259964,80.2265701294,45044,45054,10
12.8074302673,80.2258529663,45054,45064,10
12.8067302704,80.2252197266,45064,45074,10
12.8060598373,80.2246398926,45074,45085,11
12.8053598404,80.2241516113,45085,45095,10
12.8048801422,80.2240371704,45095,45105,10
12.8047103882,80.2240066528,45105,45115,10
12.8041200638,80.2239532471,45115,45125,10
12.8032398224,80.2238616943,45125,45135,10
12.8021297455,80.2237167358,45135,45145,10
12.8010702133,80.2236175537,45145,45155,10
12.7999696732,80.2235107422,45155,45165,10
12.7986803055,80.2234115601,45165,45175,10
12.7971897125,80.223197937,45175,45186,11
12.7959804535,80.2229919434,45186,45196,10
12.7957000732,80.2229614258,45196,45206,10
12.79529953,80.222869873,45206,45216,10
12.7943897247,80.2227020264,45216,45226,10
12.7931995392,80.2225189209,45226,45236,10
12.7919301987,80.2222976685,45236,45246,10
12.7906599045,80.2219696045,45246,45256,10
12.7898702621,80.2217712402,45256,45266,10
12.7893199921,80.2215805054,45266,45276,10
12.7887802124,80.2213973999,45276,45287,11
12.7878799438,80.2210617065,45287,45317,30
12.7878799438,80.2210617065,45317,45327,10
12.7874097824,80.2208480835,45327,45377,50
12.7874097824,80.2208480835,45377,45387,10
12.7871999741,80.2207336426,45387,45398,11
12.7869997025,80.2206726074,45398,45408,10
12.7866401672,80.2205505371,45408,45448,40
12.7866401672,80.2205505371,45448,45458,10
12.7865896225,80.2204818726,45458,45468,10
12.7862997055,80.2203826904,45468,45488,20
12.7862997055,80.2203826904,45488,45499,11
12.7860898972,80.2203216553,45499,45509,10
12.7855300903,80.2200698853,45509,45519,10
12.7850503922,80.2198410034,45519,45529,10
12.7847604752,80.2197113037,45529,45539,10
12.7847003937,80.2196807861,45539,45549,10
12.7846097946,80.2196121216,45549,45559,10
12.7841796875,80.219367981,45559,45569,10
12.7834501266,80.218963623,45569,45579,10
12.7824897766,80.218421936,45579,45589,10
12.781370163,80.2178192139,45589,45600,11
12.7801303864,80.2171630859,45600,45610,10
12.7790298462,80.2165679932,45610,45620,10
12.7779102325,80.216003418,45620,45630,10
12.7769804001,80.2156066895,45630,45640,10
12.7760801315,80.2152481079,45640,45650,10
12.7750301361,80.2148208618,45650,45660,10
12.7738895416,80.2143630981,45660,45670,10
12.7726898193,80.2138977051,45670,45680,10
12.7715101242,80.2134780884,45680,45690,10
12.7705802917,80.213142395,45690,45701,11
12.7694396973,80.2127380371,45701,45711,10
12.7683601379,80.2123413086,45711,45721,10
12.7672100067,80.2119064331,45721,45731,10
12.7658996582,80.2114334106,45731,45741,10
12.7645397186,80.2109527588,45741,45751,10
12.7631597519,80.2104415894,45751,45761,10
12.7618198395,80.2098922729,45761,45771,10
12.7605600357,80.2092971802,45771,45781,10
12.7594404221,80.2087020874,45781,45791,10
12.7584104538,80.2081375122,45791,45802,11
12.7576503754,80.2076797485,45802,45812,10
12.7566995621,80.2071685791,45812,45822,10
12.7555904388,80.2065582275,45822,45832,10
12.75440979,80.205909729,45832,45842,10
12.7532997131,80.2052764893,45842,45851,9
12.7522001266,80.2046966553,45851,45862,11
12.750869751,80.2040100098,45862,45872,10
12.7495498657,80.2033615112,45872,45882,10
12.7481298447,80.2026367188,45882,45892,10
12.7466602325,80.2018814087,45892,45902,10
12.745349884,80.2011795044,45902,45913,11
12.7438697815,80.1998977661,45913,45923,10
12.742770195,80.198600769,45923,45933,10
12.7418403625,80.1974868774,45933,45943,10
12.7410802841,80.1963806152,45943,45953,10
12.740240097,80.1951980591,45953,45963,10
12.7393503189,80.1939697266,45963,45973,10
12.7384395599,80.1927337646,45973,45983,10
12.7373800278,80.1916885376,45983,45993,10
12.7364597321,80.190788269,45993,46003,10
12.7359800339,80.1903610229,46003,46014,11
12.7357997894,80.1901779175,46014,46024,10
12.7352695465,80.1898193359,46024,46034,10
12.7344102859,80.1895980835,46034,46044,10
12.7333803177,80.1895217896,46044,46054,10
12.7327899933,80.1894226074,46054,46064,10
12.7327003479,80.1894226074,46064,46074,10
12.7322301865,80.1893081665,46074,46084,10
12.7313604355,80.189163208,46084,46094,10
12.7305297852,80.1890869141,46094,46104,10
12.7298202515,80.1889801025,46104,46125,21
12.7298202515,80.1889801025,46125,46135,10
12.7295703888,80.1889724731,46135,46407,272
12.7292299271,80.1889190674,46407,46488,81
12.729060173,80.1889266968,46488,46539,51
12.729060173,80.1889266968,46539,46549,10
12.7287902832,80.1889038086,46549,46741,192
12.7287902832,80.1889038086,46741,46751,10
12.7284402847,80.1888198853,46751,46761,10
12.7283401489,80.1887817383,46761,46770,9
12.7281303406,80.1886978149,46770,46781,11
12.7278900146,80.188621521,46781,46791,10
12.7275400162,80.1885070801,46791,46831,40
12.7275400162,80.1885070801,46831,46842,11
12.7269001007,80.1883392334,46842,46922,80
12.7265396118,80.1882781982,46922,47003,81
12.7265396118,80.1882781982,47003,47013,10
12.7258396149,80.1881637573,47013,47074,61
12.7254896164,80.1880569458,47074,47114,40
12.7254896164,80.1880569458,47114,47124,10
12.7251300812,80.1880111694,47124,47134,10
12.7249403,80.1879806519,47134,47145,11
12.724650383,80.1879272461,47145,47155,10
12.7244195938,80.1878890991,47155,47165,10
12.7241201401,80.1878204346,47165,47175,10
12.72397995,80.1877822876,47175,47185,10
12.7237997055,80.1877288818,47185,47195,10
12.7234096527,80.1876220703,47195,47205,10
12.722820282,80.1874694824,47205,47215,10
12.7223796844,80.1874313354,47215,47246,31
12.7223796844,80.1874313354,47246,47256,10
12.722240448,80.1877365112,47256,47266,10
12.7220201492,80.1876525879,47266,48053,787
12.7219495773,80.1876525879,48053,49154,1101
12.7220201492,80.187461853,49154,49174,20
12.7220201492,80.187461853,49174,49184,10
12.7222604752,80.187286377,49184,49195,11
12.7227401733,80.1874237061,49195,49205,10
12.7230501175,80.1875,49205,49225,20
12.7230501175,80.1875,49225,49234,9
12.7232704163,80.1875610352,49234,49245,11
12.7236099243,80.1876602173,49245,49275,30
12.7238702774,80.1876602173,49275,49316,41
12.7242202759,80.1877822876,49316,49356,40
12.7242202759,80.1877822876,49356,49366,10
12.7245798111,80.1878662109,49366,49407,41
12.7245798111,80.1878662109,49407,49417,10
12.7249603271,80.1879425049,49417,49427,10
12.7251796722,80.1880187988,49427,49437,10
12.7255001068,80.1880569458,49437,49447,10
12.7258396149,80.188117981,49447,49498,51
12.7258396149,80.188117981,49498,49508,10
12.7263202667,80.1881790161,49508,49518,10
12.7265396118,80.1882476807,49518,49528,10
12.7267503738,80.1883163452,49528,49538,10
12.7271003723,80.1884002686,49538,49548,10
12.7275295258,80.1885223389,49548,49558,10
12.7280302048,80.188659668,49558,49568,10
12.7287597656,80.188873291,49568,49578,10
12.7294101715,80.1889266968,49578,49587,9
12.7299003601,80.1889801025,49587,49599,12
12.7303304672,80.1890106201,49599,49609,10
12.7308197021,80.1890792847,49609,49619,10
12.7315502167,80.1891403198,49619,49629,10
12.732000351,80.1892089844,49629,49639,10
12.7327003479,80.1893386841,49639,49649,10
12.7335996628,80.189453125,49649,49659,10
12.7347202301,80.1895370483,49659,49669,10
12.7357997894,80.1900100708,49669,49679,10
12.736579895,80.1908035278,49679,49689,10
12.7375001907,80.1917190552,49689,49699,10
12.7385101318,80.1927566528,49699,49710,11
12.7395095825,80.1941070557,49710,49721,11
12.7405500412,80.1955566406,49721,49731,10
12.7415504456,80.1969299316,49731,49741,10
12.7426395416,80.1983566284,49741,49751,10
12.7438497543,80.1997680664,49751,49761,10
12.74518013,80.2010269165,49761,49771,10
12.7468004227,80.2018585205,49771,49781,10
12.748459816,80.2026977539,49781,49791,10
12.7500295639,80.2034683228,49791,49801,10
12.7512197495,80.2040710449,49801,49812,11
12.7515096664,80.204208374,49812,49821,9
12.7515697479,80.2042388916,49821,49832,11
12.752120018,80.204536438,49832,49842,10
12.7529401779,80.2049713135,49842,49852,10
12.7539300919,80.2055130005,49852,49862,10
12.7550401688,80.2061004639,49862,49872,10
12.7562303543,80.2067489624,49872,49882,10
12.7574300766,80.2074279785,49882,49892,10
12.7587099075,80.2081375122,49892,49902,10
12.7600603104,80.2088775635,49902,49913,11
12.7615804672,80.2096481323,49913,49923,10
12.7630395889,80.2102737427,49923,49933,10
12.7645196915,80.2108383179,49933,49943,10
12.7660598755,80.2114028931,49943,49953,10
12.767660141,80.2119827271,49953,49963,10
12.7692804337,80.2125778198,49963,49973,10
12.7708101273,80.2130966187,49973,49983,10
12.7721204758,80.2135620117,49983,49993,10
12.7734804153,80.2141036987,49993,50003,10
12.7749099731,80.2146682739,50003,50014,11
12.7765398026,80.2153396606,50014,50024,10
12.7780399323,80.2159576416,50024,50034,10
12.7793397903,80.2166290283,50034,50044,10
12.7803897858,80.2171783447,50044,50054,10
12.7813501358,80.2176971436,50054,50064,10
12.782409668,80.2182769775,50064,50074,10
12.7834997177,80.2188796997,50074,50084,10
12.7844800949,80.2194366455,50084,50094,10
12.7853002548,80.2198562622,50094,50104,10
12.7859401703,80.2201766968,50104,50115,11
12.7861099243,80.2202377319,50115,50125,10
12.7863502502,80.2203826904,50125,50135,10
12.7864599228,80.2204208374,50135,50145,10
12.786529541,80.2204589844,50145,50155,10
12.7868404388,80.2206192017,50155,50165,10
12.7873601913,80.2208023071,50165,50175,10
12.7880496979,80.2210617065,50175,50185,10
12.7889099121,80.2213668823,50185,50195,10
12.7896203995,80.2216186523,50195,50205,10
12.7900400162,80.2217178345,50205,50215,10
12.7907304764,80.2218933105,50215,50226,11
12.7917995453,80.2221603394,50226,50236,10
12.7929401398,80.2223968506,50236,50246,10
12.7941799164,80.2226028442,50246,50256,10
12.7953596115,80.2227935791,50256,50266,10
12.7962598801,80.2229232788,50266,50276,10
12.7964401245,80.2229614258,50276,50286,10
12.7966098785,80.2229995728,50286,50296,10
12.7971897125,80.2230987549,50296,50306,10
12.79804039,80.2232208252,50306,50316,10
12.799030304,80.2232971191,50316,50327,11
12.8002195358,80.2234191895,50327,50337,10
12.8011302948,80.2235107422,50337,50347,10
12.8014202118,80.2235565186,50347,50357,10
12.8015403748,80.2236022949,50357,50367,10
12.8020601273,80.2236480713,50367,50377,10
12.8027896881,80.223739624,50377,50387,10
12.803609848,80.2238311768,50387,50397,10
12.8044595718,80.2238998413,50397,50407,10
12.8051900864,80.2239990234,50407,50417,10
12.8055200577,80.2241287231,50417,50428,11
12.805729866,80.2242279053,50428,50438,10
12.8062000275,80.2246322632,50438,50448,10
12.806889534,80.2252578735,50448,50458,10
12.8077697754,80.2260131836,50458,50468,10
12.8087596893,80.226852417,50468,50478,10
12.8099603653,80.2276000977,50478,50488,10
12.8113803864,80.2281799316,50488,50498,10
12.8129196167,80.2287216187,50498,50508,10
12.8144798279,80.2291870117,50508,50518,10
12.8160400391,80.2294006348,50518,50529,11
12.8176698685,80.2298431396,50529,50539,10
12.8188295364,80.2303771973,50539,50549,10
12.8196802139,80.2304382324,50549,50559,10
12.8198099136,80.2304229736,50559,50569,10
12.8202104568,80.2304229736,50569,50579,10
12.8210000992,80.2304000854,50579,50589,10
12.8219804764,80.2305603027,50589,50599,10
12.82310009,80.2308883667,50599,50609,10
12.8243198395,80.2312011719,50609,50619,10
12.8256397247,80.2313537598,50619,50630,11
12.8271903992,80.2311630249,50630,50640,10
12.8285703659,80.2304000854,50640,50650,10
12.8300199509,80.2297668457,50650,50660,10
12.8309803009,80.2293624878,50660,50670,10
12.8311195374,80.229309082,50670,50680,10
12.8312702179,80.2292480469,50680,50690,10
12.8316001892,80.2291717529,50690,50700,10
12.8320999146,80.2290496826,50700,50710,10
12.8328104019,80.2289123535,50710,50720,10
12.8338003159,80.2287597656,50720,50731,11
12.8349895477,80.228553772,50731,50741,10
12.8362998962,80.2283477783,50741,50751,10
12.8376998901,80.2281265259,50751,50761,10
12.838809967,80.2278518677,50761,50771,10
12.8394403458,80.2276687622,50771,50791,20
12.8394403458,80.2276687622,50791,50801,10
12.8397302628,80.2275619507,50801,50811,10
12.8404197693,80.2274169922,50811,50821,10
12.8413000107,80.2271881104,50821,50832,11
12.8424196243,80.2269134521,50832,50842,10
12.8435096741,80.2267303467,50842,50852,10
12.8446102142,80.2266235352,50852,50862,10
12.8455095291,80.2265625,50862,50872,10
12.8457803726,80.2265090942,50872,50882,10
12.8458795547,80.2264862061,50882,50892,10
12.8463802338,80.2265014648,50892,50902,10
12.8472604752,80.2265014648,50902,50912,10
12.8483695984,80.2265167236,50912,50922,10
12.8495397568,80.2265014648,50922,50932,10
12.8500795364,80.2264709473,50932,50943,11
12.8501300812,80.2264709473,50943,50953,10
12.8506202698,80.2264862061,50953,50963,10
12.8515195847,80.2265167236,50963,50973,10
12.8526697159,80.2265930176,50973,50983,10
12.8539495468,80.2265396118,50983,50993,10
12.8552598953,80.2264328003,50993,51009,16
12.8575801849,80.2261886597,51009,51021,12
12.8584899902,80.2261810303,51021,51029,8
12.8586301804,80.2261734009,51029,51042,13
12.8593702316,80.2262878418,51042,51052,10
12.8603801727,80.2264633179,51052,51062,10
12.8616399765,80.2265319824,51062,51072,10
12.8630800247,80.2264633179,51072,51082,10
12.8645401001,80.2265319824,51082,51092,10
12.8662395477,80.2265014648,51092,51102,10
12.867600441,80.2264022827,51102,51112,10
12.8687801361,80.2263565063,51112,51122,10
12.8701601028,80.2265167236,51122,51132,10
12.871339798,80.2266082764,51132,51143,11
12.8725700378,80.2266082764,51143,51153,10
12.8729400635,80.226600647,51153,51163,10
12.8729801178,80.2265930176,51163,51173,10
12.8734397888,80.2266235352,51173,51183,10
12.8743200302,80.2267303467,51183,51193,10
12.8752803802,80.2268600464,51193,51203,10
12.87596035,80.226890564,51203,51212,9
12.8762302399,80.226890564,51212,51222,10
12.8765096664,80.2268829346,51222,51233,11
12.8768501282,80.2268371582,51233,51244,11
12.8774995804,80.2267990112,51244,51253,9
12.8784303665,80.2267227173,51253,51264,11
12.8798398972,80.2266693115,51264,51274,10
12.8812599182,80.2266693115,51274,51284,10
12.8826599121,80.2266616821,51284,51294,10
12.8839197159,80.2266311646,51294,51304,10
12.8850002289,80.2266082764,51304,51314,10
12.885310173,80.2266311646,51314,51324,10
12.8853197098,80.2266387939,51324,51334,10
12.8856601715,80.2266998291,51334,51345,11
12.8864402771,80.2269210815,51345,51355,10
12.8874101639,80.227142334,51355,51365,10
12.8885402679,80.2272567749,51365,51375,10
12.8898000717,80.2272796631,51375,51385,10
12.8911895752,80.2272796631,51385,51395,10
12.892370224,80.2273025513,51395,51405,10
12.8934001923,80.2274169922,51405,51415,10
12.8943901062,80.2275238037,51415,51425,10
12.8954401016,80.2275695801,51425,51435,10
12.8966598511,80.2276229858,51435,51445,10
12.8979101181,80.2276916504,51445,51456,11
12.8990497589,80.2277603149,51456,51466,10
12.8998003006,80.2277984619,51466,51476,10
12.9001502991,80.2278366089,51476,51496,20
12.9001502991,80.2278366089,51496,51506,10
12.9004201889,80.2278137207,51506,51516,10
12.900970459,80.2278594971,51516,51532,16
12.902589798,80.2279281616,51532,51555,23
12.902589798,80.2279281616,51555,51565,10
12.9026403427,80.2279129028,51565,51575,10
12.9030199051,80.2279510498,51575,51585,10
12.9037599564,80.2279891968,51585,51595,10
12.9046401978,80.2280578613,51595,51605,10
12.9055995941,80.2281036377,51605,51615,10
12.905790329,80.2281036377,51615,51624,9
12.906129837,80.2281417847,51624,51635,11
12.9067001343,80.2281799316,51635,51644,9
12.9069299698,80.2282180786,51644,51656,12
12.9074497223,80.228302002,51656,51666,10
12.9083404541,80.2284317017,51666,51676,10
12.9095001221,80.2286224365,51676,51686,10
12.9107904434,80.2288208008,51686,51696,10
12.9121599197,80.2290267944,51696,51706,10
12.9138298035,80.2292404175,51706,51726,20
12.9138298035,80.2292404175,51726,51736,10
12.9142999649,80.229309082,51736,51746,10
12.9150104523,80.2294311523,51746,51757,11
12.9161596298,80.2296066284,51757,51767,10
12.9173402786,80.2297592163,51767,51777,10
12.9185600281,80.2299423218,51777,51787,10
12.9198102951,80.2300872803,51787,51797,10
12.9211597443,80.2302627563,51797,51807,10
12.9225702286,80.2304611206,51807,51817,10
12.9239597321,80.2306594849,51817,51827,10
12.9253902435,80.2308425903,51827,51837,10
12.9264497757,80.2309494019,51837,51847,10
12.9267702103,80.2309494019,51847,51863,16
12.9273195267,80.2310333252,51863,51876,13
12.9284496307,80.2311630249,51876,51886,10
12.9293003082,80.2313308716,51886,51896,10
12.930680275,80.2316665649,51896,51906,10
12.9319095612,80.2320404053,51906,51916,10
12.932970047,80.2323913574,51916,51926,10
12.9336900711,80.2327194214,51926,51936,10
12.9337396622,80.232749939,51936,51946,10
12.9342403412,80.2330093384,51946,51956,10
12.9348697662,80.2333831787,51956,51967,11
12.9359798431,80.2338790894,51967,51977,10
12.9370803833,80.234336853,51977,51987,10
12.938249588,80.234916687,51987,51997,10
12.9393100739,80.2354431152,51997,52007,10
12.9397296906,80.2356491089,52007,52016,9
12.9398002625,80.2356796265,52016,52027,11
12.9400396347,80.235786438,52027,52037,10
12.9406604767,80.2359695435,52037,52047,10
12.9416599274,80.2362136841,52047,52057,10
12.9427995682,80.2366104126,52057,52068,11
12.9438800812,80.2375717163,52068,52078,10
12.9447803497,80.2386779785,52078,52088,10
12.9460401535,80.2395095825,52088,52098,10
12.94713974,80.2399368286,52098,52108,10
12.9474401474,80.2400512695,52108,52118,10
12.9477701187,80.2401809692,52118,52128,10
12.9483604431,80.2404403687,52128,52138,10
12.9486703873,80.2405090332,52138,52148,10
12.9489002228,80.2406234741,52148,52158,10
12.9494600296,80.2408218384,52158,52169,11
12.9503698349,80.2410736084,52169,52179,10
12.950969696,80.2412414551,52179,52189,10
12.9509801865,80.2412414551,52189,52199,10
12.951089859,80.2412872314,52199,52209,10
12.9513702393,80.2414169312,52209,52219,10
12.9519395828,80.2416381836,52219,52229,10
12.9527196884,80.2419586182,52229,52239,10
12.9535102844,80.2422180176,52239,52248,9
12.9539699554,80.2423782349,52248,52259,11
12.95470047,80.24269104,52259,52270,11
12.9552001953,80.2428970337,52270,52280,10
12.9559001923,80.2431335449,52280,52290,10
12.9563598633,80.2433319092,52290,52300,10
12.9566202164,80.2434234619,52300,52310,10
12.9573297501,80.2437362671,52310,52320,10
12.9582004547,80.244140625,52320,52330,10
12.9588003159,80.2443618774,52330,52340,10
12.9589500427,80.244430542,52340,52350,10
12.9594402313,80.244682312,52350,52360,10
12.9603004456,80.2450714111,52360,52371,11
12.9614801407,80.2456283569,52371,52380,9
12.9624204636,80.2461013794,52380,52391,11
12.9627895355,80.2462997437,52391,52401,10
12.9629497528,80.2463912964,52401,52411,10
12.9631996155,80.2464981079,52411,52421,10
12.9636802673,80.2466812134,52421,52431,10
12.9644002914,80.2469711304,52431,52441,10
12.9652700424,80.2471618652,52441,52451,10
12.966219902,80.2475967407,52451,52461,10
12.9667196274,80.2478485107,52461,52472,11
12.9667797089,80.2478790283,52472,52482,10
12.9669599533,80.2479934692,52482,52492,10
12.9674196243,80.2482528687,52492,52502,10
12.9684000015,80.2485580444,52502,52512,10
12.9695501328,80.2489776611,52512,52522,10
12.9707202911,80.24949646,52522,52532,10
12.9719200134,80.2498397827,52532,52542,10
12.9729499817,80.2501220703,52542,52552,10
12.9736700058,80.2503433228,52552,52562,10
12.9742002487,80.2504577637,52562,52573,11
12.9751501083,80.2507400513,52573,52583,10
12.9762201309,80.2510528564,52583,52593,10
12.9773197174,80.251449585,52593,52603,10
12.9781198502,80.2520828247,52603,52613,10
12.9784898758,80.2523193359,52613,52629,16
12.9787502289,80.2524337769,52629,52641,12
12.9793701172,80.2525634766,52641,52671,30
12.9793701172,80.2525634766,52671,52682,11
12.97976017,80.2525634766,52682,52691,9
12.9800195694,80.2526016235,52691,52702,11
12.9806604385,80.252571106,52702,52712,10
12.9814100266,80.2525634766,52712,52722,10
12.9824895859,80.252532959,52722,52732,10
12.9836101532,80.2524032593,52732,52742,10
12.9846897125,80.2521133423,52742,52752,10
12.9854898453,80.2518692017,52752,52762,10
12.985710144,80.2517700195,52762,52772,10
12.98595047,80.2517089844,52772,52783,11
12.9860401154,80.2516937256,52783,52793,10
12.9862604141,80.2516403198,52793,52803,10
12.9865999222,80.2515792847,52803,52853,50
12.9865999222,80.2515792847,52853,52863,10
12.9866895676,80.2515563965,52863,52873,10
12.9870500565,80.2514419556,52873,52884,11
12.987449646,80.2513198853,52884,52894,10
12.9879598618,80.2512283325,52894,52904,10
12.9887895584,80.2510223389,52904,52914,10
12.9894800186,80.250831604,52914,52924,10
12.9895801544,80.2508163452,52924,52934,10
12.9900503159,80.2507629395,52934,52944,10
12.9908599854,80.250541687,52944,52954,10
12.9918603897,80.2502670288,52954,52964,10
12.9930400848,80.2499771118,52964,52973,9
12.9941701889,80.2496795654,52973,52985,12
12.9957895279,80.2492599487,52985,52995,10
12.9972400665,80.2489013672,52995,53005,10
12.9987201691,80.2485198975,53005,53015,10
13.0002498627,80.2481613159,53015,53025,10
13.0017299652,80.2478027344,53025,53035,10
13.0029401779,80.247543335,53035,53045,10
13.0041799545,80.2473526001,53045,53055,10
13.0054798126,80.2471389771,53055,53065,10
13.0062198639,80.2468032837,53065,53074,9
13.0063199997,80.2466812134,53074,53086,12
13.0064897537,80.246421814,53086,53096,10
13.0066204071,80.2457962036,53096,53106,10
13.0066003799,80.2449417114,53106,53116,10
13.0065603256,80.2441101074,53116,53126,10
13.0065402985,80.2433624268,53126,53136,10
13.0065002441,80.2425384521,53136,53146,10
13.0065097809,80.2416381836,53146,53156,10
13.0065498352,80.2411117554,53156,53165,9
13.0066099167,80.2408599854,53165,53176,11
13.0067100525,80.2404327393,53176,53187,11
13.0068998337,80.2395935059,53187,53197,10
13.0070295334,80.2386169434,53197,53207,10
13.0071601868,80.2380065918,53207,53217,10
13.0073099136,80.2375564575,53217,53227,10
13.0073900223,80.2370986938,53227,53237,10
13.0074596405,80.2366790771,53237,53247,10
13.0075998306,80.2359695435,53247,53257,10
13.0077800751,80.2351074219,53257,53267,10
13.0079803467,80.2341918945,53267,53277,10
13.0082197189,80.2328567505,53277,53287,10
13.0084600449,80.231628418,53287,53298,11
13.0086803436,80.2304916382,53298,53308,10
13.008939743,80.2290115356,53308,53318,10
13.0093603134,80.2276916504,53318,53328,10
13.0099000931,80.2265014648,53328,53338,10
13.0103998184,80.2255172729,53338,53348,10
13.0106801987,80.2248535156,53348,53358,10
13.0108804703,80.2244567871,53358,53368,10
13.0111703873,80.223777771,53368,53378,10
13.0113897324,80.2230911255,53378,53388,10
13.0116701126,80.222328186,53388,53398,10
13.0120201111,80.2216186523,53398,53408,10
13.0122804642,80.2214279175,53408,53419,11
13.0124702454,80.2217788696,53419,53429,10
13.0130395889,80.2223815918,53429,53439,10
13.0136804581,80.2230606079,53439,53449,10
13.01404953,80.2235412598,53449,53459,10
13.0142602921,80.2236404419,53459,53469,10
13.014840126,80.2243499756,53469,53479,10
13.0151796341,80.2246627808,53479,53489,10
13.0154399872,80.224899292,53489,53500,11
13.0161104202,80.2252807617,53500,53510,10
13.0169897079,80.2250595093,53510,53520,10
13.0180397034,80.2246627808,53520,53530,10
13.0190296173,80.2243270874,53530,53540,10
13.0197401047,80.2244873047,53540,53549,9
13.0201301575,80.2248077393,53549,53560,11
13.0205898285,80.225151062,53560,53570,10
13.0209999084,80.2254867554,53570,53580,10
13.0214796066,80.2258377075,53580,53590,10
13.0221300125,80.2262878418,53590,53601,11
13.022310257,80.2264328003,53601,53610,9
13.0225095749,80.2266387939,53610,53621,11
13.0230302811,80.2271194458,53621,53631,10
13.0236902237,80.2276992798,53631,53641,10
13.0239896774,80.2279815674,53641,53651,10
13.024189949,80.2282562256,53651,53661,10
13.0244903564,80.2287216187,53661,53671,10
13.0249004364,80.2293014526,53671,53681,10
13.0254096985,80.2299728394,53681,53691,10
13.0259504318,80.2310409546,53691,53742,51
13.0259504318,80.2310409546,53742,53752,10
13.0259599686,80.2312393188,53752,53762,10
13.0261001587,80.231628418,53762,53772,10
13.0263299942,80.2324066162,53772,53782,10
13.0264396667,80.2326812744,53782,53800,18
13.0264902115,80.2328109741,53800,53812,12
13.0267601013,80.2332763672,53812,53820,8
13.027179718,80.2339172363,53820,53830,10
13.0277395248,80.2349472046,53830,53842,12
13.0286998749,80.2361984253,53842,53852,10
13.0294704437,80.2370834351,53852,53861,9
13.0299901962,80.2379226685,53861,53872,11
13.030670166,80.2388763428,53872,53882,10
13.0310297012,80.2395019531,53882,53973,91
13.0310297012,80.2395019531,53973,53983,10
13.0311803818,80.2396316528,53983,53993,10
13.0312700272,80.2398910522,53993,54004,11
13.0313796997,80.2405166626,54004,54014,10
13.0316400528,80.2410888672,54014,54024,10
13.0319004059,80.2416763306,54024,54034,10
13.0322504044,80.2422180176,54034,54044,10
13.0327997208,80.2429733276,54044,54054,10
13.0334796906,80.2438430786,54054,54064,10
13.0342197418,80.2448501587,54064,54074,10
13.0349502563,80.2457199097,54074,54084,10
13.0357704163,80.2461090088,54084,54094,10
13.0366802216,80.2464065552,54094,54104,10
13.0373802185,80.2463607788,54104,54115,11
13.0381097794,80.2465591431,54115,54125,10
13.0388402939,80.2467803955,54125,54141,16
13.0396404266,80.2469482422,54141,54153,12
13.0405197144,80.2471008301,54153,54163,10
13.0407495499,80.2471237183,54163,54173,10
13.0411396027,80.2472000122,54173,54183,10
13.0418100357,80.2473678589,54183,54193,10
13.0423603058,80.2475509644,54193,54203,10
13.043419838,80.2479324341,54203,54214,11
13.0439901352,80.247833252,54214,54224,10
13.0445203781,80.2478713989,54224,54234,10
13.0450696945,80.2481079102,54234,54244,10
13.0457601547,80.2484207153,54244,54254,10
13.0469102859,80.2484207153,54254,54274,20
13.0469102859,80.2484207153,54274,54284,10
13.0473098755,80.2485733032,54284,54294,10
13.0477399826,80.2489700317,54294,54304,10
13.0480499268,80.2492980957,54304,54315,11
13.0485696793,80.2496185303,54315,54325,10
13.0494403839,80.2497406006,54325,54335,10
13.0505895615,80.2499389648,54335,54345,10
13.0515699387,80.2502822876,54345,54355,10
13.0523004532,80.2510070801,54355,54365,10
13.0529203415,80.2517929077,54365,54375,10
13.0535097122,80.2525863647,54375,54385,10
13.0539598465,80.2532196045,54385,54395,10
13.0544595718,80.2538833618,54395,54405,10
13.0549297333,80.2544784546,54405,54416,11
13.0552997589,80.2549819946,54416,54426,10
13.0555801392,80.2553405762,54426,54436,10
13.0559301376,80.2557983398,54436,54446,10
13.0562400818,80.256187439,54446,54456,10
13.0565299988,80.2565383911,54456,54466,10
13.0570802689,80.2570037842,54466,54476,10
13.0576200485,80.2574768066,54476,54486,10
13.0579395294,80.2579421997,54486,54502,16
13.0581598282,80.2582626343,54502,54514,12
13.0585603714,80.2587814331,54514,54525,11
13.0591201782,80.2594909668,54525,54535,10
13.0595598221,80.260017395,54535,54545,10
13.0601196289,80.2605361938,54545,54554,9
13.0604200363,80.2608566284,54554,54566,12
13.0607004166,80.2612380981,54566,54575,9
13.0607700348,80.2613601685,54575,54586,11
13.0611095428,80.2617492676,54586,54596,10
13.0615196228,80.2621765137,54596,54606,10
13.061920166,80.2627563477,54606,54616,10
13.0623903275,80.2633209229,54616,54627,11
13.06291008,80.263923645,54627,54637,10
13.0633201599,80.2644729614,54637,54647,10
13.0637197495,80.2650680542,54647,54657,10
13.0639295578,80.2652816772,54657,54667,10
13.0640697479,80.2655181885,54667,54677,10
13.0643196106,80.265838623,54677,54687,10
13.0645103455,80.2660827637,54687,54697,10
13.0646400452,80.2662963867,54697,54707,10
13.064740181,80.2664718628,54707,54717,10
13.0649003983,80.2666625977,54717,54727,10
13.065199852,80.2669525146,54727,54738,11
13.0656604767,80.2673416138,54738,54748,10
13.0659198761,80.2676391602,54748,54758,10
13.0659999847,80.2677383423,54758,54768,10
13.0662097931,80.2680435181,54768,54778,10
13.0663604736,80.2682189941,54778,54788,10
13.0665903091,80.2683563232,54788,54798,10
13.0668802261,80.2685394287,54798,54808,10
13.0674495697,80.2688674927,54808,54818,10
13.0678596497,80.2691421509,54818,54829,11
13.0681800842,80.269203186,54829,54839,10
13.0682201385,80.2694015503,54839,54849,10
13.0681800842,80.269859314,54849,54859,10
13.068189621,80.270072937,54859,54869,10
13.0681600571,80.2705001831,54869,54879,10
13.0680799484,80.2709197998,54879,54889,10
13.0680799484,80.2712402344,54889,54899,10
13.06828022,80.2714996338,54899,54909,10
13.0685195923,80.2717132568,54909,54919,10
13.0687999725,80.271812439,54919,54930,11
13.0691604614,80.2721328735,54930,54940,10
13.0696401596,80.2726364136,54940,54950,10
13.0700998306,80.2730865479,54950,54960,10
13.0705299377,80.2735290527,54960,54970,10
13.0710897446,80.273979187,54970,54980,10
13.0719604492,80.274520874,54980,54990,10
13.0727300644,80.2753295898,54990,55000,10
13.0732402802,80.2758483887,55000,55010,10
13.0734596252,80.2761001587,55010,55020,10
13.0738401413,80.2762832642,55020,55031,11
13.0745897293,80.2762298584,55031,55041,10
13.0753602982,80.2761993408,55041,55051,10
13.0758895874,80.2761917114,55051,55061,10
13.0765104294,80.2761764526,55061,55071,10
13.0769996643,80.2761535645,55071,55081,10
13.0777301788,80.2761001587,55081,55097,16
13.0783500671,80.2752838135,55097,55109,12
13.0791397095,80.2751617432,55109,55117,8
13.0798597336,80.2752685547,55117,55220,103
13.0798597336,80.2752685547,55220,55230,10
13.0801000595,80.2752685547,55230,55241,11
13.0804395676,80.2752304077,55241,55251,10
13.0807504654,80.2751922607,55251,55362,111
13.0807504654,80.2751922607,55362,55372,10
13.0813703537,80.2750778198,55372,55463,91
13.0813703537,80.2750778198,55463,55473,10
13.0815601349,80.275062561,55473,55483,10
13.0818395615,80.2752075195,55483,55493,10
13.081990242,80.2757034302,55493,56127,634
13.081990242,80.2757034302,56127,56137,10
13.0819702148,80.2759017944,56137,56147,10
13.0818901062,80.2759780884,56147,56158,11
13.0818595886,80.2762374878,56158,56168,10
13.0818796158,80.27684021,56168,56178,10
13.0819501877,80.2775726318,56178,56188,10
13.0822200775,80.2779006958,56188,56197,9
13.0827503204,80.2779769897,56197,56208,11
13.0830802917,80.2780303955,56208,56218,10
13.0832395554,80.2780380249,56218,56228,10
13.0834703445,80.2783813477,56228,56238,10
13.083439827,80.2789611816,56238,56248,10
13.0827302933,80.2787094116,56248,56259,11
13.0819597244,80.2782669067,56259,56269,10
13.081870079,80.2776870728,56269,56278,9
13.0818195343,80.2771224976,56278,56289,11
13.0817203522,80.2763977051,56289,56299,10
13.0815296173,80.2757797241,56299,56309,10
13.0814800262,80.2755432129,56309,56319,10
13.0813999176,80.2752609253,56319,56329,10
13.0809698105,80.2752609253,56329,56339,10
13.080499649,80.2753067017,56339,56349,10
13.0800304413,80.2753677368,56349,56360,11
13.0795202255,80.2753601074,56360,56370,10
13.0788698196,80.2752304077,56370,56380,10
13.0782403946,80.2757110596,56380,56390,10
13.0776796341,80.276260376,56390,56400,10
13.0766601563,80.2763137817,56400,56410,10
13.0756502151,80.2763519287,56410,56420,10
13.0738697052,80.2764968872,56420,56450,30
13.0738697052,80.2764968872,56450,56461,11
13.0738201141,80.2765197754,56461,56471,10
13.0733604431,80.2763214111,56471,56481,10
13.0728397369,80.2757034302,56481,56491,10
13.0723104477,80.2751083374,56491,56501,10
13.0718297958,80.2746734619,56501,56551,50
13.0718297958,80.2746734619,56551,56562,11
13.0716400146,80.2745895386,56562,56572,10
13.070980072,80.2744674683,56572,56582,10
13.0705499649,80.2739715576,56582,56592,10
13.0703601837,80.2735519409,56592,56602,10
13.0699901581,80.2731018066,56602,56612,10
13.0694904327,80.2725372314,56612,56622,10
13.0689401627,80.2720336914,56622,56632,10
13.0682601929,80.2717437744,56632,56642,10
13.0678796768,80.2711410522,56642,56652,10
13.0675096512,80.2706832886,56652,56663,11
13.0668802261,80.270072937,56663,56673,10
13.066570282,80.2697296143,56673,56683,10
13.0664396286,80.2692871094,56683,56693,10
13.0664100647,80.2687835693,56693,56703,10
13.0663995743,80.2685317993,56703,56713,10
13.066069603,80.2681503296,56713,56723,10
13.0657100677,80.2677764893,56723,56733,10
13.0656204224,80.2677612305,56733,56743,10
13.0654602051,80.2677383423,56743,56753,10
13.0654201508,80.2677307129,56753,56763,10
13.065079689,80.2676315308,56763,56774,11
13.0645799637,80.2675476074,56774,56784,10
13.0642995834,80.2675018311,56784,56794,10
13.0642004013,80.2674407959,56794,56804,10
13.0638504028,80.2674026489,56804,56814,10
13.0634202957,80.267326355,56814,56824,10
13.0627698898,80.2671737671,56824,56840,16
13.0619602203,80.2662582397,56840,56852,12
13.0613803864,80.2655181885,56852,56862,10
13.0608997345,80.2652206421,56862,56873,11
13.0604496002,80.2654724121,56873,56893,20
13.0604496002,80.2654724121,56893,56903,10
13.0600204468,80.2656173706,56903,56912,9
13.059419632,80.2655563354,56912,56923,11
13.0589399338,80.2655181885,56923,56933,10
13.0587596893,80.2654571533,56933,56943,10
13.0585298538,80.2654037476,56943,56953,10
13.0580997467,80.2650909424,56953,56963,10
13.0579795837,80.2644500732,56963,56974,11
13.0578899384,80.2636795044,56974,56984,10
13.0578203201,80.2628707886,56984,56994,10
13.0577402115,80.2624206543,56994,57004,10
13.0576200485,80.2619094849,57004,57014,10
13.057559967,80.2615432739,57014,57024,10
13.057510376,80.2612075806,57024,57034,10
13.0573596954,80.2606201172,57034,57044,10
13.0571699142,80.2598724365,57044,57054,10
13.0569400787,80.2590484619,57054,57064,10
13.0567502975,80.2584533691,57064,57075,11
13.0566301346,80.2579574585,57075,57085,10
13.056520462,80.2574386597,57085,57095,10
13.0564699173,80.257232666,57095,57105,10
13.0563497543,80.2566986084,57105,57115,10
13.0561199188,80.2562026978,57115,57125,10
13.0557098389,80.2556533813,57125,57135,10
13.0552301407,80.2549819946,57135,57145,10
13.0547504425,80.2543563843,57145,57155,10
13.0540103912,80.25340271,57155,57165,10
13.0535297394,80.2527313232,57165,57176,11
13.05286026,80.2517929077,57176,57186,10
13.0523395538,80.2511062622,57186,57196,10
13.0518102646,80.2505187988,57196,57206,10
13.0511302948,80.2501296997,57206,57216,10
13.0505104065,80.25,57216,57226,10
13.0499401093,80.2498931885,57226,57236,10
13.049489975,80.2498626709,57236,57255,19
13.0489597321,80.2498168945,57255,57267,12
13.0488195419,80.249786377,57267,57276,9
13.0485401154,80.2497024536,57276,57287,11
13.0479803085,80.2493591309,57287,57298,11
13.0473003387,80.2487716675,57298,57308,10
13.0470504761,80.2486801147,57308,57318,10
13.0468597412,80.2486495972,57318,57327,9
13.0464200974,80.2485961914,57327,57338,11
13.0454702377,80.248336792,57338,57345,7
13.0449399948,80.2481765747,57345,57358,13
13.0440797806,80.2480316162,57358,57368,10
13.0437402725,80.2479705811,57368,57378,10
13.0432395935,80.2478790283,57378,57388,10
13.042840004,80.247756958,57388,57399,11
13.0422801971,80.2475891113,57399,57409,10
13.041469574,80.2474212646,57409,57419,10
13.0406999588,80.2472915649,57419,57429,10
13.0402498245,80.2472229004,57429,57439,10
13.0397500992,80.2471389771,57439,57449,10
13.0390396118,80.2469787598,57449,57459,10
13.0385103226,80.2468185425,57459,57469,10
13.038310051,80.2468032837,57469,57479,10
13.0380401611,80.2467575073,57479,57490,11
13.0375900269,80.2466812134,57490,57500,10
13.0372800827,80.2466201782,57500,57510,10
13.0368795395,80.2465286255,57510,57526,16
13.0363101959,80.246383667,57526,57548,22
13.0363101959,80.246383667,57548,57558,10
13.0359096527,80.2462997437,57558,57568,10
13.035490036,80.2461700439,57568,57578,10
13.0352401733,80.2460784912,57578,57589,11
13.0348997116,80.2458877563,57589,57599,10
13.0347700119,80.2457427979,57599,57608,9
13.0346403122,80.2455215454,57608,57619,11
13.0342102051,80.2449798584,57619,57629,10
13.0335798264,80.2441711426,57629,57638,9
13.0329904556,80.2433929443,57638,57649,11
13.0323600769,80.2425537109,57649,57659,10
13.0317201614,80.2414398193,57659,57801,142
13.0317201614,80.2414398193,57801,57811,10
13.0316896439,80.2412414551,57811,57821,10
13.0314598083,80.2407608032,57821,57831,10
13.031129837,80.2400283813,57831,57841,10
13.0306997299,80.2391662598,57841,57851,10
13.0301799774,80.23828125,57851,57861,10
13.0296001434,80.2373504639,57861,57871,10
13.0289402008,80.2366333008,57871,57881,10
13.0282001495,80.2358322144,57881,57891,10
13.0275602341,80.234916687,57891,57902,11
13.0269498825,80.2338180542,57902,57912,10
13.0264501572,80.2329406738,57912,57922,10
13.0262403488,80.232460022,57922,57932,10
13.0261497498,80.232093811,57932,57942,10
13.0260095596,80.2314834595,57942,57952,10
13.0257501602,80.2306900024,57952,57968,16
13.0247001648,80.2292327881,57968,57989,21
13.0247001648,80.2292327881,57989,58000,11
13.0245895386,80.229133606,58000,58011,11
13.0243196487,80.2287368774,58011,58020,9
13.0238599777,80.2281723022,58020,58031,11
13.0233297348,80.2276382446,58031,58041,10
13.0233201981,80.2276306152,58041,58051,10
13.0231304169,80.2274398804,58051,58061,10
13.0225095749,80.2268295288,58061,58071,10
13.0219697952,80.2263870239,58071,58081,10
13.0214595795,80.2259674072,58081,58091,10
13.0209503174,80.2255630493,58091,58102,11
13.0203504562,80.2251663208,58102,58112,10
13.0200004578,80.2249221802,58112,58122,10
13.0199604034,80.2248764038,58122,58132,10
13.0195398331,80.2246170044,58132,58142,10
13.0187597275,80.2245407104,58142,58152,10
13.0179700851,80.2248382568,58152,58161,9
13.0171699524,80.2251815796,58161,58172,11
13.0164003372,80.225479126,58172,58182,10
13.0158500671,80.2256622314,58182,58192,10
13.0151195526,80.2259216309,58192,58202,10
13.0143699646,80.2262573242,58202,58213,11
13.0139102936,80.2265014648,58213,58223,10
13.0138998032,80.2265014648,58223,58233,10
13.0136804581,80.2265777588,58233,58243,10
13.0136804581,80.2265930176,58243,58253,10
13.0135097504,80.2266082764,58253,58263,10
13.0129995346,80.2267837524,58263,58273,10
13.0120697021,80.2271270752,58273,58283,10
13.0109596252,80.2276000977,58283,58293,10
13.0098800659,80.2280578613,58293,58304,11
13.0091495514,80.2289276123,58304,58314,10
13.0088796616,80.2302093506,58314,58324,10
13.0086097717,80.231590271,58324,58334,10
13.0083799362,80.2328491211,58334,58344,10
13.0082798004,80.2335891724,58344,58354,10
13.0082101822,80.2337799072,58354,58364,10
13.0081501007,80.2342529297,58364,58374,10
13.0079603195,80.2351074219,58374,58384,10
13.0077800751,80.2362136841,58384,58394,10
13.007519722,80.2374801636,58394,58404,10
13.0072803497,80.2386627197,58404,58415,11
13.0070400238,80.2396621704,58415,58425,10
13.0068302155,80.2404632568,58425,58435,10
13.0067796707,80.241027832,58435,58445,10
13.0067796707,80.2420196533,58445,58455,10
13.0067796707,80.2430267334,58455,58465,10
13.0067796707,80.2437973022,58465,58475,10
13.0067501068,80.2446975708,58475,58485,10
13.0067901611,80.2456207275,58485,58495,10
13.0067596436,80.2469177246,58495,58524,29
13.0067596436,80.2469177246,58524,58534,10
13.0067396164,80.2471389771,58534,58544,10
13.0063896179,80.2473983765,58544,58553,9
13.0062599182,80.2473983765,58553,58564,11
13.0061197281,80.2473983765,58564,58574,10
13.0055904388,80.2473831177,58574,58584,10
13.0047101974,80.247428894,58584,58594,10
13.0036296844,80.2475662231,58594,58604,10
13.0028400421,80.2476806641,58604,58614,10
13.0021896362,80.2478179932,58614,58625,11
13.0012302399,80.248046875,58625,58634,9
13.0002002716,80.248298645,58634,58645,11
12.9989404678,80.2486190796,58645,58655,10
12.9975996017,80.2489318848,58655,58664,9
12.9961700439,80.2493133545,58664,58675,11
12.9946403503,80.2497406006,58675,58685,10
12.9933996201,80.250038147,58685,58695,10
12.9922199249,80.2503204346,58695,58705,10
12.9917297363,80.2504577637,58705,58746,41
12.9917297363,80.2504577637,58746,58756,10
12.9914798737,80.2505493164,58756,58766,10
12.9911603928,80.2506484985,58766,58776,10
12.9910497665,80.2506637573,58776,58786,10
12.9908800125,80.2506866455,58786,58796,10
12.9906797409,80.2507400513,58796,58806,10
12.9904603958,80.2508010864,58806,58816,10
12.9899101257,80.2509384155,58816,58847,31
12.9899101257,80.2509384155,58847,58857,10
12.9896602631,80.2509918213,58857,58997,140
12.9896602631,80.2509918213,58997,59007,10
12.9893398285,80.2510910034,59007,59017,10
12.9890604019,80.2511367798,59017,59027,10
12.9888496399,80.2511901855,59027,59038,11
12.9880199432,80.2513885498,59038,59301,263
12.9880199432,80.2513885498,59301,59311,10
12.9876003265,80.2515106201,59311,59321,10
12.9867696762,80.2517471313,59321,59332,11
12.9855203629,80.2520217896,59332,59341,9
12.9849796295,80.252166748,59341,59354,13
12.9827299118,80.2526626587,59354,59364,10
12.9810199738,80.2527084351,59364,59373,9
12.9801397324,80.2527618408,59373,59384,11
12.9797201157,80.2527618408,59384,59394,10
12.9790096283,80.2526397705,59394,59404,10
12.9784603119,80.2525405884,59404,59414,10
12.9783401489,80.252456665,59414,59424,10
12.9778404236,80.2520217896,59424,59435,11
12.9769201279,80.251373291,59435,59445,10
12.9757099152,80.2509994507,59445,59455,10
12.9743995667,80.2506637573,59455,59465,10
12.9730195999,80.2502593994,59465,59475,10
12.9715795517,80.2498779297,59475,59485,10
12.9703197479,80.2495117188,59485,59495,10
12.9690599442,80.2490234375,59495,59505,10
12.9680404663,80.2486419678,59505,59515,10
12.967300415,80.248336792,59515,59525,10
12.9666500092,80.2479782104,59525,59535,10
12.9657802582,80.2476119995,59535,59546,11
12.9651498795,80.2474365234,59546,59556,10
12.9651403427,80.2474365234,59556,59566,10
12.9650497437,80.2473983765,59566,59582,16
12.9640398026,80.2470169067,59582,59594,12
12.9633398056,80.2467193604,59594,59604,10
12.9628801346,80.2464675903,59604,59613,9
12.9620895386,80.2460784912,59613,59624,11
12.960849762,80.2454833984,59624,59634,10
12.9593000412,80.2448196411,59634,59655,21
12.9593000412,80.2448196411,59655,59664,9
12.9590196609,80.2446670532,59664,59675,11
12.9583396912,80.2443771362,59675,59684,9
12.957909584,80.2442016602,59684,59695,11
12.9573602676,80.2440185547,59695,59705,10
12.9566001892,80.2437286377,59705,59786,81
12.9566001892,80.2437286377,59786,59802,16
12.9562597275,80.2436218262,59802,59814,12
12.9556598663,80.243309021,59814,59824,10
12.9547796249,80.2429122925,59824,59834,10
12.9538602829,80.2425384521,59834,59844,10
12.95291996,80.2421722412,59844,59855,11
12.9518098831,80.2417678833,59855,59875,20
12.9518098831,80.2417678833,59875,59884,9
12.9515199661,80.2416381836,59884,59895,11
12.9507799149,80.2413787842,59895,59904,9
12.9497900009,80.2410812378,59904,59914,10
12.9490003586,80.2408370972,59914,59925,11
12.9481401443,80.240447998,59925,59935,10
12.9473896027,80.2401504517,59935,59945,10
12.9469203949,80.2399673462,59945,59956,11
12.9466600418,80.2398986816,59956,59966,10
12.9464197159,80.2397994995,59966,59976,10
12.9457902908,80.2395172119,59976,59986,10
12.9450101852,80.2389678955,59986,59996,10
12.9442195892,80.2381134033,59996,60006,10
12.9433498383,80.237197876,60006,60016,10
12.9422597885,80.2364807129,60016,60026,10
12.9409999847,80.2361526489,60026,60036,10
12.9401702881,80.2359390259,60036,60046,10
12.9396600723,80.2357635498,60046,60057,11
12.9395503998,80.2357177734,60057,60067,10
12.9390497208,80.2354736328,60067,60077,10
12.9382095337,80.2350616455,60077,60087,10
12.9371995926,80.2345581055,60087,60097,10
12.9363298416,80.2341384888,60097,60106,9
12.9359998703,80.2339782715,60106,60117,11
12.9354600906,80.2337265015,60117,60127,10
12.9346199036,80.2333602905,60127,60137,10
12.9339399338,80.2330627441,60137,60147,10
12.9338798523,80.233039856,60147,60158,11
12.9334096909,80.2327804565,60158,60168,10
12.9325704575,80.232460022,60168,60178,10
12.9315004349,80.232093811,60178,60188,10
12.9302797318,80.2317199707,60188,60198,10
12.9293298721,80.2314987183,60198,60208,10
12.9289703369,80.2314300537,60208,60228,20
12.9289703369,80.2314300537,60228,60238,10
12.9286403656,80.2313613892,60238,60248,10
12.92786026,80.2312393188,60248,60259,11
12.9267702103,80.2311019897,60259,60269,10
12.9260797501,80.2310409546,60269,60279,10
12.9259500504,80.2310333252,60279,60289,10
12.9254198074,80.2309799194,60289,60299,10
12.9246301651,80.2308578491,60299,60309,10
12.923620224,80.2307434082,60309,60319,10
12.9224700928,80.2305603027,60319,60329,10
12.9211997986,80.2303695679,60329,60339,10
12.9199304581,80.23021698,60339,60349,10
12.9187602997,80.2300491333,60349,60360,11
12.9175395966,80.2298965454,60360,60370,10
12.9166297913,80.2297821045,60370,60380,10
12.9156503677,80.229637146,60380,60390,10
12.9146003723,80.2294921875,60390,60400,10
12.9133300781,80.229347229,60400,60420,20
12.9133300781,80.229347229,60420,60430,10
12.9130401611,80.2292861938,60430,60440,10
12.9123497009,80.2291717529,60440,60450,10
12.9114904404,80.2290420532,60450,60461,11
12.910320282,80.2288665771,60461,60471,10
12.9090900421,80.2286834717,60471,60481,10
12.9080495834,80.2285003662,60481,60491,10
12.9075803757,80.2284317017,60491,60572,81
12.9075803757,80.2284317017,60572,60582,10
12.9072599411,80.2283935547,60582,60592,10
12.9068002701,80.2283401489,60592,60602,10
12.9063596725,80.2283096313,60602,60612,10
12.9052801132,80.2282180786,60612,60622,10
12.9041996002,80.2281417847,60622,60632,10
12.9030103683,80.2280883789,60632,60642,10
12.9018001556,80.2280502319,60642,60713,71
12.9018001556,80.2280502319,60713,60723,10
12.9015598297,80.2280578613,60723,60733,10
12.9010896683,80.2280273438,60733,60743,10
12.9004001617,80.2279586792,60743,60753,10
12.8998699188,80.2279510498,60753,60764,11
12.8995800018,80.2279205322,60764,60774,10
12.8992595673,80.2279129028,60774,60784,10
12.8992500305,80.227897644,60784,60794,10
12.8989200592,80.2278366089,60794,60804,10
12.8982000351,80.2277984619,60804,60814,10
12.8972301483,80.2277603149,60814,60824,10
12.8960599899,80.2277069092,60824,60834,10
12.8947896957,80.2276611328,60834,60844,10
12.8934202194,80.2275390625,60844,60854,10
12.8923196793,80.2274093628,60854,60864,10
12.891169548,80.2273483276,60864,60875,11
12.8897600174,80.2273635864,60875,60885,10
12.8885202408,80.2273635864,60885,60895,10
12.8872404099,80.2272415161,60895,60905,10
12.8859901428,80.2269668579,60905,60915,10
12.8848104477,80.2267608643,60915,60935,20
12.8848104477,80.2267608643,60935,60945,10
12.88463974,80.2267532349,60945,60955,10
12.8839998245,80.2267608643,60955,60966,11
12.882900238,80.2267608643,60966,60976,10
12.8816795349,80.2267532349,60976,60986,10
12.8803596497,80.2267608643,60986,60996,10
12.8789796829,80.2267913818,60996,61006,10
12.8777198792,80.2268981934,61006,61016,10
12.8769102097,80.2269592285,61016,61026,10
12.8766002655,80.2269897461,61026,61036,10
12.8765296936,80.2269897461,61036,61046,10
12.8760995865,80.2269973755,61046,61056,10
12.8752698898,80.2269363403,61056,61066,10
12.8741798401,80.2267990112,61066,61077,11
12.873000145,80.2267227173,61077,61087,10
12.8725404739,80.2267303467,61087,61097,10
12.8724803925,80.2267303467,61097,61107,10
12.872010231,80.2267227173,61107,61117,10
12.8711004257,80.2266769409,61117,61127,10
12.8699102402,80.2265777588,61127,61137,10
12.8686199188,80.2264328003,61137,61147,10
12.8673295975,80.2264785767,61147,61158,11
12.8658399582,80.2265930176,61158,61167,9
12.8645296097,80.2265625,61167,61179,12
12.8627004623,80.2265625,61179,61189,10
12.861289978,80.2266311646,61189,61199,10
12.8607702255,80.2266082764,61199,61209,10
12.8602199554,80.2265319824,61209,61219,10
12.8592700958,80.2263870239,61219,61229,10
12.8582000732,80.2262802124,61229,61239,10
12.8569297791,80.2263183594,61239,61249,10
12.8555498123,80.2264480591,61249,61259,10
12.8540697098,80.2266082764,61259,61269,10
12.8524799347,80.2266921997,61269,61280,11
12.8506002426,80.2266082764,61280,61290,10
12.84897995,80.2266235352,61290,61300,10
12.8473701477,80.2266082764,61300,61310,10
12.8454399109,80.2266387939,61310,61340,30
12.8454399109,80.2266387939,61340,61350,10
12.8450603485,80.2266693115,61350,61360,10
12.844329834,80.2267303467,61360,61370,10
12.8433103561,80.226852417,61370,61381,11
12.8420000076,80.2271118164,61381,61391,10
12.8408603668,80.2274169922,61391,61401,10
12.840180397,80.2276306152,61401,61411,10
12.8397903442,80.2277908325,61411,61421,10
12.8397598267,80.2277984619,61421,61431,10
12.8393001556,80.2279205322,61431,61441,10
12.8387002945,80.2279968262,61441,61451,10
12.8379001617,80.2282028198,61451,61461,10
12.8367700577,80.2283782959,61461,61471,10
12.8354597092,80.2285766602,61471,61482,11
12.8339700699,80.2288131714,61482,61492,10
12.8328399658,80.2290420532,61492,61502,10
12.8323402405,80.2291412354,61502,61512,10
12.8322696686,80.2291564941,61512,61522,10
12.8317604065,80.2292480469,61522,61532,10
12.8308801651,80.2295227051,61532,61542,10
12.8299102783,80.2298965454,61542,61552,10
12.829369545,80.2300796509,61552,61562,10
12.8285198212,80.2304992676,61562,61572,10
12.8274803162,80.2310791016,61572,61582,10
12.8262701035,80.2313919067,61582,61592,10
12.8248901367,80.2314300537,61592,61603,11
12.823340416,80.2310562134,61603,61613,10
12.8220796585,80.230682373,61613,61623,10
12.8211803436,80.2304992676,61623,61633,10
12.8204097748,80.2304763794,61633,61643,10
12.8194799423,80.2305297852,61643,61653,10
12.8189096451,80.2304992676,61653,61663,10
12.8188199997,80.2304916382,61663,61673,10
12.8185195923,80.2303390503,61673,61683,10
12.8178195953,80.2300033569,61683,61694,11
12.8167200089,80.229598999,61694,61704,10
12.8154697418,80.2294006348,61704,61714,10
12.814160347,80.2292022705,61714,61724,10
12.8128404617,80.2287979126,61724,61734,10
12.8114900589,80.2283172607,61734,61744,10
12.8101501465,80.2277679443,61744,61754,10
12.809009552,80.2271499634,61754,61764,10
12.8080997467,80.2264175415,61764,61774,10
12.8072900772,80.225730896,61774,61784,10
12.8066997528,80.2251815796,61784,61795,11
12.8060598373,80.2245864868,61795,61805,10
12.8054504395,80.2241363525,61805,61815,10
12.8050298691,80.2240219116,61815,61825,10
12.8050298691,80.224029541,61825,61835,10
12.8046598434,80.2239608765,61835,61845,10
12.8039398193,80.2238998413,61845,61855,10
12.8030395508,80.2238235474,61855,61865,10
12.8020000458,80.2236785889,61865,61875,10
12.8010396957,80.2236099243,61875,61885,10
12.8009195328,80.2236022949,61885,61896,11
12.8005895615,80.2235870361,61896,61906,10
12.7999200821,80.2235107422,61906,61916,10
12.7990102768,80.2234191895,61916,61926,10
12.7977895737,80.2232894897,61926,61936,10
12.7965803146,80.2230911255,61936,61946,10
12.7957897186,80.2229690552,61946,61956,10
12.7957296371,80.2229614258,61956,61966,10
12.7953701019,80.2228775024,61966,61976,10
12.7945995331,80.2227401733,61976,61986,10
12.7936201096,80.2226028442,61986,61997,11
12.7924003601,80.2223968506,61997,62007,10
12.7912397385,80.2221221924,62007,62017,10
12.7901697159,80.221862793,62017,62027,10
12.7896995544,80.2217330933,62027,62037,10
12.7893800735,80.2215805054,62037,62047,10
12.7887401581,80.221321106,62047,62057,10
12.788069725,80.2210769653,62057,62067,10
12.7875699997,80.2208786011,62067,62077,10
12.7870597839,80.220703125,62077,62098,21
12.7870597839,80.220703125,62098,62108,10
12.7869100571,80.2206497192,62108,62118,10
12.7866601944,80.2205200195,62118,62128,10
12.7864599228,80.2204437256,62128,62138,10
12.7862195969,80.2205429077,62138,62168,30
12.7862195969,80.2205429077,62168,62178,10
12.7862195969,80.2208633423,62178,62188,10
12.7862300873,80.221206665,62188,62199,11
12.7862596512,80.2216567993,62199,62209,10
12.7862901688,80.2219619751,62209,62471,262
12.786239624,80.2218017578,62471,62815,344
12.7863397598,80.221862793,62815,63282,467
12.7863397598,80.221862793,63282,63292,10
12.7861700058,80.2215270996,63292,63303,11
12.7861604691,80.2212524414,63303,63313,10
12.7861700058,80.2209777832,63313,63323,10
12.7861700058,80.2206192017,63323,63333,10
12.7861700058,80.2205734253,63333,63343,10
12.7863197327,80.2203903198,63343,63353,10
12.7865495682,80.2204666138,63353,63363,10
12.786649704,80.2204971313,63363,63373,10
12.7869701385,80.2206420898,63373,63383,10
12.7875499725,80.2208480835,63383,63393,10
12.7883300781,80.2211380005,63393,63403,10
12.7891902924,80.2214584351,63403,63414,11
12.7895498276,80.2215881348,63414,63424,10
12.7898702621,80.2217025757,63424,63434,10
12.7905597687,80.2218704224,63434,63444,10
12.7915802002,80.2221221924,63444,63454,10
12.792889595,80.2223968506,63454,63464,10
12.7944002151,80.2226486206,63464,63474,10
12.7958297729,80.2228927612,63474,63484,10
12.7965202332,80.2229919434,63484,63494,10
12.7970104218,80.2230911255,63494,63511,17
12.7986402512,80.2233200073,63511,63523,12
12.8000497818,80.2234725952,63523,63533,10
12.801150322,80.2235717773,63533,63543,10
12.8014497757,80.2235794067,63543,63553,10
12.8018198013,80.2236328125,63553,63563,10
12.8025102615,80.2237167358,63563,63573,10
12.8036003113,80.2238464355,63573,63583,10
12.8046197891,80.2239379883,63583,63593,10
12.8053703308,80.224067688,63593,63603,10
12.8055095673,80.2241210938,63603,63614,11
12.8058795929,80.2243881226,63614,63624,10
12.8064899445,80.2249221802,63624,63634,10
12.807220459,80.2255783081,63634,63643,9
12.8079996109,80.2262496948,63643,63653,10
12.8089799881,80.2270584106,63653,63664,11
12.8103399277,80.2277984619,63664,63673,9
12.81153965,80.2282791138,63673,63685,12
12.8132095337,80.228843689,63685,63695,10
12.8145599365,80.2292404175,63695,63705,10
12.8150596619,80.2293167114,63705,63716,11
12.8158998489,80.2294235229,63716,63726,10
12.8169603348,80.2296066284,63726,63736,10
12.8179702759,80.2300262451,63736,63746,10
12.8189096451,80.2304382324,63746,63756,10
12.8196802139,80.2304611206,63756,63766,10
12.8198003769,80.2304611206,63766,63775,9
12.8199796677,80.23046875,63775,63785,10
12.8206396103,80.2304611206,63785,63796,11
12.8217496872,80.2305374146,63796,63806,10
12.822930336,80.2308731079,63806,63817,11
12.8243398666,80.2312393188,63817,63827,10
12.8257198334,80.2313919067,63827,63837,10
12.8271903992,80.2311935425,63837,63847,10
12.8285198212,80.2304534912,63847,63857,10
12.8295602798,80.2299575806,63857,63867,10
12.8299999237,80.2297897339,63867,63877,10
12.830280304,80.2296524048,63877,63907,30
12.8305501938,80.2295684814,63907,63938,31
12.8305501938,80.2295684814,63938,63948,10
12.8306798935,80.2295303345,63948,63958,10
12.8309202194,80.2294311523,63958,63968,10
12.8310203552,80.2293930054,63968,63977,9
12.8310604095,80.2293777466,63977,63988,11
12.8314695358,80.2292480469,63988,63998,10
12.8322000504,80.2290725708,63998,64008,10
12.8330898285,80.2289123535,64008,64019,11
12.8340997696,80.2287216187,64019,64029,10
12.835100174,80.2285614014,64029,64039,10
12.836139679,80.2284088135,64039,64049,10
12.8368501663,80.2282867432,64049,64059,10
12.8373603821,80.2281723022,64059,64099,40
12.8373603821,80.2281723022,64099,64109,10
12.8378601074,80.2280883789,64109,64119,10
12.8380098343,80.2280578613,64119,64130,11
12.8382997513,80.2279968262,64130,64160,30
12.8382997513,80.2279968262,64160,64170,10
12.8385095596,80.2279510498,64170,64180,10
12.8385400772,80.2279434204,64180,64190,10
12.8388395309,80.2278594971,64190,64231,41
12.8388395309,80.2278594971,64231,64241,10
12.8391599655,80.2277526855,64241,64261,20
12.8391599655,80.2277526855,64261,64271,10
12.8393297195,80.2276763916,64271,64281,10
12.8394804001,80.2276229858,64281,64291,10
12.8396596909,80.2275619507,64291,64301,10
12.8402299881,80.2274780273,64301,64311,10
12.8410902023,80.2272720337,64311,64321,10
12.8420600891,80.2270278931,64321,64332,11
12.8435201645,80.2267837524,64332,64342,10
12.8446102142,80.2266082764,64342,64352,10
12.8452596664,80.2265625,64352,64372,20
12.8452596664,80.2265625,64372,64382,10
12.8456897736,80.2265396118,64382,64402,20
12.8456897736,80.2265396118,64402,64412,10
12.8459596634,80.2265396118,64412,64422,10
12.8465299606,80.2265396118,64422,64433,11
12.8475503922,80.2265701294,64433,64443,10
12.8487300873,80.2265625,64443,64453,10
12.8501300812,80.2265319824,64453,64473,20
12.8501300812,80.2265319824,64473,64483,10
12.850399971,80.2265167236,64483,64493,10
12.8511896133,80.2265625,64493,64503,10
12.8522796631,80.2266235352,64503,64513,10
12.8535499573,80.2266311646,64513,64523,10
12.8549203873,80.2265014648,64523,64534,11
12.8564996719,80.2263412476,64534,64544,10
12.8576402664,80.2262191772,64544,64554,10
12.8580198288,80.2261886597,64554,64564,10
12.8581695557,80.2261810303,64564,64574,10
12.8583498001,80.2262191772,64574,64584,10
12.8588600159,80.2262573242,64584,64594,10
12.8597297668,80.2263793945,64594,64604,10
12.8605298996,80.2264785767,64604,64614,10
12.8606901169,80.2265014648,64614,64624,10
12.8607597351,80.2265090942,64624,64641,17
12.861579895,80.2265319824,64641,64653,12
12.8627700806,80.2264709473,64653,64663,10
12.8636903763,80.2264709473,64663,64673,10
12.8652496338,80.2265396118,64673,64683,10
12.8664197922,80.2265090942,64683,64693,10
12.8676099777,80.2263793945,64693,64703,10
12.8687200546,80.2263565063,64703,64713,10
12.8698797226,80.2264862061,64713,64723,10
12.8711395264,80.226600647,64723,64734,11
12.872420311,80.2266235352,64734,64744,10
12.872879982,80.2266311646,64744,64754,10
12.8731498718,80.2266387939,64754,64764,10
12.8738603592,80.2266921997,64764,64774,10
12.8747797012,80.2268066406,64774,64784,10
12.875670433,80.2268981934,64784,64834,50
12.875670433,80.2268981934,64834,64844,10
12.8758497238,80.2269134521,64844,64855,11
12.8760995865,80.2269210815,64855,64865,10
12.8764801025,80.2268981934,64865,64875,10
12.8769197464,80.2268600464,64875,64885,10
12.8769598007,80.226852417,64885,64895,10
12.877289772,80.2268371582,64895,64905,10
12.8780498505,80.2267913818,64905,64915,10
12.8790597916,80.2267227173,64915,64925,10
12.8802499771,80.2267074585,64925,64935,10
12.8815202713,80.2266998291,64935,64946,11
12.8828802109,80.2266921997,64946,64956,10
12.8839797974,80.2266616821,64956,64966,10
12.8848400116,80.2266311646,64966,64976,10
12.8851900101,80.2266616821,64976,64986,10
12.8852500916,80.2266693115,64986,64996,10
12.885720253,80.2267684937,64996,65006,10
12.8865604401,80.2269973755,65006,65016,10
12.8875904083,80.2272033691,65016,65026,10
12.8887901306,80.2273025513,65026,65036,10
12.890130043,80.2273330688,65036,65047,11
12.8914804459,80.2273025513,65047,65057,10
12.8920602798,80.2272872925,65057,65077,20
12.8920602798,80.2272872925,65077,65087,10
12.8923597336,80.2273330688,65087,65097,10
12.8929300308,80.2273864746,65097,65107,10
12.8936500549,80.2275009155,65107,65117,10
12.8945302963,80.2275924683,65117,65127,10
12.8956804276,80.2276306152,65127,65143,16
12.8978300095,80.227722168,65143,65156,13
12.8991498947,80.2277984619,65156,65166,10
12.8994503021,80.2277984619,65166,65175,9
12.8998498917,80.2278213501,65175,65186,11
12.9004602432,80.2278366089,65186,65196,10
12.9009199142,80.2278823853,65196,65206,10
12.9012699127,80.227897644,65206,65216,10
12.9018802643,80.2279205322,65216,65225,9
12.9028396606,80.2279663086,65225,65247,22
12.9028396606,80.2279663086,65247,65257,10
12.902879715,80.2279815674,65257,65267,10
12.9032897949,80.2279815674,65267,65277,10
12.9038696289,80.2280502319,65277,65287,10
12.9045295715,80.2280807495,65287,65297,10
12.9047203064,80.2280883789,65297,65307,10
12.9048995972,80.2281036377,65307,65317,10
12.9053897858,80.2281188965,65317,65327,10
12.9058904648,80.2281417847,65327,65337,10
12.9059495926,80.2281417847,65337,65348,11
12.9063100815,80.2281723022,65348,65358,10
12.9065704346,80.2282028198,65358,65368,10
12.9069004059,80.2282409668,65368,65378,10
12.9075202942,80.2283401489,65378,65388,10
12.9083595276,80.2285003662,65388,65398,10
12.9093799591,80.2286605835,65398,65408,10
12.9105596542,80.2288589478,65408,65418,10
12.9118204117,80.229019165,65418,65428,10
12.9136400223,80.2292327881,65428,65449,21
12.9136400223,80.2292327881,65449,65459,10
12.9138898849,80.2292709351,65459,65469,10
12.9145002365,80.2293624878,65469,65479,10
12.9153900146,80.2294998169,65479,65489,10
12.9164600372,80.2296676636,65489,65499,10
12.9176101685,80.2298278809,65499,65509,10
12.9187498093,80.2299880981,65509,65519,10
12.9198198318,80.230140686,65519,65529,10
12.9210300446,80.2302932739,65529,65539,10
12.9223499298,80.2304763794,65539,65550,11
12.9238796234,80.2307128906,65550,65560,10
12.9251899719,80.2308578491,65560,65570,10
12.9259996414,80.2309036255,65570,65580,10
12.9262399673,80.2309265137,65580,65590,10
12.9266395569,80.2309799194,65590,65600,10
12.9274501801,80.2310791016,65600,65610,10
12.9284496307,80.2312164307,65610,65619,9
12.9293003082,80.2313995361,65619,65630,11
12.9303798676,80.2316665649,65630,65640,10
12.9315004349,80.2319793701,65640,65651,11
12.9324998856,80.2323074341,65651,65661,10
12.9333896637,80.2326431274,65661,65681,20
12.9333896637,80.2326431274,65681,65691,10
12.9335298538,80.232749939,65691,65701,10
12.9338903427,80.2329330444,65701,65711,10
12.9345397949,80.2332382202,65711,65721,10
12.9351196289,80.2334899902,65721,65731,10
12.935669899,80.2337265015,65731,65741,10
12.9364795685,80.2341384888,65741,65752,11
12.937620163,80.2346572876,65752,65762,10
12.9385700226,80.2351074219,65762,65772,10
12.9391202927,80.2353515625,65772,65782,10
12.9393100739,80.2354507446,65782,65792,10
12.9393196106,80.2354507446,65792,65802,10
12.939450264,80.2355270386,65802,65812,10
12.9394903183,80.2355575562,65812,65822,10
12.9397497177,80.2357025146,65822,65832,10
12.9403800964,80.2359313965,65832,65842,10
12.9413299561,80.2361831665,65842,65852,10
12.9423999786,80.2364730835,65852,65863,11
12.9434099197,80.2371292114,65863,65873,10
12.9440698624,80.2378387451,65873,65883,10
12.9448795319,80.2387313843,65883,65893,10
12.9458503723,80.2394714355,65893,65903,10
12.9468002319,80.2398605347,65903,65913,10
12.9475698471,80.2401733398,65913,65923,10
12.9485797882,80.240562439,65923,65974,51
12.9485797882,80.240562439,65974,65984,10
12.9486999512,80.2405395508,65984,65994,10
12.9490804672,80.2407302856,65994,66004,10
12.9497499466,80.2409667969,66004,66014,10
12.9504203796,80.2411880493,66014,66024,10
12.9509401321,80.241317749,66024,66034,10
12.9509401321,80.2413330078,66034,66044,10
12.9511003494,80.2414016724,66044,66055,11
12.9515600204,80.2415771484,66055,66065,10
12.9520702362,80.2417678833,66065,66075,10
12.9527597427,80.2420196533,66075,66085,10
12.9536600113,80.2423629761,66085,66095,10
12.9545202255,80.2427062988,66095,66105,10
12.9551401138,80.2429580688,66105,66115,10
12.9557199478,80.2432022095,66115,66135,20
12.9558801651,80.2432479858,66135,66156,21
12.9558801651,80.2432479858,66156,66166,10
12.9561195374,80.2433166504,66166,66186,20
12.9562597275,80.2433776855,66186,66226,40
12.9562597275,80.2433776855,66226,66236,10
12.9565496445,80.2435073853,66236,66246,10
12.9570503235,80.2437210083,66246,66256,10
12.9577903748,80.2440414429,66256,66267,11
12.9582195282,80.2442169189,66267,66277,10
12.9587802887,80.2444229126,66277,66287,10
12.9588699341,80.2444610596,66287,66297,10
12.9590196609,80.2445526123,66297,66307,10
12.9594697952,80.244758606,66307,66317,10
12.9602403641,80.2451019287,66317,66327,10
12.9611797333,80.245552063,66327,66337,10
12.9621295929,80.2460327148,66337,66347,10
12.962849617,80.2463912964,66347,66358,11
12.9633998871,80.246673584,66358,66418,60
12.9633998871,80.246673584,66418,66428,10
12.9637002945,80.2468032837,66428,66438,10
12.9644098282,80.2470626831,66438,66448,10
12.965379715,80.2473602295,66448,66458,10
12.9666500092,80.2478408813,66458,66479,21
12.9666500092,80.2478408813,66479,66489,10
12.9669303894,80.2480316162,66489,66499,10
12.9675502777,80.248336792,66499,66509,10
12.9685001373,80.2487106323,66509,66519,10
12.9695501328,80.2491226196,66519,66529,10
12.9705095291,80.2494888306,66529,66539,10
12.971619606,80.2498016357,66539,66549,10
12.9728603363,80.2501373291,66549,66559,10
12.9741601944,80.25050354,66559,66570,11
12.9754495621,80.2508773804,66570,66580,10
12.9761199951,80.2510299683,66580,66731,151
12.9761199951,80.2510299683,66731,66741,10
12.9761896133,80.2510604858,66741,66751,10
12.9766197205,80.2511901855,66751,66761,10
12.9771003723,80.2513427734,66761,66772,11
12.9774703979,80.2515411377,66772,66782,10
12.9776802063,80.251701355,66782,66792,10
12.9778404236,80.2518386841,66792,66802,10
12.9780302048,80.2520217896,66802,66812,10
12.9781503677,80.2521209717,66812,67155,343
12.9781503677,80.2521209717,67155,67165,10
12.9781599045,80.2521362305,67165,67175,10
12.9784097672,80.2522964478,67175,67186,11
12.9784803391,80.2523498535,67186,67196,10
12.9786996841,80.2524490356,67196,67206,10
12.9789199829,80.252532959,67206,67458,252
12.9789199829,80.252532959,67458,67468,10
12.9792203903,80.2525634766,67468,67478,10
12.979640007,80.2526016235,67478,67489,11
12.9800796509,80.2526397705,67489,67499,10
12.9804601669,80.2526473999,67499,67509,10
12.9811401367,80.2526626587,67509,67519,10
12.9819602966,80.2526016235,67519,67529,10
12.9826002121,80.2525405884,67529,67539,10
12.9828596115,80.2525100708,67539,67549,10
12.9830799103,80.2525024414,67549,67559,10
12.9834699631,80.252456665,67559,67569,10
12.983830452,80.2523803711,67569,67579,10
12.984120369,80.2522964478,67579,67620,41
12.9842500687,80.2522735596,67620,67852,232
12.9842500687,80.2522735596,67852,67862,10
12.984629631,80.252166748,67862,67872,10
12.9853601456,80.2519683838,67872,67882,10
12.9859600067,80.2518005371,67882,67893,11
12.9863500595,80.2517089844,67893,67903,10
12.9868898392,80.2515792847,67903,67913,10
12.987279892,80.2514572144,67913,67923,10
12.9876203537,80.251373291,67923,67933,10
12.9882097244,80.2512512207,67933,67943,10
12.9894199371,80.2509231567,67943,67963,20
12.9894199371,80.2509231567,67963,67973,10
12.9898195267,80.2508468628,67973,67983,10
12.9905395508,80.2506790161,67983,67994,11
12.9914798737,80.2504577637,67994,68004,10
12.9925098419,80.2501983643,68004,68014,10
12.993639946,80.2498931885,68014,68024,10
12.9948596954,80.2496032715,68024,68040,16
12.9969902039,80.2490463257,68040,68052,12
12.9987401962,80.2485961914,68052,68060,8
12.9999599457,80.248298645,68060,68070,10
13.0014696121,80.2479171753,68070,68081,11
13.002989769,80.2475967407,68081,68093,12
13.004650116,80.2473602295,68093,68103,10
13.0057897568,80.2471389771,68103,68114,11
13.0063695908,80.2466888428,68114,68124,10
13.0064296722,80.2465896606,68124,68134,10
13.0065002441,80.2464599609,68134,68144,10
13.0065402985,80.2458190918,68144,68174,30
13.0065402985,80.2458190918,68174,68184,10
13.0065603256,80.2454071045,68184,68205,21
13.0065603256,80.2454071045,68205,68215,10
13.0065097809,80.245010376,68215,68225,10
13.006529808,80.2446975708,68225,68245,20
13.006529808,80.2446975708,68245,68255,10
13.0065498352,80.2442703247,68255,68265,10
13.0065603256,80.2440032959,68265,68275,10
13.0065202713,80.2437515259,68275,68285,10
13.0065402985,80.2433776855,68285,68295,10
13.0065002441,80.2429428101,68295,68306,11
13.0065002441,80.2421188354,68306,68316,10
13.006480217,80.2417221069,68316,68326,10
13.0064697266,80.2416305542,68326,68336,10
13.006480217,80.2414016724,68336,68346,10
13.0065202713,80.2410888672,68346,68356,10
13.006649971,80.2406234741,68356,68366,10
13.0067501068,80.2401885986,68366,68376,10
13.0069599152,80.2390823364,68376,68386,10
13.0070800781,80.2381973267,68386,68396,10
13.0072498322,80.2375335693,68396,68407,11
13.0073204041,80.2369232178,68407,68417,10
13.0073604584,80.2368011475,68417,68427,10
13.0074796677,80.2364501953,68427,68437,10
13.0076599121,80.2358779907,68437,68447,10
13.0078296661,80.2350082397,68447,68457,10
13.0080003738,80.2341766357,68457,68467,10
13.0082502365,80.2329406738,68467,68477,10
13.008480072,80.2318267822,68477,68487,10
13.0087003708,80.2307815552,68487,68497,10
13.0088596344,80.2296218872,68497,68508,11
13.0090503693,80.2285232544,68508,68518,10
13.0093603134,80.2276611328,68518,68528,10
13.0098199844,80.2266693115,68528,68538,10
13.010219574,80.2258605957,68538,68548,10
13.0105104446,80.2252120972,68548,68558,10
13.0107402802,80.2247009277,68558,68568,10
13.0109100342,80.2241897583,68568,68578,10
13.0109300613,80.2240905762,68578,68588,10
13.0110301971,80.2236404419,68588,68598,10
13.0113801956,80.2230377197,68598,68609,11
13.0116996765,80.2222290039,68609,68619,10
13.0120096207,80.2215194702,68619,68629,10
13.0122995377,80.2214736938,68629,68639,10
13.0126304626,80.2219390869,68639,68649,10
13.0131196976,80.2225036621,68649,68659,10
13.0135202408,80.2229537964,68659,68669,10
13.0139904022,80.2234802246,68669,68679,10
13.0144100189,80.2239837646,68679,68689,10
13.0148000717,80.2243804932,68689,68699,10
13.0150604248,80.2246627808,68699,68710,11
13.0152997971,80.2248764038,68710,68730,20
13.0152997971,80.2248764038,68730,68740,10
13.0155801773,80.2250823975,68740,68750,10
13.0160503387,80.2253875732,68750,68760,10
13.0168304443,80.2252197266,68760,68770,10
13.0174102783,80.2249679565,68770,68780,10
13.0177402496,80.2248306274,68780,68790,10
13.0183897018,80.2245788574,68790,68800,10
13.0192203522,80.2244110107,68800,68811,11
13.0197200775,80.2246170044,68811,68821,10
13.0197200775,80.2246322632,68821,68831,10
13.0198802948,80.2247161865,68831,68841,10
13.0203304291,80.2250366211,68841,68851,10
13.0210199356,80.2255401611,68851,68861,10
13.0217599869,80.2260971069,68861,68871,10
13.0222702026,80.2264785767,68871,68881,10
13.0223903656,80.2265701294,68881,68891,10
13.0224895477,80.2266387939,68891,68901,10
13.0225095749,80.2266616821,68901,68917,16
13.0227403641,80.2268829346,68917,68930,13
13.0234003067,80.2275390625,68930,68940,10
13.0238800049,80.2280197144,68940,68950,10
13.0243501663,80.2285079956,68950,68960,10
13.0246200562,80.2288665771,68960,68970,10
13.0249204636,80.2293167114,68970,68980,10
13.0253896713,80.2299728394,68980,68990,10
13.0256099701,80.2302398682,68990,69021,31
13.0256099701,80.2302398682,69021,69031,10
13.0257196426,80.2304763794,69031,69041,10
13.0258197784,80.23072052,69041,69051,10
13.0258598328,80.2308807373,69051,69061,10
13.0259304047,80.2311019897,69061,69071,10
13.0260696411,80.2315368652,69071,69081,10
13.0262699127,80.2322387695,69081,69091,10
13.0265302658,80.2328796387,69091,69122,31
13.0265302658,80.2328796387,69122,69132,10
13.0266199112,80.2330932617,69132,69142,10
13.0268602371,80.233543396,69142,69152,10
13.0273199081,80.2342910767,69152,69162,10
13.0278301239,80.2352218628,69162,69171,9
13.028380394,80.2359466553,69171,69182,11
13.0290203094,80.236656189,69182,69192,10
13.0295000076,80.2371826172,69192,69202,10
13.029540062,80.2372512817,69202,69212,10
13.0296897888,80.2374801636,69212,69223,11
13.0300703049,80.238067627,69223,69233,10
13.030380249,80.238571167,69233,69243,10
13.0306997299,80.2390823364,69243,69253,10
13.0310897827,80.2397613525,69253,69263,10
13.0314302444,80.2404022217,69263,69273,10
13.0314302444,80.2408599854,69273,69283,10
13.0315799713,80.2411880493,69283,69299,16
13.0319004059,80.241897583,69299,69311,12
13.0324497223,80.2425613403,69311,69320,9
13.0328702927,80.2431488037,69320,69330,10
13.0333003998,80.2437210083,69330,69342,12
13.0338201523,80.2444534302,69342,69352,10
13.0342102051,80.245010376,69352,69362,10
13.0346002579,80.2454833984,69362,69372,10
13.0349702835,80.2458724976,69372,69382,10
13.0353803635,80.2461013794,69382,69433,51
13.0353803635,80.2461013794,69433,69443,10
13.0357198715,80.2461700439,69443,69453,10
13.0358400345,80.2462615967,69453,69463,10
13.0362901688,80.2464370728,69463,69473,10
13.0370502472,80.24659729,69473,69483,10
13.0375900269,80.2464904785,69483,69493,10
13.0382499695,80.2466583252,69493,69503,10
13.0389099121,80.2468566895,69503,69584,81
13.0389099121,80.2468566895,69584,69594,10
13.0391998291,80.2469024658,69594,69604,10
13.0396203995,80.2470092773,69604,69614,10
13.0403795242,80.2471618652,69614,69625,11
13.0414600372,80.2473678589,69625,69635,10
13.04226017,80.2475814819,69635,69645,10
13.0429601669,80.2479095459,69645,69655,10
13.0437803268,80.2480316162,69655,69665,10
13.0444498062,80.2480010986,69665,69675,10
13.0450496674,80.2482376099,69675,69685,10
13.0455799103,80.2484283447,69685,69695,10
13.0463600159,80.2485809326,69695,69705,10
13.0469703674,80.2484588623,69705,69715,10
13.0469903946,80.2484588623,69715,69726,11
13.04708004,80.2484817505,69726,69736,10
13.0473899841,80.2486801147,69736,69746,10
13.0479297638,80.2491836548,69746,69756,10
13.0485601425,80.249710083,69756,69766,10
13.0491695404,80.2497406006,69766,69776,10
13.0494003296,80.2498016357,69776,69786,10
13.0500602722,80.2499237061,69786,69796,10
13.0508499146,80.2500762939,69796,69806,10
13.0515899658,80.2503662109,69806,69816,10
13.052280426,80.2509994507,69816,69827,11
13.0530195236,80.2519989014,69827,69837,10
13.0537004471,80.2529067993,69837,69847,10
13.0543003082,80.2537536621,69847,69857,10
13.0545797348,80.2541427612,69857,69867,10
13.0547800064,80.25440979,69867,69877,10
13.0550098419,80.2546615601,69877,69887,10
13.055270195,80.2549972534,69887,69897,10
13.0554895401,80.2553329468,69897,69907,10
13.0557603836,80.2557067871,69907,69917,10
13.0559396744,80.2559585571,69917,69928,11
13.056139946,80.2561721802,69928,69938,10
13.0563497543,80.2564315796,69938,69948,10
13.0565595627,80.2566680908,69948,69958,10
13.057100296,80.2571487427,69958,69968,10
13.0576000214,80.2575836182,69968,69978,10
13.0578804016,80.2578811646,69978,69988,10
13.0582799911,80.2584228516,69988,69998,10
13.0586795807,80.2589263916,69998,70008,10
13.0590696335,80.2594528198,70008,70018,10
13.0595197678,80.2601089478,70018,70029,11
13.0598497391,80.2603225708,70029,70039,10
13.059920311,80.260383606,70039,70049,10
13.0602302551,80.2606811523,70049,70059,10
13.0605602264,80.2610626221,70059,70069,10
13.0605897903,80.2611236572,70069,70079,10
13.0606002808,80.2611465454,70079,70089,10
13.0608596802,80.2615432739,70089,70099,10
13.0612802505,80.2620010376,70099,70109,10
13.0615596771,80.262336731,70109,70119,10
13.0619401932,80.2628326416,70119,70140,21
13.0619401932,80.2628326416,70140,70150,10
13.0620698929,80.2629470825,70150,70160,10
13.0624303818,80.2634124756,70160,70170,10
13.0628004074,80.2638702393,70170,70180,10
13.0632696152,80.2644882202,70180,70190,10
13.063659668,80.2651290894,70190,70200,10
13.063949585,80.2655792236,70200,70210,10
13.0642900467,80.2660217285,70210,70220,10
13.0643796921,80.2661209106,70220,70231,11
13.0645103455,80.266242981,70231,70240,9
13.0646896362,80.266456604,70240,70251,11
13.0648698807,80.2667312622,70251,70261,10
13.0652503967,80.2670974731,70261,70270,9
13.0656700134,80.2674026489,70270,70281,11
13.0657997131,80.2675704956,70281,70291,10
13.0661697388,80.2681427002,70291,70301,10
13.0663299561,80.2683563232,70301,70311,10
13.0663604736,80.2683868408,70311,70321,10
13.0663995743,80.2684020996,70321,70332,11
13.0666103363,80.2684783936,70332,70342,10
13.0668802261,80.2686386108,70342,70352,10
13.0672502518,80.268913269,70352,70362,10
13.0676603317,80.2691574097,70362,70371,9
13.0680303574,80.2694015503,70371,70382,11
13.0682001114,80.2696914673,70382,70392,10
13.0681400299,80.2704467773,70392,70402,10
13.0680704117,80.2711105347,70402,70412,10
13.0682201385,80.2714996338,70412,70422,10
13.0683202744,80.2716369629,70422,70433,11
13.0685997009,80.2718887329,70433,70443,10
13.0688800812,80.2719802856,70443,70453,10
13.0692300797,80.2722167969,70453,70463,10
13.0696897507,80.2726821899,70463,70473,10
13.0701303482,80.2731781006,70473,70483,10
13.0705099106,80.2736587524,70483,70493,10
13.0708503723,80.274017334,70493,70513,20
13.0708503723,80.274017334,70513,70523,10
13.071149826,80.2741622925,70523,70544,21
13.071149826,80.2741622925,70544,70554,10
13.0714197159,80.2742614746,70554,70564,10
13.0719099045,80.2745437622,70564,70574,10
13.0723896027,80.2750396729,70574,70583,9
13.0728998184,80.2755966187,70583,70594,11
13.0734500885,80.2761917114,70594,70604,10
13.0740499496,80.2763519287,70604,70614,10
13.0747699738,80.2763214111,70614,70624,10
13.0754404068,80.2763137817,70624,70634,10
13.0761203766,80.2762832642,70634,70645,11
13.0763902664,80.2762680054,70645,70665,20
13.0763902664,80.2762680054,70665,70675,10
13.0766000748,80.276260376,70675,70685,10
13.0771503448,80.2761993408,70685,70695,10
13.0778999329,80.2761383057,70695,70705,10
13.0782203674,80.2755432129,70705,70715,10
13.0788002014,80.2751235962,70715,70725,10
13.079750061,80.2753219604,70725,70806,81
13.079750061,80.2753219604,70806,70816,10
13.0799999237,80.2752990723,70816,70826,10
13.0803098679,80.2752685547,70826,70836,10
13.0806999207,80.2752304077,70836,70847,11
13.0811100006,80.2751922607,70847,70937,90
13.0811100006,80.2751922607,70937,70948,11
13.0812397003,80.2751617432,70948,70958,10
13.0816001892,80.275177002,70958,70968,10
13.0818901062,80.2753601074,70968,70978,10
13.0819501877,80.2757263184,70978,71584,606
13.0819501877,80.2757263184,71584,71594,10
13.0818195343,80.2761001587,71594,71604,10
13.0818195343,80.2763824463,71604,71614,10
13.081870079,80.2769622803,71614,71624,10
13.0819196701,80.277633667,71624,71634,10
13.0821399689,80.2780380249,71634,71644,10
13.0826101303,80.2780685425,71644,71655,11
13.0831699371,80.2780914307,71655,71665,10
13.0833597183,80.278137207,71665,71675,10
13.0834598541,80.278503418,71675,71685,10
13.0834102631,80.2790222168,71685,71715,30
13.0834102631,80.2790222168,71715,71725,10
13.0833301544,80.2789916992,71725,71735,10
13.0831403732,80.2789230347,71735,71745,10
13.0830898285,80.2789077759,71745,71756,11
13.0828895569,80.2788467407,71756,71766,10
13.0828800201,80.2788467407,71766,71776,10
13.0825500488,80.278717041,71776,71968,192
13.0825500488,80.278717041,71968,71978,10
13.0823001862,80.2786636353,71978,71988,10
13.0819702148,80.2784194946,71988,71998,10
13.0818901062,80.2779998779,71998,72008,10
13.0818099976,80.2774124146,72008,72069,61
13.0818099976,80.2774124146,72069,72079,10
13.0817604065,80.2770080566,72079,72089,10
13.0817298889,80.2767791748,72089,72099,10
13.0816898346,80.2765731812,72099,72109,10
13.0816602707,80.2763977051,72109,72119,10
13.0816297531,80.2762374878,72119,72129,10
13.0815401077,80.275932312,72129,72139,10
13.0815000534,80.2758026123,72139,72149,10
13.081489563,80.2757568359,72149,72158,9
13.0814599991,80.2755813599,72158,72170,12
13.0814599991,80.2755584717,72170,72180,10
13.0813102722,80.2752304077,72180,72190,10
13.0808897018,80.2752838135,72190,72200,10
13.0804595947,80.2753295898,72200,72210,10
13.0800695419,80.2753677368,72210,72220,10
13.07970047,80.2754135132,72220,72230,10
13.0792102814,80.275352478,72230,72240,10
13.0785703659,80.2752838135,72240,72250,10
13.0781803131,80.2759170532,72250,72260,10
13.0775403976,80.2763137817,72260,72271,11
13.0766801834,80.2763595581,72271,72281,10
13.0759096146,80.2763900757,72281,72291,10
13.0750904083,80.2764129639,72291,72301,10
13.074139595,80.2764587402,72301,72311,10
13.0737800598,80.2764892578,72311,72321,10
13.0733604431,80.2763595581,72321,72331,10
13.0727996826,80.2757263184,72331,72340,9
13.0721998215,80.275100708,72340,72351,11
13.0718603134,80.2747573853,72351,72361,10
13.0713996887,80.274559021,72361,72372,11
13.0707998276,80.2744216919,72372,72392,20
13.0707998276,80.2744216919,72392,72402,10
13.0706396103,80.2742385864,72402,72412,10
13.0704603195,80.2739028931,72412,72422,10
13.0703201294,80.2735671997,72422,72432,10
13.070110321,80.2733001709,72432,72442,10
13.0698404312,80.2729873657,72442,72452,10
13.0694799423,80.2726135254,72452,72462,10
13.0686597824,80.2720031738,72462,72523,61
13.0686597824,80.2720031738,72523,72533,10
13.0683698654,80.2718963623,72533,72543,10
13.0680599213,80.2715072632,72543,72553,10
13.0677995682,80.2711486816,72553,72563,10
13.0673103333,80.2706069946,72563,72574,11
13.0666799545,80.2700119019,72574,72584,10
13.0663700104,80.2694625854,72584,72594,10
13.0662899017,80.268737793,72594,72604,10
13.0659999847,80.2681503296,72604,72614,10
13.0655002594,80.2677536011,72614,72624,10
13.0651597977,80.2676620483,72624,72634,10
13.0648097992,80.267616272,72634,72644,10
13.064209938,80.2675018311,72644,72654,10
13.0636701584,80.2674331665,72654,72664,10
13.0629997253,80.2672805786,72664,72675,11
13.0623998642,80.2667999268,72675,72685,10
13.0618200302,80.2661437988,72685,72695,10
13.0612602234,80.2654724121,72695,72705,10
13.0607995987,80.2652893066,72705,72715,10
13.0605897903,80.26537323,72715,72725,10
13.0604496002,80.2654418945,72725,72735,10
13.0599803925,80.2656173706,72735,72744,9
13.0593004227,80.2656173706,72744,72755,11
13.0587997437,80.2655563354,72755,72764,9
13.0585803986,80.2655029297,72764,72776,12
13.0580596924,80.2649993896,72776,72786,10
13.0579500198,80.2642974854,72786,72796,10
13.0578403473,80.2636032104,72796,72806,10
13.0577402115,80.2627410889,72806,72816,10
13.0576095581,80.2619400024,72816,72826,10
13.0574998856,80.2612991333,72826,72836,10
13.0574197769,80.2607574463,72836,72846,10
13.0571603775,80.2598724365,72846,72856,10
13.0569601059,80.2592391968,72856,72866,10
13.05671978,80.2584991455,72866,72877,11
13.0565900803,80.2578125,72877,72887,10
13.0564603806,80.2573623657,72887,72897,10
13.056429863,80.2573013306,72897,72907,10
13.0563602448,80.2571563721,72907,72917,10
13.0562400818,80.2566375732,72917,72927,10
13.0559196472,80.2560806274,72927,72936,9
13.0554304123,80.2553710938,72936,72946,10
13.0547599792,80.2544403076,72946,72957,11
13.0539598465,80.2534332275,72957,72967,10
13.053440094,80.2527084351,72967,72978,11
13.0528802872,80.2519226074,72978,72988,10
13.0523300171,80.2511978149,72988,72998,10
13.0517101288,80.2505264282,72998,73008,10
13.0510101318,80.2501831055,73008,73018,10
13.0504198074,80.2500534058,73018,73028,10
13.0497503281,80.2499084473,73028,73038,10
13.0489501953,80.2498474121,73038,73048,10
13.0483703613,80.2496566772,73048,73058,10
13.0477399826,80.2491836548,73058,73068,10
13.0469398499,80.2487106323,73068,73099,31
13.0469398499,80.2487106323,73099,73109,10
13.0465297699,80.2486572266,73109,73119,10
13.0458402634,80.2485275269,73119,73129,10
13.0451898575,80.2482681274,73129,73139,10
13.0444803238,80.2481384277,73139,73149,10
13.0437602997,80.2480316162,73149,73159,10
13.0430698395,80.2479400635,73159,73169,10
13.0425100327,80.2478027344,73169,73180,11
13.0419797897,80.2476425171,73180,73190,10
13.0417804718,80.2475967407,73190,73200,10
13.0411500931,80.2474594116,73200,73210,10
13.0404596329,80.2473678589,73210,73220,10
13.0400104523,80.2472763062,73220,73230,10
13.0396003723,80.247177124,73230,73240,10
13.0391302109,80.2470703125,73240,73250,10
13.0386800766,80.2469711304,73250,73260,10
13.0380296707,80.2468795776,73260,73270,10
13.0372400284,80.2467193604,73270,73281,11
13.036529541,80.2466125488,73281,73291,10
13.0359296799,80.2464370728,73291,73301,10
13.0354995728,80.2462387085,73301,73311,10
13.035320282,80.2461624146,73311,73321,10
13.0348596573,80.2458190918,73321,73331,10
13.0344495773,80.2453308105,73331,73341,10
13.0340003967,80.2448272705,73341,73351,10
13.0334396362,80.2441329956,73351,73361,10
13.0327196121,80.243270874,73361,73371,10
13.0323600769,80.2426681519,73371,73432,61
13.0322904587,80.2425918579,73432,73541,109
13.0322904587,80.2425918579,73541,73551,10
13.0320501328,80.2423324585,73551,73561,10
13.0319004059,80.2420883179,73561,73571,10
13.0317001343,80.2415618896,73571,73580,9
13.0314502716,80.2409973145,73580,73592,12
13.0310497284,80.2400665283,73592,73682,90
13.0310497284,80.2400665283,73682,73693,11
13.03083992,80.2397003174,73693,73703,10
13.0304498672,80.2389602661,73703,73713,10
13.0298900604,80.2379379272,73713,73723,10
13.0291004181,80.2368927002,73723,73733,10
13.0282201767,80.2359466553,73733,73743,10
13.027469635,80.2348403931,73743,73753,10
13.026550293,80.2333831787,73753,73773,20
13.026550293,80.2333831787,73773,73783,10
13.0263395309,80.2330169678,73783,73794,11
13.0261201859,80.2323379517,73794,73804,10
13.0259399414,80.2315979004,73804,73814,10
13.0256204605,80.2305603027,73814,73824,10
13.0249004364,80.2294998169,73824,73840,16
13.0240497589,80.2284088135,73840,73852,12
13.0236101151,80.227897644,73852,73862,10
13.0231704712,80.2275009155,73862,73892,30
13.0231704712,80.2275009155,73892,73903,11
13.0229101181,80.2272415161,73903,73913,10
13.0224504471,80.2267990112,73913,73923,10
13.0217599869,80.2261810303,73923,73932,9
13.021030426,80.2256393433,73932,73943,11
13.0203800201,80.2251968384,73943,73953,10
13.02023983,80.2251281738,73953,73962,9
13.0198802948,80.2248764038,73962,73972,10
13.0191602707,80.2245483398,73972,73983,11
13.0181703568,80.2248001099,73983,73993,10
13.0172796249,80.2251663208,73993,74004,11
13.0165996552,80.2254562378,74004,74014,10
13.0164003372,80.2255401611,74014,74024,10
13.0162000656,80.2256011963,74024,74034,10
13.0156803131,80.2257614136,74034,74044,10
13.0152301788,80.2259597778,74044,74054,10
13.0146598816,80.2261886597,74054,74094,40
13.0143995285,80.2262802124,74094,74115,21
13.0143995285,80.2262802124,74115,74125,10
13.0142002106,80.2263183594,74125,74135,10
13.0135297775,80.2265777588,74135,74145,10
13.0125398636,80.2269897461,74145,74155,10
13.0114097595,80.227432251,74155,74165,10
13.010140419,80.2279434204,74165,74175,10
13.0090904236,80.2285614014,74175,74185,10
13.0088396072,80.2296829224,74185,74195,10
13.0086097717,80.2309112549,74195,74206,11
13.0083503723,80.2323608398,74206,74216,10
13.0082302094,80.2333602905,74216,74226,10
13.0082197189,80.2335586548,74226,74235,9
13.0082101822,80.2337036133,74235,74246,11
13.0080795288,80.2341918945,74246,74256,10
13.0079097748,80.234992981,74256,74266,10
13.0077495575,80.2356872559,74266,74276,10
13.0075798035,80.2365264893,74276,74286,10
13.0073795319,80.2375488281,74286,74296,10
13.0072202682,80.2384109497,74296,74307,11
13.0070295334,80.2393493652,74307,74316,9
13.0069303513,80.2398910522,74316,74458,142
13.0069303513,80.2398910522,74458,74468,10
13.006939888,80.2400970459,74468,74478,10
13.0068798065,80.2404937744,74478,74488,10
13.0067901611,80.2409286499,74488,74498,10
13.0066995621,80.2416229248,74498,74509,11
13.0066900253,80.2426376343,74509,74519,10
13.0067195892,80.2432022095,74519,74529,10
13.0067195892,80.243522644,74529,74539,10
13.0067195892,80.2439193726,74539,74549,10
13.0066795349,80.2444534302,74549,74559,10
13.0066795349,80.2448577881,74559,74569,10
13.0066900253,80.245262146,74569,74579,10
13.0067195892,80.2457122803,74579,74599,20
13.0067396164,80.2459335327,74599,74620,21
13.0067396164,80.2459335327,74620,74630,10
13.0067396164,80.2461776733,74630,74640,10
13.006770134,80.2465896606,74640,74650,10
13.0067195892,80.2471618652,74650,74660,10
13.0062503815,80.2474212646,74660,74680,20
13.0062503815,80.2474212646,74680,74690,10
13.0059099197,80.2474365234,74690,74700,10
13.0051803589,80.247428894,74700,74711,11
13.0041303635,80.2474975586,74711,74720,9
13.0032596588,80.2476196289,74720,74731,11
13.0018396378,80.2479171753,74731,74741,10
13.0005702972,80.2482223511,74741,74751,10
12.9993000031,80.248550415,74751,74761,10
12.9981098175,80.2488479614,74761,74771,10
12.9968996048,80.2491378784,74771,74781,10
12.9956502914,80.249458313,74781,74791,10
12.9943704605,80.2498016357,74791,74801,10
12.9930400848,80.2501220703,74801,74812,11
12.991900444,80.2504425049,74812,74822,10
12.9913101196,80.2506103516,74822,75264,442
12.9913101196,80.2506103516,75264,75274,10
12.9907598495,80.2507781982,75274,75284,10
12.9903202057,80.2509002686,75284,75294,10
12.989780426,80.2510070801,75294,75304,10
12.9894199371,80.251083374,75304,75314,10
12.9891500473,80.2511367798,75314,75325,11
12.9889202118,80.2511672974,75325,75335,10
12.9886302948,80.2512435913,75335,75345,10
12.9882001877,80.2514038086,75345,75355,10
12.9878797531,80.2514801025,75355,75365,10
12.9877099991,80.2515335083,75365,75375,10
12.9874801636,80.2515792847,75375,75385,10
12.9871196747,80.2516937256,75385,75395,10
12.9866695404,80.2518234253,75395,75405,10
12.9861402512,80.2519226074,75405,75415,10
12.985159874,80.2521820068,75415,75426,11
12.9839801788,80.2524871826,75426,75436,10
12.9831399918,80.2526397705,75436,75446,10
12.9821796417,80.2527313232,75446,75456,10
12.9815797806,80.2527389526,75456,75466,10
12.9812402725,80.2527618408,75466,75476,10
12.981010437,80.2527770996,75476,75486,10
12.9807796478,80.2527999878,75486,75516,30
12.9807796478,80.2527999878,75516,75527,11
12.9804897308,80.252822876,75527,75537,10
12.9802703857,80.2528305054,75537,75547,10
12.9798603058,80.2528381348,75547,75563,16
12.9791402817,80.252746582,75563,75575,12
12.9788398743,80.2527084351,75575,75583,8
12.9786701202,80.2526626587,75583,75595,12
12.9780197144,80.2522506714,75595,75605,10
12.9773302078,80.251663208,75605,75615,10
12.9764699936,80.2513275146,75615,75626,11
12.9756603241,80.2510986328,75626,75636,10
12.9748296738,80.2508468628,75636,75646,10
12.9738798141,80.2506027222,75646,75656,10
12.9730701447,80.2503814697,75656,75666,10
12.972530365,80.2502212524,75666,75676,10
12.9718799591,80.250038147,75676,75686,10
12.9709796906,80.2498168945,75686,75696,10
12.9699802399,80.24949646,75696,75706,10
12.9691295624,80.2491607666,75706,75716,10
12.9683103561,80.2488327026,75716,75738,22
12.967209816,80.2483825684,75738,75750,12
12.9668197632,80.2481689453,75750,75760,10
12.9665603638,80.2480316162,75760,75770,10
12.965880394,80.2477264404,75770,75780,10
12.9653100967,80.2475204468,75780,75790,10
12.9652795792,80.2475204468,75790,75800,10
12.964969635,80.2474212646,75800,75810,10
12.9643096924,80.247177124,75810,75820,10
12.9637002945,80.2469100952,75820,75830,10
12.963060379,80.2465896606,75830,75840,10
12.9621095657,80.2461776733,75840,75851,11
12.9609498978,80.2455978394,75851,75861,10
12.9600200653,80.2451629639,75861,75871,10
12.9595403671,80.2449798584,75871,75881,10
12.9594802856,80.2449417114,75881,75891,10
12.959280014,80.2448501587,75891,75901,10
12.9588804245,80.2446517944,75901,75911,10
12.9582099915,80.2443695068,75911,75921,10
12.9577198029,80.244178772,75921,75932,11
12.9570398331,80.2439804077,75932,75942,10
12.9569997787,80.2439575195,75942,75952,10
12.956700325,80.2438964844,75952,76022,70
12.956700325,80.2438964844,76022,76033,11
12.9563503265,80.2437820435,76033,76043,10
12.9560203552,80.2436065674,76043,76053,10
12.9554195404,80.2432937622,76053,76063,10
12.9549503326,80.243057251,76063,76073,10
12.9541397095,80.2427062988,76073,76083,10
12.9533004761,80.2423400879,76083,76093,10
12.9523696899,80.2419815063,76093,76103,10
12.9519500732,80.2418518066,76103,76113,10
12.9516897202,80.2417831421,76113,76123,10
12.9512500763,80.2416229248,76123,76134,11
12.9504203796,80.2413406372,76134,76144,10
12.9498500824,80.2411727905,76144,76154,10
12.9497203827,80.2411193848,76154,76164,10
12.9496202469,80.2410812378,76164,76174,10
12.9493398666,80.2409820557,76174,76184,10
12.9491100311,80.2409133911,76184,76194,10
12.9486598969,80.2407073975,76194,76204,10
12.9478397369,80.2403488159,76204,76214,10
12.9468202591,80.2399215698,76214,76224,10
12.9457197189,80.2394485474,76224,76235,11
12.9446401596,80.2385787964,76235,76245,10
12.9437303543,80.2376022339,76245,76255,10
12.9427099228,80.2367477417,76255,76265,10
12.9414196014,80.2363510132,76265,76275,10
12.9404001236,80.2360992432,76275,76285,10
12.9397296906,80.2358703613,76285,76295,10
12.9396696091,80.2358398438,76295,76305,10
12.9393196106,80.2356796265,76305,76315,10
12.9386396408,80.2353134155,76315,76325,10
12.9377098083,80.2348403931,76325,76336,11
12.9365797043,80.2342834473,76336,76346,10
12.9356203079,80.2338104248,76346,76356,10
12.934630394,80.2333602905,76356,76366,10
12.9339799881,80.2331008911,76366,76376,10
12.9339399338,80.2330932617,76376,76386,10
12.9335403442,80.2328720093,76386,76402,16
12.932220459,80.2323226929,76402,76414,12
12.9308300018,80.231880188,76414,76422,8
12.9298601151,80.2316207886,76422,76434,12
12.9286203384,80.2313995361,76434,76445,11
12.927359581,80.2312088013,76445,76454,9
12.9261798859,80.2310562134,76454,76465,11
12.9246797562,80.2308883667,76465,76475,10
12.92345047,80.2307281494,76475,76485,10
12.9219102859,80.2305221558,76485,76495,10
12.9204397202,80.2303237915,76495,76505,10
12.9189500809,80.230140686,76505,76515,10
12.9175100327,80.2299194336,76515,76525,10
12.9161300659,80.2297210693,76525,76536,11
12.9147796631,80.2295303345,76536,76546,10
12.9137802124,80.2294082642,76546,76556,10
12.9133796692,80.2294006348,76556,76566,10
12.9132099152,80.2293701172,76566,76576,10
12.912610054,80.2292633057,76576,76586,10
12.9117002487,80.2291107178,76586,76596,10
12.9105701447,80.2289428711,76596,76605,9
12.9094800949,80.2287597656,76605,76615,10
12.9083499908,80.2285766602,76615,76626,11
12.9078102112,80.2285003662,76626,76637,11
12.9076700211,80.2284698486,76637,76647,10
12.9071598053,80.2284011841,76647,76657,10
12.9066495895,80.2283401489,76657,76667,10
12.9061603546,80.228302002,76667,76677,10
12.9055500031,80.2282562256,76677,76687,10
12.9047603607,80.2282333374,76687,76697,10
12.9041795731,80.2282028198,76697,76707,10
12.9034404755,80.2281570435,76707,76717,10
12.9025201797,80.2281188965,76717,76727,10
12.901720047,80.2280807495,76727,76738,11
12.9013004303,80.2280578613,76738,76879,141
12.9013004303,80.2280578613,76879,76889,10
12.9008798599,80.2280578613,76889,76899,10
12.9004201889,80.2279968262,76899,76909,10
12.8997297287,80.2279281616,76909,76919,10
12.8992395401,80.2279205322,76919,76929,10
12.8986597061,80.2278823853,76929,76939,10
12.8977203369,80.2278213501,76939,76950,11
12.8964996338,80.2277603149,76950,76960,10
12.8952598572,80.2277069092,76960,76970,10
12.8939504623,80.2276382446,76970,76980,10
12.8927202225,80.2274932861,76980,76990,10
12.8914604187,80.2273864746,76990,77000,10
12.890080452,80.2273864746,77000,77010,10
12.8887901306,80.2274093628,77010,77020,10
12.8875398636,80.2272872925,77020,77030,10
12.8862199783,80.2270126343,77030,77040,10
12.8851299286,80.2267837524,77040,77051,11
12.8847503662,80.2267684937,77051,77061,10
12.8846302032,80.2267684937,77061,77071,10
12.8840904236,80.2267608643,77071,77087,16
12.8826198578,80.2267913818,77087,77099,12
12.881310463,80.2267990112,77099,77109,10
12.8803701401,80.2268218994,77109,77119,10
12.8789901733,80.2268371582,77119,77129,10
12.8776397705,80.2269363403,77129,77139,10
12.8767004013,80.2270278931,77139,77150,11
12.8763799667,80.2270584106,77150,77160,10
12.8759403229,80.2270584106,77160,77170,10
12.8751602173,80.2269897461,77170,77179,9
12.8742399216,80.2268676758,77179,77190,11
12.8732500076,80.2267608643,77190,77200,10
12.8722696304,80.2267608643,77200,77210,10
12.8711395264,80.2267227173,77210,77220,10
12.8698196411,80.2266082764,77220,77230,10
12.8683900833,80.2264633179,77230,77240,10
12.8670196533,80.2265625,77240,77251,11
12.8656396866,80.2266464233,77251,77261,10
12.864279747,80.2266235352,77261,77271,10
12.8628702164,80.2265930176,77271,77281,10
12.861579895,80.2266693115,77281,77291,10
12.8609104156,80.2266616821,77291,77301,10
12.8606996536,80.2266464233,77301,77317,16
12.8595104218,80.2264785767,77317,77329,12
12.8585596085,80.2263412476,77329,77336,7
12.8578596115,80.2263031006,77336,77349,13
12.8563699722,80.2264175415,77349,77360,11
12.8549604416,80.2265701294,77360,77370,10
12.8535604477,80.2267227173,77370,77380,10
12.852060318,80.2267227173,77380,77390,10
12.8505096436,80.2266616821,77390,77400,10
12.8493404388,80.2266464233,77400,77410,10
12.8479099274,80.2266693115,77410,77420,10
12.8466501236,80.2266998291,77420,77430,10
12.8456401825,80.2266769409,77430,77461,31
12.8456401825,80.2266769409,77461,77471,10
12.8452796936,80.2266616821,77471,77480,9
12.8445596695,80.2267227173,77480,77491,11
12.8435001373,80.2268371582,77491,77501,10
12.84237957,80.2270431519,77501,77511,10
12.8411502838,80.2273635864,77511,77520,9
12.8403100967,80.2276000977,77520,77531,11
12.8397598267,80.2277526855,77531,77562,31
12.8397598267,80.2277526855,77562,77572,10
12.8394804001,80.2278671265,77572,77582,10
12.8388204575,80.2280197144,77582,77592,10
12.8378896713,80.2282409668,77592,77602,10
12.8367595673,80.2284317017,77602,77612,10
12.8355102539,80.2286071777,77612,77622,10
12.8341503143,80.2288284302,77622,77632,10
12.832909584,80.229057312,77632,77642,10
12.8323001862,80.2291793823,77642,77652,10
12.8322496414,80.2292022705,77652,77663,11
12.8319196701,80.2292709351,77663,77673,10
12.8312501907,80.2294311523,77673,77683,10
12.8304195404,80.2297210693,77683,77693,10
12.8294095993,80.2301330566,77693,77711,18
12.8274698257,80.2311325073,77711,77723,12
12.8261604309,80.2314224243,77723,77733,10
12.8248796463,80.2314605713,77733,77743,10
12.8236999512,80.2311782837,77743,77753,10
12.8225402832,80.2308197021,77753,77764,11
12.8213396072,80.2305374146,77764,77774,10
12.8203201294,80.2305526733,77774,77783,9
12.8194799423,80.2305831909,77783,77794,11
12.8189201355,80.2305603027,77794,77804,10
12.818810463,80.2305221558,77804,77814,10
12.8183097839,80.2302703857,77814,77824,10
12.8174200058,80.2298583984,77824,77834,10
12.8162603378,80.2295227051,77834,77844,10
12.8149404526,80.2293167114,77844,77854,10
12.8135700226,80.2290267944,77854,77865,11
12.8121099472,80.2285232544,77865,77875,10
12.8107995987,80.2280426025,77875,77885,10
12.8095798492,80.2275238037,77885,77895,10
12.8084201813,80.2266769409,77895,77905,10
12.8073196411,80.2257385254,77905,77915,10
12.8065099716,80.2250137329,77915,77925,10
12.8058099747,80.2243804932,77925,77935,10
12.8052101135,80.224067688,77935,77945,10
12.8050203323,80.2240524292,77945,77955,10
12.804980278,80.2240600586,77955,77966,11
12.8045196533,80.2239608765,77966,77976,10
12.8038396835,80.2239227295,77976,77986,10
12.8030004501,80.2238464355,77986,77996,10
12.8019399643,80.2237167358,77996,78006,10
12.8010797501,80.2236480713,78006,78016,10
12.8009300232,80.2236480713,78016,78026,10
12.8007001877,80.2236099243,78026,78036,10
12.8000402451,80.2235107422,78036,78046,10
12.799079895,80.2234420776,78046,78056,10
12.7978801727,80.2233123779,78056,78067,11
12.7966003418,80.2230911255,78067,78077,10
12.7957897186,80.2229766846,78077,78088,11
12.7954797745,80.2229232788,78088,78098,10
12.7948598862,80.2228088379,78098,78108,10
12.7940196991,80.22265625,78108,78118,10
12.7929496765,80.2225036621,78118,78128,10
12.7918395996,80.2222671509,78128,78138,10
12.7907800674,80.2220077515,78138,78148,10
12.7897500992,80.2217483521,78148,78158,10
12.7888803482,80.2214279175,78158,78169,11
12.7878704071,80.2210388184,78169,78179,10
12.7870502472,80.220741272,78179,78189,10
12.7866201401,80.2205505371,78189,78238,49
12.7863998413,80.220451355,78238,78290,52
12.7863998413,80.220451355,78290,78300,10
12.7861795425,80.2206420898,78300,78310,10
12.7861795425,80.220993042,78310,78319,9
12.786190033,80.2213821411,78319,78329,10
12.7861700058,80.2219085693,78329,78552,223
12.7861700058,80.2219085693,78552,78562,10
12.7861995697,80.221786499,78562,78573,11
12.7861995697,80.2215194702,78573,78583,10
12.7861995697,80.2212219238,78583,78593,10
12.7861700058,80.2207183838,78593,78603,10
12.7862195969,80.2203979492,78603,78613,10
12.7863798141,80.2203903198,78613,78623,10
12.7864999771,80.220451355,78623,78633,10
12.7866802216,80.2205429077,78633,78643,10
12.7871799469,80.2207336426,78643,78653,10
12.7876796722,80.220916748,78653,78663,10
12.7881002426,80.2210769653,78663,78674,11
12.7888202667,80.2213516235,78674,78684,10
12.7894897461,80.2215881348,78684,78693,9
12.7899999619,80.2217407227,78693,78704,11
12.7908296585,80.2219467163,78704,78714,10
12.7918596268,80.2221984863,78714,78724,10
12.7926998138,80.2223815918,78724,78734,10
12.7937498093,80.2225265503,78734,78744,10
12.7948799133,80.2227096558,78744,78754,10
12.7959699631,80.22290802,78754,78764,10
12.7964696884,80.2229690552,78764,78775,11
12.7967996597,80.2230377197,78775,78784,9
12.7974395752,80.2231674194,78784,78795,11
12.798500061,80.2232971191,78795,78805,10
12.7996397018,80.2233963013,78805,78815,10
12.8008298874,80.2235107422,78815,78825,10
12.8015804291,80.2235870361,78825,78835,10
12.8018598557,80.2236175537,78835,78845,10
12.8025503159,80.2237167358,78845,78855,10
12.8034696579,80.2238311768,78855,78865,10
12.8044300079,80.2238998413,78865,78876,11
12.8052597046,80.2240371704,78876,78886,10
12.8059501648,80.2244415283,78886,78896,10
12.806599617,80.2250289917,78896,78906,10
12.8073596954,80.2257080078,78906,78916,10
12.8082399368,80.2264633179,78916,78926,10
12.809129715,80.227180481,78926,78936,10
12.8100004196,80.2276306152,78936,78946,10
12.8109903336,80.2280502319,78946,78956,10
12.8120803833,80.2284393311,78956,78966,10
12.8130903244,80.2287597656,78966,78977,11
12.8144197464,80.2291717529,78977,78987,10
12.8158597946,80.2293930054,78987,78997,10
12.8173904419,80.2297286987,78997,79008,11
12.8186998367,80.2303390503,79008,79018,10
12.8200502396,80.23046875,79018,79028,10
12.8214597702,80.2304763794,79028,79038,10
12.8229103088,80.2308273315,79038,79048,10
12.8243398666,80.2312164307,79048,79058,10
12.8254699707,80.2313766479,79058,79068,10
12.8267498016,80.2312774658,79068,79079,11
12.8280601501,80.2307128906,79079,79089,10
12.8292198181,80.2301025391,79089,79099,10
12.8302698135,80.2296676636,79099,79109,10
12.8309898376,80.2293624878,79109,79125,16
12.831580162,80.2291717529,79125,79137,12
12.8325796127,80.2289505005,79137,79147,10
12.833439827,80.2287826538,79147,79156,9
12.834810257,80.228553772,79156,79168,12
12.8364601135,80.2283096313,79168,79178,10
12.8377504349,80.2280883789,79178,79189,11
12.8389101028,80.2278137207,79189,79199,10
12.8394699097,80.2276535034,79199,79229,30
12.8394699097,80.2276535034,79229,79239,10
12.8398895264,80.2275238037,79239,79262,23
12.8419799805,80.2269821167,79262,79274,12
12.8433799744,80.2267227173,79274,79283,9
12.8444299698,80.2265777588,79283,79294,11
12.8452997208,80.2265014648,79294,79305,11
12.845459938,80.2264862061,79305,79315,10
12.8458499908,80.2264862061,79315,79325,10
12.8463497162,80.2264862061,79325,79335,10
12.8471603394,80.2265090942,79335,79345,10
12.8481302261,80.2265167236,79345,79355,10
12.8491697311,80.2265167236,79355,79365,10
12.850569725,80.2265319824,79365,79375,10
12.8519802094,80.2265777588,79375,79386,11
12.8536396027,80.2265930176,79386,79396,10
12.8551797867,80.2264328003,79396,79406,10
12.8567199707,80.2262573242,79406,79416,10
12.8578996658,80.2261581421,79416,79426,10
12.8583498001,80.2261505127,79426,79436,10
12.8590202332,80.2262115479,79436,79446,10
12.8599796295,80.2263565063,79446,79456,10
12.8611402512,80.2264785767,79456,79466,10
12.8624401093,80.2264404297,79466,79476,10
12.8638696671,80.2264404297,79476,79487,11
12.865480423,80.2265090942,79487,79497,10
12.8668498993,80.2264175415,79497,79507,10
12.8680696487,80.2263031006,79507,79517,10
12.86921978,80.2263565063,79517,79527,10
12.8704099655,80.2265014648,79527,79537,10
12.8716201782,80.2265777588,79537,79547,10
12.8725996017,80.2265777588,79547,79557,10
12.8735799789,80.2266311646,79557,79567,10
12.8747196198,80.2267608643,79567,79577,10
12.8758401871,80.226852417,79577,79588,11
12.8765296936,80.2268295288,79588,79598,10
12.8767795563,80.2268218994,79598,79608,10
12.8773803711,80.2267837524,79608,79618,10
12.8783502579,80.2266998291,79618,79628,10
12.8794698715,80.2266387939,79628,79638,10
12.880689621,80.2266387939,79638,79648,10
12.8819599152,80.2266311646,79648,79658,10
12.8832998276,80.2266235352,79658,79668,10
12.8845396042,80.2265777588,79668,79678,10
12.8856601715,80.2266998291,79678,79689,11
12.8870096207,80.2270584106,79689,79699,10
12.8883199692,80.2272415161,79699,79709,10
12.8896799088,80.2272720337,79709,79719,10
12.8910799026,80.2272720337,79719,79729,10
12.8923997879,80.2272872925,79729,79739,10
12.8936300278,80.2274169922,79739,79749,10
12.8947696686,80.2275238037,79749,79759,10
12.8959798813,80.2275619507,79759,79769,10
12.8972501755,80.2276229858,79769,79779,10
12.8984899521,80.2276992798,79779,79790,11
12.8996200562,80.2277679443,79790,79800,10
12.9006900787,80.2278137207,79800,79810,10
12.9016895294,80.2278823853,79810,79820,10
12.9025201797,80.2279205322,79820,79830,10
12.9034795761,80.2279663086,79830,79840,10
12.904540062,80.2280273438,79840,79850,10
12.9056596756,80.2280807495,79850,79860,10
12.9064903259,80.2281494141,79860,79870,10
12.9073801041,80.2282562256,79870,79880,10
12.9085597992,80.2284393311,79880,79891,11
12.9100399017,80.2286911011,79891,79901,10
12.9113903046,80.2288970947,79901,79917,16
12.9134197235,80.2291870117,79917,79929,12
12.9149599075,80.2294006348,79929,79937,8
12.9159803391,80.2295379639,79937,79949,12
12.9173603058,80.2297286987,79949,79958,9
12.9186296463,80.2299118042,79958,79969,11
12.9200496674,80.2301025391,79969,79979,10
12.9213199615,80.2302627563,79979,79989,10
12.9225997925,80.2304534912,79989,79999,10
12.9238300323,80.2306289673,79999,80010,11
12.9251203537,80.2307815552,80010,80020,10
12.9262800217,80.2309188843,80020,80029,9
12.9271802902,80.2310180664,80029,80040,11
12.9285497665,80.2312011719,80040,80050,10
12.9296998978,80.2314224243,80050,80060,10
12.9308395386,80.2317123413,80060,80070,10
12.9318599701,80.2320404053,80070,80080,10
12.9330301285,80.2324295044,80080,80091,11
12.9336996078,80.2326965332,80091,80101,10
12.9338102341,80.2327423096,80101,80111,10
12.9342699051,80.232963562,80111,80121,10
12.9351596832,80.2333602905,80121,80131,10
12.9360799789,80.2338027954,80131,80141,10
12.9371099472,80.2342834473,80141,80151,10
12.9382896423,80.2348632813,80151,80161,10
12.9397497177,80.2355880737,80161,80181,20
12.9397497177,80.2355880737,80181,80192,11
12.9399499893,80.2356872559,80192,80202,10
12.9404096603,80.2358322144,80202,80212,10
12.9412603378,80.236038208,80212,80222,10
12.9423599243,80.236328125,80222,80232,10
12.9434099197,80.2369918823,80232,80242,10
12.9443397522,80.2379989624,80242,80252,10
12.945309639,80.2390365601,80252,80262,10
12.9466495514,80.239692688,80262,80272,10
12.9479904175,80.2402267456,80272,80282,10
12.9487495422,80.2405166626,80282,80303,21
12.9487495422,80.2405166626,80303,80313,10
12.9491300583,80.2406768799,80313,80323,10
12.9497203827,80.2408828735,80323,80333,10
12.9505195618,80.2411193848,80333,80343,10
12.9514398575,80.2414169312,80343,80352,9
12.9523801804,80.2417602539,80352,80363,11
12.9535503387,80.2422332764,80363,80373,10
12.9547700882,80.2427215576,80373,80382,9
12.9553003311,80.2429428101,80382,80393,11
12.9562597275,80.2433624268,80393,80424,31
12.9562597275,80.2433624268,80424,80434,10
12.956489563,80.2434082031,80434,80444,10
12.9570598602,80.2436599731,80444,80454,10
12.9579401016,80.2440185547,80454,80464,10
12.9587802887,80.2443466187,80464,80474,10
12.9597396851,80.2447662354,80474,80484,10
12.9607400894,80.2452316284,80484,80494,10
12.9617500305,80.2457199097,80494,80505,11
12.9627199173,80.2462005615,80505,80515,10
12.9633998871,80.2464828491,80515,80575,60
12.9633998871,80.2464828491,80575,80585,10
12.9635400772,80.2465896606,80585,80595,10
12.9640302658,80.2467803955,80595,80606,11
12.9649095535,80.2470779419,80606,80616,10
12.965760231,80.2473678589,80616,80626,10
12.9664201736,80.2476425171,80626,80636,10
12.9665203094,80.2477035522,80636,80646,10
12.9666795731,80.2478027344,80646,80656,10
12.9671497345,80.2480316162,80656,80666,10
12.9679698944,80.2484130859,80666,80676,10
12.9690704346,80.2488174438,80676,80686,10
12.9702796936,80.2492828369,80686,80696,10
12.9716501236,80.2497024536,80696,80707,11
12.9731502533,80.2501220703,80707,80717,10
12.9742898941,80.2504425049,80717,80727,10
12.9755601883,80.2508087158,80727,80737,10
12.9768800735,80.2511978149,80737,80747,10
12.9778995514,80.2518234253,80747,80757,10
12.9786300659,80.2523193359,80757,80777,20
12.9786300659,80.2523193359,80777,80787,10
12.9788799286,80.2524185181,80787,80818,31
12.9788799286,80.2524185181,80818,80828,10
12.9793395996,80.2525024414,80828,80888,60
12.9793395996,80.2525024414,80888,80898,10
12.9795999527,80.2525100708,80898,80915,17
12.9797000885,80.2525634766,80915,80927,12
12.9802103043,80.252571106,80927,80967,40
12.9802103043,80.252571106,80967,80977,10
12.9806003571,80.2525405884,80977,81007,30
12.9806003571,80.2525405884,81007,81017,10
12.9810800552,80.252532959,81017,81087,70
12.9810800552,80.252532959,81087,81098,11
12.9814500809,80.2525100708,81098,81110,12
12.9818696976,80.2525024414,81110,81120,10
12.9819602966,80.2525024414,81120,81231,111
12.9819602966,80.2525024414,81231,81241,10
12.9824399948,80.2524490356,81241,81251,10
12.9830598831,80.2524032593,81251,81342,91
12.9830598831,80.2524032593,81342,81352,10
12.9833498001,80.2524185181,81352,81362,10
12.9837799072,80.2523193359,81362,81372,10
12.9840097427,80.2522583008,81372,81382,10
12.9842700958,80.2521972656,81382,81473,91
12.9842700958,80.2521972656,81473,81483,10
12.9845104218,80.2521133423,81483,81493,10
12.9851799011,80.2519378662,81493,81604,111
12.9851799011,80.2519378662,81604,81615,11
12.985619545,80.2518310547,81615,81625,10
12.9859600067,80.2517318726,81625,81635,10
12.9862604141,80.251663208,81635,81655,20
12.9864301682,80.2516403198,81655,81716,61
12.9864301682,80.2516403198,81716,81726,10
12.9865999222,80.2515792847,81726,81736,10
12.987039566,80.2514724731,81736,81746,10
12.9875297546,80.2513275146,81746,81837,91
12.9875297546,80.2513275146,81837,81847,10
12.9878196716,80.2512817383,81847,81857,10
12.9883804321,80.2511291504,81857,81867,10
12.9894199371,80.250869751,81867,81877,10
12.9904403687,80.2506332397,81877,81887,10
12.9921197891,80.250213623,81887,81897,10
12.9936599731,80.2498168945,81897,81907,10
12.9952297211,80.249420166,81907,81918,11
12.9969997406,80.2489700317,81918,81927,9
12.9984397888,80.2486190796,81927,81938,11
13.0000896454,80.2482070923,81938,81948,10
13.001540184,80.2478637695,81948,81958,10
13.0025501251,80.2475967407,81958,81968,10
13.004119873,80.2473373413,81968,81978,10
13.0052995682,80.247177124,81978,81988,10
13.0061903,80.2468719482,81988,81998,10
13.0065202713,80.2463989258,81998,82008,10
13.0065803528,80.2462310791,82008,82019,11
13.0066099167,80.2456207275,82019,82029,10
13.0066299438,80.2448425293,82029,82039,10
13.0066099167,80.2438964844,82039,82049,10
13.0066299438,80.243057251,82049,82059,10
13.0066204071,80.2420578003,82059,82075,16
13.0066795349,80.2408218384,82075,82087,12
13.006819725,80.2401123047,82087,82096,9
13.0069303513,80.2394790649,82096,82107,11
13.007060051,80.2385177612,82107,82117,10
13.0073003769,80.2375564575,82117,82128,11
13.007399559,80.236831665,82128,82138,10
13.0074796677,80.236541748,82138,82148,10
13.0076398849,80.2358016968,82148,82158,10
13.0078496933,80.2348022461,82158,82168,10
13.008099556,80.2335662842,82168,82178,10
13.0083503723,80.232208252,82178,82188,10
13.0086097717,80.2310409546,82188,82198,10
13.0089597702,80.2299880981,82198,82208,10
13.0092000961,80.2285614014,82208,82218,10
13.0097103119,80.2271194458,82218,82229,11
13.0103702545,80.225730896,82229,82238,9
13.0108299255,80.2247619629,82238,82248,10
13.0110998154,80.2241592407,82248,82259,11
13.0112800598,80.2236022949,82259,82269,10
13.0113401413,80.2232971191,82269,82279,10
13.0115804672,80.2228317261,82279,82289,10
13.0119495392,80.2219619751,82289,82299,10
13.0123996735,80.2215270996,82299,82309,10
13.0127601624,80.2220077515,82309,82321,12
13.0134296417,80.2227630615,82321,82331,10
13.013879776,80.2232284546,82331,82341,10
13.0141897202,80.2236404419,82341,82351,10
13.0145902634,80.2240066528,82351,82361,10
13.0151996613,80.2246780396,82361,82371,10
13.0154895782,80.224937439,82371,82381,10
13.0157403946,80.2251586914,82381,82391,10
13.016500473,80.2252426147,82391,82401,10
13.0175104141,80.2248687744,82401,82411,10
13.0186195374,80.2244491577,82411,82422,11
13.019659996,80.2244873047,82422,82432,10
13.0204000473,80.2250213623,82432,82442,10
13.0213003159,80.2256622314,82442,82452,10
13.0222301483,80.2263565063,82452,82462,10
13.0225601196,80.2266235352,82462,82472,10
13.0226402283,80.2267379761,82472,82482,10
13.0230703354,80.227142334,82482,82492,10
13.0237102509,80.2277374268,82492,82508,16
13.0242900848,80.2284164429,82508,82520,12
13.0244398117,80.2285995483,82520,82531,11
13.0247602463,80.2291030884,82531,82541,10
13.0252103806,80.2296981812,82541,82551,10
13.0257501602,80.2305984497,82551,82561,10
13.0261096954,80.2317123413,82561,82571,10
13.0265398026,80.2328186035,82571,82591,20
13.0265398026,80.2328186035,82591,82601,10
13.0267000198,80.2331924438,82601,82611,10
13.0270900726,80.2338867188,82611,82621,10
13.0276603699,80.2349014282,82621,82632,11
13.0285396576,80.2360916138,82632,82642,10
13.0295000076,80.237121582,82642,82652,10
13.0302000046,80.2381973267,82652,82662,10
13.0309200287,80.239402771,82662,82671,9
13.0313596725,80.2400970459,82671,82682,11
13.0314502716,80.2407608032,82682,82692,10
13.0317497253,80.2413787842,82692,82702,10
13.0320796967,80.2421035767,82702,82712,10
13.0326004028,80.24269104,82712,82722,10
13.0333204269,80.2436828613,82722,82733,11
13.0340003967,80.2445831299,82733,82743,10
13.0343904495,80.2451171875,82743,82753,10
13.0347204208,80.2454605103,82753,82763,10
13.0350904465,80.2458572388,82763,82773,10
13.0355100632,80.2459869385,82773,82783,10
13.0356798172,80.2461013794,82783,82793,10
13.0358400345,80.2462768555,82793,82803,10
13.0362901688,80.246421814,82803,82813,10
13.0369701385,80.2465362549,82813,82823,10
13.0374498367,80.246421814,82823,82834,11
13.0380296707,80.2465362549,82834,82844,10
13.038860321,80.2468032837,82844,82864,20
13.038860321,80.2468032837,82864,82874,10
13.0392904282,80.246887207,82874,82884,10
13.0400295258,80.2470169067,82884,82894,10
13.0410995483,80.2472229004,82894,82904,10
13.042140007,80.2474594116,82904,82914,10
13.0430498123,80.247718811,82914,82924,10
13.0439100266,80.2477874756,82924,82935,11
13.0444898605,80.247756958,82935,82945,10
13.0450201035,80.248046875,82945,82955,10
13.045630455,80.2483215332,82955,82965,10
13.0464096069,80.2484588623,82965,82975,10
13.046959877,80.2483825684,82975,82985,10
13.0472202301,80.2485198975,82985,82995,10
13.0476999283,80.2490234375,82995,83005,10
13.0483798981,80.2496032715,83005,83015,10
13.0489797592,80.2496795654,83015,83025,10
13.0499897003,80.2498168945,83025,83036,11
13.0511302948,80.2500762939,83036,83046,10
13.0519895554,80.2506027222,83046,83056,10
13.0526895523,80.2514801025,83056,83066,10
13.0534896851,80.2525482178,83066,83076,10
13.0542802811,80.2536468506,83076,83086,10
13.0550804138,80.2547225952,83086,83096,10
13.0558395386,80.2557678223,83096,83106,10
13.0565900803,80.2566375732,83106,83116,10
13.0575304031,80.2574768066,83116,83126,10
13.0581197739,80.2581863403,83126,83137,11
13.0588102341,80.258972168,83137,83147,10
13.0593395233,80.2598571777,83147,83157,10
13.0600595474,80.2604904175,83157,83167,10
13.0605802536,80.2611236572,83167,83177,10
13.0607795715,80.2613220215,83177,83187,10
13.0610904694,80.2615966797,83187,83197,10
13.0614795685,80.2621078491,83197,83207,10
13.0618495941,80.2626800537,83207,83217,10
13.0624904633,80.2634811401,83217,83227,10
13.0632696152,80.2644119263,83227,83238,11
13.0638904572,80.2653503418,83238,83249,11
13.0644798279,80.2661590576,83249,83259,10
13.065030098,80.2668304443,83259,83269,10
13.0656404495,80.267250061,83269,83279,10
13.0657596588,80.2674331665,83279,83289,10
13.0660495758,80.2678909302,83289,83299,10
13.0665197372,80.2683410645,83299,83308,9
13.0669803619,80.2686386108,83308,83319,11
13.0677700043,80.2691497803,83319,83329,10
13.0681695938,80.2695236206,83329,83340,11
13.0681400299,80.2703475952,83340,83350,10
13.0681295395,80.2712783813,83350,83360,10
13.0686302185,80.2718276978,83360,83369,9
13.0691604614,80.2720718384,83369,83380,11
13.069849968,80.2727813721,83380,83390,10
13.0705099106,80.2736206055,83390,83399,9
13.0709400177,80.273979187,83399,83410,11
13.0710897446,80.2740402222,83410,83420,10
13.0716896057,80.2743301392,83420,83430,10
13.0723800659,80.2750015259,83430,83441,11
13.0731201172,80.2758331299,83441,83451,10
13.0738201141,80.2762908936,83451,83461,10
13.0747900009,80.276260376,83461,83471,10
13.0756196976,80.2761993408,83471,83481,10
13.0758895874,80.2762298584,83481,83491,10
13.0761098862,80.2762374878,83491,83501,10
13.0761203766,80.2762374878,83501,83511,10
13.0763998032,80.2762374878,83511,83521,10
13.0770902634,80.276222229,83521,83531,10
13.0779495239,80.2761764526,83531,83542,11
13.0783700943,80.2753829956,83542,83552,10
13.079000473,80.2751464844,83552,83562,10
13.0798397064,80.2752914429,83562,83572,10
13.0806999207,80.2752227783,83572,83582,10
13.0814399719,80.275138855,83582,83592,10
13.081700325,80.2751464844,83592,83602,10
13.0819196701,80.2752914429,83602,83612,10
13.0819997787,80.2755813599,83612,83632,20
13.0819997787,80.2755813599,83632,83643,11
13.0820198059,80.2757415771,83643,83653,10
13.0819396973,80.2760009766,83653,83663,10
13.0818195343,80.2761688232,83663,83673,10
13.0818996429,80.276802063,83673,83683,10
13.0820503235,80.2776565552,83683,83693,10
13.0821695328,80.2782592773,83693,83703,10
13.081990242,80.2783813477,83703,83713,10
13.0819196701,80.2778701782,83713,83723,10
13.0818099976,80.2770462036,83723,83733,10
13.0817098618,80.2762527466,83733,83744,11
13.0816202164,80.2756881714,83744,83754,10
13.0814599991,80.2753295898,83754,83764,10
13.0810403824,80.2752609253,83764,83774,10
13.0804195404,80.2753295898,83774,83784,10
13.0795898438,80.2753601074,83784,83794,10
13.0787200928,80.2752075195,83794,83804,10
13.0781803131,80.2759170532,83804,83814,10
13.0775003433,80.2762680054,83814,83824,10
13.0766496658,80.2763214111,83824,83834,10
13.0760202408,80.2763519287,83834,83845,11
13.0758600235,80.2761535645,83845,83855,10
13.0758600235,80.2758102417,83855,83865,10
13.0760402679,80.2755508423,83865,83966,101
13.0760402679,80.2755508423,83966,83976,10
