13.0988197327,80.2405776978,20,1401,1381
13.0986700058,80.2405700684,1401,1845,444
13.0988101959,80.2406616211,1845,15094,13249
13.0988197327,80.240562439,15094,15155,61
13.0988302231,80.2406082153,15155,17888,2733
13.0988302231,80.2406616211,17888,17938,50
13.0988197327,80.2406387329,17938,20118,2180
13.0988197327,80.2406387329,20118,20128,10
13.09897995,80.2406311035,20128,20138,10
13.09897995,80.2407989502,20138,20148,10
13.0989999771,80.2410812378,20148,20158,10
13.0989599228,80.241317749,20158,20168,10
13.0988502502,80.2416687012,20168,20189,21
13.0988502502,80.2416687012,20189,20199,10
13.0988101959,80.2417907715,20199,20209,10
13.0987701416,80.2420425415,20209,20259,50
13.0987701416,80.2420425415,20259,20269,10
13.0984697342,80.2423324585,20269,20279,10
13.0982398987,80.2423019409,20279,20289,10
13.0979204178,80.2422485352,20289,20299,10
13.0975399017,80.2421875,20299,20309,10
13.0974302292,80.2419815063,20309,20320,11
13.0975599289,80.2414474487,20320,20330,10
13.0976295471,80.2408828735,20330,20340,10
13.0976896286,80.240196228,20340,20350,10
13.0977497101,80.2394714355,20350,20360,10
13.097820282,80.2387466431,20360,20370,10
13.0979404449,80.2380065918,20370,20380,10
13.0980796814,80.2372894287,20380,20390,10
13.0982103348,80.236618042,20390,20400,10
13.0983104706,80.2360076904,20400,20410,10
13.098400116,80.2355117798,20410,20420,10
13.0985002518,80.23487854,20420,20430,10
13.0985498428,80.2341079712,20430,20441,11
13.0986499786,80.2332229614,20441,20451,10
13.0987901688,80.2324981689,20451,20461,10
13.0989904404,80.2318115234,20461,20471,10
13.0993003845,80.231086731,20471,20481,10
13.0995798111,80.2303771973,20481,20491,10
13.0997695923,80.2296066284,20491,20501,10
13.0998802185,80.2289733887,20501,20511,10
13.0999803543,80.2284164429,20511,20521,10
13.100060463,80.2278594971,20521,20531,10
13.100060463,80.2271194458,20531,20541,10
13.1000204086,80.2263183594,20541,20551,10
13.0999698639,80.2256317139,20551,20562,11
13.0998401642,80.224937439,20562,20572,10
13.0996398926,80.2242279053,20572,20582,10
13.099360466,80.2237319946,20582,20592,10
13.0991897583,80.2235107422,20592,20602,10
13.0990104675,80.2232818604,20602,20612,10
13.0988197327,80.2230300903,20612,20622,10
13.0987300873,80.2225036621,20622,20632,10
13.0987901688,80.2216720581,20632,20642,10
13.0989704132,80.2206192017,20642,20652,10
13.0991401672,80.2196807861,20652,20662,10
13.0992002487,80.2193222046,20662,20672,10
13.0992698669,80.2188415527,20672,20683,11
13.0993995667,80.2179412842,20683,20693,10
13.0995998383,80.2170333862,20693,20703,10
13.0998897552,80.2162780762,20703,20713,10
13.0999202728,80.2158584595,20713,20723,10
13.1000099182,80.215637207,20723,20793,70
13.1000099182,80.215637207,20793,20804,11
13.1000995636,80.2154769897,20804,20814,10
13.1002702713,80.2150802612,20814,20824,10
13.1002702713,80.2146911621,20824,20854,30
13.1002702713,80.2146911621,20854,20864,10
13.1000995636,80.2145004272,20864,20874,10
13.0997896194,80.2143936157,20874,20884,10
13.0993795395,80.2142791748,20884,20894,10
13.0988302231,80.2141113281,20894,20904,10
13.0984601974,80.2141265869,20904,20914,10
13.0982198715,80.2146530151,20914,20925,11
13.097869873,80.215461731,20925,20935,10
13.0973796844,80.2166595459,20935,20965,30
13.0973796844,80.2166595459,20965,20975,10
13.0973300934,80.2167205811,20975,20985,10
13.0972099304,80.2170791626,20985,20995,10
13.0969495773,80.2177886963,20995,21005,10
13.0966596603,80.2186813354,21005,21015,10
13.096329689,80.2196807861,21015,21025,10
13.0959796906,80.2206573486,21025,21035,10
13.0956897736,80.2215194702,21035,21045,10
13.0954999924,80.2221298218,21045,21056,11
13.0954999924,80.22215271,21056,21066,10
13.0953998566,80.222366333,21066,21076,10
13.0951795578,80.2229232788,21076,21086,10
13.0947599411,80.2236175537,21086,21096,10
13.0942001343,80.2244033813,21096,21106,10
13.093629837,80.225112915,21106,21116,10
13.0929403305,80.2258377075,21116,21126,10
13.0922899246,80.2265167236,21126,21136,10
13.0916996002,80.2271270752,21136,21146,10
13.0912504196,80.2275924683,21146,21166,20
13.0912504196,80.2275924683,21166,21177,11
13.0911197662,80.227722168,21177,21187,10
13.0907802582,80.2280883789,21187,21197,10
13.0902099609,80.2286911011,21197,21206,9
13.0896396637,80.2293395996,21206,21217,11
13.0892496109,80.2300186157,21217,21227,10
13.0891199112,80.2302703857,21227,21237,10
13.0888996124,80.2307510376,21237,21247,10
13.0888500214,80.2308731079,21247,21257,10
13.0888004303,80.2310180664,21257,21267,10
13.0885696411,80.2314605713,21267,21277,10
13.0883703232,80.2321777344,21277,21287,10
13.0881099701,80.2332305908,21287,21298,11
13.0880002975,80.2341690063,21298,21308,10
13.0875301361,80.2345199585,21308,21318,10
13.0868196487,80.2345504761,21318,21328,10
13.0860900879,80.2344284058,21328,21338,10
13.0852203369,80.2342300415,21338,21348,10
13.0844202042,80.2340316772,21348,21358,10
13.0837202072,80.2338790894,21358,21368,10
13.0831098557,80.2337875366,21368,21378,10
13.0825004578,80.2336425781,21378,21388,10
13.0823802948,80.2336273193,21388,21398,10
13.0823097229,80.2335968018,21398,21408,10
13.0819396973,80.2335586548,21408,21419,11
13.081199646,80.2334976196,21419,21429,10
13.0804395676,80.2334976196,21429,21439,10
13.0797901154,80.2334976196,21439,21449,10
13.0795602798,80.2334976196,21449,21459,10
13.079460144,80.2335205078,21459,21469,10
13.0790100098,80.2335281372,21469,21479,10
13.0783004761,80.2335510254,21479,21489,10
13.0775403976,80.2335968018,21489,21499,10
13.0766897202,80.2337265015,21499,21509,10
13.0760698318,80.23387146,21509,21519,10
13.0759401321,80.2338409424,21519,21529,10
13.0758304596,80.2340393066,21529,21540,11
13.0759801865,80.2346801758,21540,21550,10
13.0761404037,80.2355117798,21550,21560,10
13.0762996674,80.2363967896,21560,21570,10
13.0764503479,80.2370910645,21570,21580,10
13.0764503479,80.2372589111,21580,21590,10
13.0764703751,80.2374572754,21590,21600,10
13.07654953,80.2377700806,21600,21610,10
13.0766601563,80.2382965088,21610,21620,10
13.0768604279,80.2390975952,21620,21630,10
13.0770797729,80.2399978638,21630,21640,10
13.0771903992,80.2405700684,21640,21650,10
13.0771503448,80.2406997681,21650,21660,10
13.0767402649,80.2406387329,21660,21671,11
13.075920105,80.2405166626,21671,21681,10
13.0750398636,80.2405166626,21681,21691,10
13.0740499496,80.2405471802,21691,21701,10
13.07310009,80.2407989502,21701,21711,10
13.0721597672,80.2412567139,21711,21721,10
13.0712995529,80.2417068481,21721,21731,10
13.0705499649,80.2419509888,21731,21741,10
13.0701599121,80.2420425415,21741,21751,10
13.0700597763,80.2420425415,21751,21761,10
13.0696201324,80.242149353,21761,21771,10
13.0691699982,80.2423477173,21771,21781,10
13.0685796738,80.2425231934,21781,21792,11
13.0677604675,80.2427597046,21792,21808,16
13.0665998459,80.2432327271,21808,21820,12
13.0661001205,80.2438735962,21820,21830,10
13.0662002563,80.2445907593,21830,21839,9
13.0663700104,80.2455368042,21839,21850,11
13.0671396255,80.2461776733,21850,21860,10
13.06772995,80.2464828491,21860,21870,10
13.0677995682,80.2465362549,21870,21880,10
13.067899704,80.2466888428,21880,21890,10
13.0679197311,80.247253418,21890,21899,9
13.067779541,80.247833252,21899,21911,12
13.0668201447,80.2478790283,21911,21920,9
13.0660200119,80.2478179932,21920,21931,11
13.0648698807,80.247718811,21931,21941,10
13.0637998581,80.2476501465,21941,21951,10
13.0627603531,80.2475814819,21951,21961,10
13.0619001389,80.2475814819,21961,21971,10
13.0613603592,80.2470703125,21971,21981,10
13.0617198944,80.2465896606,21981,21991,10
13.0619497299,80.2457504272,21991,22001,10
13.0624303818,80.245010376,22001,22011,10
13.0631799698,80.2442932129,22011,22032,21
13.0631799698,80.2442932129,22032,22042,10
13.0634403229,80.243927002,22042,22052,10
13.0633602142,80.2435073853,22052,22062,10
13.0627002716,80.2433776855,22062,22072,10
13.0620002747,80.2432632446,22072,22082,10
13.0614404678,80.2431488037,22082,22092,10
13.0606899261,80.2429199219,22092,22101,9
13.0600099564,80.24269104,22101,22112,11
13.0592899323,80.2425079346,22112,22122,10
13.0587797165,80.2425765991,22122,22132,10
13.0586204529,80.2425994873,22132,22142,10
13.0581502914,80.2426605225,22142,22152,10
13.0574398041,80.2427825928,22152,22163,11
13.0566797256,80.2426528931,22163,22173,10
13.0560503006,80.2423400879,22173,22183,10
13.0552997589,80.2422180176,22183,22193,10
13.0544700623,80.2423324585,22193,22203,10
13.0539197922,80.2422714233,22203,22213,10
13.053899765,80.2422637939,22213,22223,10
13.0537395477,80.2421798706,22223,22233,10
13.053319931,80.2419815063,22233,22243,10
13.0528898239,80.2418289185,22243,22253,10
13.0527200699,80.2417831421,22253,22263,10
13.0526695251,80.2417526245,22263,22274,11
13.052359581,80.2413864136,22274,22284,10
13.0521202087,80.2409820557,22284,22294,10
13.0518598557,80.2407302856,22294,22304,10
13.0514802933,80.2406387329,22304,22314,10
13.0510597229,80.2405700684,22314,22324,10
13.0509195328,80.2405395508,22324,22334,10
13.0503902435,80.2404098511,22334,22344,10
13.0496101379,80.2402420044,22344,22354,10
13.0487499237,80.2400588989,22354,22364,10
13.0479001999,80.2398986816,22364,22374,10
13.0470600128,80.2397232056,22374,22384,10
13.0462999344,80.2395477295,22384,22394,10
13.0463399887,80.239151001,22394,22405,11
13.0464696884,80.2384185791,22405,22415,10
13.04666996,80.2375106812,22415,22425,10
13.0468502045,80.2366027832,22425,22435,10
13.0469703674,80.2361297607,22435,22445,10
13.04708004,80.2357635498,22445,22455,10
13.0471000671,80.2354812622,22455,22465,10
13.0471897125,80.2348175049,22465,22475,10
13.047249794,80.2339630127,22475,22485,10
13.047369957,80.2331924438,22485,22495,10
13.0467996597,80.2329483032,22495,22505,10
13.0460500717,80.2327880859,22505,22515,10
13.0454397202,80.2326812744,22515,22526,11
13.0451803207,80.2326202393,22526,22536,10
13.0449800491,80.2325897217,22536,22546,10
13.0444202423,80.2324905396,22546,22556,10
13.043680191,80.2323532104,22556,22566,10
13.0430402756,80.2323074341,22566,22576,10
13.0423803329,80.2322998047,22576,22586,10
13.041680336,80.2322235107,22586,22596,10
13.0408601761,80.2319869995,22596,22606,10
13.0399599075,80.2316970825,22606,22616,10
13.0390796661,80.2314300537,22616,22626,10
13.0381698608,80.2311477661,22626,22636,10
13.037320137,80.2308883667,22636,22653,17
13.0366096497,80.2306976318,22653,22665,12
13.0359401703,80.2304763794,22665,22675,10
13.0353603363,80.2303466797,22675,22684,9
13.0349197388,80.2303009033,22684,22696,12
13.0344600677,80.2303619385,22696,22706,10
13.0341501236,80.230430603,22706,22716,10
13.0341396332,80.230430603,22716,22726,10
13.0338401794,80.2304382324,22726,22736,10
13.0334596634,80.23046875,22736,22746,10
13.0333595276,80.2304611206,22746,22756,10
13.0328903198,80.2304992676,22756,22766,10
13.0321903229,80.2305526733,22766,22777,11
13.0313196182,80.2306289673,22777,22787,10
13.0306997299,80.2306976318,22787,22797,10
13.0301103592,80.230758667,22797,22807,10
13.0299396515,80.2307815552,22807,22817,10
13.0298700333,80.2307662964,22817,22827,10
13.0296096802,80.2308120728,22827,22837,10
13.0291795731,80.2308502197,22837,22847,10
13.0285396576,80.2309112549,22847,22857,10
13.0280303955,80.2309799194,22857,22867,10
13.0277099609,80.2310714722,22867,22877,10
13.0276899338,80.2315673828,22877,22887,10
13.027759552,80.2322006226,22887,22898,11
13.0277700424,80.2328109741,22898,22908,10
13.0272397995,80.2329177856,22908,22918,10
13.026889801,80.233001709,22918,22928,10
13.0268697739,80.233001709,22928,22938,10
13.0264797211,80.2329177856,22938,22948,10
13.026260376,80.2323303223,22948,22958,10
13.0261297226,80.2316970825,22958,22968,10
13.0260400772,80.2312316895,22968,22978,10
13.0257797241,80.2304611206,22978,22988,10
13.025179863,80.2296600342,22988,22998,10
13.0246295929,80.2289810181,22998,23008,10
13.0241804123,80.2284469604,23008,23019,11
13.0240497589,80.2283172607,23019,23029,10
13.0239801407,80.2281799316,23029,23039,10
13.0236196518,80.2277603149,23039,23049,10
13.023059845,80.2272109985,23049,23059,10
13.0223197937,80.2265167236,23059,23069,10
13.0214300156,80.2258071899,23069,23079,10
13.0205097198,80.2251434326,23079,23089,10
13.0196800232,80.2245788574,23089,23099,10
13.0185699463,80.2245407104,23099,23109,10
13.0174503326,80.2250137329,23109,23119,10
13.0165500641,80.225402832,23119,23129,10
13.0158100128,80.225692749,23129,23140,11
13.0148801804,80.2260284424,23140,23150,10
13.0142402649,80.2262802124,23150,23160,10
13.0141801834,80.22631073,23160,23170,10
13.0138196945,80.2264709473,23170,23180,10
13.0130996704,80.2267303467,23180,23190,10
13.0121803284,80.2271118164,23190,23200,10
13.0111303329,80.2275085449,23200,23210,10
13.010140419,80.2279281616,23210,23220,10
13.0092897415,80.2283401489,23220,23230,10
13.0090198517,80.2293624878,23230,23240,10
13.0087900162,80.2305526733,23240,23250,10
13.0085601807,80.2317504883,23250,23260,10
13.0083503723,80.2328414917,23260,23271,11
13.0082397461,80.233581543,23271,23281,10
13.0082397461,80.2335891724,23281,23291,10
13.0081300735,80.2338790894,23291,23301,10
13.008020401,80.2344665527,23301,23317,16
13.0077199936,80.2359008789,23317,23329,12
13.0074901581,80.2372207642,23329,23337,8
13.0073099136,80.2381286621,23337,23349,12
13.0070800781,80.2392578125,23349,23359,10
13.0068798065,80.2400283813,23359,23369,10
13.0068998337,80.2402801514,23369,23379,10
13.0068798065,80.2406616211,23379,23390,11
13.0068502426,80.2408676147,23390,23400,10
13.0067796707,80.2412796021,23400,23410,10
13.0067396164,80.2420272827,23410,23420,10
13.0066995621,80.2429199219,23420,23430,10
13.0066995621,80.2439498901,23430,23440,10
13.0066404343,80.2450027466,23440,23450,10
13.0066795349,80.2459335327,23450,23460,10
13.0067100525,80.246887207,23460,23470,10
13.0066995621,80.2477798462,23470,23480,10
13.0067396164,80.2488098145,23480,23490,10
13.0068502426,80.249420166,23490,23500,10
13.0068302155,80.2495574951,23500,23510,10
13.0068302155,80.2497787476,23510,23521,11
13.0067996979,80.2503890991,23521,23531,10
13.0068302155,80.2511291504,23531,23541,10
13.0066995621,80.251953125,23541,23551,10
13.0065698624,80.2528915405,23551,23561,10
13.0065603256,80.2538986206,23561,23571,10
13.0065803528,80.2547302246,23571,23581,10
13.0065803528,80.2550201416,23581,23591,10
13.0065603256,80.2552108765,23591,23601,10
13.0065803528,80.2557907104,23601,23611,10
13.0065803528,80.256477356,23611,23621,10
13.0066795349,80.2572097778,23621,23632,11
13.0063495636,80.2575683594,23632,23642,10
13.0058403015,80.2574081421,23642,23652,10
13.0051498413,80.2572174072,23652,23662,10
13.0043401718,80.2570419312,23662,23672,10
13.003490448,80.2568817139,23672,23682,10
13.0027799606,80.256729126,23682,23692,10
13.0020399094,80.2565994263,23692,23702,10
13.0011997223,80.2565002441,23702,23712,10
13.000459671,80.2563781738,23712,23722,10
13.0001497269,80.2563323975,23722,23732,10
13.0,80.2563171387,23732,23742,10
12.9995298386,80.2562179565,23742,23753,11
12.9987602234,80.2560577393,23753,23763,10
12.9980802536,80.2559661865,23763,23773,10
12.9978399277,80.2559814453,23773,23783,10
12.997759819,80.2559585571,23783,23793,10
12.9976196289,80.2559585571,23793,23803,10
12.9972496033,80.2559432983,23803,23813,10
12.9968900681,80.256187439,23813,23823,10
12.9968395233,80.2567214966,23823,23833,10
12.9967899323,80.2574768066,23833,23843,10
12.9966802597,80.2583999634,23843,23853,10
12.9965801239,80.2593383789,23853,23863,10
12.9964799881,80.2602005005,23863,23874,11
12.9963798523,80.2612380981,23874,23884,10
12.9962997437,80.2619094849,23884,23894,10
12.9962596893,80.2623214722,23894,23904,10
12.9961795807,80.262802124,23904,23914,10
12.9961595535,80.2633666992,23914,23924,10
12.9960603714,80.2641220093,23924,23934,10
12.9959802628,80.2649765015,23934,23944,10
12.9958696365,80.2658233643,23944,23954,10
12.995759964,80.2667312622,23954,23964,10
12.9956998825,80.2675170898,23964,23974,10
12.9959001541,80.2676773071,23974,23984,10
12.9960403442,80.2676773071,23984,23994,10
12.9966201782,80.2677612305,23994,24005,11
12.9973802567,80.2676010132,24005,24015,10
12.9981203079,80.2674026489,24015,24025,10
12.9989204407,80.2671737671,24025,24035,10
12.9996595383,80.2669372559,24035,24045,10
13.0000200272,80.2667388916,24045,24055,10
13.0000896454,80.2666397095,24055,24065,10
13.0001802444,80.2662963867,24065,24075,10
13.0002298355,80.2658462524,24075,24085,10
13.0002603531,80.2657394409,24085,24095,10
13.0003700256,80.2658309937,24095,24105,10
13.0003004074,80.2663497925,24105,25093,988
13.0003004074,80.2663497925,25093,25104,11
13.0002698898,80.2665176392,25104,25114,10
13.0003004074,80.266708374,25114,25124,10
13.0000801086,80.2668762207,25124,25134,10
12.9994697571,80.2670516968,25134,25144,10
12.9987201691,80.2672805786,25144,25154,10
12.9979095459,80.2675170898,25154,25164,10
12.9970598221,80.2677688599,25164,25174,10
12.9962902069,80.2677612305,25174,25184,10
12.9957399368,80.2676315308,25184,25194,10
12.9957103729,80.2673721313,25194,25204,10
12.9957199097,80.2673187256,25204,25214,10
12.995759964,80.266960144,25214,25225,11
12.9958295822,80.2663269043,25225,25235,10
12.9959201813,80.2656021118,25235,25245,10
12.9960098267,80.2647476196,25245,25255,10
12.9960899353,80.2639694214,25255,25265,10
12.9961700439,80.2632369995,25265,25275,10
12.996219635,80.2626876831,25275,25285,10
12.9962396622,80.2626190186,25285,25295,10
12.9962797165,80.2623825073,25295,25305,10
12.996339798,80.2619018555,25305,25315,10
12.9964199066,80.2612609863,25315,25325,10
12.996509552,80.2604598999,25325,25335,10
12.9965801239,80.2596588135,25335,25345,10
12.9966402054,80.2589187622,25345,25356,11
12.9967403412,80.2579421997,25356,25366,10
12.9968595505,80.2570800781,25366,25376,10
12.9969596863,80.2560501099,25376,25406,30
12.9969596863,80.2560501099,25406,25422,16
12.9970703125,80.2557830811,25422,25434,12
12.9976396561,80.255821228,25434,25442,8
12.9988803864,80.2559814453,25442,25474,32
12.9988803864,80.2559814453,25474,25485,11
12.9992799759,80.2560806274,25485,25495,10
12.9999599457,80.2562179565,25495,25505,10
13.0006504059,80.256362915,25505,25515,10
13.0011196136,80.256439209,25515,25525,10
13.0016298294,80.2565002441,25525,25535,10
13.0023202896,80.2565917969,25535,25545,10
13.0031404495,80.2567596436,25545,25555,10
13.0039796829,80.2569274902,25555,25565,10
13.0048599243,80.2571105957,25565,25575,10
13.0057096481,80.2572631836,25575,25585,10
13.0064201355,80.2573699951,25585,25596,11
13.0065402985,80.2569198608,25596,25606,10
13.0065202713,80.2562026978,25606,25615,9
13.0065402985,80.2554168701,25615,25626,11
13.0065898895,80.2545623779,25626,25636,10
13.0066299438,80.2540130615,25636,25646,10
13.0066404343,80.2537002563,25646,25656,10
13.0066299438,80.2532272339,25656,25666,10
13.0066003799,80.2531967163,25666,25676,10
13.0066099167,80.2528381348,25676,25686,10
13.0066795349,80.2522888184,25686,25696,10
13.0067100525,80.2520370483,25696,25706,10
13.0067195892,80.2519989014,25706,25716,10
13.006770134,80.2516708374,25716,25727,11
13.0068502426,80.2509765625,25727,25737,10
13.0068397522,80.2501525879,25737,25747,10
13.0068397522,80.2497787476,25747,25757,10
13.0068302155,80.2495803833,25757,25767,10
13.006819725,80.2490615845,25767,25777,10
13.0067501068,80.2483596802,25777,25787,10
13.0066995621,80.2478179932,25787,25817,30
13.0066995621,80.2478179932,25817,25827,10
13.0066299438,80.2467880249,25827,25856,29
13.0066299438,80.2467880249,25856,25866,10
13.0065898895,80.2465820313,25866,25876,10
13.0066699982,80.2458724976,25876,25885,9
13.0066604614,80.2451705933,25885,25896,11
13.0066699982,80.2442626953,25896,25906,10
13.006649971,80.2435302734,25906,25916,10
13.0066003799,80.2426223755,25916,25926,10
13.0065698624,80.2418670654,25926,25936,10
13.0065803528,80.2417221069,25936,25946,10
13.0066099167,80.2413406372,25946,25956,10
13.0066900253,80.2406387329,25956,25967,11
13.0068998337,80.2396697998,25967,25977,10
13.0070800781,80.2386398315,25977,25987,10
13.0073003769,80.2376403809,25987,25997,10
13.007399559,80.2369003296,25997,26007,10
13.0074195862,80.2368164063,26007,26017,10
13.0074996948,80.2365570068,26017,26027,10
13.0076198578,80.2360534668,26027,26037,10
13.0077600479,80.2353591919,26037,26047,10
13.0078201294,80.2350006104,26047,26057,10
13.0079202652,80.2344818115,26057,26067,10
13.0080900192,80.2336273193,26067,26077,10
13.0082998276,80.2325973511,26077,26088,11
13.0085401535,80.2313995361,26088,26098,10
13.0087604523,80.2303390503,26098,26108,10
13.0089702606,80.2292785645,26108,26117,9
13.0091695786,80.2283172607,26117,26128,11
13.0095796585,80.2273178101,26128,26138,10
13.0100698471,80.2262420654,26138,26148,10
13.0105199814,80.2253112793,26148,26158,10
13.0109596252,80.2244033813,26158,26168,10
13.0113096237,80.2235336304,26168,26178,10
13.0116195679,80.2227401733,26178,26188,10
13.0119104385,80.2219161987,26188,26198,10
13.0122900009,80.2214508057,26198,26208,10
13.0125303268,80.2217178345,26208,26219,11
13.0130195618,80.2223434448,26219,26229,10
13.0136404037,80.2229995728,26229,26239,10
13.014289856,80.2237701416,26239,26249,10
13.014960289,80.2244415283,26249,26259,10
13.0153503418,80.2248382568,26259,26269,10
13.0156202316,80.2250366211,26269,26285,16
13.0157203674,80.2251281738,26285,26297,12
13.0162601471,80.2253189087,26297,26307,10
13.0169801712,80.225112915,26307,26317,10
13.0178098679,80.2247924805,26317,26327,10
13.0186595917,80.2244262695,26327,26337,10
13.0195198059,80.2244567871,26337,26348,11
13.0203104019,80.2249526978,26348,26358,10
13.0209197998,80.2253799438,26358,26368,10
13.0214395523,80.2257766724,26368,26378,10
13.0219202042,80.2260971069,26378,26388,10
13.0219802856,80.2261428833,26388,26398,10
13.0220003128,80.2261962891,26398,26408,10
13.0222997665,80.2264633179,26408,26418,10
13.0228300095,80.2269287109,26418,26428,10
13.0234603882,80.2275085449,26428,26438,10
13.0240602493,80.2280807495,26438,26448,10
13.0244598389,80.2285919189,26448,26459,11
13.0247898102,80.229057312,26459,26469,10
13.0252304077,80.229637146,26469,26479,10
13.0256996155,80.2303237915,26479,26489,10
13.0259799957,80.2308807373,26489,26499,10
13.0260095596,80.2310409546,26499,26508,9
13.0260696411,80.231338501,26508,26519,11
13.0265903473,80.2312316895,26519,26529,10
13.0274295807,80.2310409546,26529,26539,10
13.0281200409,80.2309417725,26539,26549,10
13.0284996033,80.2308807373,26549,26559,10
13.0287799835,80.2308807373,26559,26569,10
13.0292797089,80.2308425903,26569,26579,10
13.029800415,80.2307815552,26579,26590,11
13.0306596756,80.2306976318,26590,26600,10
13.0313997269,80.2306365967,26600,26610,10
13.0322999954,80.2305908203,26610,26620,10
13.0332603455,80.230506897,26620,26630,10
13.0339899063,80.23046875,26630,26640,10
13.0344200134,80.2304229736,26640,26660,20
13.0344200134,80.2304229736,26660,26670,10
13.0345897675,80.2304229736,26670,26680,10
13.0347204208,80.2304000854,26680,26690,10
13.0349903107,80.2304992676,26690,26700,10
13.0349597931,80.23072052,26700,26711,11
13.0348596573,80.2314376831,26711,26721,10
13.0347499847,80.2322616577,26721,26731,10
13.0346298218,80.2332000732,26731,26741,10
13.0345001221,80.2340087891,26741,26751,10
13.0344200134,80.2348175049,26751,26761,10
13.0342903137,80.2358093262,26761,26771,10
13.0341997147,80.2368087769,26771,26781,10
13.0343399048,80.2374572754,26781,26801,20
13.0343399048,80.2374572754,26801,26811,10
13.0344696045,80.2377090454,26811,26821,10
13.0348300934,80.2381820679,26821,26832,11
13.0353403091,80.2389984131,26832,26842,10
13.035949707,80.2393798828,26842,26852,10
13.036860466,80.2395019531,26852,26862,10
13.0377702713,80.239616394,26862,26872,10
13.0386896133,80.2397232056,26872,26882,10
13.0395002365,80.2398300171,26882,26892,10
13.0401296616,80.239906311,26892,26902,10
13.0403404236,80.2400436401,26902,26912,10
13.0405902863,80.2405090332,26912,26922,10
13.0410995483,80.2406005859,26922,26932,10
13.0426197052,80.2407836914,26932,26942,10
13.0426197052,80.2407836914,26942,26953,11
13.0435199738,80.2408981323,26953,26963,10
13.044210434,80.240852356,26963,26973,10
13.0446996689,80.2404937744,26973,26983,10
13.0451002121,80.240196228,26983,26993,10
13.0456600189,80.2398529053,26993,27003,10
13.046090126,80.2396011353,27003,27011,8
13.0461797714,80.2395782471,27011,27024,13
13.0464496613,80.2395935059,27024,27034,10
13.0465402603,80.2396316528,27034,27044,10
13.0469198227,80.2397079468,27044,27054,10
13.0476303101,80.2398681641,27054,27064,10
13.048500061,80.2400436401,27064,27074,10
13.0492601395,80.2401809692,27074,27085,11
13.0500001907,80.2403182983,27085,27095,10
13.0507001877,80.2404708862,27095,27118,23
13.0521802902,80.2407608032,27118,27130,12
13.0525197983,80.2409973145,27130,27140,10
13.0525598526,80.2412719727,27140,27150,10
13.05286026,80.2417526245,27150,27160,10
13.0534601212,80.2419891357,27160,27170,10
13.0539398193,80.2422180176,27170,27180,10
13.0541095734,80.2422714233,27180,27190,10
13.0545902252,80.2423477173,27190,27200,10
13.0552797318,80.2422637939,27200,27211,11
13.0560903549,80.2424087524,27211,27221,10
13.0566196442,80.2425918579,27221,27231,10
13.0571498871,80.2427902222,27231,27241,10
13.0577001572,80.2427978516,27241,27251,10
13.0578098297,80.2427978516,27251,27261,10
13.0583400726,80.2426986694,27261,27271,10
13.0590200424,80.2425918579,27271,27281,10
13.0597200394,80.2426300049,27281,27291,10
13.0604200363,80.2428665161,27291,27301,10
13.0611696243,80.2431182861,27301,27311,10
13.0619401932,80.2432403564,27311,27322,11
13.0625095367,80.2433319092,27322,27332,10
13.0625896454,80.243347168,27332,27342,10
13.0629997253,80.2434234619,27342,27352,10
13.0636997223,80.2434997559,27352,27362,10
13.0644302368,80.2435379028,27362,27372,10
13.0652198792,80.2435302734,27372,27382,10
13.0661296844,80.2434005737,27382,27398,16
13.0675601959,80.2428817749,27398,27410,12
13.0686998367,80.2425384521,27410,27418,8
13.0693902969,80.2422637939,27418,27430,12
13.0699996948,80.2421722412,27430,27440,10
13.0700798035,80.2421722412,27440,27451,11
13.0704803467,80.2420806885,27451,27461,10
13.0711402893,80.2418670654,27461,27471,10
13.0719499588,80.2414932251,27471,27481,10
13.0727300644,80.2409591675,27481,27491,10
13.0735797882,80.2406768799,27491,27501,10
13.0744800568,80.2405090332,27501,27511,10
13.0754098892,80.2404785156,27511,27521,10
13.0763597488,80.2405014038,27521,27531,10
13.0771198273,80.2404937744,27531,27541,10
13.0770397186,80.2397613525,27541,27551,10
13.0768299103,80.2389297485,27551,27561,10
13.0766496658,80.238319397,27561,27572,11
13.0766000748,80.2379684448,27572,27582,10
13.0765304565,80.2375869751,27582,27592,10
13.0765104294,80.2375183105,27592,27602,10
13.0764303207,80.2372207642,27602,27612,10
13.0763301849,80.2365875244,27612,27622,10
13.0762195587,80.2358322144,27622,27632,10
13.0760297775,80.2350006104,27632,27642,10
13.0758800507,80.234336853,27642,27652,10
13.0758104324,80.2339782715,27652,27662,10
13.0763196945,80.2337722778,27662,27672,10
13.0767602921,80.2337036133,27672,27682,10
13.0768499374,80.2336807251,27682,27692,10
13.0772895813,80.2336425781,27692,27703,11
13.0779304504,80.2335968018,27703,27713,10
13.0785703659,80.2335586548,27713,27723,10
13.079369545,80.2335205078,27723,27733,10
13.0800304413,80.233543396,27733,27743,10
13.0803203583,80.2335510254,27743,27753,10
13.080450058,80.2335586548,27753,27763,10
13.0809202194,80.2335586548,27763,27773,10
13.081700325,80.2336425781,27773,27783,10
13.0820102692,80.2332611084,27783,27793,10
13.0821800232,80.2324829102,27793,27803,10
13.0824899673,80.231590271,27803,27812,9
13.0827798843,80.2308807373,27812,27824,12
13.0830402374,80.2306671143,27824,27834,10
13.0831804276,80.2310791016,27834,27844,10
13.0832195282,80.231880188,27844,27854,10
13.0833597183,80.2328109741,27854,27864,10
13.0834903717,80.233543396,27864,27874,10
13.0835199356,80.2336502075,27874,27884,10
13.0837001801,80.2338790894,27884,27894,10
13.0840597153,80.2339401245,27894,27904,10
13.0841598511,80.2339782715,27904,27914,10
13.0845603943,80.2340774536,27914,27924,10
13.0851202011,80.2342071533,27924,27934,10
13.0858097076,80.2343521118,27934,27945,11
13.0866098404,80.2345199585,27945,27955,10
13.0875101089,80.2345733643,27955,27965,10
13.0879802704,80.2339935303,27965,27975,10
13.0881004333,80.2330780029,27975,27985,10
13.0883197784,80.232131958,27985,27995,10
13.0885696411,80.2313079834,27995,28005,10
13.0888395309,80.2306671143,28005,28015,10
13.08893013,80.23046875,28015,28025,10
13.0889797211,80.2304000854,28025,28035,10
13.0891599655,80.2300109863,28035,28045,10
13.0895595551,80.2293701172,28045,28055,10
13.0901098251,80.2287368774,28055,28066,11
13.0908403397,80.2279586792,28066,28076,10
13.091340065,80.2273864746,28076,28086,10
13.0914402008,80.2272796631,28086,28096,10
13.0916500092,80.2270584106,28096,28106,10
13.0920696259,80.2266616821,28106,28116,10
13.0926799774,80.2260665894,28116,28126,10
13.0933103561,80.225440979,28126,28136,10
13.09375,80.224899292,28136,28146,10
13.0943202972,80.2242126465,28146,28156,10
13.0949201584,80.2233200073,28156,28166,10
13.0953397751,80.222328186,28166,28176,10
13.095700264,80.2212982178,28176,28187,11
13.0960197449,80.2203826904,28187,28197,10
13.0962095261,80.2198104858,28197,28207,10
13.0962400436,80.2197494507,28207,28217,10
13.0963897705,80.2193832397,28217,28227,10
13.096619606,80.2187194824,28227,28237,10
13.0968599319,80.217956543,28237,28247,10
13.0971498489,80.2171707153,28247,28257,10
13.0974502563,80.2163696289,28257,28267,10
13.0978002548,80.2155838013,28267,28277,10
13.0981197357,80.2148284912,28277,28287,10
13.0983896255,80.2142410278,28287,28297,10
13.0984897614,80.2140274048,28297,28308,11
13.0987596512,80.2139816284,28308,28318,10
13.0992603302,80.2142181396,28318,28328,10
13.1002197266,80.2144775391,28328,28348,20
13.1002197266,80.2144775391,28348,28358,10
13.1004600525,80.2145614624,28358,28368,10
13.1005001068,80.2149887085,28368,28378,10
13.1002101898,80.215637207,28378,28388,10
13.0999403,80.2160491943,28388,28398,10
13.1000003815,80.2156906128,28398,28408,10
13.1001596451,80.2153625488,28408,28418,10
13.1003303528,80.2149124146,28418,28560,142
13.1002702713,80.2148284912,28560,28691,131
13.1003198624,80.21484375,28691,29386,695
13.1002998352,80.2149505615,29386,29517,131
13.1003198624,80.2148971558,29517,29941,424
13.1003198624,80.2148971558,29941,29951,10
13.1002902985,80.2147216797,29951,29961,10
13.1001701355,80.2145385742,29961,29971,10
13.0999403,80.2144393921,29971,29981,10
13.0995903015,80.2143630981,29981,29991,10
13.0991201401,80.2142181396,29991,30001,10
13.09856987,80.2140274048,30001,30021,20
13.09856987,80.2140274048,30021,30031,10
13.0984401703,80.2141036987,30031,30041,10
13.0982704163,80.2145309448,30041,30052,11
13.0979299545,80.2153015137,30052,30062,10
13.0975999832,80.2161026001,30062,30072,10
13.0973396301,80.2167510986,30072,30092,20
13.0973396301,80.2167510986,30092,30102,10
13.0972499847,80.2170028687,30102,30112,10
13.0971403122,80.2172622681,30112,30122,10
13.0969400406,80.2178192139,30122,30132,10
13.0966997147,80.2186203003,30132,30142,10
13.0963802338,80.2195510864,30142,30152,10
13.0960302353,80.2205429077,30152,30162,10
13.095749855,80.2213897705,30162,30173,11
13.0954999924,80.22215271,30173,30183,10
13.0954198837,80.2223587036,30183,30193,10
13.0953598022,80.2225189209,30193,30203,10
13.0952196121,80.2228927612,30203,30213,10
13.0948801041,80.2235336304,30213,30223,10
13.0943403244,80.2242507935,30223,30233,10
13.0937404633,80.2250213623,30233,30243,10
13.0930700302,80.2257385254,30243,30253,10
13.0925998688,80.2261886597,30253,30263,10
13.0922803879,80.2265625,30263,30273,10
13.0917701721,80.2270812988,30273,30283,10
13.0912504196,80.2276306152,30283,30314,31
13.0912504196,80.2276306152,30314,30324,10
13.0911397934,80.2277679443,30324,30334,10
13.0908203125,80.2281036377,30334,30344,10
13.0904197693,80.2285003662,30344,30354,10
13.0899000168,80.2290725708,30354,30364,10
13.0894403458,80.2296905518,30364,30374,10
13.0891895294,80.2301483154,30374,30384,10
13.0890903473,80.2303314209,30384,30394,10
13.0888395309,80.2308807373,30394,30435,41
13.0888395309,80.2308807373,30435,30445,10
13.0887002945,80.231086731,30445,30455,10
13.0885295868,80.2315597534,30455,30465,10
13.0883798599,80.232208252,30465,30576,111
13.0883798599,80.232208252,30576,30586,10
13.0882797241,80.2325134277,30586,30596,10
13.0881500244,80.2329788208,30596,30606,10
13.0880403519,80.2336578369,30606,30616,10
13.0879402161,80.2342529297,30616,30626,10
13.0872602463,80.2345275879,30626,30636,10
13.0867099762,80.2345581055,30636,30646,10
13.0861597061,80.2344665527,30646,30657,11
13.0853395462,80.2342376709,30657,30667,10
13.0846595764,80.2340698242,30667,30677,10
13.0840597153,80.2339630127,30677,30687,10
13.0834999084,80.2338409424,30687,30697,10
13.0831403732,80.2338027954,30697,30707,10
13.082400322,80.2336425781,30707,30726,19
13.082400322,80.2336425781,30726,30737,11
13.0823698044,80.2335968018,30737,30746,9
13.0820398331,80.2335586548,30746,30757,11
13.0814304352,80.2335205078,30757,30767,10
13.0806798935,80.2334976196,30767,30777,10
13.0800600052,80.2334823608,30777,30788,11
13.0796403885,80.2334899902,30788,30798,10
13.079000473,80.2334976196,30798,30808,10
13.0782299042,80.2335586548,30808,30818,10
13.0774803162,80.2336196899,30818,30828,10
13.0767202377,80.2337417603,30828,30838,10
13.0760402679,80.2339019775,30838,30848,10
13.075920105,80.2341384888,30848,30858,10
13.0759401321,80.2344207764,30858,30868,10
13.0760402679,80.2347183228,30868,30888,20
13.0760402679,80.2347183228,30888,30898,10
13.0760803223,80.2349777222,30898,30909,11
13.076089859,80.2353210449,30909,30919,10
13.0761404037,80.2355270386,30919,30929,10
13.0761995316,80.2358016968,30929,30939,10
13.0762796402,80.2360305786,30939,30959,20
13.0762796402,80.2360305786,30959,30969,10
13.0763196945,80.2362976074,30969,30979,10
13.0763597488,80.2366027832,30979,30989,10
13.0763702393,80.2366790771,30989,30999,10
13.076379776,80.236869812,30999,31090,91
13.076379776,80.236869812,31090,31100,10
13.076499939,80.2371826172,31100,31110,10
13.07654953,80.2375488281,31110,31140,30
13.07654953,80.2375488281,31140,31151,11
13.0765600204,80.2379684448,31151,31161,10
13.0767002106,80.2385406494,31161,31171,10
13.0768699646,80.2390670776,31171,31181,10
13.0770196915,80.2396011353,31181,31191,10
13.0771598816,80.2401580811,31191,31201,10
13.0772800446,80.2406997681,31201,31211,10
13.0773696899,80.2410202026,31211,31221,10
13.0774202347,80.2412796021,31221,31231,10
13.077460289,80.2416610718,31231,31241,10
13.077630043,80.2423934937,31241,31251,10
13.0777597427,80.2432403564,31251,31261,10
13.0778198242,80.2439804077,31261,31271,10
13.0778102875,80.2445602417,31271,31282,11
13.0779304504,80.2454071045,31282,31292,10
13.0779800415,80.2462310791,31292,31302,10
13.0781698227,80.2472229004,31302,31312,10
13.0783195496,80.2481231689,31312,31321,9
13.0784702301,80.2487182617,31321,31332,11
13.0786104202,80.2492370605,31332,31342,10
13.0787096024,80.2498397827,31342,31352,10
13.0785999298,80.2503890991,31352,31362,10
13.0785303116,80.2509765625,31362,31372,10
13.0786399841,80.2513809204,31372,31382,10
13.0785398483,80.2515792847,31382,31392,10
13.0780801773,80.2516784668,31392,31403,11
13.0771799088,80.2518615723,31403,31413,10
13.0764904022,80.2519226074,31413,31423,10
13.0755701065,80.2521133423,31423,31433,10
13.0747804642,80.2522125244,31433,31443,10
13.0741796494,80.2523269653,31443,31453,10
13.0737400055,80.2525024414,31453,31463,10
13.0731201172,80.2523803711,31463,31473,10
13.072640419,80.2522888184,31473,31483,10
13.0721902847,80.2518386841,31483,31493,10
13.0721101761,80.2512435913,31493,31503,10
13.0717897415,80.2501373291,31503,31513,10
13.071559906,80.2491989136,31513,31523,10
13.0713701248,80.2482528687,31523,31534,11
13.0710897446,80.2475814819,31534,31544,10
13.0707702637,80.246887207,31544,31554,10
13.0703201294,80.2459335327,31554,31564,10
13.0698900223,80.2448272705,31564,31574,10
13.0695295334,80.2438201904,31574,31584,10
13.069319725,80.2432327271,31584,31604,20
13.069319725,80.2432327271,31604,31614,10
13.069270134,80.243019104,31614,31624,10
13.0691795349,80.2425765991,31624,31634,10
13.0689001083,80.24243927,31634,31644,10
13.0686197281,80.2425079346,31644,31655,11
13.0680398941,80.2426986694,31655,31665,10
13.0673799515,80.2429199219,31665,31675,10
13.0667600632,80.2432174683,31675,31685,10
13.0662403107,80.2434997559,31685,31695,10
13.0661497116,80.2440109253,31695,31705,10
13.0662002563,80.2443771362,31705,31715,10
13.0662498474,80.244682312,31715,31725,10
13.0663099289,80.2449417114,31725,31735,10
13.0662899017,80.2452468872,31735,31745,10
13.066450119,80.2457962036,31745,31755,10
13.0671195984,80.2461700439,31755,31765,10
13.0677604675,80.2464904785,31765,31776,11
13.0678100586,80.2465362549,31776,31786,10
13.0678596497,80.2466506958,31786,31796,10
13.067899704,80.2471389771,31796,31806,10
13.0678501129,80.247718811,31806,31816,10
13.0673599243,80.2478179932,31816,31826,10
13.0665798187,80.2478103638,31826,31836,10
13.0656795502,80.2477798462,31836,31846,10
13.0647001266,80.2477035522,31846,31856,10
13.0638799667,80.2476501465,31856,31866,10
13.0630197525,80.2476425171,31866,31876,10
13.0622596741,80.2476196289,31876,31886,10
13.0616798401,80.2474365234,31886,31896,10
13.0614004135,80.2469787598,31896,31907,11
13.0617399216,80.2465286255,31907,31917,10
13.0620098114,80.24584198,31917,31927,10
13.0621900558,80.2451400757,31927,31937,10
13.0627603531,80.244758606,31937,31947,10
13.0632200241,80.2442321777,31947,31967,20
13.0632200241,80.2442321777,31967,31977,10
13.0633001328,80.244140625,31977,31987,10
13.0634803772,80.2437210083,31987,31997,10
13.06346035,80.243560791,31997,32007,10
13.063079834,80.2434463501,32007,32017,10
13.0625200272,80.2433395386,32017,32028,11
13.0619096756,80.2432479858,32028,32038,10
13.0614299774,80.2431182861,32038,32048,10
13.0609302521,80.2429580688,32048,32058,10
13.0602502823,80.2427368164,32058,32068,10
13.0596904755,80.2425613403,32068,32077,9
13.0593900681,80.2424697876,32077,32088,11
13.0588998795,80.2425003052,32088,32098,10
13.0588302612,80.2425231934,32098,32108,10
13.0587100983,80.2425079346,32108,32118,10
13.0583696365,80.2426376343,32118,32128,10
13.0577497482,80.2427520752,32128,32138,10
13.0571899414,80.2427825928,32138,32149,11
13.0567598343,80.24269104,32149,32159,10
13.0563402176,80.2425384521,32159,32169,10
13.055970192,80.2422866821,32169,32179,10
13.0552597046,80.2423019409,32179,32189,10
13.0545597076,80.2423934937,32189,32199,10
13.0539398193,80.2423324585,32199,32209,10
13.0536003113,80.2420806885,32209,32239,30
13.0536003113,80.2420806885,32239,32249,10
13.0531396866,80.2418365479,32249,32269,20
13.0531396866,80.2418365479,32269,32280,11
13.0529203415,80.2418365479,32280,32290,10
13.0525197983,80.2416000366,32290,32300,10
13.0521697998,80.2410964966,32300,32310,10
13.0519695282,80.2407913208,32310,32320,10
13.0517902374,80.2406616211,32320,32330,10
13.051320076,80.240562439,32330,32340,10
13.0507698059,80.2404708862,32340,32350,10
13.0502500534,80.2403793335,32350,32360,10
13.0497598648,80.2403030396,32360,32370,10
13.0491895676,80.2401428223,32370,32380,10
13.0485200882,80.2400665283,32380,32390,10
13.0478200912,80.239906311,32390,32401,11
13.0474100113,80.2398605347,32401,32411,10
13.0468101501,80.2397918701,32411,32421,10
13.0463600159,80.2395935059,32421,32431,10
13.046210289,80.2394485474,32431,32441,10
13.0463399887,80.2390365601,32441,32451,10
13.046500206,80.2383728027,32451,32461,10
13.0466804504,80.237663269,32461,32471,10
13.0468301773,80.2369613647,32471,32481,10
13.0469999313,80.2361602783,32481,32491,10
13.0470695496,80.2358169556,32491,32501,10
13.0470895767,80.2355728149,32501,32511,10
13.0471000671,80.2350692749,32511,32522,11
13.0471801758,80.2341766357,32522,32532,10
13.0473003387,80.2334136963,32532,32542,10
13.0471601486,80.2329864502,32542,32552,10
13.0464496613,80.2328567505,32552,32562,10
13.0457000732,80.2327194214,32562,32572,10
13.0451898575,80.2326202393,32572,32582,10
13.0451202393,80.2325897217,32582,32591,9
13.0450801849,80.2325668335,32591,32602,11
13.0447902679,80.2324905396,32602,32612,10
13.0440797806,80.2323532104,32612,32622,10
13.0433702469,80.2322463989,32622,32632,10
13.0426502228,80.2322387695,32632,32642,10
13.0419101715,80.2322311401,32642,32653,11
13.041009903,80.2320327759,32653,32663,10
13.0401802063,80.2317123413,32663,32673,10
13.0391798019,80.2314605713,32673,32683,10
13.0382099152,80.2311935425,32683,32693,10
13.0374498367,80.2309036255,32693,32703,10
13.0369701385,80.2307662964,32703,32713,10
13.0366001129,80.2306518555,32713,32723,10
13.0360002518,80.2304229736,32723,32733,10
13.0355596542,80.2303619385,32733,32794,61
13.0355596542,80.2303619385,32794,32804,10
13.0354003906,80.2302703857,32804,32814,10
13.0349397659,80.2302780151,32814,32854,40
13.0349397659,80.2302780151,32854,32864,10
13.0345602036,80.2303390503,32864,32884,20
13.0343599319,80.2303619385,32884,32905,21
13.0343599319,80.2303619385,32905,32915,10
13.0340003967,80.2304382324,32915,32935,20
13.0340003967,80.2304382324,32935,32945,10
13.0337200165,80.2303771973,32945,32955,10
13.0334396362,80.230430603,32955,32975,20
13.0334396362,80.230430603,32975,32985,10
13.0330400467,80.2305221558,32985,32995,10
13.0323400497,80.2305374146,32995,33005,10
13.0314598083,80.2305984497,33005,33015,10
13.0308904648,80.2306671143,33015,33026,11
13.0306301117,80.2307128906,33026,33036,10
13.0300798416,80.230758667,33036,33046,10
13.029800415,80.2307891846,33046,33056,10
13.0297498703,80.230796814,33056,33066,10
13.0293798447,80.2308273315,33066,33076,10
13.0289096832,80.2308425903,33076,33086,10
13.0284004211,80.2308807373,33086,33096,10
13.0279397964,80.2309188843,33096,33106,10
13.0277004242,80.2311325073,33106,33116,10
13.0277395248,80.2317581177,33116,33126,10
13.0278501511,80.2323913574,33126,33136,10
13.0274600983,80.2328567505,33136,33197,61
13.0274600983,80.2328567505,33197,33207,10
13.0272703171,80.2329025269,33207,33217,10
13.0271997452,80.2329101563,33217,33227,10
13.0270004272,80.2329406738,33227,33237,10
13.0267095566,80.2329406738,33237,33247,10
13.0263700485,80.2326889038,33247,33257,10
13.0261602402,80.2319717407,33257,33268,11
13.0258998871,80.2308883667,33268,33277,9
13.0254602432,80.2300415039,33277,33288,11
13.0250597,80.2295532227,33288,33298,10
13.024939537,80.2294235229,33298,33308,10
13.0246696472,80.2290802002,33308,33318,10
13.0245800018,80.2289505005,33318,33328,10
13.0240697861,80.2283401489,33328,33348,20
13.0240697861,80.2283401489,33348,33358,10
13.0240497589,80.228302002,33358,33368,10
13.023850441,80.2279968262,33368,33378,10
13.0234804153,80.2276229858,33378,33388,10
13.0230197906,80.2271499634,33388,33399,11
13.022359848,80.2265625,33399,33409,10
13.0218601227,80.2261581421,33409,33419,10
13.0213499069,80.2257385254,33419,33429,10
13.0208501816,80.2253570557,33429,33439,10
13.0203895569,80.2250900269,33439,33449,10
13.02023983,80.2249984741,33449,33459,10
13.0198602676,80.2247161865,33459,33469,10
13.019109726,80.2244720459,33469,33479,10
13.0181798935,80.2247467041,33479,33489,10
13.017250061,80.2251205444,33489,33505,16
13.0163497925,80.225479126,33505,33517,12
13.0156202316,80.2257385254,33517,33528,11
13.0148601532,80.2260665894,33528,33538,10
13.0141201019,80.2264099121,33538,33558,20
13.0141201019,80.2264099121,33558,33568,10
13.013879776,80.2265014648,33568,33578,10
13.0133600235,80.2266387939,33578,33587,9
13.0126304626,80.2268981934,33587,33598,11
13.011759758,80.2272415161,33598,33608,10
13.0106897354,80.2276687622,33608,33618,10
13.0096702576,80.2280578613,33618,33628,10
13.009059906,80.2287902832,33628,33639,11
13.0088796616,80.229927063,33639,33649,10
13.0086803436,80.23097229,33649,33659,10
13.0084896088,80.2319488525,33659,33669,10
13.0083198547,80.2328567505,33669,33678,9
13.0082302094,80.2335662842,33678,33699,21
13.0082302094,80.2335662842,33699,33709,10
13.0081596375,80.2337875366,33709,33719,10
13.0080900192,80.2341766357,33719,33729,10
13.0079298019,80.234916687,33729,33739,10
13.0077295303,80.2359313965,33739,33749,10
13.0075702667,80.2368774414,33749,33759,10
13.0074901581,80.2372589111,33759,33770,11
13.0073795319,80.2377929688,33770,33780,10
13.0072603226,80.2385025024,33780,33790,10
13.0070800781,80.2392578125,33790,33800,10
13.0069599152,80.2399520874,33800,33870,70
13.0069599152,80.2399520874,33870,33886,16
13.0068998337,80.2402801514,33886,33899,13
13.0068101883,80.2408370972,33899,33909,10
13.0068101883,80.2408676147,33909,33918,9
13.0068101883,80.2410736084,33918,33929,11
13.0067796707,80.2416381836,33929,33937,8
13.006770134,80.241859436,33937,33960,23
13.006770134,80.241859436,33960,33969,9
13.0067596436,80.2421417236,33969,33979,10
13.0067501068,80.2424163818,33979,33990,11
13.0067396164,80.2428817749,33990,34031,41
13.0067100525,80.2431793213,34031,34071,40
13.0067100525,80.2431793213,34071,34081,10
13.0067195892,80.2434692383,34081,34091,10
13.0066900253,80.2438430786,34091,34101,10
13.0067195892,80.244430542,34101,34111,10
13.0066699982,80.2448196411,34111,34121,10
13.0067100525,80.2452697754,34121,34130,9
13.006770134,80.2461776733,34130,34142,12
13.006770134,80.2461776733,34142,34152,10
13.0067796707,80.2462234497,34152,34162,10
13.0067796707,80.2464981079,34162,34172,10
13.0067901611,80.2467727661,34172,34182,10
13.0067996979,80.2468795776,34182,34192,10
13.0067396164,80.2472686768,34192,34202,10
13.0067300797,80.2477416992,34202,34214,12
13.0067796707,80.2486724854,34214,34224,10
13.0068998337,80.2496490479,34224,34243,19
13.0068998337,80.2496490479,34243,34254,11
13.0069198608,80.2500305176,34254,34265,11
13.0068798065,80.250831604,34265,34275,10
13.0068101883,80.2515182495,34275,34285,10
13.0066995621,80.2522201538,34285,34295,10
13.0067396164,80.2527389526,34295,34305,10
13.0066795349,80.2534103394,34305,34839,534
13.0067796707,80.2534637451,34839,34970,131
13.0067796707,80.2534637451,34970,34980,10
13.0066795349,80.2535018921,34980,34990,10
13.0066995621,80.2538604736,34990,35000,10
13.0066900253,80.2542877197,35000,35010,10
13.0066404343,80.2547836304,35010,35021,11
13.006649971,80.2554626465,35021,35031,10
13.0066404343,80.2562179565,35031,35041,10
13.006649971,80.256980896,35041,35051,10
13.0069303513,80.2579498291,35051,35061,10
13.0074501038,80.2585678101,35061,35071,10
13.0079097748,80.2588729858,35071,35081,10
13.0080003738,80.2592010498,35081,35091,10
13.0074796677,80.259262085,35091,35101,10
13.007229805,80.2587890625,35101,35111,10
13.007229805,80.2587585449,35111,35121,10
13.0071697235,80.2585601807,35121,35131,10
13.0066900253,80.2578430176,35131,35152,21
13.0066900253,80.2578430176,35152,35162,10
13.0067195892,80.2578277588,35162,35172,10
13.0065803528,80.2575531006,35172,35182,10
13.0065803528,80.2572631836,35182,35192,10
13.0066003799,80.2568893433,35192,35202,10
13.0065498352,80.256072998,35202,35212,10
13.0065698624,80.2555465698,35212,35222,10
13.0066099167,80.2550735474,35222,35232,10
13.0066299438,80.2546691895,35232,35242,10
13.0066003799,80.2540664673,35242,35252,10
13.0066795349,80.2533035278,35252,35263,11
13.0066604614,80.2532424927,35263,35273,10
13.0066404343,80.2529907227,35273,35283,10
13.006649971,80.2524414063,35283,35293,10
13.0067300797,80.2518081665,35293,35373,80
13.0067300797,80.2518081665,35373,35383,10
13.0067501068,80.2517166138,35383,35394,11
13.0068302155,80.2511825562,35394,35404,10
13.0068597794,80.2503433228,35404,35414,10
13.0068702698,80.2495880127,35414,35424,10
13.0068702698,80.249420166,35424,35434,10
13.0068597794,80.2491912842,35434,35444,10
13.0068101883,80.2485809326,35444,35454,10
13.0067300797,80.2480010986,35454,35464,10
13.0067195892,80.2474212646,35464,35474,10
13.0066404343,80.2464981079,35474,35494,20
13.0066404343,80.2464981079,35494,35504,10
13.0066604614,80.2462997437,35504,35514,10
13.0066299438,80.2459335327,35514,35525,11
13.006649971,80.2456436157,35525,35535,10
13.0066604614,80.2454605103,35535,35545,10
13.0066404343,80.245262146,35545,35555,10
13.0066299438,80.244972229,35555,35565,10
13.0066404343,80.2447509766,35565,35575,10
13.006649971,80.2443618774,35575,35585,10
13.0066299438,80.2439804077,35585,35595,10
13.0066299438,80.2436294556,35595,35605,10
13.0066099167,80.2431793213,35605,35615,10
13.0065898895,80.2424926758,35615,35625,10
13.0065803528,80.2418823242,35625,35635,10
13.0066003799,80.2415466309,35635,35646,11
13.0066204071,80.2411193848,35646,35656,10
13.0066604614,80.2408218384,35656,35666,10
13.0067195892,80.2404098511,35666,35716,50
13.0067195892,80.2404098511,35716,35726,10
13.0066900253,80.2403564453,35726,35736,10
13.006770134,80.2401275635,35736,35746,10
13.0068101883,80.2399215698,35746,35756,10
13.0068902969,80.2395172119,35756,35767,11
13.0070695877,80.2387237549,35767,35777,10
13.0072402954,80.2378921509,35777,35787,10
13.007399559,80.2370834351,35787,35797,10
13.0074396133,80.2366867065,35797,35807,10
13.0074396133,80.236656189,35807,35817,10
13.0075502396,80.236328125,35817,35827,10
13.0076999664,80.2356491089,35827,35837,10
13.0078601837,80.2348175049,35837,35847,10
13.0080499649,80.2339935303,35847,35857,10
13.0083398819,80.2325286865,35857,35867,10
13.0085897446,80.231262207,35867,35877,10
13.0088195801,80.2300033569,35877,35887,10
13.009059906,80.2287826538,35887,35898,11
13.0094604492,80.2275772095,35898,35908,10
13.0099401474,80.2265090942,35908,35918,10
13.0104198456,80.2255630493,35918,35928,10
13.0106697083,80.2250900269,35928,35938,10
13.0107002258,80.2250289917,35938,35948,10
13.010840416,80.2246932983,35948,35958,10
13.0111103058,80.2240371704,35958,35968,10
13.011349678,80.2233505249,35968,35998,30
13.011349678,80.2233505249,35998,36008,10
13.0114603043,80.2230987549,36008,36018,10
13.0116100311,80.2227783203,36018,36029,11
13.0118398666,80.2219619751,36029,36039,10
13.0122203827,80.2214126587,36039,36049,10
13.0126104355,80.221862793,36049,36059,10
13.0130395889,80.2224273682,36059,36069,10
13.0134801865,80.2229003906,36069,36079,10
13.013710022,80.2230987549,36079,36089,10
13.0140104294,80.2234115601,36089,36099,10
13.014169693,80.2236480713,36099,36109,10
13.014380455,80.2239608765,36109,36119,10
13.0149698257,80.2245407104,36119,36129,10
13.0154104233,80.224937439,36129,36139,10
13.0156002045,80.2250976563,36139,36150,11
13.0157003403,80.225151062,36150,36160,10
13.016169548,80.2253112793,36160,36170,10
13.0173301697,80.224937439,36170,36190,20
13.0173301697,80.224937439,36190,36200,10
13.017539978,80.2248535156,36200,36210,10
13.0178098679,80.2247619629,36210,36220,10
13.0180797577,80.2246398926,36220,36236,16
13.0185403824,80.2244567871,36236,36248,12
13.0189199448,80.224319458,36248,36256,8
13.0191698074,80.2242736816,36256,36268,12
13.0194702148,80.224281311,36268,36289,21
13.0194702148,80.224281311,36289,36299,10
13.0196895599,80.2244567871,36299,36309,10
13.0199604034,80.2246704102,36309,36319,10
13.0201997757,80.2248306274,36319,36330,11
13.0204000473,80.2249603271,36330,36340,10
13.0204696655,80.2249984741,36340,36350,10
13.0206604004,80.2251281738,36350,36360,10
13.0209503174,80.2253570557,36360,36370,10
13.021229744,80.2256622314,36370,36390,20
13.021229744,80.2256622314,36390,36401,11
13.0214004517,80.2258834839,36401,36411,10
13.0215597153,80.2259521484,36411,36421,10
13.0219602585,80.2261810303,36421,36441,20
13.0219602585,80.2261810303,36441,36451,10
13.0221595764,80.2263031006,36451,36461,10
13.0223302841,80.2264328003,36461,36481,20
13.0223302841,80.2264328003,36481,36491,10
13.0225296021,80.2266235352,36491,36501,10
13.0226602554,80.2267608643,36501,36511,10
13.0227804184,80.2268981934,36511,36521,10
13.0228900909,80.2269821167,36521,36532,11
13.0231103897,80.2272109985,36532,36542,10
13.0232200623,80.2273178101,36542,36562,20
13.0232200623,80.2273178101,36562,36572,10
13.0234603882,80.2275238037,36572,36582,10
13.0237102509,80.2277297974,36582,36592,10
13.0239896774,80.2279815674,36592,36602,10
13.024140358,80.2281570435,36602,36612,10
13.0243501663,80.2284011841,36612,36622,10
13.0245504379,80.2286834717,36622,36631,9
13.0247097015,80.2289199829,36631,36642,11
13.0248699188,80.2291793823,36642,36653,11
13.0252799988,80.2296829224,36653,36663,10
13.0257101059,80.2302398682,36663,36723,60
13.0257101059,80.2302398682,36723,36733,10
13.0258398056,80.2306289673,36733,36743,10
13.0258998871,80.2308197021,36743,36753,10
13.0259799957,80.2311401367,36753,36763,10
13.0262098312,80.2313079834,36763,36774,11
13.0269603729,80.2311401367,36774,36784,10
13.0276403427,80.2309875488,36784,36794,10
13.0282497406,80.2309494019,36794,36804,10
13.0284700394,80.2309112549,36804,36814,10
13.028719902,80.2308883667,36814,36825,11
13.0292596817,80.2308578491,36825,36936,111
13.0292596817,80.2308578491,36936,36946,10
13.0294504166,80.2308273315,36946,36956,10
13.0298404694,80.2307662964,36956,36966,10
13.0299596786,80.2307815552,36966,36976,10
13.0300998688,80.230758667,36976,36986,10
13.0304098129,80.2307434082,36986,36996,10
13.0310001373,80.2306976318,36996,37006,10
13.0316095352,80.2306518555,37006,37016,10
13.0323696136,80.2305831909,37016,37026,10
13.0332202911,80.2305221558,37026,37037,11
13.0336198807,80.2304992676,37037,37047,10
13.0338201523,80.2304992676,37047,37057,10
13.0340900421,80.23046875,37057,37067,10
13.0343904495,80.2304000854,37067,37106,39
13.0345697403,80.2303695679,37106,37137,31
13.0345697403,80.2303695679,37137,37147,10
13.0348901749,80.230430603,37147,37168,21
13.0348901749,80.230430603,37168,37178,10
13.0349502563,80.2308425903,37178,37188,10
13.0349197388,80.2312698364,37188,37198,10
13.0348300934,80.231880188,37198,37208,10
13.034740448,80.2324295044,37208,37218,10
13.0346698761,80.2329177856,37218,37228,10
13.0346298218,80.2331771851,37228,37238,10
13.0345697403,80.2335586548,37238,37248,10
13.0345001221,80.2340698242,37248,37258,10
13.0344600677,80.2345809937,37258,37268,10
13.0343799591,80.2351608276,37268,37279,11
13.0342998505,80.2360610962,37279,37289,10
13.0341997147,80.2368774414,37289,37299,10
13.0343599319,80.237411499,37299,37319,20
13.0343599319,80.2376098633,37319,37389,70
13.0343599319,80.2376098633,37389,37399,10
13.0344495773,80.2378463745,37399,37410,11
13.0347204208,80.2382125854,37410,37420,10
13.0350799561,80.2387237549,37420,37430,10
13.0354404449,80.2392730713,37430,37440,10
13.035949707,80.2394104004,37440,37450,10
13.0366802216,80.2394714355,37450,37460,10
13.0372695923,80.2395172119,37460,37469,9
13.0378303528,80.2396011353,37469,37480,11
13.0385103226,80.2396621704,37480,37490,10
13.039059639,80.2397384644,37490,37500,10
13.0395202637,80.2398071289,37500,37510,10
13.0399999619,80.2398681641,37510,37520,10
13.0403404236,80.2400436401,37520,37531,11
13.04047966,80.2404785156,37531,37541,10
13.0409603119,80.2405166626,37541,37551,10
13.0411596298,80.2405776978,37551,37561,10
13.0412902832,80.2405929565,37561,37571,10
13.0417699814,80.2406463623,37571,37581,10
13.0424098969,80.2407226563,37581,37591,10
13.0431699753,80.240852356,37591,37601,10
13.0439300537,80.2409362793,37601,37611,10
13.044500351,80.2406311035,37611,37621,10
13.0452203751,80.2401580811,37621,37631,10
13.0457601547,80.2397918701,37631,37641,10
13.0461196899,80.2395782471,37641,37662,21
13.0461196899,80.2395782471,37662,37672,10
13.0465602875,80.2396469116,37672,37682,10
13.0466804504,80.2397003174,37682,37692,10
13.0470504761,80.2397613525,37692,37702,10
13.0476999283,80.2398376465,37702,37712,10
13.0484399796,80.2399902344,37712,37722,10
13.0490703583,80.2401199341,37722,37732,10
13.0500402451,80.2403106689,37732,37742,10
13.0500402451,80.2403106689,37742,37752,10
13.0505399704,80.2404098511,37752,37762,10
13.0510396957,80.2405090332,37762,37772,10
13.051609993,80.2406082153,37772,37783,11
13.0524196625,80.2409133911,37783,37793,10
13.0525598526,80.2413024902,37793,37803,10
13.0526304245,80.2415390015,37803,37814,11
13.0532102585,80.2418670654,37814,37822,8
13.053730011,80.2421417236,37822,37834,12
13.0541496277,80.2422485352,37834,37853,19
13.0541496277,80.2422485352,37853,37863,10
13.0542097092,80.2422866821,37863,37874,11
13.0546598434,80.2423400879,37874,37883,9
13.0553598404,80.2422485352,37883,37894,11
13.0562000275,80.24243927,37894,37905,11
13.0566396713,80.2425918579,37905,37925,20
13.0566396713,80.2425918579,37925,37935,10
13.0568799973,80.2426300049,37935,37945,10
13.0574197769,80.2427978516,37945,37955,10
13.0581302643,80.2426986694,37955,37965,10
13.0588798523,80.2425689697,37965,37975,10
13.0593099594,80.2425231934,37975,37985,10
13.0598602295,80.2426528931,37985,37995,10
13.0603103638,80.2427978516,37995,38005,10
13.060500145,80.2428588867,38005,38015,10
13.0610399246,80.243019104,38015,38026,11
13.0616798401,80.2431411743,38026,38036,10
13.0624704361,80.2433013916,38036,38056,20
13.0624704361,80.2433013916,38056,38066,10
13.0627498627,80.2433929443,38066,38076,10
13.0633401871,80.2434997559,38076,38086,10
13.0638799667,80.2435379028,38086,38096,10
13.0641698837,80.2435379028,38096,38106,10
13.0646495819,80.2435836792,38106,38116,10
13.065580368,80.2435379028,38116,38247,131
13.065580368,80.2435379028,38247,38257,10
13.0660200119,80.2434692383,38257,38267,10
13.0666503906,80.243270874,38267,38278,11
13.0674200058,80.2429428101,38278,38288,10
13.0682401657,80.24269104,38288,38298,10
13.0688695908,80.2424621582,38298,38308,10
13.0689697266,80.2424163818,38308,38318,10
13.0690498352,80.2423324585,38318,38328,10
13.0694303513,80.2422332764,38328,38338,10
13.069849968,80.242149353,38338,38348,10
13.0699596405,80.2421264648,38348,38358,10
13.0700597763,80.2421035767,38358,38368,10
13.0705299377,80.2419891357,38368,38378,10
13.0708599091,80.241859436,38378,38388,10
13.0713796616,80.2416610718,38388,38398,10
13.0720996857,80.2412719727,38398,38409,11
13.0728197098,80.240852356,38409,38419,10
13.0735197067,80.2406387329,38419,38429,10
13.0743103027,80.2404785156,38429,38439,10
13.0753002167,80.2404708862,38439,38449,10
13.0762195587,80.2404708862,38449,38459,10
13.0769195557,80.2405776978,38459,38469,10
13.0771503448,80.2403488159,38469,38479,10
13.0769796371,80.2397003174,38479,38489,10
13.0767803192,80.2389678955,38489,38499,10
13.0766296387,80.2384414673,38499,38509,10
13.0765695572,80.2381820679,38509,38519,10
13.0765199661,80.2379074097,38519,38535,16
13.0763397217,80.2370910645,38535,38548,13
13.0763502121,80.2369613647,38548,38558,10
13.0763397217,80.2368011475,38558,38566,8
13.0762395859,80.2362365723,38566,38577,11
13.0761299133,80.2354736328,38577,38588,11
13.0757799149,80.2341003418,38588,38629,41
13.0757799149,80.2341003418,38629,38639,10
13.0757904053,80.2339706421,38639,38650,11
13.0763597488,80.2337722778,38650,38660,10
13.0771503448,80.2336730957,38660,38670,10
13.0780696869,80.2335662842,38670,38680,10
13.0789203644,80.233543396,38680,38690,10
13.0796403885,80.2335205078,38690,38700,10
13.0802202225,80.2334976196,38700,38710,10
13.0802898407,80.2335128784,38710,38720,10
13.0804595947,80.2335281372,38720,38730,10
13.0810499191,80.2335205078,38730,38740,10
13.0817499161,80.233543396,38740,38750,10
13.0819702148,80.2335205078,38750,38760,10
13.0820198059,80.2331771851,38760,38770,10
13.0821504593,80.2325363159,38770,38781,11
13.0824403763,80.2316513062,38781,38791,10
13.0827302933,80.2309570313,38791,38801,10
13.0829801559,80.2306594849,38801,38811,10
13.0831403732,80.2309494019,38811,38821,10
13.0831899643,80.2316665649,38821,38831,10
13.0832395554,80.2323379517,38831,38841,10
13.0832796097,80.2325134277,38841,38851,10
13.0833702087,80.2328109741,38851,38861,10
13.0834197998,80.2330474854,38861,38871,10
13.0834598541,80.2332763672,38871,38881,10
13.0834999084,80.2335586548,38881,38891,10
13.0840902328,80.2339172363,38891,38912,21
13.0840902328,80.2339172363,38912,38922,10
13.0843095779,80.2340087891,38922,38932,10
13.0846500397,80.2341003418,38932,38942,10
13.0852499008,80.2342071533,38942,38952,10
13.0859298706,80.2343826294,38952,38962,10
13.0865001678,80.2344970703,38962,38972,10
13.0872898102,80.2345733643,38972,38982,10
13.08796978,80.2341079712,38982,38992,10
13.0881204605,80.2331237793,38992,39002,10
13.0883598328,80.2320022583,39002,39012,10
13.0886297226,80.2311401367,39012,39021,9
13.0888795853,80.2305603027,39021,39033,12
13.08893013,80.2304229736,39033,39043,10
13.0891399384,80.2300415039,39043,39052,9
13.0894804001,80.2294387817,39052,39063,11
13.090180397,80.2286224365,39063,39073,10
13.0908899307,80.2278518677,39073,39083,10
13.091340065,80.2273483276,39083,39093,10
13.0914201736,80.2272720337,39093,39103,10
13.0916500092,80.2270812988,39103,39113,10
13.092089653,80.2266235352,39113,39123,10
13.0927200317,80.2259597778,39123,39133,10
13.0933799744,80.2253036499,39133,39143,10
13.093870163,80.2247314453,39143,39153,10
13.0944700241,80.2239608765,39153,39164,11
13.0950498581,80.2230606079,39164,39174,10
13.0952501297,80.2225036621,39174,39184,10
13.095290184,80.2223815918,39184,39194,10
13.0955200195,80.2218399048,39194,39204,10
13.0957298279,80.2212295532,39204,39214,10
13.0959196091,80.2206802368,39214,39224,10
13.0961399078,80.2200622559,39224,39234,10
13.0963602066,80.2194290161,39234,39244,10
13.0965299606,80.218963623,39244,39254,10
13.0967102051,80.2183609009,39254,39264,10
13.0969200134,80.2177429199,39264,39274,10
13.097120285,80.2171478271,39274,39285,11
13.0971803665,80.2169876099,39285,39295,10
13.0972995758,80.2167205811,39295,39305,10
13.0975503922,80.2161331177,39305,39315,10
13.097869873,80.2153930664,39315,39325,10
13.0982103348,80.2145996094,39325,39335,10
13.0985002518,80.2140197754,39335,39345,10
13.0988702774,80.2140808105,39345,39355,10
13.0992603302,80.2142333984,39355,39365,10
13.0998601913,80.2144012451,39365,39375,10
13.1003704071,80.2145614624,39375,39405,30
13.1003704071,80.2145614624,39405,39416,11
13.1006002426,80.2147827148,39416,39426,10
13.1003398895,80.2153396606,39426,39436,10
13.1000995636,80.2159194946,39436,39446,10
13.0999002457,80.216003418,39446,39456,10
13.0999898911,80.215713501,39456,39466,10
13.1001596451,80.2153625488,39466,39476,10
13.1003303528,80.2148971558,39476,40666,1190
13.1003303528,80.2148971558,40666,40676,10
13.1002702713,80.2147598267,40676,40686,10
13.1002197266,80.2146224976,40686,40696,10
13.0999403,80.2144622803,40696,40706,10
13.0995597839,80.2143478394,40706,40716,10
13.0989398956,80.2141723633,40716,40726,10
13.0986003876,80.214050293,40726,40736,10
13.0984697342,80.2140579224,40736,40746,10
13.0983104706,80.2144393921,40746,40756,10
13.0980195999,80.2151031494,40756,40766,10
13.0976800919,80.2159194946,40766,40776,10
13.0973901749,80.2166595459,40776,40787,11
13.0973501205,80.2167816162,40787,40797,10
13.0972499847,80.2170333862,40797,40807,10
13.0970201492,80.2176437378,40807,40817,10
13.096739769,80.218460083,40817,40827,10
13.0964403152,80.2193832397,40827,40837,10
13.0960998535,80.2203292847,40837,40847,10
13.0958299637,80.2210998535,40847,40863,16
13.0955200195,80.2220306396,40863,40875,12
13.0953903198,80.2223815918,40875,40883,8
13.0953302383,80.2225036621,40883,40895,12
13.0951404572,80.2229690552,40895,40906,11
13.0946798325,80.2237167358,40906,40917,11
13.0940599442,80.2245635986,40917,40926,9
13.0935602188,80.2251663208,40926,40937,11
13.0932397842,80.2255172729,40937,40947,10
13.0931196213,80.2256622314,40947,40957,10
13.0926599503,80.2260971069,40957,40967,10
13.0921001434,80.2266464233,40967,40977,10
13.0914802551,80.2273025513,40977,40987,10
13.0911798477,80.2276306152,40987,40997,10
13.0911502838,80.2276611328,40997,41007,10
13.0909204483,80.2279205322,41007,41017,10
13.0904798508,80.2284011841,41017,41027,10
13.0899200439,80.2290115356,41027,41038,11
13.0893697739,80.2297363281,41038,41048,10
13.0891599655,80.2301712036,41048,41058,10
13.0890197754,80.2304992676,41058,41068,10
13.0888395309,80.2309265137,41068,41078,10
13.0888299942,80.2309417725,41078,41088,10
13.0887298584,80.2310714722,41088,41098,10
13.0885400772,80.2315597534,41098,41108,10
13.0883197784,80.2323303223,41108,41118,10
13.0881004333,80.2331924438,41118,41128,10
13.0880203247,80.2340393066,41128,41138,10
13.0874996185,80.2345428467,41138,41148,10
13.0868396759,80.2345581055,41148,41159,11
13.0862903595,80.2344665527,41159,41169,10
13.0860996246,80.2344512939,41169,41179,10
13.0858201981,80.2343673706,41179,41189,10
13.0853796005,80.2342376709,41189,41199,10
13.0853300095,80.2342224121,41199,41209,10
13.0849504471,80.2341537476,41209,41219,10
13.0845603943,80.2340316772,41219,41229,10
13.0839004517,80.2339401245,41229,41249,20
13.0839004517,80.2339401245,41249,41259,10
13.0835103989,80.2338562012,41259,41269,10
13.0829801559,80.2338180542,41269,41279,10
13.082400322,80.2337188721,41279,41300,21
13.082400322,80.2337188721,41300,41310,10
13.0820903778,80.2335968018,41310,41320,10
13.0815696716,80.2335510254,41320,41330,10
13.0808696747,80.2335510254,41330,41340,10
13.0802001953,80.2335205078,41340,41350,10
13.0796203613,80.2334823608,41350,41370,20
13.0796203613,80.2334823608,41370,41380,10
13.0791797638,80.2335205078,41380,41390,10
13.0785903931,80.2335510254,41390,41400,10
13.0777797699,80.2336120605,41400,41411,11
13.0770597458,80.2336502075,41411,41421,10
13.0765104294,80.233757019,41421,41431,10
13.0760803223,80.2338027954,41431,41441,10
13.0760498047,80.2338027954,41441,41451,10
13.0758104324,80.2339630127,41451,41461,10
13.0758600235,80.2340774536,41461,41470,9
13.0759000778,80.2343978882,41470,41481,11
13.0760698318,80.2350463867,41481,41491,10
13.0762395859,80.2359619141,41491,41501,10
13.0763597488,80.2367706299,41501,41511,10
13.076499939,80.237197876,41511,41531,20
13.076499939,80.237197876,41531,41542,11
13.0765399933,80.2374267578,41542,41552,10
13.0765199661,80.2375335693,41552,41562,10
13.0765304565,80.2376480103,41562,41572,10
13.0766296387,80.2379684448,41572,41612,40
13.0766296387,80.2379684448,41612,41622,10
13.0767297745,80.2383728027,41622,41632,10
13.0768699646,80.2389602661,41632,41642,10
13.0770597458,80.2396774292,41642,41652,10
13.0772600174,80.2406311035,41652,41663,11
13.0773897171,80.2412109375,41663,41673,10
13.0774402618,80.2416381836,41673,41683,10
13.0776100159,80.2423324585,41683,41693,10
13.0777397156,80.2432022095,41693,41703,10
13.0777902603,80.2440490723,41703,41713,10
13.0777797699,80.2442779541,41713,41723,10
13.0778303146,80.244682312,41723,41733,10
13.0778999329,80.2453689575,41733,41743,10
13.0779600143,80.246383667,41743,41753,10
13.0781803131,80.2474975586,41753,41763,10
13.0784101486,80.2485275269,41763,41773,10
13.0785303116,80.2490768433,41773,41784,11
13.0786399841,80.2495574951,41784,41794,10
13.078669548,80.2502212524,41794,41804,10
13.0784797668,80.2507095337,41804,41814,10
13.0785398483,80.2514266968,41814,41824,10
13.0782604218,80.251663208,41824,41834,10
13.0775995255,80.2517929077,41834,41844,10
13.0767803192,80.2519607544,41844,41854,10
13.0760002136,80.2520828247,41854,41864,10
13.0748796463,80.2521896362,41864,41874,10
13.0741195679,80.252243042,41874,41884,10
13.0736198425,80.2524337769,41884,41894,10
13.0730400085,80.2523880005,41894,41904,10
13.0724201202,80.2522506714,41904,41915,11
13.0720996857,80.2515029907,41915,41925,10
13.0719003677,80.2505722046,41925,41935,10
13.071559906,80.249458313,41935,41945,10
13.0713796616,80.2484436035,41945,41954,9
13.0711402893,80.2476196289,41954,41965,11
13.0707302094,80.246711731,41965,41975,10
13.0701704025,80.2455368042,41975,41985,10
13.0697603226,80.2444763184,41985,41995,10
13.0695104599,80.2438201904,41995,42005,10
13.0692996979,80.2433013916,42005,42015,10
13.0692996979,80.2432479858,42015,42025,10
13.0692996979,80.2432022095,42025,42035,10
13.0692396164,80.2428665161,42035,42046,11
13.0689201355,80.2425231934,42046,42056,10
13.0680599213,80.242729187,42056,42066,10
13.0672197342,80.2430267334,42066,42082,16
13.066160202,80.243598938,42082,42094,12
13.0661401749,80.2442932129,42094,42103,9
13.0661497116,80.2445983887,42103,42113,10
13.0663099289,80.2452163696,42113,42124,11
13.0664396286,80.2456588745,42124,42134,10
13.0673799515,80.2462768555,42134,42144,10
13.0678596497,80.24659729,42144,42154,10
13.0678796768,80.2466125488,42154,42165,11
13.0679101944,80.2469482422,42165,42175,10
13.0678701401,80.2475891113,42175,42185,10
13.0675897598,80.247833252,42185,42195,10
13.0669002533,80.2478179932,42195,42205,10
13.0661096573,80.2478485107,42205,42227,22
13.0641803741,80.2477111816,42227,42239,12
13.0631599426,80.2476425171,42239,42249,10
13.0623998642,80.2476119995,42249,42259,10
13.0617599487,80.247543335,42259,42269,10
13.0613899231,80.2472229004,42269,42279,10
13.0614404678,80.2468795776,42279,42289,10
13.0617303848,80.2466201782,42289,42300,11
13.0619602203,80.2458114624,42300,42310,10
13.062210083,80.2452468872,42310,42320,10
13.0630502701,80.2444992065,42320,42340,20
13.0630502701,80.2444992065,42340,42350,10
13.0632400513,80.2442474365,42350,42360,10
13.06346035,80.2437973022,42360,42370,10
13.0631399155,80.2434997559,42370,42380,10
13.0626096725,80.2433929443,42380,42390,10
13.0620603561,80.2432632446,42390,42400,10
13.0615501404,80.2431793213,42400,42410,10
13.0610399246,80.2431030273,42410,42421,11
13.060549736,80.2428665161,42421,42431,10
13.0598802567,80.2426605225,42431,42441,10
13.0593500137,80.2425613403,42441,42451,10
13.0589799881,80.2425918579,42451,42461,10
13.0588102341,80.2426223755,42461,42471,10
13.0586795807,80.2426300049,42471,42481,10
13.0582895279,80.242729187,42481,42491,10
13.0577402115,80.2427902222,42491,42501,10
13.0571804047,80.2428131104,42501,42517,16
13.056520462,80.2426528931,42517,42529,12
13.0561199188,80.2424621582,42529,42539,10
13.055680275,80.2423095703,42539,42549,10
13.0549602509,80.242401123,42549,42560,11
13.0541200638,80.2423629761,42560,42582,22
13.0541200638,80.2423629761,42582,42592,10
13.053899765,80.2422866821,42592,42612,20
13.053899765,80.2422866821,42612,42622,10
13.0535802841,80.2421798706,42622,42632,10
13.0532598495,80.2420120239,42632,42703,71
13.0532598495,80.2420120239,42703,42713,10
13.0531196594,80.2418289185,42713,42723,10
13.0526895523,80.2417068481,42723,42733,10
13.052280426,80.2412109375,42733,42743,10
13.0520601273,80.2408828735,42743,42753,10
13.05189991,80.2407608032,42753,42763,10
13.0516796112,80.2406768799,42763,42773,10
13.0513601303,80.2406005859,42773,42783,10
13.0511798859,80.240562439,42783,42794,11
13.0510396957,80.2405395508,42794,42804,10
13.0509195328,80.2405166626,42804,42814,10
13.0504302979,80.2404174805,42814,42824,10
13.0497903824,80.2402572632,42824,42834,10
13.0492801666,80.2401275635,42834,42844,10
13.0487499237,80.2400436401,42844,42854,10
13.048119545,80.2399368286,42854,42864,10
13.0474300385,80.2398376465,42864,42874,10
13.0467395782,80.2397003174,42874,42884,10
13.0462999344,80.2395401001,42884,42894,10
13.046330452,80.2392883301,42894,42904,10
13.0464200974,80.2388381958,42904,42914,10
13.046500206,80.2384796143,42914,42925,11
13.0466604233,80.238067627,42925,42935,10
13.0468196869,80.2375030518,42935,42945,10
13.0469703674,80.2367401123,42945,42955,10
13.0470399857,80.2362136841,42955,42965,10
13.0471200943,80.2358398438,42965,42975,10
13.0471000671,80.2356567383,42975,42985,10
13.0472002029,80.2351608276,42985,42994,9
13.0472698212,80.2344436646,42994,43004,10
13.0474100113,80.233581543,43004,43015,11
13.0474596024,80.2332077026,43015,43025,10
13.0474700928,80.2331924438,43025,43035,10
13.0472698212,80.233039856,43035,43046,11
13.0467195511,80.2329101563,43046,43056,10
13.045920372,80.2327575684,43056,43066,10
13.0454101563,80.2326431274,43066,43076,10
13.0453195572,80.2326202393,43076,43086,10
13.0450201035,80.2325668335,43086,43096,10
13.0444803238,80.2324829102,43096,43106,10
13.0437498093,80.232383728,43106,43116,10
13.0430898666,80.2322998047,43116,43126,10
13.0423803329,80.2322998047,43126,43136,10
13.0417900085,80.2322311401,43136,43146,10
13.0408201218,80.2320175171,43146,43156,10
13.0399799347,80.2317428589,43156,43166,10
13.0390300751,80.2314834595,43166,43177,11
13.0378303528,80.2311019897,43177,43187,10
13.0368204117,80.2307891846,43187,43207,20
13.0368204117,80.2307891846,43207,43217,10
13.036740303,80.2306976318,43217,43227,10
13.0361404419,80.2305603027,43227,43237,10
13.0351800919,80.2303237915,43237,43314,77
13.0351800919,80.2303237915,43314,43326,12
13.0349397659,80.2303771973,43326,43336,10
13.0346403122,80.2304077148,43336,43346,10
13.0336198807,80.2304611206,43346,43366,20
13.0336198807,80.2304611206,43366,43376,10
13.0334701538,80.2304763794,43376,43386,10
13.0331401825,80.2304992676,43386,43395,9
13.0324602127,80.2305831909,43395,43406,11
13.03166008,80.2306518555,43406,43416,10
13.0309400558,80.2306900024,43416,43427,11
13.030670166,80.2306976318,43427,43437,10
13.0302200317,80.230758667,43437,43447,10
13.0298204422,80.2308120728,43447,43457,10
13.0297603607,80.2308425903,43457,43467,10
13.0293598175,80.2308807373,43467,43477,10
13.0287704468,80.2309112549,43477,43487,10
13.0280599594,80.2310028076,43487,43497,10
13.0277099609,80.2311019897,43497,43507,10
13.0276699066,80.231590271,43507,43517,10
13.0277500153,80.2322235107,43517,43527,10
13.0278596878,80.2327804565,43527,43537,10
13.0272197723,80.2329025269,43537,43568,31
13.0272197723,80.2329025269,43568,43578,10
13.0266399384,80.2329483032,43578,43588,10
13.0263299942,80.2324676514,43588,43598,10
13.0261497498,80.231880188,43598,43608,10
13.0260601044,80.2315216064,43608,43618,10
13.0258998871,80.2309036255,43618,43628,10
13.0255002975,80.2301635742,43628,43638,10
13.0249996185,80.2295227051,43638,43648,10
13.0247602463,80.2292404175,43648,43658,10
13.0245304108,80.2289276123,43658,43668,10
13.0240497589,80.2283706665,43668,43689,21
13.0240497589,80.2283706665,43689,43705,16
13.0239496231,80.2282333374,43705,43718,13
13.0235099792,80.2277297974,43718,43728,10
13.0230102539,80.2272720337,43728,43736,8
13.0225400925,80.2268218994,43736,43748,12
13.021730423,80.2261123657,43748,43758,10
13.0209798813,80.2255172729,43758,43766,8
13.0204801559,80.225151062,43766,43777,11
13.0198202133,80.2246932983,43777,43786,9
13.0190200806,80.2244491577,43786,43798,12
13.0178003311,80.2248916626,43798,43809,11
13.0169401169,80.2252426147,43809,43819,10
13.0165100098,80.2254333496,43819,43829,10
13.0161104202,80.2255783081,43829,43839,10
13.0155696869,80.225769043,43839,43849,10
13.015250206,80.2259216309,43849,43858,9
13.0150003433,80.22605896,43858,43869,11
13.0146598816,80.2261810303,43869,43879,10
13.0142202377,80.2263565063,43879,43889,10
13.013879776,80.2265167236,43889,43899,10
13.0138597488,80.2265167236,43899,43909,10
13.0135602951,80.2265777588,43909,43919,10
13.0130300522,80.2267532349,43919,43930,11
13.0122900009,80.2270202637,43930,43940,10
13.011639595,80.2273025513,43940,43950,10
13.010840416,80.2276382446,43950,43960,10
13.0099601746,80.2279815674,43960,43970,10
13.0092096329,80.2284393311,43970,43980,10
13.0089502335,80.2294006348,43980,43990,10
13.0087203979,80.2305526733,43990,44000,10
13.0085201263,80.2316207886,44000,44010,10
13.0083398819,80.2326583862,44010,44020,10
13.0082397461,80.2334899902,44020,44030,10
13.0081996918,80.2336883545,44030,44040,10
13.0081396103,80.2338027954,44040,44050,10
13.0080404282,80.2342605591,44050,44061,11
13.0078496933,80.2351074219,44061,44071,10
13.0076799393,80.2360229492,44071,44081,10
13.0074901581,80.2370529175,44081,44091,10
13.0073204041,80.2379837036,44091,44100,9
13.0071697235,80.2387619019,44100,44111,11
13.0068798065,80.2396469116,44111,44121,10
13.0068397522,80.2403411865,44121,44131,10
13.006770134,80.2407531738,44131,44161,30
13.006770134,80.2407531738,44161,44171,10
13.0067100525,80.2411575317,44171,44182,11
13.0066900253,80.241897583,44182,44192,10
13.0066900253,80.2427902222,44192,44202,10
13.0066604614,80.2436599731,44202,44212,10
13.0065803528,80.2443618774,44212,44222,10
13.0065803528,80.2445373535,44222,44232,10
13.0065698624,80.2448196411,44232,44242,10
13.0066099167,80.2451171875,44242,44281,39
13.0066099167,80.2451171875,44281,44292,11
13.0066795349,80.2456817627,44292,44302,10
13.0066995621,80.2462081909,44302,44313,11
13.0067300797,80.2469024658,44313,44323,10
13.0066995621,80.2477035522,44323,44333,10
13.0067195892,80.2486495972,44333,44343,10
13.0068101883,80.2495117188,44343,44373,30
13.0068101883,80.2495117188,44373,44383,10
13.006770134,80.2497024536,44383,44393,10
13.0067300797,80.2501831055,44393,44403,10
13.0067100525,80.250793457,44403,44413,10
13.0066795349,80.2512817383,44413,44423,10
13.0065898895,80.251701355,44423,44433,10
13.006480217,80.2524337769,44433,44444,11
13.006480217,80.2534408569,44444,44454,10
13.0065202713,80.2543487549,44454,44464,10
13.0065698624,80.2546310425,44464,44474,10
13.0065603256,80.2547836304,44474,44484,10
13.0065097809,80.2552032471,44484,44494,10
13.0065202713,80.2559814453,44494,44510,16
13.0064897537,80.256652832,44510,44522,12
13.0066003799,80.2573394775,44522,44530,8
13.0065097809,80.257522583,44530,44542,12
13.0061903,80.2575302124,44542,44552,10
13.0054502487,80.2573623657,44552,44562,10
13.0048103333,80.2571792603,44562,44573,11
13.0039396286,80.2570037842,44573,44584,11
13.0031795502,80.2568435669,44584,44594,10
13.0027198792,80.2567520142,44594,44603,9
13.0024299622,80.256690979,44603,44614,11
13.0020704269,80.2566223145,44614,44624,10
13.0015201569,80.2565612793,44624,44634,10
13.000869751,80.2564697266,44634,44644,10
13.0002098083,80.256362915,44644,44654,10
13.0000696182,80.2563323975,44654,44664,10
12.9999704361,80.2563171387,44664,44674,10
12.9994897842,80.2562026978,44674,44684,10
12.9988803864,80.2560806274,44684,44695,11
12.9980802536,80.2559585571,44695,44705,10
12.9975996017,80.2559509277,44705,44715,10
12.9973802567,80.2559432983,44715,44725,10
12.9969797134,80.2559967041,44725,44735,10
12.9968299866,80.2563323975,44735,44751,16
12.9967803955,80.2570037842,44751,44763,12
12.9967899323,80.2570037842,44763,44773,10
12.9967899323,80.257232666,44773,44783,10
12.9967002869,80.2578811646,44783,44793,10
12.9965696335,80.2585906982,44793,44803,10
12.9964799881,80.2591018677,44803,44813,10
12.9964599609,80.2592086792,44813,44824,11
12.9963903427,80.2595825195,44824,44834,10
12.9963598251,80.2596664429,44834,44843,9
12.9963302612,80.2600479126,44843,44854,11
12.996339798,80.2607803345,44854,44864,10
12.9963197708,80.2611999512,44864,44874,10
12.9962396622,80.2614517212,44874,44884,10
12.9961996078,80.2618713379,44884,44894,10
12.9961900711,80.2619018555,44894,44904,10
12.9961595535,80.2620925903,44904,44914,10
12.9961299896,80.2624435425,44914,44924,10
12.996049881,80.2630615234,44924,44934,10
12.9959001541,80.2647018433,44934,44945,11
12.9959001541,80.2647018433,44945,44955,10
12.9957895279,80.2656936646,44955,44965,10
12.9957199097,80.2668075562,44965,44975,10
12.9956703186,80.267578125,44975,44985,10
12.9960699081,80.2677001953,44985,44995,10
12.9961500168,80.2677001953,44995,45005,10
12.9963798523,80.2677383423,45005,45016,11
12.9969596863,80.2676696777,45016,45026,10
12.9977397919,80.2674789429,45026,45036,10
12.99862957,80.2672729492,45036,45046,10
12.9993600845,80.2670211792,45046,45056,10
13.0,80.2667312622,45056,45066,10
13.000120163,80.2665634155,45066,45077,11
13.0002002716,80.2664489746,45077,45087,10
13.0002603531,80.2661209106,45087,45097,10
13.0003004074,80.2657775879,45097,45107,10
13.0003595352,80.2658081055,45107,45117,10
13.0003299713,80.2662124634,45117,45359,242
13.0004396439,80.2663574219,45359,45379,20
13.0004396439,80.2663574219,45379,45389,10
13.0003700256,80.2665786743,45389,45399,10
13.000120163,80.2668991089,45399,45409,10
12.9994001389,80.2670974731,45409,45419,10
12.9985704422,80.2673187256,45419,45429,10
12.9980897903,80.2674789429,45429,45439,10
12.9975299835,80.2676467896,45439,45450,11
12.996720314,80.2678222656,45450,45460,10
12.9960098267,80.2677612305,45460,45470,10
12.995759964,80.2673721313,45470,45490,20
12.995759964,80.2673721313,45490,45500,10
12.9957704544,80.2670288086,45500,45510,10
12.9958095551,80.266456604,45510,45520,10
12.9959001541,80.265663147,45520,45530,10
12.9960098267,80.2647628784,45530,45540,10
12.9960899353,80.2638015747,45540,45550,10
12.996219635,80.2626571655,45550,45570,20
12.996219635,80.2626571655,45570,45581,11
12.9962902069,80.2623825073,45581,45591,10
12.9963598251,80.2620010376,45591,45601,10
12.9964103699,80.2617034912,45601,45611,10
12.9964599609,80.261138916,45611,45621,10
12.9965200424,80.2605514526,45621,45631,10
12.9965896606,80.2599563599,45631,45641,10
12.9966001511,80.2594985962,45641,45651,10
12.9965896606,80.2594299316,45651,45661,10
12.9966001511,80.2591018677,45661,45671,10
12.9966602325,80.2585296631,45671,45681,10
12.9967699051,80.2577362061,45681,45691,10
12.9968700409,80.2568817139,45691,45702,11
12.9968700409,80.2561264038,45702,45772,70
12.9968700409,80.2561264038,45772,45782,10
12.9969701767,80.255859375,45782,45792,10
12.9974298477,80.2558517456,45792,45802,10
12.9980697632,80.2559127808,45802,45812,10
12.998459816,80.2559661865,45812,45822,10
12.9984798431,80.2559661865,45822,45833,11
12.9988298416,80.2560424805,45833,45863,30
12.9989795685,80.2560195923,45863,45903,40
12.9989795685,80.2560195923,45903,45913,10
12.9993696213,80.2561416626,45913,45923,10
12.999710083,80.2562026978,45923,45933,10
13.000289917,80.2563171387,45933,45943,10
13.0010204315,80.256439209,45943,45953,10
13.0014400482,80.2565307617,45953,45964,11
13.0017004013,80.2565917969,45964,45974,10
13.0020799637,80.2566070557,45974,45984,10
13.0025997162,80.2566986084,45984,45994,10
13.0031795502,80.2567977905,45994,46004,10
13.003780365,80.2569122314,46004,46014,10
13.0043001175,80.2570266724,46014,46024,10
13.004650116,80.2571334839,46024,46034,10
13.0050096512,80.2572097778,46034,46044,10
13.0058603287,80.2573394775,46044,46054,10
13.0062999725,80.2574234009,46054,46085,31
13.0062999725,80.2574234009,46085,46095,10
13.0064201355,80.2574386597,46095,46105,10
13.0065498352,80.2571411133,46105,46115,10
13.0065097809,80.2566223145,46115,46125,10
13.0064897537,80.2559204102,46125,46135,10
13.0065498352,80.2554779053,46135,46145,10
13.0066204071,80.2552108765,46145,46155,10
13.0066299438,80.2547302246,46155,46165,10
13.0065803528,80.2540588379,46165,46174,9
13.0066204071,80.2535018921,46174,46184,10
13.0066204071,80.2532501221,46184,46195,11
13.0065898895,80.2531661987,46195,46205,10
13.0065898895,80.2527618408,46205,46216,11
13.0066404343,80.2520828247,46216,46246,30
13.0066404343,80.2520828247,46246,46256,10
13.0066604614,80.2517623901,46256,46266,10
13.0067596436,80.2511367798,46266,46276,10
13.0068101883,80.2507324219,46276,46296,20
13.0068101883,80.2507324219,46296,46306,10
13.0068397522,80.2505264282,46306,46316,10
13.0068397522,80.25050354,46316,46326,10
13.0068702698,80.2503662109,46326,46337,11
13.0068397522,80.2498474121,46337,46347,10
13.0068302155,80.2496032715,46347,46357,10
13.0068702698,80.2494812012,46357,46367,10
13.0068302155,80.2489700317,46367,46377,10
13.0067501068,80.2486801147,46377,46447,70
13.0067501068,80.2486801147,46447,46457,10
13.0067501068,80.2484207153,46457,46468,11
13.0067100525,80.2481613159,46468,46478,10
13.0066900253,80.2475662231,46478,46488,10
13.0066795349,80.2468795776,46488,46498,10
13.0066204071,80.2466583252,46498,46508,10
13.0066404343,80.2465591431,46508,46518,10
13.0066604614,80.2461090088,46518,46528,10
13.0066299438,80.2455978394,46528,46538,10
13.0066204071,80.2453231812,46538,46548,10
13.0066404343,80.2450790405,46548,46558,10
13.0066204071,80.2447280884,46558,46568,10
13.0066204071,80.2445068359,46568,46578,10
13.0066204071,80.2441177368,46578,46589,11
13.0066003799,80.2436523438,46589,46599,10
13.0065898895,80.2429962158,46599,46609,10
13.0065898895,80.242149353,46609,46619,10
13.0065898895,80.2416000366,46619,46629,10
13.0066204071,80.2414627075,46629,46639,10
13.0066404343,80.2410583496,46639,46649,10
13.0066795349,80.240737915,46649,46659,10
13.0067396164,80.2403030396,46659,46669,10
13.0067901611,80.2398376465,46669,46679,10
13.0069599152,80.2391433716,46679,46689,10
13.0071401596,80.2383270264,46689,46699,10
13.0072402954,80.2379379272,46699,46709,10
13.007349968,80.2374572754,46709,46720,11
13.0074300766,80.2368087769,46720,46740,20
13.0074300766,80.2368087769,46740,46750,10
13.007519722,80.2365188599,46750,46760,10
13.0076398849,80.2359466553,46760,46770,10
13.0077896118,80.2351837158,46770,46780,10
13.0079698563,80.2342681885,46780,46790,10
13.008190155,80.2331924438,46790,46800,10
13.0083999634,80.2320327759,46800,46810,10
13.0086202621,80.2308578491,46810,46820,10
13.0088596344,80.2296905518,46820,46830,10
13.0091199875,80.2285308838,46830,46841,11
13.0095596313,80.2273712158,46841,46851,10
13.010020256,80.226348877,46851,46861,10
13.0104398727,80.2254714966,46861,46871,10
13.0106897354,80.2249832153,46871,46881,10
13.0107603073,80.2247619629,46881,46891,10
13.010840416,80.2246017456,46891,46901,10
13.0110197067,80.2240829468,46901,46911,10
13.0112104416,80.2236862183,46911,46931,20
13.0112104416,80.2236862183,46931,46941,10
13.0112895966,80.2233200073,46941,46951,10
13.0116100311,80.2226409912,46951,46961,10
13.0118999481,80.221786499,46961,46972,11
13.0123195648,80.221496582,46972,46982,10
13.0126895905,80.222038269,46982,46992,10
13.0131502151,80.2225570679,46992,47002,10
13.0136098862,80.2230606079,47002,47012,10
13.0140199661,80.2235412598,47012,47022,10
13.014380455,80.2239837646,47022,47032,10
13.0148200989,80.2244567871,47032,47042,10
13.0150604248,80.2247085571,47042,47052,10
13.01541996,80.2249603271,47052,47062,10
13.0155601501,80.2250900269,47062,47072,10
13.0156402588,80.2251586914,47072,47082,10
13.0159902573,80.2253189087,47082,47092,10
13.0167198181,80.2252426147,47092,47103,11
13.0176401138,80.2248687744,47103,47119,16
13.0189399719,80.2243728638,47119,47131,12
13.019659996,80.2245025635,47131,47141,10
13.0200395584,80.2247619629,47141,47151,10
13.0206403732,80.225189209,47151,47161,10
13.0209798813,80.2254562378,47161,47171,10
13.0213003159,80.2257614136,47171,47181,10
13.0220003128,80.2262268066,47181,47201,20
13.0220003128,80.2262268066,47201,47211,10
13.0222196579,80.2264099121,47211,47222,11
13.0227499008,80.2268981934,47222,47232,10
13.0233602524,80.2274780273,47232,47242,10
13.0239200592,80.2279815674,47242,47252,10
13.0242700577,80.2283172607,47252,47262,10
13.0245304108,80.2287368774,47262,47272,10
13.0248003006,80.2291488647,47272,47282,10
13.0251398087,80.2295684814,47282,47292,10
13.0255203247,80.230140686,47292,47302,10
13.025850296,80.2307434082,47302,47322,20
13.025850296,80.2307434082,47322,47332,10
13.0259399414,80.2309875488,47332,47343,11
13.026049614,80.2313232422,47343,47352,9
13.0264797211,80.2312164307,47352,47363,11
13.0271997452,80.2310562134,47363,47373,10
13.0277099609,80.2309494019,47373,47383,10
13.0284004211,80.2309188843,47383,47413,30
13.0284004211,80.2309188843,47413,47423,10
13.0289001465,80.2308807373,47423,47433,10
13.0291404724,80.2308502197,47433,47484,51
13.0291404724,80.2308502197,47484,47494,10
13.0295000076,80.2307815552,47494,47504,10
13.0300197601,80.2307434082,47504,47514,10
13.0305204391,80.2306976318,47514,47524,10
13.031080246,80.2306594849,47524,47534,10
13.031709671,80.2306213379,47534,47550,16
13.0329999924,80.230506897,47550,47562,12
13.0334501266,80.2304992676,47562,47570,8
13.034119606,80.2304229736,47570,47633,63
13.034119606,80.2304229736,47633,47643,10
13.0343799591,80.2303237915,47643,47653,10
13.0344400406,80.2303237915,47653,47663,10
13.0347604752,80.2303009033,47663,47683,20
13.0347604752,80.2303009033,47683,47693,10
13.0348901749,80.2304611206,47693,47703,10
13.0349197388,80.2306900024,47703,47713,10
13.0348701477,80.2312393188,47713,47724,11
13.0347700119,80.2319412231,47724,47734,10
13.0347003937,80.2325897217,47734,47744,10
13.0346097946,80.2330780029,47744,47754,10
13.0345697403,80.2333831787,47754,47764,10
13.0344800949,80.2340164185,47764,47774,10
13.0343599319,80.23487854,47774,47784,10
13.0342302322,80.2359008789,47784,47794,10
13.0341501236,80.2368392944,47794,47804,10
13.0342998505,80.2374191284,47804,47855,51
13.034330368,80.2376785278,47855,47905,50
13.034330368,80.2376785278,47905,47915,10
13.0343704224,80.237739563,47915,47925,10
13.0345401764,80.2379379272,47925,47935,10
13.0348796844,80.2384185791,47935,47945,10
13.0349903107,80.2386016846,47945,47955,10
13.0351696014,80.2388381958,47955,47965,10
13.0354795456,80.2393188477,47965,47976,11
13.0360803604,80.2394104004,47976,47986,10
13.0368795395,80.2394866943,47986,47996,10
13.0378103256,80.2395782471,47996,48006,10
13.0385398865,80.2396621704,48006,48015,9
13.0390195847,80.2397003174,48015,48026,11
13.0394296646,80.2397994995,48026,48036,10
13.0398101807,80.2398605347,48036,48046,10
13.040189743,80.2399597168,48046,48055,9
13.0403203964,80.2401428223,48055,48066,11
13.0403795242,80.2404022217,48066,48076,10
13.0410404205,80.240562439,48076,48096,20
13.0410404205,80.240562439,48096,48107,11
13.0411901474,80.2405776978,48107,48117,10
13.0416498184,80.2406234741,48117,48127,10
13.0423297882,80.2407531738,48127,48137,10
13.0432500839,80.2408599854,48137,48147,10
13.0440101624,80.2409133911,48147,48157,10
13.0441303253,80.2408676147,48157,48167,10
13.0443096161,80.2407226563,48167,48177,10
13.0446300507,80.240562439,48177,48187,10
13.0450296402,80.2401885986,48187,48197,10
13.0454502106,80.2399597168,48197,48207,10
13.0457897186,80.2397384644,48207,48217,10
13.046090126,80.2395019531,48217,48268,51
13.046090126,80.2395019531,48268,48278,10
13.0464496613,80.2395629883,48278,48288,10
13.0465803146,80.239616394,48288,48298,10
13.046959877,80.2397003174,48298,48308,10
13.0476102829,80.2398529053,48308,48324,16
13.0488595963,80.2400970459,48324,48336,12
13.0496397018,80.240272522,48336,48344,8
13.0500497818,80.2403564453,48344,48357,13
13.0508899689,80.2405014038,48357,48366,9
13.0511798859,80.2405776978,48366,48376,10
13.0512800217,80.2405776978,48376,48387,11
13.0517396927,80.2406768799,48387,48397,10
13.0523099899,80.2408828735,48397,48407,10
13.0525503159,80.2414016724,48407,48416,9
13.0528297424,80.2417373657,48416,48427,11
13.0535697937,80.2420883179,48427,48437,10
13.054019928,80.2422485352,48437,48457,20
13.054019928,80.2422485352,48457,48467,10
13.0543699265,80.2423095703,48467,48478,11
13.0550899506,80.2422485352,48478,48488,10
13.0558595657,80.2422637939,48488,48498,10
13.0564203262,80.2425994873,48498,48508,10
13.0568704605,80.2426528931,48508,48518,10
13.0573596954,80.2428207397,48518,48528,10
13.0576400757,80.2428131104,48528,48537,9
13.0577001572,80.2428131104,48537,48548,11
13.0577402115,80.2428207397,48548,48558,10
13.0580596924,80.2427597046,48558,48568,10
13.0586795807,80.2426605225,48568,48578,10
13.0594301224,80.2425537109,48578,48588,10
13.0600996017,80.2427597046,48588,48598,10
13.0604295731,80.2428512573,48598,48609,11
13.0607595444,80.2429580688,48609,48621,12
13.06112957,80.2430725098,48621,48630,9
13.0614595413,80.2431869507,48630,48641,11
13.0620002747,80.2432785034,48641,48651,10
13.0623998642,80.2433166504,48651,48662,11
13.0624599457,80.2433166504,48662,48672,10
13.0625095367,80.2433166504,48672,48682,10
13.0628595352,80.2433776855,48682,48692,10
13.0634002686,80.2434768677,48692,48702,10
13.0638799667,80.2434768677,48702,48712,10
13.0641002655,80.2435073853,48712,48722,10
13.0645303726,80.2435302734,48722,48733,11
13.0651903152,80.2435379028,48733,48743,10
13.0654401779,80.243560791,48743,48753,10
13.0659303665,80.2435073853,48753,48763,10
13.0662603378,80.2434310913,48763,48773,10
13.0666503906,80.2433013916,48773,48783,10
13.0672101974,80.243057251,48783,48793,10
13.0677099228,80.2428512573,48793,48803,10
13.0682001114,80.2426986694,48803,48813,10
13.0688199997,80.242477417,48813,48823,10
13.0694198608,80.2422180176,48823,48833,10
13.0696802139,80.2421798706,48833,48843,10
13.0699300766,80.242149353,48843,48884,41
13.0699300766,80.242149353,48884,48894,10
13.0701799393,80.2421188354,48894,48904,10
13.0704803467,80.2420425415,48904,48914,10
13.0710601807,80.2418136597,48914,48924,10
13.0717601776,80.2414627075,48924,48934,10
13.072429657,80.2410430908,48934,48944,10
13.0730695724,80.2407836914,48944,48954,10
13.0737800598,80.240562439,48954,48964,10
13.0745801926,80.2404708862,48964,48974,10
13.0754995346,80.2404632568,48974,48985,11
13.0765399933,80.2405090332,48985,48995,10
13.0770998001,80.2404785156,48995,49005,10
13.0771303177,80.2400588989,49005,49015,10
13.0769195557,80.2393569946,49015,49025,10
13.0768098831,80.239112854,49025,49095,70
13.0768098831,80.239112854,49095,49106,11
13.0767202377,80.2389373779,49106,49116,10
13.0766801834,80.2386627197,49116,49126,10
13.0766096115,80.2382965088,49126,49136,10
13.0765800476,80.23802948,49136,49146,10
13.0765399933,80.2377929688,49146,49156,10
13.0764904022,80.2375869751,49156,49176,20
13.0764904022,80.2375869751,49176,49186,10
13.0764398575,80.2374267578,49186,49196,10
13.0763397217,80.2370223999,49196,49206,10
13.0762395859,80.2363586426,49206,49216,10
13.0761404037,80.2356185913,49216,49226,10
13.0759801865,80.2349319458,49226,49237,11
13.0758800507,80.2344512939,49237,49247,10
13.0758104324,80.2340316772,49247,49257,10
13.0759096146,80.2338027954,49257,49267,10
13.076210022,80.2337722778,49267,49277,10
13.0763597488,80.2338027954,49277,49287,10
13.0764503479,80.2337875366,49287,49297,10
13.0767402649,80.2337265015,49297,49317,20
13.0767402649,80.2337265015,49317,49327,10
13.0770797729,80.2336807251,49327,49337,10
13.0776195526,80.2336196899,49337,49347,10
13.0778102875,80.2336196899,49347,49358,11
13.0784101486,80.2335891724,49358,49368,10
13.0791797638,80.233543396,49368,49378,10
13.0797996521,80.233543396,49378,49388,10
13.0802602768,80.2335281372,49388,49408,20
13.0802602768,80.2335281372,49408,49418,10
13.0805101395,80.2335968018,49418,49428,10
13.0810403824,80.2336196899,49428,49438,10
13.0817098618,80.2336425781,49438,49448,10
13.0819597244,80.2332305908,49448,49458,10
13.0820903778,80.2325820923,49458,49468,10
13.0823402405,80.2318496704,49468,49478,10
13.0826396942,80.2311630249,49478,49489,11
13.0828199387,80.230682373,49489,49499,10
13.0831003189,80.230758667,49499,49509,10
13.0831604004,80.2313308716,49509,49519,10
13.0831899643,80.2321472168,49519,49529,10
13.0833702087,80.2329788208,49529,49539,10
13.0834999084,80.2337036133,49539,49549,10
13.0840797424,80.2339630127,49549,49569,20
13.0840797424,80.2339630127,49569,49579,10
13.084230423,80.2340011597,49579,49589,10
13.0846796036,80.2340927124,49589,49599,10
13.0852003098,80.2341995239,49599,49610,11
13.0858697891,80.2343826294,49610,49620,10
13.0865898132,80.2344894409,49620,49630,10
13.0874595642,80.2345428467,49630,49640,10
13.0879201889,80.2340011597,49640,49670,30
13.0879201889,80.2340011597,49670,49680,10
13.08796978,80.2336578369,49680,49690,10
13.088060379,80.2330780029,49690,49700,10
13.0882301331,80.2323226929,49700,49710,10
13.0884599686,80.2314987183,49710,49720,10
13.0888795853,80.2304763794,49720,49741,21
13.0888795853,80.2304763794,49741,49751,10
13.0889797211,80.2304077148,49751,49761,10
13.0891199112,80.2300720215,49761,49771,10
13.0894203186,80.2294998169,49771,49781,10
13.0899400711,80.2288818359,49781,49791,10
13.0906095505,80.2281570435,49791,49801,10
13.0911798477,80.2275466919,49801,49811,10
13.0914402008,80.2272720337,49811,49831,20
13.0914402008,80.2272720337,49831,49841,10
13.0916996002,80.2270431519,49841,49851,10
13.0921897888,80.2265396118,49851,49862,11
13.0928401947,80.2258834839,49862,49872,10
13.0932998657,80.2253875732,49872,49882,10
13.0933599472,80.2253112793,49882,49892,10
13.0935897827,80.2250366211,49892,49902,10
13.0939903259,80.2245788574,49902,49912,10
13.094499588,80.2238922119,49912,49922,10
13.0950298309,80.2230834961,49922,49932,10
13.0951795578,80.2226333618,49932,49942,10
13.0952301025,80.2225189209,49942,49952,10
13.0953998566,80.2220916748,49952,49962,10
13.0956201553,80.2214431763,49962,49972,10
13.0958595276,80.220741272,49972,49983,11
13.0961303711,80.2199783325,49983,49993,10
13.0961799622,80.2198028564,49993,50003,10
13.0962295532,80.2196884155,50003,50013,10
13.0964202881,80.2191696167,50013,50043,30
13.0964202881,80.2191696167,50043,50053,10
13.0964603424,80.2191314697,50053,50063,10
13.096570015,80.2188415527,50063,50073,10
13.096739769,80.2182769775,50073,50083,10
13.0969696045,80.2175827026,50083,50093,10
13.0971603394,80.2170181274,50093,50103,10
13.0972003937,80.2169265747,50103,50114,11
13.0973300934,80.2165222168,50114,50124,10
13.0975999832,80.2158966064,50124,50134,10
13.0979003906,80.2152175903,50134,50144,10
13.0982398987,80.2144699097,50144,50154,10
13.0984601974,80.2139968872,50154,50164,10
13.0988998413,80.2141036987,50164,50174,10
13.099360466,80.2142715454,50174,50184,10
13.099820137,80.2144012451,50184,50194,10
13.1003398895,80.2145385742,50194,50255,61
13.1003398895,80.2145385742,50255,50265,10
13.1005296707,80.2146530151,50265,50275,10
13.1004400253,80.2150497437,50275,50285,10
13.1001701355,80.2156982422,50285,50295,10
13.0999603271,80.2160568237,50295,50305,10
13.0999403,80.2157363892,50305,50315,10
13.1000795364,80.2154388428,50315,50325,10
13.1002397537,80.2149505615,50325,51716,1391
13.1002397537,80.2149505615,51716,51726,10
13.100279808,80.2146911621,51726,51736,10
13.1000404358,80.2144699097,51736,51747,11
13.0998497009,80.2144088745,51747,51757,10
13.0998001099,80.2143936157,51757,51767,10
13.0994100571,80.2142868042,51767,51777,10
13.0988397598,80.2141036987,51777,51787,10
13.0983800888,80.2142181396,51787,51797,10
13.0981302261,80.2148284912,51797,51807,10
13.0978403091,80.2154998779,51807,51817,10
13.0975198746,80.2162628174,51817,51827,10
13.0973596573,80.2166671753,51827,51837,10
13.0972900391,80.2168426514,51837,51847,10
13.0971002579,80.2173309326,51847,51857,10
13.096830368,80.2180862427,51857,51867,10
13.0965595245,80.2189483643,51867,51877,10
13.0962495804,80.2198181152,51877,51888,11
13.0959596634,80.2206802368,51888,51898,10
13.0958204269,80.2211837769,51898,51908,10
13.0956401825,80.2216720581,51908,51918,10
13.0954799652,80.2222137451,51918,51928,10
13.0954303741,80.222328186,51928,51938,10
13.0952796936,80.2227020264,51938,51948,10
13.0949497223,80.2233581543,51948,51958,10
13.0944404602,80.2240829468,51958,51968,10
13.0938501358,80.224822998,51968,51978,10
13.0933103561,80.2254486084,51978,51988,10
13.0926198959,80.2261199951,51988,51999,11
13.0919303894,80.2268295288,51999,52009,10
13.0912303925,80.2276306152,52009,52029,20
13.0912303925,80.2276306152,52029,52039,10
13.0910596848,80.2277832031,52039,52049,10
13.090760231,80.2281112671,52049,52059,10
13.0902795792,80.2286529541,52059,52069,10
13.0897197723,80.2292709351,52069,52079,10
13.0892801285,80.229927063,52079,52080,1
13.0892496109,80.2299804688,52080,52119,39
13.0888004303,80.23097229,52119,52130,11
13.0887403488,80.2310562134,52130,52140,10
13.0886602402,80.2312469482,52140,52150,10
13.0884895325,80.2316589355,52150,52160,10
13.0882797241,80.2323913574,52160,52170,10
13.0881004333,80.2332229614,52170,52180,10
13.0879898071,80.2341079712,52180,52190,10
13.0874099731,80.2345962524,52190,52200,10
13.086640358,80.2345275879,52200,52211,11
13.0858802795,80.2343521118,52211,52221,10
13.085439682,80.2342605591,52221,52231,10
13.0848503113,80.2340774536,52231,52241,10
13.0841798782,80.2339401245,52241,52251,10
13.0836200714,80.2338409424,52251,52262,11
13.0829000473,80.233757019,52262,52271,9
13.0824403763,80.2336425781,52271,52282,11
13.0823898315,80.2336273193,52282,52292,10
13.0822896957,80.2336196899,52292,52302,10
13.0819196701,80.2335891724,52302,52311,9
13.0812196732,80.2335205078,52311,52322,11
13.080619812,80.2334976196,52322,52332,10
13.0799999237,80.2335128784,52332,52342,10
13.0795602798,80.2335128784,52342,52352,10
13.0795001984,80.2335128784,52352,52362,10
13.0791196823,80.233543396,52362,52372,10
13.078499794,80.2335891724,52372,52383,11
13.0777997971,80.2335968018,52383,52393,10
13.0771398544,80.2336273193,52393,52403,10
13.0764198303,80.2337799072,52403,52413,10
13.075920105,80.2338562012,52413,52422,9
13.0758304596,80.2338104248,52422,52433,11
13.0758399963,80.2341690063,52433,52443,10
13.0759897232,80.234916687,52443,52452,9
13.0761804581,80.2357635498,52452,52463,11
13.0762901306,80.2364807129,52463,52473,10
13.0763301849,80.2367630005,52473,52483,10
13.0763502121,80.236907959,52483,52493,10
13.0764503479,80.2372436523,52493,52514,21
13.0765104294,80.237411499,52514,52574,60
13.0765104294,80.237411499,52574,52584,10
13.07654953,80.2375335693,52584,52594,10
13.0765695572,80.2377090454,52594,52604,10
13.0766897202,80.238319397,52604,52614,10
13.0768299103,80.2390289307,52614,52624,10
13.0769701004,80.2396469116,52624,52635,11
13.0771903992,80.2405319214,52635,52645,10
13.077340126,80.2411193848,52645,52655,10
13.0774097443,80.2415618896,52655,52665,10
13.077580452,80.2423019409,52665,52675,10
13.0777301788,80.2431869507,52675,52685,10
13.0777702332,80.2440490723,52685,52695,10
13.0778398514,80.2448501587,52695,52705,10
13.0778799057,80.2456207275,52705,52715,10
13.0779800415,80.246421814,52715,52725,10
13.0781602859,80.2473068237,52725,52735,10
13.0783500671,80.2482681274,52735,52745,10
13.0785598755,80.2491989136,52745,52755,10
13.0787000656,80.2500991821,52755,52766,11
13.078499794,80.2509384155,52766,52776,10
13.0785198212,80.2515792847,52776,52786,10
13.0781803131,80.2516784668,52786,52796,10
13.0775403976,80.2518234253,52796,52812,16
13.0764198303,80.2518692017,52812,52824,12
13.0754299164,80.2521591187,52824,52834,10
13.0747299194,80.2521972656,52834,52844,10
13.0740995407,80.2522735596,52844,52854,10
13.0736398697,80.252456665,52854,52864,10
13.0730800629,80.252456665,52864,52874,10
13.0726995468,80.2524185181,52874,52885,11
13.0723104477,80.2524032593,52885,52894,9
13.0722103119,80.2521820068,52894,52904,10
13.0720796585,80.2516784668,52904,52915,11
13.0719604492,80.250869751,52915,52925,10
13.07172966,80.2500991821,52925,52935,10
13.0716199875,80.2496871948,52935,52945,10
13.071559906,80.2494430542,52945,52955,10
13.0714797974,80.2489013672,52955,52965,10
13.0712604523,80.2480010986,52965,52975,10
13.0708799362,80.2470703125,52975,52985,10
13.0704097748,80.2461013794,52985,52995,10
13.0699701309,80.2450866699,52995,53005,10
13.0696296692,80.2441635132,53005,53016,11
13.069319725,80.2432785034,53016,53036,20
13.069319725,80.2432785034,53036,53046,10
13.0692996979,80.2432098389,53046,53056,10
13.0692501068,80.2427825928,53056,53066,10
13.0689296722,80.2425384521,53066,53076,10
13.068189621,80.24269104,53076,53086,10
13.0673303604,80.2429580688,53086,53096,10
13.0665197372,80.2433013916,53096,53106,10
13.0661001205,80.2437973022,53106,53116,10
13.0662002563,80.2446517944,53116,53126,10
13.0663499832,80.2455825806,53126,53137,11
13.0670900345,80.2461471558,53137,53147,10
13.06772995,80.2464599609,53147,53157,10
13.0677604675,80.2464904785,53157,53167,10
13.0678396225,80.2465591431,53167,53177,10
13.067899704,80.2470703125,53177,53187,10
13.0677995682,80.2476882935,53187,53197,10
13.0672197342,80.2479019165,53197,53207,10
13.0664196014,80.2478408813,53207,53217,10
13.0655097961,80.2477798462,53217,53227,10
13.0645999908,80.2477264404,53227,53237,10
13.0637598038,80.2476577759,53237,53247,10
13.062789917,80.2475814819,53247,53257,10
13.0620498657,80.2475814819,53257,53268,11
13.0616197586,80.2473373413,53268,53278,10
13.0614004135,80.2470169067,53278,53288,10
13.0615501404,80.2466812134,53288,53298,10
13.0617704391,80.2463989258,53298,53308,10
13.0619401932,80.2458724976,53308,53318,10
13.0621500015,80.2451477051,53318,53328,10
13.062669754,80.2448272705,53328,53338,10
13.0629701614,80.2445602417,53338,53348,10
13.0631103516,80.2443389893,53348,53358,10
13.063170433,80.2442398071,53358,53368,10
13.0633897781,80.2438583374,53368,53378,10
13.0631999969,80.2434997559,53378,53389,11
13.0627002716,80.2433929443,53389,53399,10
13.062379837,80.2433319092,53399,53409,10
13.061920166,80.2432785034,53409,53419,10
13.0617198944,80.2432403564,53419,53429,10
13.0614795685,80.2432403564,53429,53439,10
13.0612001419,80.2431793213,53439,53449,10
13.0606603622,80.2430114746,53449,53459,10
13.0600500107,80.2427825928,53459,53469,10
13.0595903397,80.2426376343,53469,53479,10
13.0590496063,80.2425994873,53479,53489,10
13.0584001541,80.24269104,53489,53499,10
13.0577697754,80.2427597046,53499,53509,10
13.0573196411,80.2427902222,53509,53520,11
13.0571603775,80.2427902222,53520,53530,10
13.0567102432,80.2426605225,53530,53540,10
13.0562200546,80.2424621582,53540,53550,10
13.0557403564,80.2422485352,53550,53560,10
13.0551700592,80.2422637939,53560,53570,10
13.0544595718,80.2423629761,53570,53586,16
13.0537004471,80.2422027588,53586,53598,12
13.0536298752,80.2421569824,53598,53606,8
13.0534801483,80.2420425415,53606,53618,12
13.0530996323,80.241859436,53618,53628,10
13.0525999069,80.2416687012,53628,53638,10
13.0522499084,80.2412490845,53638,53648,10
13.0520200729,80.2408599854,53648,53659,11
13.0519504547,80.2407836914,53659,53669,10
13.0516996384,80.2407073975,53669,53689,20
13.0516996384,80.2407073975,53689,53699,10
13.0514097214,80.2406921387,53699,53709,10
13.0510902405,80.2406234741,53709,53719,10
13.0509595871,80.2405929565,53719,53729,10
13.0504999161,80.2405014038,53729,53739,10
13.0499696732,80.2403869629,53739,53749,10
13.0494499207,80.2402572632,53749,53759,10
13.0489397049,80.2401504517,53759,53770,11
13.04845047,80.2400436401,53770,53780,10
13.0478801727,80.239906311,53780,53790,10
13.0473299026,80.2397766113,53790,53800,10
13.0468301773,80.2396774292,53800,53810,10
13.046500206,80.239616394,53810,53820,10
13.0462703705,80.239440918,53820,53830,10
13.046380043,80.239112854,53830,53840,10
13.046500206,80.238571167,53840,53850,10
13.0465402603,80.2381896973,53850,53860,10
13.0467500687,80.2376327515,53860,53870,10
13.0469198227,80.2369766235,53870,53880,10
13.0470199585,80.2363204956,53880,53891,11
13.0471000671,80.2359237671,53891,53901,10
13.047129631,80.2356109619,53901,53911,10
13.0471601486,80.2350769043,53911,53921,10
13.0473003387,80.2342987061,53921,53931,10
13.0473403931,80.2335891724,53931,53951,20
13.0473403931,80.2335891724,53951,53961,10
13.0473899841,80.2332611084,53961,53971,10
13.0471200943,80.2330093384,53971,53981,10
13.0464801788,80.2329406738,53981,53991,10
13.045920372,80.2328109741,53991,54001,10
13.0452203751,80.2326583862,54001,54022,21
13.0452203751,80.2326583862,54022,54032,10
13.0446100235,80.2324981689,54032,54042,10
13.0438699722,80.2323913574,54042,54052,10
13.0431404114,80.2323303223,54052,54062,10
13.0425395966,80.2323226929,54062,54072,10
13.0418796539,80.2322769165,54072,54082,10
13.0412998199,80.2321472168,54082,54092,10
13.0403604507,80.2318191528,54092,54102,10
13.0393896103,80.231552124,54102,54111,9
13.0385198593,80.2313079834,54111,54121,10
13.0376195908,80.2309875488,54121,54132,11
13.0369195938,80.230682373,54132,54143,11
13.0368003845,80.230758667,54143,54153,10
13.0361700058,80.2305603027,54153,54163,10
13.0354795456,80.2302932739,54163,54203,40
13.0354795456,80.2302932739,54203,54213,10
13.0354099274,80.2303314209,54213,54223,10
13.0350399017,80.2303009033,54223,54233,10
13.034740448,80.2303085327,54233,54243,10
13.0342702866,80.2303771973,54243,54253,10
13.033829689,80.230430603,54253,54263,10
13.0334701538,80.2304611206,54263,54274,11
13.0334596634,80.2304534912,54274,54284,10
13.0332403183,80.2304077148,54284,54294,10
13.0327796936,80.2304992676,54294,54304,10
13.0320196152,80.2305908203,54304,54314,10
13.0311899185,80.2306671143,54314,54324,10
13.0306196213,80.23072052,54324,54334,10
13.0299901962,80.2307815552,54334,54344,10
13.0294799805,80.2308425903,54344,54354,10
13.0288200378,80.2309036255,54354,54364,10
13.0281896591,80.2309799194,54364,54374,10
13.027759552,80.2310028076,54374,54384,10
13.0277004242,80.2313232422,54384,54395,11
13.0277500153,80.2320327759,54395,54405,10
13.0277900696,80.2325592041,54405,54415,10
13.027469635,80.2328186035,54415,54425,10
13.026889801,80.2329788208,54425,54455,30
13.026889801,80.2329788208,54455,54465,10
13.0267696381,80.2330093384,54465,54475,10
13.0264396667,80.2329406738,54475,54485,10
13.0262699127,80.232421875,54485,54495,10
13.0261898041,80.232131958,54495,54505,10
13.0261602402,80.231880188,54505,54515,10
13.0261001587,80.2317199707,54515,54526,11
13.0259504318,80.2310409546,54526,54536,10
13.0255403519,80.2301635742,54536,54546,10
13.0251102448,80.2296218872,54546,54556,10
13.0248804092,80.2293395996,54556,54566,10
13.0245895386,80.2289810181,54566,54576,10
13.0239601135,80.2282562256,54576,54596,20
13.0239601135,80.2282562256,54596,54606,10
13.023900032,80.2281799316,54606,54616,10
13.0235700607,80.2278137207,54616,54626,10
13.0230703354,80.2272720337,54626,54642,16
13.02202034,80.2263031006,54642,54655,13
13.0214099884,80.2258605957,54655,54665,10
13.0210695267,80.2255325317,54665,54675,10
13.0206699371,80.2252731323,54675,54685,10
13.0202302933,80.2249679565,54685,54695,10
13.0196800232,80.2246017456,54695,54705,10
13.0188598633,80.2244491577,54705,54715,10
13.0179395676,80.2248001099,54715,54725,10
13.0171003342,80.2251281738,54725,54735,10
13.0164899826,80.2253799438,54735,54745,10
13.0162296295,80.2255020142,54745,54755,10
13.0159702301,80.2256011963,54755,54776,21
13.014840126,80.22605896,54776,54788,12
13.0143699646,80.2262420654,54788,54798,10
13.0143604279,80.2262496948,54798,54808,10
13.0143203735,80.2262573242,54808,54818,10
13.0139398575,80.2264175415,54818,54827,9
13.0134601593,80.226600647,54827,54838,11
13.0126399994,80.2269210815,54838,54848,10
13.0119800568,80.2271728516,54848,54858,10
13.0111198425,80.2275238037,54858,54868,10
13.010310173,80.2278213501,54868,54878,10
13.0096797943,80.2280807495,54878,54888,10
13.0091199875,80.2285766602,54888,54898,10
13.008939743,80.2295074463,54898,54909,11
13.0087099075,80.2306213379,54909,54919,10
13.0085401535,80.2315979004,54919,54929,10
13.0083503723,80.2325363159,54929,54939,10
13.0082397461,80.233291626,54939,54949,10
13.0081996918,80.2335968018,54949,54959,10
13.0081100464,80.2338562012,54959,54969,10
13.0080003738,80.2343521118,54969,54979,10
13.0078697205,80.2350006104,54979,54989,10
13.0077295303,80.235748291,54989,54999,10
13.0075597763,80.2366104126,54999,55008,9
13.0073795319,80.2375030518,55008,55019,11
13.0072002411,80.2385406494,55019,55030,11
13.0070400238,80.239440918,55030,55040,10
13.0068902969,80.2400817871,55040,55110,70
13.0068902969,80.2400817871,55110,55120,10
13.0068902969,80.2404022217,55120,55130,10
13.0068101883,80.2409820557,55130,55140,10
13.0067396164,80.2417602539,55140,55151,11
13.0066995621,80.2427902222,55151,55161,10
13.0066404343,80.2436218262,55161,55171,10
13.0066003799,80.2444610596,55171,55181,10
13.0066204071,80.2452316284,55181,55191,10
13.0066699982,80.2460174561,55191,55201,10
13.0066995621,80.2466583252,55201,55211,10
13.0067195892,80.2471923828,55211,55221,10
13.0066900253,80.2479019165,55221,55231,10
13.0066900253,80.2487030029,55231,55241,10
13.0067796707,80.2492523193,55241,55251,10
13.0067796707,80.2492980957,55251,55261,10
13.0067796707,80.2496795654,55261,55271,10
13.0067501068,80.2502975464,55271,55281,10
13.0067596436,80.2509307861,55281,55292,11
13.0067596436,80.251411438,55292,55312,20
13.0067596436,80.251411438,55312,55322,10
13.006649971,80.2518768311,55322,55332,10
13.0065202713,80.2523574829,55332,55342,10
13.0065898895,80.2526779175,55342,55352,10
13.0065803528,80.2531814575,55352,55362,10
13.0065698624,80.2535095215,55362,55372,10
13.0065498352,80.2538070679,55372,55763,391
13.0065498352,80.2538070679,55763,55773,10
13.0064601898,80.25390625,55773,55784,11
13.0065002441,80.2542495728,55784,55794,10
13.0064601898,80.2546691895,55794,55804,10
13.006480217,80.2554321289,55804,55814,10
13.0065002441,80.256362915,55814,55824,10
13.0065898895,80.2571792603,55824,55834,10
13.0068502426,80.2578277588,55834,55844,10
13.0072603226,80.2583618164,55844,55854,10
13.0076799393,80.2587280273,55854,55864,10
13.0080699921,80.2590408325,55864,55874,10
13.007809639,80.2592697144,55874,55884,10
13.0073795319,80.2592086792,55884,55894,10
13.0071697235,80.2586212158,55894,55904,10
13.0068798065,80.2581787109,55904,55915,11
13.0066795349,80.2577667236,55915,55925,10
13.0066299438,80.2576904297,55925,55935,10
13.0065002441,80.2574005127,55935,55945,10
13.0065097809,80.2571182251,55945,55955,10
13.006480217,80.2568206787,55955,55965,10
13.006480217,80.2562332153,55965,55975,10
13.0065002441,80.255607605,55975,55985,10
13.0065803528,80.2550735474,55985,55995,10
13.0065402985,80.2544021606,55995,56005,10
13.0065402985,80.2538833618,56005,56015,10
13.0065803528,80.2534713745,56015,56025,10
13.0065803528,80.2532501221,56025,56036,11
13.0065603256,80.2529830933,56036,56046,10
13.0066204071,80.2523498535,56046,56106,60
13.0066204071,80.2523498535,56106,56116,10
13.0066099167,80.2521362305,56116,56126,10
13.0066404343,80.2519683838,56126,56136,10
13.0067396164,80.2514419556,56136,56146,10
13.0067996979,80.2507705688,56146,56157,11
13.0068101883,80.2499313354,56157,56167,10
13.0067901611,80.249168396,56167,56177,10
13.0066995621,80.2483978271,56177,56187,10
13.0066699982,80.2479095459,56187,56197,10
13.0066604614,80.2472381592,56197,56207,10
13.0066003799,80.2466812134,56207,56217,10
13.0066099167,80.2465209961,56217,56227,10
13.0066404343,80.2462387085,56227,56237,10
13.0066099167,80.2458877563,56237,56247,10
13.0066099167,80.2455978394,56247,56257,10
13.0066204071,80.2453918457,56257,56267,10
13.0066099167,80.2450714111,56267,56284,17
13.0066404343,80.2445373535,56284,56296,12
13.0066604614,80.2442703247,56296,56306,10
13.0066604614,80.2440795898,56306,56315,9
13.0066604614,80.243927002,56315,56326,11
13.0066404343,80.2434387207,56326,56336,10
13.0066099167,80.2428512573,56336,56346,10
13.0065898895,80.2419128418,56346,56356,10
13.0066003799,80.2412185669,56356,56366,10
13.0066204071,80.2407989502,56366,56376,10
13.0067195892,80.2402801514,56376,56386,10
13.0068702698,80.2396011353,56386,56397,11
13.0070495605,80.2386779785,56397,56406,9
13.0071802139,80.23802948,56406,56417,11
13.0073299408,80.2374267578,56417,56428,11
13.0073900223,80.236907959,56428,56438,10
13.0073900223,80.2368774414,56438,56448,10
13.0074796677,80.2366027832,56448,56458,10
13.0075998306,80.2361526489,56458,56468,10
13.0077199936,80.235496521,56468,56478,10
13.0078601837,80.2347564697,56478,56488,10
13.0080299377,80.2339324951,56488,56498,10
13.0082197189,80.2330093384,56498,56508,10
13.0083999634,80.2320632935,56508,56518,10
13.0085802078,80.2310714722,56518,56528,10
13.0087604523,80.2301101685,56528,56539,11
13.0089197159,80.2292785645,56539,56549,10
13.0091695786,80.2281570435,56549,56559,10
13.0094900131,80.2273178101,56559,56569,10
13.0099000931,80.2264480591,56569,56579,10
13.0102701187,80.2256774902,56579,56589,10
13.0103998184,80.225440979,56589,56599,10
13.0104598999,80.2253265381,56599,56609,10
13.0106201172,80.2249832153,56609,56619,10
13.0108098984,80.2245407104,56619,56628,9
13.0110301971,80.2239990234,56628,56638,10
13.0112199783,80.2235107422,56638,56649,11
13.0114603043,80.2229690552,56649,56660,11
13.0116996765,80.2223587036,56660,56670,10
13.0119800568,80.2217178345,56670,56680,10
13.0123195648,80.2215576172,56680,56690,10
13.0126199722,80.2219467163,56690,56700,10
13.0130901337,80.2224807739,56700,56710,10
13.0136098862,80.2230377197,56710,56720,10
13.0141496658,80.2237014771,56720,56730,10
13.014670372,80.2242507935,56730,56740,10
13.0149803162,80.2245025635,56740,56750,10
13.0150203705,80.2245483398,56750,56760,10
13.0154495239,80.2249221802,56760,56780,20
13.0154495239,80.2249221802,56780,56791,11
13.0156698227,80.2250518799,56791,56801,10
13.0161304474,80.2252731323,56801,56811,10
13.016699791,80.2251815796,56811,56821,10
13.0174102783,80.2249221802,56821,56831,10
13.0181798935,80.224609375,56831,56841,10
13.0189199448,80.2243499756,56841,56851,10
13.0193996429,80.2243728638,56851,56861,10
13.0194396973,80.2243804932,56861,56871,10
13.0197000504,80.2245178223,56871,56881,10
13.0199899673,80.2247390747,56881,56891,10
13.0204496384,80.2250823975,56891,56901,10
13.0208997726,80.225402832,56901,56912,11
13.0213699341,80.225769043,56912,56922,10
13.0217695236,80.2260284424,56922,56932,10
13.0218095779,80.22605896,56932,56942,10
13.022069931,80.226272583,56942,56952,10
13.0225000381,80.2266387939,56952,56962,10
13.0230302811,80.2271194458,56962,56972,10
13.0235700607,80.2276229858,56972,56988,16
13.0243196487,80.2283325195,56988,57000,12
13.0243997574,80.2284164429,57000,57008,8
13.0245304108,80.2286529541,57008,57020,12
13.0248603821,80.2291717529,57020,57030,10
13.0252799988,80.2297210693,57030,57040,10
13.0256996155,80.2303466797,57040,57051,11
13.025970459,80.2310333252,57051,57061,10
13.0260095596,80.2313308716,57061,57071,10
13.0262403488,80.231300354,57071,57080,9
13.0265798569,80.2312088013,57080,57091,11
13.0271701813,80.2310791016,57091,57101,10
13.0278301239,80.2309799194,57101,57111,10
13.0284099579,80.2308807373,57111,57131,20
13.0284099579,80.2308807373,57131,57141,10
13.0288000107,80.2308578491,57141,57151,10
13.029419899,80.2308273315,57151,57212,61
13.029419899,80.2308273315,57212,57222,10
13.0295295715,80.2308731079,57222,57232,10
13.0299396515,80.2308273315,57232,57242,10
13.0304803848,80.2307662964,57242,57252,10
13.0309495926,80.2307128906,57252,57262,10
13.0314397812,80.2306594849,57262,57272,10
13.0320196152,80.2306137085,57272,57282,10
13.0326404572,80.2305603027,57282,57293,11
13.0332202911,80.2305221558,57293,57303,10
13.0335998535,80.2304916382,57303,57313,10
13.0339097977,80.2304534912,57313,57323,10
13.0341596603,80.2304229736,57323,57393,70
13.0341596603,80.2304229736,57393,57403,10
13.0344600677,80.2303771973,57403,57444,41
13.0344600677,80.2303771973,57444,57454,10
13.0345697403,80.2303390503,57454,57464,10
13.0347604752,80.2303390503,57464,57535,71
13.0347604752,80.2303390503,57535,57545,10
13.0349397659,80.23046875,57545,57555,10
13.0349302292,80.2309265137,57555,57565,10
13.0348396301,80.2315597534,57565,57575,10
13.0347299576,80.2323379517,57575,57585,10
13.0346498489,80.2330169678,57585,57595,10
13.0345697403,80.2336425781,57595,57605,10
13.0344600677,80.2343673706,57605,57615,10
13.0343599319,80.2352371216,57615,57625,10
13.0342597961,80.236038208,57625,57635,10
13.0341901779,80.2368774414,57635,57645,10
13.0341997147,80.2372436523,57645,57676,31
13.0341997147,80.2372436523,57676,57686,10
13.0342998505,80.2375564575,57686,57696,10
13.0345497131,80.2379226685,57696,57706,10
13.0348300934,80.2383499146,57706,57716,10
13.0351400375,80.238822937,57716,57726,10
13.0354795456,80.2393035889,57726,57736,10
13.0359601974,80.2394180298,57736,57746,10
13.0365400314,80.2394866943,57746,57756,10
13.0371398926,80.2395935059,57756,57766,10
13.0377702713,80.2396469116,57766,57776,10
13.038359642,80.2397079468,57776,57786,10
13.0388803482,80.2397994995,57786,57803,17
13.039899826,80.239906311,57803,57815,12
13.0403404236,80.2399368286,57815,57825,10
13.0404195786,80.2401199341,57825,57835,10
13.0404996872,80.2405090332,57835,57844,9
13.0407896042,80.240562439,57844,57855,11
13.0408802032,80.2405700684,57855,57865,10
13.0411195755,80.2406005859,57865,57875,10
13.0416202545,80.2406768799,57875,57885,10
13.0422096252,80.2407836914,57885,57895,10
13.0429000854,80.2408599854,57895,57905,10
13.0436000824,80.2409591675,57905,57916,11
13.0441799164,80.2408828735,57916,57926,10
13.0446996689,80.2405014038,57926,58006,80
13.0446996689,80.2405014038,58006,58016,10
13.0448999405,80.2403182983,58016,58026,10
13.0453195572,80.2400665283,58026,58037,11
13.0458698273,80.2397613525,58037,58047,10
13.0462398529,80.239616394,58047,58057,10
13.0465202332,80.2396774292,58057,58067,10
13.0469102859,80.2397613525,58067,58077,10
13.0473899841,80.2398605347,58077,58087,10
13.0478601456,80.2399291992,58087,58097,10
13.0484600067,80.2400588989,58097,58107,10
13.0491104126,80.240196228,58107,58117,10
13.049659729,80.2403030396,58117,58127,10
13.0502195358,80.2404098511,58127,58137,10
13.0507898331,80.2405090332,58137,58147,10
13.0509996414,80.2405700684,58147,58157,10
13.0512104034,80.2406082153,58157,58167,10
13.0516901016,80.2406997681,58167,58178,11
13.0523395538,80.2408370972,58178,58198,20
13.0523395538,80.2408370972,58198,58208,10
13.0524501801,80.2408981323,58208,58218,10
13.0525598526,80.2413101196,58218,58228,10
13.0528001785,80.2417373657,58228,58238,10
13.0533800125,80.2419891357,58238,58248,10
13.0539197922,80.2422332764,58248,58258,10
13.0540103912,80.2422485352,58258,58268,10
13.0541496277,80.2422790527,58268,58278,10
13.0546398163,80.2423400879,58278,58289,11
13.0554199219,80.2422332764,58289,58299,10
13.0560302734,80.2423706055,58299,58309,10
13.0561199188,80.2424316406,58309,58319,10
13.0562000275,80.242477417,58319,58329,10
13.0565395355,80.2425994873,58329,58339,10
13.0569295883,80.2426528931,58339,58349,10
13.0571699142,80.2428207397,58349,58359,10
13.057299614,80.2428283691,58359,58369,10
13.0576696396,80.2427902222,58369,58379,10
13.0581598282,80.2427368164,58379,58389,10
13.0585603714,80.2426528931,58389,58399,10
13.0589103699,80.2425918579,58399,58409,10
13.0593204498,80.2425537109,58409,58420,11
13.0599002838,80.2427062988,58420,58430,10
13.0604801178,80.2428970337,58430,58440,10
13.0610103607,80.243057251,58440,58450,10
13.0614995956,80.2431793213,58450,58468,18
13.0623903275,80.243347168,58468,58480,12
13.0624504089,80.2433395386,58480,58490,10
13.0627603531,80.2433929443,58490,58500,10
13.0633096695,80.2434997559,58500,58510,10
13.0638799667,80.243522644,58510,58520,10
13.0643596649,80.243598938,58520,58530,10
13.0648899078,80.2435836792,58530,58540,10
13.0652399063,80.243598938,58540,58551,11
13.0656795502,80.243560791,58551,58560,9
13.0661401749,80.2434768677,58560,58571,11
13.0666999817,80.2432632446,58571,58580,9
13.0671300888,80.2430877686,58580,58591,11
13.067779541,80.2428131104,58591,58601,10
13.0686998367,80.2425003052,58601,58621,20
13.0686998367,80.2425003052,58621,58631,10
13.0687999725,80.2424468994,58631,58641,10
13.0691299438,80.2423324585,58641,58651,10
13.0694904327,80.2422027588,58651,58661,10
13.0698099136,80.242149353,58661,58682,21
13.0698099136,80.242149353,58682,58692,10
13.070110321,80.2421188354,58692,58702,10
13.070690155,80.2419433594,58702,58712,10
13.0713996887,80.2416534424,58712,58721,9
13.0720701218,80.2413024902,58721,58732,11
13.0728397369,80.240852356,58732,58742,10
13.0735197067,80.2406616211,58742,58752,10
13.0740604401,80.2405090332,58752,58762,10
13.0747995377,80.2405014038,58762,58772,10
13.075630188,80.2404937744,58772,58782,10
13.07654953,80.2405319214,58782,58793,11
13.0770998001,80.2405014038,58793,58803,10
13.0770797729,80.2400894165,58803,58813,10
13.0768995285,80.239402771,58813,58823,10
13.0766897202,80.2386474609,58823,58833,10
13.0765600204,80.2381362915,58833,58883,50
13.0765600204,80.2381362915,58883,58893,10
13.0766000748,80.237953186,58893,58903,10
13.0764799118,80.2375793457,58903,58914,11
13.0763301849,80.2369537354,58914,58934,20
13.0763301849,80.2369537354,58934,58944,10
13.0763301849,80.2368164063,58944,58954,10
13.0762500763,80.236289978,58954,58964,10
13.0761299133,80.2355728149,58964,58974,10
13.075969696,80.2348403931,58974,58984,10
13.0757703781,80.2341003418,58984,59024,40
13.0757703781,80.2341003418,59024,59034,10
13.0758199692,80.2339096069,59034,59045,11
13.0763101578,80.233757019,59045,59055,10
13.07695961,80.2336883545,59055,59065,10
13.0776996613,80.2335891724,59065,59075,10
13.0784502029,80.2335891724,59075,59085,10
13.0791902542,80.2335662842,59085,59095,10
13.0798797607,80.2335586548,59095,59105,10
13.0802602768,80.2335510254,59105,59115,10
13.0802698135,80.2335510254,59115,59125,10
13.0806398392,80.2335891724,59125,59135,10
13.0812196732,80.233581543,59135,59145,10
13.0817804337,80.233581543,59145,59155,10
13.0819702148,80.2332763672,59155,59165,10
13.0820598602,80.232673645,59165,59176,11
13.0823202133,80.231880188,59176,59186,10
13.0826301575,80.2311325073,59186,59202,16
13.0830898285,80.2307891846,59202,59214,12
13.0831604004,80.2315979004,59214,59221,7
13.0832195282,80.232208252,59221,59231,10
13.0833702087,80.2329025269,59231,59245,14
13.0834999084,80.2335510254,59245,59252,7
13.0835695267,80.2338180542,59252,59261,9
13.0839004517,80.2339172363,59261,59272,11
13.0840797424,80.2339782715,59272,59285,13
13.0842504501,80.2340164185,59285,59296,11
13.0847101212,80.234161377,59296,59306,10
13.0853004456,80.2342834473,59306,59316,10
13.0859603882,80.2344512939,59316,59326,10
13.0866498947,80.234588623,59326,59336,10
13.0873098373,80.2346420288,59336,59346,10
13.0879201889,80.2342987061,59346,59356,10
13.0879898071,80.2335586548,59356,59366,10
13.0881795883,80.2325973511,59366,59376,10
13.0883903503,80.2317810059,59376,59385,9
13.0886297226,80.2310562134,59385,59396,11
13.0888595581,80.2305374146,59396,59407,11
13.0888700485,80.2305297852,59407,59417,10
13.089050293,80.23021698,59417,59428,11
13.0894203186,80.2295379639,59428,59438,10
13.0900201797,80.2288131714,59438,59448,10
13.0907402039,80.2280197144,59448,59458,10
13.0912904739,80.2274017334,59458,59468,10
13.0914096832,80.2272720337,59468,59478,10
13.0914297104,80.2272720337,59478,59488,10
13.0917301178,80.2269821167,59488,59498,10
13.0922203064,80.2264709473,59498,59508,10
13.0928201675,80.2258911133,59508,59518,10
13.0934095383,80.2252731323,59518,59528,10
13.0937700272,80.2248382568,59528,59538,10
13.0942897797,80.2241821289,59538,59548,10
13.0948495865,80.2233810425,59548,59559,11
13.0951595306,80.2226791382,59559,59569,10
13.095199585,80.2225189209,59569,59579,10
13.0953598022,80.2221221924,59579,59590,11
13.0956201553,80.2214202881,59590,59600,10
13.0958595276,80.220741272,59600,59610,10
13.0961198807,80.2200164795,59610,59620,10
13.0964403152,80.2191085815,59620,59630,10
13.0966796875,80.2184066772,59630,59640,10
13.0969200134,80.2177124023,59640,59650,10
13.0971498489,80.2170028687,59650,59661,11
13.0972204208,80.2168502808,59661,59671,10
13.0973901749,80.2164077759,59671,59681,10
13.0976896286,80.2157287598,59681,59691,10
13.097990036,80.2150497437,59691,59701,10
13.0981302261,80.2147369385,59701,59711,10
13.0982904434,80.2143936157,59711,59721,10
13.0986404419,80.2139816284,59721,59731,10
13.0991802216,80.2142486572,59731,59741,10
13.099729538,80.2144012451,59741,59751,10
13.1001501083,80.2145233154,59751,59812,61
13.1001501083,80.2145233154,59812,59822,10
13.1002197266,80.2145614624,59822,59832,10
13.1005802155,80.2146835327,59832,59842,10
13.1004800797,80.215057373,59842,59852,10
13.100230217,80.2156295776,59852,59862,10
13.1000900269,80.2159423828,59862,59872,10
13.0999202728,80.2160797119,59872,59882,10
13.0999603271,80.2156982422,59882,59892,10
13.1002101898,80.2150802612,59892,60326,434
13.1002101898,80.2150802612,60326,60336,10
13.1002902985,80.2148284912,60336,60356,20
13.1002902985,80.2148284912,60356,60366,10
13.1002998352,80.2147293091,60366,60376,10
13.1002397537,80.2145614624,60376,60386,10
13.0999603271,80.2144393921,60386,60396,10
13.0995197296,80.2143325806,60396,60407,11
13.0987796783,80.2141036987,60407,60417,10
13.0983400345,80.2143325806,60417,60427,10
13.0980300903,80.2150726318,60427,60437,10
13.0976600647,80.2159729004,60437,60447,10
13.0973901749,80.2166519165,60447,60457,10
13.0973701477,80.2167129517,60457,60467,10
13.0972499847,80.2169876099,60467,60477,10
13.0971403122,80.2172698975,60477,60487,10
13.0969295502,80.217880249,60487,60497,10
13.0966701508,80.2186584473,60497,60507,10
13.0963802338,80.2194976807,60507,60517,10
13.0960597992,80.2204437256,60517,60527,10
13.0957803726,80.2212600708,60527,60538,11
13.0954999924,80.2221221924,60538,60548,10
13.095410347,80.2223587036,60548,60558,10
13.0953598022,80.2224197388,60558,60567,9
13.0952196121,80.2228088379,60567,60578,11
13.0948400497,80.2235031128,60578,60588,10
13.0942296982,80.2243728638,60588,60598,10
13.093629837,80.2251205444,60598,60608,10
13.0930595398,80.2257003784,60608,60618,10
13.0924196243,80.2263412476,60618,60628,10
13.091799736,80.2269821167,60628,60638,10
13.0913696289,80.2274780273,60638,60648,10
13.0912303925,80.2276306152,60648,60659,11
13.0911998749,80.2276611328,60659,60669,10
13.090929985,80.2279510498,60669,60679,10
13.0905399323,80.2283706665,60679,60689,10
13.0900201797,80.2289276123,60689,60699,10
13.089509964,80.2295532227,60699,60709,10
13.0892095566,80.2300567627,60709,60719,10
13.0891103745,80.2302398682,60719,60729,10
13.0889396667,80.2306365967,60729,60739,10
13.0888004303,80.2309112549,60739,60749,10
13.088760376,80.231010437,60749,60759,10
13.0885801315,80.2313613892,60759,60769,10
13.0884103775,80.231842041,60769,60779,10
13.0882396698,80.2324905396,60779,60796,17
13.0880203247,80.2336578369,60796,60808,12
13.0878200531,80.2344207764,60808,60818,10
13.0873603821,80.2345581055,60818,60828,10
13.0866603851,80.2345428467,60828,60837,9
13.0862197876,80.2344665527,60837,60847,10
13.0857601166,80.2343597412,60847,60858,11
13.0850801468,80.2341918945,60858,60868,10
13.0845298767,80.2340774536,60868,60878,10
13.0840797424,80.2339630127,60878,60887,9
13.0837202072,80.2338790894,60887,60897,10
13.0836601257,80.2338790894,60897,60909,12
13.0832595825,80.2338180542,60909,60919,10
13.0827703476,80.2337265015,60919,60929,10
13.0824298859,80.2336425781,60929,60939,10
13.0823497772,80.2336196899,60939,60949,10
13.0820102692,80.2335510254,60949,60959,10
13.0814599991,80.2334976196,60959,60969,10
13.080789566,80.2335205078,60969,60979,10
13.0801496506,80.2335281372,60979,60989,10
13.0796203613,80.2335205078,60989,60999,10
13.0795001984,80.2335205078,60999,61009,10
13.0792703629,80.2335281372,61009,61019,10
13.0788002014,80.2335281372,61019,61030,11
13.0780696869,80.233581543,61030,61040,10
13.0774497986,80.2336196899,61040,61050,10
13.0767202377,80.233757019,61050,61060,10
13.0760402679,80.2339477539,61060,61070,10
13.0759601593,80.2339477539,61070,61080,10
13.0758399963,80.2340087891,61080,61090,10
13.0758895874,80.2342910767,61090,61100,10
13.0760202408,80.2348709106,61100,61109,9
13.0761604309,80.2355728149,61109,61120,11
13.0763101578,80.2364501953,61120,61130,10
13.0764303207,80.2371292114,61130,61140,10
13.0764799118,80.2373123169,61140,61150,10
13.076499939,80.2374572754,61150,61161,11
13.0766201019,80.2380218506,61161,61171,10
13.0767803192,80.2387390137,61171,61181,10
13.0769796371,80.2395172119,61181,61191,10
13.0771303177,80.2402191162,61191,61201,10
13.0773096085,80.2408905029,61201,61211,10
13.0773801804,80.2412490845,61211,61221,10
13.0774297714,80.2415618896,61221,61231,10
13.077580452,80.2421569824,61231,61241,10
13.0776996613,80.2428970337,61241,61251,10
13.0778102875,80.2436981201,61251,61261,10
13.0778102875,80.2444763184,61261,61271,10
13.077870369,80.2451171875,61271,61282,11
13.07791996,80.2455596924,61282,61292,10
13.07791996,80.2459487915,61292,61302,10
13.0779895782,80.2465286255,61302,61312,10
13.0781402588,80.2472686768,61312,61322,10
13.0783195496,80.2481765747,61322,61332,10
13.078499794,80.2489013672,61332,61342,10
13.0786600113,80.2496566772,61342,61352,10
13.0786104202,80.2503814697,61352,61362,10
13.0785198212,80.2510375977,61362,61372,10
13.0785303116,80.2515792847,61372,61382,10
13.0782899857,80.251663208,61382,61392,10
13.0777902603,80.2517776489,61392,61402,10
13.0770597458,80.2519302368,61402,61413,11
13.0762195587,80.2520980835,61413,61423,10
13.0754804611,80.252166748,61423,61433,10
13.074839592,80.2522125244,61433,61443,10
13.0741195679,80.2522735596,61443,61453,10
13.0734996796,80.2524414063,61453,61463,10
13.0727796555,80.2523803711,61463,61473,10
13.0721998215,80.2519989014,61473,61483,10
13.0720996857,80.2514724731,61483,61493,10
13.0719499588,80.2506637573,61493,61503,10
13.07172966,80.2499313354,61503,61513,10
13.071559906,80.2491378784,61513,61523,10
13.0713796616,80.248260498,61523,61534,11
13.0710802078,80.2473678589,61534,61544,10
13.0707197189,80.2466506958,61544,61554,10
13.0702896118,80.2457504272,61554,61564,10
13.0699300766,80.2449111938,61564,61574,10
13.0697002411,80.2442779541,61574,61584,10
13.0694904327,80.2437515259,61584,61594,10
13.069319725,80.243309021,61594,61614,20
13.069319725,80.243309021,61614,61624,10
13.0692300797,80.2430801392,61624,61634,10
13.0690898895,80.2425613403,61634,61644,10
13.068400383,80.2426223755,61644,61655,11
13.0675201416,80.2429122925,61655,61665,10
13.0666999817,80.243270874,61665,61675,10
13.0661001205,80.2437210083,61675,61685,10
13.066160202,80.2444763184,61685,61695,10
13.0662899017,80.2453079224,61695,61705,10
13.066619873,80.2459869385,61705,61715,10
13.0673704147,80.2463302612,61715,61725,10
13.0678501129,80.24659729,61725,61735,10
13.0678701401,80.2466278076,61735,61745,10
13.0679197311,80.2469787598,61745,61755,10
13.0678701401,80.2476119995,61755,61765,10
13.0675401688,80.2479019165,61765,61775,10
13.0669202805,80.2478637695,61775,61786,11
13.066280365,80.247833252,61786,61796,10
13.0655002594,80.2478179932,61796,61806,10
13.0645303726,80.2477264404,61806,61816,10
13.0635795593,80.2476730347,61816,61826,10
13.0626497269,80.2476425171,61826,61836,10
13.0618000031,80.2475967407,61836,61846,10
13.0613603592,80.2472076416,61846,61856,10
13.0615100861,80.2468185425,61856,61866,10
13.0618000031,80.2463302612,61866,61876,10
13.0620002747,80.2455368042,61876,61886,10
13.0625,80.2449493408,61886,61896,10
13.0630302429,80.2444992065,61896,61907,11
13.0631799698,80.2442932129,61907,61917,10
13.0632295609,80.2441864014,61917,61927,10
13.0634202957,80.2438430786,61927,61937,10
13.0632295609,80.2434997559,61937,61947,10
13.0627098083,80.2434005737,61947,61957,10
13.0622901917,80.2433013916,61957,61966,9
13.0622396469,80.2433013916,61966,61977,11
13.061920166,80.2432098389,61977,61987,10
13.0614004135,80.2431411743,61987,61997,10
13.0608701706,80.2430114746,61997,62007,10
13.060379982,80.2428436279,62007,62017,10
13.0597400665,80.2426300049,62017,62028,11
13.0591497421,80.2425308228,62028,62038,10
13.0587797165,80.2425765991,62038,62048,10
13.0587501526,80.2425918579,62048,62058,10
13.0585298538,80.2426605225,62058,62068,10
13.0580997467,80.2427368164,62068,62078,10
13.0575199127,80.2427978516,62078,62088,10
13.0571699142,80.2427978516,62088,62108,20
13.0571699142,80.2427978516,62108,62118,10
13.0569896698,80.2427368164,62118,62128,10
13.0566797256,80.2426605225,62128,62138,10
13.0562400818,80.242477417,62138,62148,10
13.0559797287,80.2423019409,62148,62159,11
13.0554199219,80.2422409058,62159,62169,10
13.0548400879,80.2423706055,62169,62179,10
13.0545902252,80.242401123,62179,62189,10
13.0541801453,80.2423324585,62189,62199,10
13.0540103912,80.2423095703,62199,62209,10
13.0537700653,80.2422485352,62209,62219,10
13.0537099838,80.2422180176,62219,62229,10
13.053609848,80.2421722412,62229,62239,10
13.0531997681,80.2419586182,62239,62310,71
13.0531997681,80.2419586182,62310,62320,10
13.0529899597,80.2419128418,62320,62330,10
13.0525503159,80.2417221069,62330,62340,10
13.0520896912,80.2409667969,62340,62370,30
13.0520896912,80.2409667969,62370,62380,10
13.0517902374,80.2407073975,62380,62390,10
13.0515003204,80.2406463623,62390,62401,11
13.0511102676,80.2405929565,62401,62421,20
13.0511102676,80.2405929565,62421,62431,10
13.0510396957,80.2405471802,62431,62441,10
13.0506801605,80.2405014038,62441,62451,10
13.0501203537,80.2403869629,62451,62461,10
13.0498600006,80.2403335571,62461,62471,10
13.0495500565,80.2402496338,62471,62481,10
13.0491600037,80.2401809692,62481,62491,10
13.0486698151,80.2400894165,62491,62501,10
13.0480804443,80.2399368286,62501,62511,10
13.0474300385,80.2397766113,62511,62521,10
13.0469398499,80.2397003174,62521,62532,11
13.0466804504,80.2396621704,62532,62552,20
13.0466804504,80.2396621704,62552,62562,10
13.0464200974,80.2396316528,62562,62572,10
13.0461997986,80.2395172119,62572,62582,10
13.046330452,80.2391433716,62582,62592,10
13.0464601517,80.2385787964,62592,62602,10
13.0465402603,80.2381591797,62602,62612,10
13.04666996,80.2376785278,62612,62622,10
13.0468101501,80.2367782593,62622,62632,10
13.046959877,80.2362594604,62632,62642,10
13.0470399857,80.2359390259,62642,62653,11
13.04708004,80.2358322144,62653,62663,10
13.047129631,80.2354278564,62663,62673,10
13.0472297668,80.234703064,62673,62683,10
13.0472803116,80.2338562012,62683,62693,10
13.0473604202,80.2335205078,62693,62703,10
13.0474100113,80.2333908081,62703,62743,40
13.0474100113,80.2333908081,62743,62753,10
13.0473804474,80.2331008911,62753,62763,10
13.0469198227,80.2329788208,62763,62774,11
13.0461196899,80.2328186035,62774,62784,10
13.0451602936,80.2326431274,62784,62804,20
13.0451602936,80.2326431274,62804,62814,10
13.0450401306,80.2325897217,62814,62824,10
13.0445995331,80.2324829102,62824,62834,10
13.0439195633,80.232383728,62834,62844,10
13.0432300568,80.2323532104,62844,62854,10
13.0425395966,80.2323608398,62854,62864,10
13.0417804718,80.2322769165,62864,62874,10
13.0411100388,80.232131958,62874,62883,9
13.0400896072,80.2317581177,62883,62894,11
13.0390701294,80.2314987183,62894,62905,11
13.0380096436,80.2311935425,62905,62915,10
13.0372695923,80.2309265137,62915,62925,10
13.0370197296,80.2308425903,62925,62935,10
13.0368404388,80.2308273315,62935,62945,10
13.0363798141,80.2306671143,62945,62955,10
13.0361003876,80.2304992676,62955,62965,10
13.035779953,80.2303466797,62965,62975,10
13.0355501175,80.2303390503,62975,62985,10
13.035369873,80.2303009033,62985,62995,10
13.0350704193,80.2302932739,62995,63011,16
13.0347204208,80.2303771973,63011,63024,13
13.0345497131,80.2304077148,63024,63044,20
13.0344295502,80.2304534912,63044,63103,59
13.0344295502,80.2304534912,63103,63113,10
13.0337200165,80.23046875,63113,63144,31
13.0337200165,80.23046875,63144,63155,11
13.0335302353,80.2304534912,63155,63165,10
13.0333995819,80.2304763794,63165,63175,10
13.0330200195,80.2305221558,63175,63185,10
13.0323696136,80.2305984497,63185,63195,10
13.0316801071,80.230682373,63195,63204,9
13.0311498642,80.2307434082,63204,63235,31
13.0311498642,80.2307434082,63235,63245,10
13.0308599472,80.230758667,63245,63255,10
13.0304203033,80.2308197021,63255,63265,10
13.029800415,80.2308807373,63265,63286,21
13.029800415,80.2308807373,63286,63296,10
13.0294704437,80.2309188843,63296,63306,10
13.0289201736,80.2309494019,63306,63316,10
13.0282897949,80.2310028076,63316,63326,10
13.0277900696,80.231048584,63326,63336,10
13.0276699066,80.2313232422,63336,63345,9
13.0277004242,80.231842041,63345,63357,12
13.0278100967,80.2325592041,63357,63367,10
13.0273103714,80.2329177856,63367,63428,61
13.0273103714,80.2329177856,63428,63438,10
13.027179718,80.2329025269,63438,63448,10
13.0271396637,80.2329406738,63448,63458,10
13.0269203186,80.2329788208,63458,63468,10
13.0266399384,80.2330093384,63468,63478,10
13.026309967,80.2326507568,63478,63488,10
13.0261297226,80.2319412231,63488,63498,10
13.0259504318,80.2311630249,63498,63508,10
13.0255298615,80.2302322388,63508,63519,11
13.0250597,80.2295837402,63519,63529,10
13.024769783,80.2292327881,63529,63539,10
13.0244197845,80.2288131714,63539,63549,10
13.0241003036,80.2284469604,63549,63569,20
13.0241003036,80.2284469604,63569,63579,10
13.0239200592,80.2282409668,63579,63589,10
13.0235204697,80.2277908325,63589,63599,10
13.0230798721,80.2273178101,63599,63615,16
13.0221500397,80.2264404297,63615,63627,12
13.021320343,80.2257766724,63627,63635,8
13.0207195282,80.2253265381,63635,63646,11
13.0199298859,80.224822998,63646,63658,12
13.0191202164,80.2245025635,63658,63668,10
13.0181798935,80.2247619629,63668,63678,10
13.0172300339,80.2251586914,63678,63687,9
13.0167102814,80.225402832,63687,63698,11
13.0164699554,80.2255020142,63698,63708,10
13.0160799026,80.2256393433,63708,63718,10
13.0156602859,80.2257614136,63718,63728,10
13.0145797729,80.2262191772,63728,63758,30
13.0145797729,80.2262191772,63758,63768,10
13.0144300461,80.2262802124,63768,63779,11
13.0142402649,80.2263565063,63779,63789,10
13.0140304565,80.2264862061,63789,63799,10
13.0136003494,80.2265777588,63799,63821,22
13.0119199753,80.2272109985,63821,63833,12
13.0107803345,80.2276687622,63833,63843,10
13.0097999573,80.2280578613,63843,63853,10
13.0091295242,80.2285919189,63853,63861,8
13.0089502335,80.2294998169,63861,63873,12
13.0086898804,80.2308273315,63873,63883,10
13.008480072,80.231918335,63883,63894,11
13.0082902908,80.2329711914,63894,63905,11
13.0082197189,80.2335891724,63905,63924,19
13.0082197189,80.2335891724,63924,63935,11
13.0081100464,80.2339401245,63935,63945,10
13.0080099106,80.2344818115,63945,63955,10
13.0078802109,80.2351303101,63955,63964,9
13.0077600479,80.2356567383,63964,63975,11
13.007610321,80.2364730835,63975,63985,10
13.0074701309,80.2372283936,63985,63995,10
13.0073204041,80.237991333,63995,64005,10
13.0072002411,80.238609314,64005,64016,11
13.0071296692,80.2390365601,64016,64026,10
13.0069999695,80.2397003174,64026,64036,10
13.0069103241,80.2402572632,64036,64046,10
13.0068702698,80.2407226563,64046,64056,10
13.0068502426,80.2407836914,64056,64066,10
13.0067996979,80.2409210205,64066,64076,10
13.0067300797,80.2413482666,64076,64086,10
13.0067195892,80.2421264648,64086,64096,10
13.0066795349,80.2430114746,64096,64106,10
13.0066604614,80.2436828613,64106,64116,10
13.0066299438,80.2440414429,64116,64126,10
13.0066204071,80.2442321777,64126,64136,10
13.0066404343,80.244392395,64136,64147,11
13.0066404343,80.2446517944,64147,64157,10
13.0066404343,80.2450180054,64157,64167,10
13.006649971,80.2453384399,64167,64177,10
13.0066795349,80.2458724976,64177,64187,10
13.0066900253,80.246307373,64187,64197,10
13.0067195892,80.2468032837,64197,64207,10
13.0067195892,80.2471389771,64207,64217,10
13.0066900253,80.2474975586,64217,64227,10
13.0066995621,80.2481307983,64227,64237,10
13.0067501068,80.248916626,64237,64247,10
13.0068302155,80.24949646,64247,64257,10
13.0068302155,80.2495422363,64257,64268,11
13.0067901611,80.249710083,64268,64278,10
13.006770134,80.2501983643,64278,64288,10
13.0067596436,80.2507171631,64288,64318,30
13.0067596436,80.2507171631,64318,64328,10
13.0067100525,80.2508010864,64328,64338,10
13.0067300797,80.2510604858,64338,64348,10
13.0067100525,80.2514419556,64348,64358,10
13.0066204071,80.251953125,64358,64368,10
13.0065202713,80.2525405884,64368,64378,10
13.0065202713,80.2533035278,64378,64394,16
13.0065603256,80.2550582886,64394,64417,23
13.0065603256,80.2550582886,64417,64427,10
13.0065402985,80.2552032471,64427,64437,10
13.0065402985,80.2555923462,64437,64447,10
13.0065402985,80.2562789917,64447,64457,10
13.0066003799,80.2570114136,64457,64497,40
13.0066003799,80.2570114136,64497,64507,10
13.0066299438,80.2570495605,64507,64518,11
13.0066299438,80.2574386597,64518,64528,10
13.0061702728,80.2575378418,64528,64538,10
13.0055904388,80.2574310303,64538,64548,10
13.0049295425,80.2572479248,64548,64558,10
13.0041999817,80.2570800781,64558,64568,10
13.0036802292,80.2569885254,64568,64578,10
13.0032396317,80.2568969727,64578,64588,10
13.002820015,80.2568206787,64588,64608,20
13.002820015,80.2568206787,64608,64618,10
13.0025997162,80.2567596436,64618,64628,10
13.0020399094,80.2566680908,64628,64639,11
13.0015001297,80.2566223145,64639,64649,10
13.0012598038,80.2565765381,64649,64659,10
13.0007400513,80.256477356,64659,64669,10
13.0001802444,80.2564163208,64669,64679,10
13.0000600815,80.256401062,64679,64689,10
12.9998197556,80.2563476563,64689,64709,20
12.9998197556,80.2563476563,64709,64719,10
12.999540329,80.2562789917,64719,64729,10
12.9991197586,80.2561569214,64729,64739,10
12.998459816,80.256072998,64739,64749,10
12.9977798462,80.2559890747,64749,64759,10
12.9971599579,80.2559509277,64759,64776,17
12.9968299866,80.2565765381,64776,64788,12
12.9968004227,80.2570266724,64788,64798,10
12.9968004227,80.2570571899,64798,64807,9
12.9968099594,80.2572784424,64807,64818,11
12.9967603683,80.2578735352,64818,64828,10
12.9966697693,80.2584686279,64828,64837,9
12.9966096878,80.2591323853,64837,64848,11
12.9965600967,80.2593383789,64848,64858,10
12.9965200424,80.2597198486,64858,64868,10
12.9964704514,80.2602462769,64868,64878,10
12.9963998795,80.2609786987,64878,64889,11
12.9963302612,80.2617416382,64889,64899,10
12.9962797165,80.2621688843,64899,64909,10
12.9962501526,80.2624511719,64909,64919,10
12.9962501526,80.2624588013,64919,64929,10
12.9961996078,80.2626495361,64929,64939,10
12.9961500168,80.2630996704,64939,64949,10
12.9960899353,80.2637023926,64949,64959,10
12.9960298538,80.2643737793,64959,64969,10
12.9959602356,80.2649612427,64969,64979,10
12.9959497452,80.2652130127,64979,64989,10
12.9959096909,80.26537323,64989,64999,10
12.9958496094,80.2658996582,64999,65009,10
12.995759964,80.2666473389,65009,65020,11
12.9956998825,80.2674331665,65020,65030,10
12.9960298538,80.2677230835,65030,65050,20
12.9960298538,80.2677230835,65050,65060,10
12.9960899353,80.2677612305,65060,65070,10
12.9964599609,80.2677993774,65070,65080,10
12.9969596863,80.2677612305,65080,65090,10
12.9972600937,80.2676620483,65090,65100,10
12.9976797104,80.2675628662,65100,65110,10
12.9982204437,80.2674102783,65110,65120,10
12.9988498688,80.2672271729,65120,65136,16
13.0001096725,80.2665863037,65136,65159,23
13.0001096725,80.2665863037,65159,65169,10
13.0001602173,80.2663726807,65169,65179,10
13.0002002716,80.2659378052,65179,65189,10
13.0003004074,80.2657394409,65189,65199,10
13.000289917,80.2660903931,65199,65209,10
13.0002603531,80.2664337158,65209,65452,243
13.0002603531,80.2664337158,65452,65462,10
13.0002803802,80.2665863037,65462,65472,10
13.0003004074,80.2667007446,65472,65482,10
13.0002803802,80.2667922974,65482,65492,10
13.0000896454,80.2668991089,65492,65502,10
12.9996795654,80.2670211792,65502,65513,11
12.99903965,80.2671737671,65513,65523,10
12.9984703064,80.2673187256,65523,65533,10
12.9978904724,80.2674865723,65533,65543,10
12.9973497391,80.2676315308,65543,65553,10
12.9968004227,80.2677764893,65553,65563,10
12.9962701797,80.2677536011,65563,65573,10
12.9957895279,80.2677001953,65573,65593,20
12.9957895279,80.2677001953,65593,65603,10
12.9956798553,80.2673187256,65603,65634,31
12.9956798553,80.2673187256,65634,65650,16
12.9957504272,80.2666778564,65650,65662,12
12.9958600998,80.265838623,65662,65672,10
12.9959096909,80.2652511597,65672,65682,10
12.9960203171,80.2644805908,65682,65692,10
12.9961004257,80.2637176514,65692,65702,10
12.9961204529,80.2634963989,65702,65712,10
12.9961500168,80.2632064819,65712,65722,10
12.996219635,80.262588501,65722,65742,20
12.996219635,80.262588501,65742,65752,10
12.9962797165,80.2624588013,65752,65763,11
12.9962902069,80.2621383667,65763,65773,10
12.9963102341,80.2619094849,65773,65783,10
12.9963598251,80.2615737915,65783,65793,10
12.9963998795,80.261100769,65793,65803,10
12.9964399338,80.2606582642,65803,65813,10
12.9965000153,80.2601776123,65813,65823,10
12.9965200424,80.2598190308,65823,65833,10
12.9965496063,80.2594985962,65833,65843,10
12.9966001511,80.2589569092,65843,65853,10
12.9966402054,80.2584609985,65853,65863,10
12.996720314,80.2577667236,65863,65873,10
12.9968004227,80.2570800781,65873,65884,11
12.9968395233,80.2565765381,65884,65894,10
12.9968795776,80.2562026978,65894,65984,90
12.9968795776,80.2562026978,65984,65994,10
12.9970502853,80.2558517456,65994,66005,11
12.9975404739,80.255897522,66005,66015,10
12.9980802536,80.2559585571,66015,66025,10
12.9988098145,80.2560806274,66025,66065,40
12.9988098145,80.2560806274,66065,66075,10
12.9990196228,80.2562026978,66075,66085,10
12.9994802475,80.2562713623,66085,66095,10
13.0000896454,80.2563781738,66095,66105,10
13.0006799698,80.2564926147,66105,66115,10
13.0012102127,80.2565917969,66115,66125,10
13.0016202927,80.256652832,66125,66136,11
13.0019903183,80.2567062378,66136,66146,10
13.0021400452,80.256729126,66146,66156,10
13.0022201538,80.2567214966,66156,66166,10
13.0025396347,80.2567825317,66166,66176,10
13.0027999878,80.2568283081,66176,66186,10
13.0029602051,80.2568588257,66186,66196,10
13.0032196045,80.2569122314,66196,66206,10
13.0034103394,80.2569503784,66206,66216,10
13.0037403107,80.2570037842,66216,66226,10
13.0042295456,80.2571105957,66226,66236,10
13.0047502518,80.2572097778,66236,66246,10
13.0051803589,80.2572631836,66246,66257,11
13.0053901672,80.2573318481,66257,66267,10
13.0057497025,80.2574234009,66267,66277,10
13.006310463,80.2574996948,66277,66317,40
13.006310463,80.2574996948,66317,66327,10
13.0065402985,80.257522583,66327,66337,10
13.0065002441,80.2570037842,66337,66347,10
13.0064697266,80.2562179565,66347,66357,10
13.0065002441,80.2555618286,66357,66367,10
13.0065498352,80.2549209595,66367,66378,11
13.0065097809,80.2543182373,66378,66388,10
13.0065097809,80.2537612915,66388,66398,10
13.0065002441,80.2532577515,66398,66408,10
13.0065097809,80.2531967163,66408,66418,10
13.0065097809,80.2530212402,66418,66428,10
13.0065002441,80.2526702881,66428,66438,10
13.0065498352,80.252243042,66438,66448,10
13.0066795349,80.2516098022,66448,66458,10
13.0067396164,80.2509384155,66458,66468,10
13.0067796707,80.2503433228,66468,66589,121
13.0067796707,80.2503433228,66589,66599,10
13.0068998337,80.2500305176,66599,66609,10
13.0068397522,80.2493133545,66609,66710,101
13.0068397522,80.2493133545,66710,66726,16
13.0067396164,80.2490463257,66726,66738,12
13.0066900253,80.2487030029,66738,66747,9
13.0066604614,80.2484588623,66747,66880,133
13.0066604614,80.2484588623,66880,66890,10
13.0066404343,80.2481918335,66890,66900,10
13.0066204071,80.2478713989,66900,66910,10
13.0066204071,80.2474212646,66910,66920,10
13.0066299438,80.2472076416,66920,66930,10
13.0066404343,80.2470397949,66930,66940,10
13.0065603256,80.2466278076,66940,66950,10
13.0065898895,80.2464981079,66950,66960,10
13.0066204071,80.246383667,66960,66970,10
13.0066204071,80.2458496094,66970,66980,10
13.0066204071,80.2451705933,66980,66990,10
13.0066003799,80.2447128296,66990,67001,11
13.0066204071,80.2444229126,67001,67011,10
13.0066003799,80.244178772,67011,67021,10
13.0066003799,80.2439880371,67021,67031,10
13.0066003799,80.2438278198,67031,67041,10
13.0066003799,80.2435531616,67041,67051,10
13.0065498352,80.243019104,67051,67061,10
13.0065402985,80.2422637939,67061,67071,10
13.006529808,80.2417602539,67071,67081,10
13.0065402985,80.2415390015,67081,67091,10
13.0065603256,80.2412414551,67091,67101,10
13.0065803528,80.2410430908,67101,67111,10
13.0066204071,80.240737915,67111,67122,11
13.0066795349,80.2402420044,67122,67130,8
13.0068502426,80.2396087646,67130,67142,12
13.007060051,80.2386016846,67142,67152,10
13.007229805,80.2378616333,67152,67162,10
13.0073795319,80.2370986938,67162,67192,30
13.0073795319,80.2370986938,67192,67202,10
13.0074195862,80.2369232178,67202,67232,30
13.0074195862,80.2369232178,67232,67243,11
13.0074596405,80.2366867065,67243,67253,10
13.0075502396,80.2364120483,67253,67263,10
13.0076303482,80.2359466553,67263,67273,10
13.0077400208,80.2353363037,67273,67283,10
13.0078697205,80.2346572876,67283,67293,10
13.0080299377,80.2338867188,67293,67303,10
13.0082197189,80.2329406738,67303,67313,10
13.0084295273,80.2318191528,67313,67323,10
13.0086402893,80.23072052,67323,67333,10
13.0088500977,80.2296295166,67333,67343,10
13.009059906,80.2285690308,67343,67353,10
13.0094203949,80.2276000977,67353,67363,10
13.0098495483,80.2266769409,67363,67374,11
13.0102396011,80.2258224487,67374,67383,9
13.0103998184,80.2254486084,67383,67394,11
13.0104398727,80.2253112793,67394,67404,10
13.0106096268,80.2250671387,67404,67434,30
13.0106096268,80.2250671387,67434,67444,10
13.0106897354,80.2249221802,67444,67454,10
13.0108098984,80.224571228,67454,67464,10
13.0111103058,80.2238082886,67464,67505,41
13.0111103058,80.2238082886,67505,67515,10
13.0112895966,80.2235031128,67515,67525,10
13.0114803314,80.2230377197,67525,67535,10
13.0116500854,80.2223434448,67535,67545,10
13.0119695663,80.2215881348,67545,67555,10
13.0123500824,80.2216415405,67555,67565,10
13.0127000809,80.2220687866,67565,67575,10
13.0130901337,80.2225494385,67575,67585,10
13.013420105,80.2229003906,67585,67595,10
13.013759613,80.2232818604,67595,67605,10
13.01404953,80.2236099243,67605,67616,11
13.0143098831,80.2239608765,67616,67626,10
13.0147304535,80.2244110107,67626,67636,10
13.0151796341,80.2248382568,67636,67656,20
13.0151796341,80.2248382568,67656,67666,10
13.0153102875,80.2249298096,67666,67676,10
13.0155601501,80.2251205444,67676,67696,20
13.0155601501,80.2251205444,67696,67706,10
13.0156402588,80.2250976563,67706,67716,10
13.0158596039,80.2253112793,67716,67726,10
13.0163002014,80.225402832,67726,67736,10
13.0168104172,80.2252731323,67736,67747,11
13.0174703598,80.2250213623,67747,67763,16
13.0185604095,80.2245483398,67763,67775,12
13.0192804337,80.2243728638,67775,67785,10
13.0194501877,80.2243881226,67785,67793,8
13.0195198059,80.2244186401,67793,67805,12
13.0196399689,80.2245025635,67805,67815,10
13.0198602676,80.2246780396,67815,67825,10
13.0201997757,80.2249526978,67825,67835,10
13.02064991,80.2252578735,67835,67845,10
13.020939827,80.225479126,67845,67855,10
13.0214004517,80.2258377075,67855,67867,12
13.0220098495,80.226272583,67867,67897,30
13.0220098495,80.226272583,67897,67907,10
13.022190094,80.2264328003,67907,67917,10
13.0225601196,80.2267608643,67917,67927,10
13.0230197906,80.2271575928,67927,67937,10
13.023440361,80.2275924683,67937,67947,10
13.0239095688,80.228012085,67947,67957,10
13.0243196487,80.2284469604,67957,67987,30
13.0243196487,80.2284469604,67987,68004,17
13.0245304108,80.2287979126,68004,68016,12
13.0248603821,80.2292709351,68016,68026,10
13.0251398087,80.2296218872,68026,68034,8
13.0255098343,80.230140686,68034,68046,12
13.0258398056,80.2307281494,68046,68056,10
13.0259199142,80.23097229,68056,68105,49
13.0259199142,80.23097229,68105,68117,12
13.0258903503,80.2311325073,68117,68127,10
13.0261602402,80.2313079834,68127,68137,10
13.0267400742,80.2312393188,68137,68147,10
13.0274400711,80.2310791016,68147,68157,10
13.0280399323,80.2309875488,68157,68167,10
13.028429985,80.2309417725,68167,68187,20
13.028429985,80.2309417725,68187,68197,10
13.0285902023,80.2309036255,68197,68207,10
13.0291204453,80.2309112549,68207,68258,51
13.0291204453,80.2309112549,68258,68268,10
13.0292797089,80.2309112549,68268,68278,10
13.0296096802,80.2308731079,68278,68288,10
13.0301399231,80.2308120728,68288,68308,20
13.0345001221,80.2304229736,68308,68667,359
13.0345001221,80.2304229736,68667,68676,9
13.0348901749,80.23046875,68676,68687,11
13.0348997116,80.2308578491,68687,68697,10
13.0348796844,80.2309875488,68697,68707,10
13.0348300934,80.2312774658,68707,68717,10
13.0347700119,80.2317962646,68717,68727,10
13.0346803665,80.2324676514,68727,68737,10
13.0346403122,80.232963562,68737,68748,11
13.0345697403,80.2333221436,68748,68758,10
13.0345001221,80.2338790894,68758,68768,10
13.0344200134,80.2344818115,68768,68778,10
13.0343198776,80.2351531982,68778,68788,10
13.0342502594,80.2359008789,68788,68798,10
13.0341796875,80.2366409302,68798,68814,16
13.0341701508,80.2372436523,68814,68826,12
13.0342302322,80.2373809814,68826,68834,8
13.0344600677,80.23777771,68834,68846,12
13.0347499847,80.238243103,68846,68856,10
13.0349302292,80.2385482788,68856,68866,10
13.0352201462,80.2390136719,68866,68877,11
13.035610199,80.239402771,68877,68887,10
13.0361204147,80.2394714355,68887,68897,10
13.036740303,80.2395477295,68897,68907,10
13.0373096466,80.2396011353,68907,68917,10
13.0378503799,80.2396621704,68917,68927,10
13.038479805,80.2397766113,68927,68937,10
13.0387802124,80.2398300171,68937,68947,10
13.0393800735,80.239906311,68947,68998,51
13.0396003723,80.2399215698,68998,69078,80
13.0396003723,80.2399215698,69078,69088,10
13.0399303436,80.2399368286,69088,69098,10
13.0401601791,80.2399902344,69098,69108,10
13.040309906,80.2400512695,69108,69119,11
13.0403604507,80.2403411865,69119,69129,10
13.0405302048,80.2405700684,69129,69139,10
13.0408296585,80.2406082153,69139,69149,10
13.0410203934,80.2406616211,69149,69159,10
13.0411901474,80.2406921387,69159,69169,10
13.0417203903,80.2407302856,69169,69179,10
13.0424098969,80.2408294678,69179,69189,10
13.0429201126,80.2409133911,69189,69199,10
13.0435800552,80.2410202026,69199,69250,51
13.0435800552,80.2410202026,69250,69260,10
13.0440797806,80.2409973145,69260,69270,10
13.0443601608,80.2408218384,69270,69280,10
13.0448503494,80.240447998,69280,69290,10
13.0454101563,80.2400588989,69290,69300,10
13.0459604263,80.239692688,69300,69310,10
13.0462303162,80.2396087646,69310,69320,10
13.0464000702,80.2396774292,69320,69330,10
13.0464601517,80.239692688,69330,69340,10
13.0467395782,80.2397613525,69340,69350,10
13.0472602844,80.2398605347,69350,69360,10
13.0477800369,80.239982605,69360,69371,11
13.0483703613,80.2401275635,69371,69381,10
13.0488996506,80.240196228,69381,69391,10
13.0494298935,80.2403030396,69391,69401,10
13.0497598648,80.2403793335,69401,69411,10
13.0502099991,80.240447998,69411,69421,10
13.0508003235,80.240562439,69421,69431,10
13.0511302948,80.2406463623,69431,69441,10
13.0513401031,80.2407073975,69441,69451,10
13.051779747,80.2408218384,69451,69461,10
13.052479744,80.2412185669,69461,69471,10
13.0526103973,80.2416229248,69471,69481,10
13.0529003143,80.241859436,69481,69492,11
13.0535697937,80.2421722412,69492,69502,10
13.0539999008,80.2423171997,69502,69522,20
13.0539999008,80.2423171997,69522,69532,10
13.0541296005,80.2423400879,69532,69542,10
13.0546302795,80.242401123,69542,69552,10
13.0554103851,80.2423019409,69552,69562,10
13.0563097,80.2426223755,69562,69582,20
13.0563097,80.2426223755,69582,69592,10
13.0563802719,80.24269104,69592,69602,10
13.0567302704,80.242729187,69602,69613,11
13.0571403503,80.2428665161,69613,69623,10
13.0575304031,80.2428970337,69623,69633,10
13.0576295853,80.2428970337,69633,69643,10
13.0579595566,80.2428665161,69643,69653,10
13.0583400726,80.2427368164,69653,69663,10
13.0586099625,80.2426986694,69663,69673,10
13.0588598251,80.2426986694,69673,69682,9
13.0591497421,80.2426376343,69682,69693,11
13.0596399307,80.2427215576,69693,69703,10
13.0601596832,80.2428894043,69703,69713,10
13.060379982,80.2429428101,69713,69723,10
13.0607995987,80.2430725098,69723,69733,10
13.0611801147,80.2431793213,69733,69744,11
13.0616102219,80.2432785034,69744,69754,10
13.0620002747,80.2433166504,69754,69764,10
13.0620098114,80.2433166504,69764,69774,10
13.0624599457,80.2434234619,69774,69794,20
13.0624599457,80.2434234619,69794,69803,9
13.0626802444,80.2434616089,69803,69814,11
13.0632095337,80.2435531616,69814,69824,10
13.0638399124,80.2435836792,69824,69834,10
13.0643100739,80.2436065674,69834,69844,10
13.0648498535,80.243598938,69844,69854,10
13.0651302338,80.2436218262,69854,69865,11
13.065580368,80.2436218262,69865,69875,10
13.0657596588,80.2435836792,69875,69885,10
13.0658197403,80.2435684204,69885,69895,10
13.0660896301,80.243598938,69895,69905,10
13.0662498474,80.2435073853,69905,69915,10
13.0664997101,80.2434234619,69915,69925,10
13.0669298172,80.2432403564,69925,69935,10
13.0673103333,80.2430267334,69935,69945,10
13.0677604675,80.2428665161,69945,69955,10
13.0683298111,80.2427062988,69955,69965,10
13.0689401627,80.2424697876,69965,69975,10
13.0693597794,80.2422866821,69975,69986,11
13.0697698593,80.2422180176,69986,70026,40
13.0697698593,80.2422180176,70026,70036,10
13.0700101852,80.2421722412,70036,70046,10
13.0703601837,80.2421035767,70046,70056,10
13.0707998276,80.2419586182,70056,70066,10
13.0711803436,80.2418289185,70066,70076,10
13.0715303421,80.2416687012,70076,70086,10
13.0717601776,80.2415313721,70086,70096,10
13.0719203949,80.2414474487,70096,70107,11
13.0720901489,80.2413406372,70107,70117,10
13.0724201202,80.2411499023,70117,70127,10
13.072719574,80.2409820557,70127,70137,10
13.0734195709,80.2407302856,70137,70147,10
13.0734195709,80.2407302856,70147,70157,10
13.0739002228,80.2406234741,70157,70167,10
13.0747203827,80.240562439,70167,70177,10
13.0756101608,80.2405471802,70177,70187,10
13.0763902664,80.2405776978,70187,70197,10
13.0768699646,80.2406387329,70197,70207,10
13.0771102905,80.2405166626,70207,70218,11
13.0770397186,80.2401580811,70218,70228,10
13.076880455,80.2395782471,70228,70239,11
13.0767002106,80.2389221191,70239,70249,10
13.0766401291,80.2386398315,70249,70258,9
13.0765399933,80.23828125,70258,70269,11
13.076499939,80.2380371094,70269,70279,10
13.0764598846,80.237701416,70279,70289,10
13.0763998032,80.2374420166,70289,70299,10
13.0763998032,80.237411499,70299,70309,10
13.0764198303,80.2373123169,70309,70319,10
13.0763196945,80.236869812,70319,70329,10
13.076210022,80.2361526489,70329,70339,10
13.0760698318,80.2353973389,70339,70349,10
13.0758304596,80.2345962524,70349,70360,11
13.0756998062,80.23412323,70360,70370,10
13.0757102966,80.2341079712,70370,70380,10
13.0757904053,80.2339782715,70380,70390,10
13.0762395859,80.2338180542,70390,70400,10
13.0766401291,80.2337493896,70400,70410,10
13.0767202377,80.233757019,70410,70420,10
13.077249527,80.2337036133,70420,70429,9
13.07791996,80.2336273193,70429,70440,11
13.0788202286,80.2335891724,70440,70450,10
13.0794296265,80.233581543,70450,70460,10
13.0797100067,80.2335586548,70460,70470,10
13.0801801682,80.2335891724,70470,70481,11
13.0803098679,80.2335968018,70481,70491,10
13.0805797577,80.2336196899,70491,70501,10
13.0811195374,80.2336578369,70501,70511,10
13.0817203522,80.2337036133,70511,70521,10
13.0819597244,80.2336425781,70521,70531,10
13.0819997787,80.2332382202,70531,70541,10
13.0820798874,80.2326431274,70541,70551,10
13.0822896957,80.2319717407,70551,70561,10
13.0824804306,80.2314910889,70561,70571,10
13.0827198029,80.2308807373,70571,70591,20
13.0827198029,80.2308807373,70591,70602,11
13.0830402374,80.230758667,70602,70612,10
13.0831203461,80.2313308716,70612,70622,10
13.0831699371,80.2321777344,70622,70632,10
13.083319664,80.233001709,70632,70642,10
13.0834197998,80.2335205078,70642,70652,10
13.0834703445,80.2337799072,70652,70662,10
13.0840196609,80.2340164185,70662,70682,20
13.0840196609,80.2340164185,70682,70692,10
13.0841598511,80.2340774536,70692,70702,10
13.0843601227,80.23412323,70702,70712,10
13.0847501755,80.2342071533,70712,70723,11
13.0852098465,80.2343215942,70723,70733,10
13.0854997635,80.2343826294,70733,70743,10
13.0858602524,80.2344818115,70743,70753,10
13.0862903595,80.2345428467,70753,70763,10
13.0867300034,80.234588623,70763,70773,10
13.0873003006,80.23462677,70773,70783,10
13.0877504349,80.2344818115,70783,70793,10
13.0879001617,80.2340164185,70793,70803,10
13.0880002975,80.2333221436,70803,70813,10
13.0881795883,80.2324981689,70813,70823,10
13.0883998871,80.2316970825,70823,70833,10
13.0886497498,80.2310562134,70833,70843,10
13.0888395309,80.2305984497,70843,70854,11
13.0888500214,80.2305908203,70854,70864,10
13.0888900757,80.2305221558,70864,70874,10
13.0890598297,80.2301712036,70874,70884,10
13.0894203186,80.2295227051,70884,70894,10
13.0900001526,80.2288513184,70894,70903,9
13.0905799866,80.2282180786,70903,70914,11
13.0911502838,80.2275924683,70914,70924,10
13.0914001465,80.2273178101,70924,70934,10
13.0914201736,80.2273025513,70934,70944,10
13.0914802551,80.2272567749,70944,70954,10
13.0917701721,80.2269668579,70954,70964,10
13.0922899246,80.2264328003,70964,70975,11
13.0929498672,80.2257232666,70975,70985,10
13.0931997299,80.2254562378,70985,70995,10
13.0933103561,80.2253570557,70995,71005,10
13.0934095383,80.2252426147,71005,71015,10
13.093580246,80.2250518799,71015,71025,10
13.0939102173,80.2246780396,71025,71035,10
13.0943498611,80.2241134644,71035,71045,10
13.0948295593,80.2233886719,71045,71055,10
13.0951404572,80.2227401733,71055,71065,10
13.0951795578,80.2226104736,71065,71075,10
13.0952396393,80.2224807739,71075,71085,10
13.0954198837,80.2220306396,71085,71096,11
13.0956897736,80.221321106,71096,71106,10
13.0959596634,80.2206115723,71106,71116,10
13.0961799622,80.2198791504,71116,71126,10
13.096280098,80.219581604,71126,71136,10
13.0962896347,80.2195129395,71136,71146,10
13.096329689,80.2193984985,71146,71156,10
13.0963602066,80.2193069458,71156,71166,10
13.0964698792,80.2190475464,71166,71176,10
13.0966100693,80.2186431885,71176,71186,10
13.0968103409,80.2180404663,71186,71196,10
13.0970401764,80.2173690796,71196,71206,10
13.0972003937,80.2168884277,71206,71216,10
13.0972604752,80.2167434692,71216,71227,11
13.0974702835,80.216217041,71227,71243,16
13.0979700089,80.215057373,71243,71255,12
13.0983800888,80.2141723633,71255,71376,121
13.0983800888,80.2141723633,71376,71386,10
13.0986700058,80.2140426636,71386,71396,10
13.0992097855,80.2142868042,71396,71406,10
13.0997695923,80.2144393921,71406,71416,10
13.1002597809,80.2145767212,71416,71446,30
13.1002597809,80.2145767212,71446,71456,10
13.1003704071,80.2146606445,71456,71466,10
13.1005096436,80.2148895264,71466,71477,11
13.1002702713,80.2154083252,71477,71487,10
13.1000699997,80.2158813477,71487,71497,10
13.0999403,80.2161178589,71497,71507,10
13.0999002457,80.2161331177,71507,71517,10
13.0998601913,80.2159118652,71517,71527,10
13.0999603271,80.215637207,71527,71537,10
13.1001195908,80.2153091431,71537,71547,10
13.1001796722,80.2151184082,71547,71557,10
13.1002597809,80.2149810791,71557,72313,756
13.1002597809,80.2149810791,72313,72323,10
13.100230217,80.2147216797,72323,72344,21
13.100230217,80.2147216797,72344,72354,10
13.0999803543,80.2145080566,72354,72364,10
13.099820137,80.2144775391,72364,72374,10
13.0995197296,80.2144012451,72374,72384,10
13.0990495682,80.2142791748,72384,72394,10
13.0985202789,80.2141036987,72394,72404,10
13.0982398987,80.21459198,72404,72414,10
13.0979404449,80.2152633667,72414,72424,10
13.0976104736,80.2160415649,72424,72434,10
13.0973596573,80.2166366577,72434,72444,10
13.0973300934,80.2167129517,72444,72454,10
13.0972995758,80.216796875,72454,72465,11
13.0971403122,80.2171783447,72465,72475,10
13.0968704224,80.217880249,72475,72485,10
13.0966100693,80.2186737061,72485,72495,10
13.096329689,80.2194595337,72495,72505,10
13.0960302353,80.2203521729,72505,72515,10
13.0958003998,80.2210922241,72515,72525,10
13.0955600739,80.2217407227,72525,72535,10
13.0952596664,80.2225036621,72535,72545,10
13.0948400497,80.2234191895,72545,72555,10
13.0942602158,80.2242584229,72555,72565,10
13.09375,80.2249221802,72565,72575,10
13.0932798386,80.225479126,72575,72586,11
13.092590332,80.2261734009,72586,72596,10
13.0920200348,80.2267684937,72596,72606,10
13.0911998749,80.2276382446,72606,72626,20
13.0911998749,80.2276382446,72626,72636,10
13.0909500122,80.2279205322,72636,72646,10
13.0904998779,80.2283782959,72646,72656,10
13.0899801254,80.2289505005,72656,72666,10
13.0894899368,80.2295303345,72666,72676,10
13.0891799927,80.2300720215,72676,72686,10
13.0890703201,80.2303085327,72686,72696,10
13.0888700485,80.2307434082,72696,72707,11
13.0887699127,80.2309570313,72707,72717,10
13.0886898041,80.2310714722,72717,72727,10
13.0885400772,80.2314300537,72727,72737,10
13.0882997513,80.2321166992,72737,72747,10
13.0881004333,80.2329025269,72747,72757,10
13.0879602432,80.2337417603,72757,72767,10
13.0878400803,80.2344207764,72767,72777,10
13.087220192,80.23462677,72777,72787,10
13.0867004395,80.23462677,72787,72797,10
13.0861997604,80.2345275879,72797,72807,10
13.086139679,80.2345123291,72807,72817,10
13.0858898163,80.2344284058,72817,72827,10
13.0854597092,80.2343292236,72827,72838,11
13.084980011,80.2342224121,72838,72848,10
13.0847501755,80.2341384888,72848,72858,10
13.0844497681,80.2340927124,72858,72868,10
13.0836000443,80.2339324951,72868,72896,28
13.0836000443,80.2339324951,72896,72906,10
13.0833902359,80.2338790894,72906,72916,10
13.0828199387,80.2338027954,72916,72936,20
13.0828199387,80.2338027954,72936,72946,10
13.0825996399,80.2337417603,72946,72988,42
13.0825996399,80.2337417603,72988,72998,10
13.082159996,80.2336578369,72998,73008,10
13.0818195343,80.2336273193,73008,73018,10
13.0812196732,80.2335586548,73018,73028,10
13.0807600021,80.2335510254,73028,73038,10
13.0803098679,80.233581543,73038,73048,10
13.0799398422,80.233581543,73048,73058,10
13.0795898438,80.2335510254,73058,73068,10
13.0795202255,80.2335510254,73068,73078,10
13.0792798996,80.2336120605,73078,73089,11
13.0789499283,80.2335891724,73089,73099,10
13.078619957,80.2335891724,73099,73109,10
13.0781402588,80.2336196899,73109,73119,10
13.0775499344,80.2336730957,73119,73129,10
13.0768499374,80.2337722778,73129,73138,9
13.0762996674,80.2339019775,73138,73149,11
13.0761203766,80.2339401245,73149,73159,10
13.0759401321,80.2338790894,73159,73169,10
13.0758399963,80.2342834473,73169,73179,10
13.0759496689,80.2348709106,73179,73189,10
13.0760698318,80.2355804443,73189,73199,10
13.0761995316,80.236289978,73199,73210,11
13.0764303207,80.2373428345,73210,73240,30
13.0764303207,80.2373428345,73240,73250,10
13.0764398575,80.2375793457,73250,73259,9
13.0765399933,80.237991333,73259,73270,11
13.0766601563,80.2386322021,73270,73280,10
13.0768604279,80.2393798828,73280,73290,10
13.0771598816,80.240562439,73290,73351,61
13.0771598816,80.240562439,73351,73361,10
13.0772304535,80.2407608032,73361,73371,10
13.077340126,80.2412109375,73371,73381,10
13.0774097443,80.2416992188,73381,73391,10
13.0775604248,80.242401123,73391,73401,10
13.0776796341,80.2432022095,73401,73411,10
13.0777797699,80.2439422607,73411,73421,10
13.0777902603,80.244682312,73421,73431,10
13.077870369,80.2455368042,73431,73441,10
13.0778999329,80.2462921143,73441,73451,10
13.0780801773,80.247177124,73451,73462,11
13.0782804489,80.2481079102,73462,73472,10
13.0784397125,80.2488174438,73472,73482,10
13.0785799026,80.2494888306,73482,73492,10
13.0786504745,80.2502212524,73492,73502,10
13.0784301758,80.2509231567,73502,73512,10
13.078499794,80.2515335083,73512,73522,10
13.0782299042,80.2516708374,73522,73532,10
13.0777702332,80.2517776489,73532,73542,10
13.0770196915,80.2519378662,73542,73552,10
13.0761203766,80.2521209717,73552,73562,10
13.0752801895,80.2521972656,73562,73572,10
13.0746002197,80.252243042,73572,73583,11
13.0739297867,80.2523422241,73583,73593,10
13.0734996796,80.2524795532,73593,73603,10
13.0728797913,80.2524185181,73603,73613,10
13.0722999573,80.2521820068,73613,73623,10
13.0721101761,80.2516479492,73623,73633,10
13.0719203949,80.2507324219,73633,73643,10
13.0716695786,80.2499694824,73643,73653,10
13.0715103149,80.2493209839,73653,73663,10
13.0713796616,80.2485275269,73663,73673,10
13.0711402893,80.2479171753,73673,73683,10
13.0708503723,80.2472076416,73683,73693,10
13.0704898834,80.2464675903,73693,73704,11
13.0700502396,80.2454986572,73704,73714,10
13.0697202682,80.2446517944,73714,73724,10
13.0694704056,80.2439422607,73724,73734,10
13.0692796707,80.2433929443,73734,73754,20
13.0692796707,80.2433929443,73754,73764,10
13.0691995621,80.2430801392,73764,73774,10
13.0690698624,80.2426223755,73774,73784,10
13.0684499741,80.2426376343,73784,73794,10
13.0676498413,80.2428894043,73794,73804,10
13.0669002533,80.2432022095,73804,73814,10
13.0662097931,80.2435302734,73814,73824,10
13.066069603,80.2441482544,73824,73835,11
13.0661897659,80.244972229,73835,73845,10
13.0663204193,80.2456588745,73845,73855,10
13.066860199,80.2461700439,73855,73865,10
13.0677499771,80.24659729,73865,73885,20
13.0677499771,80.24659729,73885,73895,10
13.0678501129,80.2469406128,73895,73905,10
13.0678596497,80.2475128174,73905,73915,10
13.0676603317,80.2479705811,73915,73931,16
13.0665197372,80.2479400635,73931,73943,12
13.0655002594,80.2478637695,73943,73952,9
13.0646896362,80.2478103638,73952,73962,10
13.0637998581,80.2477493286,73962,73973,11
13.0628595352,80.2477493286,73973,73984,11
13.0619497299,80.247718811,73984,73994,10
13.0614299774,80.2472763062,73994,74004,10
13.0614500046,80.246887207,74004,74014,10
13.061750412,80.2464675903,74014,74024,10
13.0618896484,80.2458572388,74024,74033,9
13.0621995926,80.2452011108,74033,74043,10
13.0627803802,80.2447891235,74043,74054,11
13.0631198883,80.2443618774,74054,74064,10
13.0631399155,80.2443389893,74064,74074,10
13.0631999969,80.2441864014,74074,74085,11
13.0634002686,80.2437286377,74085,74095,10
13.0630598068,80.2435302734,74095,74105,10
13.0626401901,80.2434463501,74105,74115,10
13.0622501373,80.2433700562,74115,74125,10
13.0617904663,80.2432937622,74125,74135,10
13.0613203049,80.2432022095,74135,74145,10
13.0609397888,80.2431106567,74145,74155,10
13.0606498718,80.2429885864,74155,74165,10
13.0602197647,80.2428512573,74165,74175,10
13.0598297119,80.2426986694,74175,74185,10
13.0595703125,80.2425994873,74185,74195,10
13.0592403412,80.2425765991,74195,74205,10
13.0589199066,80.2425994873,74205,74216,11
13.058719635,80.2426223755,74216,74226,10
13.058549881,80.2426681519,74226,74236,10
13.0581998825,80.242729187,74236,74246,10
13.0575704575,80.2428588867,74246,74256,10
13.0568599701,80.2428512573,74256,74266,10
13.0562896729,80.2426528931,74266,74276,10
13.0557699203,80.2423706055,74276,74286,10
13.0552301407,80.2423095703,74286,74295,9
13.0547304153,80.2424316406,74295,74305,10
13.0541296005,80.242401123,74305,74316,11
13.0537204742,80.2423171997,74316,74337,21
13.0537204742,80.2423171997,74337,74347,10
13.0534896851,80.242149353,74347,74357,10
13.0530395508,80.2419586182,74357,74367,10
13.052740097,80.241897583,74367,74427,60
13.052740097,80.241897583,74427,74437,10
13.0526304245,80.2418365479,74437,74447,10
13.0523099899,80.2415084839,74447,74458,11
13.0520401001,80.2410507202,74458,74468,10
13.051779747,80.2407531738,74468,74478,10
13.0514297485,80.2406692505,74478,74488,10
13.0509700775,80.2406311035,74488,74498,10
13.0508499146,80.2405929565,74498,74508,10
13.0507202148,80.2405471802,74508,74518,10
13.0503902435,80.2404937744,74518,74528,10
13.0497198105,80.2403411865,74528,74538,10
13.0491399765,80.2402191162,74538,74548,10
13.0485801697,80.2401123047,74548,74558,10
13.0479202271,80.239982605,74558,74568,10
13.0472002029,80.2398529053,74568,74579,11
13.0465402603,80.2397079468,74579,74589,10
13.0461797714,80.2395401001,74589,74599,10
13.0462703705,80.2392272949,74599,74609,10
13.0464200974,80.2386398315,74609,74619,10
13.0465202332,80.2381286621,74619,74629,10
13.0466299057,80.2375869751,74629,74639,10
13.0467596054,80.2369918823,74639,74649,10
13.0468797684,80.2363891602,74649,74659,10
13.0469303131,80.2360992432,74659,74669,10
13.0469999313,80.2357711792,74669,74679,10
13.0470304489,80.2354736328,74679,74689,10
13.0471000671,80.2350006104,74689,74700,11
13.0472202301,80.2341079712,74700,74710,10
13.0472803116,80.2334671021,74710,74720,10
13.0473098755,80.2332763672,74720,74730,10
13.0473203659,80.2331390381,74730,74740,10
13.0470104218,80.2330703735,74740,74750,10
13.0464801788,80.2329711914,74750,74760,10
13.0458202362,80.2328262329,74760,74770,10
13.0452699661,80.2327194214,74770,74780,10
13.0451898575,80.2326889038,74780,74790,10
13.0451002121,80.232673645,74790,74800,10
13.0447502136,80.2325973511,74800,74810,10
13.0441398621,80.2324981689,74810,74821,11
13.0433702469,80.232383728,74821,74831,10
13.0427799225,80.2323608398,74831,74841,10
13.0421800613,80.2323608398,74841,74851,10
13.0415201187,80.2322463989,74851,74861,10
13.0407495499,80.2320480347,74861,74871,10
13.0399398804,80.2317962646,74871,74881,10
13.0390796661,80.2315826416,74881,74891,10
13.0381498337,80.2312469482,74891,74901,10
13.0373001099,80.2310333252,74901,74911,10
13.0368499756,80.2308807373,74911,74921,10
13.0366296768,80.230796814,74921,74931,10
13.0361700058,80.2306594849,74931,74941,10
13.0353603363,80.2304229736,74941,75032,91
13.0353603363,80.2304229736,75032,75042,10
13.0350103378,80.2303085327,75042,75052,10
13.0346403122,80.2303619385,75052,75062,10
13.0343198776,80.230430603,75062,75073,11
13.0339403152,80.2304763794,75073,75083,10
13.0334196091,80.2305526733,75083,75103,20
13.0334196091,80.2305526733,75103,75113,10
13.033200264,80.2305603027,75113,75123,10
13.0326700211,80.2305831909,75123,75133,10
13.0321302414,80.2306213379,75133,75143,10
13.0316200256,80.2306594849,75143,75153,10
13.0309801102,80.23072052,75153,75163,10
13.0307397842,80.2307510376,75163,75173,10
13.0304498672,80.2307815552,75173,75183,10
13.0300102234,80.2308425903,75183,75194,11
13.0297698975,80.2308807373,75194,75204,10
13.0296602249,80.2308883667,75204,75214,10
13.0292797089,80.2309417725,75214,75224,10
13.0286998749,80.23097229,75224,75234,10
13.0281000137,80.2310028076,75234,75243,9
13.0277099609,80.2310562134,75243,75255,12
13.0276098251,80.2313613892,75255,75265,10
13.0276098251,80.2317810059,75265,75274,9
13.0277395248,80.232460022,75274,75285,11
13.027589798,80.2328567505,75285,75295,10
13.0269098282,80.2329788208,75295,75346,51
13.0269098282,80.2329788208,75346,75356,10
13.0267295837,80.2330093384,75356,75366,10
13.0264196396,80.233001709,75366,75376,10
13.0262699127,80.2326126099,75376,75386,10
13.0261602402,80.2321090698,75386,75396,10
13.0260400772,80.2316818237,75396,75406,10
13.0260095596,80.2316207886,75406,75416,10
13.0259504318,80.231300354,75416,75426,10
13.0257101059,80.2306594849,75426,75437,11
13.0251598358,80.2297821045,75437,75447,10
13.0245599747,80.2290267944,75447,75457,10
13.0242395401,80.2286071777,75457,75467,10
13.0239295959,80.228302002,75467,75487,20
13.0239295959,80.228302002,75487,75497,10
13.0237798691,80.2280883789,75497,75507,10
13.0235395432,80.2278518677,75507,75517,10
13.0232601166,80.2275695801,75517,75527,10
13.0229196548,80.2272109985,75527,75537,10
13.0223903656,80.2267608643,75537,75547,10
13.0219402313,80.226348877,75547,75557,10
13.0215902328,80.2260513306,75557,75568,11
13.0211696625,80.2257232666,75568,75577,9
13.0207500458,80.225402832,75577,75588,11
13.0202999115,80.225112915,75588,75598,10
13.019949913,80.2248535156,75598,75618,20
13.019949913,80.2248535156,75618,75628,10
13.0196800232,80.224647522,75628,75638,10
13.0190696716,80.2245101929,75638,75648,10
13.0182504654,80.2247390747,75648,75658,10
13.0173397064,80.2251205444,75658,75668,10
13.016500473,80.225479126,75668,75678,10
13.0158901215,80.2257232666,75678,75689,11
13.0151796341,80.2259902954,75689,75699,10
13.0149002075,80.2260971069,75699,75709,10
13.0147304535,80.2261810303,75709,75719,10
13.014289856,80.2263412476,75719,75729,10
13.0141296387,80.2264328003,75729,75739,10
13.0140600204,80.2264328003,75739,75749,10
13.0137300491,80.2265625,75749,75759,10
13.0130996704,80.2267990112,75759,75769,10
13.012339592,80.2270889282,75769,75785,16
13.0108499527,80.2276763916,75785,75797,12
13.00963974,80.2281570435,75797,75807,10
13.0090799332,80.2286911011,75807,75818,11
13.0088195801,80.2300491333,75818,75827,9
13.008649826,80.2309570313,75827,75837,10
13.0085000992,80.2319030762,75837,75849,12
13.008310318,80.2329177856,75849,75859,10
13.0082597733,80.2333984375,75859,75869,10
13.0081701279,80.233757019,75869,75879,10
13.0080604553,80.2342987061,75879,75889,10
13.0079202652,80.2349624634,75889,75899,10
13.007900238,80.2350387573,75899,75909,10
13.007809639,80.2353515625,75909,75919,10
13.0076904297,80.2359771729,75919,75929,10
13.0074996948,80.2369689941,75929,75940,11
13.0072898865,80.2380905151,75940,75950,10
13.0071296692,80.2389526367,75950,75960,10
13.0069303513,80.2400817871,75960,76050,90
13.0069303513,80.2400817871,76050,76061,11
13.0069503784,80.2401885986,76061,76071,10
13.0068902969,80.2405090332,76071,76081,10
13.0067996979,80.2409286499,76081,76091,10
13.0067300797,80.2416000366,76091,76101,10
13.0067195892,80.2423629761,76101,76111,10
13.0066795349,80.2430267334,76111,76121,10
13.0066795349,80.2436828613,76121,76131,10
13.0066299438,80.2444229126,76131,76141,10
13.0066003799,80.2451324463,76141,76151,10
13.0066699982,80.2458724976,76151,76161,10
13.0066995621,80.2466430664,76161,76171,10
13.0066995621,80.2474212646,76171,76182,11
13.0067195892,80.2483062744,76182,76192,10
13.0067796707,80.2490615845,76192,76202,10
13.0068302155,80.2494430542,76202,76212,10
13.0068397522,80.2495727539,76212,76222,10
13.006819725,80.2500305176,76222,76232,10
13.0067996979,80.2507324219,76232,76242,10
13.0067501068,80.2514419556,76242,76252,10
13.0065498352,80.252243042,76252,76262,10
13.0065202713,80.2530975342,76262,76272,10
13.0065202713,80.2540130615,76272,76282,10
13.0065803528,80.2546386719,76282,76292,10
13.0065898895,80.2549133301,76292,76303,11
13.0065803528,80.2549209595,76303,76313,10
13.0065402985,80.2553024292,76313,76323,10
13.0065402985,80.2559814453,76323,76333,10
13.0065498352,80.2565002441,76333,76343,10
13.0066204071,80.2568817139,76343,76353,10
13.0066699982,80.2573623657,76353,76363,10
13.0064496994,80.2576217651,76363,76393,30
13.0064496994,80.2576217651,76393,76403,10
13.0061798096,80.2575683594,76403,76434,31
13.0061798096,80.2575683594,76434,76443,9
13.0058002472,80.2574386597,76443,76454,11
13.0054502487,80.2573928833,76454,76464,10
13.0049200058,80.2572021484,76464,76474,10
13.0042104721,80.2570724487,76474,76484,10
13.003660202,80.2569732666,76484,76504,20
13.003660202,80.2569732666,76504,76514,10
13.0035600662,80.2569274902,76514,76524,10
13.0031995773,80.2568664551,76524,76534,10
13.002699852,80.2567901611,76534,76544,10
13.002240181,80.2566986084,76544,76555,11
13.0017595291,80.2566375732,76555,76605,50
13.0017595291,80.2566375732,76605,76615,10
13.0016298294,80.2565536499,76615,76625,10
13.0011997223,80.2565078735,76625,76635,10
13.0002403259,80.2563934326,76635,76655,20
13.0002403259,80.2563934326,76655,76665,10
12.9998703003,80.2563095093,76665,76686,21
12.9998703003,80.2563095093,76686,76696,10
12.9996995926,80.2563095093,76696,76706,10
12.999420166,80.2562713623,76706,76716,10
12.999250412,80.2562103271,76716,76726,10
12.9987001419,80.2560806274,76726,76736,10
12.9979600906,80.2559814453,76736,76746,10
12.9972295761,80.2559432983,76746,76756,10
12.9968996048,80.2561721802,76756,76766,10
12.9968395233,80.256690979,76766,76776,10
12.9968500137,80.2568893433,76776,76786,10
12.9968299866,80.2571411133,76786,76797,11
12.9967699051,80.2577285767,76797,76807,10
12.9966897964,80.2584228516,76807,76817,10
12.9965896606,80.2591400146,76817,76827,10
12.9965000153,80.2595977783,76827,76837,10
12.9964704514,80.259979248,76837,76847,10
12.9964199066,80.260559082,76847,76857,10
12.9963598251,80.2612380981,76857,76867,10
12.9962902069,80.2618103027,76867,76877,10
12.9962596893,80.2621078491,76877,76887,10
12.996219635,80.2622909546,76887,76897,10
12.9961795807,80.2625579834,76897,76907,10
12.9961299896,80.2629470825,76907,76917,10
12.9960899353,80.2635803223,76917,76928,11
12.9960098267,80.2644577026,76928,76938,10
12.9959001541,80.2654037476,76938,76948,10
12.9958000183,80.2663116455,76948,76958,10
12.9957199097,80.2670822144,76958,76968,10
12.9957103729,80.2676467896,76968,76978,10
12.9960603714,80.2677001953,76978,76988,10
12.9960899353,80.2677307129,76988,76998,10
12.9964103699,80.2677764893,76998,77008,10
12.9969100952,80.2677536011,77008,77018,10
12.9974603653,80.267578125,77018,77028,10
12.9978599548,80.2674789429,77028,77038,10
12.9981298447,80.2674026489,77038,77049,11
12.9986200333,80.2672576904,77049,77059,10
12.9992303848,80.2670822144,77059,77069,10
12.9997901917,80.2668685913,77069,77079,10
13.0000600815,80.2665863037,77079,77089,10
13.000120163,80.2664794922,77089,77099,10
13.0001802444,80.2660980225,77099,77109,10
13.0002403259,80.2657165527,77109,77119,10
13.0003499985,80.2657775879,77119,77129,10
13.0002803802,80.2662200928,77129,77562,433
13.0002803802,80.2662200928,77562,77572,10
13.000289917,80.2664489746,77572,77582,10
13.0003099442,80.2666778564,77582,77592,10
13.0002002716,80.2668533325,77592,77602,10
12.9999399185,80.2669525146,77602,77612,10
12.9995203018,80.2670669556,77612,77622,10
12.9990196228,80.2671890259,77622,77632,10
12.998459816,80.2673416138,77632,77642,10
12.9980602264,80.2674331665,77642,77652,10
12.997759819,80.2675094604,77652,77663,11
12.9973497391,80.2676086426,77663,77673,10
12.9967699051,80.2677688599,77673,77683,10
12.9960803986,80.2677001953,77683,77693,10
12.9956703186,80.2676391602,77693,77703,10
12.9956598282,80.2674331665,77703,77713,10
12.9956798553,80.2673797607,77713,77723,10
12.9957199097,80.2670211792,77723,77733,10
12.9957704544,80.2664337158,77733,77743,10
12.995880127,80.2656936646,77743,77753,10
12.9959602356,80.2649383545,77753,77763,10
12.996049881,80.2641983032,77763,77773,10
12.9961299896,80.263458252,77773,77784,11
12.9962100983,80.2627334595,77784,77794,10
12.9962596893,80.2623901367,77794,77804,10
12.9962701797,80.2622909546,77804,77814,10
12.9963102341,80.2619934082,77814,77824,10
12.996339798,80.2617874146,77824,77834,10
12.9963998795,80.2614593506,77834,77844,10
12.9964504242,80.2608413696,77844,77854,10
12.9965295792,80.2600784302,77854,77864,10
12.9965696335,80.2593383789,77864,77874,10
12.9966497421,80.2587203979,77874,77884,10
12.9967403412,80.2579574585,77884,77894,10
12.9968099594,80.2573394775,77894,77904,10
12.9968595505,80.2568664551,77904,77915,11
12.9968996048,80.2561721802,77915,78036,121
12.9969596863,80.255897522,78036,78057,21
12.9969596863,80.255897522,78057,78067,10
12.997179985,80.255859375,78067,78077,10
12.9975099564,80.2558898926,78077,78087,10
12.997879982,80.2559432983,78087,78097,10
12.9984903336,80.2560272217,78097,78116,19
12.9984903336,80.2560272217,78116,78126,10
12.9987201691,80.2560577393,78126,78137,11
12.9988002777,80.2560577393,78137,78147,10
12.9991598129,80.2561035156,78147,78158,11
12.9996404648,80.2561798096,78158,78168,10
13.0001296997,80.2562713623,78168,78178,10
13.0006904602,80.2563705444,78178,78188,10
13.0011301041,80.2564468384,78188,78198,10
13.0015697479,80.2565231323,78198,78208,10
13.0020198822,80.2565994263,78208,78218,10
13.0024595261,80.256652832,78218,78228,10
13.0029096603,80.2567596436,78228,78238,10
13.0034103394,80.2568817139,78238,78248,10
13.0040397644,80.2570037842,78248,78258,10
13.0046901703,80.2571029663,78258,78268,10
13.005399704,80.2572174072,78268,78278,10
13.0058498383,80.2573165894,78278,78289,11
13.0062599182,80.2574005127,78289,78299,10
13.0064697266,80.2570800781,78299,78309,10
13.0064601898,80.2564086914,78309,78325,16
13.0065097809,80.2552032471,78325,78337,12
13.0065202713,80.2545166016,78337,78346,9
13.0065202713,80.2540588379,78346,78357,11
13.0065698624,80.2533798218,78357,78377,20
13.0065698624,80.2533798218,78377,78387,10
13.0066003799,80.2531509399,78387,78417,30
13.0066003799,80.2531509399,78417,78428,11
13.0065803528,80.252822876,78428,78498,70
13.0065803528,80.252822876,78498,78508,10
13.0065097809,80.2525482178,78508,78518,10
13.0065803528,80.2520599365,78518,78529,11
13.0067300797,80.2512969971,78529,78539,10
13.006770134,80.2505569458,78539,78549,10
13.0067796707,80.2497787476,78549,78559,10
13.0067396164,80.2490081787,78559,78568,9
13.0066995621,80.2486190796,78568,78579,11
13.0066995621,80.2484664917,78579,78589,10
13.0066900253,80.2481613159,78589,78599,10
13.0066604614,80.2476425171,78599,78609,10
13.0066795349,80.2471008301,78609,78619,10
13.0066795349,80.2467575073,78619,78629,10
13.0066604614,80.2463607788,78629,78639,10
13.0066404343,80.2457199097,78639,78649,10
13.0066404343,80.2449417114,78649,78660,11
13.0066404343,80.2440719604,78660,78670,10
13.0066299438,80.2434387207,78670,78680,10
13.0065803528,80.2427978516,78680,78690,10
13.0065498352,80.2420578003,78690,78700,10
13.0065803528,80.2412261963,78700,78710,10
13.0066699982,80.2404632568,78710,78720,10
13.006819725,80.239616394,78720,78730,10
13.0070199966,80.2388000488,78730,78740,10
13.0071802139,80.2380523682,78740,78750,10
13.0073299408,80.237449646,78750,78760,10
13.007399559,80.2369689941,78760,78770,10
13.007399559,80.2369003296,78770,78781,11
13.0074195862,80.2368621826,78781,78791,10
13.0074901581,80.2365570068,78791,78801,10
13.0075998306,80.2360610962,78801,78811,10
13.0077199936,80.2354888916,78811,78821,10
13.0078296661,80.234916687,78821,78831,10
13.0079498291,80.2342224121,78831,78841,10
13.0081195831,80.2334365845,78841,78851,10
13.0082798004,80.2326278687,78851,78861,10
13.0084295273,80.2317428589,78861,78871,10
13.0086097717,80.2308502197,78871,78881,10
13.0087795258,80.2299499512,78881,78891,10
13.0089797974,80.2290267944,78891,78902,11
13.0092096329,80.2281188965,78902,78912,10
13.0095396042,80.2273406982,78912,78922,10
13.0099000931,80.2265167236,78922,78932,10
13.0102396011,80.2257766724,78932,78942,10
13.0105800629,80.2250595093,78942,78952,10
13.0109300613,80.2243423462,78952,78962,10
13.0113697052,80.2232971191,78962,78982,20
13.0113697052,80.2232971191,78982,78992,10
13.0114202499,80.2231369019,78992,79002,10
13.0115995407,80.2227783203,79002,79012,10
13.0118303299,80.2220611572,79012,79022,10
13.0121803284,80.2214202881,79022,79033,11
13.0124597549,80.2216567993,79033,79043,10
13.0128898621,80.2222824097,79043,79053,10
13.0133800507,80.2228622437,79053,79063,10
13.0138998032,80.2234268188,79063,79073,10
13.0143299103,80.2239608765,79073,79083,10
13.0148200989,80.2245483398,79083,79093,10
13.0153198242,80.2249526978,79093,79103,10
13.0154495239,80.2249832153,79103,79113,10
13.0155801773,80.2250595093,79113,79129,16
13.0165195465,80.2253036499,79129,79141,12
13.0176696777,80.224899292,79141,79160,19
13.0194101334,80.2244415283,79160,79172,12
13.0197601318,80.2245864868,79172,79182,10
13.0197896957,80.224609375,79182,79192,10
13.0200996399,80.2248382568,79192,79202,10
13.0207099915,80.2252731323,79202,79212,10
13.0214300156,80.2257995605,79212,79222,10
13.0219402313,80.2261428833,79222,79232,10
13.0220298767,80.2262115479,79232,79242,10
13.0221204758,80.2262878418,79242,79252,10
13.0225000381,80.2266387939,79252,79262,10
13.0230398178,80.2271575928,79262,79280,18
13.0238304138,80.2279205322,79280,79293,13
13.0246200562,80.2288894653,79293,79312,19
13.0246200562,80.2288894653,79312,79323,11
13.0247097015,80.2290420532,79323,79335,12
13.0251398087,80.2295837402,79335,79345,10
13.0256500244,80.2303314209,79345,79355,10
13.0259599686,80.2310180664,79355,79364,9
13.0259895325,80.2312011719,79364,79375,11
13.0261201859,80.2313537598,79375,79385,10
13.0266399384,80.2312088013,79385,79395,10
13.0274000168,80.2310409546,79395,79406,11
13.028260231,80.2309188843,79406,79416,10
13.0284996033,80.2309112549,79416,79426,10
13.0288896561,80.2308731079,79426,79436,10
13.0294103622,80.2308273315,79436,79446,10
13.0299797058,80.2307662964,79446,79456,10
13.0305204391,80.23072052,79456,79465,9
13.0309495926,80.230682373,79465,79476,11
13.0316896439,80.2306365967,79476,79485,9
13.0322904587,80.2305908203,79485,79496,11
13.0333499908,80.2304992676,79496,79505,9
13.0339899063,80.2304611206,79505,79515,10
13.0342798233,80.2304000854,79515,79527,12
13.0345497131,80.2303466797,79527,79537,10
13.0349302292,80.2303771973,79537,79557,20
13.0349302292,80.2303771973,79557,79567,10
13.0349197388,80.2306900024,79567,79577,10
13.0349302292,80.2307434082,79577,79587,10
13.0349197388,80.2310180664,79587,79597,10
13.0348300934,80.231338501,79597,79607,10
13.0347604752,80.2318191528,79607,79617,10
13.0346698761,80.232383728,79617,79627,10
13.0346097946,80.2328872681,79627,79637,10
13.0345401764,80.2334899902,79637,79648,11
13.0344295502,80.2341995239,79648,79658,10
13.0343399048,80.2349777222,79658,79668,10
13.034239769,80.2356414795,79668,79678,10
13.0341901779,80.2362365723,79678,79688,10
13.0341396332,80.236869812,79688,79697,9
13.0341901779,80.2372817993,79697,79707,10
13.0342903137,80.2374572754,79707,79718,11
13.0345001221,80.2378234863,79718,79728,10
13.0348701477,80.2383804321,79728,79738,10
13.0352296829,80.2389907837,79738,79748,10
13.0357704163,80.2393798828,79748,79758,10
13.0365400314,80.239440918,79758,79769,11
13.0373497009,80.2395324707,79769,79779,10
13.038069725,80.2396011353,79779,79789,10
13.0388097763,80.2397003174,79789,79799,10
13.0395402908,80.2397918701,79799,79809,10
13.0400695801,80.2398834229,79809,79819,10
13.0403203964,80.2400817871,79819,79829,10
13.0404396057,80.2404708862,79829,79845,16
13.0409297943,80.240562439,79845,79857,12
13.0413999557,80.2406082153,79857,79865,8
13.0419101715,80.2406616211,79865,79877,12
13.0427398682,80.2407684326,79877,79887,10
13.0434598923,80.2408828735,79887,79898,11
13.0441703796,80.2407913208,79898,79908,10
13.044500351,80.2405014038,79908,79917,9
13.0448598862,80.2402572632,79917,79928,11
13.0453596115,80.2399291992,79928,79938,10
13.0458498001,80.2396087646,79938,79948,10
13.0462799072,80.2394866943,79948,79958,10
13.046380043,80.2395172119,79958,79968,10
13.0465297699,80.2395629883,79968,79978,10
13.0467596054,80.2396087646,79978,79988,10
13.0471096039,80.2396621704,79988,79998,10
13.0477695465,80.2397994995,79998,80009,11
13.0486698151,80.2399902344,80009,80020,11
13.0495300293,80.2401733398,80020,80030,10
13.0495996475,80.240196228,80030,80039,9
13.0496997833,80.2402191162,80039,80050,11
13.0501203537,80.2403182983,80050,80060,10
13.0508499146,80.2404785156,80060,80070,10
13.0515804291,80.2406082153,80070,80080,10
13.0522499084,80.2407913208,80080,80090,10
13.0525798798,80.2414627075,80090,80100,10
13.0532798767,80.2419128418,80100,80110,10
13.0539197922,80.2422103882,80110,80120,10
13.0544099808,80.2422790527,80120,80130,10
13.0552396774,80.2422027588,80130,80141,11
13.0560798645,80.2423934937,80141,80151,10
13.0566501617,80.2426071167,80151,80161,10
13.0569696426,80.2426605225,80161,80171,10
13.0574398041,80.2427902222,80171,80181,10
13.0581197739,80.2426681519,80181,80191,10
13.0588703156,80.2425537109,80191,80201,10
13.0595397949,80.2425231934,80201,80210,9
13.060210228,80.2427597046,80210,80221,11
13.0608901978,80.2429733276,80221,80231,10
13.0615301132,80.2431335449,80231,80241,10
13.0621204376,80.2432174683,80241,80251,10
13.0623703003,80.243270874,80251,80261,10
13.0626802444,80.243347168,80261,80272,11
13.0630598068,80.2434234619,80272,80282,10
13.0636901855,80.2434616089,80282,80292,10
13.0643596649,80.2434997559,80292,80302,10
13.0651597977,80.2434616089,80302,80312,10
13.0656700134,80.2434463501,80312,80362,50
13.0656700134,80.2434463501,80362,80372,10
13.0658397675,80.2434463501,80372,80382,10
13.0662603378,80.2433624268,80382,80393,11
13.0670404434,80.243057251,80393,80403,10
13.0678901672,80.242729187,80403,80413,10
13.0686197281,80.2424926758,80413,80423,10
13.0691099167,80.2422790527,80423,80433,10
13.0696401596,80.2421417236,80433,80443,10
13.0699796677,80.2420806885,80443,80453,10
13.0700798035,80.2420806885,80453,80463,10
13.0705604553,80.2419128418,80463,80473,10
13.0712099075,80.2416534424,80473,80483,10
13.07213974,80.2411727905,80483,80493,10
13.0729398727,80.2407684326,80493,80503,10
13.0735797882,80.2406005859,80503,80514,11
13.0744304657,80.2405014038,80514,80524,10
13.0754299164,80.2404785156,80524,80535,11
13.0765104294,80.2405166626,80535,80545,10
13.0770998001,80.2404632568,80545,80555,10
13.0770301819,80.2397613525,80555,80565,10
13.0767803192,80.2388381958,80565,80575,10
13.0766000748,80.2381591797,80575,80585,10
13.0764799118,80.2376708984,80585,80594,9
13.076379776,80.237159729,80594,80605,11
13.0762395859,80.2362823486,80605,80615,10
13.0760498047,80.2352828979,80615,80625,10
13.0758304596,80.2342987061,80625,80636,11
13.0759601593,80.2337722778,80636,80646,10
13.0765800476,80.2336730957,80646,80656,10
13.0772895813,80.2335891724,80656,80665,9
13.0780601501,80.233543396,80665,80676,11
13.0788803101,80.2334899902,80676,80686,10
13.0796003342,80.2334823608,80686,80696,10
13.0799999237,80.2334823608,80696,80706,10
13.0802602768,80.2334899902,80706,80716,10
13.0808095932,80.2334899902,80716,80726,10
13.081489563,80.2335281372,80726,80736,10
13.0819301605,80.2333984375,80736,80746,10
13.0820198059,80.2327880859,80746,80756,10
13.0822401047,80.2320480347,80756,80767,11
13.0825796127,80.2312088013,80767,80777,10
13.0828199387,80.230682373,80777,80787,10
13.0830802917,80.2307128906,80787,80797,10
13.0831298828,80.2312469482,80797,80807,10
13.0831804276,80.2320632935,80807,80817,10
13.0833301544,80.2329177856,80817,80827,10
13.0834197998,80.2335205078,80827,80837,10
13.0835599899,80.2338180542,80837,80847,10
13.0839099884,80.2339172363,80847,80857,10
13.0841197968,80.2339477539,80857,80867,10
13.0846099854,80.2340698242,80867,80877,10
13.0852203369,80.2341766357,80877,80888,11
13.0858001709,80.2343521118,80888,80898,10
13.0860795975,80.2343902588,80898,80908,10
13.0866603851,80.2344818115,80908,80918,10
13.0874595642,80.2345199585,80918,80928,10
13.0879096985,80.2339630127,80928,80938,10
13.0880403519,80.2330474854,80938,80948,10
13.0882797241,80.2320632935,80948,80958,10
13.0885295868,80.231262207,80958,80968,10
13.0888996124,80.2304382324,80968,80977,9
13.0893602371,80.2295684814,80977,80988,11
13.0902004242,80.2285614014,80988,80998,10
13.0909099579,80.2277984619,80998,81009,11
13.0913295746,80.2273101807,81009,81019,10
13.0914402008,80.2272186279,81019,81029,10
13.091799736,80.2268829346,81029,81039,10
13.0923204422,80.2263336182,81039,81049,10
13.093000412,80.2256469727,81049,81059,10
13.093580246,80.2250213623,81059,81069,10
13.0941696167,80.224319458,81069,81079,10
13.0947599411,80.2235031128,81079,81089,10
13.0952396393,80.2225418091,81089,81099,10
13.095580101,80.2215576172,81099,81109,10
13.0958204269,80.2208633423,81109,81119,10
13.096039772,80.220199585,81119,81130,11
13.0961503983,80.2199020386,81130,81140,10
13.0963001251,80.2194976807,81140,81150,10
13.0964803696,80.2189788818,81150,81160,10
13.0966997147,80.2182998657,81160,81170,10
13.0969696045,80.2174987793,81170,81180,10
13.0972995758,80.2166137695,81180,81190,10
13.0976896286,80.2157211304,81190,81200,10
13.0979995728,80.2150192261,81200,81210,10
13.0982999802,80.2143325806,81210,81220,10
13.0985498428,80.2139587402,81220,81230,10
13.0990200043,80.2141723633,81230,81240,10
13.0995597839,80.2143096924,81240,81250,10
13.0999298096,80.2144088745,81250,81261,11
13.1001796722,80.2144927979,81261,81271,10
13.1004400253,80.2145996094,81271,81311,40
13.1004400253,80.2145996094,81311,81321,10
13.1005001068,80.21484375,81321,81337,16
13.1001396179,80.2157363892,81337,81349,12
13.0997695923,80.2166366577,81349,81357,8
13.0995702744,80.2173309326,81357,81369,12
13.0993900299,80.2183303833,81369,81379,10
13.0992603302,80.2191009521,81379,81390,11
13.0991897583,80.2194290161,81390,81400,10
13.0991096497,80.2199172974,81400,81410,10
13.0990200043,80.2205123901,81410,81420,10
13.0988502502,80.221282959,81420,81428,8
13.0987501144,80.2219161987,81428,81440,12
13.0988702774,80.2230911255,81440,81450,10
13.0994300842,80.2238311768,81450,81460,10
13.0997104645,80.2245788574,81460,81470,10
13.0998802185,80.2253494263,81470,81479,9
13.0999603271,80.2259216309,81479,81490,11
13.1000204086,80.2267379761,81490,81499,9
13.1000404358,80.2274169922,81499,81511,12
13.0999803543,80.2282409668,81511,81521,10
13.0998897552,80.2287826538,81521,81531,10
13.099820137,80.2292480469,81531,81541,10
13.0997400284,80.2296218872,81541,81551,10
13.0996198654,80.2300872803,81551,81561,10
13.0994997025,80.2305831909,81561,81571,10
13.0992698669,80.2311325073,81571,81581,10
13.099029541,80.2316818237,81581,81591,10
13.0988502502,80.2322006226,81591,81601,10
13.0986995697,80.232749939,81601,81611,10
13.0986204147,80.2332992554,81611,81621,10
13.0985603333,80.2338027954,81621,81632,11
13.0984802246,80.2344894409,81632,81642,10
13.0983800888,80.2352294922,81642,81652,10
13.0982599258,80.2360305786,81652,81662,10
13.0981302261,80.2367935181,81662,81672,10
13.0979995728,80.2375183105,81672,81682,10
13.0978498459,80.23828125,81682,81692,10
13.0977497101,80.2389602661,81692,81702,10
13.0977096558,80.2395782471,81702,81712,10
13.0976696014,80.2400588989,81712,81722,10
13.0976200104,80.2406616211,81722,81732,10
13.0975599289,80.2412567139,81732,81742,10
13.0974798203,80.2416992188,81742,81753,11
13.0974798203,80.2417678833,81753,81763,10
13.0974798203,80.2418899536,81763,81773,10
13.0976200104,80.2421264648,81773,81783,10
13.0978603363,80.2422103882,81783,81793,10
13.0980701447,80.2422485352,81793,81803,10
13.0983600616,80.2423019409,81803,81813,10
13.0986404419,80.2422409058,81813,81823,10
13.0987195969,80.2419662476,81823,81853,30
13.0987195969,80.2419662476,81853,81863,10
13.0988397598,80.2414016724,81863,81873,10
13.0989103317,80.2411422729,81873,81884,11
13.0989704132,80.2408218384,81884,81894,10
13.09897995,80.2404708862,81894,81964,70
13.0989904404,80.2404022217,81964,82126,162
13.0989904404,80.2404022217,82126,82136,10
13.0989904404,80.2402114868,82136,82145,9
13.099149704,80.2402496338,82145,82156,11
13.0990600586,80.240562439,82156,82166,10
13.0989599228,80.2408370972,82166,82176,10
