13.0146598816,80.2257080078,24,24,0
13.0146598816,80.2257080078,24,205,181
13.0146198273,80.2256774902,205,1487,1282
13.0147600174,80.2259597778,1487,1587,100
13.0146398544,80.2257232666,1587,4231,2644
13.0146999359,80.2256698608,4231,4785,554
13.0145597458,80.2256698608,4785,4876,91
13.0146799088,80.225692749,4876,5875,999
13.0145702362,80.2256698608,5875,6571,696
13.0145597458,80.2257385254,6571,6702,131
13.0146198273,80.2257614136,6702,7731,1029
13.0146503448,80.2257537842,7731,7872,141
13.0146503448,80.2257537842,7872,7882,10
13.0145998001,80.2255401611,7882,8629,747
13.0145998001,80.2255401611,8629,8639,10
13.0148200989,80.2253799438,8639,8669,30
13.0146398544,80.2255783081,8669,9033,364
13.0144195557,80.2258300781,9033,9063,30
13.0142402649,80.2260513306,9063,9083,20
13.0144195557,80.2258300781,9083,9930,847
13.0146198273,80.2256317139,9930,10334,404
13.0145797729,80.2256698608,10334,17325,6991
13.0145998001,80.2257232666,17325,17779,454
13.0145998001,80.2257232666,17779,17789,10
13.014840126,80.2258071899,17789,17799,10
13.0150699615,80.2258834839,17799,17809,10
13.0152997971,80.2258300781,17809,17840,31
13.0146303177,80.225730896,17840,17870,30
13.01445961,80.2252731323,17870,17880,10
13.014380455,80.2253112793,17880,17890,10
13.0142698288,80.2257003784,17890,17900,10
13.0142297745,80.2260131836,17900,17910,10
13.0142498016,80.2261581421,17910,17920,10
13.0141601563,80.22631073,17920,17930,10
13.0140199661,80.2263793945,17930,17940,10
13.0136604309,80.2264862061,17940,17950,10
13.0132198334,80.2267074585,17950,17960,10
13.0124902725,80.2270202637,17960,17971,11
13.0117502213,80.2274475098,17971,17991,20
13.0095396042,80.2276382446,17991,18001,10
13.0098104477,80.2270126343,18001,18011,10
13.0101804733,80.2261962891,18011,18021,10
13.01060009,80.2252197266,18021,18031,10
13.0109500885,80.2242202759,18031,18041,10
13.0112800598,80.2233276367,18041,18051,10
13.0109500885,80.2229690552,18051,18061,10
13.0102396011,80.2226028442,18061,18071,10
13.0093898773,80.2221603394,18071,18081,10
13.0084104538,80.2216186523,18081,18092,11
13.0073003769,80.2210464478,18092,18101,9
13.0063800812,80.2206192017,18101,18112,11
13.0055198669,80.2203521729,18112,18122,10
13.0040397644,80.2201538086,18122,18132,10
13.0029296875,80.2198486328,18132,18142,10
13.0020303726,80.2191085815,18142,18152,10
13.0012998581,80.218421936,18152,18162,10
13.0005102158,80.217880249,18162,18172,10
12.9996595383,80.217338562,18172,18182,10
12.9988002777,80.2169113159,18182,18192,10
12.9979600906,80.2165679932,18192,18202,10
12.9972200394,80.2165298462,18202,18213,11
12.9963102341,80.2166290283,18213,18223,10
12.9953603745,80.2169189453,18223,18233,10
12.9946403503,80.2173690796,18233,18243,10
12.9940395355,80.2178192139,18243,18253,10
12.9932603836,80.2183685303,18253,18263,10
12.9923400879,80.219039917,18263,18273,10
12.9914197922,80.2197418213,18273,18283,10
12.9908504486,80.2201690674,18283,18293,10
12.9905395508,80.220413208,18293,18303,10
12.9899501801,80.220916748,18303,18313,10
12.9893598557,80.2216415405,18313,18324,11
12.9886398315,80.2224578857,18324,18334,10
12.9877996445,80.2230911255,18334,18344,10
12.986989975,80.2230606079,18344,18354,10
12.9859399796,80.2230224609,18354,18364,10
12.9852895737,80.2233200073,18364,18374,10
12.9845695496,80.2230072021,18374,18384,10
12.9838199615,80.2225494385,18384,18394,10
12.9831800461,80.2221069336,18394,18404,10
12.9826402664,80.2218780518,18404,18414,10
12.9818201065,80.221496582,18414,18424,10
12.9808597565,80.221031189,18424,18435,11
12.9796199799,80.2211303711,18435,18445,10
12.9785404205,80.221206665,18445,18455,10
12.9777402878,80.2212371826,18455,18465,10
12.9768199921,80.2212905884,18465,18475,10
12.9760398865,80.2213287354,18475,18485,10
12.9759902954,80.2213363647,18485,18495,10
12.9758396149,80.2212295532,18495,18505,10
12.9755601883,80.2209701538,18505,18515,10
12.9754400253,80.2208480835,18515,18525,10
12.9752597809,80.2207565308,18525,18535,10
12.9751901627,80.220741272,18535,18546,11
12.9746904373,80.2204971313,18546,18556,10
12.9739599228,80.2201766968,18556,18566,10
12.9731197357,80.2198486328,18566,18576,10
12.9720497131,80.2194671631,18576,18586,10
12.9709501266,80.2190704346,18586,18596,10
12.9698896408,80.2186508179,18596,18606,10
12.9688901901,80.2182388306,18606,18616,10
12.9678897858,80.2178497314,18616,18626,10
12.9668502808,80.2174377441,18626,18636,10
12.9656095505,80.2169418335,18636,18646,10
12.9643096924,80.2164077759,18646,18657,11
12.9631500244,80.2158813477,18657,18667,10
12.9629402161,80.2158126831,18667,18677,10
12.962770462,80.215713501,18677,18687,10
12.9622097015,80.2154922485,18687,18697,10
12.9613599777,80.2151565552,18697,18707,10
12.9603099823,80.2147521973,18707,18717,10
12.959230423,80.2143173218,18717,18727,10
12.9581604004,80.2138900757,18727,18737,10
12.9570703506,80.2134475708,18737,18747,10
12.9559698105,80.2130279541,18747,18757,10
12.954870224,80.2126083374,18757,18767,10
12.9538202286,80.2121963501,18767,18778,11
12.9535503387,80.212097168,18778,18788,10
12.9529895782,80.2118606567,18788,18798,10
12.9521598816,80.2115402222,18798,18808,10
12.9511299133,80.2111206055,18808,18818,10
12.9500703812,80.2107086182,18818,18828,10
12.9490804672,80.2103118896,18828,18838,10
12.9480600357,80.2098999023,18838,18848,10
12.9468698502,80.2094268799,18848,18858,10
12.9456100464,80.2089233398,18858,18868,10
12.9443998337,80.208442688,18868,18877,9
12.9434099197,80.2080383301,18877,18889,12
12.9424695969,80.2070388794,18889,18899,10
12.9415903091,80.2062988281,18899,18909,10
12.9407196045,80.2058563232,18909,18919,10
12.9397201538,80.2055587769,18919,18929,10
12.9386301041,80.2052307129,18929,18939,10
12.9375400543,80.2049179077,18939,18949,10
12.9364299774,80.2045974731,18949,18959,10
12.9353103638,80.204208374,18959,18969,10
12.934220314,80.203956604,18969,18979,10
12.9331598282,80.2038269043,18979,18989,10
12.932220459,80.2034606934,18989,19000,11
12.9310398102,80.2030563354,19000,19010,10
12.9299201965,80.2028427124,19010,19020,10
12.9287796021,80.2026901245,19020,19030,10
12.9284601212,80.2020568848,19030,19040,10
12.9284296036,80.2010269165,19040,19050,10
12.9283504486,80.1998596191,19050,19060,10
12.9279003143,80.1987609863,19060,19070,10
12.9271297455,80.1978988647,19070,19080,10
12.9262199402,80.1975708008,19080,19090,10
12.9259300232,80.1975479126,19090,19099,9
12.9254999161,80.1975708008,19099,19111,12
12.9250802994,80.1975402832,19111,19121,10
12.9244298935,80.1975479126,19121,19131,10
12.9235696793,80.197517395,19131,19141,10
12.9224996567,80.1973800659,19141,19151,10
12.9213895798,80.1970977783,19151,19161,10
12.9204797745,80.1967697144,19161,19171,10
12.9195899963,80.1964569092,19171,19181,10
12.9189596176,80.1960296631,19181,19191,10
12.9183397293,80.1954727173,19191,19201,10
12.9176301956,80.1948394775,19201,19211,10
12.9170703888,80.1941070557,19211,19222,11
12.9169998169,80.1931762695,19222,19232,10
12.9170703888,80.1924667358,19232,19242,10
12.9167404175,80.1923294067,19242,19252,10
12.916680336,80.1923294067,19252,19262,10
12.9164304733,80.1923217773,19262,19272,10
12.9159803391,80.1922988892,19272,19282,10
12.915189743,80.192237854,19282,19292,10
12.9142398834,80.1921615601,19292,19302,10
12.9132299423,80.1920394897,19302,19312,10
12.9120903015,80.19190979,19312,19322,10
12.9110002518,80.1917800903,19322,19332,10
12.9102602005,80.1916732788,19332,19343,11
12.909740448,80.1914978027,19343,19353,10
12.9095201492,80.1913299561,19353,19363,10
12.9089803696,80.1909103394,19363,19373,10
12.9081602097,80.1903076172,19373,19383,10
12.9072198868,80.1895828247,19383,19393,10
12.9063301086,80.1889190674,19393,19403,10
12.9060401917,80.1887283325,19403,19413,10
12.9055404663,80.1883926392,19413,19423,10
12.904709816,80.1878509521,19423,19433,10
12.9039297104,80.187171936,19433,19443,10
12.9039802551,80.1860809326,19443,19454,11
12.9040203094,80.1848602295,19454,19464,10
12.9035396576,80.1845321655,19464,19474,10
12.9027099609,80.1843032837,19474,19484,10
12.9016504288,80.1840209961,19484,19494,10
12.900639534,80.1836624146,19494,19504,10
12.899600029,80.1831436157,19504,19514,10
12.8985795975,80.1826171875,19514,19524,10
12.8977203369,80.182182312,19524,19534,10
12.8970499039,80.1818389893,19534,19544,10
12.8962402344,80.1814193726,19544,19553,9
12.8954401016,80.181022644,19553,19565,12
12.8943099976,80.1804428101,19565,19575,10
12.8934602737,80.1800384521,19575,19585,10
12.893409729,80.1800231934,19585,19595,10
12.8931503296,80.1797714233,19595,19605,10
12.8928403854,80.1791305542,19605,19615,10
12.8923997879,80.1782608032,19615,19625,10
12.8918399811,80.1772766113,19625,19635,10
12.891289711,80.1762466431,19635,19645,10
12.8907604218,80.1752166748,19645,19655,10
12.8903198242,80.1745605469,19655,19665,10
12.8899698257,80.1744003296,19665,19675,10
12.8897104263,80.1743164063,19675,19686,11
12.8894796371,80.1742019653,19686,19696,10
12.8890600204,80.1739807129,19696,19706,10
12.8883495331,80.1736221313,19706,19716,10
12.887430191,80.1731491089,19716,19726,10
12.8864002228,80.1726226807,19726,19736,10
12.8854799271,80.1721496582,19736,19746,10
12.884469986,80.17162323,19746,19756,10
12.8836803436,80.1712112427,19756,19766,10
12.8829803467,80.1708526611,19766,19776,10
12.8823604584,80.1706237793,19776,19786,10
12.8823099136,80.1707611084,19786,19797,11
12.8819303513,80.1710510254,19797,19807,10
12.8815002441,80.1709136963,19807,19817,10
12.8811397552,80.1707763672,19817,19827,10
12.8796796799,80.1700973511,19827,19837,10
12.8796796799,80.1700973511,19837,19847,10
12.8786497116,80.1699981689,19847,19855,8
12.8706798553,80.1742172241,19855,19926,71
12.8706798553,80.1742172241,19926,19946,20
12.8687496185,80.175567627,19946,19956,10
12.8680295944,80.1759719849,19956,19966,10
12.8671398163,80.1758880615,19966,19976,10
12.8661203384,80.1758117676,19976,19986,10
12.8651103973,80.1756820679,19986,19996,10
12.8641300201,80.1751327515,19996,20006,10
12.8631401062,80.1744995117,20006,20016,10
12.8621196747,80.1739730835,20016,20027,11
12.8616800308,80.1737823486,20027,20037,10
12.8614797592,80.1736907959,20037,20047,10
12.8609199524,80.1734390259,20047,20057,10
12.8602304459,80.1731262207,20057,20067,10
12.8594703674,80.1727981567,20067,20077,10
12.8586301804,80.1725387573,20077,20087,10
12.8577003479,80.1723937988,20087,20097,10
12.8573999405,80.1723403931,20097,20107,10
12.8565797806,80.1721878052,20107,20148,41
12.8565797806,80.1721878052,20148,20158,10
12.8563499451,80.1721572876,20158,20168,10
12.8561201096,80.1720733643,20168,20178,10
12.8555603027,80.1718978882,20178,20188,10
12.8547496796,80.1716537476,20188,20198,10
12.853770256,80.17137146,20198,20208,10
12.8527803421,80.1712036133,20208,20218,10
12.8520002365,80.1710968018,20218,20228,10
12.851099968,80.1709289551,20228,20238,10
12.8499898911,80.1707382202,20238,20249,11
12.8487100601,80.1705474854,20249,20259,10
12.8475799561,80.1703414917,20259,20269,10
12.8464298248,80.1702575684,20269,20279,10
12.8452596664,80.1701889038,20279,20289,10
12.8441200256,80.1701202393,20289,20299,10
12.8429899216,80.169960022,20299,20309,10
12.8418197632,80.1699523926,20309,20319,10
12.8407297134,80.1699676514,20319,20329,10
12.8395595551,80.1699905396,20329,20339,10
12.8385095596,80.1697235107,20339,20349,10
12.8380098343,80.169342041,20349,20360,11
12.8376197815,80.1692962646,20360,20370,10
12.8371400833,80.1689987183,20370,20380,10
12.836930275,80.1688079834,20380,20390,10
12.8366003036,80.1686935425,20390,20400,10
12.8361997604,80.168586731,20400,20410,10
12.8360004425,80.1683273315,20410,20420,10
12.8358097076,80.1678695679,20420,20430,10
12.8353500366,80.1677322388,20430,20440,10
12.8347101212,80.1674194336,20440,20450,10
12.8343000412,80.1672363281,20450,20460,10
12.8337097168,80.1669387817,20460,20471,11
12.8334102631,80.1667022705,20471,20481,10
12.832110405,80.1660385132,20481,20491,10
12.832110405,80.1660385132,20491,20501,10
12.8313302994,80.1657333374,20501,20509,8
12.8307504654,80.1654968262,20509,20541,32
12.8279399872,80.1651763916,20541,20551,10
12.8276996613,80.1652908325,20551,20571,20
12.8278398514,80.1652679443,20571,21076,505
12.8278398514,80.1652679443,21076,21086,10
12.8277196884,80.1652374268,21086,21106,20
12.82791996,80.165222168,21106,21136,30
12.82791996,80.165222168,21136,21157,21
12.8275604248,80.1654891968,21157,21167,10
12.8277997971,80.1652374268,21167,21177,10
12.8279895782,80.1651687622,21177,21187,10
12.8277997971,80.1651992798,21187,21510,323
12.8276596069,80.1651306152,21510,21550,40
12.8276596069,80.1651306152,21550,21560,10
12.827580452,80.1648864746,21560,21570,10
12.8273801804,80.1650009155,21570,21580,10
12.827170372,80.1650924683,21580,21590,10
12.8266401291,80.1645584106,21590,21600,10
12.8261299133,80.1642074585,21600,21610,10
12.8256902695,80.1639633179,21610,21621,11
12.8250799179,80.1636581421,21621,21631,10
12.8243703842,80.1632080078,21631,21641,10
12.8235197067,80.1626663208,21641,21651,10
12.8226699829,80.162322998,21651,21661,10
12.8216495514,80.1619033813,21661,21671,10
12.8205699921,80.1614532471,21671,21681,10
12.8194704056,80.1610031128,21681,21691,10
12.8184204102,80.1605224609,21691,21701,10
12.8180599213,80.1604232788,21701,21711,10
12.8176002502,80.1603164673,21711,21721,10
12.8169698715,80.1601486206,21721,21732,11
12.8160600662,80.1599502563,21732,21742,10
12.8151502609,80.1597671509,21742,21752,10
12.814040184,80.1595993042,21752,21762,10
12.8129301071,80.1594619751,21762,21772,10
12.8118400574,80.1593780518,21772,21782,10
12.8109903336,80.1596069336,21782,21791,9
12.8103904724,80.1597290039,21791,21802,11
12.8099803925,80.1595535278,21802,21822,20
12.8099803925,80.1595535278,21822,21832,10
12.810090065,80.15965271,21832,21842,10
12.8103904724,80.1596984863,21842,22781,939
12.8103904724,80.1596984863,22781,22791,10
12.810549736,80.1597213745,22791,22801,10
12.810959816,80.1596298218,22801,22811,10
12.8115501404,80.1594619751,22811,22821,10
12.8116197586,80.1594467163,22821,22831,10
12.8120098114,80.159362793,22831,22841,10
12.8127202988,80.1594085693,22841,22850,9
12.8135099411,80.1595611572,22850,22861,11
12.8144903183,80.1596603394,22861,22871,10
12.8154802322,80.1598587036,22871,22882,11
12.8166103363,80.1601028442,22882,22892,10
12.8173999786,80.1602783203,22892,22902,10
12.8179302216,80.16040802,22902,22912,10
12.8182897568,80.1605224609,22912,22922,10
12.8186101913,80.1606369019,22922,22932,10
12.8188400269,80.1607437134,22932,22942,10
12.8193998337,80.1609802246,22942,22952,10
12.8202199936,80.1613311768,22952,22962,10
12.8212299347,80.1617584229,22962,22972,10
12.8222999573,80.1622009277,22972,22982,10
12.8233699799,80.1626434326,22982,22993,11
12.8244600296,80.1632995605,22993,23003,10
12.825460434,80.1638565063,23003,23013,10
12.8264102936,80.1643676758,23013,23023,10
12.8274898529,80.1650390625,23023,23043,20
12.8274898529,80.1650390625,23043,23053,10
12.8278102875,80.1651382446,23053,23073,20
12.8278102875,80.1651382446,23073,23083,10
12.8280296326,80.1651763916,23083,23093,10
12.8286504745,80.1652526855,23093,23103,10
12.8295402527,80.1653594971,23103,23114,11
12.8307504654,80.1655807495,23114,23124,10
12.8318901062,80.1659011841,23124,23134,10
12.8330001831,80.1663665771,23134,23144,10
12.8336496353,80.1667480469,23144,23154,10
12.8339195251,80.1668930054,23154,23164,10
12.8345298767,80.1672286987,23164,23174,10
12.8353395462,80.1676712036,23174,23184,10
12.835849762,80.1678390503,23184,23194,10
12.8360204697,80.1682815552,23194,23204,10
12.8363103867,80.1686172485,23204,23214,10
12.8365802765,80.1687164307,23214,23225,11
12.8370399475,80.1688537598,23225,23235,10
12.8372402191,80.1690979004,23235,23245,10
12.8376703262,80.1693115234,23245,23255,10
12.8381700516,80.1694030762,23255,23265,10
12.8385000229,80.1696929932,23265,23275,10
12.8392000198,80.169921875,23275,23285,10
12.8400096893,80.169960022,23285,23295,10
12.840929985,80.1699829102,23295,23305,10
12.8420696259,80.169960022,23305,23315,10
12.8432502747,80.1699829102,23315,23325,10
12.844420433,80.1701431274,23325,23336,11
12.8457298279,80.1701812744,23336,23346,10
12.8467798233,80.1702270508,23346,23356,10
12.8469800949,80.170249939,23356,23366,10
12.847120285,80.1702728271,23366,23376,10
12.847700119,80.1703567505,23376,23386,10
12.8485498428,80.1705093384,23386,23396,10
12.8496599197,80.1706924438,23396,23406,10
12.8507795334,80.1708831787,23406,23416,10
12.8519001007,80.171081543,23416,23426,10
12.8530397415,80.1712417603,23426,23436,10
12.853969574,80.1714172363,23436,23447,11
12.8551597595,80.1717605591,23447,23457,10
12.8563995361,80.17212677,23457,23487,30
12.8563995361,80.17212677,23487,23497,10
12.8566999435,80.1722106934,23497,23507,10
12.8569402695,80.1722564697,23507,23517,10
12.8575000763,80.1723403931,23517,23527,10
12.8578395844,80.172416687,23527,23537,10
12.8584403992,80.1725082397,23537,23547,10
12.8592395782,80.172706604,23547,23557,10
12.8597202301,80.1728973389,23557,23568,11
12.8599700928,80.1729888916,23568,23578,10
12.8605499268,80.173248291,23578,23588,10
12.8613796234,80.1736221313,23588,23598,10
12.8623895645,80.1740493774,23598,23608,10
12.8634004593,80.1746063232,23608,23618,10
12.8643903732,80.1752319336,23618,23628,10
12.8652601242,80.1756820679,23628,23638,10
12.8653402328,80.1756820679,23638,23648,10
12.8654298782,80.1756896973,23648,23658,10
12.8658704758,80.175743103,23658,23668,10
12.8665704727,80.1758117676,23668,23679,11
12.8674697876,80.1759033203,23679,23689,10
12.8682603836,80.1759033203,23689,23699,10
12.8690299988,80.1753997803,23699,23709,10
12.8699197769,80.1747817993,23709,23719,10
12.8708696365,80.1741333008,23719,23729,10
12.8718395233,80.173500061,23729,23739,10
12.8727903366,80.1728591919,23739,23749,10
12.8746995926,80.1716003418,23749,23759,10
12.8746995926,80.1716003418,23759,23769,10
12.875459671,80.1710968018,23769,23778,9
12.8799800873,80.170211792,23778,23848,70
12.8799800873,80.170211792,23848,23868,20
12.8800697327,80.1703720093,23868,23878,10
12.8805198669,80.1705627441,23878,23888,10
12.8812503815,80.1708068848,23888,23898,10
12.881819725,80.1709899902,23898,23909,11
12.8823795319,80.1706619263,23909,23919,10
12.8825397491,80.1706008911,23919,23929,10
12.8828201294,80.1707305908,23929,23939,10
12.8833799362,80.1710281372,23939,23949,10
12.8841199875,80.1714019775,23949,23959,10
12.885020256,80.1718597412,23959,23969,10
12.8855400085,80.1721420288,23969,23979,10
12.886179924,80.1724700928,23979,23989,10
12.8869304657,80.1728591919,23989,23999,10
12.8878602982,80.1733398438,23999,24009,10
12.8887996674,80.173828125,24009,24020,11
12.8896102905,80.1742324829,24020,24030,10
12.8898801804,80.1743164063,24030,24040,10
12.8901796341,80.1744689941,24040,24050,10
12.8905296326,80.1747589111,24050,24060,10
12.8908500671,80.1753692627,24060,24070,10
12.8912601471,80.1760864258,24070,24080,10
12.8915700912,80.1766204834,24080,24090,10
12.891579628,80.1766586304,24090,24100,10
12.891699791,80.1769180298,24100,24110,10
12.8919696808,80.1773910522,24110,24120,10
12.8923597336,80.1781005859,24120,24130,10
12.892829895,80.1789627075,24130,24141,11
12.8934402466,80.179977417,24141,24151,10
12.893989563,80.1802368164,24151,24161,10
12.8940000534,80.1802368164,24161,24171,10
12.8940696716,80.1802597046,24171,24181,10
12.8944196701,80.1804428101,24181,24191,10
12.8950195313,80.1807479858,24191,24201,10
12.8958101273,80.181137085,24201,24211,10
12.8967199326,80.181602478,24211,24221,10
12.8975400925,80.1819992065,24221,24231,10
12.8976697922,80.1820602417,24231,24241,10
12.8977003098,80.1820983887,24241,24252,11
12.8980703354,80.1822814941,24252,24262,10
12.8986501694,80.1825714111,24262,24272,10
12.8993396759,80.1829071045,24272,24282,10
12.9001502991,80.1833190918,24282,24292,10
12.901049614,80.1837387085,24292,24301,9
12.9019804001,80.1840286255,24301,24312,11
12.903169632,80.1843719482,24312,24322,10
12.9040899277,80.184677124,24322,24332,10
12.9041996002,80.1851272583,24332,24342,10
12.9041595459,80.1858215332,24342,24352,10
12.904129982,80.1866531372,24352,24363,11
12.9043302536,80.1875228882,24363,24373,10
12.9050598145,80.18800354,24373,24383,10
12.9058599472,80.1884994507,24383,24393,10
12.9065704346,80.1889572144,24393,24403,10
12.9066696167,80.1890335083,24403,24413,10
12.9067497253,80.1890792847,24413,24423,10
12.9070901871,80.1893386841,24423,24433,10
12.90762043,80.189743042,24433,24443,10
12.908200264,80.1902008057,24443,24453,10
12.908829689,80.1906890869,24453,24463,10
12.909529686,80.1912078857,24463,24474,11
12.9104499817,80.1916275024,24474,24484,10
12.9114599228,80.1917724609,24484,24494,10
12.9122600555,80.1918411255,24494,24504,10
12.9122896194,80.1918334961,24504,24514,10
12.9125204086,80.1918563843,24514,24524,10
12.9129495621,80.19190979,24524,24534,10
12.9135704041,80.1919784546,24534,24544,10
12.9143400192,80.1920776367,24544,24554,10
12.9152202606,80.1921691895,24554,24564,10
12.9160804749,80.192237854,24564,24574,10
12.9168796539,80.1922836304,24574,24595,21
12.9168796539,80.1922836304,24595,24605,10
12.917090416,80.1922836304,24605,24615,10
12.9172201157,80.1919021606,24615,24625,10
12.917309761,80.1912918091,24625,24635,10
12.9173498154,80.1905670166,24635,24645,10
12.917429924,80.1903381348,24645,24655,10
12.9175100327,80.1904907227,24655,24665,10
12.9174404144,80.1909179688,24665,24675,10
12.9173202515,80.1916122437,24675,24685,10
12.9171895981,80.1924667358,24685,24695,10
12.9171199799,80.1930999756,24695,24716,21
12.9171199799,80.1930999756,24716,24726,10
12.9170703888,80.1934509277,24726,24736,10
12.9171495438,80.1940536499,24736,24746,10
12.917599678,80.1946792603,24746,24756,10
12.918299675,80.1953201294,24756,24766,10
12.9189901352,80.1959609985,24766,24776,10
12.9197397232,80.1964263916,24776,24786,10
12.9205303192,80.1967315674,24786,24795,9
12.9208097458,80.1968231201,24795,24806,11
12.9210500717,80.1968917847,24806,24817,11
12.9216499329,80.1971206665,24817,24827,10
12.9224596024,80.197303772,24827,24837,10
12.9233798981,80.1974411011,24837,24847,10
12.9243097305,80.1974868774,24847,24857,10
12.9251098633,80.197479248,24857,24867,10
12.925359726,80.1974563599,24867,24877,10
12.9258098602,80.1974487305,24877,24887,10
12.9263896942,80.197517395,24887,24897,10
12.9264602661,80.1975402832,24897,24907,10
12.9266996384,80.1976318359,24907,24917,10
12.927189827,80.1978912354,24917,24928,11
12.9278001785,80.1984710693,24928,24938,10
12.9282197952,80.1992797852,24938,24948,10
12.9284801483,80.2003097534,24948,24958,10
12.9285402298,80.201461792,24958,24968,10
12.9286003113,80.2024688721,24968,24978,10
12.9292402267,80.2027435303,24978,24988,10
12.9294900894,80.2027511597,24988,24998,10
12.9296503067,80.2027664185,24998,25008,10
12.9301595688,80.2028427124,25008,25018,10
12.9308700562,80.2029876709,25018,25028,10
12.9316797256,80.2032394409,25028,25038,10
12.9326200485,80.2035522461,25038,25049,11
12.9332704544,80.2037811279,25049,25059,10
12.9338998795,80.2038879395,25059,25069,10
12.9339704514,80.2038879395,25069,25079,10
12.9340496063,80.2038879395,25079,25089,10
12.9344596863,80.2039413452,25089,25099,10
12.9350700378,80.2040634155,25099,25109,10
12.9357995987,80.2043762207,25109,25119,10
12.9366598129,80.2046432495,25119,25129,10
12.9373903275,80.2048492432,25129,25139,10
12.9381303787,80.2050628662,25139,25149,10
12.9389600754,80.2053222656,25149,25160,11
12.939909935,80.2055969238,25160,25170,10
12.9400997162,80.2056503296,25170,25180,10
12.9401397705,80.2056732178,25180,25190,10
12.940489769,80.2057571411,25190,25200,10
12.9411001205,80.2059936523,25200,25210,10
12.9418201447,80.2064285278,25210,25220,10
12.9426202774,80.2070617676,25220,25230,10
12.9432497025,80.2078704834,25230,25240,10
12.9440803528,80.2082595825,25240,25250,10
12.9443798065,80.2083587646,25250,25259,9
12.9444904327,80.2084121704,25259,25271,12
12.9450502396,80.2086181641,25271,25281,10
12.9457597733,80.2088394165,25281,25291,10
12.946559906,80.2091064453,25291,25301,10
12.9474601746,80.2094573975,25301,25311,10
12.9483299255,80.2097625732,25311,25321,10
12.9487600327,80.2099533081,25321,25331,10
12.9490604401,80.2100524902,25331,25341,10
12.9493103027,80.2101516724,25341,25351,10
12.9499101639,80.2103805542,25351,25361,10
12.9506797791,80.2107009888,25361,25370,9
12.9514503479,80.2110366821,25370,25381,11
12.9523801804,80.2114562988,25381,25392,11
12.9537000656,80.2119903564,25392,25412,20
12.9537000656,80.2119903564,25412,25422,10
12.9538898468,80.2120819092,25422,25432,10
12.954369545,80.2122802734,25432,25442,10
12.9550504684,80.212562561,25442,25452,10
12.9558095932,80.212852478,25452,25462,10
12.956609726,80.2131576538,25462,25472,10
12.9572496414,80.2134094238,25472,25482,10
12.9580097198,80.213722229,25482,25492,10
12.9588098526,80.2140426636,25492,25503,11
12.9595804214,80.2143478394,25503,25513,10
12.9603900909,80.2146835327,25513,25523,10
12.9612903595,80.2150421143,25523,25533,10
12.9621601105,80.2153778076,25533,25543,10
12.9629802704,80.215713501,25543,25553,10
12.9635696411,80.2159194946,25553,25563,10
12.9641704559,80.2161636353,25563,25583,20
12.9641704559,80.2161636353,25583,25593,10
12.9643602371,80.2162399292,25593,25603,10
12.9647102356,80.2164077759,25603,25614,11
12.9653196335,80.2166595459,25614,25624,10
12.9659404755,80.2169113159,25624,25634,10
12.9665403366,80.2171401978,25634,25644,10
12.9671497345,80.2173995972,25644,25654,10
12.9677600861,80.2176589966,25654,25664,10
12.9683599472,80.2179107666,25664,25674,10
12.9692401886,80.2182388306,25674,25684,10
12.9701900482,80.2186203003,25684,25694,10
12.9709701538,80.2188873291,25694,25714,20
12.9709701538,80.2188873291,25714,25725,11
12.9713201523,80.2190322876,25725,25735,10
12.9718704224,80.2192611694,25735,25745,10
12.9726200104,80.2195510864,25745,25755,10
12.9734401703,80.219871521,25755,25765,10
12.974240303,80.220199585,25765,25775,10
12.9752702713,80.2206420898,25775,25866,91
12.9752702713,80.2206420898,25866,25876,10
12.9755802155,80.2208328247,25876,25886,10
12.9756097794,80.2208633423,25886,25896,10
12.9757499695,80.2210083008,25896,25906,10
12.9762201309,80.2212371826,25906,25946,40
12.9762201309,80.2212371826,25946,25957,11
12.9765195847,80.2212600708,25957,25967,10
12.9769897461,80.2212677002,25967,25977,10
12.9774599075,80.2212524414,25977,25987,10
12.9780702591,80.2212295532,25987,25997,10
12.9788599014,80.2211837769,25997,26007,10
12.9797401428,80.2211074829,26007,26017,10
12.9805803299,80.2210235596,26017,26027,10
12.9814596176,80.2212219238,26027,26037,10
12.982219696,80.2217178345,26037,26047,10
12.9829797745,80.2219696045,26047,26057,10
12.9830799103,80.2220077515,26057,26068,11
12.9831495285,80.222038269,26068,26078,10
12.9834299088,80.2222366333,26078,26088,10
12.9838895798,80.2225265503,26088,26098,10
12.9844799042,80.2228927612,26098,26108,10
12.9850702286,80.2232208252,26108,26118,10
12.9855499268,80.2231826782,26118,26128,10
12.9859695435,80.2229766846,26128,26138,10
12.986530304,80.2229614258,26138,26148,10
12.9866199493,80.2229614258,26148,26158,10
12.9870595932,80.2230377197,26158,26168,10
12.9877195358,80.2230682373,26168,26178,10
12.9890003204,80.2219924927,26178,26189,11
12.9890003204,80.2219924927,26189,26199,10
12.9895801544,80.221206665,26199,26207,8
12.9901599884,80.2205886841,26207,26225,18
12.9904403687,80.2203598022,26225,26236,11
12.9908103943,80.2200698853,26236,26246,10
12.991350174,80.2196731567,26246,26256,10
12.9918298721,80.2193222046,26256,26266,10
12.9924602509,80.2188568115,26266,26276,10
12.9931898117,80.2183074951,26276,26286,10
12.9939002991,80.2178115845,26286,26297,11
12.994509697,80.2173690796,26297,26307,10
12.9950399399,80.2170028687,26307,26317,10
12.9954900742,80.216758728,26317,26327,10
12.9961204529,80.2165985107,26327,26337,10
12.9968204498,80.2165222168,26337,26347,10
12.9976997375,80.216506958,26347,26367,20
12.9976997375,80.216506958,26367,26377,10
12.9979000092,80.2165603638,26377,26387,10
12.9983701706,80.2166671753,26387,26396,9
12.9989204407,80.2169265747,26396,26408,12
12.9997596741,80.2173995972,26408,26418,10
13.0005102158,80.2178726196,26418,26428,10
13.0013599396,80.2184295654,26428,26437,9
13.0020303726,80.2190170288,26437,26448,11
13.0028295517,80.2197265625,26448,26458,10
13.0037899017,80.2200393677,26458,26468,10
13.0046901703,80.2202224731,26468,26478,10
13.0048103333,80.2202529907,26478,26488,10
13.004940033,80.2202835083,26488,26498,10
13.0054197311,80.2203903198,26498,26508,10
13.0061597824,80.2205581665,26508,26518,10
13.0069904327,80.2208328247,26518,26529,11
13.0080499649,80.2213973999,26529,26539,10
13.009059906,80.2219390869,26539,26549,10
13.0100803375,80.2225036621,26549,26559,10
13.0110301971,80.2229919434,26559,26569,10
13.0113401413,80.2231216431,26569,26579,10
13.0114202499,80.2231674194,26579,26589,10
13.0115299225,80.2231292725,26589,26599,10
13.011639595,80.2227706909,26599,26609,10
13.011879921,80.2220611572,26609,26619,10
13.012260437,80.2214584351,26619,26629,10
13.0124902725,80.2216796875,26629,26640,11
13.0128297806,80.2221832275,26640,26650,10
13.0133399963,80.2227401733,26650,26660,10
13.0138998032,80.2232971191,26660,26670,10
13.0143404007,80.2238998413,26670,26680,10
13.0148696899,80.2244262695,26680,26690,10
13.0151100159,80.2245864868,26690,26700,10
13.0154104233,80.224899292,26700,26710,10
13.0156097412,80.2250289917,26710,26720,10
13.0156698227,80.2250976563,26720,26730,10
13.0160198212,80.2253417969,26730,26740,10
13.0166397095,80.2253036499,26740,26751,11
13.0174798965,80.2249679565,26751,26761,10
13.0183601379,80.224609375,26761,26771,10
13.0196695328,80.2244873047,26771,26791,20
13.0196695328,80.2244873047,26791,26801,10
13.0198602676,80.2246398926,26801,26811,10
13.0202703476,80.2249221802,26811,26821,10
13.0209102631,80.2253723145,26821,26831,10
13.0215301514,80.2258300781,26831,26841,10
13.0218496323,80.22605896,26841,26851,10
13.0218801498,80.2260971069,26851,26861,10
13.0219497681,80.2261581421,26861,26872,11
13.0221996307,80.2263870239,26872,26882,10
13.0226602554,80.2267837524,26882,26892,10
13.0231895447,80.2272567749,26892,26902,10
13.0237398148,80.2277526855,26902,26912,10
13.0242395401,80.2282409668,26912,26922,10
13.0243797302,80.2284088135,26922,26932,10
13.0245800018,80.2287216187,26932,26942,10
13.0249700546,80.229309082,26942,26951,9
13.0254402161,80.2299423218,26951,26970,19
13.02602005,80.2311325073,26970,26981,11
13.0263299942,80.2313232422,26981,26991,10
13.0270299911,80.2311172485,26991,27001,10
13.0278997421,80.23097229,27001,27011,10
13.0285997391,80.2309036255,27011,27021,10
13.0287303925,80.2308731079,27021,27031,10
13.0292701721,80.2308425903,27031,27041,10
13.0298204422,80.230796814,27041,27051,10
13.0305595398,80.2307281494,27051,27061,10
13.0311899185,80.230682373,27061,27071,10
13.031829834,80.2306518555,27071,27081,10
13.0324602127,80.2305908203,27081,27092,11
13.0332202911,80.2305221558,27092,27102,10
13.0335502625,80.2304763794,27102,27112,10
13.0336303711,80.2304992676,27112,27122,10
13.034119606,80.2304763794,27122,27132,10
13.0347795486,80.2303390503,27132,27172,40
13.0347795486,80.2303390503,27172,27182,10
13.034910202,80.2303390503,27182,27192,10
13.0348997116,80.2303085327,27192,27202,10
13.0349998474,80.2301025391,27202,27213,11
13.0344696045,80.2300186157,27213,28443,1230
13.0342903137,80.2300262451,28443,28484,41
13.0342903137,80.2300262451,28484,28494,10
13.0341796875,80.2303466797,28494,28514,20
13.0341796875,80.2303466797,28514,28524,10
13.0340499878,80.23046875,28524,28534,10
13.0337200165,80.230430603,28534,28544,10
13.0333003998,80.230430603,28544,28554,10
13.03262043,80.230506897,28554,28564,10
13.0319004059,80.2305984497,28564,28574,10
13.031080246,80.2306900024,28574,28585,11
13.0304603577,80.2307434082,28585,28595,10
13.0298900604,80.2308120728,28595,28605,10
13.0298404694,80.2308197021,28605,28615,10
13.0296401978,80.2308578491,28615,28625,10
13.0291004181,80.2309112549,28625,28635,10
13.0283403397,80.2309570313,28635,28645,10
13.0277795792,80.231010437,28645,28655,10
13.0276699066,80.231300354,28655,28665,10
13.0277299881,80.2318267822,28665,28675,10
13.0278100967,80.2323608398,28675,28685,10
13.0277900696,80.2328109741,28685,28695,10
13.0272397995,80.2328796387,28695,28706,11
13.02684021,80.2329177856,28706,28716,10
13.0264997482,80.2329025269,28716,28726,10
13.0262804031,80.232383728,28726,28736,10
13.0261602402,80.2316665649,28736,28746,10
13.0258903503,80.2310028076,28746,28756,10
13.02546978,80.230178833,28756,28766,10
13.0249595642,80.2294616699,28766,28776,10
13.0246496201,80.2291030884,28776,28796,20
13.0246496201,80.2291030884,28796,28806,10
13.0244703293,80.2288284302,28806,28817,11
13.0240697861,80.2283630371,28817,28827,10
13.0236997604,80.2279129028,28827,28837,10
13.0232496262,80.2275466919,28837,28847,10
13.0229597092,80.2273635864,28847,28877,30
13.0229597092,80.2273635864,28877,28887,10
13.0228700638,80.2273025513,28887,28897,10
13.022649765,80.2270812988,28897,28907,10
13.0224504471,80.2266998291,28907,28917,10
13.0219697952,80.2262878418,28917,28927,10
13.0213804245,80.2258300781,28927,28938,11
13.0206298828,80.2252731323,28938,28948,10
13.0199203491,80.2248001099,28948,28958,10
13.0191402435,80.2244796753,28958,28968,10
13.0181999207,80.2247390747,28968,28978,10
13.0172700882,80.225112915,28978,28988,10
13.0164003372,80.2254714966,28988,28998,10
13.0157403946,80.2257003784,28998,29008,10
13.0151596069,80.2259292603,29008,29018,10
13.014960289,80.2260513306,29018,29028,10
13.0143003464,80.2262802124,29028,29049,21
13.0143003464,80.2262802124,29049,29059,10
13.0141296387,80.2263412476,29059,29069,10
13.0136699677,80.2265014648,29069,29079,10
13.0130195618,80.2267379761,29079,29089,10
13.012260437,80.2270278931,29089,29099,10
13.0113801956,80.2273635864,29099,29109,10
13.0104598999,80.227722168,29109,29119,10
13.0096597672,80.2278671265,29119,29129,10
13.00963974,80.2273178101,29129,29139,10
13.0099601746,80.2266387939,29139,29149,10
13.010310173,80.2259292603,29149,29160,11
13.0106401443,80.2250900269,29160,29170,10
13.0109701157,80.2242584229,29170,29180,10
13.0112695694,80.2233963013,29180,29190,10
13.0111103058,80.2230911255,29190,29200,10
13.0105695724,80.2228393555,29200,29210,10
13.0099201202,80.2224884033,29210,29220,10
13.0092096329,80.2220993042,29220,29230,10
13.0084104538,80.2216491699,29230,29240,10
13.0075101852,80.2211532593,29240,29250,10
13.0065698624,80.2206726074,29250,29260,10
13.0055503845,80.2204437256,29260,29270,10
13.0047998428,80.2202835083,29270,29281,11
13.0046796799,80.2202529907,29281,29291,10
13.0043697357,80.2201766968,29291,29301,10
13.0038099289,80.2200469971,29301,29311,10
13.0030498505,80.2198486328,29311,29321,10
13.0022497177,80.2192764282,29321,29331,10
13.0015296936,80.2185821533,29331,29341,10
13.0007801056,80.2180404663,29341,29351,10
13.0000495911,80.2175598145,29351,29361,10
12.999250412,80.2171020508,29361,29371,10
12.9984502792,80.2167205811,29371,29381,10
12.9974002838,80.2165374756,29381,29402,21
12.9974002838,80.2165374756,29402,29412,10
12.9972295761,80.2165374756,29412,29422,10
12.9967699051,80.2165527344,29422,29432,10
12.9960899353,80.2166595459,29432,29442,10
12.9952898026,80.2169189453,29442,29452,10
12.9946403503,80.2173614502,29452,29462,10
12.9941596985,80.2177200317,29462,29472,10
12.9935703278,80.2181625366,29472,29482,10
12.992890358,80.2186203003,29482,29492,10
12.9921302795,80.2192001343,29492,29502,10
12.9913101196,80.2197799683,29502,29513,11
12.9907999039,80.2201766968,29513,29533,20
12.9907999039,80.2201766968,29533,29543,10
12.9905500412,80.2203369141,29543,29553,10
12.9900999069,80.2207336426,29553,29563,10
12.9896097183,80.2213363647,29563,29573,10
12.9891500473,80.2218933105,29573,29583,10
12.9889602661,80.2220916748,29583,29593,10
12.9885396957,80.2225418091,29593,29603,10
12.9876298904,80.2230911255,29603,29624,21
12.9876298904,80.2230911255,29624,29634,10
12.9874801636,80.2230987549,29634,29644,10
12.9871902466,80.2230682373,29644,29654,10
12.9867601395,80.2229919434,29654,29664,10
12.9860897064,80.2229614258,29664,29674,10
12.9855003357,80.2232437134,29674,29684,10
12.9849796295,80.2231903076,29684,29694,10
12.9843502045,80.2228393555,29694,29704,10
12.9837398529,80.2225036621,29704,29714,10
12.9832000732,80.22215271,29714,29735,21
12.9832000732,80.22215271,29735,29745,10
12.983039856,80.222038269,29745,29755,10
12.9827299118,80.2219009399,29755,29765,10
12.9824199677,80.2218093872,29765,29775,10
12.9819803238,80.221572876,29775,29785,10
12.9814100266,80.2211914063,29785,29795,10
12.9807395935,80.221031189,29795,29805,10
12.9799604416,80.2210998535,29805,29815,10
12.979180336,80.2211532593,29815,29825,10
12.9786300659,80.2211532593,29825,29835,10
12.9781999588,80.2211608887,29835,29844,9
12.9779396057,80.2211685181,29844,29856,12
12.9773797989,80.2211990356,29856,29866,10
12.9767999649,80.2212219238,29866,29876,10
12.9763898849,80.2212600708,29876,29886,10
12.9760799408,80.2212982178,29886,29896,10
12.9759397507,80.221282959,29896,29906,10
12.9757003784,80.2210998535,29906,29936,30
12.9757003784,80.2210998535,29936,29946,10
12.9755296707,80.2208862305,29946,29956,10
12.9752197266,80.2206802368,29956,29967,11
12.9746103287,80.2203903198,29967,29977,10
12.9738998413,80.2200698853,29977,29987,10
12.9730701447,80.2197723389,29987,29997,10
12.9721603394,80.2194290161,29997,30007,10
12.9709796906,80.2191314697,30007,30037,30
12.9709796906,80.2191314697,30037,30047,10
12.9708995819,80.2190628052,30047,30057,10
12.9705400467,80.2188415527,30057,30067,10
12.9700098038,80.2186431885,30067,30077,10
12.9694700241,80.2184371948,30077,30088,11
12.9689102173,80.2182235718,30088,30098,10
12.9684295654,80.2180328369,30098,30108,10
12.9679899216,80.2178573608,30108,30118,10
12.9675798416,80.2176971436,30118,30128,10
12.9670600891,80.2174987793,30128,30138,10
12.9664001465,80.2172470093,30138,30148,10
12.9656295776,80.2169494629,30148,30158,10
12.9647397995,80.2165908813,30158,30168,10
12.9640197754,80.2162780762,30168,30178,10
12.9634103775,80.216003418,30178,30188,10
12.9628696442,80.2157821655,30188,30209,21
12.9628696442,80.2157821655,30209,30219,10
12.9625701904,80.215637207,30219,30229,10
12.962100029,80.215461731,30229,30239,10
12.9614295959,80.2152023315,30239,30249,10
12.9606895447,80.2148895264,30249,30259,10
12.9598798752,80.2145690918,30259,30269,10
12.9591302872,80.2142486572,30269,30279,10
12.9582996368,80.2138977051,30279,30289,10
12.9574098587,80.2135467529,30289,30299,10
12.9564199448,80.2131576538,30299,30310,11
12.9552698135,80.2127304077,30310,30320,10
12.9543304443,80.212348938,30320,30330,10
12.9538097382,80.2121734619,30330,30340,10
12.9538002014,80.2121734619,30340,30350,10
12.9537401199,80.2121429443,30350,30360,10
12.953379631,80.2119674683,30360,30370,10
12.9528102875,80.2117462158,30370,30380,10
12.9520998001,80.211479187,30380,30390,10
12.9513301849,80.2112121582,30390,30400,10
12.9505300522,80.2109375,30400,30410,10
12.9498195648,80.2106704712,30410,30421,11
12.9495000839,80.2105484009,30421,30431,10
12.9491300583,80.2104187012,30431,30441,10
12.9485902786,80.2102432251,30441,30461,20
12.9485902786,80.2102432251,30461,30471,10
12.9484796524,80.2102432251,30471,30481,10
12.9481296539,80.2100906372,30481,30491,10
12.9474601746,80.2098236084,30491,30501,10
12.9466295242,80.2094573975,30501,30511,10
12.9457101822,80.2090606689,30511,30521,10
12.9448099136,80.2086029053,30521,30531,10
12.9442501068,80.2083892822,30531,30552,21
12.9442501068,80.2083892822,30552,30562,10
12.944149971,80.2083511353,30562,30572,10
12.9437599182,80.2081680298,30572,30582,10
12.9432001114,80.2079086304,30582,30592,10
12.9427499771,80.2073822021,30592,30602,10
12.9422903061,80.2068710327,30602,30612,10
12.9416999817,80.2063827515,30612,30622,10
12.9411001205,80.2060165405,30622,30641,19
12.9411001205,80.2060165405,30641,30653,12
12.9409103394,80.205947876,30653,30663,10
12.9404802322,80.2057876587,30663,30673,10
12.9398899078,80.2056121826,30673,30683,10
12.9391899109,80.2053909302,30683,30693,10
12.9384899139,80.2051696777,30693,30703,10
12.9378004074,80.2049713135,30703,30713,10
12.9371099472,80.2047805786,30713,30723,10
12.9363298416,80.2045593262,30723,30733,10
12.9356603622,80.2043609619,30733,30743,10
12.9352302551,80.2041473389,30743,30753,10
12.9346704483,80.2039871216,30753,30762,9
12.9336299896,80.2038803101,30762,30794,32
12.9336299896,80.2038803101,30794,30804,10
12.9336299896,80.2039031982,30804,30814,10
12.933259964,80.2038192749,30814,30824,10
12.932800293,80.2035980225,30824,30834,10
12.9321603775,80.2033996582,30834,30844,10
12.9314603806,80.203163147,30844,30854,10
12.9308700562,80.2029800415,30854,30864,10
12.930439949,80.2028808594,30864,30874,10
12.9300003052,80.202796936,30874,30885,11
12.9295101166,80.2027511597,30885,30915,30
12.9295101166,80.2027511597,30915,30925,10
12.9292402267,80.2027206421,30925,30935,10
12.9287595749,80.2026596069,30935,30945,10
12.9285001755,80.2022781372,30945,30955,10
12.9284601212,80.2016830444,30955,30965,10
12.9284601212,80.2009277344,30965,30975,10
12.9284095764,80.200088501,30975,30985,10
12.9281997681,80.1993637085,30985,30996,11
12.9278297424,80.198638916,30996,31006,10
12.9272899628,80.1980285645,31006,31016,10
12.9265098572,80.1976318359,31016,31026,10
12.9260597229,80.1975479126,31026,31046,20
12.9260597229,80.1975479126,31046,31056,10
12.9259901047,80.1975326538,31056,31066,10
12.9256496429,80.197517395,31066,31076,10
12.9254102707,80.197517395,31076,31086,10
12.9250297546,80.1974868774,31086,31096,10
12.9244604111,80.1974868774,31096,31106,10
12.9237203598,80.197479248,31106,31117,11
12.9231595993,80.1974182129,31117,31127,10
12.922659874,80.1973495483,31127,31137,10
12.9220399857,80.1972808838,31137,31167,30
12.9220399857,80.1972808838,31167,31177,10
12.9218301773,80.1972122192,31177,31187,10
12.9214401245,80.1970596313,31187,31197,10
12.9209899902,80.1968765259,31197,31207,10
12.9205703735,80.1967468262,31207,31217,10
12.9200296402,80.1965637207,31217,31228,11
12.9193601608,80.1962738037,31228,31238,10
12.9188499451,80.1958770752,31238,31248,10
12.9183197021,80.1953887939,31248,31258,10
12.9177398682,80.1948776245,31258,31268,10
12.9172000885,80.1942825317,31268,31288,20
12.9172000885,80.1942825317,31288,31298,10
12.9171199799,80.1941604614,31298,31308,10
12.9170103073,80.1938018799,31308,31318,10
12.9169998169,80.1931991577,31318,31328,10
12.9170799255,80.1925430298,31328,31339,11
12.9169597626,80.1923065186,31339,31349,10
12.9169101715,80.1923065186,31349,31359,10
12.9166898727,80.1923217773,31359,31399,40
12.9166898727,80.1923217773,31399,31409,10
12.9164400101,80.1922683716,31409,31419,10
12.9159603119,80.1922073364,31419,31429,10
12.9153299332,80.1921920776,31429,31439,10
12.9146003723,80.1921386719,31439,31448,9
12.9140796661,80.1921005249,31448,31460,12
12.9132699966,80.1920089722,31460,31500,40
12.9132699966,80.1920089722,31500,31510,10
12.913189888,80.1919631958,31510,31520,10
12.9128503799,80.1919326782,31520,31530,10
12.9124298096,80.1918869019,31530,31540,10
12.9123897552,80.1919021606,31540,31550,10
12.91203022,80.1918563843,31550,31559,9
12.9115104675,80.1917877197,31559,31571,12
12.9106397629,80.1916809082,31571,31581,10
12.9099397659,80.1915512085,31581,31591,10
12.9097604752,80.1914596558,31591,31601,10
12.9097003937,80.19140625,31601,31611,10
12.9094696045,80.1912384033,31611,31621,10
12.909070015,80.1909332275,31621,31631,10
12.9084701538,80.1904602051,31631,31641,10
12.9077196121,80.1898880005,31641,31651,10
12.9069404602,80.1892929077,31651,31661,10
12.906129837,80.1887207031,31661,31681,20
12.906129837,80.1887207031,31681,31692,11
12.9058599472,80.1885375977,31692,31702,10
12.9053401947,80.1882171631,31702,31712,10
12.9046096802,80.1877365112,31712,31722,10
12.9039697647,80.1871109009,31722,31732,10
12.9039802551,80.1862411499,31732,31742,10
12.9040002823,80.1857681274,31742,31752,10
12.9040203094,80.1856918335,31752,31762,10
12.9040403366,80.1852722168,31762,31772,10
12.903960228,80.1846466064,31772,31782,10
12.9033098221,80.1844329834,31782,31792,10
12.9025201797,80.1841964722,31792,31803,11
12.9015102386,80.1839370728,31803,31813,10
12.9009399414,80.1837692261,31813,31823,10
12.900270462,80.1834564209,31823,31833,10
12.8994998932,80.1830596924,31833,31843,10
12.8986301422,80.1826171875,31843,31853,10
12.8979701996,80.1822814941,31853,31863,10
12.8973798752,80.1819992065,31863,31893,30
12.8973798752,80.1819992065,31893,31902,9
12.8972396851,80.181892395,31902,31913,11
12.8967504501,80.1816482544,31913,31924,11
12.8960399628,80.1812896729,31924,31934,10
12.8952703476,80.1808929443,31934,31944,10
12.8943901062,80.1804504395,31944,31954,10
12.8933401108,80.17993927,31954,31974,20
12.8933401108,80.17993927,31974,31984,10
12.8931598663,80.1797027588,31984,31994,10
12.8928499222,80.1791229248,31994,32004,10
12.8924598694,80.178352356,32004,32014,10
12.8920898438,80.1776885986,32014,32024,10
12.891699791,80.1770172119,32024,32035,11
12.8914899826,80.1766281128,32035,32045,10
12.8913497925,80.1763381958,32045,32055,10
12.8910102844,80.1757125854,32055,32065,10
12.8906402588,80.1750335693,32065,32075,10
12.8902397156,80.1745071411,32075,32085,10
12.8898601532,80.174369812,32085,32095,10
12.889550209,80.1742172241,32095,32105,10
12.889289856,80.1741027832,32105,32115,10
12.8887300491,80.173789978,32115,32125,10
12.887960434,80.1734008789,32125,32134,9
12.8871202469,80.172958374,32134,32146,12
12.8858995438,80.1723327637,32146,32156,10
12.8849000931,80.1717987061,32156,32166,10
12.8839502335,80.1713180542,32166,32176,10
12.8830795288,80.1708831787,32176,32186,10
12.8824501038,80.1705780029,32186,32196,10
12.8822803497,80.1707229614,32196,32206,10
12.8819999695,80.1709899902,32206,32216,10
12.881529808,80.1708831787,32216,32226,10
12.8812398911,80.1707763672,32226,32236,10
12.8806600571,80.1705780029,32236,32246,10
12.8800697327,80.1703186035,32246,32256,10
12.8799600601,80.1702575684,32256,32267,11
12.8794403076,80.1699905396,32267,32277,10
12.8774995804,80.1703033447,32277,32287,10
12.8774995804,80.1703033447,32287,32297,10
12.8764295578,80.1706619263,32297,32305,8
12.8705997467,80.1743164063,32305,32374,69
12.8677997589,80.1759490967,32374,32405,31
12.8652296066,80.1756820679,32405,32435,30
12.8652296066,80.1756820679,32435,32455,20
12.864569664,80.1753768921,32455,32465,10
12.8638896942,80.1749572754,32465,32475,10
12.8630304337,80.1744232178,32475,32484,9
12.8621397018,80.1739578247,32484,32496,12
12.8616895676,80.1737823486,32496,32506,10
12.8614797592,80.1736831665,32506,32516,10
12.86095047,80.1734313965,32516,32526,10
12.8602199554,80.1731185913,32526,32536,10
12.8593997955,80.1727600098,32536,32546,10
12.8584804535,80.172492981,32546,32556,10
12.8576402664,80.1723632813,32556,32566,10
12.8573503494,80.1723022461,32566,32576,10
12.8568401337,80.172203064,32576,32586,10
12.8564596176,80.1721420288,32586,32596,10
12.8564500809,80.1721420288,32596,32606,10
12.8563899994,80.17212677,32606,32617,11
12.8561697006,80.1720581055,32617,32627,10
12.8557395935,80.1719284058,32627,32637,10
12.8550395966,80.1717224121,32637,32647,10
12.8545398712,80.1715621948,32647,32657,10
12.8541202545,80.1714324951,32657,32667,10
12.8534002304,80.171257019,32667,32677,10
12.8524904251,80.1711502075,32677,32687,10
12.8514499664,80.1709594727,32687,32697,10
12.8507204056,80.1708526611,32697,32707,10
12.849820137,80.1706924438,32707,32717,10
12.8487997055,80.170539856,32717,32728,11
12.8475799561,80.1703186035,32728,32738,10
12.8464202881,80.1701965332,32738,32748,10
12.8452501297,80.1701507568,32748,32758,10
12.8441095352,80.1700897217,32758,32768,10
12.8429803848,80.1699523926,32768,32778,10
12.8418397903,80.1699523926,32778,32788,10
12.8406896591,80.1699295044,32788,32798,10
12.8395500183,80.169960022,32798,32808,10
12.8384399414,80.1696777344,32808,32828,20
12.8384399414,80.1696777344,32828,32839,11
12.8381900787,80.1694564819,32839,32849,10
12.8379201889,80.1692733765,32849,32859,10
12.8374099731,80.1692199707,32859,32869,10
12.8371095657,80.1689376831,32869,32879,10
12.8368797302,80.1688079834,32879,32889,10
12.836520195,80.1686935425,32889,32899,10
12.8361701965,80.1685562134,32899,32909,10
12.8359498978,80.1682281494,32909,32919,10
12.8357696533,80.1678466797,32919,32929,10
12.8353300095,80.1677093506,32929,32939,10
12.8347301483,80.1673965454,32939,32949,10
12.8340101242,80.1670074463,32949,32960,11
12.8330898285,80.1664886475,32960,32970,10
12.8321199417,80.1660385132,32970,32980,10
12.8311195374,80.165687561,32980,32990,10
12.8300895691,80.1654663086,32990,33000,10
12.8292102814,80.1653289795,33000,33010,10
12.8286600113,80.1652526855,33010,33020,10
12.828209877,80.1651992798,33020,33030,10
12.8276901245,80.1651382446,33030,33071,41
12.8276901245,80.1651382446,33071,33081,10
12.827460289,80.1650619507,33081,33091,10
12.8272199631,80.1649627686,33091,33101,10
12.8268604279,80.1647186279,33101,33111,10
12.8263998032,80.1644210815,33111,33121,10
12.825799942,80.1640625,33121,33131,10
12.8250904083,80.1636962891,33131,33141,10
12.8242998123,80.1632232666,33141,33151,10
12.8234500885,80.162689209,33151,33161,10
12.8225002289,80.1622924805,33161,33171,10
12.8214597702,80.1618881226,33171,33182,11
12.8202896118,80.1613922119,33182,33192,10
12.8192195892,80.1609420776,33192,33202,10
12.8183403015,80.1605529785,33202,33212,10
12.8180799484,80.1604385376,33212,33222,10
12.8176803589,80.1603393555,33222,33232,10
12.8171901703,80.1601867676,33232,33252,20
12.8171901703,80.1601867676,33252,33262,10
12.8169698715,80.1601409912,33262,33272,10
12.8163995743,80.1600112915,33272,33282,10
12.8156499863,80.1598587036,33282,33292,10
12.8148202896,80.1596908569,33292,33303,11
12.8142004013,80.1595687866,33303,33313,10
12.8135795593,80.1595306396,33313,33323,10
12.8128004074,80.1594009399,33323,33333,10
12.8116598129,80.1594085693,33333,33353,20
12.8116598129,80.1594085693,33353,33363,10
12.8113203049,80.1595001221,33363,33373,10
12.8107995987,80.1596603394,33373,33383,10
12.8100004196,80.1595535278,33383,33414,31
12.8100004196,80.1595535278,33414,33424,10
12.8101501465,80.1596374512,33424,33434,10
12.8104095459,80.1596832275,33434,34382,948
12.8104095459,80.1596832275,34382,34392,10
12.8105802536,80.1597290039,34392,34402,10
12.8107299805,80.1596908569,34402,34412,10
12.8111400604,80.1596298218,34412,34422,10
12.8115596771,80.1594161987,34422,34432,10
12.811920166,80.1594009399,34432,34442,10
12.8121204376,80.1593475342,34442,34453,11
12.8126897812,80.159362793,34453,34463,10
12.8131904602,80.1594924927,34463,34473,10
12.8134403229,80.1595306396,34473,34483,10
12.8139600754,80.1595687866,34483,34493,10
12.8146495819,80.1596832275,34493,34503,10
12.8154096603,80.1598434448,34503,34513,10
12.8162002563,80.1600036621,34513,34523,10
12.8169803619,80.1601715088,34523,34533,10
12.817700386,80.1603317261,34533,34543,10
12.8181200027,80.1604309082,34543,34553,10
12.8183698654,80.1605224609,34553,34563,10
12.8188295364,80.1607131958,34563,34574,11
12.8195896149,80.1610565186,34574,34584,10
12.8204898834,80.1614379883,34584,34594,10
12.8213396072,80.1617965698,34594,34604,10
12.8223800659,80.1622085571,34604,34614,10
12.8234395981,80.1626663208,34614,34624,10
12.8244199753,80.1632766724,34624,34634,10
12.8253097534,80.16381073,34634,34644,10
12.825920105,80.1641235352,34644,34654,10
12.8264503479,80.1644515991,34654,34664,10
12.8269500732,80.1647796631,34664,34674,10
12.8273696899,80.1650619507,34674,34685,11
12.827750206,80.1651611328,34685,34715,30
12.827750206,80.1651611328,34715,34725,10
12.8278198242,80.1651763916,34725,34735,10
12.8281803131,80.1652069092,34735,34745,10
12.828789711,80.1652984619,34745,34755,10
12.8295402527,80.1653823853,34755,34765,10
12.8304004669,80.1655197144,34765,34775,10
12.8313703537,80.1657409668,34775,34785,10
12.8323001862,80.1660919189,34785,34796,11
12.8332195282,80.166557312,34796,34806,10
12.833990097,80.1669921875,34806,34816,10
12.8347597122,80.1674423218,34816,34826,10
12.8354101181,80.1677398682,34826,34836,10
12.8358001709,80.1678695679,34836,34846,10
12.8359804153,80.1681976318,34846,34856,10
12.8361597061,80.168548584,34856,34866,10
12.8363895416,80.1686325073,34866,34876,10
12.8367900848,80.168762207,34876,34886,10
12.8370704651,80.1688537598,34886,34896,10
12.8372402191,80.1690826416,34896,34906,10
12.8376598358,80.1692886353,34906,34917,11
12.8381595612,80.169380188,34917,34927,10
12.8383903503,80.169593811,34927,34937,10
12.8383998871,80.1696014404,34937,34947,10
12.8385095596,80.1696777344,34947,34957,10
12.8389596939,80.1698303223,34957,34967,10
12.8396396637,80.169960022,34967,34977,10
12.8404102325,80.169921875,34977,34987,10
12.8413801193,80.169960022,34987,34997,10
12.8424396515,80.169921875,34997,35007,10
12.843580246,80.1700134277,35007,35017,10
12.8447303772,80.1701202393,35017,35028,11
12.845990181,80.170173645,35028,35038,10
12.8471298218,80.1702423096,35038,35048,10
12.8482599258,80.1704330444,35048,35058,10
12.8493995667,80.1706314087,35058,35068,10
12.8504800797,80.1708068848,35068,35078,10
12.8510599136,80.1709213257,35078,35088,10
12.851360321,80.1709594727,35088,35098,10
12.8519697189,80.1710662842,35098,35108,10
12.8527498245,80.1712112427,35108,35118,10
12.8536100388,80.1713180542,35118,35128,10
12.8543596268,80.1715164185,35128,35138,10
12.8547496796,80.1716308594,35138,35149,11
12.8554201126,80.1718063354,35149,35159,10
12.8561496735,80.1720199585,35159,35169,10
12.8564100266,80.1721115112,35169,35179,10
12.8564195633,80.1721115112,35179,35189,10
12.856470108,80.1721115112,35189,35199,10
12.8567800522,80.1721878052,35199,35209,10
12.857339859,80.1722793579,35209,35219,10
12.8577203751,80.1723632813,35219,35229,10
12.8582201004,80.1724472046,35229,35239,10
12.8589897156,80.1725997925,35239,35249,10
12.8598403931,80.1729431152,35249,35260,11
12.8600902557,80.1730422974,35260,35270,10
12.8604803085,80.173210144,35270,35280,10
12.861120224,80.173500061,35280,35290,10
12.8619098663,80.1738433838,35290,35300,10
12.8627595901,80.1742324829,35300,35310,10
12.863650322,80.1747665405,35310,35320,10
12.8645401001,80.1753082275,35320,35330,10
12.8651103973,80.1756362915,35330,35340,10
12.8656797409,80.1757125854,35340,35350,10
12.8664598465,80.1757888794,35350,35360,10
12.8673601151,80.1758728027,35360,35371,11
12.8682498932,80.1758728027,35371,35381,10
12.8688802719,80.1754608154,35381,35391,10
12.8696403503,80.1749420166,35391,35401,10
12.8705501556,80.174331665,35401,35411,10
12.871509552,80.1736831665,35411,35421,10
12.8724803925,80.1730270386,35421,35431,10
12.8734502792,80.1723937988,35431,35441,10
12.8744096756,80.1717605591,35441,35451,10
12.8753499985,80.1711502075,35451,35461,10
12.8798599243,80.1701202393,35461,35502,41
12.8808698654,80.1706237793,35502,35539,37
12.8822803497,80.1707611084,35539,35569,30
12.8831796646,80.1708831787,35569,35599,30
12.8852396011,80.1719436646,35599,35629,30
12.8852396011,80.1719436646,35629,35659,30
12.8875999451,80.1731491089,35659,35670,11
12.8885297775,80.1736221313,35670,35680,10
12.8893098831,80.174041748,35680,35690,10
12.8895998001,80.1741867065,35690,35700,10
12.8897304535,80.1742706299,35700,35710,10
12.8899002075,80.174331665,35710,35721,11
12.8901700974,80.1744232178,35721,35731,10
12.8905096054,80.1746673584,35731,35741,10
12.8907403946,80.1751022339,35741,35751,10
12.8910303116,80.1755905151,35751,35761,10
12.8915596008,80.1765899658,35761,35781,20
12.8915596008,80.1765899658,35781,35791,10
12.8915996552,80.1767272949,35791,35801,10
12.8918199539,80.177116394,35801,35811,10
12.8921804428,80.1777420044,35811,35821,10
12.8923902512,80.1781082153,35821,35831,10
12.8927202225,80.1786880493,35831,35842,11
12.8931503296,80.1794891357,35842,35852,10
12.8937597275,80.1801071167,35852,35862,10
12.8939199448,80.1801834106,35862,35872,10
12.894200325,80.1803131104,35872,35882,10
12.894780159,80.1806030273,35882,35892,10
12.8955402374,80.1809921265,35892,35902,10
12.8964395523,80.1814498901,35902,35912,10
12.8976602554,80.1820526123,35912,35932,20
12.8976602554,80.1820526123,35932,35942,10
12.8979301453,80.1821975708,35942,35953,11
12.8985500336,80.182510376,35953,35963,10
12.8992595673,80.1828689575,35963,35973,10
12.9000797272,80.1832809448,35973,35983,10
12.9009399414,80.1837005615,35983,35992,9
12.9018697739,80.1839981079,35992,36003,11
12.9030895233,80.1843338013,36003,36013,10
12.9041595459,80.1854629517,36013,36023,10
12.9041595459,80.1854629517,36023,36033,10
12.9041004181,80.1865081787,36033,36042,9
12.9042100906,80.1874084473,36042,36053,11
12.9050998688,80.18800354,36053,36063,10
12.9059200287,80.1884994507,36063,36074,11
12.9065599442,80.1889038086,36074,36084,10
12.9066095352,80.1889266968,36084,36094,10
12.906920433,80.1891403198,36094,36104,10
12.9074497223,80.1895370483,36104,36114,10
12.9080896378,80.1900405884,36114,36124,10
12.908829689,80.1905899048,36124,36134,10
12.9095001221,80.191116333,36134,36144,10
12.9101896286,80.1915588379,36144,36154,10
12.9110202789,80.1916732788,36154,36164,10
12.9118700027,80.1917877197,36164,36174,10
12.9123296738,80.1918411255,36174,36185,11
12.9123401642,80.1918411255,36185,36195,10
12.9125404358,80.1918869019,36195,36205,10
12.9130001068,80.1919403076,36205,36215,10
12.9135599136,80.1920166016,36215,36225,10
12.9142103195,80.1920928955,36225,36235,10
12.9149303436,80.1921615601,36235,36245,10
12.9156599045,80.1922073364,36245,36255,10
12.916390419,80.1922607422,36255,36265,10
12.9169902802,80.1922836304,36265,36275,10
12.9171695709,80.1920166016,36275,36306,31
12.9171695709,80.1920166016,36306,36316,10
12.9172801971,80.1917190552,36316,36326,10
12.9173603058,80.191192627,36326,36336,10
12.9173603058,80.1905212402,36336,36346,10
12.9174098969,80.1902770996,36346,36356,10
12.9175300598,80.1903686523,36356,36366,10
12.9174499512,80.1907806396,36366,36376,10
12.9173498154,80.1914596558,36376,36386,10
12.9172496796,80.1922073364,36386,36396,10
12.917140007,80.1927719116,36396,36406,10
12.917140007,80.193069458,36406,36437,31
12.917140007,80.193069458,36437,36447,10
12.9170999527,80.193359375,36447,36457,10
12.9171304703,80.1937789917,36457,36467,10
12.9172096252,80.194152832,36467,36477,10
12.9174804688,80.1945419312,36477,36487,10
12.9178800583,80.1949081421,36487,36497,10
12.918390274,80.1953811646,36497,36507,10
12.9188299179,80.1957778931,36507,36516,9
12.9192304611,80.1961135864,36516,36528,12
12.9200696945,80.1965332031,36528,36538,10
12.9205303192,80.1966934204,36538,36548,10
12.9206495285,80.1967315674,36548,36558,10
12.920999527,80.1968231201,36558,36568,10
12.9211196899,80.1968688965,36568,36578,10
12.9215497971,80.1970596313,36578,36588,10
12.9222602844,80.1972503662,36588,36598,10
12.9231300354,80.1973724365,36598,36608,10
12.9235496521,80.1974334717,36608,36618,10
12.9240903854,80.1974716187,36618,36628,10
12.9248800278,80.1974716187,36628,36639,11
12.9252796173,80.1974563599,36639,36649,10
12.9256401062,80.1974563599,36649,36659,10
12.9263000488,80.1974868774,36659,36669,10
12.9265203476,80.1975479126,36669,36679,10
12.9266996384,80.1976165771,36679,36689,10
12.9270896912,80.1978225708,36689,36699,10
12.9276399612,80.1982269287,36699,36709,10
12.9280004501,80.1988067627,36709,36719,10
12.9283504486,80.1996078491,36719,36729,10
12.9284896851,80.2005310059,36729,36739,10
12.9285402298,80.2014312744,36739,36749,10
12.9286203384,80.2024078369,36749,36760,11
12.9293003082,80.2026824951,36760,36770,10
12.9293804169,80.2026901245,36770,36780,10
12.9297103882,80.2027511597,36780,36790,10
12.9301996231,80.2028121948,36790,36800,10
12.9308204651,80.2029266357,36800,36810,10
12.9315595627,80.2031478882,36810,36820,10
12.932299614,80.2033996582,36820,36830,10
12.9328804016,80.2035980225,36830,36840,10
12.9338903427,80.2038726807,36840,36871,31
12.9338903427,80.2038726807,36871,36881,10
12.9340896606,80.2038803101,36881,36891,10
12.9346399307,80.2039337158,36891,36901,10
12.9353599548,80.2041473389,36901,36911,10
12.9361095428,80.2044525146,36911,36921,10
12.9367904663,80.2046432495,36921,36931,10
12.9375095367,80.2048492432,36931,36941,10
12.9383602142,80.2050933838,36941,36951,10
12.9391698837,80.2053375244,36951,36961,10
12.9394702911,80.2054214478,36961,36971,10
12.9397201538,80.2054977417,36971,36982,11
12.9400100708,80.205581665,36982,36992,10
12.940030098,80.2055892944,36992,37002,10
12.9403800964,80.2057037354,37002,37012,10
12.9406995773,80.2058105469,37012,37022,10
12.9410295486,80.2059326172,37022,37032,10
12.9414997101,80.2061920166,37032,37042,10
12.9420700073,80.2066116333,37042,37052,10
12.9424695969,80.2069625854,37052,37062,10
12.9426498413,80.2071304321,37062,37072,10
12.9428796768,80.2074432373,37072,37082,10
12.9433403015,80.2079162598,37082,37092,10
12.9443397522,80.2083206177,37092,37113,21
12.9443397522,80.2083206177,37113,37123,10
12.9445199966,80.2083969116,37123,37133,10
12.9449996948,80.2085723877,37133,37143,10
12.9456996918,80.2087936401,37143,37153,10
12.9464902878,80.2090530396,37153,37163,10
12.9472703934,80.2093505859,37163,37173,10
12.9480800629,80.2096328735,37173,37183,10
12.9485197067,80.2098007202,37183,37193,10
12.9489603043,80.2099761963,37193,37202,9
12.9494495392,80.2101287842,37202,37214,12
12.9496202469,80.2101898193,37214,37224,10
12.9501304626,80.2104110718,37224,37234,10
12.9508399963,80.2107086182,37234,37244,10
12.9516096115,80.2110595703,37244,37254,10
12.952460289,80.2114486694,37254,37264,10
12.9532604218,80.2117767334,37264,37274,10
12.9538202286,80.2119979858,37274,37284,10
12.9542598724,80.2121887207,37284,37294,10
12.9549398422,80.2124710083,37294,37304,10
12.9557504654,80.2127914429,37304,37314,10
12.9565296173,80.2130966187,37314,37324,10
12.9574403763,80.2134628296,37324,37335,11
12.958530426,80.2139129639,37335,37345,10
12.959230423,80.2141799927,37345,37355,10
12.9599304199,80.2144775391,37355,37365,10
12.9606704712,80.2147827148,37365,37375,10
12.9614400864,80.2150878906,37375,37385,10
12.9623403549,80.2154388428,37385,37395,10
12.9631099701,80.2157516479,37395,37405,10
12.9637804031,80.2160110474,37405,37415,10
12.9640598297,80.2161026001,37415,37425,10
12.9641895294,80.216178894,37425,37435,10
12.9646501541,80.2163772583,37435,37446,11
12.9653902054,80.2166671753,37446,37456,10
12.9660596848,80.2169189453,37456,37466,10
12.9667100906,80.2171936035,37466,37476,10
12.96737957,80.2174606323,37476,37486,10
12.967880249,80.217666626,37486,37496,10
12.9683198929,80.2178421021,37496,37506,10
12.9690599442,80.2181015015,37506,37516,10
12.9697904587,80.2183914185,37516,37526,10
12.9705696106,80.218711853,37526,37536,10
12.9711999893,80.2189102173,37536,37627,91
12.9711999893,80.2189102173,37627,37637,10
12.9715499878,80.2190628052,37637,37647,10
12.971570015,80.2190704346,37647,37657,10
12.9718399048,80.2192001343,37657,37678,21
12.9718399048,80.2192001343,37678,37688,10
12.9720401764,80.2193069458,37688,37698,10
12.9722900391,80.2194137573,37698,37708,10
12.9725704193,80.2194976807,37708,37718,10
12.9727897644,80.2195892334,37718,37849,131
12.9727897644,80.2195892334,37849,37859,10
12.9731397629,80.2196807861,37859,37869,10
12.9732503891,80.2197189331,37869,37879,10
12.973400116,80.2197799683,37879,37889,10
12.9736604691,80.2199020386,37889,37899,10
12.9739398956,80.2200317383,37899,37910,11
12.9742898941,80.2201919556,37910,37920,10
12.9744501114,80.2202987671,37920,37930,10
12.9748802185,80.2205123901,37930,38061,131
12.9748802185,80.2205123901,38061,38071,10
12.9750299454,80.2206420898,38071,38081,10
12.9753303528,80.220741272,38081,38091,10
12.9755296707,80.2208328247,38091,38101,10
12.9756097794,80.2209014893,38101,38111,10
12.9757003784,80.220993042,38111,38121,10
12.9762001038,80.2212219238,38121,38172,51
12.9762001038,80.2212219238,38172,38182,10
12.9765396118,80.221206665,38182,38192,10
12.9770097733,80.2212219238,38192,38202,10
12.9776601791,80.2212295532,38202,38212,10
12.9783201218,80.2211990356,38212,38222,10
12.9788303375,80.2211532593,38222,38232,10
12.9795303345,80.2210998535,38232,38241,9
12.9800701141,80.2210693359,38241,38253,12
12.9807500839,80.2210083008,38253,38263,10
12.9812297821,80.2211074829,38263,38273,10
12.9815797806,80.2213592529,38273,38283,10
12.9819898605,80.2216262817,38283,38293,10
12.9823703766,80.2217636108,38293,38303,10
12.9829998016,80.2219619751,38303,38323,20
12.9829998016,80.2219619751,38323,38333,10
12.9830904007,80.2220230103,38333,38343,10
12.9833297729,80.2221832275,38343,38353,10
12.9836196899,80.2223587036,38353,38363,10
12.9839496613,80.2225570679,38363,38374,11
12.9845695496,80.2229385376,38374,38384,10
12.985250473,80.2232284546,38384,38394,10
12.9856595993,80.2230377197,38394,38404,10
12.9863195419,80.2229537964,38404,38414,10
12.9865198135,80.2229614258,38414,38424,10
12.9865903854,80.2229919434,38424,38434,10
12.9869499207,80.2230300903,38434,38444,10
12.9874401093,80.2230987549,38444,38454,10
12.9880800247,80.222869873,38454,38464,10
12.9885597229,80.2224502563,38464,38473,9
12.9890098572,80.2219619751,38473,38485,12
12.9895601273,80.2212677002,38485,38495,10
12.989859581,80.2208633423,38495,38505,10
12.9903697968,80.2204437256,38505,38515,10
12.9905004501,80.2203826904,38515,38525,10
12.9905900955,80.2203063965,38525,38535,10
12.9908895493,80.2200698853,38535,38545,10
12.9910697937,80.2199172974,38545,38555,10
12.9914302826,80.2196502686,38555,38565,10
12.9919996262,80.2192230225,38565,38575,10
12.9926795959,80.2187194824,38575,38584,9
12.9933795929,80.2182006836,38584,38596,12
12.9941596985,80.2175979614,38596,38605,9
12.9946804047,80.2172088623,38605,38616,11
12.995300293,80.2168502808,38616,38626,10
12.9960603714,80.2166137695,38626,38636,10
12.9967403412,80.216506958,38636,38646,10
12.997130394,80.2164764404,38646,38656,10
12.9976701736,80.216506958,38656,38676,20
12.9976701736,80.216506958,38676,38686,10
12.9979000092,80.2165374756,38686,38695,9
12.9982995987,80.2166290283,38695,38706,11
12.9989500046,80.2169113159,38706,38716,10
12.9996099472,80.2172698975,38716,38727,11
13.0003795624,80.2177505493,38727,38737,10
13.0011196136,80.2182312012,38737,38747,10
13.0018501282,80.2188110352,38747,38757,10
13.0024003983,80.2194137573,38757,38767,10
13.0032196045,80.2198867798,38767,38777,10
13.004070282,80.2200775146,38777,38787,10
13.0047502518,80.2202224731,38787,38797,10
13.0047903061,80.2202301025,38797,38807,10
13.0051202774,80.2203216553,38807,38817,10
13.0057001114,80.220451355,38817,38828,11
13.006529808,80.2206268311,38828,38838,10
13.0072498322,80.2209701538,38838,38848,10
13.0080604553,80.2213821411,38848,38858,10
13.0088996887,80.2218170166,38858,38868,10
13.0097503662,80.2222976685,38868,38878,10
13.0106401443,80.2227630615,38878,38888,10
13.0112400055,80.2230377197,38888,38898,10
13.011300087,80.2230987549,38898,38908,10
13.0114002228,80.2231674194,38908,38918,10
13.0115499496,80.2229690552,38918,38928,10
13.0116996765,80.2225189209,38928,38939,11
13.0119895935,80.2218780518,38939,38949,10
13.0122900009,80.2215499878,38949,38959,10
13.0124702454,80.2217178345,38959,38969,10
13.0128898621,80.22215271,38969,38979,10
13.0131998062,80.2225570679,38979,38989,10
13.0135803223,80.2229614258,38989,38999,10
13.0138902664,80.2232666016,38999,39009,10
13.0142297745,80.2236862183,39009,39019,10
13.0147199631,80.2242736816,39019,39029,10
13.015250206,80.2247924805,39029,39039,10
13.0156402588,80.2250976563,39039,39060,21
13.0156402588,80.2250976563,39060,39070,10
13.0157299042,80.2251815796,39070,39080,10
13.0160198212,80.2253265381,39080,39090,10
13.0166196823,80.2252807617,39090,39100,10
13.0173397064,80.2249984741,39100,39110,10
13.017950058,80.2247619629,39110,39120,10
13.0186500549,80.2244720459,39120,39130,10
13.0192804337,80.2243270874,39130,39140,10
13.0196895599,80.2244720459,39140,39150,10
13.019900322,80.2246322632,39150,39160,10
13.0202903748,80.2249298096,39160,39170,10
13.0207300186,80.2252578735,39170,39181,11
13.0212001801,80.2256164551,39181,39191,10
13.0216503143,80.2259902954,39191,39201,10
13.0220003128,80.2262115479,39201,39221,20
13.0220003128,80.2262115479,39221,39231,10
13.0220298767,80.2262496948,39231,39241,10
13.0223302841,80.2265090942,39241,39251,10
13.0228395462,80.2269515991,39251,39261,10
13.023349762,80.2274398804,39261,39271,10
13.0240697861,80.2280502319,39271,39292,21
13.0240697861,80.2280502319,39292,39302,10
13.0242204666,80.2282791138,39302,39312,10
13.024430275,80.2285690308,39312,39322,10
13.0244903564,80.2286300659,39322,39332,10
13.0245199203,80.2286834717,39332,39342,10
13.0246801376,80.2288970947,39342,39352,10
13.0248804092,80.2292098999,39352,39362,10
13.0251598358,80.2295837402,39362,39372,10
13.0254602432,80.2299728394,39372,39382,10
13.0256099701,80.2301635742,39382,39413,31
13.0256099701,80.2301635742,39413,39423,10
13.0257701874,80.2304534912,39423,39433,10
13.0259399414,80.2308807373,39433,39463,30
13.0259399414,80.2308807373,39463,39473,10
13.0259799957,80.2311019897,39473,39483,10
13.0260896683,80.2313537598,39483,39493,10
13.0264797211,80.231262207,39493,39503,10
13.0271701813,80.2311019897,39503,39512,9
13.0278902054,80.2309799194,39512,39524,12
13.0285396576,80.2308807373,39524,39534,10
13.028550148,80.2308807373,39534,39544,10
13.0287904739,80.2308807373,39544,39554,10
13.029299736,80.2308425903,39554,39584,30
13.029299736,80.2308425903,39584,39594,10
13.0296697617,80.2308197021,39594,39604,10
13.0301303864,80.2307815552,39604,39614,10
13.0303602219,80.230758667,39614,39624,10
13.0306901932,80.2307281494,39624,39635,11
13.0311803818,80.230682373,39635,39645,10
13.0318098068,80.2306365967,39645,39655,10
13.0324001312,80.2305984497,39655,39665,10
13.0329399109,80.2305679321,39665,39675,10
13.0334196091,80.2304992676,39675,39685,10
13.0339698792,80.23046875,39685,39695,10
13.034529686,80.2304000854,39695,39756,61
13.034529686,80.2304000854,39756,39766,10
13.0347204208,80.2304382324,39766,39776,10
13.0348997116,80.2300796509,39776,39796,20
13.0348997116,80.2300796509,39796,39806,10
13.0346498489,80.2299575806,39806,39836,30
13.0346498489,80.2299575806,39836,39846,10
13.0345001221,80.2299118042,39846,39998,152
13.0343198776,80.2298736572,39998,40542,544
13.0343198776,80.2298736572,40542,40552,10
13.0342102051,80.2302474976,40552,40562,10
13.0341997147,80.2303466797,40562,40573,11
13.034119606,80.2304229736,40573,40583,10
13.0340003967,80.2304382324,40583,40593,10
13.0338096619,80.2304229736,40593,40603,10
13.033539772,80.2304611206,40603,40613,10
13.0330696106,80.2305221558,40613,40623,10
13.0324001312,80.2305984497,40623,40633,10
13.0316200256,80.2306671143,40633,40643,10
13.0308504105,80.2307434082,40643,40653,10
13.0304002762,80.2307815552,40653,40663,10
13.0299196243,80.2308273315,40663,40673,10
13.0298204422,80.2308273315,40673,40684,11
13.0295801163,80.2308578491,40684,40694,10
13.0291700363,80.2308883667,40694,40704,10
13.0284500122,80.2309799194,40704,40714,10
13.0277900696,80.231048584,40714,40724,10
13.0277004242,80.2313613892,40724,40734,10
13.0277700424,80.2319412231,40734,40744,10
13.0278701782,80.2325210571,40744,40754,10
13.0277099609,80.2328186035,40754,40764,10
13.0270204544,80.2329483032,40764,40835,71
13.0270204544,80.2329483032,40835,40845,10
13.0268297195,80.2329483032,40845,40855,10
13.0264902115,80.232963562,40855,40865,10
13.0262699127,80.2325134277,40865,40875,10
13.0260696411,80.2317886353,40875,40885,10
13.0258598328,80.2309799194,40885,40895,10
13.0254096985,80.2300491333,40895,40905,10
13.024939537,80.2293930054,40905,40916,11
13.0248403549,80.2292404175,40916,40926,10
13.0245895386,80.2289505005,40926,40936,10
13.0243196487,80.2286376953,40936,40946,10
13.0239896774,80.228302002,40946,40956,10
13.0235204697,80.2277832031,40956,40966,10
13.0230102539,80.2274475098,40966,40986,20
13.0230102539,80.2274475098,40986,40996,10
13.0228796005,80.2273406982,40996,41006,10
13.0226097107,80.2270507813,41006,41016,10
13.0223703384,80.2267227173,41016,41027,11
13.0218400955,80.2262573242,41027,41037,10
13.0213899612,80.2259063721,41037,41047,10
13.0208902359,80.2255172729,41047,41057,10
13.0202198029,80.2250595093,41057,41067,10
13.0194702148,80.224609375,41067,41077,10
13.0185604095,80.224609375,41077,41087,10
13.017660141,80.2249832153,41087,41097,10
13.0167598724,80.2253723145,41097,41107,10
13.0161104202,80.2256317139,41107,41117,10
13.0155496597,80.2258071899,41117,41127,10
13.0149497986,80.226020813,41127,41137,10
13.01445961,80.2261505127,41137,41148,11
13.0142602921,80.2261962891,41148,41158,10
13.0141601563,80.2259979248,41158,41168,10
13.0141096115,80.2253417969,41168,41369,201
13.0141096115,80.2253417969,41369,41380,11
13.0141801834,80.2251968384,41380,41390,10
13.0142498016,80.2254714966,41390,41400,10
13.0142202377,80.2260818481,41400,41420,20
13.0142202377,80.2260818481,41420,41430,10
13.0139598846,80.22631073,41430,41440,10
13.0134801865,80.2264862061,41440,41450,10
13.0128202438,80.2267532349,41450,41460,10
13.0119800568,80.2270965576,41460,41470,10
13.0110197067,80.2274932861,41470,41480,10
13.010140419,80.2278518677,41480,41490,10
13.0095100403,80.2276992798,41490,41501,11
13.0097503662,80.2270812988,41501,41511,10
13.0101203918,80.2263412476,41511,41521,10
13.0104598999,80.2255706787,41521,41531,10
13.0107898712,80.2248001099,41531,41541,10
13.0110998154,80.224067688,41541,41551,10
13.011300087,80.2234802246,41551,41561,10
13.0111303329,80.2232131958,41561,41571,10
13.0106096268,80.2229309082,41571,41581,10
13.0103902817,80.2228088379,41581,41591,10
13.010140419,80.2226791382,41591,41601,10
13.0096797943,80.2224197388,41601,41612,11
13.0089101791,80.2220001221,41612,41622,10
13.0081195831,80.2215270996,41622,41631,9
13.0072898865,80.2210998535,41631,41642,11
13.0062799454,80.2206726074,41642,41652,10
13.0053501129,80.2204589844,41652,41662,10
13.0047101974,80.2202987671,41662,41672,10
13.0046195984,80.2202835083,41672,41682,10
13.0043001175,80.2201919556,41682,41692,10
13.003660202,80.2200393677,41692,41702,10
13.0028800964,80.2197875977,41702,41712,10
13.0022001266,80.2192382813,41712,41723,11
13.0015897751,80.2185897827,41723,41733,10
13.0006999969,80.2180404663,41733,41743,10
12.9999399185,80.2175369263,41743,41753,10
12.9991903305,80.2170791626,41753,41763,10
12.9983701706,80.2166900635,41763,41773,10
12.9976501465,80.2165374756,41773,41783,10
12.9973897934,80.2165298462,41783,41793,10
12.9972400665,80.2165298462,41793,41803,10
12.9967298508,80.2165603638,41803,41813,10
12.996049881,80.2166671753,41813,41823,10
12.9952898026,80.2169418335,41823,41833,10
12.994890213,80.2172012329,41833,41844,11
12.9944295883,80.2175216675,41844,41854,10
12.99421978,80.2176589966,41854,41864,10
12.994020462,80.2177963257,41864,41874,10
12.9935503006,80.2181167603,41874,41884,10
12.9929199219,80.2185821533,41884,41894,10
12.992190361,80.2191314697,41894,41904,10
12.9916496277,80.2195281982,41904,41914,10
12.9911603928,80.2198791504,41914,41924,10
12.9908304214,80.2201309204,41924,41934,10
12.9908304214,80.2201385498,41934,41944,10
12.9907302856,80.2201919556,41944,41955,11
12.9904098511,80.2204589844,41955,41965,10
12.9899501801,80.2208480835,41965,41975,10
12.9894399643,80.2214431763,41975,41985,10
12.9889202118,80.2220611572,41985,41995,10
12.9882898331,80.2226715088,41995,42005,10
12.9876899719,80.2230834961,42005,42015,10
12.9876298904,80.2230911255,42015,42025,10
12.9875297546,80.2230987549,42025,42035,10
12.987279892,80.2230834961,42035,42045,10
12.9869403839,80.2230377197,42045,42055,10
12.9866199493,80.2229614258,42055,42065,10
12.9860897064,80.2229766846,42065,42076,11
12.9855298996,80.2232589722,42076,42086,10
12.9850902557,80.2232131958,42086,42096,10
12.9844503403,80.2229309082,42096,42106,10
12.9839897156,80.22265625,42106,42116,10
12.9837303162,80.2225189209,42116,42126,10
12.9832496643,80.2221984863,42126,42146,20
12.9832496643,80.2221984863,42146,42156,10
12.9830703735,80.222076416,42156,42166,10
12.9828796387,80.2219467163,42166,42197,31
12.9828796387,80.2219467163,42197,42207,10
12.9823102951,80.2217788696,42207,42217,10
12.9819297791,80.2216110229,42217,42227,10
12.9814395905,80.2213363647,42227,42237,10
12.9807300568,80.2211990356,42237,42247,10
12.9801998138,80.2211685181,42247,42257,10
12.9794197083,80.2211990356,42257,42267,10
12.9785804749,80.2212295532,42267,42277,10
12.9779195786,80.2212295532,42277,42287,10
12.9773702621,80.2212677002,42287,42297,10
12.9767103195,80.2212600708,42297,42308,11
12.9760704041,80.2213134766,42308,42318,10
12.9758195877,80.2211914063,42318,42348,30
12.9758195877,80.2211914063,42348,42358,10
12.9755897522,80.2210769653,42358,42368,10
12.9754896164,80.2210006714,42368,42378,10
12.9752397537,80.2207565308,42378,42388,10
12.9748001099,80.2205581665,42388,42398,10
12.9742002487,80.2203292847,42398,42408,10
12.9735498428,80.2200927734,42408,42419,11
12.9726600647,80.2197418213,42419,42429,10
12.9716701508,80.2193908691,42429,42439,10
12.9710903168,80.2192230225,42439,42449,10
12.971039772,80.2192077637,42449,42459,10
12.9707298279,80.2190322876,42459,42469,10
12.9701795578,80.21875,42469,42479,10
12.9694795609,80.2184829712,42479,42489,10
12.9687595367,80.2181930542,42489,42499,10
12.9680900574,80.217918396,42499,42509,10
12.9674301147,80.217628479,42509,42519,10
12.9665899277,80.2172775269,42519,42529,10
12.9656600952,80.2169418335,42529,42540,11
12.9646596909,80.2165374756,42540,42550,10
12.9639501572,80.216217041,42550,42560,10
12.963350296,80.2159576416,42560,42570,10
12.9629201889,80.2157821655,42570,42580,10
12.9628200531,80.2157592773,42580,42590,10
12.9624004364,80.2155914307,42590,42600,10
12.9617300034,80.2153320313,42600,42610,10
12.9609699249,80.2150421143,42610,42620,10
12.9600896835,80.2146911621,42620,42630,10
12.959230423,80.21434021,42630,42640,10
12.9582901001,80.2139587402,42640,42651,11
12.9573297501,80.2135696411,42651,42661,10
12.9564304352,80.2132110596,42661,42671,10
12.9554395676,80.2128295898,42671,42681,10
12.9544095993,80.2124328613,42681,42691,10
12.9537601471,80.2121887207,42691,42701,10
12.9537200928,80.2121810913,42701,42711,10
12.9533500671,80.212020874,42711,42721,10
12.9527797699,80.2118225098,42721,42731,10
12.9520301819,80.2115325928,42731,42741,10
12.951259613,80.2112579346,42741,42751,10
12.9503803253,80.2109527588,42751,42761,10
12.9494304657,80.2105789185,42761,42772,11
12.9486598969,80.2102890015,42772,42782,10
12.948559761,80.2102584839,42782,42792,10
12.9483604431,80.2102279663,42792,42802,10
12.9480695724,80.2100830078,42802,42812,10
12.9474201202,80.2098312378,42812,42822,10
12.9465904236,80.2094802856,42822,42832,10
12.9456701279,80.2090682983,42832,42842,10
12.9447202682,80.2086029053,42842,42852,10
12.9442396164,80.2084197998,42852,42862,10
12.9440803528,80.2083511353,42862,42872,10
12.9436502457,80.2081680298,42872,42883,11
12.9429798126,80.2077407837,42883,42893,10
12.9424800873,80.2071075439,42893,42903,10
12.9418201447,80.2065429688,42903,42913,10
12.941069603,80.2060623169,42913,42923,10
12.9409303665,80.2060012817,42923,42933,10
12.9406099319,80.2058792114,42933,42943,10
12.940030098,80.2056884766,42943,42953,10
12.9393501282,80.2054824829,42953,42963,10
12.9385795593,80.2052383423,42963,42973,10
12.9378004074,80.2050018311,42973,42983,10
12.9369401932,80.204750061,42983,42993,10
12.9359397888,80.204498291,42993,43004,11
12.9350204468,80.2041015625,43004,43014,10
12.9342403412,80.2039718628,43014,43024,10
12.9337596893,80.2039413452,43024,43034,10
12.9335298538,80.2039108276,43034,43044,10
12.9330396652,80.2037734985,43044,43054,10
12.9323997498,80.2035217285,43054,43064,10
12.9316101074,80.2032623291,43064,43074,10
12.930729866,80.2029876709,43074,43084,10
12.9298496246,80.2028274536,43084,43094,10
12.9294900894,80.2027893066,43094,43103,9
12.929309845,80.2027587891,43103,43115,12
12.928850174,80.2026901245,43115,43124,9
12.9285497665,80.2023162842,43124,43135,11
12.9285001755,80.2014465332,43135,43145,10
12.9284601212,80.2004928589,43145,43155,10
12.9282798767,80.199546814,43155,43165,10
12.9279203415,80.1988220215,43165,43175,10
12.9273300171,80.198059082,43175,43185,10
12.9264297485,80.1976165771,43185,43195,10
12.9262399673,80.197593689,43195,43205,10
12.9259004593,80.1975402832,43205,43215,10
12.9254703522,80.1975784302,43215,43225,10
12.9250402451,80.197517395,43225,43236,11
12.9243497849,80.1975097656,43236,43246,10
12.9236001968,80.1974868774,43246,43256,10
12.9228000641,80.1973419189,43256,43266,10
12.9220399857,80.1972808838,43266,43276,10
12.9218997955,80.1972732544,43276,43286,10
12.9216403961,80.1971893311,43286,43296,10
12.9211597443,80.1969985962,43296,43306,10
12.9205198288,80.1967697144,43306,43316,10
12.9198198318,80.1965103149,43316,43326,10
12.9192695618,80.1962738037,43326,43336,10
12.9188203812,80.1959075928,43336,43347,11
12.9183597565,80.1954803467,43347,43357,10
12.9178695679,80.19506073,43357,43367,10
12.9173002243,80.1945419312,43367,43377,10
12.9170198441,80.1942367554,43377,43387,10
12.9170598984,80.1942901611,43387,43397,10
12.916970253,80.1941070557,43397,43407,10
12.9169502258,80.1936035156,43407,43417,10
12.9170303345,80.1930007935,43417,43427,10
12.917090416,80.1925201416,43427,43437,10
12.9166898727,80.1923828125,43437,43456,19
12.9166898727,80.1923828125,43456,43468,12
12.9166603088,80.1923294067,43468,43478,10
12.9164600372,80.1923599243,43478,43488,10
12.9158201218,80.1922836304,43488,43498,10
12.9150800705,80.1922225952,43498,43508,10
12.9143295288,80.1921463013,43508,43518,10
12.9135503769,80.1920623779,43518,43528,10
12.9127397537,80.1919403076,43528,43538,10
12.9123601913,80.19190979,43538,43548,10
12.9120101929,80.1918792725,43548,43558,10
12.9113101959,80.1917877197,43558,43568,10
12.910490036,80.1916809082,43568,43579,11
12.909819603,80.1915130615,43579,43589,10
12.9093399048,80.1911621094,43589,43599,10
12.9087400436,80.1906814575,43599,43609,10
12.9079999924,80.1901092529,43609,43619,10
12.9072303772,80.1895217896,43619,43629,10
12.9067201614,80.1891326904,43629,43639,10
12.9066400528,80.1890716553,43639,43649,10
12.9065999985,80.1890182495,43649,43659,10
12.9062595367,80.1888122559,43659,43669,10
12.9061203003,80.1887130737,43669,43679,10
12.9057502747,80.1884689331,43679,43689,10
12.9051704407,80.188079834,43689,43700,11
12.904250145,80.1874389648,43700,43710,10
12.9040002823,80.1867218018,43710,43720,10
12.9040403366,80.1857910156,43720,43730,10
12.9040298462,80.1847763062,43730,43740,10
12.9034900665,80.1844787598,43740,43750,10
12.9026603699,80.1842269897,43750,43760,10
12.9016599655,80.1839828491,43760,43770,10
12.9007396698,80.1836929321,43770,43780,10
12.8998203278,80.1832427979,43780,43790,10
12.8987903595,80.1827163696,43790,43800,10
12.8979597092,80.1822967529,43800,43811,11
12.8974103928,80.1819915771,43811,43821,10
12.8972597122,80.1819381714,43821,43831,10
12.8971595764,80.1819076538,43831,43841,10
12.8967504501,80.1817016602,43841,43851,10
12.8961000443,80.1813583374,43851,43861,10
12.8953304291,80.1809387207,43861,43871,10
12.8944997787,80.1805419922,43871,43881,10
12.8937702179,80.1801681519,43881,43891,10
12.8933095932,80.1799621582,43891,43901,10
12.8931703568,80.1797714233,43901,43911,10
12.8928804398,80.1791992188,43911,43922,11
12.8924703598,80.1784210205,43922,43932,10
12.8920402527,80.1776504517,43932,43942,10
12.8916101456,80.1768569946,43942,43952,10
12.891409874,80.1765213013,43952,43962,10
12.8913497925,80.1763687134,43962,43972,10
12.8910903931,80.1758880615,43972,43982,10
12.8907403946,80.1752090454,43982,43992,10
12.8902997971,80.1745834351,43992,44002,10
12.8899202347,80.1744003296,44002,44012,10
12.8896598816,80.1743011475,44012,44022,10
12.8894300461,80.1741790771,44022,44032,10
12.888999939,80.1739501953,44032,44043,11
12.8882598877,80.1735687256,44043,44053,10
12.8874797821,80.1731567383,44053,44063,10
12.8865404129,80.1726837158,44063,44073,10
12.8855104446,80.1721496582,44073,44083,10
12.8844804764,80.1716079712,44083,44093,10
12.8834896088,80.1711120605,44093,44103,10
12.8826398849,80.1706695557,44103,44113,10
12.8821802139,80.1707763672,44113,44123,10
12.881770134,80.1709823608,44123,44133,10
12.8814096451,80.1708831787,44133,44143,10
12.8810195923,80.1707305908,44143,44153,10
12.8803396225,80.1704483032,44153,44164,11
12.8794603348,80.1699981689,44164,44174,10
12.8772201538,80.1703720093,44174,44184,10
12.8772201538,80.1703720093,44184,44194,10
12.8761501312,80.1707382202,44194,44202,8
12.8753499985,80.1711502075,44202,44213,11
12.8743095398,80.1718673706,44213,44224,11
12.8732404709,80.1725769043,44224,44234,10
12.8722400665,80.1732406616,44234,44244,10
12.8712596893,80.173866272,44244,44254,10
12.8702802658,80.1745223999,44254,44264,10
12.8694000244,80.1751403809,44264,44275,11
12.8683595657,80.1758728027,44275,44285,10
12.8675804138,80.1759414673,44285,44295,10
12.8666000366,80.1758270264,44295,44305,10
12.8655996323,80.175743103,44305,44315,10
12.8652200699,80.1757125854,44315,44325,10
12.8652000427,80.1756973267,44325,44335,10
12.8650102615,80.1756362915,44335,44345,10
12.8646001816,80.1754226685,44345,44355,10
12.86398983,80.1750488281,44355,44365,10
12.8632602692,80.1745910645,44365,44375,10
12.8623399734,80.174079895,44375,44386,11
12.8612003326,80.173576355,44386,44396,10
12.8596000671,80.1728591919,44396,44416,20
12.8596000671,80.1728591919,44416,44426,10
12.8592796326,80.172706604,44426,44436,10
12.8586502075,80.1725387573,44436,44446,10
12.8578300476,80.1724014282,44446,44456,10
12.8574104309,80.1723327637,44456,44466,10
12.8564195633,80.1721420288,44466,44507,41
12.8564195633,80.1721420288,44507,44517,10
12.8562602997,80.1721191406,44517,44527,10
12.8559904099,80.1720428467,44527,44537,10
12.855389595,80.1718673706,44537,44547,10
12.8545598984,80.17162323,44547,44557,10
12.8535499573,80.1713409424,44557,44567,10
12.8528604507,80.1712188721,44567,44577,10
12.8520202637,80.1711120605,44577,44587,10
12.8510503769,80.1709365845,44587,44597,10
12.8499498367,80.1707687378,44597,44606,9
12.8489198685,80.1705932617,44606,44617,11
12.8476696014,80.1703720093,44617,44628,11
12.8464097977,80.1702423096,44628,44638,10
12.8452396393,80.1701812744,44638,44648,10
12.8440799713,80.1701278687,44648,44658,10
12.8429498672,80.1699829102,44658,44668,10
12.8418197632,80.1699829102,44668,44678,10
12.8407001495,80.1699676514,44678,44688,10
12.8396501541,80.1699829102,44688,44698,10
12.8388204575,80.1698074341,44698,44708,10
12.838259697,80.169670105,44708,44718,10
12.8382902145,80.1696166992,44718,44728,10
12.8380403519,80.1693191528,44728,44739,11
12.8377199173,80.1692886353,44739,44749,10
12.8373804092,80.1692199707,44749,44759,10
12.8371295929,80.1689987183,44759,44769,10
12.836930275,80.1688537598,44769,44779,10
12.8366498947,80.1687698364,44779,44789,10
12.8362798691,80.1686325073,44789,44799,10
12.8360395432,80.1684799194,44799,44809,10
12.8359003067,80.1680526733,44809,44819,10
12.8355798721,80.1677932739,44819,44829,10
12.8351297379,80.1676712036,44829,44880,51
12.8351297379,80.1676712036,44880,44890,10
12.8349304199,80.1675567627,44890,44900,10
12.8346204758,80.1673583984,44900,44910,10
12.8342399597,80.1671524048,44910,44920,10
12.8337697983,80.1669006348,44920,44930,10
12.83314991,80.1665420532,44930,44940,10
12.8324604034,80.1661911011,44940,44950,10
12.8316202164,80.1658325195,44950,44960,10
12.8309001923,80.1656265259,44960,44971,11
12.8300895691,80.1654663086,44971,44981,10
12.8296403885,80.165397644,44981,44991,10
12.8290596008,80.1653366089,44991,45001,10
12.8284597397,80.1652603149,45001,45011,10
12.8279399872,80.1652069092,45011,45021,10
12.8276796341,80.1651916504,45021,45031,10
12.8275299072,80.1651000977,45031,45061,30
12.8275299072,80.1651000977,45061,45071,10
12.8274002075,80.1650924683,45071,45082,11
12.8272695541,80.1650085449,45082,45092,10
12.8272104263,80.1649780273,45092,45102,10
12.8269901276,80.1648406982,45102,45112,10
12.8267097473,80.1646728516,45112,45122,10
12.8262901306,80.1643829346,45122,45132,10
12.8256797791,80.1640396118,45132,45142,10
12.8249197006,80.1636581421,45142,45152,10
12.824139595,80.1631698608,45152,45162,10
12.8233003616,80.162651062,45162,45172,10
12.8222503662,80.1621627808,45172,45182,10
12.8211402893,80.1617202759,45182,45192,10
12.8200397491,80.1612625122,45192,45203,11
12.818860054,80.1607589722,45203,45213,10
12.8181295395,80.1604766846,45213,45223,10
12.8178701401,80.1603927612,45223,45233,10
12.8173704147,80.1602783203,45233,45243,10
12.8166799545,80.1601333618,45243,45253,10
12.8159503937,80.1600112915,45253,45263,10
12.8153800964,80.1598434448,45263,45273,10
12.8146896362,80.1597213745,45273,45283,10
12.8138999939,80.1595993042,45283,45293,10
12.8132095337,80.1595306396,45293,45303,10
12.8127803802,80.1594314575,45303,45314,11
12.8126401901,80.1593780518,45314,45324,10
12.8126096725,80.1593704224,45324,45334,10
12.8122396469,80.1593399048,45334,45344,10
12.8116903305,80.1594390869,45344,45354,10
12.8116703033,80.1594390869,45354,45364,10
12.81153965,80.1594619751,45364,45374,10
12.8111400604,80.1595687866,45374,45384,10
12.8106403351,80.1597213745,45384,45394,10
12.8099899292,80.1595687866,45394,45424,30
12.8099899292,80.1595687866,45424,45435,11
12.8101196289,80.15965271,45435,45445,10
12.8103704453,80.1596984863,45445,45455,10
12.8107795715,80.15965271,45455,45464,9
12.8112001419,80.1595230103,45464,45475,11
12.8118801117,80.1593475342,45475,45485,10
12.8124799728,80.1593399048,45485,45505,20
12.8124799728,80.1593399048,45505,45515,10
12.812669754,80.1593780518,45515,45525,10
12.8130197525,80.1594772339,45525,45535,10
12.8135004044,80.159538269,45535,45546,11
12.8141002655,80.1595916748,45546,45556,10
12.814620018,80.1596832275,45556,45566,10
12.8152503967,80.1597976685,45566,45576,10
12.8159799576,80.1599502563,45576,45586,10
12.8167896271,80.160118103,45586,45596,10
12.8176002502,80.1603088379,45596,45606,10
12.8180704117,80.1604309082,45606,45616,10
12.8183202744,80.1605072021,45616,45626,10
12.8187799454,80.1607131958,45626,45636,10
12.8195104599,80.1610336304,45636,45646,10
12.8203296661,80.1613922119,45646,45656,10
12.8210802078,80.1616973877,45656,45667,11
12.8219203949,80.1620635986,45667,45677,10
12.8227396011,80.1623764038,45677,45687,10
12.8235902786,80.1627807617,45687,45697,10
12.8242998123,80.1632232666,45697,45707,10
12.8249397278,80.1636276245,45707,45717,10
12.8256998062,80.1640090942,45717,45727,10
12.8261995316,80.1642990112,45727,45737,10
12.8265399933,80.1645126343,45737,45747,10
12.8267202377,80.1646194458,45747,45757,10
12.8268699646,80.1647109985,45757,47028,1271
12.8268699646,80.1647109985,47028,47038,10
12.8271598816,80.1648712158,47038,47048,10
12.8274497986,80.1650924683,47048,47069,21
12.8274497986,80.1650924683,47069,47079,10
12.8276500702,80.1651077271,47079,47089,10
12.8277702332,80.1650466919,47089,47109,20
12.8277702332,80.1650466919,47109,47119,10
12.8280496597,80.1651763916,47119,47129,10
12.8284101486,80.1652297974,47129,47139,10
12.8289403915,80.1652908325,47139,47149,10
12.829580307,80.1653594971,47149,47159,10
12.8303203583,80.1654891968,47159,47169,10
12.8311595917,80.1656417847,47169,47180,11
12.832110405,80.165977478,47180,47190,10
12.832909584,80.166343689,47190,47200,10
12.8336200714,80.1667785645,47200,47210,10
12.8342895508,80.167137146,47210,47220,10
12.8349704742,80.1675491333,47220,47230,10
12.8356199265,80.1677703857,47230,47240,10
12.8358802795,80.1679916382,47240,47250,10
12.8360004425,80.1683883667,47250,47260,10
12.8362903595,80.1686172485,47260,47270,10
12.8366003036,80.1687164307,47270,47280,10
12.8369998932,80.1688308716,47280,47290,10
12.8372097015,80.1690292358,47290,47301,11
12.8375301361,80.1692581177,47301,47311,10
12.8381004333,80.1693267822,47311,47321,10
12.8382501602,80.1694412231,47321,47331,10
12.8387699127,80.1697616577,47331,47341,10
12.8396396637,80.169960022,47341,47351,10
12.840470314,80.1699066162,47351,47361,10
12.8413200378,80.169960022,47361,47371,10
12.8422698975,80.1699295044,47371,47381,10
12.8434295654,80.1699829102,47381,47391,10
12.8445100784,80.1701278687,47391,47401,10
12.8456802368,80.1701812744,47401,47412,11
12.8469400406,80.1702804565,47412,47422,10
12.8479099274,80.1706466675,47422,47432,10
12.8490495682,80.1707611084,47432,47442,10
12.8502702713,80.1708602905,47442,47452,10
12.8512096405,80.1709671021,47452,47462,10
12.8521499634,80.171081543,47462,47472,10
12.8531999588,80.1712188721,47472,47482,10
12.8542604446,80.1714630127,47482,47492,10
12.8550596237,80.1717071533,47492,47502,10
12.8558797836,80.1719589233,47502,47512,10
12.8563404083,80.1720809937,47512,47522,10
12.8563995361,80.1720962524,47522,47533,11
12.8564395905,80.1720962524,47533,47543,10
12.8567695618,80.1721878052,47543,47553,10
12.8570804596,80.1722488403,47553,47563,10
12.8574895859,80.1723098755,47563,47573,10
12.8576898575,80.1723403931,47573,47583,10
12.8578901291,80.1723937988,47583,47593,10
12.8583602905,80.1724700928,47593,47603,10
12.8590297699,80.1725997925,47603,47613,10
12.8597602844,80.1729202271,47613,47623,10
12.8605604172,80.1732635498,47623,47633,10
12.8613500595,80.1736297607,47633,47644,11
12.8623104095,80.174041748,47644,47654,10
12.8632001877,80.1745071411,47654,47664,10
12.8640203476,80.1750335693,47664,47674,10
12.8647403717,80.175453186,47674,47684,10
12.8653202057,80.1756820679,47684,47694,10
12.8654003143,80.1756820679,47694,47704,10
12.8658103943,80.1757202148,47704,47714,10
12.8663396835,80.1757583618,47714,47724,10
12.8665399551,80.1757965088,47724,47734,10
12.8670301437,80.1758270264,47734,47744,10
12.8676595688,80.1759033203,47744,47754,10
12.8683300018,80.1758270264,47754,47765,11
12.8690500259,80.1753387451,47765,47775,10
12.8698701859,80.1747817993,47775,47785,10
12.8708095551,80.1741409302,47785,47795,10
12.8727397919,80.1728515625,47795,47805,10
12.8727397919,80.1728515625,47805,47815,10
12.8737096786,80.1722106934,47815,47824,9
12.8745803833,80.1716384888,47824,47873,49
12.876999855,80.1704101563,47873,47884,11
12.877869606,80.1701202393,47884,47894,10
12.8788700104,80.1699295044,47894,47904,10
12.8798398972,80.1701126099,47904,47914,10
12.8800497055,80.1702270508,47914,47924,10
12.8803901672,80.1704177856,47924,47934,10
12.8810901642,80.1707000732,47934,47944,10
12.8819103241,80.1709823608,47944,47954,10
12.8819103241,80.1709823608,47954,47964,10
12.8823699951,80.1706390381,47964,47973,9
12.8829402924,80.170791626,47973,47993,20
12.8845596313,80.1716384888,47993,48003,10
12.8855495453,80.17212677,48003,48013,10
12.8863897324,80.1725692749,48013,48023,10
12.8872900009,80.1730422974,48023,48033,10
12.8881998062,80.173500061,48033,48043,10
12.8891201019,80.1739807129,48043,48053,10
12.8896398544,80.1742401123,48053,48063,10
12.8898696899,80.174331665,48063,48073,10
12.890250206,80.1744918823,48073,48083,10
12.8906297684,80.1749267578,48083,48093,10
12.8909797668,80.1755981445,48093,48103,10
12.8913602829,80.1762924194,48103,48114,11
12.8915700912,80.1766662598,48114,48124,10
12.8915996552,80.1767425537,48124,48134,10
12.8917999268,80.1771087646,48134,48144,10
12.8921298981,80.1777267456,48144,48154,10
12.8925504684,80.1784973145,48154,48164,10
12.8929901123,80.1792907715,48164,48174,10
12.8935003281,80.1800308228,48174,48184,10
12.8938703537,80.1802062988,48184,48194,10
12.894080162,80.1802978516,48194,48204,10
12.8945798874,80.180557251,48204,48214,10
12.8952598572,80.1809005737,48214,48225,11
12.896109581,80.1813430786,48225,48235,10
12.8969402313,80.1817398071,48235,48245,10
12.8975496292,80.1820373535,48245,48255,10
12.897600174,80.1820602417,48255,48265,10
12.8978996277,80.182220459,48265,48275,10
12.8984699249,80.182510376,48275,48285,10
12.8992004395,80.1828765869,48285,48295,10
12.9000101089,80.1832885742,48295,48305,10
12.9008197784,80.1836929321,48305,48315,10
12.9017896652,80.1839904785,48315,48323,8
12.9026098251,80.1842193604,48323,48335,12
12.9038496017,80.1845703125,48335,48346,11
12.9041204453,80.1852493286,48346,48356,10
12.9040899277,80.1861877441,48356,48366,10
12.9040603638,80.1872024536,48366,48376,10
12.9046802521,80.1877822876,48376,48386,10
12.9055595398,80.1883392334,48386,48396,10
12.9063901901,80.1888504028,48396,48406,10
12.9065599442,80.1889724731,48406,48416,10
12.9066095352,80.1890182495,48416,48426,10
12.9069595337,80.1892929077,48426,48436,10
12.9075298309,80.1896972656,48436,48446,10
12.9082202911,80.1902236938,48446,48457,11
12.9090795517,80.1908798218,48457,48467,10
12.9098596573,80.1914825439,48467,48477,10
12.9107503891,80.1916885376,48477,48487,10
12.9116201401,80.1917877197,48487,48497,10
12.9124202728,80.1918792725,48497,48507,10
12.9132299423,80.1919708252,48507,48517,10
12.9140701294,80.1920776367,48517,48527,10
12.9148397446,80.1921615601,48527,48537,10
12.9154901505,80.192199707,48537,48547,10
12.916009903,80.1922302246,48547,48557,10
12.9165401459,80.1922607422,48557,48568,11
12.9170703888,80.1922302246,48568,48578,10
12.917140007,80.1919937134,48578,48588,10
12.9171495438,80.1919784546,48588,48598,10
12.9171895981,80.1918563843,48598,48608,10
12.9172401428,80.1914978027,48608,48618,10
12.9173202515,80.1909713745,48618,48628,10
12.9173402786,80.1903305054,48628,48658,30
12.9173402786,80.1903305054,48658,48668,10
12.9174604416,80.1905136108,48668,48678,10
12.9174404144,80.1908035278,48678,48749,71
12.9174404144,80.1908035278,48749,48759,10
12.9174203873,80.1909484863,48759,48769,10
12.9173402786,80.1913528442,48769,48779,10
12.9172201157,80.1920623779,48779,48789,10
12.9171199799,80.1928482056,48789,48800,11
12.9171104431,80.1930007935,48800,48810,10
12.9170598984,80.1933288574,48810,48820,10
12.9170999527,80.1937408447,48820,48830,10
12.917309761,80.1943588257,48830,48840,10
12.917889595,80.1949386597,48840,48850,10
12.9185695648,80.1955795288,48850,48860,10
12.9193601608,80.1962280273,48860,48870,10
12.9201602936,80.1966018677,48870,48880,10
12.9209604263,80.1968536377,48880,48890,10
12.9217596054,80.1971511841,48890,48900,10
12.922539711,80.1972885132,48900,48911,11
12.9232196808,80.1973876953,48911,48921,10
12.9232797623,80.1973876953,48921,48931,10
12.9236698151,80.1974487305,48931,48941,10
12.9243898392,80.197479248,48941,48950,9
12.9251298904,80.1974563599,48950,48961,11
12.9254598618,80.1974716187,48961,48971,10
12.9259796143,80.1974563599,48971,48981,10
12.9264297485,80.1975326538,48981,48991,10
12.9265098572,80.1975631714,48991,49001,10
12.9268598557,80.1977081299,49001,49011,10
12.9273996353,80.1980514526,49011,49021,10
12.9278898239,80.1986465454,49021,49032,11
12.928319931,80.1995697021,49032,49042,10
12.9284801483,80.2004013062,49042,49052,10
12.9285097122,80.2011795044,49052,49062,10
12.9285402298,80.2019805908,49062,49072,10
12.928730011,80.2025985718,49072,49082,10
12.9292898178,80.2026901245,49082,49092,10
12.929400444,80.2026977539,49092,49102,10
12.9296302795,80.2027282715,49102,49112,10
12.9301395416,80.202796936,49112,49122,10
12.9307603836,80.2029266357,49122,49131,9
12.9310398102,80.2030105591,49131,49142,11
12.93171978,80.2032318115,49142,49153,11
12.9326095581,80.2035293579,49153,49163,10
12.9333000183,80.2037811279,49163,49173,10
12.9338903427,80.2038574219,49173,49183,10
12.9339103699,80.2038574219,49183,49193,10
12.9339895248,80.2038574219,49193,49203,10
12.9343299866,80.2039031982,49203,49213,10
12.9348402023,80.2039794922,49213,49223,10
12.935259819,80.2041168213,49223,49233,10
12.9359397888,80.2044067383,49233,49243,10
12.9367704391,80.2046508789,49243,49253,10
12.9376497269,80.2049026489,49253,49264,11
12.9385700226,80.2051620483,49264,49274,10
12.9393901825,80.2054214478,49274,49284,10
12.9398002625,80.2055435181,49284,49294,10
12.9400100708,80.2055892944,49294,49304,10
12.9402503967,80.2056732178,49304,49314,10
12.9408397675,80.205871582,49314,49324,10
12.9415302277,80.2062301636,49324,49334,10
12.9422798157,80.206817627,49334,49344,10
12.9427204132,80.2072601318,49344,49354,10
12.9430999756,80.2077636719,49354,49364,10
12.9435396194,80.2080688477,49364,49375,11
12.9440603256,80.2082519531,49375,49385,10
12.9442901611,80.2083435059,49385,49395,10
12.9444198608,80.2083969116,49395,49405,10
12.9449100494,80.2085800171,49405,49415,10
12.9456300735,80.2088088989,49415,49425,10
12.946390152,80.2090530396,49425,49435,10
12.9470396042,80.2092971802,49435,49445,10
12.9474897385,80.2094192505,49445,49455,10
12.947930336,80.2095413208,49455,49465,10
12.9483299255,80.2096862793,49465,49475,10
12.9485702515,80.2097473145,49475,49485,10
12.9490203857,80.2099075317,49485,49496,11
12.9493703842,80.2100219727,49496,49506,10
12.9499998093,80.210319519,49506,49516,10
12.9506998062,80.210647583,49516,49526,10
12.9512701035,80.2109298706,49526,49536,10
12.9519701004,80.2112808228,49536,49546,10
12.9528102875,80.2116622925,49546,49556,10
12.9535903931,80.2119598389,49556,49566,10
12.9538402557,80.212059021,49566,49576,10
12.9541397095,80.2121963501,49576,49586,10
12.9547395706,80.2124404907,49586,49595,9
12.9554300308,80.2127304077,49595,49607,12
12.9564800262,80.2131271362,49607,49617,10
12.9575004578,80.2135467529,49617,49627,10
12.9585695267,80.2139892578,49627,49637,10
12.9595403671,80.2143783569,49637,49647,10
12.9604501724,80.2147598267,49647,49657,10
12.9611902237,80.215057373,49657,49667,10
12.9621200562,80.215423584,49667,49677,10
12.9630899429,80.2158126831,49677,49686,9
12.963760376,80.2160568237,49686,49697,11
12.9641895294,80.2162094116,49697,49707,10
12.9643697739,80.216293335,49707,49717,10
12.9648504257,80.2164993286,49717,49728,11
12.9656000137,80.216796875,49728,49738,10
12.9662704468,80.2170562744,49738,49748,10
12.9669399261,80.217338562,49748,49758,10
12.9676103592,80.2176132202,49758,49768,10
12.9681901932,80.2178573608,49768,49778,10
12.9689903259,80.218170166,49778,49788,10
12.970000267,80.2185668945,49788,49798,10
12.970870018,80.2188796997,49798,49808,10
12.9712095261,80.2189712524,49808,49818,10
12.9713401794,80.2190170288,49818,49828,10
12.9717903137,80.2192230225,49828,49839,11
12.9725599289,80.219543457,49839,49849,10
12.9733695984,80.219871521,49849,49859,10
12.9741697311,80.2202301025,49859,49869,10
12.9746398926,80.2205581665,49869,49889,20
12.9746398926,80.2205581665,49889,49899,10
12.9749002457,80.2206878662,49899,49909,10
12.9752902985,80.2208023071,49909,49919,10
12.9756603241,80.2210464478,49919,49929,10
12.9761199951,80.221282959,49929,49950,21
12.9761199951,80.221282959,49950,49960,10
12.9764204025,80.2212371826,49960,49970,10
12.9768600464,80.221282959,49970,49980,10
12.9774103165,80.2212295532,49980,49990,10
12.9776697159,80.2212219238,49990,50000,10
12.9778003693,80.2212295532,50000,50010,10
12.9781703949,80.2212295532,50010,50020,10
12.9787998199,80.2211608887,50020,50030,10
12.9794502258,80.2211074829,50030,50040,10
12.9801902771,80.2210617065,50040,50050,10
12.980890274,80.2210388184,50050,50059,9
12.9813699722,80.2211914063,50059,50071,12
12.9819402695,80.2215576172,50071,50081,10
12.9824104309,80.221786499,50081,50091,10
12.9829101563,80.2219467163,50091,50101,10
12.9829597473,80.2219619751,50101,50111,10
12.9830598831,80.2219772339,50111,50121,10
12.9833803177,80.2221908569,50121,50131,10
12.9837799072,80.2224502563,50131,50141,10
12.9841899872,80.2227020264,50141,50151,10
12.9845695496,80.2229385376,50151,50161,10
12.9851198196,80.2232131958,50161,50171,10
12.9854402542,80.2231826782,50171,50182,11
12.98595047,80.2229537964,50182,50192,10
12.9865198135,80.2229614258,50192,50202,10
12.9865503311,80.2229537964,50202,50212,10
12.9868602753,80.2229919434,50212,50222,10
12.9872903824,80.2230529785,50222,50232,10
12.9879198074,80.2229232788,50232,50242,10
12.9886198044,80.222328186,50242,50252,10
12.9893102646,80.2215576172,50252,50262,10
12.9899396896,80.2207870483,50262,50272,10
12.9904298782,80.2203598022,50272,50291,19
12.9904298782,80.2203598022,50291,50303,12
12.9907999039,80.2200927734,50303,50313,10
12.9912900925,80.2197265625,50313,50323,10
12.9916601181,80.2194519043,50323,50333,10
12.9922599792,80.2190170288,50333,50343,10
12.9929895401,80.21849823,50343,50353,10
12.9937295914,80.2179412842,50353,50363,10
12.994310379,80.2175216675,50363,50373,10
12.994600296,80.2173233032,50373,50383,10
12.9947900772,80.2171783447,50383,50393,10
12.9948997498,80.2171020508,50393,50403,10
12.995300293,80.2168502808,50403,50414,11
12.9960298538,80.2166366577,50414,50424,10
12.9966897964,80.2165374756,50424,50434,10
12.9972400665,80.2164916992,50434,50444,10
12.9975595474,80.2164916992,50444,50454,10
12.9976301193,80.2164916992,50454,50464,10
12.998000145,80.2165603638,50464,50474,10
12.99862957,80.216758728,50474,50484,10
12.9993600845,80.2171401978,50484,50494,10
13.0001602173,80.2176208496,50494,50504,10
13.0009498596,80.2181396484,50504,50514,10
13.0017204285,80.2186965942,50514,50525,11
13.0024404526,80.2194519043,50525,50535,10
13.0033597946,80.2199325562,50535,50545,10
13.0042200089,80.220123291,50545,50555,10
13.0046396255,80.220199585,50555,50565,10
13.00481987,80.2202301025,50565,50575,10
13.005279541,80.2203292847,50575,50585,10
13.0059499741,80.2204666138,50585,50595,10
13.0067195892,80.220703125,50595,50605,10
13.0075798035,80.2211074829,50605,50615,10
13.0085802078,80.2216567993,50615,50625,10
13.0095396042,80.2221984863,50625,50635,10
13.0105600357,80.2227325439,50635,50646,11
13.011179924,80.2230529785,50646,50656,10
13.0112600327,80.2230987549,50656,50666,10
13.0113897324,80.2230911255,50666,50676,10
13.0114898682,80.2229614258,50676,50686,10
13.0116596222,80.2225265503,50686,50696,10
13.0118303299,80.2218399048,50696,50706,10
13.012260437,80.2215194702,50706,50716,10
13.012550354,80.2218170166,50716,50726,10
13.0129098892,80.2222366333,50726,50736,10
13.0134096146,80.2227783203,50736,50746,10
13.013879776,80.2233123779,50746,50757,11
13.0142498016,80.2238235474,50757,50767,10
13.0147399902,80.2242889404,50767,50777,10
13.0150604248,80.2246322632,50777,50787,10
13.0151996613,80.2247924805,50787,50797,10
13.0153102875,80.2248764038,50797,50807,10
13.0156497955,80.2251663208,50807,50817,10
13.0163402557,80.2253112793,50817,50827,10
13.0170698166,80.2250976563,50827,50837,10
13.0178899765,80.2247619629,50837,50847,10
13.0187501907,80.2244110107,50847,50857,10
13.0194597244,80.2243804932,50857,50867,10
13.0194997787,80.2244033813,50867,50878,11
13.0196504593,80.2244873047,50878,50888,10
13.0199298859,80.2246932983,50888,50898,10
13.02023983,80.2249221802,50898,50908,10
13.0205898285,80.2251663208,50908,50918,10
13.021109581,80.2255630493,50918,50928,10
13.0216598511,80.2259597778,50928,50938,10
13.0220003128,80.2261962891,50938,50948,10
13.0220098495,80.2261962891,50948,50958,10
13.0220499039,80.2262573242,50958,50968,10
13.0223398209,80.2265167236,50968,50978,10
13.0228595734,80.2269897461,50978,50989,11
13.0235004425,80.2275466919,50989,50999,10
13.0240497589,80.2280578613,50999,51009,10
13.0243501663,80.2284088135,51009,51019,10
13.0246696472,80.2288970947,51019,51029,10
13.0249996185,80.2293624878,51029,51039,10
13.0254497528,80.2299499512,51039,51049,10
13.0258102417,80.2305297852,51049,51069,20
13.0258102417,80.2305297852,51069,51079,10
13.0258598328,80.2306671143,51079,51089,10
13.025970459,80.2309875488,51089,51100,11
13.0260000229,80.2312011719,51100,51110,10
13.0262002945,80.231300354,51110,51120,10
13.0267696381,80.2311630249,51120,51130,10
13.0275497437,80.2309875488,51130,51140,10
13.0283498764,80.2308883667,51140,51150,10
13.0284900665,80.2308807373,51150,51160,10
13.0287504196,80.2308578491,51160,51170,10
13.0293397903,80.2308273315,51170,51179,9
13.0297899246,80.2307815552,51179,51190,11
13.0305500031,80.23072052,51190,51200,10
13.031080246,80.230682373,51200,51210,10
13.0316200256,80.2306594849,51210,51221,11
13.032409668,80.2305984497,51221,51231,10
13.0331001282,80.2305374146,51231,51241,10
13.0335998535,80.2305374146,51241,51261,20
13.0335998535,80.2305374146,51261,51271,10
13.0336999893,80.2305679321,51271,51281,10
13.0339202881,80.2305374146,51281,51291,10
13.0343198776,80.23046875,51291,51301,10
13.0347995758,80.2303085327,51301,51332,31
13.0347995758,80.2303085327,51332,51342,10
13.0349597931,80.2300796509,51342,51352,10
13.034819603,80.2299423218,51352,51362,10
13.0345096588,80.2299118042,51362,52270,908
13.0345096588,80.2299118042,52270,52280,10
13.0341701508,80.2300262451,52280,52290,10
13.0341796875,80.2300415039,52290,52300,10
13.0341901779,80.230140686,52300,52310,10
13.0342197418,80.2303237915,52310,52320,10
13.0342197418,80.2304000854,52320,52330,10
13.0340995789,80.2304611206,52330,52340,10
13.0337295532,80.2305526733,52340,52350,10
13.0332603455,80.2305526733,52350,52360,10
13.0326499939,80.2305603027,52360,52370,10
13.0319900513,80.2306289673,52370,52381,11
13.0312595367,80.2307434082,52381,52391,10
13.0305500031,80.2307281494,52391,52401,10
13.0300197601,80.230796814,52401,52411,10
13.0296897888,80.2308578491,52411,52421,10
13.0292596817,80.2308883667,52421,52431,10
13.0285797119,80.2309112549,52431,52441,10
13.027879715,80.2309799194,52441,52451,10
13.0276699066,80.2311782837,52451,52461,10
13.0277299881,80.2316970825,52461,52471,10
13.0277795792,80.2322616577,52471,52481,10
13.0278396606,80.2327880859,52481,52492,11
13.0273303986,80.2331924438,52492,52502,10
13.0268201828,80.2331008911,52502,52522,20
13.0267400742,80.2330703735,52522,52542,20
13.0267400742,80.2330703735,52542,52552,10
13.0265398026,80.2329711914,52552,52562,10
13.0263900757,80.2327270508,52562,52572,10
13.0262098312,80.2322235107,52572,52582,10
13.0261297226,80.2317810059,52582,52592,10
13.0261201859,80.2317199707,52592,52602,10
13.0260896683,80.2314987183,52602,52613,11
13.0259304047,80.2309188843,52613,52623,10
13.025560379,80.2301635742,52623,52633,10
13.0249500275,80.229347229,52633,52643,10
13.0243196487,80.2285690308,52643,52653,10
13.0238199234,80.2279586792,52653,52663,10
13.0236301422,80.2277908325,52663,52673,10
13.0230703354,80.2275085449,52673,52693,20
13.0229797363,80.2274627686,52693,52724,31
13.0229797363,80.2274627686,52724,52734,10
13.0228595734,80.2273864746,52734,52744,10
13.0225801468,80.2270202637,52744,52754,10
13.022480011,80.2266082764,52754,52764,10
13.0220603943,80.2263717651,52764,52774,10
13.0215101242,80.2258605957,52774,52784,10
13.0210504532,80.2253799438,52784,52794,10
13.0205202103,80.2252197266,52794,52804,10
13.020070076,80.2249069214,52804,52814,10
13.0194597244,80.2245483398,52814,52824,10
13.0186300278,80.2245483398,52824,52834,10
13.0177698135,80.224899292,52834,52845,11
13.0169095993,80.2252731323,52845,52855,10
13.0163097382,80.2254562378,52855,52865,10
13.0157699585,80.2255630493,52865,52875,10
13.014960289,80.2259597778,52875,52885,10
13.0143098831,80.2262573242,52885,52895,10
13.0142202377,80.2263412476,52895,52905,10
13.0140199661,80.2264022827,52905,52915,10
13.0135498047,80.2265625,52915,52925,10
13.0128602982,80.2268371582,52925,52935,10
13.0120401382,80.2271118164,52935,52945,10
13.0111303329,80.2274780273,52945,52956,11
13.0100297928,80.2279205322,52956,52966,10
13.0094995499,80.2276000977,52966,52976,10
13.0097999573,80.2269973755,52976,52986,10
13.010140419,80.2262573242,52986,52996,10
13.0104398727,80.2255172729,52996,53006,10
13.0107402802,80.2247009277,53006,53016,10
13.0106897354,80.2240219116,53016,53026,10
13.0109596252,80.2238311768,53026,53036,10
13.0111303329,80.2233581543,53036,53046,10
13.0110197067,80.2229690552,53046,53056,10
13.0103502274,80.2227630615,53056,53077,21
13.0103502274,80.2227630615,53077,53087,10
13.0097303391,80.2222900391,53087,53097,10
13.0090904236,80.2219924927,53097,53107,10
13.0083599091,80.2216186523,53107,53117,10
13.0077495575,80.2211303711,53117,53127,10
13.0070400238,80.2208862305,53127,53137,10
13.0057601929,80.2205276489,53137,53147,10
13.0047903061,80.2203979492,53147,53157,10
13.0044603348,80.2202224731,53157,53167,10
13.0042600632,80.2201919556,53167,53177,10
13.0037603378,80.2200775146,53177,53188,11
13.002989769,80.2199401855,53188,53198,10
13.0022296906,80.2193222046,53198,53208,10
13.0014295578,80.218421936,53208,53218,10
13.0006799698,80.2178497314,53218,53228,10
13.0000295639,80.2174987793,53228,53238,10
12.9991397858,80.2170562744,53238,53248,10
12.9980602264,80.2165908813,53248,53258,10
12.9974298477,80.216506958,53258,53268,10
12.9973897934,80.2164993286,53268,53278,10
12.9972696304,80.2163619995,53278,53288,10
12.9968204498,80.216468811,53288,53299,11
12.9961700439,80.2166671753,53299,53309,10
12.9952802658,80.2169570923,53309,53319,10
12.9944696426,80.2174072266,53319,53329,10
12.9938097,80.217880249,53329,53339,10
12.9933595657,80.2183227539,53339,53349,10
12.9927997589,80.2188415527,53349,53359,10
12.9920396805,80.2193984985,53359,53369,10
12.9914503098,80.2198028564,53369,53379,10
12.9909801483,80.2200469971,53379,53389,10
12.99077034,80.2202987671,53389,53399,10
12.9905395508,80.2202835083,53399,53409,10
12.9900903702,80.2206497192,53409,53420,11
12.9895095825,80.2212600708,53420,53430,10
12.9893102646,80.2213516235,53430,53440,10
12.9889001846,80.2218475342,53440,53450,10
12.9885101318,80.2224731445,53450,53460,10
12.9876699448,80.2231292725,53460,53480,20
12.9876699448,80.2231292725,53480,53490,10
12.9873199463,80.2231216431,53490,53500,10
12.9868402481,80.2230834961,53500,53510,10
12.9860601425,80.2230072021,53510,53520,10
12.9854803085,80.2232437134,53520,53531,11
12.9849700928,80.2232971191,53531,53541,10
12.9843502045,80.2229614258,53541,53551,10
12.9838695526,80.2227096558,53551,53561,10
12.9834098816,80.2224731445,53561,53581,20
12.9834098816,80.2224731445,53581,53591,10
12.98320961,80.2221069336,53591,53601,10
12.9827804565,80.2219467163,53601,53611,10
12.9822797775,80.2218093872,53611,53621,10
12.9816904068,80.2214279175,53621,53630,9
12.9811296463,80.2211532593,53630,53641,11
12.9803695679,80.2211608887,53641,53652,11
12.9795103073,80.2211685181,53652,53662,10
12.9789896011,80.2212371826,53662,53672,10
12.9781799316,80.2212295532,53672,53682,10
12.977399826,80.221321106,53682,53692,10
12.9767503738,80.2213516235,53692,53702,10
12.9763898849,80.2213516235,53702,53712,10
12.9761199951,80.2213973999,53712,53722,10
12.9756603241,80.221031189,53722,53763,41
12.9756603241,80.221031189,53763,53773,10
12.9755601883,80.2208404541,53773,53783,10
12.9753599167,80.2207183838,53783,53793,10
12.9749803543,80.2205734253,53793,53803,10
12.9744195938,80.2203369141,53803,53813,10
12.9739103317,80.2201385498,53813,53823,10
12.9734401703,80.2199630737,53823,53833,10
12.9727401733,80.2196884155,53833,53843,10
12.9719295502,80.2193908691,53843,53853,10
12.9711904526,80.2191925049,53853,53863,10
12.9710197449,80.2191314697,53863,53873,10
12.9708900452,80.2190704346,53873,53884,11
12.9704198837,80.218788147,53884,53894,10
12.9698200226,80.2185592651,53894,53904,10
12.9691696167,80.2183074951,53904,53914,10
12.968580246,80.2180786133,53914,53924,10
12.9680099487,80.2178726196,53924,53934,10
12.9674100876,80.2176437378,53934,53944,10
12.9666004181,80.2173309326,53944,53954,10
12.9657201767,80.2169799805,53954,53964,10
12.9647798538,80.2166137695,53964,53974,10
12.9639501572,80.2162475586,53974,53983,9
12.9628896713,80.2157974243,53983,54005,22
12.9628896713,80.2157974243,54005,54015,10
12.9627399445,80.2157287598,54015,54025,10
12.9626703262,80.2156982422,54025,54035,10
12.9625597,80.2156524658,54035,54045,10
12.9621601105,80.2154922485,54045,54055,10
12.9615497589,80.2152481079,54055,54065,10
12.9608097076,80.2149581909,54065,54075,10
12.9600095749,80.214630127,54075,54085,10
12.9591598511,80.2142868042,54085,54095,10
12.9581899643,80.2138977051,54095,54105,10
12.9572401047,80.213508606,54105,54116,11
12.9561595917,80.2130889893,54116,54126,10
12.9551296234,80.2126922607,54126,54136,10
12.9540996552,80.2123031616,54136,54146,10
12.953789711,80.2121963501,54146,54156,10
12.9537801743,80.2121734619,54156,54166,10
12.9534797668,80.2120513916,54166,54176,10
12.9529304504,80.2118530273,54176,54185,9
12.9522800446,80.2116012573,54185,54196,11
12.9513902664,80.2112884521,54196,54206,10
12.9504404068,80.2109375,54206,54216,10
12.9494104385,80.2105484009,54216,54227,11
12.9486703873,80.2102813721,54227,54237,10
12.9485797882,80.2101287842,54237,54247,10
12.948390007,80.2100830078,54247,54257,10
12.9480400085,80.2099761963,54257,54267,10
12.9473495483,80.2097091675,54267,54277,10
12.9464797974,80.2093582153,54277,54287,10
12.9456996918,80.2090377808,54287,54297,10
12.9449195862,80.2086715698,54297,54307,10
12.9442300797,80.2084274292,54307,54317,10
12.9441299438,80.2084274292,54317,54327,10
12.9440603256,80.2083511353,54327,54337,10
12.9436702728,80.2081375122,54337,54348,11
12.9430503845,80.2077789307,54348,54358,10
12.9426898956,80.207321167,54358,54368,10
12.942609787,80.2071990967,54368,54378,10
12.9422798157,80.2068786621,54378,54388,10
12.9417495728,80.2064285278,54388,54398,10
12.9411401749,80.2060623169,54398,54408,10
12.9410800934,80.2060317993,54408,54418,10
12.9408197403,80.2059020996,54418,54428,10
12.9403400421,80.2057418823,54428,54438,10
12.9399795532,80.2056427002,54438,54447,9
12.9399404526,80.2056427002,54447,54459,12
12.9395399094,80.2055435181,54459,54469,10
12.9390096664,80.2053375244,54469,54479,10
12.9383201599,80.205116272,54479,54489,10
12.9375896454,80.2049102783,54489,54499,10
12.9368000031,80.2046813965,54499,54509,10
12.9359703064,80.2044372559,54509,54519,10
12.9354496002,80.2042617798,54519,54529,10
12.9348297119,80.2039794922,54529,54539,10
12.9336500168,80.2039031982,54539,54559,20
12.9336500168,80.2039031982,54559,54569,10
12.9336395264,80.2039108276,54569,54580,11
12.9332704544,80.2038421631,54580,54590,10
12.9327602386,80.2036132813,54590,54600,10
12.9320602417,80.2033691406,54600,54610,10
12.9313201904,80.2031097412,54610,54620,10
12.9308595657,80.2029724121,54620,54629,9
12.930680275,80.2029190063,54629,54640,11
12.9301395416,80.2028274536,54640,54650,10
12.9293899536,80.2027816772,54650,54670,20
12.9293899536,80.2027816772,54670,54679,9
12.9291696548,80.2027664185,54679,54691,12
12.9285898209,80.202583313,54691,54701,10
12.9284801483,80.2019500732,54701,54711,10
12.9284496307,80.2012634277,54711,54721,10
12.9284200668,80.2004013062,54721,54731,10
12.9282102585,80.1994171143,54731,54741,10
12.927740097,80.1985015869,54741,54751,10
12.9270801544,80.197883606,54751,54761,10
12.9262599945,80.1975784302,54761,54781,20
12.9262599945,80.1975784302,54781,54791,10
12.9261903763,80.1975479126,54791,54802,11
12.9258003235,80.1975021362,54802,54812,10
12.9253797531,80.1975326538,54812,54822,10
12.9249296188,80.1975021362,54822,54832,10
12.9242401123,80.1974868774,54832,54842,10
12.9234399796,80.1974563599,54842,54852,10
12.9226303101,80.1973495483,54852,54862,10
12.9219102859,80.197227478,54862,54882,20
12.9219102859,80.197227478,54882,54892,10
12.9217100143,80.1971664429,54892,54902,10
12.9212703705,80.1970062256,54902,54912,10
12.9211397171,80.1969604492,54912,54923,11
12.921090126,80.196937561,54923,54933,10
12.9207601547,80.1968078613,54933,54943,10
12.9202098846,80.1966171265,54943,54953,10
12.9195604324,80.1963806152,54953,54963,10
12.918970108,80.1959762573,54963,54973,10
12.918680191,80.1957168579,54973,54983,10
12.9182796478,80.1953582764,54983,54993,10
12.9177398682,80.1948623657,54993,55003,10
12.9171895981,80.1943130493,55003,55013,10
12.9171199799,80.1942214966,55013,55023,10
12.9170503616,80.1940765381,55023,55034,11
12.9169902802,80.1936187744,55034,55044,10
12.9170303345,80.1929473877,55044,55054,10
12.9170303345,80.1923522949,55054,55064,10
12.9166603088,80.1923294067,55064,55114,50
12.9166603088,80.1923294067,55114,55124,10
12.9165000916,80.1923294067,55124,55134,10
12.916009903,80.1923065186,55134,55144,10
12.9152898788,80.192237854,55144,55155,11
12.9143800735,80.1921463013,55155,55165,10
12.9134397507,80.1920166016,55165,55175,10
12.9125204086,80.1919021606,55175,55185,10
12.9115495682,80.1918029785,55185,55195,10
12.9106302261,80.1916885376,55195,55205,10
12.9097003937,80.1914672852,55205,55326,121
12.9097003937,80.1914672852,55326,55336,10
12.9096603394,80.1913833618,55336,55346,10
12.9093999863,80.1911621094,55346,55356,10
12.9089002609,80.1907730103,55356,55366,10
12.9082403183,80.1902923584,55366,55375,9
12.9075603485,80.1897735596,55375,55387,12
12.9066801071,80.1890792847,55387,55397,10
12.906129837,80.1887207031,55397,55407,10
12.9060497284,80.1887130737,55407,55417,10
12.9060697556,80.1886520386,55417,55427,10
12.9060096741,80.1887130737,55427,55437,10
12.9056196213,80.1884307861,55437,55447,10
12.9050703049,80.188041687,55447,55457,10
12.9040899277,80.1872024536,55457,55467,10
12.9038496017,80.1865768433,55467,55477,10
12.9038801193,80.1859512329,55477,55487,10
12.9040298462,80.1849899292,55487,55498,11
12.9036102295,80.1844329834,55498,55508,10
12.9028701782,80.1842498779,55508,55518,10
12.9020996094,80.1840133667,55518,55528,10
12.901309967,80.1837921143,55528,55538,10
12.9007501602,80.1834716797,55538,55548,10
12.9000196457,80.1832275391,55548,55558,10
12.8991098404,80.1828994751,55558,55568,10
12.8982496262,80.1824569702,55568,55578,10
12.8973703384,80.1820220947,55578,55608,30
12.8973703384,80.1820220947,55608,55619,11
12.8970603943,80.1818618774,55619,55629,10
12.8965797424,80.1816101074,55629,55639,10
12.8959197998,80.1812820435,55639,55649,10
12.8951797485,80.1808929443,55649,55659,10
12.894370079,80.1804885864,55659,55669,10
12.8933401108,80.1799468994,55669,55689,20
12.8933401108,80.1799468994,55689,55699,10
12.8932800293,80.1798782349,55699,55709,10
12.8930501938,80.1794815063,55709,55718,9
12.8927402496,80.1789016724,55718,55730,12
12.8922195435,80.1779403687,55730,55740,10
12.8914699554,80.1766433716,55740,55770,30
12.8914699554,80.1766433716,55770,55780,10
12.891289711,80.176361084,55780,55790,10
12.890999794,80.1757507324,55790,55800,10
12.8906202316,80.1750106812,55800,55810,10
12.8900995255,80.1744537354,55810,55820,10
12.8897895813,80.1743621826,55820,55830,10
12.8895301819,80.1742095947,55830,55839,9
12.8893404007,80.174118042,55839,55851,12
12.8886804581,80.173789978,55851,55861,10
12.8879299164,80.1734237671,55861,55871,10
12.887049675,80.1729202271,55871,55881,10
12.8860502243,80.1724472046,55881,55891,10
12.8850402832,80.1719436646,55891,55901,10
12.8840303421,80.1713562012,55901,55911,10
12.8832397461,80.1709823608,55911,55921,10
12.8825101852,80.1706008911,55921,55931,10
12.8822498322,80.1707077026,55931,55941,10
12.8821697235,80.1709136963,55941,55951,10
12.8817195892,80.1710205078,55951,55962,11
12.8813295364,80.1706695557,55962,55972,10
12.8808698654,80.1706314087,55972,55982,10
12.8801202774,80.1703033447,55982,55992,10
12.8800601959,80.1702423096,55992,56002,10
12.8799800873,80.1702270508,56002,56012,10
12.8795900345,80.1700668335,56012,56022,10
12.8788003922,80.1697921753,56022,56032,10
12.8780698776,80.1693496704,56032,56042,10
12.8768100739,80.1705932617,56042,56052,10
12.8759202957,80.1708602905,56052,56062,10
12.875869751,80.1708831787,56062,56072,10
12.8754396439,80.1711273193,56072,56083,11
12.874710083,80.1716079712,56083,56093,10
12.873840332,80.1721725464,56093,56103,10
12.8728704453,80.1728363037,56103,56113,10
12.8718795776,80.1734771729,56113,56123,10
12.8709096909,80.1741485596,56123,56133,10
12.8699398041,80.1748123169,56133,56143,10
12.8689899445,80.1754608154,56143,56153,10
12.8681602478,80.1759796143,56153,56163,10
12.8672103882,80.1759185791,56163,56173,10
12.8661003113,80.1757888794,56173,56183,10
12.8652200699,80.1756973267,56183,56193,10
12.8651800156,80.1756820679,56193,56204,11
12.864780426,80.1754837036,56204,56214,10
12.8641700745,80.1751403809,56214,56224,10
12.8634195328,80.1746673584,56224,56234,10
12.8624696732,80.174118042,56234,56244,10
12.8614797592,80.1736984253,56244,56254,10
12.8604097366,80.1732025146,56254,56264,10
12.8595695496,80.1728515625,56264,56274,10
12.859629631,80.1729125977,56274,56284,10
12.8592996597,80.1727676392,56284,56294,10
12.8586301804,80.1725769043,56294,56305,11
12.8577299118,80.1724319458,56305,56315,10
12.8573799133,80.1723632813,56315,56325,10
12.8569097519,80.1722488403,56325,56335,10
12.8563995361,80.1721572876,56335,56355,20
12.8563995361,80.1721572876,56355,56365,10
12.8562402725,80.1721191406,56365,56375,10
12.8559503555,80.1720275879,56375,56385,10
12.855340004,80.171836853,56385,56395,10
12.8545198441,80.1716003418,56395,56405,10
12.853509903,80.1713180542,56405,56415,10
12.8524303436,80.1711730957,56415,56426,11
12.8513698578,80.1710128784,56426,56436,10
12.8507604599,80.1708831787,56436,56446,10
12.8499898911,80.170753479,56446,56456,10
12.84897995,80.1705780029,56456,56466,10
12.8478403091,80.1703872681,56466,56476,10
12.8466300964,80.1701889038,56476,56486,10
12.8454704285,80.1701507568,56486,56496,10
12.8443899155,80.1701202393,56496,56506,10
12.8432502747,80.1699981689,56506,56516,10
12.8420801163,80.169960022,56516,56526,10
12.8409404755,80.1699829102,56526,56537,11
12.8398799896,80.1699829102,56537,56546,9
12.8391799927,80.1699523926,56546,56557,11
12.8384103775,80.1697006226,56557,56567,10
12.8383798599,80.169670105,56567,56577,10
12.8382196426,80.1695022583,56577,56587,10
12.8380203247,80.169342041,56587,56597,10
12.8376598358,80.1693115234,56597,56607,10
12.8372097015,80.1691436768,56607,56617,10
12.8370704651,80.1689529419,56617,56627,10
12.8368797302,80.1688232422,56627,56637,10
12.8366203308,80.1687698364,56637,56647,10
12.8364801407,80.1687164307,56647,56658,11
12.8364200592,80.1687011719,56658,56668,10
12.8361797333,80.1686096191,56668,56678,10
12.8359699249,80.1683425903,56678,56688,10
12.835849762,80.1679534912,56688,56698,10
12.8352203369,80.1677093506,56698,56718,20
12.8352203369,80.1677093506,56718,56728,10
12.8349399567,80.1675567627,56728,56738,10
12.8343896866,80.1672286987,56738,56748,10
12.833609581,80.166809082,56748,56757,9
12.8328199387,80.166343689,56757,56769,12
12.8317203522,80.1658630371,56769,56779,10
12.8307695389,80.1655883789,56779,56789,10
12.8296604156,80.1653900146,56789,56799,10
12.8285799026,80.1652679443,56799,56809,10
12.8281297684,80.1652069092,56809,56819,10
12.8276596069,80.1651611328,56819,56879,60
12.8276596069,80.1651611328,56879,56890,11
12.8274002075,80.1650772095,56890,56900,10
12.8270397186,80.1648406982,56900,56910,10
12.8264799118,80.1644668579,56910,56920,10
12.8256998062,80.1640090942,56920,56930,10
12.8247003555,80.1634902954,56930,56940,10
12.8237199783,80.1628570557,56940,56950,10
12.8226804733,80.1623535156,56950,56960,10
12.8215703964,80.1619186401,56960,56970,10
12.8204803467,80.1614532471,56970,56980,10
12.8193798065,80.1609802246,56980,56990,10
12.8183803558,80.1605377197,56990,57001,11
12.817990303,80.1604003906,57001,57011,10
12.8175296783,80.1602706909,57011,57021,10
12.8168497086,80.1601333618,57021,57031,10
12.8159999847,80.1599502563,57031,57041,10
12.815079689,80.1597595215,57041,57051,10
12.8141403198,80.1595993042,57051,57061,10
12.8131399155,80.1594924927,57061,57071,10
12.8121500015,80.1593322754,57071,57081,10
12.8117198944,80.1594161987,57081,57091,10
12.8116903305,80.1594390869,57091,57100,9
12.8115797043,80.1594772339,57100,57111,11
12.8100099564,80.1595916748,57111,57162,51
12.8100099564,80.1595916748,57162,57172,10
12.8103599548,80.1596832275,57172,57697,525
12.8103599548,80.1596832275,57697,57707,10
12.8106403351,80.1597824097,57707,57717,10
12.8111095428,80.1596298218,57717,57727,10
12.8115997314,80.1594696045,57727,57737,10
12.8116197586,80.1594696045,57737,57747,10
12.8117904663,80.1594085693,57747,57757,10
12.8123397827,80.1593399048,57757,57767,10
12.8131103516,80.1594924927,57767,57777,10
12.8139400482,80.1595993042,57777,57787,10
12.8148603439,80.1597290039,57787,57797,10
12.8157997131,80.1599121094,57797,57807,10
12.8165197372,80.1600570679,57807,57818,11
12.8172101974,80.1602096558,57818,57828,10
12.8178100586,80.1603469849,57828,57838,10
12.8182096481,80.1604614258,57838,57848,10
12.8184900284,80.1605606079,57848,57858,10
12.8190402985,80.1607894897,57858,57868,10
12.8198003769,80.1611480713,57868,57878,10
12.8207902908,80.1615829468,57878,57888,10
12.8218603134,80.1620330811,57888,57898,10
12.8229503632,80.1624679565,57898,57908,10
12.8239603043,80.1629867554,57908,57918,10
12.8249197006,80.1636123657,57918,57929,11
12.8257703781,80.1640701294,57929,57939,10
12.8265399933,80.1645126343,57939,57949,10
12.8271799088,80.164932251,57949,57959,10
12.8274698257,80.1651229858,57959,57979,20
12.8274698257,80.1651229858,57979,57989,10
12.8278999329,80.1651992798,57989,58009,20
12.8278999329,80.1651992798,58009,58019,10
12.8282003403,80.1652297974,58019,58029,10
12.8287801743,80.1652984619,58029,58039,10
12.8296098709,80.165397644,58039,58050,11
12.830739975,80.1656036377,58050,58060,10
12.8315896988,80.1657867432,58060,58070,10
12.8322200775,80.166053772,58070,58080,10
12.8330402374,80.1664505005,58080,58090,10
12.8335399628,80.1667633057,58090,58100,10
12.8337097168,80.166847229,58100,58110,10
12.8342399597,80.167137146,58110,58120,10
12.8349199295,80.1675491333,58120,58130,10
12.835650444,80.1678237915,58130,58140,10
12.8359203339,80.1680679321,58140,58150,10
12.8360595703,80.168510437,58150,58161,11
12.8363704681,80.1686706543,58161,58171,10
12.8367595673,80.168800354,58171,58181,10
12.8370800018,80.1688995361,58181,58191,10
12.8372497559,80.1691436768,58191,58201,10
12.8374300003,80.1692428589,58201,58211,10
12.8376598358,80.1693191528,58211,58221,10
12.8380804062,80.1693725586,58221,58231,10
12.8383197784,80.1695785522,58231,58241,10
12.8384504318,80.1696777344,58241,58251,10
12.8386602402,80.1697921753,58251,58261,10
12.8391799927,80.1699371338,58261,58272,11
12.8399600983,80.1699829102,58272,58282,10
12.8408002853,80.1699905396,58282,58292,10
12.8418302536,80.1699981689,58292,58302,10
12.8429698944,80.1699981689,58302,58312,10
12.8441200256,80.1701431274,58312,58322,10
12.8452501297,80.1701812744,58322,58332,10
12.8463001251,80.1702270508,58332,58342,10
12.8472995758,80.1703414917,58342,58352,10
12.8484201431,80.1705093384,58352,58362,10
12.8495702744,80.1706924438,58362,58372,10
12.8506803513,80.1708984375,58372,58382,10
12.8517503738,80.171081543,58382,58393,11
12.8527603149,80.1712493896,58393,58403,10
12.8531703949,80.171257019,58403,58413,10
12.8535604477,80.171333313,58413,58423,10
12.8542499542,80.1715011597,58423,58433,10
12.8550195694,80.1717529297,58433,58443,10
12.8557901382,80.1719589233,58443,58453,10
12.8562698364,80.1720962524,58453,58504,51
12.8562698364,80.1720962524,58504,58514,10
12.8564395905,80.1721496582,58514,58524,10
12.8566799164,80.1722106934,58524,58534,10
12.8570604324,80.1722793579,58534,58544,10
12.8574495316,80.1723327637,58544,58554,10
12.8574695587,80.1723403931,58554,58564,10
12.8576402664,80.17237854,58564,58574,10
12.8578796387,80.1724319458,58574,58584,10
12.8583602905,80.1725082397,58584,58594,10
12.8590297699,80.1726226807,58594,58603,9
12.8598003387,80.1729431152,58603,58625,22
12.8598003387,80.1729431152,58625,58635,10
12.8600902557,80.1730804443,58635,58645,10
12.860619545,80.1733093262,58645,58655,10
12.8612499237,80.1735992432,58655,58665,10
12.8619403839,80.1739120483,58665,58675,10
12.8627004623,80.1742401123,58675,58685,10
12.8634195328,80.1746673584,58685,58695,10
12.8642196655,80.1751708984,58695,58705,10
12.8649597168,80.1756134033,58705,58715,10
12.8654203415,80.1757202148,58715,58736,21
12.8654203415,80.1757202148,58736,58746,10
12.8656396866,80.175743103,58746,58756,10
12.8660802841,80.17578125,58756,58766,10
12.8667402267,80.1758499146,58766,58776,10
12.8675003052,80.1759262085,58776,58786,10
12.8682804108,80.1759109497,58786,58796,10
12.8689002991,80.1754989624,58796,58806,10
12.8695402145,80.1750488281,58806,58816,10
12.8702602386,80.1745681763,58816,58826,10
12.8710603714,80.1740112305,58826,58836,10
12.8719797134,80.1734008789,58836,58847,11
12.8738698959,80.1721420288,58847,58856,9
12.8738698959,80.1721420288,58856,58867,11
12.8749103546,80.1714477539,58867,58877,10
12.8766202927,80.1705780029,58877,58917,40
12.8795795441,80.1699829102,58917,58954,37
12.880200386,80.1703414917,58954,58985,31
12.8817901611,80.1709671021,58985,59015,30
12.8825502396,80.1706008911,59015,59042,27
12.8839502335,80.1713180542,59042,59075,33
12.8839502335,80.1713180542,59075,59107,32
12.886300087,80.1725463867,59107,59117,10
12.8868999481,80.1728515625,59117,59127,10
12.8874797821,80.1731491089,59127,59137,10
12.8880195618,80.1734237671,59137,59147,10
12.888589859,80.1737213135,59147,59157,10
12.8892002106,80.1740493774,59157,59167,10
12.8895998001,80.1742019653,59167,59177,10
12.8899202347,80.1743392944,59177,59187,10
12.8903598785,80.1745681763,59187,59198,11
12.8907699585,80.1752090454,59198,59208,10
12.8914699554,80.1764831543,59208,59218,10
12.8916196823,80.1767501831,59218,59236,18
12.8927402496,80.1787872314,59236,59277,41
12.8942499161,80.1803970337,59277,59316,39
12.8958597183,80.1812133789,59316,59346,30
12.8958597183,80.1812133789,59346,59367,21
12.897600174,80.1820602417,59367,59387,20
12.897600174,80.1820602417,59387,59397,10
12.8977098465,80.182182312,59397,59407,10
12.8980503082,80.1823272705,59407,59417,10
12.8985996246,80.1826095581,59417,59428,11
12.8993797302,80.1829986572,59428,59438,10
12.900179863,80.1834030151,59438,59448,10
12.9010696411,80.1838226318,59448,59458,10
12.9021396637,80.1841201782,59458,59467,9
12.9031295776,80.1844100952,59467,59478,11
12.9040203094,80.184677124,59478,59488,10
12.9041500092,80.1853637695,59488,59498,10
12.9041004181,80.1862030029,59498,59508,10
12.9040699005,80.1871185303,59508,59518,10
12.9045200348,80.1876602173,59518,59527,9
12.9050798416,80.1880111694,59527,59539,12
12.9057397842,80.1884307861,59539,59549,10
12.90625,80.1887512207,59549,59559,10
12.9067001343,80.1890487671,59559,59569,10
12.906709671,80.1890563965,59569,59579,10
12.9068098068,80.1891403198,59579,59589,10
12.9071798325,80.1894226074,59589,59599,10
12.9077196121,80.1898269653,59599,59609,10
12.9083099365,80.1902923584,59609,59619,10
12.9089298248,80.1907806396,59619,59629,10
12.9095897675,80.1912765503,59629,59638,9
12.9102401733,80.19165802,59638,59649,11
12.9111795425,80.1917800903,59649,59660,11
12.9120998383,80.1918716431,59660,59670,10
12.9123697281,80.1918792725,59670,59680,10
12.9124202728,80.1918792725,59680,59690,10
12.9127902985,80.191947937,59690,59700,10
12.913359642,80.1920166016,59700,59710,10
12.9140901566,80.1921081543,59710,59720,10
12.9148397446,80.1921920776,59720,59730,10
12.9156799316,80.192237854,59730,59740,10
12.9163703918,80.1922912598,59740,59750,10
12.9168596268,80.1923065186,59750,59760,10
12.9171695709,80.1919708252,59760,59791,31
12.9171695709,80.1919708252,59791,59801,10
12.9171800613,80.1918716431,59801,59811,10
12.9172296524,80.1916427612,59811,59821,10
12.9172697067,80.1913070679,59821,59831,10
12.917309761,80.1907501221,59831,59841,10
12.9172897339,80.1904907227,59841,59851,10
12.9173297882,80.1903762817,59851,59861,10
12.9174804688,80.1904678345,59861,59871,10
12.9174098969,80.19090271,59871,59882,11
12.9173002243,80.1916809082,59882,59892,10
12.9172201157,80.1923599243,59892,59902,10
12.9171199799,80.1932067871,59902,59932,30
12.9171199799,80.1932067871,59932,59942,10
12.9170999527,80.1931762695,59942,59952,10
12.9170703888,80.193572998,59952,59962,10
12.9171800613,80.1941604614,59962,59972,10
12.9175596237,80.1946792603,59972,59982,10
12.9180603027,80.1951370239,59982,59992,10
12.9185800552,80.1956329346,59992,60003,11
12.9192695618,80.1962127686,60003,60013,10
12.9198598862,80.1965103149,60013,60023,10
12.9205198288,80.1967468262,60023,60033,10
12.9210796356,80.1969070435,60033,60043,10
12.9216604233,80.1971282959,60043,60053,10
12.9224100113,80.1973266602,60053,60063,10
12.9230899811,80.1973724365,60063,60083,20
12.9230899811,80.1973724365,60083,60093,10
12.9232902527,80.1974487305,60093,60103,10
12.9237699509,80.197479248,60103,60114,11
12.9245796204,80.197479248,60114,60124,10
12.9249696732,80.1974563599,60124,60134,10
12.9251804352,80.1974487305,60134,60144,10
12.9253902435,80.1974563599,60144,60154,10
12.9258403778,80.1974716187,60154,60164,10
12.9264602661,80.1975402832,60164,60174,10
12.9265098572,80.1975479126,60174,60184,10
12.9266500473,80.1976165771,60184,60194,10
12.9271202087,80.1978530884,60194,60204,10
12.9277200699,80.1983184814,60204,60214,10
12.9281396866,80.1990814209,60214,60224,10
12.9284000397,80.1996994019,60224,60235,11
12.9285297394,80.2005081177,60235,60245,10
12.928560257,80.2010803223,60245,60255,10
12.9285802841,80.2015075684,60255,60265,10
12.9286003113,80.2021865845,60265,60275,10
12.9289302826,80.2026901245,60275,60285,10
12.9295101166,80.2027282715,60285,60295,10
12.9295196533,80.2027435303,60295,60305,10
12.9297895432,80.2027816772,60305,60315,10
12.930390358,80.2028579712,60315,60325,10
12.931139946,80.2030334473,60325,60335,10
12.9319400787,80.2033004761,60335,60346,11
12.9326400757,80.2035293579,60346,60356,10
12.9333696365,80.2037963867,60356,60366,10
12.9340696335,80.2038803101,60366,60376,10
12.9340896606,80.2038879395,60376,60386,10
12.9344701767,80.2039108276,60386,60396,10
12.9350700378,80.2040176392,60396,60406,10
12.9357995987,80.2043380737,60406,60416,10
12.9366598129,80.2046127319,60416,60426,10
12.9376001358,80.2048721313,60426,60436,10
12.9385299683,80.2051315308,60436,60445,9
12.9392499924,80.205368042,60445,60456,11
12.939909935,80.2055587769,60456,60467,11
12.9399700165,80.205581665,60467,60477,10
12.9402799606,80.205657959,60477,60487,10
12.9406795502,80.2057800293,60487,60497,10
12.9410200119,80.205909729,60497,60507,10
12.9416303635,80.2062606812,60507,60517,10
12.9423398972,80.206817627,60517,60527,10
12.9428300858,80.20728302,60527,60537,10
12.9431200027,80.2077331543,60537,60547,10
12.9437704086,80.2081375122,60547,60557,10
12.9443998337,80.208366394,60557,60567,10
12.9444503784,80.2083816528,60567,60578,11
12.9446601868,80.2084579468,60578,60588,10
12.9450798035,80.2086181641,60588,60598,10
12.9457798004,80.2088165283,60598,60608,10
12.9465999603,80.2091217041,60608,60618,10
12.9475698471,80.2094802856,60618,60628,10
12.9484195709,80.2097320557,60628,60638,10
12.948679924,80.2098312378,60638,60648,10
12.9488801956,80.2099533081,60648,60658,10
12.9489603043,80.2099990845,60658,60668,10
12.9493598938,80.210067749,60668,60678,10
12.950050354,80.2103500366,60678,60689,11
12.9510002136,80.2107772827,60689,60699,10
12.9518604279,80.2112121582,60699,60709,10
12.9527997971,80.2116317749,60709,60719,10
12.9535903931,80.2119293213,60719,60729,10
12.9536104202,80.2119369507,60729,60739,10
12.953909874,80.2120666504,60739,60749,10
12.9544897079,80.2123184204,60749,60759,10
12.9552402496,80.212638855,60759,60769,10
12.9559698105,80.212928772,60769,60779,10
12.956700325,80.2132110596,60779,60789,10
12.9575996399,80.2135772705,60789,60799,10
12.9586296082,80.2139968872,60799,60810,11
12.9595804214,80.2143936157,60810,60820,10
12.9604196548,80.2147293091,60820,60830,10
12.9611301422,80.2150115967,60830,60840,10
12.9619903564,80.21534729,60840,60850,10
12.9627599716,80.2156524658,60850,60860,10
12.9631204605,80.2157821655,60860,60870,10
12.96352005,80.2159194946,60870,60880,10
12.9640398026,80.2161178589,60880,60890,10
12.9642400742,80.2162017822,60890,60900,10
12.9643802643,80.2162704468,60900,60910,10
12.9648599625,80.2164993286,60910,60921,11
12.9655895233,80.2168121338,60921,60931,10
12.9662599564,80.2170715332,60931,60941,10
12.9669399261,80.217338562,60941,60951,10
12.9676103592,80.217628479,60951,60961,10
12.9679498672,80.2177581787,60961,60971,10
12.9685201645,80.2179794312,60971,60981,10
12.9693899155,80.2183303833,60981,60991,10
12.9702796936,80.2186737061,60991,61001,10
12.9709997177,80.2189178467,61001,61011,10
12.9712095261,80.2189788818,61011,61021,10
12.9713802338,80.2190933228,61021,61030,9
12.9717903137,80.2192611694,61030,61042,12
12.9724798203,80.2195587158,61042,61122,80
12.9724597931,80.2196807861,61122,61153,31
12.9724597931,80.2196807861,61153,61163,10
12.9726495743,80.2197570801,61163,61173,10
12.9729499817,80.219871521,61173,61183,10
12.9733896255,80.2199707031,61183,61223,40
12.9733896255,80.2199707031,61223,61233,10
12.973690033,80.2200622559,61233,61264,31
12.9735803604,80.2201309204,61264,61284,20
12.9735803604,80.2201309204,61284,61294,10
12.9737701416,80.220161438,61294,61304,10
12.9741697311,80.2202911377,61304,61314,10
12.9747800827,80.2205429077,61314,61324,10
12.9750404358,80.2206192017,61324,61334,10
12.9752597809,80.2206802368,61334,61344,10
12.9754495621,80.2206802368,61344,61354,10
12.9756002426,80.2208099365,61354,61364,10
12.9756803513,80.220916748,61364,61373,9
12.975810051,80.2210464478,61373,61385,12
12.9761896133,80.2212371826,61385,61415,30
12.9761896133,80.2212371826,61415,61425,10
12.976360321,80.2212295532,61425,61435,10
12.9765901566,80.2211914063,61435,61445,10
12.9770202637,80.2211990356,61445,61455,10
12.9774599075,80.2211685181,61455,61465,10
12.9779100418,80.2211608887,61465,61475,10
12.9782400131,80.2211685181,61475,61485,10
12.9785299301,80.2211074829,61485,61496,11
12.9789896011,80.2211074829,61496,61506,10
12.9795799255,80.2210769653,61506,61516,10
12.9802398682,80.2210388184,61516,61526,10
12.9809799194,80.2210083008,61526,61536,10
12.981590271,80.221321106,61536,61546,10
12.9819803238,80.221572876,61546,61556,10
12.9822702408,80.2217330933,61556,61566,10
12.9828100204,80.2218933105,61566,61586,20
12.9828100204,80.2218933105,61586,61596,10
12.9829702377,80.2220001221,61596,61606,10
12.9833202362,80.2221984863,61606,61617,11
12.9835996628,80.2224121094,61617,61627,10
12.983830452,80.2225265503,61627,61637,10
12.9841995239,80.2227401733,61637,61647,10
12.9847898483,80.2230911255,61647,61657,10
12.985329628,80.2232589722,61657,61667,10
12.9856700897,80.2230529785,61667,61677,10
12.9863195419,80.2229614258,61677,61687,10
12.9863901138,80.2229309082,61687,61697,10
12.9864902496,80.2229309082,61697,61707,10
12.9868402481,80.2229614258,61707,61717,10
12.9872198105,80.2230224609,61717,61728,11
12.9877901077,80.2229766846,61728,61738,10
12.988240242,80.222618103,61738,61748,10
12.9887599945,80.2221069336,61748,61758,10
12.9892396927,80.2215270996,61758,61767,9
12.9896802902,80.2210006714,61767,61778,11
12.9902696609,80.2204437256,61778,61788,10
12.99036026,80.2203979492,61788,61798,10
12.9905595779,80.2202911377,61798,61808,10
12.9908895493,80.2200317383,61808,61818,10
12.9912900925,80.2197113037,61818,61828,10
12.9915103912,80.2195129395,61828,61839,11
12.9920597076,80.2191314697,61839,61849,10
12.9927301407,80.2186279297,61849,61859,10
12.9934501648,80.2181091309,61859,61869,10
12.994099617,80.2176513672,61869,61879,10
12.9947004318,80.2171936035,61879,61889,10
12.9949502945,80.2170333862,61889,61899,10
12.9950399399,80.217010498,61899,61909,10
12.9954395294,80.2167892456,61909,61919,10
12.9960603714,80.2165985107,61919,61929,10
12.9968204498,80.2164764404,61929,61939,10
12.9975099564,80.2164382935,61939,61949,10
12.9975700378,80.2164535522,61949,61960,11
12.9976997375,80.2164916992,61960,61970,10
12.9981002808,80.2165679932,61970,61980,10
12.9987001419,80.216796875,61980,61990,10
12.9993801117,80.2171707153,61990,62000,10
13.0000896454,80.2175979614,62000,62010,10
13.0008802414,80.2180862427,62010,62020,10
13.0016498566,80.2186279297,62020,62030,10
13.0022802353,80.2192993164,62030,62040,10
13.0030899048,80.2198562622,62040,62050,10
13.0040102005,80.2201080322,62050,62059,9
13.0047101974,80.2202377319,62059,62071,12
13.0047903061,80.2202606201,62071,62081,10
13.0051202774,80.2203292847,62081,62091,10
13.00578022,80.2205200195,62091,62101,10
13.0066003799,80.2207183838,62101,62111,10
13.0074701309,80.2211532593,62111,62121,10
13.0084495544,80.2216720581,62121,62131,10
13.0092601776,80.2221221924,62131,62141,10
13.010219574,80.2226333618,62141,62151,10
13.0110502243,80.2229919434,62151,62161,10
13.0111398697,80.2230224609,62161,62171,10
13.0114297867,80.2230987549,62171,62181,10
13.0116500854,80.2227020264,62181,62192,11
13.0118999481,80.2219085693,62192,62202,10
13.0122499466,80.2215194702,62202,62212,10
13.012550354,80.2216796875,62212,62222,10
13.0129404068,80.2222900391,62222,62232,10
13.0134401321,80.2228775024,62232,62242,10
13.0138597488,80.2232894897,62242,62252,10
13.0142002106,80.2236709595,62252,62262,10
13.0144901276,80.224067688,62262,62272,10
13.0148296356,80.2244873047,62272,62282,10
13.0150299072,80.2246932983,62282,62291,9
13.0152101517,80.2248306274,62291,62303,12
13.0155000687,80.2249679565,62303,62313,10
13.0155200958,80.2249832153,62313,62323,10
13.0156002045,80.2250213623,62323,62333,10
13.0159196854,80.2252578735,62333,62343,10
13.0164003372,80.2253265381,62343,62353,10
13.0170602798,80.2250976563,62353,62363,10
13.0178098679,80.2248001099,62363,62373,10
13.0186004639,80.2244873047,62373,62383,10
13.0193500519,80.2243804932,62383,62393,10
13.0196695328,80.2245025635,62393,62424,31
13.0196695328,80.2245025635,62424,62434,10
13.0198402405,80.2246170044,62434,62444,10
13.0202102661,80.2248916626,62444,62454,10
13.0206298828,80.225189209,62454,62464,10
13.0211601257,80.2255477905,62464,62474,10
13.0219202042,80.2261123657,62474,62494,20
13.0219202042,80.2261123657,62494,62504,10
13.0221996307,80.2264022827,62504,62514,10
13.0227298737,80.2268371582,62514,62524,10
13.0233402252,80.2273788452,62524,62535,11
13.0239496231,80.2279281616,62535,62545,10
13.0243396759,80.2283782959,62545,62555,10
13.024600029,80.2287826538,62555,62565,10
13.0247802734,80.2290725708,62565,62575,10
13.0250597,80.2294387817,62575,62584,9
13.0254402161,80.2299423218,62584,62595,11
13.0258798599,80.23072052,62595,62605,10
13.02602005,80.2312698364,62605,62615,10
13.0262098312,80.231338501,62615,62625,10
13.0266199112,80.2312011719,62625,62635,10
13.027299881,80.231048584,62635,62646,11
13.027970314,80.23097229,62646,62656,10
13.0283098221,80.2309265137,62656,62696,40
13.0283098221,80.2309265137,62696,62706,10
13.0284004211,80.23097229,62706,62716,10
13.0287303925,80.2308883667,62716,62726,10
13.029299736,80.230796814,62726,62777,51
13.029299736,80.230796814,62777,62787,10
13.0294704437,80.2308273315,62787,62797,10
13.0299396515,80.2307815552,62797,62807,10
13.0304203033,80.230758667,62807,62817,10
13.0307703018,80.2307434082,62817,62827,10
13.0308504105,80.23072052,62827,62837,10
13.031080246,80.23072052,62837,62847,10
13.0313196182,80.2306671143,62847,62857,10
13.0316896439,80.2306518555,62857,62867,10
13.0322303772,80.2305831909,62867,62928,61
13.0322303772,80.2305831909,62928,62938,10
13.0325202942,80.2305297852,62938,63110,172
13.0325202942,80.2305297852,63110,63120,10
13.0328102112,80.2305679321,63120,63130,10
13.0331401825,80.230506897,63130,63140,10
13.0334196091,80.2304916382,63140,63150,10
13.0334501266,80.2304916382,63150,63160,10
13.0336198807,80.23046875,63160,63221,61
13.0336198807,80.23046875,63221,63231,10
13.0340795517,80.23046875,63231,63241,10
13.0345201492,80.2303466797,63241,63291,50
13.0345201492,80.2303466797,63291,63301,10
13.0347604752,80.2303237915,63301,63311,10
13.0349397659,80.2301330566,63311,63321,10
13.034910202,80.2300186157,63321,63331,10
13.0347099304,80.2299118042,63331,63493,162
13.034330368,80.2298431396,63493,63806,313
13.034330368,80.2298431396,63806,63816,10
13.0342702866,80.2300415039,63816,63826,10
13.0341796875,80.2304229736,63826,63856,30
13.0340003967,80.2305297852,63856,63876,20
13.0340003967,80.2305297852,63876,63886,10
13.0336904526,80.2304382324,63886,63896,10
13.033200264,80.2304763794,63896,63906,10
13.0326299667,80.2305297852,63906,63917,11
13.0319595337,80.2306137085,63917,63927,10
13.0314998627,80.2306365967,63927,63937,10
13.0310897827,80.2306976318,63937,63947,10
13.031080246,80.2306976318,63947,63957,10
13.0308599472,80.23072052,63957,63967,10
13.0307102203,80.2307434082,63967,63977,10
13.0305404663,80.230758667,63977,63987,10
13.0301704407,80.2307891846,63987,63997,10
13.02987957,80.2308273315,63997,64007,10
13.0298595428,80.2308273315,64007,64017,10
13.029540062,80.2308502197,64017,64038,21
13.029540062,80.2308502197,64038,64048,10
13.029299736,80.2308731079,64048,64058,10
13.0288200378,80.2309188843,64058,64068,10
13.0281000137,80.231010437,64068,64078,10
13.0276498795,80.2310791016,64078,64088,10
13.0276699066,80.2314987183,64088,64098,10
13.027759552,80.2320480347,64098,64108,10
13.0278596878,80.2325363159,64108,64118,10
13.0278902054,80.2327728271,64118,64128,10
13.0277004242,80.2328262329,64128,64137,9
13.0275402069,80.2328491211,64137,64149,12
13.0272703171,80.2329177856,64149,64159,10
13.0269403458,80.2329788208,64159,64169,10
13.0266895294,80.2330322266,64169,64179,10
13.0264196396,80.2329101563,64179,64189,10
13.0262498856,80.232421875,64189,64199,10
13.0260601044,80.2316436768,64199,64209,10
13.0258398056,80.2308273315,64209,64219,10
13.0254201889,80.2300415039,64219,64229,10
13.0251398087,80.2296829224,64229,64238,9
13.0251102448,80.2296524048,64238,64249,11
13.0249500275,80.2294464111,64249,64259,10
13.0247297287,80.2291793823,64259,64270,11
13.0244398117,80.2287826538,64270,64280,10
13.0241098404,80.2283096313,64280,64290,10
13.0236597061,80.2277908325,64290,64300,10
13.0231599808,80.2274627686,64300,64330,30
13.0231599808,80.2274627686,64330,64340,10
13.0229501724,80.2273406982,64340,64350,10
13.0227499008,80.2271118164,64350,64360,10
13.0225696564,80.2268066406,64360,64370,10
13.0221700668,80.2264785767,64370,64381,11
13.0219202042,80.2262496948,64381,64391,10
13.0216703415,80.22605896,64391,64401,10
13.0214395523,80.2258834839,64401,64411,10
13.0211296082,80.2256011963,64411,64421,10
13.0207996368,80.2253417969,64421,64431,10
13.0207099915,80.2252731323,64431,64441,10
13.0204896927,80.2251434326,64441,64451,10
13.0200395584,80.224861145,64451,64461,10
13.0194501877,80.2245178223,64461,64471,10
13.0186004639,80.2245788574,64471,64481,10
13.0176897049,80.2249832153,64481,64492,11
13.0168895721,80.2253112793,64492,64502,10
13.0165100098,80.225479126,64502,64512,10
13.0162401199,80.2255783081,64512,64522,10
13.0158004761,80.2257080078,64522,64532,10
13.015250206,80.2259063721,64532,64542,10
13.0149497986,80.2260665894,64542,64552,10
13.0149497986,80.2260818481,64552,64562,10
13.0147304535,80.2261734009,64562,64572,10
13.0139598846,80.2265090942,64572,64592,20
13.0139598846,80.2265090942,64592,64602,10
13.0138998032,80.2265014648,64602,64613,11
13.0135402679,80.2265930176,64613,64623,10
13.013010025,80.2267837524,64623,64633,10
13.0123195648,80.2270507813,64633,64643,10
13.0115804672,80.2273635864,64643,64653,10
13.0107402802,80.2276611328,64653,64663,10
13.0099201202,80.2279663086,64663,64673,10
13.009519577,80.2275772095,64673,64683,10
13.0098199844,80.2270431519,64683,64693,10
13.0101003647,80.2263183594,64693,64703,10
13.0103397369,80.2257003784,64703,64713,10
13.0104598999,80.2254180908,64713,64724,11
13.0105800629,80.2251205444,64724,64734,10
13.0107002258,80.2248687744,64734,64744,10
13.0108804703,80.2245178223,64744,64754,10
13.0110502243,80.224029541,64754,64764,10
13.0111303329,80.2238769531,64764,64774,10
13.0112199783,80.2237091064,64774,64784,10
13.011349678,80.2234191895,64784,64794,10
13.01101017,80.2230682373,64794,64804,10
13.0104904175,80.2228164673,64804,64814,10
13.0103702545,80.2227630615,64814,64824,10
13.0101900101,80.22265625,64824,64834,10
13.0098199844,80.2224502563,64834,64845,11
13.0091695786,80.2220687866,64845,64855,10
13.0085401535,80.2217330933,64855,64865,10
13.0078496933,80.2212600708,64865,64875,10
13.0069999695,80.2208709717,64875,64885,10
13.0060396194,80.2205810547,64885,64895,10
13.0046396255,80.2202911377,64895,64915,20
13.0046396255,80.2202911377,64915,64925,10
13.0044002533,80.2201766968,64925,64935,10
13.0038795471,80.2200698853,64935,64945,10
13.0032100677,80.219909668,64945,64956,11
13.0024003983,80.2194290161,64956,64966,10
13.0017204285,80.2187576294,64966,64976,10
13.00096035,80.218170166,64976,64986,10
13.0004701614,80.2178573608,64986,64996,10
13.0002698898,80.2176971436,64996,65006,10
12.9998502731,80.2174530029,65006,65016,10
12.9991102219,80.217048645,65016,65026,10
12.9982004166,80.2166519165,65026,65036,10
12.9974803925,80.2165527344,65036,65046,10
12.9974403381,80.2165527344,65046,65055,9
12.997300148,80.2165298462,65055,65067,12
12.9967603683,80.2165374756,65067,65077,10
12.9956798553,80.216758728,65077,65097,20
12.9956798553,80.216758728,65097,65107,10
12.9954595566,80.2168197632,65107,65117,10
12.9952297211,80.2169494629,65117,65127,10
12.9951000214,80.2170715332,65127,65137,10
12.9948596954,80.2172317505,65137,65147,10
12.9944200516,80.2175521851,65147,65157,10
12.993929863,80.2179107666,65157,65167,10
12.993350029,80.2183227539,65167,65177,10
12.992890358,80.2186584473,65177,65188,11
12.9923000336,80.2191314697,65188,65198,10
12.9916601181,80.2196121216,65198,65208,10
12.9907503128,80.2202987671,65208,65228,20
12.9907503128,80.2202987671,65228,65238,10
12.9904403687,80.2205429077,65238,65248,10
12.9899702072,80.2209625244,65248,65258,10
12.9894399643,80.2215805054,65258,65268,10
12.9889297485,80.2222290039,65268,65278,10
12.9883403778,80.2228088379,65278,65288,10
12.9877004623,80.223197937,65288,65349,61
12.9877004623,80.223197937,65349,65359,10
12.9873304367,80.2231369019,65359,65369,10
12.9869804382,80.2230911255,65369,65379,10
12.9865198135,80.2229995728,65379,65389,10
12.9858503342,80.2230606079,65389,65399,10
12.9854602814,80.2233123779,65399,65410,11
12.9850702286,80.2232589722,65410,65420,10
12.9845504761,80.2229766846,65420,65430,10
12.9840698242,80.2226791382,65430,65440,10
12.9837503433,80.2224731445,65440,65450,10
12.9835100174,80.2223434448,65450,65460,10
12.9832897186,80.2221984863,65460,65480,20
12.9832897186,80.2221984863,65480,65490,10
12.9829998016,80.2219619751,65490,65500,10
12.9826202393,80.2218399048,65500,65510,10
12.9821796417,80.2216873169,65510,65520,10
12.9816904068,80.2213821411,65520,65531,11
12.9810199738,80.2210235596,65531,65541,10
12.9804697037,80.221031189,65541,65551,10
12.9798002243,80.2211303711,65551,65561,10
12.9791698456,80.2211837769,65561,65571,10
12.9787302017,80.2211608887,65571,65581,10
12.9781703949,80.2211837769,65581,65591,10
12.9774599075,80.2212295532,65591,65601,10
12.9766597748,80.2212600708,65601,65611,10
12.9760599136,80.2213287354,65611,65621,10
12.9758996964,80.2213134766,65621,65631,10
12.9755096436,80.221031189,65631,65662,31
12.9755096436,80.221031189,65662,65672,10
12.9754400253,80.2209472656,65672,65682,10
12.9751596451,80.2207489014,65682,65692,10
12.974650383,80.220489502,65692,65702,10
12.9740896225,80.2202224731,65702,65712,10
12.9736099243,80.2200164795,65712,65722,10
12.97315979,80.2198486328,65722,65732,10
12.9725704193,80.2196426392,65732,65742,10
12.971830368,80.2193832397,65742,65753,11
12.971039772,80.2191696167,65753,65773,20
12.971039772,80.2191696167,65773,65783,10
12.9709196091,80.2191314697,65783,65793,10
12.9705400467,80.2189331055,65793,65803,10
12.9699897766,80.2186813354,65803,65813,10
12.9693803787,80.2184371948,65813,65823,10
12.9687795639,80.218208313,65823,65833,10
12.9681997299,80.2179870605,65833,65843,10
12.9676198959,80.2177581787,65843,65853,10
12.9669599533,80.2174835205,65853,65863,10
12.9661197662,80.2171401978,65863,65874,11
12.9651699066,80.2167282104,65874,65884,10
12.9643602371,80.2164001465,65884,65894,10
12.9637498856,80.2161407471,65894,65904,10
12.9632396698,80.2158889771,65904,65914,10
12.9627304077,80.2157211304,65914,65934,20
12.9627304077,80.2157211304,65934,65944,10
12.9624996185,80.2156219482,65944,65954,10
12.9620504379,80.2154388428,65954,65964,10
12.9614095688,80.2152023315,65964,65974,10
12.9606800079,80.2149124146,65974,65985,11
12.9597597122,80.2145462036,65985,65995,10
12.9588804245,80.2141799927,65995,66005,10
12.9579200745,80.2137908936,66005,66015,10
12.9570198059,80.2134170532,66015,66025,10
12.9560899734,80.2130508423,66025,66035,10
12.9551401138,80.212677002,66035,66045,10
12.9542999268,80.212348938,66045,66055,10
12.9537801743,80.2121887207,66055,66065,10
12.9537696838,80.2121887207,66065,66075,10
12.9537200928,80.2121734619,66075,66084,9
12.9534101486,80.212020874,66084,66095,11
12.9528102875,80.2117996216,66095,66106,11
12.9520301819,80.2115097046,66106,66116,10
12.9512500763,80.2112426758,66116,66126,10
12.9503602982,80.2109069824,66126,66136,10
12.9494104385,80.2105407715,66136,66146,10
12.9487304688,80.2102813721,66146,66156,10
12.9486598969,80.2102584839,66156,66166,10
12.9485702515,80.2102508545,66166,66176,10
12.9484100342,80.2101974487,66176,66186,10
12.9482803345,80.2101211548,66186,66196,10
12.9479103088,80.2099761963,66196,66206,10
12.9472503662,80.2097167969,66206,66217,11
12.9464101791,80.2093963623,66217,66227,10
12.9456100464,80.2090530396,66227,66237,10
12.9449796677,80.2087173462,66237,66247,10
12.944609642,80.2085723877,66247,66257,10
12.9443397522,80.2084579468,66257,66267,10
12.9442996979,80.208442688,66267,66277,10
12.9441003799,80.2083511353,66277,66287,10
12.9438800812,80.2082519531,66287,66297,10
12.9434900284,80.2080917358,66297,66307,10
12.9431295395,80.207901001,66307,66317,10
12.9429197311,80.2076721191,66317,66328,11
12.942779541,80.2074813843,66328,66338,10
12.9426498413,80.2073135376,66338,66348,10
12.942440033,80.2070236206,66348,66358,10
12.9420499802,80.2066726685,66358,66368,10
12.9415197372,80.2062530518,66368,66378,10
12.9409799576,80.2059402466,66378,66398,20
12.9409799576,80.2059402466,66398,66408,10
12.9407997131,80.2058563232,66408,66418,10
12.9405298233,80.2057800293,66418,66428,10
12.9400901794,80.2056427002,66428,66438,10
12.9395503998,80.2054824829,66438,66449,11
12.9387998581,80.2052536011,66449,66459,10
12.9381303787,80.205039978,66459,66469,10
12.9374303818,80.2048416138,66469,66479,10
12.9367198944,80.2046432495,66479,66489,10
12.9359397888,80.2044219971,66489,66499,10
12.9353504181,80.2041931152,66499,66509,10
12.9347000122,80.2039337158,66509,66519,10
12.9340295792,80.2038803101,66519,66529,10
12.9336099625,80.2038574219,66529,66549,20
12.9336099625,80.2038574219,66549,66560,11
12.9334402084,80.2038421631,66560,66570,10
12.9330596924,80.2037200928,66570,66580,10
12.9326095581,80.2035369873,66580,66590,10
12.9319801331,80.2033233643,66590,66600,10
12.9312601089,80.2030715942,66600,66610,10
12.9306697845,80.2028808594,66610,66620,10
12.9302501678,80.2028121948,66620,66630,10
12.9299402237,80.2027664185,66630,66640,10
12.9298200607,80.2027587891,66640,66649,9
12.929599762,80.2027435303,66649,66660,11
12.9292898178,80.2027130127,66660,66681,21
12.9292898178,80.2027130127,66681,66691,10
12.9291801453,80.2026824951,66691,66701,10
12.9287796021,80.2026062012,66701,66711,10
12.9284601212,80.2022399902,66711,66721,10
12.9284200668,80.2015304565,66721,66731,10
12.9283895493,80.2006988525,66731,66741,10
12.9282999039,80.199798584,66741,66751,10
12.9280195236,80.1990432739,66751,66761,10
12.9276304245,80.1983337402,66761,66771,10
12.9269199371,80.1977462769,66771,66781,10
12.9262104034,80.197517395,66781,66802,21
12.9262104034,80.197517395,66802,66812,10
12.9258899689,80.197479248,66812,66822,10
12.925450325,80.1974563599,66822,66832,10
12.9252004623,80.1974411011,66832,66842,10
12.9246997833,80.1974411011,66842,66852,10
12.9239797592,80.1974334717,66852,66861,9
12.9233102798,80.1974029541,66861,66872,11
12.9224395752,80.1972808838,66872,66882,10
12.9219198227,80.1971969604,66882,66903,21
12.9219198227,80.1971969604,66903,66913,10
12.9216995239,80.1971206665,66913,66923,10
12.9214897156,80.197052002,66923,66933,10
12.9212703705,80.1969604492,66933,66943,10
12.9210395813,80.1968688965,66943,66953,10
12.9209299088,80.1968231201,66953,66963,10
12.9207201004,80.1967468262,66963,66973,10
12.9203100204,80.1966094971,66973,66983,10
12.9197597504,80.1964187622,66983,66993,10
12.9194097519,80.1962814331,66993,67003,10
12.919090271,80.1960372925,67003,67014,11
12.9187202454,80.1957321167,67014,67024,10
12.9186296463,80.1956481934,67024,67034,10
12.9185199738,80.1955413818,67034,67044,10
12.9182596207,80.1952972412,67044,67054,10
12.9178495407,80.1949234009,67054,67064,10
12.9171304703,80.194229126,67064,67094,30
12.9171304703,80.194229126,67094,67104,10
12.917090416,80.1941680908,67104,67114,10
12.9169797897,80.1939926147,67114,67124,10
12.9169397354,80.1937026978,67124,67135,11
12.9169397354,80.1934280396,67135,67155,20
12.9169397354,80.1934280396,67155,67165,10
12.9169998169,80.1930389404,67165,67175,10
12.9170503616,80.1926269531,67175,67185,10
12.9170503616,80.1923828125,67185,67195,10
12.9166898727,80.1922836304,67195,67266,71
12.9166898727,80.1922836304,67266,67276,10
12.9164896011,80.1922531128,67276,67286,10
12.9161996841,80.1922302246,67286,67296,10
12.9157104492,80.192199707,67296,67306,10
12.9151697159,80.1921615601,67306,67316,10
12.9146203995,80.1921234131,67316,67326,10
12.9141798019,80.1920776367,67326,67336,10
12.9136104584,80.1920318604,67336,67649,313
12.9136104584,80.1920318604,67649,67659,10
12.9133300781,80.1919784546,67659,67669,10
12.9128799438,80.1919174194,67669,67679,10
12.9122104645,80.1918334961,67679,67689,10
12.9114198685,80.1917419434,67689,67699,10
12.9106903076,80.1916503906,67699,67709,10
12.9097499847,80.1914596558,67709,67730,21
12.9097499847,80.1914596558,67730,67740,10
12.909620285,80.1913223267,67740,67750,10
12.9092597961,80.1910476685,67750,67760,10
12.9087095261,80.1906509399,67760,67770,10
12.9080696106,80.1901626587,67770,67780,10
12.9074201584,80.1896820068,67780,67790,10
12.9068098068,80.1892166138,67790,67800,10
12.9060401917,80.1886825562,67800,67831,31
12.9060401917,80.1886825562,67831,67841,10
12.9058704376,80.1885375977,67841,67851,10
12.905500412,80.1883010864,67851,67861,10
12.90487957,80.1878890991,67861,67871,10
12.9041595459,80.1874313354,67871,67881,10
12.9039001465,80.1867675781,67881,67891,10
12.9039497375,80.1859130859,67891,67901,10
12.9039802551,80.1850814819,67901,67911,10
12.9037904739,80.1845321655,67911,67921,10
12.9031200409,80.1843338013,67921,67931,10
12.9023399353,80.1841125488,67931,67942,11
12.9014596939,80.1838912964,67942,67952,10
12.9010801315,80.1837615967,67952,67962,10
12.9006299973,80.1836013794,67962,67972,10
12.9000301361,80.1832962036,67972,67982,10
12.899310112,80.1829299927,67982,67992,10
12.8985204697,80.1825332642,67992,68002,10
12.8978595734,80.1821975708,68002,68012,10
12.8976202011,80.1820678711,68012,68022,10
12.8974304199,80.1819763184,68022,68032,10
12.8971500397,80.1818771362,68032,68063,31
12.8971500397,80.1818771362,68063,68073,10
12.8969898224,80.1817779541,68073,68083,10
12.8965902328,80.1815719604,68083,68093,10
12.8960399628,80.1812973022,68093,68103,10
12.8954000473,80.1809616089,68103,68113,10
12.8947000504,80.1806030273,68113,68123,10
12.8939504623,80.1802215576,68123,68133,10
12.8931903839,80.1798095703,68133,68153,20
12.8931903839,80.1798095703,68153,68163,10
12.8931398392,80.1797103882,68163,68174,11
12.8929004669,80.1792602539,68174,68184,10
12.8925895691,80.1786575317,68184,68194,10
12.89220047,80.1779403687,68194,68204,10
12.8917999268,80.1772003174,68204,68214,10
12.8914299011,80.1765365601,68214,68234,20
12.8914299011,80.1765365601,68234,68244,10
12.8913698196,80.176399231,68244,68254,10
12.8911600113,80.1760177612,68254,68264,10
12.8908195496,80.1753768921,68264,68274,10
12.8904304504,80.1746826172,68274,68285,11
12.8899097443,80.1743392944,68285,68295,10
12.8895702362,80.1742019653,68295,68305,10
12.8893098831,80.1740570068,68305,68315,10
12.8888597488,80.1737976074,68315,68325,10
12.8881998062,80.1734695435,68325,68335,10
12.8874397278,80.1730804443,68335,68345,10
12.8865699768,80.1726303101,68345,68355,10
12.8857297897,80.1721801758,68355,68365,10
12.8849401474,80.1717834473,68365,68375,10
12.8840198517,80.1713027954,68375,68385,10
12.883099556,80.1708526611,68385,68395,10
12.8822202682,80.1706466675,68395,68416,21
12.8822202682,80.1706466675,68416,68426,10
12.8820199966,80.1708984375,68426,68436,10
12.8814897537,80.1708602905,68436,68446,10
12.8810300827,80.1706695557,68446,68456,10
12.8799800873,80.1702194214,68456,68476,20
12.8799800873,80.1702194214,68476,68486,10
12.8796701431,80.1700820923,68486,68495,9
12.8755903244,80.1709213257,68495,68556,61
12.8733501434,80.17237854,68556,68588,32
12.8709096909,80.1740112305,68588,68618,30
12.8709096909,80.1740112305,68618,68648,30
12.8686199188,80.1755523682,68648,68658,10
12.8678598404,80.1759033203,68658,68669,11
12.8669500351,80.1757965088,68669,68679,10
12.8662099838,80.1757202148,68679,68689,10
12.8655195236,80.1756591797,68689,68699,10
12.8652000427,80.1756210327,68699,68709,10
12.8651399612,80.1755981445,68709,68719,10
12.864780426,80.1754608154,68719,68729,10
12.8641901016,80.1751174927,68729,68739,10
12.8634595871,80.1746673584,68739,68750,11
12.8625202179,80.1741104126,68750,68760,10
12.8615398407,80.1736907959,68760,68770,10
12.8605003357,80.1732177734,68770,68780,10
12.8597097397,80.1728820801,68780,68790,10
12.8595504761,80.1728134155,68790,68800,10
12.8591604233,80.1726379395,68800,68810,10
12.8585100174,80.1724624634,68810,68820,10
12.8577804565,80.1723403931,68820,68830,10
12.8574104309,80.1722793579,68830,68840,10
12.8570604324,80.1722106934,68840,68850,10
12.8567895889,80.1721572876,68850,68861,11
12.8563499451,80.1720809937,68861,68891,30
12.8563499451,80.1720809937,68891,68901,10
12.8563299179,80.1720809937,68901,68911,10
12.8561401367,80.1720275879,68911,68921,10
12.8557100296,80.1718902588,68921,68931,10
12.8550100327,80.1716766357,68931,68941,10
12.8541097641,80.1714096069,68941,68950,9
12.8531303406,80.1711807251,68950,68961,11
12.8520402908,80.1710510254,68961,68972,11
12.8508195877,80.1708297729,68972,68982,10
12.849820137,80.1706619263,68982,68992,10
12.8490104675,80.1705322266,68992,69002,10
12.8468503952,80.1701812744,69002,69012,10
12.8468503952,80.1701812744,69012,69022,10
12.8456897736,80.1701126099,69022,69030,8
12.8447704315,80.1700668335,69030,69050,20
12.8431196213,80.1698989868,69050,69059,9
12.8427200317,80.169883728,69059,69069,10
12.8420000076,80.169883728,69069,69079,10
12.8411197662,80.1698913574,69079,69090,11
12.8400802612,80.1698608398,69090,69100,10
12.8395900726,80.1698989868,69100,69110,10
12.8389101028,80.1697769165,69110,69120,10
12.8383798599,80.1696090698,69120,69130,10
12.8381795883,80.1694564819,69130,69140,10
12.8379201889,80.1692199707,69140,69150,10
12.8374700546,80.1691970825,69150,69160,10
12.8370504379,80.1688919067,69160,69170,10
12.8368797302,80.1687469482,69170,69180,10
12.8366298676,80.1686935425,69180,69190,10
12.8364801407,80.1686401367,69190,69201,11
12.8362102509,80.1685409546,69201,69211,10
12.8359899521,80.1684112549,69211,69221,10
12.8358297348,80.1679382324,69221,69231,10
12.8354701996,80.1677017212,69231,69241,10
12.834980011,80.1675186157,69241,69251,10
12.8343496323,80.1671600342,69251,69261,10
12.8336801529,80.1667861938,69261,69271,10
12.8334598541,80.1666870117,69271,69281,10
12.8332700729,80.166557312,69281,69291,10
12.8327798843,80.1662826538,69291,69301,10
12.8320798874,80.1659622192,69301,69311,10
12.8312797546,80.1656570435,69311,69322,11
12.8295497894,80.1653137207,69322,69332,10
12.8295497894,80.1653137207,69332,69342,10
12.8287296295,80.1651992798,69342,69350,8
12.8273696899,80.1649932861,69350,69418,68
12.8273696899,80.1649932861,69418,69439,21
12.827050209,80.1647872925,69439,69449,10
12.8267202377,80.1645736694,69449,69459,10
12.8262500763,80.1642837524,69459,69469,10
12.8262500763,80.1642837524,69469,69479,10
12.8258104324,80.1640319824,69479,69489,10
12.8189401627,80.1607437134,69489,69559,70
12.8174104691,80.1602096558,69559,69589,30
12.8164196014,80.1599807739,69589,69619,30
12.8151197433,80.1596984863,69619,69639,20
12.8132295609,80.1594390869,69639,69670,31
12.8115501404,80.1593704224,69670,69700,30
12.8109998703,80.1595230103,69700,69730,30
12.8099498749,80.1594772339,69730,69762,32
12.8101501465,80.1595993042,69762,69793,31
12.8101797104,80.1596069336,69793,69853,60
12.8101797104,80.1596069336,69853,69883,30
12.810259819,80.1596298218,69883,69894,11
12.8106002808,80.1596374512,69894,69904,10
12.8110904694,80.1595306396,69904,69914,10
12.8116903305,80.1593475342,69914,69944,30
12.8116903305,80.1593475342,69944,69954,10
12.8118495941,80.1593017578,69954,69964,10
12.812210083,80.1592712402,69964,69974,10
12.8126602173,80.1593399048,69974,69984,10
12.8131904602,80.1594467163,69984,69994,10
12.8138198853,80.1595230103,69994,70005,11
12.8145599365,80.1596221924,70005,70025,20
12.8145599365,80.1596221924,70025,70035,10
12.8148298264,80.1596603394,70035,70045,10
12.815290451,80.1597518921,70045,70055,10
12.8156499863,80.1598205566,70055,70065,10
12.8160400391,80.1599121094,70065,70075,10
12.816570282,80.1600189209,70075,70085,10
12.8169898987,80.1601028442,70085,70095,10
12.8170995712,80.160118103,70095,70105,10
12.8172798157,80.1601715088,70105,70116,11
12.8177204132,80.1602783203,70116,70126,10
12.8181200027,80.1603775024,70126,70136,10
12.8183202744,80.1604537964,70136,70146,10
12.8186397552,80.1605834961,70146,70156,10
12.818980217,80.1607208252,70156,70166,10
12.819439888,80.1609191895,70166,70176,10
12.8198795319,80.1611328125,70176,70186,10
12.8203897476,80.1613388062,70186,70196,10
12.8209896088,80.1615905762,70196,70206,10
12.82172966,80.1619033813,70206,70216,10
12.8225698471,80.1622314453,70216,70226,10
12.8234300613,80.1626205444,70226,70237,11
12.8243503571,80.1632080078,70237,70247,10
12.8251895905,80.1636962891,70247,70257,10
12.8258800507,80.1640472412,70257,70267,10
12.8261203766,80.1641769409,70267,70277,10
12.8261604309,80.1642074585,70277,70287,10
12.8264598846,80.1644287109,70287,70297,10
12.8268995285,80.1647109985,70297,70307,10
12.8272600174,80.1649398804,70307,70317,10
12.8273000717,80.1649703979,70317,70327,10
12.8274402618,80.1650390625,70327,70337,10
12.8276700974,80.1650924683,70337,70368,31
12.8276700974,80.1650924683,70368,70378,10
12.8279104233,80.1651229858,70378,70388,10
12.8282203674,80.1651687622,70388,70398,10
12.8286600113,80.1652297974,70398,70408,10
12.8292303085,80.1652832031,70408,70418,10
12.8298902512,80.1653823853,70418,70428,10
12.8306398392,80.1655197144,70428,70438,10
12.8313102722,80.1656723022,70438,70448,10
12.8320198059,80.1659317017,70448,70459,11
12.8327798843,80.1662597656,70459,70469,10
12.8334999084,80.1666870117,70469,70489,20
12.8334999084,80.1666870117,70489,70499,10
12.8337697983,80.1668395996,70499,70509,10
12.8342599869,80.167098999,70509,70519,10
12.8347501755,80.167388916,70519,70529,10
12.8351898193,80.167640686,70529,70539,10
12.8356800079,80.1677627563,70539,70549,10
12.8358898163,80.1680297852,70549,70568,19
12.8361997604,80.1685562134,70568,70578,10
12.836400032,80.1686325073,70578,70588,10
12.8365402222,80.1686706543,70588,70598,10
12.836689949,80.1687088013,70598,70608,10
12.8369998932,80.1687774658,70608,70618,10
12.8371896744,80.1690292358,70618,70628,10
12.8375797272,80.1692276001,70628,70638,10
12.8380899429,80.1692962646,70638,70648,10
12.8383197784,80.1695404053,70648,70658,10
12.838350296,80.1695632935,70658,70668,10
12.8384504318,80.1696395874,70668,70678,10
12.8388500214,80.1697921753,70678,70689,11
12.8395595551,80.1699295044,70689,70699,10
12.8404302597,80.1698913574,70699,70709,10
12.8414001465,80.169921875,70709,70718,9
12.8421802521,80.1698989868,70718,70729,11
12.843170166,80.1699371338,70729,70739,10
12.8442001343,80.1700820923,70739,70749,10
12.8452396393,80.1701202393,70749,70759,10
12.8462495804,80.170173645,70759,70769,10
12.8471498489,80.1702423096,70769,70779,10
12.848110199,80.1703872681,70779,70789,10
12.8491096497,80.1705703735,70789,70800,11
12.8501596451,80.1707382202,70800,70810,10
12.8507604599,80.1708526611,70810,70820,10
12.8510103226,80.1708908081,70820,70830,10
12.8515396118,80.1709899902,70830,70840,10
12.8523101807,80.1711120605,70840,70850,10
12.8531999588,80.1712265015,70850,70860,10
12.8541097641,80.1714172363,70860,70870,10
12.8549995422,80.1716690063,70870,70880,10
12.8557500839,80.1718978882,70880,70890,10
12.8563804626,80.1720733643,70890,70931,41
12.8563804626,80.1720733643,70931,70939,8
12.8566598892,80.1721725464,70939,70950,11
12.857219696,80.1722564697,70950,70961,11
12.8576698303,80.1723327637,70961,70971,10
12.8581199646,80.1724090576,70971,70981,10
12.8587799072,80.1725234985,70981,70991,10
12.8594903946,80.1727676392,70991,71001,10
12.8596601486,80.1728363037,71001,71011,10
12.8599700928,80.1729812622,71011,71021,10
12.8605499268,80.1732406616,71021,71032,11
12.8613901138,80.1736068726,71032,71042,10
12.8622598648,80.1739807129,71042,71052,10
12.8631496429,80.1744613647,71052,71062,10
12.8640604019,80.1750411987,71062,71072,10
12.8648099899,80.1754989624,71072,71082,10
12.8653402328,80.1756591797,71082,71092,10
12.8654003143,80.1756668091,71092,71102,10
12.8657903671,80.1757125854,71102,71112,10
12.8664197922,80.1757583618,71112,71122,10
12.8671998978,80.1758422852,71122,71132,10
12.8680095673,80.1759033203,71132,71143,11
12.8687601089,80.1754989624,71143,71153,10
12.8694896698,80.1750030518,71153,71163,10
12.870349884,80.174407959,71163,71173,10
12.8712902069,80.1737823486,71173,71183,10
12.8722200394,80.1731796265,71183,71193,10
12.8731603622,80.1725463867,71193,71201,8
12.8783998489,80.1699829102,71201,71270,69
12.8800601959,80.170249939,71270,71300,30
12.8816995621,80.1709213257,71300,71330,30
12.8816995621,80.1709213257,71330,71360,30
12.8825998306,80.1706008911,71360,71370,10
12.8828296661,80.1707305908,71370,71381,11
12.8833904266,80.1710281372,71381,71391,10
12.8840799332,80.1713790894,71391,71401,10
12.8848896027,80.1717987061,71401,71411,10
12.8857603073,80.1722488403,71411,71421,10
12.8862400055,80.1725006104,71421,71431,10
12.887430191,80.1731185913,71431,71441,10
12.887430191,80.1731185913,71441,71451,10
12.8880300522,80.1734313965,71451,71460,9
12.8886203766,80.1737289429,71460,71471,11
12.8892698288,80.1740722656,71471,71481,10
12.8895797729,80.1742324829,71481,71492,11
12.8898801804,80.1743392944,71492,71502,10
12.8902702332,80.1744995117,71502,71512,10
12.8906002045,80.1749420166,71512,71522,10
12.8909502029,80.1755828857,71522,71532,10
12.8911304474,80.1759490967,71532,71542,10
12.8915596008,80.1766586304,71542,71562,20
12.8915596008,80.1766586304,71562,71572,10
12.8915996552,80.1767730713,71572,71582,10
12.8918199539,80.1772003174,71582,71591,9
12.8921298981,80.177772522,71591,71603,12
12.8926496506,80.1786422729,71603,71613,10
12.8930902481,80.1794815063,71613,71623,10
12.8940696716,80.1802597046,71623,71643,20
12.8940696716,80.1802597046,71643,71653,10
12.8943300247,80.1803970337,71653,71663,10
12.8948001862,80.1806411743,71663,71673,10
12.8954200745,80.1809463501,71673,71683,10
12.8960895538,80.1812973022,71683,71693,10
12.8967695236,80.1816329956,71693,71703,10
12.8976097107,80.1820526123,71703,71724,21
12.8976097107,80.1820526123,71724,71734,10
12.8976802826,80.1821212769,71734,71744,10
12.8980798721,80.1822891235,71744,71754,10
12.8994398117,80.1829910278,71754,71764,10
12.8994398117,80.1829910278,71764,71774,10
12.9002399445,80.1834030151,71774,71784,10
12.9006700516,80.1836166382,71784,71795,11
12.9017601013,80.1839675903,71795,71806,11
12.9017601013,80.1839675903,71806,71816,10
12.9025697708,80.1841964722,71816,71825,9
12.9034404755,80.1844482422,71825,71844,19
12.9041004181,80.1853103638,71844,71854,10
12.9040603638,80.1861190796,71854,71864,10
12.904009819,80.18699646,71864,71874,10
12.904419899,80.1875991821,71874,71884,10
12.9051198959,80.188041687,71884,71894,10
12.9058704376,80.1885223389,71894,71904,10
12.9065303802,80.1889266968,71904,71914,10
12.9066400528,80.1890029907,71914,71924,10
12.9068498611,80.1891479492,71924,71934,10
12.9072799683,80.1894836426,71934,71945,11
12.9078998566,80.1899490356,71945,71955,10
12.9085197449,80.1904525757,71955,71965,10
12.9092102051,80.1909790039,71965,71975,10
12.9098596573,80.1914825439,71975,71985,10
12.9104604721,80.1916503906,71985,71995,10
12.9111099243,80.1917266846,71995,72005,10
12.9118795395,80.1918182373,72005,72015,10
12.9124603271,80.1918716431,72015,72025,10
12.9125204086,80.1918792725,72025,72035,10
12.9128198624,80.1919326782,72035,72045,10
12.9133396149,80.1919937134,72045,72055,10
12.9140396118,80.1920776367,72055,72066,11
12.9149198532,80.1921615601,72066,72076,10
12.9157896042,80.1922225952,72076,72086,10
12.9164800644,80.1922683716,72086,72096,10
12.9169797897,80.1922912598,72096,72106,10
12.9171600342,80.1919937134,72106,72126,20
12.9171600342,80.1919937134,72126,72136,10
12.9172000885,80.1918182373,72136,72146,10
12.91726017,80.19140625,72146,72156,10
12.9173402786,80.1908569336,72156,72166,10
12.9173202515,80.1904678345,72166,72177,11
12.9173202515,80.1903381348,72177,72187,10
12.9174098969,80.1902999878,72187,72197,10
12.9174203873,80.1903076172,72197,72207,10
12.9174404144,80.190612793,72207,72217,10
12.9173698425,80.191078186,72217,72227,10
12.9172697067,80.1916885376,72227,72237,10
12.9171895981,80.1922683716,72237,72247,10
12.9170999527,80.1929168701,72247,72267,20
12.9170999527,80.1929168701,72267,72277,10
12.9170703888,80.1930236816,72277,72288,11
12.9170303345,80.1934204102,72288,72298,10
12.9171199799,80.1940002441,72298,72308,10
12.9174203873,80.1945037842,72308,72318,10
12.9179601669,80.1950073242,72318,72328,10
12.9184703827,80.1954803467,72328,72338,10
12.9186897278,80.1956710815,72338,72348,10
12.9188604355,80.1958084106,72348,72358,10
12.9189596176,80.1959075928,72358,72368,10
12.9191198349,80.1960525513,72368,72378,10
12.9195804596,80.1963424683,72378,72388,10
12.9202003479,80.1965866089,72388,72399,11
12.9209003448,80.1968078613,72399,72409,10
12.921380043,80.1969909668,72409,72419,10
12.9220895767,80.1972122192,72419,72429,10
12.9225502014,80.1972808838,72429,72439,10
12.9229803085,80.1973495483,72439,72449,10
12.9232397079,80.1973800659,72449,72459,10
12.9233598709,80.1974029541,72459,72469,10
12.923740387,80.1974411011,72469,72479,10
12.9239597321,80.1974487305,72479,72489,10
12.9244203568,80.1974563599,72489,72499,10
12.9250602722,80.1974487305,72499,72508,9
12.9252901077,80.1974411011,72508,72520,12
12.9257602692,80.1974487305,72520,72530,10
12.9263801575,80.197517395,72530,72540,10
12.9264202118,80.1975326538,72540,72550,10
12.9267902374,80.1976776123,72550,72560,10
12.9273796082,80.1980285645,72560,72570,10
12.9278898239,80.1986694336,72570,72580,10
12.9282302856,80.1994018555,72580,72590,10
12.928440094,80.2002487183,72590,72600,10
12.9284801483,80.2011184692,72600,72610,10
12.9285202026,80.2018432617,72610,72620,10
12.928609848,80.2024765015,72620,72631,11
12.9293003082,80.2026824951,72631,72641,10
12.9294700623,80.2026977539,72641,72651,10
12.9298295975,80.2027587891,72651,72661,10
12.9304599762,80.2028579712,72661,72671,10
12.9312000275,80.2030563354,72671,72681,10
12.932100296,80.2033462524,72681,72691,10
12.9329395294,80.2036437988,72691,72701,10
12.9339599609,80.2038726807,72701,72721,20
12.9339599609,80.2038726807,72721,72731,10
12.9343500137,80.2038803101,72731,72742,11
12.935090065,80.2040328979,72742,72752,10
12.9358196259,80.2043380737,72752,72762,10
12.93653965,80.2045669556,72762,72772,10
12.9372396469,80.2047729492,72772,72782,10
12.9380598068,80.2050018311,72782,72792,10
12.9387397766,80.2052078247,72792,72802,10
12.9394397736,80.2054290771,72802,72812,10
12.9398603439,80.2055587769,72812,72822,10
12.9399204254,80.2055664063,72822,72832,10
12.9400901794,80.205619812,72832,72842,10
12.9406499863,80.2057876587,72842,72852,10
12.9406499863,80.2057876587,72852,72863,11
12.940870285,80.2058792114,72863,72871,8
12.9410495758,80.205947876,72871,72883,12
12.9415998459,80.2062683105,72883,72893,10
12.9421300888,80.2066879272,72893,72903,10
12.9426403046,80.2071304321,72903,72913,10
12.9429502487,80.2075576782,72913,72923,10
12.9434204102,80.2080001831,72923,72933,10
12.9439401627,80.2081985474,72933,72943,10
12.9442100525,80.2082901001,72943,72953,10
12.9443902969,80.2083587646,72953,72963,10
12.9448900223,80.2085418701,72963,72974,11
12.9455795288,80.2087631226,72974,72984,10
12.9462499619,80.2089691162,72984,72994,10
12.9470100403,80.2092666626,72994,73004,10
12.9479398727,80.2095794678,73004,73014,10
12.9484796524,80.2097015381,73014,73024,10
12.9489898682,80.2098617554,73024,73044,20
12.9489898682,80.2098617554,73044,73054,10
12.9490995407,80.2098922729,73054,73063,9
12.9494400024,80.2100372314,73063,73104,41
12.9524402618,80.2114486694,73104,73115,11
12.9532403946,80.2117767334,73115,73125,10
12.9536399841,80.2119293213,73125,73135,10
12.9536895752,80.2119522095,73135,73145,10
12.9540195465,80.2120895386,73145,73155,10
12.9546203613,80.2123336792,73155,73165,10
12.9554004669,80.212638855,73165,73175,10
12.9562501907,80.2129898071,73175,73185,10
12.9570703506,80.2133026123,73185,73196,11
12.9580602646,80.2136993408,73196,73206,10
12.9589796066,80.2140731812,73206,73216,10
12.9598903656,80.2144393921,73216,73226,10
12.9607801437,80.2148132324,73226,73236,10
12.9617300034,80.2151870728,73236,73246,10
12.9625797272,80.2155075073,73246,73256,10
12.9630899429,80.2156906128,73256,73266,10
12.9633598328,80.2157897949,73266,73276,10
12.9641799927,80.2161178589,73276,73296,20
12.9641799927,80.2161178589,73296,73306,10
12.9644002914,80.2162322998,73306,73317,11
12.964969635,80.2164916992,73317,73327,10
12.9656400681,80.216758728,73327,73337,10
12.9663000107,80.2170333862,73337,73347,10
12.9669704437,80.2172927856,73347,73357,10
12.9676103592,80.2175674438,73357,73367,10
12.968079567,80.2177734375,73367,73377,10
12.9688301086,80.2180709839,73377,73387,10
12.9698400497,80.2184524536,73387,73397,10
12.9710197449,80.2188796997,73397,73417,20
12.9710197449,80.2188796997,73417,73428,11
12.9714803696,80.2190322876,73428,73559,131
12.9714803696,80.2190322876,73559,73569,10
12.9717903137,80.2192001343,73569,73579,10
12.9719200134,80.2192611694,73579,73589,10
12.9719800949,80.219291687,73589,73599,10
12.9721803665,80.2193527222,73599,73609,10
12.9723300934,80.2194213867,73609,73619,10
12.9725799561,80.2194824219,73619,73639,20
12.9725799561,80.2194824219,73639,73649,10
12.9730501175,80.2196731567,73649,73670,21
12.9730501175,80.2196731567,73670,73680,10
12.9733200073,80.2197799683,73680,73861,181
12.9733200073,80.2197799683,73861,73871,10
12.973690033,80.2199630737,73871,73881,10
12.9739198685,80.2200698853,73881,73892,11
12.9743003845,80.2202224731,73892,73902,10
12.9746799469,80.2203598022,73902,73912,10
12.9749298096,80.220451355,73912,73922,10
12.9750995636,80.2205200195,73922,73932,10
12.9751796722,80.2205505371,73932,73942,10
12.975399971,80.2205810547,73942,73952,10
12.975520134,80.2207107544,73952,73962,10
12.9756498337,80.2208862305,73962,73972,10
12.9758701324,80.2210998535,73972,73982,10
12.9758701324,80.2211074829,73982,73992,10
12.9761295319,80.2212295532,73992,74033,41
12.9761295319,80.2212295532,74033,74043,10
12.976559639,80.2211837769,74043,74053,10
12.9770402908,80.2211685181,74053,74063,10
12.9776601791,80.2211608887,74063,74073,10
12.9780797958,80.2211532593,74073,74083,10
12.9784097672,80.2210998535,74083,74093,10
12.978890419,80.2210617065,74093,74102,9
12.9793901443,80.2210388184,74102,74113,11
12.9799699783,80.2210235596,74113,74124,11
12.9806098938,80.2209701538,74124,74134,10
12.9810400009,80.220993042,74134,74144,10
12.9814596176,80.2212219238,74144,74154,10
12.9818696976,80.2215118408,74154,74164,10
12.9824304581,80.2217788696,74164,74184,20
12.9824304581,80.2217788696,74184,74194,10
12.9827203751,80.2218704224,74194,74224,30
12.9827203751,80.2218704224,74224,74235,11
12.9830799103,80.2220306396,74235,74245,10
12.9834003448,80.2222671509,74245,74255,10
12.9836301804,80.222442627,74255,74265,10
12.9839296341,80.2226104736,74265,74275,10
12.9841499329,80.2227325439,74275,74285,10
12.9845695496,80.2229995728,74285,74295,10
12.9851503372,80.2232818604,74295,74305,10
12.9855899811,80.2231216431,74305,74315,10
12.9861402512,80.2229614258,74315,74325,10
12.9863500595,80.2229614258,74325,74335,10
12.986530304,80.2229614258,74335,74346,11
12.9869403839,80.2229614258,74346,74356,10
12.9872598648,80.2230072021,74356,74376,20
12.9872598648,80.2230072021,74376,74386,10
12.9874601364,80.2230529785,74386,74396,10
12.9877500534,80.2229995728,74396,74406,10
12.9882602692,80.2227020264,74406,74416,10
12.9888095856,80.2221984863,74416,74426,10
12.9892501831,80.2217025757,74426,74436,10
12.9896697998,80.2211532593,74436,74446,10
12.9902601242,80.2205123901,74446,74457,11
12.9905996323,80.2202377319,74457,74467,10
12.9909000397,80.2200088501,74467,74477,10
12.9913902283,80.219619751,74477,74487,10
12.991900444,80.2192382813,74487,74497,10
12.992600441,80.2187271118,74497,74507,10
12.9931402206,80.2183380127,74507,74517,10
12.9931898117,80.2183074951,74517,74527,10
12.9933795929,80.2181777954,74527,74537,10
12.993519783,80.2180862427,74537,74547,10
12.9936199188,80.2180404663,74547,74557,10
12.9938697815,80.217880249,74557,74566,9
12.9939804077,80.2177886963,74566,74578,12
12.9941797256,80.2176437378,74578,74598,20
12.9941797256,80.2176437378,74598,74608,10
12.9944295883,80.2174682617,74608,74618,10
12.9946804047,80.2172698975,74618,74628,10
12.9947500229,80.2172164917,74628,74638,10
12.9950895309,80.2169876099,74638,74648,10
12.9956302643,80.2166900635,74648,74658,10
12.9963102341,80.2165222168,74658,74668,10
12.9969100952,80.2164611816,74668,74678,10
12.9971103668,80.216468811,74678,74689,11
12.9972696304,80.2164535522,74689,74709,20
12.9972696304,80.2164535522,74709,74719,10
12.9975004196,80.2164230347,74719,74729,10
12.997590065,80.2164382935,74729,74739,10
12.9979000092,80.216468811,74739,74749,10
12.9984998703,80.2166290283,74749,74759,10
12.999250412,80.2170333862,74759,74769,10
13.0000400543,80.2174911499,74769,74779,10
13.0008001328,80.2179794312,74779,74789,10
13.001540184,80.2184829712,74789,74799,10
13.0021896362,80.2191314697,74799,74810,11
13.0029497147,80.2197570801,74810,74820,10
13.0037603378,80.2199707031,74820,74830,10
13.0046796799,80.2201766968,74830,74840,10
13.0056295395,80.2203826904,74840,74850,10
13.0066299438,80.2205886841,74850,74860,10
13.0075597763,80.2210922241,74860,74870,10
13.0085296631,80.2216110229,74870,74880,10
13.0095701218,80.2221908569,74880,74890,10
13.0106296539,80.2227401733,74890,74900,10
13.0114297867,80.2230300903,74900,74921,21
13.0114297867,80.2230300903,74921,74931,10
13.0115299225,80.2229690552,74931,74941,10
13.0116500854,80.2226486206,74941,74951,10
13.011879921,80.2220230103,74951,74961,10
13.0121603012,80.2215118408,74961,74971,10
13.0123901367,80.221496582,74971,74981,10
13.0126399994,80.2218475342,74981,74991,10
13.0129804611,80.2222976685,74991,75001,10
13.013469696,80.2228622437,75001,75011,10
13.0139703751,80.2233963013,75011,75021,10
13.0142402649,80.223739624,75021,75032,11
13.0149297714,80.2245101929,75032,75052,20
13.0149297714,80.2245101929,75052,75062,10
13.015080452,80.2246322632,75062,75072,10
13.0152397156,80.2248077393,75072,75082,10
13.0155296326,80.2249908447,75082,75092,10
13.0156402588,80.2250366211,75092,75102,10
13.015879631,80.2251663208,75102,75112,10
13.0164203644,80.2252807617,75112,75122,10
13.0171203613,80.2250671387,75122,75132,10
13.0179395676,80.2247467041,75132,75142,10
13.0187397003,80.2244262695,75142,75153,11
13.0195398331,80.224357605,75153,75163,10
13.0198001862,80.2244873047,75163,75193,30
13.0198001862,80.2244873047,75193,75203,10
13.0199403763,80.2246017456,75203,75213,10
13.0201196671,80.2247619629,75213,75223,10
13.0203504562,80.224937439,75223,75233,10
13.0208301544,80.2252731323,75233,75243,10
13.0212497711,80.2256011963,75243,75253,10
13.021320343,80.2256469727,75253,75264,11
13.0215101242,80.2257614136,75264,75274,10
13.0219497681,80.2261123657,75274,75284,10
13.0225601196,80.2266387939,75284,75294,10
13.0233001709,80.2273025513,75294,75304,10
13.0239200592,80.2278823853,75304,75314,10
13.0244998932,80.2284698486,75314,75364,50
13.0244998932,80.2284698486,75364,75374,10
13.0243597031,80.2285766602,75374,75385,11
13.0240402222,80.2281570435,75385,75395,10
13.0234899521,80.2275695801,75395,75405,10
13.0228004456,80.2269515991,75405,75415,10
13.022069931,80.2263183594,75415,75425,10
13.0215101242,80.2258682251,75425,75435,10
13.0209798813,80.2254562378,75435,75445,10
13.0205097198,80.2251434326,75445,75455,10
13.0199403763,80.2247390747,75455,75465,10
13.0191602707,80.2244186401,75465,75475,10
13.0184202194,80.224609375,75475,75486,11
13.0175895691,80.2249526978,75486,75496,10
13.0169496536,80.2252120972,75496,75506,10
13.016699791,80.2253189087,75506,75516,10
13.0165596008,80.2253875732,75516,75526,10
13.0163202286,80.2254867554,75526,75536,10
13.0158596039,80.2256317139,75536,75546,10
13.0152902603,80.2258605957,75546,75556,10
13.0150003433,80.2259368896,75556,75566,10
13.0148096085,80.2259902954,75566,75576,10
13.0144500732,80.2261199951,75576,75586,10
13.0142602921,80.2261505127,75586,75596,10
13.0143098831,80.2257995605,75596,76000,404
13.0143098831,80.2257995605,76000,76010,10
13.0143995285,80.225402832,76010,76020,10
13.0144195557,80.225769043,76020,84766,8746
