13.0144901276,80.2256393433,12,17827,17815
13.0145196915,80.2257232666,17827,18575,748
13.0145597458,80.2256317139,18575,19931,1356
13.0145101547,80.2257003784,19931,21498,1567
13.0145101547,80.2257003784,21498,21508,10
13.0144300461,80.2259063721,21508,21519,11
13.0142602921,80.2260971069,21519,21539,20
13.0142602921,80.2260971069,21539,21549,10
13.014289856,80.2262191772,21549,21559,10
13.0141096115,80.226348877,21559,21569,10
13.0136995316,80.2264328003,21569,22146,577
13.0136995316,80.2264328003,22146,22156,10
13.013469696,80.2266082764,22156,22166,10
13.0131397247,80.2266769409,22166,22176,10
13.0127496719,80.2268371582,22176,22186,10
13.0122900009,80.2270202637,22186,22196,10
13.0117502213,80.2272033691,22196,22207,11
13.0111198425,80.2274398804,22207,22217,10
13.0104999542,80.2276763916,22217,22227,10
13.0098400116,80.2278671265,22227,22237,10
13.00963974,80.2273788452,22237,22247,10
13.0099000931,80.2268371582,22247,22257,10
13.0101804733,80.2262191772,22257,22267,10
13.0104799271,80.2255020142,22267,22277,10
13.0108098984,80.2247695923,22277,22287,10
13.0110998154,80.2240066528,22287,22297,10
13.011349678,80.2233428955,22297,22308,11
13.0115203857,80.2228775024,22308,22318,10
13.0117797852,80.2222518921,22318,22328,10
13.0120601654,80.2214889526,22328,22338,10
13.0121097565,80.2207870483,22338,22348,10
13.0118598938,80.2200012207,22348,22358,10
13.0115804672,80.2192382813,22358,22368,10
13.0113401413,80.2185211182,22368,22378,10
13.011059761,80.2177886963,22378,22388,10
13.0107698441,80.2170791626,22388,22398,10
13.0104503632,80.2163696289,22398,22409,11
13.0100297928,80.2156066895,22409,22419,10
13.0096101761,80.2149200439,22419,22429,10
13.0091695786,80.2143325806,22429,22439,10
13.0087203979,80.2137069702,22439,22449,10
13.0081796646,80.2133178711,22449,22500,51
13.0081796646,80.2133178711,22500,22510,10
13.0078802109,80.2131271362,22510,22520,10
13.0075397491,80.2128982544,22520,22530,10
13.0069999695,80.2127838135,22530,22540,10
13.0063495636,80.2127990723,22540,22550,10
13.0057401657,80.2129516602,22550,22560,10
13.0050697327,80.212562561,22560,22570,10
13.0043296814,80.2121887207,22570,22580,10
13.0035896301,80.2120666504,22580,22590,10
13.002869606,80.212097168,22590,22601,11
13.0021495819,80.212310791,22601,22611,10
13.0015697479,80.2127380371,22611,22621,10
13.0010004044,80.2131500244,22621,22631,10
13.0004301071,80.2136611938,22631,22641,10
12.9998598099,80.2141799927,22641,22651,10
12.999420166,80.2145614624,22651,22661,10
12.9991798401,80.2147521973,22661,22671,10
12.9990596771,80.2148513794,22671,22681,10
12.9987201691,80.2151794434,22681,22691,10
12.9982099533,80.2155990601,22691,22702,11
12.9975795746,80.2161636353,22702,22712,10
12.9972896576,80.2164916992,22712,22722,10
12.9968099594,80.2165527344,22722,22732,10
12.9961500168,80.2166595459,22732,22742,10
12.9953804016,80.2168807983,22742,22752,10
12.9947004318,80.2173309326,22752,22762,10
12.9940500259,80.2177886963,22762,22772,10
12.9933595657,80.2182388306,22772,22782,10
12.9926700592,80.21875,22782,22791,9
12.991979599,80.21925354,22791,22803,12
12.9911403656,80.2198867798,22803,22813,10
12.9908504486,80.2201385498,22813,22823,10
12.9905395508,80.2203979492,22823,22833,10
12.9900503159,80.2208175659,22833,22843,10
12.9895496368,80.2213668823,22843,22853,10
12.9890804291,80.2219924927,22853,22863,10
12.9884901047,80.2225570679,22863,22874,11
12.9877996445,80.2230606079,22874,22884,10
12.987660408,80.2230911255,22884,22894,10
12.9875097275,80.2231063843,22894,22903,9
12.987159729,80.2230606079,22903,22913,10
12.9865703583,80.2229690552,22913,22923,10
12.9858198166,80.2230300903,22923,22933,10
12.9852895737,80.2232666016,22933,22943,10
12.9845695496,80.2229537964,22943,22955,12
12.9837398529,80.2224731445,22955,22965,10
12.9833202362,80.2221984863,22965,22975,10
12.9830102921,80.2220535278,22975,22985,10
12.9823703766,80.2218170166,22985,22996,11
12.9816398621,80.2213668823,22996,23006,10
12.9809103012,80.2210464478,23006,23016,10
12.9800395966,80.2211074829,23016,23026,10
12.9790897369,80.2211837769,23026,23034,8
12.9783401489,80.2211837769,23034,23046,12
12.9771699905,80.2212295532,23046,23056,10
12.9761400223,80.2213973999,23056,23076,20
12.9761400223,80.2213973999,23076,23085,9
12.9762201309,80.2216262817,23085,23097,12
12.9766302109,80.2222518921,23097,23107,10
12.9770898819,80.2229919434,23107,23117,10
12.9776296616,80.2238388062,23117,23127,10
12.9781599045,80.2246780396,23127,23137,10
12.9785604477,80.2253494263,23137,23147,10
12.9788103104,80.2257385254,23147,23157,10
12.9791402817,80.226272583,23157,23167,10
12.9795303345,80.2269515991,23167,23177,10
12.9799900055,80.2276306152,23177,23187,10
12.9804401398,80.2284469604,23187,23198,11
12.980890274,80.2292098999,23198,23208,10
12.9812602997,80.2298126221,23208,23218,10
12.9817304611,80.2305908203,23218,23228,10
12.9820699692,80.2315597534,23228,23236,8
12.9820804596,80.2322769165,23236,23248,12
12.9818096161,80.2332305908,23248,23258,10
12.9814901352,80.2338562012,23258,23268,10
12.9812602997,80.2347793579,23268,23278,10
12.9812602997,80.2359237671,23278,23288,10
12.981300354,80.2370986938,23288,23299,11
12.9813203812,80.2381591797,23299,23309,10
12.9813299179,80.238899231,23309,23319,10
12.9813604355,80.239730835,23319,23329,10
12.9813804626,80.2405776978,23329,23339,10
12.9813995361,80.2415084839,23339,23349,10
12.9813995361,80.2423095703,23349,23359,10
12.9814100266,80.2425231934,23359,23369,10
12.9814100266,80.2426681519,23369,23379,10
12.9813995361,80.2428894043,23379,23389,10
12.9813995361,80.2430801392,23389,23400,11
12.9814100266,80.2433166504,23400,23410,10
12.9813499451,80.2439193726,23410,23420,10
12.9812402725,80.2448120117,23420,23430,10
12.9811000824,80.2458267212,23430,23440,10
12.9809598923,80.2469406128,23440,23450,10
12.9808797836,80.2480773926,23450,23460,10
12.980799675,80.2491836548,23460,23470,10
12.9806003571,80.2502975464,23470,23480,10
12.9803104401,80.2514266968,23480,23490,10
12.9801502228,80.2521896362,23490,23501,11
12.9801797867,80.2525024414,23501,23511,10
12.9806404114,80.2526321411,23511,23521,10
12.9814500809,80.2526092529,23521,23531,10
12.9824399948,80.2525787354,23531,23541,10
12.9835395813,80.2524490356,23541,23551,10
12.9846696854,80.252166748,23551,23561,10
12.9857797623,80.2518615723,23561,23571,10
12.9867897034,80.2516098022,23571,23581,10
12.9876003265,80.251411438,23581,23622,41
12.9876003265,80.251411438,23622,23632,10
12.9878997803,80.2515716553,23632,23642,10
12.9880304337,80.2522277832,23642,23652,10
12.987950325,80.2532119751,23652,23662,10
12.987859726,80.2542877197,23662,23672,10
12.9877700806,80.2552871704,23672,23682,10
12.987739563,80.2557373047,23682,23693,11
12.9876403809,80.2563400269,23693,23703,10
12.9875898361,80.2571487427,23703,23713,10
12.9875202179,80.2580718994,23713,23723,10
12.9873895645,80.2590179443,23723,23733,10
12.9872703552,80.2594833374,23733,23743,10
12.9872703552,80.2595214844,23743,23753,10
12.9870796204,80.2595977783,23753,23796,43
12.9870796204,80.2595977783,23796,23806,10
12.986700058,80.2595672607,23806,24624,818
12.986700058,80.2595672607,24624,24634,10
12.9866199493,80.2593078613,24634,24644,10
12.9866600037,80.2591323853,24644,24654,10
12.9869499207,80.2591400146,24654,24674,20
12.9872303009,80.259147644,24674,24706,32
12.9872303009,80.259147644,24706,24716,10
12.9874000549,80.2587509155,24716,24724,8
12.9874000549,80.2584915161,24724,24734,10
12.9874401093,80.2579879761,24734,24746,12
12.9875297546,80.2571411133,24746,24756,10
12.9876098633,80.2564086914,24756,24764,8
12.9876203537,80.2560424805,24764,24776,12
12.9876499176,80.2557373047,24776,24786,10
12.987739563,80.2551574707,24786,24797,11
12.9878196716,80.2543869019,24797,24805,8
12.9878797531,80.2537765503,24805,24815,10
12.9879302979,80.2529296875,24815,24825,10
12.9879302979,80.2520675659,24825,24837,12
12.9875402451,80.2516326904,24837,24847,10
12.9869203568,80.2517166138,24847,24856,9
12.9862298965,80.2518768311,24856,24867,11
12.9852695465,80.2521286011,24867,24876,9
12.9843997955,80.2523574829,24876,24888,12
12.9831600189,80.2526092529,24888,24898,10
12.982049942,80.2526702881,24898,24908,10
12.9809503555,80.2527008057,24908,24918,10
12.9799404144,80.2527084351,24918,24968,50
12.9799404144,80.2527084351,24968,24978,10
12.9798803329,80.2525634766,24978,24988,10
12.9799003601,80.252243042,24988,24999,11
12.9800395966,80.2518005371,24999,25009,10
12.9802503586,80.2511367798,25009,25019,10
12.9805002213,80.2502593994,25019,25029,10
12.9807195663,80.2492370605,25029,25039,10
12.9807796478,80.2482299805,25039,25049,10
12.9808702469,80.2472076416,25049,25059,10
12.9809703827,80.2461166382,25059,25069,10
12.9811000824,80.2449798584,25069,25079,10
12.981180191,80.2440109253,25079,25090,11
12.9812803268,80.2436218262,25090,25100,10
12.9813499451,80.2432098389,25100,25110,10
12.9813699722,80.2429199219,25110,25120,10
12.9813804626,80.2425765991,25120,25130,10
12.9813699722,80.2422027588,25130,25140,10
12.9813804626,80.2415618896,25140,25150,10
12.9813804626,80.240737915,25150,25160,10
12.9813699722,80.2398834229,25160,25170,10
12.9813404083,80.2390975952,25170,25180,10
12.9813299179,80.2383728027,25180,25191,11
12.9813203812,80.2382507324,25191,25201,10
12.9813098907,80.2378921509,25201,25211,10
12.981300354,80.2372817993,25211,25221,10
12.9812803268,80.2364883423,25221,25231,10
12.9812602997,80.2356262207,25231,25241,10
12.9812402725,80.2348632813,25241,25251,10
12.9813499451,80.2340621948,25251,25261,10
12.9816503525,80.2333908081,25261,25271,10
12.9819402695,80.2327194214,25271,25279,8
12.9820098877,80.2321929932,25279,25292,13
12.9819898605,80.2315597534,25292,25302,10
12.9818897247,80.231048584,25302,25312,10
12.9816703796,80.2306137085,25312,25322,10
12.9812803268,80.2299575806,25322,25332,10
12.980919838,80.2293777466,25332,25342,10
12.9806995392,80.2290267944,25342,25352,10
12.9804000854,80.2285385132,25352,25362,10
12.9801197052,80.2279663086,25362,25372,10
12.9797000885,80.2272796631,25372,25382,10
12.9792299271,80.2265319824,25382,25393,11
12.9787397385,80.2257232666,25393,25403,10
12.9783000946,80.2249908447,25403,25413,10
12.9778699875,80.2243804932,25413,25423,10
12.9774904251,80.2237167358,25423,25433,10
12.9770898819,80.2230606079,25433,25443,10
12.9770803452,80.2226867676,25443,25453,10
12.9774999619,80.222618103,25453,25463,10
12.9775495529,80.2222290039,25463,25473,10
12.977519989,80.2217407227,25473,25482,9
12.9774703979,80.2212982178,25482,25494,12
12.9769096375,80.2212677002,25494,25574,80
12.9768104553,80.2210617065,25574,25899,325
12.9768104553,80.2210617065,25899,25909,10
12.9766302109,80.2212600708,25909,25919,10
12.9765996933,80.2212371826,25919,25929,10
12.9762001038,80.2212600708,25929,25939,10
12.9761695862,80.2214889526,25939,25949,10
12.9763298035,80.2216796875,25949,25959,10
12.9763402939,80.2217025757,25959,25969,10
12.9764099121,80.2218780518,25969,25979,10
12.9766101837,80.2222824097,25979,25990,11
12.976940155,80.2227783203,25990,26000,10
12.9772901535,80.2233428955,26000,26010,10
12.9777097702,80.2239990234,26010,26020,10
12.9781703949,80.2247467041,26020,26030,10
12.9786596298,80.2255172729,26030,26040,10
12.9791202545,80.22631073,26040,26050,10
12.9796104431,80.2270507813,26050,26060,10
12.980099678,80.2278671265,26060,26070,10
12.9806003571,80.228729248,26070,26080,10
12.9810695648,80.2295379639,26080,26091,11
12.9816102982,80.2303466797,26091,26101,10
12.981760025,80.2305984497,26101,26111,10
12.9819097519,80.2309875488,26111,26121,10
12.982049942,80.2316665649,26121,26131,10
12.9820203781,80.232460022,26131,26141,10
12.9816904068,80.2333984375,26141,26161,20
12.9816904068,80.2333984375,26161,26168,7
12.9815797806,80.2336273193,26168,26181,13
12.9812602997,80.2344207764,26181,26192,11
12.9812297821,80.2353973389,26192,26202,10
12.9813203812,80.2363891602,26202,26212,10
12.9813203812,80.2373809814,26212,26222,10
12.9813404083,80.2382125854,26222,26232,10
12.9813404083,80.2386322021,26232,26242,10
12.9813404083,80.2388381958,26242,26252,10
12.9813499451,80.2394332886,26252,26262,10
12.9813604355,80.2400512695,26262,26272,10
12.9813699722,80.2408370972,26272,26282,10
12.9813804626,80.2417221069,26282,26293,11
12.9813995361,80.2423782349,26293,26303,10
12.9813995361,80.2425994873,26303,26313,10
12.9813995361,80.2426071167,26313,26323,10
12.9813995361,80.2428970337,26323,26333,10
12.9813899994,80.2433700562,26333,26343,10
12.9813299179,80.2440032959,26343,26353,10
12.9812297821,80.2447814941,26353,26363,10
12.9811096191,80.2456665039,26363,26373,10
12.9809999466,80.2466583252,26373,26382,9
12.9809103012,80.2475814819,26382,26394,12
12.980799675,80.2487792969,26394,26404,10
12.9806699753,80.2498397827,26404,26414,10
12.9804201126,80.2508773804,26414,26424,10
12.9801197052,80.2522277832,26424,26454,30
12.9801197052,80.2522277832,26454,26464,10
12.9801597595,80.2525405884,26464,26474,10
12.9805402756,80.2526626587,26474,26484,10
12.9812097549,80.2526321411,26484,26495,11
12.9821796417,80.2526016235,26495,26505,10
12.98320961,80.252532959,26505,26515,10
12.9842596054,80.2522888184,26515,26525,10
12.9852800369,80.2520065308,26525,26535,10
12.9859695435,80.2518005371,26535,26545,10
12.9862203598,80.2517166138,26545,26555,10
12.986749649,80.2515792847,26555,26565,10
12.9874897003,80.2513809204,26565,26575,10
12.987950325,80.2515487671,26575,26586,11
12.9880199432,80.2519378662,26586,26596,10
12.9880104065,80.2525100708,26596,26606,10
12.9879302979,80.2534332275,26606,26616,10
12.9878396988,80.2544403076,26616,26626,10
12.987739563,80.2555389404,26626,26698,72
12.987739563,80.2555389404,26698,26707,9
12.9877004623,80.2558288574,26707,26718,11
12.9876098633,80.2563781738,26718,26728,10
12.9875802994,80.2568969727,26728,26738,10
12.9875202179,80.2575836182,26738,26748,10
12.9874801636,80.2583312988,26748,26758,10
12.9874401093,80.2587127686,26758,26768,10
12.9873504639,80.2592086792,26768,26777,9
12.9872503281,80.2595596313,26777,26809,32
12.9872503281,80.2595596313,26809,26819,10
12.9871301651,80.2596893311,26819,26829,10
12.9870004654,80.2596282959,26829,26837,8
12.9868602753,80.2595901489,26837,26849,12
12.9866504669,80.2593231201,26849,26879,30
12.9867601395,80.2590789795,26879,26910,31
12.9867601395,80.2590789795,26910,26920,10
12.9871397018,80.259147644,26920,26940,20
12.9871397018,80.259147644,26940,26950,10
12.9873800278,80.2588806152,26950,26960,10
12.9874000549,80.2585678101,26960,26970,10
12.9874401093,80.2582015991,26970,26980,10
12.9874801636,80.25756073,26980,26991,11
12.9875402451,80.2568206787,26991,27001,10
12.987569809,80.2561798096,27001,27092,91
12.987569809,80.2561798096,27092,27102,10
12.9875898361,80.2557067871,27102,27112,10
12.9876899719,80.255027771,27112,27122,10
12.9877099991,80.254737854,27122,27132,10
12.9877700806,80.2542877197,27132,27142,10
12.987830162,80.2535476685,27142,27152,10
12.9879102707,80.2526626587,27152,27162,10
12.9878396988,80.2518386841,27162,27172,10
12.9875497818,80.2516403198,27172,27182,10
12.9869003296,80.2517089844,27182,27193,11
12.9858999252,80.2519226074,27193,27203,10
12.9848604202,80.2521972656,27203,27213,10
12.9837303162,80.2525024414,27213,27223,10
12.9825401306,80.2526702881,27223,27233,10
12.9813299179,80.2527008057,27233,27243,10
12.980219841,80.2527389526,27243,27253,10
12.9798803329,80.2525024414,27253,27263,10
12.979929924,80.2523803711,27263,27273,10
12.9799604416,80.2520217896,27273,27283,10
12.9801902771,80.251411438,27283,27294,11
12.9804801941,80.2504577637,27294,27304,10
12.9806804657,80.2494430542,27304,27312,8
12.9807596207,80.2485580444,27312,27324,12
12.9808597565,80.247177124,27324,27334,10
12.9809799194,80.2460174561,27334,27344,10
12.9811201096,80.2448272705,27344,27353,9
12.9811897278,80.2438583374,27353,27364,11
12.9813499451,80.2433700562,27364,27374,10
12.9813499451,80.2430801392,27374,27385,11
12.9813604355,80.2429428101,27385,27395,10
12.9813604355,80.2428436279,27395,27405,10
12.9813699722,80.2427062988,27405,27415,10
12.9813804626,80.2422180176,27415,27425,10
12.9813804626,80.2414169312,27425,27435,10
12.9813604355,80.2405014038,27435,27445,10
12.9813299179,80.2395401001,27445,27455,10
12.981300354,80.238609314,27455,27465,10
12.9812898636,80.2379608154,27465,27474,9
12.9812898636,80.2379226685,27474,27486,12
12.9812698364,80.2375564575,27486,27496,10
12.9812498093,80.2368774414,27496,27506,10
12.9812297821,80.236000061,27506,27516,10
12.9812002182,80.2350616455,27516,27526,10
12.9812803268,80.2341384888,27526,27536,10
12.9816799164,80.2332382202,27536,27556,20
12.9816799164,80.2332382202,27556,27566,10
12.9817695618,80.233039856,27566,27576,10
12.9819297791,80.2326431274,27576,27588,12
12.9819898605,80.2319564819,27588,27598,10
12.9819402695,80.231300354,27598,27606,8
12.9817495346,80.2307815552,27606,27616,10
12.9813499451,80.2300872803,27616,27628,12
12.9808702469,80.229309082,27628,27636,8
12.9807195663,80.2291107178,27636,27648,12
12.9805698395,80.2288818359,27648,27658,10
12.9804096222,80.2285995483,27658,27668,10
12.9801797867,80.2281036377,27668,27678,10
12.97976017,80.227432251,27678,27687,9
12.9793395996,80.2267532349,27687,27697,10
12.9788599014,80.2259292603,27697,27709,12
12.9783697128,80.2251434326,27709,27719,10
12.9783201218,80.2250671387,27719,27729,10
12.9781303406,80.2247619629,27729,27738,9
12.9778003693,80.2242889404,27738,27747,9
12.9774398804,80.2236862183,27747,27759,12
12.9770402908,80.2230377197,27759,27768,9
12.9769601822,80.22290802,27768,27778,10
12.976940155,80.2228469849,27778,27790,12
12.9772195816,80.2227096558,27790,27800,10
12.9772996902,80.2227020264,27800,27810,10
12.9774999619,80.22265625,27810,27820,10
12.977519989,80.222366333,27820,27830,10
12.9775104523,80.2218093872,27830,27840,10
12.9774799347,80.2212905884,27840,27850,10
12.9777297974,80.2212295532,27850,27860,10
12.9781103134,80.2211914063,27860,27870,10
12.9784803391,80.2211685181,27870,27880,10
12.9791202545,80.2211227417,27880,27891,11
12.980050087,80.2210464478,27891,27901,10
12.980919838,80.2209777832,27901,27911,10
12.9816398621,80.2213287354,27911,27921,10
12.9822101593,80.2217025757,27921,27931,10
12.9828796387,80.2219161987,27931,27961,30
12.9828796387,80.2219161987,27961,27971,10
12.9832296371,80.2221374512,27971,27982,11
12.9835300446,80.2223587036,27982,27992,10
12.9839096069,80.2225799561,27992,28002,10
12.9845104218,80.2229309082,28002,28012,10
12.9852104187,80.2232666016,28012,28022,10
12.9854097366,80.2232894897,28022,28032,10
12.9856996536,80.2230300903,28032,28042,10
12.9863195419,80.2229537964,28042,28052,10
12.9864196777,80.2229537964,28052,28062,10
12.9866199493,80.2229614258,28062,28072,10
12.9871397018,80.2230377197,28072,28083,11
12.987859726,80.2229690552,28083,28093,10
12.9885196686,80.2224578857,28093,28103,10
12.9890699387,80.2218399048,28103,28113,10
12.9896602631,80.2210464478,28113,28123,10
12.9903001785,80.2204284668,28123,28133,10
12.990480423,80.2202911377,28133,28143,10
12.9905195236,80.2202529907,28143,28153,10
12.9908504486,80.2200164795,28153,28163,10
12.9914102554,80.2195663452,28163,28173,10
12.992099762,80.219078064,28173,28184,11
12.9929704666,80.2184677124,28184,28194,10
12.9938097,80.2179031372,28194,28204,10
12.9945297241,80.2173461914,28204,28214,10
12.9952602386,80.2168502808,28214,28224,10
12.9958696365,80.2165985107,28224,28234,10
12.9964895248,80.2164916992,28234,28244,10
12.9970502853,80.2164535522,28244,28254,10
12.9973602295,80.2162399292,28254,28264,10
12.9975595474,80.2160873413,28264,28274,10
12.9975700378,80.2160720825,28274,28285,11
12.9976596832,80.2159576416,28285,28295,10
12.9980297089,80.2156524658,28295,28305,10
12.99862957,80.2151565552,28305,28315,10
12.9991598129,80.2147216797,28315,28325,10
12.9995203018,80.2144012451,28325,28335,10
13.0,80.2139892578,28335,28345,10
13.0004701614,80.2135772705,28345,28355,10
13.0010204315,80.2130889893,28355,28365,10
13.0016403198,80.2126464844,28365,28375,10
13.0022802353,80.2122268677,28375,28386,11
13.002820015,80.2120819092,28386,28396,10
13.0033197403,80.212059021,28396,28406,10
13.0038795471,80.2119674683,28406,28416,10
13.0045499802,80.2122268677,28416,28426,10
13.0050802231,80.212638855,28426,28436,10
13.0059499741,80.212928772,28436,28446,10
13.0067396164,80.2127609253,28446,28456,10
13.0078897476,80.2131195068,28456,28477,21
13.0078897476,80.2131195068,28477,28487,10
13.008020401,80.2132415771,28487,28497,10
13.0085096359,80.2134170532,28497,28507,10
13.0090198517,80.214050293,28507,28517,10
13.0095500946,80.2147674561,28517,28527,10
13.0098800659,80.215171814,28527,28537,10
13.0102100372,80.2157669067,28537,28547,10
13.0107603073,80.2165603638,28547,28557,10
13.0111103058,80.2174224854,28557,28567,10
13.011590004,80.2184371948,28567,28577,10
13.0119695663,80.2196273804,28577,28589,12
13.0124197006,80.220916748,28589,28597,8
13.0125904083,80.2213668823,28597,28609,12
13.0128698349,80.2220077515,28609,28619,10
13.0134801865,80.222618103,28619,28629,10
13.01404953,80.2233200073,28629,28637,8
13.0143899918,80.2237930298,28637,28650,13
13.0150203705,80.2245025635,28650,28662,12
13.0151901245,80.2247009277,28662,28672,10
13.0152397156,80.2248001099,28672,28683,11
13.0156097412,80.2250671387,28683,28693,10
13.0156698227,80.2251281738,28693,28703,10
13.0158500671,80.2253036499,28703,28713,10
13.0165395737,80.2253265381,28713,28723,10
13.0173797607,80.2249984741,28723,28733,10
13.0183401108,80.224609375,28733,28743,10
13.0193901062,80.2244033813,28743,28753,10
13.0202598572,80.224899292,28753,28763,10
13.0210800171,80.225479126,28763,28773,10
13.0216999054,80.2259521484,28773,28784,11
13.0220603943,80.2261886597,28784,28794,10
13.0220603943,80.2261962891,28794,28804,10
13.0222997665,80.2264480591,28804,28814,10
13.0228595734,80.2269134521,28814,28824,10
13.0235099792,80.2275085449,28824,28832,8
13.0240802765,80.2280502319,28832,28844,12
13.0247402191,80.2289428711,28844,28854,10
13.025270462,80.229637146,28854,28864,10
13.0257997513,80.2304382324,28864,28874,10
13.026049614,80.2311401367,28874,28885,11
13.0264701843,80.2312774658,28885,28895,10
13.0272903442,80.2310562134,28895,28905,10
13.0280303955,80.2309265137,28905,28915,10
13.0283298492,80.2309036255,28915,28925,10
13.0285396576,80.2308883667,28925,28935,10
13.0291795731,80.230796814,28935,28945,10
13.029800415,80.2307434082,28945,28955,10
13.0305099487,80.230682373,28955,28965,10
13.0312404633,80.2306289673,28965,28975,10
13.0320396423,80.2305679321,28975,28986,11
13.0328598022,80.2304992676,28986,28996,10
13.0336503983,80.2304382324,28996,29006,10
13.0340099335,80.2304534912,29006,29016,10
13.034740448,80.2302780151,29016,29036,20
13.034740448,80.2302780151,29036,29046,10
13.0349397659,80.2300796509,29046,29087,41
13.0349397659,80.2300796509,29087,29097,10
13.0345897675,80.2300033569,29097,29402,305
13.0344696045,80.2299804688,29402,29806,404
13.034529686,80.2301177979,29806,30504,698
13.0342197418,80.2300262451,30504,30819,315
13.0342197418,80.2300262451,30819,30829,10
13.0342102051,80.2302017212,30829,30839,10
13.0341997147,80.2303619385,30839,30849,10
13.0340003967,80.2304611206,30849,30860,11
13.0335702896,80.23046875,30860,30870,10
13.0329704285,80.230506897,30870,30879,9
13.0323696136,80.2305679321,30879,30889,10
13.0316295624,80.2306518555,30889,30899,10
13.0309696198,80.2306976318,30899,30910,11
13.0306596756,80.2307128906,30910,30920,10
13.0299196243,80.2308120728,30920,30940,20
13.0299196243,80.2308120728,30940,30950,10
13.0296602249,80.2308502197,30950,30957,7
13.0293197632,80.2308883667,30957,30972,15
13.0282802582,80.231048584,30972,30982,10
13.0274400711,80.2328186035,30982,31023,41
12.9949998856,80.2170562744,31023,32016,993
12.9949998856,80.2170562744,32016,32038,22
12.9938297272,80.2178878784,32038,32048,10
12.9932498932,80.2183227539,32048,32058,10
12.9926204681,80.2187805176,32058,32068,10
12.9918699265,80.2193832397,32068,32078,10
12.9912500381,80.219833374,32078,32088,10
12.9908103943,80.2201766968,32088,32098,10
12.9907903671,80.2201766968,32098,32108,10
12.9906196594,80.2203063965,32108,32118,10
12.9901304245,80.2206192017,32118,32127,9
12.9896402359,80.2211837769,32127,32139,12
12.9891996384,80.2217407227,32139,32149,10
12.988699913,80.222328186,32149,32159,10
12.9880104065,80.2229232788,32159,32169,10
12.9876499176,80.2230834961,32169,32179,10
12.9875602722,80.2231216431,32179,32189,10
12.9871997833,80.2230529785,32189,32199,10
12.9867296219,80.2229919434,32199,32209,10
12.9863700867,80.2229385376,32209,32219,10
12.9857301712,80.2230529785,32219,32229,10
12.9853601456,80.2232666016,32229,32240,11
12.9847803116,80.2230529785,32240,32250,10
12.984120369,80.2226791382,32250,32260,10
12.9834403992,80.2222518921,32260,32270,10
12.983300209,80.22215271,32270,32280,10
12.9831695557,80.2221679688,32280,32290,10
12.9828996658,80.2219924927,32290,32300,10
12.9823799133,80.2217712402,32300,32310,10
12.9818601608,80.2214813232,32310,32320,10
12.9814100266,80.2211990356,32320,32330,10
12.9806995392,80.2210693359,32330,32341,11
12.9797496796,80.2210998535,32341,32351,10
12.9788303375,80.2211380005,32351,32361,10
12.9779596329,80.2211532593,32361,32371,10
12.9771900177,80.2212524414,32371,32381,10
12.9764404297,80.2212600708,32381,32391,10
12.9762201309,80.2215805054,32391,32421,30
12.9762201309,80.2215805054,32421,32431,10
12.9763298035,80.2219161987,32431,32472,41
12.9763298035,80.2219161987,32472,32482,10
12.9764099121,80.2221069336,32482,32492,10
12.9765701294,80.2222824097,32492,32502,10
12.9768695831,80.2227401733,32502,32512,10
12.9772901535,80.2234420776,32512,32522,10
12.9777803421,80.2241897583,32522,32533,11
12.9783401489,80.2250823975,32533,32543,10
12.9788103104,80.2258377075,32543,32553,10
12.9792699814,80.2265930176,32553,32563,10
12.97976017,80.2273712158,32563,32573,10
12.9802598953,80.2281570435,32573,32583,10
12.9806604385,80.2288894653,32583,32593,10
12.9809904099,80.2294387817,32593,32603,10
12.9814100266,80.2300796509,32603,32613,10
12.9817399979,80.2305831909,32613,32623,10
12.9817695618,80.2306671143,32623,32634,11
12.9819602966,80.2311706543,32634,32644,10
12.982049942,80.2319030762,32644,32654,10
12.982049942,80.2322769165,32654,32664,10
12.9820299149,80.2324829102,32664,32675,11
12.9819297791,80.2328567505,32675,32684,9
12.9818201065,80.2331695557,32684,32694,10
12.9816904068,80.2334823608,32694,32704,10
12.9816303253,80.2336120605,32704,32715,11
12.9813699722,80.23412323,32715,32724,9
12.9812602997,80.2347564697,32724,32734,10
12.9812602997,80.2356262207,32734,32745,11
12.9812898636,80.2366409302,32745,32755,10
12.9813098907,80.2372131348,32755,32765,10
12.9813203812,80.2374191284,32765,32775,10
12.9813299179,80.2375106812,32775,32785,10
12.9813404083,80.23777771,32785,32795,10
12.9813499451,80.2381362915,32795,32806,11
12.9813499451,80.2383575439,32806,32816,10
12.9813404083,80.2384109497,32816,32825,9
12.9813604355,80.2389068604,32825,32847,22
12.9813604355,80.2389068604,32847,32855,8
12.9813404083,80.2390289307,32855,32865,10
12.9813499451,80.2391586304,32865,32877,12
12.9813604355,80.2393417358,32877,32887,10
12.9813499451,80.2395477295,32887,32897,10
12.9813604355,80.2398223877,32897,32907,10
12.9813699722,80.2403335571,32907,32917,10
12.9813899994,80.2409591675,32917,32927,10
12.9813995361,80.2414703369,32927,32938,11
12.9814100266,80.2417907715,32938,32948,10
12.9814195633,80.2420578003,32948,32958,10
12.9814300537,80.2423934937,32958,33008,50
12.9814300537,80.2423934937,33008,33018,10
12.9814395905,80.2426300049,33018,33028,10
12.9814395905,80.2426986694,33028,33039,11
12.9814300537,80.2428817749,33039,33049,10
12.9814100266,80.2432785034,33049,33059,10
12.9813604355,80.2439117432,33059,33069,10
12.9812402725,80.2447509766,33069,33079,10
12.9811201096,80.2457275391,33079,33089,10
12.981010437,80.2468185425,33089,33099,10
12.980890274,80.2479476929,33099,33109,10
12.980799675,80.2490921021,33109,33119,10
12.9806203842,80.2502212524,33119,33129,10
12.980340004,80.2513198853,33129,33140,11
12.9802103043,80.251953125,33140,33150,10
12.9802103043,80.2519607544,33150,33160,10
12.9801797867,80.2520599365,33160,33170,10
12.9801502228,80.2522888184,33170,33180,10
12.9801702499,80.2524490356,33180,33190,10
12.9802703857,80.2525482178,33190,33200,10
12.9805698395,80.2526092529,33200,33210,10
12.9811000824,80.2525863647,33210,33220,10
12.9815702438,80.2525787354,33220,33230,10
12.9817304611,80.252571106,33230,33321,91
12.9817304611,80.252571106,33321,33331,10
12.9821395874,80.2525634766,33331,33342,11
12.9828195572,80.252532959,33342,33352,10
12.9832000732,80.2524871826,33352,33362,10
12.983499527,80.2524414063,33362,33372,10
12.9839200974,80.2523498535,33372,33735,363
12.9839200974,80.2523498535,33735,33748,13
12.9841403961,80.252281189,33748,33758,10
12.9846601486,80.2521362305,33758,33768,10
12.9852895737,80.2519836426,33768,33778,10
12.9857397079,80.2518463135,33778,33788,10
12.9861297607,80.2517471313,33788,33798,10
12.9864196777,80.2516937256,33798,33808,10
12.9867401123,80.2516098022,33808,33818,10
12.9870195389,80.2515335083,33818,33828,10
12.9873895645,80.2514190674,33828,33838,10
12.9876804352,80.2513580322,33838,33849,11
12.9879398346,80.2515869141,33849,33859,10
12.9880599976,80.2520523071,33859,33869,10
12.9880695343,80.2523880005,33869,33879,10
12.9879703522,80.2531509399,33879,33889,10
12.9878902435,80.2540283203,33889,33899,10
12.9878396988,80.2546615601,33899,34030,131
12.9878396988,80.2546615601,34030,34039,9
12.987830162,80.2548828125,34039,34051,12
12.9877796173,80.2553482056,34051,34061,10
12.9877099991,80.255821228,34061,34071,10
12.9876499176,80.2561798096,34071,34081,10
12.987660408,80.2563781738,34081,34091,10
12.9876499176,80.256729126,34091,34101,10
12.9875898361,80.2572784424,34101,34111,10
12.9875097275,80.2582015991,34111,34131,20
12.9875097275,80.2582015991,34131,34141,10
12.9874200821,80.2583694458,34141,34152,11
12.9874095917,80.258682251,34152,34162,10
12.9873104095,80.2592926025,34162,34212,50
12.9873104095,80.2592926025,34212,34222,10
12.9873104095,80.2595367432,34222,34232,10
12.9871196747,80.2595977783,34232,34242,10
12.9869403839,80.2595977783,34242,34253,11
12.986749649,80.2595825195,34253,34485,232
12.986749649,80.2595825195,34485,34495,10
12.9866399765,80.2594223022,34495,34535,40
12.9866399765,80.2594223022,34535,34545,10
12.9867601395,80.2590713501,34545,34555,10
12.987039566,80.2591018677,34555,34596,41
12.987039566,80.2591018677,34596,34606,10
12.9874000549,80.2590026855,34606,34616,10
12.987449646,80.2586288452,34616,34626,10
12.9875001907,80.2580795288,34626,34636,10
12.987569809,80.2573471069,34636,34645,9
12.9876203537,80.2566833496,34645,34656,11
12.9876499176,80.2559127808,34656,34666,10
12.9877500534,80.2554168701,34666,34676,10
12.9877996445,80.2548217773,34676,34686,10
12.987859726,80.2538986206,34686,34769,83
12.987859726,80.2538986206,34769,34779,10
12.9878797531,80.2537612915,34779,34789,10
12.9879102707,80.2534179688,34789,34799,10
12.9879398346,80.2529296875,34799,34809,10
12.9879598618,80.2523803711,34809,34819,10
12.9879598618,80.2522125244,34819,34829,10
12.9878997803,80.2519683838,34829,34839,10
12.9878501892,80.2517471313,34839,34849,10
12.9878396988,80.2517318726,34849,34860,11
12.9877195358,80.2515869141,34860,34870,10
12.9873399734,80.2516174316,34870,34880,10
12.9870004654,80.2516784668,34880,34890,10
12.9863996506,80.2518310547,34890,34900,10
12.9856100082,80.2519836426,34900,34910,10
12.984629631,80.252243042,34910,34920,10
12.9835395813,80.2525177002,34920,34930,10
12.9824304581,80.2526473999,34930,34940,10
12.9813203812,80.2526779175,34940,34950,10
12.9801301956,80.2527313232,34950,35041,91
12.9801301956,80.2527313232,35041,35050,9
12.9798898697,80.252532959,35050,35062,12
12.9799003601,80.2522735596,35062,35072,10
12.9799699783,80.2519607544,35072,35082,10
12.9801597595,80.251411438,35082,35092,10
12.980389595,80.2506103516,35092,35102,10
12.9806098938,80.249671936,35102,35112,10
12.9807300568,80.2486724854,35112,35122,10
12.980799675,80.2476730347,35122,35132,10
12.980890274,80.2466888428,35132,35142,10
12.9809999466,80.2456283569,35142,35152,10
12.9811296463,80.2443389893,35152,35213,61
12.9811296463,80.2443389893,35213,35223,10
12.9811601639,80.244178772,35223,35233,10
12.9811697006,80.2440795898,35233,35243,10
12.981180191,80.2439575195,35243,35253,10
12.9812002182,80.2438278198,35253,35264,11
12.9812297821,80.2437286377,35264,35274,10
12.9813299179,80.2435302734,35274,35314,40
12.9813203812,80.2434310913,35314,35354,40
12.9813203812,80.2434310913,35354,35365,11
12.9813499451,80.243309021,35365,35375,10
12.9813604355,80.2429580688,35375,35385,10
12.9813604355,80.2428970337,35385,35395,10
12.9813404083,80.2428131104,35395,35405,10
12.9813699722,80.2425613403,35405,35415,10
12.9813604355,80.2420730591,35415,35425,10
12.9813804626,80.2413864136,35425,35435,10
12.9813995361,80.2406234741,35435,35445,10
12.9813804626,80.2397689819,35445,35455,10
12.9813499451,80.2390518188,35455,35466,11
12.9813203812,80.238319397,35466,35477,11
12.9812898636,80.2379684448,35477,35486,9
12.9812602997,80.2378234863,35486,35496,10
12.9812602997,80.2372665405,35496,35506,10
12.9812402725,80.2364501953,35506,35516,10
12.9812297821,80.2355575562,35516,35526,10
12.9812002182,80.2347488403,35526,35536,10
12.9813604355,80.2339401245,35536,35546,10
12.9815196991,80.233581543,35546,35556,10
12.9816799164,80.2332229614,35556,35597,41
12.9816799164,80.2332229614,35597,35607,10
12.9818000793,80.2329788208,35607,35617,10
12.9818496704,80.2328567505,35617,35626,9
12.9819202423,80.232673645,35626,35637,11
12.9819898605,80.2323532104,35637,35647,10
12.9819898605,80.2319107056,35647,35657,10
12.9819602966,80.2313690186,35657,35667,10
12.9818096161,80.2308425903,35667,35679,12
12.9814100266,80.2301483154,35679,35689,10
12.9810400009,80.2295684814,35689,35699,10
12.9809904099,80.2294998169,35699,35709,10
12.9808397293,80.2292480469,35709,35719,10
12.9806804657,80.2289962769,35719,35729,10
12.9806203842,80.2289123535,35729,35739,10
12.980389595,80.2285079956,35739,35749,10
12.9801998138,80.2281036377,35749,35759,10
12.9800701141,80.227897644,35759,35770,11
12.9799699783,80.227722168,35770,35780,10
12.979809761,80.2274627686,35780,35790,10
12.9795398712,80.2270126343,35790,35800,10
12.9792804718,80.2265777588,35800,35810,10
12.9789800644,80.2260894775,35810,35820,10
12.9786300659,80.2255020142,35820,35830,10
12.9782896042,80.224937439,35830,35840,10
12.9779500961,80.2244567871,35840,35850,10
12.9775600433,80.2238616943,35850,35859,9
12.9771604538,80.2232131958,35859,35871,12
12.9770097733,80.2227172852,35871,35881,10
12.9771900177,80.2226867676,35881,35891,10
12.9774904251,80.2226715088,35891,35901,10
12.977519989,80.2222366333,35901,35911,10
12.9774904251,80.2216033936,35911,35921,10
12.9774999619,80.2213363647,35921,35931,10
12.977809906,80.2212524414,35931,35941,10
12.9784402847,80.221206665,35941,35951,10
12.9793195724,80.2211380005,35951,35961,10
12.9801502228,80.2210693359,35961,35972,11
12.9807195663,80.2210083008,35972,35982,10
12.9811601639,80.2210769653,35982,35992,10
12.9815502167,80.2212982178,35992,36002,10
12.9819297791,80.2216033936,36002,36012,10
12.9822998047,80.2217712402,36012,36022,10
12.9825000763,80.2218399048,36022,36052,30
12.9825000763,80.2218399048,36052,36062,10
12.9828195572,80.2219390869,36062,36073,11
12.9829301834,80.2219772339,36073,36083,10
12.9831199646,80.222076416,36083,36093,10
12.9834003448,80.2222595215,36093,36103,10
12.9838104248,80.2225112915,36103,36113,10
12.9839801788,80.2226104736,36113,36123,10
12.9843797684,80.2228393555,36123,36133,10
12.9850101471,80.2231826782,36133,36143,10
12.9854001999,80.2232818604,36143,36153,10
12.9856395721,80.2230834961,36153,36163,10
12.9862804413,80.2229614258,36163,36174,11
12.9865503311,80.2229614258,36174,36184,10
12.9869003296,80.2230224609,36184,36194,10
12.9874696732,80.2230834961,36194,36204,10
12.9880800247,80.222869873,36204,36214,10
12.9885702133,80.2224578857,36214,36224,10
12.9890403748,80.2219161987,36224,36234,10
12.989569664,80.2212295532,36234,36244,10
12.9901504517,80.2205734253,36244,36254,10
12.9904003143,80.2203598022,36254,36264,10
12.9906997681,80.2201538086,36264,36275,11
12.9912395477,80.2197418213,36275,36285,10
12.9915304184,80.2195205688,36285,36295,10
12.9920701981,80.2191314697,36295,36305,10
12.9927597046,80.2186279297,36305,36315,10
12.9934902191,80.2180862427,36315,36325,10
12.9940004349,80.2177276611,36325,36335,10
12.9941501617,80.2176132202,36335,36345,10
12.994310379,80.2174987793,36345,36355,10
12.9945201874,80.2173614502,36355,36364,9
12.9947795868,80.2171630859,36364,36376,12
12.9948997498,80.2170715332,36376,36386,10
12.9950704575,80.2169570923,36386,36396,10
12.9952096939,80.2168807983,36396,36406,10
12.9956102371,80.2166976929,36406,36416,10
12.9963102341,80.2165527344,36416,36426,10
12.9968996048,80.2164611816,36426,36436,10
12.9973402023,80.2162399292,36436,36446,10
12.9975299835,80.2160568237,36446,36456,10
12.9978399277,80.2157974243,36456,36466,10
12.9983797073,80.2153396606,36466,36476,10
12.9990100861,80.2148208618,36476,36486,10
12.9993600845,80.2145385742,36486,36496,10
12.9998397827,80.2141113281,36496,36506,10
13.000289917,80.2136993408,36506,36516,10
13.0008602142,80.2132110596,36516,36526,10
13.0014200211,80.2127914429,36526,36536,10
13.0020399094,80.2123565674,36536,36547,11
13.0025997162,80.2121200562,36547,36557,10
13.0030498505,80.2120666504,36557,36567,10
13.003569603,80.212059021,36567,36577,10
13.0037498474,80.2120132446,36577,36587,10
13.0042295456,80.2121200562,36587,36597,10
13.0047597885,80.212348938,36597,36607,10
13.0052995682,80.212677002,36607,36617,10
13.0059404373,80.2128982544,36617,36627,10
13.0064296722,80.2127304077,36627,36637,10
13.0071001053,80.2127532959,36637,36647,10
13.0073604584,80.2127838135,36647,36657,10
13.0074300766,80.2127914429,36657,36667,10
13.0075101852,80.2127990723,36667,36680,13
13.0077295303,80.2129211426,36680,36687,7
13.0078401566,80.2130432129,36687,36700,13
13.0081701279,80.2132492065,36700,36710,10
13.0086603165,80.2135467529,36710,36720,10
13.0090398788,80.2140426636,36720,36730,10
13.0095100403,80.2147064209,36730,36740,10
13.0099201202,80.2152175903,36740,36750,10
13.0103902817,80.2158203125,36750,36760,10
13.0107498169,80.2165679932,36760,36770,10
13.0110998154,80.2174301147,36770,36781,11
13.0114402771,80.2182693481,36781,36791,10
13.0117702484,80.2190322876,36791,36801,10
13.0120601654,80.2201004028,36801,36808,7
13.0123100281,80.2207565308,36808,36821,13
13.012550354,80.2213897705,36821,36831,10
13.0127000809,80.2216796875,36831,36841,10
13.013130188,80.2221603394,36841,36851,10
13.0135202408,80.22265625,36851,36861,10
13.0137500763,80.2229309082,36861,36871,10
13.0139398575,80.2232131958,36871,36882,11
13.0140104294,80.2233886719,36882,36892,10
13.0141000748,80.2235336304,36892,36902,10
13.0144300461,80.2238464355,36902,36912,10
13.0150003433,80.2244415283,36912,36922,10
13.0154600143,80.224861145,36922,36932,10
13.0154695511,80.2248687744,36932,36942,10
13.0156097412,80.2250137329,36942,36952,10
13.0159502029,80.2253036499,36952,36962,10
13.0167398453,80.2252197266,36962,36971,9
13.0175895691,80.2248764038,36971,36983,12
13.0188398361,80.2243804932,36983,36993,10
13.019610405,80.2244186401,36993,37013,20
13.019610405,80.2244186401,37013,37023,10
13.0198602676,80.2245788574,37023,37033,10
13.0202798843,80.2248916626,37033,37043,10
13.020819664,80.2252883911,37043,37053,10
13.0212602615,80.2256469727,37053,37063,10
13.0219202042,80.2260971069,37063,37084,21
13.0219202042,80.2260971069,37084,37094,10
13.0221204758,80.2262573242,37094,37104,10
13.0223703384,80.2264709473,37104,37114,10
13.0225801468,80.2266693115,37114,37124,10
13.0227804184,80.2268600464,37124,37134,10
13.0229597092,80.2270584106,37134,37164,30
13.0229597092,80.2270584106,37164,37174,10
13.0231704712,80.2273025513,37174,37185,11
13.0233001709,80.2274169922,37185,37195,10
13.0234498978,80.2275390625,37195,37205,10
13.0235795975,80.2276382446,37205,37215,10
13.0238103867,80.2278137207,37215,37225,10
13.0240001678,80.2279663086,37225,37275,50
13.0240001678,80.2279663086,37275,37286,11
13.0242099762,80.2282180786,37286,37296,10
13.024310112,80.2283477783,37296,37306,10
13.0244398117,80.2285232544,37306,37316,10
13.0246400833,80.2287979126,37316,37326,10
13.0248403549,80.2290878296,37326,37336,10
13.0251197815,80.2294387817,37336,37346,10
13.0255498886,80.2300033569,37346,37376,30
13.0255498886,80.2300033569,37376,37387,11
13.0256004333,80.2300567627,37387,37397,10
13.0257196426,80.2302780151,37397,37407,10
13.0258302689,80.2305221558,37407,37417,10
13.0259103775,80.2307510376,37417,37427,10
13.0259895325,80.2309875488,37427,37437,10
13.0261001587,80.2313079834,37437,37447,10
13.0265903473,80.2312088013,37447,37457,10
13.0273895264,80.2310409546,37457,37467,10
13.0281400681,80.2309112549,37467,37477,10
13.0284700394,80.2308578491,37477,37487,10
13.0286197662,80.2308578491,37487,37497,10
13.0291404724,80.2308120728,37497,37507,10
13.0291900635,80.2308120728,37507,37518,11
13.0292596817,80.230796814,37518,37528,10
13.0295801163,80.2307662964,37528,37538,10
13.0302801132,80.2307281494,37538,37568,30
13.0302801132,80.2307281494,37568,37577,9
13.0305404663,80.23072052,37577,37590,13
13.0311498642,80.2306518555,37590,37600,10
13.0318098068,80.2305908203,37600,37608,8
13.0322904587,80.2305603027,37608,37618,10
13.0325403214,80.2305603027,37618,37628,10
13.032910347,80.2305297852,37628,37637,9
13.0332298279,80.2304992676,37637,37648,11
13.0335597992,80.2304763794,37648,37658,10
13.0339202881,80.230430603,37658,37668,10
13.0342502594,80.2304077148,37668,37678,10
13.0346097946,80.2303237915,37678,37691,13
13.0346803665,80.2303085327,37691,37701,10
13.0348796844,80.2302322388,37701,37711,10
13.0350503922,80.2298965454,37711,37721,10
13.0348396301,80.2298431396,37721,37731,10
13.0343799591,80.2297821045,37731,37761,30
13.0343799591,80.2297821045,37761,37771,10
13.0342102051,80.229850769,37771,37923,152
13.0342102051,80.230178833,37923,37963,40
13.0342102051,80.230178833,37963,37973,10
13.0341997147,80.2303390503,37973,37983,10
13.0340204239,80.2304611206,37983,38004,21
13.0340204239,80.2304611206,38004,38014,10
13.033659935,80.230430603,38014,38024,10
13.0331096649,80.2304763794,38024,38034,10
13.0323801041,80.2305603027,38034,38044,10
13.0316400528,80.2306518555,38044,38054,10
13.0310201645,80.2306976318,38054,38084,30
13.0310201645,80.2306976318,38084,38095,11
13.0308704376,80.2306976318,38095,38105,10
13.0304498672,80.2307510376,38105,38115,10
13.0299100876,80.230796814,38115,38125,10
13.0293798447,80.2308578491,38125,38135,10
13.0287103653,80.2309188843,38135,38145,10
13.0281400681,80.2309875488,38145,38155,10
13.0277500153,80.231010437,38155,38165,10
13.0277395248,80.2317199707,38165,38266,101
13.0277395248,80.2317199707,38266,38276,10
13.0277395248,80.2319793701,38276,38286,10
13.0277900696,80.2322387695,38286,38297,11
13.0277900696,80.2322616577,38297,38307,10
13.0278396606,80.2324981689,38307,38317,10
13.027879715,80.2327194214,38317,38327,10
13.027589798,80.2328414917,38327,38337,10
13.0270900726,80.2329101563,38337,38347,10
13.0267601013,80.232963562,38347,38357,10
13.0263299942,80.232749939,38357,38367,10
13.02602005,80.2317276001,38367,38387,20
13.02602005,80.2317276001,38387,38398,11
13.0258998871,80.231262207,38398,38408,10
13.0256004333,80.2304534912,38408,38418,10
13.0247497559,80.2292480469,38418,38438,20
13.0247497559,80.2292480469,38438,38448,10
13.0247297287,80.2292022705,38448,38458,10
13.024600029,80.2290115356,38458,38468,10
13.024479866,80.2288894653,38468,38478,10
13.0242395401,80.2285766602,38478,38488,10
13.024140358,80.2284088135,38488,38499,11
13.0236797333,80.2278823853,38499,38509,10
13.0232200623,80.2275390625,38509,38519,10
13.0230998993,80.2274398804,38519,38529,10
13.0228796005,80.2272415161,38529,38539,10
13.0226297379,80.2268600464,38539,38549,10
13.0221395493,80.2264633179,38549,38558,9
13.0216398239,80.2260513306,38558,38569,11
13.0210399628,80.2255783081,38569,38579,10
13.0206003189,80.2252578735,38579,38589,10
13.0205497742,80.2252197266,38589,38601,12
13.0203895569,80.2251281738,38601,38611,10
13.0200500488,80.2248764038,38611,38621,10
13.0195598602,80.2245788574,38621,38631,10
13.0187797546,80.2245025635,38631,38641,10
13.0179595947,80.2248077393,38641,38651,10
13.0171098709,80.2251586914,38651,38661,10
13.0164604187,80.2254562378,38661,38671,10
13.0158700943,80.2256469727,38671,38681,10
13.0149297714,80.2260513306,38681,38702,21
13.0149297714,80.2260513306,38702,38712,10
13.0146398544,80.2261886597,38712,38722,10
13.0145196915,80.2262496948,38722,38732,10
13.0144100189,80.2262802124,38732,38742,10
13.0142097473,80.2263717651,38742,38752,10
13.0141496658,80.2264099121,38752,38762,10
13.01404953,80.2264633179,38762,38772,10
13.0138301849,80.2265472412,38772,38782,10
13.0135803223,80.2266082764,38782,38792,10
13.0130300522,80.2267837524,38792,38803,11
13.012140274,80.2271118164,38803,38813,10
13.0112304688,80.2274398804,38813,38823,10
13.0102300644,80.2278289795,38823,38833,10
13.0095100403,80.2277603149,38833,38843,10
13.0096998215,80.227180481,38843,38853,10
13.0100803375,80.2264328003,38853,38863,10
13.0104799271,80.2255630493,38863,38873,10
13.0108003616,80.2248535156,38873,38883,10
13.0109300613,80.2244033813,38883,38893,10
13.0110998154,80.224029541,38893,38904,11
13.011349678,80.2233886719,38904,38914,10
13.0116300583,80.2226409912,38914,38924,10
13.0118904114,80.2218933105,38924,38934,10
13.012049675,80.2214279175,38934,38944,10
13.0121097565,80.2211990356,38944,38954,10
13.0120697021,80.2208175659,38954,38964,10
13.0118503571,80.220161438,38964,38974,10
13.0115804672,80.2192764282,38974,38984,10
13.0112600327,80.218421936,38984,38994,10
13.0109500885,80.217590332,38994,39005,11
13.0106697083,80.2168807983,39005,39015,10
13.0103902817,80.2162628174,39015,39025,10
13.0100297928,80.2156219482,39025,39035,10
13.0097703934,80.2151412964,39035,39045,10
13.0094203949,80.2146987915,39045,39055,10
13.0090799332,80.2142486572,39055,39065,10
13.0084695816,80.213508606,39065,39126,61
13.0083703995,80.2134170532,39126,39156,30
13.0083703995,80.2134170532,39156,39166,10
13.0080604553,80.2132797241,39166,39176,10
13.0079603195,80.2132415771,39176,39186,10
13.0077295303,80.2130126953,39186,39196,10
13.0072202682,80.2128295898,39196,39207,11
13.0064001083,80.2127914429,39207,39217,10
13.0058298111,80.2129974365,39217,39227,10
13.0052995682,80.2126998901,39227,39237,10
13.0048398972,80.2124099731,39237,39247,10
13.0040502548,80.2121505737,39247,39257,10
13.0033302307,80.2121124268,39257,39267,10
13.0026702881,80.2121276855,39267,39277,10
13.0022802353,80.212272644,39277,39287,10
13.0019397736,80.2124710083,39287,39297,10
13.0014200211,80.2128295898,39297,39308,11
13.0006999969,80.2134017944,39308,39318,10
13.0001296997,80.2139205933,39318,39328,10
12.9997596741,80.2142562866,39328,39338,10
12.9993095398,80.2146606445,39338,39348,10
12.9990501404,80.2148666382,39348,39358,10
12.9985303879,80.2153015137,39358,39368,10
12.9977798462,80.215927124,39368,39378,10
12.9974803925,80.216217041,39378,39388,10
12.9973201752,80.2163925171,39388,39398,10
12.9970598221,80.2165298462,39398,39408,10
12.9965696335,80.2165679932,39408,39418,10
12.996049881,80.2166976929,39418,39428,10
12.9955396652,80.2168731689,39428,39438,10
12.9952297211,80.2170028687,39438,39448,10
12.9951601028,80.2170410156,39448,39460,12
12.9950304031,80.2171325684,39460,39469,9
12.9947500229,80.2172927856,39469,39478,9
12.9944095612,80.2175292969,39478,39489,11
12.9942302704,80.2176437378,39489,39499,10
12.9940004349,80.2178192139,39499,39509,10
12.993519783,80.2181625366,39509,39519,10
12.9929199219,80.2186279297,39519,39529,10
12.9921102524,80.2192077637,39529,39539,10
12.991350174,80.2197189331,39539,39549,10
12.9907798767,80.2201690674,39549,39559,10
12.9907398224,80.220199585,39559,39569,10
12.9905595779,80.2203369141,39569,39579,10
12.9900798798,80.2207336426,39579,39589,10
12.9895496368,80.2213516235,39589,39599,10
12.9890804291,80.2219390869,39599,39612,13
12.9885501862,80.2225189209,39612,39622,10
12.9879198074,80.2230606079,39622,39632,10
12.9876298904,80.2231369019,39632,39642,10
12.9875001907,80.2231216431,39642,39652,10
12.9871101379,80.2230987549,39652,39662,10
12.9867296219,80.2230072021,39662,39672,10
12.9859399796,80.2230224609,39672,39682,10
12.9854602814,80.2232818604,39682,39692,10
12.9850997925,80.2232284546,39692,39702,10
12.9844503403,80.2229385376,39702,39713,11
12.9838600159,80.2226104736,39713,39723,10
12.9837198257,80.2225418091,39723,39733,10
12.9834804535,80.2223587036,39733,39743,10
12.9832897186,80.2222366333,39743,39753,10
12.9831600189,80.2221374512,39753,39763,10
12.9827098846,80.2219314575,39763,39773,10
12.9822902679,80.2217712402,39773,39783,10
12.9819898605,80.2215881348,39783,39793,10
12.9818296432,80.2214813232,39793,39804,11
12.9811601639,80.2212219238,39804,39814,10
12.980389595,80.2211608887,39814,39824,10
12.979470253,80.2211990356,39824,39834,10
12.9787397385,80.221206665,39834,39844,10
12.977930069,80.2212219238,39844,39854,10
12.9771795273,80.221282959,39854,39864,10
12.9764003754,80.2212600708,39864,39935,71
12.9764003754,80.2212600708,39935,39945,10
12.9760303497,80.2213897705,39945,39955,10
12.9763097763,80.2218017578,39955,39975,20
12.9763097763,80.2218017578,39975,39985,10
12.9764499664,80.2221679688,39985,39995,10
12.9768400192,80.2227478027,39995,40005,10
12.9772701263,80.2234191895,40005,40016,11
12.9778795242,80.224357605,40016,40026,10
12.9783496857,80.2251205444,40026,40036,10
12.9788599014,80.2259216309,40036,40046,10
12.979180336,80.2264404297,40046,40056,10
12.9794101715,80.2268371582,40056,40066,10
12.9797697067,80.2273635864,40066,40076,10
12.979929924,80.2276535034,40076,40086,10
12.9801597595,80.2280426025,40086,40096,10
12.9805698395,80.2287597656,40096,40106,10
12.9808597565,80.2292480469,40106,40117,11
12.9810400009,80.2295379639,40117,40127,10
12.981470108,80.230178833,40127,40137,10
12.9817800522,80.230682373,40137,40147,10
12.9819002151,80.2310028076,40147,40157,10
12.982049942,80.2316894531,40157,40167,10
12.9820299149,80.2324371338,40167,40177,10
12.9817800522,80.2332229614,40177,40187,10
12.9816198349,80.2335662842,40187,40197,10
12.9813995361,80.2340011597,40197,40204,7
12.9812297821,80.2345504761,40204,40218,14
12.9812002182,80.2357025146,40218,40228,10
12.9812602997,80.236038208,40228,40248,20
12.9812602997,80.236038208,40248,40258,10
12.981300354,80.2361602783,40258,40268,10
12.981300354,80.2362823486,40268,40278,10
12.981300354,80.236541748,40278,40288,10
12.9812898636,80.2368011475,40288,40298,10
12.981300354,80.237159729,40298,40308,10
12.9813098907,80.2372131348,40308,40319,11
12.9813098907,80.2373428345,40319,40339,20
12.9813098907,80.2373428345,40339,40349,10
12.9813098907,80.2376098633,40349,40359,10
12.9813203812,80.2378768921,40359,40369,10
12.9813203812,80.2380599976,40369,40379,10
12.9813299179,80.2384567261,40379,40399,20
12.9813299179,80.2384567261,40399,40409,10
12.9813203812,80.2386703491,40409,40419,10
12.9813299179,80.238899231,40419,40429,10
12.9813404083,80.2391967773,40429,40439,10
12.9813499451,80.2393875122,40439,40450,11
12.9813499451,80.2396011353,40450,40459,9
12.9813604355,80.2397537231,40459,40470,11
12.9813699722,80.2402267456,40470,40480,10
12.9813804626,80.2407989502,40480,40490,10
12.9813899994,80.2412414551,40490,40500,10
12.9813899994,80.2412719727,40500,40509,9
12.9813995361,80.2413635254,40509,40520,11
12.9814100266,80.2416915894,40520,40530,10
12.9814100266,80.2419204712,40530,40540,10
12.9814100266,80.2422332764,40540,40560,20
12.9814100266,80.2422332764,40560,40570,10
12.9814100266,80.2423400879,40570,40580,10
12.9814195633,80.2426223755,40580,40590,10
12.9813995361,80.242980957,40590,40600,10
12.9813804626,80.2434463501,40600,40610,10
12.9812602997,80.2442398071,40610,40623,13
12.9810800552,80.2456130981,40623,40633,10
12.9809398651,80.2468338013,40633,40643,10
12.9808397293,80.2481079102,40643,40653,10
12.9807500839,80.2493286133,40653,40663,10
12.9805202484,80.2504806519,40663,40673,10
12.9802598953,80.2515029907,40673,40683,10
12.9801197052,80.2520828247,40683,40693,10
12.980099678,80.2522583008,40693,40703,10
12.9801397324,80.2525405884,40703,40713,10
12.980629921,80.2526473999,40713,40724,11
12.9815502167,80.2526092529,40724,40734,10
12.9825401306,80.2525634766,40734,40744,10
12.9835195541,80.2524414063,40744,40754,10
12.9842596054,80.2522277832,40754,41016,262
12.9842596054,80.2522277832,41016,41027,11
12.9845695496,80.2521514893,41027,41037,10
12.9850902557,80.2520217896,41037,41047,10
12.9857797623,80.2518310547,41047,41057,10
12.9863100052,80.251701355,41057,41067,10
12.9870300293,80.2515106201,41067,41077,10
12.9875497818,80.251373291,41077,41087,10
12.9878902435,80.2514419556,41087,41097,10
12.9879598618,80.251739502,41097,41107,10
12.9880199432,80.2520294189,41107,41116,9
12.9880304337,80.2525177002,41116,41128,12
12.9879398346,80.2534103394,41128,41138,10
12.9878396988,80.2542877197,41138,41148,10
12.987739563,80.2553024292,41148,41269,121
12.987739563,80.2553024292,41269,41279,10
12.9876003265,80.2554702759,41279,41289,10
12.9875898361,80.255821228,41289,41299,10
12.9875202179,80.256362915,41299,41309,10
12.9875097275,80.2569580078,41309,41319,10
12.9874696732,80.2576599121,41319,41330,11
12.9874601364,80.2582473755,41330,41340,10
12.9874296188,80.2583694458,41340,41351,11
12.9874095917,80.2584533691,41351,41360,9
12.9873800278,80.2587127686,41360,41370,10
12.9873504639,80.2591323853,41370,41380,10
12.9873399734,80.2591781616,41380,41390,10
12.9872398376,80.2592697144,41390,41400,10
12.9871997833,80.2595291138,41400,41420,20
12.9871997833,80.2595291138,41420,41431,11
12.9870195389,80.2596282959,41431,41440,9
12.9868297577,80.2595901489,41440,41451,11
12.9865598679,80.2594833374,41451,41481,30
12.9865598679,80.2594833374,41481,41491,10
12.986579895,80.2593383789,41491,41501,10
12.9866695404,80.2591171265,41501,41511,10
12.9869298935,80.259147644,41511,41593,82
12.9869298935,80.259147644,41593,41603,10
12.9872598648,80.2591629028,41603,41694,91
12.9872598648,80.2591629028,41694,41704,10
12.987449646,80.2590637207,41704,41714,10
12.9874401093,80.2586288452,41714,41724,10
12.9874696732,80.258140564,41724,41735,11
12.9875297546,80.257598877,41735,41745,10
12.9875602722,80.2570800781,41745,41755,10
12.9876003265,80.2563171387,41755,41896,141
12.9876003265,80.2563171387,41896,41906,10
12.9875602722,80.2560806274,41906,41916,10
12.9876298904,80.2557067871,41916,41926,10
12.9876899719,80.2551803589,41926,41937,11
12.987739563,80.2548217773,41937,41947,10
12.9877901077,80.2546386719,41947,41957,10
12.9878501892,80.2540817261,41957,41967,10
12.9879102707,80.2533874512,41967,41977,10
12.9879598618,80.2526016235,41977,41987,10
12.9879198074,80.2520523071,41987,41997,10
12.987830162,80.2517700195,41997,42007,10
12.9878101349,80.251739502,42007,42017,10
12.987739563,80.2516479492,42017,42027,10
12.9872398376,80.2516479492,42027,42038,11
12.9863796234,80.2518310547,42038,42048,10
12.9855499268,80.2520065308,42048,42058,10
12.9845304489,80.252281189,42058,42068,10
12.9834003448,80.252571106,42068,42078,10
12.9821796417,80.2526626587,42078,42088,10
12.9810199738,80.2527008057,42088,42098,10
12.9805297852,80.2527313232,42098,42118,20
12.9805297852,80.2527313232,42118,42128,10
12.9804801941,80.2527008057,42128,42139,11
12.9802799225,80.2527008057,42139,42149,10
12.9799499512,80.2526397705,42149,42159,10
12.9799203873,80.2522888184,42159,42169,10
12.9799203873,80.252281189,42169,42179,10
12.9799699783,80.2521209717,42179,42189,10
12.9801101685,80.2516326904,42189,42199,10
12.980340004,80.2508926392,42199,42209,10
12.9805698395,80.2500228882,42209,42219,10
12.9807195663,80.2490310669,42219,42229,10
12.9807901382,80.2479400635,42229,42240,11
12.9808998108,80.2467498779,42240,42250,10
12.9810199738,80.2456130981,42250,42260,10
12.9811697006,80.2444534302,42260,42270,10
12.9812297821,80.2436981201,42270,42280,10
12.9813299179,80.2433395386,42280,42290,10
12.9813404083,80.2428436279,42290,42330,40
12.9813404083,80.2428436279,42330,42340,10
12.9813604355,80.2427368164,42340,42350,10
12.9813604355,80.2424316406,42350,42360,10
12.9813499451,80.2419433594,42360,42370,10
12.9813604355,80.2415924072,42370,42380,10
12.9813604355,80.2409591675,42380,42390,10
12.9813499451,80.2401504517,42390,42400,10
12.9813299179,80.2393875122,42400,42410,10
12.981300354,80.2385101318,42410,42421,11
12.9812698364,80.2379226685,42421,42431,10
12.9812698364,80.2378997803,42431,42441,10
12.9812602997,80.2374572754,42441,42451,10
12.9812498093,80.2367095947,42451,42461,10
12.9812202454,80.2358322144,42461,42471,10
12.9812002182,80.2350234985,42471,42481,10
12.9812803268,80.2341537476,42481,42491,10
12.9816198349,80.2333831787,42491,42501,10
12.9816598892,80.2332687378,42501,42511,10
12.981760025,80.2330627441,42511,42521,10
12.9819402695,80.2325286865,42521,42530,9
12.9819698334,80.2321395874,42530,42544,14
12.9819803238,80.2314987183,42544,42554,10
12.9818401337,80.2309799194,42554,42564,10
12.9815702438,80.23046875,42564,42574,10
12.9811201096,80.2297286987,42574,42584,10
12.9808397293,80.2292861938,42584,42594,10
12.9806699753,80.229057312,42594,42604,10
12.9805898666,80.2289505005,42604,42614,10
12.9804801941,80.2288208008,42614,42624,10
12.9802799225,80.2284622192,42624,42634,10
12.9802799225,80.2284011841,42634,42645,11
12.9800195694,80.2279434204,42645,42655,10
12.9796199799,80.2272720337,42655,42665,10
12.9791498184,80.2264633179,42665,42675,10
12.9786195755,80.2256011963,42675,42685,10
12.9781904221,80.2248687744,42685,42695,10
12.9780101776,80.2246627808,42695,42705,10
12.9777603149,80.224319458,42705,42715,10
12.9774599075,80.2238311768,42715,42725,10
12.9770498276,80.2231369019,42725,42735,10
12.9770202637,80.2227783203,42735,42746,11
12.9772100449,80.2227325439,42746,42756,10
12.9774703979,80.2226104736,42756,42766,10
12.9774799347,80.2221221924,42766,42776,10
12.9774503708,80.2214584351,42776,42786,10
12.9775896072,80.221282959,42786,42796,10
12.9782104492,80.2212295532,42796,42806,10
12.9790401459,80.2211380005,42806,42816,10
12.9803104401,80.2210464478,42816,42836,20
12.9803104401,80.2210464478,42836,42847,11
12.9806995392,80.2210235596,42847,42857,10
12.9812602997,80.2211380005,42857,42867,10
12.9818000793,80.2214431763,42867,42877,10
12.9823303223,80.2217102051,42877,42887,10
12.9828195572,80.2218704224,42887,42897,10
12.9829797745,80.2219467163,42897,42907,10
12.9831695557,80.2220535278,42907,42917,10
12.9835100174,80.2222595215,42917,42927,10
12.9840402603,80.2225799561,42927,42936,9
12.9845895767,80.2229537964,42936,42948,12
12.9852800369,80.2232589722,42948,42958,10
12.9857501984,80.2229995728,42958,42968,10
12.9863796234,80.2229690552,42968,42978,10
12.9864702225,80.2229690552,42978,42988,10
12.9868402481,80.2230072021,42988,42998,10
12.9873600006,80.2230987549,42998,43008,10
12.9880399704,80.2229232788,43008,43018,10
12.9886198044,80.2224197388,43018,43028,10
12.9891500473,80.221786499,43028,43038,10
12.9896297455,80.2210922241,43038,43049,11
12.9903001785,80.2204818726,43049,43059,10
12.99036026,80.2204284668,43059,43069,10
12.9906997681,80.2201919556,43069,43079,10
12.9911298752,80.2198562622,43079,43089,10
12.9914302826,80.2196273804,43089,43099,10
12.9917697906,80.2194137573,43099,43109,10
12.9922304153,80.2190475464,43109,43119,10
12.9928598404,80.2185668945,43119,43129,10
12.9934597015,80.218132019,43129,43138,9
12.9939498901,80.2177886963,43138,43150,12
12.9945697784,80.2173614502,43150,43160,10
12.99477005,80.2172012329,43160,43170,10
12.9951200485,80.2169799805,43170,43180,10
12.9956998825,80.2167434692,43180,43190,10
12.996430397,80.2165985107,43190,43200,10
12.9970397949,80.2164993286,43200,43210,10
12.9972496033,80.2163696289,43210,43220,10
12.9974603653,80.2161865234,43220,43230,10
12.9974603653,80.216178894,43230,43240,10
12.9975595474,80.2160797119,43240,43251,11
12.9979295731,80.2157592773,43251,43261,10
12.998459816,80.2153320313,43261,43271,10
12.9989995956,80.214881897,43271,43281,10
12.9992704391,80.2146072388,43281,43291,10
12.9997596741,80.2141799927,43291,43301,10
13.0002403259,80.2137527466,43301,43311,10
13.0008201599,80.2132492065,43311,43321,10
13.0011901855,80.2129592896,43321,43331,10
13.0016498566,80.2126235962,43331,43341,10
13.0022001266,80.2122879028,43341,43351,10
13.0025997162,80.2121505737,43351,43361,10
13.0031604767,80.212097168,43361,43371,10
13.0034999847,80.2120895386,43371,43381,10
13.0038700104,80.2120437622,43381,43392,11
13.0045099258,80.2122573853,43392,43402,10
13.0052204132,80.212638855,43402,43411,9
13.0059499741,80.2128677368,43411,43423,12
13.0069198608,80.2127532959,43423,43433,10
13.0075798035,80.2128601074,43433,43442,9
13.0076599121,80.2128982544,43442,43452,10
13.0077695847,80.2129974365,43452,43462,10
13.008099556,80.2132263184,43462,43472,10
13.0086297989,80.2135314941,43472,43482,10
13.0091295242,80.2142181396,43482,43492,10
13.0095996857,80.2149200439,43492,43502,10
13.0100803375,80.2155990601,43502,43512,10
13.0105800629,80.2163772583,43512,43522,10
13.0109300613,80.2172317505,43522,43532,10
13.0113401413,80.2182235718,43532,43542,10
13.0117197037,80.219329834,43542,43553,11
13.0121097565,80.2204971313,43553,43565,12
13.0123500824,80.2211532593,43565,43575,10
13.0124397278,80.2213134766,43575,43585,10
13.0125999451,80.221572876,43585,43595,10
13.0129804611,80.2220993042,43595,43605,10
13.0133600235,80.2225189209,43605,43615,10
13.013759613,80.2229614258,43615,43625,10
13.0140895844,80.2233810425,43625,43635,10
13.0144500732,80.2237319946,43635,43645,10
13.0147895813,80.2242126465,43645,43656,11
13.0151395798,80.224647522,43656,43666,10
13.0151500702,80.2246627808,43666,43676,10
13.0153198242,80.2248687744,43676,43686,10
13.01541996,80.224937439,43686,43696,10
13.0154600143,80.2249908447,43696,43706,10
13.0157604218,80.2252426147,43706,43716,10
13.0161600113,80.2253570557,43716,43726,10
13.0167503357,80.2252120972,43726,43736,10
13.0174999237,80.224899292,43736,43745,9
13.0182504654,80.224609375,43745,43757,12
13.019370079,80.2243881226,43757,43767,10
13.019900322,80.2246322632,43767,43777,10
13.0204000473,80.2249984741,43777,43787,10
13.0208597183,80.2253265381,43787,43797,10
13.0212402344,80.2256774902,43797,43807,10
13.0217599869,80.2260513306,43807,43817,10
13.0218801498,80.2261276245,43817,43827,10
13.0221204758,80.2263183594,43827,43837,10
13.0226097107,80.2267379761,43837,43846,9
13.0231199265,80.2272262573,43846,43858,12
13.0236797333,80.2277526855,43858,43868,10
13.0240898132,80.2281417847,43868,43878,10
13.0242204666,80.2282791138,43878,43888,10
13.024430275,80.2285690308,43888,43898,10
13.0247497559,80.2290725708,43898,43908,10
13.0251903534,80.2296066284,43908,43918,10
13.0256204605,80.23021698,43918,43928,10
13.0258703232,80.2306671143,43928,43938,10
13.0259199142,80.2308273315,43938,43948,10
13.0259304047,80.2309494019,43948,43959,11
13.0259399414,80.2309875488,43959,43969,10
13.0260095596,80.2313537598,43969,43979,10
13.0265197754,80.2312774658,43979,43989,10
13.0273199081,80.2310791016,43989,43999,10
13.0280504227,80.23097229,43999,44009,10
13.028960228,80.2308883667,44009,44040,31
13.0291500092,80.2309036255,44040,44071,31
13.0291500092,80.2309036255,44071,44081,10
13.0293197632,80.2308731079,44081,44091,10
13.0297002792,80.2308197021,44091,44101,10
13.0302295685,80.2307662964,44101,44111,10
13.0305204391,80.2307510376,44111,44121,10
13.0309696198,80.23072052,44121,44131,10
13.0316400528,80.230682373,44131,44141,10
13.0324602127,80.2305908203,44141,44151,10
13.0328998566,80.2305603027,44151,44162,11
13.0334100723,80.2305374146,44162,44212,50
13.0334100723,80.2305374146,44212,44222,10
13.0337600708,80.2304992676,44222,44232,10
13.0342702866,80.2304534912,44232,44242,10
13.034740448,80.2303237915,44242,44283,41
13.034740448,80.2303237915,44283,44293,10
13.035030365,80.23021698,44293,44303,10
13.0351400375,80.2300033569,44303,44313,10
13.0348997116,80.2298965454,44313,44322,9
13.0344696045,80.2298202515,44322,44455,133
13.0342197418,80.2300796509,44455,44486,31
13.0342197418,80.2300796509,44486,44496,10
13.0341701508,80.23021698,44496,44506,10
13.0341701508,80.2302322388,44506,44516,10
13.0341997147,80.2303466797,44516,44526,10
13.0340900421,80.2304534912,44526,44536,10
13.0339202881,80.23046875,44536,44546,10
13.0334796906,80.2304763794,44546,44556,10
13.0327100754,80.2305297852,44556,44567,11
13.0311603546,80.230682373,44567,44587,20
13.0309400558,80.2306900024,44587,44627,40
13.0309400558,80.2306900024,44627,44637,10
13.0306997299,80.2307434082,44637,44647,10
13.0302000046,80.2307891846,44647,44698,51
13.0302000046,80.2307891846,44698,44708,10
13.0297803879,80.2308197021,44708,44718,10
13.0293998718,80.2308578491,44718,44728,10
13.0290002823,80.2308731079,44728,44738,10
13.0287103653,80.2309188843,44738,44748,10
13.0283098221,80.2309875488,44748,44757,9
13.0280199051,80.231010437,44757,44769,12
13.0277099609,80.2312011719,44769,44779,10
13.0277099609,80.2317733765,44779,44789,10
13.027759552,80.2323379517,44789,44799,10
13.0277099609,80.2328109741,44799,44809,10
13.0271902084,80.2329177856,44809,44819,10
13.0269603729,80.2329711914,44819,44870,51
13.0269603729,80.2329711914,44870,44880,10
13.026599884,80.2330780029,44880,44890,10
13.0263204575,80.2325363159,44890,44900,10
13.0261297226,80.2318191528,44900,44910,10
13.025970459,80.231262207,44910,44920,10
13.0256500244,80.2304000854,44920,44930,10
13.0249996185,80.2294769287,44930,44940,10
13.0243701935,80.2286605835,44940,44950,10
13.0238103867,80.2280273438,44950,44960,10
13.023150444,80.2275085449,44960,44981,21
13.023150444,80.2275085449,44981,44991,10
13.022939682,80.2273406982,44991,45001,10
13.0227098465,80.2270812988,45001,45011,10
13.022359848,80.2266464233,45011,45021,10
13.0218296051,80.2261810303,45021,45031,10
13.0213804245,80.2258224487,45031,45041,10
13.0208702087,80.225440979,45041,45051,10
13.0201597214,80.224937439,45051,45061,10
13.0192604065,80.2244720459,45061,45072,11
13.0180196762,80.2248077393,45072,45082,10
13.0170297623,80.2252120972,45082,45092,10
13.0165996552,80.225402832,45092,45102,10
13.0164604187,80.2254714966,45102,45112,10
13.0160598755,80.2256088257,45112,45122,10
13.0154695511,80.2258529663,45122,45132,10
13.0147800446,80.2261276245,45132,45142,10
13.0143098831,80.2263336182,45142,45152,10
13.0143003464,80.2263336182,45152,45162,10
13.0140600204,80.2264175415,45162,45172,10
13.0135602951,80.226600647,45172,45182,10
13.012960434,80.2268066406,45182,45192,10
13.012169838,80.2270889282,45192,45202,10
13.0113201141,80.2274169922,45202,45212,10
13.0103998184,80.2277832031,45212,45222,10
13.0095901489,80.2278900146,45222,45232,10
13.00963974,80.2272796631,45232,45242,10
13.0099802017,80.2265396118,45242,45253,11
13.010430336,80.2255477905,45253,45263,10
13.0105695724,80.2252502441,45263,45273,10
13.0106897354,80.2250213623,45273,45283,10
13.0108699799,80.2245483398,45283,45293,10
13.0111303329,80.2238311768,45293,45303,10
13.0112695694,80.2232818604,45303,45313,10
13.0115003586,80.2227478027,45313,45323,10
13.0117902756,80.2220077515,45323,45333,10
13.0120801926,80.2212600708,45333,45343,10
13.0120296478,80.2206802368,45343,45353,10
13.0117797852,80.2198104858,45353,45363,10
13.0115003586,80.2188873291,45363,45376,13
13.0110702515,80.2176589966,45376,45385,9
13.0106897354,80.2168197632,45385,45398,13
13.010140419,80.2157516479,45398,45408,10
13.0096797943,80.2149581909,45408,45418,10
13.0091600418,80.2142715454,45418,45428,10
13.0084199905,80.2134399414,45428,45458,30
13.0084199905,80.2134399414,45458,45467,9
13.0081195831,80.2132873535,45467,45479,12
13.0080003738,80.2132415771,45479,45489,10
13.0077199936,80.2129974365,45489,45499,10
13.0072402954,80.2128295898,45499,45509,10
13.0065498352,80.2127914429,45509,45517,8
13.0059604645,80.2130203247,45517,45529,12
13.0051898956,80.2126464844,45529,45539,10
13.0045499802,80.212310791,45539,45549,10
13.0037603378,80.2121124268,45549,45559,10
13.0031604767,80.2120666504,45559,45568,9
13.002699852,80.2121276855,45568,45580,12
13.0021896362,80.212348938,45580,45590,10
13.0015897751,80.2127380371,45590,45600,10
13.0011796951,80.2130126953,45600,45610,10
13.0005903244,80.2134933472,45610,45620,10
12.9998998642,80.2141418457,45620,45630,10
12.9994001389,80.2145996094,45630,45640,10
12.9990797043,80.214881897,45640,45650,10
12.9986400604,80.2152786255,45650,45660,10
12.9979000092,80.2158813477,45660,45670,10
12.9974403381,80.2163009644,45670,45681,11
12.9973497391,80.2163619995,45681,45691,10
12.9970502853,80.2165374756,45691,45701,10
12.9964399338,80.2166137695,45701,45711,10
12.9955797195,80.2168426514,45711,45720,9
12.9949598312,80.2171783447,45720,45731,11
12.994389534,80.2175674438,45731,45741,10
12.993639946,80.2180786133,45741,45751,10
12.9927997589,80.2186584473,45751,45759,8
12.9921102524,80.2191696167,45759,45771,12
12.9911899567,80.2198562622,45771,45782,11
12.9907398224,80.220199585,45782,45792,10
12.9906597137,80.2202606201,45792,45802,10
12.9903402328,80.2205429077,45802,45812,10
12.9897403717,80.2210769653,45812,45822,10
12.9893503189,80.2215118408,45822,45833,11
12.9890098572,80.222038269,45833,45843,10
12.988409996,80.2226791382,45843,45853,10
12.9876499176,80.2231216431,45853,45873,20
12.9874696732,80.2231216431,45873,45893,20
12.9874696732,80.2231216431,45893,45904,11
12.9873199463,80.2230911255,45904,45914,10
12.9869604111,80.2230377197,45914,45924,10
12.9866695404,80.2229919434,45924,45934,10
12.9860696793,80.2229614258,45934,45944,10
12.9855804443,80.2232131958,45944,45954,10
12.9853000641,80.2232818604,45954,45963,9
12.9848604202,80.2231369019,45963,45974,11
12.9841604233,80.2227478027,45974,45986,12
12.9836502075,80.2224807739,45986,45996,10
12.9832897186,80.2222213745,45996,46014,18
12.9832897186,80.2222213745,46014,46026,12
12.9829597473,80.2220306396,46026,46036,10
12.9825897217,80.2218780518,46036,46046,10
12.9820995331,80.2217102051,46046,46056,10
12.9814796448,80.2212905884,46056,46066,10
12.9808597565,80.2210922241,46066,46076,10
12.9802398682,80.2211074829,46076,46087,11
12.979180336,80.221206665,46087,46097,10
12.9783496857,80.2212295532,46097,46107,10
12.9776496887,80.2212524414,46107,46117,10
12.9767398834,80.2212905884,46117,46127,10
12.9762001038,80.2213897705,46127,46137,10
12.9764204025,80.2218170166,46137,46167,30
12.9764204025,80.2218170166,46167,46177,10
12.9764404297,80.2220535278,46177,46188,11
12.9765396118,80.2222366333,46188,46198,10
12.9767599106,80.2225570679,46198,46208,10
12.9771499634,80.2231674194,46208,46218,10
12.977640152,80.2239532471,46218,46228,10
12.9779901505,80.2244567871,46228,46238,10
12.9781303406,80.2246780396,46238,46248,10
12.9782896042,80.224937439,46248,46258,10
12.9786300659,80.2255172729,46258,46268,10
12.9790496826,80.226272583,46268,46278,10
12.9794101715,80.2268371582,46278,46289,11
12.9798603058,80.2276229858,46289,46299,10
12.9804096222,80.2285003662,46299,46309,10
12.9808797836,80.2292404175,46309,46319,10
12.9813804626,80.2299880981,46319,46329,10
12.981710434,80.2305374146,46329,46339,10
12.9817399979,80.2305908203,46339,46349,10
12.9818897247,80.2310180664,46349,46359,10
12.9820299149,80.2318115234,46359,46369,10
12.9819698334,80.2326431274,46369,46377,8
12.9817495346,80.2332382202,46377,46390,13
12.9816198349,80.2335586548,46390,46400,10
12.981590271,80.2336196899,46400,46410,10
12.9813499451,80.2341079712,46410,46420,10
12.9812202454,80.2349090576,46420,46430,10
12.9812498093,80.2358779907,46430,46440,10
12.9812602997,80.2367324829,46440,46450,10
12.9812898636,80.2376480103,46450,46460,10
12.9812803268,80.2379989624,46460,46470,10
12.981300354,80.2385101318,46470,46479,9
12.981300354,80.2386703491,46479,46491,12
12.9812803268,80.2387771606,46491,46501,10
12.9812803268,80.2392196655,46501,46511,10
12.981300354,80.2395095825,46511,46521,10
12.9813203812,80.2397994995,46521,46531,10
12.9813299179,80.2403717041,46531,46541,10
12.9813404083,80.2411499023,46541,46551,10
12.9813499451,80.2418212891,46551,46561,10
12.9813699722,80.2427902222,46561,46581,20
12.9813699722,80.2427902222,46581,46592,11
12.9813404083,80.2432403564,46592,46602,10
12.981300354,80.2438735962,46602,46612,10
12.981180191,80.2446289063,46612,46622,10
12.9810600281,80.245552063,46622,46632,10
12.9809503555,80.2465591431,46632,46642,10
12.9808502197,80.2476425171,46642,46652,10
12.9807701111,80.2487792969,46652,46662,10
12.980629921,80.2499313354,46662,46672,10
12.9803495407,80.2510223389,46672,46681,9
12.9801797867,80.2518310547,46681,46693,12
12.9801101685,80.2520980835,46693,46703,10
12.9800701141,80.2522888184,46703,46713,10
12.980219841,80.252571106,46713,46723,10
12.9804697037,80.2526168823,46723,46733,10
12.9811000824,80.2526016235,46733,46743,10
12.9820604324,80.2525787354,46743,46753,10
12.9831399918,80.2525024414,46753,46764,11
12.9840698242,80.252281189,46764,46814,50
12.9840698242,80.252281189,46814,46824,10
12.9843301773,80.2522201538,46824,46834,10
12.9850797653,80.2520065308,46834,46854,20
12.9850797653,80.2520065308,46854,46864,10
12.9853096008,80.2519378662,46864,46874,10
12.9856100082,80.2518463135,46874,46957,83
12.9856100082,80.2518463135,46957,46967,10
12.985830307,80.2517700195,46967,46977,10
12.9858503342,80.2517700195,46977,46987,10
12.9859600067,80.2517166138,46987,46998,11
12.986410141,80.2516326904,46998,47008,10
12.9870195389,80.2514724731,47008,47018,10
12.9875898361,80.2512969971,47018,47149,131
12.9875898361,80.2512969971,47149,47159,10
12.9879198074,80.251449585,47159,47169,10
12.9880304337,80.2520828247,47169,47178,9
12.9879703522,80.2528533936,47178,47189,11
12.9878702164,80.2537918091,47189,47200,11
12.9877004623,80.2553024292,47200,47351,151
12.9877004623,80.2553024292,47351,47361,10
12.9877099991,80.2555007935,47361,47371,10
12.9876203537,80.2559204102,47371,47381,10
12.9875497818,80.2565612793,47381,47390,9
12.9874801636,80.2571029663,47390,47402,12
12.9874095917,80.2578887939,47402,47412,10
12.9873304367,80.2585678101,47412,47422,10
12.9872703552,80.2590408325,47422,47432,10
12.9871902466,80.2594909668,47432,47492,60
12.9871902466,80.2594909668,47492,47503,11
12.9868602753,80.2595367432,47503,47513,10
12.9866800308,80.2595214844,47513,47523,10
12.986579895,80.2593917847,47523,47533,10
12.986579895,80.2593307495,47533,47543,10
12.9866399765,80.2590866089,47543,47624,81
12.9870796204,80.2590866089,47624,47694,70
12.9870796204,80.2590866089,47694,47704,10
12.9873800278,80.2589569092,47704,47835,131
12.9873104095,80.2587203979,47835,47855,20
12.9873104095,80.2587203979,47855,47865,10
12.9873695374,80.2586135864,47865,47875,10
12.9874000549,80.2583999634,47875,47885,10
12.9874200821,80.258140564,47885,47895,10
12.9874401093,80.2578582764,47895,47908,13
12.9875001907,80.2573165894,47908,47918,10
12.987569809,80.2566833496,47918,47928,10
12.9876098633,80.2560806274,47928,47938,10
12.9876499176,80.2558135986,47938,47948,10
12.987739563,80.2548522949,47948,47968,20
12.987739563,80.2548522949,47968,47978,10
12.987739563,80.2546920776,47978,47988,10
12.9877595901,80.2542495728,47988,47998,10
12.9878101349,80.2536315918,47998,48009,11
12.9878902435,80.2527389526,48009,48019,10
12.987859726,80.2520675659,48019,48029,10
12.9877901077,80.2517166138,48029,48059,30
12.9877901077,80.2517166138,48059,48069,10
12.987569809,80.2516021729,48069,48079,10
12.9869604111,80.251663208,48079,48089,10
12.986240387,80.2518386841,48089,48099,10
12.9854602814,80.251991272,48099,48109,10
12.98458004,80.252243042,48109,48120,11
12.9835500717,80.2525100708,48120,48130,10
12.9825601578,80.2526397705,48130,48140,10
12.9815797806,80.2526702881,48140,48150,10
12.9806003571,80.2527008057,48150,48160,10
12.9799098969,80.2522735596,48160,48182,22
12.9799098969,80.2522735596,48182,48192,10
12.9799404144,80.2521362305,48192,48202,10
12.9800395966,80.2518081665,48202,48213,11
12.9802598953,80.251159668,48213,48223,10
12.9804601669,80.2504119873,48223,48233,10
12.9806499481,80.2495803833,48233,48243,10
12.9807395935,80.2487030029,48243,48253,10
12.980799675,80.2477874756,48253,48263,10
12.9808797836,80.2468566895,48263,48273,10
12.9809904099,80.2458572388,48273,48283,10
12.9811096191,80.2448120117,48283,48293,10
12.981180191,80.243888855,48293,48303,10
12.981300354,80.2435302734,48303,48314,11
12.9813499451,80.2427215576,48314,48334,20
12.9813499451,80.2427215576,48334,48344,10
12.9813299179,80.2426071167,48344,48354,10
12.9813299179,80.2423324585,48354,48364,10
12.9813098907,80.2418365479,48364,48374,10
12.9813203812,80.2411880493,48374,48384,10
12.9813098907,80.2404937744,48384,48394,10
12.981300354,80.2397079468,48394,48404,10
12.9812803268,80.2389831543,48404,48415,11
12.9812602997,80.2381896973,48415,48424,9
12.9812602997,80.2380065918,48424,48435,11
12.9812297821,80.2379074097,48435,48445,10
12.9812297821,80.2375183105,48445,48455,10
12.9812002182,80.2368927002,48455,48465,10
12.9811897278,80.2361602783,48465,48475,10
12.9811601639,80.2354202271,48475,48485,10
12.9811401367,80.2346496582,48485,48495,10
12.9812602997,80.2340698242,48495,48506,11
12.9815597534,80.2334136963,48506,48515,9
12.9816303253,80.2332687378,48515,48526,11
12.9816703796,80.2331924438,48526,48536,10
12.9818201065,80.2328796387,48536,48546,10
12.9819803238,80.232383728,48546,48557,11
12.9819602966,80.2320709229,48557,48566,9
12.9819602966,80.2317199707,48566,48603,37
12.9811201096,80.2297592163,48603,48616,13
12.9807500839,80.2291564941,48616,48628,12
12.9805803299,80.2288894653,48628,48638,10
12.9805202484,80.2287826538,48638,48648,10
12.9803104401,80.2284164429,48648,48658,10
12.9801197052,80.2280273438,48658,48668,10
12.9798202515,80.2275085449,48668,48678,10
12.9794902802,80.2269668579,48678,48688,10
12.9791202545,80.2263717651,48688,48698,10
12.9787197113,80.2257080078,48698,48708,10
12.9783401489,80.2250595093,48708,48719,11
12.9780197144,80.2245788574,48719,48729,10
12.9777402878,80.2241668701,48729,48739,10
12.977399826,80.2236175537,48739,48749,10
12.9770498276,80.2230529785,48749,48759,10
12.9770498276,80.2226867676,48759,48769,10
12.9771404266,80.2226867676,48769,48779,10
12.9772796631,80.2226791382,48779,48789,10
12.9774799347,80.2225036621,48789,48799,10
12.9774599075,80.222038269,48799,48809,10
12.9774398804,80.2214813232,48809,48820,11
12.9774303436,80.2212600708,48820,48830,10
12.977689743,80.2211990356,48830,48840,10
12.9780502319,80.2211914063,48840,48850,10
12.978679657,80.2211532593,48850,48860,10
12.9793901443,80.2210922241,48860,48870,10
12.9801301956,80.2210388184,48870,48880,10
12.9809503555,80.2209777832,48880,48890,10
12.981590271,80.2213287354,48890,48900,10
12.9819498062,80.2216186523,48900,48910,10
12.982460022,80.2217712402,48910,48921,11
12.9825201035,80.221786499,48921,48931,10
12.9829502106,80.2219696045,48931,48951,20
12.9829502106,80.2219696045,48951,48961,10
12.9833602905,80.2222137451,48961,48971,10
12.983880043,80.2224884033,48971,48981,10
12.9843502045,80.2227935791,48981,48991,10
12.984869957,80.2231216431,48991,49001,10
12.9853496552,80.2232437134,49001,49011,10
12.9857501984,80.2229690552,49011,49022,11
12.9863395691,80.2229614258,49022,49032,10
12.986410141,80.2229690552,49032,49042,10
12.9865703583,80.2229690552,49042,49052,10
12.9869098663,80.2230300903,49052,49062,10
12.9871101379,80.2230606079,49062,49072,10
12.987449646,80.2230834961,49072,49082,10
12.9879903793,80.2228775024,49082,49092,10
12.9885396957,80.2224197388,49092,49102,10
12.9890499115,80.2218399048,49102,49112,10
12.9895401001,80.2212524414,49112,49123,11
12.9902896881,80.2204589844,49123,49143,20
12.9902896881,80.2204589844,49143,49153,10
12.9905700684,80.2202377319,49153,49163,10
12.9908504486,80.2200317383,49163,49173,10
12.9913396835,80.2196502686,49173,49183,10
12.9919395447,80.2192306519,49183,49193,10
12.9925603867,80.2187805176,49193,49203,10
12.9932603836,80.2182617188,49203,49213,10
12.993929863,80.2177810669,49213,49224,11
12.9945497513,80.217338562,49224,49234,10
12.9949598312,80.2170410156,49234,49244,10
12.9953804016,80.2167816162,49244,49254,10
12.9960002899,80.2165908813,49254,49264,10
12.996720314,80.2164611816,49264,49274,10
12.9974403381,80.2161483765,49274,49294,20
12.9974403381,80.2161483765,49294,49304,10
12.9976100922,80.2160186768,49304,49314,10
12.9979200363,80.2157363892,49314,49325,11
12.998459816,80.2152633667,49325,49335,10
12.9989795685,80.2147979736,49335,49345,10
12.999250412,80.2145690918,49345,49355,10
12.9996795654,80.2142028809,49355,49365,10
13.0001497269,80.2137985229,49365,49375,10
13.0006399155,80.2133636475,49375,49385,10
13.0010795593,80.2129898071,49385,49395,10
13.001660347,80.212562561,49395,49405,10
13.0023202896,80.2121734619,49405,49415,10
13.0030403137,80.2120437622,49415,49425,10
13.0036802292,80.2119903564,49425,49435,10
13.0042600632,80.2121200562,49435,49445,10
13.0048103333,80.2124481201,49445,49455,10
13.0054798126,80.2128219604,49455,49465,10
13.0061903,80.2127914429,49465,49475,10
13.006939888,80.2127304077,49475,49485,10
13.0078296661,80.2130203247,49485,49516,31
13.0078296661,80.2130203247,49516,49527,11
13.0079803467,80.2131271362,49527,49536,9
13.0080699921,80.2131881714,49536,49546,10
13.0084695816,80.2133178711,49546,49556,10
13.0089302063,80.2138595581,49556,49566,10
13.0094003677,80.2145080566,49566,49576,10
13.0098199844,80.2151031494,49576,49586,10
13.0099201202,80.2152023315,49586,49596,10
13.0102300644,80.2155532837,49596,49606,10
13.0106601715,80.2162094116,49606,49616,10
13.0108804703,80.2169265747,49616,49629,13
13.0113401413,80.2181167603,49629,49639,10
13.0117101669,80.2192077637,49639,49649,10
13.012049675,80.2202987671,49649,49657,8
13.0123596191,80.2210922241,49657,49669,12
13.0126304626,80.2217636108,49669,49679,10
13.0130395889,80.2222213745,49679,49689,10
13.0134897232,80.2227325439,49689,49699,10
13.0139703751,80.2233123779,49699,49709,10
13.0143699646,80.2237014771,49709,49716,7
13.0147199631,80.2238388062,49716,49730,14
13.01541996,80.224822998,49730,49740,10
13.015540123,80.2249679565,49740,49750,10
13.0157003403,80.2251663208,49750,49760,10
13.0162200928,80.2253036499,49760,49770,10
13.016960144,80.225112915,49770,49780,10
13.0177202225,80.224822998,49780,49790,10
13.0183200836,80.2245788574,49790,49800,10
13.0195503235,80.2244110107,49800,49820,20
13.0195503235,80.2244110107,49820,49830,10
13.0197296143,80.2245407104,49830,49841,11
13.0201797485,80.2248535156,49841,49851,10
13.0207195282,80.2252578735,49851,49861,10
13.0212898254,80.2257080078,49861,49871,10
13.0218801498,80.2260971069,49871,49881,10
13.0219602585,80.2261734009,49881,49891,10
13.0220003128,80.2262115479,49891,49901,10
13.0222702026,80.2264404297,49901,49911,10
13.0227098465,80.2267990112,49911,49921,10
13.0232496262,80.2273025513,49921,49931,10
13.0237998962,80.2277984619,49931,49942,11
13.0242204666,80.2282791138,49942,49962,20
13.0242204666,80.2282791138,49962,49972,10
13.024430275,80.2285766602,49972,49982,10
13.024720192,80.229019165,49982,49992,10
13.0251502991,80.2295532227,49992,50002,10
13.025560379,80.2300872803,50002,50012,10
13.0259103775,80.23072052,50012,50022,10
13.0260801315,80.231338501,50022,50033,11
13.0266399384,80.2312393188,50033,50043,10
13.0275001526,80.2310180664,50043,50053,10
13.0282001495,80.2309265137,50053,50063,10
13.0284996033,80.2308883667,50063,50073,10
13.0287904739,80.2309036255,50073,50083,10
13.0293397903,80.2308502197,50083,50093,10
13.0298900604,80.230796814,50093,50103,10
13.0303001404,80.230758667,50103,50113,10
13.0305700302,80.2307281494,50113,50123,10
13.0309801102,80.2306976318,50123,50133,10
13.0314598083,80.2307128906,50133,50144,11
13.0321702957,80.2306289673,50144,50154,10
13.0328998566,80.2305526733,50154,50164,10
13.0335102081,80.2305526733,50164,50174,10
13.0342998505,80.230430603,50174,50214,40
13.0342998505,80.230430603,50214,50224,10
13.0346403122,80.2303314209,50224,50234,10
13.0349197388,80.2302093506,50234,50275,41
13.0349197388,80.2302093506,50275,50285,10
13.0350999832,80.2303619385,50285,50295,10
13.0348300934,80.2303695679,50295,50305,10
13.034330368,80.230430603,50305,50315,10
13.0339803696,80.23046875,50315,50325,10
13.0335702896,80.2304534912,50325,50335,10
13.032959938,80.2304992676,50335,50346,11
13.0322303772,80.2305831909,50346,50356,10
13.0315999985,80.2306518555,50356,50366,10
13.0309896469,80.2306976318,50366,50376,10
13.0307197571,80.2307434082,50376,50386,10
13.0303697586,80.230758667,50386,50396,10
13.0300703049,80.2307815552,50396,50406,10
13.0299196243,80.230796814,50406,50416,10
13.0298299789,80.2308120728,50416,50426,10
13.0296897888,80.2308425903,50426,50436,10
13.0293598175,80.2308807373,50436,50446,10
13.0287504196,80.2309112549,50446,50456,10
13.0281000137,80.2309570313,50456,50467,11
13.0277004242,80.2311019897,50467,50477,10
13.0277004242,80.2315597534,50477,50487,10
13.0277500153,80.2320632935,50487,50497,10
13.0278396606,80.2326507568,50497,50507,10
13.0274400711,80.2328414917,50507,50526,19
13.0274400711,80.2328414917,50526,50537,11
13.027299881,80.2329330444,50537,50549,12
13.0270204544,80.2330093384,50549,50557,8
13.0267601013,80.2330474854,50557,50627,70
13.0267601013,80.2330474854,50627,50640,13
13.0263500214,80.2328796387,50640,50650,10
13.0261802673,80.2322769165,50650,50660,10
13.0259895325,80.2315597534,50660,50670,10
13.0257902145,80.230796814,50670,50680,10
13.0254096985,80.2300186157,50680,50690,10
13.024889946,80.2293395996,50690,50700,10
13.0247097015,80.2291183472,50700,50710,10
13.0245304108,80.2288894653,50710,50720,10
13.0242395401,80.2284469604,50720,50730,10
13.0237998962,80.227897644,50730,50740,10
13.0232400894,80.2273635864,50740,50751,11
13.0225496292,80.2267532349,50751,50761,10
13.021900177,80.2261962891,50761,50771,10
13.0211896896,80.2256622314,50771,50781,10
13.0204601288,80.2251281738,50781,50791,10
13.019780159,80.2246704102,50791,50801,10
13.0189599991,80.2244186401,50801,50811,10
13.0180702209,80.2247390747,50811,50821,10
13.0171804428,80.225112915,50821,50828,7
13.0165996552,80.2253570557,50828,50842,14
13.0157804489,80.2256698608,50842,50852,10
13.015250206,80.2258911133,50852,50862,10
13.0150403976,80.2259597778,50862,50872,10
13.0145998001,80.2260894775,50872,50912,40
13.0145998001,80.2260894775,50912,50922,10
13.0143899918,80.2260818481,50922,50932,10
13.0141496658,80.2261505127,50932,50943,11
13.0141296387,80.2259597778,50943,50953,10
13.0141296387,80.2258605957,50953,50963,10
13.0140695572,80.2255706787,50963,51054,91
13.0141096115,80.2252120972,51054,51114,60
13.0141096115,80.2252120972,51114,51124,10
13.0141401291,80.2251205444,51124,51134,10
13.0142698288,80.2251968384,51134,51144,10
13.0143003464,80.2253417969,51144,51155,11
13.014289856,80.2256469727,51155,51306,151
13.014289856,80.2256469727,51306,51316,10
13.0143098831,80.2257766724,51316,51326,10
13.0142202377,80.2261505127,51326,51357,31
13.0142202377,80.2261505127,51357,51367,10
13.0140104294,80.2263412476,51367,51377,10
13.0135602951,80.2265167236,51377,51387,10
13.0130195618,80.2267379761,51387,51397,10
13.0124397278,80.2269973755,51397,51407,10
13.0117502213,80.2272415161,51407,51417,10
13.0109195709,80.2275619507,51417,51427,10
13.0100803375,80.2278823853,51427,51437,10
13.0095300674,80.2276992798,51437,51448,11
13.0097303391,80.2271575928,51448,51458,10
13.0100402832,80.2264709473,51458,51468,10
13.0103902817,80.2256698608,51468,51478,10
13.0106201172,80.2251434326,51478,51488,10
13.0107698441,80.2247924805,51488,51498,10
13.01101017,80.2241592407,51498,51507,9
13.0112600327,80.2235107422,51507,51518,11
13.011639595,80.2233505249,51518,51528,10
13.0122404099,80.2236709595,51528,51538,10
13.0128698349,80.2240982056,51538,51550,12
13.0139598846,80.224571228,51550,51558,8
13.0145196915,80.2248687744,51558,51570,12
13.0151596069,80.2253265381,51570,51580,10
13.0158004761,80.2253036499,51580,51590,10
13.0165901184,80.2252807617,51590,51600,10
13.0174398422,80.2249603271,51600,51610,10
13.0183601379,80.2245864868,51610,51620,10
13.0191898346,80.2243728638,51620,51630,10
13.0196695328,80.2245101929,51630,51640,10
13.0200996399,80.2248077393,51640,51651,11
13.0207700729,80.2252883911,51651,51661,10
13.0214004517,80.2257766724,51661,51671,10
13.022069931,80.2262878418,51671,51681,10
13.0227298737,80.2268371582,51681,51691,10
13.023440361,80.2274780273,51691,51701,10
13.0241003036,80.2280731201,51701,51711,10
13.0244197845,80.2283935547,51711,51721,10
13.0242595673,80.228553772,51721,51731,10
13.0239696503,80.2282333374,51731,51741,10
13.0235795975,80.2277984619,51741,51751,10
13.0230998993,80.2274627686,51751,51802,51
13.0228204727,80.2272567749,51802,52075,273
13.0228204727,80.2272567749,52075,52085,10
13.0226602554,80.2271575928,52085,52095,10
13.022600174,80.2269515991,52095,52105,10
13.0225200653,80.2268066406,52105,52115,10
13.0222797394,80.2265930176,52115,52125,10
13.0219497681,80.2262802124,52125,52135,10
13.0207700729,80.2253417969,52135,52145,10
13.0207700729,80.2253417969,52145,52155,10
13.0200796127,80.2248687744,52155,52164,9
13.0193901062,80.2244873047,52164,52175,11
13.0183401108,80.2246627808,52175,52186,11
13.0173101425,80.2250900269,52186,52196,10
13.016699791,80.2253265381,52196,52206,10
13.0163602829,80.2254562378,52206,52216,10
13.0159301758,80.2256393433,52216,52226,10
13.0155000687,80.2258300781,52226,52236,10
13.0150899887,80.2259979248,52236,52246,10
13.0143899918,80.2262573242,52246,52277,31
13.0143899918,80.2262573242,52277,52287,10
13.0142402649,80.2263183594,52287,52297,10
13.0139503479,80.2264099121,52297,52307,10
13.0133800507,80.2266235352,52307,52317,10
13.0126495361,80.2268981934,52317,52327,10
13.0117902756,80.2272262573,52327,52337,10
13.0108804703,80.2275924683,52337,52347,10
13.0100297928,80.2279205322,52347,52357,10
13.0094900131,80.2276687622,52357,52367,10
13.0097703934,80.2270278931,52367,52379,12
13.0102300644,80.2260971069,52379,52387,8
13.0104598999,80.2256011963,52387,52397,10
13.01060009,80.2252731323,52397,52407,10
13.0107698441,80.2248382568,52407,52417,10
13.0109701157,80.2243423462,52417,52428,11
13.011300087,80.223487854,52428,52437,9
13.0115804672,80.2227630615,52437,52448,11
13.0119199753,80.2217636108,52448,52459,11
13.0121202469,80.2209014893,52459,52471,12
13.0118198395,80.2198181152,52471,52481,10
13.0115299225,80.2189102173,52481,52491,10
13.0112495422,80.2180786133,52491,52501,10
13.010890007,80.2172393799,52501,52511,10
13.0105199814,80.2164535522,52511,52521,10
13.0101203918,80.2157669067,52521,52531,10
13.0097904205,80.215133667,52531,52541,10
13.0094499588,80.2146606445,52541,52551,10
13.0089702606,80.2140426636,52551,52562,11
13.0084495544,80.2134170532,52562,52572,10
13.0082702637,80.2133483887,52572,52592,20
13.0082702637,80.2133483887,52592,52602,10
13.0080699921,80.2132415771,52602,52612,10
13.0079698563,80.213142395,52612,52622,10
13.0078697205,80.2130508423,52622,52632,10
13.007519722,80.2128372192,52632,52642,10
13.0069799423,80.2127532959,52642,52652,10
13.0062599182,80.2127990723,52652,52661,9
13.0056295395,80.2128829956,52661,52671,10
13.0048704147,80.2124023438,52671,52683,12
13.0038404465,80.2120513916,52683,52693,10
13.0031900406,80.212059021,52693,52703,10
13.0026702881,80.2120895386,52703,52713,10
13.0023403168,80.2121963501,52713,52723,10
13.0018796921,80.2124633789,52723,52733,10
13.001449585,80.2127838135,52733,52743,10
13.0010099411,80.2131271362,52743,52751,8
13.0005598068,80.2135314941,52751,52764,13
12.9998502731,80.2141799927,52764,52774,10
12.9994297028,80.2145309448,52774,52784,10
12.9991703033,80.2147598267,52784,52794,10
12.9988498688,80.2150421143,52794,52804,10
12.9982700348,80.2155227661,52804,52814,10
12.9976196289,80.2160873413,52814,52834,20
12.9976196289,80.2160873413,52834,52844,10
12.9973297119,80.2163925171,52844,52854,10
12.9971199036,80.216506958,52854,52865,11
12.9965400696,80.216583252,52865,52875,10
12.9960203171,80.2166900635,52875,52885,10
12.995300293,80.2169265747,52885,52895,10
12.9948701859,80.2172088623,52895,52905,10
12.9944696426,80.2174911499,52905,52915,10
12.994099617,80.2177581787,52915,52925,10
12.9937000275,80.2180023193,52925,52935,10
12.9931201935,80.2183837891,52935,52945,10
12.9925403595,80.2188415527,52945,52955,10
12.9918403625,80.219367981,52955,52966,11
12.9916000366,80.2195587158,52966,52976,10
12.9912796021,80.2197723389,52976,52986,10
12.9908304214,80.2201080322,52986,52996,10
12.9907999039,80.2201385498,52996,53006,10
12.9905099869,80.2203598022,53006,53016,10
12.9899902344,80.2207717896,53016,53026,10
12.9894504547,80.2213821411,53026,53036,10
12.9890098572,80.2220306396,53036,53046,10
12.9884595871,80.2225570679,53046,53056,10
12.987830162,80.2230834961,53056,53067,11
12.987660408,80.2231063843,53067,53077,10
12.987569809,80.2230987549,53077,53087,10
12.9874696732,80.2230911255,53087,53097,10
12.9874296188,80.2230987549,53097,53107,10
12.9872398376,80.2230834961,53107,53117,10
12.9869499207,80.2230300903,53117,53127,10
12.9863595963,80.2229690552,53127,53137,10
12.9856700897,80.2230606079,53137,53147,10
12.9851503372,80.2232437134,53147,53157,10
12.9844999313,80.2229309082,53157,53168,11
12.9839496613,80.2225875854,53168,53178,10
12.9835596085,80.2223510742,53178,53188,10
12.9832496643,80.22215271,53188,53198,10
12.9832401276,80.22215271,53198,53208,10
12.9829301834,80.2219924927,53208,53218,10
12.9824199677,80.2218475342,53218,53228,10
12.9818401337,80.221496582,53228,53238,10
12.9812402725,80.2211532593,53238,53248,10
12.9808301926,80.2210693359,53248,53258,10
12.9801902771,80.2211227417,53258,53268,10
12.9793901443,80.2211608887,53268,53278,10
12.9785299301,80.2211914063,53278,53288,10
12.9778795242,80.2211914063,53288,53299,11
12.977399826,80.2212219238,53299,53309,10
12.976849556,80.2212524414,53309,53318,9
12.9763402939,80.2212600708,53318,53329,11
12.9762496948,80.2216491699,53329,53358,29
12.9762496948,80.2216491699,53358,53369,11
12.9763498306,80.221786499,53369,53379,10
12.9765396118,80.22215271,53379,53391,12
12.9769496918,80.2228088379,53391,53401,10
12.9773397446,80.2234573364,53401,53409,8
12.9777202606,80.2240371704,53409,53419,10
12.9781799316,80.2248077393,53419,53429,10
12.9785299301,80.2253570557,53429,53439,10
12.9785499573,80.2253875732,53439,53449,10
12.9785804749,80.225440979,53449,53459,10
12.9787998199,80.2258529663,53459,53472,13
12.9792499542,80.2265777588,53472,53482,10
12.9796495438,80.2272415161,53482,53492,10
12.9800395966,80.2278823853,53492,53502,10
12.9804401398,80.2286224365,53502,53512,10
12.9807300568,80.229133606,53512,53522,10
12.9809999466,80.2295608521,53522,53532,10
12.9814596176,80.2302093506,53532,53542,10
12.9816503525,80.2304992676,53542,53552,10
12.9817800522,80.230796814,53552,53562,10
12.9819498062,80.2314834595,53562,53573,11
12.9819803238,80.2323608398,53573,53583,10
12.9817800522,80.2330474854,53583,53593,10
12.9815797806,80.2335281372,53593,53603,10
12.9815702438,80.2335510254,53603,53613,10
12.9813604355,80.2339630127,53613,53623,10
12.9811897278,80.2347412109,53623,53633,10
12.9812202454,80.2357330322,53633,53643,10
12.9812803268,80.2365570068,53643,53653,10
12.981300354,80.237487793,53653,53662,9
12.981300354,80.2381210327,53662,53674,12
12.9813098907,80.2386474609,53674,53684,10
12.9812898636,80.238861084,53684,53694,10
12.981300354,80.2393417358,53694,53704,10
12.981300354,80.2395324707,53704,53714,10
12.9813203812,80.2397003174,53714,53724,10
12.9813404083,80.240196228,53724,53734,10
12.9813604355,80.2409591675,53734,53744,10
12.9813604355,80.2418136597,53744,53754,10
12.9813604355,80.2422714233,53754,53764,10
12.9813699722,80.2424697876,53764,53775,11
12.9813804626,80.242477417,53775,53785,10
12.9813604355,80.242729187,53785,53795,10
12.9813699722,80.2430725098,53795,53805,10
12.9813404083,80.243637085,53805,53815,10
12.9812402725,80.2444763184,53815,53825,10
12.9811096191,80.2454681396,53825,53835,10
12.981010437,80.2465209961,53835,53845,10
12.9809103012,80.2475891113,53845,53855,10
12.9808301926,80.2486801147,53855,53865,10
12.9806804657,80.2498016357,53865,53876,11
12.9803800583,80.2510528564,53876,53886,10
12.9801397324,80.2520294189,53886,53896,10
12.980099678,80.2522277832,53896,53906,10
12.9801301956,80.2525024414,53906,53916,10
12.9805297852,80.2526321411,53916,53926,10
12.9812498093,80.2526016235,53926,53936,10
12.9821796417,80.252571106,53936,53946,10
12.9832601547,80.2524795532,53946,53956,10
12.9843397141,80.2522277832,53956,53966,10
12.9854202271,80.251953125,53966,53977,11
12.9864797592,80.251663208,53977,54047,70
12.9864797592,80.251663208,54047,54057,10
12.986700058,80.2516098022,54057,54067,10
12.9872903824,80.251449585,54067,54078,11
12.9877796173,80.251373291,54078,54088,10
12.9879703522,80.2518005371,54088,54098,10
12.9880104065,80.252456665,54098,54108,10
12.9879198074,80.2533416748,54108,54118,10
12.9878396988,80.2541732788,54118,54128,10
12.9878101349,80.2547531128,54128,54199,71
12.9878101349,80.2547531128,54199,54209,10
12.9877500534,80.2551803589,54209,54219,10
12.9876804352,80.2557220459,54219,54229,10
12.9875898361,80.2562026978,54229,54239,10
12.9875402451,80.2566986084,54239,54249,10
12.9874897003,80.2573394775,54249,54259,10
12.9874401093,80.2580871582,54259,54269,10
12.9873304367,80.2589492798,54269,54300,31
12.9873304367,80.2589492798,54300,54311,11
12.9872198105,80.2593231201,54311,54350,39
12.9870901108,80.2596130371,54350,54370,20
12.9870901108,80.2596130371,54370,54380,10
12.9867601395,80.2595062256,54380,54392,12
12.9866104126,80.2594833374,54392,54402,10
12.9865703583,80.2593002319,54402,54412,10
12.9867095947,80.2590713501,54412,54836,424
12.9870195389,80.2590789795,54836,54887,51
12.9870195389,80.2590789795,54887,54897,10
12.9872703552,80.2590789795,54897,54907,10
12.9873304367,80.2589416504,54907,54917,10
12.9873504639,80.2587509155,54917,54927,10
12.9873695374,80.2583312988,54927,54937,10
12.9873895645,80.258102417,54937,54947,10
12.9874296188,80.2575912476,54947,54957,10
12.9874696732,80.2570724487,54957,54967,10
12.9875402451,80.2566375732,54967,54976,9
12.9875802994,80.2562408447,54976,54988,12
12.9875802994,80.255859375,54988,54998,10
12.9876804352,80.2554702759,54998,55008,10
12.9877004623,80.2550201416,55008,55018,10
12.9877099991,80.2549362183,55018,55028,10
12.9877500534,80.2546691895,55028,55038,10
12.9877996445,80.2540283203,55038,55048,10
12.9878702164,80.2532119751,55048,55058,10
12.987830162,80.2518920898,55058,55078,20
12.987830162,80.2518920898,55078,55089,11
12.9877500534,80.2516326904,55089,55099,10
12.987660408,80.2515869141,55099,55109,10
12.9872903824,80.2516174316,55109,55119,10
12.9867696762,80.2517089844,55119,55129,10
12.986240387,80.2518234253,55129,55139,10
12.9854898453,80.2519989014,55139,55150,11
12.9844799042,80.252281189,55150,55160,10
12.9834899902,80.252532959,55160,55170,10
12.9824800491,80.2526397705,55170,55180,10
12.9814300537,80.2526702881,55180,55190,10
12.9801902771,80.2527313232,55190,55252,62
12.9801902771,80.2527313232,55252,55260,8
12.9799499512,80.2527236938,55260,55270,10
12.9798498154,80.2524108887,55270,55280,10
12.9798698425,80.2523422241,55280,55293,13
12.9799404144,80.2520904541,55293,55303,10
12.9800596237,80.2517700195,55303,55313,10
12.9802398682,80.2512207031,55313,55323,10
12.9804401398,80.2504882813,55323,55330,7
12.9805698395,80.2499084473,55330,55341,11
12.9807195663,80.2489089966,55341,55353,12
12.9808101654,80.2477035522,55353,55363,10
12.9808998108,80.2466430664,55363,55373,10
12.981010437,80.2456512451,55373,55383,10
12.9811000824,80.2446670532,55383,55394,11
12.9811296463,80.2440872192,55394,55404,10
12.9811496735,80.2439727783,55404,55424,20
12.9811496735,80.2439727783,55424,55434,10
12.9812297821,80.2436828613,55434,55444,10
12.9813203812,80.2433776855,55444,55454,10
12.9813203812,80.2429122925,55454,55464,10
12.9813203812,80.2428970337,55464,55474,10
12.9813404083,80.2427368164,55474,55484,10
12.9813404083,80.2423171997,55484,55495,11
12.9813203812,80.2417526245,55495,55505,10
12.9813203812,80.2409820557,55505,55515,10
12.981300354,80.2401504517,55515,55525,10
12.981300354,80.2397613525,55525,55535,10
12.981300354,80.239616394,55535,55545,10
12.9812898636,80.239151001,55545,55555,10
12.9812602997,80.2384567261,55555,55565,10
12.9812602997,80.2379989624,55565,55575,10
12.9812402725,80.2376403809,55575,55585,10
12.9812202454,80.2369918823,55585,55596,11
12.9812202454,80.2360992432,55596,55606,10
12.981180191,80.2352218628,55606,55616,10
12.9812002182,80.234336853,55616,55626,10
12.9814996719,80.2335586548,55626,55636,10
12.9816303253,80.2332992554,55636,55646,10
12.9817199707,80.2331008911,55646,55656,10
12.9819202423,80.2326278687,55656,55666,10
12.9819803238,80.2322998047,55666,55676,10
12.9819602966,80.231842041,55676,55686,10
12.9819002151,80.2313537598,55686,55697,11
12.981710434,80.2307815552,55697,55707,10
12.9813899994,80.2302017212,55707,55717,10
12.9809703827,80.2295532227,55717,55727,10
12.9807395935,80.2291717529,55727,55737,10
12.980629921,80.2289962769,55737,55747,10
12.980509758,80.2287826538,55747,55757,10
12.9802999496,80.2283401489,55757,55765,8
12.9801101685,80.2279891968,55765,55779,14
12.9796304703,80.2272262573,55779,55789,10
12.9792003632,80.2265167236,55789,55800,11
12.9787197113,80.225730896,55800,55810,10
12.978219986,80.2249069214,55810,55820,10
12.9777898788,80.2242965698,55820,55830,10
12.9774103165,80.2236480713,55830,55840,10
12.9770202637,80.2230072021,55840,55850,10
12.9769802094,80.2227172852,55850,55861,11
12.9771404266,80.22265625,55861,55870,9
12.9772701263,80.22265625,55870,55880,10
12.9774904251,80.2224884033,55880,55890,10
12.9774799347,80.2220306396,55890,55901,11
12.9774599075,80.2214202881,55901,55911,10
12.9776096344,80.221206665,55911,55921,10
12.9780502319,80.221206665,55921,55931,10
12.9788198471,80.2211608887,55931,55941,10
12.9796800613,80.2210769653,55941,55951,10
12.9805202484,80.2210006714,55951,55960,9
12.9811897278,80.2210998535,55960,55971,11
12.981880188,80.2215270996,55971,55981,10
12.9824895859,80.2217712402,55981,55991,10
12.9828796387,80.2219161987,55991,56013,22
12.9828796387,80.2219161987,56013,56023,10
12.9833602905,80.2221832275,56023,56033,10
12.9836597443,80.2223968506,56033,56043,10
12.9841804504,80.2227096558,56043,56053,10
12.9847402573,80.2230529785,56053,56063,10
12.985250473,80.2232131958,56063,56073,10
12.9856500626,80.2229614258,56073,56083,10
12.9863004684,80.2229232788,56083,56093,10
12.9868602753,80.2230224609,56093,56104,11
12.9874897003,80.2230834961,56104,56114,10
12.9880599976,80.2228393555,56114,56124,10
12.9886598587,80.2223129272,56124,56134,10
12.9891996384,80.2217102051,56134,56144,10
12.9897098541,80.2210006714,56144,56154,10
12.9902601242,80.220489502,56154,56164,10
12.9908399582,80.2200317383,56164,56174,10
12.991399765,80.2195968628,56174,56184,10
12.9919700623,80.2192077637,56184,56194,10
12.992650032,80.2187194824,56194,56205,11
12.9935102463,80.2180786133,56205,56215,10
12.9941196442,80.2176589966,56215,56225,10
12.9945497513,80.2173614502,56225,56235,10
12.995010376,80.2170333862,56235,56245,10
12.9955396652,80.2167282104,56245,56255,10
12.9961996078,80.2165603638,56255,56265,10
12.9968204498,80.2164382935,56265,56275,10
12.9972400665,80.2163314819,56275,56285,10
12.9972801208,80.216293335,56285,56296,11
12.9975595474,80.2160186768,56296,56306,10
12.9979896545,80.215637207,56306,56316,10
12.9985303879,80.2151565552,56316,56326,10
12.9989900589,80.2147598267,56326,56336,10
12.999250412,80.2145690918,56336,56346,10
12.9996795654,80.2142181396,56346,56356,10
13.0000801086,80.2138595581,56356,56366,10
13.0009002686,80.213142395,56366,56386,20
13.0009002686,80.213142395,56386,56397,11
13.0012397766,80.212928772,56397,56407,10
13.0016202927,80.212638855,56407,56417,10
13.0019702911,80.2124023438,56417,56427,10
13.0024204254,80.2121887207,56427,56437,10
13.0028495789,80.2121124268,56437,56447,10
13.0033102036,80.2120513916,56447,56457,10
13.0038604736,80.2120132446,56457,56467,10
13.0044202805,80.2122268677,56467,56477,10
13.0048799515,80.2124710083,56477,56487,10
13.0055103302,80.2127990723,56487,56497,10
13.0062103271,80.2127532959,56497,56508,11
13.007060051,80.2127685547,56508,56518,10
13.0075502396,80.212852478,56518,56528,10
13.0075597763,80.2128601074,56528,56538,10
13.0077600479,80.2129821777,56538,56548,10
13.0080003738,80.2131729126,56548,56558,10
13.0085296631,80.2134170532,56558,56568,10
13.0089597702,80.2140197754,56568,56578,10
13.0094499588,80.2147216797,56578,56588,10
13.0098495483,80.2152481079,56588,56597,9
13.0102796555,80.2158203125,56597,56609,12
13.0107402802,80.2166366577,56609,56619,10
13.011059761,80.2173233032,56619,56629,10
13.0113096237,80.2180099487,56629,56639,10
13.0114402771,80.2182769775,56639,56649,10
13.011639595,80.2187728882,56649,56659,10
13.0118904114,80.219619751,56659,56668,9
13.0121002197,80.2203674316,56668,56680,12
13.0124597549,80.2213821411,56680,56690,10
13.012720108,80.2217712402,56690,56700,10
13.0131998062,80.2223205566,56700,56710,10
13.0136003494,80.2228622437,56710,56720,10
13.0139503479,80.2231903076,56720,56730,10
13.0141601563,80.223487854,56730,56740,10
13.0145397186,80.2239227295,56740,56750,10
13.0148200989,80.2242965698,56750,56761,11
13.014960289,80.2244796753,56761,56772,11
13.0152902603,80.2248382568,56772,56781,9
13.0153398514,80.224861145,56781,56791,10
13.0155096054,80.2249603271,56791,56801,10
13.0159101486,80.2252731323,56801,56811,10
13.0164804459,80.2252731323,56811,56821,10
13.0172100067,80.2250137329,56821,56831,10
13.0180196762,80.2247009277,56831,56841,10
13.0187702179,80.2244033813,56841,56851,10
13.0192699432,80.2243423462,56851,56861,10
13.0193099976,80.2243499756,56861,56871,10
13.019610405,80.2244567871,56871,56881,10
13.0198602676,80.2246170044,56881,56891,10
13.0202302933,80.2249069214,56891,56904,13
13.0207796097,80.2253265381,56904,56914,10
13.0211696625,80.2256622314,56914,56924,10
13.0215501785,80.2259368896,56924,56934,10
13.0216798782,80.226020813,56934,56944,10
13.0219402313,80.2261962891,56944,56954,10
13.0223798752,80.2265625,56954,56964,10
13.0229301453,80.2270431519,56964,56974,10
13.0234498978,80.2275314331,56974,56984,10
13.0239801407,80.2280197144,56984,56994,10
13.0242004395,80.2282409668,56994,57005,11
13.0243301392,80.2284317017,57005,57015,10
13.0245895386,80.2288131714,57015,57025,10
13.0248804092,80.2292480469,57025,57035,10
13.0253200531,80.2297973633,57035,57045,10
13.0257501602,80.2304534912,57045,57055,10
13.025970459,80.231010437,57055,57065,10
13.0260000229,80.2312393188,57065,57075,10
13.0261898041,80.231300354,57075,57085,10
13.026599884,80.2312088013,57085,57095,10
13.0271902084,80.2310791016,57095,57106,11
13.0277099609,80.2309875488,57106,57116,10
13.0280799866,80.2309494019,57116,57126,10
13.0281600952,80.2309265137,57126,57136,10
13.0283298492,80.2309112549,57136,57146,10
13.0286903381,80.2308883667,57146,57156,10
13.0291996002,80.2308502197,57156,57217,61
13.0291996002,80.2308502197,57217,57227,10
13.0293798447,80.2308120728,57227,57237,10
13.0298404694,80.2307815552,57237,57247,10
13.0305404663,80.230758667,57247,57308,61
13.0305404663,80.230758667,57308,57318,10
13.0307598114,80.2306900024,57318,57328,10
13.0311698914,80.230682373,57328,57338,10
13.0318498611,80.2306213379,57338,57348,10
13.03262043,80.2305831909,57348,57358,10
13.0333795547,80.2305526733,57358,57368,10
13.034040451,80.23046875,57368,57398,30
13.034040451,80.23046875,57398,57408,10
13.0341901779,80.2304000854,57408,57419,11
13.034529686,80.2303619385,57419,57429,10
13.0347795486,80.2303009033,57429,57439,10
13.0349702835,80.2302017212,57439,57449,10
13.0350503922,80.2299880981,57449,57459,10
13.034910202,80.2298965454,57459,57469,10
13.0345096588,80.2298431396,57469,57489,20
13.0345096588,80.2298431396,57489,57499,10
13.0342597961,80.2298126221,57499,57692,193
13.0342197418,80.230140686,57692,57845,153
13.0342197418,80.230140686,57845,57855,10
13.0339097977,80.2304763794,57855,57865,10
13.0333204269,80.2305221558,57865,57875,10
13.0325098038,80.2305908203,57875,57885,10
13.0316696167,80.2306671143,57885,57895,10
13.0308799744,80.230758667,57895,57905,10
13.03028965,80.230796814,57905,57916,11
13.0296096802,80.2308578491,57916,57936,20
13.0296096802,80.2308578491,57936,57946,10
13.0294599533,80.2308807373,57946,57956,10
13.0290002823,80.2309188843,57956,57966,10
13.0284204483,80.2309799194,57966,57976,10
13.0277996063,80.2310333252,57976,57986,10
13.0276699066,80.231300354,57986,57996,10
13.0277099609,80.2318725586,57996,58006,10
13.0277996063,80.2325592041,58006,58017,11
13.0274200439,80.2328491211,58017,58027,10
13.0268697739,80.2329406738,58027,58067,40
13.0268697739,80.2329406738,58067,58077,10
13.0266399384,80.233039856,58077,58087,10
13.0264396667,80.2330627441,58087,58097,10
13.0263004303,80.232749939,58097,58107,10
13.0261898041,80.2323379517,58107,58117,10
13.0260696411,80.2318115234,58117,58128,11
13.0259504318,80.2312774658,58128,58138,10
13.0256795883,80.2305221558,58138,58148,10
13.0251197815,80.2297363281,58148,58158,10
13.0248498917,80.2294235229,58158,58168,10
13.0246696472,80.2291870117,58168,58188,20
13.0246696472,80.2291870117,58188,58198,10
13.0245304108,80.2289962769,58198,58208,10
13.0242395401,80.2285919189,58208,58219,11
13.0236797333,80.227897644,58219,58229,10
13.0230302811,80.2274398804,58229,58249,20
13.0230302811,80.2274398804,58249,58259,10
13.0228395462,80.2273101807,58259,58269,10
13.0226097107,80.2269897461,58269,58299,30
13.0226097107,80.2269897461,58299,58309,10
13.0224504471,80.2267532349,58309,58319,10
13.0219602585,80.22631073,58319,58330,11
13.0213403702,80.2258377075,58330,58340,10
13.021109581,80.2256774902,58340,58350,10
13.0210504532,80.2256317139,58350,58360,10
13.0209503174,80.2255477905,58360,58370,10
13.0205602646,80.2252807617,58370,58380,10
13.0199699402,80.2248687744,58380,58390,10
13.0191602707,80.2244796753,58390,58400,10
13.0181398392,80.2247619629,58400,58410,10
13.0171899796,80.2251434326,58410,58420,10
13.0168104172,80.2253112793,58420,58431,11
13.0164604187,80.2254562378,58431,58441,10
13.0160799026,80.2256011963,58441,58451,10
13.0156497955,80.2257537842,58451,58461,10
13.0153799057,80.2258682251,58461,58471,10
13.0149002075,80.2260818481,58471,58481,10
13.0147199631,80.2261581421,58481,58491,10
13.0146102905,80.2261962891,58491,58501,10
13.0143995285,80.2262802124,58501,58511,10
13.0141401291,80.2264175415,58511,58521,10
13.0139904022,80.2265014648,58521,58541,20
13.0139904022,80.2265014648,58541,58551,10
13.0136604309,80.226600647,58551,58561,10
13.0133895874,80.2266235352,58561,58571,10
13.0127601624,80.2268371582,58571,58582,11
13.0118198395,80.2272186279,58582,58592,10
13.0107898712,80.2276229858,58592,58602,10
13.0095396042,80.227897644,58602,58693,91
13.0095396042,80.227897644,58693,58703,10
13.009469986,80.227722168,58703,58713,10
13.0095100403,80.2275314331,58713,58723,10
13.0097303391,80.2270584106,58723,58735,12
13.0101699829,80.2261428833,58735,58745,10
13.0105695724,80.2252578735,58745,58755,10
13.0108604431,80.224571228,58755,58765,10
13.0110397339,80.2241363525,58765,58775,10
13.0111303329,80.2239303589,58775,58785,10
13.0111503601,80.2238388062,58785,58795,10
13.0113296509,80.2233734131,58795,58805,10
13.0116596222,80.2225875854,58805,58815,10
13.0120000839,80.2217102051,58815,58825,10
13.012140274,80.2212600708,58825,58836,11
13.0121498108,80.220993042,58836,58846,10
13.0119895935,80.2204589844,58846,58856,10
13.0116796494,80.219581604,58856,58866,10
13.0113401413,80.2185897827,58866,58876,10
13.0109395981,80.2175369263,58876,58886,10
13.0105199814,80.2166137695,58886,58898,12
13.0101203918,80.2158737183,58898,58908,10
13.0097703934,80.215171814,58908,58918,10
13.0093202591,80.2145614624,58918,58929,11
13.0084104538,80.213470459,58929,58969,40
13.0084104538,80.213470459,58969,58977,8
13.0081796646,80.2133483887,58977,58989,12
13.0080404282,80.213218689,58989,58999,10
13.0079298019,80.213180542,58999,59009,10
13.0078201294,80.2130966187,59009,59019,10
13.0074901581,80.2128829956,59019,59030,11
13.0068101883,80.2127685547,59030,59040,10
13.006070137,80.212928772,59040,59050,10
13.0053396225,80.2127609253,59050,59060,10
13.0045700073,80.2123031616,59060,59070,10
13.0036401749,80.2120895386,59070,59080,10
13.0028495789,80.2121124268,59080,59090,10
13.0022296906,80.212272644,59090,59100,10
13.0016002655,80.212677002,59100,59110,10
13.0010995865,80.2130508423,59110,59120,10
13.0009298325,80.2131881714,59120,59130,10
13.0005998611,80.213470459,59130,59141,11
12.9999799728,80.2140579224,59141,59151,10
12.9995803833,80.2144088745,59151,59161,10
12.9991703033,80.2147674561,59161,59171,10
12.9988698959,80.2150115967,59171,59179,8
12.9984397888,80.2153930664,59179,59191,12
12.9976396561,80.2160720825,59191,59201,10
12.9974603653,80.2162475586,59201,59211,10
12.9973402023,80.2163925171,59211,59221,10
12.9969902039,80.2165527344,59221,59231,10
12.9962596893,80.2166290283,59231,59242,11
12.9955396652,80.2168121338,59242,59262,20
12.9955396652,80.2168121338,59262,59272,10
12.9951496124,80.2169876099,59272,59292,20
12.9951496124,80.2169876099,59292,59302,10
12.9949903488,80.2171020508,59302,59312,10
12.9947795868,80.2172470093,59312,59322,10
12.9944400787,80.2174987793,59322,59332,10
12.993929863,80.2178573608,59332,59342,10
12.9932804108,80.2183227539,59342,59352,10
12.9925804138,80.2188415527,59352,59362,10
12.991809845,80.2193984985,59362,59372,10
12.9910802841,80.2199401855,59372,59383,11
12.9907503128,80.2201766968,59383,59393,10
12.9906196594,80.2202682495,59393,59403,10
12.9904403687,80.220413208,59403,59413,10
12.9903097153,80.2205200195,59413,59423,10
12.9900197983,80.2208023071,59423,59433,10
12.9895095825,80.2213973999,59433,59443,10
12.9890899658,80.2219390869,59443,59453,10
12.988940239,80.2221221924,59453,59463,10
12.9886798859,80.2223892212,59463,59473,10
12.988360405,80.2226791382,59473,59483,10
12.9877901077,80.2230682373,59483,59493,10
12.9876804352,80.2230987549,59493,59503,10
12.9874200821,80.2230911255,59503,59513,10
12.9871501923,80.2230682373,59513,59523,10
12.986869812,80.2230224609,59523,59536,13
12.9862298965,80.2229995728,59536,59546,10
12.9856996536,80.2230911255,59546,59556,10
12.9853696823,80.2233200073,59556,59566,10
12.9848499298,80.2231369019,59566,59576,10
12.984290123,80.2228164673,59576,59586,10
12.9836997986,80.2224884033,59586,59596,10
12.9832000732,80.2221603394,59596,59616,20
12.9832000732,80.2221603394,59616,59626,10
12.9829702377,80.2220001221,59626,59637,11
12.982460022,80.2218399048,59637,59647,10
12.982049942,80.2216415405,59647,59657,10
12.9815101624,80.2212905884,59657,59667,10
12.9807901382,80.2210617065,59667,59677,10
12.9799404144,80.2211303711,59677,59687,10
12.9791898727,80.2211685181,59687,59697,10
12.9783000946,80.2212219238,59697,59707,10
12.9773597717,80.2212600708,59707,59717,10
12.9764404297,80.2212905884,59717,59727,10
12.9761104584,80.2214889526,59727,59738,11
12.976360321,80.2217483521,59738,59758,20
12.976360321,80.2217483521,59758,59768,10
12.9765396118,80.2220535278,59768,59778,10
12.9767799377,80.2225189209,59778,59788,10
12.9771604538,80.2230987549,59788,59798,10
12.9776096344,80.2238388062,59798,59808,10
12.9780702591,80.224571228,59808,59818,10
12.9784898758,80.2252807617,59818,59828,10
12.9789896011,80.2260894775,59828,59839,11
12.9795198441,80.2269821167,59839,59849,10
12.9800300598,80.2277984619,59849,59859,10
12.9804801941,80.2286071777,59859,59869,10
12.9808301926,80.2291717529,59869,59879,10
12.981180191,80.2297286987,59879,59889,10
12.9816303253,80.2303695679,59889,59899,10
12.9816999435,80.2304992676,59899,59909,10
12.9818401337,80.2308425903,59909,59919,10
12.9819898605,80.2314376831,59919,59929,10
12.9820404053,80.2322311401,59929,59940,11
12.9818201065,80.2330932617,59940,59950,10
12.9816398621,80.2335205078,59950,59960,10
12.9814796448,80.2338180542,59960,59970,10
12.9812498093,80.234413147,59970,59980,10
12.9811897278,80.235206604,59980,59990,10
12.9812097549,80.2361297607,59990,60000,10
12.981300354,80.2371673584,60000,60010,10
12.9813299179,80.2380599976,60010,60020,10
12.9813604355,80.2385482788,60020,60030,10
12.9813604355,80.2386932373,60030,60041,11
12.9813699722,80.2390594482,60041,60051,10
12.9813699722,80.2396774292,60051,60061,10
12.9813995361,80.240447998,60061,60071,10
12.9814195633,80.2413787842,60071,60081,10
12.9814195633,80.2422485352,60081,60091,10
12.9814300537,80.242767334,60091,60101,10
12.9814300537,80.2428436279,60101,60111,10
12.9814300537,80.2430877686,60111,60121,10
12.9814100266,80.2436904907,60121,60131,10
12.981300354,80.244468689,60131,60142,11
12.9811601639,80.2455291748,60142,60152,10
12.9810400009,80.24659729,60152,60162,10
12.9809398651,80.2477264404,60162,60172,10
12.9808502197,80.248916626,60172,60182,10
12.9806699753,80.2500991821,60182,60192,10
12.9803800583,80.2512512207,60192,60202,10
12.9801797867,80.2520980835,60202,60212,10
12.9801597595,80.2522506714,60212,60222,10
12.9801797867,80.2525634766,60222,60313,91
12.9801797867,80.2525634766,60313,60323,10
12.9803199768,80.2526779175,60323,60333,10
12.9805002213,80.2527084351,60333,60343,10
12.9807300568,80.2526779175,60343,60355,12
12.981089592,80.2526473999,60355,60364,9
12.981300354,80.2526397705,60364,60375,11
12.9816198349,80.2526321411,60375,60394,19
12.9816198349,80.2526321411,60394,60404,10
12.9820699692,80.2526092529,60404,60414,10
12.9824304581,80.2526016235,60414,60425,11
12.9826602936,80.2525787354,60425,60434,9
12.9828701019,80.2525482178,60434,60446,12
12.983300209,80.2525024414,60446,60607,161
12.983300209,80.2525024414,60607,60617,10
12.9836997986,80.2523422241,60617,60627,10
12.9840097427,80.252281189,60627,60637,10
12.9841499329,80.2522506714,60637,60648,11
12.9844799042,80.2521820068,60648,60658,10
12.9846696854,80.2521286011,60658,60668,10
12.9849100113,80.2520675659,60668,60678,10
12.9852600098,80.2519989014,60678,60738,60
12.9852600098,80.2519989014,60738,60749,11
12.9855098724,80.2519226074,60749,60759,10
12.9859800339,80.2518005371,60759,60769,10
12.9862604141,80.2517318726,60769,60779,10
12.9868001938,80.2516021729,60779,60789,10
12.9873399734,80.2514266968,60789,60900,111
12.9873399734,80.2514266968,60900,60910,10
12.9874401093,80.251411438,60910,60920,10
12.9877595901,80.251373291,60920,60930,10
12.9879398346,80.2517318726,60930,60940,10
12.9879999161,80.2519989014,60940,60951,11
12.9879999161,80.2525634766,60951,60961,10
12.9879198074,80.25340271,60961,60971,10
12.9878396988,80.2543716431,60971,60981,10
12.987739563,80.2553024292,60981,61132,151
12.987739563,80.2553024292,61132,61142,10
12.9876499176,80.2553634644,61142,61153,11
12.9876403809,80.2557830811,61153,61163,10
12.987569809,80.2563400269,61163,61173,10
12.9875497818,80.2568817139,61173,61183,10
12.9874897003,80.2576599121,61183,61193,10
12.9874200821,80.2585906982,61193,61203,10
12.9872598648,80.2594528198,61203,61243,40
12.9872598648,80.2594528198,61243,61253,10
12.9872198105,80.2596435547,61253,61265,12
12.9871902466,80.2596511841,61265,61273,8
12.9868803024,80.2593917847,61273,61356,83
12.9868402481,80.2591705322,61356,61568,212
12.9869298935,80.2591705322,61568,61659,91
12.9868602753,80.2590637207,61659,62143,484
12.9871397018,80.2591400146,62143,62164,21
12.9871397018,80.2591400146,62164,62174,10
12.9873695374,80.2590179443,62174,62184,10
12.9874000549,80.2586364746,62184,62194,10
12.9874401093,80.258140564,62194,62204,10
12.9874696732,80.2577667236,62204,62214,10
12.9875497818,80.2566986084,62214,62264,50
12.9875497818,80.2566986084,62264,62274,10
12.9876003265,80.2563934326,62274,62284,10
12.9876203537,80.2559280396,62284,62294,10
12.9877300262,80.2554473877,62294,62304,10
12.9877300262,80.2549819946,62304,62315,11
12.987739563,80.254737854,62315,62324,9
12.9877996445,80.2541809082,62324,62335,11
12.987859726,80.2532730103,62335,62345,10
12.9878997803,80.2525787354,62345,62355,10
12.9878997803,80.2525100708,62355,62367,12
12.9878501892,80.2520675659,62367,62377,10
12.9876499176,80.2516708374,62377,62395,18
12.9876499176,80.2516708374,62395,62405,10
12.9875602722,80.251663208,62405,62415,10
12.9872198105,80.2516708374,62415,62425,10
12.9869203568,80.2517089844,62425,62435,10
12.9862699509,80.2518768311,62435,62445,10
12.9853601456,80.2520980835,62445,62455,10
12.9842395782,80.2523803711,62455,62468,13
12.9826402664,80.2526779175,62468,62478,10
12.9813899994,80.2527236938,62478,62488,10
12.9802398682,80.2527770996,62488,62518,30
12.9802398682,80.2527770996,62518,62528,10
12.9800796509,80.2527923584,62528,62538,10
12.9798698425,80.2526626587,62538,62548,10
12.9798803329,80.2524871826,62548,62558,10
12.9798803329,80.2524795532,62558,62569,11
12.9799098969,80.2522506714,62569,62579,10
12.9799499512,80.2520599365,62579,62589,10
12.9801197052,80.2516174316,62589,62599,10
12.9803800583,80.2508163452,62599,62609,10
12.980629921,80.2497787476,62609,62619,10
12.9807500839,80.2486114502,62619,62629,10
12.9808397293,80.2474136353,62629,62639,10
12.9809703827,80.246131897,62639,62649,10
12.9811000824,80.2448272705,62649,62658,9
12.9811601639,80.2441864014,62658,62670,12
12.9811697006,80.2441101074,62670,62680,10
12.9811697006,80.2439575195,62680,62690,10
12.9811897278,80.2438278198,62690,62700,10
12.9813299179,80.2434616089,62700,62730,30
12.9813299179,80.2434616089,62730,62739,9
12.9813299179,80.2433395386,62739,62750,11
12.9813299179,80.2431182861,62750,62781,31
12.9813299179,80.2431182861,62781,62791,10
12.9813604355,80.2426834106,62791,62801,10
12.9813499451,80.2422866821,62801,62811,10
12.9813499451,80.2419128418,62811,62821,10
12.9813404083,80.2413482666,62821,62831,10
12.9813404083,80.2405929565,62831,62841,10
12.9813203812,80.2397537231,62841,62851,10
12.9812898636,80.2389068604,62851,62861,10
12.9812698364,80.2381896973,62861,62872,11
12.9812698364,80.2380371094,62872,62882,10
12.9812602997,80.2375488281,62882,62892,10
12.9812297821,80.2365264893,62892,62912,20
12.9812297821,80.2365264893,62912,62922,10
12.9812297821,80.236289978,62922,62932,10
12.9812002182,80.2358703613,62932,62942,10
12.9812002182,80.2352905273,62942,62951,9
12.9811897278,80.23462677,62951,62962,11
12.9814100266,80.2338485718,62962,62973,11
12.9815797806,80.2334823608,62973,62983,10
12.9816799164,80.2332382202,62983,62993,10
12.9818897247,80.2327804565,62993,63003,10
12.9819898605,80.232383728,63003,63013,10
12.9819803238,80.2322311401,63013,63023,10
12.9819698334,80.2317886353,63023,63033,10
12.9819002151,80.2312698364,63033,63040,7
12.9817695618,80.2308807373,63040,63053,13
12.9813499451,80.230140686,63053,63063,10
12.9809398651,80.2295227051,63063,63074,11
12.9807796478,80.2291717529,63074,63084,10
12.9804697037,80.2286834717,63084,63094,10
12.980050087,80.2279510498,63094,63104,10
12.9796304703,80.2272491455,63104,63114,10
12.9792299271,80.2265930176,63114,63124,10
12.9788198471,80.2258987427,63124,63135,11
12.9783296585,80.2250595093,63135,63145,10
12.978099823,80.2247085571,63145,63155,10
12.977930069,80.2245101929,63155,63165,10
12.9776000977,80.2239532471,63165,63177,12
12.9771203995,80.2231674194,63177,63186,9
12.9769496918,80.2228012085,63186,63197,11
12.9771795273,80.2227172852,63197,63206,9
12.9773197174,80.2227020264,63206,63216,10
12.9774999619,80.2224807739,63216,63226,10
12.9774703979,80.2219085693,63226,63236,10
12.9774599075,80.2213821411,63236,63245,9
12.9771900177,80.221321106,63245,63256,11
12.9767103195,80.2212982178,63256,63358,102
12.9764699936,80.2211380005,63358,63661,303
12.9764699936,80.2211380005,63661,63671,10
12.9762401581,80.2210769653,63671,63682,11
12.9760398865,80.2213821411,63682,63692,10
12.9763298035,80.2217712402,63692,63722,30
12.9763298035,80.2217712402,63722,63732,10
12.9764499664,80.2220993042,63732,63742,10
12.9767503738,80.2225875854,63742,63752,10
12.9771404266,80.2232131958,63752,63762,10
12.9776096344,80.2240066528,63762,63772,10
12.978099823,80.2247924805,63772,63783,11
12.9785699844,80.2255706787,63783,63793,10
12.9789800644,80.2261962891,63793,63803,10
12.97935009,80.2267913818,63803,63813,10
12.9796895981,80.2273025513,63813,63823,10
12.9799404144,80.2276916504,63823,63833,10
12.9803304672,80.2283630371,63833,63843,10
12.9806699753,80.2289810181,63843,63853,10
12.9807901382,80.2292098999,63853,63863,10
12.9808597565,80.2293395996,63863,63872,9
12.9811401367,80.2297897339,63872,63884,12
12.9816398621,80.2305297852,63884,63894,10
12.9816999435,80.2306518555,63894,63904,10
12.9818601608,80.2310562134,63904,63914,10
12.9820203781,80.2317962646,63914,63924,10
12.982049942,80.2323532104,63924,63934,10
12.9820203781,80.2325897217,63934,63944,10
12.9819002151,80.2330093384,63944,63954,10
12.981710434,80.2333984375,63954,63964,10
12.9815797806,80.2336807251,63964,63974,10
12.9812803268,80.2342681885,63974,63985,11
12.9812202454,80.2352294922,63985,63995,10
12.9812698364,80.2360992432,63995,64005,10
12.9812898636,80.2369995117,64005,64015,10
12.9813098907,80.23777771,64015,64025,10
12.9813098907,80.2381286621,64025,64035,10
12.9813098907,80.238319397,64035,64076,41
12.9813098907,80.238319397,64076,64086,10
12.9813299179,80.23853302,64086,64096,10
12.9813404083,80.2389297485,64096,64116,20
12.9813404083,80.2389297485,64116,64126,10
12.9813404083,80.2391662598,64126,64136,10
12.9813404083,80.2393569946,64136,64146,10
12.9813499451,80.2394332886,64146,64156,10
12.9813499451,80.2396011353,64156,64166,10
12.9813699722,80.2397689819,64166,64176,10
12.9813899994,80.2400970459,64176,64189,13
12.9814100266,80.240562439,64189,64199,10
12.9813995361,80.2407836914,64199,64209,10
12.9813995361,80.2413101196,64209,64219,10
12.9814100266,80.2419433594,64219,64229,10
12.9814395905,80.2426986694,64229,64249,20
12.9814395905,80.2426986694,64249,64259,10
12.9814395905,80.2427520752,64259,64269,10
12.9814300537,80.2430725098,64269,64279,10
12.9813995361,80.2436676025,64279,64290,11
12.9812498093,80.2446212769,64290,64300,10
12.9811201096,80.2457199097,64300,64310,10
12.9809799194,80.2469406128,64310,64320,10
12.9808597565,80.2482376099,64320,64330,10
12.9807596207,80.2495193481,64330,64340,10
12.980509758,80.2507095337,64340,64350,10
12.9802398682,80.251739502,64350,64359,9
12.980099678,80.252243042,64359,64370,11
12.9802503586,80.2526397705,64370,64411,41
12.9802503586,80.2526397705,64411,64421,10
12.9804897308,80.2527236938,64421,64431,10
12.9810199738,80.2526702881,64431,64441,10
12.9816102982,80.2526397705,64441,64451,10
12.9820604324,80.2526168823,64451,64461,10
12.9822702408,80.2526092529,64461,64471,10
12.9826698303,80.2525787354,64471,64522,51
12.9826698303,80.2525787354,64522,64532,10
12.9829101563,80.2525634766,64532,64542,10
12.9831399918,80.2525405884,64542,64673,131
12.9831399918,80.2525405884,64673,64683,10
12.9835700989,80.2524414063,64683,64694,11
12.9842796326,80.2522583008,64694,64704,10
12.9847898483,80.2521209717,64704,64714,10
12.9852600098,80.251991272,64714,64724,10
12.9859800339,80.2518005371,64724,64734,10
12.9866399765,80.2516479492,64734,64744,10
12.9872303009,80.2514877319,64744,64754,10
12.9877004623,80.2513809204,64754,64764,10
12.9879302979,80.2517089844,64764,64774,10
12.9880199432,80.2523498535,64774,64785,11
12.9879398346,80.2531433105,64785,64795,10
12.9878797531,80.2538375854,64795,64805,10
12.9878501892,80.2542037964,64805,64815,10
12.9878501892,80.2545928955,64815,64896,81
12.9878501892,80.2545928955,64896,64906,10
12.987859726,80.2546768188,64906,64916,10
12.9877996445,80.255027771,64916,64926,10
12.987739563,80.255569458,64926,64936,10
12.9876403809,80.256072998,64936,64946,10
12.9875802994,80.2566070557,64946,64956,10
12.9875297546,80.2571792603,64956,64966,10
12.9874601364,80.2579574585,64966,64976,10
12.9873504639,80.2590637207,64976,64996,20
12.9873504639,80.2590637207,64996,65006,10
12.9872703552,80.259262085,65006,65018,12
12.9872102737,80.2596206665,65018,65037,19
12.9872102737,80.2596206665,65037,65047,10
12.9871101379,80.2596588135,65047,65057,10
12.9869098663,80.2596206665,65057,65067,10
12.9868001938,80.259437561,65067,65177,110
12.9868097305,80.2590789795,65177,65351,174
12.9869804382,80.2591400146,65351,65371,20
12.9869804382,80.2591400146,65371,65381,10
12.9872703552,80.2591705322,65381,65392,11
12.9873504639,80.2590637207,65392,65402,10
12.9873504639,80.2588882446,65402,65412,10
12.9873600006,80.2586288452,65412,65422,10
12.9873504639,80.2584686279,65422,65432,10
12.9873695374,80.2580566406,65432,65442,10
12.9874296188,80.2575302124,65442,65452,10
12.9874801636,80.256942749,65452,65462,10
12.9875402451,80.2565536499,65462,65472,10
12.9875602722,80.2561187744,65472,65482,10
12.9876499176,80.2557220459,65482,65492,10
12.9877004623,80.2551422119,65492,65503,11
12.9877195358,80.2549285889,65503,65513,10
12.9877595901,80.2545089722,65513,65523,10
12.9878196716,80.2537231445,65523,65533,10
12.9878902435,80.2527694702,65533,65543,10
12.9878797531,80.2521286011,65543,65958,415
12.9878797531,80.2521286011,65958,65967,9
12.9878196716,80.2519226074,65967,65977,10
12.987739563,80.2516708374,65977,65987,10
12.9872903824,80.2516479492,65987,65998,11
12.9867095947,80.2517623901,65998,66007,9
12.9861698151,80.2518997192,66007,66017,10
12.9853897095,80.2520675659,66017,66028,11
12.9842596054,80.2523803711,66028,66039,11
12.9829797745,80.2526626587,66039,66048,9
12.9819297791,80.2527084351,66048,66057,9
12.9809703827,80.2527389526,66057,66069,12
12.9801101685,80.2527770996,66069,66110,41
12.9801101685,80.2527770996,66110,66120,10
12.9798498154,80.2526779175,66120,66130,10
12.9798698425,80.2523574829,66130,66150,20
12.9798698425,80.2523574829,66150,66160,10
12.979929924,80.252166748,66160,66170,10
12.9800100327,80.2518997192,66170,66180,10
12.9802303314,80.2512664795,66180,66190,10
12.9804801941,80.2503204346,66190,66201,11
12.9806995392,80.2490692139,66201,66211,10
12.9807901382,80.2478179932,66211,66221,10
12.9808797836,80.2465820313,66221,66231,10
12.9809799194,80.2458190918,66231,66241,10
12.9810495377,80.2451705933,66241,66362,121
12.9810695648,80.2449493408,66362,66635,273
12.9810695648,80.2449493408,66635,66645,10
12.9811096191,80.2445526123,66645,66867,222
12.9811201096,80.244140625,66867,66887,20
12.9811401367,80.2439193726,66887,66907,20
12.9811401367,80.2439193726,66907,66919,12
12.981300354,80.243560791,66919,66998,79
12.981300354,80.243560791,66998,67008,10
12.9812803268,80.2433319092,67008,67018,10
12.981300354,80.2429580688,67018,67078,60
12.981300354,80.2429580688,67078,67088,10
12.9813804626,80.2426223755,67088,67100,12
12.9813604355,80.2423019409,67100,67111,11
12.9813499451,80.2417068481,67111,67121,10
12.9813404083,80.2411193848,67121,67131,10
12.9813299179,80.2408599854,67131,67151,20
12.9813299179,80.2408599854,67151,67161,10
12.9813203812,80.2407531738,67161,67171,10
12.9813203812,80.2404174805,67171,67191,20
12.9813203812,80.2404174805,67191,67198,7
12.9813098907,80.240272522,67198,67212,14
12.9813203812,80.2400970459,67212,67222,10
12.9813203812,80.2398071289,67222,67252,30
12.9813203812,80.2398071289,67252,67262,10
12.9813203812,80.2395935059,67262,67272,10
12.981300354,80.239112854,67272,67282,10
12.9812898636,80.2386932373,67282,67292,10
12.9812698364,80.23828125,67292,67302,10
12.9812698364,80.23802948,67302,67313,11
12.9812602997,80.2378692627,67313,67323,10
12.9812498093,80.2374420166,67323,67333,10
12.9812498093,80.2370834351,67333,67343,10
12.9812297821,80.2366790771,67343,67353,10
12.9812297821,80.2362594604,67353,67363,10
12.9812002182,80.2359771729,67363,67373,10
12.9812002182,80.2357711792,67373,67383,10
12.9812002182,80.2357406616,67383,67393,10
12.9811897278,80.2355422974,67393,67403,10
12.981180191,80.2353973389,67403,67414,11
12.9811697006,80.2351608276,67414,67434,20
12.9811401367,80.234916687,67434,67474,40
12.9811401367,80.234916687,67474,67484,10
12.9811401367,80.2347869873,67484,67494,10
12.9811401367,80.2346725464,67494,67504,10
12.981180191,80.2344512939,67504,67525,21
12.981180191,80.2344512939,67525,67535,10
12.9812698364,80.2341308594,67535,67585,50
12.9812698364,80.2341308594,67585,67595,10
12.9813804626,80.2338562012,67595,67604,9
12.9814996719,80.2336196899,67604,67727,123
12.9814996719,80.2336196899,67727,67737,10
12.9816598892,80.233253479,67737,67767,30
12.9816598892,80.233253479,67767,67777,10
12.9817800522,80.233001709,67777,67787,10
12.9818201065,80.2329025269,67787,67797,10
12.9818496704,80.2328186035,67797,67807,10
12.9818696976,80.2327804565,67807,67818,11
12.9819498062,80.2324829102,67818,67848,30
12.9819498062,80.2324829102,67848,67860,12
12.9819602966,80.2320098877,67860,67870,10
12.9819297791,80.2314834595,67870,67879,9
12.9817800522,80.23097229,67879,67889,10
12.9814996719,80.2304382324,67889,67900,11
12.9810495377,80.2297286987,67900,67909,9
12.9808197021,80.2293624878,67909,67921,12
12.9807100296,80.2291870117,67921,67931,10
12.9806003571,80.2289810181,67931,67941,10
12.9803800583,80.2286071777,67941,67951,10
12.9802904129,80.2283630371,67951,67961,10
12.9800596237,80.2279586792,67961,67969,8
12.9798002243,80.2275390625,67969,67981,12
12.9792995453,80.2267303467,67981,67989,8
12.9789600372,80.2261962891,67989,67999,10
12.9786396027,80.2256622314,67999,68012,13
12.9779901505,80.2246398926,68012,68032,20
12.9779901505,80.2246398926,68032,68042,10
12.9778499603,80.2244186401,68042,68052,10
12.9775400162,80.2239379883,68052,68062,10
12.977230072,80.2234191895,68062,68072,10
12.9771604538,80.2232894897,68072,68082,10
12.9771003723,80.2232208252,68082,68092,10
12.9770202637,80.2230606079,68092,68102,10
12.9769496918,80.222869873,68102,68113,11
12.9770698547,80.2227706909,68113,68123,10
12.9771003723,80.2227706909,68123,68133,10
12.9771699905,80.2227478027,68133,68143,10
12.9774799347,80.22265625,68143,68153,10
12.9774904251,80.2222671509,68153,68163,10
12.9774703979,80.2217407227,68163,68173,10
12.9774398804,80.2213668823,68173,68183,10
12.9774599075,80.2212905884,68183,68193,10
12.9777402878,80.221282959,68193,68203,10
12.978099823,80.2212677002,68203,68214,11
12.9787998199,80.2212219238,68214,68224,10
12.9793996811,80.2211608887,68224,68234,10
12.9798603058,80.2211380005,68234,68244,10
12.9804801941,80.2210693359,68244,68254,10
12.9811000824,80.2211074829,68254,68264,10
12.9815797806,80.2213897705,68264,68274,10
12.9819297791,80.2216491699,68274,68284,10
12.982170105,80.2218017578,68284,68294,10
12.9824895859,80.2219009399,68294,68325,31
12.9824895859,80.2219009399,68325,68335,10
12.9826602936,80.2219619751,68335,68345,10
12.9828395844,80.2220230103,68345,68355,10
12.9829797745,80.2220611572,68355,68365,10
12.9832296371,80.2222213745,68365,68375,10
12.9835300446,80.2224273682,68375,68385,10
12.9839496613,80.2226715088,68385,68395,10
12.9844398499,80.2229614258,68395,68405,10
12.9848499298,80.2232131958,68405,68416,11
12.985250473,80.2233581543,68416,68426,10
12.9853801727,80.2233734131,68426,68436,10
12.9855003357,80.2232589722,68436,68446,10
12.9858598709,80.2230606079,68446,68456,10
12.9862203598,80.2230224609,68456,68466,10
12.9862804413,80.2230224609,68466,68476,10
12.9864301682,80.2230377197,68476,68486,10
12.9867200851,80.2230606079,68486,68496,10
12.9870300293,80.2231063843,68496,68505,9
12.9874095917,80.2231521606,68505,68517,12
12.9880800247,80.2228927612,68517,68527,10
12.9884996414,80.2225570679,68527,68537,10
12.9888601303,80.2221679688,68537,68547,10
12.9890604019,80.2219161987,68547,68557,10
12.9893198013,80.2216720581,68557,68567,10
12.9896802902,80.2211837769,68567,68577,10
12.9901895523,80.2206497192,68577,68587,10
12.9902696609,80.2205734253,68587,68597,10
12.9905195236,80.2203826904,68597,68607,10
12.9910097122,80.2199783325,68607,68618,11
12.9913702011,80.2196731567,68618,68628,10
12.9917697906,80.2194137573,68628,68638,10
12.9924001694,80.2189483643,68638,68648,10
12.9930896759,80.2184371948,68648,68660,12
12.993519783,80.2181167603,68660,68688,28
12.993519783,80.2181167603,68688,68700,12
12.9937400818,80.2179718018,68700,68709,9
12.9939002991,80.2178573608,68709,68721,12
12.9939899445,80.2177810669,68721,68731,10
12.9940595627,80.2176971436,68731,68741,10
12.9942502975,80.2175598145,68741,68750,9
12.9944496155,80.2174301147,68750,68760,10
12.9946899414,80.2172470093,68760,68769,9
12.9949398041,80.217086792,68769,68781,12
12.9954395294,80.2168121338,68781,68790,9
12.9962100983,80.2165985107,68790,68832,42
12.9962100983,80.2165985107,68832,68842,10
12.9967403412,80.216506958,68842,68852,10
12.9970197678,80.2164993286,68852,68862,10
12.9972801208,80.2163391113,68862,68872,10
12.9975299835,80.2161331177,68872,68882,10
12.9975795746,80.2160873413,68882,68892,10
12.9978599548,80.2158584595,68892,68902,10
12.9983596802,80.2154312134,68902,68912,10
12.9989404678,80.2149429321,68912,68923,11
12.9992704391,80.2146606445,68923,68933,10
12.9996900558,80.214302063,68933,68943,10
13.0000801086,80.2139587402,68943,68953,10
13.000579834,80.2134933472,68953,68963,10
13.0010900497,80.2130813599,68963,68973,10
13.0014696121,80.2127990723,68973,68983,10
13.0019197464,80.2124710083,68983,68993,10
13.0023202896,80.2122497559,68993,69003,10
13.0026702881,80.2121582031,69003,69013,10
13.0031700134,80.2121200562,69013,69024,11
13.0036497116,80.2120437622,69024,69034,10
13.0038900375,80.2120513916,69034,69044,10
13.0044002533,80.2122497559,69044,69054,10
13.0050001144,80.2125778198,69054,69064,10
13.0057401657,80.2129898071,69064,69074,10
13.0064096451,80.2127990723,69074,69084,10
13.0069704056,80.2127990723,69084,69093,9
13.007349968,80.212852478,69093,69104,11
13.0078201294,80.213142395,69104,69125,21
13.0078201294,80.213142395,69125,69135,10
13.0081195831,80.2133102417,69135,69155,20
13.0081195831,80.2133102417,69155,69165,10
13.0085000992,80.2134933472,69165,69175,10
13.0088796616,80.2139816284,69175,69185,10
13.0093402863,80.2145996094,69185,69195,10
13.0095796585,80.2149963379,69195,69205,10
13.0098495483,80.2152786255,69205,69216,11
13.0102901459,80.2158279419,69216,69226,10
13.0106801987,80.2164916992,69226,69236,10
13.0108804703,80.2170791626,69236,69246,10
13.0112104416,80.2178268433,69246,69256,10
13.0115003586,80.2187271118,69256,69266,10
13.0118303299,80.2197494507,69266,69275,9
13.012169838,80.2207107544,69275,69287,12
13.0125904083,80.2215805054,69287,69297,10
13.0128898621,80.2220001221,69297,69307,10
13.013299942,80.2225036621,69307,69318,11
13.013759613,80.2230911255,69318,69328,10
13.0140895844,80.2235336304,69328,69338,10
13.0143098831,80.2238082886,69338,69348,10
13.014670372,80.2242279053,69348,69358,10
13.0150995255,80.2247390747,69358,69368,10
13.0152997971,80.2249679565,69368,69378,10
13.0155496597,80.2251281738,69378,69388,10
13.0156402588,80.225189209,69388,69398,10
13.015999794,80.2254180908,69398,69408,10
13.0166501999,80.2253570557,69408,69419,11
13.0175695419,80.2249832153,69419,69429,10
13.0183897018,80.2246398926,69429,69439,10
13.0190000534,80.2244262695,69439,69449,10
13.0193901062,80.2244491577,69449,69459,10
13.0194501877,80.2244491577,69459,69469,10
13.0195398331,80.2244720459,69469,69479,10
13.0198602676,80.2246627808,69479,69489,10
13.0203199387,80.2250213623,69489,69499,10
13.0207901001,80.2253494263,69499,69510,11
13.0212602615,80.2257537842,69510,69519,9
13.0217399597,80.2260818481,69519,69529,10
13.0219898224,80.226272583,69529,69541,12
13.0222396851,80.2265014648,69541,69551,10
13.0225496292,80.2267684937,69551,69559,8
13.0228595734,80.2270584106,69559,69570,11
13.0234098434,80.2275695801,69570,69580,10
13.0240001678,80.2281112671,69580,69601,21
13.0240001678,80.2281112671,69601,69610,9
13.024140358,80.2282867432,69610,69622,12
13.0245399475,80.2288208008,69622,69630,8
13.0247497559,80.2291183472,69630,69642,12
13.0251703262,80.2296676636,69642,69652,10
13.0256299973,80.2302932739,69652,69660,8
13.0258197784,80.2305984497,69660,69710,50
13.0258197784,80.2305984497,69710,69723,13
13.0259103775,80.2308273315,69723,69733,10
13.0259895325,80.2311172485,69733,69743,10
13.0261001587,80.2314300537,69743,69753,10
13.026599884,80.2313079834,69753,69763,10
13.0269498825,80.2312164307,69763,69803,40
13.0269498825,80.2312164307,69803,69813,10
13.0273103714,80.2310791016,69813,69834,21
13.0273103714,80.2310791016,69834,69844,10
13.0277500153,80.2310180664,69844,69874,30
13.0277500153,80.2310180664,69874,69884,10
13.0280303955,80.2309875488,69884,69894,10
13.0282497406,80.2309799194,69894,69903,9
13.0285797119,80.2309494019,69903,69995,92
13.0285797119,80.2309494019,69995,70005,10
13.0289697647,80.2309265137,70005,70015,10
13.0293302536,80.2308883667,70015,70026,11
13.0297298431,80.2308425903,70026,70036,10
13.0300502777,80.2308120728,70036,70046,10
13.0304002762,80.2307891846,70046,70056,10
13.0306100845,80.2307891846,70056,70066,10
13.0310096741,80.2307434082,70066,70076,10
13.0316696167,80.2306900024,70076,70086,10
13.0321998596,80.2306518555,70086,70096,10
13.0328197479,80.2305908203,70096,70106,10
13.0334396362,80.2305603027,70106,70114,8
13.0337600708,80.2305297852,70114,70127,13
13.0340900421,80.2304992676,70127,70137,10
13.0347099304,80.2303390503,70137,70197,60
13.0347099304,80.2303390503,70197,70207,10
13.0348596573,80.2302398682,70207,70216,9
13.0348701477,80.2301101685,70216,70228,12
13.0347499847,80.2299804688,70228,70238,10
13.0343999863,80.2298965454,70238,70946,708
13.0341501236,80.2301712036,70946,71047,101
13.0341501236,80.2301712036,71047,71057,10
13.0341100693,80.230506897,71057,71067,10
13.0339097977,80.2305297852,71067,71077,10
13.0334196091,80.2305374146,71077,71087,10
13.0327701569,80.2305526733,71087,71097,10
13.0321502686,80.2306289673,71097,71107,10
13.0314798355,80.2306976318,71107,71117,10
13.0309896469,80.230758667,71117,71148,31
13.0309896469,80.230758667,71148,71158,10
13.0307703018,80.2307662964,71158,71168,10
13.0304002762,80.230796814,71168,71178,10
13.0296602249,80.2308883667,71178,71217,39
13.0296602249,80.2308883667,71217,71229,12
13.0291996002,80.2309112549,71229,71239,10
13.0285902023,80.23097229,71239,71249,10
13.0279502869,80.2310180664,71249,71259,10
13.0276298523,80.2312011719,71259,71269,10
13.027680397,80.2317581177,71269,71279,10
13.027759552,80.2323226929,71279,71289,10
13.0278301239,80.2328414917,71289,71299,10
13.0272703171,80.2329406738,71299,71309,10
13.0267496109,80.233001709,71309,71350,41
13.0267496109,80.233001709,71350,71360,10
13.0263900757,80.2330703735,71360,71372,12
13.026309967,80.2329406738,71372,71382,10
13.0262804031,80.2327880859,71382,71392,10
13.0262002945,80.2325134277,71392,71402,10
13.0260801315,80.2320175171,71402,71411,9
13.0260000229,80.2316818237,71411,71421,10
13.0258197784,80.2310409546,71421,71431,10
13.0254297256,80.2302093506,71431,71443,12
13.0251703262,80.2298202515,71443,71453,10
13.0249204636,80.2294692993,71453,71461,8
13.0246601105,80.2291793823,71461,71493,32
13.0246601105,80.2291793823,71493,71501,8
13.0245399475,80.2290420532,71501,71513,12
13.0240898132,80.2285003662,71513,71524,11
13.0235900879,80.2279205322,71524,71534,10
13.0230703354,80.2275085449,71534,71564,30
13.0230703354,80.2275085449,71564,71574,10
13.0229101181,80.227432251,71574,71584,10
13.0227098465,80.2272491455,71584,71594,10
13.0225896835,80.2270202637,71594,71604,10
13.0225000381,80.2268600464,71604,71614,10
13.0222396851,80.2266464233,71614,71625,11
13.0216903687,80.2261734009,71625,71635,10
13.0210800171,80.225692749,71635,71645,10
13.0207195282,80.2254180908,71645,71655,10
13.0205001831,80.2252731323,71655,71665,10
13.0201301575,80.2250137329,71665,71675,10
13.0198402405,80.2248077393,71675,71685,10
13.0192298889,80.2245178223,71685,71695,10
13.0184602737,80.2246627808,71695,71705,10
13.0177402496,80.2249526978,71705,71715,10
13.0168800354,80.2252883911,71715,71726,11
13.0162401199,80.2255477905,71726,71736,10
13.0156803131,80.2257537842,71736,71746,10
13.015080452,80.2260131836,71746,71756,10
13.0142097473,80.226348877,71756,71776,20
13.0142097473,80.226348877,71776,71786,10
13.0139398575,80.2264404297,71786,71796,10
13.013420105,80.2266387939,71796,71806,10
13.0127897263,80.2268829346,71806,71816,10
13.0120296478,80.2271499634,71816,71827,11
13.011059761,80.2275314331,71827,71837,10
13.0101499557,80.2278823853,71837,71847,10
13.0094995499,80.2278823853,71847,71857,10
13.0095996857,80.2273406982,71857,71867,10
13.0099201202,80.2266769409,71867,71877,10
13.0102796555,80.2259216309,71877,71887,10
13.0104703903,80.2255096436,71887,71897,10
13.0104799271,80.2254867554,71897,71907,10
13.0105695724,80.2252578735,71907,71917,10
13.0107698441,80.2248001099,71917,71928,11
13.0109701157,80.2242126465,71928,71938,10
13.0112199783,80.2236709595,71938,71958,20
13.0112199783,80.2236709595,71958,71968,10
13.0112800598,80.2234268188,71968,71978,10
13.0115299225,80.2228164673,71978,71988,10
13.0118398666,80.2220077515,71988,71998,10
13.0121002197,80.2212677002,71998,72008,10
13.0120000839,80.2207565308,72008,72018,10
13.0117702484,80.2200012207,72018,72029,11
13.0114498138,80.2190093994,72029,72039,10
13.0111303329,80.2180480957,72039,72048,9
13.0107803345,80.2172088623,72048,72059,11
13.0103902817,80.2163772583,72059,72069,10
13.010140419,80.2159881592,72069,72079,10
13.0098495483,80.2153701782,72079,72089,10
13.0095300674,80.2149200439,72089,72099,10
13.0091400146,80.2144012451,72099,72109,10
13.0087299347,80.2138290405,72109,72121,12
13.0084600449,80.2135620117,72121,72172,51
13.0084600449,80.2135620117,72172,72183,11
13.0081396103,80.2134094238,72183,72192,9
13.0079202652,80.2133636475,72192,72203,11
13.0080404282,80.2133483887,72203,72232,29
13.0080404282,80.2133483887,72232,72244,12
13.0078601837,80.213218689,72244,72254,10
13.0077295303,80.2131118774,72254,72264,10
13.0074396133,80.2129135132,72264,72274,10
13.0069999695,80.2128219604,72274,72284,10
13.006310463,80.212852478,72284,72293,9
13.0057697296,80.2130508423,72293,72303,10
13.0051803589,80.2127227783,72303,72315,12
13.0044002533,80.2123336792,72315,72326,11
13.0035295486,80.2121810913,72326,72336,10
13.0031299591,80.2121810913,72336,72346,10
13.0028600693,80.2121582031,72346,72356,10
13.0023403168,80.2122573853,72356,72366,10
13.0018701553,80.2125320435,72366,72376,10
13.001709938,80.2126464844,72376,72386,10
13.0014801025,80.2128219604,72386,72396,10
13.0012903214,80.212928772,72396,72406,10
13.000869751,80.2132720947,72406,72416,10
13.0003404617,80.2136993408,72416,72427,11
12.9997901917,80.2142028809,72427,72437,10
12.9993896484,80.2145385742,72437,72447,10
12.9990501404,80.2148208618,72447,72457,10
12.9987201691,80.2150726318,72457,72467,10
12.9981899261,80.2155303955,72467,72477,10
12.9976396561,80.216003418,72477,72487,10
12.9973897934,80.2162628174,72487,72528,41
12.9973897934,80.2162628174,72528,72538,10
12.9972200394,80.2165679932,72538,72568,30
12.9972200394,80.2165679932,72568,72578,10
12.9970197678,80.2166290283,72578,72588,10
12.9968204498,80.2166290283,72588,72598,10
12.9966201782,80.2166519165,72598,72608,10
12.9964799881,80.2166595459,72608,72618,10
12.9961395264,80.2167129517,72618,72629,11
12.9958095551,80.2167816162,72629,72639,10
12.9955396652,80.2168579102,72639,72649,10
12.995349884,80.2169265747,72649,72659,10
12.9951000214,80.2170715332,72659,72669,10
12.9948701859,80.2172164917,72669,72679,10
12.994509697,80.2174835205,72679,72689,10
12.9940500259,80.2178192139,72689,72699,10
12.993470192,80.2182235718,72699,72709,10
12.9928302765,80.2186737061,72709,72719,10
12.9920701981,80.21925354,72719,72730,11
12.9915399551,80.2196502686,72730,72740,10
12.9907798767,80.2202224731,72740,72760,20
12.9907798767,80.2202224731,72760,72770,10
12.9905700684,80.2203598022,72770,72780,10
12.9901695251,80.2206573486,72780,72790,10
12.9896202087,80.2212371826,72790,72800,10
12.9890804291,80.2219161987,72800,72810,10
12.988530159,80.2225265503,72810,72820,10
12.9880199432,80.2229537964,72820,72831,11
12.9876203537,80.22315979,72831,72841,10
12.9874897003,80.2231674194,72841,72851,10
12.9872102737,80.2231521606,72851,72931,80
12.9872102737,80.2231521606,72931,72943,12
12.9868898392,80.2230987549,72943,72951,8
12.9866399765,80.2230529785,72951,72963,12
12.9858598709,80.2230682373,72963,72973,10
12.9853897095,80.2233581543,72973,72983,10
12.9848299026,80.2232131958,72983,72991,8
12.9843902588,80.2229537964,72991,73001,10
12.9841604233,80.2228164673,73001,73012,11
12.9839200974,80.2226867676,73012,73023,11
12.9836597443,80.2225189209,73023,73034,11
12.9833097458,80.2222900391,73034,73042,8
12.9832401276,80.2222366333,73042,73052,10
12.9830703735,80.2221298218,73052,73064,12
12.982749939,80.2219696045,73064,73072,8
12.9823503494,80.2218704224,73072,73082,10
12.9819097519,80.2216186523,73082,73092,10
12.9817199707,80.2214584351,73092,73102,10
12.9811296463,80.2211837769,73102,73114,12
12.9801597595,80.2211837769,73114,73124,10
12.9795398712,80.221206665,73124,73135,11
12.9787302017,80.2212600708,73135,73145,10
12.9779396057,80.2212982178,73145,73155,10
12.9775896072,80.221321106,73155,73165,10
12.9771203995,80.2213363647,73165,73172,7
12.9766798019,80.2213287354,73172,73185,13
12.9761199951,80.2214126587,73185,73195,10
12.9761199951,80.2216186523,73195,73226,31
12.9761199951,80.2216186523,73226,73236,10
12.9762802124,80.2220230103,73236,73246,10
12.9766397476,80.2225265503,73246,73256,10
12.9768896103,80.2229232788,73256,73266,10
12.9772195816,80.2234115601,73266,73276,10
12.9776802063,80.2241363525,73276,73286,10
12.9781799316,80.2249298096,73286,73296,10
12.9784898758,80.2254180908,73296,73306,10
12.9785604477,80.2255630493,73306,73316,10
12.9788703918,80.2260513306,73316,73327,11
12.9792499542,80.2266921997,73327,73337,10
12.9795999527,80.2272262573,73337,73347,10
12.9800195694,80.2279434204,73347,73357,10
12.9804496765,80.2286834717,73357,73367,10
12.9807901382,80.2292480469,73367,73377,10
12.9809904099,80.2296218872,73377,73387,10
12.9813804626,80.23021698,73387,73397,10
12.9817800522,80.2309494019,73397,73407,10
12.982000351,80.231842041,73407,73417,10
12.9819898605,80.2324829102,73417,73427,10
12.9818401337,80.2330322266,73427,73438,11
12.981590271,80.2335891724,73438,73448,10
12.9815597534,80.2336578369,73448,73458,10
12.981470108,80.233833313,73458,73468,10
12.9813804626,80.2340011597,73468,73478,10
12.9812402725,80.234336853,73478,73488,10
12.981180191,80.234703064,73488,73498,10
12.9811897278,80.2352523804,73498,73508,10
12.9812097549,80.2359390259,73508,73518,10
12.9812803268,80.2366790771,73518,73529,11
12.9812803268,80.237663269,73529,73539,10
12.9812803268,80.2382278442,73539,73549,10
12.9812898636,80.2387237549,73549,73559,10
12.9812898636,80.2388763428,73559,73569,10
12.981300354,80.2391433716,73569,73579,10
12.9812898636,80.2393035889,73579,73589,10
12.981300354,80.2394332886,73589,73599,10
12.981300354,80.2396697998,73599,73609,10
12.981300354,80.2400436401,73609,73619,10
12.9813098907,80.2403564453,73619,73630,11
12.9813299179,80.2407226563,73630,73640,10
12.9813499451,80.2411880493,73640,73650,10
12.9813404083,80.2417907715,73650,73660,10
12.9813499451,80.2420425415,73660,73680,20
12.9813499451,80.2420425415,73680,73690,10
12.9813499451,80.2422180176,73690,73700,10
12.9813404083,80.2425079346,73700,73710,10
12.9813404083,80.2429122925,73710,73720,10
12.9813499451,80.2429428101,73720,73731,11
12.9813499451,80.2430801392,73731,73741,10
12.9813499451,80.2432174683,73741,73751,10
12.9813499451,80.2435302734,73751,73761,10
12.9812698364,80.2441635132,73761,73771,10
12.9811401367,80.2450790405,73771,73779,8
12.9810199738,80.2459793091,73779,73791,12
12.9808702469,80.2475509644,73791,73801,10
12.9807796478,80.2490005493,73801,73811,10
12.9806404114,80.2500762939,73811,73820,9
12.9804000854,80.2509613037,73820,73832,12
12.9801197052,80.2520828247,73832,73842,10
12.9800701141,80.2522964478,73842,73852,10
12.9800395966,80.2524871826,73852,73862,10
12.9803800583,80.2527236938,73862,73872,10
12.9810199738,80.2526931763,73872,73884,12
12.9820899963,80.2526626587,73884,73894,10
12.983130455,80.2525787354,73894,73904,10
12.9839200974,80.2523880005,73904,73955,51
12.9840803146,80.2523193359,73955,74187,232
12.9840803146,80.2523193359,74187,74197,10
12.9843301773,80.252281189,74197,74207,10
12.9848203659,80.2521362305,74207,74217,10
12.9854297638,80.2519683838,74217,74227,10
12.9860296249,80.2518234253,74227,74238,11
12.9865903854,80.251701355,74238,74248,10
12.9870300293,80.2515792847,74248,74258,10
12.9874897003,80.251449585,74258,74268,10
12.987830162,80.2515029907,74268,74278,10
12.9879102707,80.2517471313,74278,74288,10
12.9879198074,80.2517471313,74288,74298,10
12.9879598618,80.251991272,74298,74308,10
12.9879703522,80.2526397705,74308,74318,10
12.9878997803,80.2533798218,74318,74329,11
12.9878196716,80.2540130615,74329,74349,20
12.9878196716,80.2540130615,74349,74359,10
12.987830162,80.2542037964,74359,74369,10
12.9877500534,80.2547683716,74369,74379,10
12.9877004623,80.2554397583,74379,74389,10
12.9876804352,80.255859375,74389,74399,10
12.9876298904,80.2562484741,74399,74409,10
12.9876403809,80.2563705444,74409,74419,10
12.987569809,80.256729126,74419,74429,10
12.9875202179,80.257232666,74429,74440,11
12.9874696732,80.2578430176,74440,74450,10
12.9874296188,80.2583770752,74450,74460,10
12.9873695374,80.258972168,74460,74510,50
12.9873695374,80.258972168,74510,74520,10
12.9872303009,80.259437561,74520,74531,11
12.9872398376,80.2595367432,74531,74541,10
12.9872598648,80.2595977783,74541,74551,10
12.9870901108,80.2596893311,74551,74571,20
12.9870901108,80.2596893311,74571,74581,10
12.9869604111,80.2596130371,74581,74591,10
12.9866304398,80.2595672607,74591,74601,10
12.9865503311,80.2592391968,74601,74611,10
12.9869203568,80.2591781616,74611,74672,61
12.9869203568,80.2591781616,74672,74684,12
12.9872999191,80.2591323853,74684,74693,9
12.9872999191,80.2590408325,74693,74704,11
12.9873304367,80.2587432861,74704,74713,9
12.9873600006,80.2583618164,74713,74724,11
12.9874200821,80.2577362061,74724,74735,11
12.9874801636,80.2570419312,74735,74744,9
12.9875001907,80.2568511963,74744,74754,10
12.9875497818,80.2564620972,74754,74764,10
12.9875497818,80.2560577393,74764,74775,11
12.9876699448,80.2555236816,74775,74785,10
12.9877004623,80.2550888062,74785,74794,9
12.9876899719,80.2549972534,74794,74805,11
12.9877300262,80.2545700073,74805,74814,9
12.9877901077,80.2539291382,74814,74825,11
12.9878196716,80.2532119751,74825,74836,11
12.9878797531,80.2523574829,74836,75098,262
12.9878797531,80.2523574829,75098,75108,10
12.987859726,80.2521591187,75108,75118,10
12.9876804352,80.2516708374,75118,75139,21
12.9876804352,80.2516708374,75139,75149,10
12.9875402451,80.2516403198,75149,75159,10
12.987159729,80.2516937256,75159,75169,10
12.9866399765,80.2518081665,75169,75179,10
12.9860200882,80.251953125,75179,75189,10
12.9852600098,80.2521591187,75189,75199,10
12.9843902588,80.2524032593,75199,75209,10
12.9834499359,80.2526092529,75209,75219,10
12.9824495316,80.2527236938,75219,75229,10
12.9814500809,80.252746582,75229,75240,11
12.9804096222,80.2527770996,75240,75250,10
12.9798698425,80.2524032593,75250,75280,30
12.9798698425,80.2524032593,75280,75290,10
12.9799098969,80.2522125244,75290,75300,10
12.9799804688,80.2519226074,75300,75310,10
12.9801301956,80.2514877319,75310,75320,10
12.9802999496,80.2509231567,75320,75330,10
12.9804697037,80.2502670288,75330,75341,11
12.9806499481,80.2494735718,75341,75351,10
12.9807195663,80.2487106323,75351,75361,10
12.9807701111,80.2479476929,75361,75371,10
12.980799675,80.2472076416,75371,75381,10
12.9808597565,80.2464599609,75381,75391,10
12.9809598923,80.2456436157,75391,75401,10
12.9810495377,80.2447891235,75401,75411,10
12.9811201096,80.2441177368,75411,75421,10
12.9811496735,80.2438583374,75421,75430,9
12.9812297821,80.2436981201,75430,75442,12
12.9812803268,80.2433166504,75442,75452,10
12.981300354,80.2430267334,75452,75472,20
12.981300354,80.2430267334,75472,75482,10
12.9813203812,80.2428436279,75482,75492,10
12.9813404083,80.2425231934,75492,75502,10
12.9813404083,80.2420120239,75502,75512,10
12.9813499451,80.2414016724,75512,75522,10
12.9813499451,80.240737915,75522,75532,10
12.9813404083,80.2400131226,75532,75543,11
12.9813098907,80.2392807007,75543,75553,10
12.981300354,80.2386398315,75553,75563,10
12.981300354,80.2382888794,75563,75575,12
12.9812898636,80.2380218506,75575,75585,10
12.9812698364,80.2378463745,75585,75595,10
12.9812602997,80.237411499,75595,75604,9
12.9812498093,80.236831665,75604,75614,10
12.9812297821,80.2362289429,75614,75624,10
12.9812402725,80.2359466553,75624,75634,10
12.9812202454,80.2356185913,75634,75644,10
12.9812002182,80.2352600098,75644,75654,10
12.9811897278,80.2349319458,75654,75694,40
12.9811897278,80.2349319458,75694,75704,10
12.9812002182,80.2344436646,75704,75726,22
12.9812002182,80.2344436646,75726,75737,11
12.9812602997,80.23412323,75737,75757,20
12.9812602997,80.23412323,75757,75767,10
12.9813699722,80.2338790894,75767,75777,10
12.9815101624,80.2336120605,75777,75807,30
12.9816102982,80.2333908081,75807,75824,17
12.9816102982,80.2333908081,75824,75838,14
12.9817695618,80.2330780029,75838,75848,10
12.9819202423,80.2326278687,75848,75858,10
12.9819402695,80.232170105,75858,75868,10
12.9819498062,80.2316970825,75868,75878,10
12.9819297791,80.2312469482,75878,75888,10
12.9817199707,80.2308120728,75888,75898,10
12.9813995361,80.2302627563,75898,75908,10
12.9810800552,80.2297821045,75908,75918,10
12.980890274,80.2294921875,75918,75928,10
12.9806499481,80.2291030884,75928,75949,21
12.9806499481,80.2291030884,75949,75959,10
12.9806003571,80.2289810181,75959,75969,10
12.9804296494,80.2287063599,75969,75979,10
12.9802999496,80.2284698486,75979,75989,10
12.9801397324,80.2281494141,75989,75999,10
12.9799003601,80.2277297974,75999,76009,10
12.9796104431,80.2272567749,76009,76019,10
12.9795103073,80.2270812988,76019,76030,11
12.9792900085,80.2267227173,76030,76040,10
12.978969574,80.2261810303,76040,76050,10
12.9785995483,80.2255325317,76050,76060,10
12.9783000946,80.2250213623,76060,76070,10
12.9781599045,80.2248001099,76070,76080,10
12.9779901505,80.2245864868,76080,76090,10
12.9777603149,80.2242584229,76090,76100,10
12.977519989,80.2238388062,76100,76110,10
12.9772901535,80.2234725952,76110,76120,10
12.977060318,80.2230987549,76120,76130,10
12.976940155,80.222869873,76130,76141,11
12.9770898819,80.2227706909,76141,76161,20
12.9770898819,80.2227706909,76161,76171,10
12.9774198532,80.2227325439,76171,76181,10
12.9774904251,80.2224197388,76181,76191,10
12.9774503708,80.2218399048,76191,76201,10
12.9774198532,80.2213821411,76201,76211,10
12.9776697159,80.2212905884,76211,76221,10
12.9781599045,80.2212219238,76221,76231,10
12.9788503647,80.2211837769,76231,76242,11
12.9797000885,80.2211303711,76242,76252,10
12.980509758,80.2210617065,76252,76262,10
12.9811296463,80.2211227417,76262,76272,10
12.9816503525,80.2214202881,76272,76282,10
12.9822101593,80.2217788696,76282,76292,10
12.9828395844,80.2219696045,76292,76312,20
12.9828395844,80.2219696045,76312,76322,10
12.9830904007,80.2220916748,76322,76332,10
12.9833498001,80.2222518921,76332,76343,11
12.9837198257,80.2225189209,76343,76353,10
12.9841403961,80.2227630615,76353,76363,10
12.9845104218,80.2229919434,76363,76373,10
12.9849596024,80.2232284546,76373,76383,10
12.9854602814,80.2233200073,76383,76393,10
12.9859199524,80.2230300903,76393,76403,10
12.9864597321,80.2230224609,76403,76413,10
12.9865198135,80.2230224609,76413,76423,10
12.9868803024,80.2230606079,76423,76433,10
12.9871902466,80.2231063843,76433,76444,11
12.9876804352,80.2230987549,76444,76454,10
12.9882698059,80.2227401733,76454,76464,10
12.9888801575,80.2221221924,76464,76475,11
12.9894599915,80.2213897705,76475,76485,10
12.9900503159,80.2206726074,76485,76495,10
12.9904203415,80.2203826904,76495,76506,11
12.9904603958,80.2203369141,76506,76515,9
12.990650177,80.2201766968,76515,76526,11
12.9910402298,80.2199020386,76526,76536,10
12.9913301468,80.2196502686,76536,76547,11
12.991519928,80.2194976807,76547,76557,10
12.9919500351,80.2191925049,76557,76567,10
12.9925403595,80.2187728882,76567,76577,10
12.9931602478,80.2183303833,76577,76587,10
12.9938001633,80.217880249,76587,76597,10
12.9942903519,80.2175216675,76597,76607,10
12.9946603775,80.2172317505,76607,76617,10
12.9947099686,80.2171936035,76617,76627,10
12.9948997498,80.2170715332,76627,76638,11
12.9953804016,80.2167816162,76638,76648,10
12.996049881,80.2165908813,76648,76658,10
12.9969301224,80.2164611816,76658,76678,20
12.9969301224,80.2164611816,76678,76688,10
12.9971904755,80.2164306641,76688,76698,10
12.9974498749,80.2161636353,76698,76708,10
12.9974899292,80.2161178589,76708,76718,10
12.9977502823,80.2159118652,76718,76728,10
12.998169899,80.2155380249,76728,76739,11
12.9987401962,80.2150497437,76739,76749,10
12.999130249,80.2147293091,76749,76759,10
12.9994602203,80.2144393921,76759,76768,9
12.9998197556,80.2141189575,76768,76779,11
13.0003004074,80.2136764526,76779,76789,10
13.0008497238,80.2131881714,76789,76799,10
13.0014095306,80.2127685547,76799,76809,10
13.0019903183,80.2123794556,76809,76819,10
13.0026702881,80.2121124268,76819,76830,11
13.0033798218,80.2120666504,76830,76840,10
13.0039701462,80.2120285034,76840,76850,10
13.0045995712,80.2123031616,76850,76860,10
13.0051498413,80.2126083374,76860,76870,10
13.0058898926,80.2129516602,76870,76880,10
13.0065803528,80.2127380371,76880,76890,10
13.0076599121,80.2128829956,76890,76910,20
13.0076599121,80.2128829956,76910,76920,10
13.0078001022,80.2130203247,76920,76930,10
13.0079803467,80.2131881714,76930,76941,11
13.0082798004,80.2133102417,76941,76951,10
13.0085601807,80.2134628296,76951,76961,10
13.0088500977,80.2138671875,76961,76971,10
13.0093097687,80.2144699097,76971,76981,10
13.0096702576,80.2150421143,76981,76991,10
13.0100603104,80.2155685425,76991,77001,10
13.0105600357,80.2162399292,77001,77011,10
13.010840416,80.2169418335,77011,77021,10
13.011179924,80.2177581787,77021,77031,10
13.0115098953,80.2186584473,77031,77042,11
13.0118598938,80.2196731567,77042,77052,10
13.0121202469,80.2205276489,77052,77062,10
13.0124797821,80.2213668823,77062,77072,10
13.0128602982,80.2219619751,77072,77082,10
13.0134496689,80.2226333618,77082,77092,10
13.0139799118,80.2232666016,77092,77102,10
13.0142498016,80.2236022949,77102,77112,10
13.0145797729,80.2240066528,77112,77122,10
13.0150098801,80.2246017456,77122,77133,11
13.0154600143,80.2249526978,77133,77143,10
13.0155696869,80.2250823975,77143,77153,10
13.0159597397,80.2253570557,77153,77163,10
13.0166702271,80.2253036499,77163,77173,10
13.017490387,80.2249603271,77173,77183,10
13.0183897018,80.2245864868,77183,77193,10
13.0192098618,80.2243728638,77193,77203,10
13.0197000504,80.2245178223,77203,77213,10
13.0200996399,80.2248077393,77213,77221,8
13.0205602646,80.225151062,77221,77233,12
13.0212202072,80.2256469727,77233,77244,11
13.0218296051,80.2260818481,77244,77254,10
13.0219297409,80.2261505127,77254,77264,10
13.0220098495,80.2262420654,77264,77274,10
13.0223703384,80.2265930176,77274,77284,10
13.022939682,80.2270889282,77284,77294,10
13.0234699249,80.2276000977,77294,77304,10
13.0240697861,80.2281570435,77304,77314,10
13.0244197845,80.2285232544,77314,77323,9
13.0245304108,80.228729248,77323,77335,12
13.0248699188,80.2292404175,77335,77345,10
13.0253601074,80.2298736572,77345,77357,12
13.0258798599,80.230758667,77357,77367,10
13.026049614,80.231338501,77367,77379,12
13.0266304016,80.2312393188,77379,77389,10
13.0272598267,80.2311019897,77389,77399,10
13.0274801254,80.2310180664,77399,77409,10
13.027759552,80.2309799194,77409,77418,9
13.0280799866,80.2309570313,77418,77428,10
13.0282897949,80.2309188843,77428,77440,12
13.0284996033,80.2309112549,77440,77450,10
13.0290803909,80.2308502197,77450,77460,10
13.029589653,80.230796814,77460,77470,10
13.0298900604,80.2307815552,77470,77490,20
13.0298900604,80.2307815552,77490,77500,10
13.0300798416,80.230758667,77500,77510,10
13.0304002762,80.23072052,77510,77520,10
13.0308198929,80.2306976318,77520,77530,10
13.0312595367,80.2306671143,77530,77541,11
13.0318403244,80.2306289673,77541,77551,10
13.0322799683,80.2305908203,77551,77561,10
13.0327997208,80.2305603027,77561,77571,10
13.0334596634,80.230506897,77571,77581,10
13.0342502594,80.2303924561,77581,77601,20
13.0342502594,80.2303924561,77601,77611,10
13.0344600677,80.2303390503,77611,77692,81
13.0348396301,80.2301864624,77692,77712,20
13.0348396301,80.2301864624,77712,77722,10
13.0350799561,80.2298736572,77722,77732,10
13.0349502563,80.2298126221,77732,77743,11
13.0343503952,80.2297363281,77743,77844,101
13.0341501236,80.2300491333,77844,77864,20
13.0341501236,80.2300491333,77864,77874,10
13.0341501236,80.2303237915,77874,77894,20
13.0341501236,80.2303237915,77894,77904,10
13.034119606,80.2304916382,77904,77914,10
13.0339698792,80.2304992676,77914,77924,10
13.0338201523,80.2304763794,77924,77934,10
13.0334701538,80.2304916382,77934,77945,11
13.0328702927,80.2305297852,77945,77955,10
13.0323896408,80.2305908203,77955,77965,10
13.0317602158,80.2306594849,77965,77975,10
13.0311002731,80.2307128906,77975,77995,20
13.0311002731,80.2307128906,77995,78005,10
13.0307197571,80.2307434082,78005,78016,11
13.0302200317,80.2307815552,78016,78026,10
13.0297403336,80.2308502197,78026,78037,11
13.0296201706,80.2308731079,78037,78048,11
13.0291595459,80.2309036255,78048,78056,8
13.0286397934,80.2309494019,78056,78068,12
13.0278701782,80.2310409546,78068,78078,10
13.027680397,80.2312698364,78078,78088,10
13.0277099609,80.231842041,78088,78096,8
13.0277996063,80.2323989868,78096,78108,12
13.0276403427,80.2328567505,78108,78118,10
13.027009964,80.232963562,78118,78128,10
13.0266599655,80.2330322266,78128,78138,10
13.0263795853,80.2328720093,78138,78149,11
13.0262002945,80.2322769165,78149,78159,10
13.0261001587,80.2319107056,78159,78169,10
13.0260000229,80.2315597534,78169,78179,10
13.0258703232,80.2310180664,78179,78189,10
13.0255203247,80.2302627563,78189,78196,7
13.0251703262,80.2297668457,78196,78209,13
13.0247297287,80.2292175293,78209,78219,10
13.024479866,80.2288894653,78219,78229,10
13.0241699219,80.2284927368,78229,78239,10
13.023850441,80.2280883789,78239,78250,11
13.0235004425,80.2277297974,78250,78260,10
13.0233097076,80.2275466919,78260,78270,10
13.0233001709,80.2275390625,78270,78280,10
13.0232400894,80.2274932861,78280,78290,10
13.023059845,80.2273788452,78290,78300,10
13.0228595734,80.2272567749,78300,78310,10
13.0226697922,80.2270126343,78310,78319,9
13.0224103928,80.2266998291,78319,78330,11
13.0219802856,80.2263183594,78330,78341,11
13.0215196609,80.2259368896,78341,78351,10
13.0211801529,80.2256622314,78351,78361,10
13.0204200745,80.225151062,78361,78368,7
13.0204200745,80.225151062,78368,78381,13
13.0196199417,80.2246170044,78381,78391,10
13.0186796188,80.2245635986,78391,78403,12
13.0174198151,80.2250976563,78403,78413,10
13.0164899826,80.2254714966,78413,78424,11
13.0157804489,80.2257080078,78424,78434,10
13.0152397156,80.2259292603,78434,78445,11
13.0146799088,80.2261581421,78445,78455,10
13.0144195557,80.2262573242,78455,78467,12
13.0144100189,80.2262573242,78467,78473,6
13.0142002106,80.2263183594,78473,78485,12
13.0135402679,80.2265701294,78485,78497,12
13.0126399994,80.2268981934,78497,78506,9
13.0118703842,80.2272109985,78506,78516,10
13.0110197067,80.2275619507,78516,78527,11
13.0101604462,80.2278900146,78527,78538,11
13.0094995499,80.2278366089,78538,78548,10
13.0096197128,80.2273483276,78548,78558,10
13.0099401474,80.2266921997,78558,78568,10
13.0103197098,80.2259368896,78568,78578,10
13.0106296539,80.2251663208,78578,78586,8
13.0108699799,80.2245788574,78586,78596,10
13.011059761,80.2240524292,78596,78606,10
13.0112495422,80.2234802246,78606,78616,10
13.0115604401,80.2227783203,78616,78628,12
13.0118398666,80.2217788696,78628,78639,11
13.0119895935,80.2214736938,78639,78649,10
13.0120897293,80.221282959,78649,78657,8
13.0121603012,80.2210464478,78657,78669,12
13.0119495392,80.2204437256,78669,78679,10
13.0116596222,80.2195587158,78679,78689,10
13.0113601685,80.2186584473,78689,78699,10
13.0109901428,80.2177200317,78699,78709,10
13.0106401443,80.2168579102,78709,78719,10
13.0100002289,80.2155838013,78719,78729,10
13.0100002289,80.2155838013,78729,78739,10
13.0096101761,80.2149200439,78739,78750,11
13.0086202621,80.2136535645,78750,78780,30
13.0085296631,80.2135696411,78780,78800,20
13.0085296631,80.2135696411,78800,78810,10
13.0084400177,80.2134933472,78810,78820,10
13.0082302094,80.2133483887,78820,78830,10
13.0081300735,80.2132263184,78830,78841,11
13.0079202652,80.213180542,78841,78871,30
13.0079202652,80.213180542,78871,78881,10
13.0076198578,80.212928772,78881,78891,10
13.0072097778,80.2127990723,78891,78901,10
13.0065698624,80.2127609253,78901,78911,10
13.0058603287,80.2130203247,78911,78921,10
13.005109787,80.2126235962,78921,78931,10
13.0042695999,80.2121887207,78931,78942,11
13.0034599304,80.2120819092,78942,78952,10
13.0020799637,80.2123565674,78952,78962,10
13.0020799637,80.2123565674,78962,78969,7
13.0016298294,80.212677002,78969,78982,13
13.0008497238,80.2133102417,78982,79004,22
12.9997596741,80.2143173218,79004,79014,10
12.9992799759,80.2147293091,79014,79024,10
12.9989795685,80.2149887085,79024,79032,8
12.9986200333,80.2153320313,79032,79045,13
12.9977998734,80.2160186768,79045,79055,10
12.997420311,80.2163391113,79055,79065,10
12.9973096848,80.2164764404,79065,79075,10
12.9970598221,80.216583252,79075,79085,10
12.9965200424,80.2166290283,79085,79095,10
12.9958200455,80.2167663574,79095,79105,10
12.9951095581,80.2170715332,79105,79115,10
12.9945802689,80.2174530029,79115,79125,10
12.9941396713,80.2177505493,79125,79135,10
12.9936704636,80.2181015015,79135,79146,11
12.9929704666,80.2185592651,79146,79156,10
12.9923601151,80.219039917,79156,79166,10
12.9917097092,80.2195281982,79166,79176,10
12.9911003113,80.2199478149,79176,79186,10
12.9908399582,80.2201385498,79186,79197,11
12.9907598495,80.220199585,79197,79206,9
12.9905004501,80.2204208374,79206,79217,11
12.9899501801,80.2209014893,79217,79226,9
12.9894304276,80.2214508057,79226,79236,10
12.9888801575,80.2221298218,79236,79247,11
12.9881801605,80.2228317261,79247,79256,9
12.9876804352,80.2231292725,79256,79268,12
12.9875202179,80.2231369019,79268,79277,9
12.9872198105,80.2231063843,79277,79287,10
12.9869003296,80.2230606079,79287,79297,10
12.9866504669,80.2229995728,79297,79308,11
12.9860296249,80.2229995728,79308,79318,10
12.9855098724,80.2232513428,79318,79327,9
12.9851102829,80.2232666016,79327,79339,12
12.9843797684,80.2228775024,79339,79349,10
12.9839601517,80.22265625,79349,79359,10
12.9837503433,80.2225494385,79359,79367,8
12.9834899902,80.2223892212,79367,79379,12
12.9833898544,80.2223205566,79379,79389,10
12.9832000732,80.2221603394,79389,79399,10
12.9828596115,80.2219696045,79399,79409,10
12.9823799133,80.221786499,79409,79419,10
12.9818401337,80.2215270996,79419,79429,10
12.9811897278,80.2211380005,79429,79440,11
12.9802904129,80.2210693359,79440,79450,10
12.9793901443,80.2211685181,79450,79460,10
12.9786596298,80.2211914063,79460,79470,10
12.9779996872,80.221206665,79470,79480,10
12.9772195816,80.2212677002,79480,79490,10
12.9763803482,80.2212600708,79490,79500,10
12.9761896133,80.2216186523,79500,79520,20
12.9761896133,80.2216186523,79520,79530,10
12.9763202667,80.2217407227,79530,79541,11
12.9765701294,80.2221908569,79541,79551,10
12.9769802094,80.2228088379,79551,79561,10
12.9774398804,80.2235717773,79561,79571,10
12.9779701233,80.2244033813,79571,79581,10
12.9784803391,80.2252578735,79581,79591,10
12.9789600372,80.22605896,79591,79601,10
12.9793796539,80.2267227173,79601,79611,10
12.9796199799,80.2270507813,79611,79621,10
12.9799995422,80.2276687622,79621,79631,10
12.9804496765,80.2284469604,79631,79642,11
12.9807796478,80.2290496826,79642,79652,10
12.9810400009,80.2294616699,79652,79662,10
12.9814395905,80.2301025391,79662,79672,10
12.9816999435,80.2305221558,79672,79682,10
12.9817800522,80.2307128906,79682,79692,10
12.9819803238,80.231300354,79692,79702,10
12.9820604324,80.2320709229,79702,79712,10
12.9819297791,80.2328109741,79712,79722,10
12.9817199707,80.233291626,79722,79732,10
12.9815597534,80.2335968018,79732,79743,11
12.9812498093,80.2342910767,79743,79753,10
12.9812002182,80.2350463867,79753,79763,10
12.9811897278,80.2357406616,79763,79773,10
12.9811897278,80.2364883423,79773,79783,10
12.9812698364,80.2375411987,79783,79793,10
12.981300354,80.2381362915,79793,79803,10
12.9813203812,80.2386169434,79803,79813,10
12.9813203812,80.2387619019,79813,79823,10
12.9813098907,80.2391891479,79823,79834,11
12.9813203812,80.2394790649,79834,79844,10
12.9813203812,80.2398300171,79844,79854,10
12.9813404083,80.2404937744,79854,79864,10
12.9813604355,80.2412872314,79864,79874,10
12.9813699722,80.241859436,79874,79884,10
12.9813804626,80.2421417236,79884,79894,10
12.9813995361,80.2425765991,79894,79904,10
12.9813804626,80.2427978516,79904,79914,10
12.9813699722,80.242980957,79914,79924,10
12.9813604355,80.2434616089,79924,79934,10
12.9812602997,80.2442321777,79934,79945,11
12.9811296463,80.2452926636,79945,79955,10
12.981010437,80.2463378906,79955,79965,10
12.9808998108,80.2474517822,79965,79975,10
12.9807901382,80.2486114502,79975,79985,10
12.9806699753,80.2497787476,79985,79995,10
12.9804000854,80.2509384155,79995,80005,10
12.9800901413,80.252166748,80005,80024,19
12.9800901413,80.252166748,80024,80035,11
12.9800701141,80.2524032593,80035,80046,11
12.9803104401,80.2526016235,80046,80056,10
12.9807195663,80.2525787354,80056,80227,171
12.9807195663,80.2525787354,80227,80238,11
12.981180191,80.2525177002,80238,80269,31
12.981180191,80.2525177002,80269,80278,9
12.9813098907,80.2525100708,80278,80287,9
12.9816703796,80.2525100708,80287,80299,12
12.9819803238,80.2525024414,80299,80309,10
12.9821300507,80.2525024414,80309,80319,10
12.9822101593,80.2525100708,80319,80327,8
12.9822597504,80.2525100708,80327,80340,13
12.9824695587,80.2525024414,80340,80350,10
12.9828395844,80.2524719238,80350,80360,10
12.9832296371,80.2524185181,80360,80451,91
12.9832296371,80.2524185181,80451,80461,10
12.9838495255,80.2522964478,80461,80471,10
12.9844303131,80.2521286011,80471,80491,20
12.9844303131,80.2521286011,80491,80501,10
12.9845199585,80.2521209717,80501,80582,81
12.9845199585,80.2521209717,80582,80592,10
12.9845695496,80.2521591187,80592,80602,10
12.9851303101,80.2519836426,80602,80723,121
12.9851303101,80.2519836426,80723,80733,10
12.9854898453,80.2518234253,80733,80744,11
12.9861297607,80.251663208,80744,80824,80
12.9861297607,80.251663208,80824,80834,10
12.9863595963,80.251663208,80834,80845,11
12.9871301651,80.2514877319,80845,80956,111
12.9871301651,80.2514877319,80956,80966,10
12.9873504639,80.2514266968,80966,80976,10
12.987660408,80.2513504028,80976,80986,10
12.9879302979,80.2517471313,80986,80996,10
12.9879598618,80.2526168823,80996,81006,10
12.987859726,80.2537307739,81006,81016,10
12.9877595901,80.2548522949,81016,81026,10
12.9876899719,80.2555236816,81026,81047,21
12.9876899719,80.2555236816,81047,81057,10
12.9876403809,80.2558822632,81057,81067,10
12.9875497818,80.2564468384,81067,81077,10
12.9875001907,80.2570877075,81077,81087,10
12.9874401093,80.2577667236,81087,81097,10
12.9874000549,80.2583007813,81097,81108,11
12.9873504639,80.2589035034,81108,81118,10
12.9871997833,80.2594833374,81118,81137,19
12.9871997833,80.2594833374,81137,81149,12
12.9870796204,80.2595977783,81149,81159,10
12.9869298935,80.2595596313,81159,81169,10
12.9865999222,80.2594909668,81169,81177,8
12.986579895,80.2591705322,81177,81188,11
12.9869699478,80.2591018677,81188,81199,11
12.9871397018,80.2591018677,81199,81209,10
12.9873104095,80.2589263916,81209,81219,10
12.9873600006,80.2584533691,81219,81229,10
12.9874000549,80.2577819824,81229,81240,11
12.9874601364,80.2568283081,81240,81250,10
12.9875097275,80.2559814453,81250,81260,10
12.9876499176,80.2553787231,81260,81268,8
12.9876699448,80.2548675537,81268,81280,12
12.9876804352,80.2548065186,81280,81288,8
12.9877099991,80.2546691895,81288,81298,10
12.9877595901,80.2542037964,81298,81308,10
12.9878196716,80.2534408569,81308,81318,10
12.9878997803,80.2525024414,81318,81331,13
12.9876003265,80.2515869141,81331,81341,10
12.9870796204,80.251663208,81341,81351,10
12.9865503311,80.2518005371,81351,81361,10
12.9857501984,80.251991272,81361,81371,10
12.9847202301,80.2522583008,81371,81381,10
12.9836101532,80.2525634766,81381,81391,10
12.9824695587,80.2526931763,81391,81401,10
12.9813604355,80.2527236938,81401,81411,10
12.9803800583,80.2527389526,81411,81421,10
12.9799499512,80.2527236938,81421,81482,61
12.9799499512,80.2527236938,81482,81492,10
12.9799003601,80.2522964478,81492,81512,20
12.9799003601,80.2522964478,81512,81522,10
12.9799499512,80.2520980835,81522,81532,10
12.9800701141,80.2516708374,81532,81543,11
12.9802999496,80.2508926392,81543,81553,10
12.9805297852,80.2499923706,81553,81563,10
12.9806995392,80.2490005493,81563,81573,10
12.9807796478,80.2479019165,81573,81583,10
12.980890274,80.2467193604,81583,81593,10
12.981010437,80.2454223633,81593,81603,10
12.9811296463,80.2441711426,81603,81613,10
12.9812498093,80.243637085,81613,81623,10
12.9813203812,80.2432327271,81623,81634,11
12.9813203812,80.2428588867,81634,81644,10
12.9813299179,80.2427978516,81644,81654,10
12.9813604355,80.242401123,81654,81664,10
12.9813499451,80.2416687012,81664,81674,10
12.9813699722,80.2407989502,81674,81684,10
12.9813098907,80.2400131226,81684,81694,10
12.981300354,80.2392883301,81694,81704,10
12.9812698364,80.23853302,81704,81714,10
12.9812602997,80.2379379272,81714,81724,10
12.9812602997,80.2379302979,81724,81735,11
12.9812498093,80.2375030518,81735,81745,10
12.9812202454,80.2367630005,81745,81755,10
12.9812002182,80.2359237671,81755,81765,10
12.9811697006,80.2349624634,81765,81775,10
12.981300354,80.2339935303,81775,81785,10
12.9816799164,80.2331619263,81785,81795,10
12.9819602966,80.2323989868,81795,81805,10
12.9819698334,80.2322006226,81805,81817,12
12.9819602966,80.2317962646,81817,81827,10
12.9818897247,80.231262207,81827,81838,11
12.9816703796,80.230682373,81838,81848,10
12.9812898636,80.2300186157,81848,81859,11
12.9808702469,80.2293014526,81859,81868,9
12.9806003571,80.2287826538,81868,81879,11
12.980099678,80.2279510498,81879,81889,10
12.9796695709,80.2272262573,81889,81899,10
12.9791202545,80.226348877,81899,81909,10
12.9785995483,80.225479126,81909,81919,10
12.9781398773,80.2247009277,81919,81929,10
12.9777698517,80.2241821289,81929,81939,10
12.9773902893,80.2235488892,81939,81950,11
12.9770002365,80.2229003906,81950,81959,9
12.9770402908,80.2226409912,81959,81969,10
12.9771604538,80.2226409912,81969,81979,10
12.9774799347,80.2226104736,81979,81989,10
12.9775400162,80.2221603394,81989,81998,9
12.9775104523,80.2216415405,81998,82010,12
12.9774999619,80.2212295532,82010,82019,9
12.977809906,80.2211990356,82019,82029,10
12.9784498215,80.2211685181,82029,82041,12
12.9795303345,80.2210693359,82041,82051,10
12.9804801941,80.2209777832,82051,82061,10
12.9811897278,80.2210464478,82061,82071,10
12.981880188,80.221496582,82071,82081,10
12.9825401306,80.2217788696,82081,82091,10
12.9830102921,80.2219467163,82091,82101,10
12.983499527,80.2223434448,82101,82111,10
12.983499527,80.2223434448,82111,82120,9
12.9840602875,80.2226409912,82120,82133,13
12.9848899841,80.2231063843,82133,82154,21
12.9861097336,80.2229309082,82154,82165,11
12.9864397049,80.2229385376,82165,82175,10
12.9867095947,80.2229614258,82175,82185,10
12.9871797562,80.2230224609,82185,82195,10
12.987859726,80.2229232788,82195,82205,10
12.988530159,80.2223968506,82205,82215,10
12.9891500473,80.2217330933,82215,82225,10
12.9897499084,80.220993042,82225,82235,10
12.9904899597,80.2203521729,82235,82246,11
12.9912595749,80.2197570801,82246,82256,10
12.9915704727,80.2194976807,82256,82266,10
12.9920196533,80.2192077637,82266,82276,10
12.9926099777,80.2187728882,82276,82286,10
12.9933395386,80.2182006836,82286,82296,10
12.9940595627,80.2176589966,82296,82306,10
12.9947099686,80.2171936035,82306,82316,10
12.995300293,80.2168197632,82316,82326,10
12.9958600998,80.2165679932,82326,82336,10
12.9961299896,80.2165222168,82336,82347,11
12.9966697693,80.2164535522,82347,82357,10
12.9971399307,80.2163391113,82357,82367,10
12.9975700378,80.216003418,82367,82377,10
12.9982099533,80.215461731,82377,82387,10
12.9988498688,80.2149505615,82387,82397,10
12.9991598129,80.2146987915,82397,82407,10
12.9995203018,80.2143783569,82407,82417,10
12.9999303818,80.2140426636,82417,82427,10
13.0004196167,80.2136001587,82427,82438,11
13.0010404587,80.2130432129,82438,82448,10
13.001540184,80.2126464844,82448,82458,10
13.0021600723,80.2122573853,82458,82468,10
13.0027704239,80.212059021,82468,82478,10
13.0034399033,80.2120437622,82478,82488,10
13.0037002563,80.2119979858,82488,82500,12
13.0041799545,80.2120819092,82500,82510,10
13.0047798157,80.2124023438,82510,82520,10
13.0054597855,80.2127990723,82520,82529,9
13.0061702728,80.2127609253,82529,82539,10
13.0069599152,80.2127075195,82539,82549,10
13.0077495575,80.2129364014,82549,82561,12
13.008480072,80.2133483887,82561,82569,8
13.0088996887,80.2138977051,82569,82579,10
13.0094404221,80.2146224976,82579,82589,10
13.0098199844,80.2151412964,82589,82599,10
13.0101499557,80.2155914307,82599,82609,10
13.0106296539,80.2162399292,82609,82619,10
13.0108604431,80.2169418335,82619,82630,11
13.0112695694,80.2179107666,82630,82642,12
13.0117301941,80.2192382813,82642,82652,10
13.0120897293,80.2204666138,82652,82662,10
13.0123500824,80.2214126587,82662,82672,10
13.0127801895,80.2221069336,82672,82682,10
13.0133600235,80.2227478027,82682,82692,10
13.0139598846,80.2233200073,82692,82702,10
13.0142402649,80.2235412598,82702,82712,10
13.0144500732,80.2238006592,82712,82722,10
13.0148496628,80.224357605,82722,82733,11
13.0152997971,80.2249679565,82733,82743,10
13.0153903961,80.225151062,82743,82753,10
13.01541996,80.2254104614,82753,82763,10
13.0151796341,80.2258300781,82763,82773,10
13.0147600174,80.2260284424,82773,82783,10
13.0145101547,80.2261123657,82783,82793,10
13.0142602921,80.2261810303,82793,82803,10
13.0141601563,80.2260818481,82803,82813,10
13.0141801834,80.2256622314,82813,82914,101
13.0141801834,80.2256622314,82914,82924,10
13.0140895844,80.2254562378,82924,82934,10
13.0144500732,80.2253799438,82934,82945,11
13.0145196915,80.225769043,82945,82955,10
