12.9964895248,80.1913528442,11,253,242
12.9964895248,80.1913528442,253,263,10
12.9967803955,80.1911010742,263,1100,837
12.9967803955,80.1911010742,1100,1110,10
12.9970197678,80.1909103394,1110,1120,10
12.9968996048,80.1911315918,1120,1130,10
12.9966802597,80.1910934448,1130,1140,10
12.9967803955,80.19090271,1140,16701,15561
12.9969797134,80.190826416,16701,18032,1331
12.996919632,80.1908035278,18032,24557,6525
12.996919632,80.1908035278,24557,24568,11
12.9969396591,80.1910476685,24568,24578,10
12.9966497421,80.1912994385,24578,24850,272
12.9964399338,80.1914672852,24850,24870,20
12.9964399338,80.1914672852,24870,24880,10
12.9963102341,80.1912536621,24880,24890,10
12.9962501526,80.1909866333,24890,24900,10
12.9961500168,80.1906890869,24900,24910,10
12.9961099625,80.1904373169,24910,24921,11
12.9960899353,80.1902618408,24921,25284,363
12.9960899353,80.1902618408,25284,25294,10
12.9959602356,80.1900405884,25294,25304,10
12.995880127,80.1896591187,25304,25314,10
12.9958896637,80.1894302368,25314,25324,10
12.9958896637,80.1894226074,25324,25334,10
12.9960899353,80.1893005371,25334,25344,10
12.9963703156,80.1895904541,25344,25354,10
12.9968395233,80.1900863647,25354,25364,10
12.9974002838,80.1907730103,25364,25374,10
12.9979801178,80.1915206909,25374,25385,11
12.9987096786,80.1924667358,25385,25395,10
12.9994297028,80.1933822632,25395,25405,10
13.0001296997,80.1942977905,25405,25415,10
13.0008602142,80.1952362061,25415,25425,10
13.0015697479,80.1961212158,25425,25435,10
13.0020704269,80.1969528198,25435,25445,10
13.0020399094,80.1979370117,25445,25455,10
13.0018501282,80.1990509033,25455,25465,10
13.0020198822,80.2001190186,25465,25475,10
13.0028896332,80.2006988525,25475,25485,10
13.0037403107,80.2008209229,25485,25495,10
13.0038299561,80.2008514404,25495,25506,11
13.0040798187,80.200958252,25506,25516,10
13.0046300888,80.201133728,25516,25526,10
13.0053596497,80.2015609741,25526,25536,10
13.005900383,80.2022781372,25536,25546,10
13.006360054,80.2030181885,25546,25556,10
13.0070295334,80.2035064697,25556,25566,10
13.0078401566,80.2037277222,25566,25576,10
13.008939743,80.2037124634,25576,25583,7
13.0098400116,80.2036437988,25583,25597,14
13.0118703842,80.2037811279,25597,25607,10
13.0132102966,80.2040481567,25607,25617,10
13.0140304565,80.2043228149,25617,25628,11
13.0149898529,80.2046737671,25628,25638,10
13.0160503387,80.2050170898,25638,25648,10
13.0183000565,80.2057189941,25648,25658,10
13.0183000565,80.2057189941,25658,25668,10
13.0194597244,80.2061386108,25668,25676,8
13.0274000168,80.2080612183,25676,25747,71
13.0274000168,80.2080612183,25747,25767,20
13.0293703079,80.2087631226,25767,25776,9
13.0297498703,80.2088699341,25776,25787,11
13.0304498672,80.2090530396,25787,25797,10
13.0312900543,80.2092819214,25797,25807,10
13.0321903229,80.2095108032,25807,25817,10
13.033249855,80.2097015381,25817,25827,10
13.0343399048,80.2099304199,25827,25837,10
13.0349397659,80.210067749,25837,25847,10
13.0350198746,80.2105331421,25847,25858,11
13.0350503922,80.2110824585,25858,25868,10
13.035030365,80.2113265991,25868,25878,10
13.0349397659,80.2116088867,25878,25888,10
13.0349597931,80.212097168,25888,25898,10
13.0355300903,80.2122268677,25898,25908,10
13.0363798141,80.2122802734,25908,25918,10
13.0371303558,80.2123031616,25918,25928,10
13.037899971,80.2123031616,25928,25938,10
13.038860321,80.2122802734,25938,25948,10
13.0399398804,80.2122421265,25948,25958,10
13.0411396027,80.2122268677,25958,25968,10
13.0424203873,80.2122116089,25968,25979,11
13.0436601639,80.2122192383,25979,25989,10
13.0441999435,80.2121963501,25989,26069,80
13.0441999435,80.2121963501,26069,26079,10
13.0445404053,80.2122573853,26079,26090,11
13.0451803207,80.2122421265,26090,26100,10
13.0460100174,80.2122116089,26100,26110,10
13.0470399857,80.2121734619,26110,26120,10
13.0486497879,80.2120132446,26120,26140,20
13.0486497879,80.2120132446,26140,26150,10
13.0489702225,80.2119979858,26150,26160,10
13.0495996475,80.2119293213,26160,26200,40
13.0495996475,80.2119293213,26200,26211,11
13.0498695374,80.2119598389,26211,26221,10
13.0503702164,80.2119674683,26221,26231,10
13.0509500504,80.212020874,26231,26241,10
13.0518398285,80.2119979858,26241,26251,10
13.0529003143,80.2117767334,26251,26261,10
13.0540399551,80.2115020752,26261,26271,10
13.0546598434,80.2113876343,26271,26281,10
13.0553302765,80.2114105225,26281,26291,10
13.0562496185,80.2114334106,26291,26301,10
13.0573797226,80.2114486694,26301,26311,10
13.0585098267,80.2114486694,26311,26321,10
13.0596103668,80.2115097046,26321,26332,11
13.0609197617,80.2115631104,26332,26342,10
13.0619096756,80.2116088867,26342,26352,10
13.0628900528,80.2116012573,26352,26362,10
13.0635204315,80.2115402222,26362,26372,10
13.0638599396,80.211479187,26372,26382,10
13.064499855,80.2113189697,26382,26392,10
13.0652399063,80.2108917236,26392,26402,10
13.0660800934,80.2102737427,26402,26412,10
13.0669403076,80.2094497681,26412,26422,10
13.0675601959,80.2085037231,26422,26432,10
13.0680904388,80.2076187134,26432,26443,11
13.068810463,80.2065505981,26443,26453,10
13.0693902969,80.205619812,26453,26463,10
13.0696496964,80.2051773071,26463,26473,10
13.0696601868,80.2048568726,26473,26483,10
13.0693302155,80.2048721313,26483,26493,10
13.0690402985,80.2052688599,26493,26503,10
13.0687799454,80.2050628662,26503,26513,10
13.0687999725,80.2048568726,26513,26523,10
13.0688295364,80.2048034668,26523,26533,10
13.0689496994,80.2047195435,26533,26543,10
13.0690603256,80.2047195435,26543,26553,10
13.0692996979,80.2047424316,26553,26564,11
13.069439888,80.2047576904,26564,26574,10
13.0696601868,80.2048110962,26574,26584,10
13.0699396133,80.2048034668,26584,26594,10
13.0702896118,80.2043685913,26594,26604,10
13.070810318,80.2037277222,26604,26614,10
13.0714797974,80.2029266357,26614,26624,10
13.0721797943,80.2021179199,26624,26634,10
13.0726003647,80.2016525269,26634,26644,10
13.0730895996,80.2010574341,26644,26654,10
13.0735301971,80.2005462646,26654,26663,9
13.0739898682,80.2000198364,26663,26674,11
13.0745296478,80.1993865967,26674,26685,11
13.0746297836,80.1993179321,26685,26695,10
13.0749197006,80.199180603,26695,26705,10
13.0754995346,80.1990509033,26705,26715,10
13.076379776,80.1990203857,26715,26725,10
13.0772800446,80.1989822388,26725,26735,10
13.0780601501,80.1988677979,26735,26745,10
13.0790395737,80.1987380981,26745,26755,10
13.0801200867,80.1986465454,26755,26765,10
13.0811796188,80.1985626221,26765,26775,10
13.0820398331,80.1985473633,26775,26784,9
13.0827903748,80.1984786987,26784,26796,12
13.0835599899,80.1984634399,26796,26806,10
13.0841398239,80.1984634399,26806,26816,10
13.0847797394,80.1984710693,26816,26826,10
13.0853395462,80.1984481812,26826,26836,10
13.0856599808,80.1984405518,26836,26846,10
13.0860795975,80.1984405518,26846,26856,10
13.0867595673,80.1984405518,26856,26866,10
13.0870895386,80.1983108521,26866,26876,10
13.0870895386,80.1982727051,26876,26886,10
13.087100029,80.1980667114,26886,26896,10
13.0871601105,80.1976013184,26896,26906,10
13.0872001648,80.1968612671,26906,26917,11
13.0872402191,80.1958389282,26917,26927,10
13.0872602463,80.1947631836,26927,26937,10
13.0872802734,80.1936187744,26937,26947,10
13.0873203278,80.1925201416,26947,26957,10
13.0874204636,80.1918411255,26957,26967,10
13.0874996185,80.191192627,26967,26977,10
13.0875997543,80.1903686523,26977,26987,10
13.0877199173,80.1893692017,26987,26997,10
13.0877199173,80.1888427734,26997,27007,10
13.0877304077,80.1885375977,27007,27017,10
13.0877799988,80.1879577637,27017,27028,11
13.0878295898,80.1870727539,27028,27038,10
13.0878601074,80.186088562,27038,27048,10
13.0878696442,80.1855010986,27048,27058,10
13.0878896713,80.1852111816,27058,27068,10
13.0879402161,80.1846084595,27068,27078,10
13.0879602432,80.1837768555,27078,27088,10
13.0880002975,80.182762146,27088,27098,10
13.0880403519,80.181892395,27098,27108,10
13.0880899429,80.1809005737,27108,27118,10
13.0881299973,80.1797866821,27118,27128,10
13.0881204605,80.1791229248,27128,27138,10
13.0881099701,80.1788101196,27138,27149,11
13.088139534,80.1783599854,27149,27159,10
13.0881700516,80.1776428223,27159,27169,10
13.0882101059,80.1768798828,27169,27179,10
13.088259697,80.1760025024,27179,27189,10
13.0883197784,80.1749420166,27189,27199,10
13.0884304047,80.1738433838,27199,27209,10
13.088470459,80.1728973389,27209,27219,10
13.0885000229,80.1725387573,27219,27229,10
13.0885400772,80.172088623,27229,27239,10
13.0885601044,80.1715164185,27239,27249,10
13.0886001587,80.1708679199,27249,27260,11
13.0886497498,80.1700363159,27260,27270,10
13.0886802673,80.1696014404,27270,27280,10
13.0891199112,80.1695022583,27280,27290,10
13.0898599625,80.1695785522,27290,27300,10
13.0907402039,80.1696166992,27300,27310,10
13.0917100906,80.1696777344,27310,27320,10
13.0926303864,80.1697463989,27320,27330,10
13.0935897827,80.1697998047,27330,27340,10
13.0944099426,80.1698532104,27340,27350,10
13.0946102142,80.169883728,27350,27360,10
13.0948600769,80.1698989868,27360,27370,10
13.095199585,80.169921875,27370,27381,11
13.0958795547,80.1699295044,27381,27391,10
13.0967102051,80.1699676514,27391,27401,10
13.0977296829,80.1700286865,27401,27411,10
13.0987195969,80.1700973511,27411,27421,10
13.0992698669,80.1701202393,27421,27431,10
13.0993404388,80.1701202393,27431,27441,10
13.0994300842,80.1701126099,27441,27451,10
13.0996904373,80.1700286865,27451,27471,20
13.0996904373,80.1700286865,27471,27481,10
13.0997200012,80.1702194214,27481,27491,10
13.0993099213,80.1702423096,27491,27663,172
13.0993099213,80.1702423096,27663,27673,10
13.09897995,80.1701812744,27673,27683,10
13.098690033,80.1701583862,27683,27693,10
13.0982503891,80.1701431274,27693,27703,10
13.0976696014,80.1700973511,27703,27713,10
13.0969696045,80.1700820923,27713,27722,9
13.0963001251,80.1700515747,27722,27734,12
13.0953998566,80.1699905396,27734,27744,10
13.0948200226,80.1699523926,27744,27754,10
13.0945301056,80.1699295044,27754,27764,10
13.09416008,80.1699066162,27764,27774,10
13.0935096741,80.1698608398,27774,27784,10
13.0926704407,80.1698226929,27784,27794,10
13.0916996002,80.1697692871,27794,27804,10
13.090760231,80.1697006226,27804,27814,10
13.089799881,80.1696395874,27814,27824,10
13.0889596939,80.169593811,27824,27834,10
13.0887002945,80.1697311401,27834,27844,10
13.0886697769,80.1700820923,27844,27855,11
13.088640213,80.1708221436,27855,27865,10
13.0886201859,80.17162323,27865,27875,10
13.0886096954,80.1719818115,27875,27885,10
13.0885696411,80.1722869873,27885,27895,10
13.0885400772,80.1728897095,27895,27905,10
13.0885000229,80.1737365723,27905,27915,10
13.0884599686,80.1745376587,27915,27925,10
13.0883998871,80.1753311157,27925,27935,10
13.0883398056,80.1762619019,27935,27945,10
13.0882902145,80.1771392822,27945,27954,9
13.0882797241,80.1777801514,27954,27966,12
13.0882701874,80.1785125732,27966,27976,10
13.088259697,80.1786422729,27976,27986,10
13.0882501602,80.1790771484,27986,27996,10
13.0882301331,80.1798171997,27996,28006,10
13.0882101059,80.1807174683,28006,28016,10
13.0881900787,80.1817932129,28016,28026,10
13.0881500244,80.1824569702,28026,28036,10
13.0881204605,80.1831588745,28036,28046,10
13.0880804062,80.1840362549,28046,28056,10
13.0880699158,80.1847381592,28056,28066,10
13.088060379,80.1851730347,28066,28077,11
13.0879898071,80.1857223511,28077,28087,10
13.08796978,80.1864395142,28087,28097,10
13.0879402161,80.1870727539,28097,28107,10
13.0879402161,80.1873626709,28107,28117,10
13.0879297256,80.1875915527,28117,28127,10
13.0879201889,80.1881027222,28127,28137,10
13.0878601074,80.1886367798,28137,28147,10
13.0878400803,80.1893310547,28147,28157,10
13.0878200531,80.1896820068,28157,28167,10
13.0877895355,80.1897506714,28167,28176,9
13.0877399445,80.190071106,28176,28187,11
13.0876598358,80.1907577515,28187,28198,11
13.0875301361,80.1917495728,28198,28208,10
13.0874099731,80.1926879883,28208,28218,10
13.0873699188,80.1936264038,28218,28228,10
13.0873498917,80.1945114136,28228,28238,10
13.0873603821,80.1949996948,28238,28248,10
13.0873298645,80.1953430176,28248,28258,10
13.0873203278,80.1960067749,28258,28268,10
13.0873003006,80.1968994141,28268,28278,10
13.0872802734,80.1977310181,28278,28288,10
13.0873403549,80.1983413696,28288,28298,10
13.0875301361,80.1984863281,28298,28308,10
13.0879497528,80.1984405518,28308,28319,11
13.0887203217,80.1984176636,28319,28329,10
13.0894203186,80.1984405518,28329,28339,10
13.0901203156,80.1984786987,28339,28349,10
13.0909996033,80.1985473633,28349,28359,10
13.0919504166,80.1986236572,28359,28369,10
13.0927600861,80.1986312866,28369,28379,10
13.0930299759,80.1989593506,28379,28389,10
13.0929803848,80.1996917725,28389,28399,10
13.0929403305,80.2004013062,28399,28409,10
13.0929203033,80.2005004883,28409,28419,10
13.0926198959,80.2006225586,28419,28430,11
13.0918903351,80.2005996704,28430,28439,9
13.0911102295,80.2005767822,28439,28450,11
13.0900201797,80.2005310059,28450,28460,10
13.0888700485,80.2004928589,28460,28470,10
13.0876998901,80.2004623413,28470,28480,10
13.0870399475,80.2004394531,28480,28490,10
13.0864400864,80.2004089355,28490,28500,10
13.085729599,80.2003936768,28500,28510,10
13.0854501724,80.2003479004,28510,28520,10
13.0853395462,80.2000427246,28520,28530,10
13.0853300095,80.1994094849,28530,28539,9
13.085269928,80.1987304688,28539,28550,11
13.0847597122,80.1987075806,28550,28561,11
13.0839195251,80.1986999512,28561,28571,10
13.0830202103,80.1986465454,28571,28581,10
13.0822401047,80.1986618042,28581,28591,10
13.0817604065,80.1986694336,28591,28601,10
13.0812397003,80.1986694336,28601,28611,10
13.0806102753,80.1987075806,28611,28621,10
13.0798997879,80.1987609863,28621,28631,10
13.0791702271,80.1988296509,28631,28641,10
13.0783901215,80.1989212036,28641,28651,10
13.077460289,80.1990203857,28651,28661,10
13.07654953,80.1991271973,28661,28672,11
13.0755701065,80.1992492676,28672,28682,10
13.0747499466,80.199546814,28682,28692,10
13.074259758,80.1998825073,28692,28702,10
13.0740203857,80.2001190186,28702,28712,10
13.0739803314,80.2001800537,28712,28722,10
13.0738401413,80.200340271,28722,28732,10
13.0737800598,80.2004089355,28732,28742,10
13.0737600327,80.2004470825,28742,28752,10
13.0735702515,80.2006912231,28752,28762,10
13.0731801987,80.2011413574,28762,28772,10
13.0726604462,80.2017364502,28772,28782,10
13.0723495483,80.2021636963,28782,28793,11
13.0717897415,80.2027130127,28793,28803,10
13.0711803436,80.2034301758,28803,28813,10
13.0705299377,80.2042236328,28813,28823,10
13.0700998306,80.204826355,28823,28843,20
13.0700998306,80.204826355,28843,28853,10
13.0699796677,80.2049484253,28853,28863,10
13.0697402954,80.2049789429,28863,28872,9
13.0694999695,80.2048568726,28872,28883,11
13.0692596436,80.2050933838,28883,28893,10
13.0684900284,80.2054595947,28893,28914,21
13.0684900284,80.2054595947,28914,28924,10
13.0683202744,80.2054824829,28924,28934,10
13.0681600571,80.2054595947,28934,28944,10
13.067990303,80.205329895,28944,28974,30
13.067990303,80.205329895,28974,28984,10
13.0681200027,80.2050323486,28984,28994,10
13.06828022,80.2049407959,28994,29004,10
13.0685796738,80.2048416138,29004,29014,10
13.0690803528,80.2046966553,29014,29035,21
13.0690803528,80.2046966553,29035,29045,10
13.0693101883,80.2047195435,29045,29055,10
13.0697202682,80.2048110962,29055,29105,50
13.0697202682,80.2048110962,29105,29115,10
13.0697898865,80.2048492432,29115,29125,10
13.0698900223,80.2050933838,29125,29135,10
13.0697698593,80.2053375244,29135,29146,11
13.0694103241,80.2058792114,29146,29156,10
13.0689401627,80.2065963745,29156,29166,10
13.068400383,80.2074584961,29166,29176,10
13.0678596497,80.2082824707,29176,29186,10
13.0676298141,80.2086715698,29186,29196,10
13.0673599243,80.2091217041,29196,29206,10
13.0669202805,80.2097625732,29206,29216,10
13.0661697388,80.2104187012,29216,29226,10
13.0654096603,80.2110824585,29226,29236,10
13.0648498535,80.2114486694,29236,29246,10
13.0646400452,80.2115325928,29246,29257,11
13.0643997192,80.2116012573,29257,29267,10
13.0639400482,80.211730957,29267,29287,20
13.0639400482,80.211730957,29287,29297,10
13.0638103485,80.2117233276,29297,29307,10
13.06346035,80.211730957,29307,29317,10
13.0628299713,80.211769104,29317,29327,10
13.0620498657,80.2117996216,29327,29337,10
13.0612201691,80.2117614746,29337,29347,10
13.0602703094,80.211730957,29347,29357,10
13.0591802597,80.2116775513,29357,29367,10
13.0580396652,80.2116165161,29367,29378,11
13.057559967,80.2116317749,29378,29388,10
13.0574102402,80.2116317749,29388,29398,10
13.0570201874,80.2116165161,29398,29408,10
13.0563697815,80.2116088867,29408,29418,10
13.0555095673,80.2116012573,29418,29428,10
13.0548696518,80.2115936279,29428,29438,10
13.0545396805,80.2116088867,29438,29448,10
13.0541095734,80.2116928101,29448,29458,10
13.0534095764,80.2118377686,29458,29468,10
13.0526304245,80.2120513916,29468,29477,9
13.0520000458,80.2121963501,29477,29488,11
13.0512599945,80.2122192383,29488,29499,11
13.0508499146,80.2122573853,29499,29509,10
13.0505895615,80.2122116089,29509,29519,10
13.0500097275,80.2121505737,29519,29529,10
13.0495300293,80.2121582031,29529,29539,10
13.0494604111,80.2121582031,29539,29549,10
13.049200058,80.2121887207,29549,29559,10
13.0486001968,80.2122192383,29559,29569,10
13.0478000641,80.2122802734,29569,29579,10
13.0467996597,80.2123184204,29579,29589,10
13.0456199646,80.2123718262,29589,29599,10
13.0444402695,80.2124176025,29599,29610,11
13.043129921,80.2124176025,29610,29620,10
13.0418300629,80.2124176025,29620,29630,10
13.0404901505,80.2124099731,29630,29640,10
13.0392103195,80.2124176025,29640,29650,10
13.0385198593,80.2124786377,29650,29660,10
13.0383701324,80.2124481201,29660,29670,10
13.0380496979,80.2124328613,29670,29680,10
13.0376701355,80.2124099731,29680,29690,10
13.0371799469,80.2124023438,29690,29700,10
13.0364904404,80.2123794556,29700,29710,10
13.0354604721,80.2123794556,29710,29741,31
13.0354604721,80.2123794556,29741,29751,10
13.0350799561,80.2123336792,29751,29761,10
13.0346698761,80.2122421265,29761,29801,40
13.0346698761,80.2122421265,29801,29811,10
13.034529686,80.2122192383,29811,29821,10
13.034330368,80.2122116089,29821,29852,31
13.034330368,80.2122116089,29852,29862,10
13.0340995789,80.2121734619,29862,29872,10
13.0339603424,80.2121429443,29872,29882,10
13.0338001251,80.2121124268,29882,29892,10
13.0334796906,80.2120437622,29892,29902,10
13.0329399109,80.2119293213,29902,29912,10
13.0321998596,80.211807251,29912,29922,10
13.0320301056,80.2111816406,29922,29932,10
13.0320596695,80.2104492188,29932,29942,10
13.0320796967,80.2097167969,29942,29952,10
13.0311403275,80.2094421387,29952,29973,21
13.0311403275,80.2094421387,29973,29983,10
13.030790329,80.2093505859,29983,29993,10
13.0303201675,80.2091903687,29993,30003,10
13.0300798416,80.2091064453,30003,30013,10
13.0298099518,80.2090530396,30013,30023,10
13.0297203064,80.2090530396,30023,30033,10
13.0293397903,80.2089233398,30033,30043,10
13.0286998749,80.2087402344,30043,30053,10
13.0278596878,80.2084579468,30053,30063,10
13.0270795822,80.2080078125,30063,30073,10
13.0262298584,80.2074890137,30073,30084,11
13.0251197815,80.207069397,30084,30094,10
13.0242395401,80.2069091797,30094,30114,20
13.0242395401,80.2069091797,30114,30124,10
13.0240402222,80.2068634033,30124,30134,10
13.0236902237,80.2067565918,30134,30144,10
13.0231103897,80.2066574097,30144,30154,10
13.0223197937,80.2065200806,30154,30164,10
13.0214099884,80.2064437866,30164,30174,10
13.020359993,80.2064437866,30174,30184,10
13.019370079,80.2063903809,30184,30194,10
13.0191001892,80.2063293457,30194,30205,11
13.0188302994,80.2062530518,30205,30215,10
13.0182304382,80.2060317993,30215,30225,10
13.017780304,80.2058868408,30225,30245,20
13.017780304,80.2058868408,30245,30255,10
13.0175104141,80.2057723999,30255,30265,10
13.0171098709,80.2056121826,30265,30275,10
13.0166196823,80.2053833008,30275,30285,10
13.0158996582,80.2049865723,30285,30295,10
13.0149202347,80.2047805786,30295,30305,10
13.0142297745,80.2045669556,30305,30315,10
13.0137901306,80.2044067383,30315,30326,11
13.013589859,80.2046279907,30326,30336,10
13.0135698318,80.2046890259,30336,30346,10
13.0134601593,80.2050170898,30346,30356,10
13.0132904053,80.2055511475,30356,30366,10
13.0130796432,80.2063369751,30366,30376,10
13.0129899979,80.2072677612,30376,30386,10
13.0129203796,80.2078399658,30386,30396,10
13.0128898621,80.2083435059,30396,30406,10
13.0129003525,80.2086715698,30406,30416,10
13.0129404068,80.2091903687,30416,30426,10
13.0131702423,80.2098007202,30426,30437,11
13.0130996704,80.2105331421,30437,30447,10
13.0128097534,80.2113800049,30447,30457,10
13.0124101639,80.2120666504,30457,30467,10
13.0119895935,80.212677002,30467,30477,10
13.0117998123,80.2127838135,30477,30487,10
13.0114898682,80.2125778198,30487,30497,10
13.0109500885,80.2121734619,30497,30507,10
13.0105695724,80.2118835449,30507,30517,10
13.0102300644,80.2116012573,30517,30588,71
13.0102300644,80.2116012573,30588,30598,10
13.0098896027,80.2113265991,30598,30689,91
13.0098896027,80.2113265991,30689,30699,10
13.0095500946,80.2111206055,30699,30759,60
13.0095500946,80.2111206055,30759,30769,10
13.0092401505,80.2111816406,30769,30779,10
13.0091295242,80.2113265991,30779,30789,10
13.009059906,80.2116470337,30789,30800,11
13.0091695786,80.2121582031,30800,30810,10
13.0093698502,80.2126998901,30810,30820,10
13.0095701218,80.2132720947,30820,30830,10
13.0098400116,80.2139129639,30830,30840,10
13.0101299286,80.214630127,30840,30850,10
13.0102596283,80.2154922485,30850,30860,10
13.0105800629,80.2163467407,30860,30870,10
13.0109796524,80.2172012329,30870,30880,10
13.0113201141,80.2181015015,30880,30890,10
13.0116796494,80.2191314697,30890,30900,10
13.0120296478,80.2202529907,30900,30911,11
13.0123195648,80.2212371826,30911,30921,10
13.0123701096,80.2214431763,30921,30931,10
13.0125703812,80.2218017578,30931,30941,10
13.0130300522,80.2223510742,30941,30951,10
13.013589859,80.2229690552,30951,30961,10
13.0141201019,80.2236022949,30961,30971,10
13.0144796371,80.2241134644,30971,30981,10
13.0151195526,80.2248306274,30981,31001,20
13.0151195526,80.2248306274,31001,31011,10
13.0152397156,80.2249832153,31011,31021,10
13.0154399872,80.2253036499,31021,31032,11
13.0154104233,80.2257003784,31032,31042,10
13.0150003433,80.225982666,31042,31052,10
13.0143404007,80.2262191772,31052,31062,10
13.0135202408,80.2265319824,31062,31072,10
13.0125904083,80.2268676758,31072,31082,10
13.0116195679,80.2272491455,31082,31092,10
13.0107698441,80.2276229858,31092,31102,10
13.0097999573,80.2279586792,31102,31112,10
13.00963974,80.2273025513,31112,31122,10
13.010020256,80.2264709473,31122,31132,10
13.0104398727,80.2254562378,31132,31142,10
13.0108299255,80.2245178223,31142,31153,11
13.0111703873,80.2236480713,31153,31163,10
13.0112600327,80.22315979,31163,31173,10
13.0108003616,80.2229385376,31173,31183,10
13.0101299286,80.2225799561,31183,31193,10
13.0093898773,80.2221679688,31193,31203,10
13.0085401535,80.2217025757,31203,31213,10
13.0075702667,80.2211914063,31213,31223,10
13.0066099167,80.220703125,31223,31233,10
13.0057001114,80.2204589844,31233,31243,10
13.0048599243,80.2202911377,31243,31253,10
13.0042695999,80.2201538086,31253,31263,10
13.0035495758,80.2199783325,31263,31274,11
13.0026597977,80.2196578979,31274,31284,10
13.0019798279,80.21900177,31284,31294,10
13.0012702942,80.2183685303,31294,31304,10
13.0006599426,80.2179489136,31304,31314,10
13.0000600815,80.2175521851,31314,31324,10
12.9992399216,80.2170791626,31324,31334,10
12.9982700348,80.2166366577,31334,31344,10
12.997469902,80.2165222168,31344,31354,10
12.997420311,80.2165222168,31354,31364,10
12.9970703125,80.2165298462,31364,31374,10
12.996509552,80.216583252,31374,31385,11
12.995759964,80.216758728,31385,31394,9
12.9950504303,80.2171173096,31394,31405,11
12.9943199158,80.217628479,31405,31415,10
12.9936199188,80.2181167603,31415,31425,10
12.9928503036,80.2186584473,31425,31435,10
12.9920701981,80.2192382813,31435,31445,10
12.991109848,80.2194900513,31445,31465,20
12.991109848,80.2194900513,31465,31475,10
12.9907999039,80.219367981,31475,31485,10
12.9902000427,80.2191619873,31485,31495,10
12.9894199371,80.2188720703,31495,31506,11
12.9883699417,80.2185134888,31506,31516,10
12.9875001907,80.2183609009,31516,31526,10
12.987279892,80.2183227539,31526,31536,10
12.9871196747,80.2182769775,31536,31546,10
12.9866695404,80.218170166,31546,31556,10
12.9859199524,80.2179794312,31556,31566,10
12.9849100113,80.217918396,31566,31576,10
12.9842300415,80.217918396,31576,31586,10
12.9834899902,80.2179412842,31586,31596,10
12.9825601578,80.2179489136,31596,31606,10
12.9815101624,80.2180099487,31606,31615,9
12.980509758,80.2183227539,31615,31627,12
12.9795598984,80.2187194824,31627,31637,10
12.9788599014,80.21900177,31637,31647,10
12.9784097672,80.2191772461,31647,31657,10
12.9777297974,80.2194595337,31657,31667,10
12.9768600464,80.2198181152,31667,31677,10
12.975979805,80.2202224731,31677,31687,10
12.9757204056,80.2203292847,31687,31697,10
12.9755496979,80.2204971313,31697,31727,30
12.9755496979,80.2204971313,31727,31738,11
12.9758195877,80.2209625244,31738,32926,1188
12.976099968,80.2211608887,32926,32978,52
12.976099968,80.2211608887,32978,32988,10
12.9763803482,80.2212295532,32988,32998,10
12.9765501022,80.2212295532,32998,33008,10
12.9766101837,80.2212295532,33008,33018,10
12.9769296646,80.2212295532,33018,33028,10
12.9772396088,80.2212295532,33028,33038,10
12.9776802063,80.2211990356,33038,33048,10
12.9780702591,80.2211990356,33048,33059,11
12.9785900116,80.2211608887,33059,33069,10
12.9790802002,80.2211227417,33069,33079,10
12.9796495438,80.2210693359,33079,33089,10
12.980219841,80.2210235596,33089,33099,10
12.9808101654,80.2209777832,33099,33109,10
12.9814395905,80.2211914063,33109,33119,10
12.9819402695,80.2215270996,33119,33129,10
12.9824304581,80.221786499,33129,33139,10
12.9830598831,80.2220077515,33139,33159,20
12.9830598831,80.2220077515,33159,33169,10
12.9832601547,80.2221069336,33169,33180,11
12.983499527,80.2223129272,33180,33190,10
12.9838399887,80.2225418091,33190,33200,10
12.9842395782,80.2227706909,33200,33210,10
12.9846601486,80.2230377197,33210,33220,10
12.9848203659,80.2231216431,33220,33230,10
12.9851999283,80.2232589722,33230,33240,10
12.98554039,80.2231826782,33240,33250,10
12.9859399796,80.2229690552,33250,33260,10
12.9865598679,80.2229614258,33260,33280,20
12.9865598679,80.2229614258,33280,33290,10
12.9871301651,80.2230529785,33290,33321,31
12.9871301651,80.2230529785,33321,33331,10
12.9874601364,80.2230834961,33331,33341,10
12.9874696732,80.2230834961,33341,33351,10
12.9877004623,80.2230682373,33351,33361,10
12.9880199432,80.2229003906,33361,33371,10
12.9883499146,80.2226333618,33371,33381,10
12.9886703491,80.2223434448,33381,33391,10
12.9890203476,80.2219467163,33391,33400,9
12.9893598557,80.221572876,33400,33411,11
12.9897899628,80.2209777832,33411,33422,11
12.99036026,80.220451355,33422,33432,10
12.9906101227,80.2202529907,33432,33442,10
12.9907197952,80.2201690674,33442,33452,10
12.9909696579,80.2199783325,33452,33462,10
12.9913797379,80.2196426392,33462,33472,10
12.9917402267,80.2193832397,33472,33482,10
12.9922599792,80.21900177,33482,33492,10
12.9928598404,80.2185821533,33492,33502,10
12.9935503006,80.2180404663,33502,33543,41
12.9935503006,80.2180404663,33543,33553,10
12.9938802719,80.2178421021,33553,33573,20
12.9938802719,80.2178421021,33573,33583,10
12.9940700531,80.2177124023,33583,33593,10
12.9943199158,80.2175216675,33593,33603,10
12.9945697784,80.2173309326,33603,33623,20
12.9945697784,80.2173309326,33623,33633,10
12.9948396683,80.2171173096,33633,33642,9
12.9951295853,80.2169418335,33642,33654,12
12.9955101013,80.2167434692,33654,33664,10
12.9956798553,80.2166671753,33664,33714,50
12.9956798553,80.2166671753,33714,33724,10
12.9960403442,80.2165679932,33724,33734,10
12.9960603714,80.2165679932,33734,33744,10
12.9963502884,80.2165298462,33744,33754,10
12.9967002869,80.2164916992,33754,33764,10
12.9971504211,80.2164535522,33764,33775,11
12.9974603653,80.2161712646,33775,33785,10
12.9975204468,80.2161178589,33785,33795,10
12.9976596832,80.2159881592,33795,33805,10
12.998000145,80.2157211304,33805,33815,10
12.9984502792,80.2153625488,33815,33825,10
12.9990100861,80.214881897,33825,33835,10
12.9992599487,80.2146530151,33835,33845,10
12.9996204376,80.2143173218,33845,33855,10
13.0000095367,80.2139663696,33855,33865,10
13.000459671,80.2135467529,33865,33875,10
13.0010700226,80.2130508423,33875,33885,10
13.0016899109,80.2125778198,33885,33896,11
13.0023097992,80.2122192383,33896,33906,10
13.0029001236,80.2120819092,33906,33916,10
13.0036697388,80.2119064331,33916,33946,30
13.0036697388,80.2119064331,33946,33956,10
13.0037298203,80.2116394043,33956,33966,10
13.0037603378,80.2112808228,33966,33976,10
13.0037603378,80.2109222412,33976,33986,10
13.0036897659,80.2104721069,33986,33996,10
13.0035896301,80.2099761963,33996,34006,10
13.0035600662,80.2094726563,34006,34017,11
13.0036802292,80.2088317871,34017,34027,10
13.004240036,80.2087020874,34027,34037,10
13.005109787,80.2090911865,34037,34047,10
13.0059995651,80.2094497681,34047,34057,10
13.0066795349,80.2096786499,34057,34067,10
13.007229805,80.2097930908,34067,34107,40
13.007229805,80.2097930908,34107,34117,10
13.0077600479,80.2099075317,34117,34128,11
13.0081396103,80.2099761963,34128,34138,10
13.0081701279,80.2097473145,34138,34147,9
13.0080795288,80.2092971802,34147,34158,11
13.0079603195,80.2085266113,34158,34168,10
13.0078201294,80.2076873779,34168,34178,10
13.0076704025,80.206703186,34178,34188,10
13.007519722,80.2056884766,34188,34198,10
13.0074996948,80.2050018311,34198,34208,10
13.007519722,80.2043533325,34208,34218,10
13.0074501038,80.2036209106,34218,34228,10
13.0072402954,80.2026824951,34228,34238,10
13.0065803528,80.2027587891,34238,34249,11
13.0067596436,80.2032928467,34249,34259,10
13.0071802139,80.2035369873,34259,34268,9
13.0076704025,80.203666687,34268,34279,11
13.0085000992,80.2036819458,34279,34289,10
13.0095300674,80.2036132813,34289,34299,10
13.0107603073,80.2036209106,34299,34309,10
13.0121202469,80.2037811279,34309,34319,10
13.0131702423,80.2040176392,34319,34329,10
13.013710022,80.2041702271,34329,34339,10
13.0143899918,80.2044219971,34339,34349,10
13.0150403976,80.2046279907,34349,34359,10
13.0150604248,80.2046432495,34359,34370,11
13.0152397156,80.204750061,34370,34380,10
13.0156698227,80.2049179077,34380,34390,10
13.0162601471,80.2051696777,34390,34400,10
13.0169200897,80.2052536011,34400,34410,10
13.0173196793,80.2054214478,34410,34420,10
13.0178499222,80.2055969238,34420,34430,10
13.0183000565,80.2058029175,34430,34440,10
13.0183496475,80.2058410645,34440,34450,10
13.0185699463,80.2059783936,34450,34460,10
13.019080162,80.2061386108,34460,34470,10
13.0198202133,80.2062835693,34470,34480,10
13.0207004547,80.2062835693,34480,34491,11
13.0214300156,80.2062911987,34491,34501,10
13.0217504501,80.2062988281,34501,34511,10
13.0222101212,80.2063293457,34511,34521,10
13.0228204727,80.2064590454,34521,34531,10
13.0236301422,80.2066116333,34531,34541,10
13.0242300034,80.2067108154,34541,34551,10
13.0242595673,80.2067108154,34551,34561,10
13.024479866,80.2067565918,34561,34571,10
13.0249099731,80.2068405151,34571,34581,10
13.0256500244,80.2070922852,34581,34591,10
13.02643013,80.2075119019,34591,34601,10
13.0272397995,80.2080001831,34601,34612,11
13.0282297134,80.2085037231,34612,34622,10
13.0291204453,80.2087173462,34622,34632,10
13.0296401978,80.2088394165,34632,34642,10
13.029999733,80.2089385986,34642,34652,10
13.0303602219,80.209022522,34652,34662,10
13.0308904648,80.2091674805,34662,34672,10
13.0313997269,80.2093200684,34672,34682,10
13.0313997269,80.2093276978,34682,34692,10
13.0315904617,80.2093887329,34692,34702,10
13.0320596695,80.2095108032,34702,34712,10
13.0327301025,80.2096481323,34712,34723,11
13.0334596634,80.209777832,34723,34733,10
13.0341796875,80.2099304199,34733,34743,10
13.0348300934,80.2100830078,34743,34753,10
13.0350503922,80.2103881836,34753,34763,10
13.0350599289,80.2109985352,34763,34813,50
13.0350599289,80.2109985352,34813,34823,10
13.0350198746,80.2114105225,34823,34844,21
13.0350198746,80.2114105225,34844,34854,10
13.0349903107,80.2116012573,34854,34864,10
13.0349903107,80.2116622925,34864,34874,10
13.0349597931,80.2118988037,34874,34884,10
13.0349597931,80.2119674683,34884,34894,10
13.0350904465,80.2121963501,34894,34904,10
13.0354404449,80.2122573853,34904,34914,10
13.036239624,80.212272644,34914,34934,20
13.036239624,80.212272644,34934,34944,10
13.0366802216,80.2122879028,34944,35055,111
13.0366802216,80.2122879028,35055,35065,10
13.0370397568,80.2123184204,35065,35075,10
13.0375204086,80.2123184204,35075,35086,11
13.0382995605,80.2123184204,35086,35096,10
13.0391397476,80.212310791,35096,35106,10
13.0401000977,80.212272644,35106,35116,10
13.0412197113,80.2122268677,35116,35126,10
13.0424098969,80.2122192383,35126,35136,10
13.0435304642,80.2122421265,35136,35146,10
13.0440597534,80.2122116089,35146,35237,91
13.0440597534,80.2122116089,35237,35247,10
13.0442495346,80.2122116089,35247,35257,10
13.0445804596,80.2121963501,35257,35267,10
13.0451602936,80.2121963501,35267,35277,10
13.0459299088,80.2121963501,35277,35287,10
13.0467996597,80.2121734619,35287,35297,10
13.0477895737,80.212097168,35297,35307,10
13.0485200882,80.2120285034,35307,35317,10
13.0485296249,80.2120437622,35317,35328,11
13.0486402512,80.2120513916,35328,35338,10
13.0490598679,80.2119979858,35338,35348,10
13.0496196747,80.2119903564,35348,35358,10
13.0501403809,80.2119522095,35358,35368,10
13.050860405,80.2120132446,35368,35378,10
13.0517501831,80.212020874,35378,35388,10
13.0527296066,80.2118606567,35388,35398,10
13.0537796021,80.2115783691,35398,35408,10
13.0546102524,80.2114028931,35408,35418,10
13.0554199219,80.2114105225,35418,35428,10
13.0563898087,80.2114334106,35428,35438,10
13.0573101044,80.2114334106,35438,35449,11
13.0576400757,80.2114334106,35449,35459,10
13.057849884,80.2114334106,35459,35469,10
13.0584001541,80.2114486694,35469,35479,10
13.0590000153,80.211479187,35479,35489,10
13.059800148,80.2115325928,35489,35499,10
13.0607404709,80.2115707397,35499,35509,10
13.0616798401,80.2116012573,35509,35519,10
13.0625295639,80.2116088867,35519,35529,10
13.0631904602,80.2115402222,35529,35539,10
13.0632095337,80.2115325928,35539,35549,10
13.0635499954,80.2115020752,35549,35590,41
13.0635499954,80.2115020752,35590,35600,10
13.0635795593,80.211517334,35600,35610,10
13.0639600754,80.2114868164,35610,35620,10
13.0645503998,80.2113189697,35620,35630,10
13.0652503967,80.2109222412,35630,35640,10
13.0659599304,80.2103729248,35640,35650,10
13.0667200089,80.2096862793,35650,35660,10
13.0672197342,80.2089309692,35660,35669,9
13.0676202774,80.2082977295,35669,35680,11
13.0682001114,80.2074279785,35680,35691,11
13.0687503815,80.2065734863,35691,35701,10
13.0692596436,80.2057495117,35701,35711,10
13.0696001053,80.2051773071,35711,35721,10
13.0695400238,80.2048034668,35721,35731,10
13.0691699982,80.205039978,35731,35741,10
13.0688199997,80.2052764893,35741,35751,10
13.0687599182,80.2049102783,35751,35781,30
13.0687599182,80.2049102783,35781,35791,10
13.0687398911,80.2048416138,35791,35802,11
13.0691299438,80.2046813965,35802,35812,10
13.0695896149,80.204750061,35812,35822,10
13.0698604584,80.2047729492,35822,35832,10
13.0701904297,80.2044219971,35832,35842,10
13.0706501007,80.2038421631,35842,35852,10
13.0712203979,80.2031326294,35852,35862,10
13.071969986,80.2022781372,35862,35912,50
13.071969986,80.2022781372,35912,35923,11
13.0719995499,80.2022628784,35923,35933,10
13.0721902847,80.2020568848,35933,35943,10
13.0724496841,80.201789856,35943,35953,10
13.0728302002,80.2013397217,35953,35963,10
13.073220253,80.2008972168,35963,35973,10
13.07351017,80.2005462646,35973,35983,10
13.0738401413,80.2001800537,35983,35993,10
13.074259758,80.1996994019,35993,36003,10
13.0744800568,80.1994400024,36003,36013,10
13.0748500824,80.1991424561,36013,36023,10
13.0749797821,80.1990890503,36023,36033,10
13.0753698349,80.1990432739,36033,36044,11
13.0760803223,80.1990127563,36044,36054,10
13.0769100189,80.1989593506,36054,36064,10
13.0778198242,80.1988601685,36064,36074,10
13.0787496567,80.1987533569,36074,36084,10
13.0795497894,80.1986618042,36084,36094,10
13.0802297592,80.198600769,36094,36104,10
13.0808601379,80.1985397339,36104,36114,10
13.0811901093,80.1985321045,36114,36124,10
13.0814304352,80.1985321045,36124,36134,10
13.0815896988,80.1985321045,36134,36143,9
13.0818595886,80.1985168457,36143,36155,12
13.0823202133,80.1984481812,36155,36185,30
13.0823202133,80.1984481812,36185,36195,10
13.0825099945,80.1984405518,36195,36205,10
13.0825595856,80.1984405518,36205,36215,10
13.0827503204,80.1984634399,36215,36225,10
13.0831203461,80.1984710693,36225,36235,10
13.0837097168,80.1984405518,36235,36245,10
13.083990097,80.1984405518,36245,36255,10
13.0841197968,80.1984481812,36255,36265,10
13.0845298767,80.1984710693,36265,36276,11
13.0850801468,80.1984634399,36276,36286,10
13.0853500366,80.1984634399,36286,36296,10
13.0856800079,80.1984405518,36296,36306,10
13.0862102509,80.198387146,36306,36316,10
13.0867795944,80.198387146,36316,36326,10
13.0870504379,80.198348999,36326,36336,10
13.0870800018,80.1982192993,36336,36346,10
13.0870800018,80.1981811523,36346,36356,10
13.0871200562,80.1977996826,36356,36366,10
13.0871696472,80.1971511841,36366,36376,10
13.0872001648,80.1962814331,36376,36386,10
13.0872402191,80.1953201294,36386,36397,11
13.087269783,80.1942596436,36397,36407,10
13.087269783,80.1929397583,36407,36457,50
13.087269783,80.1929397583,36457,36467,10
13.0872402191,80.1928482056,36467,36477,10
13.0872802734,80.1925811768,36477,36487,10
13.0873403549,80.1921768188,36487,36497,10
13.087439537,80.1915130615,36497,36507,10
13.0875501633,80.1906661987,36507,36518,11
13.0876998901,80.1895980835,36518,36528,10
13.0877103806,80.1888122559,36528,36538,10
13.0877199173,80.1885910034,36538,36548,10
13.0877504349,80.1883010864,36548,36568,20
13.0877504349,80.1883010864,36568,36578,10
13.0877799988,80.1882400513,36578,36588,10
13.0878000259,80.1878433228,36588,36598,10
13.0878295898,80.1871490479,36598,36608,10
13.0878601074,80.1862716675,36608,36618,10
13.0878696442,80.1854934692,36618,36628,10
13.0879297256,80.1846618652,36628,36639,11
13.0879802704,80.1835632324,36639,36649,10
13.0880098343,80.1825790405,36649,36659,10
13.0880498886,80.1818618774,36659,36669,10
13.0880899429,80.181022644,36669,36679,10
13.0881004333,80.1802597046,36679,36689,10
13.0881004333,80.1797866821,36689,36719,30
13.0881004333,80.1797866821,36719,36729,10
13.0881099701,80.1795196533,36729,36739,10
13.0881004333,80.1789779663,36739,36749,10
13.0881004333,80.1788330078,36749,36760,11
13.0881299973,80.1786575317,36760,36770,10
13.088139534,80.1781616211,36770,36780,10
13.0881595612,80.1773834229,36780,36790,10
13.0882301331,80.1764602661,36790,36800,10
13.0882997513,80.1753692627,36800,36810,10
13.0883598328,80.1744766235,36810,36820,10
13.0884304047,80.1738891602,36820,36830,10
13.0884599686,80.1734008789,36830,36840,10
13.0885000229,80.1726531982,36840,36850,10
13.08852005,80.1719818115,36850,36860,10
13.08852005,80.1719665527,36860,36871,11
13.088549614,80.1716079712,36871,36881,10
13.0885801315,80.1710205078,36881,36891,10
13.0886297226,80.1702575684,36891,36951,60
13.0886297226,80.1702575684,36951,36961,10
13.0886497498,80.1700363159,36961,36971,10
13.0887403488,80.1695327759,36971,36981,10
13.0894098282,80.1695175171,36981,36992,11
13.0903196335,80.1695709229,36992,37002,10
13.091170311,80.169631958,37002,37012,10
13.0921802521,80.1696929932,37012,37022,10
13.0933303833,80.1697692871,37022,37032,10
13.0943603516,80.1698074341,37032,37042,10
13.0947704315,80.1698379517,37042,37052,10
13.0950803757,80.1698379517,37052,37062,10
13.0955200195,80.1698913574,37062,37072,10
13.0956001282,80.1698913574,37072,37082,10
13.0959196091,80.169921875,37082,37092,10
13.0965099335,80.1699523926,37092,37101,9
13.0972604752,80.1699981689,37101,37113,12
13.0983200073,80.1700515747,37113,37123,10
13.0992202759,80.1700973511,37123,37133,10
13.0996599197,80.1699676514,37133,37143,10
13.0996599197,80.1697006226,37143,37153,10
13.0994596481,80.1698379517,37153,37445,292
13.09953022,80.1701202393,37445,37657,212
13.09953022,80.1701202393,37657,37667,10
13.0993795395,80.170173645,37667,37677,10
13.0992202759,80.1702270508,37677,37687,10
13.0992002487,80.1702270508,37687,37697,10
13.0989198685,80.1701965332,37697,37708,11
13.0983104706,80.1701507568,37708,37718,10
13.0975399017,80.1701202393,37718,37728,10
13.0966396332,80.1700668335,37728,37738,10
13.095700264,80.1700134277,37738,37748,10
13.0949001312,80.1699295044,37748,37758,10
13.0945796967,80.1699066162,37758,37768,10
13.0942497253,80.1698913574,37768,37778,10
13.0936498642,80.1698608398,37778,37788,10
13.0928602219,80.1698074341,37788,37798,10
13.0918798447,80.1697616577,37798,37808,10
13.0911998749,80.169708252,37808,37818,10
13.0904598236,80.1696624756,37818,37829,11
13.0894699097,80.1696090698,37829,37839,10
13.0887403488,80.1696395874,37839,37849,10
13.0886802673,80.1700820923,37849,37859,10
13.0886497498,80.1707077026,37859,37869,10
13.0886201859,80.1713409424,37869,37879,10
13.0885896683,80.1719512939,37879,37889,10
13.0885896683,80.1719589233,37889,37899,10
13.0885601044,80.1722335815,37899,37909,10
13.0885295868,80.1727828979,37909,37919,10
13.0884799957,80.173576355,37919,37929,10
13.0884399414,80.174407959,37929,37939,10
13.0883903503,80.1750564575,37939,37950,11
13.0883302689,80.1759109497,37950,37960,10
13.0882797241,80.1768188477,37960,37970,10
13.088259697,80.1774673462,37970,37980,10
13.088259697,80.1785812378,37980,38000,20
13.088259697,80.1785812378,38000,38010,10
13.088259697,80.1789474487,38010,38020,10
13.088259697,80.1793136597,38020,38040,20
13.088259697,80.1793136597,38040,38050,10
13.088259697,80.1794204712,38050,38060,10
13.0882396698,80.1798324585,38060,38071,11
13.0882196426,80.1805801392,38071,38081,10
13.0881900787,80.1814575195,38081,38091,10
13.0881595612,80.1823272705,38091,38101,10
13.0881004333,80.1832809448,38101,38111,10
13.0880498886,80.1843566895,38111,38121,10
13.0880098343,80.1853485107,38121,38131,10
13.0879602432,80.1862487793,38131,38141,10
13.0879201889,80.1871795654,38141,38151,10
13.0878801346,80.1878509521,38151,38171,20
13.0878801346,80.1878509521,38171,38181,10
13.0878601074,80.1879730225,38181,38192,11
13.087849617,80.1884918213,38192,38202,10
13.0878295898,80.1891937256,38202,38212,10
13.0878000259,80.1899032593,38212,38232,20
13.0878000259,80.1899032593,38232,38242,10
13.087770462,80.1902008057,38242,38252,10
13.0876703262,80.1907730103,38252,38262,10
13.0875597,80.1915435791,38262,38272,10
13.0874795914,80.1923294067,38272,38302,30
13.0874795914,80.1923294067,38302,38313,11
13.0874700546,80.1923980713,38313,38323,10
13.0874300003,80.1926727295,38323,38333,10
13.0873804092,80.193107605,38333,38343,10
13.0873603821,80.1937866211,38343,38353,10
13.0873403549,80.1946182251,38353,38363,10
13.0873203278,80.1953201294,38363,38373,10
13.0873003006,80.1960678101,38373,38383,10
13.0872802734,80.1969604492,38383,38393,10
13.0872802734,80.1977615356,38393,38403,10
13.087269783,80.1978607178,38403,38413,10
13.0873003006,80.1981964111,38413,38424,11
13.0873804092,80.1984100342,38424,38434,10
13.0875597,80.1984634399,38434,38444,10
13.0879201889,80.1984710693,38444,38454,10
13.0884504318,80.1984176636,38454,38464,10
13.0887203217,80.1984024048,38464,38474,10
13.0891399384,80.1984329224,38474,38484,10
13.0896701813,80.1984710693,38484,38494,10
13.0904197693,80.1985168457,38494,38504,10
13.0912399292,80.1985778809,38504,38514,10
13.092040062,80.198638916,38514,38524,10
13.0928001404,80.198638916,38524,38534,10
13.093000412,80.198928833,38534,38545,11
13.0929203033,80.1996688843,38545,38555,10
13.0928697586,80.2003936768,38555,38565,10
13.0928602219,80.2004776001,38565,38575,10
13.0926904678,80.2006225586,38575,38585,10
13.092300415,80.2005996704,38585,38595,10
13.091629982,80.2005691528,38595,38605,10
13.0908603668,80.2005462646,38605,38615,10
13.0900497437,80.2005310059,38615,38625,10
13.0891704559,80.2004776001,38625,38635,10
13.0881595612,80.2004470825,38635,38645,10
13.0873298645,80.2004394531,38645,38655,10
13.0867204666,80.2004165649,38655,38666,11
13.0860004425,80.2004013062,38666,38676,10
13.0857601166,80.2003936768,38676,38686,10
13.0855998993,80.200378418,38686,38696,10
13.0853900909,80.2003631592,38696,38706,10
13.0853099823,80.2002868652,38706,38716,10
13.0852804184,80.2000274658,38716,38726,10
13.0853099823,80.1995697021,38726,38736,10
13.0852899551,80.1989364624,38736,38746,10
13.0851802826,80.1986999512,38746,38756,10
13.0847902298,80.1986999512,38756,38766,10
13.0843200684,80.1986923218,38766,38776,10
13.0843095779,80.1986923218,38776,38787,11
13.0838899612,80.198677063,38787,38797,10
13.0833597183,80.1986999512,38797,38817,20
13.0833597183,80.1986999512,38817,38827,10
13.0831203461,80.1986923218,38827,38837,10
13.08273983,80.1986465454,38837,38847,10
13.0822296143,80.1986465454,38847,38857,10
13.0818195343,80.1986694336,38857,38867,10
13.0813703537,80.1986465454,38867,38877,10
13.0807304382,80.1986694336,38877,38887,10
13.0799303055,80.1987533569,38887,38896,9
13.0791597366,80.1988220215,38896,38908,12
13.0781202316,80.1989364624,38908,38918,10
13.0771102905,80.1990432739,38918,38928,10
13.0760803223,80.1991729736,38928,38938,10
13.0750198364,80.1994018555,38938,38948,10
13.0740804672,80.2000198364,38948,38958,10
13.0736999512,80.2004776001,38958,38968,10
13.0736198425,80.2005691528,38968,38978,10
13.0734195709,80.2008209229,38978,38988,10
13.0730304718,80.2012786865,38988,38998,10
13.0725002289,80.2019195557,38998,39007,9
13.0719900131,80.2024383545,39007,39018,11
13.0713300705,80.2032012939,39018,39029,11
13.0705795288,80.2040863037,39029,39039,10
13.0700902939,80.2047119141,39039,39049,10
13.0699396133,80.2049636841,39049,39069,20
13.0699396133,80.2049636841,39069,39079,10
13.0697402954,80.2049865723,39079,39089,10
13.0693798065,80.2048568726,39089,39099,10
13.0690402985,80.2052612305,39099,39109,10
13.0689296722,80.2053909302,39109,39119,10
13.0685796738,80.2054672241,39119,39129,10
13.0679998398,80.2052230835,39129,39170,41
13.0679998398,80.2052230835,39170,39180,10
13.0680398941,80.2050704956,39180,39190,10
13.0683002472,80.2049636841,39190,39200,10
13.0687398911,80.2048034668,39200,39210,10
13.0695199966,80.204750061,39210,39230,20
13.0695199966,80.204750061,39230,39240,10
13.0696897507,80.204788208,39240,39250,10
13.0698604584,80.2049636841,39250,39261,11
13.0698003769,80.2052536011,39261,39271,10
13.0694999695,80.2057266235,39271,39281,10
13.0690698624,80.2063980103,39281,39291,10
13.0685901642,80.2071762085,39291,39301,10
13.0680303574,80.2080917358,39301,39311,10
13.0675601959,80.2088623047,39311,39321,10
13.0670995712,80.2095794678,39321,39331,10
13.0663604736,80.2102966309,39331,39341,10
13.065489769,80.2110214233,39341,39351,10
13.065079689,80.2113113403,39351,39361,10
13.0650701523,80.2113113403,39361,39371,10
13.0647802353,80.21144104,39371,39382,11
13.0642004013,80.2116622925,39382,39392,10
13.0638198853,80.2117080688,39392,39402,10
13.0634002686,80.2117080688,39402,39412,10
13.0627202988,80.211730957,39412,39422,10
13.0619297028,80.211769104,39422,39432,10
13.061050415,80.2117462158,39432,39442,10
13.0601501465,80.2117080688,39442,39452,10
13.0592699051,80.2116775513,39452,39462,10
13.0587596893,80.2116699219,39462,39472,10
13.058429718,80.2116470337,39472,39482,10
13.0579204559,80.2116317749,39482,39491,9
13.0576696396,80.2116317749,39491,39503,12
13.0575399399,80.2116088867,39503,39513,10
13.0573596954,80.2116088867,39513,39523,10
13.0569200516,80.2116012573,39523,39533,10
13.0562696457,80.2115783691,39533,39543,10
13.0554599762,80.2115631104,39543,39553,10
13.0545501709,80.2115707397,39553,39563,10
13.0536203384,80.2117385864,39563,39573,10
13.0525798798,80.2120437622,39573,39583,10
13.0516901016,80.2121963501,39583,39624,41
13.0516901016,80.2121963501,39624,39634,10
13.05148983,80.2122192383,39634,39644,10
13.0512800217,80.2121887207,39644,39654,10
13.0511198044,80.2122192383,39654,39664,10
13.0506296158,80.2122192383,39664,39674,10
13.0497598648,80.2121734619,39674,39694,20
13.0497598648,80.2121734619,39694,39704,10
13.0496501923,80.2121429443,39704,39714,10
13.0492897034,80.2121505737,39714,39724,10
13.0487098694,80.2121734619,39724,39734,10
13.0480203629,80.2122268677,39734,39745,11
13.0470504761,80.212310791,39745,39755,10
13.0460195541,80.2123565674,39755,39765,10
13.0454597473,80.2124099731,39765,39805,40
13.0454597473,80.2124099731,39805,39815,10
13.0453395844,80.212387085,39815,39825,10
13.0450401306,80.2124023438,39825,39835,10
13.0445804596,80.2124176025,39835,39845,10
13.0440196991,80.2124023438,39845,39856,11
13.0431404114,80.2124023438,39856,39866,10
13.0425796509,80.212387085,39866,39876,10
13.041970253,80.212387085,39876,39886,10
13.0412197113,80.2124176025,39886,39896,10
13.0401697159,80.2124023438,39896,39906,10
13.0392799377,80.212387085,39906,39916,10
13.0384302139,80.2124023438,39916,39926,10
13.0376501083,80.2123794556,39926,40007,81
13.0376501083,80.2123794556,40007,40017,10
13.0374403,80.212310791,40017,40027,10
13.0370798111,80.2123184204,40027,40037,10
13.036450386,80.212310791,40037,40047,10
13.0356397629,80.2123184204,40047,40057,10
13.0351400375,80.2122802734,40057,40067,10
13.0351104736,80.2122802734,40067,40077,10
13.0349903107,80.2122497559,40077,40087,10
13.0349397659,80.2122421265,40087,40098,11
13.0346097946,80.2121963501,40098,40108,10
13.0344295502,80.2121734619,40108,40118,10
13.0343999863,80.2121582031,40118,40128,10
13.0343503952,80.2121276855,40128,40138,10
13.0340099335,80.2120895386,40138,40158,20
13.0340099335,80.2120895386,40158,40168,10
13.0336399078,80.2120437622,40168,40178,10
13.0330400467,80.2119522095,40178,40188,10
13.0322599411,80.2118606567,40188,40198,10
13.0318698883,80.2116394043,40198,40208,10
13.0319595337,80.2110137939,40208,40219,11
13.0320701599,80.2101135254,40219,40229,10
13.031999588,80.2097167969,40229,40239,10
13.0316095352,80.2095794678,40239,40249,10
13.0309295654,80.2093734741,40249,40259,10
13.0301504135,80.2091522217,40259,40269,10
13.0297899246,80.2090301514,40269,40279,10
13.0296401978,80.2089996338,40279,40289,10
13.0291996002,80.2088623047,40289,40299,10
13.0284500122,80.2086486816,40299,40309,10
13.0276203156,80.2083435059,40309,40319,10
13.0267896652,80.2078399658,40319,40329,10
13.026140213,80.2074508667,40329,40340,11
13.0254297256,80.2071533203,40340,40350,10
13.0246200562,80.2069778442,40350,40360,10
13.024189949,80.2068786621,40360,40370,10
13.0236902237,80.20677948,40370,40380,10
13.0229701996,80.2066268921,40380,40390,10
13.0222902298,80.2064819336,40390,40400,10
13.0219202042,80.206451416,40400,40410,10
13.0217199326,80.206451416,40410,40420,10
13.0211801529,80.2064437866,40420,40430,10
13.0204296112,80.2064285278,40430,40440,10
13.0195398331,80.2063903809,40440,40450,10
13.0188102722,80.2062530518,40450,40461,11
13.0186300278,80.2061767578,40461,40471,10
13.0181398392,80.2060012817,40471,40481,10
13.0174703598,80.2057571411,40481,40491,10
13.0167798996,80.2054977417,40491,40501,10
13.015999794,80.2052230835,40501,40511,10
13.0151596069,80.2049713135,40511,40521,10
13.0144100189,80.2047195435,40521,40531,10
13.0137796402,80.2044830322,40531,40541,10
13.0135803223,80.204498291,40541,40551,10
13.0135402679,80.2046890259,40551,40561,10
13.013469696,80.2049407959,40561,40571,10
13.0132799149,80.2054901123,40571,40582,11
13.0130596161,80.2063674927,40582,40592,10
13.0129995346,80.2072982788,40592,40602,10
13.0128898621,80.2078704834,40602,40612,10
13.0128803253,80.2084274292,40612,40622,10
13.0129003525,80.208732605,40622,40632,10
13.0130195618,80.2092971802,40632,40642,10
13.0131597519,80.2098693848,40642,40652,10
13.0130901337,80.2105407715,40652,40662,10
13.012840271,80.2113037109,40662,40672,10
13.0124397278,80.2119903564,40672,40682,10
13.0120801926,80.2125473022,40682,40691,9
13.0119695663,80.2126998901,40691,40703,12
13.011879921,80.2128067017,40703,40713,10
13.0116596222,80.2127380371,40713,40723,10
13.0112400055,80.2124328613,40723,40733,10
13.010720253,80.212059021,40733,40743,10
13.0103502274,80.2117614746,40743,40753,10
13.0099802017,80.2114562988,40753,40763,10
13.0098600388,80.2113723755,40763,40773,10
13.0095396042,80.2111206055,40773,40803,30
13.0095396042,80.2111206055,40803,40814,11
13.0094099045,80.2110671997,40814,40824,10
13.00922966,80.2112579346,40824,40834,10
13.0090398788,80.2114868164,40834,40844,10
13.0090904236,80.2118377686,40844,40854,10
13.0092802048,80.2124404907,40854,40864,10
13.0095300674,80.2131195068,40864,40874,10
13.0098199844,80.2138214111,40874,40884,10
13.0100898743,80.2144775391,40884,40894,10
13.0101995468,80.2150497437,40894,40904,10
13.0103302002,80.2157974243,40904,40914,10
13.0106897354,80.2165985107,40914,40924,10
13.0111303329,80.2175521851,40924,40935,11
13.0115203857,80.2186813354,40935,40945,10
13.0119104385,80.2198791504,40945,40955,10
13.0122804642,80.2209625244,40955,40965,10
13.0125303268,80.2215805054,40965,40975,10
13.0129203796,80.2221679688,40975,40985,10
13.0134096146,80.2227706909,40985,40995,10
13.0138902664,80.2233428955,40995,41005,10
13.0142402649,80.2237930298,41005,41015,10
13.0148096085,80.2243804932,41015,41025,10
13.0150203705,80.2246017456,41025,41035,10
13.0152196884,80.2248764038,41035,41045,10
13.0154895782,80.2253265381,41045,41056,11
13.0152797699,80.2258605957,41056,41066,10
13.0151195526,80.2259292603,41066,41076,10
13.0147600174,80.2260665894,41076,41086,10
13.0142202377,80.2262802124,41086,41096,10
13.0134496689,80.2265625,41096,41106,10
13.0126199722,80.2268829346,41106,41116,10
13.0116996765,80.2272491455,41116,41126,10
13.0106401443,80.2276687622,41126,41136,10
13.00963974,80.2279205322,41136,41146,10
13.0096302032,80.2273025513,41146,41156,10
13.0099802017,80.226600647,41156,41166,10
13.0103197098,80.2258377075,41166,41177,11
13.0105800629,80.225189209,41177,41187,10
13.0107803345,80.2247772217,41187,41197,10
13.0110197067,80.2241668701,41197,41207,10
13.011300087,80.2234420776,41207,41217,10
13.0109395981,80.2231063843,41217,41227,10
13.0102500916,80.2227172852,41227,41237,10
13.0094604492,80.2222671509,41237,41247,10
13.0085096359,80.2217636108,41247,41257,10
13.0075998306,80.2212600708,41257,41267,10
13.0066995621,80.2208404541,41267,41277,10
13.0056695938,80.2205200195,41277,41286,9
13.0046596527,80.2202835083,41286,41298,12
13.0035600662,80.2200164795,41298,41308,10
13.0027704239,80.2197418213,41308,41318,10
13.0019598007,80.21900177,41318,41328,10
13.0010595322,80.2182617188,41328,41338,10
13.0001497269,80.2176818848,41338,41348,10
12.9992599487,80.2171707153,41348,41356,8
12.9985103607,80.2167892456,41356,41369,13
12.9973096848,80.2165527344,41369,41379,10
12.9967098236,80.216583252,41379,41389,10
12.995929718,80.2167282104,41389,41399,10
12.9951896667,80.2170181274,41399,41409,10
12.9948301315,80.2172470093,41409,41420,11
12.9943704605,80.2175674438,41420,41430,10
12.994099617,80.2177810669,41430,41440,10
12.9935998917,80.2181167603,41440,41450,10
12.9929304123,80.2186126709,41450,41460,10
12.9921798706,80.2191619873,41460,41470,10
12.9915599823,80.2195968628,41470,41480,10
12.9909896851,80.2194976807,41480,41500,20
12.9909896851,80.2194976807,41500,41510,10
12.9906702042,80.219367981,41510,41520,10
12.9900503159,80.2191467285,41520,41530,10
12.9892301559,80.2188491821,41530,41541,11
12.9881095886,80.2184829712,41541,41551,10
12.9873800278,80.2183609009,41551,41561,10
12.9871196747,80.2183227539,41561,41571,10
12.9870901108,80.2183074951,41571,41581,10
12.9867200851,80.218208313,41581,41591,10
12.9860601425,80.2180404663,41591,41601,10
12.9850502014,80.2179489136,41601,41611,10
12.9840202332,80.2180023193,41611,41621,10
12.9839296341,80.2180023193,41621,41631,10
12.9837903976,80.2179794312,41631,41641,10
12.9833297729,80.2179718018,41641,41652,11
12.9824800491,80.2179718018,41652,41662,10
12.9815397263,80.2180328369,41662,41672,10
12.9805202484,80.2183380127,41672,41681,9
12.9795799255,80.2187194824,41681,41692,11
12.9787502289,80.2190628052,41692,41702,10
12.978219986,80.2192764282,41702,41712,10
12.977519989,80.2195587158,41712,41722,10
12.9766101837,80.2199707031,41722,41732,10
12.9756498337,80.2204284668,41732,41742,10
12.9755601883,80.2207870483,41742,41752,10
12.9757204056,80.2208328247,41752,41762,10
12.9757299423,80.2208328247,41762,41773,11
12.9759902954,80.221031189,41773,42166,393
12.9759902954,80.221031189,42166,42176,10
12.9762601852,80.2213287354,42176,42186,10
12.9764204025,80.2213134766,42186,42196,10
12.9766101837,80.2212905884,42196,42206,10
12.9766998291,80.2212600708,42206,42216,10
12.9769601822,80.2212524414,42216,42226,10
12.9773397446,80.2212295532,42226,42236,10
12.9778404236,80.2212219238,42236,42246,10
12.9784402847,80.2211914063,42246,42257,11
12.9791498184,80.2211074829,42257,42267,10
12.9797296524,80.2210693359,42267,42277,10
12.9802598953,80.2210388184,42277,42287,10
12.9802904129,80.2210388184,42287,42297,10
12.9806203842,80.220993042,42297,42307,10
12.9809904099,80.2210388184,42307,42317,10
12.9813604355,80.2211685181,42317,42327,10
12.9816904068,80.2213821411,42327,42337,10
12.982000351,80.2216186523,42337,42347,10
12.9824199677,80.2217788696,42347,42357,10
12.983039856,80.2220077515,42357,42378,21
12.983039856,80.2220077515,42378,42388,10
12.9832601547,80.2221603394,42388,42398,10
12.9834899902,80.2223205566,42398,42408,10
12.983590126,80.2223892212,42408,42418,10
12.9837799072,80.2225189209,42418,42428,10
12.984120369,80.2226791382,42428,42438,10
12.9845199585,80.2229309082,42438,42448,10
12.9849996567,80.2231903076,42448,42458,10
12.9854097366,80.2232894897,42458,42468,10
12.9855298996,80.22315979,42468,42478,10
12.9858903885,80.2229995728,42478,42488,10
12.9864301682,80.2229690552,42488,42499,11
12.9865398407,80.2229690552,42499,42509,10
12.9867696762,80.2229766846,42509,42519,10
12.9871702194,80.2230606079,42519,42529,10
12.9875202179,80.2230834961,42529,42539,10
12.9878196716,80.2229995728,42539,42549,10
12.9882602692,80.2226791382,42549,42559,10
12.9887695313,80.2222137451,42559,42569,10
12.9892501831,80.2216720581,42569,42579,10
12.9897203445,80.2210769653,42579,42589,10
12.9904899597,80.2203369141,42589,42609,20
12.9904899597,80.2203369141,42609,42620,11
12.9907598495,80.2201309204,42620,42630,10
12.9911203384,80.2198486328,42630,42640,10
12.9915103912,80.219543457,42640,42650,10
12.991979599,80.2192001343,42650,42660,10
12.9925298691,80.218788147,42660,42670,10
12.9931497574,80.2183532715,42670,42680,10
12.9938402176,80.217880249,42680,42690,10
12.9944696426,80.2174224854,42690,42700,10
12.9951095581,80.2169570923,42700,42710,10
12.9958200455,80.2166595459,42710,42720,10
12.9965696335,80.216506958,42720,42730,10
12.9972295761,80.2163772583,42730,42741,11
12.9975299835,80.2161026001,42741,42751,10
12.9976100922,80.2160415649,42751,42761,10
12.9979200363,80.2157821655,42761,42771,10
12.998339653,80.2154006958,42771,42781,10
12.9988498688,80.2149581909,42781,42791,10
12.9991598129,80.2146911621,42791,42801,10
12.9994802475,80.2143936157,42801,42811,10
12.9998703003,80.2140579224,42811,42821,10
13.0002603531,80.213722229,42821,42831,10
13.0007801056,80.2132492065,42831,42841,10
13.0012998581,80.212852478,42841,42851,10
13.0018596649,80.2124404907,42851,42862,11
13.0025196075,80.2121276855,42862,42872,10
13.0031204224,80.2120666504,42872,42882,10
13.0036001205,80.2119674683,42882,42892,10
13.0036401749,80.2119369507,42892,42902,10
13.0037002563,80.2117614746,42902,42912,10
13.0036802292,80.2113418579,42912,42922,10
13.0036296844,80.2108230591,42922,42932,10
13.003569603,80.2103118896,42932,42942,10
13.0035104752,80.2098236084,42942,42952,10
13.0035600662,80.2092895508,42952,42962,10
13.0037899017,80.2086486816,42962,42972,10
13.0045404434,80.2088623047,42972,42983,11
13.0055599213,80.2093200684,42983,42993,10
13.0060796738,80.209487915,42993,43003,10
13.0062398911,80.2095413208,43003,43013,10
13.006649971,80.2096786499,43013,43023,10
13.0073099136,80.2098236084,43023,43043,20
13.0073099136,80.2098236084,43043,43053,10
13.0074195862,80.2098617554,43053,43063,10
13.0076599121,80.2099075317,43063,43073,10
13.0079698563,80.2099609375,43073,43083,10
13.0081796646,80.2098312378,43083,43094,11
13.0080499649,80.2092437744,43094,43104,10
13.0079097748,80.2084732056,43104,43114,10
13.0077600479,80.2075424194,43114,43124,10
13.0075998306,80.2065429688,43124,43134,10
13.0074901581,80.2055206299,43134,43144,10
13.0074996948,80.2045974731,43144,43154,10
13.0074501038,80.2037811279,43154,43164,10
13.0072698593,80.2028579712,43164,43174,10
13.0066404343,80.2026596069,43174,43184,10
13.0066003799,80.203163147,43184,43194,10
13.0067796707,80.2033309937,43194,43204,10
13.0070800781,80.2035217285,43204,43215,11
13.0076599121,80.2036819458,43215,43225,10
13.0084295273,80.2036819458,43225,43235,10
13.0094804764,80.2036209106,43235,43245,10
13.0107698441,80.2036209106,43245,43255,10
13.0121202469,80.2037887573,43255,43265,10
13.0133399963,80.2041015625,43265,43275,10
13.0142097473,80.2043914795,43275,43285,10
13.0148696899,80.2046127319,43285,43305,20
13.0148696899,80.2046127319,43305,43315,10
13.0150899887,80.2047271729,43315,43325,10
13.015540123,80.2048721313,43325,43335,10
13.0161504745,80.2051010132,43335,43346,11
13.0167198181,80.2051315308,43346,43356,10
13.0176000595,80.2054901123,43356,43366,10
13.0183496475,80.2058181763,43366,43376,10
13.0186595917,80.2059402466,43376,43386,10
13.0188398361,80.2060317993,43386,43396,10
13.0192098618,80.206161499,43396,43406,10
13.0198202133,80.2062606812,43406,43416,10
13.0206403732,80.2062683105,43416,43426,10
13.0214500427,80.2062683105,43426,43436,10
13.0221796036,80.2063293457,43436,43445,9
13.0228996277,80.2065505981,43445,43457,12
13.0240602493,80.2066574097,43457,43467,10
13.0244903564,80.206741333,43467,43477,10
13.0246400833,80.20677948,43477,43487,10
13.0250396729,80.2068862915,43487,43497,10
13.0256500244,80.2070922852,43497,43507,10
13.0262804031,80.2074432373,43507,43517,10
13.0270299911,80.2078933716,43517,43527,10
13.0278902054,80.2083816528,43527,43537,10
13.0289697647,80.2087097168,43537,43547,10
13.0295801163,80.2088470459,43547,43557,10
13.0297803879,80.2088928223,43557,43566,9
13.0301799774,80.2090072632,43566,43578,12
13.0309400558,80.2092285156,43578,43588,10
13.031539917,80.2093887329,43588,43598,10
13.0316896439,80.2094268799,43598,43608,10
13.0317802429,80.2094421387,43608,43618,10
13.0321102142,80.2095489502,43618,43628,10
13.0326900482,80.2096405029,43628,43638,10
13.0334997177,80.2097930908,43638,43648,10
13.0343999863,80.2099761963,43648,43658,10
13.0350399017,80.2102737427,43658,43668,10
13.0350198746,80.2112503052,43668,43688,20
13.0350198746,80.2112503052,43688,43699,11
13.0349903107,80.2113494873,43699,43709,10
13.0349197388,80.2117462158,43709,43719,10
13.0350904465,80.2121734619,43719,43729,10
13.0358400345,80.2122268677,43729,43739,10
13.0366802216,80.2122802734,43739,43749,10
13.0375204086,80.2122879028,43749,43759,10
13.0383996964,80.2123031616,43759,43769,10
13.0393600464,80.2122573853,43769,43779,10
13.040430069,80.2122573853,43779,43789,10
13.0416402817,80.2122573853,43789,43799,10
13.0427904129,80.212272644,43799,43809,10
13.0441904068,80.2122802734,43809,43910,101
13.0441904068,80.2122802734,43910,43920,10
13.0445804596,80.2123031616,43920,43930,10
13.0451202393,80.212272644,43930,43941,11
13.0459804535,80.2122421265,43941,43951,10
13.0467596054,80.2122192383,43951,43961,10
13.0471000671,80.2121963501,43961,43971,10
13.047659874,80.2121429443,43971,43981,10
13.0483903885,80.2120513916,43981,43991,10
13.0486097336,80.212020874,43991,44001,10
13.048620224,80.2120132446,44001,44011,10
13.0490198135,80.2119827271,44011,44021,10
13.0496997833,80.2119522095,44021,44031,10
13.0503902435,80.2119598389,44031,44041,10
13.0510101318,80.2120285034,44041,44051,10
13.0519304276,80.2120132446,44051,44062,11
13.0525302887,80.2118835449,44062,44072,10
13.0532398224,80.211730957,44072,44082,10
13.0544099808,80.2114334106,44082,44112,30
13.0544099808,80.2114334106,44112,44122,10
13.0548696518,80.21144104,44122,44132,10
13.0555295944,80.2114715576,44132,44142,10
13.056429863,80.2114715576,44142,44152,10
13.0572795868,80.2114562988,44152,44162,10
13.0576400757,80.2114486694,44162,44173,11
13.0577802658,80.2114486694,44173,44183,10
13.0583000183,80.2114562988,44183,44193,10
13.0590600967,80.211479187,44193,44203,10
13.0599603653,80.2115325928,44203,44213,10
13.0610399246,80.2115707397,44213,44223,10
13.0621404648,80.2115936279,44223,44232,9
13.0629301071,80.2115325928,44232,44243,11
13.0630903244,80.2115478516,44243,44253,10
13.0635004044,80.2115325928,44253,44273,20
13.0635004044,80.2115325928,44273,44283,10
13.063659668,80.2115020752,44283,44294,11
13.0641899109,80.2114334106,44294,44304,10
13.0648899078,80.2111282349,44304,44314,10
13.0656404495,80.2105865479,44314,44324,10
13.0664396286,80.2099227905,44324,44334,10
13.0671300888,80.2090606689,44334,44344,10
13.0672798157,80.2088012695,44344,44354,10
13.0673303604,80.2087402344,44354,44364,10
13.0675401688,80.2083816528,44364,44374,10
13.0679101944,80.2078018188,44374,44384,10
13.0684099197,80.207069397,44384,44394,10
13.0690002441,80.206161499,44394,44403,9
13.0695400238,80.2052764893,44403,44415,12
13.069439888,80.204788208,44415,44425,10
13.0691204071,80.2052536011,44425,44435,10
13.0687503815,80.205116272,44435,44485,50
13.0687503815,80.205116272,44485,44495,10
13.0687198639,80.2049789429,44495,44504,9
13.0687799454,80.204826355,44504,44515,11
13.0691299438,80.2047195435,44515,44525,10
13.0695695877,80.204788208,44525,44536,11
13.0698795319,80.2048110962,44536,44546,10
13.0701198578,80.2045288086,44546,44556,10
13.070520401,80.2040328979,44556,44566,10
13.0710897446,80.203338623,44566,44576,10
13.0717000961,80.2025909424,44576,44586,10
13.0721101761,80.2021636963,44586,44626,40
13.0721101761,80.2021636963,44626,44636,10
13.0722904205,80.2020568848,44636,44646,10
13.0725603104,80.2017593384,44646,44657,11
13.0730495453,80.2011566162,44657,44667,10
13.0735902786,80.2005462646,44667,44677,10
13.0744695663,80.1995010376,44677,44697,20
13.0744695663,80.1995010376,44697,44707,10
13.0745601654,80.1994094849,44707,44717,10
13.0749101639,80.1991577148,44717,44727,10
13.0755596161,80.1990280151,44727,44737,10
13.0764198303,80.1990127563,44737,44746,9
13.077249527,80.1989517212,44746,44757,11
13.0782403946,80.1988220215,44757,44767,10
13.079199791,80.1986999512,44767,44778,11
13.0801801682,80.1986083984,44778,44788,10
13.0811395645,80.1985473633,44788,44798,10
13.0820798874,80.1985092163,44798,44808,10
13.0825195313,80.1984634399,44808,44818,10
13.0828399658,80.1984634399,44818,44828,10
13.0832996368,80.1984634399,44828,44838,10
13.083729744,80.1984481812,44838,44848,10
13.0841398239,80.1984710693,44848,44858,10
13.0844497681,80.1984786987,44858,44868,10
13.0846796036,80.1984786987,44868,44878,10
13.0847702026,80.1984710693,44878,44887,9
13.0849199295,80.1984634399,44887,44899,12
13.0851202011,80.1984405518,44899,44909,10
13.0853395462,80.1984481812,44909,44919,10
13.0855998993,80.1984329224,44919,44929,10
13.0859804153,80.1984100342,44929,44939,10
13.0864496231,80.1984176636,44939,44949,10
13.0867795944,80.1984405518,44949,44959,10
13.0869598389,80.1983032227,44959,44969,10
13.0870504379,80.1979675293,44969,44979,10
13.087100029,80.1979064941,44979,44989,10
13.0872097015,80.1977615356,44989,44999,10
13.0872402191,80.1973266602,44999,45009,10
13.0872497559,80.1966705322,45009,45020,11
13.0872602463,80.1957092285,45020,45030,10
13.087269783,80.1948776245,45030,45040,10
13.0872802734,80.1939315796,45040,45050,10
13.0872802734,80.1929321289,45050,45090,40
13.0872802734,80.1929321289,45090,45100,10
13.0872802734,80.1927337646,45100,45110,10
13.0873403549,80.1922302246,45110,45120,10
13.087439537,80.1914672852,45120,45131,11
13.0875701904,80.1904602051,45131,45141,10
13.0876903534,80.1893768311,45141,45151,10
13.0876903534,80.1888427734,45151,45161,10
13.0877199173,80.1887893677,45161,45171,10
13.0877399445,80.1885910034,45171,45181,10
13.0877504349,80.1884536743,45181,45191,10
13.0877599716,80.1881332397,45191,45201,10
13.0878000259,80.1875534058,45201,45211,10
13.0878400803,80.186706543,45211,45221,10
13.0878696442,80.1859588623,45221,45231,10
13.0878696442,80.1854400635,45231,45241,10
13.0879497528,80.1848602295,45241,45252,11
13.08796978,80.1840896606,45252,45262,10
13.0879602432,80.1832504272,45262,45272,10
13.0879802704,80.1824569702,45272,45282,10
13.0880203247,80.1820297241,45282,45292,10
13.088060379,80.1813430786,45292,45302,10
13.0880804062,80.180480957,45302,45312,10
13.0880804062,80.179901123,45312,45332,20
13.0880804062,80.179901123,45332,45342,10
13.0880899429,80.1798324585,45342,45352,10
13.0881099701,80.1794815063,45352,45362,10
13.0881004333,80.1789321899,45362,45373,11
13.0881004333,80.178817749,45373,45383,10
13.088139534,80.1785964966,45383,45393,10
13.0881500244,80.1780776978,45393,45403,10
13.0881500244,80.1773071289,45403,45413,10
13.0881996155,80.1765365601,45413,45423,10
13.0882797241,80.1756362915,45423,45433,10
13.0883102417,80.1750564575,45433,45443,10
13.0883302689,80.1748886108,45443,45453,10
13.0883398056,80.1746902466,45453,45463,10
13.0883998871,80.1742324829,45463,45473,10
13.0884599686,80.173538208,45473,45483,10
13.0885095596,80.172668457,45483,45494,11
13.0885400772,80.1719436646,45494,45504,10
13.0885400772,80.1719207764,45504,45514,10
13.0885801315,80.1718673706,45514,45524,10
13.0885896683,80.1715011597,45524,45534,10
13.0886201859,80.1709213257,45534,45544,10
13.0886497498,80.1703033447,45544,45584,40
13.0886497498,80.1703033447,45584,45594,10
13.0886802673,80.1701889038,45594,45604,10
13.0886898041,80.1697463989,45604,45615,11
13.0892400742,80.1695404053,45615,45625,10
13.0900497437,80.169593811,45625,45635,10
13.0908899307,80.1696472168,45635,45645,10
13.0918502808,80.169708252,45645,45655,10
13.0928096771,80.1697769165,45655,45665,10
13.0936203003,80.1698226929,45665,45675,10
13.0944499969,80.169883728,45675,45685,10
13.0948200226,80.1698913574,45685,45695,10
13.0951004028,80.1699295044,45695,45705,10
13.0956296921,80.169960022,45705,45715,10
13.0964097977,80.1699829102,45715,45724,9
13.0972204208,80.1700210571,45724,45736,12
13.0982398987,80.1700820923,45736,45746,10
13.0990695953,80.1701202393,45746,45756,10
13.099650383,80.1699676514,45756,45857,101
13.099650383,80.1699676514,45857,45867,10
13.0994997025,80.1696929932,45867,45877,10
13.0992803574,80.1696166992,45877,45887,10
13.0990104675,80.1695785522,45887,45897,10
13.098690033,80.1694717407,45897,45907,10
13.0984802246,80.1695785522,45907,45917,10
13.0986700058,80.1697921753,45917,45927,10
13.0990200043,80.1696929932,45927,47611,1684
13.0990200043,80.1696929932,47611,47621,10
13.0991401672,80.1696395874,47621,47631,10
13.0993204117,80.1696014404,47631,47641,10
13.0993900299,80.1697769165,47641,47883,242
13.0993900299,80.1697769165,47883,47893,10
13.0993003845,80.1701507568,47893,47902,9
13.0992898941,80.1701583862,47902,47914,12
13.0990600586,80.170211792,47914,47924,10
13.0987501144,80.1701889038,47924,47934,10
13.0983200073,80.170173645,47934,47944,10
13.0978298187,80.1701431274,47944,47954,10
13.0972700119,80.1700973511,47954,47964,10
13.0966501236,80.1700515747,47964,47974,10
13.095990181,80.1700134277,47974,47984,10
13.0953397751,80.1699905396,47984,47994,10
13.0948400497,80.1699523926,47994,48004,10
13.0947599411,80.169921875,48004,48014,10
13.0944700241,80.169883728,48014,48025,11
13.0941200256,80.169883728,48025,48035,10
13.0936603546,80.1698608398,48035,48045,10
13.0930900574,80.1698226929,48045,48055,10
13.0923995972,80.1697998047,48055,48065,10
13.0916996002,80.1697463989,48065,48075,10
13.0909795761,80.1697006226,48075,48085,10
13.0902395248,80.1696624756,48085,48095,10
13.0894899368,80.1696166992,48095,48105,10
13.0888500214,80.169593811,48105,48115,10
13.0886802673,80.1699676514,48115,48125,10
13.0886497498,80.1704788208,48125,48135,10
13.0886096954,80.1710128784,48135,48146,11
13.0885896683,80.1716384888,48146,48156,10
13.088549614,80.172203064,48156,48166,10
13.0885095596,80.1727981567,48166,48176,10
13.0884799957,80.173500061,48176,48186,10
13.0884199142,80.1742324829,48186,48196,10
13.0883798599,80.174911499,48196,48206,10
13.0883398056,80.1756134033,48206,48216,10
13.0882902145,80.1763916016,48216,48226,10
13.088259697,80.1771392822,48226,48236,10
13.0882396698,80.1778411865,48236,48246,10
13.0882396698,80.1785202026,48246,48256,10
13.0882301331,80.1785964966,48256,48267,11
13.0882196426,80.1787490845,48267,48277,10
13.0882301331,80.1789474487,48277,48287,10
13.0882301331,80.1791610718,48287,48297,10
13.0882301331,80.1794509888,48297,48307,10
13.0882196426,80.1798706055,48307,48317,10
13.0881996155,80.1803894043,48317,48327,10
13.0881996155,80.1808166504,48327,48337,10
13.0881996155,80.1809616089,48337,48347,10
13.0881700516,80.1812133789,48347,48388,41
13.0881700516,80.1812133789,48388,48398,10
13.0881795883,80.181640625,48398,48408,10
13.0881795883,80.1818084717,48408,48448,40
13.0881795883,80.1818084717,48448,48458,10
13.0881500244,80.1819610596,48458,48467,9
13.088139534,80.1822280884,48467,48478,11
13.0881004333,80.1826019287,48478,48488,10
13.0880699158,80.1829376221,48488,48498,10
13.0880498886,80.1836013794,48498,48509,11
13.0880098343,80.1845474243,48509,48519,10
13.08796978,80.1853179932,48519,48539,20
13.08796978,80.1853179932,48539,48549,10
13.0879602432,80.1856689453,48549,48559,10
13.0879297256,80.1862716675,48559,48569,10
13.0879001617,80.1871109009,48569,48579,10
13.0878801346,80.1879425049,48579,48589,10
13.0878696442,80.1886520386,48589,48599,10
13.0878000259,80.1898422241,48599,48619,20
13.0878000259,80.1898422241,48619,48630,11
13.0877599716,80.1901702881,48630,48640,10
13.087679863,80.1907577515,48640,48650,10
13.0875701904,80.1915512085,48650,48660,10
13.0874996185,80.1921691895,48660,48670,10
13.0874900818,80.1922225952,48670,48680,10
13.087439537,80.1925506592,48680,48690,10
13.087389946,80.1929092407,48690,48700,10
13.0873603821,80.1934967041,48700,48710,10
13.0873403549,80.1942825317,48710,48720,10
13.0873298645,80.1950378418,48720,48730,10
13.0873098373,80.1957473755,48730,48740,10
13.0872802734,80.1966171265,48740,48751,11
13.0872602463,80.1977615356,48751,48771,20
13.0872602463,80.1977615356,48771,48781,10
13.0872802734,80.1980667114,48781,48791,10
13.0873804092,80.1984176636,48791,48801,10
13.0876398087,80.1984634399,48801,48811,10
13.0881299973,80.1984405518,48811,48821,10
13.0887298584,80.1984405518,48821,48831,10
13.0894002914,80.1984634399,48831,48841,10
13.0899295807,80.1984786987,48841,48851,10
13.0905399323,80.1985321045,48851,48861,10
13.0913696289,80.1985702515,48861,48872,11
13.0923299789,80.198638916,48872,48882,10
13.093000412,80.1987228394,48882,48892,10
13.0930099487,80.1988601685,48892,48902,10
13.0929803848,80.19921875,48902,48912,10
13.0929403305,80.1997909546,48912,48922,10
13.0928897858,80.2004776001,48922,48932,10
13.092590332,80.2005996704,48932,48942,10
13.0920200348,80.2005996704,48942,48952,10
13.0912504196,80.2005767822,48952,48962,10
13.0905504227,80.2005691528,48962,48972,10
13.0898103714,80.2004928589,48972,48982,10
13.0890102386,80.2004623413,48982,48993,11
13.088060379,80.2004623413,48993,49003,10
13.0872402191,80.2004394531,49003,49013,10
13.0867700577,80.2004470825,49013,49023,10
13.0861301422,80.2003936768,49023,49033,10
13.0855703354,80.2003631592,49033,49043,10
13.0853395462,80.2002716064,49043,49053,10
13.0853300095,80.1997528076,49053,49063,10
13.0853099823,80.1990509033,49063,49072,9
13.0850696564,80.1986999512,49072,49083,11
13.0843601227,80.1987228394,49083,49093,10
13.0841999054,80.1987075806,49093,49104,11
13.0839004517,80.1986923218,49104,49114,10
13.0833501816,80.1986465454,49114,49124,10
13.0826797485,80.1986083984,49124,49134,10
13.0823802948,80.198638916,49134,49144,10
13.0821304321,80.198638916,49144,49154,10
13.0818195343,80.1986465454,49154,49164,10
13.0812501907,80.1986465454,49164,49174,10
13.0804796219,80.1986999512,49174,49184,10
13.0796699524,80.1987991333,49184,49194,10
13.0789003372,80.1988525391,49194,49204,10
13.078040123,80.1989517212,49204,49214,10
13.0770702362,80.1990737915,49214,49225,11
13.0760803223,80.199180603,49225,49235,10
13.0751600266,80.1993789673,49235,49245,10
13.0742902756,80.1998596191,49245,49255,10
13.0736999512,80.2004776001,49255,49265,10
13.0735702515,80.2006378174,49265,49275,10
13.0734796524,80.2007598877,49275,49285,10
13.073220253,80.2010498047,49285,49295,10
13.0727901459,80.2015533447,49295,49305,10
13.0722303391,80.2022171021,49305,49315,10
13.0715999603,80.2028808594,49315,49325,10
13.0709295273,80.2036514282,49325,49335,10
13.0702600479,80.2044906616,49335,49346,11
13.0700101852,80.2048873901,49346,49366,20
13.0700101852,80.2048873901,49366,49376,10
13.0698299408,80.205039978,49376,49386,10
13.0694999695,80.2048721313,49386,49396,10
13.0691795349,80.2052001953,49396,49406,10
13.0687904358,80.2054367065,49406,49416,10
13.0683298111,80.2054901123,49416,49426,10
13.0679702759,80.2051315308,49426,49446,20
13.0679702759,80.2051315308,49446,49456,10
13.0680503845,80.2050476074,49456,49467,11
13.0683898926,80.2049789429,49467,49477,10
13.068860054,80.2047576904,49477,49487,10
13.0693998337,80.204750061,49487,49497,10
13.0696601868,80.2048034668,49497,49507,10
13.0698003769,80.2048873901,49507,49517,10
13.0697898865,80.2052383423,49517,49527,10
13.0694503784,80.2058029175,49527,49537,10
13.0690002441,80.2065200806,49537,49547,10
13.0684499741,80.2073974609,49547,49557,10
13.0678501129,80.2083587646,49557,49567,10
13.0673303604,80.2091217041,49567,49576,9
13.0668001175,80.2098312378,49576,49588,12
13.0658597946,80.2106399536,49588,49598,10
13.0650396347,80.2112579346,49598,49608,10
13.0641899109,80.2116470337,49608,49618,10
13.0636501312,80.2117385864,49618,49628,10
13.0629997253,80.2117767334,49628,49638,10
13.062379837,80.211807251,49638,49648,10
13.0615596771,80.2117996216,49648,49658,10
13.0607099533,80.2117385864,49658,49668,10
13.059709549,80.2116699219,49668,49678,10
13.058839798,80.2116317749,49678,49688,10
13.0581903458,80.2116088867,49688,49698,10
13.0574302673,80.2115936279,49698,49709,11
13.0564699173,80.2115631104,49709,49719,10
13.0553998947,80.2115402222,49719,49729,10
13.0545101166,80.2115402222,49729,49739,10
13.0541095734,80.2116317749,49739,49749,10
13.0534496307,80.211807251,49749,49759,10
13.0526399612,80.212020874,49759,49769,10
13.0516996384,80.2122268677,49769,49779,10
13.0508098602,80.2121505737,49779,49789,10
13.050359726,80.2121963501,49789,49809,20
13.050359726,80.2121963501,49809,49819,10
13.0501203537,80.212097168,49819,49830,11
13.0499200821,80.2121429443,49830,49840,10
13.0495796204,80.2121505737,49840,49870,30
13.0495796204,80.2121505737,49870,49880,10
13.0494499207,80.2121200562,49880,49890,10
13.0490999222,80.2121429443,49890,49900,10
13.0486001968,80.2121810913,49900,49910,10
13.0479402542,80.2122573853,49910,49920,10
13.0470695496,80.2123031616,49920,49929,9
13.0461902618,80.2123184204,49929,49941,12
13.0449199677,80.2123794556,49941,49951,10
13.044090271,80.212387085,49951,49961,10
13.0432500839,80.2123794556,49961,49971,10
13.04226017,80.2123718262,49971,49981,10
13.0411100388,80.2123718262,49981,49991,10
13.0398597717,80.2123794556,49991,50001,10
13.0386104584,80.2123718262,50001,50011,10
13.0379695892,80.2124023438,50011,50062,51
13.0379695892,80.2124023438,50062,50072,10
13.0378103256,80.2124176025,50072,50082,10
13.0373296738,80.2123565674,50082,50092,10
13.0366897583,80.2123413086,50092,50102,10
13.0360202789,80.2123184204,50102,50112,10
13.0354299545,80.212310791,50112,50122,10
13.0351400375,80.2123184204,50122,50132,10
13.0343599319,80.2121734619,50132,50152,20
13.0343599319,80.2121734619,50152,50162,10
13.0341596603,80.2121276855,50162,50172,10
13.0337400436,80.2120513916,50172,50182,10
13.033249855,80.2119064331,50182,50193,11
13.0326595306,80.2118225098,50193,50203,10
13.0320997238,80.2117233276,50203,50213,10
13.0320196152,80.2112426758,50213,50223,10
13.0320396423,80.2105484009,50223,50233,10
13.0321102142,80.2098388672,50233,50243,10
13.0319795609,80.2096481323,50243,50253,10
13.0315599442,80.2095489502,50253,50263,10
13.0308599472,80.2093276978,50263,50273,10
13.0303897858,80.2092132568,50273,50283,10
13.030380249,80.2092132568,50283,50293,10
13.0301799774,80.2091522217,50293,50304,11
13.0298900604,80.2090301514,50304,50314,10
13.0296497345,80.2089233398,50314,50324,10
13.0292396545,80.2088165283,50324,50334,10
13.0285301208,80.2086410522,50334,50344,10
13.0277099609,80.2083587646,50344,50354,10
13.0269098282,80.2078781128,50354,50364,10
13.0259799957,80.2073364258,50364,50374,10
13.0248098373,80.206993103,50374,50384,10
13.0242395401,80.2068862915,50384,50394,10
13.0241298676,80.2068481445,50394,50404,10
13.0240497589,80.2068099976,50404,50414,10
13.0236997604,80.2067337036,50414,50425,11
13.0230703354,80.2065963745,50425,50435,10
13.0222597122,80.206451416,50435,50445,10
13.0214004517,80.206413269,50445,50455,10
13.020359993,80.206413269,50455,50465,10
13.0193099976,80.2063598633,50465,50475,10
13.0191001892,80.2063293457,50475,50485,10
13.0190200806,80.2063064575,50485,50495,10
13.0185899734,80.206161499,50495,50505,10
13.0179395676,80.2059173584,50505,50515,10
13.017660141,80.2058181763,50515,50525,10
13.0173902512,80.2057113647,50525,50535,10
13.0168800354,80.205581665,50535,50546,11
13.0160903931,80.2052307129,50546,50556,10
13.0151195526,80.2049179077,50556,50566,10
13.0141801834,80.2045822144,50566,50576,10
13.0140399933,80.2045288086,50576,50586,10
13.0139598846,80.2045135498,50586,50596,10
13.0136604309,80.2044219971,50596,50606,10
13.0135498047,80.2046813965,50606,50616,10
13.0135097504,80.204826355,50616,50626,10
13.0133695602,80.205291748,50626,50636,10
13.0131597519,80.2059936523,50636,50646,10
13.0130300522,80.2068786621,50646,50656,10
13.0129499435,80.2076187134,50656,50667,11
13.0129098892,80.2078018188,50667,50677,10
13.0128898621,80.208190918,50677,50687,10
13.0129003525,80.2085876465,50687,50697,10
13.0129699707,80.2091369629,50697,50706,9
13.0131797791,80.2096786499,50706,50717,11
13.0131196976,80.2103500366,50717,50727,10
13.0128898621,80.2111816406,50727,50737,10
13.0124702454,80.2119293213,50737,50747,10
13.0120201111,80.2126464844,50747,50757,10
13.0117902756,80.2128067017,50757,50767,10
13.0115203857,80.2126083374,50767,50777,10
13.0110301971,80.2122268677,50777,50788,11
13.0103397369,80.2117233276,50788,50798,10
13.0097799301,80.2112731934,50798,50808,10
13.0093898773,80.2110671997,50808,50838,30
13.0093898773,80.2110671997,50838,50848,10
13.0091495514,80.2113037109,50848,50858,10
13.0090398788,80.2116622925,50858,50868,10
13.0091896057,80.2121276855,50868,50878,10
13.0094099045,80.2127838135,50878,50888,10
13.0096702576,80.2134628296,50888,50897,9
13.0099201202,80.2141036987,50897,50909,12
13.0101499557,80.2149276733,50909,50919,10
13.0102901459,80.2157974243,50919,50929,10
13.0107297897,80.2167663574,50929,50939,10
13.0112400055,80.2179031372,50939,50949,10
13.0116901398,80.2192306519,50949,50959,10
13.0121297836,80.2205810547,50959,50969,10
13.0124502182,80.2216186523,50969,50979,10
13.0129995346,80.2223587036,50979,50989,10
13.0136003494,80.2230682373,50989,50999,10
13.0141201019,80.2236862183,50999,51009,10
13.0146102905,80.2241363525,51009,51019,10
13.0151796341,80.2248382568,51019,51030,11
13.0154695511,80.2253723145,51030,51040,10
13.0152301788,80.2258224487,51040,51060,20
13.0152301788,80.2258224487,51060,51070,10
13.0150604248,80.2259521484,51070,51080,10
13.0147695541,80.2260665894,51080,51090,10
13.0144796371,80.2261810303,51090,51100,10
13.0140895844,80.2263336182,51100,51110,10
13.0134897232,80.2265472412,51110,51120,10
13.0128002167,80.2268295288,51120,51129,9
13.012049675,80.2271194458,51129,51140,11
13.0111103058,80.2274780273,51140,51151,11
13.0100898743,80.2278900146,51151,51161,10
13.0095100403,80.2276763916,51161,51171,10
13.0097398758,80.2270889282,51171,51181,10
13.0100803375,80.2262878418,51181,51191,10
13.0104398727,80.225402832,51191,51201,10
13.0108098984,80.2245407104,51201,51211,10
13.0110998154,80.2238006592,51211,51221,10
13.0112695694,80.2232589722,51221,51231,10
13.0108499527,80.2229919434,51231,51241,10
13.0101604462,80.222618103,51241,51250,9
13.0094604492,80.2222366333,51250,51262,12
13.008480072,80.2216873169,51262,51272,10
13.0076704025,80.2212600708,51272,51282,10
13.0068397522,80.2208099365,51282,51292,10
13.0058002472,80.220489502,51292,51302,10
13.0047197342,80.2202529907,51302,51312,10
13.0038204193,80.2200469971,51312,51322,10
13.0029296875,80.2197875977,51322,51332,10
13.0022096634,80.2192764282,51332,51342,10
13.0017004013,80.2186965942,51342,51352,10
13.0010995865,80.2182617188,51352,51362,10
13.0005197525,80.2178878784,51362,51372,10
12.9999303818,80.2175216675,51372,51383,11
12.99903965,80.2170181274,51383,51393,10
12.9981403351,80.2166213989,51393,51403,10
12.9974603653,80.216506958,51403,51413,10
12.9970502853,80.2165374756,51413,51423,10
12.9970397949,80.2165374756,51423,51433,10
12.9967498779,80.2165603638,51433,51443,10
12.9961595535,80.2166213989,51443,51453,10
12.9953804016,80.2168502808,51453,51463,10
12.9950504303,80.2170562744,51463,51473,10
12.9947500229,80.2172698975,51473,51483,10
12.9943399429,80.2175674438,51483,51492,9
12.9938697815,80.2179031372,51492,51504,12
12.9930896759,80.2184371948,51504,51514,10
12.9923801422,80.2189788818,51514,51524,10
12.9915504456,80.2195587158,51524,51534,10
12.9910402298,80.2194595337,51534,51544,10
12.9909496307,80.2194290161,51544,51554,10
12.9905395508,80.2192764282,51554,51564,10
12.9898700714,80.2190475464,51564,51574,10
12.9890298843,80.2187271118,51574,51584,10
12.9880304337,80.2184295654,51584,51594,10
12.9872999191,80.2182998657,51594,51604,10
12.9869499207,80.21824646,51604,51613,9
12.9869403839,80.2182693481,51613,51625,12
12.9865198135,80.2181625366,51625,51635,10
12.9858398438,80.2179718018,51635,51645,10
12.9848804474,80.217918396,51645,51655,10
12.9839601517,80.2179718018,51655,51665,10
12.9838199615,80.2179718018,51665,51675,10
12.9835996628,80.2179718018,51675,51685,10
12.9830198288,80.217956543,51685,51695,10
12.9821996689,80.2179412842,51695,51705,10
12.9812202454,80.2181091309,51705,51715,10
12.9802103043,80.218460083,51715,51725,10
12.9794101715,80.2187805176,51725,51735,10
12.9787597656,80.2190628052,51735,51746,11
12.9782600403,80.219291687,51746,51756,10
12.9775295258,80.2195968628,51756,51766,10
12.9766302109,80.2199783325,51766,51776,10
12.9757204056,80.2203826904,51776,51796,20
12.9757204056,80.2203826904,51796,51806,10
12.9756603241,80.2203826904,51806,51816,10
12.9755096436,80.2206497192,51816,51826,10
12.9758901596,80.2210617065,51826,52250,424
12.9760198593,80.2213821411,52250,52482,232
12.9760198593,80.2213821411,52482,52492,10
12.9763803482,80.2212219238,52492,52502,10
12.9764795303,80.2212295532,52502,52512,10
12.9766597748,80.2212371826,52512,52522,10
12.9769001007,80.2212524414,52522,52532,10
12.9771900177,80.2212524414,52532,52542,10
12.977519989,80.2212219238,52542,52552,10
12.977930069,80.2211990356,52552,52562,10
12.9783601761,80.2211837769,52562,52572,10
12.9788503647,80.2211380005,52572,52582,10
12.9793395996,80.2211227417,52582,52593,11
12.9798803329,80.2210769653,52593,52603,10
12.980389595,80.2210235596,52603,52613,10
12.9808797836,80.2210235596,52613,52623,10
12.9813604355,80.2211380005,52623,52633,10
12.9816503525,80.2213363647,52633,52643,10
12.981880188,80.2215805054,52643,52653,10
12.9820899963,80.2217102051,52653,52663,10
12.9829397202,80.2219619751,52663,52683,20
12.9829397202,80.2219619751,52683,52693,10
12.983130455,80.2220993042,52693,52704,11
12.9833498001,80.2222671509,52704,52714,10
12.9835300446,80.2223892212,52714,52724,10
12.9838600159,80.2225418091,52724,52734,10
12.9842195511,80.2227401733,52734,52744,10
12.9846601486,80.2229919434,52744,52754,10
12.9851703644,80.2231903076,52754,52764,10
12.9855804443,80.2230606079,52764,52774,10
12.9865198135,80.2229614258,52774,52794,20
12.9865198135,80.2229614258,52794,52804,10
12.9867601395,80.2229919434,52804,52813,9
12.9871301651,80.2230529785,52813,52825,12
12.9877595901,80.2230300903,52825,52835,10
12.988360405,80.2226333618,52835,52845,10
12.9888696671,80.2221069336,52845,52855,10
12.9893398285,80.221496582,52855,52865,10
12.9898500443,80.2208404541,52865,52875,10
12.9904003143,80.2203521729,52875,52885,10
12.9904899597,80.2202835083,52885,52895,10
12.9906196594,80.2202224731,52895,52905,10
12.9907999039,80.2200775146,52905,52915,10
12.9911804199,80.2197570801,52915,52925,10
12.9916801453,80.2193603516,52925,52935,10
12.9922599792,80.218963623,52935,52946,11
12.9929704666,80.218421936,52946,52956,10
12.9935998917,80.2179718018,52956,52966,10
12.9941701889,80.2175598145,52966,52976,10
12.9948396683,80.217086792,52976,52986,10
12.9955997467,80.2166976929,52986,52996,10
12.9963102341,80.2165374756,52996,53006,10
12.9970302582,80.2164535522,53006,53016,10
12.9972000122,80.2164230347,53016,53026,10
12.9974098206,80.2162017822,53026,53036,10
12.9975795746,80.2160568237,53036,53046,10
12.9976997375,80.2159576416,53046,53056,10
12.9980297089,80.2156524658,53056,53067,11
12.9985599518,80.2151565552,53067,53077,10
12.9990596771,80.2147369385,53077,53087,10
12.9993200302,80.2145309448,53087,53097,10
12.9997301102,80.2141723633,53097,53107,10
13.0001096725,80.2138595581,53107,53117,10
13.0006198883,80.2133865356,53117,53127,10
13.0011901855,80.2129135132,53127,53137,10
13.0017204285,80.2125320435,53137,53147,10
13.0021896362,80.2122116089,53147,53157,10
13.0024900436,80.212097168,53157,53167,10
13.0030298233,80.2120513916,53167,53177,10
13.0036001205,80.2119369507,53177,53188,11
13.0036401749,80.2118835449,53188,53198,10
13.0036897659,80.2117767334,53198,53208,10
13.0037002563,80.2113876343,53208,53218,10
13.003660202,80.2108535767,53218,53228,10
13.0035896301,80.210319519,53228,53238,10
13.0035295486,80.2098083496,53238,53248,10
13.003569603,80.2092819214,53248,53258,10
13.0037603378,80.2086715698,53258,53268,10
13.0045204163,80.2088317871,53268,53278,10
13.0054798126,80.2092514038,53278,53288,10
13.0063199997,80.2095413208,53288,53298,10
13.0066699982,80.2096633911,53298,53309,11
13.0073699951,80.2097930908,53309,53329,20
13.0073699951,80.2097930908,53329,53339,10
13.007519722,80.2098312378,53339,53349,10
13.0078001022,80.2098999023,53349,53359,10
13.0081501007,80.2098999023,53359,53369,10
13.0080795288,80.2094497681,53369,53379,10
13.0079603195,80.208770752,53379,53389,10
13.0078201294,80.2078933716,53389,53399,10
13.0076599121,80.2069091797,53399,53409,10
13.0075302124,80.2058105469,53409,53419,10
13.0074996948,80.2047729492,53419,53430,11
13.0074596405,80.2037506104,53430,53440,10
13.0072898865,80.2027893066,53440,53450,10
13.0065898895,80.2026824951,53450,53460,10
13.006770134,80.2032775879,53460,53470,10
13.0073900223,80.2035827637,53470,53480,10
13.0082101822,80.203666687,53480,53490,10
13.0093002319,80.2036132813,53490,53500,10
13.0106296539,80.2035903931,53500,53510,10
13.0120697021,80.2037734985,53510,53520,10
13.013420105,80.2041091919,53520,53530,10
13.0145101547,80.2044830322,53530,53540,10
13.0148296356,80.2045974731,53540,53551,11
13.0149297714,80.2046585083,53551,53561,10
13.0153198242,80.2047805786,53561,53571,10
13.0158500671,80.2050094604,53571,53581,10
13.016699791,80.205329895,53581,53591,10
13.0174703598,80.205581665,53591,53601,10
13.0183496475,80.2058792114,53601,53611,10
13.0189399719,80.2060470581,53611,53621,10
13.0190496445,80.2060928345,53621,53631,10
13.0194597244,80.2061920166,53631,53641,10
13.0201597214,80.2062835693,53641,53650,9
13.0209503174,80.2062911987,53650,53661,11
13.0220003128,80.2063293457,53661,53672,11
13.0231599808,80.2064971924,53672,53682,10
13.0240802765,80.2066268921,53682,53692,10
13.0243196487,80.2066726685,53692,53702,10
13.024430275,80.2066802979,53702,53712,10
13.0249004364,80.2068099976,53712,53722,10
13.0256996155,80.2070770264,53722,53732,10
13.0264997482,80.2075424194,53732,53742,10
13.0274000168,80.2080688477,53742,53752,10
13.0284795761,80.2085266113,53752,53762,10
13.029540062,80.2088088989,53762,53772,10
13.0299901962,80.2089080811,53772,53793,21
13.0299901962,80.2089080811,53793,53803,10
13.0300397873,80.2089080811,53803,53813,10
13.0303897858,80.2090301514,53813,53823,10
13.0310096741,80.2092285156,53823,53833,10
13.0316295624,80.2093963623,53833,53843,10
13.03166008,80.2094116211,53843,53853,10
13.0318803787,80.2094802856,53853,53863,10
13.0323801041,80.2095489502,53863,53873,10
13.0331497192,80.2097015381,53873,53883,10
13.0340099335,80.2098388672,53883,53893,10
13.0348997116,80.2100067139,53893,53904,11
13.0350399017,80.2102890015,53904,53914,10
13.0349798203,80.2106628418,53914,53924,10
13.0349502563,80.2113113403,53924,53954,30
13.0349502563,80.2113113403,53954,53964,10
13.0348997116,80.2116394043,53964,53974,10
13.0349597931,80.2121276855,53974,53984,10
13.0355195999,80.2122192383,53984,53994,10
13.0362100601,80.2122421265,53994,54004,10
13.0368099213,80.212272644,54004,54014,10
13.037229538,80.2122497559,54014,54025,11
13.0378103256,80.2122573853,54025,54035,10
13.0385799408,80.2122421265,54035,54045,10
13.0394496918,80.2122268677,54045,54055,10
13.0404195786,80.2122497559,54055,54065,10
13.0416898727,80.2122802734,54065,54075,10
13.0428600311,80.2122802734,54075,54085,10
13.0438098907,80.2122573853,54085,54115,30
13.0438098907,80.2122573853,54115,54125,10
13.0439596176,80.2121963501,54125,54135,10
13.0443096161,80.2121887207,54135,54146,11
13.0450296402,80.2122116089,54146,54156,10
13.0458898544,80.2121810913,54156,54166,10
13.0467700958,80.2121582031,54166,54176,10
13.0477399826,80.2120819092,54176,54186,10
13.0484800339,80.2119598389,54186,54216,30
13.0484800339,80.2119598389,54216,54226,10
13.0485897064,80.2119522095,54226,54236,10
13.0493297577,80.2119064331,54236,54256,20
13.0493297577,80.2119064331,54256,54267,11
13.0496196747,80.2119369507,54267,54277,10
13.0498695374,80.2119369507,54277,54287,10
13.0501203537,80.2119522095,54287,54297,10
13.0506095886,80.2119903564,54297,54307,10
13.0511703491,80.2119903564,54307,54317,10
13.0521202087,80.2119064331,54317,54327,10
13.0530900955,80.2117080688,54327,54337,10
13.0541601181,80.2114486694,54337,54347,10
13.0552301407,80.2113800049,54347,54357,10
13.0564603806,80.2114181519,54357,54367,10
13.0573797226,80.2114105225,54367,54378,11
13.0575704575,80.2113876343,54378,54388,10
13.0578203201,80.2114028931,54388,54398,10
13.0584001541,80.2114181519,54398,54408,10
13.0591802597,80.2114715576,54408,54418,10
13.0600595474,80.2115402222,54418,54428,10
13.0611200333,80.2116012573,54428,54438,10
13.0621500015,80.2116622925,54438,54448,10
13.0630598068,80.2115402222,54448,54458,10
13.0631799698,80.2115402222,54458,54468,10
13.06346035,80.211517334,54468,54478,10
13.0639696121,80.2114562988,54478,54488,10
13.0647296906,80.2112121582,54488,54498,10
13.0655097961,80.2107009888,54498,54509,11
13.0664701462,80.2099304199,54509,54519,10
13.0672302246,80.2090072632,54519,54529,10
13.0678501129,80.2080001831,54529,54539,10
13.0685195923,80.2069473267,54539,54549,10
13.0691404343,80.2059707642,54549,54559,10
13.0694799423,80.2053833008,54559,54569,10
13.0695695877,80.2052001953,54569,54579,10
13.069609642,80.2051315308,54579,54589,10
13.0696001053,80.2048492432,54589,54599,10
13.0692596436,80.2049865723,54599,54609,10
13.0689001083,80.2053527832,54609,54620,11
13.0686998367,80.2049865723,54620,54650,30
13.0686998367,80.2049865723,54650,54660,10
13.0687999725,80.2047729492,54660,54670,10
13.0692396164,80.2047119141,54670,54700,30
13.0692396164,80.2047119141,54700,54710,10
13.0693998337,80.2047424316,54710,54720,10
13.0696601868,80.204788208,54720,54730,10
13.0700397491,80.2046127319,54730,54741,11
13.0705299377,80.2039718628,54741,54751,10
13.0711297989,80.2032699585,54751,54761,10
13.0718297958,80.2024612427,54761,54771,10
13.072429657,80.2017974854,54771,54781,10
13.0729799271,80.201171875,54781,54791,10
13.073390007,80.2006988525,54791,54801,10
13.0737695694,80.2003097534,54801,54811,10
13.0741901398,80.1997909546,54811,54821,10
13.0745401382,80.199432373,54821,54831,10
13.0751495361,80.1991119385,54831,54841,10
13.0759496689,80.1990432739,54841,54851,10
13.0769500732,80.1989898682,54851,54862,11
13.0780296326,80.1988601685,54862,54872,10
13.0790100098,80.1987228394,54872,54882,10
13.0798797607,80.1986618042,54882,54892,10
13.0807199478,80.1985778809,54892,54902,10
13.0816001892,80.1985397339,54902,54912,10
13.0824403763,80.1984481812,54912,54922,10
13.0831899643,80.1984405518,54922,54932,10
13.0838899612,80.1984176636,54932,54942,10
13.0843095779,80.1984405518,54942,54952,10
13.0845804214,80.1984405518,54952,54962,10
13.0848798752,80.1984405518,54962,54972,10
13.0849199295,80.1984405518,54972,54983,11
13.0851898193,80.1984329224,54983,54993,10
13.085439682,80.1984176636,54993,55003,10
13.0858001709,80.1984100342,55003,55013,10
13.0862703323,80.1984100342,55013,55023,10
13.0867795944,80.1984100342,55023,55033,10
13.0870599747,80.1980514526,55033,55053,20
13.0870599747,80.1980514526,55053,55063,10
13.0871200562,80.1977615356,55063,55073,10
13.0871400833,80.1972198486,55073,55083,10
13.0871801376,80.1964416504,55083,55093,10
13.0871896744,80.1955795288,55093,55104,11
13.0872297287,80.1945877075,55104,55114,10
13.0872602463,80.1934967041,55114,55124,10
13.0873003006,80.1926116943,55124,55134,10
13.0874099731,80.1920166016,55134,55144,10
13.0875101089,80.1912078857,55144,55154,10
13.0876102448,80.1903610229,55154,55164,10
13.0877103806,80.1895828247,55164,55174,10
13.0877103806,80.1890487671,55174,55184,10
13.0877199173,80.1888427734,55184,55194,10
13.0877304077,80.1887664795,55194,55204,10
13.0877504349,80.1883392334,55204,55214,10
13.0878095627,80.1876373291,55214,55225,11
13.0878400803,80.1867218018,55225,55235,10
13.0878801346,80.1860580444,55235,55245,10
13.0879001617,80.1854019165,55245,55255,10
13.0879402161,80.184677124,55255,55265,10
13.0879497528,80.1840209961,55265,55275,10
13.0880098343,80.1832427979,55275,55285,10
13.0880403519,80.1823806763,55285,55295,10
13.0880699158,80.1815719604,55295,55305,10
13.0881204605,80.1807098389,55305,55315,10
13.0881004333,80.1799621582,55315,55346,31
13.0881004333,80.1799621582,55346,55356,10
13.0880804062,80.179901123,55356,55366,10
13.0881099701,80.1795578003,55366,55376,10
13.0881204605,80.1790008545,55376,55386,10
13.0881099701,80.1787872314,55386,55396,10
13.0881299973,80.1786193848,55396,55406,10
13.0881595612,80.1781997681,55406,55416,10
13.0881795883,80.1774978638,55416,55426,10
13.0882101059,80.1767120361,55426,55436,10
13.0882701874,80.1758117676,55436,55446,10
13.0883398056,80.1748199463,55446,55457,11
13.0883998871,80.1740875244,55457,55467,10
13.0884504318,80.1733779907,55467,55477,10
13.0884895325,80.1726303101,55477,55487,10
13.0885095596,80.1719818115,55487,55497,10
13.08852005,80.171836853,55497,55507,10
13.0885400772,80.1715087891,55507,55517,10
13.0885801315,80.1709365845,55517,55527,10
13.088640213,80.1698989868,55527,55618,91
13.088640213,80.1698989868,55618,55628,10
13.0886602402,80.1697387695,55628,55638,10
13.0888795853,80.1695022583,55638,55648,10
13.0894603729,80.1695404053,55648,55658,10
13.0902500153,80.1696014404,55658,55668,10
13.0910396576,80.1696472168,55668,55678,10
13.0917596817,80.1696929932,55678,55689,11
13.0927200317,80.1697616577,55689,55699,10
13.0937900543,80.1698074341,55699,55709,10
13.0946397781,80.1698379517,55709,55719,10
13.0949001312,80.1698532104,55719,55729,10
13.095199585,80.1698684692,55729,55739,10
13.0958404541,80.1699066162,55739,55749,10
13.0966796875,80.169960022,55749,55759,10
13.0976400375,80.1700210571,55759,55769,10
13.0986995697,80.1700820923,55769,55779,10
13.0993499756,80.1700973511,55779,55789,10
13.099650383,80.1699905396,55789,55799,10
13.0995798111,80.1697006226,55799,55809,10
13.0994596481,80.1699523926,55809,56062,253
13.0995197296,80.1702728271,56062,56808,746
13.0995197296,80.1702728271,56808,56818,10
13.0990695953,80.1702270508,56818,56828,10
13.0987796783,80.170211792,56828,56838,10
13.0983695984,80.1701583862,56838,56848,10
13.0978899002,80.1701278687,56848,56858,10
13.0972995758,80.1700973511,56858,56868,10
13.0966796875,80.1700592041,56868,56878,10
13.0960502625,80.1700210571,56878,56888,10
13.095410347,80.1699981689,56888,56897,9
13.0949802399,80.1699676514,56897,56909,12
13.0948696136,80.169960022,56909,56919,10
13.0946798325,80.1699295044,56919,56929,10
13.0944795609,80.1699066162,56929,56939,10
13.0942001343,80.1698989868,56939,56949,10
13.0937204361,80.1698608398,56949,56959,10
13.093079567,80.1698303223,56959,56969,10
13.0923299789,80.1697998047,56969,56979,10
13.0916500092,80.1697463989,56979,56989,10
13.0909996033,80.169708252,56989,56999,10
13.0902795792,80.1696472168,56999,57008,9
13.089630127,80.1696166992,57008,57019,11
13.0888395309,80.169593811,57019,57030,11
13.0886802673,80.1699295044,57030,57040,10
13.0886297226,80.170501709,57040,57050,10
13.0886096954,80.1712417603,57050,57060,10
13.0885896683,80.1718673706,57060,57070,10
13.0885696411,80.1720123291,57070,57080,10
13.088549614,80.1722106934,57080,57090,10
13.0885400772,80.1724395752,57090,57100,10
13.0885095596,80.1729736328,57100,57110,10
13.088470459,80.1736907959,57110,57120,10
13.0884399414,80.1745223999,57120,57130,10
13.0883798599,80.1753311157,57130,57141,11
13.0883102417,80.1763000488,57141,57151,10
13.0882701874,80.1771011353,57151,57161,10
13.0882396698,80.1776733398,57161,57171,10
13.0882396698,80.1783905029,57171,57181,10
13.0882396698,80.1785430908,57181,57191,10
13.0882396698,80.1786727905,57191,57201,10
13.0882301331,80.1790084839,57201,57211,10
13.0882196426,80.1795196533,57211,57221,10
13.0882101059,80.1801605225,57221,57231,10
13.0881795883,80.1809921265,57231,57241,10
13.0881595612,80.1817779541,57241,57250,9
13.0881204605,80.1823730469,57250,57262,12
13.0880804062,80.1833190918,57262,57272,10
13.0880498886,80.1842269897,57272,57282,10
13.0880298615,80.1850204468,57282,57292,10
13.0880403519,80.1852722168,57292,57302,10
13.0880098343,80.1855392456,57302,57312,10
13.0879802704,80.1860580444,57312,57322,10
13.0879497528,80.1868209839,57322,57332,10
13.0879096985,80.1876831055,57332,57342,10
13.0878801346,80.1884384155,57342,57352,10
13.0878400803,80.1891937256,57352,57362,10
13.0878200531,80.1896972656,57362,57372,10
13.0878200531,80.1897125244,57372,57383,11
13.0877895355,80.1898117065,57383,57393,10
13.0877304077,80.1901092529,57393,57403,10
13.0876598358,80.1906585693,57403,57413,10
13.0875797272,80.191368103,57413,57423,10
13.0874900818,80.1921310425,57423,57433,10
13.0873804092,80.1928863525,57433,57443,10
13.0873603821,80.1936798096,57443,57453,10
13.0873298645,80.1944580078,57453,57463,10
13.0873098373,80.1951599121,57463,57473,10
13.0873003006,80.1958694458,57473,57483,10
13.0872802734,80.1966400146,57483,57493,10
13.0872802734,80.1974105835,57493,57504,11
13.0872602463,80.1977233887,57504,57514,10
13.0872602463,80.1977386475,57514,57524,10
13.0872497559,80.197883606,57524,57534,10
13.0872802734,80.1982269287,57534,57544,10
13.0874500275,80.1984786987,57544,57554,10
13.0877799988,80.1985015869,57554,57564,10
13.0882997513,80.1984481812,57564,57574,10
13.0888204575,80.1984405518,57574,57584,10
13.0892696381,80.1984329224,57584,57594,10
13.0897903442,80.1984634399,57594,57604,10
13.0904598236,80.1985321045,57604,57614,10
13.0911798477,80.1985778809,57614,57625,11
13.0920600891,80.198638916,57625,57635,10
13.0928401947,80.198638916,57635,57645,10
13.0929803848,80.1989822388,57645,57655,10
13.0929403305,80.199432373,57655,57665,10
13.0929203033,80.2000427246,57665,57675,10
13.0929098129,80.2004776001,57675,57685,10
13.0925998688,80.2005691528,57685,57695,10
13.0920000076,80.2005615234,57695,57705,10
13.0912599564,80.2005386353,57705,57715,10
13.0905199051,80.2005386353,57715,57725,10
13.0897197723,80.2005081177,57725,57735,10
13.0890598297,80.2004928589,57735,57746,11
13.0884799957,80.2004776001,57746,57756,10
13.0876998901,80.2004699707,57756,57766,10
13.0870895386,80.2004470825,57766,57776,10
13.0868196487,80.2004394531,57776,57786,10
13.0862503052,80.2004165649,57786,57796,10
13.0855398178,80.2004089355,57796,57806,10
13.0853099823,80.200340271,57806,57816,10
13.0853204727,80.200012207,57816,57826,10
13.0853204727,80.1995773315,57826,57836,10
13.0853099823,80.1990127563,57836,57846,10
13.0850801468,80.1987075806,57846,57857,11
13.0842103958,80.1986999512,57857,57877,20
13.0842103958,80.1986999512,57877,57887,10
13.0839195251,80.1986999512,57887,57897,10
13.0833902359,80.198677063,57897,57907,10
13.0829801559,80.1986999512,57907,57957,50
13.0829801559,80.1986999512,57957,57967,10
13.0829296112,80.1986923218,57967,57977,10
13.0826396942,80.1986618042,57977,57988,11
13.0820398331,80.198677063,57988,57998,10
13.0813302994,80.198677063,57998,58008,10
13.0806102753,80.1986999512,58008,58018,10
13.0798501968,80.1987762451,58018,58028,10
13.0790500641,80.1988525391,58028,58038,10
13.0782203674,80.1989364624,58038,58048,10
13.077340126,80.1990432739,58048,58058,10
13.0764598846,80.1991424561,58058,58068,10
13.0756196976,80.1992416382,58068,58078,10
13.0748500824,80.1995010376,58078,58088,10
13.0741596222,80.1999893188,58088,58099,11
13.0736904144,80.2005233765,58099,58109,10
13.0736503601,80.2005767822,58109,58119,10
13.0734701157,80.2007980347,58119,58129,10
13.07310009,80.2012634277,58129,58139,10
13.0726699829,80.2017593384,58139,58149,10
13.0725097656,80.2019500732,58149,58159,10
13.0724697113,80.2019882202,58159,58169,10
13.072259903,80.2022171021,58169,58179,10
13.0719203949,80.2025680542,58179,58189,10
13.0714101791,80.2031402588,58189,58199,10
13.0708198547,80.2038192749,58199,58209,10
13.0699195862,80.2050018311,58209,58270,61
13.0699195862,80.2050018311,58270,58280,10
13.069729805,80.2050018311,58280,58290,10
13.0693702698,80.2048873901,58290,58300,10
13.0690898895,80.2053375244,58300,58310,10
13.0685100555,80.2054824829,58310,58320,10
13.0681295395,80.2054519653,58320,58330,10
13.0679397583,80.2053604126,58330,58482,152
13.0679397583,80.2053604126,58482,58492,10
13.0681295395,80.2049789429,58492,58502,10
13.068400383,80.2049484253,58502,58512,10
13.0687198639,80.2048187256,58512,58522,10
13.0690498352,80.2047424316,58522,58532,10
13.0695800781,80.2048034668,58532,58572,40
13.0695800781,80.2048034668,58572,58583,11
13.0698604584,80.2051391602,58583,58593,10
13.0695896149,80.205619812,58593,58603,10
13.0691795349,80.2062683105,58603,58613,10
13.0686998367,80.2070236206,58613,58623,10
13.0682201385,80.2078170776,58623,58633,10
13.06772995,80.2085876465,58633,58643,10
13.0672597885,80.2093276978,58643,58653,10
13.0667495728,80.2099990845,58653,58663,10
13.0661697388,80.2104721069,58663,58673,10
13.0656499863,80.2109603882,58673,58683,10
13.065199852,80.2113189697,58683,58693,10
13.0651597977,80.2113418579,58693,58704,11
13.0648498535,80.2115020752,58704,58714,10
13.0643701553,80.2116775513,58714,58724,10
13.0637302399,80.2118225098,58724,58734,10
13.0630598068,80.2118606567,58734,58744,10
13.0623197556,80.2118682861,58744,58754,10
13.0614795685,80.2118682861,58754,58764,10
13.0607299805,80.2118301392,58764,58774,10
13.0600004196,80.2117919922,58774,58784,10
13.0592002869,80.211769104,58784,58794,10
13.0583696365,80.211730957,58794,58804,10
13.0578098297,80.2117004395,58804,58814,10
13.057800293,80.2117004395,58814,58825,11
13.0575799942,80.2116699219,58825,58835,10
13.0571203232,80.2116470337,58835,58845,10
13.0565299988,80.2116317749,58845,58855,10
13.0557899475,80.2116165161,58855,58865,10
13.0550804138,80.2116165161,58865,58875,10
13.0547103882,80.2116470337,58875,58885,10
13.0546398163,80.2116470337,58885,58895,10
13.0542898178,80.2116775513,58895,58905,10
13.053730011,80.211807251,58905,58915,10
13.0530500412,80.2119827271,58915,58924,9
13.0524196625,80.2121734619,58924,58935,11
13.0517196655,80.212310791,58935,58946,11
13.051030159,80.2122573853,58946,58956,10
13.0502796173,80.2122802734,58956,58966,10
13.0494298935,80.2122573853,58966,58996,30
13.0494298935,80.2122573853,58996,59006,10
13.0492401123,80.2122116089,59006,59016,10
13.0489501953,80.2122192383,59016,59026,10
13.0485401154,80.2122573853,59026,59036,10
13.0478696823,80.2123184204,59036,59046,10
13.0470199585,80.2124023438,59046,59056,10
13.0459699631,80.2124633789,59056,59067,11
13.0450000763,80.2125091553,59067,59107,40
13.0450000763,80.2125091553,59107,59117,10
13.0446596146,80.2124786377,59117,59127,10
13.0441904068,80.2124481201,59127,59137,10
13.0434598923,80.2124404907,59137,59147,10
13.0427503586,80.2124328613,59147,59157,10
13.0419197083,80.2124176025,59157,59166,9
13.0410203934,80.2124481201,59166,59178,12
13.0396995544,80.2124710083,59178,59188,10
13.0387201309,80.2124786377,59188,59198,10
13.0379295349,80.2124786377,59198,59208,10
13.0377597809,80.2124786377,59208,59218,10
13.0376195908,80.2124404907,59218,59228,10
13.0371799469,80.2124023438,59228,59238,10
13.03647995,80.2123565674,59238,59248,10
13.035610199,80.2123565674,59248,59258,10
13.035200119,80.212348938,59258,59268,10
13.0348596573,80.2123031616,59268,59278,10
13.0341701508,80.2121810913,59278,59299,21
13.0341701508,80.2121810913,59299,59309,10
13.0338201523,80.2121124268,59309,59319,10
13.0332603455,80.2119598389,59319,59329,10
13.0326404572,80.2118377686,59329,59339,10
13.0320301056,80.2116775513,59339,59349,10
13.0320396423,80.2110290527,59349,59359,10
13.0320701599,80.2102127075,59359,59369,10
13.0320501328,80.2097091675,59369,59379,10
13.0316696167,80.209602356,59379,59389,10
13.0310297012,80.2094421387,59389,59399,10
13.0302095413,80.2092132568,59399,59409,10
13.0295801163,80.2090072632,59409,59420,11
13.0291900635,80.2088928223,59420,59430,10
13.0284996033,80.2087020874,59430,59440,10
13.027680397,80.2083969116,59440,59450,10
13.0269002914,80.2079162598,59450,59460,10
13.0261697769,80.2074813843,59460,59470,10
13.0253200531,80.2070999146,59470,59480,10
13.0245504379,80.2069702148,59480,59490,10
13.0240297318,80.2068481445,59490,59500,10
13.0234003067,80.206741333,59500,59510,10
13.022600174,80.2065963745,59510,59520,10
13.0218200684,80.2065200806,59520,59530,10
13.0211400986,80.2065200806,59530,59541,11
13.0201501846,80.2064971924,59541,59551,10
13.0191402435,80.2063980103,59551,59561,10
13.0187997818,80.2062911987,59561,59571,10
13.018699646,80.206237793,59571,59581,10
13.0182504654,80.2060699463,59581,59591,10
13.0176897049,80.2058563232,59591,59601,10
13.0175600052,80.2058029175,59601,59611,10
13.0171604156,80.2056427002,59611,59621,10
13.016579628,80.205406189,59621,59631,10
13.0156297684,80.2051315308,59631,59641,10
13.0145597458,80.2047805786,59641,59651,10
13.0136804581,80.204460144,59651,59662,11
13.0135202408,80.2048110962,59662,59672,10
13.0133199692,80.2054290771,59672,59682,10
13.0130901337,80.2062301636,59682,59692,10
13.0129995346,80.2071533203,59692,59702,10
13.0129299164,80.207862854,59702,59712,10
13.0128898621,80.2084274292,59712,59722,10
13.0129003525,80.2087631226,59722,59732,10
13.0130195618,80.2092666626,59732,59742,10
13.0132102966,80.2098922729,59742,59752,10
13.0130901337,80.2106781006,59752,59762,10
13.0127296448,80.2115402222,59762,59773,11
13.0122404099,80.2123413086,59773,59783,10
13.0119600296,80.2127838135,59783,59793,10
13.0117197037,80.2127685547,59793,59803,10
13.0113401413,80.2125091553,59803,59813,10
13.0107002258,80.2120437622,59813,59823,10
13.0098304749,80.2113494873,59823,59904,81
13.0098304749,80.2113494873,59904,59914,10
13.0094299316,80.2110671997,59914,59984,70
13.0094299316,80.2110671997,59984,59994,10
13.00922966,80.2112426758,59994,60004,10
13.0090799332,80.2114334106,60004,60015,11
13.0090198517,80.2116088867,60015,60025,10
13.0091104507,80.2119903564,60025,60035,10
13.0092802048,80.2124710083,60035,60045,10
13.0094604492,80.2129821777,60045,60055,10
13.0096597672,80.213470459,60055,60065,10
13.0098896027,80.2140197754,60065,60075,10
13.0101099014,80.2145767212,60075,60085,10
13.010219574,80.2152786255,60085,60095,10
13.0103902817,80.2160491943,60095,60105,10
13.0108098984,80.2169494629,60105,60115,10
13.0112400055,80.2179412842,60115,60125,10
13.0116100311,80.218963623,60125,60136,11
13.0119895935,80.2201690674,60136,60146,10
13.0123100281,80.2211685181,60146,60156,10
13.0126495361,80.2218780518,60156,60166,10
13.0131998062,80.2225570679,60166,60176,10
13.0138301849,80.2232894897,60176,60186,10
13.0141096115,80.2235870361,60186,60196,10
13.0142698288,80.2238693237,60196,60206,10
13.0150003433,80.2246704102,60206,60226,20
13.0150003433,80.2246704102,60226,60236,10
13.015250206,80.2249221802,60236,60246,10
13.0154600143,80.225402832,60246,60257,11
13.0151100159,80.2259216309,60257,60267,10
13.0143499374,80.2262191772,60267,60277,10
13.0134401321,80.2265930176,60277,60287,10
13.0125398636,80.226890564,60287,60297,10
13.0115604401,80.2272796631,60297,60307,10
13.0104703903,80.2277069092,60307,60317,10
13.0095300674,80.2278137207,60317,60327,10
13.0097103119,80.2271194458,60327,60337,10
13.0100297928,80.2264175415,60337,60347,10
13.0103998184,80.2255401611,60347,60357,10
13.0105800629,80.2251434326,60357,60367,10
13.0106601715,80.2249603271,60367,60378,11
13.0108299255,80.2245483398,60378,60388,10
13.0110797882,80.2239303589,60388,60398,10
13.0112400055,80.223449707,60398,60408,10
13.0110502243,80.2231292725,60408,60418,10
13.0104198456,80.2228088379,60418,60428,10
13.0096702576,80.2223892212,60428,60438,10
13.0088195801,80.2219161987,60438,60448,10
13.0078496933,80.2213973999,60448,60458,10
13.006819725,80.2208862305,60458,60468,10
13.0057401657,80.2205429077,60468,60478,10
13.0049800873,80.2203598022,60478,60489,11
13.0045995712,80.2202529907,60489,60499,10
13.0039396286,80.2201004028,60499,60509,10
13.0031900406,80.2199172974,60509,60519,10
13.0024700165,80.219543457,60519,60529,10
13.0020399094,80.2191085815,60529,60539,10
13.0017404556,80.218788147,60539,60549,10
13.0011901855,80.2183609009,60549,60559,10
13.000579834,80.2179412842,60559,60569,10
12.9999103546,80.2175216675,60569,60579,10
12.9991397858,80.2171096802,60579,60589,10
12.9982595444,80.2166900635,60589,60599,10
12.9978904724,80.2165985107,60599,60610,11
12.9977197647,80.2165679932,60610,60620,10
12.9971904755,80.2165527344,60620,60630,10
12.9966096878,80.216583252,60630,60640,10
12.9963903427,80.2166213989,60640,60650,10
12.9959897995,80.2166900635,60650,60660,10
12.9953899384,80.2168884277,60660,60670,10
12.9947595596,80.2172775269,60670,60680,10
12.9941797256,80.2176971436,60680,60690,10
12.9935998917,80.2181015015,60690,60700,10
12.9930000305,80.2185287476,60700,60710,10
12.9923295975,80.2190170288,60710,60720,10
12.9916601181,80.2195129395,60720,60731,11
12.9911003113,80.2195129395,60731,60741,10
12.990940094,80.2194366455,60741,60751,10
12.9906101227,80.2192993164,60751,60761,10
12.9900598526,80.2191085815,60761,60771,10
12.989279747,80.2188186646,60771,60781,10
12.9884500504,80.2185516357,60781,60791,10
12.9878396988,80.2184295654,60791,60801,10
12.987279892,80.2183303833,60801,60811,10
12.9869003296,80.2182617188,60811,60821,10
12.9867401123,80.218208313,60821,60831,10
12.9862499237,80.2180862427,60831,60841,10
12.9853897095,80.2179336548,60841,60852,11
12.9842996597,80.2179489136,60852,60862,10
12.9838695526,80.217956543,60862,60872,10
12.9837398529,80.217956543,60872,60882,10
12.9832601547,80.217956543,60882,60892,10
12.9824895859,80.2179489136,60892,60902,10
12.9815702438,80.2180099487,60902,60912,10
12.9806804657,80.2182693481,60912,60922,10
12.9799900055,80.218536377,60922,60932,10
12.9794502258,80.2187728882,60932,60942,10
12.9788703918,80.2190093994,60942,60952,10
12.9784603119,80.2191696167,60952,60962,10
12.9777898788,80.2194519043,60962,60973,11
12.9768295288,80.2198562622,60973,60983,10
12.9761600494,80.2201766968,60983,61033,50
12.9761600494,80.2201766968,61033,61043,10
12.9759502411,80.2202911377,61043,61053,10
12.9757204056,80.2203903198,61053,61063,10
12.9755296707,80.2206115723,61063,61073,10
12.9756603241,80.2208175659,61073,61124,51
12.9756603241,80.2208175659,61124,61134,10
12.9759702682,80.221031189,61134,62173,1039
12.9762201309,80.2212982178,62173,62243,70
12.9762201309,80.2212982178,62243,62253,10
12.9762802124,80.2212982178,62253,62263,10
12.9764604568,80.2212600708,62263,62273,10
12.9767398834,80.2212600708,62273,62283,10
12.9770097733,80.221282959,62283,62294,11
12.9773797989,80.2212371826,62294,62304,10
12.9778203964,80.2212371826,62304,62314,10
12.9783296585,80.2212295532,62314,62324,10
12.9788799286,80.2211990356,62324,62334,10
12.9793996811,80.2211608887,62334,62344,10
12.9800100327,80.2211074829,62344,62354,10
12.9806804657,80.2210388184,62354,62364,10
12.9811601639,80.2211380005,62364,62374,10
12.9816303253,80.2213668823,62374,62384,10
12.982049942,80.2216491699,62384,62394,10
12.9826002121,80.2218399048,62394,62404,10
12.9829597473,80.2220001221,62404,62415,11
12.9829797745,80.2220001221,62415,62425,10
12.9832000732,80.2221298218,62425,62435,10
12.9835195541,80.2223587036,62435,62445,10
12.9838399887,80.2225799561,62445,62455,10
12.9843597412,80.2228775024,62455,62465,10
12.9849596024,80.2232208252,62465,62475,10
12.9854602814,80.2232894897,62475,62485,10
12.9857397079,80.2230606079,62485,62495,10
12.9863004684,80.2229995728,62495,62505,10
12.9868602753,80.2230606079,62505,62514,9
12.9873104095,80.2231216431,62514,62525,11
12.9879302979,80.2229995728,62525,62536,11
12.988530159,80.2225418091,62536,62546,10
12.9890403748,80.222038269,62546,62556,10
12.98939991,80.221572876,62556,62566,10
12.9897699356,80.2210235596,62566,62576,10
12.99036026,80.2205276489,62576,62586,10
12.990940094,80.2201004028,62586,62596,10
12.991060257,80.2199707031,62596,62606,10
12.9913797379,80.2197036743,62606,62616,10
12.9919595718,80.2192764282,62616,62626,10
12.9926595688,80.2187728882,62626,62636,10
12.9934997559,80.2181777954,62636,62647,11
12.9942903519,80.2176208496,62647,62657,10
12.9946804047,80.2173309326,62657,62667,10
12.9949302673,80.2171173096,62667,62677,10
12.9954004288,80.2168426514,62677,62687,10
12.9961500168,80.2166213989,62687,62697,10
12.9969797134,80.216506958,62697,62707,10
12.997420311,80.2162399292,62707,62717,10
12.9975204468,80.2161636353,62717,62727,10
12.9976902008,80.2160415649,62727,62737,10
12.9980297089,80.2157363892,62737,62747,10
12.9985904694,80.2153015137,62747,62757,10
12.9991102219,80.2148284912,62757,62768,11
12.9994897842,80.2145004272,62768,62778,10
12.9999303818,80.2141189575,62778,62788,10
13.0003995895,80.2136993408,62788,62798,10
13.0009899139,80.213218689,62798,62808,10
13.0012197495,80.2129974365,62808,62818,10
13.0016803741,80.2126617432,62818,62828,10
13.0022602081,80.2122879028,62828,62838,10
13.002820015,80.2121429443,62838,62848,10
13.0034103394,80.2120819092,62848,62858,10
13.0036697388,80.2117385864,62858,62868,10
13.0036497116,80.2110595703,62868,62877,9
13.0035800934,80.2104110718,62877,62889,12
13.0035200119,80.2095336914,62889,62899,10
13.0037097931,80.208732605,62899,62909,10
13.004529953,80.2088623047,62909,62919,10
13.0053901672,80.2092514038,62919,62929,10
13.0059604645,80.2094573975,62929,62939,10
13.0065097809,80.2096633911,62939,62949,10
13.0070199966,80.2097930908,62949,62969,20
13.0081396103,80.2097320557,62969,63010,41
13.0081396103,80.2097320557,63010,63031,21
13.0078496933,80.2080612183,63031,63041,10
13.0076904297,80.207069397,63041,63051,10
13.0075397491,80.2059631348,63051,63061,10
13.0074996948,80.2048797607,63061,63071,10
13.0074501038,80.2039031982,63071,63081,10
13.0073404312,80.2030715942,63081,63091,10
13.0072002411,80.2026977539,63091,63101,10
13.0067396164,80.2025985718,63101,63110,9
13.0065202713,80.2030181885,63110,63121,11
13.0069198608,80.2034301758,63121,63132,11
13.0075302124,80.203666687,63132,63142,10
13.0083703995,80.2037200928,63142,63152,10
13.0094604492,80.2036514282,63152,63162,10
13.0108203888,80.2036590576,63162,63172,10
13.012339592,80.2038803101,63172,63182,10
13.0134296417,80.2041397095,63182,63192,10
13.0141401291,80.2043762207,63192,63202,10
13.014960289,80.2046585083,63202,63212,10
13.0158004761,80.2049331665,63212,63222,10
13.0162000656,80.2050628662,63222,63231,9
13.0164899826,80.2050704956,63231,63243,12
13.0167598724,80.2051086426,63243,63253,10
13.0171403885,80.2052764893,63253,63263,10
13.0174798965,80.2054214478,63263,63273,10
13.0177602768,80.2055511475,63273,63283,10
13.0182199478,80.2057189941,63283,63293,10
13.0186500549,80.2059020996,63293,63303,10
13.0186595917,80.2059020996,63303,63313,10
13.0187501907,80.2059783936,63313,63323,10
13.0189695358,80.2060470581,63323,63333,10
13.0195102692,80.2061691284,63333,63343,10
13.0202903748,80.2062835693,63343,63352,9
13.0211296082,80.2062683105,63352,63364,12
13.0221796036,80.2062911987,63364,63374,10
13.0229997635,80.2064819336,63374,63384,10
13.0237998962,80.2065811157,63384,63394,10
13.0242795944,80.2066879272,63394,63404,10
13.0242900848,80.206703186,63404,63414,10
13.0246601105,80.2067871094,63414,63424,10
13.0252799988,80.2069473267,63424,63434,10
13.0258398056,80.2072219849,63434,63444,10
13.0265102386,80.2076034546,63444,63454,10
13.0272798538,80.2080612183,63454,63464,10
13.0282297134,80.2085189819,63464,63474,10
13.0293798447,80.2088317871,63474,63485,11
13.0302801132,80.2090530396,63485,63495,10
13.0307998657,80.2091903687,63495,63505,10
13.0315198898,80.2093505859,63505,63515,10
13.0316801071,80.2093811035,63515,63525,10
13.0319404602,80.2094497681,63525,63535,10
13.0325202942,80.2095336914,63535,63545,10
13.0333404541,80.2097320557,63545,63555,10
13.034239769,80.2099609375,63555,63565,10
13.0350103378,80.2101669312,63565,63575,10
13.0350198746,80.210647583,63575,63585,10
13.035030365,80.2109832764,63585,63595,10
13.0350103378,80.2111663818,63595,63606,11
13.0349798203,80.2114028931,63606,63616,10
13.0349397659,80.211479187,63616,63626,10
13.0348796844,80.2118911743,63626,63636,10
13.0350799561,80.2122268677,63636,63646,10
13.0357198715,80.212272644,63646,63656,10
13.0363502502,80.2123031616,63656,63666,10
13.0368099213,80.2123031616,63666,63676,10
13.0368700027,80.2123031616,63676,63686,10
13.0369596481,80.212310791,63686,63696,10
13.0373497009,80.2123184204,63696,63706,10
13.0379896164,80.2123184204,63706,63716,10
13.0387897491,80.2123184204,63716,63727,11
13.0398597717,80.212310791,63727,63737,10
13.0410299301,80.212272644,63737,63747,10
13.0421695709,80.212272644,63747,63757,10
13.0430603027,80.2122268677,63757,63767,10
13.0433301926,80.2121887207,63767,63777,10
13.0437402725,80.2121734619,63777,63787,10
13.0441398621,80.2121582031,63787,63797,10
13.0445995331,80.2121810913,63797,63807,10
13.0451898575,80.2121963501,63807,63817,10
13.0458402634,80.2121887207,63817,63827,10
13.046210289,80.2121810913,63827,63836,9
13.046500206,80.2121582031,63836,63848,12
13.0468597412,80.2121429443,63848,63858,10
13.0472803116,80.2121124268,63858,63868,10
13.0474796295,80.212097168,63868,63878,10
13.0478000641,80.2120819092,63878,63938,60
13.0481996536,80.2120513916,63938,63969,31
13.0483503342,80.2120285034,63969,64059,90
13.0483503342,80.2120285034,64059,64069,10
13.0485296249,80.2119674683,64069,64080,11
13.0486698151,80.2119598389,64080,64090,10
13.0489301682,80.2119369507,64090,64100,10
13.0491199493,80.2119293213,64100,64110,10
13.0493202209,80.2119293213,64110,64120,10
13.0494804382,80.2119216919,64120,64130,10
13.049659729,80.2119293213,64130,64140,10
13.0498695374,80.2119216919,64140,64150,10
13.0501003265,80.2119216919,64150,64177,27
13.0501003265,80.2119216919,64177,64190,13
13.0507097244,80.2119598389,64190,64201,11
13.051659584,80.2120437622,64201,64211,10
13.0524597168,80.2118988037,64211,64221,10
13.0533304214,80.2117080688,64221,64231,10
13.0543498993,80.2114562988,64231,64241,10
13.0551996231,80.2114334106,64241,64251,10
13.0561504364,80.2114486694,64251,64261,10
13.0567102432,80.2114181519,64261,64271,10
13.0571899414,80.2114105225,64271,64281,10
13.0577497482,80.2113800049,64281,64291,10
13.0578699112,80.2113723755,64291,64301,10
13.0583200455,80.2113876343,64301,64311,10
13.0588302612,80.2114028931,64311,64322,11
13.059419632,80.21144104,64322,64332,10
13.0602302551,80.2114868164,64332,64342,10
13.0612096786,80.2115478516,64342,64352,10
13.0622196198,80.2116165161,64352,64362,10
13.0628499985,80.2115707397,64362,64372,10
13.0629501343,80.2115402222,64372,64382,10
13.0633802414,80.211479187,64382,64392,10
13.0640201569,80.2114486694,64392,64402,10
13.0648097992,80.2112121582,64402,64412,10
13.0655899048,80.2106628418,64412,64422,10
13.0663795471,80.2099990845,64422,64432,10
13.0670404434,80.2092971802,64432,64443,11
13.0672502518,80.2088623047,64443,64453,10
13.0672903061,80.2087478638,64453,64463,10
13.0675296783,80.2083969116,64463,64473,10
13.0679197311,80.2078018188,64473,64483,10
13.0683298111,80.2071609497,64483,64493,10
13.0688199997,80.2064819336,64493,64503,10
13.0693101883,80.2057723999,64503,64513,10
13.0694704056,80.2054824829,64513,64523,10
13.0694704056,80.2054672241,64523,64533,10
13.069560051,80.2052612305,64533,64543,10
13.0696601868,80.2049865723,64543,64554,11
13.0692901611,80.2049026489,64554,64564,10
13.0687503815,80.2051086426,64564,64594,30
13.0687503815,80.2051086426,64594,64604,10
13.0687303543,80.2049865723,64604,64614,10
13.0688400269,80.2047576904,64614,64624,10
13.0690002441,80.2047271729,64624,64634,10
13.0695199966,80.2047805786,64634,64664,30
13.0695199966,80.2047805786,64664,64675,11
13.0696897507,80.2048568726,64675,64685,10
13.0700397491,80.2046737671,64685,64695,10
13.0704603195,80.2041320801,64695,64705,10
13.0710897446,80.2032623291,64705,64745,40
13.0710897446,80.2032623291,64745,64755,10
13.0712404251,80.2030487061,64755,64765,10
13.0714502335,80.2028121948,64765,64775,10
13.0716295242,80.2026062012,64775,64785,10
13.0718002319,80.2024307251,64785,64796,11
13.0718898773,80.2023391724,64796,64806,10
13.072019577,80.2022171021,64806,64816,10
13.0721702576,80.2020797729,64816,64826,10
13.0723199844,80.2019424438,64826,64836,10
13.0726099014,80.2015991211,64836,64846,10
13.0729799271,80.2011871338,64846,64866,20
13.0729799271,80.2011871338,64866,64876,10
13.0731801987,80.2009735107,64876,64886,10
13.0734195709,80.2006530762,64886,64896,10
13.0737400055,80.2002716064,64896,64906,10
13.0740404129,80.1998977661,64906,64917,11
13.0744600296,80.19947052,64917,64937,20
13.0744600296,80.19947052,64937,64947,10
13.0745401382,80.1993484497,64947,64957,10
13.074839592,80.19921875,64957,64967,10
13.0753898621,80.1990966797,64967,64977,10
13.0761804581,80.1990737915,64977,64987,10
13.0771503448,80.1989974976,64987,64997,10
13.0781698227,80.198890686,64997,65007,10
13.0790996552,80.1987762451,65007,65017,10
13.0798301697,80.1987380981,65017,65027,10
13.0805797577,80.1986618042,65027,65038,11
13.0814399719,80.1986312866,65038,65048,10
13.0819501877,80.1985931396,65048,65058,10
13.082159996,80.1985626221,65058,65068,10
13.082690239,80.1985168457,65068,65078,10
13.0831804276,80.1985092163,65078,65088,10
13.0834703445,80.1985015869,65088,65098,10
13.0836696625,80.1984786987,65098,65108,10
13.0837802887,80.1984710693,65108,65118,10
13.0840501785,80.1984710693,65118,65128,10
13.0843000412,80.1984634399,65128,65137,9
13.0844802856,80.1984710693,65137,65149,12
13.0847902298,80.1984786987,65149,65159,10
13.085149765,80.1984710693,65159,65169,10
13.0853996277,80.1984710693,65169,65179,10
13.0856599808,80.1984481812,65179,65189,10
13.0860500336,80.1984405518,65189,65199,10
13.0866203308,80.1984710693,65199,65209,10
13.0869197845,80.1984481812,65209,65219,10
13.0870704651,80.1982269287,65219,65229,10
13.0871095657,80.1980209351,65229,65239,10
13.0871400833,80.1978683472,65239,65249,10
13.0871601105,80.1974029541,65249,65259,10
13.0871896744,80.196647644,65259,65270,11
13.0872097015,80.1957473755,65270,65280,10
13.0872001648,80.1952133179,65280,65290,10
13.087220192,80.1945495605,65290,65300,10
13.0872402191,80.1937103271,65300,65310,10
13.0872297287,80.1930465698,65310,65340,30
13.0872297287,80.1930465698,65340,65350,10
13.0872802734,80.1927719116,65350,65360,10
13.0873298645,80.1923370361,65360,65370,10
13.0874204636,80.1916503906,65370,65379,9
13.0875196457,80.1908798218,65379,65391,12
13.087679863,80.189666748,65391,65401,10
13.0876998901,80.188911438,65401,65411,10
13.0876998901,80.1888504028,65411,65421,10
13.0877103806,80.1882705688,65421,65471,50
13.0877103806,80.1882705688,65471,65481,10
13.0877399445,80.1879882813,65481,65491,10
13.0877895355,80.187461853,65491,65501,10
13.0878400803,80.1869735718,65501,65512,11
13.0878696442,80.1861190796,65512,65522,10
13.0879096985,80.1851882935,65522,65532,10
13.0879802704,80.1841506958,65532,65542,10
13.0880298615,80.1830062866,65542,65552,10
13.0880699158,80.1819992065,65552,65562,10
13.0881204605,80.1809921265,65562,65572,10
13.088139534,80.1796417236,65572,65643,71
13.088139534,80.1796417236,65643,65653,10
13.0881795883,80.1795425415,65653,65663,10
13.0881595612,80.1791610718,65663,65673,10
13.0881299973,80.1787567139,65673,65683,10
13.0881299973,80.1786117554,65683,65693,10
13.088139534,80.1781005859,65693,65703,10
13.0881700516,80.1773605347,65703,65713,10
13.0882101059,80.1764602661,65713,65723,10
13.0882797241,80.175491333,65723,65733,10
13.0883197784,80.1747283936,65733,65744,11
13.0884304047,80.173866272,65744,65754,10
13.088470459,80.1729888916,65754,65764,10
13.08852005,80.1721191406,65764,65774,10
13.08852005,80.1717987061,65774,65784,10
13.088549614,80.1715087891,65784,65794,10
13.0885896683,80.1709136963,65794,65804,10
13.0886297226,80.170211792,65804,65885,81
13.0886297226,80.170211792,65885,65895,10
13.0886201859,80.1699829102,65895,65905,10
13.0886602402,80.1696166992,65905,65915,10
13.0889902115,80.1695404053,65915,65925,10
13.0891199112,80.1695480347,65925,65935,10
13.0895204544,80.1696014404,65935,65945,10
13.0902004242,80.1696395874,65945,65955,10
13.0910902023,80.1697006226,65955,65965,10
13.0919399261,80.1697692871,65965,65975,10
13.0927495956,80.1698074341,65975,65986,11
13.09375,80.1698684692,65986,65995,9
13.0945301056,80.1699066162,65995,66006,11
13.0948400497,80.1699371338,66006,66016,10
13.0951004028,80.1699829102,66016,66026,10
13.0956001282,80.1700210571,66026,66036,10
13.0963802338,80.1700592041,66036,66046,10
13.0973100662,80.1701126099,66046,66056,10
13.0982704163,80.1701583862,66056,66066,10
13.0992298126,80.170211792,66066,66127,61
13.0992298126,80.170211792,66127,66137,10
13.0994796753,80.170249939,66137,66147,10
13.099650383,80.1701126099,66147,66157,10
13.0996599197,80.1698532104,66157,66167,10
13.0994796753,80.1697463989,66167,66177,10
13.0992298126,80.1696624756,66177,66187,10
13.0991401672,80.1694335938,66187,66197,10
13.0990104675,80.1695404053,66197,66207,10
13.0993003845,80.1696624756,66207,66217,10
13.0993900299,80.1697006226,66217,66228,11
13.0994701385,80.1700363159,66228,66459,231
13.0994701385,80.1700363159,66459,66470,11
13.0991201401,80.170249939,66470,66480,10
13.0988998413,80.1702194214,66480,66490,10
13.0985002518,80.1701812744,66490,66500,10
13.0979795456,80.1701583862,66500,66510,10
13.0974302292,80.1701202393,66510,66520,10
13.0967998505,80.1700820923,66520,66530,10
13.0961198807,80.1700363159,66530,66540,10
13.0953998566,80.1699905396,66540,66550,10
13.0948896408,80.1699676514,66550,66560,10
13.0948400497,80.169960022,66560,66570,10
13.0946702957,80.1699295044,66570,66580,10
13.0944595337,80.1699066162,66580,66591,11
13.094039917,80.169883728,66591,66601,10
13.0935096741,80.1698608398,66601,66611,10
13.0929098129,80.1698303223,66611,66621,10
13.0922002792,80.1697921753,66621,66631,10
13.0915203094,80.1697463989,66631,66641,10
13.0908899307,80.1697006226,66641,66651,10
13.0901899338,80.1696624756,66651,66661,10
13.0890798569,80.1696014404,66661,66732,71
13.0890798569,80.1696014404,66732,66742,10
13.0889797211,80.169631958,66742,66752,10
13.0887002945,80.169708252,66752,66762,10
13.0887002945,80.1699295044,66762,66772,10
13.0886697769,80.1703186035,66772,66782,10
13.088640213,80.1707077026,66782,66792,10
13.0886096954,80.1712188721,66792,66802,10
13.0885896683,80.1718292236,66802,66812,10
13.0885801315,80.1719894409,66812,66823,11
13.0885601044,80.1720809937,66823,66833,10
13.0885400772,80.172492981,66833,66843,10
13.0885095596,80.1729888916,66843,66853,10
13.0884895325,80.173500061,66853,66863,10
13.0884599686,80.1742019653,66863,66873,10
13.0884504318,80.174621582,66873,66883,10
13.0884504318,80.1747589111,66883,66893,10
13.0884199142,80.1750564575,66893,66903,10
13.0883798599,80.17552948,66903,66913,10
13.0883302689,80.1762237549,66913,66922,9
13.0882902145,80.1768798828,66922,66933,11
13.0882701874,80.1775512695,66933,66944,11
13.0882701874,80.1786499023,66944,66964,20
13.0882701874,80.1786499023,66964,66974,10
13.0882701874,80.1790008545,66974,67004,30
13.0882701874,80.1790008545,67004,67014,10
13.088259697,80.179359436,67014,67024,10
13.0882396698,80.1797637939,67024,67034,10
13.0882301331,80.1803131104,67034,67044,10
13.0881996155,80.1810684204,67044,67055,11
13.0881900787,80.1818771362,67055,67065,10
13.0881795883,80.182258606,67065,67075,10
13.088139534,80.1827316284,67075,67085,10
13.0881099701,80.1834030151,67085,67095,10
13.0880699158,80.184211731,67095,67105,10
13.0880498886,80.1853027344,67105,67135,30
13.0880498886,80.1853027344,67135,67145,10
13.0880403519,80.1854019165,67145,67155,10
13.0880098343,80.1857528687,67155,67165,10
13.0879802704,80.186340332,67165,67176,11
13.0879602432,80.1871795654,67176,67186,10
13.0879402161,80.1877212524,67186,67196,10
13.0879201889,80.1882705688,67196,67206,10
13.0878896713,80.1889190674,67206,67216,10
13.0878601074,80.1895294189,67216,67226,10
13.0878200531,80.1898727417,67226,67236,10
13.0878200531,80.1898803711,67236,67246,10
13.0877599716,80.1901702881,67246,67256,10
13.087679863,80.1906814575,67256,67266,10
13.0875902176,80.1913528442,67266,67276,10
13.0874595642,80.1921768188,67276,67297,21
13.0874595642,80.1921768188,67297,67307,10
13.0874204636,80.1923904419,67307,67317,10
13.087389946,80.1925964355,67317,67327,10
13.0873699188,80.1929397583,67327,67337,10
13.0873498917,80.1935119629,67337,67347,10
13.0873298645,80.1942825317,67347,67357,10
13.0873098373,80.1951217651,67357,67367,10
13.0873098373,80.1957397461,67367,67377,10
13.0872898102,80.1964035034,67377,67387,10
13.0872602463,80.197227478,67387,67397,10
13.087269783,80.1977920532,67397,67406,9
13.0872602463,80.1978607178,67406,67418,12
13.0872898102,80.1982727051,67418,67428,10
13.0874795914,80.1985092163,67428,67438,10
13.0878000259,80.1985015869,67438,67448,10
13.0882902145,80.1985015869,67448,67458,10
13.0888299942,80.1985168457,67458,67468,10
13.0893602371,80.1985321045,67468,67478,10
13.0899801254,80.1985397339,67478,67488,10
13.0906200409,80.1986083984,67488,67498,10
13.0912303925,80.1986618042,67498,67508,10
13.0917797089,80.1986923218,67508,67518,10
13.09237957,80.1987075806,67518,67529,11
13.0929203033,80.1987304688,67529,67539,10
13.0929899216,80.1989364624,67539,67549,10
13.0929498672,80.1994171143,67549,67559,10
13.0929203033,80.2000274658,67559,67569,10
13.0929098129,80.2004165649,67569,67579,10
13.0929002762,80.2004776001,67579,67589,10
13.0927696228,80.2006378174,67589,67599,10
13.0924301147,80.200630188,67599,67609,10
13.0918798447,80.2005996704,67609,67619,10
13.0912103653,80.2005767822,67619,67629,10
13.0906095505,80.2005767822,67629,67639,10
13.0899600983,80.2005462646,67639,67650,11
13.0891895294,80.2005081177,67650,67660,10
13.0884799957,80.2004928589,67660,67670,10
13.0880804062,80.2004928589,67670,67680,10
13.087849617,80.2004776001,67680,67690,10
13.0877103806,80.2004623413,67690,67700,10
13.0875101089,80.2004623413,67700,67710,10
13.0872402191,80.2004623413,67710,67720,10
13.086979866,80.2004394531,67720,67730,10
13.086640358,80.2004699707,67730,67750,20
13.086640358,80.2004699707,67750,67761,11
13.0862398148,80.2004394531,67761,67771,10
13.0860900879,80.2004394531,67771,67781,10
13.0859003067,80.2004394531,67781,67821,40
13.0855197906,80.2003936768,67821,67841,20
13.0855197906,80.2003936768,67841,67851,10
13.0852804184,80.2002182007,67851,67861,10
13.0852899551,80.1999130249,67861,67871,10
13.0852804184,80.1994171143,67871,67882,11
13.0852499008,80.1988067627,67882,67892,10
13.0850000381,80.1987915039,67892,67902,10
13.0843400955,80.1987380981,67902,67932,30
13.0843400955,80.1987380981,67932,67942,10
13.0840902328,80.1986923218,67942,67952,10
13.083820343,80.1986999512,67952,67962,10
13.0834102631,80.1986999512,67962,67972,10
13.0830802917,80.1987304688,67972,68023,51
13.0830802917,80.1987304688,68023,68033,10
13.0830001831,80.1987686157,68033,68043,10
13.0827198029,80.1987228394,68043,68053,10
13.0823097229,80.1987075806,68053,68063,10
13.0818395615,80.1987304688,68063,68073,10
13.081319809,80.1987304688,68073,68083,10
13.0806398392,80.1987380981,68083,68093,10
13.0799503326,80.1988067627,68093,68103,10
13.0791902542,80.198890686,68103,68113,10
13.0784101486,80.19896698,68113,68124,11
13.0775003433,80.1990814209,68124,68134,10
13.0766096115,80.199180603,68134,68144,10
13.0757398605,80.1992874146,68144,68154,10
13.0748596191,80.1995162964,68154,68164,10
13.0742197037,80.1999816895,68164,68184,20
13.0742197037,80.1999816895,68184,68194,10
13.0740299225,80.2001190186,68194,68204,10
13.0739202499,80.2002410889,68204,68214,10
13.0738697052,80.2003173828,68214,68224,10
13.0737199783,80.2005004883,68224,68234,10
13.073559761,80.2006988525,68234,68245,11
13.0735502243,80.2007064819,68245,68255,10
13.0734100342,80.2008666992,68255,68265,10
13.0731296539,80.201210022,68265,68275,10
13.0729598999,80.201423645,68275,68285,10
13.0727500916,80.2016296387,68285,68295,10
13.0724802017,80.2019500732,68295,68305,10
13.0721702576,80.2023010254,68305,68315,10
13.0717000961,80.202796936,68315,68325,10
13.0711402893,80.2034606934,68325,68335,10
13.0705299377,80.2041778564,68335,68345,10
13.0700597763,80.2048034668,68345,68356,11
13.0699300766,80.2049636841,68356,68366,10
13.0699195862,80.2049789429,68366,68376,10
13.0696401596,80.2049713135,68376,68386,10
13.0693397522,80.2048797607,68386,68396,10
13.0690402985,80.2052383423,68396,68406,10
13.0685997009,80.2054824829,68406,68416,10
13.0683002472,80.2054672241,68416,68426,10
13.0681400299,80.2054672241,68426,68446,20
13.0679798126,80.2054367065,68446,68497,51
13.0679798126,80.2054367065,68497,68507,10
13.0681495667,80.2050323486,68507,68517,10
13.068400383,80.2049636841,68517,68527,10
13.0686998367,80.204826355,68527,68537,10
13.0690603256,80.204750061,68537,68547,10
13.0692100525,80.2047729492,68547,68557,10
13.0692195892,80.2047729492,68557,68567,10
13.0694599152,80.2048187256,68567,68577,10
13.0696601868,80.2048568726,68577,68587,10
13.0698204041,80.2051315308,68587,68598,11
13.0695495605,80.2056274414,68598,68608,10
13.0691604614,80.2062301636,68608,68618,10
13.0687503815,80.2068862915,68618,68628,10
13.0683403015,80.2075424194,68628,68638,10
13.0678901672,80.2082595825,68638,68648,10
13.0674495697,80.2089767456,68648,68658,10
13.0670099258,80.2096405029,68658,68668,10
13.0665102005,80.2101364136,68668,68678,10
13.0658597946,80.2106704712,68678,68688,10
13.065199852,80.2112197876,68688,68698,10
13.065030098,80.2113418579,68698,68709,11
13.0649204254,80.2114181519,68709,68719,10
13.064499855,80.2116012573,68719,68729,10
13.0641298294,80.211769104,68729,68739,10
13.0638904572,80.2117767334,68739,68749,10
13.0635795593,80.2117767334,68749,68759,10
13.0631999969,80.2117767334,68759,68769,10
13.0626001358,80.2117919922,68769,68779,10
13.0621404648,80.2118301392,68779,68789,10
13.0614700317,80.2117385864,68789,68799,10
13.0606002808,80.2117462158,68799,68809,10
13.0598297119,80.2117233276,68809,68819,10
13.0590295792,80.2117233276,68819,68830,11
13.0583496094,80.2116928101,68830,68840,10
13.0578603745,80.2116699219,68840,68850,10
13.0577497482,80.2116775513,68850,68860,10
13.0576000214,80.2116775513,68860,68870,10
13.0573797226,80.2116622925,68870,68880,10
13.0569601059,80.2116394043,68880,68890,10
13.0563201904,80.2116317749,68890,68900,10
13.0555095673,80.2116470337,68900,68910,10
13.0546398163,80.2116699219,68910,68920,10
13.0538396835,80.2117767334,68920,68930,10
13.0526103973,80.2121124268,68930,68991,61
13.0526103973,80.2121124268,68991,69001,10
13.0522003174,80.2121582031,69001,69011,10
13.0518798828,80.2122116089,69011,69021,10
13.0515003204,80.2122421265,69021,69031,10
13.0510597229,80.2122879028,69031,69041,10
13.050620079,80.2123031616,69041,69051,10
13.0495595932,80.212272644,69051,69082,31
13.0495595932,80.212272644,69082,69092,10
13.0491895676,80.2122497559,69092,69102,10
13.0489301682,80.2122421265,69102,69112,10
13.0487003326,80.2122497559,69112,69142,30
13.0487003326,80.2122497559,69142,69152,10
13.0486001968,80.2122573853,69152,69162,10
13.0481996536,80.2123031616,69162,69172,10
13.0476398468,80.2123336792,69172,69183,11
13.0471801758,80.2123718262,69183,69193,10
13.0469198227,80.2123794556,69193,69203,10
13.0465803146,80.212387085,69203,69213,10
13.0461797714,80.2124023438,69213,69223,10
13.0458898544,80.2124099731,69223,69233,10
13.045539856,80.2124328613,69233,69243,10
13.0451402664,80.2124481201,69243,69475,232
13.0451402664,80.2124481201,69475,69485,10
13.0447502136,80.2125091553,69485,69495,10
13.0444602966,80.2124710083,69495,69505,10
13.0439100266,80.2124404907,69505,69515,10
13.0431003571,80.2124328613,69515,69525,10
13.0424404144,80.2124176025,69525,69535,10
13.0422000885,80.2124404907,69535,69546,11
13.0418596268,80.2124176025,69546,69556,10
13.0412502289,80.2124176025,69556,69566,10
13.0404100418,80.2124328613,69566,69576,10
13.0394201279,80.2124481201,69576,69586,10
13.0383300781,80.2124404907,69586,69596,10
13.0375995636,80.2124710083,69596,69606,10
13.0370798111,80.2124404907,69606,69616,10
13.0363302231,80.2124023438,69616,69626,10
13.035779953,80.2123794556,69626,69636,10
13.0353498459,80.2123565674,69636,69646,10
13.0351696014,80.212348938,69646,69656,10
13.0349502563,80.2123184204,69656,69687,31
13.0349502563,80.2123184204,69687,69697,10
13.0346298218,80.2122192383,69697,69707,10
13.0343799591,80.2121887207,69707,69717,10
13.0340795517,80.2121505737,69717,69727,10
13.0340499878,80.2121582031,69727,69737,10
13.0339803696,80.2121582031,69737,69747,10
13.0337896347,80.2121200562,69747,69757,10
13.0335597992,80.2120513916,69757,69767,10
13.0330295563,80.2119369507,69767,69778,11
13.0322904587,80.2118225098,69778,69788,10
13.0319499969,80.2115783691,69788,69798,10
13.0319900513,80.2110595703,69798,69808,10
13.0320196152,80.2105484009,69808,69818,10
13.0320596695,80.2100219727,69818,69828,10
13.0319700241,80.2096710205,69828,69838,10
13.0315904617,80.2095565796,69838,69848,10
13.0309696198,80.2094116211,69848,69858,10
13.030579567,80.209312439,69858,69868,10
13.0304698944,80.2092819214,69868,69878,10
13.0301799774,80.2091674805,69878,69888,10
13.0299501419,80.2090835571,69888,69899,11
13.0295801163,80.2089767456,69899,69909,10
13.0295600891,80.2089767456,69909,69919,10
13.029299736,80.2089309692,69919,69929,10
13.0286903381,80.2087631226,69929,69939,10
13.0279197693,80.2085113525,69939,69949,10
13.0271997452,80.2081222534,69949,69959,10
13.02643013,80.207649231,69959,69969,10
13.025639534,80.2072296143,69969,69979,10
13.0247297287,80.2070083618,69979,69989,10
13.0239200592,80.2068405151,69989,69999,10
13.0231399536,80.2066421509,69999,70009,10
13.0224895477,80.2065124512,70009,70020,11
13.0216999054,80.2064819336,70020,70030,10
13.0211896896,80.2064819336,70030,70040,10
13.020409584,80.2064590454,70040,70050,10
13.0193195343,80.2064437866,70050,70070,20
13.0193195343,80.2064437866,70070,70080,10
13.0190200806,80.2063598633,70080,70090,10
13.0184698105,80.2061767578,70090,70100,10
13.0178804398,80.2059936523,70100,70110,10
13.0175304413,80.2058334351,70110,70120,10
13.0171499252,80.2056503296,70120,70131,11
13.0167999268,80.2054824829,70131,70141,10
13.0162696838,80.2052383423,70141,70151,10
13.0155601501,80.2050476074,70151,70161,10
13.0147600174,80.204788208,70161,70171,10
13.0142402649,80.2046203613,70171,70181,10
13.0142002106,80.2046203613,70181,70191,10
13.0139703751,80.204536438,70191,70201,10
13.0136995316,80.2044525146,70201,70211,10
13.0135698318,80.2045974731,70211,70221,10
13.0135402679,80.2046737671,70221,70231,10
13.013469696,80.2048416138,70231,70241,10
13.0133600235,80.2052078247,70241,70252,11
13.0131998062,80.2057571411,70252,70262,10
13.0130500793,80.2063293457,70262,70272,10
13.0129899979,80.2070083618,70272,70282,10
13.0129299164,80.207611084,70282,70292,10
13.0128602982,80.2080688477,70292,70302,10
13.012840271,80.2085189819,70302,70312,10
13.0128698349,80.2088088989,70312,70322,10
13.0129203796,80.2091369629,70322,70332,10
13.0130395889,80.2094802856,70332,70342,10
13.0131902695,80.2098388672,70342,70352,10
13.013130188,80.2102890015,70352,70362,10
13.0130395889,80.2108078003,70362,70373,11
13.0127601624,80.2114334106,70373,70383,10
13.0124998093,80.2118988037,70383,70393,10
13.0121898651,80.2124023438,70393,70403,10
13.0119695663,80.2127075195,70403,70413,10
13.0118103027,80.2128067017,70413,70423,10
13.0116596222,80.2127990723,70423,70433,10
13.0114498138,80.2126617432,70433,70443,10
13.01101017,80.2123413086,70443,70453,10
13.0105695724,80.2120132446,70453,70463,10
13.0104198456,80.2118835449,70463,70473,10
13.0101604462,80.2116622925,70473,70484,11
13.0098600388,80.21144104,70484,70514,30
13.0095500946,80.2112121582,70514,70554,40
13.0095500946,80.2112121582,70554,70564,10
13.0092201233,80.2112197876,70564,70574,10
13.009059906,80.2114181519,70574,70584,10
13.0090103149,80.2116622925,70584,70594,10
13.009059906,80.2119064331,70594,70605,11
13.009180069,80.2122879028,70605,70615,10
13.0093402863,80.2127532959,70615,70625,10
13.0095100403,80.2131881714,70625,70635,10
13.0097103119,80.2136764526,70635,70645,10
13.0099401474,80.2142333984,70645,70655,10
13.0101203918,80.21484375,70655,70665,10
13.0101995468,80.2155532837,70665,70675,10
13.0104799271,80.2162704468,70675,70685,10
13.010840416,80.217048645,70685,70695,10
13.0112104416,80.2179031372,70695,70705,10
13.0115699768,80.2189025879,70705,70715,10
13.0119104385,80.2199478149,70715,70726,11
13.0122699738,80.2211227417,70726,70736,10
13.0125703812,80.2218017578,70736,70746,10
13.0130195618,80.222366333,70746,70756,10
13.0135097504,80.2229537964,70756,70766,10
13.0140399933,80.2235794067,70766,70776,10
13.0144300461,80.2241134644,70776,70786,10
13.014960289,80.2247085571,70786,70796,10
13.0153598785,80.2252502441,70796,70806,10
13.0153799057,80.2252807617,70806,70816,10
13.0153999329,80.2253570557,70816,70826,10
13.0153503418,80.225692749,70826,70836,10
13.0152101517,80.2258834839,70836,70847,11
13.014960289,80.2259902954,70847,70857,10
13.0145101547,80.2261505127,70857,70867,10
13.0139303207,80.2264022827,70867,70877,10
13.0132303238,80.2266464233,70877,70887,10
13.0125198364,80.2269363403,70887,70897,10
13.0116796494,80.2272720337,70897,70907,10
13.0108203888,80.2276229858,70907,70917,10
13.0100097656,80.2279434204,70917,70927,10
13.0094499588,80.227897644,70927,70936,9
13.0094404221,80.2276229858,70936,70947,11
13.0096302032,80.2272415161,70947,70957,10
13.0098800659,80.2266616821,70957,70968,11
13.0102300644,80.2258377075,70968,70978,10
13.0104799271,80.2252197266,70978,70988,10
13.0106201172,80.2249221802,70988,70998,10
13.0107097626,80.2247161865,70998,71008,10
13.0109395981,80.2241973877,71008,71018,10
13.0110502243,80.2239227295,71018,71028,10
13.0111398697,80.2236862183,71028,71038,10
13.0112600327,80.2233886719,71038,71048,10
13.0110998154,80.2231369019,71048,71058,10
13.0105695724,80.2228775024,71058,71067,9
13.0099601746,80.2225799561,71067,71079,12
13.0090999603,80.2221221924,71079,71089,10
13.0084199905,80.2217483521,71089,71099,10
13.0076904297,80.2213821411,71099,71109,10
13.0069799423,80.2209777832,71109,71119,10
13.0062799454,80.220703125,71119,71129,10
13.0054998398,80.2205200195,71129,71139,10
13.0047597885,80.2203521729,71139,71149,10
13.0041399002,80.220199585,71149,71159,10
13.0036201477,80.2200775146,71159,71169,10
13.0031795502,80.2199630737,71169,71178,9
13.0027399063,80.2197723389,71178,71189,11
13.0022001266,80.2193603516,71189,71200,11
13.0019302368,80.2190628052,71200,71210,10
13.0016403198,80.2187423706,71210,71220,10
13.0012598038,80.2184524536,71220,71230,10
13.0007095337,80.2180862427,71230,71240,10
13.000120163,80.2177429199,71240,71250,10
12.9996099472,80.2174072266,71250,71260,10
12.9989404678,80.2170791626,71260,71280,20
12.9989404678,80.2170791626,71280,71290,10
12.9987297058,80.2169723511,71290,71300,10
12.9983301163,80.2167816162,71300,71331,31
12.9983301163,80.2167816162,71331,71341,10
12.9981803894,80.2167205811,71341,71351,10
12.9979801178,80.2166595459,71351,71361,10
12.9977302551,80.2166137695,71361,71371,10
12.9975700378,80.2165985107,71371,71381,10
12.9972295761,80.2165908813,71381,71401,20
12.9972295761,80.2165908813,71401,71411,10
12.9968004227,80.2166137695,71411,71421,10
12.9967699051,80.2166213989,71421,71431,10
12.9964504242,80.2166366577,71431,71442,11
12.9961004257,80.2166976929,71442,71452,10
12.9957799911,80.2167816162,71452,71472,20
12.9957799911,80.2167816162,71472,71482,10
12.9955997467,80.2168121338,71482,71492,10
12.9954795837,80.2168502808,71492,71502,10
12.9953298569,80.2169189453,71502,71512,10
12.9951295853,80.2170333862,71512,71522,10
12.9949598312,80.2171401978,71522,71532,10
12.9948701859,80.2172012329,71532,71542,10
12.994600296,80.2173919678,71542,71553,11
12.994099617,80.2177505493,71553,71563,10
12.9935302734,80.2181625366,71563,71573,10
12.9929304123,80.2186126709,71573,71583,10
12.9922399521,80.219078064,71583,71593,10
12.9915504456,80.2195892334,71593,71603,10
12.9912204742,80.2195663452,71603,71613,10
12.9909801483,80.2194976807,71613,71623,10
12.9907398224,80.2193832397,71623,71633,10
12.9902000427,80.2192230225,71633,71643,10
12.9894695282,80.218963623,71643,71653,10
12.9886798859,80.2186813354,71653,71663,10
12.9879198074,80.2184906006,71663,71674,11
12.9873104095,80.2183914185,71674,71684,10
12.9869403839,80.2183227539,71684,71694,10
12.9868001938,80.2182769775,71694,71704,10
12.9863100052,80.2181472778,71704,71714,10
12.9855003357,80.2179794312,71714,71724,10
12.9846000671,80.2179870605,71724,71734,10
12.9840402603,80.2180099487,71734,71744,10
12.983880043,80.2179870605,71744,71754,10
12.9834003448,80.2179718018,71754,71764,10
12.9826498032,80.2179794312,71764,71774,10
12.982219696,80.2180023193,71774,71785,11
12.9814996719,80.2180633545,71785,71795,10
12.9806604385,80.2183303833,71795,71805,10
12.9800100327,80.2185821533,71805,71815,10
12.97935009,80.2188491821,71815,71825,10
12.9787797928,80.219078064,71825,71835,10
12.9783096313,80.2192687988,71835,71845,10
12.9775896072,80.2195663452,71845,71855,10
12.976770401,80.2199325562,71855,71865,10
12.9761295319,80.2202072144,71865,71936,71
12.9761295319,80.2202072144,71936,71946,10
12.9759302139,80.2202911377,71946,71966,20
12.9759302139,80.2202911377,71966,71976,10
12.9756803513,80.2203903198,71976,71986,10
12.9754800797,80.2206497192,71986,71996,10
12.9755296707,80.2208099365,71996,72006,10
12.975859642,80.221031189,72006,72097,91
12.9760599136,80.2211608887,72097,72692,595
12.9760599136,80.2211608887,72692,72702,10
12.9762601852,80.2213363647,72702,72712,10
12.9764404297,80.2213134766,72712,72722,10
12.9767103195,80.2212600708,72722,72732,10
12.9774398804,80.2212219238,72732,72753,21
12.9774398804,80.2212219238,72753,72763,10
12.9777898788,80.2212219238,72763,72773,10
12.978099823,80.221206665,72773,72783,10
12.9785499573,80.2211685181,72783,72793,10
12.9788999557,80.2211380005,72793,72803,10
12.9793100357,80.2211074829,72803,72813,10
12.9798002243,80.2210922241,72813,72823,10
12.9803495407,80.2210388184,72823,72833,10
12.9809503555,80.2210235596,72833,72843,10
12.981300354,80.2211685181,72843,72853,10
12.9815502167,80.2213287354,72853,72864,11
12.9819402695,80.2216186523,72864,72874,10
12.9823799133,80.2218017578,72874,72884,10
12.9826097488,80.221862793,72884,72894,10
12.9826402664,80.2218704224,72894,72904,10
12.9829301834,80.2220230103,72904,72924,20
12.9829301834,80.2220230103,72924,72934,10
12.9832601547,80.2222290039,72934,72954,20
12.9832601547,80.2222290039,72954,72964,10
12.9834604263,80.222366333,72964,72974,10
12.9836196899,80.2224884033,72974,72985,11
12.9839096069,80.22265625,72985,72995,10
12.9842500687,80.2228469849,72995,73005,10
12.9846801758,80.2231216431,73005,73015,10
12.9854202271,80.2233200073,73015,73035,20
12.9854202271,80.2233200073,73035,73045,10
12.9856500626,80.2230606079,73045,73055,10
12.9864797592,80.2230224609,73055,73075,20
12.9864797592,80.2230224609,73075,73085,10
12.9866695404,80.2230300903,73085,73106,21
12.9866695404,80.2230300903,73106,73116,10
12.986989975,80.2230606079,73116,73146,30
12.986989975,80.2230606079,73146,73156,10
12.9873304367,80.2230911255,73156,73166,10
12.9874200821,80.2230911255,73166,73176,10
12.9876203537,80.2230834961,73176,73186,10
12.9879598618,80.22290802,73186,73196,10
12.9883403778,80.2226104736,73196,73206,10
12.9887695313,80.2221832275,73206,73217,11
12.989279747,80.2215118408,73217,73227,10
12.989780426,80.2209091187,73227,73237,10
12.9903402328,80.2204437256,73237,73247,10
12.9904203415,80.2203674316,73247,73257,10
12.9906702042,80.2202072144,73257,73267,10
12.991060257,80.2199020386,73267,73277,10
12.9914798737,80.219581604,73277,73287,10
12.9919395447,80.2192230225,73287,73297,10
12.9925699234,80.2187728882,73297,73307,10
12.9932098389,80.2182769775,73307,73317,10
12.9938497543,80.2178421021,73317,73327,10
12.9943704605,80.2174606323,73327,73338,11
12.9945297241,80.2173614502,73338,73348,10
12.9946498871,80.2172775269,73348,73358,10
12.994890213,80.2171020508,73358,73368,10
12.9952402115,80.2168884277,73368,73378,10
12.9957504272,80.2166824341,73378,73388,10
12.9963998795,80.2165527344,73388,73398,10
12.9969100952,80.216506958,73398,73408,10
12.9969501495,80.2164993286,73408,73418,10
12.997209549,80.2164077759,73418,73428,10
12.9973897934,80.2162017822,73428,73438,10
12.9974403381,80.2161636353,73438,73448,10
12.9975404739,80.2161026001,73448,73459,11
12.9977798462,80.2158737183,73459,73469,10
12.9980401993,80.2156219482,73469,73479,10
12.9984502792,80.2152175903,73479,73489,10
12.9989900589,80.2147674561,73489,73499,10
12.9991998672,80.2146072388,73499,73509,10
12.9995803833,80.2142868042,73509,73519,10
12.9999399185,80.2139968872,73519,73529,10
13.0003595352,80.2136383057,73529,73539,10
13.0008001328,80.2132492065,73539,73549,10
13.0011796951,80.2129364014,73549,73559,10
13.0016002655,80.2126464844,73559,73570,11
13.001999855,80.2123794556,73570,73580,10
13.0024499893,80.2121887207,73580,73590,10
13.0029001236,80.2121124268,73590,73600,10
13.0033102036,80.2120819092,73600,73610,10
13.0035896301,80.2118835449,73610,73640,30
13.0035896301,80.2118835449,73640,73650,10
13.0036201477,80.2116928101,73650,73660,10
13.0036296844,80.2113494873,73660,73670,10
13.0035800934,80.2108535767,73670,73680,10
13.0035200119,80.2103500366,73680,73691,11
13.0034599304,80.2097930908,73691,73701,10
13.0035200119,80.2092514038,73701,73711,10
13.003780365,80.2086791992,73711,73721,10
13.004529953,80.2089309692,73721,73731,10
13.0054197311,80.2093200684,73731,73741,10
13.0061197281,80.2095718384,73741,73751,10
13.0066604614,80.2097473145,73751,73761,10
13.0071201324,80.2098388672,73761,73771,10
13.0073900223,80.2098693848,73771,73791,20
13.0073900223,80.2098693848,73791,73800,9
13.007610321,80.2099380493,73800,73812,12
13.0080499649,80.2100219727,73812,73822,10
13.0080604553,80.2096862793,73822,73832,10
13.0079603195,80.2091064453,73832,73842,10
13.0078401566,80.2082901001,73842,73852,10
13.0076999664,80.2073898315,73852,73862,10
13.0075702667,80.2065200806,73862,73872,10
13.0074701309,80.2056808472,73872,73882,10
13.0074796677,80.2049636841,73882,73892,10
13.0074796677,80.2042770386,73892,73902,10
13.0073699951,80.2034988403,73902,73912,10
13.007109642,80.2026672363,73912,73922,10
13.0065002441,80.2028427124,73922,73933,11
13.0068397522,80.2034301758,73933,73943,10
13.0074996948,80.2036895752,73943,73953,10
13.0083198547,80.203742981,73953,73963,10
13.0092802048,80.203666687,73963,73973,10
13.0104799271,80.2036590576,73973,73983,10
13.0114402771,80.2037582397,73983,73993,10
13.0124797821,80.2039413452,73993,74002,9
13.0133199692,80.2041625977,74002,74013,11
13.0135602951,80.2042236328,74013,74023,10
13.0136499405,80.2042694092,74023,74033,10
13.0141401291,80.2044372559,74033,74044,11
13.0147695541,80.2046432495,74044,74054,10
13.014840126,80.2046585083,74054,74064,10
13.0149297714,80.2046813965,74064,74074,10
13.0152797699,80.2047576904,74074,74084,10
13.0158195496,80.2049713135,74084,74094,10
13.0163698196,80.2051315308,74094,74104,10
13.0167798996,80.2051696777,74104,74114,10
13.0168304443,80.2051773071,74114,74124,10
13.0169801712,80.2053070068,74124,74134,10
13.0173797607,80.2055206299,74134,74144,10
13.0175800323,80.2055969238,74144,74154,10
13.0179004669,80.2057037354,74154,74165,11
13.0187196732,80.2059783936,74165,74185,20
13.0187196732,80.2059783936,74185,74195,10
13.0187702179,80.2060089111,74195,74205,10
13.0191202164,80.2061386108,74205,74215,10
13.0196895599,80.2062911987,74215,74225,10
13.0204000473,80.2063293457,74225,74235,10
13.0212497711,80.2063293457,74235,74245,10
13.0217504501,80.2063293457,74245,74255,10
13.0222997665,80.2063674927,74255,74265,10
13.0230197906,80.206489563,74265,74275,10
13.0237503052,80.2065963745,74275,74286,11
13.0242795944,80.2066879272,74286,74296,10
13.0242996216,80.2066879272,74296,74306,10
13.0245504379,80.2067565918,74306,74316,10
13.0250902176,80.2069091797,74316,74326,10
13.0258903503,80.2072372437,74326,74336,10
13.0266304016,80.2076873779,74336,74346,10
13.0274000168,80.208152771,74346,74356,10
13.0282497406,80.2085418701,74356,74366,10
13.0291500092,80.2087783813,74366,74376,10
13.0301399231,80.2090072632,74376,74396,20
13.0301399231,80.2090072632,74396,74407,11
13.0302000046,80.2089996338,74407,74417,10
13.0305595398,80.2090988159,74417,74427,10
13.0311698914,80.2092666626,74427,74437,10
13.0316801071,80.2094192505,74437,74447,10
13.0317001343,80.2094192505,74447,74457,10
13.0318698883,80.2094802856,74457,74467,10
13.0322999954,80.2095794678,74467,74477,10
13.0329704285,80.2097167969,74477,74487,10
13.0337600708,80.2098999023,74487,74497,10
13.0345697403,80.2100830078,74497,74507,10
13.035030365,80.2103805542,74507,74518,11
13.0349903107,80.2109603882,74518,74528,10
13.0350103378,80.2112579346,74528,74548,20
13.0350103378,80.2112579346,74548,74558,10
13.0349597931,80.2115402222,74558,74568,10
13.0349197388,80.2117462158,74568,74578,10
13.034910202,80.2119369507,74578,74588,10
13.0349798203,80.2121810913,74588,74598,10
13.0353803635,80.2122497559,74598,74608,10
13.0359601974,80.2122802734,74608,74618,10
13.0363397598,80.212310791,74618,74628,10
13.0365896225,80.2122879028,74628,74639,11
13.0371398926,80.2123031616,74639,74649,10
13.0378398895,80.2123184204,74649,74659,10
13.038649559,80.2123031616,74659,74669,10
13.0395402908,80.2122802734,74669,74679,10
13.0406103134,80.2122879028,74679,74689,10
13.0414600372,80.2123031616,74689,74699,10
13.0418195724,80.2122802734,74699,74749,50
13.0418996811,80.212272644,74749,74840,91
13.0418996811,80.212272644,74840,74850,10
13.0421304703,80.2122497559,74850,74860,10
13.0425300598,80.2122573853,74860,74870,10
13.0429897308,80.2122497559,74870,74881,11
13.0433397293,80.2122497559,74881,74891,10
13.0437002182,80.2122268677,74891,75002,111
13.0437002182,80.2122268677,75002,75012,10
13.0438404083,80.2121582031,75012,75143,131
13.0437002182,80.2122421265,75143,75193,50
13.0437002182,80.2122421265,75193,75203,10
13.0438203812,80.212272644,75203,75213,10
13.0440998077,80.2122573853,75213,75223,10
13.0445299149,80.212272644,75223,75234,11
13.045129776,80.212272644,75234,75244,10
13.0458297729,80.2122497559,75244,75254,10
13.0466003418,80.2122421265,75254,75263,9
13.0472898483,80.2121887207,75263,75274,11
13.04845047,80.212059021,75274,75314,40
13.04845047,80.212059021,75314,75324,10
13.0486297607,80.2120285034,75324,75334,10
13.0493097305,80.2119827271,75334,75375,41
13.0493097305,80.2119827271,75375,75385,10
13.0495700836,80.2119674683,75385,75395,10
13.0499095917,80.2119598389,75395,75405,10
13.0501403809,80.2119903564,75405,75415,10
13.050160408,80.2119903564,75415,75425,10
13.0505800247,80.2119598389,75425,75435,10
13.0509996414,80.2119674683,75435,75445,10
13.0519504547,80.2119522095,75445,75455,10
13.05286026,80.2117767334,75455,75464,9
13.0536804199,80.2115936279,75464,75476,12
13.0548400879,80.2114334106,75476,75486,10
13.0559301376,80.2114334106,75486,75496,10
13.057510376,80.21144104,75496,75516,20
13.057510376,80.21144104,75516,75526,10
13.0576696396,80.21144104,75526,75536,10
13.058139801,80.2114715576,75536,75546,10
13.0588302612,80.2115020752,75546,75556,10
13.0596399307,80.2115402222,75556,75566,10
13.0605096817,80.2115936279,75566,75576,10
13.0613298416,80.2116165161,75576,75587,11
13.0621299744,80.2116394043,75587,75597,10
13.0630502701,80.2115783691,75597,75617,20
13.0630502701,80.2115783691,75617,75627,10
13.0632801056,80.2115631104,75627,75637,10
13.0637197495,80.2115325928,75637,75647,10
13.0642204285,80.21144104,75647,75657,10
13.0648803711,80.2111663818,75657,75667,10
13.0655202866,80.2107391357,75667,75677,10
13.0660200119,80.2103271484,75677,75687,10
13.0665798187,80.2098388672,75687,75697,10
13.0670404434,80.209197998,75697,75708,11
13.0673398972,80.2086791992,75708,75718,10
13.0673398972,80.208656311,75718,75728,10
13.067440033,80.2084884644,75728,75738,10
13.0676603317,80.2081604004,75738,75748,10
13.067990303,80.2076263428,75748,75758,10
13.0684499741,80.206993103,75758,75768,10
13.0687904358,80.2064590454,75768,75778,10
13.0690898895,80.2060089111,75778,75859,81
13.0690898895,80.2060089111,75859,75869,10
13.0691995621,80.2058181763,75869,75879,10
13.0693597794,80.2055664063,75879,75889,10
13.0695800781,80.2051925659,75889,75899,10
13.0696601868,80.2049865723,75899,75909,10
13.0693702698,80.2048568726,75909,75919,10
13.0690603256,80.2052078247,75919,75929,10
13.0687398911,80.2051773071,75929,76000,71
13.0687398911,80.2051773071,76000,76010,10
13.0687599182,80.2049179077,76010,76020,10
13.068860054,80.2047805786,76020,76030,10
13.0691699982,80.2047576904,76030,76040,10
13.0695199966,80.2048187256,76040,76050,10
13.0697698593,80.2048721313,76050,76060,10
13.0698099136,80.2048721313,76060,76071,11
13.0699596405,80.2047729492,76071,76081,10
13.070110321,80.2045822144,76081,76091,10
13.0703697205,80.2042236328,76091,76101,10
13.0707597733,80.2037277222,76101,76111,10
13.0710096359,80.2033996582,76111,76121,10
13.0711202621,80.2032928467,76121,76131,10
13.0712499619,80.2031402588,76131,76141,10
13.0714302063,80.202911377,76141,76151,10
13.0716400146,80.2026596069,76151,76161,10
13.0718402863,80.2024230957,76161,76171,10
13.0720100403,80.2022171021,76171,76182,11
13.07213974,80.2020568848,76182,76192,10
13.0723304749,80.2018814087,76192,76202,10
13.0725002289,80.2016525269,76202,76212,10
13.0726604462,80.201461792,76212,76222,10
13.0727796555,80.2013397217,76222,76232,10
13.0729799271,80.2011184692,76232,76242,10
13.0731897354,80.2008972168,76242,76252,10
13.0734701157,80.2005615234,76252,76262,10
13.0738201141,80.2001419067,76262,76272,10
13.0742197037,80.1996765137,76272,76282,10
13.0746202469,80.1992874146,76282,76303,21
13.0746202469,80.1992874146,76303,76313,10
13.0747804642,80.1992263794,76313,76323,10
13.0751695633,80.1991195679,76323,76333,10
13.0757198334,80.1990737915,76333,76343,10
13.0764303207,80.1990585327,76343,76353,10
13.077050209,80.1989974976,76353,76363,10
13.0774402618,80.19896698,76363,76373,10
13.0780000687,80.1988983154,76373,76383,10
13.078789711,80.1987991333,76383,76393,10
13.0796098709,80.1987380981,76393,76403,10
13.0802402496,80.198677063,76403,76413,10
13.0809402466,80.1986236572,76413,76424,11
13.0817699432,80.1986083984,76424,76434,10
13.08273983,80.1985168457,76434,76454,20
13.08273983,80.1985168457,76454,76464,10
13.0828399658,80.1985321045,76464,76474,10
13.0832195282,80.1985092163,76474,76494,20
13.0832195282,80.1985092163,76494,76504,10
13.0834903717,80.1985015869,76504,76514,10
13.0836496353,80.1985015869,76514,76524,10
13.0838804245,80.1985015869,76524,76535,11
13.0840396881,80.1984863281,76535,76545,10
13.0843200684,80.1985015869,76545,76555,10
13.0846395493,80.1985015869,76555,76565,10
13.0847196579,80.1985015869,76565,76575,10
13.0849304199,80.1984786987,76575,76585,10
13.0851402283,80.1984786987,76585,76595,10
13.0851602554,80.1984786987,76595,76605,10
13.0853300095,80.1984710693,76605,76615,10
13.0855197906,80.1984634399,76615,76625,10
13.0857200623,80.1984634399,76625,76635,10
13.0862102509,80.1984481812,76635,76645,10
13.0867996216,80.1984405518,76645,76656,11
13.0870304108,80.1983413696,76656,76666,10
13.0870504379,80.1981582642,76666,76676,10
13.0870800018,80.1980514526,76676,76686,10
13.0871200562,80.1979980469,76686,76696,10
13.0871601105,80.1977310181,76696,76706,10
13.0871801376,80.1972427368,76706,76716,10
13.0871896744,80.1966629028,76716,76726,10
13.0872001648,80.195892334,76726,76736,10
13.0872297287,80.1953277588,76736,76746,10
13.0872602463,80.1945877075,76746,76756,10
13.0872602463,80.1937103271,76756,76766,10
13.0872602463,80.1929016113,76766,76777,11
13.0873203278,80.1924972534,76777,76787,10
13.087389946,80.1919326782,76787,76797,10
13.0874795914,80.1911468506,76797,76807,10
13.0875902176,80.1902694702,76807,76817,10
13.0876903534,80.1894607544,76817,76827,10
13.087679863,80.1889572144,76827,76837,10
13.0876903534,80.1889266968,76837,76847,10
13.0877199173,80.1887283325,76847,76857,10
13.0877304077,80.1882476807,76857,76867,10
13.0877599716,80.1876220703,76867,76877,10
13.0878095627,80.1867904663,76877,76887,10
13.087849617,80.1858978271,76887,76898,11
13.0878896713,80.1849212646,76898,76908,10
13.0879201889,80.1840362549,76908,76918,10
13.0879402161,80.183052063,76918,76928,10
13.0879297256,80.1823577881,76928,76938,10
13.0879602432,80.1820602417,76938,76948,10
13.0880098343,80.1814804077,76948,76958,10
13.0880098343,80.1807098389,76958,76968,10
13.0880203247,80.1796188354,76968,76988,20
13.0880203247,80.1796188354,76988,76997,9
13.0880804062,80.1795196533,76997,77009,12
13.0880804062,80.1791000366,77009,77019,10
13.0880804062,80.1787796021,77019,77029,10
13.0881004333,80.1787033081,77029,77039,10
13.0881204605,80.1783828735,77039,77049,10
13.0881099701,80.1778564453,77049,77059,10
13.0881204605,80.1772232056,77059,77069,10
13.0881795883,80.1764831543,77069,77079,10
13.0882501602,80.1755981445,77079,77089,10
13.0883197784,80.1746368408,77089,77099,10
13.0883998871,80.1736907959,77099,77109,10
13.0884399414,80.1728973389,77109,77119,10
13.0884895325,80.172203064,77119,77130,11
13.0885095596,80.1718826294,77130,77140,10
13.08852005,80.1717529297,77140,77150,10
13.0885601044,80.1713790894,77150,77160,10
13.0885801315,80.1707992554,77160,77170,10
13.0886201859,80.1697769165,77170,77210,40
13.0886201859,80.1697769165,77210,77220,10
13.0886497498,80.169670105,77220,77230,10
13.0888700485,80.1694793701,77230,77240,10
13.0893697739,80.1695404053,77240,77251,11
13.0901699066,80.169593811,77251,77261,10
13.0909900665,80.1696472168,77261,77271,10
13.091919899,80.1697006226,77271,77281,10
13.0929002762,80.1697692871,77281,77291,10
13.0937204361,80.1698379517,77291,77301,10
13.0944404602,80.1698608398,77301,77311,10
13.0947799683,80.169883728,77311,77321,10
13.0949296951,80.169921875,77321,77331,10
13.0951595306,80.1699523926,77331,77341,10
13.0956602097,80.1699676514,77341,77350,9
13.0962495804,80.1699905396,77350,77361,11
13.0970401764,80.1700286865,77361,77372,11
13.0978403091,80.1700668335,77372,77382,10
13.0986003876,80.1701202393,77382,77392,10
13.0993204117,80.1701507568,77392,77422,30
13.0993204117,80.1701507568,77422,77432,10
13.0994796753,80.1701507568,77432,77765,333
13.0994796753,80.1701507568,77765,77775,10
13.0997495651,80.1699371338,77775,77785,10
13.099729538,80.1697235107,77785,77825,40
13.099729538,80.1697235107,77825,77835,10
13.0992803574,80.1696472168,77835,77846,11
13.0991296768,80.1695098877,77846,77856,10
13.0989303589,80.1692810059,77856,77866,10
13.0987997055,80.1695327759,77866,77876,10
13.0990495682,80.1696014404,77876,77896,20
13.0990495682,80.1696014404,77896,77906,10
13.0991401672,80.1696090698,77906,77916,10
13.0991601944,80.1696090698,77916,77926,10
13.0993900299,80.1696472168,77926,78007,81
13.0997495651,80.1697235107,78007,78098,91
13.0997495651,80.1697235107,78098,78108,10
13.0997800827,80.1700973511,78108,78229,121
13.0997800827,80.1700973511,78229,78239,10
13.0995998383,80.1703109741,78239,78249,10
13.0993700027,80.1702804565,78249,78259,10
13.0991201401,80.1702423096,78259,78269,10
13.098739624,80.1702423096,78269,78582,313
13.098739624,80.1702423096,78582,78592,10
13.0985002518,80.1701431274,78592,79237,645
13.0985002518,80.1701431274,79237,79247,10
13.0984601974,80.170211792,79247,79257,10
13.0982904434,80.1701812744,79257,79267,10
13.0979299545,80.1701507568,79267,79278,11
13.0973701477,80.1700973511,79278,79288,10
13.0967597961,80.1700592041,79288,79298,10
13.0961198807,80.1700210571,79298,79308,10
13.0954504013,80.1699676514,79308,79318,10
13.0949001312,80.169960022,79318,79328,10
13.0947704315,80.1699371338,79328,79338,10
13.0945396423,80.169921875,79338,79348,10
13.0942296982,80.1698989868,79348,79358,10
13.0937004089,80.1698684692,79358,79368,10
13.0930299759,80.1698226929,79368,79378,10
13.0924100876,80.1697921753,79378,79388,10
13.0918102264,80.1697463989,79388,79399,11
13.0911798477,80.169708252,79399,79409,10
13.0904998779,80.169670105,79409,79419,10
13.0897598267,80.1696395874,79419,79429,10
13.0890302658,80.1696014404,79429,79439,10
13.0887002945,80.1697006226,79439,79449,10
13.0886602402,80.169921875,79449,79459,10
13.0886297226,80.170463562,79459,79469,10
13.0885896683,80.1711502075,79469,79479,10
13.0885801315,80.1718292236,79479,79489,10
13.0885801315,80.1719589233,79489,79499,10
13.0885400772,80.1722793579,79499,79510,11
13.0885095596,80.1729812622,79510,79520,10
13.0884799957,80.173789978,79520,79530,10
13.0884199142,80.1746368408,79530,79540,10
13.088350296,80.1755599976,79540,79550,10
13.0882902145,80.1764602661,79550,79560,10
13.088259697,80.1772079468,79560,79570,10
13.0882501602,80.1779327393,79570,79580,10
13.0882501602,80.1785583496,79580,79590,10
13.0882301331,80.1787185669,79590,79600,10
13.0882196426,80.1791610718,79600,79610,10
13.0882196426,80.1799316406,79610,79620,10
13.0881996155,80.1808776855,79620,79631,11
13.0881700516,80.1819992065,79631,79641,10
13.0881204605,80.1830825806,79641,79651,10
13.0880699158,80.1842193604,79651,79661,10
13.0880498886,80.1852416992,79661,79670,9
13.0880098343,80.1855163574,79670,79681,11
13.08796978,80.1860427856,79681,79691,10
13.0879297256,80.1867599487,79691,79701,10
13.0879096985,80.1876220703,79701,79711,10
13.0879297256,80.1879425049,79711,79721,10
13.0878896713,80.1882019043,79721,79731,10
13.087849617,80.1887969971,79731,79741,10
13.0878095627,80.189666748,79741,79762,21
13.0878095627,80.189666748,79762,79772,10
13.0877799988,80.1897583008,79772,79782,10
13.0877199173,80.1901626587,79782,79792,10
13.0876197815,80.190826416,79792,79802,10
13.0875101089,80.1917190552,79802,79812,10
13.0874204636,80.1924514771,79812,79822,10
13.0874004364,80.1925811768,79822,79832,10
13.0873603821,80.1927490234,79832,79842,10
13.0873498917,80.1931915283,79842,79852,10
13.0873298645,80.193901062,79852,79862,10
13.0873098373,80.1947402954,79862,79873,11
13.0872802734,80.1955566406,79873,79882,9
13.0872602463,80.1963195801,79882,79893,11
13.0872402191,80.1973495483,79893,79903,10
13.0872402191,80.1978378296,79903,79913,10
13.0872602463,80.1981735229,79913,79923,10
13.0874004364,80.1984405518,79923,79933,10
13.0877799988,80.1984405518,79933,79943,10
13.0884304047,80.1984329224,79943,79953,10
13.0892095566,80.1984405518,79953,79963,10
13.0900201797,80.1984786987,79963,79973,10
13.090760231,80.1985397339,79973,79983,10
13.0916404724,80.1986083984,79983,79994,11
13.0926799774,80.198638916,79994,80004,10
13.0929803848,80.1987915039,80004,80014,10
13.0929498672,80.1993331909,80014,80024,10
13.0929098129,80.2001724243,80024,80034,10
13.0928201675,80.2005996704,80034,80044,10
13.0923700333,80.2005767822,80044,80054,10
13.0916204453,80.2005615234,80054,80064,10
13.0907802582,80.2005310059,80064,80074,10
13.0899095535,80.2005004883,80074,80084,10
13.0888996124,80.2004699707,80084,80094,10
13.0878400803,80.2004394531,80094,80105,11
13.0869998932,80.2004089355,80105,80115,10
13.0862598419,80.200378418,80115,80125,10
13.0854997635,80.2003631592,80125,80135,10
13.085269928,80.2001495361,80135,80145,10
13.0852804184,80.1996383667,80145,80155,10
13.0852804184,80.19896698,80155,80165,10
13.0850496292,80.198638916,80165,80175,10
13.0845403671,80.198638916,80175,80185,10
13.084280014,80.1986465454,80185,80195,10
13.0841598511,80.198638916,80195,80205,10
13.0837202072,80.1986312866,80205,80214,9
13.0831604004,80.1986312866,80214,80226,12
13.0826997757,80.1986083984,80226,80236,10
13.0821304321,80.1986236572,80236,80246,10
13.0813503265,80.1986236572,80246,80256,10
13.0805902481,80.1986618042,80256,80266,10
13.07970047,80.1987380981,80266,80276,10
13.0788002014,80.1988372803,80276,80286,10
13.0778198242,80.1989517212,80286,80296,10
13.0768404007,80.1990585327,80296,80306,10
13.0758399963,80.1991882324,80306,80316,10
13.0748596191,80.199432373,80316,80326,10
13.0741100311,80.1999511719,80326,80336,10
13.0737800598,80.2003173828,80336,80347,11
13.0735397339,80.2006072998,80347,80357,10
13.0734500885,80.2006988525,80357,80367,10
13.0731296539,80.2011032104,80367,80377,10
13.0726900101,80.2016525269,80377,80387,10
13.0723400116,80.2020874023,80387,80397,10
13.0719604492,80.2024536133,80397,80407,10
13.0717000961,80.2027206421,80407,80417,10
13.0712795258,80.2032012939,80417,80427,10
13.0707197189,80.2038497925,80427,80437,10
13.0702896118,80.2043609619,80437,80478,41
13.0700502396,80.2046813965,80478,80508,30
13.0700502396,80.2046813965,80508,80518,10
13.0699996948,80.2047424316,80518,80528,10
13.0699901581,80.2047729492,80528,80538,10
13.0699100494,80.2049636841,80538,80548,10
13.0698699951,80.2050094604,80548,80558,10
13.0696496964,80.2049484253,80558,80568,10
13.0692901611,80.2048568726,80568,80579,11
13.0689697266,80.2052764893,80579,80589,10
13.0683603287,80.2054519653,80589,80599,10
13.0680503845,80.205406189,80599,80639,40
13.0680503845,80.205406189,80639,80649,10
13.0680799484,80.2051086426,80649,80659,10
13.06828022,80.2049636841,80659,80669,10
13.0686502457,80.2048110962,80669,80679,10
13.0690498352,80.2046890259,80679,80689,10
13.0694198608,80.2047424316,80689,80700,11
13.0696201324,80.2047805786,80700,80710,10
13.0698003769,80.2049484253,80710,80720,10
13.0697402954,80.205291748,80720,80730,10
13.0693902969,80.2058181763,80730,80740,10
13.0689296722,80.2065429688,80740,80750,10
13.0684404373,80.2073516846,80750,80760,10
13.0678701401,80.2082595825,80760,80770,10
13.0673999786,80.2090072632,80770,80780,10
13.0668497086,80.2097930908,80780,80790,10
13.0660104752,80.2105331421,80790,80800,10
13.0652303696,80.211151123,80800,80809,9
13.0649595261,80.2113418579,80809,80821,12
13.0647201538,80.2114562988,80821,80831,10
13.064160347,80.2116394043,80831,80841,10
13.0635595322,80.2117233276,80841,80851,10
13.0628404617,80.2117462158,80851,80861,10
13.0620203018,80.211769104,80861,80871,10
13.0610198975,80.2117080688,80871,80881,10
13.0599603653,80.2116394043,80881,80891,10
13.0588598251,80.2116088867,80891,80901,10
13.0578403473,80.2116165161,80901,80911,10
13.057510376,80.2116165161,80911,80921,10
13.0573196411,80.2116317749,80921,80932,11
13.0567598343,80.2116088867,80932,80942,10
13.0559797287,80.2115936279,80942,80952,10
13.0550403595,80.2115783691,80952,80962,10
13.0541200638,80.2116470337,80962,80971,9
13.0532798767,80.2118377686,80971,80982,11
13.0524101257,80.2120819092,80982,80992,10
13.0516901016,80.2121963501,80992,81002,10
13.0509595871,80.2121810913,81002,81012,10
13.0498504639,80.2121429443,81012,81032,20
13.0498504639,80.2121429443,81032,81042,10
13.0494403839,80.2121582031,81042,81063,21
13.0494403839,80.2121582031,81063,81073,10
13.0491504669,80.2121582031,81073,81083,10
13.0486001968,80.2121887207,81083,81093,10
13.0478601456,80.2122497559,81093,81103,10
13.0469903946,80.212310791,81103,81113,10
13.0460195541,80.2123336792,81113,81123,10
13.0449399948,80.2123794556,81123,81133,10
13.0440998077,80.212387085,81133,81143,10
13.0432300568,80.212387085,81143,81153,10
13.0423297882,80.2123794556,81153,81163,10
13.0415201187,80.2124023438,81163,81174,11
13.0405797958,80.2124404907,81174,81184,10
13.0396203995,80.2124328613,81184,81194,10
13.0387496948,80.2124481201,81194,81204,10
13.0384702682,80.2124481201,81204,81214,10
13.0378103256,80.2124404907,81214,81285,71
13.0378103256,80.2124404907,81285,81295,10
13.0375099182,80.2123794556,81295,81305,10
13.0370597839,80.2123413086,81305,81315,10
13.0365600586,80.2123336792,81315,81325,10
13.035900116,80.2123413086,81325,81335,10
13.0351400375,80.2122879028,81335,81345,10
13.0347003937,80.2122268677,81345,81355,10
13.0343904495,80.2121734619,81355,81375,20
13.0343904495,80.2121734619,81375,81385,10
13.0342102051,80.2121200562,81385,81395,10
13.0338497162,80.2120513916,81395,81406,11
13.0332698822,80.2119522095,81406,81416,10
13.0326900482,80.2118530273,81416,81426,10
13.0321502686,80.2117385864,81426,81436,10
13.0319795609,80.2115402222,81436,81446,10
13.0320301056,80.2111206055,81446,81456,10
13.0320501328,80.2106170654,81456,81466,10
13.032119751,80.2100372314,81466,81476,10
13.0320301056,80.2097015381,81476,81486,10
13.0316896439,80.209602356,81486,81496,10
13.0311803818,80.2094802856,81496,81506,10
13.0305995941,80.2093276978,81506,81515,9
13.0302696228,80.2092132568,81515,81527,12
13.0296201706,80.2090072632,81527,81547,20
13.0296201706,80.2090072632,81547,81557,10
13.0293502808,80.2089614868,81557,81567,10
13.0288896561,80.2088165283,81567,81577,10
13.0282802582,80.2086486816,81577,81587,10
13.0276498795,80.2083969116,81587,81597,10
13.0270395279,80.2080383301,81597,81607,10
13.02643013,80.2076568604,81607,81617,10
13.0257797241,80.20728302,81617,81627,10
13.0250301361,80.207069397,81627,81637,10
13.0243797302,80.2069473267,81637,81648,11
13.0242204666,80.2069168091,81648,81658,10
13.0237903595,80.206817627,81658,81668,10
13.023229599,80.2066879272,81668,81678,10
13.0225400925,80.2065811157,81678,81688,10
13.0218400955,80.2064971924,81688,81698,10
13.0211496353,80.206489563,81698,81708,10
13.0204200745,80.206489563,81708,81718,10
13.0192699432,80.2064208984,81718,81747,29
13.0192699432,80.2064208984,81747,81759,12
13.0188703537,80.2062835693,81759,81769,10
13.0183696747,80.2061233521,81769,81779,10
13.0178499222,80.2059173584,81779,81789,10
13.0177602768,80.2058868408,81789,81799,10
13.017539978,80.2058105469,81799,81809,10
13.0171403885,80.2056732178,81809,81819,10
13.0167102814,80.2054824829,81819,81829,10
13.0160503387,80.205291748,81829,81839,10
13.0154104233,80.2051010132,81839,81849,10
13.0147695541,80.2048492432,81849,81859,10
13.014380455,80.2046966553,81859,81869,10
13.0143699646,80.2046966553,81869,81880,11
13.0139598846,80.2045211792,81880,81890,10
13.0134296417,80.2043533325,81890,81900,10
13.0128002167,80.2041931152,81900,81910,10
13.012140274,80.2040481567,81910,81920,10
13.0114097595,80.203918457,81920,81930,10
13.0107097626,80.2038574219,81930,81940,10
13.0102596283,80.2038421631,81940,81950,10
13.0098400116,80.2038574219,81950,81960,10
13.0094299316,80.2038879395,81960,81970,10
13.0088796616,80.2040023804,81970,81980,10
13.0082798004,80.2043914795,81980,81990,10
13.0078802109,80.205291748,81990,82001,11
13.0077695847,80.2062301636,82001,82011,10
13.0078802109,80.2070922852,82011,82021,10
13.0080003738,80.2081069946,82021,82031,10
13.0081501007,80.2090606689,82031,82041,10
13.0084104538,80.2099685669,82041,82051,10
13.009180069,80.2107925415,82051,82091,40
13.009180069,80.2107925415,82091,82101,10
13.009349823,80.2108917236,82101,82111,10
13.009759903,80.2112121582,82111,82122,11
13.009759903,80.2112121582,82122,82132,10
13.0099401474,80.2113418579,82132,82142,10
13.010140419,80.2114486694,82142,82152,10
13.0102901459,80.2116012573,82152,82162,10
13.0105304718,80.211769104,82162,82172,10
13.0108699799,80.2120437622,82172,82182,10
13.0111999512,80.2123184204,82182,82192,10
13.0114803314,80.2125473022,82192,82202,10
13.0119199753,80.212677002,82202,82233,31
13.0119199753,80.212677002,82233,82243,10
13.012169838,80.2124023438,82243,82253,10
13.0122995377,80.2121963501,82253,82263,10
13.0124597549,80.2119522095,82263,82273,10
13.0126695633,80.2115936279,82273,82283,10
13.0128898621,80.2112121582,82283,82293,10
13.0130395889,80.2107772827,82293,82303,10
13.0130996704,80.2104187012,82303,82313,10
13.0131101608,80.2101974487,82313,82323,10
13.0131196976,80.2099609375,82323,82333,10
13.0130500793,80.2096481323,82333,82343,10
13.0129699707,80.2092437744,82343,82354,11
13.0128803253,80.2087402344,82354,82364,10
13.012840271,80.208366394,82364,82374,10
13.0128498077,80.2080230713,82374,82384,10
13.0129003525,80.207611084,82384,82394,10
13.0129699707,80.2072601318,82394,82404,10
13.013010025,80.2068405151,82404,82414,10
13.0130596161,80.2063598633,82414,82424,10
13.0131597519,80.205871582,82424,82434,10
13.0132799149,80.2054367065,82434,82444,10
13.0134096146,80.2050323486,82444,82454,10
13.0135202408,80.2046279907,82454,82463,9
13.0135402679,80.2044906616,82463,82475,12
13.0133695602,80.2043380737,82475,82485,10
13.0131196976,80.2042388916,82485,82495,10
13.0126895905,80.2040863037,82495,82505,10
13.0121603012,80.203956604,82505,82515,10
13.0109195709,80.2037811279,82515,82525,10
13.0109195709,80.2037811279,82525,82535,10
13.0103597641,80.2037582397,82535,82544,9
13.0098896027,80.2037506104,82544,82565,21
13.0089797974,80.2037963867,82565,82575,10
13.0087003708,80.2038192749,82575,82586,11
13.0083999634,80.2038421631,82586,82596,10
13.0081996918,80.2038574219,82596,82606,10
13.0079097748,80.2038803101,82606,82616,10
13.0075502396,80.2038497925,82616,82626,10
13.0071496964,80.203742981,82626,82636,10
13.0066900253,80.2035217285,82636,82646,10
13.0061798096,80.2031021118,82646,82656,10
13.00578022,80.2024765015,82656,82666,10
13.0053596497,80.2017974854,82666,82676,10
13.0047798157,80.2013626099,82676,82686,10
13.0046195984,80.2012786865,82686,82696,10
13.0044803619,80.2012329102,82696,82707,11
13.0041799545,80.2011489868,82707,82717,10
13.0038099289,80.2010574341,82717,82727,10
13.003370285,80.2009429932,82727,82737,10
13.0028896332,80.2007980347,82737,82747,10
13.0024204254,80.200630188,82747,82757,10
13.0020103455,80.2003097534,82757,82767,10
13.0017499924,80.1999282837,82767,82777,10
13.0016298294,80.1994628906,82777,82787,10
13.0016803741,80.1989212036,82787,82797,10
13.0017700195,80.1984024048,82797,82807,10
13.0018596649,80.1978988647,82807,82817,10
13.0019197464,80.1974868774,82817,82828,11
13.0018100739,80.1968765259,82828,82838,10
13.0015001297,80.1963119507,82838,82848,10
13.0010404587,80.1957168579,82848,82858,10
13.0005102158,80.1951217651,82858,82868,10
13.0000200272,80.1944885254,82868,82878,10
12.9995498657,80.1939086914,82878,82888,10
12.9991598129,80.1933898926,82888,82898,10
12.9987897873,80.1928787231,82898,82908,10
12.9984102249,80.1923980713,82908,82918,10
12.9980802536,80.192489624,82918,82927,9
12.9976301193,80.1928863525,82927,84481,1554
12.9976301193,80.1928863525,84481,84492,11
12.9975204468,80.1928710938,84492,84502,10
12.9973402023,80.1930236816,84502,84512,10
12.9969797134,80.1932907104,84512,84754,242
12.9969797134,80.1932907104,84754,84764,10
12.9967403412,80.1931915283,84764,84774,10
12.9966697693,80.1929702759,84774,84814,40
12.9966697693,80.1929702759,84814,84824,10
12.9966001511,80.1925582886,84824,84865,41
12.9965295792,80.1921768188,84865,86357,1492
