12.986989975,80.2586135864,13,488,475
12.9867801666,80.2586364746,488,579,91
12.9867801666,80.2586364746,579,589,10
12.9868803024,80.2585601807,589,609,20
12.986749649,80.2586212158,609,832,223
12.9869298935,80.2586288452,832,1287,455
12.9869298935,80.2586288452,1287,1297,10
12.9868097305,80.2586669922,1297,1845,548
12.9868402481,80.2586135864,1845,2988,1143
12.9866600037,80.2584609985,2988,3524,536
12.9869203568,80.2585525513,3524,3595,71
12.9866399765,80.2584915161,3595,3929,334
12.9869403839,80.2586364746,3929,4465,536
12.9867200851,80.2586593628,4465,4546,81
12.9867200851,80.2586593628,4546,4556,10
12.986700058,80.2587432861,4556,4566,10
12.986700058,80.2590179443,4566,4576,10
12.9867095947,80.2590484619,4576,4586,10
12.9867801666,80.2591400146,4586,4596,10
12.9872398376,80.2591705322,4596,4627,31
12.9872398376,80.2591705322,4627,4637,10
12.9873600006,80.2590026855,4637,13792,9155
12.9872303009,80.2590179443,13792,14105,313
12.9874200821,80.2589874268,14105,19669,5564
12.9875001907,80.2588806152,19669,19922,253
12.9874296188,80.2588577271,19922,20033,111
12.9874296188,80.2588577271,20033,20043,10
12.9874696732,80.258682251,20043,20054,11
12.9874601364,80.2584762573,20054,20064,10
12.9874601364,80.2582702637,20064,20074,10
12.9874095917,80.2579421997,20074,20276,202
12.9874897003,80.2577590942,20276,20317,41
12.9874897003,80.2577590942,20317,20327,10
12.9875402451,80.2577209473,20327,20337,10
12.987569809,80.2575378418,20337,20357,20
12.9875602722,80.2573318481,20357,20519,162
12.9875602722,80.2573318481,20519,20529,10
12.9875297546,80.2571563721,20529,20539,10
12.987569809,80.2567214966,20539,20549,10
12.9876203537,80.2560119629,20549,20559,10
12.987739563,80.2554397583,20559,20569,10
12.9877996445,80.2546234131,20569,20580,11
12.9878997803,80.2534484863,20580,20590,10
12.9879798889,80.2522964478,20590,20600,10
12.9878396988,80.2514801025,20600,20681,81
12.9878396988,80.2514801025,20681,20691,10
12.9880199432,80.2511825562,20691,20701,10
12.9887599945,80.2510223389,20701,20711,10
12.9897003174,80.250793457,20711,20721,10
12.9905395508,80.2505874634,20721,20731,10
12.9918298721,80.2502975464,20731,20741,10
12.9930801392,80.2500228882,20741,20751,10
12.9944601059,80.2496566772,20751,20762,11
12.9958400726,80.2493209839,20762,20772,10
12.9972496033,80.2489776611,20772,20782,10
12.9985799789,80.2486495972,20782,20792,10
12.999879837,80.2483215332,20792,20802,10
13.0011997223,80.2479782104,20802,20812,10
13.0023603439,80.2477035522,20812,20822,10
13.0034999847,80.2474975586,20822,20832,10
13.0047903061,80.2473220825,20832,20843,11
13.0061197281,80.2469787598,20843,20853,10
13.0066604614,80.2459335327,20853,20863,10
13.0066795349,80.2446365356,20863,20873,10
13.0066404343,80.2434997559,20873,20883,10
13.0066099167,80.242401123,20883,20893,10
13.0066404343,80.2411117554,20893,20903,10
13.0068702698,80.2399368286,20903,20913,10
13.007060051,80.2387084961,20913,20923,10
13.007349968,80.2373962402,20923,20934,11
13.0076198578,80.2362365723,20934,20944,10
13.0078201294,80.2351379395,20944,20954,10
13.0080699921,80.2339172363,20954,20964,10
13.0083303452,80.2325286865,20964,20974,10
13.0085802078,80.2312088013,20974,20984,10
13.0088396072,80.2298278809,20984,20994,10
13.009059906,80.2286987305,20994,21004,10
13.0096302032,80.2271499634,21004,21014,10
13.0102300644,80.2259216309,21014,21025,11
13.0108995438,80.2245788574,21025,21035,10
13.0114297867,80.2233505249,21035,21045,10
13.0119104385,80.2221832275,21045,21055,10
13.0123195648,80.2214431763,21055,21065,10
13.0124101639,80.2214813232,21065,21075,10
13.0125904083,80.2218475342,21075,21085,10
13.0130195618,80.2223892212,21085,21095,10
13.0136604309,80.2230377197,21095,21105,10
13.013999939,80.2232818604,21105,21136,31
13.013999939,80.2232818604,21136,21146,10
13.0142002106,80.2235412598,21146,21156,10
13.0144901276,80.2238388062,21156,21166,10
13.0149803162,80.2245101929,21166,21176,10
13.015709877,80.2252120972,21176,21186,10
13.0165901184,80.2252807617,21186,21197,11
13.0177497864,80.2248382568,21197,21207,10
13.0188703537,80.2244033813,21207,21217,10
13.0197601318,80.2245407104,21217,21227,10
13.0205001831,80.2250671387,21227,21237,10
13.0211601257,80.2256011963,21237,21247,10
13.0218200684,80.2260894775,21247,21257,10
13.0225896835,80.2267532349,21257,21267,10
13.0234603882,80.2275314331,21267,21277,10
13.0240497589,80.2280883789,21277,21288,11
13.0244398117,80.2284698486,21288,21298,10
13.0243501663,80.2285995483,21298,21308,10
13.0241098404,80.2284622192,21308,21318,10
13.0237398148,80.2279815674,21318,21328,10
13.0233898163,80.2276306152,21328,21338,10
13.023349762,80.2275772095,21338,21348,10
13.0230703354,80.2273101807,21348,21358,10
13.0228595734,80.2271118164,21358,21368,10
13.0226202011,80.2268371582,21368,21379,11
13.022359848,80.226600647,21379,21389,10
13.0218801498,80.2261581421,21389,21399,10
13.0212097168,80.2256317139,21399,21409,10
13.0202999115,80.2249984741,21409,21419,10
13.0193004608,80.2244567871,21419,21429,10
13.0180702209,80.2247619629,21429,21439,10
13.0169200897,80.225227356,21439,21449,10
13.0167598724,80.2252883911,21449,21459,10
13.0165596008,80.2253570557,21459,21470,11
13.0161399841,80.2254180908,21470,21480,10
13.0157203674,80.2257003784,21480,21490,10
13.0144996643,80.2262191772,21490,21510,20
13.0144996643,80.2262191772,21510,21520,10
13.0142602921,80.2263031006,21520,21530,10
13.0137500763,80.2264862061,21530,21540,10
13.0130701065,80.2267608643,21540,21551,11
13.0120897293,80.227142334,21551,21561,10
13.0110797882,80.2275314331,21561,21571,10
13.0100698471,80.2279434204,21571,21581,10
13.0092201233,80.2284011841,21581,21591,10
13.0090198517,80.2293319702,21591,21601,10
13.0087900162,80.2304763794,21601,21611,10
13.0085697174,80.2315979004,21611,21621,10
13.0083703995,80.2326507568,21621,21631,10
13.0082702637,80.2333374023,21631,21642,11
13.0082397461,80.2334671021,21642,21652,10
13.0081501007,80.233757019,21652,21662,10
13.0080404282,80.2343063354,21662,21672,10
13.0078601837,80.2350616455,21672,21682,10
13.0076799393,80.236000061,21682,21692,10
13.0074901581,80.2370376587,21692,21702,10
13.0072402954,80.2381591797,21702,21712,10
13.0070199966,80.2392425537,21712,21722,10
13.0068101883,80.2402801514,21722,21733,11
13.0066404343,80.2416000366,21733,21743,10
13.006649971,80.2428588867,21743,21753,10
13.0067396164,80.244102478,21753,21763,10
13.0067300797,80.2453308105,21763,21773,10
13.0067796707,80.2463912964,21773,21783,10
13.0065002441,80.2474517822,21783,21793,10
13.0062904358,80.2474212646,21793,21803,10
13.005900383,80.2473907471,21803,21813,10
13.0051603317,80.2473831177,21813,21824,11
13.0040798187,80.247467041,21824,21834,10
13.0029001236,80.2476501465,21834,21844,10
13.0016202927,80.2479476929,21844,21854,10
13.0002202988,80.248298645,21854,21864,10
12.9988203049,80.2486572266,21864,21874,10
12.9974098206,80.2489929199,21874,21884,10
12.9960403442,80.2493515015,21884,21894,10
12.994600296,80.2497177124,21894,21905,11
12.993060112,80.2500991821,21905,21915,10
12.9917802811,80.2504272461,21915,21925,10
12.9910202026,80.2506637573,21925,21935,10
12.9909000397,80.2506713867,21935,21945,10
12.9904603958,80.2507705688,21945,21955,10
12.9897003174,80.2509384155,21955,21965,10
12.9887599945,80.2511901855,21965,21975,10
12.9878902435,80.251411438,21975,21985,10
12.9869804382,80.251663208,21985,21996,11
12.9858198166,80.2519378662,21996,22006,10
12.9846000671,80.2522583008,22006,22016,10
12.9833498001,80.252571106,22016,22026,10
12.9821796417,80.2526702881,22026,22036,10
12.9809904099,80.2527008057,22036,22046,10
12.9800796509,80.2527389526,22046,22056,10
12.9793596268,80.2526779175,22056,22066,10
12.9787797928,80.2526092529,22066,22076,10
12.9787101746,80.2525787354,22076,22087,11
12.9782400131,80.2523269653,22087,22097,10
12.9776201248,80.2517929077,22097,22107,10
12.9767198563,80.2512817383,22107,22117,10
12.9755296707,80.2509231567,22117,22127,10
12.9742002487,80.250541687,22127,22137,10
12.9728097916,80.2501602173,22137,22147,10
12.971619606,80.2498397827,22147,22157,10
12.970459938,80.2494888306,22157,22167,10
12.96916008,80.2489776611,22167,22178,11
12.9679002762,80.2484817505,22178,22188,10
12.9666795731,80.2479400635,22188,22198,10
12.9654798508,80.2474594116,22198,22208,10
12.9649400711,80.2473068237,22208,22218,10
12.9647197723,80.2472229004,22218,22228,10
12.9641504288,80.2470092773,22228,22238,10
12.9633798599,80.2466888428,22238,22248,10
12.9624300003,80.2461929321,22248,22259,11
12.9611701965,80.245552063,22259,22269,10
12.9598903656,80.2449798584,22269,22279,10
12.9587602615,80.2444763184,22279,22289,10
12.9577598572,80.2440567017,22289,22299,10
12.956870079,80.2437896729,22299,22309,10
12.9564399719,80.2436676025,22309,22319,10
12.9563999176,80.2436599731,22319,22329,10
12.9561100006,80.2435302734,22329,22339,10
12.9555101395,80.2432327271,22339,22350,11
12.9545698166,80.2427902222,22350,22360,10
12.9535799026,80.2423782349,22360,22370,10
12.9526195526,80.2419891357,22370,22380,10
12.9519796371,80.2417602539,22380,22390,10
12.9518098831,80.2416763306,22390,22400,10
12.951210022,80.2414627075,22400,22410,10
12.9503202438,80.2411575317,22410,22420,10
12.9491701126,80.2408065796,22420,22430,10
12.9479799271,80.2403411865,22430,22441,11
12.9471702576,80.240020752,22441,22451,10
12.947019577,80.2399673462,22451,22461,10
12.9464998245,80.2397537231,22461,22471,10
12.9457502365,80.2394180298,22471,22481,10
12.9449501038,80.2388381958,22481,22491,10
12.9441404343,80.237953186,22491,22501,10
12.9432001114,80.2369689941,22501,22511,10
12.941860199,80.2363204956,22511,22521,10
12.9404697418,80.2359771729,22521,22532,11
12.939740181,80.235748291,22532,22542,10
12.9395503998,80.2356491089,22542,22552,10
12.9390001297,80.2353591919,22552,22562,10
12.9382095337,80.2349700928,22562,22572,10
12.9374504089,80.234588623,22572,22582,10
12.9363203049,80.2340393066,22582,22592,10
12.9349603653,80.2333984375,22592,22602,10
12.9340696335,80.2330169678,22602,22613,11
12.9338502884,80.2329177856,22613,22623,10
12.9333200455,80.2326812744,22623,22633,10
12.932510376,80.2323608398,22633,22643,10
12.9314498901,80.2320022583,22643,22653,10
12.9301900864,80.2316207886,22653,22663,10
12.9289503098,80.231338501,22663,22673,10
12.9277000427,80.2311325073,22673,22683,10
12.9263896942,80.2309799194,22683,22693,10
12.9251203537,80.2308273315,22693,22704,11
12.9236803055,80.2306518555,22704,22714,10
12.9222698212,80.2304382324,22714,22724,10
12.9208602905,80.2302398682,22724,22734,10
12.9194097519,80.2300567627,22734,22744,10
12.9180498123,80.2298736572,22744,22754,10
12.9167203903,80.2297210693,22754,22764,10
12.9153404236,80.2295227051,22764,22774,10
12.9139499664,80.2293014526,22774,22784,10
12.9127397537,80.2291412354,22784,22795,11
12.9112997055,80.2289428711,22795,22805,10
12.9098501205,80.2287216187,22805,22815,10
12.9084100723,80.2284927368,22815,22825,10
12.9070501328,80.2283172607,22825,22835,10
12.906080246,80.2282791138,22835,22867,32
12.9045000076,80.2281417847,22867,22878,11
12.9030303955,80.2280578613,22878,22888,10
12.9017801285,80.2279891968,22888,22898,10
12.9010095596,80.2279510498,22898,22918,20
12.9010095596,80.2279510498,22918,22928,10
12.9009504318,80.2279205322,22928,22938,10
12.9006204605,80.227897644,22938,22948,10
12.9001598358,80.2278671265,22948,22958,10
12.8994998932,80.2278823853,22958,22969,11
12.8993396759,80.2278594971,22969,22979,10
12.8990497589,80.2278289795,22979,22989,10
12.8984899521,80.2278289795,22989,22999,10
12.8977098465,80.2277603149,22999,23009,10
12.8967399597,80.227722168,23009,23019,10
12.8957901001,80.2276763916,23019,23029,10
12.8948402405,80.2276382446,23029,23039,10
12.8937196732,80.2275390625,23039,23049,10
12.8924703598,80.2273712158,23049,23060,11
12.8909702301,80.2273330688,23060,23070,10
12.8895397186,80.2273330688,23070,23080,10
12.8881597519,80.2273178101,23080,23090,10
12.8867998123,80.2271270752,23090,23100,10
12.8854598999,80.2267990112,23100,23110,10
12.8841896057,80.2266998291,23110,23120,10
12.8828697205,80.2266921997,23120,23130,10
12.8815002441,80.2266998291,23130,23140,10
12.8802204132,80.2267227173,23140,23151,11
12.8786497116,80.2267608643,23151,23161,10
12.8772602081,80.2268829346,23161,23171,10
12.8766098022,80.2269515991,23171,23181,10
12.8760595322,80.2269515991,23181,23191,10
12.8752603531,80.2268981934,23191,23201,10
12.8742399216,80.2267684937,23201,23211,10
12.8731498718,80.2266921997,23211,23221,10
12.8726301193,80.2267074585,23221,23232,11
12.8724002838,80.2266998291,23232,23242,10
12.8718099594,80.2266769409,23242,23252,10
12.8710002899,80.2266387939,23252,23262,10
12.8699998856,80.2265625,23262,23272,10
12.8688201904,80.2264175415,23272,23282,10
12.867480278,80.2264480591,23282,23292,10
12.8660202026,80.2265625,23292,23302,10
12.8645601273,80.2265396118,23302,23312,10
12.8630895615,80.2265090942,23312,23323,11
12.8615999222,80.2266082764,23323,23333,10
12.8608398438,80.226600647,23333,23343,10
12.8608398438,80.226600647,23343,23353,10
12.8603601456,80.2265396118,23353,23363,10
12.85958004,80.2264175415,23363,23373,10
12.858590126,80.2262802124,23373,23383,10
12.8574104309,80.226272583,23383,23393,10
12.8562602997,80.2263565063,23393,23404,11
12.8549995422,80.2264785767,23404,23415,11
12.8534402847,80.2266464233,23415,23425,10
12.8517999649,80.2266235352,23425,23435,10
12.8506298065,80.2265777588,23435,23445,10
12.8488998413,80.2265625,23445,23455,10
12.8474903107,80.2265777588,23455,23465,10
12.8462495804,80.2266082764,23465,23475,10
12.8455200195,80.2266082764,23475,23485,10
12.8452501297,80.2266235352,23485,23495,10
12.8450498581,80.2265930176,23495,23506,11
12.8443403244,80.2266616821,23506,23516,10
12.8435001373,80.2267532349,23516,23526,10
12.8424501419,80.2269363403,23526,23536,10
12.8411903381,80.2272567749,23536,23546,10
12.8401098251,80.2275924683,23546,23627,81
12.8401098251,80.2275924683,23627,23637,10
12.8397197723,80.2277374268,23637,23647,10
12.8394498825,80.2278213501,23647,23657,10
12.8388595581,80.2279586792,23657,23667,10
12.8380403519,80.2281417847,23667,23678,11
12.8368597031,80.2283477783,23678,23688,10
12.8355798721,80.2285308838,23688,23698,10
12.8341703415,80.2287597656,23698,23708,10
12.8328695297,80.2289962769,23708,23718,10
12.8323001862,80.2291412354,23718,23728,10
12.8321399689,80.2291717529,23728,23738,10
12.8316297531,80.2292785645,23738,23748,10
12.8309001923,80.2294998169,23748,23758,10
12.8299303055,80.229850769,23758,23769,11
12.8287200928,80.2303695679,23769,23779,10
12.8275403976,80.2310409546,23779,23789,10
12.8262300491,80.231338501,23789,23799,10
12.8248195648,80.231338501,23799,23809,10
12.8234500885,80.231010437,23809,23819,10
12.8220996857,80.2305908203,23819,23829,10
12.8207302094,80.230430603,23829,23839,10
12.8194198608,80.2304763794,23839,23850,11
12.8187799454,80.2304382324,23850,23860,10
12.8184404373,80.2302703857,23860,23870,10
12.8177700043,80.2299423218,23870,23880,10
12.8168401718,80.2295684814,23880,23890,10
12.8156604767,80.2293624878,23890,23900,10
12.8142700195,80.2291412354,23900,23910,10
12.8128795624,80.228729248,23910,23920,10
12.8115100861,80.2282333374,23920,23930,10
12.8101501465,80.2276916504,23930,23941,11
12.8087902069,80.2268981934,23941,23951,10
12.8076896667,80.2259674072,23951,23961,10
12.8068704605,80.2252731323,23961,23971,10
12.8061304092,80.224609375,23971,23981,10
12.8053598404,80.224067688,23981,23991,10
12.8046197891,80.2239227295,23991,24001,10
12.8036699295,80.2238388062,24001,24011,10
12.8025798798,80.2237319946,24011,24021,10
12.8013496399,80.2235794067,24021,24032,11
12.7998600006,80.2234420776,24032,24042,10
12.7985200882,80.2233200073,24042,24052,10
12.7970895767,80.2231216431,24052,24062,10
12.79570961,80.222869873,24062,24072,10
12.7945604324,80.2226715088,24072,24082,10
12.7933197021,80.2224884033,24082,24092,10
12.7919397354,80.2222213745,24092,24102,10
12.7905397415,80.2218933105,24102,24112,10
12.7894296646,80.221572876,24112,24123,11
12.7884101868,80.2211914063,24123,24133,10
12.7875003815,80.2208328247,24133,24143,10
12.7867603302,80.2205505371,24143,24153,10
12.7863397598,80.2203903198,24153,24163,10
12.7862195969,80.2203674316,24163,24183,20
12.7862195969,80.2203674316,24183,24193,10
12.7862195969,80.2207870483,24193,24204,11
12.7862596512,80.2218780518,24204,24851,647
12.7862596512,80.2218780518,24851,24861,10
12.786239624,80.2215270996,24861,24871,10
12.7862596512,80.221321106,24871,24881,10
12.7862300873,80.220916748,24881,24891,10
12.7861795425,80.2205581665,24891,24902,11
12.7863998413,80.2204818726,24902,24912,10
12.786450386,80.2204971313,24912,24922,10
12.7865400314,80.2205200195,24922,24932,10
12.7868099213,80.2206420898,24932,24942,10
12.7872104645,80.2207794189,24942,24952,10
12.787730217,80.2209625244,24952,24962,10
12.7883996964,80.221206665,24962,24972,10
12.7891902924,80.221496582,24972,24982,10
12.7899198532,80.2217483521,24982,24993,11
12.7908201218,80.2219772339,24993,25003,10
12.7918195724,80.2222290039,25003,25013,10
12.7929697037,80.2224731445,25013,25023,10
12.7941598892,80.2226486206,25023,25033,10
12.7953395844,80.2228164673,25033,25043,10
12.796330452,80.2229537964,25043,25053,10
12.7965297699,80.2229995728,25053,25063,10
12.7967700958,80.2230300903,25063,25073,10
12.7973203659,80.2231369019,25073,25084,11
12.7981300354,80.2232589722,25084,25094,10
12.7989501953,80.2233505249,25094,25104,10
12.7998800278,80.2234420776,25104,25114,10
12.8008499146,80.2235336304,25114,25124,10
12.8015203476,80.2236022949,25124,25134,10
12.8016700745,80.2236404419,25134,25144,10
12.8021297455,80.2236862183,25144,25154,10
12.8028402328,80.223777771,25154,25164,10
12.8036603928,80.2238693237,25164,25175,11
12.8046798706,80.2239532471,25175,25185,10
12.8053703308,80.2240982056,25185,25195,10
12.8056201935,80.2241973877,25195,25205,10
12.8057498932,80.2242584229,25205,25215,10
12.8060903549,80.224571228,25215,25225,10
12.8066396713,80.2250595093,25225,25235,10
12.8073501587,80.2256774902,25235,25245,10
12.8081998825,80.2263717651,25245,25256,11
12.8091697693,80.2271728516,25256,25266,10
12.8102502823,80.2277374268,25266,25276,10
12.8114500046,80.2282409668,25276,25286,10
12.8126897812,80.2286834717,25286,25296,10
12.8139801025,80.2291030884,25296,25306,10
12.8153095245,80.2293395996,25306,25316,10
12.8166799545,80.2295379639,25316,25326,10
12.8179597855,80.2300186157,25326,25336,10
12.8191604614,80.2304916382,25336,25347,11
12.8204898834,80.23046875,25347,25357,10
12.8218002319,80.2305374146,25357,25367,10
12.8231096268,80.2309112549,25367,25377,10
12.8243999481,80.2312469482,25377,25387,10
12.8257102966,80.2313690186,25387,25397,10
12.8269195557,80.2312469482,25397,25407,10
12.8277997971,80.2309188843,25407,25417,10
12.8291597366,80.230178833,25417,25427,10
12.8303899765,80.2296905518,25427,25438,11
12.8311901093,80.2293701172,25438,25448,10
12.8312797546,80.2293930054,25448,25458,10
12.8316497803,80.2292633057,25458,25468,10
12.8322496414,80.2291030884,25468,25478,10
12.8330497742,80.2289505005,25478,25488,10
12.8340797424,80.2287521362,25488,25498,10
12.8352804184,80.2285614014,25498,25508,10
12.8366003036,80.2283706665,25508,25518,10
12.8379201889,80.2281570435,25518,25529,11
12.839099884,80.2278594971,25529,25539,10
12.8396196365,80.2277374268,25539,25549,10
12.8401203156,80.2275924683,25549,25559,10
12.8408498764,80.2273788452,25559,25569,10
12.8417396545,80.227142334,25569,25579,10
12.84278965,80.2269287109,25579,25589,10
12.8439998627,80.2267227173,25589,25599,10
12.845199585,80.2266082764,25599,25610,11
12.8464097977,80.2265701294,25610,25620,10
12.8476600647,80.2265625,25620,25630,10
12.8489999771,80.2265625,25630,25640,10
12.8504104614,80.2265625,25640,25650,10
12.8518104553,80.2266235352,25650,25660,10
12.8532304764,80.2266693115,25660,25670,10
12.8546600342,80.2265396118,25670,25680,10
12.8561201096,80.2263793945,25680,25690,10
12.8575801849,80.2262268066,25690,25701,11
12.8587999344,80.2262191772,25701,25711,10
12.8598604202,80.2263793945,25711,25721,10
12.8608398438,80.2265014648,25721,25731,10
12.8609695435,80.2265167236,25731,25741,10
12.8613195419,80.2265396118,25741,25751,10
12.862039566,80.2265319824,25751,25761,10
12.862950325,80.2264785767,25761,25771,10
12.8640403748,80.2265014648,25771,25781,10
12.8653497696,80.2265625,25781,25792,11
12.8665895462,80.2265014648,25792,25802,10
12.8672599792,80.2264633179,25802,25812,10
12.8681402206,80.2263793945,25812,25822,10
12.8692502975,80.2264480591,25822,25832,10
12.8705396652,80.2265930176,25832,25842,10
12.8719396591,80.2266464233,25842,25852,10
12.8733100891,80.2266693115,25852,25862,10
12.8747196198,80.2267990112,25862,25872,10
12.8760795593,80.2269210815,25872,25883,11
12.8768396378,80.226890564,25883,25893,10
12.8769102097,80.226890564,25893,25903,10
12.8774003983,80.2268600464,25903,25913,10
12.8782300949,80.2267913818,25913,25923,10
12.8792800903,80.2267379761,25923,25933,10
12.8805198669,80.2267227173,25933,25943,10
12.8819198608,80.2266998291,25943,25953,10
12.8833799362,80.2266998291,25953,25964,11
12.8847703934,80.2266616821,25964,25974,10
12.8851003647,80.2266769409,25974,25984,10
12.885140419,80.2266921997,25984,25994,10
12.8855495453,80.2267684937,25994,26004,10
12.8862600327,80.2269592285,26004,26014,10
12.887169838,80.2271728516,26014,26024,10
12.8882598877,80.2273178101,26024,26034,10
12.8895397186,80.2273330688,26034,26044,10
12.8908100128,80.2273178101,26044,26055,11
12.8925104141,80.2273483276,26055,26065,10
12.893910408,80.2275390625,26065,26075,10
12.8953504562,80.2276306152,26075,26085,10
12.896780014,80.2276916504,26085,26095,10
12.8982000351,80.2277679443,26095,26105,10
12.8994197845,80.2278289795,26105,26115,10
12.9008398056,80.227897644,26115,26135,20
12.9008398056,80.227897644,26135,26146,11
12.9010000229,80.2279205322,26146,26156,10
12.9014596939,80.2279663086,26156,26166,10
12.9022102356,80.2279968262,26166,26176,10
12.9028997421,80.228012085,26176,26186,10
12.9031295776,80.2279815674,26186,26196,10
12.903719902,80.2280502319,26196,26206,10
12.9045495987,80.2281188965,26206,26216,10
12.9055900574,80.2281799316,26216,26226,10
12.9063901901,80.2282333374,26226,26237,11
12.9066095352,80.2282409668,26237,26267,30
12.9066095352,80.2282409668,26267,26277,10
12.9070100784,80.2282867432,26277,26287,10
12.907699585,80.2283935547,26287,26297,10
12.9086198807,80.2285308838,26297,26307,10
12.9097795486,80.2287216187,26307,26318,11
12.911239624,80.2289505005,26318,26328,10
12.9125900269,80.229133606,26328,26338,10
12.9137601852,80.2292480469,26338,26348,10
12.9141702652,80.2293014526,26348,26358,10
12.9145698547,80.229347229,26358,26368,10
12.9152402878,80.2294464111,26368,26378,10
12.9161396027,80.2295684814,26378,26388,10
12.9170799255,80.2296829224,26388,26398,10
12.917840004,80.2298202515,26398,26409,11
12.9189100266,80.2299804688,26409,26419,10
12.9201202393,80.230140686,26419,26429,10
12.9214801788,80.2303085327,26429,26439,10
12.9229202271,80.2305374146,26439,26449,10
12.9244098663,80.2307434082,26449,26459,10
12.9258203506,80.2309112549,26459,26469,10
12.9271497726,80.2310562134,26469,26479,10
12.9284601212,80.2312011719,26479,26489,10
12.9295701981,80.2314224243,26489,26500,11
12.9308595657,80.2317504883,26500,26510,10
12.9321498871,80.2321624756,26510,26520,10
12.9334402084,80.2326812744,26520,26530,10
12.934510231,80.2331771851,26530,26540,10
12.9357204437,80.2337036133,26540,26550,10
12.9370002747,80.2343215942,26550,26560,10
12.9383001328,80.2349624634,26560,26570,10
12.939450264,80.2355270386,26570,26581,11
12.9396896362,80.2356491089,26581,26591,10
12.9400100708,80.2358169556,26591,26601,10
12.9406995773,80.2360076904,26601,26611,10
12.9415397644,80.2362136841,26611,26621,10
12.9425601959,80.2365036011,26621,26631,10
12.9435300827,80.2371673584,26631,26641,10
12.9442501068,80.2379608154,26641,26651,10
12.9452896118,80.2390594482,26651,26661,10
12.9464998245,80.239692688,26661,26672,11
12.9472999573,80.2399978638,26672,26682,10
12.9474496841,80.2400588989,26682,26692,10
12.9478998184,80.2402496338,26692,26702,10
12.948679924,80.2405319214,26702,26732,30
12.948679924,80.2405319214,26732,26742,10
12.9490604401,80.2406997681,26742,26752,10
12.9495801926,80.2409210205,26752,26763,11
12.9504203796,80.2411880493,26763,26773,10
12.9513301849,80.2414932251,26773,26783,10
12.952249527,80.2418136597,26783,26793,10
12.9532403946,80.2421798706,26793,26803,10
12.9539403915,80.2424621582,26803,26813,10
12.9545001984,80.2426834106,26813,26823,10
12.9554195404,80.243019104,26823,26833,10
12.9562597275,80.2432632446,26833,26843,10
12.9566402435,80.2434692383,26843,26854,11
12.9574298859,80.2438278198,26854,26864,10
12.9583301544,80.2442092896,26864,26874,10
12.9589395523,80.244468689,26874,26884,10
12.9591398239,80.2445831299,26884,26894,10
12.9596395493,80.2448196411,26894,26904,10
12.9603595734,80.2451400757,26904,26914,10
12.9612503052,80.2455673218,26914,26924,10
12.9623203278,80.2461013794,26924,26934,10
12.9630403519,80.2464599609,26934,26945,11
12.9633598328,80.2466201782,26945,26955,10
12.9637899399,80.2468032837,26955,26965,10
12.9643201828,80.2470016479,26965,26975,10
12.9650802612,80.2472610474,26975,26985,10
12.9659996033,80.2476272583,26985,26995,10
12.9664802551,80.2478637695,26995,27007,12
12.9666595459,80.2479629517,27007,27017,10
12.9670295715,80.2481918335,27017,27028,11
12.9679899216,80.2485580444,27028,27038,10
12.9689998627,80.2489471436,27038,27048,10
12.9700498581,80.2493362427,27048,27057,9
12.9713497162,80.2497634888,27057,27068,11
12.9728403091,80.2501525879,27068,27078,10
12.9741802216,80.25050354,27078,27088,10
12.9755001068,80.2508773804,27088,27098,10
12.9767303467,80.2512283325,27098,27108,10
12.9778299332,80.2518310547,27108,27119,11
12.9785995483,80.2523574829,27119,27129,10
12.9786996841,80.2524185181,27129,27139,10
12.9791202545,80.252571106,27139,27149,10
12.979640007,80.2526168823,27149,27159,10
12.9796495438,80.2526168823,27159,27169,10
12.9797401428,80.2526168823,27169,27179,10
12.9801101685,80.2526626587,27179,27189,10
12.9807100296,80.2526397705,27189,27199,10
12.981590271,80.2526168823,27199,27210,11
12.9826002121,80.2526092529,27210,27220,10
12.9837398529,80.252456665,27220,27230,10
12.9849395752,80.2521514893,27230,27240,10
12.9860401154,80.2518386841,27240,27250,10
12.9870004654,80.2516098022,27250,27260,10
12.9876203537,80.2513809204,27260,27361,101
12.9876203537,80.2513809204,27361,27371,10
12.9877901077,80.2513122559,27371,27382,11
12.9882698059,80.2512130737,27382,27392,10
12.9890203476,80.2510223389,27392,27402,10
12.9894599915,80.2508926392,27402,27412,10
12.9896402359,80.2508621216,27412,27422,10
12.9901800156,80.2507400513,27422,27432,10
12.9909601212,80.2505493164,27432,27442,10
12.9918899536,80.2503204346,27442,27452,10
12.9930095673,80.2500534058,27452,27462,10
12.9942398071,80.2497406006,27462,27473,11
12.9955196381,80.249420166,27473,27483,10
12.9965000153,80.2491226196,27483,27493,10
12.9967699051,80.2490386963,27493,27503,10
12.9968900681,80.2490310669,27503,27513,10
12.9973802567,80.2489395142,27513,27523,10
12.9981098175,80.2487716675,27523,27533,10
12.9990196228,80.248550415,27533,27543,10
13.0001096725,80.2482681274,27543,27553,10
13.0015096664,80.2479171753,27553,27564,11
13.0027103424,80.2476425171,27564,27574,10
13.0039997101,80.2474365234,27574,27584,10
13.0051803589,80.2472686768,27584,27594,10
13.0061798096,80.246963501,27594,27604,10
13.0065803528,80.2463912964,27604,27614,10
13.0065803528,80.2463684082,27614,27623,9
13.0066204071,80.2460784912,27623,27634,11
13.006649971,80.2453918457,27634,27645,11
13.0066604614,80.2446289063,27645,27655,10
13.0066099167,80.2436065674,27655,27665,10
13.0065498352,80.2425994873,27665,27675,10
13.0065803528,80.2414398193,27675,27685,10
13.0066900253,80.2404098511,27685,27695,10
13.0069198608,80.2395477295,27695,27705,10
13.0070800781,80.2384490967,27705,27715,10
13.0073404312,80.2373428345,27715,27725,10
13.0073795319,80.237159729,27725,27736,11
13.0074100494,80.2368164063,27736,27746,10
13.0075597763,80.2362976074,27746,27756,10
13.0077199936,80.2355575562,27756,27766,10
13.0078802109,80.2346801758,27766,27776,10
13.008099556,80.2336273193,27776,27786,10
13.0083398819,80.2323913574,27786,27796,10
13.008600235,80.2311477661,27796,27806,10
13.0088396072,80.2298736572,27806,27816,10
13.0090799332,80.2286911011,27816,27827,11
13.0095996857,80.2272262573,27827,27837,10
13.0101900101,80.2260665894,27837,27847,10
13.0106201172,80.2251815796,27847,27857,10
13.0109500885,80.2242965698,27857,27867,10
13.0112800598,80.2235488892,27867,27877,10
13.0114402771,80.2231369019,27877,27887,10
13.0116996765,80.2224884033,27887,27897,10
13.0120401382,80.2216033936,27897,27907,10
13.0123901367,80.2215118408,27907,27918,11
13.0127096176,80.2219314575,27918,27928,10
13.0129804611,80.2222824097,27928,27938,10
13.0133895874,80.2227172852,27938,27948,10
13.0139198303,80.2233276367,27948,27958,10
13.0144300461,80.223991394,27958,27968,10
13.0151796341,80.224822998,27968,27978,10
13.0156202316,80.2251586914,27978,27988,10
13.015709877,80.2252426147,27988,27999,11
13.016119957,80.225402832,27999,28009,10
13.0169000626,80.225227356,28009,28019,10
13.0178699493,80.224822998,28019,28029,10
13.0189199448,80.2244110107,28029,28039,10
13.0195302963,80.2244033813,28039,28049,10
13.0195503235,80.2244110107,28049,28059,10
13.0196399689,80.2244567871,28059,28069,10
13.019900322,80.2246322632,28069,28079,10
13.0203695297,80.2249832153,28079,28090,11
13.0210599899,80.225479126,28090,28100,10
13.0215997696,80.2258911133,28100,28110,10
13.0222301483,80.2263565063,28110,28120,10
13.0228099823,80.2268829346,28120,28130,10
13.0234203339,80.2274093628,28130,28140,10
13.0239200592,80.2278289795,28140,28393,253
13.0240602493,80.2278594971,28393,28464,71
13.0240602493,80.2278594971,28464,28474,10
13.0240097046,80.2278823853,28474,29263,789
13.0240097046,80.2278823853,29263,29273,10
13.0240602493,80.2280578613,29273,29283,10
13.0242795944,80.2283096313,29283,29293,10
13.0244503021,80.2285614014,29293,29364,71
13.0244503021,80.2285614014,29364,29374,10
13.0243196487,80.2286300659,29374,29384,10
13.0242595673,80.2286300659,29384,29394,10
13.0240001678,80.2283401489,29394,29405,11
13.0235996246,80.2278671265,29405,29415,10
13.0234298706,80.227722168,29415,29758,343
13.0234298706,80.227722168,29758,29769,11
13.0231704712,80.227432251,29769,29779,10
13.023059845,80.2273330688,29779,29789,10
13.0227899551,80.2270507813,29789,29799,10
13.0226097107,80.226852417,29799,29809,10
13.0224599838,80.2266464233,29809,29819,10
13.0220403671,80.2262802124,29819,29829,10
13.0214395523,80.2258377075,29829,29839,10
13.0207395554,80.2253189087,29839,29849,10
13.0200595856,80.2248916626,29849,29860,11
13.0198497772,80.2247390747,29860,29870,10
13.0195198059,80.2245788574,29870,29880,10
13.0188703537,80.2245101929,29880,29890,10
13.0180797577,80.2248077393,29890,29900,10
13.0171403885,80.2251815796,29900,29910,10
13.0164003372,80.2254867554,29910,29920,10
13.0156297684,80.2257385254,29920,29930,10
13.0148496628,80.22605896,29930,29941,11
13.0143404007,80.2262573242,29941,29951,10
13.0142698288,80.2262802124,29951,29961,10
13.0141401291,80.2263412476,29961,29971,10
13.013759613,80.2265167236,29971,29981,10
13.0131502151,80.2267303467,29981,29991,10
13.0123901367,80.2269821167,29991,30001,10
13.0116701126,80.2272796631,30001,30011,10
13.0108299255,80.2276229858,30011,30021,10
13.0098896027,80.228012085,30021,30032,11
13.0091295242,80.2286300659,30032,30042,10
13.0089797974,80.2295837402,30042,30052,10
13.0088300705,80.2305526733,30052,30062,10
13.0087499619,80.2313308716,30062,30072,10
13.0086202621,80.2319793701,30072,30082,10
13.0085000992,80.2325286865,30082,30102,20
13.0085000992,80.2325286865,30102,30112,10
13.0083799362,80.232963562,30112,30123,11
13.0082798004,80.2335205078,30123,30143,20
13.0082798004,80.2335205078,30143,30153,10
13.0081596375,80.2337722778,30153,30163,10
13.0080900192,80.23412323,30163,30173,10
13.0079698563,80.2346572876,30173,30183,10
13.0078601837,80.2352523804,30183,30193,10
13.0077199936,80.2359313965,30193,30203,10
13.0075597763,80.2368011475,30203,30214,11
13.0073204041,80.2379379272,30214,30224,10
13.007109642,80.2389602661,30224,30234,10
13.006939888,80.2397994995,30234,30244,10
13.006819725,80.2404174805,30244,30254,10
13.0066995621,80.2411499023,30254,30264,10
13.0066604614,80.2419815063,30264,30274,10
13.0066604614,80.2428207397,30274,30284,10
13.0066900253,80.2437286377,30284,30294,10
13.0067396164,80.2447280884,30294,30305,11
13.0067396164,80.2455825806,30305,30315,10
13.0067396164,80.2461395264,30315,30325,10
13.0067396164,80.2464294434,30325,30335,10
13.0067300797,80.2469863892,30335,30345,10
13.0062398911,80.2473678589,30345,30365,20
13.0062398911,80.2473678589,30365,30375,10
13.0060501099,80.2473678589,30375,30385,10
13.0055799484,80.2473602295,30385,30396,11
13.0047597885,80.2473831177,30396,30406,10
13.0038604736,80.2474822998,30406,30416,10
13.0028295517,80.2476272583,30416,30426,10
13.0019798279,80.2478103638,30426,30436,10
13.0010700226,80.2480392456,30436,30446,10
13.0001001358,80.248298645,30446,30456,10
12.9990301132,80.2485961914,30456,30466,10
12.9981899261,80.2488479614,30466,30477,11
12.9979801178,80.2489013672,30477,30487,10
12.997879982,80.2488937378,30487,30497,10
12.997469902,80.2489700317,30497,30507,10
12.9967699051,80.2490997314,30507,30517,10
12.9959897995,80.2492980957,30517,30527,10
12.9951095581,80.2495574951,30527,30537,10
12.9940795898,80.2498474121,30537,30546,9
12.9930095673,80.2501220703,30546,30557,11
12.9917001724,80.2504577637,30557,30568,11
12.9910402298,80.2506484985,30568,30578,10
12.9909496307,80.2506408691,30578,30588,10
12.9905500412,80.2507324219,30588,30598,10
12.9898395538,80.2509002686,30598,30679,81
12.9898395538,80.2509002686,30679,30689,10
12.9895000458,80.2509307861,30689,30699,10
12.9890699387,80.2510528564,30699,30709,10
12.9886798859,80.2511825562,30709,30719,10
12.9881496429,80.2512969971,30719,30729,10
12.9876804352,80.2514266968,30729,30739,10
12.987279892,80.2515563965,30739,30750,11
12.9869403839,80.2516479492,30750,30760,10
12.9865503311,80.2517623901,30760,30770,10
12.9860200882,80.2518997192,30770,30780,10
12.9852399826,80.2520904541,30780,30790,10
12.9842700958,80.2523498535,30790,30800,10
12.983130455,80.2526016235,30800,30810,10
12.9819297791,80.2526397705,30810,30820,10
12.9808397293,80.2526931763,30820,30830,10
12.9804801941,80.2527389526,30830,30841,11
12.9803600311,80.2527313232,30841,30851,10
12.9801101685,80.2527618408,30851,30871,20
12.9801101685,80.2527618408,30871,30881,10
12.9799499512,80.2527008057,30881,30891,10
12.9795198441,80.2526092529,30891,30901,10
12.9788799286,80.252571106,30901,30911,10
12.9786996841,80.2525634766,30911,30921,10
12.978679657,80.2525634766,30921,30932,11
12.9783401489,80.2523803711,30932,30942,10
12.9778203964,80.2519378662,30942,30952,10
12.9771099091,80.2514038086,30952,30962,10
12.9761199951,80.2510681152,30962,30972,10
12.9750099182,80.2507324219,30972,30982,10
12.9741001129,80.2504806519,30982,30992,10
12.9727201462,80.2501220703,30992,31002,10
12.9716501236,80.2498474121,31002,31013,11
12.9706497192,80.2495880127,31013,31023,10
12.9696798325,80.2492370605,31023,31033,10
12.9686002731,80.2488021851,31033,31043,10
12.967499733,80.2483596802,31043,31053,10
12.9666900635,80.2479095459,31053,31063,10
12.9659204483,80.2475891113,31063,31073,10
12.9652204514,80.2472915649,31073,31083,10
12.9651699066,80.2472763062,31083,31093,10
12.9650802612,80.2472381592,31093,31104,11
12.9647102356,80.2471389771,31104,31114,10
12.9641399384,80.2469863892,31114,31124,10
12.9638900757,80.2469100952,31124,31134,10
12.9635601044,80.2467498779,31134,31144,10
12.9629898071,80.246421814,31144,31154,10
12.9622402191,80.2460784912,31154,31164,10
12.9614095688,80.2456588745,31164,31174,10
12.9604902267,80.2452163696,31174,31184,10
12.9596300125,80.2448806763,31184,31195,11
12.9594898224,80.2447967529,31195,31205,10
12.9593400955,80.2447433472,31205,31215,10
12.9589004517,80.2445297241,31215,31225,10
12.9582996368,80.2442932129,31225,31235,10
12.9576196671,80.2440414429,31235,31245,10
12.9564695358,80.2436294556,31245,31265,20
12.9564695358,80.2436294556,31265,31275,10
12.9563999176,80.2436599731,31275,31286,11
12.9559497833,80.2434387207,31286,31296,10
12.9553098679,80.2431030273,31296,31306,10
12.9545202255,80.242729187,31306,31316,10
12.9536104202,80.2423629761,31316,31326,10
12.952750206,80.2420196533,31326,31336,10
12.9520597458,80.2417602539,31336,31346,10
12.9516897202,80.2416915894,31346,31356,10
12.9515600204,80.2416229248,31356,31366,10
12.9511203766,80.2414627075,31366,31377,11
12.9504098892,80.2412719727,31377,31387,10
12.949549675,80.2409973145,31387,31437,50
12.949549675,80.2409973145,31437,31447,10
12.9494800568,80.2409667969,31447,31457,10
12.949139595,80.2408599854,31457,31468,11
12.9485197067,80.240562439,31468,31478,10
12.9477796555,80.2402420044,31478,31488,10
12.9470596313,80.239982605,31488,31508,20
12.9470596313,80.239982605,31508,31518,10
12.9468002319,80.2398605347,31518,31528,10
12.9463300705,80.2396469116,31528,31538,10
12.9456501007,80.2393493652,31538,31549,11
12.9449100494,80.2387619019,31549,31559,10
12.9442300797,80.2380599976,31559,31569,10
12.9435997009,80.2373886108,31569,31579,10
12.9432697296,80.2370223999,31579,31589,10
12.942700386,80.2366104126,31589,31599,10
12.9418802261,80.2362976074,31599,31609,10
12.9408903122,80.2360687256,31609,31619,10
12.9397096634,80.2357406616,31619,31640,21
12.9397096634,80.2357406616,31640,31650,10
12.9395999908,80.2356796265,31650,31660,10
12.9391803741,80.2354812622,31660,31670,10
12.9385595322,80.2351837158,31670,31680,10
12.9378404617,80.2348175049,31680,31690,10
12.9366102219,80.2342300415,31690,31710,20
12.9366102219,80.2342300415,31710,31720,10
12.9363603592,80.2341003418,31720,31731,11
12.9361095428,80.2340011597,31731,31741,10
12.9358901978,80.2338867188,31741,31751,10
12.9355697632,80.2337493896,31751,31761,10
12.9349803925,80.2334594727,31761,31771,10
12.9338197708,80.2329711914,31771,31791,20
12.9338197708,80.2329711914,31791,31801,10
12.9337100983,80.2328491211,31801,31811,10
12.9334201813,80.2327423096,31811,31822,11
12.9328699112,80.2324981689,31822,31832,10
12.9321203232,80.2322235107,31832,31842,10
12.9312000275,80.2319107056,31842,31852,10
12.9301595688,80.2315979004,31852,31862,10
12.9291000366,80.2313690186,31862,31872,10
12.9280796051,80.2311935425,31872,31882,10
12.9269599915,80.231048584,31882,31892,10
12.9262695313,80.23097229,31892,31902,10
12.9259700775,80.23097229,31902,31913,11
12.9259500504,80.2309494019,31913,31923,10
12.9256401062,80.2309188843,31923,31933,10
12.9251403809,80.2308273315,31933,31943,10
12.9245004654,80.2307434082,31943,31953,10
12.9237203598,80.2306594849,31953,31963,10
12.9228401184,80.2305526733,31963,31973,10
12.9218301773,80.2304000854,31973,31983,10
12.9208202362,80.2302627563,31983,31993,10
12.9196796417,80.2301101685,31993,32004,11
12.918680191,80.2299728394,32004,32014,10
12.917840004,80.2298965454,32014,32064,50
12.9177598953,80.2296981812,32064,32125,61
12.9177598953,80.2296981812,32125,32135,10
12.9177703857,80.2297973633,32135,32145,10
12.9174203873,80.2298202515,32145,32155,10
12.9169397354,80.2297515869,32155,32165,10
12.9162797928,80.229637146,32165,32176,11
12.9154996872,80.2295227051,32176,32186,10
12.9146900177,80.2294006348,32186,32196,10
12.9139003754,80.2292785645,32196,32206,10
12.9133701324,80.2292633057,32206,32236,30
12.9133701324,80.2292633057,32236,32246,10
12.9131498337,80.2292175293,32246,32256,10
12.9126396179,80.2291488647,32256,32267,11
12.9118003845,80.2290420532,32267,32277,10
12.9108695984,80.2288894653,32277,32287,10
12.9098701477,80.2287368774,32287,32297,10
12.9087696075,80.2285766602,32297,32307,10
12.9074697495,80.2283630371,32307,32398,91
12.9074697495,80.2283630371,32398,32408,10
12.9073696136,80.2283096313,32408,32418,10
12.9070196152,80.228302002,32418,32428,10
12.9067201614,80.2282409668,32428,32438,10
12.9062299728,80.228187561,32438,32449,11
12.9054098129,80.2281112671,32449,32459,10
12.9045095444,80.2280578613,32459,32469,10
12.9034900665,80.2280578613,32469,32479,10
12.9024200439,80.2279968262,32479,32489,10
12.9018096924,80.2279434204,32489,32499,10
12.9017801285,80.2279586792,32499,32509,10
12.9015703201,80.2279434204,32509,32519,10
12.9012403488,80.2279510498,32519,32529,10
12.9009103775,80.2278823853,32529,32540,11
12.9006099701,80.2279129028,32540,32550,10
12.9002504349,80.2278823853,32550,32560,10
12.8996696472,80.2278594971,32560,32570,10
12.8988199234,80.2278594971,32570,32590,20
12.8988199234,80.2278594971,32590,32600,10
12.8985500336,80.2278137207,32600,32610,10
12.8980398178,80.2277526855,32610,32621,11
12.8972997665,80.2277069092,32621,32631,10
12.8965101242,80.2276687622,32631,32641,10
12.89564991,80.2276306152,32641,32651,10
12.8947000504,80.2275924683,32651,32661,10
12.8936300278,80.2275085449,32661,32671,10
12.8928403854,80.2274398804,32671,32681,10
12.8927402496,80.2274398804,32681,32691,10
12.8925800323,80.2274093628,32691,32701,10
12.8922996521,80.2273712158,32701,32712,11
12.8919401169,80.2273635864,32712,32722,10
12.8913402557,80.2273483276,32722,32732,10
12.8905897141,80.2273635864,32732,32742,10
12.8897399902,80.2273483276,32742,32752,10
12.8887996674,80.2273483276,32752,32762,10
12.8878002167,80.2272491455,32762,32772,10
12.8867301941,80.2270584106,32772,32782,10
12.8855800629,80.2267837524,32782,32792,10
12.8848400116,80.2266616821,32792,32803,11
12.8840198517,80.2266693115,32803,32813,10
12.8831300735,80.2266769409,32813,32823,10
12.8821296692,80.2266769409,32823,32833,10
12.8809995651,80.2267074585,32833,32843,10
12.8797597885,80.2267227173,32843,32853,10
12.8784503937,80.2267837524,32853,32863,10
12.8772802353,80.2268981934,32863,32873,10
12.8768396378,80.226890564,32873,32883,10
12.8767595291,80.2269134521,32883,32894,11
12.8764095306,80.2269592285,32894,32904,10
12.8763799667,80.2269592285,32904,32914,10
12.8760299683,80.2269821167,32914,32924,10
12.8754396439,80.2269592285,32924,32934,10
12.8746404648,80.2268600464,32934,32944,10
12.8737001419,80.2267532349,32944,32954,10
12.8726196289,80.2266998291,32954,32974,20
12.8726196289,80.2266998291,32974,32985,11
12.8726301193,80.2267074585,32985,32995,10
12.8722400665,80.2266769409,32995,33005,10
12.8715896606,80.2266387939,33005,33015,10
12.8707103729,80.2266082764,33015,33025,10
12.8697099686,80.2265014648,33025,33035,10
12.8686199188,80.2263793945,33035,33045,10
12.8674201965,80.2264633179,33045,33055,10
12.8663396835,80.2265625,33055,33065,10
12.8652696609,80.2266082764,33065,33076,11
12.8639497757,80.2265472412,33076,33086,10
12.8626899719,80.2265319824,33086,33096,10
12.8614196777,80.2265930176,33096,33106,10
12.8601703644,80.2264709473,33106,33116,10
12.8589401245,80.22631073,33116,33126,10
12.8579998016,80.2262115479,33126,33136,10
12.8570203781,80.2262878418,33136,33146,10
12.8559598923,80.2264099121,33146,33157,11
12.8547000885,80.2265396118,33157,33167,10
12.8534603119,80.2266693115,33167,33177,10
12.8521099091,80.2266387939,33177,33187,10
12.8506803513,80.2265701294,33187,33197,10
12.8496198654,80.2265472412,33197,33207,10
12.8492603302,80.2266387939,33207,33217,10
12.8492097855,80.2266387939,33217,33227,10
12.8491201401,80.2266311646,33227,33237,10
12.848690033,80.2266082764,33237,33248,11
12.8479299545,80.2265930176,33248,33258,10
12.8470602036,80.2266235352,33258,33268,10
12.8460998535,80.226600647,33268,33278,10
12.8458595276,80.2265930176,33278,33288,10
12.8454399109,80.2265777588,33288,33318,30
12.8454399109,80.2265777588,33318,33328,10
12.8452301025,80.2265701294,33328,33339,11
12.8446397781,80.2266464233,33339,33349,10
12.8438501358,80.2267608643,33349,33359,10
12.8429203033,80.2269210815,33359,33369,10
12.8418197632,80.2271270752,33369,33379,10
12.8407096863,80.227432251,33379,33389,10
12.8399801254,80.2276611328,33389,33450,61
12.8399801254,80.2276611328,33450,33460,10
12.8394298553,80.2278137207,33460,33470,10
12.8388500214,80.2279586792,33470,33480,10
12.8380804062,80.2281265259,33480,33490,10
12.8372001648,80.2282791138,33490,33500,10
12.8361797333,80.2284393311,33500,33510,10
12.8350000381,80.2285995483,33510,33521,11
12.8336200714,80.228843689,33521,33531,10
12.8325195313,80.2290420532,33531,33541,10
12.8317403793,80.2291793823,33541,33551,10
12.831580162,80.2288208008,33551,33571,20
12.831580162,80.2288208008,33571,33581,10
12.8315095901,80.2284317017,33581,33591,10
12.831410408,80.2278518677,33591,33601,10
12.8312397003,80.2270278931,33601,33612,11
12.8310804367,80.2261428833,33612,33622,10
12.8310804367,80.2251281738,33622,33632,10
12.8310804367,80.2246398926,33632,33642,10
12.8310899734,80.2241973877,33642,33652,10
12.8310899734,80.2235107422,33652,33662,10
12.8311004639,80.2226028442,33662,33672,10
12.8311004639,80.2221221924,33672,33682,10
12.8311004639,80.2216415405,33682,33692,10
12.8311004639,80.2208786011,33692,33703,11
12.8311195374,80.2198410034,33703,33713,10
12.8310403824,80.2194900513,33713,33723,10
12.8304700851,80.2194213867,33723,33733,10
12.8296604156,80.2194213867,33733,33743,10
12.8286800385,80.2194595337,33743,33753,10
12.8277196884,80.2194824219,33753,33784,31
12.8277196884,80.2194824219,33784,33794,10
12.8276395798,80.2194595337,33794,33804,10
12.8272800446,80.2194366455,33804,33814,10
12.8265895844,80.2194366455,33814,33824,10
12.8260803223,80.2194366455,33824,33834,10
12.8257303238,80.2194366455,33834,33844,10
12.8252696991,80.2194595337,33844,33854,10
12.8251800537,80.2194976807,33854,33864,10
12.8247203827,80.2194671631,33864,33875,11
12.8239603043,80.2194519043,33875,33885,10
12.8231096268,80.2194366455,33885,33895,10
12.822810173,80.2194213867,33895,33905,10
12.8226900101,80.2191467285,33905,33915,10
12.8226900101,80.2191314697,33915,33925,10
12.8226699829,80.2188415527,33925,33935,10
12.8226804733,80.2183303833,33935,33945,10
12.8226995468,80.2175216675,33945,33955,10
12.8227100372,80.2166290283,33955,33966,11
12.8229103088,80.2159194946,33966,33976,10
12.8229904175,80.2159423828,33976,33986,10
12.8233203888,80.2159576416,33986,33996,10
12.8242197037,80.2159500122,33996,34380,384
12.8242197037,80.2159500122,34380,34390,10
12.8244800568,80.2160110474,34390,34400,10
12.8247995377,80.2160110474,34400,34411,11
12.8249998093,80.2160186768,34411,34421,10
12.8251199722,80.2160186768,34421,34431,10
12.8254003525,80.2160263062,34431,34441,10
12.8257198334,80.2160415649,34441,34451,10
12.8259000778,80.2162475586,34451,34461,10
12.8258895874,80.2167663574,34461,34471,10
12.8258800507,80.2175598145,34471,34481,10
12.8258695602,80.2184829712,34481,34491,10
12.8258495331,80.219078064,34491,34503,12
12.825969696,80.2193527222,34503,34513,10
12.8265600204,80.219367981,34513,34523,10
12.827249527,80.2193832397,34523,34532,9
12.8275499344,80.219367981,34532,34543,11
12.8280200958,80.2193832397,34543,34553,10
12.8288002014,80.2193832397,34553,34563,10
12.8297700882,80.2193908691,34563,34573,10
12.8307800293,80.2193984985,34573,34584,11
12.8311100006,80.2194595337,34584,34594,10
12.8312101364,80.2199783325,34594,34604,10
12.8311901093,80.2208328247,34604,34614,10
12.8311901093,80.2218399048,34614,34624,10
12.8311901093,80.2221908569,34624,34634,10
12.8311796188,80.2226791382,34634,34644,10
12.8311595917,80.2235107422,34644,34654,10
12.8311500549,80.2244720459,34654,34664,10
12.8311595917,80.2247467041,34664,34675,11
12.8311500549,80.2253036499,34675,34685,10
12.8311500549,80.2261428833,34685,34695,10
12.8313102722,80.2271499634,34695,34705,10
12.8315496445,80.2283325195,34705,34715,10
12.8317499161,80.2290802002,34715,34725,10
12.8321695328,80.2290725708,34725,34735,10
12.8328695297,80.2289276123,34735,34745,10
12.8337898254,80.2287597656,34745,34755,10
12.8349599838,80.2285690308,34755,34766,11
12.8364295959,80.2283630371,34766,34776,10
12.8377199173,80.2281723022,34776,34786,10
12.8388700485,80.227897644,34786,34796,10
12.8393602371,80.2276611328,34796,34806,10
12.8395395279,80.2276000977,34806,34816,10
12.8397798538,80.2275390625,34816,34826,10
12.8403100967,80.2274780273,34826,34836,10
12.8410196304,80.2273101807,34836,34846,10
12.8419599533,80.2270584106,34846,34857,11
12.8432302475,80.2267990112,34857,34867,10
12.8444795609,80.2266387939,34867,34877,10
12.845290184,80.2265625,34877,34887,10
12.8453197479,80.2265625,34887,34897,10
12.8455600739,80.2265396118,34897,34907,10
12.8458499908,80.2265319824,34907,34917,10
12.8464403152,80.2265319824,34917,34927,10
12.8473396301,80.2265396118,34927,34937,10
12.848400116,80.2265396118,34937,34948,11
12.8497600555,80.2265396118,34948,34958,10
12.8510103226,80.2265701294,34958,34968,10
12.8523597717,80.2266235352,34968,34978,10
12.8537397385,80.2266082764,34978,34988,10
12.855099678,80.2264709473,34988,34998,10
12.8564500809,80.2263336182,34998,35008,10
12.8577699661,80.2261962891,35008,35018,10
12.8586902618,80.2262191772,35018,35029,11
12.8598098755,80.2264022827,35029,35039,10
12.8609600067,80.2265396118,35039,35049,10
12.8623199463,80.2265167236,35049,35059,10
12.863699913,80.2265014648,35059,35069,10
12.8651199341,80.2265472412,35069,35079,10
12.8664703369,80.2264862061,35079,35089,10
12.867770195,80.2263565063,35089,35099,10
12.8690004349,80.2263793945,35099,35109,10
12.8703603745,80.2265396118,35109,35120,11
12.8718299866,80.2266235352,35120,35130,10
12.8727998734,80.226600647,35130,35140,10
12.8729496002,80.2266082764,35140,35150,10
12.8732204437,80.2266311646,35150,35160,10
12.8738803864,80.2266693115,35160,35170,10
12.8747396469,80.2267837524,35170,35180,10
12.8758201599,80.2268829346,35180,35190,10
12.8765201569,80.2268981934,35190,35200,10
12.8768901825,80.226852417,35200,35211,11
12.8772802353,80.2268218994,35211,35221,10
12.878080368,80.2267608643,35221,35231,10
12.8790903091,80.2267074585,35231,35241,10
12.8803596497,80.2266769409,35241,35251,10
12.881770134,80.2266693115,35251,35261,10
12.8831701279,80.2266616821,35261,35271,10
12.8844604492,80.2266311646,35271,35281,10
12.8852100372,80.2266464233,35281,35291,10
12.8853797913,80.2266693115,35291,35302,11
12.8859901428,80.2268066406,35302,35312,10
12.8867998123,80.2270202637,35312,35322,10
12.887840271,80.2272186279,35322,35332,10
12.8891096115,80.2273025513,35332,35342,10
12.890540123,80.2273025513,35342,35352,10
12.8919496536,80.2272872925,35352,35362,10
12.8931503296,80.2274017334,35362,35372,10
12.8943195343,80.2275619507,35372,35382,10
12.8954401016,80.2275695801,35382,35393,11
12.8964500427,80.2276077271,35393,35403,10
12.8975601196,80.2276763916,35403,35413,10
12.8986701965,80.2277297974,35413,35423,10
12.8995504379,80.2278137207,35423,35433,10
12.9002799988,80.2277908325,35433,35494,61
12.9002799988,80.2277908325,35494,35504,10
12.9006204605,80.2277984619,35504,35514,10
12.9009799957,80.2278594971,35514,35524,10
12.9013700485,80.227897644,35524,35534,10
12.902009964,80.2279510498,35534,35544,10
12.902970314,80.2279586792,35544,35565,21
12.902970314,80.2279586792,35565,35575,10
12.9031295776,80.2279434204,35575,35585,10
12.9036397934,80.2279968262,35585,35595,10
12.904419899,80.2280578613,35595,35605,10
12.9055099487,80.2281036377,35605,35656,51
12.9056901932,80.2282333374,35656,35706,50
12.9056901932,80.2282333374,35706,35716,10
12.9059295654,80.2282409668,35716,35726,10
12.9061899185,80.2282409668,35726,35736,10
12.9065103531,80.2282180786,35736,35747,11
12.9068202972,80.2282485962,35747,35767,20
12.9068202972,80.2282485962,35767,35777,10
12.9071998596,80.2283172607,35777,35787,10
12.9078197479,80.2284011841,35787,35797,10
12.9087095261,80.2285308838,35797,35807,10
12.9098396301,80.2287216187,35807,35817,10
12.9111299515,80.2289123535,35817,35827,10
12.9122495651,80.229057312,35827,35838,11
12.9134998322,80.2292022705,35838,35848,10
12.9139699936,80.2292480469,35848,35858,10
12.9140300751,80.2292633057,35858,35868,10
12.914440155,80.2293167114,35868,35878,10
12.9150800705,80.2294082642,35878,35888,10
12.9159002304,80.2295303345,35888,35898,10
12.9169101715,80.2296829224,35898,35908,10
12.9176797867,80.2297973633,35908,35918,10
12.9184303284,80.2299118042,35918,35929,11
12.9193696976,80.2300262451,35929,35939,10
12.9204597473,80.2301635742,35939,35949,10
12.9217195511,80.2303237915,35949,35959,10
12.9230804443,80.2305374146,35959,35969,10
12.9244699478,80.23072052,35969,35979,10
12.9257898331,80.2308502197,35979,35989,10
12.9264297485,80.2309188843,35989,35999,10
12.9266300201,80.2309494019,35999,36010,11
12.9273004532,80.2310333252,36010,36020,10
12.9282302856,80.2311325073,36020,36030,10
12.9292898178,80.231338501,36030,36040,10
12.9305095673,80.2316436768,36040,36050,10
12.9317398071,80.2320098877,36050,36060,10
12.9327402115,80.2323303223,36060,36070,10
12.9335803986,80.2326889038,36070,36080,10
12.9336395264,80.2327194214,36080,36090,10
12.9338998795,80.2329025269,36090,36101,11
12.9346599579,80.2332382202,36101,36111,10
12.9355602264,80.2336196899,36111,36121,10
12.9365701675,80.2341079712,36121,36131,10
12.9376897812,80.2346115112,36131,36141,10
12.9388504028,80.2352218628,36141,36151,10
12.9396400452,80.2356414795,36151,36161,10
12.9404497147,80.2359390259,36161,36170,9
12.9413499832,80.2361679077,36170,36181,11
12.942609787,80.2365264893,36181,36192,11
12.9437398911,80.2373962402,36192,36202,10
12.944609642,80.2383575439,36202,36212,10
12.9454202652,80.2391586304,36212,36222,10
12.9471797943,80.2399215698,36222,36293,71
12.9471797943,80.2399215698,36293,36303,10
12.9473800659,80.239982605,36303,36313,10
12.9478197098,80.2401733398,36313,36323,10
12.9481801987,80.2403335571,36323,36333,10
12.9485702515,80.2405166626,36333,36343,10
12.9492101669,80.2407684326,36343,36353,10
12.9499998093,80.241027832,36353,36363,10
12.9507598877,80.2412490845,36363,36374,11
12.9510602951,80.2413406372,36374,36384,10
12.9512996674,80.2414398193,36384,36394,10
12.9517602921,80.2416229248,36394,36404,10
12.9523696899,80.2418518066,36404,36414,10
12.9531402588,80.242149353,36414,36424,10
12.954000473,80.2424926758,36424,36434,10
12.9546203613,80.2427368164,36434,36444,10
12.9554004669,80.2430419922,36444,36454,10
12.9560203552,80.2431793213,36454,36465,11
12.9561195374,80.2432022095,36465,36475,10
12.9562797546,80.2432174683,36475,36515,40
12.9562797546,80.2432174683,36515,36525,10
12.956870079,80.2434997559,36525,36535,10
12.9575500488,80.2438430786,36535,36546,11
12.9585103989,80.2442626953,36546,36556,10
12.9589500427,80.244468689,36556,36566,10
12.9590702057,80.2445831299,36566,36576,10
12.9595003128,80.2447967529,36576,36586,10
12.9601802826,80.2451019287,36586,36596,10
12.9610099792,80.2454681396,36596,36606,10
12.9619998932,80.2459335327,36606,36616,10
12.9631996155,80.2464981079,36616,36657,41
12.9631996155,80.2464981079,36657,36667,10
12.9633102417,80.2465896606,36667,36677,10
12.9635400772,80.246711731,36677,36687,10
12.9636602402,80.2467727661,36687,36697,10
12.9639997482,80.246887207,36697,36707,10
12.9645996094,80.2470932007,36707,36717,10
12.965379715,80.2473526001,36717,36728,11
12.9662799835,80.2477035522,36728,36738,10
12.966629982,80.2478485107,36738,36748,10
12.9666595459,80.2478790283,36748,36758,10
12.9670000076,80.2480621338,36758,36768,10
12.9675998688,80.2483596802,36768,36778,10
12.9684200287,80.2486801147,36778,36788,10
12.9694404602,80.2490768433,36788,36798,10
12.9705495834,80.2495117188,36798,36808,10
12.9716701508,80.2498092651,36808,36819,11
12.9729404449,80.2501602173,36819,36829,10
12.9740400314,80.2504577637,36829,36839,10
12.9751996994,80.250793457,36839,36849,10
12.9763498306,80.2511062622,36849,36859,10
12.9773902893,80.2514877319,36859,36869,10
12.9781999588,80.2520980835,36869,36879,10
12.9784297943,80.2522735596,36879,36889,10
12.9785299301,80.2523269653,36889,36899,10
12.9794397354,80.252571106,36899,36920,21
12.9794397354,80.252571106,36920,36930,10
12.9796304703,80.252571106,36930,36940,10
12.979809761,80.2525863647,36940,36950,10
12.9802398682,80.2526168823,36950,36960,10
12.9808797836,80.2526321411,36960,36970,10
12.9816799164,80.2526016235,36970,36980,10
12.9830198288,80.2525634766,36980,37061,81
12.9830198288,80.2525634766,37061,37071,10
12.9834003448,80.2525177002,37071,37082,11
12.9840602875,80.2523574829,37082,37092,10
12.9848604202,80.2521286011,37092,37102,10
12.9856500626,80.2518997192,37102,37112,10
12.9863195419,80.2517471313,37112,37122,10
12.9868202209,80.2516098022,37122,37132,10
12.9872999191,80.2514572144,37132,37142,10
12.9878797531,80.2512969971,37142,37152,10
12.9885997772,80.2511291504,37152,37162,10
12.9894599915,80.2508926392,37162,37173,11
12.9896802902,80.2508621216,37173,37183,10
12.989780426,80.250869751,37183,37193,10
12.9902601242,80.2507629395,37193,37203,10
12.9910402298,80.2505569458,37203,37213,10
12.9920101166,80.2503128052,37213,37223,10
12.993180275,80.2500076294,37223,37233,10
12.9944200516,80.2497024536,37233,37243,10
12.9956502914,80.249382019,37243,37253,10
12.9966096878,80.2490768433,37253,37264,11
12.9969797134,80.2490005493,37264,37274,10
12.9973897934,80.248916626,37274,37284,10
12.9981002808,80.2487411499,37284,37294,10
12.9989995956,80.2485275269,37294,37304,10
13.0000295639,80.2482833862,37304,37314,10
13.001250267,80.2479705811,37314,37324,10
13.0024795532,80.2476730347,37324,37334,10
13.0037403107,80.2474594116,37334,37344,10
13.0049800873,80.2472915649,37344,37355,11
13.0060596466,80.2470016479,37355,37365,10
13.0065898895,80.2462997437,37365,37385,20
13.0065898895,80.2462997437,37385,37395,10
13.0066604614,80.2459411621,37395,37405,10
13.0066900253,80.2453689575,37405,37415,10
13.0066900253,80.2448272705,37415,37425,10
13.0066995621,80.2442169189,37425,37435,10
13.0066604614,80.2434997559,37435,37446,11
13.0066699982,80.2428207397,37446,37456,10
13.0066795349,80.2421417236,37456,37466,10
13.0066795349,80.2415237427,37466,37476,10
13.0067396164,80.2408828735,37476,37486,10
13.0068397522,80.2402572632,37486,37496,10
13.0069999695,80.2394714355,37496,37506,10
13.0071697235,80.2384796143,37506,37516,10
13.0073003769,80.2377700806,37516,37527,11
13.0074300766,80.2371826172,37527,37537,10
13.0074901581,80.2367782593,37537,37547,10
13.0075397491,80.2365570068,37547,37557,10
13.0076503754,80.236000061,37557,37567,10
13.0077800751,80.2352294922,37567,37577,10
13.0079298019,80.2344207764,37577,37587,10
13.008190155,80.2331771851,37587,37597,10
13.0084600449,80.2318572998,37597,37607,10
13.0087099075,80.2305908203,37607,37618,11
13.0089502335,80.2292861938,37618,37628,10
13.0092096329,80.2282333374,37628,37638,10
13.0095596313,80.2273788452,37638,37648,10
13.0099401474,80.2265625,37648,37658,10
13.0103902817,80.2258071899,37658,37668,10
13.0106601715,80.2251281738,37668,37678,10
13.0108699799,80.2246170044,37678,37688,10
13.0109596252,80.2244186401,37688,37698,10
13.0111703873,80.2239227295,37698,37709,11
13.0115604401,80.2229690552,37709,37719,10
13.0119800568,80.2219085693,37719,37729,10
13.0123596191,80.2214584351,37729,37739,10
13.0126800537,80.2218933105,37739,37749,10
13.0130996704,80.2224578857,37749,37759,10
13.0135803223,80.2229690552,37759,37769,10
13.0140304565,80.2234725952,37769,37779,10
13.0144195557,80.2239532471,37779,37789,10
13.0149402618,80.2245407104,37789,37800,11
13.0153598785,80.2249221802,37800,37810,10
13.0156898499,80.2251434326,37810,37820,10
13.0157604218,80.2251815796,37820,37830,10
13.0161399841,80.2253036499,37830,37840,10
13.0164299011,80.2253189087,37840,37850,10
13.0170898438,80.2250900269,37850,37860,10
13.017950058,80.2247314453,37860,37870,10
13.0193395615,80.224319458,37870,37891,21
13.0193395615,80.224319458,37891,37901,10
13.0194101334,80.2244567871,37901,37911,10
13.0196399689,80.2245330811,37911,37921,10
13.0198202133,80.224647522,37921,37951,30
13.0198202133,80.224647522,37951,37961,10
13.0200500488,80.2248306274,37961,37972,11
13.0205802917,80.2251663208,37972,37982,10
13.0211200714,80.2255477905,37982,38002,20
13.021109581,80.2256393433,38002,38406,404
13.021109581,80.2256393433,38406,38417,11
13.021109581,80.2257232666,38417,38487,70
13.021109581,80.2257232666,38487,38498,11
13.0211696625,80.2257766724,38498,38508,10
13.0214500427,80.2259597778,38508,38518,10
13.021900177,80.2262268066,38518,38528,10
13.0222396851,80.2264633179,38528,38538,10
13.0225400925,80.2266998291,38538,38548,10
13.022769928,80.226890564,38548,38558,10
13.0229701996,80.2270965576,38558,38568,10
13.0231199265,80.2272720337,38568,38578,10
13.0232601166,80.2274093628,38578,38589,11
13.0235099792,80.2275924683,38589,38599,10
13.023730278,80.2277526855,38599,38609,10
13.0239095688,80.227897644,38609,38619,10
13.0241603851,80.228187561,38619,38629,10
13.0242395401,80.228302002,38629,38639,10
13.0243902206,80.2285003662,38639,38649,10
13.0241498947,80.2285003662,38649,38659,10
13.0237903595,80.2280273438,38659,38669,10
13.0234003067,80.2276382446,38669,38680,11
13.0231199265,80.2274169922,38680,38852,172
13.0229597092,80.2271881104,38852,38912,60
13.0228300095,80.2272872925,38912,38953,41
13.0228204727,80.2271194458,38953,39155,202
13.0231103897,80.2272567749,39155,39398,243
13.0230197906,80.2273483276,39398,39489,91
13.0229902267,80.2272033691,39489,39762,273
13.0229902267,80.2272033691,39762,39772,10
13.0228996277,80.227142334,39772,39782,10
13.0228204727,80.2270584106,39782,39792,10
13.0226297379,80.2268981934,39792,39802,10
13.0223197937,80.2266235352,39802,39812,10
13.0220403671,80.2263793945,39812,39823,11
13.0218601227,80.2262115479,39823,39833,10
13.0215396881,80.225982666,39833,39843,10
13.0212402344,80.225730896,39843,39853,10
13.0208101273,80.2253799438,39853,39863,10
13.0203695297,80.2251205444,39863,39873,10
13.0199298859,80.2248306274,39873,39883,10
13.0194997787,80.2245635986,39883,39893,10
13.0187397003,80.2245407104,39893,39903,10
13.0179004669,80.2248687744,39903,39914,11
13.016960144,80.2252578735,39914,39924,10
13.0164403915,80.225479126,39924,39934,10
13.0160198212,80.2256011963,39934,39944,10
13.0154495239,80.2258224487,39944,39954,10
13.0150003433,80.2259979248,39954,39964,10
13.0145101547,80.2261962891,39964,39974,10
13.0141897202,80.2263412476,39974,39995,21
13.0141897202,80.2263412476,39995,40005,10
13.0138998032,80.2264785767,40005,40015,10
13.0135202408,80.2265777588,40015,40025,10
13.0130195618,80.2267303467,40025,40035,10
13.0123796463,80.2270202637,40035,40045,10
13.0116901398,80.2272872925,40045,40055,10
13.0109300613,80.2275924683,40055,40065,10
13.0101604462,80.2279129028,40065,40075,10
13.0094604492,80.2282333374,40075,40086,11
13.0091199875,80.2287826538,40086,40096,10
13.0089902878,80.2294616699,40096,40106,10
13.0088996887,80.2298812866,40106,40116,10
13.0088300705,80.2302703857,40116,40126,10
13.0087995529,80.2304763794,40126,40136,10
13.0087900162,80.2304992676,40136,40146,10
13.008769989,80.2306213379,40146,40156,10
13.0087003708,80.2309799194,40156,40166,10
13.0086803436,80.2311325073,40166,40177,11
13.0086297989,80.2312774658,40177,40187,10
13.0085802078,80.2315826416,40187,40197,10
13.0085296631,80.2318267822,40197,40207,10
13.0085000992,80.2319564819,40207,40217,10
13.0084400177,80.2322235107,40217,40227,10
13.0083799362,80.2325592041,40227,40237,10
13.0083503723,80.2327194214,40237,40247,10
13.0082902908,80.233039856,40247,40278,31
13.0082902908,80.233039856,40278,40288,10
13.0082502365,80.2335128784,40288,40308,20
13.0082502365,80.2335128784,40308,40318,10
13.0081501007,80.2337722778,40318,40328,10
13.008099556,80.2340621948,40328,40348,20
13.008099556,80.2340621948,40348,40359,11
13.008020401,80.2343826294,40359,40369,10
13.0078802109,80.234992981,40369,40379,10
13.007809639,80.2353286743,40379,40389,10
13.0077199936,80.2357635498,40389,40399,10
13.007610321,80.2364120483,40399,40409,10
13.0075397491,80.2366790771,40409,40419,10
13.0074901581,80.2369613647,40419,40429,10
13.0074596405,80.2371063232,40429,40440,11
13.0074396133,80.2371673584,40440,40450,10
13.0073795319,80.237411499,40450,40460,10
13.0073404312,80.2376174927,40460,40470,10
13.0073204041,80.2377624512,40470,40480,10
13.0072603226,80.2379608154,40480,40490,10
13.0072202682,80.2382507324,40490,40500,10
13.0071496964,80.2386169434,40500,40510,10
13.0070800781,80.2390670776,40510,40520,10
13.0069799423,80.2396011353,40520,40531,11
13.0068397522,80.240272522,40531,40541,10
13.0067195892,80.2408370972,40541,40551,10
13.0067195892,80.2408828735,40551,40561,10
13.0066995621,80.2409973145,40561,40571,10
13.0066795349,80.2411422729,40571,40581,10
13.006649971,80.2414169312,40581,40591,10
13.0066404343,80.241897583,40591,40601,10
13.0066404343,80.2422103882,40601,40611,10
13.0066404343,80.2426376343,40611,40622,11
13.0066795349,80.243309021,40622,40662,40
13.0066795349,80.243309021,40662,40672,10
13.0066699982,80.2437591553,40672,40682,10
13.0066699982,80.2441101074,40682,40692,10
13.0066795349,80.2447509766,40692,40702,10
13.0066900253,80.2452163696,40702,40713,11
13.0067300797,80.2459030151,40713,40723,10
13.0067396164,80.2466125488,40723,40733,10
13.0067195892,80.247253418,40733,40773,40
13.0067195892,80.247253418,40773,40783,10
13.0066299438,80.2474594116,40783,40793,10
13.0060300827,80.2474517822,40793,40814,21
13.0060300827,80.2474517822,40814,40824,10
13.0056200027,80.2473907471,40824,40834,10
13.0050296783,80.2473907471,40834,40844,10
13.0040998459,80.2474975586,40844,40854,10
13.003080368,80.2476425171,40854,40863,9
13.0023002625,80.2477798462,40863,40874,11
13.0015201569,80.2479782104,40874,40884,10
13.0003004074,80.2482833862,40884,40895,11
12.9989995956,80.2485961914,40895,40905,10
12.9981803894,80.248840332,40905,40915,10
12.9980697632,80.2488479614,40915,40925,10
12.9976100922,80.2489471436,40925,40935,10
12.9968500137,80.249130249,40935,40945,10
12.995880127,80.2493515015,40945,40955,10
12.9947900772,80.2496337891,40955,40965,10
12.9936704636,80.2499313354,40965,40976,11
12.9923095703,80.2502593994,40976,40986,10
12.9912204742,80.250579834,40986,40996,10
12.9910402298,80.2506332397,40996,41006,10
12.9909200668,80.2506637573,41006,41016,10
12.9903697968,80.2508010864,41016,41026,10
12.9895401001,80.2510070801,41026,41036,10
12.9888000488,80.2512130737,41036,41289,253
12.9888000488,80.2512130737,41289,41299,10
12.9885797501,80.2511901855,41299,41309,10
12.9883003235,80.2512664795,41309,41319,10
12.9878997803,80.251411438,41319,41329,10
12.9873399734,80.2515487671,41329,41340,11
12.9867401123,80.2517089844,41340,41350,10
12.986000061,80.2518920898,41350,41360,10
12.9851198196,80.2521133423,41360,41370,10
12.9840497971,80.2524032593,41370,41380,10
12.9829397202,80.2526168823,41380,41390,10
12.9817895889,80.2526473999,41390,41400,10
12.9807500839,80.2526931763,41400,41410,10
12.9797401428,80.2527084351,41410,41420,10
12.9787797928,80.2526321411,41420,41431,11
12.9785404205,80.252571106,41431,41441,10
12.9783496857,80.2524490356,41441,41451,10
12.9778699875,80.2520217896,41451,41461,10
12.9771003723,80.2514419556,41461,41471,10
12.9760503769,80.2510604858,41471,41481,10
12.9748802185,80.2507400513,41481,41491,10
12.973739624,80.2504272461,41491,41501,10
12.9725198746,80.2501220703,41501,41511,10
12.9713201523,80.2498092651,41511,41522,11
12.9700403214,80.2494277954,41522,41532,10
12.9689502716,80.2490386963,41532,41542,10
12.9679498672,80.2485580444,41542,41552,10
12.9671001434,80.2482376099,41552,41562,10
12.966340065,80.2478713989,41562,41572,10
12.9654998779,80.2475204468,41572,41582,10
12.9649600983,80.2473297119,41582,41592,10
12.9648103714,80.2472763062,41592,41603,11
12.9642801285,80.2470779419,41603,41613,10
12.9636898041,80.2468795776,41613,41623,10
12.9633197784,80.2466964722,41623,41633,10
12.9626502991,80.2463531494,41633,41643,10
12.9617795944,80.2459106445,41643,41653,10
12.9607601166,80.2454223633,41653,41663,10
12.9597301483,80.2449798584,41663,41673,10
12.9594297409,80.2448272705,41673,41683,10
12.9590797424,80.244682312,41683,41694,11
12.958439827,80.2443771362,41694,41704,10
12.9578695297,80.2441635132,41704,41714,10
12.9574098587,80.2439193726,41714,41724,10
12.9568996429,80.2436828613,41724,41734,10
12.9566898346,80.2435836792,41734,41805,71
12.9566898346,80.2435836792,41805,41815,10
12.9563999176,80.2434310913,41815,41825,10
12.9560203552,80.2432937622,41825,41835,10
12.9556598663,80.2432022095,41835,41845,10
12.9550600052,80.2429504395,41845,41855,10
12.9542999268,80.2426376343,41855,41865,10
12.9533996582,80.2422637939,41865,41876,11
12.952460289,80.2419204712,41876,41886,10
12.9520797729,80.2418136597,41886,41896,10
12.9518995285,80.2417221069,41896,41906,10
12.9513301849,80.2415084839,41906,41916,10
12.950460434,80.2412185669,41916,41926,10
12.9495401382,80.2409362793,41926,41936,10
12.9492797852,80.2408218384,41936,41946,10
12.9489002228,80.2406997681,41946,41956,10
12.9482402802,80.2404403687,41956,41967,11
12.9473400116,80.2400588989,41967,41977,10
12.9466199875,80.2398681641,41977,41987,10
12.9464702606,80.2397994995,41987,41997,10
12.9462604523,80.2396774292,41997,42007,10
12.9457597733,80.239440918,42007,42017,10
12.945110321,80.2390213013,42017,42027,10
12.9444799423,80.2383728027,42027,42037,10
12.9437599182,80.2376022339,42037,42047,10
12.9430503845,80.2368927002,42047,42058,11
12.9419603348,80.2363510132,42058,42068,10
12.9407701492,80.2360534668,42068,42078,10
12.939789772,80.2358016968,42078,42088,10
12.9396696091,80.2357177734,42088,42098,10
12.9392900467,80.2355422974,42098,42108,10
12.9386396408,80.2351989746,42108,42118,10
12.9378299713,80.2348022461,42118,42128,10
12.9369001389,80.2343521118,42128,42139,11
12.9357204437,80.2337722778,42139,42149,10
12.934510231,80.2332229614,42149,42159,10
12.9334001541,80.2327194214,42159,42169,10
12.9322299957,80.2322769165,42169,42179,10
12.9309301376,80.2318496704,42179,42189,10
12.9297103882,80.2315063477,42189,42199,10
12.9285402298,80.2312774658,42199,42209,10
12.9274902344,80.2311325073,42209,42219,10
12.9264202118,80.2310180664,42219,42230,11
12.925160408,80.2308807373,42230,42240,10
12.9239797592,80.230758667,42240,42250,10
12.9227304459,80.2305908203,42250,42260,10
12.9214200974,80.2303771973,42260,42270,10
12.9200401306,80.2302017212,42270,42280,10
12.9188404083,80.2300262451,42280,42290,10
12.9176397324,80.2298812866,42290,42300,10
12.9168195724,80.2297821045,42300,42310,10
12.9159803391,80.229637146,42310,42321,11
12.9148702621,80.2294921875,42321,42331,10
12.9138202667,80.2293624878,42331,42341,10
12.9133396149,80.229347229,42341,42351,10
12.9132299423,80.2293167114,42351,42361,10
12.9128599167,80.2292098999,42361,42371,10
12.9122200012,80.2291412354,42371,42381,10
12.9113197327,80.2290267944,42381,42391,10
12.9102897644,80.2288970947,42391,42401,10
12.9091701508,80.2286987305,42401,42412,11
12.9084796906,80.2285690308,42412,42422,10
12.907959938,80.228477478,42422,42432,10
12.9072399139,80.2284011841,42432,42513,81
12.9072399139,80.2284011841,42513,42523,10
12.906999588,80.2283325195,42523,42533,10
12.9065303802,80.2282867432,42533,42543,10
12.9058303833,80.2282333374,42543,42553,10
12.9049301147,80.2281494141,42553,42563,10
12.9038000107,80.2281112671,42563,42573,10
12.9025297165,80.2280578613,42573,42583,10
12.9014797211,80.228012085,42583,42594,11
12.9009304047,80.2279663086,42594,42604,10
12.9006700516,80.2279586792,42604,42614,10
12.9005699158,80.2279586792,42614,42624,10
12.9005298615,80.2279586792,42624,42634,10
12.9002199173,80.2279815674,42634,42644,10
12.8998003006,80.2279815674,42644,42654,10
12.8994703293,80.2279434204,42654,42664,10
12.8990001678,80.2278900146,42664,42674,10
12.8983097076,80.2278366089,42674,42685,11
12.897359848,80.2277832031,42685,42695,10
12.8963098526,80.227722168,42695,42705,10
12.8951301575,80.2276687622,42705,42715,10
12.8939399719,80.2276077271,42715,42725,10
12.8927402496,80.2274780273,42725,42735,10
12.8921203613,80.2274169922,42735,42745,10
12.8912801743,80.2274017334,42745,42755,10
12.8902597427,80.2274017334,42755,42765,10
12.8890600204,80.2274017334,42765,42776,11
12.8875999451,80.2273025513,42776,42786,10
12.8862895966,80.2270202637,42786,42796,10
12.8850803375,80.2267608643,42796,42806,10
12.8840303421,80.2267227173,42806,42816,10
12.8827600479,80.2267303467,42816,42826,10
12.8813695908,80.2267303467,42826,42836,10
12.8798799515,80.2267532349,42836,42846,10
12.8783798218,80.2268066406,42846,42857,11
12.8772096634,80.2269363403,42857,42867,10
12.8770103455,80.2269668579,42867,42877,10
12.8768596649,80.2269821167,42877,42887,10
12.8767004013,80.2269973755,42887,42897,10
12.8763599396,80.2269973755,42897,42907,10
12.8757095337,80.2269973755,42907,42917,10
12.8748502731,80.2269134521,42917,42927,10
12.8737897873,80.2267837524,42927,42937,10
12.8728704453,80.2267608643,42937,42948,11
12.8725595474,80.2267379761,42948,42958,10
12.872130394,80.2267227173,42958,42968,10
12.8713703156,80.2266998291,42968,42978,10
12.8704595566,80.2266387939,42978,42988,10
12.8693399429,80.2265167236,42988,42998,10
12.8680896759,80.2264099121,42998,43008,10
12.8668804169,80.2265167236,43008,43018,10
12.8657102585,80.2266235352,43018,43028,10
12.8644504547,80.2265930176,43028,43039,11
12.8629999161,80.2265396118,43039,43049,10
12.8617801666,80.2266082764,43049,43059,10
12.8606300354,80.2265930176,43059,43069,10
12.8594999313,80.2264175415,43069,43079,10
12.858830452,80.2263183594,43079,43089,10
12.8580198288,80.2262802124,43089,43099,10
12.8570203781,80.22631073,43099,43109,10
12.8558101654,80.2264404297,43109,43119,10
12.8544397354,80.2265777588,43119,43130,11
12.8529701233,80.2267074585,43130,43140,10
12.851559639,80.2266616821,43140,43150,10
12.8503103256,80.2266387939,43150,43170,20
12.8503103256,80.2266387939,43170,43180,10
12.8499698639,80.2266235352,43180,43190,10
12.849360466,80.2266235352,43190,43200,10
12.8484697342,80.2266235352,43200,43210,10
12.8473997116,80.2266235352,43210,43221,11
12.8463697433,80.2266464233,43221,43231,10
12.8456001282,80.2266235352,43231,43251,20
12.8456001282,80.2266235352,43251,43261,10
12.8454198837,80.226600647,43261,43271,10
12.8449602127,80.2266235352,43271,43281,10
12.8441801071,80.2266998291,43281,43291,10
12.8432302475,80.2268371582,43291,43301,10
12.8421001434,80.2270507813,43301,43312,11
12.8406496048,80.2274475098,43312,43322,10
12.8399000168,80.2277603149,43322,43362,40
12.8399000168,80.2277603149,43362,43372,10
12.8395299911,80.2279129028,43372,43382,10
12.8389902115,80.2279586792,43382,43392,10
12.8382396698,80.2281036377,43392,43403,11
12.8371801376,80.2282867432,43403,43413,10
12.8360004425,80.2284469604,43413,43423,10
12.8347597122,80.2286529541,43423,43433,10
12.8336200714,80.2288818359,43433,43443,10
12.8325595856,80.2291030884,43443,43453,10
12.832280159,80.2291564941,43453,43463,10
12.8320903778,80.2291793823,43463,43473,10
12.8315601349,80.229309082,43473,43484,11
12.830739975,80.2295379639,43484,43494,10
12.8297700882,80.2298965454,43494,43504,10
12.8286600113,80.2303695679,43504,43514,10
12.8274803162,80.2310180664,43514,43524,10
12.8262500763,80.2313690186,43524,43534,10
12.8248195648,80.2314224243,43534,43544,10
12.8234901428,80.231086731,43544,43554,10
12.8221998215,80.230682373,43554,43564,10
12.8209896088,80.23046875,43564,43575,11
12.8199300766,80.2305221558,43575,43585,10
12.8190002441,80.230506897,43585,43595,10
12.8188199997,80.2304916382,43595,43605,10
12.8185997009,80.2304000854,43605,43615,10
12.8180198669,80.2300872803,43615,43625,10
12.8171901703,80.2297210693,43625,43635,10
12.8161401749,80.2294692993,43635,43645,10
12.8149003983,80.2292785645,43645,43655,10
12.8135499954,80.2289886475,43655,43666,11
12.812040329,80.2285003662,43666,43676,10
12.8106403351,80.2279510498,43676,43686,10
12.8093395233,80.2273635864,43686,43696,10
12.8083000183,80.226600647,43696,43706,10
12.8072900772,80.225692749,43706,43716,10
12.8065004349,80.2249679565,43716,43726,10
12.8058099747,80.224357605,43726,43736,10
12.805100441,80.224029541,43736,43746,10
12.8047199249,80.2239685059,43746,43757,11
12.8045597076,80.2239379883,43757,43767,10
12.8042697906,80.2238998413,43767,43777,10
12.8036603928,80.2238464355,43777,43787,10
12.8028297424,80.2237701416,43787,43797,10
12.8017597198,80.2236480713,43797,43807,10
12.8004999161,80.2235336304,43807,43817,10
12.7990999222,80.2234115601,43817,43827,10
12.7976999283,80.2232437134,43827,43837,10
12.7963199615,80.2230072021,43837,43848,11
12.795129776,80.2227935791,43848,43858,10
12.7940797806,80.2226333618,43858,43868,10
12.7928695679,80.2224502563,43868,43878,10
12.7916402817,80.2221984863,43878,43888,10
12.7905502319,80.2219314575,43888,43898,10
12.7901697159,80.2218322754,43898,43908,10
12.7899703979,80.221786499,43908,43918,10
12.7897596359,80.2217330933,43918,43928,10
12.7896299362,80.2216796875,43928,43939,11
12.789150238,80.2214889526,43939,43949,10
12.7885103226,80.221206665,43949,43979,30
12.7885103226,80.221206665,43979,43989,10
12.7881603241,80.2210769653,43989,44009,20
12.7881603241,80.2210769653,44009,44019,10
12.7880401611,80.2210235596,44019,44030,11
12.7877502441,80.2209320068,44030,44050,20
12.7877502441,80.2209320068,44050,44060,10
12.7876396179,80.2208404541,44060,44070,10
12.7873497009,80.2207489014,44070,44080,10
12.7870702744,80.2206573486,44080,44121,41
12.7870702744,80.2206573486,44121,44131,10
12.7869796753,80.2206192017,44131,44141,10
12.7868204117,80.2205810547,44141,44151,10
12.786359787,80.2203674316,44151,44202,51
12.786359787,80.2203674316,44202,44212,10
12.7862300873,80.2205810547,44212,44222,10
12.786190033,80.2208709717,44222,44232,10
12.786190033,80.2218170166,44232,44282,50
12.786190033,80.221786499,44282,44525,243
12.7863197327,80.2218704224,44525,44717,192
12.7863197327,80.2218704224,44717,44727,10
12.7861995697,80.2218322754,44727,44738,11
12.7862195969,80.2216415405,44738,44748,10
12.7861995697,80.2213668823,44748,44758,10
12.7862100601,80.2211074829,44758,44768,10
12.7861995697,80.2208404541,44768,44778,10
12.7861995697,80.2204589844,44778,44808,30
12.7861995697,80.2204589844,44808,44818,10
12.7864999771,80.220451355,44818,44829,11
12.7867202759,80.2205429077,44829,44839,10
12.7870702744,80.2206573486,44839,44849,10
12.7876501083,80.2208709717,44849,44859,10
12.7882204056,80.2210769653,44859,44869,10
12.7889404297,80.2213592529,44869,44879,10
12.789560318,80.2216033936,44879,44889,10
12.7898597717,80.2217102051,44889,44899,10
12.7903995514,80.2218475342,44899,44909,10
12.7912998199,80.2220535278,44909,44920,11
12.7923202515,80.2223205566,44920,44930,10
12.7935199738,80.2225189209,44930,44940,10
12.7947301865,80.2227096558,44940,44950,10
12.7959098816,80.22290802,44950,44960,10
12.7967700958,80.2230606079,44960,44970,10
12.7977199554,80.2232437134,44970,44980,10
12.7988195419,80.2233810425,44980,44990,10
12.8000602722,80.2234802246,44990,45001,11
12.8013000488,80.2235870361,45001,45011,10
12.8021602631,80.2236633301,45011,45021,10
12.80286026,80.2237625122,45021,45031,10
12.8034696579,80.2238388062,45031,45041,10
12.8042802811,80.2238998413,45041,45051,10
12.8051795959,80.2240219116,45051,45061,10
12.8055696487,80.2241516113,45061,45071,10
12.8056297302,80.2241897583,45071,45081,10
12.8059597015,80.2244415283,45081,45092,11
12.8065299988,80.224937439,45092,45102,10
12.8072500229,80.2255706787,45102,45112,10
12.808139801,80.2263336182,45112,45122,10
12.8091697693,80.227180481,45122,45132,10
12.8104000092,80.2277984619,45132,45142,10
12.8116598129,80.228302002,45142,45152,10
12.8129396439,80.2287597656,45152,45162,10
12.8142595291,80.2291564941,45162,45172,10
12.8156204224,80.2293624878,45172,45183,11
12.817150116,80.2296600342,45183,45193,10
12.8184404373,80.2302398682,45193,45203,10
12.8196601868,80.2304916382,45203,45213,10
12.8209400177,80.2304534912,45213,45223,10
12.8222103119,80.2305984497,45223,45233,10
12.8234901428,80.2310180664,45233,45243,10
12.8247995377,80.2313308716,45243,45253,10
12.8261804581,80.231338501,45253,45263,10
12.8275499344,80.231010437,45263,45274,11
12.8289003372,80.2302627563,45274,45284,10
12.8301897049,80.2297210693,45284,45294,10
12.8310804367,80.2293395996,45294,45304,10
12.8311395645,80.2293167114,45304,45314,10
12.831609726,80.2292098999,45314,45344,30
12.831609726,80.2292098999,45344,45354,10
12.8320999146,80.2290725708,45354,45365,11
12.8328199387,80.2289428711,45365,45375,10
12.8337402344,80.228767395,45375,45385,10
12.8348503113,80.2285766602,45385,45395,10
12.8360900879,80.2284011841,45395,45405,10
12.8373804092,80.2282028198,45405,45415,10
12.8385801315,80.2279434204,45415,45425,10
12.8392095566,80.2277603149,45425,45476,51
12.8392095566,80.2277603149,45476,45486,10
12.8399200439,80.2275619507,45486,45496,10
12.8406295776,80.2274017334,45496,45506,10
12.8414802551,80.227180481,45506,45516,10
12.8424797058,80.2269515991,45516,45526,10
12.8436899185,80.2267227173,45526,45536,10
12.8450899124,80.2265777588,45536,45547,11
12.845410347,80.2265625,45547,45557,10
12.8456096649,80.2265625,45557,45567,10
12.8459596634,80.2265396118,45567,45577,10
12.8465595245,80.2265319824,45577,45587,10
12.8473997116,80.2265319824,45587,45597,10
12.8483896255,80.2265319824,45597,45607,10
12.8495798111,80.2265167236,45607,45617,10
12.8500995636,80.2265090942,45617,45628,11
12.8504600525,80.2265167236,45628,45638,10
12.851149559,80.2265625,45638,45648,10
12.8520402908,80.2266311646,45648,45658,10
12.8531103134,80.2266616821,45658,45668,10
12.8543796539,80.2265396118,45668,45678,10
12.8557901382,80.2264022827,45678,45688,10
12.8572797775,80.2262420654,45688,45698,10
12.8582897186,80.2261810303,45698,45708,10
12.8589496613,80.2262191772,45708,45719,11
12.859919548,80.2263565063,45719,45729,10
12.8607997894,80.2265014648,45729,45739,10
12.8616399765,80.2265090942,45739,45749,10
12.8626499176,80.2264480591,45749,45759,10
12.8638000488,80.2264633179,45759,45769,10
12.864979744,80.2265167236,45769,45779,10
12.8659296036,80.2265396118,45779,45789,10
12.8664197922,80.2265014648,45789,45799,10
12.8668699265,80.2264633179,45799,45810,11
12.867650032,80.2263565063,45810,45820,10
12.8685503006,80.2263183594,45820,45830,10
12.8696298599,80.2264404297,45830,45840,10
12.8707504272,80.2265625,45840,45850,10
12.8714799881,80.226600647,45850,45860,10
12.8722295761,80.2266082764,45860,45870,10
12.8727397919,80.2266311646,45870,45880,10
12.8728704453,80.2266311646,45880,45890,10
12.8732795715,80.2266387939,45890,45901,11
12.8740501404,80.2266998291,45901,45911,10
12.8749198914,80.2268066406,45911,45921,10
12.8760004044,80.2268981934,45921,45931,10
12.8766803741,80.2268676758,45931,45941,10
12.8766899109,80.2268676758,45941,45951,10
12.8770303726,80.226852417,45951,45961,10
12.8776702881,80.2267990112,45961,45971,10
12.8784799576,80.2267303467,45971,45981,10
12.8794698715,80.2266769409,45981,45992,11
12.88078022,80.2266693115,45992,46002,10
12.8821201324,80.2266616821,46002,46012,10
12.8835296631,80.2266464233,46012,46022,10
12.8847904205,80.2266311646,46022,46032,10
12.8856697083,80.2267608643,46032,46042,10
12.8866796494,80.2270202637,46042,46052,10
12.8878698349,80.2272415161,46052,46062,10
12.8892402649,80.2273101807,46062,46072,10
12.8905601501,80.2273101807,46072,46083,11
12.8922300339,80.2273330688,46083,46093,10
12.8934297562,80.2274627686,46093,46103,10
12.8947000504,80.2275924683,46103,46113,10
12.8959798813,80.2276382446,46113,46123,10
12.8972902298,80.2276992798,46123,46133,10
12.8985700607,80.2277679443,46133,46143,10
12.8997001648,80.2278289795,46143,46153,10
12.9007997513,80.2278900146,46153,46164,11
12.9016799927,80.2279205322,46164,46174,10
12.9025402069,80.2279586792,46174,46184,10
12.9027500153,80.2279663086,46184,46194,10
12.9028701782,80.2279815674,46194,46204,10
12.9033203125,80.2280197144,46204,46214,10
12.9040699005,80.2280578613,46214,46224,10
12.904709816,80.2280807495,46224,46234,10
12.9050502777,80.2280883789,46234,46244,10
12.9050798416,80.2280883789,46244,46255,11
12.9052801132,80.2281036377,46255,46265,10
12.9054899216,80.2281417847,46265,46275,10
12.9055995941,80.2281494141,46275,46285,10
12.9057798386,80.2281570435,46285,46295,10
12.9060401917,80.2281723022,46295,46305,10
12.9063796997,80.2281570435,46305,46315,10
12.9067497253,80.2282028198,46315,46325,10
12.907409668,80.2282562256,46325,46335,10
12.9083404541,80.2284164429,46335,46346,11
12.9096498489,80.2286682129,46346,46356,10
12.9108896255,80.2288513184,46356,46366,10
12.9119796753,80.2289962769,46366,46376,10
12.9128599167,80.229133606,46376,46386,10
12.9137601852,80.2292327881,46386,46396,10
12.9139699936,80.2292633057,46396,46406,10
12.9141197205,80.229309082,46406,46416,10
12.9145498276,80.2293624878,46416,46426,10
12.9152898788,80.2294692993,46426,46437,11
12.9163503647,80.2296218872,46437,46447,10
12.9176197052,80.2298126221,46447,46457,10
12.9188804626,80.2299575806,46457,46467,10
12.9201602936,80.2301330566,46467,46477,10
12.9212799072,80.2302780151,46477,46487,10
12.92208004,80.2303771973,46487,46497,10
12.923330307,80.2305831909,46497,46507,10
12.9243803024,80.2307128906,46507,46517,10
12.9254102707,80.2308425903,46517,46528,11
12.9266004562,80.231010437,46528,46538,10
12.9278202057,80.2311477661,46538,46548,10
12.9284696579,80.2312316895,46548,46558,10
12.9287099838,80.231262207,46558,46568,10
12.9291801453,80.231338501,46568,46578,10
12.9296598434,80.2314605713,46578,46588,10
12.9301900864,80.231590271,46588,46598,10
12.9309501648,80.2318115234,46598,46608,10
12.9318399429,80.2321014404,46608,46619,11
12.9329004288,80.232460022,46619,46629,10
12.9336700439,80.2327575684,46629,46639,10
12.9338197708,80.2328186035,46639,46649,10
12.9340496063,80.2329406738,46649,46659,10
12.934630394,80.2332000732,46659,46669,10
12.9354000092,80.233543396,46669,46679,10
12.9362697601,80.2339477539,46679,46689,10
12.9371404648,80.234336853,46689,46700,11
12.9381399155,80.2348098755,46700,46710,10
12.9388399124,80.2351837158,46710,46720,10
12.9395704269,80.2355728149,46720,46730,10
12.9398403168,80.2356796265,46730,46740,10
12.9400997162,80.2358016968,46740,46750,10
12.9406900406,80.2359771729,46750,46760,10
12.9415302277,80.2361831665,46760,46770,10
12.9424695969,80.2364578247,46770,46780,10
12.9434404373,80.2370986938,46780,46791,11
12.9444599152,80.2382125854,46791,46801,10
12.9454898834,80.2392196655,46801,46811,10
12.9467000961,80.2397384644,46811,46821,10
12.947019577,80.2398605347,46821,46831,10
12.9471597672,80.2399368286,46831,46841,10
12.9476299286,80.2401199341,46841,46851,10
12.9485502243,80.2404785156,46851,46882,31
12.9485502243,80.2404785156,46882,46892,10
12.9485998154,80.2405014038,46892,46902,10
12.9489603043,80.2406463623,46902,46912,10
12.9494495392,80.2408599854,46912,46922,10
12.9500598907,80.2410583496,46922,46932,10
12.9508104324,80.2413024902,46932,46942,10
12.9516000748,80.241569519,46942,46952,10
12.9525403976,80.2418823242,46952,46962,10
12.953619957,80.2422866821,46962,46973,11
12.9547901154,80.2427597046,46973,46983,10
12.9555702209,80.2430267334,46983,46993,10
12.9563703537,80.2432785034,46993,47003,10
12.9568300247,80.2435073853,47003,47013,10
12.9575500488,80.2438735962,47013,47023,10
12.9581203461,80.2441329956,47023,47033,10
12.9586601257,80.2443313599,47033,47043,10
12.9589099884,80.2444610596,47043,47053,10
12.9591598511,80.2446136475,47053,47064,11
12.9597797394,80.2448806763,47064,47074,10
12.9605503082,80.2452163696,47074,47084,10
12.9615001678,80.2456588745,47084,47094,10
12.9625597,80.2461700439,47094,47104,10
12.9629802704,80.2463684082,47104,47114,10
12.9630498886,80.246421814,47114,47124,10
12.9633903503,80.24659729,47124,47134,10
12.9639101028,80.2468414307,47134,47144,10
12.9645996094,80.2471008301,47144,47155,11
12.9655303955,80.247428894,47155,47165,10
12.9663000107,80.2477264404,47165,47175,10
12.9667100906,80.2478790283,47175,47185,10
12.9669704437,80.2479934692,47185,47195,10
12.9671001434,80.2481002808,47195,47205,10
12.9676799774,80.2483520508,47205,47215,10
12.9684896469,80.2486724854,47215,47225,10
12.9694700241,80.2490768433,47225,47236,11
12.9708099365,80.2495880127,47236,47246,10
12.9722003937,80.249961853,47246,47256,10
12.9735202789,80.2503204346,47256,47266,10
12.9747200012,80.2506484985,47266,47276,10
12.9759197235,80.2509918213,47276,47286,10
12.9771900177,80.2513885498,47286,47296,10
12.978219986,80.2521209717,47296,47306,10
12.9784202576,80.2522506714,47306,47316,10
12.9784603119,80.2522964478,47316,47327,11
12.9788799286,80.2524795532,47327,47337,10
12.979590416,80.2526016235,47337,47347,10
12.980509758,80.2526473999,47347,47357,10
12.9816102982,80.2526016235,47357,47367,10
12.9825601578,80.2525634766,47367,47377,10
12.9829101563,80.2525100708,47377,47387,10
12.982919693,80.2525100708,47387,47397,10
12.9832496643,80.2525024414,47397,47407,10
12.9833803177,80.2524795532,47407,47418,11
12.983499527,80.2524490356,47418,47428,10
12.9835996628,80.2524185181,47428,47458,30
12.9835996628,80.2524185181,47458,47468,10
12.9839696884,80.2523498535,47468,47498,30
12.9839696884,80.2523498535,47498,47509,11
12.98416996,80.2522888184,47509,47519,10
12.9843902588,80.2522201538,47519,47529,10
12.9845399857,80.2521820068,47529,47539,10
12.9848003387,80.2521133423,47539,47549,10
12.9856300354,80.2519073486,47549,47761,212
12.9856300354,80.2519073486,47761,47772,11
12.9860200882,80.2517471313,47772,47782,10
12.9862298965,80.2517166138,47782,47792,10
12.9864301682,80.251663208,47792,47802,10
12.9868803024,80.2515335083,47802,47812,10
12.9870595932,80.2514801025,47812,47822,10
12.9874296188,80.2513580322,47822,47832,10
12.9879798889,80.2512435913,47832,47842,10
12.9888095856,80.2510299683,47842,47852,10
12.9898195267,80.2507705688,47852,47863,11
12.9911003113,80.2504577637,47863,47873,10
12.9922800064,80.2501831055,47873,47883,10
12.9935703278,80.2498703003,47883,47893,10
12.9949197769,80.2495498657,47893,47903,10
12.9962596893,80.2491989136,47903,47913,10
12.9976396561,80.248840332,47913,47923,10
12.9990797043,80.2484817505,47923,47933,10
13.0005903244,80.2481231689,47933,47943,10
13.0019798279,80.247756958,47943,47954,11
13.0033597946,80.2474975586,47954,47964,10
13.0046701431,80.2473220825,47964,47974,10
13.0058603287,80.2470703125,47974,47984,10
13.006480217,80.2465133667,47984,47994,10
13.0065002441,80.2464599609,47994,48004,10
13.0065803528,80.2460784912,48004,48014,10
13.0066099167,80.2454528809,48014,48024,10
13.0066204071,80.2447433472,48024,48034,10
13.0065898895,80.2440414429,48034,48045,11
13.0065803528,80.2432022095,48045,48055,10
13.0065698624,80.2423934937,48055,48065,10
13.0066003799,80.2413787842,48065,48075,10
13.006649971,80.2405319214,48075,48085,10
13.0067195892,80.240196228,48085,48095,10
13.0068998337,80.2396011353,48095,48105,10
13.0070495605,80.2386398315,48105,48115,10
13.0072202682,80.2378692627,48115,48125,10
13.0073204041,80.2373733521,48125,48136,11
13.0073795319,80.2368011475,48136,48146,10
13.0074195862,80.2367172241,48146,48156,10
13.007519722,80.2363586426,48156,48166,10
13.0076599121,80.2357330322,48166,48176,10
13.007809639,80.2351303101,48176,48186,10
13.0079202652,80.2345733643,48186,48196,10
13.008099556,80.2337722778,48196,48206,10
13.008310318,80.2327194214,48206,48217,11
13.0085401535,80.2314224243,48217,48227,10
13.0087203979,80.2302398682,48227,48237,10
13.0089902878,80.2289810181,48237,48247,10
13.0093603134,80.2277526855,48247,48257,10
13.0098800659,80.2265777588,48257,48267,10
13.0103197098,80.2255172729,48267,48277,10
13.0105104446,80.2251586914,48277,48287,10
13.0106801987,80.2248535156,48287,48297,10
13.0109300613,80.2242965698,48297,48308,11
13.0112895966,80.223487854,48308,48318,10
13.0115995407,80.2227020264,48318,48328,10
13.0119800568,80.2218017578,48328,48338,10
13.0123596191,80.2215423584,48338,48348,10
13.0126399994,80.2219924927,48348,48358,10
13.0131397247,80.2226104736,48358,48368,10
13.0138397217,80.2233886719,48368,48378,10
13.0145101547,80.224067688,48378,48388,10
13.0153398514,80.2248687744,48388,48399,11
13.015540123,80.2249984741,48399,48409,10
13.0156097412,80.2251205444,48409,48419,10
13.015879631,80.2253494263,48419,48429,10
13.0167398453,80.2252502441,48429,48439,10
13.0177698135,80.2248382568,48439,48449,10
13.0187997818,80.2244110107,48449,48459,10
13.0195798874,80.2243804932,48459,48479,20
13.0195798874,80.2243804932,48479,48490,11
13.0197896957,80.2245864868,48490,48500,10
13.0202598572,80.224937439,48500,48510,10
13.0209102631,80.2254333496,48510,48591,81
13.0211000443,80.2257003784,48591,48793,202
13.021109581,80.2259292603,48793,49370,577
13.021109581,80.2259292603,49370,49380,10
13.0212697983,80.2259674072,49380,49390,10
13.02161026,80.2261276245,49390,49400,10
13.0220098495,80.226348877,49400,49410,10
13.0225000381,80.2266998291,49410,49420,10
13.0230798721,80.227180481,49420,49430,10
13.023639679,80.2276687622,49430,49440,10
13.0240402222,80.2280578613,49440,49451,11
13.0243196487,80.2284469604,49451,49471,20
13.0243196487,80.2284469604,49471,49481,10
13.024189949,80.2285690308,49481,49491,10
13.0239200592,80.2282409668,49491,49501,10
13.0234804153,80.2277526855,49501,50108,607
13.0234804153,80.2277526855,50108,50118,10
13.0233201981,80.2275466919,50118,50128,10
13.0231895447,80.2273635864,50128,50138,10
13.0228900909,80.2270431519,50138,50148,10
13.0224199295,80.2266235352,50148,50158,10
13.0218296051,80.2261123657,50158,50169,11
13.0210199356,80.2254867554,50169,50179,10
13.0201396942,80.224899292,50179,50189,10
13.0191202164,80.2244262695,50189,50199,10
13.0179796219,80.2247390747,50199,50209,10
13.0170001984,80.2251663208,50209,50219,10
13.016500473,80.225402832,50219,50229,10
13.0160102844,80.2255706787,50229,50239,10
13.0153799057,80.2258224487,50239,50249,10
13.0145998001,80.2261581421,50249,50260,11
13.0143098831,80.226272583,50260,50270,10
13.0141601563,80.2263336182,50270,50280,10
13.013710022,80.2265014648,50280,50290,10
13.0130596161,80.2267608643,50290,50300,10
13.0122203827,80.2270889282,50300,50310,10
13.0112199783,80.2274703979,50310,50320,10
13.0100698471,80.2279281616,50320,50330,10
13.0091295242,80.2286224365,50330,50340,10
13.0088396072,80.2298812866,50340,50351,11
13.0085897446,80.2312011719,50351,50361,10
13.0083599091,80.2324676514,50361,50371,10
13.0082397461,80.233543396,50371,50381,10
13.0082302094,80.2336730957,50381,50391,10
13.0081396103,80.2339096069,50391,50401,10
13.0080499649,80.2344436646,50401,50411,10
13.0078496933,80.2353134155,50411,50421,10
13.0076198578,80.2364196777,50421,50432,11
13.0073299408,80.2378005981,50432,50442,10
13.0071697235,80.2387237549,50442,50452,10
13.0070295334,80.2393035889,50452,50462,10
13.0068798065,80.2400131226,50462,50472,10
13.0067396164,80.2407531738,50472,50482,10
13.0066699982,80.2412109375,50482,50492,10
13.0066604614,80.2412185669,50492,50502,10
13.0066404343,80.2414703369,50502,50512,10
13.0066404343,80.241859436,50512,50523,11
13.0066404343,80.2419586182,50523,50553,30
13.0066404343,80.2419586182,50553,50563,10
13.0066299438,80.242149353,50563,50573,10
13.0066404343,80.2425537109,50573,50583,10
13.0066404343,80.2432022095,50583,50593,10
13.0066795349,80.2435073853,50593,50603,10
13.0067195892,80.2442474365,50603,50624,21
13.0067195892,80.2442474365,50624,50634,10
13.0067195892,80.2445907593,50634,50644,10
13.0066995621,80.2448501587,50644,50654,10
13.0066900253,80.2451400757,50654,50664,10
13.0067195892,80.2456130981,50664,50674,10
13.0067596436,80.2461776733,50674,50684,10
13.0067596436,80.2465591431,50684,50694,10
13.0067596436,80.2468032837,50694,50705,11
13.0067901611,80.2470703125,50705,50715,10
13.0067796707,80.2471389771,50715,50725,10
13.0066604614,80.2473602295,50725,50735,10
13.006310463,80.2473983765,50735,50745,10
13.0061197281,80.2473983765,50745,50755,10
13.0059099197,80.2473983765,50755,50765,10
13.0052995682,80.2473373413,50765,50775,10
13.0044698715,80.2473983765,50775,50785,10
13.0034399033,80.247543335,50785,50796,11
13.0026702881,80.2476806641,50796,50806,10
13.0023403168,80.247756958,50806,50816,10
13.0017204285,80.2479095459,50816,50826,10
13.0008201599,80.2481307983,50826,50836,10
12.9997797012,80.2483825684,50836,50846,10
12.9984998703,80.2487030029,50846,50856,10
12.997209549,80.2490386963,50856,50866,10
12.995880127,80.2493515015,50866,50876,10
12.9945497513,80.2497406006,50876,50887,11
12.9930400848,80.2501220703,50887,50897,10
12.9916601181,80.2504730225,50897,50907,10
12.9909601212,80.2506637573,50907,50917,10
12.990650177,80.2506790161,50917,50927,10
12.9898395538,80.2509078979,50927,50967,40
12.9898395538,80.2509078979,50967,50978,11
12.9896001816,80.2509231567,50978,50988,10
12.9890298843,80.251083374,50988,50998,10
12.9883804321,80.2512893677,50998,51008,10
12.9878396988,80.251411438,51008,51018,10
12.9875297546,80.2514877319,51018,51028,10
12.9871501923,80.2516021729,51028,51038,10
12.9867401123,80.2517318726,51038,51048,10
12.9864797592,80.2518005371,51048,51059,11
12.9857797623,80.2519683838,51059,51069,10
12.9849004745,80.2522125244,51069,51079,10
12.983830452,80.2524795532,51079,51089,10
12.9825801849,80.2526473999,51089,51099,10
12.981300354,80.2526779175,51099,51109,10
12.9806203842,80.2527236938,51109,51119,10
12.9803199768,80.2527236938,51119,51129,10
12.9800796509,80.2527084351,51129,51139,10
12.979640007,80.2526626587,51139,51150,11
12.979060173,80.2526016235,51150,51160,10
12.9783802032,80.2523880005,51160,51170,10
12.9777202606,80.2518615723,51170,51180,10
12.9767503738,80.2512664795,51180,51190,10
12.9754896164,80.2508926392,51190,51200,10
12.9741001129,80.2504882813,51200,51210,10
12.9726400375,80.2501068115,51210,51220,10
12.9712600708,80.2497406006,51220,51230,10
12.9699897766,80.2493133545,51230,51241,11
12.9686803818,80.2488021851,51241,51251,10
12.9676198959,80.2483825684,51251,51261,10
12.9668703079,80.2480316162,51261,51271,10
12.9663095474,80.247756958,51271,51281,10
12.9655799866,80.2474899292,51281,51291,10
12.9649896622,80.2473297119,51291,51301,10
12.9649095535,80.2472763062,51301,51311,10
12.9644804001,80.2471008301,51311,51321,10
12.963760376,80.2468338013,51321,51332,11
12.962849617,80.2463684082,51332,51342,10
12.9618501663,80.245880127,51342,51352,10
12.9607601166,80.2453536987,51352,51362,10
12.9598503113,80.244972229,51362,51372,10
12.9594602585,80.2448120117,51372,51382,10
12.9593696594,80.2447662354,51382,51392,10
12.9589796066,80.2445678711,51392,51402,10
12.9583301544,80.2442779541,51402,51412,10
12.9576597214,80.2440032959,51412,51423,11
12.9573001862,80.2437973022,51423,51433,10
12.9567203522,80.2435531616,51433,51564,131
12.9567203522,80.2435531616,51564,51574,10
12.9564695358,80.2434082031,51574,51584,10
12.9562397003,80.2433166504,51584,51594,10
12.9559001923,80.243270874,51594,51605,11
12.9554195404,80.2430801392,51605,51615,10
12.9546499252,80.2427597046,51615,51625,10
12.9537096024,80.2423934937,51625,51635,10
12.9527101517,80.2419586182,51635,51645,10
12.9519500732,80.2417068481,51645,51655,10
12.9516000748,80.241607666,51655,51665,10
12.9511804581,80.2414398193,51665,51675,10
12.9504404068,80.2411804199,51675,51686,11
12.9495401382,80.2409133911,51686,51696,10
12.9494800568,80.2408905029,51696,51706,10
12.9492197037,80.2408218384,51706,51716,10
12.9488201141,80.2406768799,51716,51726,10
12.9481697083,80.2404022217,51726,51736,10
12.9473695755,80.2400588989,51736,51746,10
12.946559906,80.2397232056,51746,51756,10
12.945599556,80.2393035889,51756,51766,10
12.9446697235,80.2385025024,51766,51777,11
12.9436197281,80.2373886108,51777,51787,10
12.9426603317,80.2365722656,51787,51797,10
12.9414196014,80.2361679077,51797,51807,10
12.9402198792,80.2358703613,51807,51817,10
12.939740181,80.2357177734,51817,51827,10
12.9396800995,80.2356872559,51827,51837,10
12.9393196106,80.235496521,51837,51847,10
12.9386796951,80.2351837158,51847,51857,10
12.9379396439,80.2348175049,51857,51868,11
12.9367599487,80.2342376709,51868,51878,10
12.9356899261,80.2337265015,51878,51888,10
12.9346904755,80.2332763672,51888,51898,10
12.9341602325,80.233039856,51898,51908,10
12.9338998795,80.2329101563,51908,51918,10
12.9333200455,80.2326583862,51918,51928,10
12.9325199127,80.2323303223,51928,51938,10
12.9315099716,80.2319869995,51938,51948,10
12.9303998947,80.2316207886,51948,51959,11
12.9292602539,80.231338501,51959,51969,10
12.9286899567,80.2312469482,51969,51979,10
12.9279603958,80.2311325073,51979,51989,10
12.9270000458,80.231010437,51989,51999,10
12.9257898331,80.2308197021,51999,52009,10
12.924489975,80.2306900024,52009,52019,10
12.9230804443,80.230506897,52019,52029,10
12.9216003418,80.2303009033,52029,52039,10
12.9201602936,80.2301101685,52039,52050,11
12.9187498093,80.229927063,52050,52060,10
12.9174995422,80.2298126221,52060,52070,10
12.916179657,80.229637146,52070,52080,10
12.9149398804,80.2294387817,52080,52090,10
12.9136800766,80.2292785645,52090,52100,10
12.9124603271,80.2290725708,52100,52110,10
12.9111204147,80.2288894653,52110,52120,10
12.9097795486,80.2286987305,52120,52130,10
12.9084396362,80.228477478,52130,52141,11
12.9077596664,80.2283401489,52141,52151,10
12.907500267,80.2282791138,52151,52161,10
12.9069004059,80.2282333374,52161,52221,60
12.9069004059,80.2282333374,52221,52232,11
12.9067497253,80.228187561,52232,52242,10
12.9062795639,80.2281494141,52242,52252,10
12.9056596756,80.2281265259,52252,52262,10
12.9049196243,80.2281036377,52262,52272,10
12.9039497375,80.2280502319,52272,52282,10
12.9027996063,80.2279891968,52282,52292,10
12.9017400742,80.2279815674,52292,52302,10
12.9011297226,80.2279510498,52302,52363,61
12.9011297226,80.2279510498,52363,52373,10
12.9007902145,80.2278213501,52373,52383,10
12.9001703262,80.2277832031,52383,52393,10
12.8994903564,80.2277832031,52393,52404,11
12.8994398117,80.2277832031,52404,52414,10
12.8992099762,80.2277908325,52414,52424,10
12.8986196518,80.2277526855,52424,52434,10
12.8978099823,80.2276992798,52434,52444,10
12.8968400955,80.2276611328,52444,52454,10
12.8956899643,80.2275924683,52454,52464,10
12.8943996429,80.2275390625,52464,52474,10
12.8931598663,80.2274169922,52474,52484,10
12.8921003342,80.2273178101,52484,52495,11
12.8908195496,80.2272796631,52495,52505,10
12.8894996643,80.2272872925,52505,52515,10
12.8880500793,80.2272491455,52515,52525,10
12.8865203857,80.2269973755,52525,52535,10
12.8850402832,80.2266921997,52535,52545,10
12.8836402893,80.2266387939,52545,52555,10
12.882109642,80.2266616821,52555,52565,10
12.8805599213,80.2266769409,52565,52575,10
12.8789796829,80.2267227173,52575,52586,11
12.8773097992,80.2268600464,52586,52596,10
12.8765497208,80.2269515991,52596,52606,10
12.8763799667,80.2269592285,52606,52616,10
12.8760795593,80.2269668579,52616,52626,10
12.87541008,80.2269287109,52626,52636,10
12.8744497299,80.2268066406,52636,52646,10
12.873339653,80.2266921997,52646,52656,10
12.872759819,80.2266998291,52656,52666,10
12.8727197647,80.2266998291,52666,52677,11
12.8723096848,80.2266921997,52677,52687,10
12.8716201782,80.2266616821,52687,52697,10
12.8707304001,80.2266235352,52697,52707,10
12.8696899414,80.2265090942,52707,52717,10
12.8684597015,80.2263793945,52717,52727,10
12.8670902252,80.2264709473,52727,52737,10
12.8656196594,80.2265777588,52737,52746,9
12.8642396927,80.2265396118,52746,52757,11
12.8625001907,80.2265396118,52757,52768,11
12.8607997894,80.2265701294,52768,52778,10
12.8592996597,80.2263565063,52778,52788,10
12.8578796387,80.2262191772,52788,52798,10
12.8563804626,80.2263412476,52798,52808,10
12.854809761,80.2265167236,52808,52818,10
12.8531398773,80.2266769409,52818,52828,10
12.8514404297,80.2266311646,52828,52838,10
12.8500795364,80.2265930176,52838,52849,11
12.8498296738,80.2265930176,52849,52859,10
12.849439621,80.2265777588,52859,52869,10
12.8487796783,80.2265701294,52869,52879,10
12.8479003906,80.2265701294,52879,52889,10
12.8467998505,80.2265701294,52889,52899,10
12.8457202911,80.2265777588,52899,52909,10
12.8453598022,80.2265930176,52909,52919,10
12.8452196121,80.2265777588,52919,52929,10
12.8446903229,80.2266082764,52929,52940,11
12.8438501358,80.2266921997,52940,52950,10
12.8429203033,80.2268371582,52950,52960,10
12.8417901993,80.2270889282,52960,52970,10
12.8405504227,80.2274169922,52970,52980,10
12.8398399353,80.2276229858,52980,53010,30
12.8398399353,80.2276229858,53010,53020,10
12.8395395279,80.2276992798,53020,53031,11
12.8389101028,80.2278823853,53031,53041,10
12.8381004333,80.2280807495,53041,53051,10
12.8370895386,80.2282562256,53051,53061,10
12.8359003067,80.2284393311,53061,53071,10
12.83452034,80.2286529541,53071,53081,10
12.8331003189,80.2289276123,53081,53091,10
12.8322496414,80.2291030884,53091,53101,10
12.8322401047,80.2291030884,53101,53111,10
12.8320302963,80.2291412354,53111,53122,11
12.8314695358,80.2292861938,53122,53132,10
12.8308296204,80.2294998169,53132,53142,10
12.8299503326,80.2297973633,53142,53152,10
12.8289604187,80.230178833,53152,53162,10
12.827870369,80.2307662964,53162,53172,10
12.8267202377,80.2312698364,53172,53182,10
12.8257799149,80.2313537598,53182,53192,10
12.8242397308,80.2312469482,53192,53202,10
12.8228998184,80.2308807373,53202,53213,11
12.8212900162,80.2304382324,53213,53223,10
12.8197803497,80.2304534912,53223,53233,10
12.8188800812,80.23046875,53233,53243,10
12.8187198639,80.2304000854,53243,53253,10
12.8182001114,80.2301177979,53253,53263,10
12.8173904419,80.2297286987,53263,53273,10
12.8163995743,80.2294311523,53273,53283,10
12.8151798248,80.2292480469,53283,53293,10
12.8138198853,80.2289962769,53293,53304,11
12.8122396469,80.228477478,53304,53314,10
12.8107299805,80.2279205322,53314,53324,10
12.8093595505,80.2273406982,53324,53334,10
12.8082103729,80.2264785767,53334,53344,10
12.8071098328,80.2255020142,53344,53354,10
12.8062896729,80.2247695923,53354,53364,10
12.8053998947,80.2240829468,53364,53374,10
12.8047504425,80.2239379883,53374,53385,11
12.8046398163,80.2239074707,53385,53395,10
12.8041801453,80.2238693237,53395,53405,10
12.8034095764,80.2238082886,53405,53415,10
12.8025302887,80.2237014771,53415,53425,10
12.8016195297,80.2236022949,53425,53435,10
12.8009300232,80.2235565186,53435,53445,10
12.8007802963,80.2235488892,53445,53455,10
12.8003797531,80.2235183716,53455,53465,10
12.7996196747,80.2234420776,53465,53476,11
12.7986001968,80.2233200073,53476,53486,10
12.797369957,80.2231674194,53486,53496,10
12.7960996628,80.2229614258,53496,53506,10
12.7958097458,80.2229003906,53506,53516,10
12.7955703735,80.2228622437,53516,53526,10
12.7953596115,80.2228164673,53526,53536,10
12.7947902679,80.2227172852,53536,53546,10
12.7939901352,80.2225799561,53546,53556,10
12.7930603027,80.2224273682,53556,53567,11
12.7918395996,80.2221984863,53567,53577,10
12.7906198502,80.2218933105,53577,53587,10
12.7896003723,80.2216110229,53587,53597,10
12.7888002396,80.2212982178,53597,53607,10
12.7880496979,80.2210006714,53607,53627,20
12.7880496979,80.2210006714,53627,53637,10
12.7879695892,80.2209625244,53637,53647,10
12.7871103287,80.2206573486,53647,53678,31
12.7871103287,80.2206573486,53678,53688,10
12.7864904404,80.2204208374,53688,53708,20
12.7864904404,80.2204208374,53708,53718,10
12.7864303589,80.2203598022,53718,53728,10
12.7862997055,80.2203063965,53728,53738,10
12.7861700058,80.2203979492,53738,53749,11
12.786190033,80.2207489014,53749,53759,10
12.786190033,80.221031189,53759,53769,10
12.7862300873,80.2213363647,53769,53779,10
12.7862596512,80.2217025757,53779,53819,40
12.7862596512,80.2217025757,53819,53829,10
12.7862701416,80.2221374512,53829,54234,405
12.7862701416,80.2221374512,54234,54244,10
12.7863197327,80.2218322754,54244,54254,10
12.7862596512,80.2215576172,54254,54264,10
12.786239624,80.2213973999,54264,54275,11
12.7862195969,80.2212295532,54275,54285,10
12.786190033,80.220916748,54285,54295,10
12.7861795425,80.2205963135,54295,54305,10
12.7861700058,80.2204818726,54305,54315,10
12.7862701416,80.2203598022,54315,54345,30
12.7862701416,80.2203598022,54345,54355,10
12.78647995,80.2204666138,54355,54366,11
12.786860466,80.2206420898,54366,54376,10
12.7874603271,80.2208633423,54376,54386,10
12.7881298065,80.2211074829,54386,54396,10
12.7889499664,80.2214126587,54396,54406,10
12.7897500992,80.2217025757,54406,54416,10
12.7903995514,80.221862793,54416,54426,10
12.7912101746,80.2220535278,54426,54436,10
12.7922296524,80.2222976685,54436,54446,10
12.7933397293,80.2225036621,54446,54457,11
12.7946796417,80.2226867676,54457,54467,10
12.7953701019,80.2228088379,54467,54477,10
12.7956695557,80.2228775024,54477,54487,10
12.7961196899,80.2229385376,54487,54497,10
12.7964401245,80.2229995728,54497,54507,10
12.7965803146,80.2230300903,54507,54517,10
12.7970695496,80.2231216431,54517,54527,10
12.7978401184,80.2232437134,54527,54537,10
12.7986803055,80.2233276367,54537,54548,11
12.7996997833,80.2234420776,54548,54558,10
12.8007602692,80.2235412598,54558,54568,10
12.8015499115,80.2235870361,54568,54578,10
12.8020801544,80.2236709595,54578,54588,10
12.8028402328,80.223777771,54588,54598,10
12.803730011,80.2238693237,54598,54608,10
12.8047800064,80.2239532471,54608,54618,10
12.805390358,80.2241134644,54618,54628,10
12.805560112,80.2241821289,54628,54639,11
12.8056497574,80.2242202759,54639,54649,10
12.8057203293,80.224281311,54649,54659,10
12.8060998917,80.2246170044,54659,54669,10
12.8067502975,80.2251663208,54669,54679,10
12.8075399399,80.2258605957,54679,54689,10
12.8084802628,80.2266387939,54689,54699,10
12.8095903397,80.2274169922,54699,54709,10
12.810839653,80.2279815674,54709,54719,10
12.8122196198,80.2284927368,54719,54730,11
12.8138198853,80.2290267944,54730,54740,10
12.8152303696,80.2293014526,54740,54750,10
12.8166599274,80.2295227051,54750,54760,10
12.8180103302,80.2300262451,54760,54770,10
12.8192195892,80.23046875,54770,54780,10
12.8203296661,80.2304534912,54780,54790,10
12.8215503693,80.2304763794,54790,54800,10
12.8226804733,80.23072052,54800,54811,11
12.8239402771,80.2311096191,54811,54821,10
12.8251895905,80.2313690186,54821,54831,10
12.8265600204,80.231300354,54831,54841,10
12.8278398514,80.2308273315,54841,54851,10
12.8290596008,80.2301635742,54851,54861,10
12.8303203583,80.2296600342,54861,54871,10
12.8310499191,80.2293319702,54871,54881,10
12.8310899734,80.2293395996,54881,54891,10
12.8313598633,80.2292404175,54891,54902,11
12.8317203522,80.229133606,54902,54912,10
12.8323001862,80.2290115356,54912,54922,10
12.8331604004,80.2288894653,54922,54932,10
12.8341999054,80.2286834717,54932,54942,10
12.8354597092,80.228477478,54942,54952,10
12.8368396759,80.2282714844,54952,54962,10
12.8382797241,80.2279968262,54962,54971,9
12.8391199112,80.2277297974,54971,54982,11
12.8392896652,80.2276077271,54982,54993,11
12.8393697739,80.2276000977,54993,55003,10
12.8395700455,80.2275314331,55003,55013,10
12.8400297165,80.2274780273,55013,55023,10
12.8407001495,80.2273406982,55023,55033,10
12.8416204453,80.2270889282,55033,55043,10
12.8425598145,80.2269134521,55043,55053,10
12.8432998657,80.2267608643,55053,55063,10
12.8442001343,80.2266235352,55063,55073,10
12.845199585,80.2265396118,55073,55084,11
12.8454504013,80.2265396118,55084,55094,10
12.8457403183,80.2265396118,55094,55114,20
12.8457403183,80.2265396118,55114,55124,10
12.8459501266,80.2265625,55124,55134,10
12.8464298248,80.2265777588,55134,55144,10
12.8472299576,80.2265701294,55144,55154,10
12.84815979,80.2265625,55154,55164,10
12.8492298126,80.2265625,55164,55175,11
12.8505802155,80.2265625,55175,55185,10
12.8519496918,80.2266387939,55185,55195,10
12.8534202576,80.2266616821,55195,55205,10
12.854929924,80.2265014648,55205,55215,10
12.8564300537,80.2263412476,55215,55225,10
12.8576402664,80.2262115479,55225,55235,10
12.8583097458,80.2261962891,55235,55245,10
12.8589496613,80.2262420654,55245,55255,10
12.8597698212,80.2263565063,55255,55266,11
12.8608798981,80.2264862061,55266,55286,20
12.8608798981,80.2264862061,55286,55296,10
12.8614902496,80.2265167236,55296,55306,10
12.8623504639,80.2264862061,55306,55316,10
12.8633203506,80.2264785767,55316,55326,10
12.8645095825,80.2265396118,55326,55336,10
12.865819931,80.2265472412,55336,55346,10
12.8670902252,80.2264633179,55346,55357,11
12.8684396744,80.226348877,55357,55367,10
12.869720459,80.2264785767,55367,55377,10
12.8710803986,80.2266082764,55377,55387,10
12.872300148,80.2266311646,55387,55397,10
12.8729200363,80.2266311646,55397,55407,10
12.873049736,80.2266311646,55407,55417,10
12.8735599518,80.2266616821,55417,55427,10
12.874329567,80.2267532349,55427,55438,11
12.8753299713,80.2268676758,55438,55448,10
12.8763599396,80.2269134521,55448,55468,20
12.8763599396,80.2269134521,55468,55478,10
12.8766202927,80.2268600464,55478,55488,10
12.8767404556,80.2268371582,55488,55498,10
12.8769397736,80.2268218994,55498,55508,10
12.8775196075,80.2267913818,55508,55518,10
12.8783197403,80.2267379761,55518,55529,11
12.8793697357,80.2266769409,55529,55539,10
12.8805103302,80.2266921997,55539,55549,10
12.8817796707,80.2266693115,55549,55559,10
12.8831501007,80.2266616821,55559,55569,10
12.8844299316,80.2266387939,55569,55579,10
12.8855495453,80.2267608643,55579,55589,10
12.8867397308,80.2270736694,55589,55599,10
12.8879995346,80.2272796631,55599,55609,10
12.8893699646,80.2273406982,55609,55620,11
12.8909702301,80.2273406982,55620,55630,10
12.8922996521,80.2273406982,55630,55640,10
12.8935499191,80.2274932861,55640,55650,10
12.8948898315,80.2276229858,55650,55660,10
12.8962697983,80.2276687622,55660,55670,10
12.8976402283,80.2277374268,55670,55680,10
12.8989095688,80.2278137207,55680,55690,10
12.8999595642,80.2278213501,55690,55700,10
12.9004602432,80.2277908325,55700,55731,31
12.9004602432,80.2277908325,55731,55741,10
12.900759697,80.2278213501,55741,55751,10
12.9011602402,80.2278823853,55751,55761,10
12.9018297195,80.2279205322,55761,55771,10
12.9026603699,80.2279815674,55771,55781,10
12.902879715,80.2279891968,55781,55791,10
12.9032297134,80.2280273438,55791,55802,11
12.9039897919,80.2280731201,55802,55812,10
12.9048404694,80.2281036377,55812,55822,10
12.9053897858,80.2281417847,55822,55832,10
12.9059000015,80.2281417847,55832,55883,51
12.9059000015,80.2281417847,55883,55893,10
12.9063100815,80.2282485962,55893,55903,10
12.9068698883,80.2282867432,55903,55913,10
12.9070501328,80.228302002,55913,55923,10
12.9074897766,80.2283477783,55923,55933,10
12.9082403183,80.2284622192,55933,55943,10
12.9091997147,80.2286224365,55943,55953,10
12.9103803635,80.2288208008,55953,55963,10
12.9117202759,80.229019165,55963,55974,11
12.9131002426,80.2292175293,55974,55984,10
12.9139795303,80.229309082,55984,55994,10
12.9140996933,80.2293319702,55994,56004,10
12.9142799377,80.2293624878,56004,56014,10
12.9148197174,80.2294082642,56014,56024,10
12.915599823,80.2295379639,56024,56034,10
12.916560173,80.2296829224,56034,56044,10
12.9175701141,80.2298431396,56044,56054,10
12.9187297821,80.2300109863,56054,56065,11
12.920129776,80.2301712036,56065,56075,10
12.921500206,80.2303390503,56075,56085,10
12.9229402542,80.2305526733,56085,56095,10
12.9243202209,80.23072052,56095,56105,10
12.9255599976,80.2308578491,56105,56115,10
12.9269504547,80.2310409546,56115,56125,10
12.9288396835,80.2313079834,56125,56145,20
12.9288396835,80.2313079834,56145,56156,11
12.929189682,80.2313766479,56156,56166,10
12.9298601151,80.2315292358,56166,56176,10
12.9307203293,80.2317581177,56176,56186,10
12.9317598343,80.2321014404,56186,56196,10
12.9329004288,80.2324523926,56196,56206,10
12.9336900711,80.2327728271,56206,56216,10
12.9338197708,80.2328109741,56216,56226,10
12.9341402054,80.2329788208,56226,56236,10
12.9347600937,80.2332611084,56236,56247,11
12.9355697632,80.2336730957,56247,56257,10
12.9358100891,80.2338104248,56257,56267,10
12.9362401962,80.2340011597,56267,56277,10
12.936920166,80.2343215942,56277,56287,10
12.9377698898,80.2347183228,56287,56297,10
12.9388303757,80.2352218628,56297,56307,10
12.9397296906,80.2356567383,56307,56317,10
12.9398603439,80.2357177734,56317,56327,10
12.9402704239,80.2358703613,56327,56338,11
12.9410495758,80.2360916138,56338,56348,10
12.9419202805,80.2362976074,56348,56358,10
12.9429197311,80.2367019653,56358,56368,10
12.9438495636,80.2375411987,56368,56378,10
12.9448204041,80.238571167,56378,56388,10
12.9458799362,80.2394104004,56388,56398,10
12.9470396042,80.2398529053,56398,56408,10
12.9474000931,80.2400131226,56408,56419,11
12.9474697113,80.2400436401,56419,56429,10
12.9478502274,80.240196228,56429,56439,10
12.9484300613,80.2404632568,56439,56449,10
12.9487104416,80.2405395508,56449,56459,10
12.949090004,80.2407608032,56459,56469,10
12.9497098923,80.2409973145,56469,56479,10
12.9505395889,80.2412414551,56479,56489,10
12.9511604309,80.2414169312,56489,56499,10
12.951259613,80.2414627075,56499,56510,11
12.9517002106,80.2416305542,56510,56520,10
12.9521503448,80.2417984009,56520,56530,10
12.9529695511,80.2421112061,56530,56540,10
12.9538898468,80.2424468994,56540,56550,10
12.9548301697,80.2428283691,56550,56560,10
12.9555597305,80.2431030273,56560,56570,10
12.9561500549,80.2433700562,56570,56611,41
12.9561500549,80.2433700562,56611,56621,10
12.9566802979,80.2435684204,56621,56631,10
12.9573202133,80.2437896729,56631,56641,10
12.9577999115,80.2440109253,56641,56651,10
12.9584197998,80.2442703247,56651,56661,10
12.9589796066,80.244468689,56661,56671,10
12.9591703415,80.2445907593,56671,56681,10
12.9596700668,80.2448272705,56681,56692,11
12.9604501724,80.2451934814,56692,56702,10
12.9613103867,80.24559021,56702,56712,10
12.9621801376,80.2460174561,56712,56722,10
12.9628696442,80.2463684082,56722,56732,10
12.9633703232,80.2465667725,56732,56742,10
12.9639196396,80.2468414307,56742,56752,10
12.9645595551,80.2470932007,56752,56762,10
12.9653301239,80.2473526001,56762,56772,10
12.9660902023,80.2475967407,56772,56783,11
12.9664497375,80.2477416992,56783,56793,10
12.9667396545,80.2478485107,56793,56803,10
12.9669399261,80.2479171753,56803,56813,10
12.9670000076,80.2479171753,56813,56823,10
12.9674501419,80.2481613159,56823,56833,10
12.9682397842,80.2485580444,56833,56843,10
12.96916008,80.248916626,56843,56853,10
12.9702196121,80.2493667603,56853,56863,10
12.971570015,80.2498016357,56863,56874,11
12.9728298187,80.2501296997,56874,56884,10
12.9738397598,80.2503967285,56884,56894,10
12.9747400284,80.2506637573,56894,56904,10
12.9757995605,80.2509765625,56904,56914,10
12.9769802094,80.2513122559,56914,56924,10
12.9779396057,80.2519226074,56924,56934,10
12.9784803391,80.2522964478,56934,56944,10
12.9785404205,80.2523574829,56944,56955,11
12.9787797928,80.2524795532,56955,56965,10
12.9788103104,80.2524871826,56965,56975,10
12.9790401459,80.252571106,56975,57177,202
12.9790401459,80.252571106,57177,57187,10
12.9794797897,80.2526092529,57187,57197,10
12.9795198441,80.2526092529,57197,57207,10
12.9797897339,80.2526397705,57207,57217,10
12.980099678,80.2526702881,57217,57228,11
12.9806098938,80.2526397705,57228,57238,10
12.9810400009,80.2526321411,57238,57248,10
12.9813299179,80.2526321411,57248,57258,10
12.9817304611,80.2526092529,57258,57268,10
12.9818201065,80.2526016235,57268,57278,10
12.9820098877,80.2526016235,57278,57288,10
12.9822702408,80.252571106,57288,57329,41
12.9822702408,80.252571106,57329,57339,10
12.9824399948,80.252571106,57339,57379,40
12.9824399948,80.252571106,57379,57389,10
12.9826803207,80.2525787354,57389,57400,11
12.9830598831,80.2525634766,57400,57410,10
12.9834804535,80.2525177002,57410,57420,10
12.9840803146,80.2523574829,57420,57430,10
12.9844198227,80.2522735596,57430,57440,10
12.9848499298,80.252166748,57440,57450,10
12.9852399826,80.2520370483,57450,57460,10
12.9855003357,80.2519683838,57460,57470,10
12.9858503342,80.2518692017,57470,57480,10
12.9861097336,80.2518005371,57480,57491,11
12.9866104126,80.2516937256,57491,57501,10
12.9873199463,80.2514801025,57501,57511,10
12.988120079,80.2512588501,57511,57521,10
12.9897003174,80.2508468628,57521,57541,20
12.9897003174,80.2508468628,57541,57551,10
12.9901800156,80.2508010864,57551,57561,10
12.9908704758,80.2506408691,57561,57571,10
12.9917402267,80.2504196167,57571,57582,11
12.9928798676,80.2501373291,57582,57592,10
12.9940500259,80.2498168945,57592,57602,10
12.9952096939,80.2495422363,57602,57612,10
12.9964399338,80.2492218018,57612,57622,10
12.9977798462,80.2488632202,57622,57632,10
12.9991197586,80.2485275269,57632,57642,10
13.0004901886,80.2481994629,57642,57652,10
13.0018997192,80.247833252,57652,57662,10
13.0031604767,80.2475662231,57662,57673,11
13.004650116,80.2473831177,57673,57683,10
13.0057601929,80.2471466064,57683,57693,10
13.0062599182,80.2469100952,57693,57703,10
13.0064001083,80.246711731,57703,57713,10
13.0064496994,80.2465667725,57713,57723,10
13.0065698624,80.24609375,57723,57733,10
13.0066299438,80.2453765869,57733,57743,10
13.0066299438,80.2449035645,57743,57753,10
13.0066404343,80.2445602417,57753,57764,11
13.0066204071,80.2441482544,57764,57774,10
13.0066099167,80.2436523438,57774,57784,10
13.0066003799,80.2431411743,57784,57794,10
13.0066299438,80.2427825928,57794,57804,10
13.0066404343,80.2422180176,57804,57814,10
13.0066404343,80.2416229248,57814,57824,10
13.0066900253,80.2409667969,57824,57834,10
13.0068101883,80.240272522,57834,57845,11
13.0069999695,80.2393035889,57845,57855,10
13.0072002411,80.23828125,57855,57865,10
13.0073299408,80.2375564575,57865,57875,10
13.0073900223,80.2369689941,57875,57885,10
13.007399559,80.2369613647,57885,57895,10
13.0074596405,80.2365570068,57895,57905,10
13.007610321,80.2359695435,57905,57915,10
13.0077600479,80.235168457,57915,57925,10
13.0079097748,80.2342987061,57925,57936,11
13.0081596375,80.2331008911,57936,57946,10
13.0083999634,80.2319412231,57946,57956,10
13.0086402893,80.2306976318,57956,57966,10
13.0088500977,80.2295837402,57966,57976,10
13.009059906,80.2285232544,57976,57986,10
13.0094804764,80.2273788452,57986,57996,10
13.0100002289,80.2262268066,57996,58006,10
13.0104904175,80.2251586914,58006,58016,10
13.0108699799,80.2242965698,58016,58027,11
13.0111904144,80.2234802246,58027,58037,10
13.0112304688,80.2233886719,58037,58047,10
13.0113697052,80.2231826782,58047,58057,10
13.0115804672,80.2226791382,58057,58067,10
13.0119400024,80.2218933105,58067,58077,10
13.012339592,80.2215270996,58077,58087,10
13.0125904083,80.221862793,58087,58097,10
13.0130300522,80.2224502563,58097,58107,10
13.0135402679,80.2230377197,58107,58118,11
13.0139598846,80.2235107422,58118,58128,10
13.0139703751,80.2235107422,58128,58138,10
13.0143098831,80.2238235474,58138,58148,10
13.0149497986,80.2245635986,58148,58158,10
13.0154600143,80.2249832153,58158,58168,10
13.0155801773,80.2250823975,58168,58178,10
13.0156602859,80.2251434326,58178,58188,10
13.0160303116,80.2253265381,58188,58198,10
13.0168399811,80.225189209,58198,58209,11
13.017950058,80.2247695923,58209,58219,10
13.0195798874,80.2244262695,58219,58239,20
13.0195798874,80.2244262695,58239,58249,10
13.0197496414,80.2245483398,58249,58259,10
13.0200996399,80.2248306274,58259,58269,10
13.0206899643,80.2252807617,58269,58279,10
13.0211400986,80.2256393433,58279,58289,10
13.0217103958,80.2260818481,58289,58300,11
13.0222797394,80.2265319824,58300,58310,10
13.0227899551,80.2269821167,58310,58320,10
13.0233802795,80.2275085449,58320,58330,10
13.0239601135,80.2280197144,58330,58340,10
13.0243902206,80.228477478,58340,58370,30
13.0243902206,80.228477478,58370,58381,11
13.0244398117,80.2286376953,58381,58391,10
13.0242395401,80.2286071777,58391,58401,10
13.0238895416,80.2281570435,58401,58411,10
13.0232696533,80.2275314331,58411,58431,20
13.0232696533,80.2275314331,58431,58441,10
13.0230398178,80.2273178101,58441,58451,10
13.0230197906,80.2273025513,58451,58461,10
13.0227804184,80.2270431519,58461,58472,11
13.0224704742,80.2267074585,58472,58482,10
13.0220003128,80.22631073,58482,58492,10
13.0213899612,80.2258300781,58492,58502,10
13.02064991,80.2252731323,58502,58512,10
13.0199403763,80.2247619629,58512,58532,20
13.0199403763,80.2247619629,58532,58542,10
13.0197496414,80.2246398926,58542,58552,10
13.0191698074,80.2244415283,58552,58563,11
13.0181703568,80.2246932983,58563,58573,10
13.0170602798,80.2251586914,58573,58583,10
13.016289711,80.225479126,58583,58593,10
13.0157203674,80.2257003784,58593,58603,10
13.0151500702,80.2259368896,58603,58613,10
13.0145702362,80.2261810303,58613,58623,10
13.0144100189,80.2262496948,58623,58633,10
13.0142698288,80.2263031006,58633,58643,10
13.0138196945,80.2265396118,58643,58664,21
13.0138196945,80.2265396118,58664,58674,10
13.0136995316,80.2265777588,58674,58684,10
13.0132598877,80.2266693115,58684,58694,10
13.0125198364,80.2269592285,58694,58704,10
13.0116100311,80.2273178101,58704,58714,10
13.0105800629,80.2277374268,58714,58724,10
13.0096597672,80.2281265259,58724,58734,10
13.0090799332,80.2288818359,58734,58745,11
13.0088596344,80.2301635742,58745,58755,10
13.0086603165,80.2312774658,58755,58765,10
13.008480072,80.2322463989,58765,58775,10
13.0082397461,80.2336730957,58775,58795,20
13.0082397461,80.2336730957,58795,58805,10
13.008190155,80.233757019,58805,58815,10
13.0081195831,80.2340164185,58815,58825,10
13.0081100464,80.2342071533,58825,58836,11
13.008020401,80.2347717285,58836,58846,10
13.0078496933,80.2356109619,58846,58856,10
13.0076198578,80.2367019653,58856,58866,10
13.007349968,80.2379074097,58866,58876,10
13.0071401596,80.2388763428,58876,58886,10
13.0069704056,80.2396621704,58886,58896,10
13.0068302155,80.2403717041,58896,58906,10
13.0066900253,80.2411422729,58906,58917,11
13.0066404343,80.2422180176,58917,58927,10
13.0066604614,80.243270874,58927,58937,10
13.0066995621,80.244140625,58937,58947,10
13.0066995621,80.245010376,58947,58957,10
13.0067195892,80.2457122803,58957,58967,10
13.0067596436,80.2464828491,58967,58977,10
13.006770134,80.2471313477,58977,58987,10
13.0064001083,80.2474212646,58987,58997,10
13.0062999725,80.2473983765,58997,59008,11
13.0062198639,80.2473678589,59008,59018,10
13.0058097839,80.2473602295,59018,59028,10
13.0053396225,80.2473373413,59028,59038,10
13.0045604706,80.2473831177,59038,59048,10
13.0035600662,80.2475280762,59048,59058,10
13.0026102066,80.2476806641,59058,59068,10
13.0017900467,80.2478866577,59068,59078,10
13.0008201599,80.2481384277,59078,59088,10
12.9996404648,80.2484130859,59088,59099,11
12.9981498718,80.2488021851,59099,59109,10
12.9967002869,80.249168396,59109,59119,10
12.9952802658,80.2495498657,59119,59129,10
12.9938602448,80.2499237061,59129,59139,10
12.9924297333,80.25025177,59139,59149,10
12.9912900925,80.2505722046,59149,59159,10
12.9909801483,80.2506637573,59159,59169,10
12.9907503128,80.2507095337,59169,59179,10
12.9904298782,80.250793457,59179,59190,11
12.9903202057,80.2508087158,59190,59362,172
12.9903202057,80.2508087158,59362,59372,10
12.9899501801,80.2508773804,59372,59382,10
12.9894599915,80.2510223389,59382,59392,10
12.988940239,80.2511672974,59392,59432,40
12.988940239,80.2511672974,59432,59442,10
12.9885702133,80.2513198853,59442,59624,182
12.9885702133,80.2513198853,59624,59635,11
12.9881801605,80.2513504028,59635,59645,10
12.9880199432,80.2513809204,59645,59655,10
12.9876899719,80.251449585,59655,59665,10
12.9870901108,80.2516021729,59665,59675,10
12.9862699509,80.2518386841,59675,59685,10
12.9853200912,80.2520828247,59685,59695,10
12.9841804504,80.2523803711,59695,59705,10
12.9830503464,80.2526168823,59705,59715,10
12.9817399979,80.2526626587,59715,59726,11
12.9804201126,80.252746582,59726,59736,10
12.9799900055,80.2527999878,59736,59746,10
12.9799003601,80.2527770996,59746,59756,10
12.9795198441,80.2527236938,59756,59766,10
12.9789104462,80.2526397705,59766,59776,10
12.9787502289,80.2526092529,59776,59786,10
12.9784698486,80.2524490356,59786,59796,10
12.9781198502,80.2521820068,59796,59806,10
12.9775800705,80.2517089844,59806,59817,11
12.9766702652,80.2512435913,59817,59827,10
12.975569725,80.2509231567,59827,59837,10
12.9742803574,80.2505569458,59837,59847,10
12.9728899002,80.2501831055,59847,59857,10
12.9714899063,80.2498168945,59857,59867,10
12.9700803757,80.249382019,59867,59877,10
12.9686403275,80.2488098145,59877,59887,10
12.96737957,80.248298645,59887,59898,11
12.966219902,80.247756958,59898,59908,10
12.9651899338,80.2474136353,59908,59918,10
12.9649200439,80.2473526001,59918,59928,10
12.9647197723,80.247253418,59928,59938,10
12.9641799927,80.2470321655,59938,59948,10
12.9634799957,80.2467575073,59948,59958,10
12.9629096985,80.2464370728,59958,59968,10
12.9621400833,80.2460632324,59968,59978,10
12.9611997604,80.2455825806,59978,59989,11
12.959980011,80.2450637817,59989,59999,10
12.9593496323,80.2448196411,59999,60009,10
12.9591903687,80.244720459,60009,60019,10
12.9586200714,80.2444610596,60019,60029,10
12.9578695297,80.244140625,60029,60039,10
12.9571800232,80.2438735962,60039,60049,10
12.9564599991,80.2435684204,60049,60059,10
12.9560804367,80.2434005737,60059,60069,10
12.9554004669,80.2431106567,60069,60080,11
12.9544496536,80.2427062988,60080,60090,10
12.9535398483,80.2423706055,60090,60100,10
12.9525604248,80.2419586182,60100,60110,10
12.951669693,80.2416915894,60110,60120,10
12.9516000748,80.2416534424,60120,60130,10
12.9512701035,80.2415237427,60130,60140,10
12.9505901337,80.2413024902,60140,60150,10
12.9496603012,80.2410202026,60150,60160,10
12.9486703873,80.2406387329,60160,60171,11
12.9472198486,80.2400436401,60171,60181,10
12.946269989,80.239692688,60181,60191,10
12.9452600479,80.2391204834,60191,60201,10
12.944319725,80.2381591797,60201,60211,10
12.9433498383,80.2371063232,60211,60221,10
12.942199707,80.2363815308,60221,60231,10
12.9408597946,80.2360534668,60231,60241,10
12.9399204254,80.2358322144,60241,60251,10
12.9397001266,80.2357406616,60251,60262,11
12.9393796921,80.2356033325,60262,60272,10
12.9387397766,80.2352828979,60272,60282,10
12.9378900528,80.2348403931,60282,60292,10
12.9368400574,80.2343215942,60292,60302,10
12.9358196259,80.2338409424,60302,60312,10
12.934920311,80.2334365845,60312,60322,10
12.9340000153,80.2330703735,60322,60332,10
12.9338502884,80.2329711914,60332,60343,11
12.9333496094,80.2327270508,60343,60353,10
12.932559967,80.2324066162,60353,60363,10
12.9315500259,80.2320632935,60363,60373,10
12.9303102493,80.2316818237,60373,60383,10
12.9292697906,80.2314224243,60383,60393,10
12.9288797379,80.2313308716,60393,60403,10
12.9285202026,80.231262207,60403,60413,10
12.9278297424,80.2311706543,60413,60423,10
12.9268903732,80.2310562134,60423,60434,11
12.9257001877,80.2309417725,60434,60444,10
12.9246101379,80.2308197021,60444,60454,10
12.9233999252,80.2306518555,60454,60464,10
12.9220199585,80.230430603,60464,60474,10
12.9204998016,80.2302322388,60474,60484,10
12.9190797806,80.2300567627,60484,60494,10
12.9177598953,80.2298965454,60494,60504,10
12.9163103104,80.2296676636,60504,60514,10
12.9148397446,80.2294616699,60514,60525,11
12.9136199951,80.2293319702,60525,60535,10
12.9134302139,80.229309082,60535,60545,10
12.913020134,80.2292480469,60545,60555,10
12.9123296738,80.2291412354,60555,60565,10
12.9114398956,80.2290115356,60565,60575,10
12.9103298187,80.2288284302,60575,60585,10
12.9090595245,80.2286224365,60585,60595,10
12.9085302353,80.2285308838,60595,60605,10
12.9081497192,80.2284622192,60605,60616,11
12.9074401855,80.2283477783,60616,60626,10
12.9069795609,80.2282791138,60626,60707,81
12.9069795609,80.2282791138,60707,60717,10
12.9067497253,80.2282714844,60717,60727,10
12.9065704346,80.2282562256,60727,60737,10
12.9060297012,80.2282104492,60737,60747,10
12.9052000046,80.2281570435,60747,60757,10
12.9041404724,80.2281112671,60757,60767,10
12.9028396606,80.2280502319,60767,60777,10
12.9016799927,80.2279891968,60777,60787,10
12.9011001587,80.2279586792,60787,60868,81
12.9011001587,80.2279586792,60868,60879,11
12.9007196426,80.2279815674,60879,60889,10
12.9000797272,80.2279434204,60889,60899,10
12.8994197845,80.2279129028,60899,60909,10
12.8993501663,80.2279129028,60909,60919,10
12.8989601135,80.2278900146,60919,60929,10
12.8982801437,80.2278366089,60929,60939,10
12.8974103928,80.2277908325,60939,60949,10
12.8963499069,80.2277374268,60949,60959,10
12.8950796127,80.2276916504,60959,60970,11
12.8936395645,80.2275924683,60970,60980,10
12.892370224,80.2274093628,60980,60990,10
12.8910799026,80.2273635864,60990,61000,10
12.8896303177,80.2273635864,61000,61010,10
12.8880796432,80.2273178101,61010,61020,10
12.8864898682,80.2270507813,61020,61030,10
12.8851604462,80.2267608643,61030,61040,10
12.8839197159,80.2266921997,61040,61050,10
12.882519722,80.2266998291,61050,61061,11
12.8808097839,80.2267608643,61061,61071,10
12.8791904449,80.2267837524,61071,61081,10
12.8776798248,80.2268829346,61081,61091,10
12.8766002655,80.2269821167,61091,61101,10
12.8764200211,80.2269897461,61101,61111,10
12.8760795593,80.2269973755,61111,61121,10
12.8753795624,80.2269592285,61121,61131,10
12.8744401932,80.2268371582,61131,61141,10
12.8727502823,80.2267303467,61141,61162,21
12.8727502823,80.2267303467,61162,61172,10
12.8724403381,80.2266998291,61172,61182,10
12.8717803955,80.2266769409,61182,61192,10
12.8708600998,80.2266464233,61192,61202,10
12.869720459,80.2265396118,61202,61212,10
12.8684396744,80.2264099121,61212,61222,10
12.8670597076,80.2265014648,61222,61232,10
12.8656702042,80.2266387939,61232,61243,11
12.8640403748,80.2265777588,61243,61253,10
12.8624696732,80.2265625,61253,61263,10
12.8612203598,80.2266235352,61263,61273,10
12.8609104156,80.2266235352,61273,61283,10
12.8606100082,80.226600647,61283,61293,10
12.8599395752,80.2264785767,61293,61303,10
12.8590202332,80.2263565063,61303,61313,10
12.8580799103,80.226272583,61313,61324,11
12.8568201065,80.2263183594,61324,61334,10
12.8554801941,80.2264633179,61334,61344,10
12.8540296555,80.2266235352,61344,61354,10
12.8526000977,80.2266769409,61354,61364,10
12.8511400223,80.2266311646,61364,61374,10
12.8495597839,80.2265930176,61374,61384,10
12.8480596542,80.226600647,61384,61394,10
12.8467302322,80.2266235352,61394,61404,10
12.8458099365,80.2266387939,61404,61415,11
12.8455295563,80.2266387939,61415,61425,10
12.8453397751,80.2266387939,61425,61435,10
12.8447599411,80.2266616821,61435,61445,10
12.8438997269,80.2267379761,61445,61455,10
12.8428001404,80.2269363403,61455,61465,10
12.8415203094,80.2272491455,61465,61475,10
12.8403196335,80.2275695801,61475,61485,10
12.8397598267,80.2277374268,61485,61495,10
12.8394804001,80.2277908325,61495,61506,11
12.8388795853,80.2279510498,61506,61516,10
12.8381004333,80.2281417847,61516,61526,10
12.8370599747,80.2283401489,61526,61536,10
12.8358001709,80.2285308838,61536,61546,10
12.8343496323,80.2287368774,61546,61556,10
12.8329896927,80.2289962769,61556,61566,10
12.8323402405,80.2291412354,61566,61576,10
12.8322095871,80.2291564941,61576,61586,10
12.8319797516,80.2292098999,61586,61597,11
12.8316202164,80.229133606,61597,61607,10
12.8315496445,80.2287902832,61607,61617,10
12.8314504623,80.2282028198,61617,61627,10
12.8312702179,80.2273406982,61627,61637,10
12.8310699463,80.2263412476,61637,61647,10
12.8310604095,80.2251205444,61647,61657,10
12.8310699463,80.2246170044,61657,61667,10
12.8310699463,80.2240829468,61667,61677,10
12.8310804367,80.223197937,61677,61688,11
12.8310899734,80.2222366333,61688,61698,10
12.8310899734,80.2218170166,61698,61708,10
12.8311004639,80.2210388184,61708,61718,10
12.8311004639,80.2200393677,61718,61728,10
12.8310403824,80.2195663452,61728,61738,10
12.8304595947,80.2194519043,61738,61748,10
12.8296098709,80.2194824219,61748,61758,10
12.828619957,80.2194976807,61758,61768,10
12.8276700974,80.2194900513,61768,61779,11
12.8275003433,80.2194900513,61779,61789,10
12.8269300461,80.2194824219,61789,61799,10
12.8262195587,80.2194671631,61799,61809,10
12.825920105,80.2194137573,61809,61819,10
12.8258600235,80.2190933228,61819,61829,10
12.8258600235,80.2185134888,61829,61839,10
12.8258600235,80.2177734375,61839,61849,10
12.8258495331,80.2169265747,61849,61860,11
12.8257303238,80.2160186768,61860,61870,10
12.8254098892,80.2160186768,61870,61880,10
12.824640274,80.2159805298,61880,62052,172
12.824640274,80.2159805298,62052,62062,10
12.824259758,80.2160186768,62062,62072,10
12.8237199783,80.216003418,62072,62082,10
12.8229703903,80.2160186768,62082,62092,10
12.822719574,80.2160415649,62092,62102,10
12.8226995468,80.2165679932,62102,62112,10
12.8226995468,80.2174072266,62112,62122,10
12.8226804733,80.2184371948,62122,62133,11
12.8226900101,80.2192687988,62133,62143,10
12.8228197098,80.2194976807,62143,62153,10
12.8228902817,80.2194900513,62153,62163,10
12.8232498169,80.2194900513,62163,62173,10
12.8239603043,80.2194824219,62173,62183,10
12.8248500824,80.2194595337,62183,62193,10
12.8254003525,80.2194595337,62193,62203,10
12.8254003525,80.2194671631,62203,62213,10
12.8256998062,80.2194976807,62213,62224,11
12.8262996674,80.2194824219,62224,62234,10
12.82695961,80.2194824219,62234,62244,10
12.8273897171,80.2194595337,62244,62456,212
12.8273897171,80.2194595337,62456,62466,10
12.8277597427,80.2194137573,62466,62476,10
12.8281097412,80.2194366455,62476,62487,11
12.828669548,80.2194595337,62487,62497,10
12.8294496536,80.2194671631,62497,62507,10
12.8303604126,80.2194671631,62507,62517,10
12.830909729,80.2194824219,62517,62527,10
12.831199646,80.2197570801,62527,62537,10
12.8311901093,80.2204666138,62537,62547,10
12.831199646,80.2213516235,62547,62557,10
12.8311796188,80.2220916748,62557,62566,9
12.8311700821,80.2223434448,62566,62578,12
12.8311595917,80.2229995728,62578,62588,10
12.8311500549,80.2238006592,62588,62598,10
12.8311395645,80.2245178223,62598,62608,10
12.8311395645,80.224822998,62608,62618,10
12.8311395645,80.2253799438,62618,62628,10
12.8311300278,80.2260971069,62628,62638,10
12.8312301636,80.2269134521,62638,62648,10
12.8314199448,80.2278213501,62648,62658,10
12.8316202164,80.2287368774,62658,62669,11
12.8317899704,80.2291870117,62669,62679,10
12.8321199417,80.2291183472,62679,62689,10
12.8324699402,80.229019165,62689,62699,10
12.8325500488,80.2289962769,62699,62709,10
12.8329601288,80.2289428711,62709,62719,10
12.8336400986,80.2288208008,62719,62729,10
12.8344697952,80.2286834717,62729,62739,10
12.8354597092,80.2285232544,62739,62750,11
12.8367395401,80.2283172607,62750,62760,10
12.8379402161,80.2281188965,62760,62770,10
12.8387002945,80.2279129028,62770,62780,10
12.8389501572,80.2278366089,62780,62830,50
12.8393497467,80.2276763916,62830,62891,61
12.8393497467,80.2276763916,62891,62901,10
12.839679718,80.2275390625,62901,62911,10
12.8401203156,80.2275085449,62911,62921,10
12.8407402039,80.2273712158,62921,62932,11
12.8416004181,80.2271575928,62932,62942,10
12.8425102234,80.2269592285,62942,62952,10
12.8435897827,80.2267608643,62952,62962,10
12.8445701599,80.2266387939,62962,62971,9
12.8452796936,80.2265930176,62971,62982,11
12.8454303741,80.2265701294,62982,62992,10
12.8454999924,80.2265701294,62992,63002,10
12.8458299637,80.2265701294,63002,63012,10
12.8464803696,80.2265625,63012,63023,11
12.8474302292,80.2265472412,63023,63033,10
12.8484401703,80.2265625,63033,63043,10
12.8495397568,80.2265625,63043,63053,10
12.8501300812,80.2265396118,63053,63063,10
12.8502702713,80.2265396118,63063,63073,10
12.8507795334,80.2265625,63073,63083,10
12.8515300751,80.226600647,63083,63093,10
12.8524398804,80.2266387939,63093,63103,10
12.8535499573,80.2266311646,63103,63114,11
12.8549404144,80.2265167236,63114,63124,10
12.8562803268,80.2263793945,63124,63134,10
12.8575401306,80.2262496948,63134,63144,10
12.858300209,80.2262191772,63144,63154,10
12.8585100174,80.2262496948,63154,63164,10
12.8589696884,80.2263031006,63164,63174,10
12.8597002029,80.2264099121,63174,63184,10
12.8606004715,80.2265396118,63184,63195,11
12.8618001938,80.2265472412,63195,63205,10
12.8630599976,80.2265014648,63205,63215,10
12.8643703461,80.2265396118,63215,63225,10
12.8656797409,80.2265701294,63225,63235,10
12.8668804169,80.2265014648,63235,63245,10
12.8680496216,80.2264099121,63245,63255,10
12.8691797256,80.2264633179,63255,63265,10
12.8704004288,80.2266082764,63265,63275,10
12.8715801239,80.2266769409,63275,63286,11
12.8725700378,80.2266769409,63286,63296,10
12.8729600906,80.2266921997,63296,63306,10
12.8734798431,80.2267074585,63306,63316,10
12.874329567,80.2267913818,63316,63326,10
12.8753299713,80.2269210815,63326,63336,10
12.8760299683,80.2269515991,63336,63346,10
12.8763198853,80.2269515991,63346,63356,10
12.8766403198,80.2269210815,63356,63366,10
12.8767795563,80.2269363403,63366,63377,11
12.8773202896,80.2269134521,63377,63387,10
12.8781003952,80.2268600464,63387,63397,10
12.8790397644,80.2267990112,63397,63407,10
12.8801803589,80.2267684937,63407,63417,10
12.8814496994,80.2267532349,63417,63427,10
12.8827896118,80.2267379761,63427,63437,10
12.8840398788,80.2267227173,63437,63447,10
12.8848495483,80.2266998291,63447,63457,10
12.8852300644,80.2266998291,63457,63468,11
12.8853797913,80.2267227173,63468,63478,10
12.8858604431,80.2268371582,63478,63488,10
12.8866300583,80.2270507813,63488,63498,10
12.8875598907,80.2272491455,63498,63508,10
12.8886995316,80.2273712158,63508,63518,10
12.8900403976,80.2273712158,63518,63528,10
12.8913803101,80.2273788452,63528,63538,10
12.8922395706,80.2273864746,63538,63548,10
12.8928699493,80.2274475098,63548,63559,11
12.8936595917,80.2275619507,63559,63569,10
12.894610405,80.2276382446,63569,63579,10
12.8957901001,80.2276992798,63579,63589,10
12.8971099854,80.2277603149,63589,63599,10
12.8989400864,80.2278671265,63599,63640,41
12.8989400864,80.2278671265,63640,63650,10
12.8990497589,80.2278671265,63650,63660,10
12.8991098404,80.2278671265,63660,63670,10
12.8994998932,80.2278900146,63670,63680,10
12.900179863,80.2279281616,63680,63690,10
12.9009599686,80.2279663086,63690,63700,10
12.901599884,80.2280197144,63700,63710,10
12.9022598267,80.2280426025,63710,63720,10
12.902879715,80.2280426025,63720,63731,11
12.9030704498,80.2280197144,63731,63741,10
12.9032201767,80.2280197144,63741,63751,10
12.9034700394,80.2280426025,63751,63761,10
12.9037103653,80.2280883789,63761,63771,10
12.9040603638,80.2281112671,63771,63781,10
12.9044399261,80.2281417847,63781,63791,10
12.9048700333,80.2281723022,63791,63801,10
12.9052295685,80.2281570435,63801,63872,71
12.9052295685,80.2281570435,63872,63882,10
12.9053297043,80.2281570435,63882,63892,10
12.9057302475,80.2281799316,63892,63902,10
12.906129837,80.2282180786,63902,63913,11
12.9065704346,80.2282409668,63913,63923,10
12.9068698883,80.2282791138,63923,63933,10
12.906999588,80.2282867432,63933,63943,10
12.907500267,80.2283706665,63943,63953,10
12.9082698822,80.2285003662,63953,63963,10
12.9092597961,80.2286682129,63963,63973,10
12.9104204178,80.2288589478,63973,63983,10
12.9116001129,80.2290420532,63983,63993,10
12.9126596451,80.2291793823,63993,64004,11
12.9134502411,80.2293014526,64004,64014,10
12.9137496948,80.2293167114,64014,64025,11
12.9141798019,80.229347229,64025,64054,29
12.914850235,80.2294387817,64054,64064,10
12.9158201218,80.2296066284,64064,64074,10
12.9167604446,80.2297363281,64074,64084,10
12.9175195694,80.2298736572,64084,64095,11
12.918419838,80.2299880981,64095,64105,10
12.9190797806,80.2300872803,64105,64114,9
12.9195899963,80.2301483154,64114,64125,11
12.9204101563,80.2302627563,64125,64135,10
12.9213104248,80.2303619385,64135,64145,10
12.9223804474,80.2305221558,64145,64155,10
12.9236097336,80.2306976318,64155,64165,10
12.9249296188,80.2308578491,64165,64176,11
12.9261302948,80.2309570313,64176,64186,10
12.9263896942,80.2310028076,64186,64196,10
12.9265003204,80.2310333252,64196,64206,10
12.9269504547,80.231086731,64206,64216,10
12.9276800156,80.2311782837,64216,64226,10
12.9284095764,80.2312698364,64226,64236,10
12.9285202026,80.2312774658,64236,64246,10
12.9286403656,80.231300354,64246,64256,10
12.9286499023,80.231300354,64256,64267,11
12.929019928,80.2313995361,64267,64277,10
12.9295902252,80.2315216064,64277,64287,10
12.9303798676,80.2317199707,64287,64297,10
12.9313402176,80.2320098877,64297,64307,10
12.9324197769,80.2323608398,64307,64317,10
12.9333600998,80.2326889038,64317,64327,10
12.9337997437,80.2328796387,64327,64337,10
12.9338703156,80.2329101563,64337,64347,10
12.9342603683,80.2330932617,64347,64358,11
12.9349803925,80.2334213257,64358,64368,10
12.9357700348,80.2337799072,64368,64378,10
12.9367103577,80.2342376709,64378,64388,10
12.9378204346,80.2347564697,64388,64398,10
12.9388799667,80.2352905273,64398,64408,10
12.9394903183,80.2355804443,64408,64418,10
12.9395198822,80.2356033325,64418,64428,10
12.9395799637,80.2356719971,64428,64438,10
12.9399404526,80.2358169556,64438,64449,11
12.9406499863,80.236038208,64449,64459,10
12.9414701462,80.2362365723,64459,64469,10
12.942440033,80.2365036011,64469,64479,10
12.9433698654,80.2370834351,64479,64489,10
12.9441099167,80.2378921509,64489,64499,10
12.9449901581,80.2388305664,64499,64509,10
12.9457702637,80.2394104004,64509,64519,10
12.9468803406,80.2398529053,64519,64529,10
12.9471302032,80.2399520874,64529,64540,11
12.9471902847,80.239982605,64540,64550,10
12.9475603104,80.2401428223,64550,64560,10
12.9480199814,80.2403182983,64560,64570,10
12.9483003616,80.2404327393,64570,64590,20
12.9483003616,80.2404327393,64590,64600,10
12.9484395981,80.2404937744,64600,64610,10
12.9488201141,80.2406463623,64610,64621,11
12.9493503571,80.2408599854,64621,64631,10
12.9499101639,80.2410507202,64631,64641,10
12.9506502151,80.2412796021,64641,64651,10
12.9507799149,80.2413024902,64651,64661,10
12.9508895874,80.2413635254,64661,64671,10
12.9511404037,80.2414627075,64671,64681,10
12.9514303207,80.2415618896,64681,64691,10
12.9521102905,80.2417907715,64691,64701,10
12.9528102875,80.2420425415,64701,64712,11
12.9536104202,80.2423629761,64712,64722,10
12.9543199539,80.2426376343,64722,64732,10
12.9549503326,80.2428817749,64732,64742,10
12.9558801651,80.2432174683,64742,64782,40
12.9558801651,80.2432174683,64782,64792,10
12.9559803009,80.2432632446,64792,64803,11
12.9562301636,80.243347168,64803,64813,10
12.9562997818,80.2433776855,64813,64823,10
12.9564800262,80.2434616089,64823,64833,10
12.9569396973,80.2436599731,64833,64843,10
12.9576702118,80.2439804077,64843,64853,10
12.9583597183,80.2442626953,64853,64863,10
12.9583997726,80.2442779541,64863,64873,10
12.9585399628,80.2443389893,64873,64883,10
12.9588003159,80.2444534302,64883,64894,11
12.9590396881,80.2445526123,64894,64904,10
12.9595603943,80.2447891235,64904,64914,10
12.9602804184,80.2451171875,64914,64924,10
12.9611196518,80.2455215454,64924,64934,10
12.9620103836,80.2459487915,64934,64944,10
12.9628400803,80.2463378906,64944,64985,41
12.9628400803,80.2463378906,64985,64995,10
12.9628601074,80.2463607788,64995,65005,10
12.9631795883,80.2465362549,65005,65015,10
12.9636001587,80.2467498779,65015,65025,10
12.964220047,80.2470016479,65025,65035,10
12.9649295807,80.2472763062,65035,65045,10
12.9656095505,80.2475204468,65045,65055,10
12.9662399292,80.2477798462,65055,65066,11
12.966750145,80.2479400635,65066,65076,10
12.9670200348,80.2480773926,65076,65086,10
12.9670600891,80.2481002808,65086,65096,10
12.9673404694,80.248260498,65096,65106,10
12.9679498672,80.2485122681,65106,65116,10
12.96875,80.2488174438,65116,65126,10
12.9696798325,80.2491836548,65126,65136,10
12.9706201553,80.2495422363,65136,65146,10
12.971619606,80.2498626709,65146,65157,11
12.9727897644,80.2501831055,65157,65167,10
12.9737596512,80.2504272461,65167,65177,10
12.974650383,80.2506713867,65177,65187,10
12.9752197266,80.2508468628,65187,65359,172
12.9752197266,80.2508468628,65359,65369,10
12.9754199982,80.2509002686,65369,65379,10
12.9755897522,80.2509536743,65379,65389,10
12.9758396149,80.2510223389,65389,65399,10
12.9762296677,80.251121521,65399,65409,10
12.976360321,80.251159668,65409,65419,10
12.9764995575,80.2511978149,65419,65430,11
12.9769201279,80.2513427734,65430,65440,10
12.9772500992,80.2514724731,65440,65450,10
12.9775400162,80.2516708374,65450,65460,10
12.9778604507,80.2519302368,65460,65470,10
12.9783401489,80.2522888184,65470,65561,91
12.9783401489,80.2522888184,65561,65571,10
12.9786396027,80.2524871826,65571,65875,304
12.9786396027,80.2524871826,65875,65885,10
12.9788999557,80.2526168823,65885,65895,10
12.9791297913,80.2526779175,65895,65905,10
12.9794301987,80.2526779175,65905,65915,10
12.9800395966,80.2527084351,65915,65925,10
12.9806404114,80.2527236938,65925,65935,10
12.9813995361,80.2527008057,65935,65945,10
12.9821395874,80.2526931763,65945,65956,11
12.982749939,80.2526626587,65956,65966,10
12.9835996628,80.252532959,65966,65976,10
12.9843196869,80.2522888184,65976,65986,10
12.9846801758,80.252166748,65986,66208,222
12.9846801758,80.252166748,66208,66218,10
12.9848299026,80.2521591187,66218,66229,11
12.9852304459,80.2520599365,66229,66239,10
12.9857301712,80.2519226074,66239,66289,50
12.9857301712,80.2519226074,66289,66299,10
12.9862298965,80.2517623901,66299,66471,172
12.9862298965,80.2517623901,66471,66481,10
12.9863700867,80.251739502,66481,66492,11
12.9869003296,80.2516098022,66492,66502,10
12.9875602722,80.2514190674,66502,66512,10
12.9882001877,80.2512893677,66512,66522,10
12.9896001816,80.2509231567,66522,66542,20
12.9896001816,80.2509231567,66542,66552,10
12.9897003174,80.2509536743,66552,66562,10
12.9900999069,80.2508621216,66562,66572,10
12.9905996323,80.2507400513,66572,66583,11
12.9916000366,80.2504806519,66583,66593,10
12.9924297333,80.2502593994,66593,66603,10
12.9933900833,80.25,66603,66613,10
12.9944000244,80.2497406006,66613,66623,10
12.9949598312,80.2495803833,66623,66633,10
12.9956102371,80.2494277954,66633,66643,10
12.9962596893,80.2492828369,66643,66653,10
12.9966497421,80.2491607666,66653,66663,10
12.9968395233,80.2491378784,66663,66674,11
12.9974098206,80.2490081787,66674,66684,10
12.9981403351,80.2488174438,66684,66694,10
12.9989900589,80.2485961914,66694,66704,10
12.9999799728,80.248336792,66704,66714,10
13.0010700226,80.2480621338,66714,66724,10
13.0020999908,80.2478103638,66724,66734,10
13.0030899048,80.2476196289,66734,66744,10
13.0042200089,80.2474365234,66744,66754,10
13.0052204132,80.2472915649,66754,66765,11
13.0060596466,80.2470397949,66765,66775,10
13.0063199997,80.2468414307,66775,66785,10
13.0064697266,80.2465362549,66785,66795,10
13.0064897537,80.2464981079,66795,66805,10
13.0065402985,80.2463607788,66805,66815,10
13.0065803528,80.2459793091,66815,66825,10
13.0065803528,80.2456817627,66825,66835,10
13.0066003799,80.2455291748,66835,66846,11
13.0066099167,80.245300293,66846,66856,10
13.0066099167,80.2451019287,66856,66866,10
13.0065898895,80.2448806763,66866,66876,10
13.0065803528,80.2446594238,66876,66886,10
13.0066003799,80.2444381714,66886,66896,10
13.0066003799,80.2442626953,66896,66906,10
13.0066003799,80.2439498901,66906,66916,10
13.0065898895,80.2437362671,66916,66926,10
13.0065898895,80.2436294556,66926,66937,11
13.0065803528,80.243309021,66937,66947,10
13.0065603256,80.2427825928,66947,66957,10
13.0065498352,80.2419891357,66957,66967,10
13.006649971,80.2406616211,66967,67028,61
13.006649971,80.2406616211,67028,67038,10
13.0066604614,80.2404022217,67038,67048,10
13.0067596436,80.240020752,67048,67058,10
13.006939888,80.2392196655,67058,67068,10
13.0070800781,80.2385177612,67068,67078,10
13.0071201324,80.2383728027,67078,67088,10
13.0072097778,80.2379379272,67088,67098,10
13.0073099136,80.2374191284,67098,67108,10
13.0073699951,80.2368469238,67108,67119,11
13.0074100494,80.2366790771,67119,67129,10
13.0075101852,80.2364273071,67129,67139,10
13.007610321,80.2359695435,67139,67149,10
13.0077104568,80.2354812622,67149,67159,10
13.0077400208,80.2353591919,67159,67169,10
13.0078201294,80.234992981,67169,67179,10
13.0079402924,80.2343826294,67179,67189,10
13.008099556,80.233581543,67189,67199,10
13.0083599091,80.2323913574,67199,67210,11
13.0085897446,80.2311630249,67210,67220,10
13.0088500977,80.2298583984,67220,67230,10
13.0090799332,80.228729248,67230,67240,10
13.0094299316,80.2276611328,67240,67250,10
13.0098800659,80.2266235352,67250,67260,10
13.0103797913,80.2255172729,67260,67280,20
13.0103797913,80.2255172729,67280,67291,11
13.0105695724,80.2251434326,67291,67301,10
13.010720253,80.2247009277,67301,67311,10
13.0108604431,80.2243118286,67311,67321,10
13.011179924,80.2234802246,67321,67382,61
13.011179924,80.2234802246,67382,67392,10
13.0114202499,80.2231369019,67392,67402,10
13.0115404129,80.2227630615,67402,67412,10
13.0118198395,80.2219619751,67412,67422,10
13.0122699738,80.2215499878,67422,67432,10
13.0125799179,80.2219009399,67432,67441,9
13.0130596161,80.2224502563,67441,67452,11
13.0134601593,80.2229003906,67452,67462,10
13.0140304565,80.2236022949,67462,67473,11
13.01445961,80.2241516113,67473,67483,10
13.0150098801,80.2247161865,67483,67493,10
13.0156002045,80.225151062,67493,67513,20
13.0156002045,80.225151062,67513,67523,10
13.0158195496,80.2253494263,67523,67533,10
13.0164003372,80.2254104614,67533,67543,10
13.0172595978,80.2250900269,67543,67553,10
13.0181999207,80.2247161865,67553,67564,11
13.0194196701,80.2243804932,67564,67594,30
13.0194196701,80.2243804932,67594,67604,10
13.0195503235,80.2244720459,67604,67614,10
13.019659996,80.2245407104,67614,67624,10
13.0198802948,80.2247390747,67624,67634,10
13.020190239,80.2249832153,67634,67645,11
13.0204801559,80.225189209,67645,67655,10
13.020819664,80.225402832,67655,67665,10
13.0210599899,80.2255630493,67665,67837,172
13.0212802887,80.2258071899,67837,68009,172
13.0212802887,80.2258071899,68009,68019,10
13.0213403702,80.2258300781,68019,68029,10
13.0217103958,80.2260894775,68029,68039,10
13.022190094,80.2264633179,68039,68049,10
13.0224504471,80.2266921997,68049,68059,10
13.0228204727,80.2270278931,68059,68069,10
13.0233297348,80.2275238037,68069,68079,10
13.0240697861,80.2281799316,68079,68100,21
13.0240697861,80.2281799316,68100,68110,10
13.0242900848,80.2284088135,68110,68191,81
13.0242900848,80.2284088135,68191,68201,10
13.0243797302,80.2286682129,68201,68211,10
13.0241298676,80.2285385132,68211,68221,10
13.0238399506,80.2281570435,68221,68231,10
13.0234699249,80.2278137207,68231,68353,122
13.0234699249,80.2278137207,68353,68363,10
13.023229599,80.2275466919,68363,68373,10
13.0231199265,80.2274475098,68373,68383,10
13.0229597092,80.2272720337,68383,68393,10
13.0227499008,80.2270889282,68393,68403,10
13.0225801468,80.2269210815,68403,68413,10
13.0225200653,80.226852417,68413,68423,10
13.0223903656,80.2267227173,68423,68433,10
13.0221204758,80.2264709473,68433,68444,11
13.0216798782,80.2260894775,68444,68454,10
13.0212001801,80.2257232666,68454,68464,10
13.020819664,80.225402832,68464,68474,10
13.0202302933,80.2250213623,68474,68484,10
13.0197896957,80.2247161865,68484,68504,20
13.0197896957,80.2247161865,68504,68514,10
13.0195798874,80.2246322632,68514,68524,10
13.0189599991,80.2244873047,68524,68535,11
13.0180196762,80.224822998,68535,68545,10
13.0170497894,80.2252197266,68545,68555,10
13.0161304474,80.2256011963,68555,68565,10
13.0149097443,80.2260818481,68565,68585,20
13.0149097443,80.2260818481,68585,68595,10
13.0148696899,80.2261276245,68595,68605,10
13.0145397186,80.2262268066,68605,68615,10
13.0142097473,80.2263412476,68615,68626,11
13.0141601563,80.2263412476,68626,68636,10
13.0138301849,80.2264709473,68636,68646,10
13.0132398605,80.2266998291,68646,68656,10
13.0125102997,80.2270126343,68656,68666,10
13.0117197037,80.2273025513,68666,68676,10
13.0109100342,80.2276229858,68676,68686,10
13.0100297928,80.2279586792,68686,68696,10
13.0092897415,80.2283172607,68696,68707,11
13.0090799332,80.2290802002,68707,68717,10
13.0089597702,80.2297515869,68717,68727,10
13.0088500977,80.2303771973,68727,68737,10
13.0087604523,80.2308883667,68737,68747,10
13.0086803436,80.231338501,68747,68757,10
13.0086603165,80.2313995361,68757,68767,10
13.008600235,80.231590271,68767,68777,10
13.0085496902,80.2318115234,68777,68787,10
13.0085096359,80.2320480347,68787,68798,11
13.0084400177,80.232383728,68798,68818,20
13.0084400177,80.232383728,68818,68828,10
13.0083799362,80.2326278687,68828,68838,10
13.0083398819,80.2328720093,68838,68848,10
13.0082902908,80.2331390381,68848,68858,10
13.0082702637,80.2334899902,68858,68868,10
13.0082597733,80.2334976196,68868,68878,10
13.0081796646,80.233757019,68878,68889,11
13.008099556,80.2340087891,68889,68899,10
13.0080099106,80.2344589233,68899,68929,30
13.0080099106,80.2344589233,68929,68939,10
13.0079202652,80.2348175049,68939,68949,10
13.0078201294,80.2353515625,68949,68959,10
13.0077800751,80.2356262207,68959,68969,10
13.0077295303,80.2358703613,68969,68990,21
13.0077295303,80.2358703613,68990,69000,10
13.0076398849,80.236328125,69000,69020,20
13.0076398849,80.236328125,69020,69030,10
13.0075798035,80.2366485596,69030,69050,20
13.007519722,80.2369384766,69050,69081,31
13.007519722,80.2369384766,69081,69091,10
13.0074300766,80.2372589111,69091,69101,10
13.007349968,80.2375411987,69101,69111,10
13.0073404312,80.2378005981,69111,69121,10
13.0073099136,80.23802948,69121,69131,10
13.007229805,80.2382736206,69131,69141,10
13.007229805,80.23828125,69141,69152,11
13.0071601868,80.2383880615,69152,69162,10
13.007109642,80.2387008667,69162,69172,10
13.0070199966,80.2392196655,69172,69182,10
13.0069303513,80.2397384644,69182,69192,10
13.0068597794,80.2401275635,69192,69202,10
13.0067195892,80.2408218384,69202,69212,10
13.0066299438,80.2416763306,69212,69222,10
13.0066299438,80.2426681519,69222,69232,10
13.006649971,80.2434997559,69232,69243,11
13.0066604614,80.2445907593,69243,69253,10
13.0066900253,80.2454528809,69253,69263,10
13.0067195892,80.2461700439,69263,69273,10
13.0067195892,80.2466506958,69273,69293,20
13.0067195892,80.2466506958,69293,69303,10
13.0067195892,80.2469177246,69303,69313,10
13.0066995621,80.2473831177,69313,69323,10
13.0062999725,80.2474975586,69323,69334,11
13.0060596466,80.2474899292,69334,69344,10
13.0058898926,80.2474594116,69344,69354,10
13.0054597855,80.2474212646,69354,69364,10
13.0047903061,80.2474365234,69364,69374,10
13.0040302277,80.2475204468,69374,69384,10
13.0030899048,80.2476577759,69384,69394,10
13.0020198822,80.2478790283,69394,69404,10
13.0008897781,80.2481536865,69404,69414,10
12.9996795654,80.2484512329,69414,69425,11
12.9984102249,80.2487869263,69425,69435,10
12.9979200363,80.2489318848,69435,69445,10
12.997759819,80.2489624023,69445,69455,10
12.997300148,80.2490615845,69455,69465,10
12.9966096878,80.2492294312,69465,69475,10
12.9958200455,80.2494277954,69475,69485,10
12.9948997498,80.2496490479,69485,69495,10
12.9938802719,80.2499237061,69495,69505,10
12.9928798676,80.2501678467,69505,69516,11
12.992389679,80.2503204346,69516,69758,242
12.992389679,80.2503204346,69758,69768,10
12.9920701981,80.2503890991,69768,69779,11
12.9917802811,80.2504577637,69779,69789,10
12.9913902283,80.2505569458,69789,69799,10
12.991109848,80.2506484985,69799,69809,10
12.9909496307,80.2506866455,69809,69819,10
12.990819931,80.2507095337,69819,69829,10
12.9906396866,80.2507629395,69829,69839,10
12.9903497696,80.2508392334,69839,69859,20
12.9902000427,80.2508621216,69859,70112,253
12.9902000427,80.2508621216,70112,70122,10
12.9898300171,80.2509384155,70122,70133,11
12.9896497726,80.2509994507,70133,70143,10
12.9894199371,80.2510528564,70143,70153,10
12.9891700745,80.251121521,70153,70163,10
12.9888896942,80.2511825562,70163,70173,10
12.9886398315,80.2512283325,70173,70183,10
12.9881401062,80.2513809204,70183,70191,8
12.9877595901,80.2514724731,70191,70203,12
12.9873600006,80.2515716553,70203,70213,10
12.9869203568,80.251701355,70213,70224,11
12.986120224,80.2518920898,70224,70234,10
12.9854001999,80.2520599365,70234,70244,10
12.9845104218,80.2522964478,70244,70254,10
12.983499527,80.2525482178,70254,70264,10
12.982460022,80.2526702881,70264,70274,10
12.9815597534,80.2526931763,70274,70284,10
12.9807901382,80.2527084351,70284,70294,10
12.9801197052,80.2527313232,70294,70304,10
12.9796495438,80.2527084351,70304,70315,11
12.979060173,80.2526702881,70315,70325,10
12.9785604477,80.2525787354,70325,70335,10
12.9783802032,80.2525100708,70335,70345,10
12.9782495499,80.2524108887,70345,70355,10
12.9778404236,80.2520599365,70355,70365,10
12.9772596359,80.2515563965,70365,70375,10
12.9764299393,80.2512207031,70375,70385,10
12.9755496979,80.2509689331,70385,70395,10
12.974360466,80.2506332397,70395,70406,11
12.9730901718,80.2502822876,70406,70416,10
12.9720602036,80.25,70416,70426,10
12.9710302353,80.2497406006,70426,70436,10
12.9699296951,80.2493667603,70436,70446,10
12.9688196182,80.248916626,70446,70456,10
12.9680900574,80.2486572266,70456,70466,10
12.9677495956,80.2485427856,70466,70476,10
12.9675102234,80.2484817505,70476,70487,11
12.9671497345,80.2482910156,70487,70507,20
12.9671497345,80.2482910156,70507,70517,10
12.9667797089,80.2480773926,70517,70527,10
12.9664402008,80.2479171753,70527,70537,10
12.9658899307,80.2476806641,70537,70547,10
12.9652900696,80.2474517822,70547,70557,10
12.9650402069,80.2473983765,70557,70567,10
12.9649801254,80.2473907471,70567,70578,11
12.9645700455,80.2472381592,70578,70588,10
12.9641199112,80.2470703125,70588,70598,10
12.964050293,80.2470474243,70598,70608,10
12.9638795853,80.2469787598,70608,70618,10
12.9634799957,80.2468109131,70618,70628,10
12.9628896713,80.2464981079,70628,70638,10
12.9622001648,80.2461471558,70638,70648,10
12.9614200592,80.2457427979,70648,70658,10
12.960559845,80.2453308105,70658,70669,11
12.9599504471,80.2450637817,70669,70679,10
12.9594497681,80.2448730469,70679,70689,10
12.9593801498,80.2448425293,70689,70699,10
12.959230423,80.244758606,70699,70709,10
12.9590396881,80.2446594238,70709,70719,10
12.9585800171,80.244468689,70719,70729,10
12.9579296112,80.2442092896,70729,70739,10
12.9573202133,80.2439880371,70739,70749,10
12.9566202164,80.2438278198,70749,70760,11
12.956319809,80.2437133789,70760,70770,10
12.9560604095,80.2436065674,70770,70780,10
12.9555597305,80.2433166504,70780,70790,10
12.9548902512,80.2429962158,70790,70800,10
12.9541301727,80.2426605225,70800,70810,10
12.9534502029,80.2423782349,70810,70820,10
12.9526996613,80.2420806885,70820,70830,10
12.9518404007,80.2417602539,70830,70840,10
12.9515104294,80.2416534424,70840,70851,11
12.951259613,80.2415390015,70851,70861,10
12.9507398605,80.2413635254,70861,70871,10
12.9500398636,80.2411499023,70871,70881,10
12.9492397308,80.2409286499,70881,70891,10
12.9487495422,80.2406997681,70891,70901,10
12.9480304718,80.2404098511,70901,70911,10
12.9472198486,80.2400817871,70911,70921,10
12.946849823,80.2399520874,70921,70932,11
12.94672966,80.2398986816,70932,70942,10
12.9463300705,80.2397384644,70942,70952,10
12.9457397461,80.2394790649,70952,70962,10
12.9450998306,80.2390365601,70962,70972,10
12.9444904327,80.2384033203,70972,70982,10
12.9438199997,80.2376708984,70982,70992,10
12.9430599213,80.2369003296,70992,71002,10
12.9419698715,80.236366272,71002,71012,10
12.9406900406,80.2360687256,71012,71023,11
12.9396600723,80.2357711792,71023,71033,10
12.9390602112,80.2355499268,71033,71043,10
12.9388999939,80.2354278564,71043,71053,10
12.93846035,80.2351608276,71053,71063,10
12.937959671,80.2349090576,71063,71073,10
12.93708992,80.2344818115,71073,71083,10
12.936249733,80.2340774536,71083,71093,10
12.9354400635,80.2336883545,71093,71103,10
12.9346199036,80.2333297729,71103,71114,11
12.9337997437,80.233001709,71114,71124,10
12.9337596893,80.2329788208,71124,71134,10
12.9335803986,80.2328720093,71134,71144,10
12.933139801,80.2326507568,71144,71154,10
12.9324502945,80.2323913574,71154,71164,10
12.9315700531,80.2321166992,71164,71174,10
12.9305400848,80.2317886353,71174,71184,10
12.9294996262,80.2315292358,71184,71194,10
12.9288797379,80.2313995361,71194,71205,11
12.9281997681,80.2312927246,71205,71215,10
12.9273996353,80.2311935425,71215,71225,10
12.9264497757,80.2310791016,71225,71235,10
12.9257001877,80.2310409546,71235,71245,10
12.9255599976,80.231010437,71245,71255,10
12.9252195358,80.2309417725,71255,71265,10
12.9246702194,80.2308578491,71265,71275,10
12.9239196777,80.230758667,71275,71286,11
12.9229297638,80.2306137085,71286,71296,10
12.9218502045,80.2304382324,71296,71306,10
12.9206199646,80.2302703857,71306,71316,10
12.9193496704,80.2301177979,71316,71326,10
12.9181404114,80.2299499512,71326,71336,10
12.9168596268,80.2297897339,71336,71346,10
12.9155397415,80.2296066284,71346,71356,10
12.9144496918,80.2294387817,71356,71366,10
12.9135599136,80.2293395996,71366,71377,11
12.913189888,80.2293014526,71377,71387,10
12.9130601883,80.2292785645,71387,71397,10
12.9125900269,80.2292022705,71397,71407,10
12.911860466,80.2291030884,71407,71417,10
12.9109897614,80.2289810181,71417,71427,10
12.9099798203,80.2288208008,71427,71437,10
12.9088497162,80.2286224365,71437,71447,10
12.9074602127,80.2283782959,71447,71569,122
12.9074602127,80.2283782959,71569,71579,10
12.9072999954,80.2283782959,71579,71589,10
12.906920433,80.2283325195,71589,71599,10
12.9063501358,80.2282791138,71599,71609,10
12.9057397842,80.2282409668,71609,71619,10
12.9047002792,80.2281799316,71619,71629,10
12.9041996002,80.2281494141,71629,71650,21
12.9041996002,80.2281494141,71650,71660,10
12.9039297104,80.2281570435,71660,71670,10
12.9033098221,80.2281570435,71670,71680,10
12.9026002884,80.2281265259,71680,71690,10
12.9021396637,80.2281036377,71690,71700,10
12.9017496109,80.2280807495,71700,71710,10
12.901599884,80.2280578613,71710,71720,10
12.9013595581,80.2280578613,71720,71872,152
12.9013595581,80.2280578613,71872,71882,10
12.9011096954,80.2281036377,71882,71892,10
12.900759697,80.2280273438,71892,71902,10
12.9002504349,80.2279891968,71902,71913,11
12.8996896744,80.2279663086,71913,71923,10
12.8994197845,80.2279510498,71923,71933,10
12.8993196487,80.2279281616,71933,71943,10
12.8989200592,80.227897644,71943,71953,10
12.8983697891,80.2278366089,71953,71963,10
12.8978004456,80.2277984619,71963,71973,10
12.8970403671,80.2277526855,71973,71983,10
12.8961601257,80.227722168,71983,71993,10
12.8951501846,80.2276763916,71993,72004,11
12.8938999176,80.2276077271,72004,72014,10
12.8926897049,80.2274703979,72014,72024,10
12.891500473,80.2274017334,72024,72034,10
12.8901996613,80.2274017334,72034,72044,10
12.8889303207,80.2274017334,72044,72054,10
12.8878803253,80.2273406982,72054,72064,10
12.8869304657,80.2272109985,72064,72074,10
12.8859701157,80.2269821167,72074,72084,10
12.8850803375,80.2267990112,72084,72095,11
12.8844404221,80.2267684937,72095,72105,10
12.8843097687,80.2267684937,72105,72115,10
12.8838300705,80.2267608643,72115,72125,10
12.8830795288,80.2267608643,72125,72135,10
12.8821897507,80.2267684937,72135,72145,10
12.8811502457,80.2267913818,72145,72155,10
12.8799800873,80.2267913818,72155,72165,10
12.8787002563,80.2268295288,72165,72175,10
12.8774404526,80.2269287109,72175,72186,11
12.8767595291,80.2269973755,72186,72196,10
12.8766803741,80.2270202637,72196,72206,10
12.8764696121,80.2270278931,72206,72216,10
12.8760299683,80.2270278931,72216,72226,10
12.8753299713,80.2269973755,72226,72236,10
12.8744602203,80.2268981934,72236,72246,10
12.8734302521,80.2267913818,72246,72256,10
12.8726196289,80.2267837524,72256,72267,11
12.8724498749,80.2267608643,72267,72277,10
12.8719701767,80.2267532349,72277,72287,10
12.8712396622,80.2267227173,72287,72297,10
12.8703899384,80.2266616821,72297,72307,10
12.8694000244,80.2265472412,72307,72318,11
12.8685102463,80.2264480591,72318,72328,10
12.8668403625,80.2265472412,72328,72338,10
12.865480423,80.2266387939,72338,72348,10
12.8640604019,80.2265930176,72348,72359,11
12.8625602722,80.2265930176,72359,72369,10
12.8613595963,80.2266464233,72369,72379,10
12.8606901169,80.2266387939,72379,72389,10
12.86054039,80.2266311646,72389,72399,10
12.8599996567,80.2265625,72399,72409,10
12.8592395782,80.2264480591,72409,72419,10
12.8584604263,80.2263565063,72419,72429,10
12.8575801849,80.2263183594,72429,72440,11
12.8565797806,80.2264022827,72440,72450,10
12.8553495407,80.2265090942,72450,72460,10
12.8541002274,80.2266387939,72460,72470,10
12.8527297974,80.2267303467,72470,72480,10
12.8512401581,80.2266693115,72480,72490,10
12.8496904373,80.2266235352,72490,72500,10
12.8482398987,80.2266235352,72500,72510,10
12.8470697403,80.2266387939,72510,72520,10
12.846039772,80.2266693115,72520,72530,10
12.8451795578,80.2266769409,72530,72541,11
12.844909668,80.2266998291,72541,72551,10
12.8446598053,80.2266998291,72551,72561,10
12.8440799713,80.2267608643,72561,72571,10
12.8433303833,80.2268371582,72571,72581,10
12.8424196243,80.2270126343,72581,72591,10
12.8413496017,80.2272720337,72591,72601,10
12.8402900696,80.2275772095,72601,72611,10
12.839969635,80.2277069092,72611,72662,51
12.839969635,80.2277069092,72662,72672,10
12.8396701813,80.2277374268,72672,72692,20
12.8396701813,80.2277374268,72692,72703,11
12.8391399384,80.2278823853,72703,72713,10
12.8384399414,80.2280578613,72713,72723,10
12.8375597,80.2282562256,72723,72733,10
12.8364696503,80.2284164429,72733,72743,10
12.8352098465,80.2286071777,72743,72753,10
12.8338603973,80.2288284302,72753,72763,10
12.8327198029,80.2290725708,72763,72773,10
12.8323202133,80.2291488647,72773,72783,10
12.8322200775,80.2291564941,72783,72793,10
12.8318996429,80.2292327881,72793,72804,11
12.8312597275,80.2294006348,72804,72814,10
12.8304796219,80.2296829224,72814,72824,10
12.8295402527,80.2300415039,72824,72834,10
12.8285198212,80.2304916382,72834,72844,10
12.8275203705,80.231048584,72844,72854,10
12.8265199661,80.2313995361,72854,72864,10
12.8253498077,80.2314682007,72864,72874,10
12.8241996765,80.2313537598,72874,72884,10
12.82310009,80.2310180664,72884,72895,11
12.8218603134,80.2306365967,72895,72905,10
12.8207702637,80.230506897,72905,72915,10
12.8197002411,80.2305374146,72915,72925,10
12.8185596466,80.230430603,72925,72935,10
12.8174495697,80.2299194336,72935,72945,10
12.8162002563,80.2295303345,72945,72955,10
12.8149003983,80.2293395996,72955,72965,10
12.8135995865,80.229057312,72965,72975,10
12.8123703003,80.2286529541,72975,72986,11
12.810959816,80.2281494141,72986,72996,10
12.8101301193,80.2277984619,72996,73006,10
12.8093395233,80.2274169922,73006,73016,10
12.8084897995,80.2267990112,73016,73026,10
12.8075895309,80.2260437012,73026,73036,10
12.806810379,80.2253570557,73036,73046,10
12.8061599731,80.2247467041,73046,73056,10
12.8055000305,80.2242202759,73056,73066,10
12.804980278,80.2240600586,73066,73077,11
12.8047103882,80.2240066528,73077,73087,10
12.8044595718,80.2239685059,73087,73097,10
12.8040800095,80.2239532471,73097,73107,10
12.8036499023,80.2239074707,73107,73117,10
12.802980423,80.2238464355,73117,73127,10
12.8021097183,80.223739624,73127,73137,10
12.8010797501,80.2236328125,73137,73147,10
12.7999897003,80.2235412598,73147,73158,11
12.7988100052,80.2234573364,73158,73168,10
12.7975196838,80.2233123779,73168,73178,10
12.7964200974,80.2231216431,73178,73188,10
12.7959299088,80.2230224609,73188,73198,10
12.7956895828,80.2229690552,73198,73208,10
12.7951698303,80.2228622437,73208,73218,10
12.7944297791,80.2227325439,73218,73228,10
12.7935400009,80.2226028442,73228,73238,10
12.7924604416,80.2224273682,73238,73249,11
12.7913103104,80.2221603394,73249,73259,10
12.7902402878,80.2218933105,73259,73269,10
12.789440155,80.2216491699,73269,73279,10
12.7887296677,80.2213821411,73279,73289,10
12.7879600525,80.2210769653,73289,73299,10
12.7873601913,80.2208633423,73299,73309,10
12.7869300842,80.2206802368,73309,73340,31
12.7869300842,80.2206802368,73340,73350,10
12.7867002487,80.2205581665,73350,73360,10
12.7862596512,80.2203979492,73360,73370,10
12.786239624,80.2203979492,73370,73380,10
12.7861499786,80.2204818726,73380,73390,10
12.7861404419,80.2205734253,73390,73400,10
12.7861499786,80.2208099365,73400,73410,10
12.7861604691,80.2210693359,73410,73420,10
12.7861604691,80.2215194702,73420,73431,11
12.7862195969,80.2221908569,73431,73896,465
12.7862195969,80.2221908569,73896,73906,10
12.7862501144,80.2219314575,73906,73916,10
12.786190033,80.2216110229,73916,73926,10
12.7861499786,80.221321106,73926,73936,10
12.7861404419,80.2210769653,73936,73946,10
12.7861299515,80.2208175659,73946,73997,51
12.7861604691,80.2204208374,73997,74017,20
12.7861604691,80.2204208374,74017,74027,10
12.78647995,80.2204971313,74027,74038,11
12.7870597839,80.2207336426,74038,74048,10
12.7877397537,80.2209777832,74048,74058,10
12.7883901596,80.2212371826,74058,74068,10
12.7889995575,80.2214813232,74068,74078,10
12.7894802094,80.2216567993,74078,74088,10
12.7899503708,80.2218170166,74088,74098,10
12.7905597687,80.2219696045,74098,74108,10
12.7913599014,80.2221679688,74108,74118,10
12.7922296524,80.2223815918,74118,74128,10
12.7930898666,80.2225265503,74128,74139,11
12.7942399979,80.2227020264,74139,74149,10
12.7952604294,80.222869873,74149,74159,10
12.7962198257,80.2230377197,74159,74169,10
12.7971200943,80.2232131958,74169,74179,10
12.7981796265,80.2233734131,74179,74189,10
12.7993497849,80.2234802246,74189,74199,10
12.8005599976,80.2235794067,74199,74209,10
12.8013696671,80.2236633301,74209,74220,11
12.8018198013,80.2236862183,74220,74230,10
12.8025503159,80.223777771,74230,74240,10
12.8032598495,80.2238769531,74240,74250,10
12.8039398193,80.2239379883,74250,74260,10
12.8039598465,80.2239379883,74260,74270,10
12.8042802811,80.2239608765,74270,74280,10
12.8049201965,80.2240371704,74280,74290,10
12.8056898117,80.224319458,74290,74300,10
12.8064403534,80.2249526978,74300,74311,11
12.8072900772,80.2257003784,74311,74321,10
12.8081703186,80.2264480591,74321,74331,10
12.8091201782,80.2272186279,74331,74341,10
12.8102197647,80.2277984619,74341,74351,10
12.8114299774,80.2282867432,74351,74361,10
12.812620163,80.2287063599,74361,74371,10
12.8138399124,80.2291183472,74371,74381,10
12.8151302338,80.2293701172,74381,74391,10
12.8164196014,80.2295608521,74391,74402,11
12.8176498413,80.2299423218,74402,74412,10
12.8186597824,80.2304077148,74412,74422,10
12.8197603226,80.2305526733,74422,74432,10
12.8209600449,80.230506897,74432,74442,10
12.8222303391,80.2306900024,74442,74452,10
12.8234195709,80.231048584,74452,74462,10
12.8245897293,80.2313537598,74462,74472,10
12.8258304596,80.2314300537,74472,74483,11
12.8270797729,80.2312927246,74483,74493,10
12.8282499313,80.2306594849,74493,74503,10
12.8293504715,80.2300796509,74503,74513,10
12.830329895,80.2297134399,74513,74523,10
12.8307800293,80.2295379639,74523,74533,10
12.8311796188,80.2293395996,74533,74553,20
12.8311796188,80.2293395996,74553,74563,10
12.831489563,80.2292480469,74563,74665,102
12.831489563,80.2292480469,74665,74675,10
12.8315601349,80.2292098999,74675,74685,10
12.8319597244,80.2291183472,74685,74695,10
12.832570076,80.2289962769,74695,74705,10
12.8333501816,80.2288894653,74705,74715,10
12.834280014,80.228729248,74715,74725,10
12.8353500366,80.228553772,74725,74735,10
12.8364801407,80.2283935547,74735,74745,10
12.8376102448,80.2282104492,74745,74756,11
12.8387498856,80.2279434204,74756,74766,10
12.8392696381,80.2277297974,74766,74786,20
12.8392696381,80.2277297974,74786,74796,10
12.8394403458,80.2276382446,74796,74806,10
12.8394498825,80.2276306152,74806,74816,10
12.8398103714,80.2275619507,74816,74826,10
12.8403396606,80.2274780273,74826,74836,10
12.8410396576,80.2273025513,74836,74847,11
12.8419504166,80.2270812988,74847,74857,10
12.8428401947,80.2268981934,74857,74867,10
12.8438301086,80.2267379761,74867,74877,10
12.8448696136,80.2266311646,74877,74887,10
12.8456802368,80.2265777588,74887,74907,20
12.8456802368,80.2265777588,74907,74917,10
12.8459196091,80.2265777588,74917,74928,11
12.8464899063,80.2265777588,74928,74938,10
12.8473796844,80.226600647,74938,74948,10
12.8483104706,80.2265930176,74948,74958,10
12.8493700027,80.2265777588,74958,74968,10
12.8501796722,80.2265930176,74968,74978,10
12.8509197235,80.2265930176,74978,74988,10
12.8517904282,80.2266311646,74988,74998,10
12.8528203964,80.2266693115,74998,75008,10
12.8539400101,80.2266082764,75008,75019,11
12.8551101685,80.2264785767,75019,75029,10
12.8562803268,80.2263565063,75029,75039,10
12.8572998047,80.2262496948,75039,75049,10
12.8576803207,80.2262268066,75049,75059,10
12.8578395844,80.2262191772,75059,75069,10
12.8580198288,80.2262191772,75069,75079,10
12.8581104279,80.2262191772,75079,75089,10
12.8582801819,80.2262420654,75089,75099,10
12.8587799072,80.2262573242,75099,75110,11
12.8595895767,80.2263870239,75110,75120,10
12.8604898453,80.2265319824,75120,75130,10
12.8611001968,80.2265472412,75130,75140,10
12.8612203598,80.2265625,75140,75150,10
12.8616895676,80.2265625,75150,75160,10
12.8624601364,80.2265396118,75160,75170,10
12.8632898331,80.2265090942,75170,75180,10
12.8642902374,80.2265472412,75180,75191,11
12.8656396866,80.2265930176,75191,75201,10
12.8669204712,80.2265014648,75201,75211,10
12.868180275,80.2264022827,75211,75221,10
12.8694696426,80.2265014648,75221,75231,10
12.8707304001,80.2266311646,75231,75241,10
12.8718795776,80.2266693115,75241,75251,10
12.8728399277,80.2266998291,75251,75261,10
12.8737897873,80.2267303467,75261,75271,10
12.8748502731,80.226852417,75271,75281,10
12.8757801056,80.2269363403,75281,75292,11
12.8764600754,80.2269210815,75292,75322,30
12.8764600754,80.2269210815,75322,75332,10
12.876830101,80.2268981934,75332,75342,10
12.8774204254,80.226852417,75342,75352,10
12.878279686,80.2267990112,75352,75362,10
12.8793201447,80.2267684937,75362,75372,10
12.880610466,80.2267379761,75372,75383,11
12.8818397522,80.2267303467,75383,75393,10
12.883099556,80.2267074585,75393,75403,10
12.8842201233,80.2266998291,75403,75413,10
12.8851203918,80.2266998291,75413,75423,10
12.8853702545,80.2267227173,75423,75433,10
12.8856401443,80.2267837524,75433,75443,10
12.8862304688,80.2269515991,75443,75453,10
12.8870601654,80.2271575928,75453,75464,11
12.8881902695,80.2273025513,75464,75474,10
12.8894195557,80.2273406982,75474,75484,10
12.8907403946,80.2273406982,75484,75494,10
12.8918504715,80.2273483276,75494,75504,10
12.8923597336,80.2273635864,75504,75514,10
12.8926401138,80.2274017334,75514,75524,10
12.8931398392,80.2274627686,75524,75534,10
12.8938798904,80.2275695801,75534,75544,10
12.8947896957,80.2276382446,75544,75555,11
12.896030426,80.2276916504,75555,75565,10
12.8972797394,80.2277297974,75565,75575,10
12.8984098434,80.2277984619,75575,75585,10
12.8994598389,80.2278671265,75585,75595,10
12.9000597,80.2278823853,75595,75716,121
12.9000597,80.2278823853,75716,75726,10
12.9003696442,80.2279510498,75726,75737,11
12.9007101059,80.2279586792,75737,75747,10
12.9011802673,80.2279891968,75747,75757,10
12.9016199112,80.2280197144,75757,75767,10
12.9021196365,80.2280426025,75767,75777,10
12.9026899338,80.2280197144,75777,75787,10
12.9028596878,80.2280273438,75787,75797,10
12.9033498764,80.2280426025,75797,75807,10
12.9039802551,80.2281036377,75807,75817,10
12.9043798447,80.2281112671,75817,75828,11
12.9046497345,80.2281188965,75828,75838,10
12.9048595428,80.2281417847,75838,75848,10
12.9051198959,80.2281570435,75848,75858,10
12.9054203033,80.2281799316,75858,75939,81
12.9054203033,80.2281799316,75939,75949,10
12.9056997299,80.2282104492,75949,75959,10
12.9060096741,80.2282333374,75959,75969,10
12.9063596725,80.2282409668,75969,75979,10
12.9065904617,80.2282562256,75979,75989,10
12.9070596695,80.2283172607,75989,76000,11
12.9078598022,80.2284317017,76000,76010,10
12.9088201523,80.2286071777,76010,76020,10
12.9100103378,80.2288208008,76020,76030,10
12.9112596512,80.2289962769,76030,76040,10
12.9122600555,80.229133606,76040,76050,10
12.9131498337,80.2292404175,76050,76060,10
12.9136800766,80.2293014526,76060,76070,10
12.9138002396,80.2293167114,76070,76080,10
12.9141902924,80.2294006348,76080,76091,11
12.9148797989,80.2294998169,76091,76101,10
12.9157600403,80.229637146,76101,76111,10
12.9168596268,80.2297973633,76111,76121,10
12.918129921,80.2299804688,76121,76131,10
12.9191398621,80.2301101685,76131,76141,10
12.9199495316,80.2301635742,76141,76151,10
12.9201402664,80.2301864624,76151,76161,10
12.9207000732,80.2302703857,76161,76172,11
12.9216098785,80.2303771973,76172,76182,10
12.9226198196,80.2305374146,76182,76192,10
12.9238700867,80.2307434082,76192,76202,10
12.9251499176,80.2308883667,76202,76212,10
12.9260997772,80.2310180664,76212,76222,10
12.9266901016,80.231086731,76222,76232,10
12.9274997711,80.2311935425,76232,76242,10
12.9282102585,80.2312698364,76242,76252,10
12.9287004471,80.231338501,76252,76262,10
12.9293403625,80.2314605713,76262,76273,11
12.9302196503,80.2316818237,76273,76283,10
12.9312095642,80.2319564819,76283,76293,10
12.9323301315,80.2323074341,76293,76303,10
12.9333200455,80.2326583862,76303,76313,10
12.9335403442,80.232749939,76313,76323,10
12.9337396622,80.2328567505,76323,76333,10
12.9342002869,80.2330780029,76333,76343,10
12.9350004196,80.2334289551,76343,76354,11
12.9358596802,80.2338180542,76354,76364,10
12.9367303848,80.2342605591,76364,76374,10
12.9378004074,80.2347717285,76374,76384,10
12.9386997223,80.235206604,76384,76394,10
12.9392995834,80.235496521,76394,76404,10
12.939330101,80.2355194092,76404,76414,10
12.9395799637,80.235710144,76414,76424,10
12.9398803711,80.2358322144,76424,76434,10
12.940580368,80.2360610962,76434,76445,11
12.9415998459,80.2363128662,76445,76455,10
12.9426803589,80.2366409302,76455,76465,10
12.9435596466,80.2373199463,76465,76475,10
12.9443998337,80.2382278442,76475,76485,10
12.9451999664,80.2390899658,76485,76495,10
12.946100235,80.239616394,76495,76505,10
12.9470300674,80.2399978638,76505,76515,10
12.9479999542,80.2403717041,76515,76525,10
12.9483995438,80.2405014038,76525,76536,11
12.9486904144,80.2406234741,76536,76546,10
12.9492902756,80.2408599854,76546,76556,10
12.9500703812,80.2411422729,76556,76566,10
12.9509897232,80.2414398193,76566,76576,10
12.9517402649,80.2416381836,76576,76586,10
12.95195961,80.2417221069,76586,76596,10
12.9523696899,80.2418670654,76596,76606,10
12.9530601501,80.2421417236,76606,76616,10
12.9540300369,80.2425308228,76616,76627,11
12.9549703598,80.2429199219,76627,76637,10
12.9557800293,80.2432632446,76637,76647,10
12.9563102722,80.2434768677,76647,76657,10
12.956410408,80.2435073853,76657,76667,10
12.956870079,80.2436904907,76667,76677,10
12.9576196671,80.2439880371,76677,76687,10
12.9585599899,80.2443695068,76687,76697,10
12.9593400955,80.244720459,76697,76708,11
12.9603500366,80.2451934814,76708,76718,10
12.9614295959,80.2456893921,76718,76728,10
12.9625196457,80.2462310791,76728,76738,10
12.9631204605,80.2465286255,76738,76748,10
12.9631500244,80.2465515137,76748,76758,10
12.9634895325,80.2467193604,76758,76768,10
12.9639797211,80.2469406128,76768,76778,10
12.9645595551,80.2471618652,76778,76788,10
12.9652996063,80.2474212646,76788,76799,11
12.9660301208,80.2476806641,76799,76809,10
12.9665899277,80.2479171753,76809,76819,10
12.9670095444,80.2480697632,76819,76829,10
12.9671897888,80.2481765747,76829,76839,10
12.9678096771,80.2484512329,76839,76849,10
12.9686403275,80.2488021851,76849,76859,10
12.9696598053,80.249206543,76859,76869,10
12.9706897736,80.2496109009,76869,76879,10
12.9717302322,80.2499008179,76879,76890,11
12.9729099274,80.2502212524,76890,76900,10
12.9737997055,80.2504425049,76900,76910,10
12.9748296738,80.2507400513,76910,76920,10
12.9758300781,80.2510223389,76920,76930,10
12.976849556,80.2512893677,76930,76940,10
12.9778003693,80.2518310547,76940,76950,10
12.9787101746,80.2525024414,76950,76960,10
12.9794902802,80.2526321411,76960,76970,10
12.9798297882,80.2526626587,76970,77031,61
12.9798297882,80.2526626587,77031,77041,10
12.9800596237,80.2526779175,77041,77051,10
12.9805803299,80.2526626587,77051,77062,11
12.9814901352,80.2526397705,77062,77072,10
12.9825801849,80.2526092529,77072,77082,10
12.9838600159,80.2524337769,77082,77092,10
12.9850797653,80.2521209717,77092,77102,10
12.9861803055,80.2518234253,77102,77112,10
12.9866399765,80.2516708374,77112,77173,61
12.9866399765,80.2516708374,77173,77183,10
12.986700058,80.2516326904,77183,77193,10
12.9870004654,80.2515487671,77193,77203,10
12.9873695374,80.2514419556,77203,77213,10
12.9876499176,80.251373291,77213,77223,10
12.9879198074,80.2515716553,77223,77233,10
12.9879999161,80.2521133423,77233,77244,11
12.987950325,80.2529067993,77244,77254,10
12.9878797531,80.253578186,77254,77264,10
12.9878196716,80.2544631958,77264,77416,152
12.9878196716,80.2544631958,77416,77427,11
12.987830162,80.2548065186,77427,77437,10
12.9877901077,80.2551574707,77437,77447,10
12.9877099991,80.255569458,77447,77457,10
12.9876699448,80.255897522,77457,77467,10
12.9875802994,80.2564468384,77467,77477,10
12.9875297546,80.2568206787,77477,77487,10
12.987449646,80.2573928833,77487,77497,10
12.9874095917,80.2580032349,77497,77508,11
12.9873895645,80.2584762573,77508,77518,10
12.9872303009,80.2586212158,77518,77831,313
12.9869098663,80.2585830688,77831,77882,51
12.9869098663,80.2585830688,77882,77892,10
12.9866895676,80.2586212158,77892,78175,283
12.9866895676,80.2586212158,78175,78185,10
12.986700058,80.2587890625,78185,78195,10
12.9866800308,80.2590637207,78195,78205,10
12.9866399765,80.2594680786,78205,78246,41
12.9866399765,80.2594680786,78246,78256,10
12.9867401123,80.2596282959,78256,78266,10
12.9869699478,80.2593612671,78266,80159,1893
12.9869699478,80.2593612671,80159,80169,10
