12.9982595444,80.2567596436,20,3035,3015
12.9983596802,80.256942749,3035,6958,3923
12.9982404709,80.2568511963,6958,8037,1079
12.9983901978,80.2569503784,8037,8360,323
12.9983901978,80.2569503784,8360,8370,10
12.9982995987,80.2567901611,8370,18363,9993
12.9982995987,80.2568511963,18363,18857,494
12.9983901978,80.2568283081,18857,19140,283
12.9983901978,80.2568283081,19140,19150,10
12.9983901978,80.2569122314,19150,19160,10
12.998290062,80.2570724487,19160,19170,10
12.9980697632,80.2571029663,19170,19180,10
12.9978103638,80.2570877075,19180,19221,41
12.9978103638,80.2570877075,19221,19231,10
12.9973802567,80.2570037842,19231,19321,90
12.997420311,80.2570114136,19321,19342,21
12.997420311,80.2570114136,19342,19352,10
12.9975996017,80.2569885254,19352,19362,10
12.9977397919,80.2569198608,19362,19372,10
12.9977502823,80.2567367554,19372,19382,10
12.9977397919,80.2565612793,19382,19463,81
12.9977397919,80.256149292,19463,19493,30
12.9977397919,80.256149292,19493,19503,10
12.9975795746,80.2559509277,19503,19513,10
12.9972801208,80.2559127808,19513,19533,20
12.9972801208,80.2559127808,19533,19543,10
12.9970598221,80.2559204102,19543,19553,10
12.9968795776,80.2559127808,19553,19564,11
12.9965801239,80.255897522,19564,19573,9
12.9960899353,80.2558898926,19573,19584,11
12.9954795837,80.2559204102,19584,19594,10
12.9948301315,80.2559432983,19594,19604,10
12.9943504333,80.2559814453,19604,19614,10
12.9938097,80.2560272217,19614,19624,10
12.9931297302,80.2560882568,19624,19634,10
12.9922399521,80.256111145,19634,19644,10
12.9914102554,80.2560577393,19644,19654,10
12.9906301498,80.2560195923,19654,19664,10
12.9897603989,80.2559967041,19664,19674,10
12.9888696671,80.2559509277,19674,19685,11
12.987950325,80.2558288574,19685,19695,10
12.987569809,80.2557678223,19695,19705,10
12.9869604111,80.2556610107,19705,19715,10
12.9862804413,80.255531311,19715,19725,10
12.9859399796,80.2554779053,19725,19735,10
12.9859304428,80.2554702759,19735,19745,10
12.9858198166,80.2554702759,19745,19755,10
12.9854402542,80.2553863525,19755,19765,10
12.984919548,80.255241394,19765,19775,10
12.9844903946,80.2551193237,19775,19785,10
12.9839096069,80.2549667358,19785,19795,10
12.9832696915,80.2547836304,19795,19806,11
12.9825201035,80.2545700073,19806,19816,10
12.9820299149,80.2540664673,19816,19826,10
12.9818201065,80.2533798218,19826,19836,10
12.9814796448,80.2528305054,19836,19846,10
12.9808101654,80.2528076172,19846,19856,10
12.9800796509,80.2527770996,19856,19866,10
12.9792098999,80.2527008057,19866,19876,10
12.978509903,80.2525482178,19876,19967,91
12.978509903,80.2525482178,19967,19977,10
12.9782800674,80.2522888184,19977,19987,10
12.9777297974,80.2518234253,19987,19997,10
12.9769897461,80.2513885498,19997,20007,10
12.9761295319,80.2511062622,20007,20017,10
12.975230217,80.2508621216,20017,20027,10
12.974240303,80.250579834,20027,20038,11
12.973110199,80.250289917,20038,20048,10
12.9720697403,80.2500076294,20048,20058,10
12.9710597992,80.249710083,20058,20068,10
12.9700202942,80.249382019,20068,20078,10
12.9690198898,80.2489776611,20078,20088,10
12.968000412,80.2485580444,20088,20098,10
12.9670295715,80.2481384277,20098,20108,10
12.9661302567,80.247718811,20108,20118,10
12.9652299881,80.2473831177,20118,20128,10
12.9644098282,80.2470779419,20128,20138,10
12.9636497498,80.2468032837,20138,20148,10
12.9628095627,80.2463989258,20148,20159,11
12.9617795944,80.2459030151,20159,20169,10
12.9608898163,80.2454681396,20169,20179,10
12.9600601196,80.2450790405,20179,20189,10
12.9592199326,80.2446975708,20189,20199,10
12.9583396912,80.2443008423,20199,20209,10
12.9575796127,80.2440185547,20209,20219,10
12.9568996429,80.243812561,20219,20229,10
12.9565401077,80.2436904907,20229,20239,10
12.9565296173,80.2436904907,20239,20249,10
12.9564304352,80.2436599731,20249,20259,10
12.9561300278,80.2435531616,20259,20269,10
12.9554901123,80.2432174683,20269,20280,11
12.9546403885,80.2428207397,20280,20290,10
12.9537801743,80.2424621582,20290,20300,10
12.9528799057,80.2420883179,20300,20310,10
12.9520101547,80.2417602539,20310,20320,10
12.9511003494,80.2414627075,20320,20330,10
12.9500904083,80.2411499023,20330,20340,10
12.9491195679,80.2408370972,20340,20350,10
12.9481496811,80.240447998,20350,20360,10
12.9472198486,80.2400665283,20360,20370,10
12.9463596344,80.2397232056,20370,20380,10
12.945520401,80.2393417358,20380,20390,10
12.9447498322,80.2387008667,20390,20401,11
12.943980217,80.2379302979,20401,20411,10
12.9433097839,80.2372589111,20411,20421,10
12.9426002502,80.2366714478,20421,20431,10
12.9416904449,80.2363510132,20431,20441,10
12.9407501221,80.2361068726,20441,20451,10
12.9398498535,80.2358322144,20451,20461,10
12.9389696121,80.2354125977,20461,20471,10
12.9380598068,80.2349472046,20471,20481,10
12.9371595383,80.2345199585,20481,20491,10
12.9363098145,80.23412323,20491,20501,10
12.9354896545,80.2337417603,20501,20511,10
12.9345998764,80.2333374023,20511,20522,11
12.9336500168,80.2328796387,20522,20532,10
12.9327602386,80.2324981689,20532,20542,10
12.9318399429,80.2321777344,20542,20552,10
12.9308900833,80.2318572998,20552,20562,10
12.9299001694,80.2315826416,20562,20572,10
12.9289703369,80.2313766479,20572,20582,10
12.9280700684,80.2312316895,20582,20592,10
12.9271001816,80.2311172485,20592,20602,10
12.9261598587,80.231010437,20602,20612,10
12.9252796173,80.2309188843,20612,20622,10
12.9243898392,80.2308120728,20622,20632,10
12.9234399796,80.2306976318,20632,20643,11
12.9224004745,80.2305374146,20643,20653,10
12.9214496613,80.2304000854,20653,20663,10
12.9205102921,80.2302780151,20663,20673,10
12.9195804596,80.2301635742,20673,20683,10
12.9187698364,80.2300491333,20683,20693,10
12.9178600311,80.229927063,20693,20703,10
12.9170103073,80.2298126221,20703,20713,10
12.9161195755,80.2296829224,20713,20723,10
12.9152698517,80.2295532227,20723,20733,10
12.9143600464,80.2294235229,20733,20744,11
12.9135398865,80.2293167114,20744,20752,8
12.9130601883,80.2292480469,20752,20764,12
12.9121303558,80.2291030884,20764,20774,10
12.9111995697,80.2289810181,20774,20784,10
12.9102201462,80.2288513184,20784,20794,10
12.9092597961,80.2287063599,20794,20804,10
12.9083299637,80.2285614014,20804,20814,10
12.9073600769,80.2284088135,20814,20824,10
12.9064798355,80.2283172607,20824,20834,10
12.9055299759,80.2282409668,20834,20844,10
12.9045000076,80.2281570435,20844,20854,10
12.9034996033,80.2281188965,20854,20864,10
12.9024400711,80.2280731201,20864,20875,11
12.9013500214,80.228012085,20875,20885,10
12.9006099701,80.2279586792,20885,20895,10
12.8998003006,80.2279129028,20895,20905,10
12.8992204666,80.2278594971,20905,20915,10
12.898730278,80.2278366089,20915,20925,10
12.8979597092,80.2277984619,20925,20935,10
12.8970403671,80.2277374268,20935,20945,10
12.8961400986,80.2276992798,20945,20955,10
12.8952703476,80.2276687622,20955,20965,10
12.8943796158,80.2276306152,20965,20975,10
12.8933801651,80.2275314331,20975,20985,10
12.892370224,80.2274169922,20985,20996,11
12.8911800385,80.2274017334,20996,21006,10
12.8900499344,80.2273864746,21006,21016,10
12.8889598846,80.2273864746,21016,21026,10
12.8878803253,80.2273330688,21026,21036,10
12.8867397308,80.2271499634,21036,21046,10
12.8856296539,80.2268600464,21046,21056,10
12.88463974,80.2267303467,21056,21066,10
12.8836698532,80.2267379761,21066,21076,10
12.8826704025,80.2267532349,21076,21086,10
12.881649971,80.2267608643,21086,21096,10
12.8806200027,80.2267684937,21096,21107,11
12.8795003891,80.2267913818,21107,21117,10
12.8784999847,80.2268371582,21117,21127,10
12.8774900436,80.2269134521,21127,21137,10
12.8766899109,80.2269821167,21137,21147,10
12.8764400482,80.226852417,21147,21157,10
12.876449585,80.2265625,21157,21167,10
12.8765001297,80.22605896,21167,21177,10
12.8765602112,80.2254104614,21177,21187,10
12.8766403198,80.2246170044,21187,21197,10
12.8767795563,80.2238311768,21197,21207,10
12.8769598007,80.2230377197,21207,21218,11
12.8771800995,80.2221374512,21218,21228,10
12.8773603439,80.2213592529,21228,21238,10
12.8775596619,80.2204971313,21238,21248,10
12.8777599335,80.219619751,21248,21258,10
12.8779697418,80.2186889648,21258,21268,10
12.8781499863,80.2177963257,21268,21278,10
12.8783302307,80.2169189453,21278,21288,10
12.8784999847,80.2160568237,21288,21298,10
12.8787002563,80.2151489258,21298,21308,10
12.8788795471,80.2142486572,21308,21318,10
12.8790502548,80.2133102417,21318,21328,10
12.8792295456,80.2123336792,21328,21338,10
12.8793897629,80.2114562988,21338,21349,11
12.8793001175,80.2109909058,21349,21359,10
12.8788795471,80.2109069824,21359,21369,10
12.8784303665,80.2108383179,21369,21379,10
12.877869606,80.2107391357,21379,21389,10
12.8773899078,80.2106628418,21389,21399,10
12.8770303726,80.2105865479,21399,21409,10
12.8766698837,80.2105178833,21409,21419,10
12.8761196136,80.2104187012,21419,21429,10
12.8754997253,80.2102966309,21429,21439,10
12.8749198914,80.2101974487,21439,21449,10
12.8744497299,80.2100906372,21449,21460,11
12.874420166,80.2097396851,21460,21470,10
12.8746099472,80.2095794678,21470,21480,10
12.8747901917,80.2096786499,21480,21510,30
12.8747901917,80.2096786499,21510,21520,10
12.8747301102,80.2098388672,21520,21843,323
12.8748903275,80.2101669312,21843,21863,20
12.8748903275,80.2101669312,21863,21873,10
12.8751602173,80.2102203369,21873,21883,10
12.8753995895,80.2102737427,21883,21893,10
12.8754997253,80.2102890015,21893,21903,10
12.8755502701,80.2102966309,21903,21913,10
12.8758897781,80.210357666,21913,21924,11
12.8760700226,80.2103881836,21924,21934,10
12.8765802383,80.2104873657,21934,21944,10
12.8772201538,80.210609436,21944,21954,10
12.8778800964,80.2107391357,21954,21964,10
12.8785400391,80.2108612061,21964,21974,10
12.879070282,80.2109527588,21974,21984,10
12.8792695999,80.2109985352,21984,21994,10
12.8793201447,80.2110137939,21994,22004,10
12.8794803619,80.2110977173,22004,22014,10
12.8794498444,80.2115783691,22014,22024,10
12.8793001175,80.2123565674,22024,22034,10
12.879119873,80.2133331299,22034,22044,10
12.8789100647,80.2143936157,22044,22055,11
12.8786697388,80.2155990601,22055,22065,10
12.8784399033,80.2166900635,22065,22075,10
12.8782196045,80.2177886963,22075,22085,10
12.877989769,80.2189025879,22085,22095,10
12.8777399063,80.2200012207,22095,22105,10
12.8774900436,80.2211074829,22105,22115,10
12.8772201538,80.2222366333,22115,22125,10
12.8769702911,80.2233428955,22125,22135,10
12.8767595291,80.2244110107,22135,22145,10
12.8766403198,80.225440979,22145,22155,10
12.8765001297,80.2264022827,22155,22165,10
12.8765096664,80.2268676758,22165,22176,11
12.8766803741,80.226890564,22176,22186,10
12.8767404556,80.2268829346,22186,22196,10
12.8771896362,80.2268371582,22196,22206,10
12.8780002594,80.2267837524,22206,22216,10
12.8789796829,80.2267227173,22216,22226,10
12.8800697327,80.2266769409,22226,22236,10
12.881070137,80.2266693115,22236,22246,10
12.8818902969,80.2266616821,22246,22256,10
12.8829298019,80.2266464233,22256,22266,10
12.8840398788,80.2266464233,22266,22276,10
12.8850498199,80.2266387939,22276,22286,10
12.8853197098,80.2266693115,22286,22297,11
12.8854598999,80.2266998291,22297,22307,10
12.8856296539,80.2267303467,22307,22317,10
12.8861303329,80.2268600464,22317,22327,10
12.8869104385,80.2270584106,22327,22337,10
12.8878698349,80.2272109985,22337,22347,10
12.8885297775,80.2272567749,22347,22357,10
12.8886098862,80.2272567749,22357,22367,10
12.8890800476,80.2272720337,22367,22377,10
12.8898696899,80.2272796631,22377,22387,10
12.89083004,80.2272872925,22387,22397,10
12.8919095993,80.2273025513,22397,22408,11
12.893119812,80.2273864746,22408,22418,10
12.8940496445,80.2275085449,22418,22428,10
12.8942403793,80.2275085449,22428,22438,10
12.8944797516,80.2275314331,22438,22448,10
12.8951396942,80.2275619507,22448,22458,10
12.8960399628,80.2276077271,22458,22468,10
12.8971395493,80.2276611328,22468,22478,10
12.8982601166,80.2277069092,22478,22488,10
12.899140358,80.2277908325,22488,22498,10
12.900179863,80.2278366089,22498,22508,10
12.90102005,80.2278823853,22508,22519,11
12.9019403458,80.2279281616,22519,22529,10
12.902879715,80.2279586792,22529,22549,20
12.902879715,80.2279586792,22549,22559,10
12.9029197693,80.2279586792,22559,22569,10
12.9032897949,80.2279968262,22569,22579,10
12.9039802551,80.2280502319,22579,22589,10
12.9049196243,80.2280807495,22589,22599,10
12.9058198929,80.2281417847,22599,22609,10
12.9062404633,80.2281799316,22609,22619,10
12.9064702988,80.2281799316,22619,22629,10
12.9068603516,80.228187561,22629,22650,21
12.9068603516,80.228187561,22650,22660,10
12.9072704315,80.2282180786,22660,22670,10
12.9079904556,80.2283401489,22670,22680,10
12.9089603424,80.2285003662,22680,22690,10
12.9100704193,80.2286834717,22690,22700,10
12.9112100601,80.2288665771,22700,22710,10
12.9123802185,80.2290267944,22710,22720,10
12.9134998322,80.2291870117,22720,22730,10
12.9140901566,80.2292709351,22730,22739,9
12.9140996933,80.2292709351,22739,22751,12
12.9144601822,80.2293167114,22751,22760,9
12.9149703979,80.2293930054,22760,22771,11
12.91588974,80.2295227051,22771,22781,10
12.9169502258,80.2296600342,22781,22791,10
12.9180698395,80.2298202515,22791,22801,10
12.9191398621,80.2299575806,22801,22811,10
12.9195995331,80.2300109863,22811,22821,10
12.9197597504,80.2300415039,22821,22831,10
12.92029953,80.2301101685,22831,22841,10
12.9210996628,80.23021698,22841,22851,10
12.9220895767,80.2303619385,22851,22861,10
12.9231996536,80.2305297852,22861,22871,10
12.9243602753,80.230682373,22871,22882,11
12.9256496429,80.2308425903,22882,22892,10
12.9264497757,80.2309417725,22892,22902,10
12.9264602661,80.2309417725,22902,22912,10
12.926659584,80.2309570313,22912,22922,10
12.9272499084,80.2310409546,22922,22932,10
12.9280700684,80.2311401367,22932,22942,10
12.9290399551,80.231300354,22942,22952,10
12.9300899506,80.2315292358,22952,22962,10
12.931189537,80.2318496704,22962,22972,10
12.9322795868,80.2322006226,22972,22982,10
12.9333000183,80.2325668335,22982,22992,10
12.9336099625,80.2326965332,22992,23003,11
12.9337797165,80.2328033447,23003,23013,10
12.9343299866,80.233039856,23013,23023,10
12.9350700378,80.2333831787,23023,23033,10
12.9359798431,80.2338027954,23033,23043,10
12.9369697571,80.2342681885,23043,23053,10
12.9380102158,80.2347717285,23053,23063,10
12.9390201569,80.2352600098,23063,23073,10
12.9397802353,80.2356491089,23073,23083,10
12.9398403168,80.2356796265,23083,23093,10
12.9401597977,80.235786438,23093,23103,10
12.9408597946,80.2359924316,23103,23113,10
12.9417495728,80.2362136841,23113,23124,11
12.9428701401,80.2366027832,23124,23134,10
12.9436197281,80.2372131348,23134,23144,10
12.9437103271,80.2373275757,23144,23154,10
12.9439201355,80.2376327515,23154,23164,10
12.9443798065,80.2381591797,23164,23174,10
12.9450597763,80.2388687134,23174,23184,10
12.9460296631,80.2394638062,23184,23194,10
12.9470796585,80.2398834229,23194,23204,10
12.9473495483,80.2399902344,23204,23214,10
12.9475698471,80.2400665283,23214,23225,11
12.9481601715,80.2403182983,23225,23235,10
12.9488897324,80.2406234741,23235,23255,20
12.9488897324,80.2406234741,23255,23265,10
12.9490203857,80.2406082153,23265,23275,10
12.9494800568,80.2407913208,23275,23285,10
12.9502296448,80.2410430908,23285,23295,10
12.950969696,80.2412567139,23295,23305,10
12.9510498047,80.2412872314,23305,23315,10
12.9511299133,80.2413330078,23315,23325,10
12.9516000748,80.2415008545,23325,23335,10
12.9523496628,80.2417678833,23335,23345,10
12.9532899857,80.242149353,23345,23356,11
12.9542703629,80.2425689697,23356,23365,9
12.9550600052,80.2428588867,23365,23377,12
12.9560604095,80.2432632446,23377,23387,10
12.9564800262,80.2434082031,23387,23397,10
12.9567499161,80.2435073853,23397,23407,10
12.9573898315,80.2437896729,23407,23417,10
12.9582796097,80.2441482544,23417,23427,10
12.9587497711,80.2443237305,23427,23437,10
12.9588403702,80.2444000244,23437,23447,10
12.9592695236,80.2446136475,23447,23458,11
12.9600000381,80.2449264526,23458,23467,9
12.9608001709,80.245300293,23467,23478,11
12.9619503021,80.2458496094,23478,23488,10
12.9629602432,80.2463226318,23488,23498,10
12.9635896683,80.2466583252,23498,23508,10
12.9643497467,80.2469482422,23508,23518,10
12.9652795792,80.2472915649,23518,23528,10
12.966219902,80.2476501465,23528,23538,10
12.9669504166,80.2479400635,23538,23548,10
12.9669799805,80.2479629517,23548,23558,10
12.9671297073,80.2480926514,23558,23568,10
12.9677000046,80.248336792,23568,23579,11
12.9686603546,80.2487411499,23579,23589,10
12.9697704315,80.2491531372,23589,23599,10
12.9708795547,80.2495498657,23599,23609,10
12.9720497131,80.2498626709,23609,23619,10
12.9731903076,80.2501678467,23619,23629,10
12.97397995,80.2503814697,23629,23639,10
12.9743995667,80.2504806519,23639,23649,10
12.9745702744,80.250541687,23649,23659,10
12.9751501083,80.2507324219,23659,23669,10
12.9760398865,80.2509918213,23669,23679,10
12.9771203995,80.2513198853,23679,23689,10
12.9780502319,80.2519989014,23689,23700,11
12.9790897369,80.2525634766,23700,23710,10
12.9798202515,80.2525177002,23710,23720,10
12.9799604416,80.2522125244,23720,23730,10
12.9799699783,80.2522125244,23730,23740,10
12.980050087,80.2519073486,23740,23750,10
12.9802398682,80.2513198853,23750,23760,10
12.9804897308,80.2504425049,23760,23770,10
12.9806995392,80.2494125366,23770,23780,10
12.9807796478,80.2482528687,23780,23790,10
12.9808797836,80.2470703125,23790,23800,10
12.981010437,80.2458496094,23800,23811,11
12.9811496735,80.2444763184,23811,23821,10
12.9812498093,80.2437133789,23821,23831,10
12.9813404083,80.2433700562,23831,23841,10
12.9813604355,80.2427520752,23841,23851,10
12.9813804626,80.2426681519,23851,23861,10
12.9813804626,80.2422485352,23861,23871,10
12.9813699722,80.2414703369,23871,23881,10
12.9813699722,80.2405395508,23881,23891,10
12.9813499451,80.2396316528,23891,23901,10
12.9813203812,80.2391815186,23901,23911,10
12.9813098907,80.2386932373,23911,23921,10
12.9812803268,80.2380599976,23921,23931,10
12.9812803268,80.2379989624,23931,23942,11
12.9812698364,80.2375411987,23942,23952,10
12.9812602997,80.2367401123,23952,23962,10
12.9812402725,80.235786438,23962,23972,10
12.9812097549,80.2348403931,23972,23982,10
12.9813203812,80.2340927124,23982,23992,10
12.9815597534,80.2335586548,23992,24002,10
12.9816503525,80.2333831787,24002,24012,10
12.9816999435,80.233291626,24012,24022,10
12.9819002151,80.2328491211,24022,24032,10
12.9820098877,80.232208252,24032,24042,10
12.9819602966,80.2315979004,24042,24053,11
12.9817800522,80.2308731079,24053,24063,10
12.9813899994,80.2302093506,24063,24073,10
12.9809904099,80.2295532227,24073,24083,10
12.9807300568,80.2291412354,24083,24093,10
12.9806404114,80.2289581299,24093,24103,10
12.9803695679,80.2284698486,24103,24113,10
12.980099678,80.2279586792,24113,24123,10
12.979640007,80.2272109985,24123,24133,10
12.9791097641,80.2263336182,24133,24143,10
12.9785699844,80.2253875732,24143,24153,10
12.9780902863,80.2246017456,24153,24163,10
12.9777402878,80.224067688,24163,24173,10
12.9773197174,80.2233886719,24173,24184,11
12.9769802094,80.2227706909,24184,24194,10
12.9772500992,80.2226791382,24194,24204,10
12.977350235,80.2226791382,24204,24214,10
12.9775104523,80.2224884033,24214,24224,10
12.9775104523,80.2219924927,24224,24234,10
12.9774799347,80.2213668823,24234,24244,10
12.9777402878,80.2212600708,24244,24254,10
12.978269577,80.2212219238,24254,24264,10
12.9791202545,80.2211380005,24264,24274,10
12.9800796509,80.2210617065,24274,24285,11
12.9809904099,80.2210464478,24285,24294,9
12.9815597534,80.2212982178,24294,24305,11
12.982049942,80.2217330933,24305,24315,10
12.9828195572,80.2219161987,24315,24325,10
12.9830303192,80.2219924927,24325,24335,10
12.9833097458,80.2221832275,24335,24345,10
12.9838104248,80.2225112915,24345,24355,10
12.9842996597,80.2227783203,24355,24365,10
12.9848299026,80.2231369019,24365,24375,10
12.9854402542,80.2232437134,24375,24385,10
12.9859800339,80.2229614258,24385,24395,10
12.9865598679,80.2229690552,24395,24406,11
12.9867801666,80.2229995728,24406,24416,10
12.9872398376,80.2230606079,24416,24426,10
12.9872999191,80.2230682373,24426,24436,10
12.9875297546,80.2230682373,24436,24446,10
12.9878702164,80.2229766846,24446,24456,10
12.988409996,80.2225265503,24456,24466,10
12.9890098572,80.2219009399,24466,24476,10
12.9893903732,80.2214431763,24476,24486,10
12.9898796082,80.2207794189,24486,24496,10
12.990480423,80.2202835083,24496,24506,10
12.9906902313,80.2201309204,24506,24516,10
12.9911804199,80.2197494507,24516,24527,11
12.9919395447,80.2192001343,24527,24537,10
12.9928102493,80.2185897827,24537,24547,10
12.9937295914,80.2179107666,24547,24557,10
12.994600296,80.2172927856,24557,24567,10
12.9954299927,80.2167663574,24567,24577,10
12.9963598251,80.2165298462,24577,24587,10
12.9970598221,80.2164382935,24587,24597,10
12.9974403381,80.2161636353,24597,24607,10
12.9975404739,80.2160873413,24607,24617,10
12.9976396561,80.2160491943,24617,24627,10
12.9980201721,80.215713501,24627,24638,11
12.9986495972,80.2151489258,24638,24648,10
12.9990100861,80.21484375,24648,24658,10
12.9992198944,80.2146530151,24658,24668,10
12.9996204376,80.214302063,24668,24678,10
13.0000801086,80.2139205933,24678,24688,10
13.0006103516,80.2134170532,24688,24698,10
13.0012302399,80.212928772,24698,24708,10
13.0019598007,80.2124023438,24708,24718,10
13.002699852,80.2121200562,24718,24728,10
13.0034704208,80.2120285034,24728,24738,10
13.003660202,80.2119293213,24738,24748,10
13.0037403107,80.2115402222,24748,24759,11
13.0036802292,80.2107620239,24759,24769,10
13.0035600662,80.2100219727,24769,24779,10
13.0035600662,80.2093963623,24779,24789,10
13.0037403107,80.2087402344,24789,24799,10
13.0044698715,80.2088470459,24799,24809,10
13.0054502487,80.2092666626,24809,24819,10
13.0064296722,80.2096099854,24819,24829,10
13.0076599121,80.2098693848,24829,24859,30
13.0076599121,80.2098693848,24859,24869,10
13.0078601837,80.2099304199,24869,24879,10
13.008190155,80.2099685669,24879,24890,11
13.0081100464,80.2094192505,24890,24900,10
13.0079202652,80.2085723877,24900,24910,10
13.0077896118,80.2074813843,24910,24920,10
13.007610321,80.2063522339,24920,24930,10
13.007519722,80.2052230835,24930,24940,10
13.007519722,80.2041778564,24940,24950,10
13.0073795319,80.2032623291,24950,24960,10
13.0069904327,80.2025375366,24960,24970,10
13.0065402985,80.2030563354,24970,24979,9
13.0070695877,80.2035217285,24979,24990,11
13.0080900192,80.203742981,24990,25000,10
13.0092601776,80.203666687,25000,25011,11
13.010720253,80.2036590576,25011,25021,10
13.0121002197,80.2037963867,25021,25031,10
13.0133600235,80.2040786743,25031,25041,10
13.0137195587,80.2042388916,25041,25051,10
13.0137796402,80.2043533325,25051,25061,10
13.0136604309,80.2046813965,25061,25071,10
13.0136203766,80.2048110962,25071,25081,10
13.0134897232,80.2051315308,25081,25091,10
13.0132799149,80.2057876587,25091,25101,10
13.0130901337,80.206741333,25101,25112,11
13.013010025,80.207572937,25112,25122,10
13.0129499435,80.2078018188,25122,25132,10
13.0128898621,80.2082977295,25132,25142,10
13.0129299164,80.2086868286,25142,25152,10
13.0130996704,80.2093505859,25152,25162,10
13.0132198334,80.2100296021,25162,25172,10
13.0130395889,80.2108917236,25172,25182,10
13.0126695633,80.2117919922,25182,25192,10
13.0122699738,80.2125015259,25192,25202,10
13.0120000839,80.2127685547,25202,25212,10
13.011759758,80.2127685547,25212,25222,10
13.0113096237,80.2124404907,25222,25233,11
13.0106496811,80.2119674683,25233,25243,10
13.0102596283,80.2116622925,25243,25253,10
13.0099802017,80.2114486694,25253,25263,10
13.0097799301,80.2112731934,25263,25303,40
13.0095100403,80.2110595703,25303,25888,585
13.0095100403,80.2110595703,25888,25898,10
13.0092401505,80.2110824585,25898,25908,10
13.0090999603,80.2113189697,25908,25918,10
13.0090198517,80.2116012573,25918,25928,10
13.0091600418,80.212097168,25928,25938,10
13.0093803406,80.2127304077,25938,25949,11
13.0096502304,80.2134399414,25949,25959,10
13.0099201202,80.2141036987,25959,25969,10
13.0101499557,80.2148208618,25969,25979,10
13.0102596283,80.215637207,25979,25989,10
13.01060009,80.2164382935,25989,25999,10
13.0110397339,80.2173614502,25999,26009,10
13.0114297867,80.2183609009,26009,26019,10
13.0118103027,80.2194900513,26019,26029,10
13.0121803284,80.2206802368,26029,26039,10
13.0123901367,80.2214431763,26039,26049,10
13.0127801895,80.2220611572,26049,26060,11
13.0133895874,80.2227325439,26060,26070,10
13.013879776,80.2232208252,26070,26080,10
13.0141601563,80.2235336304,26080,26090,10
13.0145597458,80.2240066528,26090,26100,10
13.0151500702,80.2247695923,26100,26110,10
13.0154104233,80.2255477905,26110,26120,10
13.0148801804,80.2259902954,26120,26130,10
13.013999939,80.2263412476,26130,26140,10
13.0129499435,80.2267608643,26140,26150,10
13.0118703842,80.2272033691,26150,26160,10
13.0107803345,80.2276229858,26160,26170,10
13.0097999573,80.2279510498,26170,26181,11
13.0096502304,80.2273101807,26181,26191,10
13.0100097656,80.2265396118,26191,26201,10
13.0104198456,80.2255783081,26201,26211,10
13.0108804703,80.2245483398,26211,26221,10
13.0112600327,80.2235717773,26221,26231,10
13.0111398697,80.2231063843,26231,26241,10
13.0107002258,80.2229385376,26241,26251,10
13.0106201172,80.2228927612,26251,26261,10
13.010219574,80.2226867676,26261,26271,10
13.0095701218,80.222328186,26271,26281,10
13.0087900162,80.2219009399,26281,26291,10
13.007900238,80.2214202881,26291,26302,11
13.0068798065,80.2208404541,26302,26312,10
13.0058603287,80.2205123901,26312,26322,10
13.0048303604,80.2203063965,26322,26332,10
13.0045795441,80.2202301025,26332,26342,10
13.0043201447,80.2201538086,26342,26352,10
13.0037202835,80.2200317383,26352,26362,10
13.0030202866,80.2198410034,26362,26372,10
13.0022201538,80.2192306519,26372,26382,10
13.0015201569,80.2185516357,26382,26392,10
13.0006999969,80.2180023193,26392,26402,10
12.9998502731,80.2174224854,26402,26412,10
12.9988899231,80.2169189453,26412,26423,11
12.9976797104,80.2165374756,26423,26443,20
12.9976797104,80.2165374756,26443,26453,10
12.9974098206,80.2165222168,26453,26463,10
12.9968795776,80.2165679932,26463,26473,10
12.9961996078,80.2166976929,26473,26483,10
12.9954595566,80.2169265747,26483,26493,10
12.99477005,80.217338562,26493,26503,10
12.9941396713,80.2177963257,26503,26513,10
12.9935398102,80.2181777954,26513,26523,10
12.9928998947,80.2186508179,26523,26534,11
12.992099762,80.2192764282,26534,26544,10
12.9912900925,80.2198181152,26544,26554,10
12.9908504486,80.220161438,26554,26564,10
12.9908399582,80.220161438,26564,26574,10
12.9905500412,80.2204284668,26574,26584,10
12.989979744,80.220916748,26584,26594,10
12.9893503189,80.2216110229,26594,26604,10
12.9887695313,80.2223434448,26604,26614,10
12.9880599976,80.2229690552,26614,26624,10
12.9877004623,80.2231216431,26624,26634,10
12.9875001907,80.2230987549,26634,26644,10
12.986989975,80.2229995728,26644,26655,11
12.9865999222,80.2229232788,26655,26665,10
12.9861297607,80.2229385376,26665,26675,10
12.9855804443,80.2232208252,26675,26685,10
12.9851703644,80.2232437134,26685,26695,10
12.9845199585,80.2229385376,26695,26705,10
12.9838199615,80.2225418091,26705,26715,10
12.9832801819,80.2222213745,26715,26725,10
12.9832496643,80.2221984863,26725,26735,10
12.9829902649,80.222076416,26735,26745,10
12.9825496674,80.2218780518,26745,26755,10
12.9820604324,80.2216873169,26755,26765,10
12.9815301895,80.2213592529,26765,26776,11
12.9806995392,80.2211227417,26776,26786,10
12.9799604416,80.2211532593,26786,26796,10
12.9791498184,80.2211990356,26796,26806,10
12.9783496857,80.2211608887,26806,26816,10
12.9776601791,80.2212295532,26816,26826,10
12.9773397446,80.2212371826,26826,26836,10
12.9767904282,80.221282959,26836,26846,10
12.9762001038,80.2213897705,26846,26856,10
12.9764204025,80.2218780518,26856,26876,20
12.9764204025,80.2218780518,26876,26887,11
12.9763803482,80.222038269,26887,26897,10
12.9766101837,80.2223892212,26897,26907,10
12.9769897461,80.2229537964,26907,26917,10
12.9774599075,80.2236785889,26917,26927,10
12.9779901505,80.2244873047,26927,26937,10
12.9783697128,80.2250900269,26937,26947,10
12.9787797928,80.225769043,26947,26957,10
12.9792699814,80.2265930176,26957,26967,10
12.9798202515,80.2274627686,26967,26977,10
12.9803695679,80.2284088135,26977,26987,10
12.980890274,80.2292785645,26987,26997,10
12.9813299179,80.2299728394,26997,27008,11
12.9817399979,80.2305603027,27008,27018,10
12.9817399979,80.2305831909,27018,27028,10
12.9818496704,80.2308578491,27028,27038,10
12.9820098877,80.2314224243,27038,27048,10
12.9820604324,80.2321929932,27048,27058,10
12.9818296432,80.2331008911,27058,27068,10
12.9816102982,80.233581543,27068,27078,10
12.9815702438,80.2336425781,27078,27088,10
12.9813604355,80.234046936,27088,27098,10
12.9812297821,80.2348175049,27098,27108,10
12.9812498093,80.2358169556,27108,27118,10
12.9812803268,80.2369232178,27118,27129,11
12.9813098907,80.2380218506,27129,27139,10
12.9813299179,80.2386703491,27139,27149,10
12.9813404083,80.2386932373,27149,27159,10
12.9813499451,80.2389678955,27159,27169,10
12.9813604355,80.2395706177,27169,27179,10
12.9813699722,80.2403717041,27179,27189,10
12.9813899994,80.2411727905,27189,27199,10
12.9813995361,80.2420806885,27199,27209,10
12.9814195633,80.2427825928,27209,27219,10
12.9814195633,80.2429122925,27219,27229,10
12.9814300537,80.2430877686,27229,27240,11
12.9813899994,80.2436828613,27240,27250,10
12.9812803268,80.2444610596,27250,27260,10
12.9811601639,80.2454376221,27260,27270,10
12.9810304642,80.2465286255,27270,27280,10
12.9809103012,80.2476882935,27280,27290,10
12.9808301926,80.2488479614,27290,27300,10
12.9806699753,80.2500228882,27300,27310,10
12.9803695679,80.2511367798,27310,27320,10
12.9801301956,80.2521286011,27320,27330,10
12.9799995422,80.2525482178,27330,27340,10
12.9799900055,80.2526016235,27340,27350,10
12.9799098969,80.2527389526,27350,27361,11
12.9794502258,80.2527313232,27361,27371,10
12.9789104462,80.2526779175,27371,27381,10
12.9788503647,80.2526779175,27381,27391,10
12.9786701202,80.2526168823,27391,27401,10
12.9782896042,80.2523880005,27401,27411,10
12.9778404236,80.2519989014,27411,27421,10
12.9771404266,80.2514877319,27421,27431,10
12.9761199951,80.2511978149,27431,27441,10
12.9750699997,80.2508773804,27441,27451,10
12.9739704132,80.250579834,27451,27461,10
12.9729204178,80.2503128052,27461,27472,11
12.9725198746,80.2502212524,27472,27482,10
12.9724702835,80.2501983643,27482,27492,10
12.9720697403,80.2500610352,27492,27502,10
12.9713602066,80.2498474121,27502,27512,10
12.970459938,80.2495880127,27512,27522,10
12.969420433,80.2491989136,27522,27532,10
12.9683303833,80.2488174438,27532,27542,10
12.9672803879,80.2483520508,27542,27552,10
12.9666595459,80.2479934692,27552,27562,10
12.9661502838,80.247718811,27562,27572,10
12.9650402069,80.2473526001,27572,27593,21
12.9650402069,80.2473526001,27593,27603,10
12.9649295807,80.2473602295,27603,27613,10
12.9645395279,80.247177124,27613,27623,10
12.9638996124,80.2468719482,27623,27633,10
12.9634895325,80.2466583252,27633,27643,10
12.9628696442,80.246421814,27643,27653,10
12.9620504379,80.2460479736,27653,27663,10
12.9610795975,80.2455596924,27663,27673,10
12.9600400925,80.2450866699,27673,27683,10
12.9594497681,80.2448501587,27683,27693,10
12.9594097137,80.2448272705,27693,27703,10
12.9592695236,80.244758606,27703,27714,11
12.9587697983,80.2445220947,27714,27724,10
12.9580698013,80.2442703247,27724,27734,10
12.9573202133,80.2439727783,27734,27744,10
12.9565601349,80.2436828613,27744,27754,10
12.9563903809,80.2436294556,27754,27764,10
12.9559297562,80.2434234619,27764,27774,10
12.9552497864,80.2430801392,27774,27784,10
12.954369545,80.2427062988,27784,27794,10
12.9535198212,80.2423477173,27794,27804,10
12.9525699615,80.2419586182,27804,27814,10
12.9516096115,80.2416610718,27814,28087,273
12.9516096115,80.2416610718,28087,28097,10
12.9513397217,80.2415771484,28097,28107,10
12.9507703781,80.2413864136,28107,28117,10
12.9499797821,80.2411727905,28117,28127,10
12.9491701126,80.2409133911,28127,28137,10
12.9483499527,80.2405319214,28137,28147,10
12.9476900101,80.2402496338,28147,28157,10
12.9470100403,80.2399673462,28157,28177,20
12.9470100403,80.2399673462,28177,28188,11
12.9468202591,80.2398910522,28188,28198,10
12.9463701248,80.2397079468,28198,28208,10
12.9456996918,80.2394104004,28208,28218,10
12.9449901581,80.2389526367,28218,28228,10
12.944319725,80.2382583618,28228,28238,10
12.9433202744,80.237197876,28238,28258,20
12.9433202744,80.237197876,28258,28268,10
12.9430503845,80.2369384766,28268,28278,10
12.942440033,80.2365722656,28278,28288,10
12.9415397644,80.2362976074,28288,28298,10
12.9405498505,80.236038208,28298,28309,11
12.939330101,80.2356414795,28309,28329,20
12.939330101,80.2356414795,28329,28339,10
12.9390096664,80.235458374,28339,28349,10
12.9384002686,80.2351608276,28349,28359,10
12.9376096725,80.2347793579,28359,28369,10
12.9366798401,80.2343292236,28369,28379,10
12.935669899,80.233833313,28379,28389,10
12.9346399307,80.2333831787,28389,28399,10
12.9339103699,80.233001709,28399,28420,21
12.9339103699,80.233001709,28420,28430,10
12.9337396622,80.2329177856,28430,28440,10
12.9332895279,80.232711792,28440,28450,10
12.9325895309,80.232460022,28450,28460,10
12.9317398071,80.2321624756,28460,28470,10
12.9307603836,80.2317962646,28470,28480,10
12.9296798706,80.2315292358,28480,28490,10
12.9285898209,80.2313308716,28490,28500,10
12.9274501801,80.2311782837,28500,28510,10
12.926030159,80.2310333252,28510,28530,20
12.926030159,80.2310333252,28530,28541,11
12.9259901047,80.2310180664,28541,28551,10
12.925620079,80.2309799194,28551,28561,10
12.9250097275,80.2308883667,28561,28571,10
12.9242296219,80.2308120728,28571,28581,10
12.9232997894,80.230682373,28581,28591,10
12.9222097397,80.230506897,28591,28601,10
12.9210500717,80.2303466797,28601,28611,10
12.9198799133,80.23021698,28611,28621,10
12.9190797806,80.2301177979,28621,28641,20
12.9190797806,80.2301177979,28641,28650,9
12.9188899994,80.2301025391,28650,28662,12
12.9181804657,80.2299880981,28662,28672,10
12.9174499512,80.2298583984,28672,28682,10
12.9172801971,80.2298431396,28682,28692,10
12.9172201157,80.2298202515,28692,28702,10
12.9168195724,80.2297668457,28702,28712,10
12.9161100388,80.2296829224,28712,28722,10
12.9152002335,80.2295532227,28722,28732,10
12.9141998291,80.2294235229,28732,28742,10
12.9133501053,80.2293167114,28742,28752,10
12.9132795334,80.229309082,28752,28762,10
12.9131498337,80.2292785645,28762,28772,10
12.912610054,80.2292022705,28772,28783,11
12.9117097855,80.2290725708,28783,28793,10
12.9106903076,80.2289276123,28793,28803,10
12.9095897675,80.2287597656,28803,28813,10
12.9084997177,80.2285766602,28813,28823,10
12.9071798325,80.2284393311,28823,28873,50
12.9071798325,80.2284393311,28873,28883,10
12.9070301056,80.2283706665,28883,28893,10
12.9068899155,80.2283782959,28893,28904,11
12.906419754,80.2283401489,28904,28914,10
12.9061803818,80.2283096313,28914,28924,10
12.9060497284,80.228302002,28924,28934,10
12.9057502747,80.2282867432,28934,28944,10
12.905090332,80.2282409668,28944,28954,10
12.9041700363,80.2281723022,28954,28964,10
12.9030504227,80.2281112671,28964,28974,10
12.9018697739,80.2280426025,28974,28984,10
12.900850296,80.2279815674,28984,28994,10
12.9006004333,80.2279663086,28994,29004,10
12.900179863,80.2279891968,29004,29014,10
12.8997898102,80.2279510498,29014,29025,11
12.8992099762,80.2279205322,29025,29055,30
12.8992099762,80.2279205322,29055,29065,10
12.8988399506,80.2278518677,29065,29075,10
12.8981599808,80.2278137207,29075,29085,10
12.8972997665,80.2277603149,29085,29095,10
12.8962202072,80.2276992798,29095,29105,10
12.8950796127,80.2276611328,29105,29115,10
12.8931703568,80.2275466919,29115,29136,21
12.8931703568,80.2275466919,29136,29146,10
12.8931503296,80.2275390625,29146,29156,10
12.8926696777,80.2274627686,29156,29166,10
12.8918600082,80.2274093628,29166,29176,10
12.8907899857,80.2273864746,29176,29186,10
12.8896102905,80.2273864746,29186,29196,10
12.8885097504,80.2273864746,29196,29206,10
12.8883600235,80.2273788452,29206,29216,10
12.887960434,80.2273635864,29216,29226,10
12.8872098923,80.2272415161,29226,29236,10
12.8862104416,80.2270126343,29236,29246,10
12.8851299286,80.2267684937,29246,29257,11
12.8847503662,80.2267532349,29257,29267,10
12.8844804764,80.2267227173,29267,29277,10
12.8838100433,80.2267379761,29277,29287,10
12.8828601837,80.2267532349,29287,29297,10
12.8817396164,80.2267608643,29297,29307,10
12.8805599213,80.2267684937,29307,29317,10
12.8793401718,80.2267990112,29317,29327,10
12.8781404495,80.2268600464,29327,29337,10
12.8770704269,80.2269515991,29337,29347,10
12.8766403198,80.2269897461,29347,29357,10
12.8764896393,80.2269287109,29357,29367,10
12.876449585,80.2265319824,29367,29388,21
12.876449585,80.2265319824,29388,29398,10
12.8764896393,80.2262115479,29398,29408,10
12.8765497208,80.2255096436,29408,29418,10
12.876660347,80.224571228,29418,29428,10
12.8768501282,80.2235107422,29428,29438,10
12.8771295547,80.2223815918,29438,29448,10
12.8773899078,80.2211990356,29448,29458,10
12.8776798248,80.2200622559,29458,29468,10
12.8779296875,80.2188873291,29468,29478,10
12.8781900406,80.2176818848,29478,29488,10
12.8784399033,80.2164382935,29488,29499,11
12.8787403107,80.215057373,29499,29509,10
12.8789701462,80.2137985229,29509,29519,10
12.8792104721,80.2125396729,29519,29529,10
12.8794298172,80.2113418579,29529,29539,10
12.8789796829,80.2109603882,29539,29559,20
12.8789796829,80.2109603882,29559,29569,10
12.8787899017,80.2109298706,29569,29579,10
12.8781995773,80.2108078003,29579,29589,10
12.8773899078,80.210647583,29589,29599,10
12.8766803741,80.2105331421,29599,29609,10
12.8763303757,80.2104415894,29609,29620,11
12.8755502701,80.2103118896,29620,29630,10
12.8744697571,80.2101135254,29630,29650,20
12.8744697571,80.2101135254,29650,29660,10
12.8744001389,80.2099609375,29660,29670,10
12.8748102188,80.2097396851,29670,29700,30
12.8746595383,80.2098388672,29700,29801,101
12.8746900558,80.2098236084,29801,30184,383
12.8746900558,80.2098236084,30184,30194,10
12.8747501373,80.2098693848,30194,30204,10
12.8747196198,80.2100372314,30204,30215,11
12.8749198914,80.2101669312,30215,30225,10
12.8753995895,80.2102508545,30225,30235,10
12.8759403229,80.2103424072,30235,30245,10
12.8765001297,80.2104415894,30245,30255,10
12.8770904541,80.2105636597,30255,30265,10
12.8776903152,80.2106704712,30265,30275,10
12.8783397675,80.2107925415,30275,30285,10
12.8792600632,80.2109680176,30285,30305,20
12.8792600632,80.2109680176,30305,30315,10
12.8794298172,80.2110366821,30315,30326,11
12.8794498444,80.2115020752,30326,30336,10
12.8793401718,80.2121200562,30336,30346,10
12.8791999817,80.2128829956,30346,30356,10
12.8790302277,80.2137527466,30356,30366,10
12.8788499832,80.2147216797,30366,30376,10
12.8786497116,80.2157287598,30376,30386,10
12.8784303665,80.2167434692,30386,30396,10
12.8782196045,80.2177886963,30396,30406,10
12.877989769,80.2188720703,30406,30416,10
12.8777503967,80.2199401855,30416,30426,10
12.8774995804,80.2210235596,30426,30436,10
12.8772497177,80.2221221924,30436,30447,11
12.8769903183,80.2232971191,30447,30457,10
12.8767795563,80.2243270874,30457,30467,10
12.876660347,80.2253189087,30467,30477,10
12.8765096664,80.2262420654,30477,30487,10
12.8764896393,80.226852417,30487,30497,10
12.8767795563,80.2268371582,30497,30517,20
12.8767795563,80.2268371582,30517,30527,10
12.8768796921,80.2268600464,30527,30537,10
12.8773498535,80.2268066406,30537,30546,9
12.8780202866,80.2267532349,30546,30557,11
12.8789796829,80.2266998291,30557,30568,11
12.8801002502,80.2266616821,30568,30578,10
12.8811798096,80.2266464233,30578,30588,10
12.8823099136,80.2266387939,30588,30598,10
12.8834495544,80.2266311646,30598,30608,10
12.8845701218,80.2266082764,30608,30618,10
12.8853502274,80.2266387939,30618,30628,10
12.8853797913,80.2266464233,30628,30638,10
12.8854398727,80.2266616821,30638,30648,10
12.885840416,80.2267532349,30648,30658,10
12.8865299225,80.2269363403,30658,30668,10
12.8873996735,80.2271270752,30668,30678,10
12.8886699677,80.2272415161,30678,30709,31
12.8886699677,80.2272415161,30709,30719,10
12.8889703751,80.2272415161,30719,30729,10
12.889550209,80.2272720337,30729,30739,10
12.8903198242,80.2272491455,30739,30749,10
12.8912200928,80.2272491455,30749,30759,10
12.8920202255,80.2272491455,30759,30769,10
12.8924398422,80.2272796631,30769,30779,10
12.8930702209,80.2273483276,30779,30789,10
12.8941898346,80.2274703979,30789,30820,31
12.8941898346,80.2274703979,30820,30830,10
12.894490242,80.2275009155,30830,30840,10
12.8950595856,80.2275238037,30840,30850,10
12.8958396912,80.2275466919,30850,30860,10
12.8967599869,80.2276000977,30860,30870,10
12.8978099823,80.2276687622,30870,30880,10
12.8989095688,80.2277526855,30880,30890,10
12.9000797272,80.2277603149,30890,30921,31
12.9000797272,80.2277603149,30921,30931,10
12.9003696442,80.2277526855,30931,30941,10
12.9008598328,80.2277984619,30941,30951,10
12.9014396667,80.2278671265,30951,30961,10
12.9019699097,80.227897644,30961,30971,10
12.9026203156,80.2279205322,30971,30981,10
12.9031496048,80.2279129028,30981,30991,10
12.9031600952,80.2279205322,30991,31001,10
12.9032001495,80.2279205322,31001,31011,10
12.9035196304,80.2279891968,31011,31082,71
12.9035196304,80.2279891968,31082,31092,10
12.9039697647,80.2280273438,31092,31102,10
12.9043798447,80.2280578613,31102,31112,10
12.9049196243,80.2280807495,31112,31203,91
12.9049196243,80.2280807495,31203,31213,10
12.9050302505,80.2280426025,31213,31223,10
12.9053697586,80.2281036377,31223,31243,20
12.9053697586,80.2281036377,31243,31253,10
12.9055900574,80.2280807495,31253,31263,10
12.9056997299,80.2280578613,31263,31273,10
12.905960083,80.2280807495,31273,31334,61
12.905960083,80.2280807495,31334,31344,10
12.9061803818,80.2281036377,31344,31354,10
12.906539917,80.2281265259,31354,31364,10
12.9070301056,80.2281723022,31364,31374,10
12.9071998596,80.228187561,31374,31384,10
12.9072999954,80.2282028198,31384,31394,10
12.9077100754,80.2282791138,31394,31405,11
12.9085197449,80.2284164429,31405,31415,10
12.9094696045,80.2285919189,31415,31425,10
12.9105796814,80.228767395,31425,31435,10
12.9117202759,80.2289505005,31435,31445,10
12.9127397537,80.2291030884,31445,31455,10
12.9136199951,80.2291870117,31455,31465,10
12.9142198563,80.2292709351,31465,31485,20
12.9142198563,80.2292709351,31485,31495,10
12.914440155,80.2293014526,31495,31505,10
12.9149599075,80.2293167114,31505,31515,10
12.9156999588,80.2294692993,31515,31526,11
12.9167804718,80.2296218872,31526,31536,10
12.917889595,80.2297821045,31536,31546,10
12.9189395905,80.2299194336,31546,31556,10
12.919380188,80.2299575806,31556,31566,10
12.919380188,80.2299728394,31566,31576,10
12.9197101593,80.2300262451,31576,31586,10
12.9203195572,80.2301101685,31586,31596,10
12.9211101532,80.2302017212,31596,31606,10
12.9220399857,80.2303314209,31606,31616,10
12.9231004715,80.2304916382,31616,31626,10
12.9242296219,80.2306518555,31626,31636,10
12.925359726,80.2308197021,31636,31647,11
12.9263496399,80.2309112549,31647,31657,10
12.9264297485,80.2309188843,31657,31667,10
12.92648983,80.2309188843,31667,31677,10
12.9268903732,80.23097229,31677,31687,10
12.9275503159,80.2310409546,31687,31697,10
12.9283800125,80.2311477661,31697,31707,10
12.9293298721,80.231338501,31707,31717,10
12.930390358,80.2315979004,31717,31727,10
12.9314899445,80.2319564819,31727,31737,10
12.9325304031,80.2322921753,31737,31747,10
12.9338102341,80.2328109741,31747,31778,31
12.9338102341,80.2328109741,31778,31788,10
12.9340400696,80.2329406738,31788,31798,10
12.9345903397,80.2331924438,31798,31808,10
12.9352998734,80.233543396,31808,31818,10
12.9361200333,80.2339019775,31818,31828,10
12.9370002747,80.234336853,31828,31838,10
12.9379501343,80.2347869873,31838,31848,10
12.9388198853,80.2352294922,31848,31858,10
12.9394397736,80.2355575562,31858,31868,10
12.9396896362,80.2356796265,31868,31879,11
12.9397201538,80.2356719971,31879,31889,10
12.9398298264,80.2356872559,31889,31899,10
12.940199852,80.2358398438,31899,31909,10
12.9408102036,80.2360229492,31909,31919,10
12.9416103363,80.2361984253,31919,31929,10
12.9425201416,80.2364578247,31929,31939,10
12.9436702728,80.2372817993,31939,31959,20
12.9436702728,80.2372817993,31959,31969,10
12.9438495636,80.2375717163,31969,31979,10
12.9442796707,80.2379608154,31979,31988,9
12.9447803497,80.2385101318,31988,32000,12
12.9456100464,80.2392578125,32000,32010,10
12.9471702576,80.2399215698,32010,32030,20
12.9471702576,80.2399215698,32030,32040,10
12.9471797943,80.2399368286,32040,32050,10
12.947520256,80.2400512695,32050,32100,50
12.947520256,80.2400512695,32100,32109,9
12.947640419,80.2400817871,32109,32121,12
12.9480695724,80.240272522,32121,32131,10
12.9486103058,80.2404937744,32131,32141,10
12.9490404129,80.2406692505,32141,32151,10
12.9495401382,80.2408599854,32151,32161,10
12.9501800537,80.2410430908,32161,32171,10
12.9509296417,80.2412567139,32171,32181,10
12.9511098862,80.2413330078,32181,32191,10
12.9511804581,80.2413635254,32191,32201,10
12.9514598846,80.2414474487,32201,32211,10
12.951669693,80.2415390015,32211,32221,10
12.9521198273,80.2416992188,32221,32231,10
12.9527597427,80.2419662476,32231,32242,11
12.9534397125,80.2422790527,32242,32252,10
12.9537200928,80.2423629761,32252,32262,10
12.953909874,80.24243927,32262,32272,10
12.9542503357,80.2425689697,32272,32282,10
12.9548196793,80.2427978516,32282,32292,10
12.9555196762,80.243057251,32292,32302,10
12.9561700821,80.2432403564,32302,32351,49
12.9561700821,80.2432403564,32351,32363,12
12.956700325,80.2434463501,32363,32373,10
12.9573497772,80.2437896729,32373,32383,10
12.9581203461,80.2441101074,32383,32393,10
12.9588098526,80.2443695068,32393,32433,40
12.9590396881,80.244468689,32433,32453,20
12.9590396881,80.244468689,32453,32463,10
12.9591598511,80.2445602417,32463,32472,9
12.9593801498,80.2446899414,32472,32484,12
12.9596204758,80.2447967529,32484,32494,10
12.9600296021,80.2449569702,32494,32504,10
12.9601802826,80.2450180054,32504,32514,10
12.9604101181,80.2451171875,32514,32524,10
12.9605703354,80.2452011108,32524,32534,10
12.9607400894,80.2452697754,32534,32544,10
12.9609003067,80.2453536987,32544,32554,10
12.9610395432,80.2454223633,32554,32564,10
12.9611301422,80.2454605103,32564,32574,10
12.9611701965,80.2454833984,32574,32583,9
12.9613599777,80.2455596924,32583,32595,12
12.9614801407,80.2456283569,32595,32605,10
12.9616203308,80.2456970215,32605,32655,50
12.9616203308,80.2456970215,32655,32665,10
12.9617395401,80.2458267212,32665,32675,10
12.9619102478,80.2458877563,32675,32685,10
12.9621896744,80.2460174561,32685,32704,19
12.9621896744,80.2460174561,32704,32716,12
12.9623403549,80.2460784912,32716,32726,10
12.9625301361,80.2461090088,32726,32736,10
12.9627399445,80.2462387085,32736,32746,10
12.9633598328,80.2465591431,32746,32776,30
12.9633598328,80.2465591431,32776,32786,10
12.9634599686,80.2465286255,32786,32796,10
12.9637699127,80.2467422485,32796,32806,10
12.9643297195,80.2469787598,32806,32816,10
12.965089798,80.247253418,32816,32826,10
12.9667396545,80.2478485107,32826,32847,21
12.9667396545,80.2478485107,32847,32857,10
12.9668502808,80.2479476929,32857,32867,10
12.9672002792,80.2481307983,32867,32877,10
12.9679203033,80.2484283447,32877,32887,10
12.9688396454,80.2487716675,32887,32897,10
12.9698200226,80.249168396,32897,32907,10
12.9708499908,80.2495803833,32907,32917,10
12.9719495773,80.2498779297,32917,32927,10
12.9730396271,80.2501907349,32927,32937,10
12.9741001129,80.2504806519,32937,32946,9
12.9745903015,80.2505569458,32946,32968,22
12.9745903015,80.2505569458,32968,32978,10
12.9748601913,80.2506637573,32978,32988,10
12.9754600525,80.2508621216,32988,32998,10
12.9763097763,80.2510986328,32998,33008,10
12.9773101807,80.251449585,33008,33018,10
12.9781999588,80.2521286011,33018,33028,10
12.9789400101,80.2525100708,33028,33038,10
12.9794397354,80.2525405884,33038,33048,10
12.9798803329,80.2524719238,33048,33058,10
12.9798898697,80.2524490356,33058,33068,10
12.9799404144,80.2523422241,33068,33079,11
12.9800195694,80.2518692017,33079,33089,10
12.9802303314,80.2512207031,33089,33099,10
12.9804801941,80.2503967285,33099,33109,10
12.9806804657,80.2493896484,33109,33119,10
12.9807796478,80.248260498,33119,33129,10
12.9808597565,80.2470932007,33129,33139,10
12.9809799194,80.2459106445,33139,33149,10
12.9811000824,80.2447433472,33149,33159,10
12.9811601639,80.2440567017,33159,33169,10
12.9811897278,80.2438278198,33169,33210,41
12.9811897278,80.2438278198,33210,33220,10
12.9812803268,80.2436599731,33220,33230,10
12.9813499451,80.2431030273,33230,33250,20
12.9813499451,80.2431030273,33250,33260,10
12.9813699722,80.2429275513,33260,33270,10
12.9813804626,80.2427902222,33270,33280,10
12.9813899994,80.2425231934,33280,33290,10
12.9813604355,80.2419815063,33290,33300,10
12.9813699722,80.2413330078,33300,33310,10
12.9813699722,80.2405471802,33310,33321,11
12.9813604355,80.2398223877,33321,33331,10
12.9813499451,80.2393798828,33331,33341,10
12.9813499451,80.2387619019,33341,33351,10
12.9813098907,80.2383117676,33351,33361,10
12.9813098907,80.23802948,33361,33371,10
12.9813098907,80.2380218506,33371,33381,10
12.9813299179,80.2379684448,33381,33391,10
12.9813098907,80.2376022339,33391,33401,10
12.9812898636,80.2369308472,33401,33411,10
12.9812698364,80.236076355,33411,33421,10
12.9812402725,80.2352218628,33421,33432,11
12.9812498093,80.2342987061,33432,33442,10
12.9816198349,80.2333984375,33442,33472,30
12.9816198349,80.2333984375,33472,33482,10
12.9817304611,80.2331924438,33482,33492,10
12.9818897247,80.2327804565,33492,33502,10
12.982000351,80.2322463989,33502,33512,10
12.9819602966,80.231628418,33512,33522,10
12.9818897247,80.2309417725,33522,33532,10
12.9815502167,80.2303314209,33532,33542,10
12.981089592,80.229598999,33542,33553,11
12.9807901382,80.2291564941,33553,33563,10
12.9807300568,80.2290267944,33563,33573,10
12.9806699753,80.2288589478,33573,33583,10
12.9804801941,80.2285385132,33583,33593,10
12.9802799225,80.2281188965,33593,33603,10
12.9799003601,80.2275085449,33603,33613,10
12.9794797897,80.2268371582,33613,33623,10
12.9793395996,80.2265625,33623,33633,10
12.979060173,80.2261123657,33633,33643,10
12.9786596298,80.2254333496,33643,33653,10
12.9781904221,80.2246780396,33653,33663,10
12.977809906,80.2241363525,33663,33674,11
12.9773702621,80.2234115601,33674,33684,10
12.9770202637,80.2228164673,33684,33694,10
12.9773101807,80.2226867676,33694,33714,20
12.9773101807,80.2226867676,33714,33724,10
12.977519989,80.2226028442,33724,33734,10
12.9774999619,80.2221603394,33734,33744,10
12.9774904251,80.2215118408,33744,33754,10
12.9775800705,80.2212524414,33754,33764,10
12.9780101776,80.221206665,33764,33774,10
12.9786596298,80.2211532593,33774,33784,10
12.9792203903,80.2211074829,33784,33795,11
12.9799900055,80.2210617065,33795,33805,10
12.9807701111,80.220993042,33805,33815,10
12.9814596176,80.2211914063,33815,33825,10
12.9819803238,80.2215118408,33825,33835,10
12.9825601578,80.2217330933,33835,33845,10
12.9829502106,80.2219009399,33845,33855,10
12.9829702377,80.2219085693,33855,33865,10
12.983039856,80.2219619751,33865,33875,10
12.9832897186,80.2221298218,33875,33885,10
12.9835100174,80.2222976685,33885,33895,10
12.9839601517,80.2226028442,33895,33905,10
12.9845304489,80.2229003906,33905,33916,11
12.9852895737,80.2231826782,33916,33926,10
12.9855499268,80.2230300903,33926,33936,10
12.986120224,80.2229232788,33936,33946,10
12.9865503311,80.2229232788,33946,33956,10
12.9866304398,80.2229385376,33956,33966,10
12.9870100021,80.2229919434,33966,33976,10
12.9873399734,80.2230377197,33976,33986,10
12.987830162,80.2229614258,33986,33996,10
12.988409996,80.2225036621,33996,34006,10
12.9889001846,80.2220230103,34006,34016,10
12.9893598557,80.2214736938,34016,34026,10
12.99036026,80.2204284668,34026,34047,21
12.99036026,80.2204284668,34047,34057,10
12.9907302856,80.2201538086,34057,34067,10
12.9912595749,80.2197113037,34067,34077,10
12.9919996262,80.2191772461,34077,34087,10
12.9928102493,80.2185974121,34087,34097,10
12.9938697815,80.2178268433,34097,34117,20
12.9938697815,80.2178268433,34117,34127,10
12.9940595627,80.2177124023,34127,34178,51
12.9940595627,80.2177124023,34178,34188,10
12.9943399429,80.2174835205,34188,34198,10
12.9943504333,80.2174682617,34198,34208,10
12.9944801331,80.2173690796,34208,34218,10
12.9949302673,80.217048645,34218,34228,10
12.9959096909,80.216583252,34228,34248,20
12.9959096909,80.216583252,34248,34258,10
12.9960203171,80.2165985107,34258,34268,10
12.9961004257,80.2165985107,34268,34279,11
12.9962797165,80.2165527344,34279,34289,10
12.9966201782,80.216506958,34289,34299,10
12.9969701767,80.216468811,34299,34309,10
12.997300148,80.2162322998,34309,34319,10
12.9973297119,80.216217041,34319,34329,10
12.9974899292,80.2161178589,34329,34339,10
12.9978399277,80.2158432007,34339,34349,10
12.9982500076,80.2154693604,34349,34359,10
12.9989004135,80.2149276733,34359,34369,10
12.9991903305,80.214630127,34369,34378,9
12.999540329,80.2143325806,34378,34389,11
12.9999904633,80.2139511108,34389,34400,11
13.0005998611,80.2134094238,34400,34410,10
13.0011796951,80.2129516602,34410,34420,10
13.0017795563,80.2125167847,34420,34430,10
13.0023498535,80.2121963501,34430,34440,10
13.0028600693,80.2120895386,34440,34450,10
13.0033102036,80.212020874,34450,34460,10
13.0034599304,80.212020874,34460,34470,10
13.003569603,80.2120132446,34470,34480,10
13.0036897659,80.211730957,34480,34490,10
13.0037097931,80.211151123,34490,34500,10
13.0036697388,80.2105331421,34500,34511,11
13.0035600662,80.2097930908,34511,34521,10
13.0036296844,80.2091293335,34521,34531,10
13.0039196014,80.2086105347,34531,34541,10
13.004650116,80.2088928223,34541,34551,10
13.005490303,80.2092590332,34551,34561,10
13.0060796738,80.2094802856,34561,34571,10
13.0069599152,80.2097091675,34571,34621,50
13.0069599152,80.2097091675,34621,34632,11
13.0072698593,80.2098236084,34632,34642,10
13.0075998306,80.2098770142,34642,34652,10
13.008020401,80.2099533081,34652,34662,10
13.008099556,80.209602356,34662,34672,10
13.0079898834,80.2088928223,34672,34682,10
13.0078802109,80.2079620361,34682,34692,10
13.0077104568,80.206817627,34692,34702,10
13.0075702667,80.205657959,34702,34712,10
13.0075397491,80.2045516968,34712,34722,10
13.0074396133,80.2034912109,34722,34732,10
13.0071802139,80.20262146,34732,34742,10
13.0065498352,80.2028427124,34742,34753,11
13.0068502426,80.2033996582,34753,34763,10
13.007519722,80.203666687,34763,34773,10
13.0084104538,80.2037124634,34773,34783,10
13.0094995499,80.203666687,34783,34793,10
13.0105895996,80.2036437988,34793,34803,10
13.0118503571,80.2037734985,34803,34813,10
13.0129804611,80.2040023804,34813,34823,10
13.0133495331,80.2040634155,34823,34833,10
13.0135602951,80.2041015625,34833,34843,10
13.013710022,80.2043304443,34843,34853,10
13.0136899948,80.2045822144,34853,34863,10
13.0136203766,80.204750061,34863,34874,11
13.013469696,80.2052307129,34874,34884,10
13.0132598877,80.205871582,34884,34894,10
13.0131196976,80.2066802979,34894,34904,10
13.0130300522,80.2074508667,34904,34914,10
13.0129299164,80.2077636719,34914,34924,10
13.0129098892,80.2078475952,34924,34934,10
13.0128498077,80.2083206177,34934,34944,10
13.0128898621,80.2087097168,34944,34954,10
13.0131196976,80.2093429565,34954,34964,10
13.0132398605,80.2098922729,34964,34974,10
13.0131597519,80.210609436,34974,34984,10
13.0128898621,80.2113800049,34984,34995,11
13.0125398636,80.2120132446,34995,35005,10
13.0122098923,80.2124710083,35005,35015,10
13.0120296478,80.2126922607,35015,35025,10
13.0118598938,80.2127609253,35025,35035,10
13.0115804672,80.2125473022,35035,35045,10
13.0109500885,80.212097168,35045,35055,10
13.0103702545,80.2116775513,35055,35085,30
13.0100698471,80.211479187,35085,35146,61
13.0097398758,80.2112884521,35146,36053,907
13.0096502304,80.2111663818,36053,36175,122
13.0096502304,80.2111663818,36175,36195,20
13.009349823,80.2110214233,36195,36205,10
13.0093297958,80.2109680176,36205,36225,20
13.0094499588,80.2110671997,36225,36265,40
13.0092201233,80.2113265991,36265,36305,40
13.0092201233,80.2113265991,36305,36316,11
13.0090398788,80.2115631104,36316,36326,10
13.0090799332,80.2117462158,36326,36336,10
13.0091495514,80.2119903564,36336,36346,10
13.0092096329,80.2121963501,36346,36356,10
13.009349823,80.212600708,36356,36366,10
13.0095100403,80.2130584717,36366,36376,10
13.0096797943,80.2135009766,36376,36386,10
13.0098400116,80.2139205933,36386,36396,10
13.0099802017,80.2143096924,36396,36406,10
13.0101299286,80.2148895264,36406,36416,10
13.0102596283,80.2156906128,36416,36425,9
13.01060009,80.2164764404,36425,36437,12
13.0111198425,80.2175827026,36437,36447,10
13.0114898682,80.2185516357,36447,36457,10
13.0118598938,80.2196121216,36457,36467,10
13.0121803284,80.2206726074,36467,36477,10
13.0123701096,80.2213592529,36477,36487,10
13.0124797821,80.2215805054,36487,36497,10
13.0127601624,80.2220001221,36497,36507,10
13.0131196976,80.222328186,36507,36517,10
13.0135602951,80.2228469849,36517,36527,10
13.0139703751,80.2233505249,36527,36537,10
13.0141401291,80.2235488892,36537,36546,9
13.0145101547,80.2239379883,36546,36558,12
13.0153503418,80.2250518799,36558,36578,20
13.0153503418,80.2250518799,36578,36588,10
13.0154104233,80.2253494263,36588,36598,10
13.0152902603,80.2257385254,36598,36608,10
13.0148601532,80.2259597778,36608,36618,10
13.0141897202,80.2262268066,36618,36628,10
13.0134296417,80.2265090942,36628,36638,10
13.0126399994,80.2268676758,36638,36648,10
13.0118398666,80.227180481,36648,36658,10
13.0109100342,80.2275619507,36658,36668,10
13.0099201202,80.2279434204,36668,36679,11
13.0095596313,80.2275085449,36679,36689,10
13.0098400116,80.226890564,36689,36699,10
13.0101604462,80.2261123657,36699,36709,10
13.0104598999,80.2252807617,36709,36719,10
13.0105895996,80.2250900269,36719,36729,10
13.0107498169,80.2247619629,36729,36739,10
13.0109901428,80.2241363525,36739,36749,10
13.0112800598,80.2234191895,36749,36759,10
13.0109596252,80.2231063843,36759,36769,10
13.0102796555,80.2227783203,36769,36779,10
13.0095300674,80.222366333,36779,36788,9
13.0087499619,80.2219314575,36788,36800,12
13.0076599121,80.2212982178,36800,36810,10
13.0067100525,80.2208480835,36810,36820,10
13.0057001114,80.2205276489,36820,36830,10
13.0047397614,80.2203063965,36830,36840,10
13.0044803619,80.2202224731,36840,36850,10
13.0041999817,80.2201538086,36850,36860,10
13.0036201477,80.2200012207,36860,36870,10
13.0029401779,80.2198104858,36870,36880,10
13.0021800995,80.2192077637,36880,36890,10
13.0015497208,80.2186126709,36890,36900,10
13.0008296967,80.2181091309,36900,36910,10
13.0000896454,80.2176513672,36910,36921,11
12.9992303848,80.2171783447,36921,36931,10
12.9982995987,80.2167282104,36931,36941,10
12.9978704453,80.2166137695,36941,36951,10
12.9974803925,80.2165603638,36951,36961,10
12.9974603653,80.2165527344,36961,36971,10
12.9972400665,80.2165298462,36971,36981,10
12.9967002869,80.2165298462,36981,36991,10
12.9960203171,80.2166671753,36991,37001,10
12.9952001572,80.2169570923,37001,37011,10
12.9947595596,80.2172470093,37011,37021,10
12.99421978,80.2176818848,37021,37032,11
12.9935998917,80.2181472778,37032,37042,10
12.9929304123,80.2186203003,37042,37052,10
12.9921598434,80.2191696167,37052,37062,10
12.9914703369,80.2196578979,37062,37072,10
12.9909496307,80.2200622559,37072,37082,10
12.9907903671,80.220199585,37082,37092,10
12.9906997681,80.2202529907,37092,37102,10
12.9904403687,80.2204589844,37102,37112,10
12.9900302887,80.2208328247,37112,37122,10
12.9895095825,80.2213516235,37122,37132,10
12.9890403748,80.2219772339,37132,37142,10
12.9884300232,80.2226104736,37142,37153,11
12.9877300262,80.2230606079,37153,37163,10
12.9876499176,80.2230682373,37163,37173,10
12.9875402451,80.2230682373,37173,37183,10
12.9871702194,80.2230300903,37183,37193,10
12.9866600037,80.2229232788,37193,37203,10
12.986120224,80.2229003906,37203,37213,10
12.9856700897,80.2230682373,37213,37223,10
12.9852600098,80.2232437134,37223,37233,10
12.9849395752,80.2231521606,37233,37243,10
12.984629631,80.2230300903,37243,37253,10
12.9841604233,80.2227630615,37253,37263,10
12.9836797714,80.2225494385,37263,37274,11
12.983300209,80.222328186,37274,37284,10
12.9832601547,80.2222976685,37284,37294,10
12.9830999374,80.2221374512,37294,37304,10
12.9827804565,80.2219772339,37304,37314,10
12.9825696945,80.2219009399,37314,37324,10
12.9823598862,80.2218322754,37324,37334,10
12.9820699692,80.2217483521,37334,37344,10
12.9816198349,80.2215118408,37344,37354,10
12.9809398651,80.221206665,37354,37364,10
12.9803800583,80.2211074829,37364,37374,10
12.9796695709,80.2211303711,37374,37384,10
12.9788703918,80.2211685181,37384,37395,11
12.9779100418,80.2211990356,37395,37405,10
12.9770402908,80.2212600708,37405,37415,10
12.9763803482,80.2212600708,37415,37425,10
12.9762296677,80.2215423584,37425,37435,10
12.9764299393,80.2218704224,37435,37455,20
12.9764299393,80.2218704224,37455,37465,10
12.9764204025,80.2220001221,37465,37475,10
12.9766101837,80.2223129272,37475,37485,10
12.976940155,80.2228393555,37485,37495,10
12.9773797989,80.2235412598,37495,37504,9
12.977809906,80.2242202759,37504,37516,12
12.9780702591,80.2246398926,37516,37526,10
12.9783697128,80.2251281738,37526,37536,10
12.9787797928,80.2257919312,37536,37546,10
12.9791498184,80.2264175415,37546,37556,10
12.9792804718,80.2266311646,37556,37566,10
12.9795703888,80.2270889282,37566,37576,10
12.9799604416,80.2277374268,37576,37586,10
12.9803600311,80.2284317017,37586,37596,10
12.9806604385,80.2289581299,37596,37606,10
12.9807100296,80.2290115356,37606,37616,10
12.9808101654,80.2291412354,37616,37625,9
12.9809799194,80.2293701172,37625,37637,12
12.9813604355,80.2299499512,37637,37647,10
12.9816904068,80.23046875,37647,37657,10
12.9816999435,80.2305221558,37657,37667,10
12.9818296432,80.2308502197,37667,37677,10
12.982000351,80.2314376831,37677,37687,10
12.9820404053,80.232208252,37687,37697,10
12.9819602966,80.2327575684,37697,37707,10
12.9818296432,80.2330780029,37707,37717,10
12.9816703796,80.2334289551,37717,37727,10
12.9814901352,80.2337799072,37727,37737,10
12.9814901352,80.2337799072,37737,37748,11
12.9812698364,80.2344589233,37748,37757,9
12.9812498093,80.2352218628,37757,37768,11
12.9812803268,80.2362670898,37768,37778,10
12.981300354,80.2372512817,37778,37788,10
12.9813098907,80.2377090454,37788,37798,10
12.9813299179,80.2380981445,37798,37808,10
12.9813604355,80.2386627197,37808,37818,10
12.9813604355,80.2387084961,37818,37828,10
12.9813404083,80.2388076782,37828,37838,10
12.9813499451,80.2392196655,37838,37848,10
12.9813604355,80.2395401001,37848,37858,10
12.9813804626,80.2399520874,37858,37869,11
12.9813899994,80.2407226563,37869,37879,10
12.9813995361,80.241569519,37879,37889,10
12.9814195633,80.2423400879,37889,37899,10
12.9814395905,80.2426071167,37899,37919,20
12.9814395905,80.2426071167,37919,37929,10
12.9814195633,80.2427978516,37929,37939,10
12.9813995361,80.2432479858,37939,37949,10
12.9813299179,80.2439804077,37949,37959,10
12.9812202454,80.2448577881,37959,37969,10
12.9811096191,80.2458877563,37969,37979,10
12.9809999466,80.2470016479,37979,37990,11
12.9808702469,80.248260498,37990,38000,10
12.9807796478,80.2494125366,38000,38010,10
12.9805297852,80.250541687,38010,38020,10
12.9802398682,80.2516403198,38020,38030,10
12.9799900055,80.2524185181,38030,38070,40
12.9799404144,80.2526016235,38070,38100,30
12.9799404144,80.2526016235,38100,38111,11
12.9798202515,80.2527999878,38111,38121,10
12.9794101715,80.2527618408,38121,38131,10
12.9788599014,80.2526931763,38131,38141,10
12.9788198471,80.2526779175,38141,38151,10
12.9787197113,80.2526397705,38151,38161,10
12.9783401489,80.2524185181,38161,38171,10
12.9777603149,80.2519073486,38171,38181,10
12.976940155,80.2513809204,38181,38191,10
12.9759597778,80.251083374,38191,38201,10
12.9750499725,80.2508163452,38201,38211,10
12.9740695953,80.2505493164,38211,38221,10
12.9730701447,80.2502975464,38221,38232,11
12.9726104736,80.2501983643,38232,38242,10
12.9725904465,80.2501907349,38242,38252,10
12.972240448,80.2500762939,38252,38262,10
12.971619606,80.2499084473,38262,38272,10
12.970870018,80.2497024536,38272,38282,10
12.9701004028,80.2494888306,38282,38292,10
12.9691896439,80.249130249,38292,38302,10
12.9682102203,80.2487182617,38302,38312,10
12.9672603607,80.2483215332,38312,38322,10
12.9665203094,80.2479629517,38322,38332,10
12.9656600952,80.2475891113,38332,38342,10
12.9649896622,80.2473602295,38342,38353,11
12.9649600983,80.2473602295,38353,38363,10
12.9649400711,80.2473373413,38363,38373,10
12.9646100998,80.2472076416,38373,38383,10
12.9640398026,80.2470092773,38383,38393,10
12.9637298584,80.246887207,38393,38403,10
12.9636802673,80.2468719482,38403,38413,10
12.9636497498,80.2468719482,38413,38423,10
12.9633703232,80.2467193604,38423,38433,10
12.9627599716,80.2464065552,38433,38443,10
12.961930275,80.2460098267,38443,38453,10
12.961139679,80.2456130981,38453,38463,10
12.9603595734,80.245262146,38463,38474,11
12.95952034,80.2449111938,38474,38484,10
12.959400177,80.2448501587,38484,38494,10
12.9593400955,80.2447891235,38494,38504,10
12.9590501785,80.2446212769,38504,38514,10
12.958439827,80.244392395,38514,38524,10
12.9577703476,80.244140625,38524,38534,10
12.9570999146,80.243927002,38534,38544,10
12.9567298889,80.2437973022,38544,38574,30
12.9567298889,80.2437973022,38574,38583,9
12.9565696716,80.2437133789,38583,38655,72
12.9565696716,80.2437133789,38655,38665,10
12.9561595917,80.2435836792,38665,38675,10
12.9556703568,80.243309021,38675,38685,10
12.9549598694,80.2429733276,38685,38695,10
12.9541196823,80.2426071167,38695,38705,10
12.9531898499,80.2422103882,38705,38716,11
12.9521303177,80.2418289185,38716,38726,10
12.9518203735,80.2417297363,38726,38736,10
12.9517097473,80.2416992188,38736,38746,10
12.9512701035,80.2415466309,38746,38756,10
12.9505701065,80.241317749,38756,38766,10
12.9497003555,80.2410888672,38766,38806,40
12.9497003555,80.2410888672,38806,38816,10
12.9495801926,80.2410430908,38816,38825,9
12.9492197037,80.2409133911,38825,38837,12
12.9484996796,80.2406005859,38837,38847,10
12.9474601746,80.2401733398,38847,38867,20
12.9474601746,80.2401733398,38867,38877,10
12.9472703934,80.2400665283,38877,38887,10
12.9468097687,80.2399215698,38887,38897,10
12.9461097717,80.239616394,38897,38907,10
12.9453201294,80.2392120361,38907,38917,10
12.9445495605,80.2384490967,38917,38927,10
12.9437904358,80.2376022339,38927,38937,10
12.9433603287,80.2371826172,38937,38947,10
12.9432897568,80.2371063232,38947,38958,11
12.9429702759,80.236831665,38958,38968,10
12.9423303604,80.2365188599,38968,38978,10
12.9414300919,80.2362670898,38978,38988,10
12.9404001236,80.236000061,38988,38998,10
12.9398298264,80.2357788086,38998,39008,10
12.9394302368,80.2356414795,39008,39028,20
12.9394302368,80.2356414795,39028,39038,10
12.9391899109,80.2354736328,39038,39048,10
12.9386196136,80.2351837158,39048,39058,10
12.9378299713,80.2348327637,39058,39068,10
12.9368495941,80.2343673706,39068,39079,11
12.9357404709,80.2338409424,39079,39089,10
12.9347295761,80.2333679199,39089,39099,10
12.9340295792,80.2330780029,39099,39109,10
12.9339599609,80.233039856,39109,39119,10
12.9339103699,80.2330093384,39119,39129,10
12.9335098267,80.2328186035,39129,39139,10
12.932800293,80.2325134277,39139,39149,10
12.9318599701,80.2321777344,39149,39159,10
12.9307603836,80.2318191528,39159,39169,10
12.9296703339,80.2315216064,39169,39179,10
12.9290103912,80.2313766479,39179,39189,10
12.9288301468,80.2313308716,39189,39200,11
12.9282598495,80.231262207,39200,39210,10
12.9274196625,80.2311630249,39210,39220,10
12.9264602661,80.2310409546,39220,39230,10
12.926030159,80.2310180664,39230,39240,10
12.9259004593,80.2310028076,39240,39250,10
12.9254398346,80.2309494019,39250,39260,10
12.9247102737,80.2308578491,39260,39270,10
12.9238004684,80.2307510376,39270,39280,10
12.9228801727,80.2306137085,39280,39290,10
12.9219303131,80.2304534912,39290,39300,10
12.9207696915,80.2303237915,39300,39310,10
12.9195899963,80.2302093506,39310,39321,11
12.9191503525,80.2301330566,39321,39331,10
12.9191398621,80.2301177979,39331,39341,10
12.9188604355,80.2300567627,39341,39351,10
12.9182300568,80.2300033569,39351,39361,10
12.9173002243,80.2298736572,39361,39371,10
12.916179657,80.2297134399,39371,39381,10
12.915019989,80.2295303345,39381,39391,10
12.913860321,80.2293624878,39391,39401,10
12.913189888,80.2293014526,39401,39411,10
12.9131803513,80.2292861938,39411,39421,10
12.9128704071,80.2292022705,39421,39431,10
12.9122104645,80.2291030884,39431,39442,11
12.9111604691,80.2289428711,39442,39452,10
12.9100399017,80.228767395,39452,39462,10
12.9089002609,80.2285995483,39462,39472,10
12.907790184,80.2284393311,39472,39482,10
12.9072599411,80.2283782959,39482,39492,10
12.9068803787,80.2283477783,39492,39502,10
12.906419754,80.2282867432,39502,39512,10
12.9062299728,80.2282867432,39512,39522,10
12.9060201645,80.2282867432,39522,39532,10
12.905380249,80.2282791138,39532,39542,10
12.9044303894,80.228187561,39542,39553,11
12.9034404755,80.2281112671,39553,39563,10
12.9021997452,80.2280502319,39563,39573,10
12.9015903473,80.228012085,39573,39603,30
12.9015903473,80.228012085,39603,39613,10
12.9014596939,80.2279510498,39613,39623,10
12.901140213,80.2279510498,39623,39633,10
12.9006996155,80.2279281616,39633,39643,10
12.9002799988,80.2279281616,39643,39653,10
12.8998003006,80.2279205322,39653,39663,10
12.8992395401,80.2279281616,39663,39684,21
12.8992395401,80.2279281616,39684,39694,10
12.8991498947,80.2279434204,39694,39704,10
12.8987598419,80.2278823853,39704,39714,10
12.8980302811,80.2278213501,39714,39724,10
12.897069931,80.2277526855,39724,39734,10
12.8959102631,80.2276992798,39734,39744,10
12.8947296143,80.2276535034,39744,39754,10
12.8935499191,80.2276000977,39754,39764,10
12.8932104111,80.2275619507,39764,39774,10
12.8931503296,80.2275390625,39774,39784,10
12.8926897049,80.2274780273,39784,39795,11
12.8923501968,80.2274398804,39795,39805,10
12.8919095993,80.2274093628,39805,39815,10
12.8912096024,80.2274398804,39815,39825,10
12.8901700974,80.2274169922,39825,39835,10
12.88904953,80.2274169922,39835,39845,10
12.8884601593,80.2274169922,39845,39855,10
12.8883399963,80.2274169922,39855,39865,10
12.8879699707,80.227432251,39865,39875,10
12.8872203827,80.2273025513,39875,39885,10
12.8859300613,80.2269668579,39885,39895,10
12.8853397369,80.2268371582,39895,39905,10
12.8852901459,80.2268295288,39905,39916,11
12.8850498199,80.2267532349,39916,39926,10
12.8847799301,80.2266998291,39926,39936,10
12.8841695786,80.2266769409,39936,39946,10
12.883190155,80.2266998291,39946,39956,10
12.8820295334,80.2267227173,39956,39966,10
12.8808202744,80.2267379761,39966,39976,10
12.8795795441,80.2267532349,39976,39986,10
12.8782997131,80.2268066406,39986,39996,10
12.8766098022,80.2269821167,39996,40016,20
12.8766098022,80.2269821167,40016,40026,10
12.8764600754,80.2269363403,40026,40037,11
12.8764200211,80.2265777588,40037,40047,10
12.8764200211,80.2265014648,40047,40057,10
12.8764295578,80.2263870239,40057,40067,10
12.8765096664,80.2259216309,40067,40077,10
12.8765802383,80.225112915,40077,40087,10
12.876709938,80.2241210938,40087,40097,10
12.8769702911,80.2229919434,40097,40107,10
12.8772497177,80.2218017578,40107,40117,10
12.8775396347,80.2205810547,40117,40127,10
12.877820015,80.2193374634,40127,40137,10
12.8781003952,80.2180786133,40137,40147,10
12.8783597946,80.2168121338,40147,40158,11
12.8786401749,80.2154769897,40158,40168,10
12.8788795471,80.2142562866,40168,40178,10
12.8791103363,80.2130432129,40178,40188,10
12.8793401718,80.2118301392,40188,40198,10
12.8790102005,80.2109680176,40198,40218,20
12.8790102005,80.2109680176,40218,40228,10
12.8788604736,80.2109375,40228,40238,10
12.8783798218,80.2108383179,40238,40248,10
12.8775901794,80.2106781006,40248,40258,10
12.8767595291,80.2105178833,40258,40268,10
12.8757600784,80.2103424072,40268,40279,11
12.8746204376,80.2101211548,40279,40289,10
12.8744096756,80.2100906372,40289,40299,10
12.8743801117,80.2100830078,40299,40309,10
12.8744001389,80.2097396851,40309,40319,10
12.8746500015,80.2098007202,40319,41073,754
12.8746500015,80.2098007202,41073,41083,10
12.8748502731,80.2101364136,41083,41093,10
12.8752698898,80.2102279663,41093,41103,10
12.8758897781,80.2103424072,41103,41113,10
12.8765497208,80.2104797363,41113,41123,10
12.877240181,80.210609436,41123,41134,11
12.8780202866,80.2107620239,41134,41144,10
12.8787603378,80.210899353,41144,41154,10
12.8792896271,80.2110137939,41154,41174,20
12.8792896271,80.2110137939,41174,41184,10
12.8794202805,80.2110900879,41184,41194,10
12.8794498444,80.211479187,41194,41204,10
12.8793001175,80.2121582031,41204,41214,10
12.8791399002,80.2130432129,41214,41224,10
12.8789396286,80.2140808105,41224,41234,10
12.8787202835,80.2151565552,41234,41244,10
12.8784799576,80.2162475586,41244,41255,11
12.8782501221,80.2174301147,41255,41265,10
12.8780403137,80.2185134888,41265,41275,10
12.8777799606,80.2195968628,41275,41285,10
12.8775196075,80.2206802368,41285,41295,10
12.8772802353,80.2217712402,41295,41305,10
12.8770303726,80.2228622437,41305,41315,10
12.8767795563,80.2239532471,41315,41325,10
12.8766403198,80.2250518799,41325,41335,10
12.8765001297,80.2261199951,41335,41345,10
12.8764600754,80.2268295288,41345,41375,30
12.8764600754,80.2268295288,41375,41386,11
12.8765096664,80.2269287109,41386,41396,10
12.876830101,80.226890564,41396,41406,10
12.8774700165,80.2268295288,41406,41416,10
12.8783397675,80.2267608643,41416,41426,10
12.8793897629,80.2266998291,41426,41436,10
12.8805303574,80.2266769409,41436,41446,10
12.8816699982,80.2266693115,41446,41456,10
12.8828001022,80.2266616821,41456,41466,10
12.8839302063,80.2266464233,41466,41475,9
12.8848495483,80.2266387939,41475,41486,11
12.8851995468,80.2266387939,41486,41497,11
12.8856496811,80.2267227173,41497,41507,10
12.8864002228,80.2269287109,41507,41517,10
12.8872995377,80.2271270752,41517,41527,10
12.8882799149,80.2272415161,41527,41537,10
12.8884897232,80.2272415161,41537,41547,10
12.8888397217,80.2272720337,41547,41557,10
12.8895597458,80.2272796631,41557,41567,10
12.8905296326,80.2272872925,41567,41577,10
12.8916397095,80.2273101807,41577,41587,10
12.892780304,80.2273788452,41587,41597,10
12.8938703537,80.2274703979,41597,41607,10
12.8941402435,80.2274932861,41607,41618,11
12.8943595886,80.2275238037,41618,41628,10
12.894949913,80.2275695801,41628,41638,10
12.8958101273,80.2276000977,41638,41648,10
12.8968400955,80.2276535034,41648,41658,10
12.8978500366,80.2277069092,41658,41668,10
12.8987903595,80.2277679443,41668,41678,10
12.8995304108,80.2278137207,41678,41688,10
12.9003801346,80.2278594971,41688,41698,10
12.90102005,80.227897644,41698,41708,10
12.901550293,80.227897644,41708,41718,10
12.9019498825,80.2279205322,41718,41729,11
12.9025001526,80.2279663086,41729,41749,20
12.9025001526,80.2279663086,41749,41759,10
12.9025697708,80.2279891968,41759,41769,10
12.9028701782,80.2279891968,41769,41779,10
12.9029302597,80.2279815674,41779,41789,10
12.9033603668,80.2279968262,41789,41799,10
12.9043998718,80.2280578613,41799,41819,20
12.9043998718,80.2280578613,41819,41829,10
12.904589653,80.2280807495,41829,41839,10
12.9049501419,80.2281417847,41839,41849,10
12.9055500031,80.2281417847,41849,41860,11
12.9061002731,80.2282028198,41860,41880,20
12.9061002731,80.2282028198,41880,41890,10
12.9064302444,80.2282180786,41890,41971,81
12.9064302444,80.2282180786,41971,41981,10
12.9066095352,80.2281799316,41981,41991,10
12.906829834,80.2282028198,41991,42001,10
12.906920433,80.2282180786,42001,42011,10
12.9072799683,80.2282562256,42011,42021,10
12.9080400467,80.2283706665,42021,42031,10
12.9089899063,80.2285385132,42031,42041,10
12.9100503922,80.2287063599,42041,42051,10
12.9111299515,80.2288589478,42051,42061,10
12.9122400284,80.2289199829,42061,42071,10
12.9132699966,80.2291488647,42071,42080,9
12.9138002396,80.2292175293,42080,42091,11
12.9138097763,80.2292175293,42091,42102,11
12.9139604568,80.2292327881,42102,42112,10
12.9143104553,80.2291793823,42112,42122,10
12.9150600433,80.2292785645,42122,42132,10
12.9160499573,80.2294998169,42132,42142,10
12.9171304703,80.2296981812,42142,42152,10
12.9182395935,80.2298736572,42152,42162,10
12.9191503525,80.2299804688,42162,42172,10
12.9193201065,80.2299880981,42172,42182,10
12.919549942,80.2300109863,42182,42192,10
12.9201402664,80.2300796509,42192,42201,9
12.9208698273,80.230178833,42201,42212,11
12.9219903946,80.2303466797,42212,42223,11
12.9232196808,80.2305374146,42223,42233,10
12.9243898392,80.2306976318,42233,42243,10
12.9255104065,80.2308578491,42243,42253,10
12.9262695313,80.2309188843,42253,42263,10
12.9262800217,80.2309188843,42263,42273,10
12.9266300201,80.2309494019,42273,42283,10
12.9271802902,80.231048584,42283,42292,9
12.9278001785,80.2311325073,42292,42303,11
12.9285001755,80.2312316895,42303,42313,10
12.9287796021,80.2312774658,42313,42323,10
12.9293203354,80.2313766479,42323,42334,11
12.9302101135,80.231590271,42334,42344,10
12.9312696457,80.2318572998,42344,42354,10
12.9323797226,80.232208252,42354,42364,10
12.9333400726,80.2325363159,42364,42374,10
12.9335298538,80.2326507568,42374,42384,10
12.9335603714,80.2326889038,42384,42394,10
12.9337797165,80.2328109741,42394,42404,10
12.9343004227,80.2330322266,42404,42414,10
12.9350795746,80.2333068848,42414,42424,10
12.9357795715,80.2337036133,42424,42434,10
12.9364099503,80.2340087891,42434,42444,10
12.9371700287,80.2343597412,42444,42455,11
12.9382600784,80.23487854,42455,42465,10
12.9392900467,80.2353515625,42465,42475,10
12.9397497177,80.2355804443,42475,42485,10
12.9397497177,80.2355880737,42485,42495,10
12.9399003983,80.2356796265,42495,42505,10
12.9404401779,80.2358932495,42505,42515,10
12.9412002563,80.2360916138,42515,42525,10
12.942150116,80.236328125,42525,42535,10
12.9431200027,80.2368087769,42535,42545,10
12.9439296722,80.2376174927,42545,42555,10
12.944729805,80.2385101318,42555,42565,10
12.9456501007,80.2392578125,42565,42576,11
12.9470996857,80.2398605347,42576,42596,20
12.9470996857,80.2398605347,42596,42606,10
12.9473400116,80.2399673462,42606,42616,10
12.9479103088,80.2402114868,42616,42626,10
12.948849678,80.2405929565,42626,42676,50
12.948849678,80.2405929565,42676,42686,10
12.9490299225,80.2406692505,42686,42697,11
12.9494199753,80.2408294678,42697,42707,10
12.9501304626,80.2410430908,42707,42717,10
12.950969696,80.241317749,42717,42727,10
12.951089859,80.2413787842,42727,42737,10
12.9512195587,80.2414932251,42737,42747,10
12.9517402649,80.2416687012,42747,42757,10
12.9524803162,80.241897583,42757,42767,10
12.9533100128,80.2422180176,42767,42777,10
12.9538202286,80.2423782349,42777,42787,10
12.9544897079,80.2426376343,42787,42797,10
12.9551296234,80.2428817749,42797,42807,10
12.9560699463,80.2431793213,42807,42848,41
12.9560699463,80.2431793213,42848,42858,10
12.956199646,80.2432479858,42858,42888,30
12.956199646,80.2432479858,42888,42898,10
12.9563302994,80.2432937622,42898,42908,10
12.9563398361,80.2432785034,42908,42918,10
12.9568195343,80.2434768677,42918,42927,9
12.9573602676,80.2437362671,42927,42939,12
12.9584197998,80.2442092896,42939,42949,10
12.9588603973,80.2444381714,42949,42959,10
12.9589996338,80.2445068359,42959,42969,10
12.9594097137,80.2447280884,42969,42979,10
12.9600696564,80.2450180054,42979,42989,10
12.9609003067,80.2453994751,42989,42999,10
12.9619503021,80.2459030151,42999,43009,10
12.962849617,80.2463531494,43009,43029,20
12.962849617,80.2463531494,43029,43039,10
12.96296978,80.2464370728,43039,43049,10
12.9633703232,80.2466278076,43049,43060,11
12.9639396667,80.2468719482,43060,43070,10
12.9645500183,80.2470779419,43070,43080,10
12.9652299881,80.2472686768,43080,43090,10
12.9660100937,80.247543335,43090,43100,10
12.9668998718,80.2479400635,43100,43120,20
12.9668998718,80.2479400635,43120,43130,10
12.967040062,80.2480621338,43130,43140,10
12.9674301147,80.2482299805,43140,43150,10
12.968170166,80.2484588623,43150,43160,10
12.9692802429,80.248840332,43160,43169,9
12.9700202942,80.2491378784,43169,43181,12
12.9713897705,80.2496795654,43181,43191,10
12.9725904465,80.2500076294,43191,43201,10
12.9735803604,80.2502975464,43201,43211,10
12.9744100571,80.2505111694,43211,43221,10
12.9744796753,80.250541687,43221,43231,10
12.9747600555,80.2506484985,43231,43241,10
12.9753103256,80.2508163452,43241,43251,10
12.976099968,80.2510299683,43251,43260,9
12.976940155,80.2512664795,43260,43271,11
12.9778404236,80.2518081665,43271,43281,10
12.9786901474,80.2524185181,43281,43291,10
12.9794397354,80.252532959,43291,43302,11
12.9799003601,80.2524337769,43302,43312,10
12.9799499512,80.2522964478,43312,43322,10
12.9799900055,80.2520523071,43322,43332,10
12.9801397324,80.2515487671,43332,43342,10
12.9803600311,80.2508010864,43342,43352,10
12.9805698395,80.2498779297,43352,43362,10
12.9807100296,80.2488021851,43362,43372,10
12.9808101654,80.2476882935,43372,43382,10
12.9808998108,80.2465362549,43382,43392,10
12.9810495377,80.2453384399,43392,43402,10
12.9811496735,80.244140625,43402,43412,10
12.9813098907,80.2435379028,43412,43423,11
12.9813299179,80.2430801392,43423,43433,10
12.9813404083,80.2428283691,43433,43443,10
12.9813499451,80.2427520752,43443,43453,10
12.9813699722,80.2424087524,43453,43463,10
12.9813699722,80.2418289185,43463,43473,10
12.9813699722,80.241027832,43473,43483,10
12.9813604355,80.2401504517,43483,43493,10
12.9813404083,80.239692688,43493,43503,10
12.9813404083,80.2395324707,43503,43513,10
12.9813499451,80.2392730713,43513,43522,9
12.9813499451,80.2389221191,43522,43534,12
12.9813098907,80.2381286621,43534,43544,10
12.981300354,80.2379074097,43544,43554,10
12.981300354,80.2376708984,43554,43564,10
12.9812803268,80.2370681763,43564,43574,10
12.9812602997,80.2362518311,43574,43584,10
12.9812202454,80.2353210449,43584,43594,10
12.9812498093,80.2343673706,43594,43604,10
12.9814796448,80.2337188721,43604,43614,10
12.981590271,80.2335128784,43614,43624,10
12.9816303253,80.2334136963,43624,43634,10
12.9817495346,80.2331619263,43634,43644,10
12.9819002151,80.232711792,43644,43655,11
12.982000351,80.2323684692,43655,43665,10
12.9819803238,80.2321777344,43665,43675,10
12.982000351,80.2316970825,43675,43685,10
12.9818696976,80.2311630249,43685,43695,10
12.9815502167,80.2305908203,43695,43705,10
12.9811296463,80.2298965454,43705,43715,10
12.9808702469,80.2294769287,43715,43725,10
12.9807100296,80.2291870117,43725,43744,19
12.9807100296,80.2291870117,43744,43755,11
12.9806098938,80.2289581299,43755,43765,10
12.9803800583,80.2286071777,43765,43776,11
12.9801702499,80.2281799316,43776,43786,10
12.9798202515,80.2276000977,43786,43796,10
12.9794197083,80.2269287109,43796,43806,10
12.9790201187,80.226272583,43806,43816,10
12.9785995483,80.2255401611,43816,43826,10
12.9781999588,80.2248764038,43826,43836,10
12.9780902863,80.2247467041,43836,43846,10
12.9779100418,80.2245407104,43846,43856,10
12.9776201248,80.224067688,43856,43866,10
12.9772396088,80.2234268188,43866,43876,10
12.9769601822,80.2228469849,43876,43897,21
12.9769601822,80.2228469849,43897,43907,10
12.9771699905,80.2227478027,43907,43917,10
12.9774904251,80.2226715088,43917,43927,10
12.9775295258,80.2223205566,43927,43937,10
12.9774999619,80.2219085693,43937,43947,10
12.9774904251,80.2214431763,43947,43957,10
12.9775800705,80.2212905884,43957,43967,10
12.9779195786,80.221282959,43967,43977,10
12.9785003662,80.221206665,43977,43987,10
12.9791698456,80.2211380005,43987,43997,10
12.9796695709,80.2210922241,43997,44007,10
12.980389595,80.221031189,44007,44018,11
12.9811601639,80.2210998535,44018,44028,10
12.9818201065,80.2213821411,44028,44038,10
12.9822101593,80.2216567993,44038,44048,10
12.9828796387,80.2219085693,44048,44088,40
12.9828796387,80.2219085693,44088,44098,10
12.9832201004,80.2221298218,44098,44107,9
12.9835500717,80.222366333,44107,44118,11
12.9840698242,80.2226486206,44118,44128,10
12.9844799042,80.2229232788,44128,44139,11
12.9849901199,80.2231674194,44139,44149,10
12.9854602814,80.2231826782,44149,44159,10
12.9863595963,80.2229690552,44159,44189,30
12.9863595963,80.2229690552,44189,44199,10
12.9868402481,80.2230072021,44199,44209,10
12.9871997833,80.2230682373,44209,44219,10
12.9877195358,80.2230224609,44219,44229,10
12.9883203506,80.222618103,44229,44239,10
12.9889001846,80.2220687866,44239,44249,10
12.9892196655,80.2216415405,44249,44260,11
12.9894504547,80.221321106,44260,44270,10
12.9898996353,80.2207336426,44270,44280,10
12.9902496338,80.2204284668,44280,44290,10
12.9902601242,80.2204284668,44290,44300,10
12.9903802872,80.2203674316,44300,44310,10
12.9906396866,80.2201690674,44310,44320,10
12.9910297394,80.219871521,44320,44330,10
12.9911298752,80.2198028564,44330,44340,10
12.991230011,80.2197265625,44340,44350,10
12.9915504456,80.2194976807,44350,44360,10
12.9919900894,80.2192077637,44360,44370,10
12.9925003052,80.2188034058,44370,44381,11
12.9932699203,80.2182693481,44381,44391,10
12.9939002991,80.2178421021,44391,44401,10
12.9944295883,80.2174606323,44401,44411,10
12.994890213,80.2171020508,44411,44421,10
12.995470047,80.2167663574,44421,44431,10
12.9961595535,80.216583252,44431,44441,10
12.9968900681,80.2164916992,44441,44451,10
12.9973602295,80.2162094116,44451,44461,10
12.9974498749,80.2161331177,44461,44471,10
12.9975795746,80.2160186768,44471,44481,10
12.9979600906,80.2156906128,44481,44491,10
12.9984798431,80.2152481079,44491,44502,11
12.9990701675,80.2147598267,44502,44512,10
12.9993095398,80.2145462036,44512,44522,10
12.9997301102,80.2141799927,44522,44532,10
13.0001497269,80.2138214111,44532,44542,10
13.0006504059,80.2133407593,44542,44552,10
13.001159668,80.2129592896,44552,44562,10
13.0014200211,80.2127380371,44562,44572,10
13.0015201569,80.2126617432,44572,44582,10
13.0017595291,80.2125167847,44582,44592,10
13.0019598007,80.2123718262,44592,44602,10
13.0024499893,80.2121429443,44602,44612,10
13.0030498505,80.212097168,44612,44623,11
13.0035495758,80.212020874,44623,44633,10
13.0036296844,80.2119064331,44633,44643,10
13.003660202,80.2115097046,44643,44653,10
13.0036401749,80.2108535767,44653,44663,10
13.0035495758,80.2101211548,44663,44673,10
13.0035495758,80.2093811035,44673,44683,10
13.0037603378,80.2086791992,44683,44693,10
13.004529953,80.2088699341,44693,44703,10
13.005490303,80.2092819214,44703,44713,10
13.0061903,80.2095413208,44713,44723,10
13.0067796707,80.2097167969,44723,44734,11
13.007519722,80.2098464966,44734,44764,30
13.007519722,80.2098464966,44764,44774,10
13.0076799393,80.2098999023,44774,44784,10
13.0079402924,80.2099609375,44784,44794,10
13.0081501007,80.2099380493,44794,44804,10
13.0080900192,80.209487915,44804,44814,10
13.0080003738,80.2088394165,44814,44824,10
13.0078802109,80.2080612183,44824,44833,9
13.0077600479,80.2072906494,44833,44844,11
13.007610321,80.2062911987,44844,44855,11
13.0075397491,80.205291748,44855,44865,10
13.0075397491,80.2044906616,44865,44875,10
13.0074596405,80.2036590576,44875,44885,10
13.0072898865,80.2028121948,44885,44895,10
13.0066795349,80.2026290894,44895,44905,10
13.0066795349,80.2032699585,44905,44915,10
13.0072603226,80.2035827637,44915,44925,10
13.0080404282,80.2036972046,44925,44935,10
13.0090703964,80.2036514282,44935,44945,10
13.0102500916,80.2035903931,44945,44955,10
13.0113801956,80.2036819458,44955,44964,9
13.0123596191,80.2038421631,44964,44976,12
13.0133895874,80.2041320801,44976,44987,11
13.0136604309,80.2043914795,44987,44997,10
13.0135803223,80.2046890259,44997,45007,10
13.0135402679,80.2048568726,45007,45017,10
13.0133800507,80.2053833008,45017,45027,10
13.013130188,80.2060089111,45027,45037,10
13.0130500793,80.2068405151,45037,45047,10
13.0129899979,80.2076187134,45047,45057,10
13.0129003525,80.207901001,45057,45067,10
13.0128002167,80.2079696655,45067,45077,10
13.0127801895,80.2083206177,45077,45087,10
13.0127696991,80.208656311,45087,45098,11
13.0128698349,80.2092437744,45098,45108,10
13.0131502151,80.2097320557,45108,45118,10
13.0131502151,80.2103271484,45118,45128,10
13.0129804611,80.2109527588,45128,45138,10
13.0126800537,80.2115936279,45138,45148,10
13.0123500824,80.2121582031,45148,45158,10
13.0119895935,80.2126464844,45158,45168,10
13.0117998123,80.2127609253,45168,45178,10
13.011469841,80.212562561,45178,45188,10
13.0109195709,80.2121505737,45188,45198,10
13.0105199814,80.2118835449,45198,45207,9
13.0102901459,80.2116928101,45207,45219,12
13.0096797943,80.2112579346,45219,45299,80
13.0094099045,80.2110671997,45299,45561,262
13.0094099045,80.2110671997,45561,45571,10
13.0093002319,80.2109222412,45571,45602,31
13.0093002319,80.2109222412,45602,45612,10
13.0091896057,80.2112503052,45612,45622,10
13.009059906,80.2114486694,45622,45632,10
13.0090904236,80.2117919922,45632,45642,10
13.0092496872,80.2123184204,45642,45652,10
13.0094499588,80.2129211426,45652,45662,10
13.0096902847,80.2135620117,45662,45672,10
13.0099697113,80.2142333984,45672,45682,10
13.0101699829,80.2149505615,45682,45692,10
13.0102901459,80.2156982422,45692,45703,11
13.0106601715,80.2165679932,45703,45713,10
13.0110797882,80.2175216675,45713,45723,10
13.0114898682,80.2185516357,45723,45733,10
13.0118703842,80.2196578979,45733,45743,10
13.0122203827,80.220741272,45743,45753,10
13.0124397278,80.2214431763,45753,45763,10
13.0126695633,80.2219085693,45763,45773,10
13.0131397247,80.2225112915,45773,45783,10
13.013710022,80.2231826782,45783,45793,10
13.0141401291,80.2236785889,45793,45803,10
13.0150098801,80.2246627808,45803,45824,21
13.0150098801,80.2246627808,45824,45834,10
13.0152702332,80.2249298096,45834,45844,10
13.0154495239,80.2253494263,45844,45854,10
13.0149803162,80.2259063721,45854,45874,20
13.0149803162,80.2259063721,45874,45884,10
13.0148496628,80.2260437012,45884,45894,10
13.0143995285,80.2262191772,45894,45904,10
13.0136899948,80.2265014648,45904,45914,10
13.012840271,80.2268371582,45914,45924,10
13.011879921,80.2272109985,45924,45934,10
13.0108804703,80.2276000977,45934,45945,11
13.0098199844,80.2279663086,45945,45955,10
13.0095901489,80.2274475098,45955,45965,10
13.0099000931,80.2267303467,45965,45975,10
13.0102701187,80.2258224487,45975,45985,10
13.0107097626,80.224861145,45985,45995,10
13.0109996796,80.2240219116,45995,46005,10
13.0111503601,80.2236785889,46005,46015,10
13.0112800598,80.2233505249,46015,46025,10
13.0110397339,80.2230606079,46025,46035,10
13.0104999542,80.2227783203,46035,46044,9
13.0103998184,80.2227096558,46044,46055,11
13.010020256,80.2225189209,46055,46066,11
13.0093603134,80.2222213745,46066,46076,10
13.0086297989,80.2218170166,46076,46086,10
13.0077800751,80.2214126587,46086,46096,10
13.0068902969,80.2209625244,46096,46106,10
13.0059204102,80.2205810547,46106,46116,10
13.0050697327,80.2203674316,46116,46126,10
13.0046100616,80.2202606201,46126,46136,10
13.0046100616,80.2202529907,46136,46146,10
13.0044202805,80.2201919556,46146,46156,10
13.0038700104,80.2200622559,46156,46166,10
13.003080368,80.2198486328,46166,46176,10
13.0023403168,80.2193832397,46176,46187,11
13.0017795563,80.2187728882,46187,46197,10
13.0014696121,80.21849823,46197,46207,10
13.0008201599,80.2181167603,46207,46217,10
13.0002603531,80.2177505493,46217,46227,10
12.9995298386,80.217300415,46227,46237,10
12.9986200333,80.2168426514,46237,46247,10
12.9978599548,80.2165985107,46247,46257,10
12.9975099564,80.2165679932,46257,46267,10
12.9974498749,80.2165527344,46267,46277,10
12.9972000122,80.2165298462,46277,46287,10
12.9966602325,80.2165679932,46287,46298,11
12.9964895248,80.2165985107,46298,46308,10
12.9961299896,80.2166824341,46308,46318,10
12.9955101013,80.2168579102,46318,46328,10
12.995010376,80.2171478271,46328,46338,10
12.9948396683,80.2172470093,46338,46348,10
12.9944496155,80.2175827026,46348,46358,10
12.9939098358,80.217956543,46358,46368,10
12.9932203293,80.2183990479,46368,46378,10
12.9924602509,80.2189331055,46378,46388,10
12.9916400909,80.219543457,46388,46398,10
12.9910097122,80.2200393677,46398,46408,10
12.9907398224,80.2202301025,46408,46419,11
12.9906196594,80.2202987671,46419,46429,10
12.9902296066,80.2205963135,46429,46439,10
12.9896602631,80.2211227417,46439,46449,10
12.9893398285,80.2215270996,46449,46459,10
12.9889698029,80.2220535278,46459,46469,10
12.9883699417,80.2227020264,46469,46479,10
12.987739563,80.2231521606,46479,46489,10
12.9876804352,80.2231292725,46489,46499,10
12.987449646,80.2230834961,46499,46509,10
12.9872398376,80.2230682373,46509,46519,10
12.9871101379,80.2230911255,46519,46529,10
12.9867200851,80.2229995728,46529,46540,11
12.9859304428,80.2229766846,46540,46550,10
12.9854402542,80.2232971191,46550,46560,10
12.9847698212,80.2231292725,46560,46620,60
12.9847698212,80.2231292725,46620,46630,10
12.9844102859,80.2229766846,46630,46640,10
12.9839801788,80.2227172852,46640,46650,10
12.983499527,80.222442627,46650,46661,11
12.9833097458,80.2222976685,46661,46671,10
12.9831399918,80.22215271,46671,46681,10
12.9827804565,80.2219924927,46681,46691,10
12.9822502136,80.2218093872,46691,46701,10
12.9819602966,80.2216567993,46701,46711,10
12.9814796448,80.2213973999,46711,46721,10
12.9807195663,80.2211837769,46721,46731,10
12.9798803329,80.2211990356,46731,46741,10
12.9790000916,80.2212295532,46741,46751,10
12.978219986,80.2211990356,46751,46761,10
12.9774799347,80.2212219238,46761,46771,10
12.9768400192,80.2213973999,46771,46782,11
12.9762601852,80.221496582,46782,46792,10
12.9764299393,80.2218399048,46792,46812,20
12.9764299393,80.2218399048,46812,46822,10
12.9763898849,80.2219772339,46822,46832,10
12.9765195847,80.2221984863,46832,46842,10
12.9767599106,80.2225189209,46842,46852,10
12.9771203995,80.2231063843,46852,46862,10
12.9776000977,80.2238388062,46862,46872,10
12.9780902863,80.2246322632,46872,46882,10
12.978509903,80.2253036499,46882,46892,10
12.9788398743,80.2258377075,46892,46903,11
12.9791297913,80.2263336182,46903,46913,10
12.9794397354,80.2268371582,46913,46923,10
12.9796695709,80.2272186279,46923,46933,10
12.9799804688,80.2277297974,46933,46943,10
12.9803600311,80.2283706665,46943,46953,10
12.9807300568,80.229019165,46953,46963,10
12.9811000824,80.229637146,46963,46973,10
12.9815397263,80.2302474976,46973,46983,10
12.9816102982,80.2303619385,46983,46993,10
12.9816598892,80.2304534912,46993,47003,10
12.9818296432,80.2308273315,47003,47013,10
12.9819898605,80.2314300537,47013,47024,11
12.982049942,80.2321395874,47024,47034,10
12.9819602966,80.232673645,47034,47044,10
12.9816999435,80.2333374023,47044,47064,20
12.9816999435,80.2333374023,47064,47074,10
12.981590271,80.2335891724,47074,47084,10
12.9813899994,80.2340393066,47084,47094,10
12.9812498093,80.2344970703,47094,47104,10
12.9812202454,80.2352371216,47104,47114,10
12.9812498093,80.2360305786,47114,47124,10
12.9812602997,80.2369766235,47124,47134,10
12.9812898636,80.2378616333,47134,47145,11
12.981300354,80.2384109497,47145,47165,20
12.981300354,80.2384109497,47165,47175,10
12.981300354,80.2386169434,47175,47185,10
12.9812898636,80.2390823364,47185,47195,10
12.9813098907,80.2396392822,47195,47205,10
12.981300354,80.2404022217,47205,47215,10
12.9813098907,80.2410812378,47215,47225,10
12.9813203812,80.241607666,47225,47235,10
12.9813203812,80.2421188354,47235,47245,10
12.9813404083,80.2425765991,47245,47266,21
12.9813404083,80.2425765991,47266,47276,10
12.9813499451,80.2426071167,47276,47286,10
12.9813499451,80.243019104,47286,47296,10
12.9813404083,80.2436828613,47296,47306,10
12.9812297821,80.2445220947,47306,47316,10
12.9811000824,80.2454910278,47316,47326,10
12.9809799194,80.2465820313,47326,47336,10
12.9808797836,80.2477264404,47336,47346,10
12.9807901382,80.248878479,47346,47356,10
12.9806203842,80.2500228882,47356,47366,10
12.980340004,80.2510910034,47366,47376,10
12.9800901413,80.2520904541,47376,47387,11
12.9799404144,80.2525787354,47387,47467,80
12.9799404144,80.2525787354,47467,47477,10
12.979809761,80.2527770996,47477,47487,10
12.9793195724,80.2527389526,47487,47497,10
12.9786396027,80.2526168823,47497,47508,11
12.978509903,80.2525634766,47508,47518,10
12.9783697128,80.2524414063,47518,47528,10
12.9779500961,80.2520828247,47528,47538,10
12.9772901535,80.2515411377,47538,47548,10
12.9763002396,80.2512207031,47548,47558,10
12.9752101898,80.2509078979,47558,47568,10
12.9741096497,80.250579834,47568,47578,10
12.9724702835,80.2501373291,47578,47598,20
12.9724702835,80.2501373291,47598,47608,10
12.9722204208,80.250038147,47608,47617,9
12.9717302322,80.2499084473,47617,47629,12
12.9708299637,80.249671936,47629,47639,10
12.9698600769,80.249382019,47639,47649,10
12.9688100815,80.2489471436,47649,47659,10
12.9677295685,80.2485427856,47659,47669,10
12.966750145,80.2480621338,47669,47679,10
12.9657697678,80.2476425171,47679,47689,10
12.9650402069,80.2473983765,47689,47699,10
12.9650001526,80.2473602295,47699,47709,10
12.9649095535,80.2472763062,47709,47719,10
12.9645500183,80.2471389771,47719,47729,10
12.9639196396,80.2469024658,47729,47740,11
12.9630899429,80.2465286255,47740,47750,10
12.9621400833,80.2461013794,47750,47760,10
12.9611101151,80.2455978394,47760,47770,10
12.9600896835,80.2451477051,47770,47780,10
12.9593200684,80.2448196411,47780,47790,10
12.9592895508,80.2448196411,47790,47800,10
12.9591302872,80.244758606,47800,47810,10
12.9587001801,80.2445220947,47810,47820,10
12.9580202103,80.2442474365,47820,47830,10
12.9573802948,80.2440032959,47830,47840,10
12.9565200806,80.2437362671,47840,47901,61
12.9565200806,80.2437362671,47901,47911,10
12.9560403824,80.243560791,47911,47921,10
12.9554901123,80.2432632446,47921,47931,10
12.9547395706,80.2429122925,47931,47941,10
12.9538497925,80.2425308228,47941,47951,10
12.9528799057,80.2421417236,47951,47961,10
12.9515895844,80.2416610718,47961,47982,21
12.9515895844,80.2416610718,47982,47992,10
12.9512996674,80.2415466309,47992,48002,10
12.9507102966,80.2413330078,48002,48012,10
12.9498996735,80.2410964966,48012,48022,10
12.9494199753,80.2409591675,48022,48032,10
12.9493198395,80.2409133911,48032,48042,10
12.9491100311,80.2408218384,48042,48052,10
12.9486198425,80.2406234741,48052,48062,10
12.9479198456,80.2403411865,48062,48072,10
12.9472103119,80.2400588989,48072,48092,20
12.9472103119,80.2400588989,48092,48103,11
12.9469804764,80.239982605,48103,48113,10
12.9464797974,80.2397689819,48113,48123,10
12.9457998276,80.2394714355,48123,48133,10
12.9450597763,80.2389984131,48133,48143,10
12.9443502426,80.2382583618,48143,48153,10
12.9436101913,80.2375411987,48153,48163,10
12.9434499741,80.2373809814,48163,48173,10
12.9433603287,80.2372665405,48173,48183,10
12.9429597855,80.2368774414,48183,48193,10
12.9422197342,80.2365112305,48193,48203,10
12.9412202835,80.2362289429,48203,48212,9
12.9402599335,80.2359619141,48212,48224,12
12.9395599365,80.2357025146,48224,48274,50
12.9395599365,80.2357025146,48274,48284,10
12.9394702911,80.2356567383,48284,48294,10
12.939040184,80.235458374,48294,48304,10
12.9383497238,80.2351226807,48304,48314,10
12.9375095367,80.2346878052,48314,48324,10
12.9365701675,80.2342300415,48324,48333,9
12.9357795715,80.2337799072,48333,48546,213
12.9357795715,80.2337799072,48546,48556,10
12.9354200363,80.2336807251,48556,48566,10
12.9349098206,80.2334365845,48566,48576,10
12.9341897964,80.2331237793,48576,48587,11
12.933839798,80.2329711914,48587,48597,10
12.9337797165,80.2329483032,48597,48607,10
12.9334096909,80.2327880859,48607,48617,10
12.9327697754,80.2325134277,48617,48627,10
12.9319400787,80.2321929932,48627,48637,10
12.9309396744,80.2318572998,48637,48647,10
12.9298200607,80.231552124,48647,48657,10
12.9287004471,80.231300354,48657,48667,10
12.9275398254,80.2311325073,48667,48677,10
12.9264202118,80.231010437,48677,48687,10
12.926030159,80.2309875488,48687,48697,10
12.9259595871,80.2309494019,48697,48708,11
12.9255504608,80.2309112549,48708,48718,10
12.9249401093,80.2308425903,48718,48728,10
12.9241399765,80.2307510376,48728,48738,10
12.9231796265,80.2306213379,48738,48748,10
12.9220504761,80.2304611206,48748,48758,10
12.9208803177,80.2303237915,48758,48768,10
12.9196996689,80.2301864624,48768,48778,10
12.9191904068,80.230140686,48778,48788,10
12.9191799164,80.230140686,48788,48798,10
12.9188203812,80.2300567627,48798,48808,10
12.9181604385,80.2299804688,48808,48818,10
12.9172697067,80.229850769,48818,48829,11
12.9160604477,80.2296829224,48829,48839,10
12.9149303436,80.2294921875,48839,48849,10
12.9133195877,80.2293014526,48849,48869,20
12.9133195877,80.2293014526,48869,48879,10
12.9132299423,80.2292785645,48879,48889,10
12.9127197266,80.2291870117,48889,48899,10
12.9119195938,80.2290725708,48899,48909,10
12.9109096527,80.2289199829,48909,48919,10
12.9097700119,80.2287521362,48919,48929,10
12.9086198807,80.228553772,48929,48939,10
12.9070196152,80.2283706665,48939,48990,51
12.9070196152,80.2283706665,48990,49000,10
12.9069499969,80.2283935547,49000,49010,10
12.9065799713,80.2283401489,49010,49020,10
12.9058799744,80.2282791138,49020,49030,10
12.9049301147,80.228187561,49030,49040,10
12.9039096832,80.2281417847,49040,49050,10
12.9028196335,80.2280578613,49050,49060,10
12.9016799927,80.2279891968,49060,49071,11
12.9007396698,80.2279586792,49071,49081,10
12.899939537,80.2279281616,49081,49091,10
12.899140358,80.227897644,49091,49131,40
12.899140358,80.227897644,49131,49141,10
12.8989400864,80.2279205322,49141,49151,10
12.8984003067,80.2278900146,49151,49161,10
12.8976097107,80.2277984619,49161,49171,10
12.8966503143,80.2277526855,49171,49181,10
12.8955802917,80.2276916504,49181,49192,11
12.8948202133,80.2276916504,49192,49212,20
12.8948202133,80.2276916504,49212,49222,10
12.8947696686,80.2276916504,49222,49232,10
12.8943395615,80.2276382446,49232,49242,10
12.8931703568,80.2275314331,49242,49262,20
12.8931703568,80.2275314331,49262,49272,10
12.8929300308,80.2275009155,49272,49282,10
12.8923301697,80.2274169922,49282,49292,10
12.8914699554,80.2273864746,49292,49302,10
12.8903999329,80.2273864746,49302,49313,11
12.8891401291,80.2274017334,49313,49323,10
12.8884401321,80.2274017334,49323,49333,10
12.8884401321,80.2273864746,49333,49343,10
12.8880996704,80.2273635864,49343,49353,10
12.8874797821,80.2272872925,49353,49363,10
12.886639595,80.2271270752,49363,49373,10
12.8855895996,80.2268676758,49373,49383,10
12.8847999573,80.2267684937,49383,49393,10
12.8847904205,80.2267608643,49393,49403,10
12.8847103119,80.2267608643,49403,49413,10
12.8842697144,80.2267532349,49413,49423,10
12.8835096359,80.2267379761,49423,49434,11
12.8823900223,80.2267608643,49434,49444,10
12.8812303543,80.2267684937,49444,49454,10
12.8800697327,80.2267608643,49454,49464,10
12.8788700104,80.2267913818,49464,49474,10
12.8776502609,80.2268829346,49474,49484,10
12.876660347,80.2269897461,49484,49494,10
12.8764801025,80.2269363403,49494,49504,10
12.8764200211,80.2266921997,49504,49514,10
12.8764295578,80.2264404297,49514,49524,10
12.8764400482,80.2264022827,49524,49534,10
12.8764801025,80.2260131836,49534,49544,10
12.8765602112,80.2252578735,49544,49555,11
12.8766899109,80.2241592407,49555,49565,10
12.876950264,80.2229995728,49565,49575,10
12.8772296906,80.2218322754,49575,49585,10
12.8774995804,80.2206420898,49585,49595,10
12.8777799606,80.2194290161,49595,49605,10
12.8780603409,80.2182235718,49605,49615,10
12.8782997131,80.2170333862,49615,49625,10
12.8785400391,80.2158126831,49625,49635,10
12.8788099289,80.21459198,49635,49645,10
12.8790502548,80.2133636475,49645,49655,10
12.8792695999,80.2121276855,49655,49664,9
12.8794403076,80.211227417,49664,49676,12
12.8789701462,80.2109603882,49676,49706,30
12.8789701462,80.2109603882,49706,49716,10
12.8785896301,80.2109069824,49716,49726,10
12.8778896332,80.2107696533,49726,49736,10
12.8772697449,80.2106399536,49736,49746,10
12.8769702911,80.2105865479,49746,49756,10
12.87541008,80.2102966309,49756,49766,10
12.87541008,80.2102966309,49766,49776,10
12.8746004105,80.2101516724,49776,49786,10
12.8746795654,80.2097930908,49786,51105,1319
12.8746795654,80.2097930908,51105,51115,10
12.8746900558,80.2099609375,51115,51125,10
12.8746900558,80.2099685669,51125,51135,10
12.8748502731,80.2101364136,51135,51146,11
12.8752202988,80.2102127075,51146,51156,10
12.875670433,80.2102966309,51156,51166,10
12.8762702942,80.2104110718,51166,51176,10
12.8768796921,80.2105331421,51176,51186,10
12.8775596619,80.2106628418,51186,51196,10
12.8781795502,80.2107772827,51196,51206,10
12.878780365,80.2108917236,51206,51216,10
12.8792495728,80.2109680176,51216,51226,10
12.8793096542,80.2109909058,51226,51236,10
12.8794403076,80.2110366821,51236,51246,10
12.8795099258,80.211227417,51246,51256,10
12.8794698715,80.2113571167,51256,51267,11
12.8794002533,80.2116699219,51267,51277,10
12.8792896271,80.2122573853,51277,51287,10
12.8791503906,80.2130126953,51287,51297,10
12.8789796829,80.2138900757,51297,51307,10
12.8788003922,80.2148590088,51307,51317,10
12.8785800934,80.2158813477,51317,51327,10
12.878370285,80.2169113159,51327,51337,10
12.8781604767,80.2179718018,51337,51347,10
12.8779296875,80.219039917,51347,51357,10
12.8776798248,80.2201080322,51357,51367,10
12.8774404526,80.2211837769,51367,51377,10
12.8772001266,80.2222213745,51377,51388,11
12.8769397736,80.2233886719,51388,51398,10
12.8767299652,80.2243423462,51398,51408,10
12.8766002655,80.2253494263,51408,51418,10
12.8764696121,80.2262878418,51418,51428,10
12.876449585,80.2267990112,51428,51448,20
12.876449585,80.2267990112,51448,51458,10
12.8765201569,80.226890564,51458,51468,10
12.8768196106,80.2268676758,51468,51478,10
12.878279686,80.2267608643,51478,51488,10
12.878279686,80.2267608643,51488,51498,10
12.8793096542,80.2266998291,51498,51508,10
12.8804302216,80.2266693115,51508,51528,20
12.8827495575,80.2266464233,51528,51538,10
12.8839302063,80.2266311646,51538,51548,10
12.8850002289,80.2266235352,51548,51558,10
12.8852100372,80.2266311646,51558,51568,10
12.8853197098,80.2266464233,51568,51578,10
12.8857803345,80.2267532349,51578,51588,10
12.8865203857,80.2269592285,51588,51598,10
12.887430191,80.2271499634,51598,51608,10
12.8884401321,80.2272415161,51608,51618,10
12.8886995316,80.2272415161,51618,51629,11
12.88904953,80.2272567749,51629,51639,10
12.8897399902,80.2272567749,51639,51649,10
12.8906602859,80.2272567749,51649,51659,10
12.8917102814,80.2272567749,51659,51669,10
12.892780304,80.2273406982,51669,51679,10
12.8937702179,80.2274398804,51679,51689,10
12.8939800262,80.2274475098,51689,51699,10
12.8941698074,80.2274703979,51699,51709,10
12.8947296143,80.2275085449,51709,51719,10
12.8955698013,80.2275619507,51719,51729,10
12.8966503143,80.2276077271,51729,51739,10
12.8978204727,80.2276763916,51739,51750,11
12.8991203308,80.2277603149,51750,51760,10
12.9001502991,80.2278213501,51760,51770,10
12.9008598328,80.2278671265,51770,51780,10
12.9014396667,80.2279129028,51780,51790,10
12.902009964,80.2279510498,51790,51800,10
12.9024496078,80.2279663086,51800,51810,10
12.9029998779,80.2279205322,51810,51830,20
12.9029998779,80.2279205322,51830,51840,10
12.9033002853,80.2279205322,51840,51850,10
12.9039297104,80.228012085,51850,51860,10
12.9048099518,80.2280502319,51860,51871,11
12.90583992,80.2281036377,51871,51881,10
12.9060602188,80.2281188965,51881,51891,10
12.9062404633,80.2281417847,51891,51901,10
12.9066896439,80.2281570435,51901,51911,10
12.9068002701,80.2281723022,51911,51921,10
12.9070796967,80.2282180786,51921,51931,10
12.9076900482,80.228302002,51931,51941,10
12.9085903168,80.2284393311,51941,51951,10
12.9097099304,80.2286224365,51951,51961,10
12.9108600616,80.2288131714,51961,51971,10
12.9120597839,80.2289886475,51971,51981,10
12.9137401581,80.2292098999,51981,52002,21
12.9137401581,80.2292098999,52002,52012,10
12.9139900208,80.2292633057,52012,52022,10
12.9145698547,80.2293014526,52022,52032,10
12.9153604507,80.2294235229,52032,52042,10
12.9163599014,80.2295837402,52042,52052,10
12.9174804688,80.2297210693,52052,52062,10
12.9185400009,80.2298965454,52062,52072,10
12.9193201065,80.2299575806,52072,52082,10
12.9194202423,80.2299728394,52082,52092,10
12.9195899963,80.2299880981,52092,52102,10
12.9201402664,80.2300720215,52102,52113,11
12.920999527,80.2301864624,52113,52123,10
12.9219999313,80.2303237915,52123,52133,10
12.9230899811,80.2304763794,52133,52143,10
12.9242200851,80.2306365967,52143,52153,10
12.925239563,80.2308197021,52153,52163,10
12.9261798859,80.2309494019,52163,52173,10
12.926440239,80.2309570313,52173,52183,10
12.9265298843,80.23097229,52183,52193,10
12.9268903732,80.2310180664,52193,52203,10
12.9275503159,80.2310791016,52203,52213,10
12.9283599854,80.2311782837,52213,52223,10
12.9286899567,80.2311935425,52223,52234,11
12.9287796021,80.2312011719,52234,52244,10
12.9292097092,80.231300354,52244,52254,10
12.9299001694,80.2314605713,52254,52264,10
12.9307403564,80.2316970825,52264,52274,10
12.931810379,80.2320175171,52274,52284,10
12.9328899384,80.2323913574,52284,52294,10
12.9336795807,80.2326965332,52294,52304,10
12.9337100983,80.2327194214,52304,52314,10
12.9339199066,80.2328414917,52314,52324,10
12.934510231,80.2331085205,52324,52334,10
12.9352502823,80.2334365845,52334,52344,10
12.9357004166,80.2336502075,52344,52355,11
12.9362297058,80.2339172363,52355,52365,10
12.9368896484,80.2342224121,52365,52375,10
12.9377603531,80.2346496582,52375,52385,10
12.9387397766,80.2351379395,52385,52395,10
12.9396095276,80.2355422974,52395,52405,10
12.9397497177,80.2356796265,52405,52415,10
12.9398498535,80.2357025146,52415,52425,10
12.9402799606,80.2358398438,52425,52435,10
12.9409999847,80.2360305786,52435,52445,10
12.9418697357,80.2362289429,52445,52455,10
12.9427604675,80.236541748,52455,52466,11
12.9436302185,80.2372512817,52466,52476,10
12.9443702698,80.2380981445,52476,52486,10
12.9451198578,80.2389221191,52486,52496,10
12.9461097717,80.2394485474,52496,52506,10
12.9471597672,80.2398910522,52506,52516,10
12.9473800659,80.239982605,52516,52526,10
12.9476003647,80.2400817871,52526,52536,10
12.9481096268,80.2403030396,52536,52546,10
12.9485797882,80.240447998,52546,52556,10
12.9487695694,80.2405166626,52556,52566,10
12.9489498138,80.2406463623,52566,52576,10
12.9493999481,80.2408370972,52576,52586,10
12.9501399994,80.2410583496,52586,52597,11
12.9510297775,80.2413406372,52597,52607,10
12.9511203766,80.2413787842,52607,52617,10
12.9514398575,80.2414932251,52617,52627,10
12.9520902634,80.2417221069,52627,52637,10
12.9528999329,80.2420272827,52637,52647,10
12.9537000656,80.2423629761,52647,52657,10
12.9543104172,80.2426300049,52657,52667,10
12.9550199509,80.2428665161,52667,52677,10
12.9558200836,80.2431182861,52677,52687,10
12.9562301636,80.2432479858,52687,52748,61
12.9562301636,80.2432479858,52748,52758,10
12.9568300247,80.2434997559,52758,52768,10
12.9574804306,80.2438201904,52768,52778,10
12.9582996368,80.244178772,52778,52788,10
12.9589195251,80.2444381714,52788,52798,10
12.9589796066,80.244468689,52798,52808,10
12.9593095779,80.2446289063,52808,52818,10
12.9599599838,80.2449111938,52818,52828,10
12.9607601166,80.2452774048,52828,52839,11
12.9618396759,80.2457962036,52839,52849,10
12.9627103806,80.2462234497,52849,52859,10
12.9630002975,80.246383667,52859,52869,10
12.9630298615,80.246421814,52869,52879,10
12.9632902145,80.2465820313,52879,52889,10
12.963809967,80.2467803955,52889,52899,10
12.9645004272,80.2470397949,52899,52909,10
12.9652500153,80.2471389771,52909,52919,10
12.9660701752,80.2475280762,52919,52929,10
12.966799736,80.2478790283,52929,52939,10
12.9669399261,80.2479782104,52939,52949,10
12.9669904709,80.2479400635,52949,52960,11
12.9674100876,80.2480926514,52960,52970,10
12.9681301117,80.2483825684,52970,52980,10
12.9690198898,80.2487106323,52980,52990,10
12.9700603485,80.2492218018,52990,53000,10
12.971159935,80.2496795654,53000,53010,10
12.9722900391,80.2499923706,53010,53020,10
12.973400116,80.2502975464,53020,53030,10
12.974360466,80.2505187988,53030,53040,10
12.9744701385,80.250541687,53040,53050,10
12.9746704102,80.2506103516,53050,53060,10
12.9751996994,80.2507629395,53060,53071,11
12.9760103226,80.2509918213,53071,53081,10
12.9769201279,80.2512588501,53081,53091,10
12.977809906,80.2517700195,53091,53101,10
12.9787101746,80.2524108887,53101,53111,10
12.9796695709,80.2525177002,53111,53121,10
12.9799203873,80.2523193359,53121,53131,10
12.979929924,80.2522277832,53131,53141,10
12.9799804688,80.251953125,53141,53151,10
12.9801197052,80.2514801025,53151,53161,10
12.980340004,80.2507629395,53161,53171,10
12.9805698395,80.2498703003,53171,53181,10
12.9807195663,80.2488021851,53181,53192,11
12.9807796478,80.2476730347,53192,53202,10
12.9808502197,80.2465820313,53202,53212,10
12.9809904099,80.2454376221,53212,53222,10
12.9811201096,80.2442932129,53222,53232,10
12.9811897278,80.2437210083,53232,53242,10
12.981300354,80.2435073853,53242,53252,10
12.9813203812,80.2427520752,53252,53272,20
12.9813203812,80.2427520752,53272,53282,10
12.9813299179,80.2425689697,53282,53292,10
12.9813299179,80.2422332764,53292,53302,10
12.9813299179,80.241569519,53302,53313,11
12.9813499451,80.2406387329,53313,53323,10
12.9813404083,80.2397003174,53323,53333,10
12.9813203812,80.2387619019,53333,53343,10
12.981300354,80.2380065918,53343,53353,10
12.9812898636,80.2378997803,53353,53363,10
12.9812498093,80.2376403809,53363,53373,10
12.9812402725,80.2370529175,53373,53383,10
12.9812202454,80.2362365723,53383,53393,10
12.9811897278,80.235458374,53393,53403,10
12.9811697006,80.2348022461,53403,53413,10
12.9812402725,80.2341766357,53413,53423,10
12.9814796448,80.2336273193,53423,53434,11
12.9816303253,80.2333221436,53434,53444,10
12.9816503525,80.233253479,53444,53454,10
12.9818000793,80.2329406738,53454,53464,10
12.9819498062,80.2324523926,53464,53474,10
12.9819498062,80.2319793701,53474,53484,10
12.9819297791,80.2314987183,53484,53494,10
12.9818696976,80.2311019897,53494,53504,10
12.9816398621,80.2305679321,53504,53514,10
12.9812402725,80.2299194336,53514,53524,10
12.980919838,80.2294006348,53524,53534,10
12.9807195663,80.2291030884,53534,53544,10
12.9806804657,80.229019165,53544,53555,11
12.9805698395,80.2288208008,53555,53565,10
12.9803304672,80.2284088135,53565,53575,10
12.9800596237,80.2279129028,53575,53585,10
12.9797096252,80.2273330688,53585,53595,10
12.9793195724,80.2267227173,53595,53605,10
12.9789495468,80.2260894775,53605,53615,10
12.9785699844,80.2254562378,53615,53625,10
12.9781599045,80.2247695923,53625,53635,10
12.9778003693,80.2242889404,53635,53645,10
12.9777202606,80.2241973877,53645,53655,10
12.977519989,80.2238616943,53655,53665,10
12.9771900177,80.2232894897,53665,53676,11
12.9769601822,80.2228164673,53676,53686,10
12.9771203995,80.2227020264,53686,53696,10
12.9771900177,80.2227020264,53696,53706,10
12.9772596359,80.2227172852,53706,53716,10
12.9774703979,80.2226028442,53716,53726,10
12.9774904251,80.2223434448,53726,53736,10
12.9774599075,80.2218093872,53736,53746,10
12.9774398804,80.2213134766,53746,53756,10
12.9776296616,80.2212219238,53756,53766,10
12.9780101776,80.2211380005,53766,53776,10
12.9787397385,80.2210693359,53776,53785,9
12.9793701172,80.2210235596,53785,53797,12
12.9802703857,80.2209701538,53797,53807,10
12.9809398651,80.2209625244,53807,53817,10
12.9815196991,80.2212371826,53817,53827,10
12.9819002151,80.221496582,53827,53837,10
12.9822998047,80.2216796875,53837,53847,10
12.9828195572,80.221862793,53847,53857,10
12.9828500748,80.2218933105,53857,53867,10
12.9830598831,80.2220230103,53867,53877,10
12.9834699631,80.2222900391,53877,53887,10
12.9840803146,80.2226715088,53887,53897,10
12.9846000671,80.2229766846,53897,53907,10
12.9851703644,80.2232208252,53907,53918,11
12.985619545,80.2229995728,53918,53928,10
12.9862098694,80.2229309082,53928,53938,10
12.986410141,80.2229232788,53938,53948,10
12.9866304398,80.2229385376,53948,53958,10
12.9868803024,80.2229995728,53958,53968,10
12.9871397018,80.2230300903,53968,53978,10
12.9876098633,80.2229537964,53978,53988,10
12.9882898331,80.2225189209,53988,53998,10
12.988940239,80.2219314575,53998,54008,10
12.9892997742,80.2215118408,54008,54018,10
12.9896097183,80.2210006714,54018,54028,10
12.9901800156,80.2204666138,54028,54039,11
12.9903497696,80.2203292847,54039,54049,10
12.9906597137,80.2200927734,54049,54059,10
12.9911203384,80.2197113037,54059,54069,10
12.9918003082,80.2192382813,54069,54079,10
12.9925804138,80.2187271118,54079,54089,10
12.9933900833,80.2181472778,54089,54099,10
12.9940595627,80.2176589966,54099,54109,10
12.9945001602,80.2173461914,54109,54119,10
12.9947795868,80.217086792,54119,54129,10
12.9952096939,80.2167892456,54129,54138,9
12.9958295822,80.216583252,54138,54149,11
12.9964399338,80.2164001465,54149,54160,11
12.9969797134,80.2163696289,54160,54170,10
12.997469902,80.2160263062,54170,54190,20
12.997469902,80.2160263062,54190,54200,10
12.9977703094,80.2158813477,54200,54210,10
12.9982099533,80.2154464722,54210,54220,10
12.9987897873,80.2149124146,54220,54230,10
12.9991102219,80.2146911621,54230,54240,10
12.9994001389,80.2144165039,54240,54250,10
12.9999103546,80.2140197754,54250,54260,10
13.0004701614,80.2135391235,54260,54270,10
13.0011301041,80.2129211426,54270,54281,11
13.0019598007,80.2123794556,54281,54291,10
13.0026397705,80.2120895386,54291,54301,10
13.0032596588,80.2120285034,54301,54311,10
13.0035600662,80.2119064331,54311,54321,10
13.0036296844,80.2118988037,54321,54331,10
13.0036802292,80.2115478516,54331,54341,10
13.0036497116,80.2109222412,54341,54351,10
13.0035495758,80.2101898193,54351,54361,10
13.0035400391,80.2094802856,54361,54371,10
13.003660202,80.2088470459,54371,54381,10
13.0041999817,80.2087173462,54381,54392,11
13.0050401688,80.2090911865,54392,54402,10
13.0054397583,80.2092819214,54402,54412,10
13.0058002472,80.2094497681,54412,54422,10
13.0062398911,80.2095565796,54422,54432,10
13.0066099167,80.2096786499,54432,54442,10
13.0071601868,80.2098007202,54442,54452,10
13.0076398849,80.2098007202,54452,54482,30
13.0076398849,80.2098007202,54482,54492,10
13.007900238,80.2098236084,54492,54502,10
13.0081100464,80.2098312378,54502,54513,11
13.0080299377,80.2092971802,54513,54523,10
13.0079097748,80.2084503174,54523,54533,10
13.0077695847,80.2074279785,54533,54543,10
13.0075998306,80.2063598633,54543,54553,10
13.007519722,80.2052612305,54553,54563,10
13.0075101852,80.2042388916,54563,54573,10
13.0073795319,80.2033004761,54573,54583,10
13.0070400238,80.2025909424,54583,54593,10
13.0065202713,80.2029571533,54593,54603,10
13.0069198608,80.2034378052,54603,54613,10
13.0076599121,80.2036972046,54613,54623,10
13.0086297989,80.2036819458,54623,54634,11
13.0099496841,80.2035980225,54634,54644,10
13.0112199783,80.2036590576,54644,54654,10
13.0123500824,80.2038269043,54654,54664,10
13.0132904053,80.2040786743,54664,54674,10
13.0135803223,80.2041931152,54674,54684,10
13.0136299133,80.2042999268,54684,54694,10
13.0136003494,80.204498291,54694,54704,10
13.0134801865,80.2049026489,54704,54714,10
13.0134296417,80.2050476074,54714,54724,10
13.0132598877,80.205581665,54724,54734,10
13.0130701065,80.2063903809,54734,54744,10
13.0129899979,80.2072525024,54744,54755,11
13.0129098892,80.2076568604,54755,54765,10
13.0128803253,80.2078933716,54765,54775,10
13.0128803253,80.2081832886,54775,54785,10
13.0128803253,80.2084884644,54785,54795,10
13.012960434,80.2090606689,54795,54805,10
13.0132799149,80.2096099854,54805,54815,10
13.0132398605,80.2101974487,54815,54825,10
13.013010025,80.2108535767,54825,54835,10
13.0127000809,80.2114562988,54835,54845,10
13.0123796463,80.2119903564,54845,54855,10
13.0121202469,80.2123718262,54855,54865,10
13.0121002197,80.212387085,54865,54876,11
13.0119495392,80.2126235962,54876,54886,10
13.011759758,80.2127532959,54886,54896,10
13.0113601685,80.2124786377,54896,54906,10
13.0108003616,80.2120666504,54906,54916,10
13.0106601715,80.2119674683,54916,54926,10
13.0106401443,80.2119369507,54926,54936,10
13.0104398727,80.211769104,54936,54946,10
13.010219574,80.2116012573,54946,54956,10
13.0099802017,80.2114028931,54956,54966,10
13.0097198486,80.2112197876,54966,55027,61
13.0094203949,80.2110595703,55027,55128,101
13.0094203949,80.2110595703,55128,55138,10
13.0092000961,80.2110671997,55138,55148,10
13.0090303421,80.2113113403,55148,55158,10
13.0089998245,80.2116470337,55158,55168,10
13.0092401505,80.2123184204,55168,55178,10
13.0094804764,80.2130584717,55178,55188,10
13.0097703934,80.213760376,55188,55198,10
13.0100498199,80.2145004272,55198,55208,10
13.0101995468,80.21534729,55208,55218,10
13.0105495453,80.2163391113,55218,55228,10
13.0110397339,80.2173690796,55228,55239,11
13.0115098953,80.2186889648,55239,55249,10
13.0119400024,80.2199935913,55249,55258,9
13.0122804642,80.2210083008,55258,55269,11
13.0126104355,80.2218399048,55269,55279,10
13.0132198334,80.2225723267,55279,55289,10
13.0138597488,80.2233123779,55289,55299,10
13.0143995285,80.2239379883,55299,55309,10
13.0149097443,80.2244796753,55309,55319,10
13.0151901245,80.2248001099,55319,55329,10
13.0154600143,80.2253036499,55329,55339,10
13.0153398514,80.2257614136,55339,55348,9
13.0149297714,80.225982666,55348,55360,12
13.0140304565,80.2263412476,55360,55370,10
13.0131702423,80.2267227173,55370,55380,10
13.0122003555,80.2271118164,55380,55390,10
13.0111703873,80.2275009155,55390,55400,10
13.0101099014,80.227897644,55400,55410,10
13.0095100403,80.2276611328,55410,55420,10
13.0097799301,80.2270126343,55420,55430,10
13.0101604462,80.2261886597,55430,55440,10
13.0105199814,80.2252578735,55440,55450,10
13.0108995438,80.2244720459,55450,55459,9
13.0111398697,80.223739624,55459,55470,11
13.0112800598,80.2233505249,55470,55481,11
13.0111398697,80.2230300903,55481,55491,10
13.0105695724,80.2227401733,55491,55501,10
13.010430336,80.2227020264,55501,55511,10
13.010140419,80.2225494385,55511,55521,10
13.0095596313,80.2222518921,55521,55531,10
13.0087995529,80.2218399048,55531,55541,10
13.0079097748,80.2213668823,55541,55551,10
13.0069999695,80.2208786011,55551,55561,10
13.0065498352,80.2206420898,55561,55571,10
13.0058298111,80.2204818726,55571,55581,10
13.0048503876,80.2202835083,55581,55591,10
13.0038499832,80.2200698853,55591,55602,11
13.0028400421,80.2197799683,55602,55612,10
13.0020704269,80.2191390991,55612,55622,10
13.0014600754,80.218536377,55622,55632,10
13.0007200241,80.2180328369,55632,55642,10
12.9999799728,80.217590332,55642,55652,10
12.9991102219,80.217086792,55652,55662,10
12.9977197647,80.2165679932,55662,55682,20
12.9977197647,80.2165679932,55682,55692,10
12.997420311,80.216506958,55692,55702,10
12.9968395233,80.2165298462,55702,55711,9
12.9961795807,80.2166290283,55711,55723,12
12.99518013,80.2169799805,55723,55733,10
12.9944601059,80.2174606323,55733,55743,10
12.9938297272,80.217918396,55743,55753,10
12.9931097031,80.2184371948,55753,55763,10
12.9923601151,80.2189865112,55763,55773,10
12.9917097092,80.2195281982,55773,55783,10
12.9911899567,80.2199325562,55783,55793,10
12.9908599854,80.2201919556,55793,55803,10
12.990819931,80.2202224731,55803,55813,10
12.9904899597,80.2204818726,55813,55823,10
12.9899196625,80.220916748,55823,55834,11
12.9892702103,80.2217025757,55834,55844,10
12.9886903763,80.2223815918,55844,55854,10
12.9877300262,80.2231216431,55854,55874,20
12.9877300262,80.2231216431,55874,55884,10
12.9875202179,80.2230987549,55884,55894,10
12.9872398376,80.2230834961,55894,55904,10
12.9868402481,80.2230072021,55904,55914,10
12.986289978,80.2229919434,55914,55924,10
12.9856004715,80.2231521606,55924,55934,10
12.985159874,80.2232513428,55934,55943,9
12.9846096039,80.2230072021,55943,55955,12
12.9839696884,80.2226028442,55955,55965,10
12.9833097458,80.2221908569,55965,55985,20
12.9833097458,80.2221908569,55985,55995,10
12.9831895828,80.2221069336,55995,56005,10
12.9829101563,80.2219772339,56005,56015,10
12.9824800491,80.2218475342,56015,56025,10
12.9819097519,80.2215499878,56025,56035,10
12.9813404083,80.2211990356,56035,56045,10
12.9806404114,80.2210693359,56045,56055,10
12.9799604416,80.2210922241,56055,56064,9
12.9788599014,80.2211380005,56064,56086,22
12.9788599014,80.2211380005,56086,56096,10
12.9785900116,80.2211303711,56096,56106,10
12.9779701233,80.2211685181,56106,56116,10
12.9770803452,80.2212295532,56116,56126,10
12.9764404297,80.2212295532,56126,56136,10
12.9762401581,80.2212600708,56136,56146,10
12.9760704041,80.2213592529,56146,56156,10
12.9761295319,80.221496582,56156,56165,9
12.9762201309,80.2216491699,56165,56176,11
12.9763202667,80.2218017578,56176,56186,10
12.9763402939,80.2219009399,56186,56197,11
12.9765796661,80.2222518921,56197,56207,10
12.9767904282,80.2225418091,56207,56217,10
12.9769802094,80.2227935791,56217,56227,10
12.9772901535,80.2233505249,56227,56237,10
12.9777297974,80.2240066528,56237,56247,10
12.9780597687,80.2244873047,56247,56257,10
12.9783697128,80.2250213623,56257,56267,10
12.9785900116,80.2253570557,56267,56277,10
12.9786100388,80.2253799438,56277,56287,10
12.9788103104,80.2257385254,56287,56297,10
12.979180336,80.2263717651,56297,56307,10
12.9796495438,80.227142334,56307,56318,11
12.9802303314,80.2281188965,56318,56328,10
12.9807796478,80.2290725708,56328,56338,10
12.9812803268,80.2298736572,56338,56348,10
12.9816999435,80.2304916382,56348,56358,10
12.9816999435,80.2304992676,56358,56368,10
12.9817399979,80.2306213379,56368,56378,10
12.9819002151,80.2310791016,56378,56388,10
12.9819898605,80.2317962646,56388,56398,10
12.9819202423,80.2326812744,56398,56408,10
12.9816102982,80.2335128784,56408,56418,10
12.9815797806,80.2335586548,56418,56428,10
12.9814596176,80.233757019,56428,56439,11
12.9812097549,80.2344512939,56439,56449,10
12.9812097549,80.2353591919,56449,56459,10
12.9812402725,80.2364120483,56459,56469,10
12.9812803268,80.2375411987,56469,56479,10
12.9813299179,80.2387237549,56479,56499,20
12.9813299179,80.2387237549,56499,56509,10
12.9813299179,80.238899231,56509,56519,10
12.9813203812,80.2394104004,56519,56529,10
12.9813499451,80.2399902344,56529,56539,10
12.9813604355,80.2407684326,56539,56548,9
12.9813699722,80.2416000366,56548,56560,12
12.9813899994,80.2426681519,56560,56580,20
12.9813899994,80.2426681519,56580,56590,10
12.9813404083,80.243057251,56590,56600,10
12.9813404083,80.2436294556,56600,56610,10
12.9813098907,80.2439422607,56610,56620,10
12.9812202454,80.2445907593,56620,56630,10
12.9811000824,80.2454986572,56630,56640,10
12.9809799194,80.2466278076,56640,56650,10
12.9808797836,80.2478179932,56650,56660,10
12.9807796478,80.2490081787,56660,56670,10
12.9806003571,80.2501907349,56670,56681,11
12.9802703857,80.2514572144,56681,56691,10
12.9800596237,80.2521972656,56691,56701,10
12.9799203873,80.2525100708,56701,56711,10
12.9799003601,80.252571106,56711,56721,10
12.9798803329,80.2527008057,56721,56731,10
12.9794902802,80.2527389526,56731,56741,10
12.9788398743,80.2526626587,56741,56751,10
12.9787502289,80.2526473999,56751,56761,10
12.9785995483,80.252532959,56761,56770,9
12.9781703949,80.252281189,56770,56781,11
12.9774398804,80.2516479492,56781,56790,9
12.9765501022,80.2512588501,56790,56802,12
12.9751996994,80.250869751,56802,56812,10
12.9740495682,80.2505493164,56812,56822,10
12.9729404449,80.2502365112,56822,56832,10
12.9724998474,80.2501525879,56832,56842,10
12.9723396301,80.2500915527,56842,56852,10
12.9717903137,80.2499313354,56852,56862,10
12.9709701538,80.2497177124,56862,56872,10
12.9699602127,80.2493591309,56872,56882,10
12.9688796997,80.2489395142,56882,56892,10
12.9677801132,80.2484664917,56892,56902,10
12.9667301178,80.2480010986,56902,56912,10
12.9652099609,80.2473602295,56912,56933,21
12.9652099609,80.2473602295,56933,56943,10
12.9649600983,80.2472076416,56943,56953,10
12.9644203186,80.2470321655,56953,56963,10
12.9637699127,80.2468109131,56963,56973,10
12.9631004333,80.2464981079,56973,56983,10
12.9621696472,80.2460403442,56983,56993,10
12.9611301422,80.245552063,56993,57003,10
12.9600696564,80.2450866699,57003,57012,9
12.9595899582,80.2449035645,57012,57023,11
12.9595804214,80.2449035645,57023,57033,10
12.9592399597,80.2447280884,57033,57044,11
12.9585504532,80.2444000244,57044,57054,10
12.9577903748,80.244102478,57054,57064,10
12.9566402435,80.2437362671,57064,57175,111
12.9566402435,80.2437362671,57175,57185,10
12.9561901093,80.2436065674,57185,57195,10
12.9556398392,80.243309021,57195,57205,10
12.9548397064,80.2429199219,57205,57215,10
12.9538803101,80.2425079346,57215,57225,10
12.9528503418,80.2420806885,57225,57235,10
12.9519395828,80.2417602539,57235,57245,10
12.9517602921,80.2416915894,57245,57255,10
12.9515399933,80.241607666,57255,57265,10
12.9509601593,80.2414016724,57265,57276,11
12.9500999451,80.2411270142,57276,57286,10
12.949640274,80.2409973145,57286,57296,10
12.9491300583,80.2408294678,57296,57306,10
12.94851017,80.240562439,57306,57316,10
12.9476804733,80.240196228,57316,57326,10
12.9472398758,80.2400436401,57326,57336,10
12.946969986,80.2399520874,57336,57346,10
12.9468202591,80.2398834229,57346,57356,10
12.9463300705,80.2396774292,57356,57366,10
12.945599556,80.2393493652,57366,57376,10
12.944849968,80.2387619019,57376,57386,10
12.9441003799,80.2379608154,57386,57397,11
12.9433498383,80.2371902466,57397,57407,10
12.9432897568,80.237121582,57407,57417,10
12.9432497025,80.2370834351,57417,57427,10
12.9428901672,80.2368011475,57427,57437,10
12.9421701431,80.2364883423,57437,57447,10
12.9411802292,80.2362136841,57447,57457,10
12.9396696091,80.2357788086,57457,57477,20
12.9396696091,80.2357788086,57477,57487,10
12.9394702911,80.2357025146,57487,57497,10
12.938949585,80.2354431152,57497,57507,10
12.9381999969,80.2350616455,57507,57518,11
12.9371299744,80.2345428467,57518,57528,10
12.9361600876,80.2340698242,57528,57538,10
12.9358100891,80.2339172363,57538,57548,10
12.9354496002,80.2337188721,57548,57558,10
12.9347696304,80.2334136963,57558,57568,10
12.9338197708,80.2329864502,57568,57588,20
12.9338197708,80.2329864502,57588,57598,10
12.9337396622,80.2329330444,57598,57608,10
12.9333496094,80.232749939,57608,57618,10
12.9326601028,80.2324676514,57618,57628,10
12.9324998856,80.2324066162,57628,57639,11
12.9323301315,80.2323379517,57639,57649,10
12.9317703247,80.2321624756,57649,57659,10
12.9309501648,80.2318725586,57659,57669,10
12.929889679,80.2315673828,57669,57679,10
12.9287500381,80.2313308716,57679,57689,10
12.9275798798,80.2311630249,57689,57699,10
12.9263896942,80.2310333252,57699,57709,10
12.9259004593,80.2309799194,57709,57719,10
12.925740242,80.2309570313,57719,57729,10
12.9252195358,80.2308807373,57729,57739,10
12.9244604111,80.2307891846,57739,57749,10
12.9235601425,80.230682373,57749,57760,11
12.9223499298,80.2304992676,57760,57770,10
12.9211702347,80.2303237915,57770,57780,10
12.9199495316,80.2301712036,57780,57790,10
12.9187402725,80.2300186157,57790,57800,10
12.9175300598,80.2298583984,57800,57810,10
12.9164495468,80.2296981812,57810,57820,10
12.9153404236,80.2295532227,57820,57830,10
12.9141798019,80.2293930054,57830,57840,10
12.9132099152,80.2293014526,57840,57850,10
12.9131603241,80.2292861938,57850,57860,10
12.9129800797,80.2292404175,57860,57870,10
12.9124002457,80.2291564941,57870,57881,11
12.9114999771,80.2290267944,57881,57891,10
12.9104204178,80.2288665771,57891,57901,10
12.9092702866,80.2286834717,57901,57911,10
12.9081201553,80.2285003662,57911,57921,10
12.906829834,80.2283401489,57921,57991,70
12.906829834,80.2283401489,57991,58002,11
12.9067497253,80.2283401489,58002,58012,10
12.9063196182,80.2282867432,58012,58022,10
12.9062004089,80.2282867432,58022,58032,10
12.9057302475,80.2282562256,58032,58042,10
12.9049301147,80.2282028198,58042,58052,10
12.9038801193,80.2281265259,58052,58062,10
12.9027299881,80.2280807495,58062,58072,10
12.9018802643,80.2280426025,58072,58082,10
12.9016304016,80.2279891968,58082,58092,10
12.9011697769,80.2279968262,58092,58102,10
12.9006004333,80.2279510498,58102,58112,10
12.8993597031,80.227897644,58112,58153,41
12.8993597031,80.227897644,58153,58163,10
12.8990402222,80.2278518677,58163,58173,10
12.8984203339,80.2278213501,58173,58183,10
12.8975801468,80.2277679443,58183,58193,10
12.8965301514,80.227722168,58193,58203,10
12.8953695297,80.2276687622,58203,58213,10
12.894200325,80.2276229858,58213,58223,10
12.8932504654,80.2275466919,58223,58244,21
12.8932504654,80.2275466919,58244,58254,10
12.8930301666,80.2275009155,58254,58264,10
12.8924598694,80.227432251,58264,58274,10
12.8916397095,80.2273864746,58274,58284,10
12.8906097412,80.2273864746,58284,58294,10
12.8894701004,80.2273864746,58294,58304,10
12.8883695602,80.2273788452,58304,58324,20
12.8883695602,80.2273788452,58324,58334,10
12.888299942,80.2273712158,58334,58344,10
12.8878602982,80.2273178101,58344,58353,9
12.8872098923,80.2272186279,58353,58365,12
12.886059761,80.2269592285,58365,58375,10
12.8850297928,80.2267532349,58375,58385,10
12.8847398758,80.2267379761,58385,58395,10
12.8846902847,80.2267303467,58395,58405,10
12.8842697144,80.2267227173,58405,58415,10
12.8835201263,80.2267303467,58415,58425,10
12.8825101852,80.2267379761,58425,58434,9
12.8814697266,80.2267379761,58434,58445,11
12.8801698685,80.2267608643,58445,58455,10
12.878950119,80.2267913818,58455,58465,10
12.877699852,80.2268676758,58465,58474,9
12.8767595291,80.2269592285,58474,58486,12
12.8764200211,80.2269134521,58486,58496,10
12.8764200211,80.2265777588,58496,58516,20
12.8764200211,80.2265777588,58516,58526,10
12.8764295578,80.2264328003,58526,58536,10
12.8764896393,80.2260131836,58536,58546,10
12.8765602112,80.2252807617,58546,58556,10
12.8766803741,80.2243728638,58556,58566,10
12.8768796921,80.2233505249,58566,58576,10
12.8771295547,80.2222595215,58576,58586,10
12.8773803711,80.2211227417,58586,58597,11
12.8776702881,80.2198867798,58597,58607,10
12.8779201508,80.2187805176,58607,58617,10
12.8781604767,80.2176208496,58617,58627,10
12.8783998489,80.2164535522,58627,58637,10
12.8786497116,80.2152709961,58637,58647,10
12.8788900375,80.2140884399,58647,58657,10
12.8791103363,80.212890625,58657,58667,10
12.8793296814,80.2117004395,58667,58677,10
12.8789100647,80.2109298706,58677,58707,30
12.8789100647,80.2109298706,58707,58718,11
12.8788700104,80.2109375,58718,58728,10
12.8784799576,80.2108612061,58728,58738,10
12.8777999878,80.2107467651,58738,58748,10
12.877120018,80.210609436,58748,58758,10
12.8762798309,80.2104415894,58758,58768,10
12.8755998611,80.2103271484,58768,58778,10
12.8744297028,80.2101211548,58778,58818,40
12.8744297028,80.2101211548,58818,58828,10
12.8743495941,80.2100067139,58828,58839,11
12.8744401932,80.2096481323,58839,58849,10
12.8747396469,80.2096328735,58849,58859,10
12.8746404648,80.2098464966,58859,59072,213
12.8746404648,80.2098464966,59072,59083,11
12.8747196198,80.2099609375,59083,59093,10
12.8747997284,80.2101364136,59093,59103,10
12.8754997253,80.2103118896,59103,59123,20
12.8754997253,80.2103118896,59123,59133,10
12.876250267,80.2104415894,59133,59143,10
12.876250267,80.2104415894,59143,59153,10
12.8769397736,80.2105865479,59153,59162,9
12.8794002533,80.2110824585,59162,59212,50
12.8792800903,80.2124176025,59212,59241,29
12.8787603378,80.2150878906,59241,59272,31
12.8780403137,80.2185668945,59272,59302,30
12.876449585,80.2267074585,59302,59377,75
12.8767700195,80.2268676758,59377,59407,30
12.8767700195,80.2268676758,59407,59427,20
12.8782901764,80.2267684937,59427,59437,10
12.8794298172,80.2267303467,59437,59448,11
12.8807201385,80.2267303467,59448,59458,10
12.8819103241,80.2267227173,59458,59468,10
12.8831195831,80.2266998291,59468,59478,10
12.8843202591,80.2266921997,59478,59488,10
12.8851804733,80.2266769409,59488,59498,10
12.8852500916,80.2266769409,59498,59508,10
12.8856601715,80.2267608643,59508,59518,10
12.8864002228,80.2269592285,59518,59528,10
12.8873195648,80.227180481,59528,59538,10
12.8883600235,80.2272872925,59538,59548,10
12.8886804581,80.2273101807,59548,59558,10
12.8890895844,80.2273330688,59558,59569,11
12.889960289,80.2273330688,59569,59579,10
12.8910303116,80.2273330688,59579,59589,10
12.8922100067,80.2273483276,59589,59599,10
12.893289566,80.2274475098,59599,59609,10
12.8941698074,80.2275390625,59609,59619,10
12.8942203522,80.2275390625,59619,59629,10
12.894610405,80.2275695801,59629,59639,10
12.8953695297,80.2276077271,59639,59649,10
12.8964004517,80.2276611328,59649,59659,10
12.8975601196,80.227722168,59659,59669,10
12.8987598419,80.2277984619,59669,59679,10
12.899889946,80.2278823853,59679,59690,11
12.900270462,80.2278366089,59690,59700,10
12.9005804062,80.2278366089,59700,59760,60
12.9005804062,80.2278366089,59760,59770,10
12.9008302689,80.227897644,59770,59780,10
12.9012804031,80.2279815674,59780,59790,10
12.9020700455,80.228012085,59790,59800,10
12.9027996063,80.2280197144,59800,59811,11
12.9029197693,80.228012085,59811,59821,10
12.9029502869,80.2279968262,59821,59831,10
12.9033403397,80.2279968262,59831,59841,10
12.9040203094,80.2280883789,59841,59851,10
12.904999733,80.2281570435,59851,59891,40
12.904999733,80.2281570435,59891,59901,10
12.9051103592,80.2281799316,59901,59911,10
12.9055404663,80.2282104492,59911,59921,10
12.9058904648,80.2282180786,59921,59932,11
12.90625,80.2282562256,59932,60012,80
12.90625,80.2282562256,60012,60022,10
12.9064302444,80.2282333374,60022,60032,10
12.9067497253,80.2282409668,60032,60042,10
12.9071102142,80.2282485962,60042,60053,11
12.9071302414,80.2282409668,60053,60063,10
12.9072904587,80.2282409668,60063,60073,10
12.9078903198,80.2283477783,60073,60083,10
12.9087896347,80.2285232544,60083,60093,10
12.9098901749,80.2287063599,60093,60103,10
12.9110403061,80.2288894653,60103,60113,10
12.9121398926,80.2290496826,60113,60123,10
12.9138803482,80.2292633057,60123,60143,20
12.9138803482,80.2292633057,60143,60153,10
12.9139404297,80.2292022705,60153,60163,10
12.9145202637,80.2293319702,60163,60174,11
12.9154500961,80.2294921875,60174,60184,10
12.916469574,80.2296600342,60184,60194,10
12.9170398712,80.2297210693,60194,60204,10
12.9173002243,80.2297668457,60204,60214,10
12.917889595,80.229850769,60214,60224,10
12.9187002182,80.2299728394,60224,60234,10
12.9193696976,80.2300491333,60234,60244,10
12.9194097519,80.2300491333,60244,60254,10
12.9196100235,80.2300796509,60254,60264,10
12.920129776,80.230140686,60264,60274,10
12.9209003448,80.2302398682,60274,60283,9
12.9217395782,80.2303695679,60283,60295,12
12.9230604172,80.2305679321,60295,60305,10
12.9242095947,80.2307128906,60305,60315,10
12.9253702164,80.2308578491,60315,60325,10
12.9263601303,80.2309570313,60325,60345,20
12.9263601303,80.2309570313,60345,60355,10
12.9265098572,80.2309570313,60355,60365,10
12.9270296097,80.2310333252,60365,60375,10
12.9277896881,80.2311172485,60375,60385,10
12.9285297394,80.2312088013,60385,60395,10
12.9286203384,80.2312088013,60395,60404,9
12.9289398193,80.2312774658,60404,60416,12
12.9297304153,80.2314987183,60416,60426,10
12.9305496216,80.2316894531,60426,60436,10
12.9314899445,80.2318572998,60436,60446,10
12.9324197769,80.2322006226,60446,60456,10
12.9336795807,80.2327423096,60456,60476,20
12.9336795807,80.2327423096,60476,60486,10
12.9337902069,80.2328491211,60486,60496,10
12.934220314,80.233039856,60496,60506,10
12.934920311,80.2333679199,60506,60515,9
12.9356403351,80.2337036133,60515,60527,12
12.9367103577,80.2341995239,60527,60537,10
12.9377403259,80.2346725464,60537,60547,10
12.9387998581,80.2351837158,60547,60557,10
12.9395103455,80.2355422974,60557,60567,10
12.9395198822,80.2355499268,60567,60577,10
12.9396696091,80.2356262207,60577,60587,10
12.9400997162,80.2358093262,60587,60597,10
12.9408397675,80.2360305786,60597,60607,10
12.9417600632,80.2362365723,60607,60617,10
12.9427404404,80.2365722656,60617,60627,10
12.9435796738,80.2372589111,60627,60636,9
12.9442796707,80.23802948,60636,60648,12
12.9452800751,80.2390899658,60648,60658,10
12.9463596344,80.2396011353,60658,60668,10
12.9470300674,80.2398910522,60668,60678,10
12.9471197128,80.2399215698,60678,60688,10
12.9472703934,80.2400131226,60688,60698,10
12.9477300644,80.2401885986,60698,60708,10
12.948800087,80.2406082153,60708,60748,40
12.948800087,80.2406082153,60748,60758,10
12.9490995407,80.2407608032,60758,60769,11
12.9497499466,80.2409896851,60769,60779,10
12.951089859,80.2413406372,60779,60799,20
12.951089859,80.2413406372,60799,60809,10
12.9512195587,80.2414169312,60809,60819,10
12.951669693,80.2415771484,60819,60829,10
12.9523601532,80.2418365479,60829,60839,10
12.9531698227,80.2421569824,60839,60849,10
12.9541101456,80.2425384521,60849,60859,10
12.9549703598,80.2428665161,60859,60869,10
12.9556598663,80.2431182861,60869,60878,9
12.9562902451,80.2433319092,60878,60900,22
12.9562902451,80.2433319092,60900,60910,10
12.956489563,80.2433776855,60910,60920,10
12.9570398331,80.243637085,60920,60930,10
12.9577999115,80.2440032959,60930,60940,10
12.958530426,80.2443008423,60940,60950,10
12.9588603973,80.244430542,60950,60960,10
12.9589595795,80.2444763184,60960,60970,10
12.9593896866,80.2446975708,60970,60980,10
12.9600801468,80.2450180054,60980,60990,10
12.9609298706,80.2454223633,60990,61000,10
12.9619197845,80.2459030151,61000,61011,11
12.9632701874,80.2465591431,61011,61031,20
12.9632701874,80.2465591431,61031,61041,10
12.9633598328,80.2466125488,61041,61051,10
12.9637498856,80.2468032837,61051,61061,10
12.9644098282,80.2470474243,61061,61071,10
12.9652004242,80.2473297119,61071,61081,10
12.966170311,80.2476806641,61081,61091,10
12.9668798447,80.2479934692,61091,61111,20
12.9668798447,80.2479934692,61111,61121,10
12.9669399261,80.2480163574,61121,61132,11
12.9673099518,80.2481918335,61132,61142,10
12.9679603577,80.2484817505,61142,61152,10
12.9688196182,80.2488327026,61152,61162,10
12.9698095322,80.2492294312,61162,61172,10
12.9708499908,80.2496414185,61172,61182,10
12.9719696045,80.2499389648,61182,61192,10
12.9730796814,80.2502212524,61192,61202,10
12.9744195938,80.2505187988,61202,61222,20
12.9744195938,80.2505187988,61222,61232,10
12.9744195938,80.2504882813,61232,61241,9
12.9747200012,80.250617981,61241,61253,12
12.9755001068,80.2508621216,61253,61263,10
12.9761400223,80.2510528564,61263,61273,10
12.9769296646,80.2512664795,61273,61384,111
12.9769296646,80.2512664795,61384,61394,10
12.9771995544,80.2514572144,61394,61404,10
12.977519989,80.2516174316,61404,61414,10
12.9777202606,80.2517471313,61414,61424,10
12.977930069,80.2518692017,61424,61434,10
12.9781904221,80.2520599365,61434,61444,10
12.9784603119,80.2522125244,61444,61454,10
12.9786996841,80.2523498535,61454,61464,10
12.9790296555,80.252456665,61464,61474,10
12.9794197083,80.2525024414,61474,61485,11
12.9798498154,80.2524337769,61485,61495,10
12.9799003601,80.2522964478,61495,61505,10
12.9799499512,80.2521362305,61505,61515,10
12.9800701141,80.251701355,61515,61525,10
12.9802999496,80.2510223389,61525,61535,10
12.9805498123,80.2500762939,61535,61545,10
12.9807195663,80.2489471436,61545,61555,10
12.9808197021,80.2478027344,61555,61565,10
12.980919838,80.2466430664,61565,61575,10
12.9810495377,80.2454376221,61575,61585,10
12.9811697006,80.2439880371,61585,61606,21
12.9811697006,80.2439880371,61606,61616,10
12.9812498093,80.2437286377,61616,61626,10
12.9813404083,80.2434234619,61626,61636,10
12.9813604355,80.2428207397,61636,61656,20
12.9813604355,80.2428207397,61656,61666,10
12.9813804626,80.2425613403,61666,61676,10
12.9813604355,80.2419662476,61676,61686,10
12.9813604355,80.2411575317,61686,61696,10
12.9813604355,80.2402267456,61696,61706,10
12.9813299179,80.2395324707,61706,61716,10
12.9813098907,80.2388000488,61716,61727,11
12.9812898636,80.238571167,61727,61737,10
12.9812698364,80.2384490967,61737,61747,10
12.9812698364,80.2383270264,61747,61757,10
12.9812898636,80.2382507324,61757,61767,10
12.9812898636,80.2379837036,61767,61777,10
12.9812898636,80.2379608154,61777,61787,10
12.9812602997,80.2376098633,61787,61797,10
12.9812402725,80.2369766235,61797,61807,10
12.9812202454,80.2361221313,61807,61817,10
12.9811897278,80.2350692749,61817,61827,10
12.9814300537,80.2337493896,61827,61848,21
12.9814300537,80.2337493896,61848,61858,10
12.9815502167,80.2334976196,61858,61868,10
12.981710434,80.2331390381,61868,61878,10
12.9819202423,80.2326431274,61878,61888,10
12.9819602966,80.2321777344,61888,61898,10
12.9819498062,80.2317581177,61898,61908,10
12.9819297791,80.2314910889,61908,61918,10
12.9818296432,80.2310409546,61918,61928,10
12.981710434,80.2307510376,61928,61938,10
12.9814500809,80.2303314209,61938,61948,10
12.9811496735,80.229850769,61948,61958,10
12.9809598923,80.2295684814,61958,61969,11
12.9807195663,80.2291412354,61969,61989,20
12.9807195663,80.2291412354,61989,61999,10
12.9806804657,80.229057312,61999,62009,10
12.9804601669,80.2287216187,62009,62019,10
12.9802598953,80.2282714844,62019,62029,10
12.9798898697,80.2276306152,62029,62039,10
12.9793996811,80.2268218994,62039,62049,10
12.9788503647,80.2259216309,62049,62059,10
12.9783697128,80.2251205444,62059,62069,10
12.9780197144,80.2245635986,62069,62079,10
12.9777898788,80.224281311,62079,62090,11
12.9777297974,80.2241821289,62090,62100,10
12.9774999619,80.2237701416,62100,62110,10
12.9770402908,80.2229766846,62110,62150,40
12.9770402908,80.2229766846,62150,62160,10
12.9769802094,80.2228622437,62160,62170,10
12.9771995544,80.2227401733,62170,62180,10
12.9772596359,80.2227325439,62180,62190,10
12.9773197174,80.2226791382,62190,62200,10
12.9774904251,80.2225112915,62200,62211,11
12.9774599075,80.221862793,62211,62221,10
12.9774703979,80.2212905884,62221,62231,10
12.977689743,80.2212371826,62231,62241,10
12.9781904221,80.2211914063,62241,62251,10
12.9790096283,80.2211532593,62251,62261,10
12.9796800613,80.2211074829,62261,62271,10
12.9803495407,80.2210769653,62271,62281,10
12.9810199738,80.2210693359,62281,62291,10
12.9816303253,80.2213821411,62291,62301,10
12.9824800491,80.2218399048,62301,62332,31
12.9824800491,80.2218399048,62332,62342,10
12.9828596115,80.2219467163,62342,62352,10
12.9830904007,80.2220535278,62352,62362,10
12.9831600189,80.222076416,62362,62372,10
12.9834403992,80.2222671509,62372,62382,10
12.983710289,80.2224578857,62382,62392,10
12.9842596054,80.2227935791,62392,62402,10
12.9849300385,80.2231826782,62402,62412,10
12.9854402542,80.2232666016,62412,62422,10
12.9858598709,80.2230072021,62422,62432,10
12.9864797592,80.2229766846,62432,62443,11
12.9865398407,80.2229766846,62443,62453,10
12.9866895676,80.2229919434,62453,62463,10
12.9871301651,80.2230682373,62463,62473,10
12.9876804352,80.2230911255,62473,62483,10
12.9882202148,80.2227783203,62483,62493,10
12.9888401031,80.2222213745,62493,62503,10
12.9893798828,80.221496582,62503,62513,10
12.9899396896,80.2207336426,62513,62523,10
12.9904403687,80.2203521729,62523,62533,10
12.9904499054,80.2203521729,62533,62543,10
12.9907302856,80.2202072144,62543,62553,10
12.9910202026,80.2199020386,62553,62564,11
12.9916696548,80.2194290161,62564,62574,10
12.9923696518,80.2189407349,62574,62584,10
12.9931697845,80.2183532715,62584,62594,10
12.9940004349,80.2177581787,62594,62604,10
12.9944400787,80.2174224854,62604,62614,10
12.9946699142,80.2172622681,62614,62624,10
12.9949998856,80.217048645,62624,62634,10
12.9956102371,80.216758728,62634,62644,10
12.9964599609,80.216583252,62644,62654,10
12.9969997406,80.2165298462,62654,62664,10
12.9973096848,80.2163467407,62664,62674,10
12.9974298477,80.2162475586,62674,62685,11
12.9975204468,80.2161636353,62685,62695,10
12.9979000092,80.2158203125,62695,62705,10
12.998459816,80.2152633667,62705,62715,10
12.9990301132,80.2147903442,62715,62725,10
12.9993200302,80.2145614624,62725,62735,10
12.999830246,80.2141494751,62735,62745,10
13.0002803802,80.2137680054,62745,62755,10
13.0007095337,80.2133712769,62755,62765,10
13.0010099411,80.2131195068,62765,62775,10
13.0012397766,80.2129211426,62775,62785,10
13.0016298294,80.212638855,62785,62795,10
13.0020799637,80.2123794556,62795,62806,11
13.0025501251,80.2121505737,62806,62816,10
13.0029001236,80.2121124268,62816,62826,10
13.0033502579,80.212059021,62826,62836,10
13.0036296844,80.2119293213,62836,62846,10
13.0036697388,80.2115097046,62846,62856,10
13.0036296844,80.2108383179,62856,62866,10
13.0035400391,80.2100906372,62866,62876,10
13.0035600662,80.2093276978,62876,62886,10
13.0038003922,80.2086791992,62886,62896,10
13.0044898987,80.2088623047,62896,62906,10
13.0052404404,80.2091903687,62906,62916,10
13.0058898926,80.2094573975,62916,62927,11
13.0063800812,80.2096328735,62927,62937,10
13.007109642,80.2097930908,62937,62966,29
13.007109642,80.2097930908,62966,62977,11
13.0072803497,80.2098312378,62977,62987,10
13.0077695847,80.2099304199,62987,62997,10
13.0080499649,80.2099914551,62997,63007,10
13.0081100464,80.2096633911,63007,63017,10
13.0079603195,80.2088775635,63017,63027,10
13.0078201294,80.2078475952,63027,63037,10
13.0076398849,80.206703186,63037,63048,11
13.0074796677,80.2055130005,63048,63058,10
13.0074901581,80.204498291,63058,63068,10
13.0074300766,80.2036209106,63068,63078,10
13.0072603226,80.2027587891,63078,63088,10
13.0066003799,80.2026901245,63088,63098,10
13.006649971,80.2032623291,63098,63108,10
13.0070896149,80.2035522461,63108,63118,10
13.0078496933,80.203742981,63118,63128,10
13.0087995529,80.2036972046,63128,63138,10
13.0098199844,80.2036209106,63138,63148,10
13.0109100342,80.2036590576,63148,63157,9
13.0119600296,80.2037811279,63157,63169,12
13.0131597519,80.2040710449,63169,63179,10
13.0136299133,80.2042770386,63179,63199,20
13.0136299133,80.2042770386,63199,63209,10
13.0136404037,80.2045898438,63209,63219,10
13.0135097504,80.2049331665,63219,63229,10
13.013299942,80.2055664063,63229,63239,10
13.0130701065,80.2064666748,63239,63249,10
13.0129995346,80.207321167,63249,63259,10
13.0129404068,80.2077178955,63259,63269,10
13.0128803253,80.2080917358,63269,63280,11
13.0128297806,80.2082214355,63280,63290,10
13.0128297806,80.2085418701,63290,63300,10
13.0128803253,80.2089385986,63300,63310,10
13.0130300522,80.2095108032,63310,63320,10
13.0131797791,80.2099075317,63320,63330,10
13.013130188,80.210319519,63330,63340,10
13.0129499435,80.2110900879,63340,63350,10
13.0124597549,80.2119979858,63350,63360,10
13.0119600296,80.2127304077,63360,63370,10
13.0116796494,80.2127838135,63370,63380,10
13.0112104416,80.2124328613,63380,63390,10
13.01060009,80.2119369507,63390,63401,11
13.0101499557,80.2116012573,63401,63421,20
13.0101499557,80.2116012573,63421,63431,10
13.0097999573,80.2113494873,63431,63632,201
13.0095300674,80.2111129761,63632,64187,555
13.0093297958,80.2109985352,64187,64379,192
13.0093297958,80.2109985352,64379,64389,10
13.0091695786,80.2112731934,64389,64419,30
13.0091695786,80.2112731934,64419,64429,10
13.0089998245,80.2116317749,64429,64439,10
13.0090503693,80.2118988037,64439,64449,10
13.0092201233,80.212387085,64449,64459,10
13.0094604492,80.2130126953,64459,64469,10
13.0097103119,80.2136993408,64469,64478,9
13.0099802017,80.214302063,64478,64490,12
13.0101604462,80.2152328491,64490,64500,10
13.0103998184,80.2160491943,64500,64510,10
13.0108098984,80.2169494629,64510,64520,10
13.0112400055,80.2179031372,64520,64530,10
13.011590004,80.2189407349,64530,64540,10
13.0119400024,80.2199783325,64540,64550,10
13.0122003555,80.2207489014,64550,64560,10
13.012339592,80.2213516235,64560,64570,10
13.0124998093,80.2216873169,64570,64580,10
13.0128803253,80.2221984863,64580,64590,10
13.0133800507,80.2227325439,64590,64599,9
13.0138702393,80.2232513428,64599,64611,12
13.014169693,80.2235794067,64611,64621,10
13.01445961,80.2239379883,64621,64631,10
13.0149497986,80.2245330811,64631,64641,10
13.0153903961,80.225151062,64641,64671,30
13.0153903961,80.225151062,64671,64681,10
13.0153598785,80.2252807617,64681,64691,10
13.0153503418,80.2256622314,64691,64701,10
13.0149898529,80.2259292603,64701,64711,10
13.0142602921,80.2262115479,64711,64722,11
13.0133304596,80.2265701294,64722,64732,10
13.0124197006,80.2269515991,64732,64742,10
13.0114803314,80.2273101807,64742,64752,10
13.0105304718,80.2276916504,64752,64762,10
13.0096902847,80.2279205322,64762,64772,10
13.0095796585,80.2273788452,64772,64782,10
13.0099000931,80.2266921997,64782,64791,9
13.0101900101,80.225982666,64791,64802,11
13.0104103088,80.2255325317,64802,64812,10
13.0104598999,80.2254333496,64812,64822,10
13.0105104446,80.2252807617,64822,64832,10
13.0106697083,80.2249298096,64832,64843,11
13.0108995438,80.2243118286,64843,64853,10
13.0110998154,80.2237319946,64853,64873,20
13.0110998154,80.2237319946,64873,64883,10
13.0111904144,80.2233581543,64883,64893,10
13.0109901428,80.2230682373,64893,64903,10
13.0102596283,80.2227020264,64903,64923,20
13.0102596283,80.2227020264,64923,64933,10
13.0100498199,80.2225418091,64933,64943,10
13.0096797943,80.2223510742,64943,64953,10
13.0090904236,80.2220230103,64953,64964,11
13.0082998276,80.2216033936,64964,64974,10
13.0074996948,80.2211685181,64974,64984,10
13.0067195892,80.2207565308,64984,64994,10
13.0058298111,80.2205123901,64994,65004,10
13.0048904419,80.2203063965,65004,65014,10
13.0045995712,80.2202377319,65014,65024,10
13.0045003891,80.2202301025,65024,65034,10
13.0040998459,80.220123291,65034,65044,10
13.0034503937,80.2199478149,65044,65054,10
13.0027198792,80.2196578979,65054,65064,10
13.0020799637,80.219078064,65064,65074,10
13.0016698837,80.2186737061,65074,65085,11
13.0010995865,80.21824646,65085,65095,10
13.0004301071,80.2178115845,65095,65105,10
12.9996995926,80.217376709,65105,65115,10
12.9989004135,80.2169494629,65115,65125,10
12.9979400635,80.2165679932,65125,65135,10
12.9973497391,80.2164916992,65135,65195,60
12.9973497391,80.2164916992,65195,65206,11
12.9969902039,80.2165374756,65206,65216,10
12.9964504242,80.2166137695,65216,65226,10
12.9958496094,80.2167205811,65226,65236,10
12.9955596924,80.2168197632,65236,65246,10
12.9952402115,80.2169418335,65246,65266,20
12.9952402115,80.2169418335,65266,65276,10
12.9949598312,80.2171020508,65276,65286,10
12.9945802689,80.2173614502,65286,65296,10
12.9940299988,80.2177505493,65296,65306,10
12.9934597015,80.2181396484,65306,65316,10
12.9928503036,80.2185821533,65316,65327,11
12.992099762,80.2191390991,65327,65337,10
12.9914102554,80.2196273804,65337,65347,10
12.9907302856,80.2201766968,65347,65387,40
12.9907302856,80.2201766968,65387,65397,10
12.9906196594,80.220199585,65397,65407,10
12.9902801514,80.220489502,65407,65417,10
12.9897699356,80.2209625244,65417,65427,10
12.9893102646,80.2214813232,65427,65437,10
12.9888696671,80.2220687866,65437,65448,11
12.9881601334,80.2227630615,65448,65458,10
12.9875802994,80.2230529785,65458,65478,20
12.9875802994,80.2230529785,65478,65488,10
12.9873104095,80.2230224609,65488,65498,10
12.9869804382,80.2229919434,65498,65508,10
12.986749649,80.2229614258,65508,65518,10
12.9862699509,80.2229309082,65518,65528,10
12.9856700897,80.2230529785,65528,65538,10
12.9852399826,80.2232208252,65538,65547,9
12.9847202301,80.2230224609,65547,65559,12
12.9841003418,80.2226791382,65559,65589,30
12.9841003418,80.2226791382,65589,65599,10
12.9839296341,80.2225799561,65599,65609,10
12.9837598801,80.2225036621,65609,65619,10
12.9834604263,80.2223205566,65619,65649,30
12.9834604263,80.2223205566,65649,65659,10
12.9833097458,80.2221908569,65659,65669,10
12.983039856,80.222038269,65669,65690,21
12.983039856,80.222038269,65690,65700,10
12.9827699661,80.2218780518,65700,65710,10
12.9823703766,80.221786499,65710,65720,10
12.9819097519,80.2215576172,65720,65730,10
12.9812898636,80.2211837769,65730,65740,10
12.980509758,80.2210464478,65740,65750,10
12.9796495438,80.2210998535,65750,65760,10
12.9788799286,80.2211074829,65760,65770,10
12.9781503677,80.2211532593,65770,65780,10
12.9774398804,80.2211990356,65780,65790,10
12.9766902924,80.2212219238,65790,65801,11
12.976099968,80.2212905884,65801,65811,10
12.9764099121,80.221862793,65811,65848,37
12.9764099121,80.221862793,65848,65861,13
12.9764299393,80.2220993042,65861,65871,10
12.9767103195,80.2225189209,65871,65881,10
12.9770803452,80.2230911255,65881,65891,10
12.977519989,80.223777771,65891,65901,10
12.97797966,80.2244873047,65901,65911,10
12.9783601761,80.2250823975,65911,65922,11
12.9787502289,80.2256698608,65922,65932,10
12.9788103104,80.2257614136,65932,65942,10
12.9790096283,80.2261276245,65942,65952,10
12.9792995453,80.2265930176,65952,65962,10
12.9796304703,80.2271575928,65962,65972,10
12.9800395966,80.2278289795,65972,65982,10
12.9804496765,80.2285308838,65982,65992,10
12.9808197021,80.2291793823,65992,66002,10
12.9811401367,80.2297210693,66002,66012,10
12.9815597534,80.2303237915,66012,66022,10
12.9816598892,80.2304763794,66022,66032,10
12.981710434,80.2305526733,66032,66043,11
12.9818696976,80.2309875488,66043,66053,10
12.9819898605,80.2316207886,66053,66063,10
12.982049942,80.2321624756,66063,66093,30
12.982049942,80.2321624756,66093,66103,10
12.982000351,80.2324523926,66103,66113,10
12.9819297791,80.2326965332,66113,66132,19
12.9819297791,80.2326965332,66132,66143,11
12.9817800522,80.233039856,66143,66164,21
12.9817800522,80.233039856,66164,66174,10
12.9816799164,80.233253479,66174,66194,20
12.9816799164,80.233253479,66194,66204,10
12.9816398621,80.2333297729,66204,66214,10
12.9814596176,80.2337036133,66214,66224,10
12.9813699722,80.2339096069,66224,66234,10
12.981300354,80.2340621948,66234,66244,10
12.9812402725,80.2343597412,66244,66254,10
12.9812202454,80.2347793579,66254,66263,9
12.9812202454,80.2349777222,66263,66275,12
12.9812402725,80.2354812622,66275,66285,10
12.9812498093,80.2359466553,66285,66295,10
12.9812602997,80.2364120483,66295,66305,10
12.9812602997,80.2369766235,66305,66325,20
12.9812602997,80.2369766235,66325,66335,10
12.9812898636,80.2373962402,66335,66355,20
12.9812898636,80.2373962402,66355,66365,10
12.981300354,80.2376022339,66365,66375,10
12.9813098907,80.2378387451,66375,66385,10
12.9813299179,80.2385787964,66385,66406,21
12.9813299179,80.2385787964,66406,66416,10
12.981300354,80.2387390137,66416,66426,10
12.9813098907,80.2392120361,66426,66436,10
12.9813404083,80.2394714355,66436,66446,10
12.9813404083,80.2396697998,66446,66456,10
12.9813604355,80.2401733398,66456,66466,10
12.9813804626,80.2407836914,66466,66476,10
12.9813804626,80.2414321899,66476,66486,10
12.9813804626,80.2420806885,66486,66505,19
12.9813804626,80.2420806885,66505,66517,12
12.9813899994,80.2423095703,66517,66527,10
12.9813995361,80.2425765991,66527,66537,10
12.9813899994,80.2429962158,66537,66547,10
12.9813899994,80.2429962158,66547,66557,10
12.9813804626,80.2432785034,66557,66566,9
12.9813699722,80.243522644,66566,66577,11
12.9813699722,80.2435379028,66577,66587,10
12.9813098907,80.2438735962,66587,66597,10
12.9812297821,80.2444915771,66597,66607,10
12.9811201096,80.2453536987,66607,66617,10
12.981010437,80.2463607788,66617,66627,10
12.9808998108,80.2474594116,66627,66638,11
12.9808101654,80.2486572266,66638,66648,10
12.9806900024,80.2497024536,66648,66658,10
12.9804601669,80.2506713867,66658,66668,10
12.9801797867,80.2516784668,66668,66678,10
12.9799499512,80.2524490356,66678,66748,70
12.9799499512,80.2524490356,66748,66759,11
12.9798803329,80.2525100708,66759,66769,10
12.9798297882,80.2526397705,66769,66779,10
12.979590416,80.2526702881,66779,66789,10
12.9787302017,80.2525787354,66789,66809,20
12.9787302017,80.2525787354,66809,66819,10
12.9785299301,80.2525024414,66819,66829,10
12.9780597687,80.2521820068,66829,66839,10
12.9774799347,80.251663208,66839,66849,10
12.9767503738,80.2512893677,66849,66859,10
12.9758796692,80.2510528564,66859,66869,10
12.9749603271,80.2507781982,66869,66880,11
12.9739303589,80.2504806519,66880,66890,10
12.9731397629,80.2502975464,66890,66900,10
12.9725599289,80.2501831055,66900,66910,10
12.9724798203,80.2501373291,66910,66920,10
12.9722900391,80.2500076294,66920,66930,10
12.9718503952,80.2498931885,66930,66940,10
12.9712095261,80.2497406006,66940,66950,10
12.970580101,80.2495727539,66950,66960,10
12.9698896408,80.2493133545,66960,66970,10
12.9690904617,80.2489776611,66970,66979,9
12.9683599472,80.2486877441,66979,66991,12
12.9673595428,80.248260498,66991,67001,10
12.9668302536,80.2479934692,67001,67011,10
12.9663200378,80.247756958,67011,67021,10
12.9656095505,80.2474822998,67021,67031,10
12.9650697708,80.2473068237,67031,67041,10
12.9650201797,80.2472763062,67041,67051,10
12.9649801254,80.2472915649,67051,67061,10
12.9646501541,80.2471618652,67061,67071,10
12.96393013,80.2468795776,67071,67112,41
12.96393013,80.2468795776,67112,67122,10
12.9637098312,80.2467880249,67122,67132,10
12.9633102417,80.2466201782,67132,67142,10
12.9626598358,80.2462692261,67142,67152,10
12.9618501663,80.245880127,67152,67162,10
12.9609603882,80.2454528809,67162,67172,10
12.960100174,80.2450714111,67172,67182,10
12.9594297409,80.2447891235,67182,67202,20
12.9594297409,80.2447891235,67202,67212,10
12.9592399597,80.2446517944,67212,67222,10
12.9588403702,80.2444763184,67222,67233,11
12.9581403732,80.244178772,67233,67243,10
12.9575796127,80.2439804077,67243,67253,10
12.9569997787,80.2437973022,67253,67263,10
12.9566898346,80.2437515259,67263,67273,10
12.9565401077,80.2437210083,67273,67333,60
12.9565401077,80.2437210083,67333,67343,10
12.9561100006,80.243560791,67343,67354,11
12.9555101395,80.2431716919,67354,67364,10
12.954990387,80.2429275513,67364,67374,10
12.9544000626,80.2426605225,67374,67384,10
12.9536895752,80.2423782349,67384,67394,10
12.9529495239,80.2420806885,67394,67404,10
12.9521598816,80.2417831421,67404,67414,10
12.9514303207,80.2415618896,67414,67434,20
12.9514303207,80.2415618896,67434,67444,10
12.9513101578,80.2415084839,67444,67454,10
12.9510202408,80.2413864136,67454,67464,10
12.9504499435,80.2412185669,67464,67475,11
12.9495897293,80.2409591675,67475,67485,10
12.948849678,80.2406921387,67485,67495,10
12.9481201172,80.2403564453,67495,67505,10
12.9469299316,80.239906311,67505,67525,20
12.9469299316,80.239906311,67525,67535,10
12.9467496872,80.2398834229,67535,67545,10
12.9462499619,80.2396469116,67545,67555,10
12.9455900192,80.2393493652,67555,67565,10
12.9449300766,80.2388381958,67565,67575,10
12.9442796707,80.2381591797,67575,67584,9
12.9436798096,80.2375488281,67584,67596,12
12.9432401657,80.2370681763,67596,67606,10
12.9432201385,80.2370376587,67606,67616,10
12.9429702759,80.2367630005,67616,67626,10
12.9423999786,80.2364578247,67626,67636,10
12.941619873,80.2362365723,67636,67646,10
12.9407300949,80.2360229492,67646,67656,10
12.9398698807,80.235786438,67656,67676,20
12.9398698807,80.235786438,67676,67686,10
12.9396295547,80.2357025146,67686,67696,10
12.9391002655,80.2354278564,67696,67707,11
12.9383802414,80.2350616455,67707,67717,10
12.937620163,80.2346878052,67717,67727,10
12.9367704391,80.2342910767,67727,67737,10
12.9359998703,80.2339096069,67737,67747,10
12.9353704453,80.2336425781,67747,67757,10
12.9346103668,80.2333068848,67757,67767,10
12.9338998795,80.2329864502,67767,67787,20
12.9338998795,80.2329864502,67787,67797,10
12.9336099625,80.2327880859,67797,67807,10
12.9329996109,80.2325363159,67807,67817,10
12.932220459,80.2322616577,67817,67828,11
12.9312601089,80.2319412231,67828,67838,10
12.9303398132,80.2316513062,67838,67848,10
12.9293804169,80.2314224243,67848,67858,10
12.9285001755,80.2312393188,67858,67868,10
12.9275503159,80.2311096191,67868,67878,10
12.9266004562,80.231010437,67878,67888,10
12.926199913,80.2309799194,67888,67898,10
12.9260902405,80.23097229,67898,67908,10
12.9259500504,80.2309494019,67908,67918,10
12.9254798889,80.2308731079,67918,67928,10
12.9248199463,80.2307815552,67928,67938,10
12.9240102768,80.2306900024,67938,67949,11
12.9229402542,80.2305603027,67949,67959,10
12.9218597412,80.2303771973,67959,67969,10
12.9207296371,80.2302398682,67969,67979,10
12.9196395874,80.2301177979,67979,67989,10
12.9191999435,80.2300720215,67989,67999,10
12.9191303253,80.2300720215,67999,68009,10
12.9187898636,80.2300186157,68009,68019,10
12.9181804657,80.229927063,68019,68029,10
12.9174900055,80.2298431396,68029,68039,10
12.9172096252,80.2298202515,68039,68048,9
12.9166603088,80.2297363281,68048,68059,11
12.9157304764,80.229598999,68059,68070,11
12.9147396088,80.2294464111,68070,68080,10
12.9139699936,80.229347229,68080,68090,10
12.9135704041,80.2292861938,68090,68110,20
12.9135704041,80.2292861938,68110,68120,10
12.9132699966,80.2292480469,68120,68130,10
12.9127597809,80.2291717529,68130,68140,10
12.9121198654,80.2290802002,68140,68150,10
12.9113101959,80.2289581299,68150,68160,10
12.9103603363,80.2288208008,68160,68170,10
12.9093399048,80.2286682129,68170,68181,11
12.9084100723,80.2285079956,68181,68191,10
12.9081201553,80.2284927368,68191,68211,20
12.9081201553,80.2284927368,68211,68221,10
12.908080101,80.228477478,68221,68231,10
12.9077196121,80.2284088135,68231,68241,10
12.9071302414,80.2283172607,68241,68251,10
12.9067602158,80.2283172607,68251,68261,10
12.9062795639,80.2282409668,68261,68271,10
12.9061498642,80.2282409668,68271,68281,10
12.9059095383,80.2282104492,68281,68291,10
12.90528965,80.2281799316,68291,68302,11
12.9043397903,80.2281036377,68302,68312,10
12.9036302567,80.2280731201,68312,68322,10
12.9032001495,80.2280197144,68322,68332,10
12.9027395248,80.2280273438,68332,68423,91
12.9027395248,80.2280273438,68423,68433,10
12.9026098251,80.2280578613,68433,68443,10
12.9023103714,80.2280426025,68443,68453,10
12.9019298553,80.2279891968,68453,68463,10
12.901550293,80.2279434204,68463,68473,10
12.9011802673,80.2279510498,68473,68483,10
12.9006500244,80.2278900146,68483,68493,10
12.9002895355,80.2278900146,68493,68503,10
12.9000997543,80.2278823853,68503,68513,10
12.8997602463,80.2278594971,68513,68523,10
12.899430275,80.2278518677,68523,68544,21
12.899430275,80.2278518677,68544,68554,10
12.8993501663,80.2278137207,68554,68564,10
12.899310112,80.2277984619,68564,68574,10
12.8989400864,80.2277832031,68574,68584,10
12.8983001709,80.2277297974,68584,68594,10
12.8975000381,80.2276916504,68594,68604,10
12.8965301514,80.2276382446,68604,68614,10
12.8954401016,80.2276000977,68614,68624,10
12.8943395615,80.2275619507,68624,68634,10
12.8933095932,80.2274932861,68634,68644,10
12.8929395676,80.2274398804,68644,68665,21
12.8929395676,80.2274398804,68665,68675,10
12.892660141,80.2274093628,68675,68685,10
12.8922796249,80.2273788452,68685,68695,10
12.8915996552,80.2273406982,68695,68705,10
12.8907003403,80.2273406982,68705,68715,10
12.8896303177,80.2273406982,68715,68725,10
12.8888597488,80.2273483276,68725,68735,10
12.8883600235,80.2273330688,68735,68745,10
12.8883495331,80.2273330688,68745,68755,10
12.8881101608,80.2273025513,68755,68764,9
12.8876104355,80.2272415161,68764,68776,12
12.8868398666,80.2271194458,68776,68786,10
12.8860197067,80.2269134521,68786,68796,10
12.8849802017,80.2267227173,68796,68816,20
12.8849802017,80.2267227173,68816,68826,10
12.8847703934,80.2266693115,68826,68836,10
12.8842000961,80.2266616821,68836,68846,10
12.883480072,80.2266616821,68846,68856,10
12.8827495575,80.2266693115,68856,68866,10
12.8818998337,80.2266693115,68866,68876,10
12.8809900284,80.2266921997,68876,68886,10
12.8800401688,80.2266998291,68886,68897,11
12.8789396286,80.2267227173,68897,68907,10
12.8780698776,80.2267837524,68907,68917,10
12.8771600723,80.2268600464,68917,68927,10
12.8767595291,80.2269210815,68927,68957,30
12.8764400482,80.2268676758,68957,68987,30
12.8764400482,80.2268676758,68987,68997,10
12.8763799667,80.226348877,68997,69028,31
12.8763799667,80.226348877,69028,69038,10
12.8764095306,80.2261505127,69038,69048,10
12.8764600754,80.2257385254,69048,69058,10
12.8765296936,80.2250213623,69058,69068,10
12.8766403198,80.2241516113,69068,69078,10
12.8768196106,80.2232971191,69078,69088,10
12.8770399094,80.222366333,69088,69098,10
12.8772201538,80.2216110229,69098,69108,10
12.8774003983,80.2208709717,69108,69117,9
12.8775997162,80.2200317383,69117,69128,11
12.8778400421,80.2189865112,69128,69139,11
12.8780298233,80.2181015015,69139,69149,10
12.8782196045,80.2171478271,69149,69159,10
12.8784198761,80.2161331177,69159,69169,10
12.8786401749,80.2151184082,69169,69179,10
12.8788099289,80.2142181396,69179,69189,10
12.8789796829,80.2133331299,69189,69199,10
12.8791399002,80.2124404907,69199,69209,10
12.8792800903,80.2117233276,69209,69219,10
12.8793802261,80.211151123,69219,69229,10
12.8789196014,80.2108764648,69229,69260,31
12.8789196014,80.2108764648,69260,69270,10
12.8786201477,80.2108230591,69270,69280,10
12.8781099319,80.2107315063,69280,69290,10
12.8775100708,80.210609436,69290,69300,10
12.8768901825,80.2105026245,69300,69310,10
12.8762798309,80.2103805542,69310,69320,10
12.8757400513,80.2102813721,69320,69330,10
12.8751296997,80.2101821899,69330,69340,10
12.8744297028,80.2100524902,69340,69371,31
12.8744297028,80.2100524902,69371,69381,10
12.8744001389,80.2100372314,69381,69391,10
12.8743400574,80.2098693848,69391,69401,10
12.8747196198,80.2095718384,69401,69411,10
12.874710083,80.2097625732,69411,69500,89
12.8746299744,80.2097320557,69500,69832,332
12.8746299744,80.2097320557,69832,69842,10
12.8746700287,80.2099075317,69842,69852,10
12.8746700287,80.2100067139,69852,69870,18
12.8747797012,80.2100982666,69870,69881,11
12.8750896454,80.2101516724,69881,69891,10
12.8754301071,80.2102203369,69891,69901,10
12.8758201599,80.2102890015,69901,69911,10
12.8762102127,80.210357666,69911,69921,10
12.8766298294,80.2104415894,69921,69931,10
12.8770599365,80.2105178833,69931,69941,10
12.8774795532,80.2106018066,69941,69951,10
12.8778800964,80.2106781006,69951,69961,10
12.8783502579,80.2107772827,69961,69972,11
12.8788204193,80.2108688354,69972,69982,10
12.8789901733,80.210899353,69982,69992,10
12.8792695999,80.2109603882,69992,70002,10
12.8792800903,80.2109603882,70002,70012,10
12.8794298172,80.2110595703,70012,70022,10
12.8794002533,80.2114181519,70022,70032,10
12.8792695999,80.2120285034,70032,70042,10
12.8791303635,80.2127380371,70042,70052,10
12.8789901733,80.2134780884,70052,70062,10
12.8788795471,80.2141113281,70062,70072,10
12.8787403107,80.2148132324,70072,70082,10
12.878569603,80.2156219482,70082,70093,11
12.8784103394,80.2163772583,70093,70103,10
12.878279686,80.2170410156,70103,70113,10
12.8781204224,80.2178192139,70113,70123,10
12.8780002594,80.2184524536,70123,70133,10
12.877869606,80.2190322876,70133,70143,10
12.8776798248,80.2198486328,70143,70153,10
12.8774700165,80.2207565308,70153,70163,10
12.8772497177,80.2217025757,70163,70173,10
12.8770303726,80.2226715088,70173,70183,10
12.8767900467,80.2237167358,70183,70193,10
12.876660347,80.2246398926,70193,70204,11
12.8765602112,80.2254867554,70204,70214,10
12.876449585,80.2261428833,70214,70224,10
12.8764200211,80.2267379761,70224,70294,70
12.8764200211,80.2267379761,70294,70304,10
12.8766403198,80.2268218994,70304,70314,10
12.8770599365,80.2267837524,70314,70325,11
12.8779201508,80.2267227173,70325,70335,10
12.8789196014,80.2266464233,70335,70345,10
12.8800201416,80.2266311646,70345,70355,10
12.8811302185,80.2266235352,70355,70365,10
12.8823099136,80.2266082764,70365,70375,10
12.8834600449,80.226600647,70375,70385,10
12.884519577,80.2265777588,70385,70395,10
12.8849897385,80.2265777588,70395,70405,10
12.8850803375,80.2265930176,70405,70415,10
12.8852500916,80.2266082764,70415,70425,10
12.8856601715,80.2266921997,70425,70435,10
12.8862895966,80.226852417,70435,70446,11
12.887049675,80.2270431519,70446,70456,10
12.8878498077,80.2271575928,70456,70466,10
12.8887796402,80.2272262573,70466,70476,10
12.889840126,80.2272262573,70476,70486,10
12.8909397125,80.2272415161,70486,70496,10
12.8918399811,80.2272186279,70496,70556,60
12.8918399811,80.2272186279,70556,70567,11
12.8920497894,80.2272567749,70567,70577,10
12.8924503326,80.2272872925,70577,70587,10
12.8931503296,80.2273712158,70587,70597,10
12.8939304352,80.2274627686,70597,70607,10
12.894109726,80.2274703979,70607,70617,10
12.8941898346,80.2274703979,70617,70627,10
12.8946895599,80.2275009155,70627,70637,10
12.8954801559,80.2275390625,70637,70647,10
12.8961896896,80.2275390625,70647,70657,10
12.8966398239,80.2275695801,70657,70667,10
12.8971700668,80.2275924683,70667,70678,11
12.8976802826,80.2276229858,70678,70688,10
12.8981800079,80.2276382446,70688,70698,10
12.8986501694,80.2276687622,70698,70708,10
12.8990697861,80.2277069092,70708,70718,10
12.8995199203,80.2277374268,70718,70728,10
12.8999795914,80.2277374268,70728,70738,10
12.9002399445,80.2277526855,70738,70909,171
12.9002399445,80.2277526855,70909,70920,11
12.9003601074,80.2277908325,70920,70930,10
12.9007301331,80.2278213501,70930,70940,10
12.9012098312,80.2278823853,70940,70950,10
12.9017696381,80.2279205322,70950,70960,10
12.9027204514,80.2279663086,70960,70990,30
12.9027204514,80.2279663086,70990,71000,10
12.9027996063,80.228012085,71000,71010,10
12.9033203125,80.2279968262,71010,71030,20
12.9033203125,80.2279968262,71030,71041,11
12.9034099579,80.2279968262,71041,71051,10
12.9036197662,80.2280197144,71051,71061,10
12.9039201736,80.2280426025,71061,71071,10
12.9043903351,80.2280502319,71071,71081,10
12.9046897888,80.2280502319,71081,71162,81
12.9046897888,80.2280502319,71162,71172,10
12.9051799774,80.2281112671,71172,71182,10
12.9055500031,80.2281265259,71182,71192,10
12.9056100845,80.2281417847,71192,71202,10
12.90583992,80.2281494141,71202,71212,10
12.9061002731,80.2281799316,71212,71222,10
12.9064998627,80.2282028198,71222,71232,10
12.9071598053,80.2282333374,71232,71262,30
12.9071598053,80.2282333374,71262,71272,10
12.9074497223,80.2282485962,71272,71283,11
12.9080600739,80.2283706665,71283,71293,10
12.9087600708,80.2285079956,71293,71303,10
12.9096498489,80.2286529541,71303,71313,10
12.9106502533,80.2287979126,71313,71323,10
12.9117002487,80.2289428711,71323,71333,10
12.9125995636,80.229057312,71333,71343,10
12.9131298065,80.229133606,71343,71353,10
12.9132795334,80.2291412354,71353,71363,10
12.9136400223,80.2291717529,71363,71373,10
12.9137201309,80.2291793823,71373,71383,10
12.9137601852,80.2291793823,71383,71394,11
12.9140100479,80.2292327881,71394,71404,10
12.9144897461,80.2292709351,71404,71414,10
12.9152402878,80.2293777466,71414,71424,10
12.9161396027,80.2295227051,71424,71434,10
12.9170198441,80.229637146,71434,71444,10
12.9177303314,80.2297363281,71444,71454,10
12.9185495377,80.2298583984,71454,71464,10
12.9193601608,80.2299499512,71464,71474,10
12.919549942,80.2299575806,71474,71484,10
12.9196901321,80.2299804688,71484,71494,10
12.9201602936,80.2300567627,71494,71503,9
12.9208097458,80.230140686,71503,71515,12
12.9218502045,80.2302780151,71515,71525,10
12.9228801727,80.2304534912,71525,71535,10
12.9239902496,80.2305984497,71535,71545,10
12.9251098633,80.2307662964,71545,71555,10
12.9264497757,80.2309036255,71555,71575,20
12.9264497757,80.2309036255,71575,71585,10
12.9266300201,80.2309188843,71585,71595,10
12.9271202087,80.2309875488,71595,71605,10
12.9278402328,80.2310714722,71605,71615,10
12.9285697937,80.2311706543,71615,71625,10
12.9292201996,80.231300354,71625,71636,11
12.9300203323,80.2314682007,71636,71646,10
12.9308300018,80.2316970825,71646,71656,10
12.9316396713,80.2319717407,71656,71666,10
12.9324798584,80.2322387695,71666,71676,10
12.9332799911,80.2325286865,71676,71686,10
12.9334001541,80.2325897217,71686,71696,10
12.9334402084,80.2326126099,71696,71706,10
12.9336795807,80.2327194214,71706,71716,10
12.9339399338,80.2328414917,71716,71726,10
12.9344902039,80.2331008911,71726,71736,10
12.9351902008,80.2334136963,71736,71746,10
12.9356403351,80.2335968018,71746,71757,11
12.9356603622,80.2336120605,71757,71767,10
12.9358301163,80.2337036133,71767,71777,10
12.9363002777,80.2339477539,71777,71787,10
12.9370002747,80.2342987061,71787,71797,10
12.9378404617,80.2346878052,71797,71807,10
12.9387798309,80.2351608276,71807,71817,10
12.9395704269,80.2355575562,71817,71827,10
12.9397697449,80.2356185913,71827,71837,10
12.9398097992,80.2356414795,71837,71847,10
12.9401798248,80.2357788086,71847,71857,10
12.9408502579,80.2359771729,71857,71867,10
12.9416799545,80.2361831665,71867,71878,11
12.9426898956,80.2365036011,71878,71888,10
12.9434499741,80.2370605469,71888,71898,10
12.9437198639,80.2373733521,71898,71908,10
12.9438199997,80.2375335693,71908,71918,10
12.9441995621,80.237953186,71918,71928,10
12.9447202682,80.2385177612,71928,71938,10
12.9453697205,80.239112854,71938,71948,10
12.9461097717,80.2394638062,71948,71958,10
12.9468297958,80.2397537231,71958,71968,10
12.9470796585,80.2398605347,71968,71978,10
12.9471101761,80.2398605347,71978,71989,11
12.9475002289,80.2400436401,71989,71999,10
12.9478397369,80.2402191162,71999,72009,10
12.9480800629,80.2403182983,72009,72019,10
12.9485397339,80.2405014038,72019,72029,10
12.949139595,80.2407226563,72029,72039,10
12.9499197006,80.2409667969,72039,72049,10
12.9506196976,80.2411804199,72049,72059,10
12.950969696,80.2412796021,72059,72079,20
12.950969696,80.2412796021,72079,72089,10
12.9511203766,80.2413330078,72089,72099,10
12.9513597488,80.2414321899,72099,72110,11
12.9518499374,80.2416229248,72110,72120,10
12.9525003433,80.241859436,72120,72130,10
12.953209877,80.2421188354,72130,72140,10
12.9536600113,80.2422866821,72140,72150,10
12.9536600113,80.2422866821,72150,72160,10
12.9540395737,80.24243927,72160,72169,9
12.9545297623,80.2426376343,72169,72180,11
12.9552497864,80.2429199219,72180,72190,10
12.9558401108,80.2431335449,72190,72200,10
12.9560403824,80.2432022095,72200,72220,20
12.9560403824,80.2432022095,72220,72231,11
12.9562301636,80.2432937622,72231,72241,10
12.9563598633,80.2433166504,72241,72251,10
12.9564504623,80.2433166504,72251,72261,10
12.9569196701,80.2435379028,72261,72271,10
12.9576501846,80.2438964844,72271,72281,10
12.9584703445,80.2442398071,72281,72291,10
12.9590196609,80.2444610596,72291,72301,10
12.9590597153,80.2444915771,72301,72311,10
12.9593896866,80.2446594238,72311,72321,10
12.9600095749,80.2449493408,72321,72331,10
12.9607496262,80.2452774048,72331,72341,10
12.9616804123,80.2457427979,72341,72352,11
12.9626903534,80.2462463379,72352,72362,10
12.9632997513,80.2465591431,72362,72412,50
12.9632997513,80.2465591431,72412,72422,10
12.9633703232,80.2465209961,72422,72432,10
12.9637098312,80.2466888428,72432,72442,10
12.9643001556,80.2469329834,72442,72452,10
12.9650802612,80.2472229004,72452,72463,11
12.9661197662,80.2475891113,72463,72473,10
12.9667100906,80.247833252,72473,72483,10
12.9667301178,80.2478408813,72483,72493,10
12.9668798447,80.2479324341,72493,72503,10
12.9673099518,80.2481689453,72503,72513,10
12.968079567,80.2485198975,72513,72523,10
12.9689998627,80.2489013672,72523,72533,10
12.9700098038,80.2492980957,72533,72543,10
12.9710798264,80.2496566772,72543,72553,10
12.9721803665,80.2499389648,72553,72563,10
12.9733104706,80.2502365112,72563,72573,10
12.9742898941,80.2504425049,72573,72584,11
12.9744596481,80.25050354,72584,72594,10
12.9748601913,80.2506408691,72594,72604,10
12.9755601883,80.2508621216,72604,72614,10
12.9764404297,80.251121521,72614,72624,10
12.9774103165,80.2515029907,72624,72634,10
12.9782495499,80.2521972656,72634,72644,10
12.9791202545,80.2525634766,72644,72654,10
12.9796695709,80.2525100708,72654,72664,10
12.9799003601,80.2522735596,72664,72674,10
12.9799203873,80.252243042,72674,72684,10
12.9799404144,80.2520599365,72684,72693,9
12.9800300598,80.2517166138,72693,72705,12
12.9802703857,80.2509918213,72705,72715,10
12.9805002213,80.2501983643,72715,72725,10
12.9806604385,80.2492980957,72725,72735,10
12.9807195663,80.2483901978,72735,72745,10
12.9807901382,80.2475128174,72745,72755,10
12.9808301926,80.2466964722,72755,72765,10
12.9808397293,80.2462615967,72765,72836,71
12.9809398651,80.2458877563,72836,72926,90
12.9809503555,80.2454833984,72926,73007,81
12.9809503555,80.2454833984,73007,73017,10
12.981010437,80.2450866699,73017,73088,71
12.9810495377,80.2447509766,73088,73118,30
12.9810495377,80.2447509766,73118,73128,10
12.981089592,80.2444381714,73128,73300,172
12.981089592,80.2444381714,73300,73310,10
12.9811496735,80.2440490723,73310,73390,80
12.9811496735,80.2440490723,73390,73400,10
12.9811601639,80.2438201904,73400,73410,10
12.9812898636,80.2435913086,73410,73421,11
12.9813098907,80.2430877686,73421,73441,20
12.9813098907,80.2430877686,73441,73451,10
12.9813404083,80.2427368164,73451,73461,10
12.9813499451,80.2425613403,73461,73471,10
12.9813404083,80.2422790527,73471,73481,10
12.9813299179,80.2418823242,73481,73491,10
12.9813299179,80.2414016724,73491,73501,10
12.9813299179,80.2413406372,73501,73511,10
12.9813299179,80.2412185669,73511,73520,9
12.9813299179,80.2409286499,73520,73532,12
12.9813203812,80.2406921387,73532,73542,10
12.9813203812,80.2404937744,73542,73552,10
12.9813203812,80.2403564453,73552,73562,10
12.9813098907,80.2401733398,73562,73572,10
12.981300354,80.2398986816,73572,73582,10
12.9813098907,80.2398071289,73582,73592,10
12.981300354,80.2395782471,73592,73602,10
12.9812803268,80.2391815186,73602,73612,10
12.9812602997,80.2384719849,73612,73622,10
12.9812498093,80.2379608154,73622,73632,10
12.9812402725,80.2377929688,73632,73642,10
12.9812202454,80.2372970581,73642,73653,11
12.9812202454,80.2364501953,73653,73663,10
12.9812002182,80.2358779907,73663,73673,10
12.9811897278,80.2357711792,73673,73683,10
12.9811897278,80.2355270386,73683,73693,10
12.981180191,80.2354431152,73693,73703,10
12.981180191,80.2352294922,73703,73743,40
12.981180191,80.2352294922,73743,73753,10
12.9811601639,80.2349014282,73753,73784,31
12.9811601639,80.2349014282,73784,73794,10
12.9811601639,80.2344665527,73794,73804,10
12.9812297821,80.2341308594,73804,73814,10
12.9812898636,80.2339935303,73814,73824,10
12.9814100266,80.2337417603,73824,73834,10
12.9815397263,80.2334976196,73834,73844,10
12.9816398621,80.2332382202,73844,73854,10
12.9816799164,80.2331771851,73854,73864,10
12.9818000793,80.232963562,73864,73874,10
12.981880188,80.2327270508,73874,73884,10
12.9819602966,80.2324981689,73884,73895,11
12.9819498062,80.2321014404,73895,73905,10
12.9819402695,80.2316436768,73905,73915,10
12.9818296432,80.2311172485,73915,73925,10
12.9816598892,80.23072052,73925,73935,10
12.9813899994,80.2302627563,73935,73945,10
12.9813299179,80.2301712036,73945,73955,10
12.9812097549,80.2299499512,73955,73965,10
12.9810800552,80.2297363281,73965,73975,10
12.9809598923,80.2295303345,73975,73985,10
12.9808797836,80.229347229,73985,73995,10
12.9807395935,80.2291564941,73995,74005,10
12.9807395935,80.2291488647,74005,74016,11
12.9806203842,80.2289733887,74016,74026,10
12.9803600311,80.2285614014,74026,74036,10
12.9801702499,80.2281570435,74036,74046,10
12.9797897339,80.2274932861,74046,74056,10
12.9793395996,80.2267379761,74056,74066,10
12.978969574,80.2261199951,74066,74076,10
12.9785995483,80.2255020142,74076,74086,10
12.9785404205,80.2253875732,74086,74096,10
12.9783802032,80.2251205444,74096,74106,10
12.9782600403,80.224937439,74106,74116,10
12.9781198502,80.2247009277,74116,74137,21
12.9781198502,80.2247009277,74137,74147,10
12.9780597687,80.2245407104,74147,74157,10
12.9777803421,80.2241897583,74157,74167,10
12.977399826,80.2235412598,74167,74177,10
12.9770402908,80.2228088379,74177,74207,30
12.9770402908,80.2228088379,74207,74217,10
12.9772796631,80.2226486206,74217,74227,10
12.9773197174,80.2226486206,74227,74237,10
12.9775104523,80.2225494385,74237,74248,11
12.9775104523,80.2223129272,74248,74258,10
12.9774999619,80.2220230103,74258,74268,10
12.9774904251,80.2217330933,74268,74278,10
12.9774904251,80.2215270996,74278,74288,10
12.9774904251,80.2213821411,74288,74298,10
12.9774999619,80.2212295532,74298,74308,10
12.9777202606,80.2211914063,74308,74318,10
12.978219986,80.2211303711,74318,74328,10
12.9788503647,80.2210769653,74328,74338,10
12.9795999527,80.2210388184,74338,74348,10
12.9803695679,80.220993042,74348,74358,10
12.9811000824,80.2210235596,74358,74369,11
12.9814796448,80.2211990356,74369,74379,10
12.9819002151,80.2214584351,74379,74389,10
12.9823503494,80.2216873169,74389,74399,10
12.9826698303,80.221786499,74399,74419,20
12.9826698303,80.221786499,74419,74429,10
12.9828596115,80.2218933105,74429,74439,10
12.9832601547,80.2220993042,74439,74449,10
12.9836597443,80.2223815918,74449,74459,10
12.9839897156,80.2225494385,74459,74469,10
12.9842996597,80.2227401733,74469,74479,10
12.9847402573,80.2230300903,74479,74490,11
12.9852199554,80.223197937,74490,74500,10
12.9855604172,80.2231369019,74500,74510,10
12.9859800339,80.2229537964,74510,74520,10
12.9863500595,80.2229309082,74520,74530,10
12.9866504669,80.2229385376,74530,74540,10
12.9869604111,80.2229766846,74540,74550,10
12.9871196747,80.2230072021,74550,74560,10
12.9875602722,80.2230529785,74560,74570,10
12.9881095886,80.2228164673,74570,74580,10
12.988530159,80.222442627,74580,74590,10
12.988940239,80.2220077515,74590,74600,10
12.989279747,80.2215576172,74600,74611,11
12.9898395538,80.2209320068,74611,74621,10
12.9904003143,80.2204208374,74621,74631,10
12.9907598495,80.2201385498,74631,74641,10
12.9910497665,80.2198562622,74641,74651,10
12.9913797379,80.2195587158,74651,74661,10
12.9914102554,80.2195281982,74661,74671,10
12.9916296005,80.2193908691,74671,74681,10
12.9921302795,80.2190475464,74681,74691,10
12.9928302765,80.2185287476,74691,74701,10
12.9937000275,80.217956543,74701,74732,31
12.9937000275,80.217956543,74732,74742,10
12.9940099716,80.2177810669,74742,74752,10
12.9942398071,80.2176132202,74752,74762,10
12.9943704605,80.2174911499,74762,74772,10
12.9945201874,80.2173690796,74772,74782,10
12.9948396683,80.2171096802,74782,74792,10
12.9951496124,80.2169189453,74792,74802,10
12.9954595566,80.2167663574,74802,74812,10
12.9960899353,80.2165374756,74812,74822,10
12.9968595505,80.2164611816,74822,74832,10
12.9971399307,80.2164230347,74832,74843,11
12.9976100922,80.216003418,74843,74863,20
12.9976100922,80.216003418,74863,74873,10
12.9979801178,80.2157211304,74873,74883,10
12.9984397888,80.2152862549,74883,74893,10
12.99903965,80.2147598267,74893,74903,10
12.9993495941,80.2145080566,74903,74913,10
12.9998397827,80.2141036987,74913,74923,10
13.0003099442,80.2136535645,74923,74933,10
13.00096035,80.2131118774,74933,74943,10
13.0014600754,80.2127380371,74943,74953,10
13.0018501282,80.2124710083,74953,74964,11
13.0024003983,80.2121582031,74964,74974,10
13.0028295517,80.2120513916,74974,74984,10
13.0033397675,80.2119979858,74984,74994,10
13.0037002563,80.2118988037,74994,75004,10
13.0037498474,80.2117614746,75004,75014,10
13.0037403107,80.2111663818,75014,75024,10
13.003660202,80.2104187012,75024,75034,10
13.0035800934,80.2096710205,75034,75044,10
13.0037097931,80.2089004517,75044,75054,10
13.0042695999,80.2086868286,75054,75064,10
13.0051898956,80.2091064453,75064,75074,10
13.0060100555,80.2094268799,75074,75085,11
13.0065803528,80.2096176147,75085,75095,10
13.0071201324,80.209777832,75095,75105,10
13.0077400208,80.2098617554,75105,75155,50
13.0077400208,80.2098617554,75155,75165,10
13.0079898834,80.2099304199,75165,75175,10
13.0081701279,80.2099685669,75175,75185,10
13.0082197189,80.209777832,75185,75196,11
13.0080795288,80.2091369629,75196,75206,10
13.0079498291,80.2082366943,75206,75216,10
13.0078001022,80.2072982788,75216,75226,10
13.0076799393,80.2064819336,75226,75236,10
13.0075902939,80.2056503296,75236,75246,10
13.0075798035,80.2048492432,75246,75256,10
13.0075798035,80.204208374,75256,75266,10
13.0075101852,80.2036972046,75266,75276,10
13.0073900223,80.2030029297,75276,75286,10
13.0069704056,80.202507019,75286,75296,10
13.0065803528,80.2029571533,75296,75306,10
13.0069799423,80.2034225464,75306,75317,11
13.0078496933,80.203666687,75317,75327,10
13.0084695816,80.203453064,75327,75337,10
13.0081701279,80.2027816772,75337,75347,10
13.007610321,80.2032928467,75347,75357,10
13.0076999664,80.2041931152,75357,75367,10
13.0076999664,80.2052307129,75367,75377,10
13.0078201294,80.2062606812,75377,75387,10
13.0079803467,80.207359314,75387,75397,10
13.0081195831,80.2084197998,75397,75407,10
13.0082702637,80.2093582153,75407,75417,10
13.0085201263,80.2100296021,75417,75426,9
13.0089101791,80.2104568481,75426,75780,354
13.0089101791,80.2104568481,75780,75791,11
13.0092000961,80.2107086182,75791,75861,70
13.0093803406,80.2109603882,75861,76234,373
13.0093803406,80.2109603882,76234,76244,10
13.0093297958,80.2112197876,76244,76285,41
13.0093297958,80.2112197876,76285,76295,10
13.0090503693,80.2115020752,76295,76305,10
13.0089998245,80.2116928101,76305,76315,10
13.0091199875,80.212097168,76315,76325,10
13.0093603134,80.2127532959,76325,76335,10
13.0096302032,80.2134628296,76335,76345,10
13.0099401474,80.2142181396,76345,76355,10
13.0101604462,80.2150115967,76355,76365,10
13.0102901459,80.2158203125,76365,76375,10
13.0106401443,80.2166290283,76375,76384,9
13.01101017,80.217376709,76384,76396,12
13.0114202499,80.2184906006,76396,76406,10
13.0117998123,80.2195510864,76406,76416,10
13.0121603012,80.2206573486,76416,76426,10
13.0123596191,80.2214126587,76426,76436,10
13.0125303268,80.2217788696,76436,76446,10
13.012960434,80.2223434448,76446,76456,10
13.0134401321,80.2228622437,76456,76466,10
13.0140104294,80.2235336304,76466,76476,10
13.0143899918,80.2239608765,76476,76486,10
13.0149002075,80.224571228,76486,76496,10
13.0152702332,80.2250289917,76496,76507,11
13.0154399872,80.2255172729,76507,76517,10
13.0151996613,80.2258987427,76517,76527,10
13.0146398544,80.2261276245,76527,76537,10
13.0139503479,80.2264022827,76537,76547,10
13.0131196976,80.2267532349,76547,76557,10
13.0122003555,80.2271499634,76557,76567,10
13.0112600327,80.2275390625,76567,76577,10
13.0102996826,80.2279205322,76577,76587,10
13.0094604492,80.2282791138,76587,76597,10
13.0091295242,80.2287979126,76597,76607,10
13.0089797974,80.229637146,76607,76617,10
13.008769989,80.2306594849,76617,76628,11
13.0085802078,80.2317581177,76628,76638,10
13.0083599091,80.2328033447,76638,76648,10
13.0081996918,80.2336807251,76648,76658,10
13.0081195831,80.2339477539,76658,76668,10
13.0080099106,80.2345199585,76668,76678,10
13.0078496933,80.2353134155,76678,76688,10
13.0076799393,80.2362365723,76688,76698,10
13.0074501038,80.2373733521,76698,76708,10
13.0072698593,80.2383880615,76708,76718,10
13.0070896149,80.2393417358,76718,76728,10
13.0069198608,80.2403869629,76728,76738,10
13.0068302155,80.2409591675,76738,76749,11
13.0067796707,80.2413101196,76749,76759,10
13.0067501068,80.2421417236,76759,76768,9
13.0067195892,80.2429962158,76768,76779,11
13.0066995621,80.2438201904,76779,76789,10
13.0066995621,80.2448806763,76789,76799,10
13.0067501068,80.2458496094,76799,76809,10
13.0067796707,80.2463531494,76809,76819,10
13.0067796707,80.2466278076,76819,76829,10
13.0067796707,80.2470169067,76829,76839,10
13.0067501068,80.2476272583,76839,76849,10
13.0067796707,80.2485580444,76849,76859,10
13.006819725,80.2496337891,76859,76870,11
13.0068502426,80.2508087158,76870,76880,10
13.0068101883,80.2516403198,76880,76890,10
13.006649971,80.2524337769,76890,76900,10
13.0066099167,80.2532424927,76900,76910,10
13.0066003799,80.2542114258,76910,76920,10
13.0066604614,80.255241394,76920,76930,10
13.006649971,80.2563705444,76930,76940,10
13.0066795349,80.2571334839,76940,76950,10
13.0066299438,80.2575912476,76950,76970,20
13.0066299438,80.2575912476,76970,76980,10
13.0062904358,80.25756073,76980,76991,11
13.0061502457,80.257522583,76991,77001,10
13.005900383,80.2574768066,77001,77011,10
13.0055198669,80.2574310303,77011,77021,10
13.0050497055,80.257270813,77021,77031,10
13.0045003891,80.2571563721,77031,77041,10
13.0039396286,80.2570419312,77041,77081,40
13.0039396286,80.2570419312,77081,77091,10
13.0037097931,80.2570114136,77091,77112,21
13.0037097931,80.2570114136,77112,77122,10
13.0034799576,80.256980896,77122,77132,10
13.0032396317,80.2569198608,77132,77142,10
13.0030097961,80.2568588257,77142,77152,10
13.002699852,80.2568130493,77152,77162,10
13.0023803711,80.2567367554,77162,77223,61
13.0023803711,80.2567367554,77223,77233,10
13.0022001266,80.2566986084,77233,77243,10
13.0020198822,80.2566680908,77243,77253,10
13.001709938,80.2566299438,77253,77263,10
13.0012102127,80.2565612793,77263,77273,10
13.0005502701,80.2564697266,77273,77283,10
13.0000896454,80.2564086914,77283,77293,10
12.9996404648,80.2563323975,77293,77303,10
12.9993400574,80.2562484741,77303,77313,10
12.9990196228,80.2561798096,77313,77323,10
12.9986896515,80.256111145,77323,77332,9
12.9985103607,80.2560806274,77332,77344,12
12.9982204437,80.2560195923,77344,77354,10
12.9979095459,80.2560119629,77354,77364,10
12.997759819,80.2560272217,77364,77374,10
12.9977197647,80.2562103271,77374,77384,10
12.9977798462,80.2566375732,77384,77394,10
12.9977397919,80.2569580078,77394,77646,252
12.9977397919,80.2569580078,77646,77656,10
12.9976797104,80.2570419312,77656,77666,10
12.9973802567,80.2570037842,77666,77686,20
12.9972000122,80.2571105957,77686,78060,374
12.9968700409,80.2570724487,78060,79128,1068
12.9969797134,80.2569885254,79128,81095,1967
12.9968700409,80.2569274902,81095,82325,1230
12.9972295761,80.2570266724,82325,82779,454
