12.9982700348,80.2564315796,11,2352,2341
12.9981203079,80.2566223145,2352,2746,394
12.9983701706,80.2566070557,2746,23478,20732
12.9983701706,80.2566070557,23478,23488,10
12.9982595444,80.2567214966,23488,23498,10
12.9981899261,80.2570495605,23498,23508,10
12.9980297089,80.2570800781,23508,23518,10
12.9979295731,80.2569885254,23518,23528,10
12.9979696274,80.2563705444,23528,23548,20
12.9979696274,80.2563705444,23548,23558,10
12.9977397919,80.2561416626,23558,23629,71
12.9977397919,80.2561416626,23629,23639,10
12.9974803925,80.2559127808,23639,23649,10
12.9970502853,80.2558898926,23649,23680,31
12.9970502853,80.2558898926,23680,23690,10
12.996919632,80.255859375,23690,23700,10
12.9965295792,80.2558517456,23700,23710,10
12.9959001541,80.2558364868,23710,23720,10
12.995300293,80.255859375,23720,23730,10
12.99477005,80.255859375,23730,23740,10
12.9940795898,80.2559509277,23740,23750,10
12.993350029,80.2559814453,23750,23760,10
12.9924402237,80.2560272217,23760,23770,10
12.9915399551,80.2560119629,23770,23780,10
12.9907102585,80.2559814453,23780,23791,11
12.9898996353,80.2559814453,23791,23801,10
12.9891901016,80.2559280396,23801,23811,10
12.9884500504,80.2558517456,23811,23821,10
12.9878101349,80.2557830811,23821,23831,10
12.987660408,80.2557525635,23831,23847,16
12.9869403839,80.2556304932,23847,23859,12
12.9861497879,80.2555084229,23859,23879,20
12.9860601425,80.2554931641,23879,23940,61
12.9860601425,80.2554931641,23940,23950,10
12.9858198166,80.2553863525,23950,23960,10
12.9851999283,80.2552566528,23960,23970,10
12.9843997955,80.2550506592,23970,23980,10
12.983499527,80.2548217773,23980,23990,10
12.982629776,80.2545776367,23990,24000,10
12.9821100235,80.2542800903,24000,24011,11
12.9819002151,80.2537231445,24011,24021,10
12.9817399979,80.253036499,24021,24031,10
12.9812202454,80.2527694702,24031,24041,10
12.9805898666,80.2527618408,24041,24051,10
12.9799203873,80.2527236938,24051,24061,10
12.9791097641,80.2526168823,24061,24071,10
12.9786701202,80.252571106,24071,24081,10
12.9783601761,80.2524032593,24081,24091,10
12.9778499603,80.251953125,24091,24101,10
12.9770298004,80.2513809204,24101,24111,10
12.9758996964,80.2510223389,24111,24122,11
12.974820137,80.2507171631,24122,24132,10
12.9737596512,80.2504196167,24132,24142,10
12.9726600647,80.2501220703,24142,24152,10
12.9715204239,80.2498092651,24152,24162,10
12.9702997208,80.2494506836,24162,24172,10
12.9691095352,80.2489776611,24172,24182,10
12.968000412,80.248550415,24182,24192,10
12.9669904709,80.2481231689,24192,24202,10
12.9660596848,80.2476806641,24202,24212,10
12.9651002884,80.2473602295,24212,24222,10
12.9649600983,80.2473068237,24222,24233,11
12.9644298553,80.2471008301,24233,24243,10
12.9636602402,80.2468109131,24243,24253,10
12.9634504318,80.2467193604,24253,24263,10
12.963060379,80.2465286255,24263,24273,10
12.9623403549,80.2461700439,24273,24283,10
12.961520195,80.2457733154,24283,24293,10
12.9607000351,80.2453765869,24293,24303,10
12.9599895477,80.2450637817,24303,24313,10
12.9593601227,80.2447891235,24313,24323,10
12.9591798782,80.2446899414,24323,24333,10
12.9586000443,80.2444229126,24333,24343,10
12.9579801559,80.2441635132,24343,24354,11
12.957449913,80.2439575195,24354,24364,10
12.9566802979,80.2436828613,24364,24374,10
12.9563503265,80.2435684204,24374,24384,10
12.9559402466,80.2434005737,24384,24394,10
12.9552602768,80.2430801392,24394,24404,10
12.9545001984,80.2427520752,24404,24414,10
12.9537000656,80.2424163818,24414,24424,10
12.9528303146,80.2420501709,24424,24433,9
12.9519901276,80.2417526245,24433,24444,11
12.9516601563,80.2416381836,24444,24455,11
12.9514198303,80.2415390015,24455,24465,10
12.9507398605,80.241317749,24465,24475,10
12.9498596191,80.2410507202,24475,24485,10
12.9489297867,80.2407302856,24485,24495,10
12.9479598999,80.2403335571,24495,24505,10
12.9471797943,80.2400283813,24505,24515,10
12.9470996857,80.2399902344,24515,24525,10
12.9466400146,80.2397994995,24525,24535,10
12.9458503723,80.2394638062,24535,24545,10
12.9449596405,80.2388305664,24545,24555,10
12.9440603256,80.2378768921,24555,24565,10
12.9432201385,80.2369918823,24565,24576,11
12.9419698715,80.2363586426,24576,24586,10
12.9406204224,80.2360229492,24586,24596,10
12.9397001266,80.2357406616,24596,24606,10
12.9396800995,80.235710144,24606,24616,10
12.9392595291,80.2355117798,24616,24626,10
12.9385004044,80.2351226807,24626,24636,10
12.9374799728,80.23462677,24636,24646,10
12.9363498688,80.2340774536,24646,24656,10
12.935379982,80.2336196899,24656,24666,10
12.9338903427,80.232963562,24666,24687,21
12.9338903427,80.232963562,24687,24697,10
12.9334697723,80.2327804565,24697,24707,10
12.9327402115,80.232460022,24707,24717,10
12.9317998886,80.2321395874,24717,24727,10
12.9307403564,80.2317810059,24727,24737,10
12.9296798706,80.2314834595,24737,24747,10
12.9286003113,80.2312698364,24747,24757,10
12.927359581,80.2311019897,24757,24767,10
12.9263601303,80.2309799194,24767,24777,10
12.9261598587,80.23097229,24777,24787,10
12.9259996414,80.2309570313,24787,24798,11
12.925330162,80.2308578491,24798,24814,16
12.9238700867,80.2306900024,24814,24826,12
12.9223899841,80.2304763794,24826,24836,10
12.9213199615,80.2303237915,24836,24845,9
12.9199895859,80.2301635742,24845,24856,11
12.9190101624,80.2300415039,24856,24866,10
12.9189300537,80.2300186157,24866,24876,10
12.9183597565,80.229927063,24876,24886,10
12.9174604416,80.2298126221,24886,24896,10
12.9163799286,80.2296524048,24896,24907,11
12.9150400162,80.2294616699,24907,24917,10
12.9140901566,80.2293319702,24917,24927,10
12.9132995605,80.2292480469,24927,24947,20
12.9132995605,80.2292480469,24947,24957,10
12.9130496979,80.2291564941,24957,24967,10
12.9123897552,80.229057312,24967,24977,10
12.911450386,80.2289428711,24977,24987,10
12.9102602005,80.2287826538,24987,24997,10
12.9089403152,80.2285614014,24997,25007,10
12.9076404572,80.2283630371,25007,25018,11
12.9065999985,80.2282485962,25018,25028,10
12.906419754,80.2282409668,25028,25038,10
12.9061498642,80.2282104492,25038,25048,10
12.9054803848,80.2281723022,25048,25058,10
12.9045000076,80.2281112671,25058,25068,10
12.9033403397,80.2280502319,25068,25078,10
12.9021997452,80.2279968262,25078,25088,10
12.9014997482,80.2279663086,25088,25098,10
12.9013004303,80.2279586792,25098,25108,10
12.9011802673,80.2279510498,25108,25118,10
12.9007396698,80.2279205322,25118,25129,11
12.9000797272,80.2278823853,25129,25139,10
12.8993797302,80.2278594971,25139,25169,30
12.8993797302,80.2278594971,25169,25179,10
12.8992204666,80.2278594971,25179,25189,10
12.8987197876,80.2278137207,25189,25199,10
12.8979196548,80.2277526855,25199,25209,10
12.8968601227,80.2276916504,25209,25219,10
12.8956604004,80.2276306152,25219,25229,10
12.8943996429,80.2275772095,25229,25240,11
12.8930797577,80.2274627686,25240,25250,10
12.8920402527,80.2273712158,25250,25260,10
12.8908500671,80.2273712158,25260,25270,10
12.8897800446,80.2273788452,25270,25280,10
12.8887701035,80.2274017334,25280,25290,10
12.8883304596,80.2273864746,25290,25300,10
12.8881502151,80.2273788452,25300,25310,10
12.8875598907,80.2273025513,25310,25320,10
12.8867101669,80.227142334,25320,25330,10
12.885720253,80.2268829346,25330,25340,10
12.8849401474,80.2267608643,25340,25351,11
12.8847198486,80.2267379761,25351,25361,10
12.8840799332,80.2267379761,25361,25371,10
12.8832197189,80.2267379761,25371,25381,10
12.8821897507,80.2267608643,25381,25391,10
12.8810596466,80.2267608643,25391,25401,10
12.8800001144,80.2267608643,25401,25411,10
12.8789100647,80.2267990112,25411,25421,10
12.8778400421,80.2268829346,25421,25431,10
12.8768997192,80.2269668579,25431,25441,10
12.8764200211,80.2266235352,25441,25462,21
12.8764200211,80.2266235352,25462,25472,10
12.876449585,80.2263183594,25472,25482,10
12.8765497208,80.2256088257,25482,25492,10
12.8766498566,80.2245864868,25492,25502,10
12.8768796921,80.2233963013,25502,25512,10
12.8771896362,80.2220687866,25512,25522,10
12.8774995804,80.2207565308,25522,25532,10
12.8777399063,80.2197113037,25532,25542,10
12.8779602051,80.218788147,25542,25552,10
12.8781604767,80.2177886963,25552,25562,10
12.8783502579,80.2168197632,25562,25573,11
12.8785600662,80.2157897949,25573,25583,10
12.878780365,80.21484375,25583,25593,10
12.8789796829,80.2138214111,25593,25603,10
12.8791704178,80.2127685547,25603,25613,10
12.8793802261,80.2117233276,25613,25623,10
12.8793497086,80.2109985352,25623,25633,10
12.8791103363,80.2109680176,25633,25643,10
12.8790903091,80.2109909058,25643,25653,10
12.8788099289,80.2109222412,25653,25662,9
12.8783502579,80.2108306885,25662,25672,10
12.8777599335,80.2107162476,25672,25684,12
12.8770103455,80.2105636597,25684,25694,10
12.8763399124,80.2104263306,25694,25704,10
12.8755903244,80.2102966309,25704,25714,10
12.8744697571,80.2100830078,25714,25734,20
12.8744697571,80.2100830078,25734,25744,10
12.8744001389,80.2099304199,25744,25754,10
12.8745203018,80.2095489502,25754,25764,10
12.8746700287,80.209777832,25764,27309,1545
12.8746700287,80.209777832,27309,27319,10
12.8747196198,80.2099380493,27319,27329,10
12.874710083,80.2101211548,27329,27339,10
12.8749599457,80.2101974487,27339,27349,10
12.87541008,80.2102813721,27349,27360,11
12.8760995865,80.2104110718,27360,27370,10
12.8767700195,80.2105178833,27370,27380,10
12.8772802353,80.2106323242,27380,27390,10
12.8779602051,80.2107696533,27390,27400,10
12.8787498474,80.2109069824,27400,27410,10
12.8792600632,80.2110214233,27410,27430,20
12.8792600632,80.2110214233,27430,27440,10
12.879360199,80.2110519409,27440,27450,10
12.8795099258,80.2113189697,27450,27460,10
12.8793897629,80.2118835449,27460,27471,11
12.8792295456,80.2127075195,27471,27481,10
12.8790597916,80.2136001587,27481,27491,10
12.8788795471,80.2145385742,27491,27501,10
12.878660202,80.2155838013,27501,27511,10
12.8784198761,80.2166595459,27511,27521,10
12.8782100677,80.2177200317,27521,27531,10
12.877989769,80.2187805176,27531,27541,10
12.8777799606,80.2197799683,27541,27551,10
12.8776197433,80.2204971313,27551,27561,10
12.8774700165,80.2211380005,27561,27571,10
12.8773202896,80.2217788696,27571,27582,11
12.8771600723,80.2224884033,27582,27592,10
12.8770103455,80.2231216431,27592,27602,10
12.8768796921,80.223739624,27602,27612,10
12.8767595291,80.2243728638,27612,27622,10
12.8766803741,80.2250366211,27622,27632,10
12.8766002655,80.2257995605,27632,27642,10
12.8764801025,80.2268600464,27642,27682,40
12.8764801025,80.2268600464,27682,27693,11
12.876660347,80.2269134521,27693,27703,10
12.8771400452,80.2268600464,27703,27713,10
12.8779201508,80.2267837524,27713,27723,10
12.8788700104,80.2267074585,27723,27733,10
12.8800296783,80.2266693115,27733,27743,10
12.8812999725,80.2266616821,27743,27753,10
12.8826198578,80.2266693115,27753,27763,10
12.883939743,80.2266464233,27763,27773,10
12.8850498199,80.2266311646,27773,27783,10
12.8852996826,80.2266387939,27783,27793,10
12.8853998184,80.2266616821,27793,27803,10
12.885890007,80.2267990112,27803,27814,11
12.8867397308,80.2270278931,27814,27824,10
12.8876800537,80.2272033691,27824,27834,10
12.8885402679,80.2272720337,27834,27844,10
12.8886499405,80.2272720337,27844,27854,10
12.8888902664,80.2272720337,27854,27864,10
12.8894901276,80.2272720337,27864,27874,10
12.8903398514,80.2272720337,27874,27884,10
12.8913297653,80.2272720337,27884,27894,10
12.8923797607,80.2273025513,27894,27904,10
12.8933897018,80.2274169922,27904,27915,11
12.894200325,80.2275085449,27915,27935,20
12.894200325,80.2275085449,27935,27945,10
12.8945598602,80.2275390625,27945,27955,10
12.8952302933,80.2275772095,27955,27965,10
12.8961296082,80.2276229858,27965,27975,10
12.8971395493,80.2276611328,27975,27985,10
12.8982696533,80.2277526855,27985,27995,10
12.8994102478,80.2278137207,27995,28005,10
12.9003000259,80.2278213501,28005,28086,81
12.9003000259,80.2278213501,28086,28096,10
12.9003601074,80.2278213501,28096,28106,10
12.900639534,80.2278213501,28106,28116,10
12.9006700516,80.2278213501,28116,28126,10
12.9008102417,80.2278366089,28126,28137,11
12.9012203217,80.2279205322,28137,28147,10
12.9017601013,80.2279281616,28147,28157,10
12.902469635,80.2279663086,28157,28167,10
12.9030599594,80.2279586792,28167,28187,20
12.9030599594,80.2279586792,28187,28197,10
12.903380394,80.2279815674,28197,28207,10
12.9039897919,80.2280502319,28207,28215,8
12.9046001434,80.2280883789,28215,28227,12
12.9055404663,80.2281265259,28227,28237,10
12.9060001373,80.2281417847,28237,28268,31
12.9060001373,80.2281417847,28268,28278,10
12.9062099457,80.2281417847,28278,28288,10
12.9069900513,80.2282333374,28288,28308,20
12.9069900513,80.2282333374,28308,28318,10
12.9071798325,80.2282485962,28318,28328,10
12.9077396393,80.2283172607,28328,28338,10
12.908539772,80.2284469604,28338,28348,10
12.9095001221,80.2286224365,28348,28359,11
12.9107503891,80.2288208008,28359,28369,10
12.9118995667,80.2289886475,28369,28379,10
12.9130096436,80.2291412354,28379,28389,10
12.9140396118,80.2292633057,28389,28419,30
12.9140396118,80.2292633057,28419,28429,10
12.9141902924,80.2293014526,28429,28438,9
12.9146099091,80.2293701172,28438,28449,11
12.915430069,80.2294616699,28449,28459,10
12.9163503647,80.229598999,28459,28469,10
12.9173402786,80.2297363281,28469,28480,11
12.9186000824,80.2299118042,28480,28490,10
12.9194498062,80.2300033569,28490,28500,10
12.9194803238,80.2300033569,28500,28510,10
12.919500351,80.2299880981,28510,28520,10
12.919960022,80.2300491333,28520,28530,10
12.9206695557,80.2301483154,28530,28540,10
12.9215698242,80.2302703857,28540,28550,10
12.9225997925,80.2304534912,28550,28560,10
12.9238004684,80.2306289673,28560,28570,10
12.9250402451,80.230796814,28570,28580,10
12.926440239,80.2309188843,28580,28601,21
12.926440239,80.2309188843,28601,28611,10
12.9266395569,80.2309417725,28611,28621,10
12.9272098541,80.2310180664,28621,28631,10
12.9280395508,80.2311019897,28631,28641,10
12.9287004471,80.2311935425,28641,28651,10
12.929189682,80.2313232422,28651,28661,10
12.9299497604,80.2314987183,28661,28671,10
12.9308395386,80.2317428589,28671,28681,10
12.931889534,80.232093811,28681,28691,10
12.9329996109,80.2324676514,28691,28702,11
12.9338502884,80.2328109741,28702,28722,20
12.9338502884,80.2328109741,28722,28732,10
12.9340801239,80.232963562,28732,28742,10
12.9346704483,80.2332305908,28742,28752,10
12.9354696274,80.233581543,28752,28762,10
12.9362602234,80.2339477539,28762,28772,10
12.9371299744,80.2343826294,28772,28782,10
12.9381599426,80.2348709106,28782,28792,10
12.9392004013,80.2353897095,28792,28802,10
12.939789772,80.2356719971,28802,28813,11
12.9398002625,80.2356796265,28813,28823,10
12.9399700165,80.235748291,28823,28833,10
12.9405202866,80.2359313965,28833,28843,10
12.9413204193,80.2361221313,28843,28853,10
12.9422197342,80.2363510132,28853,28863,10
12.9431400299,80.2368011475,28863,28873,10
12.9436798096,80.2372817993,28873,28883,10
12.9436998367,80.2372970581,28883,28893,10
12.9439897537,80.2376174927,28893,28903,10
12.9444904327,80.2381591797,28903,28913,10
12.9451198578,80.238861084,28913,28924,11
12.9460601807,80.2394790649,28924,28934,10
12.9474201202,80.2400436401,28934,28954,20
12.9474201202,80.2400436401,28954,28964,10
12.9477996826,80.2401885986,28964,28974,10
12.9484300613,80.240447998,28974,28984,10
12.9489097595,80.2406616211,28984,29035,51
12.9489097595,80.2406616211,29035,29045,10
12.949259758,80.2407989502,29045,29055,10
12.9498701096,80.2410202026,29055,29065,10
12.950920105,80.2412872314,29065,29085,20
12.950920105,80.2412872314,29085,29095,10
12.9510803223,80.2413406372,29095,29105,10
12.9516201019,80.2415313721,29105,29115,10
12.9523096085,80.2417984009,29115,29125,10
12.9531402588,80.2421188354,29125,29135,10
12.953909874,80.2424316406,29135,29146,11
12.9548997879,80.2428436279,29146,29156,10
12.9555702209,80.2430801392,29156,29166,10
12.9562597275,80.243309021,29166,29176,10
12.9563598633,80.2433624268,29176,29186,10
12.956580162,80.2434387207,29186,29196,10
12.9570999146,80.2436828613,29196,29206,10
12.9577703476,80.2440109253,29206,29216,10
12.9585599899,80.2443237305,29216,29227,11
12.9585599899,80.2443237305,29227,29297,70
12.9626398087,80.2462310791,29297,29307,10
12.9632101059,80.2464981079,29307,29337,30
12.9632101059,80.2464981079,29337,29347,10
12.9633102417,80.24659729,29347,29357,10
12.9636096954,80.2467575073,29357,29367,10
12.9641199112,80.246963501,29367,29378,11
12.9649400711,80.2472610474,29378,29388,10
12.9658002853,80.247543335,29388,29398,10
12.9665203094,80.2478179932,29398,29418,20
12.9665203094,80.2478179932,29418,29428,10
12.9666404724,80.2478790283,29428,29438,10
12.967089653,80.2481079102,29438,29448,10
12.96778965,80.2484207153,29448,29458,10
12.9686603546,80.2487716675,29458,29468,10
12.9696702957,80.2491912842,29468,29478,10
12.9708204269,80.2496185303,29478,29489,11
12.9721803665,80.2499923706,29489,29499,10
12.9733495712,80.250289917,29499,29509,10
12.9743995667,80.2505187988,29509,29529,20
12.9743995667,80.2505187988,29529,29539,10
12.97453022,80.2505493164,29539,29549,10
12.9750404358,80.2507171631,29549,29559,10
12.9758396149,80.2509613037,29559,29569,10
12.9767599106,80.2512435913,29569,29579,10
12.9777297974,80.2517471313,29579,29589,10
12.9786596298,80.2524414063,29589,29600,11
12.9795503616,80.2525787354,29600,29610,10
12.9799699783,80.252281189,29610,29630,20
12.9799699783,80.252281189,29630,29640,10
12.9799900055,80.2521286011,29640,29650,10
12.980050087,80.2518997192,29650,29660,10
12.980219841,80.2514038086,29660,29670,10
12.9804496765,80.2506103516,29670,29680,10
12.9806604385,80.2496871948,29680,29690,10
12.9807796478,80.2486877441,29690,29700,10
12.9808702469,80.2474975586,29700,29711,11
12.981010437,80.2460708618,29711,29721,10
12.9811296463,80.2449188232,29721,29731,10
12.9811897278,80.2442169189,29731,29791,60
12.9812097549,80.2438201904,29791,29862,71
12.9812097549,80.2438201904,29862,29872,10
12.9813098907,80.2436065674,29872,29882,10
12.9813804626,80.242767334,29882,29902,20
12.9813804626,80.242767334,29902,29912,10
12.9813804626,80.2427368164,29912,29922,10
12.9813899994,80.2423782349,29922,29932,10
12.9813699722,80.2418365479,29932,29943,11
12.9813699722,80.2409667969,29943,29953,10
12.9813604355,80.2400970459,29953,29963,10
12.9813404083,80.2394485474,29963,29973,10
12.9813098907,80.2387619019,29973,29983,10
12.9812898636,80.2378616333,29983,30003,20
12.9812898636,80.2378616333,30003,30013,10
12.9812803268,80.23777771,30013,30023,10
12.9812803268,80.2374420166,30023,30033,10
12.9812602997,80.2368011475,30033,30043,10
12.9812297821,80.2359313965,30043,30054,11
12.9812002182,80.2349472046,30054,30064,10
12.9812803268,80.23412323,30064,30074,10
12.9816999435,80.2332077026,30074,30104,30
12.9816999435,80.2332077026,30104,30114,10
12.9817800522,80.2331085205,30114,30124,10
12.9819297791,80.2327194214,30124,30134,10
12.9820299149,80.2322998047,30134,30144,10
12.9819898605,80.2319335938,30144,30154,10
12.9819602966,80.2314071655,30154,30165,11
12.9818096161,80.2308807373,30165,30175,10
12.9815597534,80.2304382324,30175,30185,10
12.981180191,80.2298126221,30185,30195,10
12.9808797836,80.2293624878,30195,30205,10
12.9806404114,80.2289810181,30205,30235,30
12.9806404114,80.2289810181,30235,30245,10
12.9805002213,80.2287521362,30245,30255,10
12.9803104401,80.2284927368,30255,30265,10
12.9802799225,80.2282562256,30265,30276,11
12.9800701141,80.2279434204,30276,30286,10
12.9797801971,80.2274703979,30286,30296,10
12.9794301987,80.2268829346,30296,30306,10
12.9790201187,80.2262191772,30306,30316,10
12.9786195755,80.2255630493,30316,30326,10
12.9782800674,80.2249832153,30326,30336,10
12.9779901505,80.2245864868,30336,30346,10
12.9776802063,80.2241287231,30346,30366,20
12.9776802063,80.2241287231,30366,30376,10
12.9776601791,80.2240905762,30376,30387,11
12.9774398804,80.2237091064,30387,30397,10
12.9771099091,80.2231674194,30397,30407,10
12.9769601822,80.2228622437,30407,30417,10
12.9772396088,80.2226867676,30417,30447,30
12.9772396088,80.2226867676,30447,30457,10
12.9774599075,80.2226791382,30457,30467,10
12.977519989,80.2224807739,30467,30477,10
12.9775104523,80.2219467163,30477,30487,10
12.9774904251,80.2213821411,30487,30504,17
12.9778203964,80.2212295532,30504,30516,12
12.9785003662,80.2211685181,30516,30526,10
12.9791097641,80.2211227417,30526,30536,10
12.9801197052,80.2210617065,30536,30546,10
12.9808197021,80.2210235596,30546,30556,10
12.9813604355,80.2211914063,30556,30566,10
12.9819202423,80.2215576172,30566,30576,10
12.9824895859,80.2218093872,30576,30596,20
12.9829702377,80.2219772339,30596,30606,10
12.9829702377,80.2219924927,30606,30618,12
12.9831600189,80.2220916748,30618,30628,10
12.9834699631,80.2223129272,30628,30638,10
12.9837303162,80.2224731445,30638,30648,10
12.9842195511,80.2227630615,30648,30658,10
12.9848403931,80.2231369019,30658,30668,10
12.985449791,80.2232818604,30668,30678,10
12.9858398438,80.2229766846,30678,30688,10
12.986410141,80.2229537964,30688,30707,19
12.986410141,80.2229537964,30707,30718,11
12.9867696762,80.2229766846,30718,30729,11
12.987159729,80.2230529785,30729,30739,10
12.9877004623,80.2230606079,30739,30749,10
12.9883403778,80.2226409912,30749,30759,10
12.9888401031,80.2221603394,30759,30769,10
12.9892702103,80.2216567993,30769,30779,10
12.9897003174,80.2211303711,30779,30789,10
12.9902000427,80.2206115723,30789,30799,10
12.9905004501,80.2203521729,30799,30819,20
12.9905004501,80.2203521729,30819,30829,10
12.9906196594,80.2202301025,30829,30839,10
12.9910202026,80.2199401855,30839,30850,11
12.9915599823,80.2195129395,30850,30860,10
12.9921998978,80.2190322876,30860,30870,10
12.9929599762,80.2184829712,30870,30880,10
12.9937095642,80.2179412842,30880,30890,10
12.9940900803,80.2176589966,30890,30900,10
12.9942102432,80.2175598145,30900,30910,10
12.9943704605,80.2174377441,30910,30920,10
12.9945402145,80.2173233032,30920,30930,10
12.9948396683,80.2171173096,30930,30940,10
12.9950799942,80.2169570923,30940,30951,11
12.9955997467,80.2166976929,30951,30961,10
12.996219635,80.2165603638,30961,30971,10
12.9965295792,80.2165222168,30971,30981,10
12.9970598221,80.2164611816,30981,30991,10
12.9975595474,80.2160720825,30991,31021,30
12.9975595474,80.2160720825,31021,31031,10
12.9977197647,80.2159194946,31031,31041,10
12.9981002808,80.2155990601,31041,31051,10
12.9985904694,80.2152023315,31051,31061,10
12.99903965,80.2148284912,31061,31072,11
12.9993400574,80.2145690918,31072,31082,10
12.9997797012,80.2141799927,31082,31092,10
13.0001897812,80.2138366699,31092,31102,10
13.0006999969,80.2133712769,31102,31112,10
13.0012798309,80.2129211426,31112,31122,10
13.0018196106,80.2125091553,31122,31132,10
13.0022602081,80.2122268677,31132,31142,10
13.0025997162,80.212097168,31142,31152,10
13.0030298233,80.2120666504,31152,31162,10
13.003660202,80.2119369507,31162,31183,21
13.003660202,80.2119369507,31183,31193,10
13.0037202835,80.2117767334,31193,31203,10
13.0037097931,80.2113037109,31203,31213,10
13.0036497116,80.2107009888,31213,31223,10
13.0035800934,80.2101211548,31223,31233,10
13.0035495758,80.2095413208,31233,31243,10
13.0036497116,80.2090377808,31243,31253,10
13.004240036,80.2087097168,31253,31263,10
13.0051698685,80.2091369629,31263,31273,10
13.0059404373,80.2094497681,31273,31283,10
13.006360054,80.2095794678,31283,31294,11
13.0069799423,80.2097625732,31294,31304,10
13.007519722,80.2098464966,31304,31344,40
13.007519722,80.2098464966,31344,31354,10
13.0078897476,80.2099380493,31354,31364,10
13.0081501007,80.2099533081,31364,31374,10
13.0081195831,80.2095031738,31374,31384,10
13.0079698563,80.2087402344,31384,31394,10
13.0078201294,80.2078018188,31394,31405,11
13.0076599121,80.206703186,31405,31415,10
13.0075397491,80.2055587769,31415,31425,10
13.007519722,80.2044525146,31425,31435,10
13.0074195862,80.203453064,31435,31445,10
13.0070896149,80.2025375366,31445,31455,10
13.0065202713,80.2029495239,31455,31465,10
13.0069704056,80.2034301758,31465,31475,10
13.0076599121,80.2036819458,31475,31485,10
13.0086202621,80.2036972046,31485,31495,10
13.0099201202,80.2036209106,31495,31505,10
13.0113096237,80.2036895752,31505,31516,11
13.0126895905,80.2039413452,31516,31526,10
13.0134296417,80.2041473389,31526,31536,10
13.0136499405,80.2042770386,31536,31546,10
13.0136203766,80.2046127319,31546,31576,30
13.0136203766,80.2046127319,31576,31586,10
13.0134801865,80.2049789429,31586,31596,10
13.0132398605,80.2056884766,31596,31606,10
13.0130300522,80.2066802979,31606,31616,10
13.0129699707,80.2073287964,31616,31627,11
13.0128602982,80.208190918,31627,31647,20
13.0128602982,80.208190918,31647,31657,10
13.0128297806,80.2085266113,31657,31667,10
13.0129003525,80.2089767456,31667,31677,10
13.0130796432,80.2095794678,31677,31687,10
13.0131998062,80.2097625732,31687,31697,10
13.0131702423,80.2100906372,31697,31707,10
13.0130901337,80.2106704712,31707,31717,10
13.0128602982,80.2112503052,31717,31727,10
13.0125303268,80.2118606567,31727,31737,10
13.0121002197,80.2124786377,31737,31748,11
13.0119400024,80.2126998901,31748,31758,10
13.0117502213,80.2127914429,31758,31768,10
13.011349678,80.2124710083,31768,31778,10
13.0106897354,80.2119674683,31778,31788,10
13.0100698471,80.2115325928,31788,32321,533
13.0101003647,80.211479187,32321,32492,171
13.0099601746,80.2114486694,32492,32825,333
13.0099601746,80.2114486694,32825,32835,10
13.0099401474,80.2113800049,32835,32845,10
13.0098495483,80.2113037109,32845,32855,10
13.0097398758,80.2112426758,32855,32906,51
13.0097398758,80.2112426758,32906,32916,10
13.0093803406,80.2110519409,32916,32926,10
13.0092401505,80.2112121582,32926,32936,10
13.0090799332,80.2114334106,32936,32946,10
13.0090503693,80.2115631104,32946,32956,10
13.0090799332,80.211807251,32956,32966,10
13.0091199875,80.2120132446,32966,32976,10
13.0092000961,80.2122421265,32976,32987,11
13.0093297958,80.2126235962,32987,32997,10
13.009519577,80.2131195068,32997,33007,10
13.0097303391,80.2136306763,33007,33017,10
13.0099601746,80.2141799927,33017,33027,10
13.0101499557,80.2147598267,33027,33037,10
13.0102500916,80.2155075073,33037,33047,10
13.0105304718,80.2162780762,33047,33057,10
13.0108995438,80.2170791626,33057,33067,10
13.0112800598,80.2180023193,33067,33077,10
13.0116500854,80.2190322876,33077,33087,10
13.0120000839,80.220123291,33087,33097,10
13.0122699738,80.2209091187,33097,33108,11
13.0124197006,80.2214889526,33108,33118,10
13.0127897263,80.2220687866,33118,33128,10
13.0131998062,80.2225570679,33128,33138,10
13.0136404037,80.2230224609,33138,33148,10
13.0141000748,80.2235336304,33148,33158,10
13.0144195557,80.2240066528,33158,33168,10
13.014960289,80.2246170044,33168,33178,10
13.0153598785,80.2250823975,33178,33188,10
13.0154800415,80.2254104614,33188,33198,10
13.0153903961,80.2257232666,33198,33209,11
13.015250206,80.2258071899,33209,33219,10
13.0148496628,80.2259368896,33219,33229,10
13.0143098831,80.2261505127,33229,33239,10
13.0136203766,80.2264328003,33239,33249,10
13.0128297806,80.2267227173,33249,33259,10
13.0120897293,80.2270202637,33259,33269,10
13.0112600327,80.2273406982,33269,33279,10
13.0103998184,80.2276916504,33279,33289,10
13.0098199844,80.2278366089,33289,33299,10
13.0095596313,80.2275085449,33299,33309,10
13.0098199844,80.2269592285,33309,33319,10
13.0101604462,80.2261810303,33319,33330,11
13.0105600357,80.225227356,33330,33340,10
13.010890007,80.2244567871,33340,33350,10
13.0111103058,80.2238769531,33350,33360,10
13.0112400055,80.2235412598,33360,33370,10
13.0112800598,80.2231216431,33370,33380,10
13.0107402802,80.2228622437,33380,33389,9
13.0103597641,80.2226867676,33389,33400,11
13.0100097656,80.2224807739,33400,33410,10
13.0094299316,80.2221679688,33410,33420,10
13.0086898804,80.2217712402,33420,33430,10
13.0078697205,80.2213287354,33430,33441,11
13.0069599152,80.2208480835,33441,33451,10
13.0061101913,80.2205581665,33451,33461,10
13.0052604675,80.2203903198,33461,33471,10
13.0045404434,80.220199585,33471,33490,19
13.0045404434,80.220199585,33490,33500,10
13.0042896271,80.2201309204,33500,33511,11
13.0037403107,80.2200012207,33511,33521,10
13.0031099319,80.219833374,33521,33531,10
13.0024204254,80.2194213867,33531,33541,10
13.0018997192,80.2188415527,33541,33552,11
13.0012702942,80.2183074951,33552,33562,10
13.0007295609,80.217956543,33562,33572,10
13.000169754,80.2176437378,33572,33622,50
13.000169754,80.2176437378,33622,33632,10
12.9997701645,80.2173995972,33632,33642,10
12.9991102219,80.217010498,33642,33652,10
12.9979600906,80.2165679932,33652,33673,21
12.9979600906,80.2165679932,33673,33683,10
12.9976797104,80.2165374756,33683,33713,30
12.9976797104,80.2165374756,33713,33723,10
12.9973096848,80.2164916992,33723,33733,10
12.9968004227,80.2165222168,33733,33743,10
12.9963302612,80.2165908813,33743,33753,10
12.9958200455,80.2167510986,33753,33763,10
12.995300293,80.2169494629,33763,33773,10
12.9948101044,80.2172622681,33773,33784,11
12.9941997528,80.2177124023,33784,33794,10
12.9937295914,80.2180404663,33794,33804,10
12.9931001663,80.2184829712,33804,33814,10
12.9924097061,80.2190093994,33814,33824,10
12.9916496277,80.2195587158,33824,33834,10
12.9907302856,80.2202529907,33834,33864,30
12.9907302856,80.2202529907,33864,33874,10
12.9905500412,80.2203903198,33874,33884,10
12.9901399612,80.220703125,33884,33895,11
12.9896202087,80.2212600708,33895,33905,10
12.9892902374,80.2217483521,33905,33915,10
12.9886903763,80.2224121094,33915,33925,10
12.9880399704,80.2229385376,33925,33935,10
12.9877195358,80.2230834961,33935,33955,20
12.9877195358,80.2230834961,33955,33965,10
12.9873895645,80.2230606079,33965,33975,10
12.9871196747,80.2230377197,33975,33985,10
12.9868001938,80.2229766846,33985,33995,10
12.9862003326,80.2229614258,33995,34006,11
12.9855604172,80.2232208252,34006,34016,10
12.9851198196,80.2232131958,34016,34026,10
12.9845199585,80.2229003906,34026,34036,10
12.9840402603,80.2226104736,34036,34046,10
12.9838399887,80.2225036621,34046,34056,10
12.9834699631,80.2222595215,34056,34076,20
12.9834699631,80.2222595215,34076,34086,10
12.9832696915,80.2221069336,34086,34096,10
12.982919693,80.2219390869,34096,34106,10
12.9825801849,80.2218170166,34106,34117,11
12.9820604324,80.2215805054,34117,34127,10
12.9816198349,80.2212905884,34127,34137,10
12.9810600281,80.2210464478,34137,34147,10
12.9805297852,80.2210388184,34147,34157,10
12.9798603058,80.2210998535,34157,34167,10
12.9791002274,80.2211532593,34167,34177,10
12.97838974,80.2211685181,34177,34187,10
12.9778404236,80.2211837769,34187,34197,10
12.9775104523,80.2212219238,34197,34207,10
12.976940155,80.2212524414,34207,34217,10
12.9764003754,80.2212524414,34217,34227,10
12.9761600494,80.2213821411,34227,34238,11
12.9763898849,80.2218170166,34238,34268,30
12.9763898849,80.2218170166,34268,34278,10
12.9764204025,80.2219924927,34278,34288,10
12.9766397476,80.2223815918,34288,34298,10
12.976940155,80.2228393555,34298,34308,10
12.9773197174,80.2234420776,34308,34318,10
12.9777803421,80.2241363525,34318,34328,10
12.9781799316,80.2247467041,34328,34338,10
12.9785404205,80.2253723145,34338,34349,11
12.9790000916,80.2260971069,34349,34359,10
12.9793796539,80.2267303467,34359,34369,10
12.9797296524,80.2273178101,34369,34379,10
12.9801197052,80.2279586792,34379,34389,10
12.9804496765,80.2285385132,34389,34405,16
12.9806995392,80.2289428711,34405,34427,22
12.9806995392,80.2289428711,34427,34437,10
12.9808797836,80.2291870117,34437,34447,10
12.9810199738,80.2294616699,34447,34457,10
12.9812602997,80.229850769,34457,34469,12
12.9816598892,80.2304229736,34469,34489,20
12.9816598892,80.2304229736,34489,34499,10
12.9818401337,80.2307891846,34499,34508,9
12.982000351,80.2313079834,34508,34519,11
12.982049942,80.2319564819,34519,34529,10
12.9820604324,80.2322692871,34529,34539,10
12.9819898605,80.2326583862,34539,34549,10
12.9819402695,80.2328414917,34549,34559,10
12.9818601608,80.233039856,34559,34569,10
12.9818201065,80.2331466675,34569,34580,11
12.9817304611,80.2333221436,34580,34590,10
12.9816198349,80.2335968018,34590,34600,10
12.9815502167,80.2337265015,34600,34610,10
12.9813203812,80.2342300415,34610,34620,10
12.9812402725,80.2350616455,34620,34630,10
12.9812698364,80.2360076904,34630,34640,10
12.9812898636,80.2369537354,34640,34650,10
12.981300354,80.2375411987,34650,34660,10
12.9813203812,80.2378005981,34660,34670,10
12.9813404083,80.2379608154,34670,34680,10
12.9813404083,80.2382888794,34680,34691,11
12.9813499451,80.2386779785,34691,34701,10
12.9813404083,80.2387313843,34701,34711,10
12.9813404083,80.2391967773,34711,34721,10
12.9813404083,80.2398681641,34721,34731,10
12.9813404083,80.2407073975,34731,34741,10
12.9813604355,80.2415618896,34741,34751,10
12.9813699722,80.2419509888,34751,34771,20
12.9813699722,80.2419509888,34771,34781,10
12.9814195633,80.242149353,34781,34791,10
12.9814300537,80.2424163818,34791,34812,21
12.9814300537,80.2424163818,34812,34822,10
12.9814500809,80.2426376343,34822,34832,10
12.9814500809,80.2426986694,34832,34842,10
12.9814395905,80.2429733276,34842,34852,10
12.9814300537,80.2431182861,34852,34862,10
12.9814300537,80.2434005737,34862,34872,10
12.9813604355,80.2439804077,34872,34882,10
12.9812297821,80.2447891235,34882,34892,10
12.9811096191,80.2457199097,34892,34902,10
12.9809799194,80.2468032837,34902,34913,11
12.980890274,80.2479705811,34913,34923,10
12.9808101654,80.248916626,34923,34933,10
12.9806499481,80.2500228882,34933,34943,10
12.9803695679,80.251121521,34943,34953,10
12.9801702499,80.2519226074,34953,34963,10
12.9800796509,80.2522125244,34963,34973,10
12.9799203873,80.2526397705,34973,35003,30
12.9799203873,80.2526397705,35003,35013,10
12.9798603058,80.2527694702,35013,35023,10
12.9796695709,80.2527694702,35023,35034,11
12.9788503647,80.2526779175,35034,35054,20
12.9788503647,80.2526779175,35054,35064,10
12.978679657,80.2526016235,35064,35074,10
12.9782896042,80.2523574829,35074,35084,10
12.9777297974,80.2518615723,35084,35094,10
12.9769296646,80.2513427734,35094,35104,10
12.9758396149,80.2510223389,35104,35114,10
12.9747104645,80.2506866455,35114,35124,10
12.9737997055,80.2504425049,35124,35134,10
12.9725999832,80.2501296997,35134,35155,21
12.9725999832,80.2501296997,35155,35165,10
12.9724998474,80.2500686646,35165,35175,10
12.9720096588,80.2499313354,35175,35185,10
12.9712696075,80.24974823,35185,35195,10
12.9704704285,80.24949646,35195,35205,10
12.9695396423,80.2491378784,35205,35215,10
12.9685497284,80.2487335205,35215,35225,10
12.9675598145,80.2483215332,35225,35235,10
12.9668998718,80.248008728,35235,35245,10
12.9663896561,80.2477798462,35245,35256,11
12.9651899338,80.2473678589,35256,35286,30
12.9651899338,80.2473678589,35286,35296,10
12.9651098251,80.2473220825,35296,35306,10
12.9647102356,80.247177124,35306,35316,10
12.9640703201,80.246963501,35316,35326,10
12.9637203217,80.2468185425,35326,35346,20
12.9637203217,80.2468185425,35346,35356,10
12.9635601044,80.2466964722,35356,35367,11
12.9630002975,80.246421814,35367,35377,10
12.962220192,80.2460403442,35377,35387,10
12.9613199234,80.24559021,35387,35397,10
12.9602804184,80.2451324463,35397,35407,10
12.9596204758,80.2448806763,35407,35417,10
12.9593896866,80.2447662354,35417,35433,16
12.9592695236,80.244682312,35433,35445,12
12.9590902328,80.2446136475,35445,35453,8
12.9587697983,80.2444534302,35453,35465,12
12.9580602646,80.244178772,35465,35475,10
12.9575796127,80.2440109253,35475,35486,11
12.9568004608,80.2437820435,35486,35496,10
12.9563903809,80.2436523438,35496,35506,10
12.9560499191,80.2434921265,35506,35515,9
12.9554796219,80.2431793213,35515,35526,11
12.9545898438,80.242767334,35526,35535,9
12.9537496567,80.2424087524,35535,35546,11
12.9526996613,80.2419967651,35546,35556,10
12.9519996643,80.2417602539,35556,35565,9
12.9519395828,80.2417373657,35565,35576,11
12.9517297745,80.2416610718,35576,35586,10
12.9511203766,80.2414169312,35586,35597,11
12.9502096176,80.2411270142,35597,35607,10
12.9493904114,80.2408905029,35607,35617,10
12.9487600327,80.2406616211,35617,35627,10
12.9480895996,80.2403793335,35627,35637,10
12.947520256,80.2401275635,35637,35647,10
12.9471702576,80.239982605,35647,35657,10
12.9468002319,80.2398910522,35657,35677,20
12.9468002319,80.2398910522,35677,35687,10
12.9464597702,80.2397384644,35687,35697,10
12.9458303452,80.2394485474,35697,35708,11
12.9450702667,80.2389373779,35708,35718,10
12.944439888,80.23828125,35718,35728,10
12.9437904358,80.2375793457,35728,35738,10
12.9432601929,80.2370834351,35738,35747,9
12.9432001114,80.2370223999,35747,35758,11
12.9428396225,80.2367324829,35758,35768,10
12.9421300888,80.2364120483,35768,35778,10
12.9411897659,80.2361602783,35778,35787,9
12.9404802322,80.2359924316,35787,35798,11
12.9398899078,80.2358093262,35798,35808,10
12.9398002625,80.2357711792,35808,35819,11
12.9394702911,80.2355804443,35819,35829,10
12.9388103485,80.2352371216,35829,35839,10
12.9379396439,80.2348022461,35839,35849,10
12.9370203018,80.234336853,35849,35859,10
12.9364795685,80.2341079712,35859,35869,10
12.9361400604,80.2339782715,35869,35879,10
12.9357595444,80.233833313,35879,35889,10
12.9351797104,80.2335586548,35889,35899,10
12.9344501495,80.2332305908,35899,35909,10
12.9339399338,80.233001709,35909,35919,10
12.9339199066,80.2329864502,35919,35930,11
12.9334802628,80.2327728271,35930,35940,10
12.9327497482,80.232460022,35940,35950,10
12.9318304062,80.2321395874,35950,35960,10
12.9307699203,80.2318191528,35960,35970,10
12.9299297333,80.231590271,35970,35980,10
12.9293298721,80.2314605713,35980,35990,10
12.9292602539,80.2314300537,35990,36000,10
12.929019928,80.2313537598,36000,36010,10
12.9284000397,80.2312469482,36010,36020,10
12.9274902344,80.2311172485,36020,36030,10
12.9266700745,80.2310180664,36030,36040,10
12.9260997772,80.2310028076,36040,36051,11
12.9260597229,80.2310028076,36051,36061,10
12.9258003235,80.23097229,36061,36071,10
12.9251804352,80.2308807373,36071,36081,10
12.9243097305,80.2307815552,36081,36091,10
12.9233102798,80.2306365967,36091,36101,10
12.9222202301,80.2304763794,36101,36111,10
12.9210395813,80.2303085327,36111,36121,10
12.9191398621,80.2300872803,36121,36141,20
12.9191398621,80.2300872803,36141,36151,10
12.9187202454,80.2300186157,36151,36162,11
12.9179801941,80.2299118042,36162,36171,9
12.9174699783,80.2298431396,36171,36182,11
12.9168701172,80.2297592163,36182,36192,10
12.916009903,80.2296295166,36192,36202,10
12.915019989,80.2294769287,36202,36212,10
12.9140195847,80.2293319702,36212,36222,10
12.9133701324,80.2293014526,36222,36232,10
12.9133195877,80.2293014526,36232,36242,10
12.9132099152,80.2292785645,36242,36252,10
12.9126501083,80.2291717529,36252,36262,10
12.9117803574,80.2290267944,36262,36272,10
12.9107303619,80.2288894653,36272,36283,11
12.9096698761,80.2287063599,36283,36293,10
12.9085502625,80.2285232544,36293,36303,10
12.90762043,80.2284317017,36303,36333,30
12.90762043,80.2284317017,36333,36343,10
12.9075202942,80.2284088135,36343,36353,10
12.90721035,80.2283782959,36353,36363,10
12.9070796967,80.2283782959,36363,36379,16
12.9070196152,80.2283706665,36379,36392,13
12.9065103531,80.2282867432,36392,36402,10
12.90625,80.2282485962,36402,36411,9
12.9059696198,80.228187561,36411,36422,11
12.9051303864,80.2281723022,36422,36432,10
12.9044399261,80.2281570435,36432,36441,9
12.9038000107,80.2281265259,36441,36452,11
12.9029998779,80.2281036377,36452,36462,10
12.902589798,80.2280578613,36462,36472,10
12.9022197723,80.2280502319,36472,36482,10
12.9019603729,80.2280426025,36482,36492,10
12.9014101028,80.228012085,36492,36693,201
12.9014101028,80.228012085,36693,36703,10
12.9011297226,80.2281036377,36703,36713,10
12.9008598328,80.2279968262,36713,36723,10
12.9004402161,80.2279434204,36723,36734,11
12.8997602463,80.227897644,36734,36744,10
12.8988103867,80.227897644,36744,36764,20
12.8988103867,80.227897644,36764,36774,10
12.8985996246,80.2278900146,36774,36784,10
12.8979902267,80.2278137207,36784,36794,10
12.8971204758,80.2277679443,36794,36804,10
12.896109581,80.227722168,36804,36814,10
12.8950996399,80.2276763916,36814,36824,10
12.8941602707,80.2276229858,36824,36834,10
12.8934497833,80.2275772095,36834,36845,11
12.8932199478,80.2275619507,36845,36855,10
12.8930501938,80.2275390625,36855,36865,10
12.892539978,80.2274627686,36865,36875,10
12.8920698166,80.2273864746,36875,36885,10
12.891289711,80.2273788452,36885,36895,10
12.890250206,80.2273712158,36895,36905,10
12.8892803192,80.2273788452,36905,36915,10
12.8884401321,80.2273788452,36915,36925,10
12.8877601624,80.2273101807,36925,36941,16
12.8863401413,80.2270126343,36941,36953,12
12.8852796555,80.2267837524,36953,36964,11
12.8846998215,80.2267227173,36964,36974,10
12.8838796616,80.2267227173,36974,36984,10
12.8827800751,80.2267227173,36984,36994,10
12.8817195892,80.2267227173,36994,37004,10
12.8804397583,80.2267303467,37004,37014,10
12.879360199,80.2267532349,37014,37024,10
12.8783998489,80.2267990112,37024,37032,8
12.8776397705,80.2268600464,37032,37044,12
12.8767404556,80.2269515991,37044,37064,20
12.8767404556,80.2269515991,37064,37075,11
12.8766202927,80.2269668579,37075,37085,10
12.8765001297,80.2269210815,37085,37095,10
12.8764400482,80.2266921997,37095,37105,10
12.8764400482,80.2265167236,37105,37115,10
12.8764600754,80.2263565063,37115,37138,23
12.8766899109,80.2244796753,37138,37150,12
12.8769903183,80.2229919434,37150,37160,10
12.8772497177,80.2218780518,37160,37170,10
12.8776397705,80.220161438,37170,37180,10
12.8779602051,80.218788147,37180,37191,11
12.878279686,80.2172393799,37191,37201,10
12.8785495758,80.2159118652,37201,37211,10
12.8788499832,80.2145462036,37211,37221,10
12.8790998459,80.2132263184,37221,37231,10
12.8793201447,80.2120819092,37231,37242,11
12.8794803619,80.211151123,37242,37252,10
12.8791599274,80.2108917236,37252,37262,10
12.8790998459,80.210899353,37262,37272,10
12.8786201477,80.2108383179,37272,37282,10
12.8778295517,80.2107009888,37282,37292,10
12.8770799637,80.2105484009,37292,37303,11
12.8762798309,80.2104110718,37303,37313,10
12.8755502701,80.2102813721,37313,37323,10
12.8744401932,80.2100830078,37323,37343,20
12.8744401932,80.2100830078,37343,37353,10
12.8743696213,80.2099533081,37353,37363,10
12.87458992,80.2095489502,37363,37373,10
12.8746404648,80.2098083496,37373,37686,313
12.8746404648,80.2098083496,37686,37696,10
12.874710083,80.2100219727,37696,37706,10
12.8747997284,80.2101669312,37706,37716,10
12.8752202988,80.2102508545,37716,37726,10
12.8755197525,80.2102890015,37726,37736,10
12.8760995865,80.2104034424,37736,37747,11
12.8768100739,80.2105331421,37747,37757,10
12.8774595261,80.2106628418,37757,37767,10
12.8782596588,80.2108001709,37767,37777,10
12.8789796829,80.2109375,37777,37787,10
12.8792200089,80.2109832764,37787,37797,10
12.8793296814,80.2110214233,37797,37807,10
12.8795003891,80.2112426758,37807,37817,10
12.8793897629,80.2117767334,37817,37827,10
12.8792104721,80.212638855,37827,37837,10
12.8790102005,80.2136993408,37837,37849,12
12.8787202835,80.2152023315,37849,37860,11
12.8783998489,80.2166671753,37860,37871,11
12.8781003952,80.2181777954,37871,37881,10
12.8777799606,80.2195587158,37881,37891,10
12.8774595261,80.2209701538,37891,37901,10
12.8771295547,80.2223815918,37901,37911,10
12.8768100739,80.2237701416,37911,37921,10
12.8766002655,80.2251434326,37921,37930,9
12.8764896393,80.2261199951,37930,37940,10
12.8764400482,80.2268066406,37940,37961,21
12.8764400482,80.2268066406,37961,37971,10
12.8767204285,80.2269134521,37971,37982,11
12.8774299622,80.226852417,37982,37992,10
12.878370285,80.2267837524,37992,38002,10
12.8795003891,80.2267227173,38002,38012,10
12.8808097839,80.2266998291,38012,38022,10
12.8821802139,80.2266769409,38022,38032,10
12.8833799362,80.2266616821,38032,38042,10
12.8843898773,80.2266387939,38042,38052,10
12.8850698471,80.2266235352,38052,38062,10
12.8851499557,80.2266311646,38062,38072,10
12.8852901459,80.2266616821,38072,38082,10
12.8858299255,80.2267684937,38082,38093,11
12.886759758,80.2270126343,38093,38103,10
12.8878002167,80.2272033691,38103,38113,10
12.8885202408,80.2272491455,38113,38123,10
12.8887395859,80.2272567749,38123,38133,10
12.889380455,80.2272720337,38133,38143,10
12.8902997971,80.2272796631,38143,38153,10
12.891409874,80.2272872925,38153,38163,10
12.8923902512,80.2273178101,38163,38173,10
12.8933496475,80.2274169922,38173,38183,10
12.8942604065,80.2275238037,38183,38193,10
12.8943500519,80.2275238037,38193,38203,10
12.8947696686,80.2275466919,38203,38214,11
12.8956203461,80.2275924683,38214,38224,10
12.8965902328,80.2276382446,38224,38234,10
12.8974599838,80.2276916504,38234,38244,10
12.8984003067,80.2277374268,38244,38254,10
12.8992700577,80.2277908325,38254,38294,40
12.8992700577,80.2277908325,38294,38304,10
12.8993797302,80.2278137207,38304,38314,10
12.8998804092,80.2278213501,38314,38325,11
12.900639534,80.2278518677,38325,38335,10
12.9011297226,80.2278900146,38335,38345,10
12.9015102386,80.2278823853,38345,38354,9
12.9018297195,80.2279129028,38354,38365,11
12.9024000168,80.2279510498,38365,38375,10
12.9030504227,80.2279434204,38375,38385,10
12.9030599594,80.2279510498,38385,38395,10
12.9033603668,80.2279663086,38395,38405,10
12.9040403366,80.2280502319,38405,38415,10
12.904800415,80.2281112671,38415,38436,21
12.904800415,80.2281112671,38436,38446,10
12.9050998688,80.2281417847,38446,38456,10
12.9055700302,80.2281417847,38456,38466,10
12.9060201645,80.2281570435,38466,38476,10
12.906370163,80.2281799316,38476,38486,10
12.9067497253,80.2282333374,38486,38496,10
12.9073095322,80.2282791138,38496,38506,10
12.9081802368,80.2284317017,38506,38516,10
12.9092702866,80.2286224365,38516,38526,10
12.9103603363,80.2288131714,38526,38536,10
12.9118099213,80.2290267944,38536,38546,10
12.9130601883,80.2291717529,38546,38557,11
12.913860321,80.2292480469,38557,38567,10
12.9139404297,80.2292633057,38567,38577,10
12.9140195847,80.2292633057,38577,38587,10
12.9144897461,80.2293319702,38587,38597,10
12.9153003693,80.2294311523,38597,38607,10
12.9163599014,80.2295837402,38607,38617,10
12.9175901413,80.2297515869,38617,38627,10
12.9186096191,80.229927063,38627,38637,10
12.9192800522,80.2299804688,38637,38647,10
12.9194002151,80.2299880981,38647,38658,11
12.9199800491,80.2300720215,38658,38668,10
12.9209604263,80.2302017212,38668,38678,10
12.9222002029,80.2304077148,38678,38688,10
12.9235401154,80.2306213379,38688,38698,10
12.9248199463,80.2307891846,38698,38714,16
12.9263801575,80.2309417725,38714,38726,12
12.9265499115,80.2309494019,38726,38736,10
12.9269695282,80.2310028076,38736,38745,9
12.9278898239,80.2311172485,38745,38756,11
12.928899765,80.2312774658,38756,38766,10
12.9299497604,80.2315216064,38766,38777,11
12.9312896729,80.2319107056,38777,38787,10
12.9325799942,80.2323303223,38787,38797,10
12.9335603714,80.2326889038,38797,38807,10
12.9337396622,80.2327804565,38807,38817,10
12.9340400696,80.2329406738,38817,38827,10
12.9347400665,80.2332611084,38827,38837,10
12.9356203079,80.2336578369,38837,38847,10
12.9366798401,80.2341766357,38847,38857,10
12.9378900528,80.2347564697,38857,38867,10
12.9389295578,80.2352676392,38867,38877,10
12.9396600723,80.2356185913,38877,38888,11
12.9399003983,80.2357177734,38888,38898,10
12.9403400421,80.2358932495,38898,38908,10
12.9411401749,80.2360992432,38908,38918,10
12.942150116,80.2363510132,38918,38928,10
12.9432296753,80.2368774414,38928,38938,10
12.9437704086,80.2373733521,38938,38948,10
12.943860054,80.2374725342,38948,38958,10
12.9442195892,80.2378921509,38958,38968,10
12.9448204041,80.238571167,38968,38978,10
12.9456501007,80.2393035889,38978,38988,10
12.9467401505,80.2397384644,38988,38998,10
12.9473600388,80.239982605,38998,39009,11
12.9473896027,80.2399978638,39009,39019,10
12.9478502274,80.240196228,39019,39029,10
12.9484901428,80.2404632568,39029,39039,10
12.9491500854,80.2407226563,39039,39049,10
12.9499998093,80.2409973145,39049,39059,10
12.9509096146,80.2412719727,39059,39069,10
12.9510698318,80.2413330078,39069,39079,10
12.9513397217,80.2414474487,39079,39089,10
12.9519796371,80.2416915894,39089,39099,10
12.9527902603,80.2419967651,39099,39110,11
12.9536895752,80.2423629761,39110,39120,10
12.9546298981,80.2427368164,39120,39130,10
12.9553403854,80.2430114746,39130,39140,10
12.9562397003,80.2432479858,39140,39180,40
12.9562397003,80.2432479858,39180,39190,10
12.9567499161,80.2434692383,39190,39200,10
12.9574203491,80.2438201904,39200,39210,10
12.9582195282,80.2441711426,39210,39221,11
12.9589500427,80.2444610596,39221,39230,9
12.9589595795,80.244468689,39230,39241,11
12.9593000412,80.244682312,39241,39251,10
12.9600601196,80.245010376,39251,39261,10
12.9610204697,80.2454376221,39261,39271,10
12.9619598389,80.2459030151,39271,39281,10
12.9627199173,80.2462615967,39281,39291,10
12.9630203247,80.2463912964,39291,39301,10
12.9630203247,80.2463989258,39301,39311,10
12.9630403519,80.2464294434,39311,39321,10
12.9633302689,80.2465820313,39321,39331,10
12.9637403488,80.2467727661,39331,39341,10
12.9643802643,80.2470169067,39341,39352,11
12.9652500153,80.2473297119,39352,39362,10
12.9660997391,80.2476196289,39362,39372,10
12.9666204453,80.2478179932,39372,39382,10
12.9669303894,80.2479705811,39382,39392,10
12.9669504166,80.2479782104,39392,39402,10
12.967040062,80.248046875,39402,39412,10
12.9674396515,80.2482528687,39412,39422,10
12.9682197571,80.2485809326,39422,39432,10
12.9691095352,80.2489318848,39432,39442,10
12.9702196121,80.2493667603,39442,39453,11
12.9713697433,80.24974823,39453,39463,10
12.9724502563,80.2500305176,39463,39473,10
12.9733800888,80.250289917,39473,39483,10
12.9741802216,80.2504882813,39483,39499,16
12.9747695923,80.2506484985,39499,39511,12
12.9756803513,80.2509384155,39511,39521,10
12.9764995575,80.2511672974,39521,39531,10
12.9777002335,80.2517623901,39531,39541,10
12.9787397385,80.2524795532,39541,39551,10
12.9792404175,80.252571106,39551,39561,10
12.9799203873,80.2524490356,39561,39582,21
12.9799203873,80.2524490356,39582,39592,10
12.9800195694,80.2521133423,39592,39602,10
12.9802103043,80.2514801025,39602,39612,10
12.9804897308,80.2505722046,39612,39622,10
12.9807300568,80.2493667603,39622,39632,10
12.9808301926,80.2481307983,39632,39641,9
12.9809398651,80.2466812134,39641,39652,11
12.9810695648,80.2454376221,39652,39662,10
12.981180191,80.2441177368,39662,39672,10
12.9813203812,80.2435913086,39672,39682,10
12.9813699722,80.2430877686,39682,39703,21
12.9813699722,80.2430877686,39703,39713,10
12.9813604355,80.2428588867,39713,39723,10
12.9813699722,80.2425994873,39723,39733,10
12.9813699722,80.2423782349,39733,39743,10
12.9813604355,80.2419891357,39743,39763,20
12.9813604355,80.2419891357,39763,39773,10
12.9813699722,80.2416610718,39773,39783,10
12.9813604355,80.2412185669,39783,39794,11
12.9813499451,80.2406005859,39794,39804,10
12.9813404083,80.239982605,39804,39814,10
12.9813299179,80.2397384644,39814,39824,10
12.9813203812,80.2393875122,39824,39834,10
12.981300354,80.2388000488,39834,39844,10
12.9812898636,80.238243103,39844,39854,10
12.9812898636,80.2381820679,39854,39864,10
12.9812803268,80.23802948,39864,39874,10
12.9812602997,80.2375793457,39874,39884,10
12.9812402725,80.2369232178,39884,39894,10
12.9812202454,80.2361602783,39894,39911,17
12.981180191,80.2346725464,39911,39923,12
12.9813995361,80.2337722778,39923,39933,10
12.9815502167,80.2334823608,39933,39943,10
12.9815998077,80.2334136963,39943,39953,10
12.9817495346,80.2331008911,39953,39963,10
12.9819097519,80.2327270508,39963,39972,9
12.9820098877,80.2322998047,39972,39983,11
12.9819898605,80.2317886353,39983,39993,10
12.9819097519,80.2312469482,39993,40003,10
12.9816904068,80.2306900024,40003,40013,10
12.9812602997,80.2299728394,40013,40024,11
12.980890274,80.2293624878,40024,40034,10
12.9807395935,80.2291183472,40034,40044,10
12.9807300568,80.2291107178,40044,40054,10
12.9805297852,80.2287597656,40054,40064,10
12.9803199768,80.2283325195,40064,40074,10
12.9800195694,80.2278366089,40074,40084,10
12.9797000885,80.2273178101,40084,40094,10
12.9792604446,80.2265625,40094,40104,10
12.9788103104,80.2258377075,40104,40114,10
12.9784002304,80.2251663208,40114,40124,10
12.9780502319,80.2246017456,40124,40135,11
12.9778499603,80.2243881226,40135,40145,10
12.9776601791,80.2240371704,40145,40155,10
12.9773797989,80.2235794067,40155,40165,10
12.9770002365,80.2229690552,40165,40175,10
12.9770402908,80.2227325439,40175,40185,10
12.9772195816,80.2227020264,40185,40195,10
12.9774904251,80.2226409912,40195,40205,10
12.977519989,80.2222518921,40205,40215,10
12.977519989,80.2218093872,40215,40225,10
12.9775104523,80.2213363647,40225,40235,10
12.9777803421,80.2212600708,40235,40245,10
12.9784202576,80.2212219238,40245,40255,10
12.9792203903,80.2211380005,40255,40272,17
12.9805002213,80.2210388184,40272,40284,12
12.9814796448,80.2212219238,40284,40294,10
12.9819202423,80.2215423584,40294,40304,10
12.9824104309,80.2217712402,40304,40314,10
12.98279953,80.2219085693,40314,40323,9
12.9830303192,80.2219772339,40323,40334,11
12.9832801819,80.2221069336,40334,40344,10
12.9836196899,80.222366333,40344,40354,10
12.9839696884,80.2225799561,40354,40365,11
12.984629631,80.2229919434,40365,40375,10
12.9851999283,80.2232666016,40375,40385,10
12.9856100082,80.2231369019,40385,40395,10
12.9862499237,80.2229766846,40395,40405,10
12.9865703583,80.2229690552,40405,40415,10
12.986700058,80.2229766846,40415,40425,10
12.9870700836,80.2230300903,40425,40435,10
12.987739563,80.2230300903,40435,40445,10
12.9884195328,80.2225494385,40445,40455,10
12.9889698029,80.2219467163,40455,40465,10
12.9895000458,80.2213973999,40465,40475,10
12.989979744,80.2208023071,40475,40486,11
12.9905004501,80.2203598022,40486,40496,10
12.9905996323,80.2202911377,40496,40506,10
12.9909496307,80.2200012207,40506,40516,10
12.9913396835,80.2196807861,40516,40526,10
12.9914598465,80.2196121216,40526,40536,10
12.9918603897,80.2193069458,40536,40546,10
12.9925003052,80.2188491821,40546,40556,10
12.993180275,80.2183609009,40556,40566,10
12.9939002991,80.2178268433,40566,40576,10
12.9944801331,80.2174072266,40576,40587,11
12.99477005,80.2171936035,40587,40597,10
12.9949998856,80.2170333862,40597,40607,10
12.9955101013,80.2167434692,40607,40617,10
12.9961395264,80.2165374756,40617,40627,10
12.9967899323,80.2164764404,40627,40637,10
12.997179985,80.2164001465,40637,40647,10
12.9974498749,80.216178894,40647,40657,10
12.9975595474,80.2161102295,40657,40667,10
12.9979600906,80.2157287598,40667,40677,10
12.9986200333,80.2151489258,40677,40687,10
12.9991502762,80.2147064209,40687,40697,10
12.9995298386,80.2144012451,40697,40708,11
13.0000600815,80.2139587402,40708,40718,10
13.0006399155,80.213432312,40718,40728,10
13.0012102127,80.2129592896,40728,40738,10
13.0016202927,80.2126464844,40738,40748,10
13.0022802353,80.2122421265,40748,40758,10
13.0030002594,80.2120895386,40758,40768,10
13.003660202,80.2119827271,40768,40778,10
13.0036697388,80.2119598389,40778,40788,10
13.0037202835,80.2115325928,40788,40798,10
13.003660202,80.2108001709,40798,40808,10
13.0035495758,80.2099609375,40808,40818,10
13.0036001205,80.2091827393,40818,40829,11
13.0040397644,80.2086334229,40829,40839,10
13.0049104691,80.209022522,40839,40849,10
13.0057201385,80.2093734741,40849,40859,10
13.0061903,80.2095184326,40859,40899,40
13.0061903,80.2095184326,40899,40909,10
13.0063695908,80.2095794678,40909,40919,10
13.006480217,80.2096176147,40919,40929,10
13.0068998337,80.2097396851,40929,40940,11
13.0074701309,80.2098312378,40940,40960,20
13.0074701309,80.2098312378,40960,40970,10
13.0077896118,80.2099304199,40970,40980,10
13.0081501007,80.2099761963,40980,40990,10
13.008099556,80.2094802856,40990,41000,10
13.0079698563,80.2086410522,41000,41010,10
13.0078001022,80.2076034546,41010,41020,10
13.0076599121,80.2065811157,41020,41030,10
13.0075597763,80.2055282593,41030,41040,10
13.0075597763,80.2044906616,41040,41051,11
13.0074796677,80.2035675049,41051,41061,10
13.0072603226,80.2026977539,41061,41071,10
13.0065402985,80.2028884888,41071,41081,10
13.0070400238,80.2034683228,41081,41091,10
13.0078802109,80.2037200928,41091,41101,10
13.0089197159,80.203666687,41101,41111,10
13.0101699829,80.2036132813,41111,41121,10
13.0115404129,80.2036972046,41121,41131,10
13.0127601624,80.2039337158,41131,41141,10
13.0133399963,80.2041320801,41141,41151,10
13.013469696,80.2041778564,41151,41161,10
13.0136699677,80.2042770386,41161,41172,11
13.0136499405,80.2046279907,41172,41182,10
13.0135698318,80.2047424316,41182,41192,10
13.0134000778,80.2052612305,41192,41202,10
13.0131797791,80.2059707642,41202,41212,10
13.0130500793,80.2066192627,41212,41222,10
13.0129804611,80.2072219849,41222,41232,10
13.0129003525,80.2077026367,41232,41242,10
13.0128602982,80.2080535889,41242,41252,10
13.0128498077,80.2083892822,41252,41262,10
13.0128698349,80.2086715698,41262,41272,10
13.0129203796,80.2089996338,41272,41283,11
13.0130596161,80.2094421387,41283,41293,10
13.0131797791,80.2098312378,41293,41303,10
13.0131597519,80.2102966309,41303,41313,10
13.0130500793,80.2108306885,41313,41323,10
13.0127601624,80.21144104,41323,41333,10
13.0124101639,80.212020874,41333,41343,10
13.0120000839,80.2126235962,41343,41353,10
13.011759758,80.2127685547,41353,41363,10
13.011349678,80.2124786377,41363,41373,10
13.0107002258,80.2120132446,41373,41389,16
13.0099496841,80.211479187,41389,42219,830
13.0096797943,80.2112426758,42219,42431,212
13.0093603134,80.2110671997,42431,42471,40
13.0093603134,80.2110671997,42471,42481,10
13.0091600418,80.2113113403,42481,42491,10
13.0090303421,80.2115020752,42491,42501,10
13.0090303421,80.2116470337,42501,42511,10
13.0090904236,80.2118682861,42511,42522,11
13.0091400146,80.2120819092,42522,42532,10
13.0091495514,80.212097168,42532,42542,10
13.0092096329,80.2122802734,42542,42552,10
13.0093402863,80.2126693726,42552,42562,10
13.0095596313,80.2132720947,42562,42572,10
13.0098400116,80.2139587402,42572,42582,10
13.0101003647,80.2145996094,42582,42592,10
13.0101900101,80.2153396606,42592,42602,10
13.010430336,80.2161483765,42602,42612,10
13.0108604431,80.2170715332,42612,42622,10
13.0112895966,80.2181015015,42622,42633,11
13.0116996765,80.2192764282,42633,42643,10
13.0120601654,80.2203903198,42643,42653,10
13.0122995377,80.2211532593,42653,42663,10
13.0125703812,80.2218399048,42663,42673,10
13.0129098892,80.2222595215,42673,42683,10
13.0132799149,80.2225799561,42683,42693,10
13.0137395859,80.2231063843,42693,42703,10
13.0141096115,80.2235794067,42703,42713,10
13.0145301819,80.2240524292,42713,42723,10
13.0150203705,80.2246322632,42723,42733,10
13.01541996,80.225151062,42733,42743,10
13.0154399872,80.2255783081,42743,42754,11
13.0153999329,80.2257537842,42754,42764,10
13.0151596069,80.2258987427,42764,42774,10
13.0145998001,80.2261123657,42774,42784,10
13.0138397217,80.2264022827,42784,42794,10
13.0130395889,80.2267074585,42794,42804,10
13.0121898651,80.2270584106,42804,42814,10
13.0112600327,80.2274169922,42814,42824,10
13.0102796555,80.2277908325,42824,42834,10
13.0095300674,80.2277526855,42834,42844,10
13.0097703934,80.2270278931,42844,42854,10
13.0101995468,80.2261428833,42854,42865,11
13.0106296539,80.225151062,42865,42875,10
13.0109596252,80.2243423462,42875,42885,10
13.0111999512,80.2237014771,42885,42894,9
13.0112895966,80.2234191895,42894,42905,11
13.011300087,80.2233200073,42905,42915,10
13.0109701157,80.2230911255,42915,42925,10
13.010310173,80.2227935791,42925,42935,10
13.0100002289,80.2226028442,42935,42945,10
13.009349823,80.2222213745,42945,42955,10
13.0085000992,80.2217483521,42955,42965,10
13.0074796677,80.221206665,42965,42975,10
13.0063896179,80.2206878662,42975,42986,11
13.0052404404,80.2204208374,42986,42996,10
13.0044603348,80.2202224731,42996,43006,10
13.0037002563,80.2200317383,43006,43016,10
13.0027399063,80.2197189331,43016,43026,10
13.0021600723,80.2192001343,43026,43036,10
13.0015001297,80.2185287476,43036,43046,10
13.0008602142,80.2180862427,43046,43056,10
13.000120163,80.2176437378,43056,43066,10
12.9993600845,80.2171783447,43066,43075,9
12.9987602234,80.2168731689,43075,43086,11
12.9979295731,80.216583252,43086,43097,11
12.9974498749,80.2165298462,43097,43107,10
12.9973297119,80.2165222168,43107,43117,10
12.9968395233,80.2165603638,43117,43127,10
12.9964599609,80.216583252,43127,43137,10
12.9956798553,80.2167892456,43137,43147,10
12.9951200485,80.2170562744,43147,43157,10
12.9947595596,80.2172927856,43157,43167,10
12.9945402145,80.2174301147,43167,43177,10
12.9944696426,80.2174835205,43177,43187,10
12.9942798615,80.2176208496,43187,43197,10
12.9941301346,80.2177429199,43197,43208,11
12.9937200546,80.2180175781,43208,43218,10
12.9930801392,80.2184829712,43218,43228,10
12.9923000336,80.2190475464,43228,43238,10
12.9915399551,80.2195968628,43238,43248,10
12.9910402298,80.2199783325,43248,43258,10
12.9907798767,80.2201766968,43258,43268,10
12.9905099869,80.2203826904,43268,43278,10
12.9899196625,80.2208633423,43278,43288,10
12.9892997742,80.2216033936,43288,43298,10
12.9887399673,80.2223205566,43298,43308,10
12.9881095886,80.2228469849,43308,43324,16
12.9876203537,80.2231216431,43324,43337,13
12.9871397018,80.2230606079,43337,43347,10
12.9868202209,80.2230224609,43347,43357,10
12.9863996506,80.2229995728,43357,43367,10
12.9856996536,80.2231292725,43367,43377,10
12.9853200912,80.2232666016,43377,43387,10
12.9847698212,80.2230911255,43387,43397,10
12.9846000671,80.2230224609,43397,43407,10
12.984120369,80.2227783203,43407,43417,10
12.9837198257,80.2225265503,43417,43427,10
12.983499527,80.2223968506,43427,43438,11
12.983300209,80.2222366333,43438,43448,10
12.9832000732,80.2221832275,43448,43458,10
12.983039856,80.2220611572,43458,43468,10
12.9827404022,80.2219085693,43468,43478,10
12.9821596146,80.2216796875,43478,43488,10
12.9816999435,80.2213821411,43488,43498,10
12.9808397293,80.2211532593,43498,43508,10
12.9799995422,80.2211608887,43508,43518,10
12.9792404175,80.2211914063,43518,43528,10
12.9786396027,80.2211608887,43528,43538,10
12.9780797958,80.2211990356,43538,43549,11
12.977350235,80.2212524414,43549,43559,10
12.9768400192,80.2212371826,43559,43569,10
12.9763898849,80.2212219238,43569,43579,10
12.9762296677,80.2215576172,43579,43595,16
12.9764003754,80.2218322754,43595,43607,12
12.976360321,80.2219161987,43607,43617,10
12.9765195847,80.2221984863,43617,43626,9
12.9769296646,80.2228622437,43626,43636,10
12.9774303436,80.2236480713,43636,43648,12
12.9780597687,80.2246322632,43648,43658,10
12.9785003662,80.2253570557,43658,43669,11
12.9790296555,80.2261962891,43669,43679,10
12.9791898727,80.2264633179,43679,43689,10
12.9792203903,80.2265167236,43689,43698,9
12.9792804718,80.2266082764,43698,43709,11
12.9795799255,80.2270965576,43709,43718,9
12.9799604416,80.227722168,43718,43729,11
12.9804201126,80.228477478,43729,43738,9
12.9806604385,80.2288970947,43738,43748,10
12.9806604385,80.2289199829,43748,43759,11
12.9807796478,80.2291488647,43759,43769,10
12.9809904099,80.2295303345,43769,43779,10
12.9814100266,80.2301635742,43779,43790,11
12.9816799164,80.2305297852,43790,43800,10
12.9817495346,80.230682373,43800,43810,10
12.9819297791,80.2312164307,43810,43820,10
12.982000351,80.2320404053,43820,43830,10
12.9818897247,80.2328414917,43830,43840,10
12.9816799164,80.2333221436,43840,43850,10
12.9815797806,80.2335586548,43850,43860,10
12.9814796448,80.2337722778,43860,43870,10
12.9812097549,80.2344207764,43870,43880,10
12.9812002182,80.2352600098,43880,43891,11
12.9812202454,80.2360916138,43891,43901,10
12.9812602997,80.2368621826,43901,43911,10
12.9812803268,80.2377166748,43911,43921,10
12.9812898636,80.2382507324,43921,43931,10
12.981300354,80.2387237549,43931,43941,10
12.981300354,80.238899231,43941,43951,10
12.981300354,80.2395172119,43951,43961,10
12.9813299179,80.2403488159,43961,43971,10
12.9813203812,80.2412033081,43971,43981,10
12.9813404083,80.2420425415,43981,43991,10
12.9813604355,80.2425231934,43991,44002,11
12.9813404083,80.2428436279,44002,44012,10
12.9813404083,80.2429122925,44012,44022,10
12.9813404083,80.2432632446,44022,44032,10
12.9812803268,80.2438278198,44032,44042,10
12.9811601639,80.244720459,44042,44052,10
12.9810304642,80.2457809448,44052,44062,10
12.9808998108,80.2470397949,44062,44072,10
12.9808101654,80.2481689453,44072,44082,10
12.9807100296,80.249458313,44082,44092,10
12.9804296494,80.2507781982,44092,44102,10
12.9801502228,80.2518386841,44102,44113,11
12.9799404144,80.2524490356,44113,44213,100
12.9799404144,80.2524490356,44213,44223,10
12.9799203873,80.2528381348,44223,44234,11
12.9794101715,80.2527923584,44234,44244,10
12.9787197113,80.2526779175,44244,44254,10
12.9786195755,80.2526168823,44254,44264,10
12.9781904221,80.2522964478,44264,44274,10
12.9774303436,80.2516403198,44274,44284,10
12.9762897491,80.2511672974,44284,44294,10
12.9750299454,80.2508087158,44294,44304,10
12.9737701416,80.2504577637,44304,44314,10
12.9727497101,80.2502212524,44314,44324,10
12.9725799561,80.2501831055,44324,44334,10
12.9721803665,80.2500610352,44334,44345,11
12.9713201523,80.2498168945,44345,44355,10
12.9702997208,80.24949646,44355,44365,10
12.9691095352,80.2490234375,44365,44375,10
12.9678001404,80.2485275269,44375,44385,10
12.9666996002,80.2480010986,44385,44395,10
12.9656600952,80.2475585938,44395,44405,10
12.9650201797,80.2473907471,44405,44415,10
12.9649295807,80.2473678589,44415,44425,10
12.9644002914,80.2471466064,44425,44435,10
12.9638996124,80.2469177246,44435,44445,10
12.9635601044,80.2467727661,44445,44456,11
12.9628295898,80.2463989258,44456,44465,9
12.9620199203,80.2460098267,44465,44476,11
12.9608201981,80.2454299927,44476,44486,10
12.9598398209,80.245010376,44486,44496,10
12.9596004486,80.2449188232,44496,44506,10
12.9592103958,80.2447280884,44506,44516,10
12.9584999084,80.244392395,44516,44526,10
12.9579200745,80.2441711426,44526,44542,16
12.9570398331,80.2439193726,44542,44554,12
12.9567499161,80.2438278198,44554,44562,8
12.9565696716,80.2437667847,44562,44605,43
12.9565696716,80.2437667847,44605,44615,10
12.9563703537,80.2436828613,44615,44624,9
12.9561796188,80.2436218262,44624,44635,11
12.9554595947,80.2432098389,44635,44645,10
12.9546298981,80.2428207397,44645,44655,10
12.9537401199,80.2424468994,44655,44665,10
12.9527101517,80.2420120239,44665,44675,10
12.9517402649,80.2416915894,44675,44684,9
12.9515600204,80.2416381836,44684,44696,12
12.9510097504,80.2414169312,44696,44706,10
12.9501800537,80.2411499023,44706,44716,10
12.9492797852,80.2408828735,44716,44726,10
12.9485998154,80.2406005859,44726,44736,10
12.9476604462,80.240196228,44736,44746,10
12.9470300674,80.2399902344,44746,44756,10
12.9470100403,80.239982605,44756,44766,10
12.9465799332,80.2397994995,44766,44776,10
12.9458198547,80.2394714355,44776,44786,10
12.9449796677,80.238861084,44786,44797,11
12.9440002441,80.2378005981,44797,44806,9
12.9432201385,80.2369995117,44806,44817,11
12.9427499771,80.2367019653,44817,44827,10
12.9425201416,80.2365875244,44827,44837,10
12.941860199,80.2363586426,44837,44847,10
12.9409103394,80.2361297607,44847,44857,10
12.9398603439,80.2358322144,44857,44867,10
12.9396400452,80.2357635498,44867,44877,10
12.9392004013,80.2355499268,44877,44887,10
12.9384202957,80.235168457,44887,44897,10
12.9374303818,80.2346801758,44897,44907,10
12.936340332,80.2341384888,44907,44918,11
12.9354295731,80.2337036133,44918,44928,10
12.9341802597,80.2331390381,44928,44938,10
12.9337797165,80.232963562,44938,44948,10
12.9337396622,80.2329177856,44948,44958,10
12.9332895279,80.2326965332,44958,44968,10
12.9324903488,80.232383728,44968,44978,10
12.9314699173,80.2320175171,44978,44988,10
12.9302396774,80.2316589355,44988,44998,10
12.9289999008,80.2313690186,44998,45008,10
12.9276800156,80.2311706543,45008,45018,10
12.9264202118,80.2310562134,45018,45029,11
12.9260101318,80.2310409546,45029,45039,10
12.9255599976,80.2309799194,45039,45049,10
12.9247903824,80.2308731079,45049,45059,10
12.9238195419,80.2307510376,45059,45069,10
12.9226102829,80.2305831909,45069,45079,10
12.9212598801,80.2303771973,45079,45089,10
12.9198503494,80.2302093506,45089,45099,10
12.9185495377,80.2300720215,45099,45160,61
12.9185495377,80.2300720215,45160,45170,10
12.9183797836,80.2300491333,45170,45180,10
12.9177103043,80.2299423218,45180,45190,10
12.9167499542,80.2297973633,45190,45200,10
12.9155302048,80.2296066284,45200,45210,10
12.9141902924,80.2294235229,45210,45220,10
12.913310051,80.2293395996,45220,45230,10
12.9132995605,80.2293395996,45230,45240,10
12.9132404327,80.2293014526,45240,45250,10
12.9127197266,80.2292098999,45250,45260,10
12.9118404388,80.2291030884,45260,45271,11
12.9106302261,80.2289199829,45271,45281,10
12.9093399048,80.2287063599,45281,45291,10
12.9081201553,80.2285232544,45291,45301,10
12.9077501297,80.2284698486,45301,45311,10
12.9075803757,80.2284393311,45311,45321,10
12.9069099426,80.2283782959,45321,45382,61
12.9069099426,80.2283782959,45382,45392,10
12.9067897797,80.2283401489,45392,45402,10
12.9063100815,80.2282867432,45402,45412,10
12.9055500031,80.2282409668,45412,45422,10
12.904589653,80.2282028198,45422,45432,10
12.9034500122,80.2281494141,45432,45442,10
12.9018802643,80.2281036377,45442,45472,30
12.9018802643,80.2281036377,45472,45483,11
12.9015102386,80.2280578613,45483,45493,10
12.9008798599,80.2280197144,45493,45503,10
12.9002599716,80.2279891968,45503,45513,10
12.8998699188,80.2279663086,45513,45523,10
12.8994598389,80.2279586792,45523,45543,20
12.8994598389,80.2279586792,45543,45553,10
12.8992595673,80.2279510498,45553,45563,10
12.898639679,80.2279129028,45563,45573,10
12.8977203369,80.2278366089,45573,45583,10
12.8965797424,80.2277832031,45583,45593,10
12.8952903748,80.227722168,45593,45604,11
12.8941001892,80.2276687622,45604,45613,9
12.8933095932,80.2276077271,45613,45624,11
12.8932304382,80.2276000977,45624,45634,10
12.8929300308,80.2275238037,45634,45644,10
12.8922195435,80.2274398804,45644,45654,10
12.8912601471,80.2274398804,45654,45664,10
12.8900403976,80.2274398804,45664,45674,10
12.888879776,80.2274398804,45674,45684,10
12.8884296417,80.227432251,45684,45694,10
12.8882102966,80.2274093628,45694,45704,10
12.8875303268,80.2273101807,45704,45715,11
12.8865003586,80.2270889282,45715,45725,10
12.8853397369,80.2268218994,45725,45735,10
12.8848495483,80.2267913818,45735,45745,10
12.8847198486,80.2267913818,45745,45755,10
12.8840799332,80.2267837524,45755,45765,10
12.8831300735,80.2267684937,45765,45775,10
12.8819103241,80.2267837524,45775,45785,10
12.8805398941,80.2267837524,45785,45795,10
12.8790998459,80.2267990112,45795,45805,10
12.8776597977,80.2269134521,45805,45815,10
12.8766498566,80.2270126343,45815,45826,11
12.8764801025,80.2269592285,45826,45836,10
12.8764400482,80.2266387939,45836,45846,10
12.8764400482,80.2265625,45846,45856,10
12.876449585,80.2264633179,45856,45866,10
12.8765201569,80.2258987427,45866,45876,10
12.8766002655,80.2249984741,45876,45886,10
12.8767795563,80.2238082886,45886,45896,10
12.8770904541,80.2224578857,45896,45906,10
12.8774204254,80.2210388184,45906,45916,10
12.8777503967,80.2195892334,45916,45926,10
12.8780698776,80.2181167603,45926,45936,10
12.8783597946,80.2166900635,45936,45947,11
12.8787002563,80.2151107788,45947,45957,10
12.8789796829,80.2136383057,45957,45967,10
12.8792600632,80.2121582031,45967,45977,10
12.8791103363,80.2109222412,45977,45997,20
12.8791103363,80.2109222412,45997,46007,10
12.8788099289,80.2108764648,46007,46017,10
12.8780498505,80.2107467651,46017,46027,10
12.8771800995,80.2105865479,46027,46037,10
12.8764801025,80.2104568481,46037,46047,10
12.8756399155,80.2103118896,46047,46058,11
12.8744401932,80.2100982666,46058,46078,20
12.8744401932,80.2100982666,46078,46088,10
12.8744096756,80.2100906372,46088,46098,10
12.8744001389,80.2097015381,46098,46108,10
12.8747797012,80.2096405029,46108,47056,948
12.8748998642,80.2096099854,47056,47228,172
12.8749303818,80.2095870972,47228,47470,242
12.8749103546,80.2095794678,47470,47641,171
12.8749704361,80.2096328735,47641,47833,192
12.8749704361,80.2096328735,47833,47843,10
12.8746995926,80.2098388672,47843,48237,394
12.8746995926,80.2098388672,48237,48247,10
12.8746595383,80.2100524902,48247,48257,10
12.874830246,80.2101821899,48257,48267,10
12.8753900528,80.2102813721,48267,48277,10
12.8761396408,80.2104110718,48277,48287,10
12.876950264,80.2105636597,48287,48297,10
12.8777599335,80.2107391357,48297,48306,9
12.8785495758,80.2108764648,48306,48316,10
12.8790998459,80.2109680176,48316,48327,11
12.8792600632,80.2109985352,48327,48337,10
12.87940979,80.2110595703,48337,48348,11
12.8794698715,80.2113876343,48348,48357,9
12.8793497086,80.2119598389,48357,48368,11
12.8791599274,80.2129516602,48368,48378,10
12.8789596558,80.214012146,48378,48388,10
12.8787202835,80.215171814,48388,48398,10
12.8784503937,80.2163772583,48398,48408,10
12.8781995773,80.217628479,48408,48418,10
12.8779401779,80.2188873291,48418,48428,10
12.8776397705,80.2201309204,48428,48438,10
12.8773498535,80.2213821411,48438,48448,10
12.8770599365,80.2226409912,48448,48458,10
12.8767795563,80.2238922119,48458,48469,11
12.8766098022,80.2251205444,48469,48479,10
12.8764600754,80.2262191772,48479,48489,10
12.8764295578,80.2268600464,48489,48499,10
12.8764400482,80.2268676758,48499,48509,10
12.8765697479,80.2269210815,48509,48519,10
12.8770704269,80.2268829346,48519,48529,10
12.8779201508,80.2267990112,48529,48539,10
12.8789596558,80.2267303467,48539,48549,10
12.8801603317,80.2266921997,48549,48559,10
12.8812599182,80.2266693115,48559,48569,10
12.8825397491,80.2266693115,48569,48580,11
12.8840198517,80.2266464233,48580,48590,10
12.8850402832,80.2266387939,48590,48606,16
12.8852996826,80.2266616821,48606,48618,12
12.885840416,80.2267913818,48618,48628,10
12.8864803314,80.2269592285,48628,48637,9
12.8874397278,80.227180481,48637,48647,10
12.8884801865,80.2272567749,48647,48658,11
12.8886804581,80.2272567749,48658,48668,10
12.8891201019,80.2272720337,48668,48678,10
12.8899202347,80.2272796631,48678,48686,8
12.8906803131,80.2272796631,48686,48699,13
12.8921003342,80.2273101807,48699,48709,10
12.8924999237,80.2273330688,48709,48719,10
12.8929195404,80.2273788452,48719,48729,10
12.8941602707,80.2274703979,48729,48769,40
12.8941602707,80.2274703979,48769,48792,23
12.8951301575,80.2275619507,48792,48804,12
12.8962097168,80.2276229858,48804,48815,11
12.8974504471,80.2276611328,48815,48823,8
12.8984699249,80.2277374268,48823,48835,12
12.8998699188,80.2278213501,48835,48845,10
12.900560379,80.2278366089,48845,48875,30
12.900560379,80.2278366089,48875,48885,10
12.9008302689,80.2277984619,48885,48905,20
12.9008302689,80.2277984619,48905,48915,10
12.9009504318,80.2278366089,48915,48926,11
12.9013299942,80.227897644,48926,48936,10
12.9020004272,80.2279510498,48936,48945,9
12.9027500153,80.2279510498,48945,48956,11
12.902879715,80.2279510498,48956,48966,10
12.9030199051,80.2279586792,48966,48976,10
12.9034795761,80.2279968262,48976,48986,10
12.9042396545,80.2280426025,48986,48996,10
12.9052000046,80.2281036377,48996,49006,10
12.9065599442,80.2281723022,49006,49026,20
12.9065599442,80.2281723022,49026,49037,11
12.9067497253,80.2281799316,49037,49047,10
12.9070796967,80.2282409668,49047,49057,10
12.9077301025,80.2283172607,49057,49067,10
12.9086399078,80.2284622192,49067,49077,10
12.9097604752,80.2286376953,49077,49087,10
12.9109802246,80.2288284302,49087,49097,10
12.9121599197,80.2289962769,49097,49107,10
12.9132900238,80.2291717529,49107,49117,10
12.9140701294,80.2292633057,49117,49127,10
12.9141101837,80.2292633057,49127,49137,10
12.9144496918,80.2293167114,49137,49148,11
12.9152097702,80.2294311523,49148,49159,11
12.9162397385,80.2295913696,49159,49169,10
12.91726017,80.2297210693,49169,49179,10
12.9183397293,80.229888916,49179,49189,10
12.919260025,80.2299804688,49189,49199,10
12.9194602966,80.2300033569,49199,49209,10
12.9198799133,80.2300567627,49209,49219,10
12.9205799103,80.2301635742,49219,49229,10
12.9215097427,80.2302932739,49229,49239,10
12.9225997925,80.2304534912,49239,49249,10
12.923789978,80.2306594849,49249,49259,10
12.9250602722,80.2308120728,49259,49270,11
12.9262104034,80.2308883667,49270,49280,10
12.9263095856,80.2309036255,49280,49290,10
12.9264602661,80.2309188843,49290,49300,10
12.9270200729,80.2309875488,49300,49310,10
12.9278297424,80.2311019897,49310,49320,10
12.9286699295,80.2312393188,49320,49350,30
12.9286699295,80.2312393188,49350,49360,10
12.9290399551,80.231300354,49360,49370,10
12.9296798706,80.2314376831,49370,49381,11
12.9306201935,80.2316818237,49381,49391,10
12.931599617,80.2319869995,49391,49401,10
12.9325799942,80.2322998047,49401,49411,10
12.9336004257,80.2326965332,49411,49421,10
12.9337797165,80.2327804565,49421,49431,10
12.9339704514,80.2328796387,49431,49441,10
12.9345397949,80.2331619263,49441,49451,10
12.9353399277,80.2335205078,49451,49461,10
12.9356603622,80.2336883545,49461,49471,10
12.9360399246,80.2338562012,49471,49481,10
12.9366798401,80.234161377,49481,49492,11
12.937620163,80.2346191406,49492,49502,10
12.9386301041,80.2350997925,49502,49512,10
12.9394598007,80.2355117798,49512,49522,10
12.9398603439,80.2356796265,49522,49532,10
12.9400196075,80.2357635498,49532,49542,10
12.9406003952,80.2359390259,49542,49552,10
12.9414300919,80.2361526489,49552,49562,10
12.942440033,80.2364196777,49562,49572,10
12.9433002472,80.2369308472,49572,49582,10
12.9438199997,80.2374801636,49582,49592,10
12.9444599152,80.2381362915,49592,49602,10
12.9452400208,80.2389831543,49602,49612,10
12.9463596344,80.2395706177,49612,49623,11
12.9472799301,80.2399520874,49623,49633,10
12.9473495483,80.239982605,49633,49643,10
12.9475898743,80.2400665283,49643,49653,10
12.9481897354,80.2403335571,49653,49663,10
12.9488801956,80.2406005859,49663,49713,50
12.9488801956,80.2406005859,49713,49724,11
12.9490203857,80.2406768799,49724,49734,10
12.949549675,80.2408676147,49734,49744,10
12.9503602982,80.2411193848,49744,49754,10
12.9511003494,80.2413330078,49754,49764,10
12.9511203766,80.2413330078,49764,49774,10
12.9514904022,80.2414779663,49774,49784,10
12.9522104263,80.2417526245,49784,49794,10
12.9531002045,80.2421035767,49794,49804,10
12.9539203644,80.2424316406,49804,49814,10
12.9546604156,80.242729187,49814,49824,10
12.955450058,80.2430114746,49824,49835,11
12.9562797546,80.2432632446,49835,49845,10
12.9563798904,80.243309021,49845,49855,10
12.956489563,80.2433624268,49855,49865,10
12.9570302963,80.2436294556,49865,49875,10
12.9578399658,80.2440185547,49875,49885,10
12.9587602615,80.244392395,49885,49895,10
12.9589395523,80.2444610596,49895,49905,10
12.95911026,80.2445297241,49905,49915,10
12.95952034,80.244720459,49915,49925,10
12.9602298737,80.2450408936,49925,49935,10
12.9611597061,80.2454833984,49935,49945,10
12.9622297287,80.2460098267,49945,49956,11
12.963259697,80.2465209961,49956,49976,20
12.963259697,80.2465209961,49976,49986,10
12.9633197784,80.2465515137,49986,49996,10
12.9637002945,80.2467422485,49996,50006,10
12.9643201828,80.2469787598,50006,50016,10
12.965180397,80.2472763062,50016,50026,10
12.9661798477,80.2476425171,50026,50036,10
12.9668197632,80.2478866577,50036,50046,10
12.9668798447,80.2479400635,50046,50056,10
12.9669303894,80.2479782104,50056,50067,11
12.9674396515,80.2482376099,50067,50077,10
12.9682703018,80.2485580444,50077,50087,10
12.9693002701,80.2489700317,50087,50097,10
12.9704399109,80.249420166,50097,50107,10
12.9717597961,80.2498016357,50107,50117,10
12.9730596542,80.2501525879,50117,50133,16
12.9743404388,80.2504882813,50133,50145,12
12.9745798111,80.250579834,50145,50153,8
12.9750299454,80.2507171631,50153,50165,12
12.9760799408,80.2510223389,50165,50175,10
12.9771699905,80.2514038086,50175,50185,10
12.9781999588,80.2521514893,50185,50196,11
12.9793796539,80.2525634766,50196,50206,10
12.979929924,80.2523727417,50206,50216,10
12.9799404144,80.2523422241,50216,50226,10
12.9799804688,80.252166748,50226,50236,10
12.9801397324,80.251663208,50236,50246,10
12.980389595,80.2508392334,50246,50256,10
12.980629921,80.2498092651,50256,50266,10
12.9807796478,80.2485580444,50266,50276,10
12.9808797836,80.247253418,50276,50286,10
12.9810199738,80.2458724976,50286,50297,11
12.981180191,80.244468689,50297,50307,10
12.9812402725,80.2436904907,50307,50317,10
12.9813499451,80.2433319092,50317,50327,10
12.9813604355,80.2427978516,50327,50347,20
12.9813604355,80.2427978516,50347,50357,10
12.9813699722,80.2425384521,50357,50367,10
12.9813699722,80.2420120239,50367,50377,10
12.9813604355,80.2417526245,50377,50387,10
12.9813604355,80.2412414551,50387,50397,10
12.9813404083,80.2404632568,50397,50408,11
12.9813404083,80.2397689819,50408,50418,10
12.981300354,80.2389907837,50418,50428,10
12.9812803268,80.2381515503,50428,50438,10
12.9812698364,80.2378768921,50438,50448,10
12.9812698364,80.2376403809,50448,50458,10
12.9812498093,80.2369918823,50458,50468,10
12.9812202454,80.2361526489,50468,50478,10
12.9812002182,80.2352905273,50478,50488,10
12.9811897278,80.2346191406,50488,50498,10
12.9813299179,80.2339782715,50498,50508,10
12.9815797806,80.2334671021,50508,50519,11
12.9816398621,80.2333526611,50519,50529,10
12.9817495346,80.2331390381,50529,50539,10
12.9819602966,80.2325973511,50539,50559,20
12.9819402695,80.2315216064,50559,50569,10
12.9818601608,80.2311019897,50569,50585,16
12.9815597534,80.2304382324,50585,50597,12
12.9811000824,80.2297134399,50597,50607,10
12.9808397293,80.2292633057,50607,50617,10
12.980629921,80.2289428711,50617,50627,10
12.9806098938,80.2289123535,50627,50639,12
12.9804000854,80.2285232544,50639,50649,10
12.9802503586,80.2281494141,50649,50659,10
12.9799499512,80.2276535034,50659,50668,9
12.979640007,80.2271575928,50668,50679,11
12.9791898727,80.2264404297,50679,50689,10
12.9787502289,80.2256774902,50689,50699,10
12.9782896042,80.2249221802,50699,50709,10
12.9780101776,80.2245407104,50709,50719,10
12.9777097702,80.2240524292,50719,50729,10
12.9772500992,80.2233123779,50729,50739,10
12.9771900177,80.2226715088,50739,50760,21
12.9771900177,80.2226715088,50760,50770,10
12.9774904251,80.2226486206,50770,50780,10
12.977519989,80.2222213745,50780,50790,10
12.9774703979,80.2213363647,50790,50810,20
12.9774703979,80.2213363647,50810,50820,10
12.9774599075,80.2212524414,50820,50830,10
12.9778604507,80.2212219238,50830,50840,10
12.9785003662,80.2211990356,50840,50850,10
12.9792804718,80.2211303711,50850,50861,11
12.9798402786,80.2210769653,50861,50871,10
12.9805402756,80.2210235596,50871,50881,10
12.9811401367,80.2211227417,50881,50891,10
12.9817304611,80.2214202881,50891,50901,10
12.9820995331,80.2217025757,50901,50921,20
12.9820995331,80.2217025757,50921,50931,10
12.9824399948,80.2218017578,50931,50941,10
12.9828701019,80.2219390869,50941,50951,10
12.9829902649,80.2219924927,50951,50961,10
12.9831600189,80.2220993042,50961,50972,11
12.9836101532,80.222366333,50972,50982,10
12.9841804504,80.2227020264,50982,50992,10
12.9845895767,80.2229614258,50992,51002,10
12.9851999283,80.2232437134,51002,51012,10
12.9855604172,80.2230911255,51012,51022,10
12.9861001968,80.2229537964,51022,51032,10
12.986530304,80.2229614258,51032,51042,10
12.9867801666,80.2230300903,51042,51052,10
12.9871797562,80.2230987549,51052,51062,10
12.987830162,80.2230377197,51062,51072,10
12.9884796143,80.2225494385,51072,51082,10
12.9891195297,80.2218399048,51082,51093,11
12.9897403717,80.2210388184,51093,51103,10
12.9904403687,80.2203826904,51103,51113,10
12.9905395508,80.2202911377,51113,51123,10
12.9909200668,80.2200317383,51123,51133,10
12.9914398193,80.2196121216,51133,51143,10
12.9919500351,80.2192230225,51143,51153,10
12.9926395416,80.2187271118,51153,51163,10
12.993350029,80.2182312012,51163,51173,10
12.9940004349,80.2177734375,51173,51183,10
12.994509697,80.2173919678,51183,51193,10
12.994799614,80.2171783447,51193,51204,11
12.995300293,80.2168502808,51204,51214,10
12.9958496094,80.2166595459,51214,51224,10
12.9965400696,80.2165527344,51224,51234,10
12.9971199036,80.2164993286,51234,51244,10
12.9975004196,80.2161483765,51244,51254,10
12.9975404739,80.2161102295,51254,51264,10
12.9979095459,80.2158203125,51264,51274,10
12.9984798431,80.2153015137,51274,51284,10
12.9990596771,80.2147979736,51284,51294,10
12.999329567,80.2145996094,51294,51304,10
12.9997997284,80.2141799927,51304,51315,11
13.0003004074,80.2137374878,51315,51325,10
13.000869751,80.213218689,51325,51335,10
13.0013999939,80.2128219604,51335,51345,10
13.0019702911,80.2124099731,51345,51355,10
13.0025901794,80.2121200562,51355,51365,10
13.0031404495,80.2120819092,51365,51375,10
13.0036201477,80.2119827271,51375,51385,10
13.0037097931,80.2117233276,51385,51395,10
13.0036802292,80.2110977173,51395,51405,10
13.0036001205,80.2103500366,51405,51415,10
13.0035295486,80.2095794678,51415,51426,11
13.0036802292,80.2088165283,51426,51436,10
13.004240036,80.2087020874,51436,51446,10
13.0050802231,80.2090835571,51446,51456,10
13.0058403015,80.2093887329,51456,51466,10
13.0061998367,80.2095108032,51466,51476,10
13.0065202713,80.2096099854,51476,51486,10
13.0069704056,80.2097167969,51486,51496,10
13.007399559,80.2097930908,51496,51516,20
13.007399559,80.2097930908,51516,51526,10
13.0075798035,80.2098999023,51526,51536,10
13.0079402924,80.2099609375,51536,51547,11
13.0081996918,80.2098312378,51547,51557,10
13.0080604553,80.2092132568,51557,51567,10
13.0079402924,80.208480835,51567,51577,10
13.0078201294,80.2076416016,51577,51587,10
13.0076799393,80.2067337036,51587,51597,10
13.0075702667,80.2058334351,51597,51607,10
13.0075302124,80.2050094604,51607,51617,10
13.0075302124,80.2041778564,51617,51627,10
13.0074195862,80.2033004761,51627,51637,10
13.0069198608,80.202507019,51637,51647,10
13.0066299438,80.2032012939,51647,51657,10
13.0072603226,80.2035675049,51657,51668,11
13.0081796646,80.2036972046,51668,51678,10
13.009180069,80.2036514282,51678,51688,10
13.010310173,80.2036132813,51688,51698,10
13.0116300583,80.2037277222,51698,51708,10
13.0128898621,80.2039794922,51708,51718,10
13.0136098862,80.2042007446,51718,51738,20
13.0136098862,80.2042007446,51738,51748,10
13.0137395859,80.2042770386,51748,51758,10
13.0136203766,80.2045822144,51758,51769,11
13.0133600235,80.2052764893,51769,51779,10
13.013250351,80.2057037354,51779,51789,10
13.0131101608,80.2061386108,51789,51799,10
13.0130300522,80.2068786621,51799,51809,10
13.012960434,80.2075424194,51809,51819,10
13.0129003525,80.2078781128,51819,51829,10
13.0128803253,80.2081069946,51829,51839,10
13.0128698349,80.2084274292,51839,51849,10
13.0129203796,80.2088317871,51849,51859,10
13.0130395889,80.2093582153,51859,51869,10
13.0131998062,80.209777832,51869,51879,10
13.0131502151,80.2102890015,51879,51890,11
13.0129699707,80.2109375,51890,51900,10
13.0126199722,80.2116470337,51900,51910,10
13.0122499466,80.2122573853,51910,51920,10
13.0119104385,80.2127609253,51920,51930,10
13.0116796494,80.2127075195,51930,51940,10
13.0111904144,80.2123184204,51940,51950,10
13.0106096268,80.2118988037,51950,51960,10
13.0101995468,80.2115631104,51960,51970,10
13.0096597672,80.2111816406,51970,52414,444
13.0096597672,80.2111816406,52414,52424,10
13.0093002319,80.2110366821,52424,52434,10
13.0092096329,80.2112426758,52434,52444,10
13.0090904236,80.2114105225,52444,52455,11
13.0090703964,80.2116622925,52455,52465,10
13.0091600418,80.2120132446,52465,52475,10
13.0092096329,80.2122268677,52475,52485,10
13.0093402863,80.212600708,52485,52495,10
13.009519577,80.213142395,52495,52505,10
13.0097999573,80.2137985229,52505,52515,10
13.0101003647,80.2146072388,52515,52525,10
13.010219574,80.2154998779,52525,52535,10
13.0106201172,80.2164993286,52535,52544,9
13.0111103058,80.2175598145,52544,52554,10
13.0115995407,80.2189102173,52554,52566,12
13.0121002197,80.2204437256,52566,52576,10
13.012339592,80.2211685181,52576,52586,10
13.0124702454,80.2215423584,52586,52596,10
13.0126800537,80.2219085693,52596,52606,10
13.0129098892,80.222076416,52606,52616,10
13.013420105,80.2226715088,52616,52626,10
13.0139503479,80.2232971191,52626,52636,10
13.0143299103,80.2238235474,52636,52646,10
13.0149002075,80.2244415283,52646,52656,10
13.0150299072,80.2245788574,52656,52666,10
13.0151395798,80.2245864868,52666,52676,10
13.0153503418,80.2249526978,52676,52687,11
13.0154600143,80.2253875732,52687,52697,10
13.0151700974,80.2257995605,52697,52707,10
13.0144996643,80.2260894775,52707,52717,10
13.0136404037,80.2264328003,52717,52727,10
13.0126495361,80.2268218994,52727,52737,10
13.0115404129,80.2272491455,52737,52747,10
13.0105304718,80.2276535034,52747,52757,10
13.0096502304,80.2278289795,52757,52767,10
13.0096797943,80.2271881104,52767,52777,10
13.0100803375,80.2263412476,52777,52787,10
13.0104904175,80.2253723145,52787,52798,11
13.0108699799,80.2244262695,52798,52808,10
13.0111398697,80.2238388062,52808,52818,10
13.0112400055,80.2231369019,52818,52828,10
13.0106201172,80.2228164673,52828,52837,9
13.0102701187,80.2226409912,52837,52848,11
13.0099201202,80.2224502563,52848,52858,10
13.0093002319,80.2221069336,52858,52868,10
13.0085897446,80.2217025757,52868,52878,10
13.0077495575,80.2212600708,52878,52888,10
13.0068798065,80.2208023071,52888,52898,10
13.0062398911,80.2205505371,52898,52909,11
13.0052204132,80.2203216553,52909,52919,10
13.0042200089,80.2201004028,52919,52929,10
13.0033102036,80.2198867798,52929,52939,10
13.0024404526,80.2194595337,52939,52949,10
13.001709938,80.2186813354,52949,52959,10
13.0010404587,80.218170166,52959,52969,10
13.0003795624,80.2177734375,52969,52979,10
12.9996404648,80.2173080444,52979,52989,10
12.9988698959,80.2169036865,52989,52999,10
12.9977703094,80.2165298462,52999,53009,10
12.9973297119,80.2164916992,53009,53019,10
12.9970903397,80.216506958,53019,53030,11
12.9963903427,80.2165603638,53030,53040,10
12.9955997467,80.2167434692,53040,53050,10
12.9949302673,80.2171020508,53050,53060,10
12.9944000244,80.2174987793,53060,53070,10
12.9939203262,80.2178573608,53070,53080,10
12.9932699203,80.2183074951,53080,53090,10
12.992600441,80.2188034058,53090,53100,10
12.9919099808,80.2193069458,53100,53110,10
12.9913597107,80.2197113037,53110,53120,10
12.9907503128,80.220161438,53120,53130,10
12.9900398254,80.2207183838,53130,53141,11
12.9894399643,80.2213516235,53141,53151,10
12.9890699387,80.221862793,53151,53161,10
12.9885196686,80.2225723267,53161,53171,10
12.987739563,80.2231216431,53171,53181,10
12.9876003265,80.2230987549,53181,53191,10
12.9873399734,80.2230911255,53191,53201,10
12.987039566,80.2230682373,53201,53211,10
12.9864997864,80.2229919434,53211,53221,10
12.9857902527,80.2230224609,53221,53231,10
12.9853096008,80.2232971191,53231,53241,10
12.984629631,80.2229995728,53241,53252,11
12.9839601517,80.2225799561,53252,53262,10
12.9832201004,80.2221221924,53262,53282,20
12.9832201004,80.2221221924,53282,53292,10
12.9830999374,80.222038269,53292,53302,10
12.9825801849,80.2218780518,53302,53312,10
12.9818897247,80.221496582,53312,53322,10
12.9811000824,80.2210998535,53322,53332,10
12.9803199768,80.2210998535,53332,53342,10
12.9795598984,80.2211303711,53342,53352,10
12.9789800644,80.2211685181,53352,53362,10
12.9781198502,80.2211914063,53362,53373,11
12.9772100449,80.2212600708,53373,53383,10
12.9764099121,80.2212371826,53383,53393,10
12.9761199951,80.2214736938,53393,53403,10
12.9763402939,80.2217712402,53403,53423,20
12.9763402939,80.2217712402,53423,53433,10
12.9764299393,80.2219314575,53433,53443,10
12.9766397476,80.2223129272,53443,53453,10
12.9770097733,80.2229232788,53453,53463,10
12.9775104523,80.2236862183,53463,53473,10
12.9780797958,80.2245635986,53473,53484,11
12.9786596298,80.2255325317,53484,53494,10
12.9790201187,80.2260971069,53494,53504,10
12.9793701172,80.2266921997,53504,53514,10
12.9798202515,80.227432251,53514,53524,10
12.9803104401,80.2282791138,53524,53534,10
12.9807796478,80.2290725708,53534,53544,10
12.981180191,80.2297592163,53544,53554,10
12.9816598892,80.2304534912,53554,53564,10
12.9816799164,80.230506897,53564,53574,10
12.9818296432,80.2308502197,53574,53584,10
12.9819602966,80.2313537598,53584,53594,10
12.9820098877,80.2319793701,53594,53605,11
12.9819202423,80.232749939,53605,53615,10
12.9816904068,80.2332763672,53615,53625,10
12.9815797806,80.2335510254,53625,53635,10
12.9815702438,80.2335586548,53635,53645,10
12.9813499451,80.2340011597,53645,53655,10
12.9812002182,80.2348098755,53655,53665,10
12.9812297821,80.2358322144,53665,53675,10
12.9812698364,80.2370300293,53675,53685,10
12.9812898636,80.2381820679,53685,53695,10
12.9813098907,80.2387237549,53695,53705,10
12.981300354,80.2388000488,53705,53716,11
12.9813098907,80.2393722534,53716,53726,10
12.9813404083,80.2398376465,53726,53736,10
12.9813604355,80.2405014038,53736,53746,10
12.9813699722,80.2412414551,53746,53756,10
12.9813699722,80.2419662476,53756,53766,10
12.9813804626,80.2423019409,53766,53776,10
12.9813899994,80.2423782349,53776,53786,10
12.9813899994,80.24243927,53786,53796,10
12.9813699722,80.2427902222,53796,53812,16
12.9813299179,80.2437362671,53812,53824,12
12.9811496735,80.2449035645,53824,53835,11
12.9809799194,80.2462615967,53835,53844,9
12.9808702469,80.2474594116,53844,53854,10
12.9807701111,80.2488479614,53854,53865,11
12.9805402756,80.2503890991,53865,53875,10
12.9802103043,80.2515792847,53875,53884,9
12.9800195694,80.2522735596,53884,53895,11
12.979929924,80.2525787354,53895,53966,71
12.979929924,80.2525787354,53966,53976,10
12.9798698425,80.252822876,53976,53986,10
12.9794197083,80.2527923584,53986,53996,10
12.9787302017,80.2526779175,53996,54006,10
12.9786500931,80.2526397705,54006,54016,10
12.9783000946,80.2524185181,54016,54026,10
12.977689743,80.2518920898,54026,54036,10
12.9767999649,80.2513427734,54036,54046,10
12.9756097794,80.2509613037,54046,54057,11
12.9743299484,80.2506027222,54057,54067,10
12.9730701447,80.2502670288,54067,54077,10
12.971739769,80.2499008179,54077,54087,10
12.9704904556,80.2495498657,54087,54097,10
12.969420433,80.2491226196,54097,54107,10
12.9682502747,80.2486572266,54107,54117,10
12.9670600891,80.2481613159,54117,54127,10
12.9661798477,80.2477264404,54127,54137,10
12.9652099609,80.2473983765,54137,54147,10
12.9649896622,80.2473220825,54147,54157,10
12.9649200439,80.2473068237,54157,54168,11
12.964389801,80.2471008301,54168,54178,10
12.9636297226,80.2468032837,54178,54188,10
12.9627504349,80.2463607788,54188,54198,10
12.9617204666,80.2458190918,54198,54208,10
12.9606399536,80.245300293,54208,54218,10
12.9596796036,80.2449035645,54218,54228,10
12.9593400955,80.244758606,54228,54238,10
12.9589195251,80.2445602417,54238,54248,10
12.9581604004,80.2442321777,54248,54258,10
12.9577198029,80.2440795898,54258,54268,10
12.9572000504,80.2439117432,54268,54285,17
12.9565496445,80.2436904907,54285,54327,42
12.9565496445,80.2436904907,54327,54337,10
12.9565000534,80.2436828613,54337,54347,10
12.9562902451,80.243598938,54347,54357,10
12.9558601379,80.2433929443,54357,54367,10
12.9550199509,80.2429733276,54367,54377,10
12.9541101456,80.2425765991,54377,54387,10
12.9531002045,80.2421722412,54387,54397,10
12.9519796371,80.2417526245,54397,54408,11
12.9516096115,80.2416305542,54408,54418,10
12.9513101578,80.2414932251,54418,54428,10
12.9506397247,80.2412490845,54428,54438,10
12.9498901367,80.2410202026,54438,54448,10
12.9493398666,80.2408599854,54448,54458,10
12.9491100311,80.2407989502,54458,54468,10
12.9486103058,80.2406082153,54468,54478,10
12.9477901459,80.240272522,54478,54488,10
12.9471302032,80.2400131226,54488,54498,10
12.9470596313,80.239982605,54498,54509,11
12.9466400146,80.2397994995,54509,54519,10
12.9459295273,80.2395019531,54519,54529,10
12.9450902939,80.2389984131,54529,54539,10
12.9442901611,80.2381591797,54539,54549,10
12.9434700012,80.2372665405,54549,54559,10
12.9431200027,80.2369308472,54559,54569,10
12.9426498413,80.2366027832,54569,54579,10
12.9418001175,80.2362976074,54579,54589,10
12.9407596588,80.2360534668,54589,54599,10
12.9399003983,80.2358093262,54599,54609,10
12.9397001266,80.235748291,54609,54619,10
12.9395999908,80.2357177734,54619,54630,11
12.9390096664,80.2354202271,54630,54640,10
12.9381103516,80.2349472046,54640,54650,10
12.9370803833,80.2344436646,54650,54660,10
12.9361600876,80.2340011597,54660,54670,10
12.9355297089,80.2337188721,54670,54680,10
12.934679985,80.2333374023,54680,54690,10
12.9338302612,80.2329483032,54690,54700,10
12.9337902069,80.2329406738,54700,54710,10
12.9334602356,80.2327804565,54710,54720,10
12.9327898026,80.2324981689,54720,54730,10
12.9318599701,80.232170105,54730,54741,11
12.9305801392,80.2317428589,54741,54757,16
12.9285097122,80.2312774658,54757,54769,12
12.9268503189,80.2310562134,54769,54779,10
12.9260797501,80.2310180664,54779,54789,10
12.9259901047,80.231010437,54789,54799,10
12.9254598618,80.2309417725,54799,54809,10
12.9246196747,80.2308273315,54809,54819,10
12.9236803055,80.2307128906,54819,54829,10
12.9222898483,80.2304992676,54829,54839,10
12.9208898544,80.2303009033,54839,54849,10
12.9195604324,80.230140686,54849,54859,10
12.9190998077,80.2301025391,54859,54870,11
12.9188203812,80.2300491333,54870,54880,10
12.9181404114,80.2299499512,54880,54890,10
12.9171695709,80.2298126221,54890,54900,10
12.9159803391,80.2296295166,54900,54910,10
12.9146900177,80.2294387817,54910,54920,10
12.9135503769,80.2293167114,54920,54930,10
12.9133501053,80.229309082,54930,54940,10
12.9132795334,80.2292785645,54940,54950,10
12.912730217,80.2291870117,54950,54960,10
12.9118299484,80.229057312,54960,54971,11
12.9105796814,80.2288818359,54971,54981,10
12.9092597961,80.2286682129,54981,54991,10
12.9079198837,80.2284469604,54991,55001,10
12.9070196152,80.2283477783,55001,55011,10
12.9063796997,80.2282867432,55011,55021,10
12.9063100815,80.2282867432,55021,55031,10
12.9059400558,80.2282714844,55031,55041,10
12.9051904678,80.2282409668,55041,55051,10
12.9041996002,80.2281799316,55051,55061,10
12.9017000198,80.2280502319,55061,55090,29
12.9017000198,80.2280502319,55090,55100,10
12.9015102386,80.2280578613,55100,55109,9
12.90102005,80.2280197144,55109,55121,12
12.9004402161,80.2279586792,55121,55131,10
12.9002799988,80.2279434204,55131,55141,10
12.8998804092,80.2279205322,55141,55150,9
12.8995599747,80.2279129028,55150,55160,10
12.8992004395,80.227897644,55160,55181,21
12.8992004395,80.227897644,55181,55191,10
12.8991203308,80.2278900146,55191,55202,11
12.8985395432,80.2278671265,55202,55212,10
12.8978395462,80.2277984619,55212,55222,10
12.8969697952,80.2277526855,55222,55232,10
12.8960695267,80.2276992798,55232,55242,10
12.8950195313,80.2276611328,55242,55252,10
12.8939199448,80.2276229858,55252,55262,10
12.8932504654,80.2275695801,55262,55272,10
12.893239975,80.2275695801,55272,55282,10
12.8929700851,80.2275085449,55282,55292,10
12.8926000595,80.2274703979,55292,55302,10
12.8925104141,80.2274627686,55302,55313,11
12.8920202255,80.2274169922,55313,55323,10
12.8912200928,80.2274017334,55323,55333,10
12.8902196884,80.2274093628,55333,55343,10
12.8892498016,80.2274017334,55343,55353,10
12.8884496689,80.2274093628,55353,55363,10
12.8884000778,80.2274093628,55363,55373,10
12.8881101608,80.2273864746,55373,55383,10
12.8873996735,80.2272872925,55383,55393,10
12.8864603043,80.2270889282,55393,55403,10
12.8854503632,80.2268295288,55403,55413,10
12.8848495483,80.2267837524,55413,55424,11
12.8846998215,80.2267684937,55424,55434,10
12.8840904236,80.2267684937,55434,55444,10
12.8831701279,80.2267913818,55444,55454,10
12.8820495605,80.2267990112,55454,55464,10
12.8808298111,80.2267990112,55464,55474,10
12.8794803619,80.2267990112,55474,55484,10
12.8781003952,80.2268829346,55484,55494,10
12.8770799637,80.2269668579,55494,55504,10
12.8764696121,80.2269515991,55504,55545,41
12.8764696121,80.2269515991,55545,55555,10
12.8763999939,80.2266998291,55555,55565,10
12.8764095306,80.2266235352,55565,55575,10
12.876449585,80.2262802124,55575,55585,10
12.876540184,80.2255096436,55585,55595,10
12.876660347,80.2244873047,55595,55605,10
12.8768997192,80.2232437134,55605,55615,10
12.8772001266,80.2218704224,55615,55625,10
12.8775196075,80.2204284668,55625,55635,10
12.8778400421,80.2190628052,55635,55645,10
12.8781299591,80.217628479,55645,55656,11
12.8784503937,80.2160186768,55656,55666,10
12.8787603378,80.2145614624,55666,55676,10
12.8790397644,80.2130966187,55676,55686,10
12.8793201447,80.2116394043,55686,55696,10
12.8791399002,80.2109375,55696,55706,10
12.8790597916,80.2109222412,55706,55716,10
12.8788003922,80.2108688354,55716,55726,10
12.8782100677,80.2107772827,55726,55736,10
12.8772296906,80.2105865479,55736,55746,10
12.876250267,80.2104034424,55746,55756,10
12.8753900528,80.2102508545,55756,55767,11
12.8744001389,80.2100601196,55767,55819,52
12.8744001389,80.2100601196,55819,55829,10
12.8743600845,80.2099304199,55829,55839,10
12.8744297028,80.2095794678,55839,55849,10
12.8746900558,80.209777832,55849,57070,1221
12.8746900558,80.209777832,57070,57080,10
12.8746700287,80.2098999023,57080,57089,9
12.8747196198,80.2101593018,57089,57100,11
12.8752698898,80.2102737427,57100,57110,10
12.8760004044,80.2103805542,57110,57120,10
12.8763904572,80.2104568481,57120,57130,10
12.8769798279,80.2105712891,57130,57141,11
12.8774595261,80.2106704712,57141,57151,10
12.8776302338,80.2107009888,57151,57161,10
12.8781204224,80.2107772827,57161,57171,10
12.8787002563,80.2108764648,57171,57181,10
12.8791799545,80.2109680176,57181,57191,10
12.879240036,80.2109832764,57191,57201,10
12.8793001175,80.2110137939,57201,57211,10
12.8795204163,80.2112426758,57211,57221,10
12.8793802261,80.2118606567,57221,57231,10
12.8792200089,80.2126922607,57231,57241,10
12.8790302277,80.213722229,57241,57252,11
12.8787899017,80.2149734497,57252,57261,9
12.8785600662,80.2160186768,57261,57272,11
12.8783397675,80.217086792,57272,57282,10
12.8780899048,80.2183227539,57282,57292,10
12.877790451,80.2196426392,57292,57302,10
12.8774795532,80.2210006714,57302,57312,10
12.8771696091,80.2223434448,57312,57322,10
12.8768796921,80.2236022949,57322,57332,10
12.8766698837,80.2248764038,57332,57342,10
12.8765201569,80.2261428833,57342,57352,10
12.8764696121,80.2268829346,57352,57363,11
12.8765001297,80.2269210815,57363,57373,10
12.8767595291,80.2269134521,57373,57383,10
12.8773899078,80.2268600464,57383,57393,10
12.8783197403,80.2267913818,57393,57403,10
12.8794898987,80.2267379761,57403,57413,10
12.8808298111,80.2267227173,57413,57423,10
12.8822402954,80.2266998291,57423,57433,10
12.8836698532,80.2266769409,57433,57443,10
12.8849000931,80.2266464233,57443,57453,10
12.8860702515,80.2268676758,57453,57463,10
12.8873796463,80.227180481,57463,57473,10
12.8887796402,80.2273178101,57473,57484,11
12.8903598785,80.2273330688,57484,57494,10
12.8917999268,80.2273178101,57494,57504,10
12.8928003311,80.2273712158,57504,57514,10
12.8938903809,80.2275009155,57514,57524,10
12.8942403793,80.2275085449,57524,57534,10
12.8943500519,80.2274780273,57534,57544,10
12.8949604034,80.2275238037,57544,57554,10
12.8958797455,80.2275619507,57554,57564,10
12.8970603943,80.2276077271,57564,57574,10
12.8983097076,80.2276916504,57574,57584,10
12.8995504379,80.2277526855,57584,57595,11
12.9005002975,80.2277908325,57595,57605,10
12.9010601044,80.2278518677,57605,57615,10
12.9015197754,80.227897644,57615,57625,10
12.902130127,80.2279205322,57625,57635,10
12.9027204514,80.2279510498,57635,57645,10
12.9027500153,80.2279586792,57645,57655,10
12.9029302597,80.2279663086,57655,57665,10
12.9035797119,80.2280197144,57665,57681,16
12.9050998688,80.2280883789,57681,57693,12
12.9057598114,80.2281036377,57693,57701,8
12.9060401917,80.2281112671,57701,57714,13
12.9062404633,80.2281417847,57714,57724,10
12.90625,80.2281417847,57724,57734,10
12.9064598083,80.2281799316,57734,57763,29
12.9064598083,80.2281799316,57763,57775,12
12.906920433,80.2282409668,57775,57785,10
12.9070196152,80.2282562256,57785,57795,10
12.9074602127,80.2283096313,57795,57805,10
12.9082803726,80.2284622192,57805,57816,11
12.9094896317,80.2286605835,57816,57826,10
12.9107704163,80.2288589478,57826,57836,10
12.9119997025,80.2290420532,57836,57846,10
12.9131803513,80.2292098999,57846,57856,10
12.9140396118,80.2293014526,57856,57866,10
12.9141302109,80.229309082,57866,57876,10
12.9146404266,80.2294006348,57876,57886,10
12.9154701233,80.2295379639,57886,57896,10
12.9165401459,80.2296829224,57896,57906,10
12.9177703857,80.2298583984,57906,57916,10
12.9188404083,80.2299880981,57916,57926,10
12.9193401337,80.2300415039,57926,57937,11
12.9198598862,80.2301101685,57937,57947,10
12.9206695557,80.23021698,57947,57957,10
12.9216804504,80.2303466797,57957,57967,10
12.9228897095,80.2305297852,57967,57977,10
12.9240999222,80.23072052,57977,57987,10
12.925359726,80.2308731079,57987,57997,10
12.926320076,80.2309417725,57997,58007,10
12.9264202118,80.2309417725,58007,58017,10
12.9268302917,80.231010437,58017,58027,10
12.927570343,80.2311019897,58027,58037,10
12.9285202026,80.2312393188,58037,58048,11
12.9297304153,80.2314910889,58048,58058,10
12.9308700562,80.2317962646,58058,58068,10
12.9320697784,80.2321929932,58068,58077,9
12.9337501526,80.2328109741,58077,58098,21
12.9337501526,80.2328109741,58098,58108,10
12.933930397,80.2329025269,58108,58118,10
12.9344997406,80.2331771851,58118,58128,10
12.9353103638,80.2335586548,58128,58138,10
12.9363002777,80.2340316772,58138,58148,10
12.9374303818,80.2345809937,58148,58158,10
12.938659668,80.2351913452,58158,58169,11
12.9397602081,80.2357025146,58169,58179,10
12.9398403168,80.2357330322,58179,58189,10
12.9400196075,80.2358093262,58189,58199,10
12.9406604767,80.236000061,58199,58209,10
12.9415903091,80.2362365723,58209,58219,10
12.942700386,80.2366027832,58219,58229,10
12.9437198639,80.2374267578,58229,58239,10
12.9444704056,80.2382507324,58239,58249,10
12.9457502365,80.2394104004,58249,58259,10
12.947019577,80.2399215698,58259,58269,10
12.9474601746,80.2400817871,58269,58280,11
12.9479198456,80.240272522,58280,58290,10
12.9489297867,80.2406692505,58290,58330,40
12.9489297867,80.2406692505,58330,58340,10
12.9492998123,80.240852356,58340,58350,10
12.9500598907,80.2410964966,58350,58360,10
12.950920105,80.2413406372,58360,58370,10
12.9511299133,80.2414016724,58370,58380,10
12.9513196945,80.2415008545,58380,58391,11
12.95195961,80.2417297363,58391,58401,10
12.9528102875,80.2420272827,58401,58411,10
12.9538602829,80.2424468994,58411,58421,10
12.9548797607,80.2428588867,58421,58430,9
12.9559602737,80.243270874,58430,58451,21
12.9559602737,80.243270874,58451,58461,10
12.9560499191,80.243309021,58461,58471,10
12.9563302994,80.2434082031,58471,58502,31
12.9563302994,80.2434082031,58502,58512,10
12.9568195343,80.2436294556,58512,58522,10
12.9575796127,80.2439575195,58522,58532,10
12.9584999084,80.2443313599,58532,58542,10
12.9589796066,80.2445297241,58542,58552,10
12.9591999054,80.2446517944,58552,58562,10
12.9598197937,80.2449417114,58562,58572,10
12.9606895447,80.2453536987,58572,58582,10
12.9617795944,80.2458724976,58582,58592,10
12.9629602432,80.2464294434,58592,58602,10
12.9635896683,80.2467422485,58602,58612,10
12.9642801285,80.2470397949,58612,58623,11
12.9652900696,80.2473983765,58623,58633,10
12.9663896561,80.2478027344,58633,58643,10
12.9668798447,80.2480010986,58643,58653,10
12.9669599533,80.2480621338,58653,58673,20
12.9684400558,80.2487182617,58673,58683,10
12.9696598053,80.2492218018,58683,58699,16
12.9719295502,80.249961853,58699,58711,12
12.9735803604,80.2503890991,58711,58719,8
12.9745397568,80.2506484985,58719,58731,12
12.9758796692,80.2510223389,58731,58742,11
12.9769697189,80.2513580322,58742,58752,10
12.9779901505,80.2520217896,58752,58762,10
12.9789199829,80.252571106,58762,58771,9
12.9795598984,80.2526016235,58771,58782,11
12.9799003601,80.2525024414,58782,58792,10
12.9799604416,80.2523803711,58792,58801,9
12.9799995422,80.2520294189,58801,58812,11
12.9802103043,80.2514419556,58812,58822,10
12.9804201126,80.2506484985,58822,58831,9
12.9804601669,80.2504806519,58831,58843,12
12.9805803299,80.2499694824,58843,58853,10
12.9807300568,80.2491607666,58853,58863,10
12.9808101654,80.248046875,58863,58873,10
12.980919838,80.2467269897,58873,58883,10
12.9810800552,80.2453079224,58883,58893,10
12.981180191,80.2441711426,58893,58903,10
12.9811897278,80.2439193726,58903,58913,10
12.9812202454,80.2437362671,58913,59034,121
12.9812898636,80.243637085,59034,59095,61
12.9812898636,80.243637085,59095,59105,10
12.9813604355,80.2433776855,59105,59115,10
12.9813804626,80.2432632446,59115,59123,8
12.9813899994,80.2431564331,59123,59136,13
12.9813499451,80.2428512573,59136,59160,24
12.9813499451,80.2428512573,59160,59170,10
12.9813604355,80.2425994873,59170,59180,10
12.9813499451,80.2420883179,59180,59191,11
12.9813604355,80.2412490845,59191,59201,10
12.9813404083,80.2402191162,59201,59211,10
12.9813098907,80.2392883301,59211,59221,10
12.9812803268,80.2384109497,59221,59231,10
12.9812803268,80.2379989624,59231,59240,9
12.9812698364,80.2379226685,59240,59253,13
12.9812602997,80.2376785278,59253,59262,9
12.9812498093,80.2370986938,59262,59275,13
12.9812097549,80.2359771729,59275,59285,10
12.9811897278,80.2350921631,59285,59295,10
12.9812498093,80.234161377,59295,59306,11
12.9816303253,80.2333221436,59306,59316,10
12.9816904068,80.2332000732,59316,59326,10
12.9819002151,80.232749939,59326,59336,10
12.9820203781,80.2323226929,59336,59346,10
12.9819803238,80.232093811,59346,59356,10
12.9819498062,80.2316207886,59356,59366,10
12.9818897247,80.2312088013,59366,59376,10
12.9817199707,80.2307815552,59376,59386,10
12.9813699722,80.2302017212,59386,59395,9
12.9810199738,80.2296600342,59395,59406,11
12.9808797836,80.2293701172,59406,59416,10
12.9808301926,80.2293014526,59416,59427,11
12.9806900024,80.229133606,59427,59437,10
12.980629921,80.2289810181,59437,59447,10
12.9804897308,80.2287521362,59447,59456,9
12.9802999496,80.2283782959,59456,59467,11
12.9800300598,80.2278823853,59467,59477,10
12.9796800613,80.2273025513,59477,59487,10
12.9793395996,80.2267379761,59487,59497,10
12.9790296555,80.2262268066,59497,59507,10
12.9787502289,80.2257995605,59507,59518,11
12.9784402847,80.2252807617,59518,59529,11
12.9779996872,80.2246322632,59529,59539,10
12.9777202606,80.2242279053,59539,59549,10
12.9776601791,80.2240982056,59549,59559,10
12.9774198532,80.2236709595,59559,59568,9
12.9770202637,80.2230300903,59568,59579,11
12.9771604538,80.2227325439,59579,59591,12
12.9772195816,80.2227172852,59591,59601,10
12.9774599075,80.2227020264,59601,59611,10
12.977519989,80.2222366333,59611,59621,10
12.9774904251,80.221496582,59621,59631,10
12.9775495529,80.2212371826,59631,59642,11
12.9781398773,80.2212371826,59642,59652,10
12.9789400101,80.2211990356,59652,59662,10
12.9793996811,80.2211532593,59662,59672,10
12.9800796509,80.2210998535,59672,59682,10
12.9806203842,80.2210693359,59682,59692,10
12.9812602997,80.2211685181,59692,59702,10
12.9818096161,80.2215194702,59702,59712,10
12.9821596146,80.2217407227,59712,59722,10
12.9825801849,80.2219009399,59722,59732,10
12.9830503464,80.2220611572,59732,59742,10
12.9831800461,80.2221298218,59742,59753,11
12.9835500717,80.2223815918,59753,59763,10
12.9838600159,80.2225723267,59763,59773,10
12.984290123,80.2228317261,59773,59783,10
12.9848899841,80.2231903076,59783,59793,10
12.9854202271,80.2233428955,59793,59803,10
12.9856100082,80.2231369019,59803,59813,10
12.9862003326,80.2230224609,59813,59823,10
12.9867601395,80.2230377197,59823,59833,10
12.987159729,80.2230987549,59833,59843,10
12.9874696732,80.2231369019,59843,59853,10
12.9879302979,80.2230224609,59853,59864,11
12.988530159,80.2225189209,59864,59874,10
12.9890098572,80.2220230103,59874,59884,10
12.9893798828,80.2215499878,59884,59894,10
12.9897203445,80.2211685181,59894,59914,20
12.9897203445,80.2211685181,59914,59924,10
12.9901103973,80.2208023071,59924,59972,48
12.9901103973,80.2208023071,59972,59983,11
12.9903898239,80.2204971313,59983,59993,10
12.9905395508,80.2203598022,59993,60003,10
12.9906902313,80.2202529907,60003,60009,6
12.9907999039,80.2201385498,60009,60023,14
12.9911003113,80.2198867798,60023,60033,10
12.9912900925,80.2197265625,60033,60043,10
12.9917097092,80.2194213867,60043,60053,10
12.9920301437,80.2191772461,60053,60063,10
12.9925804138,80.218788147,60063,60073,10
12.9931497574,80.2183685303,60073,60083,10
12.9936599731,80.2180099487,60083,60093,10
12.9940795898,80.2177429199,60093,60117,24
12.995059967,80.2170333862,60117,60129,12
12.9956998825,80.2167434692,60129,60139,10
12.9964704514,80.2165908813,60139,60149,10
12.997130394,80.216506958,60149,60159,10
12.9975700378,80.2161026001,60159,60169,10
12.9976797104,80.2160186768,60169,60177,8
12.9979295731,80.2157897949,60177,60189,12
12.9985904694,80.2152023315,60189,60199,10
12.9991502762,80.2147369385,60199,60210,11
12.9995098114,80.2144393921,60210,60221,11
12.9999704361,80.2140426636,60221,60231,10
13.00041008,80.2136383057,60231,60241,10
13.00096035,80.2131729126,60241,60251,10
13.0014600754,80.2127838135,60251,60261,10
13.0019397736,80.2124176025,60261,60271,10
13.0023403168,80.2122268677,60271,60281,10
13.0028095245,80.2121200562,60281,60291,10
13.0035600662,80.212059021,60291,60301,10
13.0037002563,80.2115478516,60301,60311,10
13.003660202,80.2108535767,60311,60321,10
13.0035495758,80.2099990845,60321,60332,11
13.0036096573,80.2091827393,60332,60342,10
13.0039701462,80.2086334229,60342,60352,10
13.0048398972,80.2090072632,60352,60362,10
13.0056600571,80.2093734741,60362,60378,16
13.0060396194,80.2095184326,60378,60390,12
13.0064401627,80.2096481323,60390,60398,8
13.0067396164,80.2097625732,60398,60410,12
13.0072402954,80.2098312378,60410,60430,20
13.0072402954,80.2098312378,60430,60441,11
13.0073795319,80.2098770142,60441,60451,10
13.0076704025,80.2099380493,60451,60461,10
13.008099556,80.2100372314,60461,60471,10
13.0081300735,80.2095870972,60471,60481,10
13.0080003738,80.2089080811,60481,60491,10
13.0078401566,80.2079772949,60491,60501,10
13.0076904297,80.20703125,60501,60511,10
13.0075597763,80.2061004639,60511,60521,10
13.007519722,80.2051925659,60521,60531,10
13.007519722,80.2043075562,60531,60541,10
13.0074501038,80.2035903931,60541,60552,11
13.0071897507,80.2026062012,60552,60562,10
13.0065097809,80.2029571533,60562,60572,10
13.007060051,80.2035217285,60572,60592,20
13.0087604523,80.2037200928,60592,60608,16
13.0104904175,80.2036590576,60608,60620,12
13.0119104385,80.2037963867,60620,60628,8
13.0128202438,80.2040023804,60628,60640,12
13.0136995316,80.2042922974,60640,60650,10
13.0136699677,80.2045669556,60650,60660,10
13.0136003494,80.2047424316,60660,60671,11
13.0135498047,80.204788208,60671,60681,10
13.0134601593,80.205039978,60681,60690,9
13.0133104324,80.2055130005,60690,60701,11
13.0130796432,80.2063369751,60701,60711,10
13.0129995346,80.2071533203,60711,60721,10
13.0129098892,80.2077636719,60721,60731,10
13.0128803253,80.208152771,60731,60741,10
13.0128698349,80.2085571289,60741,60751,10
13.0129098892,80.2089614868,60751,60761,10
13.0130395889,80.2095108032,60761,60771,10
13.0131902695,80.2099609375,60771,60782,11
13.0130796432,80.2107162476,60782,60792,10
13.0128202438,80.2114028931,60792,60802,10
13.0124597549,80.2119903564,60802,60812,10
13.0121498108,80.2124404907,60812,60822,10
13.0119199753,80.2127914429,60822,60832,10
13.0117797852,80.2128219604,60832,60842,10
13.0114002228,80.2125091553,60842,60852,10
13.0107803345,80.212059021,60852,60862,10
13.0101299286,80.2116012573,60862,61104,242
13.0101299286,80.2116012573,61104,61115,11
13.0099601746,80.2113876343,61115,61125,10
13.0097198486,80.2112426758,61125,61569,444
13.0093898773,80.2110595703,61569,61901,332
13.0093898773,80.2110595703,61901,61912,11
13.0092401505,80.2112121582,61912,61922,10
13.0090703964,80.21144104,61922,61932,10
13.0089998245,80.2116394043,61932,61942,10
13.0091199875,80.2119522095,61942,61952,10
13.0092601776,80.2124023438,61952,61962,10
13.0094604492,80.2129516602,61962,61972,10
13.0096797943,80.2135162354,61972,61982,10
13.0099096298,80.2140808105,61982,61992,10
13.0101203918,80.2146606445,61992,62002,10
13.010219574,80.2153701782,62002,62012,10
13.0104398727,80.2161178589,62012,62023,11
13.0108699799,80.2170562744,62023,62033,10
13.0112800598,80.2179794312,62033,62043,10
13.011639595,80.2189712524,62043,62053,10
13.0119600296,80.2199478149,62053,62063,10
13.0122499466,80.2208709717,62063,62072,9
13.0123996735,80.221496582,62072,62082,10
13.0127000809,80.2219390869,62082,62093,11
13.0131797791,80.2225570679,62093,62103,10
13.0136604309,80.2231216431,62103,62113,10
13.0141296387,80.2236709595,62113,62123,10
13.0145597458,80.2242126465,62123,62133,10
13.014960289,80.2246170044,62133,62144,11
13.0150003433,80.2246627808,62144,62154,10
13.0151395798,80.224822998,62154,62164,10
13.0153999329,80.2251586914,62164,62174,10
13.0154895782,80.225440979,62174,62184,10
13.0153999329,80.2257537842,62184,62194,10
13.0151996613,80.2258987427,62194,62204,10
13.0151796341,80.2259063721,62204,62214,10
13.0149898529,80.226020813,62214,62224,10
13.0145196915,80.2261581421,62224,62234,10
13.0138902664,80.2264099121,62234,62244,10
13.0130596161,80.2267227173,62244,62255,11
13.0120296478,80.2271270752,62255,62265,10
13.0109796524,80.2275390625,62265,62275,10
13.0100297928,80.227897644,62275,62285,10
13.009519577,80.2277526855,62285,62295,10
13.0097198486,80.2271881104,62295,62305,10
13.0100803375,80.2263793945,62305,62315,10
13.0104598999,80.2254562378,62315,62325,10
13.0107402802,80.2247619629,62325,62335,10
13.0109300613,80.2241973877,62335,62345,10
13.0111598969,80.2236633301,62345,62355,10
13.0112304688,80.2234725952,62355,62366,11
13.0112600327,80.2232971191,62366,62376,10
13.0109796524,80.2230377197,62376,62386,10
13.0103397369,80.2227401733,62386,62395,9
13.0102901459,80.2227020264,62395,62406,11
13.0098495483,80.2224578857,62406,62416,10
13.0091600418,80.222076416,62416,62426,10
13.0083999634,80.2216567993,62426,62436,10
13.0078601837,80.2213973999,62436,62446,10
13.0072202682,80.2210388184,62446,62456,10
13.006649971,80.2207336426,62456,62466,10
13.0059499741,80.2205505371,62466,62477,11
13.004940033,80.2203216553,62477,62487,10
13.0045995712,80.2202606201,62487,62497,10
13.0045795441,80.2202606201,62497,62507,10
13.0042104721,80.2201690674,62507,62517,10
13.0035495758,80.2200164795,62517,62527,10
13.0027599335,80.2197265625,62527,62537,10
13.0020599365,80.2191009521,62537,62547,10
13.0014600754,80.2185134888,62547,62557,10
13.0008401871,80.2180709839,62557,62567,10
13.0002098083,80.2176589966,62567,62577,10
12.9995498657,80.2172698975,62577,62587,10
12.998550415,80.2167663574,62587,62598,11
12.9976100922,80.2165374756,62598,62608,10
12.9974603653,80.2165298462,62608,62618,10
12.9973897934,80.2165222168,62618,62628,10
12.9968795776,80.2165374756,62628,62638,10
12.9961500168,80.2166519165,62638,62648,10
12.9950199127,80.2171020508,62648,62667,19
12.9950199127,80.2171020508,62667,62678,11
12.9946098328,80.2173614502,62678,62688,10
12.9940099716,80.2178192139,62688,62698,10
12.9933700562,80.2182617188,62698,62709,11
12.9925899506,80.2188262939,62709,62719,10
12.9917602539,80.2194366455,62719,62729,10
12.9910402298,80.2199630737,62729,62739,10
12.9906797409,80.2202529907,62739,62749,10
12.9906597137,80.2202911377,62749,62759,10
12.9902801514,80.2205734253,62759,62769,10
12.9897098541,80.2211380005,62769,62779,10
12.9892997742,80.2216186523,62779,62789,10
12.9886302948,80.2224197388,62789,62799,10
12.9878797531,80.2230300903,62799,62809,10
12.9875297546,80.2231216431,62809,62820,11
12.9874696732,80.2231063843,62820,62830,10
12.9870500565,80.2230682373,62830,62840,10
12.9866399765,80.2229690552,62840,62860,20
12.9866399765,80.2229690552,62860,62870,10
12.986410141,80.2229766846,62870,62880,10
12.9859399796,80.2229766846,62880,62890,10
12.9854803085,80.2232818604,62890,62900,10
12.9849996567,80.2232131958,62900,62910,10
12.9843797684,80.2228622437,62910,62920,10
12.9838600159,80.2225570679,62920,62931,11
12.983499527,80.2223434448,62931,62941,10
12.9832201004,80.2221298218,62941,62951,10
12.9832201004,80.2221221924,62951,62961,10
12.9830904007,80.222038269,62961,62971,10
12.9829502106,80.2219772339,62971,62981,10
12.9826097488,80.2218170166,62981,62991,10
12.982339859,80.2217636108,62991,63001,10
12.9821195602,80.2216873169,63001,63011,10
12.9816598892,80.2213668823,63011,63021,10
12.9809103012,80.2210388184,63021,63031,10
12.9799404144,80.2211227417,63031,63042,11
12.9789199829,80.2211914063,63042,63052,10
12.977930069,80.2212295532,63052,63062,10
12.9771099091,80.2212677002,63062,63072,10
12.9766302109,80.2212600708,63072,63082,10
12.9764795303,80.2212295532,63082,63091,9
12.9763002396,80.221206665,63091,63102,11
12.9762201309,80.2216110229,63102,63132,30
12.9762201309,80.2216110229,63132,63142,10
12.9762897491,80.2217712402,63142,63152,10
12.9764699936,80.2221298218,63152,63163,11
12.9768800735,80.2227630615,63163,63173,10
12.9772796631,80.2234115601,63173,63183,10
12.9777603149,80.2241592407,63183,63193,10
12.9781599045,80.2248001099,63193,63203,10
12.9785203934,80.2253570557,63203,63213,10
12.9785900116,80.225479126,63213,63223,10
12.9788303375,80.2258987427,63223,63233,10
12.9792299271,80.2265701294,63233,63243,10
12.9796600342,80.2272720337,63243,63253,10
12.9799900055,80.2277832031,63253,63263,10
12.9803199768,80.2283630371,63263,63274,11
12.9806900024,80.2290115356,63274,63284,10
12.9809398651,80.2294616699,63284,63294,10
12.9813098907,80.2300415039,63294,63304,10
12.9816198349,80.2304763794,63304,63314,10
12.9816799164,80.2305984497,63314,63324,10
12.9818897247,80.2311172485,63324,63334,10
12.9820299149,80.2317962646,63334,63344,10
12.9820299149,80.2323226929,63344,63354,10
12.9819602966,80.2327575684,63354,63364,10
12.9817800522,80.2332229614,63364,63374,10
12.9816598892,80.2334594727,63374,63385,11
12.9815998077,80.233581543,63385,63395,10
12.9813699722,80.2340393066,63395,63405,10
12.9812002182,80.2347564697,63405,63415,10
12.9812202454,80.2357025146,63415,63425,10
12.9812402725,80.236541748,63425,63435,10
12.9812602997,80.2372283936,63435,63445,10
12.9812898636,80.23777771,63445,63455,10
12.9813098907,80.2385635376,63455,63475,20
12.9813098907,80.2385635376,63475,63485,10
12.9813098907,80.238861084,63485,63496,11
12.9813299179,80.2395172119,63496,63506,10
12.9813604355,80.2401809692,63506,63516,10
12.9813699722,80.2408828735,63516,63526,10
12.9813995361,80.2412261963,63526,63536,10
12.9813995361,80.2415084839,63536,63546,10
12.9813995361,80.2420883179,63546,63556,10
12.9814195633,80.2426834106,63556,63566,10
12.9814195633,80.2427597046,63566,63576,10
12.9814100266,80.243057251,63576,63586,10
12.9814195633,80.2431335449,63586,63596,10
12.9814300537,80.2432174683,63596,63607,11
12.9813604355,80.2437515259,63607,63617,10
12.9812202454,80.2444763184,63617,63627,10
12.9811000824,80.2454605103,63627,63637,10
12.9809598923,80.2466812134,63637,63647,10
12.9808397293,80.248008728,63647,63657,10
12.9807395935,80.249420166,63657,63667,10
12.9804601669,80.2507324219,63667,63677,10
12.9801702499,80.2518310547,63677,63687,10
12.980050087,80.2522277832,63687,63697,10
12.9798898697,80.2525787354,63697,63707,10
12.9798898697,80.2526092529,63707,63718,11
12.9798803329,80.252746582,63718,63728,10
12.9795303345,80.252746582,63728,63738,10
12.9788599014,80.2526702881,63738,63758,20
12.9788599014,80.2526702881,63758,63768,10
12.9786500931,80.2526092529,63768,63778,10
12.9781198502,80.2522735596,63778,63788,10
12.9774703979,80.2516784668,63788,63798,10
12.9766302109,80.2512893677,63798,63808,10
12.9755296707,80.2509613037,63808,63818,10
12.9743795395,80.250617981,63818,63828,10
12.9725599289,80.2501907349,63828,63859,31
12.9725599289,80.2501907349,63859,63869,10
12.9722499847,80.2501068115,63869,63879,10
12.9715595245,80.2499008179,63879,63889,10
12.9706497192,80.2496414185,63889,63899,10
12.9695796967,80.2492218018,63899,63909,10
12.9684696198,80.2487792969,63909,63919,10
12.9673900604,80.2483596802,63919,63929,10
12.9664802551,80.2479171753,63929,63939,10
12.9652700424,80.247467041,63939,63960,21
12.9652700424,80.247467041,63960,63970,10
12.9650602341,80.2473907471,63970,63980,10
12.964509964,80.2471923828,63980,63990,10
12.964099884,80.2470016479,63990,64000,10
12.9639797211,80.246963501,64000,64010,10
12.9636802673,80.2468414307,64010,64020,10
12.9631795883,80.24659729,64020,64030,10
12.962389946,80.2462081909,64030,64040,10
12.9614601135,80.2457504272,64040,64050,10
12.9604797363,80.2452926636,64050,64061,11
12.9593296051,80.2448196411,64061,64081,20
12.9593296051,80.2448196411,64081,64091,10
12.9591703415,80.244720459,64091,64101,10
12.9586200714,80.244468689,64101,64111,10
12.9579601288,80.2441864014,64111,64121,10
12.9573001862,80.2439727783,64121,64131,10
12.9568195343,80.2438735962,64131,64141,10
12.9567098618,80.2438583374,64141,64151,10
12.9566802979,80.2438583374,64151,64161,10
12.956489563,80.2437973022,64161,64192,31
12.956489563,80.2437973022,64192,64202,10
12.9562702179,80.2437133789,64202,64212,10
12.9558401108,80.2434616089,64212,64228,16
12.954750061,80.2429122925,64228,64240,12
12.9537296295,80.242477417,64240,64250,10
12.9529800415,80.2421798706,64250,64260,10
12.9516801834,80.2417221069,64260,64280,20
12.9516801834,80.2417221069,64280,64291,11
12.9512395859,80.2415466309,64291,64301,10
12.9505796432,80.241317749,64301,64309,8
12.950050354,80.2411499023,64309,64320,11
12.9493303299,80.2409591675,64320,64331,11
12.9486703873,80.2406692505,64331,64340,9
12.9479198456,80.2403717041,64340,64351,11
12.9471597672,80.2400665283,64351,64361,10
12.9470796585,80.2400436401,64361,64371,10
12.9467897415,80.2399291992,64371,64381,10
12.9462003708,80.2396774292,64381,64391,10
12.9454097748,80.2393035889,64391,64402,11
12.9446496964,80.2385787964,64402,64412,10
12.9438695908,80.2377624512,64412,64422,10
12.9432401657,80.2371520996,64422,64432,10
12.9432296753,80.2371368408,64432,64442,10
12.9429502487,80.236869812,64442,64452,10
12.9422702789,80.2365188599,64452,64462,10
12.9413404465,80.2362670898,64462,64472,10
12.9402198792,80.2359771729,64472,64482,10
12.9396696091,80.2358016968,64482,64492,10
12.9396400452,80.235786438,64492,64502,10
12.9392404556,80.2355804443,64502,64513,11
12.93846035,80.2351837158,64513,64523,10
12.9375896454,80.2347488403,64523,64533,10
12.9365797043,80.2342605591,64533,64543,10
12.9355802536,80.2337799072,64543,64553,10
12.934510231,80.2332992554,64553,64563,10
12.9339103699,80.233039856,64563,64573,10
12.9338598251,80.2330169678,64573,64583,10
12.9337701797,80.2329483032,64583,64593,10
12.9332799911,80.2327194214,64593,64603,10
12.9325199127,80.232421875,64603,64613,10
12.9315900803,80.2321166992,64613,64623,10
12.9304599762,80.2317581177,64623,64634,11
12.9292402267,80.2314376831,64634,64644,10
12.9285202026,80.2313232422,64644,64654,10
12.9277601242,80.2312088013,64654,64664,10
12.9268798828,80.2311096191,64664,64674,10
12.9260101318,80.2310409546,64674,64694,20
12.9260101318,80.2310409546,64694,64704,10
12.9256401062,80.2309875488,64704,64714,10
12.9250001907,80.2309112549,64714,64724,10
12.9241399765,80.2308197021,64724,64734,10
12.9230899811,80.2306671143,64734,64745,11
12.9217395782,80.2304534912,64745,64755,10
12.9204502106,80.2302932739,64755,64765,10
12.9194498062,80.2301635742,64765,64775,10
12.9190196991,80.2301177979,64775,64785,10
12.9189796448,80.2301177979,64785,64795,10
12.9185304642,80.2300491333,64795,64805,10
12.9177598953,80.2299423218,64805,64815,10
12.9169397354,80.2298278809,64815,64825,10
12.916009903,80.2296905518,64825,64835,10
12.9149503708,80.2295379639,64835,64845,10
12.9133701324,80.2293624878,64845,64866,21
12.9133701324,80.2293624878,64866,64876,10
12.9132204056,80.2293167114,64876,64886,10
12.9126396179,80.2292175293,64886,64896,10
12.9118003845,80.2291030884,64896,64906,10
12.9107398987,80.2289428711,64906,64916,10
12.9095201492,80.2287368774,64916,64926,10
12.9082603455,80.2285308838,64926,64936,10
12.9075098038,80.2284622192,64936,64956,20
12.9075098038,80.2284622192,64956,64967,11
12.9072399139,80.2283935547,64967,64977,10
12.9066400528,80.2283325195,64977,64987,10
12.90625,80.228302002,64987,64997,10
12.9061403275,80.2282867432,64997,65007,10
12.9056196213,80.2282562256,65007,65017,10
12.9047803879,80.2282028198,65017,65027,10
12.9037599564,80.2281570435,65027,65037,10
12.9026899338,80.2281036377,65037,65047,10
12.9017000198,80.2280731201,65047,65078,31
12.9017000198,80.2280731201,65078,65088,10
12.9016799927,80.2280502319,65088,65098,10
12.9012804031,80.2280502319,65098,65108,10
12.9008398056,80.2279968262,65108,65118,10
12.9003601074,80.2279663086,65118,65128,10
12.8999700546,80.2279281616,65128,65138,10
12.8995399475,80.2279205322,65138,65148,10
12.8992395401,80.2279205322,65148,65168,20
12.8992395401,80.2279205322,65168,65178,10
12.8990097046,80.2278823853,65178,65189,11
12.8983402252,80.2278289795,65189,65199,10
12.8974704742,80.2277832031,65199,65209,10
12.8964595795,80.2277374268,65209,65219,10
12.8953399658,80.2276916504,65219,65229,10
12.8943500519,80.2276382446,65229,65239,10
12.8932304382,80.2275390625,65239,65249,10
12.8929195404,80.2275085449,65249,65259,10
12.8928499222,80.2275085449,65259,65269,10
12.8924999237,80.2274703979,65269,65289,20
12.8924999237,80.2274703979,65289,65300,11
12.8921804428,80.227432251,65300,65310,10
12.8914899826,80.2274017334,65310,65320,10
12.8905601501,80.2274017334,65320,65330,10
12.8894395828,80.2274017334,65330,65340,10
12.8884897232,80.2274017334,65340,65350,10
12.8884000778,80.2274017334,65350,65360,10
12.888299942,80.2273788452,65360,65370,10
12.8878297806,80.2273406982,65370,65380,10
12.8870096207,80.2272109985,65380,65390,10
12.8860197067,80.2269821167,65390,65400,10
12.8848199844,80.2267608643,65400,65421,21
12.8848199844,80.2267608643,65421,65431,10
12.8845300674,80.2267532349,65431,65441,10
12.8838500977,80.2267379761,65441,65451,10
12.882900238,80.2267532349,65451,65461,10
12.8817501068,80.2267608643,65461,65471,10
12.8805398941,80.2267608643,65471,65481,10
12.879360199,80.2267608643,65481,65490,9
12.8782501221,80.2268218994,65490,65501,11
12.876540184,80.2269973755,65501,65552,51
12.876540184,80.2269973755,65552,65562,10
12.8764400482,80.2269210815,65562,65572,10
12.8764200211,80.2265930176,65572,65592,20
12.8764200211,80.2265930176,65592,65602,10
12.8764400482,80.2262878418,65602,65612,10
12.876540184,80.2256317139,65612,65622,10
12.8766298294,80.2247009277,65622,65632,10
12.876830101,80.2236022949,65632,65643,11
12.8771600723,80.2222137451,65643,65653,10
12.8774499893,80.2209472656,65653,65661,8
12.8776702881,80.2200317383,65661,65673,12
12.877989769,80.2185974121,65673,65683,10
12.8782596588,80.2172470093,65683,65693,10
12.8785400391,80.2158508301,65693,65703,10
12.8788404465,80.2144393921,65703,65713,10
12.8790397644,80.2133331299,65713,65723,10
12.8793201447,80.2118301392,65723,65733,10
12.8790998459,80.2109680176,65733,65754,21
12.8790998459,80.2109680176,65754,65764,10
12.8790302277,80.2109680176,65764,65774,10
12.8786201477,80.210899353,65774,65784,10
12.8779802322,80.2107925415,65784,65794,10
12.8773603439,80.2106704712,65794,65804,10
12.8766403198,80.2105331421,65804,65813,9
12.8759202957,80.2103881836,65813,65824,11
12.8744401932,80.2101287842,65824,65864,40
12.8744401932,80.2101287842,65864,65875,11
12.8743495941,80.2100067139,65875,65885,10
12.8743896484,80.2097015381,65885,65895,10
12.8747797012,80.2096862793,65895,65965,70
12.8746204376,80.2098312378,65965,66571,606
12.8746204376,80.2098312378,66571,66581,10
12.8746995926,80.2098464966,66581,66591,10
12.8746700287,80.2100601196,66591,66601,10
12.8747596741,80.2101898193,66601,66611,10
12.8749303818,80.2102127075,66611,66631,20
12.8749303818,80.2102127075,66631,66641,10
12.8751602173,80.2102584839,66641,66651,10
12.8754997253,80.2103271484,66651,66662,11
12.8758096695,80.2103881836,66662,66672,10
12.8761100769,80.2104415894,66672,66682,10
12.8764600754,80.2105102539,66682,66692,10
12.8769302368,80.210609436,66692,66702,10
12.8774003983,80.2107009888,66702,66711,9
12.8776903152,80.2107620239,66711,66722,11
12.8781995773,80.2108612061,66722,66732,10
12.8787498474,80.2109603882,66732,66742,10
12.8792104721,80.2110366821,66742,66773,31
12.8792104721,80.2110366821,66773,66783,10
12.8793001175,80.2110824585,66783,66793,10
12.8794803619,80.2113494873,66793,66803,10
12.8793401718,80.212020874,66803,66813,10
12.8791799545,80.212928772,66813,66823,10
12.8789796829,80.2139663696,66823,66833,10
12.8787698746,80.2150878906,66833,66843,10
12.8785200119,80.2161865234,66843,66853,10
12.8783197403,80.2172012329,66853,66863,10
12.8781099319,80.2182388306,66863,66873,10
12.8778800964,80.2192687988,66873,66884,11
12.8776197433,80.2203979492,66884,66894,10
12.8773803711,80.2214126587,66894,66904,10
12.8771400452,80.2224807739,66904,66914,10
12.8768796921,80.2236022949,66914,66924,10
12.8766899109,80.2247314453,66924,66934,10
12.8765697479,80.2258682251,66934,66944,10
12.8764696121,80.2265625,66944,66954,10
12.8764600754,80.2268295288,66954,67025,71
12.8764600754,80.2268295288,67025,67035,10
12.8766202927,80.2269668579,67035,67045,10
12.8770198822,80.2269287109,67045,67055,10
12.8777599335,80.2268829346,67055,67065,10
12.8787202835,80.2268218994,67065,67075,10
12.8797998428,80.2267837524,67075,67085,10
12.8809299469,80.2267684937,67085,67095,10
12.8820896149,80.2267608643,67095,67105,10
12.8832702637,80.2267608643,67105,67116,11
12.8844804764,80.2267379761,67116,67126,10
12.8851299286,80.2267227173,67126,67136,10
12.8851995468,80.2267303467,67136,67146,10
12.8853797913,80.2267608643,67146,67156,10
12.8859195709,80.2268981934,67156,67166,10
12.8866901398,80.2270965576,67166,67176,10
12.8875703812,80.2272720337,67176,67186,10
12.8884496689,80.2273406982,67186,67196,10
12.8885402679,80.2273406982,67196,67206,10
12.8889598846,80.2273635864,67206,67216,10
12.8896903992,80.2273635864,67216,67227,11
12.8907003403,80.2273712158,67227,67237,10
12.8915901184,80.2273712158,67237,67247,10
12.8920001984,80.2273483276,67247,67257,10
12.8920402527,80.2273483276,67257,67267,10
12.8923101425,80.2273788452,67267,67277,10
12.8929395676,80.2274475098,67277,67287,10
12.8937196732,80.2275466919,67287,67297,10
12.8941698074,80.2275772095,67297,67307,10
12.8942499161,80.2275924683,67307,67317,10
12.8947296143,80.2276306152,67317,67327,10
12.8955402374,80.2276687622,67327,67338,11
12.896490097,80.2276916504,67338,67348,10
12.8968801498,80.2276763916,67348,67378,30
12.8968801498,80.2276763916,67378,67388,10
12.8970804214,80.2276916504,67388,67418,30
12.8970804214,80.2276916504,67418,67428,10
12.8973903656,80.2276992798,67428,67438,10
12.8976202011,80.2277297974,67438,67449,11
12.8979797363,80.2277374268,67449,67459,10
12.8982496262,80.2277526855,67459,67469,10
12.8985099792,80.2277679443,67469,67479,10
12.8988304138,80.2277984619,67479,67489,10
12.8995304108,80.2278366089,67489,67509,20
12.8997097015,80.2278671265,67509,67607,98
12.8997097015,80.2278671265,67607,67618,11
12.8998203278,80.2278823853,67618,67628,10
12.8999795914,80.2278900146,67628,67638,10
12.9002799988,80.227897644,67638,67648,10
12.9006004333,80.2279205322,67648,67658,10
12.9008998871,80.2279281616,67658,67669,11
12.9013795853,80.2279891968,67669,67679,10
12.9020004272,80.228012085,67679,67689,10
12.9024496078,80.2280197144,67689,67719,30
12.9024496078,80.2280197144,67719,67729,10
12.9027299881,80.2280502319,67729,67739,10
12.9030199051,80.2280273438,67739,67749,10
12.9031496048,80.2280426025,67749,67759,10
12.9032201767,80.2280426025,67759,67769,10
12.9036798477,80.2280883789,67769,67780,11
12.904250145,80.2281265259,67780,67790,10
12.9047002792,80.2281265259,67790,67891,101
12.9047002792,80.2281265259,67891,67901,10
12.9051399231,80.2281723022,67901,67911,10
12.9053401947,80.2281723022,67911,67921,10
12.905500412,80.2281723022,67921,67931,10
12.9057798386,80.2281799316,67931,67941,10
12.9060697556,80.2282028198,67941,68052,111
12.9060697556,80.2282028198,68052,68062,10
12.9064903259,80.2282791138,68062,68072,10
12.9069700241,80.2283096313,68072,68082,10
12.9069900513,80.2283172607,68082,68092,10
12.9070997238,80.2283401489,68092,68102,10
12.9075899124,80.2284088135,68102,68112,10
12.9084100723,80.2285385132,68112,68123,11
12.9095401764,80.228729248,68123,68133,10
12.9107503891,80.2289199829,68133,68143,10
12.9118995667,80.2290878296,68143,68153,10
12.9130496979,80.2292480469,68153,68163,10
12.9139699936,80.229347229,68163,68203,40
12.9139699936,80.229347229,68203,68213,10
12.9143199921,80.2293930054,68213,68223,10
12.9149599075,80.2294769287,68223,68234,11
12.9159402847,80.2296218872,68234,68244,10
12.9168996811,80.2297515869,68244,68254,10
12.9176502228,80.2298583984,68254,68264,10
12.9184904099,80.2299804688,68264,68274,10
12.9191799164,80.2300415039,68274,68284,10
12.9192199707,80.2300491333,68284,68294,10
12.9192304611,80.2300491333,68294,68304,10
12.9196100235,80.2301101685,68304,68314,10
12.9202899933,80.2302017212,68314,68324,10
12.9211502075,80.2303237915,68324,68334,10
12.9221696854,80.23046875,68334,68345,11
12.923330307,80.2306518555,68345,68355,10
12.9239397049,80.2306900024,68355,68466,111
12.9239397049,80.2306900024,68466,68476,10
12.9241199493,80.2306976318,68476,68486,10
12.9246702194,80.230796814,68486,68496,10
12.925450325,80.2308883667,68496,68506,10
12.926199913,80.2309799194,68506,68516,10
12.9263601303,80.2309875488,68516,68526,10
12.926440239,80.2310180664,68526,68536,10
12.9269104004,80.2310714722,68536,68546,10
12.9276399612,80.2311630249,68546,68556,10
12.92827034,80.2312316895,68556,68566,10
12.9286499023,80.2312774658,68566,68577,11
12.9292697906,80.2314224243,68577,68587,10
12.9300603867,80.231590271,68587,68597,10
12.9309597015,80.231842041,68597,68607,10
12.9318199158,80.2321166992,68607,68617,10
12.932849884,80.2324676514,68617,68627,10
12.9334201813,80.2326965332,68627,68647,20
12.9334201813,80.2326965332,68647,68657,10
12.9336299896,80.2328109741,68657,68667,10
12.9341602325,80.2330474854,68667,68677,10
12.9348602295,80.2333679199,68677,68688,11
12.9355201721,80.2336730957,68688,68698,10
12.936050415,80.2339324951,68698,68708,10
12.9368000031,80.2342987061,68708,68718,10
12.9377002716,80.2347183228,68718,68728,10
12.9386796951,80.2351989746,68728,68738,10
12.9392204285,80.2354431152,68738,68748,10
12.9392900467,80.2354812622,68748,68758,10
12.9393501282,80.235496521,68758,68768,10
12.9396400452,80.2356796265,68768,68784,16
12.9406404495,80.236038208,68784,68797,13
12.9417695999,80.2363128662,68797,68807,10
12.9425401688,80.236541748,68807,68816,9
12.9434404373,80.237159729,68816,68827,11
12.9442195892,80.2380065918,68827,68837,10
12.9450101852,80.238861084,68837,68847,10
12.9457197189,80.239402771,68847,68857,10
12.9468803406,80.2398529053,68857,68876,19
12.9468803406,80.2398529053,68876,68887,11
12.9469804764,80.2398986816,68887,68897,10
12.9471597672,80.239982605,68897,68908,11
12.9477396011,80.2402191162,68908,68918,10
12.9482898712,80.240447998,68918,68928,10
12.9487600327,80.2406311035,68928,68938,10
12.9493999481,80.2408905029,68938,68948,10
12.9500598907,80.2410964966,68948,68958,10
12.9504299164,80.2412109375,68958,68967,9
12.9507703781,80.2413330078,68967,68977,10
12.9511499405,80.2414093018,68977,68987,10
12.9511995316,80.2414321899,68987,68998,11
12.9512395859,80.2414703369,68998,69008,10
12.9515399933,80.2416000366,69008,69018,10
12.9521198273,80.2418136597,69018,69029,11
12.9530000687,80.2421417236,69029,69039,10
12.953789711,80.2424468994,69039,69049,10
12.954460144,80.242729187,69049,69059,10
12.9551095963,80.2429885864,69059,69069,10
12.9560604095,80.243309021,69069,69200,131
12.9560604095,80.243309021,69200,69210,10
12.9567298889,80.2435531616,69210,69220,10
12.9573497772,80.2438583374,69220,69230,10
12.9580001831,80.244140625,69230,69240,10
12.958609581,80.2444000244,69240,69261,21
12.958609581,80.2444000244,69261,69271,10
12.9587097168,80.2444534302,69271,69281,10
12.9590997696,80.2446212769,69281,69291,10
12.9595804214,80.2448425293,69291,69301,10
12.9603004456,80.2451705933,69301,69311,10
12.9611797333,80.2455825806,69311,69321,10
12.9621400833,80.2460632324,69321,69331,10
12.962849617,80.2464065552,69331,69341,10
12.9634399414,80.246711731,69341,69351,10
12.9638900757,80.2469329834,69351,69362,11
12.9645700455,80.247177124,69362,69372,10
12.9653701782,80.2474517822,69372,69382,10
12.9658403397,80.2475891113,69382,69392,10
12.965880394,80.2476119995,69392,69402,10
12.9660596848,80.2476806641,69402,69418,16
12.9666595459,80.2479400635,69418,69450,32
12.9666595459,80.2479400635,69450,69460,10
12.9667901993,80.2480010986,69460,69470,10
12.9671802521,80.2482070923,69470,69481,11
12.9679098129,80.2485198975,69481,69491,10
12.9687404633,80.248840332,69491,69501,10
12.9696903229,80.2492218018,69501,69511,10
12.9706602097,80.2496032715,69511,69521,10
12.971739769,80.2499008179,69521,69531,10
12.972820282,80.2501907349,69531,69541,10
12.9738197327,80.2504577637,69541,69551,10
12.9747800827,80.2507171631,69551,69561,10
12.9755001068,80.2509078979,69561,69571,10
12.9756202698,80.2509384155,69571,69581,10
12.9757795334,80.2509765625,69581,69601,20
12.9765996933,80.2512283325,69601,69613,12
12.9772396088,80.2514724731,69613,69623,10
12.9776000977,80.2517089844,69623,69633,10
12.9780397415,80.2520980835,69633,69643,10
12.9784002304,80.2523803711,69643,69653,10
12.978890419,80.2525863647,69653,69936,283
12.978890419,80.2525863647,69936,69946,10
12.9792203903,80.2526092529,69946,69956,10
12.9795103073,80.2526016235,69956,69966,10
12.979809761,80.2525787354,69966,69976,10
12.9799203873,80.2523803711,69976,69986,10
12.9799404144,80.2522964478,69986,69996,10
12.9799900055,80.2519989014,69996,70006,10
12.9801702499,80.2514572144,70006,70016,10
12.980389595,80.2506866455,70016,70026,10
12.9805898666,80.2497787476,70026,70037,11
12.9807195663,80.2486190796,70037,70046,9
12.9807901382,80.2476196289,70046,70057,11
12.9808797836,80.2465591431,70057,70067,10
12.9809598923,80.24584198,70067,70341,274
12.9809703827,80.2454528809,70341,70483,142
12.981010437,80.2451782227,70483,70684,201
12.9810199738,80.2448196411,70684,70916,232
12.9810695648,80.2444381714,70916,70977,61
12.9811096191,80.2440490723,70977,71078,101
12.9811096191,80.2440490723,71078,71088,10
12.9811401367,80.2438964844,71088,71098,10
12.9812402725,80.2436981201,71098,71108,10
12.9812803268,80.243347168,71108,71118,10
12.9812498093,80.2430114746,71118,71169,51
12.9812498093,80.2430114746,71169,71179,10
12.9813203812,80.2426834106,71179,71189,10
12.9813299179,80.2425765991,71189,71199,10
12.9813299179,80.24243927,71199,71209,10
12.9813203812,80.2422332764,71209,71219,10
12.9813203812,80.2417221069,71219,71229,10
12.9813203812,80.2413635254,71229,71239,10
12.9813203812,80.2412185669,71239,71249,10
12.9813203812,80.2409515381,71249,71259,10
12.9813203812,80.240852356,71259,71270,11
12.9813098907,80.2406387329,71270,71280,10
12.9813098907,80.2404632568,71280,71290,10
12.981300354,80.2401275635,71290,71340,50
12.981300354,80.2401275635,71340,71350,10
12.981300354,80.2399673462,71350,71360,10
12.9812898636,80.2398910522,71360,71370,10
12.9812898636,80.2396011353,71370,71381,11
12.9812698364,80.2391204834,71381,71391,10
12.9812498093,80.2386169434,71391,71401,10
12.9812402725,80.2383575439,71401,71411,10
12.9812402725,80.2382583618,71411,71421,10
12.9812498093,80.2382202148,71421,71431,10
12.9812498093,80.2378234863,71431,71441,10
12.9812202454,80.2372436523,71441,71451,10
12.9812002182,80.2364501953,71451,71461,10
12.981180191,80.2357406616,71461,71471,10
12.9811601639,80.2353363037,71471,71481,10
12.9811496735,80.2350006104,71481,71492,11
12.9811496735,80.234916687,71492,71502,10
12.9811496735,80.2347183228,71502,71512,10
12.9811496735,80.2347106934,71512,71522,10
12.9811496735,80.23462677,71522,71532,10
12.9812202454,80.2341537476,71532,71552,20
12.9812202454,80.2341537476,71552,71562,10
12.981300354,80.2339324951,71562,71572,10
12.9813899994,80.2337417603,71572,71582,10
12.9814395905,80.2336425781,71582,71592,10
12.9815301895,80.2334671021,71592,71613,21
12.9815301895,80.2334671021,71613,71623,10
12.9817304611,80.2330780029,71623,71633,10
12.9819202423,80.2326126099,71633,71643,10
12.9819602966,80.232208252,71643,71653,10
12.9819498062,80.2319107056,71653,71663,10
12.9819202423,80.2314910889,71663,71673,10
12.9818000793,80.2310333252,71673,71683,10
12.9815397263,80.2305221558,71683,71693,10
12.9811201096,80.229850769,71693,71703,10
12.9808397293,80.2294235229,71703,71714,11
12.9806804657,80.2292022705,71714,71724,10
12.9806003571,80.229057312,71724,71734,10
12.9804496765,80.2287826538,71734,71744,10
12.9802598953,80.2283782959,71744,71754,10
12.980050087,80.2279891968,71754,71764,10
12.9797000885,80.2274169922,71764,71774,10
12.9794597626,80.2270431519,71774,71784,10
12.9792699814,80.2266998291,71784,71794,10
12.9788999557,80.2260971069,71794,71804,10
12.9784698486,80.225402832,71804,71814,10
12.9781904221,80.2249526978,71814,71824,10
12.9780597687,80.2247085571,71824,71835,11
12.9778299332,80.224357605,71835,71844,9
12.977809906,80.224319458,71844,71855,11
12.9776000977,80.223991394,71855,71865,10
12.9772500992,80.2234191895,71865,71875,10
12.9769496918,80.2229385376,71875,71885,10
12.9769096375,80.2228622437,71885,71895,10
12.9771203995,80.2227325439,71895,71915,20
12.9771203995,80.2227325439,71915,71925,10
12.9774503708,80.2226867676,71925,71935,10
12.9774904251,80.2224197388,71935,71946,11
12.9774503708,80.2217788696,71946,71956,10
12.9774303436,80.2213516235,71956,71966,10
12.9774398804,80.2212905884,71966,71976,10
12.9776697159,80.2212295532,71976,71986,10
12.9781904221,80.2212371826,71986,71996,10
12.9789104462,80.2211685181,71996,72006,10
12.9797096252,80.2211074829,72006,72016,10
12.9805603027,80.221031189,72016,72026,10
12.9812602997,80.2211837769,72026,72036,10
12.981880188,80.221572876,72036,72046,10
12.9824895859,80.2218475342,72046,72057,11
12.9829301834,80.2220230103,72057,72067,10
12.9829597473,80.222038269,72067,72077,10
12.9831495285,80.2221679688,72077,72087,10
12.9834604263,80.2223815918,72087,72097,10
12.9839000702,80.22265625,72097,72107,10
12.9842300415,80.2228317261,72107,72117,10
12.9846200943,80.2230834961,72117,72127,10
12.9851903915,80.2233276367,72127,72137,10
12.9855699539,80.2231521606,72137,72147,10
12.9861497879,80.2230224609,72147,72157,10
12.9865102768,80.2229995728,72157,72184,27
12.9872903824,80.2230987549,72184,72196,12
12.9879102707,80.2229614258,72196,72206,10
12.9883804321,80.2226028442,72206,72216,10
12.9889001846,80.2220611572,72216,72226,10
12.9893302917,80.2215194702,72226,72236,10
12.9899396896,80.2207870483,72236,72246,10
12.9904603958,80.2203521729,72246,72256,10
12.9905195236,80.2202987671,72256,72266,10
12.9908504486,80.2200469971,72266,72277,11
12.991230011,80.2197799683,72277,72287,10
12.9914398193,80.219619751,72287,72296,9
12.9918899536,80.219291687,72296,72307,11
12.9925699234,80.2188110352,72307,72317,10
12.9932699203,80.2182998657,72317,72327,10
12.9938297272,80.2179031372,72327,72337,10
12.9943399429,80.2175216675,72337,72347,10
12.9947900772,80.2171783447,72347,72357,10
12.9950504303,80.2170181274,72357,72367,10
12.9955997467,80.2167434692,72367,72377,10
12.9963798523,80.2165603638,72377,72388,11
12.9970197678,80.216506958,72388,72397,9
12.997179985,80.2164535522,72397,72408,11
12.9974403381,80.2161865234,72408,72418,10
12.9975404739,80.2161178589,72418,72428,10
12.9979400635,80.2157669067,72428,72438,10
12.9984798431,80.2152862549,72438,72448,10
12.9989995956,80.21484375,72448,72458,10
12.9992799759,80.2146224976,72458,72468,10
12.9997396469,80.2142105103,72468,72478,10
13.000169754,80.2138366699,72478,72487,9
13.0005998611,80.213432312,72487,72499,12
13.0010995865,80.2130432129,72499,72509,10
13.0014200211,80.2127914429,72509,72519,10
13.0017595291,80.2125473022,72519,72529,10
13.0022201538,80.212272644,72529,72539,10
13.002579689,80.2121429443,72539,72549,10
13.0025901794,80.2121429443,72549,72559,10
13.0028896332,80.2121200562,72559,72569,10
13.0032300949,80.2120895386,72569,72579,10
13.003569603,80.2119674683,72579,72589,10
13.0036401749,80.2118682861,72589,72599,10
13.0036497116,80.2114715576,72599,72610,11
13.0035896301,80.2106933594,72610,72620,10
13.003490448,80.2098693848,72620,72630,10
13.0035600662,80.2091827393,72630,72639,9
13.0037603378,80.2086715698,72639,72650,11
13.0044403076,80.2088623047,72650,72660,10
13.005200386,80.2092208862,72660,72670,10
13.00578022,80.2094497681,72670,72680,10
13.0062503815,80.2096176147,72680,72690,10
13.0068101883,80.2098007202,72690,72700,10
13.0072603226,80.2098617554,72700,72720,20
13.0072603226,80.2098617554,72720,72730,10
13.007349968,80.2099075317,72730,72741,11
13.0076398849,80.2099761963,72741,72751,10
13.0076799393,80.2099761963,72751,72761,10
13.0078697205,80.2100219727,72761,72771,10
13.0081100464,80.2100296021,72771,72781,10
13.0081100464,80.2096786499,72781,72790,9
13.0079898834,80.2091522217,72790,72801,11
13.0078496933,80.2081375122,72801,72811,10
13.0076999664,80.2071914673,72811,72821,10
13.0075798035,80.2064285278,72821,72831,10
13.0074996948,80.2056884766,72831,72842,11
13.0074701309,80.2050094604,72842,72852,10
13.0074596405,80.2042236328,72852,72862,10
13.0073795319,80.2034072876,72862,72872,10
13.0070495605,80.202583313,72872,72882,10
13.0064897537,80.2030563354,72882,72892,10
13.0070199966,80.2035598755,72892,72902,10
13.0077800751,80.2037582397,72902,72912,10
13.0085897446,80.2037582397,72912,72922,10
13.0101604462,80.2036819458,72922,72932,10
13.0111999512,80.203742981,72932,72942,10
13.0120201111,80.2038574219,72942,72953,11
13.0130901337,80.2041015625,72953,72963,10
13.0136203766,80.2045822144,72963,72983,20
13.0136203766,80.2045822144,72983,72993,10
13.0135297775,80.2048110962,72993,73003,10
13.0133495331,80.205291748,73003,73013,10
13.0130901337,80.2060089111,73013,73023,10
13.0129404068,80.206817627,73023,73033,10
13.0128698349,80.2074584961,73033,73043,10
13.0128297806,80.2078170776,73043,73053,10
13.0127801895,80.2082901001,73053,73064,11
13.0127801895,80.2084274292,73064,73074,10
13.0127897263,80.2086715698,73074,73084,10
13.0128898621,80.2092590332,73084,73094,10
13.0131196976,80.2097930908,73094,73104,10
13.0130596161,80.2103271484,73104,73114,10
13.0129499435,80.2109298706,73114,73124,10
13.0127000809,80.2114868164,73124,73134,10
13.0124101639,80.2119522095,73134,73144,10
13.0121498108,80.212348938,73144,73154,10
13.0118598938,80.2127609253,73154,73164,10
13.0116701126,80.2128372192,73164,73175,11
13.0114002228,80.2126235962,73175,73185,10
13.0109395981,80.212272644,73185,73195,10
13.0104503632,80.2118911743,73195,73205,10
13.0100898743,80.2116088867,73205,73215,10
13.0098800659,80.2114486694,73215,74236,1021
13.0095596313,80.2112197876,74236,74296,60
13.0095596313,80.2112197876,74296,74307,11
13.0092401505,80.2111968994,74307,74317,10
13.0090799332,80.2114028931,74317,74327,10
13.0089998245,80.211517334,74327,74337,10
13.0090198517,80.2117919922,74337,74347,10
13.009180069,80.2123184204,74347,74357,10
13.0094203949,80.2129898071,74357,74367,10
13.0096902847,80.2137069702,74367,74377,10
13.0099496841,80.2143707275,74377,74387,10
13.0101003647,80.2151031494,74387,74397,10
13.0102500916,80.2158813477,74397,74407,10
13.0106096268,80.2166595459,74407,74418,11
13.0110397339,80.2175216675,74418,74428,10
13.0113601685,80.2183914185,74428,74438,10
13.0116996765,80.2193908691,74438,74448,10
13.0120601654,80.2205200195,74448,74458,10
13.0123100281,80.2213973999,74458,74468,10
13.0126399994,80.2219772339,74468,74478,10
13.0131502151,80.2226028442,74478,74488,10
13.0137300491,80.2232971191,74488,74498,10
13.0142803192,80.2239379883,74498,74514,16
13.0151996613,80.2249984741,74514,74526,12
13.01541996,80.225440979,74526,74535,9
13.0153198242,80.225769043,74535,74547,12
13.0147800446,80.2260284424,74547,74557,10
13.0141201019,80.2262802124,74557,74567,10
13.0134401321,80.2265472412,74567,74577,10
13.0125303268,80.2269134521,74577,74587,10
13.0116195679,80.2272567749,74587,74597,10
13.0107297897,80.2276000977,74597,74607,10
13.0097999573,80.2279510498,74607,74616,9
13.009469986,80.227722168,74616,74626,10
13.00963974,80.2272872925,74626,74628,2
13.0103998184,80.2256622314,74628,74688,60
13.0103998184,80.2256622314,74688,74698,10
13.0105495453,80.2253036499,74698,74708,10
13.0107097626,80.224899292,74708,74718,10
13.010890007,80.2244110107,74718,74728,10
13.0111103058,80.2238235474,74728,74738,10
13.011300087,80.2233963013,74738,74748,10
13.0109796524,80.2231216431,74748,74763,15
13.0103597641,80.2228164673,74763,74775,12
13.0101099014,80.2226409912,74775,74785,10
13.0095996857,80.2223434448,74785,74795,10
13.0089597702,80.2220001221,74795,74805,10
13.0082397461,80.2216033936,74805,74815,10
13.0075597763,80.2212600708,74815,74825,10
13.006939888,80.2209625244,74825,74835,10
13.0063495636,80.2207107544,74835,74845,10
13.0056200027,80.2205581665,74845,74855,10
13.004940033,80.2204208374,74855,74866,11
13.0043296814,80.2202682495,74866,74876,10
13.0036497116,80.2201080322,74876,74886,10
13.0029802322,80.2199020386,74886,74896,10
13.0023403168,80.2194976807,74896,74906,10
13.0018100739,80.2189102173,74906,74916,10
13.0012397766,80.218421936,74916,74926,10
13.0006103516,80.2179870605,74926,74936,10
12.9999799728,80.217590332,74936,74946,10
12.9993095398,80.2172012329,74946,74955,9
12.9986896515,80.2169036865,74955,74965,10
12.9975004196,80.2165985107,74965,75017,52
12.9975004196,80.2165985107,75017,75027,10
12.9971504211,80.216583252,75027,75037,10
12.996919632,80.216583252,75037,75047,10
12.9966602325,80.2165985107,75047,75057,10
12.9962902069,80.2166595459,75057,75077,20
12.9962902069,80.2166595459,75077,75088,11
12.9960298538,80.2167129517,75088,75098,10
12.9958600998,80.2167510986,75098,75108,10
12.995639801,80.2168121338,75108,75118,10
12.9954500198,80.2168884277,75118,75128,10
12.9952802658,80.2169723511,75128,75138,10
12.9951200485,80.2170562744,75138,75148,10
12.995010376,80.2171401978,75148,75158,10
12.994799614,80.2172698975,75158,75168,10
12.994389534,80.2175521851,75168,75178,10
12.9939498901,80.217880249,75178,75188,10
12.9934501648,80.2182312012,75188,75198,10
12.9928102493,80.2186965942,75198,75209,11
12.9920301437,80.2192611694,75209,75219,10
12.9915704727,80.2196121216,75219,75229,10
12.9911203384,80.2199172974,75229,75239,10
12.99077034,80.2201919556,75239,75249,10
12.9906997681,80.2202606201,75249,75259,10
12.9903402328,80.2205200195,75259,75269,10
12.9898395538,80.220993042,75269,75279,10
12.9893703461,80.221572876,75279,75289,10
12.9889602661,80.222038269,75289,75299,10
12.9885997772,80.2224273682,75299,75309,10
12.9883098602,80.2227020264,75309,75320,11
12.9877796173,80.2230834961,75320,75330,10
12.9875802994,80.2231063843,75330,75340,10
12.9875001907,80.2231292725,75340,75350,10
12.9871301651,80.2230911255,75350,75360,10
12.9867401123,80.2230224609,75360,75370,10
12.9863195419,80.2229919434,75370,75380,10
12.9856395721,80.2230987549,75380,75390,10
12.9852199554,80.2233200073,75390,75400,10
12.9847803116,80.2231826782,75400,75410,10
12.9843597412,80.2229232788,75410,75420,10
12.9839401245,80.2226791382,75420,75431,11
12.983420372,80.2223510742,75431,75441,10
12.9832601547,80.2222366333,75441,75451,10
12.9831800461,80.2221832275,75451,75461,10
12.9828596115,80.2220001221,75461,75471,10
12.9826402664,80.2219161987,75471,75481,10
12.9822101593,80.221786499,75481,75491,10
12.9817199707,80.2214508057,75491,75501,10
12.9810400009,80.2211074829,75501,75511,10
12.9802999496,80.2211074829,75511,75521,10
12.9795398712,80.2211608887,75521,75531,10
12.9788503647,80.221206665,75531,75542,11
12.9782896042,80.2212524414,75542,75552,10
12.9776697159,80.2212600708,75552,75562,10
12.9769096375,80.2212982178,75562,75572,10
12.9761695862,80.2212982178,75572,75592,20
12.9761695862,80.2212982178,75592,75602,10
12.9760303497,80.2214813232,75602,75612,10
12.9762897491,80.2218017578,75612,75632,20
12.9762897491,80.2218017578,75632,75648,16
12.976360321,80.2219085693,75648,75661,13
12.976559639,80.2223129272,75661,75671,10
12.9767799377,80.22265625,75671,75680,9
12.9771604538,80.2232513428,75680,75692,12
12.977640152,80.2240066528,75692,75702,10
12.9780197144,80.2245864868,75702,75712,10
12.9783601761,80.2251586914,75712,75721,9
12.9785900116,80.2255096436,75721,75731,10
12.9788198471,80.2258911133,75731,75752,21
12.9788198471,80.2258911133,75752,75762,10
12.9790201187,80.2262115479,75762,75773,11
12.9792995453,80.2266998291,75773,75783,10
12.9796199799,80.2272186279,75783,75793,10
12.9799699783,80.2277984619,75793,75803,10
12.9803600311,80.2284698486,75803,75813,10
12.9806900024,80.2290420532,75813,75823,10
12.9809799194,80.2295532227,75823,75833,10
12.9817199707,80.2306518555,75833,75853,20
12.9817199707,80.2306518555,75853,75863,10
12.9818296432,80.2309036255,75863,75873,10
12.9819803238,80.2314834595,75873,75884,11
12.9820299149,80.232208252,75884,75894,10
12.9820098877,80.2324905396,75894,75904,10
12.9819002151,80.2329406738,75904,75914,10
12.9816904068,80.2334136963,75914,75924,10
12.9815797806,80.2336425781,75924,75934,10
12.9815301895,80.233757019,75934,75944,10
12.9813699722,80.23412323,75944,75954,10
12.9813098907,80.2342681885,75954,75964,10
12.9812498093,80.2347412109,75964,75974,10
12.9812297821,80.2352828979,75974,75984,10
12.9812498093,80.236038208,75984,75995,11
12.9812803268,80.2370681763,75995,76005,10
12.981300354,80.2378921509,76005,76015,10
12.9813299179,80.2387771606,76015,76035,20
12.9813299179,80.2387771606,76035,76045,10
12.9813499451,80.2391281128,76045,76055,10
12.9813604355,80.2396469116,76055,76065,10
12.9813699722,80.2401504517,76065,76075,10
12.9813699722,80.2406387329,76075,76085,10
12.9813804626,80.2413787842,76085,76095,10
12.9813899994,80.2422714233,76095,76106,11
12.9813995361,80.2428665161,76106,76116,10
12.9813995361,80.2430267334,76116,76126,10
12.9813995361,80.2431106567,76126,76136,10
12.9813804626,80.2434997559,76136,76146,10
12.9812803268,80.244140625,76146,76156,10
12.9811601639,80.2450485229,76156,76166,10
12.9810304642,80.2461166382,76166,76176,10
12.9809103012,80.2473220825,76176,76186,10
12.9808197021,80.2485427856,76186,76196,10
12.9807100296,80.2497177124,76196,76206,10
12.9804697037,80.2508087158,76206,76217,11
12.9801797867,80.2519302368,76217,76227,10
12.9800100327,80.2524032593,76227,76237,10
12.9799499512,80.2527008057,76237,76247,10
12.9797697067,80.2528610229,76247,76257,10
12.9791698456,80.2527618408,76257,76267,10
12.9786500931,80.2526779175,76267,76277,10
12.9786396027,80.2526702881,76277,76287,10
12.9783601761,80.2524871826,76287,76297,10
12.977809906,80.2520065308,76297,76307,10
12.9770002365,80.2514419556,76307,76317,10
12.9758996964,80.2511062622,76317,76328,11
12.9746103287,80.2507400513,76328,76338,10
12.9734096527,80.2504196167,76338,76348,10
12.972410202,80.2501602173,76348,76358,10
12.9713096619,80.2498626709,76358,76368,10
12.9702301025,80.2495193481,76368,76378,10
12.9690904617,80.2490692139,76378,76388,10
12.9679698944,80.2486190796,76388,76398,10
12.967040062,80.2482223511,76398,76408,10
12.9666900635,80.248046875,76408,76418,10
12.9663200378,80.2478637695,76418,76428,10
12.9657001495,80.2476119995,76428,76438,10
12.9652299881,80.2474822998,76438,76449,11
12.9651899338,80.247467041,76449,76459,10
12.9650497437,80.2474136353,76459,76469,10
12.9644899368,80.2472000122,76469,76489,20
12.9644899368,80.2472000122,76489,76499,10
12.9643001556,80.2471237183,76499,76509,10
12.9639797211,80.2470016479,76509,76519,10
12.9637203217,80.2469100952,76519,76529,10
12.9633102417,80.2466964722,76529,76539,10
12.9626502991,80.246383667,76539,76549,10
12.9618501663,80.2459793091,76549,76560,11
12.9607801437,80.2454681396,76560,76570,10
12.9600200653,80.2451171875,76570,76580,10
12.9593801498,80.2448577881,76580,76590,10
12.9592399597,80.2448120117,76590,76600,10
12.9588603973,80.2445983887,76600,76610,10
12.9582004547,80.2443313599,76610,76620,10
12.9575996399,80.2440795898,76620,76630,10
12.9567604065,80.2438735962,76630,76650,20
12.956609726,80.2438201904,76650,76699,49
12.956609726,80.2438201904,76699,76709,10
12.9564504623,80.2437362671,76709,76729,20
12.9564504623,80.2437362671,76729,76739,10
12.9562702179,80.2437286377,76739,76748,9
12.9557504654,80.2434234619,76748,76759,11
12.9549398422,80.242980957,76759,76769,10
12.9541797638,80.2426605225,76769,76781,12
12.9532699585,80.2422790527,76781,76791,10
12.952340126,80.2419128418,76791,76801,10
12.9516897202,80.2416992188,76801,76810,9
12.951669693,80.2416992188,76810,76821,11
12.9516496658,80.2416915894,76821,76831,10
12.9512195587,80.2415237427,76831,76841,10
12.9505500793,80.2413101196,76841,76851,10
12.9499702454,80.2411422729,76851,76861,10
12.9496002197,80.241027832,76861,76871,10
12.9491901398,80.2409210205,76871,76881,10
12.949139595,80.2408981323,76881,76891,10
12.9490604401,80.2408599854,76891,76902,11
12.9485397339,80.2406234741,76902,76912,10
12.9477596283,80.2403030396,76912,76922,10
12.9472103119,80.2400894165,76922,76932,10
12.9471797943,80.2400665283,76932,76942,10
12.94713974,80.2400588989,76942,76952,10
12.9467096329,80.2398834229,76952,76962,10
12.9460296631,80.2395706177,76962,76972,10
12.9452600479,80.2391586304,76972,76982,10
12.9445400238,80.2384109497,76982,76992,10
12.9438199997,80.2376098633,76992,77003,11
12.9432096481,80.2370223999,77003,77013,10
12.9431295395,80.2369537354,77013,77022,9
12.9429998398,80.2368469238,77022,77033,11
12.942440033,80.236541748,77033,77043,10
12.9414596558,80.2362594604,77043,77053,10
12.9404296875,80.236000061,77053,77063,10
12.9397201538,80.2358016968,77063,77073,10
12.9396896362,80.2357788086,77073,77083,10
12.939499855,80.2356796265,77083,77093,10
12.9389295578,80.2353897095,77093,77103,10
12.9381303787,80.2350006104,77103,77114,11
12.9371404648,80.2344970703,77114,77124,10
12.9363803864,80.2341308594,77124,77134,10
12.935500145,80.2337112427,77134,77144,10
12.9345397949,80.2332763672,77144,77154,10
12.9338798523,80.2330093384,77154,77164,10
12.9338502884,80.2329864502,77164,77174,10
12.9338302612,80.2329864502,77174,77184,10
12.9334402084,80.2328033447,77184,77194,10
12.9327297211,80.2324905396,77194,77204,10
12.9319000244,80.2322006226,77204,77214,10
12.9309196472,80.2318725586,77214,77224,10
12.9298200607,80.2315673828,77224,77235,11
12.9287900925,80.2313613892,77235,77245,10
12.9277200699,80.2312011719,77245,77255,10
12.9266300201,80.2310791016,77255,77264,9
12.9260597229,80.231048584,77264,77275,11
12.9260396957,80.231048584,77275,77285,10
12.9257698059,80.2310180664,77285,77295,10
12.9251699448,80.2309494019,77295,77305,10
12.9243402481,80.2308578491,77305,77315,10
12.9233598709,80.2307281494,77315,77325,10
12.9222297668,80.2305603027,77325,77334,9
12.9211397171,80.2303924561,77334,77348,14
12.9196300507,80.23021698,77348,77358,10
12.9190597534,80.2301483154,77358,77368,10
12.9190397263,80.230140686,77368,77378,10
12.9187202454,80.2300872803,77378,77387,9
12.9181203842,80.2300186157,77387,77397,10
12.9173002243,80.2298965454,77397,77408,11
12.9164800644,80.2297897339,77408,77418,10
12.9153699875,80.2296218872,77418,77428,10
12.9142503738,80.2294616699,77428,77438,10
12.9135398865,80.2293930054,77438,77448,10
12.9134702682,80.2293777466,77448,77459,11
12.9131803513,80.2293167114,77459,77469,10
12.9124898911,80.2292175293,77469,77479,10
12.9115896225,80.2290878296,77479,77489,10
12.9105997086,80.2289276123,77489,77499,10
12.9094800949,80.2287521362,77499,77509,10
12.9084100723,80.2285766602,77509,77519,10
12.9076404572,80.2284698486,77519,77529,10
12.9074201584,80.2284622192,77529,77539,10
12.9073495865,80.2284469604,77539,77549,10
12.906920433,80.2284011841,77549,77559,10
12.9065103531,80.2283401489,77559,77570,11
12.9058904648,80.2282714844,77570,77580,10
12.9050302505,80.2282180786,77580,77590,10
12.9040203094,80.2281570435,77590,77600,10
12.9028196335,80.2281036377,77600,77610,10
12.9017000198,80.2280502319,77610,77620,10
12.9009895325,80.2280197144,77620,77630,10
12.9005498886,80.2279968262,77630,77640,10
12.9002199173,80.2279815674,77640,77650,10
12.8997297287,80.2279586792,77650,77660,10
12.8993501663,80.2279434204,77660,77681,21
12.8993501663,80.2279434204,77681,77697,16
12.8992204666,80.2279586792,77697,77709,12
12.8990001678,80.2279281616,77709,77719,10
12.8986301422,80.227897644,77719,77729,10
12.897769928,80.2278366089,77729,77739,10
12.8968496323,80.2277832031,77739,77749,10
12.8959197998,80.2277374268,77749,77757,8
12.8950796127,80.227722168,77757,77769,12
12.8937196732,80.2276535034,77769,77780,11
12.8931903839,80.2276000977,77780,77791,11
12.8929395676,80.2275466919,77791,77802,11
12.8923597336,80.2274780273,77802,77811,9
12.8916797638,80.2274398804,77811,77822,11
12.8907003403,80.2274398804,77822,77832,10
12.8894395828,80.227432251,77832,77842,10
12.8884801865,80.227432251,77842,77852,10
12.8883695602,80.2274398804,77852,77862,10
12.8879804611,80.2273864746,77862,77872,10
12.887260437,80.2272872925,77872,77882,10
12.886349678,80.2270812988,77882,77892,10
12.885430336,80.226852417,77892,77903,11
12.8848304749,80.2267913818,77903,77913,10
12.8847398758,80.2267837524,77913,77923,10
12.8842496872,80.2267684937,77923,77933,10
12.8835296631,80.2267837524,77933,77943,10
12.8826904297,80.2267913818,77943,77953,10
12.8817501068,80.2267990112,77953,77963,10
12.8807697296,80.2267990112,77963,77973,10
12.8797998428,80.2268066406,77973,77983,10
12.8787403107,80.2268371582,77983,77993,10
12.8777303696,80.2269210815,77993,78003,10
12.8768396378,80.2269973755,78003,78014,11
12.876449585,80.2269821167,78014,78034,20
12.876449585,80.2269821167,78034,78044,10
12.8764400482,80.2264785767,78044,78064,20
12.8764400482,80.2264785767,78064,78074,10
12.8764896393,80.2261505127,78074,78084,10
12.8765697479,80.2254714966,78084,78094,10
12.876660347,80.2246170044,78094,78104,10
12.876830101,80.2236633301,78104,78114,10
12.8770704269,80.2226409912,78114,78125,11
12.8773698807,80.2213363647,78125,78135,10
12.8776397705,80.2201766968,78135,78145,10
12.877869606,80.2191619873,78145,78155,10
12.8781003952,80.2181091309,78155,78165,10
12.8783102036,80.2170715332,78165,78175,10
12.878490448,80.216178894,78175,78185,10
12.8786802292,80.2153091431,78185,78195,10
12.8788499832,80.2145004272,78195,78205,10
12.8790302277,80.2135009766,78205,78215,10
12.879240036,80.2124404907,78215,78225,10
12.8793697357,80.2117462158,78225,78236,11
12.8794403076,80.2111206055,78236,78246,10
12.8791503906,80.2109680176,78246,78286,40
12.8791503906,80.2109680176,78286,78296,10
12.879070282,80.2110137939,78296,78306,10
12.8787202835,80.2109375,78306,78316,10
12.8782396317,80.2108383179,78316,78326,10
12.8775997162,80.2107315063,78326,78336,10
12.8769302368,80.2106018066,78336,78347,11
12.8762197495,80.2104492188,78347,78357,10
12.8755502701,80.210319519,78357,78367,10
12.8749799728,80.2102279663,78367,78377,10
12.8744802475,80.2101287842,78377,78397,20
12.8744802475,80.2101287842,78397,78407,10
12.8744001389,80.2098083496,78407,78417,10
12.8744001389,80.2098083496,78417,78427,10
12.8745298386,80.2095794678,78427,78437,10
12.8747701645,80.2096710205,78437,78447,10
12.8746995926,80.2099761963,78447,78639,192
12.8746995926,80.2099761963,78639,78649,10
12.8747196198,80.2101669312,78649,78659,10
12.8749103546,80.2102279663,78659,78669,10
12.8752803802,80.2102813721,78669,78679,10
12.8758001328,80.2103805542,78679,78690,11
12.8765001297,80.2105026245,78690,78700,10
12.8772001266,80.2106399536,78700,78710,10
12.8776903152,80.2107391357,78710,78720,10
12.8784999847,80.2108917236,78720,78730,10
12.8790502548,80.2109985352,78730,78740,10
12.8794202805,80.2110900879,78740,78750,10
12.8794403076,80.211479187,78750,78760,10
12.8793096542,80.2121582031,78760,78770,10
12.8791399002,80.2130584717,78770,78780,10
12.8789396286,80.2141113281,78780,78790,10
12.8787202835,80.2152023315,78790,78801,11
12.878490448,80.2162628174,78801,78811,10
12.8782997131,80.2171936035,78811,78821,10
12.878080368,80.2182617188,78821,78831,10
12.8778600693,80.2192764282,78831,78840,9
12.8776702881,80.2200927734,78840,78851,11
12.8773803711,80.2213134766,78851,78861,10
12.8771400452,80.222366333,78861,78870,9
12.8768796921,80.2234725952,78870,78880,10
12.8766899109,80.2244186401,78880,78891,11
12.8765802383,80.2253417969,78891,78900,9
12.8765096664,80.22605896,78900,78912,12
12.8764400482,80.2265014648,78912,78922,10
12.8764200211,80.2267608643,78922,78932,10
12.8764600754,80.2269210815,78932,78942,10
12.8766803741,80.2269287109,78942,78952,10
12.8778095245,80.2268066406,78952,78962,10
12.8778095245,80.2268066406,78962,78972,10
12.8787603378,80.2267303467,78972,78982,10
12.8796796799,80.2266998291,78982,78992,10
12.8807497025,80.2266921997,78992,79002,10
12.8816604614,80.2266769409,79002,79012,10
12.8826198578,80.2266693115,79012,79023,11
12.8836297989,80.2266464233,79023,79033,10
12.884469986,80.2266311646,79033,79042,9
12.8851299286,80.2266387939,79042,79053,11
12.8853397369,80.2266616821,79053,79063,10
12.8858299255,80.2267837524,79063,79073,10
12.8865404129,80.2269821167,79073,79083,10
12.8874197006,80.2271728516,79083,79092,9
12.8883895874,80.2272872925,79092,79103,11
12.8897199631,80.2273025513,79103,79113,10
12.8909301758,80.2273025513,79113,79123,10
12.8920898438,80.2273178101,79123,79134,11
12.892999649,80.2274017334,79134,79144,10
12.8940296173,80.2275238037,79144,79153,9
12.8950595856,80.2276077271,79153,79164,11
12.8962802887,80.2276535034,79164,79174,10
12.8976602554,80.227722168,79174,79184,10
12.8988599777,80.2277908325,79184,79194,10
12.9000396729,80.2278366089,79194,79204,10
12.9010601044,80.227897644,79204,79214,10
12.9019403458,80.2279586792,79214,79224,10
12.9027795792,80.2279663086,79224,79234,10
12.9028501511,80.2279663086,79234,79245,11
12.9030199051,80.2279586792,79245,79255,10
12.9035196304,80.2279891968,79255,79265,10
12.9039402008,80.2280197144,79265,79275,10
12.9041795731,80.2280273438,79275,79285,10
12.9044303894,80.2280502319,79285,79295,10
12.9045095444,80.2280578613,79295,79305,10
12.9047698975,80.2280731201,79305,79315,10
12.9052000046,80.2280807495,79315,79325,10
12.9053897858,80.2281036377,79325,79335,10
12.9058198929,80.2281112671,79335,79356,21
12.9058198929,80.2281112671,79356,79366,10
12.9062595367,80.2281417847,79366,79376,10
12.9065999985,80.2281723022,79376,79386,10
12.9069404602,80.2282104492,79386,79396,10
12.9074897766,80.2282867432,79396,79406,10
12.9082603455,80.2284164429,79406,79416,10
12.9091396332,80.2285614014,79416,79426,10
12.9099702835,80.2286987305,79426,79436,10
12.9111604691,80.2288894653,79436,79446,10
12.9121704102,80.2290267944,79446,79456,10
12.9132499695,80.2291717529,79456,79467,11
12.9140195847,80.2292633057,79467,79477,10
12.9140996933,80.2292785645,79477,79487,10
12.9146003723,80.2293395996,79487,79497,10
12.915430069,80.2294692993,79497,79507,10
12.9164400101,80.2296218872,79507,79517,10
12.9174604416,80.2297592163,79517,79527,10
12.9185600281,80.2299118042,79527,79537,10
12.9192695618,80.2299880981,79537,79547,10
12.9194097519,80.2300109863,79547,79557,10
12.9199304581,80.2300796509,79557,79567,10
12.9209098816,80.23021698,79567,79577,10
12.9219999313,80.2303619385,79577,79588,11
12.9233198166,80.2305603027,79588,79598,10
12.9245700836,80.23072052,79598,79608,10
12.9258003235,80.2308731079,79608,79618,10
12.9263801575,80.2309265137,79618,79628,10
12.9265804291,80.2309494019,79628,79638,10
12.9272499084,80.2310333252,79638,79648,10
12.9281396866,80.2311401367,79648,79658,10
12.9288797379,80.2312393188,79658,79667,9
12.9295301437,80.2313995361,79667,79677,10
12.9304199219,80.231628418,79677,79688,11
12.9315795898,80.2320022583,79688,79699,11
12.9327602386,80.232421875,79699,79709,10
12.9336395264,80.2327575684,79709,79719,10
12.9337596893,80.2328033447,79719,79729,10
12.9341201782,80.232963562,79729,79739,10
12.9348201752,80.2332763672,79739,79749,10
12.9354600906,80.2335586548,79749,79759,10
12.9358596802,80.233757019,79759,79769,10
12.9365797043,80.2341003418,79769,79779,10
12.9375095367,80.2345428467,79779,79789,10
12.9384298325,80.234992981,79789,79799,10
12.9392499924,80.2354202271,79799,79810,11
12.9394903183,80.2355422974,79810,79820,10
12.9396896362,80.2356185913,79820,79830,10
12.940030098,80.2357635498,79830,79840,10
12.940870285,80.2360076904,79840,79850,10
12.9418897629,80.2362594604,79850,79860,10
12.9429798126,80.2367324829,79860,79870,10
12.9437503815,80.2374420166,79870,79880,10
12.9445800781,80.2383575439,79880,79890,10
12.9455499649,80.2392578125,79890,79900,10
12.9467897415,80.2397766113,79900,79910,10
12.9478597641,80.2402267456,79910,79921,11
12.9485998154,80.2405166626,79921,79931,10
12.9492397308,80.2407836914,79931,79941,10
12.9499197006,80.2409973145,79941,79951,10
12.9507799149,80.2412567139,79951,79961,10
12.9511203766,80.2413482666,79961,79970,9
12.951499939,80.2415008545,79970,79981,11
12.9522800446,80.2417907715,79981,79991,10
12.953379631,80.2422180176,79991,80001,10
12.9543895721,80.2426300049,80001,80011,10
12.9552001953,80.2429504395,80011,80021,10
12.9558095932,80.2431488037,80021,80042,21
12.9558095932,80.2431488037,80042,80052,10
12.9559803009,80.2432022095,80052,80062,10
12.9561595917,80.243270874,80062,80092,30
12.9561595917,80.243270874,80092,80102,10
12.9563398361,80.2433166504,80102,80112,10
12.9567098618,80.2434616089,80112,80122,10
12.9574098587,80.2437973022,80122,80132,10
12.9577999115,80.2439727783,80132,80143,11
12.9579496384,80.2440338135,80143,80153,10
12.9584503174,80.2442474365,80153,80163,10
12.9589004517,80.2444381714,80163,80173,10
12.9591398239,80.2445602417,80173,80183,10
12.9597501755,80.2448501587,80183,80193,10
12.9605998993,80.2452392578,80193,80203,10
12.9615898132,80.2457122803,80203,80213,10
12.9625701904,80.2461776733,80213,80223,10
12.9633302689,80.2465362549,80223,80244,21
12.9633302689,80.2465362549,80244,80255,11
12.9634199142,80.2465820313,80255,80265,10
12.9637098312,80.2467575073,80265,80275,10
12.9642601013,80.2469787598,80275,80285,10
12.9650201797,80.2472381592,80285,80295,10
12.9659795761,80.2475814819,80295,80305,10
12.9666595459,80.2478485107,80305,80315,10
12.966799736,80.2479171753,80315,80325,10
12.9671401978,80.2481079102,80325,80335,10
12.9677095413,80.2483596802,80335,80345,10
12.96833992,80.2486190796,80345,80355,10
12.9691801071,80.2489318848,80355,80366,11
12.9702596664,80.2493591309,80366,80376,10
12.9714002609,80.2497177124,80376,80386,10
12.9725904465,80.250038147,80386,80402,16
12.9744701385,80.2505569458,80402,80414,12
12.9759397507,80.2509765625,80414,80424,10
12.9768800735,80.2512588501,80424,80434,10
12.9779996872,80.2519836426,80434,80444,10
12.9786500931,80.2524185181,80444,80454,10
12.9791002274,80.252532959,80454,80464,10
12.9797201157,80.2525863647,80464,80535,71
12.9797201157,80.2525863647,80535,80545,10
12.9800195694,80.2526016235,80545,80555,10
12.9807100296,80.2525787354,80555,80606,51
12.9808197021,80.2525634766,80606,80676,70
12.9808197021,80.2525634766,80676,80686,10
12.9811601639,80.252571106,80686,80696,10
12.9815101624,80.2525634766,80696,80757,61
12.9815101624,80.2525634766,80757,80767,10
12.9816598892,80.2525482178,80767,80807,40
12.9816598892,80.2525482178,80807,80818,11
12.982000351,80.2525405884,80818,80828,10
12.9825601578,80.2525100708,80828,80858,30
12.9825601578,80.2525100708,80858,80868,10
12.9826602936,80.2525024414,80868,80908,40
12.9826602936,80.2525024414,80908,80918,10
12.9827203751,80.2525024414,80918,80929,11
12.9829301834,80.2524719238,80929,80939,10
12.9831104279,80.252456665,80939,80949,10
12.9831104279,80.252456665,80949,80959,10
12.9834403992,80.2524185181,80959,80969,10
12.9837198257,80.2523574829,80969,81009,40
12.9837198257,80.2523574829,81009,81021,12
12.9837903976,80.2523422241,81021,81031,10
12.9839601517,80.2522888184,81031,81042,11
12.9843196869,80.2521896362,81042,81052,10
12.9847002029,80.2520828247,81052,81072,20
12.9847803116,80.2520599365,81072,81163,91
12.9847803116,80.2520599365,81163,81173,10
12.9851303101,80.2519683838,81173,81183,10
12.985710144,80.2518234253,81183,81284,101
12.985710144,80.2518234253,81284,81294,10
12.9862203598,80.2515792847,81294,81304,10
12.9868497849,80.2514724731,81304,81324,20
12.9868497849,80.2514724731,81324,81334,10
12.9870996475,80.2514190674,81334,81405,71
12.9870996475,80.2514190674,81405,81415,10
12.9873695374,80.2513809204,81415,81425,10
12.9877700806,80.2513198853,81425,81435,10
12.9879398346,80.2516937256,81435,81445,10
12.9879999161,80.2523574829,81445,81455,10
12.9879102707,80.253288269,81455,81465,10
12.9877996445,80.2543182373,81465,81475,10
12.9877300262,80.2551422119,81475,81486,11
12.9877004623,80.2555770874,81486,81496,10
12.9878702164,80.2558135986,81496,81506,10
12.9882497787,80.2558364868,81506,81516,10
12.9883403778,80.2558364868,81516,81526,10
12.9887800217,80.2558898926,81526,81536,10
12.9894104004,80.2559509277,81536,81546,10
12.9900197983,80.2559814453,81546,81556,10
12.9905395508,80.2559661865,81556,81566,10
12.9911899567,80.2560195923,81566,81576,10
12.9921102524,80.2560501099,81576,81586,10
12.9929800034,80.2560195923,81586,81597,11
12.9939403534,80.2559280396,81597,81607,10
12.9947795868,80.255859375,81607,81617,10
12.9956703186,80.2558288574,81617,81627,10
12.9961500168,80.2558517456,81627,81637,10
12.9965896606,80.2558517456,81637,81647,10
12.9967002869,80.2558517456,81647,81657,10
12.9969100952,80.2558898926,81657,81667,10
12.9972295761,80.2558822632,81667,81677,10
12.9975099564,80.2558898926,81677,81687,10
12.9976501465,80.2559127808,81687,81697,10
12.9976902008,80.2561416626,81697,81708,11
12.997710228,80.2568130493,81708,81966,258
12.9976301193,80.2570495605,81966,82059,93
12.9976301193,80.2570495605,82059,82069,10
12.9976501465,80.2572097778,82069,82078,9
12.9979000092,80.256942749,82078,82119,41
