13.0341396332,80.2058792114,12,18533,18521
13.0341796875,80.2059631348,18533,19401,868
13.0342702866,80.2057418823,19401,19462,61
13.0342702866,80.2057418823,19462,19472,10
13.0344295502,80.2056427002,19472,19482,10
13.0346298218,80.2056121826,19482,19492,10
13.034819603,80.2054824829,19492,19502,10
13.0348701477,80.2052230835,19502,19542,40
13.0348701477,80.2052230835,19542,19553,11
13.0351104736,80.205116272,19553,19633,80
13.0351104736,80.205116272,19633,19643,10
13.0353899002,80.2052536011,19643,19653,10
13.0356397629,80.2052764893,19653,19664,11
13.0358104706,80.2052993774,19664,19674,10
13.0358896255,80.2054214478,19674,19684,10
13.0358600616,80.205581665,19684,19694,10
13.0358295441,80.2057113647,19694,19704,10
13.0357999802,80.2059020996,19704,19714,10
13.035779953,80.2060699463,19714,19724,10
13.0357303619,80.2063598633,19724,19734,10
13.0357398987,80.2065963745,19734,20178,444
13.0357398987,80.2065963745,20178,20188,10
13.0357198715,80.2068328857,20188,20198,10
13.0356502533,80.2071304321,20198,20209,11
13.0355501175,80.2076873779,20209,20219,10
13.0354404449,80.2083892822,20219,20229,10
13.0353097916,80.2091903687,20229,20239,10
13.0352201462,80.2098464966,20239,20249,10
13.0351696014,80.2102813721,20249,20259,10
13.035030365,80.2106704712,20259,20269,10
13.0349302292,80.2113418579,20269,20279,10
13.034740448,80.2120666504,20279,20289,10
13.0342998505,80.2120895386,20289,20299,10
13.0336799622,80.212020874,20299,20309,10
13.032910347,80.2119369507,20309,20320,11
13.0320796967,80.2118377686,20320,20330,10
13.0318803787,80.2121734619,20330,20340,10
13.0317897797,80.2129211426,20340,20350,10
13.0316801071,80.2136764526,20350,20360,10
13.0316200256,80.2141113281,20360,20370,10
13.0315198898,80.2148208618,20370,20380,10
13.031419754,80.2156219482,20380,20390,10
13.0313997269,80.2162475586,20390,20400,10
13.0314798355,80.2169723511,20400,20410,10
13.031539917,80.2177429199,20410,20420,10
13.0317001343,80.2183685303,20420,20431,11
13.0322303772,80.2185134888,20431,20441,10
13.0322599411,80.218963623,20441,20451,10
13.0322399139,80.2194900513,20451,20461,10
13.0322399139,80.2200012207,20461,20471,10
13.0319700241,80.2201538086,20471,20481,10
13.031419754,80.2202606201,20481,20491,10
13.0307302475,80.2202529907,20491,20501,10
13.030090332,80.2202377319,20501,20517,16
13.028960228,80.2199935913,20517,20529,12
13.0280895233,80.219833374,20529,20540,11
13.0274896622,80.2197799683,20540,20550,10
13.026889801,80.2197723389,20550,20560,10
13.0263595581,80.2197723389,20560,20569,9
13.0258302689,80.2197723389,20569,20580,11
13.0252199173,80.2197723389,20580,20590,10
13.0248804092,80.2198028564,20590,20600,10
13.0244703293,80.2197875977,20600,20610,10
13.0242900848,80.219581604,20610,20620,10
13.0242595673,80.219039917,20620,20630,10
13.0242500305,80.2183990479,20630,20640,10
13.0242500305,80.2178573608,20640,20651,11
13.0242700577,80.2170181274,20651,20661,10
13.0242795944,80.2166900635,20661,21044,383
13.0242795944,80.2166900635,21044,21054,10
13.0245199203,80.2165985107,21054,21084,30
13.0245199203,80.2165985107,21084,21095,11
13.0246696472,80.2168197632,21095,21105,10
13.0247001648,80.2171630859,21105,21115,10
13.024720192,80.2175979614,21115,21125,10
13.0247402191,80.2179870605,21125,21135,10
13.024769783,80.2182922363,21135,21145,10
13.0247898102,80.2185897827,21145,21155,10
13.0248403549,80.2191162109,21155,21165,10
13.0248804092,80.2195587158,21165,21175,10
13.0250701904,80.2197418213,21175,21185,10
13.0254001617,80.2197189331,21185,21196,11
13.0258798599,80.2197265625,21196,21206,10
13.0264196396,80.2197113037,21206,21216,10
13.0269203186,80.2197265625,21216,21226,10
13.0274000168,80.2197494507,21226,21236,10
13.0275697708,80.2197570801,21236,21246,10
13.0278196335,80.2197799683,21246,21256,10
13.0283298492,80.2198562622,21256,21266,10
13.0289802551,80.2199707031,21266,21276,10
13.0297403336,80.220161438,21276,21286,10
13.0304298401,80.2202072144,21286,21296,10
13.0311603546,80.2202529907,21296,21307,11
13.0318803787,80.2201385498,21307,21317,10
13.0322599411,80.2202987671,21317,21347,30
13.0322599411,80.2202987671,21347,21357,10
13.0322704315,80.220451355,21357,21367,10
13.0321598053,80.2208862305,21367,21377,10
13.0320396423,80.2214202881,21377,21387,10
13.031829834,80.2218780518,21387,21397,10
13.031709671,80.2221298218,21397,21407,10
13.0315504074,80.2224502563,21407,21417,10
13.0312795639,80.2231216431,21417,21428,11
13.0312099457,80.2238616943,21428,21438,10
13.0312004089,80.2238998413,21438,21448,10
13.0312099457,80.2241973877,21448,21458,10
13.0308504105,80.2243270874,21458,21468,10
13.0301799774,80.2243118286,21468,21478,10
13.029540062,80.2243118286,21478,21488,10
13.0289802551,80.2241592407,21488,21498,10
13.0286397934,80.2240600586,21498,21508,10
13.0284404755,80.2244110107,21508,21518,10
13.0282897949,80.225151062,21518,21529,11
13.0281295776,80.2259902954,21529,21539,10
13.0279998779,80.2266616821,21539,21549,10
13.027970314,80.2269210815,21549,21559,10
13.0281496048,80.2270736694,21559,21569,10
13.0286998749,80.2271575928,21569,21579,10
13.0295000076,80.2273025513,21579,21589,10
13.0303001404,80.227432251,21589,21599,10
13.0304498672,80.2276306152,21599,21609,10
13.0304002762,80.2279815674,21609,21619,10
13.030380249,80.2282485962,21619,21629,10
13.0303297043,80.2287521362,21629,21640,11
13.030380249,80.2294616699,21640,21650,10
13.0306396484,80.2301483154,21650,21660,10
13.0307397842,80.2306594849,21660,21670,10
13.0306396484,80.2307662964,21670,21680,10
13.0302000046,80.230796814,21680,21690,10
13.02987957,80.2308425903,21690,21700,10
13.0298299789,80.2308425903,21700,21710,10
13.0294799805,80.2308731079,21710,21720,10
13.0288696289,80.2309188843,21720,21730,10
13.0281400681,80.2309799194,21730,21740,10
13.0277004242,80.231048584,21740,21751,11
13.0277004242,80.2315368652,21751,21767,16
13.0277996063,80.2322311401,21767,21779,12
13.027879715,80.2328033447,21779,21789,10
13.0274600983,80.2328796387,21789,21798,9
13.0269298553,80.233001709,21798,21809,11
13.0267601013,80.2329864502,21809,21819,10
13.0265302658,80.233001709,21819,21829,10
13.0262699127,80.2325515747,21829,21838,9
13.0260601044,80.2317581177,21838,21848,10
13.0257701874,80.2307128906,21848,21860,12
13.0250101089,80.2294998169,21860,21870,10
13.024430275,80.2287368774,21870,21880,10
13.0241098404,80.2283096313,21880,21890,10
13.0235595703,80.2277069092,21890,21900,10
13.0224599838,80.2267608643,21900,21930,30
13.0224599838,80.2267608643,21930,21940,10
13.0222396851,80.2265167236,21940,21950,10
13.0218000412,80.2261276245,21950,21960,10
13.0211696625,80.2256469727,21960,21971,11
13.0202598572,80.2250137329,21971,21981,10
13.0192804337,80.2244567871,21981,21991,10
13.0181398392,80.2247390747,21991,22001,10
13.0170602798,80.225189209,22001,22011,10
13.0164403915,80.2253799438,22011,22021,10
13.0160303116,80.2254714966,22021,22031,10
13.0156698227,80.2257232666,22031,22041,10
13.0149803162,80.226020813,22041,22051,10
13.0143995285,80.2262573242,22051,22061,10
13.0143499374,80.2262802124,22061,22071,10
13.0140895844,80.2263717651,22071,22082,11
13.0134401321,80.2266235352,22082,22092,10
13.0126600266,80.2268981934,22092,22102,10
13.0116701126,80.2272720337,22102,22112,10
13.01060009,80.2276992798,22112,22122,10
13.0096902847,80.2279129028,22122,22132,10
13.0096597672,80.2273025513,22132,22142,10
13.010020256,80.2265167236,22142,22152,10
13.0104398727,80.2255401611,22152,22162,10
13.0108995438,80.2244796753,22162,22172,10
13.0112895966,80.2235031128,22172,22182,10
13.0113697052,80.223197937,22182,22193,11
13.0115203857,80.2228088379,22193,22203,10
13.0118103027,80.222076416,22203,22213,10
13.0121002197,80.2212982178,22213,22222,9
13.0120000839,80.2205505371,22222,22232,10
13.0116796494,80.2195205688,22232,22243,11
13.0113201141,80.2184524536,22243,22252,9
13.0109195709,80.2173995972,22252,22263,11
13.010430336,80.216293335,22263,22272,9
13.0100603104,80.2156524658,22272,22282,10
13.0096302032,80.2149200439,22282,22293,11
13.0090904236,80.2142028809,22293,22304,11
13.0084400177,80.2134628296,22304,22314,10
13.0081195831,80.2132873535,22314,22323,9
13.0080604553,80.2132720947,22323,22334,11
13.0079603195,80.2132034302,22334,22344,10
13.0077896118,80.2130432129,22344,22354,10
13.007349968,80.2128372192,22354,22364,10
13.0066404343,80.2127609253,22364,22374,10
13.0058603287,80.2130126953,22374,22384,10
13.0051403046,80.2126235962,22384,22394,10
13.0043401718,80.2122116089,22394,22404,10
13.0037002563,80.2118911743,22404,22415,11
13.0036802292,80.2111587524,22415,22425,10
13.0036001205,80.2104415894,22425,22435,10
13.0035200119,80.2096862793,22435,22445,10
13.0036497116,80.2089614868,22445,22455,10
13.0040998459,80.208656311,22455,22465,10
13.0047903061,80.2089691162,22465,22475,10
13.0055303574,80.2092895508,22475,22485,10
13.0062103271,80.2095184326,22485,22495,10
13.0068597794,80.2097320557,22495,22505,10
13.0074501038,80.2098236084,22505,22515,10
13.0075397491,80.2098388672,22515,22526,11
13.0078001022,80.2098999023,22526,22536,10
13.0080604553,80.2099685669,22536,22546,10
13.0081501007,80.2097015381,22546,22556,10
13.008020401,80.2090072632,22556,22566,10
13.0078802109,80.2080535889,22566,22582,16
13.0076198578,80.2063674927,22582,22594,12
13.0075502396,80.205078125,22594,22602,8
13.0075597763,80.2042922974,22602,22614,12
13.0074501038,80.2032394409,22614,22624,10
13.0073604584,80.2016677856,22624,22645,21
13.0073604584,80.2016677856,22645,22653,8
13.0073795319,80.201499939,22653,22664,11
13.0074300766,80.200920105,22664,22676,12
13.0074596405,80.1999969482,22676,22686,10
13.007399559,80.1991424561,22686,22695,9
13.007349968,80.1983718872,22695,22705,10
13.0073299408,80.1975021362,22705,22716,11
13.0073204041,80.1968994141,22716,22726,10
13.0073204041,80.1965789795,22726,22736,10
13.0075902939,80.1961898804,22736,22747,11
13.0083999634,80.1962585449,22747,22757,10
13.0089797974,80.1961212158,22757,22767,10
13.0098199844,80.195892334,22767,22777,10
13.0107698441,80.1957702637,22777,22787,10
13.0111103058,80.1955413818,22787,22797,10
13.0113296509,80.1954193115,22797,22807,10
13.0119104385,80.1950531006,22807,22817,10
13.0127801895,80.1945114136,22817,22827,10
13.0137701035,80.1939163208,22827,22837,10
13.014550209,80.1931381226,22837,22848,11
13.0151901245,80.1920318604,22848,22858,10
13.0157699585,80.1909790039,22858,22868,10
13.0163497925,80.1899337769,22868,22878,10
13.0167398453,80.1891708374,22878,22888,10
13.0168104172,80.1890487671,22888,22898,10
13.017080307,80.1885986328,22898,22908,10
13.0174999237,80.1878433228,22908,22918,10
13.0180301666,80.1869888306,22918,22928,10
13.0187797546,80.1864395142,22928,22938,10
13.0197496414,80.1858596802,22938,22947,9
13.0204200745,80.1851730347,22947,22957,10
13.0206098557,80.1844482422,22957,22969,12
13.0206203461,80.1844177246,22969,22979,10
13.020819664,80.1841125488,22979,22989,10
13.0211496353,80.1834335327,22989,22999,10
13.0216197968,80.1826019287,22999,23009,10
13.0221796036,80.1815795898,23009,23019,10
13.0227603912,80.1805114746,23019,23029,10
13.0233201981,80.1794891357,23029,23039,10
13.0237998962,80.1785430908,23039,23049,10
13.0239095688,80.1783370972,23049,23059,10
13.0239601135,80.1782608032,23059,23069,10
13.0242004395,80.1778793335,23069,23080,11
13.024600029,80.1771774292,23080,23090,10
13.0249700546,80.1764907837,23090,23100,10
13.0253200531,80.1758422852,23100,23110,10
13.0254001617,80.1757202148,23110,23120,10
13.0256595612,80.1752471924,23120,23130,10
13.0260601044,80.1745376587,23130,23140,10
13.0265798569,80.173576355,23140,23150,10
13.0271596909,80.1725616455,23150,23160,10
13.0277395248,80.1715164185,23160,23170,10
13.0283203125,80.170501709,23170,23181,11
13.0288200378,80.1695709229,23181,23191,10
13.0290298462,80.1691436768,23191,23201,10
13.029129982,80.1689987183,23201,23211,10
13.0292100906,80.1688537598,23211,23221,10
13.0293903351,80.1685409546,23221,23231,10
13.0297203064,80.1679611206,23231,23241,10
13.0301599503,80.1671600342,23241,23251,10
13.0306997299,80.1661834717,23251,23261,10
13.0312795639,80.1651611328,23261,23271,10
13.0317401886,80.1643066406,23271,23281,10
13.0321998596,80.1634979248,23281,23292,11
13.0323801041,80.1631469727,23292,23302,10
13.032500267,80.1629486084,23302,23312,10
13.0327997208,80.1624069214,23312,23322,10
13.033200264,80.1616973877,23322,23332,10
13.034070015,80.1601409912,23332,23342,10
13.034070015,80.1601409912,23342,23352,10
13.0341901779,80.159942627,23352,23362,10
13.0343599319,80.1594314575,23362,23372,10
13.0343799591,80.1586227417,23372,23382,10
13.0343198776,80.1575775146,23382,23392,10
13.0343799591,80.1565628052,23392,23403,11
13.0345697403,80.1558837891,23403,23415,12
13.034119606,80.1555175781,23415,23425,10
13.0339298248,80.1554031372,23425,23434,9
13.033829689,80.1552886963,23434,23445,11
13.0336503983,80.1551589966,23445,23455,10
13.0331697464,80.1547775269,23455,23465,10
13.0325498581,80.1541824341,23465,23475,10
13.0317602158,80.1536178589,23475,23483,8
13.031080246,80.1531906128,23483,23495,12
13.0302696228,80.1526565552,23495,23505,10
13.0295095444,80.1521606445,23505,23516,11
13.0288000107,80.1516799927,23516,23526,10
13.0283002853,80.1513290405,23526,23536,10
13.0280399323,80.1511688232,23536,23546,10
13.0277204514,80.1509170532,23546,23556,10
13.027130127,80.1504821777,23556,23566,10
13.0264501572,80.1499633789,23566,23575,9
13.0257997513,80.1493682861,23575,23586,11
13.0249595642,80.1484985352,23586,23596,10
13.024189949,80.1476593018,23596,23606,10
13.0233802795,80.1468582153,23606,23616,10
13.0227403641,80.1462631226,23616,23627,11
13.0221796036,80.1456832886,23627,23636,9
13.0219602585,80.1454467773,23636,23647,11
13.0214395523,80.1449432373,23647,23657,10
13.0209102631,80.1444091797,23657,23667,10
13.0203399658,80.1438217163,23667,23677,10
13.0198497772,80.1432571411,23677,23687,10
13.0194301605,80.1428527832,23687,23697,10
13.0191402435,80.1425476074,23697,23707,10
13.0189399719,80.1423492432,23707,23717,10
13.0184803009,80.1418991089,23717,23727,10
13.0179195404,80.1413269043,23727,23738,11
13.0174598694,80.1405410767,23738,23748,10
13.0169801712,80.1395874023,23748,23758,10
13.0164804459,80.1385803223,23758,23768,10
13.0159502029,80.1375274658,23768,23778,10
13.0154800415,80.1365966797,23778,23788,10
13.0154104233,80.1364822388,23788,23798,10
13.0152301788,80.1361618042,23798,23808,10
13.0149002075,80.1355361938,23808,23818,10
13.0144500732,80.1347579956,23818,23834,16
13.0136098862,80.1335220337,23834,23847,13
13.0128498077,80.1330108643,23847,23857,10
13.0125303268,80.1325912476,23857,23865,8
13.0125398636,80.1319198608,23865,23876,11
13.0125398636,80.1316375732,23876,23887,11
13.0123195648,80.1309967041,23887,23898,11
13.0119800568,80.1302337646,23898,23908,10
13.0117101669,80.1292495728,23908,23918,10
13.011590004,80.1282424927,23918,23928,10
13.0114603043,80.1272583008,23928,23938,10
13.0114402771,80.1265029907,23938,23948,10
13.0114498138,80.1254577637,23948,23959,11
13.0112895966,80.1242828369,23959,23969,10
13.0106897354,80.1233520508,23969,23979,10
13.0099201202,80.1228408813,23979,23989,10
13.0097503662,80.1221008301,23989,23999,10
13.0096998215,80.1214370728,23999,24009,10
13.0096998215,80.1210327148,24009,24019,10
13.0097198486,80.1207199097,24019,24029,10
13.0099000931,80.1201019287,24029,24039,10
13.0099401474,80.1199798584,24039,24049,10
13.0100402832,80.1196517944,24049,24059,10
13.010140419,80.1189880371,24059,24070,11
13.0103998184,80.1180496216,24070,24080,10
13.0108098984,80.1169967651,24080,24090,10
13.0110197067,80.115852356,24090,24100,10
13.0111198425,80.1147766113,24100,24110,10
13.0107803345,80.114440918,24110,24120,10
13.0102396011,80.1144638062,24120,24130,10
13.0094804764,80.1144790649,24130,24140,10
13.0085000992,80.1143798828,24140,24150,10
13.0077600479,80.1135101318,24150,24160,10
13.0073795319,80.1129608154,24160,24170,10
13.0072097778,80.1127166748,24170,24181,11
13.0067901611,80.1120986938,24181,24191,10
13.006310463,80.111328125,24191,24201,10
13.0059700012,80.1104202271,24201,24211,10
13.0054702759,80.1096572876,24211,24221,10
13.005399704,80.1092681885,24221,24231,10
13.0053796768,80.1088180542,24231,24241,10
13.0053195953,80.108039856,24241,24251,10
13.0052700043,80.1070098877,24251,24261,10
13.0051498413,80.1058425903,24261,24271,10
13.0048799515,80.1046676636,24271,24281,10
13.004650116,80.1034622192,24281,24292,11
13.0045604706,80.1022186279,24292,24302,10
13.0042295456,80.1013717651,24302,24312,10
13.0038204193,80.1005401611,24312,24322,10
13.0035200119,80.0997390747,24322,24332,10
13.0034503937,80.0994796753,24332,24342,10
13.0033302307,80.0992584229,24342,24352,10
13.003080368,80.0990524292,24352,24362,10
13.0026302338,80.098739624,24362,24372,10
13.0020198822,80.0983963013,24372,24382,10
13.0014200211,80.0980529785,24382,24393,11
13.0007295609,80.0978469849,24393,24403,10
13.0001296997,80.0975494385,24403,24413,10
12.9994802475,80.0971374512,24413,24423,10
12.9988203049,80.0967788696,24423,24433,10
12.9986696243,80.0967025757,24433,24443,10
12.998290062,80.0965805054,24443,24453,10
12.9979896545,80.0964813232,24453,24463,10
12.9975099564,80.0964279175,24463,24473,10
12.9972000122,80.0963668823,24473,24675,202
12.9972000122,80.0963668823,24675,24685,10
12.9969902039,80.0963668823,24685,24695,10
12.9967098236,80.0963134766,24695,24705,10
12.9963197708,80.0962295532,24705,24715,10
12.9959697723,80.0961380005,24715,24726,11
12.9955501556,80.0960235596,24726,24736,10
12.9950199127,80.0958404541,24736,24746,10
12.9947795868,80.0957794189,24746,24756,10
12.9944896698,80.0956802368,24756,24766,10
12.9942798615,80.0955810547,24766,24776,10
12.9937200546,80.0954284668,24776,24786,10
12.9932003021,80.0954208374,24786,24796,10
12.9930400848,80.0953979492,24796,24806,10
12.9925203323,80.0953292847,24806,24816,10
12.9917402267,80.0952224731,24816,24826,10
12.9910497665,80.0950012207,24826,24836,10
12.9903802872,80.0944595337,24836,24847,11
12.9896001816,80.0939025879,24847,24857,10
12.9886798859,80.0936126709,24857,24867,10
12.987660408,80.0933837891,24867,24877,10
12.9873304367,80.0933227539,24877,24887,10
12.9871702194,80.0933227539,24887,24897,10
12.9869403839,80.0932922363,24897,24907,10
12.9865503311,80.0932693481,24907,24978,71
12.9865503311,80.0932693481,24978,24988,10
12.9866399765,80.093208313,24988,24998,10
12.9870100021,80.0932922363,24998,25048,50
12.9870100021,80.0932922363,25048,25059,11
12.9870595932,80.0933074951,25059,25069,10
12.9872598648,80.0933303833,25069,25079,10
12.987449646,80.0933303833,25079,25089,10
12.9876298904,80.0933609009,25089,25099,10
12.9880800247,80.093460083,25099,25109,10
12.9886198044,80.0935821533,25109,25119,10
12.9893102646,80.0937728882,25119,25129,10
12.9898300171,80.0939865112,25129,25139,10
12.9898395538,80.0939865112,25139,25149,10
12.9901199341,80.0942230225,25149,25159,10
12.990650177,80.0946578979,25159,25170,11
12.9912900925,80.095123291,25170,25180,10
12.991979599,80.0952529907,25180,25190,10
12.992099762,80.0952682495,25190,25200,10
12.9925003052,80.0953292847,25200,25210,10
12.9930400848,80.0953979492,25210,25220,10
12.9930896759,80.0953979492,25220,25230,10
12.9934396744,80.0953979492,25230,25240,10
12.9939603806,80.095451355,25240,25250,10
12.9945201874,80.095703125,25250,25260,10
12.9949502945,80.0958404541,25260,25270,10
12.9952297211,80.0959014893,25270,25281,11
12.995759964,80.0961074829,25281,25291,10
12.9962902069,80.096206665,25291,25301,10
12.9963703156,80.0962295532,25301,25311,10
12.9967002869,80.096321106,25311,25321,10
12.9972295761,80.0963592529,25321,25351,30
12.9972295761,80.0963592529,25351,25361,10
12.9975299835,80.0963821411,25361,25371,10
12.9976301193,80.0964431763,25371,25381,10
12.9977302551,80.0964584351,25381,25392,11
12.9980602264,80.0964813232,25392,25402,10
12.998459816,80.0966186523,25402,25412,10
12.9989595413,80.0968322754,25412,25422,10
12.9996404648,80.0971984863,25422,25432,10
13.0003004074,80.0976333618,25432,25442,10
13.0008802414,80.0978622437,25442,25452,10
13.0016098022,80.0981369019,25452,25462,10
13.0023403168,80.0985412598,25462,25472,10
13.0030403137,80.0989837646,25472,25482,10
13.0034198761,80.0993270874,25482,25492,10
13.0035800934,80.0997619629,25492,25503,11
13.0036096573,80.0998382568,25503,25513,10
13.0037403107,80.100227356,25513,25523,10
13.0040102005,80.1008987427,25523,25533,10
13.0044202805,80.1016998291,25533,25543,10
13.0046796799,80.1025314331,25543,25553,10
13.0047197342,80.1033630371,25553,25563,10
13.0048599243,80.1043930054,25563,25573,10
13.0051298141,80.1055221558,25573,25583,10
13.0052995682,80.1066970825,25583,25593,10
13.0053596497,80.1079025269,25593,25603,10
13.0054302216,80.1089782715,25603,25614,11
13.0054798126,80.1095275879,25614,25624,10
13.0055599213,80.1098327637,25624,25634,10
13.0059299469,80.1103591919,25634,25644,10
13.0062799454,80.1111373901,25644,25654,10
13.006770134,80.1120605469,25654,25670,16
13.0078201294,80.1135482788,25670,25682,12
13.0087604523,80.1144790649,25682,25692,10
13.0098600388,80.1144866943,25692,25702,10
13.0106401443,80.1144714355,25702,25712,10
13.0107097626,80.1144638062,25712,25722,10
13.0109701157,80.1144714355,25722,25733,11
13.0111398697,80.1148986816,25733,25743,10
13.0110797882,80.1156082153,25743,25752,9
13.0109796524,80.1164169312,25752,25762,10
13.0107402802,80.1173706055,25762,25773,11
13.0102300644,80.118598938,25773,25783,10
13.0100498199,80.119682312,25783,25793,10
13.0098304749,80.1204223633,25793,25802,9
13.0097999573,80.1204986572,25802,25812,10
13.0097303391,80.1209182739,25812,25823,11
13.0097198486,80.1212921143,25823,25834,11
13.0097503662,80.1217727661,25834,25844,10
13.0097904205,80.122428894,25844,25854,10
13.0101804733,80.1229782104,25854,25864,10
13.0107803345,80.1234512329,25864,25874,10
13.0110998154,80.123878479,25874,25884,10
13.0112495422,80.1241836548,25884,25894,10
13.0114898682,80.124786377,25894,25904,10
13.011469841,80.1256408691,25904,25914,10
13.011469841,80.1265792847,25914,25924,10
13.0115299225,80.1274414063,25924,25934,10
13.0116195679,80.128288269,25934,25945,11
13.0117301941,80.1291503906,25945,25955,10
13.0118398666,80.1297912598,25955,25965,10
13.0121202469,80.1305923462,25965,25975,10
13.0124902725,80.1314163208,25975,25985,10
13.0125598907,80.1317825317,25985,25995,10
13.0125799179,80.1319732666,25995,26005,10
13.0125799179,80.1324996948,26005,26015,10
13.0127801895,80.1329803467,26015,26025,10
13.0131196976,80.1330718994,26025,26035,10
13.0136404037,80.1335067749,26035,26045,10
13.0141201019,80.1342086792,26045,26055,10
13.0146903992,80.1351165771,26055,26066,11
13.0152797699,80.136177063,26066,26076,10
13.015540123,80.136680603,26076,26086,10
13.0156002045,80.1367874146,26086,26096,10
13.0158395767,80.137260437,26096,26106,10
13.0161800385,80.1379470825,26106,26116,10
13.0165996552,80.1388168335,26116,26126,10
13.0170297623,80.1396865845,26126,26136,10
13.0174503326,80.1405181885,26136,26146,10
13.0178403854,80.1412582397,26146,26156,10
13.0185203552,80.1419830322,26156,26167,11
13.0193395615,80.1427307129,26167,26177,10
13.0198297501,80.1432189941,26177,26187,10
13.0201597214,80.1435699463,26187,26197,10
13.0205602646,80.1440200806,26197,26207,10
13.0205802917,80.1440429688,26207,26223,16
13.0209798813,80.1444625854,26223,26235,12
13.0216398239,80.1451034546,26235,26243,8
13.0221204758,80.1455612183,26243,26255,12
13.0224504471,80.1458892822,26255,26265,10
13.0224895477,80.1459274292,26265,26276,11
13.0227804184,80.1462173462,26276,26286,10
13.0232801437,80.146697998,26286,26296,10
13.023900032,80.1473007202,26296,26304,8
13.0244598389,80.1478881836,26304,26316,12
13.025270462,80.148727417,26316,26326,10
13.0257997513,80.1492996216,26326,26336,10
13.0264701843,80.1499099731,26336,26346,10
13.0272502899,80.1504974365,26346,26356,10
13.0279798508,80.1510467529,26356,26366,10
13.0284004211,80.1513519287,26366,26376,10
13.0284900665,80.1513977051,26376,26387,11
13.0288696289,80.1516723633,26387,26397,10
13.0294599533,80.1520690918,26397,26407,10
13.0301799774,80.1525497437,26407,26417,10
13.0308103561,80.1529388428,26417,26427,10
13.0309295654,80.1530075073,26427,26437,10
13.0312299728,80.1532211304,26437,26447,10
13.0317401886,80.1535568237,26447,26457,10
13.0322504044,80.1538696289,26457,26467,10
13.0328102112,80.1543426514,26467,26477,10
13.0333499908,80.1548614502,26477,26487,10
13.0344800949,80.1557006836,26487,26586,99
13.0344800949,80.1557006836,26586,26596,10
13.0346403122,80.1558609009,26596,26606,10
13.0347499847,80.1561584473,26606,26616,10
13.0344896317,80.1566009521,26616,26627,11
13.0343704224,80.157333374,26627,26636,9
13.0344400406,80.1579971313,26636,26647,11
13.0344495773,80.1588363647,26647,26657,10
13.0343999863,80.1597366333,26657,26667,10
13.0340900421,80.1603775024,26667,26677,10
13.0337200165,80.1610870361,26677,26687,10
13.0336799622,80.1611785889,26687,26697,10
13.0334796906,80.1615219116,26697,26707,10
13.0331497192,80.1621170044,26707,26718,11
13.0328502655,80.1626586914,26718,26728,10
13.0324802399,80.1632995605,26728,26738,10
13.0320796967,80.1640777588,26738,26748,10
13.0319499969,80.1643066406,26748,26758,10
13.031920433,80.1643295288,26758,26768,10
13.0317401886,80.164642334,26768,26778,10
13.031419754,80.165222168,26778,26788,10
13.0310001373,80.1659469604,26788,26798,10
13.030500412,80.166847229,26798,26808,10
13.0299501419,80.1678237915,26808,26818,10
13.0294504166,80.1687469482,26818,26839,21
13.0294504166,80.1687469482,26839,26849,10
13.0293197632,80.1689605713,26849,26859,10
13.0290403366,80.1694335938,26859,26869,10
13.028670311,80.1700973511,26869,26879,10
13.0282096863,80.1708984375,26879,26888,9
13.0277204514,80.1717834473,26888,26899,11
13.0270996094,80.1728897095,26899,26909,10
13.026550293,80.1738815308,26909,26918,9
13.0261096954,80.1746520996,26918,26928,10
13.0256204605,80.1755523682,26928,26940,12
13.0249595642,80.1767883301,26940,26960,20
13.0249595642,80.1767883301,26960,26970,10
13.024889946,80.1768798828,26970,26980,10
13.0246601105,80.1772918701,26980,26990,10
13.0242900848,80.1779327393,26990,27000,10
13.0238800049,80.1786804199,27000,27010,10
13.0237102509,80.1790008545,27010,27020,10
13.0234498978,80.1794204712,27020,27030,10
13.0230798721,80.1800613403,27030,27041,11
13.0225801468,80.1809463501,27041,27051,10
13.0220403671,80.1819000244,27051,27060,9
13.0214099884,80.1831130981,27060,27111,51
13.0214099884,80.1831130981,27111,27121,10
13.0213499069,80.1831893921,27121,27131,10
13.0211896896,80.1834716797,27131,27141,10
13.0209302902,80.1839675903,27141,27162,21
13.0209302902,80.1839675903,27162,27172,10
13.020819664,80.1841964722,27172,27182,10
13.0206804276,80.184677124,27182,27192,10
13.0204496384,80.1853637695,27192,27202,10
13.0198898315,80.1858978271,27202,27212,10
13.0191497803,80.1863174438,27212,27222,10
13.0183601379,80.1868362427,27222,27232,10
13.0177097321,80.187713623,27232,27242,10
13.0172796249,80.1884994507,27242,27252,10
13.0168304443,80.1893386841,27252,27263,11
13.0166397095,80.1897735596,27263,27273,10
13.0165996552,80.1898193359,27273,27283,10
13.0163898468,80.1901626587,27283,27293,10
13.0160903931,80.1906967163,27293,27303,10
13.0157003403,80.1913604736,27303,27313,10
13.0152797699,80.1921310425,27313,27323,10
13.0147695541,80.1930236816,27323,27333,10
13.0143003464,80.1936721802,27333,27343,10
13.0142602921,80.1937026978,27343,27353,10
13.0141000748,80.1938018799,27353,27363,10
13.0136604309,80.1940994263,27363,27374,11
13.012960434,80.1945266724,27374,27384,10
13.0122299194,80.1949768066,27384,27394,10
13.0114402771,80.1954879761,27394,27404,10
13.0111303329,80.1957092285,27404,27414,10
13.0110502243,80.1957473755,27414,27424,10
13.0107297897,80.1959228516,27424,27434,10
13.0102500916,80.1959762573,27434,27444,10
13.0095996857,80.1959381104,27444,27454,10
13.0089998245,80.1961288452,27454,27464,10
13.008600235,80.1964797974,27464,27474,10
13.0085802078,80.1972808838,27474,27485,11
13.008600235,80.1978378296,27485,27495,10
13.008600235,80.1978683472,27495,27505,10
13.0086202621,80.1979827881,27505,27515,10
13.0086202621,80.1985168457,27515,27525,10
13.0086402893,80.1993713379,27525,27535,10
13.0086698532,80.2004699707,27535,27545,10
13.0086402893,80.2014389038,27545,27555,10
13.0085897446,80.2022399902,27555,27565,10
13.0085897446,80.2023391724,27565,27575,10
13.0085697174,80.2024993896,27575,27585,10
13.0084104538,80.2030029297,27585,27596,11
13.0079097748,80.2035903931,27596,27606,10
13.0077495575,80.2042999268,27606,27615,9
13.0077400208,80.2050018311,27615,27626,11
13.0077600479,80.2061920166,27626,27636,10
13.0079402924,80.2073364258,27636,27646,10
13.0081195831,80.2084732056,27646,27656,10
13.0083599091,80.2096328735,27656,27666,10
13.0088100433,80.2104797363,27666,27676,10
13.0093297958,80.210899353,27676,27707,31
13.0093297958,80.210899353,27707,27717,10
13.009349823,80.2110137939,27717,27727,10
13.0094003677,80.2110824585,27727,27737,10
13.0093698502,80.2111663818,27737,27747,10
13.0091600418,80.2114028931,27747,27763,16
13.0090799332,80.2117080688,27763,27775,12
13.0093202591,80.2124176025,27775,27783,8
13.0095100403,80.2129898071,27783,27795,12
13.0098495483,80.2138290405,27795,27805,10
13.0101299286,80.2145309448,27805,27815,10
13.0102596283,80.2153015137,27815,27827,12
13.0105895996,80.2163467407,27827,27837,10
13.0110397339,80.2173309326,27837,27847,10
13.0114803314,80.2184371948,27847,27857,10
13.0118999481,80.219543457,27857,27867,10
13.0122098923,80.220413208,27867,27877,10
13.0122804642,80.2205734253,27877,27886,9
13.0123996735,80.220916748,27886,27896,10
13.0126600266,80.2215194702,27896,27907,11
13.0132303238,80.2222290039,27907,27917,10
13.0138196945,80.2229995728,27917,27928,11
13.0143003464,80.2236404419,27928,27938,10
13.0145902634,80.2240219116,27938,27948,10
13.0151796341,80.2246780396,27948,27958,10
13.015540123,80.224937439,27958,27968,10
13.0155496597,80.2249526978,27968,27977,9
13.0156202316,80.2250137329,27977,27988,11
13.0159196854,80.2252578735,27988,27998,10
13.016699791,80.2252426147,27998,28008,10
13.0175895691,80.2249069214,28008,28018,10
13.0186395645,80.2244873047,28018,28029,11
13.0193996429,80.224281311,28029,28049,20
13.0193996429,80.224281311,28049,28059,10
13.0194597244,80.2243423462,28059,28069,10
13.0197200775,80.2244796753,28069,28079,10
13.0201501846,80.224822998,28079,28089,10
13.0207901001,80.2252807617,28089,28099,10
13.0213603973,80.2257232666,28099,28109,10
13.0220003128,80.2262115479,28109,28119,10
13.022600174,80.2267379761,28119,28129,10
13.0233402252,80.2274169922,28129,28140,11
13.0242395401,80.2283401489,28140,28149,9
13.0248003006,80.2290878296,28149,28160,11
13.0255203247,80.2300415039,28160,28170,10
13.0260400772,80.2312393188,28170,28200,30
13.0260400772,80.2312393188,28200,28210,10
13.0261001587,80.2314224243,28210,28220,10
13.0264997482,80.2312927246,28220,28230,10
13.0272502899,80.2311019897,28230,28240,10
13.0280199051,80.2309494019,28240,28251,11
13.0285396576,80.2308807373,28251,28260,9
13.0286798477,80.2308731079,28260,28271,11
13.0292196274,80.2308425903,28271,28281,10
13.0295000076,80.2308273315,28281,28291,10
13.0300998688,80.230758667,28291,28301,10
13.0306997299,80.2306594849,28301,28311,10
13.0306797028,80.2303771973,28311,28321,10
13.0304899216,80.2297592163,28321,28331,10
13.0303001404,80.2290878296,28331,28341,10
13.0303602219,80.2284088135,28341,28351,10
13.0303602219,80.2282028198,28351,28362,11
13.0304203033,80.2277603149,28362,28372,10
13.0302801132,80.2274703979,28372,28382,10
13.0295801163,80.2273635864,28382,28392,10
13.0286903381,80.2271881104,28392,28402,10
13.0282897949,80.2271118164,28402,28412,10
13.0279903412,80.2269897461,28412,28422,10
13.0279598236,80.2266235352,28422,28432,10
13.0281000137,80.2259368896,28432,28442,10
13.0282297134,80.2252731323,28442,28452,10
13.0284004211,80.2245178223,28452,28462,10
13.0285797119,80.2240066528,28462,28472,10
13.0286903381,80.2240066528,28472,28483,11
13.0289497375,80.2241287231,28483,28493,10
13.0294303894,80.2242965698,28493,28503,10
13.0301599503,80.2242889404,28503,28513,10
13.030960083,80.2242889404,28513,28523,10
13.0311498642,80.224029541,28523,28533,10
13.0311603546,80.223449707,28533,28543,10
13.0311899185,80.2231903076,28543,28553,10
13.0312404633,80.2229232788,28553,28563,10
13.0315198898,80.2223968506,28563,28573,10
13.0317897797,80.2218017578,28573,28583,10
13.0320596695,80.2209777832,28583,28594,11
13.0321998596,80.2201385498,28594,28604,10
13.032119751,80.2200469971,28604,28614,10
13.0319795609,80.2200927734,28614,28623,9
13.031829834,80.2201309204,28623,28634,11
13.0313396454,80.220199585,28634,28644,10
13.0307998657,80.220199585,28644,28654,10
13.0301303864,80.2201766968,28654,28664,10
13.02987957,80.2201690674,28664,28674,10
13.029540062,80.2201080322,28674,28684,10
13.0291595459,80.2200088501,28684,28694,10
13.028719902,80.2199172974,28694,28705,11
13.0283298492,80.219871521,28705,28715,10
13.0278596878,80.2198028564,28715,28725,10
13.0271701813,80.2197570801,28725,28735,10
13.0266704559,80.2197189331,28735,28745,10
13.0259199142,80.2197418213,28745,28755,10
13.0250196457,80.2197418213,28755,28775,20
13.0250196457,80.2197418213,28775,28785,10
13.0246400833,80.2197799683,28785,28795,10
13.0242996216,80.2197189331,28795,28804,9
13.0242900848,80.2194213867,28804,28816,12
13.0242795944,80.21900177,28816,28826,10
13.0242595673,80.2185134888,28826,28836,10
13.0242500305,80.2180175781,28836,28846,10
13.0242595673,80.217376709,28846,28856,10
13.0242795944,80.216758728,28856,30277,1421
13.0244598389,80.2165603638,30277,30317,40
13.0244598389,80.2165603638,30317,30327,10
13.0246896744,80.2167205811,30327,30337,10
13.0246696472,80.2168731689,30337,30347,10
13.0247001648,80.2171936035,30347,30357,10
13.0247297287,80.217628479,30357,30368,11
13.0247497559,80.2178726196,30368,30378,10
13.024769783,80.2181396484,30378,30388,10
13.0247802734,80.2182617188,30388,30398,10
13.0248003006,80.2185516357,30398,30408,10
13.0248603821,80.2193222046,30408,30428,20
13.0248603821,80.2193222046,30428,30438,10
13.0248603821,80.2195129395,30438,30448,10
13.024939537,80.2197723389,30448,30458,10
13.0252399445,80.2197418213,30458,30468,10
13.0257902145,80.2197265625,30468,30479,11
13.0264997482,80.2197113037,30479,30489,10
13.0268697739,80.2197189331,30489,30499,10
13.0273103714,80.2197418213,30499,30509,10
13.0276298523,80.2197494507,30509,30519,10
13.0276403427,80.2197494507,30519,30529,10
13.0279302597,80.2197875977,30529,30539,10
13.0283603668,80.2198562622,30539,30549,10
13.0288600922,80.2199401855,30549,30558,9
13.0291595459,80.2200012207,30558,30569,11
13.0296897888,80.2201385498,30569,30578,9
13.029999733,80.2202072144,30578,30590,12
13.0301198959,80.2202224731,30590,30600,10
13.0305099487,80.2202224731,30600,30610,10
13.030790329,80.2202377319,30610,30620,10
13.0313501358,80.2202529907,30620,30630,10
13.0320701599,80.2200775146,30630,30660,30
13.0320701599,80.2200775146,30660,30670,10
13.0322599411,80.2201080322,30670,30680,10
13.0322599411,80.2203216553,30680,30690,10
13.0322303772,80.2204284668,30690,30701,11
13.0320901871,80.2210006714,30701,30711,10
13.0318899155,80.2216796875,30711,30721,10
13.0316400528,80.2222213745,30721,30731,10
13.0313301086,80.2227325439,30731,30740,9
13.0312099457,80.2233581543,30740,30751,11
13.0311899185,80.2239608765,30751,30761,10
13.0311899185,80.2239990234,30761,30771,10
13.0312004089,80.2242279053,30771,30781,10
13.0308704376,80.2243499756,30781,30791,10
13.0301799774,80.2243423462,30791,30801,10
13.0294103622,80.2243423462,30801,30812,11
13.0290603638,80.2242584229,30812,30822,10
13.0288801193,80.2241363525,30822,30832,10
13.0286197662,80.2240982056,30832,30842,10
13.0284204483,80.2246170044,30842,30852,10
13.0282402039,80.2254486084,30852,30862,10
13.0280704498,80.2261886597,30862,30872,10
13.0279397964,80.2268295288,30872,30882,10
13.0279998779,80.2270278931,30882,30892,10
13.0283098221,80.2271270752,30892,30902,10
13.0288200378,80.2272186279,30902,30912,10
13.029419899,80.2273101807,30912,30923,11
13.0299901962,80.2273864746,30923,30933,10
13.0304002762,80.2274780273,30933,30943,10
13.0304002762,80.2281112671,30943,30963,20
13.0304002762,80.2281112671,30963,30973,10
13.0303697586,80.2283325195,30973,30983,10
13.0303401947,80.2287368774,30983,30993,10
13.030380249,80.2294616699,30993,31003,10
13.0306301117,80.2301101685,31003,31013,10
13.0306997299,80.2304611206,31013,31029,16
13.0307197571,80.2306594849,31029,31042,13
13.0306301117,80.230758667,31042,31050,8
13.030090332,80.2308120728,31050,31072,22
13.030090332,80.2308120728,31072,31082,10
13.0299196243,80.2308120728,31082,31092,10
13.029589653,80.2308425903,31092,31102,10
13.0291204453,80.2308807373,31102,31112,10
13.028459549,80.2309570313,31112,31122,10
13.0278501511,80.2310180664,31122,31132,10
13.0276498795,80.2311477661,31132,31142,10
13.0276699066,80.2316131592,31142,31153,11
13.0277299881,80.2320709229,31153,31163,10
13.0278196335,80.2324829102,31163,31173,10
13.0277500153,80.2328262329,31173,31183,10
13.027299881,80.2329025269,31183,31193,10
13.0272102356,80.2329101563,31193,31203,10
13.0271196365,80.2329406738,31203,31213,10
13.02684021,80.232963562,31213,31223,10
13.0265197754,80.2329788208,31223,31233,10
13.0263004303,80.2325973511,31233,31243,10
13.0261297226,80.2320022583,31243,31253,10
13.0259599686,80.2313537598,31253,31264,11
13.025639534,80.23046875,31264,31274,10
13.0250797272,80.2296218872,31274,31284,10
13.0247602463,80.2291870117,31284,31294,10
13.0247497559,80.2291793823,31294,31304,10
13.0246400833,80.2290267944,31304,31314,10
13.0243797302,80.2286682129,31314,31324,10
13.0239400864,80.2281036377,31324,31334,10
13.0232896805,80.2274398804,31334,31344,10
13.0224199295,80.2267303467,31344,31364,20
13.0224199295,80.2267303467,31364,31375,11
13.0223398209,80.2266616821,31375,31385,10
13.0220499039,80.2264022827,31385,31395,10
13.0215396881,80.2259902954,31395,31405,10
13.0209302902,80.2255020142,31405,31415,10
13.0201797485,80.2249832153,31415,31425,10
13.0192804337,80.2245025635,31425,31435,10
13.018239975,80.2247390747,31435,31445,10
13.0172100067,80.2251586914,31445,31455,10
13.016409874,80.2254867554,31455,31465,10
13.0157403946,80.2257003784,31465,31475,10
13.0150003433,80.2259902954,31475,31486,11
13.0139398575,80.2264785767,31486,31506,20
13.0139398575,80.2264785767,31506,31516,10
13.0137901306,80.2265472412,31516,31526,10
13.0133600235,80.2266616821,31526,31536,10
13.0126800537,80.226890564,31536,31546,10
13.0118598938,80.227180481,31546,31556,10
13.0108804703,80.2275619507,31556,31566,10
13.0099802017,80.227897644,31566,31576,10
13.0095300674,80.2275772095,31576,31586,10
13.0097999573,80.2269515991,31586,31597,11
13.0101804733,80.2261123657,31597,31607,10
13.0104598999,80.225479126,31607,31617,10
13.0105400085,80.2253112793,31617,31627,10
13.0106897354,80.2249526978,31627,31637,10
13.0108995438,80.2244415283,31637,31647,10
13.011179924,80.2237319946,31647,31657,10
13.0113801956,80.2233123779,31657,31677,20
13.0113801956,80.2233123779,31677,31687,10
13.0114898682,80.2231826782,31687,31697,10
13.0116195679,80.2227401733,31697,31708,11
13.0119304657,80.2218780518,31708,31718,10
13.0121498108,80.2211227417,31718,31728,10
13.0119895935,80.2205581665,31728,31738,10
13.0117502213,80.219833374,31738,31748,10
13.0116996765,80.2197723389,31748,31758,10
13.011639595,80.2194976807,31758,31768,10
13.0114898682,80.2189712524,31768,31778,10
13.0112800598,80.2182693481,31778,31788,10
13.0110197067,80.2175827026,31788,31798,10
13.0106897354,80.2168273926,31798,31808,10
13.0103197098,80.2161483765,31808,31819,11
13.0099601746,80.2154083252,31819,31829,10
13.0096101761,80.2148971558,31829,31839,10
13.0091295242,80.2142562866,31839,31849,10
13.0086803436,80.2136764526,31849,31859,10
13.0085201263,80.2135162354,31859,31869,10
13.0079698563,80.2132110596,31869,31919,50
13.0079698563,80.2132110596,31919,31930,11
13.0078401566,80.2131118774,31930,31940,10
13.0078001022,80.2130584717,31940,31950,10
13.007610321,80.2129211426,31950,31960,10
13.0071802139,80.2127990723,31960,31970,10
13.0065603256,80.2127838135,31970,31986,16
13.0055599213,80.2128677368,31986,31998,12
13.0052604675,80.2127075195,31998,32008,10
13.0052099228,80.2126922607,32008,32018,10
13.0047998428,80.2124786377,32018,32028,10
13.0040597916,80.2121734619,32028,32038,10
13.0037403107,80.2117233276,32038,32049,11
13.0037002563,80.2109985352,32049,32058,9
13.0036096573,80.2103805542,32058,32069,11
13.0035400391,80.2095794678,32069,32079,10
13.0036897659,80.2088165283,32079,32089,10
13.0042695999,80.2087173462,32089,32099,10
13.0051403046,80.2091064453,32099,32109,10
13.0060396194,80.2094573975,32109,32119,10
13.0068397522,80.2097091675,32119,32129,10
13.0074501038,80.2098236084,32129,32160,31
13.0074501038,80.2098236084,32160,32170,10
13.0076599121,80.2098922729,32170,32180,10
13.0079498291,80.2099380493,32180,32190,10
13.0081396103,80.2099380493,32190,32200,10
13.0081100464,80.2095184326,32200,32210,10
13.0079898834,80.2088470459,32210,32220,10
13.0078401566,80.2080535889,32220,32230,10
13.0077104568,80.2071075439,32230,32240,10
13.0075798035,80.2061233521,32240,32250,10
13.0075397491,80.2052001953,32250,32261,11
13.0075597763,80.2044219971,32261,32271,10
13.0075101852,80.2037582397,32271,32281,10
13.0073795319,80.2029571533,32281,32291,10
13.0073204041,80.2021484375,32291,32301,10
13.0073699951,80.2014694214,32301,32311,10
13.0073795319,80.2014007568,32311,32321,10
13.0074195862,80.2012786865,32321,32331,10
13.0074396133,80.200881958,32331,32341,10
13.0074701309,80.2003173828,32341,32351,10
13.0073699951,80.1992797852,32351,32460,109
13.0073699951,80.1992797852,32460,32470,10
13.0073900223,80.1991119385,32470,32480,10
13.0073699951,80.198890686,32480,32491,11
13.007349968,80.1984786987,32491,32501,10
13.0073299408,80.1979522705,32501,32511,10
13.0073003769,80.1972579956,32511,32521,10
13.0073003769,80.1967163086,32521,32541,20
13.0073003769,80.1967163086,32541,32551,10
13.0072803497,80.1966400146,32551,32561,10
13.0073404312,80.1962585449,32561,32571,10
13.0077400208,80.1961517334,32571,32581,10
13.0082597733,80.1962738037,32581,32591,10
13.0084695816,80.1962890625,32591,32602,11
13.0085601807,80.1962890625,32602,32612,10
13.0087203979,80.1962280273,32612,32622,10
13.0090198517,80.1960678101,32622,32632,10
13.0094499588,80.1958999634,32632,32642,10
13.0101900101,80.1958770752,32642,32652,10
13.0109195709,80.1956329346,32652,32662,10
13.0111999512,80.1954498291,32662,32672,10
13.0113601685,80.195350647,32672,32688,16
13.0122299194,80.1948318481,32688,32700,12
13.0131902695,80.1942596436,32700,32708,8
13.0137395859,80.1939163208,32708,32721,13
13.0144996643,80.1931915283,32721,32731,10
13.0148200989,80.1926498413,32731,32750,19
13.0148200989,80.1926498413,32750,32761,11
13.0150203705,80.1923217773,32761,32771,10
13.0152797699,80.1918411255,32771,32781,10
13.0156698227,80.1911468506,32781,32791,10
13.016169548,80.1902313232,32791,32801,10
13.0167798996,80.1890792847,32801,32822,21
13.0167798996,80.1890792847,32822,32832,10
13.0168800354,80.1889419556,32832,32842,10
13.0171403885,80.1884994507,32842,32852,10
13.0174999237,80.1878814697,32852,32862,10
13.0176801682,80.187538147,32862,32872,10
13.0177698135,80.1873703003,32872,32882,10
13.0179395676,80.1870803833,32882,32892,10
13.0182104111,80.1868209839,32892,32902,10
13.0185699463,80.1865386963,32902,32912,10
13.0191497803,80.1861877441,32912,32921,9
13.019780159,80.1858291626,32921,32933,12
13.0202703476,80.1854095459,32933,32943,10
13.0203695297,80.1852264404,32943,32953,10
13.0204401016,80.1850128174,32953,32963,10
13.0205898285,80.1845474243,32963,32983,20
13.0205898285,80.1845474243,32983,32993,10
13.0206098557,80.1844711304,32993,33003,10
13.0206899643,80.1841583252,33003,33013,10
13.0207700729,80.1839981079,33013,33023,10
13.0208702087,80.1837997437,33023,33033,10
13.0210800171,80.1834182739,33033,33044,11
13.0212802887,80.1830673218,33044,33054,10
13.0215196609,80.1826629639,33054,33064,10
13.0217895508,80.1821594238,33064,33074,10
13.0220804214,80.1816177368,33074,33084,10
13.0224599838,80.1809616089,33084,33094,10
13.0228595734,80.1802368164,33094,33104,10
13.0232601166,80.1794891357,33104,33114,10
13.0238399506,80.1784286499,33114,33144,30
13.0238399506,80.1784286499,33144,33155,11
13.0239295959,80.1783294678,33155,33165,10
13.0241699219,80.1779327393,33165,33175,10
13.0245199203,80.1773376465,33175,33185,10
13.0248203278,80.1767730713,33185,33195,10
13.0251302719,80.1761779785,33195,33205,10
13.0253696442,80.1757278442,33205,33215,10
13.0254201889,80.1756668091,33215,33225,10
13.0256204605,80.1753234863,33225,33235,10
13.0259504318,80.1747283936,33235,33245,10
13.0263700485,80.1740036011,33245,33255,10
13.0268497467,80.1731262207,33255,33266,11
13.0274600983,80.1720428467,33266,33276,10
13.0279798508,80.1711273193,33276,33286,10
13.0283603668,80.1704406738,33286,33296,10
13.0286102295,80.1699829102,33296,33306,10
13.0289201736,80.1693496704,33306,33316,10
13.0290403366,80.1691131592,33316,33326,10
13.0290803909,80.1690597534,33326,33336,10
13.0292797089,80.1687164307,33336,33346,10
13.029589653,80.168182373,33346,33356,10
13.0299701691,80.1674880981,33356,33366,10
13.0304203033,80.1666870117,33366,33376,10
13.0309400558,80.1657409668,33376,33387,11
13.0317401886,80.1643218994,33387,33407,20
13.0317401886,80.1643218994,33407,33417,10
13.0318899155,80.1640625,33417,33427,10
13.0321598053,80.16355896,33427,33437,10
13.0324001312,80.1631164551,33437,33447,10
13.032409668,80.1631088257,33447,33457,10
13.0325603485,80.1628417969,33457,33467,10
13.0328502655,80.1623382568,33467,33477,10
13.0332298279,80.1616668701,33477,33488,11
13.0337200165,80.1608123779,33488,33498,10
13.033949852,80.1603775024,33498,33508,10
13.0339603424,80.1603775024,33508,33518,10
13.0341300964,80.1600799561,33518,33538,20
13.0341300964,80.1600799561,33538,33548,10
13.0342197418,80.1599578857,33548,33558,10
13.0343399048,80.1597213745,33558,33568,10
13.0343999863,80.1591720581,33568,33578,10
13.0344104767,80.1584014893,33578,33588,10
13.0343399048,80.1574707031,33588,33598,10
13.0343799591,80.1566314697,33598,33609,11
13.0344696045,80.1563568115,33609,33619,10
13.0345201492,80.1562728882,33619,33629,10
13.0346298218,80.1559295654,33629,33639,10
13.0344200134,80.1556777954,33639,33649,10
13.0341901779,80.1555480957,33649,33659,10
13.0339603424,80.1554031372,33659,33699,40
13.0339603424,80.1554031372,33699,33709,10
13.0337600708,80.1552581787,33709,33720,11
13.0333995819,80.1549530029,33720,33730,10
13.0328598022,80.1544799805,33730,33740,10
13.0322799683,80.1539611816,33740,33750,10
13.0317802429,80.1536636353,33750,33760,10
13.0307197571,80.1529998779,33760,33831,71
13.0307197571,80.1529998779,33831,33841,10
13.0305700302,80.1528778076,33841,33851,10
13.0301504135,80.152633667,33851,33861,10
13.029540062,80.1522216797,33861,33871,10
13.0288095474,80.1517486572,33871,33881,10
13.0281295776,80.1512832642,33881,33901,20
13.0281295776,80.1512832642,33901,33911,10
13.0279798508,80.1511306763,33911,33921,10
13.0276002884,80.1508483887,33921,33931,10
13.0269899368,80.1504211426,33931,33942,11
13.026260376,80.1498413086,33942,33952,10
13.0255699158,80.1491775513,33952,33962,10
13.0249700546,80.1485366821,33962,33972,10
13.0243196487,80.147819519,33972,33982,10
13.0238399506,80.1473464966,33982,33992,10
13.0233602524,80.1468429565,33992,34002,10
13.0229797363,80.1464767456,34002,34012,10
13.0229597092,80.1464614868,34012,34022,10
13.0229196548,80.1464233398,34022,34032,10
13.0226602554,80.1461715698,34032,34042,10
13.0222101212,80.1457138062,34042,34053,11
13.0217599869,80.1452713013,34053,34063,10
13.021229744,80.1447219849,34063,34073,10
13.0207300186,80.144241333,34073,34083,10
13.0202903748,80.1437606812,34083,34093,10
13.0198698044,80.1432800293,34093,34103,10
13.0195798874,80.1429977417,34103,34113,10
13.0191602707,80.142578125,34113,34133,20
13.0191202164,80.1424865723,34133,34143,10
13.0191202164,80.1424865723,34143,34153,10
13.0188398361,80.1421966553,34153,34164,11
13.0182504654,80.1416473389,34164,34174,10
13.0177097321,80.1409988403,34174,34184,10
13.0173597336,80.1403198242,34184,34194,10
13.0169200897,80.1394195557,34194,34204,10
13.0164499283,80.1384811401,34204,34215,11
13.0160303116,80.1376266479,34215,34224,9
13.0157403946,80.1370697021,34224,34235,11
13.0155897141,80.1367874146,34235,34254,19
13.0155897141,80.1367874146,34254,34266,12
13.0154304504,80.1365280151,34266,34276,10
13.0151901245,80.1360702515,34276,34286,10
13.0148601532,80.1354064941,34286,34296,10
13.014380455,80.1345977783,34296,34306,10
13.0137901306,80.1337280273,34306,34316,10
13.0132398605,80.1331329346,34316,34326,10
13.0125799179,80.1327667236,34326,34336,10
13.0125398636,80.1320495605,34336,34346,10
13.0125303268,80.131942749,34346,34356,10
13.0125398636,80.1317214966,34356,34366,10
13.0123901367,80.1311569214,34366,34376,10
13.012049675,80.1304092407,34376,34387,11
13.0117702484,80.1295700073,34387,34397,10
13.0116596222,80.1288986206,34397,34407,10
13.0115499496,80.1280136108,34407,34417,10
13.011469841,80.1273269653,34417,34433,16
13.0114498138,80.1266326904,34433,34445,12
13.0114498138,80.1263427734,34445,34454,9
13.0114297867,80.1257781982,34454,34465,11
13.0114603043,80.1249084473,34465,34475,10
13.0111904144,80.1240692139,34475,34485,10
13.0106096268,80.1232376099,34485,34495,10
13.0099201202,80.1228179932,34495,34506,11
13.0097799301,80.1220703125,34506,34516,10
13.0097398758,80.1214599609,34516,34525,9
13.0096998215,80.1210632324,34525,34536,11
13.0097198486,80.1206436157,34536,34546,10
13.0099201202,80.1200408936,34546,34566,20
13.0099201202,80.1200408936,34566,34576,10
13.0100498199,80.1197433472,34576,34586,10
13.0101604462,80.119140625,34586,34596,10
13.0102996826,80.1183395386,34596,34607,11
13.0107402802,80.1173095703,34607,34617,10
13.01101017,80.1161804199,34617,34627,10
13.0111198425,80.1150283813,34627,34637,10
13.0109300613,80.1144332886,34637,34647,10
13.010430336,80.114440918,34647,34663,16
13.0104103088,80.114440918,34663,34675,12
13.0099802017,80.1144485474,34675,34685,10
13.0094299316,80.1144714355,34685,34695,10
13.0084495544,80.1143112183,34695,34705,10
13.0078201294,80.1135787964,34705,34716,11
13.0072603226,80.1127700806,34716,34726,10
13.0066795349,80.1119537354,34726,34736,10
13.0062999725,80.1112670898,34736,34746,10
13.005979538,80.1103973389,34746,34757,11
13.0054798126,80.1096420288,34757,34766,9
13.0054101944,80.1093063354,34766,34777,11
13.005399704,80.1092071533,34777,34787,10
13.0053701401,80.1086807251,34787,34797,10
13.0052995682,80.1079025269,34797,34807,10
13.0052499771,80.1069107056,34807,34817,10
13.0051298141,80.105758667,34817,34828,11
13.0048398972,80.1045074463,34828,34838,10
13.004650116,80.1033401489,34838,34848,10
13.0045604706,80.1021881104,34848,34858,10
13.0041704178,80.1012268066,34858,34868,10
13.0037603378,80.1003417969,34868,34878,10
13.0035295486,80.0997009277,34878,34888,10
13.0035200119,80.099647522,34888,34898,10
13.0034704208,80.0995025635,34898,34908,10
13.0032501221,80.0991592407,34908,34918,10
13.002869606,80.0988922119,34918,34928,10
13.0024204254,80.0986099243,34928,34938,10
13.0017795563,80.0982589722,34938,34949,11
13.0010795593,80.0979309082,34949,34959,10
13.0003700256,80.0977096558,34959,34969,10
13.000169754,80.0975875854,34969,34979,10
12.9999599457,80.0974578857,34979,34995,16
12.9987802505,80.0967712402,34995,35017,22
12.9987802505,80.0967712402,35017,35027,10
12.9983797073,80.0966186523,35027,35037,10
12.9981803894,80.0965270996,35037,35047,10
12.997759819,80.0964736938,35047,35058,11
12.9974803925,80.0964279175,35058,35068,10
12.9972000122,80.0963516235,35068,35078,10
12.9968795776,80.0960617065,35078,35087,9
12.9970598221,80.0958786011,35087,35108,21
12.9970598221,80.0958786011,35108,35118,10
12.9970397949,80.0961380005,35118,35592,474
12.9970397949,80.0961380005,35592,35602,10
12.9973402023,80.0963821411,35602,35633,31
12.9973402023,80.0963821411,35633,35643,10
12.9976596832,80.0964584351,35643,35653,10
12.998000145,80.096496582,35653,35663,10
12.9983596802,80.0965881348,35663,35673,10
12.9987802505,80.0967712402,35673,35683,10
12.9993495941,80.097038269,35683,35693,10
12.999879837,80.0973587036,35693,35703,10
13.0003499985,80.0976715088,35703,35713,10
13.0007801056,80.0978317261,35713,35724,11
13.0014696121,80.0980682373,35724,35734,10
13.0020904541,80.0983963013,35734,35744,10
13.0027399063,80.098777771,35744,35754,10
13.0032701492,80.0991592407,35754,35764,10
13.0036001205,80.099822998,35764,35784,20
13.0036001205,80.099822998,35784,35794,10
13.0036001205,80.0998382568,35794,35831,37
13.0046195984,80.1023025513,35831,35844,13
13.0047101974,80.1033782959,35844,35852,8
13.0047397614,80.1039810181,35852,35864,12
13.0050001144,80.1050033569,35864,35873,9
13.0051803589,80.1059417725,35873,35884,11
13.0052995682,80.107093811,35884,35894,10
13.0053701401,80.1082763672,35894,35904,10
13.0054397583,80.109336853,35904,35913,9
13.0054597855,80.1095428467,35913,35924,11
13.0055103302,80.109703064,35924,35933,9
13.0057601929,80.1101226807,35933,35943,10
13.0061798096,80.1107635498,35943,35955,12
13.0066099167,80.1118087769,35955,35965,10
13.0071802139,80.1126403809,35965,35975,10
13.0072898865,80.11277771,35975,35985,10
13.0074300766,80.1129989624,35985,35995,10
13.0077896118,80.1135025024,35995,36005,10
13.0082902908,80.1141204834,36005,36015,10
13.0090503693,80.1144790649,36015,36025,10
13.0099697113,80.1144638062,36025,36035,10
13.0105895996,80.114440918,36035,36045,10
13.0106801987,80.114440918,36045,36055,10
13.0109596252,80.1144485474,36055,36072,17
13.0111198425,80.1153182983,36072,36084,12
13.0109901428,80.1163635254,36084,36094,10
13.010720253,80.1173782349,36094,36104,10
13.0102796555,80.1184463501,36104,36114,10
13.010140419,80.1193466187,36114,36124,10
13.0097999573,80.1204833984,36124,36144,20
13.0097999573,80.1204833984,36144,36153,9
13.0097398758,80.1207275391,36153,36164,11
13.0097198486,80.1211395264,36164,36174,10
13.0097398758,80.1215667725,36174,36185,11
13.0097799301,80.1222915649,36185,36195,10
13.010020256,80.1229019165,36195,36205,10
13.0106697083,80.1233215332,36205,36215,10
13.011059761,80.1238708496,36215,36225,10
13.0111598969,80.1240234375,36225,36235,10
13.0114002228,80.12449646,36235,36245,10
13.0114803314,80.1252822876,36245,36255,10
13.0114498138,80.1261825562,36255,36264,9
13.0114898682,80.1269378662,36264,36275,11
13.0115699768,80.1277618408,36275,36286,11
13.0116701126,80.1287384033,36286,36296,10
13.0117998123,80.1296005249,36296,36306,10
13.0121002197,80.1305236816,36306,36316,10
13.012550354,80.1317901611,36316,36336,20
13.012550354,80.1317901611,36336,36346,10
13.0125598907,80.1319198608,36346,36356,10
13.0125598907,80.1323318481,36356,36366,10
13.0126495361,80.1328582764,36366,36376,10
13.0133399963,80.1331863403,36376,36386,10
13.0138902664,80.1338500977,36386,36397,11
13.0145702362,80.1348800659,36397,36407,10
13.015080452,80.1357879639,36407,36417,10
13.0154695511,80.1365203857,36417,36427,10
13.0155296326,80.1366424561,36427,36437,10
13.0155801773,80.1367492676,36437,36447,10
13.0158100128,80.1371688843,36447,36457,10
13.0161504745,80.1378173828,36457,36467,10
13.0165395737,80.138633728,36467,36477,10
13.0169801712,80.139541626,36477,36487,10
13.0174598694,80.1405029297,36487,36497,10
13.0178098679,80.1411819458,36497,36508,11
13.0183696747,80.1417770386,36508,36518,10
13.018989563,80.1423721313,36518,36528,10
13.0193004608,80.1426696777,36528,36538,10
13.0197401047,80.1430892944,36538,36548,10
13.0200996399,80.1434783936,36548,36558,10
13.0203895569,80.1437988281,36558,36578,20
13.0203895569,80.1437988281,36578,36588,10
13.0204801559,80.1438980103,36588,36598,10
13.0207300186,80.1441879272,36598,36608,10
13.0211896896,80.1446380615,36608,36618,10
13.0216798782,80.1451263428,36618,36629,11
13.0224399567,80.1458587646,36629,36649,20
13.0224399567,80.1458587646,36649,36659,10
13.0226697922,80.1460876465,36659,36669,10
13.0229196548,80.1463394165,36669,36679,10
13.0232601166,80.1466903687,36679,36689,10
13.0237998962,80.1472167969,36689,36699,10
13.0243597031,80.1478118896,36699,36709,10
13.0249595642,80.1484222412,36709,36719,10
13.0254497528,80.1489715576,36719,36729,10
13.02602005,80.1495285034,36729,36740,11
13.0266895294,80.1500930786,36740,36750,10
13.0273303986,80.1505737305,36750,36760,10
13.027970314,80.1510467529,36760,36770,10
13.0282201767,80.1512374878,36770,36780,10
13.0284204483,80.1513595581,36780,36790,10
13.0286397934,80.151512146,36790,36806,16
13.0294599533,80.1520767212,36806,36818,12
13.0303297043,80.1526412964,36818,36827,9
13.0309696198,80.1530609131,36827,36838,11
13.0318098068,80.1536026001,36838,36849,11
13.0324296951,80.1540298462,36849,36859,10
13.0328903198,80.1544570923,36859,36869,10
13.0333299637,80.154876709,36869,36879,10
13.033949852,80.1553573608,36879,36888,9
13.034239769,80.1555633545,36888,37010,122
13.034239769,80.1555633545,37010,37020,10
13.0343599319,80.1556167603,37020,37030,10
13.0345802307,80.1557617188,37030,37040,10
13.0347003937,80.1561508179,37040,37050,10
13.0343904495,80.1567077637,37050,37060,10
13.034330368,80.1572723389,37060,37071,11
13.0343904495,80.1577072144,37071,37081,10
13.0344200134,80.1583633423,37081,37091,10
13.0344200134,80.1591796875,37091,37101,10
13.0342998505,80.1598892212,37101,37111,10
13.0340795517,80.1603164673,37111,37121,10
13.0337495804,80.1609802246,37121,37131,10
13.0336799622,80.1611099243,37131,37141,10
13.0334796906,80.1614608765,37141,37151,10
13.0331096649,80.1620788574,37151,37161,10
13.0326595306,80.1628723145,37161,37171,10
13.0319404602,80.1642532349,37171,37192,21
13.0319404602,80.1642532349,37192,37202,10
13.0317602158,80.1645812988,37202,37212,10
13.0314302444,80.1651611328,37212,37222,10
13.0309896469,80.1659088135,37222,37232,10
13.0304603577,80.1668624878,37232,37242,10
13.0299196243,80.1678390503,37242,37252,10
13.0293903351,80.1688232422,37252,37272,20
13.0293903351,80.1688232422,37272,37282,10
13.0293197632,80.1689529419,37282,37293,11
13.0290203094,80.1694488525,37293,37303,10
13.0286397934,80.1701202393,37303,37313,10
13.0284900665,80.1703872681,37313,37323,10
13.0282897949,80.170753479,37323,37333,10
13.0279397964,80.1713867188,37333,37343,10
13.0275096893,80.1721801758,37343,37353,10
13.0269804001,80.1731414795,37353,37363,10
13.02643013,80.1741027832,37363,37373,10
13.026049614,80.1747894287,37373,37383,10
13.025639534,80.1754989624,37383,37393,10
13.0249595642,80.1767425537,37393,37414,21
13.0249595642,80.1767425537,37414,37424,10
13.0248298645,80.1769638062,37424,37434,10
13.0245800018,80.1774291992,37434,37444,10
13.0242004395,80.1781005859,37444,37454,10
13.023850441,80.1787490845,37454,37464,10
13.0238103867,80.178817749,37464,37474,10
13.0236997604,80.1790313721,37474,37484,10
13.023440361,80.1794586182,37484,37494,10
13.023059845,80.1801376343,37494,37504,10
13.0225696564,80.1809921265,37504,37515,11
13.0219802856,80.1819992065,37515,37525,10
13.0214796066,80.1829376221,37525,37535,10
13.0209798813,80.183883667,37535,37555,20
13.0209798813,80.183883667,37555,37565,10
13.0208396912,80.1841964722,37565,37575,10
13.0206604004,80.1847381592,37575,37585,10
13.0203895569,80.1854476929,37585,37595,10
13.0196895599,80.1859970093,37595,37605,10
13.018819809,80.1865005493,37605,37615,10
13.0183095932,80.186882019,37615,37626,11
13.017950058,80.1872711182,37626,37636,10
13.0176496506,80.1878204346,37636,37646,10
13.0172901154,80.1884918213,37646,37656,10
13.0168504715,80.1893386841,37656,37676,20
13.0168504715,80.1893386841,37676,37686,10
13.016699791,80.1895980835,37686,37696,10
13.016409874,80.190071106,37696,37706,10
13.0160503387,80.1906814575,37706,37716,10
13.0156497955,80.1913909912,37716,37726,10
13.0151700974,80.192237854,37726,37735,9
13.014960289,80.1926193237,37735,37749,14
13.0143299103,80.1936035156,37749,37759,10
13.0142698288,80.193649292,37759,37769,10
13.0141296387,80.1937713623,37769,37779,10
13.0136804581,80.1940689087,37779,37789,10
13.0131101608,80.1944198608,37789,37799,10
13.0123901367,80.1948776245,37799,37809,10
13.0115098953,80.1954498291,37809,37819,10
13.011059761,80.1957473755,37819,37828,9
13.0109901428,80.1957778931,37828,37838,10
13.0106697083,80.1959228516,37838,37850,12
13.0101699829,80.1959533691,37850,37860,10
13.0097904205,80.1959228516,37860,37870,10
13.0094404221,80.1959609985,37870,37880,10
13.0091295242,80.1960830688,37880,37890,10
13.0087499619,80.1962280273,37890,37900,10
13.0085802078,80.1967010498,37900,37910,10
13.0085897446,80.1974563599,37910,37920,10
13.0086202621,80.197883606,37920,37930,10
13.0086202621,80.1979522705,37930,37940,10
13.008649826,80.1983795166,37940,37950,10
13.0086402893,80.1989974976,37950,37961,11
13.008649826,80.1999893188,37961,37971,10
13.0086603165,80.2008972168,37971,37981,10
13.008600235,80.2016830444,37981,37991,10
13.008600235,80.2022628784,37991,38001,10
13.008600235,80.2023620605,38001,38011,10
13.0084695816,80.2028427124,38011,38021,10
13.0080499649,80.2034072876,38021,38031,10
13.0077600479,80.2040634155,38031,38041,10
13.0077600479,80.2048110962,38041,38051,10
13.0077400208,80.2058410645,38051,38061,10
13.0078802109,80.2069702148,38061,38077,16
13.0081300735,80.2087783813,38077,38090,13
13.0084199905,80.2098236084,38090,38100,10
13.0087099075,80.210357666,38100,38109,9
13.0091295242,80.2107009888,38109,38130,21
13.0091295242,80.2107009888,38130,38139,9
13.0094003677,80.2109909058,38139,38180,41
13.009180069,80.2113113403,38180,38221,41
13.009180069,80.2113113403,38221,38231,10
13.0091295242,80.2117767334,38231,38241,10
13.009180069,80.2119827271,38241,38251,10
13.0092401505,80.2121963501,38251,38261,10
13.0093603134,80.2126083374,38261,38271,10
13.0095396042,80.2130966187,38271,38281,10
13.0097999573,80.2137527466,38281,38291,10
13.0100603104,80.2144088745,38291,38302,11
13.0102100372,80.215171814,38302,38312,10
13.0103797913,80.2159194946,38312,38322,10
13.0107698441,80.2167816162,38322,38332,10
13.0111904144,80.2176437378,38332,38342,10
13.0115499496,80.2186126709,38342,38358,16
13.0121097565,80.2203598022,38358,38370,12
13.0124397278,80.2211837769,38370,38380,10
13.0124797821,80.2212600708,38380,38390,10
13.012550354,80.2213973999,38390,38400,10
13.0127897263,80.2217102051,38400,38411,11
13.0133199692,80.2223892212,38411,38421,10
13.0137996674,80.2230072021,38421,38431,10
13.0141096115,80.2234191895,38431,38441,10
13.0142002106,80.2235488892,38441,38451,10
13.0145397186,80.2239227295,38451,38461,10
13.014960289,80.2244720459,38461,38470,9
13.0152301788,80.2248001099,38470,38481,11
13.0155601501,80.2250366211,38481,38491,10
13.0156002045,80.2250518799,38491,38501,10
13.0157604218,80.2251281738,38501,38511,10
13.0163002014,80.2252807617,38511,38521,10
13.0171098709,80.2250595093,38521,38532,11
13.0182504654,80.224609375,38532,38542,10
13.019080162,80.224281311,38542,38552,10
13.0193004608,80.2242736816,38552,38562,10
13.0193395615,80.2242965698,38562,38572,10
13.0196304321,80.2244491577,38572,38588,16
13.0198097229,80.224609375,38588,38600,12
13.0203695297,80.2250137329,38600,38610,10
13.021030426,80.2255020142,38610,38620,10
13.0217895508,80.2260971069,38620,38630,10
13.0225696564,80.2267379761,38630,38641,11
13.0231895447,80.2272872925,38641,38651,10
13.0232801437,80.2273635864,38651,38661,10
13.0234098434,80.2274627686,38661,38671,10
13.0235795975,80.2276000977,38671,38681,10
13.0235900879,80.2276000977,38681,38691,10
13.0236597061,80.2276687622,38691,38701,10
13.0238103867,80.2278137207,38701,38720,19
13.0243501663,80.2284011841,38720,38732,12
13.0246295929,80.2287902832,38732,38763,31
13.0246295929,80.2287902832,38763,38773,10
13.0246696472,80.2288894653,38773,38783,10
13.0248804092,80.2291717529,38783,38793,10
13.0249595642,80.2292404175,38793,38803,10
13.0251398087,80.2294921875,38803,38813,10
13.0254602432,80.2298736572,38813,38823,10
13.0256595612,80.2301483154,38823,38833,10
13.0256595612,80.2301635742,38833,38843,10
13.0257501602,80.2303237915,38843,38853,10
13.0258197784,80.23046875,38853,38863,10
13.0258998871,80.230682373,38863,38874,11
13.0259799957,80.2309188843,38874,38884,10
13.0260295868,80.2311401367,38884,38894,10
13.026260376,80.231300354,38894,38904,10
13.0269298553,80.2311401367,38904,38914,10
13.0277299881,80.2309570313,38914,38924,10
13.0284700394,80.2308807373,38924,38934,10
13.0285196304,80.2308807373,38934,38944,10
13.0288200378,80.2308425903,38944,38954,10
13.029299736,80.2308273315,38954,38995,41
13.029299736,80.2308273315,38995,39005,10
13.0293502808,80.2308883667,39005,39015,10
13.029800415,80.2308273315,39015,39025,10
13.030500412,80.230758667,39025,39035,10
13.030670166,80.2306518555,39035,39045,10
13.0306301117,80.2302932739,39045,39053,8
13.0304403305,80.2297134399,39053,39065,12
13.03028965,80.2289810181,39065,39075,10
13.0303401947,80.2283401489,39075,39086,11
13.0303697586,80.228187561,39086,39096,10
13.0304203033,80.2277679443,39096,39106,10
13.0302600861,80.2274703979,39106,39116,10
13.029540062,80.2273483276,39116,39126,10
13.0285997391,80.2271881104,39126,39136,10
13.0280799866,80.2270736694,39136,39146,10
13.0278997421,80.2268829346,39146,39155,9
13.0279798508,80.2263793945,39155,39166,11
13.0281496048,80.2255783081,39166,39176,10
13.0283002853,80.2248001099,39176,39186,10
13.028429985,80.2241287231,39186,39196,10
13.0287303925,80.2240066528,39196,39207,11
13.0288200378,80.2240371704,39207,39217,10
13.0291700363,80.2242736816,39217,39227,10
13.0298900604,80.224281311,39227,39237,10
13.0307197571,80.224281311,39237,39247,10
13.0311403275,80.2240905762,39247,39257,10
13.0311403275,80.2236709595,39257,39267,10
13.0311803818,80.2232131958,39267,39277,10
13.0311803818,80.22315979,39277,39287,10
13.03125,80.2228622437,39287,39297,10
13.0315198898,80.2223815918,39297,39307,10
13.0317802429,80.2218399048,39307,39318,11
13.0320100784,80.2211532593,39318,39328,10
13.0321798325,80.2203292847,39328,39338,10
13.0321397781,80.2200775146,39338,39348,10
13.0319900513,80.2201004028,39348,39358,10
13.0319404602,80.220123291,39358,39374,16
13.0317401886,80.2201766968,39374,39386,12
13.0312900543,80.2202301025,39386,39396,10
13.03125,80.2202301025,39396,39405,9
13.030960083,80.2202224731,39405,39416,11
13.0305995941,80.2201919556,39416,39426,10
13.0302696228,80.220199585,39426,39437,11
13.0299797058,80.2201766968,39437,39447,10
13.0294103622,80.2201004028,39447,39457,10
13.0289201736,80.2200012207,39457,39466,9
13.0285100937,80.2198867798,39466,39477,11
13.0283603668,80.2198791504,39477,39487,10
13.0282497406,80.2198562622,39487,39497,10
13.0279598236,80.2198181152,39497,39507,10
13.0277795792,80.2198181152,39507,39517,10
13.0275297165,80.2198028564,39517,39527,10
13.0271501541,80.2198028564,39527,39538,11
13.0264701843,80.2197799683,39538,39548,10
13.0257701874,80.2197723389,39548,39558,10
13.0250101089,80.2198028564,39558,39578,20
13.0250101089,80.2198028564,39578,39588,10
13.0245199203,80.2198028564,39588,39608,20
13.0245199203,80.2198028564,39608,39618,10
13.0242900848,80.2196502686,39618,39628,10
13.0242795944,80.2192306519,39628,39638,10
13.0242595673,80.2186279297,39638,39649,11
13.0242395401,80.2180328369,39649,39679,30
13.0242395401,80.2180328369,39679,39689,10
13.0242700577,80.2176208496,39689,39699,10
13.0242700577,80.2167892456,39699,44090,4391
13.0242395401,80.2165985107,44090,44130,40
13.0242395401,80.2165985107,44130,44140,10
13.0246200562,80.2168121338,44140,44150,10
13.0246400833,80.2171325684,44150,44161,11
13.0246696472,80.217590332,44161,44171,10
13.0247001648,80.2180404663,44171,44181,10
13.0247297287,80.2182998657,44181,44191,10
13.0247497559,80.2187576294,44191,44201,10
13.0248003006,80.2193374634,44201,44211,10
13.0248498917,80.2196807861,44211,44221,10
13.0252399445,80.2197189331,44221,44231,10
13.0256996155,80.2197036743,44231,44241,10
13.0261201859,80.2197113037,44241,44251,10
13.0265598297,80.2197036743,44251,44261,10
13.027009964,80.2197189331,44261,44272,11
13.0274295807,80.2197265625,44272,44282,10
13.0276002884,80.2197494507,44282,44292,10
13.027680397,80.2197723389,44292,44302,10
13.0280199051,80.2198181152,44302,44360,58
13.0284500122,80.2198867798,44360,44391,31
13.0284500122,80.2198867798,44391,44401,10
13.0285797119,80.2199172974,44401,44410,9
13.0286998749,80.2199478149,44410,44421,11
13.0289001465,80.2199707031,44421,44432,11
13.0291900635,80.2200393677,44432,44442,10
13.0294799805,80.2201080322,44442,44452,10
13.0297803879,80.2201766968,44452,44462,10
13.0301198959,80.2202072144,44462,44472,10
13.0305204391,80.2202072144,44472,44482,10
13.031080246,80.2202377319,44482,44492,10
13.0316400528,80.2202224731,44492,44503,11
13.0319700241,80.2201385498,44503,44513,10
13.0320901871,80.220123291,44513,44523,10
13.0321102142,80.220123291,44523,44533,10
13.0323200226,80.2201385498,44533,44543,10
13.0322704315,80.2202835083,44543,44553,10
13.0321998596,80.2205123901,44553,44563,10
13.0320196152,80.2211380005,44563,44573,10
13.0318202972,80.221786499,44573,44589,16
13.0313796997,80.2226104736,44589,44601,12
13.0311899185,80.2232666016,44601,44609,8
13.0311498642,80.2236785889,44609,44621,12
13.0311498642,80.2241287231,44621,44632,11
13.0306797028,80.2242889404,44632,44642,10
13.0299596786,80.2242736816,44642,44652,10
13.0292797089,80.2242965698,44652,44662,10
13.0287504196,80.2240829468,44662,44672,10
13.0284795761,80.2242202759,44672,44682,10
13.0282897949,80.2249526978,44682,44692,10
13.0281400681,80.2257232666,44692,44702,10
13.0280103683,80.2264022827,44702,44712,10
13.0278997421,80.2268371582,44712,44723,11
13.0280599594,80.2270431519,44723,44733,10
13.0285596848,80.2271499634,44733,44743,10
13.0293598175,80.2272872925,44743,44753,10
13.0301399231,80.2274093628,44753,44763,10
13.0304203033,80.2276992798,44763,44773,10
13.0303497314,80.2279663086,44773,44783,10
13.0302801132,80.2284164429,44783,44793,10
13.0302400589,80.2289581299,44793,44803,10
13.0305995941,80.2299423218,44803,44823,20
13.0305995941,80.2299423218,44823,44834,11
13.0306901932,80.2302703857,44834,44844,10
13.0307197571,80.2305908203,44844,44854,10
13.0306196213,80.2307434082,44854,44864,10
13.0299797058,80.2308120728,44864,44914,50
13.0299797058,80.2308120728,44914,44924,10
13.0294399261,80.2309036255,44924,44934,10
13.0288200378,80.2309265137,44934,44944,10
13.0280704498,80.2309799194,44944,44955,11
13.0277004242,80.2310562134,44955,44964,9
13.0276699066,80.2314910889,44964,44974,10
13.027680397,80.2317962646,44974,44985,11
13.0277500153,80.2322921753,44985,44995,10
13.0277795792,80.2327880859,44995,45005,10
13.0275402069,80.2328414917,45005,45015,10
13.0272302628,80.2329101563,45015,45025,10
13.0268497467,80.233001709,45025,45096,71
13.0268497467,80.233001709,45096,45106,10
13.0266399384,80.2330169678,45106,45116,10
13.0264501572,80.2330169678,45116,45126,10
13.026260376,80.2325592041,45126,45136,10
13.0261001587,80.2318115234,45136,45146,10
13.0259103775,80.2309799194,45146,45156,10
13.0254001617,80.2300186157,45156,45166,10
13.0250597,80.2295913696,45166,45177,11
13.024939537,80.2294616699,45177,45187,10
13.0247297287,80.2292175293,45187,45197,10
13.0244998932,80.2289276123,45197,45207,10
13.0243597031,80.2287216187,45207,45217,10
13.0241003036,80.2283477783,45217,45227,10
13.0237598419,80.2279586792,45227,45237,10
13.0232601166,80.2274475098,45237,45247,10
13.0227499008,80.2270126343,45247,45257,10
13.0226297379,80.2269210815,45257,45267,10
13.0224103928,80.2267303467,45267,45277,10
13.0223903656,80.2266998291,45277,45288,11
13.0221996307,80.2264785767,45288,45298,10
13.0218400955,80.2261734009,45298,45308,10
13.0213603973,80.2257919312,45308,45318,10
13.0207595825,80.2253494263,45318,45328,10
13.0201196671,80.2249069214,45328,45338,10
13.0194396973,80.2245178223,45338,45348,10
13.0185403824,80.2246017456,45348,45358,10
13.0177001953,80.2249603271,45358,45368,10
13.0167798996,80.2253494263,45368,45378,10
13.0161104202,80.2255783081,45378,45388,10
13.0153799057,80.2258605957,45388,45398,10
13.0146198273,80.2261734009,45398,45409,11
13.0141496658,80.226348877,45409,45419,10
13.0140399933,80.2263793945,45419,45435,16
13.0131797791,80.2266769409,45435,45447,12
13.012140274,80.2270812988,45447,45457,10
13.0112895966,80.2273864746,45457,45465,8
13.010219574,80.2277984619,45465,45477,12
13.0095100403,80.2276763916,45477,45486,9
13.0096797943,80.227180481,45486,45497,11
13.0101003647,80.2262115479,45497,45507,10
13.0105104446,80.2253189087,45507,45518,11
13.010890007,80.2244186401,45518,45527,9
13.011179924,80.2236785889,45527,45538,11
13.0114803314,80.2228469849,45538,45549,11
13.0117301941,80.222076416,45549,45559,10
13.0119895935,80.221496582,45559,45569,10
13.0121097565,80.2211990356,45569,45579,10
13.0120697021,80.2207565308,45579,45589,10
13.0118503571,80.2200927734,45589,45599,10
13.011759758,80.2197799683,45599,45609,10
13.0116901398,80.219543457,45609,45619,10
13.0115203857,80.2189865112,45619,45630,11
13.0112304688,80.2182388306,45630,45640,10
13.0109395981,80.2174987793,45640,45650,10
13.0105600357,80.2166290283,45650,45660,10
13.0101699829,80.2159423828,45660,45670,10
13.0098600388,80.2152862549,45670,45680,10
13.0095701218,80.2148666382,45680,45690,10
13.0091896057,80.2143630981,45690,45700,10
13.0083799362,80.213432312,45700,45720,20
13.0083799362,80.213432312,45720,45730,10
13.0082597733,80.2133636475,45730,45801,71
13.0082597733,80.2133636475,45801,45811,10
13.0079202652,80.2131881714,45811,45821,10
13.0076398849,80.2129516602,45821,45831,10
13.0070104599,80.2127838135,45831,45841,10
13.0062303543,80.2128295898,45841,45852,11
13.0054798126,80.2128295898,45852,45862,10
13.0048904419,80.2124710083,45862,45872,10
13.0041904449,80.2121963501,45872,45882,10
13.0037698746,80.2119903564,45882,45892,10
13.0037403107,80.2115707397,45892,45902,10
13.0037002563,80.2109832764,45902,45912,10
13.0036001205,80.2102737427,45912,45922,10
13.0035495758,80.2095108032,45922,45932,10
13.0037202835,80.2087402344,45932,45942,10
13.0044698715,80.2088088989,45942,45952,10
13.0053596497,80.2092208862,45952,45962,10
13.0061197281,80.209487915,45962,45973,11
13.0065402985,80.2096176147,45973,45983,10
13.0070104599,80.2097473145,45983,45993,10
13.0072698593,80.2098007202,45993,46003,10
13.0073699951,80.2098236084,46003,46013,10
13.0074396133,80.2098312378,46013,46029,16
13.0081195831,80.2099609375,46029,46041,12
13.0080499649,80.2092971802,46041,46051,10
13.0079298019,80.2085037231,46051,46061,10
13.007809639,80.207572937,46061,46071,10
13.0076904297,80.2067718506,46071,46082,11
13.0075597763,80.2057418823,46082,46092,10
13.0075502396,80.2048568726,46092,46102,10
13.0075397491,80.2040405273,46102,46112,10
13.0074396133,80.2032318115,46112,46122,10
13.0073204041,80.202331543,46122,46132,10
13.0073404312,80.2015609741,46132,46142,10
13.0073604584,80.2014923096,46142,46152,10
13.0074100494,80.2010803223,46152,46162,10
13.0074396133,80.2004013062,46162,46172,10
13.0074195862,80.1995162964,46172,46182,10
13.0073404312,80.1985702515,46182,46193,11
13.0073003769,80.197479248,46193,46203,10
13.0072898865,80.1968307495,46203,46213,10
13.0072898865,80.1968231201,46213,46223,10
13.0073204041,80.1967391968,46223,46233,10
13.0073204041,80.1963806152,46233,46243,10
13.0076198578,80.1961669922,46243,46253,10
13.0082702637,80.1962432861,46253,46263,10
13.0086698532,80.1962509155,46263,46273,10
13.0090198517,80.1960906982,46273,46283,10
13.0096998215,80.1958694458,46283,46293,10
13.0105199814,80.1958465576,46293,46304,11
13.0110797882,80.1955032349,46304,46314,10
13.0112304688,80.1954193115,46314,46324,10
13.0117702484,80.195098877,46324,46334,10
13.0125904083,80.1945877075,46334,46344,10
13.0133600235,80.1941375732,46344,46354,10
13.013999939,80.1937179565,46354,46364,10
13.0145397186,80.1930999756,46364,46374,10
13.0148296356,80.1925888062,46374,46384,10
13.0149202347,80.1924819946,46384,46394,10
13.0151796341,80.1920013428,46394,46404,10
13.0156002045,80.1912612915,46404,46414,10
13.016119957,80.190322876,46414,46425,11
13.0164604187,80.1896514893,46425,46435,10
13.016500473,80.1895599365,46435,46445,10
13.0165500641,80.1894836426,46445,46455,10
13.0167398453,80.189163208,46455,46465,10
13.017080307,80.1885681152,46465,46475,10
13.0175504684,80.1876983643,46475,46485,10
13.0181903839,80.1868209839,46485,46495,10
13.0191001892,80.1862335205,46495,46505,10
13.0199604034,80.1857223511,46505,46515,10
13.0203104019,80.1853866577,46515,46525,10
13.0203104019,80.1853790283,46525,46536,11
13.0204000473,80.1852416992,46536,46545,9
13.0205898285,80.1844787598,46545,46566,21
13.0205898285,80.1844787598,46566,46576,10
13.0206403732,80.1843490601,46576,46586,10
13.020819664,80.1839065552,46586,46596,10
13.0211400986,80.1832809448,46596,46606,10
13.0215396881,80.1826629639,46606,46616,10
13.0220403671,80.1817626953,46616,46626,10
13.0226202011,80.1807174683,46626,46636,10
13.023059845,80.1798782349,46636,46647,11
13.0232000351,80.1795578003,46647,46657,10
13.0233802795,80.1791992188,46657,46667,10
13.023730278,80.1785812378,46667,46687,20
13.023730278,80.1785812378,46687,46697,10
13.0238399506,80.1784515381,46697,46707,10
13.0241203308,80.1780014038,46707,46717,10
13.0244102478,80.1774902344,46717,46727,10
13.0247297287,80.176902771,46727,46737,10
13.0250997543,80.1762466431,46737,46747,10
13.0255098343,80.1755065918,46747,46758,11
13.0259399414,80.1746902466,46758,46768,10
13.0263500214,80.1739807129,46768,46778,10
13.0268697739,80.1730499268,46778,46788,10
13.0274400711,80.1720428467,46788,46798,10
13.0279903412,80.1710662842,46798,46808,10
13.028459549,80.1702270508,46808,46818,10
13.0288496017,80.1695022583,46818,46828,10
13.0289297104,80.1693267822,46828,46838,10
13.0289697647,80.1692581177,46838,46848,10
13.0290899277,80.1690292358,46848,46858,10
13.0293102264,80.1686401367,46858,46869,11
13.0297002792,80.1679534912,46869,46879,10
13.0301704407,80.1671218872,46879,46889,10
13.0307197571,80.1661224365,46889,46899,10
13.0312795639,80.1651306152,46899,46909,10
13.0317401886,80.1643066406,46909,46919,10
13.0321397781,80.1635818481,46919,46929,10
13.0322999954,80.1632919312,46929,46939,10
13.0323696136,80.1631622314,46939,46949,10
13.0326004028,80.1627731323,46949,46959,10
13.0329704285,80.1621170044,46959,46969,10
13.0334396362,80.1612930298,46969,46980,11
13.0338802338,80.1604766846,46980,46990,10
13.0340003967,80.1602020264,46990,47000,10
13.0340795517,80.1600265503,47000,47010,10
13.0342102051,80.1598434448,47010,47020,10
13.0343399048,80.1594390869,47020,47030,10
13.0343599319,80.1587219238,47030,47040,10
13.0343399048,80.157951355,47040,47050,10
13.0342998505,80.1573791504,47050,47090,40
13.0342998505,80.1573791504,47090,47101,11
13.0343103409,80.1571273804,47101,47111,10
13.0343904495,80.1565704346,47111,47121,10
13.0345697403,80.1559524536,47121,47131,10
13.0344600677,80.1557617188,47131,47141,10
13.0338497162,80.1553726196,47141,47161,20
13.0338497162,80.1553726196,47161,47177,16
13.0337295532,80.1552810669,47177,47189,12
13.0333404541,80.1549377441,47189,47199,10
13.032910347,80.154548645,47199,47210,11
13.0324497223,80.1541213989,47210,47220,10
13.0319099426,80.1537399292,47220,47230,10
13.0313501358,80.1533889771,47230,47240,10
13.0306901932,80.152961731,47240,47250,10
13.030090332,80.152557373,47250,47260,10
13.029299736,80.1521072388,47260,47270,10
13.0286502838,80.1516494751,47270,47280,10
13.0282402039,80.1513671875,47280,47290,10
13.0279397964,80.1511383057,47290,47300,10
13.0273504257,80.1507034302,47300,47310,10
13.0267601013,80.1502380371,47310,47321,11
13.0258102417,80.1494369507,47321,47331,10
13.0251102448,80.1486968994,47331,47341,10
13.0246601105,80.1481781006,47341,47351,10
13.0243196487,80.1477966309,47351,47361,10
13.0238800049,80.1473464966,47361,47371,10
13.0234003067,80.1468811035,47371,47381,10
13.0230398178,80.146522522,47381,47391,10
13.0227804184,80.1462631226,47391,47401,10
13.0225200653,80.1460113525,47401,47411,10
13.0221300125,80.1456298828,47411,47421,10
13.0218601227,80.145362854,47421,47432,11
13.0213499069,80.144859314,47432,47442,10
13.0211400986,80.1446533203,47442,47452,10
13.0209903717,80.1444778442,47452,47462,10
13.0205898285,80.1440963745,47462,47472,10
13.0200796127,80.1435394287,47472,47482,10
13.0199804306,80.1434173584,47482,47492,10
13.0198802948,80.1433105469,47492,47502,10
13.0196895599,80.1430969238,47502,47512,10
13.0192804337,80.1427078247,47512,47522,10
13.0191297531,80.1425704956,47522,47532,10
13.0189695358,80.1424102783,47532,47543,11
13.0184803009,80.1419525146,47543,47553,10
13.0179195404,80.1413803101,47553,47563,10
13.0176897049,80.1410903931,47563,47573,10
13.0175199509,80.1407165527,47573,47583,10
13.0172195435,80.1401367188,47583,47593,10
13.0168399811,80.1393737793,47593,47603,10
13.0164003372,80.1384735107,47603,47613,10
13.0159301758,80.137512207,47613,47623,10
13.0154895782,80.1366424561,47623,47633,10
13.015370369,80.1364212036,47633,47643,10
13.0151901245,80.1360626221,47643,47653,10
13.0148696899,80.1354598999,47653,47664,11
13.0145998001,80.134979248,47664,47674,10
13.014169693,80.1343002319,47674,47684,10
13.0136404037,80.1335067749,47684,47694,10
13.0127801895,80.1329727173,47694,47704,10
13.0125198364,80.1324234009,47704,47714,10
13.0125198364,80.1318664551,47714,47724,10
13.0125198364,80.1318588257,47724,47734,10
13.0124998093,80.1315536499,47734,47744,10
13.0122900009,80.1309585571,47744,47754,10
13.0119304657,80.1301727295,47754,47764,10
13.0116901398,80.1292877197,47764,47775,11
13.0115404129,80.1280822754,47775,47785,10
13.0114603043,80.1272506714,47785,47795,10
13.0114402771,80.1266708374,47795,47805,10
13.0114402771,80.1266098022,47805,47815,10
13.0114402771,80.126449585,47815,47825,10
13.0114202499,80.1258468628,47825,47835,10
13.0114603043,80.1250228882,47835,47845,10
13.0111904144,80.1240768433,47845,47855,10
13.0107002258,80.1233215332,47855,47865,10
13.0100402832,80.1229019165,47865,47875,10
13.009759903,80.1223602295,47875,47886,11
13.0097198486,80.1216278076,47886,47896,10
13.0097198486,80.1212692261,47896,47906,10
13.0096998215,80.1208724976,47906,47916,10
13.0097503662,80.1204376221,47916,47926,10
13.0098600388,80.1201629639,47926,47936,10
13.0099401474,80.1199569702,47936,47946,10
13.0099496841,80.1199417114,47946,47956,10
13.0100603104,80.1195831299,47956,47966,10
13.0101699829,80.1188812256,47966,47976,10
13.0104398727,80.1179885864,47976,47986,10
13.0107898712,80.1170806885,47986,47997,11
13.01101017,80.1160202026,47997,48007,10
13.0111103058,80.1149368286,48007,48017,10
13.0108604431,80.114440918,48017,48027,10
13.0103702545,80.1144714355,48027,48037,10
13.0099201202,80.1144714355,48037,48047,10
13.0091600418,80.1144790649,48047,48057,10
13.0085096359,80.1143798828,48057,48067,10
13.0079603195,80.1138000488,48067,48077,10
13.007349968,80.112953186,48077,48087,10
13.0066900253,80.1119918823,48087,48097,10
13.0061998367,80.1110610962,48097,48108,11
13.005490303,80.1097183228,48108,48118,10
13.005490303,80.1097183228,48118,48128,10
13.005399704,80.1093215942,48128,48138,10
13.0053701401,80.1087265015,48138,48148,10
13.0053300858,80.1079177856,48148,48158,10
13.005279541,80.1070404053,48158,48168,10
13.0051803589,80.1059875488,48168,48178,10
13.004940033,80.104888916,48178,48191,13
13.0046596527,80.1034317017,48191,48201,10
13.0046100616,80.1024093628,48201,48211,10
13.0043497086,80.1015777588,48211,48221,10
13.0039396286,80.1007995605,48221,48232,11
13.0037097931,80.1002426147,48232,48242,10
13.0036096573,80.0999832153,48242,48252,10
13.0036096573,80.0999679565,48252,48261,9
13.0035600662,80.0998764038,48261,48272,11
13.0034704208,80.0995864868,48272,48282,10
13.0033197403,80.0992584229,48282,48292,10
13.0030498505,80.0990371704,48292,48302,10
13.0026903152,80.0987701416,48302,48312,10
13.0021800995,80.0985031128,48312,48322,10
13.001709938,80.0982284546,48322,48333,11
13.0015602112,80.0981521606,48333,48343,10
13.0012702942,80.0980072021,48343,48353,10
13.0009298325,80.0979003906,48353,48363,10
13.000579834,80.0978088379,48363,48373,10
13.0003099442,80.0977020264,48373,48383,10
13.0002202988,80.0976333618,48383,48393,10
13.0000400543,80.0975189209,48393,48403,10
12.99958992,80.0972366333,48403,48413,10
12.9989795685,80.0968780518,48413,48433,20
12.9989795685,80.0968780518,48433,48443,10
12.9988298416,80.0968093872,48443,48454,11
12.9984903336,80.0966567993,48454,48464,10
12.998169899,80.0965499878,48464,48474,10
12.9978399277,80.096496582,48474,48484,10
12.9976797104,80.0964813232,48484,48493,9
12.9975004196,80.0964584351,48493,48504,11
12.9974803925,80.0964584351,48504,48514,10
12.9974002838,80.0964508057,48514,48524,10
12.9970798492,80.0963668823,48524,48534,10
12.9969501495,80.0958175659,48534,48544,10
12.9970703125,80.0959014893,48544,48565,21
12.9970703125,80.0959014893,48565,48575,10
12.997010231,80.0960998535,48575,49170,595
12.997010231,80.0960998535,49170,49180,10
12.9972295761,80.0963821411,49180,49190,10
12.9972600937,80.0963821411,49190,49200,10
12.997420311,80.0963821411,49200,49210,10
12.9976596832,80.0964508057,49210,49220,10
12.9978199005,80.0964508057,49220,49230,10
12.9979896545,80.0964584351,49230,49241,11
12.9982004166,80.0965194702,49241,49251,10
12.9985303879,80.0966415405,49251,49261,10
12.9989995956,80.0968399048,49261,49271,10
12.9994697571,80.0970993042,49271,49281,10
13.0000095367,80.0974502563,49281,49291,10
13.0002603531,80.0976104736,49291,49301,10
13.0003595352,80.0976791382,49301,49311,10
13.0007696152,80.0978317261,49311,49321,10
13.0013999939,80.0980377197,49321,49331,10
13.0020704269,80.0983886719,49331,49341,10
13.0027503967,80.0987930298,49341,49352,11
13.0033302307,80.0992202759,49352,49362,10
13.0034999847,80.0996017456,49362,49372,10
13.0036096573,80.0999298096,49372,49402,30
13.0036096573,80.0999298096,49402,49412,10
13.0036697388,80.100112915,49412,49422,10
13.003780365,80.1004180908,49422,49432,10
13.0039796829,80.1008911133,49432,49442,10
13.0043401718,80.1015625,49442,49452,10
13.0046195984,80.1023330688,49452,49463,11
13.0046901703,80.1034088135,49463,49473,10
13.0048303604,80.1044235229,49473,49483,10
13.0050601959,80.1053390503,49483,49493,10
13.0052404404,80.1063613892,49493,49503,10
13.0053100586,80.1074829102,49503,49513,10
13.0053796768,80.1084823608,49513,49523,10
13.0054502487,80.1094894409,49523,49543,20
13.0054502487,80.1094894409,49543,49553,10
13.0054597855,80.1094970703,49553,49563,10
13.0055599213,80.1098175049,49563,49573,10
13.0059204102,80.1103210449,49573,49584,11
13.0062599182,80.1111373901,49584,49594,10
13.0067396164,80.1120223999,49594,49604,10
13.0072498322,80.112739563,49604,49614,10
13.0075998306,80.1132278442,49614,49624,10
13.0080499649,80.113861084,49624,49634,10
13.0087099075,80.114440918,49634,49644,10
13.0094804764,80.1144714355,49644,49654,10
13.0106801987,80.114440918,49654,49674,20
13.0106801987,80.114440918,49674,49684,10
13.0109901428,80.1144714355,49684,49695,11
13.0111303329,80.1149368286,49695,49705,10
13.0110702515,80.1156692505,49705,49715,10
13.0109395981,80.1165618896,49715,49725,10
13.0106496811,80.1175689697,49725,49735,10
13.0102500916,80.1184768677,49735,49745,10
13.010140419,80.119178772,49745,49755,10
13.010020256,80.1198577881,49755,49765,10
13.0098199844,80.1203765869,49765,49775,10
13.0097999573,80.1204223633,49775,49785,10
13.009759903,80.1205673218,49785,49795,10
13.0097103119,80.1209793091,49795,49811,16
13.0097303391,80.1216125488,49811,49824,13
13.0097999573,80.1224975586,49824,49834,10
13.010219574,80.1230163574,49834,49844,10
13.0108804703,80.1235733032,49844,49854,10
13.011179924,80.1240463257,49854,49864,10
13.0114402771,80.1246109009,49864,49874,10
13.011469841,80.1254425049,49874,49884,10
13.0114498138,80.1263427734,49884,49895,11
13.0114803314,80.1270370483,49895,49905,10
13.0114898682,80.1271514893,49905,49915,10
13.0115098953,80.127571106,49915,49926,11
13.011590004,80.1283035278,49926,49936,10
13.0116796494,80.1290969849,49936,49946,10
13.0118398666,80.1298370361,49946,49956,10
13.012140274,80.1306686401,49956,49966,10
13.0125398636,80.1317977905,49966,49986,20
13.0125398636,80.1317977905,49986,49996,10
13.0125598907,80.1321182251,49996,50006,10
13.0125703812,80.1327209473,50006,50016,10
13.0131702423,80.1331100464,50016,50026,10
13.0137395859,80.133682251,50026,50037,11
13.0143699646,80.1345977783,50037,50047,10
13.014749527,80.1352233887,50047,50057,10
13.014960289,80.1355819702,50057,50067,10
13.015540123,80.1366577148,50067,50087,20
13.015540123,80.1366577148,50087,50097,10
13.0156202316,80.1368179321,50097,50107,10
13.0157604218,80.1370773315,50107,50117,10
13.0159597397,80.1374664307,50117,50127,10
13.0162696838,80.1381072998,50127,50137,10
13.0166597366,80.1389083862,50137,50148,11
13.0171604156,80.1399536133,50148,50149,1
13.01720047,80.1400375366,50149,50150,1
13.017250061,80.1401367188,50150,50159,9
13.017660141,80.1409988403,50159,50223,64
13.0205202103,80.1439971924,50223,50243,20
13.0205202103,80.1439971924,50243,50251,8
13.02064991,80.1440963745,50251,50264,13
13.021109581,80.1445922852,50264,50274,10
13.0216798782,80.1451263428,50274,50284,10
13.0221996307,80.1456298828,50284,50294,10
13.0224895477,80.1459197998,50294,50304,10
13.0225200653,80.1459579468,50304,50315,11
13.0228004456,80.1462402344,50315,50325,10
13.0233402252,80.1467819214,50325,50335,10
13.0239896774,80.1474075317,50335,50345,10
13.0246601105,80.148109436,50345,50355,10
13.0254802704,80.1489868164,50355,50366,11
13.026309967,80.1497802734,50366,50376,10
13.0269498825,80.1502838135,50376,50386,10
13.027589798,80.1507720947,50386,50396,10
13.0281600952,80.1511993408,50396,50406,10
13.0284004211,80.1513519287,50406,50416,10
13.0285100937,80.1514511108,50416,50426,10
13.0289402008,80.1517410278,50426,50436,10
13.0295495987,80.1521682739,50436,50446,10
13.0303201675,80.1526565552,50446,50456,10
13.0311603546,80.1531982422,50456,50466,10
13.0319595337,80.1537094116,50466,50476,10
13.0326404572,80.1542205811,50476,50487,11
13.0332202911,80.1547927856,50487,50497,10
13.0333795547,80.1549224854,50497,50507,10
13.0335197449,80.1550521851,50507,50517,10
13.0339097977,80.1553573608,50517,50527,10
13.0342798233,80.1555862427,50527,50537,10
13.0344800949,80.1557235718,50537,50769,232
13.0344800949,80.1557235718,50769,50779,10
13.0346097946,80.1557769775,50779,50789,10
13.0347499847,80.1560974121,50789,50799,10
13.034620285,80.1563110352,50799,50809,10
13.0343904495,80.1567993164,50809,50820,11
13.0343904495,80.1576004028,50820,50830,10
13.0344295502,80.1584625244,50830,50840,10
13.0344295502,80.1593780518,50840,50850,10
13.0342102051,80.160118103,50850,50860,10
13.0338602066,80.1607666016,50860,50870,10
13.0336999893,80.1610870361,50870,50880,10
13.0335197449,80.1613922119,50880,50890,10
13.0331897736,80.1619796753,50890,50900,10
13.0327596664,80.1627731323,50900,50910,10
13.0322399139,80.1637268066,50910,50920,10
13.0319795609,80.1642303467,50920,50931,11
13.0319299698,80.1643295288,50931,50941,10
13.0316896439,80.1647262573,50941,50951,10
13.0313301086,80.1653594971,50951,50961,10
13.0308599472,80.1661834717,50961,50971,10
13.0303201675,80.1671600342,50971,50981,10
13.0297603607,80.1681365967,50981,50991,10
13.029419899,80.168762207,50991,51001,10
13.0293502808,80.1688766479,51001,51021,20
13.0293502808,80.1688766479,51021,51031,10
13.0291700363,80.1691894531,51031,51042,11
13.0288095474,80.1698074341,51042,51052,10
13.0284204483,80.170539856,51052,51062,10
13.0278997421,80.1714782715,51062,51072,10
13.0273399353,80.1725006104,51072,51082,10
13.0267601013,80.1735076904,51082,51092,10
13.0263004303,80.1743774414,51092,51102,10
13.0258598328,80.1751174927,51102,51112,10
13.0255498886,80.1756973267,51112,51122,10
13.0254201889,80.1759490967,51122,51132,10
13.0252799988,80.1761779785,51132,51142,10
13.0252199173,80.176322937,51142,51152,10
13.025179863,80.176399231,51152,51163,11
13.0250597,80.1766204834,51163,51173,10
13.0250101089,80.1766586304,51173,51183,10
13.0248498917,80.1769332886,51183,51193,10
13.0245895386,80.1773986816,51193,51203,10
13.0242099762,80.1781005859,51203,51213,10
13.0237998962,80.1788711548,51213,51223,10
13.0237503052,80.1789703369,51223,51233,10
13.0236196518,80.1791687012,51233,51243,10
13.0233297348,80.1797027588,51243,51253,10
13.0228996277,80.1804504395,51253,51263,10
13.022359848,80.181388855,51263,51274,11
13.021780014,80.1824417114,51274,51284,10
13.0215196609,80.1829681396,51284,51323,39
13.0215196609,80.1829681396,51323,51334,11
13.0213804245,80.1832122803,51334,51344,10
13.0211801529,80.1835327148,51344,51354,10
13.020939827,80.1839675903,51354,51364,10
13.0208997726,80.1840820313,51364,51374,10
13.0207996368,80.1843566895,51374,51385,11
13.0206203461,80.184967041,51385,51395,10
13.0203800201,80.1855163574,51395,51405,10
13.019900322,80.1858596802,51405,51415,10
13.0192899704,80.1862182617,51415,51424,9
13.0186595917,80.1865997314,51424,51435,11
13.0179004669,80.187286377,51435,51445,10
13.0173101425,80.1884384155,51445,51454,9
13.0168895721,80.1892700195,51454,51464,10
13.0167703629,80.1895217896,51464,51475,11
13.0166501999,80.1897125244,51475,51485,10
13.0163602829,80.1902008057,51485,51496,11
13.0159397125,80.1909332275,51496,51506,10
13.0154800415,80.1917572021,51506,51515,9
13.0149803162,80.1926193237,51515,51526,11
13.0144100189,80.1934890747,51526,51536,10
13.0138101578,80.1939926147,51536,51546,10
13.0129804611,80.1945266724,51546,51556,10
13.0120201111,80.1951217651,51556,51565,9
13.0112695694,80.1956329346,51565,51575,10
13.0111198425,80.1957321167,51575,51586,11
13.0108804703,80.1958618164,51586,51596,10
13.0106401443,80.1959609985,51596,51607,11
13.0102500916,80.1959609985,51607,51617,10
13.0097904205,80.1959381104,51617,51627,10
13.0091600418,80.1960830688,51627,51637,10
13.008649826,80.1963500977,51637,51647,10
13.0085697174,80.1970825195,51647,51656,9
13.008600235,80.1977615356,51656,51667,11
13.0086202621,80.1979370117,51667,51677,10
13.0086402893,80.1981811523,51677,51687,10
13.0086297989,80.1983337402,51687,51697,10
13.0086097717,80.1984329224,51697,51707,10
13.008600235,80.1988601685,51707,51717,10
13.0086202621,80.1995620728,51717,51728,11
13.0086603165,80.2004394531,51728,51738,10
13.0086297989,80.2012481689,51738,51748,10
13.0085601807,80.2020187378,51748,51758,10
13.0085697174,80.2024383545,51758,51768,10
13.0084199905,80.2029876709,51768,51778,10
13.0079202652,80.2035217285,51778,51788,10
13.0077600479,80.2042236328,51788,51798,10
13.0077400208,80.205078125,51798,51808,10
13.0077600479,80.2061004639,51808,51818,10
13.007900238,80.2071762085,51818,51828,10
13.0080404282,80.2082824707,51828,51845,17
13.0084695816,80.210067749,51845,51857,12
13.0091400146,80.2107391357,51857,52008,151
13.0091400146,80.2107391357,52008,52018,10
13.0093898773,80.2109222412,52018,52028,10
13.0092601776,80.2111587524,52028,52038,10
13.0090799332,80.2113876343,52038,52048,10
13.0090999603,80.2117919922,52048,52059,11
13.0093297958,80.2125167847,52059,52069,10
13.0095901489,80.2132415771,52069,52079,10
13.0098800659,80.2139587402,52079,52089,10
13.0101299286,80.2146606445,52089,52099,10
13.0102500916,80.2155380249,52099,52109,10
13.0105695724,80.2164077759,52109,52119,10
13.0110502243,80.2173995972,52119,52129,10
13.0118398666,80.2194519043,52129,52139,10
13.0118398666,80.2194519043,52139,52149,10
13.012140274,80.2203598022,52149,52159,10
13.0121803284,80.2205123901,52159,52170,11
13.0123195648,80.2208404541,52170,52180,10
13.0125703812,80.2214279175,52180,52190,10
13.0129995346,80.2220077515,52190,52200,10
13.0133399963,80.2224273682,52200,52211,11
13.0138101578,80.2229919434,52211,52221,10
13.013999939,80.2232437134,52221,52229,8
13.0140199661,80.2232589722,52229,52241,12
13.0143299103,80.2237319946,52241,52251,10
13.0147199631,80.2242431641,52251,52261,10
13.0151596069,80.2247924805,52261,52271,10
13.0153799057,80.2249298096,52271,52282,11
13.0155000687,80.2250213623,52282,52292,10
13.0158195496,80.2252731323,52292,52302,10
13.0164299011,80.2253189087,52302,52312,10
13.0171899796,80.2250518799,52312,52322,10
13.0181303024,80.2246627808,52322,52332,10
13.0189199448,80.2243499756,52332,52342,10
13.0192699432,80.224281311,52342,52352,10
13.0193395615,80.2242965698,52352,52362,10
13.0195798874,80.2244186401,52362,52372,10
13.0197896957,80.2245483398,52372,52382,10
13.0201101303,80.224822998,52382,52393,11
13.0207395554,80.2252578735,52393,52402,9
13.0212097168,80.2256088257,52402,52413,11
13.0218496323,80.2261123657,52413,52423,10
13.0224599838,80.2266387939,52423,52433,10
13.0229997635,80.2271194458,52433,52443,10
13.0235795975,80.2276535034,52443,52453,10
13.0240497589,80.2280731201,52453,52463,10
13.0243797302,80.2284622192,52463,52473,10
13.0246200562,80.2287979126,52473,52483,10
13.0249204636,80.2292480469,52483,52493,10
13.025349617,80.2297592163,52493,52503,10
13.0256795883,80.23021698,52503,52514,11
13.0257797241,80.2304229736,52514,52523,9
13.0258798599,80.2306365967,52523,52534,11
13.0259504318,80.2308578491,52534,52544,10
13.0260295868,80.2312164307,52544,52554,10
13.0264501572,80.2312088013,52554,52564,10
13.0271997452,80.2310409546,52564,52574,10
13.0278196335,80.2309417725,52574,52584,10
13.0284204483,80.2308807373,52584,52604,20
13.0284204483,80.2308807373,52604,52615,11
13.028719902,80.2308731079,52615,52625,10
13.0290899277,80.2308273315,52625,52635,10
13.0295200348,80.2307891846,52635,52645,10
13.0299301147,80.2307662964,52645,52655,10
13.0304603577,80.2307128906,52655,52665,10
13.030670166,80.2306289673,52665,52675,10
13.0306301117,80.2303237915,52675,52685,10
13.0304803848,80.2298126221,52685,52695,10
13.0302696228,80.2289199829,52695,52705,10
13.0303297043,80.2283782959,52705,52715,10
13.0303401947,80.2282791138,52715,52725,10
13.030380249,80.2281570435,52725,52736,11
13.0304098129,80.2276916504,52736,52746,10
13.0301399231,80.2274169922,52746,52756,10
13.0293798447,80.2273025513,52756,52766,10
13.0287399292,80.2272109985,52766,52776,10
13.0286502838,80.2271881104,52776,52786,10
13.028260231,80.2271499634,52786,52796,10
13.0279302597,80.2269821167,52796,52806,10
13.0279502869,80.2265396118,52806,52816,10
13.0281095505,80.2258224487,52816,52826,10
13.0282802582,80.2249984741,52826,52836,10
13.0284204483,80.2242431641,52836,52847,11
13.0287103653,80.2239837646,52847,52857,10
13.0287704468,80.2240219116,52857,52867,10
13.0290403366,80.2241973877,52867,52877,10
13.0296201706,80.2242584229,52877,52887,10
13.0304803848,80.2242889404,52887,52897,10
13.0310897827,80.2241973877,52897,52907,10
13.0311698914,80.223197937,52907,52937,30
13.0311698914,80.223197937,52937,52947,10
13.0312995911,80.2228164673,52947,52958,11
13.0315904617,80.2222290039,52958,52968,10
13.0318603516,80.2216415405,52968,52978,10
13.0320501328,80.2208709717,52978,52988,10
13.0321598053,80.2201919556,52988,52998,10
13.0320501328,80.2200698853,52998,53008,10
13.0319595337,80.2201004028,53008,53018,10
13.0317802429,80.220161438,53018,53028,10
13.0313901901,80.2202301025,53028,53038,10
13.0308198929,80.2202377319,53038,53048,10
13.0302696228,80.2202072144,53048,53058,10
13.0296602249,80.2201385498,53058,53069,11
13.0291795731,80.2200393677,53069,53079,10
13.0287599564,80.2199630737,53079,53089,10
13.0284700394,80.2199172974,53089,53099,10
13.0282201767,80.2198562622,53099,53109,10
13.0277700424,80.2198181152,53109,53119,10
13.0275001526,80.2198028564,53119,53129,10
13.0271100998,80.2198028564,53129,53139,10
13.0265102386,80.2198181152,53139,53149,10
13.0258998871,80.2197418213,53149,53159,10
13.0250101089,80.2197570801,53159,53180,21
13.0250101089,80.2197570801,53180,53189,9
13.0247898102,80.2197113037,53189,53200,11
13.0243501663,80.2197189331,53200,53210,10
13.0242595673,80.2196426392,53210,53220,10
13.0242595673,80.2192764282,53220,53230,10
13.0242204666,80.2186203003,53230,53240,10
13.0242204666,80.2180023193,53240,53250,10
13.0242395401,80.2174072266,53250,53260,10
13.0242795944,80.2166671753,53260,53270,10
13.024479866,80.2165679932,53270,53311,41
13.024479866,80.2165679932,53311,53321,10
13.0246400833,80.2166671753,53321,53331,10
13.0246496201,80.2169418335,53331,53341,10
13.0246896744,80.2174835205,53341,53351,10
13.0247297287,80.2181015015,53351,53361,10
13.0247402191,80.2183303833,53361,53371,10
13.0248003006,80.2188720703,53371,53381,10
13.0248603821,80.2195587158,53381,53391,10
13.0251903534,80.2196731567,53391,53402,11
13.0259504318,80.2196578979,53402,53412,10
13.0265398026,80.2196731567,53412,53422,10
13.0271596909,80.2196807861,53422,53432,10
13.0278100967,80.2197418213,53432,53442,10
13.0284404755,80.2198562622,53442,53452,10
13.0288095474,80.2198791504,53452,53462,10
13.0295095444,80.2200698853,53462,53472,10
13.0299501419,80.2201309204,53472,53482,10
13.0308599472,80.2201919556,53482,53492,10
13.0316400528,80.2202072144,53492,53502,10
13.0320997238,80.2200393677,53502,53513,11
13.0321302414,80.2196121216,53513,53523,10
13.0321397781,80.2188568115,53523,53533,10
13.0319700241,80.218460083,53533,53543,10
13.0314903259,80.2182922363,53543,53553,10
13.0314397812,80.2175598145,53553,53563,10
13.0313901901,80.2171173096,53563,53573,10
13.0313596725,80.2169189453,53573,53583,10
13.0313100815,80.2163925171,53583,53593,10
13.0312795639,80.2158966064,53593,53603,10
13.0313596725,80.2152328491,53603,53613,10
13.0314702988,80.21434021,53613,53624,11
13.0315999985,80.2133636475,53624,53634,10
13.0317201614,80.2125167847,53634,53644,10
13.0318698883,80.2117080688,53644,53654,10
13.0319499969,80.2113265991,53654,53664,10
13.0320596695,80.2107315063,53664,53674,10
13.0321903229,80.2098999023,53674,53684,10
13.0325899124,80.2097167969,53684,53694,10
13.0333299637,80.2098312378,53694,53704,10
13.0342102051,80.2098999023,53704,53714,10
13.035030365,80.2098770142,53714,53724,10
13.0351800919,80.2093429565,53724,53735,11
13.0353002548,80.208442688,53735,53745,10
13.0354003906,80.2077713013,53745,53755,10
13.0355195999,80.2069015503,53755,53765,10
13.03565979,80.2058792114,53765,53775,10
13.0356903076,80.2052688599,53775,53785,10
13.0354404449,80.2052307129,53785,53825,40
13.0354404449,80.2052307129,53825,53835,10
13.0353002548,80.2052764893,53835,53845,10
13.0351600647,80.2052230835,53845,53856,11
13.0349302292,80.2052612305,53856,53866,10
13.0347204208,80.2054977417,53866,53876,10
13.0346698761,80.2056503296,53876,53886,10
13.0345897675,80.2058181763,53886,59710,5824
13.0345897675,80.2058181763,59710,59720,10
13.0348300934,80.2057723999,59720,60012,292
13.0346803665,80.2060012817,60012,60063,51
13.0346803665,80.2060012817,60063,60073,10
13.0347003937,80.2057189941,60073,60314,241
13.0347003937,80.2057189941,60314,60324,10
13.0347204208,80.2054367065,60324,60455,131
13.0347204208,80.2054367065,60455,60465,10
13.034910202,80.2052536011,60465,60476,11
13.0351200104,80.2051467896,60476,60486,10
13.035320282,80.2051773071,60486,60496,10
13.0354404449,80.2052307129,60496,60970,474
13.0354404449,80.2052307129,60970,60980,10
13.035779953,80.2052307129,60980,60990,10
13.0358400345,80.2049407959,60990,61000,10
13.0358800888,80.2045822144,61000,61010,10
13.0359296799,80.2042312622,61010,61020,10
13.0360202789,80.2036972046,61020,61030,10
13.0360603333,80.2032318115,61030,61041,11
13.0361995697,80.2024002075,61041,61051,10
13.0362901688,80.2016983032,61051,61061,10
13.0363101959,80.2015304565,61061,61071,10
13.0363197327,80.2013778687,61071,61081,10
13.036359787,80.2011871338,61081,61091,10
13.0364398956,80.2006988525,61091,61101,10
13.0365400314,80.200088501,61101,61111,10
13.0366697311,80.1990966797,61111,61121,10
13.0367603302,80.1984634399,61121,61131,10
13.0368003845,80.1981201172,61131,61141,10
13.0368795395,80.1977462769,61141,61152,11
13.0369596481,80.1972579956,61152,61162,10
13.0370397568,80.1966018677,61162,61172,10
13.0370798111,80.1963500977,61172,61182,10
13.0371198654,80.1960983276,61182,61192,10
13.0371999741,80.1955413818,61192,61202,10
13.037320137,80.1947402954,61202,61212,10
13.0374603271,80.1937179565,61212,61222,10
13.037610054,80.1928787231,61222,61232,10
13.038189888,80.1927566528,61232,61242,10
13.0387802124,80.1928634644,61242,61251,9
13.0388298035,80.1928710938,61251,61263,12
13.0392103195,80.1929397583,61263,61273,10
13.0397500992,80.1930389404,61273,61283,10
13.0403699875,80.1931381226,61283,61313,30
13.0403699875,80.1931381226,61313,61323,10
13.0409202576,80.1932373047,61323,61333,10
13.0415000916,80.1933288574,61333,61343,10
13.0417699814,80.1934127808,61343,61353,10
13.0417804718,80.1938171387,61353,61363,10
13.0417098999,80.1943511963,61363,61374,11
13.0415897369,80.1951675415,61374,61384,10
13.0415096283,80.1959075928,61384,61394,10
13.0414199829,80.196472168,61394,61404,10
13.0413799286,80.1967697144,61404,61414,10
13.0413599014,80.1968688965,61414,61424,10
13.0413103104,80.1971969604,61424,61434,10
13.0412597656,80.1975479126,61434,61444,10
13.0411996841,80.198059082,61444,61454,10
13.0410804749,80.1987991333,61454,61464,10
13.0410203934,80.1992797852,61464,61474,10
13.0409803391,80.1993789673,61474,61485,11
13.0409002304,80.1999435425,61485,61495,10
13.0408201218,80.2007064819,61495,61505,10
13.0407495499,80.2011871338,61505,61515,10
13.0406599045,80.2018432617,61515,61525,10
13.0406103134,80.2021179199,61525,61535,10
13.0405397415,80.2026290894,61535,61545,10
13.040430069,80.203338623,61545,61555,10
13.0403003693,80.2041320801,61555,61571,16
13.0402097702,80.2050170898,61571,61583,12
13.0405397415,80.2051010132,61583,61591,8
13.0408697128,80.2051620483,61591,61604,13
13.0414800644,80.2052612305,61604,61614,10
13.0421104431,80.2053375244,61614,61624,10
13.0426597595,80.2055130005,61624,61634,10
13.0430002213,80.2060699463,61634,61644,10
13.0435199738,80.2067871094,61644,61654,10
13.0439395905,80.2074432373,61654,61664,10
13.0441398621,80.2082290649,61664,61674,10
13.0441799164,80.2089080811,61674,61684,10
13.0441904068,80.2091598511,61684,61694,10
13.0441398621,80.2092895508,61694,61704,10
13.0438699722,80.2092971802,61704,61715,11
13.0432395935,80.2091827393,61715,61725,10
13.0425596237,80.2090911865,61725,61735,10
13.0423202515,80.2090301514,61735,61745,10
13.0417499542,80.208946228,61745,61755,10
13.0412597656,80.2088928223,61755,61765,10
13.0408802032,80.2088317871,61765,61775,10
13.040189743,80.208732605,61775,61785,10
13.0393800735,80.2086029053,61785,61795,10
13.0388097763,80.2085266113,61795,61805,10
13.0387601852,80.2085266113,61805,61815,10
13.0384597778,80.208442688,61815,61826,11
13.0378398895,80.2083435059,61826,61836,10
13.0372600555,80.2082366943,61836,61846,10
13.0366001129,80.208152771,61846,61856,10
13.0358400345,80.2080230713,61856,61866,10
13.0354995728,80.2082366943,61866,61876,10
13.035490036,80.2083129883,61876,61886,10
13.0354003906,80.2086334229,61886,61896,10
13.035369873,80.2088012695,61896,61906,10
13.0353603363,80.2088623047,61906,61916,10
13.0353097916,80.2092208862,61916,61927,11
13.035200119,80.2099380493,61927,61937,10
13.0351295471,80.2104263306,61937,61947,10
13.0349998474,80.210647583,61947,61957,10
13.034910202,80.211151123,61957,61967,10
13.034819603,80.2117385864,61967,61976,9
13.0345802307,80.2121582031,61976,61987,11
13.0340595245,80.2120666504,61987,61997,10
13.0334196091,80.2120132446,61997,62007,10
13.0325202942,80.2118988037,62007,62027,20
13.0325202942,80.2118988037,62027,62037,10
13.0322999954,80.2118835449,62037,62048,11
13.031920433,80.2119522095,62048,62058,10
13.0318098068,80.212638855,62058,62068,10
13.0317001343,80.2134933472,62068,62078,10
13.0315999985,80.2143325806,62078,62088,10
13.0314598083,80.2153091431,62088,62098,10
13.0315103531,80.2159576416,62098,62108,10
13.0321302414,80.2160186768,62108,62118,10
13.0329198837,80.2160797119,62118,62128,10
13.033659935,80.2161331177,62128,62138,10
13.0343399048,80.216178894,62138,62148,10
13.0349903107,80.2162399292,62148,62159,11
13.0357103348,80.216293335,62159,62169,10
13.0361604691,80.2163772583,62169,62179,10
13.0361604691,80.2168197632,62179,62189,10
13.0361099243,80.2175827026,62189,62205,16
13.0359802246,80.2187805176,62205,62217,12
13.0359401703,80.2191696167,62217,62227,10
13.0359096527,80.2196578979,62227,62237,10
13.0358600616,80.2203826904,62237,62247,10
13.0359201431,80.2205886841,62247,62257,10
13.036239624,80.2206192017,62257,62268,11
13.0362901688,80.2206268311,62268,62278,10
13.0366401672,80.2207107544,62278,62288,10
13.0369997025,80.2207717896,62288,62297,9
13.0372600555,80.2208404541,62297,62308,11
13.037560463,80.2208786011,62308,62318,10
13.0379600525,80.2209625244,62318,62328,10
13.0382795334,80.2210388184,62328,62338,10
13.0386295319,80.2210998535,62338,62348,10
13.0388898849,80.2211608887,62348,62358,10
13.0393104553,80.2212371826,62358,62368,10
13.0396499634,80.2212905884,62368,62379,11
13.0398797989,80.2213592529,62379,62389,10
13.0402603149,80.2214431763,62389,62399,10
13.0406198502,80.2215194702,62399,62409,10
13.0409698486,80.2216033936,62409,62419,10
13.0414104462,80.2216796875,62419,62429,10
13.0415401459,80.2217407227,62429,62439,10
13.0418796539,80.2218322754,62439,62449,10
13.0422000885,80.2219161987,62449,62459,10
13.042550087,80.2220230103,62459,62469,10
13.0427703857,80.2221298218,62469,62479,10
13.0427799225,80.2224121094,62479,62490,11
13.0426197052,80.2230224609,62490,62500,10
13.0424404144,80.2236633301,62500,62509,9
13.0423002243,80.2242202759,62509,62520,11
13.0422201157,80.2247085571,62520,62530,10
13.0421695709,80.2249526978,62530,62540,10
13.042090416,80.2251968384,62540,62601,61
13.042090416,80.2251968384,62601,62611,10
13.041970253,80.2254867554,62611,62621,10
13.0419197083,80.2257385254,62621,62631,10
13.0418701172,80.2259902954,62631,62641,10
13.0417995453,80.2263717651,62641,62651,10
13.0416698456,80.2269134521,62651,62661,10
13.0415401459,80.2274780273,62661,62671,10
13.0413703918,80.2280578613,62671,62681,10
13.0412502289,80.2285614014,62681,62691,10
13.0411500931,80.2290802002,62691,62701,10
13.0410404205,80.2295379639,62701,62712,11
13.0409402847,80.2301635742,62712,62722,10
13.0408096313,80.2307662964,62722,62732,10
13.0406904221,80.231262207,62732,62741,9
13.040599823,80.2316589355,62741,62752,11
13.0405902863,80.2316818237,62752,62762,10
13.0405502319,80.2317428589,62762,62772,10
13.0406799316,80.2318572998,62772,62782,10
13.0410003662,80.2319107056,62782,62792,10
13.0413999557,80.2320404053,62792,62802,10
13.0418901443,80.232131958,62802,62812,10
13.0420398712,80.233039856,62812,62843,31
13.0420398712,80.233039856,62843,62853,10
13.0419597626,80.2333908081,62853,62863,10
13.0418395996,80.2339630127,62863,62873,10
13.0413999557,80.2340316772,62873,62883,10
13.0411195755,80.2343978882,62883,62892,9
13.0410299301,80.2350387573,62892,62903,11
13.0409297943,80.2359924316,62903,62913,10
13.0408697128,80.2365570068,62913,62923,10
13.0408601761,80.236656189,62923,62934,11
13.0408000946,80.2370681763,62934,62944,10
13.0407400131,80.2374801636,62944,62954,10
13.0406703949,80.2378768921,62954,62964,10
13.040599823,80.2383728027,62964,62974,10
13.0404901505,80.2390518188,62974,62984,10
13.040430069,80.2397079468,62984,62994,10
13.0403795242,80.240196228,62994,63004,10
13.040309906,80.2408065796,63004,63014,10
13.0402603149,80.2414169312,63014,63024,10
13.0402603149,80.2414703369,63024,63034,10
13.0402297974,80.2416534424,63034,63051,17
13.040140152,80.242401123,63051,63063,12
13.0400695801,80.2429962158,63063,63073,10
13.0401096344,80.2431106567,63073,63083,10
13.0400600433,80.2434310913,63083,63093,10
13.0400495529,80.2438430786,63093,63103,10
13.0401802063,80.2440185547,63103,63113,10
13.0405302048,80.244102478,63113,63123,10
13.0409603119,80.2441635132,63123,63133,10
13.0410404205,80.2441635132,63133,63143,10
13.0413503647,80.2442398071,63143,63153,10
13.0420303345,80.2443771362,63153,63163,10
13.042889595,80.2445297241,63163,63174,11
13.0433702469,80.2446136475,63174,63184,10
13.0438299179,80.2447128296,63184,63193,9
13.0444202423,80.2448501587,63193,63204,11
13.0452203751,80.245010376,63204,63214,10
13.045999527,80.2451629639,63214,63224,10
13.0463695526,80.2452011108,63224,63234,10
13.0467300415,80.245262146,63234,63244,10
13.0472202301,80.2453536987,63244,63254,10
13.0476198196,80.2453994751,63254,63264,10
13.0480203629,80.2456436157,63264,63275,11
13.0484104156,80.2461700439,63275,63285,10
13.0486602783,80.2464523315,63285,63295,10
13.0491104126,80.2469711304,63295,63305,10
13.0497102737,80.247833252,63305,63325,20
13.0497102737,80.247833252,63325,63335,10
13.049949646,80.2481231689,63335,63345,10
13.050330162,80.2485809326,63345,63361,16
13.0512304306,80.2495422363,63361,63373,12
13.0518598557,80.2503662109,63373,63381,8
13.0522899628,80.2509613037,63381,63394,13
13.0530796051,80.2520370483,63394,63404,10
13.0536699295,80.252822876,63404,63414,10
13.0542201996,80.2536087036,63414,63424,10
13.0547199249,80.2542572021,63424,63434,10
13.055150032,80.2547912598,63434,63444,10
13.0555400848,80.255317688,63444,63454,10
13.055850029,80.2557373047,63454,63464,10
13.0561504364,80.2561187744,63464,63474,10
13.0562200546,80.2562408447,63474,63484,10
13.0564098358,80.2565002441,63484,63495,11
13.056810379,80.2568664551,63495,63505,10
13.0568504333,80.2568969727,63505,63515,10
13.0569601059,80.2570037842,63515,63525,10
13.0573101044,80.2573318481,63525,63534,9
13.05768013,80.2576904297,63534,63545,11
13.0580596924,80.258102417,63545,63555,10
13.0583600998,80.2584762573,63555,63565,10
13.0586795807,80.2589187622,63565,63575,10
13.0590600967,80.2593688965,63575,63585,10
13.0593395233,80.2598800659,63585,63595,10
13.0597801208,80.2602615356,63595,63606,11
13.0601902008,80.2606582642,63606,63616,10
13.0606403351,80.2612228394,63616,63636,20
13.0606403351,80.2612228394,63636,63646,10
13.0607700348,80.2614135742,63646,63656,10
13.061050415,80.2617797852,63656,63666,10
13.0613498688,80.2621231079,63666,63676,10
13.0616197586,80.2624435425,63676,63686,10
13.0618200302,80.2626800537,63686,63696,10
13.0620298386,80.2629623413,63696,63706,10
13.0624399185,80.2634124756,63706,63717,11
13.0628900528,80.2639389038,63717,63727,10
13.0629396439,80.2639923096,63727,63737,10
13.0629901886,80.2640304565,63737,63747,10
13.0631198883,80.264213562,63747,63757,10
13.0632200241,80.2643432617,63757,63767,10
13.0634899139,80.264793396,63767,63777,10
13.0638799667,80.2654266357,63777,63787,10
13.064330101,80.2659988403,63787,63797,10
13.0645599365,80.2662582397,63797,63813,16
13.0647497177,80.2664718628,63813,63825,12
13.0648603439,80.2666320801,63825,63836,11
13.0649995804,80.2668304443,63836,63846,10
13.0654401779,80.2671432495,63846,63856,10
13.0656795502,80.2673416138,63856,63866,10
13.0659198761,80.2676925659,63866,63876,10
13.0662498474,80.268081665,63876,63886,10
13.0664596558,80.2683029175,63886,63896,10
13.0667104721,80.2684173584,63896,63905,9
13.067029953,80.2685699463,63905,63915,10
13.0670404434,80.2685775757,63915,63926,11
13.0671596527,80.2686462402,63926,63936,10
13.067489624,80.2688980103,63936,63947,11
13.0679397583,80.269203186,63947,63957,10
13.0682001114,80.2693786621,63957,63967,10
13.0683202744,80.2695465088,63967,63977,10
13.0682601929,80.2699127197,63977,63987,10
13.068189621,80.2704467773,63987,63997,10
13.0681495667,80.2709121704,63997,64007,10
13.0681695938,80.2712936401,64007,64017,10
13.0685396194,80.2717666626,64017,64027,10
13.0689897537,80.2719497681,64027,64037,10
13.0694198608,80.2723236084,64037,64047,10
13.0697898865,80.2727203369,64047,64058,11
13.0700397491,80.2730026245,64058,64068,10
13.0702600479,80.2732772827,64068,64078,10
13.070520401,80.2736587524,64078,64088,10
13.0708198547,80.2739868164,64088,64098,10
13.0708999634,80.274017334,64098,64108,10
13.0711698532,80.2741165161,64108,64118,10
13.0717401505,80.2743377686,64118,64128,10
13.0722198486,80.2748413086,64128,64138,10
13.0727596283,80.2754364014,64138,64148,10
13.0733804703,80.2761001587,64148,64158,10
13.073969841,80.2763824463,64158,64169,11
13.0746603012,80.2763519287,64169,64179,10
13.0750799179,80.2763366699,64179,64189,10
13.0752496719,80.2763214111,64189,64199,10
13.0753297806,80.2763214111,64199,64209,10
13.0755195618,80.2763214111,64209,64219,10
13.0759000778,80.2763137817,64219,64229,10
13.0764198303,80.2762908936,64229,64239,10
13.0768899918,80.2762680054,64239,64249,10
13.0775003433,80.276222229,64249,64259,10
13.0780801773,80.2760620117,64259,64269,10
13.0781898499,80.275680542,64269,64340,71
13.0781898499,80.275680542,64340,64350,10
13.0782203674,80.2754821777,64350,64360,10
13.078379631,80.2752380371,64360,64370,10
13.0788297653,80.2751083374,64370,64502,132
13.0792198181,80.2752304077,64502,64623,121
13.0792198181,80.2752304077,64623,64633,10
13.0797100067,80.2753219604,64633,64643,10
13.0802698135,80.2752838135,64643,64653,10
13.0805797577,80.2752380371,64653,64724,71
13.0805797577,80.2752380371,64724,64734,10
13.0809297562,80.2752227783,64734,64744,10
13.0813703537,80.275177002,64744,64754,10
13.0817804337,80.2752380371,64754,64764,10
13.0819597244,80.2753982544,64764,64784,20
13.0819597244,80.2753982544,64784,64794,10
13.0819997787,80.2755432129,64794,64804,10
13.0820302963,80.275932312,64804,64814,10
13.0818595886,80.2761535645,64814,64824,10
13.0818996429,80.2765808105,64824,64835,11
13.0819997787,80.2774124146,64835,64845,10
13.0822601318,80.2781066895,64845,64855,10
13.0829401016,80.2781295776,64855,64865,10
13.083319664,80.2781524658,64865,64875,10
13.0834703445,80.2784881592,64875,64885,10
13.0836601257,80.279083252,64885,64895,10
13.0839796066,80.2792205811,64895,64905,10
13.0845003128,80.2792892456,64905,64915,10
13.0851898193,80.2794799805,64915,64925,10
13.0855398178,80.2798233032,64925,64935,10
13.0856103897,80.2801208496,64935,64946,11
13.0856895447,80.2805023193,64946,64956,10
13.0857801437,80.28074646,64956,64966,10
13.085940361,80.2808914185,64966,64976,10
13.0862398148,80.2810134888,64976,64986,10
13.0866498947,80.2811279297,64986,64996,10
13.0870304108,80.2812423706,64996,65006,10
13.0874996185,80.2813568115,65006,65016,10
13.0879096985,80.2814483643,65016,65046,30
13.0879096985,80.2814483643,65046,65057,11
13.088060379,80.281463623,65057,65067,10
13.0881004333,80.281463623,65067,65077,10
13.0883197784,80.2815093994,65077,65087,10
13.0885400772,80.2816314697,65087,65097,10
13.0885400772,80.2819290161,65097,65107,10
13.0884799957,80.2822494507,65107,65117,10
13.0883703232,80.2825775146,65117,65168,51
13.0883703232,80.2825775146,65168,65178,10
13.0882101059,80.2822036743,65178,65188,10
13.0880498886,80.2816696167,65188,65198,10
13.0877103806,80.281463623,65198,65208,10
13.0873498917,80.2813796997,65208,65218,10
13.087100029,80.2813110352,65218,65349,131
13.087100029,80.2813110352,65349,65359,10
13.0868301392,80.281211853,65359,65369,10
13.0865001678,80.2811126709,65369,65379,10
13.0859699249,80.2809524536,65379,65390,11
13.0857000351,80.2806777954,65390,65400,10
13.0855998993,80.2801818848,65400,65410,10
13.0854101181,80.2796478271,65410,65420,10
13.0847997665,80.2793197632,65420,65430,10
13.084280014,80.2792434692,65430,65440,10
13.0840101242,80.2791976929,65440,65450,10
13.0837202072,80.2791595459,65450,65511,61
13.0837202072,80.2791595459,65511,65521,10
13.0834302902,80.2790603638,65521,65531,10
13.0832796097,80.2790222168,65531,65541,10
13.0831403732,80.2789611816,65541,65662,121
13.0831403732,80.2789611816,65662,65672,10
13.0830802917,80.2789306641,65672,65682,10
13.0828800201,80.2788391113,65682,65692,10
13.0826501846,80.2787399292,65692,65854,162
13.0826501846,80.2787399292,65854,65864,10
13.0824298859,80.2787094116,65864,65874,10
13.082159996,80.2785873413,65874,65884,10
13.0818901062,80.2781906128,65884,65894,10
13.0818500519,80.2778015137,65894,65904,10
13.0818395615,80.2775421143,65904,65914,10
13.0818395615,80.2775115967,65914,65924,10
13.0818395615,80.2773284912,65924,65944,20
13.0818395615,80.2773284912,65944,65955,11
13.0818796158,80.2772064209,65955,65965,10
13.0818996429,80.2770385742,65965,65995,30
13.0818996429,80.2770385742,65995,66005,10
13.0818996429,80.2768478394,66005,66015,10
13.0818796158,80.2765808105,66015,66025,10
13.0818500519,80.2764511108,66025,66035,10
13.0818004608,80.2762832642,66035,66045,10
13.0817804337,80.2762298584,66045,66055,10
13.0816602707,80.2760162354,66055,66066,11
13.0816402435,80.2759780884,66066,66076,10
13.0815696716,80.2759094238,66076,66086,10
13.0815401077,80.2757797241,66086,66096,10
13.0815200806,80.2756576538,66096,66106,10
13.081489563,80.2755203247,66106,66116,10
13.0814599991,80.2754135132,66116,66126,10
13.0812797546,80.2752304077,66126,66136,10
13.0808401108,80.2752838135,66136,66146,10
13.0803003311,80.2753372192,66146,66156,10
13.0796403885,80.2753677368,66156,66167,11
13.078789711,80.2752227783,66167,66177,10
13.078209877,80.2758483887,66177,66187,10
13.0775499344,80.2762680054,66187,66197,10
13.0764398575,80.2763290405,66197,66207,10
13.0754003525,80.2763977051,66207,66217,10
13.0750598907,80.2764205933,66217,66227,10
13.0750198364,80.2764282227,66227,66237,10
13.0746202469,80.2764434814,66237,66247,10
13.0740499496,80.2764892578,66247,66257,10
13.073849678,80.2765197754,66257,66267,10
13.0734300613,80.2764282227,66267,66277,10
13.0729598999,80.2758712769,66277,66288,11
13.0723695755,80.2752227783,66288,66298,10
13.0719299316,80.2747192383,66298,66338,40
13.0719299316,80.2747192383,66338,66348,10
13.0717697144,80.2746429443,66348,66358,10
13.0713300705,80.2744903564,66358,66368,10
13.0708303452,80.2743988037,66368,66378,10
13.0706701279,80.2742385864,66378,66388,10
13.070599556,80.2741394043,66388,66399,11
13.0704698563,80.2738265991,66399,66409,10
13.0701999664,80.273399353,66409,66419,10
13.0697803497,80.2729187012,66419,66429,10
13.0693998337,80.2725296021,66429,66439,10
13.0690002441,80.2721405029,66439,66459,20
13.0690002441,80.2721405029,66459,66469,10
13.0686397552,80.2720413208,66469,66479,10
13.0682201385,80.2717514038,66479,66489,10
13.0679798126,80.2713165283,66489,66499,10
13.067700386,80.2708892822,66499,66510,11
13.067150116,80.2703475952,66510,66520,10
13.066740036,80.2699127197,66520,66530,10
13.0665102005,80.2694778442,66530,66540,10
13.0664100647,80.2690124512,66540,66550,10
13.0663604736,80.2685623169,66550,66560,10
13.0661096573,80.2682037354,66560,66570,10
13.0657501221,80.2678070068,66570,66580,10
13.0655498505,80.2677612305,66580,66590,10
13.065320015,80.2676925659,66590,66600,10
13.065290451,80.2676773071,66600,66610,10
13.0651397705,80.2676696777,66610,66621,11
13.0648603439,80.2676010132,66621,66631,10
13.064450264,80.2675476074,66631,66641,10
13.0638399124,80.2674179077,66641,66651,10
13.063249588,80.2673187256,66651,66661,10
13.0627298355,80.2672424316,66661,66671,10
13.062379837,80.2668533325,66671,66681,10
13.0620298386,80.2663803101,66681,66691,10
13.0616798401,80.2659606934,66691,66701,10
13.0612401962,80.2653808594,66701,66711,10
13.0607700348,80.2653198242,66711,66721,10
13.0606498718,80.26537323,66721,66732,11
13.0605401993,80.2654190063,66732,66742,10
13.0603399277,80.2655029297,66742,66752,10
13.0599603653,80.265663147,66752,66762,10
13.0597400665,80.2656707764,66762,66772,10
13.0595197678,80.2656173706,66772,66782,10
13.0593395233,80.2655792236,66782,66792,10
13.0587797165,80.2655181885,66792,66812,20
13.0587797165,80.2655181885,66812,66822,10
13.0586900711,80.2654800415,66822,66832,10
13.0583000183,80.2653579712,66832,66843,11
13.0580701828,80.2648162842,66843,66853,10
13.0579595566,80.2641372681,66853,66863,10
13.0578403473,80.2634811401,66863,66873,10
13.0577898026,80.2629699707,66873,66883,10
13.0577602386,80.2626113892,66883,66893,10
13.0576496124,80.2620162964,66893,66903,10
13.0575504303,80.26146698,66903,66913,10
13.0574197769,80.2608566284,66913,66923,10
13.057220459,80.2601394653,66923,66933,10
13.0570402145,80.2595596313,66933,66943,10
13.0569400787,80.2592697144,66943,66954,11
13.0568304062,80.2589492798,66954,66964,10
13.0567798615,80.2587203979,66964,66974,10
13.0566797256,80.2584991455,66974,66984,10
13.0566396713,80.2583084106,66984,66994,10
13.056599617,80.2581100464,66994,67004,10
13.056599617,80.2580795288,67004,67014,10
13.056520462,80.2578125,67014,67024,10
13.0564699173,80.2574691772,67024,67034,10
13.0564203262,80.2572937012,67034,67044,10
13.056429863,80.2572784424,67044,67054,10
13.0564603806,80.2572021484,67054,67065,11
13.0564002991,80.2568817139,67065,67075,10
13.0563001633,80.2565231323,67075,67085,10
13.0560503006,80.256111145,67085,67095,10
13.0557003021,80.255607605,67095,67105,10
13.055270195,80.255027771,67105,67115,10
13.0547504425,80.2543792725,67115,67125,10
13.0544204712,80.2539825439,67125,67135,10
13.0541801453,80.2536773682,67135,67155,20
13.0541801453,80.2536773682,67155,67165,10
13.054019928,80.2534713745,67165,67176,11
13.0537099838,80.2530288696,67176,67186,10
13.0533895493,80.2525405884,67186,67196,10
13.0529403687,80.251953125,67196,67206,10
13.0525102615,80.2513809204,67206,67216,10
13.052069664,80.2508163452,67216,67226,10
13.0515699387,80.2503890991,67226,67236,10
13.0510797501,80.2501831055,67236,67246,10
13.0507602692,80.2500991821,67246,67256,10
13.0504102707,80.2500305176,67256,67266,10
13.0500602722,80.249961853,67266,67277,11
13.0498199463,80.2499237061,67277,67287,10
13.049659729,80.2498931885,67287,67297,10
13.0494804382,80.2498931885,67297,67307,10
13.0491304398,80.2498626709,67307,67327,20
13.0491304398,80.2498626709,67327,67337,10
13.0487604141,80.2498474121,67337,67357,20
13.0487604141,80.2498474121,67357,67367,10
13.0484399796,80.2496871948,67367,67377,10
13.0481395721,80.24949646,67377,67387,10
13.0478801727,80.2492828369,67387,67398,11
13.047750473,80.2491607666,67398,67408,10
13.0474796295,80.2489395142,67408,67474,66
13.0471401215,80.2487182617,67474,67494,20
13.0471401215,80.2487182617,67494,67507,13
13.0468301773,80.2486801147,67507,67517,10
13.0466299057,80.2486724854,67517,67526,9
13.0465297699,80.2486495972,67526,67537,11
13.0463104248,80.248588562,67537,67547,10
13.0460700989,80.2485198975,67547,67567,20
13.0460700989,80.2485198975,67567,67577,10
13.0456495285,80.2483978271,67577,67597,20
13.0456495285,80.2483978271,67597,67607,10
13.0453395844,80.248298645,67607,67618,11
13.0450601578,80.2482299805,67618,67628,10
13.0447797775,80.2481689453,67628,67638,10
13.0444602966,80.2481307983,67638,67648,10
13.0441598892,80.2480773926,67648,67658,10
13.0440196991,80.248046875,67658,67668,10
13.0438098907,80.2479782104,67668,67678,10
13.0434398651,80.2479019165,67678,67688,10
13.042889595,80.247833252,67688,67698,10
13.042140007,80.2476577759,67698,67708,10
13.0412902832,80.247467041,67708,67718,10
13.0404500961,80.2472991943,67718,67729,11
13.0395202637,80.2471008301,67729,67860,131
13.0395202637,80.2471008301,67860,67870,10
13.0391302109,80.246963501,67870,67900,30
13.0391302109,80.246963501,67900,67910,10
13.0391302109,80.2466430664,67910,67920,10
13.039270401,80.2462692261,67920,67930,10
13.0394601822,80.2456283569,67930,67940,10
13.0396499634,80.2448577881,67940,67951,11
13.0397596359,80.2441329956,67951,67991,40
13.0397596359,80.2441329956,67991,68001,10
13.0397500992,80.2440032959,68001,68011,10
13.0398302078,80.2436828613,68011,68021,10
13.0399503708,80.2428665161,68021,68041,20
13.0399503708,80.2428665161,68041,68051,10
13.0399904251,80.2426528931,68051,68062,11
13.0400400162,80.2421188354,68062,68072,10
13.0401000977,80.241607666,68072,68122,50
13.0401802063,80.2411193848,68122,68162,40
13.0401802063,80.2411193848,68162,68173,11
13.0402297974,80.2407073975,68173,68284,111
13.0402297974,80.2407073975,68284,68294,10
13.040309906,80.2402572632,68294,68304,10
13.0403203964,80.2398986816,68304,68314,10
13.0403604507,80.2395706177,68314,68324,10
13.0404195786,80.2390899658,68324,68344,20
13.0404195786,80.2390899658,68344,68354,10
13.0404701233,80.238861084,68354,68364,10
13.0405197144,80.2384033203,68364,68374,10
13.0405902863,80.237739563,68374,68384,10
13.0406799316,80.2370376587,68384,68395,11
13.0407800674,80.236328125,68395,68405,10
13.0408201218,80.236038208,68405,68415,10
13.0408802032,80.235458374,68415,68425,10
13.0409803391,80.2347335815,68425,68435,10
13.0410404205,80.2341003418,68435,68445,10
13.0407400131,80.2339019775,68445,68455,10
13.0405702591,80.2334671021,68455,68465,10
13.040719986,80.232749939,68465,68475,10
13.0407400131,80.2324295044,68475,68485,10
13.0407495499,80.2320709229,68485,68506,21
13.0407495499,80.2320709229,68506,68516,10
13.0405397415,80.2318878174,68516,68546,30
13.0405397415,80.2318878174,68546,68556,10
13.0405397415,80.2315597534,68556,68566,10
13.0406999588,80.2308578491,68566,68596,30
13.0406999588,80.2308578491,68596,68606,10
13.040769577,80.2305603027,68606,68617,11
13.0409002304,80.2299804688,68617,68627,10
13.0410404205,80.2293167114,68627,68637,10
13.041179657,80.2285690308,68637,68647,10
13.0414104462,80.2277374268,68647,68657,10
13.0415802002,80.2271118164,68657,68667,10
13.0417098999,80.2266387939,68667,68677,10
13.0418300629,80.2260665894,68677,68687,10
13.0419101715,80.2257232666,68687,68697,10
13.0420198441,80.2251968384,68697,68707,10
13.0418195724,80.224899292,68707,68717,10
13.041560173,80.2248382568,68717,68728,11
13.0412197113,80.2247619629,68728,68738,10
13.0411901474,80.2247467041,68738,68748,10
13.0411195755,80.2247390747,68748,68758,10
13.0409002304,80.2245788574,68758,68768,10
13.0410404205,80.2242126465,68768,68778,10
13.0412797928,80.2236022949,68778,68788,10
13.0415000916,80.2229003906,68788,68798,10
13.0415897369,80.2226486206,68798,68808,10
13.041680336,80.2223434448,68808,68818,10
13.0418195724,80.2219772339,68818,68828,10
13.0417203903,80.221862793,68828,68839,11
13.0412597656,80.2217407227,68839,68849,10
13.0408096313,80.2216110229,68849,68859,10
13.040430069,80.2215423584,68859,68869,10
13.0402898788,80.2215270996,68869,68879,10
13.0398797989,80.2214279175,68879,68889,10
13.0394601822,80.221321106,68889,68899,10
13.0388803482,80.2211914063,68899,68909,10
13.0383996964,80.2210617065,68909,68919,10
13.0379400253,80.2209777832,68919,68929,10
13.0374603271,80.2208862305,68929,68939,10
13.0371303558,80.2208404541,68939,68950,11
13.0370597839,80.2208328247,68950,68960,10
13.0368995667,80.2208099365,68960,68970,10
13.0364599228,80.2207336426,68970,68980,10
13.0360803604,80.2206573486,68980,68990,10
13.0358600616,80.2205505371,68990,69000,10
13.0358495712,80.220123291,69000,69010,10
13.0358800888,80.2195968628,69010,69020,10
13.0358896255,80.2188873291,69020,69030,10
13.0358896255,80.2188796997,69030,69040,10
13.0359296799,80.2186889648,69040,69050,10
13.035949707,80.2182235718,69050,69061,11
13.0360097885,80.2174377441,69061,69071,10
13.0360803604,80.2166366577,69071,69081,10
13.0361099243,80.2163772583,69081,69091,10
13.0359201431,80.2163009644,69091,69101,10
13.0354404449,80.2162780762,69101,69111,10
13.0349702835,80.2162628174,69111,69121,10
13.0344400406,80.2162322998,69121,69151,30
13.0344400406,80.2162322998,69151,69161,10
13.0340299606,80.2162094116,69161,69172,11
13.0333995819,80.2161407471,69172,69182,10
13.03262043,80.2161026001,69182,69192,10
13.0318202972,80.2160263062,69192,69202,10
13.0313796997,80.2159500122,69202,69211,9
13.0313596725,80.2159500122,69211,69222,11
13.0312700272,80.2155838013,69222,69232,10
13.0313796997,80.2148590088,69232,69242,10
13.0314798355,80.2140579224,69242,69252,10
13.0316696167,80.2125778198,69252,69272,20
13.0316696167,80.2125778198,69272,69283,11
13.0316896439,80.2124710083,69283,69293,10
13.0317602158,80.2120437622,69293,69303,10
13.0318803787,80.2113265991,69303,69313,10
13.0320301056,80.2107009888,69313,69323,10
13.0321702957,80.2100296021,69323,69333,10
13.0325603485,80.2097702026,69333,69343,10
13.0332202911,80.2098617554,69343,69353,10
13.0340795517,80.2099075317,69353,69363,10
13.0347204208,80.2099914551,69363,69373,10
13.0349702835,80.2099685669,69373,69383,10
13.0350799561,80.2098007202,69383,69393,10
13.0351104736,80.2095184326,69393,69404,11
13.0351495743,80.2092208862,69404,69414,10
13.0352201462,80.2087020874,69414,69434,20
13.0352201462,80.2087020874,69434,69444,10
13.0352296829,80.2087097168,69444,69454,10
13.0352802277,80.2083892822,69454,69464,10
13.0353403091,80.2080993652,69464,69474,10
13.035490036,80.2080383301,69474,69484,10
13.0358104706,80.2080993652,69484,69494,10
13.0364599228,80.2081985474,69494,69504,10
13.037229538,80.2083206177,69504,69515,11
13.0376701355,80.2083816528,69515,69525,10
13.0380001068,80.208442688,69525,69535,10
13.0384597778,80.2085189819,69535,69545,10
13.038479805,80.2085189819,69545,69555,10
13.0386600494,80.2085418701,69555,69565,10
13.0390996933,80.2086181641,69565,69575,10
13.0398397446,80.208732605,69575,69585,10
13.0407304764,80.2088623047,69585,69595,10
13.0416202545,80.2089691162,69595,69605,10
13.0424098969,80.2090911865,69605,69615,10
13.0434503555,80.2092285156,69615,69636,21
13.0434503555,80.2092285156,69636,69646,10
13.0438804626,80.2092971802,69646,69696,50
13.0438804626,80.2092971802,69696,69706,10
13.0440502167,80.209022522,69706,69716,10
13.0440301895,80.2088470459,69716,69726,10
13.0440196991,80.2087097168,69726,69737,11
13.0439996719,80.2081375122,69737,69747,10
13.0437898636,80.2073822021,69747,69757,10
13.0432395935,80.2065734863,69757,69767,10
13.042599678,80.2057571411,69767,69777,10
13.041970253,80.2053604126,69777,69787,10
13.0413198471,80.2052536011,69787,69797,10
13.0408802032,80.2052078247,69797,69807,10
13.0407800674,80.2051925659,69807,69817,10
13.0406103134,80.2051696777,69817,69827,10
13.0402803421,80.205116272,69827,69837,10
13.0398797989,80.2050628662,69837,69848,11
13.0391397476,80.2049331665,69848,69858,10
13.0384197235,80.2048187256,69858,69868,10
13.0380802155,80.2046890259,69868,69878,10
13.0381498337,80.2042617798,69878,69888,10
13.0382499695,80.2035217285,69888,69898,10
13.0383796692,80.2026596069,69898,69908,10
13.0384597778,80.2020263672,69908,69918,10
13.038479805,80.2018737793,69918,69928,10
13.0385398865,80.2015762329,69928,69938,10
13.0386295319,80.2010192871,69938,69948,10
13.0387201309,80.2003097534,69948,69958,10
13.0388002396,80.199760437,69958,69969,11
13.0388698578,80.1992034912,69969,69979,10
13.0388898849,80.1990509033,69979,69989,10
13.0389604568,80.1985702515,69989,69999,10
13.0390701294,80.197883606,69999,70009,10
13.0391998291,80.1972122192,70009,70019,10
13.0392198563,80.1968994141,70019,70029,10
13.0392103195,80.1968917847,70029,70039,10
13.0392503738,80.1967010498,70039,70049,10
13.0393199921,80.1962585449,70049,70060,11
13.039440155,80.1955184937,70060,70070,10
13.0395097733,80.1949768066,70070,70080,10
13.0395202637,80.1949386597,70080,70090,10
13.039560318,80.1946716309,70090,70100,10
13.0396003723,80.1941223145,70100,70110,10
13.0397396088,80.1932220459,70110,70150,40
13.0397396088,80.1932220459,70150,70160,10
13.0393695831,80.1930084229,70160,70170,10
13.0385799408,80.1929092407,70170,70191,21
13.0385799408,80.1929092407,70191,70201,10
13.0383501053,80.1928634644,70201,70211,10
13.0380401611,80.1928405762,70211,70219,8
13.0376195908,80.1930618286,70219,70230,11
13.0375003815,80.1938323975,70230,70242,12
13.0373497009,80.1948394775,70242,70252,10
13.0372600555,80.1955108643,70252,70262,10
13.0371999741,80.1960067749,70262,70293,31
13.0371999741,80.1960067749,70293,70303,10
13.0371599197,80.1962280273,70303,70313,10
13.0370798111,80.1967315674,70313,70323,10
13.0369501114,80.197479248,70323,70333,10
13.0368099213,80.1985015869,70333,70352,19
13.0368099213,80.1985015869,70352,70362,10
13.0367603302,80.198677063,70362,70373,11
13.0366802216,80.1992111206,70373,70383,10
13.0365800858,80.1998901367,70383,70393,10
13.0363998413,80.2011795044,70393,70414,21
13.0363998413,80.2011795044,70414,70424,10
13.0363903046,80.2013397217,70424,70434,10
13.0363197327,80.2016372681,70434,70444,10
13.0362300873,80.2022399902,70444,70454,10
13.0361404419,80.2028884888,70454,70464,10
13.0360498428,80.2035598755,70464,70474,10
13.0359802246,80.2040176392,70474,70484,10
13.0359601974,80.2041625977,70484,70494,10
13.0359401703,80.2043685913,70494,70505,11
13.0358600616,80.2048721313,70505,70515,10
13.0357599258,80.2054595947,70515,70525,10
13.0356798172,80.2059707642,70525,70535,10
13.0355901718,80.2060699463,70535,70545,10
13.0353803635,80.2059936523,70545,70555,10
13.0354299545,80.2054824829,70555,71665,1110
13.0354499817,80.2052307129,71665,71887,222
13.0354499817,80.2052307129,71887,71897,10
13.0354795456,80.2052612305,71897,71907,10
13.0355100632,80.2052307129,71907,71917,10
13.0356798172,80.2052001953,71917,71927,10
13.035779953,80.205078125,71927,71937,10
13.0358295441,80.2046813965,71937,71947,10
13.0358800888,80.2043533325,71947,71958,11
13.035949707,80.2039718628,71958,71968,10
13.0360298157,80.2033691406,71968,71977,9
13.0361404419,80.2026290894,71977,71988,11
13.0362596512,80.2018127441,71988,71998,10
13.0363197327,80.2014083862,71998,72008,10
13.0363903046,80.2009429932,72008,72017,9
13.0364904404,80.2002563477,72017,72028,11
13.0366401672,80.1991882324,72028,72038,10
13.0367298126,80.1984786987,72038,72048,10
13.0367898941,80.1981506348,72048,72058,10
13.0368795395,80.1975784302,72058,72069,11
13.0369901657,80.1967468262,72069,72079,10
13.0370502472,80.1963500977,72079,72089,10
13.0370597839,80.1963500977,72089,72099,10
13.0371103287,80.1960525513,72099,72107,8
13.0371704102,80.195602417,72107,72119,12
13.037320137,80.1946029663,72119,72129,10
13.0374403,80.193687439,72129,72139,10
13.0375299454,80.1930923462,72139,72149,10
13.0377397537,80.1927871704,72149,72159,10
13.0380897522,80.1927566528,72159,72169,10
13.0386400223,80.1928634644,72169,72179,10
13.038769722,80.1928787231,72179,72190,11
13.0391397476,80.1929321289,72190,72200,10
13.0397195816,80.193031311,72200,72210,10
13.0401096344,80.1931228638,72210,72220,10
13.0405502319,80.1931686401,72220,72230,10
13.0411901474,80.1932830811,72230,72240,10
13.0417003632,80.193397522,72240,72250,10
13.0417003632,80.1939086914,72250,72260,10
13.0416898727,80.1939926147,72260,72270,10
13.0416898727,80.1941299438,72270,72280,10
13.0416002274,80.1946182251,72280,72290,10
13.0415296555,80.1952972412,72290,72301,11
13.0414600372,80.1958999634,72301,72311,10
13.0413999557,80.1963500977,72311,72321,10
13.0413398743,80.1967697144,72321,72331,10
13.0413303375,80.1968002319,72331,72341,10
13.041270256,80.1970977783,72341,72351,10
13.041179657,80.1977310181,72351,72361,10
13.0410604477,80.1985397339,72361,72371,10
13.0409603119,80.1992492676,72371,72381,10
13.0409402847,80.199432373,72381,72391,10
13.0408697128,80.1999435425,72391,72401,10
13.0407600403,80.2007217407,72401,72412,11
13.0406303406,80.201713562,72412,72422,10
13.0405597687,80.2020568848,72422,72432,10
13.0405197144,80.2023391724,72432,72442,10
13.0404596329,80.2027282715,72442,72452,10
13.0404195786,80.2030410767,72452,72462,10
13.0403404236,80.2035598755,72462,72472,10
13.0402202606,80.2043075562,72472,72482,10
13.040140152,80.2049636841,72482,72492,10
13.0403995514,80.2051010132,72492,72502,10
13.0410003662,80.2051696777,72502,72513,11
13.041270256,80.2052001953,72513,72523,10
13.0417098999,80.2052612305,72523,72533,10
13.0424203873,80.205406189,72533,72543,10
13.0427703857,80.2058105469,72543,72553,10
13.0432395935,80.206489563,72553,72563,10
13.0438203812,80.2072982788,72563,72573,10
13.0440597534,80.2081680298,72573,72582,9
13.0441102982,80.2088165283,72582,72593,11
13.0441303253,80.2090835571,72593,72603,10
13.0441102982,80.2092590332,72603,72613,10
13.0438699722,80.209312439,72613,72623,10
13.0433502197,80.2092285156,72623,72634,11
13.0426902771,80.2091369629,72634,72644,10
13.0420999527,80.2090606689,72644,72654,10
13.0418300629,80.2089996338,72654,72664,10
13.0414104462,80.2089385986,72664,72674,10
13.0408000946,80.2088470459,72674,72684,10
13.0402002335,80.2087783813,72684,72694,10
13.0396900177,80.2087020874,72694,72704,10
13.0391998291,80.2086334229,72704,72714,10
13.0388202667,80.2085723877,72714,72724,10
13.0386199951,80.2085189819,72724,72735,11
13.0379800797,80.2084274292,72735,72745,10
13.0374202728,80.2083587646,72745,72755,10
13.0370597839,80.2082824707,72755,72765,10
13.0363998413,80.208190918,72765,72775,10
13.035779953,80.2080764771,72775,72785,10
13.0354795456,80.2083206177,72785,72795,10
13.0354204178,80.2084884644,72795,72805,10
13.0353498459,80.2086410522,72805,72815,10
13.0352697372,80.2091827393,72815,72825,10
13.0351600647,80.2099380493,72825,72835,10
13.0350198746,80.2105407715,72835,72851,16
13.0347795486,80.2116088867,72851,72864,13
13.0342903137,80.2121276855,72864,72874,10
13.0337200165,80.2120437622,72874,72884,10
13.0332403183,80.2120132446,72884,72894,10
13.0325803757,80.2119598389,72894,72904,10
13.0325403214,80.2119369507,72904,72914,10
13.0323295593,80.2118988037,72914,72924,10
13.0319404602,80.2118988037,72924,72933,9
13.0318202972,80.2123413086,72933,72944,11
13.0316896439,80.2131881714,72944,72954,10
13.0315599442,80.2139587402,72954,72965,11
13.0314502716,80.2147903442,72965,72975,10
13.0313396454,80.2156982422,72975,72985,10
13.0317296982,80.2159881592,72985,72995,10
13.0325202942,80.2160491943,72995,73005,10
13.0333003998,80.2161026001,73005,73014,9
13.0339202881,80.2161407471,73014,73025,11
13.0342798233,80.2161636353,73025,73035,10
13.0348901749,80.216217041,73035,73045,10
13.0356397629,80.2162628174,73045,73055,10
13.0361099243,80.2163085938,73055,73065,10
13.0361404419,80.2166595459,73065,73076,11
13.0360803604,80.2174682617,73076,73086,10
13.0359697342,80.2183837891,73086,73096,10
13.0359296799,80.2188110352,73096,73106,10
13.0358896255,80.2192306519,73106,73116,10
13.0358600616,80.2199172974,73116,73126,10
13.0358200073,80.2205276489,73126,73136,10
13.0359601974,80.2205963135,73136,73146,10
13.0361995697,80.2206268311,73146,73156,10
13.0362300873,80.2206268311,73156,73166,10
13.0363702774,80.2206497192,73166,73176,10
13.0367698669,80.2207183838,73176,73187,11
13.0370998383,80.2207794189,73187,73197,10
13.0376596451,80.2208786011,73197,73207,10
13.0381498337,80.2209701538,73207,73217,10
13.0385103226,80.2210464478,73217,73227,10
13.0390501022,80.2211837769,73227,73237,10
13.0395002365,80.2212677002,73237,73257,20
13.0395002365,80.2212677002,73257,73267,10
13.0398197174,80.2213821411,73267,73277,10
13.040140152,80.2214431763,73277,73287,10
13.0406904221,80.2215499878,73287,73298,11
13.0412597656,80.2216491699,73298,73308,10
13.0413703918,80.2216796875,73308,73318,10
13.0415000916,80.2217178345,73318,73328,10
13.0419101715,80.2218322754,73328,73338,10
13.0422897339,80.2219161987,73338,73348,10
13.0425395966,80.2220001221,73348,73358,10
13.0427598953,80.2221679688,73358,73368,10
13.0426998138,80.2225418091,73368,73378,10
13.0426101685,80.2229385376,73378,73388,10
13.0424995422,80.2233123779,73388,73398,10
13.042309761,80.2239608765,73398,73409,11
13.0421600342,80.2247314453,73409,73419,10
13.0421304703,80.2248764038,73419,73429,10
13.0420598984,80.2251205444,73429,73439,10
13.0419597626,80.2256393433,73439,73449,10
13.0418195724,80.2261428833,73449,73459,10
13.041680336,80.2267913818,73459,73469,10
13.0415201187,80.2274475098,73469,73479,10
13.0413398743,80.2280883789,73479,73489,10
13.0412302017,80.228553772,73489,73499,10
13.0411396027,80.229057312,73499,73509,10
13.0410003662,80.2296676636,73509,73519,10
13.0409202576,80.2300262451,73519,73530,11
13.0408201218,80.2305221558,73530,73540,10
13.0406799316,80.2312164307,73540,73550,10
13.040599823,80.2318496704,73550,73560,10
13.0409803391,80.2319412231,73560,73570,10
13.0412797928,80.2320022583,73570,73580,10
13.0418996811,80.2321166992,73580,73590,10
13.0421199799,80.2325210571,73590,73599,9
13.0420198441,80.232963562,73599,73610,11
13.0419998169,80.2331314087,73610,73620,10
13.0419797897,80.2332229614,73620,73630,10
13.0419101715,80.2335891724,73630,73641,11
13.0416498184,80.2341003418,73641,73651,10
13.0412797928,80.234046936,73651,73661,10
13.0410995483,80.234413147,73661,73671,10
13.0410604477,80.2346496582,73671,73681,10
13.0410003662,80.2350921631,73681,73691,10
13.0409097672,80.2358016968,73691,73701,10
13.0408401489,80.2363891602,73701,73711,10
13.0408000946,80.2367172241,73711,73721,10
13.040719986,80.2373199463,73721,73731,10
13.0406198502,80.238067627,73731,73741,10
13.0405397415,80.2386627197,73741,73752,11
13.04047966,80.2393112183,73752,73762,10
13.0404195786,80.2396774292,73762,73772,10
13.0404195786,80.2397003174,73772,73782,10
13.0403795242,80.2399597168,73782,73792,10
13.0403203964,80.2404327393,73792,73802,10
13.0402402878,80.2411499023,73802,73818,16
13.0402097702,80.2416305542,73818,73830,12
13.0401496887,80.2418212891,73830,73838,8
13.0401096344,80.2421798706,73838,73850,12
13.0400495529,80.2429580688,73850,73860,10
13.040019989,80.2432327271,73860,73871,11
13.040019989,80.2432937622,73871,73881,10
13.0399599075,80.2436294556,73881,73891,10
13.0401096344,80.2440338135,73891,73900,9
13.0408802032,80.2441635132,73900,73931,31
13.0408802032,80.2441635132,73931,73941,10
13.0412101746,80.2442092896,73941,73951,10
13.0418195724,80.2443008423,73951,73961,10
13.0425596237,80.244468689,73961,73972,11
13.0433301926,80.2446212769,73972,73982,10
13.0440502167,80.244758606,73982,73992,10
13.0448799133,80.2449417114,73992,74002,10
13.0457000732,80.2451019287,74002,74012,10
13.0462303162,80.2451782227,74012,74021,9
13.0464801788,80.2452163696,74021,74032,11
13.0469398499,80.2452774048,74032,74042,10
13.0474395752,80.2453384399,74042,74052,10
13.0479001999,80.2454986572,74052,74062,10
13.0482797623,80.2460784912,74062,74072,10
13.0485296249,80.246383667,74072,74083,11
13.0489797592,80.2468795776,74083,74093,10
13.0496997833,80.2478637695,74093,74112,19
13.0496997833,80.2478637695,74112,74123,11
13.0498895645,80.2480926514,74123,74133,10
13.0501804352,80.2484893799,74133,74143,10
13.0507297516,80.2490615845,74143,74153,10
13.0513095856,80.2497024536,74153,74163,10
13.0517396927,80.25025177,74163,74173,10
13.0521602631,80.2508163452,74173,74183,10
13.0526599884,80.2515106201,74183,74194,11
13.0532999039,80.2523574829,74194,74204,10
13.0538396835,80.253112793,74204,74214,10
13.0544395447,80.2539215088,74214,74224,10
13.0549898148,80.2546234131,74224,74234,10
13.0554504395,80.2552490234,74234,74244,10
13.0558004379,80.2557373047,74244,74254,10
13.0559997559,80.2559967041,74254,74264,10
13.0562801361,80.256362915,74264,74274,10
13.0566196442,80.2566833496,74274,74284,10
13.0566596985,80.2567214966,74284,74294,10
13.0567998886,80.2568588257,74294,74305,11
13.05727005,80.2572784424,74305,74315,10
13.0577602386,80.2577590942,74315,74325,10
13.058259964,80.2583465576,74325,74335,10
13.0587596893,80.2589797974,74335,74345,10
13.0591497421,80.2595977783,74345,74355,10
13.0595703125,80.2601013184,74355,74365,10
13.060090065,80.2605514526,74365,74375,10
13.060500145,80.2610015869,74375,74385,10
13.0606403351,80.261177063,74385,74395,10
13.060669899,80.2612228394,74395,74412,17
13.0610103607,80.2616882324,74412,74424,12
13.0614995956,80.26222229,74424,74434,10
13.0619096756,80.2627410889,74434,74453,19
13.0619096756,80.2627410889,74453,74464,11
13.0619602203,80.2627563477,74464,74474,10
13.0621795654,80.2630386353,74474,74484,10
13.0625295639,80.2634506226,74484,74494,10
13.06291008,80.2639007568,74494,74504,10
13.0629701614,80.2639694214,74504,74514,10
13.0630998611,80.2641372681,74514,74525,11
13.0634403229,80.2646484375,74525,74535,10
13.0637998581,80.2652816772,74535,74545,10
13.064209938,80.2658462524,74545,74555,10
13.064620018,80.2663497925,74555,74565,10
13.064909935,80.2667312622,74565,74575,10
13.0653095245,80.2670669556,74575,74585,10
13.065779686,80.2675476074,74585,74595,10
13.0662603378,80.2681503296,74595,74605,10
13.0666999817,80.2684402466,74605,74615,10
13.0669403076,80.2685165405,74615,74625,10
13.0670404434,80.2685928345,74625,74636,11
13.0672397614,80.2687301636,74636,74646,10
13.0676403046,80.2690200806,74646,74662,16
13.0682401657,80.269493103,74662,74674,12
13.0682001114,80.270072937,74674,74682,8
13.0681600571,80.2705688477,74682,74694,12
13.0681600571,80.2713012695,74694,74704,10
13.068570137,80.2718429565,74704,74714,10
13.0691003799,80.2720413208,74714,74723,9
13.0694904327,80.2724304199,74723,74734,11
13.0700702667,80.2730484009,74734,74744,10
13.0705699921,80.2736816406,74744,74755,11
13.0709896088,80.2740402222,74755,74765,10
13.0710401535,80.2740631104,74765,74773,8
13.0713195801,80.2741622925,74773,74785,12
13.0719499588,80.2745437622,74785,74795,10
13.0725002289,80.2751617432,74795,74805,10
13.07310009,80.2758178711,74805,74815,10
13.0735301971,80.2762298584,74815,74825,10
13.0735397339,80.2762298584,74825,74835,10
13.073800087,80.2763595581,74835,74845,10
13.0743999481,80.2763519287,74845,74856,11
13.0752096176,80.2763214111,74856,74866,10
13.075750351,80.2762832642,74866,74876,10
13.075920105,80.2762680054,74876,74886,10
13.0761499405,80.2762832642,74886,74896,10
13.0766801834,80.2762832642,74896,74906,10
13.0774002075,80.2762374878,74906,74916,10
13.0781202316,80.2760009766,74916,75007,91
13.0781202316,80.2760009766,75007,75017,10
13.0781297684,80.2758178711,75017,75027,10
13.0781803131,80.275642395,75027,75037,10
13.0782403946,80.2754669189,75037,75148,111
13.0782403946,80.2754669189,75148,75158,10
13.0783100128,80.2753829956,75158,75168,10
13.0785198212,80.275177002,75168,75178,10
13.0788803101,80.2751235962,75178,75188,10
13.0791397095,80.2751922607,75188,75320,132
13.0791397095,80.2751922607,75320,75330,10
13.0795402527,80.2752838135,75330,75340,10
13.0799598694,80.2753067017,75340,75350,10
13.0801897049,80.2752838135,75350,75532,182
13.0801897049,80.2752838135,75532,75542,10
13.0804796219,80.2752685547,75542,75552,10
13.0810604095,80.2752227783,75552,75673,121
13.0810604095,80.2752227783,75673,75683,10
13.0813999176,80.2751922607,75683,75693,10
13.0818004608,80.2752914429,75693,75703,10
13.0819501877,80.2756500244,75703,75733,30
13.0819501877,80.2756500244,75733,75743,10
13.0820198059,80.2758789063,75743,75754,11
13.0818395615,80.2761383057,75754,75764,10
13.0818595886,80.2765731812,75764,75774,10
13.0819501877,80.2773284912,75774,75784,10
13.0822296143,80.2780990601,75784,75794,10
13.082909584,80.278137207,75794,75804,10
13.0832395554,80.2781524658,75804,75813,9
13.0833902359,80.2782363892,75813,75824,11
13.0835599899,80.2788085938,75824,75834,10
13.0839195251,80.2792205811,75834,75844,10
13.0844097137,80.2792663574,75844,75854,10
13.0846996307,80.279296875,75854,75865,11
13.0852499008,80.2795028687,75865,75875,10
13.0855102539,80.2797470093,75875,75885,10
13.085559845,80.2799301147,75885,75895,10
13.085650444,80.2803115845,75895,75905,10
13.0858001709,80.2807998657,75905,75915,10
13.0862998962,80.2810211182,75915,75925,10
13.0870199203,80.2812423706,75925,75935,10
13.0878400803,80.2814178467,75935,75955,20
13.0878400803,80.2814178467,75955,75965,10
13.0879001617,80.2814331055,75965,75976,11
13.0880298615,80.2814483643,75976,75986,10
13.0881795883,80.28150177,75986,75996,10
13.08852005,80.2816009521,75996,76006,10
13.0884895325,80.2820205688,76006,76016,10
13.0884304047,80.2824172974,76016,76026,10
13.0883598328,80.2825775146,76026,76036,10
13.0882396698,80.2824935913,76036,76046,10
13.0882396698,80.2822494507,76046,76056,10
13.0880899429,80.2817382813,76056,76066,10
13.0875997543,80.281463623,76066,76076,10
13.0872402191,80.2813720703,76076,76087,11
13.0872001648,80.2813491821,76087,76097,10
13.0870599747,80.2813034058,76097,76107,10
13.0868501663,80.2812423706,76107,76117,10
13.086640358,80.2812194824,76117,76389,272
13.086640358,80.2812194824,76389,76399,10
13.0864496231,80.2810897827,76399,76409,10
13.0861902237,80.2810134888,76409,76420,11
13.0858001709,80.2808609009,76420,76430,10
13.0856399536,80.2804718018,76430,76440,10
13.0854797363,80.2797775269,76440,76450,10
13.0848302841,80.2793426514,76450,76460,10
13.0841703415,80.2792205811,76460,76470,10
13.0835199356,80.279083252,76470,76480,10
13.0829000473,80.2788085938,76480,76490,10
13.0825195313,80.2787017822,76490,76559,69
13.0825195313,80.2787017822,76559,76569,10
13.0821695328,80.2785873413,76569,76579,10
13.0819396973,80.2784118652,76579,76589,10
13.0819196701,80.2781906128,76589,76597,8
13.0818996429,80.277961731,76597,76607,10
13.081870079,80.2777099609,76607,76619,12
13.0818195343,80.2773208618,76619,76629,10
13.0818195343,80.2771911621,76629,76640,11
13.0818395615,80.2770614624,76640,76650,10
13.0818195343,80.2768478394,76650,76660,10
13.0817804337,80.2765808105,76660,76700,40
13.0817804337,80.2765808105,76700,76710,10
13.0817203522,80.2763900757,76710,76720,10
13.0816898346,80.2762374878,76720,76730,10
13.0816202164,80.2760162354,76730,76740,10
13.081609726,80.2759628296,76740,76751,11
13.0815496445,80.275680542,76751,76761,10
13.0815095901,80.2754592896,76761,76771,10
13.0814399719,80.2752609253,76771,76781,10
13.0810203552,80.2752532959,76781,76790,9
13.0805797577,80.2752990723,76790,76801,11
13.0799703598,80.2753677368,76801,76811,10
13.0791501999,80.2752685547,76811,76821,10
13.0783596039,80.2755126953,76821,76831,10
13.0777797699,80.2762832642,76831,76841,10
13.076789856,80.2763214111,76841,76851,10
13.0759897232,80.2763824463,76851,76862,11
13.0755195618,80.2764129639,76862,76872,10
13.0751399994,80.2764129639,76872,76882,10
13.0744400024,80.2764434814,76882,76892,10
13.0736103058,80.276512146,76892,76902,10
13.0730895996,80.2760314941,76902,76912,10
13.072520256,80.2753677368,76912,76922,10
13.0717697144,80.2746582031,76922,76969,47
13.0717697144,80.2746582031,76969,76981,12
13.0717601776,80.2747116089,76981,76991,10
13.0712995529,80.274559021,76991,77001,10
13.0707397461,80.2742996216,77001,77011,10
13.0706396103,80.2741699219,77011,77021,10
13.0705795288,80.2740020752,77021,77031,10
13.0703697205,80.2735519409,77031,77041,10
13.070019722,80.2731018066,77041,77051,10
13.0696201324,80.2726593018,77051,77061,10
13.0692195892,80.2722396851,77061,77070,9
13.0687904358,80.2720184326,77070,77112,42
13.0687904358,80.2720184326,77112,77122,10
13.0684995651,80.2719726563,77122,77132,10
13.0682201385,80.2717208862,77132,77142,10
13.0680503845,80.2713165283,77142,77152,10
13.0676698685,80.2708282471,77152,77162,10
13.0671796799,80.2703933716,77162,77172,10
13.0670499802,80.2702484131,77172,77182,10
13.0666799545,80.2698974609,77182,77193,11
13.0664396286,80.2694320679,77193,77203,10
13.0663795471,80.2691192627,77203,77213,10
13.0663795471,80.268661499,77213,77223,10
13.0661497116,80.2682113647,77223,77233,10
13.0657901764,80.2677688599,77233,77243,10
13.0654497147,80.2676773071,77243,77253,10
13.0652198792,80.2676620483,77253,77263,10
13.0651397705,80.2676620483,77263,77273,10
13.0647201538,80.2675704956,77273,77283,10
13.0640602112,80.2674484253,77283,77293,10
13.0633001328,80.2673187256,77293,77304,11
13.0625801086,80.2670516968,77304,77314,10
13.0621004105,80.266456604,77314,77324,10
13.0616598129,80.2659225464,77324,77334,10
13.0613603592,80.2655181885,77334,77344,10
13.0606203079,80.2653427124,77344,77364,20
13.0606203079,80.2653427124,77364,77374,10
13.0604000092,80.2654571533,77374,77384,10
13.0599098206,80.2656402588,77384,77394,10
13.0594701767,80.2656173706,77394,77404,10
13.0592002869,80.2655715942,77404,77415,11
13.0588102341,80.2655029297,77415,77445,30
13.0588102341,80.2655029297,77445,77455,10
13.0584096909,80.2654190063,77455,77465,10
13.05809021,80.265083313,77465,77475,10
13.0579996109,80.2644119263,77475,77485,10
13.0579099655,80.2636489868,77485,77495,10
13.0578603745,80.2629470825,77495,77505,10
13.0577497482,80.262260437,77505,77515,10
13.0576200485,80.2615890503,77515,77526,11
13.0574998856,80.2610397339,77526,77536,10
13.0573301315,80.2604064941,77536,77546,10
13.0571603775,80.2598190308,77546,77556,10
13.0570402145,80.2593383789,77556,77566,10
13.0569095612,80.2589874268,77566,77576,10
13.0567998886,80.2587127686,77576,77586,10
13.0566902161,80.2584533691,77586,77596,10
13.0566396713,80.2580490112,77596,77606,10
13.0565500259,80.2574310303,77606,77616,10
13.0564804077,80.2572402954,77616,77626,10
13.0564403534,80.2571487427,77626,77637,11
13.0563602448,80.2566986084,77637,77647,10
13.0560598373,80.2561416626,77647,77657,10
13.0555801392,80.2554779053,77657,77667,10
13.054980278,80.2546463013,77667,77677,10
13.0542802811,80.2537994385,77677,77687,10
13.0540599823,80.2534790039,77687,77697,10
13.0540103912,80.2534179688,77697,77713,16
13.053850174,80.2531967163,77713,77725,12
13.0536003113,80.252822876,77725,77733,8
13.053319931,80.2523880005,77733,77745,12
13.0527801514,80.2516937256,77745,77756,11
13.0523700714,80.2511520386,77756,77766,10
13.0519399643,80.2506408691,77766,77776,10
13.0512104034,80.2501831055,77776,77786,10
13.0501003265,80.2499084473,77786,77796,10
13.0491695404,80.2498092651,77796,77806,10
13.0483999252,80.2496185303,77806,77816,10
13.0478200912,80.2491989136,77816,77826,10
13.0473403931,80.2487716675,77826,77836,10
13.0471000671,80.2486801147,77836,77846,10
13.046959877,80.2486572266,77846,77856,10
13.0464496613,80.2486190796,77856,77867,11
13.0457897186,80.2484970093,77867,77877,10
13.0453796387,80.248298645,77877,77887,10
13.0449800491,80.2481918335,77887,77897,10
13.0443601608,80.2480773926,77897,77907,10
13.0437602997,80.2479705811,77907,77917,10
13.0433797836,80.2479095459,77917,77927,10
13.0428600311,80.2478179932,77927,77937,10
13.04226017,80.2476730347,77937,77947,10
13.0415802002,80.2474899292,77947,77957,10
13.0408201218,80.2473373413,77957,77967,10
13.040430069,80.2472381592,77967,77978,11
13.040140152,80.2471618652,77978,77988,10
13.0396604538,80.2470703125,77988,77998,10
13.0394001007,80.2470092773,77998,78008,10
13.0391302109,80.2466583252,78008,78018,10
13.0393896103,80.2459106445,78018,78028,10
13.0396099091,80.245010376,78028,78038,10
13.0398101807,80.2440032959,78038,78089,51
13.0398101807,80.2440032959,78089,78098,9
13.0398702621,80.243850708,78098,78109,11
13.0399303436,80.2434997559,78109,78119,10
13.0399904251,80.2428817749,78119,78129,10
13.0399999619,80.2426986694,78129,78139,10
13.0400495529,80.2423324585,78139,78149,10
13.0401096344,80.2416381836,78149,78159,10
13.0402002335,80.2408599854,78159,78169,10
13.0403299332,80.2402267456,78169,78179,10
13.0403795242,80.2397232056,78179,78190,11
13.0404500961,80.2390823364,78190,78200,10
13.0404596329,80.2390213013,78200,78210,10
13.0405397415,80.2387390137,78210,78220,10
13.0406198502,80.2381820679,78220,78230,10
13.0406999588,80.2374572754,78230,78240,10
13.0407896042,80.2367172241,78240,78250,10
13.0408697128,80.2360229492,78250,78260,10
13.0409803391,80.2352905273,78260,78270,10
13.0410900116,80.2344665527,78270,78280,10
13.0409498215,80.2339019775,78280,78290,10
13.0405597687,80.233581543,78290,78300,10
13.0406999588,80.2329101563,78300,78311,11
13.0408496857,80.2321624756,78311,78321,10
13.0405597687,80.2318496704,78321,78331,10
13.0406398773,80.2314300537,78331,78341,10
13.0407400131,80.2309570313,78341,78351,10
13.0407400131,80.2309188843,78351,78367,16
13.0408000946,80.2305603027,78367,78379,12
13.0409603119,80.2298965454,78379,78389,10
13.0410995483,80.2291793823,78389,78398,9
13.0412797928,80.2283630371,78398,78409,11
13.0415401459,80.2273635864,78409,78420,11
13.0417299271,80.2266464233,78420,78430,10
13.0418796539,80.2260665894,78430,78440,10
13.0419502258,80.2257385254,78440,78449,9
13.0420303345,80.2253570557,78449,78460,11
13.041680336,80.2248535156,78460,78470,10
13.041680336,80.2248535156,78470,78480,10
13.0414600372,80.2248001099,78480,78490,10
13.041179657,80.2247314453,78490,78500,10
13.0410804749,80.2247009277,78500,78510,10
13.04088974,80.2245330811,78510,78520,10
13.0409898758,80.2242889404,78520,78531,11
13.0412397385,80.2237091064,78531,78541,10
13.0414800644,80.2229766846,78541,78550,9
13.041560173,80.2227020264,78550,78561,11
13.0417003632,80.222328186,78561,78571,10
13.0418300629,80.2219619751,78571,78581,10
13.0416898727,80.2217788696,78581,78591,10
13.0411996841,80.2216567993,78591,78601,10
13.0406904221,80.2215499878,78601,78611,10
13.0404195786,80.2215194702,78611,78621,10
13.0402202606,80.2214508057,78621,78631,10
13.0397500992,80.2213592529,78631,78642,11
13.0391597748,80.2212371826,78642,78652,10
13.0386295319,80.2211303711,78652,78662,10
13.0380096436,80.220993042,78662,78671,9
13.0373802185,80.2208709717,78671,78682,11
13.0368995667,80.2207794189,78682,78692,10
13.0368299484,80.2207565308,78692,78702,10
13.0364904404,80.2207107544,78702,78712,10
13.0360403061,80.2206268311,78712,78721,9
13.0358400345,80.2205276489,78721,78732,11
13.0358600616,80.220161438,78732,78742,10
13.0358800888,80.219543457,78742,78753,11
13.0359201431,80.2189102173,78753,78763,10
13.0359401703,80.2186813354,78763,78773,10
13.0359897614,80.2182006836,78773,78783,10
13.0360498428,80.2174606323,78783,78793,10
13.0361099243,80.216796875,78793,78803,10
13.0360898972,80.2163009644,78803,78813,10
13.0356702805,80.2162704468,78813,78823,10
13.0349502563,80.216217041,78823,78833,10
13.0342197418,80.216178894,78833,78843,10
13.033539772,80.2161102295,78843,78853,10
13.0326404572,80.2160415649,78853,78864,11
13.0315999985,80.2159805298,78864,78874,10
13.0312595367,80.2156066895,78874,78884,10
13.0313901901,80.2148208618,78884,78894,10
13.0315198898,80.2138519287,78894,78904,10
13.0316400528,80.2130126953,78904,78914,10
13.0317001343,80.2125015259,78914,78924,10
13.0317401886,80.2124328613,78924,78934,10
13.0318098068,80.2120437622,78934,78942,8
13.031920433,80.2116928101,78942,78954,12
13.0320196152,80.2111434937,78954,78964,10
13.0321102142,80.2105712891,78964,78975,11
13.0322303772,80.2098388672,78975,78985,10
13.0326299667,80.2097473145,78985,78995,10
13.0333499908,80.2098693848,78995,79005,10
13.0339097977,80.2098770142,79005,79015,10
13.0346002579,80.2099914551,79015,79025,10
13.0351200104,80.2097473145,79025,79035,10
13.035200119,80.2090530396,79035,79045,10
13.0352401733,80.208732605,79045,79055,10
13.0352802277,80.2085418701,79055,79065,10
13.0353498459,80.2081298828,79065,79075,10
13.0354404449,80.2080001831,79075,79086,11
13.035779953,80.2080383301,79086,79096,10
13.03647995,80.2081680298,79096,79106,10
13.0372800827,80.2082901001,79106,79116,10
13.0379800797,80.2083969116,79116,79126,10
13.038479805,80.2084579468,79126,79136,10
13.0388002396,80.2085189819,79136,79146,10
13.0394001007,80.2086334229,79146,79156,10
13.0400104523,80.2087173462,79156,79166,10
13.0408296585,80.2088317871,79166,79176,10
13.041560173,80.2089385986,79176,79186,10
13.0422096252,80.2090301514,79186,79197,11
13.0427703857,80.2091217041,79197,79207,10
13.043510437,80.2092285156,79207,79223,16
13.0440702438,80.2091217041,79223,79235,12
13.0440597534,80.2085800171,79235,79245,10
13.0440397263,80.2079925537,79245,79255,10
13.0437602997,80.2072677612,79255,79265,10
13.0432701111,80.2065582275,79265,79274,9
13.0428199768,80.2059707642,79274,79285,11
13.0422801971,80.2054367065,79285,79295,10
13.0414600372,80.2052383423,79295,79305,10
13.0408496857,80.2051620483,79305,79316,11
13.0407400131,80.2051467896,79316,79326,10
13.0403995514,80.2050933838,79326,79336,10
13.0398197174,80.2049865723,79336,79346,10
13.0391101837,80.2048721313,79346,79356,10
13.0385103226,80.2047805786,79356,79366,10
13.0381097794,80.2047195435,79366,79376,10
13.0381202698,80.2043609619,79376,79386,10
13.0382204056,80.2037200928,79386,79396,10
13.0383501053,80.20287323,79396,79406,10
13.038479805,80.2021026611,79406,79417,11
13.0385599136,80.2015762329,79417,79427,10
13.038599968,80.2011871338,79427,79436,9
13.0386896133,80.2006835938,79436,79447,11
13.0387802124,80.1999816895,79447,79457,10
13.0388803482,80.1993408203,79457,79467,10
13.0389003754,80.199180603,79467,79477,10
13.0389499664,80.1988601685,79477,79487,10
13.0390396118,80.1981964111,79487,79497,10
13.039150238,80.1974411011,79497,79507,10
13.0392198563,80.1969604492,79507,79517,10
13.0392599106,80.1967697144,79517,79528,11
13.0392999649,80.1962966919,79528,79538,10
13.0394001007,80.1956634521,79538,79548,10
13.0395202637,80.1948471069,79548,79558,10
13.0396404266,80.1940383911,79558,79568,10
13.0397500992,80.193359375,79568,79578,10
13.0397500992,80.1930923462,79578,79588,10
13.0394802094,80.1930236816,79588,79598,10
13.0391397476,80.1929397583,79598,79608,10
13.0386800766,80.1928634644,79608,79618,10
13.0385704041,80.1928482056,79618,79628,10
13.0382299423,80.1928024292,79628,79639,11
13.0376796722,80.1929321289,79639,79649,10
13.037560463,80.1935577393,79649,79659,10
13.0374403,80.1943817139,79659,79669,10
13.0373096466,80.1952285767,79669,79679,10
13.0372200012,80.1958084106,79679,79689,10
13.0371799469,80.1961135864,79689,79709,20
13.0371799469,80.1961135864,79709,79719,10
13.0371198654,80.1962814331,79719,79729,10
13.0370397568,80.1967773438,79729,79739,10
13.036939621,80.1975708008,79739,79750,11
13.0368299484,80.1983032227,79750,79760,10
13.0367803574,80.1986999512,79760,79770,10
13.0367202759,80.1989898682,79770,79780,10
13.0366401672,80.1995773315,79780,79790,10
13.036529541,80.200340271,79790,79800,10
13.0364198685,80.2011489868,79800,79810,10
13.0364198685,80.2012863159,79810,79820,10
13.0363903046,80.201423645,79820,79830,10
13.0363101959,80.2018890381,79830,79840,10
13.036190033,80.2026901245,79840,79850,10
13.0360603333,80.2036437988,79850,79861,11
13.0359601974,80.2043609619,79861,79871,10
13.035900116,80.2047195435,79871,79881,10
13.0358295441,80.2051773071,79881,79891,10
13.0354099274,80.2052612305,79891,79929,38
13.0354099274,80.2052612305,79929,79939,10
13.0351600647,80.2052001953,79939,79949,10
13.0348596573,80.2052001953,79949,79959,10
13.034529686,80.2053833008,79959,79970,11
13.0347795486,80.2051086426,79970,79980,10
13.0351495743,80.2051620483,79980,79989,9
13.0354404449,80.2051773071,79989,81204,1215
13.0356302261,80.2053604126,81204,81678,474
13.0356302261,80.2053604126,81678,81688,10
13.0358104706,80.205078125,81688,81698,10
13.0358400345,80.2047195435,81698,81708,10
13.0359201431,80.2041778564,81708,81718,10
13.0360202789,80.2034683228,81718,81728,10
13.0361499786,80.2026367188,81728,81738,10
13.0362796783,80.2018203735,81738,81749,11
13.0363702774,80.2012329102,81749,81759,10
13.03647995,80.2005615234,81759,81769,10
13.0366096497,80.1996765137,81769,81779,10
13.036740303,80.1987304688,81779,81789,10
13.0367898941,80.1983795166,81789,81799,10
13.0368404388,80.1980514526,81799,81809,10
13.036939621,80.1974563599,81809,81819,10
13.0370397568,80.1967468262,81819,81829,10
13.0370798111,80.1963806152,81829,81839,10
13.0370998383,80.1961975098,81839,81849,10
13.0371599197,80.1958084106,81849,81860,11
13.0372800827,80.1951370239,81860,81870,10
13.0374002457,80.1943206787,81870,81880,10
13.0375299454,80.1933364868,81880,81890,10
13.0378398895,80.1927566528,81890,81900,10
13.0384998322,80.1928329468,81900,81910,10
13.0390796661,80.1928863525,81910,81920,10
13.0396299362,80.1929702759,81920,81930,10
13.0401201248,80.1930618286,81930,81939,9
13.040719986,80.1931610107,81939,81950,11
13.0413999557,80.1932678223,81950,81961,11
13.0416898727,80.193359375,81961,81971,10
13.0417003632,80.1937484741,81971,81981,10
13.0416898727,80.1940307617,81981,81991,10
13.0416402817,80.1945419312,81991,82001,10
13.0415496826,80.1951904297,82001,82011,10
13.041469574,80.195892334,82011,82021,10
13.0413999557,80.1965332031,82021,82031,10
13.0413198471,80.1970291138,82031,82041,10
13.0412397385,80.1975479126,82041,82051,10
13.0411500931,80.1982498169,82051,82061,10
13.0410604477,80.1988677979,82061,82071,10
13.041009903,80.1992797852,82071,82082,11
13.0409803391,80.199508667,82082,82092,10
13.0409002304,80.200012207,82092,82102,10
13.0408201218,80.200592041,82102,82112,10
13.0407400131,80.2012023926,82112,82122,10
13.0406398773,80.2018737793,82122,82132,10
13.0405597687,80.2022628784,82132,82142,10
13.0404701233,80.20287323,82142,82152,10
13.0403499603,80.2036590576,82152,82163,11
13.0402297974,80.204460144,82163,82173,10
13.0401802063,80.2050018311,82173,82183,10
13.0405502319,80.205078125,82183,82194,11
13.041179657,80.2051696777,82194,82204,10
13.0412902832,80.2051773071,82204,82214,10
13.041680336,80.2052383423,82214,82224,10
13.0422801971,80.2053375244,82224,82234,10
13.0427303314,80.2056732178,82234,82244,10
13.0431404114,80.2062606812,82244,82254,10
13.0436296463,80.2069320679,82254,82264,10
13.0439901352,80.2075424194,82264,82274,10
13.0441398621,80.2082595825,82274,82284,10
13.0441598892,80.2089996338,82284,82294,10
13.044090271,80.2092666626,82294,82305,11
13.0436401367,80.2092437744,82305,82315,10
13.0429801941,80.2091598511,82315,82325,10
13.0424098969,80.2090911865,82325,82334,9
13.0417699814,80.2089996338,82334,82345,11
13.0415401459,80.2089691162,82345,82355,10
13.0409898758,80.2088775635,82355,82365,10
13.0403604507,80.208770752,82365,82375,10
13.0396900177,80.2086791992,82375,82385,10
13.038860321,80.2085571289,82385,82405,20
13.038860321,80.2085571289,82405,82416,11
13.0384597778,80.208480835,82416,82426,10
13.0377902985,80.2083816528,82426,82436,10
13.0370197296,80.2082519531,82436,82446,10
13.0362300873,80.2081222534,82446,82456,10
13.0355796814,80.2080535889,82456,82466,10
13.0354499817,80.208190918,82466,82476,10
13.0354404449,80.2083435059,82476,82486,10
13.0354003906,80.2084197998,82486,82496,10
13.0353403091,80.2087631226,82496,82506,10
13.0352697372,80.2092590332,82506,82516,10
13.0351896286,80.2098083496,82516,82527,11
13.0351104736,80.2101821899,82527,82537,10
13.0349903107,80.2106018066,82537,82547,10
13.0349502563,80.2110595703,82547,82557,10
13.0349397659,80.2111129761,82557,82567,10
13.0348796844,80.2114105225,82567,82576,9
13.0347499847,80.2119216919,82576,82587,11
13.0342798233,80.2120895386,82587,82597,10
13.0337200165,80.212020874,82597,82607,10
13.0330696106,80.2119522095,82607,82617,10
13.032500267,80.2119293213,82617,82627,10
13.0323896408,80.2119216919,82627,82637,10
13.0319595337,80.2118835449,82637,82648,11
13.0318002701,80.2125701904,82648,82658,10
13.03166008,80.2134780884,82658,82668,10
13.0315799713,80.2141418457,82668,82678,10
13.0314903259,80.2147979736,82678,82688,10
13.0313796997,80.2155914307,82688,82698,10
13.0315799713,80.2159729004,82698,82708,10
13.0322799683,80.2160186768,82708,82718,10
13.0331401825,80.2161026001,82718,82728,10
13.0338497162,80.2161178589,82728,82738,10
13.0343599319,80.2161331177,82738,82749,11
13.0350599289,80.2162017822,82749,82759,10
13.0357503891,80.2162475586,82759,82769,10
13.0361604691,80.2164230347,82769,82779,10
13.0361204147,80.2169494629,82779,82789,10
13.0360603333,80.2176895142,82789,82799,10
13.0360002518,80.2183990479,82799,82809,10
13.0359601974,80.2188415527,82809,82819,10
13.0359401703,80.2192764282,82819,82829,10
13.0358896255,80.2199020386,82829,82839,10
13.0358800888,80.2205123901,82839,82849,10
13.0360603333,80.2205734253,82849,82860,11
13.0362596512,80.2206115723,82860,82870,10
13.0367002487,80.220703125,82870,82880,10
13.0373897552,80.2208328247,82880,82890,10
13.0382404327,80.220993042,82890,82900,10
13.0388097763,80.2211227417,82900,82910,10
13.0395002365,80.2212677002,82910,82920,10
13.0402803421,80.2214431763,82920,82930,10
13.0409898758,80.2216033936,82930,82940,10
13.0416002274,80.2217330933,82940,82950,10
13.0421895981,80.221862793,82950,82960,10
13.0427103043,80.2220077515,82960,82971,11
13.0427398682,80.222442627,82971,82981,10
13.0425901413,80.2230606079,82981,82991,10
13.0423803329,80.2237319946,82991,83001,10
13.0422096252,80.2244720459,83001,83011,10
13.042090416,80.2250289917,83011,83021,10
13.0419597626,80.2255783081,83021,83031,10
13.0418195724,80.2261962891,83031,83041,10
13.0416402817,80.2269363403,83041,83051,10
13.0415000916,80.2275924683,83051,83061,10
13.0413103104,80.2283172607,83061,83071,10
13.041179657,80.2290496826,83071,83082,11
13.0410203934,80.2297515869,83082,83092,10
13.0408802032,80.2304077148,83092,83108,16
13.0406398773,80.2314987183,83108,83120,12
13.0408697128,80.2319793701,83120,83128,8
13.041179657,80.2320709229,83128,83140,12
13.0418100357,80.2321166992,83140,83150,10
13.0420398712,80.2325897217,83150,83160,10
13.0419397354,80.2332687378,83160,83170,10
13.0417995453,80.2339477539,83170,83180,10
13.0412502289,80.2340164185,83180,83190,10
13.0410804749,80.2346725464,83190,83201,11
13.0409603119,80.2356491089,83201,83211,10
13.0408697128,80.2364425659,83211,83221,10
13.0407400131,80.2373428345,83221,83231,10
13.0406103134,80.2382965088,83231,83241,10
13.04047966,80.2393035889,83241,83251,10
13.0403699875,80.2401809692,83251,83261,10
13.0403003693,80.2408065796,83261,83271,10
13.0402202606,80.2416305542,83271,83281,10
13.0401096344,80.2426986694,83281,83291,10
13.0400400162,80.2432785034,83291,83301,10
13.0399799347,80.243598938,83301,83312,11
13.0402097702,80.2440185547,83312,83322,10
13.0408496857,80.2441482544,83322,83332,10
13.0415897369,80.2443237305,83332,83342,10
13.042429924,80.244468689,83342,83352,10
13.0431699753,80.2445831299,83352,83362,10
13.0437498093,80.244682312,83362,83372,10
13.0445404053,80.2448272705,83372,83382,10
13.0454998016,80.2450180054,83382,83392,10
13.0462999344,80.2451477051,83392,83402,10
13.0466403961,80.2452087402,83402,83412,10
13.0471696854,80.245300293,83412,83423,11
13.047750473,80.2453765869,83423,83433,10
13.0481796265,80.2458496094,83433,83443,10
13.0484304428,80.2461471558,83443,83453,10
13.0486698151,80.246421814,83453,83463,10
13.0491104126,80.2469406128,83463,83473,10
13.049489975,80.2474975586,83473,83483,10
13.0495901108,80.2476577759,83483,83493,10
13.0496902466,80.2478027344,83493,83503,10
13.0500202179,80.2481765747,83503,83513,10
13.0504999161,80.2487335205,83513,83524,11
13.0512895584,80.2495727539,83524,83534,10
13.05189991,80.2504119873,83534,83544,10
13.0525302887,80.2512817383,83544,83554,10
13.053319931,80.2523269653,83554,83564,10
13.0540704727,80.2533493042,83564,83574,10
13.0547895432,80.2542877197,83574,83584,10
13.055270195,80.2549209595,83584,83594,10
13.0556602478,80.2554626465,83594,83604,10
13.0559997559,80.255897522,83604,83614,10
13.0562601089,80.2562484741,83614,83624,10
13.0565500259,80.2565231323,83624,83634,10
13.0567903519,80.256729126,83634,83645,11
13.0568504333,80.2568435669,83645,83655,10
13.0572795868,80.2571716309,83655,83665,10
13.0577697754,80.2577514648,83665,83675,10
13.0582895279,80.2584075928,83675,83685,10
13.0588102341,80.2590408325,83685,83695,10
13.0592699051,80.259803772,83695,83705,10
13.0599803925,80.2604370117,83705,83715,10
13.0605602264,80.2610397339,83715,83725,10
13.0606899261,80.2611999512,83725,83735,10
13.0608701706,80.261428833,83735,83745,10
13.0612697601,80.2619094849,83745,83756,11
13.0618200302,80.2626037598,83756,83766,10
13.0624103546,80.263343811,83766,83776,10
13.0628204346,80.2638168335,83776,83786,10
13.0629501343,80.2639465332,83786,83796,10
13.0632896423,80.2644119263,83796,83806,10
13.0636997223,80.265083313,83806,83822,16
13.0645198822,80.2661437988,83822,83834,12
13.0652303696,80.2669525146,83834,83842,8
13.0657997131,80.2674713135,83842,83854,12
13.0664796829,80.2682571411,83854,83864,10
13.0667495728,80.2684020996,83864,83874,10
13.0668201447,80.268447876,83874,83885,11
13.0669803619,80.2685623169,83885,83895,10
13.0674495697,80.2688827515,83895,83904,9
13.0679798126,80.2692565918,83904,83915,11
13.0682201385,80.2696762085,83915,83925,10
13.0681400299,80.2703781128,83925,83935,10
13.0681295395,80.2711868286,83935,83944,9
13.0685396194,80.2717208862,83944,83955,11
13.0692596436,80.272102356,83955,83965,10
13.0698404312,80.2727203369,83965,83976,11
13.0703401566,80.2733230591,83976,83986,10
13.0707101822,80.2738189697,83986,83996,10
13.0714197159,80.2741775513,83996,84006,10
13.0721597672,80.2747192383,84006,84016,10
13.0728797913,80.2755508423,84016,84026,10
13.0737304688,80.2763290405,84026,84036,10
13.074839592,80.2762985229,84036,84046,10
13.0754203796,80.2762527466,84046,84056,10
13.0756101608,80.2762298584,84056,84066,10
13.0760402679,80.2762298584,84066,84077,11
13.0768404007,80.2762069702,84077,84087,10
13.0769796371,80.2761917114,84087,84097,10
13.077340126,80.2761611938,84097,84107,10
13.0778303146,80.2761383057,84107,84117,10
13.0782203674,80.2756195068,84117,84127,10
13.0786399841,80.2751235962,84127,84137,10
13.0792598724,80.2751922607,84137,84147,10
13.080039978,80.2752609253,84147,84157,10
13.0810003281,80.2751617432,84157,84167,10
13.0815000534,80.2751235962,84167,84177,10
13.0816802979,80.2751464844,84177,84188,11
13.0819797516,80.2755203247,84188,84208,20
13.0819797516,80.2755203247,84208,84218,10
13.081990242,80.2757034302,84218,84228,10
13.0819301605,80.2759628296,84228,84238,10
13.0818395615,80.2760620117,84238,84248,10
13.0818500519,80.2763900757,84248,84258,10
13.0819196701,80.2770690918,84258,84268,10
13.0820198059,80.2778091431,84268,84278,10
13.0820598602,80.2780227661,84278,84288,10
13.0820903778,80.2781829834,84288,84299,11
13.082110405,80.2786407471,84299,84309,10
13.0821695328,80.2793731689,84309,84319,10
13.0822401047,80.2803726196,84319,84329,10
13.0823001862,80.281211853,84329,84339,10
13.0823202133,80.2813110352,84339,84349,10
13.0823202133,80.2814102173,84349,84359,10
13.0823602676,80.2817306519,84359,84369,10
13.0829401016,80.282119751,84369,84379,10
13.0837802887,80.2826309204,84379,84389,10
13.0846300125,80.2831573486,84389,84409,20
13.0846300125,80.2831573486,84409,84420,11
13.0847797394,80.2833328247,84420,84430,10
13.0849304199,80.2835388184,84430,84440,10
13.0852804184,80.283821106,84440,84450,10
13.0856599808,80.2835464478,84450,84460,10
13.0861301422,80.2835617065,84460,84470,10
13.0865497589,80.2836914063,84470,84480,10
13.0870704651,80.2836914063,84480,84490,10
13.0874795914,80.283706665,84490,84500,10
13.0878801346,80.2836990356,84500,85037,537
13.0879802704,80.2837219238,85037,85360,323
13.0879802704,80.2837219238,85360,85370,10
13.0881099701,80.2836532593,85370,85380,10
13.0882501602,80.2835617065,85380,85390,10
13.0882701874,80.2833023071,85390,85400,10
13.088259697,80.2827987671,85400,85410,10
13.0882301331,80.2823410034,85410,85421,11
13.0880699158,80.2817611694,85421,85431,10
13.0874795914,80.2814178467,85431,85441,10
13.0866603851,80.2811813354,85441,85451,10
13.0858697891,80.280921936,85451,85461,10
13.0855903625,80.2803115845,85461,85471,10
13.0852804184,80.2795791626,85471,85481,10
13.0844402313,80.2793121338,85481,85491,10
13.0836000443,80.2791290283,85491,85501,10
13.0827598572,80.2787780762,85501,85511,10
13.082110405,80.2785186768,85511,85522,11
13.0818796158,80.2780380249,85522,85532,10
13.0818004608,80.2773284912,85532,85542,10
13.0817804337,80.2771911621,85542,85552,10
13.0817499161,80.2768325806,85552,85568,16
13.0815696716,80.2758102417,85568,85580,12
13.081410408,80.2753067017,85580,85588,8
13.0810003281,80.2752685547,85588,85600,12
13.0801696777,80.2753677368,85600,85610,10
13.0795202255,80.2753829956,85610,85620,10
13.0788803101,80.2752532959,85620,85630,10
13.0783195496,80.2755203247,85630,85641,11
13.0780801773,80.2761535645,85641,85651,10
13.0776395798,80.2762908936,85651,85661,10
13.0770397186,80.2763290405,85661,85670,9
13.0769796371,80.2763366699,85670,85681,11
13.0768003464,80.2763290405,85681,85691,10
13.0761604309,80.2763519287,85691,85701,10
13.0753898621,80.2763824463,85701,85711,10
13.0747003555,80.2764205933,85711,85721,10
13.0740404129,80.2766723633,85721,85731,10
13.0744199753,80.2772598267,85731,85742,11
13.0750598907,80.2779083252,85742,85752,10
13.0757904053,80.2785491943,85752,85762,10
13.0761499405,80.2791290283,85762,85772,10
13.075750351,80.2788772583,85772,85782,10
13.0752096176,80.2782363892,85782,85792,10
13.0744600296,80.2774429321,85792,85802,10
13.073679924,80.2766723633,85802,85812,10
13.0732498169,80.276260376,85812,85822,10
13.0729103088,80.2758331299,85822,85831,9
13.0724201202,80.2753219604,85831,85842,11
13.0716295242,80.2745895386,85842,85852,10
13.0707798004,80.2741775513,85852,85863,11
13.0702199936,80.2734298706,85863,85873,10
13.0697002411,80.2728881836,85873,85883,10
13.0691604614,80.2723388672,85883,85893,10
13.0685596466,80.2720184326,85893,85903,10
13.0682096481,80.271812439,85903,85913,10
13.0681200027,80.2717132568,85913,85923,10
13.0680198669,80.2713775635,85923,85933,10
13.0679197311,80.2711181641,85933,85943,10
13.067700386,80.2708129883,85943,85953,10
13.0672502518,80.2703933716,85953,85963,10
13.0669898987,80.2701797485,85963,85974,11
13.0665798187,80.2696990967,85974,85984,10
13.0663795471,80.2690811157,85984,85994,10
13.0662097931,80.2683792114,85994,86004,10
13.0656604767,80.2678070068,86004,86014,10
13.0652503967,80.2677078247,86014,86024,10
13.0650901794,80.2676773071,86024,86034,10
13.0645704269,80.267578125,86034,86044,10
13.0639095306,80.2674713135,86044,86054,10
13.0630702972,80.2673187256,86054,86064,10
13.0623703003,80.2668685913,86064,86074,10
13.0617904663,80.26612854,86074,86085,11
13.0611095428,80.2652893066,86085,86095,10
13.0605096817,80.265411377,86095,86105,10
13.0603199005,80.2655105591,86105,86115,10
13.0598201752,80.2656478882,86115,86125,10
13.0593795776,80.2656173706,86125,86135,10
13.0590600967,80.2655487061,86135,86145,10
13.0585002899,80.2654724121,86145,86155,10
13.0580596924,80.2651367188,86155,86164,9
13.0579395294,80.2644500732,86164,86174,10
13.0577898026,80.2634887695,86174,86186,12
13.0577001572,80.2624130249,86186,86196,10
13.057559967,80.2615280151,86196,86206,10
13.0573301315,80.2605819702,86206,86216,10
13.0570402145,80.2595977783,86216,86226,10
13.0567798615,80.2587890625,86226,86236,10
13.0564699173,80.257522583,86236,86256,20
13.0564699173,80.257522583,86256,86266,10
13.0564498901,80.2573013306,86266,86276,10
13.0563697815,80.2569122314,86276,86286,10
13.0560998917,80.2563171387,86286,86297,11
13.0555496216,80.255569458,86297,86307,10
13.0549201965,80.2546920776,86307,86317,10
13.0542201996,80.2538604736,86317,86327,10
13.0540599823,80.253616333,86327,86337,10
13.0539302826,80.2534332275,86337,86347,10
13.0536003113,80.2529830933,86347,86357,10
13.0531597137,80.2523193359,86357,86367,10
13.0525999069,80.2515792847,86367,86377,10
13.0520401001,80.2508468628,86377,86387,10
