12.9866695404,80.2590408325,17,117,100
12.9866695404,80.2590408325,117,128,11
12.9868097305,80.2587738037,128,138,10
12.9866104126,80.2586975098,138,1803,1665
12.9866104126,80.2586975098,1803,1813,10
12.9867095947,80.2589263916,1813,1823,10
12.9867897034,80.2591171265,1823,1833,10
12.9870901108,80.2591934204,1833,1924,91
12.9870901108,80.2591934204,1924,1934,10
12.9874095917,80.2590713501,1934,2035,101
12.9872903824,80.2589263916,2035,3761,1726
12.9873800278,80.2588577271,3761,3832,71
12.9872102737,80.2588577271,3832,4700,868
12.9873600006,80.2587890625,4700,4851,151
12.9872703552,80.2587280273,4851,6839,1988
12.9873104095,80.2589569092,6839,11969,5130
12.9872303009,80.2589797974,11969,12019,50
12.9872303009,80.2589797974,12019,12029,10
12.9872303009,80.2588195801,12029,13251,1222
12.9871997833,80.2589416504,13251,13715,464
12.9873399734,80.2587966919,13715,14623,908
12.9872198105,80.2589492798,14623,14886,263
12.9873600006,80.2588272095,14886,16390,1504
12.9873695374,80.2587814331,16390,16481,91
12.9873104095,80.2588195801,16481,17854,1373
12.9873800278,80.2587966919,17854,18076,222
12.9872398376,80.2588729858,18076,18611,535
12.9873504639,80.2587814331,18611,19236,625
12.9872903824,80.2589035034,19236,20045,809
12.9872503281,80.2587432861,20045,20328,283
12.9872503281,80.2587432861,20328,20338,10
12.9872503281,80.2588272095,20338,20398,60
12.9871301651,80.2587432861,20398,20529,131
12.987279892,80.2588195801,20529,20570,41
12.9873800278,80.2588577271,20570,20610,40
12.9872598648,80.2587814331,20610,20893,283
12.9872598648,80.2587814331,20893,20903,10
12.9871101379,80.2586975098,20903,20953,50
12.9872198105,80.2587814331,20953,21327,374
12.9872903824,80.2587890625,21327,22316,989
12.9872903824,80.2587890625,22316,22326,10
12.9872903824,80.2586975098,22326,22336,10
12.9872598648,80.2585372925,22336,22346,10
12.9870595932,80.2585220337,22346,22357,11
12.9867696762,80.2585983276,22357,22367,10
12.9867095947,80.2589035034,22367,23194,827
12.9869203568,80.2585983276,23194,23891,697
12.9869203568,80.2585983276,23891,23901,10
12.9867601395,80.2587890625,23901,24264,363
12.9867601395,80.2587890625,24264,24274,10
12.9867601395,80.2589187622,24274,24345,71
12.9867601395,80.2589187622,24345,24355,10
12.9871997833,80.2591171265,24355,24365,10
12.9872903824,80.2591171265,24365,24375,10
12.9873600006,80.2587966919,24375,24385,10
12.9874000549,80.2582702637,24385,24396,11
12.9874696732,80.2574768066,24396,24406,10
12.9875802994,80.2566833496,24406,24416,10
12.9876203537,80.2559585571,24416,24426,10
12.987449646,80.2557373047,24426,24436,10
12.9869298935,80.2556686401,24436,24446,10
12.9862098694,80.2555618286,24446,24456,10
12.9856100082,80.2553787231,24456,24466,10
12.9847803116,80.2551803589,24466,24476,10
12.9840202332,80.2550506592,24476,24486,10
12.9833202362,80.2548065186,24486,24496,10
12.9827003479,80.2545928955,24496,24507,11
12.9820804596,80.2540969849,24507,24517,10
12.9818201065,80.2532577515,24517,24527,10
12.9812698364,80.2527694702,24527,24537,10
12.9804201126,80.252746582,24537,24547,10
12.9795598984,80.2526779175,24547,24557,10
12.9788398743,80.2526397705,24557,24567,10
12.9787197113,80.2526092529,24567,24577,10
12.9785404205,80.252532959,24577,24587,10
12.978099823,80.2522125244,24587,24597,10
12.9779396057,80.2520675659,24597,24614,17
12.9770698547,80.2513885498,24614,24626,12
12.9759197235,80.2510604858,24626,24636,10
12.9747600555,80.2507476807,24636,24646,10
12.9735403061,80.2504119873,24646,24656,10
12.9723901749,80.2501068115,24656,24666,10
12.9709300995,80.2497024536,24666,24676,10
12.9695701599,80.2492599487,24676,24686,10
12.9682502747,80.2487411499,24686,24696,10
12.9670295715,80.2482376099,24696,24707,11
12.9658699036,80.247718811,24707,24718,11
12.9651002884,80.247428894,24718,24728,10
12.9650602341,80.2473831177,24728,24738,10
12.9646100998,80.2472076416,24738,24748,10
12.9638299942,80.2469100952,24748,24758,10
12.9629201889,80.2464675903,24758,24768,10
12.9619102478,80.2459411621,24768,24778,10
12.9607000351,80.2453918457,24778,24788,10
12.9596004486,80.2449417114,24788,24798,10
12.9591503143,80.244720459,24798,24808,10
12.9585399628,80.244430542,24808,24818,10
12.9577999115,80.244140625,24818,24829,11
12.9569501877,80.2438583374,24829,24839,10
12.9563999176,80.2436599731,24839,24849,10
12.9562101364,80.243598938,24849,24859,10
12.9557199478,80.243347168,24859,24869,10
12.9550199509,80.243019104,24869,24879,10
12.9541501999,80.2426376343,24879,24889,10
12.9532403946,80.2422637939,24889,24899,10
12.9523897171,80.2419433594,24899,24909,10
12.9518098831,80.2416992188,24909,24919,10
12.9507598877,80.2413635254,24919,24930,11
12.949549675,80.2410202026,24930,24940,10
12.9485397339,80.2406234741,24940,24950,10
12.9476804733,80.2402572632,24950,24960,10
12.9468603134,80.2399215698,24960,24970,10
12.9457998276,80.2394866943,24970,24980,10
12.9447603226,80.2387008667,24980,24990,10
12.9437999725,80.237739563,24990,25000,10
12.9426898956,80.2367095947,25000,25010,10
12.9412698746,80.2362518311,25010,25020,10
12.9401597977,80.2359313965,25020,25030,10
12.9394197464,80.2356185913,25030,25041,11
12.9383401871,80.2351074219,25041,25051,10
12.9372797012,80.234588623,25051,25061,10
12.9363899231,80.2341766357,25061,25071,10
12.9357700348,80.2339630127,25071,25081,10
12.935549736,80.2343292236,25081,25091,10
12.9352998734,80.2350387573,25091,25101,10
12.9351701736,80.2353973389,25101,25117,16
12.9348802567,80.2353591919,25117,25129,12
12.9342899323,80.2351379395,25129,25137,8
12.9339799881,80.2350234985,25137,25190,53
12.9339799881,80.2350234985,25190,25200,10
12.9338102341,80.235168457,25200,25209,9
12.9337501526,80.2353210449,25209,25219,10
12.9337301254,80.2354125977,25219,25230,11
12.9336700439,80.2357025146,25230,25240,10
12.9335803986,80.2360229492,25240,25251,11
12.933380127,80.2361602783,25251,25261,10
12.9330501556,80.2360992432,25261,25271,10
12.9329795837,80.2362594604,25271,25281,10
12.9329204559,80.2365875244,25281,25291,10
12.9327802658,80.2370834351,25291,25301,10
12.9326696396,80.2373275757,25301,25311,10
12.9324598312,80.2378616333,25311,25321,10
12.9322595596,80.2384033203,25321,25331,10
12.9321699142,80.238571167,25331,25341,10
12.9319200516,80.2387313843,25341,25351,10
12.9314899445,80.2386169434,25351,25362,11
12.9311504364,80.2385177612,25362,25372,10
12.9308099747,80.2384033203,25372,25382,10
12.9302597046,80.2381973267,25382,25392,10
12.9297103882,80.2379989624,25392,25402,10
12.9295301437,80.2381973267,25402,25412,10
12.9294395447,80.2384872437,25412,25422,10
12.9293203354,80.2389297485,25422,25432,10
12.9291801453,80.2390289307,25432,25442,10
12.9287900925,80.2389373779,25442,25452,10
12.9283103943,80.2388381958,25452,25483,31
12.9283103943,80.2388381958,25483,25493,10
12.9282102585,80.2388076782,25493,25503,10
12.9279603958,80.2387466431,25503,25513,10
12.9274997711,80.2386322021,25513,25523,10
12.9269199371,80.2384872437,25523,25533,10
12.926320076,80.2383270264,25533,25543,10
12.9257202148,80.2382507324,25543,25584,41
12.9257202148,80.2382507324,25584,25594,10
12.9255199432,80.2383804321,25594,25604,10
12.9252700806,80.2383575439,25604,25614,10
12.9250402451,80.238319397,25614,25654,40
12.9250402451,80.238319397,25654,25664,10
12.9250001907,80.2380599976,25664,25675,11
12.925359726,80.2381668091,25675,26684,1009
12.925359726,80.2381668091,26684,26694,10
12.9255199432,80.2382507324,26694,26704,10
12.9257001877,80.238319397,26704,26714,10
12.9259004593,80.238243103,26714,26724,10
12.9262599945,80.2383117676,26724,26734,10
12.9267997742,80.2384414673,26734,26744,10
12.9273395538,80.238571167,26744,26755,11
12.9280900955,80.2387695313,26755,26775,20
12.9280900955,80.2387695313,26775,26785,10
12.9283599854,80.238822937,26785,26795,10
12.9283704758,80.238822937,26795,26805,10
12.9286403656,80.2388763428,26805,26815,10
12.9289102554,80.2389373779,26815,26825,10
12.9292001724,80.2390289307,26825,26835,10
12.9293403625,80.2390136719,26835,26845,10
12.929400444,80.2388305664,26845,26856,11
12.9294900894,80.2385177612,26856,26866,10
12.9296197891,80.2381134033,26866,26876,10
12.9298295975,80.2379684448,26876,26886,10
12.9302196503,80.2381362915,26886,26896,10
12.9311504364,80.2384567261,26896,27078,182
12.9311504364,80.2384567261,27078,27088,10
12.9313402176,80.2385406494,27088,27148,60
12.9313402176,80.2385406494,27148,27158,10
12.9316501617,80.2386932373,27158,27168,10
12.9320001602,80.2387924194,27168,27179,11
12.932220459,80.2386169434,27179,27189,10
12.9323101044,80.2383728027,27189,27199,10
12.9324398041,80.23802948,27199,27209,10
12.9326601028,80.237487793,27209,27219,10
12.9327802658,80.2371826172,27219,27229,10
12.9329395294,80.2368011475,27229,27239,10
12.9330196381,80.2363204956,27239,27249,10
12.9334497452,80.2361984253,27249,27269,20
12.9334497452,80.2361984253,27269,27279,10
12.9336204529,80.2361984253,27279,27290,11
12.9336595535,80.2359313965,27290,27300,10
12.9337701797,80.235496521,27300,27310,10
12.9339199066,80.2350234985,27310,27320,10
12.934129715,80.2350692749,27320,27330,10
12.9345598221,80.2352294922,27330,27340,10
12.9350099564,80.2354431152,27340,27350,10
12.9351301193,80.2354736328,27350,27360,10
12.9351997375,80.2353286743,27360,27370,10
12.9352903366,80.2350769043,27370,27380,10
12.9355201721,80.2344970703,27380,27390,10
12.9357795715,80.2339096069,27390,27421,31
12.9357795715,80.2339096069,27421,27431,10
12.9359397888,80.2337188721,27431,27441,10
12.9363603592,80.2339477539,27441,27451,10
12.9370498657,80.2342910767,27451,27461,10
12.9377603531,80.2346420288,27461,27471,10
12.9388599396,80.2351989746,27471,27481,10
12.9396400452,80.2355804443,27481,27491,10
12.9406604767,80.2359695435,27491,27502,11
12.9419202805,80.2362823486,27502,27512,10
12.9430704117,80.2367706299,27512,27522,10
12.9439697266,80.2376403809,27522,27532,10
12.9448204041,80.2385482788,27532,27542,10
12.9457101822,80.2393188477,27542,27552,10
12.9466896057,80.2397384644,27552,27562,10
12.9475402832,80.2400970459,27562,27572,10
12.9481296539,80.2403411865,27572,27582,10
12.9484596252,80.2404785156,27582,27592,10
12.948849678,80.2405929565,27592,27609,17
12.9497499466,80.2409362793,27609,27621,12
12.9505901337,80.2411880493,27621,27631,10
12.9509000778,80.2413101196,27631,27641,10
12.9510698318,80.2413635254,27641,27651,10
12.9512701035,80.2414398193,27651,27661,10
12.9517297745,80.2415771484,27661,27671,10
12.9525098801,80.2418823242,27671,27681,10
12.95333004,80.2421875,27681,27691,10
12.9541101456,80.242477417,27691,27700,9
12.9546699524,80.2426986694,27700,27711,11
12.9553604126,80.2429733276,27711,27722,11
12.9561300278,80.2432022095,27722,27732,10
12.956410408,80.2433166504,27732,27742,10
12.9565496445,80.2433319092,27742,27752,10
12.9570302963,80.2435684204,27752,27762,10
12.9578199387,80.2439193726,27762,27772,10
12.9586496353,80.2443084717,27772,27782,10
12.9594602585,80.2446594238,27782,27802,20
12.9594602585,80.2446594238,27802,27812,10
12.9596996307,80.244720459,27812,27823,11
12.9603395462,80.245010376,27823,27833,10
12.9612197876,80.2454299927,27833,27843,10
12.9621601105,80.2458877563,27843,27853,10
12.9629802704,80.246307373,27853,27863,10
12.9632902145,80.2465209961,27863,27903,40
12.9632902145,80.2465209961,27903,27913,10
12.9635400772,80.2466430664,27913,27923,10
12.9639196396,80.2468109131,27923,27934,11
12.9644804001,80.2470016479,27934,27944,10
12.9652004242,80.247253418,27944,27954,10
12.9660196304,80.2474975586,27954,27964,10
12.9665298462,80.2477416992,27964,27973,9
12.9665803909,80.2477722168,27973,27984,11
12.9666900635,80.2478027344,27984,27994,10
12.9668197632,80.2479171753,27994,28004,10
12.9671096802,80.2481002808,28004,28014,10
12.9676904678,80.2483596802,28014,28024,10
12.9685602188,80.2486877441,28024,28035,11
12.9698696136,80.2491989136,28035,28045,10
12.9711399078,80.249671936,28045,28055,10
12.9724397659,80.2500228882,28055,28065,10
12.9735603333,80.2503204346,28065,28075,10
12.9746599197,80.250617981,28075,28085,10
12.9757699966,80.2509536743,28085,28095,10
12.9769897461,80.2512969971,28095,28105,10
12.9779996872,80.2519378662,28105,28115,10
12.9788999557,80.252532959,28115,28125,10
12.9797496796,80.2526168823,28125,28156,31
12.9797496796,80.2526168823,28156,28166,10
12.9798898697,80.2526931763,28166,28176,10
12.980389595,80.2526931763,28176,28186,10
12.9812402725,80.2526626587,28186,28196,10
12.9822702408,80.2526321411,28196,28206,10
12.9833898544,80.252532959,28206,28216,10
12.9844703674,80.2522506714,28216,28226,10
12.9854602814,80.2519607544,28226,28236,10
12.9862003326,80.2517700195,28236,28246,10
12.9867696762,80.2516098022,28246,28257,11
12.9873895645,80.251411438,28257,28267,10
12.9877300262,80.2513198853,28267,28277,10
12.9879703522,80.2515029907,28277,28287,10
12.9880104065,80.2518692017,28287,28297,10
12.9880104065,80.2525863647,28297,28313,16
12.9878501892,80.2541503906,28313,28325,12
12.9877595901,80.2551574707,28325,28333,8
12.9877300262,80.2556762695,28333,28345,12
12.9881401062,80.2558517456,28345,28355,10
12.9889001846,80.2559204102,28355,28364,9
12.9895896912,80.2559661865,28364,28376,12
12.9904003143,80.2559814453,28376,28386,10
12.9905996323,80.2559585571,28386,28396,10
12.9909896851,80.2559585571,28396,28406,10
12.9915599823,80.2559967041,28406,28416,10
12.9925899506,80.2559967041,28416,28426,10
12.9935903549,80.2559585571,28426,28435,9
12.9943399429,80.2559280396,28435,28446,11
12.9952898026,80.2558898926,28446,28455,9
12.9963998795,80.2558822632,28455,28477,22
12.9963998795,80.2558822632,28477,28487,10
12.9966201782,80.255859375,28487,28497,10
12.9970197678,80.255859375,28497,28507,10
12.9974498749,80.2558670044,28507,28517,10
12.9981002808,80.2558898926,28517,28527,10
12.9991998672,80.256072998,28527,28578,51
12.9991998672,80.256072998,28578,28588,10
12.9995498657,80.2561569214,28588,28598,10
13.0000400543,80.2562637329,28598,28608,10
13.00096035,80.2564315796,28608,28638,30
13.00096035,80.2564315796,28638,28648,10
13.0012302399,80.2564620972,28648,28658,10
13.0016498566,80.2565383911,28658,28668,10
13.0021800995,80.2566223145,28668,28678,10
13.0028400421,80.2567367554,28678,28689,11
13.0036401749,80.2568969727,28689,28699,10
13.0044403076,80.2570571899,28699,28715,16
13.0058298111,80.2573318481,28715,28727,12
13.0062904358,80.2574234009,28727,28737,10
13.0064096451,80.2574462891,28737,28747,10
13.0068101883,80.2576293945,28747,28757,10
13.0070695877,80.2581481934,28757,28767,10
13.0077199936,80.2586975098,28767,28777,10
13.0084495544,80.2589569092,28777,28787,10
13.009059906,80.2590637207,28787,28798,11
13.010020256,80.2590637207,28798,28807,9
13.0109901428,80.2590637207,28807,28818,11
13.0123500824,80.2590789795,28818,28828,10
13.013710022,80.2591400146,28828,28838,10
13.0150098801,80.2592010498,28838,28848,10
13.0161104202,80.2594909668,28848,28858,10
13.01679039,80.2599868774,28858,28868,10
13.0175800323,80.2604980469,28868,28878,10
13.0183000565,80.2609634399,28878,28888,10
13.0188999176,80.2614517212,28888,28898,10
13.0194396973,80.2618865967,28898,28909,11
13.0198698044,80.2623519897,28909,28919,10
13.0203399658,80.2627792358,28919,28929,10
13.020190239,80.2629928589,28929,28939,10
13.0198097229,80.2629623413,28939,28949,10
13.0192403793,80.2629470825,28949,28959,10
13.0190601349,80.2632293701,28959,28969,10
13.0191698074,80.2639923096,28969,28979,10
13.0190200806,80.2648925781,28979,28989,10
13.0188503265,80.2654418945,28989,28999,10
13.0187101364,80.2660217285,28999,29010,11
13.0188102722,80.2669830322,29010,29020,10
13.0192804337,80.267791748,29020,29029,9
13.0197896957,80.2684326172,29029,29040,11
13.0203895569,80.2691879272,29040,29050,10
13.020939827,80.2697982788,29050,29060,10
13.0212602615,80.2702331543,29060,29070,10
13.0218801498,80.2709732056,29070,29080,10
13.0225200653,80.2717895508,29080,29090,10
13.0231895447,80.2726669312,29090,29100,10
13.0236597061,80.2733230591,29100,29110,10
13.0237998962,80.2735290527,29110,29121,11
13.0238399506,80.2735595703,29121,29131,10
13.0240497589,80.2738571167,29131,29141,10
13.0243797302,80.2743377686,29141,29151,10
13.024939537,80.2747268677,29151,29161,10
13.0256204605,80.2750091553,29161,29171,10
13.0261802673,80.2752609253,29171,29181,10
13.0267496109,80.2755279541,29181,29191,10
13.0273704529,80.2758407593,29191,29201,10
13.0280599594,80.2761535645,29201,29211,10
13.0287103653,80.2763900757,29211,29221,10
13.0294599533,80.2766418457,29221,29232,11
13.0303201675,80.2769012451,29232,29242,10
13.0309696198,80.2772674561,29242,29252,10
13.0316400528,80.2775421143,29252,29262,10
13.0320796967,80.2775421143,29262,29272,10
13.0326404572,80.2774810791,29272,29282,10
13.0333003998,80.2774200439,29282,29322,40
13.0333003998,80.2774200439,29322,29333,11
13.0334300995,80.2774200439,29333,29343,10
13.0335702896,80.2770690918,29343,29353,10
13.033659935,80.2763519287,29353,29413,60
13.033659935,80.2763519287,29413,29423,10
13.033949852,80.2764663696,29423,29492,69
13.0338897705,80.2764434814,29492,29623,131
13.0338897705,80.2764434814,29623,29633,10
13.033829689,80.2763824463,29633,29653,20
13.033829689,80.2763824463,29653,29664,11
13.0336399078,80.2764587402,29664,29674,10
13.0334596634,80.2772598267,29674,29694,20
13.0333995819,80.2773666382,29694,29754,60
13.0333995819,80.2773666382,29754,29764,10
13.0339698792,80.2774581909,29764,29775,11
13.034740448,80.277633667,29775,29785,10
13.0353403091,80.2776870728,29785,29795,10
13.0357704163,80.2778015137,29795,29805,10
13.036359787,80.2779006958,29805,29815,10
13.0369195938,80.2781219482,29815,29825,10
13.0374298096,80.2783126831,29825,29835,10
13.0379695892,80.2784423828,29835,29845,10
13.0388698578,80.2786636353,29845,29865,20
13.0388698578,80.2786636353,29865,29876,11
13.0389995575,80.2787399292,29876,29886,10
13.0393104553,80.2788314819,29886,29896,10
13.0399303436,80.2789993286,29896,29906,10
13.0408000946,80.2792282104,29906,29916,10
13.0419101715,80.2794189453,29916,29926,10
13.0430803299,80.279548645,29926,29946,20
13.0430803299,80.279548645,29946,29956,10
13.0431900024,80.2795410156,29956,29966,10
13.0436897278,80.2797012329,29966,29976,10
13.0444202423,80.2798690796,29976,29987,11
13.0457696915,80.2800598145,29987,30017,30
13.0457696915,80.2800598145,30017,30027,10
13.0460300446,80.2801132202,30027,30043,16
13.0471096039,80.2802581787,30043,30055,12
13.0482597351,80.280418396,30055,30065,10
13.0493202209,80.2805786133,30065,30075,10
13.0506601334,80.2807922363,30075,30095,20
13.0506601334,80.2807922363,30095,30105,10
13.0507097244,80.2807922363,30105,30116,11
13.0512304306,80.2808685303,30116,30126,10
13.052069664,80.28099823,30126,30136,10
13.0530004501,80.2811508179,30136,30146,10
13.0540704727,80.2813186646,30146,30156,10
13.055270195,80.2815628052,30156,30166,10
13.0564804077,80.2817611694,30166,30186,20
13.0564804077,80.2817611694,30186,30196,10
13.0566596985,80.2818222046,30196,30207,11
13.0573301315,80.2819519043,30207,30227,20
13.0573301315,80.2819519043,30227,30237,10
13.0573997498,80.2819824219,30237,30247,10
13.0579004288,80.282081604,30247,30257,10
13.0587501526,80.2822570801,30257,30267,10
13.059800148,80.2824783325,30267,30277,10
13.061050415,80.2827224731,30277,30287,10
13.0623502731,80.2830276489,30287,30297,10
13.0631999969,80.2831802368,30297,30308,11
13.0632801056,80.2832183838,30308,30318,10
13.0638198853,80.2833709717,30318,30328,10
13.064620018,80.2835388184,30328,30338,10
13.0657196045,80.283782959,30338,30348,10
13.0669403076,80.2840423584,30348,30358,10
13.0678300858,80.2842178345,30358,30368,10
13.0689001083,80.2844314575,30368,30378,10
13.0700302124,80.2846984863,30378,30388,10
13.0713396072,80.2850189209,30388,30398,10
13.0727300644,80.2852935791,30398,30408,10
13.0738897324,80.2854385376,30408,30419,11
13.074139595,80.2857513428,30419,30429,10
13.0745801926,80.2862091064,30429,30439,10
13.0753898621,80.2867202759,30439,30449,10
13.076499939,80.2871398926,30449,30459,10
13.077750206,80.287437439,30459,30469,10
13.0789604187,80.2877731323,30469,30479,10
13.0800104141,80.2880477905,30479,30499,20
13.0800104141,80.2880477905,30499,30509,10
13.0803203583,80.2881164551,30509,30519,10
13.0810098648,80.2883300781,30519,30530,11
13.0820503235,80.2886810303,30530,30540,10
13.0830001831,80.2891082764,30540,30550,10
13.0839004517,80.2891387939,30550,30560,10
13.0849199295,80.289100647,30560,30570,10
13.0858697891,80.2892837524,30570,30580,10
13.0868997574,80.2895278931,30580,30590,10
13.087679863,80.2898178101,30590,30600,10
13.0884103775,80.2901229858,30600,30610,10
13.0888299942,80.2901382446,30610,30620,10
13.0888395309,80.2901382446,30620,30630,10
13.0886898041,80.2904510498,30630,30641,11
13.0880403519,80.2901306152,30641,30651,10
13.0871200562,80.2897872925,30651,30661,10
13.086139679,80.2895126343,30661,30671,10
13.0856103897,80.2891387939,30671,30681,10
13.0852098465,80.2883987427,30681,30690,9
13.085100174,80.2873764038,30690,30701,11
13.0852298737,80.2860412598,30701,30711,10
13.0853595734,80.2848510742,30711,30721,10
13.0852899551,80.2843170166,30721,30731,10
13.0853099823,80.284072876,30731,30742,11
13.0854501724,80.2836990356,30742,30752,10
13.0856399536,80.2835388184,30752,30762,10
13.0860004425,80.2835617065,30762,30772,10
13.086350441,80.2836532593,30772,30782,10
13.0867004395,80.2838821411,30782,30842,60
13.0867004395,80.2838821411,30842,30853,11
13.0871696472,80.2839813232,30853,30863,10
13.0875501633,80.2839813232,30863,30873,10
13.0879297256,80.2839736938,30873,30943,70
13.0881204605,80.2837982178,30943,31488,545
13.0880498886,80.2835922241,31488,31801,313
13.088060379,80.283782959,31801,32245,444
13.088060379,80.283782959,32245,32255,10
13.0881700516,80.2835464478,32255,32266,11
13.0881795883,80.2835388184,32266,32276,10
13.0882997513,80.2833099365,32276,32286,10
13.0883102417,80.2828674316,32286,32296,10
13.0882997513,80.2823562622,32296,32306,10
13.0881996155,80.2818832397,32306,32316,10
13.0880804062,80.2814865112,32316,32326,10
13.0883398056,80.2814788818,32326,32336,10
13.0886201859,80.2817382813,32336,32346,10
13.0885400772,80.2822036743,32346,32356,10
13.0885000229,80.282371521,32356,32367,11
13.0884895325,80.2824020386,32367,32377,10
13.0884599686,80.2825775146,32377,32387,10
13.0884103775,80.2830276489,32387,32397,10
13.0883903503,80.2836227417,32397,32407,10
13.0884103775,80.2844467163,32407,32417,10
13.0884504318,80.2850799561,32417,32498,81
13.0884504318,80.2850799561,32498,32508,10
13.088470459,80.2852172852,32508,32518,10
13.0885095596,80.2856826782,32518,32528,10
13.0885400772,80.286239624,32528,32538,10
13.0885601044,80.2865829468,32538,32548,10
13.0885696411,80.2869720459,32548,32558,10
13.0886297226,80.2874603271,32558,32568,10
13.0886602402,80.2876434326,32568,32578,10
13.0886802673,80.2880783081,32578,32588,10
13.0887298584,80.2885513306,32588,32599,11
13.0887498856,80.2888031006,32599,32609,10
13.0887699127,80.2893295288,32609,32625,16
13.0887298584,80.2895202637,32625,32637,12
13.088760376,80.2899475098,32637,32645,8
13.0888004303,80.2902374268,32645,32678,33
13.0888004303,80.2902374268,32678,32688,10
13.0887298584,80.2904891968,32688,32699,11
13.0885601044,80.2904968262,32699,32709,10
13.0881004333,80.2901611328,32709,32719,10
13.0874004364,80.2898025513,32719,32730,11
13.0865297318,80.2894821167,32730,32740,10
13.0853700638,80.2891235352,32740,32750,10
13.0843601227,80.289100647,32750,32760,10
13.0833997726,80.2891921997,32760,32770,10
13.0820703506,80.2888183594,32770,32790,20
13.0820703506,80.2888183594,32790,32800,10
13.0820102692,80.2888031006,32800,32811,11
13.0816202164,80.2886505127,32811,32821,10
13.0810499191,80.2884521484,32821,32831,10
13.0804004669,80.2882537842,32831,32841,10
13.080039978,80.2882003784,32841,32851,10
13.079870224,80.2881698608,32851,32861,10
13.0793304443,80.2880630493,32861,32871,10
13.0785703659,80.2877120972,32871,32881,10
13.0775995255,80.2874679565,32881,32891,10
13.0764303207,80.2871932983,32891,32901,10
13.0752496719,80.2867431641,32901,32911,10
13.0741195679,80.2861404419,32911,32932,21
13.0741195679,80.2861404419,32932,32942,10
13.073849678,80.2861099243,32942,32952,10
13.0732498169,80.2859191895,32952,32962,10
13.0725097656,80.2854995728,32962,32972,10
13.0715398788,80.2851867676,32972,32982,10
13.0703601837,80.2848968506,32982,32992,10
13.0691204071,80.2846069336,32992,33002,10
13.0679702759,80.284362793,33002,33012,10
13.0669698715,80.2841873169,33012,33023,11
13.0656700134,80.2838973999,33023,33033,10
13.0645103455,80.2836380005,33033,33042,9
13.0636796951,80.2834320068,33042,33053,11
13.0627298355,80.283203125,33053,33073,20
13.0627298355,80.283203125,33073,33083,10
13.0626802444,80.2832489014,33083,33093,10
13.0622797012,80.2830963135,33093,33103,10
13.0616102219,80.2829437256,33103,33113,10
13.0607004166,80.2827529907,33113,33123,10
13.0596904755,80.2825393677,33123,33134,11
13.0584096909,80.2822799683,33134,33144,10
13.0576496124,80.2821121216,33144,33154,10
13.0576000214,80.2820968628,33154,33164,10
13.0575199127,80.2820968628,33164,33174,10
13.0570802689,80.2819900513,33174,33184,10
13.05671978,80.2819213867,33184,33194,10
13.0566196442,80.2818984985,33194,33204,10
13.0561199188,80.281791687,33204,33214,10
13.0553302765,80.2816314697,33214,33224,10
13.0543603897,80.2814407349,33224,33234,10
13.0532903671,80.28125,33234,33245,11
13.0521697998,80.2810821533,33245,33255,10
13.0514202118,80.2809677124,33255,33265,10
13.0508298874,80.2808990479,33265,33275,10
13.050239563,80.2807998657,33275,33285,10
13.0495796204,80.2807006836,33285,33295,10
13.0487098694,80.2805709839,33295,33305,10
13.0477199554,80.2804336548,33305,33315,10
13.0469303131,80.2803115845,33315,33325,10
13.0461797714,80.2802200317,33325,33335,10
13.0457000732,80.2801589966,33335,33346,11
13.0455904007,80.2801437378,33346,33356,10
13.0451202393,80.2800827026,33356,33366,10
13.0444698334,80.2799835205,33366,33376,10
13.043589592,80.2798461914,33376,33386,10
13.0427999496,80.2796707153,33386,33396,10
13.0417995453,80.2794876099,33396,33406,10
13.0407304764,80.2792816162,33406,33416,10
13.0397796631,80.2790222168,33416,33426,10
13.0389995575,80.2788314819,33426,33446,20
13.0389995575,80.2788314819,33446,33457,11
13.0388097763,80.2787475586,33457,33467,10
13.0382995605,80.2785797119,33467,33476,9
13.0376796722,80.2783813477,33476,33487,11
13.0374403,80.2783203125,33487,33497,10
13.0370597839,80.2782211304,33497,33507,10
13.0364704132,80.2779769897,33507,33517,10
13.0356798172,80.2777633667,33517,33527,10
13.0348901749,80.2776412964,33527,33537,10
13.0341796875,80.2774581909,33537,33546,9
13.0336704254,80.277381897,33546,33568,22
13.0336704254,80.277381897,33568,33578,10
13.0333900452,80.2774200439,33578,33588,10
13.032959938,80.2775115967,33588,33598,10
13.0324401855,80.2774963379,33598,33608,10
13.0318899155,80.2775802612,33608,33618,10
13.0310297012,80.2772521973,33618,33638,20
13.0310297012,80.2772521973,33638,33648,10
13.0310297012,80.2772369385,33648,33658,10
13.0306797028,80.2770614624,33658,33668,10
13.0301504135,80.2768173218,33668,33679,11
13.0294504166,80.2766418457,33679,33689,10
13.0288000107,80.2764205933,33689,33699,10
13.0283498764,80.2762374878,33699,33709,10
13.0275402069,80.2759094238,33709,33719,10
13.0267496109,80.2755126953,33719,33729,10
13.0261297226,80.2752685547,33729,33759,30
13.0261297226,80.2752685547,33759,33769,10
13.025850296,80.2751235962,33769,33779,10
13.0254802704,80.2749710083,33779,33790,11
13.0249099731,80.2746963501,33790,33800,10
13.0242996216,80.2742004395,33800,33810,10
13.023850441,80.2736206055,33810,33820,10
13.0233602524,80.2729873657,33820,33830,10
13.0227804184,80.2722396851,33830,33840,10
13.0221595764,80.2714309692,33840,33850,10
13.0215597153,80.2706604004,33850,33860,10
13.0208997726,80.2698669434,33860,33890,30
13.0208997726,80.2698669434,33890,33901,11
13.0207300186,80.2696533203,33901,33911,10
13.0203800201,80.2692337036,33911,33921,10
13.0198497772,80.2685394287,33921,33931,10
13.0193004608,80.2678604126,33931,33941,10
13.0187397003,80.2669372559,33941,33951,10
13.0186395645,80.2660369873,33951,33961,10
13.0187597275,80.2654190063,33961,33970,9
13.0189599991,80.2646789551,33970,33981,11
13.0190200806,80.2638015747,33981,33991,10
13.018989563,80.2635269165,33991,34002,11
13.0189800262,80.263381958,34002,34012,10
13.0189504623,80.2631912231,34012,34022,10
13.0189399719,80.2630615234,34022,34032,10
13.0189504623,80.2629165649,34032,34042,10
13.0188903809,80.2624816895,34042,34052,10
13.0187597275,80.2617111206,34052,34062,10
13.018409729,80.2611236572,34062,34072,10
13.0177202225,80.2606582642,34072,34082,10
13.0170297623,80.2601928711,34082,34092,10
13.0163202286,80.2597808838,34092,34102,10
13.016169548,80.2597198486,34102,34113,11
13.0161600113,80.2596969604,34113,34123,10
13.0158500671,80.259552002,34123,34133,10
13.0144796371,80.2592926025,34133,34143,10
13.0144796371,80.2592926025,34143,34153,10
13.0135698318,80.259262085,34153,34163,10
13.0124597549,80.2592163086,34163,34173,10
13.0114097595,80.2591781616,34173,34183,10
13.0104598999,80.2592086792,34183,34193,10
13.0096101761,80.2592086792,34193,34203,10
13.0091600418,80.2592086792,34203,34214,11
13.0089101791,80.2592086792,34214,34225,11
13.0087299347,80.2592010498,34225,34235,10
13.0082798004,80.2591781616,34235,34245,10
13.0077600479,80.2593002319,34245,34254,9
13.0071802139,80.2586517334,34254,34275,21
13.0071802139,80.2586517334,34275,34285,10
13.0071802139,80.2585983276,34285,34295,10
13.007060051,80.2584075928,34295,34305,10
13.0068397522,80.2579727173,34305,34315,10
13.0062999725,80.2575836182,34315,34325,10
13.0054101944,80.2573394775,34325,34336,11
13.0045099258,80.2571182251,34336,34345,9
13.0035800934,80.2569503784,34345,34356,11
13.0025501251,80.2567367554,34356,34365,9
13.0015697479,80.2565765381,34365,34376,11
13.0003499985,80.2564086914,34376,34386,10
12.9997196198,80.2563018799,34386,34396,10
12.9991502762,80.256187439,34396,34406,10
12.9985599518,80.2561035156,34406,34437,31
12.9985599518,80.2561035156,34437,34447,10
12.998290062,80.2560195923,34447,34457,10
12.9981098175,80.2559814453,34457,34467,10
12.997759819,80.2559432983,34467,34477,10
12.997300148,80.2559204102,34477,34487,10
12.9970197678,80.2559204102,34487,34497,10
12.9968099594,80.2558898926,34497,34507,10
12.9966001511,80.2558670044,34507,34517,10
12.9963903427,80.2558898926,34517,34527,10
12.9961595535,80.2558898926,34527,34537,10
12.9957799911,80.2559204102,34537,34548,11
12.9953203201,80.2559432983,34548,34558,10
12.9948196411,80.2559585571,34558,34568,10
12.9944400787,80.2559814453,34568,34578,10
12.9939804077,80.2560195923,34578,34588,10
12.993180275,80.2560501099,34588,34598,10
12.9922800064,80.2560806274,34598,34608,10
12.9916496277,80.2560806274,34608,34618,10
12.9912099838,80.2560424805,34618,34628,10
12.990819931,80.2560272217,34628,34638,10
12.9904403687,80.2560119629,34638,34648,10
12.9902000427,80.2560272217,34648,34729,81
12.9902000427,80.2560272217,34729,34739,10
12.9898996353,80.2561416626,34739,34749,10
12.9897298813,80.256111145,34749,34759,10
12.9892396927,80.2560577393,34759,34770,11
12.9885396957,80.2559585571,34770,34780,10
12.9879398346,80.255859375,34780,34921,141
12.9879398346,80.255859375,34921,34931,10
12.987830162,80.2558288574,34931,34941,10
12.987660408,80.2557907104,34941,34951,10
12.9874000549,80.2557296753,34951,34961,10
12.9867801666,80.2556304932,34961,34971,10
12.9863996506,80.255569458,34971,34982,11
12.9862499237,80.2555465698,34982,34992,10
12.986240387,80.2555465698,34992,35002,10
12.9860496521,80.2555236816,35002,35012,10
12.9857196808,80.2554473877,35012,35022,10
12.9852399826,80.2553405762,35022,35032,10
12.9850502014,80.2553100586,35032,35042,10
12.9848604202,80.2552566528,35042,35052,10
12.9846401215,80.2551574707,35052,35072,20
12.9846401215,80.2551574707,35072,35082,10
12.9841995239,80.2550506592,35082,35123,41
12.9841995239,80.2550506592,35123,35133,10
12.9839000702,80.2549819946,35133,35143,10
12.9838600159,80.2549667358,35143,35153,10
12.9837198257,80.2549514771,35153,35163,10
12.9836902618,80.2549362183,35163,35173,10
12.9833898544,80.2548294067,35173,35183,10
12.9830799103,80.2547607422,35183,35193,10
12.9826402664,80.2546234131,35193,35204,11
12.9823102951,80.2544708252,35204,35214,10
12.9821395874,80.2542495728,35214,35224,10
12.9819402695,80.2537765503,35224,35234,10
12.9818000793,80.2531814575,35234,35244,10
12.9813098907,80.2527694702,35244,35254,10
12.9805002213,80.2527770996,35254,35263,9
12.9799804688,80.2527618408,35263,35273,10
12.9797496796,80.2527389526,35273,35284,11
12.9791698456,80.2526931763,35284,35294,10
12.9788599014,80.2526626587,35294,35304,10
12.978770256,80.2526397705,35304,35315,11
12.9787302017,80.2525787354,35315,35325,10
12.9783601761,80.2524032593,35325,35335,10
12.9778404236,80.2519836426,35335,35345,10
12.9777002335,80.2518615723,35345,35355,10
12.9773397446,80.2515716553,35355,35365,10
12.976650238,80.2512664795,35365,35375,10
12.9757299423,80.2509994507,35375,35385,10
12.9746599197,80.2506790161,35385,35395,10
12.9734401703,80.2503509521,35395,35405,10
12.9721403122,80.2500076294,35405,35415,10
12.9707899094,80.2496414185,35415,35426,11
12.9693403244,80.2490921021,35426,35436,10
12.9680995941,80.2486190796,35436,35446,10
12.967040062,80.2481613159,35446,35456,10
12.9665899277,80.2479400635,35456,35466,10
12.965959549,80.2476806641,35466,35476,10
12.9652795792,80.2474594116,35476,35486,10
12.9652099609,80.2474365234,35486,35496,10
12.9651498795,80.2473907471,35496,35506,10
12.9647397995,80.2472381592,35506,35516,10
12.9641704559,80.2470169067,35516,35527,11
12.9639997482,80.246963501,35527,35537,10
12.9637699127,80.2468719482,35537,35547,10
12.963259697,80.2466430664,35547,35557,10
12.9625301361,80.2462921143,35557,35567,10
12.9617795944,80.2459106445,35567,35577,10
12.9610300064,80.2455673218,35577,35587,10
12.9603900909,80.2452774048,35587,35597,10
12.9598903656,80.2450714111,35597,35607,10
12.95952034,80.2449035645,35607,35627,20
12.95952034,80.2449035645,35627,35638,11
12.9593400955,80.2448425293,35638,35648,10
12.958820343,80.2445526123,35648,35658,10
12.9580802917,80.2442703247,35658,35668,10
12.9574604034,80.2440109253,35668,35678,10
12.9569101334,80.2438583374,35678,35688,10
12.9565896988,80.2437896729,35688,35698,10
12.9565000534,80.2437591553,35698,35708,10
12.9563798904,80.2437133789,35708,35718,10
12.9559698105,80.2434768677,35718,35728,10
12.9552602768,80.2430877686,35728,35738,10
12.9544095993,80.2427062988,35738,35749,11
12.9535799026,80.2423782349,35749,35759,10
12.9526500702,80.2419967651,35759,35769,10
12.9519796371,80.2417602539,35769,35785,16
12.9517498016,80.2416915894,35785,35797,12
12.9515399933,80.2415924072,35797,35807,10
12.9509897232,80.2414016724,35807,35827,20
12.9509897232,80.2414016724,35827,35837,10
12.9507703781,80.241317749,35837,35846,9
12.9504003525,80.2412490845,35846,35858,12
12.9496603012,80.2410430908,35858,35868,10
12.9491100311,80.2408599854,35868,35878,10
12.9486703873,80.2406768799,35878,35888,10
12.9483804703,80.240562439,35888,35898,10
12.9479999542,80.2404022217,35898,35908,10
12.9478302002,80.2403335571,35908,35918,10
12.9474802017,80.2401733398,35918,35928,10
12.9474000931,80.2401275635,35928,35938,10
12.9473104477,80.2400588989,35938,35948,10
12.9468603134,80.2398834229,35948,35958,10
12.9461603165,80.2396011353,35958,35969,11
12.9454603195,80.2392883301,35969,35979,10
12.9449100494,80.2388076782,35979,35989,10
12.9442100525,80.2380981445,35989,35999,10
12.9435901642,80.2374572754,35999,36009,10
12.9430704117,80.236907959,36009,36019,10
12.9422197342,80.2364730835,36019,36029,10
12.9411802292,80.2361907959,36029,36039,10
12.9398403168,80.2358016968,36039,36059,20
12.9398403168,80.2358016968,36059,36069,10
12.9396600723,80.2357177734,36069,36080,11
12.9390497208,80.2354507446,36080,36090,10
12.9382095337,80.2350311279,36090,36100,10
12.9374504089,80.2346496582,36100,36110,10
12.936920166,80.2344818115,36110,36120,10
12.9363603592,80.2342071533,36120,36136,16
12.9357595444,80.2339630127,36136,36148,12
12.9356899261,80.2340774536,36148,36158,10
12.9355096817,80.2344970703,36158,36168,10
12.9352197647,80.2352600098,36168,36178,10
12.9350700378,80.2354431152,36178,36189,11
12.9347696304,80.2353515625,36189,36199,10
12.9342803955,80.2351608276,36199,36209,10
12.9339704514,80.2350387573,36209,36218,9
12.9338302612,80.2352981567,36218,36229,11
12.9336595535,80.2358398438,36229,36239,10
12.9332199097,80.2361297607,36239,36259,20
12.9332199097,80.2361297607,36259,36269,10
12.9330196381,80.2361068726,36269,36279,10
12.9329900742,80.2362213135,36279,36289,10
12.9329099655,80.236618042,36289,36300,11
12.9327402115,80.2372207642,36300,36310,10
12.9326000214,80.2375564575,36310,36320,10
12.9323101044,80.2382202148,36320,36330,10
12.9321804047,80.2385177612,36330,36340,10
12.9320201874,80.2387008667,36340,36350,10
12.9312496185,80.2385406494,36350,36370,20
12.9312496185,80.2385406494,36370,36380,10
12.9311304092,80.2384719849,36380,36390,10
12.9306602478,80.2383117676,36390,36401,11
12.9298496246,80.2379989624,36401,36411,10
12.9295597076,80.2381286621,36411,36421,10
12.9294595718,80.2384796143,36421,36431,10
12.9293203354,80.2389297485,36431,36441,10
12.9291400909,80.2389984131,36441,36451,10
12.9287595749,80.2389068604,36451,36461,10
12.9282503128,80.2388000488,36461,36471,10
12.9282398224,80.2387924194,36471,36481,10
12.9281702042,80.2387695313,36481,36491,10
12.9278001785,80.2386703491,36491,36501,10
12.9271001816,80.2384872437,36501,36512,11
12.9261302948,80.2382507324,36512,36522,10
12.9255199432,80.2380905151,36522,36532,10
12.9250402451,80.237953186,36532,36542,10
12.9250001907,80.238243103,36542,36552,10
12.9252996445,80.2383499146,36552,36845,293
12.9252996445,80.2383499146,36845,36855,10
12.9256401062,80.2383499146,36855,36865,10
12.9258003235,80.2382507324,36865,36875,10
12.9258804321,80.2381973267,36875,36885,10
12.9261302948,80.2382202148,36885,36895,10
12.9266195297,80.2383804321,36895,36905,10
12.927280426,80.23853302,36905,36915,10
12.9278402328,80.2386779785,36915,36925,10
12.9281702042,80.2387619019,36925,36935,10
12.9281797409,80.2387619019,36935,36946,11
12.9285898209,80.238861084,36946,36956,10
12.9287595749,80.2389068604,36956,36966,10
12.9292001724,80.2390365601,36966,36976,10
12.9294099808,80.2388534546,36976,36986,10
12.9295597076,80.2383270264,36986,36996,10
12.9296398163,80.237991333,36996,37006,10
12.929980278,80.2380218506,37006,37016,10
12.9311800003,80.2384567261,37016,37036,20
12.9311800003,80.2384567261,37036,37046,10
12.9313602448,80.2385482788,37046,37057,11
12.9318199158,80.2387084961,37057,37067,10
12.9322004318,80.2386169434,37067,37077,10
12.9322900772,80.2383804321,37077,37087,10
12.9324703217,80.2378921509,37087,37097,10
12.9327001572,80.2372817993,37097,37107,10
12.932800293,80.2370376587,37107,37117,10
12.9329395294,80.2365264893,37117,37127,10
12.933259964,80.2361297607,37127,37147,20
12.933259964,80.2361297607,37147,37157,10
12.9335098267,80.2361907959,37157,37168,11
12.9336795807,80.2356567383,37168,37178,10
12.9338598251,80.2350463867,37178,37188,10
12.9341497421,80.2350692749,37188,37198,10
12.9344997406,80.2352294922,37198,37208,10
12.9349603653,80.2354431152,37208,37218,10
12.9351396561,80.2354125977,37218,37228,10
12.9352197647,80.2351608276,37228,37238,10
12.9354600906,80.2345962524,37238,37248,10
12.9357404709,80.2339172363,37248,37268,20
12.9357404709,80.2339172363,37268,37279,11
12.9359798431,80.2337799072,37279,37289,10
12.9364595413,80.2340011597,37289,37299,10
12.9372501373,80.2343902588,37299,37308,9
12.9381198883,80.2348175049,37308,37319,11
12.9397001266,80.2355880737,37319,37338,19
12.9397001266,80.2355880737,37338,37348,10
12.9399995804,80.2357025146,37348,37359,11
12.9407901764,80.2359619141,37359,37369,10
12.9417104721,80.2361984253,37369,37379,10
12.9428596497,80.2365875244,37379,37390,11
12.9438800812,80.2375030518,37390,37400,10
12.9447698593,80.2385101318,37400,37410,10
12.9457302094,80.2393417358,37410,37420,10
12.9467401505,80.2397384644,37420,37430,10
12.9472198486,80.2399368286,37430,37440,10
12.9472503662,80.2399368286,37440,37450,10
12.9472999573,80.2399520874,37450,37460,10
12.9476804733,80.2401199341,37460,37470,10
12.9486103058,80.2404937744,37470,37491,21
12.9486103058,80.2404937744,37491,37501,10
12.9489898682,80.2406082153,37501,37511,10
12.9494800568,80.2408218384,37511,37521,10
12.9500999451,80.2410125732,37521,37531,10
12.9507799149,80.2412109375,37531,37540,9
12.950920105,80.2412796021,37540,37551,11
12.9509801865,80.2413330078,37551,37561,10
12.9513597488,80.2414779663,37561,37571,10
12.9519996643,80.2416763306,37571,37581,10
12.9526500702,80.2419281006,37581,37591,10
12.9533596039,80.2421875,37591,37602,11
12.9538698196,80.2423706055,37602,37612,10
12.9542798996,80.2425384521,37612,37622,10
12.9548196793,80.2427597046,37622,37632,10
12.9553499222,80.2429428101,37632,37642,10
12.9559297562,80.2431716919,37642,37652,10
12.9564695358,80.2433700562,37652,37662,10
12.9566698074,80.2434387207,37662,37672,10
12.9571800232,80.2436828613,37672,37682,10
12.9579801559,80.2440414429,37682,37692,10
12.9587402344,80.2443466187,37692,37702,10
12.9589195251,80.2444381714,37702,37713,11
12.9591302872,80.2445526123,37713,37723,10
12.9591999054,80.2445831299,37723,37733,10
12.9603204727,80.2451171875,37733,37743,10
12.9603204727,80.2451171875,37743,37753,10
12.9612398148,80.2455368042,37753,37763,10
12.9621601105,80.2459869385,37763,37773,10
12.9628896713,80.2463607788,37773,37783,10
12.9634799957,80.246673584,37783,37793,10
12.964099884,80.2469100952,37793,37803,10
12.9648199081,80.2471618652,37803,37814,11
12.9656801224,80.247428894,37814,37825,11
12.9666500092,80.2478179932,37825,37845,20
12.9666500092,80.2478179932,37845,37855,10
12.9666900635,80.2478790283,37855,37865,10
12.967089653,80.2481002808,37865,37875,10
12.9678201675,80.2484207153,37875,37885,10
12.9687299728,80.2487564087,37885,37895,10
12.9698801041,80.249206543,37895,37905,10
12.9709300995,80.2496109009,37905,37915,10
12.9719200134,80.2498931885,37915,37925,10
12.972990036,80.2501602173,37925,37936,11
12.9742202759,80.2504882813,37936,37946,10
12.9753704071,80.2508163452,37946,37956,10
12.9765195847,80.2511520386,37956,37966,10
12.9776601791,80.251663208,37966,37976,10
12.9785003662,80.2523269653,37976,37986,10
12.9797401428,80.2526092529,37986,38037,51
12.9797401428,80.2526092529,38037,38047,10
12.9798698425,80.2526092529,38047,38057,10
12.9803199768,80.2526168823,38057,38067,10
12.9807300568,80.2526168823,38067,38077,10
12.9814901352,80.2525863647,38077,38087,10
12.9825000763,80.2525482178,38087,38097,10
12.9836902618,80.2524032593,38097,38107,10
12.9849901199,80.2520599365,38107,38289,182
12.9851198196,80.2520599365,38289,38380,91
12.9851198196,80.2520599365,38380,38390,10
12.9850997925,80.2520065308,38390,38400,10
12.9855804443,80.2518768311,38400,38410,10
12.9860601425,80.2517700195,38410,38420,10
12.9865999222,80.251663208,38420,38430,10
12.9871902466,80.2514877319,38430,38440,10
12.9877004623,80.2513275146,38440,38450,10
12.9879903793,80.2517776489,38450,38470,20
12.9879903793,80.2517776489,38470,38481,11
12.9880199432,80.2521514893,38481,38491,10
12.9880199432,80.2523803711,38491,38501,10
12.9879598618,80.2529296875,38501,38511,10
12.9878997803,80.2535934448,38511,38521,10
12.987830162,80.2543182373,38521,38531,10
12.9880304337,80.254447937,38531,38541,10
12.9882297516,80.2545928955,38541,38551,10
12.9882202148,80.2551803589,38551,38561,10
12.9881896973,80.2556228638,38561,38571,10
12.9882097244,80.2557220459,38571,38582,11
12.9886798859,80.2558517456,38582,38602,20
12.9886798859,80.2558517456,38602,38612,10
12.9890604019,80.2558822632,38612,38622,10
12.9894504547,80.2558898926,38622,38632,10
12.9898099899,80.2559585571,38632,38642,10
12.990070343,80.2559814453,38642,38652,10
12.9904203415,80.2559432983,38652,38662,10
12.9910497665,80.2559814453,38662,38672,10
12.9919099808,80.2559967041,38672,38682,10
12.9928302765,80.2559814453,38682,38693,11
12.9937601089,80.2559204102,38693,38703,10
12.9944400787,80.255897522,38703,38713,10
12.9952802658,80.2558517456,38713,38723,10
12.9959201813,80.255821228,38723,38783,60
12.9959201813,80.255821228,38783,38793,10
12.9963998795,80.2557830811,38793,38804,11
12.9968795776,80.2557830811,38804,38814,10
12.9971904755,80.2557983398,38814,38824,10
12.9976596832,80.2558364868,38824,38834,10
12.9982795715,80.2558898926,38834,38844,10
12.9989299774,80.2559814453,38844,38864,20
12.9989299774,80.2559814453,38864,38874,10
12.9990301132,80.2559890747,38874,38884,10
12.9994001389,80.2560577393,38884,38894,10
12.9999904633,80.2562026978,38894,38904,10
13.0005998611,80.2563095093,38904,38915,11
13.0011997223,80.2564315796,38915,38925,10
13.0019397736,80.2565536499,38925,38935,10
13.0025396347,80.2566604614,38935,38945,10
13.0030002594,80.2567520142,38945,38955,10
13.0033597946,80.2568130493,38955,38965,10
13.0038204193,80.2568969727,38965,38975,10
13.0040197372,80.2569503784,38975,38985,10
13.0042600632,80.2569885254,38985,38995,10
13.0042896271,80.2570037842,38995,39011,16
13.0047998428,80.2571029663,39011,39024,13
13.0054998398,80.2572097778,39024,39034,10
13.0061502457,80.2573394775,39034,39093,59
13.0061502457,80.2573394775,39093,39103,10
13.0062999725,80.2575073242,39103,39114,11
13.0065097809,80.2575302124,39114,39124,10
13.0069303513,80.2578125,39124,39135,11
13.0072803497,80.2583465576,39135,39145,10
13.0079698563,80.2587280273,39145,39154,9
13.0085401535,80.2589263916,39154,39165,11
13.0085496902,80.2589492798,39165,39175,10
13.0087099075,80.2590713501,39175,39185,10
13.0093297958,80.2590713501,39185,39195,10
13.0102796555,80.2590637207,39195,39205,10
13.0112199783,80.2590637207,39205,39215,10
13.0122995377,80.2590866089,39215,39225,10
13.0135803223,80.259147644,39225,39236,11
13.0150403976,80.2592086792,39236,39246,10
13.0163803101,80.2595977783,39246,39276,30
13.0163803101,80.2595977783,39276,39286,10
13.0167102814,80.2599105835,39286,39296,10
13.0173501968,80.2603225708,39296,39306,10
13.0180397034,80.2608032227,39306,39316,10
13.0186100006,80.2611618042,39316,39326,10
13.018989563,80.2614974976,39326,39336,10
13.0193004608,80.2617797852,39336,39353,17
13.0201101303,80.2625274658,39353,39365,12
13.0203104019,80.2629470825,39365,39375,10
13.0201597214,80.2630081177,39375,39385,10
13.0196800232,80.2630004883,39385,39395,10
13.0191602707,80.2629623413,39395,39405,10
13.0190401077,80.263458252,39405,39415,10
13.0191202164,80.2640380859,39415,39425,10
13.0191202164,80.2642593384,39425,39435,10
13.0189399719,80.2649612427,39435,39445,10
13.0187797546,80.2655334473,39445,39456,11
13.0186901093,80.2664031982,39456,39466,10
13.0188903809,80.2672576904,39466,39475,9
13.0194196701,80.2679290771,39475,39486,11
13.0199203491,80.2685699463,39486,39496,10
13.0204696655,80.2692871094,39496,39506,10
13.0207901001,80.2696228027,39506,39516,10
13.021229744,80.2701568604,39516,39526,10
13.0214996338,80.2705078125,39526,39536,10
13.021730423,80.2707595825,39536,39546,10
13.0221300125,80.2712478638,39546,39556,10
13.0226202011,80.2718734741,39556,39567,11
13.0230398178,80.2724533081,39567,39607,40
13.0230398178,80.2724533081,39607,39617,10
13.0232601166,80.2727890015,39617,39627,10
13.023639679,80.2733001709,39627,39688,61
13.023639679,80.2733001709,39688,39698,10
13.0237903595,80.2735366821,39698,39708,10
13.0241203308,80.2740020752,39708,39718,10
13.0244197845,80.2743377686,39718,39728,10
13.0248003006,80.2746200562,39728,39738,10
13.0252599716,80.2747879028,39738,39754,16
13.0256004333,80.2749710083,39754,39766,12
13.0263204575,80.2752990723,39766,39774,8
13.0267801285,80.2754898071,39774,39785,11
13.0274400711,80.2758178711,39785,39797,12
13.0280704498,80.2760925293,39797,39807,10
13.0284204483,80.276222229,39807,39817,10
13.028670311,80.2762908936,39817,39827,10
13.029129982,80.2764282227,39827,39837,10
13.0295000076,80.2765579224,39837,39845,8
13.0299396515,80.2766799927,39845,39867,22
13.0299396515,80.2766799927,39867,39877,10
13.0303401947,80.2768478394,39877,39888,11
13.0307703018,80.2770767212,39888,39898,10
13.0311899185,80.2773666382,39898,39907,9
13.0315599442,80.2774581909,39907,39918,11
13.0317001343,80.2774887085,39918,39928,10
13.0319795609,80.2774887085,39928,39938,10
13.0322999954,80.2774810791,39938,39948,10
13.0326795578,80.2774200439,39948,39958,10
13.0326900482,80.2774200439,39958,39968,10
13.0330295563,80.2773895264,39968,39978,10
13.0335903168,80.2772979736,39978,39988,10
13.0341901779,80.2774505615,39988,39999,11
13.0348100662,80.2775802612,39999,40009,10
13.0353298187,80.2776489258,40009,40019,10
13.0358104706,80.2777709961,40019,40029,10
13.0363502502,80.2778778076,40029,40039,10
13.0371103287,80.2781524658,40039,40049,10
13.037899971,80.2783966064,40049,40059,10
13.0387496948,80.2786407471,40059,40069,10
13.0389099121,80.2786865234,40069,40079,10
13.0391197205,80.2787628174,40079,40089,10
13.0394802094,80.2788772583,40089,40099,10
13.0402402878,80.2790985107,40099,40110,11
13.0412902832,80.2793426514,40110,40120,10
13.0423402786,80.2794570923,40120,40130,10
13.0434999466,80.2796401978,40130,40140,10
13.0444898605,80.2798690796,40140,40150,10
13.0453500748,80.2799987793,40150,40160,10
13.0457801819,80.2800369263,40160,40170,10
13.045920372,80.2800521851,40170,40180,10
13.0464897156,80.2801437378,40180,40190,10
13.0473604202,80.2802581787,40190,40200,10
13.0483903885,80.2804031372,40200,40210,10
13.049489975,80.2805633545,40210,40221,11
13.0506601334,80.28074646,40221,40231,10
13.0516796112,80.2808990479,40231,40241,10
13.0526399612,80.281036377,40241,40251,10
13.0535802841,80.2811813354,40251,40261,10
13.0546102524,80.2813568115,40261,40271,10
13.0555801392,80.2815322876,40271,40281,10
13.056520462,80.2817230225,40281,40301,20
13.056520462,80.2817230225,40301,40311,10
13.0567998886,80.2817764282,40311,40328,17
13.0575399399,80.2819595337,40328,40340,12
13.0582199097,80.2820968628,40340,40350,10
13.0588798523,80.2822265625,40350,40360,10
13.0600700378,80.2824783325,40360,40370,10
13.0608797073,80.2826538086,40370,40380,10
13.0616598129,80.2828216553,40380,40390,10
13.0631904602,80.2831115723,40390,40410,20
13.0631904602,80.2831115723,40410,40420,10
13.0638399124,80.2831573486,40420,40452,32
13.0638399124,80.2831573486,40452,40462,10
13.0641803741,80.2832794189,40462,40472,10
13.0649003983,80.283493042,40472,40482,10
13.0658798218,80.2837371826,40482,40492,10
13.0676898956,80.2841567993,40492,40522,30
13.0676898956,80.2841567993,40522,40532,10
13.0679101944,80.2842102051,40532,40543,11
13.0685997009,80.2843399048,40543,40553,10
13.0694799423,80.284538269,40553,40563,10
13.070599556,80.2848434448,40563,40573,10
13.0718698502,80.28515625,40573,40583,10
13.0732498169,80.2853012085,40583,40593,10
13.074090004,80.2856826782,40593,40613,20
13.074090004,80.2856826782,40613,40623,10
13.0743598938,80.2860336304,40623,40633,10
13.074930191,80.2864227295,40633,40643,10
13.075750351,80.2869110107,40643,40654,11
13.0770196915,80.2872467041,40654,40664,10
13.0781402588,80.2875289917,40664,40674,10
13.0791597366,80.2878494263,40674,40684,10
13.0797395706,80.2880096436,40684,40694,10
13.0798196793,80.2880096436,40694,40704,10
13.080160141,80.2880706787,40704,40714,10
13.0808296204,80.2882614136,40714,40765,51
13.0808296204,80.2882614136,40765,40775,10
13.0808897018,80.2883071899,40775,40785,10
13.0813302994,80.2884674072,40785,40794,9
13.0819797516,80.2886962891,40794,40805,11
13.0827903748,80.2890625,40805,40815,10
13.0837097168,80.2891769409,40815,40825,10
13.0846500397,80.2891616821,40825,40835,10
13.0854597092,80.2891769409,40835,40845,10
13.0864095688,80.2893829346,40845,40855,10
13.087220192,80.289642334,40855,40866,11
13.0880203247,80.2899932861,40866,40876,10
13.0886096954,80.2901229858,40876,40896,20
13.0888395309,80.2901229858,40896,40966,70
13.0888395309,80.2901229858,40966,40976,10
13.0888500214,80.2902679443,40976,40987,11
13.088640213,80.2904129028,40987,40997,10
13.0884399414,80.2903213501,40997,41007,10
13.0881299973,80.2901382446,41007,41017,10
13.0877103806,80.2899932861,41017,41027,10
13.0874595642,80.2899169922,41027,41037,10
13.0869998932,80.2897796631,41037,41047,10
13.0864896774,80.2896499634,41047,41057,10
13.0859003067,80.2894897461,41057,41067,10
13.0855998993,80.2891998291,41067,41078,11
13.0852203369,80.2885818481,41078,41087,9
13.0850896835,80.2878417969,41087,41098,11
13.085149765,80.286819458,41098,41108,10
13.0852499008,80.285697937,41108,41118,10
13.0852804184,80.2845230103,41118,41128,10
13.0853300095,80.2839202881,41128,41138,10
13.0853700638,80.2838363647,41138,41148,10
13.0853900909,80.2837677002,41148,41158,10
13.0854501724,80.2836227417,41158,41168,10
13.0856895447,80.2835464478,41168,41178,10
13.0861196518,80.2835464478,41178,41187,9
13.0867595673,80.2838973999,41187,41229,42
13.0867595673,80.2838973999,41229,41239,10
13.086930275,80.2839279175,41239,41249,10
13.0871496201,80.2839431763,41249,41259,10
13.0874996185,80.2839508057,41259,41269,10
13.0878000259,80.2839431763,41269,41401,132
13.0878000259,80.2839431763,41401,41411,10
13.0881795883,80.2838897705,41411,42300,889
13.0882797241,80.2835083008,42300,42320,20
13.0882797241,80.2835083008,42320,42330,10
13.0883398056,80.2833480835,42330,42340,10
13.0882997513,80.2829971313,42340,42350,10
13.0882902145,80.2825012207,42350,42360,10
13.0882101059,80.2820205688,42360,42369,9
13.088060379,80.2816619873,42369,42380,11
13.0880298615,80.2816009521,42380,42390,10
13.0882101059,80.2815475464,42390,42401,11
13.08852005,80.2816009521,42401,42411,10
13.0885095596,80.2819595337,42411,42421,10
13.0884799957,80.2822036743,42421,42431,10
13.0884504318,80.2823562622,42431,42441,10
13.0884103775,80.2825927734,42441,42451,10
13.0883302689,80.2831573486,42451,42461,10
13.0883302689,80.2836914063,42461,42471,10
13.0883998871,80.2842025757,42471,42481,10
13.0884599686,80.2849578857,42481,42562,81
13.0884599686,80.2849578857,42562,42572,10
13.0885095596,80.2853622437,42572,42582,10
13.08852005,80.2857437134,42582,42592,10
13.0885400772,80.2862091064,42592,42602,10
13.0885400772,80.2864837646,42602,42612,10
13.088549614,80.2869033813,42612,42623,11
13.0885601044,80.287399292,42623,42633,10
13.0885601044,80.2874221802,42633,42643,10
13.0885696411,80.2878112793,42643,42653,10
13.088640213,80.2883682251,42653,42663,10
13.0886802673,80.2885131836,42663,42673,10
13.0887002945,80.2888565063,42673,42683,10
13.0888004303,80.2893218994,42683,42693,10
13.088809967,80.2893676758,42693,42703,10
13.0888004303,80.2895965576,42703,42713,10
13.0888299942,80.2902069092,42713,42762,49
13.0888299942,80.2902069092,42762,42771,9
13.0887002945,80.2904510498,42771,42782,11
13.0883903503,80.2903823853,42782,42792,10
13.0878400803,80.2900466919,42792,42802,10
13.0870599747,80.2897033691,42802,42812,10
13.0861196518,80.2894210815,42812,42822,10
13.0854597092,80.2891769409,42822,42833,11
13.0842895508,80.2891464233,42833,42843,10
13.0833597183,80.2891769409,42843,42853,10
13.0824604034,80.2889480591,42853,42863,10
13.0816001892,80.2886276245,42863,42873,10
13.0806798935,80.2883377075,42873,42883,10
13.0801401138,80.2882232666,42883,42892,9
13.0800600052,80.2882080078,42892,42903,11
13.0799503326,80.2881622314,42903,42913,10
13.0793895721,80.2880706787,42913,42923,10
13.0786104202,80.2877426147,42923,42933,10
13.0776195526,80.2874679565,42933,42944,11
13.076379776,80.2871398926,42944,42954,10
13.0752296448,80.2866973877,42954,42964,10
13.0742797852,80.2861709595,42964,42974,10
13.0734300613,80.2859725952,42974,42984,10
13.0727996826,80.2856369019,42984,42994,10
13.0720396042,80.2853164673,42994,43004,10
13.070810318,80.2849807739,43004,43014,10
13.0695104599,80.2846832275,43014,43024,10
13.0682601929,80.2843933105,43024,43034,10
13.0669898987,80.2841720581,43034,43044,10
13.0657701492,80.2838973999,43044,43055,11
13.0648202896,80.2837219238,43055,43065,10
13.0643997192,80.2836380005,43065,43075,10
13.0639801025,80.2835235596,43075,43085,10
13.0635900497,80.2834091187,43085,43095,10
13.0631504059,80.2832870483,43095,43105,10
13.0627603531,80.2831878662,43105,43115,10
13.0627098083,80.2831878662,43115,43125,10
13.0625095367,80.2831573486,43125,43135,10
13.0619802475,80.2830429077,43135,43145,10
13.0614700317,80.2828979492,43145,43156,11
13.0605697632,80.2826919556,43156,43166,10
13.0594997406,80.2824783325,43166,43176,10
13.0584697723,80.2822799683,43176,43186,10
13.0575704575,80.2820968628,43186,43196,10
13.0569400787,80.2819824219,43196,43206,10
13.0569200516,80.2819671631,43206,43216,10
13.0567903519,80.2819366455,43216,43226,10
13.0563201904,80.2818527222,43226,43236,10
13.0555400848,80.2816772461,43236,43246,10
13.0545196533,80.2814712524,43246,43256,10
13.0532903671,80.2812576294,43256,43267,11
13.0519199371,80.2810592651,43267,43277,10
13.0512104034,80.2809829712,43277,43287,10
13.0509004593,80.280921936,43287,43297,10
13.0502996445,80.2808303833,43297,43307,10
13.0494699478,80.280708313,43307,43317,10
13.0484399796,80.2805633545,43317,43327,10
13.0474395752,80.2804107666,43327,43337,10
13.0464601517,80.2802886963,43337,43347,10
13.0458803177,80.2801971436,43347,43357,10
13.0458202362,80.2801971436,43357,43367,10
13.045539856,80.2801513672,43367,43377,10
13.0449304581,80.2800827026,43377,43388,11
13.0439100266,80.2799530029,43388,43408,20
13.0439100266,80.2799530029,43408,43418,10
13.0437698364,80.2799224854,43418,43428,10
13.0434598923,80.279876709,43428,43438,10
13.0428199768,80.2797164917,43438,43448,10
13.0418701172,80.279548645,43448,43458,10
13.0406103134,80.2793197632,43458,43468,10
13.0396795273,80.279083252,43468,43478,10
13.0391998291,80.2789230347,43478,43489,11
13.0391302109,80.2789001465,43489,43499,10
13.0389900208,80.2788314819,43499,43509,10
13.0386896133,80.278717041,43509,43519,10
13.0381097794,80.2785568237,43519,43529,10
13.0374698639,80.2783279419,43529,43539,10
13.0367698669,80.2781066895,43539,43549,10
13.0361700058,80.2779006958,43549,43559,10
13.0354995728,80.2778091431,43559,43569,10
13.0347795486,80.2776870728,43569,43579,10
13.0341396332,80.2775192261,43579,43589,10
13.0336904526,80.2773971558,43589,43620,31
13.0336904526,80.2773971558,43620,43630,10
13.0334596634,80.2774200439,43630,43640,10
13.032500267,80.2774810791,43640,43660,20
13.032500267,80.2774810791,43660,43670,10
13.0319700241,80.2776031494,43670,43680,10
13.0314598083,80.2775421143,43680,43690,10
13.0313396454,80.2774963379,43690,43701,11
13.0312004089,80.2774200439,43701,43711,10
13.0310201645,80.2773284912,43711,43721,10
13.0309696198,80.2772674561,43721,43731,10
13.0307302475,80.2771682739,43731,43741,10
13.0301399231,80.2769165039,43741,43751,10
13.0295600891,80.2767333984,43751,43761,10
13.0286998749,80.2764511108,43761,43771,10
13.027970314,80.2761611938,43771,43781,10
13.027179718,80.2758102417,43781,43791,10
13.0260801315,80.2752990723,43791,43822,31
13.0260801315,80.2752990723,43822,43832,10
13.0258798599,80.2752304077,43832,43842,10
13.0255002975,80.2750320435,43842,43852,10
13.024939537,80.2747573853,43852,43862,10
13.0243396759,80.2743835449,43862,43872,10
13.0240802765,80.2740325928,43872,43882,10
13.0236997604,80.2735290527,43882,43892,10
13.0232200623,80.2728881836,43892,43902,10
13.0226602554,80.2721633911,43902,43912,10
13.0220899582,80.2714080811,43912,43923,11
13.0215101242,80.2706604004,43923,43933,10
13.0209503174,80.2699813843,43933,43973,40
13.0209503174,80.2699813843,43973,43983,10
13.0208797455,80.26978302,43983,43993,10
13.0208702087,80.26978302,43993,44003,10
13.0207395554,80.2696990967,44003,44013,10
13.0204896927,80.2693786621,44013,44024,11
13.0199604034,80.2687225342,44024,44034,10
13.0195198059,80.268119812,44034,44044,10
13.019080162,80.2677001953,44044,44054,10
13.0189399719,80.2676010132,44054,44064,10
13.018819809,80.2674026489,44064,44074,10
13.0187397003,80.2671508789,44074,44084,10
13.0187101364,80.2668685913,44084,44094,10
13.0186595917,80.2664031982,44094,44104,10
13.018699646,80.2658004761,44104,44114,10
13.0188703537,80.265083313,44114,44124,10
13.0190496445,80.2644119263,44124,44134,10
13.0190496445,80.2639083862,44134,44145,11
13.0190000534,80.2635498047,44145,44155,10
13.0189304352,80.2632064819,44155,44165,10
13.0189199448,80.2631225586,44165,44175,10
13.018910408,80.2629165649,44175,44185,10
13.0188903809,80.2624130249,44185,44195,10
13.0187797546,80.2618179321,44195,44205,10
13.0186500549,80.2613372803,44205,44215,10
13.0181598663,80.2609863281,44215,44225,10
13.0175199509,80.2605819702,44225,44235,10
13.0167102814,80.2600402832,44235,44245,10
13.016119957,80.2597198486,44245,44262,17
13.0160102844,80.2596588135,44262,44274,12
13.0154399872,80.2594299316,44274,44284,10
13.0148200989,80.2593307495,44284,44292,8
13.0139102936,80.2592926025,44292,44303,11
13.0128002167,80.2592468262,44303,44315,12
13.0116300583,80.2592086792,44315,44325,10
13.0109500885,80.2592010498,44325,44335,10
13.0100603104,80.2592163086,44335,44345,10
13.0094099045,80.2592163086,44345,44356,11
13.0088701248,80.2592086792,44356,44366,10
13.0085802078,80.2591781616,44366,44376,10
13.008020401,80.2592468262,44376,44386,10
13.0074701309,80.2592086792,44386,44396,10
13.0071897507,80.2587127686,44396,44406,10
13.0071802139,80.2586898804,44406,44416,10
13.0070495605,80.2584381104,44416,44426,10
13.0069599152,80.2582473755,44426,44436,10
13.006649971,80.257850647,44436,44446,10
13.006360054,80.2575912476,44446,44456,10
13.0057497025,80.2574081421,44456,44466,10
13.0052099228,80.2572402954,44466,44477,11
13.0047397614,80.2571868896,44477,44487,10
13.0039901733,80.257019043,44487,44497,10
13.0031795502,80.2568588257,44497,44507,10
13.0023603439,80.2567062378,44507,44517,10
13.0017795563,80.2566299438,44517,44557,40
13.0017795563,80.2566299438,44557,44567,10
13.0015897751,80.2566375732,44567,44577,10
13.0011997223,80.2565612793,44577,44588,11
13.0005598068,80.2564620972,44588,44598,10
12.9998197556,80.2563400269,44598,44608,10
12.9990501404,80.2561569214,44608,44618,10
12.9985103607,80.2560882568,44618,44638,20
12.9985103607,80.2560882568,44638,44648,10
12.998290062,80.2560195923,44648,44658,10
12.9978599548,80.2559509277,44658,44668,10
12.997300148,80.2559204102,44668,44699,31
12.997300148,80.2559204102,44699,44709,10
12.9970397949,80.2559509277,44709,44719,10
12.9968795776,80.2559127808,44719,44729,10
12.9963502884,80.2558898926,44729,44739,10
12.9957103729,80.255897522,44739,44749,10
12.9949903488,80.255897522,44749,44759,10
12.994310379,80.2559585571,44759,44769,10
12.9934501648,80.2559967041,44769,44779,10
12.992770195,80.2560195923,44779,44793,14
12.9913396835,80.2559967041,44793,44804,11
12.9906101227,80.2559814453,44804,44814,10
12.9899196625,80.2559890747,44814,44823,9
12.9888601303,80.2559280396,44823,44854,31
12.9888601303,80.2559280396,44854,44864,10
12.9884901047,80.2559509277,44864,44874,10
12.9880895615,80.2558670044,44874,44884,10
12.9877595901,80.255821228,44884,44894,10
12.9871797562,80.2556915283,44894,44904,10
12.9861803055,80.2555389404,44904,44935,31
12.9861803055,80.2555389404,44935,44945,10
12.9857702255,80.2554473877,44945,44955,10
12.9851102829,80.255279541,44955,44965,10
12.9842300415,80.2550735474,44965,44975,10
12.9835395813,80.2548828125,44975,44985,10
12.9829998016,80.254699707,44985,44995,10
12.9823503494,80.2544708252,44995,45005,10
12.9819498062,80.2537612915,45005,45017,12
12.9816799164,80.2529220581,45017,45027,10
12.9811000824,80.2527694702,45027,45037,10
12.9805402756,80.2527770996,45037,45047,10
12.9802503586,80.2527999878,45047,45057,10
12.9798603058,80.2527694702,45057,45066,9
12.9793996811,80.2527084351,45066,45077,11
12.978679657,80.2526092529,45077,45087,10
12.9786195755,80.2525863647,45087,45097,10
12.9782304764,80.2523269653,45097,45107,10
12.977640152,80.2518386841,45107,45118,11
12.9768199921,80.2513427734,45118,45128,10
12.9758300781,80.2510604858,45128,45138,10
12.9747600555,80.2507400513,45138,45148,10
12.9737100601,80.2504501343,45148,45158,10
12.9725999832,80.2501525879,45158,45168,10
12.9713602066,80.2498168945,45168,45178,10
12.9701499939,80.249458313,45178,45188,10
12.9688901901,80.2489700317,45188,45198,10
12.9677000046,80.2485198975,45198,45208,10
12.9671201706,80.2482223511,45208,45218,10
12.9666996002,80.2480010986,45218,45229,11
12.9659099579,80.2476730347,45229,45239,10
12.9652204514,80.2474594116,45239,45249,10
12.9651203156,80.247428894,45249,45259,10
12.9649295807,80.2473678589,45259,45269,10
12.964389801,80.2471618652,45269,45279,10
12.9641103745,80.2470626831,45279,45289,10
12.96393013,80.2469863892,45289,45299,10
12.9635601044,80.2468185425,45299,45309,10
12.963139534,80.2466201782,45309,45319,10
12.9625196457,80.2463302612,45319,45329,10
12.9617395401,80.2459182739,45329,45340,11
12.9607400894,80.2454528809,45340,45350,10
12.9596700668,80.2449874878,45350,45370,20
12.9596700668,80.2449874878,45370,45380,10
12.9593296051,80.2448272705,45380,45390,10
12.9587001801,80.2445068359,45390,45400,10
12.9579401016,80.2442169189,45400,45410,10
12.9574699402,80.2440414429,45410,45420,10
12.9571895599,80.2439880371,45420,45461,41
12.9571895599,80.2439880371,45461,45471,10
12.9568004608,80.2438812256,45471,45501,30
12.9568004608,80.2438812256,45501,45511,10
12.9564399719,80.2437515259,45511,45521,10
12.9564304352,80.2437362671,45521,45531,10
12.9560899734,80.2436218262,45531,45541,10
12.9555702209,80.2433013916,45541,45550,9
12.9548597336,80.2429428101,45550,45562,12
12.9536600113,80.24243927,45562,45572,10
12.9526195526,80.2420272827,45572,45582,10
12.9519195557,80.2417907715,45582,45592,10
12.9518604279,80.2417602539,45592,45602,10
12.9517402649,80.2416992188,45602,45612,10
12.9511804581,80.2415008545,45612,45622,10
12.9504804611,80.2412719727,45622,45632,10
12.9500398636,80.2411575317,45632,45642,10
12.9493198395,80.2409362793,45642,45652,10
12.948679924,80.2406768799,45652,45662,10
12.947810173,80.2403335571,45662,45673,11
12.9471702576,80.2400817871,45673,45683,10
12.9471197128,80.2400588989,45683,45693,10
12.9470596313,80.2400283813,45693,45703,10
12.9466199875,80.2398681641,45703,45713,10
12.9459600449,80.2395706177,45713,45723,10
12.9451999664,80.2391281128,45723,45733,10
12.9444303513,80.2383117676,45733,45743,10
12.9434995651,80.2373275757,45743,45753,10
12.942440033,80.2365493774,45753,45763,10
12.9410800934,80.2361679077,45763,45773,10
12.9401197433,80.2359313965,45773,45784,11
12.9397201538,80.2357788086,45784,45793,9
12.9396800995,80.235748291,45793,45804,11
12.9391698837,80.2355117798,45804,45814,10
12.9383802414,80.2351226807,45814,45824,10
12.9375295639,80.2347106934,45824,45834,10
12.9369001389,80.2344207764,45834,45844,10
12.9362802505,80.23412323,45844,45854,10
12.9359502792,80.2339630127,45854,45864,10
12.9356403351,80.234046936,45864,45874,10
12.9356098175,80.2341690063,45874,45885,11
12.9354095459,80.2347106934,45885,45895,10
12.9351797104,80.2353286743,45895,45905,10
12.9350004196,80.2353897095,45905,45915,10
12.9346504211,80.2352600098,45915,45925,10
12.9340896606,80.2350463867,45925,45935,10
12.933839798,80.2351989746,45935,45945,10
12.9334602356,80.2362136841,45945,45975,30
12.9334602356,80.2362136841,45975,45985,10
12.9331798553,80.2361602783,45985,45996,11
12.9329795837,80.2362136841,45996,46006,10
12.9329004288,80.236579895,46006,46016,10
12.9327096939,80.2372436523,46016,46026,10
12.9326095581,80.2375335693,46026,46036,10
12.9323501587,80.2381896973,46036,46046,10
12.9321699142,80.2385406494,46046,46056,10
12.9317398071,80.2387008667,46056,46066,10
12.931139946,80.2385177612,46066,46086,20
12.931139946,80.2385177612,46086,46096,10
12.9310598373,80.2385025024,46096,46107,11
12.930560112,80.238319397,46107,46117,10
12.9298801422,80.2380828857,46117,46127,10
12.9295101166,80.2381362915,46127,46137,10
12.9294395447,80.2383575439,46137,46147,10
12.9292802811,80.238861084,46147,46157,10
12.9291601181,80.2390213013,46157,46167,10
12.9282798767,80.2388000488,46167,46207,40
12.9282798767,80.2388000488,46207,46218,11
12.9281997681,80.2387924194,46218,46228,10
12.9279203415,80.2387084961,46228,46238,10
12.927479744,80.238609314,46238,46248,10
12.9268798828,80.2384567261,46248,46258,10
12.9263296127,80.2383422852,46258,46268,10
12.9259004593,80.2382202148,46268,46308,40
12.9259004593,80.2382202148,46308,46318,10
12.9256496429,80.2381820679,46318,46329,11
12.9252700806,80.2380599976,46329,46339,10
12.9248600006,80.2380599976,46339,46349,10
12.9252996445,80.23828125,46349,46629,280
12.9252996445,80.23828125,46629,46639,10
12.9256696701,80.238243103,46639,46660,21
12.9256696701,80.238243103,46660,46670,10
12.9259595871,80.2381820679,46670,46680,10
12.9264802933,80.2383422852,46680,46690,10
12.9271297455,80.2385025024,46690,46700,10
12.9281301498,80.2387313843,46700,46720,20
12.9281301498,80.2387313843,46720,46730,10
12.9283103943,80.2387771606,46730,46740,10
12.9286899567,80.2388763428,46740,46750,10
12.9291400909,80.2389907837,46750,46760,10
12.9293003082,80.2388000488,46760,46771,11
12.9294595718,80.2382736206,46771,46781,10
12.9295797348,80.2379608154,46781,46791,10
12.9300498962,80.238067627,46791,46801,10
12.9306402206,80.2383117676,46801,46817,16
12.9310798645,80.2384490967,46817,46829,12
12.9311599731,80.2384719849,46829,46837,8
12.9313201904,80.23853302,46837,46847,10
12.9317398071,80.2386932373,46847,46859,12
12.9321498871,80.238609314,46859,46870,11
12.9322595596,80.2383422852,46870,46881,11
12.9324102402,80.2379608154,46881,46891,10
12.9326095581,80.2374420166,46891,46901,10
12.9327096939,80.237159729,46901,46911,10
12.932849884,80.2367782593,46911,46922,11
12.9329395294,80.2362213135,46922,46931,9
12.9331502914,80.236076355,46931,46942,11
12.9331998825,80.2360992432,46942,46952,10
12.9334402084,80.2361679077,46952,46962,10
12.9335699081,80.2359466553,46962,46972,10
12.9337100983,80.235496521,46972,46982,10
12.9338598251,80.2350387573,46982,46993,11
12.9342002869,80.2350921631,46993,47003,10
12.934709549,80.2353363037,47003,47013,10
12.9350204468,80.2354278564,47013,47023,10
12.9351596832,80.2352371216,47023,47033,10
12.9353399277,80.2347869873,47033,47043,10
12.9357204437,80.2338790894,47043,47104,61
12.9357204437,80.2338790894,47104,47114,10
12.9358997345,80.2337112427,47114,47124,10
12.936249733,80.2338790894,47124,47134,10
12.9367799759,80.2341308594,47134,47144,10
12.9373998642,80.2344284058,47144,47154,10
12.9381799698,80.2348327637,47154,47164,10
12.9390096664,80.2352600098,47164,47174,10
12.9396095276,80.2355575562,47174,47184,10
12.9397201538,80.2356033325,47184,47194,10
12.9398803711,80.2356796265,47194,47205,11
12.9402503967,80.2358169556,47205,47215,10
12.9409198761,80.2360076904,47215,47225,10
12.9418201447,80.2362365723,47225,47235,10
12.9427995682,80.2365875244,47235,47245,10
12.9436597824,80.2373275757,47245,47255,10
12.9444599152,80.23828125,47255,47265,10
12.9453697205,80.2391586304,47265,47275,10
12.946390152,80.239616394,47275,47285,10
12.947259903,80.2399520874,47285,47305,20
12.947259903,80.2399520874,47305,47322,17
12.9479999542,80.2402496338,47322,47334,12
12.9488697052,80.2406005859,47334,47364,30
12.9488697052,80.2406005859,47364,47373,9
12.9489202499,80.2406005859,47373,47384,11
12.9494400024,80.2408218384,47384,47394,10
12.9502601624,80.2410583496,47394,47404,10
12.9510402679,80.2413406372,47404,47414,10
12.9510498047,80.2413635254,47414,47425,11
12.9512395859,80.2414169312,47425,47436,11
12.9515399933,80.2415237427,47436,47446,10
12.952170372,80.2417526245,47446,47456,10
12.9530200958,80.2420578003,47456,47466,10
12.9537000656,80.2423400879,47466,47476,10
12.9539003372,80.242401123,47476,47486,10
12.9542398453,80.2425537109,47486,47496,10
12.9548597336,80.2427902222,47496,47506,10
12.955619812,80.243057251,47506,47516,10
12.9563302994,80.2433624268,47516,47526,10
12.9565200806,80.2434387207,47526,47537,11
12.957110405,80.2436904907,47537,47547,10
12.9579496384,80.2440490723,47547,47557,10
12.958729744,80.2443618774,47557,47567,10
12.9589099884,80.2444534302,47567,47577,10
12.9591903687,80.2446136475,47577,47587,10
12.9597702026,80.2448806763,47587,47597,10
12.9605703354,80.2452316284,47597,47607,10
12.9615802765,80.2456970215,47607,47617,10
12.962679863,80.2462387085,47617,47627,10
12.9633903503,80.24659729,47627,47688,61
12.9633903503,80.24659729,47688,47698,10
12.9634399414,80.2466812134,47698,47708,10
12.9638395309,80.2468719482,47708,47718,10
12.9645500183,80.2471237183,47718,47728,10
12.9654598236,80.247428894,47728,47738,10
12.9669103622,80.2479782104,47738,47759,21
12.9669103622,80.2479782104,47759,47769,10
12.9671401978,80.2480926514,47769,47779,10
12.9676599503,80.2483291626,47779,47789,10
12.9683599472,80.2486190796,47789,47799,10
12.9692401886,80.2489929199,47799,47809,10
12.9702997208,80.249420166,47809,47810,1
12.970410347,80.2494506836,47810,47849,39
12.9744796753,80.250579834,47849,47859,10
12.9755496979,80.2509231567,47859,47870,11
12.9769001007,80.2512969971,47870,47880,10
12.9784803391,80.252281189,47880,47947,67
12.9784803391,80.252281189,47947,47957,10
12.9786195755,80.2523803711,47957,47967,10
12.9791002274,80.2525405884,47967,47978,11
12.9797897339,80.2526168823,47978,48038,60
12.9797897339,80.2526168823,48038,48048,10
12.9800901413,80.2526397705,48048,48058,10
12.9807500839,80.2526016235,48058,48069,11
12.9815301895,80.2525405884,48069,48080,11
12.9818496704,80.2525177002,48080,48120,40
12.9818496704,80.2525177002,48120,48130,10
12.9821996689,80.252532959,48130,48140,10
12.9827098846,80.2525024414,48140,48201,61
12.9827098846,80.2525024414,48201,48211,10
12.9831199646,80.2524719238,48211,48221,10
12.9831800461,80.252456665,48221,48231,10
12.9834604263,80.2524032593,48231,48271,40
12.9834604263,80.2524032593,48271,48281,10
12.9836502075,80.2523574829,48281,48291,10
12.9837303162,80.2523269653,48291,48302,11
12.9839696884,80.2522735596,48302,48312,10
12.9843196869,80.2521896362,48312,48322,10
12.9844398499,80.2521514893,48322,48332,10
12.9845104218,80.2521209717,48332,48342,10
12.9848403931,80.2520599365,48342,48352,10
12.9854202271,80.2518997192,48352,48362,10
12.9858798981,80.2517929077,48362,48372,10
12.9862604141,80.2516784668,48372,48382,10
12.9864397049,80.2516479492,48382,48392,10
12.9868803024,80.2515792847,48392,48402,10
12.9875001907,80.2513809204,48402,48574,172
12.9875001907,80.2513809204,48574,48583,9
12.9876298904,80.251373291,48583,48594,11
12.9879102707,80.2514801025,48594,48604,10
12.9880304337,80.2522201538,48604,48614,10
12.9879302979,80.253112793,48614,48624,10
12.987859726,80.2540206909,48624,48635,11
12.9877796173,80.2550582886,48635,48645,10
12.9877500534,80.2554702759,48645,48665,20
12.9877099991,80.2555999756,48665,48685,20
12.9877099991,80.2555999756,48685,48695,10
12.9877500534,80.2557830811,48695,48705,10
12.9879903793,80.255821228,48705,48715,10
12.9885101318,80.2558517456,48715,48725,10
12.9886798859,80.255859375,48725,48735,10
12.9888095856,80.2558822632,48735,48746,11
12.9893102646,80.2559432983,48746,48756,10
12.9900598526,80.2560501099,48756,48766,10
12.9905004501,80.2559814453,48766,48776,10
12.9910001755,80.2560195923,48776,48786,10
12.9918203354,80.2560501099,48786,48796,10
12.9928302765,80.2560424805,48796,48806,10
12.9938201904,80.2559509277,48806,48816,10
12.9946098328,80.2558898926,48816,48826,10
12.9953403473,80.255821228,48826,48836,10
12.9963798523,80.2557983398,48836,48877,41
12.9963798523,80.2557983398,48877,48887,10
12.9964504242,80.2557983398,48887,48904,17
12.9968299866,80.255821228,48904,48916,12
12.997300148,80.2558364868,48916,48924,8
12.9976997375,80.2558822632,48924,48936,12
12.9986200333,80.2560119629,48936,48956,20
12.9986200333,80.2560119629,48956,48967,11
12.9989204407,80.2560501099,48967,49018,51
12.9991502762,80.2560577393,49018,49038,20
12.9991502762,80.2560577393,49038,49048,10
12.9995603561,80.2561264038,49048,49058,10
13.0,80.2562637329,49058,49069,11
13.0003700256,80.2563400269,49069,49079,10
13.0007801056,80.2563934326,49079,49089,10
13.0011301041,80.2564468384,49089,49099,10
13.0013799667,80.2565002441,49099,49109,10
13.0016298294,80.2565689087,49109,49119,10
13.0019798279,80.2565994263,49119,49129,10
13.0024003983,80.256652832,49129,49139,10
13.002820015,80.256729126,49139,49149,10
13.0031604767,80.2567977905,49149,49159,10
13.0035800934,80.2568817139,49159,49169,10
13.0042104721,80.2570037842,49169,49180,11
13.0048398972,80.2570724487,49180,49190,10
13.0052099228,80.2571182251,49190,49200,10
13.0052900314,80.2571411133,49200,49210,10
13.0055198669,80.2572479248,49210,49220,10
13.0058403015,80.25730896,49220,49434,214
13.0170602798,80.2601623535,49434,49447,13
13.0177097321,80.2605895996,49447,49457,10
13.0182199478,80.2609634399,49457,49467,10
13.0186195374,80.2612533569,49467,49477,10
13.0189800262,80.2615585327,49477,49487,10
13.0193395615,80.2618331909,49487,49496,9
13.019610405,80.2621994019,49496,49507,11
13.0201396942,80.2626495361,49507,49517,10
13.0201997757,80.2630004883,49517,49528,11
13.0197401047,80.2629776001,49528,49537,9
13.019200325,80.2629394531,49537,49548,11
13.0190200806,80.2632522583,49548,49558,10
13.0190696716,80.2638320923,49558,49568,10
13.0190200806,80.2646331787,49568,49578,10
13.018819809,80.2653198242,49578,49588,10
13.0186901093,80.265838623,49588,49598,10
13.018699646,80.2666931152,49598,49608,10
13.018989563,80.2675018311,49608,49618,10
13.0197095871,80.2683410645,49618,49628,10
13.0203399658,80.2690887451,49628,49639,11
13.0208501816,80.2696914673,49639,49649,10
13.0213699341,80.2703094482,49649,49659,10
13.0214395523,80.270401001,49659,49669,10
13.0215797424,80.2705993652,49669,49679,10
13.0220003128,80.2711334229,49679,49689,10
13.0225601196,80.2718582153,49689,49698,9
13.0231304169,80.2726135254,49698,49708,10
13.0235795975,80.2732162476,49708,49719,11
13.0241804123,80.2740402222,49719,49729,10
13.0246295929,80.2745513916,49729,49738,9
13.0249700546,80.2747192383,49738,49749,11
13.0253801346,80.2748565674,49749,49760,11
13.0255002975,80.2749481201,49760,49770,10
13.0259799957,80.275177002,49770,49780,10
13.0266599655,80.2754821777,49780,49790,10
13.0270395279,80.2757034302,49790,49800,10
13.0274295807,80.275932312,49800,49810,10
13.0280799866,80.2761688232,49810,49820,10
13.0288696289,80.276512146,49820,49830,10
13.0297002792,80.2766799927,49830,49840,10
13.0298204422,80.2767105103,49840,49851,11
13.0301799774,80.2768478394,49851,49861,10
13.0302696228,80.2768783569,49861,49871,10
13.0306100845,80.2770767212,49871,49901,30
13.0306100845,80.2770767212,49901,49911,10
13.0310001373,80.2773513794,49911,49921,10
13.0311803818,80.2774505615,49921,49931,10
13.0316095352,80.2775802612,49931,49951,20
13.0316095352,80.2775802612,49951,49962,11
13.0317497253,80.2775802612,49962,49972,10
13.0320196152,80.2775878906,49972,49982,10
13.0321502686,80.277557373,49982,49992,10
13.0323495865,80.277557373,49992,50002,10
13.0326900482,80.2775115967,50002,50012,10
13.0328798294,80.2775192261,50012,50022,10
13.032910347,80.2775192261,50022,50032,10
13.0331802368,80.2774734497,50032,50042,10
13.0335197449,80.2773513794,50042,50052,10
13.0340595245,80.2774581909,50052,50062,10
13.0347003937,80.2776489258,50062,50073,11
13.0353298187,80.2777175903,50073,50083,10
13.0359401703,80.2778167725,50083,50093,10
13.036529541,80.2779769897,50093,50103,10
13.0371398926,80.2782363892,50103,50113,10
13.0378904343,80.2784423828,50113,50123,10
13.038769722,80.2786483765,50123,50133,10
13.0388698578,80.278678894,50133,50143,10
13.039150238,80.2788009644,50143,50153,10
13.0397100449,80.278968811,50153,50169,16
13.0412302017,80.2793502808,50169,50181,12
13.0430698395,80.2795562744,50181,50232,51
13.0430698395,80.2795562744,50232,50242,10
13.0432596207,80.2795562744,50242,50252,10
13.043800354,80.2797317505,50252,50262,10
13.0444297791,80.2798614502,50262,50272,10
13.04570961,80.2800216675,50272,50293,21
13.04570961,80.2800216675,50293,50303,10
13.045800209,80.2800292969,50303,50313,10
13.0462999344,80.2801132202,50313,50323,10
13.0471000671,80.2802200317,50323,50333,10
13.0479698181,80.2803497314,50333,50343,10
13.0488195419,80.2804718018,50343,50353,10
13.049539566,80.2805786133,50353,50363,10
13.0502996445,80.280670166,50363,50373,10
13.0508298874,80.2807693481,50373,50383,10
13.0514698029,80.2808609009,50383,50393,10
13.0522203445,80.2809829712,50393,50404,11
13.0530595779,80.2811126709,50404,50414,10
13.0539503098,80.2812576294,50414,50424,10
13.0549097061,80.2814407349,50424,50434,10
13.055680275,80.2816162109,50434,50444,10
13.0563402176,80.28175354,50444,50454,10
13.056429863,80.2817687988,50454,50464,10
13.0565004349,80.2817993164,50464,50474,10
13.0570001602,80.2819137573,50474,50484,10
13.0577697754,80.2820663452,50484,50494,10
13.0588998795,80.2823181152,50494,50504,10
13.0599403381,80.2825317383,50504,50515,11
13.0607995987,80.282699585,50515,50525,10
13.061340332,80.2828292847,50525,50535,10
13.062040329,80.2829589844,50535,50545,10
13.0628995895,80.2831192017,50545,50555,10
13.063079834,80.2831573486,50555,50565,10
13.0631904602,80.2832183838,50565,50575,10
13.0636301041,80.2833633423,50575,50585,10
13.0642995834,80.2835083008,50585,50595,10
13.0651102066,80.2836685181,50595,50605,10
13.0660200119,80.2838592529,50605,50616,11
13.0670995712,80.2840881348,50616,50626,10
13.0675096512,80.2841491699,50626,50636,10
13.0675096512,80.2841567993,50636,50646,10
13.0676002502,80.2841567993,50646,50656,10
13.0680704117,80.2842178345,50656,50666,10
13.0687999725,80.2843780518,50666,50676,10
13.0697002411,80.2845993042,50676,50686,10
13.0707998276,80.2848815918,50686,50696,10
13.0716295242,80.2851028442,50696,50706,10
13.0724201202,80.2852706909,50706,50722,16
13.0736999512,80.2852783203,50722,50735,13
13.0738201141,80.2853393555,50735,50745,10
13.0739803314,80.2855224609,50745,50755,10
13.0740604401,80.2856521606,50755,50765,10
13.0743598938,80.2860183716,50765,50775,10
13.0749702454,80.2864227295,50775,50785,10
13.0755395889,80.2867584229,50785,50795,10
13.0765600204,80.287109375,50795,50805,10
13.0777301788,80.287437439,50805,50815,10
13.0786504745,80.2876815796,50815,50825,10
13.0790100098,80.2878036499,50825,50835,10
13.0796203613,80.2880172729,50835,50846,11
13.0807695389,80.2882614136,50846,50866,20
13.0807695389,80.2882614136,50866,50876,10
13.0808296204,80.2882919312,50876,50886,10
13.081199646,80.2883987427,50886,50896,10
13.0817298889,80.2885665894,50896,50906,10
13.0827999115,80.2890396118,50906,50916,10
13.0838298798,80.2891311646,50916,50926,10
13.084810257,80.2891082764,50926,50936,10
13.0862798691,80.2893829346,50936,50947,11
13.0876102448,80.2898101807,50947,50957,10
13.0884599686,80.2901077271,50957,50967,10
13.0888004303,80.2901229858,50967,50977,10
13.0888595581,80.2901992798,50977,51027,50
13.0888595581,80.2901992798,51027,51037,10
13.0886802673,80.2904129028,51037,51047,10
13.0881795883,80.2901916504,51047,51058,11
13.0872497559,80.2898178101,51058,51068,10
13.0863800049,80.2895736694,51068,51078,10
13.0857200623,80.2893600464,51078,51088,10
13.0853395462,80.2887268066,51088,51098,10
13.0851402283,80.2879714966,51098,51108,10
13.0851402283,80.287322998,51108,51118,10
13.0852003098,80.286567688,51118,51128,10
13.085269928,80.2858428955,51128,51138,10
13.0853395462,80.2850570679,51138,51148,10
13.0852603912,80.2842178345,51148,51158,10
13.0853595734,80.2839431763,51158,51169,11
13.0853996277,80.2837982178,51169,51179,10
13.0854301453,80.283706665,51179,51189,10
13.0855398178,80.283531189,51189,51205,16
13.0860595703,80.2835388184,51205,51217,12
13.0866098404,80.283821106,51217,51225,8
13.0870800018,80.2839126587,51225,51237,12
13.087770462,80.2839202881,51237,53197,1960
13.087770462,80.2839202881,53197,53207,10
13.0880498886,80.2838287354,53207,53237,30
13.0880498886,80.2838287354,53237,53248,11
13.0882301331,80.2835235596,53248,53258,10
13.0882997513,80.2833175659,53258,53268,10
13.0882997513,80.282989502,53268,53278,10
13.0883302689,80.282699585,53278,53288,10
13.0883398056,80.2826080322,53288,53298,10
13.0883197784,80.282371521,53298,53308,10
13.0882501602,80.2819519043,53308,53318,10
13.0881004333,80.281463623,53318,53328,10
13.0884599686,80.2815322876,53328,53359,31
13.0885000229,80.2820205688,53359,53379,20
13.0884199142,80.2821884155,53379,53426,47
13.0883798599,80.2825698853,53426,53447,21
13.0883998871,80.2826919556,53447,53489,42
13.0883302689,80.2830734253,53489,53529,40
13.0883197784,80.2834396362,53529,53559,30
13.0883197784,80.2834396362,53559,53570,11
13.0883197784,80.2838287354,53570,53580,10
13.0883302689,80.2841567993,53580,53590,10
13.0883903503,80.2848892212,53590,53660,70
13.0883903503,80.2848892212,53660,53670,10
13.0884199142,80.2853469849,53670,53680,10
13.0884399414,80.2855377197,53680,53691,11
13.0884103775,80.2858276367,53691,53701,10
13.0884103775,80.2861175537,53701,53711,10
13.0884399414,80.2863388062,53711,53721,10
13.0884599686,80.2867279053,53721,53731,10
13.08852005,80.2872085571,53731,53740,9
13.088549614,80.2874298096,53740,53751,11
13.0886001587,80.2876663208,53751,53760,9
13.0886001587,80.2878112793,53760,53770,10
13.0886602402,80.2882614136,53770,53781,11
13.0886898041,80.28855896,53781,53791,10
13.0887098312,80.2889328003,53791,53802,11
13.088760376,80.2893295288,53802,53812,10
13.0887403488,80.2897033691,53812,53862,50
13.088760376,80.2900695801,53862,53921,59
13.088760376,80.2900695801,53921,53929,8
13.088760376,80.2902603149,53929,53941,12
13.0884799957,80.2903366089,53941,53951,10
13.0881900787,80.2901763916,53951,53961,10
13.0875997543,80.2899017334,53961,53971,10
13.0868196487,80.2895889282,53971,53981,10
13.0856704712,80.2892837524,53981,53991,10
13.0848302841,80.2891082764,53991,54001,10
13.0839004517,80.2892074585,54001,54012,11
13.0830602646,80.2892227173,54012,54022,10
13.0821199417,80.288848877,54022,54032,10
13.0810403824,80.288482666,54032,54042,10
13.080160141,80.2882232666,54042,54052,10
13.0800199509,80.2882003784,54052,54062,10
13.0799303055,80.2881774902,54062,54072,10
13.0794296265,80.2881011963,54072,54082,10
13.0786104202,80.2877502441,54082,54092,10
13.0775499344,80.2874603271,54092,54102,10
13.0762996674,80.2871398926,54102,54112,10
13.0751399994,80.2866592407,54112,54121,9
13.0742998123,80.2861785889,54121,54133,12
13.073220253,80.2859115601,54133,54143,10
13.0721998215,80.285369873,54143,54153,10
13.0708999634,80.2850418091,54153,54163,10
13.069560051,80.2847290039,54163,54173,10
13.0686502457,80.2845230103,54173,54183,10
13.0682697296,80.2844390869,54183,54193,10
13.0681695938,80.2844085693,54193,54203,10
13.067779541,80.284362793,54203,54213,10
13.0669698715,80.2842330933,54213,54223,10
13.0658998489,80.2839889526,54223,54233,10
13.0647497177,80.2837219238,54233,54244,11
13.0636997223,80.2834396362,54244,54254,10
13.0627298355,80.2831878662,54254,54264,10
13.0624904633,80.2831268311,54264,54274,10
13.0623197556,80.2830810547,54274,54283,9
13.0618200302,80.2829589844,54283,54294,11
13.0613203049,80.2828598022,54294,54304,10
13.0605297089,80.282699585,54304,54314,10
13.0598201752,80.2825622559,54314,54324,10
13.058930397,80.2823562622,54324,54334,10
13.05809021,80.2821884155,54334,54345,11
13.0577402115,80.282119751,54345,54355,10
13.0574398041,80.2820510864,54355,54365,10
13.056889534,80.2819366455,54365,54375,10
13.0566797256,80.2818908691,54375,54385,10
13.0561800003,80.281791687,54385,54395,10
13.0554304123,80.2816314697,54395,54405,10
13.0544595718,80.2814331055,54405,54415,10
13.0531997681,80.2811965942,54415,54425,10
13.0519104004,80.2810287476,54425,54435,10
13.0507698059,80.2808532715,54435,54445,10
13.0497503281,80.2807006836,54445,54455,10
13.0485200882,80.2805328369,54455,54466,11
13.0471801758,80.2803421021,54466,54476,10
13.0461397171,80.2801971436,54476,54486,10
13.0454597473,80.2801208496,54486,54496,10
13.044719696,80.2800216675,54496,54506,10
13.0437202454,80.2798690796,54506,54526,20
13.0437202454,80.2798690796,54526,54536,10
13.043680191,80.2798690796,54536,54546,10
13.0434398651,80.279838562,54546,54556,10
13.0428800583,80.2796936035,54556,54567,11
13.04185009,80.2795028687,54567,54577,10
13.0408496857,80.2793197632,54577,54587,10
13.0398902893,80.279083252,54587,54597,10
13.0391702652,80.2788925171,54597,54607,10
13.0388498306,80.2787628174,54607,54617,10
13.0382204056,80.2785415649,54617,54627,10
13.0373401642,80.2782974243,54627,54637,10
13.0366296768,80.2780532837,54637,54647,10
13.0361404419,80.2778701782,54647,54663,16
13.0354604721,80.2777633667,54663,54676,13
13.0348901749,80.2776870728,54676,54686,10
13.0342302322,80.2775268555,54686,54705,19
13.0342302322,80.2775268555,54705,54716,11
13.0339298248,80.2774429321,54716,54726,10
13.0336704254,80.2773971558,54726,54817,91
13.0336704254,80.2773971558,54817,54827,10
13.0334701538,80.27734375,54827,54837,10
13.0333795547,80.2771072388,54837,54847,10
13.0334196091,80.2769012451,54847,54857,10
13.0335302353,80.2766799927,54857,54898,41
13.0336399078,80.2762985229,54898,54938,40
13.0338897705,80.2764434814,54938,56070,1132
13.0338897705,80.2764434814,56070,56080,10
13.0335197449,80.2767562866,56080,56090,10
13.0334300995,80.2771377563,56090,56141,51
13.0334300995,80.2771377563,56141,56151,10
13.0333204269,80.2773971558,56151,56161,10
13.0331001282,80.2775421143,56161,56171,10
13.0327501297,80.2775726318,56171,56181,10
13.0323495865,80.2775726318,56181,56191,10
13.0319700241,80.2776412964,56191,56201,10
13.0315198898,80.2776412964,56201,56212,11
13.0310201645,80.2773666382,56212,56222,10
13.0307502747,80.2771911621,56222,56232,10
13.0303001404,80.2769622803,56232,56242,10
13.0297899246,80.2767791748,56242,56252,10
13.0291795731,80.2766113281,56252,56262,10
13.0286197662,80.2763824463,56262,56272,10
13.0280704498,80.2761917114,56272,56282,10
13.0275402069,80.275970459,56282,56292,10
13.0271196365,80.2757415771,56292,56302,10
13.0266895294,80.2755584717,56302,56312,10
13.0260095596,80.2752609253,56312,56323,11
13.0254001617,80.2750015259,56323,56333,10
13.0248298645,80.2747421265,56333,56343,10
13.0243597031,80.2744216919,56343,56379,36
13.0243597031,80.2744216919,56379,56391,12
13.0242900848,80.2742996216,56391,56399,8
13.0241203308,80.2741088867,56399,56411,12
13.0237398148,80.2735900879,56411,56421,10
13.0233001709,80.2730331421,56421,56432,11
13.0227203369,80.2722320557,56432,56442,10
13.0221395493,80.2714996338,56442,56452,10
13.0216302872,80.2708282471,56452,56462,10
13.0210800171,80.2701568604,56462,56472,10
13.02064991,80.2696228027,56472,56482,10
13.0202198029,80.2690811157,56482,56492,10
13.019610405,80.2683181763,56492,56502,10
13.0190496445,80.2676620483,56502,56512,10
13.0186901093,80.2669219971,56512,56522,10
13.0186100006,80.2660598755,56522,56532,10
13.0187196732,80.2655181885,56532,56542,10
13.0189199448,80.2648162842,56542,56553,11
13.0190200806,80.2639007568,56553,56563,10
13.0189599991,80.2634506226,56563,56573,10
13.0188903809,80.2629928589,56573,56583,10
13.0188503265,80.2625808716,56583,56593,10
13.0187797546,80.2619781494,56593,56603,10
13.018699646,80.2615203857,56603,56613,10
13.0183897018,80.2611312866,56613,56623,10
13.0179004669,80.2607803345,56623,56633,10
13.0172595978,80.2603530884,56633,56643,10
13.0165300369,80.2599029541,56643,56654,11
13.0155601501,80.2594528198,56654,56664,10
13.014550209,80.2593002319,56664,56674,10
13.0136203766,80.2592697144,56674,56684,10
13.0126399994,80.2592391968,56684,56694,10
13.0116996765,80.2592086792,56694,56704,10
13.0108299255,80.2591934204,56704,56714,10
13.009929657,80.2591781616,56714,56724,10
13.0090703964,80.259147644,56724,56734,10
13.0082502365,80.2591018677,56734,56744,10
13.0075502396,80.2588119507,56744,56761,17
13.0067300797,80.2578582764,56761,56773,12
13.0062198639,80.2574615479,56773,56783,10
13.0055599213,80.2573013306,56783,56793,10
13.0045795441,80.2570800781,56793,56803,10
13.0038700104,80.2569732666,56803,56811,8
13.0033998489,80.2568817139,56811,56824,13
13.0027999878,80.2567596436,56824,56834,10
13.0021400452,80.2566604614,56834,56895,61
13.0021400452,80.2566604614,56895,56918,23
13.001660347,80.2565383911,56918,56930,12
13.0009403229,80.256439209,56930,56940,10
13.0003499985,80.256362915,56940,56950,10
12.9994297028,80.256187439,56950,56960,10
12.9989204407,80.2560882568,56960,56970,10
12.9987401962,80.2560577393,56970,56980,10
12.9985198975,80.2560272217,56980,56991,11
12.998169899,80.2559890747,56991,57001,10
12.9976701736,80.2559432983,57001,57021,20
12.9976701736,80.2559432983,57021,57031,10
12.9975795746,80.2559127808,57031,57039,8
12.9972496033,80.2558898926,57039,57051,12
12.9968004227,80.255897522,57051,57061,10
12.9964799881,80.2559280396,57061,57071,10
12.9959697723,80.2558898926,57071,57081,10
12.995470047,80.2559280396,57081,57092,11
12.9947900772,80.2559432983,57092,57102,10
12.9942998886,80.2559814453,57102,57112,10
12.9937000275,80.2560501099,57112,57122,10
12.992890358,80.2561035156,57122,57132,10
12.9919395447,80.2561035156,57132,57142,10
12.9910001755,80.2560501099,57142,57152,10
12.9904699326,80.2560119629,57152,57162,10
12.9900598526,80.2560195923,57162,57172,10
12.9894800186,80.2559890747,57172,57182,10
12.9889202118,80.2559509277,57182,57192,10
12.9877700806,80.255821228,57192,57304,112
12.9877700806,80.255821228,57304,57314,10
12.9874000549,80.2557373047,57314,57324,10
12.986869812,80.2556533813,57324,57334,10
12.9861803055,80.255531311,57334,57344,10
12.9859895706,80.2555007935,57344,57354,10
12.9857997894,80.2554626465,57354,57364,10
12.9852399826,80.2552871704,57364,57374,10
12.98458004,80.2551269531,57374,57384,10
12.9841499329,80.2550506592,57384,57404,20
12.9841499329,80.2550506592,57404,57415,11
12.9837303162,80.2549591064,57415,57425,10
12.9831199646,80.2547912598,57425,57435,10
12.982460022,80.2545928955,57435,57445,10
12.9819803238,80.2540435791,57445,57455,10
12.981760025,80.2532196045,57455,57465,10
12.9812097549,80.252822876,57465,57475,10
12.9804897308,80.2527999878,57475,57485,10
12.9800701141,80.2527999878,57485,57495,10
12.9800395966,80.2527999878,57495,57505,10
12.9799098969,80.2527618408,57505,57515,10
12.9794797897,80.2527008057,57515,57526,11
12.9786701202,80.2525634766,57526,57536,10
12.9781398773,80.2522583008,57536,57546,10
12.9775800705,80.2517700195,57546,57556,10
12.976770401,80.2513198853,57556,57566,10
12.9759397507,80.2510604858,57566,57576,10
12.9750995636,80.250831604,57576,57586,10
12.9742002487,80.250579834,57586,57596,10
12.9731302261,80.250289917,57596,57606,10
12.9718904495,80.2499694824,57606,57616,10
12.9709300995,80.2497177124,57616,57626,10
12.969909668,80.2493515015,57626,57637,11
12.9688196182,80.248916626,57637,57647,10
12.9677200317,80.2484817505,57647,57657,10
12.9668197632,80.2480621338,57657,57667,10
12.9660596848,80.247718811,57667,57677,10
12.9657096863,80.2475891113,57677,57687,10
12.9656496048,80.2475585938,57687,57697,10
12.9651403427,80.2473220825,57697,57707,10
12.963549614,80.2467498779,57707,57735,28
12.963549614,80.2467498779,57735,57746,11
12.9632101059,80.2465896606,57746,57756,10
12.9625797272,80.2462615967,57756,57766,10
12.9617595673,80.245880127,57766,57776,10
12.9608297348,80.2454376221,57776,57786,10
12.9598903656,80.2450408936,57786,57796,10
12.9593801498,80.2448501587,57796,57806,10
12.9592504501,80.2447814941,57806,57816,10
12.9587898254,80.2445373535,57816,57826,10
12.9580402374,80.2442169189,57826,57836,10
12.9574403763,80.2440109253,57836,57846,10
12.9570398331,80.2438964844,57846,57857,11
12.9568595886,80.2438583374,57857,57877,20
12.9568595886,80.2438583374,57877,57887,10
12.9566602707,80.2437973022,57887,57897,10
12.9564599991,80.2437210083,57897,57937,40
12.9564599991,80.2437210083,57937,57947,10
12.9559497833,80.2435379028,57947,57957,10
12.9552097321,80.2431335449,57957,57967,10
12.954369545,80.2427597046,57967,57978,11
12.9537000656,80.242477417,57978,57988,10
12.9529600143,80.242149353,57988,57998,10
12.9519796371,80.2417678833,57998,58008,10
12.9508600235,80.2413787842,58008,58018,10
12.9499998093,80.2411193848,58018,58028,10
12.9493303299,80.2409210205,58028,58038,10
12.9488697052,80.2407531738,58038,58048,10
12.9483003616,80.2405166626,58048,58058,10
12.9476003647,80.2402191162,58058,58068,10
12.9472703934,80.2400588989,58068,58079,11
12.9471101761,80.239982605,58079,58089,10
12.946680069,80.2397994995,58089,58099,10
12.945980072,80.2395095825,58099,58109,10
12.9453496933,80.2392120361,58109,58119,10
12.944849968,80.2388000488,58119,58129,10
12.9442596436,80.2381362915,58129,58139,10
12.9436397552,80.237449646,58139,58149,10
12.9428901672,80.2367706299,58149,58159,10
12.9419002533,80.2363204956,58159,58169,10
12.9407596588,80.2360534668,58169,58180,11
12.9397697449,80.235748291,58180,58190,10
12.9387798309,80.2353134155,58190,58200,10
12.9376001358,80.2347183228,58200,58210,10
12.9365196228,80.2342071533,58210,58220,10
12.9358596802,80.2339019775,58220,58230,10
12.9356203079,80.2340164185,58230,58240,10
12.9354696274,80.2344818115,58240,58250,10
12.9351997375,80.2351989746,58250,58260,10
12.9351396561,80.2353820801,58260,58270,10
12.9349298477,80.2354202271,58270,58280,10
12.9346199036,80.2352600098,58280,58291,11
12.934009552,80.2350082397,58291,58301,10
12.9338102341,80.2351531982,58301,58311,10
12.9336900711,80.2357406616,58311,58321,10
12.9334897995,80.2362213135,58321,58331,10
12.9330596924,80.2361221313,58331,58341,10
12.9330396652,80.2361221313,58341,58351,10
12.9329595566,80.2362365723,58351,58361,10
12.9329395294,80.236579895,58361,58371,10
12.9328098297,80.2370605469,58371,58381,10
12.93268013,80.2373886108,58381,58391,10
12.9324798584,80.2378768921,58391,58402,11
12.9322795868,80.2384719849,58402,58412,10
12.9321403503,80.2386779785,58412,58422,10
12.9317398071,80.2387313843,58422,58432,10
12.9312295914,80.238571167,58432,58462,30
12.9312295914,80.238571167,58462,58472,10
12.9310903549,80.2385025024,58472,58482,10
12.9307603836,80.2383804321,58482,58492,10
12.9302797318,80.2382125854,58492,58502,10
12.9297704697,80.237991333,58502,58513,11
12.9295301437,80.2380828857,58513,58523,10
12.9294595718,80.2383728027,58523,58533,10
12.9293298721,80.238861084,58533,58543,10
12.9291200638,80.2390365601,58543,58593,50
12.9291200638,80.2390365601,58593,58603,10
12.929019928,80.2389984131,58603,58613,10
12.9286203384,80.2388763428,58613,58624,11
12.9280004501,80.2387237549,58624,58634,10
12.9273700714,80.238571167,58634,58644,10
12.9266796112,80.2383880615,58644,58654,10
12.9260501862,80.238243103,58654,58664,10
12.9258699417,80.2382125854,58664,58674,10
12.9257097244,80.2382583618,58674,58684,10
12.9253902435,80.2384490967,58684,58694,10
12.9248600006,80.2382583618,58694,58704,10
12.9252004623,80.2381134033,58704,58714,10
12.9254198074,80.2382278442,58714,58724,10
12.9255504608,80.2381362915,58724,58735,11
12.9260396957,80.2382583618,58735,58745,10
12.9271097183,80.2384796143,58745,58846,101
12.9271097183,80.2384796143,58846,58856,10
12.9272403717,80.2385482788,58856,58866,10
12.9277601242,80.2386703491,58866,58876,10
12.9282197952,80.2387695313,58876,58906,30
12.9282197952,80.2387695313,58906,58916,10
12.9284801483,80.2388076782,58916,58926,10
12.9288902283,80.2389221191,58926,58936,10
12.9289102554,80.2389297485,58936,58947,11
12.9290704727,80.2389678955,58947,58957,10
12.9292697906,80.2390136719,58957,58967,10
12.9293403625,80.2388687134,58967,58977,10
12.9294700623,80.2385025024,58977,58987,10
12.929599762,80.2380981445,58987,58997,10
12.9298496246,80.2380371094,58997,59007,10
12.930439949,80.2382583618,59007,59017,10
12.9312200546,80.23853302,59017,59037,20
12.9312200546,80.23853302,59037,59047,10
12.9313001633,80.2385635376,59047,59058,11
12.9315500259,80.2386627197,59058,59068,10
12.9319801331,80.2387771606,59068,59078,10
12.932220459,80.2385787964,59078,59088,10
12.932299614,80.2383422852,59088,59098,10
12.9324598312,80.237953186,59098,59108,10
12.9325895309,80.2376022339,59108,59118,10
12.9326400757,80.237487793,59118,59128,10
12.9327096939,80.2372894287,59128,59138,10
12.932800293,80.2370376587,59138,59148,10
12.9329204559,80.2366104126,59148,59158,10
12.9329795837,80.2362594604,59158,59169,11
12.9332895279,80.2361907959,59169,59179,10
12.9335803986,80.2361221313,59179,59189,10
12.9336996078,80.2356109619,59189,59199,10
12.9338903427,80.2350387573,59199,59209,10
12.9341802597,80.2351226807,59209,59219,10
12.9347200394,80.2353591919,59219,59229,10
12.9349899292,80.2354736328,59229,59239,10
12.9351701736,80.2353668213,59239,59249,10
12.935259819,80.2350997925,59249,59259,10
12.9353399277,80.23487854,59259,59269,10
12.9354801178,80.2345809937,59269,59280,11
12.9356603622,80.234161377,59280,59290,10
12.9357500076,80.2339630127,59290,59300,10
12.9360198975,80.233833313,59300,59310,10
12.9365596771,80.2341079712,59310,59320,10
12.9374103546,80.2345199585,59320,59330,10
12.9384002686,80.2350082397,59330,59340,10
12.9391899109,80.2353973389,59340,59350,10
12.939330101,80.2354736328,59350,59360,10
12.939450264,80.2355499268,59360,59370,10
12.9395799637,80.2356262207,59370,59380,10
12.9397602081,80.2356872559,59380,59391,11
12.9405298233,80.2359619141,59391,59407,16
12.9422302246,80.2363815308,59407,59419,12
12.9435100555,80.2371673584,59419,59429,10
12.944439888,80.2381973267,59429,59439,10
12.9454402924,80.2391891479,59439,59449,10
12.9465398788,80.2397232056,59449,59459,10
12.9470596313,80.2399215698,59459,59468,9
12.9471597672,80.2399597168,59468,59480,12
12.9473400116,80.240020752,59480,59490,10
12.9478197098,80.2402496338,59490,59501,11
12.9486198425,80.2405929565,59501,59511,10
12.9491300583,80.2407836914,59511,59520,9
12.9497995377,80.2410125732,59520,59531,11
12.950750351,80.2413024902,59531,59541,10
12.9512300491,80.2414093018,59541,59550,9
12.9512701035,80.2414398193,59550,59561,11
12.9517202377,80.241607666,59561,59571,10
12.9522304535,80.2418365479,59571,59580,9
12.95291996,80.2421035767,59580,59591,11
12.9536399841,80.2423400879,59591,59600,9
12.9540300369,80.2424697876,59600,59612,12
12.9548597336,80.2428283691,59612,59622,10
12.9555397034,80.2430801392,59622,59632,10
12.9559402466,80.2432022095,59632,59642,10
12.9561300278,80.243270874,59642,59713,71
12.9561300278,80.243270874,59713,59723,10
12.9565000534,80.2434005737,59723,59733,10
12.956990242,80.2436218262,59733,59743,10
12.9577798843,80.2439880371,59743,59753,10
12.9589195251,80.244468689,59753,59783,30
12.9589195251,80.244468689,59783,59793,10
12.959230423,80.2446212769,59793,59803,10
12.9598903656,80.2449417114,59803,59813,10
12.9607601166,80.2453308105,59813,59824,11
12.9619398117,80.2459030151,59824,59834,10
12.9629001617,80.2463684082,59834,59844,10
12.9633197784,80.2466125488,59844,59854,10
12.9635801315,80.2467193604,59854,59864,10
12.9639396667,80.2468795776,59864,59874,10
12.9642095566,80.2469787598,59874,59884,10
12.9644603729,80.2470626831,59884,59894,10
12.9647798538,80.2471694946,59894,59904,10
12.9650402069,80.2472610474,59904,59914,10
12.9653396606,80.2473373413,59914,59924,10
12.965669632,80.2474212646,59924,59935,11
12.9663696289,80.247718811,59935,59945,10
12.9668798447,80.2479629517,59945,59965,20
12.9668798447,80.2479629517,59965,59975,10
12.967089653,80.2481079102,59975,59985,10
12.9676704407,80.2483520508,59985,59995,10
12.9685697556,80.2487106323,59995,60005,10
12.9696397781,80.2491531372,60005,60015,10
12.9709501266,80.2496414185,60015,60025,10
12.9724397659,80.2500534058,60025,60035,10
12.9737300873,80.2503967285,60035,60046,11
12.9753198624,80.2508468628,60046,60056,10
12.9766197205,80.2512207031,60056,60066,10
12.9775495529,80.2515869141,60066,60076,10
12.9784402847,80.2522964478,60076,60096,20
12.9784402847,80.2522964478,60096,60106,10
12.9786396027,80.2524032593,60106,60116,10
12.9789600372,80.2525405884,60116,60126,10
12.9792995453,80.2525787354,60126,60187,61
12.9792995453,80.2525787354,60187,60197,10
12.9796304703,80.2526397705,60197,60207,10
12.980099678,80.2526779175,60207,60217,10
12.9804296494,80.2526626587,60217,60308,91
12.9804296494,80.2526626587,60308,60318,10
12.9807596207,80.2526626587,60318,60328,10
12.9810800552,80.2526321411,60328,60338,10
12.981300354,80.2526016235,60338,60348,10
12.9815502167,80.2525863647,60348,60358,10
12.9818496704,80.252571106,60358,60369,11
12.9820995331,80.2525634766,60369,60379,10
12.9821996689,80.2525634766,60379,60389,10
12.9824199677,80.2525482178,60389,60399,10
12.9827404022,80.2525482178,60399,60409,10
12.9830303192,80.252532959,60409,60419,10
12.9832401276,80.2525405884,60419,60429,10
12.9834098816,80.2525100708,60429,60439,10
12.9837999344,80.2524032593,60439,60591,152
12.9837999344,80.2524032593,60591,60601,10
12.9841403961,80.2522964478,60601,60611,10
12.9844198227,80.252243042,60611,60621,10
12.9845895767,80.2521820068,60621,60631,10
12.984749794,80.2521514893,60631,60641,10
12.9849996567,80.2520675659,60641,60651,10
12.9851999283,80.2520217896,60651,60661,10
12.9854602814,80.2519683838,60661,60671,10
12.985710144,80.2519073486,60671,60722,51
12.985710144,80.2519073486,60722,60732,10
12.9860401154,80.2517929077,60732,60742,10
12.9865703583,80.251663208,60742,60752,10
12.9870300293,80.2515411377,60752,60762,10
12.9874000549,80.2514266968,60762,60772,10
12.987859726,80.2514190674,60772,60782,10
12.9879703522,80.2518310547,60782,60792,10
12.9880199432,80.2519683838,60792,60803,11
12.9880504608,80.2523803711,60803,60813,10
12.9879398346,80.2532424927,60813,60823,10
12.9878501892,80.2540512085,60823,60833,10
12.9879598618,80.2544326782,60833,60843,10
12.988240242,80.2544708252,60843,60853,10
12.9882698059,80.2547225952,60853,60863,10
12.988240242,80.2552337646,60863,60873,10
12.9882297516,80.2554702759,60873,60883,10
12.9882602692,80.2558364868,60883,60912,29
12.9882602692,80.2558364868,60912,60923,11
12.9884500504,80.2559127808,60923,60933,10
12.9887895584,80.2559280396,60933,60943,10
12.9888000488,80.2559509277,60943,60953,10
12.9890604019,80.2559814453,60953,60963,10
12.9897603989,80.2560424805,60963,60973,10
12.9904603958,80.2559890747,60973,60983,10
12.991109848,80.2560424805,60983,60993,10
12.9918699265,80.2560501099,60993,61003,10
12.9925899506,80.2560577393,61003,61013,10
12.9930200577,80.2560272217,61013,61024,11
12.993350029,80.2560119629,61024,61034,10
12.9935598373,80.2559585571,61034,61044,10
12.9936504364,80.2559509277,61044,61054,10
12.9939603806,80.2559661865,61054,61064,10
12.99421978,80.2559585571,61064,61125,61
12.99421978,80.2559585571,61125,61135,10
12.9947795868,80.2558517456,61135,61145,10
12.995059967,80.2558364868,61145,61155,10
12.9952001572,80.255821228,61155,61165,10
12.9952802658,80.2558135986,61165,61175,10
12.9957199097,80.255859375,61175,61225,50
12.9957199097,80.255859375,61225,61236,11
12.9961500168,80.2559280396,61236,61246,10
12.9964895248,80.255897522,61246,61256,10
12.9967403412,80.2558898926,61256,61266,10
12.9969797134,80.255897522,61266,61276,10
12.9973096848,80.255897522,61276,61286,10
12.9977302551,80.2559204102,61286,61296,10
12.9979696274,80.2559280396,61296,61306,10
12.9983196259,80.2559585571,61306,61316,10
12.9985399246,80.2559967041,61316,61326,10
12.9989700317,80.256072998,61326,61347,21
12.9989700317,80.256072998,61347,61357,10
12.9991903305,80.256072998,61357,61377,20
12.9991903305,80.256072998,61377,61387,10
12.9992904663,80.256072998,61387,61397,10
12.9996595383,80.2561798096,61397,61407,10
13.000169754,80.2562866211,61407,61417,10
13.0008897781,80.256439209,61417,61425,8
13.0015001297,80.2565231323,61425,61437,12
13.0023803711,80.2566833496,61437,61447,10
13.0030002594,80.2568130493,61447,61458,11
13.003569603,80.2569198608,61458,61468,10
13.0040102005,80.2570037842,61468,61478,10
13.0045204163,80.2571029663,61478,61488,10
13.0051898956,80.2571792603,61488,61498,10
13.0061597824,80.2573928833,61498,61558,60
13.0061597824,80.2573928833,61558,61569,11
13.006529808,80.2574386597,61569,61579,10
13.0068902969,80.2577819824,61579,61589,10
13.0071496964,80.2582778931,61589,61599,10
13.0075702667,80.2586364746,61599,61609,10
13.0082597733,80.2589035034,61609,61619,10
13.0084896088,80.2589569092,61619,61629,10
13.008890152,80.2590866089,61629,61639,10
13.0094404221,80.2590789795,61639,61649,10
13.0104103088,80.2591171265,61649,61659,10
13.0116701126,80.2591171265,61659,61669,10
13.0131397247,80.2592163086,61669,61680,11
13.0148296356,80.259262085,61680,61690,10
13.0159196854,80.2594223022,61690,61700,10
13.0164299011,80.2597122192,61700,61720,20
13.0164299011,80.2597122192,61720,61730,10
13.0165901184,80.2599029541,61730,61740,10
13.0168199539,80.2600479126,61740,61750,10
13.0172595978,80.2603378296,61750,61760,10
13.0178899765,80.2607574463,61760,61770,10
13.0183801651,80.2611083984,61770,61781,11
13.0188598633,80.2614822388,61781,61791,10
13.0192298889,80.2617797852,61791,61801,10
13.0195503235,80.2620773315,61801,61811,10
13.0199403763,80.2624816895,61811,61821,10
13.0203399658,80.2629776001,61821,61831,10
13.0200395584,80.2630386353,61831,61841,10
13.0194501877,80.2629928589,61841,61851,10
13.0190095901,80.2630615234,61851,61861,10
13.019080162,80.2636032104,61861,61871,10
13.0191297531,80.2642822266,61871,61881,10
13.018910408,80.2651367188,61881,61891,10
13.0187997818,80.2655715942,61891,61902,11
13.018699646,80.2663116455,61902,61912,10
13.0188398361,80.2671890259,61912,61922,10
13.0193195343,80.2678833008,61922,61932,10
13.0198297501,80.2685089111,61932,61942,10
13.0203695297,80.269203186,61942,61952,10
13.0208597183,80.2697906494,61952,61962,10
13.0213603973,80.270362854,61962,61972,10
13.0214595795,80.2704772949,61972,61982,10
13.0215702057,80.2706069946,61982,61992,10
13.0219402313,80.2710876465,61992,62003,11
13.0225000381,80.2718429565,62003,62013,10
13.0230798721,80.2726211548,62013,62023,10
13.023440361,80.2731018066,62023,62033,10
13.0234804153,80.273147583,62033,62043,10
13.023730278,80.2734909058,62043,62053,10
13.0241003036,80.2740097046,62053,62063,10
13.0245103836,80.2744827271,62063,62073,10
13.0253601074,80.2749404907,62073,62093,20
13.0253601074,80.2749404907,62093,62104,11
13.0256996155,80.2751083374,62104,62114,10
13.0261001587,80.2752990723,62114,62124,10
13.0266599655,80.2755584717,62124,62134,10
13.0272197723,80.2758483887,62134,62144,10
13.0278902054,80.2761077881,62144,62154,10
13.0281801224,80.276222229,62154,62164,10
13.0284900665,80.2763366699,62164,62174,10
13.0290403366,80.2765426636,62174,62194,20
13.0290403366,80.2765426636,62194,62204,10
13.0295801163,80.2766876221,62204,62225,21
13.0295801163,80.2766876221,62225,62235,10
13.0298595428,80.2767486572,62235,62255,20
13.0298595428,80.2767486572,62255,62265,10
13.0302600861,80.2769622803,62265,62275,10
13.0306596756,80.2771530151,62275,62295,20
13.0306596756,80.2771530151,62295,62305,10
13.0308704376,80.2772827148,62305,62315,10
13.0312004089,80.2774810791,62315,62326,11
13.0316095352,80.2775878906,62326,62336,10
13.0319595337,80.277557373,62336,62346,10
13.032500267,80.2774734497,62346,62396,50
13.032500267,80.2774734497,62396,62406,10
13.0328798294,80.2774734497,62406,62416,10
13.0334701538,80.2773132324,62416,62426,10
13.0340595245,80.2774276733,62426,62437,11
13.0346002579,80.2776031494,62437,62447,10
13.0352697372,80.2777099609,62447,62456,9
13.0357599258,80.2778091431,62456,62467,11
13.0364599228,80.2779464722,62467,62477,10
13.0370597839,80.2781982422,62477,62487,10
13.0373497009,80.2783203125,62487,62497,10
13.0380001068,80.278503418,62497,62507,10
13.0388002396,80.2787017822,62507,62517,10
13.0388402939,80.278717041,62517,62527,10
13.0389499664,80.2787475586,62527,62538,11
13.0393295288,80.2788772583,62538,62548,10
13.0399904251,80.2790603638,62548,62558,10
13.0408697128,80.2792892456,62558,62568,10
13.0419397354,80.2794570923,62568,62578,10
13.0430803299,80.2795791626,62578,62638,60
13.0430803299,80.2795791626,62638,62649,11
13.0431499481,80.2796096802,62649,62659,10
13.0436000824,80.2797393799,62659,62669,10
13.0442399979,80.2798919678,62669,62679,10
13.0449199677,80.2799987793,62679,62695,16
13.0456600189,80.280090332,62695,62707,12
13.0458097458,80.2801208496,62707,62717,10
13.0462398529,80.2801818848,62717,62727,10
13.0469999313,80.2802886963,62727,62736,9
13.0476999283,80.280380249,62736,62747,11
13.0485601425,80.2805099487,62747,62757,10
13.0494203568,80.2806396484,62757,62768,11
13.0505199432,80.2808227539,62768,62778,10
13.0515403748,80.2809829712,62778,62788,10
13.0524301529,80.2810974121,62788,62798,10
13.0532999039,80.2812271118,62798,62808,10
13.0543003082,80.2814025879,62808,62818,10
13.0553197861,80.2816009521,62818,62828,10
13.0562295914,80.2817611694,62828,62848,20
13.0562295914,80.2817611694,62848,62858,10
13.0562696457,80.2817764282,62858,62869,11
13.0565595627,80.2818374634,62869,62879,10
13.0569601059,80.2819213867,62879,62889,10
13.0574197769,80.2820281982,62889,62899,10
13.0579500198,80.2821273804,62899,62909,10
13.0587797165,80.2823104858,62909,62919,10
13.0596199036,80.2824935913,62919,62929,10
13.0604600906,80.282661438,62929,62939,10
13.061249733,80.2828292847,62939,62949,10
13.0619697571,80.2829971313,62949,62959,10
13.0625295639,80.2831192017,62959,62969,10
13.0625896454,80.2831268311,62969,62980,11
13.0631198883,80.2832489014,62980,63000,20
13.0631198883,80.2832489014,63000,63010,10
13.063170433,80.2832794189,63010,63020,10
13.0634698868,80.2833404541,63020,63030,10
13.063949585,80.2834396362,63030,63104,74
13.063949585,80.2834396362,63104,63114,10
13.0642499924,80.2834777832,63114,63124,10
13.064909935,80.2836303711,63124,63134,10
13.0658597946,80.2838516235,63134,63144,10
13.0670404434,80.2841186523,63144,63152,8
13.0679197311,80.2842712402,63152,63163,11
13.069029808,80.2845077515,63163,63174,11
13.0701303482,80.2847824097,63174,63184,10
13.0710897446,80.2850189209,63184,63194,10
13.0720796585,80.2852630615,63194,63205,11
13.0729999542,80.2852630615,63205,63215,10
13.0734395981,80.2852401733,63215,63235,20
13.0734395981,80.2852401733,63235,63245,10
13.0736999512,80.2853088379,63245,63255,10
13.0739002228,80.2854995728,63255,63265,10
13.0743198395,80.2860412598,63265,63275,10
13.0750398636,80.286529541,63275,63285,10
13.0758800507,80.2870101929,63285,63295,10
13.0768404007,80.2872619629,63295,63306,11
13.0778598785,80.2875213623,63306,63316,10
13.0787200928,80.2877426147,63316,63325,9
13.0792999268,80.2880020142,63325,63336,11
13.0798397064,80.2880783081,63336,63346,10
13.0798501968,80.2880706787,63346,63356,10
13.0802602768,80.2881698608,63356,63366,10
13.0807695389,80.2883071899,63366,63376,10
13.0807695389,80.2883224487,63376,63386,10
13.0809698105,80.2884216309,63386,63396,10
13.0815496445,80.2885894775,63396,63407,11
13.0823802948,80.2889175415,63407,63417,10
13.0832099915,80.2892303467,63417,63427,10
13.0839595795,80.2892303467,63427,63437,10
13.0849599838,80.2891921997,63437,63447,10
13.0859804153,80.289352417,63447,63457,10
13.0871200562,80.2896575928,63457,63467,10
13.0881299973,80.2900695801,63467,63477,10
13.0887403488,80.2901229858,63477,63497,20
13.0887403488,80.2901229858,63497,63507,10
13.0888395309,80.2903671265,63507,63518,11
13.0884103775,80.2903366089,63518,63528,10
13.0880804062,80.2901611328,63528,63538,10
13.0874300003,80.2899398804,63538,63548,10
13.0865802765,80.289680481,63548,63558,10
13.0858602524,80.2894897461,63558,63568,10
13.0854301453,80.2888793945,63568,63578,10
13.0851602554,80.2881469727,63578,63588,10
13.0851297379,80.2875366211,63588,63598,10
13.0851802826,80.2866973877,63598,63608,10
13.0852603912,80.2856903076,63608,63618,10
13.0852499008,80.2842636108,63618,63659,41
13.0852499008,80.2842636108,63659,63669,10
13.0852804184,80.2840194702,63669,63679,10
13.0853796005,80.2838134766,63679,63689,10
13.0854196548,80.2835998535,63689,63699,10
13.0856304169,80.283531189,63699,63709,10
13.0860795975,80.2835617065,63709,63719,10
13.0864400864,80.2837600708,63719,63729,10
13.0868597031,80.283996582,63729,63740,11
13.0873298645,80.2839584351,63740,63750,10
13.0876703262,80.2839584351,63750,63810,60
13.0880804062,80.2839431763,63810,64638,828
13.0880804062,80.2839431763,64638,64648,10
13.0880899429,80.2837600708,64648,64688,40
13.0880899429,80.2837600708,64688,64698,10
13.0882396698,80.2834014893,64698,64729,31
13.0882396698,80.2834014893,64729,64739,10
13.0883102417,80.2829666138,64739,64749,10
13.0883102417,80.2827529907,64749,64759,10
13.0882997513,80.2825393677,64759,64769,10
13.0882701874,80.2823562622,64769,64779,10
13.0882196426,80.282081604,64779,64789,10
13.0880899429,80.2817230225,64789,64799,10
13.0881204605,80.2815322876,64799,64809,10
13.0883798599,80.2815628052,64809,64819,10
13.0885601044,80.2817001343,64819,64830,11
13.088549614,80.2819366455,64830,64840,10
13.0885000229,80.2822265625,64840,64850,10
13.0884199142,80.2826385498,64850,64866,16
13.0883598328,80.2833862305,64866,64878,12
13.0883798599,80.2837371826,64878,64886,8
13.0883998871,80.2840194702,64886,64898,12
13.0884504318,80.2845993042,64898,64918,20
13.0884504318,80.2845993042,64918,64929,11
13.0884799957,80.2847366333,64929,64939,10
13.0884799957,80.2850799561,64939,64949,10
13.0885000229,80.2855072021,64949,64959,10
13.08852005,80.2858810425,64959,64969,10
13.0885295868,80.2863311768,64969,64979,10
13.08852005,80.286529541,64979,64989,10
13.0885400772,80.2869262695,64989,64999,10
13.0886001587,80.2873764038,64999,65009,10
13.0886201859,80.2874679565,65009,65020,11
13.088640213,80.287727356,65020,65030,10
13.0886802673,80.2882080078,65030,65041,11
13.0887002945,80.28855896,65041,65051,10
13.0887203217,80.288772583,65051,65061,10
13.0887804031,80.2892227173,65061,65081,20
13.0887804031,80.2892227173,65081,65091,10
13.0887804031,80.2894592285,65091,65101,10
13.088809967,80.2900009155,65101,65202,101
13.088809967,80.2900009155,65202,65212,10
13.0888004303,80.2903671265,65212,65222,10
13.0886297226,80.2905197144,65222,65232,10
13.0882301331,80.2902984619,65232,65242,10
13.0877399445,80.2900390625,65242,65253,11
13.0870800018,80.2897415161,65253,65263,10
13.0862998962,80.2894821167,65263,65273,10
13.0853996277,80.2892837524,65273,65283,10
13.0845603943,80.2892379761,65283,65293,10
13.0834903717,80.2892837524,65293,65303,10
13.0826101303,80.289100647,65303,65313,10
13.0817804337,80.2887802124,65313,65323,10
13.0809497833,80.2885284424,65323,65343,20
13.0809497833,80.2885284424,65343,65353,10
13.0807695389,80.2884597778,65353,65363,10
13.0804300308,80.2883529663,65363,65374,11
13.0803003311,80.2883071899,65374,65384,10
13.0801496506,80.2882614136,65384,65394,10
13.080039978,80.2882385254,65394,65404,10
13.0799102783,80.2882232666,65404,65420,16
13.0790300369,80.287979126,65420,65432,12
13.0779495239,80.287612915,65432,65442,10
13.0770702362,80.2873764038,65442,65452,10
13.0756502151,80.2869873047,65452,65462,10
13.0748500824,80.2865371704,65462,65472,10
13.074379921,80.286277771,65472,65483,11
13.0737104416,80.2860870361,65483,65493,10
13.0732002258,80.285949707,65493,65502,9
13.072719574,80.28565979,65502,65513,11
13.0718402863,80.2853317261,65513,65523,10
13.0709400177,80.2851028442,65523,65532,9
13.0700397491,80.2848815918,65532,65543,11
13.0695800781,80.2847595215,65543,65553,10
13.0692996979,80.2846984863,65553,65563,10
13.068860054,80.2845916748,65563,65573,10
13.0684499741,80.2844772339,65573,65583,10
13.0681495667,80.2844085693,65583,65603,20
13.0681495667,80.2844085693,65603,65614,11
13.0678300858,80.2843780518,65614,65624,10
13.0670204163,80.2842636108,65624,65634,10
13.0660600662,80.2840270996,65634,65644,10
13.0652503967,80.2838592529,65644,65654,10
13.0648803711,80.283782959,65654,65664,10
13.064620018,80.2837219238,65664,65674,10
13.0642299652,80.2836303711,65674,65684,10
13.0638399124,80.283531189,65684,65695,11
13.0636997223,80.2835006714,65695,65705,10
13.063249588,80.2833862305,65705,65715,10
13.06291008,80.2833099365,65715,65725,10
13.0625801086,80.283241272,65725,65745,20
13.062379837,80.2832183838,65745,65755,10
13.062379837,80.2832183838,65755,65765,10
13.0620098114,80.2831115723,65765,65775,10
13.0617399216,80.2830429077,65775,65785,10
13.0614595413,80.2829666138,65785,65795,10
13.0613298416,80.2829208374,65795,65806,11
13.0609302521,80.2828369141,65806,65816,10
13.0604600906,80.2827301025,65816,65827,11
13.059800148,80.2826004028,65827,65837,10
13.0590000153,80.2824325562,65837,65847,10
13.0582799911,80.2822799683,65847,65857,10
13.0576400757,80.2821578979,65857,65876,19
13.0576400757,80.2821578979,65876,65886,10
13.0574102402,80.2820968628,65886,65897,11
13.0568599701,80.2819976807,65897,65908,11
13.05671978,80.2819671631,65908,65918,10
13.0566596985,80.2819595337,65918,65928,10
13.0564002991,80.2819137573,65928,65938,10
13.0561199188,80.2818603516,65938,65948,10
13.0560798645,80.2818527222,65948,65958,10
13.0559997559,80.2818527222,65958,65968,10
13.0556602478,80.2817764282,65968,65978,10
13.0550003052,80.2816390991,65978,65988,10
13.0541296005,80.2814788818,65988,65998,10
13.0532903671,80.2813186646,65998,66007,9
13.0525798798,80.2812194824,66007,66019,12
13.0512104034,80.2810134888,66019,66039,20
13.0512104034,80.2810134888,66039,66049,10
13.0511198044,80.2809906006,66049,66059,10
13.0507097244,80.280921936,66059,66069,10
13.0502796173,80.2808609009,66069,66079,10
13.0497303009,80.2807693481,66079,66089,10
13.0490198135,80.280670166,66089,66098,9
13.0483598709,80.2805709839,66098,66109,11
13.0472698212,80.2804031372,66109,66119,10
13.0465602875,80.2802886963,66119,66130,11
13.0460300446,80.2802200317,66130,66140,10
13.0457201004,80.2801818848,66140,66150,10
13.0456800461,80.280166626,66150,66160,10
13.0453195572,80.280128479,66160,66170,10
13.0447902679,80.2800521851,66170,66180,10
13.0444803238,80.2800216675,66180,66190,10
13.043970108,80.2799530029,66190,66200,10
13.0432796478,80.2798309326,66200,66210,10
13.0424203873,80.2796325684,66210,66220,10
13.0415000916,80.2794723511,66220,66231,11
13.040719986,80.2793197632,66231,66241,10
13.0399799347,80.2791519165,66241,66251,10
13.0390996933,80.2789001465,66251,66281,30
13.0390996933,80.2789001465,66281,66291,10
13.0387401581,80.2788009644,66291,66301,10
13.0382699966,80.2786483765,66301,66311,10
13.037610054,80.2784500122,66311,66321,10
13.0370702744,80.2782974243,66321,66331,10
13.0365495682,80.2780838013,66331,66342,11
13.0363101959,80.2779769897,66342,66352,10
13.035949707,80.2779006958,66352,66362,10
13.0354204178,80.2778015137,66362,66372,10
13.034740448,80.2777023315,66372,66381,9
13.0341701508,80.2775726318,66381,66392,11
13.0336999893,80.2774505615,66392,66402,10
13.0336999893,80.2774581909,66402,66411,9
13.033370018,80.2775192261,66411,66422,11
13.0328397751,80.2775497437,66422,66432,10
13.0324602127,80.277557373,66432,66442,10
13.0319404602,80.2776184082,66442,66453,11
13.031370163,80.2776184082,66453,66463,10
13.0309801102,80.2773666382,66463,66483,20
13.0309801102,80.2773666382,66483,66493,10
13.030670166,80.2772064209,66493,66503,10
13.0301504135,80.2769622803,66503,66513,10
13.0295600891,80.2767562866,66513,66523,10
13.0288600922,80.2765274048,66523,66533,10
13.0285301208,80.2764129639,66533,66543,10
13.0279302597,80.2761611938,66543,66553,10
13.027179718,80.2758102417,66553,66564,11
13.0260801315,80.275352478,66564,66583,19
13.0260801315,80.275352478,66583,66594,11
13.0258798599,80.2752532959,66594,66604,10
13.0254497528,80.275062561,66604,66614,10
13.0247898102,80.2747573853,66614,66624,10
13.0240602493,80.2741470337,66624,66644,20
13.0240602493,80.2741470337,66644,66654,10
13.0239095688,80.2739181519,66654,66664,10
13.0236301422,80.2735214233,66664,66675,11
13.0231704712,80.2729110718,66675,66685,10
13.0226202011,80.2721786499,66685,66695,10
13.02202034,80.2713775635,66695,66705,10
13.0215902328,80.2708206177,66705,66715,10
13.0209703445,80.2700576782,66715,66745,30
13.0209703445,80.2700576782,66745,66755,10
13.0207195282,80.2697677612,66755,66765,10
13.0204696655,80.2694168091,66765,66776,11
13.020070076,80.2688827515,66776,66786,10
13.0195398331,80.2682876587,66786,66796,10
13.0189304352,80.267616272,66796,66806,10
13.0186500549,80.2668075562,66806,66815,9
13.0185699463,80.2661209106,66815,66826,11
13.0186901093,80.2655563354,66826,66836,10
13.0189304352,80.2647323608,66836,66846,10
13.018989563,80.2638015747,66846,66856,10
13.0189304352,80.263420105,66856,66866,10
13.0188703537,80.2630996704,66866,66876,10
13.0188598633,80.2629699707,66876,66887,11
13.0188102722,80.2623825073,66887,66897,10
13.0187196732,80.2617416382,66897,66907,10
13.018699646,80.2615432739,66907,66917,10
13.0186595917,80.261428833,66917,66927,10
13.0185403824,80.2612762451,66927,66937,10
13.0183696747,80.2611999512,66937,66947,10
13.0180797577,80.2610015869,66947,66957,10
13.0176200867,80.2606887817,66957,66967,10
13.0171098709,80.2603378296,66967,66977,10
13.0165100098,80.2599563599,66977,66988,11
13.0160598755,80.2597579956,66988,66998,10
13.0160503387,80.2597503662,66998,67008,10
13.0157899857,80.2596206665,67008,67018,10
13.0152101517,80.2594528198,67018,67028,10
13.0143995285,80.2593765259,67028,67038,10
13.0134401321,80.2593307495,67038,67048,10
13.0122995377,80.2593002319,67048,67058,10
13.0113897324,80.259262085,67058,67068,10
13.0106201172,80.2592697144,67068,67078,10
13.0098896027,80.2592926025,67078,67088,10
13.0092802048,80.259262085,67088,67099,11
13.0089998245,80.259262085,67099,67109,10
13.0087203979,80.2592468262,67109,67119,10
13.0083398819,80.2592391968,67119,67129,10
13.0077199936,80.2594070435,67129,67139,10
13.0073204041,80.2591781616,67139,67148,9
13.0071401596,80.2587814331,67148,67159,11
13.0071401596,80.2587585449,67159,67169,10
13.0070495605,80.2585067749,67169,67179,10
13.0067100525,80.2578582764,67179,67199,20
13.0067100525,80.2578582764,67199,67210,11
13.0064401627,80.2576599121,67210,67220,10
13.0058002472,80.2574768066,67220,67230,10
13.0050497055,80.2572784424,67230,67240,10
13.0041503906,80.2570724487,67240,67250,10
13.0034999847,80.256980896,67250,67270,20
13.0034999847,80.256980896,67270,67280,10
13.003279686,80.2569274902,67280,67290,10
13.0030202866,80.2568588257,67290,67300,10
13.0026798248,80.2567901611,67300,67310,10
13.0022497177,80.2567214966,67310,67321,11
13.0018997192,80.2566833496,67321,67381,60
13.0018997192,80.2566833496,67381,67391,10
13.0015497208,80.2565612793,67391,67401,10
13.0010995865,80.2565383911,67401,67411,10
13.0004301071,80.256439209,67411,67422,11
12.9997797012,80.2563171387,67422,67432,10
12.9992599487,80.2562179565,67432,67442,10
12.998840332,80.2561569214,67442,67462,20
12.998840332,80.2561569214,67462,67472,10
12.9986200333,80.2561416626,67472,67482,10
12.9984397888,80.2561416626,67482,67492,10
12.9982995987,80.256111145,67492,67502,10
12.9981098175,80.2560806274,67502,67512,10
12.9978599548,80.2560501099,67512,67522,10
12.9975299835,80.2560195923,67522,67533,11
12.9971704483,80.2560119629,67533,67543,10
12.9969100952,80.2560195923,67543,67553,10
12.9968795776,80.2560195923,67553,67563,10
12.9965295792,80.2559661865,67563,67573,10
12.9961099625,80.2559509277,67573,67583,10
12.9957799911,80.2559509277,67583,67593,10
12.9954204559,80.2559814453,67593,67603,10
12.9953699112,80.2559585571,67603,67613,10
12.9951496124,80.2559585571,67613,67623,10
12.9947299957,80.2559814453,67623,67633,10
12.9942903519,80.2560195923,67633,67644,11
12.9936800003,80.256072998,67644,67654,10
12.9930696487,80.256111145,67654,67664,10
12.9923200607,80.2561416626,67664,67674,10
12.9916200638,80.256111145,67674,67684,10
12.9907302856,80.2560806274,67684,67734,50
12.9907302856,80.2560806274,67734,67745,11
12.9903898239,80.2560424805,67745,67755,10
12.9900598526,80.2560806274,67755,67765,10
12.9897403717,80.256072998,67765,67775,10
12.9893903732,80.2560424805,67775,67785,10
12.9890003204,80.2559967041,67785,67795,10
12.988820076,80.2559814453,67795,67805,10
12.9884796143,80.2559585571,67805,67866,61
12.9882497787,80.2559967041,67866,67977,111
12.9882497787,80.2559967041,67977,67987,10
12.9879999161,80.2559204102,67987,67997,10
12.9876203537,80.2558822632,67997,68007,10
12.9869699478,80.2557373047,68007,68017,10
12.9863796234,80.2556381226,68017,68027,10
12.9860601425,80.2555770874,68027,68047,20
12.9860601425,80.2555770874,68047,68057,10
12.9857196808,80.2554931641,68057,68067,10
12.9851503372,80.2553710938,68067,68077,10
12.9846000671,80.2552490234,68077,68088,11
12.9842395782,80.2551422119,68088,68098,10
12.9839801788,80.2550506592,68098,68108,10
12.9834699631,80.2549209595,68108,68118,10
12.9829797745,80.2547683716,68118,68128,10
12.9825601578,80.2546615601,68128,68138,10
12.9821195602,80.2543563843,68138,68148,10
12.981880188,80.2538909912,68148,68158,10
12.9817399979,80.2533187866,68158,68168,10
12.9814500809,80.2528686523,68168,68179,11
12.9807796478,80.2528381348,68179,68189,10
12.9804697037,80.2528381348,68189,68199,10
12.980050087,80.2528076172,68199,68229,30
12.980050087,80.2528076172,68229,68239,10
12.9797401428,80.2527618408,68239,68249,10
12.9793796539,80.2527389526,68249,68259,10
12.9785804749,80.2526397705,68259,68300,41
12.9785804749,80.2526397705,68300,68310,10
12.9783601761,80.2525177002,68310,68320,10
12.9780502319,80.2522735596,68320,68330,10
12.9776601791,80.2519073486,68330,68340,10
12.9771900177,80.2515563965,68340,68350,10
12.976559639,80.2513275146,68350,68360,10
12.9759197235,80.251159668,68360,68370,10
12.9752502441,80.2509689331,68370,68380,10
12.9743795395,80.2507171631,68380,68390,10
12.9735403061,80.2504806519,68390,68401,11
12.9725704193,80.2502365112,68401,68411,10
12.9717702866,80.2500305176,68411,68421,10
12.9709100723,80.2498016357,68421,68431,10
12.9702596664,80.2495880127,68431,68441,10
12.9695196152,80.2492980957,68441,68451,10
12.9687004089,80.2489776611,68451,68461,10
12.9678602219,80.2486419678,68461,68471,10
12.9672498703,80.2483825684,68471,68481,10
12.9669399261,80.2481765747,68481,68491,10
12.9665403366,80.2479934692,68491,68502,11
12.965959549,80.2477264404,68502,68512,10
12.9655399323,80.2475814819,68512,68522,10
12.9652099609,80.2474517822,68522,68532,10
12.9651603699,80.247428894,68532,68542,10
12.9650497437,80.2473983765,68542,68552,10
12.9645004272,80.2472229004,68552,68572,20
12.9645004272,80.2472229004,68572,68582,10
12.9642496109,80.2471389771,68582,68592,10
12.9639797211,80.2470397949,68592,68602,10
12.9637298584,80.2469406128,68602,68613,11
12.9633798599,80.2467727661,68613,68623,10
12.9628095627,80.2464904785,68623,68633,10
12.9619998932,80.24609375,68633,68643,10
12.9610595703,80.2456436157,68643,68653,10
12.9601097107,80.2452163696,68653,68663,10
12.9593000412,80.2448806763,68663,68683,20
12.9593000412,80.2448806763,68683,68693,10
12.9589996338,80.244720459,68693,68703,10
12.9586496353,80.2445678711,68703,68713,10
12.9581203461,80.2443466187,68713,68724,11
12.9576597214,80.2441635132,68724,68734,10
12.9570198059,80.2439804077,68734,68744,10
12.9564304352,80.2437973022,68744,68754,10
12.9563703537,80.2437820435,68754,68764,10
12.9560098648,80.243598938,68764,68774,10
12.9554901123,80.2433166504,68774,68784,10
12.9548997879,80.2430419922,68784,68794,10
12.954079628,80.24269104,68794,68804,10
12.953669548,80.2425231934,68804,68814,10
12.9531803131,80.2423095703,68814,68825,11
12.9525604248,80.2420578003,68825,68835,10
12.9520797729,80.2418899536,68835,68845,10
12.9516296387,80.2417373657,68845,68855,10
12.9516201019,80.2417373657,68855,68865,10
12.9514799118,80.2416915894,68865,68875,10
12.9510202408,80.2415237427,68875,68885,10
12.9502601624,80.241317749,68885,68895,10
12.9493999481,80.2410583496,68895,68905,10
12.9487600327,80.2407913208,68905,68915,10
12.9479799271,80.2404403687,68915,68925,10
12.9469900131,80.2400588989,68925,68956,31
12.9469900131,80.2400588989,68956,68966,10
12.9469003677,80.2400283813,68966,68976,10
12.9467000961,80.2399520874,68976,68986,10
12.9462604523,80.2397613525,68986,68996,10
12.9456796646,80.2394866943,68996,69006,10
12.945019722,80.2390365601,69006,69016,10
12.9443597794,80.2383499146,69016,69026,10
12.9437799454,80.2376937866,69026,69036,10
12.9434204102,80.2373199463,69036,69047,11
12.9431495667,80.2370376587,69047,69057,10
12.9425802231,80.2366714478,69057,69067,10
12.9417495728,80.2363967896,69067,69077,10
12.9409999847,80.2362136841,69077,69087,10
12.940320015,80.236038208,69087,69097,10
12.9396400452,80.2358169556,69097,69107,10
12.9396295547,80.2358093262,69107,69117,10
12.9395399094,80.2357711792,69117,69127,10
12.9392004013,80.2356033325,69127,69137,10
12.9386301041,80.2353134155,69137,69147,10
12.9380998611,80.2350463867,69147,69158,11
12.9374399185,80.2347335815,69158,69168,10
12.936829567,80.2344284058,69168,69178,10
12.9361600876,80.23412323,69178,69188,10
12.9357595444,80.2339782715,69188,69198,10
12.9356002808,80.2341766357,69198,69208,10
12.9355697632,80.2342529297,69208,69218,10
12.9354000092,80.23462677,69218,69228,10
12.935210228,80.2351379395,69228,69238,10
12.9351196289,80.2354431152,69238,69248,10
12.9349098206,80.2354736328,69248,69258,10
12.9345998764,80.2353210449,69258,69269,11
12.9340600967,80.2350921631,69269,69279,10
12.9338102341,80.2351989746,69279,69289,10
12.9336595535,80.2357177734,69289,69299,10
12.9335403442,80.2361526489,69299,69309,10
12.9332704544,80.2362365723,69309,69319,10
12.9331798553,80.2362136841,69319,69329,10
12.9330997467,80.2361679077,69329,69339,10
12.9329595566,80.2361984253,69339,69349,10
12.9329004288,80.2365188599,69349,69359,10
12.9327297211,80.2371368408,69359,69370,11
12.9325895309,80.2375030518,69370,69380,10
12.9323396683,80.2381210327,69380,69390,10
12.9322004318,80.2385025024,69390,69400,10
12.9321098328,80.2386398315,69400,69410,10
12.9319000244,80.2388076782,69410,69420,10
12.931599617,80.2387390137,69420,69430,10
12.9310998917,80.2385864258,69430,69460,30
12.9310998917,80.2385864258,69460,69470,10
12.9309301376,80.2385177612,69470,69481,11
12.9303598404,80.238319397,69481,69491,10
12.929889679,80.2381286621,69491,69501,10
12.9295196533,80.2381210327,69501,69511,10
12.9294395447,80.2383728027,69511,69521,10
12.9293003082,80.238861084,69521,69531,10
12.9292602539,80.2390594482,69531,69541,10
12.929019928,80.2390594482,69541,69551,10
12.9284896851,80.2389297485,69551,69561,10
12.9280700684,80.2388381958,69561,69581,20
12.9280700684,80.2388381958,69581,69598,17
12.9278001785,80.2387313843,69598,69610,12
12.9271802902,80.2385787964,69610,69620,10
12.9265604019,80.2384185791,69620,69630,10
12.9258403778,80.2382507324,69630,69640,10
12.9254302979,80.2381820679,69640,69650,10
12.9253997803,80.2383575439,69650,69680,30
12.9253997803,80.2383575439,69680,69690,10
12.9255695343,80.2383575439,69690,70034,344
12.9255695343,80.2383575439,70034,70044,10
12.9256496429,80.2383728027,70044,70054,10
12.9258403778,80.2382888794,70054,70064,10
12.9259500504,80.23828125,70064,70074,10
12.9260902405,80.2382965088,70074,70084,10
12.9265098572,80.2384185791,70084,70094,10
12.9269199371,80.2385101318,70094,70104,10
12.9274196625,80.2386398315,70104,70114,10
12.9277296066,80.2387008667,70114,70125,11
12.9280996323,80.2387771606,70125,70135,10
12.9281301498,80.2387924194,70135,70145,10
12.9282598495,80.238822937,70145,70155,10
12.9285001755,80.2388763428,70155,70165,10
12.9289903641,80.2390136719,70165,70175,10
12.9292802811,80.2390289307,70175,70185,10
12.9293403625,80.2387466431,70185,70195,10
12.929479599,80.2383117676,70195,70205,10
12.9295797348,80.2380371094,70205,70215,10
12.9299001694,80.2380828857,70215,70225,10
12.9305000305,80.2383117676,70225,70236,11
12.9310903549,80.2385177612,70236,70266,30
12.9310903549,80.2385177612,70266,70276,10
12.9314699173,80.2386627197,70276,70296,20
12.9314699173,80.2386627197,70296,70306,10
12.9319896698,80.2387924194,70306,70326,20
12.9319896698,80.2387924194,70326,70336,10
12.9321403503,80.2386398315,70336,70347,11
12.932220459,80.2384033203,70347,70357,10
12.9323797226,80.2379684448,70357,70367,10
12.9326000214,80.237449646,70367,70377,10
12.9327297211,80.237159729,70377,70387,10
12.9329004288,80.2366485596,70387,70407,20
12.9329004288,80.2366485596,70407,70417,10
12.9329595566,80.2361907959,70417,70437,20
12.9329595566,80.2361907959,70437,70447,10
12.9332199097,80.2361907959,70447,70458,11
12.9333496094,80.2362213135,70458,70468,10
12.9335002899,80.2362365723,70468,70478,10
12.9335603714,80.236000061,70478,70488,10
12.9336500168,80.2356567383,70488,70498,10
12.9337797165,80.2352828979,70498,70508,10
12.9338998795,80.2350311279,70508,70518,10
12.9340295792,80.2350769043,70518,70528,10
12.9343099594,80.2352371216,70528,70538,10
12.9348297119,80.2354812622,70538,70548,10
12.9350299835,80.2355117798,70548,70559,11
12.9350996017,80.235458374,70559,70569,10
12.9351596832,80.2352371216,70569,70579,10
12.9353399277,80.2348022461,70579,70589,10
12.9356899261,80.2339401245,70589,70609,20
12.9356899261,80.2339401245,70609,70619,10
12.9357004166,80.2339019775,70619,70629,10
12.9359197617,80.2338104248,70629,70639,10
12.9363298416,80.2340164185,70639,70649,10
12.9370002747,80.2343597412,70649,70659,10
12.9378595352,80.2347793579,70659,70670,11
12.9390201569,80.2353591919,70670,70680,10
12.939620018,80.2356491089,70680,70700,20
12.939620018,80.2356491089,70700,70710,10
12.9396600723,80.2356872559,70710,70720,10
12.9400396347,80.2358398438,70720,70730,10
12.9407997131,80.2360610962,70730,70740,10
12.9417600632,80.2362976074,70740,70750,10
12.9428501129,80.2367019653,70750,70760,10
12.9436798096,80.2374191284,70760,70770,10
12.9442195892,80.2380371094,70770,70781,11
12.9447698593,80.2386398315,70781,70791,10
12.9454698563,80.2392730713,70791,70801,10
12.9464597702,80.2397232056,70801,70811,10
12.9471101761,80.2399597168,70811,70821,10
12.9471197128,80.2399597168,70821,70831,10
12.9472198486,80.2399902344,70831,70847,16
12.9475603104,80.2401275635,70847,70867,20
12.9475603104,80.2401275635,70867,70879,12
12.9476900101,80.2401580811,70879,70890,11
12.9480800629,80.2403411865,70890,70900,10
12.9485301971,80.2405471802,70900,70910,10
12.949139595,80.2407836914,70910,70919,9
12.9498300552,80.2410125732,70919,70930,11
12.9508104324,80.2413330078,70930,70950,20
12.9508104324,80.2413330078,70950,70960,10
12.9509801865,80.2413787842,70960,70970,10
12.9512701035,80.2414779663,70970,70980,10
12.951789856,80.2416610718,70980,70991,11
12.9524497986,80.241897583,70991,71001,10
12.9530000687,80.2421188354,71001,71011,10
12.9535198212,80.2423171997,71011,71021,10
12.9537601471,80.2423782349,71021,71031,10
12.9540395737,80.2425308228,71031,71041,10
12.9545402527,80.2427597046,71041,71051,10
12.9551897049,80.2429962158,71051,71061,10
12.9558801651,80.2432022095,71061,71071,10
12.9563398361,80.2433776855,71071,71091,20
12.9563398361,80.2433776855,71091,71102,11
12.956870079,80.243560791,71102,71112,10
12.9575195313,80.243888855,71112,71122,10
12.9586496353,80.2444000244,71122,71141,19
12.9586496353,80.2444000244,71141,71152,11
12.9589595795,80.2445602417,71152,71162,10
12.9596004486,80.2448501587,71162,71172,10
12.9603700638,80.2452011108,71172,71182,10
12.9612903595,80.2456436157,71182,71192,10
12.9623203278,80.2461395264,71192,71202,10
12.9629602432,80.2465133667,71202,71223,21
12.9629602432,80.2465133667,71223,71233,10
12.9630899429,80.2465591431,71233,71243,10
12.9634599686,80.2467498779,71243,71253,10
12.9640102386,80.2469711304,71253,71263,10
12.9647197723,80.2472076416,71263,71273,10
12.9653997421,80.2474212646,71273,71283,10
12.9663496017,80.2477874756,71283,71303,20
12.9663496017,80.2477874756,71303,71313,10
12.9664802551,80.2478637695,71313,71324,11
12.9670000076,80.2481079102,71324,71334,10
12.9677000046,80.2484436035,71334,71344,10
12.9685401917,80.2487716675,71344,71354,10
12.9694404602,80.2491226196,71354,71364,10
12.9704999924,80.2495269775,71364,71374,10
12.9715995789,80.2498703003,71374,71384,10
12.972820282,80.2501907349,71384,71394,10
12.9746799469,80.2506408691,71394,71532,138
12.9746799469,80.2506408691,71532,71544,12
12.9751300812,80.2508010864,71544,71554,10
12.9758396149,80.2510223389,71554,71564,10
12.9767503738,80.2512664795,71564,71574,10
12.9776496887,80.2517623901,71574,71584,10
12.9783401489,80.252281189,71584,71614,30
12.9783401489,80.252281189,71614,71624,10
12.9784803391,80.2523727417,71624,71634,10
12.9789600372,80.2525863647,71634,71645,11
12.9797897339,80.2526931763,71645,71685,40
12.9797897339,80.2526931763,71685,71695,10
12.9801301956,80.2526779175,71695,71705,10
12.9807901382,80.2526702881,71705,71715,10
12.9816799164,80.2526626587,71715,71725,10
12.9824800491,80.2526168823,71725,71735,10
12.9828500748,80.252571106,71735,72006,271
12.9828500748,80.252571106,72006,72016,10
12.9829902649,80.2525634766,72016,72026,10
12.9831800461,80.2525405884,72026,72036,10
12.9835596085,80.2524719238,72036,72046,10
12.9841403961,80.2523193359,72046,72056,10
12.9846496582,80.2521820068,72056,72066,10
12.985159874,80.2520294189,72066,72077,11
12.9855804443,80.2519226074,72077,72087,10
12.986000061,80.2518081665,72087,72096,9
12.9864501953,80.2517089844,72096,72107,11
12.9871397018,80.2515182495,72107,72117,10
12.9877004623,80.2513809204,72117,72127,10
12.9878997803,80.2516098022,72127,72137,10
12.9879398346,80.2518081665,72137,72147,10
12.9879703522,80.2519989014,72147,72157,10
12.9879798889,80.2520675659,72157,72166,9
12.9879999161,80.252456665,72166,72177,11
12.9879102707,80.2532806396,72177,72188,11
12.9878396988,80.2540130615,72188,72198,10
12.9878101349,80.2544403076,72198,72208,10
12.9877796173,80.2547607422,72208,72218,10
12.987739563,80.2550735474,72218,72430,212
12.987739563,80.2550735474,72430,72440,10
12.9876203537,80.2554168701,72440,72450,10
12.9876403809,80.2555465698,72450,72460,10
12.9876499176,80.2557373047,72460,72470,10
12.9877595901,80.2558517456,72470,72480,10
12.9886798859,80.2559509277,72480,72500,20
12.9886798859,80.2559509277,72500,72511,11
12.9889097214,80.2559814453,72511,72521,10
12.9894199371,80.2560119629,72521,72531,10
12.9900503159,80.2560195923,72531,72541,10
12.9904298782,80.2559814453,72541,72551,10
12.9908704758,80.2560424805,72551,72561,10
12.9914598465,80.2560806274,72561,72571,10
12.9921398163,80.256111145,72571,72581,10
12.9930200577,80.2560882568,72581,72591,10
12.9938697815,80.2560195923,72591,72601,10
12.9943399429,80.2559967041,72601,72611,10
12.9948501587,80.2559204102,72611,72622,11
12.9957895279,80.255897522,72622,72682,60
12.9957895279,80.255897522,72682,72692,10
12.996049881,80.2558517456,72692,72702,10
12.9964799881,80.2558288574,72702,72712,10
12.9966697693,80.2558364868,72712,72723,11
12.9968795776,80.2558517456,72723,72733,10
12.9971704483,80.255859375,72733,72753,20
12.9971704483,80.255859375,72753,72763,10
12.997469902,80.255897522,72763,72773,10
12.9976701736,80.2559280396,72773,72783,10
12.9979600906,80.2559280396,72783,72793,10
12.998459816,80.2560119629,72793,72802,9
12.9988698959,80.256072998,72802,72812,10
12.9989099503,80.2560806274,72812,72823,11
12.9989995956,80.2560882568,72823,72834,11
12.999420166,80.2561798096,72834,72844,10
12.9999504089,80.2562866211,72844,72854,10
13.0003900528,80.2563781738,72854,72864,10
13.0008897781,80.2564697266,72864,72873,9
13.0013103485,80.2565383911,72873,72884,11
13.0017204285,80.2566070557,72884,72894,10
13.002120018,80.2566604614,72894,72904,10
13.002579689,80.2567596436,72904,72914,10
13.0031604767,80.2568817139,72914,72924,10
13.0037097931,80.256980896,72924,72934,10
13.0043802261,80.2571029663,72934,72945,11
13.0052995682,80.2572784424,72945,72955,10
13.0059995651,80.2574081421,72955,72965,10
13.0065603256,80.2574996948,72965,72975,10
13.0068998337,80.2580184937,72975,72985,10
13.0074300766,80.2586517334,72985,72995,10
13.0077199936,80.2587738037,72995,73005,10
13.0082502365,80.2589569092,73005,73015,10
13.0084400177,80.2590179443,73015,73025,10
13.0085601807,80.2591094971,73025,73035,10
13.0089998245,80.2591400146,73035,73045,10
13.0097999573,80.2591400146,73045,73055,10
13.0107002258,80.2591400146,73055,73066,11
13.0117902756,80.2591171265,73066,73076,10
13.0129699707,80.2591781616,73076,73086,10
13.0142803192,80.2592163086,73086,73096,10
13.0154895782,80.2593307495,73096,73106,10
13.0162696838,80.2596511841,73106,73116,10
13.016409874,80.2597579956,73116,73126,10
13.0165300369,80.2598571777,73126,73136,10
13.0169095993,80.2601699829,73136,73146,10
13.0175600052,80.260597229,73146,73157,11
13.0182104111,80.2610702515,73157,73167,10
13.0187397003,80.2614822388,73167,73177,10
13.0190696716,80.2617492676,73177,73187,10
13.0194797516,80.2621078491,73187,73197,10
13.0198802948,80.2624969482,73197,73207,10
13.0202503204,80.2627716064,73207,73217,10
13.0202999115,80.2630767822,73217,73227,10
13.0199604034,80.2630767822,73227,73237,10
13.0196695328,80.2630691528,73237,73247,10
13.0194597244,80.2630462646,73247,73257,10
13.0192604065,80.2630386353,73257,73268,11
13.0190401077,80.2630386353,73268,73278,10
13.0189399719,80.2631225586,73278,73288,10
13.018989563,80.2635498047,73288,73298,10
13.0190601349,80.2643890381,73298,73308,10
13.0188598633,80.2652435303,73308,73317,9
13.0187501907,80.2656326294,73317,73326,9
13.0186395645,80.2662963867,73326,73338,12
13.0188598633,80.2673797607,73338,73348,10
13.0195102692,80.2682418823,73348,73358,10
13.0201702118,80.2690505981,73358,73368,10
13.0207595825,80.2697372437,73368,73379,11
13.0212697983,80.270362854,73379,73389,10
13.0214595795,80.2705612183,73389,73399,10
13.0215997696,80.2707519531,73399,73409,10
13.0219802856,80.271232605,73409,73418,9
13.0223999023,80.2717514038,73418,73429,11
13.022939682,80.2724761963,73429,73439,10
13.0233402252,80.2730331421,73439,73449,10
13.0235795975,80.2733535767,73449,73469,20
13.0235795975,80.2733535767,73469,73479,10
13.0236597061,80.2734375,73479,73490,11
13.0239095688,80.2737731934,73490,73500,10
13.0241498947,80.2741088867,73500,73510,10
13.0243501663,80.2744369507,73510,73519,9
13.0247402191,80.2747192383,73519,73530,11
13.0250797272,80.2748718262,73530,73540,10
13.0252103806,80.2749328613,73540,73550,10
13.0256099701,80.2751235962,73550,73580,30
13.0256099701,80.2751235962,73580,73591,11
13.0257196426,80.275177002,73591,73601,10
13.02602005,80.2753219604,73601,73611,10
13.0262804031,80.2754516602,73611,73621,10
13.0265903473,80.2755889893,73621,73631,10
13.0269498825,80.2757492065,73631,73641,10
13.0272397995,80.2758789063,73641,73651,10
13.0273599625,80.2759170532,73651,73661,10
13.0276203156,80.2760391235,73661,73671,10
13.0276298523,80.2760391235,73671,73681,10
13.028169632,80.276260376,73681,73711,30
13.028169632,80.276260376,73711,73722,11
13.0286197662,80.2764434814,73722,73732,10
13.0291204453,80.2766189575,73732,73833,101
13.0293998718,80.2766723633,73833,73893,60
13.0293998718,80.2766723633,73893,73903,10
13.0297203064,80.2767562866,73903,73914,11
13.0300502777,80.2769012451,73914,73964,50
13.0304203033,80.2770385742,73964,73984,20
13.0304203033,80.2770385742,73984,73994,10
13.0307197571,80.2772216797,73994,74014,20
13.0307197571,80.2772216797,74014,74025,11
13.0310201645,80.2774200439,74025,74045,20
13.0310201645,80.2774200439,74045,74055,10
13.0311803818,80.2775192261,74055,74065,10
13.0313196182,80.2776184082,74065,74075,10
13.0315504074,80.2776565552,74075,74085,10
13.0316696167,80.2776412964,74085,74095,10
13.0320100784,80.2775726318,74095,74125,30
13.0320100784,80.2775726318,74125,74136,11
13.0322303772,80.2775421143,74136,74146,10
13.0324897766,80.2774810791,74146,74156,10
13.0325498581,80.2774810791,74156,74166,10
13.0331602097,80.2774429321,74166,74196,30
13.0331602097,80.2774429321,74196,74206,10
13.0332899094,80.2774581909,74206,74216,10
13.0336399078,80.2773971558,74216,74226,10
13.034119606,80.2775421143,74226,74237,11
13.0349197388,80.2777328491,74237,74247,10
13.0352897644,80.2777862549,74247,74257,10
13.0356397629,80.2778701782,74257,74317,60
13.0356397629,80.2778701782,74317,74327,10
13.0359802246,80.2779388428,74327,74337,10
13.0360202789,80.2779388428,74337,74348,11
13.0361700058,80.2779922485,74348,74358,10
13.0363998413,80.2780380249,74358,74368,10
13.0367603302,80.2781677246,74368,74378,10
13.037320137,80.2783584595,74378,74388,10
13.0380496979,80.2785568237,74388,74398,10
13.0386695862,80.278717041,74398,74408,10
13.0388402939,80.2787704468,74408,74418,10
13.0390796661,80.2788696289,74418,74428,10
13.0396003723,80.2790374756,74428,74438,10
13.0404396057,80.2792663574,74438,74448,10
13.0414495468,80.2794876099,74448,74459,11
13.0427398682,80.2796707153,74459,74469,10
13.0437898636,80.2799224854,74469,74479,10
13.0445899963,80.2800598145,74479,74489,10
13.0453796387,80.2801589966,74489,74499,10
13.0457801819,80.2801895142,74499,74509,10
13.0461902618,80.2802429199,74509,74519,10
13.0468597412,80.2803268433,74519,74529,10
13.0477199554,80.280456543,74529,74539,10
13.048740387,80.2806015015,74539,74549,10
13.0497102737,80.2807388306,74549,74559,10
13.050359726,80.2808227539,74559,74570,11
13.0509004593,80.2808990479,74570,74586,16
13.0519304276,80.2810592651,74586,74598,12
13.0527200699,80.2811737061,74598,74608,10
13.0535402298,80.2813034058,74608,74618,10
13.0544395447,80.2814788818,74618,74628,10
13.055150032,80.2816162109,74628,74638,10
13.0558004379,80.28175354,74638,74648,10
13.0560903549,80.2818069458,74648,74658,10
13.0563402176,80.2818603516,74658,74668,10
13.0563802719,80.2818832397,74668,74679,11
13.0567998886,80.2819595337,74679,74689,10
13.057220459,80.282043457,74689,74699,10
13.0576400757,80.282119751,74699,74709,10
13.0581798553,80.2822265625,74709,74719,10
13.0587596893,80.2823410034,74719,74729,10
13.0595998764,80.2825164795,74729,74739,10
13.0605096817,80.282699585,74739,74749,10
13.0611696243,80.2828521729,74749,74759,10
13.0617198944,80.2829666138,74759,74769,10
13.0624198914,80.2831115723,74769,74780,11
13.0630302429,80.2832336426,74780,74790,10
13.063079834,80.283241272,74790,74800,10
13.0632600784,80.2832870483,74800,74810,10
13.0636701584,80.2833709717,74810,74820,10
13.064040184,80.2834777832,74820,74830,10
13.0645999908,80.2836227417,74830,74840,10
13.0653495789,80.2837905884,74840,74850,10
13.0661897659,80.2839736938,74850,74860,10
13.06690979,80.2841186523,74860,74870,10
13.0673799515,80.2842102051,74870,74880,10
13.0676698685,80.2842712402,74880,74891,11
13.0682201385,80.2843780518,74891,74901,10
13.0688495636,80.284538269,74901,74911,10
13.0696802139,80.2847518921,74911,74921,10
13.0706100464,80.2849884033,74921,74931,10
13.0716199875,80.2852478027,74931,74941,10
13.0725097656,80.2853927612,74941,74951,10
13.0731201172,80.2852935791,74951,74961,10
13.0734100342,80.2852935791,74961,74977,16
13.0736398697,80.285369873,74977,74989,12
13.0738697052,80.2856063843,74989,75000,11
13.0740203857,80.2858276367,75000,75008,8
13.0743103027,80.2861633301,75008,75019,11
13.0749597549,80.2865829468,75019,75030,11
13.0756397247,80.2869720459,75030,75041,11
13.0764598846,80.2872085571,75041,75051,10
13.0773696899,80.2874298096,75051,75061,10
13.078379631,80.2876815796,75061,75071,10
13.07929039,80.2880325317,75071,75081,10
13.0800695419,80.2881622314,75081,75091,10
13.0804004669,80.2882614136,75091,75102,11
13.080619812,80.2882766724,75102,75112,10
13.081029892,80.2884292603,75112,75122,10
13.0817499161,80.2886810303,75122,75132,10
13.082400322,80.2889328003,75132,75142,10
13.0832595825,80.2892379761,75142,75152,10
13.0841398239,80.2892227173,75152,75162,10
13.0853204727,80.2892379761,75162,75172,10
13.0865802765,80.2895278931,75172,75182,10
13.0876197815,80.2898864746,75182,75192,10
13.088139534,80.2901306152,75192,75202,10
13.0887098312,80.2901763916,75202,75223,21
13.0887098312,80.2901763916,75223,75233,10
13.0888299942,80.2903366089,75233,75283,50
13.0888299942,80.2903366089,75283,75293,10
13.0885896683,80.2905807495,75293,75303,10
13.0881004333,80.2902832031,75303,75313,10
13.0874204636,80.2899703979,75313,75324,11
13.0866699219,80.2897262573,75324,75334,10
13.0861196518,80.2895889282,75334,75344,10
13.0856199265,80.2893295288,75344,75354,10
13.0852899551,80.2888183594,75354,75364,10
13.0850696564,80.2879562378,75364,75374,10
13.0851202011,80.2868118286,75374,75384,10
13.0852203369,80.2857208252,75384,75394,10
13.0852899551,80.2847137451,75394,75404,10
13.0851697922,80.2842407227,75404,75414,10
13.0852203369,80.2840805054,75414,75425,11
13.0853500366,80.2839126587,75425,75435,10
13.0854196548,80.2836990356,75435,75445,10
13.085650444,80.2835998535,75445,75455,10
13.0860700607,80.2835922241,75455,75465,10
13.0863704681,80.2837600708,75465,75475,10
13.0866804123,80.2839889526,75475,75485,10
13.086979866,80.283996582,75485,75495,10
13.0872402191,80.2840194702,75495,75505,10
13.0876398087,80.283996582,75505,75515,10
13.0879201889,80.2840881348,75515,75525,10
13.0880899429,80.2839202881,75525,77201,1676
13.0880899429,80.2839202881,77201,77211,10
13.0881204605,80.2836837769,77211,77241,30
13.0881204605,80.2836837769,77241,77251,10
13.0883102417,80.2834014893,77251,77262,11
13.0883102417,80.2830505371,77262,77272,10
13.0883197784,80.2827224731,77272,77282,10
13.0882997513,80.2823486328,77282,77292,10
13.0881595612,80.281829834,77292,77302,10
13.0880804062,80.2814712524,77302,77312,10
13.0883703232,80.2814788818,77312,77322,10
13.0885295868,80.2818069458,77322,77332,10
13.0884399414,80.2822418213,77332,77342,10
13.0884103775,80.2824020386,77342,77352,10
13.088350296,80.282661438,77352,77363,11
13.0882997513,80.2831573486,77363,77373,10
13.0883102417,80.2834472656,77373,77383,10
13.088350296,80.2836380005,77383,77393,10
13.0883598328,80.2840270996,77393,77403,10
13.0883998871,80.2846908569,77403,77413,10
13.0884599686,80.2850799561,77413,77453,40
13.0884599686,80.2850799561,77453,77463,10
13.0884895325,80.2852783203,77463,77474,11
13.0884895325,80.2855377197,77474,77484,10
13.08852005,80.285987854,77484,77494,10
13.08852005,80.2864837646,77494,77504,10
13.0885295868,80.286857605,77504,77514,10
13.0886001587,80.2874908447,77514,77524,10
13.0886201859,80.2877578735,77524,77534,10
13.0886697769,80.2883529663,77534,77544,10
13.0886802673,80.2886810303,77544,77554,10
13.0887298584,80.2891464233,77554,77564,10
13.0887298584,80.2894134521,77564,77574,10
13.0886802673,80.2894592285,77574,77585,11
13.0887203217,80.2900085449,77585,77595,10
13.0886802673,80.290512085,77595,77605,10
13.0883197784,80.2903366089,77605,77615,10
13.0876598358,80.2900009155,77615,77625,10
13.0868997574,80.2896575928,77625,77635,10
13.085849762,80.2893600464,77635,77645,10
13.084859848,80.2891921997,77645,77655,10
13.0839300156,80.2892227173,77655,77665,10
13.0830402374,80.2892303467,77665,77675,10
13.0821800232,80.2888717651,77675,77685,10
13.0813999176,80.2885971069,77685,77696,11
13.0807304382,80.2884216309,77696,77706,10
13.0802001953,80.2882614136,77706,77716,10
13.0795602798,80.2881622314,77716,77726,10
13.0786600113,80.2878036499,77726,77736,10
13.0774698257,80.2874679565,77736,77746,10
13.0761804581,80.2871322632,77746,77756,10
13.0751495361,80.2867202759,77756,77766,10
13.0744199753,80.286239624,77766,77776,10
13.0730199814,80.2857971191,77776,77786,10
13.0717802048,80.2852783203,77786,77797,11
13.0702800751,80.2848968506,77797,77807,10
13.0689001083,80.2845916748,77807,77817,10
13.0676698685,80.2843475342,77817,77827,10
13.0663404465,80.2840805054,77827,77837,10
13.065079689,80.283782959,77837,77847,10
13.0644598007,80.2836608887,77847,77857,10
13.0641202927,80.2835617065,77857,77867,10
13.0636196136,80.283416748,77867,77877,10
13.0629997253,80.2832794189,77877,77887,10
13.0627803802,80.2832183838,77887,77897,10
13.0627098083,80.2831802368,77897,77908,11
13.0622196198,80.2830734253,77908,77918,10
13.0615196228,80.2829208374,77918,77928,10
13.0606603622,80.2827224731,77928,77938,10
13.0598802567,80.2825698853,77938,77948,10
13.0588903427,80.282371521,77948,77958,10
13.0580797195,80.2822113037,77958,77968,10
13.057849884,80.2821578979,77968,77978,10
13.0573997498,80.2820663452,77978,77988,10
13.0569095612,80.2819366455,77988,77998,10
13.0563201904,80.2818527222,77998,78008,10
13.0555496216,80.2816772461,78008,78019,11
13.0544204712,80.281463623,78019,78029,10
13.0532798767,80.2812423706,78029,78039,10
13.0520601273,80.2810592651,78039,78049,10
13.0509700775,80.280921936,78049,78060,11
13.0503101349,80.2808303833,78060,78070,10
13.0501499176,80.2807998657,78070,78080,10
13.0497703552,80.2807388306,78080,78090,10
13.0492897034,80.280670166,78090,78100,10
13.0484600067,80.2805404663,78100,78110,10
13.0473499298,80.280380249,78110,78121,11
13.0462398529,80.2802276611,78121,78131,10
13.0456895828,80.2801589966,78131,78141,10
13.0450601578,80.2800827026,78141,78151,10
13.0441999435,80.2799606323,78151,78161,10
13.0435600281,80.2798690796,78161,78171,10
13.0429601669,80.2797164917,78171,78180,9
13.0421495438,80.2795562744,78180,78191,11
13.0411996841,80.2793807983,78191,78201,10
13.0403499603,80.2791900635,78201,78211,10
13.0395498276,80.279006958,78211,78221,10
13.0390701294,80.2788772583,78221,78232,11
13.0389699936,80.2788314819,78232,78242,10
13.0386400223,80.278717041,78242,78252,10
13.0379600525,80.2785186768,78252,78262,10
13.0373096466,80.2783432007,78262,78272,10
13.0366697311,80.2781219482,78272,78282,10
13.0361003876,80.2779388428,78282,78292,10
13.0354099274,80.2777786255,78292,78302,10
13.0346899033,80.2776565552,78302,78312,10
13.0340204239,80.2774734497,78312,78322,10
13.0334997177,80.2774124146,78322,78332,10
13.0329399109,80.2775115967,78332,78343,11
13.0323600769,80.2775421143,78343,78353,10
13.0318803787,80.2776031494,78353,78363,10
13.0315799713,80.2776184082,78363,78373,10
13.0309896469,80.2773895264,78373,78383,10
13.0308198929,80.2772674561,78383,78393,10
13.0304603577,80.2770767212,78393,78403,10
13.0299396515,80.2768707275,78403,78413,10
13.0294799805,80.2767562866,78413,78423,10
13.0287799835,80.2764892578,78423,78439,16
13.0276498795,80.276008606,78439,78452,13
13.0265903473,80.2755584717,78452,78462,10
13.0260696411,80.2753219604,78462,78472,10
13.0260095596,80.2752685547,78472,78482,10
13.0259599686,80.2752380371,78482,78492,10
13.0255899429,80.275062561,78492,78501,9
13.0247402191,80.2747421265,78501,78522,21
13.0247402191,80.2747421265,78522,78532,10
13.0244598389,80.2745132446,78532,78542,10
13.024140358,80.2741088867,78542,78552,10
13.0237598419,80.2736129761,78552,78563,11
13.023059845,80.2726593018,78563,78573,10
13.0224599838,80.2718963623,78573,78583,10
13.0219402313,80.2712097168,78583,78593,10
13.0215196609,80.2706985474,78593,78603,10
13.0209999084,80.2700805664,78603,78613,10
13.020819664,80.2698974609,78613,78623,10
13.0206298828,80.2696762085,78623,78633,10
13.02023983,80.2691574097,78633,78643,10
13.0196304321,80.2683868408,78643,78653,10
13.0190200806,80.2676773071,78653,78664,11
13.018819809,80.2673416138,78664,78674,10
13.0186796188,80.2668685913,78674,78684,10
13.0186004639,80.2660903931,78684,78694,10
13.0187501907,80.2653579712,78694,78704,10
13.0190095901,80.2644805908,78704,78714,10
13.018989563,80.2636108398,78714,78724,10
13.0189399719,80.2632522583,78724,78734,10
13.0188398361,80.2626113892,78734,78744,10
13.0187702179,80.2619018555,78744,78754,10
13.0187196732,80.2615737915,78754,78764,10
13.0184803009,80.2611694336,78764,78775,11
13.0178804398,80.2608032227,78775,78785,10
13.0173101425,80.2604217529,78785,78795,10
13.0165901184,80.2599716187,78795,78805,10
13.0159301758,80.2596282959,78805,78815,10
13.0151195526,80.2593765259,78815,78825,10
13.0141897202,80.2592697144,78825,78835,10
13.0130796432,80.2592163086,78835,78845,10
13.0119400024,80.2591781616,78845,78855,10
13.0111398697,80.2591705322,78855,78865,10
13.0104398727,80.2592315674,78865,78875,10
13.0095396042,80.2592315674,78875,78886,11
13.0087604523,80.2592391968,78886,78896,10
13.0084600449,80.2592086792,78896,78906,10
13.0077400208,80.2593383789,78906,78916,10
13.0073003769,80.2590637207,78916,78926,10
13.0071401596,80.258682251,78926,78936,10
13.0070495605,80.2584915161,78936,78946,10
13.0068502426,80.258102417,78946,78956,10
13.0064201355,80.2577209473,78956,78966,10
13.0059499741,80.2574920654,78966,78976,10
13.0054597855,80.2573623657,78976,78987,11
13.0048999786,80.257232666,78987,78997,10
13.0043296814,80.2571029663,78997,79007,10
13.0037202835,80.2569732666,79007,79017,10
13.0030202866,80.2568206787,79017,79027,10
13.0021600723,80.2566680908,79027,79037,10
13.0014696121,80.2565689087,79037,79047,10
13.0009803772,80.2565002441,79047,79057,10
13.0002002716,80.2563781738,79057,79067,10
12.9996595383,80.2563323975,79067,79077,10
12.9993400574,80.2562637329,79077,79087,10
12.9984903336,80.2560806274,79087,79108,21
12.9984903336,80.2560806274,79108,79118,10
12.9982204437,80.2560119629,79118,79128,10
12.9980897903,80.2559967041,79128,79138,10
12.9977197647,80.2559509277,79138,79148,10
12.9970798492,80.2559204102,79148,79158,10
12.9966897964,80.255897522,79158,79168,10
12.9960803986,80.2559204102,79168,79178,10
12.9953203201,80.2559204102,79178,79188,10
12.9945802689,80.2559509277,79188,79198,10
12.9938201904,80.2560119629,79198,79209,11
12.9928398132,80.2560806274,79209,79219,10
12.9918899536,80.2560806274,79219,79229,10
12.9912004471,80.2560195923,79229,79239,10
12.9905996323,80.2560272217,79239,79249,10
12.989859581,80.2560195923,79249,79259,10
12.9887199402,80.2559509277,79259,79289,30
12.9887199402,80.2559509277,79289,79299,10
12.9885396957,80.2559204102,79299,79310,11
12.9881801605,80.255859375,79310,79320,10
12.987739563,80.2558135986,79320,79330,10
12.9872999191,80.2557220459,79330,79340,10
12.986989975,80.2556762695,79340,79350,10
12.9867200851,80.2556228638,79350,79360,10
12.9864501953,80.2555618286,79360,79370,10
12.986289978,80.255531311,79370,79380,10
12.9862604141,80.2555236816,79380,79390,10
12.9860095978,80.2554779053,79390,79400,10
12.985830307,80.2554473877,79400,79410,10
12.985250473,80.2553482056,79410,79420,10
12.9844198227,80.2551193237,79420,79431,11
12.9836597443,80.2549133301,79431,79441,10
12.9831399918,80.254737854,79441,79451,10
12.9826498032,80.2546463013,79451,79461,10
12.9821395874,80.2543487549,79461,79471,10
12.9818601608,80.2537231445,79471,79481,10
12.9816999435,80.2530288696,79481,79491,10
12.981300354,80.2527923584,79491,79501,10
12.9807701111,80.2527923584,79501,79511,10
12.9804296494,80.2527999878,79511,79521,10
12.9801597595,80.2527999878,79521,79532,11
12.9796800613,80.2527236938,79532,79542,10
12.9793901443,80.2526931763,79542,79552,10
12.9788703918,80.2526321411,79552,79572,20
12.9788703918,80.2526321411,79572,79582,10
12.9788198471,80.2526016235,79582,79592,10
12.9784603119,80.2524719238,79592,79602,10
12.9779500961,80.2520904541,79602,79612,10
12.9773597717,80.2516021729,79612,79621,9
12.9765996933,80.2512817383,79621,79631,10
12.9757404327,80.2510223389,79631,79643,12
12.9747896194,80.2507400513,79643,79653,10
12.9739904404,80.2505187988,79653,79663,10
12.9730300903,80.2502822876,79663,79673,10
12.9721698761,80.250038147,79673,79682,9
12.9711904526,80.2497634888,79682,79693,11
12.9698801041,80.2493133545,79693,79703,10
12.9687995911,80.2489089966,79703,79713,10
12.967880249,80.2485580444,79713,79723,10
12.9671497345,80.2482376099,79723,79733,10
12.9667196274,80.2480392456,79733,79744,11
12.9663600922,80.2478637695,79744,79754,10
12.9658203125,80.2476196289,79754,79764,10
12.9652900696,80.247428894,79764,79774,10
12.9651699066,80.2473907471,79774,79784,10
12.9649000168,80.2473068237,79784,79794,10
12.9643096924,80.2471008301,79794,79804,10
12.9637403488,80.246887207,79804,79814,10
12.9632396698,80.2466583252,79814,79824,10
12.9625301361,80.246307373,79824,79833,9
12.961689949,80.2458877563,79833,79843,10
12.9607200623,80.2454223633,79843,79855,12
12.9599304199,80.2450637817,79855,79865,10
12.9593801498,80.2448196411,79865,79875,10
12.9593095779,80.2447891235,79875,79885,10
12.9589700699,80.2446136475,79885,79895,10
12.9583597183,80.2443618774,79895,79905,10
12.9578304291,80.2441329956,79905,79915,10
12.9572496414,80.2439498901,79915,79925,10
12.9563598633,80.2436981201,79925,79945,20
12.9563598633,80.2436981201,79945,79955,10
12.9559402466,80.2435073853,79955,79966,11
12.9552602768,80.2431335449,79966,79976,10
12.9544401169,80.2427520752,79976,79986,10
12.9535303116,80.2424163818,79986,79996,10
12.9526395798,80.2420501709,79996,80006,10
12.9516897202,80.2417068481,80006,80026,20
12.9516897202,80.2417068481,80026,80036,10
12.9515104294,80.2416229248,80036,80046,10
12.950920105,80.2414169312,80046,80056,10
12.9501399994,80.2412185669,80056,80067,11
12.9493703842,80.2409667969,80067,80077,10
12.9486398697,80.2406692505,80077,80087,10
12.9477596283,80.2403182983,80087,80097,10
12.9470300674,80.2400131226,80097,80107,10
12.9464197159,80.2397918701,80107,80117,10
12.9462795258,80.239730835,80117,80127,10
12.9457998276,80.2395019531,80127,80137,10
12.9451398849,80.2391204834,80137,80147,10
12.9444704056,80.2384109497,80147,80157,10
12.9436798096,80.2375564575,80157,80167,10
12.9427995682,80.2367172241,80167,80178,11
12.9415302277,80.236289978,80178,80188,10
12.9396896362,80.2357406616,80188,80208,20
12.9396896362,80.2357406616,80208,80218,10
12.9393901825,80.2356185913,80218,80228,10
12.9388103485,80.2353210449,80228,80238,10
12.9381198883,80.2349624634,80238,80248,10
12.9372196198,80.2345428467,80248,80258,10
12.9362802505,80.23412323,80258,80268,10
12.9357995987,80.2339096069,80268,80278,10
12.935790062,80.2339096069,80278,80289,11
12.9355697632,80.2340927124,80289,80299,10
12.9354000092,80.2345581055,80299,80309,10
12.9351301193,80.2352218628,80309,80319,10
12.9350204468,80.2354278564,80319,80329,10
12.9347600937,80.2353286743,80329,80339,10
12.9342699051,80.2351226807,80339,80349,10
12.933930397,80.234992981,80349,80359,10
12.9337997437,80.235168457,80359,80369,10
12.9336099625,80.2357330322,80369,80379,10
12.9333400726,80.2361831665,80379,80390,11
12.933139801,80.2361221313,80390,80399,9
12.9329395294,80.2361373901,80399,80410,11
12.9328804016,80.2364273071,80410,80420,10
12.9327297211,80.2369995117,80420,80430,10
12.9325799942,80.2373886108,80430,80440,10
12.9323701859,80.237953186,80440,80450,10
12.9321699142,80.2384567261,80450,80460,10
12.9320497513,80.2386398315,80460,80470,10
12.9311599731,80.23853302,80470,80490,20
12.9311599731,80.23853302,80490,80501,11
12.9310703278,80.2384872437,80501,80511,10
12.9306297302,80.2383422852,80511,80521,10
12.929889679,80.238067627,80521,80531,10
12.9295101166,80.2381515503,80531,80541,10
12.929400444,80.2385025024,80541,80551,10
12.9292602539,80.2389373779,80551,80561,10
12.9290704727,80.2390136719,80561,80571,10
12.9282903671,80.238822937,80571,80601,30
12.9282903671,80.238822937,80601,80612,11
12.9280004501,80.2387390137,80612,80622,10
12.9273099899,80.2385787964,80622,80632,10
12.926320076,80.238319397,80632,80642,10
12.9254999161,80.2380981445,80642,80652,10
12.9251098633,80.2379989624,80652,80662,10
12.9247903824,80.2381210327,80662,80672,10
12.9247999191,80.2383499146,80672,80682,10
12.9252195358,80.2384567261,80682,80692,10
12.925620079,80.2382965088,80692,80935,243
12.925620079,80.2382965088,80935,80945,10
12.9258298874,80.2381591797,80945,80955,10
12.9262304306,80.2382278442,80955,80965,10
12.9268598557,80.2384109497,80965,80975,10
12.9274301529,80.2385635376,80975,80985,10
12.9280004501,80.2387008667,80985,80995,10
12.9286403656,80.238861084,80995,81005,10
12.9291200638,80.2389678955,81005,81015,10
12.9292602539,80.2390136719,81015,81025,10
12.9293603897,80.2387924194,81025,81035,10
12.9294996262,80.2382888794,81035,81046,11
12.9296503067,80.2379379272,81046,81056,10
12.9302301407,80.2381134033,81056,81066,10
12.9313001633,80.2385101318,81066,81086,20
12.9313001633,80.2385101318,81086,81096,10
12.9313697815,80.238571167,81096,81106,10
12.9317998886,80.2387008667,81106,81116,10
12.9321203232,80.2387008667,81116,81126,10
12.9322500229,80.2384262085,81126,81136,10
12.9323596954,80.238067627,81136,81147,11
12.932559967,80.2375564575,81147,81157,10
12.9327497482,80.2370300293,81157,81167,10
12.9328899384,80.2365875244,81167,81177,10
12.9329595566,80.2361831665,81177,81187,10
12.9334697723,80.2361907959,81187,81207,20
12.9334697723,80.2361907959,81207,81217,10
12.9335803986,80.2360916138,81217,81227,10
12.9336395264,80.2358169556,81227,81237,10
12.9337501526,80.2353363037,81237,81247,10
12.9338703156,80.2349777222,81247,81258,11
12.9340400696,80.2350234985,81258,81268,10
12.9343500137,80.2351608276,81268,81278,10
12.9349498749,80.2354202271,81278,81316,38
12.9349498749,80.2354202271,81316,81326,10
12.935210228,80.2351989746,81326,81335,9
12.9354000092,80.2346420288,81335,81346,11
12.9357004166,80.2339019775,81346,81356,10
12.935839653,80.233757019,81356,81367,11
12.9362096786,80.2339096069,81367,81377,10
12.9369096756,80.2342529297,81377,81387,10
12.9377698898,80.2346725464,81387,81397,10
12.9385700226,80.2350692749,81397,81407,10
12.9394102097,80.235458374,81407,81417,10
12.9396696091,80.2356033325,81417,81427,10
12.9399204254,80.2357025146,81427,81437,10
12.9406700134,80.2359390259,81437,81456,19
12.9425001144,80.2364425659,81456,81468,12
12.9436798096,80.2373428345,81468,81479,11
12.9445495605,80.2382965088,81479,81489,10
12.9458599091,80.2394104004,81489,81499,10
12.9469003677,80.2398376465,81499,81508,9
12.9479198456,80.2402572632,81508,81520,12
12.949090004,80.2407226563,81520,81529,9
12.949669838,80.2409362793,81529,81539,10
12.9505701065,80.2412033081,81539,81549,10
12.9512996674,80.2414321899,81549,81561,12
12.952340126,80.2418289185,81561,81572,11
12.9531097412,80.2421188354,81572,81582,10
12.9538602829,80.2423934937,81582,81593,11
12.9544801712,80.2426223755,81593,81603,10
12.954990387,80.2428131104,81603,81613,10
12.9557504654,80.2431030273,81613,81633,20
12.9557504654,80.2431030273,81633,81643,10
12.9559202194,80.2431564331,81643,81663,20
12.9560604095,80.2432098389,81663,81704,41
12.9562196732,80.2432785034,81704,81724,20
12.9562196732,80.2432785034,81724,81734,10
12.9563302994,80.243347168,81734,81744,10
12.9563398361,80.243347168,81744,81754,10
12.9566698074,80.2434463501,81754,81764,10
12.9573402405,80.2437515259,81764,81774,10
12.9579801559,80.2440338135,81774,81784,10
12.9585504532,80.2442779541,81784,81795,11
12.9590301514,80.244468689,81795,81805,10
12.9595403671,80.244682312,81805,81815,10
12.9603395462,80.2450637817,81815,81825,10
12.961139679,80.2454223633,81825,81835,10
12.9619398117,80.2458114624,81835,81845,10
12.9626102448,80.2461471558,81845,81855,10
12.9630403519,80.246383667,81855,81906,51
12.9630403519,80.246383667,81906,81916,10
12.9634399414,80.2465362549,81916,81926,10
12.9639501572,80.2467803955,81926,81936,10
12.9643802643,80.2469482422,81936,81946,10
12.9650001526,80.2471694946,81946,81956,10
12.9655799866,80.2473526001,81956,81966,10
12.9660997391,80.247543335,81966,81976,10
12.9664802551,80.2476882935,81976,81985,9
12.9665203094,80.2477035522,81985,81996,11
12.9667396545,80.2478485107,81996,82007,11
12.9669103622,80.2479400635,82007,82017,10
12.9670801163,80.248008728,82017,82027,10
12.9675703049,80.2482528687,82027,82037,10
12.9684200287,80.2486114502,82037,82047,10
12.9694595337,80.2490234375,82047,82057,10
12.9703197479,80.2493286133,82057,82067,10
12.9711198807,80.2496109009,82067,82077,10
12.9722204208,80.2499237061,82077,82087,10
12.973279953,80.250213623,82087,82097,10
12.973739624,80.250328064,82097,82107,10
12.9743795395,80.2504882813,82107,82117,10
12.975279808,80.2507629395,82117,82128,11
12.9762802124,80.2510375977,82128,82138,10
12.9768600464,80.2511978149,82138,82148,10
12.9773197174,80.2514038086,82148,82164,16
12.9782400131,80.2521362305,82164,82176,12
12.978969574,80.2525100708,82176,82186,10
12.9790000916,80.2525177002,82186,82196,10
12.9793395996,80.2525787354,82196,82206,10
12.9796695709,80.2526016235,82206,82216,10
12.980099678,80.2526168823,82216,82226,10
12.9810199738,80.2526092529,82226,82237,11
12.982000351,80.2525863647,82237,82247,10
12.9828395844,80.252532959,82247,82257,10
12.9836397171,80.2524032593,82257,82267,10
12.9839601517,80.2523422241,82267,82277,10
12.9841403961,80.2522888184,82277,82286,9
12.9842100143,80.2522735596,82286,82297,11
12.9844102859,80.2521972656,82297,82307,10
12.984749794,80.2520980835,82307,82327,20
12.984749794,80.2520980835,82327,82338,11
12.9850196838,80.2520217896,82338,82368,30
12.9850196838,80.2520217896,82368,82377,9
12.9851799011,80.251953125,82377,82388,11
12.98554039,80.2518692017,82388,82398,10
12.9860095978,80.2518005371,82398,82408,10
12.9864797592,80.2516708374,82408,82417,9
12.9869203568,80.2515563965,82417,82428,11
12.987569809,80.2513809204,82428,82459,31
12.987569809,80.2513809204,82459,82469,10
12.9877195358,80.2513504028,82469,82479,10
12.9879102707,80.2516403198,82479,82489,10
12.9879999161,80.2523803711,82489,82499,10
12.9878797531,80.2534637451,82499,82509,10
12.9877595901,80.2546081543,82509,82519,10
12.9876899719,80.2552566528,82519,82560,41
12.9876899719,80.2552566528,82560,82570,10
12.9876203537,80.2555618286,82570,82580,10
12.9875802994,80.2559127808,82580,82590,10
12.9875402451,80.256362915,82590,82600,10
12.9875297546,80.2566299438,82600,82610,10
12.9875202179,80.2570114136,82610,82620,10
12.9874696732,80.2576065063,82620,82630,10
12.9874401093,80.2581787109,82630,82640,10
12.9873800278,80.2585220337,82640,82681,41
12.9873800278,80.2585220337,82681,82691,10
12.9868803024,80.2586288452,82691,82943,252
12.9868803024,80.2586288452,82943,82953,10
12.9867296219,80.2588119507,82953,82963,10
12.9867095947,80.2591018677,82963,82973,10
12.9865703583,80.2593231201,82973,83640,667
12.9865703583,80.2590408325,83640,86214,2574
