13.0146102905,80.225402832,12,3154,3142
13.0146799088,80.2250976563,3154,3255,101
13.0146799088,80.2250976563,3255,3265,10
13.0145397186,80.225227356,3265,5446,2181
13.0145397186,80.225227356,5446,5456,10
13.0146999359,80.2253189087,5456,10227,4771
13.0148296356,80.2252883911,10227,10407,180
13.0146799088,80.2253265381,10407,10860,453
13.0146799088,80.2253265381,10860,10870,10
13.0148096085,80.2252197266,10870,10901,31
13.0147399902,80.2253417969,10901,14580,3679
13.0148000717,80.225440979,14580,18259,3679
13.0147199631,80.2253570557,18259,18906,647
13.0147199631,80.2253570557,18906,18916,10
13.0143699646,80.2254486084,18916,18926,10
13.0142202377,80.2254486084,18926,18936,10
13.0142297745,80.2258911133,18936,18966,30
13.0142297745,80.2258911133,18966,18976,10
13.0141601563,80.2263031006,18976,18986,10
13.0137996674,80.2264099121,18986,18997,11
13.0131702423,80.2266464233,18997,19007,10
13.0124797821,80.2269210815,19007,19016,9
13.0117902756,80.2272033691,19016,19027,11
13.0108604431,80.2275619507,19027,19037,10
13.0101003647,80.2278594971,19037,19047,10
13.0095596313,80.2275924683,19047,19057,10
13.0098304749,80.2269821167,19057,19066,9
13.0101299286,80.226348877,19066,19077,11
13.0105104446,80.2254714966,19077,19087,10
13.0108604431,80.2246398926,19087,19098,11
13.0112800598,80.2236480713,19098,19107,9
13.0114297867,80.2233123779,19107,19118,11
13.0115404129,80.2230224609,19118,19128,10
13.0117101669,80.222442627,19128,19138,10
13.0119800568,80.2217636108,19138,19148,10
13.0123996735,80.2216567993,19148,19158,10
13.0127801895,80.2221374512,19158,19168,10
13.013299942,80.2227020264,19168,19178,10
13.0139198303,80.2233505249,19178,19188,10
13.0143098831,80.2237167358,19188,19199,11
13.014749527,80.2241821289,19199,19208,9
13.0152397156,80.224822998,19208,19219,11
13.0159902573,80.2253112793,19219,19229,10
13.0168399811,80.2252120972,19229,19239,10
13.0177497864,80.224861145,19239,19248,9
13.0185899734,80.2245330811,19248,19258,10
13.0194196701,80.2244262695,19258,19269,11
13.0202302933,80.2249069214,19269,19279,10
13.0210199356,80.2254562378,19279,19289,10
13.0218400955,80.2260894775,19289,19300,11
13.0227003098,80.2268295288,19300,19310,10
13.0234899521,80.2275390625,19310,19320,10
13.0240001678,80.2279968262,19320,19329,9
13.024430275,80.2284927368,19329,19370,41
13.024430275,80.2284927368,19370,19380,10
13.024310112,80.2286300659,19380,19390,10
13.0240402222,80.2283477783,19390,19401,11
13.0236301422,80.2278594971,19401,19411,10
13.0232095718,80.2274627686,19411,19421,10
13.0231800079,80.2274169922,19421,19430,9
13.0231304169,80.2273101807,19430,19438,8
13.0228004456,80.2269897461,19438,19461,23
13.0228004456,80.2269897461,19461,19471,10
13.0226697922,80.2268981934,19471,19481,10
13.0225095749,80.2267379761,19481,19491,10
13.0221595764,80.2264175415,19491,19502,11
13.02161026,80.2259597778,19502,19512,10
13.0210103989,80.2255096436,19512,19522,10
13.0202999115,80.2250289917,19522,19545,23
13.0183200836,80.2246704102,19545,19557,12
13.01720047,80.2251205444,19557,19567,10
13.0165596008,80.2253570557,19567,19577,10
13.0162401199,80.2253799438,19577,19587,10
13.0158004761,80.2256469727,19587,19597,10
13.0151500702,80.2259368896,19597,19608,11
13.014380455,80.2262573242,19608,19618,10
13.0142698288,80.2262878418,19618,19628,10
13.0139198303,80.2264175415,19628,19638,10
13.013299942,80.2266311646,19638,19648,10
13.0126399994,80.2268829346,19648,19658,10
13.0117797852,80.2272186279,19658,19668,10
13.0107097626,80.2276306152,19668,19678,10
13.0097999573,80.2279205322,19678,19688,10
13.0096302032,80.2273788452,19688,19698,10
13.0099201202,80.2267303467,19698,19709,11
13.0103797913,80.2257232666,19709,19719,10
13.0107498169,80.2248916626,19719,19729,10
13.0114202499,80.2232284546,19729,19739,10
13.0114202499,80.2232284546,19739,19749,10
13.0117998123,80.2222595215,19749,19759,10
13.0120601654,80.2216033936,19759,19769,10
13.012169838,80.2211608887,19769,19779,10
13.0120000839,80.2205505371,19779,19789,10
13.011759758,80.2198028564,19789,19799,10
13.011469841,80.2189331055,19799,19810,11
13.0111103058,80.2179031372,19810,19820,10
13.0107402802,80.2170028687,19820,19830,10
13.0104398727,80.2163391113,19830,19840,10
13.0101203918,80.2158126831,19840,19850,10
13.0097703934,80.2151031494,19850,19860,10
13.0091896057,80.2143478394,19860,19869,9
13.0087299347,80.2137527466,19869,19880,11
13.0080299377,80.2132415771,19880,19921,41
13.0080299377,80.2132415771,19921,19931,10
13.0077104568,80.2130126953,19931,19941,10
13.0072202682,80.2128295898,19941,19951,10
13.0066099167,80.2127532959,19951,19961,10
13.0060396194,80.2129364014,19961,19970,9
13.0053796768,80.2127609253,19970,19981,11
13.0045700073,80.2122879028,19981,19991,10
13.0036802292,80.2120666504,19991,20001,10
13.0029201508,80.212097168,20001,20012,11
13.0021600723,80.2123031616,20012,20022,10
13.0014801025,80.2127685547,20022,20031,9
13.0007600784,80.2133178711,20031,20042,11
12.9999399185,80.2141036987,20042,20052,10
12.9995298386,80.2144470215,20052,20062,10
12.9991703033,80.2147598267,20062,20072,10
12.9988498688,80.2150192261,20072,20082,10
12.9983596802,80.2154464722,20082,20092,10
12.9976997375,80.2160110474,20092,20102,10
12.9973201752,80.2163772583,20102,20113,11
12.9972000122,80.2164916992,20113,20123,10
12.9968004227,80.2165374756,20123,20133,10
12.9961395264,80.2166519165,20133,20143,10
12.995300293,80.2169189453,20143,20153,10
12.9946203232,80.217376709,20153,20163,10
12.9938802719,80.217918396,20163,20172,9
12.9931201935,80.2184371948,20172,20183,11
12.9922399521,80.2191009521,20183,20193,10
12.991399765,80.2197036743,20193,20204,11
12.9908599854,80.2201004028,20204,20215,11
12.990819931,80.2201385498,20215,20225,10
12.9905195236,80.2203521729,20225,20234,9
12.9900598526,80.2207336426,20234,20244,10
12.9895200729,80.2213668823,20244,20254,10
12.988940239,80.222076416,20254,20265,11
12.9881000519,80.2228622437,20265,20275,10
12.987569809,80.2230911255,20275,20285,10
12.9869203568,80.2230300903,20285,20295,10
12.9861898422,80.2229537964,20295,20305,10
12.9855604172,80.2231369019,20305,20316,11
12.9848403931,80.2231292725,20316,20325,9
12.9841604233,80.2227096558,20325,20336,11
12.983420372,80.2222824097,20336,20346,10
12.9832801819,80.2221908569,20346,20356,10
12.9831800461,80.2221298218,20356,20366,10
12.9828195572,80.2219161987,20366,20376,10
12.9822597504,80.2217712402,20376,20386,10
12.9816799164,80.2213668823,20386,20396,10
12.9809398651,80.221031189,20396,20406,10
12.9799995422,80.2210769653,20406,20417,11
12.9788303375,80.2211608887,20417,20427,10
12.9778404236,80.2211837769,20427,20437,10
12.9769897461,80.2212371826,20437,20447,10
12.9761295319,80.2212600708,20447,20456,9
12.9757499695,80.2211685181,20456,20498,42
12.9757499695,80.2211685181,20498,20508,10
12.9755296707,80.2209625244,20508,20569,61
12.9755296707,80.2209625244,20569,20579,10
12.9753103256,80.2207489014,20579,20589,10
12.9749097824,80.2205123901,20589,20599,10
12.9741401672,80.2202529907,20599,20609,10
12.9733400345,80.2199401855,20609,20620,11
12.9722995758,80.2195281982,20620,20630,10
12.970870018,80.219039917,20630,20650,20
12.970870018,80.219039917,20650,20660,10
12.9705696106,80.2189025879,20660,20670,10
12.9700498581,80.2186889648,20670,20680,10
12.9694595337,80.2184371948,20680,20690,10
12.9687900543,80.2181930542,20690,20700,10
12.9681301117,80.2179336548,20700,20710,10
12.967499733,80.2176818848,20710,20720,10
12.9667701721,80.2173919678,20720,20737,17
12.965180397,80.2167434692,20737,20749,12
12.9640302658,80.216293335,20749,20758,9
12.9637002945,80.2161331177,20758,20770,12
12.9632396698,80.2158813477,20770,20780,10
12.9625501633,80.2155990601,20780,20790,10
12.9617004395,80.2152709961,20790,20800,10
12.9606895447,80.214881897,20800,20810,10
12.9596004486,80.2144622803,20810,20820,10
12.9584999084,80.2140197754,20820,20831,11
12.9573001862,80.2135391235,20831,20841,10
12.9561901093,80.2130966187,20841,20851,10
12.9550695419,80.212677002,20851,20861,10
12.9539403915,80.2122268677,20861,20871,10
12.9528198242,80.2117767334,20871,20881,10
12.9517097473,80.2113418579,20881,20891,10
12.9506196976,80.2109222412,20891,20901,10
12.9496097565,80.2105178833,20901,20911,10
12.9486904144,80.2101593018,20911,20921,10
12.9477300644,80.209777832,20921,20932,11
12.9463701248,80.2092437744,20932,20942,10
12.9450798035,80.2087173462,20942,20952,10
12.9441995621,80.2083969116,20952,20962,10
12.943980217,80.2082901001,20962,20972,10
12.9434995651,80.2080764771,20972,20982,10
12.9429302216,80.2076721191,20982,20992,10
12.9423799515,80.2069778442,20992,21002,10
12.941619873,80.2063522339,21002,21012,10
12.9410400391,80.2060165405,21012,21022,10
12.9409999847,80.2059936523,21022,21032,10
12.9406995773,80.2058486938,21032,21043,11
12.940079689,80.205657959,21043,21053,10
12.9393796921,80.2054519653,21053,21063,10
12.9385995865,80.2052001953,21063,21073,10
12.9377202988,80.2049484253,21073,21083,10
12.936750412,80.2046813965,21083,21093,10
12.9357500076,80.2043991089,21093,21103,10
12.9349403381,80.2040405273,21103,21113,10
12.9340801239,80.2039413452,21113,21123,10
12.933719635,80.203918457,21123,21133,10
12.9336395264,80.2039108276,21133,21143,10
12.9333000183,80.2038421631,21143,21154,11
12.9327297211,80.2035980225,21154,21164,10
12.9320898056,80.2033920288,21164,21174,10
12.9313297272,80.2031402588,21174,21184,10
12.9305400848,80.2029190063,21184,21194,10
12.9297199249,80.202796936,21194,21210,16
12.9285802841,80.20262146,21210,21222,12
12.9284696579,80.2022018433,21222,21230,8
12.928440094,80.2016296387,21230,21242,12
12.9284000397,80.2005691528,21242,21253,11
12.9282302856,80.1995162964,21253,21263,10
12.9278802872,80.1987228394,21263,21273,10
12.9273004532,80.1980133057,21273,21283,10
12.9264297485,80.1976013184,21283,21293,10
12.9255800247,80.1975021362,21293,21303,10
12.9253196716,80.1974868774,21303,21314,11
12.9248504639,80.1974868774,21314,21324,10
12.9240598679,80.197479248,21324,21334,10
12.9232501984,80.1974334717,21334,21344,10
12.9223604202,80.1973114014,21344,21355,11
12.9220104218,80.1972808838,21355,21365,10
12.9218301773,80.1972198486,21365,21375,10
12.9213695526,80.1970596313,21375,21385,10
12.9210700989,80.1969528198,21385,21395,10
12.9208202362,80.1968383789,21395,21405,10
12.9202899933,80.1966629028,21405,21415,10
12.9196100235,80.1964187622,21415,21425,10
12.9189596176,80.1959915161,21425,21435,10
12.918299675,80.1953811646,21435,21445,10
12.917550087,80.1947021484,21445,21455,10
12.9170598984,80.1940536499,21455,21466,11
12.9169998169,80.1934814453,21466,21476,10
12.917090416,80.192779541,21476,21486,10
12.9172000885,80.1920700073,21486,21496,10
12.91726017,80.1913986206,21496,21506,10
12.9172897339,80.1913604736,21506,21516,10
12.9173803329,80.1910934448,21516,21526,10
12.917429924,80.1904830933,21526,21536,10
12.9175701141,80.1896820068,21536,21546,10
12.9179697037,80.1888198853,21546,21556,10
12.9186601639,80.1880111694,21556,21566,10
12.9194097519,80.187171936,21566,21577,11
12.9202203751,80.1862335205,21577,21593,16
12.9205904007,80.1854400635,21593,21605,12
12.9204502106,80.1847000122,21605,21615,10
12.9202604294,80.183883667,21615,21625,10
12.9200601578,80.1830291748,21625,21635,10
12.919960022,80.1826324463,21635,21645,10
12.9199199677,80.1824493408,21645,21655,10
12.9197998047,80.1819076538,21655,21665,10
12.9196395874,80.1811828613,21665,21676,11
12.9194402695,80.1802215576,21676,21686,10
12.9190998077,80.1792526245,21686,21696,10
12.9184398651,80.1783294678,21696,21706,10
12.9182500839,80.177230835,21706,21716,10
12.9184398651,80.1761779785,21716,21726,10
12.9187202454,80.1751022339,21726,21736,10
12.9189996719,80.1739425659,21736,21746,10
12.9193096161,80.1727981567,21746,21756,10
12.9195699692,80.1717529297,21756,21766,10
12.9197797775,80.1709594727,21766,21777,11
12.919839859,80.1708068848,21777,21787,10
12.9199895859,80.1703414917,21787,21797,10
12.9202003479,80.1696472168,21797,21807,10
12.9204797745,80.1687393188,21807,21817,10
12.9207801819,80.1678085327,21817,21827,10
12.9211397171,80.1667327881,21827,21837,10
12.9215097427,80.1656036377,21837,21846,9
12.9218397141,80.1645889282,21846,21856,10
12.9221000671,80.1636962891,21856,21867,11
12.922369957,80.1627578735,21867,21877,10
12.9226903915,80.1617965698,21877,21888,11
12.9230203629,80.1607589722,21888,21898,10
12.923119545,80.1604385376,21898,21908,10
12.9231901169,80.1602020264,21908,21918,10
12.9232997894,80.1596069336,21918,21928,10
12.9233903885,80.1587600708,21928,21938,10
12.923500061,80.157661438,21938,21948,10
12.9236097336,80.1564865112,21948,21958,10
12.9233798981,80.1548919678,21958,21978,20
12.9233798981,80.1548919678,21978,21988,10
12.9233398438,80.1546325684,21988,22005,17
12.9230804443,80.1535568237,22005,22017,12
12.922829628,80.1525726318,22017,22027,10
12.9226799011,80.1516799927,22027,22037,10
12.922659874,80.1507492065,22037,22046,9
12.9226303101,80.1495513916,22046,22056,10
12.9225702286,80.1484603882,22056,22068,12
12.9225597382,80.1469268799,22068,22079,11
12.9225196838,80.1456375122,22079,22089,10
12.9224901199,80.1444778442,22089,22099,10
12.9224596024,80.1433563232,22099,22110,11
12.922419548,80.1424026489,22110,22119,9
12.9224004745,80.1416473389,22119,22130,11
12.922369957,80.1413879395,22130,22140,10
12.922369957,80.1412277222,22140,22150,10
12.922369957,80.1406707764,22150,22160,10
12.9223804474,80.1398696899,22160,22170,10
12.9223804474,80.138923645,22170,22180,10
12.9224500656,80.1379623413,22180,22190,10
12.9224901199,80.1368637085,22190,22201,11
12.922539711,80.135559082,22201,22211,10
12.9225797653,80.1343383789,22211,22221,10
12.9226303101,80.1331634521,22221,22231,10
12.922659874,80.1320571899,22231,22241,10
12.9226799011,80.1312103271,22241,22251,10
12.9226903915,80.1310424805,22251,22267,16
12.9227399826,80.1302032471,22267,22279,12
12.9228000641,80.1292800903,22279,22287,8
12.9228601456,80.1285629272,22287,22299,12
12.9228897095,80.1275405884,22299,22310,11
12.9229097366,80.1265029907,22310,22320,10
12.9229202271,80.1256484985,22320,22329,9
12.9229297638,80.1252365112,22329,22340,11
12.9229698181,80.1244506836,22340,22350,10
12.9230203629,80.1236114502,22350,22359,9
12.9230604172,80.1227111816,22359,22370,11
12.923119545,80.1215362549,22370,22380,10
12.9231996536,80.1205596924,22380,22390,10
12.9232196808,80.1204376221,22390,22400,10
12.9232397079,80.1203613281,22400,22411,11
12.9232797623,80.1198577881,22411,22421,10
12.9232902527,80.1191329956,22421,22431,10
12.9233398438,80.1183395386,22431,22441,10
12.9234304428,80.1173019409,22441,23037,596
12.9234304428,80.1173019409,23037,23047,10
12.9235095978,80.1171569824,23047,23057,10
12.9234800339,80.1169128418,23057,23067,10
12.9236097336,80.1168823242,23067,23077,10
12.9235496521,80.1171722412,23077,23087,10
12.9235801697,80.1176071167,23087,23097,10
12.9235801697,80.1180419922,23097,23107,10
12.9235401154,80.1186523438,23107,23117,10
12.9234895706,80.1193237305,23117,23127,10
12.9233903885,80.1199874878,23127,23137,10
12.9233198166,80.1205673218,23137,23148,11
12.9232997894,80.1210479736,23148,23158,10
12.9232797623,80.1213226318,23158,23168,10
12.9233398438,80.1215667725,23168,23390,222
12.9233398438,80.1215667725,23390,23400,10
12.9233102798,80.1217803955,23400,23410,10
12.9232501984,80.1221008301,23410,23420,10
12.923210144,80.122718811,23420,23430,10
12.9231700897,80.1235733032,23430,23440,10
12.923119545,80.1246337891,23440,23450,10
12.9230499268,80.12550354,23450,23461,11
12.9230499268,80.1256637573,23461,23471,10
12.92304039,80.1259613037,23471,23481,10
12.9230203629,80.1266174316,23481,23491,10
12.9229803085,80.1274108887,23491,23501,10
12.922949791,80.1281509399,23501,23511,10
12.9229001999,80.1289901733,23511,23521,10
12.9228401184,80.1299667358,23521,23531,10
12.9228401184,80.1308898926,23531,23541,10
12.922829628,80.1315383911,23541,23551,10
12.9228000641,80.132270813,23551,23562,11
12.9227399826,80.1332931519,23562,23572,10
12.9226903915,80.1343536377,23572,23582,10
12.9226398468,80.1353912354,23582,23592,10
12.9225902557,80.1365432739,23592,23602,10
12.9225301743,80.137588501,23602,23612,10
12.9224700928,80.1386566162,23612,23622,10
12.9224500656,80.139793396,23622,23632,10
12.9224596024,80.1406173706,23632,23642,10
12.9224796295,80.1412811279,23642,23652,10
12.9224796295,80.141960144,23652,23662,10
12.9225101471,80.1424179077,23662,23673,11
12.9225702286,80.1436004639,23673,23701,28
12.9225702286,80.1436004639,23701,23711,10
12.9225597382,80.1438522339,23711,23721,10
12.9225597382,80.1445770264,23721,23731,10
12.9226198196,80.1456985474,23731,23741,10
12.922659874,80.1468429565,23741,23751,10
12.9226999283,80.1473693848,23751,23761,10
12.9226903915,80.1476821899,23761,23771,10
12.922659874,80.1483306885,23771,23782,11
12.9226903915,80.1493530273,23782,23792,10
12.9227199554,80.1504974365,23792,23802,10
12.9227695465,80.1515197754,23802,23812,10
12.9228096008,80.1522064209,23812,23822,10
12.9230003357,80.1530685425,23822,23832,10
12.9232797623,80.1541137695,23832,23842,10
12.92345047,80.1546936035,23842,23852,10
12.9234695435,80.1547775269,23852,23862,10
12.9235601425,80.1552505493,23862,23872,10
12.9237298965,80.156036377,23872,23882,10
12.9236497879,80.157081604,23882,23893,11
12.9235296249,80.1583709717,23893,23903,10
12.9234399796,80.1595535278,23903,23913,10
12.9233198166,80.16040802,23913,23923,10
12.9232902527,80.1604690552,23923,23933,10
12.9231395721,80.1608581543,23933,23943,10
12.9229097366,80.1615524292,23943,23953,10
12.9226198196,80.1624679565,23953,23963,10
12.9222602844,80.1635894775,23963,23973,10
12.9218902588,80.1647567749,23973,23984,11
12.9214496613,80.1660995483,23984,23994,10
12.9210500717,80.1673278809,23994,24004,10
12.9206600189,80.168548584,24004,24014,10
12.9203100204,80.1697235107,24014,24024,10
12.920009613,80.1707763672,24024,24034,10
12.9199199677,80.171043396,24034,24044,10
12.9198598862,80.1711807251,24044,24054,10
12.9198198318,80.171257019,24054,24064,10
12.9197397232,80.1715011597,24064,24074,10
12.9196300507,80.1719894409,24074,24085,11
12.919380188,80.1728668213,24085,24095,10
12.9191398621,80.1737670898,24095,24105,10
12.9188804626,80.1748275757,24105,24115,10
12.9186000824,80.1759414673,24115,24125,10
12.9183998108,80.1770477295,24125,24135,10
12.918419838,80.1781997681,24135,24145,10
12.9191102982,80.1791610718,24145,24155,10
12.9195299149,80.1803207397,24155,24165,10
12.9197998047,80.181602478,24165,24175,10
12.9200601578,80.182800293,24175,24185,10
12.9203100204,80.183807373,24185,24196,11
12.9205303192,80.1848297119,24196,24206,10
12.9207000732,80.1854095459,24206,24216,10
12.9206895828,80.1855316162,24216,24226,10
12.9205904007,80.1859436035,24226,24236,10
12.9201002121,80.1865081787,24236,24246,10
12.919500351,80.1872024536,24246,24256,10
12.9188804626,80.1879196167,24256,24266,10
12.9181995392,80.188659668,24266,24276,10
12.9176397324,80.1896286011,24276,24286,10
12.917429924,80.1906509399,24286,24296,10
12.9173297882,80.1915664673,24296,24307,11
12.9171495438,80.1929626465,24307,24327,20
12.9171495438,80.1929626465,24327,24337,10
12.9171199799,80.1930999756,24337,24347,10
12.9171104431,80.1936035156,24347,24357,10
12.9173202515,80.1943588257,24357,24367,10
12.918009758,80.1950683594,24367,24377,10
12.9188404083,80.1958389282,24377,24387,10
12.9197397232,80.196472168,24387,24397,10
12.9205999374,80.1967697144,24397,24408,11
12.9207801819,80.1968231201,24408,24418,10
12.9211797714,80.1969528198,24418,24428,10
12.9218196869,80.1971817017,24428,24438,10
12.9227304459,80.1973571777,24438,24448,10
12.9236001968,80.197479248,24448,24458,10
12.9245595932,80.1975021362,24458,24468,10
12.9252996445,80.1974868774,24468,24478,10
12.9255800247,80.1974868774,24478,24488,10
12.926199913,80.1975402832,24488,24498,10
12.9269599915,80.1977767944,24498,24509,11
12.9277696609,80.1984405518,24509,24519,10
12.9282598495,80.1993637085,24519,24529,10
12.9285097122,80.200378418,24529,24539,10
12.9285497665,80.2014923096,24539,24549,10
12.9286699295,80.2025222778,24549,24559,10
12.9293603897,80.2027435303,24559,24569,10
12.9294595718,80.2027587891,24569,24579,10
12.9297399521,80.2027893066,24579,24589,10
12.9303102493,80.20287323,24589,24599,10
12.9310503006,80.2030410767,24599,24609,10
12.9318304062,80.2032928467,24609,24620,11
12.9327898026,80.2035827637,24620,24630,10
12.9340295792,80.2038879395,24630,24650,20
12.9340295792,80.2038879395,24650,24660,10
12.9342699051,80.2039413452,24660,24670,10
12.9348802567,80.2040176392,24670,24680,10
12.9356203079,80.2043228149,24680,24690,10
12.9365797043,80.2046127319,24690,24700,10
12.9376001358,80.2049026489,24700,24710,10
12.9386396408,80.2052001953,24710,24721,11
12.9397802353,80.2055435181,24721,24731,10
12.9400596619,80.205619812,24731,24741,10
12.9402198792,80.2056808472,24741,24751,10
12.9406900406,80.2058334351,24751,24761,10
12.9412002563,80.2060394287,24761,24771,10
12.9418697357,80.206451416,24771,24781,10
12.942609787,80.2070617676,24781,24791,10
12.9432497025,80.2078781128,24791,24801,10
12.9440803528,80.2082595825,24801,24811,10
12.9443702698,80.2083587646,24811,24821,10
12.9444704056,80.2083969116,24821,24832,11
12.9449501038,80.2085800171,24832,24842,10
12.9456396103,80.2088317871,24842,24852,10
12.9464302063,80.2091369629,24852,24862,10
12.9471502304,80.2094192505,24862,24872,10
12.9477796555,80.2096710205,24872,24882,10
12.9484500885,80.2099533081,24882,24892,10
12.9491996765,80.2102432251,24892,24902,10
12.9502601624,80.2106628418,24902,24912,10
12.9513998032,80.2111129761,24912,24922,10
12.9524803162,80.2115402222,24922,24933,11
12.9535703659,80.2119827271,24933,24949,16
12.9552402496,80.2126312256,24949,24961,12
12.9565296173,80.213142395,24961,24971,10
12.9573898315,80.2134933472,24971,24981,10
12.9587097168,80.214012146,24981,24990,9
12.9595804214,80.2143630981,24990,25001,11
12.9608697891,80.2148895264,25001,25011,10
12.9619398117,80.2153091431,25011,25021,10
12.9630002975,80.2157211304,25021,25031,10
12.9637403488,80.2160110474,25031,25041,10
12.9642601013,80.216178894,25041,25052,11
12.964509964,80.2163314819,25052,25062,10
12.9650402069,80.2165603638,25062,25072,10
12.9657201767,80.2168273926,25072,25082,10
12.9663896561,80.2171020508,25082,25092,10
12.9670600891,80.2173919678,25092,25102,10
12.9677295685,80.217666626,25102,25112,10
12.9684896469,80.217956543,25112,25122,10
12.9695196152,80.2183532715,25122,25132,10
12.9706201553,80.2187805176,25132,25143,11
12.9710998535,80.2189331055,25143,25153,10
12.9711904526,80.2189712524,25153,25163,10
12.9715795517,80.2191619873,25163,25173,10
12.9722003937,80.2194213867,25173,25183,10
12.9729995728,80.2197189331,25183,25193,10
12.973859787,80.2200469971,25193,25203,10
12.97453022,80.2203521729,25203,25213,10
12.9753303528,80.2206878662,25213,25223,10
12.9761600494,80.2212677002,25223,25244,21
12.9761600494,80.2212677002,25244,25254,10
12.9762601852,80.2212600708,25254,25264,10
12.9766798019,80.221282959,25264,25274,10
12.9771604538,80.2212600708,25274,25284,10
12.9776201248,80.2212295532,25284,25294,10
12.9782600403,80.2211685181,25294,25304,10
12.9791498184,80.2211074829,25304,25314,10
12.9799098969,80.2210617065,25314,25324,10
12.9807701111,80.2209777832,25324,25334,10
12.9814796448,80.2211914063,25334,25344,10
12.9820604324,80.2216186523,25344,25355,11
12.9827899933,80.2218704224,25355,25365,10
12.983039856,80.2219772339,25365,25375,10
12.9832401276,80.2221069336,25375,25385,10
12.9836997986,80.2223968506,25385,25395,10
12.9843702316,80.2228088379,25395,25405,10
12.9849796295,80.2231521606,25405,25415,10
12.9854698181,80.2232666016,25415,25425,10
12.9857797623,80.2230072021,25425,25435,10
12.9863796234,80.2229385376,25435,25445,10
12.9870100021,80.2230224609,25445,25456,11
12.9878396988,80.2229995728,25456,25466,10
12.9885597229,80.2224731445,25466,25476,10
12.989109993,80.2218780518,25476,25486,10
12.9893302917,80.2216110229,25486,25496,10
12.9895896912,80.2212295532,25496,25506,10
12.990070343,80.2206802368,25506,25516,10
12.9905004501,80.2203216553,25516,25526,10
12.9906702042,80.2201919556,25526,25536,10
12.9910202026,80.2199325562,25536,25546,10
12.9916601181,80.2194519043,25546,25556,10
12.9923801422,80.2189407349,25556,25567,11
12.9933204651,80.21824646,25567,25577,10
12.9941596985,80.2176513672,25577,25587,10
12.9949102402,80.2171096802,25587,25597,10
12.9956998825,80.2166976929,25597,25607,10
12.9965801239,80.2165222168,25607,25617,10
12.9973096848,80.2163696289,25617,25627,10
12.9975004196,80.2161636353,25627,25637,10
12.9975099564,80.2161636353,25637,25647,10
12.9977502823,80.2159576416,25647,25657,10
12.9981603622,80.2156295776,25657,25668,11
12.9987201691,80.2151870728,25668,25678,10
12.9989299774,80.2149963379,25678,25688,10
12.99903965,80.2148971558,25688,25698,10
12.9992704391,80.2146835327,25698,25708,10
12.9996204376,80.2143783569,25708,25718,10
13.0000400543,80.2139892578,25718,25728,10
13.0004501343,80.2136306763,25728,25738,10
13.0011901855,80.2129974365,25738,25748,10
13.0019397736,80.2124404907,25748,25758,10
13.0026502609,80.212097168,25758,25769,11
13.0033597946,80.212059021,25769,25779,10
13.0038604736,80.2119903564,25779,25789,10
13.0044603348,80.2122116089,25789,25799,10
13.0050697327,80.212562561,25799,25809,10
13.0058403015,80.2129364014,25809,25819,10
13.0066003799,80.2127380371,25819,25829,10
13.0074396133,80.2128219604,25829,25839,10
13.0080003738,80.2131271362,25839,25859,20
13.0080003738,80.2131271362,25859,25869,10
13.0083198547,80.2133178711,25869,25880,11
13.0088300705,80.2137908936,25880,25890,10
13.0093603134,80.2145080566,25890,25900,10
13.0099000931,80.2152481079,25900,25910,10
13.0103998184,80.2160415649,25910,25920,10
13.0108203888,80.2168502808,25920,25930,10
13.0112199783,80.2177124023,25930,25940,10
13.0116195679,80.2188262939,25940,25949,9
13.0119800568,80.2199401855,25949,25959,10
13.0123796463,80.2210464478,25959,25970,11
13.0128803253,80.2219085693,25970,25980,10
13.0135602951,80.2227325439,25980,25991,11
13.0142002106,80.2236022949,25991,26001,10
13.0146598816,80.2241210938,26001,26011,10
13.0151395798,80.2247390747,26011,26021,10
13.0152902603,80.2248764038,26021,26031,10
13.0154895782,80.225112915,26031,26041,10
13.015999794,80.2253875732,26041,26051,10
13.0168304443,80.2252502441,26051,26061,10
13.0177698135,80.224861145,26061,26071,10
13.0187196732,80.2244873047,26071,26081,10
13.0195302963,80.2244567871,26081,26092,11
13.0201101303,80.2248077393,26092,26102,10
13.0207099915,80.2252197266,26102,26112,10
13.0216598511,80.2258987427,26112,26132,20
13.0216598511,80.2258987427,26132,26142,10
13.0218601227,80.2260665894,26142,26152,10
13.0222702026,80.2264709473,26152,26162,10
13.0228300095,80.2269592285,26162,26172,10
13.0234699249,80.2275390625,26172,26182,10
13.0240297318,80.2280731201,26182,26193,11
13.0242300034,80.2282485962,26193,26203,10
13.024310112,80.2283477783,26203,26213,10
13.0244998932,80.2286605835,26213,26223,10
13.0247602463,80.2290725708,26223,26233,10
13.0252199173,80.2296600342,26233,26243,10
13.0257196426,80.2303771973,26243,26253,10
13.0260295868,80.2311401367,26253,26263,10
13.0264501572,80.2312927246,26263,26279,16
13.0276203156,80.231010437,26279,26291,12
13.0282497406,80.2309188843,26291,26300,9
13.0285196304,80.2309036255,26300,26312,12
13.0291700363,80.2308578491,26312,26331,19
13.0291700363,80.2308578491,26331,26343,12
13.0293798447,80.2308502197,26343,26353,10
13.0296897888,80.2308120728,26353,26363,10
13.0302400589,80.2307662964,26363,26373,10
13.0307598114,80.2307281494,26373,26383,10
13.0313901901,80.230682373,26383,26393,10
13.0320501328,80.2306365967,26393,26403,10
13.0326795578,80.2305908203,26403,26414,11
13.033780098,80.2304916382,26414,26434,20
13.033780098,80.2304916382,26434,26444,10
13.0338897705,80.2305221558,26444,26454,10
13.0342197418,80.2304763794,26454,26464,10
13.0345497131,80.2304000854,26464,26474,10
13.0349597931,80.23021698,26474,26484,10
13.0347700119,80.2299423218,26484,26595,111
13.0347700119,80.2299423218,26595,26612,17
13.034529686,80.229888916,26612,27825,1213
13.0341396332,80.2298812866,27825,27886,61
13.0341396332,80.2298812866,27886,27896,10
13.0341901779,80.2302932739,27896,27906,10
13.0341396332,80.2304382324,27906,27916,10
13.0338602066,80.2304077148,27916,27926,10
13.0332803726,80.2304611206,27926,27936,10
13.0325603485,80.2305297852,27936,27946,10
13.031829834,80.2306137085,27946,27956,10
13.0310297012,80.2306976318,27956,27967,11
13.0303096771,80.230758667,27967,27977,10
13.0296897888,80.2308273315,27977,27987,10
13.0292100906,80.2308807373,27987,27997,10
13.0285196304,80.2309494019,27997,28007,10
13.0278301239,80.2310180664,28007,28017,10
13.0276603699,80.2312011719,28017,28027,10
13.0277004242,80.2316665649,28027,28037,10
13.0277996063,80.2322235107,28037,28047,10
13.0278701782,80.2326889038,28047,28063,16
13.0272397995,80.2328796387,28063,28076,13
13.0269203186,80.2329330444,28076,28086,10
13.0266199112,80.2329483032,28086,28096,10
13.0263299942,80.2325286865,28096,28106,10
13.0261096954,80.2317733765,28106,28116,10
13.0258197784,80.2307891846,28116,28126,10
13.0253095627,80.2298812866,28126,28136,10
13.0248003006,80.2291870117,28136,28146,10
13.0242700577,80.2285308838,28146,28156,10
13.0237998962,80.2279586792,28156,28166,10
13.0231304169,80.2274703979,28166,28187,21
13.0231304169,80.2274703979,28187,28197,10
13.0230102539,80.2273712158,28197,28207,10
13.0227203369,80.2270736694,28207,28217,10
13.0223999023,80.2266464233,28217,28227,10
13.0218296051,80.2261428833,28227,28237,10
13.0211296082,80.2255783081,28237,28247,10
13.0198802948,80.2247314453,28247,28267,20
13.0198802948,80.2247314453,28267,28277,10
13.0196304321,80.2246017456,28277,28288,11
13.0188798904,80.2245025635,28288,28298,10
13.017999649,80.2248535156,28298,28308,10
13.0169897079,80.2252731323,28308,28318,10
13.0161104202,80.2256164551,28318,28328,10
13.0153198242,80.2258987427,28328,28338,10
13.0146999359,80.2261581421,28338,28354,16
13.0143404007,80.2263031006,28354,28366,12
13.0138502121,80.2264480591,28366,28376,10
13.0133104324,80.2266464233,28376,28386,10
13.0122804642,80.2270202637,28386,28397,11
13.0111398697,80.2274703979,28397,28407,10
13.0100603104,80.227897644,28407,28417,10
13.0095396042,80.2275314331,28417,28426,9
13.0098400116,80.2269134521,28426,28437,11
13.0103597641,80.2258071899,28437,28448,11
13.0107803345,80.224861145,28448,28458,10
13.0112199783,80.2238235474,28458,28468,10
13.0114402771,80.2232818604,28468,28478,10
13.0114898682,80.2231674194,28478,28488,10
13.011639595,80.2227401733,28488,28499,11
13.0119199753,80.221862793,28499,28509,10
13.012169838,80.2210998535,28509,28519,10
13.0119600296,80.220413208,28519,28529,10
13.0116596222,80.2194824219,28529,28539,10
13.0113201141,80.2184829712,28539,28549,10
13.0109395981,80.2174301147,28549,28559,10
13.0105495453,80.2165298462,28559,28569,10
13.0101604462,80.2158584595,28569,28579,10
13.009759903,80.2150802612,28579,28589,10
13.0092496872,80.2144088745,28589,28600,11
13.0084695816,80.2134628296,28600,28630,30
13.0084695816,80.2134628296,28630,28640,10
13.0084400177,80.2134475708,28640,28650,10
13.0081996918,80.2133331299,28650,28680,30
13.0081996918,80.2133331299,28680,28690,10
13.0079402924,80.213180542,28690,28700,10
13.0076704025,80.2129516602,28700,28711,11
13.0071601868,80.2127838135,28711,28721,10
13.0064496994,80.2127838135,28721,28731,10
13.0057201385,80.2129516602,28731,28741,10
13.0050401688,80.2125396729,28741,28751,10
13.0041704178,80.2121124268,28751,28761,10
13.0036401749,80.212059021,28761,28771,10
13.0032300949,80.2120819092,28771,28781,10
13.0027999878,80.212097168,28781,28791,10
13.002409935,80.2121887207,28791,28801,10
13.0020198822,80.2124023438,28801,28812,11
13.0012998581,80.2129364014,28812,28822,10
13.0006399155,80.2134628296,28822,28832,10
12.9999198914,80.2141036987,28832,28842,10
12.9995098114,80.2144622803,28842,28852,10
12.9991397858,80.2147827148,28852,28862,10
12.9989204407,80.2150115967,28862,28871,9
12.9984798431,80.2153778076,28871,28881,10
12.9978704453,80.2159423828,28881,28892,11
12.9974603653,80.2163314819,28892,28902,10
12.9973602295,80.2164611816,28902,28912,10
12.9972496033,80.2165374756,28912,28923,11
12.9967699051,80.2165603638,28923,28933,10
12.9961004257,80.2166824341,28933,28943,10
12.9953203201,80.2169265747,28943,28953,10
12.9950799942,80.217048645,28953,28963,10
12.9949598312,80.2171478271,28963,28973,10
12.9946098328,80.2173919678,28973,28983,10
12.9940395355,80.2178115845,28983,28993,10
12.9933795929,80.2182693481,28993,29003,10
12.992650032,80.2188110352,29003,29013,10
12.9917697906,80.2194366455,29013,29024,11
12.9909601212,80.2200317383,29024,29034,10
12.9904899597,80.2203979492,29034,29044,10
12.9898796082,80.2209625244,29044,29054,10
12.9892597198,80.2217330933,29054,29064,10
12.9885597229,80.2224884033,29064,29074,10
12.9877996445,80.2230529785,29074,29084,10
12.987159729,80.2230606079,29084,29094,10
12.986410141,80.2229614258,29094,29104,10
12.9855604172,80.22315979,29104,29114,10
12.9850196838,80.2232131958,29114,29125,11
12.9841804504,80.2227325439,29125,29135,10
12.9835596085,80.2223815918,29135,29145,10
12.9832296371,80.2221679688,29145,29155,10
12.9832201004,80.2221603394,29155,29165,10
12.9830799103,80.2220077515,29165,29175,10
12.9829301834,80.2219161987,29175,29185,10
12.9824895859,80.2217712402,29185,29195,10
12.9818897247,80.2214813232,29195,29205,10
12.9812602997,80.2210998535,29205,29215,10
12.9804601669,80.2210464478,29215,29225,10
12.9794502258,80.2211227417,29225,29236,11
12.9784202576,80.2211990356,29236,29246,10
12.9773797989,80.2212295532,29246,29256,10
12.9765996933,80.2212371826,29256,29266,10
12.9760599136,80.221321106,29266,29276,10
12.9760103226,80.221321106,29276,29286,10
12.9756298065,80.2210388184,29286,29306,20
12.9756298065,80.2210388184,29306,29316,10
12.975520134,80.2208862305,29316,29326,10
12.9751796722,80.2206802368,29326,29337,11
12.9745998383,80.2204284668,29337,29347,10
12.9741697311,80.2202301025,29347,29357,10
12.9738798141,80.2201004028,29357,29367,10
12.9734401703,80.2199020386,29367,29377,10
12.9727201462,80.2196426392,29377,29387,10
12.971830368,80.2193222046,29387,29397,10
12.9710798264,80.2191390991,29397,29407,10
12.9710302353,80.2191314697,29407,29417,10
12.9707603455,80.2189865112,29417,29427,10
12.9703197479,80.2187576294,29427,29437,10
12.9697704315,80.218536377,29437,29448,11
12.9690504074,80.2182693481,29448,29458,10
12.9683599472,80.2180023193,29458,29468,10
12.9676799774,80.2177276611,29468,29478,10
12.9669399261,80.2174301147,29478,29494,16
12.965259552,80.216758728,29494,29506,12
12.9639797211,80.2162322998,29506,29514,8
12.9634799957,80.216003418,29514,29526,12
12.9627199173,80.2156677246,29526,29536,10
12.9619102478,80.2153625488,29536,29545,9
12.9607601166,80.2149200439,29545,29556,11
12.9595499039,80.2144393921,29556,29568,12
12.9582395554,80.2138977051,29568,29578,10
12.957159996,80.2134780884,29578,29588,10
12.9561796188,80.2130966187,29588,29597,9
12.9550800323,80.212677002,29597,29608,11
12.9540195465,80.2122573853,29608,29618,10
12.9536104202,80.2121124268,29618,29628,10
12.9530601501,80.2118835449,29628,29638,10
12.9523096085,80.2115936279,29638,29648,10
12.9514102936,80.2112426758,29648,29659,11
12.9502801895,80.2108001709,29659,29669,10
12.9492998123,80.2104110718,29669,29679,10
12.9483804703,80.2100524902,29679,29689,10
12.9473199844,80.2096099854,29689,29699,10
12.9460697174,80.2091217041,29699,29709,10
12.9450397491,80.2087020874,29709,29719,10
12.9446001053,80.2085189819,29719,29729,10
12.9442195892,80.2083511353,29729,29739,10
12.9439601898,80.2082672119,29739,29749,10
12.9438199997,80.2082214355,29749,29759,10
12.9433603287,80.2080001831,29759,29770,11
12.942779541,80.2074432373,29770,29780,10
12.9422397614,80.2068481445,29780,29796,16
12.9413499832,80.2061462402,29796,29808,12
12.9412403107,80.2060928345,29808,29818,10
12.9411001205,80.2060165405,29818,29828,10
12.9406795502,80.2058486938,29828,29838,10
12.9399299622,80.2056427002,29838,29848,10
12.9392204285,80.205406189,29848,29858,10
12.9384202957,80.2051773071,29858,29869,11
12.9375200272,80.2048873901,29869,29879,10
12.9365797043,80.2046279907,29879,29889,10
12.9357795715,80.2043991089,29889,29899,10
12.9351501465,80.2041015625,29899,29909,10
12.9343795776,80.2039413452,29909,29919,10
12.9337396622,80.2038574219,29919,29929,10
12.9335403442,80.2038574219,29929,29939,10
12.9331998825,80.2037811279,29939,29949,10
12.9326095581,80.2035598755,29949,29959,10
12.9318599701,80.2033081055,29959,29970,11
12.9309301376,80.2030105591,29970,29980,10
12.930100441,80.2028427124,29980,29990,10
12.9294099808,80.2027587891,29990,30000,10
12.929400444,80.2027587891,30000,30010,10
12.9291400909,80.2027282715,30010,30020,10
12.9286203384,80.2026062012,30020,30030,10
12.9284601212,80.2020568848,30030,30040,10
12.928440094,80.2014694214,30040,30050,10
12.9284296036,80.200668335,30050,30060,10
12.9282999039,80.1996994019,30060,30070,10
12.9278697968,80.1986999512,30070,30081,11
12.9270296097,80.1978378296,30081,30091,10
12.9261302948,80.1975402832,30091,30101,10
12.9255104065,80.1975097656,30101,30111,10
12.9253101349,80.1975021362,30111,30121,10
12.9247598648,80.1975097656,30121,30131,10
12.9239997864,80.1974868774,30131,30141,10
12.9232997894,80.1974411011,30141,30151,10
12.9227600098,80.1973724365,30151,30161,10
12.9222698212,80.1973190308,30161,30177,16
12.9219703674,80.1972732544,30177,30190,13
12.9215698242,80.1971282959,30190,30200,10
12.9210395813,80.196937561,30200,30210,10
12.9206600189,80.1968002319,30210,30220,10
12.9201602936,80.1966171265,30220,30230,10
12.9194898605,80.1963806152,30230,30240,10
12.9190702438,80.1960830688,30240,30250,10
12.9186897278,80.1957626343,30250,30260,10
12.9180803299,80.1951828003,30260,30270,10
12.9172401428,80.1943969727,30270,30322,52
12.9172401428,80.1943969727,30322,30332,10
12.9172296524,80.1942825317,30332,30342,10
12.9170999527,80.1940994263,30342,30352,10
12.9169998169,80.1937484741,30352,30362,10
12.9169797897,80.1932983398,30362,30372,10
12.9170398712,80.1928787231,30372,30382,10
12.9170799255,80.1926498413,30382,30393,11
12.9171199799,80.1925125122,30393,30403,10
12.9171600342,80.1922225952,30403,30413,10
12.9172401428,80.1917572021,30413,30423,10
12.9173202515,80.1912536621,30423,30433,10
12.9173202515,80.1909790039,30433,30443,10
12.9173603058,80.1907272339,30443,30463,20
12.9173603058,80.1907272339,30463,30473,10
12.9174003601,80.1903533936,30473,30483,10
12.9175195694,80.189781189,30483,30493,10
12.9178304672,80.1890335083,30493,30504,11
12.9184999466,80.1881790161,30504,30514,10
12.9190797806,80.1875305176,30514,30524,10
12.9198102951,80.1867218018,30524,30534,10
12.920539856,80.1858291626,30534,30544,10
12.9204797745,80.1847915649,30544,30554,10
12.9202203751,80.1837463379,30554,30564,10
12.9199895859,80.1827468872,30564,30574,10
12.9199199677,80.1824798584,30574,30584,10
12.9199104309,80.1824417114,30584,30594,10
12.9198198318,80.1820602417,30594,30605,11
12.9196596146,80.1813201904,30605,30615,10
12.9194898605,80.1804962158,30615,30625,10
12.9192304611,80.1795425415,30625,30635,10
12.9186401367,80.1786575317,30635,30645,10
12.9181804657,80.1776428223,30645,30655,10
12.9183797836,80.1765365601,30655,30665,10
12.9186697006,80.1754226685,30665,30675,10
12.9189596176,80.1742706299,30675,30685,10
12.9192399979,80.1731185913,30685,30695,10
12.919500351,80.1721572876,30695,30706,11
12.919670105,80.1714172363,30706,30716,10
12.9197998047,80.171043396,30716,30726,10
12.9198198318,80.1710205078,30726,30736,10
12.9199104309,80.1708297729,30736,30746,10
12.9200897217,80.1702575684,30746,30756,10
12.9203395844,80.1694412231,30756,30766,10
12.9206495285,80.1684417725,30766,30776,10
12.9209403992,80.1675415039,30776,30786,10
12.9212503433,80.1665725708,30786,30796,10
12.9215602875,80.1656417847,30796,30806,10
12.9219198227,80.1645126343,30806,30817,11
12.9222097397,80.1634979248,30817,30827,10
12.9224796295,80.1626663208,30827,30837,10
12.9227600098,80.1617736816,30837,30847,10
12.9230604172,80.1608276367,30847,30857,10
12.9231395721,80.1605606079,30857,30867,10
12.9231996536,80.1604003906,30867,30877,10
12.9233398438,80.1598510742,30877,30887,10
12.9234304428,80.158996582,30887,30897,10
12.9235296249,80.1578826904,30897,30907,10
12.923620224,80.15675354,30907,30918,11
12.9236602783,80.1557617188,30918,30928,10
12.9234695435,80.1551589966,30928,30938,10
12.9234304428,80.1550216675,30938,30948,10
12.9233503342,80.1546478271,30948,30958,10
12.9232301712,80.1541519165,30958,30968,10
12.9230604172,80.1534729004,30968,30978,10
12.9228401184,80.1526870728,30978,30988,10
12.9226903915,80.152130127,30988,31039,51
12.9226903915,80.152130127,31039,31049,10
12.9226799011,80.1519622803,31049,31059,10
12.9226799011,80.1514587402,31059,31069,10
12.922659874,80.150718689,31069,31079,10
12.9226303101,80.1498336792,31079,31095,16
12.9225797653,80.1482620239,31095,31107,12
12.9225597382,80.1473693848,31107,31115,8
12.9225702286,80.146812439,31115,31127,12
12.9225196838,80.1464614868,31127,31138,11
12.922539711,80.1460189819,31138,31148,10
12.9225101471,80.145401001,31148,31158,10
12.9224996567,80.1446990967,31158,31168,10
12.9224901199,80.1440505981,31168,31177,9
12.9224700928,80.1435394287,31177,31187,10
12.9224500656,80.1431427002,31187,31198,11
12.9224395752,80.1427230835,31198,31208,10
12.922419548,80.1423187256,31208,31218,10
12.9223804474,80.1416397095,31218,31249,31
12.9223804474,80.1416397095,31249,31259,10
12.9223804474,80.1414489746,31259,31269,10
12.9223804474,80.1409912109,31269,31279,10
12.9223604202,80.1404800415,31279,31289,10
12.9223604202,80.1399230957,31289,31299,10
12.9223604202,80.1392288208,31299,31309,10
12.9224004745,80.1384887695,31309,31319,10
12.9224500656,80.1376571655,31319,31329,10
12.9224996567,80.136680603,31329,31339,10
12.922539711,80.1356811523,31339,31350,11
12.9225902557,80.1346282959,31350,31360,10
12.9226303101,80.1336975098,31360,31370,10
12.9226503372,80.1329498291,31370,31380,10
12.9226799011,80.1323013306,31380,31390,10
12.9227304459,80.1315231323,31390,31400,10
12.9227104187,80.1308364868,31400,31410,10
12.9227399826,80.1307373047,31410,31426,16
12.9228000641,80.1299972534,31426,31438,12
12.922829628,80.129119873,31438,31446,8
12.9228601456,80.1285171509,31446,31459,13
12.9228801727,80.1277999878,31459,31468,9
12.9229001999,80.1274414063,31468,31479,11
12.9229001999,80.1268005371,31479,31488,9
12.9229202271,80.1261901855,31488,31499,11
12.9229898453,80.1251373291,31499,31509,10
12.9230298996,80.1242828369,31509,31519,10
12.9230699539,80.1231002808,31519,31529,10
12.9230804443,80.1220321655,31529,31539,10
12.9231595993,80.1210174561,31539,31620,81
12.9231595993,80.1210174561,31620,31630,10
12.9232301712,80.1207962036,31630,31640,10
12.9232597351,80.1205368042,31640,31650,10
12.9232902527,80.1201782227,31650,31661,11
12.9233102798,80.119468689,31661,31671,10
12.923330307,80.1187133789,31671,31681,10
12.9234199524,80.1178665161,31681,31691,10
12.9234695435,80.1169204712,31691,31721,30
12.9234695435,80.1169204712,31721,31731,10
12.9235897064,80.1168289185,31731,31741,10
12.9235897064,80.1170501709,31741,31751,10
12.9235200882,80.1173400879,31751,31762,11
12.9235095978,80.1173629761,31762,31772,10
12.9234800339,80.1175537109,31772,31782,10
12.9235801697,80.117767334,31782,31792,10
12.9235601425,80.1180725098,31792,31802,10
12.9235200882,80.1186981201,31802,31812,10
12.9234199524,80.1194915771,31812,31822,10
12.9233198166,80.1203079224,31822,31832,10
12.9232797623,80.1212081909,31832,32004,172
12.9232797623,80.1212081909,32004,32014,10
12.9232301712,80.1213607788,32014,32024,10
12.9232902527,80.1218032837,32024,32529,505
12.9232902527,80.1218032837,32529,32539,10
12.9232301712,80.1220932007,32539,32549,10
12.9231796265,80.1226730347,32549,32559,10
12.9231395721,80.1234664917,32559,32569,10
12.9231004715,80.1243515015,32569,32579,10
12.9231100082,80.1254882813,32579,32630,51
12.9231100082,80.1254882813,32630,32640,10
12.9230804443,80.1257171631,32640,32650,10
12.9230499268,80.1261367798,32650,32660,10
12.9230203629,80.1268692017,32660,32670,10
12.9229698181,80.1274871826,32670,32680,10
12.9229602814,80.1279296875,32680,32690,10
12.9229202271,80.1283187866,32690,32700,10
12.9228897095,80.1287002563,32700,32710,10
12.9228401184,80.1292800903,32710,32721,11
12.9228200912,80.1298522949,32721,32731,10
12.9228096008,80.1304779053,32731,32741,10
12.922829628,80.131072998,32741,32751,10
12.9228200912,80.1312408447,32751,32761,10
12.9228096008,80.1315002441,32761,32771,10
12.9227800369,80.1320495605,32771,32781,10
12.9227399826,80.1326217651,32781,32791,10
12.9226999283,80.1333084106,32791,32801,10
12.922659874,80.1341400146,32801,32811,10
12.9226198196,80.135093689,32811,32822,11
12.9225597382,80.1362304688,32822,32832,10
12.9225196838,80.1371994019,32832,32842,10
12.9224700928,80.1380462646,32842,32852,10
12.922419548,80.1387786865,32852,32862,10
12.922419548,80.1395797729,32862,32872,10
12.9224300385,80.1402435303,32872,32882,10
12.9224395752,80.1408004761,32882,32892,10
12.9224500656,80.1415863037,32892,32902,10
12.9224796295,80.142326355,32902,32913,11
12.9225101471,80.1428604126,32913,32922,9
12.922539711,80.1434783936,32922,32963,41
12.922539711,80.1434783936,32963,32973,10
12.922539711,80.1438598633,32973,32983,10
12.922539711,80.1443862915,32983,32993,10
12.9225702286,80.1452026367,32993,33002,9
12.9226198196,80.1461029053,33002,33013,11
12.9226398468,80.147102356,33013,33022,9
12.9226398468,80.1475982666,33022,33034,12
12.9226303101,80.1485137939,33034,33044,10
12.9226799011,80.1494064331,33044,33054,10
12.9226903915,80.1502532959,33054,33064,10
12.9227199554,80.1508102417,33064,33074,10
12.9227399826,80.1511001587,33074,33084,10
12.922750473,80.1513595581,33084,33094,10
12.9227600098,80.151802063,33094,33104,10
12.9228096008,80.1524124146,33104,33114,10
12.9230203629,80.1532211304,33114,33124,10
12.9233999252,80.1545410156,33124,33145,21
12.9233999252,80.1545410156,33145,33155,10
12.92345047,80.1547698975,33155,33165,10
12.9235401154,80.1552581787,33165,33175,10
12.9237098694,80.1560134888,33175,33185,10
12.9236602783,80.1568984985,33185,33195,10
12.9235601425,80.1579437256,33195,33204,9
12.9234600067,80.1589431763,33204,33215,11
12.9232902527,80.1604614258,33215,33235,20
12.9232902527,80.1604614258,33235,33246,11
12.9232501984,80.1606063843,33246,33256,10
12.9230899811,80.1610183716,33256,33266,10
12.9228696823,80.1616592407,33266,33276,10
12.9226102829,80.1624603271,33276,33286,10
12.9223003387,80.1633987427,33286,33296,10
12.9219503403,80.1644821167,33296,33306,10
12.9215803146,80.1656265259,33306,33316,10
12.921210289,80.1668014526,33316,33326,10
12.9209003448,80.1678619385,33326,33336,10
12.9207201004,80.1684036255,33336,33347,11
12.9204597473,80.1691818237,33347,33357,10
12.9203195572,80.1696472168,33357,33367,10
12.9201803207,80.1701202393,33367,33377,10
12.9200000763,80.1707763672,33377,33387,10
12.9199199677,80.1710586548,33387,33397,10
12.9199104309,80.1710891724,33397,33407,10
12.9198198318,80.1712799072,33407,33417,10
12.9197597504,80.1714324951,33417,33427,10
12.9196395874,80.1718978882,33427,33437,10
12.9194498062,80.1726074219,33437,33447,10
12.9192495346,80.1733322144,33447,33458,11
12.9190196991,80.1742401123,33458,33468,10
12.918800354,80.1751708984,33468,33478,10
12.9185199738,80.1762084961,33478,33488,10
12.9183101654,80.1772918701,33488,33498,10
12.9184999466,80.1783981323,33498,33508,10
12.9191598892,80.1792831421,33508,33518,10
12.9195203781,80.1803894043,33518,33528,10
12.9197702408,80.181602478,33528,33538,10
12.9200401306,80.1827392578,33538,33548,10
12.9202804565,80.1837692261,33548,33558,10
12.9204702377,80.1845932007,33558,33569,11
12.9206600189,80.1853179932,33569,33579,10
12.9206895828,80.1854705811,33579,33589,10
12.9206600189,80.1855926514,33589,33599,10
12.9205999374,80.185836792,33599,33609,10
12.92029953,80.1862716675,33609,33619,10
12.919839859,80.1867828369,33619,33629,10
12.9193096161,80.1873703003,33629,33639,10
12.9188499451,80.1879425049,33639,33649,10
12.9184503555,80.1883773804,33649,33659,10
12.9178495407,80.1891784668,33659,33680,21
12.9178495407,80.1891784668,33680,33690,10
12.9177703857,80.189239502,33690,33700,10
12.9176502228,80.1895828247,33700,33710,10
12.9175195694,80.1902236938,33710,33720,10
12.9174203873,80.1910095215,33720,33730,10
12.917309761,80.1918869019,33730,33740,10
12.9172201157,80.1925811768,33740,33750,10
12.9171600342,80.1931991577,33750,33781,31
12.9171600342,80.1931991577,33781,33791,10
12.917140007,80.1935806274,33791,33801,10
12.9171895981,80.1938400269,33801,33811,10
12.9172000885,80.1938705444,33811,33821,10
12.9172296524,80.1940536499,33821,33831,10
12.9173698425,80.1943893433,33831,33841,10
12.9177799225,80.1948471069,33841,33851,10
12.9182195663,80.1953430176,33851,33861,10
12.9189796448,80.1959762573,33861,33872,11
12.9195804596,80.1963424683,33872,33882,10
12.9201202393,80.1965713501,33882,33892,10
12.9207401276,80.1967697144,33892,33902,10
12.9209098816,80.1968231201,33902,33912,10
12.9212198257,80.1969299316,33912,33922,10
12.9217195511,80.1971282959,33922,33932,10
12.9224796295,80.197303772,33932,33942,10
12.9231595993,80.1973800659,33942,33952,10
12.9233198166,80.1974105835,33952,33962,10
12.9234600067,80.1974411011,33962,33972,10
12.9237804413,80.1974563599,33972,33983,11
12.9244298935,80.197479248,33983,33993,10
12.9251699448,80.1974563599,33993,34003,10
12.9254198074,80.1974563599,34003,34013,10
12.9258298874,80.1974563599,34013,34023,10
12.92648983,80.1975631714,34023,34033,10
12.9272403717,80.1979064941,34033,34043,10
12.9278802872,80.1985626221,34043,34053,10
12.9282598495,80.1993026733,34053,34063,10
12.9284496307,80.2000808716,34063,34073,10
12.9284896851,80.2010803223,34073,34083,10
12.9285202026,80.2020111084,34083,34094,11
12.9287796021,80.2026596069,34094,34104,10
12.9293498993,80.2027206421,34104,34114,10
12.9293804169,80.2027206421,34114,34124,10
12.929599762,80.2027587891,34124,34134,10
12.9301395416,80.2028121948,34134,34144,10
12.9308099747,80.2029266357,34144,34154,10
12.9314498901,80.2031173706,34154,34164,10
12.932100296,80.2033233643,34164,34174,10
12.9327697754,80.2035522461,34174,34184,10
12.93309021,80.203666687,34184,34195,11
12.934009552,80.2038726807,34195,34217,22
12.934009552,80.2038726807,34217,34227,10
12.9343299866,80.203918457,34227,34237,10
12.9347295761,80.2039718628,34237,34247,10
12.9352998734,80.2041320801,34247,34257,10
12.9359998703,80.2044219971,34257,34267,10
12.9367704391,80.2046279907,34267,34277,10
12.9375801086,80.2048568726,34277,34287,10
12.9383897781,80.2051010132,34287,34297,10
12.9392995834,80.2053833008,34297,34308,11
12.9399900436,80.2055664063,34308,34318,10
12.9400997162,80.2056121826,34318,34328,10
12.9402198792,80.2056427002,34328,34338,10
12.9406204224,80.2057723999,34338,34348,10
12.9410200119,80.2059326172,34348,34358,10
12.9415302277,80.206199646,34358,34368,10
12.942150116,80.2066726685,34368,34378,10
12.9426898956,80.2071762085,34378,34388,10
12.9430198669,80.2076187134,34388,34398,10
12.9435501099,80.2080383301,34398,34409,11
12.9443597794,80.2083511353,34409,34429,20
12.9443597794,80.2083511353,34429,34439,10
12.9446201324,80.2084579468,34439,34449,10
12.9451398849,80.208656311,34449,34459,10
12.9458198547,80.2089080811,34459,34469,10
12.946559906,80.2091903687,34469,34479,10
12.9471797943,80.2094268799,34479,34489,10
12.9477901459,80.2096710205,34489,34499,10
12.9484100342,80.2099227905,34499,34509,10
12.949139595,80.2101974487,34509,34520,11
12.9502401352,80.2106323242,34520,34530,10
12.9513502121,80.2110900879,34530,34540,10
12.9522800446,80.2114715576,34540,34550,10
12.9529695511,80.2117233276,34550,34560,10
12.9533004761,80.2118682861,34560,34570,10
12.9537000656,80.2120285034,34570,34580,10
12.9542999268,80.2122573853,34580,34590,10
12.955039978,80.212562561,34590,34600,10
12.9558801651,80.2128829956,34600,34610,10
12.9567403793,80.2132034302,34610,34621,11
12.9576101303,80.2135696411,34621,34631,10
12.9585504532,80.2139434814,34631,34641,10
12.9592895508,80.2142105103,34641,34651,10
12.9593896866,80.2142715454,34651,34661,10
12.9595804214,80.2143707275,34661,34671,10
12.9600801468,80.2145690918,34671,34681,10
12.9607601166,80.21484375,34681,34691,10
12.9615802765,80.2151565552,34691,34701,10
12.9625396729,80.2155227661,34701,34711,10
12.9634199142,80.2158203125,34711,34742,31
12.9634199142,80.2158203125,34742,34752,10
12.9637403488,80.2159729004,34752,34762,10
12.9640102386,80.2160720825,34762,34772,10
12.9642496109,80.2162017822,34772,34782,10
12.9647397995,80.2164382935,34782,34792,10
12.9653997421,80.2167205811,34792,34802,10
12.9660797119,80.2169799805,34802,34812,10
12.9667196274,80.2172164917,34812,34822,10
12.9671802521,80.2174072266,34822,34853,31
12.9674396515,80.2175369263,34853,34873,20
12.9674396515,80.2175369263,34873,34883,10
12.9677400589,80.2176589966,34883,34893,10
12.9679899216,80.2177505493,34893,34903,10
12.9686203003,80.2179794312,34903,34913,10
12.9695596695,80.2183380127,34913,34923,10
12.9705200195,80.2187271118,34923,34933,10
12.9714698792,80.219039917,34933,34954,21
12.9714698792,80.219039917,34954,34964,10
12.9717903137,80.2192230225,34964,34974,10
12.9721403122,80.2193832397,34974,34984,10
12.9722995758,80.2194595337,34984,34994,10
12.9724798203,80.2195205688,34994,35004,10
12.9727201462,80.219619751,35004,35034,30
12.9727201462,80.219619751,35034,35045,11
12.9730596542,80.2197113037,35045,35105,60
12.9730596542,80.2197113037,35105,35115,10
12.9731998444,80.2197799683,35115,35125,10
12.9733600616,80.2198562622,35125,35135,10
12.9735498428,80.2199172974,35135,35145,10
12.9737195969,80.2200088501,35145,35156,11
12.9739198685,80.2201004028,35156,35166,10
12.9742698669,80.2202529907,35166,35226,60
12.974439621,80.2204437256,35226,35267,41
12.974439621,80.2204437256,35267,35277,10
12.97453022,80.2205276489,35277,35287,10
12.9748802185,80.2206573486,35287,35297,10
12.9752197266,80.2207336426,35297,35307,10
12.9754695892,80.2207565308,35307,35337,30
12.9754695892,80.2207565308,35337,35347,10
12.9757404327,80.2209701538,35347,35357,10
12.9760398865,80.221206665,35357,35388,31
12.9760398865,80.221206665,35388,35398,10
12.9763002396,80.221282959,35398,35408,10
12.9767999649,80.2212982178,35408,35418,10
12.9776000977,80.2212295532,35418,35428,10
12.9783401489,80.2211837769,35428,35438,10
12.9791002274,80.2211303711,35438,35448,10
12.9799499512,80.2210617065,35448,35458,10
12.9807100296,80.220993042,35458,35468,10
12.9813804626,80.2211685181,35468,35479,11
12.9820098877,80.2216033936,35479,35489,10
12.9825000763,80.2218093872,35489,35499,10
12.9828701019,80.2219390869,35499,35519,20
12.9828701019,80.2219390869,35519,35529,10
12.9831895828,80.2220993042,35529,35539,10
12.9835300446,80.2223434448,35539,35549,10
12.9838199615,80.2225189209,35549,35565,16
12.9846096039,80.2229995728,35565,35577,12
12.985159874,80.2232437134,35577,35588,11
12.9855298996,80.2231674194,35588,35597,9
12.9860296249,80.2229690552,35597,35609,12
12.9863996506,80.2229614258,35609,35619,10
12.986700058,80.2229614258,35619,35629,10
12.9869499207,80.2230224609,35629,35639,10
12.9870195389,80.2230300903,35639,35648,9
12.9874000549,80.2230911255,35648,35658,10
12.9880695343,80.2228469849,35658,35669,11
12.9887695313,80.2222518921,35669,35679,10
12.9893398285,80.2215499878,35679,35690,11
12.9900798798,80.2206573486,35690,35700,10
12.9903802872,80.220413208,35700,35710,10
12.9904699326,80.2203369141,35710,35720,10
12.9908103943,80.2200927734,35720,35730,10
12.9913597107,80.2196731567,35730,35740,10
12.991900444,80.2192687988,35740,35750,10
12.9925498962,80.2188034058,35750,35760,10
12.9933300018,80.218208313,35760,35770,10
12.994020462,80.2177200317,35770,35780,10
12.9943599701,80.2174835205,35780,35791,11
12.9946498871,80.217300415,35791,35801,10
12.9948797226,80.2171325684,35801,35811,10
12.99518013,80.2169265747,35811,35821,10
12.9960203171,80.2165985107,35821,35841,20
12.9960203171,80.2165985107,35841,35851,10
12.9961996078,80.2165679932,35851,35861,10
12.9964399338,80.2165374756,35861,35871,10
12.9968099594,80.2164764404,35871,35881,10
12.9971103668,80.2164535522,35881,35891,10
12.9973802567,80.2162780762,35891,35902,11
12.9975204468,80.2161331177,35902,35912,10
12.9976196289,80.2160491943,35912,35922,10
12.9979295731,80.2157974243,35922,35932,10
12.9984102249,80.2153778076,35932,35942,10
12.9989995956,80.2148666382,35942,35952,10
12.999250412,80.2146606445,35952,35962,10
12.9996404648,80.2143173218,35962,35972,10
13.0000801086,80.2139511108,35972,35982,10
13.0005702972,80.2135009766,35982,35991,9
13.0011196136,80.2130508423,35991,36003,12
13.0019798279,80.2124176025,36003,36013,10
13.0025196075,80.2121429443,36013,36023,10
13.003080368,80.212059021,36023,36033,10
13.0037202835,80.2119903564,36033,36043,10
13.0042104721,80.2120819092,36043,36053,10
13.0047903061,80.2123794556,36053,36063,10
13.0054197311,80.2127609253,36063,36073,10
13.0059900284,80.2129135132,36073,36083,10
13.006529808,80.2127380371,36083,36093,10
13.0072402954,80.2127838135,36093,36103,10
13.0076704025,80.212852478,36103,36164,61
13.0076704025,80.212852478,36164,36174,10
13.0079898834,80.2131576538,36174,36184,10
13.0084896088,80.2133712769,36184,36194,10
13.008890152,80.2138671875,36194,36204,10
13.0093097687,80.2144165039,36204,36214,10
13.0095796585,80.2148666382,36214,36231,17
13.0100603104,80.2155532837,36231,36243,12
13.0105895996,80.2163467407,36243,36252,9
13.0107803345,80.2166976929,36252,36263,11
13.0110502243,80.217376709,36263,36273,10
13.0113401413,80.21824646,36273,36283,10
13.0117797852,80.2194213867,36283,36293,10
13.0121202469,80.2205810547,36293,36303,10
13.0124397278,80.2215576172,36303,36313,10
13.0130395889,80.2223892212,36313,36323,10
13.0136203766,80.22315979,36323,36334,11
13.0141296387,80.2237091064,36334,36344,10
13.0146102905,80.2241592407,36344,36354,10
13.0155096054,80.2249832153,36354,36374,20
13.0155096054,80.2249832153,36374,36384,10
13.0156297684,80.2250900269,36384,36394,10
13.0160903931,80.2253494263,36394,36404,10
13.0168199539,80.2252197266,36404,36414,10
13.0176296234,80.2248916626,36414,36424,10
13.0181303024,80.2246780396,36424,36435,11
13.0185604095,80.2244796753,36435,36445,10
13.0188703537,80.2243423462,36445,36455,10
13.0191297531,80.2242889404,36455,36465,10
13.0191898346,80.2242965698,36465,36475,10
13.0193796158,80.2243270874,36475,36485,10
13.0195398331,80.2244033813,36485,36495,10
13.0196504593,80.2244720459,36495,36505,10
13.0198802948,80.2246398926,36505,36515,10
13.020070076,80.2247772217,36515,36525,10
13.0202102661,80.224861145,36525,36535,10
13.0203504562,80.2249603271,36535,36552,17
13.0204296112,80.2250137329,36552,36564,12
13.0207996368,80.2253036499,36564,36574,10
13.0211801529,80.2256011963,36574,36584,10
13.0216398239,80.2259521484,36584,36594,10
13.0217895508,80.2260513306,36594,36603,9
13.021900177,80.2261123657,36603,36615,12
13.0219097137,80.2261199951,36615,36625,10
13.02202034,80.2261962891,36625,36635,10
13.0222396851,80.2263793945,36635,36645,10
13.0223903656,80.2265014648,36645,36656,11
13.0226602554,80.2267532349,36656,36666,10
13.0228700638,80.2269592285,36666,36676,10
13.0230503082,80.2271881104,36676,36705,29
13.0230503082,80.2271881104,36705,36716,11
13.0233402252,80.2274703979,36716,36726,10
13.0236196518,80.2277069092,36726,36735,9
13.0237903595,80.2278137207,36735,36746,11
13.0238895416,80.2278823853,36746,36757,11
13.0240602493,80.2280502319,36757,36767,10
13.0242004395,80.2282485962,36767,36817,50
13.0242004395,80.2282485962,36817,36827,10
13.0243797302,80.2285385132,36827,36837,10
13.0245304108,80.2287216187,36837,36847,10
13.024720192,80.2289886475,36847,36857,10
13.0250501633,80.2294311523,36857,36874,17
13.0257396698,80.2303771973,36874,36886,12
13.0259895325,80.2310409546,36886,36896,10
13.0259895325,80.231086731,36896,36906,10
13.0260000229,80.2312393188,36906,36936,30
13.0260000229,80.2312393188,36936,36946,10
13.0261297226,80.231338501,36946,36956,10
13.0265197754,80.2312774658,36956,36966,10
13.0272903442,80.2310791016,36966,36977,11
13.0281095505,80.2309188843,36977,36987,10
13.0281896591,80.2309036255,36987,36997,10
13.0284004211,80.2308883667,36997,37007,10
13.0288200378,80.2308502197,37007,37057,50
13.0288200378,80.2308502197,37057,37068,11
13.0291700363,80.2308502197,37068,37078,10
13.0292901993,80.2308502197,37078,37088,10
13.029540062,80.2308197021,37088,37098,10
13.0299100876,80.2307815552,37098,37128,30
13.0299100876,80.2307815552,37128,37138,10
13.0301904678,80.2307815552,37138,37148,10
13.0303297043,80.230758667,37148,37158,10
13.0306301117,80.2307434082,37158,37168,10
13.0311098099,80.230682373,37168,37179,11
13.03166008,80.2306213379,37179,37189,10
13.0323600769,80.2305679321,37189,37199,10
13.0331697464,80.2304992676,37199,37209,10
13.0339899063,80.2304534912,37209,37239,30
13.0339899063,80.2304534912,37239,37249,10
13.0342102051,80.2304534912,37249,37259,10
13.0344696045,80.2303771973,37259,37296,37
13.0344696045,80.2303771973,37296,37308,12
13.0348901749,80.230178833,37308,37318,10
13.0350704193,80.2299880981,37318,37328,10
13.0347099304,80.2297515869,37328,37409,81
13.0343103409,80.2297286987,37409,37520,111
13.0343103409,80.2297286987,37520,37530,10
13.0341501236,80.2300033569,37530,37540,10
13.0340499878,80.2303085327,37540,37550,10
13.0338096619,80.2304000854,37550,37560,10
13.0335597992,80.23046875,37560,37570,10
13.0333900452,80.2305221558,37570,37580,10
13.032959938,80.2305221558,37580,37590,10
13.0324802399,80.2305603027,37590,37600,10
13.0321397781,80.2305908203,37600,37610,10
13.0318803787,80.2306137085,37610,37621,11
13.0315799713,80.2306289673,37621,37631,10
13.0314798355,80.2306289673,37631,37641,10
13.0310001373,80.2306976318,37641,37681,40
13.0310001373,80.2306976318,37681,37691,10
13.0308303833,80.2307510376,37691,37701,10
13.0305099487,80.230758667,37701,37712,11
13.0300598145,80.2308197021,37712,37722,10
13.0300502777,80.2308197021,37722,37732,10
13.0297203064,80.2308578491,37732,37742,10
13.0294399261,80.2308578491,37742,37752,10
13.0288496017,80.2309036255,37752,37762,10
13.0281200409,80.2309875488,37762,37772,10
13.0277099609,80.2311019897,37772,37782,10
13.0277004242,80.2315292358,37782,37792,10
13.0277795792,80.2322998047,37792,37972,180
13.0277795792,80.2322998047,37972,37982,10
13.0278100967,80.2324829102,37982,37992,10
13.0278501511,80.2326812744,37992,38002,10
13.0277204514,80.2328567505,38002,38012,10
13.0272598267,80.2329406738,38012,38022,10
13.0269403458,80.2329864502,38022,38033,11
13.0265903473,80.2330169678,38033,38043,10
13.0263004303,80.2325897217,38043,38053,10
13.0260801315,80.2318115234,38053,38063,10
13.0259199142,80.2310562134,38063,38073,10
13.0255002975,80.2301635742,38073,38083,10
13.0249700546,80.2294006348,38083,38093,10
13.0248498917,80.2292709351,38093,38103,10
13.024769783,80.2291717529,38103,38113,10
13.0246200562,80.2289886475,38113,38123,10
13.0246200562,80.2289810181,38123,38133,10
13.024479866,80.2287979126,38133,38154,21
13.024479866,80.2287979126,38154,38164,10
13.0243997574,80.2287216187,38164,38174,10
13.0241098404,80.2284088135,38174,38184,10
13.0238103867,80.2280426025,38184,38194,10
13.0235395432,80.2277526855,38194,38204,10
13.0231103897,80.2274398804,38204,38224,20
13.0231103897,80.2274398804,38224,38234,10
13.0227899551,80.2271194458,38234,38245,11
13.0226297379,80.226852417,38245,38255,10
13.022310257,80.2265625,38255,38265,10
13.0218000412,80.2261276245,38265,38275,10
13.0211601257,80.2256698608,38275,38285,10
13.0205202103,80.2252197266,38285,38295,10
13.0200195313,80.2248764038,38295,38305,10
13.019370079,80.2245178223,38305,38315,10
13.0185203552,80.2245864868,38315,38325,10
13.017780304,80.2248916626,38325,38335,10
13.0170297623,80.2252197266,38335,38352,17
13.0163602829,80.2254867554,38352,38364,12
13.0157699585,80.225692749,38364,38374,10
13.0153398514,80.2258071899,38374,38384,10
13.0152101517,80.2258834839,38384,38394,10
13.0149402618,80.2259368896,38394,38404,10
13.0144901276,80.2260818481,38404,38414,10
13.0141601563,80.2260513306,38414,38424,10
13.0141000748,80.2255020142,38424,38454,30
13.0141000748,80.2255020142,38454,38464,10
13.0141201019,80.2252883911,38464,38616,152
13.0141201019,80.2252883911,38616,38626,10
13.0142498016,80.2252120972,38626,38636,10
13.0142402649,80.225692749,38636,38646,10
13.0141897202,80.2261428833,38646,38656,10
13.0140399933,80.2262802124,38656,38666,10
13.0135402679,80.2264633179,38666,38677,11
13.0127401352,80.2267990112,38677,38687,10
13.0118598938,80.2271499634,38687,38697,10
13.010840416,80.2275466919,38697,38707,10
13.0098600388,80.2279205322,38707,38717,10
13.0096197128,80.2273788452,38717,38727,10
13.0099601746,80.2266616821,38727,38737,10
13.0103197098,80.2258834839,38737,38747,10
13.0106697083,80.2250976563,38747,38757,10
13.0109395981,80.2244491577,38757,38767,10
13.0111904144,80.2238311768,38767,38777,10
13.0113601685,80.2234191895,38777,38788,11
13.011639595,80.2227401733,38788,38798,10
13.0119104385,80.2219619751,38798,38808,10
13.0121097565,80.2213516235,38808,38818,10
13.0121603012,80.2209701538,38818,38828,10
13.0119600296,80.2202911377,38828,38838,10
13.0117197037,80.2195281982,38838,38848,10
13.0114297867,80.2186431885,38848,38858,10
13.0111198425,80.2177581787,38858,38868,10
13.010720253,80.2168273926,38868,38878,10
13.0102100372,80.2159805298,38878,38889,11
13.0097303391,80.2150192261,38889,38899,10
13.0091400146,80.2142562866,38899,38909,10
13.008310318,80.2133712769,38909,38939,30
13.008310318,80.2133712769,38939,38949,10
13.0079698563,80.2132034302,38949,38989,40
13.0079698563,80.2132034302,38989,39000,11
13.007809639,80.2130584717,39000,39010,10
13.007610321,80.212890625,39010,39020,10
13.0072402954,80.2127914429,39020,39030,10
13.0066204071,80.2127609253,39030,39040,10
13.0059204102,80.2129821777,39040,39050,10
13.0052604675,80.212677002,39050,39060,10
13.0045204163,80.2122573853,39060,39070,10
13.0036201477,80.2120819092,39070,39080,10
13.002989769,80.212059021,39080,39090,10
13.0026397705,80.2120895386,39090,39101,11
13.0021600723,80.2123031616,39101,39111,10
13.0016002655,80.2126922607,39111,39121,10
13.0010004044,80.2131118774,39121,39131,10
13.0003995895,80.2136383057,39131,39141,10
12.9997901917,80.2141876221,39141,39151,10
12.9993600845,80.2146224976,39151,39161,10
12.99903965,80.2148895264,39161,39171,10
12.9987201691,80.2151184082,39171,39181,10
12.9980602264,80.2156982422,39181,39191,10
12.9975700378,80.2160797119,39191,39201,10
12.9973697662,80.2163009644,39201,39212,11
12.9971704483,80.2164764404,39212,39222,10
12.9967098236,80.2165222168,39222,39232,10
12.9961204529,80.2166366577,39232,39242,10
12.9955196381,80.2168197632,39242,39252,10
12.9950399399,80.2170715332,39252,39262,10
12.9946603775,80.2173233032,39262,39272,10
12.9945001602,80.2174377441,39272,39282,10
12.9942998886,80.2175827026,39282,39292,10
12.9940595627,80.2177734375,39292,39302,10
12.9935998917,80.2180862427,39302,39312,10
12.9929800034,80.2185287476,39312,39323,11
12.9923000336,80.21900177,39323,39333,10
12.9916601181,80.2195205688,39333,39343,10
12.991109848,80.2198867798,39343,39353,10
12.9907903671,80.2201385498,39353,39363,10
12.9907398224,80.2201690674,39363,39373,10
12.9904298782,80.2203903198,39373,39383,10
12.9898996353,80.2208404541,39383,39393,10
12.9893598557,80.2214813232,39393,39403,10
12.9888496399,80.2221832275,39403,39413,10
12.9882297516,80.2227478027,39413,39424,11
12.9875802994,80.2230987549,39424,39434,10
12.9871702194,80.2230834961,39434,39444,10
12.986700058,80.2229995728,39444,39454,10
12.9859895706,80.2229766846,39454,39464,10
12.9856996536,80.2230834961,39464,39474,10
12.9854698181,80.2232513428,39474,39484,10
12.9851503372,80.2232589722,39484,39494,10
12.9848098755,80.2231216431,39494,39504,10
12.9842996597,80.2228622437,39504,39514,10
12.9837903976,80.2225570679,39514,39524,10
12.9832696915,80.2222137451,39524,39545,21
12.9832696915,80.2222137451,39545,39555,10
12.9830703735,80.2220687866,39555,39571,16
12.9827404022,80.2218933105,39571,39583,12
12.9821395874,80.2217102051,39583,39593,10
12.9815797806,80.2213516235,39593,39603,10
12.9810199738,80.2211227417,39603,39613,10
12.9802598953,80.2210998535,39613,39623,10
12.9795198441,80.2211074829,39623,39634,11
12.9785299301,80.2211685181,39634,39644,10
12.9771995544,80.2212371826,39644,39673,29
12.9771995544,80.2212371826,39673,39684,11
12.976940155,80.2212524414,39684,39694,10
12.9760799408,80.2213516235,39694,39734,40
12.9760799408,80.2213516235,39734,39745,11
12.9759197235,80.2213897705,39745,39755,10
12.9757299423,80.221206665,39755,39765,10
12.9755802155,80.2210769653,39765,39785,20
12.9755802155,80.2210769653,39785,39795,10
12.975399971,80.2208633423,39795,39805,10
12.9751501083,80.2206802368,39805,39815,10
12.9746799469,80.2204971313,39815,39825,10
12.9740896225,80.2202911377,39825,39835,10
12.9736795425,80.2201309204,39835,39845,10
12.9730997086,80.2198867798,39845,39856,11
12.9722204208,80.2195587158,39856,39866,10
12.9714202881,80.2192993164,39866,39876,10
12.9709997177,80.2191925049,39876,39886,10
12.9708900452,80.2191390991,39886,39896,10
12.9704704285,80.2188720703,39896,39912,16
12.9693803787,80.218421936,39912,39924,12
12.9685497284,80.2180862427,39924,39932,8
12.9680099487,80.217880249,39932,39944,12
12.9671802521,80.2175598145,39944,39954,10
12.9663200378,80.2172164917,39954,39965,11
12.9652204514,80.2167663574,39965,39975,10
12.9641199112,80.2163314819,39975,39985,10
12.9634199142,80.2160263062,39985,39994,9
12.9629602432,80.2158203125,39994,40005,11
12.9627504349,80.2157363892,40005,40014,9
12.9623298645,80.2155685425,40014,40025,11
12.9616003036,80.2152786255,40025,40035,10
12.9608001709,80.2149429321,40035,40045,10
12.9597997665,80.2145385742,40045,40055,10
12.9587202072,80.2141113281,40055,40066,11
12.9575901031,80.2136688232,40066,40076,10
12.9566698074,80.2133026123,40076,40086,10
12.9558401108,80.2129821777,40086,40096,10
12.9551200867,80.2126998901,40096,40106,10
12.9544897079,80.2124633789,40106,40116,10
12.9539499283,80.2122421265,40116,40126,10
12.9537000656,80.2121429443,40126,40136,10
12.9533195496,80.2119827271,40136,40146,10
12.9526500702,80.2117233276,40146,40156,10
12.9518098831,80.2113800049,40156,40166,10
12.9508304596,80.2109985352,40166,40177,11
12.9496803284,80.2105484009,40177,40187,10
12.9487400055,80.2101821899,40187,40197,10
12.9478302002,80.2098236084,40197,40207,10
12.9468002319,80.2094116211,40207,40217,10
12.9456596375,80.208946228,40217,40227,10
12.9447402954,80.2085800171,40227,40237,10
12.9441404343,80.2083587646,40237,40247,10
12.9436197281,80.2081375122,40247,40257,10
12.9430398941,80.2078094482,40257,40267,10
12.9426298141,80.2072677612,40267,40278,11
12.9421100616,80.2067565918,40278,40288,10
12.941570282,80.2063293457,40288,40298,10
12.940990448,80.2059936523,40298,40308,10
12.9406299591,80.2058792114,40308,40318,10
12.9404602051,80.2058181763,40318,40328,10
12.9401197433,80.2057418823,40328,40338,10
12.9399595261,80.2057037354,40338,40348,10
12.9398097992,80.2056427002,40348,40358,10
12.9395503998,80.2055587769,40358,40368,10
12.9390201569,80.2053833008,40368,40378,10
12.9383001328,80.2051620483,40378,40389,11
12.937379837,80.2048873901,40389,40399,10
12.9363899231,80.2046127319,40399,40409,10
12.9354200363,80.2042770386,40409,40419,10
12.9343795776,80.2039794922,40419,40429,10
12.9337701797,80.203956604,40429,40439,10
12.9336595535,80.2039413452,40439,40449,10
12.9332304001,80.2038497925,40449,40459,10
12.9326095581,80.2035980225,40459,40469,10
12.9318399429,80.2033462524,40469,40479,10
12.9310398102,80.2030715942,40479,40490,11
12.9304103851,80.2029190063,40490,40500,10
12.929690361,80.2028274536,40500,40510,10
12.9295101166,80.2028121948,40510,40520,10
12.9293203354,80.2027816772,40520,40530,10
12.9291200638,80.2027511597,40530,40540,10
12.9286403656,80.2026519775,40540,40550,10
12.9284696579,80.2020263672,40550,40560,10
12.928440094,80.2012176514,40560,40570,10
12.9284095764,80.2002792358,40570,40580,10
12.9281797409,80.1993408203,40580,40590,10
12.9277601242,80.1985168457,40590,40601,11
12.9269599915,80.1978225708,40601,40611,10
12.9262599945,80.197593689,40611,40621,10
12.9259195328,80.1975479126,40621,40631,10
12.9254598618,80.1975326538,40631,40641,10
12.9251804352,80.197517395,40641,40651,10
12.9245901108,80.197517395,40651,40661,10
12.9238195419,80.1975097656,40661,40671,10
12.9230098724,80.1974182129,40671,40681,10
12.9221696854,80.1973266602,40681,40691,10
12.9219799042,80.1972885132,40691,40701,10
12.921620369,80.1971511841,40701,40712,11
12.9209804535,80.1969223022,40712,40722,10
12.9202604294,80.1966705322,40722,40732,10
12.9194898605,80.1963882446,40732,40742,10
12.9189500809,80.1959915161,40742,40752,10
12.918510437,80.1955871582,40752,40762,10
12.9183998108,80.1954803467,40762,40772,10
12.9180898666,80.1952133179,40772,40782,10
12.9175796509,80.1947631836,40782,40792,10
12.9171695709,80.1942901611,40792,40823,31
12.9171695709,80.1942901611,40823,40833,10
12.917090416,80.1941070557,40833,40843,10
12.9169998169,80.1938171387,40843,40853,10
12.9169902802,80.1932830811,40853,40863,10
12.9170703888,80.1927108765,40863,40873,10
12.9170999527,80.1923065186,40873,40883,10
12.9171695709,80.1920623779,40883,40893,10
12.9172201157,80.1915817261,40893,40903,10
12.9172697067,80.1912765503,40903,40913,10
12.9172897339,80.1912536621,40913,40924,11
12.9173498154,80.1908569336,40924,40934,10
12.9173603058,80.1903610229,40934,40944,10
12.9174804688,80.1897964478,40944,40954,10
12.9177703857,80.1890716553,40954,40964,10
12.9182701111,80.1884231567,40964,40974,10
12.9186401367,80.18800354,40974,40984,10
12.9187803268,80.1878509521,40984,40994,10
12.9188299179,80.1877822876,40994,41004,10
12.9191598892,80.1874465942,41004,41020,16
12.9201002121,80.186378479,41020,41033,13
12.9205598831,80.1851806641,41033,41043,10
12.92029953,80.1842803955,41043,41053,10
12.920129776,80.183380127,41053,41063,10
12.9199304581,80.1825714111,41063,41071,8
12.9199104309,80.1825332642,41071,41083,12
12.9198198318,80.1821289063,41083,41092,9
12.9196796417,80.1814498901,41092,41103,11
12.919500351,80.1804962158,41103,41113,10
12.9192199707,80.1794586182,41113,41123,10
12.9185600281,80.1785125732,41123,41133,10
12.9182100296,80.1774291992,41133,41144,11
12.918419838,80.1762466431,41144,41154,10
12.9187097549,80.1751174927,41154,41164,10
12.9189996719,80.1739578247,41164,41174,10
12.9193096161,80.1727371216,41174,41184,10
12.9195804596,80.1716995239,41184,41194,10
12.9196996689,80.1712799072,41194,41204,10
12.9197998047,80.1709136963,41204,41214,10
12.9198799133,80.1707305908,41214,41224,10
12.9200801849,80.1701583862,41224,41234,10
12.9203300476,80.1693191528,41234,41245,11
12.9206800461,80.1681976318,41245,41255,10
12.9210195541,80.1671829224,41255,41265,10
12.921380043,80.166053772,41265,41273,8
12.9216804504,80.1651306152,41273,41285,12
12.9220895767,80.1638031006,41285,41295,10
12.922419548,80.1627426147,41295,41305,10
12.9227800369,80.1616592407,41305,41315,10
12.9231004715,80.1606063843,41315,41325,10
12.9233398438,80.1595230103,41325,41335,10
12.9234600067,80.1582794189,41335,41346,11
12.9235897064,80.1568908691,41346,41356,10
12.9236297607,80.1557388306,41356,41366,10
12.9234104156,80.1549606323,41366,41376,10
12.9234104156,80.1549530029,41376,41386,10
12.923330307,80.1546401978,41386,41396,10
12.9231901169,80.1540374756,41396,41406,10
12.9230298996,80.1533279419,41406,41416,10
12.9227695465,80.1523895264,41416,41436,20
12.9227695465,80.1523895264,41436,41446,10
12.9227304459,80.1522674561,41446,41456,10
12.9226799011,80.1519012451,41456,41467,11
12.9226799011,80.1511383057,41467,41477,10
12.9226398468,80.1502990723,41477,41487,10
12.9226102829,80.1493988037,41487,41497,10
12.9225702286,80.1484909058,41497,41507,10
12.9225702286,80.1476974487,41507,41517,10
12.9225702286,80.1472320557,41517,41527,10
12.9225702286,80.1465072632,41527,41537,10
12.9225502014,80.1456375122,41537,41547,10
12.9225101471,80.1446075439,41547,41557,10
12.9224796295,80.143699646,41557,41568,11
12.9224500656,80.1430282593,41568,41578,10
12.9224500656,80.1425704956,41578,41588,10
12.922419548,80.1421432495,41588,41598,10
12.9223899841,80.1416625977,41598,41608,10
12.922369957,80.1414031982,41608,41618,10
12.922369957,80.1411819458,41618,41628,10
12.922369957,80.1406707764,41628,41638,10
12.922369957,80.1404037476,41638,41648,10
12.922369957,80.1399078369,41648,41658,10
12.922369957,80.1391677856,41658,41669,11
12.9224500656,80.1382064819,41669,41679,10
12.9224796295,80.1373214722,41679,41689,10
12.9225301743,80.1363525391,41689,41699,10
12.9225597382,80.1353912354,41699,41709,10
12.9225902557,80.1344070435,41709,41719,10
12.9226303101,80.1334915161,41719,41729,10
12.9226503372,80.1331481934,41729,41739,10
12.9226703644,80.1328430176,41739,41749,10
12.9226903915,80.1322402954,41749,41759,10
12.9227199554,80.1314315796,41759,41775,16
12.9227800369,80.1301574707,41775,41789,14
12.9228401184,80.1292114258,41789,41799,10
12.9228801727,80.1284484863,41799,41809,10
12.9228897095,80.127746582,41809,41819,10
12.9228897095,80.1273880005,41819,41829,10
12.9229097366,80.1264801025,41829,41839,10
12.9229402542,80.1257476807,41839,41849,10
12.9229898453,80.1249313354,41849,41859,10
12.9230203629,80.1239929199,41859,41869,10
12.9230604172,80.1229019165,41869,41879,10
12.9231300354,80.1217269897,41879,41890,11
12.923210144,80.1206893921,41890,41900,10
12.9232501984,80.1201934814,41900,41922,22
12.9232997894,80.1196594238,41922,41934,12
12.9233102798,80.118850708,41934,41944,10
12.9233703613,80.1181106567,41944,41954,10
12.9234399796,80.1174087524,41954,41964,10
12.9235801697,80.1168365479,41964,41994,30
12.9235801697,80.1168365479,41994,42004,10
12.9236097336,80.1169586182,42004,42015,11
12.9234800339,80.1172637939,42015,42631,616
12.9234800339,80.1172637939,42631,42641,10
12.9234695435,80.117477417,42641,42651,10
12.9235401154,80.1177062988,42651,42661,10
12.9235897064,80.1179122925,42661,42671,10
12.9235200882,80.1183166504,42671,42681,10
12.9234695435,80.1190185547,42681,42691,10
12.9233798981,80.1198501587,42691,42701,10
12.923330307,80.1206207275,42701,42711,10
12.9233102798,80.1209335327,42711,42772,61
12.9233102798,80.1209335327,42772,42782,10
12.9232397079,80.1212768555,42782,42792,10
12.9232301712,80.1214523315,42792,42802,10
12.9232196808,80.1218338013,42802,42812,10
12.9231901169,80.1223907471,42812,42822,10
12.9231395721,80.1231536865,42822,42832,10
12.9231100082,80.1240234375,42832,42843,11
12.9231100082,80.1249694824,42843,42853,10
12.9231100082,80.1255187988,42853,42883,30
12.9231100082,80.1255187988,42883,42893,10
12.9231004715,80.125793457,42893,42903,10
12.9230298996,80.1264419556,42903,42913,10
12.9229803085,80.1272964478,42913,42923,10
12.9229202271,80.1280517578,42923,42933,10
12.9228801727,80.1287536621,42933,42943,10
12.9228200912,80.1296005249,42943,42954,11
12.9228000641,80.1302871704,42954,42964,10
12.9228096008,80.1310119629,42964,42974,10
12.9227800369,80.1315231323,42974,42984,10
12.9227399826,80.1322631836,42984,42994,10
12.9226799011,80.1331481934,42994,43004,10
12.9226303101,80.1342773438,43004,43014,10
12.9225902557,80.1353683472,43014,43024,10
12.922539711,80.1363220215,43024,43034,10
12.9224901199,80.1371688843,43034,43044,10
12.9224500656,80.1379165649,43044,43054,10
12.9223804474,80.1388092041,43054,43065,11
12.922369957,80.1399230957,43065,43075,10
12.9223804474,80.1406402588,43075,43085,10
12.9223804474,80.1414871216,43085,43095,10
12.9224004745,80.1423873901,43095,43105,10
12.9224500656,80.1429290771,43105,43121,16
12.9224596024,80.1429595947,43121,43133,12
12.9224901199,80.1432418823,43133,43141,8
12.9225196838,80.1436309814,43141,43153,12
12.9225196838,80.143699646,43153,43163,10
12.9224996567,80.1438903809,43163,43174,11
12.9224796295,80.1444625854,43174,43184,10
12.9225196838,80.1453399658,43184,43194,10
12.9225797653,80.1463470459,43194,43204,10
12.9226398468,80.147102356,43204,43213,9
12.9226303101,80.1477127075,43213,43224,11
12.9225997925,80.1485214233,43224,43234,10
12.9226398468,80.1496429443,43234,43244,10
12.9226999283,80.1506576538,43244,43254,10
12.9227399826,80.1514892578,43254,43264,10
12.9228000641,80.1521377563,43264,43275,11
12.9229202271,80.1527023315,43275,43285,10
12.9230899811,80.1534500122,43285,43295,10
12.923330307,80.1543197632,43295,43305,10
12.9234304428,80.1546020508,43305,43315,10
12.9233903885,80.1547927856,43315,43325,10
12.9234600067,80.1551437378,43325,43335,10
12.9236097336,80.1557998657,43335,43345,10
12.923620224,80.1567001343,43345,43355,10
12.9235401154,80.1576385498,43355,43365,10
12.9234399796,80.1587371826,43365,43375,10
12.9233503342,80.1598815918,43375,43386,11
12.9232597351,80.1604385376,43386,43396,10
12.9231996536,80.1606063843,43396,43406,10
12.9230298996,80.1611175537,43406,43416,10
12.9227800369,80.161857605,43416,43426,10
12.9225196838,80.162612915,43426,43436,10
12.9222202301,80.1634521484,43436,43446,10
12.9219198227,80.1644363403,43446,43456,10
12.9215803146,80.1655197144,43456,43466,10
12.921210289,80.1666793823,43466,43476,10
12.9208602905,80.1678466797,43476,43487,11
12.9204597473,80.1690368652,43487,43497,10
12.920129776,80.1701583862,43497,43507,10
12.9198799133,80.1709823608,43507,43517,10
12.9198598862,80.1710891724,43517,43527,10
12.9197998047,80.171257019,43527,43537,10
12.9196500778,80.1716079712,43537,43547,10
12.9195098877,80.1722335815,43547,43557,10
12.919260025,80.1730728149,43557,43567,10
12.9189996719,80.1740188599,43567,43577,10
12.9187602997,80.1751098633,43577,43587,10
12.9184503555,80.1762771606,43587,43598,11
12.9184103012,80.1768264771,43598,43608,10
12.918390274,80.1769714355,43608,43618,10
12.9183101654,80.1774368286,43618,43628,10
12.9184503555,80.1782302856,43628,43638,10
12.9190101624,80.1790313721,43638,43648,10
12.9194097519,80.1800613403,43648,43658,10
12.9196195602,80.1812591553,43658,43668,10
12.919839859,80.1822128296,43668,43678,10
12.9201498032,80.1834564209,43678,43688,10
12.9204101563,80.1845397949,43688,43699,11
12.9206199646,80.1852493286,43699,43709,10
12.920630455,80.1852874756,43709,43719,10
12.9206495285,80.1854782104,43719,43729,10
12.9205598831,80.1858901978,43729,43739,10
12.9201498032,80.1864013672,43739,43749,10
12.9196500778,80.1870193481,43749,43759,10
12.9190797806,80.1876068115,43759,43769,10
12.9187803268,80.1879806519,43769,43779,10
12.9182596207,80.1884765625,43779,43789,10
12.9177999496,80.1891403198,43789,43799,10
12.9175100327,80.1899490356,43799,43810,11
12.9173803329,80.1908798218,43810,43820,10
12.9172697067,80.1918792725,43820,43830,10
12.9171800613,80.192489624,43830,43840,10
12.9171199799,80.1930389404,43840,43850,10
12.917090416,80.1932525635,43850,43860,10
12.9170598984,80.193359375,43860,43870,10
12.9170598984,80.1937179565,43870,43880,10
12.9172496796,80.1942977905,43880,43890,10
12.9176797867,80.1947937012,43890,43900,10
12.9182195663,80.1952819824,43900,43910,10
12.918800354,80.1958236694,43910,43921,11
12.9194202423,80.1963195801,43921,43931,10
12.9198598862,80.1965026855,43931,43941,10
12.920539856,80.1967391968,43941,43951,10
12.9208803177,80.1968383789,43951,43961,10
12.9211502075,80.196937561,43961,43971,10
12.9216995239,80.1971588135,43971,43981,10
12.9225196838,80.1973419189,43981,43991,10
12.9232702255,80.1974182129,43991,44001,10
12.9234399796,80.1974563599,44001,44011,10
12.9238395691,80.1975021362,44011,44022,11
12.924249649,80.1974868774,44022,44032,10
12.9249601364,80.1974868774,44032,44042,10
12.925330162,80.1974868774,44042,44052,10
12.9258499146,80.1974868774,44052,44062,10
12.9264001846,80.1975708008,44062,44072,10
12.9265403748,80.1976165771,44072,44082,10
12.9269800186,80.197807312,44082,44092,10
12.9275798798,80.1982421875,44092,44102,10
12.9280395508,80.1989822388,44102,44112,10
12.9283895493,80.1999282837,44112,44122,10
12.9284896851,80.2011489868,44122,44133,11
12.928560257,80.2023620605,44133,44143,10
12.9292201996,80.2026977539,44143,44153,10
12.9294500351,80.2027206421,44153,44163,10
12.9297304153,80.2027816772,44163,44173,10
12.9302597046,80.2028579712,44173,44183,10
12.930970192,80.2030029297,44183,44193,10
12.9318399429,80.2032928467,44193,44202,9
12.9326601028,80.2035522461,44202,44213,11
12.934009552,80.2038879395,44213,44234,21
12.934009552,80.2038879395,44234,44244,10
12.9342098236,80.2039413452,44244,44254,10
12.9345998764,80.203956604,44254,44264,10
12.9351797104,80.2041168213,44264,44274,10
12.9358596802,80.2044219971,44274,44284,10
12.9365901947,80.2046432495,44284,44294,10
12.9372997284,80.2048416138,44294,44304,10
12.9380903244,80.2050628662,44304,44314,10
12.9389801025,80.2053222656,44314,44324,10
12.9396800995,80.2055282593,44324,44334,10
12.9399900436,80.205619812,44334,44345,11
12.9400701523,80.2056503296,44345,44355,10
12.9404697418,80.2057800293,44355,44365,10
12.9410800934,80.2060089111,44365,44375,10
12.9417896271,80.2064437866,44375,44385,10
12.9423799515,80.2069015503,44385,44395,10
12.9428796768,80.2074890137,44395,44405,10
12.943479538,80.2080383301,44405,44415,10
12.9441995621,80.2083206177,44415,44425,10
12.9443302155,80.208366394,44425,44436,11
12.9445199966,80.2084579468,44436,44445,9
12.9449396133,80.2086105347,44445,44456,11
12.9456996918,80.2088928223,44456,44466,10
12.9464797974,80.2091827393,44466,44476,10
12.9471597672,80.2094497681,44476,44486,10
12.9477500916,80.2096862793,44486,44496,10
12.9483995438,80.2099304199,44496,44506,10
12.9491100311,80.2101974487,44506,44516,10
12.9498195648,80.2104797363,44516,44526,10
12.9511404037,80.2110137939,44526,44536,10
12.9522304535,80.2114334106,44536,44546,10
12.9532003403,80.2118377686,44546,44557,11
12.9542398453,80.212272644,44557,44567,10
12.9553203583,80.2126998901,44567,44577,10
12.9563798904,80.2131118774,44577,44587,10
12.9574699402,80.2135391235,44587,44597,10
12.9585599899,80.2139663696,44597,44607,10
12.9596395493,80.2143936157,44607,44617,10
12.9607095718,80.2148208618,44617,44627,10
12.9617595673,80.2152481079,44627,44637,10
12.9627799988,80.2156600952,44637,44647,10
12.963549614,80.2159423828,44647,44657,10
12.9638004303,80.2160568237,44657,44668,11
12.9643802643,80.2163009644,44668,44678,10
12.9651002884,80.2165985107,44678,44688,10
12.9658002853,80.2168807983,44688,44698,10
12.966460228,80.2171478271,44698,44708,10
12.9671201706,80.2174224854,44708,44718,10
12.9677200317,80.2176589966,44718,44727,9
12.9680204391,80.2177886963,44727,44737,10
12.9686403275,80.2180175781,44737,44748,11
12.9696702957,80.2184066772,44748,44758,10
12.9707403183,80.2188415527,44758,44769,11
12.9711999893,80.2189788818,44769,44779,10
12.9713602066,80.2190628052,44779,44789,10
12.9717998505,80.2192611694,44789,44799,10
12.9724702835,80.2195281982,44799,44809,10
12.9732198715,80.2198410034,44809,44819,10
12.9739704132,80.2201385498,44819,44829,10
12.9746999741,80.220489502,44829,44839,10
12.9748601913,80.2205581665,44839,44849,10
12.9749498367,80.2206192017,44849,44859,10
12.9752702713,80.2207489014,44859,44869,10
12.9756698608,80.2209777832,44869,44880,11
12.9759702682,80.2212371826,44880,44910,30
12.9759702682,80.2212371826,44910,44920,10
12.9762201309,80.2212982178,44920,44930,10
12.9766798019,80.2212905884,44930,44940,10
12.9773797989,80.2212371826,44940,44950,10
12.9780502319,80.221206665,44950,44960,10
12.9787902832,80.2211303711,44960,44970,10
12.9795398712,80.2210922241,44970,44981,11
12.980389595,80.2210235596,44981,44991,10
12.9811000824,80.2210617065,44991,45001,10
12.9817199707,80.2213973999,45001,45011,10
12.9822397232,80.2216873169,45011,45021,10
12.9824800491,80.2218170166,45021,45031,10
12.9829902649,80.2220001221,45031,45051,20
12.9829902649,80.2220001221,45051,45061,10
12.9832201004,80.2221679688,45061,45071,10
12.9835500717,80.2223587036,45071,45081,10
12.9840297699,80.2226333618,45081,45092,11
12.9846000671,80.2229995728,45092,45102,10
12.9853096008,80.2232437134,45102,45111,9
12.9857196808,80.2229919434,45111,45122,11
12.9862203598,80.2229614258,45122,45132,10
12.9865198135,80.2229614258,45132,45142,10
12.986579895,80.2229614258,45142,45152,10
12.9868402481,80.2229919434,45152,45162,10
12.9872598648,80.2230606079,45162,45172,10
12.9878797531,80.2229919434,45172,45183,11
12.9885396957,80.2224273682,45183,45192,9
12.9890003204,80.2219085693,45192,45203,11
12.9894599915,80.221282959,45203,45213,10
12.9899597168,80.220703125,45213,45223,10
12.9903802872,80.2203598022,45223,45233,10
12.9903898239,80.2203598022,45233,45243,10
12.9906702042,80.2201766968,45243,45253,10
12.9910802841,80.2198791504,45253,45263,10
12.9912996292,80.2197036743,45263,45273,10
12.9915599823,80.2195205688,45273,45283,10
12.9919900894,80.2192077637,45283,45293,10
12.9925899506,80.2187728882,45293,45304,11
12.9934101105,80.2181396484,45304,45314,10
12.9941396713,80.2176132202,45314,45324,10
12.9948196411,80.2171020508,45324,45334,10
12.995470047,80.2167434692,45334,45344,10
12.9962997437,80.2165298462,45344,45354,10
12.997179985,80.2164001465,45354,45363,9
12.9975099564,80.2160873413,45363,45374,11
12.9975795746,80.2160415649,45374,45384,10
12.9976997375,80.2159423828,45384,45394,10
12.9980201721,80.2156295776,45394,45404,10
12.998550415,80.2151565552,45404,45415,11
12.9990797043,80.2147216797,45415,45425,10
12.9993801117,80.2144775391,45425,45435,10
12.9998598099,80.2140884399,45435,45445,10
13.0003204346,80.2136993408,45445,45455,10
13.0009403229,80.2132034302,45455,45465,10
13.0014696121,80.2127914429,45465,45475,10
13.0020399094,80.2123794556,45475,45485,10
13.0026397705,80.2121200562,45485,45495,10
13.0033302307,80.212059021,45495,45505,10
13.0039701462,80.212020874,45505,45516,11
13.0047101974,80.2123184204,45516,45526,10
13.0053396225,80.2126998901,45526,45536,10
13.0060195923,80.2128372192,45536,45546,10
13.0065898895,80.2126998901,45546,45556,10
13.0071601868,80.2127380371,45556,45566,10
13.0078601837,80.2130584717,45566,45586,20
13.0078601837,80.2130584717,45586,45596,10
13.0079498291,80.2131271362,45596,45606,10
13.0083398819,80.2133102417,45606,45616,10
13.0088195801,80.2138137817,45616,45627,11
13.0093898773,80.2146072388,45627,45637,10
13.0098800659,80.2152481079,45637,45647,10
13.0103597641,80.2158889771,45647,45657,10
13.0107097626,80.2166290283,45657,45667,10
13.0109596252,80.2173309326,45667,45677,10
13.0113601685,80.2182388306,45677,45686,9
13.0116701126,80.2191009521,45686,45697,11
13.0120296478,80.2203063965,45697,45707,10
13.0124101639,80.2212905884,45707,45717,10
13.0128202438,80.2219085693,45717,45728,11
13.013299942,80.2224807739,45728,45738,10
13.0137395859,80.2230300903,45738,45748,10
13.0140800476,80.223487854,45748,45758,10
13.0143499374,80.2237701416,45758,45768,10
13.0146799088,80.2241363525,45768,45778,10
13.0151395798,80.2247390747,45778,45788,10
13.0155200958,80.2250289917,45788,45798,10
13.0155801773,80.2251281738,45798,45808,10
13.015879631,80.2253417969,45808,45818,10
13.0165100098,80.2253189087,45818,45828,10
13.0172996521,80.2250213623,45828,45839,11
13.0183200836,80.224609375,45839,45849,10
13.019200325,80.2244033813,45849,45859,10
13.0198001862,80.2246170044,45859,45869,10
13.0202903748,80.2249679565,45869,45879,10
13.0208396912,80.2253494263,45879,45889,10
13.0213098526,80.2257080078,45889,45899,10
13.0218696594,80.2260971069,45899,45919,20
13.0218696594,80.2260971069,45919,45929,10
13.0221099854,80.22631073,45929,45940,11
13.0226297379,80.2267608643,45940,45950,10
13.0231895447,80.2272262573,45950,45960,10
13.0238304138,80.2278671265,45960,45970,10
13.0242099762,80.2283477783,45970,45980,10
13.0245199203,80.2287826538,45980,45990,10
13.0249204636,80.2293167114,45990,46000,10
13.0254096985,80.2299575806,46000,46010,10
13.0259399414,80.2309188843,46010,46051,41
13.0259399414,80.2309188843,46051,46061,10
13.0259599686,80.231010437,46061,46071,10
13.0259599686,80.2312316895,46071,46081,10
13.0262804031,80.2312316895,46081,46091,10
13.0269603729,80.231086731,46091,46101,10
13.0277204514,80.2309417725,46101,46111,10
13.0283002853,80.2309036255,46111,46123,12
13.0292797089,80.2308425903,46123,46210,87
13.0292797089,80.2308425903,46210,46220,10
13.0294103622,80.2308731079,46220,46230,10
13.0298299789,80.230796814,46230,46240,10
13.0303697586,80.2307281494,46240,46251,11
13.0308904648,80.230682373,46251,46262,11
13.03125,80.2306594849,46262,46272,10
13.0318098068,80.2305984497,46272,46283,11
13.0325899124,80.2305297852,46283,46294,11
13.0334701538,80.2304916382,46294,46304,10
13.0340003967,80.2304534912,46304,46344,40
13.0340003967,80.2304534912,46344,46354,10
13.0341901779,80.230430603,46354,46364,10
13.0344400406,80.2304000854,46364,46375,11
13.0347299576,80.2303314209,46375,46385,10
13.0350103378,80.2301025391,46385,46435,50
13.0350103378,80.2301025391,46435,46445,10
13.0350704193,80.2298583984,46445,46455,10
13.0348796844,80.2297897339,46455,46465,10
13.0343799591,80.2297210693,46465,46506,41
13.0342102051,80.2300186157,46506,47293,787
13.0342102051,80.2302322388,47293,47788,495
13.0342102051,80.2302322388,47788,47798,10
13.0339403152,80.2304763794,47798,47808,10
13.033659935,80.2304763794,47808,47818,10
13.0331296921,80.2304992676,47818,47828,10
13.0325202942,80.2305221558,47828,47838,10
13.0319099426,80.2306137085,47838,47848,10
13.0312595367,80.2306671143,47848,47859,11
13.0307998657,80.2306976318,47859,47869,10
13.0304698944,80.23072052,47869,47878,9
13.0299396515,80.2308120728,47878,47909,31
13.0299396515,80.2308120728,47909,47919,10
13.0296602249,80.2308578491,47919,47929,10
13.029250145,80.2308578491,47929,47939,10
13.0286397934,80.2309112549,47939,47949,10
13.027970314,80.23097229,47949,47959,10
13.0276699066,80.2311325073,47959,47970,11
13.0276699066,80.2315979004,47970,47980,10
13.0277395248,80.232170105,47980,47990,10
13.0278100967,80.2327194214,47990,48000,10
13.0274801254,80.2328491211,48000,48010,10
13.0271396637,80.2329177856,48010,48020,10
13.02684021,80.2329483032,48020,48030,10
13.0264797211,80.2329101563,48030,48040,10
13.026260376,80.2323989868,48040,48050,10
13.026049614,80.2316818237,48050,48060,10
13.025850296,80.2309494019,48060,48071,11
13.02546978,80.230140686,48071,48081,10
13.0249996185,80.2294692993,48081,48091,10
13.024600029,80.2289505005,48091,48101,10
13.0242395401,80.2284622192,48101,48111,10
13.0238895416,80.2279968262,48111,48121,10
13.0234203339,80.2275619507,48121,48131,10
13.0230703354,80.2274169922,48131,48172,41
13.0230703354,80.2274169922,48172,48182,10
13.0227804184,80.2272109985,48182,48192,10
13.022600174,80.2268829346,48192,48202,10
13.0222301483,80.2265014648,48202,48212,10
13.0216598511,80.226020813,48212,48222,10
13.0209598541,80.2254714966,48222,48232,10
13.0201101303,80.2249221802,48232,48252,20
13.0201101303,80.2249221802,48252,48262,10
13.0198602676,80.2247924805,48262,48272,10
13.0196800232,80.2246932983,48272,48283,11
13.0191001892,80.2245178223,48283,48293,10
13.018289566,80.2247314453,48293,48303,10
13.0173797607,80.2250976563,48303,48312,9
13.0166196823,80.225440979,48312,48323,11
13.0161600113,80.2255783081,48323,48333,10
13.0155897141,80.225769043,48333,48343,10
13.0147399902,80.2261276245,48343,48384,41
13.0147399902,80.2261276245,48384,48394,10
13.0143003464,80.2262573242,48394,48414,20
13.0143003464,80.2262573242,48414,48424,10
13.0140399933,80.2263565063,48424,48434,10
13.0135202408,80.2265472412,48434,48444,10
13.0128202438,80.2268295288,48444,48454,10
13.0119895935,80.2271499634,48454,48464,10
13.011059761,80.2275009155,48464,48474,10
13.0100898743,80.2278671265,48474,48484,10
13.009519577,80.2276000977,48484,48495,11
13.0098304749,80.2268829346,48495,48505,10
13.0101699829,80.2261276245,48505,48515,10
13.0104999542,80.225402832,48515,48525,10
13.0107803345,80.2247695923,48525,48535,10
13.0112695694,80.2233810425,48535,48545,10
13.0112895966,80.2232971191,48545,48565,20
13.0112895966,80.2232971191,48565,48575,10
13.0113401413,80.2231369019,48575,48585,10
13.0114498138,80.2228393555,48585,48595,10
13.0117301941,80.2222976685,48595,48606,11
13.0120296478,80.2214202881,48606,48616,10
13.0120897293,80.2208404541,48616,48628,12
13.0118198395,80.2200469971,48628,48638,10
13.0115499496,80.2192306519,48638,48648,10
13.0112895966,80.218460083,48648,48658,10
13.0109300613,80.2174911499,48658,48668,10
13.0105600357,80.2165985107,48668,48678,10
13.0101499557,80.2158813477,48678,48688,10
13.0097799301,80.215133667,48688,48699,11
13.00922966,80.2144088745,48699,48709,10
13.0086803436,80.2136688232,48709,48719,10
13.008099556,80.2132797241,48719,48779,60
13.008099556,80.2132797241,48779,48798,19
13.0077800751,80.2130279541,48798,48810,12
13.0073404312,80.2127838135,48810,48819,9
13.0069198608,80.2127609253,48819,48831,12
13.0060997009,80.2129211426,48831,48840,9
13.0054502487,80.2127990723,48840,48851,11
13.0046100616,80.2123184204,48851,48861,10
13.0037002563,80.2120513916,48861,48871,10
13.0030097961,80.2120437622,48871,48880,9
13.0025396347,80.212097168,48880,48890,10
13.0020399094,80.2123413086,48890,48901,11
13.0014295578,80.2128067017,48901,48911,10
13.0008602142,80.2132415771,48911,48921,10
13.0002002716,80.2138366699,48921,48932,11
12.9996700287,80.2143173218,48932,48942,10
12.9991998672,80.2147369385,48942,48952,10
12.9989900589,80.2149276733,48952,48962,10
12.9986896515,80.2152175903,48962,48972,10
12.9981899261,80.2156600952,48972,48982,10
12.9975204468,80.2162399292,48982,49002,20
12.9975204468,80.2162399292,49002,49012,10
12.9972896576,80.2164077759,49012,49022,10
12.9969501495,80.2165374756,49022,49033,11
12.9962797165,80.2166366577,49033,49043,10
12.9954996109,80.2168579102,49043,49053,10
12.9952802658,80.2169418335,49053,49063,10
12.995059967,80.2170410156,49063,49073,10
12.9948596954,80.2171783447,49073,49083,10
12.9945001602,80.2174835205,49083,49093,10
12.9939699173,80.2178878784,49093,49103,10
12.9933099747,80.2183303833,49103,49113,10
12.9926595688,80.2188034058,49113,49123,10
12.9918203354,80.2194366455,49123,49134,11
12.9909601212,80.2200164795,49134,49144,10
12.9907798767,80.2201385498,49144,49154,10
12.9906396866,80.2202529907,49154,49164,10
12.9903297424,80.2205200195,49164,49174,10
12.9898099899,80.2209701538,49174,49184,10
12.9893903732,80.2214736938,49184,49194,10
12.9890003204,80.2220001221,49194,49204,10
12.9885396957,80.2224884033,49204,49214,10
12.9881296158,80.2228317261,49214,49224,10
12.9875802994,80.2230682373,49224,49234,10
12.9871301651,80.2230529785,49234,49245,11
12.9868097305,80.2229919434,49245,49255,10
12.9865102768,80.2229385376,49255,49265,10
12.9860897064,80.2229614258,49265,49275,10
12.9855604172,80.223197937,49275,49285,10
12.9850196838,80.2231674194,49285,49295,10
12.9845399857,80.2229537964,49295,49305,10
12.9841003418,80.22265625,49305,49325,20
12.9841003418,80.22265625,49325,49335,10
12.9836397171,80.2224197388,49335,49345,10
12.9832296371,80.22215271,49345,49376,31
12.9832296371,80.22215271,49376,49386,10
12.982919693,80.2219619751,49386,49396,10
12.9824399948,80.2218322754,49396,49406,10
12.9822101593,80.2217407227,49406,49416,10
12.9819097519,80.221572876,49416,49426,10
12.9815196991,80.221321106,49426,49436,10
12.9808797836,80.2210769653,49436,49447,11
12.980099678,80.2211227417,49447,49457,10
12.9795598984,80.2211380005,49457,49467,10
12.9789199829,80.2211608887,49467,49477,10
12.9781703949,80.2211608887,49477,49487,10
12.9774904251,80.2211990356,49487,49497,10
12.9769897461,80.2212524414,49497,49507,10
12.9764900208,80.2212371826,49507,49517,10
12.9761600494,80.2212905884,49517,49527,10
12.9759197235,80.221321106,49527,49537,10
12.9755496979,80.2209777832,49537,49557,20
12.9755496979,80.2209777832,49557,49568,11
12.9754400253,80.2208328247,49568,49578,10
12.9752397537,80.2206802368,49578,49588,10
12.9748497009,80.220489502,49588,49598,10
12.9742603302,80.2202301025,49598,49608,10
12.9736700058,80.2200088501,49608,49618,10
12.9730195999,80.2197723389,49618,49628,10
12.9722499847,80.2194824219,49628,49638,10
12.9711303711,80.2191619873,49638,49658,20
12.9711303711,80.2191619873,49658,49669,11
12.9709100723,80.2191009521,49669,49679,10
12.9704799652,80.2188415527,49679,49689,10
12.9698495865,80.2185821533,49689,49699,10
12.9691696167,80.2183227539,49699,49709,10
12.9684801102,80.2180633545,49709,49719,10
12.9678201675,80.2177886963,49719,49729,10
12.9671401978,80.2175216675,49729,49739,10
12.9662103653,80.2171401978,49739,49749,10
12.9651203156,80.2166976929,49749,49759,10
12.9640197754,80.2162322998,49759,49769,10
12.9631004333,80.2158279419,49769,49780,11
12.9628601074,80.2157363892,49780,49790,10
12.9628295898,80.2157211304,49790,49800,10
12.9625301361,80.2155914307,49800,49810,10
12.9619598389,80.2153701782,49810,49820,10
12.9612197876,80.2150726318,49820,49830,10
12.9603300095,80.2147216797,49830,49840,10
12.9593000412,80.2142868042,49840,49850,10
12.9582300186,80.2138595581,49850,49860,10
12.9571199417,80.2134170532,49860,49870,10
12.9560604095,80.2129898071,49870,49880,10
12.9549703598,80.212600708,49880,49891,11
12.9539899826,80.2122268677,49891,49900,9
12.9538803101,80.2121963501,49900,49911,11
12.953789711,80.2121582031,49911,49921,10
12.95333004,80.2119598389,49921,49931,10
12.9526796341,80.2117004395,49931,49941,10
12.951880455,80.2113800049,49941,49951,10
12.9509601593,80.2110214233,49951,49961,10
12.9499597549,80.2106170654,49961,49971,10
12.9490499496,80.2102584839,49971,49981,10
12.9482097626,80.2099380493,49981,49992,11
12.9470996857,80.2095031738,49992,50002,10
12.9459495544,80.2090377808,50002,50012,10
12.944899559,80.2086105347,50012,50022,10
12.9442195892,80.2083816528,50022,50032,10
12.944149971,80.2083587646,50032,50042,10
12.9437799454,80.2081832886,50042,50052,10
12.9432001114,80.2079086304,50052,50062,10
12.9426603317,80.2072906494,50062,50072,10
12.9419698715,80.2066116333,50072,50082,10
12.9411897659,80.2060928345,50082,50092,10
12.941069603,80.2060394287,50092,50103,11
12.9408597946,80.2059173584,50103,50113,10
12.9403600693,80.2057418823,50113,50123,10
12.9396600723,80.2055435181,50123,50133,10
12.9388904572,80.205291748,50133,50143,10
12.9380598068,80.205039978,50143,50153,10
12.9371595383,80.204788208,50153,50163,10
12.9364099503,80.2045822144,50163,50173,10
12.9353399277,80.204208374,50173,50183,10
12.9345998764,80.2039794922,50183,50193,10
12.9337797165,80.2039413452,50193,50204,11
12.933719635,80.2039413452,50204,50214,10
12.9336395264,80.203918457,50214,50224,10
12.9332504272,80.2038421631,50224,50234,10
12.9326601028,80.2035827637,50234,50244,10
12.9320402145,80.20337677,50244,50254,10
12.9313297272,80.2031402588,50254,50264,10
12.9305400848,80.202911377,50264,50274,10
12.9294700623,80.2027587891,50274,50294,20
12.9294700623,80.2027587891,50294,50304,10
12.9293298721,80.2027435303,50304,50315,11
12.9288597107,80.2026367188,50315,50325,10
12.9284801483,80.2023391724,50325,50335,10
12.9284496307,80.2015686035,50335,50345,10
12.9284200668,80.2006225586,50345,50355,10
12.9282398224,80.1995391846,50355,50365,10
12.9278202057,80.198638916,50365,50375,10
12.9271202087,80.1978912354,50375,50385,10
12.9262895584,80.1975708008,50385,50395,10
12.9255895615,80.1975021362,50395,50405,10
12.9253997803,80.197517395,50405,50415,10
12.9249801636,80.1974868774,50415,50426,11
12.9242601395,80.1975097656,50426,50436,10
12.923500061,80.197479248,50436,50446,10
12.9226999283,80.1973724365,50446,50456,10
12.9220399857,80.1972885132,50456,50466,10
12.9220304489,80.1972885132,50466,50476,10
12.9218597412,80.1972503662,50476,50486,10
12.9214801788,80.1970977783,50486,50502,16
12.9206399918,80.1967926025,50502,50514,12
12.9197902679,80.1964797974,50514,50524,10
12.9191398621,80.1961135864,50524,50534,10
12.9185400009,80.1955871582,50534,50543,9
12.9179296494,80.1950302124,50543,50555,12
12.9172000885,80.1943283081,50555,50565,10
12.9169998169,80.1938934326,50565,50575,10
12.9170103073,80.1930770874,50575,50585,10
12.9171104431,80.1922988892,50585,50595,10
12.91726017,80.1912536621,50595,50615,20
12.91726017,80.1912536621,50615,50625,10
12.9172697067,80.1911087036,50625,50636,11
12.9173498154,80.1905822754,50636,50646,10
12.9174699783,80.1897964478,50646,50656,10
12.9178199768,80.1889419556,50656,50666,10
12.9187602997,80.1878128052,50666,50686,20
12.9187602997,80.1878128052,50686,50696,10
12.9190301895,80.1875610352,50696,50706,10
12.9194898605,80.1870803833,50706,50716,10
12.920129776,80.1863479614,50716,50726,10
12.9205904007,80.1854171753,50726,50736,10
12.9203500748,80.1843719482,50736,50747,11
12.9201402664,80.1834182739,50747,50763,16
12.9199104309,80.1825332642,50763,50775,12
12.9198799133,80.1824111938,50775,50785,10
12.9198198318,80.1820373535,50785,50795,10
12.9196500778,80.1812667847,50795,50805,10
12.9194498062,80.1803207397,50805,50815,10
12.9191398621,80.1793136597,50815,50825,10
12.9184703827,80.1783676147,50825,50835,10
12.9182300568,80.1772689819,50835,50845,10
12.9184398651,80.1761398315,50845,50856,11
12.9187297821,80.1749191284,50856,50865,9
12.9189596176,80.173866272,50865,50876,11
12.9193401337,80.172492981,50876,50885,9
12.9196195602,80.1714782715,50885,50896,11
12.9197797775,80.1708679199,50896,50906,10
12.919839859,80.1707611084,50906,50916,10
12.9199895859,80.1703109741,50916,50926,10
12.9202299118,80.1695480347,50926,50936,10
12.920539856,80.1685714722,50936,50946,10
12.9208898544,80.1674804688,50946,50957,11
12.9212999344,80.1662216187,50957,50967,10
12.9216804504,80.1650466919,50967,50977,10
12.9220399857,80.1639099121,50977,50987,10
12.9223203659,80.1629867554,50987,50997,10
12.922659874,80.1619567871,50997,51007,10
12.9230899811,80.1604919434,51007,51027,20
12.9230899811,80.1604919434,51027,51037,10
12.9231500626,80.1603317261,51037,51047,10
12.9232797623,80.1597824097,51047,51057,10
12.9233703613,80.1589279175,51057,51068,11
12.9234895706,80.1577224731,51068,51078,10
12.9235897064,80.1565475464,51078,51088,10
12.9234895706,80.155380249,51088,51098,10
12.9233503342,80.1548690796,51098,51108,10
12.9233398438,80.1547622681,51108,51118,10
12.9232501984,80.1543426514,51118,51128,10
12.9231004715,80.1536712646,51128,51138,10
12.9228897095,80.1528625488,51138,51148,10
12.9226799011,80.1518630981,51148,51158,10
12.9226398468,80.1507034302,51158,51168,10
12.9226102829,80.1495285034,51168,51179,11
12.9225597382,80.1482772827,51179,51189,10
12.9225196838,80.1473693848,51189,51199,10
12.9225196838,80.1468582153,51199,51209,10
12.922539711,80.1466674805,51209,51219,10
12.922539711,80.146156311,51219,51229,10
12.9225101471,80.1454467773,51229,51239,10
12.9224996567,80.1447296143,51239,51249,10
12.9224796295,80.1439590454,51249,51259,10
12.922419548,80.1434326172,51259,51280,21
12.922419548,80.1434326172,51280,51290,10
12.922419548,80.1433334351,51290,51300,10
12.922419548,80.143157959,51300,51310,10
12.922419548,80.1428070068,51310,51320,10
12.922419548,80.1423568726,51320,51330,10
12.922419548,80.1417388916,51330,51340,10
12.9223604202,80.1412124634,51340,51350,10
12.9223804474,80.1410598755,51350,51360,10
12.9223899841,80.1405563354,51360,51370,10
12.9223899841,80.1398620605,51370,51381,11
12.922369957,80.1389389038,51381,51391,10
12.9224395752,80.1380996704,51391,51401,10
12.9224796295,80.1371383667,51401,51411,10
12.9225196838,80.1361236572,51411,51421,10
12.9225502014,80.1350784302,51421,51431,10
12.9225997925,80.1339874268,51431,51441,10
12.9226398468,80.1330490112,51441,51451,10
12.9226903915,80.132270813,51451,51461,10
12.9226703644,80.1314926147,51461,51477,16
12.9226999283,80.1310806274,51477,51489,12
12.9227600098,80.1304626465,51489,51500,11
12.9227800369,80.1297836304,51500,51509,9
12.9228601456,80.1288223267,51509,51520,11
12.9228801727,80.1278686523,51520,51530,10
12.9229202271,80.1268234253,51530,51540,10
12.922949791,80.1256637573,51540,51550,10
12.9230203629,80.1246109009,51550,51559,9
12.9230604172,80.1234436035,51559,51570,11
12.923119545,80.1221389771,51570,51580,10
12.9231700897,80.1209487915,51580,51590,10
12.9232397079,80.1202163696,51590,51601,11
12.9232597351,80.1200790405,51601,51611,10
12.9232902527,80.1200180054,51611,51621,10
12.923330307,80.1196212769,51621,51631,10
12.9233198166,80.118888855,51631,51641,10
12.9233999252,80.1179885864,51641,51651,10
12.9234600067,80.1172027588,51651,51661,10
12.9234695435,80.1168289185,51661,51671,10
12.9236001968,80.116859436,51671,51681,10
12.9236001968,80.1168670654,51681,51691,10
12.9235200882,80.1170425415,51691,51701,10
12.9235200882,80.1175613403,51701,51712,11
12.9235200882,80.1180877686,51712,51722,10
12.9234695435,80.1187210083,51722,51732,10
12.9233798981,80.1195297241,51732,51742,10
12.9232997894,80.1203613281,51742,51752,10
12.9232397079,80.1208877563,51752,51762,10
12.9232597351,80.12159729,51762,52915,1153
12.9232597351,80.12159729,52915,52925,10
12.9232501984,80.1219406128,52925,52935,10
12.9232196808,80.1223907471,52935,52945,10
12.9231796265,80.1230621338,52945,52955,10
12.9231395721,80.1237716675,52955,52965,10
12.9230899811,80.1245269775,52965,52975,10
12.9230203629,80.1255722046,52975,53026,51
12.9230203629,80.1255722046,53026,53036,10
12.9229898453,80.1256637573,53036,53046,10
12.9229602814,80.126083374,53046,53056,10
12.922949791,80.1268234253,53056,53066,10
12.9229202271,80.1276321411,53066,53076,10
12.9228801727,80.1283569336,53076,53086,10
12.9227895737,80.1290817261,53086,53096,10
12.922750473,80.1300125122,53096,53107,11
12.9227600098,80.1309432983,53107,53117,10
12.9227304459,80.1316833496,53117,53127,10
12.9226999283,80.1325378418,53127,53137,10
12.922659874,80.1334915161,53137,53147,10
12.9226198196,80.1345291138,53147,53157,10
12.9225597382,80.1356430054,53157,53167,10
12.9225196838,80.1367797852,53167,53177,10
12.9224500656,80.1377716064,53177,53187,10
12.922369957,80.1387786865,53187,53197,10
12.9223499298,80.1398010254,53197,53207,10
12.9223804474,80.1407775879,53207,53218,11
12.9224004745,80.141998291,53218,53228,10
12.9224596024,80.1427536011,53228,53254,26
12.9224596024,80.1427536011,53254,53266,12
12.9224796295,80.1428833008,53266,53276,10
12.9224796295,80.1431427002,53276,53285,9
12.9225101471,80.1436386108,53285,53296,11
12.9225196838,80.1437606812,53296,53306,10
12.9225101471,80.144203186,53306,53315,9
12.9225196838,80.144859314,53315,53327,12
12.9225797653,80.1459579468,53327,53335,8
12.9225997925,80.1467132568,53335,53347,12
12.9226303101,80.1473236084,53347,53356,9
12.9226398468,80.1474075317,53356,53367,11
12.9226303101,80.1477127075,53367,53377,10
12.9225997925,80.1484069824,53377,53387,10
12.9226198196,80.1492919922,53387,53397,10
12.9226303101,80.1503372192,53397,53407,10
12.9227104187,80.1516189575,53407,53428,21
12.9227104187,80.1516189575,53428,53438,10
12.9227199554,80.1518173218,53438,53448,10
12.9227800369,80.1522979736,53448,53458,10
12.9229602814,80.1530532837,53458,53468,10
12.9231901169,80.153968811,53468,53478,10
12.923330307,80.1543884277,53478,53488,10
12.9234304428,80.1546020508,53488,53498,10
12.9234304428,80.1547393799,53498,53508,10
12.9234600067,80.1550216675,53508,53518,10
12.923500061,80.1552200317,53518,53529,11
12.9236402512,80.1558074951,53529,53539,10
12.9236297607,80.1566314697,53539,53549,10
12.9235496521,80.157661438,53549,53559,10
12.92345047,80.158782959,53559,53569,10
12.9233598709,80.1598434448,53569,53579,10
12.9233198166,80.1602630615,53579,53589,10
12.9232997894,80.1603317261,53589,53599,10
12.9231595993,80.1607437134,53599,53609,10
12.9229202271,80.1614379883,53609,53619,10
12.9226398468,80.1623001099,53619,53629,10
12.9223203659,80.1632614136,53629,53640,11
12.9219799042,80.1643371582,53640,53650,10
12.9216403961,80.1654205322,53650,53660,10
12.9212799072,80.1665496826,53660,53670,10
12.9209403992,80.167640686,53670,53680,10
12.9205799103,80.1687469482,53680,53690,10
12.9202404022,80.1698608398,53690,53700,10
12.9199800491,80.1707229614,53700,53710,10
12.9198999405,80.171043396,53710,53720,10
12.9197797775,80.1713409424,53720,53730,10
12.9195995331,80.1719589233,53730,53740,10
12.9193696976,80.1727371216,53740,53751,11
12.9190998077,80.1737136841,53751,53761,10
12.9188604355,80.1747436523,53761,53771,10
12.918589592,80.1758804321,53771,53781,10
12.9183397293,80.1770172119,53781,53791,10
12.9183397293,80.1781463623,53791,53801,10
12.9190196991,80.1790618896,53801,53811,10
12.9194602966,80.1801834106,53811,53821,10
12.919719696,80.1814193726,53821,53831,10
12.9199895859,80.1826705933,53831,53841,10
12.9202899933,80.1836700439,53841,53852,11
12.9204301834,80.1844024658,53852,53862,10
12.9206104279,80.1851577759,53862,53872,10
12.9206895828,80.1854476929,53872,53882,10
12.9206600189,80.1856613159,53882,53892,10
12.9203796387,80.186126709,53892,53902,10
12.9198904037,80.1866989136,53902,53918,16
12.9189996719,80.1877212524,53918,53930,12
12.918390274,80.1883773804,53930,53940,10
12.9179601669,80.1888809204,53940,53949,9
12.9175395966,80.1897964478,53949,53961,12
12.9173402786,80.1910095215,53961,53971,10
12.9172201157,80.1919174194,53971,53981,10
12.9170999527,80.1930770874,53981,54021,40
12.9170999527,80.1930770874,54021,54031,10
12.9170799255,80.1933898926,54031,54041,10
12.9170703888,80.1934814453,54041,54051,10
12.9170999527,80.1938781738,54051,54061,10
12.9173603058,80.194442749,54061,54072,11
12.9179401398,80.1949996948,54072,54082,10
12.9184904099,80.1955566406,54082,54092,10
12.9192495346,80.196182251,54092,54102,10
12.9201602936,80.1966171265,54102,54112,10
12.9209899902,80.1968994141,54112,54122,10
12.921790123,80.1971817017,54122,54132,10
12.9226999283,80.1973495483,54132,54142,10
12.9235200882,80.1974563599,54142,54152,10
12.9244098663,80.197479248,54152,54162,10
12.9252195358,80.1974563599,54162,54173,11
12.9254598618,80.1974563599,54173,54183,10
12.9260501862,80.197479248,54183,54193,10
12.9263896942,80.1975402832,54193,54203,10
12.9265499115,80.1975784302,54203,54213,10
12.9269695282,80.1977767944,54213,54223,10
12.9275598526,80.1981811523,54223,54233,10
12.927980423,80.1988372803,54233,54243,10
12.928319931,80.1996612549,54243,54253,10
12.9284296036,80.200630188,54253,54263,10
12.9284801483,80.2016067505,54263,54273,10
12.928560257,80.2024307251,54273,54284,11
12.9292697906,80.2026901245,54284,54294,10
12.9294204712,80.2026977539,54294,54304,10
12.929599762,80.2027587891,54304,54314,10
12.930100441,80.2028198242,54314,54324,10
12.9308204651,80.2029495239,54324,54334,10
12.931599617,80.2032012939,54334,54344,10
12.9323997498,80.2034683228,54344,54354,10
12.9330797195,80.2036972046,54354,54364,10
12.934129715,80.2038879395,54364,54384,20
12.934129715,80.2038879395,54384,54395,11
12.9344797134,80.2039489746,54395,54405,10
12.9349803925,80.2040328979,54405,54415,10
12.9355602264,80.2042770386,54415,54425,10
12.9363203049,80.204536438,54425,54441,16
12.9377403259,80.2049407959,54441,54453,12
12.9388103485,80.2052612305,54453,54463,10
12.9395303726,80.2054824829,54463,54473,10
12.9400596619,80.205619812,54473,54483,10
12.9402999878,80.2057037354,54483,54493,10
12.9407997131,80.2058792114,54493,54504,11
12.9415302277,80.2062530518,54504,54514,10
12.9422397614,80.20677948,54514,54524,10
12.9428796768,80.2074508667,54524,54534,10
12.9436197281,80.2080993652,54534,54544,10
12.9442396164,80.2083129883,54544,54554,10
12.9442501068,80.2083129883,54554,54564,10
12.9443397522,80.208366394,54564,54574,10
12.944729805,80.2085037231,54574,54584,10
12.9453802109,80.208732605,54584,54594,10
12.9461603165,80.2090301514,54594,54605,11
12.9469995499,80.2093582153,54605,54615,10
12.9476699829,80.2096405029,54615,54625,10
12.9483098984,80.2098770142,54625,54635,10
12.9490203857,80.2101593018,54635,54645,10
12.9499397278,80.2105178833,54645,54655,10
12.9510097504,80.2109603882,54655,54665,10
12.9521102905,80.2114181519,54665,54675,10
12.9532003403,80.2118301392,54675,54685,10
12.9542598724,80.2122573853,54685,54695,10
12.9552402496,80.2126617432,54695,54705,10
12.956410408,80.2130966187,54705,54716,11
12.9575901031,80.2135467529,54716,54726,10
12.9586801529,80.2139892578,54726,54736,10
12.9597396851,80.2144088745,54736,54746,10
12.9608402252,80.2148666382,54746,54756,10
12.9619398117,80.2152709961,54756,54766,10
12.96296978,80.215637207,54766,54776,10
12.9634799957,80.2158584595,54776,54786,10
12.9637002945,80.2159729004,54786,54796,10
12.964220047,80.2162017822,54796,54806,10
12.9648704529,80.2164916992,54806,54817,11
12.9656295776,80.216796875,54817,54827,10
12.9662904739,80.2170791626,54827,54837,10
12.9669504166,80.217338562,54837,54847,10
12.9675798416,80.217590332,54847,54863,16
12.9684495926,80.2179412842,54863,54875,12
12.9695301056,80.2183609009,54875,54883,8
12.9703397751,80.2186813354,54883,54895,12
12.9712095261,80.2189788818,54895,54905,10
12.9712600708,80.2189865112,54905,54915,10
12.971619606,80.2191619873,54915,54925,10
12.9721803665,80.2194137573,54925,54936,11
12.9729499817,80.2197113037,54936,54946,10
12.9737501144,80.2200317383,54946,54956,10
12.9744997025,80.2203826904,54956,54966,10
12.9750404358,80.2205963135,54966,54976,10
12.9753303528,80.2206726074,54976,54986,10
12.9756097794,80.2208786011,54986,54996,10
12.9759101868,80.2211990356,54996,55037,41
12.9759101868,80.2211990356,55037,55047,10
12.9761600494,80.2211608887,55047,55057,10
12.9763898849,80.2211608887,55057,55067,10
12.9767503738,80.2211608887,55067,55077,10
12.9773197174,80.2211608887,55077,55087,10
12.9780197144,80.2211074829,55087,55097,10
12.9787397385,80.2210769653,55097,55107,10
12.9792604446,80.2210388184,55107,55117,10
12.9799699783,80.2209777832,55117,55128,11
12.9808597565,80.2209472656,55128,55138,10
12.9813899994,80.2211685181,55138,55148,10
12.9818897247,80.2215118408,55148,55158,10
12.9823999405,80.2217483521,55158,55168,10
12.982460022,80.2217712402,55168,55178,10
12.9826498032,80.2218399048,55178,55188,10
12.9827003479,80.221862793,55188,55198,10
12.9828996658,80.2219161987,55198,55208,10
12.9832201004,80.2221221924,55208,55218,10
12.9837198257,80.2224197388,55218,55228,10
12.9844102859,80.2228164673,55228,55238,10
12.9851799011,80.2231903076,55238,55249,11
12.9856004715,80.2229995728,55249,55259,10
12.9861001968,80.2229385376,55259,55269,10
12.9863595963,80.2229614258,55269,55279,10
12.9865598679,80.2229614258,55279,55289,10
12.9869003296,80.2230224609,55289,55299,10
12.9874095917,80.2230682373,55299,55309,10
12.9879798889,80.2229003906,55309,55319,10
12.9885902405,80.2223587036,55319,55329,10
12.9891395569,80.2217025757,55329,55339,10
12.9897098541,80.2209701538,55339,55350,11
12.9903297424,80.2204284668,55350,55360,10
12.9908399582,80.2200393677,55360,55370,10
12.991060257,80.2198562622,55370,55380,10
12.9913196564,80.2196578979,55380,55390,10
12.9916296005,80.2194366455,55390,55400,10
12.9921503067,80.2190704346,55400,55410,10
12.9927997589,80.2185974121,55410,55420,10
12.9934396744,80.2180786133,55420,55430,10
12.9939899445,80.217666626,55430,55440,10
12.994509697,80.217300415,55440,55461,21
12.994509697,80.217300415,55461,55471,10
12.9947500229,80.2171783447,55471,55481,10
12.9949903488,80.2170410156,55481,55491,10
12.9954595566,80.2167434692,55491,55501,10
12.9962301254,80.2165374756,55501,55511,10
12.9970197678,80.2164306641,55511,55521,10
12.9972801208,80.2162780762,55521,55531,10
12.9975795746,80.2159881592,55531,55541,10
12.9977798462,80.2158432007,55541,55551,10
12.9981498718,80.2154922485,55551,55562,11
12.9987802505,80.2149505615,55562,55572,10
12.9991798401,80.2146530151,55572,55582,10
12.9995203018,80.2143173218,55582,55592,10
13.0,80.2139587402,55592,55602,10
13.0005197525,80.2134628296,55602,55612,10
13.0011396408,80.2129135132,55612,55622,10
13.0019397736,80.2123718262,55622,55632,10
13.0023298264,80.2121582031,55632,55642,10
13.0027999878,80.212059021,55642,55652,10
13.0034799576,80.212020874,55652,55663,11
13.004119873,80.2120819092,55663,55673,10
13.0047798157,80.2123718262,55673,55683,10
13.0054197311,80.2127609253,55683,55693,10
13.0062198639,80.2127380371,55693,55702,9
13.0069904327,80.2127380371,55702,55713,11
13.0079097748,80.2131195068,55713,55733,20
13.0079097748,80.2131195068,55733,55743,10
13.0082302094,80.2133026123,55743,55753,10
13.0087203979,80.2136917114,55753,55763,10
13.009180069,80.214302063,55763,55773,10
13.0096797943,80.2150268555,55773,55784,11
13.0101203918,80.215637207,55784,55794,10
13.0106496811,80.2164535522,55794,55804,10
13.0109395981,80.2171325684,55804,55814,10
13.0112800598,80.2180023193,55814,55824,10
13.0116796494,80.2191009521,55824,55834,10
13.0120401382,80.2202072144,55834,55843,9
13.0122699738,80.221031189,55843,55855,12
13.0125999451,80.2218399048,55855,55865,10
13.0131597519,80.2225189209,55865,55875,10
13.0138196945,80.2232818604,55875,55886,11
13.0145101547,80.2240371704,55886,55895,9
13.0149402618,80.2244567871,55895,55906,11
13.0150403976,80.2245483398,55906,55916,10
13.0154800415,80.2249603271,55916,55936,20
13.0154800415,80.2249603271,55936,55946,10
13.0156602859,80.2250595093,55946,55956,10
13.0161504745,80.2252731323,55956,55966,10
13.0169296265,80.2250823975,55966,55976,10
13.0178403854,80.2247390747,55976,55986,10
13.0187397003,80.2244033813,55986,55997,11
13.0195503235,80.2243804932,55997,56006,9
13.0196695328,80.2244415283,56006,56016,10
13.0197601318,80.2244873047,56016,56027,11
13.0200595856,80.2247772217,56027,56037,10
13.02064991,80.2251968384,56037,56047,10
13.0212802887,80.2256774902,56047,56057,10
13.0219898224,80.2260818481,56057,56067,10
13.0221004486,80.2261962891,56067,56077,10
13.0222902298,80.2264099121,56077,56087,10
13.0227403641,80.2268371582,56087,56098,11
13.0233697891,80.2274398804,56098,56108,10
13.0239801407,80.228012085,56108,56118,10
13.0242300034,80.2282562256,56118,56128,10
13.0243797302,80.2284698486,56128,56138,10
13.0246400833,80.2288131714,56138,56148,10
13.0249900818,80.2293395996,56148,56158,10
13.0254497528,80.2299499512,56158,56168,10
13.0257701874,80.2304382324,56168,56178,10
13.0259199142,80.2308197021,56178,56188,10
13.0259799957,80.2311782837,56188,56199,11
13.0262203217,80.2312774658,56199,56209,10
13.02684021,80.2311401367,56209,56219,10
13.0275802612,80.2309875488,56219,56229,10
13.0282297134,80.2309188843,56229,56239,10
13.0292396545,80.2308273315,56239,56269,30
13.0292396545,80.2308273315,56269,56279,10
13.0295495987,80.2307662964,56279,56289,10
13.0300703049,80.2307434082,56289,56299,10
13.0306596756,80.23072052,56299,56310,11
13.0311899185,80.2306976318,56310,56320,10
13.03166008,80.2306518555,56320,56330,10
13.03221035,80.2305984497,56330,56340,10
13.0328197479,80.2305603027,56340,56350,10
13.0335302353,80.2305221558,56350,56360,10
13.0340995789,80.2304611206,56360,56390,30
13.0340995789,80.2304611206,56390,56400,10
13.0343399048,80.2304000854,56400,56411,11
13.0346899033,80.2302780151,56411,56421,10
13.0348796844,80.2302093506,56421,56431,10
13.0347900391,80.2299804688,56431,56835,404
13.0344400406,80.2298583984,56835,57218,383
13.0341701508,80.2300796509,57218,57319,101
13.0341701508,80.2300796509,57319,57329,10
13.0338602066,80.2304382324,57329,57339,10
13.0333995819,80.2304382324,57339,57349,10
13.0327596664,80.2305221558,57349,57359,10
13.0319900513,80.2305908203,57359,57370,11
13.0310602188,80.230682373,57370,57380,10
13.0307502747,80.2307128906,57380,57390,10
13.0306301117,80.2307281494,57390,57400,10
13.0302400589,80.2307662964,57400,57410,10
13.0298299789,80.2308425903,57410,57420,10
13.0295600891,80.2308807373,57420,57430,10
13.0290203094,80.2309188843,57430,57440,10
13.028380394,80.2309799194,57440,57450,10
13.0277700424,80.2310409546,57450,57467,17
13.0277004242,80.2316436768,57467,57479,12
13.0277996063,80.2322463989,57479,57489,10
13.0278501511,80.2327728271,57489,57499,10
13.0273504257,80.2328872681,57499,57509,10
13.0267801285,80.2329788208,57509,57580,71
13.0267801285,80.2329788208,57580,57590,10
13.0265302658,80.233039856,57590,57600,10
13.0263004303,80.2327575684,57600,57610,10
13.0261201859,80.232131958,57610,57620,10
13.0259895325,80.2316589355,57620,57630,10
13.0259895325,80.2316436768,57630,57640,10
13.0259103775,80.2312698364,57640,57650,10
13.0257101059,80.2306137085,57650,57660,10
13.0252399445,80.229850769,57660,57670,10
13.024600029,80.2290496826,57670,57691,21
13.024600029,80.2290496826,57691,57701,10
13.024479866,80.2288970947,57701,57711,10
13.0241699219,80.2285003662,57711,57721,10
13.023730278,80.2279510498,57721,57731,10
13.0233001709,80.2275466919,57731,57741,10
13.0230503082,80.2274017334,57741,57761,20
13.0230503082,80.2274017334,57761,57771,10
13.022939682,80.2273178101,57771,57781,10
13.022769928,80.2271118164,57781,57791,10
13.0225696564,80.2267990112,57791,57802,11
13.0220899582,80.2263793945,57802,57812,10
13.0215196609,80.2259368896,57812,57822,10
13.0210399628,80.2255630493,57822,57832,10
13.0210103989,80.2255325317,57832,57842,10
13.020819664,80.2253417969,57842,57852,10
13.0203800201,80.2250823975,57852,57862,10
13.0197401047,80.2246627808,57862,57872,10
13.0188102722,80.2244720459,57872,57882,10
13.0177402496,80.2248916626,57882,57892,10
13.0167999268,80.2252883911,57892,57903,11
13.0164899826,80.2254486084,57903,57913,10
13.0162496567,80.2255325317,57913,57923,10
13.0157699585,80.2256774902,57923,57933,10
13.0152997971,80.2258682251,57933,57943,10
13.01445961,80.2261962891,57943,57963,20
13.01445961,80.2261962891,57963,57973,10
13.0142002106,80.2262878418,57973,57983,10
13.0136804581,80.2264633179,57983,57993,10
13.0129699707,80.2267303467,57993,58003,10
13.0121297836,80.2270584106,58003,58014,11
13.0110301971,80.2274780273,58014,58024,10
13.0099897385,80.2278823853,58024,58034,10
13.0094604492,80.2276611328,58034,58044,10
13.0096597672,80.2272415161,58044,58054,10
13.0099496841,80.2266235352,58054,58064,10
13.010310173,80.2258300781,58064,58074,10
13.0106296539,80.2251205444,58074,58084,10
13.0108098984,80.2247085571,58084,58094,10
13.0110998154,80.2240829468,58094,58104,10
13.0114498138,80.2232666016,58104,58115,11
13.0118198395,80.2223129272,58115,58125,10
13.0120801926,80.2216873169,58125,58135,10
13.0121603012,80.2214584351,58135,58145,10
13.0122003555,80.2213287354,58145,58155,10
13.0122003555,80.2209701538,58155,58165,10
13.0119895935,80.2203521729,58165,58175,10
13.0117301941,80.219581604,58175,58185,10
13.0114603043,80.2187728882,58185,58195,10
13.0112400055,80.2181396484,58195,58205,10
13.0109796524,80.2175292969,58205,58215,10
13.0106601715,80.2168426514,58215,58226,11
13.0102100372,80.2160415649,58226,58236,10
13.0097999573,80.2152023315,58236,58246,10
13.00922966,80.2144165039,58246,58256,10
13.0086803436,80.2136688232,58256,58266,10
13.0082302094,80.2133407593,58266,58286,20
13.0082302094,80.2133407593,58286,58296,10
13.0079898834,80.213218689,58296,58377,81
13.0079898834,80.213218689,58377,58387,10
13.0076999664,80.2129592896,58387,58397,10
13.0072603226,80.2128067017,58397,58407,10
13.0066003799,80.2127532959,58407,58417,10
13.0058898926,80.2129974365,58417,58427,10
13.0051403046,80.2126312256,58427,58438,11
13.0043201447,80.2121887207,58438,58447,9
13.0035400391,80.2120666504,58447,58458,11
13.0029201508,80.2120895386,58458,58468,10
13.0026397705,80.212097168,58468,58478,10
13.0023698807,80.2121734619,58478,58488,10
13.0019397736,80.2124099731,58488,58498,10
13.0013399124,80.2128219604,58498,58508,10
13.000670433,80.2133636475,58508,58518,10
12.9999704361,80.2139968872,58518,58528,10
12.9995002747,80.2144012451,58528,58539,11
12.99903965,80.2147979736,58539,58549,10
12.9988002777,80.2150497437,58549,58559,10
12.9983100891,80.2154922485,58559,58569,10
12.9974002838,80.2163085938,58569,58589,20
12.9974002838,80.2163085938,58589,58599,10
12.9972000122,80.2164993286,58599,58609,10
12.9967403412,80.2165298462,58609,58619,10
12.9960699081,80.2166366577,58619,58629,10
12.9952402115,80.2169113159,58629,58640,11
12.9947299957,80.2172393799,58640,58650,10
12.9945201874,80.2173995972,58650,58660,10
12.994099617,80.2177200317,58660,58670,10
12.993470192,80.2181625366,58670,58680,10
12.9927997589,80.2186508179,58680,58690,10
12.9920301437,80.2192001343,58690,58700,10
12.9915304184,80.219581604,58700,58710,10
12.9911804199,80.2198181152,58710,58720,10
12.9907503128,80.2201385498,58720,58730,10
12.9906902313,80.220199585,58730,58740,10
12.9904298782,80.2203979492,58740,58750,10
12.9899997711,80.2207794189,58750,58761,11
12.9894399643,80.2214813232,58761,58771,10
12.9888801575,80.2221679688,58771,58781,10
12.9881000519,80.222869873,58781,58791,10
12.9874000549,80.2230911255,58791,58801,10
12.9869098663,80.2230224609,58801,58811,10
12.9863595963,80.2229614258,58811,58821,10
12.985619545,80.2230834961,58821,58831,10
12.9853601456,80.2232894897,58831,58841,10
12.9849395752,80.2231521606,58841,58851,10
12.9843196869,80.2228012085,58851,58862,11
12.9836902618,80.2224273682,58862,58872,10
12.9832897186,80.2221679688,58872,58882,10
12.9832000732,80.2221221924,58882,58892,10
12.9831399918,80.222076416,58892,58902,10
12.9829101563,80.2219467163,58902,58912,10
12.9824695587,80.2218017578,58912,58922,10
12.9819002151,80.2215118408,58922,58938,16
12.9808597565,80.2210083008,58938,58950,12
12.9797801971,80.2211074829,58950,58958,8
12.978969574,80.2211532593,58958,58968,10
12.9780902863,80.2211990356,58968,58982,14
12.9768896103,80.2212219238,58982,58992,10
12.9761600494,80.2212600708,58992,59002,10
12.9756402969,80.2210617065,59002,59052,50
12.9756402969,80.2210617065,59052,59075,23
12.9751901627,80.2207183838,59075,59088,13
12.9744796753,80.2203979492,59088,59098,10
12.9737300873,80.2200698853,59098,59106,8
12.9730501175,80.2198104858,59106,59117,11
12.9719200134,80.2194213867,59117,59128,11
12.9710798264,80.2191696167,59128,59139,11
12.9710502625,80.2191619873,59139,59151,12
12.9707098007,80.2189712524,59151,59161,10
12.9701299667,80.2186965942,59161,59171,10
12.969499588,80.2184524536,59171,59181,10
12.9688301086,80.2181930542,59181,59192,11
12.9680900574,80.2179031372,59192,59201,9
12.9674901962,80.2176513672,59201,59212,11
12.9666004181,80.2172927856,59212,59222,10
12.9655399323,80.2168579102,59222,59232,10
12.9643802643,80.2163925171,59232,59241,9
12.963640213,80.2160797119,59241,59252,11
12.9627599716,80.2156600952,59252,59263,11
12.9618597031,80.2153167725,59263,59272,9
12.9608402252,80.2149124146,59272,59282,10
12.9597597122,80.2145004272,59282,59293,11
12.9586496353,80.214050293,59293,59303,10
12.9575901031,80.2136306763,59303,59313,10
12.9565200806,80.2131881714,59313,59323,10
12.955450058,80.2127990723,59323,59333,10
12.954460144,80.2124023438,59333,59343,10
12.9537296295,80.212097168,59343,59353,10
12.9530200958,80.2118225098,59353,59363,10
12.9521903992,80.2115020752,59363,59373,10
12.9512195587,80.2111206055,59373,59383,10
12.9501895905,80.2107162476,59383,59394,11
12.9491796494,80.210319519,59394,59404,10
12.9483604431,80.2099990845,59404,59414,10
12.9474201202,80.2096176147,59414,59424,10
12.9462499619,80.2091598511,59424,59434,10
12.945110321,80.2087020874,59434,59444,10
12.9442596436,80.2083816528,59444,59454,10
12.9441604614,80.2083587646,59454,59464,10
12.943980217,80.2082595825,59464,59474,10
12.9434995651,80.2080535889,59474,59484,10
12.9429197311,80.2076263428,59484,59494,10
12.9423704147,80.2069625854,59494,59505,11
12.9415102005,80.2062683105,59505,59515,10
12.9410200119,80.2060012817,59515,59525,10
12.9409399033,80.205947876,59525,59535,10
12.9405603409,80.2058105469,59535,59545,10
12.9399595261,80.2056121826,59545,59555,10
12.9392595291,80.2053985596,59555,59565,10
12.9385004044,80.2051773071,59565,59575,10
12.9376602173,80.2049407959,59575,59585,10
12.936750412,80.2046813965,59585,59601,16
12.935259819,80.2041778564,59601,59614,13
12.9340200424,80.203918457,59614,59624,10
12.9337100983,80.203918457,59624,59634,10
12.9336204529,80.2039108276,59634,59644,10
12.9332399368,80.2038421631,59644,59654,10
12.9326696396,80.2035903931,59654,59664,10
12.9320201874,80.2033691406,59664,59674,10
12.9312000275,80.203086853,59674,59684,10
12.9302797318,80.2028579712,59684,59694,10
12.9294996262,80.2027664185,59694,59704,10
12.9294500351,80.2027664185,59704,59715,11
12.9292201996,80.2027282715,59715,59725,10
12.928850174,80.2026672363,59725,59735,10
12.9287004471,80.2026290894,59735,59745,10
12.9284696579,80.2022781372,59745,59755,10
12.9284496307,80.2015380859,59755,59765,10
12.9284200668,80.2005996704,59765,59775,10
12.9282302856,80.1995162964,59775,59785,10
12.9277095795,80.1984710693,59785,59795,10
12.9268302917,80.1977386475,59795,59805,10
12.925860405,80.197517395,59805,59815,10
12.9253797531,80.197517395,59815,59826,11
12.924949646,80.1975021362,59826,59836,10
12.9242696762,80.1975021362,59836,59846,10
12.9234895706,80.1974716187,59846,59856,10
12.9225902557,80.1973571777,59856,59866,10
12.9220304489,80.197303772,59866,59876,10
12.9219799042,80.1972579956,59876,59886,10
12.9216804504,80.1971588135,59886,59896,10
12.9212198257,80.1969985962,59896,59906,10
12.9205999374,80.1967773438,59906,59916,10
12.9198904037,80.1965332031,59916,59927,11
12.9191598892,80.1961364746,59927,59937,10
12.9186000824,80.1956710815,59937,59947,10
12.918009758,80.1951293945,59947,59957,10
12.9173698425,80.1945266724,59957,59967,10
12.9170398712,80.1940078735,59967,59977,10
12.9169998169,80.1934890747,59977,59987,10
12.9170598984,80.1929016113,59987,59997,10
12.917140007,80.1922836304,59997,60007,10
12.9172697067,80.1913528442,60007,60038,31
12.9172697067,80.1913528442,60038,60048,10
12.9173297882,80.1911468506,60048,60058,10
12.9173603058,80.1907196045,60058,60068,10
12.9173803329,80.1902923584,60068,60078,10
12.9175100327,80.1897277832,60078,60088,10
12.9178104401,80.1890335083,60088,60098,10
12.9183702469,80.1883163452,60098,60108,10
12.9185400009,80.1881103516,60108,60118,10
12.9187402725,80.1879196167,60118,60129,11
12.919210434,80.1874008179,60129,60139,10
12.9197998047,80.1867370605,60139,60149,10
12.9204998016,80.1859130859,60149,60159,10
12.9204702377,80.1848526001,60159,60169,10
12.9202299118,80.1838378906,60169,60179,10
12.9199104309,80.1824798584,60179,60199,20
12.9199104309,80.1824798584,60199,60209,10
12.9198703766,80.1822662354,60209,60219,10
12.9197597504,80.1817703247,60219,60229,10
12.9196195602,80.181098938,60229,60240,11
12.9194402695,80.1802215576,60240,60250,10
12.9191398621,80.1793136597,60250,60260,10
12.918510437,80.1784362793,60260,60270,10
12.9182195663,80.1773910522,60270,60280,10
12.918419838,80.1763381958,60280,60290,10
12.9186897278,80.17527771,60290,60300,10
12.9189596176,80.174118042,60300,60310,10
12.9192495346,80.1729431152,60310,60320,10
12.9195404053,80.171913147,60320,60330,10
12.9197502136,80.1710662842,60330,60340,10
12.9198102951,80.1708984375,60340,60351,11
12.9198904037,80.1707077026,60351,60361,10
12.9200601578,80.1701812744,60361,60371,10
12.92029953,80.169418335,60371,60381,10
12.9205904007,80.1684799194,60381,60391,10
12.9208402634,80.167678833,60391,60401,10
12.9209604263,80.1673126221,60401,60411,10
12.9211196899,80.1667785645,60411,60421,10
12.9214601517,80.1657867432,60421,60431,10
12.9217996597,80.1647720337,60431,60441,10
12.9221401215,80.1636581421,60441,60452,11
12.922539711,80.1624298096,60452,60462,10
12.9228801727,80.1613311768,60462,60472,10
12.9231004715,80.1605529785,60472,60482,10
12.923119545,80.1605300903,60482,60492,10
12.9232196808,80.1602172852,60492,60502,10
12.923330307,80.1596069336,60502,60512,10
12.9234199524,80.1587295532,60512,60522,10
12.9235200882,80.1576919556,60522,60532,10
12.923620224,80.1566009521,60532,60542,10
12.9235801697,80.1556015015,60542,60552,10
12.9233999252,80.1549987793,60552,60562,10
12.9233999252,80.1549835205,60562,60573,11
12.9233798981,80.1548690796,60573,60583,10
12.9232997894,80.1545028687,60583,60593,10
12.9231395721,80.1538772583,60593,60603,10
12.9229602814,80.1531219482,60603,60613,10
12.9227695465,80.1524505615,60613,60623,10
12.9226999283,80.1520614624,60623,60633,10
12.9226703644,80.1514205933,60633,60643,10
12.9226398468,80.1506118774,60643,60653,10
12.9226198196,80.1496582031,60653,60663,10
12.9225702286,80.1488037109,60663,60674,11
12.9225597382,80.1479034424,60674,60684,10
12.9225597382,80.1472473145,60684,60694,10
12.922539711,80.146812439,60694,60704,10
12.922539711,80.1466217041,60704,60714,10
12.922539711,80.1460800171,60714,60724,10
12.9224996567,80.1453170776,60724,60734,10
12.9224796295,80.1444168091,60734,60744,10
12.9224500656,80.1433105469,60744,60795,51
12.9224500656,80.1433105469,60795,60805,10
12.9224596024,80.1430282593,60805,60815,10
12.9224395752,80.1426391602,60815,60825,10
12.922419548,80.1421890259,60825,60835,10
12.922419548,80.1417312622,60835,60845,10
12.9223604202,80.1413726807,60845,60855,10
12.9223604202,80.1412811279,60855,60865,10
12.922369957,80.14087677,60865,60875,10
12.9223804474,80.1402587891,60875,60886,11
12.922369957,80.1393966675,60886,60896,10
12.9224004745,80.1385421753,60896,60906,10
12.9224500656,80.1376876831,60906,60916,10
12.9225101471,80.1367034912,60916,60926,10
12.9225502014,80.1356887817,60926,60936,10
12.9225702286,80.1348419189,60936,60946,10
12.9226198196,80.1340713501,60946,60956,10
12.922659874,80.1332778931,60956,60966,10
12.922659874,80.1328125,60966,60976,10
12.9226903915,80.1322174072,60976,60986,10
12.9227199554,80.1314315796,60986,60997,11
12.922750473,80.1304473877,60997,61007,10
12.9227895737,80.1297836304,61007,61017,10
12.9228200912,80.1292724609,61017,61027,10
12.9228601456,80.1287078857,61027,61037,10
12.9228496552,80.1282806396,61037,61047,10
12.9229001999,80.1275634766,61047,61057,10
12.9229202271,80.1267623901,61057,61067,10
12.9229297638,80.1257705688,61067,61077,10
12.9230098724,80.1246490479,61077,61087,10
12.9230604172,80.1234893799,61087,61098,11
12.9231100082,80.1222076416,61098,61108,10
12.9231700897,80.1211929321,61108,61118,10
12.9231996536,80.1206130981,61118,61158,40
12.9231996536,80.1206130981,61158,61168,10
12.9232597351,80.120552063,61168,61178,10
12.9232797623,80.1202468872,61178,61188,10
12.9233102798,80.119720459,61188,61198,10
12.9233102798,80.1189575195,61198,61209,11
12.9233903885,80.1181182861,61209,61218,9
12.9234800339,80.1173782349,61218,61228,10
12.9234895706,80.1168365479,61228,61239,11
12.9235801697,80.1168365479,61239,61249,10
12.9236001968,80.1170501709,61249,61259,10
12.9235401154,80.1173019409,61259,61471,212
12.9235401154,80.1173019409,61471,61481,10
12.9233102798,80.11743927,61481,61804,323
12.9233102798,80.11743927,61804,61814,10
12.9234800339,80.1176071167,61814,61824,10
12.9235801697,80.1178588867,61824,61834,10
12.9235200882,80.118309021,61834,61845,11
12.9234895706,80.1189193726,61845,61855,10
12.9234199524,80.1195220947,61855,61865,10
12.9233598709,80.1203536987,61865,61925,60
12.9233598709,80.1203536987,61925,61935,10
12.9233398438,80.1206283569,61935,61946,11
12.9233102798,80.120880127,61946,62036,90
12.9233102798,80.120880127,62036,62046,10
12.9232397079,80.1211700439,62046,62057,11
12.9231901169,80.1216506958,62057,62067,10
12.9231595993,80.1222381592,62067,62077,10
12.923119545,80.1229782104,62077,62087,10
12.9231100082,80.1238479614,62087,62096,9
12.9230804443,80.1246109009,62096,62107,11
12.9230499268,80.1254501343,62107,62157,50
12.9230499268,80.1254501343,62157,62168,11
12.9230003357,80.1256790161,62168,62178,10
12.9229698181,80.126121521,62178,62188,10
12.922949791,80.1267776489,62188,62198,10
12.9229202271,80.127456665,62198,62208,10
12.9229001999,80.1279296875,62208,62218,10
12.9228801727,80.1283187866,62218,62228,10
12.9228496552,80.1287765503,62228,62238,10
12.9228401184,80.1290893555,62238,62248,10
12.9228401184,80.1292114258,62248,62258,10
12.922829628,80.1293563843,62258,62269,11
12.9228096008,80.1296234131,62269,62279,10
12.9227800369,80.1299209595,62279,62289,10
12.9227695465,80.1303482056,62289,62299,10
12.9227600098,80.1306610107,62299,62309,10
12.9227695465,80.1307220459,62309,62319,10
12.9227895737,80.1308670044,62319,62329,10
12.9227800369,80.1309890747,62329,62339,10
12.9227600098,80.1313171387,62339,62349,10
12.9227695465,80.1316986084,62349,62380,31
12.9227695465,80.1316986084,62380,62390,10
12.9227104187,80.1321563721,62390,62400,10
12.9226799011,80.1327819824,62400,62410,10
12.9226503372,80.1336135864,62410,62420,10
12.9225997925,80.1345672607,62420,62430,10
12.9225597382,80.1354980469,62430,62440,10
12.9225196838,80.1364593506,62440,62450,10
12.9224796295,80.1373062134,62450,62460,10
12.9224395752,80.1380691528,62460,62470,10
12.9224004745,80.1386489868,62470,62481,11
12.9223804474,80.1394500732,62481,62491,10
12.9224004745,80.1400299072,62491,62501,10
12.9224100113,80.1402664185,62501,62511,10
12.9224100113,80.1407394409,62511,62521,10
12.922419548,80.1414718628,62521,62531,10
12.9224395752,80.1420898438,62531,62541,10
12.9224500656,80.1424484253,62541,62551,10
12.9224996567,80.1429367065,62551,62561,10
12.9224996567,80.1432418823,62561,62569,8
12.9225196838,80.1435012817,62569,62592,23
12.9225196838,80.1435012817,62592,62602,10
12.9225502014,80.1436233521,62602,62612,10
12.922539711,80.1436691284,62612,62622,10
12.9225101471,80.1440200806,62622,62632,10
12.9225101471,80.1446533203,62632,62642,10
12.9225301743,80.1454696655,62642,62652,10
12.9225702286,80.1463623047,62652,62662,10
12.9226102829,80.1470565796,62662,62672,10
12.9225997925,80.1473999023,62672,62682,10
12.9225997925,80.1475219727,62682,62693,11
12.9226102829,80.1480331421,62693,62703,10
12.9225902557,80.1487808228,62703,62713,10
12.9226503372,80.1497268677,62713,62723,10
12.9226903915,80.1508026123,62723,62733,10
12.9227399826,80.1514663696,62733,62743,10
12.922750473,80.1521072388,62743,62753,10
12.9229001999,80.1528701782,62753,62763,10
12.9231300354,80.1537475586,62763,62773,10
12.9234399796,80.1547622681,62773,62793,20
12.9234399796,80.1547622681,62793,62804,11
12.9234600067,80.1550674438,62804,62814,10
12.9236097336,80.1556625366,62814,62824,10
12.9236602783,80.1564865112,62824,62834,10
12.9236001968,80.1571426392,62834,62844,10
12.9235401154,80.1578063965,62844,62854,10
12.9234600067,80.1586227417,62854,62864,10
12.9233703613,80.1595687866,62864,62874,10
12.9232902527,80.1603622437,62874,62884,10
12.9232702255,80.1604614258,62884,62894,10
12.9231100082,80.1608734131,62894,62904,10
12.9228801727,80.1615829468,62904,62915,11
12.9225597382,80.1625671387,62915,62925,10
12.9222097397,80.1636199951,62925,62935,10
12.9214601517,80.1660385132,62935,62945,10
12.9214601517,80.1660385132,62945,62955,10
12.9210700989,80.1672515869,62955,62965,10
12.9208202362,80.1680831909,62965,62975,10
12.9205703735,80.1687774658,62975,62985,10
12.9203195572,80.169631958,62985,62995,10
12.9200201035,80.1706237793,62995,63006,11
12.9199199677,80.1709899902,63006,63018,12
12.9198799133,80.1710968018,63018,63027,9
12.9197597504,80.1714172363,63027,63038,11
12.9195804596,80.1720199585,63038,63048,10
12.9194002151,80.1727523804,63048,63058,10
12.9191703796,80.1735992432,63058,63068,10
12.9189300537,80.1745834351,63068,63078,10
12.918680191,80.1756820679,63078,63088,10
12.9184303284,80.1767196655,63088,63098,10
12.9182596207,80.1778030396,63098,63108,10
12.9187698364,80.1787567139,63108,63119,11
12.9193897247,80.1798629761,63119,63129,10
12.9196195602,80.181060791,63129,63139,10
12.9199104309,80.1822662354,63139,63148,9
12.9201498032,80.183380127,63148,63159,11
12.9204101563,80.1844482422,63159,63169,10
12.920630455,80.1852874756,63169,63179,10
12.9206800461,80.1855316162,63179,63189,10
12.9206800461,80.1855621338,63189,63199,10
12.9205999374,80.1858673096,63199,63209,10
12.9202203751,80.1863632202,63209,63219,10
12.9196996689,80.1869430542,63219,63230,11
12.9190502167,80.1876983643,63230,63240,10
12.9185199738,80.1882629395,63240,63250,10
12.9179496765,80.188911438,63250,63260,10
12.917550087,80.189743042,63260,63270,10
12.9173803329,80.1907424927,63270,63280,10
12.9172801971,80.19165802,63280,63290,10
12.9172296524,80.1922683716,63290,63300,10
12.917090416,80.1932067871,63300,63361,61
12.917090416,80.1932067871,63361,63371,10
12.9169597626,80.193397522,63371,63381,10
12.9169998169,80.1937866211,63381,63391,10
12.9171695709,80.1942596436,63391,63401,10
12.917599678,80.1947631836,63401,63411,10
12.9181404114,80.1952667236,63411,63421,10
12.9187898636,80.1958465576,63421,63431,10
12.9195299149,80.1963806152,63431,63442,11
12.920539856,80.196762085,63442,63452,10
12.9211797714,80.1969680786,63452,63462,10
12.9219303131,80.1972427368,63462,63472,10
12.9228200912,80.1973876953,63472,63482,10
12.9232997894,80.1974411011,63482,63492,10
12.923500061,80.197479248,63492,63502,10
12.9239196777,80.197517395,63502,63512,10
12.9245500565,80.1975097656,63512,63522,10
12.9252300262,80.1975021362,63522,63532,10
12.9255304337,80.1975097656,63532,63543,11
12.9261598587,80.1975402832,63543,63553,10
12.9265203476,80.1976089478,63553,63563,10
12.9269895554,80.1978225708,63563,63573,10
12.9275798798,80.1982269287,63573,63583,10
12.9279603958,80.1988220215,63583,63593,10
12.9282999039,80.1996002197,63593,63603,10
12.9284696579,80.2005767822,63603,63613,10
12.9285001755,80.2015228271,63613,63623,10
12.9285497665,80.2023925781,63623,63633,10
12.9292097092,80.2027435303,63633,63643,10
12.929479599,80.2027587891,63643,63654,11
12.9296503067,80.202796936,63654,63664,10
12.9301595688,80.2028579712,63664,63674,10
12.9308795929,80.2030029297,63674,63684,10
12.9317398071,80.2032775879,63684,63694,10
12.9326696396,80.2035675049,63694,63704,10
12.9333600998,80.2038269043,63704,63714,10
12.9339799881,80.2038879395,63714,63744,30
12.9339799881,80.2038879395,63744,63755,11
12.934220314,80.203918457,63755,63765,10
12.9346904755,80.2039794922,63765,63775,10
12.9350204468,80.2040405273,63775,63785,10
12.9352903366,80.2041473389,63785,63795,10
12.9358701706,80.2043991089,63795,63805,10
12.9365501404,80.2045974731,63805,63815,10
12.9373197556,80.2048187256,63815,63825,10
12.9381999969,80.2050704956,63825,63835,10
12.9388599396,80.2052764893,63835,63845,10
12.9396495819,80.2055206299,63845,63855,10
12.9400196075,80.205619812,63855,63866,11
12.9400997162,80.2056503296,63866,63876,10
12.9405603409,80.2058029175,63876,63886,10
12.9411401749,80.2060317993,63886,63896,10
12.9418401718,80.2064666748,63896,63906,10
12.9425601959,80.2070770264,63906,63916,10
12.9431200027,80.2077865601,63916,63926,10
12.9436998367,80.2081375122,63926,63936,10
12.9440202713,80.2082595825,63936,63946,10
12.9444198608,80.2083969116,63946,63956,10
12.9444503784,80.2084121704,63956,63967,11
12.9447002411,80.2085189819,63967,63977,10
12.9452600479,80.208732605,63977,63987,10
12.9460296631,80.2090072632,63987,63997,10
12.9468603134,80.2093429565,63997,64007,10
12.9476099014,80.2096405029,64007,64017,10
12.9483203888,80.2099304199,64017,64027,10
12.9491100311,80.2102432251,64027,64037,10
12.9501399994,80.2106628418,64037,64047,10
12.9512500763,80.2110977173,64047,64057,10
12.9522695541,80.2115097046,64057,64067,10
12.9529695511,80.2117767334,64067,64078,11
12.9535503387,80.212020874,64078,64088,10
12.9542198181,80.2122802734,64088,64098,10
12.9551095963,80.2126312256,64098,64108,10
12.9559803009,80.2129364014,64108,64118,10
12.9564399719,80.2131195068,64118,64134,16
12.9575395584,80.2135620117,64134,64146,12
12.9585599899,80.2139587402,64146,64154,8
12.9590301514,80.2141494751,64154,64165,11
12.959690094,80.2144088745,64165,64176,11
12.9605197906,80.2147827148,64176,64187,11
12.9615898132,80.2152023315,64187,64197,10
12.9624300003,80.2155227661,64197,64207,10
12.9632701874,80.2158508301,64207,64217,10
12.9638204575,80.2160797119,64217,64226,9
12.9644498825,80.2163619995,64226,64237,11
12.965379715,80.2167434692,64237,64247,10
12.9662303925,80.2170715332,64247,64257,10
12.9669303894,80.2173461914,64257,64267,10
12.9676904678,80.2176513672,64267,64277,10
12.9681396484,80.2178268433,64277,64288,11
12.9689998627,80.2181625366,64288,64298,10
12.9699802399,80.2185592651,64298,64308,10
12.9709501266,80.2189102173,64308,64318,10
12.9710998535,80.218963623,64318,64328,10
12.9713001251,80.2190475464,64328,64338,10
12.9717998505,80.21925354,64338,64348,10
12.9723100662,80.2194595337,64348,64358,10
12.9729003906,80.2196884155,64358,64368,10
12.9735403061,80.2199630737,64368,64378,10
12.9741601944,80.2202224731,64378,64389,11
12.974650383,80.220451355,64389,64399,10
12.9746799469,80.2204589844,64399,64409,10
12.9747495651,80.2205200195,64409,64419,10
12.9749002457,80.2205886841,64419,64429,10
12.9750900269,80.2206573486,64429,64439,10
12.9754104614,80.2208023071,64439,64449,10
12.9756097794,80.2209777832,64449,64459,10
12.9761600494,80.221282959,64459,64489,30
12.9761600494,80.221282959,64489,64500,11
12.9763002396,80.2212677002,64500,64510,10
12.9767398834,80.2212524414,64510,64520,10
12.9773797989,80.2212295532,64520,64530,10
12.977930069,80.2212219238,64530,64540,10
12.9785604477,80.2211837769,64540,64550,10
12.9792804718,80.2211380005,64550,64560,10
12.9797201157,80.2210998535,64560,64570,10
12.9803600311,80.2210464478,64570,64580,10
12.9811000824,80.2210769653,64580,64590,10
12.9818496704,80.2215423584,64590,64600,10
12.9824304581,80.2218170166,64600,64611,11
12.9829702377,80.2220077515,64611,64631,20
12.9829702377,80.2220077515,64631,64641,10
12.9832496643,80.2221984863,64641,64650,9
12.9835996628,80.2224502563,64650,64661,11
12.9839496613,80.2226409912,64661,64671,10
12.9845695496,80.2230300903,64671,64681,10
12.9851799011,80.2233200073,64681,64691,10
12.9856100082,80.2231292725,64691,64701,10
12.9862003326,80.2230224609,64701,64712,11
12.9868497849,80.2230606079,64712,64722,10
12.9874200821,80.2231292725,64722,64732,10
12.9879398346,80.2229766846,64732,64742,10
12.9884500504,80.2225723267,64742,64752,10
12.9890403748,80.2220001221,64752,64762,10
12.9895496368,80.2212982178,64762,64772,10
12.9898195267,80.2209625244,64772,64782,10
12.9898500443,80.2208786011,64782,64792,10
12.9901399612,80.2205963135,64792,64802,10
12.9904403687,80.2203216553,64802,64812,10
12.990530014,80.2202529907,64812,64829,17
12.9909296036,80.2199401855,64829,64841,12
12.9913196564,80.219619751,64841,64851,10
12.9913902283,80.219581604,64851,64860,9
12.9917201996,80.2193374634,64860,64871,11
12.9923696518,80.2188568115,64871,64880,9
12.992939949,80.2184524536,64880,64891,11
12.9937896729,80.2178421021,64891,64899,8
12.9941797256,80.2175598145,64899,64911,12
12.9947795868,80.2171325684,64911,64922,11
12.9953403473,80.2167816162,64922,64932,10
12.9959096909,80.2165908813,64932,64942,10
12.9966201782,80.216468811,64942,64952,10
12.9971599579,80.2164001465,64952,64962,10
12.9975204468,80.2160415649,64962,64992,30
12.9975204468,80.2160415649,64992,65002,10
12.9977397919,80.2158508301,65002,65012,10
12.998049736,80.2155990601,65012,65022,10
12.9983196259,80.2153396606,65022,65033,11
12.9983797073,80.2152786255,65033,65043,10
12.9984397888,80.2152099609,65043,65053,10
12.9987201691,80.2150192261,65053,65063,10
12.9990797043,80.2147293091,65063,65073,10
12.9992904663,80.2145614624,65073,65083,10
12.9997301102,80.2142105103,65083,65093,10
13.0000600815,80.2139205933,65093,65103,10
13.0006599426,80.2133178711,65103,65113,10
13.0012397766,80.212890625,65113,65123,10
13.0017795563,80.2125167847,65123,65133,10
13.0023603439,80.2121734619,65133,65144,11
13.0029096603,80.2120819092,65144,65154,10
13.003490448,80.2120666504,65154,65164,10
13.0040302277,80.2120513916,65164,65174,10
13.004699707,80.2123184204,65174,65184,10
13.0053596497,80.2127380371,65184,65194,10
13.0061502457,80.2128372192,65194,65204,10
13.0067396164,80.2127532959,65204,65245,41
13.0067396164,80.2127532959,65245,65255,10
13.0071401596,80.2127609253,65255,65295,40
13.0071401596,80.2127609253,65295,65305,10
13.0074100494,80.2128067017,65305,65315,10
13.0076398849,80.2128677368,65315,65366,51
13.0076398849,80.2128677368,65366,65376,10
13.0079402924,80.2131271362,65376,65386,10
13.0081396103,80.213218689,65386,65396,10
13.0085000992,80.2133789063,65396,65406,10
13.008890152,80.2138824463,65406,65416,10
13.0093202591,80.2144699097,65416,65426,10
13.0096302032,80.2149734497,65426,65436,10
13.0099401474,80.21534729,65436,65446,10
13.0103998184,80.2159423828,65446,65457,11
13.0107498169,80.2167205811,65457,65467,10
13.0110797882,80.2175369263,65467,65477,10
13.0113601685,80.2183380127,65477,65487,10
13.0116996765,80.2193069458,65487,65497,10
13.0120000839,80.2202835083,65497,65507,10
13.012339592,80.2211074829,65507,65523,16
13.0127096176,80.2218017578,65523,65535,12
13.0131196976,80.2222824097,65535,65543,8
13.0133600235,80.2225799561,65543,65555,12
13.0138502121,80.2231826782,65555,65566,11
13.014169693,80.2235794067,65566,65575,9
13.0143604279,80.2238311768,65575,65585,10
13.0147695541,80.2242965698,65585,65596,11
13.0152902603,80.2248687744,65596,65605,9
13.0153799057,80.224937439,65605,65616,11
13.0155296326,80.225112915,65616,65626,10
13.0160198212,80.2253570557,65626,65636,10
13.0167398453,80.2252426147,65636,65646,10
13.017539978,80.224899292,65646,65656,10
13.0184602737,80.2245178223,65656,65667,11
13.0193004608,80.2243423462,65667,65677,10
13.0195398331,80.2243881226,65677,65687,10
13.019610405,80.2244262695,65687,65697,10
13.0197896957,80.2245483398,65697,65707,10
13.0201702118,80.224861145,65707,65717,10
13.0207996368,80.2253036499,65717,65727,10
13.0215196609,80.2258377075,65727,65737,10
13.0220403671,80.226272583,65737,65747,10
13.0224199295,80.2265625,65747,65757,10
13.0225296021,80.2266616821,65757,65767,10
13.0229101181,80.2270278931,65767,65777,10
13.0234699249,80.2275466919,65777,65788,11
13.0240602493,80.2281723022,65788,65798,10
13.0242099762,80.2283477783,65798,65808,10
13.024430275,80.2286605835,65808,65818,10
13.0248298645,80.2292327881,65818,65828,10
13.0256204605,80.2302780151,65828,65858,30
13.0256204605,80.2302780151,65858,65869,11
13.025639534,80.2302932739,65869,65879,10
13.0257396698,80.2304763794,65879,65889,10
13.0258598328,80.230682373,65889,65899,10
13.0259504318,80.2308883667,65899,65909,10
13.0259799957,80.2310333252,65909,65919,10
13.0260400772,80.2312774658,65919,65929,10
13.0264596939,80.2312164307,65929,65939,10
13.0272102356,80.2310562134,65939,65949,10
13.0278196335,80.2309265137,65949,65990,41
13.0278196335,80.2309265137,65990,66000,10
13.0281600952,80.2309036255,66000,66010,10
13.0285396576,80.2308578491,66010,66020,10
13.0289402008,80.2308425903,66020,66030,10
13.0293102264,80.2308120728,66030,66040,10
13.029709816,80.230758667,66040,66050,10
13.0298500061,80.2307510376,66050,66060,10
13.030090332,80.23072052,66060,66070,10
13.0304203033,80.2307128906,66070,66080,10
13.0307798386,80.2306976318,66080,66091,11
13.0312204361,80.2306671143,66091,66101,10
13.0317201614,80.2306213379,66101,66111,10
13.0322303772,80.2305908203,66111,66121,10
13.0327301025,80.2305526733,66121,66131,10
13.0333404541,80.2305221558,66131,66141,10
13.0338602066,80.2304763794,66141,66210,69
13.0338602066,80.2304763794,66210,66220,10
13.0341501236,80.2304611206,66220,66230,10
13.0343704224,80.230430603,66230,66240,10
13.0346403122,80.2303466797,66240,66248,8
13.0346899033,80.2303314209,66248,66260,12
13.0349502563,80.2301483154,66260,66270,10
13.0346899033,80.2298736572,66270,66876,606
13.0344600677,80.2297973633,66876,67150,274
13.0342702866,80.2298431396,67150,67483,333
13.0342702866,80.2298431396,67483,67493,10
13.034070015,80.2302627563,67493,67503,10
13.0340595245,80.2303085327,67503,67513,10
13.0339097977,80.2304000854,67513,67523,10
13.0334796906,80.2304000854,67523,67533,10
13.0327596664,80.2304382324,67533,67543,10
13.0320997238,80.2305221558,67543,67553,10
13.0315704346,80.2305831909,67553,67564,11
13.03125,80.2306289673,67564,67574,10
13.0309495926,80.2306365967,67574,67584,10
13.0307598114,80.2306594849,67584,67594,10
13.0306100845,80.230682373,67594,67604,10
13.0302801132,80.2307434082,67604,67614,10
13.0298299789,80.2307891846,67614,67624,10
13.0295696259,80.2308273315,67624,67634,10
13.0290603638,80.230796814,67634,67644,10
13.0284204483,80.2309112549,67644,67654,10
13.0278902054,80.2309570313,67654,67664,10
13.0276699066,80.2311630249,67664,67674,10
13.027680397,80.2316665649,67674,67685,11
13.0277700424,80.2323074341,67685,67695,10
13.0277900696,80.2328033447,67695,67705,10
13.0272798538,80.2328720093,67705,67715,10
13.0267801285,80.232963562,67715,67725,10
13.0265102386,80.2329177856,67725,67735,10
13.0263700485,80.2327575684,67735,67745,10
13.0263004303,80.2325820923,67745,67755,10
13.0262699127,80.2324981689,67755,67765,10
13.0262403488,80.2323074341,67765,67776,11
13.0261802673,80.2321624756,67776,67786,10
13.0261096954,80.231918335,67786,67796,10
13.0260601044,80.2317504883,67796,67806,10
13.0259799957,80.2315292358,67806,67816,10
13.0259199142,80.2313232422,67816,67826,10
13.0257797241,80.2307815552,67826,67836,10
13.0254001617,80.2300415039,67836,67846,10
13.0245399475,80.2289581299,67846,67877,31
13.0245399475,80.2289581299,67877,67887,10
13.0244102478,80.2287368774,67887,67897,10
13.0240697861,80.2283401489,67897,67907,10
13.0235795975,80.2277679443,67907,67917,10
13.0231399536,80.2274627686,67917,68018,101
13.0231399536,80.2274627686,68018,68028,10
13.0227203369,80.2270965576,68028,68038,10
13.0225496292,80.2267608643,68038,68048,10
13.0221395493,80.2263793945,68048,68058,10
13.0215301514,80.2258987427,68058,68068,10
13.0208997726,80.2254180908,68068,68078,10
13.0204601288,80.225112915,68078,68089,11
13.0200996399,80.2249069214,68089,68099,10
13.0199403763,80.224822998,68099,68109,10
13.0195999146,80.224571228,68109,68119,10
13.0188999176,80.2244033813,68119,68129,10
13.0180997849,80.2246627808,68129,68139,10
13.0173301697,80.2249984741,68139,68149,10
13.0167999268,80.225227356,68149,68159,10
13.0165901184,80.2253036499,68159,68169,10
13.0164203644,80.2253723145,68169,68179,10
13.0161399841,80.2254714966,68179,68189,10
13.0157003403,80.2256164551,68189,68200,11
13.0149898529,80.2258834839,68200,68210,10
13.0143604279,80.2261199951,68210,68220,10
13.0141897202,80.2261962891,68220,68230,10
13.0141201019,80.2261962891,68230,68240,10
13.013759613,80.226348877,68240,68250,10
13.0131702423,80.2265472412,68250,68260,10
13.0124197006,80.2268295288,68260,68270,10
13.0115604401,80.227180481,68270,68280,10
13.01060009,80.2275619507,68280,68290,10
13.0097703934,80.2278594971,68290,68301,11
13.0094995499,80.2273788452,68301,68311,10
13.0097999573,80.2267837524,68311,68321,10
13.0101604462,80.226020813,68321,68331,10
13.0105104446,80.225227356,68331,68341,10
13.0108003616,80.2245483398,68341,68351,10
13.0111999512,80.2235107422,68351,68391,40
13.0111999512,80.2235107422,68391,68402,11
13.011179924,80.2230987549,68402,68412,10
13.0114402771,80.2226867676,68412,68422,10
13.0116701126,80.2220230103,68422,68432,10
13.0120096207,80.221321106,68432,68442,10
13.0120601654,80.2208633423,68442,68452,10
13.0118598938,80.2202682495,68452,68462,10
13.0116100311,80.2194900513,68462,68472,10
13.0113601685,80.2186584473,68472,68482,10
13.011059761,80.2178192139,68482,68492,10
13.0107603073,80.2171325684,68492,68502,10
13.0105495453,80.2166671753,68502,68513,11
13.0102396011,80.2160568237,68513,68533,20
13.0102396011,80.2160568237,68533,68543,10
13.010140419,80.2159118652,68543,68553,10
13.0100803375,80.2157363892,68553,68563,10
13.0100097656,80.2155914307,68563,68614,51
13.0100097656,80.2155914307,68614,68624,10
13.009929657,80.215461731,68624,68634,10
13.0098495483,80.2152786255,68634,68644,10
13.0096902847,80.2150115967,68644,68654,10
13.0095100403,80.2147827148,68654,68664,10
13.0093803406,80.2145996094,68664,68674,10
13.0092601776,80.2144393921,68674,68684,10
13.0092000961,80.2143478394,68684,68694,10
13.009059906,80.2141799927,68694,68704,10
13.0089302063,80.2139892578,68704,68714,10
13.0087795258,80.2137908936,68714,68724,10
13.0085401535,80.2135391235,68724,68755,31
13.0085401535,80.2135391235,68755,68765,10
13.0083503723,80.2133712769,68765,68775,10
13.0081300735,80.2132797241,68775,68805,30
13.007900238,80.2131271362,68805,68846,41
13.007900238,80.2131271362,68846,68856,10
13.0078201294,80.2130432129,68856,68866,10
13.0077495575,80.2129821777,68866,68876,10
13.0076599121,80.212890625,68876,68886,10
13.0073795319,80.2127609253,68886,68896,10
13.0069503784,80.2127075195,68896,68906,10
13.006310463,80.2127075195,68906,68916,10
13.0057401657,80.2128982544,68916,68926,10
13.0051403046,80.212562561,68926,68937,11
13.0044498444,80.2122116089,68937,68947,10
13.0037202835,80.2120132446,68947,68957,10
13.0031795502,80.2119903564,68957,68967,10
13.0027303696,80.2119827271,68967,68977,10
13.0024204254,80.2120666504,68977,68993,16
13.0017795563,80.2124176025,68993,69005,12
13.0012702942,80.2128295898,69005,69015,10
13.0009098053,80.2131195068,69015,69026,11
13.000459671,80.2135162354,69026,69036,10
12.9999799728,80.2139587402,69036,69047,11
12.9995298386,80.2143630981,69047,69057,10
12.9991598129,80.2147064209,69057,69067,10
12.9989404678,80.2148971558,69067,69077,10
12.9985103607,80.2152862549,69077,69087,10
12.9976100922,80.2161026001,69087,69117,30
12.9976100922,80.2161026001,69117,69127,10
12.9974002838,80.2162322998,69127,69138,11
12.997010231,80.216468811,69138,69148,10
12.9965896606,80.2164993286,69148,69158,10
12.9962596893,80.2165679932,69158,69168,10
12.9960298538,80.2165985107,69168,69178,10
12.995880127,80.2166290283,69178,69188,10
12.9956102371,80.2166976929,69188,69198,10
12.9954204559,80.216758728,69198,69208,10
12.9952201843,80.2168579102,69208,69218,10
12.9950399399,80.2169876099,69218,69228,10
12.9947004318,80.2172393799,69228,69238,10
12.9942798615,80.2175292969,69238,69248,10
12.9939002991,80.2177810669,69248,69259,11
12.9932899475,80.218208313,69259,69269,10
12.9928102493,80.2185974121,69269,69279,10
12.992190361,80.2190704346,69279,69289,10
12.9916601181,80.2193984985,69289,69299,10
12.9913597107,80.2196426392,69299,69309,10
12.9907903671,80.2200698853,69309,69329,20
12.9907903671,80.2200698853,69329,69339,10
12.9905595779,80.2202072144,69339,69349,10
12.9901399612,80.2205963135,69349,69360,11
12.9895601273,80.2211227417,69360,69370,10
12.9892196655,80.2216110229,69370,69380,10
12.9888896942,80.2219619751,69380,69390,10
12.988530159,80.2223434448,69390,69400,10
12.9880304337,80.2228012085,69400,69410,10
12.9872903824,80.2229995728,69410,69420,10
12.9870300293,80.2229766846,69420,69430,10
12.9868297577,80.2229614258,69430,69440,10
12.9865903854,80.2229232788,69440,69450,10
12.9860496521,80.2228927612,69450,69466,16
12.9854402542,80.2232131958,69466,69479,13
12.9849700928,80.2231292725,69479,69489,10
12.9843797684,80.2228164673,69489,69499,10
12.9840898514,80.2226409912,69499,69509,10
12.9837799072,80.2224731445,69509,69519,10
12.9831800461,80.2220916748,69519,69539,20
12.9831800461,80.2220916748,69539,69549,10
12.9830198288,80.2219619751,69549,69559,10
12.98279953,80.221862793,69559,69570,11
12.982339859,80.2217330933,69570,69580,10
12.9818401337,80.2214813232,69580,69600,20
12.9802703857,80.2210388184,69600,69612,12
12.9791402817,80.2210769653,69612,69622,10
12.9784002304,80.2210922241,69622,69632,10
12.9775400162,80.2211227417,69632,69642,10
12.9770698547,80.2211837769,69642,69652,10
12.9766197205,80.2211990356,69652,69662,10
12.9760799408,80.2212371826,69662,69693,31
12.9760799408,80.2212371826,69693,69703,10
12.9758396149,80.2212371826,69703,69713,10
12.9757204056,80.2210922241,69713,69723,10
12.9755296707,80.220916748,69723,69763,40
12.9755296707,80.220916748,69763,69774,11
12.975230217,80.2206802368,69774,69784,10
12.9749097824,80.2205200195,69784,69794,10
12.9744796753,80.2203369141,69794,69804,10
12.9740400314,80.2201690674,69804,69814,10
12.9736995697,80.2200164795,69814,69824,10
12.9732198715,80.219833374,69824,69834,10
12.972530365,80.2195663452,69834,69844,10
12.9716796875,80.2192687988,69844,69854,10
12.9710302353,80.2191162109,69854,69874,20
12.9710302353,80.2191162109,69874,69884,10
12.9709501266,80.219078064,69884,69895,11
12.970580101,80.2188415527,69895,69905,10
12.9700098038,80.2186203003,69905,69915,10
12.9693803787,80.2183685303,69915,69925,10
12.9687299728,80.2181167603,69925,69935,10
12.9680595398,80.2178573608,69935,69945,10
12.9673995972,80.2175827026,69945,69955,10
12.9665403366,80.2172164917,69955,69965,10
12.965379715,80.2167434692,69965,69975,10
12.9642801285,80.2163009644,69975,69985,10
12.9637203217,80.2160797119,69985,69996,11
12.9633102417,80.2158813477,69996,70006,10
12.9626998901,80.2156219482,70006,70016,10
12.9619503021,80.2153167725,70016,70026,10
12.9610700607,80.2149734497,70026,70036,10
12.9600801468,80.2145996094,70036,70046,10
12.9591703415,80.2142181396,70046,70056,10
12.9582395554,80.2138519287,70056,70066,10
12.9573898315,80.2135162354,70066,70076,10
12.9566202164,80.2132034302,70076,70087,11
12.9556102753,80.2128219604,70087,70096,9
12.9547395706,80.2124786377,70096,70107,11
12.9538497925,80.2121200562,70107,70117,10
12.9534397125,80.2119598389,70117,70127,10
12.952870369,80.2117385864,70127,70137,10
12.9512996674,80.2111206055,70137,70147,10
12.9512996674,80.2111206055,70147,70157,10
12.9503498077,80.2107391357,70157,70167,10
12.9494199753,80.2103805542,70167,70177,10
12.9486103058,80.2100601196,70177,70187,10
12.9477701187,80.2097320557,70187,70198,11
12.9465103149,80.2092208862,70198,70208,10
12.945309639,80.208732605,70208,70219,11
12.9443302155,80.208366394,70219,70229,10
12.9441795349,80.2083206177,70229,70239,10
12.9439697266,80.2082214355,70239,70249,10
12.943479538,80.2080230713,70249,70258,9
12.9429302216,80.2076416016,70258,70269,11
12.9425897598,80.2071914673,70269,70279,10
12.9420404434,80.2066497803,70279,70289,10
12.9413795471,80.2061462402,70289,70299,10
12.9410200119,80.2059783936,70299,70310,11
12.940990448,80.2059783936,70310,70320,10
12.9407396317,80.2058792114,70320,70330,10
12.9403600693,80.2057266235,70330,70340,10
12.9398403168,80.205581665,70340,70350,10
12.939209938,80.2053985596,70350,70360,10
12.9385499954,80.2051773071,70360,70370,10
12.9381303787,80.2050476074,70370,70380,10
12.9376497269,80.2049179077,70380,70390,10
12.9370203018,80.2047424316,70390,70400,10
12.9362401962,80.2045211792,70400,70410,10
12.9354496002,80.204246521,70410,70421,11
12.9346399307,80.2039718628,70421,70431,10
12.9339799881,80.2039031982,70431,70441,10
12.9336700439,80.2038803101,70441,70451,10
12.9336099625,80.2038879395,70451,70461,10
12.933259964,80.2038421631,70461,70471,10
12.9328298569,80.2036590576,70471,70481,10
12.9322004318,80.2034301758,70481,70491,10
12.9314498901,80.203163147,70491,70501,10
12.9307899475,80.2029418945,70501,70511,10
12.9305696487,80.2028579712,70511,70522,11
12.9300699234,80.2027816772,70522,70532,10
12.9297800064,80.2027511597,70532,70542,10
12.9294996262,80.2027206421,70542,70552,10
12.9294395447,80.2027130127,70552,70562,10
12.9291095734,80.2026596069,70562,70572,10
12.928730011,80.2025985718,70572,70582,10
12.9284601212,80.2023010254,70582,70592,10
12.9284496307,80.2019729614,70592,70602,10
12.9284496307,80.2016983032,70602,70612,10
12.9284200668,80.2011184692,70612,70623,11
12.9283895493,80.2003631592,70623,70633,10
12.9282798767,80.1996536255,70633,70643,10
12.9280004501,80.1989364624,70643,70653,10
12.9275999069,80.1982574463,70653,70663,10
12.92689991,80.1977233887,70663,70673,10
12.9262199402,80.197517395,70673,70683,10
12.9255599976,80.1974716187,70683,70693,10
12.9252901077,80.1974716187,70693,70703,10
12.9247999191,80.1974563599,70703,70719,16
12.9237298965,80.1974411011,70719,70731,12
12.9230203629,80.1973724365,70731,70740,9
12.9224596024,80.197303772,70740,70752,12
12.9219903946,80.1972427368,70752,70762,10
12.9218797684,80.1971969604,70762,70771,9
12.9215898514,80.1971130371,70771,70782,11
12.9214200974,80.1970596313,70782,70792,10
12.921210289,80.1969680786,70792,70802,10
12.9207897186,80.1968002319,70802,70812,10
12.9201803207,80.1965789795,70812,70822,10
12.9195404053,80.1963500977,70822,70833,11
12.9186697006,80.1956863403,70833,70854,21
12.9186697006,80.1956863403,70854,70864,10
12.9184598923,80.1954879761,70864,70874,10
12.9180402756,80.1951217651,70874,70884,10
12.9175300598,80.1946563721,70884,70894,10
12.9172000885,80.1943511963,70894,70934,40
12.9172000885,80.1943511963,70934,70945,11
12.9170398712,80.1940765381,70945,70955,10
12.9169597626,80.1937866211,70955,70965,10
12.9169502258,80.1934585571,70965,70975,10
12.9169797897,80.1931381226,70975,70985,10
12.9170303345,80.192741394,70985,70995,10
12.917090416,80.1923294067,70995,71005,10
12.9171199799,80.1921234131,71005,71015,10
12.9171895981,80.1913604736,71015,71046,31
12.9171895981,80.1913604736,71046,71056,10
12.9172697067,80.1911392212,71056,71066,10
12.9173202515,80.1906433105,71066,71076,10
12.9174098969,80.1899032593,71076,71086,10
12.9177103043,80.1890563965,71086,71096,10
12.9183397293,80.1882476807,71096,71106,10
12.9187097549,80.1878204346,71106,71116,10
12.9189500809,80.1875762939,71116,71126,10
12.9194097519,80.1870498657,71126,71136,10
12.9200201035,80.1863632202,71136,71146,10
12.9205703735,80.1854782104,71146,71157,11
12.9203395844,80.1843795776,71157,71167,10
12.9201402664,80.1835174561,71167,71177,10
12.9199495316,80.1826782227,71177,71187,10
12.9198999405,80.182472229,71187,71197,10
12.9198598862,80.1822967529,71197,71207,10
12.9197502136,80.1817703247,71207,71217,10
12.9195995331,80.181060791,71217,71227,10
12.9194297791,80.180229187,71227,71237,10
12.9191398621,80.1793136597,71237,71247,10
12.9186601639,80.1786193848,71247,71258,11
12.9183397293,80.1781692505,71258,71268,10
12.9181804657,80.1775283813,71268,71278,10
12.9183101654,80.1766891479,71278,71288,10
12.9185199738,80.1757507324,71288,71298,10
12.9187698364,80.1747131348,71298,71308,10
12.9190397263,80.1735916138,71308,71318,10
12.9193096161,80.1725387573,71318,71328,10
12.9195699692,80.1715621948,71328,71338,10
12.9197797775,80.1708526611,71338,71348,10
12.9197998047,80.170791626,71348,71358,10
12.9198598862,80.1706924438,71358,71369,11
12.9200401306,80.1701278687,71369,71379,10
12.9202804565,80.169342041,71379,71389,10
12.9205904007,80.1683578491,71389,71399,10
12.920920372,80.1672973633,71399,71409,10
12.9212903976,80.1661834717,71409,71419,10
12.9215898514,80.1652679443,71419,71429,10
12.9220104218,80.1639328003,71429,71439,10
12.9223499298,80.1628570557,71439,71449,10
12.9226999283,80.1617736816,71449,71459,10
12.9230003357,80.1607513428,71459,71470,11
12.9230804443,80.1604919434,71470,71480,10
12.9231395721,80.1603088379,71480,71490,10
12.9232902527,80.1597366333,71490,71500,10
12.9233798981,80.1588973999,71500,71510,10
12.9234800339,80.1578292847,71510,71520,10
12.9235801697,80.1566696167,71520,71530,10
12.9235801697,80.1555862427,71530,71540,10
12.9233598709,80.1548614502,71540,71550,10
12.9233398438,80.154838562,71550,71560,10
12.9232902527,80.1546478271,71560,71576,16
12.9230804443,80.153717041,71576,71589,13
12.922829628,80.1527175903,71589,71599,10
12.9226999283,80.1520614624,71599,71659,60
12.9226999283,80.1520614624,71659,71669,10
12.9226799011,80.1517181396,71669,71679,10
12.9226503372,80.1510925293,71679,71690,11
12.9226303101,80.1501464844,71690,71700,10
12.9225797653,80.1492233276,71700,71710,10
12.9225502014,80.1483535767,71710,71720,10
12.922539711,80.1475372314,71720,71730,10
12.9225196838,80.1468963623,71730,71740,10
12.9225196838,80.1467666626,71740,71750,10
12.9225196838,80.1463088989,71750,71760,10
12.9224996567,80.1455993652,71760,71770,10
12.9224700928,80.1447677612,71770,71781,11
12.9224395752,80.1437835693,71781,71791,10
12.9224004745,80.1434783936,71791,71801,10
12.9224004745,80.1434631348,71801,71811,10
12.9224004745,80.1430435181,71811,71821,10
12.9224004745,80.1426773071,71821,71831,10
12.9224004745,80.1424026489,71831,71840,9
12.9224004745,80.1420974731,71840,71851,11
12.9223604202,80.1415023804,71851,71861,10
12.9223403931,80.1413421631,71861,71871,10
12.9223499298,80.1411209106,71871,71882,11
12.9223403931,80.1405792236,71882,71892,10
12.9223499298,80.1401062012,71892,71902,10
12.9223403931,80.1394729614,71902,71912,10
12.9223604202,80.138710022,71912,71922,10
12.922419548,80.137840271,71922,71932,10
12.9224700928,80.1369934082,71932,71942,10
12.9224996567,80.1362304688,71942,71952,10
12.9225301743,80.1354217529,71952,71962,10
12.9225597382,80.1346435547,71962,71972,10
12.9225797653,80.1337890625,71972,71982,10
12.9226303101,80.1329193115,71982,71992,10
12.922659874,80.1322784424,71992,72003,11
12.9226703644,80.1314163208,72003,72013,10
12.9226703644,80.131111145,72013,72023,10
12.9226799011,80.1309890747,72023,72033,10
12.9227199554,80.1305084229,72033,72043,10
12.9227600098,80.1298828125,72043,72053,10
12.9228000641,80.1292800903,72053,72194,141
12.9228401184,80.1289215088,72194,72235,41
12.9228401184,80.1289215088,72235,72245,10
12.9228496552,80.1285171509,72245,72255,10
12.9228696823,80.1280822754,72255,72265,10
12.9228801727,80.1274185181,72265,72275,10
12.9229001999,80.126663208,72275,72285,10
12.9229402542,80.1257705688,72285,72295,10
12.9229898453,80.1247406006,72295,72305,10
12.9230298996,80.1237182617,72305,72316,11
12.9230699539,80.1225509644,72316,72326,10
12.923119545,80.1214599609,72326,72335,9
12.9231901169,80.1205825806,72335,72346,11
12.9232501984,80.1199798584,72346,72356,10
12.9232597351,80.1199493408,72356,72366,10
12.9232797623,80.1197967529,72366,72376,10
12.9232902527,80.119178772,72376,72386,10
12.9233102798,80.1183929443,72386,72396,10
12.9234399796,80.1174697876,72396,72406,10
12.9234399796,80.116859436,72406,72417,11
12.9234695435,80.1167678833,72417,72427,10
12.9236001968,80.116859436,72427,72437,10
12.9234695435,80.1171722412,72437,72921,484
12.9234695435,80.1171722412,72921,72931,10
12.923500061,80.1175384521,72931,72942,11
12.9236001968,80.1178894043,72942,72952,10
12.9235200882,80.1184387207,72952,72962,10
12.9234800339,80.1190567017,72962,72972,10
12.9233798981,80.1197509766,72972,72982,10
12.9233503342,80.1202011108,72982,73002,20
12.9233503342,80.1202011108,73002,73012,10
12.9233198166,80.1203079224,73012,73022,10
12.9232997894,80.1206283569,73022,73032,10
12.9232797623,80.1210784912,73032,73174,142
12.9232797623,80.1210784912,73174,73184,10
12.9232597351,80.121307373,73184,73194,10
12.923210144,80.1217498779,73194,73204,10
12.9231595993,80.1223602295,73204,73214,10
12.9231300354,80.123046875,73214,73224,10
12.9231100082,80.1237869263,73224,73234,10
12.9230804443,80.1245422363,73234,73244,10
12.9230499268,80.1254196167,73244,73255,11
12.9229898453,80.1261367798,73255,73265,10
12.9230203629,80.1265487671,73265,73275,10
12.9230203629,80.1265869141,73275,73285,10
12.9230203629,80.1267166138,73285,73295,10
12.9230203629,80.1272201538,73295,73345,50
12.9230203629,80.1272201538,73345,73356,11
12.9229602814,80.1277770996,73356,73376,20
12.9229602814,80.1277770996,73376,73386,10
12.9229001999,80.128112793,73386,73406,20
12.9229001999,80.128112793,73406,73416,10
12.9228696823,80.12840271,73416,73426,10
12.9228601456,80.1287384033,73426,73436,10
12.9228496552,80.1290130615,73436,73446,10
12.9228496552,80.1292800903,73446,73456,10
12.9228401184,80.1295166016,73456,73467,11
12.9228200912,80.1297683716,73467,73477,10
12.9228200912,80.1301193237,73477,73487,10
12.9228000641,80.1307983398,73487,73497,10
12.922750473,80.1315383911,73497,73507,10
12.9227199554,80.1323776245,73507,73517,10
12.9226703644,80.1332473755,73517,73527,10
12.9226198196,80.1342926025,73527,73537,10
12.9225702286,80.135269165,73537,73547,10
12.922539711,80.136100769,73547,73557,10
12.9225196838,80.1368637085,73557,73567,10
12.9224700928,80.1377029419,73567,73578,11
12.922419548,80.1384124756,73578,73588,10
12.922369957,80.1388931274,73588,73598,10
12.9223604202,80.1396102905,73598,73608,10
12.9223804474,80.1399993896,73608,73618,10
12.9224004745,80.1404037476,73618,73628,10
12.9224004745,80.1409988403,73628,73638,10
12.9224100113,80.1417007446,73638,73648,10
12.9224300385,80.1422271729,73648,73658,10
12.9224300385,80.1426391602,73658,73668,10
12.9224596024,80.1430892944,73668,73678,10
12.9225101471,80.1437835693,73678,73719,41
12.9225101471,80.1437835693,73719,73729,10
12.9225101471,80.1439590454,73729,73739,10
12.9225196838,80.1445617676,73739,73749,10
12.9225702286,80.1454772949,73749,73759,10
12.9226102829,80.1465835571,73759,73769,10
12.9226303101,80.1473388672,73769,73779,10
12.9226303101,80.1480102539,73779,73790,11
12.9226303101,80.14894104,73790,73800,10
12.9226703644,80.1499176025,73800,73810,10
12.9226999283,80.1508407593,73810,73820,10
12.922750473,80.1514434814,73820,73869,49
12.922750473,80.1514434814,73869,73881,12
12.922750473,80.1518783569,73881,73891,10
12.9228496552,80.1524581909,73891,73900,9
12.9230203629,80.1532211304,73900,73911,11
12.9232597351,80.1542205811,73911,73921,10
12.9233999252,80.1547927856,73921,73931,10
12.9234199524,80.1548995972,73931,73941,10
12.9235200882,80.1552429199,73941,73951,10
12.9236602783,80.1558074951,73951,73961,10
12.9236803055,80.1564025879,73961,73971,10
12.9236497879,80.157043457,73971,73981,10
12.9236001968,80.1578598022,73981,73991,10
12.9234800339,80.1588821411,73991,74002,11
12.9233398438,80.1601104736,74002,74012,10
12.9232597351,80.1604995728,74012,74022,10
12.9231300354,80.1608581543,74022,74032,10
12.9228897095,80.1615829468,74032,74042,10
12.9225797653,80.1624832153,74042,74052,10
12.9223499298,80.1632003784,74052,74062,10
12.9220504761,80.1641082764,74062,74072,10
12.9216804504,80.165222168,74072,74082,10
12.921330452,80.1663665771,74082,74092,10
12.9209604263,80.1674880981,74092,74103,11
12.9205703735,80.1686630249,74103,74113,10
12.920249939,80.169708252,74113,74123,10
12.9199495316,80.1707763672,74123,74133,10
12.9198598862,80.1710586548,74133,74143,10
12.919719696,80.1714172363,74143,74153,10
12.919549942,80.1720504761,74153,74163,10
12.9193401337,80.1728363037,74163,74173,10
12.9190797806,80.1737976074,74173,74183,10
12.9188098907,80.1749420166,74183,74193,10
12.9185199738,80.1760787964,74193,74203,10
12.9183301926,80.1771469116,74203,74214,11
12.9184703827,80.1783599854,74214,74224,10
12.9190702438,80.1791610718,74224,74234,10
12.9194803238,80.180229187,74234,74244,10
12.9197397232,80.1814193726,74244,74254,10
12.9200000763,80.1825027466,74254,74264,10
12.920249939,80.18359375,74264,74274,10
12.9204597473,80.1844863892,74274,74284,10
12.9206800461,80.1853179932,74284,74294,10
12.9207201004,80.1855392456,74294,74305,11
12.9207201004,80.1855773926,74305,74315,10
12.9205799103,80.1859588623,74315,74325,10
12.9200696945,80.1865386963,74325,74341,16
12.9191198349,80.1876220703,74341,74353,12
12.9186296463,80.1881713867,74353,74361,8
12.9182100296,80.188621521,74361,74373,12
12.9176797867,80.1893997192,74373,74383,10
12.9174499512,80.1903915405,74383,74393,10
12.9173698425,80.1911010742,74393,74403,10
12.9172801971,80.1919631958,74403,74415,12
12.9172201157,80.1924591064,74415,74425,10
12.9171495438,80.193031311,74425,74475,50
12.9171495438,80.193031311,74475,74485,10
12.9170999527,80.1934967041,74485,74495,10
12.9171304703,80.1937789917,74495,74505,10
12.9171600342,80.1939926147,74505,74516,11
12.9174098969,80.194442749,74516,74526,10
12.9179496765,80.1949462891,74526,74536,10
12.9185695648,80.1955108643,74536,74546,10
12.9191799164,80.1960525513,74546,74556,10
12.9198598862,80.1964416504,74556,74566,10
12.9206399918,80.1967163086,74566,74576,10
12.9213399887,80.1969604492,74576,74586,10
12.9219999313,80.1971969604,74586,74596,10
12.9227199554,80.1973266602,74596,74606,10
12.9232301712,80.1973876953,74606,74617,11
12.9234199524,80.1974029541,74617,74627,10
12.9239797592,80.1974563599,74627,74637,10
12.9247903824,80.1974563599,74637,74647,10
12.9253396988,80.1974411011,74647,74657,10
12.9256601334,80.1974563599,74657,74667,10
12.9262695313,80.1975021362,74667,74677,10
12.9266300201,80.1975784302,74677,74687,10
12.9268302917,80.1976623535,74687,74697,10
12.9272298813,80.1978912354,74697,74707,10
12.927740097,80.1983108521,74707,74717,10
12.9281396866,80.1990203857,74717,74728,11
12.9284896851,80.200012207,74728,74737,9
12.9285497665,80.2008895874,74737,74748,11
12.9285802841,80.2018814087,74748,74758,10
12.928730011,80.202583313,74758,74768,10
12.929400444,80.2026977539,74768,74778,10
12.9294900894,80.2027130127,74778,74788,10
12.9295301437,80.2027282715,74788,74798,10
12.929980278,80.2027893066,74798,74808,10
12.9305896759,80.2028884888,74808,74818,10
12.9312496185,80.2030487061,74818,74829,11
12.9321899414,80.2033309937,74829,74839,10
12.9330797195,80.2036132813,74839,74849,10
12.9338998795,80.2038269043,74849,74859,10
12.9340896606,80.2038421631,74859,74869,10
12.9342403412,80.2038574219,74869,74879,10
12.9347496033,80.203918457,74879,74889,10
12.9354400635,80.2041397095,74889,74899,10
12.9361495972,80.2044296265,74899,74909,10
12.936920166,80.2046585083,74909,74918,9
12.9374599457,80.2048110962,74918,74928,10
12.9380598068,80.2049789429,74928,74940,12
12.9391202927,80.205291748,74940,74950,10
12.9399204254,80.2055282593,74950,74960,10
12.9400596619,80.2055587769,74960,74970,10
12.9402999878,80.205657959,74970,74980,10
12.9408397675,80.2058410645,74980,74990,10
12.9415197372,80.2061691284,74990,75000,10
12.9422597885,80.2067108154,75000,75010,10
12.9429597855,80.2074508667,75010,75020,10
12.9437599182,80.2080993652,75020,75030,10
12.9443397522,80.2082977295,75030,75041,11
12.9443798065,80.2083206177,75041,75051,10
12.9447002411,80.2084579468,75051,75061,10
12.9453496933,80.2086791992,75061,75071,10
12.9461402893,80.2089767456,75071,75081,10
12.9469299316,80.2092895508,75081,75091,10
12.9476003647,80.2095565796,75091,75101,10
12.9482898712,80.2098236084,75101,75111,10
12.9490098953,80.2101135254,75111,75121,10
12.9499101639,80.2104492188,75121,75131,10
12.951210022,80.2109680176,75131,75141,10
12.9523601532,80.2114334106,75141,75152,11
12.953379631,80.2118377686,75152,75162,10
12.9540996552,80.2121276855,75162,75172,10
12.9548501968,80.2124404907,75172,75182,10
12.9557504654,80.2127990723,75182,75192,10
12.9567604065,80.213180542,75192,75202,10
12.9578199387,80.2136230469,75202,75212,10
12.9588699341,80.2140426636,75212,75222,10
12.9598197937,80.2144165039,75222,75232,10
12.9608097076,80.21484375,75232,75242,10
12.9618196487,80.2152328491,75242,75253,11
12.9628601074,80.215637207,75253,75263,10
12.96352005,80.2158889771,75263,75273,10
12.9640703201,80.2160873413,75273,75283,10
12.9642601013,80.2161712646,75283,75293,10
12.9645004272,80.2163009644,75293,75303,10
12.9650297165,80.2165298462,75303,75313,10
12.9657001495,80.216796875,75313,75323,10
12.9663696289,80.2170715332,75323,75333,10
12.967040062,80.2173309326,75333,75343,10
12.9677000046,80.2175979614,75343,75354,11
12.9685897827,80.217956543,75354,75364,10
12.9696903229,80.2183837891,75364,75374,10
12.9707603455,80.2188034058,75374,75384,10
12.9712896347,80.218963623,75384,75394,10
12.9713802338,80.21900177,75394,75404,10
12.9717998505,80.2191925049,75404,75414,10
12.9723300934,80.2194137573,75414,75424,10
12.9724502563,80.2194595337,75424,75434,10
12.9725904465,80.2195205688,75434,75495,61
12.9725904465,80.2195205688,75495,75505,10
12.9729795456,80.2197036743,75505,75515,10
12.9731702805,80.2197799683,75515,75525,10
12.9735603333,80.2199172974,75525,75535,10
12.9739704132,80.2200698853,75535,75545,10
12.9743499756,80.2202072144,75545,75555,10
12.9746303558,80.2203063965,75555,75566,11
12.9747495651,80.2203521729,75566,75576,10
12.9750099182,80.2204589844,75576,75636,60
12.9753599167,80.2205963135,75636,75757,121
12.9753599167,80.2205963135,75757,75767,10
12.9756002426,80.2209091187,75767,75777,10
12.9760503769,80.221282959,75777,75798,21
12.9760503769,80.221282959,75798,75808,10
12.9761800766,80.2212982178,75808,75818,10
12.9765796661,80.2212905884,75818,75828,10
12.9772996902,80.221282959,75828,75838,10
12.9780597687,80.2212524414,75838,75848,10
12.978679657,80.2211990356,75848,75858,10
12.9792203903,80.2211608887,75858,75868,10
12.97976017,80.2211227417,75868,75878,10
12.9803199768,80.2210769653,75878,75889,11
12.9809103012,80.2210235596,75889,75899,10
12.9814796448,80.2212905884,75899,75909,10
12.9819002151,80.2215881348,75909,75919,10
12.9822797775,80.2217712402,75919,75929,10
12.9826898575,80.2219085693,75929,75945,16
12.9828996658,80.2220230103,75945,75957,12
12.9831800461,80.2221984863,75957,75965,8
12.983499527,80.2224197388,75965,75976,11
12.9838600159,80.2226333618,75976,75988,12
12.9841098785,80.2227706909,75988,75998,10
12.9844999313,80.2229995728,75998,76008,10
12.9850597382,80.2232818604,76008,76018,10
12.9855298996,80.22315979,76018,76027,9
12.9861001968,80.2230300903,76027,76038,11
12.9864997864,80.2230224609,76038,76048,10
12.9867601395,80.2230377197,76048,76058,10
12.9868402481,80.2230834961,76058,76068,10
12.9872903824,80.2231216431,76068,76078,10
12.9878101349,80.2230377197,76078,76089,11
12.9884300232,80.2226028442,76089,76099,10
12.9888401031,80.2221984863,76099,76109,10
12.989279747,80.2216720581,76109,76119,10
12.9896602631,80.2211685181,76119,76129,10
12.9901504517,80.2206497192,76129,76139,10
12.9904003143,80.220413208,76139,76149,10
12.9905004501,80.2203598022,76149,76159,10
12.9908504486,80.2200775146,76159,76169,10
12.9913396835,80.2197113037,76169,76179,10
12.9918899536,80.219291687,76179,76189,10
12.9925203323,80.2188568115,76189,76200,11
12.9930496216,80.218460083,76200,76210,10
12.9934902191,80.2181396484,76210,76220,10
12.9939403534,80.2178268433,76220,76230,10
12.9941797256,80.2176589966,76230,76240,10
12.9942798615,80.2175827026,76240,76250,10
12.9945001602,80.2174377441,76250,76260,10
12.9946403503,80.2173233032,76260,76270,10
12.99477005,80.2172393799,76270,76280,10
12.9951000214,80.2170181274,76280,76290,10
12.99559021,80.216758728,76290,76301,11
12.9962997437,80.2165908813,76301,76311,10
12.9968299866,80.2165222168,76311,76321,10
12.9971904755,80.2164916992,76321,76331,10
12.9974603653,80.216217041,76331,76351,20
12.9974603653,80.216217041,76351,76361,10
12.9978103638,80.215927124,76361,76371,10
12.9982595444,80.2155303955,76371,76381,10
12.9988098145,80.2150497437,76381,76391,10
12.9991197586,80.2147903442,76391,76401,10
12.9993600845,80.2145767212,76401,76411,10
12.9997797012,80.2142333984,76411,76422,11
13.0002098083,80.2138519287,76422,76432,10
13.0010700226,80.2130966187,76432,76462,30
13.0010700226,80.2130966187,76462,76472,10
13.0012702942,80.2129211426,76472,76482,10
13.0015001297,80.2127304077,76482,76492,10
13.0019197464,80.2124481201,76492,76502,10
13.0024795532,80.2121887207,76502,76513,11
13.0031003952,80.2121124268,76513,76523,10
13.0037002563,80.2120819092,76523,76533,10
13.0042800903,80.2121734619,76533,76543,10
13.0048999786,80.2124404907,76543,76553,10
13.0056495667,80.2128601074,76553,76563,10
13.006360054,80.2127685547,76563,76573,10
13.007060051,80.2127685547,76573,76583,10
13.0079097748,80.2131195068,76583,76603,20
13.0079097748,80.2131195068,76603,76614,11
13.0079898834,80.2132034302,76614,76624,10
13.0084104538,80.2133712769,76624,76634,10
13.0088796616,80.2139129639,76634,76644,10
13.0094203949,80.2146530151,76644,76654,10
13.0098695755,80.2152633667,76654,76664,10
13.0103902817,80.2159423828,76664,76674,10
13.0107698441,80.216796875,76674,76684,10
13.0111503601,80.2177124023,76684,76694,10
13.0114498138,80.2186431885,76694,76704,10
13.0119800568,80.2201309204,76704,76714,10
13.0124101639,80.221206665,76714,76725,11
13.0128602982,80.2219924927,76725,76734,9
13.0133895874,80.2225875854,76734,76745,11
13.0139904022,80.2233123779,76745,76755,10
13.0143499374,80.2237472534,76755,76765,10
13.0147199631,80.2242584229,76765,76775,10
13.0153303146,80.2249069214,76775,76785,10
13.0155096054,80.2250289917,76785,76795,10
13.0157203674,80.2252731323,76795,76805,10
13.0163402557,80.225402832,76805,76815,10
13.0172195435,80.2250976563,76815,76826,11
13.0183696747,80.2246398926,76826,76836,10
13.0192499161,80.2244415283,76836,76846,10
13.0200500488,80.224822998,76846,76856,10
13.0206403732,80.2252197266,76856,76866,10
13.0211801529,80.2256164551,76866,76876,10
13.0218400955,80.2260971069,76876,76886,10
13.0222902298,80.2264480591,76886,76896,10
13.0222902298,80.2264633179,76896,76906,10
13.0224895477,80.2266693115,76906,76916,10
13.0229301453,80.2270965576,76916,76926,10
13.0235595703,80.2276916504,76926,76937,11
13.0242996216,80.228477478,76937,76947,10
13.0248203278,80.2291870117,76947,76957,10
13.0252799988,80.2297973633,76957,76967,10
13.0256900787,80.2304229736,76967,76977,10
13.0258998871,80.2308273315,76977,76997,20
13.0258998871,80.2308273315,76997,77007,10
13.0259304047,80.2308807373,77007,77017,10
13.025970459,80.2311935425,77017,77027,10
13.0261497498,80.2313690186,77027,77038,11
13.0268602371,80.2312011719,77038,77048,10
13.0276002884,80.2310409546,77048,77058,10
13.0282402039,80.2309494019,77058,77068,10
13.028380394,80.2309417725,77068,77078,10
13.0286397934,80.2309188843,77078,77088,10
13.0291595459,80.2308807373,77088,77098,10
13.0295801163,80.2308425903,77098,77108,10
13.0301504135,80.2307815552,77108,77118,10
13.0307397842,80.2307281494,77118,77128,10
13.0312900543,80.2306976318,77128,77138,10
13.0319299698,80.2306518555,77138,77149,11
13.0326795578,80.2305908203,77149,77159,10
13.033659935,80.2305297852,77159,77189,30
13.033659935,80.2305297852,77189,77199,10
13.0339603424,80.2304534912,77199,77209,10
13.0347003937,80.2303466797,77209,77229,20
13.0347003937,80.2303466797,77229,77239,10
13.0348901749,80.2302398682,77239,77250,11
13.0350399017,80.2301712036,77250,77260,10
13.0350799561,80.2303466797,77260,77270,10
13.0348501205,80.2303619385,77270,77280,10
13.0343999863,80.2304382324,77280,77310,30
13.0343999863,80.2304382324,77310,77320,10
13.033949852,80.2304763794,77320,77330,10
13.0332403183,80.230506897,77330,77340,10
13.0324201584,80.2305603027,77340,77351,11
13.0314502716,80.2306518555,77351,77361,10
13.030670166,80.2307128906,77361,77371,10
13.0300598145,80.2307815552,77371,77381,10
13.0295495987,80.2308731079,77381,77391,10
13.0289497375,80.2309112549,77391,77401,10
13.0282096863,80.2309570313,77401,77411,10
13.0277204514,80.2310714722,77411,77421,10
13.0276899338,80.2314987183,77421,77431,10
13.0277004242,80.2321014404,77431,77441,10
13.0277996063,80.2326431274,77441,77451,10
13.0274000168,80.2329025269,77451,77462,11
13.0268096924,80.233001709,77462,77502,40
13.0268096924,80.233001709,77502,77512,10
13.0264797211,80.2329864502,77512,77522,10
13.0262699127,80.2326583862,77522,77532,10
13.0261201859,80.2320709229,77532,77542,10
13.0259199142,80.2313537598,77542,77552,10
13.0256595612,80.230506897,77552,77563,11
13.0250902176,80.229637146,77563,77573,10
13.0247097015,80.2291793823,77573,77583,10
13.0243902206,80.2287597656,77583,77593,10
13.0240602493,80.2282867432,77593,77603,10
13.0235700607,80.2277679443,77603,77613,10
13.0229997635,80.2272491455,77613,77623,10
13.0224704742,80.2267379761,77623,77633,10
13.0218200684,80.2261962891,77633,77643,10
13.0210695267,80.2256011963,77643,77653,10
13.0202903748,80.2250595093,77653,77663,10
13.0194597244,80.2245178223,77663,77674,11
13.0183601379,80.2246170044,77674,77684,10
13.0174102783,80.2250289917,77684,77694,10
13.0166702271,80.2253570557,77694,77704,10
13.0162401199,80.2255325317,77704,77714,10
13.0156803131,80.2257080078,77714,77715,1
13.0156202316,80.225730896,77715,77754,39
13.0142602921,80.2261810303,77754,77764,10
13.014169693,80.2258529663,77764,77835,71
13.014169693,80.2258529663,77835,77851,16
13.0142202377,80.2254562378,77851,77861,10
13.0143899918,80.2253417969,77861,77881,20
13.0143899918,80.2253417969,77881,77891,10
