12.9891901016,80.2559432983,13,13,0
12.9898900986,80.2559661865,13,22,9
12.9905099869,80.2559280396,22,32,10
12.9912099838,80.2559967041,32,43,11
12.9919996262,80.2560119629,43,53,10
12.9929199219,80.2559814453,53,63,10
12.9937496185,80.2559585571,63,72,9
12.9944400787,80.2559509277,72,84,12
12.9953899384,80.255897522,84,94,10
12.9962301254,80.2558364868,94,104,10
12.9969596863,80.255821228,104,114,10
12.997209549,80.2558364868,114,124,10
12.9972200394,80.2558364868,124,134,10
12.9975404739,80.255859375,134,144,10
12.9981098175,80.2559432983,144,154,10
12.9987802505,80.2560424805,154,164,10
12.998840332,80.256072998,164,174,10
12.9988899231,80.2561264038,174,185,11
12.9994497299,80.2562026978,185,195,10
13.0002603531,80.2563323975,195,205,10
13.0011997223,80.2565002441,205,215,10
13.0020904541,80.2566299438,215,225,10
13.0029602051,80.2567901611,225,235,10
13.0038499832,80.256942749,235,245,10
13.004650116,80.2570800781,245,255,10
13.0055198669,80.2572631836,255,265,10
13.0063896179,80.2574462891,265,275,10
13.0069904327,80.257850647,275,285,10
13.007349968,80.2584381104,285,295,10
13.0076198578,80.2585906982,295,306,11
13.0077896118,80.2587127686,306,316,10
13.0082502365,80.2588806152,316,332,16
13.0087604523,80.2590637207,332,344,12
13.0095901489,80.2591171265,344,352,8
13.0103397369,80.2591018677,352,364,12
13.011590004,80.2590713501,364,373,9
13.0124502182,80.2591094971,373,384,11
13.0137796402,80.2591934204,384,394,10
13.0149698257,80.2592468262,394,405,11
13.0162000656,80.2596588135,405,415,10
13.0172195435,80.2602767944,415,425,10
13.0180101395,80.2608032227,425,435,10
13.0187196732,80.2613220215,435,445,10
13.0195999146,80.2619018555,445,455,10
13.020409584,80.2623977661,455,465,10
13.0208597183,80.2627792358,465,475,10
13.0217199326,80.2631225586,475,485,10
13.02202034,80.2633132935,485,495,10
13.0221395493,80.263343811,495,505,10
13.022359848,80.2636032104,505,516,11
13.0236501694,80.2642822266,516,526,10
13.0245304108,80.2648391724,526,536,10
13.0252599716,80.2653121948,536,546,10
13.0258598328,80.2657394409,546,556,10
13.0262002945,80.2658691406,556,566,10
13.0263795853,80.26587677,566,576,10
13.0264196396,80.2658004761,576,586,10
13.0267095566,80.2661590576,586,596,10
13.0275497437,80.26612854,596,606,10
13.0282697678,80.2661819458,606,616,10
13.0289897919,80.2662963867,616,627,11
13.0296802521,80.266418457,627,637,10
13.0306100845,80.2663726807,637,647,10
13.0313596725,80.2668991089,647,657,10
13.031999588,80.2673492432,657,667,10
13.0324401855,80.2674484253,667,677,10
13.0329399109,80.267791748,677,687,10
13.0340003967,80.2679367065,687,717,30
13.0340003967,80.2679367065,717,728,11
13.0342702866,80.2680664063,728,738,10
13.0347995758,80.2680282593,738,748,10
13.0353803635,80.2678985596,748,758,10
13.0362195969,80.2677993774,758,768,10
13.0367097855,80.2676696777,768,778,10
13.0369796753,80.2676925659,778,794,16
13.0380897522,80.2676773071,794,806,12
13.0391397476,80.267616272,806,816,10
13.0397396088,80.2677383423,816,826,10
13.0405902863,80.2680969238,826,837,11
13.0413799286,80.2682113647,837,848,11
13.0424203873,80.268081665,848,858,10
13.0431404114,80.2677230835,858,867,9
13.0437002182,80.2673492432,867,878,11
13.0443096161,80.266998291,878,888,10
13.0447998047,80.266746521,888,898,10
13.0456895828,80.2666168213,898,907,9
13.0464296341,80.2663574219,907,918,11
13.0472602844,80.2663192749,918,928,10
13.0479001999,80.2661209106,928,938,10
13.0485200882,80.2655563354,938,949,11
13.0489797592,80.2645263672,949,959,10
13.0496397018,80.2639083862,959,969,10
13.050330162,80.2641906738,969,979,10
13.0514602661,80.2639389038,979,989,10
13.0523195267,80.2636795044,989,999,10
13.0530500412,80.2638397217,999,1009,10
13.0537204742,80.2639312744,1009,1019,10
13.0542697906,80.2640991211,1019,1029,10
13.0546998978,80.2641830444,1029,1039,10
13.0546998978,80.2641677856,1039,1049,10
13.0551395416,80.2642211914,1049,1060,11
13.0559396744,80.2643966675,1060,1076,16
13.0573101044,80.2648391724,1076,1088,12
13.0580101013,80.2649383545,1088,1096,8
13.0579595566,80.2644805908,1096,1108,12
13.057849884,80.263458252,1108,1118,10
13.057849884,80.2625808716,1118,1128,10
13.0577297211,80.2619476318,1128,1138,10
13.0577297211,80.2612686157,1138,1149,11
13.0577201843,80.2608566284,1149,1160,11
13.0585002899,80.2604293823,1160,1170,10
13.0590696335,80.2600402832,1170,1180,10
13.0591497421,80.2608795166,1180,1190,10
13.0594797134,80.2606582642,1190,1200,10
13.059969902,80.2606201172,1200,1210,10
13.0603704453,80.2611083984,1210,1220,10
13.0610599518,80.2617263794,1220,1230,10
13.0617704391,80.2625732422,1230,1240,10
13.0624399185,80.2634124756,1240,1250,10
13.0632200241,80.2643890381,1250,1273,23
13.0646896362,80.2665176392,1273,1285,12
13.0654401779,80.2672119141,1285,1295,10
13.0658998489,80.2677612305,1295,1305,10
13.0663204193,80.2681503296,1305,1314,9
13.0665798187,80.2683334351,1314,1325,11
13.0669202805,80.2685012817,1325,1335,10
13.0670604706,80.2685699463,1335,1345,10
13.067489624,80.2688827515,1345,1355,10
13.0680398941,80.269203186,1355,1365,10
13.0682001114,80.2696609497,1365,1375,10
13.0681600571,80.2705001831,1375,1386,11
13.0682001114,80.2714614868,1386,1396,10
13.0688199997,80.2719192505,1396,1406,10
13.0694198608,80.2723464966,1406,1416,10
13.0699796677,80.2729721069,1416,1426,10
13.0705900192,80.2737503052,1426,1436,10
13.0712404251,80.2741165161,1436,1446,10
13.0713100433,80.2741470337,1446,1456,10
13.0715198517,80.2742004395,1456,1466,10
13.0719900131,80.2745819092,1466,1476,10
13.0725002289,80.2751617432,1476,1487,11
13.0731201172,80.2758407593,1487,1497,10
13.0735902786,80.2762985229,1497,1507,10
13.0739402771,80.2763519287,1507,1517,10
13.0746498108,80.2762908936,1517,1527,10
13.0754995346,80.2762527466,1527,1537,10
13.0758304596,80.276260376,1537,1547,10
13.0761203766,80.2762832642,1547,1557,10
13.0767698288,80.2762680054,1557,1567,10
13.0775995255,80.2762298584,1567,1577,10
13.0781698227,80.2759094238,1577,1587,10
13.0784101486,80.2753219604,1587,1598,11
13.0789699554,80.2751617432,1598,1608,10
13.0796804428,80.2753067017,1608,1618,10
13.0808095932,80.2752304077,1618,1628,10
13.0814599991,80.2751617432,1628,1638,10
13.0815401077,80.275177002,1638,1648,10
13.0818300247,80.2752838135,1648,1658,10
13.081990242,80.2756271362,1658,1698,40
13.081990242,80.2756271362,1698,1709,11
13.081990242,80.2760467529,1709,1719,10
13.0818300247,80.2761993408,1719,1729,10
13.0819301605,80.2776565552,1729,1739,10
13.0819301605,80.2776565552,1739,1749,10
13.0820798874,80.278503418,1749,1759,10
13.0821399689,80.2793197632,1759,1769,10
13.0822296143,80.2802963257,1769,1779,10
13.082280159,80.2808685303,1779,1789,10
13.0823202133,80.2814331055,1789,1799,10
13.0826797485,80.2819900513,1799,1812,13
13.0838603973,80.282699585,1812,1824,12
13.0847196579,80.2833099365,1824,1854,30
13.0847196579,80.2833099365,1854,1863,9
13.0848903656,80.2835617065,1863,1874,11
13.0852603912,80.2837295532,1874,1884,10
13.0856199265,80.2836074829,1884,1894,10
13.0860795975,80.2835464478,1894,1904,10
13.0864896774,80.2836685181,1904,1914,10
13.0870199203,80.2837219238,1914,1925,11
13.0875301361,80.2837600708,1925,1935,10
13.0878601074,80.2837371826,1935,2126,191
13.0878601074,80.2837371826,2126,2137,11
13.0880298615,80.2837219238,2137,2147,10
13.0881996155,80.2835998535,2147,2157,10
13.0882396698,80.2833709717,2157,2167,10
13.0882301331,80.2829818726,2167,2177,10
13.0882396698,80.2824935913,2177,2187,10
13.0881204605,80.2818527222,2187,2197,10
13.0875902176,80.2814483643,2197,2207,10
13.0868396759,80.281211853,2207,2217,10
13.0859003067,80.2809066772,2217,2227,10
13.0856199265,80.2802963257,2227,2237,10
13.0853700638,80.2795562744,2237,2248,11
13.0845003128,80.279258728,2248,2258,10
13.0836200714,80.2790985107,2258,2268,10
13.0831804276,80.2789916992,2268,2278,10
13.0824899673,80.278717041,2278,2288,10
13.0820302963,80.2783584595,2288,2298,10
13.0818796158,80.2777175903,2298,2308,10
13.0817403793,80.2768630981,2308,2318,10
13.081580162,80.2756576538,2318,2348,30
13.081580162,80.2756576538,2348,2359,11
13.0815401077,80.2753677368,2359,2369,10
13.0811901093,80.2752380371,2369,2379,10
13.0805597305,80.2753067017,2379,2389,10
13.0797595978,80.2753677368,2389,2399,10
13.0789003372,80.2752227783,2399,2409,10
13.0782403946,80.2757492065,2409,2419,10
13.0776700974,80.276260376,2419,2429,10
13.0765695572,80.2763214111,2429,2439,10
13.0753002167,80.2764205933,2439,2530,91
13.0753002167,80.2764205933,2530,2540,10
13.0749797821,80.2763824463,2540,2550,10
13.0743999481,80.2763977051,2550,2560,10
13.0740995407,80.27684021,2560,2571,11
13.0745601654,80.277381897,2571,2581,10
13.0747900009,80.2775726318,2581,2591,10
13.0747900009,80.2776565552,2591,2601,10
13.0747699738,80.2776870728,2601,2611,10
13.0746097565,80.2775726318,2611,2621,10
13.0742301941,80.2771682739,2621,2631,10
13.0736398697,80.2766723633,2631,2641,10
13.0734596252,80.2764968872,2641,2651,10
13.0734195709,80.2764663696,2651,2661,10
13.0733203888,80.2762832642,2661,2671,10
13.0730895996,80.2759399414,2671,2682,11
13.0725402832,80.2753295898,2682,2692,10
13.0719203949,80.2747497559,2692,2702,10
13.0712203979,80.2743530273,2702,2712,10
13.0706195831,80.27394104,2712,2722,10
13.0702199936,80.2733230591,2722,2732,10
13.0696802139,80.2727127075,2732,2742,10
13.0690002441,80.2720718384,2742,2758,16
13.06828022,80.2717666626,2758,2770,12
13.0681800842,80.2715377808,2770,2778,8
13.0680999756,80.2712097168,2778,2791,13
13.0675201416,80.2706222534,2791,2801,10
13.0670003891,80.270111084,2801,2810,9
13.0666103363,80.2695465088,2810,2821,11
13.0664701462,80.2686920166,2821,2831,10
13.0661201477,80.2680282593,2831,2841,10
13.0654296875,80.2677307129,2841,2851,10
13.0652503967,80.2676773071,2851,2861,10
13.0648403168,80.267578125,2861,2871,10
13.064160347,80.2674636841,2871,2881,10
13.0633001328,80.2673187256,2881,2892,11
13.0625295639,80.2670211792,2892,2902,10
13.0619602203,80.2662811279,2902,2912,10
13.0613498688,80.2654724121,2912,2922,10
13.0606403351,80.2653427124,2922,2932,10
13.0598096848,80.2656021118,2932,2942,10
13.0587701797,80.2655029297,2942,2952,10
13.0582504272,80.265411377,2952,2962,10
13.058380127,80.2655410767,2962,2972,10
13.0579595566,80.2654571533,2972,2982,10
13.0567998886,80.2649917603,2982,2992,10
13.0557498932,80.2647171021,2992,3003,11
13.0547304153,80.264503479,3003,3013,10
13.0543899536,80.2643966675,3013,3023,10
13.0538597107,80.2641983032,3023,3033,10
13.0531196594,80.2639465332,3033,3043,10
13.0521602631,80.2638473511,3043,3053,10
13.0512895584,80.2640762329,3053,3063,10
13.050239563,80.2641296387,3063,3073,10
13.0492401123,80.2642288208,3073,3083,10
13.048789978,80.2652893066,3083,3093,10
13.0479803085,80.2661590576,3093,3103,10
13.0471801758,80.2663803101,3103,3114,11
13.0460100174,80.2665023804,3114,3124,10
13.0449304581,80.2667007446,3124,3133,9
13.0440597534,80.2671203613,3133,3144,11
13.0430297852,80.2677536011,3144,3154,10
13.0420303345,80.2682495117,3154,3164,10
13.0410299301,80.2683105469,3164,3174,10
13.0400400162,80.2680130005,3174,3182,8
13.0391597748,80.2677536011,3182,3193,11
13.0378103256,80.2676773071,3193,3204,11
13.0373802185,80.2676773071,3204,3214,10
13.0370998383,80.2676391602,3214,3225,11
13.0364904404,80.2677536011,3225,3235,10
13.0357198715,80.2678375244,3235,3245,10
13.0349502563,80.2678375244,3245,3255,10
13.0340900421,80.2679824829,3255,3275,20
13.0340900421,80.2679824829,3275,3285,10
13.0338001251,80.2679367065,3285,3295,10
13.0332803726,80.2678222656,3295,3305,10
13.03262043,80.2676315308,3305,3315,10
13.0321998596,80.2673797607,3315,3326,11
13.0313100815,80.266998291,3326,3335,9
13.0302600861,80.2667999268,3335,3346,11
13.0293397903,80.2666473389,3346,3356,10
13.0291795731,80.2665863037,3356,3366,10
13.0285701752,80.2663803101,3366,3376,10
13.0278396606,80.2662582397,3376,3386,10
13.0269603729,80.2661437988,3386,3396,10
13.0262804031,80.2660217285,3396,3406,10
13.0258102417,80.2657775879,3406,3426,20
13.0258102417,80.2657775879,3426,3437,11
13.025759697,80.2657165527,3437,3538,101
13.025759697,80.2657165527,3538,3548,10
13.0257797241,80.2656173706,3548,3558,10
13.0253601074,80.2653884888,3558,3568,10
13.0248203278,80.2649993896,3568,3578,10
13.0241804123,80.264541626,3578,3588,10
13.0236196518,80.2642211914,3588,3598,10
13.0229597092,80.2638702393,3598,3608,10
13.0223703384,80.2635574341,3608,3618,10
13.0219802856,80.2633666992,3618,3628,10
13.0213899612,80.263130188,3628,3638,10
13.0204896927,80.2630386353,3638,3649,11
13.0199298859,80.2630081177,3649,3659,10
13.0192403793,80.2629394531,3659,3669,10
13.0189199448,80.2626495361,3669,3679,10
13.0188102722,80.2618331909,3679,3689,10
13.0187397003,80.2614593506,3689,3699,10
13.018409729,80.2611465454,3699,3709,10
13.0178203583,80.2607727051,3709,3719,10
13.0169801712,80.2601928711,3719,3729,10
13.0159502029,80.2595825195,3729,3739,10
13.0148096085,80.2593231201,3739,3749,10
13.0136995316,80.2592926025,3749,3760,11
13.0124397278,80.2592468262,3760,3770,10
13.0114297867,80.2592315674,3770,3780,10
13.0103797913,80.2592468262,3780,3790,10
13.0094404221,80.2592391968,3790,3800,10
13.0087900162,80.2592163086,3800,3810,10
13.0086603165,80.2592697144,3810,3820,10
13.008099556,80.2592926025,3820,3830,10
13.007519722,80.2593612671,3830,3840,10
13.007229805,80.2587203979,3840,3850,10
13.0068798065,80.2580413818,3850,3860,10
13.0066299438,80.2577667236,3860,3871,11
13.0060501099,80.257522583,3871,3881,10
13.0052404404,80.2573165894,3881,3891,10
13.0042495728,80.2570800781,3891,3901,10
13.0031995773,80.2568664551,3901,3911,10
13.0022001266,80.2566833496,3911,3921,10
13.0011396408,80.2565231323,3921,3931,10
12.9999599457,80.2563171387,3931,3941,10
12.9988203049,80.256111145,3941,3951,10
12.9978199005,80.2559814453,3951,3961,10
12.9969396591,80.2559204102,3961,3972,11
12.9963703156,80.2558898926,3972,3982,10
12.9955797195,80.2559127808,3982,3992,10
12.9947004318,80.2559432983,3992,4002,10
12.9939098358,80.2560119629,4002,4012,10
12.9929895401,80.256072998,4012,4022,10
12.9919204712,80.2560806274,4022,4032,10
12.9909696579,80.2560424805,4032,4042,10
12.9901800156,80.2560195923,4042,4052,10
12.9893598557,80.2559890747,4052,4062,10
12.9884195328,80.2559127808,4062,4072,10
12.9877099991,80.2558822632,4072,4083,11
12.9875602722,80.2565536499,4083,4093,10
12.9874601364,80.2574920654,4093,4103,10
12.9874000549,80.2585220337,4103,4123,20
12.9874000549,80.2585220337,4123,4133,10
12.9873504639,80.2588195801,4133,4143,10
12.9871997833,80.2591094971,4143,4163,20
12.9871997833,80.2591094971,4163,4173,10
12.9872999191,80.258972168,4173,4183,10
12.9873800278,80.2584991455,4183,4204,21
12.9873800278,80.2584991455,4204,4214,10
12.9874200821,80.2581481934,4214,4224,10
12.9875001907,80.2577285767,4224,4960,736
12.9875001907,80.2577285767,4960,4970,10
12.9875202179,80.2573165894,4970,4980,10
12.9875602722,80.2567977905,4980,4990,10
12.9876203537,80.2560577393,4990,5000,10
12.9877595901,80.2557601929,5000,5010,10
12.9878101349,80.2557601929,5010,5020,10
12.9881801605,80.2558364868,5020,5030,10
12.9887104034,80.2559204102,5030,5040,10
12.9893798828,80.2559814453,5040,5051,11
12.9901199341,80.2560119629,5051,5061,10
12.9907999039,80.2560119629,5061,5071,10
12.9914703369,80.2560806274,5071,5081,10
12.9923000336,80.2560806274,5081,5091,10
12.9931898117,80.2560424805,5091,5101,10
12.9940595627,80.2559814453,5101,5111,10
12.9950504303,80.255897522,5111,5121,10
12.9961299896,80.255859375,5121,5131,10
12.9969301224,80.255859375,5131,5141,10
12.9972496033,80.2558670044,5141,5151,10
12.9979496002,80.2559127808,5151,5161,10
12.9987201691,80.2559967041,5161,5172,11
12.9989500046,80.2560272217,5172,5188,16
12.9997596741,80.256187439,5188,5200,12
13.0007600784,80.2563781738,5200,5210,10
13.0013904572,80.256477356,5210,5220,10
13.0024204254,80.2566375732,5220,5230,10
13.0033903122,80.2568283081,5230,5240,10
13.0042896271,80.257019043,5240,5250,10
13.0054702759,80.2572402954,5250,5260,10
13.006360054,80.2573928833,5260,5270,10
13.0067596436,80.2575378418,5270,5281,11
13.0070400238,80.258102417,5281,5291,10
13.0075902939,80.2585983276,5291,5301,10
13.0082998276,80.2589111328,5301,5311,10
13.0092802048,80.2590789795,5311,5321,10
13.0105199814,80.2590866089,5321,5331,10
13.0119104385,80.2590789795,5331,5341,10
13.0133399963,80.2591323853,5341,5351,10
13.014749527,80.2591781616,5351,5361,10
13.0159597397,80.259437561,5361,5371,10
13.0169801712,80.2601089478,5371,5382,11
13.0179195404,80.2607879639,5382,5398,16
13.018699646,80.2613067627,5398,5410,12
13.019200325,80.2617416382,5410,5420,10
13.0196695328,80.2621765137,5420,5430,10
13.0205698013,80.2628326416,5430,5440,10
13.0216598511,80.2631912231,5440,5448,8
13.0219802856,80.2633209229,5448,5460,12
13.0221595764,80.2634277344,5460,5470,10
13.0226297379,80.2636566162,5470,5480,10
13.0233001709,80.2640228271,5480,5491,11
13.0240402222,80.2644500732,5491,5501,10
13.0247097015,80.2649230957,5501,5509,8
13.0252199173,80.2653198242,5509,5521,12
13.0258998871,80.2657928467,5521,5531,10
13.0263795853,80.2660369873,5531,5541,10
13.0270004272,80.2661209106,5541,5551,10
13.027759552,80.2662200928,5551,5561,10
13.0285596848,80.2663574219,5561,5571,10
13.0291795731,80.2665176392,5571,5581,10
13.0293502808,80.2665863037,5581,5591,10
13.0297603607,80.2666625977,5591,5602,11
13.0304603577,80.2667617798,5602,5612,10
13.0311002731,80.2668914795,5612,5622,10
13.0318698883,80.2671813965,5622,5638,16
13.0330400467,80.2677612305,5638,5650,12
13.0339698792,80.2679367065,5650,5660,10
13.0340995789,80.2679672241,5660,5670,10
13.0345497131,80.2680130005,5670,5680,10
13.0352201462,80.2678985596,5680,5690,10
13.0359401703,80.2678222656,5690,5700,10
13.0364904404,80.2677230835,5700,5711,11
13.0374202728,80.2676696777,5711,5721,10
13.0382995605,80.2676773071,5721,5731,10
13.0392904282,80.2677078247,5731,5740,9
13.0396795273,80.2678070068,5740,5751,11
13.040189743,80.2679672241,5751,5761,10
13.0408000946,80.268157959,5761,5771,10
13.041009903,80.2681503296,5771,5781,10
13.0413799286,80.2682113647,5781,5791,10
13.0420598984,80.2681427002,5791,5801,10
13.0427799225,80.2678909302,5801,5812,11
13.0434904099,80.2674407959,5812,5822,10
13.0440597534,80.2671127319,5822,5832,10
13.044719696,80.2667694092,5832,5842,10
13.0455999374,80.2666168213,5842,5852,10
13.046500206,80.2663574219,5852,5862,10
13.0473604202,80.2663192749,5862,5872,10
13.0481004715,80.2659835815,5872,5882,10
13.0487804413,80.2652587891,5882,5892,10
13.0491399765,80.2642822266,5892,5902,10
13.0497598648,80.2640228271,5902,5912,10
13.0506401062,80.2641220093,5912,5923,11
13.0516395569,80.2639389038,5923,5933,10
13.0523500443,80.2637405396,5933,5943,10
13.0530099869,80.2638397217,5943,5953,10
13.053730011,80.2639694214,5953,5963,10
13.053899765,80.2640228271,5963,5973,10
13.0544099808,80.264213562,5973,5983,10
13.0551795959,80.2643814087,5983,5993,10
13.0560398102,80.2645111084,5993,6003,10
13.0568504333,80.2646484375,6003,6013,10
13.0575895309,80.2650527954,6013,6023,10
13.0579996109,80.2647628784,6023,6034,11
13.0578804016,80.263961792,6034,6044,10
13.0578098297,80.2630767822,6044,6054,10
13.0577096939,80.2621688843,6054,6064,10
13.057559967,80.2612762451,6064,6074,10
13.057559967,80.2610092163,6074,6084,10
13.0580301285,80.2609786987,6084,6094,10
13.0584897995,80.2609634399,6094,6104,10
13.058839798,80.2609329224,6104,6114,10
13.0592098236,80.2608718872,6114,6124,10
13.0596504211,80.260559082,6124,6134,10
13.0600996017,80.2607574463,6134,6145,11
13.0606603622,80.2614593506,6145,6155,10
13.0612802505,80.2620620728,6155,6165,10
13.0616397858,80.2624206543,6165,6175,10
13.0620803833,80.2629928589,6175,6185,10
13.0625896454,80.2635879517,6185,6195,10
13.0631103516,80.2642288208,6195,6205,10
13.0636301041,80.2649688721,6205,6215,10
13.0641298294,80.2656402588,6215,6225,10
13.0646600723,80.2663269043,6225,6235,10
13.0651798248,80.2669372559,6235,6246,11
13.0658397675,80.2675933838,6246,6256,10
13.066450119,80.2683105469,6256,6266,10
13.067150116,80.268699646,6266,6276,10
13.0678501129,80.2691421509,6276,6286,10
13.06828022,80.2695388794,6286,6296,10
13.0681600571,80.2701873779,6296,6306,10
13.0680799484,80.2709503174,6306,6316,10
13.0682001114,80.2714920044,6316,6326,10
13.0685300827,80.2718811035,6326,6336,10
13.068810463,80.2719192505,6336,6346,10
13.0691404343,80.2720718384,6346,6357,11
13.0696802139,80.2725830078,6357,6367,10
13.0701904297,80.2731704712,6367,6377,10
13.0706596375,80.2738418579,6377,6387,10
13.0713100433,80.2741928101,6387,6397,10
13.0714197159,80.2742233276,6397,6407,10
13.0715904236,80.2742996216,6407,6417,10
13.071969986,80.2745666504,6417,6427,10
13.0724201202,80.2750701904,6427,6437,10
13.0730199814,80.2757415771,6437,6447,10
13.0737199783,80.2763519287,6447,6457,10
13.074640274,80.2763519287,6457,6468,11
13.0757703781,80.2763137817,6468,6478,10
13.0767698288,80.276260376,6478,6488,10
13.0777997971,80.2761993408,6488,6498,10
13.0782604218,80.2756500244,6498,6508,10
13.0787200928,80.2751464844,6508,6518,10
13.0794897079,80.2752685547,6518,6528,10
13.0803899765,80.2752685547,6528,6538,10
13.081319809,80.275177002,6538,6548,10
13.0818195343,80.2752380371,6548,6558,10
13.0819997787,80.2755813599,6558,6589,31
13.0819997787,80.2755813599,6589,6599,10
13.0820302963,80.2757568359,6599,6609,10
13.0819301605,80.2759933472,6609,6619,10
13.0818395615,80.2762298584,6619,6629,10
13.0818996429,80.2767562866,6629,6639,10
13.0820198059,80.277923584,6639,6669,30
13.0820198059,80.277923584,6669,6680,11
13.0821199417,80.2781677246,6680,6690,10
13.0824804306,80.2785873413,6690,6700,10
13.08314991,80.2788772583,6700,6710,10
13.0838699341,80.2791290283,6710,6720,10
13.084690094,80.279258728,6720,6730,10
13.0854597092,80.2795791626,6730,6740,10
13.0857000351,80.2803726196,6740,6750,10
13.0857601166,80.2811203003,6750,6760,10
13.0856800079,80.2817764282,6760,6770,10
13.0855998993,80.2823867798,6770,6780,10
13.0854797363,80.2832183838,6780,6791,11
13.0855903625,80.2835769653,6791,6807,16
13.0862798691,80.2835998535,6807,6819,12
13.0867300034,80.2837295532,6819,6829,10
13.0870800018,80.2837219238,6829,6839,10
13.0877895355,80.2837295532,6839,7081,242
13.0877895355,80.2837295532,7081,7091,10
13.0879802704,80.2835998535,7091,7101,10
13.0881900787,80.2835235596,7101,7112,11
13.088259697,80.2833786011,7112,7122,10
13.0883398056,80.2831497192,7122,7132,10
13.0883302689,80.2826538086,7132,7141,9
13.0882501602,80.282119751,7141,7152,11
13.0879096985,80.28150177,7152,7162,10
13.0873098373,80.281288147,7162,7172,10
13.0866603851,80.2810974121,7172,7182,10
13.0861597061,80.2809677124,7182,7192,10
13.0857801437,80.2807617188,7192,7202,10
13.0856304169,80.2802505493,7202,7212,10
13.0854301453,80.2796401978,7212,7223,11
13.0847797394,80.2793197632,7223,7233,10
13.0840997696,80.2791900635,7233,7243,10
13.0833797455,80.2789764404,7243,7253,10
13.0826597214,80.2786865234,7253,7263,10
13.0820903778,80.2783813477,7263,7273,10
13.0819301605,80.2778015137,7273,7283,10
13.0818195343,80.2770309448,7283,7293,10
13.0816802979,80.276222229,7293,7303,10
13.081580162,80.2756271362,7303,7319,16
13.0815296173,80.275428772,7319,7331,12
13.0813398361,80.2751998901,7331,7342,11
13.0807695389,80.2752685547,7342,7352,10
13.0800895691,80.2753372192,7352,7361,9
13.0795202255,80.2753372192,7361,7372,11
13.0788202286,80.2751922607,7372,7382,10
13.0782899857,80.2756195068,7382,7392,10
13.0777997971,80.2762527466,7392,7402,10
13.0769100189,80.2762908936,7402,7412,10
13.076089859,80.2763366699,7412,7422,10
13.0752601624,80.2763595581,7422,7432,10
13.0744800568,80.2763977051,7432,7443,11
13.0740804672,80.2768630981,7443,7453,10
13.0745897293,80.2773895264,7453,7463,10
13.0750303268,80.2778701782,7463,7473,10
13.0755596161,80.2783813477,7473,7483,10
13.0760602951,80.2788772583,7483,7493,10
13.0760202408,80.2791519165,7493,7503,10
13.0757198334,80.2787780762,7503,7513,10
13.0752401352,80.2781906128,7513,7523,10
13.0745201111,80.2774200439,7523,7533,10
13.0736598969,80.2765731812,7533,7544,11
13.0727701187,80.2755737305,7544,7554,10
13.0719804764,80.2747268677,7554,7564,10
13.0710601807,80.2742233276,7564,7574,10
13.0704603195,80.2736816406,7574,7584,10
13.0700597763,80.2731323242,7584,7594,10
13.0695400238,80.2725524902,7594,7604,10
13.0689897537,80.2720108032,7604,7614,10
13.0683603287,80.2717285156,7614,7624,10
13.0678300858,80.2710189819,7624,7633,9
13.0672397614,80.2704315186,7633,7644,11
13.066619873,80.2697982788,7644,7655,11
13.0664196014,80.2690429688,7655,7665,10
13.066280365,80.2683563232,7665,7675,10
13.0657701492,80.2677993774,7675,7685,10
13.0652704239,80.2676391602,7685,7695,10
13.0651597977,80.267616272,7695,7705,10
13.0646896362,80.2675018311,7705,7715,10
13.0640096664,80.2674102783,7715,7725,10
13.0633096695,80.267288208,7725,7735,10
13.0627298355,80.2671737671,7735,7745,10
13.0622501373,80.2665863037,7745,7755,10
13.0617704391,80.2659835815,7755,7766,11
13.0612096786,80.2652816772,7766,7776,10
13.0606203079,80.2653121948,7776,7786,10
13.0599803925,80.2655792236,7786,7796,10
13.0592603683,80.2655410767,7796,7806,10
13.0585002899,80.2654266357,7806,7816,10
13.0577201843,80.2651062012,7816,7826,10
13.0570497513,80.2647781372,7826,7836,10
13.0565395355,80.2645797729,7836,7846,10
13.0565004349,80.2645721436,7846,7856,10
13.0562000275,80.2645492554,7856,7866,10
13.0555801392,80.2644882202,7866,7877,11
13.0547704697,80.2643737793,7877,7887,10
13.0541400909,80.2641983032,7887,7897,10
13.0536699295,80.263999939,7897,7913,16
13.0524902344,80.2638320923,7913,7925,12
13.0517301559,80.2639465332,7925,7933,8
13.0511302948,80.2640762329,7933,7945,12
13.0501699448,80.2641525269,7945,7955,10
13.0495700836,80.2640991211,7955,7964,9
13.0490999222,80.2646102905,7964,7975,11
13.0486698151,80.2654037476,7975,7986,11
13.0481395721,80.2659301758,7986,7996,10
13.0476398468,80.2662582397,7996,8006,10
13.0469999313,80.2663421631,8006,8016,10
13.0462799072,80.2664031982,8016,8026,10
13.0454998016,80.2666015625,8026,8036,10
13.0447397232,80.266746521,8036,8046,10
13.0441303253,80.2670669556,8046,8056,10
13.0435199738,80.2674407959,8056,8066,10
13.0427398682,80.2679290771,8066,8076,10
13.0422697067,80.268119812,8076,8086,10
13.0419301987,80.2681503296,8086,8097,11
13.0412397385,80.2682037354,8097,8107,10
13.0406103134,80.2680664063,8107,8117,10
13.0399398804,80.2678527832,8117,8127,10
13.039270401,80.2676696777,8127,8137,10
13.038479805,80.2676010132,8137,8147,10
13.0378103256,80.2676467896,8147,8157,10
13.0371704102,80.2676010132,8157,8187,30
13.0371704102,80.2676010132,8187,8198,11
13.0370197296,80.267578125,8198,8208,10
13.0366897583,80.2676773071,8208,8218,10
13.0360202789,80.267791748,8218,8228,10
13.0353298187,80.2678604126,8228,8238,10
13.0347299576,80.2679595947,8238,8248,10
13.0341100693,80.2679290771,8248,8258,10
13.0334100723,80.2678070068,8258,8268,10
13.0328798294,80.2677536011,8268,8278,10
13.0325298309,80.267539978,8278,8288,10
13.0321798325,80.2674026489,8288,8298,10
13.0317001343,80.2671890259,8298,8309,11
13.0311603546,80.2669219971,8309,8319,10
13.030500412,80.2667770386,8319,8329,10
13.0298595428,80.2667007446,8329,8339,10
13.0293998718,80.2665863037,8339,8349,10
13.0289802551,80.2664489746,8349,8359,10
13.0284004211,80.2663421631,8359,8369,10
13.0278596878,80.2662200928,8369,8379,10
13.0273103714,80.2661590576,8379,8389,10
13.0268096924,80.2660369873,8389,8399,10
13.0263500214,80.265953064,8399,8410,11
13.0258398056,80.2657012939,8410,8420,10
13.0254802704,80.2654800415,8420,8430,10
13.0254497528,80.2654571533,8430,8440,10
13.0252504349,80.2653427124,8440,8450,10
13.0248203278,80.265007019,8450,8460,10
13.0243997574,80.2646865845,8460,8470,10
13.0239295959,80.2643585205,8470,8480,10
13.0234003067,80.2640914917,8480,8490,10
13.0229701996,80.2638397217,8490,8500,10
13.022480011,80.2635803223,8500,8510,10
13.0221099854,80.2634277344,8510,8521,11
13.0218000412,80.2632598877,8521,8531,10
13.0212202072,80.2630386353,8531,8541,10
13.0205898285,80.2630081177,8541,8551,10
13.0204200745,80.2630081177,8551,8561,10
13.0200500488,80.2629699707,8561,8571,10
13.0195198059,80.2629318237,8571,8581,10
13.0192804337,80.2629165649,8581,8591,10
13.0189695358,80.2627716064,8591,8601,10
13.0188598633,80.2621231079,8601,8611,10
13.0187597275,80.2617263794,8611,8621,10
13.0187597275,80.261680603,8621,8632,11
13.0185003281,80.2612228394,8632,8642,10
13.0179595947,80.2608413696,8642,8652,10
13.0172700882,80.2603530884,8652,8662,10
13.0164899826,80.2598571777,8662,8672,10
13.0157699585,80.2595291138,8672,8682,10
13.014960289,80.2593383789,8682,8692,10
13.0140895844,80.2592926025,8692,8702,10
13.0131397247,80.259262085,8702,8712,10
13.0121898651,80.2592315674,8712,8722,10
13.0112600327,80.2592086792,8722,8732,10
13.0105199814,80.259262085,8732,8743,11
13.0097503662,80.2592163086,8743,8753,10
13.0093202591,80.2592163086,8753,8763,10
13.0089797974,80.2592163086,8763,8773,10
13.0088396072,80.2592315674,8773,8783,10
13.0085201263,80.2592163086,8783,8793,10
13.0080604553,80.2592163086,8793,8803,10
13.0076599121,80.2593612671,8803,8813,10
13.0073299408,80.2588806152,8813,8823,10
13.0070104599,80.2582626343,8823,8833,10
13.0066299438,80.2577362061,8833,8843,10
13.0061197281,80.2574768066,8843,8854,11
13.0054302216,80.2572784424,8854,8864,10
13.0048103333,80.2571563721,8864,8874,10
13.0042200089,80.257019043,8874,8884,10
13.0035800934,80.2569122314,8884,8894,10
13.0031003952,80.2568206787,8894,8904,10
13.0026702881,80.2567596436,8904,8914,10
13.0021295547,80.2566604614,8914,8924,10
13.0015201569,80.2565536499,8924,8934,10
13.0009202957,80.2564620972,8934,8944,10
13.0002298355,80.256362915,8944,8955,11
12.99958992,80.2562103271,8955,8963,8
12.9991397858,80.2561264038,8963,8974,11
12.9984903336,80.2560424805,8974,8985,11
12.9977903366,80.2559432983,8985,8995,10
12.9970302582,80.2558898926,8995,9005,10
12.9965295792,80.2558822632,9005,9015,10
12.9958000183,80.2558898926,9015,9025,10
12.9950799942,80.2559204102,9025,9035,10
12.9945602417,80.2559204102,9035,9045,10
12.9941701889,80.2559585571,9045,9055,10
12.9938001633,80.2559814453,9055,9066,11
12.9931898117,80.256072998,9066,9076,10
12.9925603867,80.2560119629,9076,9086,10
12.9917898178,80.2560424805,9086,9096,10
12.9911899567,80.2560501099,9096,9106,10
12.9907598495,80.2560577393,9106,9116,10
12.9902601242,80.2560272217,9116,9126,10
12.9896001816,80.2560195923,9126,9135,9
12.9889202118,80.2560195923,9135,9146,11
12.9883403778,80.2559814453,9146,9156,10
12.9881601334,80.2559127808,9156,9166,10
12.9878902435,80.2558670044,9166,9177,11
12.9877195358,80.255859375,9177,9187,10
12.9876298904,80.2562408447,9187,9197,10
12.9876003265,80.2567062378,9197,9207,10
12.9875497818,80.2573394775,9207,9217,10
12.9875001907,80.2579498291,9217,9227,10
12.987449646,80.2584228516,9227,9237,10
12.9873504639,80.2585678101,9237,9278,41
12.9873504639,80.2585678101,9278,9288,10
12.9874200821,80.2582473755,9288,9298,10
12.9874601364,80.257850647,9298,9671,373
12.9874601364,80.257850647,9671,9681,10
12.9875497818,80.2573928833,9681,9691,10
12.987569809,80.256980896,9691,9701,10
12.9875802994,80.2567214966,9701,9712,11
12.9875802994,80.2566604614,9712,9722,10
12.9876403809,80.2564315796,9722,9732,10
12.9876003265,80.256072998,9732,9742,10
12.987660408,80.2558364868,9742,9752,10
12.9877500534,80.2559280396,9752,9762,10
12.9876403809,80.2562713623,9762,9772,10
12.9876203537,80.2569274902,9772,9782,10
12.9875402451,80.2577896118,9782,9792,10
12.9873600006,80.2585601807,9792,9833,41
12.9873600006,80.2585601807,9833,9843,10
12.9873695374,80.2584533691,9843,9853,10
12.9874095917,80.2581176758,9853,9863,10
12.9874801636,80.2578125,9863,9944,81
12.9874801636,80.2578125,9944,9954,10
12.9875297546,80.2579498291,9954,10024,70
12.987449646,80.2578582764,10024,12063,2039
12.987449646,80.2578582764,12063,12073,10
12.9875802994,80.2574920654,12073,12084,11
12.9875602722,80.2570571899,12084,12094,10
12.9876499176,80.2565078735,12094,12104,10
12.9876699448,80.2559280396,12104,12114,10
12.9880199432,80.255821228,12114,12124,10
12.988650322,80.2558898926,12124,12134,10
12.9892597198,80.2559509277,12134,12144,10
12.9894800186,80.2559890747,12144,12154,10
12.9899902344,80.2560195923,12154,12164,10
12.9905595779,80.2559814453,12164,12174,10
12.9912395477,80.2560424805,12174,12184,10
12.9919700623,80.256072998,12184,12195,11
12.9929304123,80.2560577393,12195,12205,10
12.9938697815,80.2559967041,12205,12215,10
12.9946098328,80.2559432983,12215,12225,10
12.9953603745,80.2558898926,12225,12235,10
12.9962301254,80.255859375,12235,12245,10
12.9969501495,80.255859375,12245,12255,10
12.9972600937,80.2558670044,12255,12265,10
12.9978399277,80.2559204102,12265,12275,10
12.9986400604,80.2560424805,12275,12285,10
12.9994297028,80.2561569214,12285,12295,10
13.0003404617,80.2563171387,12295,12306,11
13.0014600754,80.2565002441,12306,12316,10
13.0024204254,80.2566070557,12316,12326,10
13.0032901764,80.2567977905,12326,12336,10
13.0041904449,80.2570037842,12336,12346,10
13.0051202774,80.2572021484,12346,12356,10
13.0060901642,80.2573776245,12356,12366,10
13.0068702698,80.2575302124,12366,12376,10
13.0072498322,80.258140564,12376,12392,16
13.0081596375,80.2587280273,12392,12404,12
13.0091104507,80.2591705322,12404,12412,8
13.0099201202,80.2591705322,12412,12425,13
13.0111198425,80.259147644,12425,12435,10
13.0123796463,80.2591400146,12435,12445,10
13.0136995316,80.259147644,12445,12455,10
13.0149202347,80.2591934204,12455,12465,10
13.0162496567,80.2595825195,12465,12475,10
13.0173301697,80.260597229,12475,12485,10
13.0181798935,80.2613677979,12485,12495,10
13.0196695328,80.2624816895,12495,12516,21
13.0196695328,80.2624816895,12516,12526,10
13.0191698074,80.261680603,12526,12536,10
13.0198402405,80.2622680664,12536,12546,10
13.0204896927,80.2627563477,12546,12556,10
13.0213499069,80.2630386353,12556,12566,10
13.0220098495,80.2633209229,12566,12576,10
13.0221004486,80.2635498047,12576,12586,10
13.0226202011,80.2636566162,12586,12595,9
13.0232000351,80.2639007568,12595,12606,11
13.0237798691,80.2643508911,12606,12616,10
13.0244102478,80.2647018433,12616,12626,10
13.0250396729,80.2651596069,12626,12637,11
13.0256996155,80.2656936646,12637,12647,10
13.0262403488,80.2660217285,12647,12657,10
13.0269498825,80.2661209106,12657,12668,11
13.027680397,80.2661895752,12668,12678,10
13.0284404755,80.2662734985,12678,12688,10
13.0291900635,80.266456604,12688,12698,10
13.0298099518,80.2667312622,12698,12708,10
13.0303897858,80.2667236328,12708,12717,9
13.0310897827,80.2667312622,12717,12728,11
13.0319900513,80.2669525146,12728,12739,11
13.0329504013,80.2673034668,12739,12749,10
13.0334501266,80.2675476074,12749,12758,9
13.0339603424,80.2677764893,12758,12769,11
13.0344400406,80.267829895,12769,12788,19
13.0344400406,80.267829895,12788,12799,11
13.0343503952,80.2679595947,12799,12809,10
13.034740448,80.2679595947,12809,12819,10
13.0353498459,80.2679214478,12819,12829,10
13.0359802246,80.267829895,12829,12838,9
13.0366401672,80.2677383423,12838,12850,12
13.0374298096,80.2676086426,12850,12860,10
13.0383195877,80.2676696777,12860,12870,10
13.0391702652,80.2677536011,12870,12880,10
13.0398197174,80.2679290771,12880,12890,10
13.0404996872,80.268119812,12890,12900,10
13.0412397385,80.268157959,12900,12910,10
13.0422801971,80.2680892944,12910,12920,10
13.0431699753,80.2677307129,12920,12930,10
13.0440397263,80.2671432495,12930,12940,10
13.0449399948,80.2667312622,12940,12951,11
13.0460100174,80.2665405273,12951,12961,10
13.0468301773,80.2665023804,12961,12971,10
13.0474500656,80.2663879395,12971,12981,10
13.0480804443,80.2658004761,12981,12991,10
13.0488796234,80.2649765015,12991,13001,10
13.0492801666,80.2640991211,13001,13011,10
13.0499095917,80.2640609741,13011,13021,10
13.0508003235,80.2641220093,13021,13031,10
13.0515403748,80.2640228271,13031,13041,10
13.0521602631,80.2638092041,13041,13051,10
13.0529203415,80.2638778687,13051,13061,10
13.0536603928,80.2640228271,13061,13078,17
13.0546998978,80.2642669678,13078,13090,12
13.0549497604,80.264289856,13090,13100,10
13.0555400848,80.2644271851,13100,13110,10
13.0563097,80.2645263672,13110,13120,10
13.0571298599,80.2647399902,13120,13130,10
13.0577201843,80.2650375366,13130,13139,9
13.0580396652,80.2646789551,13139,13151,12
13.0579795837,80.2638015747,13151,13161,10
13.0579595566,80.2629394531,13161,13171,10
13.0577898026,80.2620162964,13171,13181,10
13.0576400757,80.2612991333,13181,13192,11
13.0578203201,80.2610473633,13192,13202,10
13.0582799911,80.2610092163,13202,13212,10
13.0588798523,80.2609710693,13212,13222,10
13.0590600967,80.2610092163,13222,13232,10
13.0594501495,80.2607421875,13232,13242,10
13.0599002838,80.2604980469,13242,13252,10
13.0602703094,80.2608566284,13252,13262,10
13.060790062,80.2614822388,13262,13272,10
13.0612897873,80.2620391846,13272,13283,11
13.0616197586,80.2623825073,13283,13293,10
13.0619897842,80.262878418,13293,13303,10
13.0624399185,80.2633972168,13303,13313,10
13.0628499985,80.2639083862,13313,13323,10
13.063079834,80.2641677856,13323,13333,10
13.0633096695,80.264503479,13333,13343,10
13.0636196136,80.2649688721,13343,13353,10
13.064040184,80.2655181885,13353,13363,10
13.0644102097,80.2660217285,13363,13373,10
13.0647802353,80.2665100098,13373,13383,10
13.0652303696,80.2669830322,13383,13394,11
13.0658397675,80.267578125,13394,13404,10
13.0662498474,80.268119812,13404,13414,10
13.0667495728,80.2684402466,13414,13424,10
13.0672302246,80.2687606812,13424,13434,10
13.0677404404,80.2691116333,13434,13444,10
13.0680999756,80.2693405151,13444,13454,10
13.0682096481,80.2696990967,13454,13464,10
13.0682096481,80.270111084,13464,13474,10
13.0681600571,80.2705612183,13474,13484,10
13.0680999756,80.2711105347,13484,13494,10
13.0685195923,80.2717437744,13494,13525,31
13.0685195923,80.2717437744,13525,13535,10
13.0689296722,80.2719497681,13535,13545,10
13.0694599152,80.2723388672,13545,13555,10
13.0700597763,80.2730331421,13555,13565,10
13.0706300735,80.2738037109,13565,13575,10
13.0713396072,80.2742004395,13575,13585,10
13.0718803406,80.2744903564,13585,13595,10
13.0723495483,80.2749862671,13595,13606,11
13.0728702545,80.2755508423,13606,13616,10
13.0733995438,80.2760925293,13616,13626,10
13.0739603043,80.2763290405,13626,13636,10
13.0747098923,80.2762985229,13636,13646,10
13.0751199722,80.2762908936,13646,13656,10
13.0756797791,80.2762908936,13656,13666,10
13.0764198303,80.2762527466,13666,13676,10
13.0770597458,80.2762069702,13676,13686,10
13.0776395798,80.2761764526,13686,13696,10
13.0781202316,80.276008606,13696,13706,10
13.0783395767,80.2754211426,13706,13717,11
13.0788497925,80.2751235962,13717,13727,10
13.0794000626,80.2752380371,13727,13737,10
13.0799703598,80.2752990723,13737,13747,10
13.0805101395,80.2752532959,13747,13757,10
13.0811500549,80.275177002,13757,13767,10
13.0816001892,80.2751693726,13767,13777,10
13.0818996429,80.2752685547,13777,13787,10
13.0819997787,80.2754821777,13787,13828,41
13.0819997787,80.2754821777,13828,13838,10
13.0820703506,80.2755584717,13838,13848,10
13.0820198059,80.2759170532,13848,13858,10
13.0818796158,80.2761688232,13858,13868,10
13.0819196701,80.2765731812,13868,13878,10
13.0820302963,80.2772598267,13878,13888,10
13.082110405,80.2779464722,13888,13898,10
13.082159996,80.2785186768,13898,13908,10
13.0822000504,80.2791824341,13908,13918,10
13.0822601318,80.2798995972,13918,13929,11
13.0823297501,80.2806777954,13929,13939,10
13.0823802948,80.2811203003,13939,13949,10
13.0823898315,80.2815704346,13949,13959,10
13.0828199387,80.2819900513,13959,13969,10
13.0834102631,80.2823562622,13969,13979,10
13.083820343,80.2826309204,13979,13989,10
13.0841798782,80.2828674316,13989,13999,10
13.084690094,80.2832565308,13999,14009,10
13.0850400925,80.2836685181,14009,14019,10
13.0853900909,80.2837219238,14019,14029,10
13.0856800079,80.2835998535,14029,14040,11
13.0861797333,80.2835769653,14040,14050,10
13.0865898132,80.2837219238,14050,14060,10
13.0870304108,80.2837295532,14060,14070,10
13.087770462,80.283706665,14070,14282,212
13.087770462,80.283706665,14282,14292,10
13.0878801346,80.2836608887,14292,14302,10
13.0880899429,80.2835769653,14302,14312,10
13.0882196426,80.2834777832,14312,14342,30
13.0882196426,80.2834777832,14342,14352,10
13.088350296,80.2832336426,14352,14363,11
13.0883798599,80.2827377319,14363,14373,10
13.088350296,80.2823104858,14373,14383,10
13.0881900787,80.2818069458,14383,14393,10
13.08796978,80.2814712524,14393,14403,10
13.0875301361,80.2813415527,14403,14413,10
13.0868501663,80.2811508179,14413,14423,10
13.0861701965,80.2809524536,14423,14433,10
13.0857000351,80.2805328369,14433,14443,10
13.0855503082,80.2797775269,14443,14453,10
13.0849599838,80.2793579102,14453,14463,10
13.0840902328,80.2791976929,14463,14474,11
13.0830698013,80.2788619995,14474,14484,10
13.0823297501,80.2785415649,14484,14494,10
13.0820198059,80.2782974243,14494,14504,10
13.0819396973,80.2775802612,14504,14514,10
13.0818099976,80.2766799927,14514,14524,10
13.0816898346,80.2759933472,14524,14534,10
13.0816402435,80.2757492065,14534,14543,9
13.081609726,80.275390625,14543,14553,10
13.0816202164,80.2752532959,14553,14564,11
13.0817499161,80.2751998901,14564,14574,10
13.081990242,80.2754898071,14574,14897,323
13.081990242,80.2754898071,14897,14908,11
13.0819997787,80.2757110596,14908,14918,10
13.0819997787,80.2758026123,14918,14928,10
13.0819396973,80.275970459,14928,14938,10
13.0819101334,80.2760009766,14938,14948,10
13.0818300247,80.2763137817,14948,14958,10
13.0818996429,80.2769317627,14958,14968,10
13.081990242,80.2779922485,14968,14978,10
13.0820398331,80.278503418,14978,14988,10
13.0819196701,80.2781982422,14988,14998,10
13.081870079,80.2775115967,14998,15009,11
13.0818099976,80.2766799927,15009,15019,10
13.081580162,80.2755126953,15019,15059,40
13.081580162,80.2755126953,15059,15069,10
13.081580162,80.2753829956,15069,15079,10
13.0815401077,80.2753295898,15079,15089,10
13.0814304352,80.2752075195,15089,15099,10
13.0812397003,80.2751998901,15099,15109,10
13.0808200836,80.2752609253,15109,15120,11
13.0801401138,80.2753295898,15120,15130,10
13.0793600082,80.2752838135,15130,15140,10
13.0785703659,80.2752532959,15140,15150,10
13.0781803131,80.275970459,15150,15160,10
13.0774698257,80.2762374878,15160,15170,10
13.0764503479,80.2763137817,15170,15180,10
13.0760602951,80.2763519287,15180,15190,10
13.0760498047,80.2763519287,15190,15200,10
13.0755701065,80.2763671875,15200,15210,10
13.0747995377,80.2763824463,15210,15220,10
13.0741195679,80.2765426636,15220,15231,11
13.0743999481,80.2771530151,15231,15241,10
13.0749502182,80.2777481079,15241,15251,10
13.0756597519,80.2784500122,15251,15261,10
13.0761604309,80.2790374756,15261,15271,10
13.0760002136,80.2791366577,15271,15281,10
13.0756797791,80.2787017822,15281,15291,10
13.0751399994,80.2780532837,15291,15301,10
13.0744800568,80.2773513794,15301,15311,10
13.0737400055,80.2766113281,15311,15321,10
13.0729904175,80.2757797241,15321,15331,10
13.0721902847,80.2749099731,15331,15342,11
13.0711202621,80.274230957,15342,15352,10
13.0704202652,80.2735824585,15352,15362,10
13.0698003769,80.2728271484,15362,15372,10
13.0690402985,80.2720794678,15372,15382,10
13.0683298111,80.2717437744,15382,15392,10
13.0678300858,80.2709732056,15392,15402,10
13.067150116,80.2702713013,15402,15412,10
13.0665197372,80.2694091797,15412,15422,10
13.0664196014,80.2685089111,15422,15432,10
13.0659103394,80.2678833008,15432,15442,10
13.0651302338,80.2676010132,15442,15453,11
13.0640201569,80.2674026489,15453,15463,10
13.0629301071,80.2672195435,15463,15473,10
13.0622501373,80.2666168213,15473,15483,10
13.06153965,80.2657165527,15483,15493,10
13.060959816,80.2651901245,15493,15503,10
13.0601902008,80.2655029297,15503,15513,10
13.0591897964,80.2655029297,15513,15523,10
13.0582304001,80.26537323,15523,15533,10
13.0580101013,80.2652893066,15533,15543,10
13.0576601028,80.2651290894,15543,15554,11
13.0568799973,80.2646865845,15554,15564,10
13.0558204651,80.2645187378,15564,15574,10
13.0548000336,80.2643432617,15574,15584,10
13.0543203354,80.2642364502,15584,15594,10
13.0541696548,80.2641830444,15594,15604,10
13.0537900925,80.263999939,15604,15614,10
13.0530004501,80.2638626099,15614,15624,10
13.0521602631,80.2638320923,15624,15634,10
13.0512695313,80.2640380859,15634,15644,10
13.0503196716,80.2640991211,15644,15654,10
13.0495901108,80.2640380859,15654,15665,11
13.0490598679,80.2646408081,15665,15675,10
13.0485601425,80.2655334473,15675,15685,10
13.0477199554,80.2662124634,15685,15695,10
13.0469398499,80.2663574219,15695,15715,20
13.0469398499,80.2663574219,15715,15725,10
13.0464801788,80.2664108276,15725,15735,10
13.0457601547,80.2665786743,15735,15745,10
13.0450401306,80.2666702271,15745,15755,10
13.0442199707,80.2669906616,15755,15765,10
13.0432195663,80.2676010132,15765,15776,11
13.0422401428,80.2681121826,15776,15786,10
13.0412597656,80.2682113647,15786,15796,10
13.0404100418,80.2679977417,15796,15806,10
13.0394001007,80.2676925659,15806,15822,16
13.0374898911,80.267578125,15822,15834,12
13.0370502472,80.2676315308,15834,15842,8
13.0368404388,80.2676773071,15842,15852,10
13.036239624,80.2678070068,15852,15864,12
13.0352401733,80.2678833008,15864,15874,10
13.0345401764,80.2679824829,15874,15885,11
13.0341901779,80.2679519653,15885,15895,10
13.0340003967,80.267906189,15895,15905,10
13.0335502625,80.267791748,15905,15915,10
13.0332698822,80.2677688599,15915,15925,10
13.0328502655,80.2676315308,15925,15934,9
13.0324296951,80.2674102783,15934,15945,11
13.0316801071,80.267036438,15945,15955,10
13.0311002731,80.2668914795,15955,15965,10
13.0305404663,80.2667007446,15965,15975,10
13.0299301147,80.2666473389,15975,15986,11
13.0292701721,80.2665100098,15986,15996,10
13.0286598206,80.2662963867,15996,16006,10
13.0279998779,80.2661819458,16006,16016,10
13.0272102356,80.2660369873,16016,16026,10
13.0267000198,80.2659683228,16026,16036,10
13.0263996124,80.2659378052,16036,16046,10
13.0259799957,80.2657470703,16046,16056,10
13.0255098343,80.2654724121,16056,16072,16
13.0245895386,80.2647781372,16072,16084,12
13.0237598419,80.2642593384,16084,16094,10
13.0231399536,80.263923645,16094,16105,11
13.0223903656,80.2635421753,16105,16115,10
13.022069931,80.263381958,16115,16125,10
13.0217599869,80.2632369995,16125,16135,10
13.0209999084,80.2630691528,16135,16144,9
13.0203199387,80.2630081177,16144,16155,11
13.0195302963,80.2629470825,16155,16165,10
13.0191202164,80.2629165649,16165,16175,10
13.0189304352,80.2626190186,16175,16185,10
13.0187997818,80.2618408203,16185,16195,10
13.018699646,80.2613525391,16195,16206,11
13.0182800293,80.2610397339,16206,16215,9
13.0177001953,80.2606506348,16215,16226,11
13.0168800354,80.2601013184,16226,16235,9
13.0161104202,80.2596588135,16235,16246,11
13.0151996613,80.2593383789,16246,16256,10
13.0141601563,80.2592773438,16256,16266,10
13.0132303238,80.259262085,16266,16276,10
13.0123500824,80.2592391968,16276,16286,10
13.0114803314,80.2592010498,16286,16296,10
13.0107002258,80.2592086792,16296,16306,10
13.010020256,80.2592315674,16306,16317,11
13.0092401505,80.2592010498,16317,16327,10
13.0089597702,80.2592086792,16327,16337,10
13.0087795258,80.2592086792,16337,16347,10
13.0085201263,80.2592086792,16347,16357,10
13.0080604553,80.2592086792,16357,16367,10
13.0075798035,80.2593612671,16367,16377,10
13.0073003769,80.2589187622,16377,16387,10
13.0069599152,80.2582397461,16387,16397,10
13.0065402985,80.2577133179,16397,16407,10
13.0057401657,80.2574462891,16407,16418,11
13.0048999786,80.2571792603,16418,16428,10
13.0040798187,80.2570037842,16428,16438,10
13.0031404495,80.2568206787,16438,16448,10
13.0021696091,80.2566375732,16448,16458,10
13.0011301041,80.2565002441,16458,16468,10
12.9999904633,80.2562866211,16468,16478,10
12.9989795685,80.2561035156,16478,16488,10
12.9982004166,80.2559967041,16488,16498,10
12.9981203079,80.2559814453,16498,16508,10
12.997879982,80.2559509277,16508,16518,10
12.9971599579,80.2558898926,16518,16529,11
12.9965801239,80.2558898926,16529,16539,10
12.9958000183,80.2558898926,16539,16549,10
12.9950399399,80.255897522,16549,16559,10
12.9943199158,80.2559585571,16559,16569,10
12.9936199188,80.2560195923,16569,16579,10
12.9926300049,80.256072998,16579,16589,10
12.9916601181,80.256072998,16589,16599,10
12.9905796051,80.2560272217,16599,16609,10
12.9893598557,80.2559661865,16609,16619,10
12.9883203506,80.2558670044,16619,16629,10
12.9876699448,80.2559432983,16629,16640,11
12.9876003265,80.2566223145,16640,16650,10
12.9875297546,80.2573013306,16650,16660,10
12.9874897003,80.2579193115,16660,16670,10
12.9873800278,80.2590484619,16670,16720,50
12.9873800278,80.2590484619,16720,16730,10
12.9873199463,80.2593994141,16730,16741,11
12.9871196747,80.2595291138,16741,16751,10
12.9870004654,80.2595291138,16751,16761,10
12.9866695404,80.2594985962,16761,16771,10
12.9866600037,80.2591705322,16771,16781,10
12.9869499207,80.2591094971,16781,16791,10
12.9873199463,80.2591400146,16791,16821,30
12.9873199463,80.2591400146,16821,16831,10
12.9874000549,80.2589263916,16831,16902,71
12.9874000549,80.2589263916,16902,16912,10
12.9874296188,80.2586212158,16912,16922,10
12.9874601364,80.2580337524,16922,16942,20
12.9874601364,80.2580337524,16942,16952,10
12.9874696732,80.2577514648,16952,16963,11
12.9875202179,80.2570037842,16963,16973,10
12.987569809,80.2561569214,16973,16983,10
12.9877901077,80.2557601929,16983,16993,10
12.9880599976,80.2557830811,16993,17003,10
12.9885501862,80.2558364868,17003,17023,20
12.9885501862,80.2558364868,17023,17033,10
12.9887304306,80.2558822632,17033,17043,10
12.9892196655,80.2559204102,17043,17053,10
12.9898900986,80.2559585571,17053,17064,11
12.9905500412,80.2559585571,17064,17074,10
12.9912796021,80.2560119629,17074,17083,9
12.9920101166,80.2560577393,17083,17094,11
12.9929504395,80.2560424805,17094,17104,10
12.9938402176,80.2559967041,17104,17113,9
12.9945201874,80.2559509277,17113,17124,11
12.9951496124,80.255897522,17124,17134,10
12.995880127,80.2558670044,17134,17144,10
12.9965696335,80.255859375,17144,17154,10
12.9970197678,80.2558670044,17154,17164,10
12.9976301193,80.2558898926,17164,17205,41
12.9976301193,80.2558898926,17205,17215,10
12.9977397919,80.2558822632,17215,17225,10
12.9980697632,80.2559280396,17225,17235,10
12.9989500046,80.2560424805,17235,17255,20
12.9989500046,80.2560424805,17255,17265,10
12.99903965,80.2560577393,17265,17275,10
12.9994602203,80.2561187744,17275,17286,11
13.0001602173,80.2562637329,17286,17296,10
13.0008897781,80.256401062,17296,17306,10
13.0016403198,80.2565231323,17306,17316,10
13.0024700165,80.2566375732,17316,17326,10
13.0032196045,80.2568130493,17326,17336,10
13.0040798187,80.2569732666,17336,17346,10
13.0049104691,80.2571411133,17346,17356,10
13.0057401657,80.2573013306,17356,17366,10
13.0064697266,80.2574234009,17366,17376,10
13.0067996979,80.2575912476,17376,17387,11
13.0068998337,80.2577896118,17387,17397,10
13.0070800781,80.2581634521,17397,17407,10
13.0076398849,80.2586212158,17407,17477,70
13.0076398849,80.2586212158,17477,17487,10
13.0078697205,80.2587509155,17487,17498,11
13.0083198547,80.2589569092,17498,17508,10
13.0090398788,80.2591171265,17508,17518,10
13.0098400116,80.2591171265,17518,17528,10
13.0106601715,80.2591094971,17528,17538,10
13.0115299225,80.2590789795,17538,17548,10
13.0124797821,80.2590866089,17548,17558,10
13.0135602951,80.2591400146,17558,17568,10
13.0147895813,80.2591781616,17568,17578,10
13.0157604218,80.2593383789,17578,17588,10
13.0165100098,80.2597579956,17588,17598,10
13.0172195435,80.2602310181,17598,17609,11
13.0179796219,80.2607421875,17609,17619,10
13.0185804367,80.2611618042,17619,17659,40
13.0185804367,80.2611618042,17659,17669,10
13.018819809,80.2613296509,17669,17679,10
13.0193395615,80.2617797852,17679,17689,10
13.019780159,80.262260437,17689,17699,10
13.0203800201,80.2627182007,17699,17710,11
13.0211896896,80.2629776001,17710,17720,10
13.0218296051,80.2632293701,17720,17730,10
13.0220804214,80.2633590698,17730,17740,10
13.0224103928,80.2635116577,17740,17750,10
13.0229301453,80.2637863159,17750,17760,10
13.0233802795,80.2640609741,17760,17770,10
13.0238599777,80.2642974854,17770,17780,10
13.0245199203,80.2647476196,17780,17790,10
13.0250396729,80.2651367188,17790,17800,10
13.0256299973,80.2655334473,17800,17810,10
13.0261697769,80.2658615112,17810,17821,11
13.0263204575,80.2656173706,17821,17831,10
13.0263204575,80.2655792236,17831,17841,10
13.0263795853,80.2654418945,17841,17851,10
13.0264196396,80.265007019,17851,17861,10
13.0265302658,80.2641525269,17861,17891,30
13.0265302658,80.2641525269,17891,17901,10
13.0265798569,80.2638626099,17901,17911,10
13.0266895294,80.2634429932,17911,17921,10
13.0272197723,80.2635421753,17921,17932,11
13.027970314,80.2637023926,17932,17942,10
13.0286502838,80.263923645,17942,17952,10
13.029129982,80.2640609741,17952,17962,10
13.0293502808,80.2642288208,17962,17972,10
13.0293302536,80.2647399902,17972,17982,10
13.029299736,80.265411377,17982,17992,10
13.029250145,80.2660369873,17992,18002,10
13.0292596817,80.2660598755,18002,18012,10
13.0292596817,80.2661972046,18012,18022,10
13.0292396545,80.266456604,18022,18033,11
13.0293302536,80.2665863037,18033,18043,10
13.0297603607,80.2666397095,18043,18053,10
13.0304803848,80.2667236328,18053,18063,10
13.0312700272,80.2668991089,18063,18073,10
13.0320196152,80.2672195435,18073,18083,10
13.0326099396,80.2675018311,18083,18093,10
13.0330896378,80.2677307129,18093,18103,10
13.0334701538,80.2678375244,18103,18113,10
13.0339403152,80.2679290771,18113,18123,10
13.0340900421,80.2679595947,18123,18133,10
13.0341396332,80.2679824829,18133,18144,11
13.0345401764,80.2680435181,18144,18154,10
13.0350999832,80.2679367065,18154,18164,10
13.0358295441,80.267829895,18164,18173,9
13.0365104675,80.2677078247,18173,18184,11
13.0367298126,80.2676620483,18184,18194,10
13.0369796753,80.2676086426,18194,18204,10
13.0375900269,80.2676391602,18204,18214,10
13.0383396149,80.2676620483,18214,18224,10
13.0389499664,80.2676773071,18224,18234,10
13.0396003723,80.2678070068,18234,18244,10
13.0401000977,80.2679824829,18244,18255,11
13.040599823,80.2681427002,18255,18265,10
13.0406103134,80.2681427002,18265,18275,10
13.0410499573,80.2681884766,18275,18285,10
13.0416002274,80.2681808472,18285,18295,10
13.0416097641,80.2681884766,18295,18305,10
13.0420598984,80.268157959,18305,18315,10
13.0427103043,80.2679824829,18315,18325,10
13.0431699753,80.2677078247,18325,18335,10
13.0434303284,80.2675323486,18335,18345,10
13.0437402725,80.2673416138,18345,18356,11
13.0443496704,80.2669830322,18356,18366,10
13.0449104309,80.2667388916,18366,18376,10
13.0456104279,80.2666320801,18376,18386,10
13.0462598801,80.2664413452,18386,18396,10
13.0471601486,80.2663192749,18396,18416,20
13.0471601486,80.2663192749,18416,18426,10
13.0475196838,80.2663421631,18426,18436,10
13.0479602814,80.26612854,18436,18446,10
13.0483503342,80.2658233643,18446,18456,10
13.0486898422,80.2654190063,18456,18466,10
13.0489397049,80.2649307251,18466,18477,11
13.0492095947,80.2641906738,18477,18487,10
13.0496702194,80.2640686035,18487,18503,16
13.0508003235,80.2641372681,18503,18515,12
13.0515604019,80.2639923096,18515,18523,8
13.0519800186,80.2638702393,18523,18535,12
13.0524301529,80.2637481689,18535,18544,9
13.0524597168,80.2637710571,18544,18555,11
13.0525903702,80.2638092041,18555,18565,10
13.0532197952,80.2638931274,18565,18576,11
13.0540895462,80.2641067505,18576,18586,10
13.0545597076,80.2642822266,18586,18596,10
13.0546197891,80.2642974854,18596,18606,10
13.055100441,80.2643814087,18606,18616,10
13.0558204651,80.2645187378,18616,18626,10
13.0565004349,80.2646026611,18626,18636,10
13.0570697784,80.2647323608,18636,18646,10
13.0575399399,80.2649612427,18646,18656,10
13.0577497482,80.2650680542,18656,18666,10
13.0579996109,80.2646331787,18666,18676,10
13.0578899384,80.2636566162,18676,18687,11
13.0577802658,80.2624130249,18687,18697,10
13.0576200485,80.2614593506,18697,18707,10
13.0577201843,80.2610092163,18707,18717,10
13.0581197739,80.2609481812,18717,18727,10
13.0585403442,80.2609176636,18727,18737,10
13.0588903427,80.2608795166,18737,18747,10
13.0594797134,80.2606811523,18747,18756,9
13.059800148,80.2604675293,18756,18766,10
13.0600204468,80.260597229,18766,18777,11
13.0605602264,80.2612533569,18777,18787,10
13.061249733,80.2619400024,18787,18798,11
13.0616903305,80.2623901367,18798,18808,10
13.0620603561,80.2628936768,18808,18818,10
13.0625801086,80.2635498047,18818,18828,10
13.0632095337,80.2643203735,18828,18838,10
13.063659668,80.2650222778,18838,18848,10
13.0639400482,80.2654724121,18848,18858,10
13.0641202927,80.2657012939,18858,18878,20
13.0641202927,80.2657012939,18878,18888,10
13.0642795563,80.2658615112,18888,18899,11
13.0644397736,80.2660293579,18899,18909,10
13.0646095276,80.2662506104,18909,18919,10
13.0648603439,80.2666015625,18919,18929,10
13.0654201508,80.2671203613,18929,18939,10
13.0659999847,80.2678222656,18939,18949,10
13.0667104721,80.268447876,18949,18959,10
13.067440033,80.2689285278,18959,18969,10
13.0677995682,80.2691421509,18969,18979,10
13.0681295395,80.2693786621,18979,18988,9
13.0682401657,80.2697982788,18988,18999,11
13.0681295395,80.2707519531,18999,19010,11
13.0683603287,80.2715911865,19010,19020,10
13.0691204071,80.2719573975,19020,19030,10
13.0698204041,80.2727508545,19030,19040,10
13.0704603195,80.2735214233,19040,19050,10
13.0710401535,80.2741012573,19050,19060,10
13.0711202621,80.2741088867,19060,19070,10
13.071559906,80.2742767334,19070,19080,10
13.0721998215,80.274772644,19080,19090,10
13.0727796555,80.2754364014,19090,19100,10
13.0734996796,80.2762069702,19100,19111,11
13.0743198395,80.2763824463,19111,19121,10
13.0751104355,80.2763214111,19121,19131,10
13.0757598877,80.2762985229,19131,19141,10
13.0760202408,80.2762832642,19141,19151,10
13.0765399933,80.276260376,19151,19161,10
13.0771903992,80.2762069702,19161,19171,10
13.0778198242,80.2761688232,19171,19181,10
13.078209877,80.2758026123,19181,19191,10
13.0784397125,80.2752990723,19191,19201,10
13.0788497925,80.2751235962,19201,19211,10
13.0793800354,80.2752380371,19211,19222,11
13.0803604126,80.2752914429,19222,19232,10
13.0815296173,80.275177002,19232,19272,40
13.0815296173,80.275177002,19272,19282,10
13.0816402435,80.2751693726,19282,19292,10
13.0819301605,80.2752838135,19292,19302,10
13.0819702148,80.2754211426,19302,19312,10
13.0820102692,80.2755508423,19312,19343,31
13.0820102692,80.2755508423,19343,19353,10
13.0820398331,80.2757034302,19353,19363,10
13.0819501877,80.2759933472,19363,19373,10
13.0818901062,80.2764129639,19373,19383,10
13.0819702148,80.2773590088,19383,19393,10
13.0822296143,80.2780227661,19393,19403,10
13.0829200745,80.2780685425,19403,19413,10
13.083319664,80.2780838013,19413,19423,10
13.0834598541,80.2784118652,19423,19433,10
13.0837097168,80.279083252,19433,19450,17
13.0853395462,80.2794799805,19450,19462,12
13.0857400894,80.2805175781,19462,19472,10
13.0857801437,80.281036377,19472,19482,10
13.0856599808,80.2818527222,19482,19492,10
13.0855197906,80.2826004028,19492,19502,10
13.0854501724,80.2832794189,19502,19512,10
13.0855197906,80.2835617065,19512,19521,9
13.0857801437,80.2835617065,19521,19533,12
13.0863800049,80.2835998535,19533,19543,10
13.0868501663,80.2836990356,19543,19554,11
13.0874099731,80.2836837769,19554,19564,10
13.0879402161,80.2836914063,19564,19806,242
13.0879602432,80.2839202881,19806,19856,50
13.0879602432,80.2839202881,19856,19866,10
13.0882797241,80.2838516235,19866,19877,11
13.0883798599,80.2833786011,19877,19887,10
13.0883398056,80.2826004028,19887,19897,10
13.0882501602,80.2819824219,19897,19907,10
13.0880203247,80.281539917,19907,19917,10
13.0874204636,80.2813110352,19917,19927,10
13.0867595673,80.2810974121,19927,19937,10
13.0861196518,80.280921936,19937,19947,10
13.0857400894,80.2805175781,19947,19957,10
13.0855102539,80.2797470093,19957,19967,10
13.0848703384,80.2793121338,19967,19977,10
13.0840797424,80.2791595459,19977,19988,11
13.0833501816,80.2789535522,19988,19998,10
13.0826597214,80.2786636353,19998,20008,10
13.0821199417,80.2784423828,20008,20018,10
13.0819597244,80.2779312134,20018,20028,10
13.0818099976,80.2766876221,20028,20048,20
13.0818099976,80.2766876221,20048,20058,10
13.0817899704,80.2766036987,20058,20068,10
13.0816698074,80.2759170532,20068,20099,31
13.0816698074,80.2759170532,20099,20109,10
13.0816802979,80.2757873535,20109,20119,10
13.0816202164,80.2755126953,20119,20139,20
13.0816202164,80.2755126953,20139,20149,10
13.081410408,80.2752075195,20149,20159,10
13.0810604095,80.2752380371,20159,20169,10
13.080739975,80.2752838135,20169,20179,10
13.0802497864,80.2753372192,20179,20189,10
13.0798101425,80.2753829956,20189,20200,11
13.0790700912,80.2752532959,20200,20210,10
13.0784902573,80.2753219604,20210,20220,10
13.0782003403,80.2759094238,20220,20230,10
13.0777797699,80.2762298584,20230,20240,10
13.0770597458,80.276260376,20240,20250,10
13.076379776,80.2762985229,20250,20260,10
13.0758199692,80.2763214111,20260,20270,10
13.0751104355,80.2763214111,20270,20280,10
13.0743598938,80.2763519287,20280,20290,10
13.0740604401,80.2766494751,20290,20300,10
13.0743398666,80.2770767212,20300,20311,11
13.0746603012,80.2774200439,20311,20321,10
13.074839592,80.2776107788,20321,20331,10
13.0753498077,80.2781677246,20331,20341,10
13.0758495331,80.2786026001,20341,20351,10
13.0761604309,80.2790222168,20351,20361,10
13.0760602951,80.2791519165,20361,20371,10
13.0758304596,80.2789382935,20371,20381,10
13.0752601624,80.2782516479,20381,20391,10
13.0747900009,80.2777023315,20391,20401,10
13.0745000839,80.2773666382,20401,20411,10
13.073800087,80.2766418457,20411,20422,11
13.0727996826,80.2755584717,20422,20432,10
13.0720996857,80.2748184204,20432,20442,10
13.071559906,80.2744522095,20442,20452,10
13.0708303452,80.2741012573,20452,20462,10
13.0704803467,80.2736663818,20462,20472,10
13.0701198578,80.2732009888,20472,20482,10
13.069729805,80.2727584839,20482,20492,10
13.0692501068,80.2722625732,20492,20502,10
13.0689001083,80.2720031738,20502,20503,1
13.0688800812,80.271987915,20503,20543,40
13.0685901642,80.2720108032,20543,20553,10
13.0684099197,80.2718734741,20553,20563,10
13.0680398941,80.271232605,20563,20573,10
13.0675401688,80.2705230713,20573,20583,10
13.0667800903,80.2697601318,20583,20593,10
13.0664701462,80.2689819336,20593,20603,10
13.0664100647,80.2684631348,20603,20613,10
13.0660200119,80.2679595947,20613,20624,11
13.0655097961,80.2676925659,20624,20641,17
13.0651397705,80.267616272,20641,20651,10
13.0646295547,80.267539978,20651,20660,9
13.0640096664,80.2674331665,20660,20671,11
13.0632696152,80.2673034668,20671,20681,10
13.0628204346,80.2672424316,20681,20691,10
13.0625095367,80.266960144,20691,20701,10
13.0621004105,80.2663726807,20701,20711,10
13.0617198944,80.2658309937,20711,20721,10
13.0612802505,80.2652587891,20721,20731,10
13.0608100891,80.2652282715,20731,20741,10
13.0604801178,80.2654037476,20741,20752,11
13.0598697662,80.2656097412,20752,20771,19
13.0583295822,80.265411377,20771,20783,12
13.0577402115,80.2651672363,20783,20793,10
13.0571899414,80.2649002075,20793,20803,10
13.0571403503,80.2648620605,20803,20812,9
13.0570001602,80.2647628784,20812,20821,9
13.0567302704,80.2646636963,20821,20833,12
13.0562496185,80.2645721436,20833,20843,10
13.055439949,80.2644729614,20843,20854,11
13.054309845,80.264289856,20854,20873,19
13.054309845,80.264289856,20873,20885,12
13.0542402267,80.2642669678,20885,20895,10
13.0539197922,80.2641372681,20895,20904,9
13.0537395477,80.263999939,20904,20915,11
13.0532798767,80.263923645,20915,20925,10
13.0527000427,80.2638626099,20925,20935,10
13.0521202087,80.2638168335,20935,20945,10
13.0518198013,80.263923645,20945,20956,11
13.0515298843,80.2639923096,20956,20966,10
13.0509996414,80.2641067505,20966,20976,10
13.0504598618,80.2641296387,20976,20986,10
13.0499000549,80.2640914917,20986,20996,10
13.0491695404,80.2642593384,20996,21006,10
13.0489196777,80.2649383545,21006,21016,10
13.048620224,80.2654800415,21016,21026,10
13.0481100082,80.2659683228,21026,21036,10
13.047659874,80.2662963867,21036,21046,10
13.0475597382,80.2663421631,21046,21056,10
13.0474901199,80.2663269043,21056,21067,11
13.0470304489,80.2663497925,21067,21077,10
13.0464801788,80.266418457,21077,21087,10
13.0457601547,80.2666091919,21087,21097,10
13.044960022,80.266708374,21097,21107,10
13.0444803238,80.2668685913,21107,21117,10
13.0440797806,80.2670974731,21117,21127,10
13.043510437,80.2674636841,21127,21137,10
13.0430603027,80.2677536011,21137,21147,10
13.0425596237,80.268081665,21147,21157,10
13.0421800613,80.2681808472,21157,21167,10
13.0416202545,80.2682418823,21167,21178,11
13.0409603119,80.2682266235,21178,21188,10
13.0406599045,80.2681808472,21188,21198,10
13.0405397415,80.2681274414,21198,21208,10
13.0400104523,80.2679214478,21208,21224,16
13.0396499634,80.2677993774,21224,21236,12
13.0388298035,80.2676773071,21236,21244,8
13.0383300781,80.2676620483,21244,21256,12
13.0375795364,80.2676696777,21256,21266,10
13.0372800827,80.2676620483,21266,21276,10
13.0366601944,80.2677078247,21276,21287,11
13.0356903076,80.267868042,21287,21297,10
13.0350999832,80.2679595947,21297,21307,10
13.0345401764,80.2680511475,21307,21316,9
13.0341396332,80.2680282593,21316,21328,12
13.0340795517,80.2680282593,21328,21337,9
13.0339002609,80.2680206299,21337,21348,11
13.0334701538,80.2678985596,21348,21358,10
13.0330495834,80.2678604126,21358,21368,10
13.0326900482,80.2677001953,21368,21378,10
13.0325202942,80.2674789429,21378,21388,10
13.0321798325,80.2672805786,21388,21399,11
13.0316400528,80.2670211792,21399,21409,10
13.0309400558,80.2667999268,21409,21419,10
13.0304002762,80.2667236328,21419,21429,10
13.0298595428,80.2666397095,21429,21439,10
13.0292901993,80.2665481567,21439,21449,10
13.0290298462,80.2663879395,21449,21459,10
13.0289201736,80.2663192749,21459,21469,10
13.0284099579,80.2662963867,21469,21479,10
13.0279998779,80.2662200928,21479,21489,10
13.0277900696,80.2661895752,21489,21500,11
13.027130127,80.2661895752,21500,21540,40
13.027130127,80.2661895752,21540,21550,10
13.0268201828,80.2661209106,21550,21560,10
13.0266799927,80.2660827637,21560,21570,10
13.026599884,80.2660598755,21570,21580,10
13.0263299942,80.2660217285,21580,21590,10
13.026140213,80.2660598755,21590,21600,10
13.0259799957,80.2662734985,21600,21611,11
13.0262804031,80.2663726807,21611,21631,20
13.0262804031,80.2663726807,21631,21641,10
13.0262403488,80.2661590576,21641,21651,10
13.0260801315,80.2660598755,21651,21661,10
13.0258598328,80.2660369873,21661,21691,30
13.0259895325,80.2661819458,21691,21722,31
13.0261096954,80.2662734985,21722,21752,30
13.026260376,80.2662811279,21752,21772,20
13.026260376,80.2662811279,21772,21782,10
13.0265398026,80.2663803101,21782,21823,41
13.0265398026,80.2663803101,21823,21833,10
13.0264196396,80.2663192749,21833,21843,10
13.0264596939,80.2663192749,21843,21853,10
13.0263795853,80.2661972046,21853,21863,10
13.0262002945,80.2662963867,21863,21873,10
13.0261497498,80.2662963867,21873,21883,10
13.0261602402,80.2660827637,21883,21923,40
13.0261602402,80.2660827637,21923,21933,10
13.0261697769,80.2658691406,21933,21944,11
13.0257501602,80.2656402588,21944,21954,10
13.025270462,80.2653427124,21954,21964,10
13.0251502991,80.2652587891,21964,21974,10
13.0248403549,80.2649917603,21974,21984,10
13.0243396759,80.2646102905,21984,21994,10
13.0236597061,80.2642593384,21994,22004,10
13.0228900909,80.2637863159,22004,22014,10
13.0221796036,80.2634887695,22014,22024,10
13.0220298767,80.263381958,22024,22034,10
13.0216999054,80.2632369995,22034,22045,11
13.0208301544,80.2630615234,22045,22055,10
13.0199604034,80.2629776001,22055,22065,10
13.0191698074,80.2629013062,22065,22075,10
13.0189304352,80.2625427246,22075,22085,10
13.0187997818,80.2616882324,22085,22095,10
13.018239975,80.2610321045,22095,22105,10
13.0174198151,80.2604827881,22105,22115,10
13.0168600082,80.2600784302,22115,22125,10
13.0162096024,80.2597579956,22125,22135,10
13.0160799026,80.2596893311,22135,22146,11
13.0158500671,80.2595672607,22146,22156,10
13.0152597427,80.2593765259,22156,22166,10
13.0144100189,80.2593078613,22166,22176,10
13.0134096146,80.2592697144,22176,22186,10
13.0123300552,80.2592163086,22186,22196,10
13.011300087,80.2591781616,22196,22206,10
13.0104799271,80.2592163086,22206,22216,10
13.0095901489,80.2592086792,22216,22226,10
13.0088300705,80.2592086792,22226,22236,10
13.0085897446,80.2592010498,22236,22246,10
13.0079898834,80.2592391968,22246,22257,11
13.0073900223,80.2591781616,22257,22267,10
13.0071201324,80.2585601807,22267,22277,10
13.0068101883,80.2579727173,22277,22287,10
13.0065603256,80.2574310303,22287,22297,10
13.0065097809,80.2565612793,22297,22307,10
13.0065402985,80.2556381226,22307,22317,10
13.0065698624,80.2548904419,22317,22327,10
13.0065402985,80.2540969849,22327,22337,10
13.0065402985,80.2531967163,22337,22347,10
13.0065498352,80.2530593872,22347,22357,10
13.0065603256,80.2524414063,22357,22368,11
13.0067300797,80.2515029907,22368,22378,10
13.0067901611,80.2503585815,22378,22388,10
13.0067901611,80.2491073608,22388,22398,10
13.0066795349,80.2480392456,22398,22408,10
13.0066204071,80.2475280762,22408,22428,20
13.0066204071,80.2475280762,22428,22438,10
13.0066299438,80.247467041,22438,22448,10
13.0066404343,80.2470092773,22448,22458,10
13.0065803528,80.2465362549,22458,22468,10
13.0066204071,80.2463378906,22468,22479,11
13.0066404343,80.2455978394,22479,22489,10
13.0066604614,80.244682312,22489,22499,10
13.0066299438,80.2437133789,22499,22509,10
13.0065898895,80.2427062988,22509,22519,10
13.0065498352,80.2418365479,22519,22529,10
13.0065698624,80.2417221069,22529,22539,10
13.0065898895,80.2412109375,22539,22549,10
13.0067396164,80.2404098511,22549,22559,10
13.0069303513,80.2394180298,22559,22569,10
13.007109642,80.2384567261,22569,22580,11
13.007349968,80.2373428345,22580,22590,10
13.007399559,80.2366714478,22590,22600,10
13.0074501038,80.2365188599,22600,22610,10
13.0076198578,80.2360076904,22610,22620,10
13.0077896118,80.2351989746,22620,22630,10
13.0079698563,80.2342224121,22630,22640,10
13.0082197189,80.2331008911,22640,22650,10
13.0084695816,80.231880188,22650,22660,10
13.0087003708,80.2306976318,22660,22670,10
13.0089502335,80.2295074463,22670,22680,10
13.009180069,80.2283325195,22680,22691,11
13.0096797943,80.2271270752,22691,22701,10
13.0101099014,80.2262115479,22701,22711,10
13.0105895996,80.2252807617,22711,22721,10
13.0109901428,80.2243804932,22721,22731,10
13.0113201141,80.2234725952,22731,22741,10
13.0116300583,80.2226715088,22741,22751,10
13.0118703842,80.2219085693,22751,22761,10
13.0122098923,80.2214813232,22761,22771,10
13.0125303268,80.2218017578,22771,22781,10
13.012960434,80.2223587036,22781,22791,10
13.013469696,80.2229537964,22791,22802,11
13.0140199661,80.2235870361,22802,22812,10
13.0145196915,80.2242126465,22812,22822,10
13.0151596069,80.2248382568,22822,22832,10
13.0155696869,80.2251434326,22832,22842,10
13.01583004,80.2252883911,22842,22852,10
13.0165596008,80.2253112793,22852,22862,10
13.0175600052,80.2249298096,22862,22872,10
13.0186595917,80.2244796753,22872,22882,10
13.0196399689,80.2244873047,22882,22891,9
13.0200500488,80.2247390747,22891,22903,12
13.0205497742,80.2251281738,22903,22913,10
13.0211801529,80.2256317139,22913,22923,10
13.0218601227,80.2260818481,22923,22933,10
13.0219898224,80.2261886597,22933,22943,10
13.0222101212,80.2264099121,22943,22953,10
13.0227499008,80.2268981934,22953,22963,10
13.0234603882,80.2275466919,22963,22973,10
13.0241603851,80.2282791138,22973,22983,10
13.0244197845,80.2285995483,22983,22993,10
13.0247602463,80.2291030884,22993,23003,10
13.0253200531,80.2298202515,23003,23014,11
13.025850296,80.2306976318,23014,23023,9
13.026049614,80.2313232422,23023,23034,11
13.0266599655,80.2312164307,23034,23044,10
13.0275297165,80.2310028076,23044,23054,10
13.0282802582,80.2309188843,23054,23064,10
13.0283298492,80.2309188843,23064,23074,10
13.0288295746,80.2308731079,23074,23084,10
13.0293703079,80.230796814,23084,23094,10
13.02987957,80.230758667,23094,23104,10
13.0304498672,80.2307128906,23104,23114,10
13.0309801102,80.230682373,23114,23125,11
13.0317401886,80.2306289673,23125,23135,10
13.0327196121,80.2305526733,23135,23145,10
13.033659935,80.2304763794,23145,23155,10
13.0343198776,80.2304000854,23155,23165,10
13.0348796844,80.2302627563,23165,23175,10
13.0349597931,80.23021698,23175,23195,20
13.0347003937,80.2303390503,23195,24348,1153
13.0347003937,80.2303390503,24348,24358,10
13.0343904495,80.2304229736,24358,24368,10
13.0342197418,80.2304229736,24368,24408,40
13.0342197418,80.2304229736,24408,24419,11
13.0339603424,80.2304382324,24419,24429,10
13.0338001251,80.230430603,24429,24439,10
13.0336399078,80.2304382324,24439,24449,10
13.033490181,80.2304382324,24449,24459,10
13.0330600739,80.2304763794,24459,24469,10
13.0323801041,80.2305526733,24469,24479,10
13.0315303802,80.2306289673,24479,24489,10
13.0309696198,80.2306976318,24489,24499,10
13.0305995941,80.2307434082,24499,24509,10
13.0301399231,80.2307662964,24509,24519,10
13.0298500061,80.230796814,24519,24530,11
13.0296001434,80.2308120728,24530,24540,10
13.0290298462,80.2309112549,24540,24550,10
13.0284004211,80.2309494019,24550,24560,10
13.0280399323,80.2309875488,24560,24570,10
13.0277795792,80.231010437,24570,24586,16
13.0277500153,80.2316436768,24586,24598,12
13.0278100967,80.2322769165,24598,24606,8
13.027879715,80.2327194214,24606,24618,12
13.0270595551,80.2330093384,24618,24659,41
13.0270595551,80.2330093384,24659,24669,10
13.0268802643,80.2330093384,24669,24679,10
13.0264997482,80.2329330444,24679,24689,10
13.026260376,80.2322311401,24689,24699,10
13.0260000229,80.2312774658,24699,24709,10
13.0255699158,80.2301712036,24709,24719,10
13.0248498917,80.2292404175,24719,24729,10
13.0242204666,80.2284469604,24729,24740,11
13.0235795975,80.2276611328,24740,24750,10
13.0243797302,80.2286376953,24750,25799,1049
13.0243797302,80.2286376953,25799,25809,10
13.0292100906,80.2659835815,25809,25840,31
13.0292100906,80.2659835815,25840,25850,10
13.0292301178,80.266418457,25850,25860,10
13.0295696259,80.2665481567,25860,25870,10
13.0302295685,80.2666397095,25870,25880,10
13.0310096741,80.2668075562,25880,25890,10
13.0317401886,80.2670669556,25890,25900,10
13.0323400497,80.2673187256,25900,25910,10
13.0327701569,80.2676010132,25910,25920,10
13.0329198837,80.2676467896,25920,25930,10
13.0331697464,80.2677383423,25930,25941,11
13.0338802338,80.2678909302,25941,25961,20
13.0338802338,80.2678909302,25961,25971,10
13.0339603424,80.2679595947,25971,25981,10
13.0343599319,80.2680282593,25981,25991,10
13.0345897675,80.2680435181,25991,26001,10
13.0344800949,80.2681884766,26001,26021,20
13.0344800949,80.2681884766,26021,26031,10
13.0340795517,80.2679977417,26031,26041,10
13.033659935,80.2678909302,26041,27040,999
13.033659935,80.2678909302,27040,27050,10
13.0332603455,80.2677536011,27050,27060,10
13.0329799652,80.2676773071,27060,27070,10
13.0326499939,80.267539978,27070,27080,10
13.0323801041,80.2674179077,27080,27090,10
13.0318498611,80.2671508789,27090,27100,10
13.031709671,80.2670898438,27100,27110,10
13.031370163,80.2669219971,27110,27120,10
13.0307998657,80.2667388916,27120,27131,11
13.0298404694,80.2666015625,27131,27151,20
13.0298404694,80.2666015625,27151,27161,10
13.0296602249,80.2665863037,27161,27171,10
13.0293397903,80.2665176392,27171,27181,10
13.0289697647,80.2664108276,27181,27191,10
13.0283403397,80.2662200928,27191,27201,10
13.0275802612,80.2660903931,27201,27211,10
13.0268201828,80.2659988403,27211,27221,10
13.026260376,80.2659378052,27221,27231,10
13.0257396698,80.2656707764,27231,27242,11
13.025270462,80.2653427124,27242,27252,10
13.025270462,80.2653274536,27252,27262,10
13.0251598358,80.2651824951,27262,27272,10
13.0247097015,80.2648696899,27272,27281,9
13.0241203308,80.2643966675,27281,27292,11
13.0232496262,80.2639465332,27292,27302,10
13.0221595764,80.2634124756,27302,27332,30
13.0221595764,80.2634124756,27332,27342,10
13.0215797424,80.2631378174,27342,27353,11
13.0206899643,80.2630233765,27353,27363,10
13.0198602676,80.2629699707,27363,27373,10
13.0191497803,80.2629165649,27373,27383,10
13.0188999176,80.2624664307,27383,27393,10
13.0187597275,80.261680603,27393,27413,20
13.0187597275,80.261680603,27413,27423,10
13.0187397003,80.2614822388,27423,27433,10
13.0184803009,80.261177063,27433,27443,10
13.0178604126,80.2607574463,27443,27453,10
13.017080307,80.2602462769,27453,27464,11
13.0162401199,80.2597579956,27464,27474,10
13.0162000656,80.2597427368,27474,27484,10
13.0158596039,80.2595825195,27484,27494,10
13.0151596069,80.2593688965,27494,27504,10
13.0142698288,80.2592926025,27504,27514,10
13.0131902695,80.2592468262,27514,27524,10
13.0120096207,80.2592086792,27524,27534,10
13.0109100342,80.2591781616,27534,27544,10
13.0100002289,80.2592391968,27544,27554,10
13.0098600388,80.2592391968,27554,27565,11
13.0093202591,80.2592086792,27565,27575,10
13.0089197159,80.2592010498,27575,27585,10
13.008600235,80.2592086792,27585,27595,10
13.0079698563,80.2592163086,27595,27605,10
13.0074300766,80.2591781616,27605,27615,10
13.0072402954,80.2587814331,27615,27624,9
13.007229805,80.2587738037,27624,27635,11
13.0071697235,80.2586593628,27635,27645,10
13.0069198608,80.2582321167,27645,27655,10
13.0066795349,80.2578964233,27655,27665,10
13.0065603256,80.2577972412,27665,27676,11
13.0065202713,80.2573013306,27676,27686,10
13.0065202713,80.2566833496,27686,27696,10
13.0065202713,80.255821228,27696,27706,10
13.0065803528,80.2549285889,27706,27716,10
13.0065402985,80.2540969849,27716,27726,10
13.0065202713,80.253692627,27726,27736,10
13.0065402985,80.2531509399,27736,27746,10
13.0065498352,80.2530670166,27746,27756,10
13.0066003799,80.252281189,27756,27787,31
13.0066003799,80.252281189,27787,27803,16
13.0066795349,80.2518005371,27803,27815,12
13.0067901611,80.2509078979,27815,27825,10
13.0067596436,80.2498779297,27825,27835,10
13.0067596436,80.2495574951,27835,27844,9
13.0067501068,80.249168396,27844,27854,10
13.0066404343,80.2480010986,27854,27896,42
13.0066404343,80.2480010986,27896,27906,10
13.0066099167,80.2479171753,27906,27916,10
13.0066404343,80.2475585938,27916,27926,10
13.0065803528,80.24659729,27926,27946,20
13.0065803528,80.24659729,27946,27956,10
13.0066404343,80.2463607788,27956,27966,10
13.0066795349,80.2456893921,27966,27976,10
13.0066795349,80.2447662354,27976,27986,10
13.0066604614,80.2439193726,27986,27997,11
13.0066204071,80.2430267334,27997,28007,10
13.0066003799,80.2421798706,28007,28017,10
13.0065803528,80.2415924072,28017,28027,10
13.0065898895,80.2415924072,28027,28037,10
13.0066099167,80.2414093018,28037,28047,10
13.0066604614,80.2409591675,28047,28057,10
13.0066795349,80.2407836914,28057,28067,10
13.0067796707,80.2404022217,28067,28077,10
13.0068397522,80.239906311,28077,28093,16
13.007109642,80.2384567261,28093,28105,12
13.0074100494,80.237159729,28105,28116,11
13.0074396133,80.2367095947,28116,28126,10
13.0074996948,80.2365875244,28126,28136,10
13.0076398849,80.2360305786,28136,28146,10
13.0078201294,80.2352218628,28146,28156,10
13.008020401,80.2342605591,28156,28165,9
13.0082197189,80.2332229614,28165,28176,11
13.008480072,80.2319107056,28176,28186,10
13.0087099075,80.230682373,28186,28196,10
13.0089502335,80.2294692993,28196,28206,10
13.0091896057,80.2283172607,28206,28217,11
13.0096797943,80.227180481,28217,28227,10
13.0101299286,80.2262191772,28227,28237,10
13.01060009,80.2253265381,28237,28247,10
13.0109701157,80.2243423462,28247,28257,10
13.0114202499,80.2233200073,28257,28277,20
13.0114202499,80.2233200073,28277,28287,10
13.0115499496,80.2230987549,28287,28297,10
13.0117797852,80.2224273682,28297,28307,10
13.012140274,80.2216033936,28307,28317,10
13.0124101639,80.2215118408,28317,28328,11
13.0128002167,80.222038269,28328,28338,10
13.0134096146,80.2226867676,28338,28348,10
13.0140895844,80.223449707,28348,28358,10
13.0147104263,80.2242965698,28358,28368,10
13.015250206,80.2247619629,28368,28378,10
13.0156202316,80.2250289917,28378,28388,10
13.0157604218,80.225189209,28388,28398,10
13.016409874,80.2253265381,28398,28408,10
13.0173196793,80.2250213623,28408,28418,10
13.0183601379,80.2245864868,28418,28428,10
13.0193996429,80.2243804932,28428,28439,11
13.0204401016,80.2250213623,28439,28449,10
13.0213098526,80.2256393433,28449,28459,10
13.0219898224,80.2261428833,28459,28479,20
13.0219898224,80.2261428833,28479,28489,10
13.0220403671,80.2262115479,28489,28499,10
13.0224304199,80.2265777588,28499,28509,10
13.0230302811,80.2271194458,28509,28519,10
13.023730278,80.2277679443,28519,28529,10
13.0243396759,80.2284622192,28529,28539,10
13.0247001648,80.2289581299,28539,28550,11
13.0251903534,80.2296218872,28550,28566,16
13.0258798599,80.2306671143,28566,28578,12
13.0259599686,80.2309265137,28578,28588,10
13.02602005,80.2312393188,28588,28598,10
13.0265398026,80.2312393188,28598,28608,10
13.027469635,80.2310180664,28608,28618,10
13.0281496048,80.2309188843,28618,28628,10
13.0287399292,80.2308502197,28628,28638,10
13.0293998718,80.230796814,28638,28648,10
13.0300197601,80.2307281494,28648,28659,11
13.0304498672,80.2306976318,28659,28669,10
13.030670166,80.2306900024,28669,28679,10
13.0311899185,80.2306518555,28679,28689,10
13.0319404602,80.2306213379,28689,28699,10
13.0327997208,80.2305526733,28699,28709,10
13.0336999893,80.2304763794,28709,28719,10
13.0340003967,80.2304229736,28719,28729,10
13.0344600677,80.2303695679,28729,28739,10
13.0349302292,80.230178833,28739,28749,10
13.0347995758,80.2300567627,28749,28770,21
13.0347995758,80.2300567627,28770,28780,10
13.0346899033,80.2300567627,28780,28790,10
13.0345096588,80.2300109863,28790,28911,121
13.0343799591,80.2299804688,28911,29032,121
13.0344200134,80.2300567627,29032,29980,948
13.0344200134,80.2300567627,29980,29990,10
13.0341501236,80.230178833,29990,30000,10
13.0340900421,80.2303771973,30000,30010,10
13.0334596634,80.2303771973,30010,30030,20
13.0334596634,80.2303771973,30030,30040,10
13.0331497192,80.2304916382,30040,30050,10
13.0325202942,80.2305526733,30050,30060,10
13.0316696167,80.2306365967,30060,30071,11
13.030670166,80.230758667,30071,30081,10
13.0289802551,80.2312164307,30081,30271,190
13.0289802551,80.2312164307,30271,30281,10
13.0252199173,80.2297286987,30281,30291,10
13.0246496201,80.2289581299,30291,30301,10
13.024479866,80.2283401489,30301,30311,10
13.0242004395,80.2277526855,30311,30321,10
13.0240602493,80.2274627686,30321,30331,10
13.0239801407,80.2281799316,30331,30341,10
13.0239601135,80.2282180786,30341,30351,10
13.0238399506,80.2279968262,30351,30361,10
13.0234804153,80.2276229858,30361,30371,10
13.0228595734,80.2269973755,30371,30387,16
13.0215196609,80.2258911133,30387,30400,13
13.0205898285,80.2252197266,30400,30410,10
13.0201396942,80.2249069214,30410,30418,8
13.0193500519,80.2244796753,30418,30430,12
13.0180902481,80.2247772217,30430,30440,10
13.0171003342,80.225189209,30440,30450,10
13.016500473,80.2254486084,30450,30460,10
13.0161304474,80.2255630493,30460,30470,10
13.0156002045,80.2257385254,30470,30480,10
13.0148601532,80.22605896,30480,30490,10
13.0142803192,80.2262802124,30490,30500,10
13.0140304565,80.2264404297,30500,30511,11
13.013999939,80.2264633179,30511,30531,20
13.0139503479,80.2264785767,30531,30543,12
13.0134496689,80.2266387939,30543,30553,10
13.0129699707,80.2268371582,30553,30563,10
13.0118598938,80.2273483276,30563,30572,9
13.0110797882,80.2275085449,30572,30583,11
13.0098400116,80.2280197144,30583,30593,10
13.0091295242,80.2286224365,30593,30603,10
13.0089998245,80.2294387817,30603,30614,11
13.0088701248,80.2302322388,30614,30624,10
13.008769989,80.2308120728,30624,30634,10
13.0086698532,80.2312927246,30634,30644,10
13.0085802078,80.2317199707,30644,30735,91
13.0085802078,80.2317199707,30735,30745,10
13.008480072,80.2319869995,30745,30755,10
13.0083599091,80.2326202393,30755,30765,10
13.0082101822,80.2336273193,30765,30785,20
13.0082101822,80.2336273193,30785,30795,10
13.0081396103,80.2338867188,30795,30805,10
13.0080404282,80.2343521118,30805,30815,10
13.007900238,80.2350616455,30815,30825,10
13.0077495575,80.235786438,30825,30836,11
13.0075597763,80.2368011475,30836,30846,10
13.007349968,80.2378387451,30846,30856,10
13.0071897507,80.2387237549,30856,30866,10
13.0071201324,80.2392196655,30866,30875,9
13.0069904327,80.2399902344,30875,30886,11
13.0068798065,80.240737915,30886,30906,20
13.0068798065,80.240737915,30906,30916,10
13.0068397522,80.2408828735,30916,30926,10
13.0067596436,80.2415008545,30926,30936,10
13.0067300797,80.242401123,30936,30947,11
13.0066604614,80.2435073853,30947,30957,10
13.0066604614,80.2443389893,30957,30967,10
13.0066795349,80.2446517944,30967,30977,10
13.0066795349,80.2450408936,30977,30987,10
13.0066995621,80.2456283569,30987,30997,10
13.0067501068,80.246383667,30997,31007,10
13.0067596436,80.2471084595,31007,31017,10
13.0067100525,80.2479019165,31017,31027,10
13.006770134,80.2487869263,31027,31037,10
13.0068702698,80.2495727539,31037,31048,11
13.0068702698,80.2496414185,31048,31058,10
13.0068502426,80.2497024536,31058,31068,10
13.006819725,80.2501602173,31068,31078,10
13.0068101883,80.2509078979,31078,31088,10
13.0068101883,80.2514572144,31088,31128,40
13.0068101883,80.2514572144,31128,31138,10
13.0067195892,80.2517623901,31138,31148,10
13.0065898895,80.2524490356,31148,31159,11
13.0065603256,80.2535400391,31159,31169,10
13.0065898895,80.2546920776,31169,31179,10
13.0066099167,80.255821228,31179,31189,10
13.0066299438,80.2566986084,31189,31199,10
13.0066795349,80.2570114136,31199,31239,40
13.0066795349,80.2570114136,31239,31249,10
13.0067195892,80.2574234009,31249,31259,10
13.0069999695,80.2580566406,31259,31270,11
13.0077400208,80.2586593628,31270,31290,20
13.0077400208,80.2586593628,31290,31300,10
13.0081501007,80.2588806152,31300,31310,10
13.0087499619,80.2590408325,31310,31320,10
13.0094404221,80.2590332031,31320,31330,10
13.0103702545,80.2590408325,31330,31340,10
13.0114803314,80.2590484619,31340,31350,10
13.0126495361,80.2590789795,31350,31360,10
13.0138998032,80.2591400146,31360,31370,10
13.0150995255,80.2592010498,31370,31381,11
13.0164403915,80.2596893311,31381,31411,30
13.0164403915,80.2596893311,31411,31421,10
13.0165901184,80.2598266602,31421,31431,10
13.0168600082,80.259979248,31431,31441,10
13.0173196793,80.2602996826,31441,31451,10
13.0179700851,80.2607574463,31451,31461,10
13.0186195374,80.2612075806,31461,31471,10
13.0187997818,80.2613601685,31471,31481,10
13.0192804337,80.2617797852,31481,31492,11
13.0199098587,80.2621765137,31492,31512,20
13.0199098587,80.2621765137,31512,31522,10
13.0215702057,80.2630996704,31522,31542,20
13.0215702057,80.2630996704,31542,31552,10
13.0222702026,80.2634429932,31552,31562,10
13.0227298737,80.2636413574,31562,31572,10
13.0229301453,80.263999939,31572,31581,9
13.0230703354,80.2640533447,31581,31593,12
13.0239200592,80.2644577026,31593,31613,20
13.0239200592,80.2644577026,31613,31623,10
13.0254898071,80.2654037476,31623,31633,10
13.025639534,80.2655410767,31633,31643,10
13.0257196426,80.2655792236,31643,31653,10
13.0260095596,80.2656021118,31653,31693,40
13.0263595581,80.2648391724,31693,31720,27
13.0263595581,80.2648391724,31720,31732,12
13.026599884,80.2637863159,31732,31742,10
13.0266799927,80.2633666992,31742,31752,10
13.0269699097,80.2633895874,31752,31762,10
13.0277700424,80.2635726929,31762,31772,10
13.028380394,80.2638092041,31772,31782,10
13.0284700394,80.2638168335,31782,31792,10
13.0291996002,80.2639694214,31792,31802,10
13.0293397903,80.2642822266,31802,31812,10
13.0293197632,80.264831543,31812,31823,11
13.0293102264,80.2655563354,31823,31833,10
13.029299736,80.2659912109,31833,31843,10
13.0292797089,80.2661514282,31843,31853,10
13.0292196274,80.2663803101,31853,31863,10
13.0292396545,80.2666320801,31863,31885,22
13.03125,80.2668762207,31885,31917,32
13.03125,80.2668762207,31917,31928,11
13.0316896439,80.266960144,31928,31938,10
13.0319299698,80.2669525146,31938,31957,19
13.0326099396,80.2671279907,31957,31989,32
13.0326099396,80.2671279907,31989,31999,10
13.0323600769,80.2674179077,31999,32020,21
13.0323600769,80.2674179077,32020,32029,9
13.0327997208,80.2677001953,32029,32040,11
13.0331697464,80.2679519653,32040,32050,10
13.0336303711,80.267791748,32050,32060,10
13.0339603424,80.2676696777,32060,32090,30
13.0339603424,80.2676696777,32090,32100,10
13.034620285,80.2680892944,32100,32110,10
13.034529686,80.2680892944,32110,32121,11
13.0341901779,80.2678909302,32121,32242,121
13.0331296921,80.2680892944,32242,32262,20
13.033370018,80.267791748,32262,32282,20
13.033370018,80.267791748,32282,32292,10
13.0332803726,80.267791748,32292,32575,283
13.0332803726,80.267791748,32575,32585,10
13.0332803726,80.2678375244,32585,33059,474
13.0332803726,80.2678375244,33059,33069,10
13.0331602097,80.2677230835,33069,33079,10
13.0328702927,80.2676696777,33079,33089,10
13.0326700211,80.2675094604,33089,33099,10
13.0324201584,80.2673873901,33099,33109,10
13.031920433,80.2671813965,33109,33119,10
13.0313596725,80.2669525146,33119,33129,10
13.0308599472,80.2667694092,33129,33140,11
13.030380249,80.2667388916,33140,33150,10
13.0299301147,80.2666091919,33150,33160,10
13.0297403336,80.2665710449,33160,33170,10
13.0295696259,80.2665634155,33170,33190,20
13.0295696259,80.2665634155,33190,33200,10
13.0291004181,80.266418457,33200,33210,10
13.0283298492,80.2662887573,33210,33220,10
13.0276203156,80.2662963867,33220,33230,10
13.0257396698,80.2663116455,33230,33301,71
13.0233697891,80.2641601563,33301,33340,39
13.0233697891,80.2641601563,33340,33350,10
13.0221300125,80.2632980347,33350,33360,10
13.0219402313,80.2632293701,33360,33370,10
13.0217599869,80.2631835938,33370,33451,81
13.0217599869,80.2631835938,33451,33461,10
13.0167703629,80.2598800659,33461,33471,10
13.0161800385,80.2596817017,33471,33481,10
13.0159797668,80.2596511841,33481,33501,20
13.015999794,80.2596511841,33501,33552,51
13.015999794,80.2596511841,33552,33562,10
13.0102796555,80.2592315674,33562,33572,10
13.0098695755,80.2592391968,33572,33582,10
13.0096197128,80.2592163086,33582,33592,10
13.0092496872,80.2592773438,33592,33602,10
13.0088100433,80.2592163086,33602,33612,10
13.0081796646,80.2593765259,33612,33622,10
13.0075302124,80.2592391968,33622,33632,10
13.0072698593,80.2586669922,33632,33653,21
13.0072698593,80.2586669922,33653,33663,10
13.0069704056,80.2579574585,33663,33673,10
13.0066404343,80.2576675415,33673,33683,10
13.0064201355,80.257522583,33683,33693,10
13.0067100525,80.2579574585,33693,33723,30
13.0068302155,80.2576293945,33723,33743,20
13.0068302155,80.2576293945,33743,33753,10
13.0065803528,80.2570877075,33753,33763,10
13.0064601898,80.2567977905,33763,33773,10
13.0064897537,80.2560424805,33773,33784,11
13.0065002441,80.2551727295,33784,33794,10
13.0064601898,80.2544403076,33794,33804,10
13.0064601898,80.2542877197,33804,33814,10
13.0065002441,80.2531509399,33814,33824,10
13.006529808,80.2531661987,33824,33834,10
13.0065002441,80.2531204224,33834,33844,10
13.0064096451,80.2528381348,33844,33854,10
13.006480217,80.2522506714,33854,33864,10
13.0066099167,80.2520065308,33864,33875,11
13.0066299438,80.2522125244,33875,33884,9
13.0066299438,80.2524795532,33884,33895,11
13.0068101883,80.2518768311,33895,33935,40
13.0068101883,80.2518768311,33935,33945,10
13.0071496964,80.2524108887,33945,33965,20
13.0064296722,80.2513427734,33965,34016,51
13.0064296722,80.2513427734,34016,34026,10
13.006819725,80.2491531372,34026,34036,10
13.0068597794,80.248840332,34036,34076,40
13.0068597794,80.248840332,34076,34086,10
13.0066995621,80.249168396,34086,34097,11
13.0063800812,80.2493133545,34097,34621,524
13.0063800812,80.2493133545,34621,34631,10
13.0076398849,80.2358779907,34631,34642,11
13.0075397491,80.2342529297,34642,34672,30
13.008480072,80.2326965332,34672,34702,30
13.008480072,80.2326965332,34702,34712,10
13.0092697144,80.2284164429,34712,34722,10
13.0097103119,80.2271728516,34722,34732,10
13.0100898743,80.2262802124,34732,34742,10
13.0104999542,80.225440979,34742,34752,10
13.0107297897,80.2249526978,34752,34763,11
13.0108098984,80.2244415283,34763,34773,10
13.0108804703,80.2240829468,34773,34783,10
13.0109300613,80.2236022949,34783,34793,10
13.0115203857,80.2227325439,34793,34803,10
13.0112695694,80.222038269,34803,34813,10
13.0111198425,80.2212677002,34813,34854,41
13.0140399933,80.2236099243,34854,34894,40
13.0140399933,80.2236099243,34894,34904,10
13.0157403946,80.2249832153,34904,34914,10
13.0158901215,80.225151062,34914,34924,10
13.016119957,80.2253570557,34924,34934,10
13.0171699524,80.2250900269,34934,34944,10
13.0180597305,80.2247314453,34944,34954,10
13.0187997818,80.2243728638,34954,34964,10
13.0193796158,80.224319458,34964,34995,31
13.0193796158,80.224319458,34995,35005,10
13.0195398331,80.2244110107,35005,35015,10
13.0197000504,80.224571228,35015,35025,10
13.0200099945,80.2247695923,35025,35035,10
13.0201597214,80.224861145,35035,35045,10
13.020359993,80.2249908447,35045,35055,10
13.0205602646,80.2251281738,35055,35065,10
13.0206403732,80.2251663208,35065,35075,10
13.0207595825,80.2252578735,35075,35085,10
13.0208501816,80.2253494263,35085,35096,11
13.0210504532,80.2255096436,35096,35106,10
13.0212602615,80.2257080078,35106,35116,10
13.0214195251,80.2258529663,35116,35126,10
13.0215902328,80.2259216309,35126,35136,10
13.0216903687,80.2259674072,35136,35146,10
13.0218400955,80.22605896,35146,35166,20
13.0218400955,80.22605896,35166,35176,10
13.0219202042,80.2260818481,35176,35187,11
13.0222301483,80.2265777588,35187,35348,161
13.0222301483,80.2265777588,35348,35358,10
13.0237903595,80.2278213501,35358,35368,10
13.0237703323,80.2277832031,35368,35378,10
13.0238895416,80.2278137207,35378,35388,10
13.0241203308,80.2281036377,35388,35408,20
13.0241203308,80.2281036377,35408,35419,11
13.0241003036,80.2280883789,35419,35429,10
13.0241298676,80.2281036377,35429,35439,10
13.0242004395,80.228187561,35439,35449,10
13.0242204666,80.2282104492,35449,35459,10
13.0243902206,80.2285003662,35459,35479,20
13.0243902206,80.2285003662,35479,35489,10
13.0246400833,80.228767395,35489,35499,10
13.0248003006,80.2289505005,35499,35509,10
13.025179863,80.2295684814,35509,35519,10
13.0255498886,80.2300796509,35519,35530,11
13.0258197784,80.2304992676,35530,35540,10
13.0258398056,80.2305374146,35540,35550,10
13.0259504318,80.2307510376,35550,35560,10
13.0260095596,80.23097229,35560,35570,10
13.0261201859,80.2312774658,35570,35580,10
13.0266799927,80.2312011719,35580,35590,10
13.0275096893,80.231010437,35590,35600,10
13.0290603638,80.230430603,35600,35792,192
13.0290603638,80.230430603,35792,35802,10
13.034070015,80.2305221558,35802,35812,10
13.0340499878,80.2303924561,35812,35822,10
13.0341396332,80.2301483154,35822,35832,10
13.0341796875,80.2300262451,35832,35842,10
13.0342702866,80.2304077148,35842,35853,11
13.0344104767,80.2303619385,35853,35863,10
13.0348796844,80.2302627563,35863,35873,10
13.0348997116,80.2300109863,35873,35883,10
13.0345697403,80.2300567627,35883,35893,10
13.0344800949,80.2300720215,35893,35934,41
13.0345201492,80.2300872803,35934,35954,20
13.0345096588,80.2300872803,35954,35994,40
13.0345096588,80.2300872803,35994,36004,10
13.034620285,80.2302398682,36004,36014,10
13.0346002579,80.2300720215,36014,36226,212
13.0344896317,80.2300720215,36226,36377,151
13.0344104767,80.2300872803,36377,36398,21
13.0344104767,80.2300872803,36398,36408,10
13.0345001221,80.2301101685,36408,36418,10
13.0350198746,80.2303619385,36418,36478,60
13.0350198746,80.2303619385,36478,36488,10
13.0342798233,80.2303924561,36488,36499,11
13.0343799591,80.2297668457,36499,36509,10
13.0344800949,80.2297134399,36509,36609,100
13.0342102051,80.2302780151,36609,36630,21
13.0342102051,80.2302780151,36630,36640,10
13.0341396332,80.2304534912,36640,36650,10
13.0340595245,80.2304534912,36650,36660,10
13.0338401794,80.2304992676,36660,36670,10
13.0337696075,80.2305603027,36670,36680,10
13.0335302353,80.2304534912,36680,36690,10
13.0334196091,80.2304763794,36690,36700,10
13.0333499908,80.2304992676,36700,36710,10
13.0328102112,80.2305374146,36710,36720,10
13.031999588,80.2306137085,36720,36731,11
13.0310001373,80.230682373,36731,36741,10
13.030090332,80.2307662964,36741,36781,40
13.030090332,80.2307662964,36781,36791,10
13.0296802521,80.2307815552,36791,36801,10
13.0294704437,80.2308273315,36801,36811,10
13.0288896561,80.2308578491,36811,36821,10
13.0281400681,80.2309494019,36821,36831,10
13.0276899338,80.2310409546,36831,36842,11
13.0276699066,80.2314987183,36842,36922,80
13.0276699066,80.2314987183,36922,36932,10
13.0277004242,80.2320175171,36932,36943,11
13.0277500153,80.232208252,36943,36953,10
13.0277996063,80.2324829102,36953,37013,60
13.0278396606,80.2328262329,37013,37114,101
13.0278396606,80.2328262329,37114,37124,10
13.0277395248,80.2329025269,37124,37134,10
13.0274200439,80.2329483032,37134,37144,10
13.0271997452,80.2329711914,37144,37154,10
13.027009964,80.2329483032,37154,37164,10
13.0267000198,80.233001709,37164,37175,11
13.0263299942,80.2325973511,37175,37185,10
13.0260896683,80.231842041,37185,37195,10
13.0258998871,80.2311019897,37195,37205,10
13.0254898071,80.2301712036,37205,37215,10
13.0248804092,80.2293014526,37215,37225,10
13.024430275,80.228767395,37225,37245,20
13.024430275,80.228767395,37245,37255,10
13.0243902206,80.2287368774,37255,37265,10
13.0240402222,80.2283096313,37265,37286,21
13.0240402222,80.2283096313,37286,37296,10
13.0238895416,80.2280578613,37296,37306,10
13.0235099792,80.2276382446,37306,37316,10
13.0228796005,80.2270584106,37316,37326,10
13.0221004486,80.2263717651,37326,37336,10
13.0213403702,80.2257766724,37336,37346,10
13.0205898285,80.2252578735,37346,37356,10
13.0201597214,80.2249832153,37356,37366,10
13.0201101303,80.2249526978,37366,37376,10
13.0199403763,80.224822998,37376,37386,10
13.0193901062,80.2245483398,37386,37397,11
13.0184297562,80.2246398926,37397,37407,10
13.0174798965,80.2250213623,37407,37417,10
13.0166797638,80.2253570557,37417,37427,10
13.0162200928,80.2255477905,37427,37437,10
13.0156297684,80.2257537842,37437,37447,10
13.0150003433,80.226020813,37447,37457,10
13.0143899918,80.226272583,37457,37467,10
13.0139904022,80.2264633179,37467,37483,16
13.0139703751,80.2264709473,37483,37495,12
13.0136995316,80.2265472412,37495,37506,11
13.0132198334,80.2266464233,37506,37516,10
13.0124902725,80.2269515991,37516,37525,9
13.0117397308,80.2272567749,37525,37536,11
13.0106897354,80.2276535034,37536,37544,8
13.0099096298,80.2279586792,37544,37556,12
13.0090999603,80.2287063599,37556,37566,10
13.0089197159,80.2296295166,37566,37576,10
13.0086698532,80.2308807373,37576,37586,10
13.0084495544,80.2320709229,37586,37596,10
13.0082597733,80.2331008911,37596,37607,11
13.0082101822,80.2336196899,37607,37617,10
13.0081996918,80.2336730957,37617,37627,10
13.0081100464,80.2340011597,37627,37637,10
13.0079898834,80.2345733643,37637,37647,10
13.0078802109,80.235168457,37647,37657,10
13.0077400208,80.2358322144,37657,37667,10
13.0075798035,80.2366790771,37667,37748,81
13.0075798035,80.2366790771,37748,37758,10
13.0074796677,80.2370376587,37758,37768,10
13.0074300766,80.2372207642,37768,37778,10
13.0073404312,80.2377090454,37778,37788,10
13.0072803497,80.238067627,37788,37798,10
13.0072202682,80.2384414673,37798,37808,10
13.0070695877,80.2392425537,37808,37879,71
13.0070695877,80.2392425537,37879,37889,10
13.0070495605,80.2395935059,37889,37899,10
13.0070199966,80.2399291992,37899,37909,10
13.0068397522,80.2408981323,37909,37929,20
13.0068397522,80.2408981323,37929,37940,11
13.0067195892,80.2417602539,37940,37960,20
13.0067195892,80.2417602539,37960,37970,10
13.0066995621,80.2421112061,37970,37990,20
13.0066995621,80.2421112061,37990,38000,10
13.0066995621,80.2424163818,38000,38010,10
13.0066900253,80.2426528931,38010,38020,10
13.0066900253,80.2429428101,38020,38030,10
13.0066795349,80.2432785034,38030,38040,10
13.0066795349,80.2432937622,38040,38051,11
13.0066604614,80.2436828613,38051,38061,10
13.006649971,80.2439193726,38061,38071,10
13.0066604614,80.2442474365,38071,38091,20
13.0066604614,80.2442474365,38091,38101,10
13.0066604614,80.2446975708,38101,38111,10
13.0066699982,80.2450637817,38111,38121,10
13.0066900253,80.2456207275,38121,38130,9
13.0067100525,80.2462081909,38130,38140,10
13.0067195892,80.2469787598,38140,38151,11
13.0067100525,80.2479400635,38151,38162,11
13.006770134,80.2488708496,38162,38172,10
13.0068597794,80.2494125366,38172,38182,10
13.0068597794,80.2494430542,38182,38192,10
13.0068597794,80.2497406006,38192,38202,10
13.006819725,80.2503433228,38202,38212,10
13.006819725,80.2507629395,38212,38222,10
13.006819725,80.2509613037,38222,38232,10
13.006819725,80.251159668,38232,38242,10
13.0067195892,80.2517166138,38242,38252,10
13.0065603256,80.2525405884,38252,38262,10
13.0065402985,80.2535400391,38262,38273,11
13.0065603256,80.2545013428,38273,38283,10
13.0065698624,80.2550888062,38283,38293,10
13.0066003799,80.2559432983,38293,38303,10
13.0066204071,80.2567596436,38303,38313,10
13.0066995621,80.2572937012,38313,38404,91
13.0066995621,80.2572937012,38404,38414,10
13.0067396164,80.2574386597,38414,38424,10
13.0069198608,80.2578811646,38424,38434,10
13.0077199936,80.2586135864,38434,38454,20
13.0077199936,80.2586135864,38454,38464,10
13.0081996918,80.2588272095,38464,38474,10
13.0088300705,80.2590179443,38474,38484,10
13.0094499588,80.2590408325,38484,38495,11
13.0103998184,80.2590408325,38495,38505,10
13.011469841,80.2590408325,38505,38515,10
13.0125999451,80.2590637207,38515,38525,10
13.0138101578,80.2591018677,38525,38535,10
13.0150499344,80.259147644,38535,38545,10
13.0164203644,80.2596206665,38545,38565,20
13.0164203644,80.2596206665,38565,38575,10
13.016500473,80.2597808838,38575,38585,10
13.0169000626,80.260017395,38585,38595,10
13.0175199509,80.2604370117,38595,38606,11
13.0181798935,80.2608718872,38606,38616,10
13.0185604095,80.2611694336,38616,38626,10
13.0188503265,80.2614135742,38626,38636,10
13.0191297531,80.2616424561,38636,38646,10
13.0194396973,80.2618713379,38646,38656,10
13.0198001862,80.2622375488,38656,38666,10
13.020190239,80.2626037598,38666,38682,16
13.0201997757,80.2626037598,38682,38694,12
13.0206804276,80.262802124,38694,38702,8
13.0212202072,80.2629776001,38702,38715,13
13.0220403671,80.2633209229,38715,38725,10
13.022359848,80.2634887695,38725,38735,10
13.0228500366,80.2637176514,38735,38745,10
13.0229597092,80.2638397217,38745,38755,10
13.0231199265,80.2639389038,38755,38765,10
13.0235595703,80.2641677856,38765,38775,10
13.0244998932,80.2647171021,38775,38805,30
13.0244998932,80.2647171021,38805,38815,10
13.0248498917,80.2649612427,38815,38826,11
13.0252399445,80.2652282715,38826,38837,11
13.0258998871,80.2656478882,38837,38867,30
13.0258998871,80.2656478882,38867,38877,10
13.0263004303,80.2657165527,38877,38887,10
13.0263795853,80.2651290894,38887,38897,10
13.0264902115,80.2643508911,38897,38907,10
13.0265398026,80.263961792,38907,38917,10
13.0265798569,80.2637405396,38917,38927,10
13.0269899368,80.2634506226,38927,38968,41
13.0269899368,80.2634506226,38968,38978,10
13.0273799896,80.2634811401,38978,38988,10
13.0275402069,80.2634963989,38988,38998,10
13.027879715,80.2635879517,38998,39008,10
13.0282402039,80.2637176514,39008,39018,10
13.0284404755,80.2637863159,39018,39028,10
13.0289001465,80.2638778687,39028,39038,10
13.029299736,80.2640914917,39038,39049,11
13.0293197632,80.2644882202,39049,39058,9
13.0293397903,80.2650299072,39058,39069,11
13.0292797089,80.2658309937,39069,39079,10
13.0292701721,80.2659912109,39079,39089,10
13.0291996002,80.2663421631,39089,39099,10
13.0294599533,80.2665100098,39099,39109,10
13.0298595428,80.2665710449,39109,39119,10
13.0304203033,80.2666473389,39119,39129,10
13.031080246,80.2668075562,39129,39139,10
13.0314598083,80.2669525146,39139,39149,10
13.0320796967,80.2671432495,39149,39160,11
13.0325298309,80.267326355,39160,39170,10
13.0328502655,80.2675704956,39170,39180,10
13.0332803726,80.2676696777,39180,39190,10
13.0339603424,80.2678527832,39190,39228,38
13.0339603424,80.2678527832,39228,39238,10
13.0342197418,80.2679519653,39238,39248,10
13.0345401764,80.2679977417,39248,39269,21
13.0345401764,80.2679977417,39269,39279,10
13.0345602036,80.2681808472,39279,39309,30
13.0345602036,80.2681808472,39309,39320,11
13.0341501236,80.2680282593,39320,39330,10
13.0337095261,80.2679595947,39330,39370,40
13.0333404541,80.2678604126,39370,39401,31
13.0333404541,80.2678604126,39401,39411,10
13.0331897736,80.2677612305,39411,39421,10
13.0327796936,80.2676925659,39421,39431,10
13.0327100754,80.2676467896,39431,39441,10
13.0326004028,80.2676315308,39441,39451,10
13.0323400497,80.2674407959,39451,39461,10
13.0317697525,80.2671966553,39461,39471,10
13.0310697556,80.2669296265,39471,39482,11
13.0302600861,80.2668228149,39482,39492,10
13.0297698975,80.2667388916,39492,39502,10
13.0296602249,80.2666778564,39502,39512,10
13.029419899,80.2666397095,39512,39522,10
13.0292100906,80.2665405273,39522,39532,10
13.0288496017,80.2664413452,39532,39542,10
13.0282402039,80.2662963867,39542,39552,10
13.0275096893,80.2661819458,39552,39562,10
13.0264196396,80.2660369873,39562,39623,61
13.0264196396,80.2660369873,39623,39633,10
13.0260095596,80.26587677,39633,39643,10
13.0255403519,80.2655792236,39643,39653,10
13.025270462,80.2653579712,39653,39663,10
13.0251903534,80.2652435303,39663,39673,10
13.0248003006,80.2649612427,39673,39683,10
13.0242099762,80.2646026611,39683,39693,10
13.0234804153,80.2642211914,39693,39704,11
13.022769928,80.263710022,39704,39714,10
13.0221300125,80.2634811401,39714,39734,20
13.0221300125,80.2634811401,39734,39744,10
13.0217399597,80.2632522583,39744,39754,10
13.0209903717,80.2630767822,39754,39764,10
13.0202302933,80.2630233765,39764,39774,10
13.0195503235,80.2629470825,39774,39784,10
13.0190095901,80.262878418,39784,39794,10
13.0188798904,80.262298584,39794,39804,10
13.0187902451,80.2617034912,39804,39815,11
13.0187997818,80.2615814209,39815,39825,10
13.0186300278,80.2613296509,39825,39835,10
13.0181598663,80.2610168457,39835,39845,10
13.0175104141,80.2605819702,39845,39855,10
13.0166597366,80.260017395,39855,39865,10
13.0160198212,80.2597198486,39865,39875,10
13.0159597397,80.2596893311,39875,39885,10
13.015540123,80.2595062256,39885,39895,10
13.014840126,80.2593688965,39895,39905,10
13.0140695572,80.2593231201,39905,39915,10
13.0130901337,80.2592926025,39915,39926,11
13.0118999481,80.2592315674,39926,39936,10
13.0108804703,80.2592086792,39936,39946,10
13.0100603104,80.2592391968,39946,39956,10
13.0099201202,80.2592391968,39956,39966,10
13.0095596313,80.2592163086,39966,39976,10
13.0089197159,80.2592315674,39976,39986,10
13.0086097717,80.2592163086,39986,39996,10
13.0080404282,80.2592163086,39996,40006,10
13.0074100494,80.259262085,40006,40016,10
13.0071802139,80.2587509155,40016,40026,10
13.0071601868,80.2586975098,40026,40037,11
13.0070295334,80.2584381104,40037,40047,10
13.0065698624,80.2576599121,40047,40127,80
13.0065698624,80.2576599121,40127,40137,10
13.0065402985,80.2572097778,40137,40148,11
13.006480217,80.2566375732,40148,40158,10
13.006480217,80.2559280396,40158,40168,10
13.0065002441,80.2552185059,40168,40178,10
13.0065097809,80.2545776367,40178,40188,10
13.0064897537,80.2538528442,40188,40198,10
13.006480217,80.2532196045,40198,40208,10
13.0064897537,80.2531585693,40208,40218,10
13.0064897537,80.2530670166,40218,40228,10
13.0065202713,80.2527236938,40228,40238,10
13.0066099167,80.2520294189,40238,40248,10
13.0067396164,80.2511520386,40248,40259,11
13.0067796707,80.2499237061,40259,40269,10
13.0066900253,80.2487792969,40269,40359,90
13.0066900253,80.2487792969,40359,40370,11
13.0066604614,80.248550415,40370,40380,10
13.0066604614,80.2482376099,40380,40390,10
13.0066404343,80.2478027344,40390,40400,10
13.0065698624,80.2466201782,40400,40420,20
13.0065698624,80.2466201782,40420,40430,10
13.0066003799,80.2465286255,40430,40440,10
13.0066604614,80.2459030151,40440,40450,10
13.0066404343,80.2448425293,40450,40460,10
13.0066404343,80.2436676025,40460,40470,10
13.0065698624,80.2425537109,40470,40480,10
13.0065603256,80.2416000366,40480,40491,11
13.0065698624,80.2415237427,40491,40501,10
13.0066299438,80.2410736084,40501,40511,10
13.0067796707,80.2403488159,40511,40521,10
13.0069303513,80.2395019531,40521,40531,10
13.007109642,80.2384033203,40531,40541,10
13.0073003769,80.2375717163,40541,40551,10
13.007399559,80.2368621826,40551,40571,20
13.007399559,80.2368621826,40571,40581,10
13.0074796677,80.2365875244,40581,40592,11
13.0076198578,80.2360229492,40592,40602,10
13.0077800751,80.2353134155,40602,40612,10
13.0079698563,80.2344436646,40612,40622,10
13.008190155,80.2333374023,40622,40632,10
13.0084295273,80.232131958,40632,40642,10
13.0087003708,80.2309112549,40642,40652,10
13.0088796616,80.2298965454,40652,40662,10
13.0091295242,80.2285003662,40662,40672,10
13.0095100403,80.2275085449,40672,40682,10
13.0099802017,80.2264633179,40682,40692,10
13.0104999542,80.2254486084,40692,40703,11
13.0106697083,80.225112915,40703,40713,10
13.0107297897,80.2250213623,40713,40723,10
13.010890007,80.2245330811,40723,40733,10
13.0112199783,80.2238235474,40733,40743,10
13.0113697052,80.2234191895,40743,40753,10
13.011639595,80.2229232788,40753,40763,10
13.0118503571,80.2221221924,40763,40773,10
13.0122499466,80.2215499878,40773,40783,10
13.0124797821,80.2217102051,40783,40793,10
13.0129299164,80.2221298218,40793,40803,10
13.0134601593,80.2226333618,40803,40814,11
13.0140399933,80.2232666016,40814,40824,10
13.0142498016,80.2236785889,40824,40834,10
13.0147199631,80.2242889404,40834,40844,10
13.015130043,80.2247009277,40844,40854,10
13.0154600143,80.2249221802,40854,40864,10
13.0154800415,80.224937439,40864,40874,10
13.0156202316,80.2250595093,40874,40884,10
13.0160198212,80.2253112793,40884,40894,10
13.0167598724,80.2251968384,40894,40904,10
13.0176296234,80.2248687744,40904,40914,10
13.018289566,80.224609375,40914,40925,11
13.0190200806,80.2243728638,40925,40935,10
13.0196695328,80.2244415283,40935,40945,10
13.0199403763,80.2246398926,40945,40955,10
13.0203504562,80.2249298096,40955,40965,10
13.0207500458,80.2252426147,40965,40975,10
13.0211296082,80.2255477905,40975,40985,10
13.0214099884,80.2257995605,40985,40995,10
13.0218200684,80.2260665894,40995,41005,10
13.0218601227,80.2260971069,41005,41015,10
13.021900177,80.2261505127,41015,41026,11
13.022359848,80.2265319824,41026,41036,10
13.0230102539,80.2270965576,41036,41046,10
13.0237398148,80.2278289795,41046,41056,10
13.0242395401,80.2283782959,41056,41066,10
13.024310112,80.2284698486,41066,41082,16
13.0244903564,80.2286911011,41082,41094,12
13.0249996185,80.2293930054,41094,41101,7
13.0254201889,80.229927063,41101,41112,11
13.0260095596,80.2311019897,41112,41135,23
13.0260095596,80.2311019897,41135,41146,11
13.0260400772,80.2312316895,41146,41156,10
13.026140213,80.231338501,41156,41166,10
13.0266799927,80.2312164307,41166,41176,10
13.0274600983,80.2310562134,41176,41186,10
13.0281801224,80.2309417725,41186,41196,10
13.0286197662,80.2308731079,41196,41206,10
13.0286598206,80.2308807373,41206,41216,10
13.0290699005,80.2308578491,41216,41226,10
13.0295801163,80.2308197021,41226,41236,10
13.0302696228,80.230758667,41236,41246,10
13.0309400558,80.2306976318,41246,41257,11
13.0316495895,80.2306289673,41257,41267,10
13.0323200226,80.2305984497,41267,41275,8
13.0329303741,80.2305603027,41275,41288,13
13.0339002609,80.2304382324,41288,41318,30
13.0339002609,80.2304382324,41318,41328,10
13.0340299606,80.2304229736,41328,41338,10
13.0344896317,80.2303771973,41338,41348,10
13.034910202,80.23021698,41348,41358,10
13.0347604752,80.2300796509,41358,41368,10
13.0345401764,80.2300796509,41368,41410,42
13.0345401764,80.2300796509,41410,41420,10
13.0344200134,80.2300796509,41420,41611,191
13.0344200134,80.2300720215,41611,41804,193
13.0344400406,80.2300491333,41804,41985,181
13.034330368,80.2300491333,41985,42066,81
13.034330368,80.2300491333,42066,42076,10
13.0341596603,80.2302932739,42076,42116,40
13.0341596603,80.2302932739,42116,42126,10
13.0337495804,80.2304229736,42126,42137,11
13.0335702896,80.2304229736,42137,42147,10
13.033249855,80.23046875,42147,42157,10
13.0325899124,80.2305679321,42157,42167,10
13.0319004059,80.2306518555,42167,42177,10
13.0313796997,80.230682373,42177,42187,10
13.0311403275,80.2306671143,42187,42197,10
13.03083992,80.2307128906,42197,42207,10
13.0305404663,80.2307434082,42207,42217,10
13.03028965,80.2307815552,42217,42244,27
13.0300397873,80.2307815552,42244,42266,22
13.0300397873,80.2307815552,42266,42276,10
13.0297203064,80.2308273315,42276,42286,10
13.0293102264,80.2308807373,42286,42296,10
13.0285196304,80.2309494019,42296,42306,10
13.0279903412,80.2310180664,42306,42316,10
13.0277700424,80.2314605713,42316,42326,10
13.0277395248,80.2320632935,42326,42335,9
13.0278501511,80.2326965332,42335,42346,11
13.0273199081,80.2328567505,42346,42357,11
13.0272302628,80.2329025269,42357,42367,10
13.027009964,80.2329711914,42367,42377,10
13.0267601013,80.2329864502,42377,42387,10
13.0264501572,80.2328262329,42387,42397,10
13.0262403488,80.232170105,42397,42407,10
13.0260400772,80.2314300537,42407,42417,10
13.0257396698,80.2305526733,42417,42427,10
13.0252399445,80.2298202515,42427,42437,10
13.0248804092,80.2293395996,42437,42447,10
13.0248098373,80.2292480469,42447,42457,10
13.0245103836,80.2288970947,42457,42468,11
13.0239801407,80.2282791138,42468,42488,20
13.0239801407,80.2282791138,42488,42498,10
13.0238599777,80.2281112671,42498,42508,10
13.0236797333,80.227897644,42508,42518,10
13.0235395432,80.2277679443,42518,42528,10
13.023150444,80.2273864746,42528,42538,10
13.0225400925,80.2268829346,42538,42548,10
13.0218496323,80.2262802124,42548,42558,10
13.0212097168,80.2257614136,42558,42568,10
13.0206203461,80.2253265381,42568,42579,11
13.0204496384,80.2251968384,42579,42589,10
13.0202903748,80.2250823975,42589,42599,10
13.0199699402,80.2248535156,42599,42609,10
13.0195598602,80.2246322632,42609,42619,10
13.0188102722,80.2245788574,42619,42628,9
13.0179395676,80.2248764038,42628,42639,11
13.0169401169,80.2252807617,42639,42648,9
13.0164003372,80.2254867554,42648,42658,10
13.0157804489,80.2256698608,42658,42669,11
13.0151195526,80.2259292603,42669,42679,10
13.0144796371,80.2261810303,42679,42690,11
13.013999939,80.2264633179,42690,42710,20
13.013999939,80.2264633179,42710,42720,10
13.0138597488,80.2265090942,42720,42730,10
13.0134401321,80.2266235352,42730,42740,10
13.0128202438,80.2268829346,42740,42750,10
13.0120801926,80.2271575928,42750,42760,10
13.0112600327,80.2274398804,42760,42770,10
13.010430336,80.2277679443,42770,42780,10
13.0095901489,80.2281188965,42780,42791,11
13.0090799332,80.2288894653,42791,42801,10
13.0088596344,80.2298812866,42801,42811,10
13.0086698532,80.2308197021,42811,42821,10
13.0084896088,80.2317428589,42821,42831,10
13.008310318,80.232749939,42831,42841,10
13.0082397461,80.2335205078,42841,42851,10
13.0082397461,80.2335510254,42851,42861,10
13.008190155,80.2336807251,42861,42871,10
13.008099556,80.2340087891,42871,42881,10
13.008020401,80.2343826294,42881,42891,10
13.0078802109,80.2350006104,42891,42902,11
13.0076904297,80.2359237671,42902,42912,10
13.0074996948,80.2368774414,42912,42922,10
13.0073204041,80.2378997803,42922,42932,10
13.0071697235,80.2387084961,42932,42942,10
13.0070104599,80.239402771,42942,42952,10
13.0068998337,80.2399902344,42952,42992,40
13.0068998337,80.2399902344,42992,43002,10
13.0068798065,80.2401885986,43002,43013,11
13.0067996979,80.2406005859,43013,43023,10
13.0067796707,80.2407684326,43023,43033,10
13.0067596436,80.2409133911,43033,43043,10
13.0066795349,80.2414627075,43043,43053,10
13.0066795349,80.2423171997,43053,43063,10
13.006649971,80.243270874,43063,43073,10
13.0066204071,80.2442321777,43073,43083,10
13.0066404343,80.2450180054,43083,43093,10
13.0066404343,80.2451629639,43093,43103,10
13.0066604614,80.2454299927,43103,43113,10
13.0066795349,80.2456970215,43113,43124,11
13.0066900253,80.2460784912,43124,43134,10
13.0066900253,80.2465209961,43134,43144,10
13.0067300797,80.2471237183,43144,43154,10
13.0067100525,80.2474975586,43154,43164,10
13.0066795349,80.2481765747,43164,43174,10
13.0067796707,80.2490234375,43174,43184,10
13.0068397522,80.2495803833,43184,43194,10
13.0068397522,80.2495880127,43194,43204,10
13.0068502426,80.2497787476,43204,43214,10
13.0068101883,80.2502975464,43214,43224,10
13.0067796707,80.2510604858,43224,43235,11
13.0066003799,80.251991272,43235,43245,10
13.0065097809,80.2528610229,43245,43255,10
13.0065402985,80.2538604736,43255,43265,10
13.0065803528,80.2548522949,43265,43275,10
13.0065402985,80.2553405762,43275,43285,10
13.0065402985,80.2556915283,43285,43295,10
13.0065603256,80.2562408447,43295,43305,10
13.0065498352,80.2570800781,43305,43335,30
13.0065498352,80.2570800781,43335,43346,11
13.0065603256,80.2572097778,43346,43356,10
13.0066995621,80.2576217651,43356,43366,10
13.0070104599,80.2581481934,43366,43376,10
13.0075302124,80.2585601807,43376,43386,10
13.0077104568,80.2586288452,43386,43396,10
13.0078001022,80.2586975098,43396,43406,10
13.0081996918,80.2588806152,43406,43416,10
13.0088100433,80.2590179443,43416,43432,16
13.0099496841,80.2590713501,43432,43444,12
13.0111598969,80.2590637207,43444,43454,10
13.0120201111,80.2590637207,43454,43465,11
13.0135402679,80.2591323853,43465,43475,10
13.0148000717,80.2591781616,43475,43485,10
13.0158700943,80.2593765259,43485,43495,10
13.0164403915,80.2597122192,43495,43515,20
13.0164403915,80.2597122192,43515,43525,10
13.0166797638,80.2599411011,43525,43535,10
13.0171203613,80.2602462769,43535,43545,10
13.0177698135,80.2606964111,43545,43556,11
13.0185604095,80.2612380981,43556,43566,10
13.0189599991,80.2615737915,43566,43577,11
13.0194196701,80.2620315552,43577,43587,10
13.0200004578,80.2625732422,43587,43597,10
13.0201396942,80.2626266479,43597,43607,10
13.0204200745,80.2627487183,43607,43617,10
13.0210800171,80.2629470825,43617,43626,9
13.0216999054,80.2631912231,43626,43637,11
13.0220403671,80.263381958,43637,43647,10
13.0224399567,80.2635803223,43647,43657,10
13.0228099823,80.2637786865,43657,43667,10
13.0228595734,80.2638092041,43667,43678,11
13.0232801437,80.2640228271,43678,43688,10
13.0239200592,80.2643508911,43688,43698,10
13.0245399475,80.2647628784,43698,43708,10
13.0248498917,80.2649993896,43708,43718,10
13.0253400803,80.26537323,43718,43728,10
13.0258903503,80.2657165527,43728,43738,10
13.026140213,80.2658233643,43738,43748,10
13.0263299942,80.2657470703,43748,43758,10
13.0263900757,80.2652206421,43758,43768,10
13.0263595581,80.2648620605,43768,43778,10
13.0265398026,80.2639312744,43778,43799,21
13.0265398026,80.2639312744,43799,43809,10
13.0266599655,80.2635803223,43809,43819,10
13.0267000198,80.2633895874,43819,43829,10
13.0272397995,80.2634887695,43829,43839,10
13.0278596878,80.2636413574,43839,43849,10
13.0282802582,80.2637786865,43849,43859,10
13.0284204483,80.2638168335,43859,43869,10
13.0288295746,80.2639389038,43869,43879,10
13.0292301178,80.2640609741,43879,43889,10
13.0292797089,80.2641601563,43889,43900,11
13.0292196274,80.2645187378,43900,43909,9
13.0291795731,80.2649688721,43909,43919,10
13.0291099548,80.2654800415,43919,43940,21
13.029250145,80.2657775879,43940,43980,40
13.0292100906,80.2661819458,43980,44011,31
13.0292100906,80.2661819458,44011,44021,10
13.0293598175,80.2665634155,44021,44061,40
13.0293598175,80.2665634155,44061,44071,10
13.0297803879,80.2666397095,44071,44091,20
13.0297803879,80.2666397095,44091,44101,10
13.0299196243,80.2666473389,44101,44111,10
13.030090332,80.2666778564,44111,44162,51
13.030090332,80.2666778564,44162,44172,10
13.0302295685,80.2667007446,44172,44202,30
13.0305099487,80.2667388916,44202,44222,20
13.0305099487,80.2667388916,44222,44233,11
13.0306196213,80.2667388916,44233,44293,60
13.0306196213,80.2667388916,44293,44303,10
13.0308904648,80.2668075562,44303,44313,10
13.0310401917,80.2668533325,44313,44404,91
13.0310401917,80.2668533325,44404,44414,10
13.0315504074,80.2670211792,44414,44475,61
13.0318098068,80.2671432495,44475,44495,20
13.0318098068,80.2671432495,44495,44505,10
13.0318002701,80.2671813965,44505,44515,10
13.0320196152,80.2672805786,44515,44525,10
13.0321598053,80.2673187256,44525,44535,10
13.0324201584,80.2674331665,44535,44576,41
13.0324201584,80.2674331665,44576,44586,10
13.0326099396,80.267539978,44586,44596,10
13.032790184,80.2677001953,44596,44606,10
13.033080101,80.2677764893,44606,44616,10
13.0331401825,80.267791748,44616,44626,10
13.0334596634,80.267829895,44626,44646,20
13.0334596634,80.267829895,44646,44656,10
13.0340795517,80.2679519653,44656,44677,21
13.0340795517,80.2679519653,44677,44687,10
13.0345497131,80.2679977417,44687,44727,40
13.0345497131,80.2679977417,44727,44737,10
13.0344800949,80.2681274414,44737,44778,41
13.0344800949,80.2681274414,44778,44788,10
13.034119606,80.2679977417,44788,44848,60
13.034119606,80.2679977417,44848,44858,10
13.0337295532,80.2679367065,44858,44868,10
13.0336904526,80.2679290771,44868,44878,10
13.0334596634,80.2678604126,44878,44929,51
13.0334596634,80.2678604126,44929,44939,10
13.0331001282,80.2677688599,44939,44949,10
13.0329399109,80.2677536011,44949,44959,10
13.0327196121,80.2676696777,44959,44979,20
13.0327196121,80.2676696777,44979,44989,10
13.0325403214,80.2675476074,44989,45000,11
13.0322198868,80.2673568726,45000,45010,10
13.03166008,80.2671279907,45010,45020,10
13.0310001373,80.2668762207,45020,45030,10
13.0304203033,80.2667617798,45030,45040,10
13.02987957,80.2666702271,45040,45050,10
13.0298204422,80.2666625977,45050,45060,10
13.0295801163,80.2666015625,45060,45070,10
13.0294599533,80.2665786743,45070,45080,10
13.0291700363,80.2664794922,45080,45090,10
13.0287504196,80.2663803101,45090,45100,10
13.0282001495,80.2662734985,45100,45111,11
13.0276899338,80.2661819458,45111,45121,10
13.0270996094,80.2660903931,45121,45131,10
13.0267696381,80.2660522461,45131,45141,10
13.0267295837,80.2660369873,45141,45151,10
13.0264396667,80.2659912109,45151,45201,50
13.0264396667,80.2659912109,45201,45211,10
13.026260376,80.2659606934,45211,45222,11
13.0259895325,80.2658309937,45222,45232,10
13.0255498886,80.2655410767,45232,45242,10
13.0253200531,80.2654190063,45242,45252,10
13.0251703262,80.2653198242,45252,45261,9
13.024889946,80.2650604248,45261,45272,11
13.024189949,80.2645568848,45272,45282,10
13.0236196518,80.264251709,45282,45292,10
13.0231304169,80.2640304565,45292,45302,10
13.0229196548,80.2638778687,45302,45312,10
13.0224103928,80.2636184692,45312,45322,10
13.0221796036,80.2634811401,45322,45332,10
13.0220003128,80.2633590698,45332,45343,11
13.0215501785,80.263168335,45343,45353,10
13.0207796097,80.2630462646,45353,45363,10
13.0201702118,80.2630233765,45363,45373,10
13.0195598602,80.2629623413,45373,45383,10
13.0190601349,80.262878418,45383,45393,10
13.0189399719,80.2623977661,45393,45403,10
13.0188302994,80.2616271973,45403,45413,10
13.0187702179,80.2613525391,45413,45423,10
13.0186300278,80.2612533569,45423,45433,10
13.0183000565,80.2610702515,45433,45444,11
13.017999649,80.2608718872,45444,45454,10
13.0175600052,80.2605667114,45454,45464,10
13.0168399811,80.2600784302,45464,45474,10
13.0161600113,80.2597427368,45474,45483,9
13.0160503387,80.2596817017,45483,45493,10
13.0155801773,80.2594909668,45493,45504,11
13.014749527,80.2593383789,45504,45514,10
13.0136003494,80.2592926025,45514,45524,10
13.0123500824,80.2592391968,45524,45534,10
13.0111503601,80.2591934204,45534,45544,10
13.0105400085,80.2592315674,45544,45555,11
13.0099601746,80.2592391968,45555,45565,10
13.0097904205,80.2592163086,45565,45575,10
13.0092096329,80.2591934204,45575,45585,10
13.008769989,80.2591781616,45585,45595,10
13.0083503723,80.259147644,45595,45605,10
13.0076904297,80.2593612671,45605,45615,10
13.007349968,80.2590637207,45615,45625,10
13.007229805,80.2587127686,45625,45635,10
13.0071697235,80.2585830688,45635,45645,10
13.0069303513,80.2581710815,45645,45655,10
13.0065898895,80.2577209473,45655,45766,111
13.0065898895,80.2577209473,45766,45777,11
13.0065402985,80.2576065063,45777,45787,10
13.0065402985,80.2571563721,45787,45797,10
13.0064897537,80.2565307617,45797,45807,10
13.0064897537,80.2557067871,45807,45817,10
13.006529808,80.2555007935,45817,45827,10
13.0065498352,80.2550735474,45827,45837,10
13.006529808,80.2543487549,45837,45847,10
13.0066299438,80.2535629272,45847,45857,10
13.0066604614,80.25340271,45857,45867,10
13.0066404343,80.2533721924,45867,45877,10
13.0065803528,80.2529602051,45877,45888,11
13.0066003799,80.2525634766,45888,45898,10
13.0066900253,80.2519226074,45898,45908,10
13.0068902969,80.2509918213,45908,45918,10
13.0067796707,80.2510681152,45918,45928,10
13.0069599152,80.2509994507,45928,45938,10
13.0069198608,80.2509384155,45938,45948,10
13.006819725,80.2509231567,45948,45958,10
13.0067596436,80.2508392334,45958,45968,10
13.0067796707,80.2503814697,45968,45978,10
13.0068302155,80.2497406006,45978,45988,10
13.0068702698,80.2496185303,45988,45999,11
13.0066003799,80.2496185303,45999,46009,10
13.0067195892,80.2498016357,46009,46019,10
13.0067596436,80.2495803833,46019,46029,10
13.0068302155,80.2495269775,46029,46039,10
13.0068397522,80.2495422363,46039,46049,10
13.0068702698,80.2495498657,46049,46059,10
13.0068798065,80.2495574951,46059,46079,20
13.0068798065,80.2495574951,46079,46089,10
13.0068902969,80.2495574951,46089,46099,10
13.0068798065,80.2495574951,46099,46110,11
13.0068702698,80.2494812012,46110,46120,10
13.0068101883,80.2490615845,46120,46130,10
13.0067501068,80.2487716675,46130,46140,10
13.0066900253,80.2484664917,46140,46150,10
13.0066604614,80.2480010986,46150,46251,101
13.0066604614,80.2480010986,46251,46261,10
13.0066900253,80.2478790283,46261,46271,10
13.0066795349,80.2474365234,46271,46281,10
13.0066604614,80.2464599609,46281,46301,20
13.0066604614,80.2464599609,46301,46311,10
13.0066795349,80.2460174561,46311,46321,10
13.0066795349,80.245300293,46321,46332,11
13.0066099167,80.244430542,46332,46342,10
13.0066099167,80.2436599731,46342,46352,10
13.0065803528,80.2428817749,46352,46362,10
13.0065803528,80.2419891357,46362,46372,10
13.0066299438,80.2411422729,46372,46382,10
13.0066900253,80.2403717041,46382,46402,20
13.0066900253,80.2403717041,46402,46412,10
13.0067195892,80.240196228,46412,46423,11
13.0068397522,80.2398300171,46423,46433,10
13.0069599152,80.2395019531,46433,46443,10
13.0072603226,80.2379837036,46443,46453,10
13.0074300766,80.2367172241,46453,46473,20
13.0074300766,80.2367172241,46473,46483,10
13.0074901581,80.236541748,46483,46493,10
13.0076303482,80.2359771729,46493,46503,10
13.0078601837,80.2351379395,46503,46513,10
13.0080795288,80.23412323,46513,46523,10
13.0082998276,80.2329330444,46523,46533,10
13.0085096359,80.2316970825,46533,46544,11
13.0087995529,80.2302703857,46544,46554,10
13.0090398788,80.2291030884,46554,46564,10
13.0091896057,80.2282180786,46564,46574,10
13.0094804764,80.2274780273,46574,46584,10
13.0099496841,80.2265319824,46584,46594,10
13.0103797913,80.2256011963,46594,46604,10
13.0105400085,80.2252578735,46604,46614,10
13.0106201172,80.2250976563,46614,46624,10
13.0108098984,80.2246780396,46624,46634,10
13.0110998154,80.2239608765,46634,46644,10
13.0113296509,80.2232437134,46644,46655,11
13.0116596222,80.2223892212,46655,46665,10
13.0120000839,80.2214889526,46665,46675,10
13.012339592,80.221496582,46675,46685,10
13.012720108,80.2219772339,46685,46695,10
13.0132198334,80.2225723267,46695,46705,10
13.0136699677,80.2230911255,46705,46715,10
13.0141201019,80.2235870361,46715,46725,10
13.0145101547,80.2241287231,46725,46735,10
13.0151996613,80.224822998,46735,46755,20
13.0151996613,80.224822998,46755,46766,11
13.0156202316,80.2251281738,46766,46776,10
13.0160703659,80.2253265381,46776,46786,10
13.0166597366,80.2252426147,46786,46796,10
13.0174198151,80.2249679565,46796,46806,10
13.0181303024,80.2246780396,46806,46816,10
13.0189504623,80.2243881226,46816,46826,10
13.019490242,80.2244033813,46826,46836,10
13.0198402405,80.2246170044,46836,46845,9
13.0201396942,80.224822998,46845,46855,10
13.0204401016,80.2250366211,46855,46866,11
13.0207901001,80.2253036499,46866,46877,11
13.0212001801,80.2256469727,46877,46887,10
13.0219297409,80.2261505127,46887,46907,20
13.0219297409,80.2261505127,46907,46917,10
13.0220403671,80.2262802124,46917,46927,10
13.022480011,80.2266464233,46927,46937,10
13.0231599808,80.2272567749,46937,46947,10
13.0239200592,80.2279586792,46947,46957,10
13.0243997574,80.2285079956,46957,46967,10
13.0247297287,80.2290115356,46967,46977,10
13.0251502991,80.2295837402,46977,46988,11
13.0256595612,80.2303314209,46988,47004,16
13.0258197784,80.2305831909,47004,47035,31
13.0258197784,80.2305831909,47035,47046,11
13.0258998871,80.230758667,47046,47056,10
13.0259504318,80.2310028076,47056,47066,10
13.026049614,80.2313079834,47066,47076,10
13.0266304016,80.2311630249,47076,47086,10
13.0274600983,80.2309875488,47086,47097,11
13.0280399323,80.2309494019,47097,47107,10
13.0281200409,80.2309494019,47107,47117,10
13.0284204483,80.2309188843,47117,47127,10
13.0289402008,80.2308883667,47127,47187,60
13.0289402008,80.2308883667,47187,47197,10
13.0292701721,80.2307815552,47197,47208,11
13.0297803879,80.2307434082,47208,47218,10
13.0301904678,80.23072052,47218,47228,10
13.0305900574,80.230682373,47228,47238,10
13.0311403275,80.2306518555,47238,47248,10
13.0317802429,80.2305908203,47248,47258,10
13.032500267,80.2305603027,47258,47268,10
13.0332403183,80.2304763794,47268,47278,10
13.0338802338,80.2304229736,47278,47288,10
13.0341300964,80.2304077148,47288,47298,10
13.0342798233,80.2303466797,47298,47308,10
13.0347499847,80.2302017212,47308,47319,11
13.0349998474,80.2300109863,47319,47339,20
13.0349998474,80.2300109863,47339,47349,10
13.0350599289,80.2298583984,47349,47359,10
13.0349502563,80.2298202515,47359,47369,10
13.0345497131,80.2297515869,47369,47440,71
13.0341796875,80.2298812866,47440,47470,30
13.0341901779,80.2301025391,47470,47631,161
13.0341901779,80.2301025391,47631,47641,10
13.0340204239,80.2304000854,47641,47662,21
13.0340204239,80.2304000854,47662,47672,10
13.0337400436,80.2304000854,47672,47682,10
13.0334701538,80.23046875,47682,47692,10
13.032959938,80.230506897,47692,47702,10
13.0322599411,80.2305831909,47702,47712,10
13.0317497253,80.230682373,47712,47722,10
13.031539917,80.2306671143,47722,47738,16
13.0314903259,80.2306671143,47738,47750,12
13.0311498642,80.230682373,47750,47761,11
13.0310697556,80.2306900024,47761,47771,10
13.03083992,80.23072052,47771,47781,10
13.0305404663,80.2307510376,47781,47791,10
13.0301399231,80.2307891846,47791,47810,19
13.0301399231,80.2307891846,47810,47821,11
13.0298404694,80.2307815552,47821,47831,10
13.029709816,80.230796814,47831,47841,10
13.0292100906,80.2308502197,47841,47851,10
13.0284795761,80.2309112549,47851,47861,10
13.0278301239,80.2309799194,47861,47872,11
13.0276203156,80.2312164307,47872,47882,10
13.0276603699,80.2317428589,47882,47891,9
13.0277700424,80.2323379517,47891,47902,11
13.0277004242,80.2328186035,47902,47912,10
13.0268497467,80.2329177856,47912,47983,71
13.0268497467,80.2329177856,47983,47993,10
13.0265798569,80.233039856,47993,48003,10
13.0263004303,80.2324676514,48003,48013,10
13.0260696411,80.2316589355,48013,48023,10
13.0258197784,80.2309036255,48023,48033,10
13.025560379,80.2302322388,48033,48043,10
13.0250902176,80.2296600342,48043,48053,10
13.024769783,80.2292633057,48053,48063,10
13.0244998932,80.2288970947,48063,48073,10
13.0240497589,80.2283630371,48073,48094,21
13.0240497589,80.2283630371,48094,48104,10
13.0239295959,80.2281723022,48104,48114,10
13.0236196518,80.2277679443,48114,48124,10
13.0229997635,80.2271728516,48124,48134,10
13.0223999023,80.2266616821,48134,48144,10
13.0218601227,80.2262115479,48144,48154,10
13.0214996338,80.2259292603,48154,48164,10
13.0210800171,80.2256164551,48164,48174,10
13.0206298828,80.2252807617,48174,48184,10
13.020070076,80.2249221802,48184,48195,11
13.0191898346,80.2244796753,48195,48205,10
13.018239975,80.2247161865,48205,48215,10
13.0173101425,80.2251205444,48215,48225,10
13.0167198181,80.2253570557,48225,48235,10
13.0164604187,80.2254562378,48235,48245,10
13.0160398483,80.2255706787,48245,48255,10
13.0155096054,80.225769043,48255,48265,10
13.0148096085,80.22605896,48265,48275,10
13.0144195557,80.2262115479,48275,48285,10
13.014380455,80.2262268066,48285,48295,10
13.0143003464,80.2262420654,48295,48311,16
13.0133800507,80.2266082764,48311,48324,13
13.0122003555,80.2270507813,48324,48334,10
13.0113601685,80.2273483276,48334,48344,10
13.010310173,80.2277984619,48344,48354,10
13.0093603134,80.2282180786,48354,48364,10
13.0089797974,80.2292175293,48364,48374,10
13.0087404251,80.2304382324,48374,48384,10
13.0085201263,80.2315979004,48384,48394,10
13.008310318,80.2327423096,48394,48404,10
13.0082302094,80.2334365845,48404,48415,11
13.0081796646,80.2336578369,48415,48425,10
13.0080900192,80.2339172363,48425,48435,10
13.0079603195,80.2345275879,48435,48445,10
13.007900238,80.2349395752,48445,48455,10
13.0078601837,80.2350387573,48455,48465,10
13.0077295303,80.2356109619,48465,48475,10
13.0075397491,80.2365722656,48475,48485,10
13.007349968,80.2377090454,48485,48495,10
13.0071802139,80.2386779785,48495,48505,10
13.0070400238,80.2394104004,48505,48515,10
13.0069503784,80.2397384644,48515,48526,11
13.0068798065,80.2406997681,48526,48546,20
13.0068798065,80.2406997681,48546,48556,10
13.0068397522,80.2408905029,48556,48565,9
13.0067596436,80.2414093018,48565,48575,10
13.0067396164,80.2419433594,48575,48586,11
13.0067396164,80.2419586182,48586,48596,10
13.0067396164,80.2423324585,48596,48606,10
13.0067195892,80.2427368164,48606,48616,10
13.0067100525,80.2431182861,48616,48626,10
13.0067195892,80.2433700562,48626,48637,11
13.0067100525,80.243812561,48637,48677,40
13.0067100525,80.243812561,48677,48687,10
13.0066604614,80.244140625,48687,48697,10
13.0066795349,80.2442626953,48697,48707,10
13.0066604614,80.2448730469,48707,48717,10
13.0066900253,80.2454681396,48717,48727,10
13.0066900253,80.2455825806,48727,48737,10
13.0067396164,80.2460708618,48737,48758,21
13.0067396164,80.2460708618,48758,48768,10
13.0067501068,80.2463912964,48768,48778,10
13.0067796707,80.2471008301,48778,48798,20
13.0067796707,80.2471008301,48798,48808,10
13.0067396164,80.2474365234,48808,48818,10
13.0067501068,80.2481918335,48818,48828,10
13.006770134,80.2487335205,48828,48838,10
13.0068302155,80.2491531372,48838,48848,10
13.0068397522,80.2496109009,48848,48859,11
13.006819725,80.2497406006,48859,48869,10
13.0068101883,80.2506866455,48869,48889,20
13.0068101883,80.2506866455,48889,48899,10
13.0067996979,80.2509384155,48899,48908,9
13.0067996979,80.2511062622,48908,48919,11
13.0066795349,80.2517929077,48919,48929,10
13.0065402985,80.2527008057,48929,48939,10
13.0065402985,80.2536697388,48939,48949,10
13.0065698624,80.2545776367,48949,48959,10
13.0065698624,80.255279541,48959,48970,11
13.0065898895,80.2561721802,48970,48980,10
13.0066099167,80.2566986084,48980,48990,10
13.0066404343,80.2569732666,48990,49000,10
13.006649971,80.2571487427,49000,49010,10
13.0067195892,80.2574386597,49010,49020,10
13.007060051,80.2580795288,49020,49030,10
13.0077400208,80.2586669922,49030,49050,20
13.0077400208,80.2586669922,49050,49060,10
13.0080604553,80.2588500977,49060,49070,10
13.0085802078,80.2590026855,49070,49081,11
13.0093202591,80.2590103149,49081,49091,10
13.0102701187,80.2590179443,49091,49101,10
13.0113801956,80.2590179443,49101,49111,10
13.0125598907,80.2590789795,49111,49121,10
13.0138101578,80.2591171265,49121,49131,10
13.0150499344,80.2591629028,49131,49147,16
13.0164499283,80.2596969604,49147,49190,43
13.0164499283,80.2596969604,49190,49199,9
13.0166101456,80.2598571777,49199,49210,11
13.0171604156,80.2602233887,49210,49220,10
13.0178604126,80.2607116699,49220,49230,10
13.0185699463,80.2611999512,49230,49240,10
13.0190601349,80.2616424561,49240,49250,10
13.0195102692,80.2620315552,49250,49260,10
13.0200796127,80.2625579834,49260,49270,10
13.0201702118,80.2626266479,49270,49280,10
13.0203304291,80.2627105713,49280,49290,10
13.0208797455,80.262878418,49290,49301,11
13.0216999054,80.2631835938,49301,49311,10
13.0220899582,80.2633666992,49311,49321,10
13.0223703384,80.2635269165,49321,49331,10
13.0229701996,80.2638778687,49331,49351,20
13.0229701996,80.2638778687,49351,49361,10
13.0231599808,80.2639923096,49361,49371,10
13.0236196518,80.2642593384,49371,49381,10
13.0243597031,80.2646636963,49381,49391,10
13.0246801376,80.2649078369,49391,49401,10
13.0249500275,80.2651367188,49401,49412,11
13.0256004333,80.2655181885,49412,49422,10
13.0261497498,80.2658691406,49422,49432,10
13.0263395309,80.2656173706,49432,49442,10
13.0263795853,80.2650222778,49442,49452,10
13.0264701843,80.2643280029,49452,49462,10
13.0265302658,80.2640380859,49462,49472,10
13.0265398026,80.2639694214,49472,49482,10
13.0265798569,80.2637329102,49482,49492,10
13.0266103745,80.2636795044,49492,49502,10
13.0266304016,80.2633972168,49502,49512,10
13.0269603729,80.2634735107,49512,49529,17
13.0279102325,80.2638702393,49529,49541,12
13.0283098221,80.2637863159,49541,49551,10
13.0286197662,80.2639083862,49551,49561,10
13.0291595459,80.2641220093,49561,49570,9
13.0293197632,80.2642288208,49570,49580,10
13.0293197632,80.2645492554,49580,49591,11
13.0293703079,80.2648773193,49591,49601,10
13.0293197632,80.2653427124,49601,49611,10
13.0292701721,80.2658004761,49611,49621,10
13.0292196274,80.2660064697,49621,49632,11
13.0291996002,80.2660675049,49632,49642,10
13.0291795731,80.2663879395,49642,49652,10
13.0293998718,80.2664794922,49652,49662,10
13.0300798416,80.2666778564,49662,49672,10
13.0304403305,80.2667999268,49672,49681,9
13.0310602188,80.2666625977,49681,49693,12
13.0318899155,80.2671890259,49693,49702,9
13.0324296951,80.2674713135,49702,49713,11
13.0325803757,80.2675170898,49713,49723,10
13.0329198837,80.2677078247,49723,49734,11
13.0335197449,80.2678604126,49734,49764,30
13.0335197449,80.2678604126,49764,49774,10
13.0336303711,80.2678527832,49774,49784,10
13.0340204239,80.2679290771,49784,49794,10
13.0345401764,80.2680130005,49794,49824,30
13.0345401764,80.2680130005,49824,49834,10
13.0345602036,80.2680892944,49834,49845,11
13.0344600677,80.268081665,49845,49855,10
13.0342998505,80.2679672241,49855,49865,10
13.0341501236,80.2679367065,49865,49875,10
13.0338602066,80.2679290771,49875,49885,10
13.0336103439,80.267868042,49885,49895,10
13.0335302353,80.2678527832,49895,49905,10
13.0334100723,80.267868042,49905,49915,10
13.0331602097,80.2677993774,49915,49926,11
13.0327396393,80.2677001953,49926,49935,9
13.0327396393,80.2675933838,49935,49946,11
13.0325202942,80.2674713135,49946,49956,10
13.0320796967,80.2671737671,49956,49976,20
13.0320796967,80.2671737671,49976,49986,10
13.0300102234,80.266708374,49986,49996,10
13.0294599533,80.2666625977,49996,50006,10
13.029250145,80.2665634155,50006,50016,10
13.0290803909,80.2664337158,50016,50026,10
13.0285396576,80.2663726807,50026,50036,10
13.0279197693,80.2661972046,50036,50046,10
13.0273399353,80.2661819458,50046,50056,10
13.0268201828,80.265953064,50056,50067,11
13.0267801285,80.26587677,50067,50077,10
13.0265703201,80.2656326294,50077,50107,30
13.0265102386,80.2656936646,50107,50228,121
13.0265102386,80.2656936646,50228,50238,10
13.02643013,80.2656707764,50238,50248,10
13.0265398026,80.2654800415,50248,50258,10
13.0265703201,80.2654418945,50258,50268,10
13.0265798569,80.2654418945,50268,50278,10
13.0265903473,80.2654418945,50278,50289,11
13.0265598297,80.2655029297,50289,50299,10
13.0265398026,80.2655029297,50299,50309,10
13.0265302658,80.2654876709,50309,50319,10
13.0264596939,80.2654800415,50319,50480,161
13.0265598297,80.2656402588,50480,51267,787
13.0265598297,80.2656402588,51267,51278,11
13.0264902115,80.2655029297,51278,51288,10
13.02643013,80.2654037476,51288,53358,2070
13.02643013,80.2654037476,53358,53368,10
13.0266103745,80.2654571533,53368,53379,11
13.02643013,80.26537323,53379,53389,10
13.0264196396,80.2650299072,53389,53399,10
13.0265102386,80.2643432617,53399,53409,10
13.0266199112,80.263633728,53409,53419,10
13.02684021,80.2634429932,53419,53429,10
13.0273895264,80.2635574341,53429,53439,10
13.0276699066,80.263633728,53439,53449,10
13.0282297134,80.2637786865,53449,53459,10
13.0288000107,80.263961792,53459,53469,10
13.0291595459,80.2641372681,53469,53479,10
13.0292100906,80.2646636963,53479,53490,11
13.0292196274,80.2656478882,53490,53500,10
13.0291404724,80.2662963867,53500,53510,10
13.0291500092,80.2663803101,53510,53520,10
13.0292301178,80.2664794922,53520,53530,10
13.0296096802,80.2665405273,53530,53540,10
13.030090332,80.2666320801,53540,53550,10
13.0310497284,80.2668609619,53550,53560,10
13.0316896439,80.2670974731,53560,53611,51
13.0316896439,80.2670974731,53611,53621,10
13.0320796967,80.267288208,53621,53631,10
13.0323696136,80.2674026489,53631,53661,30
13.0323696136,80.2674026489,53661,53671,10
13.0326404572,80.2675704956,53671,53681,10
13.0331001282,80.2677078247,53681,53691,10
13.0334596634,80.267791748,53691,53701,10
13.0344800949,80.2679595947,53701,53722,21
13.0344800949,80.2679595947,53722,53732,10
13.0344800949,80.268119812,53732,53782,50
13.0344800949,80.268119812,53782,53792,10
13.0340204239,80.2679290771,53792,53802,10
13.0338201523,80.2678985596,53802,53812,10
13.0336799622,80.267906189,53812,53823,11
13.0334396362,80.2678604126,53823,53843,20
13.0334396362,80.2678604126,53843,53853,10
13.0332202911,80.2678222656,53853,53863,10
13.0328397751,80.2677307129,53863,53873,10
13.0326700211,80.2676086426,53873,53882,9
13.0324897766,80.2674636841,53882,53893,11
13.0318603516,80.2671585083,53893,53903,10
13.0312795639,80.2669296265,53903,53913,10
13.0305595398,80.2667617798,53913,53923,10
13.0301303864,80.2667617798,53923,53934,11
13.0296001434,80.2666778564,53934,53944,10
13.0290603638,80.266418457,53944,53954,10
13.0285701752,80.2663497925,53954,53964,10
13.0281095505,80.2662582397,53964,53974,10
13.0276403427,80.2662277222,53974,53984,10
13.0270595551,80.2661514282,53984,53994,10
13.0264997482,80.2660598755,53994,54004,10
13.0261297226,80.2659225464,54004,54014,10
13.0254802704,80.2654571533,54014,54024,10
13.0249795914,80.2650680542,54024,54034,10
13.024310112,80.264541626,54034,54045,11
13.0233697891,80.2640304565,54045,54055,10
13.022600174,80.2636566162,54055,54065,10
13.0220804214,80.2633972168,54065,54075,10
13.022069931,80.263381958,54075,54085,10
13.0217103958,80.263168335,54085,54095,10
13.021030426,80.2630004883,54095,54105,10
13.0203304291,80.2629470825,54105,54115,10
13.0198698044,80.2629318237,54115,54125,10
13.0193004608,80.2628936768,54125,54135,10
13.0189304352,80.2627182007,54135,54145,10
13.018819809,80.2619628906,54145,54156,11
13.0186004639,80.2612380981,54156,54166,10
13.0180397034,80.260848999,54166,54176,10
13.0173797607,80.2604217529,54176,54186,10
13.0169801712,80.2601776123,54186,54196,10
13.0165596008,80.2599182129,54196,54206,10
13.0160503387,80.2596893311,54206,54216,10
13.015999794,80.2596588135,54216,54226,10
13.0155496597,80.2594604492,54226,54236,10
13.0147399902,80.2593231201,54236,54246,10
13.0138397217,80.2592697144,54246,54256,10
13.0127601624,80.2592391968,54256,54267,11
13.0115804672,80.2591934204,54267,54277,10
13.0106496811,80.2592010498,54277,54287,10
13.0098199844,80.2592315674,54287,54297,10
13.0096502304,80.2592315674,54297,54307,10
13.0091295242,80.2592086792,54307,54317,10
13.0087995529,80.2592163086,54317,54327,10
13.0084400177,80.2591934204,54327,54337,10
13.0077800751,80.2593002319,54337,54347,10
13.0073404312,80.2590789795,54347,54357,10
13.007229805,80.2586975098,54357,54367,10
13.0068998337,80.2581710815,54367,54378,11
13.0065097809,80.2575836182,54378,54458,80
13.0065097809,80.2575836182,54458,54468,10
13.0064697266,80.2572784424,54468,54479,11
13.0064601898,80.2566986084,54479,54489,10
13.0064697266,80.2559204102,54489,54499,10
13.0065402985,80.2550125122,54499,54509,10
13.0065097809,80.2540893555,54509,54519,10
13.0065603256,80.2535934448,54519,54529,10
13.0066003799,80.2532501221,54529,54539,10
13.0065402985,80.2531585693,54539,54549,10
13.0066003799,80.252532959,54549,54620,71
13.0066003799,80.252532959,54620,54630,10
13.0067396164,80.2521591187,54630,54640,10
13.0067396164,80.2516479492,54640,54650,10
13.006819725,80.2510070801,54650,54660,10
13.0067996979,80.2501831055,54660,54670,10
13.0067901611,80.2495193481,54670,54711,41
13.0067901611,80.2495193481,54711,54721,10
13.0067796707,80.2493362427,54721,54731,10
13.0067596436,80.248840332,54731,54741,10
13.0066900253,80.2483062744,54741,54812,71
13.0066900253,80.2483062744,54812,54822,10
13.006649971,80.2479705811,54822,54832,10
13.0066299438,80.247428894,54832,54842,10
13.0066099167,80.2468414307,54842,54852,10
13.0065603256,80.2466583252,54852,54862,10
13.0065803528,80.2464981079,54862,54872,10
13.006649971,80.2456970215,54872,54882,10
13.0066204071,80.2448196411,54882,54892,10
13.0066099167,80.2439880371,54892,54902,10
13.0065698624,80.2433929443,54902,54912,10
13.0065898895,80.2428512573,54912,54923,11
13.0065803528,80.2420196533,54923,54933,10
13.0066699982,80.2409667969,54933,54943,10
13.0068302155,80.2400131226,54943,54953,10
13.0069799423,80.2389373779,54953,54963,10
13.0071296692,80.2379379272,54963,54973,10
13.0073099136,80.2374572754,54973,54983,10
13.007399559,80.2369232178,54983,54993,10
13.0074100494,80.2367935181,54993,55003,10
13.0075597763,80.2362594604,55003,55013,10
13.0076799393,80.235496521,55013,55023,10
13.0077695847,80.2354507446,55023,55034,11
13.0078802109,80.2349014282,55034,55044,10
13.0080795288,80.2339096069,55044,55054,10
13.0082597733,80.2329330444,55054,55064,10
13.0084896088,80.2319488525,55064,55074,10
13.0086803436,80.231010437,55074,55084,10
13.008890152,80.2299423218,55084,55094,10
13.0091104507,80.2288131714,55094,55104,10
13.0093803406,80.2278671265,55104,55114,10
13.0100002289,80.2263793945,55114,55124,10
13.0104503632,80.2253570557,55124,55134,10
13.0105895996,80.2250366211,55134,55145,11
13.010840416,80.2245330811,55145,55155,10
13.0112400055,80.2237091064,55155,55165,10
13.0112695694,80.2233734131,55165,55175,10
13.0114097595,80.2229309082,55175,55185,10
13.0117101669,80.2222976685,55185,55195,10
13.0122203827,80.2216110229,55195,55205,10
13.0124502182,80.2216720581,55205,55215,10
13.0127801895,80.2220993042,55215,55225,10
13.0130796432,80.2224578857,55225,55235,10
13.0134897232,80.2228927612,55235,55245,10
13.0139503479,80.2232818604,55245,55256,11
13.0142097473,80.2235488892,55256,55266,10
13.0143003464,80.2236480713,55266,55276,10
13.0148601532,80.2243728638,55276,55286,10
13.0152797699,80.2247390747,55286,55296,10
13.0154304504,80.2248916626,55296,55306,10
13.0155200958,80.2249679565,55306,55316,10
13.0160198212,80.2253036499,55316,55326,10
13.0171003342,80.2250823975,55326,55336,10
13.0182600021,80.224609375,55336,55346,10
13.0191202164,80.2242584229,55346,55356,10
13.0193595886,80.2242584229,55356,55367,11
13.0195798874,80.2244415283,55367,55387,20
13.0195798874,80.2244415283,55387,55397,10
13.0198402405,80.2246170044,55397,55407,10
13.0200796127,80.224861145,55407,55417,10
13.0204296112,80.2250366211,55417,55427,10
13.0210800171,80.2255706787,55427,55437,10
13.0217599869,80.2261810303,55437,55447,10
13.0223703384,80.2266769409,55447,55457,10
13.0232095718,80.2273406982,55457,55468,11
13.0239496231,80.2280197144,55468,55478,10
13.0242004395,80.2282791138,55478,55488,10
13.0243597031,80.2284622192,55488,55498,10
13.024720192,80.2289962769,55498,55508,10
13.0251197815,80.2295532227,55508,55517,9
13.0255203247,80.2299423218,55517,55528,11
13.0258798599,80.2307815552,55528,55538,10
13.0259504318,80.2311325073,55538,55568,30
13.0259504318,80.2311325073,55568,55579,11
13.0259799957,80.2312469482,55579,55589,10
13.0264196396,80.2312011719,55589,55599,10
13.0269899368,80.2310562134,55599,55609,10
13.0278902054,80.2309265137,55609,55619,10
13.0285797119,80.2308425903,55619,55629,10
13.028719902,80.2308807373,55629,55639,10
13.0288801193,80.2308807373,55639,55649,10
13.0291404724,80.2308807373,55649,55659,10
13.0294303894,80.2308120728,55659,55670,11
13.0300397873,80.2305984497,55670,55679,9
13.0303497314,80.2306594849,55679,55690,11
13.0307998657,80.230682373,55690,55700,10
13.0313196182,80.2306365967,55700,55710,10
13.0320196152,80.2305831909,55710,55720,10
13.0328998566,80.2304916382,55720,55730,10
13.0336799622,80.2303390503,55730,55740,10
13.0344495773,80.2303619385,55740,55770,30
13.0344495773,80.2303619385,55770,55780,10
13.0346298218,80.230430603,55780,55790,10
13.0349798203,80.2303390503,55790,55801,11
13.0350904465,80.2299804688,55801,55811,10
13.0348997116,80.2298431396,55811,55821,10
13.0345201492,80.2298583984,55821,55962,141
13.0345201492,80.2298583984,55962,55972,10
13.0342302322,80.2297592163,55972,56033,61
13.0342302322,80.2297592163,56033,56043,10
13.0341100693,80.2300186157,56043,56113,70
13.0341100693,80.2300186157,56113,56123,10
13.0342102051,80.2297286987,56123,56134,11
13.0341396332,80.2298965454,56134,56144,10
13.0342102051,80.2300872803,56144,56154,10
13.0342302322,80.2300033569,56154,56164,10
13.0341901779,80.2299804688,56164,56174,10
13.0341701508,80.2300415039,56174,56184,10
13.0340795517,80.2302017212,56184,56194,10
13.0341596603,80.2301483154,56194,56204,10
13.0343399048,80.2300186157,56204,56214,10
13.0341796875,80.2304763794,56214,56235,21
13.0341796875,80.2304763794,56235,56245,10
13.033949852,80.2304077148,56245,56255,10
13.0334100723,80.2304382324,56255,56265,10
13.0327596664,80.2305603027,56265,56275,10
13.03221035,80.2307281494,56275,56285,10
13.0313301086,80.2308120728,56285,56295,10
13.030579567,80.230796814,56295,56305,10
13.0300397873,80.2308425903,56305,56315,10
13.0297803879,80.2308578491,56315,56325,10
13.0295696259,80.2308578491,56325,56335,10
13.0291404724,80.2308807373,56335,56345,10
13.0287103653,80.2309570313,56345,56356,11
13.0280799866,80.2310714722,56356,56366,10
13.0277996063,80.2310333252,56366,56376,10
13.0276403427,80.2311630249,56376,56392,16
13.0277204514,80.2320327759,56392,56404,12
13.0278196335,80.2326431274,56404,56414,10
13.0275201797,80.2328262329,56414,56424,10
13.02684021,80.2329483032,56424,56434,10
13.026140213,80.2333221436,56434,56455,21
13.026260376,80.2321777344,56455,56485,30
13.026260376,80.2321777344,56485,56494,9
13.0261497498,80.2318115234,56494,56515,21
13.0261497498,80.2318115234,56515,56525,10
13.0260601044,80.2316207886,56525,56535,10
13.0259199142,80.2310791016,56535,56545,10
13.025639534,80.2304000854,56545,56555,10
13.0250997543,80.229637146,56555,56566,11
13.0244398117,80.2288284302,56566,56576,10
13.0239400864,80.2282714844,56576,56586,10
13.0239400864,80.2281723022,56586,56596,10
13.0237102509,80.2278823853,56596,56606,10
13.0231895447,80.2274398804,56606,56616,10
13.0229301453,80.2271575928,56616,56626,10
13.0227003098,80.2269287109,56626,56636,10
13.022359848,80.2266082764,56636,56646,10
13.0218696594,80.2261810303,56646,56656,10
13.0212402344,80.2257080078,56656,56666,10
13.0205097198,80.2251815796,56666,56677,11
13.0197696686,80.2247085571,56677,56687,10
13.0192899704,80.2245330811,56687,56697,10
13.0185604095,80.224609375,56697,56707,10
13.017780304,80.2249221802,56707,56717,10
13.0170202255,80.2252426147,56717,56727,10
13.0165500641,80.2254180908,56727,56737,10
13.0162601471,80.2255096436,56737,56747,10
13.0158195496,80.2256698608,56747,56757,10
13.0152702332,80.2258682251,56757,56767,10
13.014749527,80.2260894775,56767,56777,10
13.01445961,80.2261962891,56777,56808,31
13.01445961,80.2261962891,56808,56818,10
13.0140304565,80.2264022827,56818,56828,10
13.0134096146,80.2266387939,56828,56838,10
13.0126199722,80.2269210815,56838,56854,16
13.0111303329,80.2275009155,56854,56866,12
13.0097999573,80.2279968262,56866,56874,8
13.0091295242,80.2285766602,56874,56886,12
13.0088300705,80.2300567627,56886,56897,11
13.0085496902,80.2314987183,56897,56907,10
13.0083303452,80.2326583862,56907,56917,10
13.0082197189,80.2335510254,56917,56927,10
13.0082101822,80.2337036133,56927,56937,10
13.0081596375,80.2338180542,56937,56947,10
13.0080404282,80.2344284058,56947,56957,10
13.0078897476,80.2354888916,56957,56967,10
13.0078001022,80.2365112305,56967,56977,10
13.0073404312,80.2379074097,56977,56988,11
13.0070800781,80.2391586304,56988,56998,10
13.0068998337,80.2401504517,56998,57009,11
13.0068302155,80.2406616211,57009,57019,10
13.0068397522,80.240737915,57019,57029,10
13.0067396164,80.2413406372,57029,57039,10
13.0067195892,80.2422409058,57039,57049,10
13.0066604614,80.2431182861,57049,57059,10
13.0066404343,80.2440109253,57059,57069,10
13.0066604614,80.2447891235,57069,57079,10
13.0067100525,80.2457427979,57079,57089,10
13.0067396164,80.2463912964,57089,57099,10
13.0067396164,80.24659729,57099,57109,10
13.0067195892,80.2472381592,57109,57120,11
13.0067596436,80.2483215332,57120,57130,10
13.0068702698,80.2494430542,57130,57150,20
13.0068702698,80.2494430542,57150,57160,10
13.0068798065,80.2496490479,57160,57170,10
13.006819725,80.2502822876,57170,57180,10
13.0068302155,80.2511825562,57180,57190,10
13.0067195892,80.2518463135,57190,57200,10
13.0065603256,80.2528762817,57200,57210,10
13.0065603256,80.2537231445,57210,57220,10
13.0066099167,80.2548828125,57220,57231,11
13.0066003799,80.2550125122,57231,57241,10
13.0065603256,80.2551727295,57241,57251,10
13.0065803528,80.2556381226,57251,57261,10
13.0065498352,80.256439209,57261,57271,10
13.0066204071,80.2568435669,57271,57281,10
13.0066995621,80.2573928833,57281,57291,10
13.0069904327,80.2580337524,57291,57308,17
13.0077600479,80.2586975098,57308,57320,12
13.0078001022,80.2586898804,57320,57328,8
13.0080699921,80.2589111328,57328,57341,13
13.0085697174,80.2590637207,57341,57351,10
13.0092601776,80.2590866089,57351,57361,10
13.0101995468,80.2591018677,57361,57370,9
13.0112199783,80.2591171265,57370,57382,12
13.012840271,80.2591781616,57382,57392,10
13.014289856,80.259262085,57392,57402,10
13.01541996,80.2593307495,57402,57412,10
13.0160102844,80.2594604492,57412,57422,10
13.0163202286,80.2596511841,57422,57432,10
13.0163097382,80.2596435547,57432,57442,10
13.0165996552,80.2598724365,57442,57454,12
13.0171298981,80.2602233887,57454,57464,10
13.017660141,80.2607192993,57464,57474,10
13.0184202194,80.261138916,57474,57484,10
13.0188398361,80.2613983154,57484,57494,10
13.0191001892,80.2616119385,57494,57504,10
13.0194997787,80.2619400024,57504,57514,10
13.0199604034,80.2624206543,57514,57523,9
13.0202598572,80.2626419067,57523,57534,11
13.0205698013,80.262802124,57534,57545,11
13.0213499069,80.2630615234,57545,57555,10
13.022069931,80.2632675171,57555,57565,10
13.0226898193,80.2636032104,57565,57575,10
13.0226602554,80.2635803223,57575,57585,10
13.0229997635,80.2638397217,57585,57595,10
13.0230503082,80.2639007568,57595,57604,9
13.0236501694,80.2645263672,57604,57615,11
13.0242395401,80.2645111084,57615,57625,10
13.0249700546,80.2648468018,57625,57635,10
13.0251903534,80.2649536133,57635,57645,10
13.0257501602,80.2659225464,57645,57655,10
13.026599884,80.2649383545,57655,57676,21
13.026599884,80.2649383545,57676,57686,10
13.0265598297,80.2640380859,57686,57696,10
13.0264596939,80.2635192871,57696,57706,10
13.0274896622,80.2629165649,57706,57736,30
13.0274896622,80.2629165649,57736,57746,10
13.0291996002,80.2645874023,57746,57757,11
13.0302696228,80.2652435303,57757,57777,20
13.0302696228,80.2652435303,57777,57786,9
13.0291996002,80.2660980225,57786,57797,11
13.029250145,80.2661895752,57797,57807,10
13.0290803909,80.266418457,57807,57817,10
13.0303001404,80.2671737671,57817,57837,20
13.0314702988,80.2668304443,57837,57948,111
13.0314702988,80.2668304443,57948,57958,10
13.0344295502,80.2681808472,57958,57988,30
13.0344295502,80.2681808472,57988,57999,11
13.0343399048,80.2680587769,57999,58009,10
13.0341596603,80.2680282593,58009,58019,10
13.033780098,80.2679595947,58019,58191,172
13.033659935,80.2679290771,58191,58231,40
13.0336904526,80.2678909302,58231,58261,30
13.0336904526,80.2678909302,58261,58271,10
13.0336303711,80.2678909302,58271,58281,10
13.0334100723,80.2678527832,58281,58574,293
13.0334100723,80.2678527832,58574,58584,10
13.0328598022,80.2676391602,58584,58594,10
13.0327396393,80.2676086426,58594,58604,10
13.0326299667,80.2675704956,58604,58614,10
13.0323896408,80.2673797607,58614,58624,10
13.0317401886,80.2670898438,58624,58634,10
13.0312204361,80.2668991089,58634,58644,10
13.030960083,80.2667999268,58644,58655,11
13.030670166,80.2666473389,58655,58665,10
13.0304002762,80.2666015625,58665,58675,10
13.0297603607,80.2665023804,58675,58685,10
13.0286197662,80.2660598755,58685,58705,20
13.0286197662,80.2660598755,58705,58715,10
13.0279598236,80.2661209106,58715,58725,10
13.0280303955,80.2661514282,58725,58735,10
13.0273199081,80.2660293579,58735,58746,11
13.026550293,80.2657470703,58746,58756,10
13.0257396698,80.2653808594,58756,58816,60
13.0257396698,80.2653808594,58816,58826,10
13.0225000381,80.2621688843,58826,58836,10
13.0225400925,80.2622528076,58836,58846,10
13.0221204758,80.2634963989,58846,58856,10
13.0219202042,80.263343811,58856,58867,11
13.0213899612,80.2630310059,58867,58877,10
13.0207700729,80.2625427246,58877,58887,10
13.020529747,80.262336731,58887,58897,10
13.0190401077,80.2629318237,58897,58907,10
13.018819809,80.2623977661,58907,58917,10
13.0186901093,80.2615585327,58917,58927,10
13.0181999207,80.2610397339,58927,58937,10
13.0174503326,80.260559082,58937,58947,10
13.0166501999,80.260017395,58947,58957,10
13.0160703659,80.2597198486,58957,58977,20
13.0160703659,80.2597198486,58977,58988,11
13.0156202316,80.2595214844,58988,58998,10
13.0148000717,80.2593002319,58998,59008,10
13.0141201019,80.2591171265,59008,59024,16
13.0117197037,80.2591629028,59024,59036,12
13.0099096298,80.2592926025,59036,59053,17
13.0099096298,80.2592926025,59053,59069,16
13.0097999573,80.2592773438,59069,59078,9
13.0093803406,80.2592315674,59078,59092,14
13.0088300705,80.2592163086,59092,59102,10
13.0087099075,80.259262085,59102,59112,10
13.0082998276,80.2592468262,59112,59122,10
13.0075502396,80.2593917847,59122,59132,10
13.0072898865,80.2589492798,59132,59142,10
13.0071897507,80.2587280273,59142,59152,10
13.0070495605,80.2584533691,59152,59162,10
13.0068397522,80.2581100464,59162,59172,10
13.0065898895,80.2576980591,59172,59243,71
13.0065898895,80.2576980591,59243,59253,10
13.006480217,80.2577667236,59253,59262,9
13.0064401627,80.2576980591,59262,59273,11
13.0061798096,80.2575912476,59273,59284,11
13.0064296722,80.2565765381,59284,59292,8
13.0062999725,80.2559585571,59292,59306,14
13.0065498352,80.2543792725,59306,59517,211
13.0065498352,80.2543792725,59517,59538,21
13.0059499741,80.2490463257,59538,59620,82
13.0059499741,80.2490463257,59620,59631,11
13.0064096451,80.2426376343,59631,59641,10
13.0061998367,80.2420806885,59641,59650,9
13.0061597824,80.2419815063,59650,59661,11
13.0065698624,80.2411499023,59661,59671,10
13.0067195892,80.2404785156,59671,59681,10
13.006819725,80.2398834229,59681,59691,10
13.0068798065,80.2394714355,59691,59701,10
13.0072698593,80.2377624512,59701,59711,10
13.0074100494,80.2368392944,59711,59731,20
13.0074100494,80.2368392944,59731,59741,10
13.0074901581,80.2364730835,59741,59752,11
13.0076704025,80.2356567383,59752,59762,10
13.007809639,80.2351379395,59762,59772,10
13.0079402924,80.2344589233,59772,59782,10
13.0081596375,80.233543396,59782,59791,9
13.0083703995,80.2325515747,59791,59802,11
13.0086603165,80.2309417725,59802,59812,10
13.0089197159,80.2295684814,59812,59822,10
13.0091495514,80.2283401489,59822,59832,10
13.009759903,80.2270431519,59832,59842,10
13.0103197098,80.2257995605,59842,59853,11
13.0107603073,80.2248535156,59853,59863,10
13.0109195709,80.2244415283,59863,59873,10
13.0110797882,80.2239532471,59873,59883,10
13.011300087,80.223449707,59883,59903,20
13.011300087,80.223449707,59903,59913,10
13.0113401413,80.2231521606,59913,59923,10
13.0116195679,80.2225036621,59923,59933,10
13.0120201111,80.2215270996,59933,59943,10
13.0124702454,80.2216415405,59943,59954,11
13.0130395889,80.2223815918,59954,59964,10
13.0137500763,80.2232208252,59964,59984,20
13.0137500763,80.2232208252,59984,60000,16
13.015080452,80.2246322632,60000,60012,12
13.0152902603,80.2248916626,60012,60020,8
13.0153398514,80.2249221802,60020,60032,12
13.0154399872,80.2249603271,60032,60042,10
13.0156898499,80.2251815796,60042,60052,10
13.0163202286,80.225402832,60052,60062,10
13.01720047,80.225151062,60062,60073,11
13.0178899765,80.2246017456,60073,60083,10
13.0185699463,80.2238311768,60083,60093,10
13.0191202164,80.2236709595,60093,60103,10
13.0192203522,80.2234573364,60103,60123,20
13.0192203522,80.2234573364,60123,60133,10
13.0200195313,80.2247695923,60133,60143,10
13.0203800201,80.2250823975,60143,60153,10
13.0210504532,80.2255706787,60153,60163,10
13.0213804245,80.2258605957,60163,60174,11
13.0218801498,80.2262191772,60174,60184,10
13.0221595764,80.2264099121,60184,60194,10
13.0222997665,80.2265014648,60194,60204,10
13.0226802826,80.226890564,60204,60214,10
13.023229599,80.2273635864,60214,60224,10
13.0238704681,80.2280273438,60224,60234,10
13.0244903564,80.2287368774,60234,60244,10
13.0249004364,80.2293930054,60244,60254,10
13.024720192,80.2289505005,60254,60265,11
13.0250301361,80.2294998169,60265,60274,9
13.0258998871,80.2309036255,60274,60295,21
13.0258998871,80.2309036255,60295,60305,10
13.0256996155,80.230430603,60305,60325,20
13.0256996155,80.230430603,60325,60335,10
13.0257701874,80.2305984497,60335,60345,10
13.0258998871,80.2309799194,60345,60355,10
13.0259799957,80.2312316895,60355,60364,9
13.0262403488,80.2313537598,60364,60374,10
13.0267000198,80.2313079834,60374,60385,11
13.0272197723,80.2312393188,60385,60395,10
13.0284404755,80.2311325073,60395,60406,11
13.0291004181,80.231338501,60406,60416,10
13.028719902,80.2308120728,60416,60436,20
13.028719902,80.2308120728,60436,60446,10
13.028960228,80.2308425903,60446,60456,10
13.0293197632,80.2308273315,60456,60466,10
13.0296602249,80.2308120728,60466,60476,10
13.0299501419,80.2307815552,60476,60486,10
13.0300703049,80.230796814,60486,60496,10
13.0302600861,80.2305603027,60496,60507,11
13.0306596756,80.2301101685,60507,60597,90
13.0306596756,80.2301101685,60597,60607,10
13.0329504013,80.230506897,60607,60618,11
13.0332202911,80.2302932739,60618,60628,10
13.0334701538,80.2301635742,60628,60638,10
13.0336904526,80.2296218872,60638,60688,50
13.0336904526,80.2296218872,60688,60698,10
13.033949852,80.23046875,60698,60708,10
13.0340595245,80.2303314209,60708,60718,10
13.0347995758,80.2302627563,60718,60739,21
13.0347995758,80.2302627563,60739,60749,10
13.0350799561,80.2300109863,60749,60759,10
13.0350904465,80.2300033569,60759,60769,10
13.0346097946,80.2297821045,60769,60799,30
13.0343904495,80.229637146,60799,60820,21
13.0343399048,80.2294921875,60820,60850,30
13.0343399048,80.2294921875,60850,60860,10
13.0344400406,80.2297668457,60860,60870,10
13.034330368,80.2297134399,60870,60880,10
13.0343599319,80.2298431396,60880,60890,10
13.0344600677,80.2298126221,60890,60931,41
13.0342597961,80.2295379639,60931,61183,252
13.0342597961,80.2295379639,61183,61193,10
13.0307798386,80.230758667,61193,61203,10
13.0306501389,80.2304992676,61203,61264,61
13.0306501389,80.2304992676,61264,61280,16
13.0296497345,80.230796814,61280,61292,12
13.0288000107,80.2309799194,61292,61302,10
13.0281896591,80.2309494019,61302,61312,10
13.027130127,80.2308578491,61312,61322,10
13.0270395279,80.2308502197,61322,61332,10
13.0274200439,80.231880188,61332,61342,10
13.0283603668,80.2328720093,61342,61352,10
13.0275096893,80.2329177856,61352,61362,10
13.0268602371,80.2329864502,61362,61425,63
13.0267496109,80.2329483032,61425,61476,51
13.0267496109,80.2329483032,61476,61485,9
13.0262403488,80.2323989868,61485,61496,11
13.0261297226,80.2321014404,61496,61506,10
13.0259399414,80.2316589355,61506,61515,9
13.0257396698,80.2312774658,61515,61526,11
13.0255899429,80.2309494019,61526,61536,10
13.0255298615,80.2308425903,61536,61546,10
13.0249996185,80.2294921875,61546,61566,20
13.0249500275,80.2294769287,61566,61678,112
13.0235300064,80.2275695801,61678,61729,51
13.0235300064,80.2275695801,61729,61739,10
13.0200796127,80.2249603271,61739,61749,10
13.0192899704,80.2245178223,61749,61759,10
13.0183601379,80.2246627808,61759,61769,10
13.0174598694,80.2250518799,61769,61779,10
13.0166702271,80.2253799438,61779,61789,10
13.0162200928,80.2255630493,61789,61799,10
13.0156698227,80.2257385254,61799,61809,10
13.014960289,80.22605896,61809,61819,10
13.0141601563,80.2263565063,61819,61850,31
13.0141601563,80.2263565063,61850,61860,10
13.013999939,80.2265014648,61860,61870,10
13.0135297775,80.2266235352,61870,61880,10
13.0128498077,80.2268295288,61880,61890,10
13.0120697021,80.2270584106,61890,61900,10
13.0109701157,80.2275466919,61900,61910,10
13.0098199844,80.2280197144,61910,61920,10
13.009059906,80.2287979126,61920,61930,10
13.0088195801,80.2300796509,61930,61941,11
13.0086202621,80.2312469482,61941,61951,10
13.0084400177,80.2322463989,61951,61961,10
13.0082902908,80.2331237793,61961,61971,10
13.0082798004,80.2335128784,61971,61981,10
13.0082702637,80.2335891724,61981,61991,10
13.0082197189,80.2336807251,61991,62001,10
13.0081501007,80.233757019,62001,62011,10
13.0080699921,80.2340164185,62011,62021,10
13.008020401,80.2345275879,62021,62031,10
13.0079298019,80.2349777222,62031,62042,11
13.0078496933,80.2351379395,62042,62052,10
13.0078496933,80.2352294922,62052,62062,10
13.0077400208,80.2356796265,62062,62072,10
13.007610321,80.2364807129,62072,62082,10
13.0074195862,80.2373886108,62082,62092,10
13.0073204041,80.2383270264,62092,62102,10
13.0071001053,80.2392501831,62102,62112,10
13.0069599152,80.2400512695,62112,62203,91
13.0069599152,80.2400512695,62203,62213,10
13.0069999695,80.2401504517,62213,62223,10
13.0069503784,80.2405319214,62223,62233,10
13.0069198608,80.2406082153,62233,62243,10
13.0068101883,80.2409820557,62243,62304,61
13.0068101883,80.2409820557,62304,62314,10
13.0066099167,80.2458114624,62314,62324,10
13.0067100525,80.2460021973,62324,62334,10
13.0067796707,80.2461471558,62334,62355,21
13.0067796707,80.2461471558,62355,62365,10
13.0067596436,80.2470932007,62365,62375,10
13.0067501068,80.2476730347,62375,62385,10
13.0067300797,80.2483673096,62385,62395,10
13.0068798065,80.2495498657,62395,62415,20
13.0068798065,80.2495498657,62415,62425,10
13.0068702698,80.2496871948,62425,62435,10
13.0068302155,80.2501678467,62435,62445,10
13.0068101883,80.2506027222,62445,62455,10
13.0068101883,80.2508621216,62455,62466,11
13.0067996979,80.2512130737,62466,62476,10
13.0067100525,80.2515182495,62476,62486,10
13.0065603256,80.2524185181,62486,62496,10
13.0065402985,80.2533493042,62496,62506,10
13.0065402985,80.2543334961,62506,62516,10
13.0065898895,80.2545928955,62516,62526,10
13.0066099167,80.2546920776,62526,62536,10
13.0065803528,80.2549362183,62536,62546,10
13.0065803528,80.2556381226,62546,62556,10
13.0066404343,80.2565917969,62556,62566,10
13.0066404343,80.2571792603,62566,62576,10
13.0066404343,80.2572021484,62576,62587,11
13.0066604614,80.2573928833,62587,62597,10
13.0066604614,80.2577819824,62597,62607,10
13.0076904297,80.2586364746,62607,62637,30
13.0076904297,80.2586364746,62637,62647,10
13.0080699921,80.2588195801,62647,62657,10
13.0085601807,80.2590026855,62657,62667,10
13.0095396042,80.2590484619,62667,62677,10
13.0105104446,80.2590713501,62677,62687,10
13.0116100311,80.2590408325,62687,62698,11
13.0128698349,80.2591400146,62698,62708,10
13.0140800476,80.2592010498,62708,62718,10
13.0153198242,80.259262085,62718,62727,9
13.0161600113,80.2595214844,62727,62738,11
13.0164403915,80.2596969604,62738,62748,10
13.016579628,80.2598190308,62748,62758,10
13.0170297623,80.2601318359,62758,62768,10
13.0176200867,80.2605667114,62768,62778,10
13.0182800293,80.2610626221,62778,62788,10
13.0187501907,80.2613372803,62788,62798,10
13.0191001892,80.2616271973,62798,62809,11
13.019659996,80.2621536255,62809,62819,10
13.0201501846,80.2626419067,62819,62829,10
13.0202598572,80.2627182007,62829,62839,10
13.0208501816,80.2629394531,62839,62849,10
13.022069931,80.2633972168,62849,62879,30
13.022069931,80.2633972168,62879,62889,10
13.0228004456,80.2638931274,62889,62899,10
13.0231895447,80.2640609741,62899,62909,10
13.0229902267,80.2638626099,62909,62920,11
13.0230197906,80.2638931274,62920,62930,10
13.0232601166,80.2641372681,62930,62940,10
13.0244598389,80.2648620605,62940,62950,10
13.0250797272,80.2652511597,62950,62960,10
13.0255804062,80.2655487061,62960,62970,10
13.0261697769,80.26587677,62970,62980,10
13.0263395309,80.2655792236,62980,62990,10
13.0263500214,80.26512146,62990,63000,10
13.0264196396,80.2645568848,63000,63010,10
13.0264797211,80.2640914917,63010,63021,11
13.0265598297,80.2638702393,63021,63031,10
13.0266504288,80.2633514404,63031,63041,10
13.0271196365,80.2634277344,63041,63051,10
13.0277004242,80.2636108398,63051,63061,10
13.0280399323,80.2637329102,63061,63071,10
13.0282201767,80.2637710571,63071,63081,10
13.0288200378,80.2639465332,63081,63091,10
13.0291996002,80.2640533447,63091,63101,10
13.0293502808,80.2642593384,63101,63111,10
13.029419899,80.2646484375,63111,63121,10
13.0293703079,80.2652435303,63121,63132,11
13.0293502808,80.2658691406,63132,63142,10
13.0292797089,80.2660980225,63142,63152,10
13.0291795731,80.2662734985,63152,63162,10
13.0291004181,80.2665328979,63162,63172,10
13.0293197632,80.2666397095,63172,63182,10
13.0303001404,80.2664031982,63182,63192,10
13.0309801102,80.2667007446,63192,63202,10
13.0317802429,80.2669067383,63202,63212,10
13.0325899124,80.2670211792,63212,63463,251
13.0325899124,80.2670211792,63463,63474,11
13.0331897736,80.267829895,63474,63585,111
13.0331897736,80.267829895,63585,63595,10
13.033200264,80.2677307129,63595,63605,10
13.033200264,80.2677307129,63605,63857,252
13.033200264,80.2677307129,63857,63867,10
13.0332098007,80.2676620483,63867,64130,263
13.0332098007,80.2676620483,64130,64140,10
13.033200264,80.267616272,64140,64150,10
13.0332202911,80.2676010132,64150,64160,10
13.0329999924,80.2674179077,64160,64170,10
13.032790184,80.2674179077,64170,64180,10
13.0327196121,80.2676620483,64180,64190,10
13.0324001312,80.2673492432,64190,64221,31
13.0323200226,80.267578125,64221,64562,341
13.0323200226,80.267578125,64562,64572,10
13.0184803009,80.2617492676,64572,64582,10
13.0184202194,80.261100769,64582,64592,10
13.0180797577,80.2610397339,64592,64602,10
13.0178604126,80.2608718872,64602,64612,10
13.0167198181,80.2600402832,64612,64622,10
13.0161600113,80.2597579956,64622,64633,11
13.0157804489,80.2595977783,64633,64642,9
13.0161104202,80.2596206665,64642,64652,10
13.0156297684,80.259552002,64652,64663,11
13.0148601532,80.2595977783,64663,64673,10
13.0136995316,80.2593536377,64673,64683,10
13.012430191,80.2592391968,64683,64693,10
13.0113296509,80.2592391968,64693,64703,10
13.0103702545,80.259262085,64703,64713,10
13.0097999573,80.2592773438,64713,64723,10
13.0096101761,80.259262085,64723,64733,10
13.0088796616,80.2592010498,64733,64743,10
13.0085802078,80.2592163086,64743,64753,10
13.0078496933,80.2593002319,64753,64763,10
13.007349968,80.2590866089,64763,64774,11
13.0072603226,80.2588577271,64774,64784,10
13.0072002411,80.2587432861,64784,64794,10
13.0069303513,80.2582931519,64794,64804,10
13.0068702698,80.2581176758,64804,64814,10
13.0065402985,80.2576675415,64814,64834,20
13.0065402985,80.2576675415,64834,64844,10
13.0064001083,80.2574081421,64844,64854,10
13.0065097809,80.2575683594,64854,64864,10
13.0065202713,80.2575836182,64864,64874,10
13.0065097809,80.2574920654,64874,64885,11
13.0065202713,80.2568664551,64885,64895,10
13.0065402985,80.256187439,64895,64905,10
13.0065202713,80.255531311,64905,64915,10
13.0065603256,80.2548675537,64915,64925,10
13.0065202713,80.2542572021,64925,64941,16
13.0065698624,80.2535934448,64941,64953,12
13.0065698624,80.2533416748,64953,64961,8
13.0065097809,80.2528915405,64961,65004,43
13.0065097809,80.2528915405,65004,65014,10
13.0064897537,80.2527770996,65014,65023,9
13.0065097809,80.252571106,65023,65034,11
13.0066099167,80.2520980835,65034,65044,10
13.0067396164,80.2511901855,65044,65054,10
13.0067501068,80.2500228882,65054,65074,20
13.0067501068,80.2500228882,65074,65084,10
13.0067501068,80.2498779297,65084,65094,10
13.006770134,80.249710083,65094,65105,11
13.0067501068,80.2494506836,65105,65115,10
13.0066900253,80.2488098145,65115,65125,10
13.0066003799,80.2479400635,65125,65183,58
13.0066003799,80.2479400635,65183,65193,10
13.0067300797,80.2480010986,65193,65204,11
13.0065002441,80.2479629517,65204,65366,162
13.0065002441,80.2479629517,65366,65376,10
13.0065803528,80.2445602417,65376,65386,10
13.0066003799,80.2442703247,65386,65396,10
13.0068101883,80.2442016602,65396,65406,10
13.006819725,80.2437210083,65406,65416,10
13.0065498352,80.2427597046,65416,65427,11
13.006529808,80.2419204712,65427,65437,10
13.0065498352,80.2416534424,65437,65447,10
13.0064601898,80.2415771484,65447,65467,20
13.0064601898,80.2415618896,65467,65548,81
13.0064601898,80.2415618896,65548,65558,10
13.0073003769,80.2373962402,65558,65568,10
13.0073795319,80.2370605469,65568,65578,10
13.007399559,80.2370529175,65578,65588,10
13.0074100494,80.2367935181,65588,65598,10
13.0074100494,80.2367782593,65598,65608,10
13.0074901581,80.236541748,65608,65618,10
13.0075397491,80.2363204956,65618,65628,10
13.0075702667,80.2361602783,65628,65638,10
13.007610321,80.2359390259,65638,65649,11
13.0077295303,80.2354431152,65649,65659,10
13.007900238,80.2348632813,65659,65760,101
13.007900238,80.2348632813,65760,65770,10
13.0105495453,80.2250823975,65770,65780,10
13.0108003616,80.224647522,65780,65790,10
13.0110197067,80.2240600586,65790,65800,10
13.0112104416,80.2235107422,65800,65810,10
13.0114803314,80.2229537964,65810,65820,10
13.011759758,80.2219772339,65820,65830,10
13.0120000839,80.2214813232,65830,65840,10
13.0123195648,80.2214813232,65840,65849,9
13.0125598907,80.2218399048,65849,65861,12
13.0128803253,80.2222824097,65861,65871,10
13.0131797791,80.2225036621,65871,65901,30
13.0131797791,80.2225036621,65901,65911,10
13.0140399933,80.2233505249,65911,65921,10
13.0143604279,80.2235717773,65921,66022,101
13.0143604279,80.2235717773,66022,66032,10
13.0194396973,80.2244873047,66032,66042,10
13.0201997757,80.2249526978,66042,66052,10
13.0207901001,80.2253570557,66052,66063,11
13.0212202072,80.2256698608,66063,66072,9
13.021900177,80.2261886597,66072,66093,21
13.021900177,80.2261886597,66093,66103,10
13.0222101212,80.2264328003,66103,66113,10
13.0231103897,80.2278823853,66113,67294,1181
13.0231103897,80.2278823853,67294,67304,10
13.0307502747,80.2307281494,67304,67314,10
13.0306997299,80.2307128906,67314,67324,10
13.0302495956,80.2308120728,67324,67334,10
13.0297899246,80.2308273315,67334,67344,10
13.029709816,80.2308197021,67344,67354,10
13.0293998718,80.2307815552,67354,67364,10
13.0285596848,80.2308578491,67364,67374,10
13.0278396606,80.2309875488,67374,67385,11
13.0276203156,80.2312164307,67385,67395,10
13.0276699066,80.2317504883,67395,67405,10
13.0277500153,80.2322921753,67405,67415,10
13.0278196335,80.232711792,67415,67425,10
13.0273704529,80.2329025269,67425,67435,10
13.0268497467,80.2329711914,67435,67445,10
13.0265798569,80.2330169678,67445,67455,10
13.0264196396,80.2328720093,67455,67465,10
13.0262498856,80.232421875,67465,67475,10
13.0261898041,80.2322006226,67475,67485,10
13.0261697769,80.2320098877,67485,67502,17
13.0261001587,80.2317581177,67502,67514,12
13.0260095596,80.2314376831,67514,67524,10
13.025850296,80.2309036255,67524,67532,8
13.0253801346,80.2300109863,67532,67543,11
13.0249204636,80.2294464111,67543,67574,31
13.0249204636,80.2294464111,67574,67584,10
13.0248203278,80.2293624878,67584,67594,10
13.024600029,80.2290878296,67594,67605,11
13.024310112,80.2286987305,67605,67615,10
13.0240402222,80.2284164429,67615,67625,10
13.024020195,80.2283935547,67625,67635,10
13.0238399506,80.2281265259,67635,67645,10
13.0235004425,80.2277679443,67645,67655,10
13.0233602524,80.2276229858,67655,67665,10
13.0230998993,80.2273635864,67665,67675,10
13.0225801468,80.2268676758,67675,67685,10
13.0219497681,80.2263565063,67685,67695,10
13.0213699341,80.2258834839,67695,67705,10
13.021030426,80.2256469727,67705,67716,11
13.0204896927,80.2252426147,67716,67726,10
13.0199298859,80.2248535156,67726,67736,10
13.0192203522,80.2245407104,67736,67746,10
13.0183601379,80.2247161865,67746,67756,10
13.0175695419,80.2250518799,67756,67766,10
13.0169296265,80.2253189087,67766,67776,10
13.0167102814,80.2254180908,67776,67786,10
13.0165300369,80.2255020142,67786,67796,10
13.0163402557,80.2255630493,67796,67806,10
13.0158500671,80.2257232666,67806,67816,10
13.015540123,80.2258224487,67816,67827,11
13.015080452,80.226020813,67827,67837,10
13.0143098831,80.2263183594,67837,67857,20
13.0143098831,80.2263183594,67857,67873,16
13.0142002106,80.2263412476,67873,67885,12
13.013759613,80.2265014648,67885,67893,8
13.0132303238,80.2267074585,67893,67905,12
13.0122203827,80.2271118164,67905,67915,10
13.0112104416,80.2275238037,67915,67925,10
13.0101699829,80.2279281616,67925,67936,11
13.0092601776,80.2283630371,67936,67946,10
13.0090198517,80.2291793823,67946,67956,10
13.0088396072,80.2300567627,67956,67966,10
13.008769989,80.2305526733,67966,67976,10
13.0087404251,80.230682373,67976,67986,10
13.0087003708,80.2308807373,67986,67996,10
13.0086297989,80.2312164307,67996,68016,20
13.0086297989,80.2312164307,68016,68026,10
13.0085897446,80.231552124,68026,68036,10
13.0085601807,80.2316436768,68036,68047,11
13.008480072,80.2320022583,68047,68057,10
13.0084104538,80.2322616577,68057,68067,10
13.0083703995,80.2325363159,68067,68077,10
13.0083198547,80.2328033447,68077,68087,10
13.0082597733,80.2331314087,68087,68097,10
13.0082502365,80.2333221436,68097,68107,10
13.0082397461,80.2335205078,68107,68127,20
13.0082397461,80.2335205078,68127,68137,10
13.008099556,80.233833313,68137,68158,21
13.008099556,80.233833313,68158,68168,10
13.008020401,80.2339019775,68168,68178,10
13.0080404282,80.234336853,68178,68188,10
13.0080900192,80.2348098755,68188,68198,10
13.0078201294,80.235206604,68198,68218,20
13.0078201294,80.235206604,68218,68228,10
13.0077600479,80.2355117798,68228,68239,11
13.0077600479,80.2356033325,68239,68248,9
13.0077199936,80.2352294922,68248,68259,11
13.0076999664,80.2348098755,68259,68269,10
13.0076999664,80.2347564697,68269,68279,10
13.0076599121,80.2361679077,68279,68289,10
13.007519722,80.2365188599,68289,68299,10
13.0073404312,80.236831665,68299,68329,30
13.0073404312,80.236831665,68329,68339,10
13.0068798065,80.2390899658,68339,68349,10
13.0070295334,80.239616394,68349,68448,99
13.0070295334,80.239616394,68448,68456,8
13.0070199966,80.2397079468,68456,68468,12
13.007060051,80.2397689819,68468,68479,11
13.0070495605,80.2399902344,68479,68489,10
13.0070199966,80.2402420044,68489,68499,10
13.0069599152,80.2399673462,68499,68518,19
13.0069999695,80.2400436401,68518,68721,203
13.0069999695,80.2400436401,68721,68731,10
13.0067996979,80.2469787598,68731,68741,10
13.0068101883,80.2472000122,68741,68751,10
13.0066900253,80.2479782104,68751,68903,152
13.0066900253,80.2479782104,68903,68913,10
13.0065803528,80.2550964355,68913,68923,10
13.0066099167,80.255027771,68923,68933,10
13.0067195892,80.2557983398,68933,68943,10
13.0065898895,80.2568206787,68943,68953,10
13.0066604614,80.257232666,68953,69024,71
13.006819725,80.2571487427,69024,69064,40
13.006819725,80.2571487427,69064,69074,10
13.0076198578,80.2586364746,69074,69084,10
13.0078697205,80.2587738037,69084,69094,10
13.008099556,80.2588500977,69094,69104,10
13.0095701218,80.2591171265,69104,69114,10
13.0105800629,80.2591400146,69114,69124,10
13.011639595,80.2591171265,69124,69135,11
13.0129804611,80.2591705322,69135,69145,10
13.0142803192,80.2592086792,69145,69155,10
13.0154600143,80.2592773438,69155,69165,10
13.0163202286,80.2596511841,69165,69175,10
13.0164003372,80.2597198486,69175,69185,10
13.0164299011,80.2597808838,69185,69195,10
13.0165100098,80.2598419189,69195,69205,10
13.016960144,80.2601776123,69205,69215,10
13.017660141,80.2606506348,69215,69232,17
13.018529892,80.2612304688,69232,69243,11
13.0188102722,80.2614593506,69243,69254,11
13.0190696716,80.261680603,69254,69264,10
13.0193796158,80.2619094849,69264,69274,10
13.0197200775,80.2622909546,69274,69284,10
13.0201196671,80.2626419067,69284,69294,10
13.0203304291,80.2627716064,69294,69304,10
13.0209798813,80.2629776001,69304,69314,10
13.0215902328,80.2632217407,69314,69324,10
13.0220603943,80.2634429932,69324,69334,10
13.0225696564,80.2637023926,69334,69344,10
13.0229902267,80.2639083862,69344,69355,11
13.0232000351,80.2640304565,69355,69365,10
13.0238895416,80.2644271851,69365,69375,10
13.024479866,80.2648010254,69375,69385,10
13.0247097015,80.2649993896,69385,69395,10
13.0252199173,80.2653884888,69395,69405,10
13.0257902145,80.2657623291,69405,69415,10
13.0260400772,80.2658996582,69415,69425,10
13.0261297226,80.2659225464,69425,69435,10
13.0262498856,80.2658996582,69435,69445,10
13.0263395309,80.265586853,69445,69456,11
13.0263299942,80.2655792236,69456,69466,10
13.0263795853,80.2649765015,69466,69476,10
13.0264396667,80.2640991211,69476,69496,20
13.0264396667,80.2640991211,69496,69506,10
13.026599884,80.2635803223,69506,69516,10
13.02684021,80.2634506226,69516,69526,10
13.0273599625,80.2635726929,69526,69536,10
13.0281496048,80.2636566162,69536,69577,41
13.0294399261,80.2652130127,69577,69635,58
13.0296401978,80.2661132813,69635,69675,40
13.0296401978,80.2661132813,69675,69686,11
13.0323095322,80.2674407959,69686,69697,11
13.0325202942,80.2674026489,69697,69707,10
13.0329704285,80.267791748,69707,69727,20
13.0329704285,80.267791748,69727,69737,10
13.033200264,80.2678604126,69737,69747,10
13.0332202911,80.267868042,69747,69757,10
13.0334196091,80.2679290771,69757,69767,10
13.0340299606,80.2679824829,69767,69798,31
13.0340299606,80.2679824829,69798,69808,10
13.0343999863,80.2680130005,69808,69858,50
13.0346498489,80.268119812,69858,70091,233
13.0333204269,80.2678833008,70091,70131,40
13.0332803726,80.2678222656,70131,70323,192
13.0332603455,80.267791748,70323,70403,80
13.0333204269,80.2678833008,70403,70918,515
13.0333204269,80.2678833008,70918,70928,10
13.0329504013,80.2677536011,70928,70938,10
13.0327997208,80.2677230835,70938,70948,10
13.0326404572,80.2676391602,70948,70958,10
13.0325202942,80.2675170898,70958,70968,10
13.03221035,80.2673492432,70968,70978,10
13.0317201614,80.2671127319,70978,70989,11
13.0310497284,80.2668609619,70989,70999,10
13.030500412,80.2667617798,70999,71009,10
13.0289697647,80.2665176392,71009,71251,242
13.0289697647,80.2665176392,71251,71261,10
13.0220899582,80.263343811,71261,71281,20
13.0219402313,80.2634429932,71281,71312,31
13.0219402313,80.2634429932,71312,71322,10
13.0207500458,80.2630996704,71322,71332,10
13.0205898285,80.2632980347,71332,71342,10
13.020359993,80.2636108398,71342,71423,81
13.020359993,80.2636108398,71423,71433,10
13.018989563,80.2634124756,71433,71443,10
13.0189399719,80.2629318237,71443,71483,40
13.0189599991,80.2631225586,71483,71564,81
13.0189599991,80.2631225586,71564,71574,10
13.0188703537,80.2622833252,71574,71645,71
13.0198802948,80.255569458,71645,71665,20
13.0198802948,80.255569458,71665,71675,10
13.0187702179,80.261390686,71675,71685,10
13.0185604095,80.2613601685,71685,71695,10
13.0186395645,80.2614135742,71695,71746,51
13.0186395645,80.2614135742,71746,71756,10
13.0164403915,80.2599182129,71756,71766,10
13.0160999298,80.2597198486,71766,71776,10
13.0161104202,80.2597198486,71776,71786,10
13.0155496597,80.2596817017,71786,71796,10
13.0148696899,80.2597808838,71796,71806,10
13.0143299103,80.2598800659,71806,71816,10
13.0127801895,80.2592697144,71816,71826,10
13.0117902756,80.2592315674,71826,71836,10
13.0109195709,80.2592163086,71836,71845,9
13.0101604462,80.2593231201,71845,71856,11
13.0098400116,80.2593307495,71856,71866,10
13.0097198486,80.2592697144,71866,71877,11
13.0090799332,80.2592391968,71877,71887,10
13.0086898804,80.2592163086,71887,71897,10
13.0081396103,80.2592163086,71897,71907,10
13.0075597763,80.2594223022,71907,71917,10
13.007229805,80.2589416504,71917,71927,10
13.0071897507,80.2588195801,71927,71937,10
13.007060051,80.2584991455,71937,71947,10
13.0067100525,80.2579193115,71947,71958,11
13.0064401627,80.2574996948,71958,71967,9
13.006360054,80.2574615479,71967,71978,11
13.0062503815,80.2574462891,71978,72018,40
13.0062503815,80.2574462891,72018,72028,10
13.0064401627,80.2578582764,72028,72038,10
13.0063400269,80.2579421997,72038,72725,687
13.0063400269,80.2579421997,72725,72735,10
13.0070495605,80.2385406494,72735,72745,10
13.0072002411,80.2378005981,72745,72755,10
13.0075998306,80.2363891602,72755,72916,161
13.0075998306,80.2363891602,72916,72926,10
13.0104799271,80.2252807617,72926,72936,10
13.0106401443,80.2249298096,72936,72947,11
13.0107297897,80.2246704102,72947,72957,10
13.0109596252,80.2241287231,72957,72967,10
13.0111303329,80.2235031128,72967,73048,81
13.0111303329,80.2235031128,73048,73058,10
13.0152902603,80.2249221802,73058,73078,20
13.0152902603,80.2249221802,73078,73088,10
13.0154600143,80.224899292,73088,73118,30
13.0155801773,80.2250595093,73118,73138,20
13.0184402466,80.2245864868,73138,73229,91
13.0184402466,80.2245864868,73229,73239,10
13.0221700668,80.2264709473,73239,73249,10
13.0227203369,80.2269134521,73249,73320,71
13.0227203369,80.2269134521,73320,73330,10
13.0262699127,80.2308502197,73330,73371,41
13.0262699127,80.2308502197,73371,73380,9
13.0261497498,80.2313766479,73380,73391,11
13.0268096924,80.2312393188,73391,73401,10
13.0275802612,80.2310409546,73401,73411,10
13.028380394,80.2308578491,73411,73472,61
13.028380394,80.2308578491,73472,73481,9
13.0291595459,80.2309494019,73481,73491,10
13.0291404724,80.2309265137,73491,73502,11
13.0295696259,80.2309570313,73502,74006,504
13.0295696259,80.2309570313,74006,74016,10
13.0296497345,80.2308883667,74016,74033,17
13.0296897888,80.2309188843,74033,74045,12
13.028719902,80.230796814,74045,74075,30
13.028719902,80.230796814,74075,74085,10
13.0276699066,80.2318115234,74085,74095,10
13.0278100967,80.2322311401,74095,74156,61
13.0263500214,80.2327423096,74156,74257,101
13.0263500214,80.2327423096,74257,74267,10
13.0242204666,80.2285995483,74267,74277,10
13.0237903595,80.2282791138,74277,74287,10
13.0232601166,80.228012085,74287,74307,20
13.0232601166,80.228012085,74307,74317,10
13.0218801498,80.2267837524,74317,74327,10
13.0211000443,80.2257995605,74327,74337,10
13.0206699371,80.2251586914,74337,74347,10
13.0199403763,80.2248382568,74347,74357,10
13.0198802948,80.2248001099,74357,74374,17
13.0186300278,80.2245788574,74374,74386,12
13.01720047,80.2251586914,74386,74396,10
13.0162096024,80.2255630493,74396,74406,10
13.0158195496,80.2257537842,74406,74415,9
13.0151796341,80.225982666,74415,74425,10
13.0141401291,80.2263793945,74425,74448,23
13.0141401291,80.2263793945,74448,74458,10
13.0136899948,80.2265396118,74458,74468,10
13.0127601624,80.2269134521,74468,74478,10
13.0116100311,80.2273025513,74478,74489,11
13.0101604462,80.2278823853,74489,74499,10
13.0090799332,80.2286224365,74499,74509,10
13.0088596344,80.2298202515,74509,74532,23
13.0083799362,80.2325363159,74532,74544,12
13.0081996918,80.233581543,74544,74554,10
13.0081996918,80.2336196899,74554,74564,10
13.0081596375,80.2337799072,74564,74575,11
13.007809639,80.2347564697,74575,74605,30
13.007809639,80.2347564697,74605,74615,10
13.0073204041,80.2379837036,74615,74625,10
13.0071601868,80.2391662598,74625,74634,9
13.0074996948,80.2408981323,74634,74655,21
13.0074996948,80.2408981323,74655,74665,10
13.0066900253,80.2416915894,74665,74675,10
13.0065803528,80.2428512573,74675,74685,10
13.0063896179,80.2439880371,74685,74696,11
13.0066604614,80.2433166504,74696,74706,10
13.0066404343,80.2437362671,74706,74746,40
13.0066404343,80.2437362671,74746,74756,10
13.0067596436,80.2462387085,74756,74766,10
13.0068798065,80.2465591431,74766,75836,1070
13.0334796906,80.2677307129,75836,76250,414
13.0334796906,80.2677307129,76250,76260,10
13.0333795547,80.2678070068,76260,76270,10
13.0331697464,80.267791748,76270,76280,10
13.0328598022,80.2677536011,76280,76290,10
13.0327501297,80.2677001953,76290,76300,10
13.0326404572,80.2676010132,76300,76310,10
13.0325803757,80.2675476074,76310,76320,10
13.0321702957,80.2673721313,76320,76331,11
13.0313901901,80.267036438,76331,76341,10
13.0305204391,80.2668075562,76341,76351,10
13.0299396515,80.2667007446,76351,76361,10
13.0297002792,80.2666625977,76361,76371,10
13.0293998718,80.2666320801,76371,76381,10
13.0290203094,80.2664413452,76381,76390,9
13.0284795761,80.2663421631,76390,76401,11
13.0278100967,80.2662277222,76401,76411,10
13.0270996094,80.2661437988,76411,76421,10
13.0263299942,80.2660064697,76421,76472,51
13.0263299942,80.2660064697,76472,76482,10
13.0262403488,80.265953064,76482,76492,10
13.0259399414,80.2657775879,76492,76502,10
13.0254497528,80.2654571533,76502,76512,10
13.0253000259,80.26537323,76512,76522,10
13.0249204636,80.2651367188,76522,76532,10
13.0242900848,80.2646789551,76532,76542,10
13.0235204697,80.2641906738,76542,76553,11
13.0226697922,80.2637023926,76553,76563,10
13.0220804214,80.2634811401,76563,76572,9
13.0221099854,80.2634735107,76572,76583,11
13.0215196609,80.2631988525,76583,76593,10
13.0205802917,80.2630386353,76593,76603,10
13.0197601318,80.2630691528,76603,76613,10
13.0190896988,80.2630233765,76613,76623,10
13.0187997818,80.2630081177,76623,76633,10
13.0187997818,80.2621307373,76633,76643,10
13.0185804367,80.2610015869,76643,76694,51
13.0162296295,80.2594909668,76694,76724,30
13.0162296295,80.2594909668,76724,76734,10
13.0149402618,80.2595825195,76734,76744,10
13.0141096115,80.2592468262,76744,76754,10
13.0131797791,80.259262085,76754,76765,11
13.0117702484,80.2591629028,76765,76775,10
13.0103597641,80.2592926025,76775,76785,10
13.0098495483,80.2593002319,76785,76795,10
13.0097503662,80.2592391968,76795,77158,363
13.0097503662,80.2592391968,77158,77168,10
13.0071697235,80.2466278076,77168,77178,10
13.006649971,80.2464981079,77178,77188,10
13.0064601898,80.2464675903,77188,77199,11
13.0065498352,80.2457962036,77199,77209,10
13.0066404343,80.2451782227,77209,77219,10
13.0065202713,80.244720459,77219,77229,10
13.0067100525,80.2439880371,77229,77239,10
13.0065402985,80.2434310913,77239,77249,10
13.0065402985,80.2427215576,77249,77259,10
13.0065002441,80.2417602539,77259,77269,10
13.0068397522,80.2415084839,77269,77340,71
13.0068397522,80.2415084839,77340,77350,10
13.0068702698,80.2395935059,77350,77360,10
13.007060051,80.2386779785,77360,77370,10
13.0073003769,80.2375488281,77370,77380,10
13.0074701309,80.2366790771,77380,77390,10
13.0073900223,80.2366027832,77390,77400,10
13.0077295303,80.2361831665,77400,77410,10
13.0079097748,80.2350769043,77410,77423,13
13.0078496933,80.233757019,77423,77433,10
13.006939888,80.2324523926,77433,77443,10
13.0078001022,80.2310562134,77443,77453,10
13.0083198547,80.2288208008,77453,77483,30
13.0083198547,80.2288208008,77483,77493,10
13.0105600357,80.2251586914,77493,77503,10
13.0113201141,80.223777771,77503,77695,192
13.0113201141,80.223777771,77695,77711,16
13.0216598511,80.2261886597,77711,77744,33
13.0216598511,80.2261886597,77744,77754,10
13.0243797302,80.2285690308,77754,77762,8
13.0246400833,80.2289505005,77762,77774,12
13.0251598358,80.2297286987,77774,77844,70
13.0251598358,80.2297286987,77844,77855,11
13.02684021,80.2309112549,77855,78102,247
13.02684021,80.2309112549,78102,78113,11
13.0364398956,80.2301635742,78113,78123,10
13.0345201492,80.2300415039,78123,78133,10
13.0344295502,80.2300415039,78133,78143,10
13.0341997147,80.2300186157,78143,78355,212
13.0341997147,80.2300186157,78355,78365,10
13.0341501236,80.23021698,78365,78395,30
13.0341501236,80.23021698,78395,78406,11
13.0338602066,80.2304763794,78406,78416,10
13.033490181,80.23046875,78416,78426,10
13.0334100723,80.2305221558,78426,78436,10
13.0329999924,80.2305374146,78436,78446,10
13.0324001312,80.2305908203,78446,78456,10
13.0317602158,80.2306594849,78456,78466,10
13.0310602188,80.23072052,78466,78476,10
13.0308504105,80.2307662964,78476,78486,10
13.0307502747,80.2307662964,78486,78496,10
13.0303401947,80.2307891846,78496,78506,10
13.02987957,80.2308425903,78506,78517,11
13.0296602249,80.2308731079,78517,78534,17
13.0291996002,80.2309112549,78534,78546,12
13.0283498764,80.2310180664,78546,78555,9
13.0277700424,80.231048584,78555,78566,11
13.0276098251,80.2313079834,78566,78576,10
13.0276498795,80.2317810059,78576,78585,9
13.0277500153,80.232208252,78585,78596,11
13.0278501511,80.2326583862,78596,78606,10
13.0275297165,80.2329177856,78606,78616,10
13.0270204544,80.2330322266,78616,78627,11
13.026599884,80.2329177856,78627,78637,10
13.0261802673,80.2321929932,78637,78645,8
13.0259599686,80.2314529419,78645,78657,12
13.0255403519,80.2301864624,78657,78667,10
13.0250396729,80.2292633057,78667,78677,10
13.0244598389,80.2285614014,78677,78687,10
13.0242300034,80.2273712158,78687,78758,71
13.0242300034,80.2273712158,78758,78768,10
13.0202598572,80.2250137329,78768,78778,10
13.0198097229,80.224647522,78778,78788,10
13.0195903778,80.2244720459,78788,78798,10
13.018819809,80.2243423462,78798,78808,10
13.017780304,80.2248916626,78808,78818,10
13.0156002045,80.2260131836,78818,78950,132
13.0156002045,80.2260131836,78950,78960,10
13.0083398819,80.2326126099,78960,78970,10
13.0082302094,80.2334899902,78970,78980,10
13.0081996918,80.2335968018,78980,78990,10
13.0080299377,80.2341918945,78990,79020,30
13.0080299377,80.2341918945,79020,79030,10
13.0071601868,80.2386474609,79030,79040,10
13.0069904327,80.2396469116,79040,79050,10
13.0069303513,80.2401733398,79050,79091,41
13.0069303513,80.2401733398,79091,79101,10
13.0069198608,80.2404632568,79101,79111,10
13.006819725,80.2408981323,79111,79121,10
13.0067100525,80.2412567139,79121,79131,10
13.0065698624,80.2416305542,79131,79141,10
13.0066003799,80.2440032959,79141,79151,10
13.0065698624,80.2447891235,79151,79162,11
13.0066995621,80.24584198,79162,79172,10
13.0067396164,80.246383667,79172,79182,10
13.0067596436,80.2471084595,79182,79192,10
13.0067195892,80.2479019165,79192,79202,10
13.0066900253,80.248588562,79202,79212,10
13.0068397522,80.2496337891,79212,79222,10
13.0068101883,80.2496185303,79222,79232,10
13.0067796707,80.2501373291,79232,79242,10
13.0067996979,80.2510604858,79242,79252,10
13.0066099167,80.2520980835,79252,79262,10
13.0065002441,80.2534713745,79262,79273,11
13.0065498352,80.2547531128,79273,79283,10
13.0065698624,80.255317688,79283,79293,10
13.0065898895,80.2557830811,79293,79303,10
13.0065803528,80.2565383911,79303,79313,10
13.0066003799,80.2573318481,79313,79343,30
13.0064601898,80.2574920654,79343,79414,71
13.0064601898,80.2574920654,79414,79424,10
13.0083799362,80.2588806152,79424,79434,10
13.0088996887,80.2589416504,79434,79443,9
13.0103998184,80.2590866089,79443,79454,11
13.0118503571,80.2591934204,79454,79464,10
13.0121097565,80.2592086792,79464,79474,10
13.0146799088,80.2591781616,79474,79484,10
13.015879631,80.2593612671,79484,79495,11
13.0163898468,80.2595825195,79495,79505,10
13.0164299011,80.259727478,79505,79515,10
13.0172901154,80.2603225708,79515,79535,20
13.0172901154,80.2603225708,79535,79545,10
13.0192098618,80.2617492676,79545,79555,10
13.0197000504,80.2621994019,79555,79565,10
13.020190239,80.2626724243,79565,79575,10
13.0202903748,80.2627563477,79575,79586,11
13.0200500488,80.2620697021,79586,79596,10
13.0218801498,80.2632675171,79596,79606,10
13.0221796036,80.263381958,79606,79616,10
13.0227499008,80.2637023926,79616,79626,10
13.023059845,80.2638931274,79626,79636,10
13.0235996246,80.264213562,79636,79656,20
13.0235996246,80.264213562,79656,79666,10
13.0259399414,80.2654800415,79666,79676,10
13.0262002945,80.265838623,79676,79686,10
13.0263299942,80.2656173706,79686,79696,10
13.0263795853,80.2652206421,79696,79707,11
13.0263700485,80.2648010254,79707,79717,10
13.026260376,80.2645797729,79717,80028,311
13.026260376,80.2645797729,80028,80038,10
13.0266304016,80.2658081055,80038,80048,10
13.0266799927,80.2656326294,80048,80058,10
13.0266599655,80.2657165527,80058,80088,30
13.0266599655,80.2657165527,80088,80098,10
13.0265798569,80.2655181885,80098,80108,10
13.0265798569,80.2655334473,80108,80118,10
13.0266599655,80.2657318115,80118,80673,555
13.0266599655,80.2657318115,80673,80684,11
13.0266799927,80.2659835815,80684,80694,10
13.0264501572,80.2659683228,80694,80704,10
13.0262298584,80.2659683228,80704,80714,10
13.0260696411,80.2661819458,80714,80724,10
13.0261898041,80.2663574219,80724,80734,10
13.0261697769,80.2663269043,80734,80754,20
13.0261697769,80.2663269043,80754,80764,10
13.0262203217,80.2663803101,80764,80774,10
13.0262403488,80.2663803101,80774,80785,11
13.0261602402,80.2662734985,80785,80795,10
13.0261096954,80.266166687,80795,80805,10
13.0261297226,80.2662963867,80805,80815,10
13.0261802673,80.2663574219,80815,80825,10
13.0262899399,80.266418457,80825,80835,10
13.026260376,80.2664108276,80835,80845,10
13.0260801315,80.2664031982,80845,80855,10
13.0263299942,80.2665634155,80855,80906,51
13.0263299942,80.2665634155,80906,80916,10
13.0264196396,80.2663803101,80916,80926,10
13.026550293,80.2662963867,80926,80936,10
13.0265798569,80.2662887573,80936,80946,10
13.0271100998,80.2666320801,80946,80956,10
13.0268001556,80.2663497925,80956,80966,10
13.0265703201,80.2659072876,80966,80976,10
13.0263299942,80.2658004761,80976,80986,10
13.0264596939,80.2662963867,80986,80996,10
13.0264797211,80.2663192749,80996,81007,11
13.0265102386,80.2663803101,81007,81017,10
13.0265398026,80.266418457,81017,81027,10
13.0264396667,80.2664413452,81027,81037,10
13.0263395309,80.266418457,81037,81047,10
13.0262804031,80.2663879395,81047,81057,10
13.0262899399,80.2663574219,81057,81128,71
13.0262899399,80.2663574219,81128,81138,10
13.0264596939,80.2664031982,81138,81148,10
13.0264396667,80.2662582397,81148,81158,10
13.0263204575,80.2662963867,81158,81168,10
13.0261802673,80.266418457,81168,81178,10
13.0261697769,80.2665786743,81178,81188,10
13.0260801315,80.266456604,81188,81198,10
13.0260696411,80.2664718628,81198,81208,10
13.0262699127,80.2661819458,81208,81219,11
13.0262804031,80.26612854,81219,81229,10
13.0263900757,80.2658081055,81229,81239,10
13.026550293,80.2654190063,81239,81380,141
13.026550293,80.2654190063,81380,81390,10
13.0279302597,80.2637481689,81390,81400,10
13.028380394,80.2638778687,81400,81410,10
13.0288496017,80.2641601563,81410,81451,41
13.0288496017,80.2641601563,81451,81461,10
13.0291795731,80.2664489746,81461,81471,10
13.029299736,80.2665176392,81471,81481,10
13.0301198959,80.2665328979,81481,81501,20
13.0301198959,80.2665328979,81501,81511,10
13.0315599442,80.2669906616,81511,81521,10
13.0320701599,80.2672195435,81521,81531,10
13.0325803757,80.2675476074,81531,81541,10
13.033080101,80.2677612305,81541,81552,11
13.0336303711,80.2678527832,81552,81562,10
13.0339202881,80.2679672241,81562,81572,10
13.0339202881,80.2680130005,81572,81582,10
13.0339803696,80.2682037354,81582,81592,10
13.0344200134,80.2680435181,81592,81602,10
13.0348796844,80.267906189,81602,81612,10
13.0354995728,80.2678833008,81612,81621,9
13.0361700058,80.2678070068,81621,81633,12
13.0369701385,80.2675933838,81633,81643,10
13.0372896194,80.2674865723,81643,81652,9
13.0370597839,80.2667236328,81652,81663,11
13.0370702744,80.2666625977,81663,81673,10
13.0370597839,80.2666473389,81673,81683,10
13.0370502472,80.2666015625,81683,81693,10
13.0371198654,80.266242981,81693,81703,10
13.0372600555,80.2657775879,81703,81713,10
13.0375404358,80.2648010254,81713,81723,10
13.0377101898,80.2642974854,81723,81739,16
13.0383901596,80.264503479,81739,81751,12
13.0387601852,80.2646179199,81751,81759,8
13.0392198563,80.2646789551,81759,81771,12
13.0398101807,80.2646408081,81771,81783,12
13.0404195786,80.2646179199,81783,81793,10
13.040719986,80.2646484375,81793,81801,8
13.0410995483,80.2647094727,81801,81813,12
13.0413799286,80.2650604248,81813,81823,10
13.0412998199,80.2655792236,81823,81833,10
13.0412797928,80.2660980225,81833,81843,10
13.0410404205,80.2670822144,81843,81852,9
13.0410499573,80.2672805786,81852,81862,10
13.0409002304,80.267906189,81862,81874,12
13.0416202545,80.2681884766,81874,81894,20
13.0416202545,80.2681884766,81894,81904,10
13.0418701172,80.2682189941,81904,81914,10
13.0423803329,80.2679519653,81914,81924,10
13.0431203842,80.2677764893,81924,81934,10
13.0437602997,80.2672271729,81934,81944,10
13.0444602966,80.2668685913,81944,81954,10
13.0452003479,80.2666778564,81954,81964,10
13.0461101532,80.2665176392,81964,81974,10
13.0468597412,80.2662811279,81974,81984,10
13.0471801758,80.2662963867,81984,81996,12
13.0475196838,80.2662200928,81996,82036,40
13.0475196838,80.2662200928,82036,82046,10
13.0495195389,80.263961792,82046,82055,9
13.0499000549,80.2638473511,82055,82065,10
13.0509004593,80.2645187378,82065,82076,11
13.0515699387,80.2640533447,82076,82086,10
13.0521602631,80.263961792,82086,82097,11
13.0524597168,80.2638397217,82097,82107,10
13.0526895523,80.2629394531,82107,82117,10
13.0529899597,80.2628707886,82117,82157,40
13.0529899597,80.2628707886,82157,82167,10
13.0547399521,80.2643127441,82167,82178,11
13.0553302765,80.2644882202,82178,82188,10
13.0558204651,80.2646026611,82188,82944,756
13.0819797516,80.2756195068,82944,82974,30
13.0818595886,80.2757034302,82974,83670,696
13.0880498886,80.2835769653,83670,83700,30
13.0880498886,80.2835769653,83700,83710,10
13.0882701874,80.2835617065,83710,83721,11
13.0883302689,80.2834320068,83721,83731,10
13.0883598328,80.2830505371,83731,83741,10
13.0882997513,80.2822799683,83741,83761,20
13.0882997513,80.2822799683,83761,83771,10
13.0882101059,80.2819900513,83771,83781,10
13.0879201889,80.2814788818,83781,83791,10
13.0876703262,80.2813796997,83791,83801,10
13.0873003006,80.281288147,83801,83811,10
13.0864601135,80.281036377,83811,83821,10
13.0856800079,80.2806167603,83821,83832,11
13.0853300095,80.2795715332,83832,83842,10
13.084690094,80.2793273926,83842,83852,10
13.0840597153,80.2791595459,83852,83862,10
13.0833501816,80.2789230347,83862,83872,10
13.0825500488,80.2786178589,83872,83882,10
13.0819396973,80.2782897949,83882,83892,10
13.0819597244,80.2777175903,83892,83902,10
13.0818395615,80.2771606445,83902,83912,10
13.0817804337,80.2759628296,83912,83922,10
13.0816202164,80.2759017944,83922,83953,31
13.0816202164,80.2759017944,83953,83963,10
13.081580162,80.2758789063,83963,83973,10
13.0815696716,80.2756881714,83973,83983,10
13.0815696716,80.2754974365,83983,83993,10
13.081489563,80.2753219604,83993,84003,10
13.0814599991,80.2752609253,84003,84013,10
13.0815401077,80.2755966187,84013,84023,10
13.0815601349,80.2757263184,84023,84033,10
13.081489563,80.2754364014,84033,84054,21
13.081489563,80.2754364014,84054,84064,10
13.0813102722,80.275177002,84064,84074,10
13.0810003281,80.2752532959,84074,84084,10
13.0805997849,80.2752914429,84084,84094,10
13.080160141,80.275352478,84094,84104,10
13.0796699524,80.2753829956,84104,84114,10
13.0790901184,80.2752609253,84114,84124,10
13.078379631,80.2754211426,84124,84134,10
13.0780696869,80.2761383057,84134,84144,10
13.0773496628,80.2762832642,84144,84155,11
13.0764503479,80.2763977051,84155,84165,10
13.0761203766,80.2763137817,84165,84175,10
13.0760498047,80.2762069702,84175,84255,80
13.0760498047,80.2762069702,84255,84266,11
13.0757703781,80.2763366699,84266,84276,10
13.0751304626,80.2763824463,84276,84286,10
13.0743598938,80.2764282227,84286,84296,10
13.0740604401,80.2767181396,84296,84306,10
13.0741901398,80.2769470215,84306,84316,10
13.074640274,80.2774200439,84316,84326,10
13.0752696991,80.2780685425,84326,84336,10
13.0759401321,80.2787017822,84336,84346,10
13.0760602951,80.2791366577,84346,84356,10
13.0756998062,80.2788009644,84356,84366,10
13.0751895905,80.2781600952,84366,84377,11
13.074379921,80.2772827148,84377,84387,10
13.0733995438,80.2763366699,84387,84397,10
13.0724802017,80.2753829956,84397,84407,10
13.0716104507,80.2743377686,84407,84417,10
13.0708503723,80.2741470337,84417,84427,10
13.0703001022,80.2738037109,84427,84437,10
13.0698795319,80.2735290527,84437,84447,10
13.0694704056,80.2718276978,84447,84457,10
13.0692996979,80.2725601196,84457,84640,183
13.0692996979,80.2725601196,84640,84650,10
13.0632095337,80.2687911987,84650,84671,21
13.0632095337,80.2687911987,84671,84680,9
13.0606203079,80.2659835815,84680,84690,10
13.0598297119,80.2650375366,84690,84701,11
13.0590000153,80.2648086548,84701,84721,20
13.0569896698,80.2654190063,84721,84832,111
13.0569896698,80.2654190063,84832,84842,10
13.052189827,80.2643280029,84842,84852,10
13.0512399673,80.2651290894,84852,84953,101
13.0512399673,80.2651290894,84953,84963,10
13.0447797775,80.266960144,84963,86071,1108
13.0447797775,80.266960144,86071,86081,10
12.9881496429,80.2554626465,86081,86091,10
12.9880800247,80.2551422119,86091,86101,10
12.988360405,80.2557067871,86101,86112,11
12.9884395599,80.2556915283,86112,86122,10
12.9889602661,80.2558364868,86122,86132,10
12.9893302917,80.2559280396,86132,86142,10
12.9896697998,80.2559585571,86142,86152,10
12.9901304245,80.2559661865,86152,86162,10
12.9906301498,80.2559585571,86162,86172,10
12.9912595749,80.2559967041,86172,86182,10
12.9919700623,80.2560119629,86182,86198,16
12.9932098389,80.2560424805,86198,86210,12
12.994099617,80.2559814453,86210,86221,11
12.9948797226,80.2559204102,86221,86231,10
12.995639801,80.2558898926,86231,86241,10
12.9962100983,80.255821228,86241,86251,10
12.9963703156,80.2558898926,86251,86261,10
12.9964704514,80.2559280396,86261,86271,10
12.9968500137,80.2558670044,86271,86281,10
12.9971904755,80.2558898926,86281,86290,9
12.9977502823,80.2559280396,86290,86301,11
12.998550415,80.256111145,86301,86310,9
12.9989995956,80.2563171387,86310,86322,12
12.9990997314,80.256439209,86322,86332,10
12.9994697571,80.2563476563,86332,86342,10
13.0002202988,80.2563476563,86342,86352,10
13.0010004044,80.2564620972,86352,86362,10
13.0019598007,80.2566223145,86362,86372,10
13.0028400421,80.256729126,86372,86382,10
