12.9946699142,80.2066497803,17,3760,3743
12.9945402145,80.2065963745,3760,5160,1400
12.9947004318,80.2066192627,5160,21721,16561
12.9946699142,80.2066802979,21721,24471,2750
12.9946699142,80.2066802979,24471,24481,10
12.9945802689,80.2063674927,24481,24491,10
12.9946203232,80.2060089111,24491,24502,11
12.9946699142,80.2054901123,24502,24512,10
12.9947004318,80.205039978,24512,24522,10
12.9947395325,80.2046508789,24522,24532,10
12.9948301315,80.2042007446,24532,24542,10
12.9949598312,80.2036819458,24542,24552,10
12.9950704575,80.2031707764,24552,24562,10
12.9950199127,80.2028808594,24562,24572,10
12.9950799942,80.2024993896,24572,24582,10
12.9951095581,80.2020263672,24582,24592,10
12.9950799942,80.2015762329,24592,24603,11
12.9950304031,80.2011413574,24603,24633,30
12.9950304031,80.2011413574,24633,24643,10
12.9950399399,80.2007980347,24643,24653,10
12.9949197769,80.2004394531,24653,24663,10
12.9945802689,80.2003173828,24663,24673,10
12.9942502975,80.2002410889,24673,24916,243
12.9942502975,80.2002410889,24916,24926,10
12.9940395355,80.2001037598,24926,24936,10
12.9937801361,80.2000579834,24936,24946,10
12.9934101105,80.199798584,24946,24956,10
12.9931497574,80.1995697021,24956,24966,10
12.9928302765,80.1993026733,24966,24976,10
12.9923696518,80.1990127563,24976,24987,11
12.9917402267,80.198677063,24987,24997,10
12.991230011,80.1985168457,24997,25007,10
12.9907598495,80.1984176636,25007,25017,10
12.9900903702,80.1982574463,25017,25027,10
12.9891996384,80.1980285645,25027,25037,10
12.9882698059,80.1977615356,25037,25047,10
12.9872999191,80.197517395,25047,25057,10
12.986579895,80.1973724365,25057,25067,10
12.9862804413,80.1972885132,25067,25078,11
12.9855499268,80.1971893311,25078,25088,10
12.9847803116,80.1973419189,25088,25098,10
12.9840402603,80.1970596313,25098,25108,10
12.9833402634,80.1966629028,25108,25118,10
12.9829101563,80.1965179443,25118,25128,10
12.9824695587,80.1968994141,25128,25138,10
12.9821500778,80.197052002,25138,25148,10
12.982219696,80.1968994141,25148,25158,10
12.9825296402,80.1966400146,25158,25168,10
12.98279953,80.1963119507,25168,25179,11
12.9823799133,80.1960830688,25179,25189,10
12.9817495346,80.1957778931,25189,25199,10
12.9816198349,80.1957168579,25199,25209,10
12.9812698364,80.1955337524,25209,25219,10
12.9808397293,80.1953277588,25219,25229,10
12.9802103043,80.1950073242,25229,25239,10
12.9796199799,80.1946182251,25239,25249,10
12.9790401459,80.1942214966,25249,25259,10
12.978219986,80.193901062,25259,25270,11
12.9776802063,80.1938095093,25270,25280,10
12.9774398804,80.1937789917,25280,25290,10
12.9768600464,80.193572998,25290,25300,10
12.976360321,80.1932067871,25300,25310,10
12.9760904312,80.1930236816,25310,25320,10
12.9755401611,80.1926193237,25320,25330,10
12.9747800827,80.1923217773,25330,25340,10
12.974240303,80.1921081543,25340,25350,10
12.9735403061,80.1918563843,25350,25360,10
12.9727602005,80.1915664673,25360,25371,11
12.9722003937,80.1913375854,25371,25381,10
12.9720602036,80.1912765503,25381,25391,10
12.9715795517,80.1910705566,25391,25401,10
12.9709196091,80.1908035278,25401,25411,10
12.9701795578,80.1904678345,25411,25421,10
12.9693899155,80.1901016235,25421,25431,10
12.9688396454,80.1898498535,25431,25441,10
12.9682302475,80.1895599365,25441,25451,10
12.9680995941,80.1894836426,25451,25462,11
12.9677495956,80.1893234253,25462,25472,10
12.967089653,80.1890487671,25472,25488,16
12.9660301208,80.1886367798,25488,25500,12
12.9654397964,80.1884002686,25500,25510,10
12.9649600983,80.1882019043,25510,25520,10
12.9647798538,80.1881484985,25520,25530,10
12.9642896652,80.1880111694,25530,25540,10
12.9634895325,80.1877670288,25540,25550,10
12.9627199173,80.1875762939,25550,25561,11
12.9618997574,80.1874084473,25561,25571,10
12.9611997604,80.187286377,25571,25581,10
12.9607801437,80.1872177124,25581,25591,10
12.9605703354,80.1872024536,25591,25601,10
12.9600601196,80.1871337891,25601,25611,10
12.9594297409,80.1870803833,25611,25621,10
12.9586200714,80.1870269775,25621,25631,10
12.957859993,80.1870422363,25631,25641,10
12.9570398331,80.1870193481,25641,25651,10
12.9561700821,80.186958313,25651,25662,11
12.9557304382,80.1868972778,25662,25672,10
12.9556798935,80.1868515015,25672,25682,10
12.9553098679,80.1867980957,25682,25692,10
12.9546003342,80.186706543,25692,25702,10
12.9536399841,80.1865692139,25702,25712,10
12.9526500702,80.186416626,25712,25722,10
12.9517402649,80.1861724854,25722,25732,10
12.9507904053,80.1858673096,25732,25742,10
12.9493103027,80.1854171753,25742,25781,39
12.9493103027,80.1854171753,25781,25791,10
12.9492301941,80.1853713989,25791,25800,9
12.9489603043,80.185256958,25800,25811,11
12.948340416,80.1850585938,25811,25821,10
12.9476900101,80.184753418,25821,25831,10
12.9469003677,80.1841583252,25831,25841,10
12.9461603165,80.1835784912,25841,25852,11
12.945309639,80.1830673218,25852,25862,10
12.9445800781,80.183052063,25862,25872,10
12.9440002441,80.1830215454,25872,25882,10
12.9433097839,80.1829910278,25882,25892,10
12.9426603317,80.1829833984,25892,25902,10
12.94190979,80.1828765869,25902,25912,10
12.9411697388,80.182800293,25912,25922,10
12.9406700134,80.1827926636,25922,25932,10
12.940290451,80.182762146,25932,25943,11
12.9398298264,80.1826934814,25943,25953,10
12.9395303726,80.1826095581,25953,25963,10
12.9394302368,80.1825790405,25963,25973,10
12.9391298294,80.1825027466,25973,25983,10
12.9388399124,80.1824188232,25983,25993,10
12.9382400513,80.1823196411,25993,26003,10
12.9374704361,80.182258606,26003,26013,10
12.9367904663,80.1822662354,26013,26023,10
12.9361000061,80.1823501587,26023,26033,10
12.9355297089,80.1824264526,26033,26050,17
12.934679985,80.1822967529,26050,26062,12
12.9336900711,80.1820602417,26062,26072,10
12.9329004288,80.1818618774,26072,26082,10
12.9317798615,80.1816711426,26082,26092,10
12.9311199188,80.1816101074,26092,26102,10
12.931019783,80.1816101074,26102,26112,10
12.9306297302,80.181602478,26112,26122,10
12.929980278,80.1817092896,26122,26132,10
12.9291696548,80.1819000244,26132,26143,11
12.9282398224,80.1821212769,26143,26153,10
12.9273796082,80.1823196411,26153,26163,10
12.9265298843,80.182510376,26163,26173,10
12.9257097244,80.1826477051,26173,26192,19
12.924369812,80.1828765869,26192,26204,12
12.9236602783,80.1829910278,26204,26212,8
12.9232797623,80.1830215454,26212,26224,12
12.9225797653,80.1831665039,26224,26233,9
12.9220104218,80.183380127,26233,26245,12
12.921380043,80.1836395264,26245,26255,10
12.9210796356,80.1837615967,26255,26265,10
12.9208202362,80.1838607788,26265,26275,10
12.9205799103,80.1839523315,26275,26285,10
12.9202003479,80.1838684082,26285,26295,10
12.9200801849,80.1832962036,26295,26305,10
12.9199199677,80.1826324463,26305,26315,10
12.9199104309,80.1825714111,26315,26339,24
12.9196395874,80.1824264526,26339,26351,12
12.9194202423,80.1822128296,26351,26725,374
12.9195404053,80.1819763184,26725,26765,40
12.9195404053,80.1819763184,26765,26775,10
12.9198904037,80.1821136475,26775,26785,10
12.9199800491,80.1825180054,26785,26795,10
12.9202203751,80.1834335327,26795,26826,31
12.9202203751,80.1834335327,26826,26836,10
12.9202804565,80.183631897,26836,26846,10
12.9203996658,80.1839828491,26846,26886,40
12.9203996658,80.1839828491,26886,26896,10
12.9208297729,80.1838531494,26896,26907,11
12.9211997986,80.1837005615,26907,26917,10
12.9215097427,80.1835708618,26917,26927,10
12.9220104218,80.1833724976,26927,26937,10
12.9226799011,80.1831436157,26937,26947,10
12.9234600067,80.1829986572,26947,26957,10
12.924200058,80.1828536987,26957,26967,10
12.9247102737,80.182762146,26967,27008,41
12.9247102737,80.182762146,27008,27018,10
12.9251804352,80.1827011108,27018,27028,10
12.9257602692,80.1826019287,27028,27038,10
12.9265003204,80.182472229,27038,27048,10
12.9273395538,80.1822891235,27048,27058,10
12.9281997681,80.1820983887,27058,27068,10
12.9290800095,80.181892395,27068,27078,10
12.9299201965,80.181678772,27078,27088,10
12.930729866,80.1814727783,27088,27099,11
12.9314603806,80.1815338135,27099,27109,10
12.9314699173,80.1815338135,27109,27119,10
12.9316596985,80.1815872192,27119,27129,10
12.9321699142,80.1816711426,27129,27139,10
12.932849884,80.1818008423,27139,27149,10
12.9336299896,80.1819915771,27149,27159,10
12.9344701767,80.1821975708,27159,27169,10
12.9349803925,80.1823272705,27169,27179,10
12.9350795746,80.1823577881,27179,27189,10
12.9355602264,80.1823883057,27189,27200,11
12.9362297058,80.1823120117,27200,27210,10
12.936920166,80.1822433472,27210,27220,10
12.9376602173,80.1822280884,27220,27230,10
12.9384002686,80.1822814941,27230,27240,10
12.9388599396,80.1823730469,27240,27260,20
12.9388599396,80.1823730469,27260,27270,10
12.9390497208,80.1824188232,27270,27280,10
12.939209938,80.182472229,27280,27291,11
12.9393100739,80.1824874878,27291,27301,10
12.9395103455,80.1825485229,27301,27311,10
12.9396696091,80.1826019287,27311,27321,10
12.9399995804,80.1826782227,27321,27331,10
12.9405202866,80.1827468872,27331,27341,10
12.9411697388,80.1827468872,27341,27351,10
12.941860199,80.1828308105,27351,27361,10
12.9425802231,80.1828994751,27361,27371,10
12.9433403015,80.1829376221,27371,27381,10
12.9440803528,80.1829681396,27381,27392,11
12.9447002411,80.1829910278,27392,27412,20
12.9447002411,80.1829910278,27412,27422,10
12.9449396133,80.1830215454,27422,27432,10
12.9455003738,80.1830596924,27432,27442,10
12.9458799362,80.1832962036,27442,27458,16
12.9466695786,80.1838912964,27458,27470,12
12.9468698502,80.1840515137,27470,27479,9
12.946969986,80.1841506958,27479,27489,10
12.9473199844,80.1844177246,27489,27501,12
12.9480400085,80.1849136353,27501,27511,10
12.9489002228,80.1851806641,27511,27551,40
12.9489002228,80.1851806641,27551,27561,10
12.9489898682,80.1851806641,27561,27570,9
12.9493398666,80.1853103638,27570,27582,12
12.9500102997,80.185546875,27582,27592,10
12.950750351,80.1857910156,27592,27602,10
12.9515600204,80.1860580444,27602,27612,10
12.9524297714,80.1863098145,27612,27622,10
12.9532899857,80.1864776611,27622,27632,10
12.9540100098,80.1865921021,27632,27642,10
12.9546804428,80.1866836548,27642,27652,10
12.9553604126,80.1867828369,27652,27662,10
12.9561395645,80.1868896484,27662,27683,21
12.9561395645,80.1868896484,27683,27693,10
12.9562101364,80.1868972778,27693,27703,10
12.9565200806,80.1869430542,27703,27713,10
12.9569997787,80.1869888306,27713,27723,10
12.9575395584,80.1870193481,27723,27733,10
12.9581203461,80.1870193481,27733,27743,10
12.9586896896,80.1870193481,27743,27753,10
12.9592504501,80.1870498657,27753,27763,10
12.9599199295,80.1871032715,27763,27774,11
12.9606103897,80.1871566772,27774,27784,10
12.9614696503,80.1873016357,27784,27804,20
12.9614696503,80.1873016357,27804,27814,10
12.9618597031,80.1873703003,27814,27824,10
12.9624004364,80.1874771118,27824,27834,10
12.9629602432,80.1875991821,27834,27844,10
12.9636201859,80.1877365112,27844,27854,10
12.9641895294,80.1879196167,27854,27864,10
12.9647302628,80.1880874634,27864,27875,11
12.9654302597,80.1883621216,27875,27905,30
12.9654302597,80.1883621216,27905,27915,10
12.9656295776,80.1884384155,27915,27925,10
12.9659004211,80.1885375977,27925,27935,10
12.9662399292,80.1886901855,27935,27945,10
12.9666099548,80.1888427734,27945,27955,10
12.967209816,80.1890792847,27955,27966,11
12.9678897858,80.1893615723,27966,27976,10
12.9684095383,80.1895828247,27976,27996,20
12.9684095383,80.1895828247,27996,28006,10
12.968580246,80.189666748,28006,28016,10
12.9689397812,80.1898422241,28016,28026,10
12.9693098068,80.1900177002,28026,28036,10
12.9698696136,80.1902923584,28036,28046,10
12.9704999924,80.1905670166,28046,28057,11
12.9708995819,80.1907577515,28057,28067,10
12.971449852,80.1909790039,28067,28077,10
12.9719600677,80.1912078857,28077,28087,10
12.9724397659,80.19140625,28087,28097,10
12.9727602005,80.1915206909,28097,28117,20
12.9727602005,80.1915206909,28117,28127,10
12.9730300903,80.1916503906,28127,28137,10
12.9734802246,80.1918029785,28137,28147,10
12.9740200043,80.1920089722,28147,28158,11
12.9746398926,80.1922302246,28158,28168,10
12.9751701355,80.1924285889,28168,28178,10
12.9757003784,80.1926803589,28178,28188,10
12.9761800766,80.1930618286,28188,28198,10
12.976650238,80.1933898926,28198,28208,10
12.9772500992,80.193687439,28208,28218,10
12.9777803421,80.1938171387,28218,28228,10
12.9781999588,80.1938705444,28228,28238,10
12.978219986,80.1938705444,28238,28248,10
12.9783802032,80.1939163208,28248,28259,11
12.9788198471,80.1940689087,28259,28275,16
12.979590416,80.1945495605,28275,28287,12
12.9799404144,80.1947937012,28287,28295,8
12.9802703857,80.1949996948,28295,28307,12
12.9811000824,80.1954193115,28307,28327,20
12.9811000824,80.1954193115,28327,28337,10
12.9813098907,80.1955337524,28337,28348,11
12.9816598892,80.1957168579,28348,28358,10
12.982049942,80.1959228516,28358,28367,9
12.9825401306,80.1961593628,28367,28378,11
12.9828996658,80.1963577271,28378,28387,9
12.9830999374,80.1963119507,28387,28398,11
12.9834403992,80.196182251,28398,28408,10
12.9833202362,80.1964111328,28408,28418,10
12.9832401276,80.1966094971,28418,28428,10
12.983499527,80.1967163086,28428,28439,11
12.9840803146,80.197052002,28439,28449,10
12.9847402573,80.1973419189,28449,28459,10
12.9854803085,80.1972198486,28459,28469,10
12.9867696762,80.1973266602,28469,28489,20
12.9867696762,80.1973266602,28489,28499,10
12.9870004654,80.1973800659,28499,28509,10
12.9874601364,80.1975021362,28509,28519,10
12.9880504608,80.1976623535,28519,28529,10
12.9887504578,80.1978607178,28529,28545,16
12.9899597168,80.1981964111,28545,28558,13
12.9910697937,80.1984634399,28558,28568,10
12.9916400909,80.1985931396,28568,28578,10
12.9918003082,80.198638916,28578,28588,10
12.9919300079,80.1986923218,28588,28598,10
12.9922399521,80.1988677979,28598,28608,10
12.992650032,80.1991119385,28608,28618,10
12.993060112,80.1994476318,28618,28628,10
12.9934101105,80.1997833252,28628,28639,11
12.9935998917,80.1999130249,28639,28649,10
12.9939002991,80.2000732422,28649,28659,10
12.9943304062,80.2002105713,28659,28669,10
12.9946603775,80.2002487183,28669,28719,50
12.9946603775,80.2002487183,28719,28729,10
12.9948596954,80.200340271,28729,28740,11
12.9950304031,80.2005996704,28740,28750,10
12.9950304031,80.2009887695,28750,28760,10
12.9950399399,80.2013702393,28760,28770,10
12.9950799942,80.2018432617,28770,28780,10
12.9950799942,80.2023010254,28780,28790,10
12.995010376,80.2028274536,28790,28800,10
12.9951000214,80.203163147,28800,28810,10
12.9950199127,80.2035217285,28810,28820,10
12.9949197769,80.2039794922,28820,28831,11
12.994799614,80.2045211792,28831,28841,10
12.9947395325,80.205039978,28841,28851,10
12.9947299957,80.2054672241,28851,28861,10
12.9946899414,80.2059631348,28861,28871,10
12.9946298599,80.2064208984,28871,28881,10
12.994600296,80.2066879272,28881,28921,40
12.994600296,80.2066879272,28921,28932,11
12.994600296,80.2068023682,28932,28942,10
12.9947395325,80.2070236206,28942,30819,1877
12.9947395325,80.2070236206,30819,30829,10
12.9949598312,80.2068405151,30829,30849,20
12.9948301315,80.2068710327,30849,31031,182
12.9948301315,80.2068710327,31031,31041,10
12.9945402145,80.2066574097,31041,31112,71
12.9945402145,80.2066574097,31112,31122,10
12.9945898056,80.2062683105,31122,31132,10
12.9946298599,80.2059402466,31132,31142,10
12.9946603775,80.2056274414,31142,31153,11
12.9946804047,80.2052764893,31153,31163,10
12.9947004318,80.2051010132,31163,31173,10
12.9946498871,80.2049789429,31173,31183,10
12.9946899414,80.2047576904,31183,31193,10
12.9947795868,80.2044219971,31193,31203,10
12.9948596954,80.2040405273,31203,31213,10
12.9949903488,80.2035675049,31213,31223,10
12.9950895309,80.2031326294,31223,31233,10
12.9949998856,80.2029190063,31233,31243,10
12.9950504303,80.2025909424,31243,31254,11
12.9950799942,80.2021408081,31254,31264,10
12.995059967,80.2018127441,31264,31274,10
12.9950199127,80.2011184692,31274,31314,40
12.9950199127,80.2007827759,31314,31365,51
12.9950199127,80.2007827759,31365,31375,10
12.9948701859,80.2003936768,31375,31415,40
12.9948701859,80.2003936768,31415,31425,10
12.994310379,80.2002563477,31425,31486,61
12.994310379,80.2002563477,31486,31496,10
12.9938802719,80.200088501,31496,31506,10
12.993519783,80.1998901367,31506,31516,10
12.993180275,80.1995773315,31516,31526,10
12.9928998947,80.1993408203,31526,31537,11
12.9925298691,80.1990585327,31537,31547,10
12.9920597076,80.1988296509,31547,31557,10
12.9914398193,80.1986083984,31557,31567,10
12.9908800125,80.1984786987,31567,31577,10
12.9907503128,80.1984634399,31577,31587,10
12.9904298782,80.1983718872,31587,31597,10
12.9899597168,80.1982421875,31597,31607,10
12.9893703461,80.1980819702,31607,31617,10
12.9887399673,80.1978912354,31617,31627,10
12.9881000519,80.1977081299,31627,31638,11
12.9874200821,80.1975479126,31638,31648,10
12.9865598679,80.1973724365,31648,31799,151
12.9865598679,80.1973724365,31799,31809,10
12.9863300323,80.1972579956,31809,31819,10
12.986120224,80.1972503662,31819,31830,11
12.9858102798,80.1972122192,31830,31840,10
12.9855298996,80.1971893311,31840,31850,10
12.9852600098,80.1972427368,31850,31860,10
12.9849996567,80.1973114014,31860,31870,10
12.9847202301,80.1973419189,31870,31880,10
12.9844398499,80.1972808838,31880,31890,10
12.9841604233,80.1971282959,31890,31900,10
12.9839000702,80.1969833374,31900,31910,10
12.9836397171,80.1968307495,31910,31920,10
12.9833698273,80.1966781616,31920,31931,11
12.9831199646,80.1965026855,31931,31941,10
12.9829397202,80.1965789795,31941,31951,10
12.9827203751,80.1968002319,31951,31961,10
12.982460022,80.1970367432,31961,31971,10
12.9823303223,80.1971435547,31971,31981,10
12.9821996689,80.1969909668,31981,31991,10
12.9823799133,80.1968002319,31991,32001,10
12.982629776,80.1965789795,32001,32011,10
12.9828195572,80.1963806152,32011,32022,11
12.9825296402,80.1961517334,32022,32032,10
12.9816598892,80.1957397461,32032,32052,20
12.9816598892,80.1957397461,32052,32062,10
12.9816198349,80.1957168579,32062,32072,10
12.9814195633,80.1956176758,32072,32082,10
12.9812698364,80.1955413818,32082,32092,10
12.980919838,80.1953887939,32092,32102,10
12.980389595,80.1951065063,32102,32112,10
12.9797801971,80.1947402954,32112,32123,11
12.9792404175,80.1943435669,32123,32133,10
12.9787101746,80.1940383911,32133,32143,10
12.9781103134,80.1938934326,32143,32153,10
12.9776496887,80.1938171387,32153,32183,30
12.9776496887,80.1938171387,32183,32193,10
12.9774999619,80.1938400269,32193,32203,10
12.9772596359,80.1937637329,32203,32213,10
12.9769001007,80.193611145,32213,32224,11
12.9764995575,80.1933364868,32224,32234,10
12.9762496948,80.193107605,32234,32244,10
12.9761600494,80.1930618286,32244,32254,10
12.9758996964,80.1928634644,32254,32264,10
12.9753799438,80.1925582886,32264,32274,10
12.9747800827,80.1923294067,32274,32284,10
12.9743299484,80.1921386719,32284,32294,10
12.9739303589,80.1919937134,32294,32304,10
12.9736995697,80.1919021606,32304,32315,11
12.9733800888,80.1917877197,32315,32325,10
12.9730596542,80.1916732788,32325,32335,10
12.9729404449,80.1916275024,32335,32345,10
12.9727201462,80.1915435791,32345,32355,10
12.972700119,80.1915435791,32355,32365,10
12.9722003937,80.1913223267,32365,32405,40
12.9722003937,80.1913223267,32405,32416,11
12.9720201492,80.1912307739,32416,32426,10
12.9717702866,80.1910934448,32426,32436,10
12.971329689,80.19090271,32436,32446,10
12.971039772,80.1908035278,32446,32456,10
12.9706497192,80.1906204224,32456,32466,10
12.97012043,80.1904067993,32466,32476,10
12.9695596695,80.1901702881,32476,32486,10
12.9691400528,80.1899795532,32486,32496,10
12.9689903259,80.1898880005,32496,32507,11
12.9685401917,80.1896820068,32507,32517,10
12.9681100845,80.189491272,32517,32547,30
12.9681100845,80.189491272,32547,32557,10
12.9678297043,80.1893615723,32557,32567,10
12.9673099518,80.1891479492,32567,32577,10
12.9666700363,80.188911438,32577,32587,10
12.9661502838,80.1886901855,32587,32597,10
12.9655103683,80.1884384155,32597,32608,11
12.9649000168,80.1882171631,32608,32628,20
12.9649000168,80.1882171631,32628,32638,10
12.9645595551,80.188117981,32638,32648,10
12.9641504288,80.18800354,32648,32658,10
12.9636802673,80.1878128052,32658,32668,10
12.9631595612,80.1876525879,32668,32678,10
12.9625301361,80.1875228882,32678,32688,10
12.9618797302,80.1874008179,32688,32698,10
12.9612903595,80.187286377,32698,32709,11
12.9607801437,80.187210083,32709,32729,20
12.9607801437,80.187210083,32729,32739,10
12.9605703354,80.1872024536,32739,32749,10
12.9602499008,80.1871032715,32749,32759,10
12.9598398209,80.1870727539,32759,32769,10
12.9592895508,80.1870269775,32769,32779,10
12.9586896896,80.18699646,32779,32789,10
12.9580602646,80.1870193481,32789,32800,11
12.9573898315,80.1870269775,32800,32810,10
12.956700325,80.1869888306,32810,32820,10
12.9559402466,80.1869430542,32820,32866,46
12.9559402466,80.1869430542,32866,32878,12
12.9556598663,80.1868591309,32878,32886,8
12.9556398392,80.1868591309,32886,32898,12
12.955499649,80.1868362427,32898,32909,11
12.9550895691,80.1867828369,32909,32918,9
12.9546298981,80.1867218018,32918,32929,11
12.9539604187,80.1866226196,32929,32937,8
12.9534902573,80.1865386963,32937,32949,12
12.9526395798,80.1864013672,32949,32959,10
12.9519500732,80.1862106323,32959,32969,10
12.951259613,80.1860122681,32969,32980,11
12.9505596161,80.1857833862,32980,32990,10
12.9500598907,80.1856079102,32990,33001,11
12.9495601654,80.1854705811,33001,33011,10
12.949139595,80.1853485107,33011,33021,10
12.9487400055,80.1852035522,33021,33031,10
12.9481801987,80.1850128174,33031,33040,9
12.9476299286,80.1847000122,33040,33051,11
12.9469995499,80.1842422485,33051,33061,10
12.9467096329,80.1839981079,33061,33081,20
12.9467096329,80.1839981079,33081,33092,11
12.9463596344,80.1837081909,33092,33102,10
12.9458999634,80.1833496094,33102,33112,10
12.9453401566,80.1830673218,33112,33122,10
12.9447898865,80.1830368042,33122,33132,10
12.9446001053,80.1830596924,33132,33142,10
12.9445495605,80.1830596924,33142,33152,10
12.9442396164,80.1830215454,33152,33162,10
12.9437303543,80.1829833984,33162,33172,10
12.943110466,80.1829528809,33172,33182,10
12.9424495697,80.1829223633,33182,33193,11
12.9415903091,80.182800293,33193,33203,10
12.9408903122,80.182762146,33203,33213,10
12.9406404495,80.182762146,33213,33223,10
12.9404401779,80.1827468872,33223,33233,10
12.9399499893,80.1826782227,33233,33243,10
12.9395399094,80.1825790405,33243,33263,20
12.9395399094,80.1825790405,33263,33273,10
12.9394302368,80.1825485229,33273,33283,10
12.9391298294,80.182472229,33283,33294,11
12.9387903214,80.1823577881,33294,33304,10
12.9382200241,80.1822814941,33304,33314,10
12.9374799728,80.1822433472,33314,33324,10
12.9368000031,80.1822509766,33324,33340,16
12.9352397919,80.1824111938,33340,33360,20
12.9352397919,80.1824111938,33360,33372,12
12.9350700378,80.1823577881,33372,33382,10
12.934630394,80.182258606,33382,33393,11
12.9338798523,80.1820831299,33393,33403,10
12.9331197739,80.1818771362,33403,33413,10
12.9323196411,80.1817016602,33413,33422,9
12.9310102463,80.1815567017,33422,33453,31
12.9310102463,80.1815567017,33453,33463,10
12.9308300018,80.1815490723,33463,33473,10
12.9305801392,80.1815567017,33473,33484,11
12.9300804138,80.1816482544,33484,33494,10
12.9294996262,80.1818008423,33494,33504,10
12.928730011,80.1819915771,33504,33514,10
12.9279403687,80.182182312,33514,33524,10
12.9271001816,80.1823577881,33524,33534,10
12.9262304306,80.1825408936,33534,33544,10
12.9254999161,80.1826782227,33544,33554,10
12.9248504639,80.1827926636,33554,33564,10
12.9243803024,80.1828765869,33564,33574,10
12.9243602753,80.1828689575,33574,33585,11
12.9241600037,80.1828918457,33585,33595,10
12.9236803055,80.1829910278,33595,33605,10
12.92304039,80.1830673218,33605,33615,10
12.9223203659,80.1832885742,33615,33625,10
12.9215402603,80.18359375,33625,33635,10
12.9207000732,80.183921814,33635,33696,61
12.9207000732,80.183921814,33696,33706,10
12.920539856,80.1839981079,33706,33716,10
12.9202604294,80.1839599609,33716,33726,10
12.9200897217,80.1832885742,33726,33736,10
12.9199104309,80.1825408936,33736,33756,20
12.9199104309,80.1825408936,33756,33766,10
12.9198999405,80.1824417114,33766,33777,11
12.919839859,80.1823730469,33777,33787,10
12.9196996689,80.1823883057,33787,33797,10
12.9195299149,80.1821975708,33797,34464,667
12.9195299149,80.1821975708,34464,34474,10
12.9195604324,80.1820373535,34474,34484,10
12.9196901321,80.181930542,34484,34494,10
12.919839859,80.181930542,34494,34504,10
12.919960022,80.1820907593,34504,34514,10
12.9200401306,80.182472229,34514,34524,10
12.9201498032,80.1829910278,34524,34534,10
12.9202699661,80.1834411621,34534,34575,41
12.9203195572,80.1836700439,34575,34595,20
12.9203195572,80.1836700439,34595,34605,10
12.9203996658,80.1839065552,34605,34615,10
12.9204397202,80.1839675903,34615,34625,10
12.9205703735,80.1839599609,34625,34635,10
12.9208202362,80.1838531494,34635,34646,11
12.9212303162,80.1836700439,34646,34656,10
12.9216604233,80.1835021973,34656,34666,10
12.9221696854,80.1832962036,34666,34676,10
12.9227199554,80.1831207275,34676,34686,10
12.9232397079,80.1830215454,34686,34696,10
12.9236402512,80.1829605103,34696,34706,10
12.9241600037,80.1828613281,34706,34716,10
12.9246797562,80.182762146,34716,34787,71
12.9246797562,80.182762146,34787,34797,10
12.9249696732,80.1827163696,34797,34807,10
12.925330162,80.1826629639,34807,34817,10
12.9258403778,80.1825790405,34817,34827,10
12.9265098572,80.1824417114,34827,34837,10
12.9272403717,80.1822967529,34837,34848,11
12.9280595779,80.1821136475,34848,34858,10
12.9287996292,80.181930542,34858,34868,10
12.9295301437,80.1817626953,34868,34878,10
12.9302997589,80.1815490723,34878,34888,10
12.9314603806,80.1815185547,34888,34908,20
12.9314603806,80.1815185547,34908,34918,10
12.9316196442,80.1815567017,34918,34928,10
12.9319400787,80.1816177368,34928,34939,11
12.932510376,80.1817092896,34939,34949,10
12.9331302643,80.1818466187,34949,34959,10
12.9337596893,80.1820220947,34959,34969,10
12.9344396591,80.1821975708,34969,34979,10
12.9349603653,80.1823196411,34979,34989,10
12.9349899292,80.1823272705,34989,34999,10
12.9352903366,80.1824035645,34999,35009,10
12.9357004166,80.1823883057,35009,35019,10
12.9362802505,80.1822967529,35019,35029,10
12.9369802475,80.1822433472,35029,35040,11
12.9377698898,80.182220459,35040,35050,10
12.9384698868,80.1822891235,35050,35060,10
12.9388799667,80.1823577881,35060,35090,30
12.9388799667,80.1823577881,35090,35100,10
12.9391002655,80.1824188232,35100,35110,10
12.9393100739,80.1825027466,35110,35120,10
12.9396800995,80.1826095581,35120,35131,11
12.9402999878,80.1827316284,35131,35141,10
12.940779686,80.1827392578,35141,35151,10
12.9413299561,80.182762146,35151,35161,10
12.9420795441,80.1828384399,35161,35171,10
12.9429502487,80.1829223633,35171,35181,10
12.9437799454,80.1829376221,35181,35191,10
12.9446001053,80.1829681396,35191,35211,20
12.9446001053,80.1829681396,35211,35221,10
12.9446697235,80.1829833984,35221,35232,11
12.9450798035,80.1830062866,35232,35242,10
12.945690155,80.1831283569,35242,35252,10
12.9462404251,80.1835479736,35252,35262,10
12.9468898773,80.1840515137,35262,35353,91
12.9468898773,80.1840515137,35353,35363,10
12.9469804764,80.1841278076,35363,35373,10
12.9472103119,80.1843185425,35373,35383,10
12.9475603104,80.1845703125,35383,35393,10
12.9480199814,80.1848678589,35393,35424,31
12.9480199814,80.1848678589,35424,35434,10
12.9481801987,80.1849365234,35434,35444,10
12.9485397339,80.1850585938,35444,35454,10
12.948849678,80.1851425171,35454,35545,91
12.948849678,80.1851425171,35545,35555,10
12.9490604401,80.1851806641,35555,35571,16
12.9498701096,80.1854782104,35571,35583,12
12.9507198334,80.1857528687,35583,35593,10
12.9513101578,80.1859512329,35593,35603,10
12.952249527,80.1862487793,35603,35613,10
12.9529695511,80.1864318848,35613,35624,11
12.9538002014,80.1865615845,35624,35634,10
12.9545402527,80.1866836548,35634,35644,10
12.9552001953,80.1867675781,35644,35654,10
12.9556598663,80.1868362427,35654,35664,10
12.9560804367,80.1868972778,35664,35715,51
12.9560804367,80.1868972778,35715,35725,10
12.956199646,80.1869430542,35725,35735,10
12.9565896988,80.18699646,35735,35745,10
12.9572296143,80.1870269775,35745,35755,10
12.9577999115,80.1870422363,35755,35765,10
12.9584102631,80.1870269775,35765,35775,10
12.9590501785,80.1870498657,35775,35785,10
12.9597101212,80.1870880127,35785,35795,10
12.9603796005,80.1871337891,35795,35805,10
12.9614696503,80.1873092651,35805,35826,21
12.9614696503,80.1873092651,35826,35836,10
12.9616003036,80.1873397827,35836,35846,10
12.9620304108,80.1874313354,35846,35856,10
12.9626502991,80.1875686646,35856,35866,10
12.9632902145,80.1876983643,35866,35876,10
12.9638795853,80.1878585815,35876,35886,10
12.9644603729,80.1880264282,35886,35896,10
12.9650297165,80.1882095337,35896,35906,10
12.9654998779,80.1884002686,35906,35917,11
12.9655399323,80.1884078979,35917,35927,10
12.9656400681,80.1884307861,35927,35937,10
12.9659700394,80.1885604858,35937,35947,10
12.9664001465,80.1887512207,35947,35957,10
12.966919899,80.1889801025,35957,35967,10
12.9675502777,80.1892318726,35967,35977,10
12.9683704376,80.1895828247,35977,35997,20
12.9683704376,80.1895828247,35997,36008,11
12.9685401917,80.1897201538,36008,36018,10
12.9688396454,80.1898498535,36018,36028,10
12.9690599442,80.1899490356,36028,36038,10
12.9694299698,80.1901397705,36038,36048,10
12.9699201584,80.1903533936,36048,36058,10
12.9703197479,80.1905212402,36058,36068,10
12.9706497192,80.1906509399,36068,36078,10
12.9710102081,80.190788269,36078,36088,10
12.9713001251,80.1909179688,36088,36098,10
12.9718503952,80.1911621094,36098,36109,11
12.9727602005,80.1915435791,36109,36129,20
12.9727602005,80.1915435791,36129,36139,10
12.9728803635,80.1915664673,36139,36149,10
12.9731998444,80.1917037964,36149,36159,10
12.9737796783,80.1919174194,36159,36169,10
12.9743700027,80.1921386719,36169,36179,10
12.9748802185,80.1923370361,36179,36189,10
12.9754896164,80.1925811768,36189,36200,11
12.9761104584,80.1930007935,36200,36210,10
12.9764995575,80.1932830811,36210,36220,10
12.9770498276,80.1936035156,36220,36230,10
12.9775600433,80.1937713623,36230,36240,10
12.9780797958,80.1938400269,36240,36250,10
12.9781398773,80.193862915,36250,36260,10
12.9782400131,80.1938781738,36260,36270,10
12.9785804749,80.193977356,36270,36280,10
12.9790296555,80.1941833496,36280,36290,10
12.9795799255,80.1945419312,36290,36301,11
12.9801597595,80.1949234009,36301,36311,10
12.9807195663,80.1952285767,36311,36321,10
12.9810800552,80.1953964233,36321,36341,20
12.9810800552,80.1953964233,36341,36351,10
12.9811401367,80.1954574585,36351,36361,10
12.9813804626,80.1955795288,36361,36371,10
12.9815998077,80.1956863403,36371,36381,10
12.9818201065,80.1958236694,36381,36392,11
12.9818296432,80.1958236694,36392,36402,10
12.9820804596,80.1959381104,36402,36412,10
12.9824800491,80.1961212158,36412,36422,10
12.9828395844,80.1963195801,36422,36432,10
12.9830102921,80.1963195801,36432,36442,10
12.983300209,80.1961669922,36442,36452,10
12.9834699631,80.1962585449,36452,36462,10
12.9832496643,80.1964035034,36462,36472,10
12.9833097458,80.1966094971,36472,36482,10
12.9836502075,80.1968002319,36482,36493,11
12.9843101501,80.1971817017,36493,36503,10
12.9848899841,80.1973190308,36503,36513,10
12.9856500626,80.1971664429,36513,36523,10
12.9864597321,80.1972732544,36523,36533,10
12.986749649,80.1973190308,36533,36543,10
12.9868497849,80.1973495483,36543,36553,10
12.9872903824,80.1974563599,36553,36563,10
12.9879598618,80.1976394653,36563,36573,10
12.9887399673,80.1978378296,36573,36583,10
12.9895601273,80.1980819702,36583,36594,11
12.9903402328,80.1983032227,36594,36604,10
12.9911804199,80.1984863281,36604,36614,10
12.9917297363,80.1986236572,36614,36624,10
12.9917402267,80.1986236572,36624,36634,10
12.9918403625,80.1986465454,36634,36644,10
12.9920597076,80.1987686157,36644,36654,10
12.9923801422,80.1989364624,36654,36664,10
12.9926395416,80.1990966797,36664,36674,10
12.9926996231,80.1991577148,36674,36684,10
12.9929800034,80.1994018555,36684,36695,11
12.9934101105,80.1997833252,36695,36705,10
12.9938402176,80.2000427246,36705,36715,10
12.994310379,80.2002029419,36715,36725,10
12.9946699142,80.2002563477,36725,36786,61
12.9946699142,80.2002563477,36786,36796,10
12.9948797226,80.200340271,36796,36806,10
12.9949998856,80.2005004883,36806,36816,10
12.9950504303,80.2008209229,36816,36826,10
12.995059967,80.2011413574,36826,36846,20
12.995059967,80.2011413574,36846,36856,10
12.995059967,80.201461792,36856,36866,10
12.9951200485,80.2019729614,36866,36897,31
12.9951200485,80.2019729614,36897,36907,10
12.995059967,80.2023620605,36907,36917,10
12.9950399399,80.2026824951,36917,36927,10
12.995059967,80.2030105591,36927,36937,10
12.995059967,80.2033004761,36937,36947,10
12.9949903488,80.2036209106,36947,36957,10
12.9949197769,80.2038803101,36957,36967,10
12.994799614,80.2043304443,36967,36978,11
12.9946804047,80.2049179077,36978,36988,10
12.994720459,80.2052688599,36988,36998,10
12.9946899414,80.2056808472,36998,37008,10
12.9946298599,80.2062988281,37008,37018,10
12.9946098328,80.2065124512,37018,37028,10
12.9945802689,80.2067108154,37028,37048,20
12.9945802689,80.2067108154,37048,37058,10
12.9945802689,80.2068786621,37058,37068,10
12.9947299957,80.2069625854,37068,37079,11
12.9948101044,80.2067871094,37079,37095,16
12.9947004318,80.206741333,37095,37612,517
12.9947004318,80.206741333,37612,37622,10
12.9945402145,80.2066116333,37622,37632,10
12.9945497513,80.2065734863,37632,37642,10
12.994600296,80.2062683105,37642,37652,10
12.9946298599,80.2059020996,37652,37663,11
12.9946804047,80.2054977417,37663,37673,10
12.9947099686,80.2050933838,37673,37683,10
12.9946899414,80.204788208,37683,37693,10
12.99477005,80.2044372559,37693,37703,10
12.9948596954,80.2041015625,37703,37713,10
12.9949302673,80.2038803101,37713,37723,10
12.9949998856,80.2035827637,37723,37733,10
12.9950504303,80.2030029297,37733,37743,10
12.9949903488,80.202911377,37743,37764,21
12.9949903488,80.202911377,37764,37774,10
12.9950399399,80.20262146,37774,37784,10
12.9951000214,80.2022705078,37784,37794,10
12.9951000214,80.2018814087,37794,37804,10
12.995059967,80.2015304565,37804,37815,11
12.9950304031,80.201171875,37815,37825,10
12.9950199127,80.200881958,37825,37835,10
12.9949398041,80.2005233765,37835,37845,10
12.9946804047,80.2003097534,37845,37856,11
12.9944000244,80.2002792358,37856,38108,252
12.9944000244,80.2002792358,38108,38118,10
12.994020462,80.2001190186,38118,38128,10
12.9937400818,80.2000427246,38128,38138,10
12.9934301376,80.1998519897,38138,38149,11
12.9931602478,80.1996231079,38149,38159,10
12.9929304123,80.1994018555,38159,38169,10
12.9925899506,80.1991424561,38169,38179,10
12.9922199249,80.198928833,38179,38189,10
12.9917097092,80.1986923218,38189,38199,10
12.991109848,80.1985321045,38199,38209,10
12.990819931,80.1985015869,38209,38219,10
12.9906902313,80.1984710693,38219,38229,10
12.9903202057,80.1983795166,38229,38240,11
12.9895801544,80.1981811523,38240,38250,10
12.9887399673,80.1979370117,38250,38260,10
12.9879703522,80.1977310181,38260,38270,10
12.9873304367,80.1975708008,38270,38280,10
12.9866800308,80.1974334717,38280,38290,10
12.9865598679,80.1974029541,38290,38300,10
12.9864797592,80.1974029541,38300,38310,10
12.9860897064,80.1973114014,38310,38320,10
12.9855604172,80.1972503662,38320,38330,10
12.9850997925,80.1973266602,38330,38341,11
12.9843902588,80.1972885132,38341,38351,10
12.9837999344,80.1969680786,38351,38361,10
12.983420372,80.1967391968,38361,38377,16
12.9828100204,80.1966171265,38377,38389,12
12.9822797775,80.1970901489,38389,38397,8
12.9821500778,80.1970214844,38397,38408,11
12.9822902679,80.1968536377,38408,38419,11
12.9827098846,80.1964797974,38419,38429,10
12.9827404022,80.1962814331,38429,38449,20
12.9827404022,80.1962814331,38449,38460,11
12.982460022,80.1961288452,38460,38470,10
12.9816703796,80.1957473755,38470,38490,20
12.9816703796,80.1957473755,38490,38500,10
12.9814596176,80.1956634521,38500,38510,10
12.9810199738,80.1954421997,38510,38520,10
12.980509758,80.1951828003,38520,38530,10
12.9798898697,80.1948394775,38530,38541,11
12.9793395996,80.194442749,38541,38551,10
12.9787597656,80.1941070557,38551,38561,10
12.9781303406,80.1939086914,38561,38571,10
12.9776496887,80.1938400269,38571,38581,10
12.9776296616,80.1938400269,38581,38591,10
12.977399826,80.1937789917,38591,38601,10
12.9768800735,80.1935882568,38601,38611,10
12.9764299393,80.1932830811,38611,38621,10
12.9760799408,80.193031311,38621,38631,10
12.9757204056,80.1927490234,38631,38648,17
12.9747104645,80.1923065186,38648,38660,12
12.974149704,80.1921005249,38660,38670,10
12.9737997055,80.1919631958,38670,38680,10
12.9736003876,80.1918869019,38680,38689,9
12.9734897614,80.1918487549,38689,38700,11
12.9730901718,80.1916885376,38700,38710,10
12.9727602005,80.1915664673,38710,38720,10
12.9723701477,80.1914215088,38720,38730,10
12.9722204208,80.1913604736,38730,38741,11
12.9721899033,80.1913528442,38741,38750,9
12.9718999863,80.1912307739,38750,38761,11
12.9713697433,80.1910018921,38761,38771,10
12.970990181,80.1908187866,38771,38781,10
12.9704999924,80.1906280518,38781,38791,10
12.969909668,80.1903610229,38791,38801,10
12.9692602158,80.190071106,38801,38811,10
12.9687595367,80.1898422241,38811,38821,10
12.9681396484,80.1895370483,38821,38832,11
12.9680404663,80.189491272,38832,38842,10
12.9679803848,80.1894607544,38842,38852,10
12.9676103592,80.1893081665,38852,38862,10
12.9670000076,80.1890563965,38862,38872,10
12.9663801193,80.1888122559,38872,38882,10
12.9658203125,80.1885910034,38882,38892,10
12.9654102325,80.1884307861,38892,38902,10
12.9650096893,80.1882781982,38902,38912,10
12.9648504257,80.1882324219,38912,38923,11
12.9648103714,80.1882019043,38923,38933,10
12.9644498825,80.1880722046,38933,38943,10
12.9638395309,80.1878967285,38943,38953,10
12.9631996155,80.187713623,38953,38963,10
12.9624795914,80.1875534058,38963,38973,10
12.9617595673,80.1874084473,38973,38983,10
12.9610395432,80.187286377,38983,38993,10
12.9606599808,80.1872406006,38993,39003,10
12.9606103897,80.1872329712,39003,39013,10
12.960269928,80.187171936,39013,39024,11
12.9597196579,80.1871185303,39024,39034,10
12.9590301514,80.1870574951,39034,39044,10
12.9583501816,80.1870422363,39044,39054,10
12.9576597214,80.1870574951,39054,39064,10
12.956990242,80.1870269775,39064,39074,10
12.9562902451,80.1869888306,39074,39084,10
12.9557304382,80.1869506836,39084,39104,20
12.9557304382,80.1869506836,39104,39114,10
12.9555101395,80.186920166,39114,39125,11
12.9549398422,80.1868286133,39125,39135,10
12.9541797638,80.1867218018,39135,39145,10
12.9532804489,80.1865768433,39145,39155,10
12.9522695541,80.186378479,39155,39165,10
12.9513397217,80.1860961914,39165,39175,10
12.9504995346,80.1858215332,39175,39185,10
12.949760437,80.1855697632,39185,39195,10
12.9493103027,80.1854705811,39195,39254,59
12.9493103027,80.1854705811,39254,39264,10
12.9491100311,80.1854095459,39264,39273,9
12.9487495422,80.185256958,39273,39284,11
12.9480895996,80.1850280762,39284,39294,10
12.9474802017,80.1846618652,39294,39304,10
12.9470500946,80.1843414307,39304,39315,11
12.9466199875,80.1840209961,39315,39325,10
12.946559906,80.1839599609,39325,39335,10
12.9462099075,80.1836624146,39335,39345,10
12.9456596375,80.1832199097,39345,39355,10
12.944899559,80.1830825806,39355,39365,10
12.9445400238,80.1830673218,39365,39375,10
12.9444599152,80.1830673218,39375,39385,10
12.9440202713,80.1830291748,39385,39395,10
12.9433803558,80.1829833984,39395,39406,11
12.9425697327,80.1829528809,39406,39416,10
12.9417104721,80.1828536987,39416,39426,10
12.9408903122,80.1827774048,39426,39436,10
12.9402303696,80.1827697754,39436,39446,10
12.9397096634,80.1826629639,39446,39466,20
12.9397096634,80.1826629639,39466,39476,10
12.9395599365,80.1826400757,39476,39486,10
12.939160347,80.1825180054,39486,39496,10
12.93887043,80.1824493408,39496,39506,10
12.9383897781,80.1823501587,39506,39517,11
12.9375600815,80.1822891235,39517,39527,10
12.9366798401,80.1822967529,39527,39537,10
12.9357204437,80.1823883057,39537,39553,16
12.9352502823,80.1824188232,39553,39565,12
12.935090065,80.1824035645,39565,39575,10
12.934709549,80.1823272705,39575,39585,10
12.9338302612,80.1821212769,39585,39595,10
12.9328804016,80.181892395,39595,39605,10
12.9318799973,80.1817016602,39605,39616,11
12.9310503006,80.1816101074,39616,39626,10
12.930970192,80.181602478,39626,39636,10
12.9308004379,80.1815795898,39636,39646,10
12.9302101135,80.181640625,39646,39656,10
12.9296302795,80.1817932129,39656,39667,11
12.9293804169,80.1818389893,39667,39677,10
12.928899765,80.1819534302,39677,39687,10
12.9282598495,80.1820983887,39687,39697,10
12.9275197983,80.1822662354,39697,39708,11
12.9265804291,80.1824493408,39708,39718,10
12.925620079,80.1826171875,39718,39728,10
12.9247398376,80.1827697754,39728,39738,10
12.9239702225,80.1828994751,39738,39748,10
12.923119545,80.183052063,39748,39758,10
12.9220600128,80.183380127,39758,39778,20
12.9220600128,80.183380127,39778,39788,10
12.9219198227,80.1834335327,39788,39799,11
12.9212398529,80.1836700439,39799,39819,20
12.9212398529,80.1836700439,39819,39829,10
12.9211101532,80.1837615967,39829,39859,30
12.9211101532,80.1837615967,39859,39869,10
12.9204101563,80.1840591431,39869,39950,81
12.9204101563,80.1840591431,39950,39960,10
12.9201698303,80.1838684082,39960,39970,10
12.9198999405,80.1826477051,39970,40021,51
12.9198999405,80.1826477051,40021,40031,10
12.9198598862,80.182472229,40031,40041,10
12.919719696,80.1824035645,40041,40051,10
12.9194202423,80.1822128296,40051,40374,323
12.9194202423,80.1822128296,40374,40385,11
12.9196596146,80.1819915771,40385,40405,20
12.9198303223,80.181968689,40405,40435,30
12.9198303223,80.181968689,40435,40445,10
12.9199399948,80.1820297241,40445,40455,10
12.9200401306,80.1824417114,40455,40465,10
12.9202899933,80.1834487915,40465,40486,21
12.9202899933,80.1834487915,40486,40496,10
12.9203395844,80.18359375,40496,40506,10
12.9203996658,80.1839065552,40506,40526,20
12.9203996658,80.1839065552,40526,40536,10
12.9206199646,80.183921814,40536,40546,10
12.9210395813,80.1837615967,40546,40556,10
12.9216403961,80.1835174561,40556,40566,10
12.9222898483,80.1832733154,40566,40577,11
12.9231100082,80.1830596924,40577,40587,10
12.9237699509,80.1829223633,40587,40597,10
12.9245595932,80.1827697754,40597,40607,10
12.9253997803,80.1826324463,40607,40617,10
12.9262695313,80.1824569702,40617,40627,10
12.9270601273,80.1822967529,40627,40637,10
12.9278297424,80.1821517944,40637,40647,10
12.928609848,80.181968689,40647,40657,10
12.929400444,80.1817932129,40657,40667,10
12.9301204681,80.181602478,40667,40684,17
12.9314699173,80.1815185547,40684,40706,22
12.9314699173,80.1815185547,40706,40716,10
12.9316396713,80.1815795898,40716,40726,10
12.9321403503,80.1816711426,40726,40736,10
12.9327602386,80.1817779541,40736,40745,9
12.9335603714,80.181968689,40745,40756,11
12.9344501495,80.1822128296,40756,40767,11
12.9350204468,80.1823272705,40767,40778,11
12.9350700378,80.1823806763,40778,40788,10
12.9354896545,80.1824111938,40788,40798,10
12.9361600876,80.1823272705,40798,40808,10
12.9369697571,80.1822433472,40808,40818,10
12.9377298355,80.1822509766,40818,40828,10
12.9384002686,80.1823120117,40828,40838,10
12.9389200211,80.1823883057,40838,40879,41
12.9389200211,80.1823883057,40879,40889,10
12.9391002655,80.1824264526,40889,40899,10
12.9392995834,80.1824798584,40899,40909,10
12.9395103455,80.1825408936,40909,40919,10
12.9397296906,80.1826019287,40919,40929,10
12.9399595261,80.1826629639,40929,40939,10
12.9404497147,80.1827316284,40939,40949,10
12.9410800934,80.1827392578,40949,40959,10
12.941860199,80.1828079224,40959,40970,11
12.9428501129,80.1829223633,40970,40980,10
12.9436998367,80.1829528809,40980,40990,10
12.9446401596,80.1829910278,40990,41010,20
12.9446401596,80.1829910278,41010,41020,10
12.9447402954,80.1830062866,41020,41030,10
12.9451799393,80.1830291748,41030,41040,10
12.9458398819,80.1832580566,41040,41050,10
12.9468297958,80.1840209961,41050,41071,21
12.9468297958,80.1840209961,41071,41081,10
12.9470901489,80.1842498779,41081,41091,10
12.9476003647,80.1846237183,41091,41101,10
12.9482898712,80.1849899292,41101,41111,10
12.9487199783,80.1851196289,41111,41121,10
12.9491701126,80.1852493286,41121,41131,10
12.9496898651,80.1854324341,41131,41141,10
12.9503097534,80.1856384277,41141,41151,10
12.9509801865,80.1858673096,41151,41162,11
12.9518003464,80.1861419678,41162,41172,10
12.9525299072,80.1863632202,41172,41182,10
12.9532804489,80.1865081787,41182,41192,10
12.9538803101,80.1865997314,41192,41202,10
12.9544296265,80.1866836548,41202,41212,10
12.9549999237,80.1867599487,41212,41222,10
12.9555301666,80.1868362427,41222,41232,10
12.9559698105,80.186920166,41232,41242,10
12.9560899734,80.186920166,41242,41263,21
12.9560899734,80.186920166,41263,41273,10
12.9561300278,80.186920166,41273,41283,10
12.9561595917,80.186920166,41283,41299,16
12.956870079,80.1870117188,41299,41311,12
12.9576396942,80.1870422363,41311,41321,10
12.9580898285,80.1870727539,41321,41330,9
12.958729744,80.1870574951,41330,41342,12
12.9595899582,80.1871185303,41342,41353,11
12.9602603912,80.1870880127,41353,41364,11
12.960940361,80.1872177124,41364,41374,10
12.9614801407,80.1873016357,41374,41384,10
12.9615001678,80.1873016357,41384,41394,10
12.961810112,80.1873626709,41394,41404,10
12.962220192,80.1874389648,41404,41415,11
12.9628400803,80.1875762939,41415,41425,10
12.9634199142,80.1876983643,41425,41435,10
12.9640598297,80.1878967285,41435,41445,10
12.9646596909,80.1880874634,41445,41456,11
12.9655199051,80.1884002686,41456,41476,20
12.9655199051,80.1884002686,41476,41486,10
12.9656095505,80.1884384155,41486,41496,10
12.9659500122,80.188583374,41496,41506,10
12.9664402008,80.1887588501,41506,41516,10
12.9669904709,80.1890029907,41516,41526,10
12.9675598145,80.1892471313,41526,41536,10
12.9683303833,80.1895599365,41536,41557,21
12.9683303833,80.1895599365,41557,41567,10
12.9684400558,80.1896591187,41567,41577,10
12.9687595367,80.1897964478,41577,41587,10
12.9691295624,80.1899795532,41587,41597,10
12.9695196152,80.1901626587,41597,41607,10
12.9697303772,80.190246582,41607,41616,9
12.9700603485,80.1903991699,41616,41627,11
12.9704704285,80.1905822754,41627,41637,10
12.9709501266,80.1907730103,41637,41658,21
12.9709501266,80.1907730103,41658,41668,10
12.9712400436,80.19090271,41668,41678,10
12.9714603424,80.1910018921,41678,41688,10
12.9718799591,80.1911773682,41688,41698,10
12.9727401733,80.1915512085,41698,41728,30
12.9727401733,80.1915512085,41728,41738,10
12.9729499817,80.19165802,41738,41749,11
12.9733104706,80.1917495728,41749,41759,10
12.9736995697,80.1919021606,41759,41769,10
12.9738903046,80.1919708252,41769,41779,10
12.9743499756,80.1921463013,41779,41789,10
12.9748897552,80.1923370361,41789,41799,10
12.9754400253,80.1925811768,41799,41809,10
12.9760198593,80.1929626465,41809,41819,10
12.9763402939,80.1931686401,41819,41829,10
12.9769201279,80.1935577393,41829,41839,10
12.9775295258,80.1937789917,41839,41850,11
12.9781999588,80.1938781738,41850,41880,30
12.9781999588,80.1938781738,41880,41890,10
12.9786100388,80.1940231323,41890,41900,10
12.9789400101,80.1941604614,41900,41910,10
12.9795999527,80.1945571899,41910,41920,10
12.9801702499,80.1949462891,41920,41930,10
12.9810800552,80.1953964233,41930,41951,21
12.9810800552,80.1953964233,41951,41961,10
12.9812202454,80.1955032349,41961,41971,10
12.9813995361,80.1955795288,41971,41981,10
12.9817695618,80.1957778931,41981,41991,10
12.9819898605,80.1958999634,41991,42001,10
12.982460022,80.1961135864,42001,42011,10
12.9828596115,80.1963424683,42011,42021,10
12.9831399918,80.1962509155,42021,42031,10
12.983420372,80.1962738037,42031,42042,11
12.9831600189,80.1964569092,42042,42052,10
12.9832801819,80.1966171265,42052,42062,10
12.9836301804,80.1968231201,42062,42072,10
12.9842596054,80.1971893311,42072,42082,10
12.9850597382,80.1973114014,42082,42092,10
12.9858703613,80.1972122192,42092,42102,10
12.9867601395,80.1973724365,42102,42112,10
12.9877796173,80.1976165771,42112,42122,10
12.9887399673,80.197883606,42122,42132,10
12.9897203445,80.1981430054,42132,42143,11
12.9907503128,80.1984024048,42143,42153,10
12.9915399551,80.1985702515,42153,42163,10
12.9917402267,80.1986236572,42163,42173,10
12.9918603897,80.1986923218,42173,42183,10
12.9921703339,80.1988296509,42183,42193,10
12.9925699234,80.1990814209,42193,42203,10
12.9930295944,80.1994400024,42203,42213,10
12.9934396744,80.1997833252,42213,42223,10
12.993470192,80.1998214722,42223,42239,16
12.9938602448,80.2000274658,42239,42252,13
12.9943599701,80.2002105713,42252,42262,10
12.9946603775,80.2002563477,42262,42302,40
12.9946603775,80.2002563477,42302,42312,10
12.9948396683,80.2003479004,42312,42322,10
12.9950304031,80.200630188,42322,42333,11
12.9950304031,80.200958252,42333,42343,10
12.9950304031,80.2014389038,42343,42353,10
12.9950504303,80.2017364502,42353,42364,11
12.9950399399,80.2022399902,42364,42374,10
12.9949998856,80.2027511597,42374,42384,10
12.995059967,80.2030715942,42384,42394,10
12.9949998856,80.2034225464,42394,42404,10
12.9948396683,80.2041015625,42404,42414,10
12.9947004318,80.2046813965,42414,42424,10
12.9947004318,80.205116272,42424,42435,11
12.9946699142,80.2056121826,42435,42445,10
12.9946098328,80.2061309814,42445,42455,10
12.9945602417,80.2065429688,42455,42465,10
12.9946203232,80.2067565918,42465,42495,30
12.9946203232,80.2067565918,42495,42505,10
12.9946699142,80.2068481445,42505,42515,10
12.99477005,80.2070007324,42515,42526,11
12.9948797226,80.2068405151,42526,42536,10
12.9948596954,80.206817627,42536,42546,10
12.9947500229,80.2067718506,42546,42899,353
12.9947500229,80.2067718506,42899,42909,10
12.9946203232,80.2062301636,42909,42920,11
12.9946403503,80.2058563232,42920,42930,10
12.9946804047,80.2056121826,42930,42940,10
12.994720459,80.2052307129,42940,42950,10
12.9947004318,80.2049331665,42950,42960,10
12.99477005,80.2045516968,42960,42970,10
12.9948797226,80.2041091919,42970,42980,10
12.9949903488,80.2036972046,42980,42990,10
12.995059967,80.2033233643,42990,43000,10
12.9950895309,80.2031097412,43000,43011,11
12.9950704575,80.2029266357,43011,43021,10
12.9950799942,80.2025909424,43021,43030,9
12.9951095581,80.2022018433,43030,43041,11
12.995059967,80.201789856,43041,43051,10
12.9950199127,80.2013778687,43051,43061,10
12.9950399399,80.2011032104,43061,43071,10
12.9950199127,80.2007980347,43071,43081,10
12.9948196411,80.2004470825,43081,43091,10
12.994389534,80.2003326416,43091,43142,51
12.994389534,80.2003326416,43142,43152,10
12.9940395355,80.2001724243,43152,43202,50
12.9940395355,80.2001724243,43202,43213,11
12.9936103821,80.1999664307,43213,43243,30
12.9936103821,80.1999664307,43243,43253,10
12.9933795929,80.1998291016,43253,43263,10
12.9930896759,80.1996307373,43263,43273,10
12.9927997589,80.1993637085,43273,43283,10
12.9923601151,80.1990509033,43283,43293,10
12.9917602539,80.1987686157,43293,43304,11
12.9910497665,80.1985473633,43304,43314,10
12.9908103943,80.1985015869,43314,43324,10
12.9904699326,80.1984024048,43324,43334,10
12.9899702072,80.1982727051,43334,43344,10
12.989279747,80.1980667114,43344,43354,10
12.9884595871,80.1978378296,43354,43364,10
12.9876499176,80.1976318359,43364,43374,10
12.9868402481,80.1974411011,43374,43384,10
12.9866104126,80.1973724365,43384,43394,10
12.9864997864,80.1973419189,43394,43405,11
12.9859600067,80.1972427368,43405,43415,10
12.9852800369,80.1972427368,43415,43425,10
12.9846601486,80.1973114014,43425,43435,10
12.9840297699,80.1970672607,43435,43445,10
12.9835500717,80.1968002319,43445,43455,10
12.9830799103,80.1965026855,43455,43465,10
12.9827804565,80.196647644,43465,43475,10
12.9823198318,80.1970672607,43475,43485,10
12.9821195602,80.1970291138,43485,43495,10
12.9823703766,80.1968002319,43495,43506,11
12.9827699661,80.1964492798,43506,43516,10
12.9826402664,80.1962280273,43516,43526,10
12.9820804596,80.1959762573,43526,43536,10
12.9816102982,80.1957626343,43536,43546,10
12.9815998077,80.1957626343,43546,43556,10
12.9815196991,80.1957168579,43556,43566,10
12.9813098907,80.195602417,43566,43576,10
12.9809503555,80.1954269409,43576,43586,10
12.980509758,80.1951904297,43586,43597,11
12.9798898697,80.1948318481,43597,43607,10
12.97935009,80.194442749,43607,43623,16
12.9784202576,80.1939926147,43623,43635,12
12.9777603149,80.1938400269,43635,43645,10
12.9776601791,80.1938400269,43645,43655,10
12.9776000977,80.1938171387,43655,43664,9
12.9773397446,80.1937637329,43664,43675,11
12.9767599106,80.1935195923,43675,43685,10
12.9763002396,80.1931610107,43685,43696,11
12.9762401581,80.1931304932,43696,43706,10
12.9759197235,80.1929016113,43706,43716,10
12.9753704071,80.1925735474,43716,43726,10
12.9747200012,80.1923370361,43726,43736,10
12.9742603302,80.1921615601,43736,43746,10
12.9738197327,80.1919784546,43746,43756,10
12.9731998444,80.1917419434,43756,43766,10
12.9726600647,80.1915664673,43766,43776,10
12.9722604752,80.1913986206,43776,43786,10
12.9722204208,80.191368103,43786,43797,11
12.9719104767,80.1912231445,43797,43807,10
12.9713802338,80.1909790039,43807,43817,10
12.9709396362,80.1908493042,43817,43827,10
12.9702796936,80.1905517578,43827,43837,10
12.9697504044,80.1902923584,43837,43853,16
12.969039917,80.1899414063,43853,43865,12
12.9684495926,80.189666748,43865,43873,8
12.9681196213,80.1894989014,43873,43885,12
12.9681100845,80.189491272,43885,43895,10
12.9679803848,80.1894226074,43895,43906,11
12.9675197601,80.1892318726,43906,43916,10
12.9669504166,80.1890029907,43916,43926,10
12.9663801193,80.1888198853,43926,43936,10
12.966050148,80.1886901855,43936,43945,9
12.9658603668,80.1886062622,43945,43956,11
12.9655599594,80.1884918213,43956,43966,10
12.9649600983,80.1882400513,43966,43986,20
12.9649600983,80.1882400513,43986,43997,11
12.9645595551,80.1880874634,43997,44007,10
12.9639501572,80.1878967285,44007,44017,10
12.9632701874,80.1877365112,44017,44027,10
12.962679863,80.1875762939,44027,44037,10
12.9619598389,80.1874389648,44037,44046,9
12.9613599777,80.1873321533,44046,44057,11
12.9607896805,80.18724823,44057,44067,10
12.9607601166,80.1872406006,44067,44077,10
12.9606599808,80.1872406006,44077,44088,11
12.9603500366,80.1871795654,44088,44098,10
12.9600696564,80.1871490479,44098,44108,10
12.9596300125,80.1871109009,44108,44118,10
12.9590301514,80.1870574951,44118,44128,10
12.9584102631,80.1870269775,44128,44138,10
12.9577903748,80.1870269775,44138,44148,10
12.9571695328,80.1870117188,44148,44158,10
12.9566898346,80.1869735718,44158,44168,10
12.9563503265,80.1869506836,44168,44178,10
12.9559001923,80.1869277954,44178,44229,51
12.9559001923,80.1869277954,44229,44239,10
12.9555797577,80.1868896484,44239,44249,10
12.9552297592,80.1868286133,44249,44259,10
12.9545602798,80.1867370605,44259,44269,10
12.9538002014,80.1866378784,44269,44280,11
12.9528598785,80.1865005493,44280,44290,10
12.9520797729,80.1863098145,44290,44300,10
12.9516401291,80.1861801147,44300,44310,10
12.9514904022,80.1861419678,44310,44320,10
12.9512901306,80.186050415,44320,44330,10
12.9511404037,80.1860122681,44330,44340,10
12.9507799149,80.1858978271,44340,44350,10
12.9502696991,80.1857299805,44350,44360,10
12.9496202469,80.1855316162,44360,44381,21
12.9496202469,80.1855316162,44381,44391,10
12.9494695663,80.1855010986,44391,44401,10
12.9489803314,80.185333252,44401,44411,10
12.9483003616,80.1850967407,44411,44421,10
12.9476804733,80.1847991943,44421,44431,10
12.9470996857,80.1843566895,44431,44441,10
12.9466695786,80.1840209961,44441,44451,10
12.9466600418,80.1840133667,44451,44461,10
12.9465799332,80.1839370728,44461,44471,10
12.9462499619,80.1836700439,44471,44482,11
12.9456195831,80.1831970215,44482,44492,10
12.9448795319,80.1830673218,44492,44501,9
12.9445495605,80.1830596924,44501,44512,11
12.9445400238,80.1830673218,44512,44522,10
12.9441795349,80.183052063,44522,44532,10
12.9435596466,80.1830062866,44532,44542,10
12.9427900314,80.1829833984,44542,44552,10
12.9419698715,80.1828689575,44552,44562,10
12.9411201477,80.182800293,44562,44573,11
12.9403800964,80.1827774048,44573,44583,10
12.9397697449,80.1826629639,44583,44593,10
12.9395198822,80.1826095581,44593,44613,20
12.9395198822,80.1826095581,44613,44623,10
12.9393796921,80.1825408936,44623,44633,10
12.9389896393,80.1824493408,44633,44643,10
12.9385595322,80.1823501587,44643,44653,10
12.9378404617,80.1822662354,44653,44663,10
12.936920166,80.1822662354,44663,44674,11
12.9357595444,80.1824035645,44674,44684,10
12.935259819,80.1824417114,44684,44694,10
12.9351902008,80.1824188232,44694,44704,10
12.9348201752,80.1823272705,44704,44714,10
12.9341497421,80.1821594238,44714,44724,10
12.9333200455,80.1819610596,44724,44734,10
12.9323101044,80.1817626953,44734,44744,10
12.9313001633,80.181640625,44744,44754,10
12.9310703278,80.1816177368,44754,44764,10
12.9309902191,80.1816101074,44764,44775,11
12.9304800034,80.1816101074,44775,44785,10
12.9297399521,80.1817703247,44785,44795,10
12.9287900925,80.1819992065,44795,44805,10
12.9278297424,80.1822280884,44805,44815,10
12.92689991,80.1824264526,44815,44825,10
12.9260702133,80.1825866699,44825,44835,10
12.9252099991,80.1827316284,44835,44845,10
12.9244098663,80.1828689575,44845,44855,10
12.9242696762,80.1828918457,44855,44866,11
12.9240398407,80.1829299927,44866,44876,10
12.9234304428,80.1830368042,44876,44886,10
12.9227399826,80.1831512451,44886,44896,10
12.9221401215,80.18334198,44896,44906,10
12.9214200974,80.183631897,44906,44916,10
12.9207696915,80.183883667,44916,44926,10
12.9202203751,80.1839065552,44926,44936,10
12.9200801849,80.1832809448,44936,44946,10
12.9199104309,80.1825714111,44946,44967,21
12.9199104309,80.1825714111,44967,44977,10
12.9198598862,80.1824417114,44977,44987,10
12.9196996689,80.1824035645,44987,44997,10
12.9194002151,80.182182312,44997,45816,819
12.9194002151,80.182182312,45816,45826,10
12.9194803238,80.1820373535,45826,45836,10
12.9196395874,80.181968689,45836,45857,21
12.9196395874,80.181968689,45857,45867,10
12.9199399948,80.1821517944,45867,45877,10
12.9200000763,80.1825408936,45877,45887,10
12.9202299118,80.1834411621,45887,45948,61
12.9202299118,80.1834411621,45948,45958,10
12.9203596115,80.183921814,45958,45978,20
12.9203596115,80.183921814,45978,45988,10
12.9204597473,80.1839675903,45988,45998,10
12.9207201004,80.1838607788,45998,46008,10
12.9212903976,80.183631897,46008,46018,10
12.9219703674,80.1833724976,46018,46028,10
12.922750473,80.1830978394,46028,46039,11
12.9236602783,80.1829376221,46039,46049,10
12.9245004654,80.1827697754,46049,46059,10
12.9246902466,80.1827468872,46059,46069,10
12.9249897003,80.1827087402,46069,46079,10
12.9256401062,80.1825866699,46079,46089,10
12.9265098572,80.1824188232,46089,46099,10
12.927570343,80.1822128296,46099,46109,10
12.9286203384,80.181968689,46109,46119,10
12.9296798706,80.1817092896,46119,46129,10
12.9307203293,80.1814498901,46129,46140,11
12.9314498901,80.1815414429,46140,46150,10
12.9314603806,80.1815414429,46150,46160,10
12.9317398071,80.181602478,46160,46170,10
12.9323596954,80.1817016602,46170,46180,10
12.9332103729,80.1818771362,46180,46190,10
12.9342403412,80.1821517944,46190,46200,10
12.9349603653,80.1823272705,46200,46210,10
12.9350099564,80.1823425293,46210,46220,10
12.9351596832,80.1823730469,46220,46230,10
12.9357204437,80.1823730469,46230,46241,11
12.9365301132,80.182258606,46241,46251,10
12.9373397827,80.182220459,46251,46261,10
12.938079834,80.1822433472,46261,46271,10
12.9389295578,80.1823730469,46271,46321,50
12.9389295578,80.1823730469,46321,46331,10
12.9390296936,80.1824111938,46331,46342,11
12.9392204285,80.182472229,46342,46352,10
12.9394598007,80.1825485229,46352,46362,10
12.9399499893,80.1826629639,46362,46372,10
12.9404602051,80.1827316284,46372,46382,10
12.9412298203,80.1827468872,46382,46392,10
12.942150116,80.1828613281,46392,46402,10
12.9431495667,80.1829223633,46402,46412,10
12.9441204071,80.1829605103,46412,46422,10
12.9445495605,80.1829833984,46422,46433,11
12.9447097778,80.1829986572,46433,46443,10
12.9452495575,80.1830215454,46443,46453,10
12.9459600449,80.1833496094,46453,46463,10
12.9467096329,80.183921814,46463,46473,10
12.946849823,80.1840362549,46473,46483,10
12.9470596313,80.1842269897,46483,46493,10
12.9475402832,80.1846084595,46493,46503,10
12.9482402802,80.1849899292,46503,46513,10
12.948679924,80.1851272583,46513,46534,21
12.948679924,80.1851272583,46534,46544,10
12.9489898682,80.1852264404,46544,46554,10
12.9495601654,80.1854171753,46554,46564,10
12.9502496719,80.1856384277,46564,46574,10
12.9510698318,80.1859207153,46574,46584,10
12.9519500732,80.1862106323,46584,46594,10
12.95291996,80.1864471436,46594,46604,10
12.9538803101,80.1865997314,46604,46614,10
12.9547996521,80.1867370605,46614,46624,10
12.9554595947,80.1868209839,46624,46635,11
12.9561004639,80.1869125366,46635,46655,20
12.9561004639,80.1869125366,46655,46665,10
12.956199646,80.1869277954,46665,46675,10
12.9566297531,80.1869812012,46675,46685,10
12.9572601318,80.1870269775,46685,46695,10
12.9579401016,80.1870422363,46695,46704,9
12.9586696625,80.1870498657,46704,46715,11
12.9595403671,80.1871032715,46715,46726,11
12.9601602554,80.1871185303,46726,46736,10
12.9606800079,80.1871871948,46736,46746,10
12.9612197876,80.1872634888,46746,46756,10
12.9614896774,80.1873016357,46756,46766,10
12.961640358,80.1873474121,46766,46776,10
12.962100029,80.1874313354,46776,46786,10
12.9628200531,80.1875610352,46786,46796,10
12.9635801315,80.1877365112,46796,46806,10
12.96434021,80.1879730225,46806,46816,10
12.9655199051,80.1884002686,46816,46837,21
12.9655199051,80.1884002686,46837,46847,10
12.9658298492,80.1885375977,46847,46857,10
12.9663801193,80.1887664795,46857,46867,10
12.967040062,80.1890411377,46867,46877,10
12.9676799774,80.1893081665,46877,46887,10
12.9682397842,80.1895370483,46887,46897,10
12.9682998657,80.1895828247,46897,46913,16
12.9685096741,80.1897201538,46913,46926,13
12.96916008,80.1900024414,46926,46934,8
12.9695901871,80.1902236938,46934,46946,12
12.9702796936,80.190536499,46946,46956,10
12.9708499908,80.1907501221,46956,46966,10
12.971280098,80.1909332275,46966,46975,9
12.9719200134,80.1912078857,46975,46986,11
12.9722795486,80.1913833618,46986,46996,10
12.9725503922,80.1914825439,46996,47006,10
12.9727201462,80.1915435791,47006,47016,10
12.9728002548,80.1915588379,47016,47027,11
12.9732198715,80.1917266846,47027,47037,10
12.9738702774,80.1919708252,47037,47047,10
12.9743404388,80.1921234131,47047,47056,9
12.9747896194,80.1922912598,47056,47067,11
12.9755897522,80.1926422119,47067,47087,20
12.9755897522,80.1926422119,47087,47097,10
12.9758396149,80.1928024292,47097,47107,10
12.9760904312,80.1930084229,47107,47118,11
12.9765796661,80.1933670044,47118,47128,10
12.9771995544,80.1936798096,47128,47138,10
12.9777202606,80.1937789917,47138,47148,10
12.9781703949,80.193862915,47148,47168,20
12.9781703949,80.193862915,47168,47178,10
12.97838974,80.193939209,47178,47188,10
12.9788198471,80.1941070557,47188,47198,10
12.9793300629,80.1943893433,47198,47208,10
12.9796895981,80.1946563721,47208,47219,11
12.9799900055,80.1948623657,47219,47229,10
12.980509758,80.1951828003,47229,47239,10
12.9810600281,80.1954193115,47239,47269,30
12.9810600281,80.1954193115,47269,47279,10
12.9812898636,80.1955490112,47279,47289,10
12.9815196991,80.1956710815,47289,47299,10
12.9818897247,80.1958694458,47299,47309,10
12.9823999405,80.1961135864,47309,47320,11
12.9828195572,80.1963424683,47320,47330,10
12.9830598831,80.1963119507,47330,47340,10
12.9833803177,80.1961364746,47340,47350,10
12.983420372,80.1963577271,47350,47360,10
12.9832000732,80.1964569092,47360,47370,10
12.983300209,80.1966323853,47370,47380,10
12.9835796356,80.1967926025,47380,47390,10
12.9840602875,80.1970825195,47390,47400,10
12.9846897125,80.1973495483,47400,47411,11
12.9854402542,80.1971893311,47411,47421,10
12.9862203598,80.1972427368,47421,47431,10
12.9870004654,80.1974029541,47431,47441,10
12.9877796173,80.1976013184,47441,47451,10
12.9884996414,80.1977767944,47451,47461,10
12.9886798859,80.1978225708,47461,47471,10
12.9887199402,80.1978378296,47471,47481,10
12.9891004562,80.1979598999,47481,47491,10
12.9897603989,80.1981430054,47491,47501,10
12.9905900955,80.198348999,47501,47512,11
12.9915304184,80.1985626221,47512,47522,10
12.9917402267,80.198638916,47522,47532,10
12.9919300079,80.1987380981,47532,47542,10
12.9923000336,80.198928833,47542,47552,10
12.9923200607,80.1989593506,47552,47562,10
12.9926099777,80.1991500854,47562,47572,10
12.9929704666,80.199432373,47572,47588,16
12.9934597015,80.1998825073,47588,47600,12
12.9939002991,80.2000808716,47600,47611,11
12.9945697784,80.2002410889,47611,47661,50
12.9945697784,80.2002410889,47661,47671,10
12.99477005,80.2002487183,47671,47681,10
12.9949102402,80.2004165649,47681,47691,10
12.9949998856,80.2006607056,47691,47701,10
12.9949903488,80.2007980347,47701,47712,11
12.9949798584,80.2010879517,47712,47722,10
12.9949703217,80.2012329102,47722,47732,10
12.9949903488,80.2014389038,47732,47742,10
12.9950199127,80.2018814087,47742,47752,10
12.9950304031,80.2022171021,47752,47762,10
12.9949798584,80.2026062012,47762,47772,10
12.9949903488,80.2029266357,47772,47782,10
12.9950199127,80.2029571533,47782,47792,10
12.9950399399,80.2032012939,47792,47803,11
12.9949197769,80.2037124634,47803,47813,10
12.9948101044,80.2041397095,47813,47823,10
12.9947595596,80.2043380737,47823,47843,20
12.9947595596,80.2043380737,47843,47853,10
12.9946699142,80.204826355,47853,47863,10
12.9947004318,80.2052001953,47863,47873,10
12.9946699142,80.2058029175,47873,47883,10
12.994600296,80.2064437866,47883,47893,10
12.9947795868,80.2065582275,47893,47914,21
12.9947795868,80.2065582275,47914,47924,10
12.9949197769,80.2066116333,47924,47934,10
12.9952602386,80.2066802979,47934,47944,10
12.9954996109,80.206741333,47944,47954,10
12.9959201813,80.2068405151,47954,47964,10
12.9963302612,80.2069168091,47964,47974,10
12.997010231,80.2070922852,47974,47984,10
12.9976596832,80.2072067261,47984,47994,10
12.998290062,80.207359314,47994,48005,11
12.998459816,80.2073974609,48005,48015,10
12.9985399246,80.2074432373,48015,48025,10
12.9988803864,80.2074966431,48025,48035,10
12.9992599487,80.2075500488,48035,48045,10
12.9997196198,80.2076568604,48045,48055,10
13.0001096725,80.2077178955,48055,48065,10
13.0007095337,80.2078781128,48065,48075,10
13.0014896393,80.2082672119,48075,48085,10
13.0023899078,80.2087402344,48085,48095,10
13.0032596588,80.2091827393,48095,48106,11
13.0034599304,80.2094192505,48106,48116,10
13.0035400391,80.2097473145,48116,48126,10
13.0035896301,80.2101593018,48126,48136,10
13.0036802292,80.2107772827,48136,48146,10
13.0037202835,80.2113494873,48146,48156,10
13.0037899017,80.2118301392,48156,48166,10
13.0043897629,80.2121200562,48166,48176,10
13.0049495697,80.2124633789,48176,48186,10
13.0055999756,80.2128295898,48186,48197,11
13.0062198639,80.2127532959,48197,48207,10
13.0066604614,80.2127227783,48207,48217,10
13.0075798035,80.2128601074,48217,48247,30
13.0075798035,80.2128601074,48247,48257,10
13.0078201294,80.2130279541,48257,48267,10
13.0078601837,80.2130737305,48267,48277,10
13.008020401,80.2131881714,48277,48287,10
13.0085296631,80.2134017944,48287,48298,11
13.0090503693,80.2141036987,48298,48308,10
13.0095796585,80.2148666382,48308,48318,10
13.0100097656,80.215423584,48318,48328,10
13.0105495453,80.2160720825,48328,48338,10
13.0108098984,80.2168121338,48338,48348,10
13.0111103058,80.2175369263,48348,48358,10
13.0114202499,80.2183227539,48358,48368,10
13.0117502213,80.2191467285,48368,48378,10
13.0122203827,80.2205810547,48378,48399,21
13.0122203827,80.2205810547,48399,48409,10
13.0123195648,80.2207794189,48409,48419,10
13.0124797821,80.2212600708,48419,48429,10
13.0126495361,80.2216491699,48429,48439,10
13.0129804611,80.2220611572,48439,48449,10
13.0131797791,80.2222824097,48449,48459,10
13.0135297775,80.2227325439,48459,48469,10
13.0139398575,80.2232437134,48469,48479,10
13.0141296387,80.2234802246,48479,48490,11
13.0142498016,80.2236404419,48490,48500,10
13.0144395828,80.2238388062,48500,48510,10
13.0148601532,80.2243881226,48510,48520,10
13.0153102875,80.2248535156,48520,48529,9
13.0153398514,80.2248764038,48529,48539,10
13.0153999329,80.224937439,48539,48549,10
13.0157003403,80.2251586914,48549,48560,11
13.0163898468,80.2252883911,48560,48569,9
13.0170001984,80.2250900269,48569,48581,12
13.0179195404,80.2247161865,48581,48591,10
13.0187797546,80.2243804932,48591,48601,10
13.0195999146,80.2244262695,48601,48631,30
13.0195999146,80.2244262695,48631,48641,10
13.0197896957,80.2245864868,48641,48661,20
13.0197896957,80.2245864868,48661,48671,10
13.0200300217,80.2247619629,48671,48681,10
13.0205898285,80.225151062,48681,48692,11
13.0211000443,80.2255172729,48692,48708,16
13.0220403671,80.2262191772,48708,48720,12
13.0227804184,80.2268600464,48720,48730,10
13.0232801437,80.2273635864,48730,48740,10
13.0239896774,80.2280578613,48740,48749,9
13.0243797302,80.2284011841,48749,48810,61
13.0243797302,80.2284011841,48810,48821,11
13.0243701935,80.228553772,48821,48831,10
13.0241804123,80.2285308838,48831,48841,10
13.0239295959,80.2281265259,48841,48851,10
13.0233802795,80.2275619507,48851,48861,10
13.0226898193,80.2269287109,48861,48871,10
13.0221004486,80.2264328003,48871,48882,11
13.021490097,80.2259292603,48882,48892,10
13.0209102631,80.2254562378,48892,48902,10
13.0202999115,80.2250595093,48902,48912,10
13.0196800232,80.224647522,48912,48921,9
13.0190000534,80.2244796753,48921,48932,11
13.0181598663,80.2247467041,48932,48942,10
13.0174703598,80.2250366211,48942,48952,10
13.0168399811,80.2253189087,48952,48962,10
13.0164699554,80.2254714966,48962,48973,11
13.0161399841,80.2256011963,48973,48983,10
13.0157003403,80.2257385254,48983,48993,10
13.0152597427,80.2258987427,48993,49003,10
13.0149898529,80.2259674072,49003,49013,10
13.0148000717,80.226020813,49013,49023,10
13.0147895813,80.226020813,49023,49033,10
13.0146903992,80.2260513306,49033,49043,10
13.014289856,80.2261962891,49043,49053,10
13.014169693,80.2259597778,49053,49063,10
13.0141000748,80.2255020142,49063,49104,41
13.0141000748,80.2255020142,49104,49114,10
13.0140600204,80.2252883911,49114,49215,101
13.0140600204,80.2252883911,49215,49225,10
13.0141296387,80.2252197266,49225,49235,10
13.0143404007,80.2252807617,49235,49245,10
13.0144195557,80.2255401611,49245,50842,1597
13.0144195557,80.2255401611,50842,50852,10
13.0143995285,80.2256774902,50852,50862,10
13.0145702362,80.2257766724,50862,50882,20
13.0147199631,80.2257385254,50882,51448,566
13.0147199631,80.2257385254,51448,51458,10
13.0147304535,80.225479126,51458,51468,10
13.0145998001,80.2253875732,51468,51478,10
13.014550209,80.2253570557,51478,51488,10
13.0143899918,80.225227356,51488,51498,10
13.014289856,80.225402832,51498,52722,1224
13.014289856,80.225402832,52722,52732,10
13.0142202377,80.2256393433,52732,52742,10
13.0142097473,80.2256698608,52742,52752,10
13.0142097473,80.2258605957,52752,52762,10
13.0142002106,80.2260437012,52762,52772,10
13.0142002106,80.2260513306,52772,52783,11
13.0140895844,80.226272583,52783,52793,10
13.0137796402,80.2264022827,52793,52803,10
13.0133600235,80.226600647,52803,52813,10
13.012960434,80.2267379761,52813,52823,10
13.0125799179,80.2269287109,52823,52833,10
13.0120801926,80.2271118164,52833,52843,10
13.0115203857,80.2273178101,52843,52853,10
13.010890007,80.2275772095,52853,52863,10
13.0102300644,80.2278366089,52863,52873,10
13.0096197128,80.2278594971,52873,52884,11
13.0096797943,80.2272186279,52884,52894,10
13.0099802017,80.2265396118,52894,52904,10
13.0102996826,80.2258224487,52904,52914,10
13.0105895996,80.2251586914,52914,52924,10
13.0108804703,80.2245025635,52924,52934,10
13.0112304688,80.2237319946,52934,52944,10
13.0115203857,80.2228622437,52944,52954,10
13.0118303299,80.2221298218,52954,52964,10
13.0121202469,80.2214279175,52964,52975,11
13.0121202469,80.2208023071,52975,52985,10
13.0119400024,80.2200698853,52985,52995,10
13.0116500854,80.2193222046,52995,53005,10
13.0114002228,80.2185974121,53005,53015,10
13.0111398697,80.2178878784,53015,53025,10
13.0109300613,80.217376709,53025,53035,10
13.0108203888,80.2171325684,53035,53051,16
13.0104503632,80.2163391113,53051,53063,12
13.0100498199,80.2156219482,53063,53074,11
13.0097198486,80.2150192261,53074,53084,10
13.0093202591,80.2144775391,53084,53094,10
13.0087003708,80.2136917114,53094,53114,20
13.0087003708,80.2136917114,53114,53122,8
13.0086402893,80.2136383057,53122,53133,11
13.0083999634,80.2134094238,53133,53166,33
13.0082397461,80.2133331299,53166,53186,20
13.0082397461,80.2133331299,53186,53196,10
13.0080299377,80.2132492065,53196,53206,10
13.0080099106,80.2132415771,53206,53216,10
13.0078897476,80.2131500244,53216,53226,10
13.0078697205,80.2131271362,53226,53236,10
13.0077495575,80.2129898071,53236,53246,10
13.0076503754,80.2129135132,53246,53256,10
13.007519722,80.2128372192,53256,53267,11
13.0071001053,80.2127532959,53267,53277,10
13.0063896179,80.2127609253,53277,53287,10
13.0056800842,80.2129135132,53287,53297,10
13.0049600601,80.2124633789,53297,53307,10
13.0041399002,80.2121200562,53307,53317,10
13.0037002563,80.2117919922,53317,53327,10
13.003660202,80.2112503052,53327,53337,10
13.0035800934,80.2105331421,53337,53347,10
13.0034999847,80.2098007202,53347,53357,10
13.0034599304,80.2093276978,53357,53368,11
13.0029001236,80.2090301514,53368,53378,10
13.0021600723,80.2086410522,53378,53388,10
13.0013504028,80.208190918,53388,53398,10
13.000579834,80.2078094482,53398,53408,10
12.9999399185,80.2077026367,53408,53418,10
12.9994497299,80.2075881958,53418,53428,10
12.999420166,80.2075881958,53428,53438,10
12.9991998672,80.2075424194,53438,53448,10
12.9989995956,80.2074966431,53448,53458,10
12.9985198975,80.207359314,53458,53469,11
12.9978399277,80.2072219849,53469,53479,10
12.9977197647,80.2071990967,53479,53489,10
12.9975700378,80.2071685791,53489,53499,10
12.9972295761,80.2071228027,53499,53509,10
12.9966602325,80.20703125,53509,53519,10
12.9960203171,80.2068786621,53519,53529,10
12.9956502914,80.2067871094,53529,53539,10
12.9950504303,80.2066421509,53539,53549,10
12.9946804047,80.2065734863,53549,53560,11
12.9946603775,80.2065582275,53560,53570,10
12.9945697784,80.2063674927,53570,53580,10
12.9946403503,80.2058563232,53580,53590,10
12.9946899414,80.2051696777,53590,53600,10
12.9947004318,80.2047576904,53600,53620,20
12.9947004318,80.2047576904,53620,53630,10
12.99477005,80.2045288086,53630,53640,10
12.9948797226,80.2040863037,53640,53650,10
12.9950199127,80.2034225464,53650,53661,11
12.995059967,80.2030487061,53661,53671,10
12.9949998856,80.2029418945,53671,53681,10
12.995059967,80.202583313,53681,53691,10
12.9950895309,80.2022094727,53691,53700,9
12.9950704575,80.2018203735,53700,53710,10
12.9950199127,80.2013168335,53710,53721,11
12.9950304031,80.2011184692,53721,53731,10
12.9950304031,80.2010803223,53731,53741,10
12.9950304031,80.2007675171,53741,53752,11
12.99477005,80.2003479004,53752,53762,10
12.9943599701,80.2002868652,53762,54034,272
12.9941501617,80.2000427246,54034,54216,182
12.9941501617,80.2000427246,54216,54226,10
12.9938297272,80.2000427246,54226,54236,10
12.9934902191,80.1998519897,54236,54247,11
12.9931297302,80.1995391846,54247,54257,10
12.9928703308,80.1993103027,54257,54267,10
12.9925603867,80.1991119385,54267,54277,10
12.9919500351,80.1987762451,54277,54287,10
12.9908399582,80.1984710693,54287,54307,20
12.9908399582,80.1984710693,54307,54317,10
12.9904603958,80.1983566284,54317,54327,10
12.9898700714,80.1981964111,54327,54337,10
12.9890604019,80.1979827881,54337,54348,11
12.9883003235,80.1977386475,54348,54358,10
12.9877004623,80.1976013184,54358,54368,10
12.9865598679,80.1973571777,54368,54428,60
12.9865598679,80.1973571777,54428,54439,11
12.9863100052,80.1972808838,54439,54449,10
12.9857702255,80.1971893311,54449,54459,10
12.9850502014,80.1972808838,54459,54469,10
12.9842996597,80.1971969604,54469,54479,10
12.9836797714,80.1968383789,54479,54489,10
12.9830999374,80.1964874268,54489,54499,10
12.9828195572,80.1965408325,54499,54509,10
12.9824304581,80.1968994141,54509,54519,10
12.9821195602,80.1970062256,54519,54529,10
12.9823198318,80.1967926025,54529,54540,11
12.9827299118,80.1964569092,54540,54550,10
12.9826402664,80.1962432861,54550,54560,10
12.9821901321,80.1959991455,54560,54570,10
12.9816598892,80.1957321167,54570,54580,10
12.9816198349,80.1957015991,54580,54590,10
12.9815597534,80.195640564,54590,54600,10
12.9812202454,80.1954727173,54600,54610,10
12.9808397293,80.1952590942,54610,54620,10
12.9802398682,80.1949768066,54620,54630,10
12.9796600342,80.1946105957,54630,54641,11
12.9790401459,80.1941986084,54641,54651,10
12.9783601761,80.1939315796,54651,54661,10
12.977689743,80.1938095093,54661,54671,10
12.9776000977,80.1937866211,54671,54681,10
12.977519989,80.1937637329,54681,54691,10
12.9772796631,80.1937026978,54691,54701,10
12.9768199921,80.1935195923,54701,54711,10
12.9763698578,80.1932067871,54711,54721,10
12.9760303497,80.1929397583,54721,54738,17
12.9750204086,80.1923904419,54738,54750,12
12.9743995667,80.1921615601,54750,54760,10
12.973950386,80.1919937134,54760,54770,10
12.9732103348,80.1917190552,54770,54780,10
12.9727201462,80.1915206909,54780,54790,10
12.9721403122,80.1912994385,54790,54810,20
12.9721403122,80.1912994385,54810,54820,10
12.9718799591,80.1911773682,54820,54831,11
12.9713096619,80.1909103394,54831,54841,10
12.9706802368,80.1906433105,54841,54851,10
12.9700098038,80.1903610229,54851,54861,10
12.9696798325,80.1902008057,54861,54871,10
12.9692201614,80.1899871826,54871,54881,10
12.9686803818,80.1896972656,54881,54891,10
12.9680099487,80.1894073486,54891,54911,20
12.9680099487,80.1894073486,54911,54921,10
12.9678897858,80.1893920898,54921,54932,11
12.9675102234,80.1892318726,54932,54942,10
12.9668798447,80.1889801025,54942,54952,10
12.9662504196,80.1887283325,54952,54962,10
12.965760231,80.1885223389,54962,54972,10
12.9652099609,80.1882781982,54972,54982,10
12.9648103714,80.1881332397,54982,54992,10
12.964799881,80.1881332397,54992,55002,10
12.9646396637,80.1880874634,55002,55012,10
12.9641599655,80.1879196167,55012,55022,10
12.9635000229,80.1877212524,55022,55033,11
12.9626998901,80.187538147,55033,55043,10
12.9619598389,80.1873779297,55043,55053,10
12.9607200623,80.1872024536,55053,55083,30
12.9607200623,80.1872024536,55083,55093,10
12.9605503082,80.1871795654,55093,55103,10
12.9602203369,80.1871337891,55103,55113,10
12.9597101212,80.1870803833,55113,55124,11
12.9588804245,80.1870269775,55124,55134,10
12.9581804276,80.1870269775,55134,55144,10
12.9574699402,80.1870117188,55144,55154,10
12.9567203522,80.186958313,55154,55164,10
12.9557800293,80.1868972778,55164,55184,20
12.9557800293,80.1868972778,55184,55194,10
12.9556598663,80.1868591309,55194,55204,10
12.9554796219,80.1868209839,55204,55220,16
12.9547996521,80.1867218018,55220,55233,13
12.953789711,80.1865768433,55233,55243,10
12.9527797699,80.1864395142,55243,55253,10
12.95195961,80.1862335205,55253,55263,10
12.9507799149,80.1858596802,55263,55273,10
12.9498500824,80.185546875,55273,55283,10
12.9493198395,80.1854019165,55283,55334,51
12.9493198395,80.1854019165,55334,55344,10
12.9490604401,80.1852874756,55344,55354,10
12.9486398697,80.1851425171,55354,55364,10
12.9480104446,80.184928894,55364,55374,10
12.9473400116,80.1845016479,55374,55384,10
12.94672966,80.1840591431,55384,55394,10
12.9466600418,80.1839981079,55394,55404,10
12.9465103149,80.1838607788,55404,55415,11
12.9460000992,80.1834411621,55415,55425,10
12.9453401566,80.1830596924,55425,55435,10
12.9446496964,80.183052063,55435,55455,20
12.9446496964,80.183052063,55455,55465,10
12.9442501068,80.1830062866,55465,55475,10
12.9435997009,80.1829681396,55475,55485,10
12.9428195953,80.1829376221,55485,55495,10
12.9419603348,80.1828536987,55495,55505,10
12.9409704208,80.1827468872,55505,55516,11
12.9400596619,80.1827011108,55516,55526,10
12.9394702911,80.1825790405,55526,55556,30
12.9394702911,80.1825790405,55556,55566,10
12.9392995834,80.182510376,55566,55576,10
12.9389200211,80.1824188232,55576,55586,10
12.9385004044,80.1823196411,55586,55596,10
12.9378404617,80.1822433472,55596,55606,10
12.9371595383,80.1822433472,55606,55617,11
12.9362602234,80.1822891235,55617,55656,39
12.9348697662,80.1823501587,55656,55668,12
12.9341096878,80.1821670532,55668,55678,10
12.9332895279,80.1819610596,55678,55688,10
12.9324798584,80.1817932129,55688,55698,10
12.9318399429,80.181678772,55698,55709,11
12.9310598373,80.181602478,55709,55719,10
12.9309301376,80.1815795898,55719,55729,10
12.9307498932,80.1815567017,55729,55739,10
12.9301900864,80.1816329956,55739,55749,10
12.9294300079,80.1818237305,55749,55759,10
12.9286899567,80.1819992065,55759,55769,10
12.9279203415,80.1821899414,55769,55779,10
12.9270496368,80.1823806763,55779,55789,10
12.9261798859,80.1825637817,55789,55799,10
12.925359726,80.1827011108,55799,55810,11
12.924539566,80.1828308105,55810,55820,10
12.9238100052,80.1829681396,55820,55830,10
12.9231700897,80.1830825806,55830,55840,10
12.922659874,80.1831893921,55840,55850,10
12.9224596024,80.1832427979,55850,55860,10
12.9219903946,80.1834335327,55860,55870,10
12.921330452,80.1836929321,55870,55880,10
12.9203796387,80.1840362549,55880,55900,20
12.9203796387,80.1840362549,55900,55911,11
12.9201202393,80.1837387085,55911,55921,10
12.9200000763,80.18309021,55921,55931,10
12.9199104309,80.1826705933,55931,55941,10
12.9198503494,80.182472229,55941,55971,30
12.9198503494,80.182472229,55971,55981,10
12.9195804596,80.1824188232,55981,55991,10
12.9194498062,80.1822280884,55991,57345,1354
12.9194498062,80.1822280884,57345,57355,10
12.9194602966,80.1821289063,57355,57365,10
12.9195995331,80.1820068359,57365,57386,21
12.9195995331,80.1820068359,57386,57396,10
12.9198198318,80.1819992065,57396,57406,10
12.919960022,80.1822433472,57406,57416,10
12.9200601578,80.1828079224,57416,57426,10
12.9202604294,80.1834793091,57426,57497,71
12.9202604294,80.1834793091,57497,57507,10
12.9203100204,80.1837310791,57507,57517,10
12.9204101563,80.1839675903,57517,57527,10
12.9206600189,80.1839370728,57527,57537,10
12.9210395813,80.1837921143,57537,57547,10
12.9215402603,80.1835784912,57547,57557,10
12.9221496582,80.18334198,57557,57568,11
12.9228897095,80.1831130981,57568,57578,10
12.9236001968,80.1829986572,57578,57588,10
12.9243602753,80.1828384399,57588,57598,10
12.9246501923,80.1827774048,57598,57608,10
12.9248104095,80.1827468872,57608,57618,10
12.9251499176,80.1827011108,57618,57628,10
12.9256601334,80.1826095581,57628,57638,10
12.9262199402,80.1825180054,57638,57648,10
12.9267997742,80.1824035645,57648,57658,10
12.927479744,80.182258606,57658,57675,17
12.9287099838,80.181968689,57675,57687,12
12.9296398163,80.1817398071,57687,57697,10
12.9303798676,80.1815414429,57697,57707,10
12.9314002991,80.1815338135,57707,57727,20
12.9314002991,80.1815338135,57727,57737,10
12.931520462,80.1815719604,57737,57747,10
12.9319601059,80.181640625,57747,57757,10
12.9326601028,80.1817703247,57757,57769,12
12.9335603714,80.1819763184,57769,57779,10
12.9343004227,80.1821594238,57779,57789,10
12.934969902,80.1823272705,57789,57799,10
12.9350996017,80.1823272705,57799,57809,10
12.9354200363,80.1824035645,57809,57819,10
12.9360198975,80.1823425293,57819,57829,10
12.9367599487,80.182258606,57829,57839,10
12.9375600815,80.1822433472,57839,57849,10
12.9383802414,80.1822891235,57849,57859,10
12.9389200211,80.1823806763,57859,57880,21
12.9389200211,80.1823806763,57880,57890,10
12.9391002655,80.1824417114,57890,57900,10
12.9393396378,80.1825332642,57900,57910,10
12.9396495819,80.1826095581,57910,57920,10
12.9401702881,80.1827087402,57920,57930,10
12.940779686,80.1827392578,57930,57940,10
12.9414196014,80.1827697754,57940,57950,10
12.9421796799,80.1828689575,57950,57961,11
12.9431400299,80.1829376221,57961,57971,10
12.9440498352,80.1829833984,57971,57981,10
12.9446897507,80.1830062866,57981,57991,10
12.9447898865,80.1830215454,57991,58001,10
12.9451999664,80.1830215454,58001,58011,10
12.9458303452,80.1832504272,58011,58021,10
12.946439743,80.1837387085,58021,58031,10
12.9468297958,80.1840286255,58031,58041,10
12.9469604492,80.1841506958,58041,58051,10
12.9473199844,80.1844406128,58051,58062,11
12.947930336,80.1848602295,58062,58072,10
12.948849678,80.1851730347,58072,58132,60
12.948849678,80.1851730347,58132,58142,10
12.9489498138,80.1851577759,58142,58152,10
12.9493503571,80.1853179932,58152,58163,11
12.9499502182,80.185546875,58163,58173,10
12.950340271,80.1856765747,58173,58183,10
12.9507598877,80.1858215332,58183,58193,10
12.9513597488,80.1860275269,58193,58203,10
12.9520397186,80.1862411499,58203,58213,10
12.9527997971,80.1864471436,58213,58223,10
12.9535598755,80.1865615845,58223,58233,10
12.9542798996,80.186668396,58233,58243,10
12.9549999237,80.1867828369,58243,58252,9
12.9560098648,80.186920166,58252,58274,22
12.9560098648,80.186920166,58274,58284,10
12.9560804367,80.186920166,58284,58294,10
12.9564399719,80.1869735718,58294,58304,10
12.9569997787,80.1870193481,58304,58314,10
12.9575300217,80.1870422363,58314,58324,10
12.9581899643,80.1870422363,58324,58334,10
12.9587802887,80.1870422363,58334,58344,10
12.9593296051,80.1870803833,58344,58355,11
12.9598903656,80.1871337891,58355,58365,10
12.9603004456,80.1871337891,58365,58375,10
12.9608201981,80.18724823,58375,58385,10
12.9613304138,80.1873397827,58385,58395,10
12.9616603851,80.1873779297,58395,58405,10
12.9617595673,80.1873931885,58405,58415,10
12.9621601105,80.1874694824,58415,58425,10
12.9627103806,80.1875991821,58425,58435,10
12.9633302689,80.187713623,58435,58445,10
12.9640398026,80.1879196167,58445,58456,11
12.9647197723,80.1881332397,58456,58466,10
12.9655199051,80.1884384155,58466,58486,20
12.9655199051,80.1884384155,58486,58496,10
12.9657297134,80.1885375977,58496,58506,10
12.9661798477,80.1887207031,58506,58516,10
12.9668102264,80.1889801025,58516,58526,10
12.9674701691,80.1892471313,58526,58536,10
12.96833992,80.1896209717,58536,58557,21
12.96833992,80.1896209717,58557,58567,10
12.9683599472,80.1896286011,58567,58577,10
12.9685897827,80.189743042,58577,58587,10
12.9690103531,80.1899185181,58587,58597,10
12.9694004059,80.1901092529,58597,58607,10
12.9699001312,80.1903381348,58607,58617,10
12.9700899124,80.1904296875,58617,58627,10
12.9702596664,80.1905136108,58627,58637,10
12.9706296921,80.1906661987,58637,58648,11
12.9710998535,80.1908569336,58648,58658,10
12.971739769,80.1911392212,58658,58668,10
12.9722003937,80.1913375854,58668,58678,10
12.9727497101,80.1915817261,58678,58698,20
12.9727497101,80.1915817261,58698,58708,10
12.9730596542,80.1917114258,58708,58718,10
12.9735298157,80.1918792725,58718,58728,10
12.97397995,80.1920394897,58728,58738,10
12.974439621,80.1922073364,58738,58749,11
12.9749202728,80.1923904419,58749,58759,10
12.9754896164,80.1926193237,58759,58775,16
12.9761600494,80.1930999756,58775,58788,13
12.976770401,80.1935119629,58788,58798,10
12.9773902893,80.1937789917,58798,58808,10
12.9781799316,80.1939163208,58808,58828,20
12.9781799316,80.1939163208,58828,58838,10
12.9783802032,80.1939620972,58838,58849,11
12.9788303375,80.1941375732,58849,58859,10
12.9793395996,80.1944274902,58859,58869,10
12.9799098969,80.1948165894,58869,58879,10
12.9804897308,80.1951675415,58879,58890,11
12.9809398651,80.1953811646,58890,58900,10
12.9810400009,80.1954269409,58900,58910,10
12.981180191,80.1955108643,58910,58920,10
12.9814500809,80.195640564,58920,58930,10
12.9819002151,80.1958770752,58930,58940,10
12.9823503494,80.1960983276,58940,58951,11
12.9828596115,80.1963806152,58951,58961,10
12.9830503464,80.1963500977,58961,58971,10
12.9834003448,80.1961898804,58971,58981,10
12.9833402634,80.1964035034,58981,58991,10
12.98320961,80.1965484619,58991,59001,10
12.9834604263,80.1967086792,59001,59011,10
12.9837198257,80.1968612671,59011,59021,10
12.983830452,80.1969223022,59021,59031,10
12.9839000702,80.1969985962,59031,59042,11
12.9842195511,80.1971893311,59042,59052,10
12.9848098755,80.1973800659,59052,59062,10
12.985449791,80.1972427368,59062,59072,10
12.9861402512,80.1972579956,59072,59082,10
12.986700058,80.1973724365,59082,59092,10
12.9868297577,80.1974029541,59092,59102,10
12.9873600006,80.197517395,59102,59112,10
12.9880895615,80.1977081299,59112,59122,10
12.9888296127,80.1979217529,59122,59132,10
12.9896602631,80.1981582642,59132,59143,11
12.9906101227,80.1984024048,59143,59153,10
12.9914503098,80.1985778809,59153,59163,10
12.9917497635,80.198677063,59163,59173,10
12.9920501709,80.1988372803,59173,59183,10
12.992480278,80.1990737915,59183,59193,10
12.9928598404,80.1993408203,59193,59203,10
12.9929599762,80.199432373,59203,59213,10
12.9932498932,80.1996765137,59213,59221,8
12.993470192,80.1998825073,59221,59234,13
12.9940900803,80.2001800537,59234,59244,10
12.9945898056,80.200302124,59244,59278,34
12.9945898056,80.200302124,59278,59288,10
12.994720459,80.200302124,59288,59298,10
12.9948596954,80.2003936768,59298,59308,10
12.995010376,80.2006912231,59308,59318,10
12.9950399399,80.2010574341,59318,59328,10
12.9950504303,80.2013168335,59328,59338,10
12.995059967,80.2015609741,59338,59349,11
12.9951200485,80.2019805908,59349,59359,10
12.9951000214,80.2025222778,59359,59369,10
12.995059967,80.2030410767,59369,59379,10
12.9950895309,80.2033233643,59379,59389,10
12.9949502945,80.2038726807,59389,59399,10
12.99477005,80.2046279907,59399,59409,10
12.9947395325,80.2051391602,59409,59419,10
12.9947099686,80.2056121826,59419,59429,10
12.9946498871,80.206199646,59429,59440,11
12.994600296,80.20677948,59440,59460,20
12.994600296,80.20677948,59460,59470,10
12.9946298599,80.2069473267,59470,59480,10
12.994799614,80.2070083618,59480,59490,10
12.9948101044,80.206817627,59490,60005,515
12.9948101044,80.206817627,60005,60016,11
12.9945201874,80.2066802979,60016,60056,40
12.9945201874,80.2066802979,60056,60066,10
12.9945602417,80.206451416,60066,60076,10
12.9945898056,80.2062530518,60076,60086,10
12.9946298599,80.2059326172,60086,60096,10
12.9946603775,80.2055587769,60096,60106,10
12.9947004318,80.2052230835,60106,60117,11
12.9946603775,80.2048873901,60117,60127,10
12.9947395325,80.2045669556,60127,60137,10
12.994799614,80.204246521,60137,60147,10
12.9949302673,80.2038116455,60147,60157,10
12.9950399399,80.2033233643,60157,60167,10
12.9950304031,80.2030410767,60167,60177,10
12.9949903488,80.2028198242,60177,60187,10
12.9950504303,80.2024765015,60187,60197,10
12.995059967,80.2021026611,60197,60207,10
12.995059967,80.2020568848,60207,60218,11
12.995059967,80.2019195557,60218,60228,10
12.9950199127,80.2016983032,60228,60238,10
12.9949903488,80.2014007568,60238,60248,10
12.9949903488,80.2011184692,60248,60258,10
12.9949703217,80.200881958,60258,60268,10
12.9947900772,80.2003936768,60268,60309,41
12.9947900772,80.2003936768,60309,60319,10
12.9946203232,80.2002792358,60319,60329,10
12.994310379,80.2002487183,60329,60589,260
12.994310379,80.2002487183,60589,60600,11
12.9938802719,80.2000732422,60600,60610,10
12.9935398102,80.1999130249,60610,60620,10
12.9931898117,80.1996231079,60620,60630,10
12.9929895401,80.1994628906,60630,60640,10
12.9926996231,80.19921875,60640,60650,10
12.9921798706,80.1989212036,60650,60660,10
12.991519928,80.198638916,60660,60670,10
12.99077034,80.1984863281,60670,60701,31
12.99077034,80.1984863281,60701,60711,10
12.9906797409,80.1984634399,60711,60721,10
12.9903402328,80.1983795166,60721,60737,16
12.9892902374,80.1980895996,60737,60749,12
12.9882698059,80.1977996826,60749,60759,10
12.9872999191,80.1975479126,60759,60769,10
12.9865503311,80.1973876953,60769,60820,51
12.9865503311,80.1973876953,60820,60830,10
12.9863595963,80.1973266602,60830,60840,10
12.9859399796,80.1972503662,60840,60850,10
12.9853401184,80.1972198486,60850,60860,10
12.9847202301,80.1973571777,60860,60870,10
12.9841499329,80.1971511841,60870,60880,10
12.9835596085,80.1968231201,60880,60891,11
12.9830503464,80.1965026855,60891,60901,10
12.9828500748,80.1966094971,60901,60911,10
12.9824495316,80.1969833374,60911,60921,10
12.9821901321,80.1971435547,60921,60931,10
12.9822301865,80.196937561,60931,60941,10
12.9825401306,80.1966629028,60941,60951,10
12.9827899933,80.1963806152,60951,60961,10
12.9825201035,80.1961975098,60961,60971,10
12.9817495346,80.1958236694,60971,61002,31
12.9817495346,80.1958236694,61002,61012,10
12.9815998077,80.1957397461,61012,61022,10
12.9813404083,80.1955871582,61022,61032,10
12.9811000824,80.1954574585,61032,61042,10
12.9809999466,80.1954116821,61042,61052,10
12.9806900024,80.1952667236,61052,61062,10
12.9801998138,80.1950073242,61062,61072,10
12.9796199799,80.1946411133,61072,61083,11
12.9793996811,80.1944580078,61083,61093,10
12.9790201187,80.1942214966,61093,61103,10
12.9783697128,80.1939620972,61103,61113,10
12.9775800705,80.1938018799,61113,61143,30
12.9775800705,80.1938018799,61143,61153,10
12.9774999619,80.1938018799,61153,61163,10
12.9772195816,80.1937179565,61163,61173,10
12.9768695831,80.193572998,61173,61184,11
12.9764404297,80.1932830811,61184,61194,10
12.9763097763,80.1931686401,61194,61204,10
12.9762201309,80.1930999756,61204,61214,10
12.9759397507,80.1928710938,61214,61224,10
12.9754896164,80.1925888062,61224,61234,10
12.9749202728,80.1923599243,61234,61244,10
12.9744195938,80.1921615601,61244,61254,10
12.9738502502,80.1919631958,61254,61264,10
12.9733295441,80.1917572021,61264,61274,10
12.972820282,80.1915817261,61274,61285,11
12.9724302292,80.1914215088,61285,61295,10
12.9722204208,80.1913299561,61295,61305,10
12.9722003937,80.1913223267,61305,61315,10
12.9719600677,80.1912231445,61315,61325,10
12.971540451,80.1910324097,61325,61335,10
12.9710903168,80.190826416,61335,61345,10
12.9705200195,80.1905899048,61345,61355,10
12.9699697495,80.1903533936,61355,61365,10
12.9695100784,80.1901397705,61365,61376,11
12.9689798355,80.1898880005,61376,61386,10
12.9684400558,80.1896514893,61386,61396,10
12.9680204391,80.1894683838,61396,61406,10
12.9680099487,80.1894607544,61406,61416,10
12.9678897858,80.1894073486,61416,61426,10
12.9675397873,80.1892623901,61426,61436,10
12.9669599533,80.1890106201,61436,61446,10
12.9664001465,80.1887664795,61446,61456,10
12.965959549,80.1885910034,61456,61466,10
12.9653596878,80.1883468628,61466,61477,11
12.9649295807,80.1881713867,61477,61487,10
12.9648799896,80.1881637573,61487,61497,10
12.964799881,80.1881637573,61497,61507,10
12.9645204544,80.1880493164,61507,61517,10
12.9640398026,80.1878967285,61517,61527,10
12.963470459,80.1877365112,61527,61537,10
12.9629602432,80.1876068115,61537,61547,10
12.9624204636,80.1875,61547,61557,10
12.9617795944,80.1873779297,61557,61568,11
12.9611301422,80.1872634888,61568,61578,10
12.9606895447,80.1872024536,61578,61588,10
12.9606800079,80.187210083,61588,61598,10
12.9605302811,80.1872024536,61598,61608,10
12.9602603912,80.1871414185,61608,61618,10
12.9598798752,80.1871032715,61618,61628,10
12.9593296051,80.1870574951,61628,61638,10
12.9586896896,80.1870269775,61638,61648,10
12.958029747,80.1870422363,61648,61658,10
12.9577302933,80.1870498657,61658,61669,11
12.9573802948,80.1870498657,61669,61679,10
12.9567804337,80.1870117188,61679,61689,10
12.9557800293,80.186958313,61689,61729,40
12.9557800293,80.186958313,61729,61739,10
12.9556999207,80.1869506836,61739,61749,10
12.9554796219,80.1868896484,61749,61759,10
12.9550800323,80.1868209839,61759,61770,11
12.9543504715,80.1866989136,61770,61780,10
12.9536104202,80.1865921021,61780,61790,10
12.9527902603,80.1864624023,61790,61800,10
12.9518995285,80.1862182617,61800,61810,10
12.9510402679,80.1859436035,61810,61820,10
12.9502801895,80.1856918335,61820,61830,10
12.9493999481,80.1854095459,61830,61860,30
12.9493999481,80.1854095459,61860,61871,11
12.9493198395,80.1853637695,61871,61881,10
12.9490003586,80.1852493286,61881,61891,10
12.9486198425,80.1851119995,61891,61901,10
12.9481496811,80.1849594116,61901,61911,10
12.9475803375,80.1846466064,61911,61921,10
12.9469995499,80.1842193604,61921,61931,10
12.9466600418,80.1839599609,61931,61941,10
12.9466495514,80.1839599609,61941,61951,10
12.9464302063,80.1838226318,61951,61962,11
12.9459400177,80.1834335327,61962,61972,10
12.9453496933,80.1830825806,61972,61982,10
12.9446296692,80.1830596924,61982,61992,10
12.9444904327,80.1830673218,61992,62002,10
12.944439888,80.1830978394,62002,62012,10
12.9440698624,80.1830673218,62012,62022,10
12.9435100555,80.1830291748,62022,62032,10
12.9428501129,80.1830215454,62032,62042,10
12.9420795441,80.1829223633,62042,62052,10
12.9412002563,80.1828079224,62052,62063,11
12.9403896332,80.182800293,62063,62073,10
12.9395599365,80.1826324463,62073,62113,40
12.9395599365,80.1826324463,62113,62123,10
12.9392995834,80.182510376,62123,62133,10
12.9389200211,80.1824188232,62133,62143,10
12.9384698868,80.1823196411,62143,62153,10
12.9377403259,80.182258606,62153,62164,11
12.9367599487,80.1822662354,62164,62174,10
12.9358100891,80.1823806763,62174,62184,10
12.9352397919,80.1824417114,62184,62194,10
12.9352197647,80.1824417114,62194,62204,10
12.9349403381,80.1824035645,62204,62214,10
12.9343595505,80.1822509766,62214,62224,10
12.9335803986,80.1820373535,62224,62234,10
12.9326496124,80.1818008423,62234,62244,10
12.93171978,80.1816482544,62244,62255,11
12.9309501648,80.1815719604,62255,62275,20
12.9309501648,80.1815719604,62275,62285,10
12.9307899475,80.1815719604,62285,62295,10
12.9302902222,80.181640625,62295,62305,10
12.9295902252,80.1817932129,62305,62315,10
12.9287595749,80.1819915771,62315,62325,10
12.9280500412,80.182182312,62325,62335,10
12.9271202087,80.1823883057,62335,62345,10
12.9260101318,80.1826095581,62345,62356,11
12.9248199463,80.1828079224,62356,62366,10
12.9243497849,80.1828918457,62366,62376,10
12.9243402481,80.1828994751,62376,62386,10
12.9239702225,80.1829605103,62386,62396,10
12.9233102798,80.1830825806,62396,62406,10
12.9225196838,80.1832427979,62406,62416,10
12.9217700958,80.1835174561,62416,62426,10
12.9212303162,80.1837387085,62426,62436,10
12.9208097458,80.183921814,62436,62517,81
12.9208097458,80.183921814,62517,62527,10
12.9206495285,80.1840209961,62527,62538,11
12.9202003479,80.1839675903,62538,62548,10
12.9201097488,80.1835098267,62548,62558,10
12.9198999405,80.1826171875,62558,62578,20
12.9198999405,80.1826171875,62578,62588,10
12.9198598862,80.1824798584,62588,62598,10
12.9197502136,80.1824035645,62598,62608,10
12.9195804596,80.1824417114,62608,62618,10
12.9194402695,80.1822128296,62618,63437,819
12.9194402695,80.1822128296,63437,63447,10
12.9194602966,80.1821212769,63447,63457,10
12.9196100235,80.1820220947,63457,63467,10
12.9197702408,80.1820068359,63467,63477,10
12.9197797775,80.1820220947,63477,63487,10
12.9198999405,80.1820602417,63487,63497,10
12.9200201035,80.1825180054,63497,63507,10
12.9202899933,80.1836776733,63507,63629,122
12.9202899933,80.1836776733,63629,63639,10
12.9204502106,80.1839981079,63639,63649,10
12.9207000732,80.1838912964,63649,63659,10
12.9211397171,80.1837310791,63659,63669,10
12.9216403961,80.1835174561,63669,63679,10
12.9222402573,80.1832885742,63679,63689,10
12.9229001999,80.1830978394,63689,63699,10
12.9236698151,80.1829681396,63699,63710,11
12.924539566,80.1828079224,63710,63720,10
12.9251804352,80.1827087402,63720,63730,10
12.9258499146,80.1826095581,63730,63740,10
12.9263896942,80.1825180054,63740,63750,10
12.9270200729,80.1823883057,63750,63760,10
12.9277601242,80.1822280884,63760,63770,10
12.928609848,80.1820297241,63770,63780,10
12.929400444,80.1818389893,63780,63796,16
12.930560112,80.1815338135,63796,63808,12
12.9314603806,80.1815719604,63808,63829,21
12.9314603806,80.1815719604,63829,63839,10
12.9316396713,80.1816177368,63839,63849,10
12.932009697,80.181678772,63849,63859,10
12.9325799942,80.1817932129,63859,63869,10
12.9331502914,80.1819076538,63869,63878,9
12.9337997437,80.1820831299,63878,63889,11
12.9345397949,80.1822662354,63889,63898,9
12.9349803925,80.1823806763,63898,63910,12
12.9350004196,80.1823806763,63910,63920,10
12.9351797104,80.1824111938,63920,63930,10
12.9356403351,80.1824188232,63930,63940,10
12.9362401962,80.1823425293,63940,63950,10
12.936920166,80.1822891235,63950,63960,10
12.9376401901,80.1822814941,63960,63970,10
12.9383802414,80.1823425293,63970,63980,10
12.9388599396,80.1824188232,63980,63990,10
12.93887043,80.1824188232,63990,64001,11
12.9389801025,80.1824493408,64001,64011,10
12.9391403198,80.182510376,64011,64021,10
12.9392204285,80.1825408936,64021,64031,10
12.9393997192,80.1825790405,64031,64041,10
12.9397001266,80.1826782227,64041,64051,10
12.9401702881,80.182762146,64051,64061,10
12.9407100677,80.182800293,64061,64071,10
12.9413204193,80.1828231812,64071,64081,10
12.9419803619,80.1828918457,64081,64091,10
12.9428100586,80.1829833984,64091,64102,11
12.9437904358,80.1830062866,64102,64112,10
12.9445199966,80.1830291748,64112,64122,10
12.9446296692,80.1830368042,64122,64132,10
12.9447603226,80.1830368042,64132,64142,10
12.9451704025,80.1830673218,64142,64152,10
12.9456796646,80.1831970215,64152,64162,10
12.9461603165,80.1835784912,64162,64172,10
12.9465799332,80.183921814,64172,64182,10
12.9468297958,80.18409729,64182,64192,10
12.9468603134,80.1841201782,64192,64203,11
12.9471101761,80.1843414307,64203,64213,10
12.9474601746,80.1846008301,64213,64223,10
12.9480104446,80.184967041,64223,64233,10
12.9485797882,80.1851730347,64233,64304,71
12.9485797882,80.1851730347,64304,64314,10
12.9489402771,80.1852264404,64314,64324,10
12.9494104385,80.1854019165,64324,64333,9
12.9498796463,80.1855621338,64333,64344,11
12.9505996704,80.185798645,64344,64354,10
12.9512796402,80.1860275269,64354,64364,10
12.9519395828,80.1862564087,64364,64374,10
12.9526100159,80.1864471436,64374,64384,10
12.9533700943,80.1865692139,64384,64395,11
12.9540700912,80.1866912842,64395,64405,10
12.9546899796,80.1867828369,64405,64415,10
12.9552097321,80.1868591309,64415,64425,10
12.9554300308,80.1868896484,64425,64465,40
12.9554300308,80.1868896484,64465,64475,10
12.9560804367,80.18699646,64475,64514,39
12.9560804367,80.18699646,64514,64524,10
12.9561595917,80.1870269775,64524,64534,10
12.9563102722,80.1870498657,64534,64544,10
12.9566698074,80.1871032715,64544,64554,10
12.9571504593,80.1871185303,64554,64564,10
12.9577999115,80.1871414185,64564,64574,10
12.958439827,80.1871414185,64574,64585,11
12.95911026,80.1871414185,64585,64595,10
12.9596395493,80.187171936,64595,64605,10
12.9600200653,80.1871795654,64605,64615,10
12.9604196548,80.1872024536,64615,64625,10
12.9609203339,80.1872787476,64625,64635,10
12.9614095688,80.1873703003,64635,64645,10
12.9614496231,80.1873703003,64645,64655,10
12.9615802765,80.1873931885,64655,64665,10
12.9619503021,80.1874694824,64665,64676,11
12.9624996185,80.1875915527,64676,64686,10
12.9630804062,80.1876983643,64686,64696,10
12.9633798599,80.1877593994,64696,64706,10
12.963809967,80.1878967285,64706,64716,10
12.9642496109,80.188041687,64716,64726,10
12.9647798538,80.1882019043,64726,64736,10
12.9655399323,80.1884918213,64736,64756,20
12.9655399323,80.1884918213,64756,64766,10
12.9656295776,80.1884994507,64766,64777,11
12.9660100937,80.188659668,64777,64786,9
12.9663896561,80.1888275146,64786,64797,11
12.9670000076,80.1890792847,64797,64807,10
12.9676198959,80.1893386841,64807,64817,10
12.9683303833,80.1896514893,64817,64837,20
12.9683303833,80.1896514893,64837,64847,10
12.9684495926,80.1897125244,64847,64857,10
12.9688100815,80.1898574829,64857,64868,11
12.9692201614,80.1900634766,64868,64878,10
12.969619751,80.1902618408,64878,64888,10
12.9700803757,80.1904830933,64888,64898,10
12.970580101,80.1906967163,64898,64908,10
12.9710702896,80.19090271,64908,64918,10
12.971570015,80.1911315918,64918,64928,10
12.9719200134,80.1912918091,64928,64938,10
12.9722795486,80.1914520264,64938,64948,10
12.9727296829,80.1916122437,64948,64968,20
12.9727296829,80.1916122437,64968,64979,11
12.9729700089,80.1916885376,64979,64989,10
12.9734201431,80.1918716431,64989,64999,10
12.9739704132,80.1920776367,64999,65009,10
12.9744901657,80.1922683716,65009,65019,10
12.9749603271,80.1924362183,65019,65029,10
12.9755001068,80.1926727295,65029,65039,10
12.9760198593,80.1930084229,65039,65049,10
12.9763402939,80.1932373047,65049,65059,10
12.9766998291,80.1935119629,65059,65070,11
12.9771699905,80.1937408447,65070,65080,10
12.977519989,80.1938400269,65080,65090,10
12.9780702591,80.1939163208,65090,65120,30
12.9780702591,80.1939163208,65120,65130,10
12.9783201218,80.1939926147,65130,65140,10
12.9787197113,80.1941223145,65140,65150,10
12.9791002274,80.1943206787,65150,65160,10
12.9795398712,80.1945877075,65160,65171,11
12.979929924,80.1948623657,65171,65181,10
12.9803495407,80.1951217651,65181,65191,10
12.981089592,80.1954574585,65191,65211,20
12.981089592,80.1954574585,65211,65221,10
12.9811601639,80.1955184937,65221,65231,10
12.9813604355,80.1956176758,65231,65247,16
12.9818201065,80.1958618164,65247,65259,12
12.9820995331,80.1960220337,65259,65270,11
12.9823503494,80.1961212158,65270,65280,10
12.9827899933,80.1963577271,65280,65290,10
12.9829502106,80.1964111328,65290,65300,10
12.9831695557,80.1962966919,65300,65310,10
12.9833898544,80.196182251,65310,65319,9
12.9834699631,80.1962966919,65319,65330,11
12.9833202362,80.1964263916,65330,65340,10
12.9832296371,80.196472168,65340,65352,12
12.9832801819,80.1966629028,65352,65362,10
12.9836397171,80.1968688965,65362,65372,10
12.9842195511,80.1972198486,65372,65382,10
12.9848499298,80.1974105835,65382,65392,10
12.98554039,80.1972579956,65392,65402,10
12.9862098694,80.1973114014,65402,65412,10
12.9867601395,80.1974182129,65412,65422,10
12.9868497849,80.1974334717,65422,65432,10
12.9872503281,80.1975326538,65432,65442,10
12.9879102707,80.1977005005,65442,65453,11
12.9887104034,80.1979064941,65453,65463,10
12.9894599915,80.1981277466,65463,65473,10
12.9903097153,80.1983413696,65473,65483,10
12.9911499023,80.1985397339,65483,65493,10
12.9917001724,80.198677063,65493,65503,10
12.9917201996,80.1986923218,65503,65513,10
12.9919595718,80.1988067627,65513,65523,10
12.9922399521,80.1989517212,65523,65533,10
12.9925203323,80.1991424561,65533,65543,10
12.9927797318,80.1993179321,65543,65554,11
12.9931201935,80.1996078491,65554,65564,10
12.9934196472,80.1998825073,65564,65574,10
12.9938001633,80.2001037598,65574,65584,10
12.99421978,80.2002563477,65584,65594,10
12.9946203232,80.200340271,65594,65634,40
12.9946203232,80.200340271,65634,65645,11
12.994720459,80.2003631592,65645,65655,10
12.9948701859,80.2004394531,65655,65665,10
12.9950199127,80.2006988525,65665,65675,10
12.9950399399,80.2009735107,65675,65685,10
12.9950399399,80.2012329102,65685,65695,10
12.9950399399,80.2013473511,65695,65705,10
12.995059967,80.2016220093,65705,65715,10
12.9950799942,80.2018890381,65715,65725,10
12.9950895309,80.2022399902,65725,65735,10
12.9950704575,80.2025985718,65735,65746,11
12.9950504303,80.2027893066,65746,65766,20
12.9950504303,80.2027893066,65766,65776,10
12.9950399399,80.2030487061,65776,65786,10
12.9951000214,80.2032394409,65786,65796,10
12.9950304031,80.2035293579,65796,65806,10
12.9949197769,80.2039031982,65806,65816,10
12.9948396683,80.2042694092,65816,65826,10
12.9947299957,80.2047195435,65826,65836,10
12.9946804047,80.2050476074,65836,65847,11
12.994720459,80.2053222656,65847,65857,10
12.9946804047,80.2058410645,65857,65867,10
12.9946098328,80.206489563,65867,65877,10
12.9945201874,80.206817627,65877,65927,50
12.9945201874,80.206817627,65927,65944,17
12.9946804047,80.2070999146,65944,65956,12
12.9946804047,80.2068634033,65956,66895,939
12.9946804047,80.2068634033,66895,66906,11
12.9945297241,80.206703186,66906,66916,10
12.9945402145,80.2066192627,66916,66926,10
12.9945602417,80.2064437866,66926,66936,10
12.9945802689,80.2062225342,66936,66946,10
12.9946203232,80.2059402466,66946,66956,10
12.9946403503,80.205581665,66956,66966,10
12.9946699142,80.2052688599,66966,66976,10
12.9946298599,80.2050170898,66976,66986,10
12.9946899414,80.204750061,66986,66997,11
12.9947595596,80.204460144,66997,67007,10
12.994799614,80.2042770386,67007,67017,10
12.9948701859,80.2040023804,67017,67027,10
12.9949598312,80.2036972046,67027,67037,10
12.9950399399,80.20337677,67037,67047,10
12.995059967,80.2031097412,67047,67057,10
12.9949903488,80.2029571533,67057,67067,10
12.9950199127,80.2027435303,67067,67077,10
12.9950304031,80.2025680542,67077,67087,10
12.9950399399,80.2023620605,67087,67098,11
12.995059967,80.2021713257,67098,67108,10
12.9950504303,80.2020187378,67108,67118,10
12.9950304031,80.2018203735,67118,67128,10
12.995010376,80.2015686035,67128,67138,10
12.9949998856,80.2013320923,67138,67148,10
12.9949903488,80.2011489868,67148,67158,10
12.9949798584,80.2008895874,67158,67168,10
12.9948501587,80.2004470825,67168,67259,91
12.9948501587,80.2004470825,67259,67269,10
12.9943704605,80.200302124,67269,67290,21
12.9942598343,80.2002792358,67290,67340,50
12.9942598343,80.2002792358,67340,67350,10
12.9939899445,80.2002105713,67350,67360,10
12.9937400818,80.2001190186,67360,67370,10
12.9935598373,80.200012207,67370,67381,11
12.9933300018,80.1997909546,67381,67391,10
12.9931497574,80.1996383667,67391,67401,10
12.9929199219,80.1994476318,67401,67411,10
12.9926204681,80.19921875,67411,67421,10
12.9922504425,80.1990127563,67421,67431,10
12.9918003082,80.1987686157,67431,67441,10
12.9907999039,80.1985473633,67441,67461,20
12.9907999039,80.1985473633,67461,67471,10
12.9905500412,80.1984710693,67471,67482,11
12.990240097,80.1984024048,67482,67492,10
12.9897899628,80.1982803345,67492,67502,10
12.9892997742,80.1981430054,67502,67512,10
12.9886798859,80.1979675293,67512,67522,10
12.9880599976,80.1977996826,67522,67532,10
12.9874801636,80.1976623535,67532,67542,10
12.9869604111,80.1975402832,67542,67552,10
12.9865703583,80.1974563599,67552,67682,130
12.9865703583,80.1974563599,67682,67692,10
12.9864997864,80.1974105835,67692,67701,9
12.9862298965,80.1973571777,67701,67712,11
12.9858102798,80.1972885132,67712,67722,10
12.9854001999,80.1972732544,67722,67732,10
12.9848299026,80.1974029541,67732,67742,10
12.9842596054,80.1972579956,67742,67752,10
12.9838399887,80.1970214844,67752,67762,10
12.9834299088,80.1967926025,67762,67773,11
12.983039856,80.1965408325,67773,67783,10
12.9828596115,80.1966094971,67783,67793,10
12.9825601578,80.1968765259,67793,67803,10
12.9822797775,80.1971588135,67803,67813,10
12.982170105,80.1971435547,67813,67823,10
12.9821395874,80.1970596313,67823,67833,10
12.9822702408,80.1968994141,67833,67843,10
12.9825401306,80.1966629028,67843,67853,10
12.9827003479,80.1963729858,67853,67884,31
12.9827003479,80.1963729858,67884,67900,16
12.9825201035,80.1962585449,67900,67912,12
12.9821100235,80.1960525513,67912,67920,8
12.9816398621,80.1958084106,67920,67952,32
12.9816398621,80.1958084106,67952,67963,11
12.9814996719,80.1957397461,67963,67973,10
12.9814596176,80.1957092285,67973,67983,10
12.9813098907,80.1956329346,67983,67993,10
12.9811201096,80.1955413818,67993,68003,10
12.9808797836,80.1954193115,68003,68013,10
12.9805297852,80.1952362061,68013,68023,10
12.9800701141,80.1949768066,68023,68033,10
12.9797296524,80.1947631836,68033,68043,10
12.9793796539,80.194519043,68043,68053,10
12.9789104462,80.1942214966,68053,68064,11
12.9784698486,80.1940383911,68064,68074,10
12.977640152,80.193901062,68074,68104,30
12.977640152,80.193901062,68104,68114,10
12.9774398804,80.1938705444,68114,68124,10
12.9770498276,80.1937408447,68124,68134,10
12.9766302109,80.1935195923,68134,68144,10
12.9764404297,80.193359375,68144,68155,11
12.9761800766,80.1931610107,68155,68165,10
12.975810051,80.1928863525,68165,68175,10
12.9754400253,80.1926727295,68175,68185,10
12.9750499725,80.1925125122,68185,68195,10
12.9746198654,80.1923370361,68195,68205,10
12.9744596481,80.1922836304,68205,68215,10
12.9741296768,80.1921463013,68215,68225,10
12.9737300873,80.1920013428,68225,68235,10
12.9732398987,80.1918106079,68235,68245,10
12.972820282,80.1916732788,68245,68256,11
12.9722003937,80.1914215088,68256,68276,20
12.9722003937,80.1914215088,68276,68286,10
12.9720697403,80.1913604736,68286,68296,10
12.9717998505,80.1912384033,68296,68306,10
12.9715595245,80.1911315918,68306,68316,10
12.9711999893,80.1909637451,68316,68326,10
12.9709997177,80.1908798218,68326,68336,10
12.9706096649,80.1907119751,68336,68347,11
12.9700803757,80.1904830933,68347,68357,10
12.9695501328,80.1902313232,68357,68367,10
12.9691801071,80.1900634766,68367,68377,10
12.9687995911,80.1898803711,68377,68387,10
12.9685001373,80.1897277832,68387,68397,10
12.9680404663,80.1895217896,68397,68427,30
12.9680404663,80.1895217896,68427,68437,10
12.9678001404,80.1894226074,68437,68448,11
12.9673204422,80.1892166138,68448,68458,10
12.9668703079,80.1890411377,68458,68468,10
12.9664297104,80.1888580322,68468,68478,10
12.9659700394,80.1886901855,68478,68488,10
12.9654798508,80.1884765625,68488,68498,10
12.9648199081,80.1882476807,68498,68518,20
12.9648199081,80.1882476807,68518,68528,10
12.9647197723,80.1882400513,68528,68539,11
12.9643001556,80.188079834,68539,68549,10
12.9638996124,80.1879577637,68549,68559,10
12.9634103775,80.187789917,68559,68569,10
12.9629201889,80.1876831055,68569,68579,10
12.962389946,80.1875610352,68579,68589,10
12.9618797302,80.1874694824,68589,68599,10
12.9613800049,80.1873931885,68599,68609,10
12.9606704712,80.1872787476,68609,68629,20
12.9606704712,80.1872787476,68629,68640,11
12.9604101181,80.1872406006,68640,68650,10
12.9600601196,80.1871795654,68650,68660,10
12.9596700668,80.1871566772,68660,68670,10
12.9591999054,80.1871185303,68670,68680,10
12.9586000443,80.1871032715,68680,68690,10
12.9580497742,80.1871032715,68690,68700,10
12.9574604034,80.1871109009,68700,68710,10
12.9569301605,80.1871032715,68710,68720,10
12.9563703537,80.1870498657,68720,68731,11
12.9558601379,80.1870269775,68731,68771,40
12.9558601379,80.1870269775,68771,68781,10
12.9556703568,80.1870193481,68781,68791,10
12.9556598663,80.1870193481,68791,68801,10
12.9554700851,80.186958313,68801,68811,10
12.9551801682,80.1869125366,68811,68821,10
12.9547195435,80.1868515015,68821,68832,11
12.9540395737,80.1867523193,68832,68842,10
12.9533500671,80.1866378784,68842,68852,10
12.9526596069,80.1865386963,68852,68862,10
12.9519395828,80.1863327026,68862,68872,10
12.9513101578,80.1861419678,68872,68882,10
12.9507703781,80.1859512329,68882,68892,10
12.950220108,80.1857681274,68892,68902,10
12.9497299194,80.1856079102,68902,68912,10
12.9493503571,80.1855316162,68912,68933,21
12.9493503571,80.1855316162,68933,68943,10
12.9491500854,80.1854400635,68943,68953,10
12.9488801956,80.185333252,68953,68963,10
12.9488601685,80.1853103638,68963,68973,10
12.9485797882,80.185218811,68973,68983,10
12.9482002258,80.1850967407,68983,68993,10
12.9477300644,80.1848831177,68993,69003,10
12.9471797943,80.1844787598,69003,69013,10
12.9466600418,80.18409729,69013,69034,21
12.9466600418,80.18409729,69034,69044,10
12.9465398788,80.1839675903,69044,69054,10
12.9463195801,80.1837768555,69054,69064,10
12.9458999634,80.1834564209,69064,69074,10
12.9454097748,80.1831588745,69074,69084,10
12.9448795319,80.1831207275,69084,69094,10
12.9444999695,80.1831283569,69094,69125,31
12.9444999695,80.1831283569,69125,69135,10
12.944270134,80.1831130981,69135,69145,10
12.9439897537,80.1830825806,69145,69155,10
12.9435997009,80.1830596924,69155,69165,10
12.9430303574,80.1830368042,69165,69175,10
12.9423103333,80.1829986572,69175,69185,10
12.9416503906,80.1829223633,69185,69195,10
12.9410495758,80.1828613281,69195,69205,10
12.940580368,80.1828536987,69205,69226,21
12.940580368,80.1828536987,69226,69236,10
12.9402103424,80.1828231812,69236,69246,10
12.9394702911,80.1826705933,69246,69296,50
12.9394702911,80.1826705933,69296,69306,10
12.9392795563,80.1826324463,69306,69317,11
12.9388799667,80.182510376,69317,69327,10
12.9384002686,80.1824111938,69327,69337,10
12.9376897812,80.1823425293,69337,69347,10
12.9370603561,80.1823425293,69347,69357,10
12.9364404678,80.1823730469,69357,69367,10
12.9352998734,80.1824874878,69367,69397,30
12.9352998734,80.1824874878,69397,69408,11
12.9351396561,80.182472229,69408,69418,10
12.9348096848,80.1824111938,69418,69428,10
12.9341802597,80.182258606,69428,69438,10
12.933380127,80.1820602417,69438,69448,10
12.932559967,80.1818771362,69448,69458,10
12.9318504333,80.1817474365,69458,69468,10
12.9309301376,80.1816635132,69468,69488,20
12.9309301376,80.1816635132,69488,69498,10
12.9305801392,80.1816482544,69498,69509,11
12.929980278,80.1817474365,69509,69519,10
12.9294996262,80.1818695068,69519,69529,10
12.9289398193,80.1819992065,69529,69539,10
12.9282302856,80.1821670532,69539,69549,10
12.9274597168,80.1823425293,69549,69559,10
12.9266395569,80.182510376,69559,69569,10
12.9260396957,80.1826324463,69569,69579,10
12.9253797531,80.1827468872,69579,69589,10
12.9247303009,80.1828613281,69589,69600,11
12.9245004654,80.1828918457,69600,69610,10
12.9244699478,80.1828918457,69610,69620,10
12.9241199493,80.1829528809,69620,69630,10
12.9235095978,80.1830596924,69630,69640,10
12.9233798981,80.1830673218,69640,69650,10
12.9231004715,80.1830978394,69650,69660,10
12.9228401184,80.1831588745,69660,69670,10
12.9225597382,80.1832199097,69670,69680,10
12.9222602844,80.1833267212,69680,69689,9
12.9219703674,80.1834411621,69689,69701,12
12.9215898514,80.1836013794,69701,69711,10
12.9212398529,80.1837387085,69711,69721,10
12.9209499359,80.183883667,69721,69731,10
12.9206895828,80.1839904785,69731,69741,10
12.9204397202,80.1840820313,69741,69761,20
12.9204397202,80.1840820313,69761,69771,10
12.9202203751,80.1840362549,69771,69781,10
12.9200897217,80.1835708618,69781,69791,10
12.9199800491,80.183052063,69791,69802,11
12.9198799133,80.1826400757,69802,69812,10
12.9198799133,80.1826095581,69812,69822,10
12.9198198318,80.1824417114,69822,69842,20
12.9198198318,80.1824417114,69842,69852,10
12.9197101593,80.1824264526,69852,69862,10
12.9195404053,80.1824417114,69862,69872,10
12.9193401337,80.1822128296,69872,69953,81
12.9193401337,80.1822128296,69953,69963,10
12.919380188,80.1820907593,69963,69973,10
12.9197301865,80.1819992065,69973,70004,31
12.9197301865,80.1819992065,70004,70014,10
12.9199104309,80.1821594238,70014,70024,10
12.9200201035,80.1826934814,70024,70034,10
12.9201698303,80.1833267212,70034,70044,10
12.9202699661,80.1837005615,70044,70054,10
12.9203195572,80.1838531494,70054,70085,31
12.9203796387,80.1840209961,70085,70105,20
12.9203796387,80.1840209961,70105,70114,9
12.920539856,80.1839981079,70114,70125,11
12.9209403992,80.1838302612,70125,70135,10
12.9215097427,80.1836013794,70135,70145,10
12.9221401215,80.1833572388,70145,70155,10
12.9226903915,80.1831665039,70155,70165,10
12.9233198166,80.1830673218,70165,70175,10
12.9239997864,80.1829376221,70175,70186,11
12.9246196747,80.1828308105,70186,70196,10
12.9251699448,80.1827392578,70196,70206,10
12.9257497787,80.1826477051,70206,70216,10
12.9262599945,80.1825485229,70216,70226,10
12.9268598557,80.1824417114,70226,70236,10
12.927570343,80.1822891235,70236,70246,10
12.928150177,80.1821594238,70246,70256,10
12.9286499023,80.1820373535,70256,70266,10
12.9291296005,80.1819229126,70266,70277,11
12.9294996262,80.1818084717,70277,70347,70
12.9294996262,80.1818084717,70347,70357,10
12.9295902252,80.1817932129,70357,70367,10
12.9298200607,80.1817321777,70367,70378,11
12.9303302765,80.1816101074,70378,70388,10
12.9310598373,80.1815414429,70388,70398,10
12.9313697815,80.1815872192,70398,70408,10
12.9314098358,80.1816101074,70408,70418,10
12.9318399429,80.1816864014,70418,70428,10
12.932559967,80.1818084717,70428,70438,10
12.9333600998,80.1819992065,70438,70448,10
12.9341602325,80.1822128296,70448,70458,10
12.9348402023,80.1823806763,70458,70469,11
12.9348697662,80.1823883057,70469,70479,10
12.9351501465,80.1824493408,70479,70489,10
12.9357204437,80.1824264526,70489,70499,10
12.9363098145,80.1823425293,70499,70509,10
12.9370098114,80.1822891235,70509,70519,10
12.9377698898,80.1822891235,70519,70529,10
12.9387598038,80.1824035645,70529,70549,20
12.9387598038,80.1824035645,70549,70559,10
12.9388599396,80.1824188232,70559,70570,11
12.9390497208,80.182472229,70570,70580,10
12.9393901825,80.1825714111,70580,70590,10
12.940030098,80.1827392578,70590,70600,10
12.9405498505,80.1827774048,70600,70610,10
12.9409599304,80.1827926636,70610,70620,10
12.9417200089,80.1828536987,70620,70630,10
12.9426698685,80.1829681396,70630,70640,10
12.9434499741,80.1829910278,70640,70650,10
12.9440202713,80.1830291748,70650,70660,10
12.9446201324,80.1830368042,70660,70671,11
12.9447002411,80.183052063,70671,70681,10
12.945110321,80.1830673218,70681,70691,10
12.9457702637,80.1832809448,70691,70707,16
12.9467697144,80.1840820313,70707,70719,12
12.947259903,80.1844482422,70719,70729,10
12.9473304749,80.1844863892,70729,70739,10
12.9477100372,80.1847686768,70739,70749,10
12.9485998154,80.1851577759,70749,70790,41
12.9485998154,80.1851577759,70790,70800,10
12.9486598969,80.1851882935,70800,70810,10
12.9490499496,80.1853103638,70810,70820,10
12.9495201111,80.1854782104,70820,70829,9
12.9501104355,80.1856689453,70829,70839,10
12.9507904053,80.1858978271,70839,70850,11
12.95154953,80.1861572266,70850,70861,11
12.9523696899,80.1863937378,70861,70871,10
12.9530897141,80.1865386963,70871,70881,10
12.9537296295,80.1866378784,70881,70891,10
12.9544095993,80.1867370605,70891,70901,10
12.9548997879,80.1868133545,70901,70911,10
12.955280304,80.1868591309,70911,70951,40
12.955280304,80.1868591309,70951,70962,11
12.9555997849,80.1869277954,70962,70972,10
12.9561300278,80.1869888306,70972,70992,20
12.9561300278,80.1869888306,70992,71002,10
12.9564695358,80.1870193481,71002,71012,10
12.9570398331,80.1870727539,71012,71022,10
12.9576101303,80.1870880127,71022,71032,10
12.9581403732,80.1870880127,71032,71042,10
12.9586496353,80.1870803833,71042,71053,11
12.9589195251,80.1871109009,71053,71063,10
12.9594202042,80.1871337891,71063,71073,10
12.9599199295,80.1871795654,71073,71083,10
12.9603204727,80.1871871948,71083,71093,10
12.9607801437,80.1872787476,71093,71103,10
12.961689949,80.1874237061,71103,71123,20
12.961689949,80.1874237061,71123,71133,10
12.9619598389,80.1874694824,71133,71143,10
12.9624204636,80.1875686646,71143,71154,11
12.963060379,80.1876983643,71154,71164,10
12.963640213,80.1878585815,71164,71174,10
12.9640903473,80.18800354,71174,71184,10
12.9645595551,80.1881408691,71184,71194,10
12.9649200439,80.1882400513,71194,71204,10
12.9652204514,80.1883468628,71204,71214,10
12.9654998779,80.1884613037,71214,71224,10
12.9655103683,80.1884613037,71224,71234,10
12.9657802582,80.1885604858,71234,71245,11
12.9662399292,80.1887435913,71245,71255,10
12.9668197632,80.1890029907,71255,71265,10
12.9673995972,80.189239502,71265,71275,10
12.9682703018,80.1895980835,71275,71295,20
12.9682703018,80.1895980835,71295,71305,10
12.9683704376,80.1896514893,71305,71315,10
12.9687595367,80.1898422241,71315,71325,10
12.9691400528,80.190032959,71325,71335,10
12.9696702957,80.1902770996,71335,71346,11
12.9701099396,80.1904907227,71346,71356,10
12.9703998566,80.1906204224,71356,71366,10
12.9707899094,80.1907730103,71366,71376,10
12.9711799622,80.1909408569,71376,71386,10
12.9715795517,80.1911087036,71386,71396,10
12.9721803665,80.1913909912,71396,71406,10
12.9723596573,80.1914596558,71406,71416,10
12.9725399017,80.1915435791,71416,71426,10
12.9725999832,80.1915664673,71426,71437,11
12.9729604721,80.1917114258,71437,71447,10
12.973400116,80.1918792725,71447,71457,10
12.9737796783,80.1920166016,71457,71466,9
12.9742298126,80.1921768188,71466,71477,11
12.9746904373,80.1923370361,71477,71487,10
12.9751596451,80.1925201416,71487,71497,10
12.9756498337,80.192779541,71497,71507,10
12.9760704041,80.1930999756,71507,71517,10
12.9764204025,80.1933364868,71517,71527,10
12.9768695831,80.1936416626,71527,71538,11
12.977350235,80.1938171387,71538,71548,10
12.9776802063,80.1938705444,71548,71558,10
12.9779596329,80.1939163208,71558,71568,10
12.9779996872,80.1939163208,71568,71578,10
12.9783096313,80.1940002441,71578,71588,10
12.9783802032,80.1940231323,71588,71598,10
12.9785900116,80.1940765381,71598,71608,10
12.9788703918,80.1941986084,71608,71618,10
12.9791698456,80.1943664551,71618,71628,10
12.9794998169,80.1945877075,71628,71639,11
12.9798803329,80.1948623657,71639,71649,10
12.9802703857,80.195098877,71649,71659,10
12.9807300568,80.1953277588,71659,71669,10
12.980890274,80.1953964233,71669,71679,10
12.9809398651,80.1954269409,71679,71689,10
12.9811897278,80.1955718994,71689,71699,10
12.9815397263,80.1957397461,71699,71709,10
12.9818601608,80.1959228516,71709,71719,10
12.9819002151,80.1959381104,71719,71730,11
12.9822397232,80.1961135864,71730,71740,10
12.9826097488,80.1962814331,71740,71750,10
12.9828596115,80.1964111328,71750,71760,10
12.9830503464,80.1963500977,71760,71770,10
12.9832601547,80.1961975098,71770,71780,10
12.983420372,80.1962432861,71780,71790,10
12.9832801819,80.1964035034,71790,71800,10
12.9831600189,80.196472168,71800,71810,10
12.9833402634,80.1966781616,71810,71820,10
12.9837398529,80.1969299316,71820,71831,11
12.9843101501,80.1972808838,71831,71841,10
12.9849395752,80.1973724365,71841,71851,10
12.9855699539,80.197227478,71851,71861,10
12.9862298965,80.197303772,71861,71871,10
12.9865999222,80.1973724365,71871,71881,10
12.9867200851,80.1974029541,71881,71891,10
12.9871702194,80.1975097656,71891,71901,10
12.9878902435,80.1977005005,71901,71911,10
12.9886598587,80.1979064941,71911,71921,10
12.98939991,80.1981124878,71921,71938,17
12.9907302856,80.1984634399,71938,71950,12
12.9915895462,80.1986618042,71950,71969,19
12.9915895462,80.1986618042,71969,71980,11
12.9918203354,80.1987686157,71980,71990,10
12.9920396805,80.1988830566,71990,72000,10
12.9921503067,80.198928833,72000,72011,11
12.9923400879,80.1990585327,72011,72022,11
12.9925098419,80.1991729736,72022,72032,10
12.9927797318,80.1993637085,72032,72042,10
12.992939949,80.1994934082,72042,72052,10
12.9931697845,80.1996917725,72052,72062,10
12.993350029,80.1998519897,72062,72072,10
12.9933996201,80.1998825073,72072,72082,10
12.9935703278,80.200012207,72082,72092,10
12.9938802719,80.2001419067,72092,72102,10
12.9942398071,80.2002716064,72102,72113,11
12.9945697784,80.2003326416,72113,72163,50
12.9945697784,80.2003326416,72163,72173,10
12.994720459,80.2003631592,72173,72193,20
12.994720459,80.2003631592,72193,72203,10
12.9949502945,80.2006988525,72203,72214,11
12.9949798584,80.2010803223,72214,72224,10
12.9949903488,80.2012329102,72224,72234,10
12.9949998856,80.2015991211,72234,72244,10
12.9950199127,80.2018814087,72244,72254,10
12.9950399399,80.2022781372,72254,72264,10
12.9949903488,80.2027816772,72264,72274,10
12.9949903488,80.2030792236,72274,72284,10
12.9949903488,80.2034683228,72284,72294,10
12.9948797226,80.203918457,72294,72305,11
12.9947500229,80.2044372559,72305,72315,10
12.9946498871,80.2049102783,72315,72325,10
12.9946403503,80.2049179077,72325,72335,10
12.9946298599,80.2050628662,72335,72345,10
12.9946699142,80.205329895,72345,72355,10
12.9946098328,80.2059936523,72355,72365,10
12.9945402145,80.2064590454,72365,72385,20
12.9945402145,80.2064590454,72385,72395,10
12.9945802689,80.2068023682,72395,72416,21
12.9945802689,80.2068023682,72416,72426,10
12.9946098328,80.2068786621,72426,72436,10
12.9944601059,80.206741333,72436,73052,616
12.9944601059,80.206741333,73052,73062,10
12.9945602417,80.2063522339,73062,73072,10
12.9945697784,80.2061309814,73072,73083,11
12.9946203232,80.2057723999,73083,73093,10
12.9946403503,80.2053222656,73093,73103,10
12.9945898056,80.205039978,73103,73123,20
12.9945898056,80.205039978,73123,73133,10
12.9946403503,80.2049026489,73133,73143,10
12.9946899414,80.2046432495,73143,73153,10
12.994799614,80.2041320801,73153,73163,10
12.9949502945,80.2035598755,73163,73174,11
12.9949998856,80.2031021118,73174,73184,10
12.9949302673,80.2030410767,73184,73194,10
12.9949703217,80.2027587891,73194,73204,10
12.9949998856,80.2024002075,73204,73224,20
12.9949998856,80.2024002075,73224,73234,10
12.9950199127,80.2020797729,73234,73244,10
12.9949703217,80.2015991211,73244,73254,10
12.9949398041,80.2012634277,73254,73264,10
12.9949598312,80.2009506226,73264,73275,11
12.9948196411,80.2004776001,73275,73285,10
12.9945201874,80.2003707886,73285,73295,10
12.9941797256,80.200302124,73295,73335,40
12.9941797256,80.200302124,73335,73345,10
12.9940299988,80.2002182007,73345,73355,10
12.9936704636,80.2001037598,73355,73365,10
12.9934196472,80.1999282837,73365,73376,11
12.9931697845,80.19972229,73376,73386,10
12.9930696487,80.1996383667,73386,73416,30
12.9930696487,80.1996383667,73416,73426,10
12.9928998947,80.1994781494,73426,73436,10
12.9927396774,80.1993408203,73436,73446,10
12.992389679,80.1991195679,73446,73456,10
12.991900444,80.1988372803,73456,73467,11
12.9912595749,80.198638916,73467,73477,10
12.9907798767,80.1985397339,73477,73487,10
12.9905395508,80.1984710693,73487,73497,10
12.9899101257,80.1983184814,73497,73507,10
12.9890899658,80.1980895996,73507,73517,10
12.9883403778,80.1978683472,73517,73527,10
12.9876003265,80.1976776123,73527,73537,10
12.9864702225,80.1974334717,73537,73557,20
12.9864702225,80.1974334717,73557,73568,11
12.9862203598,80.1973724365,73568,73578,10
12.9857597351,80.1972808838,73578,73594,16
12.984919548,80.1973800659,73594,73606,12
12.9842596054,80.1973114014,73606,73614,8
12.9840097427,80.1971664429,73614,73626,12
12.9835100174,80.1968917847,73626,73636,10
12.9830198288,80.1965713501,73636,73646,10
12.9827203751,80.1967010498,73646,73656,10
12.9823598862,80.1970596313,73656,73667,11
12.9822797775,80.1971511841,73667,73677,10
12.9821596146,80.1971817017,73677,73687,10
12.9821100235,80.197052002,73687,73737,50
12.9822301865,80.1968231201,73737,73747,10
12.9822301865,80.1968231201,73747,73758,11
12.9825401306,80.1965637207,73758,73768,10
12.9827003479,80.1963424683,73768,73778,10
12.9824895859,80.1962203979,73778,73788,10
12.982170105,80.1960830688,73788,73798,10
12.9817895889,80.1958999634,73798,73808,10
12.9815797806,80.1957931519,73808,73819,11
12.9815397263,80.1957778931,73819,73829,10
12.9813098907,80.1956634521,73829,73839,10
12.980919838,80.1954803467,73839,73850,11
12.9803495407,80.1951828003,73850,73861,11
12.9797697067,80.1948471069,73861,73871,10
12.9793195724,80.194519043,73871,73881,10
12.9787902832,80.1941986084,73881,73891,10
12.9782104492,80.1940078735,73891,73901,10
12.9776601791,80.1939086914,73901,73911,10
12.9775495529,80.193901062,73911,73921,10
12.9773197174,80.1938400269,73921,73931,10
12.9769697189,80.1937103271,73931,73941,10
12.9764995575,80.1934432983,73941,73952,11
12.9760303497,80.1930923462,73952,73962,10
12.975520134,80.1927108765,73962,73972,10
12.9750795364,80.1925201416,73972,73982,10
12.9745502472,80.1923217773,73982,73992,10
12.974029541,80.1921234131,73992,74002,10
12.9735097885,80.1919174194,74002,74012,10
12.9733400345,80.1918411255,74012,74022,10
12.9729003906,80.1917190552,74022,74032,10
12.9725904465,80.1915969849,74032,74043,11
12.9722003937,80.1914367676,74043,74053,10
12.9720802307,80.1913909912,74053,74063,10
12.9719200134,80.1913299561,74063,74073,10
12.9715003967,80.1911315918,74073,74083,10
12.9710998535,80.1909408569,74083,74093,10
12.9707803726,80.1908035278,74093,74103,10
12.9702301025,80.1905822754,74103,74113,10
12.96971035,80.1903305054,74113,74123,10
12.9692201614,80.1901016235,74123,74133,10
12.9688396454,80.1899337769,74133,74144,11
12.9685497284,80.189781189,74144,74154,10
12.9681596756,80.1896209717,74154,74164,10
12.9679603577,80.1895294189,74164,74174,10
12.9678602219,80.1894989014,74174,74184,10
12.9674396515,80.1893234253,74184,74194,10
12.9669103622,80.1890869141,74194,74204,10
12.966340065,80.1888580322,74204,74214,10
12.9659700394,80.1887130737,74214,74224,10
12.9659099579,80.1886825562,74224,74235,11
12.9655895233,80.1885528564,74235,74245,10
12.9652004242,80.188369751,74245,74255,10
12.9648103714,80.1882171631,74255,74265,10
12.9646902084,80.1882019043,74265,74275,10
12.96434021,80.188079834,74275,74285,10
12.9638204575,80.1879196167,74285,74295,10
12.9633703232,80.1877822876,74295,74305,10
12.9628295898,80.1876678467,74305,74315,10
12.9624004364,80.1875762939,74315,74325,10
12.9619598389,80.1874771118,74325,74336,11
12.961520195,80.1874008179,74336,74346,10
12.9607400894,80.1873016357,74346,74366,20
12.9607400894,80.1873016357,74366,74376,10
12.9604701996,80.1872634888,74376,74386,10
12.9600696564,80.1871795654,74386,74396,10
12.9596004486,80.1871414185,74396,74406,10
12.9589996338,80.1871032715,74406,74416,10
12.9583997726,80.1870803833,74416,74427,11
12.9577503204,80.1871109009,74427,74437,10
12.9571695328,80.1870803833,74437,74447,10
12.9567298889,80.1870498657,74447,74457,10
12.9561595917,80.1870117188,74457,74467,10
12.9557304382,80.1869888306,74467,74477,10
12.9556598663,80.1869888306,74477,74486,9
12.9554700851,80.1869430542,74486,74497,11
12.9549398422,80.1868591309,74497,74507,10
12.9542999268,80.1867599487,74507,74517,10
12.9535303116,80.1866531372,74517,74528,11
12.9527196884,80.1865386963,74528,74538,10
12.9519195557,80.1863098145,74538,74548,10
12.9511499405,80.1860809326,74548,74558,10
12.9504804611,80.1858596802,74558,74568,10
12.9497900009,80.1856307983,74568,74578,10
12.9493398666,80.1855010986,74578,74608,30
12.9493398666,80.1855010986,74608,74619,11
12.9492502213,80.1854705811,74619,74629,10
12.948969841,80.1853637695,74629,74639,10
12.9487400055,80.1852798462,74639,74649,10
12.9485702515,80.185218811,74649,74659,10
12.9483995438,80.1851806641,74659,74669,10
12.9483003616,80.1851425171,74669,74679,10
12.9479904175,80.1850204468,74679,74689,10
12.947520256,80.1847305298,74689,74699,10
12.9469099045,80.1842803955,74699,74709,10
12.9465799332,80.1840286255,74709,74720,11
12.9464101791,80.183883667,74720,74730,10
12.9459400177,80.1835021973,74730,74740,10
12.9452400208,80.1831207275,74740,74750,10
12.9445896149,80.1831207275,74750,74760,10
12.9445695877,80.1831283569,74760,74770,10
12.9444303513,80.1831436157,74770,74780,10
12.9441404343,80.1831207275,74780,74790,10
12.9435997009,80.1830596924,74790,74800,10
12.9430398941,80.183052063,74800,74810,10
12.9422903061,80.1829986572,74810,74821,11
12.9414396286,80.1828918457,74821,74831,10
12.9407596588,80.1828384399,74831,74841,10
12.9401597977,80.182800293,74841,74851,10
12.9396295547,80.1827011108,74851,74871,20
12.9396295547,80.1827011108,74871,74881,10
12.9394798279,80.1826629639,74881,74891,10
12.9390602112,80.1825485229,74891,74901,10
12.938750267,80.182472229,74901,74912,11
12.9380998611,80.1823577881,74912,74922,10
12.9374198914,80.1823272705,74922,74932,10
12.9367799759,80.1823425293,74932,74942,10
12.9361095428,80.1824035645,74942,74958,16
12.9352502823,80.1825027466,74958,74970,12
12.9351196289,80.1824798584,74970,74978,8
12.9347600937,80.1824035645,74978,74990,12
12.9340400696,80.182220459,74990,75000,10
12.9333295822,80.1820373535,75000,75011,11
12.9324998856,80.1818466187,75011,75021,10
12.9317798615,80.1817321777,75021,75031,10
12.9310798645,80.1816482544,75031,75041,10
12.9309196472,80.181640625,75041,75051,10
12.9305400848,80.181640625,75051,75060,9
12.9299001694,80.1817626953,75060,75071,11
12.9291200638,80.1819610596,75071,75081,10
12.9282798767,80.1821594238,75081,75091,10
12.927479744,80.1823501587,75091,75101,10
12.9266395569,80.1825408936,75101,75112,11
12.9257802963,80.1827011108,75112,75122,10
12.9249601364,80.1828308105,75122,75132,10
12.9241600037,80.1829605103,75132,75142,10
12.9234199524,80.1830978394,75142,75152,10
12.9227304459,80.1832199097,75152,75162,10
12.9219999313,80.1834564209,75162,75172,10
12.9213399887,80.1837234497,75172,75182,10
12.9207801819,80.1839523315,75182,75192,10
12.9203796387,80.18409729,75192,75263,71
12.9203796387,80.18409729,75263,75273,10
12.9202899933,80.1841430664,75273,75283,10
12.9201202393,80.183883667,75283,75293,10
12.9200296402,80.1833724976,75293,75304,11
12.9198799133,80.1826629639,75304,75364,60
12.9198799133,80.1826629639,75364,75374,10
12.9198598862,80.1825637817,75374,75384,10
12.9197597504,80.1824417114,75384,75395,11
12.9195604324,80.182472229,75395,75405,10
12.9193897247,80.1822967529,75405,75415,10
12.9195995331,80.1820373535,75415,75485,70
12.9195995331,80.1820373535,75485,75496,11
12.9198503494,80.1820983887,75496,75506,10
12.9199695587,80.1825866699,75506,75516,10
12.920129776,80.183380127,75516,75526,10
12.9202804565,80.1838226318,75526,75546,20
12.9202804565,80.1838226318,75546,75556,10
12.9203195572,80.183921814,75556,75566,10
12.920419693,80.1840667725,75566,75576,10
12.920630455,80.1839828491,75576,75587,11
12.920920372,80.183883667,75587,75597,10
12.9211997986,80.1837615967,75597,75607,10
12.9215898514,80.1836090088,75607,75617,10
12.9221401215,80.1834030151,75617,75627,10
12.9227199554,80.1831893921,75627,75637,10
12.9232902527,80.1830825806,75637,75647,10
12.9238796234,80.1829528809,75647,75657,10
12.9244298935,80.1828613281,75657,75667,10
12.9249696732,80.1827697754,75667,75677,10
12.9255399704,80.1826782227,75677,75688,11
12.926199913,80.1825637817,75688,75698,10
12.9267702103,80.1824417114,75698,75708,10
12.9273996353,80.1823120117,75708,75718,10
12.9280004501,80.1821899414,75718,75728,10
12.9286003113,80.1820373535,75728,75738,10
12.9292097092,80.1819000244,75738,75748,10
12.9298696518,80.1817321777,75748,75758,10
12.9305095673,80.1815490723,75758,75768,10
12.9312400818,80.1815414429,75768,75779,11
12.9314002991,80.1815719604,75779,75789,10
12.9316101074,80.1816329956,75789,75799,10
12.9320497513,80.1817092896,75799,75809,10
12.9325799942,80.1818008423,75809,75819,10
12.9330997467,80.181930542,75819,75829,10
12.933719635,80.1820907593,75829,75839,10
12.9343299866,80.1822509766,75839,75849,10
12.9349098206,80.1824035645,75849,75859,10
12.9349899292,80.1824264526,75859,75869,10
12.9353103638,80.1824569702,75869,75880,11
12.9357995987,80.1824417114,75880,75890,10
12.9363603592,80.1823501587,75890,75900,10
12.9370203018,80.1822967529,75900,75910,10
12.9376296997,80.1822967529,75910,75920,10
12.9382095337,80.1823196411,75920,75930,10
12.9389200211,80.1824493408,75930,75950,20
12.9389200211,80.1824493408,75950,75960,10
12.9389801025,80.1824798584,75960,75970,10
12.9391298294,80.1825180054,75970,75981,11
12.9392204285,80.1825637817,75981,75991,10
12.9393396378,80.1826019287,75991,76001,10
12.9397201538,80.1827011108,76001,76011,10
12.9403400421,80.1828079224,76011,76021,10
12.9408397675,80.1828231812,76021,76031,10
12.9414796829,80.1828536987,76031,76041,10
12.9421901703,80.1829376221,76041,76051,10
12.9429302216,80.1829986572,76051,76061,10
12.9436197281,80.1830062866,76061,76072,11
12.9442996979,80.1830368042,76072,76082,10
12.9447002411,80.1830673218,76082,76092,10
12.9447803497,80.1830673218,76092,76102,10
12.9452104568,80.18309021,76102,76112,10
12.9457197189,80.1832504272,76112,76128,16
12.946849823,80.1841201782,76128,76148,20
12.946849823,80.1841201782,76148,76160,12
12.9471998215,80.1844406128,76160,76171,11
12.9476003647,80.1847305298,76171,76181,10
12.9481496811,80.185043335,76181,76191,10
12.9487600327,80.185218811,76191,76252,61
12.9487600327,80.185218811,76252,76262,10
12.9490604401,80.1852798462,76262,76273,11
12.9495096207,80.1854400635,76273,76283,10
12.9499502182,80.1855926514,76283,76293,10
12.9505395889,80.185798645,76293,76303,10
12.9512395859,80.1860275269,76303,76313,10
12.9519395828,80.1862564087,76313,76323,10
12.9525299072,80.186416626,76323,76333,10
12.9531898499,80.1865463257,76333,76343,10
12.953909874,80.1866531372,76343,76353,10
12.9546403885,80.1867599487,76353,76364,11
12.9552698135,80.1868515015,76364,76374,10
12.955450058,80.186882019,76374,76384,10
12.9557600021,80.1869277954,76384,76394,10
12.9561004639,80.186958313,76394,76414,20
12.9561004639,80.186958313,76414,76424,10
12.9562997818,80.1870193481,76424,76434,10
12.9568300247,80.1870574951,76434,76444,10
12.9573802948,80.1870880127,76444,76455,11
12.9579296112,80.1870880127,76455,76465,10
12.9585399628,80.1870880127,76465,76475,10
12.9591302872,80.1871032715,76475,76485,10
12.9596300125,80.1871414185,76485,76495,10
12.9601898193,80.187171936,76495,76505,10
12.9607801437,80.18724823,76505,76515,10
12.9613103867,80.1873168945,76515,76525,10
12.9615402222,80.1873626709,76525,76535,10
12.9616699219,80.1873931885,76535,76545,10
12.9620895386,80.1874694824,76545,76556,11
12.962679863,80.1875762939,76556,76566,10
12.9633598328,80.1877365112,76566,76576,10
12.9638900757,80.1878890991,76576,76586,10
12.9643497467,80.188041687,76586,76596,10
12.9647397995,80.1881637573,76596,76606,10
12.9654798508,80.1884384155,76606,76626,20
12.9654798508,80.1884384155,76626,76636,10
12.9656801224,80.1885299683,76636,76646,10
12.9660701752,80.1886978149,76646,76657,11
12.9663200378,80.1887817383,76657,76667,10
12.9668397903,80.1890029907,76667,76677,10
12.9673299789,80.189201355,76677,76687,10
12.9678497314,80.1894073486,76687,76697,10
12.9682798386,80.1896133423,76697,76707,10
12.9683303833,80.1896286011,76707,76717,10
12.9685201645,80.189743042,76717,76727,10
12.9689302444,80.1899185181,76727,76737,10
12.9690303802,80.189956665,76737,76748,11
12.9694404602,80.1901702881,76748,76758,10
12.9698600769,80.1903610229,76758,76768,10
12.9703197479,80.1905670166,76768,76778,10
12.9708795547,80.1908035278,76778,76788,10
12.9714298248,80.1910324097,76788,76798,10
12.9718904495,80.1912384033,76798,76808,10
12.9727201462,80.1915893555,76808,76828,20
12.9727201462,80.1915893555,76828,76838,10
12.9730195999,80.1917037964,76838,76855,17
12.9735202789,80.1919021606,76855,76868,13
12.9741001129,80.1921081543,76868,76878,10
12.9745998383,80.1922988892,76878,76888,10
12.9751300812,80.192489624,76888,76898,10
12.9756498337,80.1927490234,76898,76908,10
12.9760303497,80.1930084229,76908,76918,10
12.9762401581,80.1931762695,76918,76928,10
12.9766597748,80.1934890747,76928,76939,11
12.9772796631,80.1937637329,76939,76949,10
12.9777803421,80.193862915,76949,76959,10
12.978099823,80.1939086914,76959,76969,10
12.9781103134,80.1939086914,76969,76979,10
12.9784002304,80.1939926147,76979,76989,10
12.9788599014,80.1941680908,76989,76999,10
12.9794197083,80.1945037842,76999,77009,10
12.9799098969,80.1948471069,77009,77019,10
12.9804201126,80.1951599121,77019,77029,10
12.9808702469,80.1953582764,77029,77040,11
12.9808998108,80.1953811646,77040,77050,10
12.9811201096,80.1955184937,77050,77060,10
12.9814300537,80.1956634521,77060,77070,10
12.981710434,80.1958084106,77070,77080,10
12.982049942,80.1959915161,77080,77090,10
12.9824104309,80.1961517334,77090,77100,10
12.98279953,80.1963577271,77100,77110,10
12.9829998016,80.1963806152,77110,77120,10
12.9833297729,80.1961898804,77120,77131,11
12.9833202362,80.1964111328,77131,77141,10
12.9831800461,80.1965637207,77141,77151,10
12.9834299088,80.1967315674,77151,77161,10
12.983880043,80.1969985962,77161,77171,10
12.9843101501,80.1972579956,77171,77181,10
12.9850101471,80.1973419189,77181,77191,10
12.9856996536,80.1972122192,77191,77201,10
12.9864301682,80.1973114014,77201,77217,16
12.9866600037,80.1973495483,77217,77229,12
12.9870796204,80.1974487305,77229,77237,8
12.9876203537,80.1975784302,77237,77250,13
12.9884996414,80.1978225708,77250,77260,10
12.9892396927,80.1980285645,77260,77270,10
12.9900598526,80.1982269287,77270,77280,10
12.9908399582,80.1984100342,77280,77290,10
12.9914598465,80.1985473633,77290,77300,10
12.9917001724,80.198638916,77300,77310,10
12.9918498993,80.1987075806,77310,77320,10
12.9920701981,80.1988601685,77320,77331,11
12.9925098419,80.1991119385,77331,77341,10
12.9928798676,80.1993713379,77341,77351,10
12.9932498932,80.19972229,77351,77361,10
12.9935703278,80.1999893188,77361,77371,10
12.9940004349,80.2001571655,77371,77381,10
12.9945802689,80.200302124,77381,77472,91
12.9945802689,80.200302124,77472,77482,10
12.9948301315,80.2004089355,77482,77492,10
12.9949598312,80.200630188,77492,77502,10
12.9949998856,80.2009811401,77502,77512,10
12.995010376,80.2013626099,77512,77523,11
12.9950304031,80.2016525269,77523,77533,10
12.995059967,80.2021179199,77533,77543,10
12.9950399399,80.2025909424,77543,77553,10
12.9949998856,80.2027893066,77553,77563,10
12.995010376,80.2030487061,77563,77573,10
12.9950304031,80.2033691406,77573,77583,10
12.9949302673,80.2037811279,77583,77593,10
12.9948101044,80.2042388916,77593,77603,10
12.9946498871,80.2049026489,77603,77614,11
12.9946699142,80.2054824829,77614,77624,10
12.994600296,80.2062530518,77624,77634,10
12.9945201874,80.206817627,77634,77664,30
12.9945201874,80.206817627,77664,77674,10
12.9944496155,80.2069625854,77674,77684,10
12.99421978,80.2068634033,77684,77694,10
