12.9978199005,80.2570037842,13,1405,1392
12.9978199005,80.2570037842,1405,1415,10
12.9978704453,80.2570495605,1415,2740,1325
12.9978504181,80.2571487427,2740,4829,2089
12.9978504181,80.2571487427,4829,4840,11
12.9979200363,80.2572937012,4840,5143,303
12.9979095459,80.2573623657,5143,11804,6661
12.9979801178,80.2571487427,11804,12187,383
12.9978904724,80.2573623657,12187,14833,2646
12.9979295731,80.2572174072,14833,15207,374
12.9979295731,80.257232666,15207,15933,726
12.9978599548,80.2573394775,15933,15964,31
12.9979200363,80.2573013306,15964,18658,2694
12.997759819,80.2573165894,18658,18689,31
12.9978399277,80.257270813,18689,18719,30
12.9978399277,80.257270813,18719,18729,10
12.9979400635,80.2572097778,18729,18900,171
12.9979896545,80.2572479248,18900,19294,394
12.9979896545,80.2572479248,19294,19304,10
12.9980297089,80.2572097778,19304,19385,81
12.9979600906,80.2571792603,19385,19557,172
12.9979200363,80.2572097778,19557,20162,605
12.997879982,80.25730896,20162,20394,232
12.9978704453,80.2573165894,20394,20616,222
12.9978704453,80.2573165894,20616,20626,10
12.9977302551,80.2569885254,20626,20636,10
12.9977798462,80.2567901611,20636,20794,158
12.9977197647,80.2564163208,20794,21009,215
12.9977197647,80.2564163208,21009,21019,10
12.9977302551,80.2560424805,21019,21029,10
12.9976396561,80.2559509277,21029,21039,10
12.9974298477,80.2559204102,21039,21049,10
12.9971399307,80.2559127808,21049,21059,10
12.9969501495,80.2560806274,21059,21069,10
12.9968700409,80.2564620972,21069,21079,10
12.9968299866,80.2569274902,21079,21090,11
12.9967699051,80.257522583,21090,21100,10
12.9967002869,80.2580795288,21100,21110,10
12.9966402054,80.2585983276,21110,21120,10
12.9965896606,80.2591400146,21120,21130,10
12.996509552,80.259727478,21130,21140,10
12.996430397,80.2603988647,21140,21150,10
12.9963703156,80.2610626221,21150,21160,10
12.9962997437,80.2616729736,21160,21170,10
12.9962596893,80.262046814,21170,21180,10
12.9961795807,80.2624511719,21180,21191,11
12.9961099625,80.2629394531,21191,21201,10
12.9960603714,80.2634277344,21201,21211,10
12.9960603714,80.2640228271,21211,21221,10
12.9960002899,80.2645797729,21221,21231,10
12.9961395264,80.2647705078,21231,21241,10
12.9964895248,80.264793396,21241,21251,10
12.9968204498,80.2648162842,21251,21261,10
12.9973602295,80.2648773193,21261,21271,10
12.9979200363,80.2649612427,21271,21281,10
12.9984502792,80.265007019,21281,21291,10
12.9989500046,80.265083313,21291,21302,11
12.9996204376,80.2651367188,21302,21312,10
13.0000896454,80.2651977539,21312,21322,10
13.0002698898,80.2652511597,21322,21332,10
13.000289917,80.2653808594,21332,21342,10
13.0002698898,80.2657012939,21342,21352,10
13.0003404617,80.2658233643,21352,21362,10
13.0002603531,80.2662200928,21362,21402,40
13.0000495911,80.2663192749,21402,21695,293
13.0001497269,80.2662963867,21695,23484,1789
13.0001802444,80.2664108276,23484,23554,70
13.0001802444,80.2664108276,23554,23564,10
13.0003299713,80.2664718628,23564,23574,10
13.0003004074,80.2666931152,23574,23585,11
13.0002002716,80.2667694092,23585,23595,10
12.9999303818,80.2668380737,23595,23605,10
12.9994401932,80.2669677734,23605,23615,10
12.9988603592,80.2671966553,23615,23625,10
12.9982299805,80.2673721313,23625,23635,10
12.9976301193,80.2675704956,23635,23645,10
12.9970197678,80.2677230835,23645,23655,10
12.9964599609,80.2677001953,23655,23665,10
12.9959697723,80.2676773071,23665,23675,10
12.9958000183,80.2676467896,23675,23685,10
12.9957399368,80.2673416138,23685,23696,11
12.9957399368,80.2673110962,23696,23706,10
12.995759964,80.267036438,23706,23716,10
12.9958000183,80.2665328979,23716,23726,10
12.995880127,80.2658615112,23726,23736,10
12.9959402084,80.2650985718,23736,23746,10
12.9960403442,80.2642974854,23746,23756,10
12.9961299896,80.2634506226,23756,23766,10
12.9961996078,80.2627792358,23766,23776,10
12.9962301254,80.2626037598,23776,23786,10
12.9962596893,80.2624435425,23786,23797,11
12.9963197708,80.2620010376,23797,23807,10
12.9963197708,80.26197052,23807,23817,10
12.9963598251,80.2617721558,23817,23827,10
12.9964103699,80.2612380981,23827,23837,10
12.9964895248,80.2605285645,23837,23847,10
12.9965496063,80.2597885132,23847,23857,10
12.9965896606,80.2591171265,23857,23867,10
12.9967002869,80.2583618164,23867,23877,10
12.9967498779,80.2577285767,23877,23887,10
12.9968004227,80.2573623657,23887,23897,10
12.9968595505,80.2567672729,23897,23908,11
12.9968900681,80.2561035156,23908,23938,30
12.9968900681,80.2561035156,23938,23948,10
12.9968395233,80.2560195923,23948,23958,10
12.9969396591,80.255859375,23958,23968,10
12.9972600937,80.2558364868,23968,23978,10
12.9977798462,80.2558898926,23978,23988,10
12.9980802536,80.2559432983,23988,23998,10
12.998840332,80.2560195923,23998,24018,20
12.998840332,80.2560195923,24018,24029,11
12.9992303848,80.2561187744,24029,24039,10
12.999879837,80.2562484741,24039,24048,9
13.000579834,80.256362915,24048,24059,11
13.0014400482,80.2565002441,24059,24069,10
13.0024404526,80.2566604614,24069,24079,10
13.0033197403,80.2568511963,24079,24089,10
13.0042200089,80.257019043,24089,24099,10
13.0051298141,80.2572097778,24099,24109,10
13.0061597824,80.2573928833,24109,24119,10
13.0066404343,80.2572021484,24119,24130,11
13.0065698624,80.2564926147,24130,24140,10
13.0065498352,80.2554702759,24140,24150,10
13.0065202713,80.2543869019,24150,24160,10
13.0065803528,80.2532577515,24160,24180,20
13.0065803528,80.2532577515,24180,24190,10
13.0065898895,80.2529983521,24190,24200,10
13.0066099167,80.2524719238,24200,24210,10
13.0066699982,80.2520217896,24210,24251,41
13.0066699982,80.2520217896,24251,24261,10
13.0066900253,80.2520065308,24261,24271,10
13.0067501068,80.2516174316,24271,24281,10
13.0068302155,80.2509078979,24281,24291,10
13.006819725,80.250038147,24291,24301,10
13.006819725,80.2490997314,24301,24311,10
13.0067396164,80.2481689453,24311,24321,10
13.0066699982,80.2476806641,24321,24378,57
13.0066699982,80.2476806641,24378,24390,12
13.0067195892,80.2475585938,24390,24400,10
13.0066995621,80.2471389771,24400,24410,10
13.0066299438,80.2467422485,24410,24420,10
13.0066204071,80.2467193604,24420,24430,10
13.0066699982,80.246421814,24430,24440,10
13.0066604614,80.2459716797,24440,24451,11
13.0066604614,80.2451095581,24451,24461,10
13.0066404343,80.2442474365,24461,24471,10
13.0065803528,80.2433624268,24471,24481,10
13.0065803528,80.242477417,24481,24491,10
13.0065803528,80.2416000366,24491,24501,10
13.0066795349,80.2407836914,24501,24511,10
13.0067996979,80.2400894165,24511,24521,10
13.006939888,80.2392425537,24521,24531,10
13.0071401596,80.2382202148,24531,24541,10
13.0073699951,80.2372436523,24541,24551,10
13.0074100494,80.2368164063,24551,24562,11
13.0074596405,80.2366790771,24562,24572,10
13.0075998306,80.2362213135,24572,24582,10
13.0077495575,80.2354812622,24582,24592,10
13.007900238,80.2346191406,24592,24602,10
13.0080900192,80.2336120605,24602,24618,16
13.0084600449,80.2316970825,24618,24630,12
13.0087499619,80.2302322388,24630,24638,8
13.0089597702,80.2292633057,24638,24650,12
13.0092802048,80.2279586792,24650,24660,10
13.009759903,80.2268829346,24660,24671,11
13.0102701187,80.2257919312,24671,24681,10
13.0107097626,80.2248687744,24681,24691,10
13.0110702515,80.2239532471,24691,24701,10
13.0113201141,80.2232971191,24701,24711,10
13.0115699768,80.2227325439,24711,24721,10
13.0119199753,80.2217712402,24721,24730,9
13.0122995377,80.2214584351,24730,24741,11
13.0125799179,80.2218399048,24741,24750,9
13.0129203796,80.2224197388,24750,24760,10
13.0135602951,80.2230987549,24760,24771,11
13.0142402649,80.2237091064,24771,24782,11
13.0147304535,80.2243423462,24782,24792,10
13.0152101517,80.2248001099,24792,24812,20
13.0152101517,80.2248001099,24812,24822,10
13.0153799057,80.224937439,24822,24832,10
13.0155897141,80.2250900269,24832,24842,10
13.0160398483,80.2253417969,24842,24852,10
13.016699791,80.2252731323,24852,24862,10
13.0174703598,80.2249603271,24862,24872,10
13.0182800293,80.2246170044,24872,24882,10
13.0193195343,80.2242965698,24882,24903,21
13.0193195343,80.2242965698,24903,24913,10
13.0193595886,80.2243118286,24913,24923,10
13.0196695328,80.2244796753,24923,24933,10
13.0201196671,80.2248077393,24933,24943,10
13.0207300186,80.2252731323,24943,24953,10
13.0214099884,80.2258224487,24953,24963,10
13.0221996307,80.2264404297,24963,24973,10
13.0229797363,80.227142334,24973,24983,10
13.0237598419,80.2278518677,24983,24994,11
13.0242996216,80.2284011841,24994,25004,10
13.0245399475,80.2286987305,25004,25014,10
13.0249500275,80.2292327881,25014,25023,9
13.025270462,80.229637146,25023,25034,11
13.0254602432,80.2298965454,25034,25044,10
13.0257797241,80.2303619385,25044,25054,10
13.0259504318,80.230796814,25054,25064,10
13.0260295868,80.2310714722,25064,25074,10
13.0262403488,80.231338501,25074,25084,10
13.0269098282,80.2311401367,25084,25094,10
13.0276899338,80.23097229,25094,25105,11
13.028380394,80.2308883667,25105,25115,10
13.0284795761,80.2309036255,25115,25125,10
13.0285902023,80.2309188843,25125,25135,10
13.0290298462,80.2308578491,25135,25145,10
13.0292100906,80.2308425903,25145,25155,10
13.0293998718,80.2307891846,25155,25165,10
13.0294399261,80.2307815552,25165,25175,10
13.0295000076,80.2307662964,25175,25185,10
13.0299100876,80.2307281494,25185,25195,10
13.030500412,80.2306671143,25195,25205,10
13.0306997299,80.2304992676,25205,25216,11
13.0306196213,80.2300033569,25216,25226,10
13.030380249,80.229347229,25226,25236,10
13.0303602219,80.2286911011,25236,25246,10
13.0304002762,80.2283096313,25246,25256,10
13.0304203033,80.2282180786,25256,25266,10
13.0304203033,80.2278289795,25266,25276,10
13.0304002762,80.2275390625,25276,25286,10
13.0299797058,80.2274169922,25286,25296,10
13.0292797089,80.2273025513,25296,25306,10
13.0288095474,80.2272109985,25306,25316,10
13.028719902,80.2271575928,25316,25327,11
13.0282402039,80.2270736694,25327,25337,10
13.0279502869,80.2268371582,25337,25347,10
13.0280599594,80.2262878418,25347,25357,10
13.0282201767,80.2255630493,25357,25367,10
13.0283203125,80.2247390747,25367,25377,10
13.028459549,80.2240600586,25377,25387,10
13.0285997391,80.2239990234,25387,25397,10
13.0288200378,80.2240524292,25397,25407,10
13.029250145,80.224281311,25407,25417,10
13.0299901962,80.224281311,25417,25428,11
13.0309200287,80.2242965698,25428,25438,10
13.0311698914,80.2239608765,25438,25448,10
13.0312204361,80.2232971191,25448,25458,10
13.03125,80.2232208252,25458,25468,10
13.0312795639,80.22290802,25468,25478,10
13.0314903259,80.2224502563,25478,25488,10
13.0316495895,80.2220687866,25488,25498,10
13.0320196152,80.2214126587,25498,25508,10
13.0321998596,80.2206268311,25508,25518,10
13.0322303772,80.2199478149,25518,25528,10
13.0322303772,80.2197875977,25528,25539,11
13.0322504044,80.2194671631,25539,25548,9
13.0322399139,80.218963623,25548,25559,11
13.031920433,80.2184295654,25559,25569,10
13.0315599442,80.2181015015,25569,25579,10
13.0315103531,80.217338562,25579,25589,10
13.0314302444,80.217048645,25589,25599,10
13.0310697556,80.2169876099,25599,25609,10
13.0306396484,80.2169189453,25609,25619,10
13.0305404663,80.2166824341,25619,25629,10
13.030500412,80.2165374756,25629,25639,10
13.0304498672,80.2161026001,25639,25650,11
13.0304203033,80.2153015137,25650,25660,10
13.0304002762,80.2147979736,25660,25670,10
13.0304298401,80.2145004272,25670,25680,10
13.0304203033,80.2145004272,25680,25690,10
13.0304803848,80.2142410278,25690,25700,10
13.0305204391,80.2137527466,25700,25710,10
13.0305595398,80.2135162354,25710,25720,10
13.0306301117,80.2131271362,25720,25730,10
13.0306797028,80.2124786377,25730,25740,10
13.0308103561,80.2117996216,25740,25750,10
13.0308799744,80.2115020752,25750,25761,11
13.0309000015,80.2110366821,25761,25771,10
13.0309801102,80.2106170654,25771,25781,10
13.0310401917,80.2102127075,25781,25791,10
13.0308704376,80.2100372314,25791,25801,10
13.0305204391,80.2099227905,25801,25811,10
13.0300598145,80.2097625732,25811,25827,16
13.0301303864,80.2092971802,25827,25839,12
13.0301599503,80.2092666626,25839,25847,8
13.0302600861,80.2091217041,25847,25859,12
13.0307798386,80.2091598511,25859,25870,11
13.0314702988,80.2093276978,25870,25880,10
13.0316400528,80.2094192505,25880,25890,10
13.0320997238,80.2095031738,25890,25900,10
13.0328397751,80.2096405029,25900,25910,10
13.0335197449,80.2097702026,25910,25919,9
13.0345802307,80.2099609375,25919,25930,11
13.0351896286,80.2097473145,25930,25940,10
13.0353002548,80.208732605,25940,25960,20
13.0353002548,80.208732605,25960,25971,11
13.0353899002,80.2083282471,25971,25981,10
13.0354604721,80.2077713013,25981,25991,10
13.0355901718,80.20703125,25991,26001,10
13.0357103348,80.2062530518,26001,26011,10
13.0358295441,80.205406189,26011,26021,10
13.0358600616,80.2051315308,26021,26031,10
13.035900116,80.2048416138,26031,26041,10
13.0360097885,80.2042236328,26041,26051,10
13.0361404419,80.2034072876,26051,26061,10
13.0362796783,80.2025222778,26061,26071,10
13.036359787,80.2017669678,26071,26082,11
13.0364198685,80.2015762329,26082,26092,10
13.0364198685,80.2014694214,26092,26102,10
13.03647995,80.2010879517,26102,26112,10
13.0365800858,80.2004089355,26112,26122,10
13.0367202759,80.1995620728,26122,26132,10
13.0368204117,80.1987609863,26132,26142,10
13.036860466,80.1984405518,26142,26152,10
13.0368995667,80.1981735229,26152,26168,16
13.0370397568,80.1971664429,26168,26180,12
13.0371398926,80.1963882446,26180,26188,8
13.0371704102,80.1963119507,26188,26200,12
13.0371904373,80.1960906982,26200,26212,12
13.037320137,80.1953964233,26212,26222,10
13.0374403,80.1946334839,26222,26232,10
13.037560463,80.1938400269,26232,26242,10
13.0376701355,80.1930389404,26242,26252,10
13.0379495621,80.1927871704,26252,26262,10
13.0384302139,80.1928024292,26262,26272,10
13.0387601852,80.1928482056,26272,26282,10
13.0388698578,80.1928787231,26282,26292,10
13.0393400192,80.1929397583,26292,26303,11
13.0396900177,80.1930236816,26303,26313,10
13.0398397446,80.193031311,26313,26323,10
13.0401697159,80.1930923462,26323,26333,10
13.0407800674,80.1931686401,26333,26343,10
13.0417203903,80.193321228,26343,26373,30
13.0417203903,80.193321228,26373,26383,10
13.0418395996,80.1935501099,26383,26393,10
13.0417804718,80.193901062,26393,26403,10
13.0417203903,80.1942901611,26403,26414,11
13.0416097641,80.1950531006,26414,26424,10
13.0414896011,80.1958007813,26424,26434,10
13.0414199829,80.1964416504,26434,26444,10
13.0414199829,80.1967391968,26444,26454,10
13.0413599014,80.1970596313,26454,26464,10
13.0412502289,80.1977005005,26464,26474,10
13.0410995483,80.198387146,26474,26484,10
13.0410203934,80.1990585327,26484,26494,10
13.0409402847,80.1995620728,26494,26504,10
13.0408401489,80.2001113892,26504,26514,10
13.0407495499,80.2009506226,26514,26525,11
13.040599823,80.2018432617,26525,26535,10
13.0405597687,80.2021865845,26535,26545,10
13.0404596329,80.202911377,26545,26555,10
13.0403404236,80.2037887573,26555,26565,10
13.0402202606,80.2044906616,26565,26575,10
13.0402297974,80.2049636841,26575,26585,10
13.0407800674,80.2051010132,26585,26595,10
13.0412101746,80.2052001953,26595,26605,10
13.0413503647,80.2052078247,26605,26621,16
13.0421800613,80.205329895,26621,26634,13
13.0428800583,80.2058868408,26634,26643,9
13.0433702469,80.20652771,26643,26654,11
13.0439100266,80.20728302,26654,26664,10
13.0441598892,80.2080688477,26664,26674,10
13.0441799164,80.2088394165,26674,26683,9
13.0441904068,80.2092437744,26683,26694,11
13.0441904068,80.2097320557,26694,26703,9
13.0442304611,80.2104873657,26703,26714,11
13.0442399979,80.2115020752,26714,26723,9
13.0443401337,80.2121887207,26723,26745,22
13.0443401337,80.2121887207,26745,26755,10
13.0444602966,80.2122802734,26755,26765,10
13.044960022,80.2122192383,26765,26775,10
13.0457801819,80.2122192383,26775,26785,10
13.0466995239,80.2121810913,26785,26795,10
13.04708004,80.2118606567,26795,26814,19
13.04708004,80.2118606567,26814,26825,11
13.04708004,80.2114486694,26825,26835,10
13.0470695496,80.2109832764,26835,26846,11
13.047369957,80.2108230591,26846,26856,10
13.0479898453,80.2108383179,26856,26866,10
13.0487203598,80.2108230591,26866,26876,10
13.0494203568,80.2108383179,26876,26886,10
13.0497102737,80.2107009888,26886,26896,10
13.0496797562,80.2101593018,26896,26906,10
13.0495996475,80.2095184326,26906,26916,10
13.0495004654,80.208770752,26916,26926,10
13.0492601395,80.2080383301,26926,26936,10
13.0489397049,80.2072372437,26936,26957,21
13.0489397049,80.2072372437,26957,26967,10
13.0489301682,80.2069625854,26967,26977,10
13.049249649,80.2069091797,26977,27168,191
13.0492801666,80.207069397,27168,28046,878
13.0492696762,80.2071609497,28046,28076,30
13.0492601395,80.2072906494,28076,28268,192
13.0492601395,80.2072906494,28268,28278,10
13.0492801666,80.2072372437,28278,28318,40
13.0492801666,80.2072372437,28318,28328,10
13.049030304,80.2072525024,28328,28338,10
13.0489597321,80.20728302,28338,28348,10
13.0490398407,80.2075881958,28348,28359,11
13.0492601395,80.2082214355,28359,28369,10
13.0494403839,80.2089004517,28369,28379,10
13.0495500565,80.2096405029,28379,28389,10
13.0496797562,80.2104415894,28389,28399,10
13.0497903824,80.2111587524,28399,28409,10
13.0499000549,80.2118301392,28409,28419,10
13.0498895645,80.2121276855,28419,28429,10
13.0496902466,80.2121429443,28429,28439,10
13.0496797562,80.2121429443,28439,28449,10
13.0495595932,80.2121124268,28449,28459,10
13.0491895676,80.2121276855,28459,28469,10
13.0486297607,80.2121582031,28469,28480,11
13.0479202271,80.2122421265,28480,28490,10
13.0471000671,80.2123031616,28490,28500,10
13.0461597443,80.2123184204,28500,28510,10
13.0452604294,80.2123336792,28510,28520,10
13.0446596146,80.212348938,28520,28530,10
13.0445995331,80.2123718262,28530,28539,9
13.0443401337,80.2123413086,28539,28560,21
13.0445299149,80.212387085,28560,28591,31
13.0445299149,80.212387085,28591,28601,10
13.0444602966,80.2122268677,28601,28611,10
13.0443096161,80.2122421265,28611,28621,10
13.044260025,80.2116775513,28621,28631,10
13.0442199707,80.2109985352,28631,28641,10
13.0441703796,80.2102432251,28641,28651,10
13.0441398621,80.2094802856,28651,28661,10
13.0441398621,80.2089767456,28661,28681,20
13.0441398621,80.2089767456,28681,28692,11
13.0441198349,80.2085571289,28692,28702,10
13.0440998077,80.2079086304,28702,28712,10
13.0437803268,80.2071762085,28712,28722,10
13.0432701111,80.2065200806,28722,28732,10
13.0427503586,80.2058029175,28732,28742,10
13.0421199799,80.205368042,28742,28752,10
13.0416002274,80.2052612305,28752,28762,10
13.0410404205,80.2051696777,28762,28772,10
13.0408496857,80.2051315308,28772,28782,10
13.0407600403,80.205116272,28782,28792,10
13.0403900146,80.2050933838,28792,28803,11
13.0398702621,80.205039978,28803,28813,10
13.0392999649,80.2049636841,28813,28823,10
13.0387802124,80.2048416138,28823,28833,10
13.0382995605,80.204788208,28833,28843,10
13.0381498337,80.2045516968,28843,28853,10
13.0382404327,80.2040710449,28853,28863,10
13.0383195877,80.2034606934,28863,28873,10
13.0384302139,80.202796936,28873,28883,10
13.0385198593,80.2022399902,28883,28893,10
13.0385398865,80.2019500732,28893,28903,10
13.0385799408,80.2017822266,28903,28914,11
13.0386199951,80.2013702393,28914,28924,10
13.0387096405,80.2008132935,28924,28934,10
13.0388202667,80.2002105713,28934,28944,10
13.0389699936,80.199256897,28944,28964,20
13.0389699936,80.199256897,28964,28974,10
13.0390100479,80.198928833,28974,28984,10
13.0390901566,80.1982803345,28984,28994,10
13.0392198563,80.1975479126,28994,29004,10
13.0392999649,80.1969528198,29004,29014,10
13.0392999649,80.196937561,29014,29025,11
13.039349556,80.1965789795,29025,29035,10
13.0394201279,80.1960830688,29035,29045,10
13.0395202637,80.1953811646,29045,29055,10
13.0396203995,80.1946029663,29055,29065,10
13.0397996902,80.1933135986,29065,29085,20
13.0397996902,80.1933135986,29085,29095,10
13.0398197174,80.1930999756,29095,29105,10
13.0396699905,80.193031311,29105,29122,17
13.0388402939,80.1929016113,29122,29134,12
13.0386400223,80.1928482056,29134,29144,10
13.038599968,80.1928329468,29144,29154,10
13.038310051,80.1928100586,29154,29164,10
13.0379400253,80.1928100586,29164,29174,10
13.0376396179,80.193069458,29174,29184,10
13.0375404358,80.1937179565,29184,29193,9
13.0374498367,80.1944198608,29193,29204,11
13.0373001099,80.1953887939,29204,29214,10
13.0372400284,80.1959381104,29214,29234,20
13.0372400284,80.1959381104,29234,29245,11
13.037229538,80.1960067749,29245,29255,10
13.037150383,80.1964111328,29255,29265,10
13.0370397568,80.1970672607,29265,29275,10
13.036939621,80.1977996826,29275,29285,10
13.0368404388,80.1986083984,29285,29315,30
13.0368404388,80.1986083984,29315,29325,10
13.0367298126,80.1989974976,29325,29335,10
13.036649704,80.1996231079,29335,29345,10
13.0365200043,80.2004013062,29345,29356,11
13.0363998413,80.2012023926,29356,29366,10
13.0363702774,80.2016220093,29366,29376,10
13.0363502502,80.2017974854,29376,29386,10
13.0362997055,80.2019195557,29386,29396,10
13.0362501144,80.2023391724,29396,29406,10
13.0361995697,80.2029037476,29406,29416,10
13.0360803604,80.2036514282,29416,29426,10
13.0360002518,80.2042922974,29426,29436,10
13.0359401703,80.2046813965,29436,29446,10
13.0358600616,80.2052764893,29446,29457,11
13.035779953,80.2057876587,29457,29467,10
13.0357503891,80.2058868408,29467,29477,10
13.0356798172,80.2062911987,29477,29487,10
13.0355997086,80.2069473267,29487,29497,10
13.0355195999,80.2077026367,29497,29507,10
13.0354003906,80.208480835,29507,29537,30
13.0354003906,80.208480835,29537,29547,10
13.0353097916,80.2089385986,29547,29557,10
13.035200119,80.209602356,29557,29568,11
13.0351200104,80.2103500366,29568,29577,9
13.0349702835,80.2107391357,29577,29588,11
13.0348501205,80.2114181519,29588,29598,10
13.0346899033,80.212097168,29598,29608,10
13.0341596603,80.212059021,29608,29618,10
13.0334501266,80.2119827271,29618,29628,10
13.0327396393,80.2119216919,29628,29638,10
13.0325202942,80.2118682861,29638,29648,10
13.0324897766,80.2118682861,29648,29658,10
13.0321502686,80.211807251,29658,29668,10
13.031920433,80.211479187,29668,29679,11
13.0320396423,80.2107391357,29679,29689,10
13.0321102142,80.2100524902,29689,29699,10
13.0321102142,80.2097473145,29699,29709,10
13.0318603516,80.2096099854,29709,29719,10
13.0313501358,80.2094192505,29719,29729,10
13.0305995941,80.2092590332,29729,29739,10
13.0301399231,80.2093276978,29739,29759,20
13.0301399231,80.2093276978,29759,29769,10
13.030090332,80.2094573975,29769,29779,10
13.0300197601,80.2097167969,29779,29790,11
13.0304203033,80.2098770142,29790,29800,10
13.0309000015,80.2099990845,29800,29810,10
13.0310001373,80.2102127075,29810,29820,10
13.0309400558,80.2106018066,29820,29830,10
13.0308704376,80.2110824585,29830,29840,10
13.0308303833,80.2114181519,29840,29850,10
13.0307798386,80.211807251,29850,29860,10
13.0306997299,80.2121887207,29860,29870,10
13.0306596756,80.2125778198,29870,29880,10
13.0305995941,80.2129821777,29880,29891,11
13.0305299759,80.2134399414,29891,29901,10
13.0304803848,80.2137680054,29901,29911,10
13.0304002762,80.2142333984,29911,29921,10
13.030380249,80.2146987915,29921,29931,10
13.0303602219,80.2147293091,29931,29941,10
13.0303001404,80.2148284912,29941,29951,10
13.0303297043,80.2152023315,29951,29961,10
13.0303602219,80.2156829834,29961,29971,10
13.0304002762,80.2162399292,29971,29981,10
13.0304403305,80.2167892456,29981,29991,10
13.0306596756,80.2168579102,29991,30001,10
13.0307598114,80.2169036865,30001,30012,11
13.0311803818,80.2169418335,30012,30028,16
13.0314798355,80.2173233032,30028,30040,12
13.0314998627,80.2180862427,30040,30050,10
13.0318698883,80.2183990479,30050,30059,9
13.0322399139,80.2185974121,30059,30070,11
13.0322198868,80.2192764282,30070,30082,12
13.03221035,80.219909668,30082,30092,10
13.0322303772,80.2202835083,30092,30113,21
13.0322303772,80.2202835083,30113,30123,10
13.0321998596,80.220489502,30123,30134,11
13.0320596695,80.2210235596,30134,30144,10
13.031920433,80.2216186523,30144,30154,10
13.0316295624,80.2221832275,30154,30164,10
13.0314798355,80.2224884033,30164,30174,10
13.0312404633,80.2229614258,30174,30184,10
13.0311603546,80.2236480713,30184,30194,10
13.031129837,80.2238769531,30194,30204,10
13.0311403275,80.2239379883,30204,30214,10
13.0311403275,80.224281311,30214,30225,11
13.0307397842,80.2242965698,30225,30235,10
13.030090332,80.2242584229,30235,30245,10
13.0290298462,80.2242279053,30245,30265,20
13.0290298462,80.2242279053,30265,30275,10
13.0289201736,80.2241363525,30275,30285,10
13.0286102295,80.2240371704,30285,30295,10
13.0284004211,80.2244873047,30295,30305,10
13.0282402039,80.2251663208,30305,30315,10
13.0281000137,80.2258911133,30315,30326,11
13.0279598236,80.2265701294,30326,30336,10
13.0278997421,80.2268981934,30336,30346,10
13.0281295776,80.2271270752,30346,30356,10
13.0285596848,80.227180481,30356,30376,20
13.0285596848,80.227180481,30376,30386,10
13.0286798477,80.2271881104,30386,30396,10
13.0289497375,80.2272109985,30396,30406,10
13.0293998718,80.2272720337,30406,30416,10
13.0299196243,80.2273635864,30416,30426,10
13.0303897858,80.227432251,30426,30442,16
13.030380249,80.2282104492,30442,30465,23
13.030380249,80.2282104492,30465,30475,10
13.0303602219,80.2284927368,30475,30485,10
13.0303001404,80.2290496826,30485,30495,10
13.0304498672,80.2296524048,30495,30505,10
13.0306301117,80.2302322388,30505,30515,10
13.0306997299,80.2305831909,30515,30525,10
13.0306100845,80.2307434082,30525,30535,10
13.0298500061,80.230796814,30535,30556,21
13.0298500061,80.230796814,30556,30566,10
13.0295495987,80.2308273315,30566,30576,10
13.0290298462,80.2308731079,30576,30586,10
13.0283498764,80.2309188843,30586,30596,10
13.0277700424,80.2309799194,30596,30605,9
13.0276603699,80.2312393188,30605,30616,11
13.0276899338,80.231842041,30616,30626,10
13.0277900696,80.2323989868,30626,30636,10
13.0277395248,80.2328109741,30636,30646,10
13.0270700455,80.2329177856,30646,30707,61
13.0270700455,80.2329177856,30707,30716,9
13.0269603729,80.2329177856,30716,30727,11
13.026720047,80.2329483032,30727,30737,10
13.0264501572,80.2329101563,30737,30747,10
13.0262699127,80.232421875,30747,30757,10
13.0261001587,80.2316665649,30757,30768,11
13.0258398056,80.23072052,30768,30778,10
13.0253400803,80.2299194336,30778,30788,10
13.0248403549,80.2292709351,30788,30798,10
13.0247097015,80.2291107178,30798,30808,10
13.0246696472,80.2290878296,30808,30818,10
13.024430275,80.2287597656,30818,30828,10
13.0239896774,80.2282714844,30828,30848,20
13.0239896774,80.2282714844,30848,30858,10
13.0239095688,80.2281417847,30858,30868,10
13.0237398148,80.227897644,30868,30879,11
13.0233697891,80.2275466919,30879,30889,10
13.022939682,80.2270812988,30889,30899,10
13.0223903656,80.2266235352,30899,30909,10
13.0217399597,80.2260971069,30909,30919,10
13.0210504532,80.2255401611,30919,30929,10
13.0204696655,80.2251281738,30929,30939,10
13.019900322,80.2247695923,30939,30949,10
13.0190601349,80.2244567871,30949,30959,10
13.0180597305,80.2247390747,30959,30969,10
13.0171403885,80.2251205444,30969,30979,10
13.0164804459,80.2254180908,30979,30989,10
13.0160598755,80.2255935669,30989,31000,11
13.0154495239,80.2258071899,31000,31010,10
13.0147800446,80.2260818481,31010,31020,10
13.0142498016,80.2262878418,31020,31050,30
13.0142498016,80.2262878418,31050,31060,10
13.0140800476,80.226348877,31060,31070,10
13.013759613,80.2265090942,31070,31080,10
13.013420105,80.2266311646,31080,31090,10
13.0129804611,80.2267990112,31090,31101,11
13.0124197006,80.2269973755,31101,31111,10
13.0118198395,80.2272262573,31111,31121,10
13.0111198425,80.2275238037,31121,31131,10
13.0103998184,80.2278213501,31131,31141,10
13.0096597672,80.2281494141,31141,31151,10
13.0091495514,80.2286529541,31151,31161,10
13.0090103149,80.2294311523,31161,31171,10
13.0088596344,80.2303466797,31171,31302,131
13.0088596344,80.2303466797,31302,31313,11
13.0087604523,80.2307434082,31313,31323,10
13.008649826,80.231300354,31323,31333,10
13.008480072,80.2321777344,31333,31343,10
13.0083398819,80.232963562,31343,31353,10
13.0082902908,80.2333984375,31353,31373,20
13.0082902908,80.2333984375,31373,31383,10
13.0082302094,80.2334899902,31383,31393,10
13.0081701279,80.233757019,31393,31403,10
13.0080699921,80.2342376709,31403,31413,10
13.0079298019,80.234916687,31413,31424,11
13.0077600479,80.2358016968,31424,31434,10
13.0075798035,80.2367401123,31434,31444,10
13.0073795319,80.237701416,31444,31454,10
13.0072402954,80.2385406494,31454,31464,10
13.0071201324,80.2391967773,31464,31474,10
13.006939888,80.2399368286,31474,31504,30
13.006939888,80.2399368286,31504,31514,10
13.0069503784,80.2400665283,31514,31524,10
13.0069103241,80.2404327393,31524,31535,11
13.0068302155,80.2409210205,31535,31545,10
13.0067796707,80.2414779663,31545,31555,10
13.0067796707,80.2416381836,31555,31565,10
13.006770134,80.2417221069,31565,31575,10
13.0067596436,80.2421112061,31575,31585,10
13.0067501068,80.2426681519,31585,31595,10
13.0067300797,80.2430801392,31595,31605,10
13.0067195892,80.2433776855,31605,31615,10
13.0067195892,80.2437133789,31615,31625,10
13.0067100525,80.2442398071,31625,31635,10
13.0067501068,80.2447509766,31635,31646,11
13.0066900253,80.2453308105,31646,31704,58
13.0066900253,80.2453308105,31704,31714,10
13.0067100525,80.2458724976,31714,31724,10
13.0067300797,80.2463378906,31724,31734,10
13.0067300797,80.246887207,31734,31744,10
13.0067195892,80.2475280762,31744,31755,11
13.0067300797,80.2484436035,31755,31765,10
13.0068798065,80.2495193481,31765,31794,29
13.0068798065,80.2495193481,31794,31805,11
13.0068798065,80.2496032715,31805,31815,10
13.0068798065,80.2500610352,31815,31825,10
13.0068798065,80.2506790161,31825,31835,10
13.0068702698,80.2509994507,31835,31845,10
13.0068798065,80.2510070801,31845,31855,10
13.0068397522,80.2513809204,31855,31866,11
13.0066699982,80.2520980835,31866,31876,10
13.0065498352,80.2528915405,31876,31886,10
13.0065698624,80.2537612915,31886,31896,10
13.0066099167,80.2545928955,31896,31906,10
13.0066204071,80.2550964355,31906,31916,10
13.0066204071,80.2551193237,31916,31932,16
13.0066003799,80.2552871704,31932,31944,12
13.0066099167,80.2559814453,31944,31952,8
13.0066204071,80.2565307617,31952,31964,12
13.0066299438,80.2571411133,31964,31975,11
13.0066003799,80.2571334839,31975,32005,30
13.0066003799,80.2571334839,32005,32015,10
13.0066699982,80.2571716309,32015,32024,9
13.0067396164,80.2574615479,32024,32035,11
13.0062904358,80.2575302124,32035,32045,10
13.0058097839,80.2574234009,32045,32054,9
13.005279541,80.2573013306,32054,32065,11
13.0045204163,80.2570877075,32065,32075,10
13.0040102005,80.256980896,32075,32086,11
13.003780365,80.2568969727,32086,32096,10
13.0037298203,80.2568969727,32096,32106,10
13.0034999847,80.2568206787,32106,32166,60
13.0034999847,80.2568206787,32166,32176,10
13.0033998489,80.2568206787,32176,32186,10
13.003080368,80.2567825317,32186,32197,11
13.0026502609,80.2566833496,32197,32207,10
13.0021696091,80.2566070557,32207,32217,10
13.0019102097,80.2565536499,32217,32297,80
13.0019102097,80.2565536499,32297,32308,11
13.0015096664,80.2564468384,32308,32318,10
13.00096035,80.2564086914,32318,32328,10
13.0003099442,80.2563476563,32328,32338,10
13.000169754,80.2563095093,32338,32348,10
13.0000896454,80.2562408447,32348,32358,10
12.9996404648,80.2561721802,32358,32368,10
12.9989500046,80.2560424805,32368,32378,10
12.9983196259,80.2559585571,32378,32388,10
12.9978103638,80.2559432983,32388,32419,31
12.9978103638,80.2559432983,32419,32429,10
12.9976301193,80.2559509277,32429,32439,10
12.997300148,80.2559204102,32439,32449,10
12.9969997406,80.2560119629,32449,32459,10
12.9969396591,80.2565536499,32459,32469,10
12.996919632,80.2568664551,32469,32479,10
12.9969100952,80.2571029663,32479,32489,10
12.9968900681,80.25730896,32489,32499,10
12.9968204498,80.2579116821,32499,32509,10
12.9967298508,80.2586364746,32509,32519,10
12.9966402054,80.2593307495,32519,32530,11
12.9965400696,80.2600402832,32530,32540,10
12.9964799881,80.2608566284,32540,32550,10
12.9964103699,80.261680603,32550,32560,10
12.996339798,80.2622528076,32560,32570,10
12.9963102341,80.2623901367,32570,32580,10
12.9963302612,80.2623977661,32580,32590,10
12.9962797165,80.2628173828,32590,32600,10
12.9962596893,80.2634277344,32600,32610,10
12.9961204529,80.2642593384,32610,32620,10
12.9960403442,80.2648925781,32620,32630,10
12.9959697723,80.2655563354,32630,32641,11
12.995880127,80.2665100098,32641,32651,10
12.9957799911,80.2673873901,32651,32661,10
12.9962797165,80.2677230835,32661,32681,20
12.9962797165,80.2677230835,32681,32691,10
12.9964895248,80.2677001953,32691,32701,10
12.9970903397,80.2676773071,32701,32711,10
12.997759819,80.2674865723,32711,32721,10
12.9985198975,80.2672576904,32721,32731,10
12.9993200302,80.2670211792,32731,32742,11
13.000120163,80.2665863037,32742,32772,30
13.000120163,80.2665863037,32772,32782,10
13.0001497269,80.266418457,32782,32792,10
13.0002002716,80.2659378052,32792,32802,10
13.0003499985,80.2658004761,32802,32832,30
13.0003499985,80.2658004761,32832,32842,10
13.0003499985,80.2661819458,32842,32853,11
13.0003004074,80.2663803101,32853,32873,20
13.000289917,80.2664031982,32873,34104,1231
13.000289917,80.2664031982,34104,34114,10
13.0003595352,80.2665176392,34114,34124,10
13.0003204346,80.2665176392,34124,34134,10
13.0003404617,80.2667007446,34134,34144,10
13.0002698898,80.2668380737,34144,34154,10
13.0000400543,80.2669372559,34154,34164,10
12.9995298386,80.267036438,34164,34174,10
12.9989595413,80.2671966553,34174,34185,11
12.998290062,80.2673721313,34185,34195,10
12.9977302551,80.2675094604,34195,34205,10
12.9973602295,80.267616272,34205,34217,12
12.9968299866,80.2677612305,34217,34227,10
12.9963302612,80.2677764893,34227,34237,10
12.9958600998,80.2677383423,34237,34247,10
12.995759964,80.2673797607,34247,34267,20
12.995759964,80.2673797607,34267,34277,10
12.9957704544,80.2672805786,34277,34288,11
12.9957895279,80.2668304443,34288,34298,10
12.9958200455,80.2662277222,34298,34308,10
12.995880127,80.2654571533,34308,34318,10
12.9959402084,80.2648468018,34318,34328,10
12.9960002899,80.2641601563,34328,34338,10
12.9960803986,80.2634277344,34338,34348,10
12.9961500168,80.2629776001,34348,34358,10
12.9962301254,80.2625808716,34358,34378,20
12.9962301254,80.2625808716,34378,34388,10
12.9961795807,80.2625198364,34388,34399,11
12.9962501526,80.262298584,34399,34409,10
12.9962396622,80.2622680664,34409,34419,10
12.9962701797,80.2619171143,34419,34429,10
12.996339798,80.2615432739,34429,34439,10
12.9964199066,80.2608108521,34439,34449,10
12.9964895248,80.2601699829,34449,34459,10
12.9965000153,80.2595367432,34459,34469,10
12.9965000153,80.259437561,34469,34479,10
12.9965400696,80.2591400146,34479,34489,10
12.996629715,80.2585830688,34489,34499,10
12.9966802597,80.2578430176,34499,34510,11
12.9967899323,80.2569274902,34510,34520,10
12.9968099594,80.256401062,34520,34560,40
12.9968099594,80.256401062,34560,34570,10
12.9970197678,80.2562103271,34570,34580,10
12.9969797134,80.256187439,34580,34590,10
12.9969501495,80.255897522,34590,34600,10
12.9972696304,80.2558364868,34600,34610,10
12.9978399277,80.2558822632,34610,34621,11
12.9984903336,80.2559814453,34621,34631,10
12.9988203049,80.2560272217,34631,34661,30
12.9988203049,80.2560272217,34661,34671,10
12.9990501404,80.2560882568,34671,34681,10
12.9994897842,80.2561569214,34681,34691,10
13.0000295639,80.2562637329,34691,34701,10
13.0006198883,80.2563781738,34701,34711,10
13.0010204315,80.2564620972,34711,34742,31
13.0010204315,80.2564620972,34742,34752,10
13.0012702942,80.2564926147,34752,34762,10
13.0015697479,80.2565383911,34762,34772,10
13.0020704269,80.2566375732,34772,34782,10
13.0026903152,80.2567367554,34782,34792,10
13.0032196045,80.2568588257,34792,34802,10
13.0038299561,80.256980896,34802,34812,10
13.0043401718,80.2570877075,34812,34822,10
13.0047397614,80.2571487427,34822,34832,10
13.0052604675,80.257232666,34832,34843,11
13.0058202744,80.2573318481,34843,34853,10
13.0061903,80.2574005127,34853,34863,10
13.0061998367,80.2573928833,34863,34873,10
13.0065097809,80.2574768066,34873,34883,10
13.0066099167,80.2574920654,34883,34893,10
13.0066299438,80.2571868896,34893,34903,10
13.0065097809,80.2565383911,34903,34913,10
13.0064401627,80.2557678223,34913,34929,16
13.0065097809,80.2545471191,34929,34941,12
13.0065202713,80.253578186,34941,34949,8
13.0065202713,80.2532424927,34949,34961,12
13.0065402985,80.2532196045,34961,34971,10
13.0066299438,80.2529220581,34971,34981,10
13.0065603256,80.252456665,34981,34992,11
13.0066795349,80.2518692017,34992,35022,30
13.0064296722,80.2519378662,35022,35063,41
13.0064296722,80.2519378662,35063,35073,10
13.0065097809,80.2517318726,35073,35083,10
13.006649971,80.2511367798,35083,35093,10
13.0066604614,80.250289917,35093,35103,10
13.0066995621,80.2496414185,35103,35113,10
13.006770134,80.2496032715,35113,35123,10
13.0067796707,80.2491989136,35123,35133,10
13.0067796707,80.2488021851,35133,35194,61
13.0067796707,80.2488021851,35194,35204,10
13.0068101883,80.2485580444,35204,35214,10
13.0067796707,80.2482528687,35214,35224,10
13.0067300797,80.247833252,35224,35234,10
13.0067100525,80.2472381592,35234,35244,10
13.0066404343,80.2466812134,35244,35254,10
13.0066404343,80.2465591431,35254,35264,10
13.0066604614,80.2464370728,35264,35274,10
13.0066795349,80.2458724976,35274,35285,11
13.0066604614,80.2452011108,35285,35295,10
13.0066404343,80.2447967529,35295,35305,10
13.0066404343,80.2444381714,35305,35315,10
13.0066099167,80.2440032959,35315,35325,10
13.0066299438,80.2434921265,35325,35335,10
13.0066099167,80.2429504395,35335,35345,10
13.0066003799,80.2422027588,35345,35355,10
13.0065803528,80.2416687012,35355,35365,10
13.0066003799,80.2416229248,35365,35375,10
13.0066003799,80.2413406372,35375,35385,10
13.0066204071,80.2411422729,35385,35395,10
13.0066699982,80.2408065796,35395,35412,17
13.0068902969,80.2397003174,35412,35424,12
13.0070800781,80.2387924194,35424,35434,10
13.0072002411,80.2381973267,35434,35443,9
13.007349968,80.2375564575,35443,35454,11
13.0074796677,80.2367782593,35454,35475,21
13.0074796677,80.2367782593,35475,35485,10
13.0075798035,80.2364425659,35485,35495,10
13.0076999664,80.235786438,35495,35506,11
13.0078496933,80.2350997925,35506,35516,10
13.0079402924,80.2345199585,35516,35526,10
13.0081195831,80.2336502075,35526,35536,10
13.0083398819,80.2325973511,35536,35546,10
13.0085601807,80.2314376831,35546,35556,10
13.0088195801,80.2302474976,35556,35566,10
13.0090398788,80.2290802002,35566,35576,10
13.0092697144,80.2280502319,35576,35586,10
13.0097398758,80.2270431519,35586,35596,10
13.0101699829,80.2260971069,35596,35606,10
13.0105199814,80.2254104614,35606,35617,11
13.0106801987,80.2250671387,35617,35627,10
13.0108299255,80.224647522,35627,35637,10
13.0110702515,80.2240524292,35637,35647,10
13.0112600327,80.2235336304,35647,35657,10
13.0114603043,80.2230224609,35657,35667,10
13.0117397308,80.2222976685,35667,35677,10
13.0119800568,80.2216186523,35677,35687,10
13.0120697021,80.2214889526,35687,35697,10
13.0122995377,80.2213821411,35697,35707,10
13.0124702454,80.2216033936,35707,35717,10
13.0127000809,80.2220611572,35717,35728,11
13.0129804611,80.2225112915,35728,35738,10
13.013420105,80.2228469849,35738,35748,10
13.0139398575,80.2233276367,35748,35768,20
13.0139398575,80.2233276367,35768,35778,10
13.0142698288,80.2235565186,35778,35788,10
13.0145702362,80.2238311768,35788,35798,10
13.0149097443,80.224319458,35798,35808,10
13.0153598785,80.224861145,35808,35828,20
13.0153598785,80.224861145,35828,35838,10
13.0155000687,80.2249679565,35838,35849,11
13.0158596039,80.2252426147,35849,35865,16
13.0168199539,80.2251815796,35865,35877,12
13.0174102783,80.2249526978,35877,35885,8
13.0177001953,80.224822998,35885,35897,12
13.0181303024,80.2246627808,35897,35917,20
13.0181303024,80.2246627808,35917,35927,10
13.0183296204,80.2245788574,35927,35937,10
13.0185804367,80.2244567871,35937,35947,10
13.0189504623,80.2243118286,35947,35958,11
13.0192899704,80.2242889404,35958,36028,70
13.0192899704,80.2242889404,36028,36038,10
13.0195798874,80.2243804932,36038,36048,10
13.0197601318,80.2245025635,36048,36065,17
13.0203895569,80.2249832153,36065,36077,12
13.02064991,80.225151062,36077,36087,10
13.0207996368,80.2252578735,36087,36096,9
13.0210695267,80.225479126,36096,36106,10
13.0212001801,80.2256011963,36106,36117,11
13.0214395523,80.2258224487,36117,36127,10
13.0217103958,80.225982666,36127,36137,10
13.0217599869,80.2260131836,36137,36147,10
13.0218095779,80.2260513306,36147,36156,9
13.0220603943,80.2262268066,36156,36166,10
13.0222501755,80.226348877,36166,36178,12
13.0225000381,80.2265625,36178,36198,20
13.0225000381,80.2265625,36198,36208,10
13.0226402283,80.2266921997,36208,36218,10
13.0227298737,80.2267913818,36218,36228,10
13.022939682,80.2269973755,36228,36248,20
13.022939682,80.2269973755,36248,36258,10
13.0232400894,80.2273483276,36258,36268,10
13.0235099792,80.2275390625,36268,36278,10
13.0237398148,80.227722168,36278,36309,31
13.0237398148,80.227722168,36309,36319,10
13.023900032,80.2277984619,36319,36329,10
13.0241699219,80.2281570435,36329,36339,10
13.0243797302,80.228477478,36339,36349,10
13.0245895386,80.2287826538,36349,36359,10
13.024720192,80.2290115356,36359,36369,10
13.0249099731,80.2292785645,36369,36379,10
13.0252599716,80.2296524048,36379,36389,10
13.0253601074,80.2297515869,36389,36400,11
13.0255899429,80.2300720215,36400,36410,10
13.0257797241,80.2304382324,36410,36420,10
13.0259304047,80.2307891846,36420,36480,60
13.0259304047,80.2307891846,36480,36490,10
13.0259599686,80.2311019897,36490,36500,10
13.0260095596,80.2312927246,36500,36511,11
13.0264797211,80.2312164307,36511,36521,10
13.0270996094,80.2310714722,36521,36531,10
13.0278196335,80.2309494019,36531,36541,10
13.028429985,80.2308883667,36541,36551,10
13.0284900665,80.2308807373,36551,36561,10
13.0286998749,80.2308578491,36561,36591,30
13.0286998749,80.2308578491,36591,36601,10
13.0288801193,80.2308883667,36601,36611,10
13.0291996002,80.2308425903,36611,36622,11
13.029540062,80.2307891846,36622,36632,10
13.0298299789,80.230758667,36632,36642,10
13.02987957,80.230758667,36642,36652,10
13.0301399231,80.23072052,36652,36743,91
13.0306396484,80.2306900024,36743,36773,30
13.0306396484,80.2306900024,36773,36783,10
13.0307197571,80.230430603,36783,36793,10
13.0306797028,80.2302017212,36793,36803,10
13.030579567,80.2298812866,36803,36813,10
13.030380249,80.2294006348,36813,36823,10
13.0303602219,80.2287368774,36823,36834,11
13.0304203033,80.2282791138,36834,36844,10
13.0304203033,80.2282714844,36844,36854,10
13.0304203033,80.2280807495,36854,36864,10
13.0304698944,80.2276535034,36864,36874,10
13.0301303864,80.2274398804,36874,36884,10
13.0294103622,80.2273330688,36884,36894,10
13.0287799835,80.2272415161,36894,36904,10
13.0287399292,80.2272186279,36904,36914,10
13.0284700394,80.2271575928,36914,36924,10
13.0281200409,80.2270965576,36924,36934,10
13.0279302597,80.2267990112,36934,36944,10
13.0280704498,80.2261123657,36944,36955,11
13.0282497406,80.2252731323,36955,36965,10
13.0284404755,80.2244415283,36965,36981,16
13.0287599564,80.223991394,36981,36993,12
13.0288095474,80.2239990234,36993,37003,10
13.0289402008,80.2240905762,37003,37012,9
13.0294103622,80.224281311,37012,37023,11
13.0301399231,80.224281311,37023,37033,10
13.0307998657,80.224281311,37033,37043,10
13.0311603546,80.2240829468,37043,37053,10
13.0311899185,80.2235183716,37053,37064,11
13.03125,80.22315979,37064,37074,10
13.0313196182,80.2230682373,37074,37084,10
13.0313596725,80.2227630615,37084,37094,10
13.0316095352,80.2222671509,37094,37104,10
13.0318603516,80.2216873169,37104,37114,10
13.031999588,80.2213516235,37114,37124,10
13.0321397781,80.2207794189,37124,37134,10
13.0322303772,80.2201385498,37134,37144,10
13.0322599411,80.2198562622,37144,37154,10
13.0322999954,80.2197875977,37154,37164,10
13.0323200226,80.2195510864,37164,37175,11
13.0322904587,80.2189178467,37175,37185,10
13.0319795609,80.218460083,37185,37195,10
13.0315303802,80.2181396484,37195,37205,10
13.0314798355,80.217338562,37205,37215,10
13.031370163,80.2169876099,37215,37225,10
13.030960083,80.2169876099,37225,37235,10
13.030500412,80.2169265747,37235,37245,10
13.0304498672,80.2166366577,37245,37255,10
13.0304203033,80.2165222168,37255,37265,10
13.0304298401,80.2161636353,37265,37276,11
13.030380249,80.2155609131,37276,37286,10
13.0303602219,80.2149200439,37286,37296,10
13.0303897858,80.2144699097,37296,37306,10
13.0304002762,80.2144699097,37306,37316,10
13.030500412,80.2141036987,37316,37326,10
13.0305595398,80.2136764526,37326,37336,10
13.0305900574,80.2134170532,37336,37346,10
13.0306396484,80.2129364014,37346,37356,10
13.0307102203,80.2123565674,37356,37366,10
13.0307798386,80.2120437622,37366,37376,10
13.0308303833,80.2117614746,37376,37386,10
13.0308599472,80.2115020752,37386,37397,11
13.0309295654,80.2110595703,37397,37407,10
13.0309495926,80.2107772827,37407,37417,10
13.0310201645,80.2102432251,37417,37427,10
13.0309400558,80.2100372314,37427,37443,16
13.0303201675,80.2098999023,37443,37455,12
13.0300102234,80.2096176147,37455,37465,10
13.0301599503,80.2092437744,37465,37485,20
13.0302000046,80.2092208862,37485,37516,31
13.0302000046,80.2092208862,37516,37526,10
13.0303297043,80.2090377808,37526,37536,10
13.030790329,80.2091522217,37536,37545,9
13.0316495895,80.2093963623,37545,37566,21
13.0316495895,80.2093963623,37566,37576,10
13.0317401886,80.2094421387,37576,37586,10
13.0321502686,80.2094497681,37586,37596,10
13.0327997208,80.2095718384,37596,37607,11
13.0335597992,80.2097320557,37607,37617,10
13.0344495773,80.2098999023,37617,37627,10
13.0350904465,80.2099075317,37627,37637,10
13.0352201462,80.2093963623,37637,37647,10
13.0353097916,80.2086791992,37647,37667,20
13.0353097916,80.2086791992,37667,37677,10
13.035320282,80.2084579468,37677,37687,10
13.0354099274,80.2078781128,37687,37697,10
13.0355501175,80.20703125,37697,37707,10
13.03565979,80.2062225342,37707,37717,10
13.0354995728,80.2059173584,37717,37728,11
13.0355195999,80.2054977417,37728,37738,10
13.0355100632,80.2054672241,37738,37748,10
13.03565979,80.2052383423,37748,37758,10
13.0358600616,80.2049331665,37758,37768,10
13.035949707,80.2043991089,37768,37778,10
13.0360403061,80.2038116455,37778,37788,10
13.0361404419,80.2030792236,37788,37798,10
13.036239624,80.2023010254,37798,37808,10
13.0363101959,80.2017822266,37808,37828,20
13.0363101959,80.2017822266,37828,37839,11
13.0363702774,80.2014923096,37839,37849,10
13.0363702774,80.2013778687,37849,37859,10
13.0364303589,80.2010116577,37859,37869,10
13.0365400314,80.2004165649,37869,37879,10
13.0366401672,80.1996536255,37879,37889,10
13.0368003845,80.1983795166,37889,37909,20
13.0368003845,80.1983795166,37909,37919,10
13.0368900299,80.1980133057,37919,37929,10
13.036939621,80.197517395,37929,37939,10
13.0370597839,80.1968307495,37939,37950,11
13.0370998383,80.1963195801,37950,37960,10
13.0371103287,80.1963195801,37960,37970,10
13.0371904373,80.1961364746,37970,37980,10
13.037229538,80.1957473755,37980,37990,10
13.037320137,80.1951217651,37990,38000,10
13.0374403,80.1943435669,38000,38010,10
13.0375404358,80.1935195923,38010,38020,10
13.0376396179,80.1929016113,38020,38030,10
13.0379495621,80.1927719116,38030,38040,10
13.0383901596,80.192817688,38040,38050,10
13.0387401581,80.1928482056,38050,38061,11
13.038769722,80.1928482056,38061,38071,10
13.0389795303,80.1928787231,38071,38081,10
13.0392799377,80.1929168701,38081,38091,10
13.0397500992,80.1930007935,38091,38101,10
13.0403499603,80.1930999756,38101,38111,10
13.0410995483,80.1932220459,38111,38121,10
13.0417404175,80.1933517456,38121,38131,10
13.0417699814,80.1937866211,38131,38141,10
13.0417499542,80.1939163208,38141,38151,10
13.0417003632,80.1941986084,38151,38161,10
13.0416297913,80.1947631836,38161,38172,11
13.0415201187,80.1954727173,38172,38182,10
13.0414495468,80.1959533691,38182,38192,10
13.0413999557,80.1962814331,38192,38202,10
13.0413799286,80.1966629028,38202,38212,10
13.0413799286,80.1967926025,38212,38222,10
13.0412902832,80.1971435547,38222,38232,10
13.0411996841,80.1977615356,38232,38242,10
13.0410995483,80.1984176636,38242,38252,10
13.0410404205,80.1989822388,38252,38262,10
13.0409898758,80.1992797852,38262,38272,10
13.0409498215,80.1994018555,38272,38283,11
13.04088974,80.1999206543,38283,38293,10
13.0408000946,80.2005767822,38293,38303,10
13.040719986,80.2011566162,38303,38313,10
13.0406103134,80.201789856,38313,38323,10
13.0405797958,80.2021179199,38323,38333,10
13.0404701233,80.2027511597,38333,38343,10
13.0403499603,80.2035522461,38343,38353,10
13.0402698517,80.2041778564,38353,38369,16
13.0401496887,80.2048034668,38369,38381,12
13.0403003693,80.2050094604,38381,38392,11
13.04047966,80.2050476074,38392,38402,10
13.0409898758,80.2051315308,38402,38412,10
13.0412397385,80.2051773071,38412,38422,10
13.0412902832,80.2051696777,38422,38432,10
13.0418796539,80.2052383423,38432,38442,10
13.0425100327,80.205368042,38442,38452,10
13.0428199768,80.2057571411,38452,38462,10
13.0432300568,80.2063293457,38462,38472,10
13.0437202454,80.2070236206,38472,38481,9
13.0440502167,80.2076416016,38481,38492,11
13.0441598892,80.2085189819,38492,38504,12
13.0441703796,80.2090072632,38504,38514,10
13.0441904068,80.2091598511,38514,38524,10
13.0441799164,80.2095031738,38524,38534,10
13.0441999435,80.2101135254,38534,38544,10
13.0442304611,80.2108612061,38544,38554,10
13.044260025,80.2114105225,38554,38584,30
13.044260025,80.2114105225,38584,38594,10
13.0442800522,80.2116775513,38594,38605,11
13.0443296432,80.2121276855,38605,38615,10
13.0447301865,80.2122573853,38615,38625,10
13.0454502106,80.2122421265,38625,38635,10
13.0462198257,80.2122192383,38635,38645,10
13.0469503403,80.2121963501,38645,38665,20
13.0469503403,80.2121963501,38665,38675,10
13.0470695496,80.2119293213,38675,38695,20
13.0470695496,80.2119293213,38695,38705,10
13.0471096039,80.2116622925,38705,38716,11
13.0470399857,80.2110214233,38716,38726,10
13.0473003387,80.2107620239,38726,38736,10
13.0478200912,80.2107315063,38736,38746,10
13.0482397079,80.2107391357,38746,38756,10
13.0486803055,80.2107620239,38756,38766,10
13.0493202209,80.2108001709,38766,38776,10
13.049659729,80.2107009888,38776,38786,10
13.0496196747,80.2102584839,38786,38796,10
13.049539566,80.2096099854,38796,38806,10
13.0494804382,80.2090835571,38806,38816,10
13.049369812,80.2084732056,38816,38827,11
13.0491104126,80.2077407837,38827,38837,10
13.0489196777,80.2071990967,38837,38857,20
13.0489196777,80.2071990967,38857,38867,10
13.0488996506,80.2070617676,38867,38877,10
13.0488796234,80.2068405151,38877,38887,10
13.0493097305,80.2068099976,38887,38907,20
13.0493097305,80.2068099976,38907,38917,10
13.0494403839,80.2068405151,38917,38927,10
13.0495004654,80.206817627,38927,38938,11
13.0498304367,80.2068634033,38938,38968,30
13.0498304367,80.2068634033,38968,38978,10
13.0501003265,80.2067489624,38978,38988,10
13.0504703522,80.206703186,38988,38998,10
13.0509595871,80.2063674927,38998,39240,242
13.0512399673,80.2063827515,39240,39987,747
13.0510997772,80.2063293457,39987,40411,424
13.0510997772,80.2063293457,40411,40421,10
13.0509004593,80.2064437866,40421,40431,10
13.0506401062,80.2066879272,40431,40441,10
13.0502996445,80.2068634033,40441,40451,10
13.0496196747,80.2068023682,40451,40512,61
13.0492296219,80.2068710327,40512,40532,20
13.0492296219,80.2068710327,40532,40542,10
13.0491399765,80.207069397,40542,40603,61
13.0491399765,80.207069397,40603,40613,10
13.0491695404,80.2070770264,40613,40623,10
13.0491504669,80.2071990967,40623,40633,10
13.0490703583,80.2074203491,40633,40643,10
13.0492095947,80.2078781128,40643,40653,10
13.0493803024,80.2084579468,40653,40663,10
13.0494604111,80.2088012695,40663,40673,10
13.0495100021,80.2092285156,40673,40683,10
13.0496196747,80.2098922729,40683,40693,10
13.0497102737,80.2105712891,40693,40704,11
13.049779892,80.2113265991,40704,40774,70
13.049779892,80.2113265991,40774,40784,10
13.049779892,80.2116088867,40784,40794,10
13.0497999191,80.2118225098,40794,40805,11
13.0498199463,80.212059021,40805,40815,10
13.0496797562,80.2121429443,40815,40825,10
13.0492696762,80.2121734619,40825,40855,30
13.0492696762,80.2121734619,40855,40865,10
13.0490999222,80.2122268677,40865,40875,10
13.0488796234,80.2122116089,40875,40885,10
13.0483903885,80.2122268677,40885,40895,10
13.0476102829,80.2122879028,40895,40905,10
13.0466003418,80.212348938,40905,40915,10
13.0455999374,80.2124023438,40915,40926,11
13.0452003479,80.2124633789,40926,40936,10
13.0451002121,80.2125015259,40936,40946,10
13.0448303223,80.2125015259,40946,40956,10
13.0445899963,80.2125167847,40956,40966,10
13.0445804596,80.2125167847,40966,40976,10
13.0443601608,80.2124786377,40976,40986,10
13.0443201065,80.2124786377,40986,40996,10
13.0442199707,80.2123413086,40996,41006,10
13.0441904068,80.2117004395,41006,41016,10
13.0441598892,80.2108764648,41016,41027,11
13.0441398621,80.2100906372,41027,41037,10
13.0441198349,80.209312439,41037,41047,10
13.0441102982,80.2089767456,41047,41057,10
13.0440998077,80.2089004517,41057,41067,10
13.0440797806,80.2084579468,41067,41077,10
13.0439796448,80.2077102661,41077,41087,10
13.0436296463,80.2070388794,41087,41097,10
13.043129921,80.2062988281,41097,41107,10
13.0425596237,80.2055587769,41107,41117,10
13.0417699814,80.205291748,41117,41127,10
13.0410900116,80.2051696777,41127,41137,10
13.0408496857,80.2051620483,41137,41148,11
13.0405101776,80.2051086426,41148,41158,10
13.0399599075,80.2050170898,41158,41168,10
13.0393896103,80.2049331665,41168,41178,10
13.0387401581,80.2048416138,41178,41194,16
13.0381603241,80.2046127319,41194,41206,12
13.0382404327,80.2038879395,41206,41216,10
13.0383796692,80.2030487061,41216,41226,10
13.038479805,80.2024078369,41226,41236,10
13.0385198593,80.2021026611,41236,41244,8
13.0385303497,80.2020721436,41244,41255,11
13.0385799408,80.2016983032,41255,41263,8
13.0386400223,80.2013092041,41263,41276,13
13.0387401581,80.2004013062,41276,41285,9
13.0388002396,80.2000198364,41285,41295,10
13.0389099121,80.1994628906,41295,41309,14
13.0390396118,80.1987380981,41309,41319,10
13.0391302109,80.198097229,41319,41329,10
13.0392103195,80.1974182129,41329,41339,10
13.0392799377,80.1970367432,41339,41349,10
13.0393295288,80.1969070435,41349,41359,10
13.0393600464,80.1965637207,41359,41370,11
13.0394201279,80.1959762573,41370,41380,10
13.0395097733,80.1951217651,41380,41390,10
13.0395803452,80.1941833496,41390,41399,9
13.0397596359,80.1932601929,41399,41420,21
13.0397596359,80.1932601929,41420,41430,10
13.0397195816,80.1930465698,41430,41440,10
13.0394296646,80.1930007935,41440,41450,10
13.039150238,80.1929702759,41450,41460,10
13.0387897491,80.1929168701,41460,41470,10
13.0387296677,80.1928863525,41470,41481,11
13.0384702682,80.1928634644,41481,41491,10
13.0380496979,80.1928405762,41491,41501,10
13.0377702713,80.1928710938,41501,41511,10
13.037560463,80.193572998,41511,41521,10
13.0374403,80.1942825317,41521,41531,10
13.0373296738,80.1949462891,41531,41541,10
13.0372200012,80.1957778931,41541,41551,10
13.0371999741,80.1960220337,41551,41561,10
13.0371799469,80.1961593628,41561,41571,10
13.0371799469,80.1967773438,41571,41581,10
13.0368995667,80.1976623535,41581,41604,23
13.0367603302,80.1987762451,41604,41616,12
13.0366601944,80.1994018555,41616,41626,10
13.0366096497,80.1998901367,41626,41636,10
13.0364904404,80.2009124756,41636,41646,10
13.036359787,80.2015075684,41646,41656,10
13.0363197327,80.2018203735,41656,41666,10
13.0363302231,80.2018814087,41666,41676,10
13.0362596512,80.2022018433,41676,41686,10
13.0361995697,80.2026672363,41686,41697,11
13.0361003876,80.2034835815,41697,41707,10
13.0360002518,80.2041397095,41707,41717,10
13.0359096527,80.2046127319,41717,41727,10
13.0358104706,80.2052612305,41727,41737,10
13.0357398987,80.2057876587,41737,41747,10
13.0357303619,80.205909729,41747,41757,10
13.03565979,80.2064590454,41757,41767,10
13.0355300903,80.2074203491,41767,41777,10
13.0354404449,80.2080993652,41777,41787,10
13.0354099274,80.2083206177,41787,41797,10
13.0353899002,80.2083511353,41797,41809,12
13.035369873,80.2084274292,41809,41819,10
13.0352897644,80.2088165283,41819,41829,10
13.0351896286,80.2094802856,41829,41839,10
13.0351495743,80.2099304199,41839,41849,10
13.0350904465,80.2103805542,41849,41859,10
13.0349702835,80.2107086182,41859,41869,10
13.0348701477,80.2113113403,41869,41879,10
13.0347900391,80.2118377686,41879,41889,10
13.0347003937,80.2121124268,41889,41899,10
13.0342702866,80.2121124268,41899,41909,10
13.0335903168,80.2120285034,41909,41920,11
13.0327596664,80.2119369507,41920,41930,10
13.0326404572,80.2119216919,41930,41940,10
13.0324697495,80.2118911743,41940,41950,10
13.0320301056,80.2117919922,41950,41960,10
13.0319404602,80.2113571167,41960,41970,10
13.0320301056,80.2107009888,41970,41980,10
13.0321397781,80.2100524902,41980,41990,10
13.0318698883,80.2097015381,41990,42000,10
13.0312004089,80.2094573975,42000,42010,10
13.0306396484,80.2092895508,42010,42021,11
13.0304298401,80.2092208862,42021,42031,10
13.0301599503,80.2093429565,42031,42041,10
13.030090332,80.2095489502,42041,42051,10
13.0300703049,80.2096710205,42051,42061,10
13.0302200317,80.2098464966,42061,42071,10
13.0307102203,80.2098770142,42071,42081,10
13.0309801102,80.2099990845,42081,42090,9
13.0309696198,80.2102203369,42090,42101,11
13.0308704376,80.2107391357,42101,42111,10
13.0308303833,80.2110900879,42111,42121,10
13.0307798386,80.2115478516,42121,42132,11
13.0306797028,80.212059021,42132,42142,10
13.0305700302,80.2127609253,42142,42152,10
13.030500412,80.2133789063,42152,42162,10
13.0304803848,80.2137069702,42162,42172,10
13.0304203033,80.2140808105,42172,42182,10
13.0303401947,80.2145767212,42182,42192,10
13.0303497314,80.214630127,42192,42202,10
13.030380249,80.21484375,42202,42212,10
13.030380249,80.2153701782,42212,42222,10
13.0304403305,80.2160797119,42222,42232,10
13.0307302475,80.2169265747,42232,42252,20
13.0307302475,80.2169265747,42252,42263,11
13.0311098099,80.2169494629,42263,42273,10
13.031419754,80.2169723511,42273,42283,10
13.0314903259,80.2173919678,42283,42293,10
13.0314903259,80.2180862427,42293,42303,10
13.0320196152,80.2183609009,42303,42313,10
13.0322599411,80.218536377,42313,42323,10
13.0321998596,80.2191009521,42323,42333,10
13.0321598053,80.2197494507,42333,42343,10
13.0321903229,80.2200088501,42343,42353,10
13.0321998596,80.2203521729,42353,42364,11
13.0321998596,80.220413208,42364,42374,10
13.0321102142,80.2208175659,42374,42384,10
13.0319595337,80.2214889526,42384,42394,10
13.0317201614,80.2220001221,42394,42404,10
13.0315599442,80.2223434448,42404,42414,10
13.0313997269,80.2226715088,42414,42424,10
13.0311803818,80.2232589722,42424,42434,10
13.0311203003,80.2238616943,42434,42450,16
13.0311803818,80.2240905762,42450,42462,12
13.03083992,80.2242965698,42462,42473,11
13.0303001404,80.2243118286,42473,42482,9
13.0296001434,80.224281311,42482,42493,11
13.0290699005,80.2242584229,42493,42503,10
13.0290498734,80.2242736816,42503,42513,10
13.0288295746,80.2241363525,42513,42523,10
13.0285196304,80.2242507935,42523,42533,10
13.0282802582,80.2249679565,42533,42543,10
13.0281200409,80.2256317139,42543,42552,9
13.0280103683,80.2263793945,42552,42562,10
13.0278997421,80.2268600464,42562,42573,11
13.0280399323,80.2270889282,42573,42583,10
13.0285396576,80.227142334,42583,42594,11
13.0287799835,80.2270278931,42594,42604,10
13.0293598175,80.2271575928,42604,42614,10
13.0301504135,80.2273635864,42614,42624,10
13.0305204391,80.2276306152,42624,42634,10
13.0303697586,80.2280426025,42634,42644,10
13.0303497314,80.2281188965,42644,42654,10
13.0302400589,80.2283706665,42654,42664,10
13.0302600861,80.2286071777,42664,42674,10
13.0302200317,80.2292404175,42674,42685,11
13.0305500031,80.2300262451,42685,42695,10
13.030670166,80.2306594849,42695,42735,40
13.030670166,80.2306594849,42735,42745,10
13.0306100845,80.2307510376,42745,42755,10
13.0302600861,80.2308120728,42755,42765,10
13.0300197601,80.2308425903,42765,42775,10
13.02987957,80.2308578491,42775,42785,10
13.0296602249,80.2308578491,42785,42796,11
13.0290298462,80.2309188843,42796,42806,10
13.0282897949,80.2310028076,42806,42816,10
13.0277795792,80.2310409546,42816,42826,10
13.0276403427,80.231262207,42826,42836,10
13.0277099609,80.2318725586,42836,42846,10
13.0278396606,80.2325286865,42846,42856,10
13.0277099609,80.2329025269,42856,42866,10
13.0271501541,80.233001709,42866,42876,10
13.02684021,80.2330474854,42876,42886,10
13.0265598297,80.2330780029,42886,42896,10
13.0264997482,80.2330627441,42896,42907,11
13.0263595581,80.2329483032,42907,42917,10
13.0262699127,80.2330627441,42917,42927,10
13.026260376,80.2332992554,42927,42937,10
13.0264196396,80.2333297729,42937,42947,10
13.0264997482,80.2335891724,42947,42977,30
13.0254001617,80.2296600342,42977,43018,41
13.0254001617,80.2296600342,43018,43028,10
13.0238895416,80.228302002,43028,43058,30
13.0241603851,80.2281570435,43058,43098,40
13.0213603973,80.2257614136,43098,43139,41
13.0213603973,80.2257614136,43139,43149,10
13.0185804367,80.2247085571,43149,43159,10
13.0175800323,80.2249908447,43159,43169,10
13.0168199539,80.2253036499,43169,43179,10
13.0164403915,80.2254562378,43179,43189,10
13.0160303116,80.2255935669,43189,43199,10
13.0154399872,80.2258377075,43199,43209,10
13.0148696899,80.2260894775,43209,43219,10
13.0142498016,80.226348877,43219,43229,10
13.0139598846,80.2264862061,43229,43240,11
13.013879776,80.2265319824,43240,43250,10
13.0135402679,80.2266387939,43250,43260,10
13.0129699707,80.2268371582,43260,43270,10
13.012430191,80.2270507813,43270,43280,10
13.0117197037,80.2273025513,43280,43290,10
13.0109195709,80.2276077271,43290,43300,10
13.0100097656,80.2279815674,43300,43310,10
13.00922966,80.2284469604,43310,43320,10
13.0090103149,80.2291564941,43320,43330,10
13.0088300705,80.2299499512,43330,43340,10
13.008600235,80.2309188843,43340,43351,11
13.0083799362,80.2321472168,43351,43361,10
13.0082101822,80.2331390381,43361,43371,10
13.0081701279,80.2336196899,43371,43381,10
13.0081796646,80.2336196899,43381,43391,10
13.008099556,80.2339401245,43391,43401,10
13.0079603195,80.2345199585,43401,43411,10
13.007900238,80.23487854,43411,43421,10
13.0078201294,80.2351226807,43421,43431,10
13.0076398849,80.2358398438,43431,43441,10
13.0075101852,80.2368392944,43441,43451,10
13.0073299408,80.23777771,43451,43462,11
13.0071601868,80.2387237549,43462,43472,10
13.0070295334,80.2394104004,43472,43482,10
13.0069303513,80.2400970459,43482,43532,50
13.0069303513,80.2400970459,43532,43542,10
13.006939888,80.2402572632,43542,43552,10
13.0068798065,80.2405776978,43552,43562,10
13.0068101883,80.2408218384,43562,43573,11
13.0067796707,80.2409210205,43573,43583,10
13.0066795349,80.2414627075,43583,43593,10
13.0066604614,80.2423324585,43593,43603,10
13.0066404343,80.2431716919,43603,43613,10
13.0066003799,80.2440414429,43613,43623,10
13.0065498352,80.2447967529,43623,43633,10
13.0065898895,80.2453918457,43633,43643,10
13.0066795349,80.2460403442,43643,43653,10
13.0067195892,80.2467880249,43653,43663,10
13.0066795349,80.2474365234,43663,43673,10
13.006649971,80.248298645,43673,43689,16
13.006819725,80.24949646,43689,43701,12
13.0068101883,80.2495574951,43701,43712,11
13.0067195892,80.2500762939,43712,43721,9
13.0067300797,80.2507019043,43721,43732,11
13.0067501068,80.2514419556,43732,43762,30
13.0067501068,80.2514419556,43762,43772,10
13.0067195892,80.2515869141,43772,43782,10
13.0066204071,80.2520370483,43782,43792,10
13.0064897537,80.2527236938,43792,43803,11
13.006480217,80.253616333,43803,43813,10
13.0064897537,80.2545318604,43813,43823,10
13.0064897537,80.254989624,43823,43833,10
13.0064697266,80.2549972534,43833,43843,10
13.0064296722,80.255279541,43843,43853,10
13.0064897537,80.2559509277,43853,43863,10
13.0064897537,80.2566375732,43863,43873,10
13.0065698624,80.2570800781,43873,43914,41
13.0065698624,80.2570800781,43914,43924,10
13.0066900253,80.2573928833,43924,43934,10
13.0066099167,80.2576217651,43934,43944,10
13.0060997009,80.2574768066,43944,43954,10
13.0053100586,80.257270813,43954,43963,9
13.0045604706,80.2571792603,43963,43973,10
13.0037698746,80.2570114136,43973,43983,10
13.0031404495,80.2568206787,43983,43994,11
13.0023698807,80.2566986084,43994,44004,10
13.0017004013,80.2566223145,44004,44014,10
13.000869751,80.2565383911,44014,44025,11
13.0002698898,80.256401062,44025,44035,10
13.0002603531,80.256401062,44035,44045,10
13.0001296997,80.2563018799,44045,44055,10
12.9996995926,80.2562332153,44055,44075,20
12.9996995926,80.2562332153,44075,44085,10
12.9995498657,80.2562103271,44085,44095,10
12.9990997314,80.2561264038,44095,44105,10
12.9983196259,80.2560272217,44105,44115,10
12.9978504181,80.2559890747,44115,44132,17
12.9977903366,80.2560119629,44132,44144,12
12.9977502823,80.2562713623,44144,44154,10
12.9978399277,80.256652832,44154,44164,10
12.9978103638,80.2570495605,44164,44174,10
12.9976596832,80.2569198608,44174,44184,10
12.9976596832,80.2568283081,44184,44204,20
12.9976501465,80.2568435669,44204,44225,21
12.9976997375,80.2568511963,44225,44246,21
12.9976997375,80.2568511963,44246,44256,10
12.9976701736,80.2568283081,44256,44286,30
12.9976596832,80.2568511963,44286,44417,131
12.9976596832,80.2568511963,44417,44427,10
12.9976501465,80.256690979,44427,44437,10
12.9976902008,80.2565231323,44437,44447,10
12.9977197647,80.2562789917,44447,44457,10
12.9977197647,80.2562637329,44457,44468,11
12.9976596832,80.2560424805,44468,44478,10
12.9973497391,80.2559967041,44478,44488,10
12.997010231,80.2561798096,44488,44498,10
12.9968595505,80.2566833496,44498,44508,10
12.9968395233,80.2567901611,44508,44518,10
12.9968500137,80.2568664551,44518,44528,10
12.9968395233,80.2572631836,44528,44538,10
12.9967403412,80.2578125,44538,44548,10
12.9966201782,80.2584228516,44548,44558,10
12.9965496063,80.2590789795,44558,44568,10
12.9965000153,80.2591629028,44568,44579,11
12.9964704514,80.2593917847,44579,44589,10
12.9963998795,80.2597198486,44589,44599,10
12.9963598251,80.2602767944,44599,44609,10
12.996339798,80.2608184814,44609,44619,10
12.9962997437,80.2612991333,44619,44629,10
12.996219635,80.2617797852,44629,44649,20
12.996219635,80.2617797852,44649,44665,16
12.996219635,80.262260437,44665,44677,12
12.9961996078,80.2624206543,44677,44688,11
12.9960899353,80.262878418,44688,44698,10
12.9960298538,80.263343811,44698,44708,10
12.9959802628,80.2640762329,44708,44718,10
12.9959402084,80.2647628784,44718,44728,10
12.9958600998,80.2656784058,44728,44738,10
12.9957799911,80.2666320801,44738,44747,9
12.9956998825,80.2674484253,44747,44758,11
12.9961004257,80.2677383423,44758,44778,20
12.9961004257,80.2677383423,44778,44788,10
12.9962396622,80.2677993774,44788,44799,11
12.9966402054,80.2677993774,44799,44809,10
12.9973201752,80.2676010132,44809,44819,10
12.9980602264,80.2673492432,44819,44829,10
12.998749733,80.2670822144,44829,44839,10
12.9996004105,80.2668380737,44839,44849,10
13.0000600815,80.2665328979,44849,44859,10
13.0000801086,80.2665176392,44859,44869,10
13.0001401901,80.266456604,44869,44879,10
13.0001802444,80.2661972046,44879,44889,10
13.000289917,80.265838623,44889,44899,10
13.0003204346,80.2658004761,44899,44910,11
13.0003595352,80.2658615112,44910,44920,10
13.0002698898,80.2663726807,44920,45150,230
13.0002698898,80.2663726807,45150,45160,10
13.0003900528,80.2665100098,45160,45170,10
13.0003900528,80.2667236328,45170,45180,10
13.0002803802,80.2668380737,45180,45190,10
13.0000295639,80.2669525146,45190,45200,10
12.9994802475,80.2671432495,45200,45210,10
12.998840332,80.2673416138,45210,45220,10
12.9982204437,80.2674865723,45220,45230,10
12.9976396561,80.2677001953,45230,45240,10
12.9970197678,80.2678833008,45240,45251,11
12.9959697723,80.2677383423,45251,45271,20
12.9959697723,80.2677383423,45271,45281,10
12.9957799911,80.2675323486,45281,45291,10
12.9957799911,80.2674331665,45291,45301,10
12.995759964,80.2671890259,45301,45311,10
12.9957799911,80.2665863037,45311,45321,10
12.9958600998,80.2657699585,45321,45331,10
12.9959602356,80.2649230957,45331,45341,10
12.9960203171,80.2641830444,45341,45352,11
12.9961099625,80.2632217407,45352,45362,10
12.9961299896,80.2627182007,45362,45372,10
12.9961299896,80.2626800537,45372,45382,10
12.9960899353,80.2624282837,45382,45392,10
12.9961004257,80.2620925903,45392,45402,10
12.9962396622,80.2615203857,45402,45412,10
12.9963502884,80.2607498169,45412,45422,10
12.9964399338,80.2600097656,45422,45432,10
12.9964103699,80.2598495483,45432,45442,10
12.9964504242,80.2596817017,45442,45452,10
12.996509552,80.2592315674,45452,45463,11
12.9965696335,80.2584228516,45463,45473,10
12.9966802597,80.2577362061,45473,45483,10
12.9967899323,80.2570800781,45483,45493,10
12.9968395233,80.2562866211,45493,45574,81
12.9968395233,80.2562866211,45574,45584,10
12.996919632,80.255859375,45584,45594,10
12.9973897934,80.255859375,45594,45604,10
12.9980602264,80.2559204102,45604,45614,10
12.9988203049,80.2560119629,45614,45634,20
12.9988203049,80.2560119629,45634,45644,10
12.9992599487,80.256072998,45644,45654,10
12.9998703003,80.2561798096,45654,45664,10
13.0006799698,80.2563400269,45664,45675,11
13.0013599396,80.2564620972,45675,45685,10
13.0017900467,80.2565612793,45685,45695,10
13.0022602081,80.2566070557,45695,45705,10
13.0027399063,80.2567062378,45705,45715,10
13.0033397675,80.2568283081,45715,45725,10
13.0039396286,80.2569503784,45725,45735,10
13.0046796799,80.2570877075,45735,45745,10
13.0054998398,80.2572631836,45745,45755,10
13.0064001083,80.2574005127,45755,45765,10
13.0066204071,80.2571792603,45765,45775,10
13.0065002441,80.2564620972,45775,45785,10
13.0064496994,80.2556381226,45785,45796,11
13.0065002441,80.2552719116,45796,45806,10
13.0065402985,80.2545623779,45806,45816,10
13.0065002441,80.2533035278,45816,45854,38
13.0065002441,80.2533035278,45854,45862,8
13.0065803528,80.2531433105,45862,45874,12
13.0065402985,80.252822876,45874,45884,10
13.0065402985,80.2524108887,45884,45894,10
13.006649971,80.251701355,45894,45904,10
13.0067300797,80.2510070801,45904,45935,31
13.0067300797,80.2510070801,45935,45945,10
13.0067501068,80.250831604,45945,45955,10
13.0067501068,80.2505493164,45955,45965,10
13.006770134,80.249961853,45965,45975,10
13.0067501068,80.2493209839,45975,46094,119
13.0067501068,80.2493209839,46094,46104,10
13.0067796707,80.2490234375,46104,46114,10
13.0067195892,80.2486572266,46114,46127,13
13.0066900253,80.2481613159,46127,46136,9
13.0066699982,80.2477874756,46136,46147,11
13.0066795349,80.2471618652,46147,46156,9
13.0066003799,80.2466201782,46156,46167,11
13.0066604614,80.24609375,46167,46177,10
13.006649971,80.2454986572,46177,46187,10
13.0066795349,80.2450408936,46187,46197,10
13.0066204071,80.244682312,46197,46208,11
13.0066204071,80.2442169189,46208,46218,10
13.0066099167,80.2436676025,46218,46228,10
13.0065898895,80.2430877686,46228,46239,11
13.0065898895,80.2420806885,46239,46249,10
13.0066204071,80.2410125732,46249,46259,10
13.0067100525,80.2403793335,46259,46289,30
13.0067100525,80.2403793335,46289,46299,10
13.0066795349,80.2402420044,46299,46309,10
13.0067501068,80.2399215698,46309,46318,9
13.0068597794,80.2396011353,46318,46328,10
13.0069198608,80.2392578125,46328,46339,11
13.0069999695,80.2387008667,46339,46350,11
13.0071802139,80.2379226685,46350,46360,10
13.007349968,80.2371368408,46360,46370,10
13.007349968,80.2369232178,46370,46380,10
13.0073900223,80.236869812,46380,46390,10
13.0074996948,80.2364578247,46390,46400,10
13.0076599121,80.2357635498,46400,46410,10
13.0078296661,80.234916687,46410,46420,10
13.0080404282,80.2339172363,46420,46430,10
13.0082502365,80.2327880859,46430,46440,10
13.0085096359,80.2315063477,46440,46450,10
13.0087604523,80.2302017212,46450,46461,11
13.0090503693,80.2287979126,46461,46471,10
13.0093803406,80.2277374268,46471,46481,10
13.0098600388,80.2266464233,46481,46491,10
13.0102500916,80.2258834839,46491,46501,10
13.0103998184,80.2256011963,46501,46511,10
13.0104598999,80.2254562378,46511,46521,10
13.0106897354,80.2250137329,46521,46531,10
13.0108699799,80.2244491577,46531,46541,10
13.0110902786,80.2238693237,46541,46551,10
13.0112895966,80.2231369019,46551,46561,10
13.0116195679,80.222366333,46561,46572,11
13.0119495392,80.2215576172,46572,46582,10
13.0123996735,80.2215194702,46582,46592,10
13.0126800537,80.2220230103,46592,46602,10
13.0131597519,80.2226104736,46602,46612,10
13.0136804581,80.2231826782,46612,46622,10
13.0138998032,80.2233428955,46622,46632,10
13.0140695572,80.2234573364,46632,46642,10
13.0144195557,80.223739624,46642,46652,10
13.0148200989,80.224281311,46652,46662,10
13.0148696899,80.2243804932,46662,46673,11
13.0149803162,80.2244796753,46673,46683,10
13.0150899887,80.2246170044,46683,46693,10
13.0152397156,80.2248077393,46693,46703,10
13.0154600143,80.2249526978,46703,46723,20
13.0154600143,80.2249526978,46723,46733,10
13.0156002045,80.2250823975,46733,46743,10
13.016119957,80.2252807617,46743,46753,10
13.0168800354,80.2251205444,46753,46763,10
13.0177202225,80.2248077393,46763,46773,10
13.0185604095,80.2244491577,46773,46783,10
13.0191802979,80.2242507935,46783,46794,11
13.0192203522,80.2242584229,46794,46804,10
13.0194196701,80.2243499756,46804,46814,10
13.0196304321,80.2244720459,46814,46824,10
13.0199604034,80.2247009277,46824,46834,10
13.0203199387,80.2249832153,46834,46844,10
13.0206604004,80.2252426147,46844,46854,10
13.0210504532,80.2255401611,46854,46864,10
13.0215501785,80.2259368896,46864,46874,10
13.0220499039,80.22631073,46874,46884,10
13.0226898193,80.226852417,46884,46895,11
13.0234003067,80.2274780273,46895,46905,10
13.0239601135,80.2280197144,46905,46915,10
13.0242004395,80.2282485962,46915,46925,10
13.0243501663,80.2284622192,46925,46935,10
13.0247001648,80.2289733887,46935,46945,10
13.0251703262,80.2295684814,46945,46955,10
13.0253095627,80.2297515869,46955,46965,10
13.0255804062,80.2301025391,46965,46975,10
13.0258903503,80.230796814,46975,46985,10
13.0259599686,80.2311401367,46985,46995,10
13.0259895325,80.2312698364,46995,47005,10
13.0264196396,80.2311782837,47005,47016,11
13.0273599625,80.2309799194,47016,47026,10
13.0279998779,80.2309112549,47026,47036,10
13.028459549,80.2308731079,47036,47046,10
13.0284996033,80.2308578491,47046,47056,10
13.0289402008,80.2308273315,47056,47066,10
13.0290803909,80.2308197021,47066,47076,10
13.029129982,80.2307891846,47076,47092,16
13.0297203064,80.2307128906,47092,47104,12
13.0303401947,80.2306976318,47104,47113,9
13.0305404663,80.2306671143,47113,47125,12
13.0306901932,80.230682373,47125,47135,10
13.030670166,80.230430603,47135,47145,10
13.0305700302,80.2299194336,47145,47155,10
13.0303096771,80.2292861938,47155,47165,10
13.0303201675,80.2283096313,47165,47185,20
13.0303201675,80.2283096313,47185,47195,10
13.0303401947,80.2281188965,47195,47205,10
13.0303697586,80.227722168,47205,47224,19
13.0295000076,80.2273712158,47224,47236,12
13.0286998749,80.2272415161,47236,47247,11
13.0286502838,80.2272109985,47247,47257,10
13.028169632,80.2271270752,47257,47266,9
13.0279397964,80.2268981934,47266,47277,11
13.0280303955,80.2262496948,47277,47287,10
13.0281400681,80.2255172729,47287,47296,9
13.0283203125,80.2246017456,47296,47307,11
13.0284996033,80.224029541,47307,47317,10
13.0286998749,80.2240066528,47317,47327,10
13.028840065,80.2240371704,47327,47337,10
13.0291404724,80.2242279053,47337,47348,11
13.0298900604,80.2242279053,47348,47358,10
13.0303697586,80.2242736816,47358,47367,9
13.0308504105,80.2242584229,47367,47378,11
13.0311002731,80.2238998413,47378,47387,9
13.0311498642,80.2233886719,47387,47398,11
13.0312099457,80.2231903076,47398,47408,10
13.03125,80.222869873,47408,47418,10
13.0315504074,80.2223205566,47418,47428,10
13.0318603516,80.2216491699,47428,47438,10
13.0320501328,80.2209701538,47438,47448,10
13.0321998596,80.2201766968,47448,47459,11
13.0321998596,80.2197723389,47459,47479,20
13.0321998596,80.2197723389,47479,47489,10
13.0321598053,80.2193832397,47489,47499,10
13.0321397781,80.2187728882,47499,47509,10
13.0317401886,80.2184829712,47509,47519,10
13.0314903259,80.2178878784,47519,47529,10
13.0314102173,80.2171707153,47529,47539,10
13.0312595367,80.2169570923,47539,47549,10
13.03083992,80.2169570923,47549,47559,10
13.030500412,80.2167816162,47559,47570,11
13.0304698944,80.2166366577,47570,47580,10
13.0303897858,80.2164306641,47580,47590,10
13.0303897858,80.2159118652,47590,47600,10
13.0303697586,80.215171814,47600,47610,10
13.0303697586,80.2146530151,47610,47620,10
13.0304098129,80.2144927979,47620,47630,10
13.0304403305,80.2140426636,47630,47640,10
13.0305500031,80.2136535645,47640,47650,10
13.0305700302,80.2133789063,47650,47660,10
13.0305995941,80.2128295898,47660,47670,10
13.0307598114,80.212020874,47670,47681,11
13.0308198929,80.2115631104,47681,47691,10
13.0308799744,80.2111129761,47691,47701,10
13.0309000015,80.2107772827,47701,47711,10
13.0310001373,80.2102584839,47711,47721,10
13.0309095383,80.2100906372,47721,47731,10
13.0306997299,80.2099990845,47731,47741,10
13.0302696228,80.2098693848,47741,47751,10
13.030090332,80.2095718384,47751,47761,10
13.0302400589,80.2090988159,47761,47771,10
13.030790329,80.2091903687,47771,47781,10
13.031539917,80.2093582153,47781,47792,11
13.031920433,80.2094802856,47792,47802,10
13.0318403244,80.2095108032,47802,47812,10
13.0321397781,80.2095184326,47812,47822,10
13.0328397751,80.2096328735,47822,47832,10
13.0336103439,80.2097625732,47832,47842,10
13.0346097946,80.2099533081,47842,47852,10
13.0351495743,80.2096405029,47852,47862,10
13.0352602005,80.2088623047,47862,47882,20
13.0352602005,80.2088623047,47882,47893,11
13.0353298187,80.208442688,47893,47903,10
13.0353899002,80.2079772949,47903,47913,10
13.0354604721,80.2072601318,47913,47923,10
13.0355997086,80.2063980103,47923,47933,10
13.0355195999,80.2059707642,47933,47943,10
13.0355300903,80.2054519653,47943,47963,20
13.0355300903,80.2054519653,47963,47973,10
13.0356397629,80.2052612305,47973,47983,10
13.03565979,80.2052612305,47983,47993,10
13.0358400345,80.2049789429,47993,48004,11
13.035949707,80.2043533325,48004,48014,10
13.03606987,80.2036209106,48014,48024,10
13.0362195969,80.2026901245,48024,48034,10
13.0363702774,80.2019424438,48034,48044,10
13.0363903046,80.2015533447,48044,48054,10
13.0363798141,80.2015380859,48054,48064,10
13.0363101959,80.2013397217,48064,48074,10
13.0363998413,80.2009429932,48074,48084,10
13.0365200043,80.2002334595,48084,48094,10
13.0366897583,80.1992874146,48094,48104,10
13.0367803574,80.1985168457,48104,48114,10
13.0367803574,80.1984176636,48114,48125,11
13.0368003845,80.1982421875,48125,48141,16
13.0369796753,80.197227478,48141,48153,12
13.0371303558,80.1964035034,48153,48183,30
13.0371303558,80.1964035034,48183,48193,10
13.037150383,80.1959991455,48193,48203,10
13.0372800827,80.1953277588,48203,48213,10
13.0374002457,80.194480896,48213,48223,10
13.0375404358,80.1935272217,48223,48234,11
13.0377702713,80.1928100586,48234,48244,10
13.0379104614,80.1927185059,48244,48254,10
13.0387601852,80.1928329468,48254,48284,30
13.0387601852,80.1928329468,48284,48294,10
13.0391101837,80.1929016113,48294,48304,10
13.0397500992,80.1930007935,48304,48314,10
13.04047966,80.193107605,48314,48324,10
13.0412797928,80.1932373047,48324,48334,10
13.0417404175,80.1934204102,48334,48345,11
13.0417098999,80.1938476563,48345,48355,10
13.0417203903,80.193862915,48355,48365,10
13.041680336,80.1941680908,48365,48375,10
13.0415802002,80.1947479248,48375,48385,10
13.0414896011,80.1955871582,48385,48395,10
13.0413198471,80.1961212158,48395,48405,10
13.0412597656,80.1965789795,48405,48415,10
13.041270256,80.1965866089,48415,48432,17
13.0412797928,80.1968612671,48432,48444,12
13.041179657,80.1975784302,48444,48455,11
13.0410804749,80.1984405518,48455,48465,10
13.0409402847,80.1991424561,48465,48471,6
13.0409402847,80.1991424561,48471,48517,46
13.0406198502,80.2016296387,48517,48527,10
13.040599823,80.2019500732,48527,48537,10
13.0404901505,80.2024383545,48537,48547,10
13.0403795242,80.2031784058,48547,48557,10
13.0402498245,80.2040634155,48557,48568,11
13.0401296616,80.2047119141,48568,48578,10
13.0403995514,80.2049865723,48578,48588,10
13.0410003662,80.2051010132,48588,48598,10
13.0411300659,80.2051391602,48598,48609,11
13.0412902832,80.2051773071,48609,48619,10
13.0418100357,80.2052764893,48619,48629,10
13.0423698425,80.2054290771,48629,48639,10
13.0426197052,80.2056427002,48639,48649,10
13.0428304672,80.206237793,48649,48659,10
13.0431404114,80.20703125,48659,48669,10
13.0437602997,80.2078094482,48669,48680,11
13.0442304611,80.2089309692,48680,48700,20
13.0442304611,80.2089309692,48700,48710,10
13.0443201065,80.2090530396,48710,48720,10
13.0442399979,80.2094421387,48720,48730,10
13.0441799164,80.2102737427,48730,48740,10
13.0441904068,80.2109527588,48740,48750,10
13.0442304611,80.2118835449,48750,48760,10
13.0442895889,80.2120513916,48760,48770,10
13.0444803238,80.2121963501,48770,48781,11
13.044960022,80.2122192383,48781,48791,10
13.0457000732,80.2122116089,48791,48801,10
13.0465602875,80.2121887207,48801,48810,9
13.0469999313,80.2121200562,48810,48820,10
13.0470399857,80.2118911743,48820,48831,11
13.0470399857,80.2118682861,48831,48841,10
13.0470199585,80.2117614746,48841,48851,10
13.0469799042,80.2112808228,48851,48861,10
13.0471200943,80.2107772827,48861,48902,41
13.0471200943,80.2107772827,48902,48912,10
13.0474300385,80.2107391357,48912,48922,10
13.0475797653,80.2107772827,48922,48932,10
13.04804039,80.2108078003,48932,48942,10
13.0486803055,80.2108078003,48942,48952,10
13.0492897034,80.2108535767,48952,48962,10
13.0496397018,80.2105636597,48962,48972,10
13.0496301651,80.2098999023,48972,48982,10
13.0495100021,80.2092437744,48982,48992,10
13.049539566,80.2091217041,48992,49002,10
13.0495500565,80.2089080811,49002,49013,11
13.0492897034,80.2083587646,49013,49023,10
13.0489397049,80.2072296143,49023,49071,48
13.0489397049,80.2072296143,49071,49081,10
13.0491199493,80.206817627,49081,49101,20
13.0491199493,80.206817627,49101,49111,10
13.0492401123,80.2071228027,49111,49293,182
13.0492401123,80.2071228027,49293,49303,10
13.0491104126,80.2072982788,49303,49313,10
13.0490903854,80.2074508667,49313,49323,10
13.0491800308,80.2078933716,49323,49334,11
13.0493402481,80.2084197998,49334,49343,9
13.0494499207,80.2086715698,49343,49354,11
13.0495100021,80.2092132568,49354,49364,10
13.0496101379,80.2098464966,49364,49374,10
13.0496997833,80.2105636597,49374,49384,10
13.0497503281,80.2109222412,49384,49394,10
13.0497903824,80.2114028931,49394,49404,10
13.0498199463,80.2114868164,49404,49414,10
13.0498399734,80.2117080688,49414,49424,10
13.0498600006,80.2119598389,49424,49434,10
13.0493803024,80.2121582031,49434,49475,41
13.0493803024,80.2121582031,49475,49485,10
13.0490503311,80.2121429443,49485,49495,10
13.0483999252,80.2121734619,49495,49505,10
13.0474796295,80.2122573853,49505,49515,10
13.0463895798,80.2122802734,49515,49525,10
13.0450897217,80.2123413086,49525,49566,41
13.045129776,80.2122802734,49566,49586,20
13.045129776,80.2122802734,49586,49596,10
13.0450496674,80.2122879028,49596,49606,10
13.0444202423,80.2123184204,49606,49646,40
13.0444202423,80.2123184204,49646,49656,10
13.0442800522,80.2121963501,49656,49667,11
13.0442304611,80.2118225098,49667,49677,10
13.0442199707,80.2112808228,49677,49687,10
13.0441999435,80.2106628418,49687,49697,10
13.0441703796,80.2099761963,49697,49707,10
13.0441503525,80.2093582153,49707,49717,10
13.0441102982,80.2088623047,49717,49727,10
13.0441102982,80.2088317871,49727,49736,9
13.0441102982,80.2086334229,49736,49747,11
13.044090271,80.2080001831,49747,49757,10
13.0437803268,80.2071762085,49757,49767,10
13.0432500839,80.2064590454,49767,49778,11
13.04226017,80.205039978,49778,50129,351
13.04226017,80.205039978,50129,50139,10
13.0386400223,80.1928710938,50139,50169,30
13.0385103226,80.1927490234,50169,50391,222
13.0385103226,80.1927490234,50391,50401,10
13.0359697342,80.2043304443,50401,50411,10
13.0358600616,80.2051315308,50411,50421,10
13.0357904434,80.2057266235,50421,50431,10
13.0357599258,80.2058334351,50431,50442,11
13.0356903076,80.2062683105,50442,50452,10
13.0355796814,80.2070007324,50452,50462,10
13.0355195999,80.2077789307,50462,50472,10
13.0354299545,80.2082901001,50472,50492,20
13.0354299545,80.2082901001,50492,50502,10
13.0353403091,80.2086181641,50502,50512,10
13.0352296829,80.2091903687,50512,50522,10
13.0351200104,80.2099533081,50522,50532,10
13.0349998474,80.2104873657,50532,50542,10
13.0349197388,80.2109603882,50542,50553,11
13.0347700119,80.2117385864,50553,50569,16
13.0341396332,80.2120285034,50569,50582,13
13.0334501266,80.2119827271,50582,50592,10
13.0327796936,80.2119216919,50592,50602,10
13.0326499939,80.2118988037,50602,50611,9
13.0326404572,80.2118835449,50611,50622,11
13.0321502686,80.211807251,50622,50632,10
13.0319404602,80.211517334,50632,50642,10
13.0320196152,80.2108688354,50642,50649,7
13.0320796967,80.2104415894,50649,50663,14
13.0320501328,80.2097625732,50663,50673,10
13.0317201614,80.2095794678,50673,50683,10
13.0310001373,80.2093811035,50683,50693,10
13.0303001404,80.2091674805,50693,50703,10
13.0301198959,80.2093429565,50703,50713,10
13.0300798416,80.2093887329,50713,50723,10
13.0300397873,80.2094726563,50723,50733,10
13.0300502777,80.2097015381,50733,50755,22
13.0309495926,80.2100372314,50755,50767,12
13.0309896469,80.2102813721,50767,50778,11
13.0309000015,80.2108535767,50778,50788,10
13.0308599472,80.211151123,50788,50798,10
13.0307798386,80.2115631104,50798,50808,10
13.0306997299,80.2119598389,50808,50817,9
13.0306100845,80.2124328613,50817,50828,11
13.0305500031,80.2130584717,50828,50838,10
13.0304803848,80.2134628296,50838,50846,8
13.0304603577,80.2136764526,50846,50858,12
13.0303602219,80.2142715454,50858,50868,10
13.0303401947,80.2146377563,50868,50877,9
13.0303497314,80.2146530151,50877,50889,12
13.030380249,80.2150497437,50889,50898,9
13.030380249,80.2156524658,50898,50909,11
13.0304203033,80.2163925171,50909,50919,10
13.0305595398,80.2169036865,50919,50929,10
13.030670166,80.2169036865,50929,50939,10
13.0309400558,80.2169799805,50939,50949,10
13.03125,80.2169876099,50949,50959,10
13.0314598083,80.2171707153,50959,50969,10
13.0315198898,80.2177276611,50969,50979,10
13.0316896439,80.2182998657,50979,50990,11
13.0322303772,80.2185287476,50990,51000,10
13.0322303772,80.2190933228,51000,51010,10
13.0322303772,80.2197570801,51010,51020,10
13.0322399139,80.220199585,51020,51050,30
13.0322399139,80.220199585,51050,51060,10
13.0321397781,80.2204971313,51060,51070,10
13.0320196152,80.2210464478,51070,51080,10
13.0318899155,80.2215499878,51080,51090,10
13.0317401886,80.2218933105,51090,51101,11
13.0316400528,80.222038269,51101,51111,10
13.031419754,80.2224502563,51111,51121,10
13.0312004089,80.2231826782,51121,51131,10
13.0311498642,80.2236862183,51131,51141,10
13.0311498642,80.2237167358,51141,51151,10
13.0311803818,80.2240905762,51151,51161,10
13.0308704376,80.2242584229,51161,51171,10
13.0302095413,80.2242584229,51171,51181,10
13.029589653,80.224281311,51181,51191,10
13.0290803909,80.2242126465,51191,51201,10
13.0290603638,80.2241973877,51201,51212,11
13.0287599564,80.2240829468,51212,51222,10
13.0284404755,80.2242889404,51222,51232,10
13.028260231,80.224937439,51232,51242,10
13.0280799866,80.2256317139,51242,51252,10
13.0279502869,80.2262878418,51252,51262,10
13.027879715,80.2267379761,51262,51272,10
13.0280399323,80.2269210815,51272,51282,10
13.0284500122,80.2270431519,51282,51292,10
13.0285196304,80.2270965576,51292,51302,10
13.0286102295,80.2271575928,51302,51318,16
13.0293598175,80.2272567749,51318,51331,13
13.0300998688,80.2273712158,51331,51341,10
13.0303602219,80.2277984619,51341,51361,20
13.0303602219,80.2277984619,51361,51371,10
13.0303297043,80.228302002,51371,51381,10
13.0302495956,80.2290115356,51381,51391,10
13.0304498672,80.229637146,51391,51401,10
13.030670166,80.2303009033,51401,51411,10
13.0306901932,80.2304229736,51411,51421,10
13.0307102203,80.2305984497,51421,51432,11
13.030579567,80.2306976318,51432,51442,10
13.0301799774,80.2307434082,51442,51452,10
13.0298900604,80.2307891846,51452,51462,10
13.0298700333,80.2307891846,51462,51472,10
13.029540062,80.230796814,51472,51482,10
13.028960228,80.2308578491,51482,51492,10
13.028260231,80.2309265137,51492,51501,9
13.027759552,80.231010437,51501,51511,10
13.0277004242,80.231338501,51511,51522,11
13.0277795792,80.2320175171,51522,51532,10
13.0278596878,80.2326202393,51532,51543,11
13.0274295807,80.2328414917,51543,51553,10
13.0267496109,80.2330322266,51553,51613,60
13.0267496109,80.2330322266,51613,51623,10
13.02643013,80.232963562,51623,51633,10
13.0262498856,80.2324676514,51633,51643,10
13.0261297226,80.2318191528,51643,51654,11
13.0259599686,80.2310714722,51654,51664,10
13.0256795883,80.2303237915,51664,51674,10
13.0251197815,80.2295227051,51674,51684,10
13.0246200562,80.2289199829,51684,51694,10
13.0240001678,80.2282409668,51694,51714,20
13.0240001678,80.2282409668,51714,51724,10
13.0238103867,80.2279968262,51724,51734,10
13.0234804153,80.2276306152,51734,51744,10
13.023059845,80.227180481,51744,51754,10
13.0225000381,80.2266082764,51754,51765,11
13.0218496323,80.2260818481,51765,51775,10
13.0212202072,80.2256164551,51775,51785,10
13.020529747,80.2251281738,51785,51795,10
13.0200500488,80.2248001099,51795,51805,10
13.0200099945,80.2247695923,51805,51815,10
13.0199298859,80.2247314453,51815,51825,10
13.0194597244,80.2245330811,51825,51835,10
13.0186100006,80.2246017456,51835,51845,10
13.0176200867,80.2249908447,51845,51855,10
13.0167303085,80.2253417969,51855,51865,10
13.0160303116,80.2256011963,51865,51876,11
13.0152101517,80.2259292603,51876,51886,10
13.0144901276,80.2261810303,51886,51896,10
13.013999939,80.2264404297,51896,51906,10
13.0139503479,80.2264404297,51906,51916,10
13.013759613,80.2265167236,51916,51926,10
13.0136699677,80.2265472412,51926,51936,10
13.0134401321,80.2266082764,51936,51946,10
13.0129899979,80.2267608643,51946,51956,10
13.0125198364,80.2269363403,51956,51966,10
13.0119104385,80.227180481,51966,51976,10
13.0112199783,80.2274780273,51976,51987,11
13.0104598999,80.2277603149,51987,51997,10
13.0097198486,80.2280807495,51997,52007,10
13.0091295242,80.2286834717,52007,52017,10
13.0089302063,80.2297134399,52017,52027,10
13.0087203979,80.2307815552,52027,52037,10
13.0085000992,80.2318115234,52037,52047,10
13.0082998276,80.2327423096,52047,52057,10
13.0081996918,80.2335968018,52057,52076,19
13.0081996918,80.2335968018,52076,52086,10
13.0081501007,80.2337265015,52086,52098,12
13.0080795288,80.2341537476,52098,52108,10
13.0079603195,80.2346801758,52108,52118,10
13.0078201294,80.2353820801,52118,52128,10
13.0076704025,80.2361831665,52128,52138,10
13.0074796677,80.2370605469,52138,52148,10
13.0072898865,80.2379989624,52148,52158,10
13.0071697235,80.2387313843,52158,52168,10
13.007060051,80.2393188477,52168,52178,10
13.006939888,80.2399215698,52178,52249,71
13.006939888,80.2399215698,52249,52259,10
13.0069198608,80.2402496338,52259,52269,10
13.0068597794,80.2405319214,52269,52279,10
13.0068502426,80.2406082153,52279,52289,10
13.0067996979,80.2407073975,52289,52299,10
13.0067300797,80.2411422729,52299,52309,10
13.0067100525,80.2419815063,52309,52320,11
13.0066795349,80.2429428101,52320,52330,10
13.0066795349,80.2437591553,52330,52340,10
13.0066604614,80.244682312,52340,52350,10
13.0066699982,80.2456970215,52350,52360,10
13.0066995621,80.246421814,52360,52380,20
13.0066995621,80.246421814,52380,52390,10
13.0067195892,80.2470092773,52390,52406,16
13.0067195892,80.2479095459,52406,52418,12
13.0067796707,80.2487716675,52418,52429,11
13.0068397522,80.2494277954,52429,52439,10
13.0068597794,80.2495269775,52439,52449,10
13.0068502426,80.2496032715,52449,52459,10
13.0068101883,80.2498779297,52459,52469,10
13.0067996979,80.2503585815,52469,52477,8
13.0068101883,80.2507629395,52477,52488,11
13.0068101883,80.2513122559,52488,52498,10
13.0067300797,80.2517318726,52498,52509,11
13.0065803528,80.252456665,52509,52519,10
13.0065803528,80.2532577515,52519,52529,10
13.0065898895,80.2541275024,52529,52540,11
13.0066099167,80.2548522949,52540,52560,20
13.0066099167,80.2548522949,52560,52570,10
13.0065498352,80.2549667358,52570,52580,10
13.0065698624,80.2553787231,52580,52590,10
13.0065803528,80.2560424805,52590,52600,10
13.0065603256,80.2566070557,52600,52610,10
13.0065803528,80.2568206787,52610,52620,10
13.0066795349,80.2570571899,52620,52630,10
13.0064201355,80.2574081421,52630,52641,11
13.0058002472,80.2573318481,52641,52651,10
13.0051603317,80.2572021484,52651,52661,10
13.0043497086,80.2570266724,52661,52670,9
13.0036401749,80.2569274902,52670,52681,11
13.0029296875,80.2567901611,52681,52691,10
13.0023202896,80.2566833496,52691,52701,10
13.0020799637,80.2565917969,52701,52711,10
13.0017004013,80.2565689087,52711,52721,10
13.0013198853,80.2565383911,52721,52731,10
13.0008296967,80.2564315796,52731,52741,10
13.0002298355,80.2563705444,52741,52752,11
13.000169754,80.256362915,52752,52762,10
13.0000696182,80.2563095093,52762,52772,10
12.9996500015,80.2562026978,52772,52782,10
12.9990501404,80.2560806274,52782,52792,10
12.9983100891,80.256072998,52792,52802,10
12.9976997375,80.2559814453,52802,52812,10
12.9975500107,80.2559509277,52812,52822,10
12.9973897934,80.2559204102,52822,52832,10
12.9969501495,80.2559204102,52832,52848,16
12.9968595505,80.2567520142,52848,52860,12
12.9968595505,80.2569580078,52860,52871,11
12.9968204498,80.2574386597,52871,52881,10
12.9967002869,80.2583770752,52881,52891,10
12.9966001511,80.2591705322,52891,52901,10
12.9965200424,80.2598266602,52901,52911,10
12.9963998795,80.2608795166,52911,52921,10
12.9963197708,80.2617492676,52921,52931,10
12.9962596893,80.2621765137,52931,52940,9
12.9962501526,80.2622299194,52940,52951,11
12.996219635,80.262260437,52951,52961,10
12.9961204529,80.2626724243,52961,52971,10
12.9960699081,80.2631607056,52971,52982,11
12.9960203171,80.2641525269,52982,52992,10
12.995880127,80.2652282715,52992,53012,20
12.995880127,80.2652282715,53012,53022,10
12.9958696365,80.2656326294,53022,53032,10
12.9957895279,80.2662582397,53032,53042,10
12.9957103729,80.2671279907,53042,53052,10
12.995759964,80.2675704956,53052,53062,10
12.9961204529,80.2676391602,53062,53072,10
12.9961299896,80.2676467896,53072,53082,10
12.9961700439,80.2677307129,53082,53093,11
12.9966201782,80.2677993774,53093,53103,10
12.9973201752,80.2676086426,53103,53119,16
12.9983797073,80.2673034668,53119,53131,12
12.999329567,80.2669677734,53131,53141,10
12.999879837,80.2667922974,53141,53150,9
13.0000200272,80.2667236328,53150,53161,11
13.0001001358,80.2665863037,53161,53171,10
13.000169754,80.2661590576,53171,53181,10
13.0002603531,80.2657470703,53181,53242,61
13.0003204346,80.2658996582,53242,54966,1724
13.0065202713,80.2465820313,54966,54986,20
13.0065202713,80.2465820313,54986,54996,10
13.0066003799,80.2466430664,54996,55006,10
13.0065698624,80.2455368042,55006,55016,10
13.0066795349,80.2448501587,55016,55026,10
13.0068397522,80.2444381714,55026,55036,10
13.0066699982,80.2437973022,55036,55057,21
13.0066699982,80.2437973022,55057,55066,9
13.0066404343,80.2417602539,55066,55077,11
13.0066995621,80.2415084839,55077,55087,10
13.0067596436,80.2413711548,55087,55097,10
13.0067396164,80.2405929565,55097,55117,20
13.0067396164,80.2405929565,55117,55133,16
13.006939888,80.2396774292,55133,55145,12
13.0070800781,80.2390975952,55145,55155,10
13.0071201324,80.2381896973,55155,55165,10
13.0074100494,80.2369003296,55165,55196,31
13.0074100494,80.2369003296,55196,55206,10
13.0075302124,80.2364807129,55206,55216,10
13.0076599121,80.2358932495,55216,55226,10
13.0078601837,80.2351608276,55226,55236,10
13.0079298019,80.2345199585,55236,55246,10
13.0081300735,80.2336425781,55246,55256,10
13.0083198547,80.2331390381,55256,55266,10
13.0086202621,80.2320098877,55266,55276,10
13.0090103149,80.2302780151,55276,55286,10
13.0091295242,80.2288970947,55286,55297,11
13.0094604492,80.2276382446,55297,55307,10
13.0099496841,80.2265167236,55307,55317,10
13.010430336,80.2255172729,55317,55327,10
13.0107803345,80.224647522,55327,55337,10
13.0111703873,80.2236480713,55337,55347,10
13.0114402771,80.2231826782,55347,55377,30
13.0114402771,80.2231826782,55377,55387,10
13.0126600266,80.2220993042,55387,55447,60
13.0126600266,80.2220993042,55447,55457,10
13.014670372,80.2238998413,55457,55467,10
13.014960289,80.2249221802,55467,55498,31
13.014960289,80.2249221802,55498,55507,9
13.0155200958,80.2248382568,55507,55517,10
13.0154895782,80.2250366211,55517,55528,11
13.015080452,80.2255020142,55528,55619,91
13.0193099976,80.2242965698,55619,55923,304
13.0193099976,80.2242965698,55923,55933,10
13.0293397903,80.2307662964,55933,55943,10
13.0293197632,80.2309417725,55943,55954,11
13.0288200378,80.230758667,55954,56100,146
13.0289201736,80.2269134521,56100,56150,50
13.0289201736,80.2269134521,56150,56160,10
13.0282802582,80.2252197266,56160,56170,10
13.0284004211,80.2244033813,56170,56180,10
13.0287103653,80.2240066528,56180,56201,21
13.0287103653,80.2240066528,56201,56211,10
13.0289201736,80.2241516113,56211,56221,10
13.0293998718,80.2242584229,56221,56230,9
13.0299196243,80.2242202759,56230,56241,11
13.0306997299,80.2242584229,56241,56251,10
13.0310401917,80.2240371704,56251,56261,10
13.0311698914,80.2235412598,56261,56271,10
13.0312700272,80.2231521606,56271,56281,10
13.0312595367,80.2230300903,56281,56291,10
13.0313100815,80.22290802,56291,56302,11
13.031539917,80.2224273682,56302,56312,10
13.0319004059,80.2219467163,56312,56322,10
13.0321397781,80.2213973999,56322,56332,10
13.0322799683,80.2206115723,56332,56342,10
13.0322704315,80.2197189331,56342,56372,30
13.0322704315,80.2197189331,56372,56382,10
13.0322999954,80.2192382813,56382,56392,10
13.0323295593,80.2186279297,56392,56402,10
13.0318098068,80.2184371948,56402,56413,11
13.0315198898,80.2179336548,56413,56423,10
13.0313997269,80.2172012329,56423,56433,10
13.0312700272,80.2170181274,56433,56443,10
13.0308303833,80.2170410156,56443,56453,10
13.0304803848,80.2168426514,56453,56463,10
13.0304603577,80.2166595459,56463,56473,10
13.030500412,80.2165527344,56473,56483,10
13.0304002762,80.2160568237,56483,56493,10
13.0304498672,80.2155380249,56493,56503,10
13.0304403305,80.2149887085,56503,56513,10
13.0304603577,80.2145996094,56513,56524,11
13.0304098129,80.2145385742,56524,56534,10
13.0304298401,80.2141265869,56534,56544,10
13.0305099487,80.2136383057,56544,56554,10
13.0305204391,80.2133178711,56554,56564,10
13.0305700302,80.2127227783,56564,56574,10
13.0306901932,80.2120132446,56574,56584,10
13.0308103561,80.2116317749,56584,56594,10
13.0308303833,80.2113113403,56594,56605,11
13.03083992,80.2108917236,56605,56614,9
13.0308198929,80.2106933594,56614,56624,10
13.0310401917,80.2103424072,56624,56635,11
13.0308904648,80.2100067139,56635,56645,10
13.0305900574,80.2099227905,56645,56655,10
13.0301198959,80.209777832,56655,56665,10
13.0301399231,80.2094802856,56665,56675,10
13.0301399231,80.2093811035,56675,56685,10
13.0304203033,80.2091064453,56685,56695,10
13.0302600861,80.2090988159,56695,56705,10
13.0307397842,80.2091522217,56705,56715,10
13.0316200256,80.2094192505,56715,56735,20
13.0316200256,80.2094192505,56735,56746,11
13.031920433,80.2094802856,56746,56756,10
13.0321998596,80.2095718384,56756,56766,10
13.0327596664,80.2096786499,56766,56776,10
13.0335302353,80.2098236084,56776,56786,10
13.0344495773,80.2099609375,56786,56796,10
13.0351400375,80.2098999023,56796,56806,10
13.0352296829,80.2092971802,56806,56816,10
13.0352897644,80.2086105347,56816,56836,20
13.0352897644,80.2086105347,56836,56846,10
13.0353498459,80.2083816528,56846,56857,11
13.0354404449,80.2078170776,56857,56873,16
13.035610199,80.2066726685,56873,56885,12
13.0355501175,80.2060470581,56885,56895,10
13.0355195999,80.205406189,56895,56915,20
13.0355195999,80.205406189,56915,56925,10
13.0355997086,80.2052764893,56925,56935,10
13.0355997086,80.2052612305,56935,56945,10
13.0358200073,80.2051010132,56945,56955,10
13.0358600616,80.2046890259,56955,56965,10
13.035949707,80.2041015625,56965,56976,11
13.0360898972,80.2033920288,56976,56986,10
13.036190033,80.2026367188,56986,56996,10
13.0363502502,80.2017593384,56996,57016,20
13.0363502502,80.2017593384,57016,57026,10
13.0364103317,80.201499939,57026,57036,10
13.0364599228,80.2012329102,57036,57046,10
13.0364398956,80.2005767822,57046,57056,10
13.0365695953,80.1997909546,57056,57066,10
13.0367498398,80.1989135742,57066,57077,11
13.0368499756,80.1984329224,57077,57087,10
13.0367603302,80.1983566284,57087,57097,10
13.0369100571,80.1980361938,57097,57107,10
13.0369596481,80.197479248,57107,57117,10
13.03703022,80.1967926025,57117,57127,10
13.0370903015,80.1963577271,57127,57137,10
13.0370798111,80.1963577271,57137,57147,10
13.0370903015,80.1962509155,57147,57157,10
13.0371904373,80.1956710815,57157,57167,10
13.0373296738,80.1949081421,57167,57177,10
13.0374603271,80.1940383911,57177,57188,11
13.0375900269,80.1930770874,57188,57198,10
13.0378799438,80.1927337646,57198,57207,9
13.0387201309,80.192817688,57207,57238,31
13.0387201309,80.192817688,57238,57248,10
13.0389003754,80.1928634644,57248,57258,10
13.0392599106,80.1929779053,57258,57268,10
13.0395498276,80.1930007935,57268,57278,10
13.0401000977,80.1930923462,57278,57288,10
13.0407400131,80.193107605,57288,57299,11
13.0413599014,80.1930389404,57299,57309,10
13.0417203903,80.1932907104,57309,57319,10
13.0417003632,80.1937637329,57319,57329,10
13.0417098999,80.193862915,57329,57339,10
13.0416898727,80.1940765381,57339,57349,10
13.0416297913,80.1944885254,57349,57359,10
13.0415496826,80.1952819824,57359,57369,10
13.0414400101,80.1958999634,57369,57379,10
13.0413703918,80.1967163086,57379,57410,31
13.0413703918,80.1967163086,57410,57420,10
13.0412902832,80.1972579956,57420,57429,9
13.0411996841,80.1978912354,57429,57440,11
13.0410804749,80.1986236572,57440,57450,10
13.0409803391,80.1991119385,57450,57460,10
13.0409603119,80.1992797852,57460,57470,10
13.0409698486,80.1993408203,57470,57480,10
13.0409097672,80.199760437,57480,57490,10
13.0408802032,80.2004470825,57490,57500,10
13.040719986,80.2013092041,57500,57511,11
13.0405797958,80.2019577026,57511,57521,10
13.0405302048,80.2023696899,57521,57531,10
13.0404596329,80.203086853,57531,57541,10
13.0403203964,80.2038803101,57541,57551,10
13.0402097702,80.2046737671,57551,57561,10
13.0402803421,80.2050323486,57561,57571,10
13.0412597656,80.2052230835,57571,57591,20
13.0412597656,80.2052230835,57591,57601,10
13.0413503647,80.2052536011,57601,57611,10
13.0417604446,80.2052764893,57611,57621,10
13.0423498154,80.205406189,57621,57632,11
13.0427598953,80.2057189941,57632,57642,10
13.0431604385,80.2062988281,57642,57652,10
13.043680191,80.2069778442,57652,57662,10
13.044090271,80.2078323364,57662,57672,10
13.0441598892,80.2087173462,57672,57682,10
13.0441904068,80.2091598511,57682,57692,10
13.0441398621,80.2092132568,57692,57702,10
13.0441398621,80.2095031738,57702,57712,10
13.0441904068,80.2101516724,57712,57722,10
13.044210434,80.2110290527,57722,57733,11
13.0443296432,80.2121200562,57733,57763,30
13.0443296432,80.2121200562,57763,57773,10
13.0446500778,80.2122802734,57773,57783,10
13.0452899933,80.212272644,57783,57793,10
13.0459699631,80.2122421265,57793,57803,10
13.0466299057,80.2122192383,57803,57813,10
13.0470104218,80.2121124268,57813,57823,10
13.0470304489,80.2118377686,57823,57843,20
13.0470304489,80.2118377686,57843,57854,11
13.0470504761,80.2114028931,57854,57864,10
13.0470199585,80.2108612061,57864,57874,10
13.047369957,80.2108001709,57874,57884,10
13.0478401184,80.2108001709,57884,57894,10
13.0482301712,80.2108230591,57894,57904,10
13.0487804413,80.2107772827,57904,57914,10
13.0492401123,80.2108078003,57914,57924,10
13.049539566,80.2108612061,57924,57934,10
13.0496797562,80.2107696533,57934,57944,10
13.0496196747,80.2102432251,57944,57954,10
13.0495595932,80.209602356,57954,57965,11
13.0494699478,80.2088470459,57965,57975,10
13.0492601395,80.2081375122,57975,57985,10
13.0488996506,80.2071380615,57985,58015,30
13.0488996506,80.2071380615,58015,58025,10
13.0489702225,80.2067337036,58025,58035,10
13.0491600037,80.2067871094,58035,58045,10
13.0493001938,80.2068862915,58045,58055,10
13.0492801666,80.2070999146,58055,58298,243
13.0492801666,80.2070999146,58298,58308,10
13.0491895676,80.20728302,58308,58580,272
13.0491895676,80.20728302,58580,58590,10
13.0489997864,80.207572937,58590,58600,10
13.0491399765,80.2079467773,58600,58610,10
13.0492897034,80.2083816528,58610,58621,11
13.0493803024,80.2087402344,58621,58631,10
13.0494403839,80.2090530396,58631,58641,10
13.0494403839,80.2090606689,58641,58651,10
13.0495100021,80.2094497681,58651,58661,10
13.0496101379,80.2100830078,58661,58671,10
13.0497198105,80.2108230591,58671,58681,10
13.0498600006,80.211807251,58681,58752,71
13.0498600006,80.211807251,58752,58762,10
13.0499095917,80.2119979858,58762,58772,10
13.0498695374,80.2121810913,58772,58782,10
13.0493803024,80.2122192383,58782,58802,20
13.0493803024,80.2122192383,58802,58812,10
13.0492601395,80.2121887207,58812,58822,10
13.0487604141,80.2122192383,58822,58832,10
13.0480499268,80.2122573853,58832,58843,11
13.0470600128,80.2123413086,58843,58853,10
13.0460100174,80.2123565674,58853,58863,10
13.0448198318,80.2124481201,58863,58921,58
13.0448198318,80.2124481201,58921,58931,10
13.0446195602,80.2125015259,58931,58941,10
13.0443096161,80.2123031616,58941,58951,10
13.0442399979,80.2117233276,58951,58962,11
13.0441999435,80.2107620239,58962,58972,10
13.0441703796,80.2099533081,58972,58982,10
13.0441398621,80.2092971802,58982,58992,10
13.0440998077,80.2088317871,58992,59002,10
13.0440998077,80.2088394165,59002,59012,10
13.0441198349,80.2085037231,59012,59022,10
13.0440397263,80.2078704834,59022,59032,10
13.043680191,80.2071380615,59032,59042,10
13.0432701111,80.2065582275,59042,59052,10
13.0426797867,80.2057723999,59052,59063,11
13.0419397354,80.2053070068,59063,59073,10
13.041179657,80.2051773071,59073,59083,10
13.0407800674,80.2051391602,59083,59093,10
13.0407495499,80.2051315308,59093,59103,10
13.0403795242,80.2050933838,59103,59113,10
13.0397996902,80.2050018311,59113,59123,10
13.0391902924,80.2048873901,59123,59128,5
13.0389003754,80.2048416138,59128,59143,15
13.0381498337,80.2047271729,59143,59153,10
13.0381202698,80.2044525146,59153,59163,10
13.0382003784,80.203918457,59163,59174,11
13.0383195877,80.2032165527,59174,59184,10
13.0384197235,80.2026367188,59184,59194,10
13.0385198593,80.2020187378,59194,59204,10
13.0385904312,80.2016067505,59204,59214,10
13.0386800766,80.2009429932,59214,59224,10
13.038769722,80.2002182007,59224,59233,9
13.0389404297,80.199180603,59233,59249,16
13.0389404297,80.199180603,59249,59264,15
13.0390300751,80.1985397339,59264,59274,10
13.0391397476,80.197883606,59274,59284,10
13.0392398834,80.1971817017,59284,59295,11
13.0392799377,80.1969223022,59295,59305,10
13.0392904282,80.1966934204,59305,59315,10
13.0393400192,80.1962585449,59315,59325,10
13.039440155,80.1956100464,59325,59335,10
13.0395402908,80.1949234009,59335,59345,10
13.0396203995,80.1942367554,59345,59355,10
13.0397796631,80.1931762695,59355,59395,40
13.0397796631,80.1931762695,59395,59406,11
13.0395097733,80.1929779053,59406,59416,10
13.0389499664,80.1928863525,59416,59426,10
13.0386295319,80.1928634644,59426,59436,10
13.038599968,80.1928710938,59436,59446,10
13.0380601883,80.1928024292,59446,59466,20
13.0380601883,80.1928024292,59466,59476,10
13.0376996994,80.1928787231,59476,59486,10
13.0375404358,80.1934661865,59486,59496,10
13.0374498367,80.1942596436,59496,59507,11
13.0373401642,80.1951828003,59507,59517,10
13.0371799469,80.1961364746,59517,59536,19
13.0371799469,80.1961364746,59536,59547,11
13.0371303558,80.196472168,59547,59557,10
13.0370197296,80.1971588135,59557,59567,10
13.036939621,80.1978302002,59567,59577,10
13.0368499756,80.198600769,59577,59587,10
13.0367898941,80.1990890503,59587,59597,10
13.0367603302,80.1990432739,59597,59607,10
13.0366601944,80.1996002197,59607,59618,11
13.0365400314,80.2004699707,59618,59628,10
13.0364198685,80.2013015747,59628,59638,10
13.0363798141,80.2018280029,59638,59658,20
13.0363798141,80.2018280029,59658,59668,10
13.0363101959,80.2020111084,59668,59678,10
13.0362596512,80.2024612427,59678,59688,10
13.0361700058,80.2030410767,59688,59698,10
13.0360803604,80.2037506104,59698,59708,10
13.0360298157,80.2041625977,59708,59718,10
13.0359697342,80.2045822144,59718,59729,11
13.0358600616,80.2053375244,59729,59739,10
13.035779953,80.205947876,59739,59749,10
13.0357704163,80.2059783936,59749,59759,10
13.0357303619,80.2061767578,59759,59769,10
13.03565979,80.206703186,59769,59779,10
13.0355300903,80.2075119019,59779,59789,10
13.0354299545,80.2083816528,59789,59809,20
13.0354299545,80.2083816528,59809,59819,10
13.0353803635,80.2085571289,59819,59829,10
13.0352897644,80.2090988159,59829,59840,11
13.0351800919,80.2099380493,59840,59850,10
13.0350999832,80.2105026245,59850,59860,10
13.0349903107,80.2108230591,59860,59870,10
13.0348997116,80.2112884521,59870,59880,10
13.0348100662,80.2117233276,59880,59890,10
13.0346403122,80.2121505737,59890,59900,10
13.0341796875,80.212059021,59900,59910,10
13.0335597992,80.2119674683,59910,59920,10
13.0324897766,80.2118988037,59920,59940,20
13.0324897766,80.2118988037,59940,59951,11
13.0323095322,80.2118606567,59951,59961,10
13.031920433,80.2117614746,59961,59971,10
13.0319004059,80.2113723755,59971,59981,10
13.0320196152,80.2107009888,59981,59991,10
13.0321102142,80.2100219727,59991,60001,10
13.0319099426,80.2096099854,60001,60011,10
13.0312900543,80.2094802856,60011,60021,10
13.0304603577,80.2092437744,60021,60031,10
13.0301399231,80.2093200684,60031,60041,10
13.0300598145,80.2096099854,60041,60052,11
13.0300598145,80.2096176147,60052,60062,10
13.029999733,80.2097167969,60062,60072,10
13.0303001404,80.2099075317,60072,60082,10
13.03083992,80.2100296021,60082,60092,10
13.0309801102,80.2102279663,60092,60102,10
13.0309400558,80.2106170654,60102,60112,10
13.0308799744,80.2111282349,60112,60122,10
13.0308303833,80.2114562988,60122,60132,10
13.0307798386,80.2118301392,60132,60142,10
13.0306901932,80.2124023438,60142,60152,10
13.0305595398,80.213180542,60152,60162,10
13.0304899216,80.2136764526,60162,60173,11
13.0304403305,80.2140426636,60173,60183,10
13.0303401947,80.2147598267,60183,60203,20
13.0303401947,80.2147598267,60203,60213,10
13.0303401947,80.2150802612,60213,60223,10
13.0303602219,80.2156982422,60223,60233,10
13.0304203033,80.2164535522,60233,60243,10
13.0305404663,80.2169494629,60243,60253,10
13.0306901932,80.2169799805,60253,60263,10
13.0309801102,80.2170028687,60263,60273,10
13.0313396454,80.2170028687,60273,60284,11
13.0314998627,80.2173690796,60284,60294,10
13.031539917,80.2181167603,60294,60304,10
13.0319795609,80.218460083,60304,60314,10
13.0322399139,80.218711853,60314,60324,10
13.0322198868,80.2193832397,60324,60334,10
13.0322303772,80.2200393677,60334,60344,10
13.0322399139,80.2203598022,60344,60354,10
13.0322504044,80.2203598022,60354,60364,10
13.0322303772,80.2204818726,60364,60374,10
13.032119751,80.2208786011,60374,60385,11
13.0319795609,80.2215118408,60385,60395,10
13.0317296982,80.222038269,60395,60405,10
13.0315198898,80.2225036621,60405,60415,10
13.03125,80.2230529785,60415,60425,10
13.0311603546,80.2240219116,60425,60445,20
13.0311603546,80.2240219116,60445,60455,10
13.0311603546,80.2242584229,60455,60465,10
13.0308904648,80.2243423462,60465,60475,10
13.0302801132,80.2242965698,60475,60485,10
13.0290298462,80.2242279053,60485,60506,21
13.0290298462,80.2242279053,60506,60516,10
13.0289497375,80.2241821289,60516,60526,10
13.028670311,80.2240371704,60526,60536,10
13.0284204483,80.2244262695,60536,60546,10
13.0282402039,80.2251968384,60546,60556,10
13.0280599594,80.2259597778,60556,60566,10
13.0279302597,80.2266769409,60566,60576,10
13.0279302597,80.2270278931,60576,60586,10
13.028260231,80.227142334,60586,60596,10
13.0284900665,80.227180481,60596,60607,11
13.0286598206,80.2271881104,60607,60617,10
13.0291595459,80.2272796631,60617,60627,10
13.0298299789,80.2273788452,60627,60637,10
13.0303096771,80.2274398804,60637,60647,10
13.0304698944,80.2275924683,60647,60657,10
13.0304002762,80.227897644,60657,60667,10
13.0303602219,80.2283630371,60667,60677,10
13.0303401947,80.2283401489,60677,60687,10
13.0302801132,80.2285919189,60687,60697,10
13.0302696228,80.2291793823,60697,60707,10
13.0304899216,80.2298812866,60707,60718,11
13.03083992,80.2309188843,60718,60758,40
13.0297603607,80.2308425903,60758,60778,20
13.0296497345,80.2308731079,60778,60798,20
13.0296497345,80.2308731079,60798,60808,10
13.0281095505,80.2308502197,60808,60819,11
13.0275802612,80.2312164307,60819,60829,10
13.027680397,80.2317810059,60829,60839,10
13.0278301239,80.2325363159,60839,60849,10
13.0276699066,80.2328567505,60849,60859,10
13.0272302628,80.2329406738,60859,60869,10
13.0266895294,80.2334365845,60869,61190,321
13.0266895294,80.2334365845,61190,61200,10
13.0172796249,80.2250137329,61200,61209,9
13.0158901215,80.2256088257,61209,61220,11
13.0149497986,80.2259979248,61220,61230,10
13.0142803192,80.2262268066,61230,61242,12
13.0141000748,80.2263031006,61242,61262,20
13.0141000748,80.2263031006,61262,61272,10
13.0127696991,80.2268981934,61272,61282,10
13.0121898651,80.2270889282,61282,61292,10
13.0113801956,80.2274169922,61292,61302,10
13.010430336,80.2277832031,61302,61312,10
13.009519577,80.2280273438,61312,61322,10
13.0091600418,80.2284011841,61322,61332,10
13.0090303421,80.2291488647,61332,61342,10
13.0088796616,80.2300186157,61342,61352,10
13.0087404251,80.2308502197,61352,61362,10
13.0085897446,80.2317199707,61362,61372,10
13.0084104538,80.2326583862,61372,61383,11
13.0081996918,80.233757019,61383,61403,20
13.0081996918,80.233757019,61403,61413,10
13.0080900192,80.2340698242,61413,61423,10
13.0080003738,80.2346115112,61423,61433,10
13.0078697205,80.2352294922,61433,61443,10
13.0077400208,80.236000061,61443,61453,10
13.0075502396,80.2370071411,61453,61463,10
13.0073604584,80.2379837036,61463,61473,10
13.0071802139,80.2388763428,61473,61483,10
13.0069303513,80.2400436401,61483,61524,41
13.0069599152,80.2400817871,61524,61584,60
13.0069599152,80.2400817871,61584,61595,11
13.006770134,80.240272522,61595,61605,10
13.0066404343,80.2407226563,61605,61615,10
13.0067396164,80.240852356,61615,61625,10
13.0066795349,80.2410507202,61625,61635,10
13.0066699982,80.2418289185,61635,61645,10
13.0066995621,80.2427368164,61645,61655,10
13.0066795349,80.2435836792,61655,61665,10
13.0066604614,80.2446136475,61665,61675,10
13.0066699982,80.2457427979,61675,61685,10
13.0067195892,80.2468109131,61685,61695,10
13.0067195892,80.2476196289,61695,61706,11
13.0067396164,80.248588562,61706,61716,10
13.0068597794,80.2496337891,61716,61736,20
13.0068597794,80.2496337891,61736,61746,10
13.0068397522,80.2500305176,61746,61766,20
13.0068397522,80.2500305176,61766,61776,10
13.006819725,80.2500610352,61776,61786,10
13.0068101883,80.2504730225,61786,61796,10
13.0068101883,80.2507629395,61796,61806,10
13.0068101883,80.2509002686,61806,61817,11
13.0067996979,80.2513580322,61817,61827,10
13.0066795349,80.2518234253,61827,61837,10
13.0065498352,80.2524795532,61837,61847,10
13.006529808,80.2533798218,61847,61857,10
13.0065402985,80.2542877197,61857,61867,10
13.0065698624,80.2551803589,61867,61887,20
13.0065698624,80.2551803589,61887,61897,10
13.0065603256,80.2553710938,61897,61907,10
13.0065698624,80.2559585571,61907,61917,10
13.0065698624,80.2567214966,61917,61928,11
13.0066404343,80.257232666,61928,61988,60
13.0066404343,80.257232666,61988,61998,10
13.0067501068,80.2572021484,61998,62008,10
13.0066099167,80.2574615479,62008,62018,10
13.006070137,80.2574386597,62018,62028,10
13.0053300858,80.2572631836,62028,62039,11
13.004529953,80.2571105957,62039,62049,10
13.0037698746,80.2569198608,62049,62059,10
13.003080368,80.2567977905,62059,62069,10
13.0023097992,80.2566604614,62069,62079,10
13.0013504028,80.2565612793,62079,62150,71
13.0013504028,80.2565612793,62150,62160,10
13.0010404587,80.2565383911,62160,62170,10
13.000120163,80.2563705444,62170,62190,20
13.000120163,80.2563705444,62190,62200,10
12.9996595383,80.2562637329,62200,62230,30
12.9996595383,80.2562637329,62230,62240,10
12.9993495941,80.2562103271,62240,62250,10
12.9989204407,80.2561035156,62250,62261,11
12.9982795715,80.2559967041,62261,62271,10
12.997879982,80.2559280396,62271,62281,10
12.9973602295,80.2559204102,62281,62291,10
12.9970903397,80.255897522,62291,62301,10
12.9968900681,80.2562026978,62301,62311,10
12.9968395233,80.2570495605,62311,62331,20
12.9968395233,80.2570495605,62331,62341,10
12.9968299866,80.2573165894,62341,62351,10
12.9967699051,80.2579116821,62351,62361,10
12.9966602325,80.2586288452,62361,62372,11
12.9965801239,80.2593002319,62372,62382,10
12.9965295792,80.2597503662,62382,62392,10
12.9964599609,80.2603988647,62392,62402,10
12.9963998795,80.2610321045,62402,62412,10
12.9963703156,80.2614212036,62412,62422,10
12.9963102341,80.2619171143,62422,62432,10
12.9962501526,80.2623901367,62432,62452,20
12.9962501526,80.2623901367,62452,62462,10
12.996219635,80.2626419067,62462,62472,10
12.9961595535,80.263168335,62472,62483,11
12.9960899353,80.2640228271,62483,62493,10
12.9960002899,80.2649230957,62493,62503,10
12.9959602356,80.2652511597,62503,62513,10
12.9959201813,80.2655029297,62513,62523,10
12.9958600998,80.2661895752,62523,62533,10
12.9957504272,80.2671127319,62533,62543,10
12.9961595535,80.2677230835,62543,62573,30
12.9961595535,80.2677230835,62573,62584,11
12.9965496063,80.267791748,62584,62594,10
12.996919632,80.2677383423,62594,62604,10
12.9975700378,80.2675476074,62604,62614,10
12.9982099533,80.2673721313,62614,62624,10
12.9988698959,80.2671813965,62624,62634,10
12.99958992,80.2669830322,62634,62644,10
13.000120163,80.2664871216,62644,62664,20
13.000120163,80.2664871216,62664,62674,10
13.000169754,80.2661514282,62674,62684,10
13.0002298355,80.2657089233,62684,62695,11
13.0002698898,80.2661209106,62695,63766,1071
13.0002698898,80.2661209106,63766,63776,10
13.0003204346,80.2666473389,63776,63787,11
13.0002002716,80.2668685913,63787,63797,10
12.9998397827,80.2669677734,63797,63807,10
12.9992799759,80.2670974731,63807,63817,10
12.9986400604,80.2672805786,63817,63827,10
12.9983100891,80.2673416138,63827,63837,10
12.9979200363,80.2674713135,63837,63847,10
12.9974803925,80.2676086426,63847,63857,10
12.9971399307,80.2677078247,63857,63867,10
12.9965896606,80.2677993774,63867,63877,10
12.9959697723,80.2677383423,63877,63887,10
12.9956798553,80.2676391602,63887,63898,11
12.9956798553,80.2673187256,63898,63918,20
12.9956798553,80.2673187256,63918,63928,10
12.9956798553,80.2672271729,63928,63938,10
12.9957399368,80.2668228149,63938,63948,10
12.9958095551,80.2661209106,63948,63958,10
12.9959001541,80.2653427124,63958,63968,10
12.9959897995,80.2646179199,63968,63978,10
12.9960603714,80.2638626099,63978,63988,10
12.9961500168,80.2631378174,63988,63998,10
12.9961996078,80.2626724243,63998,64019,21
12.9961996078,80.2626724243,64019,64029,10
12.9962301254,80.2623596191,64029,64039,10
12.9962902069,80.2619934082,64039,64049,10
12.996339798,80.2615966797,64049,64059,10
12.9964199066,80.2609176636,64059,64069,10
12.9964799881,80.2603225708,64069,64079,10
12.996509552,80.2597808838,64079,64089,10
12.9965496063,80.2594985962,64089,64099,10
12.9965696335,80.2593917847,64099,64109,10
12.9966001511,80.258972168,64109,64120,11
12.9966897964,80.2583084106,64120,64129,9
12.9967498779,80.2576522827,64129,64140,11
12.9968299866,80.2570724487,64140,64150,10
12.9968700409,80.2566070557,64150,64160,10
12.9968900681,80.2561035156,64160,64261,101
12.9968900681,80.2561035156,64261,64271,10
12.9968996048,80.2559127808,64271,64281,10
12.9971504211,80.2558364868,64281,64291,10
12.997759819,80.2559127808,64291,64301,10
12.9988698959,80.2560806274,64301,64331,30
12.9988698959,80.2560806274,64331,64342,11
12.9991798401,80.2561416626,64342,64352,10
12.9997701645,80.2562637329,64352,64362,10
13.0008001328,80.256477356,64362,64392,30
13.0008001328,80.256477356,64392,64402,10
13.0011997223,80.2565689087,64402,64412,10
13.0016403198,80.2566375732,64412,64422,10
13.0021800995,80.2566986084,64422,64432,10
13.0027198792,80.2567977905,64432,64442,10
13.0033197403,80.2569198608,64442,64453,11
13.0039596558,80.2570266724,64453,64463,10
13.004360199,80.2571029663,64463,64473,10
13.004650116,80.2571792603,64473,64483,10
13.0050296783,80.257232666,64483,64493,10
13.0054502487,80.2573318481,64493,64553,60
13.0054502487,80.2573318481,64553,64564,11
13.0057001114,80.2574310303,64564,64574,10
13.0060901642,80.2574768066,64574,64584,10
13.0064697266,80.2574005127,64584,64594,10
13.0064601898,80.2568283081,64594,64604,10
13.0065002441,80.2560501099,64604,64614,10
13.0065202713,80.2553863525,64614,64624,10
13.0065498352,80.2546005249,64624,64634,10
13.0065498352,80.2535400391,64634,64695,61
13.0065498352,80.2535400391,64695,64705,10
13.0065402985,80.2529907227,64705,64715,10
13.0065402985,80.252746582,64715,64725,10
13.0065898895,80.2522964478,64725,64806,81
13.0065898895,80.2522964478,64806,64816,10
13.0065603256,80.2521972656,64816,64826,10
13.0066204071,80.2518386841,64826,64836,10
13.0067195892,80.2512283325,64836,64846,10
13.0067796707,80.2505187988,64846,64856,10
13.0068101883,80.2499237061,64856,64866,10
13.0068101883,80.2496185303,64866,64876,10
13.0068101883,80.2494277954,64876,64887,11
13.0067796707,80.2492599487,64887,64897,10
13.0067501068,80.2491836548,64897,64907,10
13.0067195892,80.248878479,64907,64917,10
13.0066699982,80.2485275269,64917,64927,10
13.006649971,80.2481613159,64927,65036,109
13.006649971,80.2481613159,65036,65046,10
13.0066099167,80.2477264404,65046,65055,9
13.0066204071,80.2473297119,65055,65066,11
13.0066099167,80.2468414307,65066,65086,20
13.0066099167,80.2468414307,65086,65096,10
13.0065402985,80.2466888428,65096,65107,11
13.0065898895,80.2463531494,65107,65116,9
13.0065803528,80.2458190918,65116,65147,31
13.0065803528,80.2458190918,65147,65157,10
13.0065803528,80.2454376221,65157,65167,10
13.0065803528,80.2451629639,65167,65177,10
13.0065803528,80.2448883057,65177,65187,10
13.0065698624,80.2445831299,65187,65207,20
13.0065698624,80.2445831299,65207,65218,11
13.0065898895,80.2442092896,65218,65228,10
13.0065803528,80.2440185547,65228,65238,10
13.0065898895,80.2437591553,65238,65248,10
13.0065803528,80.2434310913,65248,65258,10
13.0065498352,80.2428817749,65258,65268,10
13.0065498352,80.2422485352,65268,65278,10
13.0065498352,80.2419586182,65278,65306,28
13.0065498352,80.2419586182,65306,65316,10
13.0065803528,80.2418365479,65316,65326,10
13.0065898895,80.2415466309,65326,65337,11
13.0066404343,80.2410430908,65337,65347,10
13.0066900253,80.2405776978,65347,65417,70
13.0066900253,80.2405776978,65417,65426,9
13.0067396164,80.2403869629,65426,65438,12
13.0068502426,80.2398605347,65438,65448,10
13.0069704056,80.2391662598,65448,65458,10
13.0071001053,80.2385101318,65458,65468,10
13.0071897507,80.23802948,65468,65478,10
13.0073003769,80.2375793457,65478,65488,10
13.007399559,80.2370986938,65488,65498,10
13.0074501038,80.2367019653,65498,65538,40
13.0074501038,80.2367019653,65538,65549,11
13.0074901581,80.2365722656,65549,65559,10
13.007519722,80.2365112305,65559,65569,10
13.0075798035,80.2361907959,65569,65579,10
13.0077295303,80.235458374,65579,65609,30
13.0077295303,80.235458374,65609,65619,10
13.0077800751,80.2353515625,65619,65629,10
13.0078496933,80.2349777222,65629,65639,10
13.0079603195,80.2344818115,65639,65648,9
13.0080404282,80.2340087891,65648,65660,12
13.0081596375,80.2333221436,65660,65670,10
13.0082998276,80.2325286865,65670,65680,10
13.0084495544,80.2316436768,65680,65690,10
13.0086698532,80.2306594849,65690,65700,10
13.0088596344,80.2296829224,65700,65710,10
13.009059906,80.228729248,65710,65720,10
13.009349823,80.2278366089,65720,65730,10
13.0097503662,80.2269134521,65730,65740,10
13.0101604462,80.226020813,65740,65750,10
13.0105104446,80.2253112793,65750,65760,10
13.0107603073,80.2247924805,65760,65771,11
13.0110301971,80.2240524292,65771,65781,10
13.0113201141,80.2232818604,65781,65790,9
13.0115604401,80.2227325439,65790,65801,11
13.0117902756,80.2220916748,65801,65811,10
13.0120000839,80.2216567993,65811,65821,10
13.0121202469,80.2215118408,65821,65831,10
13.012339592,80.2215194702,65831,65841,10
13.0125398636,80.2218475342,65841,65851,10
13.0127801895,80.2222595215,65851,65861,10
13.0130395889,80.2224884033,65861,65871,10
13.0132703781,80.2227020264,65871,65882,11
13.0135402679,80.2229766846,65882,65892,10
13.0137701035,80.223197937,65892,65902,10
13.0140399933,80.2235412598,65902,65912,10
13.0144395828,80.2240371704,65912,65922,10
13.0148801804,80.2245635986,65922,65932,10
13.0153102875,80.2249221802,65932,65942,10
13.0156602859,80.2251968384,65942,65972,30
13.0156602859,80.2251968384,65972,65982,10
13.0157804489,80.2252807617,65982,65993,11
13.0161399841,80.2253875732,65993,66003,10
13.016579628,80.2253265381,66003,66013,10
13.0170297623,80.225151062,66013,66023,10
13.0173101425,80.2250213623,66023,66114,91
13.0173101425,80.2250213623,66114,66124,10
13.017370224,80.2250213623,66124,66134,10
13.0176897049,80.224899292,66134,66144,10
13.0181303024,80.2247161865,66144,66154,10
13.0186004639,80.2245330811,66154,66164,10
13.0191602707,80.224357605,66164,66205,41
13.0191602707,80.224357605,66205,66215,10
13.0193099976,80.2244033813,66215,66225,10
13.0194702148,80.2244415283,66225,66235,10
13.0196399689,80.2245407104,66235,66245,10
13.0198802948,80.2247009277,66245,66255,10
13.0202598572,80.2249832153,66255,66265,10
13.0206804276,80.2252883911,66265,66275,10
13.0210895538,80.2256164551,66275,66285,10
13.0215797424,80.2259979248,66285,66295,10
13.0220403671,80.2263183594,66295,66305,10
13.0224599838,80.2266616821,66305,66316,11
13.0228996277,80.2270431519,66316,66326,10
13.0233001709,80.2274169922,66326,66336,10
13.0236797333,80.2277603149,66336,66346,10
13.0242900848,80.2284088135,66346,66386,40
13.0242900848,80.2284088135,66386,66396,10
13.0243902206,80.2285232544,66396,66406,10
13.0244398117,80.2286300659,66406,66416,10
13.0245399475,80.2287979126,66416,66427,11
13.0247602463,80.2291412354,66427,66437,10
13.0250396729,80.2294769287,66437,66447,10
13.025349617,80.2298278809,66447,66457,10
13.0253601074,80.2298583984,66457,66467,10
13.0254802704,80.2300262451,66467,66477,10
13.0258102417,80.2306213379,66477,66527,50
13.0258102417,80.2306213379,66527,66538,11
13.02602005,80.2311706543,66538,66554,16
13.0264501572,80.2313232422,66554,66566,12
13.0271396637,80.2311401367,66566,66574,8
13.0275602341,80.2310333252,66574,66626,52
13.0275602341,80.2310333252,66626,66636,10
13.0279598236,80.2310180664,66636,66647,11
13.0284004211,80.2309417725,66647,66687,40
13.0284004211,80.2309417725,66687,66697,10
13.0286502838,80.2308807373,66697,66707,10
13.0287704468,80.2308883667,66707,66717,10
13.0290298462,80.2308883667,66717,66727,10
13.0292797089,80.2308502197,66727,66737,10
13.0299596786,80.230796814,66737,66758,21
13.0299596786,80.230796814,66758,66768,10
13.0302400589,80.230796814,66768,66778,10
13.0304098129,80.2307891846,66778,66788,10
13.0305995941,80.2307891846,66788,66798,10
13.0306100845,80.2307815552,66798,66808,10
13.0306396484,80.2304534912,66808,66818,10
13.0305404663,80.2300491333,66818,66828,10
13.0303001404,80.2294235229,66828,66838,10
13.0302801132,80.2288589478,66838,66848,10
13.0303096771,80.2283401489,66848,66899,51
13.0303096771,80.2283401489,66899,66909,10
13.0304098129,80.2281723022,66909,66919,10
13.0304002762,80.2278137207,66919,66929,10
13.0302400589,80.2275238037,66929,66939,10
13.0297002792,80.2274169922,66939,66949,10
13.0286798477,80.2272186279,66949,66970,21
13.0286798477,80.2272186279,66970,66980,10
13.0284204483,80.2271881104,66980,66990,10
13.0280599594,80.2270965576,66990,67000,10
13.0279302597,80.2267837524,67000,67010,10
13.0279998779,80.2262802124,67010,67020,10
13.0280599594,80.225982666,67020,67030,10
13.0281801224,80.2253570557,67030,67040,10
13.0283203125,80.2245864868,67040,67050,10
13.0286903381,80.2240524292,67050,67081,31
13.0286903381,80.2240524292,67081,67091,10
13.0288200378,80.2241363525,67091,67101,10
13.0289697647,80.2242584229,67101,67111,10
13.0293598175,80.2243423462,67111,67121,10
13.0299501419,80.2243423462,67121,67137,16
13.03083992,80.2243499756,67137,67149,12
13.031129837,80.2241897583,67149,67159,10
13.0311203003,80.223777771,67159,67169,10
13.0311403275,80.2231674194,67169,67189,20
13.0311403275,80.2231674194,67189,67200,11
13.0312299728,80.2229537964,67200,67210,10
13.0314102173,80.2225875854,67210,67220,10
13.0315599442,80.2221908569,67220,67230,10
13.0318202972,80.2216796875,67230,67240,10
13.031999588,80.2210998535,67240,67250,10
13.032119751,80.2205200195,67250,67260,10
13.0321502686,80.2200164795,67260,67270,10
13.0321702957,80.2197113037,67270,67311,41
13.0321702957,80.2197113037,67311,67321,10
13.03221035,80.2193984985,67321,67331,10
13.0321903229,80.2189102173,67331,67341,10
13.0320396423,80.2185134888,67341,67351,10
13.0315799713,80.2183990479,67351,67361,10
13.0314998627,80.2178421021,67361,67371,10
13.0314502716,80.2172164917,67371,67381,10
13.0312995911,80.2170181274,67381,67391,10
13.0308904648,80.2170028687,67391,67401,10
13.0304498672,80.2166900635,67401,67432,31
13.0304498672,80.2166900635,67432,67442,10
13.030380249,80.2164611816,67442,67452,10
13.0303401947,80.2160415649,67452,67462,10
13.0303297043,80.2155532837,67462,67472,10
13.0303201675,80.215057373,67472,67482,10
13.0303297043,80.2146377563,67482,67512,30
13.0303297043,80.2146377563,67512,67523,11
13.0303401947,80.2145004272,67523,67533,10
13.030380249,80.2141876221,67533,67543,10
13.0304403305,80.213760376,67543,67553,10
13.0304803848,80.2134475708,67553,67563,10
13.0305595398,80.2129821777,67563,67573,10
13.0306301117,80.2124786377,67573,67583,10
13.0307102203,80.2119598389,67583,67593,10
13.0307798386,80.2116012573,67593,67603,10
13.0308103561,80.2112121582,67603,67614,11
13.0308198929,80.210899353,67614,67624,10
13.030790329,80.2106933594,67624,67634,10
13.0309801102,80.2100067139,67634,67644,10
13.0310401917,80.2098999023,67644,67654,10
13.030090332,80.2099227905,67654,67715,61
13.030090332,80.2099227905,67715,67724,9
13.0302801132,80.2091522217,67724,67735,11
13.0301704407,80.2091293335,67735,67745,10
13.0302400589,80.2091217041,67745,67755,10
13.0300302505,80.2090988159,67755,67785,30
13.0300302505,80.2090988159,67785,67795,10
13.0300998688,80.2091522217,67795,67805,10
13.0302696228,80.2090606689,67805,67815,10
13.0306301117,80.2091598511,67815,67825,10
13.03125,80.2093276978,67825,67835,10
13.0316400528,80.2094268799,67835,67856,21
13.0316400528,80.2094268799,67856,67866,10
13.0317001343,80.2094802856,67866,67876,10
13.0320100784,80.2095336914,67876,67886,10
13.0325298309,80.209602356,67886,67896,10
13.0330896378,80.2097015381,67896,67906,10
13.0337495804,80.2098388672,67906,67916,10
13.0344600677,80.2099914551,67916,67926,10
13.0350103378,80.2100067139,67926,67936,10
13.0351495743,80.2096786499,67936,67946,10
13.0351800919,80.2092208862,67946,67957,11
13.0352697372,80.2086715698,67957,67977,20
13.0352697372,80.2086715698,67977,67987,10
13.0353002548,80.2085571289,67987,67997,10
13.035320282,80.208190918,67997,68007,10
13.035369873,80.2077331543,68007,68017,10
13.0354604721,80.2071609497,68017,68028,11
13.0355596542,80.2065124512,68028,68037,9
13.0355701447,80.2061080933,68037,68046,9
13.0354700089,80.2059020996,68046,68057,11
13.0354795456,80.2054824829,68057,68068,11
13.035490036,80.2054595947,68068,68078,10
13.0355701447,80.2053222656,68078,68088,10
13.0356998444,80.205291748,68088,68098,10
13.035779953,80.205078125,68098,68108,10
13.0358104706,80.2046585083,68108,68118,10
13.0358600616,80.2043991089,68118,68128,10
13.0359296799,80.2040863037,68128,68138,10
13.0360202789,80.2035980225,68138,68148,10
13.0361003876,80.2029724121,68148,68158,10
13.0362300873,80.2022323608,68158,68169,11
13.0363197327,80.2015304565,68169,68199,30
13.0363197327,80.2015304565,68199,68209,10
13.036359787,80.201210022,68209,68219,10
13.0364198685,80.2006988525,68219,68229,10
13.0364999771,80.1999816895,68229,68239,10
13.0366096497,80.199256897,68239,68249,10
13.0367498398,80.1984329224,68249,68280,31
13.0367498398,80.1984329224,68280,68290,10
13.0368099213,80.1981277466,68290,68300,10
13.036860466,80.1976623535,68300,68310,10
13.0369501114,80.1970977783,68310,68320,10
13.0370702744,80.1963500977,68320,68340,20
13.0370702744,80.1963500977,68340,68350,10
13.0371303558,80.1960983276,68350,68360,10
13.0371999741,80.1956634521,68360,68370,10
13.0373001099,80.1950378418,68370,68380,10
13.0374097824,80.1942901611,68380,68391,11
13.0375299454,80.1934127808,68391,68401,10
13.0376796722,80.1928787231,68401,68411,10
13.0379400253,80.1928100586,68411,68421,10
13.038359642,80.1928482056,68421,68431,10
13.038860321,80.1929321289,68431,68451,20
13.038860321,80.1929321289,68451,68461,10
13.0389604568,80.1929779053,68461,68471,10
13.0392398834,80.1930007935,68471,68481,10
13.0396299362,80.1930389404,68481,68491,10
13.0401000977,80.1931228638,68491,68502,11
13.0404901505,80.1931915283,68502,68512,10
13.0409097672,80.1932830811,68512,68522,10
13.041469574,80.1933364868,68522,68532,10
13.0417604446,80.1934204102,68532,68542,10
13.0417299271,80.1937789917,68542,68552,10
13.0417203903,80.1939086914,68552,68562,10
13.0417003632,80.1941070557,68562,68572,10
13.0416202545,80.194519043,68572,68582,10
13.0415401459,80.19506073,68582,68592,10
13.0414600372,80.1957092285,68592,68602,10
13.0414199829,80.1960678101,68602,68613,11
13.0413398743,80.1964035034,68613,68623,10
13.0413303375,80.1966094971,68623,68633,10
13.0413398743,80.1966400146,68633,68643,10
13.0412998199,80.1968307495,68643,68653,10
13.0412302017,80.1971817017,68653,68663,10
13.0411901474,80.1976013184,68663,68673,10
13.0411100388,80.1981124878,68673,68683,10
13.0410499573,80.1985473633,68683,68693,10
13.0409898758,80.1988601685,68693,68703,10
13.0410003662,80.1989364624,68703,68714,11
13.0409603119,80.199180603,68714,68724,10
13.0409402847,80.1993408203,68724,68734,10
13.0409297943,80.19947052,68734,68744,10
13.0408401489,80.1998901367,68744,68754,10
13.0407800674,80.2005233765,68754,68764,10
13.0406799316,80.2011184692,68764,68774,10
13.0405797958,80.2017974854,68774,68784,10
13.0405197144,80.2022018433,68784,68794,10
13.0404195786,80.2027511597,68794,68804,10
13.0403404236,80.2034606934,68804,68814,10
13.0402498245,80.2041091919,68814,68825,11
13.0401697159,80.2046127319,68825,68835,10
13.0401096344,80.2049331665,68835,68845,10
13.0402202606,80.2050476074,68845,68855,10
13.040430069,80.2051010132,68855,68865,10
13.0411396027,80.2052307129,68865,68885,20
13.0411396027,80.2052307129,68885,68895,10
13.0412902832,80.2052307129,68895,68905,10
13.041680336,80.205291748,68905,68915,10
13.0422801971,80.2053985596,68915,68925,10
13.0426397324,80.2055892944,68925,68936,11
13.0429801941,80.2061233521,68936,68946,10
13.0434303284,80.206741333,68946,68956,10
13.0438404083,80.2072982788,68956,68966,10
13.0440597534,80.2078704834,68966,68976,10
13.0441303253,80.2088623047,68976,69006,30
13.0441303253,80.2088623047,69006,69016,10
13.0441503525,80.2091827393,69016,69026,10
13.0441398621,80.2094268799,69026,69036,10
13.0441398621,80.2099304199,69036,69047,11
13.0441799164,80.2106170654,69047,69057,10
13.0441999435,80.2111434937,69057,69067,10
13.0442304611,80.211807251,69067,69077,10
13.0443000793,80.2122116089,69077,69087,10
13.0444898605,80.2123031616,69087,69097,10
13.0450000763,80.2122879028,69097,69107,10
13.0457201004,80.2123184204,69107,69117,10
13.0464897156,80.2122879028,69117,69127,10
13.0470199585,80.2122497559,69127,69137,10
13.0470399857,80.2119827271,69137,69147,10
13.0470399857,80.211807251,69147,69158,11
13.0470304489,80.2116928101,69158,69174,16
13.046959877,80.2109909058,69174,69186,12
13.0471801758,80.2108078003,69186,69196,10
13.0476102829,80.2108306885,69196,69206,10
13.048330307,80.2108535767,69206,69216,10
13.0490398407,80.2108917236,69216,69226,10
13.0494203568,80.2108917236,69226,69236,10
13.0495901108,80.210899353,69236,69246,10
13.049659729,80.2107391357,69246,69256,10
13.0496397018,80.210357666,69256,69267,11
13.0495796204,80.209777832,69267,69277,10
13.0495195389,80.2092666626,69277,69287,10
13.0494203568,80.2088165283,69287,69297,10
13.0492601395,80.2082977295,69297,69307,10
13.0489702225,80.207611084,69307,69347,40
13.0489702225,80.207611084,69347,69357,10
13.0488796234,80.2073287964,69357,69367,10
13.0488500595,80.2071533203,69367,69378,11
13.0488300323,80.2070922852,69378,69388,10
13.0489196777,80.2069091797,69388,69398,10
13.0491600037,80.2069625854,69398,69408,10
13.0492897034,80.2070236206,69408,69418,10
13.0493097305,80.2071609497,69418,69731,313
13.0493497849,80.2071533203,69731,70377,646
13.0493497849,80.2073364258,70377,70427,50
13.0493497849,80.2073364258,70427,70437,10
13.0490198135,80.2072982788,70437,70447,10
13.0490503311,80.2075881958,70447,70457,10
13.049200058,80.2081069946,70457,70468,11
13.0493402481,80.2086029053,70468,70478,10
13.0494098663,80.2089309692,70478,70488,10
13.0494403839,80.2090835571,70488,70498,10
13.0494499207,80.2092895508,70498,70508,10
13.0495195389,80.2098236084,70508,70518,10
13.0496101379,80.2104492188,70518,70528,10
13.0496702194,80.2108535767,70528,70538,10
13.0496797562,80.2111282349,70538,70558,20
13.0496797562,80.2111282349,70558,70568,10
13.0497102737,80.2113189697,70568,70579,11
13.0497503281,80.2115707397,70579,70589,10
13.0497999191,80.2117385864,70589,70599,10
13.0498399734,80.2119598389,70599,70609,10
13.0497598648,80.2121582031,70609,70619,10
13.0492296219,80.2122192383,70619,70649,30
13.0492296219,80.2122192383,70649,70659,10
13.0488796234,80.2121887207,70659,70669,10
13.0484895706,80.2121963501,70669,70679,10
13.0478496552,80.2122268677,70679,70690,11
13.0470104218,80.2123031616,70690,70700,10
13.0460996628,80.2123413086,70700,70710,10
13.0450601578,80.212348938,70710,70952,242
13.0450601578,80.212348938,70952,70962,10
13.0449800491,80.212348938,70962,70972,10
13.0447597504,80.212348938,70972,70982,10
13.044549942,80.2123565674,70982,70992,10
13.044260025,80.2122268677,70992,71002,10
13.0441904068,80.2117614746,71002,71013,11
13.0441703796,80.2109298706,71013,71023,10
13.0441503525,80.2103500366,71023,71033,10
13.0441198349,80.2099380493,71033,71043,10
13.0440998077,80.2095108032,71043,71053,10
13.0440702438,80.2091522217,71053,71063,10
13.0440597534,80.2089691162,71063,71073,10
13.0440502167,80.2087402344,71073,71083,10
13.0440301895,80.2080993652,71083,71093,10
13.0438404083,80.207359314,71093,71103,10
13.0434999466,80.2068405151,71103,71113,10
13.0431098938,80.2062988281,71113,71123,10
13.0427103043,80.2057495117,71123,71134,11
13.0422000885,80.2053985596,71134,71150,16
13.0414600372,80.2052307129,71150,71162,12
13.0410900116,80.2052078247,71162,71171,9
13.0408802032,80.2051773071,71171,71182,11
13.0408201218,80.2051620483,71182,71192,10
13.0406103134,80.2051391602,71192,71200,8
13.0401697159,80.2050476074,71200,71212,12
13.0396203995,80.2049713135,71212,71222,10
13.0390996933,80.2048797607,71222,71232,10
13.0385704041,80.2048034668,71232,71243,11
13.0381402969,80.2047195435,71243,71253,10
13.0381097794,80.2046508789,71253,71263,10
13.0381498337,80.2042999268,71263,71273,10
13.0382099152,80.203742981,71273,71283,10
13.0382995605,80.2031402588,71283,71293,10
13.0383701324,80.2028198242,71293,71303,10
13.0384302139,80.2024536133,71303,71313,10
13.0384998322,80.2018966675,71313,71323,10
13.0385198593,80.2017288208,71323,71333,10
13.0385799408,80.2014694214,71333,71344,11
13.0386600494,80.2008209229,71344,71354,10
13.038769722,80.2001113892,71354,71364,10
13.0388803482,80.1994628906,71364,71374,10
13.0389204025,80.1992111206,71374,71384,10
13.0389499664,80.1989212036,71384,71394,10
13.0390396118,80.1983337402,71394,71404,10
13.0391397476,80.1976776123,71404,71414,10
13.0392398834,80.1970367432,71414,71424,10
13.0392503738,80.1969070435,71424,71434,10
13.0392904282,80.1965637207,71434,71444,10
13.039349556,80.1962127686,71444,71455,11
13.0394201279,80.1956329346,71455,71465,10
13.0395002365,80.1949615479,71465,71475,10
13.0396099091,80.1942367554,71475,71485,10
13.0397701263,80.1931915283,71485,71505,20
13.0397701263,80.1931915283,71505,71515,10
13.0395002365,80.1930236816,71515,71525,10
13.0390396118,80.1929702759,71525,71535,10
13.038649559,80.1929092407,71535,71545,10
13.0386400223,80.1929016113,71545,71555,10
13.0382900238,80.1928405762,71555,71566,11
13.037899971,80.1928405762,71566,71576,10
13.0375795364,80.1931381226,71576,71586,10
13.0374803543,80.1938171387,71586,71596,10
13.0373697281,80.1946182251,71596,71606,10
13.0372600555,80.1953811646,71606,71616,10
13.0371599197,80.1960830688,71616,71636,20
13.0371599197,80.1960830688,71636,71646,10
13.0371103287,80.1962738037,71646,71656,10
13.0370502472,80.1967010498,71656,71666,10
13.0369596481,80.1974105835,71666,71677,11
13.036860466,80.1980514526,71677,71687,10
13.0368003845,80.1985702515,71687,71697,10
13.0367898941,80.1986465454,71697,71707,10
13.0367603302,80.1988220215,71707,71717,10
13.0366802216,80.1992874146,71717,71727,10
13.0365695953,80.1999588013,71727,71737,10
13.036450386,80.2007217407,71737,71747,10
13.0363502502,80.2013092041,71747,71757,10
13.0363101959,80.2018203735,71757,71777,20
13.0363101959,80.2018203735,71777,71788,11
13.0362796783,80.2022171021,71788,71798,10
13.0361700058,80.2027664185,71798,71807,9
13.0360803604,80.2033615112,71807,71818,11
13.0360097885,80.2037963867,71818,71828,10
13.0359601974,80.2042007446,71828,71838,10
13.035949707,80.2043228149,71838,71848,10
13.0359401703,80.2044067383,71848,71858,10
13.0359096527,80.2046127319,71858,71867,9
13.0358295441,80.2051315308,71867,71877,10
13.0357398987,80.2057800293,71877,71889,12
13.0356998444,80.2060012817,71889,71899,10
13.0356197357,80.206451416,71899,71909,10
13.0354995728,80.2072296143,71909,71919,10
13.0354003906,80.2079696655,71919,71929,10
13.0353603363,80.208366394,71929,71939,10
13.0353603363,80.2083969116,71939,71948,9
13.0352897644,80.2087020874,71948,71959,11
13.035200119,80.2093429565,71959,71969,10
13.0351200104,80.2099914551,71969,71979,10
13.0350198746,80.2105026245,71979,71989,10
13.0348997116,80.2109603882,71989,72000,11
13.034819603,80.2114868164,72000,72010,10
13.0346803665,80.2120666504,72010,72020,10
13.0342702866,80.2120819092,72020,72030,10
13.0336198807,80.212020874,72030,72040,10
13.0329704285,80.2119369507,72040,72050,10
13.0325202942,80.2118988037,72050,72060,10
13.0324897766,80.2118835449,72060,72070,10
13.0322303772,80.2118225098,72070,72080,10
13.0319004059,80.2117080688,72080,72090,10
13.0318899155,80.2113571167,72090,72100,10
13.0319900513,80.2107391357,72100,72111,11
13.0320901871,80.2100296021,72111,72121,10
13.0318698883,80.2096633911,72121,72131,10
13.0312099457,80.2094573975,72131,72141,10
13.0305595398,80.2092895508,72141,72151,10
13.0301799774,80.209197998,72151,72161,10
13.0300502777,80.2095108032,72161,72171,10
13.0300397873,80.2095489502,72171,72181,10
13.0299701691,80.2098007202,72181,72201,20
13.0299701691,80.2098007202,72201,72211,10
13.0301904678,80.2098770142,72211,72222,11
13.0306596756,80.2099761963,72222,72232,10
13.0309295654,80.2101287842,72232,72242,10
13.0309200287,80.2104568481,72242,72252,10
13.0308303833,80.2110137939,72252,72262,10
13.0308103561,80.2113113403,72262,72272,10
13.0307598114,80.2117080688,72272,72282,10
13.0306901932,80.2121429443,72282,72292,10
13.030579567,80.2128067017,72292,72302,10
13.0304698944,80.213432312,72302,72312,10
13.0304403305,80.2137680054,72312,72322,10
13.0303697586,80.2141799927,72322,72333,11
13.0303096771,80.2147521973,72333,72343,10
13.0303001404,80.2147827148,72343,72353,10
13.0303096771,80.2151184082,72353,72363,10
13.0303297043,80.215713501,72363,72373,10
13.0303697586,80.2163467407,72373,72383,10
13.0304098129,80.2169036865,72383,72393,10
13.0307302475,80.2169876099,72393,72403,10
13.0312204361,80.2169876099,72403,72413,10
13.0313396454,80.217010498,72413,72423,10
13.0314502716,80.2172698975,72423,72433,10
13.0314998627,80.2179107666,72433,72444,11
13.031829834,80.2184066772,72444,72454,10
13.0322198868,80.2185592651,72454,72464,10
13.0321998596,80.2190475464,72464,72474,10
13.0321798325,80.2195587158,72474,72484,10
13.0321702957,80.2200088501,72484,72494,10
13.0321798325,80.220199585,72494,72504,10
13.0321702957,80.2202377319,72504,72514,10
13.0321502686,80.220451355,72514,72524,10
13.0320396423,80.2209396362,72524,72534,10
13.0319004059,80.2214813232,72534,72545,11
13.0316801071,80.2220230103,72545,72555,10
13.0314598083,80.2224807739,72555,72565,10
13.0311603546,80.2231216431,72565,72575,10
13.0311203003,80.2236633301,72575,72585,10
13.0311403275,80.2240066528,72585,72595,10
13.0311403275,80.2241897583,72595,72605,10
13.0309801102,80.224357605,72605,72615,10
13.0306501389,80.2243270874,72615,72625,10
13.0302696228,80.224319458,72625,72635,10
13.0297403336,80.2242889404,72635,72645,10
13.0292196274,80.2242965698,72645,72656,11
13.0290603638,80.2242584229,72656,72666,10
13.0289297104,80.2241897583,72666,72676,10
13.0286197662,80.2240829468,72676,72686,10
13.0284099579,80.2244033813,72686,72696,10
13.0282297134,80.225112915,72696,72706,10
13.0280799866,80.2258300781,72706,72716,10
13.0279598236,80.2264404297,72716,72726,10
13.027879715,80.2268981934,72726,72736,10
13.0280599594,80.2271194458,72736,72746,10
13.0284900665,80.227180481,72746,72756,10
13.0287504196,80.2272186279,72756,72767,11
13.0293998718,80.2273178101,72767,72777,10
13.0299901962,80.2274169922,72777,72787,10
13.0303897858,80.2275390625,72787,72797,10
13.0303897858,80.2277679443,72797,72807,10
13.0303401947,80.2281570435,72807,72817,10
13.0303201675,80.2282867432,72817,72827,10
13.0302600861,80.2285308838,72827,72837,10
13.0302095413,80.2289733887,72837,72847,10
13.0303497314,80.2296218872,72847,72857,10
13.0305700302,80.23021698,72857,72867,10
13.0306501389,80.2306518555,72867,72938,71
13.0306501389,80.2306518555,72938,72948,10
13.0306100845,80.230758667,72948,72958,10
13.0303602219,80.230796814,72958,72968,10
13.0297698975,80.2308197021,72968,73029,61
13.0297698975,80.2308197021,73029,73039,10
13.0293102264,80.2309036255,73039,73049,10
13.0287303925,80.2309417725,73049,73059,10
13.0279903412,80.2309875488,73059,73069,10
13.0276098251,80.2311019897,73069,73079,10
13.0276298523,80.2315979004,73079,73090,11
13.0277004242,80.232208252,73090,73100,10
13.0278100967,80.2327423096,73100,73110,10
13.0274600983,80.2328872681,73110,73120,10
13.0268096924,80.233001709,73120,73342,222
13.0268096924,80.233001709,73342,73352,10
13.026720047,80.2328720093,73352,73362,10
13.0264596939,80.232963562,73362,73372,10
13.026260376,80.2326507568,73372,73382,10
13.0261201859,80.2322616577,73382,73392,10
13.0260400772,80.2318572998,73392,73402,10
13.0259103775,80.2314910889,73402,73413,11
13.0256795883,80.2308502197,73413,73423,10
13.0253400803,80.230140686,73423,73433,10
13.0249900818,80.2296218872,73433,73443,10
13.0247602463,80.2292785645,73443,73453,10
13.0246200562,80.2292022705,73453,73493,40
13.0246200562,80.2292022705,73493,73503,10
13.0244503021,80.2287597656,73503,73513,10
13.0240497589,80.2283782959,73513,73531,18
13.0240001678,80.2282562256,73531,73543,12
13.023730278,80.2279586792,73543,73553,10
13.0234804153,80.2277069092,73553,73563,10
13.023059845,80.2273406982,73563,73573,10
13.0227298737,80.2270202637,73573,73582,9
13.0226602554,80.2269668579,73582,73593,11
13.0225801468,80.2268600464,73593,73603,10
13.022310257,80.226600647,73603,73613,10
13.0217399597,80.2261199951,73613,73623,10
13.0212402344,80.2257614136,73623,73634,11
13.0205497742,80.2252426147,73634,73644,10
13.0201501846,80.2249603271,73644,73654,10
13.0197401047,80.224647522,73654,73664,10
13.0191202164,80.2244491577,73664,73674,10
13.0184402466,80.2246170044,73674,73684,10
13.0177402496,80.2249221802,73684,73694,10
13.0170001984,80.2252120972,73694,73704,10
13.016500473,80.2254104614,73704,73715,11
13.0160799026,80.2255172729,73715,73724,9
13.0156497955,80.2254867554,73724,73734,10
13.0152797699,80.2258377075,73734,73745,11
13.0145397186,80.2261810303,73745,73755,10
13.01404953,80.2264175415,73755,73771,16
13.0138502121,80.2264862061,73771,73783,12
13.0133199692,80.2266769409,73783,73791,8
13.0130500793,80.2266769409,73791,73803,12
13.0122003555,80.2268829346,73803,73813,10
13.0110702515,80.2275238037,73813,73824,11
13.0100297928,80.2279510498,73824,73835,11
13.0091600418,80.2284011841,73835,73845,10
13.008939743,80.229309082,73845,73856,11
13.0087404251,80.230430603,73856,73866,10
13.0085697174,80.2313919067,73866,73876,10
13.0083799362,80.2322769165,73876,73886,10
13.0082302094,80.2331924438,73886,73896,10
13.0082302094,80.2334594727,73896,73906,10
13.0081996918,80.2335281372,73906,73916,10
13.0081100464,80.2338180542,73916,73926,10
13.0080003738,80.2342605591,73926,73936,10
13.0078401566,80.2349395752,73936,73946,10
13.0077199936,80.2355575562,73946,73956,10
13.0075902939,80.2362594604,73956,73967,11
13.0074796677,80.2369537354,73967,73977,10
13.007399559,80.2373428345,73977,73987,10
13.0073299408,80.2376708984,73987,73997,10
13.0072803497,80.2378921509,73997,74007,10
13.0073099136,80.2381820679,74007,74017,10
13.0071601868,80.2385025024,74017,74037,20
13.0071001053,80.238571167,74037,74068,31
13.0071001053,80.238571167,74068,74078,10
13.0071697235,80.2385101318,74078,74088,10
13.0071496964,80.2387390137,74088,74098,10
13.0070495605,80.2392120361,74098,74108,10
13.0068998337,80.2398834229,74108,74118,10
13.0068798065,80.2401885986,74118,74128,10
13.006939888,80.2400665283,74128,74138,10
13.0065097809,80.2399215698,74138,74148,10
13.0059900284,80.2392196655,74148,74169,21
13.0059900284,80.2392196655,74169,74179,10
13.0072803497,80.2401580811,74179,74189,10
13.0069904327,80.2400970459,74189,74199,10
13.0066299438,80.2400436401,74199,74209,10
13.0065803528,80.2402191162,74209,74219,10
13.006480217,80.2404403687,74219,74229,10
13.0066699982,80.240852356,74229,74239,10
13.0072603226,80.2412185669,74239,74249,10
13.0075502396,80.2414474487,74249,74259,10
13.0067796707,80.2416763306,74259,74269,10
13.0066204071,80.2426223755,74269,74279,10
13.0066404343,80.2432937622,74279,74290,11
13.0066204071,80.2438583374,74290,74310,20
13.0066204071,80.2438583374,74310,74320,10
13.0066003799,80.2438964844,74320,74330,10
13.0066299438,80.2444000244,74330,74340,10
13.0066604614,80.2450027466,74340,74350,10
13.0066900253,80.2455596924,74350,74360,10
13.0067195892,80.2461929321,74360,74370,10
13.0067396164,80.2469787598,74370,74380,10
13.0067396164,80.2477035522,74380,74390,10
13.0066900253,80.2484970093,74390,74401,11
13.006819725,80.2493362427,74401,74411,10
13.0068397522,80.2495803833,74411,74421,10
13.0068702698,80.2498397827,74421,74431,10
13.0068397522,80.2503585815,74431,74441,10
13.0068397522,80.2510681152,74441,74451,10
13.0067901611,80.2515029907,74451,74481,30
13.0067901611,80.2515029907,74481,74491,10
13.0067300797,80.2515487671,74491,74501,10
13.0066404343,80.2520217896,74501,74512,11
13.006529808,80.2526321411,74512,74522,10
13.0065402985,80.253288269,74522,74532,10
13.0065498352,80.2541732788,74532,74542,10
13.0066099167,80.2548904419,74542,74552,10
13.0065898895,80.2550201416,74552,74562,10
13.0065803528,80.2553482056,74562,74572,10
13.0066003799,80.2560806274,74572,74582,10
13.0066099167,80.2568817139,74582,74592,10
13.0066604614,80.2573318481,74592,74623,31
13.0066604614,80.2573318481,74623,74633,10
13.0067396164,80.2573318481,74633,74643,10
13.0066404343,80.257522583,74643,74653,10
13.0062198639,80.2574386597,74653,74663,10
13.005689621,80.2573776245,74663,74673,10
13.0050096512,80.2571563721,74673,74683,10
13.0042800903,80.257019043,74683,74693,10
13.0038995743,80.2569274902,74693,74724,31
13.0038995743,80.2569274902,74724,74734,10
13.0036697388,80.2568893433,74734,74744,10
13.0033597946,80.2568511963,74744,74754,10
13.0030202866,80.2567825317,74754,74764,10
13.0024404526,80.2566680908,74764,74824,60
13.0022497177,80.256652832,74824,74845,21
13.0022497177,80.256652832,74845,74855,10
13.0014896393,80.2565383911,74855,74865,10
13.0003204346,80.256362915,74865,74885,20
13.0003204346,80.256362915,74885,74895,10
13.0001001358,80.2563171387,74895,74905,10
12.9998598099,80.2562637329,74905,74915,10
12.9996004105,80.2562179565,74915,74925,10
12.9993400574,80.2561416626,74925,74935,10
12.9991598129,80.2561035156,74935,74946,11
12.9988803864,80.2560577393,74946,74956,10
12.9984502792,80.2559967041,74956,74966,10
12.9978904724,80.2559204102,74966,74976,10
12.9975404739,80.2559127808,74976,74986,10
12.9970598221,80.2558898926,74986,74996,10
12.9968795776,80.2562637329,74996,75006,10
12.9968500137,80.2567901611,75006,75016,10
12.9968900681,80.2569198608,75016,75026,10
12.9968395233,80.2573776245,75026,75036,10
12.9967403412,80.2580718994,75036,75046,10
12.9966602325,80.2587127686,75046,75057,11
12.9965896606,80.2593994141,75057,75067,10
12.9965801239,80.2596817017,75067,75077,10
12.9965200424,80.2600631714,75077,75087,10
12.9964799881,80.2605667114,75087,75097,10
12.9964199066,80.2611694336,75097,75107,10
12.9963502884,80.2616882324,75107,75117,10
12.9962997437,80.2621688843,75117,75127,10
12.9962701797,80.2623901367,75127,75137,10
12.9962396622,80.2624893188,75137,75147,10
12.9961900711,80.2629165649,75147,75157,10
12.9961595535,80.263381958,75157,75168,11
12.9961004257,80.2640609741,75168,75178,10
12.9960403442,80.2647476196,75178,75188,10
12.995929718,80.2655181885,75188,75198,10
12.9958295822,80.2663726807,75198,75208,10
12.9957704544,80.2671508789,75208,75218,10
12.995759964,80.2676620483,75218,75228,10
12.9961500168,80.2677001953,75228,75238,10
12.9961795807,80.2677230835,75238,75248,10
12.9966001511,80.2677383423,75248,75258,10
12.9972200394,80.267616272,75258,75268,10
12.9976902008,80.2675094604,75268,75279,11
12.9982204437,80.2673568726,75279,75289,10
12.9988298416,80.2671813965,75289,75299,10
12.9996204376,80.2669525146,75299,75315,16
13.0001497269,80.2665023804,75315,75327,12
13.0001802444,80.2663803101,75327,75337,10
13.0002098083,80.2660522461,75337,75347,10
13.0002403259,80.2657470703,75347,75357,10
13.0003795624,80.2658004761,75357,75367,10
13.0002698898,80.2662582397,75367,75620,253
13.0002698898,80.2662582397,75620,75630,10
13.0003204346,80.2666625977,75630,75640,10
13.0002698898,80.2668228149,75640,75650,10
13.0000896454,80.2668609619,75650,75660,10
12.9996900558,80.266960144,75660,75670,10
12.9992399216,80.2670516968,75670,75680,10
12.9987401962,80.2671966553,75680,75690,10
12.9982204437,80.2673187256,75690,75700,10
12.9977197647,80.2675170898,75700,75711,11
12.9970598221,80.2677001953,75711,75721,10
12.9964704514,80.2677536011,75721,75731,10
12.9958696365,80.2677230835,75731,75741,10
12.9956598282,80.2673568726,75741,75761,20
12.9956598282,80.2673568726,75761,75771,10
12.9956798553,80.2672424316,75771,75781,10
12.9957199097,80.2667999268,75781,75791,10
12.9957799911,80.2661514282,75791,75801,10
12.9958496094,80.2654418945,75801,75811,10
12.995929718,80.264831543,75811,75822,11
12.9960203171,80.2640609741,75822,75832,10
12.9960899353,80.2633666992,75832,75842,10
12.9961204529,80.2628707886,75842,75852,10
12.9961500168,80.2626190186,75852,75862,10
12.9961795807,80.2623062134,75862,75872,10
12.9962501526,80.2620391846,75872,75882,10
12.9963197708,80.2617874146,75882,75892,10
12.9963598251,80.2612075806,75892,75902,10
12.9964399338,80.2604598999,75902,75912,10
12.9964799881,80.259979248,75912,75922,10
12.9965200424,80.2595214844,75922,75933,11
12.9965896606,80.2589035034,75933,75943,10
12.9966402054,80.2583007813,75943,75953,10
12.9966897964,80.2577362061,75953,75963,10
12.9967603683,80.2572631836,75963,75973,10
12.9967899323,80.2569580078,75973,75983,10
12.9968004227,80.2567214966,75983,75993,10
12.9968099594,80.2566680908,75993,76009,16
12.9968004227,80.2562103271,76009,76022,13
12.9970197678,80.2559509277,76022,76032,10
12.9972496033,80.2559509277,76032,76173,141
12.9972496033,80.2559509277,76173,76183,10
13.000459671,80.2561035156,76183,76193,10
13.0013504028,80.2565002441,76193,76203,10
13.0016202927,80.2566375732,76203,76213,10
13.0019598007,80.2566986084,76213,76244,31
13.0019598007,80.2566986084,76244,76254,10
13.0039901733,80.2568588257,76254,76264,10
13.0046796799,80.2570800781,76264,76274,10
13.0050096512,80.2571487427,76274,76284,10
13.0056800842,80.257232666,76284,76294,10
13.0062303543,80.2573776245,76294,76304,10
13.0064401627,80.2574462891,76304,76314,10
13.0066204071,80.2574310303,76314,76365,51
13.0065097809,80.2532730103,76365,76413,48
13.0065097809,80.2532730103,76413,76425,12
13.0064401627,80.2529602051,76425,76445,20
13.0066099167,80.2518997192,76445,76475,30
13.0066099167,80.2519378662,76475,76536,61
13.0066099167,80.2519378662,76536,76546,10
13.0066404343,80.2516403198,76546,76556,10
13.0067501068,80.251121521,76556,76566,10
13.0067796707,80.2504272461,76566,76576,10
13.0067195892,80.2495422363,76576,76587,11
13.006649971,80.2484664917,76587,76597,10
13.0066099167,80.2479400635,76597,76607,10
13.0066299438,80.2476730347,76607,76617,10
13.0066404343,80.2472763062,76617,76627,10
13.0066204071,80.2468338013,76627,76637,10
13.0066099167,80.2464599609,76637,76647,10
13.0066604614,80.2465820313,76647,76657,10
13.0065898895,80.2463531494,76657,76667,10
13.0066099167,80.2457733154,76667,76677,10
13.0065698624,80.2450485229,76677,76694,17
13.0065498352,80.2443389893,76694,76706,12
13.0065603256,80.2440032959,76706,76716,10
13.0065498352,80.2436904907,76716,76726,10
13.0065402985,80.2434234619,76726,76736,10
13.0073404312,80.2432403564,76736,76746,10
13.0065498352,80.2419967651,76746,76756,10
13.0065698624,80.2412109375,76756,76766,10
13.0066995621,80.2403717041,76766,76776,10
13.0069198608,80.239402771,76776,76786,10
13.0070896149,80.2385101318,76786,76796,10
13.0072202682,80.2378463745,76796,76807,11
13.0073795319,80.2372589111,76807,76817,10
13.0074195862,80.2367401123,76817,76827,10
13.0074396133,80.2366714478,76827,76837,10
13.0075302124,80.2365188599,76837,76847,10
13.0075798035,80.2361602783,76847,76857,10
13.0076999664,80.2356109619,76857,76867,10
13.0078201294,80.2350082397,76867,76877,10
13.0079097748,80.2344436646,76877,76887,10
13.0080900192,80.233543396,76887,76897,10
13.0082798004,80.232673645,76897,76907,10
13.0084495544,80.2317886353,76907,76918,11
13.008649826,80.2307815552,76918,76928,10
13.0088195801,80.2298965454,76928,76938,10
13.0089998245,80.2290420532,76938,76948,10
13.0091896057,80.2281570435,76948,76958,10
13.0094499588,80.2274627686,76958,76968,10
13.009759903,80.2267227173,76968,76978,10
13.010140419,80.2259292603,76978,76988,10
13.0104999542,80.2252120972,76988,76998,10
13.0107698441,80.2245788574,76998,77008,10
13.0110998154,80.2238082886,77008,77018,10
13.0112695694,80.2233581543,77018,77039,21
13.0112695694,80.2233581543,77039,77049,10
13.0114002228,80.2230300903,77049,77059,10
13.0115499496,80.2225418091,77059,77069,10
13.0118198395,80.2218780518,77069,77079,10
13.0121002197,80.221496582,77079,77089,10
13.012339592,80.2215423584,77089,77099,10
13.0126495361,80.2220077515,77099,77109,10
13.0129899979,80.2224502563,77109,77119,10
13.0134897232,80.2230072021,77119,77130,11
13.01404953,80.2236175537,77130,77140,10
13.0142803192,80.2240371704,77140,77150,10
13.0152301788,80.224861145,77150,77170,20
13.0152301788,80.224861145,77170,77186,16
13.01541996,80.2249832153,77186,77198,12
13.0159502029,80.2252731323,77198,77208,10
13.016500473,80.2252883911,77208,77217,9
13.0173196793,80.2249984741,77217,77228,11
13.0181798935,80.224647522,77228,77238,10
13.018910408,80.2243728638,77238,77249,11
13.0192203522,80.2242965698,77249,77259,10
13.0192604065,80.2242889404,77259,77269,10
13.0194597244,80.2243804932,77269,77298,29
13.0194597244,80.2243804932,77298,77309,11
13.0198402405,80.2246704102,77309,77329,20
13.0198402405,80.2246704102,77329,77338,9
13.0200796127,80.224822998,77338,77350,12
13.0206203461,80.2252197266,77350,77360,10
13.0210504532,80.2255783081,77360,77370,10
13.0214700699,80.2259521484,77370,77380,10
13.02202034,80.2263412476,77380,77390,10
13.0225896835,80.2268066406,77390,77400,10
13.0230703354,80.2272415161,77400,77410,10
13.0236501694,80.2277832031,77410,77420,10
13.0241003036,80.2282409668,77420,77430,10
13.0245304108,80.2288208008,77430,77440,10
13.0249595642,80.2294006348,77440,77450,10
13.0254402161,80.2299880981,77450,77461,11
13.025850296,80.2307434082,77461,77471,10
13.0260295868,80.2313232422,77471,77481,10
13.0263996124,80.2312774658,77481,77491,10
13.0269603729,80.2311477661,77491,77501,10
13.0276203156,80.2310180664,77501,77511,10
13.0283403397,80.2309188843,77511,77531,20
13.0283403397,80.2309188843,77531,77541,10
13.0285902023,80.2308883667,77541,77551,10
13.0290603638,80.2308578491,77551,77561,10
13.0294799805,80.2307662964,77561,77572,11
13.0299301147,80.2307510376,77572,77582,10
13.0303201675,80.23072052,77582,77602,20
13.0303201675,80.23072052,77602,77612,10
13.0306301117,80.2306976318,77612,77622,10
13.0306797028,80.2305831909,77622,77632,10
13.0306901932,80.23046875,77632,77642,10
13.0306196213,80.2302017212,77642,77652,10
13.0304498672,80.2296524048,77652,77662,10
13.0303001404,80.229133606,77662,77672,10
13.0303201675,80.2285308838,77672,77683,11
13.0303401947,80.228302002,77683,77693,10
13.0303497314,80.2282333374,77693,77703,10
13.0303602219,80.2279205322,77703,77713,10
13.0303602219,80.2275085449,77713,77723,10
13.0298900604,80.2274398804,77723,77733,10
13.0292396545,80.2273635864,77733,77743,10
13.028719902,80.2272567749,77743,77753,10
13.0286302567,80.2272109985,77753,77763,10
13.0282897949,80.2271499634,77763,77773,10
13.0279598236,80.2269592285,77773,77784,11
13.0280103683,80.2263717651,77784,77794,10
13.0280895233,80.2258834839,77794,77804,10
13.0282201767,80.2252578735,77804,77814,10
13.0283603668,80.2245178223,77814,77824,10
13.0284996033,80.2240066528,77824,77834,10
13.0286998749,80.2239990234,77834,77844,10
13.0287504196,80.2240066528,77844,77854,10
13.0290203094,80.2241897583,77854,77864,10
13.0293798447,80.2243118286,77864,77874,10
13.0299501419,80.2242889404,77874,77884,10
13.0305404663,80.2243118286,77884,77895,11
13.0308799744,80.2242965698,77895,77905,10
13.0311899185,80.2241363525,77905,77915,10
13.0311403275,80.2236175537,77915,77925,10
13.0311403275,80.22315979,77925,77935,10
13.0311203003,80.2230911255,77935,77945,10
13.0312204361,80.2227401733,77945,77955,10
13.0314397812,80.2223968506,77955,77965,10
13.0315599442,80.2220077515,77965,77975,10
13.0318202972,80.2215805054,77975,77985,10
13.031999588,80.2210388184,77985,77995,10
13.0321502686,80.2204818726,77995,78006,11
13.0321598053,80.2199630737,78006,78016,10
13.0321702957,80.2193908691,78016,78026,10
13.0321998596,80.2186965942,78026,78036,10
13.0318498611,80.218460083,78036,78046,10
13.0314798355,80.2180633545,78046,78056,10
13.0313997269,80.2173309326,78056,78066,10
13.0313196182,80.2170181274,78066,78076,10
13.0310001373,80.2169876099,78076,78086,10
13.0305204391,80.2169876099,78086,78096,10
13.0304203033,80.2166976929,78096,78106,10
13.0303602219,80.216583252,78106,78117,11
13.0303602219,80.2160568237,78117,78127,10
13.0303497314,80.2154769897,78127,78137,10
13.0303096771,80.21484375,78137,78147,10
13.0303497314,80.2145767212,78147,78157,10
13.0304002762,80.2143325806,78157,78167,10
13.0304603577,80.2138214111,78167,78177,10
13.0304899216,80.2135467529,78177,78187,10
13.030500412,80.2132034302,78187,78197,10
13.0305900574,80.212600708,78197,78207,10
13.0306196213,80.2121887207,78207,78218,11
13.0307397842,80.2116775513,78218,78228,10
13.0308103561,80.2114105225,78228,78238,10
13.0308704376,80.2110595703,78238,78248,10
13.0309400558,80.2107009888,78248,78258,10
13.0310201645,80.2102127075,78258,78268,10
13.0308904648,80.210067749,78268,78278,10
13.0305995941,80.2099914551,78278,78288,10
13.030090332,80.2098236084,78288,78298,10
13.030090332,80.2093582153,78298,78339,41
13.030090332,80.2093582153,78339,78349,10
13.0301504135,80.2092590332,78349,78359,10
13.0302295685,80.2090835571,78359,78369,10
13.0306797028,80.2091598511,78369,78379,10
13.0313501358,80.2093200684,78379,78389,10
13.0317802429,80.2094192505,78389,78399,10
13.0324897766,80.209602356,78399,78409,10
13.0332603455,80.2097396851,78409,78419,10
13.0340795517,80.2099075317,78419,78429,10
13.0348796844,80.2100601196,78429,78440,11
13.0352096558,80.209602356,78440,78450,10
13.0352802277,80.2089385986,78450,78460,10
13.0353002548,80.2086791992,78460,78470,10
13.0353298187,80.2084884644,78470,78480,10
13.0354099274,80.2079315186,78480,78490,10
13.0355300903,80.2071914673,78490,78500,10
13.0356302261,80.2063827515,78500,78510,10
13.0357398987,80.2055587769,78510,78520,10
13.0357999802,80.2051696777,78520,78530,10
13.0358600616,80.2049026489,78530,78540,10
13.0359296799,80.2043533325,78540,78551,11
13.0360298157,80.2037277222,78551,78561,10
13.0361204147,80.2029571533,78561,78571,10
13.0362195969,80.2021636963,78571,78581,10
13.0363197327,80.201499939,78581,78591,10
13.0363197327,80.2014694214,78591,78601,10
13.0364103317,80.201133728,78601,78611,10
13.0364904404,80.2005081177,78611,78621,10
13.0365695953,80.1999206543,78621,78631,10
13.036649704,80.1992797852,78631,78641,10
13.0367202759,80.198677063,78641,78651,10
13.0368204117,80.1982727051,78651,78662,11
13.0368995667,80.1976928711,78662,78672,10
13.0369701385,80.1970596313,78672,78682,10
13.0370597839,80.1963806152,78682,78692,10
13.0371398926,80.1957702637,78692,78702,10
13.0373001099,80.1949996948,78702,78712,10
13.0374603271,80.1940383911,78712,78722,10
13.0375900269,80.1931533813,78722,78732,10
13.037779808,80.1928024292,78732,78742,10
13.0382604599,80.1928024292,78742,78752,10
13.0387802124,80.1928787231,78752,78762,10
13.0388202667,80.1928787231,78762,78773,11
13.0391902924,80.1929321289,78773,78783,10
13.0395402908,80.1929702759,78783,78793,10
13.0398597717,80.1930618286,78793,78803,10
13.0402803421,80.1931228638,78803,78813,10
13.0408201218,80.1931991577,78813,78823,10
13.0414495468,80.1932907104,78823,78833,10
13.0418195724,80.1933822632,78833,78843,10
13.0417003632,80.1938171387,78843,78853,10
13.0415897369,80.1944580078,78853,78863,10
13.0415096283,80.1950683594,78863,78874,11
13.0414400101,80.1955871582,78874,78884,10
13.0412902832,80.1960601807,78884,79144,260
13.0412902832,80.1960601807,79144,79155,11
13.0439596176,80.207649231,79155,79165,10
13.0440502167,80.2084121704,79165,79175,10
13.0440502167,80.2090988159,79175,79185,10
13.0440301895,80.2093963623,79185,79196,11
13.0440101624,80.2100601196,79196,79206,10
13.0440502167,80.2104568481,79206,79216,10
13.0440797806,80.2106933594,79216,79226,10
13.0441503525,80.2114715576,79226,79236,10
13.0441799164,80.2120285034,79236,79246,10
13.044380188,80.2123565674,79246,79256,10
13.0451602936,80.2124023438,79256,79266,10
13.0459499359,80.2122573853,79266,79276,10
13.0465698242,80.2122192383,79276,79286,10
13.0468997955,80.2121200562,79286,79297,11
13.0469799042,80.212097168,79297,79306,9
13.0471401215,80.212020874,79306,79317,11
13.0472698212,80.2117233276,79317,79327,10
13.0469999313,80.2111968994,79327,79337,10
13.0470199585,80.2107772827,79337,79347,10
13.0473899841,80.2107772827,79347,79357,10
13.0478200912,80.2108078003,79357,79373,16
13.0487203598,80.2108383179,79373,79386,13
13.0493001938,80.2108383179,79386,79396,10
13.049659729,80.2107696533,79396,79406,10
13.0496501923,80.2104492188,79406,79417,11
13.0495700836,80.2099533081,79417,79428,11
13.0494499207,80.2093963623,79428,79438,10
13.0493803024,80.2089004517,79438,79447,9
13.0492897034,80.2084732056,79447,79458,11
13.0492200851,80.2081222534,79458,79467,9
13.0490198135,80.207572937,79467,79478,11
13.0488595963,80.2070770264,79478,79488,10
13.0488595963,80.2069168091,79488,79498,10
13.0489196777,80.206817627,79498,79508,10
13.049079895,80.206817627,79508,79518,10
13.0491600037,80.2068023682,79518,79539,21
13.0491600037,80.2068023682,79539,79549,10
13.0491800308,80.2071685791,79549,79579,30
13.049200058,80.2071685791,79579,79882,303
13.049200058,80.2071685791,79882,79892,10
13.048740387,80.2066574097,79892,79902,10
13.0491399765,80.2072677612,79902,79912,10
13.0490398407,80.2072372437,79912,79922,10
13.0489196777,80.207321167,79922,79932,10
13.0489597321,80.207611084,79932,79942,10
13.0491695404,80.2080535889,79942,79952,10
13.0493402481,80.2086105347,79952,79963,11
13.0494003296,80.2092132568,79963,79973,10
13.0494403839,80.2098464966,79973,79982,9
13.0495500565,80.2104415894,79982,79992,10
13.0496397018,80.2109680176,79992,80003,11
13.0497503281,80.2116775513,80003,80074,71
13.0497503281,80.2116775513,80074,80084,10
13.049779892,80.2119674683,80084,80094,10
13.049779892,80.2120513916,80094,80104,10
13.0496301651,80.2121582031,80104,80114,10
13.0494804382,80.2121429443,80114,80122,8
13.049200058,80.2121429443,80122,80134,12
13.048620224,80.2121505737,80134,80144,10
13.0479202271,80.2121963501,80144,80154,10
13.04708004,80.2122497559,80154,80164,10
13.0461702347,80.2122879028,80164,80174,10
13.0454397202,80.2123184204,80174,80185,11
13.0452098846,80.2123794556,80185,80195,10
13.0445804596,80.2124023438,80195,80314,119
13.0445804596,80.2124023438,80314,80324,10
13.0443296432,80.2123413086,80324,80334,10
13.0441598892,80.2118988037,80334,80344,10
13.0441598892,80.2109985352,80344,80354,10
13.0441398621,80.2100830078,80354,80363,9
13.0441198349,80.2095794678,80363,80374,11
13.0441198349,80.2093887329,80374,80384,10
13.0440998077,80.2091064453,80384,80394,10
13.0440597534,80.2087936401,80394,80405,11
13.0440597534,80.2081375122,80405,80414,9
13.0439796448,80.2075805664,80414,80425,11
13.0435600281,80.2068481445,80425,80433,8
13.0430898666,80.206199646,80433,80444,11
13.0423898697,80.2054290771,80444,80454,10
13.0417203903,80.2052612305,80454,80465,11
13.04088974,80.2051620483,80465,80475,10
13.0406599045,80.2051086426,80475,80485,10
13.0401296616,80.205039978,80485,80495,10
13.039349556,80.2049102783,80495,80505,10
13.0385904312,80.2048034668,80505,80516,11
13.0381002426,80.2046585083,80516,80526,10
13.0381698608,80.2042312622,80526,80536,10
13.0382995605,80.2035293579,80536,80546,10
13.0384101868,80.2028198242,80546,80556,10
13.0385103226,80.2022628784,80556,80566,10
13.0385198593,80.2018585205,80566,80576,10
13.038599968,80.2014007568,80576,80586,10
13.0386896133,80.2007904053,80586,80596,10
13.0388002396,80.2000579834,80596,80606,10
13.0389204025,80.1992874146,80606,80617,11
13.0390100479,80.1986083984,80617,80627,10
13.0391597748,80.1977310181,80627,80637,10
13.039270401,80.1969833374,80637,80647,10
13.0393600464,80.1964111328,80647,80657,10
13.0394296646,80.1957931519,80657,80667,10
13.0395698547,80.1949234009,80667,80677,10
13.0396795273,80.1939468384,80677,80687,10
13.0397796631,80.1931762695,80687,80697,10
13.0394897461,80.1930007935,80697,80707,10
13.0389204025,80.1929321289,80707,80723,16
13.0380802155,80.1928405762,80723,80736,13
13.0379600525,80.192817688,80736,80746,10
13.0376701355,80.1928787231,80746,80754,8
13.0375003815,80.1935272217,80754,80766,12
13.0373601913,80.1945495605,80766,80776,10
13.0372400284,80.1954116821,80776,80786,10
13.0371599197,80.1959762573,80786,80796,10
13.0370597839,80.1965179443,80796,80806,10
13.0369596481,80.1971282959,80806,80816,10
13.0368795395,80.1979064941,80816,80826,10
13.0367898941,80.1985626221,80826,80837,11
13.0367202759,80.1988601685,80837,80847,10
13.0366001129,80.1995162964,80847,80857,10
13.03647995,80.200302124,80857,80867,10
13.0363798141,80.2009811401,80867,80877,10
13.0363302231,80.2014465332,80877,80887,10
13.0362300873,80.202041626,80887,80897,10
13.0361003876,80.2028503418,80897,80907,10
13.0359897614,80.2037124634,80907,80917,10
13.0359401703,80.2043304443,80917,80927,10
13.0358896255,80.2048721313,80927,80937,10
13.0357303619,80.2056884766,80937,80948,11
13.0357303619,80.2056884766,80948,80958,10
13.0356798172,80.2059402466,80958,80968,10
13.03565979,80.2062072754,80968,80978,10
13.0356197357,80.2068023682,80978,80988,10
13.0354795456,80.2076034546,80988,80998,10
13.0354299545,80.2082366943,80998,81008,10
13.0354604721,80.2084579468,81008,81019,11
13.0353403091,80.2089004517,81019,81029,10
13.0352296829,80.2095108032,81029,81039,10
13.0351495743,80.2098770142,81039,81049,10
13.0351495743,80.2098999023,81049,81060,11
13.0351200104,80.2099914551,81060,81070,10
13.0350704193,80.2101974487,81070,81080,10
13.0349397659,80.2105102539,81080,81090,10
13.0348901749,80.2109680176,81090,81100,10
13.0347604752,80.2117080688,81100,81110,10
13.0344495773,80.2120819092,81110,81120,10
13.0337295532,80.2119979858,81120,81130,10
13.0329904556,80.2119369507,81130,81140,10
13.0324802399,80.211807251,81140,81151,11
13.0322799683,80.2117996216,81151,81161,10
13.0321998596,80.2117996216,81161,81171,10
13.031920433,80.2116088867,81171,81181,10
13.0320100784,80.2106323242,81181,81190,9
13.0320796967,80.2101669312,81190,81201,11
13.0320901871,80.2095031738,81201,81211,10
13.0318403244,80.2087020874,81211,81231,20
13.0304203033,80.2091064453,81231,81363,132
13.0304203033,80.2091064453,81363,81378,15
13.0306997299,80.2121429443,81378,81391,13
13.0305595398,80.2131271362,81391,81401,10
13.0304899216,80.2135391235,81401,81411,10
13.0304403305,80.2138824463,81411,81421,10
13.0303602219,80.2145004272,81421,81430,9
13.0303001404,80.2148666382,81430,81441,11
13.0302696228,80.2157974243,81441,81451,10
13.0304403305,80.2173614502,81451,81491,40
13.0304403305,80.2173614502,81491,81501,10
13.0315799713,80.2184906006,81501,81512,11
13.0317401886,80.2192611694,81512,81573,61
13.0319299698,80.2227401733,81573,81683,110
13.0319299698,80.2227401733,81683,81693,10
13.0279798508,80.2260665894,81693,81703,10
13.0279102325,80.2266998291,81703,81714,11
13.0278596878,80.2273864746,81714,81845,131
13.0278596878,80.2273864746,81845,81855,10
13.0297203064,80.2307815552,81855,81875,20
13.0297203064,80.2307815552,81875,81891,16
13.0296697617,80.2307662964,81891,81903,12
13.0279798508,80.2306518555,81903,81914,11
13.0277204514,80.2307434082,81914,81923,9
13.0276699066,80.2307662964,81923,81932,9
13.0277795792,80.232383728,81932,81943,11
13.0278396606,80.2328109741,81943,81954,11
13.0272197723,80.2329406738,81954,81964,10
13.0268001556,80.2330474854,81964,81974,10
13.0264902115,80.2330093384,81974,81984,10
13.0263004303,80.2325210571,81984,81994,10
13.0261297226,80.2318191528,81994,82004,10
13.0258798599,80.2309417725,82004,82014,10
13.02546978,80.2300720215,82014,82024,10
13.0249595642,80.2293930054,82024,82034,10
13.0246696472,80.229057312,82034,82045,11
13.0244197845,80.2287368774,82045,82055,10
13.0241298676,80.2283477783,82055,82065,10
13.0237503052,80.2278823853,82065,82075,10
13.0231199265,80.2273025513,82075,82085,10
13.0224599838,80.2267227173,82085,82095,10
13.0218400955,80.2261581421,82095,82105,10
13.0212497711,80.2257080078,82105,82115,10
13.0207996368,80.2253570557,82115,82125,10
13.0202999115,80.2249984741,82125,82135,10
13.0198202133,80.2246704102,82135,82146,11
13.019109726,80.2244567871,82146,82156,10
13.0182504654,80.2247314453,82156,82166,10
13.0173501968,80.2250823975,82166,82176,10
13.0165596008,80.2252578735,82176,82186,10
13.0158195496,80.2253417969,82186,82196,10
13.0155200958,80.2253723145,82196,82206,10
13.0149898529,80.2260818481,82206,82216,10
13.0142698288,80.2262802124,82216,82226,10
13.0136995316,80.226600647,82226,82247,21
13.0136995316,80.226600647,82247,82257,10
13.012140274,80.2270965576,82257,82267,10
13.0105400085,80.2276992798,82267,82277,10
13.0094995499,80.2281188965,82277,82287,10
13.0090703964,80.2287063599,82287,82297,10
13.0090398788,80.2291412354,82297,82307,10
13.0090103149,80.2295227051,82307,82327,20
13.0083799362,80.2314682007,82327,82347,20
13.0083799362,80.2314682007,82347,82357,10
13.008600235,80.2335586548,82357,82368,11
13.0081501007,80.2343292236,82368,82378,10
13.0078401566,80.2351226807,82378,82388,10
13.0076704025,80.236038208,82388,82398,10
13.0074796677,80.2370681763,82398,82408,10
13.0072698593,80.2380981445,82408,82418,10
13.0071201324,80.2390365601,82418,82428,10
13.0069799423,80.2399520874,82428,82509,81
13.0069799423,80.2399520874,82509,82519,10
13.0069999695,80.2402420044,82519,82529,10
13.0068101883,80.2410430908,82529,82539,10
13.0067300797,80.2418823242,82539,82549,10
13.0066795349,80.2429199219,82549,82559,10
13.0066604614,80.2429962158,82559,82569,10
13.006649971,80.2432403564,82569,82660,91
13.006649971,80.2432403564,82660,82670,10
13.0066204071,80.2437210083,82670,82680,10
13.0066404343,80.2439804077,82680,82691,11
13.0066795349,80.2444229126,82691,82711,20
13.0066795349,80.2444229126,82711,82721,10
13.0066604614,80.2447662354,82721,82731,10
13.0066299438,80.2448577881,82731,82741,10
13.0066099167,80.2451324463,82741,82751,10
13.0066604614,80.2453994751,82751,82761,10
13.0066604614,80.2454681396,82761,82771,10
13.0066404343,80.2456588745,82771,82781,10
13.0066995621,80.2461395264,82781,82791,10
13.0067396164,80.2467193604,82791,82802,11
13.0067300797,80.2473068237,82802,82812,10
13.0067195892,80.2479705811,82812,82822,10
13.0067501068,80.2487335205,82822,82832,10
13.0067796707,80.2492218018,82832,82842,10
13.0067796707,80.2495269775,82842,82852,10
13.0068101883,80.2502365112,82852,82862,10
13.0068101883,80.2511672974,82862,82872,10
13.0066699982,80.2519989014,82872,82882,10
13.0065498352,80.2529907227,82882,82892,10
13.0065402985,80.2539978027,82892,82903,11
13.0065803528,80.2549591064,82903,82913,10
13.0066003799,80.2560424805,82913,82923,10
13.0066299438,80.256980896,82923,82933,10
13.0066900253,80.2573776245,82933,82943,10
13.0064001083,80.2575531006,82943,82953,10
13.0058298111,80.2574005127,82953,82963,10
13.0051202774,80.2572631836,82963,82973,10
13.00440979,80.2570800781,82973,82983,10
13.0037202835,80.2569503784,82983,82993,10
13.0030403137,80.2568283081,82993,83003,10
13.002240181,80.2566680908,83003,83013,10
13.0014095306,80.2565689087,83013,83024,11
13.0004196167,80.2564163208,83024,83034,10
12.9996099472,80.2562332153,83034,83044,10
12.9990196228,80.2561035156,83044,83060,16
12.998459816,80.256072998,83060,83072,12
12.9982500076,80.256072998,83072,83080,8
12.9979600906,80.2559967041,83080,83090,10
12.9974803925,80.2559585571,83090,83102,12
12.9969301224,80.2560119629,83102,83112,10
12.9968595505,80.2563934326,83112,83123,11
12.9968204498,80.2568283081,83123,83133,10
12.9967498779,80.2575531006,83133,83143,10
12.9966497421,80.2585601807,83143,83153,10
12.9965295792,80.2595062256,83153,83163,10
12.9964599609,80.2602767944,83163,83173,10
12.996339798,80.2612533569,83173,83183,10
12.9962701797,80.262008667,83183,83193,10
12.9962301254,80.2623977661,83193,83195,2
12.9962301254,80.2623977661,83195,83242,47
12.9959001541,80.26537323,83242,83252,10
12.9958000183,80.2662963867,83252,83262,10
12.9957103729,80.2671432495,83262,83272,10
12.9957504272,80.2677001953,83272,83282,10
12.9963197708,80.2677764893,83282,83292,10
12.9971504211,80.2677230835,83292,83302,10
12.9980697632,80.2674636841,83302,83312,10
12.9990501404,80.2671432495,83312,83322,10
12.9998998642,80.2669067383,83322,83333,11
13.0002202988,80.2663574219,83333,83344,11
13.0004997253,80.2655181885,83344,84504,1160
13.0002603531,80.2653579712,84504,84555,51
13.0002603531,80.2653579712,84555,84565,10
13.0003004074,80.2652130127,84565,84575,10
13.0003595352,80.2648391724,84575,84585,10
13.0004196167,80.2643127441,84585,84595,10
13.0005102158,80.2638320923,84595,84605,10
13.0006399155,80.2633666992,84605,84615,10
13.0007896423,80.2630004883,84615,84625,10
13.0008497238,80.262512207,84625,84635,10
13.0009202957,80.26197052,84635,84645,10
13.0009202957,80.261428833,84645,84656,11
13.0010004044,80.2607498169,84656,84666,10
13.0010404587,80.2601776123,84666,84676,10
13.0010404587,80.2595825195,84676,84686,10
13.0010499954,80.2590103149,84686,84696,10
13.0010499954,80.2583694458,84696,84706,10
13.0010595322,80.2577514648,84706,84716,10
13.0010900497,80.2571105957,84716,84726,10
13.0010204315,80.2565383911,84726,84736,10
13.0003299713,80.256439209,84736,84746,10
12.9995203018,80.2562713623,84746,84756,10
12.9987401962,80.2561035156,84756,84767,11
12.9979896545,80.2560119629,84767,84777,10
12.9976797104,80.2560119629,84777,84787,10
12.9976997375,80.2562484741,84787,84855,68
