13.0747499466,80.2753829956,12,18257,18245
13.0747499466,80.2753829956,18257,18267,10
13.0749397278,80.2752914429,18267,18278,11
13.0748901367,80.2751998901,18278,18288,10
13.0749397278,80.2751922607,18288,18308,20
13.0749397278,80.2751922607,18308,18318,10
13.0751600266,80.2750396729,18318,18328,10
13.0753002167,80.2749710083,18328,18338,10
13.075460434,80.2748794556,18338,18348,10
13.0758495331,80.2751235962,18348,18368,20
13.0758495331,80.2751235962,18368,18378,10
13.0759401321,80.2753982544,18378,18389,11
13.0760297775,80.275718689,18389,18409,20
13.0760297775,80.275718689,18409,18419,10
13.0760498047,80.2759628296,18419,18449,30
13.0760498047,80.2759628296,18449,18459,10
13.0759496689,80.2761306763,18459,18469,10
13.0760602951,80.2762908936,18469,18479,10
13.0765800476,80.2762680054,18479,18489,10
13.0772800446,80.276222229,18489,18500,11
13.0780601501,80.2761383057,18500,18510,10
13.0783596039,80.2754592896,18510,18520,10
13.079000473,80.2751617432,18520,18530,10
13.0797100067,80.2752990723,18530,18540,10
13.0804700851,80.2752685547,18540,18550,10
13.0815496445,80.2751693726,18550,18580,30
13.0815496445,80.2751693726,18580,18590,10
13.0818099976,80.2752532959,18590,18600,10
13.0820198059,80.2754516602,18600,18641,41
13.0820198059,80.2754516602,18641,18651,10
13.0820903778,80.2757263184,18651,18691,40
13.0820903778,80.2757263184,18691,18701,10
13.0820598602,80.2758712769,18701,18711,10
13.0818996429,80.2760620117,18711,18722,11
13.0818796158,80.2763137817,18722,18732,10
13.0819501877,80.2768936157,18732,18742,10
13.0820398331,80.2776794434,18742,18752,10
13.0821800232,80.2782974243,18752,18762,10
13.0821695328,80.2787094116,18762,18772,10
13.0822200775,80.279548645,18772,18782,10
13.0823001862,80.2805709839,18782,18792,10
13.0823497772,80.2813186646,18792,18802,10
13.0821304321,80.2816390991,18802,18812,10
13.0816297531,80.2812194824,18812,18822,10
13.0808601379,80.2807769775,18822,18833,11
13.0799303055,80.281211853,18833,18849,16
13.078619957,80.282333374,18849,18861,12
13.0773200989,80.2828826904,18861,18871,10
13.0764703751,80.2833862305,18871,18881,10
13.0756597519,80.2841720581,18881,18891,10
13.0748300552,80.2850570679,18891,18901,10
13.0743103027,80.2856369019,18901,18911,10
13.0740804672,80.2858428955,18911,18921,10
13.0739202499,80.285949707,18921,18931,10
13.0736503601,80.2860107422,18931,18941,10
13.0729598999,80.2857589722,18941,18952,11
13.0719003677,80.2853088379,18952,18960,8
13.070980072,80.2850723267,18960,18973,13
13.0695495605,80.2847137451,18973,18983,10
13.0685796738,80.2844772339,18983,18993,10
13.0675802231,80.2843017578,18993,19003,10
13.0665102005,80.2840576172,19003,19013,10
13.065489769,80.283821106,19013,19023,10
13.0645999908,80.2836227417,19023,19033,10
13.0637702942,80.283416748,19033,19043,10
13.0629796982,80.2832336426,19043,19053,10
13.0625896454,80.2831420898,19053,19063,10
13.0622301102,80.2830581665,19063,19074,11
13.0613803864,80.2828598022,19074,19083,9
13.0605802536,80.2826766968,19083,19094,11
13.0595598221,80.2824630737,19094,19104,10
13.0585803986,80.2822723389,19104,19114,10
13.0576696396,80.282081604,19114,19124,10
13.0570001602,80.2819595337,19124,19134,10
13.0568399429,80.2819290161,19134,19144,10
13.0566301346,80.2818908691,19144,19154,10
13.0560398102,80.2817611694,19154,19164,10
13.0552501678,80.2815933228,19164,19174,10
13.0542402267,80.2813796997,19174,19188,14
13.0528802872,80.2811584473,19188,19198,10
13.0519399643,80.2810134888,19198,19208,10
13.0510702133,80.2808990479,19208,19218,10
13.0502099991,80.2807693481,19218,19228,10
13.0492801666,80.280632019,19228,19238,10
13.048210144,80.2804718018,19238,19248,10
13.0472402573,80.2803268433,19248,19258,10
13.0464200974,80.2802200317,19258,19268,10
13.0458097458,80.2801437378,19268,19278,10
13.0455999374,80.2801208496,19278,19288,10
13.0450801849,80.2800521851,19288,19298,10
13.0443296432,80.2799377441,19298,19309,11
13.0435304642,80.279800415,19309,19319,10
13.0427999496,80.2796401978,19319,19329,10
13.0418596268,80.2794723511,19329,19339,10
13.0411195755,80.2793426514,19339,19349,10
13.0403003693,80.2791595459,19349,19359,10
13.0396995544,80.2789764404,19359,19369,10
13.0391902924,80.2788467407,19369,19379,10
13.0390996933,80.2788467407,19379,19389,10
13.0389499664,80.2788085938,19389,19399,10
13.038479805,80.2786331177,19399,19409,10
13.037779808,80.2784194946,19409,19420,11
13.0374498367,80.2783279419,19420,19430,10
13.0368204117,80.2781066895,19430,19440,10
13.0360298157,80.2778625488,19440,19450,10
13.0352401733,80.2777099609,19450,19460,10
13.0344104767,80.2775726318,19460,19470,10
13.0337200165,80.2773895264,19470,19482,12
13.0329999924,80.2774810791,19482,19492,10
13.0322799683,80.2775115967,19492,19502,10
13.0314998627,80.2775802612,19502,19512,10
13.0309696198,80.2773132324,19512,19522,10
13.0305299759,80.2770462036,19522,19533,11
13.0301399231,80.2768478394,19533,19543,10
13.0295200348,80.2766571045,19543,19553,10
13.0288200378,80.2764587402,19553,19563,10
13.0281496048,80.2761688232,19563,19573,10
13.0274295807,80.2758483887,19573,19583,10
13.026720047,80.2755203247,19583,19593,10
13.0261001587,80.2752685547,19593,19601,8
13.0260801315,80.2752609253,19601,19613,12
13.0257501602,80.275100708,19613,19623,10
13.025179863,80.274848938,19623,19633,10
13.024479866,80.2744598389,19633,19644,11
13.023900032,80.2737426758,19644,19654,10
13.0233097076,80.2729492188,19654,19664,10
13.0227003098,80.2721405029,19664,19674,10
13.0221204758,80.2713928223,19674,19683,9
13.0216302872,80.2707672119,19683,19694,11
13.0210399628,80.2700881958,19694,19704,10
13.020939827,80.2699737549,19704,19712,8
13.0207700729,80.2697677612,19712,19724,12
13.0202903748,80.2691268921,19724,19734,10
13.0198297501,80.2685470581,19734,19745,11
13.0191602707,80.2677307129,19745,19755,10
13.0187196732,80.2669906616,19755,19765,10
13.0186195374,80.2662963867,19765,19775,10
13.0186595917,80.2658233643,19775,19785,10
13.0188398361,80.2651596069,19785,19795,10
13.0190601349,80.2643890381,19795,19804,9
13.0190200806,80.2637023926,19804,19815,11
13.0189599991,80.2633132935,19815,19825,10
13.0188999176,80.2630081177,19825,19835,10
13.0188598633,80.2626419067,19835,19845,10
13.0187797546,80.2618179321,19845,19855,10
13.0184602737,80.261177063,19855,19865,10
13.0177001953,80.2606582642,19865,19876,11
13.0167598724,80.2600402832,19876,19886,10
13.0161600113,80.2597198486,19886,19896,10
13.0161104202,80.2597122192,19896,19906,10
13.0156002045,80.2594909668,19906,19916,10
13.0145998001,80.2593231201,19916,19926,10
13.0134801865,80.2592697144,19926,19936,10
13.0123195648,80.2592163086,19936,19946,10
13.0113296509,80.2592010498,19946,19956,10
13.0102796555,80.2592163086,19956,19967,11
13.0093297958,80.2592163086,19967,19977,10
13.0087995529,80.2592010498,19977,19987,10
13.0085000992,80.2592010498,19987,19996,9
13.0079803467,80.259262085,19996,20007,11
13.0075597763,80.2594680786,20007,20016,9
13.0074300766,80.2595367432,20016,20027,11
13.0072002411,80.260017395,20027,20038,11
13.0073099136,80.2608718872,20038,20050,12
13.0075798035,80.2618865967,20050,20060,10
13.0077800751,80.2627105713,20060,20071,11
13.0078802109,80.2631835938,20071,20081,10
13.0080099106,80.2639312744,20081,20091,10
13.0080003738,80.2648925781,20091,20101,10
13.0078201294,80.2658462524,20101,20111,10
13.0076904297,80.266456604,20111,20121,10
13.0074796677,80.2673110962,20121,20131,10
13.0072097778,80.2683410645,20131,20140,9
13.0070400238,80.2693023682,20140,20150,10
13.006770134,80.2702178955,20150,20161,11
13.006070137,80.2703933716,20161,20171,10
13.0053300858,80.2699279785,20171,20182,11
13.0044803619,80.2694015503,20182,20192,10
13.0037002563,80.2688980103,20192,20202,10
13.0029802322,80.2685089111,20202,20212,10
13.0023403168,80.2681121826,20212,20222,10
13.0015802383,80.2676391602,20222,20232,10
13.0010700226,80.267326355,20232,20242,10
13.0010404587,80.2673187256,20242,20252,10
13.0007200241,80.2671127319,20252,20262,10
13.0001602173,80.2668380737,20262,20272,10
12.9995203018,80.2669906616,20272,20282,10
12.9988899231,80.2671737671,20282,20293,11
12.9981403351,80.2673721313,20293,20303,10
12.997420311,80.2676010132,20303,20313,10
12.9966497421,80.2677612305,20313,20329,16
12.9957504272,80.2676696777,20329,20341,12
12.9956903458,80.2675094604,20341,20351,10
12.9956903458,80.2673568726,20351,20361,10
12.995759964,80.2667770386,20361,20371,10
12.9958400726,80.2660293579,20371,20381,10
12.995929718,80.2652587891,20381,20391,10
12.9960298538,80.2644424438,20391,20401,10
12.9961204529,80.2635803223,20401,20412,11
12.9961700439,80.2629623413,20412,20422,10
12.9961795807,80.262802124,20422,20432,10
12.996219635,80.2625274658,20432,20442,10
12.9962596893,80.2621917725,20442,20452,10
12.9963502884,80.2615432739,20452,20462,10
12.9964399338,80.2607269287,20462,20472,10
12.996509552,80.2600021362,20472,20482,10
12.9965696335,80.2593078613,20482,20492,10
12.9966497421,80.2585372925,20492,20502,10
12.9967403412,80.2576293945,20502,20512,10
12.9968204498,80.2568817139,20512,20523,11
12.9968595505,80.2562026978,20523,20533,10
12.9968595505,80.2560501099,20533,20543,10
12.9968795776,80.2558364868,20543,20553,10
12.9968595505,80.2553405762,20553,20563,10
12.9967403412,80.2545623779,20563,20573,10
12.9961204529,80.2538909912,20573,20583,10
12.9955101013,80.2533569336,20583,20593,10
12.9950399399,80.2526931763,20593,20603,10
12.9946899414,80.2524795532,20603,20613,10
12.9940595627,80.2526321411,20613,20623,10
12.9933595657,80.252822876,20623,20633,10
12.9926204681,80.2529220581,20633,20644,11
12.9918403625,80.253036499,20644,20654,10
12.9912500381,80.25340271,20654,20663,9
12.9909601212,80.2539291382,20663,20674,11
12.9908504486,80.2549819946,20674,20684,10
12.9908103943,80.2557373047,20684,20694,10
12.9905996323,80.2560195923,20694,20704,10
12.9899702072,80.2560195923,20704,20714,10
12.9890699387,80.2559967041,20714,20724,10
12.9885597229,80.2559585571,20724,20734,10
12.9883403778,80.2559204102,20734,20745,11
12.9877700806,80.2558898926,20745,20755,10
12.9876203537,80.2559814453,20755,20765,10
12.9875602722,80.2564697266,20765,20775,10
12.9875097275,80.2571487427,20775,20785,10
12.9874296188,80.2580032349,20785,20795,10
12.9873800278,80.2588272095,20795,20805,10
12.9872903824,80.2592697144,20805,20815,10
12.9872503281,80.2595214844,20815,20835,20
12.9872503281,80.2595214844,20835,20845,10
12.987159729,80.2595901489,20845,20856,11
12.986989975,80.2595367432,20856,20866,10
12.9866199493,80.2593917847,20866,20967,101
12.9866199493,80.2593917847,20967,20977,10
12.9868202209,80.2591018677,20977,20987,10
12.9870004654,80.2591171265,20987,20997,10
12.9872303009,80.2591400146,20997,21592,595
12.9872303009,80.2591400146,21592,21602,10
12.9874601364,80.2589263916,21602,21612,10
12.987449646,80.2586135864,21612,21633,21
12.987449646,80.2586135864,21633,21643,10
12.9874401093,80.2584991455,21643,21653,10
12.9874401093,80.2581863403,21653,21663,10
12.987449646,80.2580490112,21663,21673,10
12.9874696732,80.2579421997,21673,21683,10
12.9875001907,80.2575302124,21683,21693,10
12.9875402451,80.256942749,21693,21703,10
12.9876003265,80.2561416626,21703,21713,10
12.9877595901,80.2557373047,21713,21723,10
12.988360405,80.255821228,21723,21733,10
12.9885902405,80.2558288574,21733,21744,11
12.9887800217,80.2558517456,21744,21754,10
12.9894199371,80.2559280396,21754,21764,10
12.9901504517,80.2559814453,21764,21774,10
12.9905900955,80.2559585571,21774,21784,10
12.9907398224,80.2556762695,21784,21794,10
12.9907598495,80.2555084229,21794,21804,10
12.9907798767,80.2548370361,21804,21814,10
12.9908704758,80.2539901733,21814,21824,10
12.9914102554,80.2533187866,21824,21834,10
12.9922304153,80.2529907227,21834,21844,10
12.9931001663,80.2529296875,21844,21854,10
12.9939002991,80.2527389526,21854,21865,11
12.9948101044,80.2524795532,21865,21875,10
12.9951000214,80.2526702881,21875,21885,10
12.9951400757,80.2528305054,21885,21895,10
12.9951696396,80.2528915405,21895,21905,10
12.9954996109,80.2533111572,21905,21915,10
12.9961395264,80.2539291382,21915,21925,10
12.9967498779,80.2546234131,21925,21934,9
12.9969596863,80.2558288574,21934,21966,32
12.9969596863,80.2558288574,21966,21976,10
12.9969301224,80.2559967041,21976,21986,10
12.9968595505,80.2564468384,21986,21996,10
12.9968299866,80.2569580078,21996,22006,10
12.9968299866,80.2570724487,22006,22016,10
12.9967699051,80.2576904297,22016,22026,10
12.9966602325,80.258682251,22026,22036,10
12.9965801239,80.2593612671,22036,22046,10
12.9964895248,80.2598800659,22046,22056,10
12.9963998795,80.2607879639,22056,22066,10
12.9963302612,80.2617797852,22066,22076,10
12.9962396622,80.2623825073,22076,22087,11
12.9962396622,80.2624282837,22087,22097,10
12.996219635,80.2626495361,22097,22107,10
12.9961795807,80.262802124,22107,22117,10
12.9961204529,80.2633285522,22117,22127,10
12.9960098267,80.2641677856,22127,22137,10
12.9959001541,80.2650604248,22137,22147,10
12.9958000183,80.2661590576,22147,22157,10
12.9956903458,80.2672805786,22157,22167,10
12.9958400726,80.2677001953,22167,22183,16
12.9960699081,80.2677230835,22183,22195,12
12.9965801239,80.2677688599,22195,22205,10
12.997420311,80.2676010132,22205,22216,11
12.998550415,80.267288208,22216,22226,10
12.9996404648,80.266960144,22226,22234,8
13.0003204346,80.2668228149,22234,22246,12
13.0009899139,80.2672576904,22246,22256,10
13.0010595322,80.2673110962,22256,22266,10
13.0013198853,80.2674713135,22266,22276,10
13.0018196106,80.2678070068,22276,22287,11
13.0026597977,80.2683334351,22287,22297,10
13.0031995773,80.2686462402,22297,22308,11
13.0037202835,80.2689590454,22308,22318,10
13.0045404434,80.2694625854,22318,22328,10
13.0054302216,80.2699966431,22328,22338,10
13.0062904358,80.2704620361,22338,22348,10
13.0068798065,80.2700195313,22348,22358,10
13.0070800781,80.2690582275,22358,22368,10
13.0073003769,80.267906189,22368,22378,10
13.007519722,80.2669296265,22378,22388,10
13.0076599121,80.2663421631,22388,22398,10
13.0077896118,80.2657928467,22398,22408,10
13.0079898834,80.2648773193,22408,22419,11
13.0079803467,80.2639389038,22419,22429,10
13.0078201294,80.2631378174,22429,22439,10
13.0077104568,80.2626800537,22439,22449,10
13.0075597763,80.2620315552,22449,22459,10
13.0074300766,80.2614364624,22459,22469,10
13.0073900223,80.2613067627,22469,22479,10
13.0073003769,80.2608108521,22479,22489,10
13.0072202682,80.2601013184,22489,22499,10
13.0072898865,80.2592010498,22499,22509,10
13.0076398849,80.2586975098,22509,22519,10
13.0083799362,80.2589416504,22519,22529,10
13.0086097717,80.2590026855,22529,22540,11
13.0092201233,80.2590713501,22540,22550,10
13.010310173,80.2590789795,22550,22560,10
13.0115604401,80.2590713501,22560,22570,10
13.0128297806,80.2591094971,22570,22580,10
13.01404953,80.2591629028,22580,22590,10
13.0151700974,80.2592086792,22590,22600,10
13.0160198212,80.259437561,22600,22610,10
13.0165300369,80.2597732544,22610,22620,10
13.0166702271,80.2598724365,22620,22630,10
13.0171899796,80.2602310181,22630,22640,10
13.0180397034,80.2608413696,22640,22651,11
13.0188102722,80.2613983154,22651,22667,16
13.0198497772,80.2623672485,22667,22679,12
13.02023983,80.2629776001,22679,22689,10
13.0194997787,80.2629394531,22689,22698,9
13.0190896988,80.2629394531,22698,22709,11
13.0190496445,80.2635192871,22709,22719,10
13.0191202164,80.2640228271,22719,22729,10
13.0191001892,80.2643508911,22729,22739,10
13.0188999176,80.2650604248,22739,22749,10
13.0187997818,80.2654495239,22749,22760,11
13.0186796188,80.2662582397,22760,22770,10
13.0188598633,80.2672271729,22770,22780,10
13.0194196701,80.2679977417,22780,22790,10
13.0200796127,80.2688217163,22790,22800,10
13.0206699371,80.2695388794,22800,22810,10
13.0212802887,80.2702407837,22810,22820,10
13.0214796066,80.2704620361,22820,22830,10
13.0215597153,80.2705688477,22830,22840,10
13.02202034,80.271156311,22840,22850,10
13.0226602554,80.2720031738,22850,22859,9
13.0232801437,80.2728500366,22859,22871,12
13.0239601135,80.2737884521,22871,22881,10
13.0245895386,80.274559021,22881,22891,10
13.025270462,80.2748718262,22891,22901,10
13.0253601074,80.2749023438,22901,22911,10
13.0256500244,80.2750320435,22911,22921,10
13.0263299942,80.275352478,22921,22931,10
13.0271396637,80.2757263184,22931,22941,10
13.0279998779,80.2761383057,22941,22951,10
13.0287599564,80.2764282227,22951,22961,10
13.0298204422,80.2767181396,22961,22982,21
13.0298204422,80.2767181396,22982,22992,10
13.0299797058,80.2767791748,22992,23002,10
13.0303201675,80.2769317627,23002,23012,10
13.0310096741,80.2773284912,23012,23028,16
13.0325098038,80.2774887085,23028,23040,12
13.0326795578,80.2774581909,23040,23050,10
13.0331201553,80.2774200439,23050,23060,10
13.0337495804,80.2773590088,23060,23070,10
13.0345602036,80.2775802612,23070,23080,10
13.0353803635,80.2777404785,23080,23090,10
13.0362901688,80.2779312134,23090,23101,11
13.0371704102,80.2782287598,23101,23111,10
13.0380096436,80.2784576416,23111,23121,10
13.0388002396,80.2786483765,23121,23131,10
13.0388803482,80.2786712646,23131,23141,10
13.0392398834,80.2788162231,23141,23151,10
13.039899826,80.2790298462,23151,23161,10
13.0409202576,80.2792892456,23161,23171,10
13.0421895981,80.2795028687,23171,23181,10
13.0431098938,80.2796325684,23181,23232,51
13.0431098938,80.2796325684,23232,23242,10
13.0433397293,80.2796783447,23242,23252,10
13.0441398621,80.2798919678,23252,23262,10
13.0451498032,80.2800216675,23262,23272,10
13.0457696915,80.2800979614,23272,23282,10
13.0458498001,80.2801132202,23282,23292,10
13.0459403992,80.2801208496,23292,23302,10
13.0464096069,80.2801895142,23302,23313,11
13.0473499298,80.2803268433,23313,23323,10
13.0482797623,80.280456543,23323,23333,10
13.0489902496,80.2805480957,23333,23343,10
13.0491695404,80.2805709839,23343,23353,10
13.0495004654,80.2806167603,23353,23363,10
13.0500802994,80.2807235718,23363,23373,10
13.0508003235,80.2808380127,23373,23383,10
13.0516796112,80.2809829712,23383,23393,10
13.0526399612,80.2811203003,23393,23404,11
13.053730011,80.281288147,23404,23415,11
13.054889679,80.28150177,23415,23424,9
13.0557003021,80.2816619873,23424,23434,10
13.0563602448,80.281791687,23434,23446,12
13.0565099716,80.281829834,23446,23456,10
13.0574197769,80.2819976807,23456,23476,20
13.0574197769,80.2819976807,23476,23486,10
13.057559967,80.2820281982,23486,23496,10
13.0581903458,80.2821731567,23496,23506,10
13.0591497421,80.282371521,23506,23516,10
13.0602197647,80.2825927734,23516,23526,10
13.0613002777,80.2828216553,23526,23537,11
13.0624799728,80.2830810547,23537,23547,10
13.0630702972,80.283203125,23547,23557,10
13.0632295609,80.283241272,23557,23567,10
13.0638999939,80.2833709717,23567,23587,20
13.0638999939,80.2833709717,23587,23597,10
13.064040184,80.2834091187,23597,23607,10
13.0645599365,80.283531189,23607,23617,10
13.0654401779,80.2837219238,23617,23627,10
13.0664901733,80.2839813232,23627,23637,10
13.0675401688,80.2842102051,23637,23647,10
13.0686998367,80.2844314575,23647,23658,11
13.0700397491,80.2847671509,23658,23668,10
13.0712499619,80.2850799561,23668,23678,10
13.0724496841,80.2853469849,23678,23688,10
13.0735197067,80.2853775024,23688,23698,10
13.074090004,80.2857666016,23698,23708,10
13.0745801926,80.2862091064,23708,23718,10
13.074640274,80.286239624,23718,23734,16
13.0753002167,80.2867126465,23734,23746,12
13.0763597488,80.2871322632,23746,23756,10
13.0773897171,80.2873916626,23756,23766,10
13.0786304474,80.2877120972,23766,23777,11
13.0796804428,80.2880783081,23777,23787,10
13.080450058,80.2882385254,23787,23797,10
13.0808401108,80.2883071899,23797,23807,10
13.0811195374,80.2884216309,23807,23817,10
13.0817899704,80.2886810303,23817,23828,11
13.0822696686,80.2888183594,23828,23838,10
13.0826797485,80.2890396118,23838,23848,10
13.0834999084,80.2892227173,23848,23858,10
13.0844802856,80.2891769409,23858,23868,10
13.0854597092,80.2892227173,23868,23879,11
13.0868396759,80.2895584106,23879,23889,10
13.0878696442,80.2899475098,23889,23899,10
13.0888004303,80.2901992798,23899,23969,70
13.0888004303,80.2901992798,23969,23979,10
13.0886898041,80.2904281616,23979,23990,11
13.0880002975,80.2900924683,23990,24000,10
13.0870800018,80.2897567749,24000,24010,10
13.086139679,80.2895278931,24010,24020,10
13.0855197906,80.2889709473,24020,24030,10
13.0851602554,80.2879562378,24030,24046,16
13.0852499008,80.2861099243,24046,24058,12
13.0853700638,80.2847900391,24058,24068,10
13.0852403641,80.2841720581,24068,24078,10
13.085439682,80.2837371826,24078,24088,10
13.0855998993,80.283531189,24088,24098,10
13.0860004425,80.2835388184,24098,24108,10
13.0864095688,80.2837219238,24108,24119,11
13.0870504379,80.2839126587,24119,24795,676
13.0870504379,80.2839126587,24795,24805,10
13.0871696472,80.2838668823,24805,24815,10
13.0873603821,80.2838821411,24815,24825,10
13.0876998901,80.2839126587,24825,24835,10
13.0880403519,80.2839279175,24835,24845,10
13.0880804062,80.2839202881,24845,24855,10
13.0881795883,80.2837371826,24855,24865,10
13.0881795883,80.2836990356,24865,24875,10
13.0883197784,80.2833786011,24875,24886,11
13.0883197784,80.2829818726,24886,24896,10
13.0883102417,80.282409668,24896,24906,10
13.0881795883,80.2817993164,24906,24916,10
13.0881900787,80.2813873291,24916,24926,10
13.0885400772,80.2815933228,24926,24936,10
13.088470459,80.2820892334,24936,24946,10
13.0883903503,80.2825088501,24946,24956,10
13.0883798599,80.2826385498,24956,24966,10
13.0883598328,80.2828979492,24966,24976,10
13.088350296,80.2830810547,24976,24986,10
13.0883598328,80.2834396362,24986,24997,11
13.0884103775,80.2839126587,24997,25007,10
13.0884504318,80.2845993042,25007,25017,10
13.0885000229,80.2851028442,25017,25027,10
13.0885295868,80.2856674194,25027,25037,10
13.088549614,80.286277771,25037,25047,10
13.0885696411,80.2866134644,25047,25057,10
13.0886001587,80.287147522,25057,25067,10
13.0886297226,80.2874679565,25067,25077,10
13.0886697769,80.2878494263,25077,25087,10
13.0887298584,80.2884674072,25087,25097,10
13.088760376,80.2887496948,25097,25107,10
13.0888299942,80.2893829346,25107,25118,11
13.0888795853,80.2895812988,25118,25128,10
13.0888996124,80.2901077271,25128,25148,20
13.0888996124,80.2901077271,25148,25158,10
13.0888795853,80.2902069092,25158,25168,10
13.0886802673,80.290397644,25168,25178,10
13.0880804062,80.2900924683,25178,25188,10
13.0872602463,80.2897109985,25188,25198,10
13.0863199234,80.2894134521,25198,25208,10
13.0852098465,80.2891616821,25208,25218,10
13.0841197968,80.2891998291,25218,25229,11
13.0830802917,80.2892227173,25229,25239,10
13.082159996,80.2888717651,25239,25249,10
13.0812397003,80.2885131836,25249,25259,10
13.080619812,80.2883377075,25259,25269,10
13.0799798965,80.2882003784,25269,25279,10
13.07970047,80.2881393433,25279,25289,10
13.0788698196,80.2878417969,25289,25299,10
13.0776596069,80.2874679565,25299,25309,10
13.0762500763,80.287109375,25309,25319,10
13.0749998093,80.286567688,25319,25329,10
13.0741195679,80.2861633301,25329,25350,21
13.0741195679,80.2861633301,25350,25360,10
13.0739803314,80.2861175537,25360,25370,10
13.0736598969,80.2860412598,25370,25380,10
13.0729398727,80.2857284546,25380,25390,10
13.0719604492,80.2853088379,25390,25400,10
13.070810318,80.2849884033,25400,25410,10
13.0695295334,80.2846984863,25410,25420,10
13.0682897568,80.2844161987,25420,25430,10
13.0670995712,80.2842102051,25430,25440,10
13.0659103394,80.2839279175,25440,25451,11
13.0648603439,80.2836990356,25451,25461,10
13.0641803741,80.2835388184,25461,25471,10
13.0635995865,80.2833709717,25471,25481,10
13.0629901886,80.2832183838,25481,25491,10
13.0625295639,80.2831420898,25491,25501,10
13.062379837,80.2830963135,25501,25511,10
13.061750412,80.2829589844,25511,25521,10
13.0608997345,80.2827682495,25521,25531,10
13.0599403381,80.2825622559,25531,25541,10
13.058930397,80.2823562622,25541,25550,9
13.0581998825,80.2822189331,25550,25562,12
13.057849884,80.2821578979,25562,25572,10
13.0576095581,80.2821121216,25572,25582,10
13.0570697784,80.2819976807,25582,25592,10
13.0567598343,80.2819366455,25592,25602,10
13.0566596985,80.2819137573,25602,25612,10
13.0560798645,80.281791687,25612,25622,10
13.0551795959,80.2816009521,25622,25632,10
13.0541496277,80.2814025879,25632,25642,10
13.0531702042,80.2812194824,25642,25651,9
13.0522603989,80.2810821533,25651,25661,10
13.0511798859,80.2809295654,25661,25673,12
13.0503797531,80.2808303833,25673,25683,10
13.0502195358,80.2807998657,25683,25693,10
13.0496101379,80.2806930542,25693,25703,10
13.048620224,80.2805480957,25703,25713,10
13.0474996567,80.280380249,25713,25723,10
13.0464096069,80.2802276611,25723,25733,10
13.045630455,80.2801437378,25733,25743,10
13.0447902679,80.2800064087,25743,25753,10
13.0440998077,80.2799224854,25753,25763,10
13.0436496735,80.279838562,25763,25773,10
13.0430202484,80.2796936035,25773,25784,11
13.0419797897,80.2794876099,25784,25793,9
13.0411195755,80.2793426514,25793,25804,11
13.040140152,80.2791213989,25804,25814,10
13.0391702652,80.2788772583,25814,25834,20
13.0391702652,80.2788772583,25834,25844,10
13.0388498306,80.2787780762,25844,25854,10
13.0383300781,80.2786026001,25854,25864,10
13.0378303528,80.2784194946,25864,25874,10
13.0375003815,80.2783279419,25874,25884,10
13.0369501114,80.2781677246,25884,25894,10
13.0363101959,80.2779312134,25894,25905,11
13.0354795456,80.2777328491,25905,25915,10
13.0346097946,80.2775878906,25915,25925,10
13.0337696075,80.2773666382,25925,25935,10
13.0329799652,80.2774581909,25935,25945,10
13.0323200226,80.2774887085,25945,25955,10
13.0314702988,80.2775497437,25955,25965,10
13.030960083,80.2772674561,25965,25981,16
13.0307703018,80.2771682739,25981,25993,12
13.0300703049,80.2768173218,25993,26003,10
13.029419899,80.2766265869,26003,26014,11
13.028670311,80.2763977051,26014,26024,10
13.0279397964,80.2761001587,26024,26032,8
13.0273199081,80.2758102417,26032,26043,11
13.0263996124,80.275390625,26043,26054,11
13.0259399414,80.2752075195,26054,26065,11
13.0257701874,80.2751235962,26065,26075,10
13.0254297256,80.2749710083,26075,26084,9
13.0249004364,80.2747421265,26084,26095,11
13.0242099762,80.2742233276,26095,26126,31
13.0242099762,80.2742233276,26126,26136,10
13.0240297318,80.2740097046,26136,26147,11
13.0236597061,80.2734832764,26147,26156,9
13.0230998993,80.2726974487,26156,26167,11
13.0223903656,80.2717590332,26167,26177,10
13.0217199326,80.2708816528,26177,26187,10
13.0211200714,80.2701568604,26187,26197,10
13.0208797455,80.2698822021,26197,26207,10
13.0207700729,80.2697296143,26207,26217,10
13.0203399658,80.2691574097,26217,26227,10
13.0198898315,80.2685775757,26227,26238,11
13.0191602707,80.2676925659,26238,26248,10
13.0186796188,80.2666625977,26248,26258,10
13.0186300278,80.2659606934,26258,26268,10
13.0187702179,80.2653121948,26268,26278,10
13.0190401077,80.264289856,26278,26288,10
13.0190000534,80.2635803223,26288,26298,10
13.0189399719,80.263168335,26298,26308,10
13.0188798904,80.2628326416,26308,26318,10
13.0188398361,80.2624130249,26318,26328,10
13.0187797546,80.2617492676,26328,26338,10
13.0185203552,80.261177063,26338,26349,11
13.0179595947,80.2608032227,26349,26359,10
13.0172996521,80.2603607178,26359,26369,10
13.0164804459,80.2598571777,26369,26379,10
13.0161304474,80.2596969604,26379,26389,10
13.0160903931,80.2596817017,26389,26399,10
13.0155801773,80.2594833374,26399,26409,10
13.0146799088,80.2593078613,26409,26419,10
13.0135698318,80.2592697144,26419,26429,10
13.0124397278,80.2592315674,26429,26439,10
13.0114002228,80.2592010498,26439,26449,10
13.0102796555,80.2592163086,26449,26459,10
13.0093297958,80.2592163086,26459,26470,11
13.0088396072,80.2592086792,26470,26486,16
13.0079698563,80.259262085,26486,26498,12
13.0074195862,80.2591094971,26498,26508,10
13.0072803497,80.2587814331,26508,26518,10
13.0072202682,80.2586364746,26518,26528,10
13.0069198608,80.2580566406,26528,26538,10
13.006360054,80.257598877,26538,26548,10
13.0057201385,80.2574081421,26548,26558,10
13.0048999786,80.2572097778,26558,26568,10
13.0039100647,80.2570037842,26568,26578,10
13.0030298233,80.2568206787,26578,26589,11
13.0021800995,80.2566680908,26589,26599,10
13.0015602112,80.2565765381,26599,26609,10
13.0014200211,80.2565612793,26609,26619,10
13.0012102127,80.2565383911,26619,26629,10
13.0007295609,80.2564620972,26629,26639,10
13.0002002716,80.2563781738,26639,26649,10
12.9996500015,80.2562713623,26649,26659,10
12.998840332,80.2561264038,26659,26679,20
12.998840332,80.2561264038,26679,26690,11
12.9985799789,80.2560806274,26690,26706,16
12.9979600906,80.2559585571,26706,26718,12
12.9970798492,80.2559127808,26718,26728,10
12.9964895248,80.2558898926,26728,26738,10
12.9957895279,80.255897522,26738,26748,10
12.9950504303,80.2559280396,26748,26758,10
12.9941196442,80.2560119629,26758,26767,9
12.9932498932,80.2560577393,26767,26779,12
12.991979599,80.2560882568,26779,26789,10
12.9910202026,80.2560501099,26789,26800,11
12.9902296066,80.2560195923,26800,26809,9
12.9893503189,80.2560119629,26809,26820,11
12.988820076,80.2559890747,26820,26830,10
12.9888000488,80.2559890747,26830,26840,10
12.9885501862,80.2559509277,26840,26900,60
12.9885501862,80.2559509277,26900,26910,10
12.9884004593,80.2558898926,26910,26921,11
12.9880800247,80.2558364868,26921,26937,16
12.9876203537,80.2563018799,26937,26949,12
12.9875402451,80.257232666,26949,26959,10
12.9874801636,80.2582626343,26959,26969,10
12.9874200821,80.2591018677,26969,26977,8
12.9872102737,80.2596588135,26977,27000,23
12.9872102737,80.2596588135,27000,27010,10
12.9866600037,80.2596588135,27010,27849,839
12.9866600037,80.2596588135,27849,27859,10
12.9865999222,80.2596817017,27859,27869,10
12.9863100052,80.2596817017,27869,27879,10
12.9859304428,80.2596817017,27879,27889,10
12.9857702255,80.2596588135,27889,27899,10
12.9853096008,80.2595825195,27899,27909,10
12.9847097397,80.2595062256,27909,27920,11
12.9840898514,80.2595214844,27920,27930,10
12.983420372,80.2594985962,27930,27940,10
12.98279953,80.2594528198,27940,27950,10
12.9820299149,80.2593994141,27950,27960,10
12.981300354,80.2593917847,27960,27970,10
12.9805297852,80.2593536377,27970,27980,10
12.9796695709,80.2592163086,27980,27990,10
12.9787797928,80.2591171265,27990,28000,10
12.97797966,80.259147644,28000,28010,10
12.9772100449,80.2591781616,28010,28020,10
12.9763803482,80.2590713501,28020,28031,11
12.9756202698,80.2588806152,28031,28041,10
12.9751501083,80.2587280273,28041,28051,10
12.9743795395,80.2584915161,28051,28061,10
12.9740200043,80.2583389282,28061,28071,10
12.9741001129,80.2581176758,28071,28081,10
12.974149704,80.2577514648,28081,28091,10
12.9739198685,80.2576828003,28091,28101,10
12.9735097885,80.2576293945,28101,28111,10
12.9731702805,80.2575912476,28111,28121,10
12.9731197357,80.2576828003,28121,28130,9
12.9730501175,80.2580184937,28130,28142,12
12.9736204147,80.2582168579,28142,28434,292
12.973739624,80.2582473755,28434,28646,212
12.9736499786,80.2582092285,28646,28797,151
12.9736499786,80.2582092285,28797,28807,10
12.9738101959,80.2582702637,28807,28818,11
12.9740495682,80.2583312988,28818,28828,10
12.9742498398,80.2583770752,28828,28838,10
12.9744796753,80.2584609985,28838,28848,10
12.9746398926,80.2585220337,28848,28858,10
12.9748497009,80.2585830688,28858,28868,10
12.9753799438,80.2587509155,28868,28878,10
12.9761295319,80.2589492798,28878,28888,10
12.9767904282,80.2590789795,28888,28908,20
12.9767904282,80.2590789795,28908,28918,10
12.9771003723,80.2591323853,28918,28928,10
12.977519989,80.2591323853,28928,28939,11
12.9775295258,80.2591400146,28939,28949,10
12.9779500961,80.2591400146,28949,28959,10
12.9786701202,80.2590866089,28959,28969,10
12.9794597626,80.2591400146,28969,28979,10
12.980340004,80.2592697144,28979,28989,10
12.9811401367,80.2593231201,28989,28999,10
12.9820804596,80.2593688965,28999,29009,10
12.9828796387,80.2594223022,29009,29019,10
12.9835996628,80.2594680786,29019,29029,10
12.9839696884,80.2594070435,29029,29039,10
12.984000206,80.2591400146,29039,29050,11
12.9841098785,80.2583618164,29050,29060,10
12.9841804504,80.2579269409,29060,29070,10
12.9843997955,80.2577590942,29070,29080,10
12.9850597382,80.2578125,29080,29090,10
12.9860601425,80.2579193115,29090,29100,10
12.9868402481,80.2580032349,29100,29110,10
12.9869203568,80.2580184937,29110,29120,10
12.9870996475,80.2580337524,29120,29130,10
12.9874200821,80.2579574585,29130,29140,10
12.9874601364,80.2572402954,29140,29150,10
12.9875001907,80.256652832,29150,29161,11
12.9875097275,80.2563705444,29161,29221,60
12.9875097275,80.2563705444,29221,29231,10
12.9875802994,80.2561721802,29231,29241,10
12.9876203537,80.2558364868,29241,29251,10
12.987859726,80.2557373047,29251,29261,10
12.988120079,80.2557830811,29261,29272,11
12.9882602692,80.2557983398,29272,29282,10
12.9883899689,80.2558288574,29282,29292,10
12.9885396957,80.2558517456,29292,29302,10
12.9887199402,80.255859375,29302,29332,30
12.9887199402,80.255859375,29332,29342,10
12.9890699387,80.2559204102,29342,29352,10
12.9896001816,80.2559661865,29352,29362,10
12.9902200699,80.2559814453,29362,29372,10
12.9917802811,80.2559967041,29372,29401,29
12.9917802811,80.2559967041,29401,29411,10
12.991900444,80.2560501099,29411,29421,10
12.9922704697,80.2560806274,29421,29429,8
12.9931201935,80.2560424805,29429,29441,12
12.9941396713,80.2559814453,29441,29451,10
12.9950799942,80.2559127808,29451,29461,10
12.9957799911,80.2558822632,29461,29471,10
12.9965896606,80.2558670044,29471,29481,10
12.9970598221,80.2558822632,29481,29491,10
12.9975204468,80.2558898926,29491,29503,12
12.9983301163,80.2559585571,29503,29543,40
12.9983301163,80.2559585571,29543,29553,10
12.9990501404,80.2560806274,29553,29614,61
12.9990501404,80.2560806274,29614,29624,10
12.9992904663,80.256111145,29624,29634,10
12.9997596741,80.2562103271,29634,29644,10
13.0004901886,80.2563400269,29644,29654,10
13.0010795593,80.2564315796,29654,29684,30
13.0010795593,80.2564315796,29684,29694,10
13.001159668,80.256439209,29694,29704,10
13.0015897751,80.2565307617,29704,29714,10
13.002240181,80.2566299438,29714,29725,11
13.0030298233,80.2567825317,29725,29735,10
13.0037899017,80.2569198608,29735,29745,10
13.0045700073,80.2570571899,29745,29755,10
13.0053701401,80.2572174072,29755,29765,10
13.0062999725,80.2573699951,29765,29825,60
13.0062999725,80.2573699951,29825,29835,10
13.0064697266,80.2573776245,29835,29846,11
13.0066995621,80.2574996948,29846,29856,10
13.0069904327,80.2579803467,29856,29866,10
13.0074596405,80.2585372925,29866,29876,10
13.0084400177,80.2589263916,29876,29896,20
13.0084400177,80.2589263916,29896,29906,10
13.0085897446,80.2590026855,29906,29916,10
13.0089902878,80.2590866089,29916,29926,10
13.0096597672,80.2591018677,29926,29936,10
13.0105695724,80.2591094971,29936,29946,10
13.0116796494,80.2590789795,29946,29957,11
13.0129003525,80.2591171265,29957,29967,10
13.0139398575,80.259147644,29967,29977,10
13.0149297714,80.2591934204,29977,29987,10
13.0156803131,80.2592926025,29987,29997,10
13.0161304474,80.2594680786,29997,30007,10
13.016409874,80.2596664429,30007,30037,30
13.016409874,80.2596664429,30037,30047,10
13.0164299011,80.2596969604,30047,30057,10
13.0166797638,80.2599029541,30057,30068,11
13.0168304443,80.2600021362,30068,30078,10
13.0173196793,80.2603225708,30078,30088,10
13.0178403854,80.2606887817,30088,30098,10
13.0184202194,80.261100769,30098,30108,10
13.0188398361,80.2614364624,30108,30118,10
13.0193099976,80.2618408203,30118,30128,10
13.0197896957,80.2623596191,30128,30138,10
13.02023983,80.2628097534,30138,30148,10
13.0199604034,80.2629776001,30148,30158,10
13.0193395615,80.2629623413,30158,30168,10
13.0190095901,80.2631530762,30168,30179,11
13.0191402435,80.2639465332,30179,30189,10
13.0191602707,80.2641296387,30189,30199,10
13.0190696716,80.2646179199,30199,30209,10
13.0188903809,80.2652664185,30209,30219,10
13.0187597275,80.2657394409,30219,30228,9
13.0187101364,80.266418457,30228,30239,11
13.0188302994,80.2671585083,30239,30249,10
13.019080162,80.2675704956,30249,30259,10
13.0193500519,80.2678985596,30259,30269,10
13.0195503235,80.268157959,30269,30279,10
13.0198497772,80.2685394287,30279,30290,11
13.019900322,80.2686080933,30290,30300,10
13.0201396942,80.2688827515,30300,30310,10
13.0203104019,80.2690887451,30310,30320,10
13.020529747,80.2693405151,30320,30340,20
13.020529747,80.2693405151,30340,30350,10
13.0206403732,80.26953125,30350,30370,20
13.0206403732,80.26953125,30370,30380,10
13.020939827,80.2698822021,30380,30390,10
13.0214195251,80.2704315186,30390,30401,11
13.0219297409,80.2710723877,30401,30411,10
13.0226097107,80.2719497681,30411,30421,10
13.0231895447,80.2727279663,30421,30431,10
13.0235300064,80.2731933594,30431,30441,10
13.0236597061,80.2733612061,30441,30451,10
13.0238704681,80.273651123,30451,30461,10
13.024189949,80.2740936279,30461,30471,10
13.0246400833,80.2745895386,30471,30481,10
13.0250797272,80.2747879028,30481,30497,16
13.0252103806,80.2748413086,30497,30509,12
13.0255098343,80.2749633789,30509,30520,11
13.025759697,80.2750778198,30520,30530,10
13.0261001587,80.2752304077,30530,30540,10
13.0265703201,80.2754592896,30540,30550,10
13.0271196365,80.275718689,30550,30560,10
13.0276403427,80.275970459,30560,30570,10
13.0282201767,80.276222229,30570,30580,10
13.0286798477,80.2763977051,30580,30590,10
13.0292596817,80.2765884399,30590,30600,10
13.0295801163,80.2766876221,30600,30610,10
13.0299100876,80.2767333984,30610,30620,10
13.0299797058,80.2767562866,30620,30631,11
13.0302600861,80.2769088745,30631,30641,10
13.0309295654,80.2772827148,30641,30651,10
13.03166008,80.2775802612,30651,30661,10
13.0321702957,80.2775421143,30661,30671,10
13.0328702927,80.2774810791,30671,30730,59
13.0328702927,80.2774810791,30730,30742,12
13.0331001282,80.2774276733,30742,30752,10
13.0334501266,80.27734375,30752,30762,10
13.0338802338,80.2773971558,30762,30772,10
13.0344104767,80.2775268555,30772,30781,9
13.0349998474,80.2776184082,30781,30792,11
13.0357904434,80.2777709961,30792,30802,10
13.0364398956,80.277923584,30802,30812,10
13.0372896194,80.2782516479,30812,30822,10
13.0381298065,80.2784805298,30822,30832,10
13.0386104584,80.2786026001,30832,30842,10
13.0387802124,80.2786331177,30842,30853,11
13.0388202667,80.2786483765,30853,30863,10
13.0390100479,80.278717041,30863,30873,10
13.0393896103,80.2788619995,30873,30883,10
13.0402002335,80.2790985107,30883,30893,10
13.0413799286,80.2793807983,30893,30903,10
13.0425901413,80.2795333862,30903,30913,10
13.0435600281,80.2796936035,30913,30923,10
13.0443897247,80.2798919678,30923,30943,20
13.0443897247,80.2798919678,30943,30953,10
13.0445699692,80.2799301147,30953,30964,11
13.0453796387,80.2800369263,30964,30974,10
13.0456895828,80.2800827026,30974,30984,10
13.0460796356,80.2801437378,30984,30994,10
13.0470304489,80.2802810669,30994,31004,10
13.0481700897,80.2804412842,31004,31014,10
13.0490503311,80.2805633545,31014,31024,10
13.0492401123,80.2805786133,31024,31034,10
13.0495300293,80.2806396484,31034,31044,10
13.0504102707,80.2807998657,31044,31054,10
13.051609993,80.280960083,31054,31064,10
13.0527896881,80.2811508179,31064,31074,10
13.0540599823,80.2813415527,31074,31085,11
13.0552396774,80.2815704346,31085,31095,10
13.0560398102,80.2817382813,31095,31105,10
13.0564603806,80.2818069458,31105,31115,10
13.056520462,80.2818222046,31115,31125,10
13.0567502975,80.2818832397,31125,31135,10
13.0572395325,80.2819824219,31135,31145,10
13.0577602386,80.282081604,31145,31155,10
13.0585803986,80.2822570801,31155,31165,10
13.0595197678,80.2824478149,31165,31175,10
13.0605697632,80.2826690674,31175,31186,11
13.061630249,80.282913208,31186,31196,10
13.0625295639,80.2830810547,31196,31206,10
13.0630598068,80.2831802368,31206,31216,10
13.0630903244,80.2831802368,31216,31226,10
13.0634202957,80.2832565308,31226,31236,10
13.0637998581,80.2833404541,31236,31246,10
13.0638799667,80.2833480835,31246,31256,10
13.0642595291,80.2834701538,31256,31266,10
13.0652799606,80.2837295532,31266,31276,10
13.0666599274,80.2840499878,31276,31286,10
13.0680398941,80.2842788696,31286,31296,10
13.069439888,80.2845993042,31296,31307,11
13.0710496902,80.2850036621,31307,31317,10
13.072429657,80.2853088379,31317,31327,10
13.0735397339,80.2853469849,31327,31337,10
13.0747003555,80.2862625122,31337,31357,20
13.0747003555,80.2862625122,31357,31367,10
13.0749702454,80.2864379883,31367,31377,10
13.0759000778,80.2869720459,31377,31387,10
13.0770301819,80.2872772217,31387,31397,10
13.0781402588,80.2875671387,31397,31407,10
13.0791501999,80.2878875732,31407,31418,11
13.0802297592,80.2881164551,31418,31428,10
13.0807800293,80.2882766724,31428,31438,10
13.0808296204,80.2882995605,31438,31448,10
13.0813102722,80.2884597778,31448,31458,10
13.082159996,80.288772583,31458,31468,10
13.0831003189,80.2891769409,31468,31478,10
13.0839395523,80.2891769409,31478,31488,10
13.0850496292,80.2891616821,31488,31498,10
13.0862102509,80.2893829346,31498,31508,10
13.0873603821,80.2897415161,31508,31518,10
13.0881900787,80.2900772095,31518,31529,11
13.0888004303,80.2901382446,31529,31549,20
13.0888004303,80.2901382446,31549,31559,10
13.0888795853,80.2901992798,31559,31569,10
13.088760376,80.2904281616,31569,31579,10
13.0883197784,80.2902069092,31579,31589,10
13.0878295898,80.2900238037,31589,31599,10
13.0869197845,80.2897109985,31599,31609,10
13.0860395432,80.2894668579,31609,31619,10
13.0854797363,80.2889099121,31619,31629,10
13.0851402283,80.2879562378,31629,31639,10
13.0851802826,80.286857605,31639,31650,11
13.0852804184,80.2857818604,31650,31660,10
13.0853700638,80.2848892212,31660,31670,10
13.0852899551,80.2843017578,31670,31700,30
13.0852899551,80.2843017578,31700,31710,10
13.0852804184,80.2841491699,31710,31720,10
13.0854597092,80.2837295532,31720,31740,20
13.0854597092,80.2837295532,31740,31750,10
13.0856895447,80.2835464478,31750,31761,11
13.0859298706,80.2835388184,31761,31771,10
13.0862197876,80.2835464478,31771,31781,10
13.0865497589,80.283821106,31781,31791,10
13.0868396759,80.2839736938,31791,31851,60
13.0868396759,80.2839736938,31851,31861,10
13.0870304108,80.2839736938,31861,31872,11
13.0872602463,80.2839736938,31872,31882,10
13.0877199173,80.2839736938,31882,32033,151
13.0877199173,80.2839736938,32033,32043,10
13.0881500244,80.2838821411,32043,32053,10
13.0882101059,80.2836608887,32053,32073,20
13.0882101059,80.2836608887,32073,32083,10
13.088350296,80.2832870483,32083,32094,11
13.0883197784,80.2829666138,32094,32104,10
13.0883197784,80.2826385498,32104,32114,10
13.0883197784,80.2824172974,32114,32124,10
13.0882701874,80.282043457,32124,32134,10
13.0881004333,80.2815170288,32134,32144,10
13.0884199142,80.2814407349,32144,32154,10
13.0885696411,80.2817993164,32154,32164,10
13.0884599686,80.2823486328,32164,32174,10
13.0883798599,80.2828292847,32174,32184,10
13.0883598328,80.2833023071,32184,32194,10
13.0883998871,80.2839736938,32194,32204,10
13.0884304047,80.2847137451,32204,32215,11
13.0884599686,80.2851333618,32215,32225,10
13.08852005,80.285697937,32225,32235,10
13.0885601044,80.2862930298,32235,32245,10
13.0885696411,80.2865982056,32245,32255,10
13.0886096954,80.2871704102,32255,32265,10
13.0886497498,80.2875366211,32265,32275,10
13.0886697769,80.287902832,32275,32285,10
13.0887203217,80.2885284424,32285,32295,10
13.0887699127,80.28881073,32295,32305,10
13.0888299942,80.2893295288,32305,32315,10
13.0888204575,80.2893676758,32315,32326,11
13.0888004303,80.2897720337,32326,32336,10
13.0888004303,80.2902297974,32336,32356,20
13.0888004303,80.2902297974,32356,32366,10
13.0887804031,80.2903594971,32366,32376,10
13.0886297226,80.2905273438,32376,32386,10
13.0882101059,80.2902374268,32386,32396,10
13.0874900818,80.2898712158,32396,32406,10
13.0866699219,80.2895507813,32406,32416,10
13.085729599,80.2892990112,32416,32426,10
13.0850095749,80.2890167236,32426,32437,11
13.0838804245,80.289100647,32437,32447,10
13.083029747,80.289100647,32447,32457,10
13.0823602676,80.2888870239,32457,32467,10
13.0821695328,80.288848877,32467,32477,10
13.0814599991,80.2885894775,32477,32487,10
13.0805101395,80.2882995605,32487,32497,10
13.0800504684,80.288192749,32497,32507,10
13.0799798965,80.2881698608,32507,32517,10
13.079460144,80.2880706787,32517,32527,10
13.0786104202,80.2877197266,32527,32537,10
13.0775003433,80.2874221802,32537,32548,11
13.0760803223,80.2870483398,32548,32558,10
13.0750904083,80.2865905762,32558,32568,10
13.0743999481,80.2861862183,32568,32578,10
13.0741701126,80.2861404419,32578,32588,10
13.0741100311,80.2861175537,32588,32598,10
13.073679924,80.2860031128,32598,32608,10
13.0728302002,80.2856369019,32608,32618,10
13.0718202591,80.2852401733,32618,32628,10
13.070599556,80.2849197388,32628,32638,10
13.0693597794,80.2846221924,32638,32648,10
13.0684099197,80.2844085693,32648,32658,10
13.06731987,80.2842025757,32658,32669,11
13.0661001205,80.2839279175,32669,32679,10
13.0652303696,80.2837295532,32679,32689,10
13.0645904541,80.2835998535,32689,32699,10
13.0641298294,80.283493042,32699,32709,10
13.0635995865,80.2833480835,32709,32719,10
13.0628595352,80.2831726074,32719,32729,10
13.0625200272,80.2830810547,32729,32739,10
13.0624799728,80.2830734253,32739,32749,10
13.0619897842,80.282951355,32749,32759,10
13.0611095428,80.2827301025,32759,32769,10
13.0603504181,80.2825698853,32769,32780,11
13.0594596863,80.2824172974,32780,32790,10
13.0586204529,80.2822494507,32790,32800,10
13.0579204559,80.2821121216,32800,32810,10
13.0572500229,80.2819824219,32810,32820,10
13.0567598343,80.2818832397,32820,32830,10
13.0567502975,80.2818832397,32830,32840,10
13.0565004349,80.281829834,32840,32850,10
13.0557804108,80.2816772461,32850,32860,10
13.0547399521,80.2814483643,32860,32870,10
13.0535697937,80.2812271118,32870,32879,9
13.0528497696,80.2811279297,32879,32891,12
13.0520401001,80.2810134888,32891,32901,10
13.0514202118,80.2808990479,32901,32911,10
13.0510997772,80.2808685303,32911,32921,10
13.0503196716,80.28074646,32921,32941,20
13.0503196716,80.28074646,32941,32951,10
13.0498895645,80.2806930542,32951,32961,10
13.0491104126,80.2805786133,32961,32971,10
13.0481300354,80.2804336548,32971,32981,10
13.0472097397,80.2802886963,32981,32991,10
13.0463399887,80.280166626,32991,33002,11
13.045800209,80.2801132202,33002,33012,10
13.0457201004,80.2801132202,33012,33022,10
13.045539856,80.2800827026,33022,33032,10
13.0450000763,80.2799987793,33032,33042,10
13.0444202423,80.2799224854,33042,33052,10
13.0439195633,80.279838562,33052,33062,10
13.0437402725,80.2798233032,33062,33072,10
13.0433101654,80.2797393799,33072,33082,10
13.0425701141,80.279548645,33082,33092,10
13.0416097641,80.2793884277,33092,33102,10
13.0407104492,80.2792282104,33102,33113,11
13.039899826,80.279006958,33113,33123,10
13.0393400192,80.2788391113,33123,33133,10
13.0390396118,80.2788314819,33133,33143,10
13.0389299393,80.278793335,33143,33153,10
13.0383901596,80.2786026001,33153,33163,10
13.0376901627,80.2783889771,33163,33173,10
13.0370798111,80.2781982422,33173,33183,10
13.03647995,80.277961731,33183,33193,10
13.035949707,80.2778167725,33193,33203,10
13.0354499817,80.2776870728,33203,33213,10
13.0348100662,80.2776031494,33213,33224,11
13.034239769,80.2774505615,33224,33234,10
13.0338201523,80.2773284912,33234,33244,10
13.033370018,80.2773666382,33244,33254,10
13.0329399109,80.2774429321,33254,33264,10
13.032500267,80.2774581909,33264,33274,10
13.0319900513,80.2775115967,33274,33284,10
13.0314598083,80.2775421143,33284,33294,10
13.0313301086,80.2774734497,33294,33304,10
13.031080246,80.2772903442,33304,33314,10
13.0309896469,80.2772216797,33314,33324,10
13.0306797028,80.2770233154,33324,33335,11
13.0299100876,80.2767028809,33335,33345,10
13.0291099548,80.2765197754,33345,33355,10
13.0284204483,80.2762374878,33355,33365,10
13.0276403427,80.2758712769,33365,33375,10
13.0268602371,80.2755432129,33375,33385,10
13.026550293,80.2754211426,33385,33395,10
13.0261201859,80.2752304077,33395,33415,20
13.0261201859,80.2752304077,33415,33425,10
13.0257396698,80.2750473022,33425,33435,10
13.0252199173,80.274810791,33435,33445,10
13.024720192,80.2745819092,33445,33456,11
13.0244998932,80.2744293213,33456,33466,10
13.0243301392,80.2742614746,33466,33476,10
13.0239896774,80.2738265991,33476,33486,10
13.0235204697,80.2732009888,33486,33496,10
13.0229797363,80.2724685669,33496,33506,10
13.0223999023,80.2717208862,33506,33516,10
13.0218496323,80.2710037231,33516,33526,10
13.0213699341,80.2704162598,33526,33535,9
13.0211496353,80.2701416016,33535,33546,11
13.0209598541,80.2698898315,33546,33556,10
13.0209503174,80.2698822021,33556,33567,11
13.0208501816,80.26978302,33567,33577,10
13.0205497742,80.2693786621,33577,33587,10
13.0201196671,80.2688064575,33587,33597,10
13.0195503235,80.268119812,33597,33607,10
13.019080162,80.267578125,33607,33617,10
13.0189800262,80.2674789429,33617,33627,10
13.0187797546,80.2671127319,33627,33637,10
13.0186595917,80.2664413452,33637,33647,10
13.0186595917,80.2658004761,33647,33657,10
13.0188798904,80.2649765015,33657,33667,10
13.0190601349,80.2642364502,33667,33678,11
13.018989563,80.263458252,33678,33688,10
13.0188903809,80.2630004883,33688,33698,10
13.0188903809,80.2628631592,33698,33708,10
13.0188398361,80.2622680664,33708,33718,10
13.0187397003,80.2615737915,33718,33728,10
13.0183200836,80.2610931396,33728,33738,10
13.0176401138,80.2606430054,33738,33748,10
13.0169200897,80.2601394653,33748,33758,10
13.0162401199,80.2597732544,33758,33768,10
13.0160999298,80.2596969604,33768,33778,10
13.0159597397,80.2596206665,33778,33789,11
13.015250206,80.2593765259,33789,33799,10
13.0143499374,80.2593002319,33799,33809,10
13.013299942,80.259262085,33809,33819,10
13.0122404099,80.2592086792,33819,33829,10
13.0112695694,80.2591934204,33829,33839,10
13.0103597641,80.2592086792,33839,33849,10
13.0094900131,80.2592086792,33849,33859,10
13.0088300705,80.2591781616,33859,33869,10
13.0085000992,80.2591171265,33869,33879,10
13.0078496933,80.2592391968,33879,33889,10
13.0073604584,80.2597198486,33889,33899,10
13.0071897507,80.2601470947,33899,33910,11
13.0072202682,80.2602996826,33910,33920,10
13.0072698593,80.2605895996,33920,33930,10
13.0073699951,80.2610473633,33930,33940,10
13.0074100494,80.2612304688,33940,33950,10
13.0074996948,80.2615890503,33950,33960,10
13.0076198578,80.2621765137,33960,33970,10
13.0077199936,80.2625808716,33970,33980,10
13.0078601837,80.2631378174,33980,33990,10
13.0079803467,80.263923645,33990,34000,10
13.0078897476,80.2649002075,34000,34010,10
13.0077199936,80.2658462524,34010,34021,11
13.0075597763,80.2665176392,34021,34031,10
13.0073003769,80.2675323486,34031,34041,10
13.0070400238,80.2685623169,34041,34051,10
13.0068702698,80.2696304321,34051,34061,10
13.0063199997,80.2704467773,34061,34071,10
13.0054502487,80.2699890137,34071,34081,10
13.0045700073,80.2694168091,34081,34091,10
13.0038003922,80.2689590454,34091,34101,10
13.0032901764,80.2687301636,34101,34111,10
13.0032100677,80.2686920166,34111,34121,10
13.0028400421,80.2684402466,34121,34132,11
13.0021696091,80.2679824829,34132,34142,10
13.0015201569,80.267578125,34142,34152,10
13.0010900497,80.267288208,34152,34162,10
13.0009899139,80.2672424316,34162,34172,10
13.0006799698,80.2670135498,34172,34182,10
13.0000801086,80.2668762207,34182,34192,10
12.999250412,80.2670974731,34192,34202,10
12.9984302521,80.267326355,34202,34212,10
12.9976797104,80.267539978,34212,34222,10
12.997179985,80.2677001953,34222,34232,10
12.9966602325,80.2677764893,34232,34243,11
12.9961099625,80.2677383423,34243,34253,10
12.9956903458,80.2675018311,34253,34273,20
12.9956903458,80.2675018311,34273,34283,10
12.9956903458,80.2672576904,34283,34293,10
12.995759964,80.2668075562,34293,34303,10
12.9958200455,80.2661972046,34303,34313,10
12.9959096909,80.2655029297,34313,34323,10
12.9959897995,80.2648391724,34323,34333,10
12.9960803986,80.2641372681,34333,34343,10
12.9961395264,80.2634811401,34343,34354,11
12.9962396622,80.2627182007,34354,34384,30
12.9962396622,80.2627182007,34384,34394,10
12.9962797165,80.2624816895,34394,34404,10
12.9963102341,80.2623291016,34404,34414,10
12.9963197708,80.2622909546,34414,34424,10
12.9963598251,80.2619628906,34424,34434,10
12.9963998795,80.2615280151,34434,34444,10
12.9964599609,80.2608413696,34444,34454,10
12.9965400696,80.2602005005,34454,34465,11
12.9965801239,80.2596206665,34465,34475,10
12.9966001511,80.2594909668,34475,34485,10
12.9966201782,80.2591323853,34485,34495,10
12.9966897964,80.2585372925,34495,34505,10
12.9967699051,80.2577514648,34505,34515,10
12.9968595505,80.2570037842,34515,34524,9
12.9968795776,80.2565078735,34524,34576,52
12.9968795776,80.2565078735,34576,34586,10
12.9968795776,80.2562103271,34586,34596,10
12.9968900681,80.2556762695,34596,34606,10
12.9968500137,80.2550125122,34606,34616,10
12.9965896606,80.2543411255,34616,34626,10
12.9961395264,80.253868103,34626,34636,10
12.9954395294,80.2532424927,34636,34646,10
12.9950704575,80.2526397705,34646,34656,10
12.9945802689,80.2525405884,34656,34676,20
12.9945802689,80.2525405884,34676,34687,11
12.9940900803,80.2526779175,34687,34697,10
12.9937000275,80.2528991699,34697,34707,10
12.9932403564,80.2529983521,34707,34717,10
12.9928398132,80.2530288696,34717,34727,10
12.9926300049,80.253036499,34727,34737,10
12.9922199249,80.2530822754,34737,34747,10
12.9917697906,80.253288269,34747,34757,10
12.9913597107,80.2535400391,34757,34767,10
12.9910402298,80.2540206909,34767,34777,10
12.9908704758,80.2548828125,34777,34798,21
12.9908704758,80.2548828125,34798,34808,10
12.9908399582,80.255317688,34808,34818,10
12.990819931,80.2557220459,34818,34828,10
12.9906902313,80.2559967041,34828,34838,10
12.9904603958,80.2559967041,34838,34848,10
12.9900398254,80.256072998,34848,34858,10
12.9893302917,80.256072998,34858,34888,30
12.9893302917,80.256072998,34888,34898,10
12.9891300201,80.2560195923,34898,34949,51
12.9891300201,80.2560195923,34949,34959,10
12.9889097214,80.2560195923,34959,34969,10
12.9885997772,80.2559967041,34969,34979,10
12.9883403778,80.2559661865,34979,34989,10
12.9879703522,80.2559280396,34989,34999,10
12.987660408,80.2561187744,34999,35009,10
12.9876298904,80.2564697266,35009,35019,10
12.9876003265,80.2568283081,35019,35030,11
12.9875297546,80.2575836182,35030,35040,10
12.9874696732,80.2583618164,35040,35050,10
12.9874095917,80.2590103149,35050,35060,10
12.9872999191,80.2593917847,35060,35080,20
12.9872999191,80.2593917847,35080,35090,10
12.9872198105,80.2595825195,35090,35100,10
12.9870300293,80.2595825195,35100,35110,10
12.9867601395,80.2595291138,35110,35120,10
12.9866399765,80.2591934204,35120,35141,21
12.9866399765,80.2591934204,35141,35151,10
12.9868803024,80.2590103149,35151,35837,686
12.9868803024,80.2590103149,35837,35847,10
12.9872102737,80.2591094971,35847,35857,10
12.9873800278,80.2590484619,35857,35867,10
12.9874095917,80.2589797974,35867,35877,10
12.9874200821,80.2587203979,35877,35887,10
12.9874296188,80.2585296631,35887,35897,10
12.9874401093,80.2582626343,35897,35907,10
12.9874601364,80.258140564,35907,35917,10
12.9874696732,80.2578125,35917,35927,10
12.9875001907,80.2570495605,35927,35968,41
12.9875001907,80.2570495605,35968,35978,10
12.9874801636,80.2569198608,35978,35988,10
12.9875202179,80.2565765381,35988,35998,10
12.9875497818,80.2560806274,35998,36008,10
12.9875802994,80.2557830811,36008,36018,10
12.9877195358,80.2556762695,36018,36028,10
12.9879302979,80.2557296753,36028,36069,41
12.9879302979,80.2557296753,36069,36079,10
12.9882802963,80.2558288574,36079,36089,10
12.9885396957,80.255859375,36089,36099,10
12.9887695313,80.2558822632,36099,36109,10
12.9888601303,80.2558822632,36109,36119,10
12.9893503189,80.2559204102,36119,36129,10
12.989979744,80.2559585571,36129,36139,10
12.9904899597,80.2558898926,36139,36149,10
12.9907398224,80.2556686401,36149,36160,11
12.9907598495,80.254989624,36160,36170,10
12.9907903671,80.2542114258,36170,36180,10
12.9912595749,80.2534790039,36180,36190,10
12.9919300079,80.2530670166,36190,36200,10
12.9925403595,80.2529602051,36200,36210,10
12.9931001663,80.2529220581,36210,36220,10
12.9936800003,80.252746582,36220,36230,10
12.9942502975,80.2525863647,36230,36240,10
12.9947900772,80.252456665,36240,36250,10
12.9951000214,80.252456665,36250,36260,10
12.9951696396,80.2528305054,36260,36271,11
12.9951696396,80.2528381348,36271,36281,10
12.995470047,80.2531967163,36281,36291,10
12.9959802628,80.2537231445,36291,36301,10
12.9965400696,80.2542877197,36301,36311,10
12.9968795776,80.2554321289,36311,36341,30
12.9968795776,80.2554321289,36341,36351,10
12.9969701767,80.2557678223,36351,36361,10
12.9969501495,80.2561035156,36361,36371,10
12.996919632,80.2564086914,36371,36381,10
12.9968900681,80.256652832,36381,36392,11
12.9968900681,80.2566604614,36392,36402,10
12.9968595505,80.2568969727,36402,36418,16
12.9967403412,80.2579421997,36418,36430,12
12.9966497421,80.2587585449,36430,36440,10
12.9965896606,80.259262085,36440,36450,10
12.9965600967,80.2596588135,36450,36460,10
12.9964895248,80.260383606,36460,36470,10
12.9964199066,80.2610397339,36470,36480,10
12.9963302612,80.2619018555,36480,36490,10
12.9962596893,80.2623596191,36490,36500,10
12.9962396622,80.2624130249,36500,36511,11
12.9961900711,80.2627716064,36511,36521,10
12.9961204529,80.263458252,36521,36531,10
12.9960098267,80.2644500732,36531,36541,10
12.9958896637,80.2654571533,36541,36551,10
12.9957895279,80.2665405273,36551,36561,10
12.9956998825,80.2674331665,36561,36571,10
12.9960298538,80.2676773071,36571,36581,10
12.9961004257,80.2676925659,36581,36591,10
12.9963302612,80.2677230835,36591,36601,10
12.9968900681,80.2677001953,36601,36612,11
12.997590065,80.267539978,36612,36622,10
12.9983701706,80.2673416138,36622,36632,10
12.9991998672,80.2670898438,36632,36642,10
12.9999704361,80.2668228149,36642,36652,10
13.0005197525,80.2669525146,36652,36662,10
13.0008802414,80.2671966553,36662,36672,10
13.0010595322,80.2673034668,36672,36682,10
13.001159668,80.2673797607,36682,36692,10
13.0016298294,80.2676696777,36692,36702,10
13.0022602081,80.2680664063,36702,36712,10
13.0029802322,80.2685089111,36712,36723,11
13.0034103394,80.2687530518,36723,36733,10
13.0034303665,80.2687606812,36733,36743,10
13.0037603378,80.2689971924,36743,36753,10
13.0043802261,80.2693862915,36753,36763,10
13.0051803589,80.269859314,36763,36773,10
13.005979538,80.2703323364,36773,36783,10
13.0066795349,80.2702484131,36783,36793,10
13.0069904327,80.2694702148,36793,36803,10
13.007109642,80.2685623169,36803,36813,10
13.0073404312,80.2676010132,36813,36823,10
13.0075502396,80.2668609619,36823,36833,10
13.0076704025,80.2663574219,36833,36844,11
13.0077600479,80.2658920288,36844,36854,10
13.007900238,80.2651824951,36854,36864,10
13.0080404282,80.2644195557,36864,36874,10
13.0079698563,80.2637863159,36874,36884,10
13.0078401566,80.2631378174,36884,36894,10
13.0077400208,80.2627410889,36894,36904,10
13.0075798035,80.2621002197,36904,36914,10
13.0074100494,80.2615432739,36914,36924,10
13.007399559,80.2614822388,36924,36934,10
13.0073003769,80.2610702515,36934,36944,10
13.007229805,80.2606887817,36944,36955,11
13.0071601868,80.2602310181,36955,36965,10
13.0072698593,80.2595596313,36965,36975,10
13.0072603226,80.2589874268,36975,36985,10
13.0077295303,80.2587738037,36985,36995,10
13.0083599091,80.2589569092,36995,37005,10
13.0084896088,80.2590026855,37005,37015,10
13.0087203979,80.2590866089,37015,37024,9
13.0092897415,80.2590866089,37024,37035,11
13.010219574,80.2590866089,37035,37045,10
13.011179924,80.2590789795,37045,37055,10
13.012169838,80.2590866089,37055,37066,11
13.0133399963,80.2591400146,37066,37076,10
13.0143404007,80.2591705322,37076,37086,10
13.0152797699,80.2592163086,37086,37096,10
13.0160198212,80.2594299316,37096,37106,10
13.0163402557,80.2596206665,37106,37116,10
13.0164203644,80.2596817017,37116,37126,10
13.016699791,80.2599105835,37126,37136,10
13.0170402527,80.2601470947,37136,37146,10
13.017539978,80.2604980469,37146,37156,10
13.0180597305,80.2608566284,37156,37166,10
13.0186395645,80.2612686157,37166,37177,11
13.0192403793,80.2617797852,37177,37187,10
13.0197601318,80.2623519897,37187,37197,10
13.0202798843,80.2628097534,37197,37207,10
13.0200595856,80.2630081177,37207,37217,10
13.0194101334,80.2629623413,37217,37227,10
13.0190696716,80.2631072998,37227,37237,10
13.0191297531,80.2637481689,37237,37247,10
13.0191602707,80.263961792,37247,37257,10
13.0190896988,80.2644271851,37257,37267,10
13.0188798904,80.2651519775,37267,37277,10
13.0187501907,80.265586853,37277,37288,11
13.018699646,80.2665328979,37288,37298,10
13.019080162,80.2675170898,37298,37308,10
13.0195999146,80.2682037354,37308,37318,10
13.0200595856,80.2688217163,37318,37328,10
13.0206604004,80.2695617676,37328,37338,10
13.0212402344,80.2702407837,37338,37348,10
13.0215301514,80.2705688477,37348,37358,10
13.0216398239,80.2707138062,37358,37368,10
13.02202034,80.2712020874,37368,37378,10
13.0225296021,80.2718811035,37378,37388,10
13.0230102539,80.2725219727,37388,37399,11
13.0232000351,80.2727890015,37399,37409,10
13.0234804153,80.2731628418,37409,37419,10
13.0236997604,80.2734527588,37419,37469,50
13.0236997604,80.2734527588,37469,37479,10
13.023900032,80.273727417,37479,37489,10
13.0241804123,80.2741088867,37489,37499,10
13.0244703293,80.2744903564,37499,37510,11
13.0250797272,80.2747879028,37510,37520,10
13.0254201889,80.2749328613,37520,37560,40
13.0254201889,80.2749328613,37560,37570,10
13.0258798599,80.2751235962,37570,37580,10
13.026140213,80.2752380371,37580,37610,30
13.026140213,80.2752380371,37610,37620,10
13.0263700485,80.2753677368,37620,37631,11
13.0265903473,80.2754592896,37631,37661,30
13.0265903473,80.2754592896,37661,37671,10
13.0267496109,80.2755203247,37671,37681,10
13.0269804001,80.2756271362,37681,37863,182
13.0269804001,80.2756271362,37863,37873,10
13.0274200439,80.2758636475,37873,37893,20
13.0274200439,80.2758636475,37893,37903,10
13.0276498795,80.2759475708,37903,37913,10
13.0279102325,80.2760620117,37913,37923,10
13.0283899307,80.276222229,37923,37943,20
13.0283899307,80.276222229,37943,37953,10
13.0286998749,80.2763824463,37953,37964,11
13.0292797089,80.2765579224,37964,37974,10
13.0298099518,80.2766799927,37974,38004,30
13.0298099518,80.2766799927,38004,38014,10
13.030380249,80.2769088745,38014,38024,10
13.0307302475,80.27709198,38024,38034,10
13.0309495926,80.2772369385,38034,38044,10
13.0312795639,80.2774505615,38044,38054,10
13.0315799713,80.2775421143,38054,38064,10
13.0320501328,80.2775115967,38064,38080,16
13.03262043,80.2774505615,38080,38093,13
13.0328598022,80.2774581909,38093,38103,10
13.0335302353,80.27734375,38103,38113,10
13.0342998505,80.2774963379,38113,38123,10
13.0350198746,80.2776184082,38123,38132,9
13.0353603363,80.2776794434,38132,38143,11
13.0357198715,80.2777709961,38143,38153,10
13.0365400314,80.2779922485,38153,38163,10
13.0376996994,80.2783203125,38163,38173,10
13.0386199951,80.2785873413,38173,38183,10
13.0389299393,80.278678894,38183,38194,11
13.0390796661,80.2787399292,38194,38204,10
13.039440155,80.2788619995,38204,38214,10
13.0401000977,80.2790603638,38214,38224,10
13.0410299301,80.2793197632,38224,38234,10
13.042140007,80.2794723511,38234,38244,10
13.0428600311,80.2795410156,38244,38254,10
13.0430803299,80.2795715332,38254,38264,10
13.0434598923,80.2796630859,38264,38274,10
13.0441799164,80.2798461914,38274,38284,10
13.0450801849,80.2799835205,38284,38294,10
13.0457000732,80.2800521851,38294,38305,11
13.0457801819,80.2800674438,38305,38315,10
13.0461702347,80.280128479,38315,38325,10
13.0468797684,80.2802200317,38325,38335,10
13.0478096008,80.2803573608,38335,38345,10
13.0486698151,80.2804794312,38345,38355,10
13.0491399765,80.2805404663,38355,38365,10
13.0492401123,80.2805480957,38365,38375,10
13.0496997833,80.280632019,38375,38385,10
13.0502996445,80.280708313,38385,38395,10
13.0505895615,80.28074646,38395,38405,10
13.0509395599,80.2808074951,38405,38416,11
13.0518503189,80.2809371948,38416,38426,10
13.0527200699,80.2810897827,38426,38436,10
13.0537395477,80.2812576294,38436,38446,10
13.0547304153,80.2814178467,38446,38456,10
13.0553798676,80.2815322876,38456,38466,10
13.0558900833,80.2816390991,38466,38476,10
13.0564098358,80.28175354,38476,38486,10
13.0565099716,80.2817687988,38486,38496,10
13.0568704605,80.2818527222,38496,38506,10
13.0573501587,80.2819366455,38506,38547,41
13.0573501587,80.2819366455,38547,38557,10
13.0576095581,80.2820205688,38557,38567,10
13.0583400726,80.2821731567,38567,38576,9
13.059220314,80.2823562622,38576,38587,11
13.060259819,80.2825622559,38587,38597,10
13.0612401962,80.2827529907,38597,38607,10
13.0620803833,80.2829208374,38607,38617,10
13.0626401901,80.2830200195,38617,38627,10
13.0630702972,80.2831115723,38627,38637,10
13.0630998611,80.2831268311,38637,38648,11
13.0631999969,80.2831802368,38648,38658,10
13.0632896423,80.2832183838,38658,38668,10
13.0637598038,80.2833175659,38668,38678,10
13.0644903183,80.2834777832,38678,38688,10
13.0654802322,80.2836914063,38688,38698,10
13.0665597916,80.2839126587,38698,38708,10
13.067489624,80.2841262817,38708,38718,10
13.0684404373,80.2843170166,38718,38728,10
13.0693702698,80.2845611572,38728,38738,10
13.0703802109,80.2848434448,38738,38748,10
13.0714597702,80.2851104736,38748,38759,11
13.0726804733,80.2853088379,38759,38769,10
13.07351017,80.2853164673,38769,38779,10
13.0740499496,80.2856674194,38779,38789,10
13.0744600296,80.2861022949,38789,38799,10
13.0746803284,80.2862167358,38799,38809,10
13.0747404099,80.286277771,38809,38819,10
13.0753602982,80.2866821289,38819,38829,10
13.0762395859,80.2870483398,38829,38839,10
13.0773000717,80.2873306274,38839,38849,10
13.0783700943,80.2875976563,38849,38859,10
13.0792999268,80.2879333496,38859,38870,11
13.0802001953,80.2880783081,38870,38880,10
13.0804300308,80.2881393433,38880,38890,10
13.0805997849,80.2882080078,38890,38900,10
13.0812501907,80.2884368896,38900,38910,10
13.0820503235,80.2887268066,38910,38920,10
13.0829200745,80.2891235352,38920,38930,10
13.0839099884,80.2891693115,38930,38940,10
13.0847196579,80.2891464233,38940,38950,10
13.0860500336,80.2893218994,38950,38960,10
13.0871200562,80.2896194458,38960,38970,10
13.087770462,80.2899017334,38970,38981,11
13.0881996155,80.2900619507,38981,38991,10
13.0885601044,80.2901229858,38991,39011,20
13.0885601044,80.2901229858,39011,39021,10
13.0887002945,80.2901306152,39021,39051,30
13.0887002945,80.2901306152,39051,39061,10
13.088809967,80.2902069092,39061,39071,10
13.0888299942,80.2903594971,39071,39081,10
13.0884103775,80.2902679443,39081,39091,10
13.0877504349,80.2900085449,39091,39102,11
13.0872097015,80.2898178101,39102,39112,10
13.0864896774,80.2896194458,39112,39122,10
13.0857696533,80.2894210815,39122,39132,10
13.0853700638,80.2887802124,39132,39142,10
13.0851297379,80.2878723145,39142,39152,10
13.0851602554,80.2870025635,39152,39162,10
13.0852298737,80.2861404419,39162,39172,10
13.0853204727,80.2852706909,39172,39182,10
13.0853204727,80.2845306396,39182,39192,10
13.0852899551,80.2840423584,39192,39202,10
13.0854196548,80.2837677002,39202,39213,11
13.0855703354,80.2835464478,39213,39223,10
13.0859098434,80.2835235596,39223,39233,10
13.0863304138,80.2835693359,39233,39243,10
13.0868797302,80.2839508057,39243,39263,20
13.0869703293,80.2839431763,39263,39283,20
13.0869703293,80.2839431763,39283,39293,10
13.0868797302,80.2839889526,39293,39624,331
13.086810112,80.2838592529,39624,39796,172
13.086810112,80.2838592529,39796,39806,10
13.0869398117,80.2837982178,39806,39816,10
13.0871200562,80.2838287354,39816,39826,10
13.0873403549,80.2838668823,39826,39947,121
13.0873403549,80.2838668823,39947,39957,10
13.0875301361,80.2840499878,39957,39967,10
13.0876903534,80.2840270996,39967,39977,10
13.0879898071,80.2840194702,39977,39997,20
13.0879898071,80.2840194702,39997,40008,11
13.0881299973,80.2837600708,40008,40078,70
13.0881299973,80.2837600708,40078,40088,10
13.0883102417,80.2834396362,40088,40098,10
13.0882997513,80.2833328247,40098,40108,10
13.0883102417,80.2831497192,40108,40119,11
13.0883197784,80.2828674316,40119,40129,10
13.0883197784,80.2825927734,40129,40139,10
13.0882797241,80.2822723389,40139,40149,10
13.0881700516,80.2817993164,40149,40159,10
13.0881004333,80.2815093994,40159,40169,10
13.0884199142,80.2814788818,40169,40179,10
13.08852005,80.2818069458,40179,40189,10
13.0884304047,80.2822799683,40189,40199,10
13.0883703232,80.282623291,40199,40209,10
13.0883302689,80.2830963135,40209,40219,10
13.088350296,80.2834777832,40219,40230,11
13.0883703232,80.2839736938,40230,40240,10
13.0883798599,80.2844085693,40240,40250,10
13.0884103775,80.2847824097,40250,40300,50
13.0884103775,80.2847824097,40300,40310,10
13.0883998871,80.2848587036,40310,40320,10
13.0884199142,80.2850418091,40320,40330,10
13.0884199142,80.2853164673,40330,40341,11
13.0884399414,80.2855377197,40341,40351,10
13.088470459,80.2856903076,40351,40361,10
13.0885000229,80.2861404419,40361,40371,10
13.08852005,80.2864837646,40371,40381,10
13.0885400772,80.2869262695,40381,40391,10
13.0885696411,80.2874069214,40391,40401,10
13.0886001587,80.287651062,40401,40411,10
13.088640213,80.2881622314,40411,40421,10
13.0886697769,80.2884902954,40421,40431,10
13.0886898041,80.2887268066,40431,40441,10
13.0887804031,80.2891921997,40441,40451,10
13.088809967,80.2893371582,40451,40462,11
13.0887899399,80.2894821167,40462,40472,10
13.0887899399,80.2899017334,40472,40482,10
13.0888299942,80.2900695801,40482,40542,60
13.0888299942,80.2900695801,40542,40552,10
13.0887298584,80.2904205322,40552,40562,10
13.0884599686,80.2903671265,40562,40573,11
13.0877399445,80.2900238037,40573,40583,10
13.086930275,80.2896728516,40583,40593,10
13.0859603882,80.2893829346,40593,40603,10
13.0850801468,80.2891769409,40603,40612,9
13.0841999054,80.2891998291,40612,40623,11
13.0833597183,80.2892303467,40623,40633,10
13.0825195313,80.2890472412,40633,40643,10
13.0822200775,80.2889404297,40643,40653,10
13.0817804337,80.2887420654,40653,40663,10
13.0808801651,80.2884521484,40663,40673,10
13.0802497864,80.2882614136,40673,40684,11
13.0800104141,80.2882232666,40684,40694,10
13.0797700882,80.2881774902,40694,40704,10
13.0790596008,80.2879714966,40704,40714,10
13.0780696869,80.2876205444,40714,40724,10
13.0768404007,80.2872772217,40724,40734,10
13.0755701065,80.2869186401,40734,40744,10
13.0747003555,80.2863998413,40744,40754,10
13.0741100311,80.2861709595,40754,40764,10
13.0740804672,80.2861633301,40764,40774,10
13.0737304688,80.2860794067,40774,40784,10
13.0729198456,80.2857284546,40784,40795,11
13.071680069,80.2852478027,40795,40804,9
13.0705499649,80.2849502563,40804,40815,11
13.0693302155,80.2846832275,40815,40825,10
13.0683898926,80.2844696045,40825,40835,10
13.0675601959,80.2843322754,40835,40845,10
13.0665302277,80.2840881348,40845,40855,10
13.0654802322,80.2838516235,40855,40865,10
13.0645503998,80.2836532593,40865,40875,10
13.0636796951,80.2834320068,40875,40885,10
13.0625200272,80.2831573486,40885,40905,20
13.0625200272,80.2831573486,40905,40916,11
13.0623998642,80.2831497192,40916,40926,10
13.0618200302,80.2829971313,40926,40936,10
13.0608997345,80.2827682495,40936,40946,10
13.0598297119,80.2825622559,40946,40956,10
13.0588102341,80.2823486328,40956,40966,10
13.0578699112,80.2821502686,40966,40976,10
13.057510376,80.2820663452,40976,40986,10
13.05671978,80.2819366455,40986,41006,20
13.05671978,80.2819366455,41006,41016,10
13.0563697815,80.2818527222,41016,41027,11
13.0553703308,80.2816390991,41027,41037,10
13.0541200638,80.2813796997,41037,41047,10
13.0529203415,80.2811813354,41047,41057,10
13.0519104004,80.2810287476,41057,41067,10
13.0512599945,80.2809524536,41067,41077,10
13.0509901047,80.2808990479,41077,41087,10
13.0504999161,80.2808380127,41087,41097,10
13.050359726,80.2808227539,41097,41113,16
13.0496702194,80.2807235718,41113,41125,12
13.0486698151,80.2805633545,41125,41132,7
13.0479602814,80.280456543,41132,41147,15
13.0463895798,80.2802429199,41147,41157,10
13.0457296371,80.280166626,41157,41167,10
13.0457000732,80.2801589966,41167,41177,10
13.0452804565,80.2801132202,41177,41187,10
13.0444202423,80.2799835205,41187,41197,10
13.0434799194,80.279838562,41197,41207,10
13.0424699783,80.279586792,41207,41217,10
13.041270256,80.2794036865,41217,41227,10
13.0402402878,80.2791671753,41227,41237,10
13.0394601822,80.2789916992,41237,41250,13
13.0389995575,80.2788619995,41250,41262,12
13.0388402939,80.2788009644,41262,41272,10
13.0382003784,80.2785797119,41272,41282,10
13.0374498367,80.2783508301,41282,41292,10
13.0367898941,80.2781219482,41292,41302,10
13.0361099243,80.2778701782,41302,41312,10
13.035369873,80.2777709961,41312,41322,10
13.0348396301,80.2776565552,41322,41332,10
13.0344896317,80.2775878906,41332,41404,72
13.0344896317,80.2775878906,41404,41414,10
13.0341396332,80.2774581909,41414,41424,10
13.0339603424,80.2774200439,41424,41434,10
13.0332603455,80.2774581909,41434,41455,21
13.0332603455,80.2774581909,41455,41465,10
13.0328998566,80.2775115967,41465,41475,10
13.0325098038,80.2775268555,41475,41485,10
13.0319595337,80.2776031494,41485,41496,11
13.0313196182,80.2774963379,41496,41506,10
13.0310602188,80.2773590088,41506,41516,10
13.030960083,80.2772979736,41516,41526,10
13.0307998657,80.2772216797,41526,41536,10
13.0303201675,80.2769393921,41536,41546,10
13.0296297073,80.2767181396,41546,41556,10
13.0288200378,80.2765197754,41556,41566,10
13.0280399323,80.2762298584,41566,41576,10
13.0272903442,80.2758102417,41576,41586,10
13.0265398026,80.2754592896,41586,41596,10
13.0260696411,80.2752838135,41596,41607,11
13.0260696411,80.2752685547,41607,41617,10
13.0256795883,80.2750930786,41617,41627,10
13.0250396729,80.2748031616,41627,41637,10
13.0246496201,80.2745819092,41637,41647,10
13.0246400833,80.2745819092,41647,41657,10
13.0245704651,80.2744903564,41657,41667,10
13.0242204666,80.274230957,41667,41677,10
13.0237798691,80.2736587524,41677,41687,10
13.0232000351,80.2728500366,41687,41697,10
13.0226402283,80.272102356,41697,41708,11
13.0221700668,80.2714767456,41708,41718,10
13.0216703415,80.2708435059,41718,41728,10
13.0211400986,80.2702102661,41728,41738,10
13.0208902359,80.2699127197,41738,41748,10
13.0208301544,80.2698135376,41748,41758,10
13.0205402374,80.2694702148,41758,41768,10
13.0201396942,80.2689971924,41768,41778,10
13.0195999146,80.2683868408,41778,41788,10
13.0192203522,80.267906189,41788,41798,10
13.0187702179,80.2671966553,41798,41808,10
13.0186595917,80.266418457,41808,41819,11
13.0187301636,80.2656478882,41819,41829,10
13.0189695358,80.2647476196,41829,41839,10
13.0190696716,80.2638931274,41839,41849,10
13.0190200806,80.2634811401,41849,41859,10
13.0189304352,80.2630233765,41859,41869,10
13.0189304352,80.2629470825,41869,41879,10
13.0188999176,80.2626266479,41879,41889,10
13.0188503265,80.2622680664,41889,41899,10
13.0188398361,80.2621536255,41899,41909,10
13.0187597275,80.2617111206,41909,41919,10
13.0183897018,80.2611694336,41919,41929,10
13.0177602768,80.2607498169,41929,41940,11
13.0169801712,80.2602081299,41940,41950,10
13.0162601471,80.2597885132,41950,41960,10
13.0160999298,80.2597198486,41960,41970,10
13.0159196854,80.2596282959,41970,41980,10
13.0152797699,80.2593994141,41980,41990,10
13.0143299103,80.2593002319,41990,42000,10
13.0131998062,80.259262085,42000,42010,10
13.0120897293,80.2592086792,42010,42020,10
13.0111503601,80.2591934204,42020,42030,10
13.0102596283,80.2592163086,42030,42040,10
13.0093698502,80.2592010498,42040,42051,11
13.0088195801,80.2591781616,42051,42061,10
13.0084295273,80.2591705322,42061,42071,10
13.0077800751,80.2593231201,42071,42081,10
13.0073604584,80.2597122192,42081,42091,10
13.0072698593,80.2604064941,42091,42101,10
13.007349968,80.2610168457,42101,42111,10
13.0074396133,80.2613296509,42111,42121,10
13.0074300766,80.2614517212,42121,42131,10
13.0075597763,80.2619094849,42131,42141,10
13.0077600479,80.2626419067,42141,42151,10
13.0078496933,80.2630615234,42151,42162,11
13.008020401,80.2637176514,42162,42172,10
13.0080499649,80.2645263672,42172,42182,10
13.0078401566,80.2656402588,42182,42192,10
13.0076799393,80.2663726807,42192,42202,10
13.0074996948,80.2671127319,42202,42212,10
13.0071201324,80.2678604126,42212,42222,10
13.0068502426,80.2689819336,42222,42232,10
13.0065402985,80.2702407837,42232,42242,10
13.0056295395,80.2701187134,42242,42252,10
13.00481987,80.2695922852,42252,42262,10
13.0040102005,80.2691726685,42262,42272,10
13.003490448,80.2688674927,42272,42283,11
13.003370285,80.2688217163,42283,42293,10
13.0030202866,80.2686386108,42293,42303,10
13.0023899078,80.2682189941,42303,42313,10
13.0017404556,80.2677612305,42313,42323,10
13.0012397766,80.2674179077,42323,42343,20
13.0012397766,80.2674179077,42343,42353,10
13.0003795624,80.2670516968,42353,42363,10
12.9995803833,80.2671508789,42363,42373,10
12.9986896515,80.2673416138,42373,42383,10
12.9979600906,80.2675094604,42383,42394,11
12.9972200394,80.2677001953,42394,42404,10
12.996720314,80.267791748,42404,42414,10
12.9961595535,80.2677612305,42414,42424,10
12.9957799911,80.2676925659,42424,42434,10
12.9957399368,80.2673187256,42434,42444,10
12.9957399368,80.2673110962,42444,42454,10
12.9957704544,80.2669906616,42454,42464,10
12.9958295822,80.2663421631,42464,42474,10
12.995929718,80.2656478882,42474,42484,10
12.9960403442,80.2650299072,42484,42494,10
12.9960699081,80.2646331787,42494,42505,11
12.9961996078,80.2637863159,42505,42515,10
12.9962596893,80.2627868652,42515,42535,20
12.9962596893,80.2627868652,42535,42545,10
12.9962797165,80.2626419067,42545,42555,10
12.996339798,80.262260437,42555,42565,10
12.9963598251,80.2619400024,42565,42575,10
12.996430397,80.2612762451,42575,42585,10
12.996509552,80.2603378296,42585,42595,10
12.9965600967,80.2596817017,42595,42605,10
12.9966001511,80.2592010498,42605,42616,11
12.9967098236,80.2583236694,42616,42626,10
12.9968099594,80.2574462891,42626,42636,10
12.9968700409,80.2568283081,42636,42646,10
12.9968996048,80.2563781738,42646,42656,10
12.996919632,80.255897522,42656,42666,10
12.9968795776,80.2553787231,42666,42676,10
12.9967699051,80.2545471191,42676,42686,10
12.996219635,80.2539672852,42686,42696,10
12.9957399368,80.2535629272,42696,42706,10
12.9954795837,80.2533798218,42706,42716,10
12.9951000214,80.2527770996,42716,42732,16
12.9945201874,80.252571106,42732,42745,13
12.9944200516,80.2526016235,42745,42755,10
12.993929863,80.2527008057,42755,42765,10
12.9933700562,80.2528381348,42765,42775,10
12.9928197861,80.2529220581,42775,42785,10
12.9923000336,80.2529602051,42785,42795,10
12.9915800095,80.2532196045,42795,42805,10
12.9910497665,80.2536773682,42805,42815,10
12.9907798767,80.2543716431,42815,42825,10
12.9907302856,80.2552185059,42825,42835,10
12.9906997681,80.255859375,42835,42846,11
12.9906997681,80.2559204102,42846,42856,10
12.9905595779,80.2560501099,42856,42866,10
12.9901399612,80.2560424805,42866,42876,10
12.9895401001,80.2559967041,42876,42886,10
12.9888896942,80.2560195923,42886,42896,10
12.9888401031,80.2560195923,42896,42906,10
12.9886598587,80.2559967041,42906,42916,10
12.9882297516,80.2559204102,42916,42926,10
12.9877996445,80.2558822632,42926,42936,10
12.9876203537,80.2563476563,42936,42946,10
12.9875602722,80.2570495605,42946,42956,10
12.9874897003,80.2578811646,42956,42967,11
12.9874200821,80.2585983276,42967,42977,10
12.9873800278,80.2590026855,42977,42987,10
12.9873800278,80.2590179443,42987,42997,10
12.9872598648,80.2592697144,42997,43017,20
12.9872598648,80.2592697144,43017,43027,10
12.9871397018,80.2595977783,43027,43047,20
12.9871397018,80.2595977783,43047,43057,10
12.9869403839,80.2596130371,43057,43067,10
12.9867200851,80.2595291138,43067,43078,11
12.9866695404,80.2591629028,43078,43088,10
12.9869298935,80.259147644,43088,43098,10
12.987279892,80.2592086792,43098,43368,270
12.987279892,80.2592086792,43368,43378,10
12.9874401093,80.2591171265,43378,43388,10
12.9874200821,80.2586975098,43388,43398,10
12.9874200821,80.2585220337,43398,43408,10
12.9873600006,80.2582321167,43408,43419,11
12.9874200821,80.2580032349,43419,43429,10
12.9874801636,80.2573928833,43429,43600,171
12.9874801636,80.2573928833,43600,43610,10
12.9874296188,80.2572174072,43610,43620,10
12.9875001907,80.2568893433,43620,43630,10
12.9875297546,80.2562408447,43630,43641,11
12.9876403809,80.2557830811,43641,43671,30
12.9876403809,80.2557830811,43671,43681,10
12.9878702164,80.2557830811,43681,43691,10
12.9879398346,80.2557907104,43691,43701,10
12.9881801605,80.255821228,43701,43711,10
12.988360405,80.2558517456,43711,43721,10
12.9885997772,80.255859375,43721,43731,10
12.9887104034,80.2558822632,43731,43741,10
12.9888296127,80.2558898926,43741,43751,10
12.989279747,80.2559432983,43751,43762,11
12.9900102615,80.2560119629,43762,43772,10
12.9903802872,80.2559661865,43772,43782,10
12.9907302856,80.2557830811,43782,43792,10
12.9907903671,80.2552719116,43792,43802,10
12.9908504486,80.2546081543,43802,43812,10
12.9909896851,80.2538909912,43812,43822,10
12.991230011,80.2534790039,43822,43832,10
12.9916601181,80.2531814575,43832,43842,10
12.9921102524,80.2530136108,43842,43852,10
12.9925403595,80.2529602051,43852,43862,10
12.9931297302,80.2529220581,43862,43873,11
12.9937400818,80.252746582,43873,43883,10
12.994389534,80.2525787354,43883,43893,10
12.9948396683,80.2524719238,43893,43903,10
12.995059967,80.2528533936,43903,43913,10
12.9951200485,80.2529907227,43913,43923,10
12.9952898026,80.2531814575,43923,43933,10
12.9958000183,80.2536621094,43933,43949,16
12.9965696335,80.2544326782,43949,43961,12
12.9968204498,80.2552566528,43961,43971,10
12.9969100952,80.2557067871,43971,43981,10
12.9968900681,80.256111145,43981,43992,11
12.9968500137,80.2565765381,43992,44002,10
12.9968299866,80.2569198608,44002,44012,10
12.9968395233,80.2570419312,44012,44021,9
12.9968004227,80.2574005127,44021,44032,11
12.996720314,80.2581176758,44032,44042,10
12.9966497421,80.2587280273,44042,44052,10
12.9965801239,80.2592163086,44052,44062,10
12.9965400696,80.2594070435,44062,44072,10
12.9964895248,80.2597122192,44072,44082,10
12.9964599609,80.2602233887,44082,44092,10
12.9963903427,80.2608413696,44092,44103,11
12.9963302612,80.2615814209,44103,44113,10
12.9962797165,80.261932373,44113,44123,10
12.9962301254,80.2621688843,44123,44133,10
12.9962301254,80.2622375488,44133,44143,10
12.996219635,80.2623825073,44143,44153,10
12.9961795807,80.2625808716,44153,44163,10
12.9961795807,80.262588501,44163,44173,10
12.9961500168,80.2629776001,44173,44183,10
12.9961004257,80.2634277344,44183,44193,10
12.9960203171,80.2643203735,44193,44203,10
12.9959001541,80.2653274536,44203,44214,11
12.9957504272,80.2666320801,44214,44224,10
12.9956598282,80.2674789429,44224,44233,9
12.9960203171,80.2677078247,44233,44244,11
12.9961996078,80.2677536011,44244,44254,10
12.9963998795,80.267791748,44254,44264,10
12.9969100952,80.2677612305,44264,44274,10
12.997300148,80.2676391602,44274,44284,10
12.9976997375,80.2675094604,44284,44294,10
12.9982995987,80.2673416138,44294,44304,10
12.9990797043,80.2671203613,44304,44314,10
12.9999399185,80.2668380737,44314,44325,11
13.0003995895,80.2668762207,44325,44335,10
13.0008401871,80.2672119141,44335,44345,10
13.0009803772,80.2672805786,44345,44355,10
13.0012102127,80.2674331665,44355,44365,10
13.0017004013,80.2677307129,44365,44375,10
13.0023403168,80.268119812,44375,44385,10
13.0030002594,80.2684783936,44385,44395,10
13.0034599304,80.2687835693,44395,44405,10
13.0039997101,80.2691192627,44405,44421,16
13.0050096512,80.26978302,44421,44433,12
13.0058097839,80.2702636719,44433,44444,11
13.0065002441,80.2703704834,44444,44454,10
13.0068998337,80.2697296143,44454,44464,10
13.007060051,80.2689590454,44464,44474,10
13.0072498322,80.268119812,44474,44484,10
13.0074195862,80.2673416138,44484,44494,10
13.0076198578,80.2665863037,44494,44504,10
13.0077199936,80.2661972046,44504,44514,10
13.0078802109,80.2655105591,44514,44524,10
13.0080099106,80.2647628784,44524,44534,10
13.0080299377,80.2641830444,44534,44545,11
13.0079298019,80.2635574341,44545,44556,11
13.0078401566,80.2629776001,44556,44566,10
13.0077400208,80.2624435425,44566,44576,10
13.007610321,80.261680603,44576,44586,10
13.0075101852,80.2614898682,44586,44596,10
13.007399559,80.2609634399,44596,44606,10
13.0073099136,80.2603683472,44606,44616,10
13.0074300766,80.2595596313,44616,44626,10
13.007349968,80.2589569092,44626,44636,10
13.0077199936,80.2587203979,44636,44646,10
13.0084199905,80.2589492798,44646,44656,10
13.0085802078,80.2590026855,44656,44667,11
13.0088100433,80.2590789795,44667,44677,10
13.0095100403,80.2590866089,44677,44687,10
13.0106201172,80.2591094971,44687,44697,10
13.0118598938,80.2591018677,44697,44707,10
13.0131998062,80.2591629028,44707,44717,10
13.0144395828,80.2592010498,44717,44727,10
13.01541996,80.259262085,44727,44737,10
13.0160503387,80.2594528198,44737,44747,10
13.016409874,80.2596817017,44747,44763,16
13.0165195465,80.2597808838,44763,44775,12
13.0166501999,80.2598800659,44775,44783,8
13.0168399811,80.260017395,44783,44798,15
13.0176200867,80.260559082,44798,44808,10
13.0182199478,80.2609786987,44808,44818,10
13.0187997818,80.2613983154,44818,44828,10
13.0192298889,80.2617721558,44828,44838,10
13.0195798874,80.2621307373,44838,44848,10
13.0200500488,80.262588501,44848,44857,9
13.0201797485,80.2629394531,44857,44871,14
13.0195398331,80.2629318237,44871,44881,10
13.019080162,80.2629394531,44881,44891,10
13.0190296173,80.2633972168,44891,44902,11
13.0191001892,80.2639389038,44902,44912,10
13.0191001892,80.263961792,44912,44922,10
13.0190696716,80.2643127441,44922,44932,10
13.0188703537,80.2649917603,44932,44942,10
13.0187501907,80.2654724121,44942,44952,10
13.0186300278,80.2662200928,44952,44962,10
13.0187797546,80.2671432495,44962,44972,10
13.0192203522,80.2678222656,44972,44982,10
13.0195798874,80.2682418823,44982,44992,10
13.0200099945,80.2687606812,44992,45002,10
13.0204200745,80.26927948,45002,45023,21
13.0204200745,80.26927948,45023,45032,9
13.0206203461,80.2695007324,45032,45042,10
13.0209102631,80.2698516846,45042,45053,11
13.0213699341,80.2703781128,45053,45063,10
13.0214595795,80.2704772949,45063,45073,10
13.0217199326,80.2708206177,45073,45083,10
13.0219898224,80.2711105347,45083,45092,9
13.0220899582,80.271232605,45092,45103,11
13.0223197937,80.2715377808,45103,45113,10
13.022359848,80.2715988159,45113,45124,11
13.0225400925,80.2718200684,45124,45144,20
13.0225400925,80.2718200684,45144,45154,10
13.0227298737,80.2720718384,45154,45164,10
13.0228796005,80.2723007202,45164,45174,10
13.0230903625,80.2725830078,45174,45184,10
13.0233001709,80.2728805542,45184,45194,10
13.0235204697,80.2731781006,45194,45204,10
13.0237398148,80.2734909058,45204,45214,10
13.0240602493,80.2739105225,45214,45224,10
13.0241203308,80.2740020752,45224,45235,11
13.0243501663,80.2743225098,45235,45245,10
13.0246095657,80.2745437622,45245,45255,10
13.0249099731,80.2746963501,45255,45265,10
13.0251102448,80.2747802734,45265,45275,10
13.0253000259,80.274848938,45275,45285,10
13.0253000259,80.2748565674,45285,45295,10
13.0254297256,80.2749176025,45295,45305,10
13.0256795883,80.2750473022,45305,45315,10
13.0258798599,80.2751464844,45315,45325,10
13.0260696411,80.2752380371,45325,45335,10
13.0263795853,80.275390625,45335,45346,11
13.0269603729,80.275642395,45346,45356,10
13.0273704529,80.2758636475,45356,45366,10
13.0277795792,80.2760391235,45366,45376,10
13.0282802582,80.276222229,45376,45386,10
13.0284004211,80.2762680054,45386,45396,10
13.0285997391,80.2763824463,45396,45406,10
13.028960228,80.276512146,45406,45416,10
13.0295295715,80.2766494751,45416,45426,10
13.02987957,80.2767181396,45426,45436,10
13.0300197601,80.2767791748,45436,45446,10
13.0305500031,80.2770080566,45446,45456,10
13.0310401917,80.2773208618,45456,45467,11
13.031129837,80.277381897,45467,45477,10
13.0314302444,80.2775497437,45477,45487,10
13.0314397812,80.2775497437,45487,45497,10
13.0316295624,80.2776031494,45497,45507,10
13.0318803787,80.2775726318,45507,45517,10
13.0322399139,80.2775192261,45517,45527,10
13.0324897766,80.2774887085,45527,45537,10
13.032699585,80.2774810791,45537,45547,10
13.0331001282,80.2774505615,45547,45578,31
13.0331001282,80.2774505615,45578,45588,10
13.0334396362,80.277381897,45588,45598,10
13.0339002609,80.2773971558,45598,45608,10
13.0344800949,80.277557373,45608,45618,10
13.0350704193,80.2776489258,45618,45628,10
13.035490036,80.2777404785,45628,45638,10
13.035779953,80.2777862549,45638,45648,10
13.0363197327,80.2779006958,45648,45658,10
13.0372200012,80.2782287598,45658,45668,10
13.0381202698,80.2784805298,45668,45678,10
13.0388097763,80.2786407471,45678,45689,11
13.0389299393,80.278678894,45689,45699,10
13.0392999649,80.2788085938,45699,45709,10
13.0400600433,80.2790374756,45709,45719,10
13.0411396027,80.2793273926,45719,45729,10
13.0421800613,80.2794876099,45729,45739,10
13.0429801941,80.2795562744,45739,45799,60
13.0429801941,80.2795562744,45799,45810,11
13.0433197021,80.2796173096,45810,45820,10
13.0438899994,80.2798080444,45820,45830,10
13.0445299149,80.2799301147,45830,45840,10
13.0453195572,80.2800292969,45840,45850,10
13.0456800461,80.2800827026,45850,45860,10
13.0457601547,80.2800827026,45860,45870,10
13.0461902618,80.2801513672,45870,45880,10
13.0469398499,80.2802810669,45880,45890,10
13.0480203629,80.280418396,45890,45900,10
13.0489597321,80.2805404663,45900,45910,10
13.049249649,80.2805709839,45910,45921,11
13.0495100021,80.2806091309,45921,45931,10
13.0499401093,80.2806777954,45931,45941,10
13.0505399704,80.2807769775,45941,45951,10
13.0512599945,80.2808990479,45951,45961,10
13.052069664,80.2810287476,45961,45971,10
13.0529603958,80.2811737061,45971,45981,10
13.053730011,80.2812805176,45981,45991,10
13.0545797348,80.2814178467,45991,46001,10
13.0552597046,80.2815628052,46001,46011,10
13.0558204651,80.2816619873,46011,46021,10
13.0562295914,80.28175354,46021,46032,11
13.0564498901,80.281791687,46032,46042,10
13.0566596985,80.2818374634,46042,46052,10
13.0572299957,80.2819595337,46052,46062,10
13.0578403473,80.2820892334,46062,46072,10
13.0586795807,80.2822723389,46072,46082,10
13.0595302582,80.2824478149,46082,46092,10
13.0603704453,80.282623291,46092,46102,10
13.0610704422,80.2827529907,46102,46112,10
13.0617399216,80.2828903198,46112,46122,10
13.0623598099,80.2829971313,46122,46132,10
13.0628004074,80.2831115723,46132,46142,10
13.0631399155,80.2831878662,46142,46153,11
13.0631904602,80.2832183838,46153,46163,10
13.0635004044,80.2833023071,46163,46179,16
13.0644798279,80.2835235596,46179,46191,12
13.0654497147,80.2837371826,46191,46201,10
13.0661802292,80.2839126587,46201,46211,10
13.0669603348,80.2840805054,46211,46221,10
13.0673599243,80.2841567993,46221,46231,10
13.0676298141,80.2842102051,46231,46241,10
13.0681200027,80.2843017578,46241,46251,10
13.068860054,80.2844696045,46251,46262,11
13.0697898865,80.2846984863,46262,46272,10
13.0707302094,80.284942627,46272,46282,10
13.0717000961,80.2851867676,46282,46292,10
13.0726900101,80.2853622437,46292,46302,10
13.0734596252,80.285369873,46302,46312,10
13.0738697052,80.2855224609,46312,46322,10
13.0740404129,80.2857284546,46322,46332,10
13.0744600296,80.2861633301,46332,46342,10
13.0747299194,80.2863235474,46342,46352,10
13.0748500824,80.2863922119,46352,46362,10
13.0753602982,80.2867202759,46362,46373,11
13.0763502121,80.287109375,46373,46383,10
13.0774497986,80.287399292,46383,46393,10
13.0784902573,80.2876586914,46393,46403,10
13.0793304443,80.2879867554,46403,46413,10
13.0800695419,80.2881164551,46413,46423,10
13.080739975,80.2882766724,46423,46433,10
13.0808000565,80.2882995605,46433,46443,10
13.0810804367,80.2884063721,46443,46453,10
13.0817899704,80.2886505127,46453,46463,10
13.08273983,80.2890777588,46463,46473,10
13.0836696625,80.2891921997,46473,46483,10
13.0846595764,80.2891693115,46483,46494,11
13.0859203339,80.2892990112,46494,46504,10
13.0870304108,80.2896118164,46504,46514,10
13.0875396729,80.2897796631,46514,46574,60
13.0875396729,80.2897796631,46574,46584,10
13.0880203247,80.2900390625,46584,46594,10
13.0886201859,80.2901382446,46594,46695,101
13.0886201859,80.2901382446,46695,46704,9
13.0888004303,80.2901611328,46704,46715,11
13.088640213,80.290397644,46715,46726,11
13.0880002975,80.2900772095,46726,46736,10
13.0872898102,80.2898330688,46736,46746,10
13.0866804123,80.2896575928,46746,46756,10
13.0860996246,80.2895126343,46756,46766,10
13.0856199265,80.2891616821,46766,46776,10
13.0852203369,80.2883834839,46776,46786,10
13.0851297379,80.2876205444,46786,46796,10
13.0852098465,80.2864685059,46796,46806,10
13.0853004456,80.2854614258,46806,46816,10
13.085269928,80.2843017578,46816,46847,31
13.085269928,80.2843017578,46847,46857,10
13.0852603912,80.2842025757,46857,46866,9
13.0853796005,80.2839126587,46866,46877,11
13.0854902267,80.2836303711,46877,46886,9
13.0856599808,80.2835617065,46886,46897,11
13.0860595703,80.2835464478,46897,46907,10
13.0863704681,80.2836380005,46907,46916,9
13.0868196487,80.2836990356,46916,46926,10
13.087220192,80.283706665,46926,46937,11
13.0874996185,80.2836990356,46937,46948,11
13.0878000259,80.2836303711,46948,47180,232
13.0878000259,80.2836303711,47180,47190,10
13.088139534,80.2835083008,47190,47200,10
13.0883197784,80.2834396362,47200,47210,10
13.0882902145,80.2832107544,47210,47220,10
13.088259697,80.2829589844,47220,47230,10
13.0882501602,80.2827529907,47230,47240,10
13.0882501602,80.2825088501,47240,47250,10
13.0882101059,80.2821731567,47250,47260,10
13.088139534,80.281791687,47260,47270,10
13.0878801346,80.2814407349,47270,47281,11
13.0873804092,80.2813186646,47281,47291,10
13.0869197845,80.2811965942,47291,47301,10
13.0864696503,80.2810592651,47301,47311,10
13.0859899521,80.280921936,47311,47321,10
13.0858097076,80.2808303833,47321,47331,10
13.0857496262,80.28074646,47331,47341,10
13.0856895447,80.2805328369,47341,47351,10
13.0856599808,80.2803726196,47351,47361,10
13.0855998993,80.2800827026,47361,47371,10
13.0853796005,80.279586792,47371,47381,10
13.0848503113,80.279296875,47381,47391,10
13.0844697952,80.279258728,47391,47402,11
13.0839595795,80.2791900635,47402,47412,10
13.0833597183,80.2789764404,47412,47422,10
13.0824298859,80.2785797119,47422,47472,50
13.0824298859,80.2785797119,47472,47482,10
13.082159996,80.2784194946,47482,47492,10
13.0820398331,80.2783432007,47492,47502,10
13.0819396973,80.2780990601,47502,47513,11
13.0818595886,80.2772369385,47513,47523,10
13.0817403793,80.2763595581,47523,47533,10
13.081580162,80.2756881714,47533,47543,10
13.081489563,80.2752990723,47543,47553,10
13.0813798904,80.275177002,47553,47563,10
13.0812997818,80.275177002,47563,47573,10
13.0808601379,80.2752380371,47573,47583,10
13.0803003311,80.2753067017,47583,47593,10
13.0792102814,80.2752685547,47593,47603,10
13.0783195496,80.2755203247,47603,47613,10
13.0777301788,80.2762374878,47613,47624,11
13.0765600204,80.2763137817,47624,47634,10
13.0759601593,80.2763366699,47634,47644,10
13.0758895874,80.2761688232,47644,47654,10
13.0759000778,80.2760314941,47654,47664,10
13.0759496689,80.2756271362,47664,47674,10
13.0759296417,80.2751922607,47674,47684,10
13.0760602951,80.2747268677,47684,47825,141
13.0760602951,80.2747268677,47825,47835,10
13.0758495331,80.2746200562,47835,47846,11
13.0758895874,80.2750778198,47846,47856,10
13.0760402679,80.2756500244,47856,47866,10
13.0762996674,80.2758407593,47866,49752,1886
13.0762996674,80.2758407593,49752,49762,10
13.0760402679,80.2759017944,49762,49772,10
13.0759000778,80.2761383057,49772,49793,21
13.0759000778,80.2761383057,49793,49803,10
13.0760202408,80.2763137817,49803,49813,10
13.0764198303,80.2762908936,49813,49823,10
13.0770397186,80.2762374878,49823,49833,10
13.0778102875,80.2761993408,49833,49843,10
13.0782203674,80.275718689,49843,49853,10
13.0786399841,80.2751617432,49853,49863,10
13.0794000626,80.2752532959,49863,49873,10
13.0802097321,80.2752685547,49873,49883,10
13.0809898376,80.2751998901,49883,49894,11
13.0814399719,80.2751617432,49894,49934,40
13.0814399719,80.2751617432,49934,49944,10
13.0814800262,80.2751693726,49944,49954,10
13.081700325,80.2753067017,49954,49964,10
13.0817804337,80.2758789063,49964,49974,10
13.0818595886,80.2765197754,49974,49984,10
13.081990242,80.2776794434,49984,49993,9
13.0820903778,80.2786102295,49993,50004,11
13.0821695328,80.2797012329,50004,50015,11
13.0822696686,80.2806625366,50015,50025,10
13.0823602676,80.2813491821,50025,50035,10
13.0826196671,80.2818908691,50035,50045,10
13.0833702087,80.2823791504,50045,50055,10
13.084230423,80.2829208374,50055,50065,10
13.0848903656,80.2835006714,50065,50075,10
13.0853500366,80.2837219238,50075,50085,10
13.0854797363,80.2836074829,50085,50095,10
13.0855998993,80.2835693359,50095,50105,10
13.0860004425,80.2835693359,50105,50115,10
13.0864095688,80.2836685181,50115,50126,11
13.0868196487,80.2839279175,50126,50196,70
13.0868196487,80.2839279175,50196,50206,10
13.0869998932,80.2839279175,50206,50216,10
13.0872001648,80.2839508057,50216,50226,10
13.0877399445,80.2839431763,50226,50426,200
13.0881204605,80.2840423584,50426,50467,41
13.0881204605,80.2840423584,50467,50477,10
13.0882701874,80.2836074829,50477,50487,10
13.0883197784,80.2834320068,50487,50497,10
13.0882797241,80.2831192017,50497,50507,10
13.0882997513,80.282661438,50507,50517,10
13.0882902145,80.2823867798,50517,50527,10
13.0882701874,80.2822036743,50527,50537,10
13.0882396698,80.2820510864,50537,50547,10
13.0882101059,80.2819213867,50547,50557,10
13.0881500244,80.2817230225,50557,50567,10
13.0880899429,80.2814788818,50567,50578,11
13.0881204605,80.2814407349,50578,50588,10
13.0882196426,80.2814178467,50588,50598,10
13.0885000229,80.28150177,50598,50608,10
13.0885095596,80.2817993164,50608,50624,16
13.0884199142,80.2823486328,50624,50636,12
13.0883398056,80.2828216553,50636,50646,10
13.0883398056,80.283241272,50646,50654,8
13.088350296,80.2835693359,50654,50666,12
13.0883703232,80.2839889526,50666,50676,10
13.0883998871,80.2844314575,50676,50686,10
13.0884304047,80.285118103,50686,50697,11
13.0884895325,80.2857589722,50697,50707,10
13.0885000229,80.2860488892,50707,50717,10
13.08852005,80.2863082886,50717,50727,10
13.08852005,80.2865219116,50727,50737,10
13.0885601044,80.2870407104,50737,50747,10
13.0885801315,80.2873916626,50747,50757,10
13.0885801315,80.2876205444,50757,50767,10
13.0886297226,80.2881393433,50767,50777,10
13.0886697769,80.2884597778,50777,50787,10
13.0886802673,80.2886199951,50787,50797,10
13.0887498856,80.2891616821,50797,50818,21
13.0887498856,80.2891616821,50818,50828,10
13.0887804031,80.2894515991,50828,50838,10
13.0888204575,80.2899475098,50838,50858,20
13.0888204575,80.2899475098,50858,50868,10
13.0887899399,80.2900619507,50868,50878,10
13.088760376,80.2902908325,50878,50888,10
13.0885295868,80.2903594971,50888,50898,10
13.0880002975,80.2900924683,50898,50908,10
13.087269783,80.2897415161,50908,50919,11
13.0863103867,80.2894210815,50919,50929,10
13.0853004456,80.2891693115,50929,50939,10
13.0843601227,80.2891769409,50939,50949,10
13.0834598541,80.2891921997,50949,50959,10
13.0826196671,80.2890167236,50959,50969,10
13.0817203522,80.2886886597,50969,50979,10
13.0808601379,80.2884216309,50979,50989,10
13.0801296234,80.2882080078,50989,50999,10
13.0799703598,80.2881774902,50999,51009,10
13.0798501968,80.2881622314,51009,51019,10
13.0793504715,80.2880630493,51019,51029,10
13.0785903931,80.2877426147,51029,51040,11
13.0775003433,80.287437439,51040,51050,10
13.0764198303,80.2871627808,51050,51060,10
13.0753898621,80.2867965698,51060,51070,10
13.0739002228,80.2861175537,51070,51090,20
13.0739002228,80.2861175537,51090,51100,10
13.0738201141,80.2861022949,51100,51110,10
13.0733604431,80.285949707,51110,51120,10
13.0726995468,80.2855682373,51120,51130,10
13.0717496872,80.2852401733,51130,51139,9
13.0707998276,80.2849884033,51139,51151,12
13.0694103241,80.2846374512,51151,51161,10
13.0683097839,80.2843780518,51161,51171,10
13.0672197342,80.2842025757,51171,51181,10
13.0660600662,80.2839279175,51181,51191,10
13.0649900436,80.2836914063,51191,51201,10
13.0643196106,80.2835617065,51201,51211,10
13.0642595291,80.2835464478,51211,51221,10
13.0642404556,80.2835388184,51221,51231,10
13.0638799667,80.2834320068,51231,51240,9
13.0633001328,80.2832870483,51240,51251,11
13.0624904633,80.2830963135,51251,51272,21
13.0624904633,80.2830963135,51272,51282,10
13.0622797012,80.2830505371,51282,51292,10
13.0616798401,80.2828979492,51292,51302,10
13.0608596802,80.2827301025,51302,51312,10
13.059969902,80.2825469971,51312,51322,10
13.0589199066,80.2823410034,51322,51332,10
13.0579795837,80.2821426392,51332,51342,10
13.0577297211,80.2820968628,51342,51352,10
13.0574598312,80.282043457,51352,51362,10
13.0569000244,80.2819213867,51362,51372,10
13.0567598343,80.2818984985,51372,51383,11
13.0564804077,80.281829834,51383,51393,10
13.0558004379,80.2816772461,51393,51403,10
13.0549497604,80.2814865112,51403,51413,10
13.053850174,80.2812805176,51413,51423,10
13.0526399612,80.2810974121,51423,51433,10
13.0514097214,80.2809295654,51433,51443,10
13.0504598618,80.2808227539,51443,51453,10
13.050239563,80.2807769775,51453,51463,10
13.0500802994,80.2807617188,51463,51473,10
13.049539566,80.2806625366,51473,51483,10
13.048740387,80.2805404663,51483,51494,11
13.0476503372,80.2804031372,51494,51504,10
13.0466403961,80.2802581787,51504,51514,10
13.045800209,80.2801589966,51514,51524,10
13.0456600189,80.2801513672,51524,51534,10
13.0454998016,80.2801208496,51534,51544,10
13.0449895859,80.2800521851,51544,51554,10
13.0442895889,80.2799530029,51554,51564,10
13.0436897278,80.2798614502,51564,51574,10
13.0432100296,80.2797470093,51574,51584,10
13.0424900055,80.2795791626,51584,51594,10
13.0415401459,80.2794265747,51594,51605,11
13.0405101776,80.2792282104,51605,51615,10
13.0397396088,80.2790222168,51615,51625,10
13.039059639,80.2788391113,51625,51645,20
13.039059639,80.2788391113,51645,51655,10
13.0388002396,80.2787475586,51655,51665,10
13.0383501053,80.2786026001,51665,51675,10
13.037779808,80.2784118652,51675,51685,10
13.0371599197,80.2782287598,51685,51695,10
13.0364904404,80.2779769897,51695,51705,10
13.0357999802,80.2778015137,51705,51716,11
13.0350999832,80.2776489258,51716,51726,10
13.0345497131,80.277557373,51726,51736,10
13.0340595245,80.2774429321,51736,51746,10
13.033539772,80.2773513794,51746,51756,10
13.0330896378,80.2774200439,51756,51766,10
13.0323600769,80.2774200439,51766,51776,10
13.0316400528,80.2775268555,51776,51786,10
13.0310401917,80.2773132324,51786,51796,10
13.0309000015,80.2772369385,51796,51806,10
13.0307798386,80.2771606445,51806,51816,10
13.0303001404,80.2769393921,51816,51833,17
13.0293598175,80.2766418457,51833,51845,12
13.0286502838,80.2763900757,51845,51855,10
13.0279502869,80.2761077881,51855,51865,10
13.0272302628,80.2757873535,51865,51875,10
13.0265798569,80.2754974365,51875,51884,9
13.0261497498,80.2752990723,51884,51895,11
13.0261096954,80.2752685547,51895,51905,10
13.02602005,80.2752227783,51905,51915,10
13.0257902145,80.2751083374,51915,51925,10
13.0254898071,80.2749786377,51925,51935,10
13.0249204636,80.2747268677,51935,51946,11
13.0242795944,80.2742614746,51946,51976,30
13.0242795944,80.2742614746,51976,51986,10
13.0242004395,80.2741775513,51986,51995,9
13.0239601135,80.2738571167,51995,52006,11
13.0235595703,80.2733001709,52006,52016,10
13.0230703354,80.2726364136,52016,52026,10
13.0224895477,80.2718734741,52026,52036,10
13.0218400955,80.2710189819,52036,52046,10
13.021229744,80.2702789307,52046,52056,10
13.0210103989,80.2700271606,52056,52067,11
13.0209703445,80.2699813843,52067,52077,10
13.0207796097,80.2697525024,52077,52087,10
13.0204000473,80.2692565918,52087,52097,10
13.0198698044,80.2685928345,52097,52107,10
13.0193195343,80.2679290771,52107,52117,10
13.0187702179,80.2671279907,52117,52127,10
13.0186300278,80.2661590576,52127,52137,10
13.0187101364,80.265586853,52137,52147,10
13.0189199448,80.264831543,52147,52157,10
13.0190401077,80.2639694214,52157,52167,10
13.0189599991,80.2634887695,52167,52178,11
13.0188999176,80.263130188,52178,52188,10
13.0188903809,80.2630386353,52188,52198,10
13.0188798904,80.2629165649,52198,52209,11
13.0188398361,80.2623825073,52209,52219,10
13.0187397003,80.2616119385,52219,52231,12
13.0182695389,80.2610397339,52231,52241,10
13.0175895691,80.2605667114,52241,52251,10
13.0169000626,80.2601089478,52251,52262,11
13.0162200928,80.2597198486,52262,52271,9
13.0160999298,80.2596511841,52271,52282,11
13.0159397125,80.2595672607,52282,52293,11
13.0152702332,80.2593612671,52293,52303,10
13.0144996643,80.2592697144,52303,52313,10
13.0136003494,80.2592391968,52313,52323,10
13.0126199722,80.2592086792,52323,52333,10
13.0116100311,80.2591629028,52333,52343,10
13.0106201172,80.2591781616,52343,52353,10
13.0096302032,80.2591629028,52353,52363,10
13.0088996887,80.2591400146,52363,52373,10
13.008600235,80.2591629028,52373,52383,10
13.0080699921,80.2591781616,52383,52393,10
13.0074596405,80.2594985962,52393,52404,11
13.0071601868,80.2601776123,52404,52414,10
13.0072603226,80.2606506348,52414,52424,10
13.0073795319,80.261100769,52424,52434,10
13.0073900223,80.2611312866,52434,52444,10
13.0074796677,80.2615280151,52444,52454,10
13.007610321,80.2620620728,52454,52464,10
13.0077495575,80.2626190186,52464,52474,10
13.0078496933,80.2630767822,52474,52484,10
13.0079803467,80.2636795044,52484,52494,10
13.0079498291,80.2646865845,52494,52504,10
13.0078001022,80.2657699585,52504,52515,11
13.0076198578,80.2666015625,52515,52525,10
13.007399559,80.2674636841,52525,52535,10
13.0072402954,80.2683029175,52535,52545,10
13.0070495605,80.2691192627,52545,52555,10
13.0067796707,80.270072937,52555,52565,10
13.0061302185,80.270401001,52565,52575,10
13.0053701401,80.2699508667,52575,52585,10
13.0045604706,80.2694396973,52585,52595,10
13.003780365,80.2689437866,52595,52605,10
13.0031795502,80.268661499,52605,52615,10
13.0031700134,80.268661499,52615,52625,10
13.0030097961,80.2685317993,52625,52636,11
13.0024900436,80.2681808472,52636,52646,10
13.0018196106,80.2677536011,52646,52656,10
13.0009498596,80.2672424316,52656,52676,20
13.0009498596,80.2672424316,52676,52686,10
13.000869751,80.2671966553,52686,52696,10
13.0004901886,80.2669372559,52696,52706,10
12.9998397827,80.2668685913,52706,52716,10
12.9990196228,80.2670593262,52716,52726,10
12.9982500076,80.2672576904,52726,52736,10
12.9976997375,80.2674179077,52736,52746,10
12.997010231,80.2676391602,52746,52757,11
12.9961004257,80.2676391602,52757,52767,10
12.9956197739,80.2675323486,52767,52777,10
12.995639801,80.267250061,52777,52817,40
12.995639801,80.267250061,52817,52827,10
12.9957304001,80.2671432495,52827,52837,10
12.9958295822,80.266708374,52837,52847,10
12.9959001541,80.2659225464,52847,52858,11
12.9959802628,80.264831543,52858,52868,10
12.9960803986,80.2639007568,52868,52878,10
12.9961395264,80.2631378174,52878,52888,10
12.9961900711,80.2626571655,52888,52898,10
12.9961795807,80.2626495361,52898,52908,10
12.996219635,80.2624664307,52908,52918,10
12.9962701797,80.2621078491,52918,52928,10
12.9963598251,80.2615966797,52928,52938,10
12.9964199066,80.2608337402,52938,52948,10
12.9965200424,80.260093689,52948,52958,10
12.9965896606,80.2593307495,52958,52969,11
12.9966602325,80.2583999634,52969,52979,10
12.9967403412,80.2576217651,52979,52989,10
12.9968204498,80.2568206787,52989,52999,10
12.9968996048,80.2560119629,52999,53080,81
12.9968996048,80.2560119629,53080,53090,10
12.9968996048,80.2557067871,53090,53100,10
12.9968795776,80.2553329468,53100,53110,10
12.9968395233,80.2547225952,53110,53120,10
12.9964399338,80.2541503906,53120,53130,10
12.9958496094,80.2536087036,53130,53140,10
12.9952497482,80.2530212402,53140,53150,10
12.9949502945,80.2524414063,53150,53160,10
12.9945402145,80.2524719238,53160,53170,10
12.994310379,80.2525405884,53170,53180,10
12.9941196442,80.2525863647,53180,53191,11
12.9935598373,80.2527084351,53191,53201,10
12.9928998947,80.2528381348,53201,53211,10
12.9922399521,80.2528610229,53211,53220,9
12.9916696548,80.2529830933,53220,53231,11
12.9913902283,80.2532119751,53231,53241,10
12.9910097122,80.2537689209,53241,53251,10
12.9908504486,80.2545318604,53251,53261,10
12.9907598495,80.2558364868,53261,53281,20
12.9907598495,80.2558364868,53281,53291,10
12.9905796051,80.2559967041,53291,53301,10
12.9901399612,80.2559814453,53301,53312,11
12.9894800186,80.2559585571,53312,53322,10
12.9888296127,80.2559204102,53322,53332,10
12.988530159,80.2558822632,53332,53358,26
12.988530159,80.2558822632,53358,53370,12
12.9883804321,80.255859375,53370,53380,10
12.9879703522,80.255821228,53380,53390,10
12.9875802994,80.2560195923,53390,53400,10
12.9875297546,80.2567596436,53400,53410,10
12.9874601364,80.2576675415,53410,53420,10
12.9874000549,80.2584762573,53420,53431,11
12.9872503281,80.2593307495,53431,53471,40
12.9871797562,80.2595367432,53471,53501,30
12.9871797562,80.2595367432,53501,53511,10
12.9868202209,80.2595062256,53511,53521,10
12.9866399765,80.2592086792,53521,53591,70
12.9866399765,80.2592086792,53591,53601,10
12.9868497849,80.2590179443,53601,53712,111
12.9868497849,80.2590179443,53712,53722,10
12.9872598648,80.2591781616,53722,53732,10
12.9873504639,80.2590713501,53732,53742,10
12.9873695374,80.2586288452,53742,53752,10
12.9874000549,80.2580032349,53752,53762,10
12.987449646,80.2574234009,53762,53773,11
12.9875202179,80.2567214966,53773,53783,10
12.987569809,80.2561569214,53783,53894,111
12.987569809,80.2561569214,53894,53904,10
12.9874801636,80.2559890747,53904,53914,10
12.9875898361,80.2556762695,53914,53924,10
12.9880304337,80.2557067871,53924,53934,10
12.9883203506,80.2557678223,53934,53954,20
12.9883203506,80.2557678223,53954,53964,10
12.9887399673,80.255859375,53964,53984,20
12.9887399673,80.255859375,53984,53995,11
12.9889097214,80.2559127808,53995,54005,10
12.9893198013,80.2559280396,54005,54015,10
12.9899196625,80.2559814453,54015,54025,10
12.9905099869,80.255897522,54025,54035,10
12.9907102585,80.2555389404,54035,54045,10
12.9907798767,80.2549209595,54045,54055,10
12.9908704758,80.2541809082,54055,54065,10
12.9911298752,80.2535018921,54065,54075,10
12.9916000366,80.253112793,54075,54085,10
12.992099762,80.2528915405,54085,54095,10
12.9927501678,80.2528381348,54095,54106,11
12.9935703278,80.2526626587,54106,54116,10
12.9943399429,80.2524795532,54116,54126,10
12.9948797226,80.2523803711,54126,54136,10
12.995059967,80.2527236938,54136,54146,10
12.9950704575,80.2527694702,54146,54156,10
12.9951295853,80.2529296875,54156,54166,10
12.9954795837,80.2533035278,54166,54176,10
12.9960699081,80.2538604736,54176,54186,10
12.9966201782,80.2545623779,54186,54196,10
12.9968004227,80.255279541,54196,54205,9
12.9968395233,80.2554626465,54205,54216,11
12.9968900681,80.2557601929,54216,54227,11
12.996919632,80.256072998,54227,54237,10
12.9968595505,80.2565612793,54237,54247,10
12.9968299866,80.2568664551,54247,54257,10
12.9968204498,80.2569885254,54257,54267,10
12.9967699051,80.2574691772,54267,54277,10
12.996720314,80.2581329346,54277,54287,10
12.9966201782,80.2587585449,54287,54297,10
12.9965600967,80.2593002319,54297,54307,10
12.9964799881,80.2598800659,54307,54317,10
12.9963998795,80.2607269287,54317,54327,10
12.9962100983,80.2623596191,54327,54356,29
12.9962100983,80.2623596191,54356,54366,10
12.9961500168,80.2625198364,54366,54376,10
12.9961204529,80.2630004883,54376,54385,9
12.9960803986,80.2635192871,54385,54396,11
12.9959802628,80.264541626,54396,54406,10
12.9959201813,80.2653579712,54406,54416,10
12.995759964,80.2665328979,54416,54426,10
12.9957199097,80.2672195435,54426,54436,10
12.9957895279,80.267616272,54436,54446,10
12.9961299896,80.2676467896,54446,54457,11
12.9961395264,80.2676620483,54457,54467,10
12.9962501526,80.2677230835,54467,54477,10
12.9967403412,80.2677307129,54477,54487,10
12.9974498749,80.2675170898,54487,54497,10
12.9982404709,80.2672729492,54497,54507,10
12.9989700317,80.2670593262,54507,54517,10
12.9999198914,80.2667922974,54517,54526,9
13.0008897781,80.2672729492,54526,54547,21
13.0008897781,80.2672729492,54547,54557,10
13.0011100769,80.2673797607,54557,54568,11
13.0015802383,80.2676925659,54568,54578,10
13.0022201538,80.2680892944,54578,54588,10
13.002989769,80.2685165405,54588,54598,10
13.0033798218,80.268737793,54598,54608,10
13.0034503937,80.2687988281,54608,54618,10
13.0037899017,80.2690200806,54618,54628,10
13.0044298172,80.2694091797,54628,54638,10
13.0052404404,80.2699203491,54638,54648,10
13.0061302185,80.270401001,54648,54658,10
13.0068302155,80.2699508667,54658,54668,10
13.0070400238,80.2689437866,54668,54679,11
13.0073099136,80.2677612305,54679,54689,10
13.0075597763,80.2666320801,54689,54699,10
13.0077600479,80.2659378052,54699,54715,16
13.0080099106,80.2647399902,54715,54727,12
13.008020401,80.2638168335,54727,54737,10
13.0078697205,80.2631378174,54737,54747,10
13.0077400208,80.2627029419,54747,54757,10
13.0076398849,80.2622070313,54757,54767,10
13.0074701309,80.2615432739,54767,54777,10
13.0073699951,80.2610626221,54777,54787,10
13.0072898865,80.2606506348,54787,54798,11
13.0072603226,80.2600326538,54798,54808,10
13.0073204041,80.2592926025,54808,54818,10
13.0072898865,80.2588577271,54818,54828,10
13.0074100494,80.258682251,54828,54838,10
13.007610321,80.2586212158,54838,54848,10
13.0081596375,80.2588500977,54848,54858,10
13.0085802078,80.2590026855,54858,54868,10
13.0086698532,80.2590408325,54868,54878,10
13.0090398788,80.2590789795,54878,54888,10
13.0096998215,80.2590789795,54888,54898,10
13.0105400085,80.2590866089,54898,54908,10
13.0114402771,80.2590713501,54908,54919,11
13.0125102997,80.2591094971,54919,54929,10
13.0135698318,80.2591400146,54929,54939,10
13.0146903992,80.2591781616,54939,54949,10
13.0156803131,80.2593078613,54949,54959,10
13.0163602829,80.2596435547,54959,54969,10
13.0164699554,80.2597198486,54969,54979,10
13.016579628,80.2598266602,54979,54989,10
13.0169696808,80.2601318359,54989,54999,10
13.0176095963,80.2605667114,54999,55009,10
13.0182800293,80.2610168457,55009,55020,11
13.0189304352,80.2615280151,55020,55030,10
13.0193195343,80.2619094849,55030,55040,10
13.0195398331,80.2621383667,55040,55050,10
13.0200195313,80.2625732422,55050,55060,10
13.0201301575,80.2629699707,55060,55070,10
13.0196304321,80.2629394531,55070,55080,10
13.0190401077,80.2629318237,55080,55090,10
13.0190095901,80.2633972168,55090,55100,10
13.019109726,80.2641830444,55100,55110,10
13.0189304352,80.2649993896,55110,55120,10
13.0187997818,80.2654800415,55120,55130,10
13.0186901093,80.2661514282,55130,55147,17
13.0191202164,80.267616272,55147,55159,12
13.0198602676,80.2685623169,55159,55169,10
13.020529747,80.2692718506,55169,55179,10
13.0209999084,80.2698822021,55179,55189,10
13.0214996338,80.2704315186,55189,55199,10
13.0215196609,80.2704620361,55199,55209,10
13.0216197968,80.2705917358,55209,55219,10
13.0218896866,80.2709579468,55219,55229,10
13.0223302841,80.2715377808,55229,55239,10
13.0228700638,80.272277832,55239,55250,11
13.0234603882,80.2731018066,55250,55260,10
13.0237703323,80.2735519409,55260,55290,30
13.0237703323,80.2735519409,55290,55300,10
13.023850441,80.2736434937,55300,55310,10
13.0240402222,80.2739105225,55310,55320,10
13.0242996216,80.2742767334,55320,55330,10
13.024600029,80.274559021,55330,55340,10
13.0250597,80.2747879028,55340,55350,10
13.0254402161,80.2749176025,55350,55361,11
13.0254602432,80.2749176025,55361,55371,10
13.0254898071,80.2749328613,55371,55381,10
13.025759697,80.2750701904,55381,55391,10
13.0261497498,80.2752609253,55391,55401,10
13.0264997482,80.2754211426,55401,55411,10
13.0269603729,80.2756195068,55411,55421,10
13.0274095535,80.2758407593,55421,55431,10
13.0279998779,80.2761077881,55431,55441,10
13.0286998749,80.2764205933,55441,55451,10
13.0293598175,80.2766265869,55451,55461,10
13.02987957,80.2767791748,55461,55471,10
13.0299301147,80.2767791748,55471,55482,11
13.0300397873,80.2768096924,55482,55492,10
13.0303401947,80.2769317627,55492,55502,10
13.030670166,80.2771072388,55502,55512,10
13.0311403275,80.2774200439,55512,55522,10
13.0318498611,80.2775421143,55522,55532,10
13.0324897766,80.2774887085,55532,55542,10
13.0326299667,80.2774887085,55542,55552,10
13.0327196121,80.2774810791,55552,55562,10
13.0331201553,80.2774429321,55562,55572,10
13.0336198807,80.277381897,55572,55582,10
13.0338497162,80.2774124146,55582,55593,11
13.0339899063,80.2774429321,55593,55603,10
13.0342702866,80.2775115967,55603,55613,10
13.0346097946,80.2775878906,55613,55623,10
13.0350103378,80.2776794434,55623,55633,10
13.0353298187,80.2777481079,55633,55643,10
13.0355300903,80.2777862549,55643,55653,10
13.0360403061,80.2779006958,55653,55663,10
13.036740303,80.2780914307,55663,55673,10
13.0375003815,80.2783203125,55673,55683,10
13.0389204025,80.278678894,55683,55704,21
13.0389204025,80.278678894,55704,55714,10
13.0389499664,80.2787017822,55714,55724,10
13.0392198563,80.2788009644,55724,55734,10
13.0397596359,80.278968811,55734,55744,10
13.0405597687,80.2791900635,55744,55754,10
13.0415000916,80.2793807983,55754,55764,10
13.0424995422,80.279510498,55764,55774,10
13.043129921,80.2795562744,55774,55815,41
13.043129921,80.2795562744,55815,55825,10
13.0432596207,80.2796325684,55825,55835,10
13.0437097549,80.2797775269,55835,55845,10
13.0443897247,80.2799301147,55845,55855,10
13.0457296371,80.2801132202,55855,55885,30
13.0457296371,80.2801132202,55885,55895,10
13.0459604263,80.2801589966,55895,55905,10
13.0465402603,80.2802276611,55905,55915,10
13.0474100113,80.2803497314,55915,55925,10
13.0483798981,80.2804794312,55925,55936,11
13.0491895676,80.2805786133,55936,55946,10
13.0492897034,80.2805862427,55946,55956,10
13.0494804382,80.2806167603,55956,55966,10
13.049659729,80.2806625366,55966,55976,10
13.0501499176,80.2807388306,55976,55986,10
13.0508899689,80.2808837891,55986,55996,10
13.0518102646,80.2810211182,55996,56006,10
13.0527801514,80.2811584473,56006,56016,10
13.0536804199,80.2813034058,56016,56026,10
13.054479599,80.2814178467,56026,56036,10
13.0552501678,80.281578064,56036,56047,11
13.0560302734,80.2817382813,56047,56057,10
13.0564403534,80.2818222046,56057,56087,30
13.0564403534,80.2818222046,56087,56097,10
13.05671978,80.2818984985,56097,56107,10
13.0573797226,80.2820129395,56107,56137,30
13.0573797226,80.2820129395,56137,56147,10
13.0575504303,80.282043457,56147,56158,11
13.0581502914,80.2821807861,56158,56168,10
13.0590400696,80.2823562622,56168,56178,10
13.0600700378,80.2825775146,56178,56188,10
13.0610399246,80.2827682495,56188,56198,10
13.0619697571,80.2829818726,56198,56208,10
13.0630998611,80.2831878662,56208,56228,20
13.0630998611,80.2831878662,56228,56238,10
13.0633897781,80.2832794189,56238,56248,10
13.0636997223,80.2833404541,56248,56258,10
13.0637102127,80.2833404541,56258,56269,11
13.0638904572,80.2834091187,56269,56279,10
13.0643901825,80.2835388184,56279,56289,10
13.0651102066,80.2837219238,56289,56299,10
13.0660800934,80.2839431763,56299,56309,10
13.0676803589,80.2842636108,56309,56329,20
13.0676803589,80.2842636108,56329,56339,10
13.0679197311,80.2842788696,56339,56349,10
13.0685100555,80.2843933105,56349,56359,10
13.069319725,80.284576416,56359,56369,10
13.0702600479,80.2848129272,56369,56379,10
13.0713195801,80.2850723267,56379,56390,11
13.0725603104,80.2852783203,56390,56400,10
13.0736103058,80.2853622437,56400,56410,10
13.0741701126,80.2858505249,56410,56420,10
13.074669838,80.2862472534,56420,56430,10
13.0747499466,80.2863006592,56430,56440,10
13.0750799179,80.2865066528,56440,56450,10
13.0755300522,80.2867965698,56450,56460,10
13.076259613,80.287071228,56460,56470,10
13.0772600174,80.2873306274,56470,56480,10
13.0783596039,80.287612915,56480,56490,10
13.079460144,80.2880096436,56490,56501,11
13.0807504654,80.2882766724,56501,56521,20
13.0807504654,80.2882766724,56521,56531,10
13.0809898376,80.2883834839,56531,56541,10
13.0815496445,80.2885665894,56541,56551,10
13.0822696686,80.2888336182,56551,56561,10
13.0830898285,80.2891693115,56561,56571,10
13.0839195251,80.2891693115,56571,56581,10
13.0850601196,80.2891693115,56581,56591,10
13.0860900879,80.289390564,56591,56601,10
13.0871295929,80.2896575928,56601,56612,11
13.0879001617,80.2899627686,56612,56622,10
13.0887098312,80.2901687622,56622,56652,30
13.0888700485,80.2903366089,56652,56702,50
13.0888700485,80.2903366089,56702,56712,10
13.0887498856,80.2904586792,56712,56723,11
13.0882701874,80.2902679443,56723,56733,10
13.0876903534,80.2900085449,56733,56743,10
13.0875902176,80.2899703979,56743,56753,10
13.0875101089,80.2899398804,56753,56763,10
13.0870704651,80.2897796631,56763,56773,10
13.0865001678,80.2896194458,56773,56783,10
13.0858402252,80.2894592285,56783,56793,10
13.0854597092,80.2889328003,56793,56803,10
13.0851602554,80.2881393433,56803,56813,10
13.0851402283,80.2872924805,56813,56823,10
13.0852203369,80.2863464355,56823,56833,10
13.0853099823,80.2853088379,56833,56844,11
13.0852203369,80.2841491699,56844,56864,20
13.0852203369,80.2841491699,56864,56874,10
13.0853595734,80.2838897705,56874,56884,10
13.0854797363,80.2835769653,56884,56894,10
13.0857696533,80.2835388184,56894,56904,10
13.0862197876,80.2835388184,56904,56914,10
13.0869998932,80.2839431763,56914,56975,61
13.0869998932,80.2839431763,56975,56985,10
13.0871095657,80.2839431763,56985,56995,10
13.0873298645,80.2839508057,56995,57005,10
13.0877895355,80.2839279175,57005,57136,131
13.0877895355,80.2839279175,57136,57146,10
13.088139534,80.2839584351,57146,57166,20
13.088139534,80.2839584351,57166,57177,11
13.0881595612,80.2836608887,57177,57187,10
13.0882902145,80.2834777832,57187,57197,10
13.0882902145,80.2831420898,57197,57207,10
13.0882902145,80.2827835083,57207,57217,10
13.0882797241,80.2825775146,57217,57227,10
13.088259697,80.2823867798,57227,57237,10
13.0882196426,80.282119751,57237,57247,10
13.0880298615,80.28150177,57247,57287,40
13.0880298615,80.28150177,57287,57298,11
13.0883798599,80.2814788818,57298,57308,10
13.0885000229,80.2816772461,57308,57348,40
13.0884199142,80.2821502686,57348,57368,20
13.0884199142,80.2821502686,57368,57378,10
13.0883798599,80.282409668,57378,57429,51
13.0883197784,80.2826766968,57429,57469,40
13.0883197784,80.2826766968,57469,57479,10
13.0883197784,80.2830581665,57479,57489,10
13.0883302689,80.2833099365,57489,57509,20
13.0883302689,80.2833099365,57509,57520,11
13.088350296,80.2834014893,57520,57530,10
13.0883598328,80.2835083008,57530,57540,10
13.0883703232,80.2836685181,57540,57550,10
13.0883798599,80.2838973999,57550,57560,10
13.0883998871,80.2842407227,57560,57570,10
13.0884199142,80.2845001221,57570,57580,10
13.0884399414,80.2846221924,57580,57590,10
13.0884799957,80.2851104736,57590,57600,10
13.0885000229,80.2855987549,57600,57610,10
13.0885000229,80.2858734131,57610,57620,10
13.08852005,80.286239624,57620,57631,11
13.08852005,80.2864303589,57631,57641,10
13.0885400772,80.2867279053,57641,57651,10
13.0885601044,80.2872390747,57651,57661,10
13.0885801315,80.2875137329,57661,57671,10
13.0886001587,80.2877883911,57671,57681,10
13.0886497498,80.2883224487,57681,57691,10
13.0886898041,80.2886505127,57691,57701,10
13.0887899399,80.2892303467,57701,57721,20
13.0887899399,80.2892303467,57721,57731,10
13.0888299942,80.289642334,57731,57742,11
13.0888395309,80.2898635864,57742,57752,10
13.0888299942,80.2899398804,57752,57762,10
13.0888395309,80.2902374268,57762,57802,40
13.0888395309,80.2902374268,57802,57812,10
13.0888299942,80.2903213501,57812,57822,10
13.0886802673,80.2905502319,57822,57832,10
13.0882396698,80.2902908325,57832,57842,10
13.0876102448,80.2899780273,57842,57853,11
13.0868597031,80.2896575928,57853,57863,10
13.0858697891,80.2893829346,57863,57873,10
13.0849504471,80.2891616821,57873,57883,10
13.0839004517,80.2891921997,57883,57893,10
13.0830402374,80.2891921997,57893,57903,10
13.082159996,80.2888336182,57903,57913,10
13.0811901093,80.2884979248,57913,57923,10
13.0805101395,80.2883224487,57923,57933,10
13.0802297592,80.288230896,57933,57943,10
13.0800800323,80.288192749,57943,57953,10
13.0799999237,80.2881774902,57953,57963,10
13.0795698166,80.2881164551,57963,57974,11
13.0788602829,80.2878265381,57974,57984,10
13.0779495239,80.2875366211,57984,57994,10
13.0769195557,80.2872924805,57994,58004,10
13.0757799149,80.2869720459,58004,58014,10
13.0748195648,80.2864532471,58014,58024,10
13.0738601685,80.2861099243,58024,58044,20
13.0738601685,80.2861099243,58044,58054,10
13.0737600327,80.2860794067,58054,58064,10
13.0732803345,80.2859191895,58064,58074,10
13.0726203918,80.2855377197,58074,58085,11
13.0715999603,80.2852172852,58085,58095,10
13.0705604553,80.2849578857,58095,58105,10
13.0694103241,80.2846908569,58105,58115,10
13.0683803558,80.2844390869,58115,58125,10
13.067990303,80.2843399048,58125,58135,10
13.0675802231,80.284286499,58135,58145,10
13.0668096542,80.2841262817,58145,58155,10
13.065990448,80.2839431763,58155,58165,10
13.065199852,80.2837524414,58165,58175,10
13.0645103455,80.2835998535,58175,58185,10
13.0640897751,80.2835006714,58185,58196,11
13.0636301041,80.2834014893,58196,58206,10
13.0631399155,80.2833023071,58206,58216,10
13.062789917,80.2832107544,58216,58226,10
13.0625801086,80.2831573486,58226,58236,10
13.0625696182,80.2831573486,58236,58246,10
13.0624799728,80.2831420898,58246,58256,10
13.0620698929,80.2830429077,58256,58266,10
13.0614299774,80.2828903198,58266,58276,10
13.0607500076,80.2827377319,58276,58286,10
13.0600595474,80.2826004028,58286,58296,10
13.0593004227,80.2824478149,58296,58306,10
13.0584402084,80.2822799683,58306,58317,11
13.0578804016,80.2821731567,58317,58327,10
13.0577001572,80.2821273804,58327,58337,10
13.0573301315,80.2820281982,58337,58347,10
13.0569200516,80.2819595337,58347,58357,10
13.0568504333,80.2819366455,58357,58367,10
13.0564899445,80.281867981,58367,58377,10
13.0558204651,80.2817306519,58377,58393,16
13.0546798706,80.28150177,58393,58405,12
13.0538597107,80.2813415527,58405,58416,11
13.0525903702,80.2811431885,58416,58426,10
13.0515899658,80.2809906006,58426,58436,10
13.050620079,80.2808380127,58436,58446,10
13.0502700806,80.2807998657,58446,58456,10
13.049949646,80.2807617188,58456,58466,10
13.0493402481,80.2806625366,58466,58476,10
13.0482702255,80.2805023193,58476,58486,10
13.0472202301,80.2803497314,58486,58496,10
13.0462598801,80.2802276611,58496,58506,10
13.0457296371,80.2801589966,58506,58516,10
13.045630455,80.2801437378,58516,58526,10
13.0451202393,80.2800827026,58526,58537,11
13.0437498093,80.2798690796,58537,58567,30
13.0437498093,80.2798690796,58567,58577,10
13.0436296463,80.2798614502,58577,58587,10
13.0433502197,80.279800415,58587,58597,10
13.0427598953,80.2796630859,58597,58607,10
13.0419101715,80.2795028687,58607,58617,10
13.0409097672,80.2793197632,58617,58627,10
13.039899826,80.2790908813,58627,58637,10
13.0391902924,80.2789001465,58637,58648,11
13.0391197205,80.2788772583,58648,58658,10
13.0390300751,80.2788619995,58658,58668,10
13.0386695862,80.2787094116,58668,58678,10
13.0381097794,80.2785186768,58678,58688,10
13.0375099182,80.2783737183,58688,58698,10
13.0368795395,80.2781600952,58698,58708,10
13.03647995,80.2779998779,58708,58718,10
13.0361795425,80.2779083252,58718,58728,10
13.0358600616,80.2778396606,58728,58738,10
13.0356798172,80.2778015137,58738,58748,10
13.0354604721,80.2777633667,58748,58758,10
13.0348396301,80.277633667,58758,58817,59
13.0348396301,80.277633667,58817,58827,10
13.0345401764,80.2776107788,58827,58836,9
13.0344800949,80.2776031494,58836,58847,11
13.0340099335,80.2774581909,58847,58857,10
13.033370018,80.2774124146,58857,58867,10
13.0326404572,80.2774963379,58867,58878,11
13.0317602158,80.2775802612,58878,58888,10
13.0310497284,80.277381897,58888,58898,10
13.0307998657,80.2772293091,58898,58907,9
13.0307302475,80.2771835327,58907,58918,11
13.0302600861,80.2769165039,58918,58928,10
13.029540062,80.2766799927,58928,58938,10
13.0287799835,80.2764587402,58938,58948,10
13.0281600952,80.276222229,58948,58958,10
13.0274200439,80.2759017944,58958,58968,10
13.0266199112,80.2755432129,58968,58978,10
13.0260400772,80.2752914429,58978,58989,11
13.0259799957,80.2752609253,58989,58999,10
13.0257701874,80.2751693726,58999,59009,10
13.0252399445,80.2749328613,59009,59019,10
13.0245504379,80.2745895386,59019,59029,10
13.0239601135,80.2739028931,59029,59039,10
13.0234003067,80.2731170654,59039,59049,10
13.0227603912,80.2722625732,59049,59059,10
13.0220499039,80.2713165283,59059,59069,10
13.021320343,80.2704162598,59069,59079,10
13.0208997726,80.2699279785,59079,59089,10
13.0208597183,80.2698364258,59089,59100,11
13.0206003189,80.2695236206,59100,59110,10
13.0202102661,80.2689971924,59110,59120,10
13.019610405,80.2682800293,59120,59129,9
13.0191202164,80.2677001953,59129,59140,11
13.0186901093,80.2667236328,59140,59150,10
13.0186500549,80.2659378052,59150,59160,10
13.0187797546,80.2653427124,59160,59170,10
13.0190401077,80.2644577026,59170,59180,10
13.0190200806,80.263671875,59180,59190,10
13.0189599991,80.2632827759,59190,59200,10
13.0188798904,80.2627410889,59200,59210,10
13.0188598633,80.2625427246,59210,59221,11
13.0187902451,80.2619400024,59221,59231,10
13.0186300278,80.2613601685,59231,59241,10
13.0180397034,80.2609176636,59241,59251,10
13.0172395706,80.2603683472,59251,59261,10
13.0161104202,80.2597198486,59261,59281,20
13.0161104202,80.2597198486,59281,59291,10
13.0158395767,80.2595825195,59291,59301,10
13.0152597427,80.2594070435,59301,59311,10
13.0144796371,80.2593231201,59311,59321,10
13.0135602951,80.2592773438,59321,59332,11
13.0124397278,80.2592391968,59332,59342,10
13.0113697052,80.2591781616,59342,59352,10
13.0103397369,80.2592315674,59352,59362,10
13.0094099045,80.2592163086,59362,59378,16
13.0087099075,80.2592010498,59378,59390,12
13.0081796646,80.2591781616,59390,59400,10
13.0075597763,80.2594299316,59400,59410,10
13.0072002411,80.259979248,59410,59420,10
13.0071897507,80.2604064941,59420,59430,10
13.0072498322,80.2607421875,59430,59440,10
13.0073699951,80.2612609863,59440,59451,11
13.007399559,80.2613525391,59451,59461,10
13.0074796677,80.2615966797,59461,59471,10
13.0075902939,80.2621002197,59471,59480,9
13.0077104568,80.2625808716,59480,59491,11
13.0078201294,80.2630462646,59491,59500,9
13.0079097748,80.2634963989,59500,59511,11
13.0080099106,80.2638702393,59511,59521,10
13.0080299377,80.2646026611,59521,59531,10
13.0078802109,80.2655029297,59531,59541,10
13.0077400208,80.266166687,59541,59551,10
13.0075902939,80.266746521,59551,59562,11
13.0073699951,80.2676467896,59562,59572,10
13.0071697235,80.2685699463,59572,59582,10
13.0069999695,80.269569397,59582,59592,10
13.0067596436,80.2702102661,59592,59602,10
13.006360054,80.2705001831,59602,59612,10
13.0056400299,80.2701568604,59612,59622,10
13.0047998428,80.2696075439,59622,59632,10
13.0032396317,80.2687225342,59632,59652,20
13.0032396317,80.2687225342,59652,59662,10
13.0030899048,80.2686386108,59662,59673,11
13.0026798248,80.2683563232,59673,59683,10
13.0020999908,80.2679824829,59683,59693,10
13.0014801025,80.2676010132,59693,59703,10
13.0010204315,80.267326355,59703,59713,10
13.0009899139,80.2673187256,59713,59723,10
13.0007200241,80.2671279907,59723,59733,10
13.0002803802,80.2668762207,59733,59743,10
12.9996995926,80.2669830322,59743,59753,10
12.9989004135,80.2671966553,59753,59763,10
12.9981203079,80.2674179077,59763,59773,10
12.9974002838,80.267616272,59773,59784,11
12.9966201782,80.2677764893,59784,59793,9
12.9960699081,80.2677536011,59793,59804,11
12.9956703186,80.2676696777,59804,59814,10
12.9956502914,80.2673416138,59814,59824,10
12.9956502914,80.267326355,59824,59834,10
12.9956903458,80.2671813965,59834,59844,10
12.9957199097,80.2667694092,59844,59854,10
12.9957895279,80.2660827637,59854,59864,10
12.995880127,80.2652435303,59864,59874,10
12.9960098267,80.2643280029,59874,59884,10
12.9961004257,80.2634124756,59884,59895,11
12.9961700439,80.2626876831,59895,59905,10
12.9961700439,80.2626571655,59905,59915,10
12.9961996078,80.2624969482,59915,59925,10
12.9962396622,80.2620925903,59925,59935,10
12.9963102341,80.2615432739,59935,59945,10
12.9963998795,80.2607498169,59945,59955,10
12.9965000153,80.2599029541,59955,59965,10
12.9965600967,80.2590713501,59965,59975,10
12.9966602325,80.2581634521,59975,59985,10
12.9967403412,80.2573928833,59985,59995,10
12.9968004227,80.256652832,59995,60006,11
12.9968204498,80.2561035156,60006,60046,40
12.9969396591,80.2560119629,60046,60076,30
12.9969396591,80.2560119629,60076,60086,10
12.9969396591,80.2559204102,60086,60096,10
12.996919632,80.2555465698,60096,60106,10
12.9968595505,80.254989624,60106,60116,10
12.9966201782,80.25440979,60116,60127,11
12.9960803986,80.253868103,60127,60137,10
12.9955196381,80.2533569336,60137,60147,10
12.9950704575,80.252746582,60147,60157,10
12.9948396683,80.2524490356,60157,60167,10
12.9946804047,80.2524719238,60167,60177,10
12.9943599701,80.252571106,60177,60187,10
12.9943399429,80.252571106,60187,60197,10
12.9941701889,80.2526016235,60197,60207,10
12.9937200546,80.2527313232,60207,60223,16
12.9929504395,80.2529067993,60223,60235,12
12.9928998947,80.2529067993,60235,60246,11
12.9925603867,80.2529067993,60246,60256,10
12.9919595718,80.2530136108,60256,60266,10
12.9913702011,80.253326416,60266,60276,10
12.9910802841,80.2536468506,60276,60286,10
12.9908800125,80.25415802,60286,60296,10
12.9907999039,80.2551422119,60296,60306,10
12.9907398224,80.2559432983,60306,60316,10
12.9905796051,80.2560501099,60316,60326,10
12.9900598526,80.2560272217,60326,60336,10
12.9891996384,80.2559967041,60336,60347,11
12.9886302948,80.2559814453,60347,60407,60
12.9886302948,80.2559814453,60407,60417,10
12.9884395599,80.2559204102,60417,60427,10
12.9882202148,80.2558898926,60427,60437,10
12.9880800247,80.2558822632,60437,60447,10
12.9878196716,80.255859375,60447,60457,10
12.9875602722,80.2561569214,60457,60468,11
12.9875297546,80.2568206787,60468,60478,10
12.9875001907,80.257598877,60478,60488,10
12.9874296188,80.2585601807,60488,60498,10
12.987279892,80.2593994141,60498,60528,30
12.987279892,80.2593994141,60528,60538,10
12.987159729,80.2595977783,60538,60548,10
12.9868202209,80.2595596313,60548,60811,263
12.9868202209,80.2595596313,60811,60821,10
12.9866600037,80.2594985962,60821,60831,10
12.9866399765,80.2591400146,60831,60841,10
12.9869098663,80.2591171265,60841,60861,20
12.987039566,80.2591400146,60861,60901,40
12.987039566,80.2591400146,60901,60912,11
12.9873800278,80.2590637207,60912,60922,10
12.9874000549,80.258682251,60922,60932,10
12.9874401093,80.2581329346,60932,60942,10
12.9874696732,80.2574996948,60942,60952,10
12.9874801636,80.2571029663,60952,60962,10
12.9875097275,80.2569732666,60962,61043,81
12.9875097275,80.2569732666,61043,61053,10
12.9874696732,80.2566833496,61053,61063,10
12.9874801636,80.2563171387,61063,61073,10
12.9874897003,80.2559585571,61073,61083,10
12.987739563,80.2557983398,61083,61093,10
12.9881000519,80.2558364868,61093,61103,10
12.9884996414,80.2558898926,61103,61113,10
12.9885702133,80.2558898926,61113,61123,10
12.9887599945,80.255897522,61123,61134,11
12.9893102646,80.2559509277,61134,61144,10
12.9898996353,80.2559967041,61144,61154,10
12.9902896881,80.2559890747,61154,61164,10
12.9906301498,80.255897522,61164,61174,10
12.9907302856,80.255569458,61174,61184,10
12.9907503128,80.2550201416,61184,61194,10
12.9907798767,80.2544174194,61194,61204,10
12.9910802841,80.2537231445,61204,61214,10
12.9913396835,80.2533798218,61214,61224,10
12.9918603897,80.2530822754,61224,61234,10
12.9925498962,80.2529983521,61234,61244,10
12.9932603836,80.2529220581,61244,61255,11
12.9938097,80.252746582,61255,61265,10
12.9944000244,80.252571106,61265,61275,10
12.9948797226,80.2525024414,61275,61285,10
12.99518013,80.2529525757,61285,61305,20
12.99518013,80.2529525757,61305,61315,10
12.995349884,80.2531814575,61315,61325,10
12.9958200455,80.253616333,61325,61335,10
12.996430397,80.2542037964,61335,61345,10
12.9968299866,80.2548522949,61345,61355,10
12.996919632,80.2553024292,61355,61424,69
12.996919632,80.2553024292,61424,61434,10
12.9969301224,80.2555618286,61434,61444,10
12.9969596863,80.2557830811,61444,61546,102
12.9969596863,80.2557830811,61546,61556,10
12.9969997406,80.2559814453,61556,61566,10
12.9969501495,80.2562408447,61566,61576,10
12.9968996048,80.2566604614,61576,61587,11
12.9968500137,80.257019043,61587,61597,10
12.9968500137,80.2570419312,61597,61607,10
12.9968204498,80.2572021484,61607,61617,10
12.9967699051,80.2576980591,61617,61627,10
12.9967098236,80.2583694458,61627,61637,10
12.996629715,80.258972168,61637,61647,10
12.9965696335,80.2593917847,61647,61657,10
12.9965295792,80.2597579956,61657,61667,10
12.9964704514,80.2602920532,61667,61677,10
12.9963998795,80.2609405518,61677,61687,10
12.9963502884,80.2615585327,61687,61697,10
12.9962997437,80.2621078491,61697,61708,11
12.9962396622,80.2623977661,61708,61718,10
12.996219635,80.2624664307,61718,61728,10
12.9961700439,80.2628097534,61728,61738,10
12.9961299896,80.2633514404,61738,61748,10
12.9960603714,80.2641067505,61748,61758,10
12.9959697723,80.2649917603,61758,61768,10
12.9958600998,80.2659378052,61768,61778,10
12.9957504272,80.2669219971,61778,61788,10
12.9957103729,80.2676315308,61788,61798,10
12.9960803986,80.2677307129,61798,61827,29
12.9960803986,80.2677307129,61827,61837,10
12.9964599609,80.2677993774,61837,61846,9
12.996919632,80.2677764893,61846,61857,11
12.9976100922,80.2676010132,61857,61867,10
12.9982004166,80.2674407959,61867,61877,10
12.9990301132,80.2672119141,61877,61887,10
12.9997301102,80.2669906616,61887,61897,10
13.0003299713,80.2668762207,61897,61907,10
13.0005302429,80.2669906616,61907,61918,11
13.0009803772,80.2673110962,61918,61939,21
13.0009803772,80.2673110962,61939,61949,10
13.0010700226,80.2673721313,61949,61959,10
13.001449585,80.2676010132,61959,61969,10
13.0019798279,80.2679214478,61969,61979,10
13.0026197433,80.2683181763,61979,61989,10
13.0031700134,80.2686309814,61989,61999,10
13.0033798218,80.2687606812,61999,62009,10
13.0035104752,80.2688369751,62009,62019,10
13.0038795471,80.2690505981,62019,62029,10
13.0045003891,80.2694473267,62029,62040,11
13.0053195953,80.2699584961,62040,62050,10
13.0061397552,80.2704315186,62050,62060,10
13.0068302155,80.2701416016,62060,62070,10
13.0070495605,80.26927948,62070,62080,10
13.0071802139,80.2685165405,62080,62090,10
13.0073604584,80.2676010132,62090,62100,10
13.0075798035,80.2666778564,62100,62110,10
13.0076904297,80.2663192749,62110,62120,10
13.0078001022,80.2659225464,62120,62130,10
13.0079498291,80.2652206421,62130,62140,10
13.0080404282,80.2644195557,62140,62151,11
13.0079698563,80.2640304565,62151,62161,10
13.0078697205,80.2635421753,62161,62171,10
13.0077295303,80.2630004883,62171,62181,10
13.0076198578,80.2624816895,62181,62191,10
13.0074300766,80.2617874146,62191,62201,10
13.0073795319,80.2615432739,62201,62211,10
13.007349968,80.2613220215,62211,62221,10
13.0072402954,80.2609100342,62221,62231,10
13.0071697235,80.2605361938,62231,62241,10
13.0072402954,80.2600326538,62241,62251,10
13.0073204041,80.2593383789,62251,62261,10
13.0074195862,80.2587814331,62261,62282,21
13.0074195862,80.2587814331,62282,62292,10
13.0078897476,80.2587738037,62292,62302,10
13.0085000992,80.2589797974,62302,62312,10
13.0085401535,80.2590026855,62312,62322,10
13.0086803436,80.2590637207,62322,62332,10
13.0089597702,80.2591323853,62332,62342,10
13.0090904236,80.2591323853,62342,62352,10
13.0095901489,80.2591171265,62352,62362,10
13.0103702545,80.2591171265,62362,62372,10
13.0113401413,80.2590866089,62372,62383,11
13.0124702454,80.2591171265,62383,62393,10
13.0136003494,80.2591629028,62393,62403,10
13.0147695541,80.2592010498,62403,62413,10
13.0157299042,80.2593307495,62413,62423,10
13.0164604187,80.259727478,62423,62443,20
13.0164604187,80.259727478,62443,62453,10
13.0165500641,80.2598190308,62453,62463,10
13.0167303085,80.2599563599,62463,62480,17
13.017490387,80.2604980469,62480,62491,11
13.0181303024,80.2609176636,62491,62502,11
13.0187597275,80.2613677979,62502,62512,10
13.0191698074,80.26171875,62512,62522,10
13.0195198059,80.2620697021,62522,62532,10
13.0200195313,80.2625579834,62532,62542,10
13.0202703476,80.2629013062,62542,62552,10
13.0198602676,80.2629776001,62552,62562,10
13.0193996429,80.2629394531,62562,62572,10
13.0191497803,80.2629165649,62572,62582,10
13.018989563,80.2632064819,62582,62593,11
13.019109726,80.2638931274,62593,62604,11
13.0191297531,80.2640609741,62604,62614,10
13.019109726,80.2643890381,62614,62624,10
13.0189399719,80.2649993896,62624,62634,10
13.0188102722,80.2654800415,62634,62644,10
13.018699646,80.2660903931,62644,62654,10
13.0187702179,80.2669372559,62654,62664,10
13.0192298889,80.2677612305,62664,62673,9
13.0197401047,80.2684020996,62673,62683,10
13.0203399658,80.2691574097,62683,62694,11
13.0208101273,80.2697372437,62694,62704,10
13.0215196609,80.2705612183,62704,62725,21
13.0215196609,80.2705612183,62725,62735,10
13.0215301514,80.2705993652,62735,62745,10
13.0217695236,80.2709121704,62745,62755,10
13.0221796036,80.2714309692,62755,62765,10
13.0226602554,80.2720794678,62765,62775,10
13.0231399536,80.2727432251,62775,62795,20
13.0231399536,80.2727432251,62795,62805,10
13.0231800079,80.2727966309,62805,62815,10
13.023440361,80.273147583,62815,62825,10
13.0237398148,80.2735595703,62825,62876,51
13.0237398148,80.2735595703,62876,62886,10
13.0239896774,80.2738723755,62886,62896,10
13.0242996216,80.2742919922,62896,62906,10
13.0247001648,80.2746582031,62906,62916,10
13.0254297256,80.2749633789,62916,62936,20
13.0254297256,80.2749633789,62936,62947,11
13.0255498886,80.2750091553,62947,62957,10
13.0258598328,80.2751617432,62957,62968,11
13.0262699127,80.2753677368,62968,62978,10
13.0267400742,80.2755737305,62978,62988,10
13.0272397995,80.2758178711,62988,62998,10
13.0277395248,80.2760620117,62998,63008,10
13.028260231,80.2762832642,63008,63018,10
13.0287799835,80.2764892578,63018,63028,10
13.0292901993,80.2766418457,63028,63038,10
13.0299396515,80.276802063,63038,63059,21
13.0299396515,80.276802063,63059,63069,10
13.0302095413,80.2769317627,63069,63079,10
13.0307302475,80.2771987915,63079,63089,10
13.031370163,80.2775802612,63089,63099,10
13.0319700241,80.2776031494,63099,63109,10
13.0322303772,80.2775726318,63109,63119,10
13.0327501297,80.2775268555,63119,63139,20
13.0327501297,80.2775268555,63139,63149,10
13.0330600739,80.2774887085,63149,63159,10
13.0332298279,80.2774505615,63159,63170,11
13.0334796906,80.2773895264,63170,63180,10
13.0339603424,80.2774505615,63180,63190,10
13.0346498489,80.2776489258,63190,63200,10
13.0354499817,80.2778015137,63200,63210,10
13.036190033,80.2779388428,63210,63220,10
13.0369195938,80.2781829834,63220,63230,10
13.0374898911,80.2783584595,63230,63240,10
13.0380897522,80.2785110474,63240,63250,10
13.0389499664,80.2787399292,63250,63281,31
13.0389499664,80.2787399292,63281,63291,10
13.0390796661,80.2788085938,63291,63301,10
13.0393600464,80.2789077759,63301,63311,10
13.0399398804,80.279083252,63311,63321,10
13.0406103134,80.2792510986,63321,63331,10
13.0412197113,80.2793807983,63331,63341,10
13.0420398712,80.2794876099,63341,63351,10
13.043009758,80.279586792,63351,63361,10
13.043800354,80.2798233032,63361,63371,10
13.0445899963,80.2799682617,63371,63381,10
13.0457696915,80.2801208496,63381,63402,21
13.0457696915,80.2801208496,63402,63412,10
13.045920372,80.2801513672,63412,63422,10
13.0464200974,80.2802276611,63422,63432,10
13.0471897125,80.2803192139,63432,63442,10
13.0481395721,80.280456543,63442,63452,10
13.0490198135,80.2805709839,63452,63462,10
13.0493001938,80.2806091309,63462,63472,10
13.0493297577,80.2806167603,63472,63482,10
13.0496997833,80.2806777954,63482,63492,10
13.0503501892,80.2807998657,63492,63503,11
13.0506601334,80.2808609009,63503,63513,10
13.0508298874,80.2808837891,63513,63523,10
13.0514297485,80.2809677124,63523,63533,10
13.052280426,80.2810974121,63533,63549,16
13.0537796021,80.2813186646,63549,63561,12
13.0550098419,80.2815628052,63561,63571,10
13.0558300018,80.2817077637,63571,63581,10
13.056189537,80.2817764282,63581,63591,10
13.0565004349,80.2818374634,63591,63611,20
13.0565004349,80.2818374634,63611,63621,10
13.0570001602,80.2819519043,63621,63662,41
13.0570001602,80.2819519043,63662,63672,10
13.0571603775,80.2819900513,63672,63682,10
13.057510376,80.2820587158,63682,63692,10
13.0580501556,80.2821731567,63692,63702,10
13.0587596893,80.2823181152,63702,63712,10
13.0596103668,80.2824783325,63712,63722,10
13.060500145,80.2826690674,63722,63744,22
13.0628995895,80.2831802368,63744,63766,22
13.0628995895,80.2831802368,63766,63776,10
13.0631103516,80.283241272,63776,63786,10
13.0631198883,80.283241272,63786,63796,10
13.0633001328,80.2833023071,63796,63806,10
13.0637998581,80.2834320068,63806,63836,30
13.0637998581,80.2834320068,63836,63847,11
13.0639896393,80.2834625244,63847,63857,10
13.0645103455,80.2835769653,63857,63867,10
13.0654096603,80.2837905884,63867,63877,10
13.0664701462,80.2840270996,63877,63887,10
13.0673398972,80.2842330933,63887,63897,10
13.0675201416,80.2842712402,63897,63907,10
13.0675802231,80.2842788696,63907,63917,10
13.0679597855,80.2843093872,63917,63927,10
13.0685596466,80.2844314575,63927,63937,10
13.0693798065,80.2846221924,63937,63947,10
13.0703296661,80.2848815918,63947,63958,11
13.0715398788,80.2851715088,63958,63968,10
13.0725803375,80.2853164673,63968,63986,18
13.0733098984,80.2852478027,63986,63998,12
13.07351017,80.2852783203,63998,64008,10
13.0738697052,80.2854919434,64008,64018,10
13.0740404129,80.2857437134,64018,64028,10
13.0743703842,80.2861099243,64028,64038,10
13.0747404099,80.2863388062,64038,64048,10
13.0748901367,80.2864532471,64048,64058,10
13.0754003525,80.286781311,64058,64069,11
13.0763101578,80.2871322632,64069,64079,10
13.0773000717,80.2873764038,64079,64089,10
13.078379631,80.287651062,64089,64099,10
13.0794095993,80.2880401611,64099,64109,10
13.0803604126,80.2882385254,64109,64129,20
13.0803604126,80.2882385254,64129,64139,10
13.0805997849,80.2883682251,64139,64149,10
13.0812101364,80.28855896,64149,64159,10
13.0820598602,80.2888412476,64159,64168,9
13.0827999115,80.2891616821,64168,64180,12
13.0837097168,80.2892532349,64180,64189,9
13.0844802856,80.2892303467,64189,64200,11
13.0855398178,80.2892837524,64200,64210,10
13.0866203308,80.2895431519,64210,64220,10
13.0874996185,80.2898483276,64220,64230,10
13.0881204605,80.2901000977,64230,64240,10
13.0886697769,80.2901992798,64240,64291,51
13.0886697769,80.2901992798,64291,64301,10
13.088760376,80.2901992798,64301,64311,10
13.0888595581,80.2903823853,64311,64321,10
13.0886001587,80.2904434204,64321,64331,10
13.0881795883,80.290222168,64331,64341,10
13.0876197815,80.2899932861,64341,64351,10
13.0869598389,80.2897567749,64351,64361,10
13.0863704681,80.2895965576,64361,64371,10
13.0857801437,80.2894592285,64371,64381,10
13.085439682,80.2889404297,64381,64391,10
13.085149765,80.2882003784,64391,64402,11
13.0851097107,80.287651062,64402,64412,10
13.0851602554,80.2869033813,64412,64422,10
13.0852499008,80.2859802246,64422,64432,10
13.0853395462,80.2850570679,64432,64442,10
13.0852499008,80.2842636108,64442,64452,10
13.0853996277,80.2838516235,64452,64462,10
13.085439682,80.2837371826,64462,64472,10
13.0855998993,80.2836074829,64472,64482,10
13.0859298706,80.2836074829,64482,64492,10
13.086230278,80.2836303711,64492,64502,10
13.086640358,80.2839431763,64502,64583,81
13.086640358,80.2839431763,64583,64593,10
13.0868997574,80.2840194702,64593,64603,10
13.0871400833,80.283996582,64603,64613,10
13.0877103806,80.2840194702,64613,64714,101
13.0877103806,80.2840194702,64714,64724,10
13.0881299973,80.2840576172,64724,64745,21
13.0881299973,80.2840576172,64745,64755,10
13.0881500244,80.2838821411,64755,64765,10
13.0882301331,80.2836914063,64765,64775,10
13.0883302689,80.2834396362,64775,64785,10
13.0883197784,80.2830963135,64785,64795,10
13.0883102417,80.2830429077,64795,64805,10
13.0883302689,80.2828063965,64805,64815,10
13.0883102417,80.2825317383,64815,64825,10
13.0882701874,80.2823028564,64825,64835,10
13.0881299973,80.2817764282,64835,64845,10
13.0882101059,80.2814865112,64845,64856,11
13.08852005,80.2816162109,64856,64866,10
13.0885095596,80.2819290161,64866,64876,10
13.0884599686,80.2822418213,64876,64886,10
13.0884304047,80.2825012207,64886,64896,10
13.0883398056,80.2829208374,64896,64906,10
13.0883598328,80.2835769653,64906,64916,10
13.0883798599,80.2840270996,64916,64926,10
13.0883903503,80.2843322754,64926,64936,10
13.0884103775,80.284538269,64936,64946,10
13.0884504318,80.2850570679,64946,65057,111
13.0884504318,80.2850570679,65057,65067,10
13.08852005,80.2852478027,65067,65078,11
13.08852005,80.2855529785,65078,65088,10
13.0885295868,80.2857894897,65088,65098,10
13.0885400772,80.2861175537,65098,65107,9
13.088549614,80.2865066528,65107,65118,11
13.0885601044,80.2868423462,65118,65128,10
13.0885896683,80.2873687744,65128,65138,10
13.0886001587,80.2875900269,65138,65148,10
13.0886201859,80.2878723145,65148,65158,10
13.0886697769,80.2883987427,65158,65168,10
13.0887002945,80.2886734009,65168,65178,10
13.0887804031,80.2892608643,65178,65199,21
13.0887804031,80.2892608643,65199,65209,10
13.0887899399,80.2893600464,65209,65219,10
13.0888004303,80.2895584106,65219,65235,16
13.0888299942,80.2898788452,65235,65247,12
13.0888395309,80.2903137207,65247,65257,10
13.0885801315,80.2904205322,65257,65267,10
13.0881700516,80.2901992798,65267,65277,10
13.087679863,80.2899703979,65277,65287,10
13.0869398117,80.2896499634,65287,65297,10
13.0860996246,80.2893981934,65297,65308,11
13.0851697922,80.2891921997,65308,65318,10
13.0843400955,80.2892227173,65318,65328,10
13.0836601257,80.2892303467,65328,65338,10
13.0830097198,80.2892303467,65338,65347,9
13.082159996,80.2888793945,65347,65358,11
13.081319809,80.2885818481,65358,65368,10
13.080739975,80.2883987427,65368,65377,9
13.080499649,80.2883071899,65377,65387,10
13.0802202225,80.288230896,65387,65398,11
13.0801401138,80.2882232666,65398,65408,10
13.0799503326,80.2881774902,65408,65419,11
13.0794200897,80.2880935669,65419,65429,10
13.0787200928,80.2877883911,65429,65439,10
13.0778503418,80.2875518799,65439,65449,10
13.0769395828,80.287322998,65449,65459,10
13.075920105,80.2870483398,65459,65469,10
13.0750703812,80.2866287231,65469,65479,10
13.074090004,80.2861709595,65479,65509,30
13.074090004,80.2861709595,65509,65519,10
13.0737800598,80.2860870361,65519,65529,10
13.0732498169,80.285949707,65529,65540,11
13.0726299286,80.2855834961,65540,65549,9
13.0718898773,80.2853164673,65549,65561,12
13.070690155,80.2850189209,65561,65571,10
13.0697202682,80.2847824097,65571,65581,10
13.0692796707,80.2846984863,65581,65591,10
13.0690402985,80.2846374512,65591,65601,10
13.0688400269,80.2845993042,65601,65621,20
13.0688400269,80.2845993042,65621,65631,10
13.0687198639,80.2845611572,65631,65641,10
13.0684204102,80.2845077515,65641,65652,11
13.0681200027,80.2844390869,65652,65662,10
13.0676803589,80.2843780518,65662,65672,10
13.0668401718,80.2842025757,65672,65682,10
13.0658502579,80.2839813232,65682,65692,10
13.0650100708,80.2837905884,65692,65702,10
13.0642700195,80.2836227417,65702,65742,40
13.0642700195,80.2836227417,65742,65753,11
13.0642299652,80.2836074829,65753,65763,10
13.0638799667,80.283493042,65763,65773,10
13.0632801056,80.2833404541,65773,65783,10
13.0627498627,80.2832183838,65783,65793,10
13.0625295639,80.2831802368,65793,65803,10
13.0625,80.2831573486,65803,65813,10
13.062210083,80.2830886841,65813,65823,10
13.0619096756,80.2830200195,65823,65833,10
13.0617399216,80.2829818726,65833,65843,10
13.0615301132,80.282951355,65843,65853,10
13.0611600876,80.2828369141,65853,65863,10
13.0607299805,80.2827835083,65863,65874,11
13.0607004166,80.2827835083,65874,65884,10
13.0604600906,80.2827072144,65884,65894,10
13.0599498749,80.2826004028,65894,65904,10
13.0592002869,80.2824630737,65904,65914,10
13.0584096909,80.2822875977,65914,65924,10
13.0578899384,80.2821884155,65924,65934,10
13.0578203201,80.2821807861,65934,65944,10
13.0577201843,80.2821578979,65944,65953,9
13.0573797226,80.282081604,65953,65964,11
13.05671978,80.2819519043,65964,65974,10
13.0566797256,80.2819366455,65974,65985,11
13.0564098358,80.2818832397,65985,65995,10
13.0558099747,80.2817611694,65995,66005,10
13.0549602509,80.2815628052,66005,66015,10
13.0539703369,80.2813796997,66015,66025,10
13.0529098511,80.2811965942,66025,66035,10
13.0518798828,80.2810592651,66035,66046,11
13.0513601303,80.2809906006,66046,66056,10
13.0511302948,80.280960083,66056,66066,10
13.0506601334,80.2808914185,66066,66076,10
13.050330162,80.2808380127,66076,66086,10
13.0502700806,80.2808303833,66086,66097,11
13.0497999191,80.2807617188,66097,66107,10
13.0491600037,80.2806625366,66107,66117,10
13.0483198166,80.2805404663,66117,66127,10
13.0474395752,80.2804107666,66127,66137,10
13.0465698242,80.2802886963,66137,66147,10
13.0459098816,80.2802200317,66147,66157,10
13.0456800461,80.2801895142,66157,66167,10
13.045630455,80.2801818848,66167,66177,10
13.0452404022,80.280128479,66177,66187,10
13.0445604324,80.2800292969,66187,66197,10
13.0437002182,80.2798995972,66197,66208,11
13.0428199768,80.2796936035,66208,66217,9
13.0420398712,80.2795410156,66217,66228,11
13.0411195755,80.2793731689,66228,66238,10
13.0404195786,80.2792205811,66238,66248,10
13.0397701263,80.2790527344,66248,66258,10
13.0391798019,80.2788619995,66258,66278,20
13.0391798019,80.2788619995,66278,66288,10
13.0390796661,80.2788619995,66288,66298,10
13.0389204025,80.2788314819,66298,66308,10
13.0384998322,80.278678894,66308,66319,11
13.0377397537,80.2784423828,66319,66329,10
13.0371799469,80.2782897949,66329,66339,10
13.0367002487,80.2781219482,66339,66349,10
13.0362901688,80.2779769897,66349,66359,10
13.0358600616,80.2778701782,66359,66369,10
13.0354204178,80.2777862549,66369,66379,10
13.0348396301,80.2776794434,66379,66389,10
13.0341997147,80.2775268555,66389,66399,10
13.0337696075,80.2774276733,66399,66409,10
13.0336399078,80.2774200439,66409,66419,10
13.0332403183,80.2774887085,66419,66436,17
13.0325603485,80.2775268555,66436,66448,12
13.0320196152,80.2775802612,66448,66455,7
13.0317497253,80.2776184082,66455,66465,10
13.0310697556,80.2773895264,66465,66490,25
13.0310697556,80.2773895264,66490,66500,10
13.0308198929,80.2772827148,66500,66510,10
13.0303602219,80.2770462036,66510,66520,10
13.0298299789,80.27684021,66520,66530,10
13.0291204453,80.2766494751,66530,66540,10
13.0286397934,80.2764587402,66540,66550,10
13.0283603668,80.2763366699,66550,66561,11
13.0277299881,80.2760467529,66561,66570,9
13.0270700455,80.2757797241,66570,66581,11
13.0261497498,80.2753601074,66581,66601,20
13.0258998871,80.2752380371,66601,66621,20
13.0258998871,80.2752380371,66621,66630,9
13.0257997513,80.2751998901,66630,66641,11
13.0253801346,80.2750015259,66641,66651,10
13.024720192,80.2747268677,66651,66661,10
13.0241804123,80.2742462158,66661,66672,11
13.0237398148,80.273651123,66672,66682,10
13.0232200623,80.2729492188,66682,66692,10
13.0227203369,80.2722702026,66692,66702,10
13.0221796036,80.2715606689,66702,66712,10
13.0216999054,80.2709274292,66712,66722,10
13.0212697983,80.2704086304,66722,66732,10
13.021030426,80.2701263428,66732,66742,10
13.021030426,80.2701187134,66742,66752,10
13.021030426,80.2700424194,66752,66762,10
13.0208396912,80.2698364258,66762,66773,11
13.0204496384,80.2693786621,66773,66783,10
13.0200195313,80.2688598633,66783,66793,10
13.0195198059,80.2682571411,66793,66803,10
13.0190401077,80.2676925659,66803,66812,9
13.0188798904,80.2675018311,66812,66823,11
13.0187101364,80.2671203613,66823,66833,10
13.0185699463,80.2663421631,66833,66843,10
13.0186195374,80.2658309937,66843,66853,10
13.0187902451,80.2651672363,66853,66862,9
13.0190095901,80.2644195557,66862,66873,11
13.0189599991,80.263633728,66873,66884,11
13.0188703537,80.2630767822,66884,66904,20
13.0188703537,80.2630767822,66904,66914,10
13.0188798904,80.2627868652,66914,66924,10
13.0188102722,80.2622680664,66924,66934,10
13.0187397003,80.2617263794,66934,66944,10
13.018699646,80.2614822388,66944,66954,10
13.0186004639,80.2613296509,66954,66964,10
13.0183897018,80.261177063,66964,66974,10
13.0180397034,80.2609405518,66974,66984,10
13.0175800323,80.2606277466,66984,66994,10
13.0170202255,80.2602615356,66994,67005,11
13.0163698196,80.2598571777,67005,67015,10
13.0162000656,80.2597885132,67015,67025,10
13.0160799026,80.2597427368,67025,67035,10
13.0156698227,80.259552002,67035,67045,10
13.0150203705,80.2593994141,67045,67055,10
13.0142498016,80.2593536377,67055,67065,10
13.0133399963,80.2593078613,67065,67075,10
13.0124101639,80.2592773438,67075,67085,10
13.0115203857,80.2592391968,67085,67095,10
13.010720253,80.259262085,67095,67105,10
13.0098495483,80.2592697144,67105,67116,11
13.0090503693,80.2592391968,67116,67126,10
13.0087003708,80.259262085,67126,67136,10
13.0082998276,80.2592468262,67136,67146,10
13.0077295303,80.2593994141,67146,67156,10
13.0072603226,80.2598419189,67156,67166,10
13.0071401596,80.2603302002,67166,67176,10
13.0072002411,80.2605514526,67176,67186,10
13.0072097778,80.2606430054,67186,67196,10
13.0072898865,80.2610168457,67196,67206,10
13.0074195862,80.2615127563,67206,67216,10
13.0074300766,80.2615203857,67216,67227,11
13.0074796677,80.2617874146,67227,67237,10
13.0076303482,80.2623825073,67237,67247,10
13.0077600479,80.2629089355,67247,67257,10
13.0078496933,80.2633209229,67257,67267,10
13.0079898834,80.2638778687,67267,67277,10
13.0080499649,80.2645568848,67277,67287,10
13.0079097748,80.2653579712,67287,67297,10
13.0077400208,80.2661209106,67297,67307,10
13.0075902939,80.2667617798,67307,67317,10
13.007399559,80.2675628662,67317,67327,10
13.0072002411,80.268447876,67327,67338,11
13.0070199966,80.2694473267,67338,67348,10
13.0067100525,80.270362854,67348,67358,10
13.0060100555,80.2704315186,67358,67368,10
13.0052604675,80.2699584961,67368,67378,10
13.0044698715,80.2694473267,67378,67388,10
13.0037603378,80.2689971924,67388,67398,10
13.0032300949,80.2687606812,67398,67408,10
13.0031995773,80.2687530518,67408,67418,10
13.0030202866,80.2686233521,67418,67428,10
13.0026397705,80.268371582,67428,67438,10
13.0020799637,80.2680282593,67438,67449,11
13.001540184,80.2676773071,67449,67459,10
13.0009498596,80.2673416138,67459,67489,30
13.0009498596,80.2673416138,67489,67499,10
13.0006599426,80.2671279907,67499,67509,10
13.0001001358,80.2668991089,67509,67519,10
12.9994697571,80.2670593262,67519,67529,10
12.998840332,80.2672424316,67529,67539,10
12.9982795715,80.2673873901,67539,67549,10
12.9977903366,80.2675323486,67549,67560,11
12.9972496033,80.2676925659,67560,67570,10
12.9966897964,80.2677993774,67570,67580,10
12.9961395264,80.267791748,67580,67590,10
12.9957399368,80.2677536011,67590,67600,10
12.9956502914,80.2673797607,67600,67640,40
12.9956502914,80.2673797607,67640,67650,10
12.9956502914,80.2671813965,67650,67660,10
12.9957103729,80.2667007446,67660,67670,10
12.9957895279,80.2660217285,67670,67681,11
12.9958696365,80.265296936,67681,67691,10
12.995929718,80.2647476196,67691,67701,10
12.9960002899,80.2641906738,67701,67711,10
12.9960603714,80.263633728,67711,67721,10
12.9961204529,80.2630767822,67721,67731,10
12.9961595535,80.2626724243,67731,67741,10
12.9961700439,80.2626190186,67741,67751,10
12.9961996078,80.2624969482,67751,67761,10
12.9962596893,80.2621536255,67761,67771,10
12.9962902069,80.2617416382,67771,67782,11
12.9963302612,80.2612075806,67782,67792,10
12.9963598251,80.2609634399,67792,67802,10
12.996430397,80.2604293823,67802,67812,10
12.9964799881,80.2598419189,67812,67822,10
12.996509552,80.2592697144,67822,67832,10
12.9965896606,80.2586593628,67832,67842,10
12.9966802597,80.2578887939,67842,67852,10
12.9967403412,80.2572021484,67852,67862,10
12.9967603683,80.2567214966,67862,67953,91
12.9967603683,80.2567214966,67953,67963,10
12.9968099594,80.2565765381,67963,67973,10
12.9968299866,80.2561416626,67973,67983,10
12.9968395233,80.2555236816,67983,67993,10
12.9967699051,80.2548217773,67993,68003,10
12.9964704514,80.2543029785,68003,68014,11
12.9959602356,80.2538070679,68014,68024,10
12.9954996109,80.2533721924,68024,68034,10
12.9951000214,80.2528610229,68034,68044,10
12.9944000244,80.2526321411,68044,68072,28
12.9944000244,80.2526321411,68072,68082,10
12.9942502975,80.2526626587,68082,68092,10
12.9938697815,80.2527313232,68092,68102,10
12.9934997559,80.2527923584,68102,68112,10
12.9930400848,80.2528991699,68112,68122,10
12.9925603867,80.2529373169,68122,68132,10
12.9920196533,80.2529830933,68132,68143,11
12.9915399551,80.2531661987,68143,68153,10
12.9911003113,80.2536010742,68153,68163,10
12.9908800125,80.254119873,68163,68173,10
12.9907999039,80.2548599243,68173,68183,10
12.99077034,80.2555007935,68183,68193,10
12.9907302856,80.2559967041,68193,68203,10
12.990480423,80.2560806274,68203,68213,10
12.9899702072,80.256072998,68213,68222,9
12.9894895554,80.2560577393,68222,68234,12
12.9891796112,80.2560424805,68234,68243,9
12.988940239,80.2560272217,68243,68344,101
12.988940239,80.2560272217,68344,68355,11
12.9887399673,80.2559967041,68355,68365,10
12.9884395599,80.2559585571,68365,68375,10
12.9881496429,80.2559204102,68375,68385,10
12.987739563,80.2558898926,68385,68395,10
12.9875802994,80.2562789917,68395,68405,10
12.9875297546,80.2569122314,68405,68415,10
12.9874601364,80.2576217651,68415,68425,10
12.9874000549,80.258430481,68425,68435,10
12.9873504639,80.2590484619,68435,68445,10
12.9873399734,80.2591400146,68445,68455,10
12.9872398376,80.2594299316,68455,68514,59
12.9872398376,80.2594299316,68514,68524,10
12.9871196747,80.2596664429,68524,68534,10
12.9869804382,80.2595977783,68534,68544,10
12.9869804382,80.2592926025,68544,68706,162
12.9869804382,80.2592926025,68706,68716,10
12.9870796204,80.2591705322,68716,68726,10
12.9872598648,80.2591400146,68726,68736,10
12.9873199463,80.2588577271,68736,68746,10
12.9873399734,80.2585678101,68746,68756,10
12.9873399734,80.2584228516,68756,68766,10
12.9873600006,80.2580718994,68766,68776,10
12.9873800278,80.2575683594,68776,68786,10
12.9874000549,80.2570266724,68786,68837,51
12.9874000549,80.2570266724,68837,68847,10
12.9875097275,80.2568435669,68847,68857,10
12.9875202179,80.2565383911,68857,68867,10
12.9875097275,80.2563171387,68867,68877,10
12.9875202179,80.2559814453,68877,68887,10
12.9876804352,80.2557525635,68887,68897,10
12.987830162,80.2557907104,68897,68907,10
12.9881601334,80.255859375,68907,68928,21
12.9881601334,80.255859375,68928,68938,10
12.988240242,80.255897522,68938,68948,10
12.9886398315,80.2559509277,68948,68968,20
12.9886398315,80.2559509277,68968,68978,10
12.9887695313,80.2559585571,68978,68988,10
12.9891300201,80.2559967041,68988,68998,10
12.9895200729,80.2560424805,68998,69008,10
12.989859581,80.2560806274,69008,69019,11
12.9900398254,80.256111145,69019,69029,10
12.99036026,80.256072998,69029,69039,10
12.9906702042,80.2559509277,69039,69049,10
12.9907197952,80.2555999756,69049,69059,10
12.9907503128,80.2550888062,69059,69069,10
12.99077034,80.2545700073,69069,69079,10
12.9909095764,80.2539901733,69079,69089,10
12.9912204742,80.2535324097,69089,69099,10
12.9916296005,80.2532196045,69099,69109,10
12.9920701981,80.2530593872,69109,69119,10
12.9925403595,80.2530212402,69119,69129,10
12.9929199219,80.2529983521,69129,69140,11
12.9933204651,80.2528991699,69140,69156,16
12.9940595627,80.2526931763,69156,69168,12
12.9945201874,80.2525482178,69168,69178,10
12.9948196411,80.2524795532,69178,69188,10
12.9951200485,80.2529220581,69188,69208,20
12.9951200485,80.2529220581,69208,69218,10
12.995349884,80.2532501221,69218,69228,10
12.9958200455,80.2537231445,69228,69238,10
12.9962701797,80.2541427612,69238,69249,11
12.9966802597,80.2545776367,69249,69259,10
12.9967899323,80.2549285889,69259,69269,10
12.9968996048,80.255607605,69269,69380,111
12.9968996048,80.255607605,69380,69390,10
12.9969501495,80.2558670044,69390,69400,10
12.996919632,80.2561569214,69400,69410,10
12.9968795776,80.256401062,69410,69420,10
12.9968204498,80.2570800781,69420,69450,30
12.9968204498,80.2570800781,69450,69460,10
12.9967803955,80.2572937012,69460,69470,10
12.9967403412,80.2576599121,69470,69481,11
12.9966802597,80.2581329346,69481,69491,10
12.9966402054,80.2585525513,69491,69501,10
12.9966001511,80.2589111328,69501,69511,10
12.9965600967,80.2593231201,69511,69521,10
12.996509552,80.2597198486,69521,69531,10
12.9964799881,80.2601623535,69531,69541,10
12.9964199066,80.2608337402,69541,69622,81
12.9964199066,80.2608337402,69622,69632,10
12.9963903427,80.2611236572,69632,69642,10
12.996339798,80.2614898682,69642,69652,10
12.9963197708,80.2617874146,69652,69662,10
12.9963102341,80.2619094849,69662,69672,10
12.9962596893,80.26222229,69672,69703,31
12.9962596893,80.26222229,69703,69713,10
12.9961795807,80.2625427246,69713,69723,10
12.9961500168,80.262840271,69723,69733,10
12.9961004257,80.2632827759,69733,69743,10
12.9960603714,80.2638473511,69743,69753,10
12.9959802628,80.2644729614,69753,69763,10
12.9959096909,80.2651062012,69763,69773,10
12.9958400726,80.2658004761,69773,69783,10
12.995759964,80.2665100098,69783,69793,10
12.9956998825,80.2672195435,69793,69803,10
12.9959001541,80.2677230835,69803,69834,31
12.9959001541,80.2677230835,69834,69844,10
12.9961204529,80.267791748,69844,69854,10
12.9966802597,80.2678527832,69854,69864,10
12.9973602295,80.2676773071,69864,69874,10
12.9980602264,80.2674713135,69874,69884,10
12.9987401962,80.2672729492,69884,69894,10
12.9995002747,80.267036438,69894,69904,10
13.0002002716,80.2668380737,69904,69914,10
13.0010004044,80.267326355,69914,69935,21
13.0010004044,80.267326355,69935,69945,10
13.0012102127,80.2674789429,69945,69955,10
13.001709938,80.267791748,69955,69965,10
13.0023002625,80.2681503296,69965,69975,10
13.0029401779,80.2685394287,69975,69985,10
13.0032396317,80.268699646,69985,69995,10
13.0033798218,80.2687911987,69995,70005,10
13.0035200119,80.2688980103,70005,70015,10
13.003950119,80.2691726685,70015,70025,10
13.0047597885,80.2696762085,70025,70035,10
13.0057296753,80.2702636719,70035,70046,11
13.006649971,80.2703018188,70046,70056,10
13.0069599152,80.269493103,70056,70066,10
13.0071001053,80.2685165405,70066,70076,10
13.0073699951,80.2674484253,70076,70086,10
13.0076198578,80.2665100098,70086,70096,10
13.0077400208,80.2660369873,70096,70106,10
13.0078496933,80.2655029297,70106,70116,10
13.0080003738,80.2647323608,70116,70126,10
13.0080099106,80.2640914917,70126,70136,10
13.007900238,80.2634735107,70136,70146,10
13.0077695847,80.2628936768,70146,70157,11
13.0076704025,80.2624969482,70157,70167,10
13.007519722,80.2618408203,70167,70183,16
13.0073795319,80.2613372803,70183,70195,12
13.0072603226,80.2607727051,70195,70205,10
13.0071697235,80.2601928711,70205,70215,10
13.0073204041,80.2595062256,70215,70225,10
13.0074100494,80.2587432861,70225,70256,31
13.0074100494,80.2587432861,70256,70267,11
13.0077800751,80.2587280273,70267,70277,10
13.0082702637,80.2589263916,70277,70287,10
13.0082902908,80.2589263916,70287,70297,10
13.0083799362,80.2589797974,70297,70307,10
13.0087203979,80.2590789795,70307,70317,10
13.0090799332,80.2591171265,70317,70327,10
13.0096797943,80.2591323853,70327,70337,10
13.0105104446,80.259147644,70337,70347,10
13.0115003586,80.2591400146,70347,70357,10
13.0125703812,80.2591705322,70357,70367,10
13.0137195587,80.2592086792,70367,70378,11
13.0149002075,80.259262085,70378,70388,10
13.0157604218,80.2594070435,70388,70398,10
13.0163002014,80.2596817017,70398,70408,10
13.0163803101,80.2597427368,70408,70418,10
13.0166397095,80.2599563599,70418,70428,10
13.0171899796,80.2603225708,70428,70444,16
13.0181102753,80.2609634399,70444,70456,12
13.018699646,80.2613830566,70456,70466,10
13.0191898346,80.2618026733,70466,70476,10
13.0195798874,80.2621765137,70476,70486,10
13.0198097229,80.2623901367,70486,70497,11
13.0200500488,80.262588501,70497,70507,10
13.0203304291,80.262802124,70507,70628,121
13.0203304291,80.262802124,70628,70638,10
13.0200004578,80.2630691528,70638,70648,10
13.0198202133,80.2630386353,70648,70658,10
13.0195798874,80.2630310059,70658,70668,10
13.0192098618,80.2629928589,70668,70678,10
13.0189599991,80.2631378174,70678,70688,10
13.0190296173,80.263671875,70688,70698,10
13.0190696716,80.2643432617,70698,70708,10
13.0188798904,80.2650985718,70708,70719,11
13.0187501907,80.2656021118,70719,70729,10
13.0186395645,80.2663192749,70729,70739,10
13.0187902451,80.2672271729,70739,70749,10
13.0193300247,80.2679977417,70749,70759,10
13.0199203491,80.2687301636,70759,70769,10
13.020529747,80.2694778442,70769,70779,10
13.0209798813,80.2699966431,70779,70789,10
13.0213603973,80.2704162598,70789,70799,10
13.0214395523,80.2705001831,70799,70809,10
13.0216197968,80.2707290649,70809,70819,10
13.0220603943,80.2712783813,70819,70880,61
13.0220603943,80.2712783813,70880,70890,10
13.022190094,80.2714767456,70890,70900,10
13.0224704742,80.2718429565,70900,70910,10
13.023059845,80.2726211548,70910,70920,10
13.0235996246,80.2733612061,70920,70930,10
13.0240802765,80.2740325928,70930,70941,11
13.0245504379,80.2745819092,70941,70950,9
13.0250396729,80.2748184204,70950,70961,11
13.0254201889,80.2749633789,70961,70971,10
13.0254297256,80.2749633789,70971,70981,10
13.0255699158,80.2750396729,70981,70991,10
13.0259599686,80.2752304077,70991,71001,10
13.0265102386,80.2754974365,71001,71011,10
13.0270996094,80.2757568359,71011,71020,9
13.0276498795,80.2760620117,71020,71031,11
13.028380394,80.2763519287,71031,71041,10
13.0290203094,80.2765808105,71041,71052,11
13.0295801163,80.2767410278,71052,71062,10
13.0298204422,80.2767791748,71062,71072,10
13.0298995972,80.2768096924,71072,71082,10
13.0300502777,80.2768707275,71082,71092,10
13.0304698944,80.2770614624,71092,71102,10
13.0310497284,80.2774124146,71102,71112,10
13.0318002701,80.2776031494,71112,71122,10
13.0325098038,80.2775497437,71122,71132,10
13.0327100754,80.2775421143,71132,71142,10
13.0330400467,80.2774963379,71142,71162,20
13.0330400467,80.2774963379,71162,71173,11
13.0332403183,80.2774810791,71173,71183,10
13.0335903168,80.2774124146,71183,71193,10
13.0340995789,80.2775268555,71193,71203,10
13.0347003937,80.2776565552,71203,71213,10
13.0352401733,80.2777481079,71213,71223,10
13.0356397629,80.2778396606,71223,71233,10
13.0360298157,80.2779083252,71233,71243,10
13.0367698669,80.278137207,71243,71253,10
13.0372896194,80.2783279419,71253,71263,10
13.0377902985,80.2784500122,71263,71274,11
13.0385704041,80.2786483765,71274,71284,10
13.038860321,80.278717041,71284,71294,10
13.0390701294,80.2788085938,71294,71304,10
13.0394802094,80.2789535522,71304,71314,10
13.0401601791,80.2791595459,71314,71324,10
13.0409803391,80.2793502808,71324,71334,10
13.0417499542,80.2794799805,71334,71344,10
13.0425796509,80.2795562744,71344,71354,10
13.0430698395,80.2796020508,71354,71405,51
13.0430698395,80.2796020508,71405,71415,10
13.0432395935,80.2796401978,71415,71425,10
13.0437202454,80.2798080444,71425,71435,10
13.0444002151,80.2799530029,71435,71445,10
13.0451498032,80.2800598145,71445,71455,10
13.0457296371,80.280128479,71455,71464,9
13.0457801819,80.2801437378,71464,71474,10
13.0461597443,80.2801971436,71474,71485,11
13.0468502045,80.2802886963,71485,71495,10
13.0476703644,80.2804031372,71495,71506,11
13.0486402512,80.2805404663,71506,71516,10
13.0492601395,80.2806167603,71516,71526,10
13.0493001938,80.2806167603,71526,71536,10
13.0495996475,80.280670166,71536,71546,10
13.0501804352,80.2807617188,71546,71556,10
13.0505599976,80.2808227539,71556,71566,10
13.0505695343,80.2808227539,71566,71576,10
13.050860405,80.2808609009,71576,71586,10
13.0514802933,80.280960083,71586,71596,10
13.0523099899,80.2810897827,71596,71606,10
13.0532197952,80.2812271118,71606,71617,11
13.0542201996,80.2814178467,71617,71626,9
13.0550403595,80.281578064,71626,71637,11
13.0564002991,80.281829834,71637,71657,20
13.0564002991,80.281829834,71657,71667,10
13.0564899445,80.2818527222,71667,71677,10
13.0569000244,80.2819366455,71677,71687,10
13.0574302673,80.2820587158,71687,71697,10
13.0581598282,80.2822113037,71697,71707,10
13.0590801239,80.2824020386,71707,71717,10
13.0600500107,80.2826004028,71717,71728,11
13.0610303879,80.2828216553,71728,71738,10
13.061829567,80.282989502,71738,71748,10
13.063079834,80.283241272,71748,71788,40
13.063079834,80.283241272,71788,71798,10
13.0632801056,80.2833099365,71798,71808,10
13.0637903214,80.2834320068,71808,71834,26
13.0637903214,80.2834320068,71834,71847,13
13.0638599396,80.2834396362,71847,71857,10
13.0641698837,80.2835235596,71857,71867,10
13.0648002625,80.2836608887,71867,71877,10
13.0656204224,80.2838363647,71877,71887,10
13.0664396286,80.2840194702,71887,71896,9
13.0672998428,80.2842025757,71896,71909,13
13.0681200027,80.2843399048,71909,71919,10
13.068860054,80.2845077515,71919,71929,10
13.069729805,80.2847290039,71929,71939,10
13.0706796646,80.2849807739,71939,71949,10
13.07172966,80.2852401733,71949,71960,11
13.0727300644,80.2853317261,71960,71970,10
13.0732898712,80.2852630615,71970,71980,10
13.0733299255,80.2852630615,71980,71990,10
13.0733699799,80.2852706909,71990,72000,10
13.0736999512,80.2853927612,72000,72010,10
13.0740804672,80.2858734131,72010,72020,10
13.0745801926,80.2862930298,72020,72030,10
13.0747404099,80.2863693237,72030,72040,10
13.0750102997,80.286567688,72040,72050,10
13.0755500793,80.2868804932,72050,72059,9
13.0762500763,80.2871170044,72059,72071,12
13.0774002075,80.2874298096,72071,72081,10
13.0783395767,80.2876815796,72081,72091,10
13.0792198181,80.2880172729,72091,72101,10
13.0800600052,80.2882003784,72101,72111,10
13.0806598663,80.2883071899,72111,72121,10
13.0808801651,80.2883987427,72121,72131,10
13.0811195374,80.2884902954,72131,72141,10
13.0817098618,80.2887191772,72141,72151,10
13.082400322,80.2889633179,72151,72161,10
13.0832004547,80.2892379761,72161,72171,10
13.0840797424,80.2892303467,72171,72182,11
13.0851697922,80.2891998291,72182,72192,10
13.0861997604,80.2894363403,72192,72202,10
13.0871200562,80.2897186279,72202,72212,10
13.0879001617,80.2900390625,72212,72222,10
13.0886802673,80.2901916504,72222,72324,102
13.0886802673,80.2901916504,72324,72334,10
13.0886001587,80.2905273438,72334,72344,10
13.088139534,80.2902603149,72344,72354,10
13.087439537,80.2899627686,72354,72364,10
13.086689949,80.2897262573,72364,72374,10
13.0858802795,80.2895278931,72374,72384,10
13.085439682,80.2890167236,72384,72394,10
13.0851297379,80.2883071899,72394,72405,11
13.0850801468,80.2874679565,72405,72415,10
13.0851697922,80.2863693237,72415,72425,10
13.0852499008,80.2854003906,72425,72435,10
13.0852499008,80.284576416,72435,72445,10
13.085149765,80.2842712402,72445,72455,10
13.0853204727,80.2839202881,72455,72465,10
13.0854997635,80.2835769653,72465,72475,10
13.0859203339,80.2835693359,72475,72485,10
13.0862998962,80.2836608887,72485,72495,10
13.086810112,80.2839736938,72495,72546,51
13.086810112,80.2839736938,72546,72556,10
13.0870800018,80.2839813232,72556,72566,10
13.0873003006,80.2839813232,72566,72576,10
13.0877304077,80.2839736938,72576,72697,121
13.0877304077,80.2839736938,72697,72707,10
13.0880002975,80.2839584351,72707,72748,41
13.0880002975,80.2839584351,72748,72758,10
13.0881500244,80.2836227417,72758,72768,10
13.0881595612,80.2836074829,72768,72778,10
13.0882902145,80.2834320068,72778,72788,10
13.0882797241,80.2831268311,72788,72798,10
13.0882701874,80.2827224731,72798,72808,10
13.0882301331,80.2822799683,72808,72818,10
13.088139534,80.2818984985,72818,72828,10
13.088060379,80.2817306519,72828,72838,10
13.0880002975,80.2815475464,72838,72848,10
13.0881004333,80.281463623,72848,72859,11
13.0883703232,80.28150177,72859,72869,10
13.0885000229,80.2816925049,72869,72879,10
13.0884504318,80.2819671631,72879,72889,10
13.0883903503,80.2822723389,72889,72899,10
13.0883598328,80.2823791504,72899,72909,10
13.0883102417,80.2826690674,72909,72919,10
13.0882797241,80.2829971313,72919,72929,10
13.0882701874,80.2832183838,72929,72939,10
13.0882701874,80.2833633423,72939,72949,10
13.0882797241,80.2834701538,72949,72959,10
13.0883197784,80.2836227417,72959,72970,11
13.0883197784,80.2840499878,72970,72980,10
13.0883598328,80.2846832275,72980,73010,30
13.0883598328,80.2846832275,73010,73020,10
13.0883598328,80.2847518921,73020,73030,10
13.0883598328,80.2848892212,73030,73040,10
13.0883798599,80.2851333618,73040,73050,10
13.0883998871,80.2854690552,73050,73060,10
13.0884199142,80.2858200073,73060,73070,10
13.0884399414,80.2861328125,73070,73081,11
13.0884504318,80.2863998413,73081,73091,10
13.0884504318,80.2866592407,73091,73101,10
13.0884799957,80.2871627808,73101,73111,10
13.0885095596,80.2875137329,73111,73121,10
13.0885400772,80.2877883911,73121,73131,10
13.0885896683,80.2883224487,73131,73141,10
13.0886297226,80.2886428833,73141,73151,10
13.0886602402,80.2889862061,73151,73161,10
13.0887203217,80.2894363403,73161,73171,10
13.0887298584,80.2895812988,73171,73181,10
13.0887098312,80.2896728516,73181,73192,11
13.0887498856,80.2899932861,73192,73282,90
13.0887498856,80.2899932861,73282,73292,10
13.0885801315,80.290512085,73292,73303,11
13.0881099701,80.2902374268,73303,73313,10
13.0875396729,80.2899475098,73313,73323,10
13.0868196487,80.2896575928,73323,73333,10
13.0858697891,80.289390564,73333,73343,10
13.0851402283,80.2890319824,73343,73353,10
13.0841798782,80.2891311646,73353,73363,10
13.0836801529,80.2891921997,73363,73373,10
13.0830402374,80.2892227173,73373,73383,10
13.0822401047,80.2888870239,73383,73393,10
13.0814599991,80.2886123657,73393,73403,10
13.0806798935,80.2883987427,73403,73414,11
13.0801095963,80.2882537842,73414,73424,10
13.0796699524,80.2881622314,73424,73434,10
13.0789604187,80.287902832,73434,73444,10
13.0779800415,80.2875900269,73444,73454,10
13.0768604279,80.2873001099,73454,73464,10
13.0757703781,80.2870178223,73464,73474,10
13.075050354,80.2866821289,73474,73484,10
13.0743598938,80.2862701416,73484,73494,10
13.0739898682,80.2861785889,73494,73504,10
13.0738401413,80.2861633301,73504,73514,10
13.0736198425,80.2861099243,73514,73525,11
13.0730199814,80.2858581543,73525,73535,10
13.072259903,80.2854614258,73535,73544,9
13.0713596344,80.2852096558,73544,73555,11
13.0702400208,80.2849273682,73555,73565,10
13.0690202713,80.28465271,73565,73575,10
13.0681495667,80.2844467163,73575,73585,10
13.0679302216,80.2844085693,73585,73595,10
13.0678501129,80.2844009399,73595,73605,10
13.0672798157,80.2843093872,73605,73615,10
13.0663204193,80.2840805054,73615,73625,10
13.0653095245,80.2838363647,73625,73636,11
13.0642595291,80.2836074829,73636,73646,10
13.0634202957,80.2833786011,73646,73656,10
13.0623903275,80.2831268311,73656,73676,20
13.0623903275,80.2831268311,73676,73686,10
13.0621004105,80.2830581665,73686,73696,10
13.0615196228,80.2829208374,73696,73706,10
13.060839653,80.2827682495,73706,73716,10
13.0601396561,80.2826309204,73716,73726,10
13.0594596863,80.2825012207,73726,73736,10
13.0587396622,80.2823486328,73736,73746,10
13.0577802658,80.2821578979,73746,73767,21
13.0577802658,80.2821578979,73767,73777,10
13.0576095581,80.2821273804,73777,73787,10
13.0573396683,80.2820587158,73787,73797,10
13.0567703247,80.2819366455,73797,73807,10
13.0566701889,80.2819213867,73807,73818,11
13.0564603806,80.2818832397,73818,73828,10
13.0558996201,80.2817382813,73828,73838,10
13.0550699234,80.2815933228,73838,73848,10
13.0541200638,80.2814025879,73848,73858,10
13.0530900955,80.2812194824,73858,73869,11
13.0519695282,80.2810592651,73869,73879,10
13.0510997772,80.2809371948,73879,73889,10
13.050359726,80.2808380127,73889,73898,9
13.0501899719,80.2808227539,73898,73909,11
13.0499696732,80.2807922363,73909,73919,10
13.0493898392,80.2806930542,73919,73929,10
13.0485296249,80.2805633545,73929,73939,10
13.0475502014,80.280418396,73939,73949,10
13.046620369,80.2802886963,73949,73959,10
13.045999527,80.2802124023,73959,73969,10
13.0454702377,80.2801589966,73969,73980,11
13.0452604294,80.2801437378,73980,73990,10
13.044719696,80.2800598145,73990,74000,10
13.0442199707,80.2799835205,74000,74010,10
13.0437698364,80.2799224854,74010,74020,10
13.0434503555,80.2798690796,74020,74030,10
13.0429496765,80.2797470093,74030,74040,10
13.0422000885,80.279586792,74040,74050,10
13.0412998199,80.2794189453,74050,74060,10
13.0403795242,80.2792434692,74060,74070,10
13.0395402908,80.2790374756,74070,74080,10
13.0390996933,80.2789230347,74080,74091,11
13.0390396118,80.2789077759,74091,74101,10
13.0389404297,80.2788619995,74101,74111,10
13.0386400223,80.2787628174,74111,74121,10
13.0381803513,80.2786178589,74121,74131,10
13.0378799438,80.2785263062,74131,74141,10
13.0377197266,80.2784805298,74141,74151,10
13.037560463,80.2784423828,74151,74202,51
13.037560463,80.2784423828,74202,74212,10
13.0370903015,80.2782363892,74212,74302,90
13.0370903015,80.2782363892,74302,74313,11
13.0367803574,80.2781524658,74313,74323,10
13.0366601944,80.2780990601,74323,74333,10
13.0364303589,80.2780075073,74333,74343,10
13.035900116,80.2779006958,74343,74353,10
13.0353603363,80.2777862549,74353,74363,10
13.0349903107,80.2777481079,74363,74373,10
13.0348596573,80.2777099609,74373,74383,10
13.0345096588,80.2776489258,74383,74393,10
13.0336399078,80.2774200439,74393,74403,10
13.032959938,80.2775268555,74403,74424,21
13.0328302383,80.2775421143,74424,74454,30
13.0328302383,80.2775421143,74454,74464,10
13.0325403214,80.2775115967,74464,74474,10
13.0322999954,80.2775192261,74474,74484,10
13.0319900513,80.2775802612,74484,74494,10
13.0316400528,80.2776184082,74494,74504,10
13.0314702988,80.2776184082,74504,74514,10
13.0314397812,80.2776031494,74514,74524,10
13.0311803818,80.2774963379,74524,74534,10
13.0308904648,80.2773208618,74534,74545,11
13.0308599472,80.2772598267,74545,74555,10
13.0305595398,80.2771224976,74555,74565,10
13.0300302505,80.2768707275,74565,74575,10
13.0295000076,80.2767181396,74575,74585,10
13.0289297104,80.276550293,74585,74595,10
13.0284996033,80.2763824463,74595,74605,10
13.0280895233,80.2762298584,74605,74615,10
13.0277099609,80.2760620117,74615,74625,10
13.0270795822,80.2757720947,74625,74635,10
13.0265398026,80.2755203247,74635,74645,10
13.0260801315,80.2753295898,74645,74656,11
13.02602005,80.2752990723,74656,74666,10
13.025639534,80.275138855,74666,74676,10
13.0249595642,80.2748336792,74676,74686,10
13.0243501663,80.2744064331,74686,74696,10
13.0239801407,80.2739105225,74696,74706,10
13.0235795975,80.2733764648,74706,74716,10
13.0228595734,80.2724227905,74716,74726,10
13.022310257,80.2717208862,74726,74736,10
13.0215797424,80.2707519531,74736,74745,9
13.0208797455,80.2699127197,74745,74767,22
13.0208797455,80.2699127197,74767,74777,10
13.0206203461,80.2695465088,74777,74787,10
13.0202302933,80.2690124512,74787,74797,10
13.0196399689,80.2683105469,74797,74807,10
13.0190696716,80.2676315308,74807,74817,10
13.018699646,80.2669219971,74817,74827,10
13.0186195374,80.2660980225,74827,74837,10
13.0187196732,80.2655715942,74837,74847,10
13.0189399719,80.2648010254,74847,74857,10
13.0190496445,80.2639923096,74857,74867,10
13.0189695358,80.2634963989,74867,74878,11
13.0188798904,80.2630767822,74878,74888,10
13.0188798904,80.2630691528,74888,74898,10
13.0188798904,80.2629394531,74898,74908,10
13.0188398361,80.2624282837,74908,74918,10
13.0187397003,80.2616882324,74918,74928,10
13.0185699463,80.2612762451,74928,74938,10
13.0183897018,80.2611618042,74938,74954,16
13.017829895,80.2607879639,74954,74966,12
13.01720047,80.2603530884,74966,74976,10
13.0160598755,80.2597122192,74976,74997,21
13.0160598755,80.2597122192,74997,75007,10
13.0159797668,80.2596664429,75007,75016,9
13.0156202316,80.2595291138,75016,75027,11
13.0148601532,80.2593612671,75027,75037,10
13.0139703751,80.2593078613,75037,75047,10
13.0129804611,80.2592773438,75047,75057,10
13.0119495392,80.2592391968,75057,75067,10
13.0110197067,80.2592163086,75067,75077,10
13.010020256,80.259262085,75077,75087,10
13.0090799332,80.259262085,75087,75098,11
13.0086202621,80.2592468262,75098,75108,10
13.0080900192,80.259262085,75108,75118,10
13.0074796677,80.2595062256,75118,75128,10
13.007229805,80.259979248,75128,75138,10
13.0071697235,80.2604675293,75138,75148,10
13.0073003769,80.2611618042,75148,75158,10
13.0073699951,80.2614212036,75158,75168,10
13.0074396133,80.2616577148,75168,75178,10
13.0075702667,80.2622299194,75178,75188,10
13.0077199936,80.2628173828,75188,75198,10
13.0078001022,80.2632827759,75198,75209,11
13.0079698563,80.2640304565,75209,75219,10
13.0079202652,80.2649230957,75219,75229,10
13.0077495575,80.265838623,75229,75239,10
13.0076303482,80.2664031982,75239,75249,10
13.0074701309,80.2671585083,75249,75259,10
13.0072002411,80.2681427002,75259,75269,10
13.0069904327,80.2693786621,75269,75279,10
13.0065898895,80.2703933716,75279,75289,10
13.0058498383,80.2702789307,75289,75299,10
13.0050697327,80.2697982788,75299,75309,10
13.0042200089,80.269241333,75309,75320,11
13.0033502579,80.2688369751,75320,75330,10
13.0029802322,80.2686004639,75330,75340,10
13.002820015,80.2685165405,75340,75350,10
13.0023803711,80.2682113647,75350,75360,10
13.0016202927,80.2677230835,75360,75369,9
13.0010595322,80.2673492432,75369,75380,11
13.0008602142,80.2672424316,75380,75390,10
13.0004997253,80.266998291,75390,75400,10
12.9998703003,80.2670135498,75400,75410,10
12.9992103577,80.2671585083,75410,75420,10
12.9986400604,80.2673110962,75420,75431,11
12.9979496002,80.2675018311,75431,75441,10
12.9974803925,80.267616272,75441,75451,10
12.9968900681,80.2677612305,75451,75461,10
12.9962501526,80.2677688599,75461,75471,10
12.9957304001,80.2677536011,75471,75481,10
12.9956502914,80.2673873901,75481,75501,20
12.9956502914,80.2673873901,75501,75511,10
12.9956903458,80.2672576904,75511,75521,10
12.9957304001,80.2668075562,75521,75531,10
12.9958095551,80.26612854,75531,75541,10
12.9958896637,80.2654037476,75541,75552,11
12.9960002899,80.2645568848,75552,75562,10
12.9960899353,80.2637710571,75562,75572,10
12.9961500168,80.2631530762,75572,75582,10
12.9961795807,80.2627410889,75582,75592,10
12.9961900711,80.2626724243,75592,75602,10
12.9962301254,80.2625198364,75602,75612,10
12.9962797165,80.2621231079,75612,75622,10
12.9963302612,80.261756897,75622,75632,10
12.9963903427,80.2611694336,75632,75642,10
12.9964504242,80.2604980469,75642,75652,10
12.9965200424,80.2598724365,75652,75663,11
12.9965400696,80.2594070435,75663,75673,10
12.9965600967,80.2592163086,75673,75683,10
12.9966402054,80.2586135864,75683,75693,10
12.996720314,80.2577209473,75693,75703,10
12.9968204498,80.2569580078,75703,75713,10
12.9968395233,80.2565307617,75713,75723,10
12.9968595505,80.2563323975,75723,75733,10
12.9968700409,80.2560119629,75733,75743,10
12.9968595505,80.2556991577,75743,75753,10
12.9968500137,80.2555084229,75753,75763,10
12.9968099594,80.254989624,75763,75774,11
12.9965496063,80.2543792725,75774,75783,9
12.9961996078,80.2540283203,75783,75793,10
12.9958600998,80.2537002563,75793,75804,11
12.9953804016,80.2532424927,75804,75814,10
12.9950199127,80.2526473999,75814,75824,10
12.9947795868,80.2525024414,75824,75834,10
12.9943704605,80.2526092529,75834,75844,10
12.9943199158,80.2526168823,75844,75854,10
12.9940700531,80.2526702881,75854,75864,10
12.9935903549,80.2528076172,75864,75874,10
12.9932003021,80.2529067993,75874,75885,11
12.992770195,80.2529602051,75885,75895,10
12.9921503067,80.2529983521,75895,75905,10
12.9913797379,80.2533493042,75905,75915,10
12.9909601212,80.2539215088,75915,75925,10
12.9907598495,80.2545776367,75925,75935,10
12.9906997681,80.2553863525,75935,75945,10
12.9907102585,80.255821228,75945,75965,20
12.9907102585,80.255821228,75965,75975,10
12.9906301498,80.2560882568,75975,75985,10
12.9902601242,80.2560882568,75985,75996,11
12.9895401001,80.2560806274,75996,76006,10
12.988820076,80.2560272217,76006,76016,10
12.9885597229,80.2559967041,76016,76026,10
12.9881095886,80.2559204102,76026,76066,40
12.9881095886,80.2559204102,76066,76076,10
12.9877500534,80.2559127808,76076,76086,10
12.9875802994,80.2562332153,76086,76096,10
12.9875297546,80.2568511963,76096,76107,11
12.9874897003,80.2571029663,76107,76117,10
12.9874601364,80.257598877,76117,76127,10
12.9874200821,80.2582778931,76127,76137,10
12.9873600006,80.258972168,76137,76147,10
12.9872303009,80.2595214844,76147,76177,30
12.9872303009,80.2595214844,76177,76187,10
12.9871397018,80.2596435547,76187,76197,10
12.9870595932,80.2593002319,76197,76359,162
12.9870595932,80.2593002319,76359,76369,10
12.987279892,80.2590713501,76369,76379,10
12.9873600006,80.2588500977,76379,76389,10
12.9874000549,80.2583999634,76389,76399,10
12.9874296188,80.2580108643,76399,76631,232
12.9874296188,80.2580108643,76631,76641,10
12.987449646,80.2578430176,76641,76651,10
12.9874801636,80.2574386597,76651,76661,10
12.9875202179,80.2570114136,76661,76672,11
12.9875602722,80.2564697266,76672,76682,10
12.9876003265,80.2562408447,76682,76692,10
12.9876203537,80.2559967041,76692,76702,10
12.9877195358,80.2557830811,76702,76712,10
12.9878501892,80.2557678223,76712,76722,10
12.9879999161,80.2557983398,76722,76732,10
12.9882497787,80.2558517456,76732,76742,10
12.9884595871,80.2558822632,76742,76752,10
12.988699913,80.255897522,76752,76769,17
12.9890403748,80.2559432983,76769,76780,11
12.9896202087,80.2559890747,76780,76790,10
12.9902095795,80.2559967041,76790,76801,11
12.9905796051,80.2559204102,76801,76811,10
12.9907302856,80.2555389404,76811,76820,9
12.9907398224,80.2549362183,76820,76831,11
12.9907398224,80.2543716431,76831,76840,9
12.9909801483,80.2537307739,76840,76851,11
12.991399765,80.2533187866,76851,76861,10
12.9920902252,80.253036499,76861,76871,10
12.9927101135,80.2529907227,76871,76881,10
12.9932203293,80.2528991699,76881,76892,11
12.9936800003,80.2527770996,76892,76902,10
12.9941196442,80.2526702881,76902,76912,10
12.9945402145,80.2525405884,76912,76922,10
12.9949102402,80.2525100708,76922,76932,10
12.9951496124,80.2529830933,76932,76942,10
12.9956998825,80.2535629272,76942,76952,10
12.9963302612,80.25415802,76952,76962,10
12.9967098236,80.2546081543,76962,76972,10
12.9968204498,80.2551193237,76972,76982,10
12.9968900681,80.2556304932,76982,77033,51
12.9968900681,80.2556304932,77033,77049,16
12.9968900681,80.2558898926,77049,77061,12
12.9968900681,80.2561264038,77061,77071,10
12.9968299866,80.2564468384,77071,77081,10
12.9967699051,80.257019043,77081,77091,10
12.9967298508,80.2577362061,77091,77101,10
12.9966802597,80.2583694458,77101,77111,10
12.9966201782,80.2589263916,77111,77122,11
12.9965400696,80.2594909668,77122,77132,10
12.9965295792,80.2596130371,77132,77142,10
12.9964895248,80.2600479126,77142,77153,11
12.9964199066,80.2608108521,77153,77163,10
12.9963502884,80.2615280151,77163,77173,10
12.9962997437,80.2619781494,77173,77183,10
12.9962396622,80.2624282837,77183,77193,10
12.996219635,80.2625579834,77193,77203,10
12.9961395264,80.2630004883,77203,77213,10
12.9960899353,80.2635803223,77213,77223,10
12.9960098267,80.264289856,77223,77234,11
12.9958896637,80.265083313,77234,77244,10
12.9957895279,80.2660903931,77244,77254,10
12.9957103729,80.2668762207,77254,77264,10
12.9956798553,80.2676010132,77264,77274,10
12.9960803986,80.2677078247,77274,77284,10
12.9961795807,80.2677307129,77284,77294,10
12.9962997437,80.2677612305,77294,77304,10
12.9968795776,80.2677536011,77304,77314,10
12.9978199005,80.2675018311,77314,77324,10
12.9989004135,80.2671890259,77324,77334,10
12.9999504089,80.2668380737,77334,77345,11
13.000579834,80.2670516968,77345,77355,10
13.0010404587,80.2673187256,77355,77365,10
13.0012102127,80.2674407959,77365,77375,10
13.0017900467,80.2678070068,77375,77385,10
13.0033197403,80.2687225342,77385,77395,10
13.0033197403,80.2687225342,77395,77405,10
13.0039997101,80.2691421509,77405,77415,10
13.0050001144,80.26978302,77415,77425,10
13.0060300827,80.2703933716,77425,77435,10
13.0067596436,80.2701263428,77435,77445,10
13.0070400238,80.2690963745,77445,77456,11
13.007229805,80.2680435181,77456,77465,9
13.0074300766,80.2671966553,77465,77476,11
13.0076198578,80.2664337158,77476,77486,10
13.0076904297,80.2661437988,77486,77496,10
13.007809639,80.2656097412,77496,77506,10
13.0079603195,80.2649307251,77506,77516,10
13.0080099106,80.2640609741,77516,77526,10
13.0078802109,80.2634506226,77526,77536,10
13.0077600479,80.2629318237,77536,77545,9
13.0076904297,80.2626266479,77545,77555,10
13.0075502396,80.262008667,77555,77567,12
13.007349968,80.2613601685,77567,77577,10
13.0072603226,80.2609405518,77577,77587,10
13.0071201324,80.2603225708,77587,77597,10
13.0073003769,80.2596588135,77597,77607,10
13.0072803497,80.2589111328,77607,77617,10
13.0076599121,80.2587509155,77617,77627,10
13.0083303452,80.2589797974,77627,77637,10
13.0085496902,80.2590408325,77637,77647,10
13.0087099075,80.2590789795,77647,77657,10
13.0092697144,80.2591094971,77657,77667,10
13.0102500916,80.2591323853,77667,77678,11
13.0116195679,80.2590866089,77678,77688,10
13.0129003525,80.2591400146,77688,77698,10
13.0145597458,80.2592010498,77698,77708,10
13.0158395767,80.2593994141,77708,77718,10
13.0164699554,80.2597503662,77718,77728,10
13.0165100098,80.2597885132,77728,77738,10
13.016960144,80.2601165771,77738,77748,10
13.0177202225,80.2606582642,77748,77758,10
13.018529892,80.2612075806,77758,77767,9
13.0191402435,80.26171875,77767,77778,11
13.019900322,80.2624969482,77778,77789,11
13.0201396942,80.2630386353,77789,77799,10
13.0195198059,80.2630004883,77799,77809,10
13.0190601349,80.2630004883,77809,77819,10
13.0190296173,80.2635498047,77819,77829,10
13.0190496445,80.2645263672,77829,77839,10
13.0188398361,80.265296936,77839,77849,10
13.018699646,80.2658081055,77849,77859,10
13.018699646,80.2666625977,77859,77869,10
13.0189199448,80.2674026489,77869,77879,10
13.019490242,80.2681503296,77879,77889,10
13.0201702118,80.268989563,77889,77900,11
13.020819664,80.2697982788,77900,77910,10
13.0213003159,80.270362854,77910,77920,10
13.0214996338,80.2705764771,77920,77930,10
13.0216598511,80.2707901001,77930,77940,10
13.0221004486,80.2713699341,77940,77950,10
13.0227003098,80.2721710205,77950,77960,10
13.0233001709,80.2730026245,77960,77970,10
13.0236101151,80.273399353,77970,77980,10
13.0236196518,80.2734222412,77980,77990,10
13.0238399506,80.2737121582,77990,78000,10
13.0241003036,80.2740631104,78000,78010,10
13.0243797302,80.2744369507,78010,78021,11
13.0248603821,80.2747802734,78021,78031,10
13.0252399445,80.2749176025,78031,78041,10
13.0253400803,80.2749404907,78041,78051,10
13.0255203247,80.2750167847,78051,78061,10
13.0259799957,80.2752380371,78061,78071,10
13.0264596939,80.2754821777,78071,78081,10
13.027009964,80.275718689,78081,78091,10
13.0276603699,80.276008606,78091,78101,10
13.0282001495,80.2762374878,78101,78111,10
13.0286102295,80.2763824463,78111,78121,10
13.0291004181,80.2765579224,78121,78133,12
13.0296096802,80.2767028809,78133,78143,10
13.0299396515,80.2767791748,78143,78153,10
13.0300598145,80.27684021,78153,78163,10
13.0305204391,80.2770385742,78163,78173,10
13.0310697556,80.2773971558,78173,78183,10
13.0317602158,80.2776031494,78183,78193,10
13.0325202942,80.2775421143,78193,78203,10
13.0327596664,80.2775192261,78203,78213,10
13.0329399109,80.2775115967,78213,78223,10
13.0333204269,80.2774200439,78223,78244,21
13.0333204269,80.2774200439,78244,78254,10
13.0336198807,80.2773590088,78254,78264,10
13.0341796875,80.2774963379,78264,78274,10
13.0349197388,80.2776565552,78274,78283,9
13.0355300903,80.2777633667,78283,78294,11
13.0368499756,80.2781219482,78294,78304,10
13.0368499756,80.2781219482,78304,78314,10
13.0374202728,80.2783203125,78314,78324,10
13.0379800797,80.2784729004,78324,78334,10
13.0387802124,80.278678894,78334,78344,10
13.0389099121,80.2787094116,78344,78355,11
13.0391798019,80.2788314819,78355,78365,10
13.0397100449,80.2789916992,78365,78375,10
13.0405797958,80.2792205811,78375,78385,10
13.0415296555,80.2794036865,78385,78395,10
13.0425395966,80.2795181274,78395,78405,10
13.043009758,80.2795410156,78405,78416,11
13.0430202484,80.2795410156,78416,78426,10
13.0433397293,80.2796173096,78426,78436,10
13.0436601639,80.2797698975,78436,78446,10
13.0443296432,80.2799224854,78446,78456,10
13.045129776,80.2800292969,78456,78467,11
13.0457601547,80.2801132202,78467,78477,10
13.0458202362,80.2801208496,78477,78487,10
13.0462999344,80.2801971436,78487,78497,10
13.04708004,80.2803115845,78497,78507,10
13.0480604172,80.280456543,78507,78515,8
13.0488595963,80.2805633545,78515,78527,12
13.0492897034,80.2806015015,78527,78537,10
13.0495300293,80.2806472778,78537,78546,9
13.050069809,80.2807312012,78546,78557,11
13.0506801605,80.2808227539,78557,78567,10
13.051199913,80.2808990479,78567,78578,11
13.0520801544,80.2810516357,78578,78588,10
13.0529603958,80.2811889648,78588,78598,10
13.0538797379,80.2813415527,78598,78608,10
13.0548801422,80.2815170288,78608,78618,10
13.055680275,80.2816772461,78618,78628,10
13.0560598373,80.2817611694,78628,78638,10
13.0564403534,80.281829834,78638,78648,10
13.0565795898,80.2818527222,78648,78658,10
13.0571098328,80.2819671631,78658,78668,10
13.0577802658,80.2821121216,78668,78678,10
13.0585603714,80.2822723389,78678,78689,11
13.0594797134,80.2824630737,78689,78699,10
13.0602798462,80.2826309204,78699,78709,10
13.0610599518,80.2827911377,78709,78725,16
13.0625095367,80.2830963135,78725,78737,12
13.063079834,80.2832183838,78737,78747,10
13.063249588,80.2832565308,78747,78757,10
13.0639801025,80.283416748,78757,78797,40
13.0639801025,80.283416748,78797,78808,11
13.0642995834,80.283493042,78808,78818,10
13.0649995804,80.2836608887,78818,78828,10
13.0659999847,80.2838973999,78828,78838,10
13.0671796799,80.2841567993,78838,78848,10
13.0683803558,80.2843780518,78848,78860,12
13.0698604584,80.2847290039,78860,78870,10
13.071100235,80.2850494385,78870,78880,10
13.0722703934,80.2853088379,78880,78890,10
13.073390007,80.2853622437,78890,78900,10
13.0741100311,80.2858276367,78900,78910,10
13.0747995377,80.2863998413,78910,78921,11
13.075630188,80.2868881226,78921,78931,10
13.0765600204,80.2871704102,78931,78941,10
13.0776395798,80.2874679565,78941,78951,10
13.078789711,80.2877807617,78951,78961,10
13.0796098709,80.2880935669,78961,78971,10
13.0798101425,80.2881317139,78971,78981,10
13.0802698135,80.2882232666,78981,78991,10
13.0806798935,80.2882766724,78991,79001,10
13.080909729,80.2883605957,79001,79011,10
13.0813598633,80.2885284424,79011,79021,10
13.0820102692,80.2887496948,79021,79031,10
13.08273983,80.2890930176,79031,79042,11
13.0837202072,80.2892074585,79042,79052,10
13.0846500397,80.2891769409,79052,79062,10
13.0856103897,80.2892532349,79062,79068,6
13.0862798691,80.289390564,79068,79082,14
13.0875902176,80.2898406982,79082,79092,10
13.0888004303,80.2901992798,79092,79112,20
13.0888004303,80.2901992798,79112,79122,10
13.0888700485,80.2903671265,79122,79132,10
13.0883998871,80.2902832031,79132,79142,10
13.0876502991,80.2899627686,79142,79153,11
13.0868396759,80.2897033691,79153,79176,23
13.0854597092,80.2889404297,79176,79188,12
13.0851097107,80.2878570557,79188,79198,10
13.0851402283,80.2870407104,79198,79208,10
13.0852804184,80.285697937,79208,79218,10
13.0853300095,80.2846603394,79218,79227,9
13.085269928,80.2841110229,79227,79238,11
13.0855398178,80.2835464478,79238,79248,10
13.0860300064,80.2835388184,79248,79258,10
13.0865497589,80.283782959,79258,79279,21
13.0865497589,80.283782959,79279,79289,10
13.086689949,80.2837905884,79289,79299,10
13.0869197845,80.2837219238,79299,79308,9
13.0872602463,80.2836990356,79308,79320,12
13.0876197815,80.2836685181,79320,79330,10
13.0878200531,80.2836685181,79330,79340,10
13.0880804062,80.2836608887,79340,79350,10
13.0881795883,80.2836074829,79350,79360,10
13.0882997513,80.2835006714,79360,79371,11
13.0882902145,80.2833786011,79371,79380,9
13.0882997513,80.2831192017,79380,79391,11
13.0882997513,80.2825775146,79391,79401,10
13.0882701874,80.2821273804,79401,79411,10
13.0881004333,80.2816696167,79411,79420,9
13.0875902176,80.2813568115,79420,79431,11
13.0870103836,80.2811965942,79431,79441,10
13.0867204666,80.2811203003,79441,79451,10
13.0862703323,80.2809829712,79451,79461,10
13.0857801437,80.2807998657,79461,79471,10
13.0856199265,80.2802886963,79471,79482,11
13.0853395462,80.2795410156,79482,79492,10
13.0846500397,80.279258728,79492,79503,11
13.0839004517,80.2791366577,79503,79513,10
13.0832901001,80.2789382935,79513,79522,9
13.0826797485,80.278678894,79522,79533,11
13.0823602676,80.2785491943,79533,79543,10
13.0823497772,80.2785415649,79543,79553,10
13.0822401047,80.2785186768,79553,79563,10
13.0819997787,80.2783126831,79563,79573,10
13.0819101334,80.2777786255,79573,79583,10
13.0818300247,80.27709198,79583,79594,11
13.0817298889,80.2762985229,79594,79604,10
13.081580162,80.2755889893,79604,79614,10
13.0814800262,80.2753219604,79614,79624,10
13.0813398361,80.275177002,79624,79634,10
13.0810003281,80.2752227783,79634,79644,10
13.0802898407,80.2752914429,79644,79654,10
13.0794401169,80.2752990723,79654,79664,10
13.0785999298,80.2751998901,79664,79674,10
13.0781698227,80.2759170532,79674,79684,10
13.0775203705,80.2762298584,79684,79694,10
13.0766401291,80.2762832642,79694,79705,11
13.0759401321,80.2763137817,79705,79715,10
13.0758800507,80.2761306763,79715,79725,10
13.075920105,80.2759017944,79725,79735,10
13.0762195587,80.2755889893,79735,80935,1200
13.0762195587,80.2755889893,80935,80946,11
13.0761003494,80.2754974365,80946,80956,10
13.0759801865,80.2752380371,80956,80966,10
13.0759401321,80.2751998901,80966,80976,10
13.0756502151,80.2750015259,80976,81258,282
13.0756502151,80.2750015259,81258,81268,10
13.075799942,80.2746887207,81268,82207,939
13.075799942,80.2746887207,82207,82217,10
13.0759401321,80.2746276855,82217,82227,10
13.0759897232,80.2747192383,82227,82237,10
13.0758800507,80.2749099731,82237,82247,10
13.0758800507,80.2751235962,82247,84535,2288
13.0758800507,80.2751235962,84535,84546,11
13.0757198334,80.2752075195,84546,85706,1160
13.0757198334,80.2752075195,85706,85716,10
13.0756998062,80.2749099731,85716,85726,10
13.0755596161,80.2748718262,85726,85736,10
13.0753898621,80.2749328613,85736,85746,10
13.0752000809,80.2750015259,85746,85756,10
13.0750303268,80.2750930786,85756,85766,10
