12.9882602692,80.2236785889,44775,44788,13
12.9864702225,80.2384414673,44788,45294,506
12.9864702225,80.2384414673,45294,45304,10
12.9864797592,80.23828125,45304,45401,97
12.986410141,80.2351074219,45401,45411,10
12.9861497879,80.2344512939,45411,45421,10
12.9860601425,80.2337417603,45421,45431,10
12.9864196777,80.2332992554,45431,45457,26
12.9869098663,80.2332992554,45457,45468,11
12.9874000549,80.2329788208,45468,45478,10
12.9874601364,80.2322692871,45478,45488,10
12.9877195358,80.2314300537,45488,45498,10
12.988120079,80.2305603027,45498,45508,10
12.9882698059,80.2300491333,45508,45518,10
12.9882698059,80.2300415039,45518,45528,10
12.9883403778,80.2296905518,45528,45538,10
12.9886302948,80.2290496826,45538,45548,10
12.9891004562,80.228187561,45548,45558,10
12.9900503159,80.2276306152,45558,45579,21
12.9900503159,80.2276306152,45579,45589,10
12.9901599884,80.2275238037,45589,45599,10
12.9901304245,80.2271270752,45599,45609,10
12.9899997711,80.2265167236,45609,45619,10
12.9900903702,80.2258377075,45619,45629,10
12.9897603989,80.225189209,45629,45639,10
12.9896202087,80.224937439,45639,45649,10
12.9895000458,80.224609375,45649,45659,10
12.9894399643,80.2238998413,45659,45670,11
12.9890804291,80.2233963013,45670,45680,10
12.9883203506,80.2233810425,45680,45720,40
12.9883203506,80.2233810425,45720,45730,10
12.9883499146,80.2232971191,45730,45740,10
12.9886398315,80.2232971191,45740,45750,10
12.989159584,80.2234191895,45750,45760,10
12.9894304276,80.2238998413,45760,45770,10
12.9894599915,80.2244873047,45770,45781,11
12.9897403717,80.2251968384,45781,45791,10
12.9900398254,80.2259674072,45791,45801,10
12.9900197983,80.2266082764,45801,45811,10
12.9901800156,80.2275238037,45811,45831,20
12.9901800156,80.2275238037,45831,45841,10
12.990240097,80.2280578613,45841,45851,10
12.9904699326,80.2287368774,45851,45861,10
12.9906597137,80.2293319702,45861,45871,10
12.9908103943,80.2300872803,45871,45882,11
12.990819931,80.230178833,45882,45892,10
12.9908504486,80.2304763794,45892,45902,10
12.9909095764,80.231086731,45902,45912,10
12.9909200668,80.2320022583,45912,45932,20
12.9909200668,80.2320022583,45932,45941,9
12.9910202026,80.2325515747,45941,45952,11
12.9912700653,80.2331771851,45952,45962,10
12.9920797348,80.2336883545,45962,46013,51
12.9920797348,80.2336883545,46013,46023,10
12.9922103882,80.2337188721,46023,46033,10
12.992770195,80.2338180542,46033,46043,10
12.9933700562,80.2340927124,46043,46053,10
12.9938201904,80.2343978882,46053,46063,10
12.9938602448,80.2344207764,46063,46073,10
12.9939002991,80.2344512939,46073,46083,10
12.9944000244,80.2347564697,46083,46094,11
12.9951400757,80.2351837158,46094,46104,10
12.9956903458,80.2355575562,46104,46112,8
12.9960203171,80.2359085083,46112,46124,12
12.9961204529,80.2360687256,46124,46134,10
12.9965600967,80.236831665,46134,46144,10
12.9969596863,80.2376022339,46144,46154,10
12.9973802567,80.2382736206,46154,46164,10
12.9979696274,80.2388763428,46164,46174,10
12.9987602234,80.2391891479,46174,46225,51
12.9987602234,80.2391891479,46225,46235,10
12.9991998672,80.2393188477,46235,46245,10
12.9999198914,80.2394485474,46245,46255,10
13.0009298325,80.2395782471,46255,46265,10
13.0016002655,80.239730835,46265,46275,10
13.0025196075,80.240020752,46275,46296,21
13.0025196075,80.240020752,46296,46306,10
13.002989769,80.2401809692,46306,46316,10
13.0036001205,80.2407073975,46316,46326,10
13.0040998459,80.2417221069,46326,46336,10
13.0050201416,80.2418136597,46336,46346,10
13.0059404373,80.2418823242,46346,46356,10
13.0057001114,80.2422409058,46356,47093,737
13.0057001114,80.2422409058,47093,47103,10
13.0055599213,80.2421188354,47103,47113,10
13.0051803589,80.2418518066,47113,47123,10
13.004360199,80.2418518066,47123,47133,10
13.0038795471,80.2414321899,47133,47143,10
13.0036001205,80.2407531738,47143,47154,11
13.0026798248,80.2401580811,47154,47174,20
13.0026798248,80.2401580811,47174,47184,10
13.0024700165,80.2400665283,47184,47194,10
13.0019197464,80.2398834229,47194,47204,10
13.0010700226,80.2397003174,47204,47214,10
13.0002498627,80.2395935059,47214,47224,10
12.9991798401,80.2394104004,47224,47244,20
12.9991798401,80.2394104004,47244,47255,11
12.9991397858,80.2393569946,47255,47265,10
12.9986600876,80.2392196655,47265,47275,10
12.9979496002,80.2389068604,47275,47285,10
12.9975204468,80.2384872437,47285,47295,10
12.9970397949,80.2377166748,47295,47305,10
12.9966602325,80.2370681763,47305,47315,10
12.9962596893,80.2363510132,47315,47325,10
12.9961500168,80.2361907959,47325,47335,10
12.9957304001,80.2356796265,47335,47345,10
12.9951496124,80.2352600098,47345,47355,10
12.9940004349,80.2346420288,47355,47376,21
12.9940004349,80.2346420288,47376,47386,10
12.993689537,80.2343597412,47386,47396,10
12.993350029,80.2341003418,47396,47406,10
12.9926595688,80.2338485718,47406,47416,10
12.9920196533,80.233757019,47416,47456,40
12.9919595718,80.2337799072,47456,47477,21
12.9919595718,80.2337799072,47477,47487,10
12.9917201996,80.2338027954,47487,47497,10
12.9913902283,80.2335586548,47497,47507,10
12.9912395477,80.2329864502,47507,47517,10
12.9909200668,80.2317276001,47517,47537,20
12.9909200668,80.2317276001,47537,47547,10
12.990940094,80.2314834595,47547,47557,10
12.9909000397,80.2308883667,47557,47567,10
12.9908399582,80.2301177979,47567,47578,11
12.990819931,80.2300415039,47578,47588,10
12.99077034,80.2297592163,47588,47598,10
12.9905595779,80.2291030884,47598,47608,10
12.9904003143,80.2285385132,47608,47618,10
12.9901695251,80.2274398804,47618,47638,20
12.9901695251,80.2274398804,47638,47648,10
12.9901103973,80.2269363403,47648,47658,10
12.9900503159,80.22631073,47658,47668,10
12.9899396896,80.2255325317,47668,47678,10
12.9895896912,80.2247619629,47678,47689,11
12.9894599915,80.224067688,47689,47699,10
12.9894399643,80.223739624,47699,47709,10
12.98898983,80.2233963013,47709,47720,11
12.9883203506,80.2233810425,47720,47750,30
12.9883203506,80.2233810425,47750,47760,10
12.988360405,80.2232666016,47760,47770,10
12.9885702133,80.2232818604,47770,47780,10
12.9891300201,80.2233428955,47780,47791,11
12.9894304276,80.2239074707,47791,47801,10
12.9894895554,80.2245635986,47801,47811,10
12.989780426,80.225227356,47811,47821,10
12.9900598526,80.2259902954,47821,47831,10
12.9900197983,80.2266235352,47831,47841,10
12.9901399612,80.2273101807,47841,47850,9
12.9898700714,80.2277679443,47850,47871,21
12.9898700714,80.2277679443,47871,47881,10
12.9897899628,80.2277679443,47881,47891,10
12.9893703461,80.2280426025,47891,47902,11
12.988820076,80.2287826538,47902,47912,10
12.9884996414,80.229598999,47912,47922,10
12.9883499146,80.2299880981,47922,47942,20
12.9883499146,80.2299880981,47942,47952,10
12.9882602692,80.2300186157,47952,47962,10
12.9880599976,80.2303619385,47962,47972,10
12.9877595901,80.2312316895,47972,47982,10
12.9874801636,80.2322616577,47982,47992,10
12.9874200821,80.2331008911,47992,48003,11
12.987039566,80.2332992554,48003,48013,10
12.9865198135,80.2333374023,48013,48023,10
12.9864997864,80.2333297729,48023,48033,10
12.9862804413,80.2333602905,48033,48044,11
12.9861001968,80.2337722778,48044,48054,10
12.9861602783,80.2345123291,48054,48064,10
12.9864597321,80.2351989746,48064,48074,10
12.9864702225,80.2352218628,48074,48084,10
12.9865398407,80.2353286743,48084,48094,10
12.9865598679,80.2358627319,48094,48104,10
12.986579895,80.2366104126,48104,48115,11
12.9865903854,80.2373962402,48115,48125,10
12.9865999222,80.2383117676,48125,48135,10
12.986530304,80.2384796143,48135,48387,252
12.986530304,80.2384796143,48387,48397,10
12.9865999222,80.2383117676,48397,48730,333
12.9865999222,80.2383117676,48730,48740,10
12.9866104126,80.2383422852,48740,48751,11
12.9866199493,80.2378005981,48751,48761,10
12.9865999222,80.2369995117,48761,48771,10
12.9865598679,80.2364196777,48771,48781,10
12.9864997864,80.2352981567,48781,48821,40
12.9864997864,80.2352981567,48821,48831,10
12.9865198135,80.2351837158,48831,48841,10
12.9863300323,80.2348480225,48841,48852,11
12.9861602783,80.2342987061,48852,48862,10
12.9860801697,80.2337112427,48862,48872,10
12.9866800308,80.2332992554,48872,48922,50
12.9866800308,80.2332992554,48922,48932,10
12.9868202209,80.2333221436,48932,48941,9
12.9872303009,80.2332992554,48941,48952,11
12.9874095917,80.2328872681,48952,48963,11
12.9874601364,80.2321395874,48963,48973,10
12.9877300262,80.2313537598,48973,48983,10
12.9882202148,80.2300186157,48983,49023,40
12.9882202148,80.2300186157,49023,49033,10
12.9883003235,80.2298812866,49033,49043,10
12.9884500504,80.2295227051,49043,49053,10
12.988650322,80.2288970947,49053,49064,11
12.9891004562,80.2281723022,49064,49074,10
12.9900798798,80.2276000977,49074,49094,20
12.9900798798,80.2276000977,49094,49104,10
12.9901399612,80.2275772095,49104,49114,10
12.9901399612,80.2271118164,49114,49124,10
12.9900398254,80.2265090942,49124,49134,10
12.990070343,80.2258605957,49134,49144,10
12.9897203445,80.225227356,49144,49154,10
12.9894695282,80.224319458,49154,49164,10
12.9894104004,80.2236785889,49164,49175,11
12.9888401031,80.2233276367,49175,49185,10
12.9883098602,80.2233886719,49185,49245,60
12.9883098602,80.2233886719,49245,49255,10
12.9884996414,80.2232971191,49255,49265,10
12.9890003204,80.2233276367,49265,49275,10
12.9894104004,80.2236633301,49275,49286,11
12.9894399643,80.2241897583,49286,49296,10
12.9895896912,80.224822998,49296,49306,10
12.9899501801,80.2253875732,49306,49316,10
12.9900398254,80.2260818481,49316,49326,10
12.9900398254,80.2266616821,49326,49336,10
12.9901800156,80.2275009155,49336,49356,20
12.9901800156,80.2275009155,49356,49366,10
12.9903001785,80.2280426025,49366,49376,10
12.9905099869,80.2287521362,49376,49387,11
12.9907102585,80.2294616699,49387,49397,10
12.9908504486,80.230140686,49397,49407,10
12.9908504486,80.2301712036,49407,49417,10
12.9908704758,80.2303695679,49417,49427,10
12.9909000397,80.2309417725,49427,49437,10
12.9909696579,80.2319488525,49437,49457,20
12.9909696579,80.2319488525,49457,49467,10
12.9910001755,80.232170105,49467,49477,10
12.9911403656,80.2326965332,49477,49487,10
12.9917602539,80.2336425781,49487,49528,41
12.9917602539,80.2336425781,49528,49538,10
12.991809845,80.2336578369,49538,49548,10
12.9921503067,80.2337265015,49548,49558,10
12.9927597046,80.2338180542,49558,49568,10
12.993350029,80.2340393066,49568,49578,10
12.9938201904,80.2343597412,49578,49588,10
12.9938602448,80.234413147,49588,49598,10
12.9942398071,80.2346572876,49598,49609,11
12.9945402145,80.2348632813,49609,49619,10
12.995010376,80.2350997925,49619,49629,10
12.9955797195,80.235458374,49629,49639,10
12.9960002899,80.2358932495,49639,49659,20
12.9960002899,80.2358932495,49659,49669,10
12.9962797165,80.236289978,49669,49679,10
12.9966001511,80.2369232178,49679,49689,10
12.9969596863,80.2375564575,49689,49699,10
12.9972801208,80.2380981445,49699,49710,11
12.9978103638,80.2387466431,49710,49720,10
12.9987297058,80.2391662598,49720,49810,90
12.9987297058,80.2391662598,49810,49821,11
12.9989995956,80.2392578125,49821,49831,10
12.9993696213,80.2393417358,49831,49841,10
13.0001001358,80.2394714355,49841,49851,10
13.0010700226,80.239616394,49851,49861,10
13.0017795563,80.2397994995,49861,49871,10
13.0027599335,80.2401199341,49871,49891,20
13.0027599335,80.2401199341,49891,49901,10
13.002989769,80.2401733398,49901,49911,10
13.0034999847,80.2404022217,49911,49922,11
13.0038404465,80.2412185669,49922,49932,10
13.004360199,80.2418365479,49932,49942,10
13.0052700043,80.2418212891,49942,49952,10
13.005979538,80.2419204712,49952,49962,10
13.0059204102,80.2423171997,49962,50002,40
13.0059204102,80.2423171997,50002,50012,10
13.0057201385,80.2422866821,50012,50386,374
13.0057201385,80.2422866821,50386,50396,10
13.0056400299,80.2422637939,50396,50406,10
13.0053796768,80.2420120239,50406,50416,10
13.0048503876,80.2418670654,50416,50426,10
13.0040998459,80.2417831421,50426,50436,10
13.0038204193,80.2412567139,50436,50446,10
13.0034503937,80.2404785156,50446,50457,11
13.0025997162,80.2401123047,50457,50467,10
13.0024204254,80.2400512695,50467,50477,10
13.0018596649,80.2398681641,50477,50487,10
13.0010995865,80.2396621704,50487,50497,10
13.0003595352,80.2395324707,50497,50507,10
12.9991998672,80.2393569946,50507,50537,30
12.9991998672,80.2393569946,50537,50547,10
12.999130249,80.2393798828,50547,50557,10
12.9986495972,80.2392272949,50557,50568,11
12.9979295731,80.2389297485,50568,50578,10
12.9974603653,80.2384262085,50578,50588,10
12.9969701767,80.2376480103,50588,50598,10
12.9962596893,80.2363433838,50598,50618,20
12.9962596893,80.2363433838,50618,50628,10
12.9960603714,80.236000061,50628,50638,10
12.9955196381,80.2354507446,50638,50648,10
12.9949598312,80.2350921631,50648,50658,10
12.993929863,80.2345275879,50658,50679,21
12.993929863,80.2345275879,50679,50689,10
12.9936103821,80.2342529297,50689,50699,10
12.9930801392,80.2339630127,50699,50709,10
12.9923000336,80.2337722778,50709,50719,10
12.9917697906,80.2337493896,50719,50749,30
12.9917697906,80.2337493896,50749,50759,10
12.9913797379,80.2336883545,50759,50769,10
12.9912900925,80.2331924438,50769,50780,11
12.9910497665,80.2325286865,50780,50790,10
12.9909200668,80.2317428589,50790,50810,20
12.9909200668,80.2317428589,50810,50820,10
12.9908704758,80.231300354,50820,50830,10
12.9907999039,80.2306365967,50830,50840,10
12.9907598495,80.2300720215,50840,50850,10
12.9907598495,80.2300567627,50850,50860,10
12.9907398224,80.229927063,50860,50870,10
12.9906997681,80.229598999,50870,50880,10
12.9905004501,80.2288894653,50880,50891,11
12.9903202057,80.2282791138,50891,50901,10
12.9901800156,80.2275390625,50901,50911,10
12.9901599884,80.2274703979,50911,50921,10
12.9901504517,80.2272262573,50921,50931,10
12.9900503159,80.2266082764,50931,50941,10
12.990070343,80.2259292603,50941,50951,10
12.9896802902,80.2251586914,50951,50961,10
12.9895000458,80.2245330811,50961,50971,10
12.9894199371,80.2238388062,50971,50981,10
12.9889802933,80.2233581543,50981,50992,11
12.9883098602,80.2233810425,50992,51062,70
12.9883098602,80.2233810425,51062,51072,10
12.9885702133,80.2233200073,51072,51082,10
12.9891300201,80.2233734131,51082,51092,10
12.9894695282,80.2238769531,51092,51103,11
12.9895000458,80.2245178223,51103,51113,10
12.9897403717,80.2251815796,51113,51123,10
12.990070343,80.2259216309,51123,51133,10
12.9900503159,80.2265625,51133,51143,10
12.9898395538,80.227722168,51143,51163,20
12.9898395538,80.227722168,51163,51173,10
12.9895000458,80.2279891968,51173,51183,10
12.9889097214,80.2284393311,51183,51193,10
12.9885702133,80.2293014526,51193,51204,11
12.9883298874,80.2298965454,51204,51214,10
12.9883003235,80.2299880981,51214,51224,10
12.9881601334,80.2303619385,51224,51234,10
12.9879903793,80.2308120728,51234,51244,10
12.9876804352,80.231552124,51244,51254,10
12.9874801636,80.2326202393,51254,51264,10
12.9874200821,80.2332000732,51264,51274,10
12.9870100021,80.2332763672,51274,51284,10
12.9864997864,80.2333221436,51284,51294,10
12.9862203598,80.2333374023,51294,51304,10
12.9861097336,80.23387146,51304,51315,11
12.9864902496,80.2352218628,51315,51335,20
12.9864902496,80.2352218628,51335,51345,10
12.9864902496,80.2353591919,51345,51355,10
12.986579895,80.2362213135,51355,51375,20
12.986579895,80.2362213135,51375,51385,10
12.9865999222,80.2362670898,51385,51395,10
12.9866104126,80.2368164063,51395,51405,10
12.9866304398,80.2374191284,51405,51415,10
12.9866504669,80.2383422852,51415,51426,11
12.9865503311,80.2384796143,51426,51456,30
12.9865503311,80.2384796143,51456,51466,10
12.9866399765,80.2381820679,51466,51476,10
12.9865999222,80.2374267578,51476,51486,10
12.986579895,80.2368011475,51486,51496,10
12.9865398407,80.2360916138,51496,51506,10
12.9864797592,80.2353591919,51506,51537,31
12.9864797592,80.2353591919,51537,51547,10
12.9864702225,80.2352600098,51547,51557,10
12.9862804413,80.2348480225,51557,51567,10
12.986120224,80.2342605591,51567,51577,10
12.9860801697,80.2337417603,51577,51587,10
12.9866399765,80.2333221436,51587,51627,40
12.9866399765,80.2333221436,51627,51638,11
12.9870195389,80.233291626,51638,51648,10
12.9874000549,80.2330169678,51648,51658,10
12.9874401093,80.2325668335,51658,51668,10
12.9876899719,80.2315979004,51668,51678,10
12.9880199432,80.230682373,51678,51688,10
12.988240242,80.230140686,51688,51698,10
12.988240242,80.2301177979,51698,51708,10
12.9882802963,80.2300033569,51708,51718,10
12.9884395599,80.2295913696,51718,51728,10
12.9886703491,80.2289810181,51728,51739,11
12.9889802933,80.2283325195,51739,51749,10
12.9896402359,80.2279281616,51749,51759,10
12.989979744,80.2276916504,51759,51769,10
12.989979744,80.2276763916,51769,51779,10
12.9901504517,80.2274169922,51779,51789,10
12.990070343,80.2268066406,51789,51799,10
12.9899997711,80.2261810303,51799,51809,10
12.989859581,80.2254714966,51809,51819,10
12.9895200729,80.2247924805,51819,51829,10
12.9894304276,80.2241516113,51829,51839,10
12.989279747,80.2236022949,51839,51850,11
12.988699913,80.2233505249,51850,51860,10
12.9883499146,80.2233734131,51860,51880,20
12.9883499146,80.2233734131,51880,51890,10
12.9885702133,80.2233123779,51890,51900,10
12.9890403748,80.2233581543,51900,51910,10
12.9894399643,80.2241210938,51910,51920,10
12.9894399643,80.2241210938,51920,51930,10
12.9895601273,80.2247467041,51930,51940,10
12.9898700714,80.2253570557,51940,51950,10
12.9900398254,80.2260513306,51950,51961,11
12.9900798798,80.2267227173,51961,51971,10
12.9902000427,80.2275238037,51971,51981,10
12.9903802872,80.2283401489,51981,51991,10
12.9905700684,80.2289428711,51991,52001,10
12.99077034,80.2296829224,52001,52011,10
12.9908399582,80.230140686,52011,52021,10
12.9908504486,80.2304229736,52021,52031,10
12.9908800125,80.2309112549,52031,52041,10
12.9909601212,80.231552124,52041,52051,10
12.9910001755,80.232093811,52051,52062,11
12.9911003113,80.2324829102,52062,52072,10
12.9912595749,80.2330780029,52072,52082,10
12.9915599823,80.2335281372,52082,52091,9
12.9917697906,80.2336578369,52091,52102,11
12.9918804169,80.2337112427,52102,52112,10
12.9923200607,80.2337265015,52112,52122,10
12.9930400848,80.2339096069,52122,52132,10
12.9935102463,80.2341995239,52132,52142,10
12.9939603806,80.2344970703,52142,52152,10
12.9945697784,80.234916687,52152,52162,10
12.9952201843,80.2352828979,52162,52173,11
12.9960699081,80.236000061,52173,52193,20
12.9960699081,80.236000061,52193,52203,10
12.9962797165,80.236328125,52203,52216,13
12.996629715,80.2370071411,52216,52226,10
12.9970598221,80.2376785278,52226,52235,9
12.9975204468,80.2383422852,52235,52246,11
12.9979600906,80.2388381958,52246,52256,10
12.9985399246,80.2390823364,52256,52266,10
12.9986896515,80.2391433716,52266,52277,11
12.9991102219,80.2392807007,52277,52287,10
12.9997196198,80.2394104004,52287,52297,10
13.0006303787,80.2395324707,52297,52307,10
13.0012702942,80.2396697998,52307,52317,10
13.0019598007,80.2398910522,52317,52327,10
13.0025501251,80.2400817871,52327,52337,10
13.0032901764,80.2403106689,52337,52347,10
13.0037498474,80.2410583496,52347,52357,10
13.0041599274,80.2417831421,52357,52367,10
13.0050802231,80.2418212891,52367,52377,10
13.005900383,80.2418365479,52377,52388,11
13.0057096481,80.2422637939,52388,53074,686
13.0057096481,80.2422637939,53074,53084,10
13.0054597855,80.2421035767,53084,53094,10
13.0050001144,80.241859436,53094,53104,10
13.0041799545,80.2418365479,53104,53114,10
13.0037202835,80.2410583496,53114,53125,11
13.0030002594,80.2402801514,53125,53135,10
13.002240181,80.2400131226,53135,53145,10
13.0015602112,80.2397689819,53145,53155,10
13.000869751,80.2396316528,53155,53165,10
13.0000095367,80.2395019531,53165,53175,10
12.9991798401,80.2393493652,53175,53195,20
12.9991798401,80.2393493652,53195,53205,10
12.9988698959,80.2392425537,53205,53215,10
12.9987201691,80.2392196655,53215,53225,10
12.9982500076,80.2390975952,53225,53236,11
12.997710228,80.2387008667,53236,53246,10
12.9972295761,80.2380371094,53246,53256,10
12.9968700409,80.2374725342,53256,53266,10
12.9965400696,80.2368774414,53266,53276,10
12.9962596893,80.2363891602,53276,53286,10
12.9962100983,80.2362976074,53286,53296,10
12.9958896637,80.2358322144,53296,53306,10
12.9952697754,80.2353134155,53306,53316,10
12.994890213,80.2350234985,53316,53326,10
12.99421978,80.2346572876,53326,53336,10
12.9939498901,80.2344818115,53336,53347,11
12.9937400818,80.2342987061,53347,53357,10
12.9932899475,80.2340087891,53357,53367,10
12.9927597046,80.2338409424,53367,53377,10
12.9918498993,80.2338027954,53377,53407,30
12.9918498993,80.2338027954,53407,53417,10
12.9914197922,80.2337036133,53417,53427,10
12.9912700653,80.2331695557,53427,53437,10
12.9910497665,80.2325592041,53437,53448,11
12.9909296036,80.2317504883,53448,53468,20
12.9909296036,80.2317504883,53468,53478,10
12.9908504486,80.2313537598,53478,53488,10
12.9907903671,80.2307662964,53488,53498,10
12.9907598495,80.2300720215,53498,53518,20
12.9907598495,80.2300720215,53518,53528,10
12.9907302856,80.2295684814,53528,53538,10
12.9905395508,80.2289199829,53538,53548,10
12.9904003143,80.2284927368,53548,53559,11
12.9902000427,80.2276763916,53559,53569,10
12.9901399612,80.2273406982,53569,53579,10
12.9901399612,80.2272720337,53579,53589,10
12.9901103973,80.2268371582,53589,53599,10
12.9900398254,80.22631073,53599,53609,10
12.9900197983,80.2256622314,53609,53618,9
12.9896097183,80.2249298096,53618,53629,11
12.9894800186,80.2242736816,53629,53639,10
12.9894304276,80.223739624,53639,53648,9
12.9889497757,80.2233963013,53648,53660,12
12.9883403778,80.2233428955,53660,53680,20
12.9883403778,80.2233428955,53680,53690,10
12.9883298874,80.2232971191,53690,53700,10
12.9887304306,80.2232971191,53700,53710,10
12.9892301559,80.2234573364,53710,53720,10
12.9894199371,80.2239532471,53720,53730,10
12.9894800186,80.2246398926,53730,53740,10
12.9896402359,80.2250289917,53740,53750,10
12.9899501801,80.2255401611,53750,53760,10
12.9899597168,80.226272583,53760,53771,11
12.9900598526,80.2268981934,53771,53781,10
12.9898900986,80.2277374268,53781,53801,20
12.9898900986,80.2277374268,53801,53811,10
12.9897003174,80.2279129028,53811,53821,10
12.9891395569,80.2282104492,53821,53831,10
12.9887599945,80.228767395,53831,53841,10
12.9884996414,80.2294998169,53841,53851,10
12.9883403778,80.229927063,53851,53861,10
12.9883203506,80.2299499512,53861,53871,10
12.9882202148,80.2302703857,53871,53882,11
12.9880895615,80.2306671143,53882,53892,10
12.9879598618,80.2309417725,53892,53902,10
12.9877099991,80.2315597534,53902,53912,10
12.9875097275,80.2324295044,53912,53922,10
12.987449646,80.232963562,53922,53932,10
12.9872999191,80.2332611084,53932,53942,10
12.9865198135,80.2333221436,53942,53962,20
12.9865198135,80.2333221436,53962,53972,10
12.9861402512,80.2334213257,53972,53983,11
12.986120224,80.2339401245,53983,53993,10
12.9861898422,80.2345504761,53993,54003,10
12.9864501953,80.2351837158,54003,54023,20
12.9864501953,80.2351837158,54023,54034,11
12.9865503311,80.2355422974,54034,54044,10
12.9865598679,80.2362518311,54044,54054,10
12.986579895,80.2369003296,54054,54064,10
12.9865999222,80.2376480103,54064,54074,10
12.9866399765,80.2384567261,54074,54084,10
12.9865503311,80.2384567261,54084,54912,828
12.9865503311,80.2384567261,54912,54922,10
12.9865903854,80.2380905151,54922,54932,10
12.9865999222,80.2377700806,54932,54943,11
12.986579895,80.2369995117,54943,54953,10
12.9865703583,80.236541748,54953,54963,10
12.9865503311,80.2358398438,54963,54973,10
12.9864902496,80.2353134155,54973,54993,20
12.9864902496,80.2353134155,54993,55003,10
12.9863100052,80.234916687,55003,55013,10
12.9861402512,80.2342834473,55013,55023,10
12.9861001968,80.2337875366,55023,55033,10
12.9866695404,80.233291626,55033,55054,21
12.9866695404,80.233291626,55054,55064,10
12.9867296219,80.2332611084,55064,55074,10
12.9871397018,80.2332305908,55074,55084,10
12.9873800278,80.2329025269,55084,55094,10
12.9874696732,80.2322235107,55094,55105,11
12.9877195358,80.2315216064,55105,55115,10
12.9880199432,80.2306976318,55115,55125,10
12.9882097244,80.2300567627,55125,55135,10
12.9882202148,80.2300186157,55135,55145,10
12.9883804321,80.229637146,55145,55156,11
12.9886598587,80.2290267944,55156,55166,10
12.9889602661,80.2283172607,55166,55176,10
12.9895801544,80.2279434204,55176,55186,10
12.9899396896,80.2276611328,55186,55195,9
12.9899702072,80.2276306152,55195,55206,11
12.9901504517,80.2275009155,55206,55216,10
12.9901399612,80.2272796631,55216,55226,10
12.9900798798,80.2268218994,55226,55236,10
12.9900197983,80.2263031006,55236,55246,10
12.9899902344,80.2256088257,55246,55257,11
12.9895896912,80.2248916626,55257,55267,10
12.9894695282,80.2242584229,55267,55277,10
12.98939991,80.2236785889,55277,55287,10
12.9889001846,80.2233581543,55287,55297,10
12.9883298874,80.2233505249,55297,55337,40
12.9883298874,80.2233505249,55337,55347,10
12.9884796143,80.2232894897,55347,55357,10
12.9889297485,80.2233200073,55357,55368,11
12.9893503189,80.2236022949,55368,55378,10
12.9894304276,80.224067688,55378,55388,10
12.9895296097,80.2247009277,55388,55398,10
12.9896297455,80.2249526978,55398,55408,10
12.9897403717,80.2251205444,55408,55418,10
12.990070343,80.2256622314,55418,55428,10
12.9900102615,80.2263412476,55428,55436,8
12.9900798798,80.2267532349,55436,55448,12
12.9901695251,80.2275009155,55448,55458,10
12.990240097,80.2277832031,55458,55469,11
12.9904603958,80.2285308838,55469,55479,10
12.9905996323,80.229057312,55479,55489,10
12.9907598495,80.2296905518,55489,55499,10
12.9908304214,80.2301177979,55499,55509,10
12.9908399582,80.2303466797,55509,55519,10
12.9908599854,80.2309570313,55519,55529,10
12.9909095764,80.2315292358,55529,55539,10
12.9909601212,80.2320098877,55539,55549,10
12.9909896851,80.2321166992,55549,55559,10
12.9909896851,80.2322998047,55559,55569,10
12.9911699295,80.2327423096,55569,55580,11
12.9913702011,80.2332992554,55580,55590,10
12.9917497635,80.2335968018,55590,55620,30
12.9917497635,80.2335968018,55620,55630,10
12.9920301437,80.2337188721,55630,55640,10
12.9925203323,80.2337493896,55640,55650,10
12.9931297302,80.2339401245,55650,55660,10
12.9935398102,80.2341766357,55660,55670,10
12.9938402176,80.2344207764,55670,55680,10
12.9938602448,80.2344207764,55680,55691,11
12.9940500259,80.2345275879,55691,55701,10
12.9945402145,80.2348175049,55701,55711,10
12.9951601028,80.2351608276,55711,55721,10
12.9959897995,80.2358932495,55721,55741,20
12.9959897995,80.2358932495,55741,55751,10
12.9961595535,80.2360992432,55751,55761,10
12.996430397,80.2366027832,55761,55771,10
12.9966897964,80.2371063232,55771,55780,9
12.9968595505,80.2373962402,55780,55792,12
12.9971904755,80.2379226685,55792,55802,10
12.9976797104,80.2386016846,55802,55812,10
12.9981603622,80.2389373779,55812,55822,10
12.9987001419,80.2391204834,55822,55842,20
12.9987001419,80.2391204834,55842,55852,10
12.9988203049,80.2392196655,55852,55862,10
12.9992303848,80.2393188477,55862,55872,10
12.9999704361,80.2394638062,55872,55882,10
13.0009002686,80.2395782471,55882,55892,10
13.0014400482,80.2397003174,55892,55903,11
13.0022497177,80.2399520874,55903,55913,10
13.0026397705,80.2400588989,55913,55923,10
13.0026502609,80.2400588989,55923,55933,10
13.0029697418,80.2401733398,55933,55943,10
13.0035104752,80.2404937744,55943,55953,10
13.0038795471,80.2413635254,55953,55963,10
13.0045700073,80.2418365479,55963,55973,10
13.0054197311,80.2417984009,55973,55983,10
13.005979538,80.2419509888,55983,55993,10
13.0057201385,80.2422485352,55993,56761,768
13.0057201385,80.2422485352,56761,56771,10
13.0056400299,80.2422409058,56771,56781,10
13.0053195953,80.2419586182,56781,56791,10
13.0047101974,80.241859436,56791,56801,10
13.0040597916,80.2417602539,56801,56811,10
13.0038204193,80.2411727905,56811,56821,10
13.0033998489,80.2404174805,56821,56831,10
13.0025701523,80.2401123047,56831,56841,10
13.0020704269,80.2399520874,56841,56851,10
13.0018796921,80.2398834229,56851,56862,11
13.0012397766,80.239692688,56862,56872,10
13.0006999969,80.2395935059,56872,56882,10
12.9998397827,80.2394714355,56882,56892,10
12.9991903305,80.2393417358,56892,56902,10
12.9991798401,80.2393417358,56902,56912,10
12.9990196228,80.2392578125,56912,56922,10
12.9984703064,80.239112854,56922,56932,10
12.9978399277,80.2388076782,56932,56942,10
12.9974403381,80.2383575439,56942,56952,10
12.9969797134,80.2376708984,56952,56963,11
12.9966402054,80.2370910645,56963,56973,10
12.9962701797,80.2363967896,56973,56983,10
12.996219635,80.2363204956,56983,56993,10
12.9959602356,80.2359085083,56993,57003,10
12.9954204559,80.2354202271,57003,57013,10
12.9949598312,80.2350769043,57013,57023,10
12.994310379,80.2347488403,57023,57033,10
12.9939603806,80.2345428467,57033,57043,10
12.9937801361,80.2343673706,57043,57053,10
12.9933900833,80.2341003418,57053,57063,10
12.9930801392,80.2339401245,57063,57074,11
12.9927501678,80.2338485718,57074,57084,10
12.9918498993,80.233757019,57084,57124,40
12.9918498993,80.233757019,57124,57134,10
12.9917097092,80.233757019,57134,57144,10
12.9914102554,80.2336273193,57144,57154,10
12.9912796021,80.2331619263,57154,57164,10
12.9911203384,80.2326965332,57164,57175,11
12.9909601212,80.2317810059,57175,57205,30
12.9909601212,80.2317810059,57205,57215,10
12.9909601212,80.2316513062,57215,57225,10
12.9909095764,80.231300354,57225,57235,10
12.9908800125,80.230796814,57235,57245,10
12.9907999039,80.2300720215,57245,57265,20
12.9907999039,80.2300720215,57265,57275,10
12.9907798767,80.2297973633,57275,57286,11
12.9906597137,80.2293167114,57286,57296,10
12.9905004501,80.2287979126,57296,57306,10
12.99036026,80.2283401489,57306,57316,10
12.9901695251,80.2274627686,57316,57336,20
12.9901695251,80.2274627686,57336,57346,10
12.9901504517,80.2272415161,57346,57356,10
12.9900798798,80.2268218994,57356,57366,10
12.9900102615,80.2263565063,57366,57376,10
12.9900598526,80.2258987427,57376,57386,10
12.9898796082,80.2254714966,57386,57397,11
12.9898099899,80.2253417969,57397,57407,10
12.9896001816,80.2248382568,57407,57417,10
12.9894800186,80.2242279053,57417,57427,10
12.9894304276,80.2237319946,57427,57437,10
12.9890298843,80.2233886719,57437,57447,10
12.9885196686,80.2233505249,57447,57457,10
12.9883403778,80.2233428955,57457,57487,30
12.9883403778,80.2233428955,57487,57498,11
12.9885997772,80.2232971191,57498,57508,10
12.9891195297,80.2233428955,57508,57518,10
12.9894399643,80.2237014771,57518,57528,10
12.9894800186,80.2242584229,57528,57538,10
12.9896202087,80.2248764038,57538,57548,10
12.9900102615,80.2255172729,57548,57558,10
12.9900503159,80.22631073,57558,57568,10
12.9901504517,80.226852417,57568,57578,10
12.9901199341,80.2276077271,57578,57588,10
12.9899301529,80.2277297974,57588,57598,10
12.989780426,80.2278366089,57598,57609,11
12.9891700745,80.2281723022,57609,57619,10
12.9887599945,80.2289581299,57619,57629,10
12.9884500504,80.2296829224,57629,57639,10
12.9883403778,80.2300186157,57639,57649,10
12.9882698059,80.2301712036,57649,57659,10
12.9880399704,80.2307815552,57659,57669,10
12.9876499176,80.2316589355,57669,57679,10
12.9875402451,80.232208252,57679,57689,10
12.9874601364,80.2329711914,57689,57699,10
12.9873304367,80.2332611084,57699,57710,11
12.986700058,80.2333068848,57710,57720,10
12.9864997864,80.2333221436,57720,57730,10
12.9862298965,80.2333526611,57730,57740,10
12.9861097336,80.2338562012,57740,57750,10
12.9861898422,80.2345123291,57750,57760,10
12.9864902496,80.2351989746,57760,57770,10
12.9864997864,80.2352371216,57770,57780,10
12.9865598679,80.2356719971,57780,57790,10
12.9865703583,80.2362670898,57790,57800,10
12.9865999222,80.2370605469,57800,57810,10
12.9866104126,80.23777771,57810,57821,11
12.9866600037,80.2385787964,57821,57831,10
12.9865598679,80.2385025024,57831,58568,737
12.9865598679,80.2385025024,58568,58578,10
12.9866399765,80.23828125,58578,58588,10
12.9866304398,80.2379074097,58588,58598,10
12.9866199493,80.2375030518,58598,58608,10
12.9865999222,80.2370834351,58608,58618,10
12.9865999222,80.2365264893,58618,58628,10
12.9865598679,80.2359085083,58628,58638,10
12.9864797592,80.2353286743,58638,58648,10
12.9864702225,80.2352905273,58648,58658,10
12.9864301682,80.2351531982,58658,58669,11
12.9861698151,80.2345809937,58669,58679,10
12.9861097336,80.2339477539,58679,58689,10
12.9861297607,80.2334289551,58689,58699,10
12.9867296219,80.2333221436,58699,58709,10
12.9872903824,80.233291626,58709,58719,10
12.9874401093,80.2328567505,58719,58729,10
12.9875001907,80.2322235107,58729,58739,10
12.9877195358,80.2314910889,58739,58749,10
12.9879999161,80.2308197021,58749,58759,10
12.988240242,80.2300796509,58759,58780,21
12.988240242,80.2300796509,58780,58790,10
12.9883403778,80.2297973633,58790,58800,10
12.9885101318,80.2293701172,58800,58810,10
12.9887599945,80.2287216187,58810,58820,10
12.9892396927,80.2281723022,58820,58830,10
12.989780426,80.2278594971,58830,58840,10
12.9900398254,80.2276763916,58840,58850,10
12.9900503159,80.2276763916,58850,58860,10
12.9902000427,80.2275009155,58860,58870,10
12.9901199341,80.2269515991,58870,58881,11
12.9900503159,80.2263336182,58881,58891,10
12.9900503159,80.2257232666,58891,58901,10
12.9896602631,80.2250595093,58901,58911,10
12.9894895554,80.2244720459,58911,58921,10
12.9894695282,80.2238311768,58921,58931,10
12.9890203476,80.2234115601,58931,58941,10
12.988530159,80.2233505249,58941,58952,11
12.9883203506,80.2233581543,58952,59013,61
12.9883203506,80.2233581543,59013,59023,10
12.988360405,80.2232818604,59023,59033,10
12.9886598587,80.2233200073,59033,59043,10
12.989109993,80.2233810425,59043,59053,10
12.9894599915,80.2238311768,59053,59063,10
12.9894599915,80.2242507935,59063,59073,10
12.9895095825,80.2245025635,59073,59083,10
12.9896802902,80.2250518799,59083,59093,10
12.9900598526,80.2256164551,59093,59104,11
12.9900398254,80.2264633179,59104,59114,10
12.9901399612,80.2269821167,59114,59124,10
12.9902296066,80.2275466919,59124,59134,10
12.990240097,80.2277297974,59134,59144,10
12.9904003143,80.2283172607,59144,59154,10
12.9905700684,80.2289199829,59154,59164,10
12.9907598495,80.2296218872,59164,59174,10
12.9908599854,80.23021698,59174,59184,10
12.9908399582,80.2302474976,59184,59194,10
12.9908704758,80.230758667,59194,59205,11
12.990940094,80.2313613892,59205,59215,10
12.9909896851,80.2320404053,59215,59235,20
12.9909896851,80.2320404053,59235,59245,10
12.991060257,80.232383728,59245,59255,10
12.9912796021,80.233039856,59255,59264,9
12.9918003082,80.2337036133,59264,59285,21
12.9918003082,80.2337036133,59285,59295,10
12.992099762,80.233757019,59295,59305,10
12.9927101135,80.2338485718,59305,59316,11
12.9933395386,80.2340927124,59316,59326,10
12.9937896729,80.2343826294,59326,59336,10
12.9939098358,80.2345199585,59336,59346,10
12.9939098358,80.2345199585,59346,59356,10
12.994310379,80.2347564697,59356,59366,10
12.9950304031,80.2351913452,59366,59376,10
12.9955301285,80.2355194092,59376,59386,10
12.9960203171,80.2359695435,59386,59396,10
12.9960298538,80.2359771729,59396,59407,11
12.9962997437,80.2363815308,59407,59418,11
12.9967803955,80.2372894287,59418,59428,10
12.9970998764,80.2378311157,59428,59438,10
12.9975404739,80.2384796143,59438,59448,10
12.9980401993,80.2389526367,59448,59458,10
12.998749733,80.2392196655,59458,59478,20
12.998749733,80.2392196655,59478,59488,10
12.9989004135,80.2393035889,59488,59498,10
12.9991998672,80.2393569946,59498,59508,10
12.9999399185,80.2395019531,59508,59518,10
13.0006999969,80.2396011353,59518,59529,11
13.0013399124,80.2397079468,59529,59539,10
13.0020399094,80.2399368286,59539,59549,10
13.0025396347,80.2400817871,59549,59559,10
13.0026798248,80.2401504517,59559,59569,10
13.0032300949,80.2403335571,59569,59579,10
13.0037002563,80.2409133911,59579,59589,10
13.0041103363,80.2417526245,59589,59599,10
13.0049800873,80.2418518066,59599,59609,10
13.00578022,80.2418365479,59609,59619,10
13.005979538,80.2422790527,59619,59629,10
13.0057201385,80.2423706055,59629,60488,859
13.0057201385,80.2423706055,60488,60498,10
13.0055398941,80.2421722412,60498,60508,10
13.0051803589,80.2418518066,60508,60518,10
13.0045204163,80.2418670654,60518,60528,10
13.0039396286,80.241569519,60528,60538,10
13.003660202,80.2408905029,60538,60548,10
13.0031700134,80.2403106689,60548,60558,10
13.0025396347,80.2400817871,60558,60568,10
13.0024003983,80.2400436401,60568,60578,10
13.0018997192,80.2398681641,60578,60589,11
13.0010995865,80.2396469116,60589,60599,10
13.0004997253,80.2395401001,60599,60609,10
12.9997501373,80.2394180298,60609,60619,10
12.9991798401,80.2393188477,60619,60659,40
12.9991798401,80.2393188477,60659,60669,10
12.9990797043,80.2393035889,60669,60679,10
12.99903965,80.2393035889,60679,60689,10
12.998749733,80.2392196655,60689,60700,11
12.9982404709,80.2390518188,60700,60710,10
12.9977703094,80.2387619019,60710,60720,10
12.9972696304,80.2381362915,60720,60730,10
12.9968795776,80.2375335693,60730,60740,10
12.9965600967,80.2369308472,60740,60750,10
12.9962596893,80.2363815308,60750,60760,10
12.9962596893,80.2363586426,60760,60770,10
12.9961395264,80.2361526489,60770,60780,10
12.9956798553,80.2356491089,60780,60790,10
12.9951295853,80.2352523804,60790,60801,11
12.994600296,80.234916687,60801,60811,10
12.9939403534,80.2345581055,60811,60821,10
12.9939203262,80.2345428467,60821,60831,10
12.9937295914,80.2343597412,60831,60841,10
12.9934101105,80.2341308594,60841,60851,10
12.9929504395,80.2339096069,60851,60861,10
12.9922704697,80.233757019,60861,60871,10
12.9918003082,80.2337493896,60871,60881,10
12.9917602539,80.233757019,60881,60891,10
12.9917001724,80.233757019,60891,60902,11
12.9913597107,80.2335968018,60902,60912,10
12.991230011,80.2331314087,60912,60922,10
12.9910497665,80.2325668335,60922,60932,10
12.9909296036,80.2317428589,60932,60962,30
12.9909296036,80.2317428589,60962,60972,10
12.9909200668,80.2315673828,60972,60982,10
12.9908800125,80.2311401367,60982,60992,10
12.9908504486,80.2306594849,60992,61002,10
12.9907999039,80.2301177979,61002,61013,11
12.9907999039,80.2300491333,61013,61023,10
12.9907903671,80.229888916,61023,61033,10
12.9906797409,80.2294082642,61033,61043,10
12.9905004501,80.2287979126,61043,61053,10
12.99036026,80.2283477783,61053,61063,10
12.9902000427,80.2276306152,61063,61073,10
12.9901504517,80.2273330688,61073,61083,10
12.9901399612,80.2272796631,61083,61093,10
12.990070343,80.2268218994,61093,61103,10
12.9900197983,80.226272583,61103,61113,10
12.9899597168,80.2256011963,61113,61124,11
12.9895801544,80.2248306274,61124,61134,10
12.9894599915,80.2242279053,61134,61144,10
12.98939991,80.2237167358,61144,61154,10
12.988940239,80.2233886719,61154,61164,10
12.9884500504,80.2233963013,61164,61174,10
12.9883298874,80.2233276367,61174,61235,61
12.9883298874,80.2233276367,61235,61245,10
12.9886703491,80.2232971191,61245,61255,10
12.9892396927,80.2234573364,61255,61265,10
12.9894695282,80.2239685059,61265,61275,10
12.9895095825,80.2245788574,61275,61285,10
12.9897403717,80.2251815796,61285,61295,10
12.9901199341,80.2258987427,61295,61305,10
12.9900398254,80.2265167236,61305,61315,10
12.9901599884,80.2271575928,61315,61325,10
12.9901800156,80.2275238037,61325,61336,11
12.9899301529,80.2277526855,61336,61346,10
12.9899301529,80.2277603149,61346,61356,10
12.9896297455,80.2279586792,61356,61366,10
12.9890403748,80.2282867432,61366,61376,10
12.9888296127,80.2286911011,61376,61386,10
12.9886598587,80.2291488647,61386,61396,10
12.9884195328,80.2297821045,61396,61406,10
12.9883298874,80.2300186157,61406,61416,10
12.9882297516,80.23021698,61416,61426,10
12.9880104065,80.2308578491,61426,61436,10
12.9877195358,80.2316207886,61436,61447,11
12.9875001907,80.2324676514,61447,61457,10
12.9874601364,80.2331466675,61457,61467,10
12.9870996475,80.2332992554,61467,61477,10
12.9865598679,80.2333068848,61477,61497,20
12.9865598679,80.2333068848,61497,61507,10
12.9862604141,80.2333221436,61507,61517,10
12.9861001968,80.2336730957,61517,61527,10
12.986120224,80.23412323,61527,61537,10
12.9862604141,80.2347412109,61537,61547,10
12.9864797592,80.235206604,61547,61558,11
12.9864797592,80.2352218628,61558,61568,10
12.9865398407,80.2353973389,61568,61578,10
12.986579895,80.2359390259,61578,61588,10
12.9865999222,80.2366333008,61588,61598,10
12.9866104126,80.2371826172,61598,61608,10
12.9866399765,80.2379684448,61608,61618,10
12.9866800308,80.2386627197,61618,61628,10
12.9865703583,80.2384872437,61628,62032,404
12.9865703583,80.2384872437,62032,62042,10
12.9866399765,80.2384109497,62042,62052,10
12.9866399765,80.2379608154,62052,62062,10
12.9865999222,80.2373428345,62062,62072,10
12.9865703583,80.2369003296,62072,62083,11
12.9865598679,80.2365570068,62083,62093,10
12.9865398407,80.2358932495,62093,62103,10
12.9864797592,80.2353820801,62103,62113,10
12.9864597321,80.2353210449,62113,62123,10
12.9863700867,80.2350769043,62123,62133,10
12.9861402512,80.2344970703,62133,62143,10
12.9860897064,80.2341918945,62143,62153,10
12.9860601425,80.2336502075,62153,62163,10
12.9865503311,80.2333297729,62163,62173,10
12.9866600037,80.2333374023,62173,62183,10
12.9867200851,80.2333221436,62183,62194,11
12.9872198105,80.2333068848,62194,62204,10
12.9873800278,80.2328796387,62204,62214,10
12.9874801636,80.232170105,62214,62224,10
12.9877099991,80.2314987183,62224,62234,10
12.9879798889,80.2308120728,62234,62244,10
12.988240242,80.2300415039,62244,62264,20
12.988240242,80.2300415039,62264,62274,10
12.9883899689,80.2297592163,62274,62284,10
12.9885997772,80.2292098999,62284,62295,11
12.9889602661,80.2282867432,62295,62305,10
12.9896697998,80.2279129028,62305,62315,10
12.9900503159,80.2276611328,62315,62325,10
12.9900598526,80.2276611328,62325,62335,10
12.9901504517,80.2276000977,62335,62345,10
12.9901399612,80.2271575928,62345,62355,10
12.9901199341,80.2270202637,62355,62365,10
12.9900503159,80.2264709473,62365,62375,10
12.9900999069,80.2258300781,62375,62385,10
12.9897003174,80.2251434326,62385,62395,10
12.9895095825,80.2244796753,62395,62406,11
12.9894599915,80.2238006592,62406,62417,11
12.9891195297,80.2233963013,62417,62427,10
12.9885196686,80.2233428955,62427,62436,9
12.9883298874,80.2233428955,62436,62477,41
12.9883298874,80.2233428955,62477,62487,10
12.9886798859,80.2232971191,62487,62497,10
12.989159584,80.2233734131,62497,62508,11
12.9894695282,80.2238998413,62508,62518,10
12.9895000458,80.2244796753,62518,62528,10
12.9897003174,80.225112915,62528,62538,10
12.9900999069,80.2257919312,62538,62548,10
12.9900598526,80.2264709473,62548,62558,10
12.9902000427,80.2275085449,62558,62598,40
12.9902000427,80.2275085449,62598,62609,11
12.990240097,80.2278823853,62609,62620,11
12.9904699326,80.2287063599,62620,62630,10
12.9906196594,80.2292404175,62630,62640,10
12.9908399582,80.2302017212,62640,62660,20
12.9908399582,80.2302017212,62660,62670,10
12.9908704758,80.2302627563,62670,62680,10
12.9908800125,80.230682373,62680,62690,10
12.9909000397,80.2312088013,62690,62700,10
12.9910001755,80.2320480347,62700,62721,21
12.9910001755,80.2320480347,62721,62731,10
12.9910697937,80.2324981689,62731,62741,10
12.9912700653,80.2331314087,62741,62751,10
12.9917602539,80.2336807251,62751,62791,40
12.9917602539,80.2336807251,62791,62801,10
12.991809845,80.2337417603,62801,62811,10
12.9921798706,80.233757019,62811,62821,10
12.9928102493,80.2338485718,62821,62832,11
12.9933900833,80.23412323,62832,62842,10
12.9938898087,80.2344665527,62842,62862,20
12.9938898087,80.2344665527,62862,62872,10
12.9941797256,80.2346801758,62872,62882,10
12.9948101044,80.2350234985,62882,62891,9
12.9953298569,80.2353515625,62891,62902,11
12.9958896637,80.2358016968,62902,62912,10
12.9960203171,80.2359619141,62912,62922,10
12.9961204529,80.2360992432,62922,62933,11
12.9964504242,80.2367019653,62933,62943,10
12.9968395233,80.237449646,62943,62953,10
12.997130394,80.2379226685,62953,62963,10
12.9975500107,80.23853302,62963,62973,10
12.9980096817,80.2389373779,62973,62983,10
12.9987201691,80.2392120361,62983,63044,61
12.9987201691,80.2392120361,63044,63054,10
12.9990596771,80.2393035889,63054,63064,10
12.9996404648,80.239440918,63064,63074,10
13.0004796982,80.2395401001,63074,63084,10
13.0011901855,80.2396697998,63084,63094,10
13.0017299652,80.2398300171,63094,63104,10
13.0023603439,80.2400436401,63104,63114,10
13.0025501251,80.2400817871,63114,63124,10
13.0025701523,80.2400817871,63124,63134,10
13.0029296875,80.240196228,63134,63145,11
13.0035400391,80.240562439,63145,63155,10
13.0038604736,80.241317749,63155,63165,10
13.0042695999,80.2418365479,63165,63175,10
13.0050401688,80.2418365479,63175,63185,10
13.0058403015,80.241859436,63185,63195,10
13.0059404373,80.2423477173,63195,63205,10
13.0056600571,80.2423400879,63205,63881,676
13.0056600571,80.2423400879,63881,63892,11
13.0055999756,80.2422637939,63892,63902,10
13.005279541,80.2419281006,63902,63912,10
13.0045900345,80.2418823242,63912,63922,10
13.0039100647,80.2415237427,63922,63932,10
13.0035200119,80.2406234741,63932,63942,10
13.0027303696,80.2401885986,63942,63952,10
13.0025901794,80.2401275635,63952,63962,10
13.0023698807,80.2400436401,63962,63972,10
13.0017204285,80.2398071289,63972,63982,10
13.0010004044,80.2396621704,63982,63993,11
13.0001296997,80.2395172119,63993,64003,10
12.9991598129,80.2393493652,64003,64053,50
12.9991598129,80.2393493652,64053,64063,10
12.9988203049,80.2392272949,64063,64073,10
12.9986495972,80.2391891479,64073,64083,10
12.9981203079,80.2390289307,64083,64093,10
12.9977197647,80.2387695313,64093,64104,11
12.9971904755,80.2380218506,64104,64114,10
12.9968395233,80.2374572754,64114,64124,10
12.9962701797,80.2364196777,64124,64144,20
12.9962701797,80.2364196777,64144,64154,10
12.9961595535,80.2362136841,64154,64164,10
12.995759964,80.235710144,64164,64174,10
12.9952001572,80.2353210449,64174,64184,10
12.9947595596,80.2350692749,64184,64194,10
12.9939498901,80.2345428467,64194,64215,21
12.9939498901,80.2345428467,64215,64225,10
12.9936800003,80.2343215942,64225,64235,10
12.9932498932,80.2340621948,64235,64245,10
12.9927101135,80.2338790894,64245,64255,10
12.9917898178,80.2337875366,64255,64285,30
12.9917898178,80.2337875366,64285,64295,10
12.9914598465,80.2338027954,64295,64305,10
12.9912900925,80.2332382202,64305,64316,11
12.9911003113,80.232673645,64316,64326,10
12.9909296036,80.2318191528,64326,64366,40
12.9909296036,80.2318191528,64366,64376,10
12.9909095764,80.2315063477,64376,64386,10
12.9908504486,80.2309188843,64386,64396,10
12.9907903671,80.2301025391,64396,64427,31
12.9907903671,80.2301025391,64427,64437,10
12.9907903671,80.229927063,64437,64447,10
12.9906797409,80.2294998169,64447,64457,10
12.990480423,80.2288589478,64457,64467,10
12.9903097153,80.228302002,64467,64477,10
12.9901504517,80.2274169922,64477,64497,20
12.9901504517,80.2274169922,64497,64507,10
12.9901399612,80.2272567749,64507,64517,10
12.9900503159,80.2267227173,64517,64528,11
12.9900798798,80.2260818481,64528,64538,10
12.9897603989,80.2253036499,64538,64548,10
12.9895200729,80.2246017456,64548,64558,10
12.9894504547,80.2239227295,64558,64568,10
12.9891796112,80.2234725952,64568,64578,10
12.9887399673,80.2233734131,64578,64588,10
12.9883403778,80.2233886719,64588,64659,71
12.9883403778,80.2233886719,64659,64669,10
12.9884901047,80.2233810425,64669,64679,10
12.9889698029,80.2233963013,64679,64689,10
12.9894304276,80.2237625122,64689,64699,10
12.9894599915,80.2243118286,64699,64709,10
12.9896297455,80.2249908447,64709,64719,10
12.9900398254,80.2256622314,64719,64729,10
12.9900398254,80.2264480591,64729,64740,11
12.9901599884,80.2271881104,64740,64750,10
12.9899396896,80.2277679443,64750,64760,10
12.9899196625,80.2277908325,64760,64770,10
12.9897899628,80.2278594971,64770,64780,10
12.989279747,80.2281417847,64780,64790,10
12.9887599945,80.2289276123,64790,64800,10
12.9884195328,80.2297668457,64800,64811,11
12.9883098602,80.2300491333,64811,64820,9
12.9882602692,80.2301635742,64820,64831,11
12.9880895615,80.2306365967,64831,64841,10
12.9876699448,80.2316818237,64841,64852,11
12.9874696732,80.232711792,64852,64862,10
12.9874601364,80.233253479,64862,64872,10
12.9870901108,80.2333526611,64872,64882,10
12.9865703583,80.2333602905,64882,64902,20
12.9865703583,80.2333602905,64902,64912,10
12.9861803055,80.2334365845,64912,64922,10
12.9861602783,80.2341537476,64922,64932,10
12.9864997864,80.2352905273,64932,64952,20
12.9864997864,80.2352905273,64952,64963,11
12.986579895,80.2356262207,64963,64973,10
12.9865999222,80.2363204956,64973,64983,10
12.9866304398,80.2370605469,64983,64993,10
12.9866399765,80.2376403809,64993,65003,10
12.9866600037,80.23828125,65003,65013,10
12.9865598679,80.2385482788,65013,65851,838
12.9865598679,80.2385482788,65851,65861,10
12.9866399765,80.2383728027,65861,65871,10
12.9866304398,80.2379074097,65871,65881,10
12.9866104126,80.2374191284,65881,65891,10
12.986579895,80.2369384766,65891,65901,10
12.986579895,80.2363891602,65901,65912,11
12.986530304,80.2357025146,65912,65922,10
12.9864797592,80.2353668213,65922,65932,10
12.9864597321,80.2352905273,65932,65942,10
12.9862203598,80.2347564697,65942,65952,10
12.9861001968,80.2339935303,65952,65962,10
12.9861001968,80.2334671021,65962,65972,10
12.9866600037,80.2333526611,65972,65982,10
12.9866600037,80.2333374023,65982,65992,10
12.987039566,80.2333374023,65992,66002,10
12.9874095917,80.2331008911,66002,66012,10
12.9874696732,80.2324295044,66012,66023,11
12.987739563,80.2315063477,66023,66033,10
12.9880800247,80.2306976318,66033,66043,10
12.9882602692,80.2301635742,66043,66053,10
12.9883403778,80.2299194336,66053,66063,10
12.988530159,80.2294616699,66063,66073,10
12.988940239,80.2284088135,66073,66093,20
12.988940239,80.2284088135,66093,66102,9
12.9891004562,80.2282409668,66102,66113,11
12.9895401001,80.2280197144,66113,66124,11
12.9899997711,80.2277374268,66124,66134,10
12.9900197983,80.227722168,66134,66144,10
12.9901199341,80.2276992798,66144,66154,10
12.9901399612,80.2272415161,66154,66164,10
12.9900102615,80.2265777588,66164,66174,10
12.990070343,80.2260818481,66174,66184,10
12.9897403717,80.2253036499,66184,66194,10
12.9895296097,80.2247314453,66194,66204,10
12.9894504547,80.224029541,66204,66214,10
12.9892196655,80.2235336304,66214,66224,10
12.9887199402,80.2233963013,66224,66235,11
12.9883403778,80.2234191895,66235,66285,50
12.9883403778,80.2234191895,66285,66295,10
12.988699913,80.2233581543,66295,66305,10
12.9891996384,80.223449707,66305,66315,10
12.9894800186,80.2239227295,66315,66325,10
12.9894895554,80.2244262695,66325,66336,11
12.9896497726,80.2250595093,66336,66347,11
12.9901103973,80.2259292603,66347,66357,10
12.9900598526,80.2265319824,66357,66367,10
12.9902000427,80.2276306152,66367,66387,20
12.9902000427,80.2276306152,66387,66397,10
12.9902896881,80.2280807495,66397,66407,10
12.9905004501,80.2288208008,66407,66417,10
12.9906797409,80.2293930054,66417,66427,10
12.9908399582,80.2300796509,66427,66437,10
12.9908704758,80.2302398682,66437,66448,11
12.9908800125,80.2304763794,66448,66458,10
12.9909095764,80.2309494019,66458,66468,10
12.9909601212,80.2314987183,66468,66478,10
12.9910001755,80.2320327759,66478,66488,10
12.9910001755,80.2320785522,66488,66498,10
12.9909896851,80.2321395874,66498,66508,10
12.9911003113,80.2325973511,66508,66518,10
12.9912996292,80.2331771851,66518,66528,10
12.9917497635,80.2337112427,66528,66559,31
12.9917497635,80.2337112427,66559,66569,10
12.9918603897,80.2338180542,66569,66579,10
12.9922704697,80.2338180542,66579,66589,10
12.9928998947,80.2339401245,66589,66599,10
12.9933700562,80.234161377,66599,66611,12
12.9938201904,80.2344512939,66611,66622,11
12.9939002991,80.2345123291,66622,66632,10
12.9939699173,80.2345504761,66632,66641,9
12.9944896698,80.2348632813,66641,66652,11
12.9952001572,80.2352371216,66652,66663,11
12.9957399368,80.2357025146,66663,66673,10
12.9960203171,80.2359924316,66673,66683,10
12.9961500168,80.2361297607,66683,66693,10
12.9964599609,80.2367019653,66693,66703,10
12.9969396591,80.2376022339,66703,66713,10
12.9971904755,80.23802948,66713,66724,11
12.9975595474,80.2385787964,66724,66733,9
12.9980297089,80.2389831543,66733,66744,11
12.9987297058,80.2392501831,66744,66765,21
12.9987297058,80.2392501831,66765,66775,10
12.9989299774,80.2393112183,66775,66785,10
12.9993000031,80.2394104004,66785,66795,10
13.0000095367,80.2395324707,66795,66805,10
13.0007696152,80.2396392822,66805,66815,10
13.0012998581,80.2397079468,66815,66825,10
13.0019598007,80.2399368286,66825,66835,10
13.0024900436,80.2401123047,66835,66845,10
13.002530098,80.2401199341,66845,66855,10
13.002820015,80.2402191162,66855,66865,10
13.0034799576,80.2404785156,66865,66876,11
13.0038900375,80.2414169312,66876,66886,10
13.0044898987,80.2419281006,66886,66896,10
13.0053901672,80.241897583,66896,66906,10
13.005979538,80.2420883179,66906,66916,10
13.0057001114,80.2423095703,66916,67794,878
13.0057001114,80.2423095703,67794,67804,10
13.0056295395,80.2423019409,67804,67814,10
13.0053100586,80.2420196533,67814,67825,11
13.0045795441,80.2419433594,67825,67835,10
13.0040302277,80.2418212891,67835,67845,10
13.0038604736,80.2414627075,67845,67855,10
13.0035600662,80.2407608032,67855,67865,10
13.0029802322,80.2403182983,67865,67875,10
13.002579689,80.2401733398,67875,67885,10
13.0024995804,80.2401428223,67885,67894,9
13.001999855,80.239982605,67894,67905,11
13.0011301041,80.2397232056,67905,67915,10
13.0005302429,80.239616394,67915,67925,10
12.9991598129,80.239402771,67925,67946,21
12.9991598129,80.239402771,67946,67956,10
12.9989404678,80.2393417358,67956,67966,10
12.9982500076,80.2391204834,67966,67976,10
12.9977703094,80.2388381958,67976,67986,10
12.9973096848,80.2382736206,67986,67996,10
12.9968795776,80.2376174927,67996,68006,10
12.9965600967,80.2370223999,68006,68016,10
12.9962396622,80.2364196777,68016,68026,10
12.9962301254,80.2364196777,68026,68037,11
12.9961204529,80.2362213135,68037,68047,10
12.9959402084,80.2359619141,68047,68057,10
12.9959001541,80.2359237671,68057,68067,10
12.9954996109,80.2355499268,68067,68077,10
12.9950399399,80.2352218628,68077,68087,10
12.9939098358,80.2345962524,68087,68117,30
12.9939098358,80.2345962524,68117,68127,10
12.9935998917,80.2342987061,68127,68137,10
12.9930400848,80.2339782715,68137,68148,11
12.9921998978,80.2338104248,68148,68158,10
12.9917697906,80.2338027954,68158,68178,20
12.9917697906,80.2338027954,68178,68188,10
12.9916400909,80.2338180542,68188,68198,10
12.991350174,80.233581543,68198,68208,10
12.9911804199,80.2330627441,68208,68218,10
12.9909696579,80.2324829102,68218,68228,10
12.9908895493,80.231842041,68228,68248,20
12.9908895493,80.231842041,68248,68259,11
12.9908800125,80.2314605713,68259,68269,10
12.9908304214,80.2308807373,68269,68279,10
12.9907903671,80.2302627563,68279,68289,10
12.9907798767,80.2301101685,68289,68299,10
12.9907598495,80.2298736572,68299,68309,10
12.9905996323,80.2292175293,68309,68319,10
12.9904603958,80.2287063599,68319,68329,10
12.9902601242,80.2280426025,68329,68339,10
12.9901599884,80.2274398804,68339,68349,10
12.9901304245,80.2273635864,68349,68360,11
12.9899902344,80.2267532349,68360,68370,10
12.989979744,80.2262268066,68370,68380,10
12.9898796082,80.2255325317,68380,68390,10
12.9895801544,80.2249984741,68390,68400,10
12.9894399643,80.2243118286,68400,68410,10
12.9894199371,80.2237701416,68410,68420,10
12.98898983,80.2234268188,68420,68430,10
12.9883203506,80.2233963013,68430,68471,41
12.9883203506,80.2233963013,68471,68481,10
12.9884195328,80.2233428955,68481,68491,10
12.9887695313,80.2233810425,68491,68501,10
12.9892597198,80.2235412598,68501,68511,10
12.9894695282,80.2240829468,68511,68521,10
12.9895401001,80.2247009277,68521,68531,10
12.9897699356,80.2253189087,68531,68541,10
12.9900598526,80.2260437012,68541,68552,11
12.9900503159,80.2266464233,68552,68561,9
12.9898796082,80.2277908325,68561,68593,32
12.9898796082,80.2277908325,68593,68603,10
12.9895401001,80.2279968262,68603,68613,10
12.9889297485,80.2284011841,68613,68623,10
12.9886102676,80.2292480469,68623,68633,10
12.9883804321,80.229850769,68633,68643,10
12.9883203506,80.2300567627,68643,68653,10
12.988240242,80.2302932739,68653,68663,10
12.9880895615,80.230682373,68663,68673,10
12.9878501892,80.2312469482,68673,68684,11
12.9875402451,80.2321014404,68684,68694,10
12.9874401093,80.2329711914,68694,68704,10
12.9873199463,80.2333297729,68704,68714,10
12.9869203568,80.2333679199,68714,68724,10
12.986530304,80.2333984375,68724,68734,10
12.9865198135,80.2333984375,68734,68744,10
12.9861001968,80.2334671021,68744,68754,10
12.9861097336,80.2340621948,68754,68764,10
12.9864797592,80.2352905273,68764,68795,31
12.9864797592,80.2352905273,68795,68805,10
12.9864997864,80.2353515625,68805,68815,10
12.9865503311,80.2359008789,68815,68825,10
12.986579895,80.236541748,68825,68835,10
12.9865999222,80.2371673584,68835,68845,10
12.9866199493,80.2378921509,68845,68855,10
12.9866399765,80.2387237549,68855,68865,10
12.9865503311,80.23853302,68865,69340,475
12.9865503311,80.23853302,69340,69350,10
12.9866600037,80.2380981445,69350,69360,10
12.9866199493,80.2378234863,69360,69370,10
12.9866104126,80.2371902466,69370,69380,10
12.9865703583,80.2367324829,69380,69390,10
12.9865503311,80.2360610962,69390,69400,10
12.9864702225,80.2353820801,69400,69431,31
12.9864702225,80.2353820801,69431,69441,10
12.9864196777,80.2352218628,69441,69451,10
12.9861803055,80.2347412109,69451,69461,10
12.9861001968,80.2341003418,69461,69471,10
12.9860601425,80.2336196899,69471,69481,10
12.9866600037,80.2333526611,69481,69502,21
12.9866600037,80.2333526611,69502,69512,10
12.986700058,80.2333984375,69512,69522,10
12.9871501923,80.2333679199,69522,69533,11
12.9873895645,80.232963562,69533,69543,10
12.987449646,80.2322998047,69543,69553,10
12.9877300262,80.2315216064,69553,69562,9
12.9882602692,80.230140686,69562,69583,21
12.9882602692,80.230140686,69583,69593,10
12.9884004593,80.2297515869,69593,69603,10
12.9886102676,80.2291870117,69603,69613,10
12.988940239,80.2284088135,69613,69623,10
12.9896802902,80.2279586792,69623,69633,10
12.9900398254,80.2277069092,69633,69644,11
12.9900503159,80.2276992798,69644,69654,10
12.9901304245,80.2276535034,69654,69664,10
12.9901399612,80.2273330688,69664,69674,10
12.9900398254,80.2266693115,69674,69684,10
12.9899997711,80.2262115479,69684,69694,10
12.9899396896,80.2256622314,69694,69704,10
12.989569664,80.2249832153,69704,69714,10
12.9894695282,80.2244110107,69714,69724,10
12.9894104004,80.2237701416,69724,69734,10
12.9889602661,80.2234268188,69734,69745,11
12.9883003235,80.2234191895,69745,69815,70
12.9883003235,80.2234191895,69815,69825,10
12.9886198044,80.2233734131,69825,69835,10
12.9891300201,80.2234420776,69835,69845,10
12.9894304276,80.2238693237,69845,69856,11
12.9894399643,80.2244415283,69856,69866,10
12.9895601273,80.2249069214,69866,69876,10
12.9899101257,80.225479126,69876,69886,10
12.9900197983,80.2261962891,69886,69896,10
12.9900398254,80.2266998291,69896,69906,10
12.9902000427,80.2276382446,69906,69926,20
12.9902000427,80.2276382446,69926,69936,10
12.9902095795,80.2278366089,69936,69946,10
12.99036026,80.2284393311,69946,69957,11
12.990530014,80.2289962769,69957,69967,10
12.9907197952,80.2296676636,69967,69977,10
12.9908103943,80.2302474976,69977,69987,10
12.990819931,80.230430603,69987,69997,10
12.9908599854,80.231010437,69997,70007,10
12.9909601212,80.232093811,70007,70037,30
12.9909601212,80.232093811,70037,70047,10
12.9909801483,80.2322463989,70047,70057,10
12.9911003113,80.2326812744,70057,70068,11
12.9912996292,80.2332763672,70068,70078,10
12.9917201996,80.2337036133,70078,70108,30
12.9917201996,80.2337036133,70108,70118,10
12.9918003082,80.2337722778,70118,70128,10
12.9922304153,80.2338027954,70128,70138,10
12.9933996201,80.2341995239,70138,70148,10
12.9933996201,80.2341995239,70148,70158,10
12.9938201904,80.2344818115,70158,70169,11
12.9938602448,80.2345275879,70169,70179,10
12.9940795898,80.2346725464,70179,70189,10
12.9944801331,80.2349014282,70189,70199,10
12.9951400757,80.2352600098,70199,70210,11
12.9959897995,80.2359771729,70210,70230,20
12.9959897995,80.2359771729,70230,70240,10
12.9962396622,80.236366272,70240,70250,10
12.9966001511,80.2370986938,70250,70260,10
12.997010231,80.2377700806,70260,70270,10
12.9974298477,80.2384033203,70270,70281,11
12.9979801178,80.2389602661,70281,70291,10
12.9986600876,80.2392272949,70291,70321,30
12.9986600876,80.2392272949,70321,70331,10
12.9988298416,80.2392578125,70331,70341,10
12.9992198944,80.2393493652,70341,70351,10
12.9999399185,80.2394714355,70351,70361,10
13.000869751,80.239616394,70361,70371,10
13.0013799667,80.2397079468,70371,70382,11
13.0021095276,80.2399520874,70382,70392,10
13.0025100708,80.2400665283,70392,70402,10
13.0025701523,80.2400970459,70402,70412,10
13.003080368,80.240272522,70412,70422,10
13.0035600662,80.2407073975,70422,70432,10
13.0039300919,80.2415618896,70432,70442,10
13.0046396255,80.2418670654,70442,70452,10
13.005399704,80.2418289185,70452,70462,10
13.0058498383,80.2418518066,70462,70472,10
13.0058803558,80.2423400879,70472,70482,10
13.0056400299,80.2423706055,70482,71007,525
13.0056400299,80.2423706055,71007,71018,11
13.0055999756,80.2423095703,71018,71028,10
13.0053596497,80.2419967651,71028,71038,10
13.0049495697,80.2418365479,71038,71048,10
13.0042200089,80.241859436,71048,71058,10
13.0038299561,80.2413635254,71058,71068,10
13.0034704208,80.2405395508,71068,71078,10
13.0027198792,80.2401733398,71078,71088,10
13.0025396347,80.2400970459,71088,71098,10
13.0022096634,80.2399902344,71098,71108,10
13.0015802383,80.2397689819,71108,71118,10
13.0008497238,80.2396087646,71118,71129,11
12.9998903275,80.2394790649,71129,71139,10
12.9991397858,80.2393493652,71139,71149,10
12.999130249,80.2393417358,71149,71159,10
12.9991102219,80.2393264771,71159,71169,10
12.9987001419,80.2392196655,71169,71179,10
12.9979696274,80.2389373779,71179,71189,10
12.9975595474,80.2385787964,71189,71199,10
12.9971199036,80.2379302979,71199,71209,10
12.9967803955,80.2373962402,71209,71219,10
12.9963903427,80.236656189,71219,71230,11
12.9962100983,80.2363586426,71230,71240,10
12.9961996078,80.2363204956,71240,71250,10
12.995880127,80.2358398438,71250,71260,10
12.9952297211,80.2352981567,71260,71270,10
12.9947595596,80.2350234985,71270,71280,10
12.9939899445,80.2346115112,71280,71290,10
12.9937400818,80.2343902588,71290,71300,10
12.9934997559,80.2341766357,71300,71310,10
12.9930801392,80.2339477539,71310,71320,10
12.9923696518,80.2337875366,71320,71330,10
12.9918203354,80.233757019,71330,71341,11
12.9917497635,80.2337799072,71341,71351,10
12.9917001724,80.2338104248,71351,71361,10
12.991350174,80.2336502075,71361,71371,10
12.9912004471,80.2330932617,71371,71381,10
12.9910202026,80.2325668335,71381,71391,10
12.9909095764,80.2318191528,71391,71401,10
12.9909000397,80.2317504883,71401,71411,10
12.9909095764,80.2316207886,71411,71421,10
12.9908599854,80.2310562134,71421,71431,10
12.9908103943,80.2303924561,71431,71442,11
12.9907798767,80.2300186157,71442,71452,10
12.9907102585,80.2296829224,71452,71462,10
12.99036026,80.2284698486,71462,71472,10
12.99036026,80.2284698486,71472,71482,10
12.9901695251,80.227722168,71482,71492,10
12.9901399612,80.2274169922,71492,71502,10
12.9900999069,80.2269668579,71502,71512,10
12.9900102615,80.2263793945,71512,71522,10
12.9900302887,80.2257385254,71522,71532,10
12.9896001816,80.2250137329,71532,71542,10
12.9894504547,80.2244033813,71542,71553,11
12.98939991,80.2237091064,71553,71563,10
12.988940239,80.2233810425,71563,71573,10
12.9884996414,80.2233734131,71573,71584,11
12.9883098602,80.2233505249,71584,71604,20
12.9883098602,80.2233505249,71604,71614,10
12.9885101318,80.2232971191,71614,71624,10
12.9889001846,80.2233276367,71624,71634,10
12.9893503189,80.2236175537,71634,71644,10
12.9894304276,80.2241287231,71644,71654,10
12.9895601273,80.2248535156,71654,71665,11
12.9899396896,80.2255325317,71665,71675,10
12.9899902344,80.226348877,71675,71685,10
12.9900798798,80.2269134521,71685,71695,10
12.9901399612,80.2275314331,71695,71705,10
12.989859581,80.2277832031,71705,71715,10
12.9897603989,80.2278594971,71715,71725,10
12.9892902374,80.2281112671,71725,71735,10
12.9888000488,80.2286605835,71735,71745,10
12.9884901047,80.2294616699,71745,71755,10
12.9883003235,80.2299880981,71755,71766,11
12.988240242,80.2301025391,71766,71776,10
12.9880800247,80.2305908203,71776,71786,10
12.9877195358,80.2313995361,71786,71796,10
12.9875001907,80.2322006226,71796,71806,10
12.9874000549,80.233001709,71806,71816,10
12.9872198105,80.2332992554,71816,71826,10
12.9867401123,80.2333526611,71826,71836,10
12.9865102768,80.2333679199,71836,71846,10
12.9862604141,80.2333602905,71846,71856,10
12.9860496521,80.2337493896,71856,71867,11
12.9861097336,80.2343902588,71867,71877,10
12.9863595963,80.2350997925,71877,71887,10
12.9864501953,80.2352828979,71887,71897,10
12.9864597321,80.2352981567,71897,71907,10
12.9865198135,80.2357177734,71907,71916,9
12.9865398407,80.2363815308,71916,71927,11
12.9865703583,80.2370986938,71927,71937,10
12.9865703583,80.2372283936,71937,71947,10
12.9865903854,80.2377700806,71947,71957,10
12.9865999222,80.2382507324,71957,71967,10
12.986579895,80.2387008667,71967,71978,11
12.986579895,80.2384719849,71978,72957,979
12.9866199493,80.2384414673,72957,73007,50
12.9866199493,80.2384414673,73007,73017,10
12.9866199493,80.2379302979,73017,73027,10
12.9865703583,80.2371826172,73027,73038,11
12.9865503311,80.2366867065,73038,73048,10
12.9864997864,80.2361221313,73048,73058,10
12.9864301682,80.2353515625,73058,73078,20
12.9864301682,80.2353515625,73078,73088,10
12.986410141,80.2352600098,73088,73098,10
12.9863395691,80.2350692749,73098,73108,10
12.9862098694,80.2348022461,73108,73118,10
12.9860801697,80.2341995239,73118,73128,10
12.9860496521,80.2337188721,73128,73139,11
12.9866399765,80.2333374023,73139,73159,20
12.9866399765,80.2333374023,73159,73169,10
12.987039566,80.2332992554,73169,73179,10
12.9873800278,80.2330322266,73179,73189,10
12.987449646,80.2324066162,73189,73199,10
12.9876203537,80.2316894531,73199,73208,9
12.9879102707,80.2309188843,73208,73219,11
12.9882097244,80.2301635742,73219,73229,10
12.988240242,80.2300872803,73229,73239,10
12.988360405,80.2297897339,73239,73250,11
12.9885597229,80.2292404175,73250,73260,10
12.9888095856,80.2286376953,73260,73270,10
12.9892396927,80.2281494141,73270,73280,10
12.9897499084,80.2278671265,73280,73290,10
12.9900398254,80.2276916504,73290,73300,10
12.9901399612,80.2274398804,73300,73310,10
12.9900398254,80.2268066406,73310,73320,10
12.9899902344,80.226348877,73320,73330,10
12.9899301529,80.2255630493,73330,73340,10
12.9895601273,80.2249221802,73340,73350,10
12.9894399643,80.2244110107,73350,73361,11
12.9893798828,80.2237091064,73361,73371,10
12.988940239,80.2234191895,73371,73381,10
12.9883003235,80.2234191895,73381,73421,40
12.9883003235,80.2234191895,73421,73431,10
12.9884796143,80.2233200073,73431,73441,10
12.988940239,80.2233734131,73441,73451,10
12.9893398285,80.2236175537,73451,73462,11
12.9894399643,80.2241363525,73462,73472,10
12.9895200729,80.2247619629,73472,73482,10
12.9897899628,80.2253417969,73482,73492,10
12.990070343,80.2259674072,73492,73502,10
12.9900197983,80.2265396118,73502,73512,10
12.9901304245,80.2271881104,73512,73522,10
12.990240097,80.2279586792,73522,73532,10
12.9904203415,80.2286529541,73532,73541,9
12.9905796051,80.2291564941,73541,73552,11
12.9907503128,80.2298812866,73552,73562,10
12.9907999039,80.2302703857,73562,73573,11
12.9908103943,80.2304534912,73573,73583,10
12.9908599854,80.2310333252,73583,73593,10
12.990940094,80.2316513062,73593,73603,10
12.9909601212,80.2321090698,73603,73613,10
12.9909696579,80.2322463989,73613,73623,10
12.9911499023,80.2328186035,73623,73633,10
12.9913396835,80.2333602905,73633,73643,10
12.9917402267,80.2337188721,73643,73674,31
12.9917402267,80.2337188721,73674,73684,10
12.9920597076,80.233757019,73684,73694,10
12.9922800064,80.2337875366,73694,73704,10
12.9927396774,80.2338485718,73704,73714,10
12.9932804108,80.2340621948,73714,73724,10
12.9937000275,80.234336853,73724,73734,10
12.9942598343,80.2347183228,73734,73744,10
12.9942598343,80.2347183228,73744,73754,10
12.9948501587,80.2350616455,73754,73764,10
12.995349884,80.2353897095,73764,73774,10
12.9959897995,80.2359619141,73774,73795,21
12.9959897995,80.2359619141,73795,73808,13
12.9960298538,80.2360305786,73808,73818,10
12.9964199066,80.2366867065,73818,73828,10
12.9968299866,80.2374191284,73828,73838,10
12.9971103668,80.2378921509,73838,73848,10
12.9975404739,80.2385177612,73848,73858,10
12.9979801178,80.2389526367,73858,73868,10
12.9984998703,80.2391433716,73868,73878,10
12.9987001419,80.2392196655,73878,73888,10
12.9987297058,80.2392425537,73888,73899,11
12.9991903305,80.2393493652,73899,73909,10
12.9997396469,80.2394790649,73909,73919,10
13.0007295609,80.2396621704,73919,73929,10
13.0012397766,80.2397232056,73929,73939,10
13.0019197464,80.2398986816,73939,73949,10
13.0024595261,80.2400665283,73949,73959,10
13.002989769,80.2402496338,73959,73969,10
13.0035400391,80.2406234741,73969,73979,10
13.0038795471,80.2414474487,73979,73989,10
13.004360199,80.241897583,73989,74000,11
13.005279541,80.2418518066,74000,74010,10
13.0058498383,80.2418823242,74010,74020,10
13.0059404373,80.2422714233,74020,74030,10
13.005689621,80.2424087524,74030,74757,727
13.005689621,80.2424087524,74757,74767,10
13.0057096481,80.2422027588,74767,74797,30
13.0057096481,80.2422027588,74797,74807,10
13.005490303,80.2420730591,74807,74817,10
13.005109787,80.2418212891,74817,74827,10
13.0044498444,80.241859436,74827,74837,10
13.0039100647,80.2414932251,74837,74848,11
13.0035600662,80.2406692505,74848,74858,10
13.0026102066,80.2401123047,74858,74878,20
13.0026102066,80.2401123047,74878,74888,10
13.002579689,80.2401199341,74888,74898,10
13.0021800995,80.239982605,74898,74908,10
13.0015201569,80.2397689819,74908,74918,10
13.00096035,80.2396469116,74918,74928,10
13.0002603531,80.2395324707,74928,74939,11
12.9993000031,80.2393798828,74939,74949,10
12.9991798401,80.2393493652,74949,74959,10
12.9989995956,80.2392883301,74959,74969,10
12.998459816,80.2391204834,74969,74979,10
12.9978704453,80.2388534546,74979,74989,10
12.9974803925,80.2384185791,74989,74999,10
12.9970598221,80.2378082275,74999,75009,10
12.9967803955,80.2372817993,75009,75019,10
12.9963903427,80.2365264893,75019,75029,10
12.9962596893,80.2363433838,75029,75039,10
12.9960603714,80.2360610962,75039,75049,10
12.99559021,80.2355499268,75049,75060,11
12.9949197769,80.2351531982,75060,75070,10
12.993929863,80.2345275879,75070,75100,30
12.993929863,80.2345275879,75100,75110,10
12.9936103821,80.2342681885,75110,75120,10
12.9931602478,80.2339935303,75120,75130,10
12.9926204681,80.2338409424,75130,75140,10
12.9917802811,80.2338027954,75140,75181,41
12.9917802811,80.2338027954,75181,75191,10
12.9917201996,80.233757019,75191,75201,10
12.9913797379,80.2335662842,75201,75211,10
12.9912395477,80.233001709,75211,75221,10
12.9910001755,80.2323303223,75221,75231,10
12.990940094,80.231552124,75231,75241,10
12.9908800125,80.2309494019,75241,75251,10
12.990819931,80.2300567627,75251,75272,21
12.990819931,80.2300567627,75272,75282,10
12.9908103943,80.2299575806,75282,75292,10
12.9906997681,80.2293930054,75292,75302,10
12.9904899597,80.2287368774,75302,75312,10
12.9903297424,80.2282104492,75312,75322,10
12.9901895523,80.2274017334,75322,75332,10
12.9900503159,80.2265472412,75332,75342,10
12.9900999069,80.2260513306,75342,75352,10
12.9898004532,80.2253189087,75352,75362,10
12.989569664,80.2247314453,75362,75371,9
12.9894895554,80.224029541,75371,75383,12
12.9892196655,80.2234573364,75383,75393,10
12.9886598587,80.2233581543,75393,75403,10
12.9883499146,80.2233505249,75403,75423,20
12.9883499146,80.2233505249,75423,75433,10
12.9884500504,80.2232818604,75433,75443,10
12.9889202118,80.2233200073,75443,75453,10
12.9893703461,80.2235870361,75453,75463,10
12.9894800186,80.2240982056,75463,75473,10
12.9896402359,80.2250518799,75473,75514,41
12.9896402359,80.2250518799,75514,75524,10
12.9897603989,80.2253036499,75524,75534,10
12.990070343,80.2257080078,75534,75544,10
12.9900197983,80.2263870239,75544,75554,10
12.9900999069,80.2269592285,75554,75564,10
12.9901199341,80.2276000977,75564,75574,10
12.9898996353,80.2277603149,75574,75584,10
12.989689827,80.227897644,75584,75595,11
12.9890699387,80.2282409668,75595,75605,10
12.9887399673,80.2288894653,75605,75615,10
12.9884500504,80.2296295166,75615,75625,10
12.9883203506,80.2300033569,75625,75635,10
12.9882001877,80.2303009033,75635,75645,10
12.9879398346,80.2309799194,75645,75655,10
12.9876098633,80.2318725586,75655,75665,10
12.9874801636,80.2328262329,75665,75675,10
12.9873104095,80.2332763672,75675,75685,10
12.986749649,80.2333297729,75685,75696,11
12.9865198135,80.2333374023,75696,75706,10
12.986289978,80.2333679199,75706,75716,10
12.9861001968,80.2338867188,75716,75726,10
12.9861602783,80.2344512939,75726,75736,10
12.9864597321,80.2351989746,75736,75746,10
12.9864797592,80.2352523804,75746,75755,9
12.9864902496,80.2353210449,75755,75766,11
12.9865503311,80.2359237671,75766,75776,10
12.9865703583,80.2366333008,75776,75786,10
12.9866104126,80.2372436523,75786,75796,10
12.9866199493,80.2380371094,75796,75807,11
12.9866304398,80.2387084961,75807,75817,10
12.986530304,80.23853302,75817,76697,880
12.986530304,80.23853302,76697,76707,10
12.9866504669,80.2380981445,76707,76717,10
12.9866104126,80.2373123169,76717,76727,10
12.986579895,80.2367172241,76727,76737,10
12.986530304,80.2359924316,76737,76747,10
12.9864702225,80.2353134155,76747,76768,21
12.9864702225,80.2353134155,76768,76778,10
12.9863100052,80.2349777222,76778,76788,10
12.986120224,80.2342987061,76788,76798,10
12.9860601425,80.2337265015,76798,76808,10
12.9866399765,80.233291626,76808,76828,20
12.9866399765,80.233291626,76828,76838,10
12.9870901108,80.2332992554,76838,76848,10
12.9873600006,80.2329177856,76848,76858,10
12.9874601364,80.2322387695,76858,76869,11
12.9877195358,80.2314224243,76869,76878,9
12.9880695343,80.2306137085,76878,76889,11
12.9883298874,80.2299118042,76889,76899,10
12.9885396957,80.2294006348,76899,76909,10
12.9887695313,80.2287216187,76909,76919,10
12.9893102646,80.2281112671,76919,76929,10
12.9898195267,80.2277832031,76929,76939,10
12.9900598526,80.2276229858,76939,76949,10
12.9901304245,80.2273025513,76949,76959,10
12.9900598526,80.2267227173,76959,76970,11
12.9900903702,80.2259368896,76970,76980,10
12.9897203445,80.225189209,76980,76990,10
12.9895200729,80.2245330811,76990,77000,10
12.9894695282,80.2238616943,77000,77010,10
12.9891796112,80.2234115601,77010,77020,10
12.9886798859,80.2233428955,77020,77030,10
12.9883203506,80.2233505249,77030,77060,30
12.9883203506,80.2233505249,77060,77070,10
12.9884004593,80.2232818604,77070,77081,11
12.9888601303,80.2233276367,77081,77091,10
12.9893102646,80.2235412598,77091,77101,10
12.9894504547,80.224067688,77101,77111,10
12.9895601273,80.224822998,77111,77121,10
12.9898900986,80.2254333496,77121,77131,10
12.9900398254,80.2261505127,77131,77141,10
12.9900102615,80.2266693115,77141,77151,10
12.9901399612,80.2276763916,77151,77160,9
12.9902801514,80.2282867432,77160,77171,11
12.990480423,80.2288589478,77171,77182,11
12.9907398224,80.2298126221,77182,77192,10
12.9908103943,80.2301712036,77192,77202,10
12.9908504486,80.2305679321,77202,77213,11
12.9908504486,80.2310791016,77213,77223,10
12.9909095764,80.231918335,77223,77233,10
12.990940094,80.2321929932,77233,77243,10
12.9911203384,80.2328262329,77243,77253,10
12.9913301468,80.2333679199,77253,77263,10
12.9917001724,80.2336578369,77263,77314,51
12.9917001724,80.2336578369,77314,77324,10
12.9921102524,80.2337722778,77324,77334,10
12.9927597046,80.2338409424,77334,77344,10
12.9933099747,80.2340621948,77344,77354,10
12.9937601089,80.2343673706,77354,77364,10
12.9939603806,80.2345504761,77364,77374,10
12.9944801331,80.2348175049,77374,77384,10
12.99518013,80.2352371216,77384,77394,10
12.9956903458,80.2356491089,77394,77405,11
12.9959802628,80.2359619141,77405,77415,10
12.9961996078,80.2363433838,77415,77425,10
12.9965801239,80.2370605469,77425,77435,10
12.9969701767,80.237701416,77435,77445,10
12.9973602295,80.238319397,77445,77455,10
12.9978599548,80.2388763428,77455,77465,10
12.9984197617,80.2391204834,77465,77475,10
12.9987001419,80.2391891479,77475,77484,9
12.9988203049,80.2392425537,77484,77495,11
12.9993495941,80.2393722534,77495,77506,11
13.0002698898,80.2395172119,77506,77516,10
13.0010995865,80.2396469116,77516,77526,10
13.0017004013,80.2398071289,77526,77536,10
13.0024204254,80.2400436401,77536,77546,10
13.0029201508,80.2402114868,77546,77556,10
13.0034999847,80.2405090332,77556,77565,9
13.0038499832,80.2413635254,77565,77576,11
13.0045204163,80.2418899536,77576,77585,9
13.0053195953,80.2418518066,77585,77596,11
13.0059499741,80.2419815063,77596,77606,10
13.005689621,80.242401123,77606,78242,636
13.005689621,80.242401123,78242,78253,11
13.005490303,80.2421112061,78253,78263,10
13.0049600601,80.2418365479,78263,78273,10
13.004070282,80.2417602539,78273,78283,10
13.0036802292,80.2409210205,78283,78293,10
13.0030202866,80.2402572632,78293,78303,10
13.0024795532,80.2400894165,78303,78313,10
13.0021696091,80.2399978638,78313,78323,10
13.0013504028,80.239730835,78323,78333,10
12.9997196198,80.2394714355,78333,78343,10
12.9997196198,80.2394714355,78343,78353,10
12.9991397858,80.2393569946,78353,78364,11
12.9990196228,80.2393112183,78364,78374,10
12.9983596802,80.239112854,78374,78384,10
12.9977502823,80.2387695313,78384,78394,10
12.9972600937,80.2381210327,78394,78404,10
12.9968395233,80.2374572754,78404,78414,10
12.9964599609,80.2367630005,78414,78424,10
12.9963598251,80.2365570068,78424,78434,10
12.9961795807,80.2363433838,78434,78444,10
12.9956998825,80.2356491089,78444,78454,10
12.9950799942,80.2351989746,78454,78465,11
12.9943304062,80.2347488403,78465,78475,10
12.9938697815,80.2344970703,78475,78485,10
12.9935398102,80.2342071533,78485,78493,8
12.9931001663,80.2339782715,78493,78505,12
12.9922103882,80.2337722778,78505,78515,10
12.9918003082,80.233757019,78515,78525,10
12.9917802811,80.233757019,78525,78535,10
12.9914999008,80.2338027954,78535,78545,10
12.9911003113,80.2326583862,78545,78555,10
12.9911003113,80.2326583862,78555,78565,10
12.9909496307,80.2316818237,78565,78576,11
12.9908704758,80.2309188843,78576,78586,10
12.9907903671,80.2300262451,78586,78606,20
12.990819931,80.2299575806,78606,78656,50
12.990819931,80.2299575806,78656,78667,11
12.9907503128,80.2297134399,78667,78677,10
12.990530014,80.2289428711,78677,78687,10
12.99036026,80.2283630371,78687,78697,10
12.9901800156,80.2274398804,78697,78707,10
12.9899997711,80.2264709473,78707,78717,10
12.990070343,80.2257995605,78717,78727,10
12.9895496368,80.2249221802,78727,78737,10
12.9894504547,80.2242965698,78737,78747,10
12.9893398285,80.2236099243,78747,78757,10
12.9888095856,80.2233505249,78757,78767,10
12.9884500504,80.2234573364,78767,78787,20
12.9884500504,80.2234573364,78787,78798,11
