12.9973402023,80.1917419434,14,4314,4300
12.9973497391,80.1915435791,4314,4526,212
12.9974803925,80.1917266846,4526,5768,1242
12.9973201752,80.1917724609,5768,5879,111
12.9975404739,80.1917114258,5879,6242,363
12.9972295761,80.1917037964,6242,6323,81
12.997300148,80.1917037964,6323,6747,424
12.9974298477,80.1917037964,6747,7312,565
12.9974298477,80.1917037964,7312,7322,10
12.9974899292,80.1916732788,7322,9331,2009
12.9974498749,80.1917037964,9331,13580,4249
12.997209549,80.1918716431,13580,13803,223
12.9970798492,80.1920394897,13803,13915,112
12.9970798492,80.1920318604,13915,13967,52
12.9969902039,80.1918487549,13967,14202,235
12.9972000122,80.191947937,14202,15989,1787
12.9970598221,80.1919631958,15989,16150,161
12.9970197678,80.1919021606,16150,18290,2140
12.997010231,80.1920394897,18290,18482,192
12.9969997406,80.1919631958,18482,19714,1232
12.9970903397,80.1919937134,19714,19837,123
12.997130394,80.1919784546,19837,19938,101
12.9970798492,80.1920776367,19938,20019,81
12.9970502853,80.1920471191,20019,21210,1191
12.9970502853,80.1920471191,21210,21220,10
12.9970502853,80.1915969849,21220,21230,10
12.9967002869,80.1912307739,21230,21321,91
12.9967002869,80.1912307739,21321,21331,10
12.9964399338,80.1913986206,21331,21341,10
12.9963903427,80.1914215088,21341,21351,10
12.9962701797,80.1910629272,21351,21401,50
12.9962701797,80.1910629272,21401,21412,11
12.9961700439,80.1906661987,21412,21422,10
12.9961204529,80.1905212402,21422,21432,10
12.9960603714,80.1903076172,21432,21442,10
12.9960403442,80.1901702881,21442,21452,10
12.9959697723,80.1899719238,21452,21553,101
12.9959697723,80.1899719238,21553,21563,10
12.9959402084,80.1893768311,21563,21644,81
12.9959402084,80.1893768311,21644,21654,10
12.9959897995,80.1892929077,21654,21664,10
12.9962596893,80.1894226074,21664,21674,10
12.9965896606,80.1897964478,21674,21684,10
12.9970197678,80.1902923584,21684,21694,10
12.9975795746,80.1909484863,21694,21704,10
12.9981403351,80.1917037964,21704,21714,10
12.9987897873,80.1925506592,21714,21724,10
12.999420166,80.1933364868,21724,21735,11
13.0001096725,80.1942367554,21735,21745,10
13.0008296967,80.1951065063,21745,21755,10
13.0015201569,80.1959609985,21755,21765,10
13.0020999908,80.1968383789,21765,21775,10
13.0020999908,80.1978378296,21775,21785,10
13.0019598007,80.1985626221,21785,21795,10
13.0018997192,80.198928833,21795,21805,10
13.0018501282,80.1992721558,21805,21815,10
13.0018596649,80.1996002197,21815,21825,10
13.0021095276,80.2001724243,21825,21835,10
13.0027198792,80.2006072998,21835,21846,11
13.0032596588,80.2007369995,21846,21856,10
13.0033597946,80.2007369995,21856,21866,10
13.0036497116,80.2007675171,21866,21916,50
13.0036497116,80.2007675171,21916,21926,10
13.0040302277,80.2009277344,21926,21936,10
13.0043296814,80.2010269165,21936,21947,11
13.004699707,80.201171875,21947,21957,10
13.0052404404,80.2014694214,21957,21967,10
13.00578022,80.2021026611,21967,21977,10
13.0061702728,80.2028274536,21977,21987,10
13.0067300797,80.20337677,21987,21997,10
13.0074396133,80.2036972046,21997,22007,10
13.0083599091,80.2037582397,22007,22017,10
13.0095396042,80.203666687,22017,22027,10
13.0108003616,80.2036590576,22027,22037,10
13.0120897293,80.2038192749,22037,22047,10
13.0132198334,80.2040481567,22047,22058,11
13.0142402649,80.2043762207,22058,22068,10
13.0152101517,80.2046890259,22068,22078,10
13.016289711,80.2050704956,22078,22088,10
13.01720047,80.205406189,22088,22098,10
13.0181999207,80.2057495117,22098,22108,10
13.0189399719,80.2060012817,22108,22118,10
13.0197601318,80.2062225342,22118,22128,10
13.0206604004,80.2062606812,22128,22138,10
13.0215101242,80.2062606812,22138,22148,10
13.0223302841,80.2063293457,22148,22159,11
13.0233898163,80.2065429688,22159,22169,10
13.0243902206,80.206703186,22169,22179,10
13.0246200562,80.206741333,22179,22189,10
13.024889946,80.2068099976,22189,22199,10
13.0255498886,80.2070083618,22199,22209,10
13.0263204575,80.2074279785,22209,22219,10
13.0271997452,80.2079696655,22219,22229,10
13.0281801224,80.2084884644,22229,22239,10
13.0291595459,80.208732605,22239,22249,10
13.0299797058,80.2089080811,22249,22259,10
13.030790329,80.2091064453,22259,22270,11
13.0315599442,80.209312439,22270,22280,10
13.0316095352,80.2093429565,22280,22290,10
13.0318603516,80.2094726563,22290,22300,10
13.0325803757,80.209602356,22300,22310,10
13.0334196091,80.2097625732,22310,22320,10
13.0343704224,80.2099533081,22320,22330,10
13.0350399017,80.2102127075,22330,22340,10
13.0350198746,80.210647583,22340,22350,10
13.0349903107,80.2111434937,22350,22360,10
13.0349798203,80.2112731934,22360,22371,11
13.0349397659,80.2114715576,22371,22381,10
13.0348796844,80.2119598389,22381,22391,10
13.0354099274,80.2121963501,22391,22401,10
13.0362300873,80.2122497559,22401,22411,10
13.0372104645,80.212272644,22411,22421,10
13.0382204056,80.2122573853,22421,22431,10
13.039349556,80.2122497559,22431,22441,10
13.040430069,80.2122421265,22441,22451,10
13.0416402817,80.2122497559,22451,22461,10
13.0427503586,80.2122573853,22461,22471,10
13.0439395905,80.2122421265,22471,22512,41
13.0439395905,80.2122421265,22512,22522,10
13.0442199707,80.2122192383,22522,22532,10
13.0446901321,80.2122192383,22532,22542,10
13.0454101563,80.2121887207,22542,22552,10
13.046210289,80.2121734619,22552,22562,10
13.0469102859,80.2121429443,22562,22572,10
13.0473203659,80.212097168,22572,22583,11
13.0480699539,80.2120513916,22583,22593,10
13.048740387,80.2119827271,22593,22603,10
13.0489797592,80.2119674683,22603,22613,10
13.0491504669,80.2119674683,22613,22623,10
13.0495195389,80.2119369507,22623,22633,10
13.050160408,80.2119522095,22633,22643,10
13.0509004593,80.212020874,22643,22653,10
13.0517702103,80.212020874,22653,22663,10
13.0528202057,80.2117996216,22663,22673,10
13.0537796021,80.2115402222,22673,22683,10
13.0544595718,80.2114028931,22683,22694,11
13.055100441,80.2113876343,22694,22704,10
13.055970192,80.2114181519,22704,22714,10
13.0569896698,80.2113876343,22714,22724,10
13.057800293,80.2113876343,22724,22734,10
13.0586004257,80.2114334106,22734,22744,10
13.0595703125,80.2114868164,22744,22754,10
13.0606298447,80.2115402222,22754,22764,10
13.0616197586,80.2115936279,22764,22774,10
13.0625095367,80.2116317749,22774,22784,10
13.0632095337,80.211517334,22784,22795,11
13.0632600784,80.211517334,22795,22805,10
13.0635700226,80.211517334,22805,22815,10
13.0641803741,80.2114562988,22815,22825,10
13.0649795532,80.2111434937,22825,22835,10
13.0657997131,80.2105331421,22835,22845,10
13.0666399002,80.2098388672,22845,22855,10
13.0672397614,80.2090682983,22855,22865,10
13.067700386,80.2083435059,22865,22875,10
13.0682497025,80.2074584961,22875,22885,10
13.0687799454,80.2066497803,22885,22895,10
13.0691003799,80.206161499,22895,22906,11
13.0692996979,80.2057418823,22906,22926,20
13.0692996979,80.2057418823,22926,22936,10
13.0694503784,80.2054977417,22936,22946,10
13.0696401596,80.2051773071,22946,22986,40
13.0696401596,80.2051773071,22986,22995,9
13.0695295334,80.2048187256,22995,23007,12
13.0691900253,80.2050170898,23007,23017,10
13.0689401627,80.2053527832,23017,23027,10
13.0687599182,80.2051773071,23027,23037,10
13.0687398911,80.2050170898,23037,23107,70
13.0687398911,80.2050170898,23107,23118,11
13.0690698624,80.2047195435,23118,23128,10
13.0692996979,80.2047271729,23128,23138,10
13.0694303513,80.204750061,23138,23148,10
13.0695896149,80.2047805786,23148,23158,10
13.0698299408,80.2048416138,23158,23168,10
13.070019722,80.2046813965,23168,23178,10
13.0703496933,80.2042388916,23178,23188,10
13.0708398819,80.2036590576,23188,23198,10
13.0713396072,80.2030715942,23198,23208,10
13.071849823,80.2024536133,23208,23239,31
13.071849823,80.2024536133,23239,23249,10
13.0719404221,80.2023620605,23249,23259,10
13.0720996857,80.2021408081,23259,23269,10
13.0723199844,80.2018737793,23269,23279,10
13.0726299286,80.2015380859,23279,23289,10
13.0730695724,80.2010574341,23289,23299,10
13.0735197067,80.2005462646,23299,23309,10
13.0739402771,80.2000579834,23309,23319,10
13.0742797852,80.1996917725,23319,23330,11
13.0744495392,80.1995010376,23330,23340,10
13.0747499466,80.1992721558,23340,23350,10
13.0753297806,80.1990966797,23350,23360,10
13.0761604309,80.1990890503,23360,23370,10
13.0771999359,80.19896698,23370,23380,10
13.0782403946,80.1988372803,23380,23390,10
13.0791797638,80.1987304688,23390,23400,10
13.0801000595,80.198638916,23400,23410,10
13.0810203552,80.1985626221,23410,23420,10
13.0819196701,80.1985473633,23420,23431,11
13.0827703476,80.1984786987,23431,23441,10
13.0833101273,80.1984710693,23441,23451,10
13.0838003159,80.1984405518,23451,23461,10
13.0843696594,80.1984405518,23461,23471,10
13.0849199295,80.1984481812,23471,23481,10
13.0853300095,80.1984405518,23481,23491,10
13.0856304169,80.1984329224,23491,23501,10
13.0860595703,80.1984100342,23501,23511,10
13.0865402222,80.1984100342,23511,23521,10
13.0868501663,80.1984176636,23521,23531,10
13.0870800018,80.1983108521,23531,23542,11
13.0871200562,80.1981887817,23542,23552,10
13.0871896744,80.198059082,23552,23562,10
13.0872497559,80.1975479126,23562,23572,10
13.0872602463,80.1968002319,23572,23582,10
13.0872898102,80.1960220337,23582,23592,10
13.0873098373,80.1951217651,23592,23602,10
13.0873203278,80.1940612793,23602,23612,10
13.0873403549,80.193031311,23612,23622,10
13.0874300003,80.1922225952,23622,23632,10
13.0875396729,80.1913604736,23632,23643,11
13.0876598358,80.190246582,23643,23653,10
13.087770462,80.1893310547,23653,23663,10
13.0877504349,80.1887512207,23663,23673,10
13.0877599716,80.1887207031,23673,23683,10
13.0877799988,80.1881637573,23683,23703,20
13.0877799988,80.1881637573,23703,23713,10
13.0878400803,80.1877975464,23713,23723,10
13.0878801346,80.1871185303,23723,23733,10
13.0879201889,80.1862792969,23733,23743,10
13.0879402161,80.1852035522,23743,23754,11
13.0880002975,80.1839370728,23754,23764,10
13.088060379,80.1827926636,23764,23774,10
13.0881004333,80.1817932129,23774,23784,10
13.088139534,80.1806869507,23784,23794,10
13.0881500244,80.1797332764,23794,23804,10
13.0881500244,80.1791763306,23804,23814,10
13.088139534,80.1787872314,23814,23824,10
13.0881595612,80.1785583496,23824,23834,10
13.0881595612,80.1779785156,23834,23844,10
13.0881900787,80.177116394,23844,23855,11
13.0882501602,80.1761398315,23855,23865,10
13.0883197784,80.1751174927,23865,23875,10
13.0883998871,80.1741485596,23875,23885,10
13.0884799957,80.1732330322,23885,23895,10
13.08852005,80.1723022461,23895,23905,10
13.0885295868,80.1718826294,23905,23915,10
13.0885295868,80.1718063354,23915,23925,10
13.0885696411,80.1714019775,23925,23935,10
13.0886201859,80.1707229614,23935,23945,10
13.0886497498,80.1700363159,23945,23955,10
13.0886602402,80.1696090698,23955,23966,11
13.0889596939,80.1695098877,23966,23976,10
13.0895004272,80.1695632935,23976,23986,10
13.0901203156,80.1696014404,23986,23996,10
13.0908699036,80.169631958,23996,24006,10
13.0915803909,80.169670105,24006,24016,10
13.0924301147,80.1697311401,24016,24026,10
13.0932798386,80.1697921753,24026,24036,10
13.0941801071,80.1698379517,24036,24046,10
13.0946998596,80.1698379517,24046,24056,10
13.0948696136,80.1698684692,24056,24066,10
13.0951700211,80.169883728,24066,24077,11
13.0958003998,80.1698989868,24077,24087,10
13.0965204239,80.1699523926,24087,24097,10
13.0973997116,80.1699981689,24097,24107,10
13.0981998444,80.1700592041,24107,24117,10
13.0989303589,80.1700973511,24117,24127,10
13.0994596481,80.1701202393,24127,24147,20
13.0994596481,80.1701202393,24147,24157,10
13.0996704102,80.1700897217,24157,24166,9
13.0997104645,80.1700592041,24166,24178,12
13.0997104645,80.1698303223,24178,24188,10
13.0997104645,80.1698226929,24188,24198,10
13.0996999741,80.1697616577,24198,24208,10
13.0996303558,80.1696395874,24208,24218,10
13.0995101929,80.169883728,24218,24713,495
13.0993499756,80.170211792,24713,24733,20
13.0993499756,80.170211792,24733,24743,10
13.0990400314,80.1701965332,24743,24753,10
13.0984401703,80.1701507568,24753,24763,10
13.0975704193,80.1700973511,24763,24773,10
13.096540451,80.1700515747,24773,24783,10
13.0955295563,80.1699676514,24783,24793,10
13.0949201584,80.169921875,24793,24803,10
13.0946102142,80.1698684692,24803,24814,11
13.094209671,80.1698608398,24814,24824,10
13.0935401917,80.1697998047,24824,24834,10
13.0926504135,80.1697387695,24834,24844,10
13.0916795731,80.1697006226,24844,24854,10
13.0907402039,80.1696624756,24854,24864,10
13.0898799896,80.1696166992,24864,24874,10
13.0890798569,80.1695480347,24874,24884,10
13.0887002945,80.1697311401,24884,24894,10
13.0886802673,80.1702728271,24894,24904,10
13.0886297226,80.1710205078,24904,24913,9
13.0885696411,80.1718673706,24913,24925,12
13.08852005,80.1731796265,24925,24935,10
13.0884599686,80.1743621826,24935,24945,10
13.0884199142,80.1748886108,24945,24955,10
13.0883903503,80.1754379272,24955,24965,10
13.0883302689,80.1763000488,24965,24975,10
13.0882797241,80.1772384644,24975,24985,10
13.0882701874,80.1780395508,24985,24995,10
13.0882797241,80.1786193848,24995,25005,10
13.088259697,80.178817749,25005,25015,10
13.0882501602,80.179359436,25015,25026,11
13.0882196426,80.1802978516,25026,25036,10
13.0881795883,80.1813583374,25036,25046,10
13.088139534,80.1823883057,25046,25056,10
13.0881004333,80.1834106445,25056,25066,10
13.0880298615,80.1845932007,25066,25076,10
13.0879802704,80.1857833862,25076,25086,10
13.0879402161,80.1869125366,25086,25096,10
13.0879201889,80.1879119873,25096,25106,10
13.0878801346,80.1888275146,25106,25116,10
13.0878601074,80.1896514893,25116,25137,21
13.0878400803,80.1897735596,25137,25167,30
13.0878400803,80.1897735596,25167,25177,10
13.087770462,80.1901626587,25177,25187,10
13.0876903534,80.190788269,25187,25197,10
13.0875797272,80.1915435791,25197,25207,10
13.0874500275,80.1923828125,25207,25217,10
13.0873804092,80.1931991577,25217,25227,10
13.0873603821,80.1941070557,25227,25238,11
13.0873298645,80.1951522827,25238,25248,10
13.0873003006,80.1959762573,25248,25258,10
13.0872802734,80.1969833374,25258,25268,10
13.0872497559,80.1978302002,25268,25278,10
13.0874004364,80.1984176636,25278,25288,10
13.0877399445,80.1984634399,25288,25298,10
13.0883598328,80.1984481812,25298,25308,10
13.0890798569,80.1984634399,25308,25318,10
13.0898303986,80.1985015869,25318,25328,10
13.0906600952,80.1985626221,25328,25338,10
13.0916204453,80.1986465454,25338,25349,11
13.0927200317,80.1986618042,25349,25359,10
13.0930299759,80.1988601685,25359,25369,10
13.093000412,80.199432373,25369,25379,10
13.0929498672,80.2002487183,25379,25389,10
13.0929098129,80.2006072998,25389,25399,10
13.0928697586,80.2006835938,25399,25409,10
13.0927095413,80.2006835938,25409,25419,10
13.0922403336,80.2006072998,25419,25429,10
13.0914201736,80.2005386353,25429,25438,9
13.0905504227,80.2005233765,25438,25450,12
13.0895795822,80.2004470825,25450,25460,10
13.0883903503,80.2003707886,25460,25470,10
13.087439537,80.2004318237,25470,25480,10
13.0869598389,80.2004013062,25480,25490,10
13.0865097046,80.2003631592,25490,25500,10
13.0857696533,80.200378418,25500,25510,10
13.0853900909,80.200302124,25510,25520,10
13.0853796005,80.1997909546,25520,25530,10
13.0853900909,80.1990509033,25530,25540,10
13.0852899551,80.1987228394,25540,25550,10
13.0849199295,80.1986999512,25550,25561,11
13.0844202042,80.1987075806,25561,25571,10
13.0843000412,80.1987228394,25571,25581,10
13.0839004517,80.1986465454,25581,25591,10
13.0833597183,80.198638916,25591,25601,10
13.0827903748,80.198638916,25601,25611,10
13.082159996,80.1986465454,25611,25621,10
13.0816802979,80.1986465454,25621,25631,10
13.0812301636,80.1986465454,25631,25641,10
13.080619812,80.1986923218,25641,25651,10
13.0798101425,80.1987686157,25651,25662,11
13.0787601471,80.1988601685,25662,25672,10
13.0777196884,80.1989898682,25672,25682,10
13.0768299103,80.1990966797,25682,25692,10
13.0758399963,80.19921875,25692,25702,10
13.0748300552,80.1995010376,25702,25712,10
13.0741100311,80.200012207,25712,25722,10
13.0738897324,80.200302124,25722,25732,10
13.0736904144,80.2005386353,25732,25742,10
13.0734901428,80.2007598877,25742,25752,10
13.0730600357,80.2012710571,25752,25762,10
13.0726099014,80.2018127441,25762,25773,11
13.072259903,80.2022323608,25773,25783,10
13.0718202591,80.2026824951,25783,25793,10
13.0712604523,80.2033004761,25793,25803,10
13.070599556,80.2040634155,25803,25813,10
13.0701599121,80.2046508789,25813,25823,10
13.0699701309,80.2049789429,25823,25833,10
13.069609642,80.2048873901,25833,25843,10
13.0691795349,80.2050933838,25843,25853,10
13.0684299469,80.2054824829,25853,25934,81
13.0684299469,80.2054824829,25934,25944,10
13.0681800842,80.2054214478,25944,25954,10
13.0680599213,80.2054214478,25954,25964,10
13.0679798126,80.2053833008,25964,25974,10
13.0679798126,80.2051391602,25974,26035,61
13.0679798126,80.2051391602,26035,26045,10
13.0682401657,80.2049331665,26045,26055,10
13.0685997009,80.2048187256,26055,26065,10
13.0692300797,80.2047271729,26065,26096,31
13.0692300797,80.2047271729,26096,26106,10
13.0693597794,80.2047424316,26106,26116,10
13.0696201324,80.2047805786,26116,26126,10
13.0698404312,80.2049102783,26126,26166,40
13.0698404312,80.2049102783,26166,26176,10
13.0699100494,80.2051086426,26176,26186,10
13.0696401596,80.2055969238,26186,26197,11
13.0691299438,80.2063674927,26197,26207,10
13.068570137,80.2072525024,26207,26217,10
13.0679502487,80.2082290649,26217,26227,10
13.0673704147,80.2090988159,26227,26237,10
13.0667495728,80.2099761963,26237,26247,10
13.0658798218,80.2106781006,26247,26257,10
13.0651798248,80.2112579346,26257,26267,10
13.0650100708,80.2114028931,26267,26277,10
13.0647802353,80.211517334,26277,26287,10
13.0639600754,80.211769104,26287,26308,21
13.0639600754,80.211769104,26308,26318,10
13.0637598038,80.2117614746,26318,26328,10
13.0635499954,80.2117614746,26328,26358,30
13.0635499954,80.2117614746,26358,26368,10
13.0631904602,80.211769104,26368,26378,10
13.0625600815,80.2117919922,26378,26388,10
13.0623998642,80.2116317749,26388,26398,10
13.0606498718,80.2117385864,26398,26409,11
13.0593299866,80.2117004395,26409,26419,10
13.0581798553,80.2116394043,26419,26429,10
13.057299614,80.2116317749,26429,26439,10
13.0570201874,80.2116317749,26439,26449,10
13.0564203262,80.2116470337,26449,26459,10
13.0555896759,80.2116317749,26459,26469,10
13.0545902252,80.2116088867,26469,26479,10
13.0536003113,80.2117919922,26479,26489,10
13.0525102615,80.2120666504,26489,26499,10
13.0515899658,80.2122192383,26499,26509,10
13.0501804352,80.2121963501,26509,26540,31
13.0501804352,80.2121963501,26540,26550,10
13.0499401093,80.2122421265,26550,26560,10
13.0496702194,80.2122116089,26560,26570,10
13.0494804382,80.2121963501,26570,26580,10
13.0489301682,80.2121887207,26580,26590,10
13.0482902527,80.2122421265,26590,26600,10
13.0475101471,80.2123184204,26600,26609,9
13.0466299057,80.2123565674,26609,26621,12
13.0454101563,80.2124099731,26621,26631,10
13.0449199677,80.2124404907,26631,26681,50
13.0449199677,80.2124404907,26681,26691,10
13.0446100235,80.2123565674,26691,26701,10
13.0441503525,80.2123794556,26701,26710,9
13.0437898636,80.212348938,26710,26721,11
13.0431003571,80.2123718262,26721,26732,11
13.042140007,80.2124099731,26732,26742,10
13.0410203934,80.2124328613,26742,26752,10
13.0400495529,80.2124176025,26752,26762,10
13.0393800735,80.2124023438,26762,26772,10
13.0385904312,80.2124023438,26772,26782,10
13.0376901627,80.2124328613,26782,26802,20
13.0376901627,80.2124328613,26802,26812,10
13.0375995636,80.2124481201,26812,26822,10
13.0371599197,80.2124099731,26822,26833,11
13.0363798141,80.2123565674,26833,26843,10
13.0355596542,80.2124023438,26843,26853,10
13.0352802277,80.2123794556,26853,26863,10
13.0349702835,80.2122879028,26863,26873,10
13.0342597961,80.2121734619,26873,26903,30
13.0342597961,80.2121734619,26903,26913,10
13.0340900421,80.2120666504,26913,26923,10
13.0337600708,80.2120285034,26923,26933,10
13.0332298279,80.2119293213,26933,26944,11
13.0323801041,80.2117767334,26944,26954,10
13.0320196152,80.2113418579,26954,26963,9
13.0320596695,80.2108001709,26963,26974,11
13.0321397781,80.2099914551,26974,26984,10
13.0316896439,80.2095489502,26984,26994,10
13.0309000015,80.2093276978,26994,27004,10
13.0300998688,80.2091064453,27004,27014,10
13.0296297073,80.2089996338,27014,27024,10
13.0295495987,80.2089996338,27024,27034,10
13.0291795731,80.2088623047,27034,27045,11
13.0283899307,80.2086181641,27045,27055,10
13.0276098251,80.2083206177,27055,27065,10
13.0268001556,80.2078094482,27065,27075,10
13.0259599686,80.2072982788,27075,27085,10
13.0249795914,80.2070236206,27085,27095,10
13.0242700577,80.2069168091,27095,27105,10
13.0240097046,80.2068786621,27105,27115,10
13.0234804153,80.2067565918,27115,27125,10
13.0227203369,80.2064666748,27125,27135,10
13.0216903687,80.206413269,27135,27145,10
13.020359993,80.206451416,27145,27156,11
13.0192804337,80.206413269,27156,27166,10
13.0191602707,80.2063827515,27166,27176,10
13.0186395645,80.206199646,27176,27186,10
13.0178403854,80.205947876,27186,27196,10
13.0170602798,80.2056121826,27196,27206,10
13.0162096024,80.2052078247,27206,27216,10
13.014960289,80.2048492432,27216,27226,10
13.0138301849,80.2044372559,27226,27236,10
13.0135498047,80.2046585083,27236,27246,10
13.0134801865,80.2049331665,27246,27257,11
13.0132598877,80.205619812,27257,27267,10
13.0130596161,80.2064971924,27267,27277,10
13.0129499435,80.2075119019,27277,27287,10
13.0128803253,80.2079696655,27287,27297,10
13.0129203796,80.2084503174,27297,27307,10
13.0129299164,80.2087478638,27307,27317,10
13.0130300522,80.2093200684,27317,27327,10
13.0132102966,80.2098464966,27327,27337,10
13.0131597519,80.2103881836,27337,27347,10
13.0129299164,80.2111587524,27347,27357,10
13.0125598907,80.2118301392,27357,27368,11
13.0121803284,80.2123794556,27368,27378,10
13.0119400024,80.2127532959,27378,27388,10
13.0116901398,80.2127304077,27388,27398,10
13.011300087,80.2124099731,27398,27408,10
13.0107498169,80.212020874,27408,27418,10
13.01060009,80.2119064331,27418,27428,10
13.0098800659,80.2113189697,27428,27448,20
13.0098800659,80.2113189697,27448,27458,10
13.009519577,80.2110595703,27458,27499,41
13.009519577,80.2110595703,27499,27509,10
13.0092601776,80.2112121582,27509,27519,10
13.0090999603,80.2114334106,27519,27529,10
13.0091295242,80.211807251,27529,27539,10
13.0093297958,80.2124862671,27539,27549,10
13.0095996857,80.2132263184,27549,27559,10
13.0099000931,80.2139816284,27559,27569,10
13.0101699829,80.2147598267,27569,27580,11
13.0103197098,80.2157821655,27580,27590,10
13.0107698441,80.2167816162,27590,27600,10
13.0112495422,80.2178878784,27600,27610,10
13.0116701126,80.2190704346,27610,27620,10
13.0120801926,80.2202224731,27620,27629,9
13.0123500824,80.2211685181,27629,27640,11
13.0126600266,80.2219314575,27640,27650,10
13.0131397247,80.2225112915,27650,27660,10
13.013759613,80.2232437134,27660,27670,10
13.0141897202,80.2237625122,27670,27681,11
13.0146903992,80.2243423462,27681,27691,10
13.0152797699,80.2250289917,27691,27701,10
13.0154304504,80.2253036499,27701,27711,10
13.0153999329,80.2257232666,27711,27721,10
13.0148200989,80.2260284424,27721,27731,10
13.0139503479,80.2264022827,27731,27741,10
13.0129404068,80.2267990112,27741,27751,10
13.0118503571,80.2272186279,27751,27761,10
13.0107402802,80.2276306152,27761,27771,10
13.0098199844,80.2279586792,27771,27781,10
13.0095596313,80.2274627686,27781,27792,11
13.0099096298,80.2268371582,27792,27802,10
13.0102701187,80.2260513306,27802,27812,10
13.0106801987,80.2250823975,27812,27822,10
13.0110502243,80.2240219116,27822,27832,10
13.0113201141,80.2232589722,27832,27842,10
13.0107803345,80.2229537964,27842,27852,10
13.0100698471,80.2225799561,27852,27862,10
13.0092897415,80.2221221924,27862,27872,10
13.0085096359,80.2217025757,27872,27882,10
13.0076198578,80.2212524414,27882,27893,11
13.0064697266,80.2207183838,27893,27903,10
13.005279541,80.2204208374,27903,27913,10
13.004240036,80.2201690674,27913,27923,10
13.0033597946,80.2199325562,27923,27933,10
13.002530098,80.219543457,27933,27943,10
13.0018100739,80.2188110352,27943,27953,10
13.0010795593,80.2182312012,27953,27963,10
13.000670433,80.217956543,27963,27973,10
13.000120163,80.2175979614,27973,27983,10
12.9996204376,80.2173233032,27983,28014,31
12.9996204376,80.2173233032,28014,28024,10
12.9994297028,80.2171936035,28024,28034,10
12.99903965,80.2169876099,28034,28044,10
12.9983797073,80.2166900635,28044,28054,10
12.9975099564,80.2165374756,28054,28064,10
12.9973697662,80.2165222168,28064,28074,10
12.9970903397,80.2165298462,28074,28084,10
12.9964895248,80.216583252,28084,28094,10
12.9956903458,80.2167816162,28094,28105,11
12.9948997498,80.2172012329,28105,28115,10
12.9942502975,80.2176208496,28115,28125,10
12.9935598373,80.218132019,28125,28135,10
12.9927501678,80.218711853,28135,28145,10
12.9918899536,80.2193222046,28145,28155,10
12.991230011,80.2195205688,28155,28165,10
12.9909095764,80.2193984985,28165,28175,10
12.990480423,80.2192382813,28175,28185,10
12.9897499084,80.21900177,28185,28195,10
12.9888296127,80.2186813354,28195,28205,10
12.987830162,80.218421936,28205,28216,11
12.9871797562,80.2183380127,28216,28226,10
12.9870901108,80.2183074951,28226,28236,10
12.9867200851,80.218208313,28236,28246,10
12.986000061,80.2180328369,28246,28256,10
12.9849996567,80.2179489136,28256,28266,10
12.9840898514,80.2179870605,28266,28276,10
12.9833202362,80.2179794312,28276,28286,10
12.9822998047,80.2179718018,28286,28296,10
12.9812602997,80.2181167603,28296,28306,10
12.9805498123,80.2183685303,28306,28317,11
12.9799604416,80.2185974121,28317,28327,10
12.9792804718,80.2188491821,28327,28337,10
12.9787197113,80.219078064,28337,28347,10
12.9781599045,80.2192993164,28347,28357,10
12.9773702621,80.2196426392,28357,28367,10
12.9763803482,80.2200622559,28367,28377,10
12.9756603241,80.2204284668,28377,28438,61
12.9756603241,80.2204284668,28438,28448,10
12.9755802155,80.2205276489,28448,28458,10
12.9756202698,80.2208023071,28458,28559,101
12.9759397507,80.2209625244,28559,29487,928
12.9759397507,80.2209625244,29487,29498,11
12.9760198593,80.221031189,29498,29629,131
12.9760198593,80.221031189,29629,29639,10
12.9764099121,80.2212295532,29639,29649,10
12.9768400192,80.2212295532,29649,29659,10
12.9775104523,80.2212219238,29659,29669,10
12.9782800674,80.2211914063,29669,29679,10
12.9793195724,80.2210998535,29679,29699,20
12.9793195724,80.2210998535,29699,29709,10
12.9796895981,80.2211074829,29709,29720,11
12.9803304672,80.2210464478,29720,29730,10
12.9810304642,80.221031189,29730,29740,10
12.9816799164,80.2213821411,29740,29750,10
12.9822702408,80.2217178345,29750,29760,10
12.9828596115,80.2219314575,29760,29780,20
12.9828596115,80.2219314575,29780,29790,10
12.9830598831,80.2220535278,29790,29800,10
12.9834604263,80.2222824097,29800,29809,9
12.9839801788,80.2225570679,29809,29821,12
12.9846096039,80.2229385376,29821,29831,10
12.9851903915,80.2232513428,29831,29841,10
12.9855699539,80.2231063843,29841,29851,10
12.986120224,80.2229614258,29851,29861,10
12.9865903854,80.2229690552,29861,29871,10
12.9865999222,80.2229614258,29871,29881,10
12.9867296219,80.2229919434,29881,29891,10
12.9871702194,80.2230606079,29891,29901,10
12.9876699448,80.2230987549,29901,29911,10
12.9882802963,80.2227325439,29911,29921,10
12.9888801575,80.2221603394,29921,29932,11
12.9894399643,80.2214279175,29932,29942,10
12.9901504517,80.2206420898,29942,29952,10
12.9905900955,80.2202606201,29952,29962,10
12.9906797409,80.220199585,29962,29972,10
12.990940094,80.2199783325,29972,29982,10
12.991399765,80.2196502686,29982,29992,10
12.991809845,80.2193374634,29992,30002,10
12.9922304153,80.2190170288,30002,30012,10
12.9928398132,80.2186203003,30012,30022,10
12.9935302734,80.2180786133,30022,30033,11
12.9938898087,80.2178192139,30033,30053,20
12.9938898087,80.2178192139,30053,30063,10
12.9940099716,80.2177200317,30063,30073,10
12.9943799973,80.2174530029,30073,30083,10
12.9946603775,80.2172698975,30083,30093,10
12.9950399399,80.217010498,30093,30103,10
12.9954795837,80.216758728,30103,30113,10
12.9960699081,80.216583252,30113,30123,10
12.9966402054,80.2165222168,30123,30133,10
12.9971103668,80.2164764404,30133,30144,11
12.9974002838,80.216217041,30144,30174,30
12.9974002838,80.216217041,30174,30184,10
12.9976196289,80.2160186768,30184,30194,10
12.9979000092,80.2157974243,30194,30204,10
12.998339653,80.2154312134,30204,30214,10
12.9989004135,80.2149429321,30214,30224,10
12.9992399216,80.2146606445,30224,30234,10
12.9995098114,80.2144088745,30234,30244,10
12.9998903275,80.2140808105,30244,30255,11
13.000289917,80.2137298584,30255,30265,10
13.0005903244,80.213470459,30265,30275,10
13.00096035,80.2131271362,30275,30285,10
13.0014896393,80.2127609253,30285,30295,10
13.0020599365,80.2123413086,30295,30305,10
13.0025396347,80.2121124268,30305,30315,10
13.0030498505,80.212059021,30315,30325,10
13.0036096573,80.2119674683,30325,30335,10
13.003660202,80.2119064331,30335,30345,10
13.0037202835,80.2116088867,30345,30356,11
13.0036897659,80.2109985352,30356,30366,10
13.0036201477,80.2104721069,30366,30376,10
13.0035600662,80.2100067139,30376,30386,10
13.0035495758,80.2095413208,30386,30396,10
13.0036497116,80.2089996338,30396,30406,10
13.0041399002,80.2086715698,30406,30416,10
13.0050296783,80.2090682983,30416,30426,10
13.0059604645,80.2094726563,30426,30436,10
13.0065402985,80.2096633911,30436,30446,10
13.0070199966,80.2097625732,30446,30457,11
13.0073604584,80.2098083496,30457,30477,20
13.0073604584,80.2098083496,30477,30487,10
13.0074701309,80.2098617554,30487,30497,10
13.0077800751,80.2099304199,30497,30507,10
13.0080900192,80.2099990845,30507,30517,10
13.0081596375,80.2096481323,30517,30527,10
13.008020401,80.2090682983,30527,30537,10
13.0079097748,80.2082901001,30537,30547,10
13.0077800751,80.2074203491,30547,30557,10
13.0076799393,80.2066726685,30557,30568,11
13.0075798035,80.2058486938,30568,30578,10
13.0075502396,80.2052307129,30578,30588,10
13.0075597763,80.2047805786,30588,30598,10
13.0075502396,80.2043533325,30598,30608,10
13.0075101852,80.2038497925,30608,30618,10
13.0073795319,80.2030792236,30618,30628,10
13.0069303513,80.2024993896,30628,30638,10
13.0065498352,80.2029266357,30638,30648,10
13.0067996979,80.2033615112,30648,30658,10
13.0071897507,80.2035675049,30658,30669,11
13.0077495575,80.2037277222,30669,30679,10
13.0084695816,80.2037200928,30679,30689,10
13.0094804764,80.2036514282,30689,30699,10
13.0107498169,80.2036437988,30699,30708,9
13.0119495392,80.2037734985,30708,30719,11
13.0131101608,80.2040328979,30719,30729,10
13.013879776,80.2042770386,30729,30739,10
13.0150899887,80.2046508789,30739,30769,30
13.0150899887,80.2046508789,30769,30780,11
13.0154304504,80.204826355,30780,30790,10
13.015999794,80.2050323486,30790,30800,10
13.0166597366,80.2052078247,30800,30810,10
13.0174303055,80.2054367065,30810,30820,10
13.0182504654,80.2057495117,30820,30830,10
13.0187301636,80.2059020996,30830,30850,20
13.0187301636,80.2059020996,30850,30860,10
13.018989563,80.2059402466,30860,30870,10
13.0194997787,80.2061386108,30870,30880,10
13.0201797485,80.2062530518,30880,30891,11
13.0210800171,80.2062911987,30891,30901,10
13.0215501785,80.2062911987,30901,30911,10
13.0219202042,80.2062988281,30911,30921,10
13.0224199295,80.2063674927,30921,30931,10
13.0230903625,80.206489563,30931,30941,10
13.0238895416,80.2065963745,30941,30951,10
13.0243797302,80.2066879272,30951,30961,10
13.024430275,80.206703186,30961,30971,10
13.0245103836,80.2067337036,30971,30981,10
13.0249795914,80.2068634033,30981,30992,11
13.025759697,80.2071075439,30992,31002,10
13.0264797211,80.2075195313,31002,31012,10
13.0272598267,80.2080001831,31012,31022,10
13.0281600952,80.2084732056,31022,31032,10
13.0291700363,80.2087402344,31032,31042,10
13.0299901962,80.2089385986,31042,31062,20
13.0299901962,80.2089385986,31062,31072,10
13.0303096771,80.209022522,31072,31082,10
13.0308904648,80.2091827393,31082,31092,10
13.0314903259,80.2093276978,31092,31103,11
13.0315198898,80.2093429565,31103,31113,10
13.0316095352,80.2094421387,31113,31123,10
13.0320901871,80.2095336914,31123,31133,10
13.0327396393,80.2096481323,31133,31143,10
13.0333099365,80.2097625732,31143,31153,10
13.034040451,80.2099380493,31153,31163,10
13.0347499847,80.2100524902,31163,31173,10
13.0350904465,80.210319519,31173,31183,10
13.0349903107,80.2107620239,31183,31193,10
13.0350103378,80.2111206055,31193,31224,31
13.0350103378,80.2111206055,31224,31234,10
13.0349798203,80.2113189697,31234,31244,10
13.0349302292,80.2117462158,31244,31264,20
13.0349302292,80.2117462158,31264,31274,10
13.0349397659,80.2121124268,31274,31284,10
13.0350599289,80.2121887207,31284,31294,10
13.0355300903,80.2122268677,31294,31304,10
13.0361700058,80.2122573853,31304,31315,11
13.0369300842,80.212272644,31315,31325,10
13.0371999741,80.2122573853,31325,31335,10
13.0375995636,80.2122573853,31335,31345,10
13.038189888,80.2122268677,31345,31355,10
13.0389404297,80.2122497559,31355,31365,10
13.0396099091,80.2122497559,31365,31375,10
13.0403003693,80.2122802734,31375,31385,10
13.0410404205,80.2122497559,31385,31394,9
13.0417699814,80.2122497559,31394,31405,11
13.0427503586,80.2122573853,31405,31415,10
13.0438995361,80.2122879028,31415,31436,21
13.0438995361,80.2122879028,31436,31446,10
13.0439996719,80.2123031616,31446,31456,10
13.0443201065,80.2123031616,31456,31466,10
13.0448503494,80.2122879028,31466,31476,10
13.045539856,80.2122802734,31476,31486,10
13.0463199615,80.2122421265,31486,31496,10
13.0471200943,80.2121887207,31496,31506,10
13.0480003357,80.212097168,31506,31516,10
13.0484800339,80.2120666504,31516,31557,41
13.0484800339,80.2120666504,31557,31567,10
13.0488004684,80.2120132446,31567,31577,10
13.0496797562,80.2119522095,31577,31658,81
13.0496797562,80.2119522095,31658,31668,10
13.0500097275,80.2119827271,31668,31678,10
13.0503396988,80.2119903564,31678,31688,10
13.0507297516,80.2120132446,31688,31698,10
13.0514602661,80.212020874,31698,31708,10
13.0523996353,80.2118988037,31708,31718,10
13.053319931,80.2117004395,31718,31728,10
13.0542097092,80.2115020752,31728,31737,9
13.054889679,80.2114181519,31737,31749,12
13.0559196472,80.2114715576,31749,31759,10
13.056889534,80.21144104,31759,31769,10
13.0575799942,80.2114181519,31769,31779,10
13.0576400757,80.2114028931,31779,31789,10
13.0577497482,80.2113800049,31789,31799,10
13.058139801,80.2114181519,31799,31809,10
13.0587596893,80.21144104,31809,31818,9
13.0594396591,80.2115097046,31818,31829,11
13.060379982,80.2115707397,31829,31839,10
13.0613298416,80.2116088867,31839,31850,11
13.0619497299,80.2116470337,31850,31860,10
13.0629196167,80.2115936279,31860,31870,10
13.0632801056,80.211517334,31870,31890,20
13.0632801056,80.211517334,31890,31900,10
13.0636301041,80.2115020752,31900,31950,50
13.0636301041,80.2115020752,31950,31961,11
13.0637998581,80.211479187,31961,31971,10
13.0642499924,80.21144104,31971,31981,10
13.0648403168,80.21118927,31981,31991,10
13.065489769,80.2107315063,31991,32001,10
13.0662002563,80.2101516724,32001,32011,10
13.0669202805,80.2094192505,32011,32021,10
13.0675401688,80.2084884644,32021,32031,10
13.0681400299,80.2075576782,32031,32041,10
13.0687704086,80.2065963745,32041,32051,10
13.0693702698,80.2056427002,32051,32061,10
13.0696697235,80.2048721313,32061,32072,11
13.069270134,80.2049026489,32072,32082,10
13.0689496994,80.2051925659,32082,32092,10
13.0687599182,80.2049865723,32092,32162,70
13.0687599182,80.2049865723,32162,32173,11
13.0688400269,80.2046966553,32173,32183,10
13.0691404343,80.2046813965,32183,32193,10
13.0694198608,80.2047424316,32193,32203,10
13.0697402954,80.2048034668,32203,32213,10
13.0700798035,80.2045974731,32213,32223,10
13.0704202652,80.2041320801,32223,32233,10
13.0709400177,80.2035064697,32233,32242,9
13.0714702606,80.2028808594,32242,32253,11
13.0720701218,80.2022171021,32253,32273,20
13.0720701218,80.2022171021,32273,32284,11
13.0721197128,80.2021865845,32284,32294,10
13.072259903,80.202003479,32294,32304,10
13.0724601746,80.2017822266,32304,32314,10
13.072810173,80.2013397217,32314,32324,10
13.073220253,80.200843811,32324,32334,10
13.0736103058,80.2004089355,32334,32344,10
13.0737400055,80.2002410889,32344,32354,10
13.0739202499,80.1999969482,32354,32364,10
13.0740804672,80.1998214722,32364,32374,10
13.0741195679,80.1997528076,32374,32384,10
13.0743503571,80.1995620728,32384,32415,31
13.0743503571,80.1995620728,32415,32425,10
13.0744800568,80.199432373,32425,32435,10
13.0748796463,80.199180603,32435,32445,10
13.0755395889,80.1990432739,32445,32455,10
13.0763301849,80.1990280151,32455,32465,10
13.0772399902,80.1989593506,32465,32475,10
13.0781698227,80.1988525391,32475,32484,9
13.0789604187,80.1987533569,32484,32496,12
13.0798501968,80.198677063,32496,32506,10
13.0805702209,80.1986083984,32506,32516,10
13.0813102722,80.1985702515,32516,32526,10
13.0819196701,80.1985397339,32526,32536,10
13.0825195313,80.1984786987,32536,32546,10
13.0828504562,80.1985015869,32546,32575,29
13.0828504562,80.1985015869,32575,32586,11
13.0830097198,80.1985397339,32586,32596,10
13.0834798813,80.1985015869,32596,32607,11
13.0840597153,80.1985015869,32607,32617,10
13.0847301483,80.1985092163,32617,32627,10
13.0852603912,80.1984863281,32627,32637,10
13.0855197906,80.1984786987,32637,32647,10
13.0858697891,80.1984405518,32647,32657,10
13.0863800049,80.1984481812,32657,32667,10
13.0867795944,80.1984176636,32667,32677,10
13.0869998932,80.1983795166,32677,32687,10
13.0870599747,80.198097229,32687,32697,10
13.0870599747,80.198059082,32697,32708,11
13.0871400833,80.1978225708,32708,32718,10
13.0871801376,80.197303772,32718,32728,10
13.0872001648,80.1965866089,32728,32738,10
13.087220192,80.1956176758,32738,32758,20
13.087220192,80.1956176758,32758,32768,10
13.0872297287,80.1953201294,32768,32778,10
13.0872602463,80.1948013306,32778,32788,10
13.0872602463,80.1940689087,32788,32798,10
13.0872802734,80.1932601929,32798,32808,10
13.0873003006,80.1928482056,32808,32819,11
13.0873498917,80.1924819946,32819,32829,10
13.0874204636,80.191947937,32829,32839,10
13.0875196457,80.1912231445,32839,32849,10
13.0876302719,80.1903915405,32849,32859,10
13.0877304077,80.1894989014,32859,32869,10
13.0877199173,80.1890411377,32869,32879,10
13.0877199173,80.1890335083,32879,32889,10
13.0877599716,80.1889419556,32889,32899,10
13.0877799988,80.188583374,32899,32909,10
13.0877895355,80.1881332397,32909,32919,10
13.0878295898,80.1875991821,32919,32930,11
13.0878896713,80.1869430542,32930,32940,10
13.0879201889,80.1862411499,32940,32950,10
13.0879402161,80.1856536865,32950,32960,10
13.0879497528,80.185043335,32960,32970,10
13.0879802704,80.1842193604,32970,32980,10
13.0880203247,80.1832809448,32980,32990,10
13.088060379,80.1826019287,32990,33000,10
13.088060379,80.1823272705,33000,33010,10
13.0880699158,80.1822662354,33010,33020,10
13.0881004333,80.1820602417,33020,33031,11
13.0881204605,80.1814804077,33031,33041,10
13.088139534,80.1807632446,33041,33051,10
13.0881500244,80.1800537109,33051,33101,50
13.0881500244,80.1800537109,33101,33111,10
13.0881900787,80.1798400879,33111,33121,10
13.0881595612,80.1796188354,33121,33131,10
13.0881500244,80.1792068481,33131,33142,11
13.088139534,80.179069519,33142,33152,10
13.088139534,80.1788330078,33152,33162,10
13.0881500244,80.1782913208,33162,33172,10
13.0881795883,80.1775588989,33172,33182,10
13.0881996155,80.177116394,33182,33192,10
13.0882301331,80.1765670776,33192,33202,10
13.0882797241,80.1758117676,33202,33212,10
13.0883197784,80.1750793457,33212,33222,10
13.0883398056,80.1748504639,33222,33231,9
13.088350296,80.1745071411,33231,33243,12
13.0884199142,80.1739273071,33243,33253,10
13.088470459,80.1732177734,33253,33263,10
13.0885295868,80.17237854,33263,33273,10
13.0885400772,80.1720275879,33273,33283,10
13.0885400772,80.1719436646,33283,33293,10
13.088549614,80.1717300415,33293,33303,10
13.0885801315,80.1712265015,33303,33313,10
13.0886001587,80.1710281372,33313,33323,10
13.0886001587,80.1710205078,33323,33333,10
13.088640213,80.1707000732,33333,33342,9
13.0886602402,80.1701583862,33342,33354,12
13.0888700485,80.1694869995,33354,33364,10
13.0895900726,80.1695480347,33364,33374,10
13.0904102325,80.1696014404,33374,33384,10
13.0912599564,80.169670105,33384,33394,10
13.0917301178,80.1696929932,33394,33404,10
13.0924100876,80.1697311401,33404,33414,10
13.0932197571,80.1697921753,33414,33424,10
13.0946798325,80.1698684692,33424,33444,20
13.0946798325,80.1698684692,33444,33454,10
13.0948600769,80.1698913574,33454,33465,11
13.0950498581,80.1699295044,33465,33475,10
13.0954799652,80.1699829102,33475,33485,10
13.0962295532,80.1700134277,33485,33495,10
13.0971498489,80.1700515747,33495,33505,10
13.0981998444,80.1700897217,33505,33515,10
13.0991401672,80.1701507568,33515,33525,10
13.0996303558,80.1700973511,33525,33535,10
13.0997600555,80.1697616577,33535,33626,91
13.09953022,80.1698532104,33626,33838,212
13.09953022,80.1698532104,33838,33848,10
13.099360466,80.1702423096,33848,33868,20
13.099360466,80.1702423096,33868,33878,10
13.0988903046,80.1701889038,33878,33889,11
13.098110199,80.1701431274,33889,33899,10
13.0973596573,80.1700820923,33899,33909,10
13.0964298248,80.1700134277,33909,33919,10
13.095459938,80.1699523926,33919,33929,10
13.0948495865,80.169921875,33929,33939,10
13.0945701599,80.1698989868,33939,33949,10
13.0940599442,80.1698989868,33949,33959,10
13.0932798386,80.1698379517,33959,33969,10
13.092300415,80.1697692871,33969,33979,10
13.0916099548,80.1697311401,33979,33989,10
13.0911197662,80.1697006226,33989,34000,11
13.0902795792,80.1696395874,34000,34010,10
13.0893497467,80.169593811,34010,34020,10
13.0887098312,80.169708252,34020,34030,10
13.0887002945,80.1701965332,34030,34040,10
13.0886497498,80.1709365845,34040,34050,10
13.0886297226,80.171661377,34050,34060,10
13.0886297226,80.1718063354,34060,34070,10
13.0886001587,80.1719436646,34070,34080,10
13.0885801315,80.17237854,34080,34090,10
13.0885601044,80.1731109619,34090,34101,11
13.08852005,80.1738204956,34101,34111,10
13.08852005,80.1744689941,34111,34121,10
13.088470459,80.1750488281,34121,34131,10
13.0884199142,80.17578125,34131,34141,10
13.088350296,80.1766662598,34141,34150,9
13.0883197784,80.1773300171,34150,34161,11
13.0882997513,80.1784286499,34161,34181,20
13.0882997513,80.1784286499,34181,34191,10
13.0882902145,80.178817749,34191,34200,9
13.0882902145,80.1791915894,34200,34212,12
13.0882701874,80.1798477173,34212,34222,10
13.088259697,80.1806564331,34222,34232,10
13.0882101059,80.1814193726,34232,34242,10
13.0881700516,80.1819534302,34242,34252,10
13.088139534,80.1824111938,34252,34262,10
13.0880899429,80.1830978394,34262,34272,10
13.0880403519,80.1839828491,34272,34282,10
13.0880298615,80.1850280762,34282,34292,10
13.0880203247,80.185760498,34292,34302,10
13.0880203247,80.1863327026,34302,34312,10
13.0880203247,80.1870727539,34312,34323,11
13.0879602432,80.1879806519,34323,34373,50
13.0879602432,80.1879806519,34373,34383,10
13.0879402161,80.1883468628,34383,34393,10
13.0879201889,80.1889038086,34393,34403,10
13.087849617,80.1897506714,34403,34424,21
13.087849617,80.1897506714,34424,34434,10
13.0878000259,80.1901397705,34434,34444,10
13.087679863,80.1908111572,34444,34454,10
13.0875797272,80.1915969849,34454,34464,10
13.0875196457,80.1922912598,34464,34514,50
13.0875196457,80.1922912598,34514,34524,10
13.0875101089,80.1925811768,34524,34535,11
13.0874900818,80.1927719116,34535,34545,10
13.087439537,80.1931686401,34545,34555,10
13.0874300003,80.193901062,34555,34565,10
13.0873804092,80.1947402954,34565,34575,10
13.0873498917,80.1953201294,34575,34585,10
13.0873403549,80.1960830688,34585,34595,10
13.0873298645,80.1969985962,34595,34605,10
13.0873003006,80.1977615356,34605,34615,10
13.0872898102,80.1978912354,34615,34625,10
13.0873403549,80.1983032227,34625,34635,10
13.0875997543,80.1984405518,34635,34646,11
13.0882902145,80.1983795166,34646,34656,10
13.0890598297,80.1984100342,34656,34666,10
13.089630127,80.1984634399,34666,34676,10
13.0903196335,80.1985168457,34676,34686,10
13.0909900665,80.1985931396,34686,34696,10
13.0916900635,80.1986465454,34696,34706,10
13.09237957,80.198677063,34706,34716,10
13.0929403305,80.1986999512,34716,34726,10
13.0930099487,80.1991424561,34726,34736,10
13.0929403305,80.2001800537,34736,34757,21
13.0929403305,80.2001800537,34757,34767,10
13.0929803848,80.2003326416,34767,34777,10
13.0929002762,80.2005767822,34777,34787,10
13.0923700333,80.2005310059,34787,34797,10
13.0916595459,80.2004776001,34797,34807,10
13.090760231,80.2004699707,34807,34817,10
13.0898599625,80.2004470825,34817,34827,10
13.088809967,80.2004013062,34827,34837,10
13.0881299973,80.2003936768,34837,34847,10
13.0880203247,80.2004089355,34847,34858,11
13.0879201889,80.2004013062,34858,34868,10
13.0878295898,80.2004089355,34868,34878,10
13.0876703262,80.2004318237,34878,34888,10
13.0874700546,80.2004470825,34888,34898,10
13.0872402191,80.2004089355,34898,34908,10
13.0868902206,80.2004013062,34908,34918,10
13.0862197876,80.2003479004,34918,34928,10
13.0858602524,80.2003479004,34928,34938,10
13.0855998993,80.200340271,34938,34948,10
13.0855197906,80.2003326416,34948,34958,10
13.0853996277,80.2000274658,34958,34969,11
13.0854301453,80.1993331909,34969,34979,10
13.0853300095,80.1987228394,34979,34989,10
13.0850296021,80.1986923218,34989,34999,10
13.0845003128,80.1986312866,34999,35009,10
13.0841999054,80.1986312866,35009,35019,10
13.0840997696,80.198638916,35019,35028,9
13.083729744,80.198638916,35028,35039,11
13.0830898285,80.1986083984,35039,35120,81
13.0830898285,80.1986083984,35120,35130,10
13.0826501846,80.1985702515,35130,35140,10
13.0820798874,80.1985778809,35140,35150,10
13.0812997818,80.1985931396,35150,35160,10
13.0804395676,80.1986618042,35160,35169,9
13.0795297623,80.1987380981,35169,35181,12
13.0782604218,80.1988677979,35181,35191,10
13.0771903992,80.1990127563,35191,35201,10
13.0761203766,80.1991424561,35201,35211,10
13.075050354,80.1993637085,35211,35221,10
13.074379921,80.1997680664,35221,35231,10
13.0740404129,80.2000808716,35231,35241,10
13.0739803314,80.2001419067,35241,35251,10
13.0738897324,80.2002410889,35251,35261,10
13.0736598969,80.2005233765,35261,35271,10
13.0732803345,80.2010192871,35271,35282,11
13.0727701187,80.2016220093,35282,35292,10
13.0724601746,80.2020187378,35292,35302,10
13.0721197128,80.2023925781,35302,35312,10
13.0716199875,80.2029037476,35312,35322,10
13.0710401535,80.2035522461,35322,35332,10
13.0704498291,80.2042312622,35332,35342,10
13.0702104568,80.2045974731,35342,35352,10
13.0701799393,80.2046585083,35352,35362,10
13.0699901581,80.2049484253,35362,35433,71
13.0699901581,80.2049484253,35433,35443,10
13.0697898865,80.205039978,35443,35453,10
13.0693998337,80.2048492432,35453,35463,10
13.0690002441,80.2052764893,35463,35473,10
13.0684499741,80.2054214478,35473,35483,10
13.0679702759,80.2052536011,35483,35524,41
13.0679702759,80.2052536011,35524,35534,10
13.0680704117,80.2050018311,35534,35544,10
13.0683898926,80.2049102783,35544,35554,10
13.0689401627,80.2047195435,35554,35564,10
13.0695800781,80.204750061,35564,35574,10
13.0698204041,80.2048797607,35574,35635,61
13.0698204041,80.2048797607,35635,35645,10
13.0698204041,80.2050170898,35645,35655,10
13.0697402954,80.2053070068,35655,35665,10
13.0694198608,80.2057876587,35665,35675,10
13.068980217,80.2064819336,35675,35685,10
13.0684900284,80.2072982788,35685,35695,10
13.0678796768,80.2082519531,35695,35705,10
13.0672302246,80.2092590332,35705,35716,11
13.0663604736,80.2102584839,35716,35726,10
13.0656003952,80.2108764648,35726,35736,10
13.0651903152,80.2112197876,35736,35746,10
13.0651702881,80.2112884521,35746,35756,10
13.0648403168,80.2114562988,35756,35766,10
13.0642900467,80.2116394043,35766,35776,10
13.0638999939,80.2117233276,35776,35837,61
13.0638999939,80.2117233276,35837,35847,10
13.0634899139,80.2117462158,35847,35857,10
13.0628595352,80.2117614746,35857,35867,10
13.0620498657,80.2117614746,35867,35877,10
13.0610399246,80.2116699219,35877,35887,10
13.0598497391,80.2117004395,35887,35897,10
13.0589199066,80.2116622925,35897,35907,10
13.0585899353,80.2116470337,35907,35917,10
13.0582199097,80.2116317749,35917,35928,11
13.0577297211,80.2116165161,35928,35938,10
13.0576896667,80.2116317749,35938,35948,10
13.05727005,80.2116317749,35948,35958,10
13.0566396713,80.2116012573,35958,35968,10
13.0558204651,80.2116012573,35968,35978,10
13.0550804138,80.2115936279,35978,35988,10
13.0546197891,80.2115783691,35988,35998,10
13.0539598465,80.2116775513,35998,36008,10
13.0531797409,80.2118377686,36008,36018,10
13.0525798798,80.2120285034,36018,36028,10
13.0521602631,80.2121505737,36028,36039,11
13.051659584,80.2121734619,36039,36049,10
13.0511798859,80.2121734619,36049,36059,10
13.0511703491,80.2121734619,36059,36069,10
13.0504102707,80.2121963501,36069,36079,10
13.0499601364,80.2121582031,36079,36089,10
13.0496902466,80.2121582031,36089,36099,10
13.0495796204,80.2121505737,36099,36109,10
13.0494499207,80.212097168,36109,36119,10
13.0490503311,80.2121124268,36119,36129,10
13.04845047,80.2121582031,36129,36139,10
13.0476799011,80.2122192383,36139,36150,11
13.0466995239,80.2123031616,36150,36160,10
13.0459403992,80.2123336792,36160,36170,10
13.0451202393,80.2123794556,36170,36261,91
13.0451202393,80.2123794556,36261,36271,10
13.0450000763,80.2124023438,36271,36281,10
13.0446796417,80.2124481201,36281,36291,10
13.0442199707,80.2124328613,36291,36301,10
13.0434799194,80.2124176025,36301,36311,10
13.0425796509,80.2123718262,36311,36321,10
13.0414800644,80.2124023438,36321,36331,10
13.0404396057,80.2124099731,36331,36341,10
13.0394802094,80.212387085,36341,36350,9
13.0382995605,80.212348938,36350,36412,62
13.0382299423,80.2124481201,36412,36463,51
13.0382299423,80.2124481201,36463,36473,10
13.038069725,80.2124328613,36473,36483,10
13.0376796722,80.2123794556,36483,36493,10
13.0371704102,80.2123336792,36493,36503,10
13.0365104675,80.2122497559,36503,36513,10
13.0357303619,80.212310791,36513,36523,10
13.0353498459,80.212272644,36523,36533,10
13.0349998474,80.2122497559,36533,36543,10
13.0347995758,80.2122421265,36543,36553,10
13.0345401764,80.2121582031,36553,36574,21
13.0345401764,80.2121582031,36574,36584,10
13.0342798233,80.2121429443,36584,36594,10
13.0341901779,80.2121200562,36594,36604,10
13.0339298248,80.2120513916,36604,36614,10
13.0334596634,80.2119522095,36614,36624,10
13.0327100754,80.2117996216,36624,36634,10
13.0320301056,80.2115783691,36634,36644,10
13.0320501328,80.2109298706,36644,36654,10
13.0320796967,80.2103424072,36654,36664,10
13.0320997238,80.2096786499,36664,36674,10
13.031539917,80.2095031738,36674,36685,11
13.0303602219,80.2092132568,36685,36715,30
13.0303602219,80.2092132568,36715,36725,10
13.0301303864,80.2090530396,36725,36735,10
13.0296001434,80.2089385986,36735,36745,10
13.0295495987,80.208946228,36745,36755,10
13.0292396545,80.2088699341,36755,36765,10
13.0285396576,80.2086486816,36765,36775,10
13.0277500153,80.208366394,36775,36784,9
13.0273704529,80.208152771,36784,36796,12
13.0269002914,80.207862854,36796,36806,10
13.0262403488,80.2074737549,36806,36816,10
13.0253696442,80.2070770264,36816,36826,10
13.0244102478,80.2069168091,36826,36836,10
13.0242595673,80.2068786621,36836,36846,10
13.0238895416,80.2067871094,36846,36856,10
13.0232601166,80.2066268921,36856,36866,10
13.0224704742,80.2065811157,36866,36876,10
13.0217599869,80.206489563,36876,36886,10
13.0211200714,80.2064819336,36886,36897,11
13.0201797485,80.2064971924,36897,36907,10
13.0193195343,80.2064285278,36907,36917,10
13.0189695358,80.2062683105,36917,36927,10
13.0188398361,80.2062072754,36927,36937,10
13.0185203552,80.2061233521,36937,36957,20
13.0185203552,80.2061233521,36957,36967,10
13.018289566,80.2060394287,36967,36977,10
13.0180397034,80.205947876,36977,37018,41
13.0180397034,80.205947876,37018,37028,10
13.0177602768,80.2058792114,37028,37038,10
13.0173597336,80.2057113647,37038,37048,10
13.0170202255,80.2055435181,37048,37058,10
13.0165395737,80.2052001953,37058,37068,10
13.0156002045,80.2049713135,37068,37078,10
13.0148801804,80.2048187256,37078,37129,51
13.0148801804,80.2048187256,37129,37139,10
13.0147399902,80.2048187256,37139,37149,10
13.0144701004,80.2047119141,37149,37159,10
13.0140695572,80.2045593262,37159,37169,10
13.013879776,80.2044906616,37169,37179,10
13.0136299133,80.2045211792,37179,37189,10
13.0136003494,80.2046432495,37189,37199,10
13.0134496689,80.2049865723,37199,37208,9
13.0132703781,80.2055130005,37208,37220,12
13.0130395889,80.2065200806,37220,37230,10
13.0129699707,80.2074432373,37230,37240,10
13.0128698349,80.207862854,37240,37250,10
13.012840271,80.2083587646,37250,37260,10
13.0128898621,80.2086181641,37260,37270,10
13.0129804611,80.2090911865,37270,37280,10
13.0131502151,80.2095794678,37280,37290,10
13.0131397247,80.2100219727,37290,37300,10
13.0130596161,80.2106704712,37300,37310,10
13.0128002167,80.2113571167,37310,37320,10
13.0125198364,80.2118835449,37320,37331,11
13.0121603012,80.2124023438,37331,37341,10
13.0120296478,80.212600708,37341,37351,10
13.0119199753,80.2127304077,37351,37361,10
13.0116996765,80.2127227783,37361,37371,10
13.0113601685,80.2124328613,37371,37381,10
13.0107698441,80.212020874,37381,37391,10
13.0106496811,80.2119369507,37391,37401,10
13.0101804733,80.2115402222,37401,37472,71
13.0099802017,80.21144104,37472,37532,60
13.0099802017,80.21144104,37532,37543,11
13.0096197128,80.2111587524,37543,37613,70
13.0092496872,80.2111663818,37613,37654,41
13.0090398788,80.2115020752,37654,37674,20
13.0090398788,80.2115020752,37674,37684,10
13.0091199875,80.2118225098,37684,37694,10
13.0091495514,80.2119903564,37694,37704,10
13.009180069,80.2121124268,37704,37714,10
13.0093002319,80.2125015259,37714,37724,10
13.0094804764,80.2129821777,37724,37734,10
13.0099201202,80.2140731812,37734,37744,10
13.0099201202,80.2140731812,37744,37754,10
13.0101099014,80.2145690918,37754,37764,10
13.0101995468,80.2151489258,37764,37774,10
13.0103397369,80.2158737183,37774,37785,11
13.0107297897,80.2167510986,37785,37795,10
13.0111598969,80.217628479,37795,37805,10
13.0115604401,80.2187576294,37805,37815,10
13.0119600296,80.2199707031,37815,37825,10
13.012260437,80.220993042,37825,37835,10
13.0124702454,80.2216491699,37835,37845,10
13.0129995346,80.2222671509,37845,37855,10
13.0135803223,80.2229385376,37855,37866,11
13.0140895844,80.2236022949,37866,37876,10
13.0146799088,80.2242279053,37876,37886,10
13.015080452,80.2246932983,37886,37896,10
13.0150899887,80.2247085571,37896,37906,10
13.0151796341,80.224822998,37906,37916,10
13.0154399872,80.2252426147,37916,37926,10
13.0152902603,80.2257537842,37926,37936,10
13.014960289,80.2259292603,37936,37946,10
13.0144996643,80.2261123657,37946,37956,10
13.0137796402,80.2263793945,37956,37966,10
13.0129499435,80.2267074585,37966,37977,11
13.0118904114,80.2271575928,37977,37987,10
13.0108203888,80.2275772095,37987,37997,10
13.0097703934,80.2279510498,37997,38007,10
13.0095596313,80.227432251,38007,38017,10
13.0098800659,80.2268066406,38017,38027,10
13.0102500916,80.2259674072,38027,38037,10
13.0105304718,80.2252426147,38037,38047,10
13.0105495453,80.225151062,38047,38057,10
13.0106296539,80.2249908447,38057,38067,10
13.0107603073,80.2247085571,38067,38078,11
13.01101017,80.2240982056,38078,38088,10
13.0113096237,80.2233581543,38088,38098,10
13.0108003616,80.2229385376,38098,38108,10
13.0101699829,80.2226104736,38108,38118,10
13.0094203949,80.2222137451,38118,38128,10
13.0086603165,80.2217788696,38128,38138,10
13.0077600479,80.221321106,38138,38148,10
13.006819725,80.2208633423,38148,38158,10
13.0058603287,80.2205734253,38158,38168,10
13.0049695969,80.2203598022,38168,38178,10
13.0041103363,80.2201385498,38178,38189,11
13.0032196045,80.2199630737,38189,38199,10
13.0024299622,80.2195663452,38199,38209,10
13.0017595291,80.2188186646,38209,38219,10
13.0009403229,80.2181625366,38219,38228,9
13.0001296997,80.217666626,38228,38239,11
12.9990701675,80.2170181274,38239,38249,10
12.9980401993,80.2165908813,38249,38259,10
12.997420311,80.2165374756,38259,38269,10
12.9974098206,80.2165374756,38269,38279,10
12.9971704483,80.2165374756,38279,38289,10
12.9965896606,80.2165603638,38289,38300,11
12.9957103729,80.2167434692,38300,38310,10
12.9948997498,80.2172012329,38310,38320,10
12.9941902161,80.2177124023,38320,38330,10
12.9936704636,80.2180786133,38330,38340,10
12.9930400848,80.218536377,38340,38350,10
12.9923601151,80.219039917,38350,38360,10
12.9915895462,80.2196121216,38360,38370,10
12.9910297394,80.2194976807,38370,38380,10
12.9908704758,80.2194213867,38380,38390,10
12.99036026,80.2192382813,38390,38401,11
12.9895000458,80.2189025879,38401,38411,10
12.9884996414,80.2185592651,38411,38421,10
12.9875402451,80.2183609009,38421,38431,10
12.9871101379,80.2182998657,38431,38441,10
12.9869699478,80.2182693481,38441,38451,10
12.9864902496,80.2181625366,38451,38461,10
12.9856700897,80.217956543,38461,38471,10
12.9846801758,80.2179412842,38471,38481,10
12.9840202332,80.2179794312,38481,38491,10
12.9839401245,80.2179870605,38491,38500,9
12.9835596085,80.2180023193,38500,38512,12
12.9826803207,80.2180023193,38512,38522,10
12.9817800522,80.2180175781,38522,38532,10
12.9808101654,80.2182693481,38532,38542,10
12.9800395966,80.218536377,38542,38552,10
12.9795198441,80.2187576294,38552,38562,10
12.9789199829,80.2189788818,38562,38572,10
12.9785203934,80.2191619873,38572,38582,10
12.9778499603,80.2194290161,38582,38592,10
12.9770097733,80.2197723389,38592,38602,10
12.9765195847,80.2200164795,38602,38774,172
12.9761896133,80.2201538086,38774,38794,20
12.9761896133,80.2201538086,38794,38804,10
12.9760103226,80.2201919556,38804,38814,10
12.975859642,80.2202606201,38814,38824,10
12.9757003784,80.2203292847,38824,38835,11
12.9755496979,80.2205429077,38835,38845,10
12.9755802155,80.2207717896,38845,38935,90
12.9758195877,80.2208633423,38935,39450,515
12.9760704041,80.2211227417,39450,39602,152
12.9761199951,80.2211227417,39602,39733,131
12.9759702682,80.2211685181,39733,39884,151
12.9763097763,80.2212677002,39884,39945,61
12.9763097763,80.2212677002,39945,39955,10
12.9764795303,80.2211990356,39955,39965,10
12.9768400192,80.2211914063,39965,39975,10
12.9771203995,80.2211837769,39975,39985,10
12.9772796631,80.2211914063,39985,39995,10
12.9777297974,80.2211532593,39995,40005,10
12.9783096313,80.2211227417,40005,40015,10
12.9788198471,80.2210693359,40015,40026,11
12.9795598984,80.2210388184,40026,40036,10
12.9803600311,80.2210235596,40036,40046,10
12.9810199738,80.220993042,40046,40056,10
12.9816703796,80.2213287354,40056,40066,10
12.9820098877,80.2215576172,40066,40076,10
12.9827804565,80.2218170166,40076,40106,30
12.9827804565,80.2218170166,40106,40116,10
12.98320961,80.2220611572,40116,40126,10
12.9836196899,80.2223587036,40126,40137,11
12.9841299057,80.2226791382,40137,40147,10
12.9846200943,80.2229690552,40147,40157,10
12.9852800369,80.2232513428,40157,40167,10
12.9857997894,80.2229614258,40167,40177,10
12.9864702225,80.22290802,40177,40187,10
12.9865102768,80.2229232788,40187,40197,10
12.9867601395,80.2229690552,40197,40207,10
12.9871101379,80.2229919434,40207,40217,10
12.9876804352,80.2229385376,40217,40227,10
12.9883899689,80.2225036621,40227,40238,11
12.9888296127,80.2219772339,40238,40248,10
12.9892501831,80.221572876,40248,40258,10
12.9896402359,80.2210998535,40258,40268,10
12.9902801514,80.2205123901,40268,40278,10
12.990530014,80.2202835083,40278,40288,10
12.9906101227,80.2202301025,40288,40298,10
12.9908399582,80.2200164795,40298,40308,10
12.9912395477,80.2197036743,40308,40318,10
12.9918003082,80.2193069458,40318,40328,10
12.9923400879,80.2189178467,40328,40338,10
12.9929895401,80.218460083,40338,40349,11
12.9937295914,80.2179031372,40349,40359,10
12.9941396713,80.2177124023,40359,40369,10
12.9944896698,80.2173995972,40369,40379,10
12.9949703217,80.2170562744,40379,40389,10
12.9955501556,80.2167282104,40389,40399,10
12.9962902069,80.2165679932,40399,40409,10
12.9970197678,80.216468811,40409,40419,10
12.9972200394,80.2163772583,40419,40429,10
12.9975004196,80.2161026001,40429,40439,10
12.9975099564,80.2160797119,40439,40449,10
12.9977197647,80.2158966064,40449,40460,11
12.9981098175,80.2154998779,40460,40470,10
12.9987401962,80.2149963379,40470,40480,10
12.9991998672,80.2146377563,40480,40490,10
12.999540329,80.2143173218,40490,40500,10
12.9999904633,80.2139434814,40500,40510,10
13.0005197525,80.2135162354,40510,40520,10
13.0010995865,80.2130126953,40520,40530,10
13.0017795563,80.2125091553,40530,40540,10
13.0025596619,80.212097168,40540,40549,9
13.0033102036,80.2119598389,40549,40560,11
13.0036697388,80.2118911743,40560,40571,11
13.0037202835,80.2116317749,40571,40581,10
13.0037002563,80.2111434937,40581,40591,10
13.0036401749,80.2107391357,40591,40601,10
13.0035800934,80.2102508545,40601,40611,10
13.0035200119,80.2097167969,40611,40621,10
13.0036096573,80.2091674805,40621,40631,10
13.0039596558,80.2086105347,40631,40641,10
13.0048103333,80.2089614868,40641,40651,10
13.0057897568,80.2093734741,40651,40661,10
13.0062999725,80.2095489502,40661,40672,11
13.0069799423,80.2097702026,40672,40682,10
13.007349968,80.2097930908,40682,40691,9
13.0073795319,80.2097930908,40691,40702,11
13.0075101852,80.2098007202,40702,40712,10
13.0078601837,80.2098999023,40712,40722,10
13.0082101822,80.2098312378,40722,40732,10
13.0080900192,80.2093811035,40732,40742,10
13.0079603195,80.2087402344,40742,40752,10
13.0078296661,80.2078781128,40752,40762,10
13.0076704025,80.2070083618,40762,40772,10
13.007519722,80.2060928345,40772,40783,11
13.0074901581,80.205039978,40783,40793,10
13.0074996948,80.2042388916,40793,40803,10
13.007399559,80.2034072876,40803,40813,10
13.0071201324,80.2025604248,40813,40823,10
13.0065097809,80.2028198242,40823,40833,10
13.0067396164,80.203338623,40833,40843,10
13.0073204041,80.2036132813,40843,40853,10
13.008099556,80.2037200928,40853,40863,10
13.0090703964,80.2036514282,40863,40873,10
13.0101499557,80.2035980225,40873,40884,11
13.0114402771,80.2036819458,40884,40894,10
13.0126304626,80.203918457,40894,40904,10
13.0136995316,80.2042617798,40904,40914,10
13.0146903992,80.2045669556,40914,40924,10
13.015080452,80.2046966553,40924,40934,10
13.0151500702,80.204750061,40934,40944,10
13.0155801773,80.2048492432,40944,40954,10
13.0162696838,80.2051620483,40954,40964,10
13.0171203613,80.2052612305,40964,40974,10
13.0178098679,80.2055587769,40974,40984,10
13.0183095932,80.2058181763,40984,40995,11
13.0187196732,80.2059402466,40995,41005,10
13.0188398361,80.2059783936,41005,41015,10
13.0192604065,80.2061386108,41015,41025,10
13.0199804306,80.2062911987,41025,41035,10
13.0208396912,80.2063217163,41035,41045,10
13.0218801498,80.2063369751,41045,41055,10
13.0229701996,80.2064971924,41055,41065,10
13.0238895416,80.2066421509,41065,41075,10
13.0244102478,80.2067337036,41075,41085,10
13.0245704651,80.20677948,41085,41095,10
13.0249795914,80.2069015503,41095,41106,11
13.0259199142,80.2072601318,41106,41116,10
13.0267496109,80.2077407837,41116,41126,10
13.0277099609,80.2082977295,41126,41136,10
13.0287904739,80.2086791992,41136,41146,10
13.0297298431,80.2089080811,41146,41156,10
13.0303897858,80.2090911865,41156,41166,10
13.0308599472,80.2092285156,41166,41176,10
13.0313596725,80.2093811035,41176,41186,10
13.0316495895,80.2094497681,41186,41196,10
13.0317802429,80.2094726563,41196,41207,11
13.0321798325,80.2095870972,41207,41217,10
13.0328397751,80.2097015381,41217,41227,10
13.0336198807,80.2098770142,41227,41237,10
13.0344896317,80.2100296021,41237,41247,10
13.0350503922,80.2102966309,41247,41257,10
13.0349702835,80.2107162476,41257,41267,10
13.0350103378,80.2112579346,41267,41306,39
13.0350103378,80.2112579346,41306,41318,12
13.0348396301,80.2118606567,41318,41348,30
13.0348396301,80.2118606567,41348,41358,10
13.0348396301,80.2121200562,41358,41368,10
13.0352296829,80.2122192383,41368,41378,10
13.0358495712,80.212272644,41378,41388,10
13.0365600586,80.2123184204,41388,41398,10
13.0369100571,80.2122802734,41398,41408,10
13.0372896194,80.212272644,41408,41417,9
13.0377702713,80.2122497559,41417,41429,12
13.0387001038,80.2122421265,41429,41439,10
13.0395803452,80.2123031616,41439,41449,10
13.0405902863,80.2122573853,41449,41459,10
13.0417699814,80.2122802734,41459,41469,10
13.0429000854,80.2122573853,41469,41479,10
13.0440101624,80.212272644,41479,41590,111
13.0440101624,80.212272644,41590,41600,10
13.0443201065,80.2122802734,41600,41610,10
13.0448598862,80.2123031616,41610,41620,10
13.0456199646,80.2123031616,41620,41630,10
13.0465202332,80.2122802734,41630,41641,11
13.0476102829,80.2121810913,41641,41651,10
13.0485601425,80.2120513916,41651,41671,20
13.0485601425,80.2120513916,41671,41681,10
13.0487203598,80.2120437622,41681,41691,10
13.0490102768,80.212020874,41691,41701,10
13.0495195389,80.2119979858,41701,41711,10
13.0500297546,80.2119903564,41711,41721,10
13.0502996445,80.2120132446,41721,41731,10
13.0505199432,80.2119903564,41731,41741,10
13.0512599945,80.212020874,41741,41752,11
13.0521001816,80.2119216919,41752,41762,10
13.0530004501,80.2117462158,41762,41772,10
13.054400444,80.2114715576,41772,41812,40
13.054400444,80.2114715576,41812,41822,10
13.0546998978,80.2114562988,41822,41832,10
13.0553503036,80.2114562988,41832,41842,10
13.0562496185,80.211479187,41842,41853,11
13.0573396683,80.2114486694,41853,41863,10
13.0576496124,80.21144104,41863,41873,10
13.0577602386,80.2114334106,41873,41883,10
13.0582304001,80.2114334106,41883,41893,10
13.0589599609,80.2114715576,41893,41903,10
13.0597496033,80.211517334,41903,41913,10
13.0607404709,80.2115936279,41913,41923,10
13.0614795685,80.2116088867,41923,41933,10
13.0621700287,80.2116470337,41933,41943,10
13.0632400513,80.2115402222,41943,41964,21
13.0632400513,80.2115402222,41964,41974,10
13.0633401871,80.2114715576,41974,41984,10
13.0636901855,80.2115097046,41984,41994,10
13.0643100739,80.2114486694,41994,42004,10
13.0650596619,80.2110977173,42004,42014,10
13.0658397675,80.2104797363,42014,42024,10
13.0666904449,80.2097473145,42024,42034,10
13.0673303604,80.2088165283,42034,42044,10
13.0679798126,80.2078018188,42044,42054,10
13.0686397552,80.2067871094,42054,42064,10
13.0692195892,80.2058486938,42064,42075,11
13.0696897507,80.2050476074,42075,42085,10
13.069439888,80.2048110962,42085,42095,10
13.069149971,80.2052078247,42095,42105,10
13.0687198639,80.2050170898,42105,42145,40
13.0687198639,80.2050170898,42145,42155,10
13.0687398911,80.2049407959,42155,42165,10
13.0689401627,80.204750061,42165,42175,10
13.0689496994,80.2047424316,42175,42186,11
13.0690402985,80.2047195435,42186,42196,10
13.0693597794,80.204750061,42196,42206,10
13.0696802139,80.2048034668,42206,42216,10
13.0699300766,80.2047424316,42216,42226,10
13.0702199936,80.2043533325,42226,42236,10
13.0706796646,80.2037887573,42236,42246,10
13.0712404251,80.2031707764,42246,42256,10
13.0718698502,80.2024688721,42256,42266,10
13.0723800659,80.2019195557,42266,42276,10
13.0727100372,80.2015380859,42276,42287,11
13.0730800629,80.2011032104,42287,42297,10
13.0732402802,80.2009429932,42297,42307,10
13.073390007,80.2008514404,42307,42317,10
13.0735902786,80.2006607056,42317,42327,10
13.0739202499,80.2002487183,42327,42337,10
13.074090004,80.1999588013,42337,42347,10
13.0742101669,80.199836731,42347,42357,10
13.0744104385,80.1995620728,42357,42367,10
13.0745201111,80.1995010376,42367,42377,10
13.0748596191,80.1992416382,42377,42386,9
13.0754699707,80.1990737915,42386,42398,12
13.0765104294,80.1990280151,42398,42408,10
13.0775203705,80.198928833,42408,42418,10
13.0785303116,80.1988067627,42418,42428,10
13.0795297623,80.1986999512,42428,42438,10
13.0803804398,80.1986312866,42438,42448,10
13.0812501907,80.1985626221,42448,42458,10
13.0821304321,80.1985168457,42458,42468,10
13.0827198029,80.1984710693,42468,42478,10
13.0827302933,80.1984710693,42478,42488,10
13.0829200745,80.1985015869,42488,42497,9
13.083319664,80.1985092163,42497,42509,12
13.0840196609,80.1985397339,42509,42519,10
13.0842695236,80.1985702515,42519,42529,10
13.0846099854,80.1985931396,42529,42539,10
13.0850601196,80.1985168457,42539,42549,10
13.0853204727,80.1984786987,42549,42559,10
13.085559845,80.1984634399,42559,42569,10
13.0859298706,80.1984329224,42569,42579,10
13.086350441,80.1984405518,42579,42589,10
13.086810112,80.1984481812,42589,42599,10
13.0871200562,80.1983718872,42599,42610,11
13.0871601105,80.1980285645,42610,42620,10
13.0871601105,80.1979827881,42620,42630,10
13.0871801376,80.1978378296,42630,42640,10
13.0872097015,80.1973876953,42640,42650,10
13.0872297287,80.1966400146,42650,42660,10
13.0872402191,80.1958236694,42660,42670,10
13.0872497559,80.1953125,42670,42680,10
13.0872602463,80.1945877075,42680,42690,10
13.0872802734,80.1937179565,42690,42700,10
13.0872802734,80.1929626465,42700,42710,10
13.0873298645,80.1925811768,42710,42721,11
13.087439537,80.1919631958,42721,42731,10
13.0875396729,80.1912231445,42731,42741,10
13.0876598358,80.1903305054,42741,42751,10
13.0877399445,80.1895217896,42751,42761,10
13.0877599716,80.1890563965,42761,42771,10
13.087770462,80.1890487671,42771,42781,10
13.0878000259,80.188873291,42781,42791,10
13.0877799988,80.1887664795,42791,42801,10
13.0877799988,80.1885223389,42801,42811,10
13.0878000259,80.1882019043,42811,42821,10
13.0878696442,80.1876983643,42821,42832,11
13.0878896713,80.1869125366,42832,42842,10
13.0879402161,80.1860809326,42842,42852,10
13.0879898071,80.1854629517,42852,42862,10
13.0880002975,80.1852874756,42862,42872,10
13.0880203247,80.1847686768,42872,42882,10
13.0880403519,80.1839904785,42882,42892,10
13.0880298615,80.1830291748,42892,42902,10
13.0880699158,80.1822509766,42902,42912,10
13.0881004333,80.181602478,42912,42922,10
13.0881595612,80.1807632446,42922,42933,11
13.0881795883,80.1803588867,42933,42943,10
13.0881996155,80.1800918579,42943,42953,10
13.0881996155,80.1795806885,42953,42963,10
13.0882101059,80.1791000366,42963,42973,10
13.0881900787,80.179069519,42973,42983,10
13.0881795883,80.1787796021,42983,42993,10
13.0882396698,80.1783599854,42993,43003,10
13.0882396698,80.1776885986,43003,43013,10
13.0882301331,80.1770935059,43013,43023,10
13.088259697,80.1764373779,43023,43033,10
13.0883102417,80.1755981445,43033,43044,11
13.0883703232,80.174987793,43044,43054,10
13.0883998871,80.1745529175,43054,43064,10
13.0884504318,80.1739578247,43064,43074,10
13.0884895325,80.1732635498,43074,43084,10
13.0885400772,80.1725387573,43084,43094,10
13.0885601044,80.1720275879,43094,43104,10
13.0885696411,80.1718902588,43104,43114,10
13.0886096954,80.1717071533,43114,43124,10
13.088640213,80.1713180542,43124,43134,10
13.0886201859,80.1711578369,43134,43144,10
13.0886497498,80.170753479,43144,43155,11
13.0886697769,80.1700820923,43155,43175,20
13.0886697769,80.1700820923,43175,43185,10
13.0886497498,80.1698303223,43185,43195,10
13.0888500214,80.1694869995,43195,43205,10
13.0893802643,80.1695404053,43205,43215,10
13.0901699066,80.169593811,43215,43225,10
13.0910596848,80.1696395874,43225,43235,10
13.0918998718,80.1697006226,43235,43244,9
13.0926799774,80.1697616577,43244,43256,12
13.0936803818,80.1698303223,43256,43266,10
13.0943803787,80.1698532104,43266,43276,10
13.0947399139,80.1698913574,43276,43286,10
13.095000267,80.1699371338,43286,43296,10
13.095410347,80.1699523926,43296,43306,10
13.0960998535,80.1699676514,43306,43316,10
13.0969200134,80.1700134277,43316,43326,10
13.0977802277,80.1700592041,43326,43336,10
13.0985898972,80.1701126099,43336,43346,10
13.0993995667,80.1700973511,43346,43356,10
13.0996704102,80.1699295044,43356,43367,11
13.0995597839,80.1697006226,43367,43387,20
13.0995597839,80.1697006226,43387,43397,10
13.0993099213,80.1696624756,43397,43407,10
13.0990495682,80.1696014404,43407,43417,10
13.0988397598,80.1694488525,43417,43427,10
13.0985898972,80.1691894531,43427,45395,1968
13.0985898972,80.1691894531,45395,45405,10
13.0988798141,80.1693496704,45405,45415,10
13.0991096497,80.1695327759,45415,45426,11
13.0993499756,80.169593811,45426,45436,10
13.0996599197,80.1696777344,45436,45456,20
13.0996599197,80.1696777344,45456,45466,10
13.0997400284,80.1698989868,45466,45567,101
13.0994300842,80.1701278687,45567,45607,40
13.0994300842,80.1701278687,45607,45617,10
13.0991802216,80.1702423096,45617,45627,10
13.0986404419,80.1701965332,45627,45637,10
13.0979499817,80.1701507568,45637,45648,11
13.0971298218,80.1700897217,45648,45658,10
13.0963497162,80.1700363159,45658,45668,10
13.0956296921,80.1699981689,45668,45678,10
13.0949401855,80.169960022,45678,45688,10
13.0948600769,80.1699371338,45688,45698,10
13.0945501328,80.169921875,45698,45708,10
13.09416008,80.1698913574,45708,45718,10
13.0934696198,80.169883728,45718,45728,10
13.0925998688,80.1698226929,45728,45738,10
13.0916795731,80.1697616577,45738,45749,11
13.0913600922,80.1697387695,45749,45759,10
13.0907897949,80.1697235107,45759,45769,10
13.0899801254,80.1696624756,45769,45779,10
13.0891799927,80.1696090698,45779,45789,10
13.0889797211,80.1696014404,45789,45799,10
13.088809967,80.169593811,45799,45809,10
13.0887098312,80.1697769165,45809,45819,10
13.0886497498,80.1701889038,45819,45829,10
13.0885801315,80.1708374023,45829,45839,10
13.0885601044,80.1714630127,45839,45849,10
13.0885696411,80.171913147,45849,45860,11
13.0885696411,80.1721801758,45860,45870,10
13.0885400772,80.1728210449,45870,45880,10
13.0884799957,80.1736984253,45880,45890,10
13.0884504318,80.1746292114,45890,45900,10
13.0883998871,80.1750564575,45900,45910,10
13.0883398056,80.1757736206,45910,45920,10
13.0882902145,80.1766662598,45920,45930,10
13.088259697,80.1773986816,45930,45940,10
13.0882501602,80.178237915,45940,45950,10
13.088259697,80.1786727905,45950,45960,10
13.088259697,80.1787796021,45960,45971,11
13.0882196426,80.179069519,45971,45981,10
13.0881996155,80.179359436,45981,45991,10
13.0881996155,80.1796417236,45991,46001,10
13.0881900787,80.1798019409,46001,46011,10
13.0881996155,80.1803131104,46011,46021,10
13.0881795883,80.1811065674,46021,46031,10
13.0881204605,80.1820678711,46031,46041,10
13.088060379,80.1830825806,46041,46051,10
13.0880203247,80.1842498779,46051,46061,10
13.0880403519,80.1850891113,46061,46072,11
13.088060379,80.1853103638,46072,46082,10
13.0880002975,80.1857833862,46082,46092,10
13.08796978,80.1864471436,46092,46102,10
13.0879001617,80.1874008179,46102,46112,10
13.0878801346,80.1884002686,46112,46122,10
13.0878400803,80.1894073486,46122,46132,10
13.0878295898,80.1895980835,46132,46142,10
13.0878295898,80.1897125244,46142,46152,10
13.0877599716,80.1899414063,46152,46162,10
13.0877103806,80.1902084351,46162,46172,10
13.0876398087,80.1906433105,46172,46183,11
13.0875396729,80.1915130615,46183,46193,10
13.0874500275,80.1925735474,46193,46243,50
13.0874500275,80.1925735474,46243,46253,10
13.087389946,80.1927566528,46253,46263,10
13.0873603821,80.1932067871,46263,46273,10
13.0873498917,80.1939926147,46273,46283,10
13.0873403549,80.1948013306,46283,46294,11
13.0873098373,80.1955032349,46294,46304,10
13.0873003006,80.1962814331,46304,46314,10
13.0872802734,80.1972427368,46314,46324,10
13.0872402191,80.1977996826,46324,46334,10
13.0872402191,80.1979675293,46334,46344,10
13.0873003006,80.1982803345,46344,46354,10
13.0874004364,80.1984176636,46354,46364,10
13.0877304077,80.1984100342,46364,46374,10
13.0883703232,80.1983795166,46374,46384,10
13.0889797211,80.1984176636,46384,46395,11
13.0896596909,80.1984634399,46395,46405,10
13.0903501511,80.1985092163,46405,46415,10
13.0910396576,80.1985778809,46415,46425,10
13.0916500092,80.1986312866,46425,46435,10
13.0924501419,80.1986312866,46435,46445,10
13.0929803848,80.1987228394,46445,46455,10
13.0929698944,80.1991119385,46455,46465,10
13.0929498672,80.1997528076,46465,46475,10
13.0929203033,80.2003631592,46475,46485,10
13.0928897858,80.2005386353,46485,46495,10
13.0926399231,80.2005691528,46495,46506,11
13.0919599533,80.2005310059,46506,46516,10
13.091170311,80.2005386353,46516,46526,10
13.090379715,80.2005691528,46526,46536,10
13.0896501541,80.2005004883,46536,46546,10
13.0886201859,80.2004623413,46546,46556,10
13.0876998901,80.2004470825,46556,46566,10
13.0872001648,80.2004165649,46566,46576,10
13.0870103836,80.2004089355,46576,46586,10
13.0865297318,80.2004165649,46586,46596,10
13.0858402252,80.2004013062,46596,46606,10
13.0854902267,80.2003631592,46606,46617,11
13.0852899551,80.2001037598,46617,46627,10
13.0853099823,80.1995315552,46627,46637,10
13.0853204727,80.1987991333,46637,46647,10
13.0850000381,80.1987228394,46647,46657,10
13.0844297409,80.1986694336,46657,46667,10
13.0842895508,80.1986694336,46667,46677,10
13.0840997696,80.198638916,46677,46687,10
13.083609581,80.1986694336,46687,46697,10
13.0831203461,80.1986465454,46697,46707,10
13.0826702118,80.1986312866,46707,46718,11
13.0822401047,80.1986618042,46718,46728,10
13.0818595886,80.1986694336,46728,46738,10
13.0812797546,80.1986618042,46738,46748,10
13.0805702209,80.1986999512,46748,46758,10
13.0797700882,80.1987609863,46758,46768,10
13.0788497925,80.1988296509,46768,46778,10
13.07791996,80.1989364624,46778,46788,10
13.07695961,80.1990585327,46788,46798,10
13.0759601593,80.1991882324,46798,46808,10
13.0749702454,80.1994171143,46808,46817,9
13.0742502213,80.1998672485,46817,46829,12
13.0735397339,80.2006607056,46829,46849,20
13.0735397339,80.2006607056,46849,46859,10
13.0732803345,80.2009735107,46859,46869,10
13.0727996826,80.2015228271,46869,46879,10
13.0722398758,80.2021865845,46879,46889,10
13.0715999603,80.2028579712,46889,46899,10
13.0708703995,80.2037200928,46899,46909,10
13.0701999664,80.2045516968,46909,46919,10
13.0700302124,80.2048034668,46919,46930,11
13.0698604584,80.2050323486,46930,46950,20
13.0698604584,80.2050323486,46950,46960,10
13.0697002411,80.205039978,46960,46970,10
13.0693397522,80.2048873901,46970,46980,10
13.0690898895,80.2051467896,46980,46990,10
13.0686502457,80.2054290771,46990,47000,10
13.0680599213,80.2054519653,47000,47010,10
13.0679502487,80.2052078247,47010,47051,41
13.0679502487,80.2052078247,47051,47061,10
13.0680503845,80.2050323486,47061,47071,10
13.0683202744,80.2049331665,47071,47081,10
13.0686798096,80.2048110962,47081,47091,10
13.0691299438,80.2046966553,47091,47101,10
13.069560051,80.2047805786,47101,47111,10
13.0697498322,80.2048492432,47111,47121,10
13.0698699951,80.2050476074,47121,47131,10
13.0695800781,80.2055130005,47131,47141,10
13.069149971,80.2061691284,47141,47152,11
13.0685796738,80.2070617676,47152,47162,10
13.0679798126,80.2080307007,47162,47172,10
13.0673503876,80.2090072632,47172,47182,10
13.0666303635,80.2099304199,47182,47192,10
13.0658502579,80.210609436,47192,47202,10
13.0652799606,80.2111129761,47202,47212,10
13.0651197433,80.211227417,47212,47222,10
13.0649995804,80.2113189697,47222,47232,10
13.0645904541,80.211517334,47232,47242,10
13.0640897751,80.2117004395,47242,47252,10
13.0638799667,80.2117080688,47252,47263,11
13.0634002686,80.211730957,47263,47273,10
13.0626897812,80.2117462158,47273,47283,10
13.0612001419,80.2117080688,47283,47293,10
13.0612001419,80.2117080688,47293,47303,10
13.060259819,80.2117080688,47303,47312,9
13.0594301224,80.2116622925,47312,47323,11
13.0584697723,80.2116394043,47323,47333,10
13.0577001572,80.2116012573,47333,47343,10
13.0567398071,80.2116012573,47343,47352,9
13.0557403564,80.2115783691,47352,47364,12
13.0546197891,80.2115631104,47364,47374,10
13.0545396805,80.2115478516,47374,47384,10
13.0543899536,80.2115631104,47384,47394,10
13.0539703369,80.2116470337,47394,47404,10
13.0532903671,80.2117919922,47404,47414,10
13.0524597168,80.212020874,47414,47424,10
13.051609993,80.2121429443,47424,47434,10
13.0507898331,80.2121505737,47434,47444,10
13.050160408,80.2121963501,47444,47515,71
13.050160408,80.2121963501,47515,47525,10
13.0498199463,80.2121276855,47525,47535,10
13.0495796204,80.2121582031,47535,47545,10
13.0495595932,80.2121582031,47545,47555,10
13.0493402481,80.2121582031,47555,47565,10
13.0488700867,80.2121734619,47565,47575,10
13.0483598709,80.2122116089,47575,47586,11
13.0476398468,80.2123031616,47586,47596,10
13.0468196869,80.2123336792,47596,47606,10
13.0460596085,80.2123565674,47606,47616,10
13.0451602936,80.2124328613,47616,47636,20
13.0451602936,80.2124328613,47636,47646,10
13.0448598862,80.2124099731,47646,47656,10
13.0443496704,80.2124023438,47656,47666,10
13.043589592,80.2123718262,47666,47676,10
13.042719841,80.2123565674,47676,47686,10
13.0422496796,80.212387085,47686,47697,11
13.0415496826,80.2124710083,47697,47707,10
13.040599823,80.2124786377,47707,47717,10
13.0395402908,80.2124328613,47717,47727,10
13.0385398865,80.2124633789,47727,47737,10
13.037610054,80.2124633789,47737,47808,71
13.037610054,80.2124633789,47808,47818,10
13.0373497009,80.2124404907,47818,47828,10
13.036939621,80.2123794556,47828,47838,10
13.0363302231,80.2123336792,47838,47848,10
13.0355596542,80.212348938,47848,47858,10
13.0346698761,80.2122192383,47858,47868,10
13.0341796875,80.2121276855,47868,47878,10
13.0341701508,80.2121276855,47878,47888,10
13.0339403152,80.2120666504,47888,47898,10
13.033539772,80.2120132446,47898,47909,11
13.0329198837,80.2118606567,47909,47919,10
13.0322799683,80.2117233276,47919,47929,10
13.0320100784,80.2111587524,47929,47939,10
13.0320701599,80.2104568481,47939,47949,10
13.0320997238,80.2097091675,47949,47959,10
13.0316095352,80.2095031738,47959,47969,10
13.0308599472,80.2093429565,47969,47979,10
13.0302600861,80.2091674805,47979,47989,10
13.0295600891,80.2089614868,47989,48009,20
13.0295600891,80.2089614868,48009,48020,11
13.0292901993,80.2089080811,48020,48030,10
13.0287103653,80.2087402344,48030,48040,10
13.0279197693,80.2084732056,48040,48050,10
13.0271396637,80.2080230713,48050,48060,10
13.0262899399,80.2074890137,48060,48070,10
13.0253200531,80.2071075439,48070,48080,10
13.0244598389,80.2069320679,48080,48090,10
13.023639679,80.2067184448,48090,48100,10
13.0227203369,80.2065811157,48100,48110,10
13.0219097137,80.2064437866,48110,48121,11
13.0213003159,80.2064590454,48121,48131,10
13.0204801559,80.2064590454,48131,48141,10
13.0195999146,80.2064437866,48141,48151,10
13.0190496445,80.2063293457,48151,48161,10
13.0190401077,80.2063064575,48161,48171,10
13.0188798904,80.2062530518,48171,48181,10
13.0185899734,80.2061462402,48181,48191,10
13.0180702209,80.2060089111,48191,48201,10
13.0176496506,80.2058486938,48201,48211,10
13.0172100067,80.2056503296,48211,48221,10
13.0167999268,80.2054672241,48221,48232,11
13.0160398483,80.2052001953,48232,48242,10
13.0152597427,80.2049484253,48242,48252,10
13.0144796371,80.2046890259,48252,48262,10
13.0142803192,80.2046203613,48262,48272,10
13.0141897202,80.2045669556,48272,48282,10
13.0137500763,80.2044067383,48282,48292,10
13.0135297775,80.2046585083,48292,48302,10
13.0133104324,80.2052764893,48302,48312,10
13.0130596161,80.2060775757,48312,48322,10
13.0129299164,80.2069702148,48322,48332,10
13.0128602982,80.2076873779,48332,48343,11
13.0128297806,80.2081375122,48343,48353,10
13.0128602982,80.2085189819,48353,48363,10
13.0129499435,80.2090072632,48363,48373,10
13.0131196976,80.2097091675,48373,48383,10
13.0130796432,80.2104110718,48383,48393,10
13.0128297806,80.2112426758,48393,48403,10
13.0123701096,80.212059021,48403,48413,10
13.0119199753,80.2127227783,48413,48423,10
13.0117101669,80.2127990723,48423,48432,9
13.011469841,80.2125701904,48432,48444,12
13.0106201172,80.2119369507,48444,48484,40
13.0103397369,80.2117233276,48484,48504,20
13.0103397369,80.2117233276,48504,48514,10
13.0100002289,80.21144104,48514,48555,41
13.0100002289,80.21144104,48555,48565,10
13.0095796585,80.2111282349,48565,48585,20
13.0092897415,80.2109298706,48585,48605,20
13.0092897415,80.2109298706,48605,48615,10
13.0092000961,80.21118927,48615,48625,10
13.0090703964,80.2113571167,48625,48635,10
13.0090198517,80.2115631104,48635,48645,10
13.0091600418,80.2120437622,48645,48655,10
13.0093002319,80.2125091553,48655,48666,11
13.0094995499,80.2130584717,48666,48676,10
13.0097198486,80.2136383057,48676,48686,10
13.0099802017,80.2142486572,48686,48696,10
13.0101604462,80.2149200439,48696,48706,10
13.0102596283,80.2156600952,48706,48716,10
13.01060009,80.2164535522,48716,48726,10
13.0109796524,80.2172470093,48726,48736,10
13.011349678,80.2181167603,48736,48746,10
13.0116796494,80.2190628052,48746,48756,10
13.0119800568,80.2200622559,48756,48766,10
13.0122699738,80.2209472656,48766,48777,11
13.0123500824,80.2213287354,48777,48787,10
13.0124101639,80.2216262817,48787,48797,10
13.0127401352,80.222038269,48797,48807,10
13.0130195618,80.2223510742,48807,48817,10
13.0134296417,80.2227935791,48817,48827,10
13.0139703751,80.2233810425,48827,48837,10
13.0142002106,80.2236709595,48837,48847,10
13.0145101547,80.2239608765,48847,48857,10
13.0149402618,80.2244720459,48857,48867,10
13.0152702332,80.2249984741,48867,48878,11
13.0154304504,80.225402832,48878,48888,10
13.0153303146,80.2257385254,48888,48898,10
13.014840126,80.2259979248,48898,48928,30
13.014840126,80.2259979248,48928,48938,10
13.0144300461,80.2261810303,48938,48948,10
13.0137500763,80.2264404297,48948,48958,10
13.013010025,80.2267227173,48958,48968,10
13.0121002197,80.2270889282,48968,48978,10
13.0111904144,80.2274398804,48978,48989,11
13.0101604462,80.2278366089,48989,48999,10
13.0094995499,80.2276077271,48999,49009,10
13.0098199844,80.2268981934,49009,49019,10
13.0101995468,80.226020813,49019,49029,10
13.0105400085,80.2252120972,49029,49039,10
13.0106201172,80.2250366211,49039,49049,10
13.0107002258,80.224899292,49049,49059,10
13.0109300613,80.2244186401,49059,49069,10
13.0111999512,80.2236785889,49069,49079,10
13.0113096237,80.2234268188,49079,49090,11
13.0113296509,80.2233505249,49090,49100,10
13.0111703873,80.2231369019,49100,49110,10
13.0106801987,80.222869873,49110,49120,10
13.0099802017,80.2225112915,49120,49130,10
13.00922966,80.2220993042,49130,49140,10
13.0083799362,80.2216491699,49140,49150,10
13.0075302124,80.2211990356,49150,49160,10
13.0068397522,80.2208328247,49160,49170,10
13.0060501099,80.2205581665,49170,49180,10
13.00522995,80.2203903198,49180,49190,10
13.0046396255,80.2202377319,49190,49201,11
13.0040597916,80.2201080322,49201,49211,10
13.0034303665,80.2199401855,49211,49221,10
13.0026597977,80.2196273804,49221,49231,10
13.0021696091,80.2191696167,49231,49241,10
13.0017595291,80.2187423706,49241,49251,10
13.0011997223,80.2183227539,49251,49261,10
13.0006504059,80.2179718018,49261,49271,10
13.0002202988,80.2176895142,49271,49281,10
12.9996900558,80.217376709,49281,49291,10
12.9989299774,80.2169799805,49291,49301,10
12.9980802536,80.2166290283,49301,49312,11
12.9974899292,80.2165374756,49312,49322,10
12.9974803925,80.2165374756,49322,49332,10
12.9972801208,80.2165374756,49332,49342,10
12.9967603683,80.2165603638,49342,49352,10
12.9962997437,80.2165908813,49352,49362,10
12.9956302643,80.216758728,49362,49372,10
12.995010376,80.217086792,49372,49382,10
12.9944601059,80.2174835205,49382,49392,10
12.9938697815,80.2179412842,49392,49402,10
12.9931497574,80.218421936,49402,49412,10
12.9925403595,80.2189178467,49412,49423,11
12.9917402267,80.2195205688,49423,49433,10
12.9913597107,80.219619751,49433,49443,10
12.9911003113,80.2194976807,49443,49453,10
12.9910202026,80.2194519043,49453,49463,10
12.9906101227,80.2192687988,49463,49473,10
12.9899301529,80.2190322876,49473,49483,10
12.9891901016,80.2187728882,49483,49493,10
12.9883899689,80.21849823,49493,49503,10
12.9876403809,80.2183609009,49503,49513,10
12.9870996475,80.2182769775,49513,49524,11
12.9870195389,80.2182617188,49524,49534,10
12.9868803024,80.2182235718,49534,49544,10
12.986410141,80.2180862427,49544,49554,10
12.985619545,80.2179107666,49554,49564,10
12.9847202301,80.217918396,49564,49574,10
12.9841499329,80.217956543,49574,49584,10
12.9840202332,80.2179718018,49584,49594,10
12.9838199615,80.2179870605,49594,49604,10
12.9832696915,80.2179870605,49604,49614,10
12.9825601578,80.2179794312,49614,49624,10
12.9819602966,80.217956543,49624,49635,11
12.9811897278,80.2181396484,49635,49645,10
12.9804496765,80.2183609009,49645,49655,10
12.9797897339,80.2186508179,49655,49665,10
12.9792203903,80.2189025879,49665,49675,10
12.9787797928,80.2190933228,49675,49685,10
12.9783496857,80.219291687,49685,49695,10
12.9776802063,80.2195510864,49695,49705,10
12.9768800735,80.2198562622,49705,49715,10
12.976269722,80.220161438,49715,49725,10
12.9757099152,80.220413208,49725,49734,9
12.9756402969,80.2208480835,49734,49756,22
12.9756402969,80.2208480835,49756,49766,10
12.9757204056,80.2209777832,49766,49776,10
12.9761104584,80.2211990356,49776,49887,111
12.9761104584,80.2211990356,49887,49897,10
12.9764604568,80.2212600708,49897,49907,10
12.9768295288,80.2212905884,49907,49917,10
12.9775695801,80.221206665,49917,49927,10
12.978219986,80.2211685181,49927,49937,10
12.9790201187,80.2211074829,49937,49947,10
12.9798498154,80.2210464478,49947,49958,11
12.9806604385,80.2210388184,49958,49968,10
12.981470108,80.221282959,49968,49978,10
12.982170105,80.2216491699,49978,49988,10
12.9827699661,80.2218780518,49988,50018,30
12.9827699661,80.2218780518,50018,50028,10
12.9831104279,80.2220687866,50028,50038,10
12.9835300446,80.2223205566,50038,50048,10
12.9840402603,80.2226028442,50048,50058,10
12.9846696854,80.2230072021,50058,50069,11
12.9851903915,80.2232513428,50069,50079,10
12.9855699539,80.2230911255,50079,50089,10
12.9862203598,80.2229766846,50089,50099,10
12.9864902496,80.2229766846,50099,50109,10
12.9867296219,80.2229995728,50109,50119,10
12.9872198105,80.2230911255,50119,50129,10
12.9878396988,80.2229919434,50129,50139,10
12.9884700775,80.2224807739,50139,50149,10
12.9890804291,80.2217788696,50149,50159,10
12.989780426,80.220916748,50159,50169,10
12.9905996323,80.2202529907,50169,50180,11
12.9911203384,80.2198181152,50180,50190,10
12.9913301468,80.2196578979,50190,50200,10
12.991519928,80.2194900513,50200,50210,10
12.9919204712,80.2192687988,50210,50220,10
12.9924602509,80.2188491821,50220,50230,10
12.9931898117,80.2182998657,50230,50240,10
12.9939699173,80.2177429199,50240,50250,10
12.9941101074,80.2176589966,50250,50260,10
12.9942998886,80.2175521851,50260,50270,10
12.9945201874,80.2173995972,50270,50281,11
12.9948196411,80.2171630859,50281,50291,10
12.9952297211,80.2168807983,50291,50301,10
12.9958400726,80.2166824341,50301,50311,10
12.9966001511,80.2165298462,50311,50321,10
12.9969100952,80.2164764404,50321,50331,10
12.9971504211,80.2164306641,50331,50341,10
12.997420311,80.2162017822,50341,50351,10
12.9974403381,80.216178894,50351,50361,10
12.9975700378,80.2161026001,50361,50371,10
12.9979801178,80.2157516479,50371,50381,10
12.9984798431,80.2152404785,50381,50392,11
12.9991397858,80.2147369385,50392,50402,10
12.9994602203,80.2144317627,50402,50412,10
12.9999198914,80.2140426636,50412,50422,10
13.00041008,80.2136001587,50422,50432,10
13.0009803772,80.2130813599,50432,50442,10
13.0016298294,80.2125701904,50442,50452,10
13.0024499893,80.2121276855,50452,50462,10
13.0030298233,80.2120666504,50462,50472,10
13.0035495758,80.2119827271,50472,50482,10
13.0035896301,80.2119674683,50482,50492,10
13.0036802292,80.2116775513,50492,50503,11
13.0036697388,80.2110977173,50503,50513,10
13.0036096573,80.2105178833,50513,50523,10
13.0035295486,80.2098999023,50523,50533,10
13.003569603,80.2092666626,50533,50543,10
13.0037603378,80.2086791992,50543,50553,10
13.0044202805,80.2088012695,50553,50563,10
13.0052099228,80.2091522217,50563,50573,10
13.0059404373,80.2094192505,50573,50583,10
13.0065498352,80.2096176147,50583,50593,10
13.0071001053,80.209777832,50593,50614,21
13.0071001053,80.209777832,50614,50624,10
13.0074501038,80.2098388672,50624,50634,10
13.0079803467,80.2099380493,50634,50644,10
13.0080795288,80.2095718384,50644,50654,10
13.0079603195,80.2088088989,50654,50664,10
13.0078201294,80.2078170776,50664,50674,10
13.0076303482,80.2066879272,50674,50684,10
13.0075302124,80.2055587769,50684,50694,10
13.007519722,80.2045974731,50694,50704,10
13.0074596405,80.2037734985,50704,50715,11
13.0072803497,80.202796936,50715,50725,10
13.0066699982,80.2026062012,50725,50735,10
13.0066204071,80.2032012939,50735,50745,10
13.0070896149,80.2034988403,50745,50755,10
13.0077800751,80.2036895752,50755,50765,10
13.0087003708,80.203666687,50765,50775,10
13.009929657,80.2035980225,50775,50785,10
13.0112400055,80.2036590576,50785,50795,10
13.0125799179,80.2038726807,50795,50805,10
13.0135498047,80.2041015625,50805,50815,10
13.0143899918,80.2043991089,50815,50826,11
13.014960289,80.2045898438,50826,50836,10
13.014960289,80.2045974731,50836,50846,10
13.0151395798,80.2047195435,50846,50856,10
13.0157203674,80.2049026489,50856,50866,10
13.0164699554,80.2051773071,50866,50876,10
13.0174102783,80.2054901123,50876,50886,10
13.0182104111,80.2057723999,50886,50896,10
13.0187397003,80.205947876,50896,50906,10
13.0187997818,80.2060012817,50906,50916,10
13.0189800262,80.2060699463,50916,50927,11
13.0195798874,80.2062530518,50927,50937,10
13.0203399658,80.2062911987,50937,50947,10
13.021229744,80.2062988281,50947,50957,10
13.0220603943,80.2063522339,50957,50967,10
13.0227603912,80.206489563,50967,50977,10
13.0233097076,80.20652771,50977,50987,10
13.0239295959,80.2066116333,50987,50997,10
13.0243797302,80.2066879272,50997,51007,10
13.0245199203,80.2067184448,51007,51017,10
13.0250396729,80.2068634033,51017,51027,10
13.025850296,80.2071075439,51027,51038,11
13.0267400742,80.2076721191,51038,51048,10
13.0276203156,80.2082138062,51048,51058,10
13.0286798477,80.2086105347,51058,51068,10
13.029419899,80.2087783813,51068,51078,10
13.0297298431,80.2088317871,51078,51108,30
13.0297298431,80.2088317871,51108,51118,10
13.0302495956,80.2089233398,51118,51128,10
13.0309295654,80.2091369629,51128,51138,10
13.03166008,80.2093429565,51138,51149,11
13.0317802429,80.2094497681,51149,51159,10
13.0321798325,80.2095794678,51159,51169,10
13.0328397751,80.2096786499,51169,51179,10
13.0336503983,80.2098617554,51179,51189,10
13.0346002579,80.2100296021,51189,51199,10
13.0350904465,80.2103805542,51199,51209,10
13.035030365,80.2109603882,51209,51219,10
13.035030365,80.2113113403,51219,51229,10
13.035030365,80.2113189697,51229,51239,10
13.035030365,80.2114181519,51239,51250,11
13.0349597931,80.2118225098,51250,51260,10
13.0349302292,80.2121200562,51260,51270,10
13.0353298187,80.2122421265,51270,51280,10
13.0359897614,80.2122497559,51280,51290,10
13.0366401672,80.2122879028,51290,51300,10
13.0370798111,80.212272644,51300,51310,10
13.0373802185,80.2123031616,51310,51320,10
13.0378904343,80.2122879028,51320,51330,10
13.0386800766,80.2122802734,51330,51339,9
13.0394601822,80.212272644,51339,51350,11
13.040599823,80.2122879028,51350,51361,11
13.0419197083,80.212272644,51361,51371,10
13.0430698395,80.212310791,51371,51381,10
13.0438804626,80.212272644,51381,51411,30
13.0438804626,80.212272644,51411,51421,10
13.0440998077,80.2122421265,51421,51431,10
13.0444898605,80.2122268677,51431,51441,10
13.0451002121,80.2122192383,51441,51451,10
13.0459098816,80.2121963501,51451,51461,10
13.0468797684,80.2121810913,51461,51472,11
13.0484800339,80.212020874,51472,51522,50
13.0484800339,80.212020874,51522,51532,10
13.0487804413,80.2119674683,51532,51542,10
13.0491399765,80.2119598389,51542,51552,10
13.049659729,80.2119598389,51552,51613,61
13.049659729,80.2119598389,51613,51623,10
13.049949646,80.2119216919,51623,51633,10
13.0502595901,80.2119293213,51633,51643,10
13.0507001877,80.212059021,51643,51653,10
13.051320076,80.2119903564,51653,51663,10
13.0522699356,80.2119064331,51663,51673,10
13.0532598495,80.2117233276,51673,51684,11
13.0544204712,80.2114334106,51684,51714,30
13.0544204712,80.2114334106,51714,51724,10
13.0545797348,80.2114181519,51724,51734,10
13.0550298691,80.2114181519,51734,51744,10
13.0557403564,80.2114181519,51744,51754,10
13.0566797256,80.2114715576,51754,51764,10
13.0575304031,80.2114334106,51764,51774,10
13.0576896667,80.2114334106,51774,51784,10
13.0579795837,80.2114334106,51784,51795,11
13.0586795807,80.2114181519,51795,51805,10
13.0594596863,80.2115020752,51805,51815,10
13.0602903366,80.2115402222,51815,51825,10
13.06112957,80.2115402222,51825,51835,10
13.0617198944,80.2115631104,51835,51845,10
13.0624799728,80.2115402222,51845,51855,10
13.0631198883,80.2115097046,51855,51865,10
13.0631303787,80.2115097046,51865,51875,10
13.0632696152,80.2115402222,51875,51885,10
13.0636301041,80.2115097046,51885,51895,10
13.0642499924,80.2114715576,51895,51906,11
13.0650396347,80.2111206055,51906,51916,10
13.0657997131,80.2105484009,51916,51926,10
13.0666103363,80.2098388672,51926,51936,10
13.0672101974,80.2090301514,51936,51946,10
13.0673398972,80.2087402344,51946,51956,10
13.0673704147,80.208656311,51956,51966,10
13.067489624,80.2085113525,51966,51976,10
13.0676898956,80.2082138062,51976,51986,10
13.0680398941,80.2076797485,51986,51996,10
13.0684900284,80.2070083618,51996,52007,11
13.0690402985,80.2061309814,52007,52017,10
13.0693998337,80.2055435181,52017,52027,10
13.0695104599,80.2053222656,52027,52037,10
13.0695695877,80.2052307129,52037,52047,10
13.0696897507,80.2049484253,52047,52057,10
13.0693597794,80.2048492432,52057,52067,10
13.0690698624,80.2052078247,52067,52077,10
13.068810463,80.205291748,52077,52087,10
13.0687303543,80.2049789429,52087,52138,51
13.0687303543,80.2049789429,52138,52148,10
13.0688495636,80.2047271729,52148,52158,10
13.0693302155,80.2047271729,52158,52168,10
13.0715398788,80.2027893066,52168,52208,40
13.0715398788,80.2027893066,52208,52229,21
13.0721197128,80.2021789551,52229,52240,11
13.072259903,80.2020187378,52240,52250,10
13.072520256,80.2017211914,52250,52260,10
13.0729398727,80.2012481689,52260,52270,10
13.0732698441,80.2008514404,52270,52280,10
13.0735998154,80.2004928589,52280,52290,10
13.0739603043,80.2000274658,52290,52300,10
13.0740804672,80.1998596191,52300,52310,10
13.0741596222,80.1997909546,52310,52320,10
13.0742902756,80.1996688843,52320,52331,11
13.0743598938,80.1995773315,52331,52341,10
13.0744400024,80.1995315552,52341,52351,10
13.0747003555,80.1993103027,52351,52361,10
13.0752696991,80.1990890503,52361,52371,10
13.0760297775,80.1990509033,52371,52381,10
13.0769100189,80.1990127563,52381,52391,10
13.0778598785,80.1988983154,52391,52401,10
13.0787496567,80.1987762451,52401,52411,10
13.0795602798,80.1986923218,52411,52421,10
13.0803804398,80.1986083984,52421,52431,10
13.0811796188,80.1985626221,52431,52442,11
13.0819196701,80.1985092163,52442,52452,10
13.0824203491,80.1984405518,52452,52462,10
13.0825796127,80.1984405518,52462,52472,10
13.0828504562,80.1984634399,52472,52482,10
13.0832195282,80.1984481812,52482,52492,10
13.0836000443,80.1984481812,52492,52502,10
13.0840196609,80.1984634399,52502,52512,10
13.0843601227,80.1984863281,52512,52522,10
13.0849399567,80.1984786987,52522,52542,20
13.0849399567,80.1984786987,52542,52553,11
13.0852499008,80.1984405518,52553,52563,10
13.0856304169,80.1984329224,52563,52573,10
13.0859203339,80.1983795166,52573,52583,10
13.0864095688,80.1984100342,52583,52593,10
13.0868997574,80.1984024048,52593,52603,10
13.0870304108,80.1980361938,52603,52613,10
13.0870599747,80.1979980469,52613,52623,10
13.0871601105,80.1977996826,52623,52633,10
13.0872001648,80.1973266602,52633,52643,10
13.0872297287,80.1966018677,52643,52654,11
13.0872297287,80.1956634521,52654,52664,10
13.0872297287,80.1948394775,52664,52674,10
13.0872602463,80.1940231323,52674,52684,10
13.0872898102,80.1931381226,52684,52694,10
13.0873203278,80.1925582886,52694,52704,10
13.0874004364,80.1920471191,52704,52714,10
13.0874996185,80.1913070679,52714,52724,10
13.0876102448,80.1903991699,52724,52734,10
13.0876998901,80.1894226074,52734,52744,10
13.0877199173,80.1888885498,52744,52754,10
13.0877304077,80.1888198853,52754,52765,11
13.0877399445,80.1885223389,52765,52775,10
13.0877399445,80.1884994507,52775,52785,10
13.0877399445,80.1882476807,52785,52795,10
13.0877799988,80.1878128052,52795,52805,10
13.0878200531,80.1871490479,52805,52814,9
13.0878601074,80.1864700317,52814,52825,11
13.0879201889,80.1856918335,52825,52835,10
13.0879497528,80.1849365234,52835,52845,10
13.0879802704,80.1842575073,52845,52855,10
13.0879898071,80.18359375,52855,52865,10
13.0880002975,80.1827163696,52865,52876,11
13.0880403519,80.1820907593,52876,52886,10
13.0880699158,80.1814804077,52886,52896,10
13.0880899429,80.1807098389,52896,52906,10
13.0880804062,80.1797866821,52906,52926,20
13.0880804062,80.1797866821,52926,52936,10
13.0881004333,80.1795196533,52936,52946,10
13.0881099701,80.1790771484,52946,52956,10
13.0881099701,80.1788330078,52956,52966,10
13.088139534,80.1787109375,52966,52977,11
13.0881595612,80.1782531738,52977,52987,10
13.088139534,80.1774902344,52987,52997,10
13.088139534,80.1770706177,52997,53007,10
13.0881595612,80.1767272949,53007,53017,10
13.0882101059,80.1760482788,53017,53027,10
13.0882797241,80.1751785278,53027,53037,10
13.088350296,80.1744384766,53037,53047,10
13.0883998871,80.1737518311,53047,53057,10
13.088470459,80.1729202271,53057,53067,10
13.0884895325,80.17212677,53067,53077,10
13.0884895325,80.1717987061,53077,53088,11
13.0885095596,80.1716537476,53088,53098,10
13.0885601044,80.1711502075,53098,53108,10
13.0886001587,80.1703491211,53108,53118,10
13.0886201859,80.1697769165,53118,53148,30
13.0886201859,80.1697769165,53148,53158,10
13.0886297226,80.1696090698,53158,53168,10
13.0889997482,80.1694412231,53168,53178,10
13.0897397995,80.1695404053,53178,53188,10
13.0905895233,80.1695709229,53188,53199,11
13.0915203094,80.1696472168,53199,53209,10
13.092499733,80.169708252,53209,53219,10
13.0935201645,80.1697692871,53219,53229,10
13.094499588,80.1698226929,53229,53239,10
13.0946798325,80.1698226929,53239,53249,10
13.0947904587,80.1698608398,53249,53259,10
13.0950202942,80.1698913574,53259,53269,10
13.0953903198,80.1698989868,53269,53279,10
13.0961103439,80.1699371338,53279,53288,9
13.0969295502,80.1699829102,53288,53300,12
13.0978298187,80.1700210571,53300,53310,10
13.0982303619,80.1700515747,53310,53320,10
13.0989198685,80.1700820923,53320,53330,10
13.099650383,80.1699676514,53330,53461,131
13.099650383,80.1699676514,53461,53471,10
13.0993795395,80.1697235107,53471,53834,363
13.0993700027,80.1700820923,53834,54591,757
13.0993700027,80.1700820923,54591,54600,9
13.099149704,80.1702804565,54600,54612,12
13.0986499786,80.170211792,54612,54622,10
13.0979099274,80.1701507568,54622,54632,10
13.0970697403,80.1700897217,54632,54642,10
13.0960302353,80.1700210571,54642,54652,10
13.0950803757,80.1699523926,54652,54662,10
13.0947999954,80.169921875,54662,54672,10
13.0946502686,80.169883728,54672,54682,10
13.0943899155,80.1698608398,54682,54692,10
13.0938997269,80.1698303223,54692,54702,10
13.093170166,80.1697998047,54702,54713,11
13.0923595428,80.1697692871,54713,54723,10
13.0914497375,80.1697235107,54723,54733,10
13.090470314,80.1696472168,54733,54743,10
13.0896596909,80.1696014404,54743,54753,10
13.0889196396,80.1695632935,54753,54803,50
13.0889196396,80.1695632935,54803,54812,9
13.0889101028,80.1695404053,54812,54824,12
13.0886898041,80.1699371338,54824,54834,10
13.0886201859,80.1706771851,54834,54844,10
13.0885801315,80.1714096069,54844,54854,10
13.088549614,80.1719970703,54854,54864,10
13.08852005,80.17237854,54864,54874,10
13.0884895325,80.1730499268,54874,54884,10
13.0884504318,80.1738510132,54884,54894,10
13.0884103775,80.174659729,54894,54904,10
13.0883398056,80.1755371094,54904,54914,10
13.0882701874,80.1765289307,54914,54924,10
13.0882196426,80.1773376465,54924,54935,11
13.0882301331,80.1785888672,54935,54955,20
13.0882301331,80.1785888672,54955,54965,10
13.0882301331,80.1789627075,54965,54975,10
13.0882301331,80.1793136597,54975,54985,10
13.0882301331,80.1793212891,54985,54995,10
13.088259697,80.1794433594,54995,55005,10
13.0882301331,80.1798934937,55005,55014,9
13.0881900787,80.1805267334,55014,55025,11
13.0881299973,80.1815414429,55025,55036,11
13.0880899429,80.1825866699,55036,55046,10
13.0880298615,80.1836624146,55046,55056,10
13.08796978,80.1847991943,55056,55066,10
13.0879402161,80.1858825684,55066,55076,10
13.0878896713,80.1868972778,55076,55086,10
13.0878801346,80.1876525879,55086,55096,10
13.0879001617,80.1880569458,55096,55105,9
13.0878601074,80.1886825562,55105,55116,11
13.0878295898,80.1895599365,55116,55126,10
13.0878095627,80.1896972656,55126,55136,10
13.0878000259,80.1897964478,55136,55147,11
13.0877199173,80.1902999878,55147,55157,10
13.0876102448,80.1910629272,55157,55167,10
13.0874996185,80.191947937,55167,55177,10
13.0874500275,80.1925964355,55177,55207,30
13.0874500275,80.1925964355,55207,55217,10
13.0874500275,80.1928329468,55217,55227,10
13.0874004364,80.1932373047,55227,55237,10
13.0873603821,80.1938705444,55237,55246,9
13.0873298645,80.1945877075,55246,55258,12
13.0873003006,80.1955413818,55258,55268,10
13.087269783,80.1964111328,55268,55278,10
13.0872402191,80.1973724365,55278,55288,10
13.0872001648,80.1977615356,55288,55298,10
13.0872001648,80.1981887817,55298,55308,10
13.0873603821,80.1984100342,55308,55318,10
13.087679863,80.1984176636,55318,55328,10
13.0882196426,80.198387146,55328,55338,10
13.0889501572,80.198387146,55338,55348,10
13.0897197723,80.1984176636,55348,55359,11
13.0905895233,80.1984863281,55359,55369,10
13.0913600922,80.1985702515,55369,55379,10
13.0920801163,80.1986312866,55379,55389,10
13.09278965,80.1986236572,55389,55399,10
13.0929603577,80.198928833,55399,55409,10
13.0929098129,80.1995315552,55409,55419,10
13.092880249,80.2002410889,55419,55458,39
13.092880249,80.2002410889,55458,55470,12
13.0924797058,80.2005996704,55470,55480,10
13.0917901993,80.2005615234,55480,55490,10
13.0910196304,80.2005386353,55490,55500,10
13.0901699066,80.2005081177,55500,55510,10
13.0892095566,80.2004699707,55510,55520,10
13.0882701874,80.2004623413,55520,55530,10
13.087269783,80.2004165649,55530,55540,10
13.0864400864,80.2003707886,55540,55550,10
13.085729599,80.2003479004,55550,55560,10
13.0854997635,80.2003326416,55560,55570,10
13.0853300095,80.2001113892,55570,55581,11
13.0853500366,80.19947052,55581,55591,10
13.0852804184,80.1987686157,55591,55601,10
13.0849895477,80.1987304688,55601,55611,10
13.0843601227,80.1987075806,55611,55621,10
13.0839004517,80.1986923218,55621,55631,10
13.0830698013,80.1986236572,55631,55681,50
13.0830698013,80.1986236572,55681,55692,11
13.0828504562,80.198600769,55692,55702,10
13.0825500488,80.1986083984,55702,55712,10
13.0820198059,80.198638916,55712,55722,10
13.0812997818,80.198638916,55722,55732,10
13.0804395676,80.1986923218,55732,55742,10
13.0794200897,80.1987380981,55742,55752,10
13.0784196854,80.1988525391,55752,55762,10
13.0774402618,80.1989822388,55762,55772,10
13.0763902664,80.1990966797,55772,55782,10
13.075460434,80.1992263794,55782,55793,11
13.0744104385,80.1996917725,55793,55803,10
13.0737304688,80.200340271,55803,55813,10
13.0734300613,80.2008132935,55813,55823,10
13.073390007,80.200881958,55823,55833,10
13.0730495453,80.2012786865,55833,55843,10
13.0725898743,80.2017974854,55843,55853,10
13.0723104477,80.2021179199,55853,55862,9
13.0719804764,80.2024612427,55862,55873,11
13.0714101791,80.2031402588,55873,55883,10
13.0707702637,80.2038574219,55883,55893,10
13.0701198578,80.2046813965,55893,55904,11
13.0698795319,80.2050704956,55904,55914,10
13.0696401596,80.2049713135,55914,55924,10
13.0692596436,80.2049179077,55924,55934,10
13.0690002441,80.2052764893,55934,55944,10
13.0686101913,80.2054367065,55944,55954,10
13.0679998398,80.2053833008,55954,56005,51
13.0679998398,80.2053833008,56005,56015,10
13.0679397583,80.2051086426,56015,56105,90
13.0679397583,80.2051086426,56105,56116,11
13.0682201385,80.2050170898,56116,56126,10
13.0684299469,80.2049789429,56126,56136,10
13.0687398911,80.204826355,56136,56146,10
13.0690698624,80.2047424316,56146,56156,10
13.0695495605,80.2048034668,56156,56186,30
13.0695495605,80.2048034668,56186,56196,10
13.0697097778,80.2047805786,56196,56206,10
13.0698900223,80.2050170898,56206,56215,9
13.0696802139,80.2054672241,56215,56227,12
13.069149971,80.2063217163,56227,56237,10
13.0685796738,80.2071990967,56237,56247,10
13.0679702759,80.2081375122,56247,56257,10
13.0673704147,80.2090530396,56257,56267,10
13.0666999817,80.2099380493,56267,56277,10
13.0658197403,80.2107315063,56277,56287,10
13.0652103424,80.2112503052,56287,56297,10
13.0651502609,80.2113189697,56297,56307,10
13.0650501251,80.2113876343,56307,56317,10
13.0647802353,80.211479187,56317,56327,10
13.0639896393,80.2117385864,56327,56368,41
13.0639896393,80.2117385864,56368,56378,10
13.0638999939,80.2116699219,56378,56388,10
13.0635299683,80.211730957,56388,56398,10
13.06291008,80.2117996216,56398,56408,10
13.0622701645,80.2118530273,56408,56418,10
13.0617399216,80.2117233276,56418,56428,10
13.0607004166,80.2117919922,56428,56439,11
13.0595397949,80.2117385864,56439,56449,10
13.0585298538,80.2117004395,56449,56459,10
13.0578203201,80.2116775513,56459,56469,10
13.0577201843,80.2116699219,56469,56479,10
13.0575304031,80.2116775513,56479,56489,10
13.0569801331,80.2116622925,56489,56499,10
13.0562095642,80.2116622925,56499,56509,10
13.0552301407,80.2116012573,56509,56519,10
13.0542297363,80.2116394043,56519,56529,10
13.0534296036,80.2118682861,56529,56539,10
13.0526895523,80.212020874,56539,56550,11
13.0520200729,80.2122192383,56550,56560,10
13.0512800217,80.2122192383,56560,56570,10
13.0507898331,80.2121810913,56570,56580,10
13.0501699448,80.2121810913,56580,56590,10
13.0494804382,80.2122116089,56590,56610,20
13.0494804382,80.2122116089,56610,56620,10
13.0494203568,80.2121582031,56620,56630,10
13.0490598679,80.2121582031,56630,56640,10
13.0484199524,80.2122268677,56640,56650,10
13.0475597382,80.2123413086,56650,56661,11
13.0463600159,80.212387085,56661,56671,10
13.0451803207,80.2124404907,56671,56681,10
13.0441102982,80.2124481201,56681,56691,10
13.0430603027,80.2124404907,56691,56701,10
13.0420999527,80.2124633789,56701,56711,10
13.0410804749,80.2124404907,56711,56721,10
13.0401201248,80.2124176025,56721,56731,10
13.0391798019,80.2124481201,56731,56741,10
13.0378904343,80.2124481201,56741,56812,71
13.0378904343,80.2124481201,56812,56822,10
13.0376796722,80.2123413086,56822,56832,10
13.0372600555,80.2123184204,56832,56842,10
13.036649704,80.2123031616,56842,56852,10
13.0358200073,80.2123184204,56852,56861,9
13.0350704193,80.2122802734,56861,56873,12
13.0342998505,80.2121582031,56873,56893,20
13.0342998505,80.2121582031,56893,56903,10
13.0341300964,80.2121200562,56903,56913,10
13.0338897705,80.2120819092,56913,56923,10
13.0334997177,80.2119827271,56923,56933,10
13.0327796936,80.2118682861,56933,56943,10
13.0320396423,80.2117233276,56943,56953,10
13.0320396423,80.2109985352,56953,56963,10
13.0321102142,80.2101669312,56963,56973,10
13.0321397781,80.2097702026,56973,56984,11
13.0316200256,80.2095718384,56984,56994,10
13.0309200287,80.2093887329,56994,57004,10
13.0303602219,80.2092437744,57004,57014,10
13.0296897888,80.2090606689,57014,57034,20
13.0296897888,80.2090606689,57034,57044,10
13.0293998718,80.2089385986,57044,57054,10
13.0287799835,80.2088012695,57054,57064,10
13.0279302597,80.2085189819,57064,57074,10
13.0270795822,80.2080307007,57074,57085,11
13.0261898041,80.2074813843,57085,57095,10
13.0251998901,80.2070617676,57095,57105,10
13.024479866,80.2069778442,57105,57115,10
13.0244102478,80.2069702148,57115,57125,10
13.0242395401,80.2069168091,57125,57135,10
13.0237598419,80.2068023682,57135,57145,10
13.0230398178,80.2066116333,57145,57155,10
13.0221395493,80.2064590454,57155,57165,10
13.0212402344,80.2064666748,57165,57175,10
13.02023983,80.2064666748,57175,57185,10
13.0193004608,80.2064208984,57185,57196,11
13.0191202164,80.2063369751,57196,57206,10
13.0187597275,80.2062530518,57206,57216,10
13.0180902481,80.2060623169,57216,57226,10
13.0174303055,80.2058334351,57226,57236,10
13.0168504715,80.2055969238,57236,57246,10
13.0162200928,80.2053375244,57246,57256,10
13.0153598785,80.205039978,57256,57266,10
13.0144195557,80.2047424316,57266,57276,10
13.0141201019,80.2046432495,57276,57286,10
13.0137996674,80.2045135498,57286,57296,10
13.0137195587,80.2044906616,57296,57307,11
13.0135297775,80.2046203613,57307,57317,10
13.013420105,80.205039978,57317,57327,10
13.0132102966,80.2057266235,57327,57337,10
13.0130596161,80.2065429688,57337,57347,10
13.013010025,80.207321167,57347,57357,10
13.0129299164,80.2078170776,57357,57367,10
13.0129098892,80.2081985474,57367,57377,10
13.012840271,80.2084732056,57377,57387,10
13.0127696991,80.2085800171,57387,57397,10
13.012840271,80.2089080811,57397,57408,11
13.0130596161,80.2094421387,57408,57418,10
13.0131702423,80.2098999023,57418,57428,10
13.013130188,80.2104034424,57428,57438,10
13.0129699707,80.2110519409,57438,57448,10
13.0126495361,80.211730957,57448,57458,10
13.0122900009,80.2123031616,57458,57468,10
13.0120201111,80.2126464844,57468,57478,10
13.0118303299,80.2127838135,57478,57488,10
13.0115604401,80.212638855,57488,57498,10
13.010840416,80.212097168,57498,57519,21
13.010840416,80.212097168,57519,57529,10
13.0105600357,80.2118835449,57529,57539,10
13.0101699829,80.2115783691,57539,57549,10
13.0095396042,80.2110900879,57549,57599,50
13.0095396042,80.2110900879,57599,57609,10
13.0091600418,80.2113113403,57609,57620,11
13.0090503693,80.2115402222,57620,57630,10
13.0091695786,80.2120132446,57630,57640,10
13.0093803406,80.2126998901,57640,57650,10
13.00963974,80.2134017944,57650,57660,10
13.009929657,80.2141418457,57660,57670,10
13.0101804733,80.214881897,57670,57680,10
13.0102901459,80.2156829834,57680,57690,10
13.0106201172,80.2164535522,57690,57700,10
13.0110301971,80.2173233032,57700,57710,10
13.0113401413,80.2179870605,57710,57720,10
13.0114603043,80.2182693481,57720,57731,11
13.0117397308,80.2191009521,57731,57740,9
13.0120201111,80.2200088501,57740,57751,11
13.0123195648,80.2209777832,57751,57761,10
13.0123796463,80.2214279175,57761,57771,10
13.0124998093,80.2216567993,57771,57781,10
13.0127897263,80.2220993042,57781,57791,10
13.0131998062,80.2225799561,57791,57801,10
13.0136499405,80.2230987549,57801,57811,10
13.0139904022,80.2234573364,57811,57821,10
13.0141296387,80.2236785889,57821,57831,10
13.0143699646,80.2239303589,57831,57842,11
13.0149002075,80.2245101929,57842,57852,10
13.0152397156,80.224937439,57852,57862,10
13.0154600143,80.2254714966,57862,57872,10
13.0152397156,80.2258682251,57872,57892,20
13.0152397156,80.2258682251,57892,57902,10
13.0150403976,80.2259597778,57902,57912,10
13.0146598816,80.2260971069,57912,57922,10
13.0139904022,80.2263336182,57922,57932,10
13.0133600235,80.2265701294,57932,57942,10
13.0126399994,80.226852417,57942,57953,11
13.0117702484,80.227180481,57953,57963,10
13.0109195709,80.2275085449,57963,57973,10
13.0101099014,80.2278289795,57973,57983,10
13.0095596313,80.2278213501,57983,57993,10
13.0096197128,80.2273406982,57993,58003,10
13.0099000931,80.2267379761,58003,58013,10
13.0102596283,80.2259368896,58013,58023,10
13.0104904175,80.2253417969,58023,58033,10
13.0105600357,80.2251281738,58033,58043,10
13.0106496811,80.2249603271,58043,58054,11
13.0108604431,80.2245101929,58054,58064,10
13.0111398697,80.2238311768,58064,58074,10
13.0112600327,80.2232208252,58074,58084,10
13.0106401443,80.2228927612,58084,58094,10
13.0098600388,80.2224807739,58094,58104,10
13.0089797974,80.2219924927,58104,58114,10
13.0080900192,80.2215118408,58114,58124,10
13.0071897507,80.2210235596,58124,58134,10
13.0063800812,80.2206420898,58134,58144,10
13.0053596497,80.2204208374,58144,58154,10
13.0043697357,80.220199585,58154,58165,11
13.003279686,80.2199478149,58165,58175,10
13.0023498535,80.2194366455,58175,58185,10
13.0016098022,80.2186584473,58185,58195,10
13.0008201599,80.2181015015,58195,58205,10
13.0000801086,80.2176437378,58205,58215,10
12.9992904663,80.2171630859,58215,58225,10
12.9984998703,80.2167663574,58225,58235,10
12.9977302551,80.2165603638,58235,58245,10
12.9974603653,80.2165374756,58245,58255,10
12.9973802567,80.2165222168,58255,58265,10
12.9969997406,80.2165374756,58265,58276,11
12.9962997437,80.2166290283,58276,58286,10
12.9954996109,80.2168197632,58286,58296,10
12.9948396683,80.2172012329,58296,58306,10
12.9942598343,80.217628479,58306,58316,10
12.9936800003,80.2180480957,58316,58326,10
12.9930095673,80.2185287476,58326,58336,10
12.9922800064,80.2190628052,58336,58346,10
12.9916000366,80.2195587158,58346,58356,10
12.9912099838,80.2195587158,58356,58366,10
12.991060257,80.2194976807,58366,58377,11
12.9908504486,80.2194137573,58377,58387,10
12.9902696609,80.2192001343,58387,58397,10
12.9894504547,80.2189025879,58397,58407,10
12.9884300232,80.2185516357,58407,58417,10
12.9874296188,80.2183685303,58417,58427,10
12.9869403839,80.2182769775,58427,58437,10
12.9868402481,80.2182617188,58437,58447,10
12.9864597321,80.2181396484,58447,58457,10
12.9857301712,80.2179718018,58457,58467,10
12.9847698212,80.2179489136,58467,58476,9
12.9841299057,80.2179794312,58476,58488,12
12.9839601517,80.2179794312,58488,58498,10
12.9836101532,80.217956543,58498,58508,10
12.9829301834,80.2179718018,58508,58518,10
12.9820203781,80.217956543,58518,58528,10
12.9809999466,80.2181777954,58528,58538,10
12.9801197052,80.2185134888,58538,58548,10
12.979470253,80.2187728882,58548,58558,10
12.9788703918,80.2190170288,58558,58568,10
12.978509903,80.2191696167,58568,58578,10
12.9778900146,80.2194290161,58578,58589,11
12.976940155,80.219833374,58589,58599,10
12.9761400223,80.2201919556,58599,58609,10
12.9759502411,80.2202835083,58609,58619,10
12.9757699966,80.2203521729,58619,58629,10
12.9756097794,80.2205123901,58629,58639,10
12.9756298065,80.2208099365,58639,58750,111
12.9759502411,80.2209777832,58750,59467,717
12.9760303497,80.221321106,59467,59668,201
12.9761104584,80.2211837769,59668,59719,51
12.9761800766,80.2213287354,59719,59800,81
12.9762001038,80.2213516235,59800,59870,70
12.9762001038,80.2213516235,59870,59880,10
12.9765195847,80.221321106,59880,59891,11
12.9768800735,80.2212905884,59891,59901,10
12.9774198532,80.2212295532,59901,59911,10
12.9779195786,80.2212371826,59911,59921,10
12.9783802032,80.221206665,59921,59931,10
12.9788999557,80.2211914063,59931,59941,10
12.9795703888,80.2211532593,59941,59951,10
12.9803304672,80.2210922241,59951,59961,10
12.9810800552,80.2211303711,59961,59971,10
12.9817199707,80.2214813232,59971,59981,10
12.9822797775,80.2217712402,59981,59991,10
12.9827299118,80.2219085693,59991,60002,11
12.9827699661,80.2219161987,60002,60012,10
12.9829397202,80.2220230103,60012,60022,10
12.9830999374,80.2220916748,60022,60032,10
12.9834098816,80.2222671509,60032,60042,10
12.9839200974,80.2226028442,60042,60052,10
12.9845695496,80.2230072021,60052,60062,10
12.9852304459,80.2232971191,60062,60072,10
12.9855804443,80.2231826782,60072,60082,10
12.9860496521,80.2229995728,60082,60092,10
12.9864196777,80.2229690552,60092,60103,11
12.9865598679,80.2229919434,60103,60113,10
12.9869403839,80.2230834961,60113,60123,10
12.9874296188,80.2231216431,60123,60133,10
12.9879198074,80.2229537964,60133,60143,10
12.9885501862,80.2224731445,60143,60153,10
12.9890203476,80.2219161987,60153,60163,10
12.9895296097,80.2212600708,60163,60173,10
12.9903001785,80.2204971313,60173,60193,20
12.9903001785,80.2204971313,60193,60202,9
12.9905595779,80.2202529907,60202,60214,12
12.9910001755,80.2199020386,60214,60224,10
12.9913396835,80.2196426392,60224,60234,10
12.991519928,80.2194900513,60234,60244,10
12.9919500351,80.2192230225,60244,60254,10
12.9925003052,80.2188186646,60254,60264,10
12.9931297302,80.2183609009,60264,60274,10
12.993519783,80.2180786133,60274,60284,10
12.9937400818,80.2179412842,60284,60294,10
12.9939403534,80.2178268433,60294,60304,10
12.9942598343,80.217590332,60304,60314,10
12.9947595596,80.2172088623,60314,60325,11
12.9952898026,80.2168579102,60325,60335,10
12.9958400726,80.2166595459,60335,60345,10
12.9964199066,80.216506958,60345,60355,10
12.997130394,80.2164230347,60355,60365,10
12.9975204468,80.2161102295,60365,60375,10
12.9975404739,80.2160873413,60375,60385,10
12.9977703094,80.2158966064,60385,60395,10
12.9981899261,80.2155303955,60395,60405,10
12.9986801147,80.215133667,60405,60414,9
12.9990196228,80.2148132324,60414,60426,12
12.9993495941,80.2145385742,60426,60436,10
12.9997596741,80.2142028809,60436,60446,10
13.0000896454,80.2138595581,60446,60456,10
13.0005702972,80.2134399414,60456,60466,10
13.0011796951,80.2129821777,60466,60476,10
13.0017499924,80.2125473022,60476,60486,10
13.0021600723,80.212348938,60486,60496,10
13.0027103424,80.2121276855,60496,60506,10
13.0031995773,80.2120819092,60506,60516,10
13.0036296844,80.2119674683,60516,60525,9
13.0037002563,80.2114028931,60525,60537,12
13.0036096573,80.2104797363,60537,60547,10
13.0035295486,80.2097625732,60547,60557,10
13.0036401749,80.2089996338,60557,60567,10
13.0040998459,80.2086410522,60567,60577,10
13.0048799515,80.2090072632,60577,60587,10
13.0057601929,80.2093811035,60587,60597,10
13.0062398911,80.2095489502,60597,60607,10
13.0066900253,80.2097091675,60607,60617,10
13.007060051,80.2097625732,60617,60627,10
13.007399559,80.2098388672,60627,60648,21
13.007399559,80.2098388672,60648,60658,10
13.0075502396,80.2098693848,60658,60668,10
13.0079498291,80.2099609375,60668,60678,10
13.0081701279,80.2098693848,60678,60688,10
13.0080404282,80.2093429565,60688,60698,10
13.007900238,80.2086029053,60698,60708,10
13.0077600479,80.2076797485,60708,60718,10
13.0075998306,80.2066497803,60718,60728,10
13.0075101852,80.2056274414,60728,60738,10
13.0074996948,80.2047195435,60738,60749,11
13.0074501038,80.2038269043,60749,60759,10
13.0073299408,80.2029800415,60759,60769,10
13.006770134,80.2025527954,60769,60779,10
13.0065803528,80.2031707764,60779,60789,10
13.0070695877,80.2035293579,60789,60799,10
13.0077695847,80.2037200928,60799,60809,10
13.0086898804,80.2037277222,60809,60819,10
13.0098600388,80.2036590576,60819,60829,10
13.0111198425,80.2036972046,60829,60839,10
13.012430191,80.2039031982,60839,60848,9
13.0134401321,80.2041625977,60848,60860,12
13.0139303207,80.2043228149,60860,60870,10
13.0149497986,80.2046127319,60870,60890,20
13.0149497986,80.2046127319,60890,60900,10
13.0154304504,80.2046737671,60900,60910,10
13.0161104202,80.2050323486,60910,60920,10
13.0165100098,80.2049331665,60920,60930,10
13.0170001984,80.2052078247,60930,60940,10
13.0179901123,80.2056732178,60940,60950,10
13.0186300278,80.2058792114,60950,60961,11
13.0187902451,80.2058868408,60961,60971,10
13.0192298889,80.2060775757,60971,60981,10
13.0198602676,80.2062988281,60981,60991,10
13.0207395554,80.2063522339,60991,61001,10
13.0216302872,80.2063217163,61001,61011,10
13.0221395493,80.2063674927,61011,61021,10
13.023059845,80.2066726685,61021,61031,10
13.0241003036,80.2066879272,61031,61041,10
13.0243501663,80.2067184448,61041,61051,10
13.0246896744,80.2068405151,61051,61061,10
13.0254201889,80.206993103,61061,61072,11
13.0263795853,80.2074813843,61072,61082,10
13.027299881,80.2080383301,61082,61092,10
13.0278396606,80.2083816528,61092,61102,10
13.0282001495,80.2085113525,61102,61112,10
13.0286798477,80.208656311,61112,61122,10
13.0293703079,80.208770752,61122,61161,39
13.0293703079,80.208770752,61161,61172,11
13.0297899246,80.2088928223,61172,61183,11
13.0303697586,80.2090530396,61183,61193,10
13.031129837,80.2092590332,61193,61203,10
13.03166008,80.2093582153,61203,61213,10
13.0318202972,80.2093811035,61213,61223,10
13.0322799683,80.2095336914,61223,61233,10
13.032910347,80.2098236084,61233,61243,10
13.0340003967,80.2099761963,61243,61253,10
13.0348796844,80.2101516724,61253,61263,10
13.035030365,80.2106323242,61263,61273,10
13.035030365,80.2112884521,61273,61294,21
13.035030365,80.2112884521,61294,61304,10
13.0349397659,80.2115325928,61304,61324,20
13.0349397659,80.2115325928,61324,61334,10
13.0348997116,80.2118377686,61334,61344,10
13.0350799561,80.2121963501,61344,61354,10
13.0356702805,80.212272644,61354,61364,10
13.0362701416,80.2123031616,61364,61374,10
13.0366401672,80.2122879028,61374,61384,10
13.0368404388,80.2122879028,61384,61395,11
13.0369997025,80.2123031616,61395,61405,10
13.037320137,80.2123184204,61405,61415,10
13.0378904343,80.2123336792,61415,61425,10
13.0386695862,80.212310791,61425,61435,10
13.039560318,80.2123031616,61435,61445,10
13.0406703949,80.2123184204,61445,61455,10
13.0418395996,80.2123794556,61455,61465,10
13.0429000854,80.2123336792,61465,61475,10
13.0434904099,80.2122116089,61475,61485,10
13.0438995361,80.2122192383,61485,61496,11
13.0442895889,80.2121963501,61496,61506,10
13.044670105,80.2122192383,61506,61516,10
13.0452299118,80.2122421265,61516,61526,10
13.0460596085,80.2122192383,61526,61536,10
13.0469903946,80.2122116089,61536,61546,10
13.0476703644,80.2121124268,61546,61556,10
13.0479698181,80.2120285034,61556,61607,51
13.0479698181,80.2120285034,61607,61617,10
13.0484399796,80.2119979858,61617,61637,20
13.0484399796,80.2119979858,61637,61647,10
13.0486497879,80.2119674683,61647,61657,10
13.0488195419,80.2119598389,61657,61667,10
13.0489702225,80.2119598389,61667,61677,10
13.049249649,80.2119674683,61677,61687,10
13.0493402481,80.2119827271,61687,61697,10
13.0495100021,80.2119522095,61697,61839,142
13.0495100021,80.2119522095,61839,61849,10
13.0499801636,80.2118988037,61849,61859,10
13.050330162,80.2119598389,61859,61869,10
13.0506296158,80.2120285034,61869,61879,10
13.0510501862,80.2120285034,61879,61889,10
13.052069664,80.2120437622,61889,61899,10
13.0528802872,80.2118606567,61899,61909,10
13.053730011,80.2115936279,61909,61919,10
13.0544300079,80.2114486694,61919,61930,11
13.0552396774,80.21144104,61930,61940,10
13.0561304092,80.2114181519,61940,61950,10
13.0571098328,80.2114486694,61950,61960,10
13.0575799942,80.2114105225,61960,61970,10
13.0577802658,80.2114105225,61970,61980,10
13.0583400726,80.2114181519,61980,61990,10
13.0591001511,80.211479187,61990,62000,10
13.0599803925,80.2115020752,62000,62010,10
13.0610103607,80.2115631104,62010,62020,10
13.0615196228,80.211479187,62020,62030,10
13.0623197556,80.2116012573,62030,62041,11
13.0631198883,80.211517334,62041,62050,9
13.0631799698,80.2115020752,62050,62061,11
13.0635795593,80.2114715576,62061,62121,60
13.0635795593,80.2114715576,62121,62131,10
13.0637702942,80.2114105225,62131,62142,11
13.0642595291,80.2113800049,62142,62152,10
13.0649299622,80.2110977173,62152,62162,10
13.0656700134,80.2105636597,62162,62172,10
13.0664396286,80.2099380493,62172,62182,10
13.0671100616,80.2091674805,62182,62192,10
13.0673103333,80.2087402344,62192,62202,10
13.0673103333,80.2087173462,62202,62212,10
13.0673503876,80.2086486816,62212,62222,10
13.0675497055,80.2083511353,62222,62232,10
13.067899704,80.2078094482,62232,62241,9
13.0683097839,80.2071990967,62241,62253,12
13.0690002441,80.206161499,62253,62263,10
13.0696401596,80.205116272,62263,62303,40
13.0696401596,80.205116272,62303,62313,10
13.0696897507,80.2049789429,62313,62323,10
13.0694904327,80.2048034668,62323,62333,10
13.0692100525,80.2049713135,62333,62343,10
13.0689401627,80.2053527832,62343,62353,10
13.0687398911,80.2049636841,62353,62394,41
13.0687398911,80.2049636841,62394,62404,10
13.0688199997,80.2047195435,62404,62414,10
13.0692100525,80.2047195435,62414,62424,10
13.0696201324,80.2048034668,62424,62434,10
13.0698795319,80.2048187256,62434,62444,10
13.0701198578,80.2045593262,62444,62454,10
13.0704803467,80.2041320801,62454,62465,11
13.0710201263,80.2034835815,62465,62475,10
13.0718297958,80.2024383545,62475,62525,50
13.0718297958,80.2024383545,62525,62535,10
13.0720500946,80.2022018433,62535,62545,10
13.072259903,80.202003479,62545,62555,10
13.0725002289,80.201713562,62555,62565,10
13.0726804733,80.2014770508,62565,62576,11
13.0728397369,80.2012863159,62576,62586,10
13.0729999542,80.2011108398,62586,62596,10
13.0731897354,80.2009277344,62596,62606,10
13.0735197067,80.200592041,62606,62616,10
13.0739402771,80.2001190186,62616,62626,10
13.0742902756,80.1996688843,62626,62636,10
13.0745296478,80.19947052,62636,62646,10
13.0746097565,80.1994171143,62646,62656,10
13.0747804642,80.1992874146,62656,62666,10
13.0752296448,80.1991424561,62666,62677,11
13.0759897232,80.1990814209,62677,62687,10
13.0768899918,80.1990432739,62687,62697,10
13.0777902603,80.1989364624,62697,62707,10
13.0786304474,80.1988220215,62707,62717,10
13.0794200897,80.1987380981,62717,62727,10
13.0802497864,80.1986694336,62727,62737,10
13.0810699463,80.1985931396,62737,62747,10
13.081700325,80.1985778809,62747,62757,10
13.0824403763,80.1984863281,62757,62767,10
13.0830802917,80.1984786987,62767,62776,9
13.0834999084,80.1984863281,62776,62788,12
13.0836801529,80.1984863281,62788,62798,10
13.0837697983,80.1985015869,62798,62808,10
13.0839300156,80.1985015869,62808,62818,10
13.0841903687,80.1985092163,62818,62828,10
13.0844297409,80.1985015869,62828,62838,10
13.0846595764,80.1985015869,62838,62848,10
13.0848903656,80.1984786987,62848,62858,10
13.0850801468,80.1984481812,62858,62868,10
13.0853395462,80.1984634399,62868,62878,10
13.0856800079,80.1984329224,62878,62889,11
13.085729599,80.1984176636,62889,62899,10
13.0861101151,80.1984100342,62899,62909,10
13.0866003036,80.1984176636,62909,62919,10
13.0869503021,80.1984100342,62919,62929,10
13.0870704651,80.1981201172,62929,62939,10
13.0870895386,80.198059082,62939,62949,10
13.0871200562,80.1979522705,62949,62959,10
13.0871496201,80.1975708008,62959,62969,10
13.0872402191,80.1935195923,62969,63010,41
13.0872402191,80.1935195923,63010,63031,21
13.0872097015,80.1929702759,63031,63041,10
13.0872097015,80.192741394,63041,63051,10
13.0872802734,80.1923828125,63051,63061,10
13.0873804092,80.1917266846,63061,63071,10
13.0874996185,80.19090271,63071,63081,10
13.0876197815,80.1900634766,63081,63091,10
13.0876903534,80.1893005371,63091,63101,10
13.0876903534,80.1889572144,63101,63112,11
13.0876903534,80.1888427734,63112,63122,10
13.0877304077,80.1883163452,63122,63172,50
13.0877304077,80.1883163452,63172,63182,10
13.087770462,80.1880569458,63182,63192,10
13.0878000259,80.1875228882,63192,63201,9
13.0878200531,80.1868515015,63201,63213,12
13.0878601074,80.1859207153,63213,63223,10
13.0879001617,80.1855621338,63223,63233,10
13.0879402161,80.1852035522,63233,63243,10
13.08796978,80.1845397949,63243,63253,10
13.0880098343,80.1833267212,63253,63313,60
13.0880098343,80.1833267212,63313,63324,11
13.0880403519,80.1828231812,63324,63364,40
13.0880403519,80.1828231812,63364,63374,10
13.0880403519,80.1825866699,63374,63384,10
13.0880498886,80.1823425293,63384,63394,10
13.088060379,80.1823120117,63394,63404,10
13.0880804062,80.181892395,63404,63414,10
13.0880899429,80.1812515259,63414,63425,11
13.0881099701,80.1803436279,63425,63435,10
13.0881204605,80.1796875,63435,63444,9
13.088139534,80.1793289185,63444,63455,11
13.088139534,80.1789703369,63455,63465,10
13.088139534,80.1789627075,63465,63475,10
13.088139534,80.1788024902,63475,63485,10
13.0881795883,80.1783599854,63485,63495,10
13.0881700516,80.1775970459,63495,63505,10
13.0881900787,80.1768188477,63505,63515,10
13.088259697,80.1759490967,63515,63524,9
13.0883197784,80.1750335693,63524,63536,12
13.0884199142,80.1739883423,63536,63546,10
13.088470459,80.1730728149,63546,63556,10
13.0885000229,80.1722793579,63556,63566,10
13.0885095596,80.1720428467,63566,63576,10
13.0885095596,80.1718978882,63576,63586,10
13.0885896683,80.171043396,63586,63667,81
13.0885896683,80.171043396,63667,63677,10
13.0885696411,80.1708602905,63677,63687,10
13.0886001587,80.1704330444,63687,63697,10
13.0886201859,80.1698074341,63697,63707,10
13.089050293,80.1695404053,63707,63717,10
13.0897703171,80.1696166992,63717,63727,10
13.0905504227,80.1696624756,63727,63737,10
13.0912904739,80.169708252,63737,63747,10
13.0914001465,80.169708252,63747,63758,11
13.0918598175,80.1697311401,63758,63768,10
13.0925397873,80.1697769165,63768,63778,10
13.09333992,80.1698379517,63778,63788,10
13.0942401886,80.1698989868,63788,63798,10
13.0946998596,80.169921875,63798,63808,10
13.09471035,80.169921875,63808,63818,10
13.0949001312,80.1699523926,63818,63828,10
13.0951700211,80.1699981689,63828,63838,10
13.0957698822,80.1700210571,63838,63848,10
13.096619606,80.1700592041,63848,63859,11
13.0976495743,80.1701126099,63859,63869,10
13.0984802246,80.1701507568,63869,63878,9
13.0991897583,80.1701889038,63878,63889,11
13.0996303558,80.1700820923,63889,63929,40
13.0996303558,80.1700820923,63929,63939,10
13.0996103287,80.1697006226,63939,64030,91
13.0996103287,80.1697006226,64030,64040,10
13.0991897583,80.1696929932,64040,64050,10
13.0989904404,80.169708252,64050,64060,10
13.0987997055,80.1696014404,64060,64070,10
13.098859787,80.169380188,64070,64081,11
13.0991096497,80.1695022583,64081,64484,403
13.0991096497,80.1695022583,64484,64494,10
13.0991697311,80.1696777344,64494,64505,11
13.0993499756,80.169708252,64505,64515,10
13.0993700027,80.1698532104,64515,64747,232
13.0993700027,80.1698532104,64747,64757,10
13.0993204117,80.1702270508,64757,64767,10
13.0990896225,80.170249939,64767,64777,10
13.0986204147,80.1701965332,64777,64787,10
13.0979604721,80.1701507568,64787,64797,10
13.097240448,80.1700973511,64797,64807,10
13.0963697433,80.1700515747,64807,64817,10
13.0954198837,80.1699981689,64817,64828,11
13.0947999954,80.1699905396,64828,64838,10
13.0945301056,80.1699371338,64838,64848,10
13.0941400528,80.1699066162,64848,64858,10
13.0934696198,80.1698684692,64858,64868,10
13.0926399231,80.1698226929,64868,64878,10
13.0917396545,80.1697769165,64878,64888,10
13.090880394,80.1697235107,64888,64898,10
13.0899896622,80.169670105,64898,64908,10
13.089050293,80.1696166992,64908,65050,142
13.089050293,80.1696166992,65050,65060,10
13.0888395309,80.169593811,65060,65070,10
13.0886697769,80.1700134277,65070,65080,10
13.0886602402,80.1703720093,65080,65090,10
13.0886497498,80.1705932617,65090,65100,10
13.0886297226,80.1709136963,65100,65110,10
13.0886201859,80.171333313,65110,65120,10
13.0885896683,80.1719589233,65120,65140,20
13.0885896683,80.1719589233,65140,65151,11
13.0885400772,80.1722869873,65151,65161,10
13.08852005,80.1728210449,65161,65171,10
13.0884799957,80.1735076904,65171,65181,10
13.0884399414,80.1741867065,65181,65191,10
13.0884199142,80.1747970581,65191,65201,10
13.0883703232,80.1753921509,65201,65211,10
13.0883102417,80.1761779785,65211,65221,10
13.0882701874,80.1769714355,65221,65231,10
13.0882501602,80.1775817871,65231,65241,10
13.0882396698,80.1786193848,65241,65262,21
13.0882396698,80.1786193848,65262,65272,10
13.0882396698,80.1789932251,65272,65282,10
13.0882396698,80.1793670654,65282,65292,10
13.0882396698,80.1796035767,65292,65302,10
13.0882196426,80.1801605225,65302,65312,10
13.0881900787,80.1808624268,65312,65322,10
13.0881595612,80.181678772,65322,65332,10
13.088139534,80.1823577881,65332,65342,10
13.0880804062,80.1830062866,65342,65352,10
13.0880298615,80.1837997437,65352,65363,11
13.08796978,80.1848068237,65363,65373,10
13.0879602432,80.1853866577,65373,65383,10
13.0879497528,80.1858520508,65383,65393,10
13.0879297256,80.1864929199,65393,65403,10
13.0879096985,80.1873016357,65403,65413,10
13.0879096985,80.1879425049,65413,65423,10
13.0878601074,80.1886367798,65423,65433,10
13.0878200531,80.1894378662,65433,65443,10
13.0878000259,80.1898193359,65443,65453,10
13.0877895355,80.1898422241,65453,65463,10
13.0877504349,80.1898727417,65463,65474,11
13.0876998901,80.1902770996,65474,65484,10
13.0876197815,80.1908874512,65484,65494,10
13.0875301361,80.1916885376,65494,65504,10
13.0874099731,80.1926498413,65504,65564,60
13.0874099731,80.1926498413,65564,65575,11
13.0873403549,80.1930465698,65575,65585,10
13.0873403549,80.1936187744,65585,65595,10
13.0873498917,80.1944122314,65595,65605,10
13.0873203278,80.1952362061,65605,65615,10
13.0873098373,80.1959762573,65615,65625,10
13.0873003006,80.1968612671,65625,65635,10
13.0872802734,80.1976623535,65635,65645,10
13.087269783,80.1978378296,65645,65655,10
13.0872898102,80.1980133057,65655,65665,10
13.0873603821,80.1984710693,65665,65675,10
13.0877304077,80.1985015869,65675,65686,11
13.0884199142,80.1984481812,65686,65696,10
13.0891199112,80.1984786987,65696,65706,10
13.0898399353,80.1985321045,65706,65716,10
13.0906095505,80.198600769,65716,65726,10
13.0910100937,80.1986694336,65726,65736,10
13.091460228,80.1986999512,65736,65746,10
13.0918798447,80.1987228394,65746,65756,10
13.0924797058,80.1987075806,65756,65766,10
13.0930099487,80.1988296509,65766,65776,10
13.0929698944,80.1993713379,65776,65787,11
13.0929098129,80.2004623413,65787,65827,40
13.0929098129,80.2004623413,65827,65837,10
13.0928297043,80.2006607056,65837,65847,10
13.092499733,80.2006378174,65847,65857,10
13.0918903351,80.2006072998,65857,65867,10
13.0910997391,80.2005996704,65867,65877,10
13.0903501511,80.2005615234,65877,65887,10
13.0894899368,80.2005233765,65887,65898,11
13.0886201859,80.2005004883,65898,65908,10
13.0878000259,80.2004928589,65908,65918,10
13.0872602463,80.2004928589,65918,65928,10
13.0870504379,80.2004623413,65928,65938,10
13.086689949,80.2004623413,65938,65948,10
13.086400032,80.2004470825,65948,65958,10
13.0862197876,80.2004394531,65958,65968,10
13.0860996246,80.2004623413,65968,65978,10
13.0858802795,80.2004394531,65978,65988,10
13.0857200623,80.2004165649,65988,65997,9
13.0856304169,80.2004089355,65997,66009,12
13.0853300095,80.200340271,66009,66019,10
13.0853099823,80.200012207,66019,66029,10
13.0852899551,80.1995315552,66029,66039,10
13.0852804184,80.1989135742,66039,66049,10
13.0851402283,80.1987762451,66049,66059,10
13.084690094,80.1987533569,66059,66069,10
13.0843200684,80.1987304688,66069,66079,10
13.0843095779,80.1987304688,66079,66089,10
13.0839796066,80.1987304688,66089,66098,9
13.0836696625,80.1987380981,66098,66110,12
13.0833396912,80.1987228394,66110,66120,10
13.0829696655,80.1987075806,66120,66130,10
13.0826396942,80.1986923218,66130,66140,10
13.0822200775,80.1987075806,66140,66150,10
13.0818595886,80.1987075806,66150,66160,10
13.0813903809,80.1986999512,66160,66170,10
13.0808496475,80.1987075806,66170,66180,10
13.0802402496,80.1987686157,66180,66190,10
13.0795297623,80.1988296509,66190,66200,10
13.0788402557,80.198890686,66200,66210,10
13.0781497955,80.1989898682,66210,66221,11
13.077340126,80.1990814209,66221,66231,10
13.0766401291,80.1991500854,66231,66241,10
13.0758600235,80.1992492676,66241,66251,10
13.0752401352,80.1993865967,66251,66261,10
13.0747804642,80.1995925903,66261,66271,10
13.0743999481,80.199836731,66271,66291,20
13.0743999481,80.199836731,66291,66301,10
13.0742301941,80.1999664307,66301,66311,10
13.0740995407,80.2000808716,66311,66321,10
13.0739297867,80.2002716064,66321,66332,11
13.0738401413,80.200378418,66332,66342,10
13.0738201141,80.2004394531,66342,66352,10
13.0735998154,80.2006912231,66352,66362,10
13.0732803345,80.2010803223,66362,66372,10
13.0729904175,80.2014465332,66372,66382,10
13.0728197098,80.2016601563,66382,66392,10
13.0726099014,80.2019195557,66392,66402,10
13.0723896027,80.2021484375,66402,66412,10
13.0723600388,80.2022018433,66412,66421,9
13.0721702576,80.2024002075,66421,66433,12
13.071680069,80.2029266357,66433,66443,10
13.071149826,80.2035293579,66443,66453,10
13.0705299377,80.2042388916,66453,66463,10
13.0700702667,80.2048568726,66463,66473,10
13.0699195862,80.2050704956,66473,66483,10
13.0698204041,80.2050933838,66483,66493,10
13.0695295334,80.2049102783,66493,66503,10
13.0692300797,80.2049865723,66503,66513,10
13.0690202713,80.2053604126,66513,66523,10
13.0686302185,80.2055130005,66523,66533,10
13.0679502487,80.2053909302,66533,66574,41
13.0679502487,80.2053909302,66574,66584,10
13.0679702759,80.2051010132,66584,66594,10
13.0681800842,80.2050094604,66594,66604,10
13.0684900284,80.2049407959,66604,66614,10
13.0688495636,80.2048110962,66614,66624,10
13.0694198608,80.2048110962,66624,66665,41
13.0694198608,80.2048110962,66665,66675,10
13.0696697235,80.2048721313,66675,66685,10
13.0698604584,80.2051620483,66685,66695,10
13.0696601868,80.2055435181,66695,66705,10
13.0692901611,80.2061233521,66705,66715,10
13.0688295364,80.2068481445,66715,66725,10
13.0682897568,80.2077102661,66725,66735,10
13.0677204132,80.2086029053,66735,66745,10
13.0671901703,80.2093963623,66745,66756,11
13.0663900375,80.2102737427,66756,66766,10
13.0656003952,80.2109375,66766,66776,10
13.0652799606,80.211227417,66776,66786,10
13.0650701523,80.2113418579,66786,66806,20
13.0650701523,80.2113418579,66806,66816,10
13.0648603439,80.2114181519,66816,66826,10
13.0643701553,80.2116394043,66826,66836,10
13.063750267,80.2117614746,66836,66846,10
13.0630302429,80.211807251,66846,66857,11
13.0622901917,80.211807251,66857,66867,10
13.0616703033,80.2117996216,66867,66877,10
13.0609302521,80.2117614746,66877,66887,10
13.0601100922,80.2117462158,66887,66897,10
13.0593099594,80.211730957,66897,66907,10
13.0589103699,80.2117385864,66907,66917,10
13.058719635,80.211730957,66917,66927,10
13.0583600998,80.2117004395,66927,66937,10
13.0580101013,80.2116928101,66937,66947,10
13.0577402115,80.2117004395,66947,66957,10
13.0577001572,80.2117233276,66957,66968,11
13.0572595596,80.2117004395,66968,66978,10
13.0566396713,80.2116775513,66978,66988,10
13.0558595657,80.2116699219,66988,66998,10
13.0550899506,80.2116622925,66998,67008,10
13.0547599792,80.2116699219,67008,67018,10
13.0546503067,80.2116775513,67018,67028,10
13.054189682,80.2117080688,67028,67038,10
13.0536699295,80.2118225098,67038,67119,81
13.0536699295,80.2118225098,67119,67129,10
13.0531702042,80.2119369507,67129,67139,10
13.0529298782,80.2119903564,67139,67159,20
13.0529298782,80.2119903564,67159,67169,10
13.0526199341,80.2120895386,67169,67180,11
13.0523300171,80.2121276855,67180,67190,10
13.0521001816,80.2121810913,67190,67291,101
13.0521001816,80.2121810913,67291,67301,10
13.0517196655,80.2122497559,67301,67311,10
13.0513095856,80.2122573853,67311,67321,10
13.0509395599,80.2121963501,67321,67331,10
13.0503501892,80.2122192383,67331,67341,10
13.0499401093,80.2121963501,67341,67351,10
13.0494203568,80.2122421265,67351,67380,29
13.0494203568,80.2122421265,67380,67392,12
13.0491104126,80.2122497559,67392,67402,10
13.0486297607,80.2122497559,67402,67412,10
13.048119545,80.2122802734,67412,67422,10
13.0474796295,80.212348938,67422,67432,10
13.0467195511,80.212387085,67432,67442,10
13.0462703705,80.2124176025,67442,67472,30
13.0462703705,80.2124176025,67472,67482,10
13.0460700989,80.2124099731,67482,67492,10
13.0457296371,80.2124404907,67492,67503,11
13.0454597473,80.2124633789,67503,67513,10
13.045129776,80.2124862671,67513,67523,10
13.0447597504,80.2125015259,67523,67533,10
13.0443897247,80.2125015259,67533,67543,10
13.0438203812,80.2124710083,67543,67553,10
13.0431003571,80.2124481201,67553,67563,10
13.0426502228,80.2124481201,67563,67573,10
13.0421800613,80.2124176025,67573,67583,10
13.0415697098,80.2124023438,67583,67593,10
13.0408000946,80.2124023438,67593,67603,10
13.0399398804,80.2124481201,67603,67614,11
13.039059639,80.2124404907,67614,67624,10
13.038359642,80.2124404907,67624,67634,10
13.0376596451,80.2125015259,67634,67785,151
13.0376596451,80.2125015259,67785,67795,10
13.0374498367,80.2125473022,67795,67805,10
13.0370197296,80.2125015259,67805,67815,10
13.0363798141,80.2124099731,67815,67826,11
13.0354795456,80.2124176025,67826,67836,10
13.0348901749,80.2123413086,67836,67846,10
13.0345001221,80.2122268677,67846,67856,10
13.0341796875,80.2121810913,67856,67886,30
13.0341796875,80.2121810913,67886,67896,10
13.033829689,80.2120819092,67896,67906,10
13.0334396362,80.2120132446,67906,67916,10
13.0328197479,80.2118988037,67916,67927,11
13.0321397781,80.2117919922,67927,67937,10
13.0319795609,80.2113571167,67937,67947,10
13.0320196152,80.2107009888,67947,67957,10
13.0320997238,80.2099380493,67957,67967,10
13.0316896439,80.2096481323,67967,67977,10
13.0310401917,80.2094268799,67977,67987,10
13.0306196213,80.2093429565,67987,68007,20
13.0306196213,80.2093429565,68007,68017,10
13.0304899216,80.2093200684,68017,68028,11
13.0300598145,80.2091674805,68028,68038,10
13.0296697617,80.2090301514,68038,68058,20
13.0296697617,80.2090301514,68058,68068,10
13.0293998718,80.2089767456,68068,68078,10
13.0288600922,80.2088088989,68078,68088,10
13.0281295776,80.2086105347,68088,68098,10
13.027469635,80.2082977295,68098,68108,10
13.0267896652,80.2078781128,68108,68118,10
13.0260095596,80.2074127197,68118,68128,10
13.0250902176,80.2071533203,68128,68139,11
13.0243196487,80.2069778442,68139,68159,20
13.0243196487,80.2069778442,68159,68169,10
13.0240898132,80.2068862915,68169,68179,10
13.023639679,80.2067565918,68179,68189,10
13.0231599808,80.2066421509,68189,68199,10
13.022600174,80.2065582275,68199,68209,10
13.0218801498,80.2064819336,68209,68219,10
13.021229744,80.2064819336,68219,68229,10
13.0205001831,80.206489563,68229,68238,9
13.0197896957,80.206489563,68238,68250,12
13.0191001892,80.206451416,68250,68270,20
13.0191001892,80.206451416,68270,68280,10
13.0188102722,80.2063217163,68280,68290,10
13.0183200836,80.2061309814,68290,68300,10
13.0178203583,80.2059936523,68300,68310,10
13.0175800323,80.2058563232,68310,68320,10
13.0172395706,80.2057037354,68320,68330,10
13.0169696808,80.2056121826,68330,68340,10
13.0168199539,80.2054290771,68340,68351,11
13.0162200928,80.2052536011,68351,68361,10
13.0155601501,80.205078125,68361,68371,10
13.0148200989,80.2048492432,68371,68381,10
13.0143404007,80.2047119141,68381,68391,10
13.0143203735,80.2046966553,68391,68401,10
13.013999939,80.2045822144,68401,68450,49
13.013999939,80.2045822144,68450,68462,12
13.0135202408,80.2047576904,68462,68482,20
13.0135202408,80.2047576904,68482,68492,10
13.0134496689,80.2050018311,68492,68502,10
13.0133304596,80.2053909302,68502,68512,10
13.0131597519,80.2059402466,68512,68522,10
13.0130395889,80.2065200806,68522,68532,10
13.0129995346,80.2070007324,68532,68542,10
13.0129699707,80.2074432373,68542,68552,10
13.0129003525,80.2079620361,68552,68563,11
13.0128498077,80.2085037231,68563,68573,10
13.0128898621,80.2088470459,68573,68583,10
13.0129699707,80.2093429565,68583,68593,10
13.0131902695,80.2097473145,68593,68603,10
13.0131397247,80.2103500366,68603,68613,10
13.0130796432,80.2107086182,68613,68623,10
13.0129003525,80.2112197876,68623,68633,10
13.0126199722,80.2117462158,68633,68643,10
13.0123901367,80.2121582031,68643,68653,10
13.0121603012,80.2124710083,68653,68663,10
13.0118904114,80.2128295898,68663,68674,11
13.0116596222,80.2128219604,68674,68684,10
13.0113201141,80.212562561,68684,68694,10
13.0109901428,80.2122802734,68694,68704,10
13.0106296539,80.212020874,68704,68714,10
13.0103597641,80.211807251,68714,68724,10
13.0100498199,80.2115707397,68724,68734,10
13.0097103119,80.2113189697,68734,68764,30
13.0094299316,80.2110900879,68764,68815,51
13.0094299316,80.2110900879,68815,68825,10
13.0091600418,80.2113265991,68825,68835,10
13.0089998245,80.2116165161,68835,68845,10
13.0090503693,80.2118377686,68845,68855,10
13.0092000961,80.2123031616,68855,68865,10
13.0093803406,80.212852478,68865,68875,10
13.0095701218,80.2133483887,68875,68886,11
13.0097999573,80.2139205933,68886,68896,10
13.010020256,80.2144622803,68896,68906,10
13.0101699829,80.2151489258,68906,68916,10
13.0103197098,80.2159423828,68916,68926,10
13.0107097626,80.216796875,68926,68936,10
13.0111198425,80.217666626,68936,68946,10
13.0114603043,80.2185211182,68946,68956,10
13.0117902756,80.2194595337,68956,68966,10
13.0120697021,80.2204208374,68966,68976,10
13.0123300552,80.2212905884,68976,68986,10
13.012550354,80.2218170166,68986,68997,11
13.0129203796,80.222328186,68997,69007,10
13.0132598877,80.2227172852,69007,69017,10
13.0135297775,80.2229919434,69017,69027,10
13.0138101578,80.2232818604,69027,69037,10
13.0141096115,80.2236328125,69037,69047,10
13.0143098831,80.2239227295,69047,69057,10
13.0145998001,80.224281311,69057,69067,10
13.0150003433,80.2247390747,69067,69077,10
13.0152797699,80.2250900269,69077,69087,10
13.0154104233,80.2255783081,69087,69098,11
13.015130043,80.2259521484,69098,69108,10
13.0145998001,80.2261581421,69108,69118,10
13.0138902664,80.2264175415,69118,69128,10
13.0131502151,80.2267303467,69128,69138,10
13.0123596191,80.2270507813,69138,69148,10
13.0115995407,80.2273330688,69148,69158,10
13.0107898712,80.2276687622,69158,69168,10
13.0101203918,80.2279205322,69168,69178,10
13.0095701218,80.2279205322,69178,69188,10
13.0095300674,80.2275238037,69188,69198,10
13.009759903,80.2270584106,69198,69209,11
13.0101003647,80.2263031006,69209,69219,10
13.0103998184,80.2256011963,69219,69229,10
13.0106697083,80.2250213623,69229,69239,10
13.0108499527,80.2245483398,69239,69249,10
13.0110397339,80.2240371704,69249,69259,10
13.0112304688,80.2234725952,69259,69269,10
13.0110197067,80.2231369019,69269,69279,10
13.0104799271,80.2228622437,69279,69289,10
13.0098304749,80.2225189209,69289,69299,10
13.0091400146,80.2221374512,69299,69310,11
13.0083398819,80.2217025757,69310,69320,10
13.0074996948,80.2212600708,69320,69330,10
13.0066900253,80.2208328247,69330,69340,10
13.0057897568,80.2205734253,69340,69350,10
13.0050001144,80.2203979492,69350,69360,10
13.0044298172,80.2202606201,69360,69370,10
13.0038404465,80.2201080322,69370,69380,10
13.0032300949,80.2199783325,69380,69390,10
13.0025997162,80.2197036743,69390,69400,10
13.0020904541,80.2192001343,69400,69410,10
13.0015897751,80.2187271118,69410,69421,11
13.0010900497,80.2183532715,69421,69431,10
13.0005998611,80.2180099487,69431,69441,10
13.0000200272,80.2176437378,69441,69451,10
12.9994297028,80.2172698975,69451,69461,10
12.9988603592,80.2170028687,69461,69471,10
12.9982595444,80.2167282104,69471,69481,10
12.9978904724,80.2166290283,69481,69491,10
12.9977502823,80.2166290283,69491,69501,10
12.9975004196,80.2165908813,69501,69552,51
12.9975004196,80.2165908813,69552,69562,10
12.9972600937,80.2165679932,69562,69572,10
12.9969997406,80.2165908813,69572,69582,10
12.9966897964,80.2166137695,69582,69592,10
12.9962596893,80.2166671753,69592,69612,20
12.9962596893,80.2166671753,69612,69622,10
12.9960002899,80.2167205811,69622,69633,11
12.9956502914,80.2167816162,69633,69643,10
12.9953804016,80.2168884277,69643,69653,10
12.9951696396,80.2170333862,69653,69663,10
12.9949703217,80.2171478271,69663,69673,10
12.994600296,80.2173995972,69673,69683,10
12.9941396713,80.2177581787,69683,69693,10
12.9937801361,80.2180786133,69693,69703,10
12.9933900833,80.2183380127,69703,69713,10
12.9932003021,80.2184371948,69713,69723,10
12.9928398132,80.2186737061,69723,69734,11
12.9922399521,80.2191314697,69734,69744,10
12.9917697906,80.2194900513,69744,69754,10
12.9914999008,80.2196807861,69754,69794,40
12.9914999008,80.2196807861,69794,69804,10
12.991060257,80.2195663452,69804,69814,10
12.9909296036,80.2194976807,69814,69824,10
12.9905900955,80.2193527222,69824,69834,10
12.9900197983,80.2191619873,69834,69845,11
12.9891996384,80.2188568115,69845,69855,10
12.988360405,80.2185974121,69855,69865,10
12.9876203537,80.2184524536,69865,69875,10
12.9872198105,80.2183914185,69875,69885,10
12.986989975,80.2183532715,69885,69895,10
12.9869298935,80.2183380127,69895,69905,10
12.9864997864,80.2182312012,69905,69915,10
12.9858198166,80.2180480957,69915,69925,10
12.9849500656,80.2180023193,69925,69935,10
12.9841604233,80.2180404663,69935,69945,10
12.9838895798,80.2180328369,69945,69956,11
12.9838495255,80.2180328369,69956,69966,10
12.9834499359,80.2180328369,69966,69976,10
12.9827899933,80.2180099487,69976,69986,10
12.9822301865,80.2180175781,69986,69996,10
12.9816503525,80.2180480957,69996,70006,10
12.9809398651,80.2182388306,70006,70016,10
12.9801902771,80.2184829712,70016,70026,10
12.9793996811,80.2188186646,70026,70036,10
12.9787998199,80.2190704346,70036,70046,10
12.9784202576,80.2192306519,70046,70057,11
12.9777002335,80.2195281982,70057,70067,10
12.9769296646,80.2198486328,70067,70077,10
12.9762601852,80.2201538086,70077,70087,10
12.9759597778,80.2202835083,70087,70097,10
12.9758501053,80.2203292847,70097,70107,10
12.9757900238,80.2203369141,70107,70117,10
12.975569725,80.2204589844,70117,70127,10
12.9754495621,80.2206802368,70127,70137,10
12.9755601883,80.2208175659,70137,70218,81
12.9758701324,80.220993042,70218,70289,71
12.9760303497,80.2213134766,70289,70874,585
12.9760303497,80.2213134766,70874,70884,10
12.9763803482,80.2212371826,70884,70894,10
12.9765701294,80.2212524414,70894,70904,10
12.9769802094,80.2212600708,70904,70915,11
12.977519989,80.2212524414,70915,70925,10
12.9778795242,80.2212371826,70925,70935,10
12.9784803391,80.2211990356,70935,70945,10
12.9792499542,80.2211380005,70945,70955,10
12.9799003601,80.2210998535,70955,70965,10
12.9806203842,80.221031189,70965,70975,10
12.981300354,80.2211837769,70975,70985,10
12.9817399979,80.2214813232,70985,70995,10
12.9819898605,80.2216491699,70995,71005,10
12.982339859,80.221786499,71005,71015,10
12.9827699661,80.2219314575,71015,71026,11
12.98279953,80.2219467163,71026,71036,10
12.9831104279,80.2221221924,71036,71046,10
12.9834098816,80.2223434448,71046,71056,10
12.9837903976,80.2225570679,71056,71066,10
12.9842500687,80.2228317261,71066,71076,10
12.9848098755,80.2231674194,71076,71086,10
12.9853496552,80.2233200073,71086,71096,10
12.9857501984,80.2230377197,71096,71106,10
12.9863100052,80.2229919434,71106,71116,10
12.9863796234,80.2229919434,71116,71127,11
12.9864797592,80.2229995728,71127,71137,10
12.9867801666,80.2230529785,71137,71147,10
12.9873199463,80.2230987549,71147,71157,10
12.9880304337,80.2228927612,71157,71167,10
12.988650322,80.2223587036,71167,71177,10
12.9891796112,80.2217178345,71177,71187,10
12.9897003174,80.2209472656,71187,71197,10
12.9903697968,80.2204284668,71197,71207,10
12.9907302856,80.2201766968,71207,71217,10
12.9911804199,80.2198028564,71217,71228,11
12.9916601181,80.2194366455,71228,71238,10
12.9921798706,80.219078064,71238,71248,10
12.9928302765,80.2186203003,71248,71258,10
12.9935398102,80.2181015015,71258,71268,10
12.9941797256,80.2175979614,71268,71278,10
12.9946203232,80.2172775269,71278,71288,10
12.9947395325,80.2171936035,71288,71298,10
12.9949598312,80.217048645,71298,71308,10
12.9954099655,80.2168197632,71308,71318,10
12.9960098267,80.2166519165,71318,71328,10
12.9965600967,80.2165527344,71328,71339,11
12.9969902039,80.2165222168,71339,71349,10
12.9972295761,80.2164077759,71349,71359,10
12.997469902,80.2162017822,71359,71379,20
12.997469902,80.2162017822,71379,71389,10
12.9978199005,80.2158966064,71389,71399,10
12.9982795715,80.2155227661,71399,71409,10
12.9988899231,80.2149810791,71409,71419,10
12.9992198944,80.2146682739,71419,71429,10
12.9999904633,80.2140197754,71429,71439,10
12.9999904633,80.2140197754,71439,71450,11
13.0005102158,80.2136001587,71450,71458,8
13.0010004044,80.2131729126,71458,71470,12
13.0016298294,80.2126693726,71470,71480,10
13.0022201538,80.2122879028,71480,71490,10
13.002699852,80.2121429443,71490,71500,10
13.0031003952,80.2121200562,71500,71510,10
13.0035295486,80.2120513916,71510,71520,10
13.0036096573,80.2119293213,71520,71530,10
13.0036401749,80.2115707397,71530,71540,10
13.0036096573,80.2109909058,71540,71551,11
13.0035295486,80.210357666,71551,71561,10
13.0034704208,80.2098617554,71561,71571,10
13.0034999847,80.2094116211,71571,71581,10
13.0036001205,80.2089004517,71581,71591,10
13.0040397644,80.2086791992,71591,71601,10
13.0047101974,80.2089920044,71601,71611,10
13.0053901672,80.2092971802,71611,71621,10
13.0059604645,80.2095184326,71621,71631,10
13.006360054,80.2096405029,71631,71641,10
13.0064001083,80.2096633911,71641,71651,10
13.0065898895,80.2097396851,71651,71672,21
13.0065898895,80.2097396851,71672,71682,10
13.0070800781,80.2098083496,71682,71732,50
13.0070800781,80.2098083496,71732,71742,10
13.0074596405,80.2098922729,71742,71752,10
13.007809639,80.2099761963,71752,71763,11
13.0080604553,80.2100372314,71763,71773,10
13.0081300735,80.2098007202,71773,71783,10
13.0080003738,80.2092590332,71783,71793,10
13.0078802109,80.2085189819,71793,71803,10
13.0077695847,80.2078323364,71803,71813,10
13.0076503754,80.2070617676,71813,71823,10
13.0075302124,80.2061920166,71823,71833,10
13.0074596405,80.2053222656,71833,71843,10
13.0074701309,80.2046203613,71843,71853,10
13.0074501038,80.2041397095,71853,71862,9
13.007399559,80.2036132813,71862,71874,12
13.0071401596,80.2026367188,71874,71884,10
13.0065498352,80.2027435303,71884,71894,10
13.0066795349,80.2033462524,71894,71904,10
13.0073099136,80.203666687,71904,71914,10
13.0081195831,80.2037582397,71914,71924,10
13.0091495514,80.2036895752,71924,71934,10
13.0103902817,80.2036590576,71934,71944,10
13.0117197037,80.2037811279,71944,71954,10
13.0129499435,80.2040100098,71954,71964,10
13.0134897232,80.2041397095,71964,71985,21
13.0134897232,80.2041397095,71985,71995,10
13.0136604309,80.2042007446,71995,72005,10
13.0141000748,80.2043685913,72005,72015,10
13.0146398544,80.2045593262,72015,72025,10
13.0151996613,80.2047424316,72025,72035,10
13.0156402588,80.204826355,72035,72045,10
13.0158395767,80.2049102783,72045,72075,30
13.0161399841,80.2051620483,72075,72106,31
13.0161399841,80.2051620483,72106,72116,10
13.0164003372,80.2051620483,72116,72126,10
13.0166101456,80.2051391602,72126,72136,10
13.0167303085,80.2051391602,72136,72146,10
13.0169801712,80.2052383423,72146,72156,10
13.0173797607,80.2054901123,72156,72176,20
13.0173797607,80.2054901123,72176,72186,10
13.0176296234,80.2055969238,72186,72197,11
13.0180101395,80.2057723999,72197,72207,10
13.0185499191,80.2059631348,72207,72217,10
13.0186500549,80.2059783936,72217,72227,10
13.0187797546,80.2060012817,72227,72237,10
13.0191698074,80.2061462402,72237,72247,10
13.0198001862,80.2062911987,72247,72257,10
13.0205802917,80.2063064575,72257,72267,10
13.0213403702,80.2062988281,72267,72277,10
13.0216903687,80.2063217163,72277,72286,9
13.02202034,80.2063217163,72286,72298,12
13.0226297379,80.2063980103,72298,72308,10
13.0233697891,80.2065429688,72308,72318,10
13.0241203308,80.2066726685,72318,72328,10
13.0243501663,80.2067184448,72328,72338,10
13.0244598389,80.2067565918,72338,72348,10
13.0249099731,80.2068786621,72348,72358,10
13.0256900787,80.2071762085,72358,72368,10
13.0263996124,80.2075805664,72368,72378,10
13.0271100998,80.2080078125,72378,72388,10
13.0278396606,80.208442688,72388,72398,10
13.0286598206,80.2087097168,72398,72409,11
13.0296001434,80.2089233398,72409,72419,10
13.0302000046,80.2090835571,72419,72429,10
13.0306901932,80.2092208862,72429,72439,10
13.0312900543,80.2094116211,72439,72449,10
13.0314998627,80.2094497681,72449,72459,10
13.0316095352,80.2094421387,72459,72469,10
13.0320196152,80.2095718384,72469,72479,10
13.0326595306,80.2097015381,72479,72489,10
13.0334300995,80.2098922729,72489,72499,10
13.0342798233,80.2100524902,72499,72510,11
13.0349998474,80.2102584839,72510,72520,10
13.0349597931,80.2106323242,72520,72530,10
13.0349302292,80.2108917236,72530,72540,10
13.0349302292,80.2109298706,72540,72550,10
13.0349502563,80.2113418579,72550,72570,20
13.0349502563,80.2113418579,72570,72580,10
13.0348701477,80.2116317749,72580,72590,10
13.0348501205,80.212059021,72590,72600,10
13.0352401733,80.2122497559,72600,72610,10
13.0358400345,80.2122573853,72610,72621,11
13.0366601944,80.2122802734,72621,72631,10
13.0371303558,80.2122802734,72631,72641,10
13.0377702713,80.2122879028,72641,72651,10
13.0383901596,80.2122573853,72651,72742,91
13.0383901596,80.2122573853,72742,72752,10
13.0386295319,80.2122421265,72752,72762,10
13.0390300751,80.2122268677,72762,72772,10
13.0396203995,80.2122497559,72772,72782,10
13.0403900146,80.2122497559,72782,72792,10
13.0412197113,80.2122573853,72792,72802,10
13.0418395996,80.2122573853,72802,72933,131
13.0422096252,80.2122268677,72933,73144,211
13.0422096252,80.2122268677,73144,73156,12
13.042550087,80.2123031616,73156,73166,10
13.0430297852,80.2122802734,73166,73176,10
13.0433797836,80.212272644,73176,73186,10
13.0437898636,80.212272644,73186,73196,10
13.0440998077,80.2122573853,73196,73206,10
13.0444602966,80.2122573853,73206,73216,10
13.0450296402,80.2122573853,73216,73226,10
13.045630455,80.2122421265,73226,73236,10
13.0462398529,80.2122421265,73236,73246,10
13.0468797684,80.2122192383,73246,73257,11
13.0474395752,80.2121810913,73257,73267,10
13.047829628,80.2121429443,73267,73277,10
13.0481100082,80.212097168,73277,73287,10
13.048119545,80.212097168,73287,73297,10
13.0483198166,80.2120513916,73297,73418,121
13.0483198166,80.2120513916,73418,73428,10
13.0488595963,80.2120132446,73428,73438,10
13.048910141,80.2119979858,73438,73448,10
13.0490503311,80.212020874,73448,73458,10
13.0492296219,80.2120132446,73458,73468,10
13.0494699478,80.2119598389,73468,73489,21
13.0494699478,80.2119598389,73489,73499,10
13.0498199463,80.2119598389,73499,73509,10
13.0500402451,80.2119522095,73509,73519,10
13.0502796173,80.2119903564,73519,73529,10
13.0505800247,80.2119827271,73529,73539,10
13.0510101318,80.2119979858,73539,73549,10
13.0519304276,80.2119827271,73549,73559,10
13.0528202057,80.2118301392,73559,73568,9
13.0535898209,80.2116088867,73568,73580,12
13.054189682,80.2114486694,73580,73590,10
13.0545301437,80.2114334106,73590,73600,10
13.0550098419,80.2114181519,73600,73610,10
13.0558004379,80.2114181519,73610,73620,10
13.0566902161,80.2114486694,73620,73630,10
13.0573501587,80.2114334106,73630,73640,10
13.0574302673,80.2114105225,73640,73650,10
13.0577096939,80.2114028931,73650,73660,10
13.0581502914,80.2114181519,73660,73670,10
13.0586204529,80.21144104,73670,73679,9
13.0592002869,80.211479187,73679,73691,12
13.0601501465,80.2115402222,73691,73701,10
13.0610399246,80.2115936279,73701,73711,10
13.061630249,80.2116470337,73711,73721,10
13.0621500015,80.2116394043,73721,73731,10
13.0628900528,80.2116012573,73731,73741,10
13.0631103516,80.2115478516,73741,73751,10
13.0635299683,80.2115097046,73751,73781,30
13.0635299683,80.2115097046,73781,73791,10
13.0637102127,80.211517334,73791,73802,11
13.0641698837,80.2114486694,73802,73812,10
13.064789772,80.2112121582,73812,73822,10
13.0654602051,80.2107467651,73822,73832,10
13.0661802292,80.2101821899,73832,73842,10
13.0669298172,80.2094573975,73842,73852,10
13.0674295425,80.2086334229,73852,73862,10
13.0677900314,80.2080078125,73862,73872,10
13.0682096481,80.207359314,73872,73882,10
13.0686302185,80.206703186,73882,73892,10
13.0687599182,80.2065200806,73892,73903,11
13.0689201355,80.2062606812,73903,73913,10
13.0690498352,80.2060165405,73913,73923,10
13.0690803528,80.2059783936,73923,73933,10
13.0691795349,80.2058029175,73933,73973,40
13.0691795349,80.2058029175,73973,73983,10
13.0692996979,80.205619812,73983,73993,10
13.0694103241,80.2054367065,73993,74003,10
13.0694904327,80.2053070068,74003,74014,11
13.069560051,80.2052230835,74014,74024,10
13.069609642,80.205078125,74024,74034,10
13.0694799423,80.2048873901,74034,74044,10
13.0691299438,80.2050476074,74044,74054,10
13.0689096451,80.2053833008,74054,74064,10
13.0686998367,80.2052993774,74064,74125,61
13.0686998367,80.2052993774,74125,74135,10
13.0688695908,80.2047729492,74135,74236,101
13.0688695908,80.2047729492,74236,74246,10
13.0690498352,80.2047729492,74246,74256,10
13.0692901611,80.2048034668,74256,74266,10
13.069439888,80.2048187256,74266,74276,10
13.0696201324,80.2048568726,74276,74286,10
13.0699701309,80.2047271729,74286,74316,30
13.0699701309,80.2047271729,74316,74327,11
13.0702199936,80.2043609619,74327,74337,10
13.0703601837,80.2041778564,74337,74347,10
13.0705003738,80.2039794922,74347,74357,10
13.0706195831,80.2038269043,74357,74468,111
13.0706195831,80.2038269043,74468,74478,10
13.0709199905,80.2034835815,74478,74488,10
13.0711202621,80.2032394409,74488,74498,10
13.0712900162,80.2030487061,74498,74508,10
13.0714502335,80.2028427124,74508,74518,10
13.0716295242,80.2026367188,74518,74528,10
13.0718097687,80.2024383545,74528,74638,110
13.0718097687,80.2024383545,74638,74650,12
13.0720396042,80.2022476196,74650,74660,10
13.072259903,80.202041626,74660,74670,10
13.0724697113,80.2017974854,74670,74680,10
13.0727996826,80.201423645,74680,74690,10
13.0730800629,80.2010803223,74690,74700,10
13.073390007,80.2007064819,74700,74710,10
13.0737695694,80.2002487183,74710,74720,10
13.0741796494,80.199760437,74720,74730,10
13.0744600296,80.19947052,74730,74740,10
13.0745296478,80.1993865967,74740,74750,10
13.074760437,80.1992263794,74750,74761,11
13.075340271,80.1990890503,74761,74771,10
13.0760297775,80.1990737915,74771,74781,10
13.0768404007,80.1990280151,74781,74791,10
13.077460289,80.1989898682,74791,74801,10
13.0782604218,80.198890686,74801,74811,10
13.0790100098,80.1987915039,74811,74821,10
13.0795202255,80.1987609863,74821,74831,10
13.0802698135,80.198677063,74831,74841,10
13.0810403824,80.1986312866,74841,74851,10
13.0818395615,80.1986236572,74851,74862,11
13.082690239,80.1985473633,74862,74872,10
13.082859993,80.1985397339,74872,74882,10
13.0829496384,80.1985626221,74882,74892,10
13.0833501816,80.1985473633,74892,74902,10
13.0836696625,80.1985397339,74902,74912,10
13.0839195251,80.1985397339,74912,74922,10
13.084230423,80.1985397339,74922,74932,10
13.0844697952,80.1985321045,74932,74942,10
13.0847196579,80.1985321045,74942,74952,10
13.0849103928,80.1985168457,74952,74961,9
13.0849399567,80.1985092163,74961,74973,12
13.0852499008,80.1985015869,74973,74983,10
13.0855903625,80.1984786987,74983,74993,10
13.0860099792,80.1984481812,74993,75003,10
13.0865297318,80.1984634399,75003,75013,10
13.0868196487,80.1984634399,75013,75023,10
13.0870199203,80.1984024048,75023,75033,10
13.0870704651,80.1980285645,75033,75053,20
13.0870704651,80.1980285645,75053,75063,10
13.0871095657,80.1977996826,75063,75072,9
13.0871400833,80.1973266602,75072,75084,12
13.0871696472,80.1964492798,75084,75094,10
13.0871896744,80.1956481934,75094,75104,10
13.087220192,80.1948776245,75104,75114,10
13.0872402191,80.1940383911,75114,75124,10
13.0872402191,80.1932678223,75124,75134,10
13.0872602463,80.1928482056,75134,75144,10
13.0872898102,80.1925888062,75144,75154,10
13.0873498917,80.192199707,75154,75164,10
13.0874004364,80.1917572021,75164,75173,9
13.0874700546,80.1912002563,75173,75185,12
13.0876102448,80.1902084351,75185,75195,10
13.087679863,80.1894378662,75195,75205,10
13.0876703262,80.1890411377,75205,75215,10
13.087679863,80.1889724731,75215,75225,10
13.0876998901,80.1885910034,75225,75235,10
13.0876998901,80.1882324219,75235,75275,40
13.0876998901,80.1882324219,75275,75286,11
13.0877504349,80.18775177,75286,75296,10
13.0877895355,80.1871032715,75296,75306,10
13.0878295898,80.1862487793,75306,75316,10
13.0878801346,80.1852493286,75316,75326,10
13.0879201889,80.184173584,75326,75336,10
13.08796978,80.18309021,75336,75346,10
13.0880203247,80.1821289063,75346,75356,10
13.0880699158,80.1812362671,75356,75366,10
13.0880899429,80.1803588867,75366,75376,10
13.0881099701,80.1799163818,75376,75397,21
13.0881099701,80.1799163818,75397,75407,10
13.0881299973,80.1798095703,75407,75417,10
13.0881004333,80.1794662476,75417,75427,10
13.0880804062,80.1789016724,75427,75437,10
13.0880804062,80.178817749,75437,75447,10
13.0880899429,80.1785125732,75447,75457,10
13.0881204605,80.177947998,75457,75467,10
13.0881299973,80.1773529053,75467,75477,10
13.0881299973,80.1772689819,75477,75487,10
13.088139534,80.1771316528,75487,75498,11
13.0881700516,80.176651001,75498,75508,10
13.0882196426,80.1759109497,75508,75518,10
13.0882701874,80.1751403809,75518,75528,10
13.0883398056,80.1743392944,75528,75538,10
13.0883903503,80.173828125,75538,75548,10
13.0884399414,80.1731796265,75548,75558,10
13.088470459,80.1724700928,75558,75568,10
13.0884895325,80.1718673706,75568,75578,10
13.0884895325,80.1718521118,75578,75588,10
13.08852005,80.1715164185,75588,75598,10
13.0885601044,80.1706466675,75598,75619,21
13.0885601044,80.1706466675,75619,75629,10
13.0885801315,80.1703720093,75629,75639,10
13.0886001587,80.1699676514,75639,75649,10
13.0886001587,80.1699066162,75649,75659,10
13.0886001587,80.1698303223,75659,75720,61
13.0886001587,80.1698303223,75720,75730,10
13.0886802673,80.1697235107,75730,75740,10
13.0888996124,80.1694869995,75740,75750,10
13.0894298553,80.1695632935,75750,75760,10
13.0901002884,80.1696090698,75760,75770,10
13.0908603668,80.169670105,75770,75780,10
13.0917701721,80.1697387695,75780,75790,10
13.0927295685,80.1697921753,75790,75800,10
13.0936498642,80.169883728,75800,75810,10
13.0944900513,80.1698989868,75810,75820,10
13.0947504044,80.169921875,75820,75831,11
13.095000267,80.1699829102,75831,75841,10
13.0953903198,80.1700210571,75841,75851,10
13.0961198807,80.1700363159,75851,75861,10
13.0970096588,80.1700820923,75861,75871,10
13.0979604721,80.1701278687,75871,75881,10
13.0988702774,80.170173645,75881,75891,10
13.0995903015,80.1701431274,75891,75962,71
13.0995903015,80.1701431274,75962,75972,10
13.0997495651,80.1698074341,75972,75982,10
13.0996198654,80.1697006226,75982,75992,10
13.0993795395,80.1697921753,75992,76032,40
13.0993795395,80.1697921753,76032,76043,11
13.0993404388,80.1701812744,76043,76396,353
13.0993404388,80.1701812744,76396,76406,10
13.0989999771,80.1702728271,76406,76416,10
13.0984096527,80.1702270508,76416,76426,10
13.0976400375,80.1701812744,76426,76436,10
13.0967998505,80.1701202393,76436,76446,10
13.0958299637,80.1700515747,76446,76456,10
13.0950498581,80.1700286865,76456,76467,11
13.0947704315,80.1700210571,76467,76477,10
13.0944900513,80.1699829102,76477,76487,10
13.09416008,80.169921875,76487,76497,10
13.0935201645,80.1698913574,76497,76507,10
13.0928297043,80.1698608398,76507,76517,10
13.0919599533,80.1697998047,76517,76527,10
13.0910902023,80.1697616577,76527,76537,10
13.0903501511,80.169708252,76537,76547,10
13.0896196365,80.1696624756,76547,76557,10
13.0888900757,80.1696166992,76557,76567,10
13.0886497498,80.1697769165,76567,76578,11
13.088640213,80.1701889038,76578,76588,10
13.0886297226,80.1708602905,76588,76598,10
13.0886201859,80.1715774536,76598,76608,10
13.0886297226,80.1719207764,76608,76618,10
13.0886001587,80.1720581055,76618,76628,10
13.0885896683,80.1725387573,76628,76638,10
13.0885400772,80.1732406616,76638,76648,10
13.0885095596,80.1739273071,76648,76658,10
13.0884599686,80.1747512817,76658,76668,10
13.0883998871,80.1755065918,76668,76679,11
13.0883302689,80.1765365601,76679,76689,10
13.0882902145,80.1773681641,76689,76699,10
13.0882797241,80.1781616211,76699,76709,10
13.0882797241,80.1785812378,76709,76719,10
13.0882797241,80.1787490845,76719,76729,10
13.0882701874,80.1791000366,76729,76739,10
13.0882701874,80.179359436,76739,76749,10
13.0882501602,80.1798782349,76749,76759,10
13.0882301331,80.1806793213,76759,76769,10
13.0881996155,80.1815719604,76769,76779,10
13.0881595612,80.1822814941,76779,76790,11
13.0880899429,80.1831970215,76790,76800,10
13.0880203247,80.1841583252,76800,76810,10
13.0880002975,80.1849822998,76810,76820,10
13.0879898071,80.1854476929,76820,76830,10
13.0879602432,80.1861877441,76830,76840,10
13.0879402161,80.1870727539,76840,76850,10
13.0879402161,80.1878433228,76850,76860,10
13.0879096985,80.1884613037,76860,76870,10
13.0878696442,80.1892700195,76870,76880,10
13.0878295898,80.1898193359,76880,76891,11
13.0877895355,80.1898880005,76891,76901,10
13.0877199173,80.1902770996,76901,76911,10
13.0875997543,80.1909866333,76911,76921,10
13.0874700546,80.1918334961,76921,76931,10
13.0874204636,80.1924285889,76931,76941,10
13.0874204636,80.1924591064,76941,76951,10
13.0874300003,80.1925582886,76951,76961,10
13.0874204636,80.1928100586,76961,76971,10
13.0874004364,80.1933364868,76971,76981,10
13.0873804092,80.1940689087,76981,76991,10
13.0873498917,80.1948623657,76991,77002,11
13.0873403549,80.1956329346,77002,77012,10
13.0873298645,80.1964569092,77012,77022,10
13.0873003006,80.1973419189,77022,77032,10
13.0872898102,80.1978225708,77032,77042,10
13.0873003006,80.1980514526,77042,77052,10
13.0873699188,80.1984100342,77052,77062,10
13.0876102448,80.1984634399,77062,77072,10
13.0881595612,80.1984405518,77072,77082,10
13.0889196396,80.1984634399,77082,77092,10
13.0896596909,80.1984786987,77092,77103,11
13.0905399323,80.1985626221,77103,77113,10
13.0913896561,80.198638916,77113,77123,10
13.0920095444,80.1986694336,77123,77133,10
13.0927495956,80.1986618042,77133,77143,10
13.0929899216,80.1989364624,77143,77153,10
13.0929498672,80.1995925903,77153,77163,10
13.092880249,80.200340271,77163,77173,10
13.0926504135,80.200592041,77173,77183,10
13.0920495987,80.2005767822,77183,77193,10
13.091170311,80.200592041,77193,77203,10
13.0902795792,80.2005462646,77203,77214,11
13.0893201828,80.2005004883,77214,77224,10
13.088470459,80.2004776001,77224,77234,10
13.0875902176,80.2004699707,77234,77244,10
13.0873003006,80.2004623413,77244,77254,10
13.0871496201,80.2004165649,77254,77264,10
13.0869703293,80.2004089355,77264,77274,10
13.0866298676,80.2004013062,77274,77284,10
13.0859804153,80.2003936768,77284,77294,10
13.0854597092,80.200340271,77294,77304,10
13.0853300095,80.2000808716,77304,77315,11
13.0853204727,80.1995162964,77315,77325,10
13.0853099823,80.1988372803,77325,77335,10
13.0850801468,80.1987380981,77335,77345,10
13.0843095779,80.1987228394,77345,77356,11
13.0843095779,80.1987228394,77356,77375,19
13.0837602615,80.1986694336,77375,77405,30
13.0832901001,80.198677063,77405,77415,10
13.0830202103,80.1986694336,77415,77426,11
13.0825500488,80.1986465454,77426,77436,10
13.0820798874,80.1986465454,77436,77446,10
13.0816202164,80.1986618042,77446,77456,10
13.0809602737,80.1986694336,77456,77466,10
13.0803003311,80.1987380981,77466,77476,10
13.0795202255,80.1988067627,77476,77486,10
13.078789711,80.1988677979,77486,77496,10
13.07791996,80.1989822388,77496,77506,10
13.0769395828,80.1990966797,77506,77516,10
13.0759401321,80.1992111206,77516,77526,10
13.0748796463,80.1994476318,77526,77537,11
13.0739803314,80.2001113892,77537,77547,10
13.0737104416,80.2004470825,77547,77557,10
13.0735702515,80.2006225586,77557,77567,10
13.0734300613,80.2008132935,77567,77577,10
13.0730600357,80.2012863159,77577,77587,10
13.0725498199,80.2018966675,77587,77597,10
13.0720396042,80.2024307251,77597,77607,10
13.0714597702,80.2030792236,77607,77617,10
13.0709695816,80.2035980225,77617,77627,10
13.0705499649,80.2041168213,77627,77638,11
13.0703201294,80.2044525146,77638,77648,10
13.0702104568,80.2045974731,77648,77658,10
13.0700798035,80.204750061,77658,77668,10
13.0699300766,80.2049713135,77668,77819,151
13.0699300766,80.2049713135,77819,77829,10
13.0696802139,80.2050323486,77829,77839,10
13.0692501068,80.2049407959,77839,77849,10
13.0689201355,80.2053604126,77849,77860,11
13.0684995651,80.2054595947,77860,77870,10
13.0682001114,80.2054367065,77870,77890,20
13.0682001114,80.2054367065,77890,77900,10
13.0679502487,80.205291748,77900,77920,20
13.068110466,80.2050628662,77920,77949,29
13.0683097839,80.2049484253,77949,78090,141
13.0686597824,80.2047424316,78090,78269,179
13.0686597824,80.2047424316,78269,78280,11
13.0690698624,80.2047119141,78280,78290,10
13.0692901611,80.204750061,78290,78310,20
13.0692901611,80.204750061,78310,78320,10
13.069560051,80.2048110962,78320,78330,10
13.0697698593,80.2049179077,78330,78401,71
13.0697698593,80.2049179077,78401,78411,10
13.069849968,80.2050476074,78411,78421,10
13.0697402954,80.2053222656,78421,78431,10
13.0693998337,80.2058410645,78431,78441,10
13.0684404373,80.207359314,78441,78451,10
13.0684404373,80.207359314,78451,78461,10
13.067990303,80.2080993652,78461,78471,10
13.067609787,80.2087020874,78471,78492,21
13.0666399002,80.2100601196,78492,78502,10
13.0659303665,80.2106399536,78502,78512,10
13.0652503967,80.21118927,78512,78522,10
13.0649995804,80.2113876343,78522,78532,10
13.0649404526,80.2114562988,78532,78542,10
13.0645303726,80.2116317749,78542,78552,10
13.0640001297,80.2117919922,78552,78562,10
13.0638198853,80.2117919922,78562,78572,10
13.0637197495,80.2117614746,78572,78592,20
13.0637197495,80.2117614746,78592,78603,11
13.0635004044,80.2117614746,78603,78613,10
13.062379837,80.2118225098,78613,78623,10
13.062379837,80.2118225098,78623,78633,10
13.0616197586,80.2117996216,78633,78641,8
13.0608196259,80.2117614746,78641,78659,18
13.0588598251,80.2116775513,78659,78670,11
13.0579004288,80.2116699219,78670,78680,10
13.0576400757,80.2116775513,78680,78690,10
13.0574903488,80.2117233276,78690,78700,10
13.0572004318,80.2117233276,78700,78711,11
13.0565595627,80.2117080688,78711,78721,10
13.0557603836,80.2116775513,78721,78731,10
13.0548200607,80.2116622925,78731,78741,10
13.054019928,80.2117385864,78741,78751,10
13.0531597137,80.2119369507,78751,78761,10
13.0525197983,80.212097168,78761,78771,10
13.0521802902,80.2121582031,78771,78781,10
13.0517196655,80.2122497559,78781,78791,10
13.0512895584,80.2122268677,78791,78801,10
13.050909996,80.2122802734,78801,78812,11
13.0502004623,80.2122573853,78812,78822,10
13.0498695374,80.2122421265,78822,78832,10
13.0496397018,80.2121963501,78832,78862,30
13.0496397018,80.2121963501,78862,78872,10
13.0492601395,80.2121810913,78872,78882,10
13.0489797592,80.2121734619,78882,78892,10
13.0484199524,80.2122192383,78892,78902,10
13.0476303101,80.212310791,78902,78912,10
13.0466604233,80.212348938,78912,78923,11
13.0455102921,80.2124023438,78923,78933,10
13.0447502136,80.2124710083,78933,78973,40
13.0447502136,80.2124710083,78973,78983,10
13.0445804596,80.2124481201,78983,78993,10
13.0441703796,80.2124633789,78993,79003,10
13.0434598923,80.2124404907,79003,79013,10
13.0426101685,80.2124328613,79013,79023,10
13.0417900085,80.2124099731,79023,79034,11
13.0407400131,80.2124328613,79034,79044,10
13.0396499634,80.2124404907,79044,79054,10
13.0385303497,80.2124481201,79054,79064,10
13.0377502441,80.2124481201,79064,79094,30
13.0377502441,80.2124481201,79094,79104,10
13.037560463,80.212348938,79104,79114,10
13.0370702744,80.212348938,79114,79124,10
13.0364398956,80.2123413086,79124,79135,11
13.0356903076,80.212348938,79135,79145,10
13.0351600647,80.2123413086,79145,79155,10
13.0347204208,80.2122268677,79155,79165,10
13.0342998505,80.2121734619,79165,79185,20
13.0342998505,80.2121734619,79185,79195,10
13.0339403152,80.2121124268,79195,79205,10
13.033490181,80.2119827271,79205,79215,10
13.0328302383,80.2118377686,79215,79225,10
13.0321502686,80.2116928101,79225,79234,9
13.0319795609,80.2113037109,79234,79246,12
13.0320596695,80.2105331421,79246,79256,10
13.0321102142,80.210067749,79256,79266,10
13.0320196152,80.2096405029,79266,79276,10
13.0314302444,80.2095108032,79276,79286,10
13.0306596756,80.209312439,79286,79296,10
13.0300703049,80.2091369629,79296,79306,10
13.029800415,80.2090606689,79306,79316,10
13.0296297073,80.209022522,79316,79326,10
13.0295000076,80.2089920044,79326,79335,9
13.0292396545,80.2088928223,79335,79347,12
13.0284404755,80.2086791992,79347,79357,10
13.0276603699,80.208366394,79357,79367,10
13.0269098282,80.2079162598,79367,79377,10
13.0261096954,80.2074279785,79377,79387,10
13.025179863,80.207069397,79387,79397,10
13.0243597031,80.2069473267,79397,79407,10
13.0242395401,80.2069168091,79407,79417,10
13.023900032,80.2068328857,79417,79427,10
13.0232696533,80.206703186,79427,79437,10
13.022480011,80.206489563,79437,79446,9
13.0217895508,80.2064666748,79446,79458,12
13.0213403702,80.2065124512,79458,79468,10
13.0206098557,80.206489563,79468,79478,10
13.0197896957,80.2064666748,79478,79488,10
13.0192604065,80.2064208984,79488,79508,20
13.0192604065,80.2064208984,79508,79518,10
13.0187501907,80.2062225342,79518,79528,10
13.0181398392,80.2060317993,79528,79538,10
13.017490387,80.2057723999,79538,79547,9
13.0169200897,80.2055587769,79547,79559,12
13.0160198212,80.2052536011,79559,79569,10
13.0150995255,80.2049636841,79569,79579,10
13.0142602921,80.2046508789,79579,79589,10
13.0140895844,80.2045974731,79589,79599,10
13.013879776,80.2045211792,79599,79609,10
13.0136299133,80.2044525146,79609,79619,10
13.013589859,80.2044830322,79619,79629,10
13.0135202408,80.2046966553,79629,79639,10
13.013420105,80.2050170898,79639,79649,10
13.0132102966,80.2056503296,79649,79659,10
13.0130300522,80.2064590454,79659,79670,11
13.0129404068,80.2073287964,79670,79680,10
13.0128498077,80.2078781128,79680,79690,10
13.0128297806,80.2083587646,79690,79700,10
13.0128602982,80.2086410522,79700,79710,10
13.0129404068,80.2091903687,79710,79720,10
13.0131502151,80.209777832,79720,79730,10
13.0130701065,80.2104492188,79730,79740,10
13.0128602982,80.2111663818,79740,79750,10
13.0124597549,80.2119827271,79750,79760,10
13.012049675,80.212562561,79760,79771,11
13.0117797852,80.2128219604,79771,79781,10
13.0114803314,80.212600708,79781,79791,10
13.0109596252,80.2122192383,79791,79801,10
13.0103502274,80.211807251,79801,79811,10
13.0099096298,80.21144104,79811,79821,10
13.0093803406,80.2110290527,79821,79851,30
13.00922966,80.2110824585,79851,79861,10
13.00922966,80.2110824585,79861,79871,10
13.0090799332,80.2113494873,79871,79882,11
13.0091199875,80.2117996216,79882,79892,10
13.0092802048,80.2124023438,79892,79902,10
13.009519577,80.2130889893,79902,79912,10
13.0097904205,80.2137908936,79912,79922,10
13.0100603104,80.2144775391,79922,79932,10
13.0101604462,80.2151489258,79932,79942,10
13.0102901459,80.2158813477,79942,79952,10
13.0106601715,80.2166900635,79952,79962,10
13.0110902786,80.2175827026,79962,79972,10
13.011469841,80.2185211182,79972,79983,11
13.0118398666,80.2196731567,79983,79993,10
13.0121297836,80.2206268311,79993,80003,10
13.012339592,80.2213668823,80003,80013,10
13.0125598907,80.2217483521,80013,80023,10
13.0129699707,80.2222671509,80023,80033,10
13.0134897232,80.2229003906,80033,80043,10
13.0140895844,80.2235717773,80043,80053,10
13.0144996643,80.2240066528,80053,80063,10
13.0149803162,80.2245864868,80063,80073,10
13.0150403976,80.2246398926,80073,80083,10
13.0151700974,80.2247467041,80083,80094,11
13.0154104233,80.2251281738,80094,80104,10
13.0153503418,80.2256164551,80104,80114,10
13.0148000717,80.2259521484,80114,80124,10
13.0140199661,80.2262802124,80124,80134,10
13.0130996704,80.2266464233,80134,80144,10
13.0121297836,80.2270202637,80144,80154,10
13.011179924,80.2274093628,80154,80164,10
13.0101299286,80.2278289795,80164,80174,10
13.0094900131,80.2276916504,80174,80184,10
13.0097398758,80.2271118164,80184,80194,10
13.0100698471,80.2263793945,80194,80205,11
13.0104703903,80.225402832,80205,80215,10
13.0108995438,80.2244262695,80215,80225,10
13.0111904144,80.2235107422,80225,80235,10
13.0111103058,80.2230529785,80235,80245,10
13.0106201172,80.2227935791,80245,80255,10
13.0099496841,80.2224502563,80255,80265,10
13.0091600418,80.2220306396,80265,80275,10
13.0082702637,80.2215499878,80275,80285,10
13.0072803497,80.221031189,80285,80295,10
13.0063800812,80.2206115723,80295,80306,11
13.0053796768,80.2203979492,80306,80316,10
13.0045204163,80.2201690674,80316,80326,10
13.0036697388,80.2199630737,80326,80336,10
13.0028800964,80.2197418213,80336,80346,10
13.0023403168,80.2193527222,80346,80356,10
13.001830101,80.2188034058,80356,80366,10
13.0011501312,80.21824646,80366,80376,10
13.0003995895,80.2177429199,80376,80386,10
12.9996995926,80.2173080444,80386,80396,10
12.9988498688,80.2168731689,80396,80406,10
12.9979295731,80.2165527344,80406,80417,11
12.9974098206,80.216506958,80417,80427,10
12.9972801208,80.2164993286,80427,80437,10
12.9969596863,80.2165222168,80437,80447,10
12.9963302612,80.2166137695,80447,80457,10
12.9957799911,80.2166900635,80457,80467,10
12.9952297211,80.2169418335,80467,80477,10
12.9949598312,80.217086792,80477,80487,10
12.9945602417,80.2173995972,80487,80497,10
12.9941196442,80.2177200317,80497,80507,10
12.9936704636,80.2180328369,80507,80518,11
12.993060112,80.2184524536,80518,80528,10
12.9925098419,80.2188796997,80528,80538,10
12.9918498993,80.2193603516,80538,80548,10
12.9914398193,80.2196121216,80548,80558,10
12.9911203384,80.2194900513,80558,80568,10
12.9910001755,80.2194366455,80568,80578,10
12.9905595779,80.2192687988,80578,80588,10
12.9898900986,80.2190170288,80588,80598,10
12.9890699387,80.2187194824,80598,80607,9
12.9882001877,80.218460083,80607,80619,12
12.9873199463,80.2183227539,80619,80629,10
12.9869804382,80.2182617188,80629,80639,10
12.9865398407,80.2181625366,80639,80649,10
12.9858598709,80.2179794312,80649,80659,10
12.9849901199,80.217918396,80659,80669,10
12.9841995239,80.217956543,80669,80679,10
12.9840602875,80.2179718018,80679,80689,10
12.9840097427,80.2179870605,80689,80699,10
12.9836196899,80.2179794312,80699,80709,10
12.9829101563,80.217956543,80709,80719,10
12.9820699692,80.2179718018,80719,80730,11
12.9810400009,80.218170166,80730,80740,10
12.9802598953,80.2184295654,80740,80750,10
12.9798698425,80.2185821533,80750,80760,10
12.9793300629,80.2188110352,80760,80770,10
12.9787797928,80.2190170288,80770,80780,10
12.9783201218,80.2192077637,80780,80790,10
12.9775800705,80.2195129395,80790,80800,10
12.9767799377,80.2198181152,80800,80810,10
12.9756698608,80.2203216553,80810,80861,51
12.9756698608,80.2203216553,80861,80871,10
12.9754800797,80.2207183838,80871,80891,20
12.9754800797,80.2207183838,80891,80901,10
12.9758996964,80.2210006714,80901,80942,41
12.9758996964,80.2210006714,80942,80952,10
12.9762201309,80.2211914063,80952,80962,10
12.9765901566,80.221206665,80962,80972,10
12.9770402908,80.2211837769,80972,80982,10
12.9777097702,80.2211532593,80982,80992,10
12.9783601761,80.2211380005,80992,81002,10
12.9790201187,80.2210769653,81002,81012,10
12.979640007,80.2210464478,81012,81022,10
12.9802999496,80.220993042,81022,81032,10
12.9810400009,80.2210083008,81032,81042,10
12.9816904068,80.2213516235,81042,81053,11
12.9822502136,80.2217025757,81053,81063,10
12.9826202393,80.2218017578,81063,81073,10
12.98279953,80.221862793,81073,81083,10
12.9830598831,80.2220077515,81083,81093,10
12.983420372,80.2222518921,81093,81103,10
12.9839200974,80.2225570679,81103,81113,10
12.9844398499,80.222869873,81113,81123,10
12.9849700928,80.22315979,81123,81133,10
12.9854698181,80.2231674194,81133,81143,10
12.9859895706,80.2229385376,81143,81154,11
12.9865503311,80.2229385376,81154,81164,10
12.9867095947,80.2229614258,81164,81174,10
12.9870195389,80.2230224609,81174,81184,10
12.9874601364,80.2230529785,81184,81194,10
12.9879798889,80.2228622437,81194,81204,10
12.9885101318,80.2224121094,81204,81214,10
12.9890298843,80.2219161987,81214,81224,10
12.9895200729,80.2213363647,81224,81234,10
12.990070343,80.2206268311,81234,81244,10
12.9907102585,80.2201385498,81244,81254,10
12.9912900925,80.2196807861,81254,81265,11
12.9916801453,80.2193984985,81265,81275,10
12.9920701981,80.2191162109,81275,81285,10
12.9925498962,80.2187728882,81285,81295,10
12.9927396774,80.2186279297,81295,81305,10
12.9929504395,80.2184524536,81305,81315,10
12.9933996201,80.2181091309,81315,81325,10
12.9939203262,80.2177429199,81325,81335,10
12.9944400787,80.217376709,81335,81345,10
12.9948797226,80.2170715332,81345,81355,10
12.9953804016,80.2167510986,81355,81366,11
12.9960803986,80.2165374756,81366,81376,10
12.9966402054,80.2164611816,81376,81386,10
12.997130394,80.2164001465,81386,81396,10
12.9973602295,80.2161865234,81396,81406,10
12.9974002838,80.2161483765,81406,81416,10
12.9977903366,80.2158813477,81416,81426,10
12.9981298447,80.2155532837,81426,81436,10
12.9985303879,80.2152404785,81436,81446,10
12.9989595413,80.2148590088,81446,81456,10
12.9991598129,80.2147064209,81456,81465,9
12.999420166,80.2144699097,81465,81477,12
12.9998197556,80.2141265869,81477,81487,10
13.0001497269,80.2138366699,81487,81497,10
13.0006103516,80.2134094238,81497,81507,10
13.0010404587,80.2130432129,81507,81517,10
13.0014696121,80.2127304077,81517,81527,10
13.0019302368,80.2124023438,81527,81537,10
13.0022602081,80.2122116089,81537,81547,10
13.0026502609,80.2120895386,81547,81557,10
13.0031700134,80.2120513916,81557,81566,9
13.0035600662,80.2119979858,81566,81578,12
13.0036697388,80.2116088867,81578,81588,10
13.0036802292,80.2110900879,81588,81598,10
13.0036201477,80.2105484009,81598,81608,10
13.0035495758,80.2099609375,81608,81618,10
13.0035800934,80.2093200684,81618,81628,10
13.0037403107,80.2087020874,81628,81638,10
13.004360199,80.2087631226,81638,81648,10
13.0050802231,80.2090835571,81648,81658,10
13.0058403015,80.2093963623,81658,81668,10
13.006480217,80.209602356,81668,81678,10
13.0068998337,80.2097167969,81678,81689,11
13.0070896149,80.2097702026,81689,81699,10
13.0072402954,80.2098007202,81699,81709,10
13.0074300766,80.2098236084,81709,81719,10
13.0076599121,80.2098464966,81719,81729,10
13.0078601837,80.2098770142,81729,81739,10
13.0080404282,80.2099304199,81739,81749,10
13.0081596375,80.2098388672,81749,81759,10
13.0080604553,80.2094573975,81759,81769,10
13.0079698563,80.2088699341,81769,81778,9
13.0078897476,80.2083435059,81778,81790,12
13.0077800751,80.2078170776,81790,81800,10
13.0076599121,80.2070465088,81800,81810,10
13.0075302124,80.2063293457,81810,81820,10
13.0074701309,80.2058868408,81820,81830,10
13.007349968,80.2055130005,81830,81840,10
13.0070896149,80.2049102783,81840,81850,10
13.0068702698,80.2044067383,81850,81860,10
13.0066204071,80.203918457,81860,81870,10
13.0061397552,80.2032623291,81870,81880,10
13.0058298111,80.202796936,81880,81890,10
13.0055999756,80.2022399902,81890,81901,11
13.0051002502,80.2016220093,81901,81911,10
13.0045995712,80.2012481689,81911,81921,10
13.0039300919,80.2010269165,81921,81931,10
13.0032596588,80.200843811,81931,81941,10
13.0025901794,80.200630188,81941,81951,10
13.0019798279,80.2002105713,81951,81961,10
13.001660347,80.1995773315,81961,81971,10
13.0016899109,80.1988983154,81971,81981,10
13.0018100739,80.1981887817,81981,81991,10
13.0019102097,80.1974182129,81991,82002,11
13.0017499924,80.1965789795,82002,82012,10
13.0014896393,80.1961975098,82012,82022,10
13.0011997223,80.1958770752,82022,82032,10
13.0007696152,80.195350647,82032,82042,10
13.0003299713,80.1947479248,82042,82052,10
12.9999904633,80.1943588257,82052,82062,10
12.9997301102,80.1940917969,82062,82072,10
12.9996004105,80.1938705444,82072,82082,10
12.999420166,80.1936416626,82082,82092,10
12.9992399216,80.1934204102,82092,82101,9
12.9990997314,80.1931762695,82101,82113,12
12.9981803894,80.1923370361,82113,82123,10
12.9981803894,80.1923370361,82123,82133,10
12.9976301193,80.192817688,82133,82143,10
12.9970798492,80.1932678223,82143,82163,20
12.9967803955,80.1931228638,82163,82173,10
12.9966497421,80.192741394,82173,82183,10
12.996509552,80.1922225952,82183,82193,10
12.9963798523,80.1916809082,82193,82476,283
12.9963798523,80.1916809082,82476,82486,10
12.9964103699,80.1913833618,82486,83253,767
12.9964103699,80.1913833618,83253,83263,10
12.9967403412,80.1912002563,83263,83707,444
12.9967403412,80.1912002563,83707,83718,11
12.9968004227,80.1908798218,83718,83980,262
12.9968004227,80.1908798218,83980,83990,10
12.9970197678,80.1908569336,83990,84000,10
12.9970502853,80.1910934448,84000,84010,10
12.9971904755,80.1910095215,84010,84020,10
12.9970197678,80.1908721924,84020,84030,10
12.9965896606,80.1910171509,84030,84172,142
