13.0142002106,80.2253799438,12,3448,3436
13.0143003464,80.2254562378,3448,3579,131
13.0143499374,80.2255325317,3579,3871,292
13.0143203735,80.2254180908,3871,4206,335
13.0142097473,80.2252807617,4206,4630,424
13.0143003464,80.2253417969,4630,4711,81
13.0143299103,80.2252502441,4711,5093,382
13.0143299103,80.2253799438,5093,5388,295
13.0142698288,80.2253265381,5388,5449,61
13.0143404007,80.2253570557,5449,5762,313
13.0142202377,80.2253036499,5762,6299,537
13.0142698288,80.2252807617,6299,6380,81
13.0142498016,80.2253112793,6380,8160,1780
13.0143003464,80.2254104614,8160,8765,605
13.0143899918,80.2253417969,8765,11303,2538
13.0143098831,80.2255630493,11303,11718,415
13.0143098831,80.2255630493,11718,11730,12
13.0142402649,80.2252807617,11730,12093,363
13.014380455,80.2254333496,12093,12366,273
13.0142602921,80.2252807617,12366,12882,516
13.0143699646,80.2254562378,12882,12932,50
13.0143699646,80.2254562378,12932,12942,10
13.0142602921,80.2252807617,12942,15074,2132
13.0142002106,80.2255096436,15074,15287,213
13.0142297745,80.2252807617,15287,16146,859
13.0142297745,80.2252807617,16146,16156,10
13.0141897202,80.2253189087,16156,16257,101
13.0142698288,80.2253265381,16257,16650,393
13.0142698288,80.2253265381,16650,16660,10
13.0141801834,80.2253417969,16660,16680,20
13.0141801834,80.2253417969,16680,16691,11
13.0141801834,80.2254104614,16691,16741,50
13.0142097473,80.2253112793,16741,16944,203
13.0142698288,80.2253417969,16944,17379,435
13.014289856,80.2253494263,17379,17530,151
13.0142803192,80.2253036499,17530,17946,416
13.014289856,80.2253875732,17946,18219,273
13.014289856,80.2253875732,18219,18229,10
13.0142602921,80.2253570557,18229,18431,202
13.0142602921,80.2253036499,18431,18602,171
13.0143203735,80.2253494263,18602,23728,5126
13.0143203735,80.2253494263,23728,23738,10
13.0142202377,80.2255172729,23738,23748,10
13.0142297745,80.2255783081,23748,23759,11
13.014169693,80.225730896,23759,24183,424
13.0142097473,80.2261276245,24183,24203,20
13.0142097473,80.2261276245,24203,24213,10
13.0140199661,80.2262802124,24213,24223,10
13.0137395859,80.2264099121,24223,24233,10
13.0133800507,80.2265625,24233,24243,10
13.0128297806,80.2267532349,24243,24253,10
13.0122699738,80.2269821167,24253,24263,10
13.0116701126,80.2272186279,24263,24273,10
13.01101017,80.2275009155,24273,24284,11
13.0102596283,80.2278213501,24284,24294,10
13.0097103119,80.2278289795,24294,24304,10
13.0097103119,80.2273178101,24304,24314,10
13.0100097656,80.2265930176,24314,24324,10
13.0103502274,80.2257919312,24324,24334,10
13.0106496811,80.2251281738,24334,24344,10
13.0108995438,80.2244567871,24344,24354,10
13.0111398697,80.2237930298,24354,24364,10
13.0112800598,80.2233581543,24364,24373,9
13.0115499496,80.2232971191,24373,24385,12
13.0122098923,80.2236175537,24385,24395,10
13.0127897263,80.2239379883,24395,24405,10
13.013420105,80.2242889404,24405,24415,10
13.0140895844,80.2246322632,24415,24425,10
13.0147104263,80.224937439,24425,24435,10
13.0153799057,80.2253036499,24435,24455,20
13.0153799057,80.2253036499,24455,24465,10
13.0155601501,80.2253265381,24465,24475,10
13.0160799026,80.2253265381,24475,24485,10
13.0169200897,80.2251586914,24485,24495,10
13.0178499222,80.2248001099,24495,24505,10
13.0187597275,80.2244262695,24505,24515,10
13.019490242,80.2244415283,24515,24525,10
13.0200796127,80.2247924805,24525,24535,10
13.0207195282,80.2252120972,24535,24545,10
13.0211696625,80.2255325317,24545,24749,204
13.0211696625,80.2255325317,24749,24759,10
13.0214700699,80.2258071899,24759,24769,10
13.0218095779,80.2260513306,24769,24779,10
13.0222902298,80.2264328003,24779,24789,10
13.0228300095,80.2268981934,24789,24800,11
13.0234298706,80.227432251,24800,24810,10
13.0239601135,80.2279281616,24810,24820,10
13.0242900848,80.2282714844,24820,24830,10
13.0243997574,80.2285614014,24830,24840,10
13.0242795944,80.2285308838,24840,24850,10
13.0241098404,80.2282714844,24850,24860,10
13.0235500336,80.2277374268,24860,24870,10
13.0230798721,80.2274398804,24870,24951,81
13.0230798721,80.2274398804,24951,24961,10
13.0227899551,80.2272720337,24961,24971,10
13.0226402283,80.2270126343,24971,24981,10
13.0222997665,80.2266616821,24981,24991,10
13.0218000412,80.2262268066,24991,25001,10
13.0212802887,80.2257919312,25001,25012,11
13.02064991,80.2253189087,25012,25022,10
13.0201501846,80.2249832153,25022,25032,10
13.0196399689,80.2246398926,25032,25042,10
13.0190000534,80.2245178223,25042,25052,10
13.0182199478,80.2247772217,25052,25062,10
13.0173397064,80.2251434326,25062,25072,10
13.0165300369,80.2254714966,25072,25082,10
13.0159301758,80.2256774902,25082,25092,10
13.0153303146,80.2259063721,25092,25102,10
13.0147304535,80.2261810303,25102,25113,11
13.014380455,80.2263183594,25113,25123,10
13.0143499374,80.2263336182,25123,25133,10
13.0139503479,80.2264633179,25133,25143,10
13.0133399963,80.2266769409,25143,25153,10
13.0125598907,80.2269363403,25153,25163,10
13.0115203857,80.2273483276,25163,25173,10
13.0104904175,80.2277526855,25173,25183,10
13.0097103119,80.2279205322,25183,25193,10
13.0096902847,80.2273178101,25193,25203,10
13.0099802017,80.2266387939,25203,25214,11
13.0103502274,80.2257080078,25214,25224,10
13.0107603073,80.2247695923,25224,25234,10
13.0111303329,80.2238616943,25234,25244,10
13.0112895966,80.2232818604,25244,25254,10
13.0108203888,80.2230377197,25254,25264,10
13.0100898743,80.2226791382,25264,25274,10
13.009180069,80.2221374512,25274,25284,10
13.0082798004,80.2216415405,25284,25294,10
13.0074195862,80.2211608887,25294,25304,10
13.0064697266,80.2207336426,25304,25315,11
13.0053701401,80.220451355,25315,25325,10
13.0046796799,80.2202682495,25325,25335,10
13.004529953,80.2202224731,25335,25345,10
13.0040903091,80.2201080322,25345,25355,10
13.0034503937,80.2199325562,25355,25365,10
13.0026302338,80.219619751,25365,25375,10
13.001950264,80.2189788818,25375,25385,10
13.0013399124,80.2184524536,25385,25395,10
13.0006399155,80.2180099487,25395,25405,10
12.9999599457,80.2175674438,25405,25415,10
12.9990196228,80.2170410156,25415,25426,11
12.997420311,80.2165374756,25426,25446,20
12.997420311,80.2165374756,25446,25456,10
12.9972801208,80.216506958,25456,25467,11
12.996629715,80.2165679932,25467,25476,9
12.9961595535,80.2166900635,25476,25487,11
12.9958400726,80.2167816162,25487,25497,10
12.9953098297,80.2169723511,25497,25507,10
12.99477005,80.2173309326,25507,25517,10
12.9941701889,80.2177581787,25517,25527,10
12.9936504364,80.2181167603,25527,25537,10
12.9929599762,80.2186126709,25537,25547,10
12.9921197891,80.2192382813,25547,25557,10
12.9913597107,80.2198410034,25557,25567,10
12.9908599854,80.220199585,25567,25577,10
12.9908504486,80.2202072144,25577,25587,10
12.990480423,80.2204971313,25587,25597,10
12.9899301529,80.2209701538,25597,25607,10
12.9894304276,80.2215194702,25607,25617,10
12.9890604019,80.2220077515,25617,25630,13
12.9882297516,80.2228088379,25630,25640,10
12.9877099991,80.2231216431,25640,25650,10
12.9876499176,80.2231216431,25650,25660,10
12.9872903824,80.2230834961,25660,25670,10
12.9867296219,80.2229614258,25670,25680,10
12.9859600067,80.2229690552,25680,25690,10
12.9855604172,80.2232284546,25690,25700,10
12.9850702286,80.2232208252,25700,25710,10
12.9844198227,80.22290802,25710,25720,10
12.9839296341,80.2226333618,25720,25731,11
12.9834899902,80.2223892212,25731,25741,10
12.9830102921,80.2220916748,25741,25751,10
12.9824895859,80.221862793,25751,25761,10
12.9818296432,80.2214889526,25761,25771,10
12.9810800552,80.2210769653,25771,25781,10
12.9802999496,80.2210617065,25781,25791,10
12.9794397354,80.2211380005,25791,25801,10
12.9785804749,80.2211837769,25801,25811,10
12.9776802063,80.2212371826,25811,25821,10
12.9771203995,80.2212677002,25821,25832,11
12.976360321,80.2212600708,25832,25842,10
12.9756698608,80.2210617065,25842,25862,20
12.9756698608,80.2210617065,25862,25872,10
12.9756202698,80.2210464478,25872,25882,10
12.9755001068,80.2209701538,25882,25892,10
12.9752597809,80.2208175659,25892,25902,10
12.9747896194,80.2205886841,25902,25912,10
12.9742603302,80.2203598022,25912,25922,10
12.9735498428,80.2200469971,25922,25932,10
12.9725503922,80.2196807861,25932,25943,11
12.9715204239,80.2193069458,25943,25953,10
12.9709997177,80.2191696167,25953,25963,10
12.970990181,80.2191696167,25963,25973,10
12.9707603455,80.2190704346,25973,25983,10
12.9703903198,80.2188110352,25983,25993,10
12.9696502686,80.21849823,25993,26003,10
12.9688301086,80.2181777954,26003,26013,10
12.9679899216,80.2178497314,26013,26023,10
12.9671297073,80.2175292969,26023,26033,10
12.9661903381,80.2171630859,26033,26044,11
12.9651098251,80.2167282104,26044,26054,10
12.964220047,80.2163619995,26054,26064,10
12.9635295868,80.2160415649,26064,26074,10
12.9630098343,80.2158203125,26074,26084,10
12.9629297256,80.2157897949,26084,26094,10
12.9626102448,80.2156677246,26094,26104,10
12.9619598389,80.2154388428,26104,26114,10
12.9611301422,80.2151031494,26114,26124,10
12.9602899551,80.2147674561,26124,26134,10
12.9594402313,80.2144165039,26134,26145,11
12.9583597183,80.2139816284,26145,26155,10
12.9572095871,80.2135162354,26155,26165,10
12.9560203552,80.2130508423,26165,26175,10
12.9549999237,80.2126693726,26175,26185,10
12.954079628,80.2123031616,26185,26195,10
12.9538002014,80.2121963501,26195,26205,10
12.9534797668,80.2120513916,26205,26215,10
12.9527702332,80.2117919922,26215,26225,10
12.9518003464,80.2114334106,26225,26235,10
12.9508199692,80.2110977173,26235,26245,10
12.9498100281,80.2107162476,26245,26256,11
12.948800087,80.2103271484,26256,26266,10
12.9484300613,80.2101821899,26266,26276,10
12.947930336,80.2099533081,26276,26286,10
12.9472198486,80.2096710205,26286,26296,10
12.9465703964,80.2094192505,26296,26306,10
12.9458599091,80.2091522217,26306,26316,10
12.9451704025,80.208770752,26316,26326,10
12.9443998337,80.208480835,26326,26336,10
12.9441995621,80.2084121704,26336,26346,10
12.9440603256,80.2083511353,26346,26357,11
12.943570137,80.2081298828,26357,26367,10
12.9429798126,80.2077331543,26367,26377,10
12.9424200058,80.2070388794,26377,26387,10
12.9415597916,80.2063598633,26387,26397,10
12.9410295486,80.2060623169,26397,26407,10
12.9409704208,80.2060165405,26407,26417,10
12.940580368,80.2058563232,26417,26427,10
12.9399700165,80.2056732178,26427,26437,10
12.9392299652,80.2054519653,26437,26447,10
12.9383802414,80.2051773071,26447,26457,10
12.9375801086,80.2049407959,26457,26467,10
12.9366502762,80.2046737671,26467,26478,11
12.9357595444,80.2044219971,26478,26488,10
12.9351100922,80.2041091919,26488,26498,10
12.9343595505,80.203956604,26498,26508,10
12.9337396622,80.2039337158,26508,26518,10
12.9336900711,80.2039337158,26518,26528,10
12.9333095551,80.2038574219,26528,26537,9
12.9328603745,80.203666687,26537,26548,11
12.9322004318,80.2034606934,26548,26560,12
12.931189537,80.2031173706,26560,26570,10
12.930390358,80.2029037476,26570,26580,10
12.9296798706,80.2027816772,26580,26590,10
12.9293603897,80.2027587891,26590,26600,10
12.9290504456,80.2026901245,26600,26610,10
12.9285497665,80.2024612427,26610,26620,10
12.9284896851,80.2017669678,26620,26630,10
12.928440094,80.2008590698,26630,26640,10
12.9283399582,80.1998596191,26640,26650,10
12.9280004501,80.19896698,26650,26661,11
12.9274702072,80.1981582642,26661,26671,10
12.9266500473,80.1976928711,26671,26681,10
12.9263696671,80.1976165771,26681,26691,10
12.9262104034,80.197593689,26691,26701,10
12.9257698059,80.1975402832,26701,26711,10
12.9254598618,80.1975326538,26711,26721,10
12.9251203537,80.1975097656,26721,26731,10
12.9243803024,80.1975326538,26731,26741,10
12.923500061,80.1974716187,26741,26751,10
12.9226903915,80.1973571777,26751,26761,10
12.9220695496,80.1972885132,26761,26772,11
12.9218797684,80.1972427368,26772,26782,10
12.9213104248,80.1970367432,26782,26792,10
12.9203996658,80.1967086792,26792,26802,10
12.9196500778,80.1964569092,26802,26812,10
12.9190502167,80.1960906982,26812,26822,10
12.9185800552,80.1956634521,26822,26832,10
12.9181203842,80.1952667236,26832,26842,10
12.9176597595,80.1948699951,26842,26852,10
12.9171600342,80.1942901611,26852,26862,10
12.9170198441,80.1939163208,26862,26873,11
12.9169998169,80.193321228,26873,26883,10
12.9170703888,80.1926803589,26883,26893,10
12.9170103073,80.1923370361,26893,26903,10
12.9167203903,80.1923294067,26903,26923,20
12.9167203903,80.1923294067,26923,26933,10
12.916390419,80.1923217773,26933,26943,10
12.9156503677,80.1922836304,26943,26953,10
12.9147500992,80.1922225952,26953,26963,10
12.9137496948,80.1921005249,26963,26976,13
12.9125099182,80.1919326782,26976,26986,10
12.9114704132,80.1918029785,26986,26996,10
12.9104604721,80.1916732788,26996,27006,10
12.909819603,80.1915435791,27006,27016,10
12.909740448,80.1914672852,27016,27026,10
12.909620285,80.1913833618,27026,27036,10
12.9091300964,80.1910095215,27036,27046,10
12.9083995819,80.1904525757,27046,27056,10
12.9076004028,80.1898269653,27056,27066,10
12.9068498611,80.1892776489,27066,27077,11
12.9062900543,80.1888885498,27077,27087,10
12.9060602188,80.1887588501,27087,27097,10
12.905790329,80.1885604858,27097,27107,10
12.9052000046,80.1881713867,27107,27117,10
12.9044504166,80.1876907349,27117,27127,10
12.9039497375,80.1870574951,27127,27137,10
12.9039897919,80.1861114502,27137,27147,10
12.9040298462,80.185043335,27147,27157,10
12.9036998749,80.1845779419,27157,27167,10
12.902970314,80.1843566895,27167,27177,10
12.9020395279,80.1840896606,27177,27187,10
12.9013204575,80.1839065552,27187,27197,10
12.9006700516,80.1836700439,27197,27207,10
12.8998298645,80.1832504272,27207,27217,10
12.8987598419,80.1827163696,27217,27227,10
12.8978204727,80.1822433472,27227,27237,10
12.8973197937,80.1820068359,27237,27247,10
12.897310257,80.1819992065,27247,27258,11
12.8971204758,80.1819000244,27258,27268,10
12.8965196609,80.1815872192,27268,27278,10
12.8956699371,80.1811599731,27278,27288,10
12.8948001862,80.1807174683,27288,27298,10
12.8932600021,80.1799621582,27298,27318,20
12.8932600021,80.1799621582,27318,27328,10
12.8930501938,80.1795578003,27328,27338,10
12.8927097321,80.1788787842,27338,27348,10
12.8922901154,80.1780776978,27348,27358,10
12.8918895721,80.1773071289,27358,27368,10
12.8916797638,80.1769485474,27368,27378,10
12.8914699554,80.1765899658,27378,27391,13
12.8914499283,80.1765365601,27391,27401,10
12.8912601471,80.1762313843,27401,27411,10
12.8909196854,80.1755905151,27411,27421,10
12.8905601501,80.174911499,27421,27431,10
12.8900604248,80.1744613647,27431,27441,10
12.8898296356,80.1743774414,27441,27451,10
12.8895797729,80.1742477417,27451,27461,10
12.8893203735,80.174118042,27461,27471,10
12.8887395859,80.1738204956,27471,27481,10
12.8879203796,80.1734008789,27481,27492,11
12.8868598938,80.1728591919,27492,27502,10
12.8859395981,80.17237854,27502,27512,10
12.8851604462,80.1719665527,27512,27522,10
12.8843002319,80.1715316772,27522,27532,10
12.8834695816,80.1710968018,27532,27542,10
12.882610321,80.1706695557,27542,27552,10
12.8820896149,80.1709594727,27552,27562,10
12.8818597794,80.1710128784,27562,27572,10
12.8815097809,80.1708679199,27572,27582,10
12.8808803558,80.1706619263,27582,27593,11
12.8800401688,80.1702880859,27593,27603,10
12.8798799515,80.170211792,27603,27613,10
12.879119873,80.1699829102,27613,27623,10
12.879119873,80.1699829102,27623,27633,10
12.8782701492,80.1700973511,27633,27643,10
12.8771696091,80.1704330444,27643,27656,13
12.8760299683,80.1708068848,27656,27667,11
12.8717899323,80.173538208,27667,27726,59
12.8687601089,80.1756210327,27726,27758,32
12.8687601089,80.1756210327,27758,27778,20
12.8672504425,80.1759033203,27778,27788,10
12.8664503098,80.175819397,27788,27798,10
12.8656597137,80.1757507324,27798,27808,10
12.8651800156,80.1756896973,27808,27818,10
12.8650999069,80.1756591797,27818,27828,10
12.8646602631,80.1754379272,27828,27838,10
12.8639202118,80.1750030518,27838,27849,11
12.8628702164,80.1743164063,27849,27859,10
12.8617095947,80.1737976074,27859,27869,10
12.8605604172,80.173286438,27869,27879,10
12.8596496582,80.1728820801,27879,27889,10
12.8595104218,80.1728210449,27889,27899,10
12.8593101501,80.1727294922,27899,27909,10
12.8587598801,80.1725692749,27909,27919,10
12.8580703735,80.1724472046,27919,27929,10
12.8575401306,80.1723632813,27929,27939,10
12.8572998047,80.1723327637,27939,27949,10
12.8563604355,80.1721420288,27949,27969,20
12.8563604355,80.1721420288,27969,27979,10
12.8563404083,80.1721191406,27979,27989,10
12.8561401367,80.1720733643,27989,28002,13
12.8553695679,80.171836853,28002,28012,10
12.8544101715,80.1715621948,28012,28022,10
12.8533496857,80.171257019,28022,28032,10
12.8529100418,80.1712417603,28032,28042,10
12.8525695801,80.1712036133,28042,28052,10
12.8518600464,80.1710968018,28052,28062,10
12.8510704041,80.1709289551,28062,28072,10
12.8502902985,80.1708221436,28072,28082,10
12.8492097855,80.1706390381,28082,28092,10
12.8479404449,80.1704177856,28092,28103,11
12.8465003967,80.1702423096,28103,28113,10
12.8451795578,80.170173645,28113,28123,10
12.8438396454,80.1700897217,28123,28133,10
12.842499733,80.169960022,28133,28143,10
12.8411998749,80.1699676514,28143,28153,10
12.839969635,80.169960022,28153,28163,10
12.8390102386,80.1698913574,28163,28173,10
12.8383197784,80.1696014404,28173,28183,10
12.8380403519,80.169342041,28183,28193,10
12.8376598358,80.1692962646,28193,28204,11
12.8371496201,80.1690292358,28204,28214,10
12.8369703293,80.1688537598,28214,28224,10
12.8367700577,80.1687698364,28224,28234,10
12.8362798691,80.1686325073,28234,28244,10
12.8360500336,80.1684799194,28244,28254,10
12.8358898163,80.16796875,28254,28264,10
12.8354301453,80.1677474976,28264,28274,10
12.8347396851,80.1674194336,28274,28284,10
12.8338403702,80.1669082642,28284,28294,10
12.8330097198,80.1663970947,28294,28304,10
12.832159996,80.1660232544,28304,28315,11
12.831029892,80.1656494141,28315,28325,10
12.8298797607,80.1654281616,28325,28335,10
12.8288402557,80.1652984619,28335,28345,10
12.8280496597,80.1651992798,28345,28355,10
12.8275995255,80.1651382446,28355,28385,30
12.8275995255,80.1651382446,28385,28395,10
12.8273096085,80.1650238037,28395,28405,10
12.8268203735,80.1647033691,28405,28414,9
12.826259613,80.1643371582,28414,28426,12
12.825220108,80.1637496948,28426,28436,10
12.8242902756,80.163230896,28436,28446,10
12.8234596252,80.162689209,28446,28456,10
12.8223600388,80.1622161865,28456,28466,10
12.821269989,80.1617965698,28466,28476,10
12.8202896118,80.1613769531,28476,28483,7
12.8196601868,80.1611022949,28483,28497,14
12.8185396194,80.1605987549,28497,28507,10
12.8181400299,80.1604614258,28507,28516,9
12.8179197311,80.1603927612,28516,28528,12
12.817440033,80.1602783203,28528,28538,10
12.81690979,80.16015625,28538,28548,10
12.8162899017,80.1600265503,28548,28558,10
12.8157100677,80.1598968506,28558,28568,10
12.8150701523,80.1597595215,28568,28578,10
12.8143997192,80.1596298218,28578,28588,10
12.8136796951,80.1595687866,28588,28598,10
12.8129997253,80.1594772339,28598,28608,10
12.8123598099,80.1593399048,28608,28618,10
12.8115901947,80.1594619751,28618,28649,31
12.8115901947,80.1594619751,28649,28660,11
12.8114700317,80.1595001221,28660,28670,10
12.8111095428,80.159576416,28670,28680,10
12.8107204437,80.1596984863,28680,28690,10
12.8103199005,80.1597213745,28690,28700,10
12.8100099564,80.159576416,28700,28723,23
12.8100099564,80.159576416,28723,28734,11
12.8100595474,80.1596679688,28734,28744,10
12.8100996017,80.1596679688,28744,28754,10
12.8102302551,80.1596908569,28754,28764,10
12.8105602264,80.1596984863,28764,28774,10
12.8109903336,80.1596069336,28774,30219,1445
12.8109903336,80.1596069336,30219,30229,10
12.8110704422,80.1595916748,30229,30239,10
12.8112201691,80.159538269,30239,30249,10
12.8116703033,80.1594390869,30249,30269,20
12.8116703033,80.1594390869,30269,30279,10
12.8120603561,80.1593475342,30279,30289,10
12.8125696182,80.1593780518,30289,30300,11
12.8132400513,80.1595001221,30300,30310,10
12.8140296936,80.1595916748,30310,30320,10
12.8148403168,80.1597137451,30320,30330,10
12.8156099319,80.1598510742,30330,30340,10
12.816280365,80.1599731445,30340,30350,10
12.8167800903,80.1601028442,30350,30360,10
12.8174200058,80.1602630615,30360,30370,10
12.817899704,80.160369873,30370,30380,10
12.8182201385,80.1604537964,30380,30390,10
12.8184604645,80.1605300903,30390,30400,10
12.8189601898,80.1607666016,30400,30410,10
12.8196601868,80.1610794067,30410,30420,10
12.8205299377,80.1614532471,30420,30431,11
12.8216495514,80.1619262695,30431,30441,10
12.8226995468,80.1623382568,30441,30451,10
12.8237304688,80.1628265381,30451,30461,10
12.8246297836,80.1634292603,30461,30471,10
12.8254699707,80.1638793945,30471,30481,10
12.8261203766,80.1642303467,30481,30491,10
12.8266296387,80.1645584106,30491,30501,10
12.8270597458,80.1648330688,30501,30513,12
12.8274297714,80.1650695801,30513,30523,10
12.827630043,80.1651306152,30523,30533,10
12.8279495239,80.1651763916,30533,30561,28
12.8279495239,80.1651763916,30561,30575,14
12.8282499313,80.1652069092,30575,30585,10
12.8289203644,80.1652908325,30585,30595,10
12.8298797607,80.1654129028,30595,30605,10
12.8308897018,80.1655807495,30605,30616,11
12.8319797516,80.1659164429,30616,30626,10
12.8328304291,80.1662979126,30626,30636,10
12.8334798813,80.1666870117,30636,30646,10
12.83411026,80.1670303345,30646,30656,10
12.834810257,80.1674423218,30656,30666,10
12.8355197906,80.1677627563,30666,30676,10
12.8358898163,80.1679534912,30676,30686,10
12.8360395432,80.1684494019,30686,30696,10
12.8362998962,80.1686019897,30696,30706,10
12.8365402222,80.1686706543,30706,30717,11
12.8367700577,80.1687469482,30717,30727,10
12.8370704651,80.1688308716,30727,30737,10
12.8372297287,80.169052124,30737,30747,10
12.8375902176,80.1692581177,30747,30757,10
12.8380699158,80.1692962646,30757,30767,10
12.8382902145,80.1695022583,30767,30777,10
12.8387298584,80.1697616577,30777,30787,10
12.8393802643,80.1699295044,30787,30797,10
12.8400697708,80.1699371338,30797,30807,10
12.8409404755,80.1699523926,30807,30817,10
12.8418502808,80.1699371338,30817,30828,11
12.8430500031,80.1699523926,30828,30838,10
12.8441696167,80.1700897217,30838,30848,10
12.8452196121,80.1701431274,30848,30858,10
12.8462400436,80.1701889038,30858,30868,10
12.8472003937,80.1702575684,30868,30878,10
12.8481798172,80.1704330444,30878,30888,10
12.8493099213,80.1706085205,30888,30898,10
12.8507995605,80.1708526611,30898,30918,20
12.8507995605,80.1708526611,30918,30929,11
12.8511800766,80.1709289551,30929,30939,10
12.8519001007,80.1710510254,30939,30949,10
12.8527202606,80.1712036133,30949,30959,10
12.8534603119,80.1712799072,30959,30969,10
12.8541898727,80.1714706421,30969,30979,10
12.8548603058,80.171661377,30979,30989,10
12.8555803299,80.1718597412,30989,30999,10
12.8562297821,80.1720504761,30999,31009,10
12.8564500809,80.1721115112,31009,31030,21
12.8564500809,80.1721115112,31030,31040,10
12.8565797806,80.1721420288,31040,31050,10
12.8570098877,80.1722335815,31050,31060,10
12.8575401306,80.1723175049,31060,31070,10
12.8578195572,80.17237854,31070,31080,10
12.8583803177,80.1724700928,31080,31090,10
12.8589696884,80.1725692749,31090,31100,10
12.8594198227,80.1727371216,31100,31110,10
12.860039711,80.1730270386,31110,31120,10
12.8608198166,80.1733779907,31120,31130,10
12.861410141,80.1736373901,31130,31140,10
12.8622303009,80.1740036011,31140,31150,10
12.8631296158,80.1744689941,31150,31160,10
12.8639602661,80.174987793,31160,31170,10
12.8646001816,80.1753768921,31170,31180,10
12.8653697968,80.1756896973,31180,31200,20
12.8653697968,80.1756896973,31200,31211,11
12.865819931,80.1757278442,31211,31221,10
12.8665399551,80.175819397,31221,31231,10
12.8671798706,80.1758499146,31231,31241,10
12.8679304123,80.1759185791,31241,31251,10
12.8686199188,80.1756515503,31251,31261,10
12.8693199158,80.175163269,31261,31271,10
12.8700895309,80.1746368408,31271,31281,10
12.8709802628,80.174041748,31281,31291,10
12.8718204498,80.1734695435,31291,31301,10
12.8726701736,80.1729202271,31301,31311,10
12.8735198975,80.1723632813,31311,31323,12
12.8745698929,80.1716690063,31323,31331,8
12.8752603531,80.1712188721,31331,31344,13
12.8760099411,80.1707687378,31344,31352,8
12.8760404587,80.170753479,31352,31364,12
12.8763904572,80.1706390381,31364,31374,10
12.8770303726,80.1704177856,31374,31384,10
12.8779096603,80.1701202393,31384,31394,10
12.8789300919,80.1699523926,31394,31404,10
12.8797101974,80.1700515747,31404,31414,10
12.8800401688,80.1702423096,31414,31424,10
12.8800697327,80.170249939,31424,31434,10
12.8804502487,80.1704483032,31434,31444,10
12.8810901642,80.1707077026,31444,31455,11
12.8816099167,80.1708908081,31455,31465,10
12.8819904327,80.1709899902,31465,31475,10
12.8823604584,80.1706619263,31475,31485,10
12.882610321,80.1706085205,31485,31495,10
12.8827295303,80.1706619263,31495,31505,10
12.8832397461,80.1709213257,31505,31515,10
12.8838996887,80.1712722778,31515,31525,10
12.8846702576,80.1716690063,31525,31535,10
12.8854598999,80.1720962524,31535,31544,9
12.8861703873,80.1724700928,31544,31556,12
12.8870897293,80.1729431152,31556,31566,10
12.8878498077,80.1733322144,31566,31576,10
12.8885602951,80.1736907959,31576,31586,10
12.8892297745,80.1740493774,31586,31596,10
12.8895998001,80.1742324829,31596,31606,10
12.8897800446,80.1743087769,31606,31616,10
12.8900003433,80.1744003296,31616,31626,10
12.8904104233,80.1745986938,31626,31636,10
12.8907299042,80.1751098633,31636,31646,10
12.8911104202,80.17578125,31646,31657,11
12.8915100098,80.1765136719,31657,31665,8
12.8916196823,80.1767120361,31665,31678,13
12.891699791,80.1768798828,31678,31688,10
12.891960144,80.1773910522,31688,31698,10
12.8923997879,80.1782073975,31698,31708,10
12.8928604126,80.1789932251,31708,31718,10
12.8932800293,80.1797790527,31718,31728,10
12.8938703537,80.18019104,31728,31738,10
12.8941497803,80.1802978516,31738,31759,21
12.8941497803,80.1802978516,31759,31769,10
12.8944301605,80.1804504395,31769,31779,10
12.8950796127,80.1807785034,31779,31789,10
12.8958902359,80.1811828613,31789,31799,10
12.8960399628,80.1812591553,31799,31809,10
12.8963699341,80.1814193726,31809,31819,10
12.8969802856,80.1817321777,31819,31829,10
12.897600174,80.1820373535,31829,31849,20
12.897600174,80.1820373535,31849,31859,10
12.8976898193,80.1821212769,31859,31870,11
12.8978204727,80.1821670532,31870,31880,10
12.8982095718,80.1823577881,31880,31890,10
12.8988199234,80.1826477051,31890,31900,10
12.8995103836,80.1830215454,31900,31910,10
12.9002304077,80.1833496094,31910,31920,10
12.9008798599,80.1837005615,31920,31930,10
12.9017000198,80.1839599609,31930,31940,10
12.9026203156,80.1842193604,31940,31950,10
12.903550148,80.1844787598,31950,31960,10
12.9041004181,80.1847763062,31960,31971,11
12.904129982,80.1852035522,31971,31981,10
12.9041099548,80.1855697632,31981,31991,10
12.9040803909,80.1861495972,31991,32001,10
12.9040298462,80.186958313,32001,32011,10
12.9044599533,80.1876220703,32011,32021,10
12.9052200317,80.1881027222,32021,32031,10
12.9059896469,80.1885910034,32031,32041,10
12.9066200256,80.1889801025,32041,32051,10
12.9067201614,80.1890487671,32051,32061,10
12.9068202972,80.1891174316,32061,32071,10
12.9071598053,80.1894073486,32071,32081,10
12.9077596664,80.1898574829,32081,32091,10
12.9085302353,80.1904602051,32091,32101,10
12.9092302322,80.1909866333,32101,32112,11
12.9098596573,80.1914672852,32112,32122,10
12.910490036,80.1916275024,32122,32132,10
12.9111700058,80.1917190552,32132,32142,10
12.9118995667,80.1917877197,32142,32152,10
12.9122695923,80.1918029785,32152,32162,10
12.9123296738,80.1918182373,32162,32172,10
12.9126195908,80.1918716431,32172,32182,10
12.9131002426,80.1919326782,32182,32192,10
12.9136400223,80.1920089722,32192,32202,10
12.9141798019,80.1920776367,32202,32212,10
12.914560318,80.1921234131,32212,32222,10
12.9151697159,80.1921615601,32222,32232,10
12.9156904221,80.1921920776,32232,32242,10
12.9163303375,80.192237854,32242,32252,10
12.9170303345,80.1922531128,32252,32272,20
12.9170303345,80.1922531128,32272,32285,13
12.9171104431,80.1921920776,32285,32295,10
12.9171800613,80.1918563843,32295,32305,10
12.9172697067,80.1912994385,32305,32315,10
12.917309761,80.1906814575,32315,32325,10
12.917309761,80.1903610229,32325,32345,20
12.917309761,80.1903610229,32345,32355,10
12.917429924,80.1907730103,32355,32365,10
12.9173898697,80.1913833618,32365,32375,10
12.9173603058,80.1920089722,32375,32385,10
12.9172897339,80.1924362183,32385,32396,11
12.9172401428,80.1926422119,32396,32406,10
12.9172000885,80.1931762695,32406,32456,50
12.9172000885,80.1931762695,32456,32466,10
12.9171800613,80.1934509277,32466,32476,10
12.9172201157,80.1939086914,32476,32486,10
12.9173002243,80.1942825317,32486,32497,11
12.9177303314,80.194770813,32497,32507,10
12.9183397293,80.1953125,32507,32598,91
12.9183397293,80.1953125,32598,32608,10
12.918510437,80.1955108643,32608,32618,10
12.918800354,80.1957778931,32618,32628,10
12.9192304611,80.1961669922,32628,32638,10
12.919719696,80.1964263916,32638,32648,10
12.9203500748,80.1966400146,32648,32658,10
12.9208803177,80.1968078613,32658,32668,10
12.9209003448,80.1968078613,32668,32678,10
12.9211101532,80.1968688965,32678,32688,10
12.9216899872,80.1970901489,32688,32698,10
12.9225101471,80.1972808838,32698,32709,11
12.9231796265,80.1973495483,32709,32719,10
12.9232196808,80.1973571777,32719,32729,10
12.923500061,80.1974105835,32729,32739,10
12.9239797592,80.1974411011,32739,32749,10
12.9246196747,80.1974487305,32749,32759,10
12.9252099991,80.1974334717,32759,32769,10
12.9254102707,80.1974334717,32769,32779,10
12.9258899689,80.1974182129,32779,32789,10
12.9265003204,80.1975326538,32789,32810,21
12.9265003204,80.1975326538,32810,32820,10
12.9266996384,80.1976089478,32820,32830,10
12.9271497726,80.1978607178,32830,32840,10
12.9276599884,80.1982803345,32840,32850,10
12.9279603958,80.1987915039,32850,32860,10
12.9282302856,80.1993484497,32860,32870,10
12.9283895493,80.1999282837,32870,32880,10
12.9284801483,80.2006378174,32880,32890,10
12.9285202026,80.2014083862,32890,32900,10
12.9285497665,80.2020263672,32900,32911,11
12.9287796021,80.2026367188,32911,32921,10
12.9294900894,80.2026977539,32921,32941,20
12.9294900894,80.2026977539,32941,32951,10
12.9296598434,80.2027435303,32951,32961,10
12.9300804138,80.202796936,32961,32971,10
12.9305496216,80.20287323,32971,32981,10
12.9310598373,80.2030029297,32981,32991,10
12.9315395355,80.2031478882,32991,33001,10
12.9320497513,80.2033004761,33001,33011,10
12.9326095581,80.2034835815,33011,33022,11
12.933139801,80.203666687,33022,33032,10
12.9339599609,80.2038497925,33032,33072,40
12.9339599609,80.2038497925,33072,33082,10
12.9340295792,80.2038574219,33082,33092,10
12.9342002869,80.2038574219,33092,33102,10
12.9345703125,80.2039108276,33102,33112,10
12.9350595474,80.2040176392,33112,33122,10
12.9355802536,80.204246521,33122,33133,11
12.9360904694,80.2044296265,33133,33143,10
12.9366798401,80.2045898438,33143,33153,10
12.9371700287,80.2047271729,33153,33163,10
12.9377202988,80.2048873901,33163,33173,10
12.9382801056,80.2050476074,33173,33183,10
12.9388103485,80.2052001953,33183,33192,9
12.939160347,80.2052993774,33192,33203,11
12.9397096634,80.2054672241,33203,33213,10
12.9400100708,80.2055587769,33213,33235,22
12.9400100708,80.2055587769,33235,33243,8
12.940199852,80.205619812,33243,33255,12
12.9407501221,80.2057876587,33255,33265,10
12.9413499832,80.2060699463,33265,33275,10
12.9419898987,80.20652771,33275,33285,10
12.9425401688,80.2070083618,33285,33295,10
12.9427604675,80.2072677612,33295,33305,10
12.9429998398,80.207611084,33305,33315,10
12.9434204102,80.2079772949,33315,33325,10
12.9438400269,80.2081298828,33325,33336,11
12.9443998337,80.2083206177,33336,33356,20
12.9443998337,80.2083206177,33356,33366,10
12.9446601868,80.2083892822,33366,33376,10
12.9451599121,80.2085876465,33376,33386,10
12.9457597733,80.2087783813,33386,33396,10
12.9463195801,80.2089691162,33396,33406,10
12.9469604492,80.2092208862,33406,33416,10
12.9475297928,80.2094116211,33416,33426,10
12.9476900101,80.2094497681,33426,33437,11
12.9481096268,80.2095870972,33437,33447,10
12.9484796524,80.2097167969,33447,33457,10
12.948849678,80.2098464966,33457,33467,10
12.9491796494,80.2099227905,33467,33497,30
12.9491796494,80.2099227905,33497,33507,10
12.9493303299,80.2100219727,33507,33517,10
12.9498195648,80.2102508545,33517,33527,10
12.9505300522,80.2105484009,33527,33537,10
12.9511995316,80.2108612061,33537,33548,11
12.9518699646,80.2112197876,33548,33557,9
12.9525299072,80.2115020752,33557,33569,12
12.9533195496,80.2118377686,33569,33579,10
12.9537601471,80.2119827271,33579,33599,20
12.9537601471,80.2119827271,33599,33609,10
12.954079628,80.2121200562,33609,33619,10
12.9546298981,80.2123413086,33619,33629,10
12.9553899765,80.2126312256,33629,33639,10
12.9560403824,80.2128829956,33639,33650,11
12.9567604065,80.2131576538,33650,33660,10
12.9574899673,80.2134628296,33660,33670,10
12.958319664,80.2138137817,33670,33680,10
12.9590997696,80.2141265869,33680,33690,10
12.9597997665,80.2144012451,33690,33700,10
12.9604597092,80.2146606445,33700,33710,10
12.9611301422,80.2149276733,33710,33720,10
12.9617900848,80.2151870728,33720,33730,10
12.9624595642,80.2154388428,33730,33740,10
12.9629802704,80.2156524658,33740,33751,11
12.9634199142,80.2158203125,33751,33761,10
12.9642000198,80.2161178589,33761,33781,20
12.9642000198,80.2161178589,33781,33791,10
12.9643697739,80.2162094116,33791,33801,10
12.9648199081,80.2164306641,33801,33811,10
12.9654998779,80.2166900635,33811,33821,10
12.9661502838,80.2169570923,33821,33831,10
12.9667396545,80.2171936035,33831,33841,10
12.9672698975,80.2173995972,33841,33850,9
12.9676399231,80.217590332,33850,33862,12
12.9679803848,80.2177429199,33862,33872,10
12.9684200287,80.2179107666,33872,33882,10
12.9689998627,80.2181167603,33882,33892,10
12.96971035,80.2184066772,33892,33902,10
12.9705200195,80.2187194824,33902,33912,10
12.9712600708,80.2189483643,33912,33932,20
12.9712600708,80.2189483643,33932,33942,10
12.9715299606,80.2191314697,33942,33962,20
12.9715299606,80.2191314697,33962,33972,10
12.9717702866,80.2192001343,33972,33982,10
12.9719800949,80.2192764282,33982,33992,10
12.972029686,80.2192993164,33992,34002,10
12.9721803665,80.2193527222,34002,34012,10
12.9723501205,80.2194213867,34012,34022,10
12.9724197388,80.2194366455,34022,34033,11
12.9726896286,80.2195281982,34033,34043,10
12.9728603363,80.2196121216,34043,34053,10
12.9730596542,80.2196731567,34053,34063,10
12.9731502533,80.2197113037,34063,34073,10
12.9733295441,80.2198028564,34073,34165,92
12.9745101929,80.2202987671,34165,34206,41
12.9750795364,80.2205505371,34206,34348,142
12.9750795364,80.2205505371,34348,34358,10
12.9753599167,80.2205886841,34358,34368,10
12.9756603241,80.2208023071,34368,34378,10
12.9759597778,80.2211074829,34378,34389,11
12.9762496948,80.221206665,34389,34429,40
12.9762496948,80.221206665,34429,34439,10
12.9764604568,80.2211990356,34439,34449,10
12.9769296646,80.2211914063,34449,34459,10
12.9775495529,80.2211914063,34459,34469,10
12.9781198502,80.2211685181,34469,34479,10
12.9787797928,80.2211303711,34479,34490,11
12.9793901443,80.2210998535,34490,34500,10
12.9799995422,80.2210464478,34500,34510,10
12.9805603027,80.220993042,34510,34520,10
12.9811201096,80.2210388184,34520,34530,10
12.9815597534,80.2212982178,34530,34540,10
12.9819898605,80.2215881348,34540,34550,10
12.982509613,80.2218093872,34550,34560,10
12.9830703735,80.2220230103,34560,34591,31
12.9830703735,80.2220230103,34591,34601,10
12.9833698273,80.2222137451,34601,34611,10
12.983710289,80.2224578857,34611,34621,10
12.9840097427,80.2226104736,34621,34631,10
12.9842700958,80.2227706909,34631,34641,10
12.9846696854,80.2230377197,34641,34651,10
12.9851703644,80.2232589722,34651,34661,10
12.98554039,80.2231674194,34661,34671,10
12.9859304428,80.2229614258,34671,34681,10
12.9865198135,80.2229537964,34681,34691,10
12.986579895,80.2229385376,34691,34702,11
12.9866399765,80.2229385376,34702,34712,10
12.9870100021,80.2229995728,34712,34722,10
12.987279892,80.2230529785,34722,34732,10
12.9874095917,80.2230606079,34732,34742,10
12.9877700806,80.2229919434,34742,34752,10
12.9880695343,80.2227935791,34752,34762,10
12.9885196686,80.2224121094,34762,34772,10
12.9889602661,80.2219085693,34772,34782,10
12.9894104004,80.2213516235,34782,34793,11
12.9899301529,80.2206192017,34793,34803,10
12.9904298782,80.2202987671,34803,34813,10
12.9904499054,80.2202911377,34813,34823,10
12.9906396866,80.2201766968,34823,34833,10
12.9909296036,80.2199478149,34833,34843,10
12.9913702011,80.2195968628,34843,34853,10
12.9919204712,80.2192077637,34853,34863,10
12.9925403595,80.2187576294,34863,34873,10
12.9931898117,80.2182388306,34873,34883,10
12.9936599731,80.217880249,34883,34893,10
12.9938697815,80.2177581787,34893,34903,10
12.9940900803,80.217590332,34903,34913,10
12.994310379,80.2174377441,34913,34923,10
12.9944896698,80.2173233032,34923,34933,10
12.994600296,80.2172393799,34933,34944,11
12.9947900772,80.2171096802,34944,34954,10
12.9949998856,80.2169723511,34954,34964,10
12.9952497482,80.2168121338,34964,34974,10
12.995470047,80.2167205811,34974,34984,10
12.9957895279,80.2166290283,34984,34994,10
12.9960203171,80.2165679932,34994,35014,20
12.9960203171,80.2165679932,35014,35024,10
12.9967002869,80.2164611816,35024,35127,103
12.9967002869,80.2164611816,35127,35137,10
12.9970598221,80.2164535522,35137,35147,10
12.9973297119,80.2164230347,35147,35157,10
12.9977197647,80.2164611816,35157,35187,30
12.9977197647,80.2164611816,35187,35197,10
12.9980096817,80.2165374756,35197,35207,10
12.9985198975,80.2166976929,35207,35218,11
12.9992599487,80.2170562744,35218,35228,10
12.9998998642,80.2174606323,35228,35238,10
13.0005302429,80.217880249,35238,35248,10
13.0011796951,80.2182998657,35248,35256,8
13.0016899109,80.2186737061,35256,35268,12
13.0022602081,80.2193222046,35268,35278,10
13.0029497147,80.2198104858,35278,35288,10
13.0038299561,80.2200317383,35288,35298,10
13.0048303604,80.2202377319,35298,35317,19
13.0048303604,80.2202377319,35317,35329,12
13.0051403046,80.2203063965,35329,35339,10
13.0057001114,80.2204208374,35339,35349,10
13.0063800812,80.2205810547,35349,35359,10
13.0069799423,80.2207565308,35359,35369,10
13.0076704025,80.2211532593,35369,35379,10
13.0084600449,80.2215805054,35379,35389,10
13.0092601776,80.2220230103,35389,35399,10
13.0099601746,80.2224121094,35399,35409,10
13.0106697083,80.2227783203,35409,35418,9
13.0111398697,80.2230224609,35418,35430,12
13.0112895966,80.2230987549,35430,35490,60
13.0112895966,80.2230987549,35490,35500,10
13.0114603043,80.2231216431,35500,35510,10
13.0116500854,80.2233581543,35510,35520,10
13.012140274,80.2236328125,35520,35531,11
13.0127296448,80.2239608765,35531,35541,10
13.0135498047,80.2243499756,35541,35551,10
13.0142498016,80.2247390747,35551,35561,10
13.014840126,80.2250366211,35561,35571,10
13.0152397156,80.2252578735,35571,35601,30
13.0152397156,80.2252578735,35601,35611,10
13.0154304504,80.2253112793,35611,35621,10
13.0158500671,80.2253036499,35621,35631,10
13.016579628,80.2252731323,35631,35642,11
13.0173597336,80.2249603271,35642,35652,10
13.0177097321,80.224822998,35652,35672,20
13.0177097321,80.224822998,35672,35682,10
13.017829895,80.2247390747,35682,35692,10
13.018239975,80.2245788574,35692,35702,10
13.0185403824,80.2244567871,35702,35712,10
13.0189199448,80.2243423462,35712,35722,10
13.0193996429,80.2242965698,35722,35793,71
13.0193996429,80.2242965698,35793,35803,10
13.0197696686,80.2245101929,35803,35813,10
13.0201396942,80.2247772217,35813,35823,10
13.0205602646,80.2250671387,35823,35833,10
13.0206003189,80.2250976563,35833,35843,10
13.0207595825,80.225227356,35843,35854,11
13.0210599899,80.225440979,35854,35864,10
13.0212402344,80.2256622314,35864,35874,10
13.0214796066,80.2258224487,35874,35884,10
13.0218095779,80.2260437012,35884,35894,10
13.0219602585,80.2261428833,35894,35914,20
13.0219602585,80.2261428833,35914,35924,10
13.0221395493,80.2262496948,35924,35944,20
13.0221395493,80.2262496948,35944,35954,10
13.0223798752,80.2264480591,35954,35965,11
13.0225896835,80.2266311646,35965,35975,10
13.0227298737,80.2267684937,35975,35985,10
13.0228595734,80.2269134521,35985,35995,10
13.0230197906,80.2270812988,35995,36024,29
13.0230197906,80.2270812988,36024,36035,11
13.0232696533,80.2273406982,36035,36045,10
13.0234098434,80.2274627686,36045,36055,10
13.0236301422,80.2276306152,36055,36067,12
13.0238599777,80.2278137207,36067,36075,8
13.0242795944,80.2283172607,36075,36107,32
13.0242795944,80.2283172607,36107,36117,10
13.0244903564,80.2285995483,36117,36147,30
13.0244903564,80.2285995483,36147,36157,10
13.0246801376,80.2288894653,36157,36168,11
13.0248804092,80.2292022705,36168,36178,10
13.0252399445,80.2296600342,36178,36188,10
13.0256500244,80.2302093506,36188,36198,10
13.0258903503,80.2306594849,36198,36238,40
13.0258903503,80.2306594849,36238,36248,10
13.0259599686,80.2308883667,36248,36258,10
13.0260400772,80.2312011719,36258,36268,10
13.0264797211,80.2312927246,36268,36279,11
13.0274095535,80.231048584,36279,36289,10
13.0280799866,80.2309494019,36289,36299,10
13.0281095505,80.2309265137,36299,36309,10
13.0284500122,80.2308883667,36309,36319,10
13.0288801193,80.2308425903,36319,36329,10
13.0292196274,80.2308197021,36329,36339,10
13.0296602249,80.2307434082,36339,36359,20
13.0296602249,80.2307434082,36359,36368,9
13.0302400589,80.2306976318,36368,36430,62
13.0302400589,80.2306976318,36430,36440,10
13.0306596756,80.23072052,36440,36450,10
13.0307197571,80.2307128906,36450,36460,10
13.0308904648,80.2306976318,36460,36470,10
13.0314598083,80.2306594849,36470,36480,10
13.0320901871,80.2305984497,36480,36491,11
13.0332403183,80.2304916382,36491,36511,20
13.0332403183,80.2304916382,36511,36521,10
13.0332899094,80.23046875,36521,36531,10
13.0334596634,80.2304611206,36531,36541,10
13.0336704254,80.23046875,36541,36551,10
13.0339803696,80.2304534912,36551,36561,10
13.0343103409,80.2303924561,36561,36571,10
13.0347299576,80.2302474976,36571,36622,51
13.0347299576,80.2302474976,36622,36632,10
13.0348997116,80.230178833,36632,36642,10
13.0350599289,80.2299880981,36642,36652,10
13.0348501205,80.2297897339,36652,36662,10
13.0342597961,80.2297515869,36662,36713,51
13.0342597961,80.2297515869,36713,36723,10
13.0341997147,80.2301101685,36723,37015,292
13.0341997147,80.2301101685,37015,37025,10
13.0339097977,80.2304763794,37025,37035,10
13.0333003998,80.2305526733,37035,37045,10
13.0325498581,80.2306137085,37045,37055,10
13.0316896439,80.2306671143,37055,37065,10
13.030790329,80.2307434082,37065,37118,53
13.030790329,80.2307434082,37118,37128,10
13.0304203033,80.2307815552,37128,37138,10
13.0298204422,80.2308883667,37138,37148,10
13.029250145,80.2309265137,37148,37158,10
13.0285596848,80.2309799194,37158,37168,10
13.0280199051,80.231048584,37168,37178,10
13.0278301239,80.2310180664,37178,37188,10
13.0276603699,80.2311630249,37188,37198,10
13.0276899338,80.2314605713,37198,37208,10
13.0277299881,80.2317733765,37208,37219,11
13.0278301239,80.2323684692,37219,37299,80
13.0278301239,80.2323684692,37299,37309,10
13.0279302597,80.2327270508,37309,37319,10
13.0278701782,80.2328109741,37319,37330,11
13.0275697708,80.2328491211,37330,37340,10
13.0273599625,80.2329025269,37340,37350,10
13.0270700455,80.2329483032,37350,37481,131
13.0270700455,80.2329483032,37481,37491,10
13.0268096924,80.2329788208,37491,37501,10
13.0265102386,80.2330093384,37501,37511,10
13.0263395309,80.2326889038,37511,37521,10
13.0261898041,80.2322692871,37521,37531,10
13.026049614,80.2317428589,37531,37542,11
13.0258703232,80.2310333252,37542,37552,10
13.0254402161,80.2301101685,37552,37562,10
13.0248003006,80.2293319702,37562,37582,20
13.0248003006,80.2293319702,37582,37592,10
13.0246200562,80.2291107178,37592,37602,10
13.0244102478,80.2288589478,37602,37612,10
13.0241804123,80.2285690308,37612,37622,10
13.0237503052,80.2280502319,37622,37632,10
13.0235395432,80.2277984619,37632,37641,9
13.0235004425,80.2277374268,37641,37653,12
13.0231103897,80.2275009155,37653,37683,30
13.0231103897,80.2275009155,37683,37693,10
13.0229701996,80.227432251,37693,37703,10
13.0227298737,80.2272033691,37703,37713,10
13.0225601196,80.2268371582,37713,37723,10
13.0220499039,80.2264022827,37723,37733,10
13.0208597183,80.2254867554,37733,37743,10
13.0208597183,80.2254867554,37743,37754,11
13.0205202103,80.2252502441,37754,37763,9
13.0203399658,80.2251281738,37763,37775,12
13.0197296143,80.2247161865,37775,37786,11
13.0189599991,80.2245101929,37786,37796,10
13.0180797577,80.2248001099,37796,37806,10
13.0172996521,80.225112915,37806,37816,10
13.0167503357,80.2253265381,37816,37826,10
13.0164003372,80.225479126,37826,37836,10
13.0160503387,80.2256088257,37836,37846,10
13.0155200958,80.2257919312,37846,37858,12
13.0148801804,80.2260131836,37858,37866,8
13.0144796371,80.2261428833,37866,37878,12
13.0141897202,80.2261199951,37878,37886,8
13.014169693,80.2259063721,37886,37896,10
13.0140895844,80.2253875732,37896,38029,133
13.0140895844,80.2253875732,38029,38039,10
13.0141897202,80.2253036499,38039,38049,10
13.0142602921,80.2255783081,38049,38056,7
13.0141897202,80.2258911133,38056,38070,14
13.0142202377,80.2261276245,38070,38080,10
13.0141000748,80.2262496948,38080,38090,10
13.0136404037,80.2264175415,38090,38100,10
13.0128602982,80.2267303467,38100,38110,10
13.0120801926,80.2270507813,38110,38120,10
13.0114002228,80.2273178101,38120,38130,10
13.0106897354,80.2276077271,38130,38140,10
13.0098896027,80.2279129028,38140,38150,10
13.0095701218,80.2275009155,38150,38160,10
13.0098600388,80.226890564,38160,38171,11
13.0101804733,80.2260894775,38171,38181,10
13.0104904175,80.2253417969,38181,38191,10
13.0108003616,80.2246627808,38191,38201,10
13.011059761,80.2240219116,38201,38211,10
13.0112800598,80.2233810425,38211,38221,10
13.0109195709,80.2230682373,38221,38231,10
13.010430336,80.2228012085,38231,38241,10
13.010310173,80.2227172852,38241,38251,10
13.0097799301,80.2224273682,38251,38261,10
13.0090103149,80.2220077515,38261,38271,10
13.0080404282,80.2214736938,38271,38282,11
13.0069799423,80.2209396362,38282,38292,10
13.0059995651,80.2205963135,38292,38302,10
13.0050401688,80.2203826904,38302,38312,10
13.0045700073,80.2202529907,38312,38322,10
13.00440979,80.220199585,38322,38332,10
13.0038700104,80.2200775146,38332,38342,10
13.0031700134,80.2198867798,38342,38352,10
13.0025196075,80.2195587158,38352,38362,10
13.0019598007,80.2190093994,38362,38372,10
13.0014200211,80.2185211182,38372,38383,11
13.0007095337,80.2180404663,38383,38393,10
13.0000600815,80.2176437378,38393,38403,10
12.9993801117,80.2172393799,38403,38413,10
12.9986495972,80.2168502808,38413,38423,10
12.997420311,80.2165298462,38423,38443,20
12.997420311,80.2165298462,38443,38453,10
12.9970703125,80.2165222168,38453,38463,10
12.996430397,80.2165679932,38463,38473,10
12.9956998825,80.2167510986,38473,38483,10
12.9950199127,80.2170791626,38483,38494,11
12.9943199158,80.2175827026,38494,38504,10
12.9936304092,80.2181015015,38504,38514,10
12.9929599762,80.2186126709,38514,38524,10
12.9922599792,80.2190933228,38524,38534,10
12.9916095734,80.2196502686,38534,38544,10
12.9907903671,80.2202072144,38544,38564,20
12.9907903671,80.2202072144,38564,38574,10
12.9906702042,80.2202835083,38574,38584,10
12.9902601242,80.2205734253,38584,38595,11
12.9897603989,80.2210693359,38595,38605,10
12.9893703461,80.221572876,38605,38615,10
12.9889802933,80.222076416,38615,38625,10
12.9884996414,80.2225723267,38625,38635,10
12.9879903793,80.2229766846,38635,38645,10
12.9876203537,80.2231292725,38645,38655,10
12.9876098633,80.2231216431,38655,38665,10
12.9875097275,80.2230987549,38665,38675,10
12.9872903824,80.2230911255,38675,38685,10
12.9869298935,80.2230300903,38685,38695,10
12.9864797592,80.2229614258,38695,38706,11
12.9857797623,80.2229995728,38706,38716,10
12.9855899811,80.2231063843,38716,38726,10
12.9852800369,80.2232513428,38726,38736,10
12.9847202301,80.2230911255,38736,38746,10
12.9840803146,80.2227401733,38746,38756,10
12.9837999344,80.2226028442,38756,38766,10
12.9832000732,80.2222137451,38766,38807,41
12.9832000732,80.2222137451,38807,38817,10
12.9829902649,80.2220611572,38817,38827,10
12.9826498032,80.2219314575,38827,38837,10
12.9823999405,80.2218780518,38837,38847,10
12.9820804596,80.2217178345,38847,38857,10
12.9817399979,80.2215118408,38857,38866,9
12.9814500809,80.2213363647,38866,38877,11
12.9808597565,80.2211685181,38877,38887,10
12.9802398682,80.2211685181,38887,38897,10
12.9798297882,80.2211837769,38897,38909,12
12.9790401459,80.2211990356,38909,38917,8
12.9783401489,80.2212295532,38917,38929,12
12.977399826,80.2212982178,38929,38939,10
12.976770401,80.2212982178,38939,38949,10
12.9760503769,80.2213363647,38949,38969,20
12.9760503769,80.2213363647,38969,38979,10
12.9756603241,80.2210998535,38979,39040,61
12.9756603241,80.2210998535,39040,39050,10
12.9752702713,80.2207717896,39050,39060,10
12.9746398926,80.220489502,39060,39070,10
12.9737997055,80.2202301025,39070,39080,10
12.9730701447,80.219909668,39080,39090,10
12.9721403122,80.2195968628,39090,39100,10
12.9709196091,80.2192001343,39100,39121,21
12.9709196091,80.2192001343,39121,39131,10
12.9708003998,80.219078064,39131,39141,10
12.9702596664,80.2188034058,39141,39151,10
12.9695501328,80.2185134888,39151,39161,10
12.9688901901,80.2182388306,39161,39171,10
12.968290329,80.2179794312,39171,39181,10
12.9675502777,80.2176818848,39181,39191,10
12.9666595459,80.2173309326,39191,39201,10
12.9656801224,80.2169265747,39201,39208,7
12.9649400711,80.2166366577,39208,39221,13
12.9636602402,80.2161178589,39221,39232,11
12.9629001617,80.2157897949,39232,39242,10
12.9628400803,80.2157592773,39242,39249,7
12.9626102448,80.2156677246,39249,39262,13
12.9617795944,80.2153625488,39262,39272,10
12.9609003067,80.2149963379,39272,39282,10
12.9599599838,80.214630127,39282,39292,10
12.9591398239,80.214302063,39292,39302,10
12.9581804276,80.2138977051,39302,39312,10
12.9572601318,80.2135162354,39312,39322,10
12.9563999176,80.2131881714,39322,39333,11
12.9553203583,80.2127990723,39333,39343,10
12.9544200897,80.2124404907,39343,39353,10
12.9537296295,80.2121734619,39353,39363,10
12.9532203674,80.2119827271,39363,39373,10
12.9530801773,80.2119216919,39373,39383,10
12.9525499344,80.2117233276,39383,39393,10
12.9518404007,80.2114486694,39393,39403,10
12.9510498047,80.2111816406,39403,39413,10
12.9502296448,80.2108535767,39413,39423,10
12.9494800568,80.2106018066,39423,39434,11
12.9487600327,80.210319519,39434,39444,10
12.9486198425,80.2102737427,39444,39454,10
12.9485797882,80.2102813721,39454,39464,10
12.948340416,80.2101669312,39464,39474,10
12.9476995468,80.2099227905,39474,39484,10
12.9468097687,80.2095489502,39484,39494,10
12.9458398819,80.2091598511,39494,39504,10
12.9449796677,80.2087097168,39504,39514,10
12.9442501068,80.2084274292,39514,39524,10
12.9441204071,80.208366394,39524,39535,11
12.9436597824,80.2081680298,39535,39545,10
12.9430103302,80.2077789307,39545,39555,10
12.9425802231,80.2071762085,39555,39565,10
12.9420499802,80.206703186,39565,39575,10
12.9413299561,80.2061920166,39575,39585,10
12.9410400391,80.2060470581,39585,39595,10
12.9410200119,80.2060165405,39595,39605,10
12.9406204224,80.205871582,39605,39615,10
12.9399995804,80.2056808472,39615,39625,10
12.9396495819,80.2056121826,39625,39635,10
12.939209938,80.2054672241,39635,39645,10
12.9385299683,80.2052536011,39645,39656,11
12.9378099442,80.2050323486,39656,39666,10
12.9371995926,80.2048873901,39666,39676,10
12.93653965,80.2046966553,39676,39686,10
12.9358301163,80.2044830322,39686,39696,10
12.9352798462,80.2042312622,39696,39706,10
12.934630394,80.2040328979,39706,39716,10
12.9338502884,80.2039718628,39716,39726,10
12.9337100983,80.203956604,39726,39736,10
12.9334897995,80.2039413452,39736,39746,10
12.9331598282,80.2038574219,39746,39756,10
12.9327802658,80.2036895752,39756,39766,10
12.9321804047,80.2034912109,39766,39776,10
12.9314002991,80.2032318115,39776,39786,10
12.9307203293,80.2030029297,39786,39796,10
12.9301395416,80.20287323,39796,39806,10
12.9295396805,80.2028121948,39806,39817,11
12.9293203354,80.202796936,39817,39826,9
12.9289503098,80.2027435303,39826,39837,11
12.9285097122,80.2024002075,39837,39847,10
12.9284601212,80.2016983032,39847,39857,10
12.9284200668,80.2006912231,39857,39867,10
12.92827034,80.1996383667,39867,39877,10
12.92786026,80.1987228394,39877,39887,10
12.9272403717,80.1979904175,39887,39897,10
12.9264097214,80.1976165771,39897,39917,20
12.9264097214,80.1976165771,39917,39927,10
12.9262199402,80.1975784302,39927,39937,10
12.9257001877,80.1975402832,39937,39947,10
12.9254798889,80.1975402832,39947,39957,10
12.9251203537,80.1975326538,39957,39970,13
12.9241504669,80.1975326538,39970,39980,10
12.9233798981,80.197479248,39980,39990,10
12.9227600098,80.1973800659,39990,40000,10
12.9221696854,80.1973190308,40000,40010,10
12.92208004,80.197303772,40010,40020,10
12.92166996,80.1971817017,40020,40030,10
12.9211902618,80.1970062256,40030,40040,10
12.9209899902,80.1969223022,40040,40050,10
12.9205799103,80.1967926025,40050,40060,10
12.9199800491,80.1966018677,40060,40071,11
12.9193401337,80.1962966919,40071,40081,10
12.9188404083,80.195892334,40081,40091,10
12.9183597565,80.1954574585,40091,40101,10
12.9178600311,80.195022583,40101,40111,10
12.9172201157,80.1944198608,40111,40131,20
12.9172201157,80.1944198608,40131,40141,10
12.9171695709,80.1942977905,40141,40151,10
12.9169998169,80.1937866211,40151,40161,10
12.9169998169,80.1932296753,40161,40172,11
12.9170799255,80.1925888062,40172,40182,10
12.9166603088,80.1923828125,40182,40212,30
12.9166603088,80.1923828125,40212,40222,10
12.9165897369,80.1923675537,40222,40232,10
12.9161996841,80.1923370361,40232,40242,10
12.9154396057,80.1922988892,40242,40252,10
12.9145803452,80.1922302246,40252,40262,10
12.9139404297,80.1921386719,40262,40272,10
12.9132404327,80.1920471191,40272,40283,11
12.9124498367,80.1919403076,40283,40293,10
12.9118900299,80.1918792725,40293,40303,10
12.9112100601,80.1918029785,40303,40313,10
12.9104404449,80.1916885376,40313,40323,10
12.9097995758,80.1915664673,40323,40333,10
12.9097795486,80.1915283203,40333,40343,10
12.9096002579,80.191368103,40343,40353,10
12.9091796875,80.1910324097,40353,40363,10
12.9085197449,80.1905288696,40363,40373,10
12.907790184,80.1900024414,40373,40384,11
12.9070301056,80.1894378662,40384,40394,10
12.9064702988,80.1890029907,40394,40404,10
12.9061803818,80.1887969971,40404,40414,10
12.9060297012,80.1886978149,40414,40424,10
12.9055204391,80.1883926392,40424,40434,10
12.9049396515,80.18800354,40434,40444,10
12.9043197632,80.1876068115,40444,40454,10
12.9039402008,80.1870727539,40454,40464,10
12.9039697647,80.1863708496,40464,40474,10
12.904009819,80.185508728,40474,40484,10
12.9039802551,80.1847305298,40484,40495,11
12.9034004211,80.1845016479,40495,40505,10
12.9027395248,80.1843185425,40505,40515,10
12.9021100998,80.1841506958,40515,40525,10
12.9015102386,80.1839904785,40525,40535,10
12.9007797241,80.1837387085,40535,40545,10
12.9000597,80.1834106445,40545,40555,10
12.8994903564,80.1831130981,40555,40565,10
12.899140358,80.1829528809,40565,40575,10
12.8986196518,80.1826934814,40575,40585,10
12.8978996277,80.1823120117,40585,40596,11
12.8975095749,80.1820907593,40596,40606,10
12.8973503113,80.1820297241,40606,40616,10
12.8972501755,80.181968689,40616,40626,10
12.8968200684,80.1817474365,40626,40636,10
12.8961296082,80.1814193726,40636,40646,10
12.8953800201,80.1810302734,40646,40656,10
12.8945503235,80.1805877686,40656,40666,10
12.8933095932,80.179977417,40666,40687,21
12.8933095932,80.179977417,40687,40697,10
12.8931598663,80.1797637939,40697,40707,10
12.892829895,80.1791381836,40707,40717,10
12.8924798965,80.1784362793,40717,40728,11
12.8920497894,80.1776504517,40728,40737,9
12.8914403915,80.1765594482,40737,40758,21
12.8914403915,80.1765594482,40758,40768,10
12.8913202286,80.1763305664,40768,40778,10
12.8910398483,80.1758422852,40778,40788,10
12.8907003403,80.1751937866,40788,40797,9
12.8903503418,80.174621582,40797,40810,13
12.8898496628,80.1743927002,40810,40820,10
12.8895998001,80.1742782593,40820,40830,10
12.8893404007,80.1741333008,40830,40840,10
12.8888597488,80.1738586426,40840,40850,10
12.888250351,80.1735534668,40850,40860,10
12.8876495361,80.1732406616,40860,40870,10
12.8870000839,80.1729125977,40870,40880,10
12.8862199783,80.1725082397,40880,40888,8
12.8855304718,80.1721496582,40888,40898,10
12.8844804764,80.1716003418,40898,40911,13
12.8831996918,80.1709365845,40911,40921,10
12.8824701309,80.1706008911,40921,40931,10
12.8823003769,80.1706771851,40931,40941,10
12.8820695877,80.1709594727,40941,40951,10
12.8815002441,80.1708526611,40951,40961,10
12.8808898926,80.1706619263,40961,40971,10
12.88022995,80.1703872681,40971,40981,10
12.8795795441,80.1700363159,40981,40991,10
12.8786802292,80.1700134277,40991,41001,10
12.8762998581,80.1706924438,41001,41011,10
12.8762998581,80.1706924438,41011,41022,11
12.8752403259,80.1712265015,41022,41030,8
12.8744001389,80.1717910767,41030,41052,22
12.872130394,80.1733016968,41052,41062,10
12.8710403442,80.1740188599,41062,41072,10
12.8699703217,80.1747436523,41072,41082,10
12.8689203262,80.175453186,41082,41092,10
12.8681201935,80.1759414673,41092,41102,10
12.8672895432,80.1758804321,41102,41112,10
12.8662996292,80.1757965088,41112,41123,11
12.8654003143,80.1757202148,41123,41133,10
12.8652496338,80.1756896973,41133,41143,10
12.8649597168,80.1755981445,41143,41153,10
12.8643798828,80.1752700806,41153,41163,10
12.8636198044,80.1747894287,41163,41173,10
12.8627004623,80.1742324829,41173,41183,10
12.8618001938,80.173828125,41183,41193,10
12.8607997894,80.1734008789,41193,41203,10
12.859869957,80.1729812622,41203,41213,10
12.8591499329,80.1726837158,41213,41223,10
12.8589401245,80.1725997925,41223,41234,11
12.8582897186,80.172492981,41234,41244,10
12.8576498032,80.17237854,41244,41254,10
12.8574304581,80.1723403931,41254,41264,10
12.8569803238,80.1722564697,41264,41274,10
12.8564100266,80.1721420288,41274,41304,30
12.8564100266,80.1721420288,41304,41314,10
12.8561201096,80.1720581055,41314,41324,10
12.855629921,80.171913147,41324,41335,11
12.8547000885,80.1716308594,41335,41345,10
12.8537302017,80.1713485718,41345,41355,10
12.8531103134,80.1712036133,41355,41363,8
12.8526000977,80.1711883545,41363,41376,13
12.8514404297,80.1709899902,41376,41386,10
12.8504495621,80.1708526611,41386,41396,10
12.8492898941,80.1706619263,41396,41406,10
12.8481998444,80.1704711914,41406,41416,10
12.8471698761,80.1703109741,41416,41426,10
12.8460597992,80.1702194214,41426,41437,11
12.8448200226,80.1701583862,41437,41447,10
12.8435201645,80.1700134277,41447,41457,10
12.8421697617,80.1699371338,41457,41467,10
12.8410100937,80.1699676514,41467,41477,10
12.8401002884,80.1699371338,41477,41487,10
12.8394699097,80.1699905396,41487,41497,10
12.8388595581,80.1698379517,41497,41507,10
12.8384103775,80.1696777344,41507,41517,10
12.8383798599,80.1696395874,41517,41527,10
12.8381500244,80.1694335938,41527,41537,10
12.8379497528,80.1693115234,41537,41547,10
12.8374795914,80.1692504883,41547,41557,10
12.8371496201,80.1690063477,41557,41567,10
12.8370199203,80.1688537598,41567,41577,10
12.836810112,80.168800354,41577,41587,10
12.8365297318,80.1687164307,41587,41597,10
12.836520195,80.1687164307,41597,41607,10
12.8363199234,80.1686401367,41607,41617,10
12.8360795975,80.1685333252,41617,41628,11
12.8359203339,80.1681213379,41628,41639,11
12.8355302811,80.1677932739,41639,41648,9
12.8349599838,80.1675796509,41648,41659,11
12.8340797424,80.1670608521,41659,41669,10
12.8334999084,80.1667785645,41669,41679,10
12.8332901001,80.1666412354,41679,41689,10
12.832859993,80.1663665771,41689,41699,10
12.8321304321,80.1660308838,41699,41708,9
12.8313999176,80.1657485962,41708,41719,11
12.8305997849,80.1655731201,41719,41729,10
12.8297300339,80.1654281616,41729,41739,10
12.8288297653,80.1653137207,41739,41749,10
12.8275995255,80.1651535034,41749,41801,52
12.8275995255,80.1651535034,41801,41811,10
12.8274497986,80.1651077271,41811,41821,10
12.827340126,80.1650619507,41821,41831,10
12.827170372,80.1649398804,41831,41841,10
12.8268699646,80.1647491455,41841,41851,10
12.8263301849,80.164390564,41851,41862,11
12.8254899979,80.1639099121,41862,41872,10
12.8244104385,80.1633071899,41872,41882,10
12.823220253,80.1625671387,41882,41892,10
12.8220100403,80.1620788574,41892,41902,10
12.8208904266,80.1616134644,41902,41912,10
12.8199300766,80.1612091064,41912,41922,10
12.819149971,80.1608734131,41922,41932,10
12.8184995651,80.1605834961,41932,41942,10
12.8181295395,80.1604614258,41942,41952,10
12.8178396225,80.1603622437,41952,41962,10
12.8172302246,80.1602172852,41962,41973,11
12.8170099258,80.16015625,41973,41983,10
12.8164396286,80.1600418091,41983,41993,10
12.8156795502,80.1598815918,41993,42003,10
12.8149299622,80.1597518921,42003,42013,10
12.8141698837,80.1595993042,42013,42023,10
12.8133602142,80.1595306396,42023,42033,10
12.8125,80.1593780518,42033,42043,10
12.8118000031,80.1594009399,42043,42084,41
12.8118000031,80.1594009399,42084,42094,10
12.8117198944,80.1594085693,42094,42104,10
12.8113899231,80.1594924927,42104,42114,10
12.8110904694,80.1597518921,42114,42548,434
12.8110904694,80.1597518921,42548,42558,10
12.8110904694,80.1595611572,42558,42568,10
12.8112001419,80.1595306396,42568,42578,10
12.8113698959,80.1594772339,42578,42588,10
12.81153965,80.1594390869,42588,42598,10
12.8118600845,80.1593704224,42598,42608,10
12.812379837,80.1593399048,42608,42618,10
12.8130102158,80.1594696045,42618,42628,10
12.813659668,80.1595535278,42628,42638,10
12.8143396378,80.1595993042,42638,42648,10
12.8150196075,80.1597366333,42648,42658,10
12.8156995773,80.1598815918,42658,42669,11
12.8163795471,80.1600189209,42669,42679,10
12.8170404434,80.1601715088,42679,42689,10
12.8176403046,80.1603317261,42689,42699,10
12.8181495667,80.1604232788,42699,42709,10
12.8183603287,80.1604995728,42709,42719,10
12.8187799454,80.1606826782,42719,42729,10
12.819439888,80.1609725952,42729,42739,10
12.8201599121,80.1612930298,42739,42749,10
12.8209400177,80.1616210938,42749,42759,10
12.8219203949,80.1620330811,42759,42769,10
12.8230895996,80.1624984741,42769,42779,10
12.8242702484,80.1631774902,42779,42789,10
12.8254003525,80.1638412476,42789,42799,10
12.8259496689,80.1641311646,42799,42809,10
12.8262996674,80.1643218994,42809,42822,13
12.8268604279,80.1646575928,42822,42832,10
12.8272304535,80.1649093628,42832,42842,10
12.827460289,80.1650619507,42842,42852,10
12.8275995255,80.1651077271,42852,42862,10
12.8276996613,80.1651229858,42862,42872,10
12.8279800415,80.1651535034,42872,42882,10
12.8280000687,80.1651611328,42882,42892,10
12.8282499313,80.1651992798,42892,42902,10
12.8287200928,80.1652679443,42902,42912,10
12.8293600082,80.1653289795,42912,42923,11
12.8302202225,80.1654663086,42923,42933,10
12.8310604095,80.1656494141,42933,42943,10
12.8319396973,80.1659317017,42943,42953,10
12.8328399658,80.1662979126,42953,42963,10
12.8336496353,80.1667861938,42963,42973,10
12.834569931,80.1672821045,42973,42983,10
12.8351602554,80.1676330566,42983,42993,10
12.8356800079,80.1677780151,42993,43003,10
12.8359098434,80.1681594849,43003,43013,10
12.8361196518,80.1685409546,43013,43023,10
12.8363304138,80.1686172485,43023,43034,11
12.836689949,80.1687393188,43034,43044,10
12.8369998932,80.1688308716,43044,43054,10
12.8371696472,80.1690292358,43054,43064,10
12.8375101089,80.1692428589,43064,43074,10
12.8380699158,80.1693191528,43074,43084,10
12.8382797241,80.1695098877,43084,43094,10
12.8388395309,80.1698074341,43094,43104,10
12.8396196365,80.169960022,43104,43114,10
12.840379715,80.169921875,43114,43124,10
12.8413200378,80.1699523926,43124,43135,11
12.8426103592,80.1699295044,43135,43145,10
12.8439302444,80.1700515747,43145,43155,10
12.8451700211,80.1701278687,43155,43165,10
12.8461799622,80.1701812744,43165,43175,10
12.847120285,80.1702575684,43175,43185,10
12.8483695984,80.1704788208,43185,43195,10
12.8496398926,80.1706771851,43195,43205,10
12.8506097794,80.1708374023,43205,43215,10
12.8515901566,80.1710205078,43215,43225,10
12.8527402878,80.1712112427,43225,43235,10
12.8539104462,80.1713790894,43235,43246,11
12.8552303314,80.1717529297,43246,43256,10
12.8561496735,80.1720199585,43256,43266,10
12.8564100266,80.1720962524,43266,43276,10
12.8564500809,80.1721115112,43276,43286,10
12.856590271,80.1721725464,43286,43296,10
12.8570203781,80.1722488403,43296,43306,10
12.8575601578,80.1723327637,43306,43316,10
12.8578195572,80.17237854,43316,43326,10
12.8584098816,80.1724700928,43326,43336,10
12.8592500687,80.1726837158,43336,43347,11
12.8604297638,80.1731872559,43347,43357,10
12.8617296219,80.1737670898,43357,43367,10
12.8630199432,80.1743927002,43367,43377,10
12.8641195297,80.1750564575,43377,43387,10
12.8649997711,80.175567627,43387,43397,10
12.8653297424,80.1756668091,43397,43407,10
12.8656301498,80.1756896973,43407,43417,10
12.8662996292,80.1757583618,43417,43427,10
12.867099762,80.1758270264,43427,43437,10
12.8677501678,80.1759109497,43437,43448,11
12.8682899475,80.1758499146,43448,43458,10
12.8687601089,80.1755218506,43458,43468,10
12.8693599701,80.1751174927,43468,43478,10
12.8702201843,80.1744995117,43478,43488,10
12.8712797165,80.1737670898,43488,43498,10
12.8724899292,80.1729888916,43498,43508,10
12.8737001419,80.172203064,43508,43518,10
12.8748197556,80.1714782715,43518,43530,12
12.8759202957,80.170791626,43530,43539,9
12.8767795563,80.1704864502,43539,43549,10
12.8778400421,80.1701278687,43549,43559,10
12.8790397644,80.1699066162,43559,43569,10
12.8798999786,80.1701583862,43569,43580,11
12.8808498383,80.1706237793,43580,43590,10
12.8815898895,80.1708908081,43590,43600,10
12.8820495605,80.1709594727,43600,43610,10
12.8824596405,80.1706008911,43610,43620,10
12.8830900192,80.1708831787,43620,43630,10
12.8838300705,80.171257019,43630,43640,10
12.8845596313,80.1716308594,43640,43650,10
12.8852596283,80.1719970703,43650,43662,12
12.886059761,80.1724090576,43662,43672,10
12.8865804672,80.1726837158,43672,43680,8
12.8870401382,80.1729202271,43680,43692,12
12.8877496719,80.1732788086,43692,43702,10
12.8884096146,80.1736221313,43702,43712,10
12.8891401291,80.1740112305,43712,43720,8
12.8894901276,80.1741790771,43720,43732,12
12.8897304535,80.1742935181,43732,43740,8
12.889960289,80.174369812,43740,43750,10
12.8903398514,80.1745376587,43750,43763,13
12.8908596039,80.1753234863,43763,43773,10
12.8913497925,80.1761474609,43773,43783,10
12.891579628,80.1765975952,43783,43793,10
12.891699791,80.1768188477,43793,43803,10
12.8920402527,80.1774291992,43803,43813,10
12.8925104141,80.1782836914,43813,43823,10
12.892999649,80.1791610718,43823,43833,10
12.893529892,80.179977417,43833,43843,10
12.8941297531,80.1802597046,43843,43853,10
12.8941497803,80.180267334,43853,43863,10
12.8942403793,80.1803207397,43863,43874,11
12.8947095871,80.1805725098,43874,43884,10
12.8954601288,80.1809616089,43884,43894,10
12.8964195251,80.181427002,43894,43904,10
12.8972702026,80.1818771362,43904,43914,10
12.8975896835,80.1820220947,43914,43924,10
12.8976202011,80.1820373535,43924,43934,10
12.897769928,80.1821517944,43934,43944,10
12.8982696533,80.1824035645,43944,43954,10
12.8990402222,80.1827926636,43954,43964,10
12.8999595642,80.1832427979,43964,43975,11
12.9008398056,80.1836776733,43975,43985,10
12.901720047,80.1839370728,43985,43995,10
12.9025602341,80.1841583252,43995,44005,10
12.9033403397,80.1844024658,44005,44015,10
12.9040403366,80.1846389771,44015,44025,10
12.904129982,80.1851806641,44025,44035,10
12.9041004181,80.1858596802,44035,44045,10
12.9040603638,80.1865234375,44045,44055,10
12.9040403366,80.1871109009,44055,44065,10
12.9044599533,80.1876068115,44065,44075,10
12.9050798416,80.18800354,44075,44086,11
12.9056901932,80.1883926392,44086,44096,10
12.9062204361,80.1887283325,44096,44106,10
12.9066696167,80.1890182495,44106,44116,10
12.9067401886,80.1890792847,44116,44126,10
12.9071903229,80.1894226074,44126,44136,10
12.9078397751,80.1899185181,44136,44146,10
12.9085998535,80.1905136108,44146,44156,10
12.9093198776,80.1910476685,44156,44166,10
12.9099798203,80.1915435791,44166,44176,10
12.9107198715,80.19165802,44176,44187,11
12.91147995,80.1917572021,44187,44197,10
12.9121904373,80.1918411255,44197,44207,10
12.9122800827,80.1918487549,44207,44217,10
12.9125795364,80.1919021606,44217,44227,10
12.9128599167,80.1919403076,44227,44237,10
12.9135303497,80.1920394897,44237,44247,10
12.9145202637,80.1921463013,44247,44257,10
12.9155902863,80.1922302246,44257,44267,10
12.9164104462,80.1922836304,44267,44277,10
12.9170198441,80.1922988892,44277,44287,10
12.9170598984,80.1922683716,44287,44298,11
12.9171495438,80.1920623779,44298,44308,10
12.9172496796,80.191619873,44308,44318,10
12.9173402786,80.1910705566,44318,44328,10
12.9173603058,80.1905670166,44328,44338,10
12.9173698425,80.1905136108,44338,44348,10
12.9174604416,80.1903915405,44348,44358,10
12.9174404144,80.1907119751,44358,44368,10
12.9173603058,80.191368103,44368,44378,10
12.9172697067,80.192237854,44378,44387,9
12.917140007,80.1931915283,44387,44419,32
12.917140007,80.1931915283,44419,44429,10
12.9170703888,80.1934432983,44429,44439,10
12.9171199799,80.1938095093,44439,44449,10
12.9172000885,80.1941680908,44449,44459,10
12.9176101685,80.1946411133,44459,44469,10
12.9182100296,80.1952133179,44469,44479,10
12.9188804626,80.1958312988,44479,44489,10
12.919549942,80.1963424683,44489,44499,10
12.9203300476,80.1966323853,44499,44510,11
12.9209604263,80.1968307495,44510,44520,10
12.9211797714,80.1968765259,44520,44530,10
12.9216995239,80.1970901489,44530,44540,10
12.9224300385,80.1972579956,44540,44550,10
12.9228200912,80.1973114014,44550,44560,10
12.9231004715,80.1973495483,44560,44570,10
12.9235601425,80.1974182129,44570,44580,10
12.924249649,80.1974487305,44580,44590,10
12.9249095917,80.1974487305,44590,44601,11
12.925239563,80.1974411011,44601,44611,10
12.9255304337,80.1974411011,44611,44621,10
12.9260597229,80.1974411011,44621,44631,10
12.9264497757,80.197517395,44631,44641,10
12.9265499115,80.1975479126,44641,44651,10
12.9268903732,80.1977081299,44651,44661,10
12.9274101257,80.198059082,44661,44670,9
12.9275503159,80.1981735229,44670,44681,11
12.9277896881,80.1984710693,44681,44691,10
12.9280595779,80.1990280151,44691,44701,10
12.9282999039,80.1996078491,44701,44713,12
12.9284601212,80.2005462646,44713,44723,10
12.9284896851,80.2014007568,44723,44733,10
12.9285202026,80.2016601563,44733,44743,10
12.9285202026,80.2019119263,44743,44753,10
12.9285001755,80.2023010254,44753,44763,10
12.9289302826,80.20262146,44763,44773,10
12.9294099808,80.2026824951,44773,44783,10
12.9294996262,80.2026901245,44783,44793,10
12.9299201965,80.2027511597,44793,44803,10
12.9305095673,80.2028579712,44803,44813,10
12.930850029,80.2029418945,44813,44824,11
12.9313497543,80.2031021118,44824,44834,10
12.9320602417,80.203338623,44834,44844,10
12.9328403473,80.2035903931,44844,44854,10
12.9334096909,80.2037887573,44854,44864,10
12.9338798523,80.2038497925,44864,44874,10
12.9339504242,80.2038574219,44874,44884,10
12.9342098236,80.2038574219,44884,44894,10
12.9348297119,80.2039413452,44894,44904,10
12.9355897903,80.2042388916,44904,44914,10
12.9363899231,80.2045135498,44914,44925,11
12.9373197556,80.204788208,44925,44935,10
12.9387903214,80.2052307129,44935,44945,10
12.9387903214,80.2052307129,44945,44955,10
12.9395399094,80.2054367065,44955,44963,8
12.9399595261,80.2055664063,44963,44976,13
12.9400196075,80.2055969238,44976,44986,10
12.9404497147,80.2057189941,44986,44996,10
12.9410495758,80.205947876,44996,45006,10
12.9417104721,80.2063293457,45006,45016,10
12.9423799515,80.2068862915,45016,45027,11
12.9429998398,80.2076187134,45027,45037,10
12.9437799454,80.2081375122,45037,45047,10
12.9443302155,80.2083282471,45047,45057,10
12.9443702698,80.2083511353,45057,45067,10
12.9445199966,80.2084274292,45067,45077,10
12.9450397491,80.2086029053,45077,45087,10
12.9458303452,80.2088394165,45087,45097,10
12.9467096329,80.2091598511,45097,45107,10
12.947520256,80.2094268799,45107,45117,10
12.9483098984,80.2096633911,45117,45127,10
12.9486398697,80.2098236084,45127,45138,11
12.9489097595,80.2098999023,45138,45148,10
12.9491100311,80.2099304199,45148,45158,10
12.9497203827,80.2101974487,45158,45166,8
12.9504098892,80.2105102539,45166,45178,12
12.951379776,80.2110214233,45178,45188,10
12.9522199631,80.2114028931,45188,45198,10
12.9530696869,80.2117385864,45198,45208,10
12.9536399841,80.2119522095,45208,45218,10
12.9536504745,80.2119522095,45218,45227,9
12.9539604187,80.2120819092,45227,45239,12
12.9547395706,80.2124099731,45239,45249,10
12.9555101395,80.2127304077,45249,45259,10
12.956319809,80.2130432129,45259,45269,10
12.9572601318,80.2134094238,45269,45279,10
12.9582996368,80.2138519287,45279,45289,10
12.9592199326,80.2142028809,45289,45299,10
12.9600896835,80.2145614624,45299,45309,10
12.9608898163,80.2148590088,45309,45319,10
12.9617004395,80.2151870728,45319,45329,10
12.9625196457,80.2155227661,45329,45338,9
12.9630699158,80.2156982422,45338,45350,12
12.9633703232,80.2158126831,45350,45360,10
12.9638795853,80.2160186768,45360,45370,10
12.9641399384,80.2161178589,45370,45380,10
12.9642295837,80.2161636353,45380,45390,10
12.964630127,80.2163619995,45390,45400,10
12.9652996063,80.2166366577,45400,45410,10
12.9659500122,80.2169036865,45410,45420,10
12.9664697647,80.2171020508,45420,45430,10
12.9670600891,80.217338562,45430,45440,10
12.9677495956,80.2176513672,45440,45450,10
12.9684200287,80.217918396,45450,45460,10
12.9691495895,80.2182006836,45460,45470,10
12.9699697495,80.2185211182,45470,45480,10
12.9708404541,80.2188415527,45480,45490,10
12.9712600708,80.2189483643,45490,45500,10
12.9713802338,80.21900177,45500,45511,11
12.9719495773,80.2192764282,45511,45521,10
12.9727401733,80.2195892334,45521,45531,10
12.9735202789,80.219871521,45531,45541,10
12.974029541,80.2200927734,45541,45571,30
12.974029541,80.2200927734,45571,45581,10
12.9742803574,80.2203216553,45581,45591,10
12.974729538,80.2204971313,45591,45601,10
12.9752397537,80.2206268311,45601,45664,63
12.9752397537,80.2206268311,45664,45674,10
12.9753103256,80.2206497192,45674,45684,10
12.9756402969,80.2208709717,45684,45694,10
12.976149559,80.2211914063,45694,45724,30
12.976149559,80.2211914063,45724,45734,10
12.9763498306,80.2211074829,45734,45744,10
12.9766798019,80.2211608887,45744,45754,10
12.9770498276,80.2211380005,45754,45765,11
12.9776000977,80.2211380005,45765,45775,10
12.9782800674,80.2211227417,45775,45785,10
12.979060173,80.2210693359,45785,45795,10
12.9798202515,80.221031189,45795,45805,10
12.9805202484,80.2209701538,45805,45815,10
12.9810800552,80.2210388184,45815,45825,10
12.981590271,80.2212982178,45825,45835,10
12.9819498062,80.2215118408,45835,45845,10
12.9825000763,80.2216796875,45845,45855,10
12.9829397202,80.2219085693,45855,45876,21
12.9829397202,80.2219085693,45876,45886,10
12.9832897186,80.2221374512,45886,45896,10
12.9836196899,80.2223434448,45896,45906,10
12.9842395782,80.2227172852,45906,45916,10
12.9847803116,80.2230682373,45916,45926,10
12.9853601456,80.2232666016,45926,45936,10
12.9857597351,80.2229385376,45936,45946,10
12.9865198135,80.2229309082,45946,45966,20
12.9865198135,80.2229309082,45966,45977,11
12.9870004654,80.2229919434,45977,45997,20
12.9870004654,80.2229919434,45997,46007,10
12.9873504639,80.2230224609,46007,46017,10
12.9878797531,80.2228622437,46017,46027,10
12.9884996414,80.2223815918,46027,46037,10
12.9890604019,80.2218322754,46037,46047,10
12.9892597198,80.2215576172,46047,46057,10
12.9893598557,80.2214279175,46057,46065,8
12.9895601273,80.2210922241,46065,46077,12
12.9904298782,80.2203292847,46077,46098,21
12.9904298782,80.2203292847,46098,46108,10
12.9905996323,80.220199585,46108,46118,10
12.9907598495,80.2200622559,46118,46128,10
12.9910802841,80.2198104858,46128,46138,10
12.9913301468,80.2196426392,46138,46148,10
12.9915504456,80.2194671631,46148,46158,10
12.9920902252,80.2191085815,46158,46168,10
12.9928998947,80.2185134888,46168,46178,10
12.9937200546,80.2178573608,46178,46189,11
12.9941701889,80.2175292969,46189,46199,10
12.9944095612,80.217376709,46199,46209,10
12.994890213,80.217048645,46209,46219,10
12.9953603745,80.2167510986,46219,46229,10
12.9959001541,80.216583252,46229,46239,10
12.9964799881,80.2164764404,46239,46249,10
12.9970197678,80.2164306641,46249,46259,10
12.9974603653,80.2164230347,46259,46269,10
12.9974899292,80.2164230347,46269,46279,10
12.9977197647,80.216468811,46279,46290,11
12.9983701706,80.2166213989,46290,46300,10
12.9989099503,80.2168502808,46300,46310,10
12.9993200302,80.2170791626,46310,46320,10
12.9998998642,80.2174606323,46320,46330,10
13.0004997253,80.2178192139,46330,46340,10
13.0012197495,80.2182998657,46340,46347,7
13.0017995834,80.21875,46347,46360,13
13.002699852,80.2196426392,46360,46370,10
13.0035600662,80.2199707031,46370,46380,10
13.0044403076,80.220161438,46380,46390,10
13.0047302246,80.2202072144,46390,46401,11
13.0050201416,80.2202682495,46401,46411,10
13.0057096481,80.220413208,46411,46421,10
13.006649971,80.2206268311,46421,46431,10
13.0076999664,80.2211990356,46431,46441,10
13.0089101791,80.2218475342,46441,46451,10
13.0099897385,80.222442627,46451,46461,10
13.011300087,80.2230606079,46461,46481,20
13.011300087,80.2230606079,46481,46491,10
13.0114898682,80.2231521606,46491,46501,10
13.0116500854,80.2233276367,46501,46511,10
13.0119695663,80.2235336304,46511,46521,10
13.0124597549,80.223777771,46521,46532,11
13.0131797791,80.2241210938,46532,46542,10
13.0137901306,80.2244415283,46542,46552,10
13.0144796371,80.2247924805,46552,46562,10
13.0151796341,80.2251663208,46562,46602,40
13.0151796341,80.2251663208,46602,46614,12
13.0155601501,80.2253265381,46614,46624,10
13.0160903931,80.2253723145,46624,46634,10
13.0169000626,80.2251815796,46634,46644,10
13.0178203583,80.224822998,46644,46652,8
13.0184602737,80.224571228,46652,46662,10
13.0191698074,80.2243423462,46662,46672,10
13.0194501877,80.2243423462,46672,46682,10
13.0195798874,80.2243804932,46682,46692,10
13.0198001862,80.2244720459,46692,46702,10
13.0201501846,80.2247695923,46702,46715,13
13.0207195282,80.2251968384,46715,46725,10
13.0210103989,80.2254180908,46725,46735,10
13.0214300156,80.2257614136,46735,46745,10
13.0219097137,80.2260818481,46745,46755,10
13.0219297409,80.2260894775,46755,46765,10
13.0220499039,80.2261962891,46765,46775,10
13.0224599838,80.2265472412,46775,46785,10
13.0230197906,80.2270278931,46785,46795,10
13.0235500336,80.2275238037,46795,46805,10
13.0243396759,80.2284011841,46805,46836,31
13.0243396759,80.2284011841,46836,46846,10
13.0245103836,80.2286834717,46846,46856,10
13.024769783,80.2290725708,46856,46866,10
13.0251598358,80.2295684814,46866,46876,10
13.0256099701,80.2302017212,46876,46886,10
13.0259103775,80.2307662964,46886,46896,10
13.025970459,80.2308883667,46896,46906,10
13.0259895325,80.231010437,46906,46916,10
13.026260376,80.2312393188,46916,46927,11
13.0270204544,80.2310562134,46927,46937,10
13.0277996063,80.2309036255,46937,46947,10
13.0284996033,80.2308120728,46947,46957,10
13.0286302567,80.230796814,46957,46967,10
13.0288095474,80.2308120728,46967,46977,10
13.0289297104,80.2308120728,46977,46987,10
13.0292196274,80.230758667,46987,46997,10
13.0300197601,80.230682373,46997,47048,51
13.0300197601,80.230682373,47048,47058,10
13.0302200317,80.230682373,47058,47068,10
13.0303697586,80.2306594849,47068,47078,10
13.0306797028,80.2306289673,47078,47088,10
13.0312099457,80.2305908203,47088,47098,10
13.0317001343,80.2305374146,47098,47108,10
13.032409668,80.2304992676,47108,47117,9
13.0331697464,80.2304534912,47117,47129,12
13.0339202881,80.230430603,47129,47159,30
13.0339202881,80.230430603,47159,47169,10
13.0340595245,80.2304229736,47169,47179,10
13.0344400406,80.2303237915,47179,47189,10
13.0346899033,80.2302627563,47189,47198,9
13.034819603,80.230178833,47198,48301,1103
13.0347204208,80.2299499512,48301,48452,151
13.0343799591,80.2298965454,48452,49059,607
13.0343799591,80.2298965454,49059,49069,10
13.0342197418,80.2301712036,49069,49099,30
13.0342197418,80.2301712036,49099,49109,10
13.0340499878,80.2304000854,49109,49119,10
13.0336198807,80.2304382324,49119,49126,7
13.0332403183,80.2304763794,49126,49139,13
13.0325202942,80.2305679321,49139,49150,11
13.0318698883,80.2306518555,49150,49160,10
13.0312995911,80.2307128906,49160,49170,10
13.0308303833,80.230758667,49170,49180,10
13.0305995941,80.2307662964,49180,49190,10
13.0305595398,80.2307815552,49190,49200,10
13.0302696228,80.230796814,49200,49210,10
13.0299196243,80.2308197021,49210,49220,10
13.0296802521,80.2308273315,49220,49230,10
13.0291996002,80.2308807373,49230,49240,10
13.0285301208,80.2309265137,49240,49251,11
13.0278596878,80.2309875488,49251,49261,10
13.0276298523,80.2311172485,49261,49271,10
13.0276699066,80.2314376831,49271,49281,10
13.0277299881,80.2320098877,49281,49291,10
13.0278396606,80.2325897217,49291,49301,10
13.0276203156,80.2328186035,49301,49311,10
13.0273399353,80.2329025269,49311,49320,9
13.0270700455,80.232963562,49320,49331,11
13.0268201828,80.2329864502,49331,49341,10
13.0265302658,80.2330093384,49341,49351,10
13.0263004303,80.2325897217,49351,49362,11
13.026140213,80.232093811,49362,49372,10
13.0260896683,80.231880188,49372,49382,10
13.0260601044,80.2317428589,49382,49392,10
13.0259895325,80.2314605713,49392,49402,10
13.0258903503,80.2310714722,49402,49412,10
13.0256595612,80.23046875,49412,49422,10
13.0252304077,80.2298126221,49422,49432,10
13.0248298645,80.2293014526,49432,49442,10
13.0246601105,80.2291183472,49442,49453,11
13.0244398117,80.2288589478,49453,49463,10
13.024189949,80.2285614014,49463,49473,10
13.0238704681,80.2281570435,49473,49483,10
13.0234899521,80.2277526855,49483,49493,10
13.0231599808,80.2275238037,49493,49513,20
13.0231599808,80.2275238037,49513,49523,10
13.0230102539,80.2274398804,49523,49533,10
13.0226202011,80.2270889282,49533,49543,10
13.0224599838,80.2267913818,49543,49553,10
13.0221004486,80.2264862061,49553,49563,10
13.0216302872,80.2260971069,49563,49573,10
13.0211000443,80.2256698608,49573,49583,10
13.0205898285,80.2252883911,49583,49593,10
13.0201702118,80.2250213623,49593,49603,10
13.0200595856,80.2249603271,49603,49614,11
13.0198497772,80.2247772217,49614,49624,10
13.0192699432,80.2245407104,49624,49634,10
13.0184202194,80.2246627808,49634,49644,10
13.0175199509,80.2250213623,49644,49654,10
13.0166702271,80.2253494263,49654,49664,10
13.0161304474,80.2255706787,49664,49673,9
13.0155801773,80.225769043,49673,49684,11
13.0149402618,80.2260437012,49684,49694,10
13.0149097443,80.2260513306,49694,49704,10
13.0148897171,80.2260818481,49704,49714,10
13.0144901276,80.2262496948,49714,49724,10
13.0143899918,80.2262802124,49724,49734,10
13.014289856,80.2263183594,49734,49744,10
13.0138301849,80.2264633179,49744,49754,10
13.0131797791,80.2267227173,49754,49764,10
13.0123701096,80.2270126343,49764,49774,10
13.0114803314,80.2273406982,49774,49787,13
13.0102100372,80.2278366089,49787,49797,10
13.0095596313,80.2278137207,49797,49807,10
13.0096101761,80.2273712158,49807,49817,10
13.0098800659,80.2267913818,49817,49827,10
13.0101699829,80.2261199951,49827,49837,10
13.0103902817,80.2256011963,49837,49847,10
13.0105600357,80.225189209,49847,49857,10
13.0107002258,80.2248306274,49857,49867,10
13.0108098984,80.2244033813,49867,49878,11
13.0110502243,80.2237167358,49878,49888,10
13.0111999512,80.223197937,49888,49898,10
13.0109796524,80.2230529785,49898,49908,10
13.0104398727,80.22290802,49908,49918,10
13.0103397369,80.2228164673,49918,49928,10
13.0101003647,80.2226409912,49928,49938,10
13.0095500946,80.2223434448,49938,49948,10
13.0088100433,80.2219085693,49948,49958,10
13.0079803467,80.2214736938,49958,49968,10
13.007109642,80.2210464478,49968,49979,11
13.0061197281,80.2206497192,49979,49988,9
13.0052604675,80.2204208374,49988,49997,9
13.004650116,80.2202835083,49997,50010,13
13.0045204163,80.2202529907,50010,50020,10
13.0041599274,80.2201690674,50020,50030,10
13.0034599304,80.2200012207,50030,50039,9
13.0026302338,80.2196578979,50039,50050,11
13.0018396378,80.2189025879,50050,50060,10
13.0010795593,80.2182998657,50060,50070,10
13.0003404617,80.2178421021,50070,50080,10
12.999540329,80.217338562,50080,50090,10
12.9986896515,80.2169036865,50090,50102,12
12.9974298477,80.2165374756,50102,50122,20
12.9974298477,80.2165374756,50122,50132,10
12.9972496033,80.2165298462,50132,50142,10
12.9970397949,80.2165603638,50142,50152,10
12.9964399338,80.2165985107,50152,50162,10
12.9956903458,80.2167663574,50162,50172,10
12.9950504303,80.2170791626,50172,50182,10
12.9946098328,80.217376709,50182,50192,10
12.9941501617,80.2177200317,50192,50202,10
12.993639946,80.2180633545,50202,50213,11
12.9930200577,80.2184677124,50213,50223,10
12.9923801422,80.2189788818,50223,50233,10
12.9917001724,80.2194900513,50233,50243,10
12.9912099838,80.2198486328,50243,50253,10
12.9909095764,80.2200775146,50253,50263,10
12.9908704758,80.2201080322,50263,50273,10
12.9905595779,80.2203216553,50273,50283,10
12.9900999069,80.2207107544,50283,50293,10
12.9896402359,80.2212295532,50293,50303,10
12.9891700745,80.221862793,50303,50313,10
12.9886903763,80.222366333,50313,50323,10
12.9881601334,80.2228317261,50323,50333,10
12.9877700806,80.2230834961,50333,50353,20
12.9877700806,80.2230834961,50353,50364,11
12.9875297546,80.2230834961,50364,50373,9
12.9873199463,80.2230682373,50373,50384,11
12.9870996475,80.2230606079,50384,50394,10
12.9868497849,80.2230072021,50394,50404,10
12.9863100052,80.2229690552,50404,50415,11
12.985619545,80.2231063843,50415,50425,10
12.9851903915,80.2232666016,50425,50435,10
12.9845600128,80.2229995728,50435,50445,10
12.9839601517,80.2226409912,50445,50455,10
12.9834804535,80.2223815918,50455,50465,10
12.9832000732,80.2221908569,50465,50474,9
12.9832000732,80.2221679688,50474,50485,11
12.9831399918,80.2221374512,50485,50495,10
12.9824495316,80.2218780518,50495,50525,30
12.982219696,80.2217483521,50525,50587,62
12.982219696,80.2217483521,50587,50597,10
12.9818401337,80.2215423584,50597,50607,10
12.9813699722,80.2212600708,50607,50617,10
12.9807796478,80.2210693359,50617,50628,11
12.9800195694,80.2211227417,50628,50638,10
12.9793195724,80.2211837769,50638,50648,10
12.9785604477,80.2212219238,50648,50658,10
12.9779195786,80.2212371826,50658,50668,10
12.9776096344,80.2212905884,50668,50678,10
12.9772796631,80.2212982178,50678,50688,10
12.9766397476,80.2212905884,50688,50698,10
12.9760599136,80.2212982178,50698,50708,10
12.9757204056,80.2211303711,50708,50739,31
12.9757204056,80.2211303711,50739,50749,10
12.9756402969,80.2210388184,50749,50759,10
12.9753904343,80.2208633423,50759,50769,10
12.9749002457,80.2205963135,50769,50779,10
12.9741802216,80.2203063965,50779,50789,10
12.9736099243,80.2200622559,50789,50799,10
12.9730396271,80.2198791504,50799,50809,10
12.972410202,80.2196426392,50809,50819,10
12.9716796875,80.2194137573,50819,50829,10
12.9709997177,80.2191925049,50829,50850,21
12.9709997177,80.2191925049,50850,50860,10
12.9707202911,80.219039917,50860,50870,10
12.9701595306,80.2187576294,50870,50880,10
12.9694299698,80.2184677124,50880,50890,10
12.9685697556,80.218132019,50890,50900,10
12.9676599503,80.2177581787,50900,50910,10
12.966750145,80.2173995972,50910,50920,10
12.9659204483,80.2170715332,50920,51001,81
12.9659204483,80.2170715332,51001,51011,10
12.9657497406,80.2169876099,51011,51021,10
12.9652004242,80.2167663574,51021,51031,10
12.9644603729,80.2164611816,51031,51040,9
12.9638395309,80.2161865234,51040,51052,12
12.9631595612,80.2158813477,51052,51062,10
12.962849617,80.2157592773,51062,51072,10
12.9628000259,80.2157287598,51072,51082,10
12.9623498917,80.2155532837,51082,51092,10
12.9616003036,80.2152633667,51092,51102,10
12.9606304169,80.214881897,51102,51112,10
12.9596595764,80.2144927979,51112,51122,10
12.9587497711,80.2141189575,51122,51132,10
12.9577302933,80.2137298584,51132,51142,10
12.9568595886,80.2133789063,51142,51152,10
12.9559803009,80.2130432129,51152,51163,11
12.9549798965,80.2126464844,51163,51173,10
12.9542303085,80.212348938,51173,51183,10
12.9538002014,80.2122116089,51183,51203,20
12.9538002014,80.2122116089,51203,51213,10
12.9534797668,80.2120513916,51213,51223,10
12.9528398514,80.211807251,51223,51233,10
12.9519796371,80.211479187,51233,51243,10
12.9509801865,80.2111587524,51243,51253,10
12.9499197006,80.2107620239,51253,51264,11
12.9489002228,80.2103729248,51264,51274,10
12.9486598969,80.2102813721,51274,51284,10
12.9485797882,80.2102890015,51284,51294,10
12.9482097626,80.2101516724,51294,51304,10
12.9474601746,80.2098464966,51304,51314,10
12.9464797974,80.2094268799,51314,51324,10
12.9455299377,80.2089767456,51324,51334,10
12.9446401596,80.2085494995,51334,51344,10
12.9441995621,80.2083892822,51344,51354,10
12.9441299438,80.2083511353,51354,51364,10
12.9436798096,80.2081604004,51364,51374,10
12.9430398941,80.2077865601,51374,51384,10
12.9425802231,80.2071762085,51384,51394,10
12.9420795441,80.2067108154,51394,51404,10
12.9414396286,80.2062606812,51404,51414,10
12.9410600662,80.2060623169,51414,51424,10
12.9410400391,80.2060470581,51424,51435,11
12.9406204224,80.2058563232,51435,51445,10
12.9399404526,80.205657959,51445,51455,10
12.9391498566,80.2054290771,51455,51465,10
12.9383497238,80.2052001953,51465,51475,10
12.9376296997,80.2049789429,51475,51485,10
12.9369697571,80.204788208,51485,51495,10
12.9363098145,80.2045822144,51495,51505,10
12.9357700348,80.2044525146,51505,51515,10
12.9352397919,80.2041702271,51515,51525,10
12.9345197678,80.2039871216,51525,51535,10
12.9337301254,80.2039337158,51535,51555,20
12.9337301254,80.2039337158,51555,51565,10
12.9336204529,80.2039108276,51565,51578,13
12.9329204559,80.2036819458,51578,51588,10
12.9320297241,80.2033920288,51588,51598,10
12.9313097,80.2031478882,51598,51608,10
12.9308996201,80.2030334473,51608,51618,10
12.9303798676,80.202911377,51618,51628,10
12.9296703339,80.2028198242,51628,51648,20
12.9296703339,80.2028198242,51648,51658,10
12.9293603897,80.2027893066,51658,51668,10
12.9287595749,80.2027511597,51668,51679,11
12.9285097122,80.2020874023,51679,51689,10
12.9284696579,80.2012634277,51689,51699,10
12.9284095764,80.2002029419,51699,51709,10
12.9280595779,80.1990890503,51709,51719,10
12.9275197983,80.1981964111,51719,51729,10
12.9263896942,80.1976165771,51729,51749,20
12.9263896942,80.1976165771,51749,51759,10
12.9260902405,80.1975708008,51759,51769,10
12.9256601334,80.1975479126,51769,51778,9
12.9254398346,80.1975402832,51778,51789,11
12.9249401093,80.1975097656,51789,51800,11
12.9241199493,80.1975097656,51800,51810,10
12.9234304428,80.1974716187,51810,51820,10
12.9227895737,80.1973724365,51820,51830,10
12.9220504761,80.1972885132,51830,51850,20
12.9220504761,80.1972885132,51850,51860,10
12.92166996,80.1971664429,51860,51870,10
12.9211101532,80.1969528198,51870,51880,10
12.9204998016,80.1967391968,51880,51891,11
12.9198999405,80.1965408325,51891,51901,10
12.9194898605,80.1963729858,51901,51931,30
12.9194898605,80.1963729858,51931,51941,10
12.9193601608,80.1962432861,51941,51951,10
12.9190702438,80.1960525513,51951,51961,10
12.9189796448,80.1959686279,51961,51971,10
12.9188995361,80.1958999634,51971,51981,10
12.9185695648,80.195602417,51981,51991,10
12.918009758,80.195098877,51991,52001,10
12.9173603058,80.1945037842,52001,52012,11
12.917140007,80.194229126,52012,52022,10
12.9170598984,80.1940689087,52022,52032,10
12.9169902802,80.1937408447,52032,52042,10
12.9169902802,80.193611145,52042,52052,10
12.9170303345,80.1931381226,52052,52062,10
12.9170999527,80.1925125122,52062,52072,10
12.9167299271,80.1923522949,52072,52123,51
12.9167299271,80.1923522949,52123,52133,10
12.9166402817,80.1923522949,52133,52143,10
12.9162397385,80.1923294067,52143,52153,10
12.9154996872,80.1922607422,52153,52163,10
12.9146795273,80.192199707,52163,52173,10
12.9138298035,80.1920928955,52173,52183,10
12.9129600525,80.1919631958,52183,52193,10
12.9121599197,80.1918716431,52193,52204,11
12.9113998413,80.1917800903,52204,52213,9
12.9107704163,80.1916885376,52213,52224,11
12.9099998474,80.1916122437,52224,52234,10
12.9097795486,80.1914901733,52234,52244,10
12.9096899033,80.1914215088,52244,52254,10
12.9093103409,80.1911087036,52254,52264,10
12.9085998535,80.1905670166,52264,52274,10
12.9077596664,80.1899185181,52274,52284,10
12.9070100784,80.1893463135,52284,52294,10
12.9062595367,80.1888427734,52294,52314,20
12.9062595367,80.1888427734,52314,52325,11
12.9060297012,80.1886520386,52325,52335,10
12.9054603577,80.1883163452,52335,52345,10
12.9047403336,80.1878585815,52345,52355,10
12.9040298462,80.1873321533,52355,52365,10
12.9039897919,80.1865234375,52365,52375,10
12.9040203094,80.1855010986,52375,52385,10
12.9039697647,80.1847000122,52385,52395,10
12.9033498764,80.1844711304,52395,52405,10
12.9024400711,80.1842193604,52405,52415,10
12.9015302658,80.1839828491,52415,52425,10
12.9007301331,80.1837081909,52425,52435,10
12.8997898102,80.1832275391,52435,52445,10
12.8987903595,80.1827392578,52445,52455,10
12.8978996277,80.1822891235,52455,52466,11
12.8973903656,80.1820602417,52466,52486,20
12.8973903656,80.1820602417,52486,52496,10
12.8973302841,80.1820297241,52496,52506,10
12.8969898224,80.1818313599,52506,52516,10
12.896320343,80.1815032959,52516,52525,9
12.895529747,80.181098938,52525,52538,13
12.8944597244,80.180557251,52538,52548,10
12.8941202164,80.1803894043,52548,52556,8
12.8941001892,80.1803817749,52556,52566,10
12.8938398361,80.180229187,52566,52576,10
12.8933601379,80.1800308228,52576,52586,10
12.8933000565,80.1799621582,52586,52596,10
12.8932199478,80.1798095703,52596,52606,10
12.8929195404,80.1792678833,52606,52616,10
12.8924999237,80.1784820557,52616,52626,10
12.8920402527,80.1776733398,52626,52639,13
12.8914604187,80.1766281128,52639,52659,20
12.8914604187,80.1766281128,52659,52669,10
12.8914299011,80.1765289307,52669,52679,10
12.8911399841,80.1759872437,52679,52689,10
12.890709877,80.1752090454,52689,52699,10
12.890250206,80.1745376587,52699,52709,10
12.8899002075,80.1743621826,52709,52719,10
12.8896398544,80.1742782593,52719,52729,10
12.8894300461,80.1741790771,52729,52736,7
12.8891296387,80.1740264893,52736,52750,14
12.888130188,80.1735076904,52750,52760,10
12.8871297836,80.172996521,52760,52770,10
12.8860998154,80.1724700928,52770,52780,10
12.8850803375,80.1719436646,52780,52790,10
12.8840198517,80.1713867188,52790,52800,10
12.8831501007,80.1709518433,52800,52810,10
12.8824596405,80.1706390381,52810,52820,10
12.8820495605,80.1709976196,52820,52830,10
12.8815097809,80.1709213257,52830,52839,9
12.881360054,80.1708831787,52839,52851,12
12.881360054,80.1708679199,52851,52861,10
12.8812799454,80.1708068848,52861,52871,10
12.8808097839,80.1706695557,52871,52881,10
12.8801002502,80.1703567505,52881,52891,10
12.8793497086,80.1699829102,52891,52901,10
12.8782997131,80.1701126099,52901,52910,9
12.877240181,80.1704025269,52910,52922,12
12.8760900497,80.1707763672,52922,52933,11
12.8757801056,80.1708984375,52933,52942,9
12.8751001358,80.1713409424,52942,52949,7
12.8751001358,80.1713409424,52949,52963,14
12.8739700317,80.1720733643,52963,52973,10
12.8729896545,80.172706604,52973,52995,22
12.8708600998,80.1741409302,52995,53005,10
12.8700199127,80.1747207642,53005,53015,10
12.8692302704,80.1752624512,53015,53025,10
12.8684501648,80.1757736206,53025,53035,10
12.8676700592,80.1759414673,53035,53045,10
12.866900444,80.1758499146,53045,53056,11
12.8661699295,80.1757888794,53056,53066,10
12.8655004501,80.1757278442,53066,53076,10
12.8652200699,80.1756896973,53076,53086,10
12.8649597168,80.1755905151,53086,53096,10
12.8643198013,80.175239563,53096,53106,10
12.8635101318,80.1747283936,53106,53116,10
12.8626003265,80.1741790771,53116,53126,10
12.8620996475,80.1739578247,53126,53136,10
12.8616895676,80.1737976074,53136,53146,10
12.8609800339,80.1735076904,53146,53156,10
12.8602104187,80.1731567383,53156,53169,13
12.8592500687,80.1727294922,53169,53179,10
12.8583498001,80.1725234985,53179,53189,10
12.857629776,80.1724014282,53189,53199,10
12.8573999405,80.1723709106,53199,53209,10
12.8568897247,80.1722717285,53209,53219,10
12.8563804626,80.1721572876,53219,53239,20
12.8563804626,80.1721572876,53239,53249,10
12.8561897278,80.1720962524,53249,53259,10
12.8557195663,80.1719589233,53259,53269,10
12.8550195694,80.1717529297,53269,53280,11
12.8544998169,80.1715927124,53280,53290,10
12.853890419,80.1714096069,53290,53300,10
12.8530302048,80.1712265015,53300,53310,10
12.851940155,80.1710891724,53310,53320,10
12.8508501053,80.1709213257,53320,53330,10
12.8496999741,80.1707305908,53330,53340,10
12.8485403061,80.1705322266,53340,53350,10
12.8475704193,80.1703796387,53350,53360,10
12.8471498489,80.1703491211,53360,53370,10
12.8469200134,80.1703262329,53370,53381,11
12.8463697433,80.1702728271,53381,53391,10
12.8457603455,80.1702194214,53391,53401,10
12.845000267,80.1701812744,53401,53411,10
12.8439598083,80.1701126099,53411,53421,10
12.8429803848,80.1699676514,53421,53431,10
12.8420000076,80.169960022,53431,53441,10
12.8410396576,80.1699676514,53441,53451,10
12.8401203156,80.1699371338,53451,53461,10
12.8392000198,80.1699295044,53461,53471,10
12.8384799957,80.1697235107,53471,53482,11
12.8383398056,80.169631958,53482,53492,10
12.8380403519,80.1693496704,53492,53512,20
12.8380403519,80.1693496704,53512,53522,10
12.8377399445,80.1693191528,53522,53532,10
12.8371801376,80.1690826416,53532,53542,10
12.8370704651,80.1688766479,53542,53552,10
12.8368196487,80.1688079834,53552,53562,10
12.8364200592,80.1686782837,53562,53572,10
12.8361501694,80.168586731,53572,53582,10
12.8359498978,80.1682510376,53582,53593,11
12.8357000351,80.1678085327,53593,53603,10
12.8352098465,80.1677017212,53603,53613,10
12.8344802856,80.1672821045,53613,53623,10
12.8337001801,80.1668701172,53623,53633,10
12.8335103989,80.1667709351,53633,53643,10
12.83314991,80.1665496826,53643,53653,10
12.8324899673,80.1662063599,53653,53663,10
12.8316802979,80.1658630371,53663,53673,10
12.8306903839,80.1656112671,53673,53684,11
12.8294801712,80.165397644,53684,53694,10
12.8285598755,80.1652832031,53694,53704,10
12.8275899887,80.1651535034,53704,53734,30
12.8275899887,80.1651535034,53734,53744,10
12.8274402618,80.1651000977,53744,53754,10
12.8270998001,80.1648788452,53754,53764,10
12.8268098831,80.1647109985,53764,53774,10
12.8266801834,80.1646499634,53774,53783,9
12.8263301849,80.1644210815,53783,53795,12
12.8260602951,80.1642303467,53795,53805,10
12.8256397247,80.1640167236,53805,53815,10
12.8248195648,80.1635971069,53815,53825,10
12.8238201141,80.1629486084,53825,53835,10
12.8226499557,80.1623687744,53835,53845,10
12.8214797974,80.1619110107,53845,53855,10
12.8203601837,80.1614303589,53855,53865,10
12.8193397522,80.160987854,53865,53875,10
12.818479538,80.1606063843,53875,53885,10
12.8181295395,80.1604995728,53885,53895,10
12.8178300858,80.16040802,53895,53905,10
12.8172302246,80.1602401733,53905,53916,11
12.8171100616,80.1602020264,53916,53926,10
12.8169803619,80.16015625,53926,53936,10
12.8164596558,80.1600494385,53936,53946,10
12.8156995773,80.1598968506,53946,53956,10
12.8152399063,80.1598205566,53956,53966,10
12.8146400452,80.1596832275,53966,53976,10
12.8139295578,80.1595993042,53976,53986,10
12.8132295609,80.1595230103,53986,53996,10
12.8125495911,80.1593933105,53996,54006,10
12.8116798401,80.1594390869,54006,54026,20
12.8116798401,80.1594390869,54026,54036,10
12.8115501404,80.1594772339,54036,54046,10
12.8112697601,80.1595611572,54046,54057,11
12.8108797073,80.1596832275,54057,54067,10
12.8104000092,80.1597595215,54067,54077,10
12.8100099564,80.1595993042,54077,54117,40
12.8100099564,80.1595993042,54117,54127,10
12.8100595474,80.1596603394,54127,54137,10
12.8102397919,80.1596832275,54137,54147,10
12.8105602264,80.1596908569,54147,54157,10
12.8109798431,80.1595916748,54157,54167,10
12.8112401962,80.1595077515,54167,54177,10
12.8115196228,80.1594314575,54177,54187,10
12.8120803833,80.1593093872,54187,54197,10
12.8127803802,80.1594009399,54197,54207,10
12.8134498596,80.1595306396,54207,54217,10
12.8141202927,80.1595993042,54217,54230,13
12.8149499893,80.1597366333,54230,54240,10
12.8154201508,80.1598434448,54240,54250,10
12.8156995773,80.1598815918,54250,54260,10
12.8162498474,80.1599884033,54260,54270,10
12.8169403076,80.1601333618,54270,54280,10
12.8175001144,80.1602783203,54280,54290,10
12.817990303,80.1603775024,54290,54300,10
12.8182497025,80.1604614258,54300,54310,10
12.8186597824,80.1606216431,54310,54320,10
12.8195199966,80.1610183716,54320,54331,11
12.8208599091,80.1615982056,54331,54341,10
12.8221797943,80.1621322632,54341,54351,10
12.8232898712,80.1625976563,54351,54361,10
12.824259758,80.1632003784,54361,54371,10
12.8251104355,80.1636962891,54371,54381,10
12.8258304596,80.1640701294,54381,54391,10
12.8263702393,80.1644134521,54391,54401,10
12.8267803192,80.1646575928,54401,54411,10
12.8269300461,80.1647415161,54411,54421,10
12.8273696899,80.1650314331,54421,54482,61
12.8273696899,80.1650314331,54482,54492,10
12.827580452,80.1651000977,54492,54502,10
12.8278398514,80.1651382446,54502,54522,20
12.8278398514,80.1651382446,54522,54531,9
12.8278903961,80.1651535034,54531,54543,12
12.8285198212,80.165222168,54543,54553,10
12.8292303085,80.1653137207,54553,54563,10
12.829990387,80.1654129028,54563,54573,10
12.8306303024,80.1655197144,54573,54583,10
12.8308696747,80.1655807495,54583,54593,10
12.831489563,80.1657409668,54593,54603,10
12.832280159,80.1660690308,54603,54613,10
12.8331403732,80.1664810181,54613,54623,10
12.8338899612,80.1669082642,54623,54633,10
12.8345804214,80.1672973633,54633,54643,10
12.8352403641,80.1676712036,54643,54654,11
12.835729599,80.1678085327,54654,54664,10
12.8358697891,80.1679763794,54664,54674,10
12.8359603882,80.1682891846,54674,54684,10
12.8361701965,80.168548584,54684,54694,10
12.836400032,80.1686325073,54694,54704,10
12.8367300034,80.1687393188,54704,54714,10
12.8370199203,80.1688308716,54714,54724,10
12.8371801376,80.169052124,54724,54734,10
12.8374996185,80.1692428589,54734,54744,10
12.8380203247,80.1692886353,54744,54755,11
12.8382797241,80.1695327759,54755,54765,10
12.8383998871,80.169631958,54765,54775,10
12.8387899399,80.1697921753,54775,54785,10
12.8395299911,80.169960022,54785,54795,10
12.8403301239,80.1698989868,54795,54805,10
12.8414001465,80.1699295044,54805,54815,10
12.8426303864,80.1699066162,54815,54825,10
12.8439302444,80.1700592041,54825,54835,10
12.845199585,80.1701431274,54835,54845,10
12.8463802338,80.1701889038,54845,54856,11
12.8476200104,80.1703414917,54856,54866,10
12.8488302231,80.1705322266,54866,54876,10
12.8500099182,80.1707305908,54876,54886,10
12.8510303497,80.1709136963,54886,54896,10
12.8520097733,80.1710586548,54896,54906,10
12.852640152,80.1711502075,54906,54916,10
12.8526697159,80.1711502075,54916,54926,10
12.8529996872,80.1711807251,54926,54936,10
12.8536901474,80.1713104248,54936,54946,10
12.8544502258,80.1715316772,54946,54956,10
12.855219841,80.1717605591,54956,54967,11
12.8561201096,80.1719970703,54967,54977,10
12.8564395905,80.172088623,54977,54997,20
12.8564395905,80.172088623,54997,55007,10
12.8565502167,80.1721496582,55007,55017,10
12.857000351,80.1722335815,55017,55027,10
12.8575496674,80.1723175049,55027,55037,10
12.8578701019,80.1723937988,55037,55047,10
12.8585300446,80.172492981,55047,55057,10
12.8591995239,80.1726608276,55057,55067,10
12.8598499298,80.1729431152,55067,55078,11
12.860619545,80.1732711792,55078,55088,10
12.8614501953,80.1736373901,55088,55098,10
12.862279892,80.1740036011,55098,55108,10
12.863120079,80.1744537354,55108,55118,10
12.8639802933,80.174987793,55118,55128,10
12.8648004532,80.175491333,55128,55138,10
12.8652696609,80.1756591797,55138,55147,9
12.8654403687,80.1756668091,55147,55158,11
12.8661003113,80.1757507324,55158,55168,10
12.8668298721,80.175819397,55168,55180,12
12.8676204681,80.1758880615,55180,55190,10
12.8682899475,80.1758575439,55190,55200,10
12.8689498901,80.1754074097,55200,55210,10
12.8697795868,80.1748199463,55210,55220,10
12.8708600998,80.1740722656,55220,55230,10
12.8720502853,80.1732788086,55230,55240,10
12.8733301163,80.1724472046,55240,55250,10
12.8744697571,80.1716995239,55250,55261,11
12.8754701614,80.171043396,55261,55271,10
12.8761301041,80.1707229614,55271,55280,9
12.8808803558,80.1706314087,55280,55348,68
12.8821401596,80.1708908081,55348,55378,30
12.8821401596,80.1708908081,55378,55401,23
12.8827104568,80.1706771851,55401,55412,11
12.8832397461,80.1709594727,55412,55422,10
12.8839597702,80.171333313,55422,55432,10
12.8847999573,80.1717605591,55432,55442,10
12.8855695724,80.1721725464,55442,55452,10
12.8862895966,80.1725387573,55452,55462,10
12.8869800568,80.1728897095,55462,55472,10
12.8876600266,80.1732406616,55472,55482,10
12.8883304596,80.1735916138,55482,55493,11
12.8890304565,80.1739501953,55493,55503,10
12.8895101547,80.1742095947,55503,55513,10
12.8896598816,80.1742477417,55513,55523,10
12.8899002075,80.1743469238,55523,55533,10
12.8901901245,80.1744613647,55533,55543,10
12.8905096054,80.1747817993,55543,55553,10
12.8908395767,80.1753768921,55553,55563,10
12.8911600113,80.1759719849,55563,55573,10
12.8914499283,80.1764984131,55573,55583,10
12.8915596008,80.1766891479,55583,55594,11
12.8917102814,80.1769485474,55594,55604,10
12.8920497894,80.1775512695,55604,55614,10
12.8923902512,80.1781768799,55614,55624,10
12.8927297592,80.1787719727,55624,55634,10
12.8930397034,80.179359436,55634,55644,10
12.8934001923,80.1799621582,55644,55654,10
12.8939304352,80.1801986694,55654,55664,10
12.8939599991,80.1802215576,55664,55674,10
12.8942804337,80.1803894043,55674,55684,10
12.8948802948,80.1806793213,55684,55694,10
12.8955802917,80.1810379028,55694,55705,11
12.8964195251,80.1814422607,55705,55715,10
12.8971004486,80.1817703247,55715,55725,10
12.8975296021,80.1819915771,55725,55735,10
12.8975296021,80.1819763184,55735,55745,10
12.8976402283,80.1820602417,55745,55755,10
12.8980798721,80.1822662354,55755,55765,10
12.8987798691,80.1826400757,55765,55775,10
12.8995704651,80.1830368042,55775,55785,10
12.9003696442,80.1834335327,55785,55795,10
12.9011497498,80.1837768555,55795,55806,11
12.9022598267,80.1840896606,55806,55816,10
12.9032402039,80.1843566895,55816,55826,10
12.9039297104,80.1845703125,55826,55836,10
12.9041204453,80.1849517822,55836,55846,10
12.9041004181,80.1857070923,55846,55858,12
12.9040203094,80.186882019,55858,55868,10
12.9043998718,80.1875762939,55868,55878,10
12.9050197601,80.1879730225,55878,55888,10
12.9055595398,80.1883163452,55888,55898,10
12.9060697556,80.1886367798,55898,55909,11
12.9066495895,80.1890106201,55909,55929,20
12.9066495895,80.1890106201,55929,55939,10
12.9068603516,80.1891784668,55939,55949,10
12.9073495865,80.1895599365,55949,55959,10
12.9079904556,80.1900405884,55959,55968,9
12.9085197449,80.1904525757,55968,55979,11
12.9091396332,80.1909179688,55979,55989,10
12.9096603394,80.1913375854,55989,55999,10
12.9102697372,80.191619873,55999,56009,10
12.9109201431,80.1917037964,56009,56021,12
12.9117002487,80.1917877197,56021,56031,10
12.9122695923,80.1918411255,56031,56041,10
12.9124002457,80.1918563843,56041,56051,10
12.9129295349,80.1919174194,56051,56061,10
12.9136896133,80.1920089722,56061,56071,10
12.9144296646,80.1921005249,56071,56081,10
12.9153299332,80.1921691895,56081,56091,10
12.916179657,80.1922302246,56091,56101,10
12.9169902802,80.1922683716,56101,56122,21
12.9169902802,80.1922683716,56122,56132,10
12.9171304703,80.1921615601,56132,56142,10
12.9172201157,80.19165802,56142,56152,10
12.9173202515,80.1908798218,56152,56162,10
12.9173202515,80.1903991699,56162,56172,10
12.9174499512,80.1904830933,56172,56182,10
12.9173803329,80.1909408569,56182,56192,10
12.9173002243,80.1917114258,56192,56202,10
12.9172096252,80.1924285889,56202,56212,10
12.917140007,80.1930770874,56212,56243,31
12.917140007,80.1930770874,56243,56253,10
12.9171199799,80.1932678223,56253,56263,10
12.9171304703,80.1934509277,56263,56273,10
12.917140007,80.1937179565,56273,56283,10
12.9171800613,80.1940078735,56283,56293,10
12.917429924,80.194442749,56293,56303,10
12.917889595,80.1949310303,56303,56313,10
12.9183998108,80.1953887939,56313,56323,10
12.9189195633,80.1958770752,56323,56334,11
12.9195604324,80.1963424683,56334,56344,10
12.9202003479,80.1966094971,56344,56354,10
12.9208698273,80.1968078613,56354,56364,10
12.9214897156,80.1970367432,56364,56374,10
12.9221897125,80.1972503662,56374,56384,10
12.9230098724,80.1973571777,56384,56394,10
12.923210144,80.1973800659,56394,56404,10
12.9234695435,80.1974182129,56404,56414,10
12.9238796234,80.1974411011,56414,56424,10
12.9244604111,80.1974563599,56424,56435,11
12.925160408,80.1974487305,56435,56445,10
12.9253702164,80.1974411011,56445,56455,10
12.9258403778,80.1974411011,56455,56465,10
12.9263296127,80.1975021362,56465,56475,10
12.9264097214,80.197517395,56475,56485,10
12.9265899658,80.197593689,56485,56495,10
12.9270296097,80.1977996826,56495,56505,10
12.9276599884,80.1983184814,56505,56515,10
12.9280700684,80.1990509033,56515,56525,10
12.9283399582,80.1997528076,56525,56535,10
12.9284601212,80.2004699707,56535,56546,11
12.9285001755,80.2012329102,56546,56556,10
12.9285297394,80.2019195557,56556,56566,10
12.928730011,80.2025604248,56566,56576,10
12.9293804169,80.2026824951,56576,56586,10
12.9294204712,80.2026977539,56586,56596,10
12.9295101166,80.2027816772,56596,56606,10
12.9298400879,80.2028121948,56606,56616,10
12.9302997589,80.20287323,56616,56626,10
12.9308395386,80.2029571533,56626,56636,10
12.9314498901,80.2031326294,56636,56647,11
12.9321804047,80.2033691406,56647,56657,10
12.9328403473,80.2035675049,56657,56667,10
12.9333095551,80.2037582397,56667,56677,10
12.934009552,80.2038726807,56677,56697,20
12.934009552,80.2038726807,56697,56707,10
12.9341802597,80.2039108276,56707,56717,10
12.9345197678,80.2039413452,56717,56727,10
12.9349899292,80.2040176392,56727,56737,10
12.9355602264,80.2042770386,56737,56748,11
12.9362602234,80.2044906616,56748,56758,10
12.9368896484,80.2046585083,56758,56768,10
12.9374904633,80.204826355,56768,56778,10
12.938170433,80.2050323486,56778,56788,10
12.9389200211,80.2052536011,56788,56798,10
12.939740181,80.2054901123,56798,56808,10
12.9404802322,80.2057037354,56808,56818,10
12.9411497116,80.2059783936,56818,56828,10
12.9417495728,80.2063598633,56828,56838,10
12.9423599243,80.2068405151,56838,56848,10
12.9427995682,80.2073364258,56848,56858,10
12.9431200027,80.2077789307,56858,56868,10
12.9434995651,80.2080307007,56868,56878,10
12.9443902969,80.2083587646,56878,56908,30
12.9443902969,80.2083587646,56908,56919,11
12.9446296692,80.2084579468,56919,56929,10
12.9451704025,80.208656311,56929,56939,10
12.9458999634,80.2088470459,56939,56949,10
12.9466104507,80.2091217041,56949,56959,10
12.9472799301,80.2093887329,56959,56969,10
12.94810009,80.2095718384,56969,56979,10
12.9483804703,80.2096710205,56979,56989,10
12.9485797882,80.2097396851,56989,56999,10
12.9490804672,80.2099533081,56999,57009,10
12.9499797821,80.2103424072,57009,57019,10
12.9508800507,80.2107696533,57019,57029,10
12.9517097473,80.2112197876,57029,57039,10
12.9527196884,80.2116317749,57039,57049,10
12.9535799026,80.2119522095,57049,57062,13
12.9539203644,80.2120666504,57062,57072,10
12.9543895721,80.212272644,57072,57079,7
12.9548196793,80.2124404907,57079,57092,13
12.9556303024,80.2127838135,57092,57102,10
12.9563302994,80.2130508423,57102,57112,10
12.9571399689,80.2133636475,57112,57122,10
12.9580602646,80.2137374878,57122,57132,10
12.9589099884,80.2140884399,57132,57142,10
12.9596996307,80.2144088745,57142,57152,10
12.960650444,80.2148132324,57152,57163,11
12.9618501663,80.2152786255,57163,57173,10
12.9629001617,80.2156829834,57173,57183,10
12.9641704559,80.2161712646,57183,57203,20
12.9641704559,80.2161712646,57203,57213,10
12.9642400742,80.2162094116,57213,57223,10
12.9645900726,80.2163925171,57223,57233,10
12.9652700424,80.2166671753,57233,57240,7
12.965760231,80.2168731689,57240,57253,13
12.9665298462,80.2171478271,57253,57263,10
12.9670200348,80.217338562,57263,57274,11
12.9675998688,80.2175827026,57274,57284,10
12.9682197571,80.2178421021,57284,57294,10
12.9689598083,80.2181167603,57294,57304,10
12.9697799683,80.2184524536,57304,57314,10
12.9711799622,80.2189712524,57314,57334,20
12.9711799622,80.2189712524,57334,57344,10
12.9712696075,80.2189865112,57344,57354,10
12.9717197418,80.2191925049,57354,57363,9
12.9724502563,80.2194824219,57363,57375,12
12.9736604691,80.2199783325,57375,57385,10
12.9745798111,80.2203674316,57385,57395,10
12.9751596451,80.2206268311,57395,57475,80
12.9751596451,80.2206268311,57475,57486,11
12.9754400253,80.220703125,57486,57496,10
12.9759902954,80.2211685181,57496,57546,50
12.9759902954,80.2211685181,57546,57556,10
12.9762401581,80.2212371826,57556,57566,10
12.976650238,80.2212524414,57566,57577,11
12.9772901535,80.2212295532,57577,57587,10
12.9778203964,80.221206665,57587,57597,10
12.9782400131,80.221206665,57597,57607,10
12.9786701202,80.2211990356,57607,57617,10
12.9791202545,80.2211608887,57617,57627,10
12.9797401428,80.2211074829,57627,57637,10
12.9804096222,80.2210388184,57637,57647,10
12.9810495377,80.2210617065,57647,57657,10
12.9815797806,80.2212982178,57657,57667,10
12.9818601608,80.2214813232,57667,57677,10
12.9820804596,80.2216415405,57677,57687,10
12.9827098846,80.221862793,57687,57708,21
12.9827098846,80.221862793,57708,57718,10
12.9828195572,80.2219467163,57718,57728,10
12.9830598831,80.2220230103,57728,57738,10
12.9832601547,80.2221221924,57738,57748,10
12.9832801819,80.2221298218,57748,57758,10
12.9836397171,80.2223815918,57758,57769,11
12.9841804504,80.2227020264,57769,57779,10
12.9846801758,80.2230072021,57779,57789,10
12.9850997925,80.2232284546,57789,57799,10
12.985329628,80.2232818604,57799,57809,10
12.9854898453,80.2232131958,57809,57820,11
12.9859199524,80.2229690552,57820,57830,10
12.9862003326,80.2229614258,57830,57840,10
12.986240387,80.2229690552,57840,57850,10
12.9864301682,80.2229690552,57850,57860,10
12.9868297577,80.2230224609,57860,57870,10
12.9873600006,80.2230834961,57870,57879,9
12.9878101349,80.2230224609,57879,57890,11
12.9884195328,80.2225570679,57890,57902,12
12.988940239,80.2220535278,57902,57912,10
12.9892902374,80.2216033936,57912,57922,10
12.9896097183,80.2211532593,57922,57932,10
12.990070343,80.2206878662,57932,57939,7
12.9903402328,80.220489502,57939,57952,13
12.9905700684,80.2202682495,57952,57962,10
12.9906797409,80.220199585,57962,57972,10
12.9909896851,80.2199630737,57972,57982,10
12.9912996292,80.2196807861,57982,58033,51
12.9912996292,80.2196807861,58033,58043,10
12.9914398193,80.2195663452,58043,58053,10
12.9919204712,80.2192611694,58053,58063,10
12.9926595688,80.2187271118,58063,58073,10
12.9934396744,80.2181625366,58073,58083,10
12.9941196442,80.2176895142,58083,58093,10
12.994720459,80.2172393799,58093,58103,10
12.995059967,80.2170181274,58103,58114,11
12.9954900742,80.2167892456,58114,58124,10
12.9960603714,80.2166290283,58124,58134,10
12.9963703156,80.2165679932,58134,58144,10
12.9968099594,80.2165298462,58144,58154,10
12.9971904755,80.2164764404,58154,58164,10
12.9976396561,80.2164916992,58164,58174,10
12.997759819,80.216506958,58174,58184,10
12.9982700348,80.2166213989,58184,58194,10
12.9990501404,80.2169799805,58194,58205,11
12.9998903275,80.2174835205,58205,58215,10
13.0004196167,80.2178115845,58215,58225,10
13.0010700226,80.2182388306,58225,58235,10
13.0017795563,80.2187423706,58235,58245,10
13.0023803711,80.2193908691,58245,58255,10
13.0031604767,80.2198562622,58255,58265,10
13.0039796829,80.2200775146,58265,58275,10
13.004650116,80.220199585,58275,58285,10
13.0047702789,80.2202301025,58285,58295,10
13.0048599243,80.2202529907,58295,58305,10
13.0053796768,80.2203903198,58305,58316,11
13.0062999725,80.2205886841,58316,58326,10
13.0072898865,80.220993042,58326,58336,10
13.0084896088,80.2216262817,58336,58346,10
13.0096101761,80.2222366333,58346,58356,10
13.0106401443,80.2228012085,58356,58366,10
13.0113096237,80.2230911255,58366,58376,10
13.0113601685,80.2230987549,58376,58386,10
13.0114803314,80.2229995728,58386,58396,10
13.011639595,80.2224884033,58396,58406,10
13.0118598938,80.2219161987,58406,58416,10
13.0120201111,80.2216720581,58416,58425,9
13.0122299194,80.2215194702,58425,58437,12
13.0124797821,80.2217407227,58437,58447,10
13.0128297806,80.22215271,58447,58457,10
13.0132198334,80.2225723267,58457,58467,10
13.0136499405,80.2230300903,58467,58477,10
13.013999939,80.2234268188,58477,58487,10
13.0141601563,80.2236709595,58487,58497,10
13.0144901276,80.2240829468,58497,58507,10
13.0150699615,80.224609375,58507,58518,11
13.0155200958,80.2249908447,58518,58528,10
13.0155897141,80.2250137329,58528,58538,10
13.0159502029,80.2253036499,58538,58548,10
13.0167598724,80.2251968384,58548,58558,10
13.0175304413,80.224899292,58558,58568,10
13.0182304382,80.224609375,58568,58578,10
13.0188398361,80.2243881226,58578,58588,10
13.0194797516,80.2244186401,58588,58598,10
13.0199899673,80.2246627808,58598,58608,10
13.0202999115,80.224899292,58608,58618,10
13.0206003189,80.2251434326,58618,58628,10
13.0208797455,80.2253417969,58628,58639,11
13.0211896896,80.2256088257,58639,58649,10
13.0216302872,80.2259368896,58649,58659,10
13.0220098495,80.2261810303,58659,58669,10
13.0220298767,80.2261962891,58669,58679,10
13.0222597122,80.2263870239,58679,58689,10
13.0227003098,80.2267990112,58689,58699,10
13.0232000351,80.2272491455,58699,58709,10
13.0237197876,80.2277374268,58709,58719,10
13.0240497589,80.2280426025,58719,58729,10
13.0243196487,80.2283477783,58729,58740,11
13.0245304108,80.2286376953,58740,58750,10
13.0248003006,80.2290115356,58750,58760,10
13.0251703262,80.2294998169,58760,58770,10
13.0257797241,80.2304077148,58770,58800,30
13.0257797241,80.2304077148,58800,58810,10
13.0258102417,80.2305221558,58810,58820,10
13.0259304047,80.2308120728,58820,58830,10
13.0260000229,80.2310714722,58830,58841,11
13.0261497498,80.2313308716,58841,58850,9
13.0266399384,80.231262207,58850,58861,11
13.0274095535,80.2310562134,58861,58871,10
13.0279397964,80.2309799194,58871,58882,11
13.0285100937,80.2309188843,58882,58891,9
13.0286102295,80.2308807373,58891,58901,10
13.0290498734,80.2308502197,58901,58931,30
13.0290498734,80.2308502197,58931,58941,10
13.0292196274,80.2308197021,58941,58953,12
13.0295600891,80.2308120728,58953,58963,10
13.029999733,80.2307815552,58963,58973,10
13.0303497314,80.230758667,58973,58983,10
13.0305500031,80.2307434082,58983,58993,10
13.03083992,80.2306976318,58993,59003,10
13.0312900543,80.2306671143,59003,59013,10
13.0317602158,80.2306137085,59013,59023,10
13.0321502686,80.2305679321,59023,59033,10
13.0326299667,80.2305374146,59033,59043,10
13.0332202911,80.2304992676,59043,59054,11
13.0337400436,80.2304763794,59054,59064,10
13.0341396332,80.2304229736,59064,59074,10
13.0344600677,80.2304000854,59074,59084,10
13.0347003937,80.2303314209,59084,59104,20
13.0347003937,80.2303314209,59104,59114,10
13.0349998474,80.2300796509,59114,59134,20
13.0349998474,80.2300796509,59134,59144,10
13.0350198746,80.2299728394,59144,59155,11
13.0348997116,80.2298278809,59155,59165,10
13.034529686,80.2297821045,59165,59175,10
13.0342597961,80.2297515869,59175,59235,60
13.0342197418,80.2301177979,59235,59316,81
13.0342197418,80.2301177979,59316,59326,10
13.0342702866,80.2301712036,59326,59429,103
13.0342597961,80.2302398682,59429,59651,222
13.0342597961,80.2302398682,59651,59661,10
13.034040451,80.2304992676,59661,59671,10
13.033780098,80.2304992676,59671,59684,13
13.033200264,80.2305526733,59684,59694,10
13.0327396393,80.2305908203,59694,59704,10
13.0321998596,80.2306365967,59704,59714,10
13.0316200256,80.2306976318,59714,59724,10
13.0309696198,80.2307510376,59724,59734,10
13.0304203033,80.230796814,59734,59744,10
13.0297498703,80.2308731079,59744,59764,20
13.0297498703,80.2308731079,59764,59774,10
13.0296602249,80.2309036255,59774,59784,10
13.0293598175,80.2309112549,59784,59795,11
13.0287303925,80.2309494019,59795,59805,10
13.0281600952,80.231010437,59805,59815,10
13.0277395248,80.2310409546,59815,59825,10
13.0276603699,80.231300354,59825,59835,10
13.0277004242,80.2317276001,59835,59845,10
13.0277500153,80.232093811,59845,59855,10
13.0278396606,80.2324523926,59855,59865,10
13.0277996063,80.2328186035,59865,59875,10
13.0273704529,80.2328872681,59875,59885,10
13.0269804001,80.2329483032,59885,59896,11
13.0266504288,80.2330093384,59896,59906,10
13.0263395309,80.2326812744,59906,59916,10
13.0261201859,80.2319869995,59916,59926,10
13.0258903503,80.2312011719,59926,59936,10
13.0256204605,80.2304534912,59936,59946,10
13.0251703262,80.2297821045,59946,59956,10
13.0246400833,80.2290725708,59956,59966,10
13.0242204666,80.2285766602,59966,59976,10
13.0238895416,80.2281723022,59976,59986,10
13.0230903625,80.2274780273,59986,60017,31
13.0230903625,80.2274780273,60017,60027,10
13.0229797363,80.2274169922,60027,60037,10
13.0226202011,80.2270126343,60037,60047,10
13.0222797394,80.2266235352,60047,60057,10
13.0215797424,80.2260284424,60057,60067,10
13.0206403732,80.2253265381,60067,60077,10
13.0197401047,80.2247161865,60077,60087,10
13.0186300278,80.224571228,60087,60098,11
13.0172300339,80.225151062,60098,60108,10
13.0163602829,80.2255325317,60108,60118,10
13.0157203674,80.2257614136,60118,60128,10
13.0150203705,80.2260818481,60128,60138,10
13.0143699646,80.2263183594,60138,60148,10
13.0141601563,80.2264480591,60148,60158,10
13.0141201019,80.2264709473,60158,60167,9
13.01404953,80.2264785767,60167,60178,11
13.0136404037,80.2265472412,60178,60188,10
13.0129995346,80.2267608643,60188,60198,10
13.012140274,80.2270965576,60198,60209,11
13.0110397339,80.2275390625,60209,60219,10
13.010020256,80.2279434204,60219,60229,10
13.0095300674,80.2276611328,60229,60239,10
13.009759903,80.2270812988,60239,60249,10
13.0100898743,80.226348877,60249,60259,10
13.0103597641,80.2257232666,60259,60269,10
13.0105895996,80.225151062,60269,60279,10
13.0108003616,80.2246170044,60279,60289,10
13.0109901428,80.2240829468,60289,60300,11
13.0111303329,80.2236175537,60300,60310,10
13.011179924,80.2234420776,60310,60320,10
13.0110502243,80.2231216431,60320,60330,10
13.0104398727,80.2228012085,60330,60340,10
13.0102796555,80.2227020264,60340,60350,10
13.0101003647,80.2226028442,60350,60360,10
13.0095901489,80.2223129272,60360,60370,10
13.0088596344,80.2219009399,60370,60380,10
13.008020401,80.2214508057,60380,60390,10
13.0071601868,80.2210006714,60390,60400,10
13.0061998367,80.2206192017,60400,60410,10
13.0045795441,80.2202606201,60410,60431,21
13.0045795441,80.2202606201,60431,60441,10
13.0041599274,80.220161438,60441,60451,10
13.0034999847,80.2200088501,60451,60461,10
13.0028295517,80.2197799683,60461,60471,10
13.002240181,80.2193069458,60471,60481,10
13.001709938,80.2187271118,60481,60491,10
13.0010099411,80.2182235718,60491,60501,10
13.0003204346,80.2177810669,60501,60511,10
12.9996299744,80.2173614502,60511,60521,10
12.9988002777,80.2169189453,60521,60531,10
12.9975004196,80.2165603638,60531,60562,31
12.9975004196,80.2165603638,60562,60572,10
12.9971704483,80.2165527344,60572,60582,10
12.9965400696,80.2165985107,60582,60592,10
12.9958095551,80.2167434692,60592,60601,9
12.9951601028,80.2170333862,60601,60612,11
12.9945402145,80.2174835205,60612,60624,12
12.994020462,80.2179107666,60624,60634,10
12.9935102463,80.2182693481,60634,60644,10
12.992890358,80.2187194824,60644,60652,8
12.9922895432,80.2191085815,60652,60664,12
12.9915399551,80.2197265625,60664,60674,10
12.9908399582,80.2202301025,60674,60694,20
12.9908399582,80.2202301025,60694,60704,10
12.9906997681,80.2203369141,60704,60714,10
12.9903001785,80.2206420898,60714,60724,10
12.989780426,80.2211608887,60724,60735,11
12.9892597198,80.2218017578,60735,60745,10
12.9887104034,80.2224197388,60745,60755,10
12.9876003265,80.2231521606,60755,60775,20
12.9876003265,80.2231521606,60775,60785,10
12.9875898361,80.2231369019,60785,60795,10
12.9871902466,80.2231063843,60795,60805,10
12.9869403839,80.2230606079,60805,60815,10
12.9864397049,80.2229919434,60815,60826,11
12.9856996536,80.2230682373,60826,60836,10
12.9853000641,80.2233123779,60836,60846,10
12.984919548,80.2231903076,60846,60856,10
12.9844799042,80.2229537964,60856,60866,10
12.9841403961,80.2227478027,60866,60876,10
12.9836502075,80.2224502563,60876,60886,10
12.9832000732,80.2221374512,60886,60916,30
12.9832000732,80.2221374512,60916,60926,10
12.9830503464,80.2220306396,60926,60937,11
12.9828596115,80.2219390869,60937,60947,10
12.9824399948,80.2218322754,60947,60957,10
12.9819297791,80.2215576172,60957,60967,10
12.9816102982,80.2213363647,60967,60977,10
12.9811201096,80.2211227417,60977,60987,10
12.9803495407,80.2211074829,60987,60997,10
12.9796304703,80.2211608887,60997,61007,10
12.9790401459,80.2211990356,61007,61017,10
12.9784498215,80.2212524414,61017,61027,10
12.9778604507,80.221282959,61027,61037,10
12.9772796631,80.2212905884,61037,61048,11
12.9766101837,80.2212982178,61048,61058,10
12.9760198593,80.2213592529,61058,61118,60
12.9760198593,80.2213592529,61118,61128,10
12.9757604599,80.2211685181,61128,61138,10
12.9754800797,80.2209320068,61138,61159,21
12.9754800797,80.2209320068,61159,61169,10
12.9751501083,80.2206878662,61169,61179,10
12.97453022,80.2204437256,61179,61189,10
12.9738702774,80.2201766968,61189,61199,10
12.9733295441,80.2199707031,61199,61209,10
12.9727096558,80.2197418213,61209,61219,10
12.9719295502,80.2194824219,61219,61229,10
12.9710998535,80.2192077637,61229,61250,21
12.9710998535,80.2192077637,61250,61260,10
12.9708099365,80.2190475464,61260,61270,10
12.970199585,80.2187423706,61270,61280,10
12.9693098068,80.2183685303,61280,61290,10
12.9684295654,80.2180099487,61290,61300,10
12.9677495956,80.2177886963,61300,61310,10
12.9671401978,80.2175216675,61310,61320,10
12.9663200378,80.2171783447,61320,61330,10
12.9654102325,80.2168121338,61330,61340,10
12.9644699097,80.2164764404,61340,61350,10
12.9637403488,80.2161331177,61350,61361,11
12.9629096985,80.2157897949,61361,61381,20
12.9629096985,80.2157897949,61381,61390,9
12.9626102448,80.2156600952,61390,61401,11
12.9619197845,80.2154006958,61401,61411,10
12.9610500336,80.2150421143,61411,61421,10
12.959980011,80.214630127,61421,61431,10
12.9589996338,80.2142181396,61431,61441,10
12.9579296112,80.2137908936,61441,61451,10
12.9568395615,80.2133407593,61451,61461,10
12.9555902481,80.2128601074,61461,61471,10
12.9544401169,80.2124176025,61471,61481,10
12.9538297653,80.2122116089,61481,61491,10
12.9537000656,80.2121734619,61491,61501,10
12.9531698227,80.2119522095,61501,61511,10
12.9523801804,80.2116622925,61511,61521,10
12.9514102936,80.2113113403,61521,61531,10
12.9503803253,80.2109298706,61531,61541,10
12.9493503571,80.2105331421,61541,61552,11
12.9486703873,80.2102813721,61552,61561,9
12.9486398697,80.2102737427,61561,61573,12
12.9482698441,80.2100982666,61573,61583,10
12.9475297928,80.209777832,61583,61593,10
12.9464597702,80.2093582153,61593,61603,10
12.9453601837,80.2088317871,61603,61613,10
12.944439888,80.208442688,61613,61622,9
12.943980217,80.2082824707,61622,61633,11
12.9438896179,80.2082366943,61633,61643,10
12.9434604645,80.2080535889,61643,61653,10
12.9428796768,80.2075500488,61653,61663,10
12.9422302246,80.206817627,61663,61673,10
12.9413499832,80.2061691284,61673,61685,12
12.9410104752,80.2060089111,61685,61695,10
12.9409399033,80.2059783936,61695,61705,10
12.9405698776,80.2058410645,61705,61715,10
12.9398803711,80.205619812,61715,61725,10
12.9390602112,80.205368042,61725,61735,10
12.9383602142,80.2051620483,61735,61745,10
12.9379701614,80.2050628662,61745,61755,10
12.9372997284,80.2048721313,61755,61765,10
12.9364204407,80.2046279907,61765,61776,11
12.9354496002,80.2042999268,61776,61786,10
12.9345302582,80.2040023804,61786,61796,10
12.9336395264,80.2039413452,61796,61816,20
12.9336395264,80.2039413452,61816,61826,10
12.9333200455,80.2038879395,61826,61836,10
12.9329099655,80.2037200928,61836,61846,10
12.9323196411,80.2034912109,61846,61856,10
12.9315500259,80.2032318115,61856,61866,10
12.9308099747,80.2029876709,61866,61876,10
12.9302501678,80.2028808594,61876,61887,11
12.9295101166,80.2027893066,61887,61897,10
12.9293603897,80.2027816772,61897,61907,10
12.9292802811,80.2027664185,61907,61917,10
12.9288196564,80.2026977539,61917,61927,10
12.9285001755,80.2021789551,61927,61937,10
12.9284601212,80.2012710571,61937,61947,10
12.9284095764,80.2002029419,61947,61957,10
12.9280700684,80.1991119385,61957,61967,10
12.9274702072,80.1981582642,61967,61976,9
12.9266395569,80.1976699829,61976,61988,12
12.9262800217,80.1976013184,61988,61998,10
12.9261798859,80.197593689,61998,62008,10
12.9256601334,80.1975402832,62008,62018,10
12.9254102707,80.1975402832,62018,62028,10
12.9249696732,80.197517395,62028,62038,10
12.9241695404,80.197517395,62038,62048,10
12.9232997894,80.1974563599,62048,62058,10
12.9220199585,80.1973114014,62058,62078,20
12.9220199585,80.1973114014,62078,62089,11
12.9216299057,80.1971588135,62089,62099,10
12.920999527,80.1969070435,62099,62109,10
12.9203500748,80.1966781616,62109,62119,10
12.9197101593,80.1964569092,62119,62129,10
12.9191503525,80.1961517334,62129,62139,10
12.9186496735,80.1957092285,62139,62149,10
12.9181404114,80.1952514648,62149,62159,10
12.9176902771,80.1948318481,62159,62169,10
12.9171895981,80.1943130493,62169,62179,10
12.9171104431,80.1941680908,62179,62189,10
12.9169998169,80.1937789917,62189,62200,11
12.9170303345,80.1929702759,62200,62210,10
12.9170198441,80.1923675537,62210,62220,10
12.9167699814,80.1923675537,62220,62250,30
12.9167699814,80.1923675537,62250,62260,10
12.9165897369,80.1923522949,62260,62270,10
12.9160995483,80.1923065186,62270,62280,10
12.9153299332,80.1922531128,62280,62291,11
12.9143600464,80.1921615601,62291,62301,10
12.9135303497,80.1920776367,62301,62311,10
12.9126996994,80.1919784546,62311,62321,10
12.9120597839,80.1919021606,62321,62331,10
12.911359787,80.1918182373,62331,62341,10
12.910490036,80.1917037964,62341,62351,10
12.9098396301,80.1915817261,62351,62361,10
12.9097795486,80.1915206909,62361,62371,10
12.9095401764,80.1912918091,62371,62381,10
12.9089803696,80.1908569336,62381,62391,10
12.9082202911,80.1902923584,62391,62402,11
12.9073896408,80.1896514893,62402,62412,10
12.9067296982,80.1891479492,62412,62422,10
12.9061098099,80.1887283325,62422,62442,20
12.9061098099,80.1887283325,62442,62452,10
12.9059095383,80.1885910034,62452,62462,10
12.9053602219,80.1882400513,62462,62472,10
12.904540062,80.1877212524,62472,62482,10
12.903960228,80.1871109009,62482,62492,10
12.9039697647,80.1861495972,62492,62502,10
12.9039897919,80.1851806641,62502,62512,10
12.9038696289,80.1846389771,62512,62522,10
12.9032201767,80.1844482422,62522,62532,10
12.9023303986,80.1841964722,62532,62542,10
12.9013595581,80.1839370728,62542,62552,10
12.9003696442,80.1835403442,62552,62563,11
12.8992795944,80.1829910278,62563,62573,10
12.8983097076,80.1824874878,62573,62583,10
12.8973903656,80.1820220947,62583,62603,20
12.8973903656,80.1820220947,62603,62613,10
12.8971500397,80.1819000244,62613,62623,10
12.8965501785,80.181602478,62623,62633,10
12.8957195282,80.1811828613,62633,62643,10
12.894780159,80.1807022095,62643,62653,10
12.8939504623,80.180267334,62653,62663,10
12.8933496475,80.1799926758,62663,62673,10
12.8932304382,80.1798400879,62673,62683,10
12.8929395676,80.1792984009,62683,62693,10
12.8925199509,80.1785125732,62693,62703,10
12.8920602798,80.1776733398,62703,62716,13
12.891500473,80.1766662598,62716,62726,10
12.8914403915,80.1765365601,62726,62736,10
12.8911895752,80.1760864258,62736,62746,10
12.8908004761,80.1753387451,62746,62756,10
12.8904304504,80.1747131348,62756,62766,10
12.8903799057,80.1746520996,62766,62776,10
12.8900699615,80.1744613647,62776,62786,10
12.8897895813,80.1743621826,62786,62796,10
12.8895702362,80.1742706299,62796,62806,10
12.8892803192,80.1741333008,62806,62816,10
12.8886899948,80.173828125,62816,62827,11
12.8878898621,80.1734085083,62827,62837,10
12.8870601654,80.1729812622,62837,62847,10
12.8862104416,80.1725311279,62847,62857,10
12.8852796555,80.1720428467,62857,62867,10
12.8844804764,80.1716003418,62867,62877,10
12.883600235,80.1711578369,62877,62887,10
12.8826503754,80.1706771851,62887,62897,10
12.8823003769,80.1707077026,62897,62907,10
12.8821601868,80.1709365845,62907,62917,10
12.8815898895,80.1709518433,62917,62928,11
12.8812999725,80.1708526611,62928,62938,10
12.8807897568,80.1706619263,62938,62948,10
12.8801803589,80.1704025269,62948,62958,10
12.8799600601,80.1702728271,62958,62966,8
12.8784999847,80.1700820923,62966,62988,22
12.8784999847,80.1700820923,62988,62998,10
12.8774204254,80.1703567505,62998,63008,10
12.8745698929,80.1717224121,63008,63047,39
12.8745698929,80.1717224121,63047,63070,23
12.8722000122,80.1732711792,63070,63080,10
12.8712701797,80.1739120483,63080,63090,10
12.8704204559,80.1744918823,63090,63100,10
12.8695802689,80.1750564575,63100,63110,10
12.8688001633,80.1755828857,63110,63120,10
12.8681697845,80.1759796143,63120,63131,11
12.8674898148,80.1759490967,63131,63141,10
12.866689682,80.1758728027,63141,63151,10
12.8658599854,80.1757888794,63151,63161,10
12.864979744,80.1756362915,63161,63171,10
12.8640499115,80.1751022339,63171,63181,10
12.8630304337,80.1744613647,63181,63191,10
12.8620700836,80.1739578247,63191,63201,10
12.8611402512,80.1735687256,63201,63211,10
12.8603000641,80.1731872559,63211,63221,10
12.8594703674,80.1727981567,63221,63230,9
12.858710289,80.1725616455,63230,63242,12
12.8577899933,80.172416687,63242,63252,10
12.8574800491,80.1723937988,63252,63262,10
12.8571500778,80.1723098755,63262,63272,10
12.8563499451,80.1721496582,63272,63292,20
12.8563499451,80.1721496582,63292,63302,10
12.8561697006,80.172088623,63302,63312,10
12.8557100296,80.1719512939,63312,63322,10
12.8548803329,80.1717224121,63322,63333,11
12.8536901474,80.1713790894,63333,63343,10
12.852519989,80.1712036133,63343,63353,10
12.8512096405,80.1709899902,63353,63363,10
12.8499498367,80.1707763672,63363,63373,10
12.8486700058,80.1705703735,63373,63383,10
12.8475503922,80.1703720093,63383,63393,10
12.846449852,80.1702575684,63393,63403,10
12.8452196121,80.1701889038,63403,63413,10
12.8438100815,80.1700973511,63413,63423,10
12.8424196243,80.1699829102,63423,63433,10
12.8412799835,80.1700134277,63433,63443,10
12.8401699066,80.1699676514,63443,63453,10
12.8392000198,80.1699676514,63453,63464,11
12.8384504318,80.1697387695,63464,63473,9
12.8383703232,80.1696929932,63473,63484,11
12.8381204605,80.1694412231,63484,63494,10
12.8378601074,80.1693115234,63494,63504,10
12.8373203278,80.1692123413,63504,63514,10
12.8371095657,80.1689682007,63514,63524,10
12.8368797302,80.1688537598,63524,63533,9
12.8365802765,80.168762207,63533,63544,11
12.8362102509,80.1686325073,63544,63556,12
12.8359603882,80.1683578491,63556,63566,10
12.8357400894,80.1678619385,63566,63576,10
12.8350200653,80.1676177979,63576,63586,10
12.8340997696,80.1670913696,63586,63596,10
12.8330497742,80.1664886475,63596,63606,10
12.8318395615,80.1659393311,63606,63616,10
12.830789566,80.1656417847,63616,63626,10
12.8297595978,80.1654586792,63626,63636,10
12.8288097382,80.1653289795,63636,63646,10
12.8276100159,80.1651611328,63646,63697,51
12.8276100159,80.1651611328,63697,63707,10
12.8273696899,80.1650772095,63707,63717,10
12.8272800446,80.1650314331,63717,63727,10
12.8270597458,80.1648788452,63727,63737,10
12.8266897202,80.164642334,63737,63747,10
12.8261404037,80.1642990112,63747,63758,11
12.825920105,80.1641693115,63758,63768,10
12.8254899979,80.1639404297,63768,63778,10
12.8253097534,80.1638565063,63778,63788,10
12.8248796463,80.1636199951,63788,63798,10
12.8247003555,80.163520813,63798,63808,10
12.8242702484,80.1632232666,63808,63818,10
12.823559761,80.1627502441,63818,63828,10
12.8224897385,80.1622924805,63828,63838,10
12.8213195801,80.161819458,63838,63848,10
12.8202800751,80.1614227295,63848,63858,10
12.8193798065,80.1610336304,63858,63869,11
12.8184995651,80.1606216431,63869,63879,10
12.8180999756,80.1604614258,63879,63889,10
12.8177700043,80.1603775024,63889,63899,10
12.8172101974,80.1602325439,63899,63909,10
12.8170995712,80.1602096558,63909,63919,10
12.8167104721,80.1601333618,63919,63929,10
12.8159704208,80.1599731445,63929,63939,10
12.8152799606,80.1598434448,63939,63949,10
12.8145303726,80.1596832275,63949,63959,10
12.8136396408,80.1595916748,63959,63970,11
12.8129901886,80.1595001221,63970,63980,10
12.8123703003,80.1593780518,63980,63990,10
12.8117599487,80.1594314575,63990,64000,10
12.8116502762,80.1594619751,64000,64010,10
12.8113803864,80.159538269,64010,64020,10
12.810959816,80.1596832275,64020,64030,10
12.8104600906,80.1597595215,64030,64040,10
12.8100004196,80.1595993042,64040,64091,51
12.8100004196,80.1595993042,64091,64101,10
12.8100996017,80.1597213745,64101,64111,10
12.8104000092,80.1597213745,64111,64121,10
12.8104200363,80.1596984863,64121,64131,10
12.8105401993,80.1596908569,64131,64141,10
12.811050415,80.1595611572,64141,64628,487
12.8114204407,80.1595001221,64628,64648,20
12.8114204407,80.1595001221,64648,64658,10
12.8116798401,80.1594161987,64658,64668,10
12.8120803833,80.159362793,64668,64678,10
12.8125295639,80.1593933105,64678,64688,10
12.8130598068,80.1594924927,64688,64697,9
12.8136701584,80.1595687866,64697,64709,12
12.8145399094,80.1596679688,64709,64719,10
12.8153896332,80.1598510742,64719,64729,10
12.8162298203,80.1600265503,64729,64739,10
12.8169498444,80.1601791382,64739,64749,10
12.8171901703,80.1602325439,64749,64759,10
12.8173904419,80.1602935791,64759,64769,10
12.8176803589,80.1603622437,64769,64779,10
12.8180303574,80.1604309082,64779,64789,10
12.8182697296,80.1605224609,64789,64799,10
12.8187103271,80.1606826782,64799,64810,11
12.819439888,80.1610107422,64810,64820,10
12.8201599121,80.1613311768,64820,64830,10
12.8209600449,80.1616668701,64830,64840,10
12.8218603134,80.1620407104,64840,64850,10
12.8228902817,80.1624526978,64850,64860,10
12.8239202499,80.1629867554,64860,64870,10
12.8248596191,80.1635971069,64870,64880,10
12.825750351,80.1640472412,64880,64890,10
12.8259801865,80.1641769409,64890,64900,10
12.8261499405,80.1642684937,64900,64911,11
12.8264799118,80.1644897461,64911,64921,10
12.8267602921,80.164680481,64921,64931,10
12.8270998001,80.1648864746,64931,64941,10
12.8273801804,80.1650619507,64941,64951,10
12.8274803162,80.1650772095,64951,64961,10
12.827750206,80.1651382446,64961,65001,40
12.827750206,80.1651382446,65001,65012,11
12.8279895782,80.1651687622,65012,65022,10
12.8284702301,80.165222168,65022,65032,10
12.8290395737,80.1652908325,65032,65042,10
12.8297901154,80.1653900146,65042,65052,10
12.8306503296,80.1655731201,65052,65062,10
12.8315296173,80.165802002,65062,65072,10
12.8323001862,80.1660995483,65072,65082,10
12.8330001831,80.1664276123,65082,65092,10
12.8336200714,80.1667785645,65092,65102,10
12.833729744,80.1668624878,65102,65112,10
12.8340902328,80.1670684814,65112,65123,11
12.8347501755,80.1674423218,65123,65133,10
12.8353700638,80.1677322388,65133,65143,10
12.8358297348,80.1679534912,65143,65153,10
12.8359699249,80.1684036255,65153,65163,10
12.8362598419,80.1686096191,65163,65173,10
12.8364696503,80.1686782837,65173,65183,10
12.836810112,80.1687774658,65183,65193,10
12.8370704651,80.1688919067,65193,65203,10
12.8372097015,80.1690979004,65203,65213,10
12.8375701904,80.1692886353,65213,65224,11
12.8380804062,80.1693572998,65224,65234,10
12.8382902145,80.1695709229,65234,65244,10
12.8383998871,80.169670105,65244,65254,10
12.8385400772,80.1697463989,65254,65264,10
12.8389501572,80.169883728,65264,65274,10
12.8395500183,80.1699981689,65274,65284,10
12.8403100967,80.169960022,65284,65294,10
12.8411798477,80.1699981689,65294,65304,10
12.8421802521,80.1699676514,65304,65314,10
12.8432302475,80.1699981689,65314,65324,10
12.8442897797,80.1701583862,65324,65334,10
12.8454799652,80.1701812744,65334,65344,10
12.8465003967,80.1702270508,65344,65354,10
12.8471403122,80.1702804565,65354,65364,10
12.847240448,80.1703033447,65364,65375,11
12.847700119,80.1703796387,65375,65385,10
12.8483495712,80.170501709,65385,65395,10
12.8491401672,80.1706314087,65395,65405,10
12.8499698639,80.1707611084,65405,65415,10
12.8509197235,80.1709289551,65415,65425,10
12.8519001007,80.1710891724,65425,65435,10
12.8528604507,80.1712188721,65435,65445,10
12.8537397385,80.1713562012,65445,65455,10
12.854590416,80.1716079712,65455,65465,10
12.8549003601,80.1716995239,65465,65475,10
12.8554601669,80.1718597412,65475,65485,10
12.8563203812,80.1721115112,65485,65515,30
12.8563203812,80.1721115112,65515,65525,10
12.8565196991,80.172203064,65525,65538,13
12.8567495346,80.1722335815,65538,65548,10
12.8570699692,80.1722793579,65548,65558,10
12.857509613,80.1723632813,65558,65568,10
12.8576698303,80.17237854,65568,65578,10
12.857749939,80.1724090576,65578,65588,10
12.8582296371,80.1724777222,65588,65598,10
12.8589000702,80.1725997925,65598,65608,10
12.859749794,80.172958374,65608,65628,20
12.859749794,80.172958374,65628,65639,11
12.8600301743,80.1730804443,65639,65649,10
12.8605098724,80.173286438,65649,65659,10
12.8611698151,80.173576355,65659,65669,10
12.8617296219,80.173828125,65669,65679,10
12.8617296219,80.1738433838,65679,65689,10
12.8619804382,80.1739425659,65689,65699,10
12.8625202179,80.174156189,65699,65709,10
12.8632202148,80.1745681763,65709,65719,10
12.8637599945,80.1749191284,65719,65729,10
12.8643398285,80.1752700806,65729,65738,9
12.8649396896,80.1756210327,65738,65750,12
12.86536026,80.1757278442,65750,65760,10
12.8653898239,80.1757202148,65760,65770,10
12.86577034,80.175743103,65770,65780,10
12.866399765,80.175819397,65780,65790,10
12.8670902252,80.1758804321,65790,65800,10
12.8677501678,80.1759414673,65800,65810,10
12.8684301376,80.1758117676,65810,65820,10
12.8690595627,80.1753463745,65820,65830,10
12.8698596954,80.1748275757,65830,65840,10
12.8708200455,80.1741790771,65840,65851,11
12.8719997406,80.1734008789,65851,65861,10
12.8730802536,80.1726837158,65861,65871,10
12.8741102219,80.1720199585,65871,65880,9
12.8774900436,80.1703033447,65880,65945,65
12.8774900436,80.1703033447,65945,65965,20
12.8793296814,80.1699371338,65965,65976,11
12.8800401688,80.1702804565,65976,65998,22
12.8800401688,80.1702804565,65998,66008,10
12.8803796768,80.1704864502,66008,66018,10
12.880900383,80.1707000732,66018,66028,10
12.8814697266,80.1708984375,66028,66038,10
12.8819303513,80.1710205078,66038,66048,10
12.8823299408,80.1707077026,66048,66059,11
12.8826198578,80.1706695557,66059,66069,10
12.8826599121,80.1706924438,66069,66079,10
12.8830404282,80.1708831787,66079,66089,10
12.8835601807,80.1711578369,66089,66099,10
12.8841896057,80.1714782715,66099,66109,10
12.8849201202,80.1718597412,66109,66119,10
12.8856697083,80.1722564697,66119,66129,10
12.8864898682,80.1726913452,66129,66139,10
12.8874502182,80.1731796265,66139,66149,10
12.8883304596,80.1736297607,66149,66160,11
12.889169693,80.1740570068,66160,66170,10
12.8895797729,80.1742782593,66170,66180,10
12.8897895813,80.174369812,66180,66190,10
12.8900403976,80.1744689941,66190,66200,10
12.89041996,80.1746826172,66200,66210,10
12.8906898499,80.1751480103,66210,66220,10
12.8908100128,80.1753692627,66220,66230,10
12.8908901215,80.1755065918,66230,66240,10
12.8911399841,80.1759567261,66240,66250,10
12.8915996552,80.1767807007,66250,66271,21
12.8915996552,80.1767807007,66271,66281,10
12.8917102814,80.1769638062,66281,66291,10
12.891960144,80.1774215698,66291,66301,10
12.8923301697,80.1781005859,66301,66311,10
12.8927497864,80.1788482666,66311,66321,10
12.8931503296,80.1796188354,66321,66331,10
12.8939599991,80.180267334,66331,66351,20
12.8939599991,80.180267334,66351,66360,9
12.8940095901,80.1802902222,66360,66372,12
12.8944702148,80.1805419922,66372,66382,10
12.8950796127,80.1808395386,66382,66392,10
12.8957300186,80.1811599731,66392,66402,10
12.8964395523,80.1815109253,66402,66412,10
12.8970899582,80.1818237305,66412,66422,10
12.8975400925,80.1820373535,66422,66452,30
12.8975400925,80.1820373535,66452,66462,10
12.897649765,80.1821594238,66462,66473,11
12.8979902267,80.1823196411,66473,66483,10
12.8985595703,80.1826095581,66483,66493,10
12.8992595673,80.1829605103,66493,66503,10
12.9000396729,80.1833267212,66503,66513,10
12.9006996155,80.1836776733,66513,66523,10
12.9013900757,80.1839065552,66523,66533,10
12.9022197723,80.1841430664,66533,66543,10
12.9031896591,80.1844177246,66543,66553,10
12.9039802551,80.1846618652,66553,66563,10
12.9041204453,80.1851577759,66563,66573,10
12.9041004181,80.1853408813,66573,66584,11
12.9040699005,80.1858215332,66584,66594,10
12.9040403366,80.1865234375,66594,66604,10
12.9040403366,80.1872177124,66604,66614,10
12.904540062,80.1877212524,66614,66624,10
12.905090332,80.1880722046,66624,66634,10
12.9057703018,80.1884994507,66634,66644,10
12.9066896439,80.1890869141,66644,66664,20
12.9066896439,80.1890869141,66664,66674,10
12.9067602158,80.1891479492,66674,66685,11
12.9071397781,80.189453125,66685,66695,10
12.9076299667,80.1898193359,66695,66705,10
12.908200264,80.1902618408,66705,66715,10
12.908780098,80.1906967163,66715,66725,10
12.9092998505,80.1910934448,66725,66735,10
12.909819603,80.1914901733,66735,66745,10
12.9101104736,80.1916427612,66745,66755,10
12.9104995728,80.1916809082,66755,66765,10
12.9110202789,80.1917419434,66765,66775,10
12.9116001129,80.1918106079,66775,66785,10
12.9121704102,80.1918716431,66785,66795,10
12.9122104645,80.1918792725,66795,66805,10
12.9124002457,80.19190979,66805,66815,10
12.9129199982,80.1919937134,66815,66825,10
12.9136104584,80.1920776367,66825,66836,11
12.9143400192,80.1921386719,66836,66846,10
12.9149999619,80.1922073364,66846,66856,10
12.9155902863,80.192237854,66856,66866,10
12.9161396027,80.1922912598,66866,66876,10
12.9169101715,80.1923065186,66876,66926,50
12.9169101715,80.1923065186,66926,66936,10
12.9170503616,80.1922836304,66936,66946,10
12.9171104431,80.1920166016,66946,66956,10
12.9172401428,80.1914215088,66956,66966,10
12.9173002243,80.1907501221,66966,66976,10
12.9173002243,80.1904830933,66976,67009,33
12.9173002243,80.1904830933,67009,67019,10
12.9174003601,80.1907119751,67019,67029,10
12.9173402786,80.1913375854,67029,67039,10
12.9172697067,80.1919631958,67039,67049,10
12.9172201157,80.1924362183,67049,67059,10
12.9171495438,80.1928787231,67059,67069,10
12.917140007,80.1932067871,67069,67120,51
12.917140007,80.1932067871,67120,67130,10
12.9171199799,80.1934204102,67130,67140,10
12.9171304703,80.193611145,67140,67150,10
12.9171600342,80.1939697266,67150,67160,10
12.9172401428,80.1942520142,67160,67170,10
12.9175901413,80.1947021484,67170,67180,10
12.918009758,80.1950912476,67180,67191,11
12.9186000824,80.1956329346,67191,67201,10
12.9190301895,80.1960220337,67201,67211,10
12.919549942,80.1963806152,67211,67221,10
12.9201402664,80.1966094971,67221,67231,10
12.9206895828,80.1968002319,67231,67241,10
12.9211597443,80.1969604492,67241,67251,10
12.9217300415,80.1971664429,67251,67261,10
12.9222803116,80.197303772,67261,67271,10
12.9232196808,80.1974182129,67271,67291,20
12.9232196808,80.1974182129,67291,67302,11
12.9234800339,80.197479248,67302,67312,10
12.9240503311,80.1975021362,67312,67322,10
12.9247703552,80.1975097656,67322,67332,10
12.925239563,80.1974868774,67332,67342,10
12.9255599976,80.197479248,67342,67352,10
12.9264497757,80.1976013184,67352,67372,20
12.9264497757,80.1976013184,67372,67382,10
12.9266195297,80.1976394653,67382,67392,10
12.927069664,80.1978683472,67392,67402,10
12.9276199341,80.1983032227,67402,67413,11
12.9279899597,80.198928833,67413,67423,10
12.92827034,80.1995391846,67423,67433,10
12.928440094,80.2002105713,67433,67443,10
12.9284801483,80.2008666992,67443,67453,10
12.9285202026,80.2015762329,67453,67463,10
12.9285402298,80.2021636963,67463,67473,10
12.9287500381,80.2026519775,67473,67483,10
12.9294700623,80.2027587891,67483,67503,20
12.9294700623,80.2027587891,67503,67514,11
12.9295597076,80.2027816772,67514,67524,10
12.9300699234,80.2028427124,67524,67534,10
12.9306297302,80.2029418945,67534,67544,10
12.9310703278,80.2030715942,67544,67554,10
12.9316797256,80.2032623291,67554,67564,10
12.9323501587,80.2034988403,67564,67574,10
12.9329299927,80.203666687,67574,67584,10
12.9334897995,80.2038574219,67584,67594,10
12.9340896606,80.203918457,67594,67614,20
12.9340896606,80.203918457,67614,67625,11
12.9342298508,80.2039108276,67625,67635,10
12.9345998764,80.2039718628,67635,67645,10
12.9351100922,80.2041015625,67645,67655,10
12.9357700348,80.2043991089,67655,67665,10
12.9364204407,80.2045974731,67665,67675,10
12.9370002747,80.2047576904,67675,67685,10
12.9375200272,80.2049102783,67685,67695,10
12.9381198883,80.205078125,67695,67705,10
12.9387798309,80.2052612305,67705,67715,10
12.9393997192,80.2054519653,67715,67726,11
12.9399499893,80.2055969238,67726,67746,20
12.9399499893,80.2055969238,67746,67756,10
12.9401702881,80.2057037354,67756,67766,10
12.9405498505,80.2058105469,67766,67776,10
12.9410104752,80.2059936523,67776,67786,10
12.9416799545,80.2063903809,67786,67796,10
12.9423599243,80.2069168091,67796,67806,10
12.9428300858,80.2074584961,67806,67816,10
12.9433202744,80.2080001831,67816,67826,10
12.9438800812,80.2082366943,67826,67837,11
12.9443502426,80.2083969116,67837,67847,10
12.9443597794,80.2083969116,67847,67857,10
12.9443798065,80.2083969116,67857,67867,10
12.9447898865,80.2085571289,67867,67877,10
12.9454698563,80.2087936401,67877,67887,10
12.9460897446,80.2089614868,67887,67897,10
12.9466695786,80.2091903687,67897,67906,9
12.9472303391,80.2093887329,67906,67919,13
12.9481401443,80.2095870972,67919,68016,97
12.9481401443,80.2095870972,68016,68029,13
12.9484300613,80.2097091675,68029,68040,11
12.9490203857,80.2099609375,68040,68060,20
12.9490203857,80.2099609375,68060,68070,10
12.9493198395,80.2101287842,68070,68080,10
12.9499597549,80.2104187012,68080,68090,10
12.950799942,80.2107925415,68090,68100,10
12.9514703751,80.2111206055,68100,68110,10
12.9520101547,80.2113723755,68110,68120,10
12.9522800446,80.211479187,68120,68130,10
12.9526195526,80.2116088867,68130,68141,11
12.9529495239,80.2117385864,68141,68151,10
12.9536399841,80.212020874,68151,68191,40
12.9536399841,80.212020874,68191,68201,10
12.9540596008,80.2122116089,68201,68211,10
12.9547195435,80.2124710083,68211,68221,10
12.9555397034,80.2127914429,68221,68231,10
12.9562797546,80.2130813599,68231,68242,11
12.957159996,80.2134170532,68242,68252,10
12.9580602646,80.2137908936,68252,68262,10
12.958820343,80.2141036987,68262,68272,10
12.9593296051,80.2142868042,68272,68282,10
12.9598903656,80.2145385742,68282,68292,10
12.960559845,80.2147979736,68292,68302,10
12.9612998962,80.2150878906,68302,68312,10
12.9619398117,80.2153167725,68312,68322,10
12.9622497559,80.215423584,68322,68332,10
12.9625501633,80.2155532837,68332,68343,11
12.9628295898,80.2156677246,68343,68353,10
12.963259697,80.2158203125,68353,68363,10
12.9635295868,80.215927124,68363,68373,10
12.9636096954,80.2159805298,68373,68383,10
12.9638500214,80.2160797119,68383,68393,10
12.9641399384,80.2162017822,68393,68403,10
12.9641599655,80.2162094116,68403,68412,9
12.964220047,80.2162399292,68412,68423,11
12.9647197723,80.2164916992,68423,68433,10
12.9654102325,80.2167816162,68433,68443,10
12.9661998749,80.2171020508,68443,68454,11
12.9671096802,80.2174606323,68454,68464,10
12.9676904678,80.2176818848,68464,68474,10
12.9680900574,80.2178497314,68474,68484,10
12.9685697556,80.2180175781,68484,68494,10
12.9692497253,80.2182922363,68494,68504,10
12.9700202942,80.2185897827,68504,68514,10
12.9706602097,80.2188491821,68514,68524,10
12.9712295532,80.219039917,68524,68545,21
12.9712295532,80.219039917,68545,68555,10
12.9714803696,80.2191467285,68555,68565,10
12.972029686,80.2193832397,68565,68575,10
12.9724397659,80.219543457,68575,68585,10
12.9724903107,80.2195510864,68585,68595,10
12.9726400375,80.2196121216,68595,68605,10
12.9729003906,80.2197036743,68605,68615,10
12.9732303619,80.2198181152,68615,68625,10
12.9736404419,80.2199935913,68625,68635,10
12.9738998413,80.2201004028,68635,68646,11
12.9740896225,80.2202224731,68646,68655,9
12.974360466,80.220451355,68655,68696,41
12.9744195938,80.2204208374,68696,68726,30
12.9744997025,80.2205200195,68726,68807,81
12.9744997025,80.2205200195,68807,68817,10
12.9746704102,80.2205200195,68817,68827,10
12.9750003815,80.2206115723,68827,68838,11
12.9753904343,80.2207183838,68838,69041,203
12.9753904343,80.2207183838,69041,69051,10
12.9756298065,80.2209320068,69051,69061,10
12.9757699966,80.2210464478,69061,69071,10
12.9760799408,80.2212677002,69071,69132,61
12.9760799408,80.2212677002,69132,69142,10
12.9763402939,80.2212219238,69142,69152,10
12.9767599106,80.2212295532,69152,69161,9
12.9771900177,80.2212295532,69161,69173,12
12.9777097702,80.2212219238,69173,69183,10
12.9781999588,80.221206665,69183,69193,10
12.9786701202,80.2211608887,69193,69203,10
12.979060173,80.2211608887,69203,69213,10
12.9794998169,80.2211074829,69213,69223,10
12.9800100327,80.2210693359,69223,69233,10
12.980629921,80.2210083008,69233,69243,10
12.9811897278,80.2211227417,69243,69253,10
12.9816198349,80.2213592529,69253,69263,10
12.9819803238,80.2215881348,69263,69273,10
12.9822702408,80.2217407227,69273,69284,11
12.9830198288,80.2220230103,69284,69314,30
12.9830198288,80.2220230103,69314,69324,10
12.9832897186,80.2222213745,69324,69334,10
12.9836597443,80.2224731445,69334,69344,10
12.984120369,80.2227401733,69344,69354,10
12.9844398499,80.2229309082,69354,69364,10
12.9848499298,80.2231903076,69364,69374,10
12.985329628,80.2233428955,69374,69384,10
12.9861898422,80.2229919434,69384,69405,21
12.9861898422,80.2229919434,69405,69415,10
12.9862604141,80.2229766846,69415,69425,10
12.9865503311,80.2229995728,69425,69435,10
12.9869203568,80.2230377197,69435,69445,10
12.9870300293,80.2230606079,69445,69455,10
12.9872303009,80.2230987549,69455,69465,10
12.9875001907,80.2231063843,69465,69474,9
12.9879302979,80.22290802,69474,69486,12
12.9884901047,80.2224807739,69486,69496,10
12.9889097214,80.222038269,69496,69506,10
12.9893198013,80.2214813232,69506,69516,10
12.9896802902,80.2208786011,69516,69526,10
12.9903097153,80.2203979492,69526,69536,10
12.9905700684,80.2202224731,69536,69546,10
12.9906196594,80.2201766968,69546,69556,10
12.9909200668,80.2199630737,69556,69566,10
12.9912700653,80.2196884155,69566,69576,10
12.9912900925,80.2196731567,69576,69586,10
12.9915599823,80.2194671631,69586,69597,11
12.992099762,80.2190933228,69597,69607,10
12.9927997589,80.2185974121,69607,69617,10
12.993519783,80.2180328369,69617,69627,10
12.9941101074,80.2176132202,69627,69637,10
12.9945402145,80.2173080444,69637,69647,10
12.9950504303,80.2169494629,69647,69657,10
12.9956798553,80.2166824341,69657,69667,10
12.9964599609,80.2164916992,69667,69687,20
12.9964599609,80.2164916992,69687,69697,10
12.9968395233,80.2165222168,69697,69707,10
12.9970598221,80.216506958,69707,69717,10
12.9976100922,80.2165222168,69717,69737,20
12.9976100922,80.2165222168,69737,69748,11
12.9980201721,80.2166137695,69748,69758,10
12.9986495972,80.2168197632,69758,69768,10
12.9993896484,80.2171936035,69768,69778,10
13.0001296997,80.2176437378,69778,69788,10
13.0007896423,80.2180633545,69788,69799,11
13.0014896393,80.21849823,69799,69808,9
13.0020103455,80.2190628052,69808,69818,10
13.002699852,80.2197113037,69818,69828,10
13.003370285,80.2199630737,69828,69838,10
13.0038604736,80.2200775146,69838,69848,10
13.0045204163,80.2202224731,69848,69858,10
13.0047597885,80.2202682495,69858,69868,10
13.0050497055,80.2203292847,69868,69878,10
13.0057001114,80.2204589844,69878,69888,10
13.0065698624,80.2206726074,69888,69898,10
13.0073604584,80.2210769653,69898,69911,13
13.0084695816,80.2216796875,69911,69921,10
13.0092601776,80.2220993042,69921,69931,10
13.0099897385,80.2224807739,69931,69941,10
13.0105304718,80.2227783203,69941,69951,10
13.011179924,80.2230377197,69951,70001,50
13.011179924,80.2230377197,70001,70008,7
13.0113801956,80.2231521606,70008,70022,14
13.0116500854,80.2234191895,70022,70032,10
13.0121297836,80.2236785889,70032,70040,8
13.0125799179,80.2239227295,70040,70052,12
13.0132703781,80.224281311,70052,70062,10
13.013759613,80.2245407104,70062,70072,10
13.0142402649,80.2247695923,70072,70082,10
13.0145998001,80.2249679565,70082,70092,10
13.0152702332,80.2253189087,70092,70113,21
13.0152702332,80.2253189087,70113,70123,10
13.0156097412,80.2253417969,70123,70133,10
13.0162296295,80.2253723145,70133,70143,10
13.0172195435,80.2250595093,70143,70153,10
13.0183401108,80.2246017456,70153,70163,10
13.0192203522,80.2243728638,70163,70173,10
13.0196304321,80.2245178223,70173,70183,10
13.0196399689,80.2245330811,70183,70193,10
13.0197401047,80.2245178223,70193,70203,10
13.0200996399,80.224822998,70203,70214,11
13.0207796097,80.2253112793,70214,70224,10
13.0215501785,80.2259292603,70224,70234,10
13.0220098495,80.2262573242,70234,70244,10
13.02202034,80.2262573242,70244,70254,10
13.0221500397,80.2263870239,70254,70264,10
13.0226202011,80.2268218994,70264,70274,10
13.0232496262,80.2273788452,70274,70284,10
13.023900032,80.2279968262,70284,70294,10
13.0244503021,80.2286834717,70294,70304,10
13.024769783,80.2290878296,70304,70314,10
13.0249996185,80.2294006348,70314,70325,11
13.0254402161,80.2299728394,70325,70335,10
13.0257797241,80.2305679321,70335,70345,10
13.025970459,80.2311325073,70345,70355,10
13.0262298584,80.231300354,70355,70365,10
13.0268697739,80.2311325073,70365,70375,10
13.0277004242,80.2309417725,70375,70384,9
13.0285701752,80.2308502197,70384,70446,62
13.0285701752,80.2308502197,70446,70456,10
13.0288200378,80.2307662964,70456,70466,10
13.0291204453,80.2307434082,70466,70476,10
13.0295000076,80.2307128906,70476,70486,10
13.0297803879,80.23072052,70486,70516,30
13.0297803879,80.23072052,70516,70527,11
13.0299501419,80.2307815552,70527,70547,20
13.0299501419,80.2307815552,70547,70557,10
13.0302200317,80.2306900024,70557,70567,10
13.0305299759,80.2306518555,70567,70577,10
13.0309095383,80.2306213379,70577,70587,10
13.0313196182,80.2306137085,70587,70597,10
13.0318403244,80.2305603027,70597,70607,10
13.0323801041,80.230506897,70607,70617,10
13.0330400467,80.2304534912,70617,70627,10
13.0336799622,80.230430603,70627,70637,10
13.0339403152,80.2303924561,70637,70648,11
13.0341796875,80.2303390503,70648,70658,10
13.0342998505,80.2303466797,70658,70668,10
13.0345497131,80.2302703857,70668,70678,10
13.0348396301,80.2301177979,70678,70708,30
13.0348396301,80.2301177979,70708,70718,10
13.0348300934,80.2299880981,70718,70728,10
13.0345001221,80.229927063,70728,70789,61
13.0344400406,80.229927063,70789,70972,183
13.0344495773,80.2298965454,70972,71365,393
13.0341596603,80.2301483154,71365,71426,61
13.0341596603,80.2301483154,71426,71436,10
13.0339202881,80.2304534912,71436,71446,10
13.0335197449,80.23046875,71446,71456,10
13.0328702927,80.2305374146,71456,71467,11
13.0320796967,80.2306289673,71467,71477,10
13.031539917,80.230682373,71477,71487,10
13.0309495926,80.2307434082,71487,71497,10
13.0305900574,80.2307662964,71497,71507,10
13.0302095413,80.230796814,71507,71517,10
13.0297603607,80.2308578491,71517,71557,40
13.0297603607,80.2308578491,71557,71567,10
13.0293903351,80.2308883667,71567,71577,10
13.0288200378,80.2309417725,71577,71588,11
13.0281295776,80.2310409546,71588,71598,10
13.0276603699,80.231086731,71598,71608,10
13.0276403427,80.2314834595,71608,71618,10
13.0277204514,80.232093811,71618,71628,10
13.0278396606,80.2326507568,71628,71638,10
13.0275402069,80.2328720093,71638,71648,10
13.0272197723,80.2329406738,71648,71658,10
13.0269098282,80.2329788208,71658,71668,10
13.0265703201,80.233039856,71668,71678,10
13.0262804031,80.2325592041,71678,71688,10
13.0260400772,80.2317962646,71688,71698,10
13.0258302689,80.2310180664,71698,71709,11
13.0253095627,80.2300186157,71709,71718,9
13.0249099731,80.2294464111,71718,71729,11
13.0245704651,80.229019165,71729,71739,10
13.0242700577,80.2286605835,71739,71748,9
13.0240097046,80.2283935547,71748,71758,10
13.0237197876,80.228012085,71758,71770,12
13.0233097076,80.2276077271,71770,71778,8
13.0230503082,80.2274703979,71778,71799,21
13.0230503082,80.2274703979,71799,71809,10
13.0228796005,80.2273635864,71809,71820,11
13.022600174,80.2270507813,71820,71829,9
13.0225000381,80.2268295288,71829,71839,10
13.0219898224,80.2263717651,71839,71849,10
13.0212697983,80.2258071899,71849,71860,11
13.0205698013,80.2252807617,71860,71869,9
13.0201501846,80.2250213623,71869,71879,10
13.0197896957,80.2247772217,71879,71892,13
13.0192203522,80.2245178223,71892,71902,10
13.0186500549,80.2245788574,71902,71912,10
13.0178403854,80.2249298096,71912,71922,10
13.0169401169,80.2253036499,71922,71932,10
13.0163297653,80.2255401611,71932,71942,10
13.01583004,80.2257080078,71942,71952,10
13.0153102875,80.2259063721,71952,71962,10
13.0148200989,80.2261199951,71962,71970,8
13.0145196915,80.2262268066,71970,71982,12
13.0142402649,80.226348877,71982,71993,11
13.0142097473,80.2263565063,71993,72003,10
13.0139198303,80.2264633179,72003,72013,10
13.013299942,80.2266769409,72013,72023,10
13.0124998093,80.2269821167,72023,72033,10
13.0115499496,80.2273483276,72033,72043,10
13.0105895996,80.227722168,72043,72053,10
13.0098400116,80.2279968262,72053,72063,10
13.009519577,80.2276229858,72063,72073,10
13.0097799301,80.2270126343,72073,72083,10
13.0101299286,80.2261886597,72083,72094,11
13.0104198456,80.2254486084,72094,72104,10
13.0104904175,80.2252426147,72104,72114,10
13.0105695724,80.2250366211,72114,72124,10
13.0107297897,80.2247161865,72124,72134,10
13.0108995438,80.2242889404,72134,72144,10
13.0110797882,80.2237319946,72144,72154,10
13.0111703873,80.2234573364,72154,72164,10
13.0111904144,80.2232589722,72164,72174,10
13.010890007,80.2230682373,72174,72184,10
13.0102901459,80.2227401733,72184,72194,10
13.0095796585,80.2223510742,72194,72204,10
13.0088300705,80.2219390869,72204,72215,11
13.0079898834,80.2214813232,72215,72225,10
13.0071001053,80.220993042,72225,72235,10
13.0062799454,80.2206497192,72235,72245,10
13.0053796768,80.220451355,72245,72255,10
13.0046195984,80.2202911377,72255,72265,10
13.0040197372,80.220161438,72265,72275,10
13.0033998489,80.2200088501,72275,72285,10
13.0027999878,80.2198028564,72285,72295,10
13.0022602081,80.2193908691,72295,72304,9
13.0019197464,80.21900177,72304,72316,12
13.0014295578,80.218536377,72316,72326,10
13.0009298325,80.2181930542,72326,72336,10
13.0003099442,80.2177734375,72336,72346,10
12.9995698929,80.2173461914,72346,72356,10
12.9989995956,80.217048645,72356,72366,10
12.9986600876,80.2169036865,72366,72376,10
12.9984798431,80.2168121338,72376,72386,10
12.9982700348,80.2167205811,72386,72448,62
12.9982700348,80.2167205811,72448,72458,10
12.9979295731,80.2166519165,72458,72468,10
12.9976997375,80.2166213989,72468,72478,10
12.9976797104,80.2166213989,72478,72488,10
12.9974002838,80.2165679932,72488,72498,10
12.9972400665,80.2165679932,72498,72508,10
12.9970798492,80.216583252,72508,72519,11
12.9967298508,80.2165908813,72519,72539,20
12.9967298508,80.2165908813,72539,72549,10
12.9965496063,80.2165985107,72549,72559,10
12.9961500168,80.2166824341,72559,72569,10
12.9958600998,80.2167510986,72569,72579,10
12.995639801,80.2168197632,72579,72589,10
12.9954204559,80.2169036865,72589,72599,10
12.9953804016,80.2169113159,72599,72609,10
12.9951095581,80.217048645,72609,72619,10
12.9948596954,80.2172317505,72619,72629,10
12.994389534,80.2175598145,72629,72639,10
12.994020462,80.2178268433,72639,72649,10
12.9935903549,80.2181396484,72649,72659,10
12.9930496216,80.2185134888,72659,72670,11
12.9924201965,80.218963623,72670,72679,9
12.991809845,80.2194290161,72679,72690,11
12.9913196564,80.2198028564,72690,72700,10
12.9909696579,80.2200622559,72700,72710,10
12.9907302856,80.2202377319,72710,72720,10
12.990240097,80.2206497192,72720,72730,10
12.9896802902,80.2212524414,72730,72740,10
12.9891996384,80.2218322754,72740,72750,10
12.9887399673,80.2223510742,72750,72760,10
12.988240242,80.2228164673,72760,72770,10
12.987830162,80.2230987549,72770,72780,10
12.9877700806,80.2231063843,72780,72790,10
12.9874296188,80.2231292725,72790,72810,20
12.9874296188,80.2231292725,72810,72823,13
12.9870901108,80.2230682373,72823,72833,10
12.9867401123,80.2230224609,72833,72843,10
12.9864196777,80.2229919434,72843,72853,10
12.9858598709,80.2230072021,72853,72863,10
12.9854202271,80.2233200073,72863,72873,10
12.9851303101,80.2232818604,72873,72883,10
12.9847803116,80.2231369019,72883,72893,10
12.9843301773,80.222869873,72893,72903,10
12.9838600159,80.2225875854,72903,72913,10
12.983499527,80.2223815918,72913,72944,31
12.983499527,80.2223815918,72944,72954,10
12.9832201004,80.2221984863,72954,72964,10
12.9831695557,80.2221603394,72964,72974,10
12.983039856,80.2220611572,72974,72984,10
12.982919693,80.2220077515,72984,72994,10
12.9825496674,80.2218933105,72994,73004,10
12.982219696,80.2218017578,73004,73014,10
12.9818201065,80.2215499878,73014,73024,10
12.9813098907,80.2211990356,73024,73035,11
12.9807395935,80.2210922241,73035,73045,10
12.980050087,80.2211532593,73045,73055,10
12.9793701172,80.2211837769,73055,73065,10
12.9786996841,80.2212219238,73065,73075,10
12.9778795242,80.2212524414,73075,73085,10
12.9772100449,80.2212905884,73085,73095,10
12.9765796661,80.2212982178,73095,73105,10
12.9764499664,80.221321106,73105,73115,10
12.9763002396,80.221321106,73115,73125,10
12.9759502411,80.2213516235,73125,73146,21
12.9759502411,80.2213516235,73146,73156,10
12.9757995605,80.2211990356,73156,73166,10
12.9756498337,80.2210617065,73166,73176,10
12.9755601883,80.2209777832,73176,73206,30
12.9755601883,80.2209777832,73206,73216,10
12.9753303528,80.2208404541,73216,73226,10
12.9748802185,80.2205810547,73226,73236,10
12.9741096497,80.2202682495,73236,73247,11
12.9732103348,80.2199020386,73247,73257,10
12.972410202,80.2195968628,73257,73267,10
12.9716300964,80.2193374634,73267,73277,10
12.9711198807,80.2192001343,73277,73287,10
12.9709196091,80.2191314697,73287,73307,20
12.9709196091,80.2191314697,73307,73317,10
12.9706296921,80.218963623,73317,73327,10
12.9700498581,80.218711853,73327,73337,10
12.9692697525,80.2183914185,73337,73348,11
12.9682102203,80.217956543,73348,73358,10
12.9672298431,80.2175979614,73358,73368,10
12.9662303925,80.2172012329,73368,73378,10
12.9651498795,80.2167510986,73378,73388,10
12.9641599655,80.2163391113,73388,73398,10
12.9635000229,80.2160415649,73398,73408,10
12.9630298615,80.2158584595,73408,73418,10
12.9623498917,80.2155685425,73418,73428,10
12.9615297318,80.2152633667,73428,73438,10
12.9605102539,80.2148590088,73438,73449,11
12.9594697952,80.2144622803,73449,73459,10
12.9586000443,80.2141036987,73459,73469,10
12.9576301575,80.2137069702,73469,73479,10
12.9566898346,80.2133331299,73479,73489,10
12.9555902481,80.212890625,73489,73499,10
12.954580307,80.2125091553,73499,73509,10
12.9538698196,80.2122268677,73509,73519,10
12.9537601471,80.2121963501,73519,73529,10
12.9534397125,80.212059021,73529,73539,10
12.9527902603,80.2118225098,73539,73549,10
12.9519195557,80.2115020752,73549,73560,11
12.9508399963,80.2111282349,73560,73570,10
12.9497203827,80.2107009888,73570,73580,10
12.9487800598,80.2103271484,73580,73590,10
12.9483804703,80.2101898193,73590,73610,20
12.9483804703,80.2101898193,73610,73620,10
12.9482603073,80.2101821899,73620,73630,10
12.9478998184,80.2100524902,73630,73640,10
12.9478502274,80.2100372314,73640,73650,10
12.9473896027,80.2098312378,73650,73660,10
12.9466400146,80.2095108032,73660,73670,10
12.9458303452,80.2091674805,73670,73681,11
12.9448900223,80.2087020874,73681,73690,9
12.9441995621,80.208442688,73690,73701,11
12.9441404343,80.2084121704,73701,73711,10
12.9439201355,80.2082977295,73711,73721,10
12.9433603287,80.2080612183,73721,73731,10
12.942779541,80.2075424194,73731,73741,10
12.9422798157,80.2069396973,73741,73751,10
12.9416904449,80.2064590454,73751,73763,12
12.9414300919,80.2062911987,73763,73773,10
12.9413299561,80.2062225342,73773,73783,10
12.9411001205,80.2061233521,73783,73793,10
12.9409503937,80.2060623169,73793,73801,8
12.9407997131,80.2059936523,73801,73813,12
12.9403295517,80.2058105469,73813,73823,10
12.9397296906,80.2056274414,73823,73833,10
12.9390001297,80.205406189,73833,73843,10
12.9383401871,80.2052001953,73843,73851,8
12.9378404617,80.2050628662,73851,73864,13
12.9369297028,80.2048110962,73864,73874,10
12.9361000061,80.2045822144,73874,73884,10
12.9355201721,80.2043685913,73884,73894,10
12.9349498749,80.2041168213,73894,73904,10
12.9342498779,80.2040328979,73904,73914,10
12.9337396622,80.2040100098,73914,73934,20
12.9337396622,80.2040100098,73934,73944,10
12.933549881,80.203956604,73944,73954,10
12.9332103729,80.2038803101,73954,73964,10
12.932849884,80.2037200928,73964,73975,11
12.9324302673,80.2035598755,73975,73985,10
12.9319696426,80.2034072876,73985,73995,10
12.9313602448,80.2032089233,73995,74005,10
12.9308595657,80.2030487061,74005,74015,10
12.9305295944,80.2029571533,74015,74025,10
12.9301700592,80.202911377,74025,74035,10
12.9298000336,80.2028808594,74035,74045,10
12.9294204712,80.2028427124,74045,74055,10
12.9293804169,80.2028427124,74055,74065,10
12.9293498993,80.2028198242,74065,74075,10
12.9290103912,80.2027587891,74075,74086,11
12.9286804199,80.2026977539,74086,74096,10
12.9285402298,80.2025604248,74096,74106,10
12.9284601212,80.202041626,74106,74116,10
12.928440094,80.2016601563,74116,74126,10
12.9284095764,80.2010116577,74126,74136,10
12.9283399582,80.2001495361,74136,74146,10
12.9280700684,80.1992416382,74146,74156,10
12.9276504517,80.1984634399,74156,74166,10
12.9269304276,80.1978607178,74166,74176,10
12.9262304306,80.1976318359,74176,74187,11
12.9261598587,80.1976165771,74187,74197,10
12.9256801605,80.1975784302,74197,74207,10
12.9253902435,80.1975708008,74207,74217,10
12.9249696732,80.1975479126,74217,74227,10
12.9242801666,80.1975479126,74227,74237,10
12.923620224,80.1975326538,74237,74247,10
12.9229402542,80.1974411011,74247,74257,10
12.9223403931,80.1973724365,74257,74267,10
12.9219903946,80.1973190308,74267,74277,10
12.9218101501,80.1972732544,74277,74288,11
12.9213495255,80.1970977783,74288,74298,10
12.9209098816,80.1969223022,74298,74308,10
12.9203596115,80.1967391968,74308,74318,10
12.9196796417,80.1964797974,74318,74328,10
12.9191703796,80.1961898804,74328,74338,10
12.9188299179,80.195930481,74338,74348,10
12.918510437,80.1956176758,74348,74358,10
12.9181404114,80.1952667236,74358,74368,10
12.9177103043,80.1949005127,74368,74378,10
12.9173002243,80.194480896,74378,74389,11
12.9172801971,80.194442749,74389,74399,10
12.9171695709,80.1942596436,74399,74409,10
12.9170799255,80.1940765381,74409,74419,10
12.9170103073,80.1938171387,74419,74429,10
12.9169797897,80.1935806274,74429,74439,10
12.9169797897,80.193321228,74439,74449,10
12.9169998169,80.1931610107,74449,74459,10
12.9170303345,80.192817688,74459,74469,10
12.9170398712,80.1928100586,74469,74478,9
12.9170703888,80.1924972534,74478,74490,12
12.9166498184,80.1923828125,74490,74520,30
12.9166498184,80.1923828125,74520,74530,10
12.9163103104,80.1923294067,74530,74540,10
12.9159097672,80.1922988892,74540,74550,10
12.915430069,80.1922683716,74550,74560,10
12.9147195816,80.1922073364,74560,74570,10
12.9139299393,80.1921234131,74570,74580,10
12.913020134,80.1920089722,74580,74590,10
12.9124002457,80.1919403076,74590,74600,10
12.9117498398,80.1918563843,74600,74611,11
12.9108400345,80.1917495728,74611,74621,10
12.9100503922,80.19165802,74621,74631,10
12.9097900391,80.1915283203,74631,74641,10
12.9097099304,80.1914596558,74641,74651,10
12.9093999863,80.1912231445,74651,74661,10
12.9088897705,80.1908493042,74661,74671,10
12.9083003998,80.1903991699,74671,74681,10
12.9075498581,80.1898422241,74681,74692,11
12.9067602158,80.1892166138,74692,74702,10
12.9061899185,80.1888427734,74702,74711,9
12.9061098099,80.1887893677,74711,74722,11
12.9058198929,80.188583374,74722,74732,10
12.9051904678,80.1881637573,74732,74742,10
12.9044103622,80.1876525879,74742,74751,9
12.903960228,80.1871185303,74751,74762,11
12.9039802551,80.1862106323,74762,74772,10
12.904009819,80.1851882935,74772,74782,10
12.9037399292,80.1846084595,74782,74792,10
12.9030599594,80.1844100952,74792,74804,12
12.9020395279,80.1841201782,74804,74814,10
12.9012403488,80.183883667,74814,74824,10
12.9005699158,80.183631897,74824,74834,10
12.899939537,80.1833114624,74834,74844,10
12.8993196487,80.1829986572,74844,74854,10
12.898639679,80.1826477051,74854,74864,10
12.897939682,80.1822967529,74864,74874,10
12.8975000381,80.1820831299,74874,74884,10
12.8973999023,80.1820297241,74884,74894,10
12.8972797394,80.1819534302,74894,74905,11
12.8967199326,80.181678772,74905,74915,10
12.8958997726,80.1812667847,74915,74925,10
12.8949804306,80.1808013916,74925,74935,10
12.8941202164,80.1803588867,74935,74945,10
12.8935604095,80.1800765991,74945,74955,10
12.8933000565,80.1799621582,74955,74965,10
12.8932695389,80.1799316406,74965,74975,10
12.8930397034,80.1794509888,74975,74985,10
12.8926401138,80.1786804199,74985,74995,10
12.8921203613,80.1777420044,74995,75005,10
12.8916797638,80.1768875122,75005,75015,10
12.8915700912,80.1767196655,75015,75025,10
12.8915195465,80.176651001,75025,75035,10
12.8912601471,80.1761779785,75035,75047,12
12.8907604218,80.1752471924,75047,75057,10
12.8903198242,80.1745834351,75057,75067,10
12.8899497986,80.1744003296,75067,75077,10
12.8897104263,80.1743087769,75077,75087,10
12.8894996643,80.1742019653,75087,75097,10
12.88904953,80.1739807129,75097,75107,10
12.8883495331,80.1736068726,75107,75118,11
12.8876695633,80.1732635498,75118,75128,10
12.8869495392,80.1728897095,75128,75138,10
12.8863697052,80.1725997925,75138,75148,10
12.8856296539,80.1722106934,75148,75158,10
12.8847703934,80.1717605591,75158,75168,10
12.8838996887,80.1713180542,75168,75178,10
12.8830099106,80.1708679199,75178,75188,10
12.8823404312,80.1706771851,75188,75198,10
12.8817996979,80.1709899902,75198,75208,10
12.8803396225,80.1704406738,75208,75219,11
12.8803396225,80.1704406738,75219,75229,10
12.8800001144,80.1702728271,75229,75237,8
12.8799695969,80.1702575684,75237,75259,22
12.8784399033,80.1700668335,75259,75269,10
12.8774700165,80.1703109741,75269,75278,9
12.876660347,80.1706008911,75278,75287,9
12.8759202957,80.1708526611,75287,75299,12
12.8757896423,80.1709365845,75299,75309,10
12.8693304062,80.1752624512,75309,75371,62
12.8693304062,80.1752624512,75371,75392,21
12.8675403595,80.1759796143,75392,75402,10
12.8666200638,80.1758880615,75402,75414,12
12.8655595779,80.17578125,75414,75425,11
12.8647699356,80.1755523682,75425,75435,10
12.8638896942,80.1750183105,75435,75445,10
12.8628196716,80.1743392944,75445,75455,10
12.8618097305,80.1738891602,75455,75465,10
12.8615198135,80.1737594604,75465,75475,10
12.8608999252,80.1734771729,75475,75485,10
12.8600997925,80.1731185913,75485,75495,10
12.8592796326,80.1727523804,75495,75505,10
12.8583803177,80.1725234985,75505,75515,10
12.8577203751,80.172416687,75515,75525,10
12.8574800491,80.1723937988,75525,75536,11
12.8570404053,80.1723022461,75536,75546,10
12.8564100266,80.1721725464,75546,75556,10
12.856300354,80.1721496582,75556,75566,10
12.8562698364,80.1721420288,75566,75576,10
12.8560495377,80.1720733643,75576,75586,10
12.8554000854,80.1718673706,75586,75596,10
12.8544397354,80.1715774536,75596,75606,10
12.8532400131,80.1712722778,75606,75616,10
12.8520698547,80.1711502075,75616,75626,10
12.8509702682,80.1709594727,75626,75637,11
12.8497495651,80.1707611084,75637,75647,10
12.8486700058,80.1705780029,75647,75657,10
12.8477401733,80.1704101563,75657,75667,10
12.8472204208,80.1703262329,75667,75677,10
12.8470802307,80.1703186035,75677,75687,10
12.8465099335,80.1702880859,75687,75697,10
12.8456096649,80.170249939,75697,75707,10
12.844499588,80.1701965332,75707,75717,10
12.8432598114,80.1700515747,75717,75727,10
12.8421201706,80.1699981689,75727,75738,11
12.8409099579,80.1700210571,75738,75748,10
12.8399896622,80.1699981689,75748,75758,10
12.8393001556,80.1700134277,75758,75768,10
12.8386802673,80.1698379517,75768,75778,10
12.8384304047,80.1697387695,75778,75788,10
12.8381700516,80.1695022583,75788,75798,10
12.8379201889,80.169342041,75798,75807,9
12.8374204636,80.1692733765,75807,75818,11
12.8371496201,80.169052124,75818,75828,10
12.8369598389,80.1688766479,75828,75839,11
12.836640358,80.1687927246,75839,75849,10
12.8363199234,80.1686782837,75849,75859,10
12.8360795975,80.1685714722,75859,75869,10
12.8358898163,80.1680603027,75869,75879,10
12.8353500366,80.1677703857,75879,75889,10
12.8349103928,80.1675796509,75889,75899,10
12.8342599869,80.1671829224,75899,75909,10
12.8334197998,80.1667175293,75909,75919,10
12.8326196671,80.1662826538,75919,75928,9
12.8319501877,80.1659698486,75928,75939,11
12.8309402466,80.1656799316,75939,75950,11
12.8299703598,80.165512085,75950,75960,10
12.8294200897,80.1654281616,75960,75970,10
12.829000473,80.1653594971,75970,75980,10
12.8284301758,80.1652984619,75980,75990,10
12.827580452,80.1651916504,75990,76020,30
12.827580452,80.1651916504,76020,76030,10
12.8274497986,80.1651611328,76030,76040,10
12.8270902634,80.164932251,76040,76051,11
12.8264303207,80.1644821167,76051,76061,10
12.8258304596,80.1641311646,76061,76071,10
12.8249702454,80.1636886597,76071,76081,10
12.8239002228,80.1630172729,76081,76091,10
12.8226995468,80.162399292,76091,76101,10
12.8215904236,80.1619491577,76101,76111,10
12.8205900192,80.1615524292,76111,76121,10
12.8195800781,80.1611175537,76121,76131,10
12.8187398911,80.1607437134,76131,76143,12
12.8180999756,80.1604919434,76143,76153,10
12.8178100586,80.16040802,76153,76163,10
12.8172101974,80.1602630615,76163,76173,10
12.8164796829,80.1601104736,76173,76183,10
12.8157300949,80.1599502563,76183,76192,9
12.8150100708,80.1598129272,76192,76202,10
12.814330101,80.1596908569,76202,76213,11
12.813659668,80.1596221924,76213,76223,10
12.8129997253,80.1595230103,76223,76233,10
12.8123197556,80.1593933105,76233,76243,10
12.8117303848,80.1594619751,76243,76253,10
12.8114004135,80.1595535278,76253,76265,12
12.810839653,80.1597366333,76265,76275,10
12.8103199005,80.1597671509,76275,76285,10
12.8100099564,80.1596221924,76285,76315,30
12.8100099564,80.1596221924,76315,76325,10
12.8101501465,80.1597595215,76325,76335,10
12.810500145,80.1597595215,76335,76345,10
12.8107500076,80.1596984863,76345,76355,10
12.8110103607,80.1596221924,76355,76366,11
12.8112802505,80.159538269,76366,76386,20
12.8112802505,80.159538269,76386,76396,10
12.8116197586,80.1594467163,76396,76406,10
12.8119802475,80.1593704224,76406,76416,10
12.8126296997,80.1594085693,76416,76426,10
12.8134698868,80.1595611572,76426,76436,10
12.8143196106,80.1596374512,76436,76446,10
12.814620018,80.1596984863,76446,76456,10
12.8148097992,80.1597290039,76456,76467,11
12.8154602051,80.1598587036,76467,76477,10
12.8161697388,80.1600036621,76477,76487,10
12.8169698715,80.1601791382,76487,76497,10
12.8176698685,80.160369873,76497,76507,10
12.8181695938,80.1604690552,76507,76517,10
12.8184499741,80.1605606079,76517,76527,10
12.8191204071,80.1608734131,76527,76537,10
12.8200902939,80.1613006592,76537,76547,10
12.8211202621,80.1617431641,76547,76557,10
12.8219995499,80.1621017456,76557,76567,10
12.8230895996,80.1625366211,76567,76578,11
12.8241500854,80.1631393433,76578,76588,10
12.8250102997,80.1636886597,76588,76598,10
12.825750351,80.1640472412,76598,76608,10
12.8263101578,80.1643829346,76608,76618,10
12.8267498016,80.164680481,76618,76628,10
12.8273696899,80.1650772095,76628,76648,20
12.8273696899,80.1650772095,76648,76658,10
12.8276700974,80.1651687622,76658,76669,11
12.8281803131,80.1652374268,76669,76679,10
12.8284702301,80.1652832031,76679,76689,10
12.829079628,80.1653366089,76689,76699,10
12.830039978,80.1654891968,76699,76709,10
12.8309803009,80.1656494141,76709,76719,10
12.8318595886,80.1659164429,76719,76729,10
12.8329696655,80.1664123535,76729,76739,10
12.8339796066,80.1669998169,76739,76749,10
12.8346996307,80.1673965454,76749,76759,10
12.8355102539,80.1677780151,76759,76769,10
12.8359203339,80.1681137085,76769,76779,10
12.8360795975,80.1685562134,76779,76790,11
12.8363895416,80.1686782837,76790,76800,10
12.8368701935,80.168800354,76800,76810,10
12.837100029,80.1689300537,76810,76820,10
12.837269783,80.1691665649,76820,76830,10
12.8378801346,80.1693191528,76830,76840,10
12.8381996155,80.1694793701,76840,76850,10
12.8387498856,80.1698226929,76850,76860,10
12.8396997452,80.1700134277,76860,76870,10
12.8406600952,80.169960022,76870,76881,11
12.8419599533,80.169960022,76881,76891,10
12.8433599472,80.1700134277,76891,76901,10
12.8447303772,80.1701431274,76901,76911,10
12.8459501266,80.170211792,76911,76921,10
12.8469400406,80.1702575684,76921,76931,10
12.8479404449,80.1704025269,76931,76941,10
12.8490104675,80.1705780029,76941,76951,10
12.850060463,80.1707611084,76951,76961,10
12.8511104584,80.1709365845,76961,76971,10
12.852230072,80.1711273193,76971,76982,11
12.8534402847,80.1713027954,76982,76992,10
12.8545198441,80.1715774536,76992,76999,7
12.8551902771,80.1717681885,76999,77012,13
12.8561201096,80.1720275879,77012,77022,10
12.8563404083,80.1720809937,77022,77032,10
12.8566503525,80.1721725464,77032,77042,10
12.8571796417,80.1722869873,77042,77052,10
12.8575496674,80.1723327637,77052,77062,10
12.8578596115,80.1723937988,77062,77072,10
12.8585596085,80.1725311279,77072,77082,10
12.8591995239,80.1726913452,77082,77092,10
12.8599796295,80.1730194092,77092,77102,10
12.8610601425,80.1734924316,77102,77112,10
12.8623600006,80.1740493774,77112,77122,10
12.8634300232,80.1746520996,77122,77132,10
12.8638000488,80.1748886108,77132,77143,11
12.8642997742,80.1752090454,77143,77153,10
12.8650598526,80.1756515503,77153,77163,10
12.8660202026,80.1757736206,77163,77173,10
12.8669700623,80.1758499146,77173,77183,10
12.8678302765,80.1759109497,77183,77193,10
12.8686304092,80.1756362915,77193,77203,10
12.8695497513,80.1750030518,77203,77213,10
12.8706798553,80.1742172241,77213,77223,10
12.8717803955,80.1734771729,77223,77233,10
12.8729400635,80.1727294922,77233,77245,12
12.8741798401,80.1718978882,77245,77254,9
12.8816604614,80.1709289551,77254,77324,70
12.8816604614,80.1709289551,77324,77344,20
12.8826503754,80.1706390381,77344,77356,12
12.8828296661,80.1707382202,77356,77366,10
12.8833904266,80.1710205078,77366,77376,10
12.8841199875,80.1714096069,77376,77386,10
12.884929657,80.171836853,77386,77397,11
12.8857803345,80.1722717285,77397,77407,10
12.8865003586,80.1726379395,77407,77417,10
12.887260437,80.1730499268,77417,77427,10
12.8880901337,80.1734695435,77427,77437,10
12.8887996674,80.1738433838,77437,77447,10
12.8894195557,80.174156189,77447,77457,10
12.8897104263,80.1743087769,77457,77467,10
12.889960289,80.1743927002,77467,77477,10
12.8902797699,80.1745300293,77477,77487,10
12.8905801773,80.1749267578,77487,77497,10
12.8909196854,80.17552948,77497,77508,11
12.8913002014,80.1763000488,77508,77518,10
12.8916301727,80.1768875122,77518,77528,10
12.8919200897,80.1774520874,77528,77538,10
12.89220047,80.1779785156,77538,77548,10
12.8925199509,80.1784973145,77548,77558,10
12.8928203583,80.1790084839,77558,77568,10
12.8931598663,80.1796417236,77568,77578,10
12.8936595917,80.1801300049,77578,77588,10
12.8941602707,80.1803588867,77588,77598,10
12.8948602676,80.1806869507,77598,77609,11
12.8955898285,80.181060791,77609,77619,10
12.8963098526,80.1814117432,77619,77629,10
12.8970899582,80.1818008423,77629,77639,10
12.8977298737,80.1821365356,77639,77649,10
12.8983898163,80.182472229,77649,77659,10
12.8991098404,80.1828308105,77659,77669,10
12.8998603821,80.1831970215,77669,77679,10
12.9005899429,80.1835784912,77679,77689,10
12.9013996124,80.1838684082,77689,77699,10
12.9022598267,80.1841201782,77699,77709,10
12.9031896591,80.1843795776,77709,77720,11
12.9040002823,80.1846389771,77720,77730,10
12.9041004181,80.1852798462,77730,77740,10
12.9040803909,80.1860961914,77740,77750,10
12.9040403366,80.1869430542,77750,77760,10
12.9044504166,80.1875762939,77760,77900,140
12.9044504166,80.1875762939,77900,77911,11
12.9044599533,80.1876373291,77911,77921,10
12.9048099518,80.1878814697,77921,77932,11
12.9052696228,80.1881637573,77932,77942,10
12.9056501389,80.1883773804,77942,77952,10
12.906370163,80.1888198853,77952,77962,10
12.9071302414,80.1893997192,77962,77972,10
12.9079303741,80.1900177002,77972,77982,10
12.9087295532,80.1906280518,77982,77992,10
12.9095697403,80.1912689209,77992,78002,10
12.9104003906,80.19165802,78002,78012,10
12.9111995697,80.1917572021,78012,78023,11
12.9120597839,80.1918487549,78023,78031,8
12.9127597809,80.1919326782,78031,78043,12
12.9138698578,80.1920623779,78043,78053,10
12.9146203995,80.1921463013,78053,78063,10
12.9154500961,80.192199707,78063,78073,10
12.9161901474,80.1922607422,78073,78083,10
12.9168100357,80.1923065186,78083,78093,10
12.9171495438,80.1920166016,78093,78103,10
12.9172401428,80.1915588379,78103,78113,10
12.9173202515,80.19090271,78113,78123,10
12.9173297882,80.1904983521,78123,78133,10
12.9173498154,80.1903610229,78133,78143,10
12.9174499512,80.1903762817,78143,78153,10
12.9174203873,80.190788269,78153,78163,10
12.9173498154,80.1914367676,78163,78173,10
12.9172697067,80.1920776367,78173,78183,10
12.9171695709,80.1927108765,78183,78194,11
12.9170999527,80.1933898926,78194,78204,10
12.9171800613,80.1940383911,78204,78214,10
12.9175701141,80.1946563721,78214,78227,13
12.918390274,80.1954116821,78227,78237,10
12.9190397263,80.1960067749,78237,78245,8
12.9195098877,80.1963424683,78245,78257,12
12.9202604294,80.1966171265,78257,78267,10
12.9209003448,80.1968231201,78267,78277,10
12.9213495255,80.1969680786,78277,78287,10
12.9219703674,80.1971893311,78287,78297,10
12.9227600098,80.1973190308,78297,78307,10
12.9233903885,80.1974029541,78307,78316,9
12.9238996506,80.1974487305,78316,78329,13
12.9248199463,80.1974716187,78329,78339,10
12.9252195358,80.1974563599,78339,78349,10
12.9254598618,80.1974563599,78349,78359,10
12.9260101318,80.197479248,78359,78369,10
12.926779747,80.1976928711,78369,78379,10
12.9274101257,80.1980667114,78379,78389,10
12.9278402328,80.198600769,78389,78399,10
12.9281396866,80.1992034912,78399,78409,10
12.9284000397,80.1999435425,78409,78419,10
12.9284696579,80.2008209229,78419,78429,10
12.9285001755,80.2015914917,78429,78440,11
12.928730011,80.2026290894,78440,78450,10
12.928730011,80.2026290894,78450,78460,10
12.9294204712,80.2027435303,78460,78468,8
12.9299697876,80.2027816772,78468,78480,12
12.930729866,80.2029190063,78480,78492,12
12.9312801361,80.2030563354,78492,78502,10
12.9317703247,80.2032318115,78502,78512,10
12.9321699142,80.20337677,78512,78522,10
12.9327402115,80.2035598755,78522,78543,21
12.9327402115,80.2035598755,78543,78553,10
12.9331598282,80.2037277222,78553,78563,10
12.933719635,80.2038497925,78563,78573,10
12.934220314,80.2038879395,78573,78583,10
12.9346704483,80.2039337158,78583,78593,10
12.9353504181,80.2041625977,78593,78603,10
12.9362201691,80.2044677734,78603,78613,10
12.9369401932,80.2046890259,78613,78623,10
12.9376802444,80.2049026489,78623,78633,10
12.9385795593,80.2051620483,78633,78644,11
12.9395704269,80.2054595947,78644,78654,10
12.9404201508,80.2057113647,78654,78664,10
12.9413900375,80.2061386108,78664,78674,10
12.9422798157,80.2067871094,78674,78684,10
12.9429702759,80.207572937,78684,78694,10
12.9438896179,80.2081832886,78694,78704,10
12.945019722,80.2086105347,78704,78714,10
12.9462795258,80.2090835571,78714,78724,10
12.9473199844,80.209487915,78724,78734,10
12.9483003616,80.2098617554,78734,78744,10
12.9494104385,80.2103118896,78744,78755,11
12.9506397247,80.2108078003,78755,78765,10
12.9517002106,80.2112197876,78765,78775,10
12.9526996613,80.2116088867,78775,78785,10
12.9537401199,80.2120437622,78785,78795,10
12.9549798965,80.2125167847,78795,78805,10
12.9560604095,80.2129364014,78805,78815,10
12.9568500519,80.2132263184,78815,78824,9
12.9575595856,80.2135314941,78824,78835,11
12.9584999084,80.2138977051,78835,78847,12
12.9592599869,80.2142028809,78847,78857,10
12.9599704742,80.2145004272,78857,78867,10
12.9607200623,80.2147979736,78867,78877,10
12.9615297318,80.2151107788,78877,78887,10
12.9624900818,80.2154769897,78887,78897,10
12.9632101059,80.2157974243,78897,78907,10
12.9636898041,80.216003418,78907,78917,10
12.9644498825,80.2163391113,78917,78927,10
12.9654903412,80.2167510986,78927,78937,10
12.9666595459,80.2172088623,78937,78948,11
12.9677295685,80.2176513672,78948,78956,8
12.9682502747,80.2178573608,78956,78968,12
12.9692697525,80.21824646,78968,78978,10
12.9702997208,80.2186737061,78978,78988,10
12.9714002609,80.2191009521,78988,78998,10
12.9724397659,80.2194976807,78998,79008,10
12.9729604721,80.2197113037,79008,79018,10
12.9732103348,80.2198028564,79018,79028,10
12.9736604691,80.2199630737,79028,79038,10
12.974439621,80.2202835083,79038,79048,10
12.9749803543,80.2204971313,79048,79069,21
12.9749803543,80.2204971313,79069,79079,10
12.9751701355,80.2205886841,79079,79089,10
12.9754695892,80.2204971313,79089,79099,10
12.9759597778,80.220161438,79099,79109,10
12.9767799377,80.2197875977,79109,79119,10
12.9776496887,80.2194290161,79119,79129,10
12.97838974,80.2191085815,79129,79139,10
12.9788303375,80.2189712524,79139,79149,10
12.9795799255,80.2186584473,79149,79160,11
12.9804096222,80.2183303833,79160,79170,10
12.9812698364,80.2180099487,79170,79180,10
12.982219696,80.2178421021,79180,79190,10
12.9828796387,80.2178192139,79190,79200,10
12.9837598801,80.2177963257,79200,79210,10
12.9845399857,80.2177963257,79210,79220,10
12.9855203629,80.2178268433,79220,79230,10
12.9865703583,80.2180480957,79230,79240,10
12.9874095917,80.2182235718,79240,79249,9
12.9881601334,80.2183837891,79249,79261,12
12.9892101288,80.2186813354,79261,79271,10
12.9899396896,80.218963623,79271,79281,10
12.9908800125,80.21925354,79281,79291,10
12.9916000366,80.2194137573,79291,79301,10
12.9921398163,80.2190704346,79301,79311,10
12.992890358,80.2185211182,79311,79321,10
12.9936800003,80.217918396,79321,79331,10
12.9941501617,80.2175674438,79331,79341,10
12.9943799973,80.2174072266,79341,79351,10
12.9943799973,80.2173995972,79351,79362,11
12.9945497513,80.217300415,79362,79372,10
12.9947900772,80.2171173096,79372,79382,10
12.9950799942,80.2169036865,79382,79392,10
12.9953899384,80.2167434692,79392,79402,10
12.9959402084,80.216583252,79402,79412,10
12.9961795807,80.2165298462,79412,79422,10
12.9963197708,80.2164993286,79422,79432,10
12.9964599609,80.2164764404,79432,79442,10
12.9967298508,80.2164382935,79442,79452,10
12.9969596863,80.2164230347,79452,79462,10
12.9971399307,80.2164001465,79462,79473,11
12.9975595474,80.2164230347,79473,79483,10
12.9980802536,80.2165298462,79483,79493,10
12.9987001419,80.2167663574,79493,79503,10
12.999420166,80.2171478271,79503,79513,10
13.0001602173,80.2175979614,79513,79523,10
13.0008201599,80.2180328369,79523,79533,10
13.0014400482,80.218460083,79533,79543,10
13.0020198822,80.2190170288,79543,79553,10
13.0026903152,80.2196578979,79553,79562,9
13.0034999847,80.2199630737,79562,79574,12
13.0044803619,80.220161438,79574,79584,10
13.0053796768,80.2203598022,79584,79594,10
13.006310463,80.2205734253,79594,79604,10
13.0072498322,80.2209701538,79604,79614,10
13.0083799362,80.2215805054,79614,79624,10
13.0094099045,80.2221374512,79624,79634,10
13.0102901459,80.222618103,79634,79644,10
13.0111303329,80.2230377197,79644,79685,41
13.0111303329,80.2230377197,79685,79695,10
13.0113201141,80.2230834961,79695,79705,10
13.0115203857,80.2232589722,79705,79715,10
13.0117797852,80.2234191895,79715,79725,10
13.0121603012,80.2236480713,79725,79735,10
13.0125999451,80.2238922119,79735,79745,10
13.0131397247,80.2241592407,79745,79755,10
13.013710022,80.2244491577,79755,79765,10
13.0142803192,80.2247467041,79765,79778,13
13.0150003433,80.2251281738,79778,79788,10
13.0152902603,80.2253112793,79788,79798,10
13.0153999329,80.225479126,79798,79806,8
13.0152997971,80.225692749,79806,79818,12
13.0149803162,80.2258682251,79818,79838,20
13.0149803162,80.2258682251,79838,79848,10
13.0147800446,80.2259521484,79848,79858,10
13.0146903992,80.2259902954,79858,79868,10
13.01445961,80.22605896,79868,79959,91
13.01445961,80.22605896,79959,79969,10
13.014380455,80.2260818481,79969,79979,10
13.014289856,80.2261199951,79979,79990,11
13.0141897202,80.2260131836,79990,80000,10
13.0141601563,80.2256088257,80000,80131,131
13.0141601563,80.2256088257,80131,80141,10
13.0142097473,80.2253875732,80141,80151,10
13.0143899918,80.2252426147,80151,80161,10
13.014169693,80.2254486084,80161,80242,81
13.014169693,80.225189209,80242,80313,71
13.014169693,80.225189209,80313,80323,10
13.0141601563,80.2255935669,80323,80333,10
13.0141897202,80.2258224487,80333,80383,50
13.0141897202,80.2258224487,80383,80392,9
13.0139799118,80.2262191772,80392,82367,1975
13.0139799118,80.2262191772,82367,82377,10
13.0139598846,80.2262878418,82377,82387,10
13.0136699677,80.2264099121,82387,82397,10
13.0129899979,80.2267074585,82397,82407,10
13.0123500824,80.2269668579,82407,82417,10
13.011639595,80.2272109985,82417,82427,10
13.0108699799,80.2275009155,82427,82437,10
13.0101299286,80.2277984619,82437,82447,10
13.00963974,80.2278366089,82447,82457,10
13.0096302032,80.2273864746,82457,82467,10
13.0099401474,80.2266693115,82467,82477,10
13.0102500916,80.2259597778,82477,82487,10
13.0105800629,80.2251968384,82487,82500,13
13.0109395981,80.2242584229,82500,82510,10
13.0112495422,80.2235336304,82510,82520,10
13.0115203857,80.2229003906,82520,82530,10
13.0117702484,80.2221221924,82530,82540,10
13.0120296478,80.2214202881,82540,82550,10
13.0121097565,80.221031189,82550,82560,10
13.0119104385,80.2203369141,82560,82570,10
13.0116195679,80.2194366455,82570,82580,10
13.0113296509,80.2185821533,82580,82590,10
13.01101017,80.2177429199,82590,82600,10
13.0106401443,80.2168579102,82600,82610,10
13.0102596283,80.2161636353,82610,82622,12
13.0098600388,80.21534729,82622,82632,10
13.0094499588,80.2147521973,82632,82642,10
13.0089998245,80.2141571045,82642,82652,10
13.0085697174,80.2136077881,82652,82662,10
13.0080404282,80.2132263184,82662,82672,10
13.0073604584,80.2128601074,82672,82682,10
13.0066099167,80.2127685547,82682,82692,10
13.0059204102,80.2129974365,82692,82702,10
13.0053195953,80.2127685547,82702,82713,11
13.004650116,80.2123565674,82713,82723,10
13.0040302277,80.2121505737,82723,82733,10
13.0038003922,80.212097168,82733,82743,10
13.0037097931,80.2118682861,82743,82753,10
13.0036697388,80.2111434937,82753,82763,10
13.0035495758,80.2101974487,82763,82773,10
13.003569603,80.2092285156,82773,82783,10
13.0038995743,80.2086486816,82783,82793,10
13.0056200027,80.2093734741,82793,82803,10
13.0056200027,80.2093734741,82803,82814,11
13.006480217,80.2096405029,82814,82822,8
13.0070695877,80.2097930908,82822,82835,13
13.0073404312,80.2098007202,82835,82845,10
13.007399559,80.2098007202,82845,82855,10
13.0075397491,80.2098312378,82855,82865,10
13.007900238,80.2099075317,82865,82875,10
13.0081501007,80.2098617554,82875,82885,10
13.0080404282,80.2092666626,82885,82895,10
13.0078601837,80.208366394,82895,82905,10
13.0076999664,80.2074966431,82905,82916,11
13.0075597763,80.2064971924,82916,82926,10
13.0074796677,80.2054901123,82926,82936,10
13.0074901581,80.2044525146,82936,82946,10
13.0074100494,80.2035980225,82946,82956,10
13.007229805,80.2027816772,82956,82966,10
13.0065603256,80.2027282715,82966,82976,10
13.0067396164,80.2033615112,82976,82986,10
13.0073699951,80.2036590576,82986,82996,10
13.0081796646,80.2037277222,82996,83006,10
13.0091400146,80.203666687,83006,83017,11
13.0104503632,80.20362854,83017,83027,10
13.0116901398,80.2037277222,83027,83037,10
13.0128097534,80.2039337158,83037,83047,10
13.013759613,80.2042236328,83047,83057,10
13.014670372,80.2045135498,83057,83067,10
13.0149297714,80.2046279907,83067,83077,10
13.0151100159,80.2045822144,83077,83087,10
13.0157003403,80.2047271729,83087,83097,10
13.016289711,80.2050094604,83097,83107,10
13.0170602798,80.2051925659,83107,83117,10
13.018119812,80.2057571411,83117,83127,10
13.0186595917,80.2059631348,83127,83137,10
13.0187902451,80.2060012817,83137,83148,11
13.0194301605,80.206161499,83148,83158,10
13.0203399658,80.2062835693,83158,83168,10
13.0213098526,80.2062835693,83168,83178,10
13.0222997665,80.2063064575,83178,83188,10
13.023150444,80.206489563,83188,83198,10
13.0239801407,80.2066116333,83198,83207,9
13.0242595673,80.2066726685,83207,83219,12
13.0245800018,80.206703186,83219,83232,13
13.025560379,80.2069702148,83232,83242,10
13.0263900757,80.2074584961,83242,83252,10
13.0271501541,80.2079162598,83252,83262,10
13.0278701782,80.2083511353,83262,83272,10
13.0287599564,80.2086410522,83272,83282,10
13.0295200348,80.2088012695,83282,83292,10
13.0300397873,80.2089080811,83292,83302,10
13.0300598145,80.2089080811,83302,83312,10
13.0302095413,80.2089614868,83312,83322,10
13.0307598114,80.2090911865,83322,83333,11
13.0314903259,80.2092666626,83333,83343,10
13.0316095352,80.209312439,83343,83353,10
13.031920433,80.2093734741,83353,83363,10
13.0326700211,80.2095336914,83363,83373,10
13.0335302353,80.2097167969,83373,83383,10
13.0343503952,80.2098770142,83383,83393,10
13.0349502563,80.2100830078,83393,83403,10
13.0350103378,80.2105407715,83403,83413,10
13.0349998474,80.2111129761,83413,83423,10
13.0349502563,80.2119369507,83423,83444,21
13.0349502563,80.2119369507,83444,83453,9
13.0349397659,80.2120437622,83453,83466,13
13.0357103348,80.2121887207,83466,83476,10
13.0366296768,80.2122192383,83476,83486,10
13.0374002457,80.2122421265,83486,83496,10
13.0383300781,80.2121963501,83496,83506,10
13.0393800735,80.2121734619,83506,83516,10
13.0405302048,80.2121582031,83516,83526,10
13.0417003632,80.2122497559,83526,83536,10
13.0427904129,80.212272644,83536,83547,11
13.0441904068,80.2121429443,83547,83597,50
13.0441904068,80.2121429443,83597,83607,10
13.0445299149,80.2121505737,83607,83617,10
13.0452604294,80.2121582031,83617,83627,10
13.0461597443,80.2121276855,83627,83637,10
13.0470600128,80.2121200562,83637,83647,10
13.0479202271,80.2120666504,83647,83657,10
13.0486297607,80.2119903564,83657,83667,10
13.0487604141,80.2119598389,83667,83677,10
13.0493402481,80.2119216919,83677,83687,10
13.0497903824,80.2118682861,83687,83697,10
13.049949646,80.2118606567,83697,83708,11
13.0501003265,80.2118606567,83708,83717,9
13.0504999161,80.2118835449,83717,83728,11
13.0510501862,80.2118911743,83728,83738,10
13.0519199371,80.2119216919,83738,83748,10
13.0528802872,80.2117462158,83748,83758,10
13.0539598465,80.2114715576,83758,83768,10
13.0548000336,80.2113571167,83768,83778,10
13.0557804108,80.2112579346,83778,83788,10
13.05671978,80.2112884521,83788,83798,10
13.0574798584,80.2113265991,83798,83808,10
13.0577201843,80.2113418579,83808,83818,10
13.0583696365,80.2113876343,83818,83828,10
13.0591697693,80.2114105225,83828,83838,10
13.0601396561,80.2115020752,83838,83849,11
13.0612297058,80.2115478516,83849,83861,12
13.0622301102,80.2115020752,83861,83869,8
13.0629301071,80.2115631104,83869,83881,12
13.063249588,80.2115020752,83881,83891,10
13.0636301041,80.2114868164,83891,83901,10
13.0644302368,80.2113800049,83901,83911,10
13.0653600693,80.2108535767,83911,83921,10
13.0661497116,80.2102432251,83921,83930,9
13.0668802261,80.2095718384,83930,83941,11
13.0674600601,80.2085723877,83941,83951,10
13.0680103302,80.207649231,83951,83962,11
13.0687103271,80.2066574097,83962,83972,10
13.0692300797,80.2058868408,83972,83982,10
13.0695896149,80.2052993774,83982,83992,10
13.069609642,80.2048873901,83992,84002,10
13.0692195892,80.2048492432,84002,84012,10
13.0689201355,80.205116272,84012,84063,51
13.0689201355,80.205116272,84063,84073,10
13.0688295364,80.205291748,84073,84083,10
13.0686903,80.205406189,84083,84093,10
13.068479538,80.2054519653,84093,84103,10
13.0682096481,80.2054672241,84103,84113,10
13.0680198669,80.205406189,84113,84852,739
13.0681600571,80.2050628662,84852,84872,20
13.0681600571,80.2050628662,84872,84882,10
13.0683298111,80.2049407959,84882,84892,10
13.0685501099,80.2048568726,84892,84903,11
13.0686702728,80.204826355,84903,84913,10
13.0688295364,80.2047805786,84913,84923,10
13.068980217,80.2047576904,84923,84933,10
13.0692501068,80.2047576904,84933,84983,50
13.0692501068,80.2047576904,84983,84993,10
13.0694999695,80.2048034668,84993,85004,11
13.0697097778,80.2049026489,85004,85034,30
13.0697097778,80.2049026489,85034,85044,10
13.0697898865,80.2049713135,85044,85054,10
13.0698204041,80.2050170898,85054,85064,10
13.0697803497,80.2052612305,85064,85074,10
13.0696296692,80.2055206299,85074,85084,10
13.0693302155,80.2060089111,85084,85094,10
13.0690002441,80.2065505981,85094,85105,11
13.0685901642,80.2072067261,85105,85115,10
13.0682096481,80.2078323364,85115,85125,10
13.0678396225,80.2084732056,85125,85135,10
13.0673999786,80.2091674805,85135,85145,10
13.0669202805,80.2098464966,85145,85155,10
13.0663099289,80.210357666,85155,85165,10
13.0656900406,80.2108917236,85165,85175,10
13.0650501251,80.2113418579,85175,85185,10
13.0642995834,80.2116775513,85185,85195,10
13.0638198853,80.211807251,85195,85205,10
13.0636901855,80.2118225098,85205,85216,11
13.0632200241,80.2118225098,85216,85226,10
13.0625801086,80.2118682861,85226,85236,10
13.0619297028,80.2119064331,85236,85246,10
13.0611495972,80.2117614746,85246,85256,10
13.0602502823,80.211769104,85256,85266,10
13.0594902039,80.211769104,85266,85276,10
13.0589199066,80.2117462158,85276,85286,10
13.0582399368,80.2117080688,85286,85296,10
13.0575704575,80.2117080688,85296,85306,10
13.0568399429,80.2117080688,85306,85317,11
13.0565395355,80.2117233276,85317,85327,10
13.056139946,80.2116928101,85327,85337,10
13.055390358,80.2116775513,85337,85347,10
13.0545902252,80.2116699219,85347,85357,10
13.0537996292,80.2118530273,85357,85367,10
13.0530996323,80.212020874,85367,85377,10
13.0524301529,80.2121963501,85377,85387,10
13.0518903732,80.2123413086,85387,85397,10
13.0512399673,80.2123336792,85397,85406,9
13.0506801605,80.2122802734,85406,85418,12
13.0502004623,80.2123184204,85418,85438,20
13.0502004623,80.2123184204,85438,85448,10
13.0498600006,80.2123031616,85448,85488,40
13.0498600006,80.2123031616,85488,85498,10
13.049539566,80.2122879028,85498,85508,10
13.0490598679,80.2123031616,85508,85518,10
13.0484695435,80.2123184204,85518,85528,10
13.0477199554,80.2123718262,85528,85538,10
13.0469198227,80.2124176025,85538,85548,10
13.0459804535,80.2124328613,85548,85558,10
13.0453395844,80.2124633789,85558,85568,10
13.044960022,80.2124786377,85568,85578,10
13.0447301865,80.2125091553,85578,85588,10
13.0443201065,80.2125167847,85588,85598,10
13.0436096191,80.2125320435,85598,85609,11
13.042889595,80.2125396729,85609,85619,10
13.0425701141,80.212562561,85619,85629,10
13.0424003601,80.212562561,85629,85639,10
13.0422897339,80.2125473022,85639,85649,10
13.0417203903,80.2125167847,85649,85659,10
13.0408096313,80.2125320435,85659,85669,10
13.0397596359,80.2125320435,85669,85680,11
13.0385704041,80.2125320435,85680,85690,10
13.0377597809,80.2125091553,85690,85700,10
13.0373001099,80.2124481201,85700,85710,10
13.0366601944,80.212387085,85710,85720,10
13.0357904434,80.2124176025,85720,85732,12
13.0344200134,80.2122497559,85732,85752,20
13.0344200134,80.2122497559,85752,85762,10
13.0342597961,80.2122116089,85762,85772,10
13.0336198807,80.2120895386,85772,85782,10
13.0327796936,80.2119522095,85782,85792,10
13.0320501328,80.2117996216,85792,85802,10
13.031999588,80.21118927,85802,85812,10
13.0320701599,80.2102737427,85812,85822,10
13.0318698883,80.2097015381,85822,85833,11
13.0311002731,80.2095184326,85833,85843,10
13.0298595428,80.2091522217,85843,85873,30
13.0298595428,80.2091522217,85873,85883,10
13.0297298431,80.2091217041,85883,85893,10
13.0291004181,80.2089233398,85893,85903,10
13.0280399323,80.2086029053,85903,85912,9
13.0270595551,80.2080764771,85912,85924,12
13.0258798599,80.2073516846,85924,85935,11
13.0246400833,80.2070388794,85935,85945,10
13.024140358,80.2069625854,85945,85955,10
13.0239696503,80.2069168091,85955,85965,10
13.0234699249,80.2068023682,85965,85975,10
13.0227499008,80.2066879272,85975,85985,10
13.0219497681,80.2065887451,85985,85995,10
13.0209703445,80.2065811157,85995,86005,10
13.0199203491,80.2065811157,86005,86015,10
13.0192499161,80.2064819336,86015,86025,10
13.0191602707,80.2064208984,86025,86035,10
13.018699646,80.2062606812,86035,86046,11
13.0179195404,80.2060394287,86046,86056,10
13.0174303055,80.2058563232,86056,86066,10
13.0167703629,80.2055511475,86066,86076,10
13.0156803131,80.2052383423,86076,86086,10
13.0148096085,80.2049407959,86086,86096,10
13.0143003464,80.2047424316,86096,86106,10
13.0142698288,80.2047195435,86106,86116,10
13.0139398575,80.2045822144,86116,86126,10
13.0136299133,80.2045898438,86126,86136,10
13.0134801865,80.205078125,86136,86147,11
13.0132303238,80.2058868408,86147,86157,10
13.0130596161,80.2067337036,86157,86167,10
13.0129995346,80.2074737549,86167,86177,10
13.0129203796,80.2080307007,86177,86187,10
13.0129299164,80.2086029053,86187,86197,10
13.0129699707,80.2091903687,86197,86207,10
13.0131998062,80.2097396851,86207,86217,10
13.0129404068,80.2098464966,86217,86227,10
13.0122804642,80.2099304199,86227,86236,9
13.0115098953,80.2099990845,86236,86248,12
13.0104999542,80.2100906372,86248,86258,10
13.0099897385,80.2104110718,86258,86268,10
13.0096302032,80.2108764648,86268,86278,10
13.0093603134,80.2112426758,86278,86308,30
13.0093603134,80.2112426758,86308,86318,10
13.0091695786,80.2114715576,86318,86328,10
13.0090703964,80.211730957,86328,86337,9
13.0091896057,80.2121734619,86337,86349,12
13.0094804764,80.2130508423,86349,86359,10
13.0096902847,80.2136383057,86359,86369,10
13.0099096298,80.2141494751,86369,86379,10
13.0101203918,80.2146682739,86379,86389,10
