13.02643013,80.2663726807,18,1735,1717
13.02643013,80.2663726807,1735,1745,10
13.02643013,80.2664794922,1745,2159,414
13.0265598297,80.2664337158,2159,3422,1263
13.02643013,80.266242981,3422,3472,50
13.02643013,80.266242981,3472,3482,10
13.0266199112,80.2665100098,3482,4472,990
13.0266799927,80.2662963867,4472,5149,677
13.0265197754,80.2664489746,5149,13824,8675
13.0267496109,80.2662506104,13824,15702,1878
13.0266799927,80.2663726807,15702,16460,758
13.0266399384,80.2663803101,16460,17157,697
13.0265598297,80.2665100098,17157,17995,838
13.0265798569,80.2662963867,17995,18146,151
13.0265798569,80.2663879395,18146,18621,475
13.0265598297,80.2663879395,18621,18682,61
13.0264797211,80.2663116455,18682,18985,303
13.0262699127,80.2664337158,18985,19722,737
13.026260376,80.2664413452,19722,20378,656
13.026260376,80.2664413452,20378,20389,11
13.0263795853,80.266418457,20389,20399,10
13.0264196396,80.2662582397,20399,20419,20
13.0264196396,80.2662582397,20419,20429,10
13.0263299942,80.2662963867,20429,20439,10
13.0261297226,80.2663192749,20439,20449,10
13.0260896683,80.266166687,20449,20459,10
13.0262002945,80.265953064,20459,20469,10
13.0259103775,80.2657623291,20469,20479,10
13.0255298615,80.2655029297,20479,20490,11
13.0252504349,80.2653427124,20490,20500,10
13.0250701904,80.2651901245,20500,20510,10
13.0247402191,80.2649230957,20510,20520,10
13.0244102478,80.2646636963,20520,20530,10
13.0239696503,80.2643508911,20530,20540,10
13.0235099792,80.2640914917,20540,20550,10
13.0230398178,80.2637863159,20550,20560,10
13.0225400925,80.2635803223,20560,20570,10
13.0221099854,80.2634277344,20570,20580,10
13.0218896866,80.2632904053,20580,20591,11
13.0212898254,80.2630996704,20591,20601,10
13.0205602646,80.2630386353,20601,20611,10
13.0200796127,80.2630081177,20611,20621,10
13.0195198059,80.2629699707,20621,20631,10
13.0190296173,80.2628707886,20631,20641,10
13.0188798904,80.2623519897,20641,20651,10
13.0187797546,80.2617263794,20651,20661,10
13.0185804367,80.2612609863,20661,20671,10
13.0180101395,80.2608795166,20671,20681,10
13.0174198151,80.2604904175,20681,20692,11
13.01679039,80.2600631714,20692,20702,10
13.016289711,80.2597885132,20702,20712,10
13.016169548,80.259727478,20712,20722,10
13.0160198212,80.2596511841,20722,20732,10
13.0155096054,80.2594604492,20732,20742,10
13.0148200989,80.2593383789,20742,20752,10
13.0141201019,80.2593078613,20752,20762,10
13.0133399963,80.2592697144,20762,20772,10
13.0125303268,80.2592468262,20772,20782,10
13.0116701126,80.2592086792,20782,20793,11
13.0107898712,80.2592163086,20793,20803,10
13.0100603104,80.2592391968,20803,20813,10
13.0094995499,80.2592315674,20813,20823,10
13.009059906,80.2592315674,20823,20833,10
13.0087404251,80.259262085,20833,20843,10
13.0082502365,80.2592391968,20843,20853,10
13.0076398849,80.2593917847,20853,20863,10
13.0072698593,80.2589569092,20863,20873,10
13.0071897507,80.2587280273,20873,20883,10
13.0071001053,80.2585220337,20883,20894,11
13.0068998337,80.2582015991,20894,20904,10
13.0066604614,80.2578125,20904,20914,10
13.0065002441,80.2573013306,20914,20924,10
13.0064601898,80.256439209,20924,20934,10
13.0064601898,80.255531311,20934,20944,10
13.0065097809,80.2547531128,20944,20954,10
13.006480217,80.2541427612,20954,20964,10
13.0065002441,80.2538070679,20964,20974,10
13.0064897537,80.2533187866,20974,20984,10
13.0065002441,80.2526473999,20984,20995,11
13.0066404343,80.2519226074,20995,21005,10
13.0067501068,80.2512283325,21005,21015,10
13.0067501068,80.2504272461,21015,21025,10
13.0067396164,80.2495498657,21025,21035,10
13.0066995621,80.2486724854,21035,21045,10
13.006649971,80.2479095459,21045,21055,10
13.0066299438,80.2474975586,21055,21126,71
13.0066299438,80.2474975586,21126,21136,10
13.0066003799,80.2473983765,21136,21146,10
13.0066204071,80.2470092773,21146,21156,10
13.0065498352,80.2466201782,21156,21166,10
13.0065803528,80.2465286255,21166,21176,10
13.0066204071,80.2461395264,21176,21186,10
13.0066204071,80.2454376221,21186,21197,11
13.0066099167,80.2446899414,21197,21207,10
13.0066204071,80.2443695068,21207,21217,10
13.0066099167,80.2437515259,21217,21227,10
13.0065803528,80.2429733276,21227,21237,10
13.0065498352,80.2421417236,21237,21247,10
13.0065803528,80.2413330078,21247,21257,10
13.0066604614,80.2406005859,21257,21267,10
13.0067796707,80.2399902344,21267,21277,10
13.0069503784,80.2391204834,21277,21287,10
13.0071496964,80.2381973267,21287,21298,11
13.007349968,80.2373504639,21298,21308,10
13.0074100494,80.2367706299,21308,21318,10
13.0074300766,80.2366790771,21318,21328,10
13.0075702667,80.2362670898,21328,21338,10
13.0076999664,80.2356262207,21338,21348,10
13.0078802109,80.2347869873,21348,21358,10
13.0080604553,80.23387146,21358,21368,10
13.0082397461,80.232963562,21368,21378,10
13.0084199905,80.2320709229,21378,21388,10
13.0086097717,80.2311401367,21388,21399,11
13.0088195801,80.2300796509,21399,21409,10
13.0090103149,80.2291107178,21409,21419,10
13.0092201233,80.2281570435,21419,21429,10
13.0096197128,80.2272720337,21429,21439,10
13.0100498199,80.2263412476,21439,21449,10
13.0104999542,80.2254104614,21449,21459,10
13.0108699799,80.2246017456,21459,21469,10
13.0111999512,80.2238235474,21469,21479,10
13.0114402771,80.2231216431,21479,21489,10
13.0117397308,80.2223434448,21489,21500,11
13.0120801926,80.2215423584,21500,21510,10
13.012430191,80.2215576172,21510,21520,10
13.0128002167,80.2220687866,21520,21530,10
13.013299942,80.2226333618,21530,21540,10
13.0139703751,80.2232971191,21540,21560,20
13.0139703751,80.2232971191,21560,21570,10
13.0141897202,80.2235412598,21570,21580,10
13.0143299103,80.223739624,21580,21590,10
13.014749527,80.2241973877,21590,21601,11
13.0153102875,80.2248001099,21601,21611,10
13.0154895782,80.224937439,21611,21621,10
13.0155601501,80.2250137329,21621,21631,10
13.0157299042,80.2252120972,21631,21641,10
13.0158996582,80.2253036499,21641,21651,10
13.0163097382,80.2253265381,21651,21661,10
13.016960144,80.225151062,21661,21671,10
13.0177602768,80.224822998,21671,21681,10
13.0186395645,80.2244796753,21681,21691,10
13.0194301605,80.2244033813,21691,21702,11
13.0200300217,80.2247390747,21702,21712,10
13.0205698013,80.2251281738,21712,21722,10
13.0210895538,80.2255401611,21722,21732,10
13.0216398239,80.2259292603,21732,21742,10
13.0219898224,80.2261734009,21742,21752,10
13.0222101212,80.2263565063,21752,21762,10
13.0227298737,80.2268295288,21762,21772,10
13.0234003067,80.2274703979,21772,21782,10
13.0240297318,80.2281265259,21782,21792,10
13.0245599747,80.2287826538,21792,21803,11
13.0250196457,80.2294006348,21803,21813,10
13.0255098343,80.2300491333,21813,21823,10
13.0259103775,80.2308273315,21823,21833,10
13.0261497498,80.2313613892,21833,21843,10
13.0267400742,80.2312011719,21843,21853,10
13.0275096893,80.231010437,21853,21863,10
13.028169632,80.2309112549,21863,21873,10
13.0288295746,80.2308502197,21873,21883,10
13.0294103622,80.2307815552,21883,21893,10
13.0299396515,80.2307434082,21893,21904,11
13.030579567,80.2306900024,21904,21914,10
13.031080246,80.2306594849,21914,21924,10
13.0317602158,80.2305984497,21924,21934,10
13.0324296951,80.2305374146,21934,21944,10
13.0331802368,80.2304916382,21944,21954,10
13.0337200165,80.2304382324,21954,21964,10
13.0341501236,80.2303771973,21964,21984,20
13.0341501236,80.2303771973,21984,21994,10
13.0342998505,80.2303924561,21994,22004,10
13.0345401764,80.2303390503,22004,23237,1233
13.0345401764,80.2303390503,23237,23247,10
13.034819603,80.2302627563,23247,23257,10
13.034910202,80.2302093506,23257,23267,10
13.0350503922,80.2303314209,23267,23277,10
13.0347995758,80.2303085327,23277,23287,10
13.0345897675,80.2303390503,23287,23297,10
13.0343599319,80.2303924561,23297,23307,10
13.0340995789,80.2304229736,23307,23317,10
13.0337896347,80.2304229736,23317,23328,11
13.0334196091,80.2304382324,23328,23338,10
13.0328798294,80.2304763794,23338,23348,10
13.0323801041,80.2305297852,23348,23358,10
13.0317897797,80.2305984497,23358,23368,10
13.031129837,80.2306594849,23368,23378,10
13.0306997299,80.2306976318,23378,23388,10
13.0303401947,80.2307434082,23388,23398,10
13.0299797058,80.2307815552,23398,23408,10
13.0298900604,80.230796814,23408,23418,10
13.0296697617,80.2308273315,23418,23429,11
13.0291996002,80.2308731079,23429,23439,10
13.0286397934,80.2309188843,23439,23449,10
13.0280399323,80.2309875488,23449,23459,10
13.0277500153,80.2310409546,23459,23469,10
13.0276899338,80.2314300537,23469,23479,10
13.0277204514,80.2319793701,23479,23489,10
13.0278196335,80.2324066162,23489,23499,10
13.0278196335,80.2328262329,23499,23509,10
13.027130127,80.2329330444,23509,23550,41
13.027130127,80.2329330444,23550,23560,10
13.0270900726,80.2329406738,23560,23570,10
13.0268096924,80.2329788208,23570,23580,10
13.0264501572,80.2328033447,23580,23590,10
13.0262298584,80.232170105,23590,23600,10
13.0260400772,80.2315216064,23600,23610,10
13.0258598328,80.2308425903,23610,23620,10
13.0254402161,80.2300720215,23620,23631,11
13.0248203278,80.2292480469,23631,23641,10
13.0243797302,80.2287063599,23641,23651,10
13.0240802765,80.2283782959,23651,23661,10
13.024020195,80.2283325195,23661,23671,10
13.0238599777,80.2280731201,23671,23681,10
13.0237598419,80.2279663086,23681,23691,10
13.0235795975,80.2277984619,23691,23701,10
13.0232200623,80.2274169922,23701,23711,10
13.0227098465,80.2269363403,23711,23721,10
13.0222396851,80.2265014648,23721,23732,11
13.0216197968,80.2259979248,23732,23742,10
13.0209503174,80.2254867554,23742,23752,10
13.0203104019,80.2250823975,23752,23762,10
13.0199203491,80.2248382568,23762,23772,10
13.0197601318,80.2247314453,23772,23782,10
13.0193500519,80.2245330811,23782,23792,10
13.0186004639,80.2245788574,23792,23802,10
13.0178098679,80.2248764038,23802,23812,10
13.0170297623,80.2252120972,23812,23822,10
13.0164699554,80.2254486084,23822,23833,11
13.0159797668,80.2256164551,23833,23843,10
13.0154104233,80.2258224487,23843,23853,10
13.0148601532,80.22605896,23853,23863,10
13.0144796371,80.2262115479,23863,23873,10
13.0144300461,80.2262268066,23873,23883,10
13.0143499374,80.2262573242,23883,23893,10
13.01404953,80.2263717651,23893,23903,10
13.0135202408,80.2265777588,23903,23913,10
13.0129203796,80.2267990112,23913,23923,10
13.0123300552,80.2270431519,23923,23934,11
13.0115299225,80.2273483276,23934,23944,10
13.0106296539,80.227722168,23944,23954,10
13.0097999573,80.2280578613,23954,23964,10
13.0091695786,80.2286224365,23964,23974,10
13.0089998245,80.2295227051,23974,23984,10
13.0087995529,80.2305374146,23984,23994,10
13.0086297989,80.2315826416,23994,24004,10
13.0084104538,80.2326126099,24004,24014,10
13.0083198547,80.2332000732,24014,24024,10
13.0083198547,80.2333526611,24024,24035,11
13.0082197189,80.2337417603,24035,24045,10
13.0080900192,80.2342681885,24045,24055,10
13.0079402924,80.234992981,24055,24065,10
13.0077600479,80.2358703613,24065,24075,10
13.0075798035,80.2367706299,24075,24085,10
13.0073699951,80.2377700806,24085,24095,10
13.0072498322,80.2385787964,24095,24105,10
13.0071601868,80.239151001,24105,24115,10
13.0069904327,80.2398681641,24115,24136,21
13.0069904327,80.2398681641,24136,24146,10
13.006939888,80.2401885986,24146,24156,10
13.0068998337,80.2406921387,24156,24166,10
13.0068397522,80.2411727905,24166,24176,10
13.0068101883,80.2417221069,24176,24186,10
13.0067996979,80.2422637939,24186,24196,10
13.0067796707,80.2428512573,24196,24206,10
13.0067396164,80.2434768677,24206,24216,10
13.0067195892,80.2442474365,24216,24226,10
13.0066604614,80.2450637817,24226,24237,11
13.0066995621,80.2456436157,24237,24247,10
13.0067396164,80.2461776733,24247,24257,10
13.006770134,80.246711731,24257,24267,10
13.006770134,80.2471923828,24267,24277,10
13.0067501068,80.2477722168,24277,24287,10
13.006770134,80.2485122681,24287,24297,10
13.0068702698,80.249168396,24297,24307,10
13.0068998337,80.2494812012,24307,24317,10
13.0068998337,80.2496795654,24317,24327,10
13.0068702698,80.25025177,24327,24338,11
13.0068998337,80.2509994507,24338,24348,10
13.006819725,80.2517623901,24348,24358,10
13.006649971,80.252571106,24358,24368,10
13.0066404343,80.2535018921,24368,24378,10
13.0066604614,80.2544174194,24378,24388,10
13.0066795349,80.2552871704,24388,24398,10
13.0066900253,80.2563323975,24398,24408,10
13.0067596436,80.2573165894,24408,24479,71
13.0067596436,80.2573165894,24479,24489,10
13.006770134,80.2574996948,24489,24499,10
13.0069999695,80.2579421997,24499,24509,10
13.0073604584,80.258430481,24509,24519,10
13.0077199936,80.2586364746,24519,24529,10
13.0078201294,80.2587127686,24529,24540,11
13.0083799362,80.2589492798,24540,24550,10
13.0092601776,80.2591094971,24550,24560,10
13.0102701187,80.2591171265,24560,24570,10
13.0112800598,80.2591094971,24570,24580,10
13.0122203827,80.2591094971,24580,24590,10
13.0131902695,80.2591400146,24590,24600,10
13.014169693,80.2591781616,24600,24610,10
13.0151596069,80.2592315674,24610,24620,10
13.0160503387,80.2594985962,24620,24630,10
13.0166101456,80.2598419189,24630,24641,11
13.0167598724,80.2599563599,24641,24651,10
13.0172700882,80.2602996826,24651,24661,10
13.017950058,80.2607574463,24661,24671,10
13.0185804367,80.2611999512,24671,24681,10
13.0191001892,80.2616271973,24681,24691,10
13.0195198059,80.2620162964,24691,24701,10
13.0199699402,80.2624664307,24701,24711,10
13.0202302933,80.2626266479,24711,24721,10
13.0203895569,80.2627182007,24721,24731,10
13.0209197998,80.2629013062,24731,24742,11
13.0216398239,80.2631378174,24742,24752,10
13.0220603943,80.2633590698,24752,24762,10
13.0223903656,80.2635498047,24762,24772,10
13.022939682,80.2638397217,24772,24782,10
13.0234603882,80.2641677856,24782,24792,10
13.0239696503,80.2644195557,24792,24802,10
13.0244998932,80.2647628784,24802,24812,10
13.0249795914,80.26512146,24812,24822,10
13.0254802704,80.2654571533,24822,24832,10
13.0260601044,80.2658233643,24832,24842,10
13.0263395309,80.2657623291,24842,24853,11
13.02643013,80.2651977539,24853,24863,10
13.0265197754,80.2645568848,24863,24873,10
13.026599884,80.2641372681,24873,24883,10
13.0265598297,80.2640304565,24883,24893,10
13.0266599655,80.2636795044,24893,24903,10
13.02684021,80.263458252,24903,24913,10
13.0273399353,80.2635574341,24913,24923,10
13.0277700424,80.2636795044,24923,24933,10
13.0282897949,80.2638092041,24933,24943,10
13.0288496017,80.2639694214,24943,24954,11
13.0292596817,80.264213562,24954,24964,10
13.0293397903,80.2645568848,24964,24974,10
13.0293302536,80.265083313,24974,24984,10
13.029299736,80.2657318115,24984,24994,10
13.0292396545,80.2663116455,24994,25004,10
13.0294103622,80.2665176392,25004,25014,10
13.0299196243,80.2666091919,25014,25024,10
13.0305099487,80.2667312622,25024,25034,10
13.0312595367,80.2669219971,25034,25045,11
13.0320396423,80.2672424316,25045,25055,10
13.0325202942,80.2674865723,25055,25065,10
13.0329303741,80.2677001953,25065,25075,10
13.033249855,80.2677764893,25075,25085,10
13.0333795547,80.2678222656,25085,25095,10
13.0335798264,80.267868042,25095,25105,10
13.0340995789,80.2679672241,25105,25115,10
13.0344400406,80.2679977417,25115,25125,10
13.0344800949,80.2679977417,25125,25135,10
13.0345697403,80.268157959,25135,25145,10
13.0344696045,80.2681732178,25145,25156,11
13.0343103409,80.2680587769,25156,25166,10
13.0338697433,80.2679519653,25166,25176,10
13.0335502625,80.267906189,25176,25590,414
13.0335502625,80.267906189,25590,25600,10
13.0332803726,80.2677688599,25600,25610,10
13.0330095291,80.2677230835,25610,25620,10
13.0328197479,80.2676696777,25620,25630,10
13.0326700211,80.2675628662,25630,25640,10
13.032409668,80.2674102783,25640,25650,10
13.0318403244,80.2671508789,25650,25661,11
13.0311203003,80.2668685913,25661,25671,10
13.0305204391,80.2667388916,25671,25681,10
13.029999733,80.2666625977,25681,25691,10
13.0297498703,80.2666320801,25691,25701,10
13.0293798447,80.2665634155,25701,25711,10
13.0290603638,80.2664031982,25711,25721,10
13.0284996033,80.2662963867,25721,25731,10
13.0278396606,80.266166687,25731,25741,10
13.0272302628,80.2660598755,25741,25751,10
13.0266599655,80.2659988403,25751,25762,11
13.0260601044,80.2657775879,25762,25772,10
13.02546978,80.2654266357,25772,25782,10
13.0253295898,80.2653503418,25782,25792,10
13.0252304077,80.2652664185,25792,25802,10
13.024889946,80.2649917603,25802,25812,10
13.0244903564,80.2647171021,25812,25822,10
13.0238800049,80.2643203735,25822,25832,10
13.0234298706,80.2640686035,25832,25842,10
13.0227804184,80.2637176514,25842,25852,10
13.0222997665,80.2634811401,25852,25863,11
13.022190094,80.2634277344,25863,25873,10
13.0219402313,80.2633132935,25873,25883,10
13.0214300156,80.2630996704,25883,25893,10
13.0205602646,80.2630233765,25893,25903,10
13.02023983,80.2630233765,25903,25913,10
13.0197296143,80.2629470825,25913,25923,10
13.0191497803,80.2628707886,25923,25933,10
13.0189399719,80.262298584,25933,25943,10
13.0188102722,80.2614822388,25943,25953,10
13.0183200836,80.2610321045,25953,25964,11
13.017539978,80.2605133057,25964,25974,10
13.0167102814,80.2599716187,25974,25984,10
13.0161895752,80.2597198486,25984,25994,10
13.0161304474,80.2596893311,25994,26004,10
13.0157003403,80.2595062256,26004,26014,10
13.014960289,80.2593231201,26014,26024,10
13.0140600204,80.2592926025,26024,26034,10
13.0129899979,80.2592697144,26034,26044,10
13.0118999481,80.2592163086,26044,26054,10
13.0108699799,80.2592010498,26054,26065,11
13.0098400116,80.2592391968,26065,26075,10
13.0090999603,80.2591705322,26075,26085,10
13.0087404251,80.2591781616,26085,26095,10
13.0084695816,80.2591781616,26095,26105,10
13.0078897476,80.2592773438,26105,26115,10
13.007399559,80.2592086792,26115,26125,10
13.0072202682,80.2587738037,26125,26135,10
13.0071802139,80.2586364746,26135,26145,10
13.0069303513,80.2582168579,26145,26155,10
13.0065803528,80.2577667236,26155,26206,51
13.0065803528,80.2577667236,26206,26216,10
13.0065097809,80.2574691772,26216,26226,10
13.0064897537,80.256942749,26226,26235,9
13.0065097809,80.2562179565,26235,26246,11
13.0065097809,80.2553405762,26246,26256,10
13.006529808,80.2545013428,26256,26267,11
13.006529808,80.253692627,26267,26277,10
13.006529808,80.2532196045,26277,26287,10
13.0065402985,80.253036499,26287,26297,10
13.0065698624,80.2523269653,26297,26337,40
13.0065698624,80.2523269653,26337,26347,10
13.0066204071,80.2519226074,26347,26357,10
13.0067396164,80.2512969971,26357,26368,11
13.0067796707,80.2502975464,26368,26378,10
13.0067996979,80.2495574951,26378,26388,10
13.0067195892,80.2486419678,26388,26398,10
13.0066404343,80.2476119995,26398,26458,60
13.0066404343,80.2476119995,26458,26469,11
13.0066404343,80.2474822998,26469,26479,10
13.006649971,80.2470169067,26479,26489,10
13.0066003799,80.2465591431,26489,26499,10
13.0066099167,80.2464599609,26499,26509,10
13.0066604614,80.2462005615,26509,26519,10
13.0066404343,80.2454986572,26519,26529,10
13.0066299438,80.2446899414,26529,26539,10
13.0066299438,80.2439193726,26539,26549,10
13.0066204071,80.2434463501,26549,26559,10
13.0065803528,80.2426834106,26559,26570,11
13.0065698624,80.2417221069,26570,26580,10
13.0065803528,80.2415008545,26580,26590,10
13.006649971,80.2408828735,26590,26600,10
13.0067996979,80.2400512695,26600,26610,10
13.0069904327,80.2390289307,26610,26620,10
13.0072097778,80.2380065918,26620,26630,10
13.0073900223,80.2370986938,26630,26640,10
13.0074100494,80.2368164063,26640,26650,10
13.0074396133,80.2367019653,26650,26660,10
13.0075798035,80.2361907959,26660,26671,11
13.0077600479,80.2353134155,26671,26681,10
13.0079298019,80.2344512939,26681,26691,10
13.0081596375,80.2333374023,26691,26701,10
13.0083799362,80.2322311401,26701,26711,10
13.0085897446,80.2311401367,26711,26721,10
13.0088100433,80.2300415039,26721,26731,10
13.0090398788,80.2288589478,26731,26741,10
13.0093603134,80.2277603149,26741,26751,10
13.0098695755,80.226600647,26751,26761,10
13.0104103088,80.2255325317,26761,26772,11
13.0109100342,80.2245025635,26772,26782,10
13.011349678,80.2234268188,26782,26792,10
13.0116996765,80.2225418091,26792,26802,10
13.0120401382,80.2216415405,26802,26812,10
13.0124197006,80.2215576172,26812,26822,10
13.0127696991,80.2220611572,26822,26832,10
13.0133304596,80.2226715088,26832,26842,10
13.0139303207,80.2233200073,26842,26852,10
13.01445961,80.2240066528,26852,26862,10
13.0150499344,80.2245864868,26862,26873,11
13.0154800415,80.224937439,26873,26883,10
13.0155496597,80.2249832153,26883,26893,10
13.0156602859,80.2250595093,26893,26903,10
13.0161104202,80.2253265381,26903,26913,10
13.0170097351,80.2251281738,26913,26923,10
13.0180997849,80.2247009277,26923,26932,9
13.0190401077,80.224357605,26932,26943,11
13.0197696686,80.2245407104,26943,26953,10
13.0203800201,80.2249832153,26953,26963,10
13.0210800171,80.2254867554,26963,26974,11
13.0218400955,80.2260513306,26974,26984,10
13.0219497681,80.2261428833,26984,26994,10
13.0221099854,80.2263183594,26994,27004,10
13.0226202011,80.2267913818,27004,27014,10
13.0233001709,80.2273864746,27014,27025,11
13.0240097046,80.2280731201,27025,27035,10
13.0246400833,80.2288970947,27035,27045,10
13.0252103806,80.2296600342,27045,27055,10
13.0257797241,80.2304763794,27055,27065,10
13.0260000229,80.231048584,27065,27076,11
13.0263299942,80.2313308716,27076,27086,10
13.0270996094,80.2311325073,27086,27096,10
13.027879715,80.2309799194,27096,27106,10
13.0285100937,80.2309188843,27106,27116,10
13.0286798477,80.2309036255,27116,27126,10
13.0292797089,80.2308502197,27126,27136,10
13.0298500061,80.2307891846,27136,27146,10
13.030579567,80.2307434082,27146,27156,10
13.0306997299,80.23072052,27156,27166,10
13.0310497284,80.2306900024,27166,27177,11
13.0317697525,80.2306365967,27177,27187,10
13.0325202942,80.2305603027,27187,27197,10
13.0333003998,80.2304992676,27197,27207,10
13.0340499878,80.2304534912,27207,27217,10
13.0341596603,80.2304382324,27217,27227,10
13.0342302322,80.2304077148,27227,27237,10
13.0344200134,80.2303771973,27237,27247,10
13.0346298218,80.2303390503,27247,27267,20
13.0346298218,80.2303390503,27267,27278,11
13.0349197388,80.2302093506,27278,27288,10
13.0347795486,80.2300033569,27288,27298,10
13.0345401764,80.2300491333,27298,27439,141
13.0343904495,80.2301177979,27439,28681,1242
13.0343904495,80.2301177979,28681,28691,10
13.0341396332,80.2301483154,28691,28702,11
13.034119606,80.2303237915,28702,28712,10
13.0340595245,80.2304229736,28712,28722,10
13.0337696075,80.2304229736,28722,28732,10
13.0335597992,80.2304382324,28732,28742,10
13.0334396362,80.2304382324,28742,28752,10
13.0329704285,80.2304916382,28752,28762,10
13.0324802399,80.2305526733,28762,28772,10
13.0319404602,80.2306137085,28772,28782,10
13.0314302444,80.2306594849,28782,28792,10
13.0309400558,80.2306976318,28792,28803,11
13.0305500031,80.2307434082,28803,28813,10
13.0301198959,80.2307891846,28813,28823,10
13.0298404694,80.2308273315,28823,28833,10
13.0298299789,80.2308273315,28833,28843,10
13.0297403336,80.2308425903,28843,28853,10
13.0294103622,80.2308807373,28853,28863,10
13.028840065,80.2309188843,28863,28873,10
13.0282497406,80.2309799194,28873,28883,10
13.0277795792,80.231048584,28883,28893,10
13.0277004242,80.2313766479,28893,28904,11
13.027759552,80.2319107056,28904,28914,10
13.0278501511,80.2324829102,28914,28924,10
13.0277395248,80.2328262329,28924,28934,10
13.0271596909,80.2329101563,28934,28944,10
13.0267801285,80.2329711914,28944,28954,10
13.0264501572,80.2328720093,28954,28964,10
13.0262804031,80.2324981689,28964,28974,10
13.0260095596,80.2315597534,28974,28994,20
13.0260095596,80.2315597534,28994,29005,11
13.0259199142,80.2312393188,29005,29015,10
13.0256795883,80.2305831909,29015,29025,10
13.0251703262,80.2297592163,29025,29035,10
13.0246295929,80.2290725708,29035,29045,10
13.024020195,80.2283401489,29045,29065,20
13.024020195,80.2283401489,29065,29075,10
13.0238304138,80.2281112671,29075,29085,10
13.0235795975,80.2278366089,29085,29095,10
13.0233001709,80.2275466919,29095,29106,11
13.0228595734,80.2270965576,29106,29116,10
13.0224599838,80.2267074585,29116,29126,10
13.0219802856,80.2263183594,29126,29136,10
13.0214500427,80.2258987427,29136,29146,10
13.0208997726,80.225479126,29146,29156,10
13.0203104019,80.2250671387,29156,29166,10
13.0197496414,80.2247009277,29166,29176,10
13.0190401077,80.2245101929,29176,29186,10
13.0183000565,80.2247314453,29186,29196,10
13.0175600052,80.2250213623,29196,29207,11
13.0167798996,80.2253417969,29207,29217,10
13.0161800385,80.2255706787,29217,29227,10
13.0155897141,80.2257614136,29227,29237,10
13.0151100159,80.2259597778,29237,29247,10
13.0148200989,80.2260894775,29247,29257,10
13.0143604279,80.2262802124,29257,29277,20
13.0143604279,80.2262802124,29277,29287,10
13.014169693,80.2263412476,29287,29297,10
13.0137500763,80.2265014648,29297,29307,10
13.0132598877,80.2266769409,29307,29318,11
13.0126695633,80.2269134521,29318,29328,10
13.012049675,80.2271499634,29328,29338,10
13.0113897324,80.2274169922,29338,29348,10
13.0107297897,80.2276916504,29348,29358,10
13.0100603104,80.2279586792,29358,29368,10
13.0093803406,80.2282791138,29368,29378,10
13.0090904236,80.2289505005,29378,29388,10
13.0089302063,80.2297821045,29388,29398,10
13.0087604523,80.230682373,29398,29408,10
13.008600235,80.2314910889,29408,29419,11
13.0084104538,80.2324295044,29419,29429,10
13.0082597733,80.2334976196,29429,29449,20
13.0082597733,80.2334976196,29449,29459,10
13.0082101822,80.2336273193,29459,29469,10
13.0081100464,80.2340393066,29469,29479,10
13.0079803467,80.2346725464,29479,29489,10
13.0078496933,80.2353515625,29489,29499,10
13.0076999664,80.2360534668,29499,29509,10
13.0075302124,80.2369003296,29509,29520,11
13.007349968,80.2378463745,29520,29530,10
13.0072202682,80.2385787964,29530,29540,10
13.0071001053,80.2392196655,29540,29550,10
13.0069799423,80.2398376465,29550,29560,10
13.0068597794,80.2407073975,29560,29580,20
13.0068597794,80.2407073975,29580,29590,10
13.0068502426,80.2409362793,29590,29600,10
13.0067901611,80.2413406372,29600,29610,10
13.0067501068,80.2420806885,29610,29621,11
13.0067195892,80.2429122925,29621,29631,10
13.0066900253,80.2437286377,29631,29641,10
13.0066795349,80.2446136475,29641,29651,10
13.0066900253,80.2451095581,29651,29661,10
13.0066995621,80.2454376221,29661,29671,10
13.0067195892,80.245880127,29671,29681,10
13.0067300797,80.246383667,29681,29691,10
13.0067396164,80.2470016479,29691,29701,10
13.0066995621,80.2476882935,29701,29711,10
13.0067396164,80.2484512329,29711,29722,11
13.0068702698,80.2495193481,29722,29742,20
13.0068702698,80.2495193481,29742,29752,10
13.0068597794,80.24974823,29752,29762,10
13.0068397522,80.2502593994,29762,29772,10
13.006819725,80.2508010864,29772,29782,10
13.0068302155,80.2509002686,29782,29792,10
13.0068502426,80.251121521,29792,29802,10
13.0067796707,80.2515411377,29802,29812,10
13.0066299438,80.2521896362,29812,29823,11
13.0065603256,80.2530517578,29823,29833,10
13.0065603256,80.2538604736,29833,29843,10
13.0066003799,80.2546386719,29843,29853,10
13.0066099167,80.2554397583,29853,29863,10
13.0066299438,80.2564086914,29863,29873,10
13.0066795349,80.2571792603,29873,29934,61
13.0066795349,80.2571792603,29934,29944,10
13.0066900253,80.2574996948,29944,29954,10
13.006939888,80.2580718994,29954,29964,10
13.0076704025,80.2586593628,29964,29984,20
13.0076704025,80.2586593628,29984,29994,10
13.0080003738,80.2588195801,29994,30004,10
13.0085601807,80.2590103149,30004,30014,10
13.0089197159,80.2590713501,30014,30025,11
13.0094499588,80.2590789795,30025,30035,10
13.0102701187,80.2590789795,30035,30045,10
13.0111398697,80.2590637207,30045,30055,10
13.0120296478,80.2590713501,30055,30065,10
13.0129098892,80.2591094971,30065,30075,10
13.013879776,80.259147644,30075,30085,10
13.014840126,80.2591781616,30085,30095,10
13.0157403946,80.2593231201,30095,30105,10
13.0164699554,80.2597122192,30105,30136,31
13.0164699554,80.2597122192,30136,30146,10
13.0165300369,80.2597732544,30146,30156,10
13.0166797638,80.2598876953,30156,30166,10
13.0167198181,80.2599182129,30166,30176,10
13.0169801712,80.2601013184,30176,30186,10
13.0174598694,80.2604217529,30186,30196,10
13.0180397034,80.2608337402,30196,30206,10
13.0185804367,80.2611999512,30206,30216,10
13.0189504623,80.2615127563,30216,30226,10
13.0192899704,80.2618026733,30226,30237,11
13.0196800232,80.2621765137,30237,30247,10
13.0201101303,80.2625579834,30247,30257,10
13.0201501846,80.262588501,30257,30267,10
13.0202703476,80.2626876831,30267,30277,10
13.0207300186,80.2628631592,30277,30287,10
13.021320343,80.2630386353,30287,30297,10
13.0219402313,80.2632904053,30297,30307,10
13.0222396851,80.2634429932,30307,30317,10
13.022939682,80.2638168335,30317,30338,21
13.022939682,80.2638168335,30338,30348,10
13.0231199265,80.263961792,30348,30358,10
13.0235795975,80.264213562,30358,30368,10
13.0242004395,80.2645263672,30368,30378,10
13.0247898102,80.2649688721,30378,30388,10
13.0252799988,80.2653427124,30388,30398,10
13.0258197784,80.2657012939,30398,30408,10
13.0261802673,80.26587677,30408,30418,10
13.0263204575,80.2656936646,30418,30428,10
13.0263700485,80.265083313,30428,30439,11
13.0264997482,80.2640686035,30439,30459,20
13.0264997482,80.2640686035,30459,30469,10
13.0265598297,80.2637786865,30469,30479,10
13.0266799927,80.2634277344,30479,30489,10
13.0271596909,80.2634735107,30489,30499,10
13.0278902054,80.2636489868,30499,30509,10
13.0283203125,80.2637786865,30509,30519,10
13.0285596848,80.2638397217,30519,30529,10
13.0290899277,80.2639770508,30529,30540,11
13.0292901993,80.2643432617,30540,30550,10
13.0292901993,80.2649765015,30550,30560,10
13.0292797089,80.2657775879,30560,30570,10
13.0292701721,80.2659988403,30570,30580,10
13.0292196274,80.2662582397,30580,30590,10
13.0293998718,80.2665634155,30590,30600,10
13.0298900604,80.2666320801,30600,30610,10
13.0306596756,80.266708374,30610,30620,10
13.0313997269,80.2669296265,30620,30630,10
13.0320901871,80.2672119141,30630,30641,11
13.0325202942,80.2674179077,30641,30651,10
13.0326499939,80.2675323486,30651,30661,10
13.0333204269,80.2677536011,30661,30701,40
13.0333204269,80.2677536011,30701,30711,10
13.0334997177,80.267868042,30711,30721,10
13.0337896347,80.2678985596,30721,30731,10
13.0338001251,80.2678985596,30731,30742,11
13.0340595245,80.2679290771,30742,30752,10
13.0345897675,80.2679977417,30752,30772,20
13.0345897675,80.2679977417,30772,30782,10
13.0344800949,80.2681274414,30782,30792,10
13.0344104767,80.2680587769,30792,30802,10
13.0341796875,80.2679977417,30802,30812,10
13.0338697433,80.2679367065,30812,30822,10
13.0334796906,80.2678527832,30822,31398,576
13.0334796906,80.2678527832,31398,31408,10
13.0331096649,80.2677307129,31408,31418,10
13.0329198837,80.2677001953,31418,31428,10
13.0327301025,80.2676086426,31428,31438,10
13.0325698853,80.2674713135,31438,31448,10
13.0323495865,80.2673797607,31448,31459,11
13.0319004059,80.2671508789,31459,31469,10
13.0314702988,80.2669677734,31469,31479,10
13.0310096741,80.2668609619,31479,31489,10
13.0305099487,80.2667617798,31489,31499,10
13.0299396515,80.2666625977,31499,31518,19
13.0299396515,80.2666625977,31518,31529,11
13.0295200348,80.2665786743,31529,31539,10
13.0292797089,80.2665100098,31539,31549,10
13.0288496017,80.2663497925,31549,31560,11
13.0283403397,80.2662506104,31560,31570,10
13.0277996063,80.2661895752,31570,31580,10
13.0273895264,80.2661209106,31580,31590,10
13.026889801,80.2660369873,31590,31600,10
13.0264101028,80.2659683228,31600,31630,30
13.0262699127,80.2660522461,31630,31661,31
13.0262699127,80.2660522461,31661,31671,10
13.0261297226,80.2659072876,31671,31681,10
13.0257396698,80.2656478882,31681,31691,10
13.0253095627,80.2653808594,31691,31701,10
13.025270462,80.2653503418,31701,31711,10
13.0251903534,80.2652816772,31711,31721,10
13.0249099731,80.2649917603,31721,31731,10
13.0245199203,80.2647094727,31731,31741,10
13.0240097046,80.2643890381,31741,31751,10
13.0235004425,80.2641296387,31751,31762,11
13.0228900909,80.2638092041,31762,31772,10
13.022359848,80.2635498047,31772,31782,10
13.0221996307,80.2634277344,31782,31792,10
13.0221099854,80.2633666992,31792,31802,10
13.0218896866,80.2632827759,31802,31812,10
13.021320343,80.263092041,31812,31822,10
13.0205001831,80.2630310059,31822,31832,10
13.0197696686,80.2629623413,31832,31842,10
13.0191497803,80.262878418,31842,31852,10
13.0189199448,80.2624435425,31852,31863,11
13.0187797546,80.2616271973,31863,31873,10
13.0183897018,80.261100769,31873,31883,10
13.0177602768,80.2607116699,31883,31893,10
13.0171003342,80.2602615356,31893,31903,10
13.0161504745,80.2597122192,31903,31923,20
13.0161504745,80.2597122192,31923,31933,10
13.0160303116,80.2596588135,31933,31943,10
13.0156602859,80.2594909668,31943,31953,10
13.0150499344,80.2593536377,31953,31964,11
13.0141897202,80.2593002319,31964,31974,10
13.0133304596,80.259262085,31974,31984,10
13.0124597549,80.2592163086,31984,31994,10
13.0116195679,80.2591934204,31994,32004,10
13.0108098984,80.2591781616,32004,32014,10
13.0100698471,80.2592391968,32014,32024,10
13.0100097656,80.2592391968,32024,32034,10
13.0096197128,80.2592391968,32034,32044,10
13.0090999603,80.2592391968,32044,32054,10
13.0088195801,80.2592315674,32054,32064,10
13.0084104538,80.2591781616,32064,32075,11
13.0077104568,80.2593383789,32075,32085,10
13.0073204041,80.2589797974,32085,32095,10
13.007229805,80.2587585449,32095,32105,10
13.0072002411,80.2586975098,32105,32115,10
13.0070295334,80.2583389282,32115,32125,10
13.0066003799,80.2577362061,32125,32145,20
13.0066003799,80.2577362061,32145,32155,10
13.0065002441,80.2576217651,32155,32165,10
13.0064897537,80.2571792603,32165,32176,11
13.0064401627,80.2566299438,32176,32186,10
13.0064601898,80.2558822632,32186,32196,10
13.0065202713,80.2551727295,32196,32206,10
13.0065202713,80.2544021606,32206,32215,9
13.0064897537,80.2532577515,32215,32236,21
13.0064897537,80.2532577515,32236,32246,10
13.006480217,80.2530822754,32246,32256,10
13.0064897537,80.2528991699,32256,32266,10
13.0065002441,80.2525405884,32266,32277,11
13.0065803528,80.2520675659,32277,32297,20
13.0065803528,80.2520675659,32297,32307,10
13.0066204071,80.251991272,32307,32317,10
13.0067195892,80.2515335083,32317,32327,10
13.0067596436,80.2509231567,32327,32337,10
13.0067396164,80.2504196167,32337,32347,10
13.0067396164,80.250038147,32347,32357,10
13.0067396164,80.2497329712,32357,32367,10
13.0067501068,80.2497024536,32367,32378,11
13.0067396164,80.249458313,32378,32509,131
13.0067396164,80.249458313,32509,32519,10
13.0067996979,80.2490005493,32519,32529,10
13.0067300797,80.2485198975,32529,32670,141
13.0067300797,80.2485198975,32670,32681,11
13.0066795349,80.2483901978,32681,32691,10
13.0066404343,80.2480773926,32691,32701,10
13.0066204071,80.2475814819,32701,32711,10
13.0066404343,80.2469863892,32711,32721,10
13.0065803528,80.2465667725,32721,32731,10
13.0065898895,80.2465362549,32731,32741,10
13.0066003799,80.2464981079,32741,32751,10
13.0066204071,80.2460784912,32751,32761,10
13.0066204071,80.2454910278,32761,32771,10
13.0065898895,80.2451019287,32771,32781,10
13.0065803528,80.2448806763,32781,32792,11
13.0065803528,80.2444992065,32792,32802,10
13.0065898895,80.2441635132,32802,32812,10
13.0066099167,80.2436828613,32812,32822,10
13.0065803528,80.2430877686,32822,32832,10
13.0065402985,80.242401123,32832,32842,10
13.0065402985,80.2417907715,32842,32852,10
13.0065402985,80.2417373657,32852,32862,10
13.0065803528,80.2413787842,32862,32872,10
13.0066204071,80.240852356,32872,32882,10
13.0066604614,80.2405700684,32882,32893,11
13.0067100525,80.2401199341,32893,32903,10
13.0068397522,80.239440918,32903,32913,10
13.0070295334,80.2385177612,32913,32923,10
13.0072097778,80.23777771,32923,32933,10
13.0073604584,80.2370605469,32933,32943,10
13.007399559,80.236656189,32943,32953,10
13.0074195862,80.2366333008,32953,32963,10
13.0075397491,80.2362136841,32963,32973,10
13.0076799393,80.2355422974,32973,32983,10
13.0078401566,80.2347488403,32983,32994,11
13.0080499649,80.2337417603,32994,33004,10
13.0082702637,80.2326278687,33004,33014,10
13.0085000992,80.2314605713,33014,33024,10
13.0087099075,80.2304077148,33024,33033,9
13.0089502335,80.2292327881,33033,33044,11
13.0092096329,80.2280883789,33044,33054,10
13.00963974,80.2271499634,33054,33064,10
13.0100603104,80.2262496948,33064,33074,10
13.0103797913,80.2255783081,33074,33084,10
13.0106201172,80.2250976563,33084,33095,11
13.0108003616,80.2246627808,33095,33105,10
13.011059761,80.2240371704,33105,33115,10
13.0113401413,80.2233428955,33115,33125,10
13.0116195679,80.2227020264,33125,33135,10
13.0118198395,80.2219467163,33135,33145,10
13.0121498108,80.2214279175,33145,33155,10
13.0123796463,80.2215499878,33155,33165,10
13.0126800537,80.2220230103,33165,33175,10
13.0129699707,80.2224197388,33175,33185,10
13.0134000778,80.2227783203,33185,33196,11
13.013879776,80.2232589722,33196,33206,10
13.0140695572,80.2233810425,33206,33216,10
13.0142498016,80.2235717773,33216,33226,10
13.0144901276,80.2238922119,33226,33236,10
13.0147895813,80.224319458,33236,33246,10
13.0155200958,80.2249984741,33246,33266,20
13.0155200958,80.2249984741,33266,33276,10
13.0156297684,80.2250823975,33276,33286,10
13.0159797668,80.2253036499,33286,33297,11
13.016699791,80.225227356,33297,33307,10
13.0174598694,80.2249298096,33307,33317,10
13.018239975,80.2246170044,33317,33327,10
13.0189695358,80.2243499756,33327,33337,10
13.0194702148,80.2243804932,33337,33347,10
13.0195102692,80.2244186401,33347,33357,10
13.0197095871,80.2245407104,33357,33367,10
13.0200004578,80.2247390747,33367,33377,10
13.0203895569,80.2250213623,33377,33387,10
13.0207500458,80.2252883911,33387,33398,11
13.0211400986,80.2255935669,33398,33408,10
13.021490097,80.2258300781,33408,33418,10
13.021900177,80.2261199951,33418,33438,20
13.021900177,80.2261199951,33438,33448,10
13.0220499039,80.2262268066,33448,33458,10
13.0222797394,80.2264328003,33458,33468,10
13.0223903656,80.2265014648,33468,33478,10
13.0225696564,80.2266693115,33478,33488,10
13.0226602554,80.2267608643,33488,33499,11
13.0227499008,80.2268676758,33499,33509,10
13.0229196548,80.2270126343,33509,33519,10
13.0230398178,80.2271575928,33519,33539,20
13.0230398178,80.2271575928,33539,33549,10
13.0233201981,80.2274169922,33549,33559,10
13.0234804153,80.2275619507,33559,33569,10
13.0236701965,80.227722168,33569,33610,41
13.0236701965,80.227722168,33610,33620,10
13.0237998962,80.2278137207,33620,33630,10
13.0239400864,80.2279586792,33630,33640,10
13.0241098404,80.2281036377,33640,33650,10
13.0241298676,80.2281112671,33650,33660,10
13.0242795944,80.2283401489,33660,33670,10
13.0244903564,80.2286529541,33670,33680,10
13.0246295929,80.2288589478,33680,33690,10
13.0247497559,80.2290267944,33690,33700,10
13.0249795914,80.229347229,33700,33711,11
13.0255002975,80.2300033569,33711,33781,70
13.0255002975,80.2300033569,33781,33791,10
13.0256996155,80.2303390503,33791,33801,10
13.0258197784,80.2305526733,33801,33812,11
13.0259599686,80.2308807373,33812,33822,10
13.026049614,80.2312316895,33822,33832,10
13.0264501572,80.231300354,33832,33842,10
13.0272302628,80.2310791016,33842,33852,10
13.0284795761,80.2309188843,33852,33872,20
13.0284795761,80.2309188843,33872,33882,10
13.028960228,80.2308807373,33882,33892,10
13.0291500092,80.2308502197,33892,33902,10
13.0291996002,80.2308425903,33902,33913,11
13.0295801163,80.2308197021,33913,33923,10
13.0300502777,80.2307662964,33923,33933,10
13.0305299759,80.2307434082,33933,33963,30
13.0305299759,80.2307434082,33963,33973,10
13.0307197571,80.2307434082,33973,33983,10
13.0307703018,80.2307281494,33983,33993,10
13.0312299728,80.230682373,33993,34003,10
13.0318899155,80.2306213379,34003,34014,11
13.0328502655,80.2305297852,34014,34024,10
13.0336999893,80.2304763794,34024,34034,10
13.0343704224,80.2304000854,34034,34044,10
13.0348501205,80.2302398682,34044,34084,40
13.0348501205,80.2302398682,34084,34094,10
13.0350198746,80.2300872803,34094,34104,10
13.0351295471,80.2298431396,34104,34115,11
13.0344400406,80.2297134399,34115,34175,60
13.0344400406,80.2297134399,34175,34185,10
13.0341596603,80.230140686,34185,34438,253
13.0341596603,80.230140686,34438,34448,10
13.0341596603,80.2303695679,34448,34478,30
13.0341596603,80.2303695679,34478,34488,10
13.0340795517,80.2304534912,34488,34498,10
13.033780098,80.23046875,34498,34508,10
13.0331401825,80.230506897,34508,34518,10
13.0324602127,80.2305679321,34518,34529,11
13.0317296982,80.2306518555,34529,34539,10
13.031129837,80.2307128906,34539,34549,10
13.0310297012,80.2307281494,34549,34559,10
13.0307397842,80.2307662964,34559,34569,10
13.0299396515,80.2308578491,34569,34589,20
13.0298099518,80.2308731079,34589,34619,30
13.0298099518,80.2308731079,34619,34630,11
13.0296001434,80.2308731079,34630,34640,10
13.0291795731,80.2309417725,34640,34650,10
13.0286502838,80.2310028076,34650,34660,10
13.0280399323,80.2310180664,34660,34670,10
13.0278100967,80.2312698364,34670,34679,9
13.0278396606,80.2317276001,34679,34690,11
13.0279302597,80.2323913574,34690,34700,10
13.0278196335,80.2327804565,34700,34710,10
13.0274600983,80.2328720093,34710,34801,91
13.0274600983,80.2328720093,34801,34811,10
13.027130127,80.2329788208,34811,34821,10
13.0270900726,80.2329864502,34821,34832,11
13.02684021,80.2330093384,34832,34842,10
13.0265102386,80.2329788208,34842,34852,10
13.0263500214,80.2327728271,34852,34862,10
13.0263395309,80.2327194214,34862,34872,10
13.026309967,80.2324829102,34872,34882,10
13.0262098312,80.2321014404,34882,34892,10
13.0261001587,80.2317199707,34892,34902,10
13.0259799957,80.2311172485,34902,34912,10
13.0256204605,80.2303237915,34912,34922,10
13.0251197815,80.2296066284,34922,34933,11
13.0246295929,80.2289733887,34933,34943,10
13.024020195,80.2282562256,34943,34963,20
13.024020195,80.2282562256,34963,34973,10
13.0239295959,80.2281723022,34973,34983,10
13.0236797333,80.2278671265,34983,34993,10
13.0232601166,80.2274475098,34993,35003,10
13.022769928,80.2270126343,35003,35013,10
13.0221595764,80.2264480591,35013,35023,10
13.0214595795,80.2258834839,35023,35034,11
13.0207395554,80.2253417969,35034,35044,10
13.0200004578,80.2248535156,35044,35054,10
13.0190401077,80.2245025635,35054,35064,10
13.0179595947,80.2248306274,35064,35074,10
13.016960144,80.2252731323,35074,35084,10
13.0163497925,80.2255096436,35084,35094,10
13.015879631,80.2256774902,35094,35104,10
13.0152301788,80.2259292603,35104,35114,10
13.0146398544,80.2261734009,35114,35124,10
13.0142202377,80.2263565063,35124,35134,10
13.0136995316,80.2265701294,35134,35155,21
13.0136995316,80.2265701294,35155,35165,10
13.0134496689,80.2266311646,35165,35175,10
13.0129003525,80.2268371582,35175,35185,10
13.0121898651,80.2271118164,35185,35195,10
13.0113601685,80.2274475098,35195,35205,10
13.0104999542,80.2277832031,35205,35215,10
13.0097198486,80.2281188965,35215,35225,10
13.009180069,80.2286834717,35225,35236,11
13.0089502335,80.2297515869,35236,35246,10
13.0087203979,80.2308502197,35246,35256,10
13.0085096359,80.2318878174,35256,35266,10
13.0083503723,80.2327575684,35266,35276,10
13.0082998276,80.2333374023,35276,35316,40
13.0082998276,80.2333374023,35316,35326,10
13.0081996918,80.2337493896,35326,35336,10
13.0081195831,80.2340621948,35336,35347,11
13.0079803467,80.2347412109,35347,35377,30
13.0079803467,80.2347412109,35377,35387,10
13.0079402924,80.2349395752,35387,35397,10
13.0078897476,80.235168457,35397,35407,10
13.0078697205,80.2352600098,35407,35417,10
13.0078001022,80.2356109619,35417,35427,10
13.0077199936,80.2360916138,35427,35437,10
13.0075902939,80.2367019653,35437,35448,11
13.0074996948,80.2371368408,35448,35458,10
13.0074596405,80.2373199463,35458,35468,10
13.0073795319,80.237701416,35468,35508,40
13.0073795319,80.237701416,35508,35518,10
13.0073404312,80.237953186,35518,35528,10
13.0073099136,80.2381286621,35528,35538,10
13.0073003769,80.238319397,35538,35549,11
13.0072202682,80.2386474609,35549,35559,10
13.0071201324,80.2391662598,35559,35569,10
13.006939888,80.2399673462,35569,35579,10
13.0068798065,80.2405471802,35579,35589,10
13.0068798065,80.2405700684,35589,35599,10
13.0068597794,80.2406997681,35599,35609,10
13.0067901611,80.2410583496,35609,35619,10
13.0067796707,80.2416000366,35619,35629,10
13.006770134,80.2418670654,35629,35639,10
13.0067596436,80.241897583,35639,35650,11
13.0067501068,80.2423934937,35650,35670,20
13.0067501068,80.2423934937,35670,35680,10
13.0067396164,80.2428436279,35680,35700,20
13.0067396164,80.2428436279,35700,35710,10
13.0067300797,80.2433166504,35710,35720,10
13.0067195892,80.2436904907,35720,35730,10
13.0067195892,80.2441711426,35730,35740,10
13.0067195892,80.2445602417,35740,35750,10
13.0067100525,80.2449798584,35750,35761,11
13.0067300797,80.2453765869,35761,35771,10
13.0067300797,80.2457199097,35771,35781,10
13.0067396164,80.2460098267,35781,35791,10
13.0067501068,80.2463684082,35791,35801,10
13.0067596436,80.2469177246,35801,35811,10
13.0067396164,80.2476730347,35811,35821,10
13.006770134,80.2485275269,35821,35831,10
13.0068502426,80.2489929199,35831,35841,10
13.0068502426,80.2490081787,35841,35851,10
13.0068798065,80.24949646,35851,35872,21
13.0068798065,80.24949646,35872,35882,10
13.0068798065,80.24974823,35882,35892,10
13.0068597794,80.2502975464,35892,35902,10
13.0068702698,80.2512435913,35902,35942,40
13.0068702698,80.2512435913,35942,35952,10
13.0069198608,80.251411438,35952,35963,11
13.0067501068,80.2518768311,35963,35973,10
13.0066204071,80.2526016235,35973,35983,10
13.0066003799,80.2535629272,35983,35993,10
13.0066204071,80.2543716431,35993,36003,10
13.0066299438,80.2548828125,36003,36013,10
13.0066404343,80.2554168701,36013,36023,10
13.006649971,80.2563171387,36023,36033,10
13.0066900253,80.2569198608,36033,36064,31
13.0066900253,80.2569198608,36064,36074,10
13.0067396164,80.2573013306,36074,36175,101
13.0067396164,80.2573013306,36175,36185,10
13.0068597794,80.2577362061,36185,36195,10
13.007229805,80.2583084106,36195,36205,10
13.0077199936,80.2586135864,36205,36215,10
13.0077600479,80.2586593628,36215,36225,10
13.0081596375,80.2588500977,36225,36235,10
13.0088396072,80.2590637207,36235,36245,10
13.0097198486,80.2590484619,36245,36255,10
13.0108098984,80.2590484619,36255,36266,11
13.0121603012,80.2590484619,36266,36276,10
13.013469696,80.2591018677,36276,36286,10
13.0146102905,80.2591400146,36286,36296,10
13.0156698227,80.2592391968,36296,36306,10
13.0164203644,80.2596282959,36306,36326,20
13.0164203644,80.2596282959,36326,36336,10
13.0166196823,80.2598419189,36336,36346,10
13.0169200897,80.2600402832,36346,36356,10
13.0171899796,80.2602310181,36356,36366,10
13.0174598694,80.2604064941,36366,36377,11
13.0177297592,80.2606124878,36377,36387,10
13.0180597305,80.2608337402,36387,36397,10
13.0185403824,80.2611465454,36397,36407,10
13.0190496445,80.2615890503,36407,36417,10
13.0195302963,80.2620162964,36417,36427,10
13.0200395584,80.2624969482,36427,36437,10
13.0203104019,80.2626800537,36437,36447,10
13.020529747,80.2627563477,36447,36457,10
13.021109581,80.2629470825,36457,36467,10
13.0217103958,80.2631835938,36467,36478,11
13.0221300125,80.263381958,36478,36488,10
13.0223703384,80.2634963989,36488,36498,10
13.0227499008,80.2637176514,36498,36507,9
13.023059845,80.2638702393,36507,36518,11
13.0235900879,80.2641601563,36518,36528,10
13.0242595673,80.2645721436,36528,36538,10
13.0248098373,80.2649765015,36538,36548,10
13.0253000259,80.2653503418,36548,36558,10
13.0260000229,80.2657775879,36558,36579,21
13.0260000229,80.2657775879,36579,36589,10
13.0260696411,80.2658233643,36589,36599,10
13.0262203217,80.2658691406,36599,36609,10
13.0263299942,80.2656097412,36609,36619,10
13.0263595581,80.265083313,36619,36629,10
13.0264501572,80.264503479,36629,36639,10
13.0264997482,80.2641983032,36639,36649,10
13.0265398026,80.2640609741,36649,36659,10
13.026599884,80.2635879517,36659,36669,10
13.02684021,80.2633972168,36669,36680,11
13.027299881,80.2635116577,36680,36690,10
13.0278301239,80.2636413574,36690,36700,10
13.0282201767,80.2637634277,36700,36710,10
13.0283403397,80.2637863159,36710,36720,10
13.0287399292,80.263923645,36720,36730,10
13.0291700363,80.2640533447,36730,36740,10
13.0292596817,80.2643508911,36740,36750,10
13.0292901993,80.2648620605,36750,36760,10
13.029299736,80.2654037476,36760,36770,10
13.0292797089,80.26587677,36770,36781,11
13.0292301178,80.2663497925,36781,36810,29
13.0292301178,80.2663497925,36810,36821,11
13.0295295715,80.2666015625,36821,36831,10
13.0299396515,80.2666473389,36831,36841,10
13.0304498672,80.2667312622,36841,36851,10
13.0310697556,80.2668991089,36851,36861,10
13.0316896439,80.2670974731,36861,36871,10
13.0322999954,80.2673568726,36871,36882,11
13.032699585,80.2676010132,36882,36892,10
13.0333404541,80.2677688599,36892,36922,30
13.0333404541,80.2677688599,36922,36932,10
13.0338096619,80.2678833008,36932,36952,20
13.0338096619,80.2678833008,36952,36962,10
13.0339403152,80.2678909302,36962,36972,10
13.0344696045,80.2679672241,36972,37013,41
13.0344696045,80.2679672241,37013,37023,10
13.0344896317,80.268157959,37023,37033,10
13.0344200134,80.2680587769,37033,37043,10
13.0340795517,80.2679672241,37043,37053,10
13.0336503983,80.2678985596,37053,37063,10
13.0333595276,80.2678375244,37063,37548,485
13.0333595276,80.2678375244,37548,37558,10
13.0330896378,80.2677612305,37558,37568,10
13.0326404572,80.2676010132,37568,37588,20
13.0326404572,80.2676010132,37588,37598,10
13.0324602127,80.2674407959,37598,37609,11
13.0322399139,80.267326355,37609,37619,10
13.0317802429,80.2671203613,37619,37629,10
13.0311002731,80.2668762207,37629,37639,10
13.0304803848,80.2667617798,37639,37649,10
13.0300998688,80.2667007446,37649,37659,10
13.0298204422,80.2666625977,37659,37669,10
13.0297403336,80.2666473389,37669,37679,10
13.0296802521,80.2666397095,37679,37689,10
13.0293903351,80.2665863037,37689,37699,10
13.029129982,80.2664489746,37699,37710,11
13.0286502838,80.2663421631,37710,37720,10
13.0280399323,80.2662506104,37720,37730,10
13.0266304016,80.2660293579,37730,37740,10
13.0266304016,80.2660293579,37740,37750,10
13.026309967,80.2659683228,37750,37821,71
13.026309967,80.2659683228,37821,37830,9
13.0262098312,80.2659683228,37830,37841,11
13.0258998871,80.2658081055,37841,37851,10
13.0252599716,80.2653579712,37851,37871,20
13.0252599716,80.2653579712,37871,37881,10
13.0250997543,80.2652435303,37881,37891,10
13.0247602463,80.2649612427,37891,37901,10
13.0243797302,80.2646865845,37901,37912,11
13.0238704681,80.2643508911,37912,37922,10
13.0233697891,80.2641067505,37922,37932,10
13.0228004456,80.2638168335,37932,37942,10
13.0222396851,80.2635421753,37942,37952,10
13.0221204758,80.2634811401,37952,37962,10
13.0220499039,80.263420105,37962,37972,10
13.0218696594,80.2633209229,37972,37982,10
13.0214796066,80.2631530762,37982,37992,10
13.0213298798,80.2631225586,37992,38002,10
13.020819664,80.2630462646,38002,38013,11
13.0200500488,80.2630081177,38013,38023,10
13.0193996429,80.2629394531,38023,38033,10
13.0189504623,80.2627792358,38033,38043,10
13.0188398361,80.2620925903,38043,38053,10
13.0187196732,80.261428833,38053,38063,10
13.0183200836,80.2610778809,38063,38073,10
13.0178604126,80.2607574463,38073,38083,10
13.017370224,80.2604217529,38083,38093,10
13.0167198181,80.260017395,38093,38103,10
13.0161304474,80.259727478,38103,38113,10
13.0160799026,80.2597122192,38113,38124,11
13.0159502029,80.2596664429,38124,38134,10
13.0155601501,80.2595214844,38134,38144,10
13.0149803162,80.2593612671,38144,38154,10
13.0143604279,80.2593231201,38154,38164,10
13.013589859,80.2592926025,38164,38174,10
13.0127000809,80.2592468262,38174,38184,10
13.011879921,80.2592163086,38184,38194,10
13.0111198425,80.2592010498,38194,38204,10
13.010310173,80.2592391968,38204,38214,10
13.0097904205,80.2592468262,38214,38225,11
13.0096502304,80.2592391968,38225,38235,10
13.009180069,80.2592163086,38235,38245,10
13.008769989,80.2592086792,38245,38255,10
13.0083599091,80.2591705322,38255,38265,10
13.0077800751,80.2593078613,38265,38275,10
13.0072202682,80.2587890625,38275,38295,20
13.0072202682,80.2587890625,38295,38305,10
13.007109642,80.2585296631,38305,38315,10
13.0066995621,80.2578735352,38315,38366,51
13.0066404343,80.2576675415,38366,38396,30
13.0066404343,80.2576675415,38396,38406,10
13.0065603256,80.2575836182,38406,38416,10
13.0065002441,80.2571182251,38416,38427,11
13.0065002441,80.256401062,38427,38437,10
13.0064897537,80.2556991577,38437,38447,10
13.0065202713,80.2551422119,38447,38457,10
13.0065402985,80.2546310425,38457,38467,10
13.0065002441,80.2532272339,38467,38487,20
13.0065002441,80.2532272339,38487,38497,10
13.0065002441,80.2531661987,38497,38507,10
13.0065002441,80.2526931763,38507,38517,10
13.0065898895,80.2520370483,38517,38578,61
13.0065898895,80.2520370483,38578,38588,10
13.0066995621,80.251701355,38588,38598,10
13.0067796707,80.2510070801,38598,38608,10
13.0067596436,80.2502212524,38608,38618,10
13.0067396164,80.2495880127,38618,38629,11
13.0067396164,80.2495803833,38629,38639,10
13.0067195892,80.2492218018,38639,38649,10
13.006649971,80.2481918335,38649,38699,50
13.0066604614,80.2479782104,38699,38770,71
13.0066604614,80.2479782104,38770,38780,10
13.0066404343,80.247543335,38780,38790,10
13.006649971,80.2470092773,38790,38800,10
13.0066003799,80.2465209961,38800,38820,20
13.0066003799,80.2465209961,38820,38830,10
13.0066404343,80.246421814,38830,38841,11
13.0066604614,80.2459564209,38841,38851,10
13.006649971,80.2454681396,38851,38861,10
13.006649971,80.2451019287,38861,38871,10
13.0066604614,80.2448501587,38871,38881,10
13.006649971,80.2445907593,38881,38891,10
13.006649971,80.2445526123,38891,38901,10
13.0066404343,80.2442703247,38901,38911,10
13.0066299438,80.2440185547,38911,38921,10
13.0066299438,80.2437591553,38921,38931,10
13.0066299438,80.2436294556,38931,38942,11
13.0066204071,80.2433319092,38942,38952,10
13.0066003799,80.2428817749,38952,38962,10
13.0065803528,80.2422103882,38962,38972,10
13.0065803528,80.2416381836,38972,38982,10
13.0065898895,80.2415008545,38982,38992,10
13.0066003799,80.2413482666,38992,39002,10
13.0066299438,80.2411193848,39002,39012,10
13.0066604614,80.2409210205,39012,39022,10
13.0067300797,80.240562439,39022,39032,10
13.0068597794,80.2399597168,39032,39043,11
13.0070695877,80.2389678955,39043,39053,10
13.0072402954,80.237991333,39053,39063,10
13.0074195862,80.237159729,39063,39073,10
13.0074596405,80.2367172241,39073,39083,10
13.0074796677,80.2366790771,39083,39093,10
13.0075998306,80.2363204956,39093,39103,10
13.0077199936,80.2356872559,39103,39113,10
13.0078496933,80.2349777222,39113,39123,10
13.008020401,80.2341384888,39123,39133,10
13.0081996918,80.2332229614,39133,39144,11
13.0084104538,80.2321472168,39144,39154,10
13.0085897446,80.2311935425,39154,39164,10
13.0087499619,80.2303009033,39164,39174,10
13.0089502335,80.2293624878,39174,39184,10
13.0091199875,80.2284698486,39184,39194,10
13.0094003677,80.2276611328,39194,39204,10
13.0097999573,80.2267837524,39204,39214,10
13.0101995468,80.2258987427,39214,39224,10
13.0106096268,80.2250823975,39224,39234,10
13.0109195709,80.2244110107,39234,39245,11
13.011300087,80.2235565186,39245,39255,10
13.0116596222,80.2227172852,39255,39265,10
13.0120201111,80.2217330933,39265,39275,10
13.0123701096,80.2214736938,39275,39285,10
13.0127401352,80.2219085693,39285,39295,10
13.0130796432,80.222328186,39295,39305,10
13.0133495331,80.2226409912,39305,39315,10
13.0136699677,80.2229919434,39315,39325,10
13.0138196945,80.2230911255,39325,39335,10
13.0141897202,80.2234191895,39335,39345,10
13.0144195557,80.2237701416,39345,39356,11
13.014840126,80.2243118286,39356,39366,10
13.0152797699,80.2247619629,39366,39376,10
13.015370369,80.2248306274,39376,39386,10
13.0154600143,80.2248916626,39386,39396,10
13.0158395767,80.2252197266,39396,39406,10
13.016409874,80.2253112793,39406,39416,10
13.0171298981,80.2250900269,39416,39426,10
13.0178604126,80.2248001099,39426,39436,10
13.0186100006,80.2244873047,39436,39446,10
13.0191602707,80.224319458,39446,39457,11
13.0194797516,80.2243423462,39457,39467,10
13.0197000504,80.2244720459,39467,39477,10
13.0200595856,80.2247314453,39477,39487,10
13.0205602646,80.225112915,39487,39497,10
13.0210103989,80.225440979,39497,39507,10
13.0213603973,80.2257385254,39507,39517,10
13.021900177,80.2260971069,39517,39537,20
13.021900177,80.2260971069,39537,39547,10
13.02202034,80.2262115479,39547,39558,11
13.0224599838,80.2265930176,39558,39568,10
13.023059845,80.2271118164,39568,39578,10
13.0235204697,80.2275314331,39578,39588,10
13.0239095688,80.2278671265,39588,39598,10
13.0241098404,80.2280731201,39598,39608,10
13.0242795944,80.228302002,39608,39618,10
13.024600029,80.2287597656,39618,39628,10
13.0248403549,80.2290802002,39628,39638,10
13.0251502991,80.2294998169,39638,39648,10
13.0254602432,80.2298583984,39648,39669,21
13.0254602432,80.2298583984,39669,39679,10
13.0255203247,80.229927063,39679,39689,10
13.0256795883,80.2302017212,39689,39699,10
13.0258102417,80.2304382324,39699,39709,10
13.0259304047,80.2307281494,39709,39719,10
13.0260000229,80.2309570313,39719,39729,10
13.0260601044,80.2312011719,39729,39739,10
13.0263996124,80.231300354,39739,39749,10
13.0270595551,80.2311325073,39749,39760,11
13.0277299881,80.2309570313,39760,39770,10
13.0281095505,80.2309036255,39770,39780,10
13.0284500122,80.2308578491,39780,39790,10
13.028459549,80.2308578491,39790,39800,10
13.028840065,80.2308273315,39800,39810,10
13.028960228,80.2308120728,39810,39820,10
13.0293598175,80.2307815552,39820,39830,10
13.029800415,80.2307434082,39830,39840,10
13.0300798416,80.23072052,39840,39850,10
13.0303096771,80.2307128906,39850,39861,11
13.0306301117,80.2306976318,39861,39871,10
13.0309495926,80.2306671143,39871,39881,10
13.0313100815,80.2306518555,39881,39891,10
13.0319004059,80.2305908203,39891,39901,10
13.0325403214,80.2305374146,39901,39911,10
13.0332098007,80.2304992676,39911,39921,10
13.0336303711,80.2304763794,39921,39931,10
13.0336799622,80.2304763794,39931,39941,10
13.0337600708,80.2304763794,39941,39951,10
13.0343904495,80.2304077148,39951,39982,31
13.0343904495,80.2304077148,39982,39992,10
13.0344200134,80.2304229736,39992,40002,10
13.0347003937,80.2303390503,40002,40012,10
13.0348100662,80.2303009033,40012,40022,10
13.034910202,80.2301864624,40022,40032,10
13.0347795486,80.2300491333,40032,40042,10
13.0345602036,80.2300567627,40042,40517,475
13.0342102051,80.2300186157,40517,40769,252
13.0342102051,80.2300186157,40769,40779,10
13.0340995789,80.230430603,40779,40790,11
13.0338497162,80.2304382324,40790,40800,10
13.0334196091,80.2304763794,40800,40810,10
13.032790184,80.2305603027,40810,40820,10
13.0321702957,80.2305984497,40820,40830,10
13.0314798355,80.2306594849,40830,40840,10
13.03083992,80.2307434082,40840,40870,30
13.03083992,80.2307434082,40870,40880,10
13.0306396484,80.2307662964,40880,40891,11
13.0298995972,80.2308578491,40891,40941,50
13.0298995972,80.2308578491,40941,40951,10
13.0296297073,80.2308807373,40951,40961,10
13.029540062,80.2308807373,40961,40971,10
13.0291595459,80.2309188843,40971,40981,10
13.0286397934,80.2309799194,40981,40992,11
13.0280799866,80.231010437,40992,41002,10
13.027759552,80.2311935425,41002,41012,10
13.0277795792,80.2317581177,41012,41022,10
13.0278596878,80.232421875,41022,41032,10
13.027759552,80.2328262329,41032,41042,10
13.0268802643,80.233001709,41042,41113,71
13.0268802643,80.233001709,41113,41123,10
13.0264196396,80.2330627441,41123,41133,10
13.0262098312,80.2325592041,41133,41143,10
13.0260601044,80.231880188,41143,41153,10
13.0258998871,80.2311706543,41153,41163,10
13.0256299973,80.2304611206,41163,41173,10
13.0251197815,80.2296829224,41173,41183,10
13.0245800018,80.2289962769,41183,41193,10
13.0240097046,80.2283172607,41193,41214,21
13.0240097046,80.2283172607,41214,41224,10
13.0237903595,80.2280578613,41224,41234,10
13.0235099792,80.2277679443,41234,41244,10
13.0230503082,80.2273178101,41244,41254,10
13.0225896835,80.2268829346,41254,41264,10
13.0219802856,80.2263412476,41264,41274,10
13.0212402344,80.225769043,41274,41284,10
13.0205698013,80.2252807617,41284,41294,10
13.0199203491,80.2248382568,41294,41315,21
13.0199203491,80.2248382568,41315,41325,10
13.0197401047,80.2246780396,41325,41335,10
13.0192499161,80.2245178223,41335,41345,10
13.0186595917,80.2245635986,41345,41355,10
13.0180702209,80.2248077393,41355,41365,10
13.017490387,80.2250213623,41365,41375,10
13.0168304443,80.2253036499,41375,41385,10
13.0163002014,80.2255172729,41385,41395,10
13.0157899857,80.225692749,41395,41405,10
13.0151901245,80.2259292603,41405,41416,11
13.0145902634,80.2261810303,41416,41426,10
13.0141201019,80.2264099121,41426,41446,20
13.0141201019,80.2264099121,41446,41456,10
13.0140600204,80.2264022827,41456,41466,10
13.0137500763,80.2264785767,41466,41476,10
13.0133399963,80.2266235352,41476,41486,10
13.0126695633,80.2268981934,41486,41496,10
13.0118198395,80.2272262573,41496,41506,10
13.0109901428,80.2275695801,41506,41517,11
13.0100603104,80.2279434204,41517,41527,10
13.0093002319,80.2283172607,41527,41537,10
13.0090303421,80.2292022705,41537,41547,10
13.0088500977,80.2302017212,41547,41557,10
13.0086803436,80.2312011719,41557,41567,10
13.0084896088,80.2322311401,41567,41577,10
13.0082798004,80.2334899902,41577,41597,20
13.0082798004,80.2334899902,41597,41607,10
13.0081701279,80.2337722778,41607,41618,11
13.0080604553,80.2343597412,41618,41628,10
13.0079402924,80.2350006104,41628,41638,10
13.0078296661,80.2355422974,41638,41648,10
13.0076999664,80.2362136841,41648,41658,10
13.0076303482,80.2365570068,41658,41668,10
13.0075798035,80.2367782593,41668,41678,10
13.007519722,80.2371368408,41678,41688,10
13.0074501038,80.2374191284,41688,41698,10
13.0074100494,80.2376708984,41698,41708,10
13.0073604584,80.2378921509,41708,41719,11
13.0073404312,80.2379302979,41719,41729,10
13.0072603226,80.2383728027,41729,41749,20
13.0072603226,80.2383728027,41749,41759,10
13.0072402954,80.2385025024,41759,41769,10
13.0071697235,80.238861084,41769,41779,10
13.0070400238,80.2395935059,41779,41880,101
13.0070400238,80.2395935059,41880,41890,10
13.0069599152,80.2400588989,41890,41900,10
13.0068798065,80.2405471802,41900,41910,10
13.0068798065,80.2406005859,41910,41920,10
13.0068502426,80.240737915,41920,41931,11
13.0068101883,80.241027832,41931,41941,10
13.0067501068,80.2415771484,41941,41951,10
13.0067195892,80.2422790527,41951,41961,10
13.0067100525,80.2426300049,41961,41971,10
13.0067195892,80.2429504395,41971,41981,10
13.0067100525,80.2432479858,41981,41991,10
13.0066995621,80.2435302734,41991,42011,20
13.0066995621,80.2435302734,42011,42021,10
13.0066995621,80.2438812256,42021,42032,11
13.0066900253,80.2444992065,42032,42042,10
13.0066995621,80.245010376,42042,42052,10
13.0067195892,80.2453918457,42052,42062,10
13.0067300797,80.2460021973,42062,42072,10
13.0067396164,80.246307373,42072,42102,30
13.0067396164,80.246307373,42102,42112,10
13.0067396164,80.2467880249,42112,42122,10
13.0067195892,80.2473831177,42122,42133,11
13.0067195892,80.248260498,42133,42143,10
13.0068597794,80.2493515015,42143,42163,20
13.0068597794,80.2493515015,42163,42173,10
13.0068502426,80.2495574951,42173,42183,10
13.0068302155,80.2501602173,42183,42193,10
13.006819725,80.2509307861,42193,42203,10
13.0068302155,80.2513885498,42203,42213,10
13.0067501068,80.2517318726,42213,42223,10
13.0066003799,80.2523574829,42223,42234,11
13.0065498352,80.2533187866,42234,42244,10
13.0065698624,80.2543106079,42244,42254,10
13.0066003799,80.2551422119,42254,42264,10
13.0066204071,80.2560119629,42264,42274,10
13.0066404343,80.2572097778,42274,42314,40
13.0066404343,80.2572097778,42314,42324,10
13.0067100525,80.2574081421,42324,42335,11
13.0069599152,80.2579727173,42335,42345,10
13.0073003769,80.2584381104,42345,42355,10
13.0076599121,80.2586288452,42355,42365,10
13.0076799393,80.2586517334,42365,42375,10
13.0079603195,80.2587966919,42375,42385,10
13.0084400177,80.258972168,42385,42395,10
13.008939743,80.2590789795,42395,42405,10
13.0095901489,80.2590637207,42405,42415,10
13.0105104446,80.2590408325,42415,42425,10
13.0113697052,80.2590408325,42425,42435,10
13.0123195648,80.2590637207,42435,42446,11
13.0134897232,80.2591094971,42446,42456,10
13.0145702362,80.2591400146,42456,42466,10
13.0156097412,80.2592391968,42466,42476,10
13.0163602829,80.2595825195,42476,42486,10
13.0164804459,80.2596817017,42486,42496,10
13.0166397095,80.2598266602,42496,42506,10
13.0170898438,80.2601394653,42506,42516,10
13.0176897049,80.260559082,42516,42526,10
13.0183200836,80.2609786987,42526,42536,10
13.0188999176,80.261428833,42536,42547,11
13.0193901062,80.2618026733,42547,42557,10
13.0196895599,80.2621383667,42557,42567,10
13.0201101303,80.262512207,42567,42577,10
13.0201702118,80.262588501,42577,42587,10
13.0205898285,80.262802124,42587,42597,10
13.021320343,80.2630310059,42597,42607,10
13.0219202042,80.2632827759,42607,42617,10
13.0222301483,80.2634429932,42617,42627,10
13.0224704742,80.2635574341,42627,42637,10
13.0229501724,80.2638015747,42637,42648,11
13.0235700607,80.2641067505,42648,42658,10
13.0240297318,80.2643814087,42658,42668,10
13.0244998932,80.2647323608,42668,42678,10
13.0248403549,80.2649765015,42678,42688,10
13.0251598358,80.2652130127,42688,42698,10
13.0253000259,80.2653427124,42698,42708,10
13.0255203247,80.2654571533,42708,42718,10
13.0258998871,80.2657165527,42718,42728,10
13.0260896683,80.2658004761,42728,42738,10
13.0263299942,80.2657394409,42738,42749,11
13.0263595581,80.2653808594,42749,42759,10
13.0264196396,80.2648696899,42759,42769,10
13.0265102386,80.2642593384,42769,42779,10
13.0265197754,80.2640380859,42779,42789,10
13.0265598297,80.2638320923,42789,42799,10
13.0266399384,80.2634811401,42799,42809,10
13.0271196365,80.2635421753,42809,42819,10
13.0275697708,80.2636413574,42819,42829,10
13.0281496048,80.2637634277,42829,42839,10
13.0282897949,80.2637786865,42839,42850,11
13.0286397934,80.2639007568,42850,42860,10
13.0291204453,80.2640228271,42860,42870,10
13.0292797089,80.2641372681,42870,42880,10
13.0293302536,80.2644729614,42880,42890,10
13.0293102264,80.2650375366,42890,42900,10
13.029250145,80.2655410767,42900,42910,10
13.0292596817,80.265953064,42910,42920,10
13.0292596817,80.2659912109,42920,42930,10
13.0292196274,80.2661819458,42930,42940,10
13.0292596817,80.2665328979,42940,42950,10
13.0297403336,80.2666168213,42950,42961,11
13.0304203033,80.266708374,42961,42971,10
13.0311002731,80.2668609619,42971,42981,10
13.0319404602,80.2671737671,42981,43001,20
13.0320501328,80.2671890259,43001,43253,252
13.0321397781,80.267250061,43253,43698,445
13.0324296951,80.2674484253,43698,43779,81
13.0324296951,80.2674484253,43779,43789,10
13.0327796936,80.2676696777,43789,43799,10
13.0333995819,80.267791748,43799,43819,20
13.0333995819,80.267791748,43819,43829,10
13.0336503983,80.2678833008,43829,43839,10
13.033949852,80.2679290771,43839,43849,10
13.0342197418,80.2679595947,43849,43859,10
13.0343704224,80.2679672241,43859,43869,10
13.0346298218,80.2680130005,43869,43920,51
13.0346298218,80.2680130005,43920,43930,10
13.0345697403,80.268119812,43930,43940,10
13.0344200134,80.268081665,43940,44041,101
13.0340299606,80.2679595947,44041,44193,152
13.0336503983,80.2679214478,44193,44344,151
13.0336503983,80.2679214478,44344,44354,10
13.0332899094,80.267829895,44354,44455,101
13.0332899094,80.267829895,44455,44465,10
13.0329704285,80.2677612305,44465,44475,10
13.0328598022,80.2677383423,44475,44485,10
13.0327301025,80.2677001953,44485,44495,10
13.0324897766,80.2675170898,44495,44516,21
13.0324897766,80.2675170898,44516,44526,10
13.0319099426,80.267250061,44526,44536,10
13.03166008,80.2671127319,44536,44546,10
13.0311803818,80.2669296265,44546,44556,10
13.0305099487,80.2667922974,44556,44566,10
13.0299596786,80.2666931152,44566,44576,10
13.0298595428,80.2666625977,44576,44586,10
13.0296201706,80.2666320801,44586,44596,10
13.0293197632,80.2665405273,44596,44607,11
13.0290298462,80.2664413452,44607,44617,10
13.0286197662,80.2663421631,44617,44627,10
13.0280799866,80.2662200928,44627,44637,10
13.0274000168,80.2661437988,44637,44647,10
13.0267095566,80.2660675049,44647,44657,10
13.0260696411,80.265838623,44657,44667,10
13.0255298615,80.2655334473,44667,44677,10
13.0253200531,80.2654190063,44677,44687,10
13.025270462,80.2653884888,44687,44697,10
13.0249996185,80.2651977539,44697,44708,11
13.0242996216,80.2646865845,44708,44718,10
13.0236301422,80.2642593384,44718,44728,10
13.0229301453,80.2638778687,44728,44738,10
13.022359848,80.2636032104,44738,44748,10
13.022190094,80.2635116577,44748,44758,10
13.0219402313,80.2633666992,44758,44768,10
13.0213699341,80.2631530762,44768,44778,10
13.0205202103,80.2630691528,44778,44788,10
13.0201501846,80.2630386353,44788,44798,10
13.0196304321,80.2629776001,44798,44808,10
13.0191001892,80.2629013062,44808,44819,11
13.018910408,80.2623291016,44819,44829,10
13.0187797546,80.2617111206,44829,44839,10
13.0185098648,80.2612228394,44839,44849,10
13.0179100037,80.2608413696,44849,44859,10
13.0171804428,80.2603378296,44859,44869,10
13.0160503387,80.2596969604,44869,44889,20
13.0160503387,80.2596969604,44889,44899,10
13.0158195496,80.2595672607,44899,44909,10
13.0151796341,80.2593917847,44909,44920,11
13.0142002106,80.2593002319,44920,44930,10
13.0131998062,80.259262085,44930,44940,10
13.0122404099,80.2592163086,44940,44950,10
13.0113897324,80.2592010498,44950,44960,10
13.0104999542,80.2592163086,44960,44970,10
13.009929657,80.2592391968,44970,44980,10
13.0096797943,80.2592163086,44980,44989,9
13.0092096329,80.2592010498,44989,45000,11
13.0088195801,80.2591781616,45000,45010,10
13.008480072,80.2591629028,45010,45021,11
13.0079402924,80.259262085,45021,45031,10
13.007399559,80.2591629028,45031,45041,10
13.0072002411,80.2586975098,45041,45051,10
13.0072002411,80.2586288452,45051,45061,10
13.0070199966,80.2582702637,45061,45071,10
13.0065803528,80.2576599121,45071,45192,121
13.0065803528,80.2576599121,45192,45202,10
13.0065002441,80.2573623657,45202,45212,10
13.006529808,80.2570037842,45212,45223,11
13.0064401627,80.2564086914,45223,45233,10
13.0064897537,80.2555923462,45233,45243,10
13.0065498352,80.2548828125,45243,45253,10
13.0065202713,80.2541122437,45253,45263,10
13.0065402985,80.2533569336,45263,45273,10
13.0065498352,80.2532119751,45273,45283,10
13.0065498352,80.252746582,45283,45334,51
13.0065498352,80.252746582,45334,45344,10
13.0066299438,80.2524185181,45344,45354,10
13.0066995621,80.2519073486,45354,45364,10
13.0067996979,80.2511672974,45364,45374,10
13.0067596436,80.2503433228,45374,45384,10
13.0068101883,80.2496414185,45384,45394,10
13.006819725,80.2496032715,45394,45404,10
13.006770134,80.2490386963,45404,45485,81
13.006770134,80.2490386963,45485,45495,10
13.0067396164,80.2486190796,45495,45505,10
13.0067195892,80.2483978271,45505,45515,10
13.0066995621,80.2481994629,45515,45525,10
13.0066795349,80.2479019165,45525,45536,11
13.0066299438,80.2475128174,45536,45707,171
13.0066299438,80.2475128174,45707,45717,10
13.0066604614,80.2472381592,45717,45727,10
13.0066204071,80.2464523315,45727,45748,21
13.0066204071,80.2464523315,45748,45758,10
13.0066204071,80.2463607788,45758,45768,10
13.0066299438,80.2458572388,45768,45778,10
13.0066404343,80.2452011108,45778,45788,10
13.0066299438,80.2446212769,45788,45798,10
13.0066003799,80.2442626953,45798,45808,10
13.0065803528,80.2437210083,45808,45818,10
13.0065698624,80.243057251,45818,45828,10
13.0065603256,80.2422332764,45828,45838,10
13.0065803528,80.2413101196,45838,45849,11
13.0066299438,80.2406082153,45849,45859,10
13.0066299438,80.240562439,45859,45869,10
13.0067195892,80.2403106689,45869,45879,10
13.0068597794,80.2396774292,45879,45889,10
13.0069503784,80.2389602661,45889,45899,10
13.0071001053,80.2383422852,45899,45909,10
13.0072202682,80.2377090454,45909,45919,10
13.0074100494,80.2366714478,45919,45939,20
13.0074100494,80.2366714478,45939,45950,11
13.0074300766,80.2366409302,45950,45960,10
13.0075502396,80.2362365723,45960,45970,10
13.0076904297,80.2355499268,45970,45980,10
13.0077495575,80.2351913452,45980,45990,10
13.0077695847,80.2350997925,45990,46000,10
13.0078601837,80.23462677,46000,46010,10
13.008020401,80.2338562012,46010,46020,10
13.0082101822,80.2328262329,46020,46030,10
13.0084400177,80.2316970825,46030,46040,10
13.0086603165,80.2305603027,46040,46051,11
13.0089302063,80.2292709351,46051,46061,10
13.0091600418,80.2282104492,46061,46071,10
13.0095796585,80.2272186279,46071,46081,10
13.0100402832,80.2262115479,46081,46091,10
13.0104799271,80.2252883911,46091,46101,10
13.010840416,80.2245788574,46101,46111,10
13.01101017,80.2241363525,46111,46121,10
13.011059761,80.2240371704,46121,46131,10
13.0111999512,80.2236480713,46131,46141,10
13.0113601685,80.2230987549,46141,46152,11
13.0116796494,80.2223434448,46152,46162,10
13.0119400024,80.2217330933,46162,46172,10
13.0122404099,80.2214813232,46172,46182,10
13.0124998093,80.221786499,46182,46192,10
13.0129899979,80.2223968506,46192,46202,10
13.0136203766,80.2230911255,46202,46212,10
13.0140600204,80.2233963013,46212,46222,10
13.0142498016,80.2236175537,46222,46232,10
13.0146598816,80.224067688,46232,46242,10
13.0155200958,80.2249832153,46242,46263,21
13.0155200958,80.2249832153,46263,46273,10
13.0155801773,80.2250595093,46273,46283,10
13.0159196854,80.2253189087,46283,46293,10
13.016579628,80.2253189087,46293,46303,10
13.0173501968,80.2250289917,46303,46313,10
13.0181999207,80.2246932983,46313,46323,10
13.019109726,80.2244033813,46323,46333,10
13.0196895599,80.2245178223,46333,46353,20
13.0196895599,80.2245178223,46353,46364,11
13.0198802948,80.2246780396,46364,46374,10
13.0203199387,80.2249984741,46374,46384,10
13.0209798813,80.2254562378,46384,46394,10
13.0215797424,80.2259216309,46394,46404,10
13.021900177,80.2261123657,46404,46414,10
13.0219602585,80.2261581421,46414,46424,10
13.0220403671,80.2262420654,46424,46434,10
13.0223903656,80.2265396118,46434,46444,10
13.0228204727,80.2269210815,46444,46454,10
13.0233001709,80.2273864746,46454,46465,11
13.0238399506,80.2279129028,46465,46475,10
13.0243196487,80.2284393311,46475,46485,10
13.0246095657,80.2288589478,46485,46495,10
13.0247898102,80.2291183472,46495,46505,10
13.0250701904,80.2294769287,46505,46515,10
13.0255002975,80.2300491333,46515,46525,10
13.0258398056,80.230682373,46525,46535,10
13.0259799957,80.2312011719,46535,46545,10
13.0262699127,80.2312469482,46545,46555,10
13.027009964,80.2310714722,46555,46566,11
13.0282297134,80.2309188843,46566,46586,20
13.0282297134,80.2309188843,46586,46596,10
13.0284500122,80.2309112549,46596,46605,9
13.0291595459,80.2308578491,46605,46636,31
13.0291595459,80.2308578491,46636,46646,10
13.029299736,80.2308883667,46646,46656,10
13.0297403336,80.2308425903,46656,46667,11
13.0303001404,80.2307662964,46667,46677,10
13.0304498672,80.2307510376,46677,46687,10
13.0307302475,80.2307281494,46687,46697,10
13.0313100815,80.230682373,46697,46707,10
13.0321397781,80.2305984497,46707,46717,10
13.0328798294,80.2305374146,46717,46727,10
13.0339403152,80.2304611206,46727,46778,51
13.0339403152,80.2304611206,46778,46788,10
13.0341997147,80.2304763794,46788,46798,10
13.0348100662,80.2302932739,46798,46808,10
13.0350799561,80.229927063,46808,46818,10
13.0346698761,80.2297897339,46818,46990,172
13.0346698761,80.2297897339,46990,47000,10
13.034239769,80.2297515869,47000,47030,30
13.0342197418,80.2299804688,47030,47050,20
13.0342197418,80.2299804688,47050,47060,10
13.034119606,80.230178833,47060,47070,10
13.034119606,80.2302017212,47070,47081,11
13.0340299606,80.2303695679,47081,47091,10
13.0340204239,80.2303695679,47091,47101,10
13.0336799622,80.2304077148,47101,47111,10
13.0331602097,80.2304763794,47111,47121,10
13.0324497223,80.2305297852,47121,47131,10
13.0318098068,80.2306137085,47131,47141,10
13.0309696198,80.2306976318,47141,47171,30
13.0309696198,80.2306976318,47171,47182,11
13.0307197571,80.2307128906,47182,47192,10
13.0305099487,80.2307434082,47192,47202,10
13.0300998688,80.2307815552,47202,47212,10
13.0297298431,80.2308273315,47212,47222,10
13.0293798447,80.2308731079,47222,47232,10
13.0290403366,80.2308807373,47232,47242,10
13.0284700394,80.2309188843,47242,47252,10
13.0278701782,80.2309875488,47252,47262,10
13.0276699066,80.2312774658,47262,47272,10
13.0277204514,80.231880188,47272,47282,10
13.0278501511,80.2325210571,47282,47293,11
13.0275001526,80.2328186035,47293,47303,10
13.0269002914,80.2329788208,47303,47383,80
13.0269002914,80.2329788208,47383,47394,11
13.0265598297,80.233039856,47394,47404,10
13.0262804031,80.2326889038,47404,47414,10
13.0261297226,80.2320632935,47414,47424,10
13.0260601044,80.2317886353,47424,47434,10
13.0259504318,80.2313766479,47434,47444,10
13.025759697,80.23072052,47444,47454,10
13.0252799988,80.2299194336,47454,47464,10
13.0248403549,80.2293624878,47464,47474,10
13.0247898102,80.229309082,47474,47484,10
13.0247602463,80.2292709351,47484,47495,11
13.0245103836,80.2289276123,47495,47505,10
13.0241603851,80.2285003662,47505,47515,10
13.0239601135,80.2282791138,47515,47525,10
13.0238599777,80.2281265259,47525,47535,10
13.0235500336,80.2277832031,47535,47545,10
13.0230503082,80.2273025513,47545,47555,10
13.0224199295,80.2267227173,47555,47565,10
13.021730423,80.2261199951,47565,47575,10
13.0210800171,80.2256164551,47575,47585,10
13.0203504562,80.2250976563,47585,47596,11
13.0198297501,80.2247390747,47596,47606,10
13.0198202133,80.2247314453,47606,47616,10
13.0196800232,80.2246780396,47616,47626,10
13.0190496445,80.2245407104,47626,47636,10
13.0181398392,80.2248001099,47636,47646,10
13.0171298981,80.2251968384,47646,47656,10
13.0161600113,80.2255935669,47656,47666,10
13.0153398514,80.2258987427,47666,47676,10
13.0147199631,80.2261581421,47676,47686,10
13.0146102905,80.2261962891,47686,47697,11
13.0143899918,80.2262878418,47697,47737,40
13.0143899918,80.2262878418,47737,47747,10
13.0142297745,80.2263183594,47747,47757,10
13.013879776,80.2264633179,47757,47767,10
13.0133800507,80.2266311646,47767,47777,10
13.0127801895,80.2268600464,47777,47787,10
13.0120296478,80.227180481,47787,47797,10
13.0112400055,80.2275009155,47797,47808,11
13.0103302002,80.2278518677,47808,47818,10
13.0095300674,80.228187561,47818,47828,10
13.0090904236,80.2288894653,47828,47838,10
13.0088796616,80.2298583984,47838,47848,10
13.0086603165,80.2308883667,47848,47858,10
13.0084600449,80.2318878174,47858,47868,10
13.0083198547,80.2326812744,47868,47878,10
13.0082597733,80.2331619263,47878,47888,10
13.0082101822,80.2335586548,47888,47898,10
13.0081701279,80.2336578369,47898,47909,11
13.0081501007,80.2336883545,47909,47919,10
13.0080604553,80.2340393066,47919,47929,10
13.0079498291,80.2345962524,47929,47939,10
13.0078496933,80.2351303101,47939,47949,10
13.0077295303,80.2357177734,47949,47959,10
13.0075597763,80.2365570068,47959,47969,10
13.0073795319,80.2375335693,47969,47979,10
13.0072097778,80.2384567261,47979,47989,10
13.007060051,80.2392501831,47989,47999,10
13.0069198608,80.2399978638,47999,48050,51
13.0069198608,80.2399978638,48050,48060,10
13.0069503784,80.2401199341,48060,48070,10
13.0068702698,80.2406692505,48070,48090,20
13.0068702698,80.2406692505,48090,48100,10
13.0067796707,80.2410888672,48100,48111,11
13.0067195892,80.2419128418,48111,48121,10
13.0066900253,80.2428817749,48121,48161,40
13.0066900253,80.2428817749,48161,48171,10
13.0066699982,80.2432479858,48171,48181,10
13.0066604614,80.2435379028,48181,48191,10
13.0066404343,80.2438735962,48191,48201,10
13.0066299438,80.2443618774,48201,48211,10
13.0066299438,80.244758606,48211,48222,11
13.0066204071,80.2452774048,48222,48232,10
13.0066604614,80.2458190918,48232,48252,20
13.0066604614,80.2458190918,48252,48262,10
13.0066699982,80.2460327148,48262,48272,10
13.0066795349,80.2462081909,48272,48282,10
13.0066699982,80.2465209961,48282,48292,10
13.0066795349,80.2470169067,48292,48302,10
13.0066699982,80.2477798462,48302,48312,10
13.0067195892,80.2486190796,48312,48323,11
13.0068397522,80.2496032715,48323,48343,20
13.0068397522,80.2496032715,48343,48353,10
13.0067501068,80.249671936,48353,48363,10
13.0067396164,80.2501220703,48363,48373,10
13.0067596436,80.2507171631,48373,48383,10
13.0067901611,80.2511901855,48383,48424,41
13.0067901611,80.2511901855,48424,48434,10
13.0067501068,80.2515182495,48434,48444,10
13.0066099167,80.2521286011,48444,48454,10
13.0065402985,80.2528305054,48454,48464,10
13.0065402985,80.2536087036,48464,48474,10
13.0065498352,80.2543716431,48474,48484,10
13.0065603256,80.2549285889,48484,48494,10
13.0065898895,80.2555618286,48494,48504,10
13.0066003799,80.2563934326,48504,48514,10
13.0066900253,80.2571716309,48514,48545,31
13.0066900253,80.2571716309,48545,48555,10
13.0067901611,80.2572174072,48555,48565,10
13.0068702698,80.257598877,48565,48575,10
13.0071802139,80.2582015991,48575,48585,10
13.0076904297,80.2586517334,48585,48605,20
13.0076904297,80.2586517334,48605,48615,10
13.0079402924,80.2587814331,48615,48626,11
13.0085201263,80.2589874268,48626,48635,9
13.0090303421,80.2590637207,48635,48646,11
13.0099697113,80.2590637207,48646,48656,10
13.0110197067,80.2590637207,48656,48666,10
13.0121603012,80.2590713501,48666,48676,10
13.0132904053,80.2591171265,48676,48686,10
13.0143404007,80.259147644,48686,48696,10
13.0152997971,80.2592010498,48696,48706,10
13.0164403915,80.2596893311,48706,48737,31
13.0164403915,80.2596893311,48737,48747,10
13.0165700912,80.2598724365,48747,48757,10
13.0170001984,80.2601089478,48757,48767,10
13.0176801682,80.2605667114,48767,48777,10
13.0183401108,80.2610168457,48777,48787,10
13.0188398361,80.2614212036,48787,48797,10
13.0193195343,80.2618408203,48797,48807,10
13.0201501846,80.262588501,48807,48827,20
13.0201501846,80.262588501,48827,48838,11
13.0202503204,80.2626876831,48838,48848,10
13.0207004547,80.262840271,48848,48858,10
13.0213298798,80.2630310059,48858,48868,10
13.0218601227,80.2632217407,48868,48878,10
13.0222101212,80.2633895874,48878,48888,10
13.0228996277,80.2637405396,48888,48908,20
13.0228996277,80.2637405396,48908,48918,10
13.0230102539,80.2638778687,48918,48928,10
13.0233697891,80.2640533447,48928,48939,11
13.0239801407,80.2643585205,48939,48949,10
13.0245399475,80.2647705078,48949,48959,10
13.0250396729,80.2651672363,48959,48969,10
13.0255498886,80.2655181885,48969,48979,10
13.026049614,80.2658004761,48979,48989,10
13.026309967,80.2657318115,48989,48999,10
13.0263395309,80.2651824951,48999,49009,10
13.0264196396,80.2644805908,49009,49019,10
13.0265102386,80.2638397217,49019,49040,21
13.0265102386,80.2638397217,49040,49050,10
13.0265197754,80.2637405396,49050,49060,10
13.0265703201,80.263420105,49060,49070,10
13.0268201828,80.2633895874,49070,49080,10
13.0272397995,80.2634963989,49080,49090,10
13.0275602341,80.2635726929,49090,49100,10
13.0280895233,80.2637329102,49100,49110,10
13.0282096863,80.2637481689,49110,49120,10
13.0284795761,80.2638168335,49120,49130,10
13.0289802551,80.263961792,49130,49141,11
13.0292301178,80.2641906738,49141,49151,10
13.0292596817,80.2646102905,49151,49161,10
13.0292701721,80.2651672363,49161,49171,10
13.0292596817,80.2659072876,49171,49211,40
13.0292596817,80.2659072876,49211,49221,10
13.0292596817,80.2660522461,49221,49231,10
13.0291996002,80.2663269043,49231,49241,10
13.029009819,80.2663497925,49241,49252,11
13.0286197662,80.2662963867,49252,49262,10
13.0281896591,80.2662277222,49262,49272,10
13.0276098251,80.2661514282,49272,49282,10
13.0270795822,80.2661132813,49282,49292,10
13.0268497467,80.2659683228,49292,49302,10
13.0267000198,80.2657165527,49302,50837,1535
13.0267000198,80.2657165527,50837,50847,10
13.0264596939,80.2653808594,50847,50857,10
13.0263900757,80.265296936,50857,50867,10
13.0263595581,80.2650680542,50867,50877,10
13.0264101028,80.2647781372,50877,50888,11
13.0264902115,80.2642822266,50888,50898,10
13.0265703201,80.2637481689,50898,50908,10
13.0266799927,80.2634429932,50908,50918,10
13.0270595551,80.2635116577,50918,50928,10
13.0275201797,80.2635803223,50928,50938,10
13.0281000137,80.2637634277,50938,50948,10
13.0287103653,80.2639465332,50948,50958,10
13.0292100906,80.2641220093,50958,50968,10
13.0292596817,80.264289856,50968,50978,10
13.0292701721,80.264831543,50978,50988,10
13.0292797089,80.2654037476,50988,50999,11
13.0291996002,80.2663116455,50999,51019,20
13.0291996002,80.2663116455,51019,51029,10
13.0294799805,80.2665786743,51029,51039,10
13.0298299789,80.2666473389,51039,51049,10
13.0303602219,80.266708374,51049,51059,10
13.0309801102,80.2668304443,51059,51069,10
13.0316400528,80.2671127319,51069,51079,10
13.0322303772,80.2673416138,51079,51089,10
13.0325899124,80.2675170898,51089,51100,11
13.0329999924,80.2676773071,51100,51110,10
13.0334596634,80.2678070068,51110,51120,10
13.0338001251,80.2678985596,51120,51130,10
13.0339899063,80.2679367065,51130,51140,10
13.0345201492,80.2680282593,51140,51160,20
13.0345201492,80.2680282593,51160,51170,10
13.0346002579,80.2681808472,51170,51180,10
13.0344400406,80.268119812,51180,51190,10
13.0340795517,80.2679824829,51190,51201,11
13.0336198807,80.267906189,51201,51211,10
13.0333499908,80.2678604126,51211,51281,70
13.0333499908,80.2678604126,51281,51291,10
13.0329799652,80.2677764893,51291,51302,11
13.0325603485,80.2675018311,51302,51312,10
13.0321903229,80.2673416138,51312,51322,10
13.0320701599,80.2672805786,51322,51332,10
13.031709671,80.2671127319,51332,51342,10
13.0310401917,80.2668685913,51342,51352,10
13.0303297043,80.2667388916,51352,51362,10
13.029800415,80.2666168213,51362,51372,10
13.0297603607,80.2666015625,51372,51382,10
13.0296201706,80.2666015625,51382,51392,10
13.0292396545,80.2665176392,51392,51403,11
13.0288496017,80.266418457,51403,51413,10
13.0282297134,80.2662963867,51413,51423,10
13.0276002884,80.266242981,51423,51433,10
13.02684021,80.2661437988,51433,51443,10
13.0262804031,80.2659835815,51443,51453,10
13.0257997513,80.2656936646,51453,51463,10
13.0253200531,80.2653579712,51463,51483,20
13.0253200531,80.2653579712,51483,51493,10
13.0251197815,80.2651824951,51493,51503,10
13.0246601105,80.264831543,51503,51514,11
13.0239896774,80.2643508911,51514,51524,10
13.0233602524,80.2640304565,51524,51534,10
13.0226697922,80.263671875,51534,51544,10
13.0221500397,80.2634277344,51544,51554,10
13.0221300125,80.2634277344,51554,51564,10
13.0219497681,80.2633209229,51564,51574,10
13.0215196609,80.2631378174,51574,51584,10
13.0207700729,80.2630233765,51584,51594,10
13.0200996399,80.2629928589,51594,51604,10
13.0194101334,80.2629013062,51604,51615,11
13.0189599991,80.262802124,51615,51625,10
13.0188102722,80.2621612549,51625,51635,10
13.018699646,80.2615127563,51635,51645,10
13.0185604095,80.2612075806,51645,51655,10
13.0180397034,80.2608566284,51655,51665,10
13.0172901154,80.2603607178,51665,51675,10
13.0160598755,80.2596588135,51675,51695,20
13.0160598755,80.2596588135,51695,51705,10
13.0158004761,80.2595367432,51705,51716,11
13.0150995255,80.2593383789,51716,51726,10
13.0142297745,80.2592697144,51726,51736,10
13.0131998062,80.2592315674,51736,51746,10
13.0121898651,80.2591934204,51746,51756,10
13.0112600327,80.2591629028,51756,51766,10
13.0102996826,80.2592086792,51766,51776,10
13.0092697144,80.2591781616,51776,51786,10
13.0088396072,80.2592010498,51786,51796,10
13.0086803436,80.2591781616,51796,51806,10
13.0082197189,80.2591705322,51806,51817,11
13.0074996948,80.2593383789,51817,51827,10
13.0072002411,80.2587280273,51827,51837,10
13.0071697235,80.2586669922,51837,51847,10
13.0069999695,80.2583236694,51847,51857,10
13.0068502426,80.2580413818,51857,51867,10
13.0065803528,80.2576599121,51867,51877,10
13.0065002441,80.2571716309,51877,51887,10
13.0064697266,80.2565231323,51887,51897,10
13.0064601898,80.2556304932,51897,51907,10
13.006529808,80.2547683716,51907,51918,11
13.0065097809,80.2531890869,51918,51938,20
13.0065097809,80.2531890869,51938,51948,10
13.0065202713,80.2529602051,51948,51958,10
13.0065202713,80.2527770996,51958,51968,10
13.006529808,80.2525634766,51968,51978,10
13.0066204071,80.2520217896,51978,52059,81
13.0066204071,80.2520217896,52059,52069,10
13.0066299438,80.2517929077,52069,52079,10
13.0067396164,80.2512969971,52079,52089,10
13.0067796707,80.2504577637,52089,52099,10
13.0067596436,80.2496566772,52099,52109,10
13.0067596436,80.2496032715,52109,52119,10
13.0067796707,80.2492523193,52119,52130,11
13.0067100525,80.2484970093,52130,52140,10
13.0066404343,80.2478103638,52140,52190,50
13.0066404343,80.2478103638,52190,52200,10
13.0066604614,80.2476806641,52200,52210,10
13.0066604614,80.2472229004,52210,52220,10
13.0065898895,80.2466506958,52220,52231,11
13.0065898895,80.2464981079,52231,52241,10
13.0066003799,80.2464065552,52241,52251,10
13.0066299438,80.2461395264,52251,52261,10
13.0066099167,80.2454528809,52261,52271,10
13.0065898895,80.2446289063,52271,52281,10
13.0065803528,80.2439193726,52281,52291,10
13.0065603256,80.2431335449,52291,52301,10
13.0065498352,80.2423171997,52301,52311,10
13.0065603256,80.2417373657,52311,52321,10
13.0065603256,80.2417297363,52321,52332,11
13.0065803528,80.2413330078,52332,52342,10
13.0066995621,80.2406921387,52342,52362,20
13.0066995621,80.2406921387,52362,52372,10
13.0067100525,80.2404403687,52372,52382,10
13.0067901611,80.2400131226,52382,52392,10
13.0068998337,80.2391891479,52392,52402,10
13.007109642,80.2382736206,52402,52412,10
13.0072498322,80.2376022339,52412,52422,10
13.007399559,80.2367477417,52422,52443,21
13.007399559,80.2367477417,52443,52453,10
13.0074796677,80.2365570068,52453,52463,10
13.007610321,80.2360076904,52463,52473,10
13.0077695847,80.2351608276,52473,52483,10
13.0079698563,80.2341995239,52483,52493,10
13.0081996918,80.233039856,52493,52503,10
13.0084495544,80.2317810059,52503,52513,10
13.0087203979,80.2305526733,52513,52523,10
13.0089502335,80.2293167114,52523,52532,9
13.0091695786,80.2282867432,52532,52544,12
13.0096998215,80.2270431519,52544,52554,10
13.010140419,80.2261123657,52554,52564,10
13.0105600357,80.2253265381,52564,52574,10
13.0108804703,80.2245178223,52574,52584,10
13.0111303329,80.2238616943,52584,52604,20
13.0111303329,80.2238616943,52604,52614,10
13.0112400055,80.2234573364,52614,52624,10
13.0114202499,80.2229919434,52624,52634,10
13.0117397308,80.2222976685,52634,52645,11
13.0120601654,80.221496582,52645,52655,10
13.012339592,80.2214813232,52655,52665,10
13.0125598907,80.2218017578,52665,52675,10
13.0129098892,80.2221374512,52675,52685,10
13.0135498047,80.222869873,52685,52695,10
13.0141096115,80.2235412598,52695,52705,10
13.0144395828,80.2238082886,52705,52715,10
13.0150003433,80.2244415283,52715,52725,10
13.015250206,80.2247009277,52725,52735,10
13.0153799057,80.2248001099,52735,52746,11
13.0158195496,80.2251968384,52746,52756,10
13.0165395737,80.2252426147,52756,52766,10
13.0173797607,80.2249679565,52766,52776,10
13.0182800293,80.2246170044,52776,52786,10
13.0190095901,80.2243728638,52786,52796,10
13.0195503235,80.2244415283,52796,52806,10
13.0199098587,80.2246398926,52806,52816,10
13.0202102661,80.2248764038,52816,52826,10
13.0206403732,80.2251815796,52826,52836,10
13.0212097168,80.2255935669,52836,52847,11
13.0217399597,80.225982666,52847,52857,10
13.0217695236,80.2259979248,52857,52867,10
13.0220003128,80.2261734009,52867,52877,10
13.022359848,80.2265090942,52877,52887,10
13.0229301453,80.2270126343,52887,52897,10
13.0236101151,80.2276229858,52897,52907,10
13.0241003036,80.2281036377,52907,52917,10
13.0241804123,80.2282028198,52917,52927,10
13.0243597031,80.2284622192,52927,52937,10
13.0246801376,80.2289810181,52937,52948,11
13.025179863,80.229637146,52948,52958,10
13.0256900787,80.2303390503,52958,52968,10
13.025970459,80.231010437,52968,52978,10
13.0260601044,80.2312927246,52978,52988,10
13.0266199112,80.2311401367,52988,52998,10
13.0273895264,80.2309570313,52998,53008,10
13.0280895233,80.2309036255,53008,53018,10
13.028380394,80.2308578491,53018,53028,10
13.0286998749,80.2308273315,53028,53059,31
13.0286998749,80.2308273315,53059,53069,10
13.0289697647,80.2308502197,53069,53079,10
13.029299736,80.2308273315,53079,53089,10
13.0297899246,80.2307815552,53089,53099,10
13.030380249,80.2307281494,53099,53109,10
13.0309000015,80.230682373,53109,53119,10
13.0312900543,80.2306594849,53119,53129,10
13.0318498611,80.2306213379,53129,53139,10
13.0325098038,80.2305831909,53139,53149,10
13.0332603455,80.2305221558,53149,53160,11
13.0338401794,80.2304534912,53160,53170,10
13.0344495773,80.2303771973,53170,53220,50
13.0346698761,80.2303237915,53220,53240,20
13.0346698761,80.2303237915,53240,53250,10
13.0348997116,80.2301635742,53250,53261,11
13.0349397659,80.2300415039,53261,53271,10
13.034740448,80.2300262451,53271,53281,10
13.0344800949,80.2300262451,53281,53897,616
13.0341300964,80.2299804688,53897,54533,636
13.0341300964,80.2299804688,54533,54543,10
13.0341501236,80.2303009033,54543,54553,10
13.0340995789,80.2303695679,54553,54563,10
13.0338697433,80.2304382324,54563,54573,10
13.0333995819,80.2304611206,54573,54583,10
13.0327596664,80.2305221558,54583,54593,10
13.0321302414,80.2305908203,54593,54604,11
13.0314702988,80.2306518555,54604,54614,10
13.0309495926,80.230682373,54614,54624,10
13.0305099487,80.23072052,54624,54634,10
13.0301399231,80.2307662964,54634,54644,10
13.0299396515,80.230796814,54644,54654,10
13.0298404694,80.230796814,54654,54664,10
13.029540062,80.2308273315,54664,54674,10
13.0289802551,80.2308807373,54674,54684,10
13.0282201767,80.2309417725,54684,54694,10
13.027759552,80.2309570313,54694,54705,11
13.0276899338,80.231300354,54705,54715,10
13.0277500153,80.2317581177,54715,54725,10
13.0278301239,80.232383728,54725,54735,10
13.0277500153,80.2327423096,54735,54745,10
13.0269098282,80.2329177856,54745,54826,81
13.0269098282,80.2329177856,54826,54836,10
13.0265903473,80.2330093384,54836,54846,10
13.0262804031,80.2324676514,54846,54856,10
13.02602005,80.2315673828,54856,54866,10
13.0256996155,80.230506897,54866,54876,10
13.0251197815,80.2296829224,54876,54886,10
13.0245704651,80.2289886475,54886,54896,10
13.0242500305,80.2285766602,54896,54906,10
13.0239400864,80.2282562256,54906,54917,11
13.0239295959,80.2282485962,54917,54927,10
13.0238304138,80.2280502319,54927,54937,10
13.0233697891,80.2276077271,54937,54947,10
13.0228900909,80.2270812988,54947,54957,10
13.0221996307,80.2264633179,54957,54967,10
13.021320343,80.2257766724,54967,54977,10
13.0205497742,80.2251968384,54977,54987,10
13.0197401047,80.224647522,54987,54997,10
13.0186500549,80.2244873047,54997,55007,10
13.0176000595,80.2249221802,55007,55018,11
13.0167198181,80.2253189087,55018,55028,10
13.0163402557,80.2254714966,55028,55038,10
13.0158996582,80.2256393433,55038,55048,10
13.0154304504,80.2258224487,55048,55058,10
13.0148696899,80.22605896,55058,55068,10
13.0142097473,80.226348877,55068,55088,20
13.0142097473,80.226348877,55088,55098,10
13.0139799118,80.2264480591,55098,55108,10
13.0133600235,80.2266464233,55108,55119,11
13.0123996735,80.2270431519,55119,55129,10
13.0114002228,80.2274169922,55129,55139,10
13.0103397369,80.2278289795,55139,55149,10
13.0093097687,80.2283172607,55149,55159,10
13.0089597702,80.2294235229,55159,55169,10
13.0087003708,80.230758667,55169,55179,10
13.0084295273,80.2321624756,55179,55189,10
13.0081996918,80.2337188721,55189,55209,20
13.0081996918,80.2337188721,55209,55220,11
13.008099556,80.23412323,55220,55230,10
13.0079603195,80.2348327637,55230,55240,10
13.0077896118,80.2356033325,55240,55250,10
13.0075798035,80.236656189,55250,55260,10
13.007349968,80.2377700806,55260,55270,10
13.0071897507,80.2386627197,55270,55280,10
13.007060051,80.2393798828,55280,55290,10
13.0069103241,80.239982605,55290,55331,41
13.0069103241,80.239982605,55331,55341,10
13.0068502426,80.2405166626,55341,55371,30
13.0068502426,80.2405166626,55371,55381,10
13.0067501068,80.2407531738,55381,55391,10
13.0066995621,80.2412719727,55391,55401,10
13.0066900253,80.2421188354,55401,55411,10
13.0066795349,80.2431335449,55411,55421,10
13.0066604614,80.244140625,55421,55432,11
13.0066099167,80.2450637817,55432,55442,10
13.0066699982,80.2456207275,55442,55452,10
13.0066995621,80.2463226318,55452,55462,10
13.0067100525,80.2465591431,55462,55472,10
13.0067396164,80.2470016479,55472,55482,10
13.0066995621,80.247718811,55482,55492,10
13.0067195892,80.2487030029,55492,55502,10
13.0068101883,80.2492828369,55502,55512,10
13.0067996979,80.249420166,55512,55522,10
13.0067596436,80.2495269775,55522,55533,11
13.0067596436,80.2501373291,55533,55543,10
13.0067796707,80.2509994507,55543,55553,10
13.0066299438,80.2520599365,55553,55563,10
13.0065402985,80.253112793,55563,55573,10
13.006529808,80.2540893555,55573,55583,10
13.0065603256,80.2547607422,55583,55593,10
13.0065803528,80.2555618286,55593,55603,10
13.0066003799,80.256401062,55603,55613,10
13.0066299438,80.2568588257,55613,55654,41
13.0066299438,80.2568588257,55654,55664,10
13.006649971,80.256980896,55664,55674,10
13.006770134,80.2574615479,55674,55684,10
13.0071001053,80.2581481934,55684,55694,10
13.007519722,80.2585372925,55694,55704,10
13.007610321,80.2585830688,55704,55714,10
13.0077896118,80.2586898804,55714,55724,10
13.008310318,80.2589111328,55724,55734,10
13.0089597702,80.2590713501,55734,55745,11
13.0098104477,80.2590713501,55745,55755,10
13.0107803345,80.2591018677,55755,55765,10
13.0118999481,80.2590789795,55765,55774,9
13.012840271,80.2591171265,55774,55785,11
13.0142698288,80.2592010498,55785,55795,10
13.0155601501,80.2592697144,55795,55805,10
13.016119957,80.2594833374,55805,55815,10
13.0162000656,80.2595291138,55815,55825,10
13.0162801743,80.2595825195,55825,55835,10
13.0166196823,80.2598571777,55835,55846,11
13.017250061,80.2602767944,55846,55856,10
13.0178499222,80.2606811523,55856,55866,10
13.0183801651,80.2610397339,55866,55876,10
13.0190296173,80.2615585327,55876,55886,10
13.0195503235,80.2620010376,55886,55896,10
13.0200996399,80.262512207,55896,55906,10
13.0201997757,80.2626037598,55906,55916,10
13.0206203461,80.262802124,55916,55926,10
13.0214004517,80.2630386353,55926,55936,10
13.0220098495,80.2632980347,55936,55947,11
13.0224199295,80.2635269165,55947,55957,10
13.0229196548,80.2637405396,55957,55967,10
13.0230197906,80.2637863159,55967,55977,10
13.0230798721,80.2639083862,55977,55987,10
13.0234899521,80.2641372681,55987,55997,10
13.024189949,80.2645111084,55997,56007,10
13.024720192,80.2648773193,56007,56017,10
13.0252199173,80.2652587891,56017,56027,10
13.0257997513,80.2656173706,56027,56037,10
13.0262098312,80.2658233643,56037,56048,11
13.0263595581,80.2654190063,56048,56058,10
13.0263900757,80.2648468018,56058,56068,10
13.0265197754,80.2639465332,56068,56088,20
13.0265197754,80.2639465332,56088,56098,10
13.0265302658,80.2639007568,56098,56108,10
13.0265703201,80.2635192871,56108,56118,10
13.0268602371,80.2633972168,56118,56128,10
13.027469635,80.2635498047,56128,56138,10
13.0281600952,80.2637405396,56138,56148,10
13.0282897949,80.2637786865,56148,56159,11
13.0284204483,80.2638092041,56159,56169,10
13.028840065,80.263961792,56169,56179,10
13.0292901993,80.2641372681,56179,56189,10
13.029299736,80.264541626,56189,56199,10
13.0292901993,80.2651977539,56199,56209,10
13.0292100906,80.2661972046,56209,56239,30
13.0292100906,80.2661972046,56239,56249,10
13.0291700363,80.2663879395,56249,56260,11
13.0292100906,80.2665023804,56260,56270,10
13.0296401978,80.2666015625,56270,56280,10
13.0303602219,80.2666931152,56280,56290,10
13.0312004089,80.2668762207,56290,56300,10
13.0320396423,80.2671966553,56300,56310,10
13.0325403214,80.2674636841,56310,56320,10
13.032959938,80.2677001953,56320,56330,10
13.0333299637,80.2677688599,56330,56340,10
13.0338602066,80.2678985596,56340,56361,21
13.0338602066,80.2678985596,56361,56371,10
13.0339202881,80.2679367065,56371,56381,10
13.0345497131,80.2680130005,56381,56401,20
13.0345497131,80.2680130005,56401,56411,10
13.0343198776,80.2680435181,56411,56431,20
13.0343198776,80.2680435181,56431,56441,10
13.0341796875,80.2680206299,56441,56451,10
13.0339698792,80.2679824829,56451,56462,11
13.0338201523,80.2679367065,56462,56472,10
13.0335903168,80.2679290771,56472,56482,10
13.0333299637,80.2678833008,56482,57512,1030
13.0333299637,80.2678833008,57512,57522,10
13.0331096649,80.2676925659,57522,57532,10
13.0327701569,80.2676086426,57532,57542,10
13.0326700211,80.267578125,57542,57552,10
13.0325498581,80.2674636841,57552,57562,10
13.0324201584,80.2674026489,57562,57572,10
13.0319404602,80.2671890259,57572,57582,10
13.0312595367,80.2669296265,57582,57593,11
13.0304803848,80.2667694092,57593,57603,10
13.0298404694,80.2666931152,57603,57613,10
13.0296897888,80.2666625977,57613,57623,10
13.029540062,80.2666397095,57623,57633,10
13.0293502808,80.2666091919,57633,57643,10
13.0291204453,80.2664794922,57643,57653,10
13.0285396576,80.2663116455,57653,57663,10
13.0276699066,80.266166687,57663,57673,10
13.02684021,80.2660598755,57673,57683,10
13.0262403488,80.265953064,57683,57693,10
13.0256900787,80.2656402588,57693,57704,11
13.025179863,80.2653274536,57704,57724,20
13.025179863,80.2653274536,57724,57734,10
13.024939537,80.2651062012,57734,57744,10
13.0244102478,80.2646865845,57744,57754,10
13.0237197876,80.2642593384,57754,57764,10
13.0229196548,80.2638397217,57764,57774,10
13.0220804214,80.263458252,57774,57794,20
13.0220804214,80.263458252,57794,57805,11
13.0219697952,80.263381958,57805,57815,10
13.0216302872,80.2632217407,57815,57825,10
13.0206604004,80.2630462646,57825,57845,20
13.0206604004,80.2630462646,57845,57855,10
13.0206403732,80.2630233765,57855,57865,10
13.0202302933,80.2630081177,57865,57875,10
13.019610405,80.2629470825,57875,57885,10
13.0190696716,80.2628936768,57885,57895,10
13.0189199448,80.2624664307,57895,57906,11
13.0187797546,80.2615585327,57906,57916,10
13.0181903839,80.2610015869,57916,57926,10
13.0175104141,80.2605361938,57926,57936,10
13.016869545,80.2601318359,57936,57946,10
13.0160598755,80.2597122192,57946,57966,20
13.0160598755,80.2597122192,57966,57976,10
13.0158700943,80.2596206665,57976,57986,10
13.0152797699,80.2594070435,57986,57996,10
13.0144395828,80.2593231201,57996,58007,11
13.0133199692,80.2592468262,58007,58017,10
13.0120601654,80.2591934204,58017,58027,10
13.0108699799,80.2591934204,58027,58037,10
13.0099096298,80.2592773438,58037,58047,10
13.0098104477,80.2592773438,58047,58057,10
13.0094203949,80.2592391968,58057,58067,10
13.0088596344,80.2592010498,58067,58077,10
13.008649826,80.2592010498,58077,58087,10
13.0081501007,80.2591705322,58087,58097,10
13.007519722,80.2593688965,58097,58108,11
13.0072603226,80.2588424683,58108,58118,10
13.0072097778,80.2587280273,58118,58128,10
13.0071201324,80.2585220337,58128,58138,10
13.006819725,80.2579879761,58138,58148,10
13.0065402985,80.2573394775,58148,58158,10
13.0064897537,80.2567672729,58158,58168,10
13.0064601898,80.2560577393,58168,58178,10
13.006480217,80.2553634644,58178,58188,10
13.0065202713,80.254737854,58188,58198,10
13.0065002441,80.2542114258,58198,58209,11
13.0064697266,80.2531890869,58209,58229,20
13.0064697266,80.2531890869,58229,58239,10
13.0064697266,80.253036499,58239,58249,10
13.006480217,80.2527999878,58249,58259,10
13.0065803528,80.2521514893,58259,58269,10
13.0067300797,80.2512207031,58269,58279,10
13.0067300797,80.2500686646,58279,58289,10
13.0067195892,80.2495727539,58289,58299,10
13.0067100525,80.249382019,58299,58309,10
13.0066699982,80.2487792969,58309,58320,11
13.0066404343,80.2484970093,58320,58330,10
13.0066299438,80.2483062744,58330,58340,10
13.0066099167,80.2480316162,58340,58350,10
13.0066099167,80.2474517822,58350,58360,10
13.0066099167,80.2469100952,58360,58370,10
13.0065603256,80.2466888428,58370,58380,10
13.0065603256,80.2466506958,58380,58390,10
13.0066404343,80.2461624146,58390,58400,10
13.0066404343,80.2453689575,58400,58410,10
13.0066204071,80.2447433472,58410,58421,11
13.0066204071,80.2444381714,58421,58431,10
13.0066099167,80.2441329956,58431,58441,10
13.0066003799,80.2436599731,58441,58451,10
13.0065698624,80.2430496216,58451,58461,10
13.0065603256,80.2423706055,58461,58471,10
13.0065402985,80.2417602539,58471,58481,10
13.0065402985,80.2416687012,58481,58491,10
13.0065803528,80.2412185669,58491,58501,10
13.0066699982,80.2406005859,58501,58522,21
13.0066699982,80.2406005859,58522,58532,10
13.0067396164,80.2403182983,58532,58542,10
13.0068597794,80.2396621704,58542,58552,10
13.0070400238,80.2387619019,58552,58562,10
13.0072202682,80.2378768921,58562,58572,10
13.007349968,80.2372436523,58572,58582,10
13.0073795319,80.2368164063,58582,58602,20
13.0073795319,80.2368164063,58602,58612,10
13.0074501038,80.2366409302,58612,58623,11
13.0076398849,80.2360076904,58623,58633,10
13.0078001022,80.235168457,58633,58643,10
13.0079898834,80.2342300415,58643,58653,10
13.0081796646,80.233253479,58653,58663,10
13.0083904266,80.2321395874,58663,58673,10
13.008649826,80.2308425903,58673,58683,10
13.0088996887,80.2295684814,58683,58693,10
13.0090999603,80.2285232544,58693,58703,10
13.0094203949,80.2276306152,58703,58713,10
13.0098304749,80.2267227173,58713,58724,11
13.0103197098,80.2256774902,58724,58734,10
13.0106801987,80.2249679565,58734,58744,10
13.0109901428,80.2242431641,58744,58754,10
13.0112600327,80.2236099243,58754,58774,20
13.0112600327,80.2236099243,58774,58784,10
13.0114297867,80.2232818604,58784,58794,10
13.0116500854,80.2226486206,58794,58804,10
13.0119895935,80.2218322754,58804,58814,10
13.0123796463,80.2216567993,58814,58824,10
13.0127401352,80.2220993042,58824,58835,11
13.0133304596,80.2227401733,58835,58845,10
13.013999939,80.2235412598,58845,58855,10
13.0145101547,80.2241287231,58855,58865,10
13.015130043,80.2247390747,58865,58875,10
13.0154495239,80.2249526978,58875,58885,10
13.0154895782,80.2249832153,58885,58895,10
13.0156602859,80.2250976563,58895,58905,10
13.0162200928,80.2253570557,58905,58915,10
13.0171298981,80.2251281738,58915,58925,10
13.0181903839,80.2247009277,58925,58936,11
13.0192203522,80.2243881226,58936,58946,10
13.0195703506,80.2244262695,58946,58956,10
13.0195798874,80.2244262695,58956,58966,10
13.0197200775,80.2245330811,58966,58976,10
13.0200195313,80.2247467041,58976,58986,10
13.0204801559,80.225112915,58986,58996,10
13.0210599899,80.2255325317,58996,59006,10
13.02202034,80.2262420654,59006,59026,20
13.02202034,80.2262420654,59026,59037,11
13.0222501755,80.2264404297,59037,59047,10
13.0227298737,80.2268676758,59047,59057,10
13.0233097076,80.2273864746,59057,59067,10
13.023900032,80.2279663086,59067,59077,10
13.0243301392,80.2283935547,59077,59097,20
13.0243301392,80.2283935547,59097,59107,10
13.024479866,80.2286376953,59107,59117,10
13.0247297287,80.2290267944,59117,59127,10
13.0250902176,80.2294998169,59127,59138,11
13.0255498886,80.2300796509,59138,59148,10
13.0258398056,80.2305374146,59148,59158,10
13.0260095596,80.2310409546,59158,59168,10
13.0260896683,80.2313537598,59168,59178,10
13.0266199112,80.2312698364,59178,59188,10
13.0274600983,80.2310562134,59188,59198,10
13.0283603668,80.2309417725,59198,59218,20
13.0283603668,80.2309417725,59218,59228,10
13.0285997391,80.2309188843,59228,59239,11
13.0288600922,80.2308883667,59239,59259,20
13.0288600922,80.2308883667,59259,59269,10
13.0290403366,80.2309036255,59269,59279,10
13.0293798447,80.2308807373,59279,59289,10
13.02987957,80.2308425903,59289,59299,10
13.0302801132,80.230796814,59299,59309,10
13.0305595398,80.2307815552,59309,59319,10
13.0305900574,80.2307815552,59319,59329,10
13.0310096741,80.2307434082,59329,59340,11
13.0317201614,80.2306671143,59340,59350,10
13.0326004028,80.2305908203,59350,59360,10
13.0337095261,80.2305221558,59360,59380,20
13.0337095261,80.2305221558,59380,59390,10
13.0337696075,80.2305221558,59390,59400,10
13.0339803696,80.2304992676,59400,59491,91
13.0339803696,80.2304992676,59491,59501,10
13.0341501236,80.23046875,59501,59511,10
13.0344400406,80.2304534912,59511,59521,10
13.0348501205,80.2303314209,59521,59531,10
13.0348596573,80.2300872803,59531,59541,10
13.0345697403,80.2300720215,59541,59713,172
13.034239769,80.2300109863,59713,60622,909
13.034239769,80.2300109863,60622,60632,10
13.0341796875,80.2302780151,60632,60642,10
13.0341396332,80.230430603,60642,60652,10
13.0338802338,80.23046875,60652,60662,10
13.0335798264,80.2304916382,60662,60673,11
13.0334396362,80.230506897,60673,60683,10
13.0330295563,80.2305297852,60683,60693,10
13.0323495865,80.2305908203,60693,60703,10
13.0318202972,80.2306289673,60703,60713,10
13.0312204361,80.230682373,60713,60723,10
13.0307197571,80.23072052,60723,60733,10
13.0301103592,80.2307815552,60733,60743,10
13.0297803879,80.2308273315,60743,60753,10
13.0297298431,80.2308273315,60753,60763,10
13.0293102264,80.2308425903,60763,60774,11
13.0285396576,80.2309188843,60774,60784,10
13.0279302597,80.2309799194,60784,60794,10
13.0276699066,80.2311019897,60794,60804,10
13.0277004242,80.2315826416,60804,60814,10
13.0277395248,80.2320098877,60814,60824,10
13.0278196335,80.2324295044,60824,60834,10
13.0277700424,80.2328262329,60834,60844,10
13.027299881,80.2329025269,60844,60854,10
13.0268802643,80.2329711914,60854,60864,10
13.0266199112,80.2330322266,60864,60874,10
13.0263900757,80.2329025269,60874,60885,11
13.0261802673,80.2322692871,60885,60895,10
13.02602005,80.2316589355,60895,60905,10
13.0259103775,80.2311782837,60905,60915,10
13.0258197784,80.2308273315,60915,60925,10
13.025759697,80.2306518555,60925,60935,10
13.025560379,80.2303009033,60935,60945,10
13.0251302719,80.2296829224,60945,60955,10
13.0245800018,80.2289810181,60955,60965,10
13.0243701935,80.2287368774,60965,60975,10
13.0242795944,80.2285919189,60975,60986,11
13.0239896774,80.2282867432,60986,60996,10
13.0239801407,80.2282791138,60996,61006,10
13.023900032,80.2282028198,61006,61016,10
13.0235395432,80.2277832031,61016,61026,10
13.0229997635,80.2272491455,61026,61036,10
13.0223398209,80.2266235352,61036,61046,10
13.0215196609,80.2259597778,61046,61056,10
13.0207700729,80.2253570557,61056,61066,10
13.02023983,80.2249984741,61066,61076,10
13.0198698044,80.2247390747,61076,61087,11
13.0192403793,80.2244567871,61087,61097,10
13.0183897018,80.224609375,61097,61107,10
13.0174999237,80.2249679565,61107,61117,10
13.0166101456,80.2253570557,61117,61126,9
13.0159597397,80.2256011963,61126,61137,11
13.0150995255,80.2259292603,61137,61147,10
13.0143699646,80.2262268066,61147,61157,10
13.0140800476,80.2264099121,61157,61167,10
13.0140600204,80.2264175415,61167,61177,10
13.0140399933,80.2264328003,61177,61188,11
13.0136299133,80.2265319824,61188,61198,10
13.012960434,80.2267837524,61198,61208,10
13.0120897293,80.2271194458,61208,61218,10
13.0110301971,80.2275390625,61218,61228,10
13.0101003647,80.2279129028,61228,61238,10
13.0092401505,80.2283630371,61238,61248,10
13.0089597702,80.229347229,61248,61258,10
13.0087299347,80.2305603027,61258,61268,10
13.0085000992,80.2318115234,61268,61278,10
13.0082798004,80.2330093384,61278,61289,11
13.0081796646,80.2337188721,61289,61309,20
13.0081796646,80.2337188721,61309,61319,10
13.0081195831,80.2339477539,61319,61329,10
13.0079898834,80.2345581055,61329,61339,10
13.0078001022,80.2354736328,61339,61349,10
13.0075597763,80.2366485596,61349,61359,10
13.0073299408,80.2379379272,61359,61369,10
13.0071401596,80.2389602661,61369,61379,10
13.0070495605,80.2395935059,61379,61389,10
13.0069799423,80.2400817871,61389,61420,31
13.0069799423,80.2400817871,61420,61430,10
13.0069599152,80.2404785156,61430,61440,10
13.0068902969,80.2407836914,61440,61450,10
13.0068502426,80.2408599854,61450,61460,10
13.0067596436,80.2413330078,61460,61470,10
13.0067300797,80.2422027588,61470,61480,10
13.0066995621,80.2431488037,61480,61490,10
13.0066995621,80.2439193726,61490,61501,11
13.0067100525,80.2447967529,61501,61511,10
13.0067100525,80.2456130981,61511,61521,10
13.0067300797,80.2462768555,61521,61531,10
13.0067501068,80.2470092773,61531,61541,10
13.0067300797,80.2478027344,61541,61551,10
13.006770134,80.2487030029,61551,61561,10
13.0068902969,80.2495803833,61561,61581,20
13.0068902969,80.2495803833,61581,61591,10
13.0068902969,80.24974823,61591,61602,11
13.0068597794,80.2503509521,61602,61612,10
13.0068597794,80.2506637573,61612,61622,10
13.0068597794,80.2508392334,61622,61632,10
13.0068702698,80.2510299683,61632,61642,10
13.0068397522,80.2513580322,61642,61652,10
13.0067195892,80.2518081665,61652,61662,10
13.0065803528,80.2525634766,61662,61672,10
13.0065603256,80.2533874512,61672,61682,10
13.0065803528,80.25440979,61682,61692,10
13.0066404343,80.2555923462,61692,61703,11
13.0066604614,80.2567977905,61703,61713,10
13.006819725,80.2577285767,61713,61723,10
13.0072202682,80.2583694458,61723,61733,10
13.0077295303,80.2586593628,61733,61743,10
13.0077600479,80.258682251,61743,61753,10
13.0078601837,80.2587432861,61753,61763,10
13.0083503723,80.2589569092,61763,61773,10
13.0090303421,80.2591171265,61773,61783,10
13.0098896027,80.2591323853,61783,61793,10
13.0109996796,80.2591400146,61793,61804,11
13.0123500824,80.2591629028,61804,61814,10
13.0136995316,80.2591934204,61814,61824,10
13.0149497986,80.2592315674,61824,61834,10
13.0158901215,80.2594223022,61834,61844,10
13.0165395737,80.259803772,61844,61864,20
13.0165395737,80.259803772,61864,61874,10
13.0167398453,80.259979248,61874,61884,10
13.0172195435,80.2603225708,61884,61894,10
13.0176897049,80.2606430054,61894,61905,11
13.0182104111,80.2609863281,61905,61915,10
13.0187501907,80.2613830566,61915,61925,10
13.0191202164,80.2616882324,61925,61935,10
13.0194101334,80.261932373,61935,61945,10
13.0196800232,80.2621994019,61945,61955,10
13.0201101303,80.2625579834,61955,61965,10
13.0201301575,80.2625808716,61965,61975,10
13.0204801559,80.2627868652,61975,61985,10
13.0211296082,80.2629928589,61985,61995,10
13.0217695236,80.2632369995,61995,62005,10
13.0220298767,80.2633666992,62005,62016,11
13.0225000381,80.2636032104,62016,62026,10
13.0229597092,80.2638168335,62026,62036,10
13.0230197906,80.2638931274,62036,62046,10
13.023150444,80.2640075684,62046,62056,10
13.0236196518,80.2642593384,62056,62066,10
13.0242795944,80.2646408081,62066,62076,10
13.0245895386,80.2648773193,62076,62086,10
13.0249700546,80.2651596069,62086,62096,10
13.0254096985,80.2654495239,62096,62106,10
13.026140213,80.2658615112,62106,62127,21
13.026140213,80.2658615112,62127,62137,10
13.0263395309,80.2657928467,62137,62147,10
13.0263795853,80.2652282715,62147,62157,10
13.0264396667,80.2646026611,62157,62167,10
13.0265102386,80.263999939,62167,62177,10
13.0265102386,80.2639694214,62177,62187,10
13.026550293,80.2637405396,62187,62197,10
13.0266599655,80.2633895874,62197,62207,10
13.0272197723,80.2634963989,62207,62218,11
13.0277500153,80.263633728,62218,62228,10
13.028260231,80.2637863159,62228,62238,10
13.0283203125,80.2638092041,62238,62248,10
13.028670311,80.2639083862,62248,62258,10
13.0292301178,80.2640762329,62258,62268,10
13.0293102264,80.2643508911,62268,62278,10
13.0292901993,80.2649383545,62278,62288,10
13.0292797089,80.2656402588,62288,62298,10
13.0292596817,80.2659988403,62298,62308,10
13.029250145,80.2660827637,62308,62319,11
13.0292100906,80.2662734985,62319,62329,10
13.0291900635,80.266456604,62329,62339,10
13.0293598175,80.2665863037,62339,62349,10
13.0299301147,80.2666397095,62349,62359,10
13.0305404663,80.2667770386,62359,62369,10
13.0312995911,80.2669677734,62369,62379,10
13.0317401886,80.2671432495,62379,62389,10
13.0318002701,80.2671737671,62389,62399,10
13.0320997238,80.2673110962,62399,62409,10
13.0323600769,80.2674102783,62409,62420,11
13.0324001312,80.2674331665,62420,62430,10
13.0325603485,80.2675323486,62430,62440,10
13.0328502655,80.2677307129,62440,62450,10
13.0330095291,80.2677612305,62450,62460,10
13.0333595276,80.267829895,62460,62470,10
13.0337295532,80.2678985596,62470,62510,40
13.0337295532,80.2678985596,62510,62521,11
13.0341100693,80.2679901123,62521,62531,10
13.0344495773,80.2680206299,62531,62541,10
13.0345001221,80.2680130005,62541,62551,10
13.0345401764,80.2681732178,62551,62561,10
13.0344600677,80.2681732178,62561,62571,10
13.0344104767,80.2680969238,62571,62581,10
13.0340795517,80.2679977417,62581,62591,10
13.0333299637,80.2678527832,62591,63369,778
13.0333299637,80.2678527832,63369,63379,10
13.0330400467,80.2677001953,63379,63389,10
13.0326099396,80.267578125,63389,63399,10
13.0324602127,80.2674179077,63399,63409,10
13.0320796967,80.2671966553,63409,63419,10
13.0313997269,80.2669372559,63419,63429,10
13.030579567,80.2667236328,63429,63439,10
13.0298595428,80.2666397095,63439,63450,11
13.0297203064,80.2666397095,63450,63460,10
13.0296096802,80.2666168213,63460,63470,10
13.0293502808,80.2665863037,63470,63480,10
13.0291795731,80.2665405273,63480,63490,10
13.0287904739,80.2663574219,63490,63500,10
13.0280895233,80.2662506104,63500,63510,10
13.0273599625,80.2661514282,63510,63520,10
13.026309967,80.2659835815,63520,63551,31
13.026309967,80.2659835815,63551,63561,10
13.0258798599,80.2657699585,63561,63571,10
13.0252199173,80.2653198242,63571,63591,20
13.0252199173,80.2653198242,63591,63601,10
13.0250196457,80.2651519775,63601,63611,10
13.0246601105,80.2648925781,63611,63621,10
13.0240097046,80.2644424438,63621,63631,10
13.0234098434,80.2640991211,63631,63641,10
13.0229797363,80.2638168335,63641,63652,11
13.0221996307,80.2634811401,63652,63682,30
13.0221996307,80.2634811401,63682,63692,10
13.0219602585,80.263381958,63692,63702,10
13.0215597153,80.2631912231,63702,63712,10
13.0207300186,80.2630615234,63712,63722,10
13.0199804306,80.2630081177,63722,63732,10
13.0192499161,80.2629318237,63732,63742,10
13.0189695358,80.2627792358,63742,63753,11
13.0188703537,80.2621231079,63753,63763,10
13.0187397003,80.2615890503,63763,63773,10
13.0183801651,80.2611618042,63773,63783,10
13.0177202225,80.2607269287,63783,63793,10
13.0169897079,80.2602386475,63793,63803,10
13.0163898468,80.2598724365,63803,63813,10
13.0160198212,80.2597122192,63813,63823,10
13.0160102844,80.2596969604,63823,63833,10
13.0159797668,80.2596817017,63833,63843,10
13.0156097412,80.2595062256,63843,63854,11
13.014840126,80.2593536377,63854,63864,10
13.0139703751,80.2593002319,63864,63874,10
13.0129203796,80.259262085,63874,63884,10
13.0119400024,80.2592391968,63884,63894,10
13.0110998154,80.2592163086,63894,63904,10
13.0102796555,80.2592697144,63904,63914,10
13.0098800659,80.2592926025,63914,63924,10
13.0098199844,80.2592697144,63924,63934,10
13.0093898773,80.2592391968,63934,63944,10
13.0087795258,80.2592391968,63944,63954,10
13.0085000992,80.2592315674,63954,63965,11
13.0078601837,80.2593078613,63965,63975,10
13.0073699951,80.2592391968,63975,63985,10
13.0072097778,80.2588195801,63985,63995,10
13.0072002411,80.2588195801,63995,64005,10
13.0071401596,80.2586517334,64005,64015,10
13.0069599152,80.2583618164,64015,64025,10
13.0068101883,80.258102417,64025,64035,10
13.0064897537,80.257598877,64035,64045,10
13.0064601898,80.2570571899,64045,64055,10
13.0064601898,80.256729126,64055,64066,11
13.006480217,80.2560424805,64066,64076,10
13.0065002441,80.2556304932,64076,64086,10
13.0065002441,80.2553710938,64086,64096,10
13.006529808,80.2548522949,64096,64106,10
13.0065002441,80.2540512085,64106,64116,10
13.0065002441,80.2533187866,64116,64126,10
13.006480217,80.2532272339,64126,64136,10
13.0064601898,80.253036499,64136,64197,61
13.0064601898,80.253036499,64197,64207,10
13.006480217,80.2528610229,64207,64217,10
13.0065002441,80.2526016235,64217,64227,10
13.0066003799,80.2520980835,64227,64237,10
13.0067501068,80.2512893677,64237,64247,10
13.0067396164,80.2504196167,64247,64257,10
13.0067195892,80.249710083,64257,64268,11
13.0067195892,80.2496032715,64268,64278,10
13.0067195892,80.2494506836,64278,64288,10
13.0066795349,80.2489089966,64288,64318,30
13.0066795349,80.2489089966,64318,64328,10
13.006649971,80.2486572266,64328,64338,10
13.0066404343,80.2484436035,64338,64348,10
13.0066204071,80.2481384277,64348,64358,10
13.0066099167,80.2477035522,64358,64369,11
13.0066299438,80.2470779419,64369,64379,10
13.0065603256,80.2466125488,64379,64409,30
13.0065603256,80.2466125488,64409,64419,10
13.0066404343,80.2463531494,64419,64429,10
13.0066404343,80.2456970215,64429,64439,10
13.0066404343,80.2449264526,64439,64449,10
13.0066404343,80.244468689,64449,64459,10
13.0066299438,80.2440032959,64459,64470,11
13.0066003799,80.2436065674,64470,64480,10
13.0065803528,80.2431106567,64480,64490,10
13.0065498352,80.2423400879,64490,64500,10
13.0065402985,80.2417221069,64500,64510,10
13.0065498352,80.2416763306,64510,64520,10
13.0065603256,80.2415008545,64520,64530,10
13.0065803528,80.2409362793,64530,64540,10
13.0066795349,80.2404098511,64540,64571,31
13.0066795349,80.2404098511,64571,64581,10
13.0067396164,80.2402572632,64581,64591,10
13.0068397522,80.2398223877,64591,64601,10
13.0069999695,80.2390365601,64601,64611,10
13.0071401596,80.2382125854,64611,64621,10
13.0072803497,80.2375717163,64621,64631,10
13.0073604584,80.2369918823,64631,64651,20
13.0074300766,80.2368011475,64651,64671,20
13.0074300766,80.2368011475,64671,64682,11
13.007519722,80.2364501953,64682,64692,10
13.0076398849,80.2359237671,64692,64702,10
13.0077295303,80.2354812622,64702,64712,10
13.0078001022,80.235168457,64712,64722,10
13.0079202652,80.2345733643,64722,64732,10
13.008099556,80.2337036133,64732,64742,10
13.0083198547,80.2325668335,64742,64752,10
13.0085802078,80.2312393188,64752,64762,10
13.0088396072,80.2298431396,64762,64772,10
13.0091104507,80.2285003662,64772,64783,11
13.0096502304,80.2271499634,64783,64793,10
13.0101099014,80.2261810303,64793,64803,10
13.0103702545,80.2257614136,64803,64813,10
13.010430336,80.2256622314,64813,64823,10
13.0104598999,80.2255783081,64823,64833,10
13.0105600357,80.2253723145,64833,64843,10
13.010720253,80.2250366211,64843,64853,10
13.0108699799,80.224647522,64853,64863,10
13.011059761,80.2242431641,64863,64873,10
13.0111103058,80.2241363525,64873,64884,11
13.0111999512,80.2238693237,64884,64894,10
13.0112695694,80.2235412598,64894,64904,10
13.0115203857,80.2229309082,64904,64914,10
13.0117998123,80.2220687866,64914,64924,10
13.012169838,80.2215194702,64924,64934,10
13.0124797821,80.221786499,64934,64944,10
13.0128698349,80.2222900391,64944,64954,10
13.0133695602,80.2228088379,64954,64964,10
13.0138998032,80.2234268188,64964,64974,10
13.0142402649,80.2238311768,64974,64985,11
13.0146102905,80.2242202759,64985,64995,10
13.015130043,80.2247161865,64995,65025,30
13.015130043,80.2247161865,65025,65035,10
13.0155897141,80.2250900269,65035,65055,20
13.0155897141,80.2250900269,65055,65065,10
13.0157699585,80.2252502441,65065,65075,10
13.0163297653,80.2253875732,65075,65086,11
13.017250061,80.2250823975,65086,65096,10
13.0182800293,80.2246627808,65096,65106,10
13.0192298889,80.2244033813,65106,65116,10
13.0198001862,80.2246017456,65116,65146,30
13.0198001862,80.2246017456,65146,65156,10
13.0199098587,80.2246780396,65156,65166,10
13.0202798843,80.2249526978,65166,65176,10
13.0208902359,80.225402832,65176,65187,11
13.0220098495,80.2261962891,65187,65207,20
13.0220098495,80.2261962891,65207,65217,10
13.02202034,80.2262496948,65217,65227,10
13.022310257,80.2265396118,65227,65237,10
13.0228300095,80.2269973755,65237,65247,10
13.0235004425,80.2276229858,65247,65257,10
13.0240001678,80.2280883789,65257,65267,10
13.0243797302,80.2285308838,65267,65277,10
13.0247001648,80.2289962769,65277,65287,10
13.0250597,80.2294921875,65287,65298,11
13.0255203247,80.2301025391,65298,65308,10
13.0257101059,80.2303771973,65308,65318,10
13.0258197784,80.2305831909,65318,65348,30
13.0258197784,80.2305831909,65348,65358,10
13.0258798599,80.2307815552,65358,65368,10
13.025970459,80.2311401367,65368,65378,10
13.0260601044,80.2313995361,65378,65389,11
13.0266704559,80.2312774658,65389,65399,10
13.0271596909,80.2311477661,65399,65409,10
13.0276098251,80.2310180664,65409,65489,80
13.0276098251,80.2310180664,65489,65500,11
13.0277795792,80.2310028076,65500,65510,10
13.0279598236,80.2310028076,65510,65520,10
13.0284795761,80.2309417725,65520,65540,20
13.0284795761,80.2309417725,65540,65550,10
13.0285596848,80.2309188843,65550,65560,10
13.0290403366,80.2308883667,65560,65621,61
13.0290403366,80.2308883667,65621,65631,10
13.0293502808,80.2308578491,65631,65641,10
13.029709816,80.2308425903,65641,65651,10
13.0302000046,80.2308120728,65651,65661,10
13.0305595398,80.2307662964,65661,65671,10
13.0310602188,80.2307434082,65671,65681,10
13.0315799713,80.2306976318,65681,65691,10
13.0318002701,80.2306976318,65691,65702,11
13.0322399139,80.2306594849,65702,65712,10
13.0331602097,80.2305908203,65712,65732,20
13.0331602097,80.2305908203,65732,65742,10
13.0332403183,80.2305908203,65742,65752,10
13.0335102081,80.2305679321,65752,65762,10
13.0340099335,80.2305603027,65762,65833,71
13.0340099335,80.2305603027,65833,65843,10
13.0342798233,80.2305297852,65843,65853,10
13.0346803665,80.2304000854,65853,65863,10
13.0348901749,80.2302474976,65863,65873,10
13.0347604752,80.2301101685,65873,65883,10
13.0343103409,80.2300720215,65883,66772,889
13.0343103409,80.2300720215,66772,66782,10
13.034119606,80.2303924561,66782,66792,10
13.0340900421,80.2304534912,66792,66802,10
13.0339698792,80.2305221558,66802,66812,10
13.0335798264,80.2305297852,66812,66822,10
13.0334596634,80.2305526733,66822,66833,11
13.0333595276,80.2305908203,66833,66843,10
13.0329399109,80.2306213379,66843,66853,10
13.0323400497,80.2306594849,66853,66863,10
13.03166008,80.2307281494,66863,66893,30
13.03166008,80.2307281494,66893,66903,10
13.0315198898,80.23072052,66903,66913,10
13.0312700272,80.2307434082,66913,66923,10
13.0311498642,80.2307434082,66923,66934,11
13.0310201645,80.230758667,66934,66944,10
13.0307502747,80.2307662964,66944,66954,10
13.0304803848,80.2307662964,66954,66964,10
13.0298204422,80.2308578491,66964,66984,20
13.0298204422,80.2308578491,66984,66994,10
13.0296697617,80.2309036255,66994,67004,10
13.0294399261,80.2309417725,67004,67014,10
13.0290603638,80.2309494019,67014,67024,10
13.0286102295,80.2309875488,67024,67035,11
13.0279903412,80.2310180664,67035,67045,10
13.027680397,80.2311325073,67045,67055,10
13.0277204514,80.2316665649,67055,67065,10
13.0277795792,80.2322006226,67065,67075,10
13.0278902054,80.2327270508,67075,67085,10
13.0274896622,80.2329177856,67085,67095,10
13.0271396637,80.2329788208,67095,67146,51
13.0271396637,80.2329788208,67146,67156,10
13.0269298553,80.2329864502,67156,67166,10
13.0264902115,80.2330474854,67166,67206,40
13.0264902115,80.2330474854,67206,67216,10
13.026260376,80.2326507568,67216,67226,10
13.0262002945,80.2324066162,67226,67237,11
13.0261297226,80.2321395874,67237,67247,10
13.0260295868,80.2317123413,67247,67257,10
13.0258998871,80.2312011719,67257,67267,10
13.0256996155,80.2305908203,67267,67277,10
13.0252103806,80.229888916,67277,67307,30
13.0252103806,80.229888916,67307,67317,10
13.0250396729,80.2296829224,67317,67327,10
13.0249300003,80.2295379639,67327,67337,10
13.0246696472,80.2292175293,67337,67348,11
13.0243597031,80.2287826538,67348,67358,10
13.0240602493,80.2284469604,67358,67378,20
13.0240602493,80.2284469604,67378,67388,10
13.023900032,80.2282180786,67388,67398,10
13.0235395432,80.2278213501,67398,67408,10
13.0230197906,80.2273406982,67408,67418,10
13.0224895477,80.2267990112,67418,67428,10
13.0218696594,80.2262420654,67428,67438,10
13.0212402344,80.2257537842,67438,67449,11
13.0207796097,80.2254180908,67449,67459,10
13.0205602646,80.2252731323,67459,67479,20
13.0205602646,80.2252731323,67479,67489,10
13.0202999115,80.2250900269,67489,67499,10
13.0198602676,80.2247924805,67499,67509,10
13.0190696716,80.2244873047,67509,67519,10
13.0181703568,80.2247619629,67519,67529,10
13.0172996521,80.2251434326,67529,67539,10
13.0166597366,80.2254104614,67539,67550,11
13.0163698196,80.2255325317,67550,67560,10
13.0160303116,80.2256622314,67560,67570,10
13.0156002045,80.2258071899,67570,67580,10
13.0152397156,80.2259597778,67580,67590,10
13.0149097443,80.2260894775,67590,67600,10
13.0142402649,80.2263412476,67600,67630,30
13.0142402649,80.2263412476,67630,67640,10
13.0140895844,80.2264404297,67640,67651,11
13.0136499405,80.2266082764,67651,67661,10
13.0130996704,80.2267684937,67661,67671,10
13.0123796463,80.2270431519,67671,67681,10
13.0115404129,80.2273712158,67681,67691,10
13.0106296539,80.227722168,67691,67701,10
13.0097503662,80.2280807495,67701,67711,10
13.0091295242,80.2286224365,67711,67721,10
13.0089797974,80.2294692993,67721,67731,10
13.0088396072,80.2302017212,67731,67741,10
13.0086898804,80.2309417725,67741,67752,11
13.0086097717,80.2314376831,67752,67762,10
13.008600235,80.2314834595,67762,67772,10
13.0085401535,80.2318191528,67772,67782,10
13.008480072,80.232131958,67782,67792,10
13.0084295273,80.232421875,67792,67802,10
13.0083503723,80.2327804565,67802,67812,10
13.0082998276,80.2330932617,67812,67822,10
13.0082902908,80.2332382202,67822,67832,10
13.0082702637,80.2334671021,67832,67853,21
13.0082597733,80.233581543,67853,67883,30
13.0082597733,80.233581543,67883,67893,10
13.0081701279,80.233833313,67893,67903,10
13.0081396103,80.2339401245,67903,67913,10
13.0080404282,80.2344207764,67913,67954,41
13.0080404282,80.2344207764,67954,67964,10
13.0079402924,80.2349014282,67964,67974,10
13.007809639,80.2354812622,67974,67984,10
13.0077400208,80.2358703613,67984,67994,10
13.0076999664,80.236076355,67994,68004,10
13.0076999664,80.2360916138,68004,68014,10
13.0076303482,80.2364730835,68014,68024,10
13.0075702667,80.2367706299,68024,68034,10
13.007519722,80.2370376587,68034,68044,10
13.0074501038,80.2373809814,68044,68054,10
13.0073604584,80.2378082275,68054,68065,11
13.0072402954,80.2384719849,68065,68236,171
13.0072402954,80.2384719849,68236,68246,10
13.0071697235,80.2387924194,68246,68256,10
13.007060051,80.2393493652,68256,68267,11
13.0069503784,80.2401809692,68267,68277,10
13.0068597794,80.2408599854,68277,68297,20
13.0068597794,80.2408599854,68297,68307,10
13.0067796707,80.2412567139,68307,68317,10
13.0067396164,80.2419891357,68317,68327,10
13.0067100525,80.2429199219,68327,68337,10
13.0066699982,80.2438430786,68337,68347,10
13.0066795349,80.2448883057,68347,68357,10
13.0066995621,80.2457427979,68357,68368,11
13.0067300797,80.2466201782,68368,68388,20
13.0067300797,80.2466201782,68388,68398,10
13.0067396164,80.2469100952,68398,68408,10
13.0067195892,80.2471923828,68408,68418,10
13.0067195892,80.2475509644,68418,68428,10
13.0067100525,80.2482070923,68428,68438,10
13.0067996979,80.2489929199,68438,68448,10
13.0068597794,80.2494277954,68448,68479,31
13.0068597794,80.2494277954,68479,68489,10
13.0068397522,80.249710083,68489,68499,10
13.0067996979,80.2501983643,68499,68509,10
13.0068101883,80.2507705688,68509,68549,40
13.0068101883,80.2507705688,68549,68559,10
13.0067796707,80.2508468628,68559,68570,11
13.0067901611,80.2512664795,68570,68580,10
13.0066604614,80.2518310547,68580,68590,10
13.0065202713,80.2526168823,68590,68600,10
13.0065202713,80.2531814575,68600,68610,10
13.0065202713,80.2537612915,68610,68620,10
13.0065202713,80.2541503906,68620,68630,10
13.0065202713,80.25415802,68630,68640,10
13.0065402985,80.2542877197,68640,68650,10
13.0065498352,80.2544403076,68650,68660,10
13.0065803528,80.2547683716,68660,68671,11
13.0065803528,80.2552871704,68671,68681,10
13.0066003799,80.2559814453,68681,68691,10
13.0066099167,80.2564697266,68691,68701,10
13.0066299438,80.2568283081,68701,68711,10
13.0066404343,80.2569580078,68711,68721,10
13.0066299438,80.2570037842,68721,68731,10
13.0066699982,80.2573928833,68731,68741,10
13.0068798065,80.2579879761,68741,68751,10
13.0073099136,80.2585220337,68751,68761,10
13.0076799393,80.2586669922,68761,68772,11
13.0077295303,80.2587127686,68772,68782,10
13.0080900192,80.2588806152,68782,68792,10
13.0087099075,80.2590866089,68792,68802,10
13.0091695786,80.2591171265,68802,68812,10
13.0098896027,80.2591323853,68812,68822,10
13.0107603073,80.2591400146,68822,68832,10
13.0117902756,80.2591094971,68832,68842,10
13.0129404068,80.2591629028,68842,68852,10
13.0142097473,80.2592086792,68852,68862,10
13.0154104233,80.2592926025,68862,68872,10
13.0164604187,80.2597732544,68872,68893,21
13.0164604187,80.2597732544,68893,68903,10
13.0165500641,80.2598495483,68903,68913,10
13.0168104172,80.2600479126,68913,68923,10
13.0171403885,80.2602920532,68923,68933,10
13.0177497864,80.2606811523,68933,68943,10
13.0182800293,80.2610626221,68943,68953,10
13.018699646,80.2613372803,68953,68963,10
13.0189399719,80.2615585327,68963,68973,10
13.0193195343,80.2618789673,68973,68984,11
13.019780159,80.2623596191,68984,68994,10
13.0201797485,80.2626800537,68994,69014,20
13.0201797485,80.2626800537,69014,69024,10
13.0202598572,80.2627410889,69024,69034,10
13.0206098557,80.2628707886,69034,69044,10
13.0212602615,80.2630691528,69044,69054,10
13.0218296051,80.2632980347,69054,69064,10
13.0219802856,80.2633972168,69064,69074,10
13.0221796036,80.2634887695,69074,69085,11
13.022359848,80.2635574341,69085,69095,10
13.0227003098,80.2637405396,69095,69105,10
13.0229701996,80.2638778687,69105,69115,10
13.0230903625,80.2639465332,69115,69125,10
13.0235004425,80.2641830444,69125,69135,10
13.0241203308,80.2645568848,69135,69145,10
13.0245599747,80.2649002075,69145,69155,10
13.0249595642,80.2652206421,69155,69165,10
13.0255002975,80.2655715942,69165,69175,10
13.0259103775,80.2658081055,69175,69186,11
13.0261602402,80.2659225464,69186,69216,30
13.0261602402,80.2659225464,69216,69226,10
13.0263299942,80.265838623,69226,69236,10
13.0263299942,80.2655715942,69236,69246,10
13.0263395309,80.2652511597,69246,69256,10
13.0263996124,80.2647781372,69256,69266,10
13.0264501572,80.2641830444,69266,69276,10
13.0264797211,80.2640609741,69276,69287,11
13.0265102386,80.2639389038,69287,69297,10
13.026550293,80.2636489868,69297,69307,10
13.0267601013,80.2634506226,69307,69317,10
13.0272903442,80.2635421753,69317,69327,10
13.0280399323,80.263710022,69327,69337,10
13.0286197662,80.2639083862,69337,69347,10
13.029129982,80.2640533447,69347,69357,10
13.0292701721,80.2643966675,69357,69367,10
13.0292701721,80.2650375366,69367,69377,10
13.0292701721,80.2658462524,69377,69388,11
13.029250145,80.2660598755,69388,69398,10
13.0292301178,80.2661514282,69398,69408,10
13.0291900635,80.2665176392,69408,69418,10
13.0295696259,80.2666473389,69418,69428,10
13.0301799774,80.2667312622,69428,69438,10
13.0308904648,80.2668075562,69438,69448,10
13.0315704346,80.2670593262,69448,69458,10
13.0322198868,80.2673797607,69458,69489,31
13.0322198868,80.2673797607,69489,69499,10
13.0324602127,80.2674865723,69499,69509,10
13.0328197479,80.2677307129,69509,69519,10
13.0331401825,80.2678222656,69519,69529,10
13.0333499908,80.2678604126,69529,69539,10
13.033780098,80.2679367065,69539,69579,40
13.033780098,80.2679367065,69579,69590,11
13.0341300964,80.2680130005,69590,69600,10
13.0344200134,80.2680435181,69600,69610,10
13.0345401764,80.2680587769,69610,69620,10
13.0345497131,80.2680587769,69620,69630,10
13.0343704224,80.2681121826,69630,69650,20
13.0343704224,80.2681121826,69650,69660,10
13.0341796875,80.2680435181,69660,69670,10
13.0340995789,80.2680282593,69670,69680,10
13.0337400436,80.2679595947,69680,69691,11
13.0333404541,80.2678909302,69691,69711,20
13.0333404541,80.2678909302,69711,69721,10
13.0330896378,80.267791748,69721,69731,10
13.0328798294,80.2677383423,69731,69741,10
13.0328302383,80.2677383423,69741,69751,10
13.03262043,80.2676773071,69751,69761,10
13.0326099396,80.2676773071,69761,69771,10
13.0324001312,80.2674865723,69771,69781,10
13.0321397781,80.2673492432,69781,69791,10
13.0315504074,80.2670974731,69791,69802,11
13.0309400558,80.2668685913,69802,69812,10
13.0302801132,80.2667388916,69812,69822,10
13.0297803879,80.2666473389,69822,69923,101
13.0297803879,80.2666473389,69923,69933,10
13.0295000076,80.2666320801,69933,69943,10
13.0291795731,80.2665176392,69943,69953,10
13.0288000107,80.2663879395,69953,69963,10
13.0282497406,80.2662963867,69963,69973,10
13.0277004242,80.2661972046,69973,69983,10
13.0270996094,80.2661209106,69983,69993,10
13.0263996124,80.2659912109,69993,70034,41
13.0263996124,80.2659912109,70034,70044,10
13.0263500214,80.2660064697,70044,70054,10
13.02602005,80.26587677,70054,70064,10
13.0256099701,80.2656173706,70064,70074,10
13.025179863,80.2653808594,70074,70094,20
13.025179863,80.2653808594,70094,70105,11
13.0249996185,80.2652893066,70105,70115,10
13.0245800018,80.2649230957,70115,70125,10
13.0239496231,80.2644729614,70125,70135,10
13.0235204697,80.2642211914,70135,70145,10
13.0230302811,80.263961792,70145,70155,10
13.0220098495,80.2634429932,70155,70175,20
13.0220098495,80.2634429932,70175,70185,10
13.0219202042,80.2633666992,70185,70195,10
13.0215501785,80.2631988525,70195,70205,10
13.0207195282,80.2630691528,70205,70216,11
13.0201997757,80.2630386353,70216,70226,10
13.0201101303,80.2630386353,70226,70236,10
13.0200195313,80.2630233765,70236,70245,9
13.0196399689,80.2629776001,70245,70256,11
13.0190496445,80.2629165649,70256,70286,30
13.0190496445,80.2629165649,70286,70296,10
13.0189199448,80.2627182007,70296,70307,11
13.0188798904,80.2624816895,70307,70347,40
13.0188798904,80.2624816895,70347,70357,10
13.0188398361,80.2623214722,70357,70367,10
13.018819809,80.2622299194,70367,70377,10
13.0188102722,80.2620697021,70377,70387,10
13.0187702179,80.2618865967,70387,70448,61
13.0187196732,80.2614974976,70448,70488,40
13.0187196732,80.2614974976,70488,70498,10
13.0184898376,80.2612686157,70498,70509,11
13.0183897018,80.2612075806,70509,70519,10
13.0183200836,80.2611465454,70519,70529,10
13.0182600021,80.261138916,70529,70539,10
13.0180797577,80.2610626221,70539,70549,10
13.0177097321,80.2608032227,70549,70559,10
13.0170297623,80.2603302002,70559,70569,10
13.0160102844,80.259727478,70569,70589,20
13.0160102844,80.259727478,70589,70599,10
13.0156497955,80.2595596313,70599,70609,10
13.0149402618,80.2593765259,70609,70620,11
13.0139598846,80.2593231201,70620,70630,10
13.0128097534,80.2592468262,70630,70640,10
13.0116300583,80.2592086792,70640,70650,10
13.0107803345,80.2592163086,70650,70660,10
13.0100402832,80.2592926025,70660,70670,10
13.0098400116,80.2592926025,70670,70680,10
13.0095701218,80.259262085,70680,70690,10
13.0090303421,80.2592391968,70690,70700,10
13.0088596344,80.2592315674,70700,70710,10
13.0085601807,80.2592391968,70710,70721,11
13.0079202652,80.2593002319,70721,70731,10
13.0073204041,80.259262085,70731,70741,10
13.0071697235,80.2587966919,70741,70751,10
13.0071401596,80.2587127686,70751,70761,10
13.0069198608,80.2583236694,70761,70771,10
13.0067396164,80.2579879761,70771,70781,10
13.0066099167,80.2578125,70781,70791,10
13.0064601898,80.2574386597,70791,70801,10
13.0064601898,80.2571487427,70801,70811,10
13.0064601898,80.2567901611,70811,70822,11
13.0064496994,80.256111145,70822,70832,10
13.0064496994,80.2557525635,70832,70842,10
13.0064601898,80.255531311,70842,70852,10
13.0064897537,80.255241394,70852,70862,10
13.0065002441,80.2547225952,70862,70872,10
13.0064601898,80.2541427612,70872,70882,10
13.0064401627,80.2534103394,70882,70902,20
13.0064401627,80.2534103394,70902,70912,10
13.0064697266,80.2531585693,70912,70923,11
13.0065097809,80.2523117065,70923,70983,60
13.0065097809,80.2523117065,70983,70993,10
13.0065402985,80.2519989014,70993,71003,10
13.006649971,80.2513504028,71003,71013,10
13.0066699982,80.2506484985,71013,71024,11
13.006649971,80.2498626709,71024,71034,10
13.0066604614,80.2496414185,71034,71054,20
13.0066604614,80.2496414185,71054,71064,10
13.0066795349,80.2491989136,71064,71135,71
13.0066795349,80.2491989136,71135,71145,10
13.006649971,80.2489395142,71145,71155,10
13.0066099167,80.2485198975,71155,71165,10
13.0065803528,80.2481536865,71165,71175,10
13.0065803528,80.2476882935,71175,71185,10
13.0065898895,80.2472076416,71185,71236,51
13.0065898895,80.2472076416,71236,71246,10
13.0065803528,80.2468185425,71246,71256,10
13.0065498352,80.2467498779,71256,71266,10
13.0065402985,80.2465896606,71266,71326,60
13.0065803528,80.2462005615,71326,71387,61
13.0066003799,80.2457885742,71387,71438,51
13.0066003799,80.2457885742,71438,71448,10
13.0066003799,80.2452468872,71448,71458,10
13.0066099167,80.2451477051,71458,71468,10
13.0066099167,80.2449188232,71468,71488,20
13.0066099167,80.2449188232,71488,71498,10
13.0066003799,80.2445907593,71498,71508,10
13.0066003799,80.2445678711,71508,71518,10
13.0066003799,80.2442474365,71518,71528,10
13.0065898895,80.2440338135,71528,71539,11
13.0065803528,80.2436828613,71539,71549,10
13.0065498352,80.2435073853,71549,71559,10
13.0065202713,80.2430877686,71559,71569,10
13.0065097809,80.2423706055,71569,71579,10
13.0065002441,80.2417602539,71579,71589,10
13.0065002441,80.2417373657,71589,71599,10
13.0065202713,80.2413482666,71599,71609,10
13.0065898895,80.2406616211,71609,71680,71
13.0065898895,80.2406616211,71680,71690,10
13.0067100525,80.2401733398,71690,71700,10
13.0068397522,80.2395401001,71700,71710,10
13.0069704056,80.2388000488,71710,71720,10
13.0070495605,80.2384109497,71720,71730,10
13.0071601868,80.2379074097,71730,71741,11
13.0073099136,80.237197876,71741,71751,10
13.0073404312,80.2368164063,71751,71771,20
13.0073404312,80.2368164063,71771,71781,10
13.0074701309,80.2364425659,71781,71791,10
13.007610321,80.2358093262,71791,71801,10
13.0077199936,80.2353973389,71801,71811,10
13.0077695847,80.2351608276,71811,71821,10
13.0078697205,80.23462677,71821,71831,10
13.0080003738,80.2339401245,71831,71842,11
13.008190155,80.232963562,71842,71852,10
13.0083999634,80.2319030762,71852,71862,10
13.008600235,80.2308273315,71862,71872,10
13.0088195801,80.2297363281,71872,71882,10
13.0090303421,80.2286911011,71882,71892,10
13.0093297958,80.2277374268,71892,71902,10
13.009759903,80.2267913818,71902,71912,10
13.0101299286,80.22605896,71912,71922,10
13.0103998184,80.2255401611,71922,71932,10
13.0105695724,80.225151062,71932,71943,11
13.0107297897,80.2247924805,71943,71953,10
13.0109395981,80.224319458,71953,71973,20
13.0109395981,80.224319458,71973,71983,10
13.0110902786,80.2240600586,71983,71993,10
13.0112895966,80.2235336304,71993,72003,10
13.0115699768,80.2228164673,72003,72013,10
13.0118503571,80.2220077515,72013,72023,10
13.0122404099,80.2215499878,72023,72033,10
13.0124902725,80.2218322754,72033,72044,11
13.0130195618,80.2224807739,72044,72054,10
13.0136804581,80.223197937,72054,72064,10
13.0141401291,80.2237472534,72064,72074,10
13.0145902634,80.224281311,72074,72084,10
13.0151500702,80.2248001099,72084,72094,10
13.0154495239,80.2249526978,72094,72104,10
13.0155496597,80.2250289917,72104,72114,10
13.0158100128,80.2252578735,72114,72124,10
13.0164699554,80.2253417969,72124,72134,10
13.0174198151,80.2249908447,72134,72145,11
13.0186500549,80.2245178223,72145,72155,10
13.0197401047,80.2245788574,72155,72175,20
13.0197401047,80.2245788574,72175,72185,10
13.0197896957,80.2246398926,72185,72195,10
13.0201396942,80.2249069214,72195,72205,10
13.0206899643,80.2253036499,72205,72215,10
13.0213804245,80.2257995605,72215,72225,10
13.0219602585,80.2261962891,72225,72245,20
13.0219602585,80.2261962891,72245,72256,11
13.022310257,80.2265319824,72256,72266,10
13.0228500366,80.2270126343,72266,72276,10
13.0235500336,80.2276535034,72276,72286,10
13.0240497589,80.2281265259,72286,72296,10
13.0242395401,80.2283096313,72296,72306,10
13.0244102478,80.2285614014,72306,72316,10
13.0246496201,80.2289733887,72316,72326,10
13.0250101089,80.2294921875,72326,72336,10
13.0255203247,80.2301483154,72336,72346,10
13.025850296,80.2307128906,72346,72357,11
13.0259304047,80.2310028076,72357,72367,10
13.0259304047,80.2310409546,72367,72377,10
13.0259399414,80.2311935425,72377,72387,10
13.0261201859,80.2313690186,72387,72397,10
13.0267496109,80.2312011719,72397,72407,10
13.0276098251,80.2310180664,72407,72417,10
13.0282802582,80.2309265137,72417,72427,10
13.0283498764,80.2309265137,72427,72437,10
13.0284700394,80.2309417725,72437,72447,10
13.0287599564,80.2309112549,72447,72458,11
13.0291595459,80.2308578491,72458,72468,10
13.0294599533,80.2308273315,72468,72478,10
13.0300102234,80.2307815552,72478,72488,10
13.0304203033,80.230758667,72488,72498,10
13.0308504105,80.23072052,72498,72508,10
13.0311803818,80.2306976318,72508,72518,10
13.0318002701,80.2306594849,72518,72548,30
13.0318002701,80.2306594849,72548,72559,11
13.0320196152,80.2306594849,72559,72569,10
13.0325803757,80.2305984497,72569,72579,10
13.0333204269,80.2305374146,72579,72589,10
13.0335197449,80.2305221558,72589,72599,10
13.0337696075,80.2304992676,72599,72609,10
13.0339603424,80.2304763794,72609,72619,10
13.0340995789,80.2304763794,72619,72629,10
13.0342197418,80.23046875,72629,72639,10
13.0344400406,80.2304229736,72639,72670,31
13.0344400406,80.2304229736,72670,72680,10
13.0347099304,80.2303314209,72680,72690,10
13.034910202,80.2302017212,72690,72700,10
13.0349302292,80.230178833,72700,72710,10
13.0350503922,80.2300186157,72710,72720,10
13.034819603,80.2298583984,72720,72730,10
13.0343904495,80.2297973633,72730,72740,10
13.0341501236,80.2300872803,72740,73053,313
13.0341501236,80.2300872803,73053,73064,11
13.034070015,80.2304992676,73064,73074,10
13.0339097977,80.230506897,73074,73084,10
13.0333595276,80.2305374146,73084,73104,20
13.0333595276,80.2305374146,73104,73114,10
13.0332202911,80.2305526733,73114,73124,10
13.0327997208,80.2305603027,73124,73134,10
13.0322504044,80.2306213379,73134,73144,10
13.0316400528,80.2306900024,73144,73154,10
13.0309896469,80.230758667,73154,73164,10
13.0307598114,80.2307815552,73164,73175,11
13.0304803848,80.230796814,73175,73185,10
13.0299797058,80.2308578491,73185,73195,10
13.0298595428,80.2308807373,73195,73205,10
13.0296401978,80.2309036255,73205,73215,10
13.0291404724,80.2309494019,73215,73225,10
13.0284996033,80.2310028076,73225,73235,10
13.0278997421,80.2310562134,73235,73245,10
13.0276498795,80.2311935425,73245,73255,10
13.027680397,80.2316970825,73255,73265,10
13.0277395248,80.2322006226,73265,73276,11
13.0278396606,80.2327423096,73276,73286,10
13.0275497437,80.2328872681,73286,73366,80
13.0275497437,80.2328872681,73366,73377,11
13.0274600983,80.2329406738,73377,73387,10
13.0272798538,80.2329788208,73387,73397,10
13.0270795822,80.233001709,73397,73407,10
13.0269098282,80.2330169678,73407,73417,10
13.0267095566,80.2330322266,73417,73427,10
13.0263795853,80.2329025269,73427,73437,10
13.0261497498,80.2323074341,73437,73447,10
13.0260000229,80.2317199707,73447,73457,10
13.0258798599,80.2312469482,73457,73467,10
13.0256004333,80.2305297852,73467,73478,11
13.0251598358,80.2298812866,73478,73508,30
13.0251598358,80.2298812866,73508,73518,10
13.0250701904,80.2297286987,73518,73528,10
13.0249099731,80.2295227051,73528,73538,10
13.0246696472,80.2292404175,73538,73548,10
13.0244102478,80.2288818359,73548,73558,10
13.024020195,80.2284622192,73558,73579,21
13.024020195,80.2284622192,73579,73589,10
13.0238895416,80.2282409668,73589,73599,10
13.0234699249,80.2277832031,73599,73609,10
13.0232400894,80.2275695801,73609,73619,10
13.022939682,80.2272415161,73619,73629,10
13.0224199295,80.2267608643,73629,73639,10
13.0218296051,80.2262420654,73639,73649,10
13.0212802887,80.2258224487,73649,73659,10
13.0207195282,80.2253875732,73659,73669,10
13.020190239,80.2250518799,73669,73680,11
13.0193395615,80.2245407104,73680,73690,10
13.0183801651,80.2246398926,73690,73700,10
13.0176095963,80.2249679565,73700,73710,10
13.0168600082,80.2252883911,73710,73720,10
13.0166196823,80.225402832,73720,73730,10
13.0164604187,80.2254562378,73730,73740,10
13.0163497925,80.2255096436,73740,73750,10
13.0161304474,80.2256011963,73750,73760,10
13.0159397125,80.2256622314,73760,73770,10
13.0154304504,80.2258605957,73770,73781,11
13.0149002075,80.2260971069,73781,73801,20
13.0149002075,80.2260971069,73801,73811,10
13.0145702362,80.2262191772,73811,73821,10
13.0143203735,80.2263031006,73821,73831,10
13.0141401291,80.2264099121,73831,73841,10
13.0141296387,80.2264099121,73841,73851,10
13.0138998032,80.2264785767,73851,73861,10
13.0133399963,80.2266998291,73861,73871,10
13.0124902725,80.2270278931,73871,73882,11
13.0113801956,80.2274627686,73882,73892,10
13.0103197098,80.2278823853,73892,73902,10
13.009469986,80.2282180786,73902,73912,10
13.0090103149,80.2288894653,73912,73922,10
13.0087995529,80.2299423218,73922,73932,10
13.0085802078,80.2311630249,73932,73942,10
13.0083799362,80.2322463989,73942,73952,10
13.0082302094,80.2331771851,73952,73962,10
13.0082197189,80.2334594727,73962,73972,10
13.008190155,80.2335662842,73972,73982,10
13.0080795288,80.2340164185,73982,73993,11
13.0079498291,80.234703064,73993,74003,10
13.0078897476,80.2349472046,74003,74013,10
13.0078401566,80.2351913452,74013,74023,10
13.0077295303,80.2357177734,74023,74033,10
13.0075798035,80.2365493774,74033,74043,10
13.0073900223,80.237487793,74043,74053,10
13.0072803497,80.2380065918,74053,74094,41
13.0072803497,80.2380065918,74094,74104,10
13.0072097778,80.2383575439,74104,74114,10
13.0071001053,80.2389602661,74114,74124,10
13.0069704056,80.2397613525,74124,74215,91
13.0069704056,80.2397613525,74215,74225,10
13.0069303513,80.2401428223,74225,74235,10
13.0068902969,80.2406234741,74235,74255,20
13.0068902969,80.2406234741,74255,74265,10
13.0068302155,80.240737915,74265,74275,10
13.0067195892,80.2411193848,74275,74285,10
13.0066795349,80.2419586182,74285,74296,11
13.0066795349,80.2432403564,74296,74326,30
13.0066795349,80.2432403564,74326,74336,10
13.0066299438,80.2434310913,74336,74346,10
13.0066204071,80.243850708,74346,74356,10
13.0066299438,80.2444381714,74356,74366,10
13.0066604614,80.2449569702,74366,74376,10
13.0066604614,80.2455215454,74376,74386,10
13.0066795349,80.2461776733,74386,74397,11
13.0067100525,80.2466430664,74397,74407,10
13.0067300797,80.2469787598,74407,74417,10
13.0066995621,80.2475128174,74417,74427,10
13.0066995621,80.2483291626,74427,74437,10
13.006770134,80.249130249,74437,74447,10
13.0068397522,80.2496032715,74447,74467,20
13.0068397522,80.2496032715,74467,74477,10
13.0068101883,80.2499389648,74477,74487,10
13.0067796707,80.2505874634,74487,74498,11
13.0067996979,80.2510528564,74498,74508,10
13.0067901611,80.251373291,74508,74518,10
13.0066900253,80.2518234253,74518,74528,10
13.0065402985,80.2525405884,74528,74538,10
13.0065202713,80.2535095215,74538,74548,10
13.0065202713,80.2543106079,74548,74558,10
13.0065402985,80.2545700073,74558,74568,10
13.0065402985,80.254699707,74568,74578,10
13.0065402985,80.255027771,74578,74588,10
13.0065603256,80.2557373047,74588,74599,11
13.0065803528,80.2567062378,74599,74609,10
13.0066795349,80.2572784424,74609,74629,20
13.0066795349,80.2572784424,74629,74639,10
13.0066795349,80.2573776245,74639,74649,10
13.0067796707,80.2577819824,74649,74659,10
13.0072002411,80.2584533691,74659,74669,10
13.0076599121,80.2586975098,74669,74679,10
13.0076799393,80.2586975098,74679,74689,10
13.0077600479,80.2587509155,74689,74700,11
13.0082702637,80.258972168,74700,74710,10
13.0090398788,80.2591171265,74710,74720,10
13.010020256,80.259147644,74720,74730,10
13.0110702515,80.259147644,74730,74740,10
13.0122003555,80.2591400146,74740,74750,10
13.013420105,80.2591934204,74750,74760,10
13.0146503448,80.259262085,74760,74770,10
13.0158195496,80.2594223022,74770,74780,10
13.0164299011,80.2597427368,74780,74790,10
13.0164699554,80.2597732544,74790,74801,11
13.0164699554,80.2597808838,74801,74811,10
13.01679039,80.2600402832,74811,74821,10
13.0174398422,80.2604904175,74821,74831,10
13.0182104111,80.2610092163,74831,74841,10
13.0188798904,80.2615127563,74841,74851,10
13.0194597244,80.2620315552,74851,74861,10
13.020070076,80.2626037598,74861,74881,20
13.020070076,80.2626037598,74881,74891,10
13.0201301575,80.2626571655,74891,74902,11
13.0206203461,80.2628936768,74902,74912,10
13.0213899612,80.2631225586,74912,74922,10
13.0219898224,80.2633972168,74922,74932,10
13.0223302841,80.2635574341,74932,74942,10
13.0228300095,80.2638168335,74942,74952,10
13.0229301453,80.2638931274,74952,74962,10
13.023059845,80.2639923096,74962,74972,10
13.0235795975,80.2642822266,74972,74982,10
13.0242500305,80.2646789551,74982,74992,10
13.0248203278,80.2650985718,74992,75002,10
13.0252799988,80.2654418945,75002,75013,11
13.025850296,80.2657928467,75013,75023,10
13.0262203217,80.2659301758,75023,75033,10
13.0263004303,80.2655792236,75033,75043,10
13.0263299942,80.265296936,75043,75053,10
13.0263795853,80.2647705078,75053,75063,10
13.0264797211,80.2640075684,75063,75083,20
13.0264797211,80.2640075684,75083,75093,10
13.0265703201,80.2635726929,75093,75103,10
13.02684021,80.2634506226,75103,75114,11
13.0275402069,80.263633728,75114,75124,10
13.0281896591,80.2637863159,75124,75134,10
13.0283002853,80.2638168335,75134,75144,10
13.0285196304,80.2638931274,75144,75154,10
13.0290002823,80.263999939,75154,75164,10
13.0292596817,80.2642364502,75164,75174,10
13.029250145,80.2648010254,75174,75184,10
13.0292701721,80.2654724121,75184,75194,10
13.0291795731,80.2661590576,75194,75215,21
13.0291795731,80.2661590576,75215,75225,10
13.0291795731,80.2664489746,75225,75235,10
13.0291795731,80.2665023804,75235,75245,10
13.0292797089,80.2666168213,75245,75255,10
13.0296401978,80.2666397095,75255,75264,9
13.0302000046,80.266708374,75264,75275,11
13.0309495926,80.2668380737,75275,75285,10
13.0316400528,80.2670898438,75285,75295,10
13.0322599411,80.2673797607,75295,75305,10
13.0326404572,80.2676315308,75305,75316,11
13.0331497192,80.2678070068,75316,75326,10
13.0337400436,80.2679367065,75326,75346,20
13.0337400436,80.2679367065,75346,75356,10
13.0338497162,80.2679901123,75356,75366,10
13.0345096588,80.2680511475,75366,75417,51
13.0345096588,80.2680511475,75417,75427,10
13.0345697403,80.2682113647,75427,75437,10
13.0344400406,80.2682113647,75437,75447,10
13.0343198776,80.2681121826,75447,75457,10
13.0339603424,80.2680435181,75457,75467,10
13.0335903168,80.2679367065,75467,75477,10
13.0333595276,80.2678985596,75477,75518,41
13.0333595276,80.2678985596,75518,75528,10
13.0329799652,80.2677612305,75528,75538,10
13.0325899124,80.2675476074,75538,75548,10
13.0323200226,80.2674026489,75548,75558,10
13.0316200256,80.2671203613,75558,75568,10
13.0308599472,80.2669219971,75568,75578,10
13.0302200317,80.2667999268,75578,75588,10
13.0298099518,80.2667236328,75588,75598,10
13.0297603607,80.2667007446,75598,75608,10
13.0293998718,80.2666473389,75608,75619,11
13.028960228,80.2664794922,75619,75629,10
13.0283699036,80.2663574219,75629,75639,10
13.0276699066,80.2662582397,75639,75649,10
13.0270395279,80.2661590576,75649,75659,10
13.0265302658,80.2660980225,75659,75669,10
13.0262899399,80.2660217285,75669,75679,10
13.0258598328,80.2657928467,75679,75689,10
13.0254802704,80.2655334473,75689,75699,10
13.0252799988,80.265411377,75699,75709,10
13.0251703262,80.2653121948,75709,75720,11
13.024769783,80.2649993896,75720,75730,10
13.024189949,80.2645874023,75730,75740,10
13.0235795975,80.2642593384,75740,75750,10
13.0230503082,80.2639389038,75750,75760,10
13.0224704742,80.2636566162,75760,75770,10
13.0220403671,80.2634735107,75770,75780,10
13.0220298767,80.2634429932,75780,75790,10
13.0216398239,80.2632369995,75790,75800,10
13.0208501816,80.263092041,75800,75810,10
13.0200901031,80.2630615234,75810,75821,11
13.019370079,80.2629776001,75821,75831,10
13.0189695358,80.262840271,75831,75841,10
13.0188598633,80.2621536255,75841,75851,10
13.0187597275,80.2615585327,75851,75861,10
13.0186395645,80.2613525391,75861,75871,10
13.0184497833,80.2611999512,75871,75881,10
13.0181303024,80.2610015869,75881,75891,10
13.0178604126,80.2608184814,75891,75901,10
13.0173501968,80.2604827881,75901,75911,10
13.0168304443,80.2601394653,75911,75922,11
13.0161504745,80.2597732544,75922,75932,10
13.0160799026,80.2597427368,75932,75942,10
13.0159902573,80.2596969604,75942,75952,10
13.0154800415,80.2594985962,75952,75962,10
13.0147104263,80.2593612671,75962,75972,10
13.0137996674,80.2593231201,75972,75982,10
13.0127801895,80.2592697144,75982,75992,10
13.0117998123,80.2592391968,75992,76002,10
13.0109195709,80.2592315674,76002,76012,10
13.0099496841,80.2592391968,76012,76023,11
13.0090398788,80.2592468262,76023,76033,10
13.0087003708,80.2592391968,76033,76043,10
13.0082302094,80.2592391968,76043,76053,10
13.0075597763,80.259437561,76053,76063,10
13.0072402954,80.2589797974,76063,76073,10
13.0071697235,80.2587966919,76073,76083,10
13.007060051,80.2585830688,76083,76093,10
13.0068397522,80.258140564,76093,76103,10
13.0066204071,80.2578125,76103,76164,61
13.0066204071,80.2578125,76164,76174,10
13.0064096451,80.257522583,76174,76184,10
13.0064201355,80.257019043,76184,76194,10
13.0064401627,80.256401062,76194,76204,10
13.006480217,80.2558135986,76204,76214,10
13.0065002441,80.2553405762,76214,76224,10
13.0065402985,80.2548294067,76224,76235,11
13.0065202713,80.2541809082,76235,76245,10
13.0065402985,80.2533874512,76245,76265,20
13.0065402985,80.2533874512,76265,76275,10
13.0065202713,80.2533569336,76275,76285,10
13.0065002441,80.2529907227,76285,76295,10
13.0065202713,80.2526016235,76295,76305,10
13.0065898895,80.2521286011,76305,76386,81
13.0065898895,80.2521286011,76386,76396,10
13.0066003799,80.2519073486,76396,76406,10
13.0066795349,80.2514801025,76406,76416,10
13.0067195892,80.2509384155,76416,76426,10
13.0067300797,80.2505264282,76426,76437,11
13.0067396164,80.250213623,76437,76447,10
13.0067501068,80.2498931885,76447,76457,10
13.0067396164,80.2491531372,76457,76467,10
13.0066604614,80.2482681274,76467,76477,10
13.006649971,80.2476425171,76477,76487,10
13.006649971,80.246963501,76487,76497,10
13.0065803528,80.2466430664,76497,76507,10
13.0065698624,80.24659729,76507,76517,10
13.0066204071,80.2461929321,76517,76527,10
13.0065898895,80.2457427979,76527,76538,11
13.0065803528,80.2455368042,76538,76548,10
13.0065603256,80.2451934814,76548,76558,10
13.0065498352,80.2448883057,76558,76568,10
13.0065603256,80.2446594238,76568,76578,10
13.0065803528,80.2443466187,76578,76588,10
13.0065498352,80.2440338135,76588,76598,10
13.0065603256,80.2437515259,76598,76608,10
13.0065498352,80.2433776855,76608,76618,10
13.0065402985,80.242767334,76618,76628,10
13.0065202713,80.2419586182,76628,76639,11
13.0065402985,80.2417602539,76639,76649,10
13.0065803528,80.2412490845,76649,76659,10
13.006649971,80.2405166626,76659,76679,20
13.006649971,80.2405166626,76679,76689,10
13.006649971,80.2404174805,76689,76699,10
13.0066995621,80.2400665283,76699,76709,10
13.0068101883,80.2395172119,76709,76719,10
13.0069704056,80.238861084,76719,76729,10
13.0071001053,80.2382278442,76729,76740,11
13.0073003769,80.237411499,76740,76750,10
13.0073900223,80.2367782593,76750,76780,30
13.0073900223,80.2367782593,76780,76790,10
13.0075302124,80.2364425659,76790,76800,10
13.0076599121,80.2358169556,76800,76810,10
13.0078496933,80.2349014282,76810,76820,10
13.0080900192,80.2337417603,76820,76830,10
13.0083503723,80.2323532104,76830,76841,11
13.0086402893,80.2308273315,76841,76851,10
13.0088396072,80.2297973633,76851,76861,10
13.0090799332,80.2285919189,76861,76871,10
13.0094203949,80.2275772095,76871,76881,10
13.0097799301,80.2267532349,76881,76891,10
13.0102300644,80.2259521484,76891,76901,10
13.0104999542,80.2253494263,76901,76911,10
13.010720253,80.2249069214,76911,76921,10
13.0109596252,80.2242507935,76921,76931,10
13.0111398697,80.2238311768,76931,76942,11
13.0111904144,80.2237014771,76942,76952,10
13.0112600327,80.2234573364,76952,76962,10
13.0115203857,80.22290802,76962,76972,10
13.011759758,80.2221069336,76972,76982,10
13.0120601654,80.221496582,76982,76992,10
13.0122699738,80.2214813232,76992,77002,10
13.0125398636,80.2218933105,77002,77012,10
13.0130195618,80.2224807739,77012,77022,10
13.013589859,80.2230987549,77022,77032,10
13.0141296387,80.2237091064,77032,77043,11
13.0145902634,80.2242584229,77043,77053,10
13.0150899887,80.2247085571,77053,77073,20
13.0150899887,80.2247085571,77073,77083,10
13.015250206,80.2248535156,77083,77093,10
13.0154895782,80.2249984741,77093,77103,10
13.0155096054,80.2250289917,77103,77113,10
13.0158195496,80.2252807617,77113,77123,10
13.0164899826,80.2253189087,77123,77133,10
13.0173397064,80.2249984741,77133,77144,11
13.0182695389,80.2246322632,77144,77154,10
13.0190896988,80.2244033813,77154,77164,10
13.0197696686,80.2245635986,77164,77184,20
13.0197696686,80.2245635986,77184,77194,10
13.0198602676,80.224647522,77194,77204,10
13.0202598572,80.2249526978,77204,77214,10
13.0208997726,80.2254180908,77214,77224,10
13.0215597153,80.2259292603,77224,77234,10
13.0221004486,80.2263565063,77234,77244,10
13.0228099823,80.2269821167,77244,77255,11
13.0237798691,80.2279129028,77255,77265,10
13.0244598389,80.2286911011,77265,77275,10
13.0249099731,80.2293014526,77275,77285,10
13.0253400803,80.2298431396,77285,77295,10
13.0256996155,80.2303619385,77295,77305,10
13.0258703232,80.2307510376,77305,77315,10
13.0259504318,80.2309799194,77315,77325,10
13.0260095596,80.231300354,77325,77335,10
13.0262804031,80.2313537598,77335,77345,10
13.0268602371,80.2312011719,77345,77356,11
13.0270996094,80.2311325073,77356,77366,10
13.0274600983,80.2310409546,77366,77376,10
13.0278596878,80.2309875488,77376,77386,10
13.027879715,80.2309799194,77386,77396,10
13.028169632,80.2309494019,77396,77405,9
13.0286197662,80.2309188843,77405,77415,10
13.0291404724,80.2308578491,77415,77426,11
13.0294904709,80.2308425903,77426,77436,10
13.0299301147,80.230796814,77436,77446,10
13.0302200317,80.2307815552,77446,77457,11
13.0304203033,80.2307662964,77457,77477,20
13.0304203033,80.2307662964,77477,77487,10
13.030500412,80.2307662964,77487,77497,10
13.0307502747,80.2307434082,77497,77507,10
13.0311403275,80.2307128906,77507,77517,10
13.0318098068,80.2306518555,77517,77527,10
13.0322599411,80.2305984497,77527,77537,10
13.0326404572,80.2305831909,77537,77547,10
13.0333003998,80.2305297852,77547,77558,11
13.0339603424,80.23046875,77558,77568,10
13.0343599319,80.2304229736,77568,77578,10
13.034819603,80.2302474976,77578,77608,30
13.034819603,80.2302474976,77608,77618,10
13.0351200104,80.2300186157,77618,77628,10
13.0349903107,80.2298278809,77628,77638,10
13.0347499847,80.2298278809,77638,77648,10
13.0342502594,80.2298583984,77648,77861,213
13.0341596603,80.2302627563,77861,78204,343
13.0341596603,80.2302627563,78204,78214,10
13.0339097977,80.2305374146,78214,78224,10
13.0334100723,80.2305603027,78224,78234,10
13.0327701569,80.2305831909,78234,78244,10
13.032500267,80.2305908203,78244,78254,10
13.0322303772,80.2306213379,78254,78265,11
13.0318698883,80.2306594849,78265,78275,10
13.0311803818,80.23072052,78275,78285,10
13.0306100845,80.2307662964,78285,78295,10
13.0302295685,80.230796814,78295,78305,10
13.0298700333,80.2308578491,78305,78315,10
13.029800415,80.2308731079,78315,78325,10
13.0295095444,80.2309036255,78325,78335,10
13.0290498734,80.2309417725,78335,78345,10
13.028380394,80.2310028076,78345,78355,10
13.0277299881,80.2310333252,78355,78366,11
13.0276203156,80.231300354,78366,78376,10
13.0276603699,80.2317428589,78376,78386,10
13.0277395248,80.2322921753,78386,78396,10
13.0277996063,80.2327804565,78396,78406,10
13.0273504257,80.2329025269,78406,78416,10
13.0268497467,80.233001709,78416,78466,50
13.0268497467,80.233001709,78466,78477,11
13.0265398026,80.233001709,78477,78487,10
13.0263204575,80.2328186035,78487,78497,10
13.0262699127,80.2325515747,78497,78507,10
13.0262403488,80.2324523926,78507,78517,10
13.0261898041,80.2322235107,78517,78527,10
13.0260896683,80.2318191528,78527,78537,10
13.0259599686,80.2313079834,78537,78547,10
13.0257196426,80.2306518555,78547,78557,10
13.0252399445,80.2298736572,78557,78567,10
13.0246896744,80.2291564941,78567,78578,11
13.0240097046,80.2283401489,78578,78598,20
13.0240097046,80.2283401489,78598,78608,10
13.0238704681,80.2281265259,78608,78618,10
13.0234603882,80.2276992798,78618,78628,10
13.0230102539,80.2273025513,78628,78638,10
13.0225095749,80.2268218994,78638,78648,10
13.0219202042,80.2262878418,78648,78658,10
13.0212402344,80.2257537842,78658,78668,10
13.0206298828,80.2253189087,78668,78679,11
13.0204200745,80.2251663208,78679,78689,10
13.0201196671,80.2249526978,78689,78699,10
13.0194597244,80.2245788574,78699,78709,10
13.0184001923,80.2246780396,78709,78719,10
13.0173196793,80.2251205444,78719,78729,10
13.0166797638,80.2253875732,78729,78739,10
13.0164003372,80.2255096436,78739,78749,10
13.0159101486,80.2256622314,78749,78759,10
13.0153398514,80.2258682251,78759,78769,10
13.014840126,80.2260818481,78769,78780,11
13.0146303177,80.2261810303,78780,78790,10
13.0143499374,80.2262878418,78790,78800,10
13.0143404007,80.2262878418,78800,78810,10
13.0141296387,80.2263565063,78810,78820,10
13.0135402679,80.2265777588,78820,78830,10
13.0127401352,80.2268829346,78830,78840,10
13.0116901398,80.2273025513,78840,78850,10
13.01060009,80.227722168,78850,78860,10
13.0095796585,80.2281417847,78860,78870,10
13.0090503693,80.2289199829,78870,78881,11
13.0088195801,80.2301101685,78881,78891,10
13.0086202621,80.2311325073,78891,78901,10
13.0084295273,80.232093811,78901,78911,10
13.0081996918,80.2336578369,78911,78931,20
13.0081996918,80.2336578369,78931,78941,10
13.0080900192,80.2340393066,78941,78951,10
13.0079402924,80.2347412109,78951,78961,10
13.0077400208,80.2356567383,78961,78970,9
13.0075397491,80.2366790771,78970,78982,12
13.0073099136,80.2379989624,78982,78992,10
13.0071001053,80.2390289307,78992,79002,10
13.006939888,80.2400970459,79002,79093,91
13.006939888,80.2400970459,79093,79103,10
13.0068998337,80.2403411865,79103,79113,10
13.0068101883,80.2410812378,79113,79123,10
13.0067596436,80.2416687012,79123,79133,10
13.0067195892,80.2419509888,79133,79143,10
13.0066995621,80.2426986694,79143,79153,10
13.0066604614,80.2436218262,79153,79163,10
13.0066699982,80.244720459,79163,79173,10
13.0066795349,80.2457504272,79173,79184,11
13.0066900253,80.2466278076,79184,79194,10
13.0066900253,80.2474975586,79194,79204,10
13.0067100525,80.2485580444,79204,79214,10
13.0068397522,80.2494277954,79214,79224,10
13.0068397522,80.2495803833,79224,79234,10
13.006819725,80.2499923706,79234,79244,10
13.0068101883,80.2507019043,79244,79254,10
13.0067796707,80.2514801025,79254,79264,10
13.0066003799,80.2521896362,79264,79274,10
13.0065202713,80.2531433105,79274,79285,11
13.0065402985,80.2544174194,79285,79295,10
13.0065898895,80.2555923462,79295,79305,10
13.0066099167,80.2565689087,79305,79315,10
13.0066204071,80.2571563721,79315,79365,50
13.0066204071,80.2571563721,79365,79375,10
13.0066204071,80.2572631836,79375,79386,11
13.0068502426,80.2579421997,79386,79396,10
13.0072898865,80.2585067749,79396,79406,10
13.0080699921,80.2588577271,79406,79416,10
13.0087995529,80.2590789795,79416,79426,10
13.0095100403,80.2590637207,79426,79436,10
13.0105600357,80.2590713501,79436,79445,9
13.0117101669,80.2590408325,79445,79456,11
13.0132398605,80.2591094971,79456,79466,10
13.0146598816,80.259147644,79466,79476,10
13.0158901215,80.2593612671,79476,79486,10
13.0163898468,80.2596588135,79486,79497,11
13.0163898468,80.2596664429,79497,79507,10
13.0166702271,80.2599411011,79507,79517,10
13.0173501968,80.2603988647,79517,79527,10
13.0181398392,80.2609329224,79527,79537,10
13.0188503265,80.2614822388,79537,79547,10
13.0195198059,80.262046814,79547,79557,10
13.0201597214,80.2626190186,79557,79567,10
13.0202302933,80.2626571655,79567,79577,10
13.0207195282,80.2628631592,79577,79588,11
13.02161026,80.2631530762,79588,79598,10
13.02202034,80.263343811,79598,79608,10
13.0224599838,80.2635803223,79608,79618,10
13.0231704712,80.263961792,79618,79627,9
13.0238895416,80.2643585205,79627,79638,11
13.0246801376,80.2649078369,79638,79648,10
13.0253896713,80.2654266357,79648,79658,10
13.0260601044,80.265838623,79658,79668,10
13.0263004303,80.2656707764,79668,79678,10
13.0263395309,80.2650909424,79678,79688,10
13.0264997482,80.263923645,79688,79709,21
13.0264997482,80.263923645,79709,79719,10
13.0264997482,80.2638626099,79719,79729,10
13.0265703201,80.2635574341,79729,79739,10
13.0268001556,80.2633666992,79739,79749,10
13.0273103714,80.2635116577,79749,79759,10
13.0278396606,80.263633728,79759,79769,10
13.0286102295,80.2638473511,79769,79779,10
13.0292396545,80.2640609741,79779,79789,10
13.0292701721,80.2644577026,79789,79800,11
13.0292701721,80.2652282715,79800,79810,10
13.0292196274,80.2659988403,79810,79820,10
13.0291900635,80.2664337158,79820,79829,9
13.0294504166,80.2665328979,79829,79840,11
13.0297803879,80.2665863037,79840,79850,10
13.0303602219,80.2666702271,79850,79859,9
13.0310096741,80.2668075562,79859,79870,11
13.0317802429,80.2671279907,79870,79880,10
13.032500267,80.2674713135,79880,79890,10
13.0331096649,80.2677230835,79890,79901,11
13.0336904526,80.2678375244,79901,79911,10
13.033780098,80.2678604126,79911,79921,10
13.0343904495,80.2679595947,79921,80042,121
13.0343904495,80.2679595947,80042,80052,10
13.0343503952,80.2680587769,80052,80062,10
13.0339698792,80.2679901123,80062,80072,10
13.0334997177,80.2678604126,80072,80082,10
13.0331296921,80.2678070068,80082,80092,10
13.032699585,80.2676696777,80092,80103,11
13.0322799683,80.2673416138,80103,80113,10
13.03166008,80.2670593262,80113,80123,10
13.0309295654,80.2668228149,80123,80133,10
13.0302095413,80.2666931152,80133,80143,10
13.0295295715,80.2665863037,80143,80153,10
13.0291204453,80.2664337158,80153,80163,10
13.0285902023,80.2663192749,80163,80172,9
13.0280799866,80.2662200928,80172,80183,11
13.0273103714,80.2661132813,80183,80193,10
13.02684021,80.2660598755,80193,80204,11
13.0265302658,80.2659988403,80204,80214,10
13.0262298584,80.2659912109,80214,80224,10
13.0261497498,80.2661514282,80224,80345,121
13.0261497498,80.2661514282,80345,80355,10
13.025970459,80.2662582397,80355,80365,10
13.0262699127,80.2663803101,80365,80577,212
13.0262002945,80.266242981,80577,80840,263
13.0262403488,80.2658996582,80840,83001,2161
13.0262403488,80.2660293579,83001,85223,2222
13.0260696411,80.2660598755,85223,85495,272
13.0260696411,80.2660598755,85495,85505,10
