12.9865102768,80.2591171265,19,1451,1432
12.9866695404,80.2592391968,1451,2944,1493
12.9865102768,80.2592468262,2944,10803,7859
12.9867200851,80.2593612671,10803,11126,323
12.9864997864,80.2592391968,11126,11257,131
12.9864997864,80.2592391968,11257,11267,10
12.986700058,80.2592697144,11267,11580,313
12.9864902496,80.2592697144,11580,15413,3833
12.9866600037,80.2592163086,15413,16220,807
12.9865398407,80.2592086792,16220,16936,716
12.9865398407,80.2592086792,16936,16946,10
12.9865903854,80.2592697144,16946,18621,1675
12.986530304,80.2592163086,18621,27226,8605
12.9865503311,80.2590484619,27226,27307,81
12.986530304,80.2592086792,27307,27761,454
12.986530304,80.2592086792,27761,27771,10
12.9865999222,80.2592163086,27771,27801,30
12.9865503311,80.2591781616,27801,27912,111
12.9865503311,80.2591781616,27912,27922,10
12.9866695404,80.2591171265,27922,28053,131
12.9870195389,80.2590332031,28053,28343,290
12.9870195389,80.2590332031,28343,28353,10
12.987279892,80.2591781616,28353,28363,10
12.9872903824,80.2591781616,28363,28373,10
12.9874095917,80.2590179443,28373,28383,10
12.9874000549,80.2586975098,28383,28393,10
12.9874401093,80.2581634521,28393,28403,10
12.9874601364,80.2579498291,28403,28413,10
12.9874897003,80.2573776245,28413,28424,11
12.9875602722,80.2560577393,28424,28444,20
12.9875602722,80.2560577393,28444,28454,10
12.9876098633,80.2557525635,28454,28464,10
12.9877195358,80.2552185059,28464,28474,10
12.9877300262,80.2549972534,28474,28484,10
12.9877500534,80.254737854,28484,28494,10
12.9877996445,80.2541809082,28494,28504,10
12.9878501892,80.2534408569,28504,28514,10
12.9878997803,80.2526168823,28514,28523,9
12.9879198074,80.2521820068,28523,28555,32
12.9879198074,80.2521820068,28555,28565,10
12.9879102707,80.2520217896,28565,28575,10
12.9878501892,80.2517776489,28575,28585,10
12.9877796173,80.2516021729,28585,28595,10
12.9875497818,80.2515487671,28595,28605,10
12.9871997833,80.2516098022,28605,28615,10
12.9868803024,80.2516937256,28615,28625,10
12.9862804413,80.2518386841,28625,28635,10
12.9855003357,80.2520523071,28635,28645,10
12.98458004,80.252281189,28645,28656,11
12.9833698273,80.252571106,28656,28666,10
12.9822397232,80.2526702881,28666,28676,10
12.9810800552,80.2526931763,28676,28686,10
12.9801902771,80.2527236938,28686,28726,40
12.9801902771,80.2527236938,28726,28736,10
12.9800796509,80.2526702881,28736,28746,10
12.9799098969,80.2526016235,28746,28756,10
12.9799003601,80.2524108887,28756,28767,11
12.9799404144,80.2522506714,28767,28777,10
12.9799995422,80.2519683838,28777,28787,10
12.9801502228,80.2515792847,28787,28797,10
12.9803800583,80.2507781982,28797,28807,10
12.9806404114,80.2497634888,28807,28817,10
12.9807701111,80.2486495972,28817,28827,10
12.9808597565,80.247428894,28827,28837,10
12.9809799194,80.2462387085,28837,28847,10
12.9811000824,80.2452087402,28847,28857,10
12.9811601639,80.2443466187,28857,28867,10
12.9811897278,80.2438964844,28867,28878,11
12.9812402725,80.2436828613,28878,28888,10
12.9813604355,80.2434692383,28888,28898,10
12.9813804626,80.2429580688,28898,28928,30
12.9813804626,80.2429580688,28928,28938,10
12.9813995361,80.2426834106,28938,28948,10
12.9813995361,80.2423782349,28948,28958,10
12.9813995361,80.2422485352,28958,28968,10
12.9813899994,80.2417297363,28968,28978,10
12.9813804626,80.2409210205,28978,28989,11
12.9813604355,80.2398986816,28989,28999,10
12.9813299179,80.2389602661,28999,29009,10
12.981300354,80.23802948,29009,29029,20
12.981300354,80.23802948,29029,29039,10
12.981300354,80.2379608154,29039,29049,10
12.981300354,80.2375869751,29049,29059,10
12.9812803268,80.2369003296,29059,29069,10
12.9812602997,80.2361221313,29069,29079,10
12.9812402725,80.2352676392,29079,29089,10
12.9812602997,80.234336853,29089,29099,10
12.9816703796,80.2333068848,29099,29120,21
12.9816703796,80.2333068848,29120,29130,10
12.9817800522,80.2330703735,29130,29140,10
12.9819698334,80.2325668335,29140,29150,10
12.982000351,80.2320480347,29150,29160,10
12.9819803238,80.2315216064,29160,29170,10
12.981880188,80.2310714722,29170,29180,10
12.9816904068,80.2306518555,29180,29190,10
12.9813404083,80.2300720215,29190,29200,10
12.9809799194,80.2295227051,29200,29210,10
12.980799675,80.2292022705,29210,29221,11
12.9806900024,80.2290725708,29221,29231,10
12.9805603027,80.2288208008,29231,29241,10
12.9803304672,80.2283401489,29241,29251,10
12.9799900055,80.2277374268,29251,29261,10
12.9794902802,80.2269363403,29261,29271,10
12.9789304733,80.2260131836,29271,29281,10
12.9785003662,80.2252807617,29281,29291,10
12.9781703949,80.2247467041,29291,29301,10
12.9778404236,80.2243118286,29301,29321,20
12.9778404236,80.2243118286,29321,29332,11
12.9777002335,80.2240524292,29332,29342,10
12.9773702621,80.2235336304,29342,29352,10
12.9770202637,80.2229537964,29352,29362,10
12.9768295288,80.22265625,29362,29372,10
12.9765396118,80.2221679688,29372,29382,10
12.9761896133,80.2216796875,29382,29392,10
12.9756603241,80.2210464478,29392,29422,30
12.9756603241,80.2210464478,29422,29432,10
12.975399971,80.2208633423,29432,29442,10
12.9743204117,80.2203903198,29442,29463,21
12.9743204117,80.2203903198,29463,29473,10
12.9739303589,80.2201766968,29473,29483,10
12.9732599258,80.2199020386,29483,29493,10
12.9723796844,80.219581604,29493,29503,10
12.9715499878,80.2193374634,29503,29513,10
12.9710302353,80.2191696167,29513,29523,10
12.970990181,80.2191619873,29523,29533,10
12.9706401825,80.218963623,29533,29543,10
12.970000267,80.2186813354,29543,29552,9
12.9693002701,80.2184295654,29552,29564,12
12.9683599472,80.2180480957,29564,29574,10
12.9675998688,80.2177124023,29574,29584,10
12.9668102264,80.2173995972,29584,29594,10
12.9659004211,80.2170333862,29594,29604,10
12.9648799896,80.2166137695,29604,29614,10
12.9639701843,80.2162094116,29614,29624,10
12.9635400772,80.2159805298,29624,29634,10
12.9636297226,80.2154769897,29634,29654,20
12.9636297226,80.2154769897,29654,29664,10
12.9637098312,80.2152786255,29664,29675,11
12.963760376,80.2150497437,29675,29685,10
12.9638395309,80.2145690918,29685,29695,10
12.96393013,80.2140426636,29695,29705,10
12.9639797211,80.2136077881,29705,29715,10
12.9640703201,80.2130584717,29715,29725,10
12.9642400742,80.2122421265,29725,29735,10
12.9644203186,80.2114715576,29735,29745,10
12.9645595551,80.2112426758,29745,29755,10
12.9646396637,80.2110137939,29755,29765,10
12.9647197723,80.210357666,29765,29774,9
12.9648103714,80.2097091675,29774,29786,12
12.9649600983,80.2086868286,29786,29796,10
12.9651298523,80.2077636719,29796,29806,10
12.9652299881,80.2071914673,29806,29816,10
12.965259552,80.2069625854,29816,29826,10
12.9652996063,80.2068328857,29826,29836,10
12.9653501511,80.2063217163,29836,29846,10
12.9653997421,80.2056121826,29846,29856,10
12.9655303955,80.2048721313,29856,29866,10
12.9655895233,80.2045211792,29866,29876,10
12.9656295776,80.2042617798,29876,29886,10
12.965760231,80.2036209106,29886,29896,10
12.9658002853,80.2027816772,29896,29907,11
12.9658203125,80.2018890381,29907,29917,10
12.9653701782,80.2016677856,29917,29927,10
12.9653997421,80.2010192871,29927,29937,10
12.9655303955,80.2003707886,29937,29967,30
12.9655303955,80.2003707886,29967,29977,10
12.9653701782,80.2001190186,29977,29987,10
12.9649801254,80.1999130249,29987,29997,10
12.9648704529,80.1993637085,29997,30007,10
12.9648599625,80.1986465454,30007,30018,11
12.9647903442,80.1976623535,30018,30028,10
12.9648103714,80.1969070435,30028,30038,10
12.9648103714,80.1962890625,30038,30058,20
12.9648103714,80.1962890625,30058,30068,10
12.9647197723,80.1960906982,30068,30078,10
12.9647502899,80.195640564,30078,30088,10
12.9648103714,80.1950073242,30088,30098,10
12.9648799896,80.1943969727,30098,30108,10
12.9650001526,80.193939209,30108,30118,10
12.965089798,80.1933364868,30118,30129,11
12.9651899338,80.1923522949,30129,30139,10
12.9653396606,80.1916427612,30139,30149,10
12.9653997421,80.1913986206,30149,30159,10
12.9655103683,80.1908569336,30159,30169,10
12.9656801224,80.1900482178,30169,30179,10
12.9658002853,80.1893768311,30179,30189,10
12.965880394,80.1889724731,30189,30199,10
12.9659004211,80.1889038086,30199,30209,10
12.965959549,80.188621521,30209,30219,10
12.9657001495,80.1884765625,30219,30229,10
12.9652795792,80.1882781982,30229,30239,10
12.9647798538,80.1881103516,30239,30250,11
12.9641399384,80.1879119873,30250,30260,10
12.9634895325,80.1877288818,30260,30270,10
12.9629898071,80.1875991821,30270,30280,10
12.9623498917,80.187461853,30280,30290,10
12.9616804123,80.1873321533,30290,30300,10
12.9610500336,80.18724823,30300,30310,10
12.960650444,80.1871871948,30310,30320,10
12.9602098465,80.1871032715,30320,30330,10
12.9597196579,80.1870727539,30330,30340,10
12.9591398239,80.1870269775,30340,30350,10
12.9586296082,80.1870193481,30350,30361,11
12.95814991,80.1870193481,30361,30371,10
12.9575595856,80.1870269775,30371,30381,10
12.9569301605,80.1870117188,30381,30391,10
12.956410408,80.1869888306,30391,30401,10
12.9559898376,80.1869430542,30401,30421,20
12.9558696747,80.1869277954,30421,30472,51
12.9558696747,80.1869277954,30472,30482,10
12.9556102753,80.186630249,30482,30492,10
12.9556503296,80.1863937378,30492,30502,10
12.9557199478,80.1861114502,30502,30512,10
12.9557600021,80.1857681274,30512,30532,20
12.9557600021,80.1857681274,30532,30542,10
12.9559402466,80.1854782104,30542,30550,8
12.9560499191,80.1856231689,30550,30562,12
12.9560804367,80.186416626,30562,30683,121
12.9560604095,80.1865310669,30683,31117,434
12.9560604095,80.1865310669,31117,31127,10
12.9560604095,80.1868896484,31127,31147,20
12.9560604095,80.1868896484,31147,31157,10
12.9562902451,80.18699646,31157,31168,11
12.9569196701,80.1870269775,31168,31178,10
12.957400322,80.1870574951,31178,31188,10
12.9579896927,80.1870574951,31188,31198,10
12.9584798813,80.1870574951,31198,31208,10
12.958990097,80.1870574951,31208,31218,10
12.9596004486,80.1871109009,31218,31228,10
12.9601802826,80.1871414185,31228,31238,10
12.9606895447,80.187210083,31238,31248,10
12.9612903595,80.1873016357,31248,31258,10
12.9614601135,80.1873168945,31258,31268,10
12.9617500305,80.1873703003,31268,31278,10
12.9623699188,80.1875,31278,31289,11
12.963139534,80.1876373291,31289,31299,10
12.9638395309,80.187828064,31299,31309,10
12.9645004272,80.188041687,31309,31319,10
12.9651002884,80.1882400513,31319,31329,10
12.9654798508,80.1883773804,31329,31339,10
12.9654998779,80.1884002686,31339,31349,10
12.9659404755,80.1885910034,31349,31379,30
12.9659404755,80.1885910034,31379,31389,10
12.9659099579,80.1888198853,31389,31400,11
12.9658498764,80.1890563965,31400,31410,10
12.965760231,80.1896286011,31410,31420,10
12.9656000137,80.1904830933,31420,31430,10
12.9654102325,80.1912994385,31430,31440,10
12.9653396606,80.1916275024,31440,31450,10
12.9653196335,80.1917495728,31450,31460,10
12.9652204514,80.1922225952,31460,31470,10
12.9650497437,80.1931228638,31470,31480,10
12.9649600983,80.193939209,31480,31490,10
12.9648103714,80.1944885254,31490,31500,10
12.9647502899,80.1950302124,31500,31511,11
12.9646596909,80.1957778931,31511,31521,10
12.9647302628,80.1961288452,31521,31531,10
12.9647703171,80.1963806152,31531,31541,10
12.9647703171,80.1966323853,31541,31551,10
12.9647903442,80.1970214844,31551,31571,20
12.9647903442,80.1970214844,31571,31581,10
12.964799881,80.1975097656,31581,31591,10
12.964799881,80.1982803345,31591,31601,10
12.9647397995,80.1990280151,31601,31611,10
12.9648895264,80.1996917725,31611,31621,10
12.965180397,80.200088501,31621,31632,11
12.9654903412,80.2004394531,31632,31641,9
12.9653997421,80.2009887695,31641,31652,11
12.9653501511,80.201210022,31652,31662,10
12.9652900696,80.201499939,31662,31672,10
12.9655599594,80.2017593384,31672,31682,10
12.9658098221,80.2021102905,31682,31692,10
12.965760231,80.2028503418,31692,31702,10
12.9657201767,80.2036132813,31702,31712,10
12.9656496048,80.2041473389,31712,31722,10
12.9655599594,80.204536438,31722,31732,10
12.9655399323,80.2047119141,31732,31743,11
12.9654598236,80.2052764893,31743,31753,10
12.9652996063,80.2061233521,31753,31763,10
12.9652204514,80.2069091797,31763,31773,10
12.9651899338,80.2071380615,31773,31783,10
12.9651699066,80.2073516846,31783,31793,10
12.9650802612,80.2079162598,31793,31803,10
12.9649200439,80.208770752,31803,31813,10
12.964799881,80.2096710205,31813,31823,10
12.9646902084,80.2105026245,31823,31833,10
12.9645795822,80.2112197876,31833,31843,10
12.9645204544,80.2113265991,31843,31854,11
12.9643602371,80.2116317749,31854,31864,10
12.9642496109,80.2121963501,31864,31874,10
12.964099884,80.2129364014,31874,31884,10
12.9639997482,80.2136077881,31884,31894,10
12.9638996124,80.2142028809,31894,31904,10
12.963809967,80.2147216797,31904,31914,10
12.9636697769,80.2154693604,31914,31934,20
12.9636697769,80.2154693604,31934,31944,10
12.9636001587,80.2157592773,31944,31954,10
12.9639396667,80.2160491943,31954,31964,10
12.9641199112,80.2161178589,31964,31975,11
12.9643602371,80.2162475586,31975,31985,10
12.9649200439,80.2164993286,31985,31995,10
12.9656400681,80.2167816162,31995,32005,10
12.9663696289,80.2170715332,32005,32015,10
12.9671001434,80.2173690796,32015,32025,10
12.9678201675,80.217666626,32025,32035,10
12.9686498642,80.2179794312,32035,32045,10
12.9696502686,80.2183837891,32045,32055,10
12.9705495834,80.2187423706,32055,32065,10
12.9712400436,80.218963623,32065,32075,10
12.971280098,80.2189865112,32075,32086,11
12.971619606,80.2191390991,32086,32096,10
12.9722499847,80.2194137573,32096,32106,10
12.9729499817,80.2196884155,32106,32116,10
12.9737300873,80.2199935913,32116,32156,40
12.9737300873,80.2199935913,32156,32166,10
12.9738101959,80.2200164795,32166,32176,10
12.9740495682,80.2201538086,32176,32186,10
12.9745197296,80.2203903198,32186,32195,9
12.9748802185,80.2205429077,32195,32207,12
12.9751300812,80.2206497192,32207,32217,10
12.9754104614,80.2207107544,32217,32247,30
12.9754104614,80.2207107544,32247,32257,10
12.9756298065,80.2209014893,32257,32267,10
12.9758996964,80.221206665,32267,32277,10
12.9760103226,80.2213516235,32277,32287,10
12.9761896133,80.2216033936,32287,32318,31
12.9761896133,80.2216033936,32318,32328,10
12.9763298035,80.2219314575,32328,32338,10
12.9764003754,80.2220687866,32338,32348,10
12.9765396118,80.2222518921,32348,32358,10
12.9767503738,80.2225875854,32358,32368,10
12.9768800735,80.2227630615,32368,32378,10
12.9769802094,80.2228927612,32378,32388,10
12.9772596359,80.2233886719,32388,32398,10
12.977689743,80.2240829468,32398,32408,10
12.978099823,80.2247009277,32408,32418,10
12.9784803391,80.2252883911,32418,32428,10
12.9785604477,80.2254333496,32428,32439,11
12.9788198471,80.2258529663,32439,32449,10
12.9792203903,80.2265319824,32449,32459,10
12.9796695709,80.2272567749,32459,32469,10
12.9801397324,80.2280426025,32469,32479,10
12.9805603027,80.228767395,32479,32489,10
12.9808397293,80.2292480469,32489,32499,10
12.9808998108,80.2293624878,32499,32509,10
12.9811401367,80.2296981812,32509,32519,10
12.9814996719,80.2302474976,32519,32529,10
12.9816904068,80.230506897,32529,32539,10
12.981760025,80.2306518555,32539,32550,11
12.9819402695,80.2312088013,32550,32560,10
12.982049942,80.231918335,32560,32570,10
12.9820604324,80.2322006226,32570,32580,10
12.9820404053,80.2323303223,32580,32590,10
12.9819803238,80.2326583862,32590,32600,10
12.9818696976,80.2329483032,32600,32610,10
12.9817495346,80.2332305908,32610,32620,10
12.9816503525,80.2334594727,32620,32630,10
12.9816102982,80.2335510254,32630,32640,10
12.9813995361,80.2339630127,32640,32650,10
12.9812402725,80.2345275879,32650,32661,11
12.9812202454,80.2352523804,32661,32671,10
12.9812602997,80.2359237671,32671,32681,10
12.9812898636,80.2364730835,32681,32691,10
12.981300354,80.2369003296,32691,32701,10
12.9813098907,80.2370529175,32701,32711,10
12.981300354,80.237121582,32711,32721,10
12.981300354,80.2372970581,32721,32731,10
12.981300354,80.2373123169,32731,32741,10
12.9813098907,80.237449646,32741,32751,10
12.9813299179,80.2376022339,32751,32761,10
12.9813299179,80.2377090454,32761,32771,10
12.9813404083,80.2378616333,32771,32782,11
12.9813499451,80.2381591797,32782,32792,10
12.9813404083,80.2385101318,32792,32802,10
12.9813499451,80.2385864258,32802,32812,10
12.9813604355,80.2386627197,32812,32822,10
12.9813604355,80.238899231,32822,32832,10
12.9813699722,80.2390899658,32832,32852,20
12.9813699722,80.2390899658,32852,32862,10
12.9813804626,80.2393035889,32862,32872,10
12.9813699722,80.2395172119,32872,32882,10
12.9813804626,80.2397003174,32882,32893,11
12.9813699722,80.2400817871,32893,32903,10
12.9813604355,80.2406997681,32903,32913,10
12.9813699722,80.2413101196,32913,32923,10
12.9813899994,80.2416763306,32923,32933,10
12.9813995361,80.2419433594,32933,32943,10
12.9814100266,80.2422180176,32943,32953,10
12.9814300537,80.242477417,32953,32983,30
12.9813995361,80.2428512573,32983,33014,31
12.9813995361,80.2428512573,33014,33024,10
12.9814300537,80.2430114746,33024,33034,10
12.9814195633,80.2434082031,33034,33044,10
12.9813203812,80.244178772,33044,33054,10
12.9811897278,80.2451477051,33054,33064,10
12.9810695648,80.2461700439,33064,33074,10
12.9809598923,80.2472610474,33074,33084,10
12.9808597565,80.2484130859,33084,33094,10
12.9807395935,80.2496032715,33094,33104,10
12.9805498123,80.2504806519,33104,33114,10
12.9803199768,80.2513809204,33114,33125,11
12.9801797867,80.2521896362,33125,33145,20
12.9801797867,80.2521896362,33145,33155,10
12.9801797867,80.2525177002,33155,33165,10
12.9806900024,80.2526397705,33165,33175,10
12.9814596176,80.2526016235,33175,33185,10
12.9822597504,80.2525634766,33185,33306,121
12.9822597504,80.2525634766,33306,33316,10
12.982509613,80.2525634766,33316,33326,10
12.9830799103,80.2525100708,33326,33336,10
12.9835300446,80.2524414063,33336,33346,10
12.983830452,80.2523574829,33346,33357,11
12.9841403961,80.2522888184,33357,33367,10
12.984459877,80.2521972656,33367,33528,161
12.9846000671,80.2522125244,33528,33720,192
12.9846000671,80.2522125244,33720,33730,10
12.98458004,80.2522125244,33730,33740,10
12.9849500656,80.2520904541,33740,33750,10
12.9854898453,80.2519302368,33750,33760,10
12.9858598709,80.2518234253,33760,33770,10
12.9862604141,80.2517089844,33770,33780,10
12.9866104126,80.2516326904,33780,33790,10
12.9869604111,80.2515335083,33790,33800,10
12.9873895645,80.2514038086,33800,33809,9
12.987739563,80.2513198853,33809,33821,12
12.9879198074,80.251411438,33821,33831,10
12.9879798889,80.2515869141,33831,33841,10
12.9880304337,80.2519607544,33841,33851,10
12.9880504608,80.2524108887,33851,33861,10
12.987950325,80.2530212402,33861,33871,10
12.9878902435,80.2537765503,33871,33881,10
12.9877796173,80.2547531128,33881,34022,141
12.9877796173,80.2547531128,34022,34032,10
12.9877996445,80.2548522949,34032,34042,10
12.9877700806,80.2552032471,34042,34053,11
12.9877195358,80.2556533813,34053,34063,10
12.987660408,80.2560882568,34063,34073,10
12.9876203537,80.2564163208,34073,34083,10
12.9876499176,80.2566223145,34083,34093,10
12.9875898361,80.2570419312,34093,34103,10
12.9875202179,80.2576370239,34103,34113,10
12.9874200821,80.2583694458,34113,34133,20
12.9874095917,80.2586364746,34133,34143,10
12.9874095917,80.2586364746,34143,34153,10
12.9873304367,80.2591171265,34153,34163,10
12.9872903824,80.2594528198,34163,34204,41
12.9872903824,80.2594528198,34204,34214,10
12.9871902466,80.2596206665,34214,34224,10
12.9871301651,80.2596130371,34224,34234,10
12.9868001938,80.2595214844,34234,34244,10
12.9866199493,80.2592163086,34244,34254,10
12.9868402481,80.2587966919,34254,34274,20
12.9868402481,80.2587966919,34274,34285,11
12.9868898392,80.2586975098,34285,34406,121
12.9871101379,80.2583999634,34406,34527,121
12.9872198105,80.2583999634,34527,34547,20
12.9872198105,80.2583999634,34547,34557,10
12.9872503281,80.2585983276,34557,34567,10
12.9870100021,80.2586669922,34567,34858,291
12.9866800308,80.2585220337,34858,34930,72
12.9866800308,80.2585220337,34930,34940,10
12.986579895,80.2587432861,34940,35364,424
12.9867200851,80.2589187622,35364,35465,101
12.9867200851,80.2589187622,35465,35475,10
12.9872102737,80.2591629028,35475,35626,151
12.9873800278,80.2590103149,35626,35656,30
12.9873800278,80.2590103149,35656,35666,10
12.987449646,80.2587509155,35666,35676,10
12.987449646,80.2586898804,35676,35686,10
12.9874401093,80.2585830688,35686,35697,11
12.9874601364,80.2583236694,35697,35707,10
12.9874601364,80.258102417,35707,35717,10
12.9874897003,80.257522583,35717,35727,10
12.9875297546,80.2568435669,35727,35737,10
12.987569809,80.2562179565,35737,35747,10
12.9875497818,80.2560272217,35747,35757,10
12.9876403809,80.2556762695,35757,35767,10
12.9877195358,80.2550888062,35767,35777,10
12.9877300262,80.2549133301,35777,35787,10
12.9877500534,80.2547073364,35787,35797,10
12.9877996445,80.2541885376,35797,35808,11
12.9877901077,80.2538299561,35808,35979,171
12.9877901077,80.2538299561,35979,35989,10
12.987859726,80.253616333,35989,35999,10
12.9878702164,80.2533798218,35999,36009,10
12.9878902435,80.2528915405,36009,36019,10
12.9879102707,80.2522964478,36019,36029,10
12.9879102707,80.2520980835,36029,36040,11
12.9878396988,80.2517776489,36040,36050,10
12.9877099991,80.2516174316,36050,36060,10
12.9875497818,80.2516174316,36060,36070,10
12.9873304367,80.2516403198,36070,36080,10
12.9871501923,80.251663208,36080,36090,10
12.9866600037,80.2517623901,36090,36100,10
12.9858198166,80.2519226074,36100,36110,10
12.984749794,80.2522125244,36110,36120,10
12.983499527,80.252532959,36120,36130,10
12.9822397232,80.2526626587,36130,36140,10
12.9811897278,80.2526779175,36140,36150,10
12.980340004,80.2527389526,36150,36161,11
12.9799499512,80.2527618408,36161,36171,10
12.9798898697,80.2524185181,36171,36181,10
12.9799003601,80.2523498535,36181,36191,10
12.9799404144,80.2522506714,36191,36201,10
12.9799995422,80.251953125,36201,36211,10
12.9802303314,80.2513198853,36211,36221,10
12.9805002213,80.2504119873,36221,36231,10
12.9807195663,80.2492904663,36231,36241,10
12.9808101654,80.2480392456,36241,36251,10
12.980919838,80.2467422485,36251,36261,10
12.9810600281,80.2454528809,36261,36272,11
12.9811401367,80.2442169189,36272,36332,60
12.9811401367,80.2442169189,36332,36342,10
12.9811601639,80.2440795898,36342,36362,20
12.9811601639,80.2440795898,36362,36372,10
12.9812097549,80.2437820435,36372,36381,9
12.9813404083,80.243560791,36381,36443,62
12.9813404083,80.243560791,36443,36453,10
12.9813699722,80.2433776855,36453,36463,10
12.9813499451,80.2429275513,36463,36473,10
12.9813604355,80.2428817749,36473,36483,10
12.9813899994,80.2427597046,36483,36493,10
12.9813404083,80.2424621582,36493,36504,11
12.9813404083,80.2422180176,36504,36514,10
12.9813404083,80.2416305542,36514,36524,10
12.9813404083,80.2408981323,36524,36534,10
12.9813404083,80.2405471802,36534,36544,10
12.9813203812,80.2398986816,36544,36594,50
12.9813203812,80.2398986816,36594,36604,10
12.9813098907,80.2396774292,36604,36614,10
12.981300354,80.2395477295,36614,36625,11
12.981300354,80.2394485474,36625,36635,10
12.9812803268,80.2391586304,36635,36645,10
12.9812602997,80.2387237549,36645,36655,10
12.9812498093,80.2382583618,36655,36665,10
12.9812402725,80.2380371094,36665,36675,10
12.9812402725,80.237991333,36675,36685,10
12.9812498093,80.2378311157,36685,36695,10
12.9812297821,80.2374191284,36695,36705,10
12.9812202454,80.236656189,36705,36715,10
12.9812002182,80.2357330322,36715,36725,10
12.9811897278,80.2348937988,36725,36735,10
12.981300354,80.2340393066,36735,36746,11
12.9815998077,80.2333984375,36746,36756,10
12.9816198349,80.2333526611,36756,36766,10
12.9817399979,80.2331619263,36766,36776,10
12.9819498062,80.2326202393,36776,36786,10
12.982000351,80.2319793701,36786,36796,10
12.9819498062,80.2313766479,36796,36806,10
12.9817800522,80.2308120728,36806,36816,10
12.9814395905,80.2302093506,36816,36826,10
12.9810199738,80.2295303345,36826,36836,10
12.9808197021,80.2292022705,36836,36846,10
12.9806604385,80.2289810181,36846,36857,11
12.9806404114,80.2289505005,36857,36867,10
12.9804201126,80.2285995483,36867,36877,10
12.980219841,80.2281417847,36877,36887,10
12.979809761,80.2274627686,36887,36897,10
12.9793395996,80.2266921997,36897,36907,10
12.9788799286,80.2259063721,36907,36917,10
12.9784498215,80.2251815796,36917,36927,10
12.9780197144,80.2245483398,36927,36937,10
12.9778404236,80.2242889404,36937,36947,10
12.9777803421,80.2241821289,36947,36956,9
12.9775600433,80.2238235474,36956,36967,11
12.9771203995,80.2230911255,36967,36978,11
12.9767398834,80.2224731445,36978,36988,10
12.976360321,80.221862793,36988,36998,10
12.9760704041,80.2214508057,36998,37008,10
12.9760198593,80.2213821411,37008,37018,10
12.9759702682,80.221321106,37018,37028,10
12.9757699966,80.2210769653,37028,37058,30
12.9757699966,80.2210769653,37058,37068,10
12.9756402969,80.2209320068,37068,37078,10
12.9753303528,80.2207183838,37078,37089,11
12.9745903015,80.2204208374,37089,37099,10
12.974240303,80.2202835083,37099,37109,10
12.9741697311,80.2202682495,37109,37119,10
12.973739624,80.2200927734,37119,37129,10
12.9730195999,80.219833374,37129,37139,10
12.9720897675,80.2194595337,37139,37149,10
12.9710197449,80.2191696167,37149,37169,20
12.9710197449,80.2191696167,37169,37179,10
12.9706201553,80.2189331055,37179,37189,10
12.9699697495,80.2186584473,37189,37200,11
12.9691295624,80.2183227539,37200,37210,10
12.9683599472,80.2180099487,37210,37220,10
12.9676103592,80.2177200317,37220,37230,10
12.966799736,80.2173995972,37230,37240,10
12.9658498764,80.2169876099,37240,37250,10
12.964799881,80.2165679932,37250,37260,10
12.9639196396,80.2161636353,37260,37270,10
12.9634599686,80.2158889771,37270,37280,10
12.9636096954,80.2154769897,37280,37290,10
12.9636602402,80.2153396606,37290,37300,10
12.9637298584,80.2151794434,37300,37310,10
12.9637403488,80.2149581909,37310,37321,11
12.9638595581,80.2143173218,37321,37331,10
12.9639701843,80.2137298584,37331,37341,10
12.964099884,80.2130126953,37341,37351,10
12.9642496109,80.212272644,37351,37361,10
12.96434021,80.2117996216,37361,37371,10
12.9643697739,80.2116088867,37371,37381,10
12.9645395279,80.211227417,37381,37391,10
12.9646501541,80.2110366821,37391,37401,10
12.9646902084,80.2104873657,37401,37411,10
12.964799881,80.2097091675,37411,37420,9
12.9649095535,80.2089233398,37420,37431,11
12.9651098251,80.207862854,37431,37442,11
12.9652299881,80.2070236206,37442,37462,20
12.9652299881,80.2070236206,37462,37472,10
12.9653100967,80.206817627,37472,37482,10
12.9653701782,80.2063369751,37482,37492,10
12.9653902054,80.2056503296,37492,37502,10
12.9655799866,80.2045135498,37502,37522,20
12.9655799866,80.2045135498,37522,37532,10
12.965669632,80.2041091919,37532,37541,9
12.9657802582,80.2034683228,37541,37553,12
12.9658098221,80.2023162842,37553,37563,10
12.9656000137,80.2017288208,37563,37573,10
12.9653100967,80.2013778687,37573,37583,10
12.9653997421,80.2009506226,37583,37593,10
12.9654598236,80.2005691528,37593,37603,10
12.9654998779,80.2003326416,37603,37613,10
12.9655103683,80.2002410889,37613,37623,10
12.9652900696,80.2001037598,37623,37633,10
12.9649496078,80.1997909546,37633,37643,10
12.964799881,80.19921875,37643,37653,10
12.9648103714,80.1984176636,37653,37663,10
12.9647703171,80.1975479126,37663,37674,11
12.964799881,80.1967086792,37674,37684,10
12.964799881,80.1962738037,37684,37694,10
12.964799881,80.1962585449,37694,37704,10
12.9647502899,80.1960983276,37704,37714,10
12.964679718,80.1957931519,37714,37724,10
12.9647598267,80.1952133179,37724,37734,10
12.9647903442,80.1946716309,37734,37744,10
12.9649200439,80.1940231323,37744,37754,10
12.9650402069,80.1934509277,37754,37764,10
12.9651002884,80.1926498413,37764,37774,10
12.965259552,80.1919021606,37774,37785,11
12.9653596878,80.1915435791,37785,37795,10
12.9654397964,80.1912002563,37795,37805,10
12.9655895233,80.1904830933,37805,37815,10
12.965760231,80.1895904541,37815,37825,10
12.9658603668,80.1889724731,37825,37845,20
12.9658603668,80.1889724731,37845,37855,10
12.9659004211,80.1888198853,37855,37865,10
12.965929985,80.188621521,37865,37875,10
12.9657697678,80.1885223389,37875,37885,10
12.965760231,80.1885223389,37885,37895,10
12.9655199051,80.1884231567,37895,37906,11
12.9652900696,80.1883392334,37906,37916,10
12.9650201797,80.1882400513,37916,37926,10
12.964679718,80.1881332397,37926,37936,10
12.964099884,80.1879425049,37936,37946,10
12.9635801315,80.1877822876,37946,37956,10
12.9630804062,80.1876373291,37956,37966,10
12.9625301361,80.1875305176,37966,37976,10
12.9620103836,80.1874237061,37976,37986,10
12.9614801407,80.1873397827,37986,37996,10
12.9610395432,80.18724823,37996,38006,10
12.9607896805,80.187210083,38006,38017,11
12.9605398178,80.1871795654,38017,38027,10
12.9602203369,80.1871185303,38027,38037,10
12.9597997665,80.1870880127,38037,38047,10
12.9592199326,80.1870422363,38047,38057,10
12.9586400986,80.1870117188,38057,38067,10
12.9580698013,80.1870269775,38067,38077,10
12.9574604034,80.1870269775,38077,38087,10
12.9568996429,80.18699646,38087,38097,10
12.9558401108,80.1869506836,38097,38148,51
12.9558401108,80.1869506836,38148,38158,10
12.9555902481,80.1867675781,38158,38168,10
12.9556503296,80.1864318848,38168,38178,10
12.9557199478,80.1860961914,38178,38188,10
12.9557695389,80.1856918335,38188,38218,30
12.9557695389,80.1856918335,38218,38228,10
12.9560699463,80.1856231689,38228,38238,10
12.9561195374,80.186088562,38238,38259,21
12.9561004639,80.1863327026,38259,38551,292
12.9560604095,80.1865234375,38551,38672,121
12.9560604095,80.1865234375,38672,38682,10
12.9560403824,80.1866607666,38682,38692,10
12.956029892,80.1868209839,38692,38702,10
12.9560604095,80.1869277954,38702,38711,9
12.9563999176,80.1869735718,38711,38723,12
12.9571504593,80.1870269775,38723,38733,10
12.9578800201,80.1870269775,38733,38743,10
12.9584903717,80.1870269775,38743,38753,10
12.9590702057,80.1870498657,38753,38763,10
12.9596796036,80.1870880127,38763,38773,10
12.9603099823,80.1871185303,38773,38783,10
12.9608402252,80.1872024536,38783,38793,10
12.9613704681,80.187286377,38793,38803,10
12.9615697861,80.1873168945,38803,38813,10
12.9619398117,80.1873931885,38813,38822,9
12.9624996185,80.1875,38822,38834,12
12.963350296,80.1876678467,38834,38844,10
12.9640398026,80.1878814697,38844,38854,10
12.964679718,80.188079834,38854,38864,10
12.9655199051,80.1883926392,38864,38884,20
12.9655199051,80.1883926392,38884,38894,10
12.965760231,80.1884918213,38894,38904,10
12.9659700394,80.1886672974,38904,38914,10
12.965880394,80.1890411377,38914,38924,10
12.9657201767,80.1899032593,38924,38934,10
12.9654998779,80.1908493042,38934,38945,11
12.9653701782,80.1915206909,38945,38955,10
12.9653196335,80.1916809082,38955,38965,10
12.9652099609,80.1921920776,38965,38975,10
12.9650802612,80.1930389404,38975,38985,10
12.9649896622,80.1938781738,38985,38995,10
12.9649095535,80.194229126,38995,39005,10
12.9647703171,80.1948623657,39005,39015,10
12.9646997452,80.1955718994,39015,39025,10
12.9646396637,80.1960678101,39025,39035,10
12.9647903442,80.196182251,39035,39045,10
12.9647798538,80.1966705322,39045,39055,10
12.9647798538,80.197052002,39055,39066,11
12.9647798538,80.1970596313,39066,39076,10
12.9647598267,80.1973495483,39076,39086,10
12.9647502899,80.198097229,39086,39096,10
12.964799881,80.1987686157,39096,39106,10
12.9648303986,80.1994018555,39106,39116,10
12.9649295807,80.1999893188,39116,39126,10
12.9654102325,80.2001266479,39126,39136,10
12.9654798508,80.2004699707,39136,39146,10
12.9653701782,80.2011108398,39146,39156,10
12.9653501511,80.2012023926,39156,39166,10
12.9653100967,80.2015914917,39166,39176,10
12.9656400681,80.2017974854,39176,39187,11
12.9657897949,80.2024307251,39187,39197,10
12.9657802582,80.203338623,39197,39207,10
12.9655504227,80.2046432495,39207,39227,20
12.9655504227,80.2046432495,39227,39237,10
12.965470314,80.2050323486,39237,39247,10
12.9653701782,80.2056503296,39247,39257,10
12.9652996063,80.206451416,39257,39267,10
12.9652299881,80.207069397,39267,39277,10
12.9652204514,80.2071304321,39277,39286,9
12.9652099609,80.2072372437,39286,39298,12
12.9651098251,80.2078323364,39298,39308,10
12.9649600983,80.2086791992,39308,39318,10
12.9648103714,80.2096176147,39318,39328,10
12.9646902084,80.2106018066,39328,39338,10
12.9645700455,80.2112731934,39338,39348,10
12.9645595551,80.2112884521,39348,39358,10
12.9644298553,80.2115020752,39358,39368,10
12.9643201828,80.2118988037,39368,39378,10
12.9642000198,80.2125167847,39378,39388,10
12.9640598297,80.2131271362,39388,39398,10
12.9639797211,80.2137069702,39398,39408,10
12.9638900757,80.2143096924,39408,39419,11
12.9637804031,80.2149734497,39419,39429,10
12.9636898041,80.2154769897,39429,39439,10
12.9636497498,80.2159118652,39439,39449,10
12.9640798569,80.2161026001,39449,39459,10
12.9641799927,80.2161407471,39459,39469,10
12.964389801,80.2162475586,39469,39479,10
12.9649200439,80.2164916992,39479,39489,10
12.9656600952,80.2167816162,39489,39499,10
12.9663801193,80.2170791626,39499,39509,10
12.9671201706,80.217376709,39509,39519,10
12.9678602219,80.2176895142,39519,39530,11
12.9686603546,80.2180023193,39530,39540,10
12.9696502686,80.2183914185,39540,39550,10
12.9706401825,80.218788147,39550,39560,10
12.9711704254,80.2189483643,39560,39570,10
12.9712400436,80.2189865112,39570,39580,10
12.9716300964,80.2191467285,39580,39590,10
12.9722795486,80.2194366455,39590,39600,10
12.972820282,80.2196426392,39600,39610,10
12.9730997086,80.2197494507,39610,39620,10
12.9734201431,80.2199172974,39620,39630,10
12.9736700058,80.2200317383,39630,39701,71
12.9736700058,80.2200317383,39701,39711,10
12.9739303589,80.2202529907,39711,39812,101
12.9739303589,80.2202529907,39812,39822,10
12.9741601944,80.2203063965,39822,39832,10
12.9744701385,80.2204437256,39832,39842,10
12.9747800827,80.2205505371,39842,39862,20
12.9747800827,80.2205505371,39862,39871,9
12.9750204086,80.2206497192,39871,39883,12
12.9752702713,80.2207489014,39883,39893,10
12.9756002426,80.2209014893,39893,39903,10
12.9758996964,80.221206665,39903,39973,70
12.9758996964,80.221206665,39973,39983,10
12.9761400223,80.2214813232,39983,39994,11
12.9763803482,80.2217712402,39994,40014,20
12.9763803482,80.2217712402,40014,40024,10
12.9764099121,80.2219619751,40024,40034,10
12.9766902924,80.2224197388,40034,40044,10
12.9769697189,80.2229309082,40044,40054,10
12.9774503708,80.2236785889,40054,40064,10
12.9778699875,80.2243118286,40064,40074,10
12.9779996872,80.2244796753,40074,40084,10
12.9781103134,80.2246932983,40084,40094,10
12.9783697128,80.2250976563,40094,40104,10
12.9785404205,80.2253570557,40104,40115,11
12.9786300659,80.2254867554,40115,40125,10
12.9786901474,80.2255935669,40125,40135,10
12.9788198471,80.2257995605,40135,40145,10
12.9791297913,80.2263717651,40145,40155,10
12.9795503616,80.2270736694,40155,40165,10
12.979929924,80.2276992798,40165,40175,10
12.9803495407,80.2283782959,40175,40185,10
12.9806995392,80.229019165,40185,40195,10
12.9810400009,80.2295837402,40195,40205,10
12.9814996719,80.2302398682,40205,40215,10
12.9816303253,80.23046875,40215,40224,9
12.9816799164,80.2305908203,40224,40236,12
12.9819297791,80.2311401367,40236,40246,10
12.9820299149,80.2319793701,40246,40256,10
12.9819297791,80.2327804565,40256,40266,10
12.9816198349,80.2334671021,40266,40276,10
12.9815502167,80.2336196899,40276,40286,10
12.9813098907,80.2341003418,40286,40296,10
12.9811897278,80.2348098755,40296,40306,10
12.9811897278,80.2351303101,40306,40316,10
12.9812097549,80.2355422974,40316,40326,10
12.9812097549,80.2359237671,40326,40336,10
12.9812202454,80.2360534668,40336,40347,11
12.9812402725,80.2363510132,40347,40357,10
12.9812402725,80.2363967896,40357,40367,10
12.9812498093,80.236579895,40367,40377,10
12.9812803268,80.2370223999,40377,40407,30
12.9812803268,80.2370223999,40407,40417,10
12.9812803268,80.2373199463,40417,40427,10
12.9812803268,80.2373886108,40427,40437,10
12.9812803268,80.2375335693,40437,40447,10
12.9812803268,80.2377624512,40447,40457,10
12.981300354,80.2381973267,40457,40478,21
12.981300354,80.2381973267,40478,40488,10
12.981300354,80.2385025024,40488,40498,10
12.9813203812,80.2388305664,40498,40508,10
12.9813299179,80.2389221191,40508,40518,10
12.9813404083,80.2390975952,40518,40528,10
12.9813098907,80.2393722534,40528,40538,10
12.9813203812,80.2396011353,40538,40548,10
12.9813203812,80.239616394,40548,40558,10
12.9813404083,80.2399215698,40558,40568,10
12.9813499451,80.2403335571,40568,40579,11
12.9813699722,80.2408828735,40579,40599,20
12.9813699722,80.2411422729,40599,40619,20
12.9813699722,80.2411422729,40619,40629,10
12.9813804626,80.2416763306,40629,40649,20
12.9813804626,80.2416763306,40649,40659,10
12.9813604355,80.2419281006,40659,40669,10
12.9813699722,80.2421798706,40669,40689,20
12.9813699722,80.2421798706,40689,40700,11
12.9813804626,80.2425689697,40700,40710,10
12.9813995361,80.2429885864,40710,40720,10
12.9813804626,80.2431335449,40720,40730,10
12.9813404083,80.243598938,40730,40740,10
12.9812297821,80.2444076538,40740,40750,10
12.9811000824,80.2454071045,40750,40760,10
12.9809598923,80.2465820313,40760,40770,10
12.9808397293,80.2478866577,40770,40780,10
12.9807500839,80.2492828369,40780,40790,10
12.9804801941,80.250617981,40790,40799,9
12.9801797867,80.2516937256,40799,40811,12
12.9800796509,80.2522277832,40811,40821,10
12.9800100327,80.2523880005,40821,40831,10
12.9801301956,80.2525863647,40831,40841,10
12.9806203842,80.2526473999,40841,40851,10
12.9814500809,80.2526321411,40851,40861,10
12.9824695587,80.2526016235,40861,40871,10
12.9833898544,80.252456665,40871,41043,172
12.9833898544,80.252456665,41043,41053,10
12.9838199615,80.2523727417,41053,41063,10
12.9844398499,80.2521820068,41063,41073,10
12.9849004745,80.2520675659,41073,41083,10
12.9854898453,80.2518997192,41083,41093,10
12.9860296249,80.2517623901,41093,41103,10
12.9864902496,80.251663208,41103,41113,10
12.9870901108,80.2514877319,41113,41123,10
12.9876203537,80.2513580322,41123,41133,10
12.9879198074,80.2515411377,41133,41143,10
12.9879302979,80.2516174316,41143,41152,9
12.9879798889,80.2520370483,41152,41164,12
12.9879102707,80.2529678345,41164,41174,10
12.987830162,80.2538375854,41174,41184,10
12.9877700806,80.2545471191,41184,41194,10
12.987739563,80.2550201416,41194,41275,81
12.987739563,80.2550201416,41275,41285,10
12.9876298904,80.2552185059,41285,41295,10
12.9876499176,80.2554931641,41295,41305,10
12.9875898361,80.2559585571,41305,41315,10
12.9875097275,80.2566299438,41315,41325,10
12.987449646,80.2573776245,41325,41335,10
12.9874200821,80.2580490112,41335,41345,10
12.9874200821,80.2584991455,41345,41355,10
12.9872598648,80.2592697144,41355,41375,20
12.9872598648,80.2592697144,41375,41385,10
12.9872102737,80.2593994141,41385,41396,11
12.9872198105,80.2595291138,41396,41406,10
12.9871301651,80.2596206665,41406,41416,10
12.9869604111,80.2596282959,41416,41426,10
12.9866895676,80.259437561,41426,41446,20
12.9866104126,80.2591934204,41446,42807,1361
12.9869804382,80.2590789795,42807,42837,30
12.9873504639,80.2586669922,42837,42867,30
12.9875001907,80.2575683594,42867,42896,29
12.9875497818,80.2571182251,42896,42958,62
12.9874801636,80.2568969727,42958,42989,31
12.9876003265,80.2558288574,42989,43017,28
12.9879598618,80.2557907104,43017,43048,31
12.9884395599,80.255859375,43048,43078,30
12.9889097214,80.2559204102,43078,43108,30
12.9903898239,80.2559967041,43108,43140,32
12.9919099808,80.2560119629,43140,43169,29
12.9926996231,80.2560119629,43169,43200,31
12.9934597015,80.2559585571,43200,43261,61
12.9939002991,80.2559585571,43261,43291,30
12.9944896698,80.2559585571,43291,43320,29
12.9949302673,80.255897522,43320,43382,62
12.9953804016,80.2559280396,43382,43411,29
12.9965496063,80.255897522,43411,43473,62
12.9968900681,80.2559204102,43473,43503,30
12.9979400635,80.255897522,43503,43533,30
12.9988603592,80.2559967041,43533,43594,61
12.999130249,80.2561187744,43594,43623,29
13.0000696182,80.2563018799,43623,43654,31
13.0009498596,80.2564620972,43654,43684,30
13.001999855,80.256652832,43684,43715,31
13.0033597946,80.2568893433,43715,43745,30
13.0043897629,80.2570571899,43745,43775,30
13.0054502487,80.257232666,43775,43806,31
13.0056400299,80.2573394775,43806,43835,29
13.0065698624,80.2568511963,43835,43865,30
13.0065402985,80.2547607422,43865,43896,31
13.0065498352,80.2535400391,43896,43926,30
13.0065202713,80.2526092529,43926,43987,61
13.0067300797,80.2507095337,43987,44018,31
13.0067300797,80.2487869263,44018,44139,121
13.0066299438,80.247718811,44139,44169,30
13.0066099167,80.246383667,44169,44200,31
13.0065803528,80.2447814941,44200,44229,29
13.0065898895,80.243270874,44229,44260,31
13.0066795349,80.2408981323,44260,44290,30
13.0066604614,80.2405776978,44290,44320,30
13.0066604614,80.2405776978,44320,44341,21
13.0068702698,80.2399215698,44341,44351,10
13.006939888,80.2393264771,44351,44361,10
13.0070495605,80.238571167,44361,44371,10
13.0072097778,80.2377090454,44371,44381,10
13.0073299408,80.2369766235,44381,44391,10
13.0073699951,80.2367324829,44391,44401,10
13.0074701309,80.2364196777,44401,44411,10
13.007610321,80.235748291,44411,44420,9
13.0077400208,80.2350234985,44420,44431,11
13.0079402924,80.2340316772,44431,44441,10
13.0081501007,80.2330474854,44441,44452,11
13.0083703995,80.2318496704,44452,44462,10
13.0085897446,80.2307662964,44462,44472,10
13.0087995529,80.2296905518,44472,44482,10
13.0090103149,80.2286529541,44482,44492,10
13.0093297958,80.2276763916,44492,44502,10
13.0097799301,80.2267379761,44502,44512,10
13.010219574,80.2258987427,44512,44522,10
13.0106096268,80.2251434326,44522,44532,10
13.0107898712,80.224571228,44532,44542,10
13.0110197067,80.2238006592,44542,44562,20
13.0110197067,80.2238006592,44562,44573,11
13.0111103058,80.2236022949,44573,44583,10
13.0112304688,80.2232131958,44583,44593,10
13.0115499496,80.2225494385,44593,44603,10
13.0118398666,80.2216186523,44603,44613,10
13.0120697021,80.2210693359,44613,44623,10
13.0119495392,80.2204437256,44623,44633,10
13.0116796494,80.2194976807,44633,44643,10
13.0113697052,80.2184677124,44643,44653,10
13.0109796524,80.2174835205,44653,44663,10
13.0106201172,80.2166824341,44663,44672,9
13.0102796555,80.2160797119,44672,44684,12
13.0098695755,80.2152404785,44684,44694,10
13.0094003677,80.214630127,44694,44704,10
13.008890152,80.2139205933,44704,44714,10
13.0083999634,80.2134170532,44714,44734,20
13.0083999634,80.2134170532,44734,44744,10
13.0082502365,80.2133331299,44744,44754,10
13.0080299377,80.2132263184,44754,44764,10
13.0079298019,80.2131576538,44764,44774,10
13.0076904297,80.2129592896,44774,44784,10
13.0072603226,80.2128219604,44784,44793,9
13.0068397522,80.2127380371,44793,44805,12
13.0059604645,80.2129898071,44805,44815,10
13.0053195953,80.2126922607,44815,44825,10
13.0047597885,80.2123565674,44825,44835,10
13.0039596558,80.2120895386,44835,44845,10
13.0037202835,80.2116928101,44845,44855,10
13.0037002563,80.2110824585,44855,44865,10
13.0036201477,80.2104263306,44865,44875,10
13.0035400391,80.2097015381,44875,44885,10
13.0036296844,80.209022522,44885,44895,10
13.0040397644,80.2086181641,44895,44905,10
13.0047302246,80.2089385986,44905,44916,11
13.0055398941,80.2092971802,44916,44926,10
13.0060396194,80.2094573975,44926,44936,10
13.0063695908,80.2095718384,44936,44946,10
13.0067796707,80.2097091675,44946,44956,10
13.0072097778,80.209777832,44956,44965,9
13.0073299408,80.2098236084,44965,44976,11
13.0074501038,80.2098464966,44976,44986,10
13.0077400208,80.2099227905,44986,44996,10
13.008099556,80.2099914551,44996,45006,10
13.0081501007,80.2097625732,45006,45016,10
13.0080404282,80.2091293335,45016,45026,10
13.0079402924,80.2082595825,45026,45037,11
13.0077896118,80.2072906494,45037,45047,10
13.0076599121,80.2063980103,45047,45057,10
13.0075798035,80.2054367065,45057,45067,10
13.0075597763,80.2045211792,45067,45077,10
13.0074996948,80.20362854,45077,45087,10
13.007349968,80.2026901245,45087,45097,10
13.0073604584,80.2017974854,45097,45107,10
13.0073699951,80.2015304565,45107,45117,10
13.007399559,80.2013626099,45117,45127,10
13.0074396133,80.2008132935,45127,45136,9
13.0074901581,80.2002487183,45136,45148,12
13.0074596405,80.1993789673,45148,45158,10
13.0073699951,80.1986083984,45158,45168,10
13.007349968,80.1978302002,45168,45178,10
13.0073204041,80.196762085,45178,45198,20
13.0073204041,80.196762085,45198,45208,10
13.0073795319,80.1964035034,45208,45218,10
13.0076599121,80.1962432861,45218,45228,10
13.0083599091,80.1963272095,45228,45238,10
13.0088796616,80.1962127686,45238,45248,10
13.0095796585,80.1959533691,45248,45258,10
13.0103597641,80.1959609985,45258,45269,11
13.0112600327,80.1955032349,45269,45279,10
13.012169838,80.1949234009,45279,45289,10
13.0130996704,80.1943435669,45289,45299,10
13.0139703751,80.1937789917,45299,45309,10
13.0146598816,80.1930007935,45309,45319,10
13.0152397156,80.1919784546,45319,45329,10
13.0158395767,80.1908874512,45329,45339,10
13.0165100098,80.1895904541,45339,45359,20
13.0165100098,80.1895904541,45359,45369,10
13.0166501999,80.1893081665,45369,45380,11
13.0167398453,80.1891708374,45380,45390,10
13.0169296265,80.1888427734,45390,45400,10
13.0173301697,80.1881484985,45400,45410,10
13.0178003311,80.187286377,45410,45420,10
13.0184803009,80.1866226196,45420,45430,10
13.0193395615,80.186088562,45430,45440,10
13.0201301575,80.1856002808,45440,45450,10
13.0202798843,80.1854095459,45450,45460,10
13.0203304291,80.1853179932,45460,45470,10
13.0205001831,80.184928894,45470,45480,10
13.0206098557,80.1844482422,45480,45490,10
13.0206203461,80.1844177246,45490,45501,11
13.0207901001,80.1839675903,45501,45511,10
13.0211200714,80.1833190918,45511,45521,10
13.021490097,80.1827163696,45521,45531,10
13.0216999054,80.1823501587,45531,45541,10
13.0219202042,80.1819610596,45541,45551,10
13.0222997665,80.1812515259,45551,45561,10
13.0227603912,80.1803894043,45561,45571,10
13.0233001709,80.179359436,45571,45591,20
13.0233001709,80.179359436,45591,45601,10
13.023440361,80.1791381836,45601,45612,11
13.0236797333,80.1787033081,45612,45622,10
13.0238103867,80.1784820557,45622,45632,10
13.0240097046,80.1781692505,45632,45642,10
13.0243902206,80.1775588989,45642,45652,10
13.024720192,80.1769714355,45652,45662,10
13.0250396729,80.1763687134,45662,45672,10
13.0254602432,80.1756515503,45672,45682,10
13.0258903503,80.1748199463,45682,45692,10
13.0263900757,80.1739578247,45692,45702,10
13.0269002914,80.1730728149,45702,45712,10
13.0274496078,80.1721420288,45712,45722,10
13.0279502869,80.1711807251,45722,45733,11
13.0284404755,80.1703033447,45733,45743,10
13.0288095474,80.1696090698,45743,45753,10
13.0290403366,80.1691131592,45753,45763,10
13.0290803909,80.169052124,45763,45773,10
13.0293197632,80.1686630249,45773,45783,10
13.0297203064,80.1679992676,45783,45793,10
13.0301704407,80.1671829224,45793,45803,10
13.0306596756,80.166267395,45803,45813,10
13.0311698914,80.1653671265,45813,45823,10
13.0315799713,80.1646575928,45823,45833,10
13.0317602158,80.164352417,45833,45844,11
13.0320196152,80.1638183594,45844,45854,10
13.0323295593,80.163269043,45854,45864,10
13.0324401855,80.1630630493,45864,45874,10
13.0325298309,80.162940979,45874,45884,10
13.0328102112,80.162437439,45884,45894,10
13.0332298279,80.1617279053,45894,45904,10
13.0336999893,80.1608963013,45904,45914,10
13.0340995789,80.16015625,45914,45924,10
13.0342903137,80.1598205566,45924,45934,10
13.0343904495,80.159362793,45934,45944,10
13.0343904495,80.1586380005,45944,45954,10
13.0343704224,80.1579818726,45954,45965,11
13.0342998505,80.1572036743,45965,45975,10
13.0342998505,80.156791687,45975,46116,141
13.0342998505,80.156791687,46116,46126,10
13.0345096588,80.15650177,46126,46136,10
13.0347003937,80.1560516357,46136,46146,10
13.0348997116,80.155632019,46146,46156,10
13.0349702835,80.1555175781,46156,46166,10
13.0350704193,80.1552810669,46166,46176,10
13.0352096558,80.1550216675,46176,46186,10
13.0353603363,80.1547470093,46186,46197,11
13.0356397629,80.1542510986,46197,46207,10
13.0358495712,80.1538314819,46207,46217,10
13.0358600616,80.1538314819,46217,46227,10
13.0359802246,80.1536102295,46227,46237,10
13.0361604691,80.153213501,46237,46247,10
13.0362596512,80.1526031494,46247,46257,10
13.0362300873,80.1517486572,46257,46267,10
13.036190033,80.1507720947,46267,46277,10
13.0361795425,80.1497116089,46277,46287,10
13.0361700058,80.148651123,46287,46297,10
13.0361700058,80.1475524902,46297,46308,11
13.0361795425,80.1464004517,46308,46318,10
13.0363197327,80.1453475952,46318,46328,10
13.0364599228,80.1442565918,46328,46338,10
13.036529541,80.143371582,46338,46348,10
13.0366096497,80.142791748,46348,46358,10
13.0366201401,80.1427688599,46358,46368,10
13.0367002487,80.1424331665,46368,46378,10
13.0367803574,80.1418380737,46378,46388,10
13.0369100571,80.1409912109,46388,46398,10
13.0370597839,80.140083313,46398,46408,10
13.0371999741,80.1391601563,46408,46418,10
13.0372896194,80.1386108398,46418,46429,11
13.0373401642,80.1383209229,46429,46439,10
13.0373897552,80.1378326416,46439,46449,10
13.0375099182,80.1370391846,46449,46459,10
13.0377101898,80.1361618042,46459,46469,10
13.0379495621,80.1354675293,46469,46479,10
13.0381603241,80.1348800659,46479,46489,10
13.0382299423,80.1344223022,46489,46499,10
13.0378799438,80.1344604492,46499,46509,10
13.037779808,80.1347198486,46509,46519,10
13.0376796722,80.1349182129,46519,47306,787
13.0376796722,80.1349182129,47306,47316,10
13.0377101898,80.1352005005,47316,47336,20
13.0377101898,80.1352005005,47336,47346,10
13.0379695892,80.1354370117,47346,47357,11
13.0378704071,80.1358032227,47357,47367,10
13.037730217,80.1362304688,47367,47377,10
13.0375900269,80.1368408203,47377,47387,10
13.0374603271,80.1375808716,47387,47397,10
13.0373497009,80.1384124756,47397,47407,10
13.0372495651,80.139251709,47407,47417,10
13.0371103287,80.1401901245,47417,47427,10
13.0369796753,80.1411132813,47427,47437,10
13.0368900299,80.1420211792,47437,47457,20
13.0368900299,80.1420211792,47457,47467,10
13.0368795395,80.1421432495,47467,47478,11
13.0368003845,80.1424636841,47478,47488,10
13.0367202759,80.1430130005,47488,47498,10
13.0366001129,80.1437911987,47498,47508,10
13.03647995,80.1446380615,47508,47518,10
13.0363502502,80.1455001831,47518,47528,10
13.036239624,80.146232605,47528,47538,10
13.036190033,80.1468429565,47538,47548,10
13.0361795425,80.1476135254,47548,47558,10
13.0361995697,80.1486282349,47558,47619,61
13.0361995697,80.1486282349,47619,47629,10
13.036239624,80.1489562988,47629,47639,10
13.036239624,80.1495819092,47639,47649,10
13.036239624,80.1503601074,47649,47659,10
13.0362300873,80.151222229,47659,47669,10
13.036239624,80.1521377563,47669,47679,10
13.0361795425,80.1530914307,47679,47689,10
13.0357904434,80.1539382935,47689,47699,10
13.03565979,80.1541824341,47699,47710,11
13.0355796814,80.154258728,47710,47720,10
13.0353403091,80.1547393799,47720,47730,10
13.0350799561,80.1552810669,47730,47740,10
13.0348300934,80.1558074951,47740,47750,10
13.0345001221,80.1563568115,47750,47760,10
13.0342998505,80.1569366455,47760,47770,10
13.0343399048,80.1575012207,47770,47780,10
13.0343904495,80.1581878662,47780,47790,10
13.0344200134,80.1586685181,47790,47800,10
13.0343904495,80.1589431763,47800,47810,10
13.0343904495,80.1593093872,47810,47821,11
13.0342903137,80.1598434448,47821,47841,20
13.0342903137,80.1598434448,47841,47851,10
13.0341501236,80.1601028442,47851,47861,10
13.0338497162,80.1606216431,47861,47871,10
13.0335102081,80.161277771,47871,47881,10
13.0330896378,80.1620101929,47881,47891,10
13.0326404572,80.1628036499,47891,47901,10
13.0321998596,80.1636581421,47901,47911,10
13.0319099426,80.1642074585,47911,47921,10
13.0318899155,80.1642913818,47921,47931,10
13.0317001343,80.1646118164,47931,47942,11
13.0313100815,80.1653137207,47942,47952,10
13.0308303833,80.1661529541,47952,47962,10
13.0303201675,80.167098999,47962,47972,10
13.02987957,80.1679000854,47972,47982,10
13.0295696259,80.1684799194,47982,47992,10
13.0294704437,80.1686630249,47992,48002,10
13.0294599533,80.1686782837,48002,48012,10
13.0293397903,80.1688766479,48012,48022,10
13.029009819,80.1694412231,48022,48032,10
13.0285596848,80.1702194214,48032,48042,10
13.0280895233,80.1710662842,48042,48052,10
13.0275497437,80.1720504761,48052,48063,11
13.0269203186,80.1731719971,48063,48073,10
13.0264101028,80.1741027832,48073,48083,10
13.0260896683,80.174659729,48083,48093,10
13.025759697,80.1752319336,48093,48103,10
13.0254096985,80.1759033203,48103,48113,10
13.0252399445,80.1761779785,48113,48123,10
13.0251197815,80.1764373779,48123,48184,61
13.0251197815,80.1764373779,48184,48194,10
13.0249996185,80.1764907837,48194,48204,10
13.024939537,80.1766433716,48204,48214,10
13.0248003006,80.1768798828,48214,48224,10
13.024600029,80.1772613525,48224,48234,10
13.0242500305,80.1779022217,48234,48244,10
13.023900032,80.1785583496,48244,48254,10
13.0237197876,80.1789169312,48254,48264,10
13.0236501694,80.1790618896,48264,48274,10
13.0234899521,80.1793365479,48274,48950,676
13.0234603882,80.1794433594,48950,49374,424
13.0233602524,80.1794509888,49374,49505,131
13.0233602524,80.1794509888,49505,49515,10
13.0234498978,80.1794586182,49515,49565,50
13.0234498978,80.1794586182,49565,49575,10
13.0233697891,80.1795501709,49575,49586,11
13.0232200623,80.1798324585,49586,49596,10
13.0229902267,80.1802368164,49596,49606,10
13.0228395462,80.1805419922,49606,49959,353
13.0228395462,80.1805419922,49959,49969,10
13.0226097107,80.1808319092,49969,49979,10
13.0223903656,80.1812210083,49979,49989,10
13.0221099854,80.1817398071,49989,49999,10
13.0218200684,80.1822891235,49999,50009,10
13.0215597153,80.1827926636,50009,50019,10
13.0214500427,80.1830291748,50019,50049,30
13.0214500427,80.1830291748,50049,50060,11
13.0212802887,80.1832962036,50060,50070,10
13.0211000443,80.1836013794,50070,50080,10
13.0208997726,80.1839904785,50080,50090,10
13.0207004547,80.1844863892,50090,50100,10
13.0205097198,80.1850967407,50100,50110,10
13.0201702118,80.1856765747,50110,50120,10
13.0195503235,80.1860580444,50120,50130,10
13.0189199448,80.1864471436,50130,50140,10
13.018409729,80.1867980957,50140,50150,10
13.0181798935,80.1870117188,50150,50160,10
13.0179300308,80.1873397827,50160,50171,11
13.0176296234,80.1879196167,50171,50181,10
13.0173196793,80.1884994507,50181,50191,10
13.0169696808,80.1891098022,50191,50201,10
13.0167102814,80.1895523071,50201,50211,10
13.0164699554,80.1899871826,50211,50221,10
13.016169548,80.1905212402,50221,50231,10
13.0158195496,80.1911392212,50231,50241,10
13.0154495239,80.1917877197,50241,50251,10
13.0150995255,80.1924285889,50251,50261,10
13.0147199631,80.1930923462,50261,50271,10
13.0143404007,80.193572998,50271,50281,10
13.013879776,80.193939209,50281,50292,11
13.0132198334,80.1943817139,50292,50302,10
13.0125904083,80.1947784424,50302,50312,10
13.0120296478,80.1951370239,50312,50322,10
13.0114898682,80.1954727173,50322,50332,10
13.0109996796,80.1957778931,50332,50342,10
13.0105800629,80.1959686279,50342,50352,10
13.0103197098,80.1959686279,50352,50362,10
13.0101003647,80.1959609985,50362,50372,10
13.0097103119,80.1959228516,50372,50382,10
13.0092201233,80.1960372925,50382,50391,9
13.008769989,80.196182251,50391,50403,12
13.008600235,80.1969299316,50403,50413,10
13.008600235,80.1975784302,50413,50423,10
13.0085897446,80.1979217529,50423,50433,10
13.0086097717,80.1983566284,50433,50443,10
13.0086202621,80.1988372803,50443,50453,10
13.0086297989,80.1995162964,50453,50463,10
13.0086698532,80.2002334595,50463,50473,10
13.0086803436,80.2008514404,50473,50483,10
13.0086297989,80.2015380859,50483,50493,10
13.0085601807,80.202331543,50493,50503,10
13.0083503723,80.2031097412,50503,50513,10
13.0078201294,80.2037582397,50513,50524,11
13.0077495575,80.2046585083,50524,50534,10
13.0077104568,80.2055511475,50534,50544,10
13.0077896118,80.2064285278,50544,50554,10
13.007900238,80.2071609497,50554,50564,10
13.0079603195,80.2079696655,50564,50574,10
13.0080900192,80.2088317871,50574,50584,10
13.0082597733,80.2097091675,50584,50594,10
13.0085802078,80.2106323242,50594,50604,10
13.0089197159,80.2115402222,50604,50614,10
13.00922966,80.2124099731,50614,50624,10
13.009519577,80.2132415771,50624,50635,11
13.0098495483,80.214050293,50635,50645,10
13.0100898743,80.2147216797,50645,50655,10
13.0101900101,80.2154083252,50655,50665,10
13.0104103088,80.2161331177,50665,50675,10
13.0107498169,80.2168579102,50675,50685,10
13.0111103058,80.2175979614,50685,50695,10
13.0114297867,80.2184524536,50695,50705,10
13.0117301941,80.2193832397,50705,50715,10
13.0120000839,80.2202835083,50715,50725,10
13.0122499466,80.2210617065,50725,50735,10
13.0124502182,80.2216720581,50735,50745,10
13.0128698349,80.2222671509,50745,50756,11
13.0133600235,80.2227630615,50756,50766,10
13.0138196945,80.2232666016,50766,50776,10
13.0141096115,80.2236633301,50776,50786,10
13.0146102905,80.2240982056,50786,50796,10
13.0150403976,80.224647522,50796,50806,10
13.0154304504,80.2251815796,50806,50816,10
13.0151796341,80.2258300781,50816,50836,20
13.0151796341,80.2258300781,50836,50846,10
13.0150403976,80.2259521484,50846,50856,10
13.0147895813,80.22605896,50856,50867,11
13.0144500732,80.2262268066,50867,50877,10
13.0142698288,80.22631073,50877,50887,10
13.0141401291,80.2263793945,50887,50897,10
13.0137996674,80.2265014648,50897,50907,10
13.013299942,80.2266921997,50907,50917,10
13.0126495361,80.2269363403,50917,50927,10
13.0119104385,80.2272415161,50927,50937,10
13.0111198425,80.2275390625,50937,50947,10
13.0102901459,80.2278518677,50947,50957,10
13.0095596313,80.2281799316,50957,50967,10
13.0091295242,80.2287368774,50967,50977,10
13.0089902878,80.2295227051,50977,50988,11
13.0088195801,80.2304611206,50988,50998,10
13.0087099075,80.2311706543,50998,51008,10
13.0085601807,80.2320022583,51008,51018,10
13.0084104538,80.2328414917,51018,51028,10
13.0082998276,80.2334823608,51028,51048,20
13.0082998276,80.2334823608,51048,51058,10
13.008190155,80.233757019,51058,51068,10
13.0081100464,80.234046936,51068,51078,10
13.0080003738,80.2345733643,51078,51088,10
13.0078496933,80.2353134155,51088,51099,11
13.0076704025,80.2362823486,51099,51109,10
13.0074901581,80.2371826172,51109,51119,10
13.0073299408,80.2380828857,51119,51129,10
13.0072097778,80.238861084,51129,51139,10
13.0071001053,80.2395019531,51139,51149,10
13.0069999695,80.239982605,51149,51159,10
13.006939888,80.2402801514,51159,51169,10
13.0068302155,80.2407913208,51169,51179,10
13.0067501068,80.2413024902,51179,51189,10
13.006770134,80.2419891357,51189,51199,10
13.006770134,80.242767334,51199,51209,10
13.0067501068,80.2435379028,51209,51220,11
13.0067796707,80.2443695068,51220,51230,10
13.0067796707,80.2450027466,51230,51240,10
13.0067996979,80.2456130981,51240,51250,10
13.0068397522,80.2462921143,51250,51260,10
13.0068597794,80.2466964722,51260,51270,10
13.0068397522,80.2469711304,51270,51280,10
13.0068101883,80.2471923828,51280,51290,10
13.0067996979,80.2473983765,51290,51300,10
13.0067796707,80.2477111816,51300,51309,9
13.006770134,80.2481765747,51309,51320,11
13.0067901611,80.2489395142,51320,51331,11
13.0068302155,80.2498397827,51331,51341,10
13.0068502426,80.2506637573,51341,51351,10
13.0068397522,80.2514038086,51351,51361,10
13.0066699982,80.2522888184,51361,51371,10
13.0065898895,80.2531433105,51371,51381,10
13.0065898895,80.2539215088,51381,51391,10
13.0066404343,80.2547225952,51391,51401,10
13.0066404343,80.2549819946,51401,51411,10
13.0066404343,80.2550888062,51411,51421,10
13.0066299438,80.2553634644,51421,51431,10
13.0066299438,80.2559204102,51431,51441,10
13.0066404343,80.2563323975,51441,51452,11
13.006649971,80.2565536499,51452,51462,10
13.0066604614,80.2566299438,51462,51472,10
13.0066604614,80.2569198608,51472,51482,10
13.0066795349,80.2573471069,51482,51492,10
13.0064697266,80.25756073,51492,51502,10
13.0061903,80.2575073242,51502,51512,10
13.0061597824,80.2574996948,51512,51522,10
13.005689621,80.2573623657,51522,51532,10
13.0052995682,80.2572402954,51532,51542,10
13.0046701431,80.2571105957,51542,51552,10
13.004119873,80.256980896,51552,51563,11
13.0036001205,80.2568893433,51563,51573,10
13.0030202866,80.2567672729,51573,51583,10
13.0024003983,80.2566604614,51583,51643,60
13.0024003983,80.2566604614,51643,51653,10
13.0021600723,80.2566604614,51653,51663,10
13.0017004013,80.2565994263,51663,51673,10
13.0010204315,80.2565002441,51673,51684,11
13.0003595352,80.256401062,51684,51694,10
13.0001001358,80.2563400269,51694,51704,10
12.9997997284,80.2562789917,51704,51714,10
12.9994497299,80.2562103271,51714,51763,49
12.9994497299,80.2562103271,51763,51774,11
12.9991798401,80.2561035156,51774,51784,10
12.9988298416,80.2560195923,51784,51794,10
12.9984102249,80.2559814453,51794,51805,11
12.9977397919,80.2559280396,51805,51815,10
12.9970598221,80.255897522,51815,51825,10
12.9966602325,80.2558822632,51825,51835,10
12.9962501526,80.2558898926,51835,51845,10
12.9960699081,80.255859375,51845,51855,10
12.9956798553,80.2558670044,51855,51865,10
12.9952096939,80.2558670044,51865,51875,10
12.9946899414,80.2558822632,51875,51885,10
12.994099617,80.2559509277,51885,51895,10
12.9933795929,80.2560195923,51895,51905,10
12.9925203323,80.2560501099,51905,51916,11
12.9915599823,80.2560195923,51916,51926,10
12.9908704758,80.2559967041,51926,51936,10
12.9904403687,80.2560119629,51936,51946,10
12.9899597168,80.2560195923,51946,51956,10
12.9894599915,80.2559890747,51956,51966,10
12.9889497757,80.2559432983,51966,51976,10
12.9885396957,80.255897522,51976,52047,71
12.9885396957,80.255897522,52047,52057,10
12.9881696701,80.255859375,52057,52067,10
12.9879398346,80.255821228,52067,52077,10
12.9877796173,80.255821228,52077,52087,10
12.9876403809,80.2560272217,52087,52097,10
12.9875802994,80.2565078735,52097,52107,10
12.9875001907,80.2570800781,52107,52117,10
12.9874200821,80.2578277588,52117,52127,10
12.9873504639,80.2584762573,52127,52137,10
12.9870796204,80.2585296631,52137,52410,273
12.9870796204,80.2585296631,52410,52420,10
12.986749649,80.2585372925,52420,56051,3631
12.9864501953,80.2586135864,56051,56343,292
12.9865999222,80.2585296631,56343,58431,2088
12.9864797592,80.2584533691,58431,59238,807
12.9865999222,80.2586364746,59238,59641,403
12.9865102768,80.2586669922,59641,59692,51
12.9865503311,80.2587966919,59692,60247,555
12.9864702225,80.2584762573,60247,60549,302
12.9866104126,80.2586669922,60549,61003,454
12.986530304,80.2584762573,61003,61285,282
12.986530304,80.2584762573,61285,61296,11
12.9867095947,80.2585906982,61296,61306,10
12.9867200851,80.2585906982,61306,61316,10
12.9868402481,80.2585067749,61316,61326,10
12.987159729,80.2585220337,61326,61447,121
12.987159729,80.2585220337,61447,61457,10
12.9871797562,80.2585296631,61457,61558,101
12.9868803024,80.2585678101,61558,61669,111
12.9868803024,80.2585678101,61669,61679,10
12.9869003296,80.2584991455,61679,61689,10
12.9871101379,80.2584915161,61689,61699,10
12.9873504639,80.2585296631,61699,61739,40
12.9873504639,80.2585296631,61739,61749,10
12.9874601364,80.2586975098,61749,61760,11
12.9873600006,80.2591323853,61760,61770,10
12.9873104095,80.2593765259,61770,61780,10
12.9872598648,80.2595291138,61780,61790,10
12.9872503281,80.259552002,61790,61800,10
12.9870500565,80.2595596313,61800,61810,10
12.9868803024,80.2595214844,61810,61820,10
12.986579895,80.2594223022,61820,61830,10
12.9866104126,80.2591018677,61830,61839,9
12.9868402481,80.2590866089,61839,61881,42
12.9868402481,80.2590866089,61881,61891,10
12.9870700836,80.2591629028,61891,61931,40
12.9870700836,80.2591629028,61931,61941,10
12.9873199463,80.2592086792,61941,61951,10
12.9873695374,80.2591018677,61951,61961,10
12.9873600006,80.2589492798,61961,61971,10
12.9873895645,80.2584381104,61971,61982,11
12.9874200821,80.2579803467,61982,61992,10
12.9874696732,80.2572784424,61992,62002,10
12.9875097275,80.2564926147,62002,62042,40
12.9875097275,80.2564926147,62042,62052,10
12.9876203537,80.2562789917,62052,62062,10
12.9876098633,80.2558670044,62062,62072,10
12.9877004623,80.2554779053,62072,62081,9
12.9877099991,80.2549972534,62081,62092,11
12.9877004623,80.2549591064,62092,62103,11
12.9877195358,80.2547302246,62103,62113,10
12.9877796173,80.2541275024,62113,62123,10
12.987859726,80.2533187866,62123,62133,10
12.9879302979,80.2523880005,62133,62143,10
12.9878797531,80.2520675659,62143,62153,10
12.987830162,80.2518615723,62153,62183,30
12.987830162,80.2518615723,62183,62193,10
12.9876804352,80.2516174316,62193,62203,10
12.9875497818,80.2516174316,62203,62213,10
12.9870700836,80.2516479492,62213,62224,11
12.9863500595,80.2518081665,62224,62234,10
12.9855804443,80.251991272,62234,62244,10
12.9847097397,80.252243042,62244,62254,10
12.9835996628,80.2525100708,62254,62264,10
12.9823503494,80.2526626587,62264,62274,10
12.9811496735,80.2526779175,62274,62284,10
12.9804697037,80.2527236938,62284,62405,121
12.9804697037,80.2527236938,62405,62415,10
12.9801797867,80.252746582,62415,62516,101
12.9801797867,80.252746582,62516,62526,10
12.9798898697,80.2525405884,62526,62535,9
12.9799003601,80.2523727417,62535,62546,11
12.979929924,80.2522964478,62546,62556,10
12.9799499512,80.2520980835,62556,62567,11
12.9801197052,80.2516403198,62567,62577,10
12.9802398682,80.251159668,62577,62587,10
12.9804496765,80.2503890991,62587,62597,10
12.9806499481,80.2495574951,62597,62607,10
12.9807395935,80.2485961914,62607,62617,10
12.9808197021,80.2474899292,62617,62627,10
12.9809303284,80.2462997437,62627,62637,10
12.9810695648,80.2450408936,62637,62647,10
12.9811296463,80.2442169189,62647,62657,10
12.9811697006,80.2439575195,62657,62666,9
12.981180191,80.243927002,62666,62678,12
12.9812498093,80.2437210083,62678,62688,10
12.9813299179,80.2433166504,62688,62728,40
12.9813299179,80.2433166504,62728,62738,10
12.9812898636,80.2431030273,62738,62768,30
12.9812898636,80.2431030273,62768,62778,10
12.9813604355,80.2428436279,62778,62788,10
12.9813604355,80.2425537109,62788,62799,11
12.9813499451,80.2421417236,62799,62809,10
12.9813499451,80.2418212891,62809,62819,10
12.9813604355,80.2412261963,62819,62829,10
12.9813404083,80.2403564453,62829,62839,10
12.9813203812,80.2395019531,62839,62849,10
12.9812898636,80.2385787964,62849,62859,10
12.9812803268,80.2379837036,62859,62869,10
12.9812698364,80.2378921509,62869,62879,10
12.9812602997,80.2373962402,62879,62889,10
12.9812402725,80.2363891602,62889,62910,21
12.9812402725,80.2363891602,62910,62920,10
12.9812297821,80.2361526489,62920,62930,10
12.9812002182,80.2356872559,62930,62940,10
12.9811897278,80.2350463867,62940,62950,10
12.9812297821,80.2342910767,62950,62960,10
12.9815196991,80.233581543,62960,62970,10
12.9816102982,80.2333831787,62970,62980,10
12.9817399979,80.2331237793,62980,62989,9
12.9819002151,80.2327575684,62989,63000,11
12.9819898605,80.2322769165,63000,63010,10
12.9819698334,80.2322006226,63010,63020,10
12.9819698334,80.2317733765,63020,63031,11
12.9818601608,80.2311401367,63031,63041,10
12.9816198349,80.2306365967,63041,63051,10
12.9812002182,80.2299423218,63051,63061,10
12.9808797836,80.2294311523,63061,63071,10
12.9806699753,80.229133606,63071,63081,10
12.9806604385,80.2290878296,63081,63091,10
12.9805803299,80.2289199829,63091,63101,10
12.980340004,80.2285308838,63101,63110,9
12.980099678,80.2280426025,63110,63121,11
12.9796495438,80.2272872925,63121,63131,10
12.9792404175,80.2266082764,63131,63142,11
12.9788303375,80.2258911133,63142,63152,10
12.9784002304,80.225189209,63152,63162,10
12.9780797958,80.2246704102,63162,63172,10
12.9778604507,80.2244262695,63172,63182,10
12.9776697159,80.2241134644,63182,63192,10
12.977350235,80.2235717773,63192,63202,10
12.9770002365,80.2229690552,63202,63212,10
12.9765996933,80.2223129272,63212,63222,10
12.9762096405,80.2217330933,63222,63232,10
12.9760198593,80.2213897705,63232,63242,10
12.9757499695,80.2211227417,63242,63252,10
12.9757204056,80.2210998535,63252,63263,11
12.9755802155,80.2210235596,63263,63273,10
12.9752502441,80.2208023071,63273,63283,10
12.9746198654,80.2204971313,63283,63293,10
12.9743003845,80.2203979492,63293,63303,10
12.9742002487,80.2203369141,63303,63313,10
12.9737596512,80.2201690674,63313,63323,10
12.973110199,80.219909668,63323,63333,10
12.9723901749,80.2196273804,63333,63343,10
12.9715595245,80.219367981,63343,63353,10
12.9710702896,80.2192306519,63353,63394,41
12.9710702896,80.2192306519,63394,63404,10
12.9708099365,80.2191009521,63404,63414,10
12.9703903198,80.2188491821,63414,63424,10
12.9699401855,80.2186813354,63424,63434,10
12.969499588,80.21849823,63434,63444,10
12.9689598083,80.2182769775,63444,63454,10
12.9683103561,80.2180023193,63454,63464,10
12.9675798416,80.2176971436,63464,63474,10
12.9668302536,80.2174072266,63474,63485,11
12.9660100937,80.2170791626,63485,63495,10
12.9652795792,80.2167816162,63495,63505,10
12.9644498825,80.2164382935,63505,63515,10
12.9635400772,80.216003418,63515,63564,49
12.9635400772,80.216003418,63564,63575,11
12.9635095596,80.2157821655,63575,63585,10
12.9636001587,80.2154998779,63585,63606,21
12.9636001587,80.2154998779,63606,63616,10
12.9637002945,80.2151565552,63616,63626,10
12.9638004303,80.2146377563,63626,63636,10
12.9638900757,80.2141799927,63636,63646,10
12.9639396667,80.2138519287,63646,63656,10
12.9640598297,80.2132415771,63656,63666,10
12.9641895294,80.2125167847,63666,63676,10
12.9643201828,80.211807251,63676,63686,10
12.964509964,80.2113037109,63686,63696,10
12.9646100998,80.2111434937,63696,63706,10
12.9646596909,80.2106704712,63706,63717,11
12.9647598267,80.2099227905,63717,63727,10
12.9648399353,80.2092819214,63727,63737,10
12.9649496078,80.2085494995,63737,63747,10
12.965089798,80.2077407837,63747,63757,10
12.965180397,80.2071380615,63757,63767,10
12.9652204514,80.2070236206,63767,63777,10
12.9653100967,80.2067337036,63777,63787,10
12.9653396606,80.2062835693,63787,63797,10
12.9653997421,80.2055511475,63797,63807,10
12.9655199051,80.2048873901,63807,63817,10
12.9655799866,80.2045822144,63817,63826,9
12.9656295776,80.204460144,63826,63838,12
12.9657297134,80.203918457,63838,63848,10
12.9657897949,80.2030792236,63848,63858,10
12.9658203125,80.2022171021,63858,63868,10
12.9654798508,80.2017974854,63868,63878,10
12.9653100967,80.2013473511,63878,63888,10
12.965470314,80.2006378174,63888,63898,10
12.9655199051,80.2004089355,63898,63908,10
12.9655399323,80.2002868652,63908,63918,10
12.9651603699,80.2001495361,63918,63928,10
12.9649600983,80.1998672485,63928,63937,9
12.9648399353,80.1994171143,63937,63949,12
12.9648303986,80.1984786987,63949,63959,10
12.9647798538,80.197517395,63959,63969,10
12.9647798538,80.196647644,63969,63989,20
12.9647798538,80.196647644,63989,63999,10
12.9647798538,80.1964797974,63999,64009,10
12.9646997452,80.196182251,64009,64019,10
12.9646902084,80.1957473755,64019,64029,10
12.9647798538,80.195098877,64029,64039,10
12.9647798538,80.1946792603,64039,64049,10
12.9648799896,80.1942977905,64049,64059,10
12.9650001526,80.1938781738,64059,64070,11
12.9650602341,80.1930618286,64070,64080,10
12.9652204514,80.1920394897,64080,64100,20
12.9652204514,80.1920394897,64100,64110,10
12.9652700424,80.1918106079,64110,64120,10
12.9653701782,80.1913909912,64120,64130,10
12.9655303955,80.1906661987,64130,64140,10
12.9656801224,80.1899490356,64140,64150,10
12.9657897949,80.1894378662,64150,64160,10
12.9658403397,80.1891708374,64160,64181,21
12.9658403397,80.1891708374,64181,64191,10
12.9659099579,80.1888885498,64191,64201,10
12.9659204483,80.1886672974,64201,64211,10
12.9657001495,80.1885681152,64211,64221,10
12.9653196335,80.1883773804,64221,64231,10
12.965089798,80.1883010864,64231,64241,10
12.9646701813,80.188117981,64241,64251,10
12.9639396667,80.1879119873,64251,64261,10
12.9632501602,80.1876907349,64261,64271,10
12.9626302719,80.1875305176,64271,64281,10
12.9619598389,80.1874008179,64281,64291,10
12.9613599777,80.1873092651,64291,64302,11
12.9608402252,80.187210083,64302,64312,10
12.9608201981,80.187210083,64312,64322,10
12.960729599,80.1871871948,64322,64332,10
12.9604902267,80.1871566772,64332,64342,10
12.9600801468,80.1870880127,64342,64352,10
12.9595603943,80.1870727539,64352,64362,10
12.9590997696,80.1870498657,64362,64372,10
12.9585895538,80.1870193481,64372,64382,10
12.9579801559,80.1870498657,64382,64392,10
12.957449913,80.1870498657,64392,64402,10
12.9568395615,80.1870269775,64402,64413,11
12.9560203552,80.18699646,64413,64433,20
12.9560203552,80.18699646,64433,64443,10
12.9559602737,80.1870193481,64443,64453,10
12.955739975,80.1869812012,64453,64463,10
12.955619812,80.1868896484,64463,64473,10
12.9556303024,80.1866607666,64473,64483,10
12.9556598663,80.1864013672,64483,64493,10
12.9557104111,80.186126709,64493,64503,10
12.955739975,80.1858596802,64503,64513,10
12.9557800293,80.1856613159,64513,64524,11
12.9559497833,80.185546875,64524,64534,10
12.9560403824,80.1856613159,64534,64544,10
12.9561195374,80.1858825684,64544,64554,10
12.9560804367,80.1863021851,64554,64816,262
12.9560203552,80.186630249,64816,64836,20
12.9560203552,80.1867980957,64836,64866,30
12.9560203552,80.1867980957,64866,64877,11
12.956319809,80.1870269775,64877,64887,10
12.9565095901,80.1870422363,64887,64897,10
12.9568004608,80.1870574951,64897,64907,10
12.9571504593,80.1870880127,64907,64917,10
12.9575996399,80.1871032715,64917,64927,10
12.9581899643,80.1871032715,64927,64937,10
12.9588003159,80.1871109009,64937,64947,10
12.9593601227,80.1871490479,64947,64957,10
12.9599199295,80.1871795654,64957,64967,10
12.960439682,80.187210083,64967,64976,9
12.9608898163,80.187286377,64976,64987,11
12.961400032,80.1873703003,64987,64998,11
12.9617004395,80.1874008179,64998,65008,10
12.9623098373,80.1875305176,65008,65018,10
12.9629602432,80.1876525879,65018,65028,10
12.9635601044,80.1877822876,65028,65038,10
12.9641799927,80.1879806519,65038,65048,10
12.9647197723,80.1881637573,65048,65058,10
12.9649200439,80.1882324219,65058,65068,10
12.9652500153,80.188369751,65068,65078,10
12.965470314,80.1884689331,65078,65088,10
12.9655504227,80.1885070801,65088,65098,10
12.9658498764,80.188583374,65098,65109,11
12.9659500122,80.1887893677,65109,65119,10
12.9658203125,80.1893997192,65119,65129,10
12.9656600952,80.1902236938,65129,65139,10
12.9655199051,80.1908187866,65139,65149,10
12.9653701782,80.1915283203,65149,65159,10
12.9653501511,80.1916275024,65159,65169,10
12.9652996063,80.1918563843,65169,65179,10
12.9651699066,80.1923828125,65179,65189,10
12.9650697708,80.1930999756,65189,65199,10
12.9649896622,80.1938018799,65199,65209,10
12.964799881,80.1945495605,65209,65220,11
12.9647502899,80.1949691772,65220,65230,10
12.9647302628,80.1954421997,65230,65240,10
12.9646501541,80.1959609985,65240,65250,10
12.9648103714,80.1962814331,65250,65260,10
12.9647903442,80.1966323853,65260,65270,10
12.9647798538,80.1971282959,65270,65280,10
12.9647798538,80.1971511841,65280,65290,10
12.9647798538,80.1974182129,65290,65300,10
12.9647703171,80.1981430054,65300,65310,10
12.9647903442,80.1989898682,65310,65320,10
12.9649200439,80.1995925903,65320,65330,10
12.9650297165,80.2001190186,65330,65341,11
12.9654998779,80.2003097534,65341,65351,10
12.9654302597,80.2008590698,65351,65361,10
12.9653596878,80.2013092041,65361,65371,10
12.9653196335,80.2015686035,65371,65381,10
12.9653501511,80.2017211914,65381,65391,10
12.965669632,80.2018432617,65391,65401,10
12.9657897949,80.2024002075,65401,65411,10
12.9657802582,80.2032165527,65411,65421,10
12.9656801224,80.2040405273,65421,65431,10
12.9655704498,80.2046203613,65431,65440,9
12.9655303955,80.2048110962,65440,65452,12
12.9654302597,80.2053527832,65452,65462,10
12.9653196335,80.2059707642,65462,65472,10
12.9653100967,80.2064208984,65472,65482,10
12.9652900696,80.2067337036,65482,65492,10
12.9652500153,80.207069397,65492,65502,10
12.9652395248,80.2071609497,65502,65512,10
12.9651899338,80.2074813843,65512,65522,10
12.965089798,80.2080535889,65522,65532,10
12.964969635,80.208732605,65532,65542,10
12.9648599625,80.2094573975,65542,65552,10
12.9647903442,80.2099761963,65552,65561,9
12.9647903442,80.2099990845,65561,65573,12
12.9647397995,80.2103805542,65573,65583,10
12.9646596909,80.2109603882,65583,65593,10
12.9645595551,80.2113723755,65593,65603,10
12.9645004272,80.2114486694,65603,65613,10
12.9644699097,80.2115020752,65613,65623,10
12.9644098282,80.2116088867,65623,65633,10
12.9643096924,80.2120895386,65633,65643,10
12.9641895294,80.212677002,65643,65653,10
12.9640598297,80.2133178711,65653,65663,10
12.9639596939,80.2138214111,65663,65672,9
12.9639101028,80.2140808105,65672,65684,12
12.9638395309,80.2146224976,65684,65694,10
12.9637699127,80.2150802612,65694,65704,10
12.9637002945,80.2154693604,65704,65714,10
12.963640213,80.2157897949,65714,65724,10
12.9636201859,80.2159576416,65724,65734,10
12.9639701843,80.2161407471,65734,65744,10
12.9639997482,80.2161483765,65744,65754,10
12.964099884,80.216217041,65754,65764,10
12.9645299911,80.2164230347,65764,65774,10
12.9652395248,80.2167129517,65774,65784,10
12.9660100937,80.2170028687,65784,65794,10
12.9667396545,80.217300415,65794,65805,11
12.9675502777,80.2176208496,65805,65815,10
12.9681196213,80.2178573608,65815,65825,10
12.9687795639,80.2181015015,65825,65835,10
12.969619751,80.2184524536,65835,65845,10
12.9704704285,80.218788147,65845,65855,10
12.9711198807,80.219039917,65855,65865,10
12.971159935,80.2190628052,65865,65875,10
12.9711904526,80.219078064,65875,65885,10
12.9715995789,80.2192382813,65885,65895,10
12.972240448,80.2195205688,65895,65905,10
12.9729995728,80.2198104858,65905,65916,11
12.9737596512,80.2201080322,65916,65926,10
12.9745998383,80.2204971313,65926,65976,50
12.9745998383,80.2204971313,65976,65986,10
12.9746799469,80.2205963135,65986,65996,10
12.9749698639,80.2206802368,65996,66006,10
12.9752397537,80.2207794189,66006,66016,10
12.9755296707,80.2209091187,66016,66027,11
12.9758796692,80.2212295532,66027,66037,10
12.976269722,80.2217178345,66037,66077,40
12.976269722,80.2217178345,66077,66087,10
12.9764003754,80.2219619751,66087,66097,10
12.9765901566,80.2223434448,66097,66107,10
12.9768695831,80.2228012085,66107,66117,10
12.9772796631,80.2235031128,66117,66127,10
12.9777002335,80.2241516113,66127,66137,10
12.9780597687,80.2246932983,66137,66148,11
12.9784498215,80.2253112793,66148,66158,10
12.9786396027,80.2255783081,66158,66168,10
12.9789400101,80.2260971069,66168,66178,10
12.9792900085,80.2267227173,66178,66188,10
12.9796304703,80.2272720337,66188,66198,10
12.9800100327,80.2278671265,66198,66208,10
12.9803600311,80.2284927368,66208,66218,10
12.9806404114,80.2289962769,66218,66228,10
12.9808998108,80.2294464111,66228,66238,10
12.9812698364,80.2300186157,66238,66248,10
12.9815998077,80.2304763794,66248,66259,11
12.9816198349,80.2305297852,66259,66269,10
12.9817495346,80.2308197021,66269,66279,10
12.9819898605,80.2314605713,66279,66289,10
12.9820699692,80.231918335,66289,66319,30
12.9820699692,80.231918335,66319,66329,10
12.9820995331,80.2322769165,66329,66359,30
12.9820995331,80.2322769165,66359,66369,10
12.9820404053,80.2325897217,66369,66390,21
12.9820404053,80.2325897217,66390,66400,10
12.9819402695,80.2328262329,66400,66410,10
12.981880188,80.2329788208,66410,66420,10
12.9818201065,80.2331390381,66420,66450,30
12.9818201065,80.2331390381,66450,66460,10
12.9816904068,80.2334213257,66460,66470,10
12.9816102982,80.2336120605,66470,66480,10
12.9814195633,80.2339935303,66480,66491,11
12.9812698364,80.2343521118,66491,66501,10
12.9812498093,80.2344665527,66501,66511,10
12.9812402725,80.2349472046,66511,66521,10
12.9812498093,80.2354888916,66521,66531,10
12.9812602997,80.2357330322,66531,66541,10
12.9812698364,80.2360076904,66541,66551,10
12.9812803268,80.2364807129,66551,66561,10
12.9812898636,80.2369384766,66561,66571,10
12.981300354,80.2372589111,66571,66581,10
12.981300354,80.2373580933,66581,66591,10
12.981300354,80.2375411987,66591,66600,9
12.981300354,80.2376937866,66600,66612,12
12.9813098907,80.2378616333,66612,66622,10
12.9813203812,80.2379837036,66622,66632,10
12.9813203812,80.2381515503,66632,66642,10
12.9813203812,80.238319397,66642,66652,10
12.9813203812,80.2383270264,66652,66662,10
12.9813299179,80.2386627197,66662,66672,10
12.9813299179,80.2387313843,66672,66682,10
12.9813299179,80.2388381958,66682,66692,10
12.9813299179,80.2392578125,66692,66702,10
12.9813098907,80.2395095825,66702,66712,10
12.9813299179,80.2397232056,66712,66723,11
12.9813604355,80.2400588989,66723,66733,10
12.9813604355,80.2406616211,66733,66743,10
12.9813804626,80.2411117554,66743,66753,10
12.9813699722,80.2416229248,66753,66763,10
12.9813804626,80.2418899536,66763,66773,10
12.9813804626,80.2421875,66773,66783,10
12.9813995361,80.2426223755,66783,66823,40
12.9813995361,80.2426223755,66823,66833,10
12.9813804626,80.2429199219,66833,66844,11
12.9813804626,80.243019104,66844,66854,10
12.9813899994,80.243270874,66854,66864,10
12.9813804626,80.2435379028,66864,66874,10
12.981300354,80.2441329956,66874,66884,10
12.9812097549,80.2448883057,66884,66894,10
12.9811096191,80.2456817627,66894,66904,10
12.9809999466,80.2466430664,66904,66914,10
12.980890274,80.2476882935,66914,66924,10
12.980799675,80.2487182617,66924,66934,10
12.9807100296,80.2497024536,66934,66944,10
12.980509758,80.2506408691,66944,66955,11
12.9802598953,80.2516403198,66955,66965,10
12.9801702499,80.2520599365,66965,67136,171
12.9801702499,80.2520599365,67136,67146,10
12.9801101685,80.2522964478,67146,67156,10
12.9800796509,80.252456665,67156,67166,10
12.9802503586,80.2526168823,67166,67176,10
12.9804801941,80.2526931763,67176,67187,11
12.9808397293,80.2526702881,67187,67247,60
12.9812202454,80.2526626587,67247,67398,151
12.9812202454,80.2526626587,67398,67408,10
12.9817495346,80.2526473999,67408,67419,11
12.9823904037,80.2526473999,67419,67429,10
12.9831495285,80.2526016235,67429,67439,10
12.9835996628,80.2525100708,67439,67449,10
12.9839200974,80.2524337769,67449,67459,10
12.9843597412,80.2523117065,67459,67469,10
12.9847602844,80.2521972656,67469,67479,10
12.9850301743,80.2521209717,67479,67489,10
12.9852399826,80.2520599365,67489,67499,10
12.9856901169,80.2519378662,67499,67509,10
12.9861898422,80.2518081665,67509,67519,10
12.9863901138,80.2517623901,67519,67530,11
12.986749649,80.251663208,67530,67540,10
12.9874000549,80.2514572144,67540,67762,222
12.9874000549,80.2514572144,67762,67772,10
12.9877195358,80.2514038086,67772,67782,10
12.9879703522,80.2516784668,67782,67792,10
12.9880104065,80.2521286011,67792,67802,10
12.9879598618,80.2528610229,67802,67812,10
12.9878797531,80.253616333,67812,67822,10
12.9877996445,80.25440979,67822,67832,10
12.9877500534,80.2548522949,67832,67883,51
12.9877500534,80.2548522949,67883,67893,10
12.9877004623,80.2550811768,67893,67903,10
12.987660408,80.2553863525,67903,67913,10
12.9876403809,80.2557067871,67913,67923,10
12.9875802994,80.2560882568,67923,67933,10
12.9875602722,80.2565002441,67933,67943,10
12.9875202179,80.2570495605,67943,67953,10
12.987449646,80.2576904297,67953,67963,10
12.9874095917,80.2581863403,67963,67973,10
12.9873600006,80.2586288452,67973,67983,10
12.9873399734,80.2589111328,67983,67994,11
12.9872903824,80.259262085,67994,68004,10
12.9872198105,80.2594909668,68004,68034,30
12.9872198105,80.2594909668,68034,68044,10
12.987159729,80.2597427368,68044,68054,10
12.9870796204,80.2597198486,68054,68064,10
12.9868497849,80.2596511841,68064,68074,10
12.9866800308,80.2596130371,68074,68084,10
12.9865999222,80.259437561,68084,68094,10
12.986579895,80.259147644,68094,68316,222
12.986579895,80.259147644,68316,68326,10
12.9870300293,80.2592086792,68326,68335,9
12.9872598648,80.2591629028,68335,68367,32
12.9872598648,80.2591629028,68367,68377,10
12.9873199463,80.2587890625,68377,68387,10
12.9873304367,80.2586364746,68387,68397,10
12.9873399734,80.2584915161,68397,68407,10
12.9873600006,80.2582702637,68407,68417,10
12.9873895645,80.2577362061,68417,68427,10
12.9874000549,80.2573318481,68427,68488,61
12.9874000549,80.2573318481,68488,68498,10
12.9874401093,80.2569580078,68498,68508,10
12.9874696732,80.2565612793,68508,68518,10
12.9874897003,80.2562484741,68518,68528,10
12.9875402451,80.255859375,68528,68538,10
12.9876499176,80.2551269531,68538,68558,20
12.9876499176,80.2551269531,68558,68568,10
12.987660408,80.2548294067,68568,68579,11
12.9877195358,80.2540969849,68579,68589,10
12.9877700806,80.2536621094,68589,68619,30
12.9877700806,80.2536621094,68619,68629,10
12.987830162,80.25340271,68629,68639,10
12.987859726,80.2529373169,68639,68649,10
12.9878997803,80.2524719238,68649,68659,10
12.9878902435,80.2521286011,68659,68690,31
12.9878902435,80.2521286011,68690,68700,10
12.9878396988,80.2520065308,68700,68710,10
12.9877996445,80.2518386841,68710,68720,10
12.9877796173,80.2518005371,68720,68730,10
12.9876203537,80.2516403198,68730,68740,10
12.9872703552,80.2516708374,68740,68750,10
12.9870595932,80.2516937256,68750,68760,10
12.9865598679,80.2518234253,68760,68770,10
12.9858598709,80.251953125,68770,68780,10
12.9851903915,80.2521209717,68780,68790,10
12.9844799042,80.2523117065,68790,68800,10
12.9836101532,80.2525482178,68800,68811,11
12.9826097488,80.2526931763,68811,68821,10
12.9816904068,80.2527084351,68821,68831,10
12.9807395935,80.2527389526,68831,68841,10
12.9800195694,80.2527618408,68841,68851,10
12.9799003601,80.2523193359,68851,68881,30
12.9799003601,80.2523193359,68881,68891,10
12.9799499512,80.2521896362,68891,68901,10
12.9800395966,80.2517623901,68901,68911,10
12.9802503586,80.2511520386,68911,68922,11
12.9804496765,80.2503967285,68922,68932,10
12.9805803299,80.2498016357,68932,68942,10
12.9806604385,80.249130249,68942,68952,10
12.9806804657,80.2483901978,68952,69033,81
12.9806804657,80.2483901978,69033,69043,10
12.9807596207,80.2481918335,69043,69053,10
12.980799675,80.2477035522,69053,69063,10
12.9808397293,80.2470092773,69063,69073,10
12.9809103012,80.2462768555,69073,69083,10
12.9809398651,80.2456817627,69083,69103,20
12.9809398651,80.2456817627,69103,69113,10
12.9809703827,80.2454986572,69113,69194,81
12.9809703827,80.2454986572,69194,69204,10
12.9809999466,80.2451019287,69204,69315,111
12.9810400009,80.244720459,69315,69698,383
12.9810400009,80.244720459,69698,69708,10
12.9810800552,80.2443389893,69708,69839,131
12.9811296463,80.2439498901,69839,69860,21
12.9811296463,80.2439498901,69860,69870,10
12.9812898636,80.2436065674,69870,69880,10
12.9812898636,80.2431793213,69880,69920,40
12.9812898636,80.2431793213,69920,69930,10
12.9813404083,80.2428817749,69930,70041,111
12.9813404083,80.2428817749,70041,70051,10
12.9813604355,80.2425079346,70051,70061,10
12.9813404083,80.2423400879,70061,70071,10
12.9813299179,80.2421722412,70071,70142,71
12.9813299179,80.2421722412,70142,70152,10
12.9813604355,80.2419586182,70152,70193,41
12.9813604355,80.2419586182,70193,70203,10
12.9813404083,80.2415771484,70203,70283,80
12.9813404083,80.2412261963,70283,70344,61
12.9813404083,80.2412261963,70344,70354,10
12.9813203812,80.2407302856,70354,70364,10
12.981300354,80.2405166626,70364,70414,50
12.981300354,80.2405166626,70414,70425,11
12.981300354,80.2403030396,70425,70435,10
12.981300354,80.2401809692,70435,70445,10
12.9812803268,80.2398605347,70445,70475,30
12.9812803268,80.2398605347,70475,70485,10
12.9812602997,80.2393264771,70485,70495,10
12.9812498093,80.2389831543,70495,70505,10
12.9812498093,80.2386169434,70505,70586,81
12.9812202454,80.2381973267,70586,70606,20
12.9812202454,80.2381973267,70606,70616,10
12.9812097549,80.2377700806,70616,70626,10
12.9812002182,80.2372207642,70626,70636,10
12.9811897278,80.2365036011,70636,70646,10
12.9811697006,80.2357788086,70646,70657,11
12.9811496735,80.2349472046,70657,70667,10
12.9812097549,80.2342224121,70667,70677,10
12.981470108,80.2336196899,70677,70687,10
12.981590271,80.2333602905,70687,70697,10
12.9816102982,80.2333221436,70697,70707,10
12.9816503525,80.233253479,70707,70717,10
12.9818201065,80.2329025269,70717,70727,10
12.9819498062,80.2323989868,70727,70737,10
12.9819498062,80.2321090698,70737,70747,10
12.9819297791,80.2316665649,70747,70757,10
12.9818897247,80.231338501,70757,70767,10
12.9817199707,80.2309036255,70767,70778,11
12.9814195633,80.2303695679,70778,70788,10
12.9810695648,80.2297973633,70788,70798,10
12.9808301926,80.2294235229,70798,70808,10
12.980629921,80.229133606,70808,70828,20
12.980629921,80.229133606,70828,70838,10
12.9804401398,80.2287979126,70838,70848,10
12.9802598953,80.2284393311,70848,70858,10
12.9800300598,80.228012085,70858,70868,10
12.9796600342,80.2274093628,70868,70878,10
12.9793300629,80.2268600464,70878,70889,11
12.9789800644,80.2262802124,70889,70899,10
12.9785995483,80.2256698608,70899,70909,10
12.978269577,80.2251281738,70909,70919,10
12.9780902863,80.224822998,70919,70929,10
12.9777297974,80.224357605,70929,70949,20
12.9777297974,80.224357605,70949,70959,10
12.9776697159,80.2241973877,70959,70969,10
12.9774599075,80.2238616943,70969,70979,10
12.9771604538,80.2233810425,70979,70989,10
12.9768695831,80.22290802,70989,71030,41
12.9766798019,80.2225799561,71030,71090,60
12.9764499664,80.2222213745,71090,71131,41
12.9764499664,80.2222213745,71131,71141,10
12.9762601852,80.2219009399,71141,71151,10
12.9762296677,80.221862793,71151,71161,10
12.9761104584,80.2217330933,71161,71171,10
12.9759702682,80.221572876,71171,71181,10
12.9757795334,80.2213134766,71181,71191,10
12.9753799438,80.2209320068,71191,71221,30
12.9753799438,80.2209320068,71221,71232,11
12.9752197266,80.2207183838,71232,71242,10
12.9750003815,80.2206268311,71242,71252,10
12.9746198654,80.2204818726,71252,71262,10
12.9743404388,80.2203674316,71262,71272,10
12.9743003845,80.2203674316,71272,71282,10
12.9740600586,80.2202529907,71282,71292,10
12.973859787,80.2201538086,71292,71302,10
12.9735803604,80.2200164795,71302,71312,10
12.9731397629,80.2198486328,71312,71322,10
12.9725198746,80.2196273804,71322,71332,10
12.9718904495,80.2194213867,71332,71342,10
12.9710597992,80.2192230225,71342,71363,21
12.9710597992,80.2192230225,71363,71373,10
12.970870018,80.2191619873,71373,71383,10
12.9705896378,80.218963623,71383,71393,10
12.9701700211,80.2187728882,71393,71403,10
12.9696598053,80.2185668945,71403,71413,10
12.9690103531,80.2183227539,71413,71423,10
12.9682798386,80.2180328369,71423,71433,10
12.967590332,80.2177505493,71433,71443,10
12.9670200348,80.2175292969,71443,71453,10
12.9663600922,80.2172775269,71453,71464,11
12.9655895233,80.2169570923,71464,71474,10
12.9648504257,80.2166595459,71474,71484,10
12.964220047,80.2163772583,71484,71494,10
12.9638595581,80.2162017822,71494,71524,30
12.9638595581,80.2162017822,71524,71534,10
12.9636297226,80.2161026001,71534,71544,10
12.9634599686,80.2158584595,71544,71554,10
12.9635400772,80.2156295776,71554,71574,20
12.9635400772,80.2156295776,71574,71585,11
12.9636802673,80.2151184082,71585,71615,30
12.9636802673,80.2151184082,71615,71625,10
12.9637203217,80.2149810791,71625,71635,10
12.9637498856,80.2147903442,71635,71645,10
12.9638204575,80.2144470215,71645,71655,10
12.9638595581,80.2142028809,71655,71665,10
12.9638900757,80.2139434814,71665,71675,10
12.9639501572,80.2136230469,71675,71685,10
12.9640302658,80.213180542,71685,71696,11
12.9641399384,80.2126464844,71696,71706,10
12.964220047,80.2121582031,71706,71716,10
12.9642601013,80.2119903564,71716,71726,10
12.9643001556,80.2117614746,71726,71736,10
12.9644603729,80.2113418579,71736,71756,20
12.9644603729,80.2113418579,71756,71766,10
12.9645700455,80.21118927,71766,71776,10
12.964630127,80.2108764648,71776,71786,10
12.964679718,80.2104492188,71786,71796,10
12.9647397995,80.2099914551,71796,71807,11
12.9648103714,80.2094116211,71807,71817,10
12.9648799896,80.2088775635,71817,71827,10
12.9649801254,80.2082595825,71827,71837,10
12.9651002884,80.2076568604,71837,71847,10
12.9651603699,80.2072067261,71847,71857,10
12.965180397,80.2070922852,71857,71867,10
12.9652099609,80.2070388794,71867,71877,10
12.9652700424,80.2067337036,71877,71887,10
12.9652996063,80.2062988281,71887,71897,10
12.9653396606,80.2057571411,71897,71907,10
12.9654302597,80.2052307129,71907,71917,10
12.9655103683,80.2048110962,71917,71928,11
12.9655103683,80.2046737671,71928,71938,10
12.9655399323,80.2045135498,71938,71948,10
12.9656095505,80.2041397095,71948,71958,10
12.9657297134,80.2034912109,71958,71968,10
12.9657497406,80.2026672363,71968,71978,10
12.9657497406,80.2018966675,71978,71988,10
12.9653100967,80.2017288208,71988,71998,10
12.9653301239,80.2011566162,71998,72008,10
12.9654397964,80.200592041,72008,72018,10
12.9654903412,80.200340271,72018,72028,10
12.965470314,80.2002029419,72028,72039,11
12.9650201797,80.2001037598,72039,72049,10
12.9649200439,80.1997299194,72049,72059,10
12.9647502899,80.1993103027,72059,72069,10
12.9648103714,80.1985931396,72069,72079,10
12.9647397995,80.1979064941,72079,72089,10
12.9647502899,80.1972503662,72089,72099,10
12.9647502899,80.1964492798,72099,72129,30
12.9646596909,80.196182251,72129,72149,20
12.9646596909,80.196182251,72149,72160,11
12.964630127,80.1957626343,72160,72170,10
12.9647197723,80.1952590942,72170,72180,10
12.9647502899,80.1947097778,72180,72190,10
12.9649000168,80.1940536499,72190,72200,10
12.9649896622,80.193397522,72200,72210,10
12.9650201797,80.1929473877,72210,72220,10
12.9650201797,80.1929092407,72220,72230,10
12.9650602341,80.1926422119,72230,72240,10
12.9651603699,80.192199707,72240,72250,10
12.9652700424,80.1916885376,72250,72260,10
12.9652795792,80.1916122437,72260,72271,11
12.965379715,80.1912002563,72271,72281,10
12.9655199051,80.1905212402,72281,72291,10
12.965669632,80.1898193359,72291,72301,10
12.9657802582,80.1892623901,72301,72311,10
12.9658298492,80.1889877319,72311,72321,10
12.9658403397,80.188911438,72321,72331,10
12.9658498764,80.1888198853,72331,72341,10
12.9658498764,80.1886520386,72341,72351,10
12.9655895233,80.1885223389,72351,72361,10
12.9653100967,80.1883773804,72361,72371,10
12.965180397,80.188331604,72371,72381,10
12.9648504257,80.1882095337,72381,72392,11
12.9643802643,80.1880722046,72392,72402,10
12.96393013,80.1879425049,72402,72412,10
12.9635000229,80.1877975464,72412,72422,10
12.9630403519,80.1876831055,72422,72432,10
12.9625997543,80.1875762939,72432,72442,10
12.9621496201,80.1875,72442,72452,10
12.9617300034,80.1874084473,72452,72462,10
12.9612703323,80.1873474121,72462,72472,10
12.960849762,80.1872787476,72472,72482,10
12.9606399536,80.18724823,72482,72491,9
12.9605398178,80.1872406006,72491,72503,12
12.9600896835,80.1871795654,72503,72513,10
12.9596700668,80.1871337891,72513,72523,10
12.9591598511,80.1870727539,72523,72533,10
12.958609581,80.1870269775,72533,72543,10
12.9581604004,80.1870498657,72543,72553,10
12.9576101303,80.1870727539,72553,72563,10
12.957159996,80.1870574951,72563,72573,10
12.9564399719,80.1870117188,72573,72593,20
12.9564399719,80.1870117188,72593,72603,10
12.9561300278,80.1869888306,72603,72624,21
12.9561300278,80.1869888306,72624,72634,10
12.9559202194,80.1869735718,72634,72644,10
12.955619812,80.1869277954,72644,72684,40
12.955619812,80.1869277954,72684,72694,10
12.9555797577,80.1865997314,72694,72704,10
12.955619812,80.186378479,72704,72714,10
12.9556598663,80.1861190796,72714,72723,9
12.9557504654,80.1855773926,72723,72785,62
12.9557504654,80.1855773926,72785,72795,10
12.9559698105,80.1855697632,72795,72805,10
12.956029892,80.1857681274,72805,72815,10
12.955909729,80.1860275269,72815,74752,1937
12.9559402466,80.1864089966,74752,74772,20
12.9559402466,80.1864089966,74772,74782,10
12.9559602737,80.1867370605,74782,74833,51
12.9559602737,80.1867370605,74833,74843,10
12.9561395645,80.1870498657,74843,74853,10
12.956319809,80.1870498657,74853,74863,10
12.9566602707,80.1870803833,74863,74873,10
12.9570102692,80.1871032715,74873,74883,10
12.9571895599,80.1871032715,74883,74893,10
12.9575395584,80.1871185303,74893,74903,10
12.9579696655,80.1871185303,74903,74913,10
12.9584302902,80.1871337891,74913,74923,10
12.9588603973,80.1871414185,74923,74934,11
12.9593095779,80.1871566772,74934,74944,10
12.9596996307,80.1871871948,74944,74954,10
12.9600896835,80.187210083,74954,74964,10
12.9604701996,80.18724823,74964,74974,10
12.960849762,80.1873092651,74974,74984,10
12.961139679,80.1873397827,74984,74994,10
12.9614496231,80.1873931885,74994,75004,10
12.9617395401,80.1874389648,75004,75014,10
12.9620504379,80.1874923706,75014,75024,10
12.9624099731,80.1875686646,75024,75034,10
12.9627895355,80.1876220703,75034,75043,9
12.9631795883,80.1876983643,75043,75055,12
12.9637298584,80.1878585815,75055,75065,10
12.9641704559,80.18800354,75065,75075,10
12.9645700455,80.1881332397,75075,75085,10
12.9647302628,80.1881790161,75085,75095,10
12.9649200439,80.1882400513,75095,75105,10
12.9651002884,80.1883087158,75105,75115,10
12.9653501511,80.1884078979,75115,75155,40
12.9657297134,80.1885604858,75155,75176,21
12.9657297134,80.1885604858,75176,75186,10
12.9659404755,80.1887207031,75186,75196,10
12.965880394,80.1889190674,75196,75206,10
12.9657897949,80.1893005371,75206,75216,10
12.9657096863,80.1897506714,75216,75226,10
12.9656000137,80.1902923584,75226,75236,10
12.9654903412,80.1908569336,75236,75246,10
12.9653701782,80.1913986206,75246,75256,10
12.9652900696,80.1918334961,75256,75266,10
12.9651498795,80.1923370361,75266,75276,10
12.9650201797,80.1928405762,75276,75287,11
12.9650096893,80.1933517456,75287,75297,10
12.9649200439,80.1938705444,75297,75307,10
12.9648103714,80.1943206787,75307,75317,10
12.9647397995,80.1946182251,75317,75327,10
12.9647102356,80.1950302124,75327,75337,10
12.9647102356,80.1953887939,75337,75347,10
12.9646196365,80.1958694458,75347,75357,10
12.9646396637,80.1961593628,75357,75367,10
12.9647397995,80.1964035034,75367,75377,10
12.9647598267,80.1967086792,75377,75386,9
12.9647197723,80.197052002,75386,75408,22
12.9647197723,80.197052002,75408,75418,10
12.9647703171,80.1973266602,75418,75428,10
12.9647397995,80.1976318359,75428,75438,10
12.9646997452,80.1980895996,75438,75448,10
12.9647703171,80.1986236572,75448,75458,10
12.9647102356,80.199180603,75458,75468,10
12.9649000168,80.1996231079,75468,75478,10
12.9649200439,80.2000274658,75478,75488,10
12.9653100967,80.2001419067,75488,75498,10
12.9654502869,80.2004013062,75498,75508,10
12.9653100967,80.2012329102,75508,75529,21
12.9653100967,80.2012329102,75529,75539,10
12.9652795792,80.2015914917,75539,75549,10
12.9655504227,80.2018508911,75549,75559,10
12.965760231,80.2022476196,75559,75569,10
12.9657201767,80.2028808594,75569,75579,10
12.9656896591,80.2036209106,75579,75589,10
12.9655799866,80.2042312622,75589,75599,10
12.9655103683,80.2046432495,75599,75609,10
12.9654903412,80.2048110962,75609,75618,9
12.9654302597,80.205078125,75618,75630,12
12.9653701782,80.2053833008,75630,75640,10
12.9653196335,80.2056427002,75640,75650,10
12.965259552,80.2060012817,75650,75660,10
12.9652500153,80.2064437866,75660,75670,10
12.9652299881,80.2067871094,75670,75700,30
12.9652299881,80.2067871094,75700,75710,10
12.9652500153,80.2070388794,75710,75720,10
12.9652395248,80.2070999146,75720,75730,10
12.9652204514,80.2071990967,75730,75740,10
12.9651603699,80.2074813843,75740,75751,11
12.9650602341,80.2079315186,75751,75761,10
12.9649801254,80.208442688,75761,75771,10
12.9648895264,80.208946228,75771,75781,10
12.9648199081,80.2094726563,75781,75791,10
12.9647397995,80.2100067139,75791,75801,10
12.9646997452,80.2103271484,75801,75811,10
12.9646396637,80.2108535767,75811,75821,10
12.9645395279,80.2113418579,75821,75831,10
12.9643802643,80.2115707397,75831,75841,10
12.9643297195,80.2117767334,75841,75851,10
12.9642601013,80.2121124268,75851,75862,11
12.9641799927,80.2125701904,75862,75872,10
12.9640703201,80.2130584717,75872,75882,10
12.9639997482,80.2135391235,75882,75892,10
12.9638996124,80.2139663696,75892,75902,10
12.9638500214,80.2143936157,75902,75912,10
12.9637699127,80.2148284912,75912,75922,10
12.9637203217,80.2151412964,75922,75932,10
12.9636697769,80.2154083252,75932,75942,10
12.9635801315,80.2158203125,75942,75952,10
12.9641199112,80.2162094116,75952,75972,20
12.9641199112,80.2162094116,75972,75983,11
12.9643802643,80.2163314819,75983,75993,10
12.964679718,80.216468811,75993,76003,10
12.965180397,80.2166671753,76003,76013,10
12.9656600952,80.2168731689,76013,76023,10
12.9660997391,80.2170410156,76023,76033,10
12.966509819,80.2172012329,76033,76043,10
12.966919899,80.2173690796,76043,76053,10
12.9673900604,80.2175598145,76053,76063,10
12.9678297043,80.2177581787,76063,76073,10
12.9683504105,80.2179718018,76073,76083,10
12.9690103531,80.2182006836,76083,76094,11
12.9697704315,80.2185134888,76094,76104,10
12.9704799652,80.2188034058,76104,76114,10
12.9710502625,80.2189865112,76114,76124,10
12.9712200165,80.2190475464,76124,76134,10
12.9715595245,80.2191925049,76134,76144,10
12.9720096588,80.2193984985,76144,76154,10
12.9726200104,80.2196121216,76154,76184,30
12.9726200104,80.2196121216,76184,76194,10
12.972990036,80.2197723389,76194,76205,11
12.9732704163,80.219871521,76205,76215,10
12.9736099243,80.2200088501,76215,76225,10
12.9739599228,80.2201690674,76225,76235,10
12.9743795395,80.2203521729,76235,76245,10
12.9747600555,80.2205123901,76245,76255,10
12.9750795364,80.2206497192,76255,76426,171
12.9750795364,80.2206497192,76426,76437,11
12.9755001068,80.2207794189,76437,76447,10
12.9757099152,80.2210083008,76447,76457,10
12.9759998322,80.2213134766,76457,76477,20
12.9759998322,80.2213134766,76477,76487,10
12.9761199951,80.2214584351,76487,76497,10
12.9763002396,80.2217636108,76497,76537,40
12.9763002396,80.2217636108,76537,76547,10
12.9764604568,80.222038269,76547,76558,11
12.976650238,80.2223815918,76558,76568,10
12.9769296646,80.2228088379,76568,76578,10
12.9772195816,80.2232818604,76578,76588,10
12.9774703979,80.2237014771,76588,76598,10
12.9777202606,80.2240905762,76598,76608,10
12.9779901505,80.2245025635,76608,76618,10
12.9782800674,80.2249679565,76618,76628,10
12.9785499573,80.2253799438,76628,76638,10
12.9786396027,80.2255096436,76638,76648,10
12.9788599014,80.2258682251,76648,76658,10
12.9791002274,80.2262802124,76658,76669,11
12.9793300629,80.2266769409,76669,76679,10
12.9795598984,80.2270889282,76679,76689,10
12.9798002243,80.2274932861,76689,76699,10
12.9800300598,80.2278289795,76699,76709,10
12.9803199768,80.2283325195,76709,76719,10
12.9806003571,80.2288284302,76719,76729,10
12.9807500839,80.2291717529,76729,76739,10
12.9809598923,80.2294998169,76739,76749,10
12.9813203812,80.2300491333,76749,76759,10
12.9816198349,80.2304992676,76759,76769,10
12.9816598892,80.2305297852,76769,76779,10
12.9817495346,80.2306976318,76779,76790,11
12.9819202423,80.2311477661,76790,76800,10
12.982000351,80.2316970825,76800,76810,10
12.9820299149,80.2322311401,76810,76820,10
12.982000351,80.2324905396,76820,76830,10
12.9818696976,80.232963562,76830,76840,10
12.9816703796,80.2334289551,76840,76850,10
12.9816102982,80.2335586548,76850,76860,10
12.9815196991,80.2337722778,76860,76870,10
12.9813203812,80.2341537476,76870,76880,10
12.9812297821,80.2345428467,76880,76890,10
12.9812002182,80.2348709106,76890,76901,11
12.9812202454,80.235496521,76901,76911,10
12.9812297821,80.2361526489,76911,76921,10
12.9812498093,80.2368011475,76921,76931,10
12.9812602997,80.2374267578,76931,76941,10
12.9812698364,80.2379684448,76941,76951,10
12.9812803268,80.2384567261,76951,76961,10
12.9812898636,80.2386627197,76961,76971,10
12.981300354,80.2387619019,76971,76981,10
12.9812898636,80.2391281128,76981,76991,10
12.9812803268,80.2395019531,76991,77001,10
12.9812898636,80.2395629883,77001,77012,11
12.9813203812,80.239906311,77012,77022,10
12.9813098907,80.2403869629,77022,77032,10
12.981300354,80.2409591675,77032,77042,10
12.9813203812,80.2415924072,77042,77052,10
12.9813203812,80.2420806885,77052,77062,10
12.9813098907,80.2428436279,77062,77082,20
12.9813098907,80.2428436279,77082,77092,10
12.9813499451,80.2431182861,77092,77102,10
12.9813404083,80.243637085,77102,77112,10
12.9812602997,80.2442779541,77112,77122,10
12.9811897278,80.2449417114,77122,77133,11
12.9811000824,80.2456970215,77133,77143,10
12.9810199738,80.246421814,77143,77153,10
12.9809503555,80.2471694946,77153,77163,10
12.980890274,80.2479324341,77163,77173,10
12.9808301926,80.2487106323,77173,77183,10
12.9807701111,80.2494125366,77183,77193,10
12.9806499481,80.250038147,77193,77203,10
12.9805002213,80.2506790161,77203,77213,10
12.9803199768,80.2512893677,77213,77223,10
12.9801301956,80.2521514893,77223,77254,31
12.9801301956,80.2521514893,77254,77264,10
12.980099678,80.2524871826,77264,77274,10
12.9802303314,80.2526016235,77274,77284,10
12.9805297852,80.2526473999,77284,77294,10
12.9810495377,80.2526321411,77294,77304,10
12.9816598892,80.2526092529,77304,77314,10
12.9823703766,80.2526016235,77314,77324,10
12.9831199646,80.252532959,77324,77334,10
12.9838399887,80.2523803711,77334,77344,10
12.9845504761,80.2521896362,77344,77355,11
12.9859895706,80.2518081665,77355,77365,10
12.9859895706,80.2518081665,77365,77375,10
12.9863500595,80.2517166138,77375,77384,9
12.9872903824,80.2514419556,77384,77514,130
12.9872903824,80.2514419556,77514,77524,10
12.9876203537,80.2513580322,77524,77534,10
12.9879198074,80.2515335083,77534,77544,10
12.9879999161,80.251991272,77544,77554,10
12.9879903793,80.2525482178,77554,77564,10
12.9879302979,80.2531890869,77564,77574,10
12.9878702164,80.2537384033,77574,77585,11
12.9878196716,80.25415802,77585,77675,90
12.9878196716,80.25415802,77675,77685,10
12.9879102707,80.2543487549,77685,77695,10
12.9878797531,80.2545394897,77695,77706,11
12.9878101349,80.2548294067,77706,77716,10
12.9877195358,80.2555236816,77716,77857,141
12.9877195358,80.2555236816,77857,77867,10
12.9877195358,80.2557830811,77867,77877,10
12.9876298904,80.2562332153,77877,77887,10
12.9875602722,80.2567825317,77887,77897,10
12.9874696732,80.2574081421,77897,77907,10
12.9874296188,80.2581863403,77907,77917,10
12.9873600006,80.2588882446,77917,77927,10
12.987279892,80.2592010498,77927,77938,11
12.9872303009,80.2595291138,77938,77968,30
12.9872303009,80.2595291138,77968,77978,10
12.9870100021,80.2596435547,77978,77988,10
12.986700058,80.2595367432,77988,80782,2794
12.9866104126,80.2596282959,80782,81660,878
12.9866104126,80.2594985962,81660,81720,60
12.9866695404,80.2596282959,81720,82053,333
12.9865703583,80.2594528198,82053,83354,1301
12.9865703583,80.2594528198,83354,83363,9
12.9867200851,80.2595596313,83363,84988,1625
