13.0987997055,80.2409591675,12,103,91
13.0985898972,80.2409896851,103,254,151
13.0988702774,80.2409667969,254,274,20
13.0988702774,80.2409667969,274,284,10
13.0989103317,80.2407836914,284,295,11
13.098950386,80.2404708862,295,305,10
13.0988302231,80.2401199341,305,315,10
13.0982704163,80.2405014038,315,1345,1030
13.0982704163,80.2405014038,1345,1355,10
13.0985097885,80.2406082153,1355,1365,10
13.0985202789,80.2409210205,1365,1375,10
13.0984802246,80.2413024902,1375,3064,1689
13.0984296799,80.2413711548,3064,5306,2242
13.0985298157,80.241317749,5306,14566,9260
13.098400116,80.2415466309,14566,15050,484
13.098400116,80.2415466309,15050,15061,11
13.0984897614,80.2412490845,15061,15505,444
13.0984096527,80.2413864136,15505,15818,313
13.0985202789,80.241317749,15818,15909,91
13.0985202789,80.241317749,15909,15919,10
13.098859787,80.2415618896,15919,15929,10
13.0989398956,80.2413635254,15929,15939,10
13.0989999771,80.2410812378,15939,15950,11
13.0989999771,80.2406387329,15950,15960,10
13.0990200043,80.2402420044,15960,15970,10
13.0991001129,80.2404632568,15970,15990,20
13.0991001129,80.2404632568,15990,16000,10
13.0989904404,80.2407226563,16000,16010,10
13.0990104675,80.240852356,16010,16020,10
13.0990104675,80.2410202026,16020,16030,10
13.09897995,80.2412414551,16030,16040,10
13.0989398956,80.2414093018,16040,16051,11
13.098859787,80.2416305542,16051,16061,10
13.0988197327,80.2417984009,16061,16071,10
13.0987596512,80.2421188354,16071,16081,10
13.0986404419,80.2423019409,16081,16091,10
13.0983200073,80.2423019409,16091,16101,10
13.0977296829,80.2422180176,16101,17416,1315
13.0977296829,80.2422180176,17416,17426,10
13.0976200104,80.2421875,17426,17437,11
13.0974597931,80.2421722412,17437,17447,10
13.0974197388,80.2419815063,17447,17457,10
13.0975103378,80.2416229248,17457,17467,10
13.0976200104,80.2411193848,17467,17477,10
13.0976896286,80.240447998,17477,17487,10
13.0977497101,80.2397384644,17487,17497,10
13.0977802277,80.2392578125,17497,17507,10
13.097869873,80.2384414673,17507,17517,10
13.0979604721,80.2379989624,17517,17527,10
13.0980997086,80.2373886108,17527,17538,11
13.0982398987,80.236618042,17538,17548,10
13.0983600616,80.2359008789,17548,17558,10
13.0984897614,80.235168457,17558,17568,10
13.0985498428,80.2343063354,17568,17578,10
13.0986404419,80.2334213257,17578,17588,10
13.0987997055,80.2324981689,17588,17598,10
13.0990896225,80.231628418,17598,17608,10
13.099439621,80.2308120728,17608,17618,10
13.0996799469,80.2300796509,17618,17628,10
13.0998296738,80.2293624878,17628,17639,11
13.0999698639,80.2285614014,17639,17649,10
13.1000699997,80.2277832031,17649,17659,10
13.1000699997,80.2269592285,17659,17669,10
13.1000204086,80.226348877,17669,17678,9
13.0999097824,80.2255172729,17678,17689,11
13.0997104645,80.2245788574,17689,17699,10
13.0994195938,80.2238311768,17699,17709,10
13.0992298126,80.2235794067,17709,17719,10
13.0990200043,80.2232818604,17719,17729,10
13.0988397598,80.2230224609,17729,17740,11
13.098739624,80.2225112915,17740,17750,10
13.0987796783,80.2218017578,17750,17760,10
13.0991001129,80.2199630737,17760,17770,10
13.0991001129,80.2199630737,17770,17780,10
13.0992002487,80.2193527222,17780,17790,10
13.0992698669,80.2189712524,17790,17800,10
13.0993700027,80.2182922363,17800,17810,10
13.09953022,80.2174530029,17810,17820,10
13.0997495651,80.2166213989,17820,17830,10
13.0999202728,80.2160415649,17830,17841,11
13.100060463,80.2155532837,17841,17851,10
13.1002397537,80.2146911621,17851,17871,20
13.1002397537,80.2146911621,17871,17881,10
13.1000900269,80.2145004272,17881,17892,11
13.0998401642,80.2144088745,17892,17901,9
13.0993995667,80.214302063,17901,17912,11
13.098739624,80.2140426636,17912,17921,9
13.0984201431,80.2142715454,17921,17932,11
13.0981702805,80.2148284912,17932,17943,11
13.0977497101,80.2158737183,17943,17953,10
13.0974197388,80.2166366577,17953,17963,10
13.0971097946,80.2174377441,17963,17973,10
13.0968198776,80.2183227539,17973,17983,10
13.0965099335,80.2192306519,17983,17993,10
13.0961904526,80.220123291,17993,18003,10
13.0958900452,80.2210083008,18003,18013,10
13.0956201553,80.2217712402,18013,18023,10
13.0954504013,80.2222976685,18023,18033,10
13.0953598022,80.2225112915,18033,18044,11
13.0951499939,80.2230529785,18044,18054,10
13.09471035,80.2237472534,18054,18064,10
13.0941495895,80.2245178223,18064,18074,10
13.0934801102,80.2253112793,18074,18084,10
13.0927801132,80.2260513306,18084,18094,10
13.0921401978,80.2266998291,18094,18104,10
13.0915203094,80.2273406982,18104,18114,10
13.0912599564,80.2276306152,18114,18124,10
13.0912103653,80.2276763916,18124,18135,11
13.0908899307,80.2279891968,18135,18145,10
13.090470314,80.2284622192,18145,18155,10
13.0898704529,80.2291412354,18155,18165,10
13.0893602371,80.2298812866,18165,18175,10
13.0891799927,80.2302017212,18175,18185,10
13.0890102386,80.2305603027,18185,18195,10
13.0888700485,80.2308502197,18195,18205,10
13.0887699127,80.2310409546,18205,18215,10
13.0885696411,80.2315292358,18215,18225,10
13.0883302689,80.2323684692,18225,18236,11
13.0881204605,80.2332992554,18236,18246,10
13.0880298615,80.2340393066,18246,18256,10
13.0877304077,80.2345199585,18256,18266,10
13.0869903564,80.2345809937,18266,18276,10
13.0861797333,80.2344818115,18276,18286,10
13.0853099823,80.2342376709,18286,18296,10
13.0845499039,80.234046936,18296,18306,10
13.083820343,80.2339096069,18306,18316,10
13.0832004547,80.2338027954,18316,18326,10
13.0825996399,80.2336425781,18326,18337,11
13.0825004578,80.2336273193,18337,18347,10
13.0820198059,80.2335586548,18347,18357,10
13.0813102722,80.2335128784,18357,18367,10
13.0805397034,80.2335205078,18367,18377,10
13.0798501968,80.233543396,18377,18387,10
13.0795001984,80.2335281372,18387,18397,10
13.0791301727,80.233543396,18397,18407,10
13.0784702301,80.2335510254,18407,18416,9
13.0777997971,80.2336196899,18416,18427,11
13.0768003464,80.2337722778,18427,18438,11
13.0759401321,80.2339630127,18438,18448,10
13.0759897232,80.2344436646,18448,18458,10
13.0761203766,80.2351226807,18458,18468,10
13.0762996674,80.2358627319,18468,18478,10
13.0764102936,80.236618042,18478,18488,10
13.0765695572,80.2372207642,18488,18498,10
13.0766000748,80.2374267578,18498,18508,10
13.0766897202,80.2379837036,18508,18518,10
13.0768604279,80.2387619019,18518,18528,10
13.0770797729,80.2397232056,18528,18539,11
13.077249527,80.2404785156,18539,18549,10
13.076880455,80.2406463623,18549,18559,10
13.0761995316,80.2405166626,18559,18569,10
13.075340271,80.2405166626,18569,18579,10
13.0745201111,80.2405319214,18579,18589,10
13.0737304688,80.2406082153,18589,18599,10
13.072930336,80.2408676147,18599,18609,10
13.0720396042,80.2413635254,18609,18619,10
13.0710802078,80.2417984009,18619,18629,10
13.070309639,80.2420425415,18629,18640,11
13.0700397491,80.2421188354,18640,18650,10
13.0695400238,80.2422485352,18650,18660,10
13.068860054,80.2424926758,18660,18670,10
13.0680398941,80.2427368164,18670,18680,10
13.0670995712,80.2431106567,18680,18690,10
13.0662202835,80.2435302734,18690,18700,10
13.0662002563,80.244430542,18700,18710,10
13.0663700104,80.2454528809,18710,18720,10
13.0669698715,80.2460784912,18720,18730,10
13.0676498413,80.246421814,18730,18741,11
13.0679302216,80.2467575073,18741,18751,10
13.0679597855,80.2474212646,18751,18761,10
13.0675802231,80.2479095459,18761,18771,10
13.0667104721,80.2478485107,18771,18781,10
13.0657396317,80.247756958,18781,18791,10
13.0648403168,80.2477493286,18791,18801,10
13.0640201569,80.2477035522,18801,18811,10
13.0626802444,80.2476425171,18811,18821,10
13.0616798401,80.247543335,18821,18831,10
13.0614204407,80.246887207,18831,18842,11
13.0618400574,80.2463531494,18842,18852,10
13.0620603561,80.2454299927,18852,18862,10
13.0627202988,80.2448120117,18862,18872,10
13.0632095337,80.2442932129,18872,18882,10
13.0633201599,80.2441101074,18882,18892,10
13.0634698868,80.2436599731,18892,18902,10
13.0631999969,80.2434768677,18902,18912,10
13.0625600815,80.2433624268,18912,18922,10
13.0618200302,80.2432174683,18922,18932,10
13.0611095428,80.2430801392,18932,18943,11
13.0602302551,80.2427978516,18943,18953,10
13.059419632,80.2425384521,18953,18963,10
13.0586500168,80.2426223755,18963,18973,10
13.0579004288,80.2428436279,18973,18983,10
13.0569200516,80.2428131104,18983,18993,10
13.0562295914,80.2425308228,18993,19003,10
13.0555400848,80.2423019409,19003,19013,10
13.0547399521,80.2424163818,19013,19023,10
13.0537796021,80.2422790527,19023,19033,10
13.053730011,80.2422637939,19033,19044,11
13.0535202026,80.2421035767,19044,19054,10
13.0529603958,80.2418670654,19054,19064,10
13.0524196625,80.2415008545,19064,19074,10
13.0521001816,80.2409820557,19074,19084,10
13.0518503189,80.2407226563,19084,19094,10
13.0514097214,80.2406311035,19094,19104,10
13.050860405,80.2405166626,19104,19114,10
13.050160408,80.2403869629,19114,19124,10
13.0495195389,80.2402496338,19124,19134,10
13.048789978,80.2401123047,19134,19145,11
13.0480203629,80.2399673462,19145,19155,10
13.0473098755,80.2398223877,19155,19165,10
13.0466804504,80.239692688,19165,19175,10
13.046210289,80.239402771,19175,19185,10
13.0463399887,80.2390213013,19185,19195,10
13.0464696884,80.2384109497,19195,19205,10
13.0466299057,80.2377700806,19205,19215,10
13.0467596054,80.2369766235,19215,19225,10
13.0469102859,80.2363204956,19225,19235,10
13.0470104218,80.2358703613,19235,19246,11
13.0470600128,80.2355499268,19246,19256,10
13.0471096039,80.2350463867,19256,19266,10
13.0472097397,80.2342987061,19266,19276,10
13.0473003387,80.2334289551,19276,19286,10
13.047129631,80.233039856,19286,19296,10
13.0465402603,80.2329483032,19296,19306,10
13.0457801819,80.2328033447,19306,19316,10
13.0450496674,80.2326583862,19316,19326,10
13.0441398621,80.2324676514,19326,19336,10
13.0431995392,80.2323379517,19336,19347,11
13.0424203873,80.2323379517,19347,19357,10
13.0417299271,80.2322616577,19357,19367,10
13.0409202576,80.2320632935,19367,19377,10
13.0400695801,80.2317886353,19377,19387,10
13.0391597748,80.2315292358,19387,19397,10
13.0382003784,80.2312393188,19397,19407,10
13.0372600555,80.23097229,19407,19417,10
13.0367498398,80.2307662964,19417,19427,10
13.0362300873,80.2306289673,19427,19437,10
13.0354795456,80.2304229736,19437,19448,11
13.0347204208,80.2303314209,19448,19458,10
13.0340900421,80.2304534912,19458,19478,20
13.0340900421,80.2304534912,19478,19488,10
13.0338001251,80.23046875,19488,19498,10
13.0333595276,80.2304992676,19498,19508,10
13.0324296951,80.2305831909,19508,19518,10
13.0315103531,80.2306671143,19518,19527,9
13.0308599472,80.2307434082,19527,19538,11
13.029999733,80.230796814,19538,19549,11
13.0293397903,80.2309036255,19549,19559,10
13.0285997391,80.23097229,19559,19569,10
13.0279302597,80.2310409546,19569,19579,10
13.027680397,80.231262207,19579,19589,10
13.0277395248,80.2317428589,19589,19598,9
13.0278396606,80.2323608398,19598,19609,11
13.0276699066,80.2328414917,19609,19619,10
13.0270700455,80.2329406738,19619,19629,10
13.0269002914,80.2329788208,19629,19640,11
13.0266599655,80.2330093384,19640,19650,10
13.0264396667,80.2327804565,19650,19660,10
13.0262298584,80.2322311401,19660,19670,10
13.02602005,80.2314300537,19670,19680,10
13.0256900787,80.23046875,19680,19690,10
13.0250396729,80.2295074463,19690,19700,10
13.0244197845,80.2287063599,19700,19710,10
13.0240898132,80.2283935547,19710,19720,10
13.0240001678,80.2282791138,19720,19730,10
13.023730278,80.2279434204,19730,19741,11
13.0233297348,80.2275390625,19741,19751,10
13.0228595734,80.227142334,19751,19761,10
13.0222797394,80.226600647,19761,19771,10
13.0215597153,80.226020813,19771,19781,10
13.0207195282,80.2253494263,19781,19791,10
13.0197896957,80.2247161865,19791,19801,10
13.0186700821,80.2245635986,19801,19811,10
13.0175695419,80.2250213623,19811,19821,10
13.0167398453,80.2253570557,19821,19831,10
13.0163402557,80.225402832,19831,19842,11
13.0158700943,80.2256393433,19842,19852,10
13.0151796341,80.2259368896,19852,19862,10
13.0145301819,80.2262115479,19862,19872,10
13.0144500732,80.2262420654,19872,19882,10
13.0142498016,80.2262878418,19882,19892,10
13.013759613,80.2264862061,19892,19902,10
13.0130500793,80.2267684937,19902,19912,10
13.012169838,80.2271194458,19912,19922,10
13.0112104416,80.2275085449,19922,19932,10
13.0101699829,80.2279281616,19932,19943,11
13.0091896057,80.2285232544,19943,19953,10
13.0089998245,80.2295303345,19953,19963,10
13.0087604523,80.2306976318,19963,19973,10
13.0085201263,80.231918335,19973,19983,10
13.0083198547,80.2331008911,19983,19993,10
13.0081796646,80.2338562012,19993,20003,10
13.0080299377,80.2345428467,20003,20013,10
13.0078601837,80.2354278564,20013,20023,10
13.0076799393,80.2362823486,20023,20033,10
13.0074796677,80.2372817993,20033,20044,11
13.0072698593,80.2384033203,20044,20054,10
13.0071001053,80.2392425537,20054,20064,10
13.0069303513,80.2401733398,20064,20074,10
13.0068597794,80.2406997681,20074,20084,10
13.0068101883,80.2408599854,20084,20094,10
13.0067501068,80.2413482666,20094,20104,10
13.0067300797,80.2421035767,20104,20114,10
13.0067195892,80.2431182861,20114,20124,10
13.0067195892,80.244178772,20124,20134,10
13.0067195892,80.2453384399,20134,20145,11
13.0067796707,80.2464828491,20145,20155,10
13.0067796707,80.2474822998,20155,20165,10
13.0067901611,80.2485275269,20165,20175,10
13.0068101883,80.2493896484,20175,20184,9
13.006819725,80.2501373291,20184,20195,11
13.0068397522,80.2510299683,20195,20205,10
13.0066995621,80.2519378662,20205,20215,10
13.0065698624,80.2530136108,20215,20225,10
13.0065803528,80.2539825439,20225,20235,10
13.0066404343,80.2550201416,20235,20246,11
13.0066299438,80.2552337646,20246,20256,10
13.0066404343,80.2557220459,20256,20266,10
13.0066404343,80.2564468384,20266,20276,10
13.0066604614,80.257232666,20276,20286,10
13.0062999725,80.257522583,20286,20296,10
13.0055303574,80.2573623657,20296,20306,10
13.0046195984,80.2571487427,20306,20316,10
13.0036201477,80.2569503784,20316,20326,10
13.0026702881,80.2567596436,20326,20336,10
13.0016698837,80.2565994263,20336,20347,11
13.0005998611,80.2564315796,20347,20357,10
12.9996204376,80.2562713623,20357,20367,10
12.9988203049,80.2561416626,20367,20377,10
12.9986801147,80.2561035156,20377,20387,10
12.998290062,80.2559967041,20387,20397,10
12.9979400635,80.2559585571,20397,20407,10
12.9976797104,80.2559509277,20407,20417,10
12.9971904755,80.2559204102,20417,20427,10
12.9967603683,80.2558898926,20427,20437,10
12.9961996078,80.2558898926,20437,20448,11
12.9953403473,80.255897522,20448,20458,10
12.9945697784,80.2559280396,20458,20468,10
12.9938898087,80.2560119629,20468,20478,10
12.9930400848,80.2560577393,20478,20488,10
12.9920501709,80.256072998,20488,20498,10
12.9911403656,80.2560424805,20498,20508,10
12.9902601242,80.2560119629,20508,20518,10
12.9893903732,80.2559814453,20518,20528,10
12.9885702133,80.2559509277,20528,20538,10
12.9883699417,80.2559509277,20538,20549,11
12.9878997803,80.2558822632,20549,20559,10
12.9876298904,80.2562026978,20559,20569,10
12.9875402451,80.2568664551,20569,20579,10
12.9874801636,80.2577285767,20579,20589,10
12.9874095917,80.2586517334,20589,20599,10
12.9873504639,80.2593002319,20599,20751,152
12.9873504639,80.2593002319,20751,20761,10
12.9873104095,80.2595062256,20761,20771,10
12.987159729,80.2595825195,20771,20781,10
12.9871301651,80.2595825195,20781,20791,10
12.9869403839,80.2595291138,20791,20801,10
12.9867200851,80.2594985962,20801,20811,10
12.9866399765,80.2592697144,20811,20872,61
12.9869298935,80.2590332031,20872,21741,869
12.9869298935,80.2590332031,21741,21751,10
12.9871702194,80.2591171265,21751,21761,10
12.9873199463,80.2591018677,21761,21771,10
12.9873895645,80.258972168,21771,21781,10
12.9874401093,80.2586212158,21781,21791,10
12.9874401093,80.2581329346,21791,21801,10
12.9874801636,80.2574996948,21801,21811,10
12.9875497818,80.256690979,21811,21821,10
12.9876003265,80.2559280396,21821,21832,11
12.9879999161,80.2557830811,21832,21842,10
12.9885997772,80.255859375,21842,21852,10
12.9892997742,80.2559204102,21852,21862,10
12.9899501801,80.2559585571,21862,21872,10
12.9904603958,80.2559280396,21872,21882,10
12.9910297394,80.2559814453,21882,21892,10
12.991809845,80.2559814453,21892,21902,10
12.9927597046,80.2559967041,21902,21912,10
12.9936199188,80.2559509277,21912,21922,10
12.9944400787,80.2558898926,21922,21933,11
12.9952898026,80.2558517456,21933,21943,10
12.9960603714,80.2558288574,21943,21953,10
12.996720314,80.2558288574,21953,21963,10
12.9971103668,80.255859375,21963,21973,10
12.9975700378,80.2558822632,21973,21983,10
12.9981203079,80.2559204102,21983,21993,10
12.9986896515,80.2560119629,21993,22013,20
12.9986896515,80.2560119629,22013,22023,10
12.9989004135,80.2560501099,22023,22034,11
12.9994602203,80.2561264038,22034,22044,10
13.0001497269,80.2562637329,22044,22054,10
13.0010099411,80.2564163208,22054,22064,10
13.0018701553,80.2565612793,22064,22074,10
13.0026903152,80.2566986084,22074,22084,10
13.0034599304,80.2568511963,22084,22094,10
13.0043096542,80.2570114136,22094,22104,10
13.0051002502,80.2571563721,22104,22114,10
13.0059299469,80.2573165894,22114,22124,10
13.0065402985,80.2572021484,22124,22135,11
13.0065002441,80.2564468384,22135,22145,10
13.0064897537,80.2555084229,22145,22155,10
13.0065002441,80.2544631958,22155,22165,10
13.0065097809,80.2534637451,22165,22175,10
13.0065097809,80.2525024414,22175,22185,10
13.0066099167,80.251739502,22185,22195,10
13.0067195892,80.2511062622,22195,22205,10
13.0067396164,80.2502593994,22205,22215,10
13.0067501068,80.2491989136,22215,22225,10
13.0066795349,80.2481613159,22225,22236,11
13.0066604614,80.2472686768,22236,22246,10
13.0065803528,80.24659729,22246,22256,10
13.0066299438,80.2464370728,22256,22266,10
13.0066404343,80.2459869385,22266,22276,10
13.0066699982,80.2453231812,22276,22286,10
13.0066604614,80.2444534302,22286,22296,10
13.0066099167,80.2434768677,22296,22306,10
13.0065698624,80.2423782349,22306,22316,10
13.0065803528,80.2413635254,22316,22326,10
13.0067396164,80.2401809692,22326,22337,11
13.0069198608,80.2392120361,22337,22347,10
13.0071802139,80.23802948,22347,22357,10
13.0073003769,80.2372894287,22357,22367,10
13.0077199936,80.2355117798,22367,22377,10
13.0077199936,80.2355117798,22377,22387,10
13.007900238,80.2345581055,22387,22397,10
13.008099556,80.2334899902,22397,22407,10
13.0083398819,80.2322692871,22407,22417,10
13.0085802078,80.23097229,22417,22427,10
13.0088396072,80.2296524048,22427,22441,14
13.009180069,80.2282180786,22441,22451,10
13.0097904205,80.2267608643,22451,22461,10
13.0102996826,80.2256622314,22461,22471,10
13.010720253,80.2247619629,22471,22481,10
13.0111398697,80.2236709595,22481,22491,10
13.0116195679,80.2225036621,22491,22501,10
13.0122098923,80.221496582,22501,22511,10
13.0125398636,80.2218017578,22511,22521,10
13.0129899979,80.222366333,22521,22531,10
13.0136003494,80.2230300903,22531,22542,11
13.014289856,80.2238006592,22542,22552,10
13.0149402618,80.2245635986,22552,22562,10
13.0157403946,80.2252426147,22562,22572,10
13.0168399811,80.225189209,22572,22582,10
13.0180101395,80.2247314453,22582,22592,10
13.0190896988,80.2243728638,22592,22602,10
13.019659996,80.2244567871,22602,22612,10
13.0201997757,80.224861145,22612,22622,10
13.0207500458,80.2252578735,22622,22632,10
13.0211601257,80.2255783081,22632,22643,11
13.0214099884,80.225769043,22643,22653,10
13.0217695236,80.2259597778,22653,22663,10
13.0219898224,80.2261276245,22663,22673,10
13.0220899582,80.2262573242,22673,22683,10
13.0225000381,80.2266387939,22683,22693,10
13.0230903625,80.2271881104,22693,22703,10
13.0238199234,80.2278671265,22703,22713,10
13.024479866,80.2286834717,22713,22723,10
13.0251998901,80.2296066284,22723,22734,11
13.0258598328,80.230682373,22734,22744,10
13.0260400772,80.2313079834,22744,22754,10
13.0264396667,80.231262207,22754,22764,10
13.0271196365,80.2311096191,22764,22774,10
13.0277299881,80.23097229,22774,22784,10
13.0284004211,80.2308578491,22784,22794,10
13.0290899277,80.2307662964,22794,22804,10
13.0295200348,80.2307434082,22804,22814,10
13.0301704407,80.2306900024,22814,22824,10
13.0307197571,80.2306671143,22824,22835,11
13.0313196182,80.2306213379,22835,22845,10
13.0319004059,80.2305831909,22845,22855,10
13.0326700211,80.230506897,22855,22865,10
13.0333499908,80.2304382324,22865,22875,10
13.033949852,80.2304000854,22875,22885,10
13.0343704224,80.2304000854,22885,22895,10
13.0345201492,80.2303695679,22895,22905,10
13.0348596573,80.2303237915,22905,22915,10
13.0349502563,80.2307281494,22915,22925,10
13.0348596573,80.2314071655,22925,22936,11
13.0347499847,80.2322692871,22936,22946,10
13.0346603394,80.2331619263,22946,22956,10
13.0345602036,80.2338485718,22956,22966,10
13.0344400406,80.2347183228,22966,22976,10
13.0343198776,80.2358016968,22976,22986,10
13.0341796875,80.2368774414,22986,22996,10
13.0343198776,80.2374267578,22996,23006,10
13.0344800949,80.2377090454,23006,23016,10
13.0347700119,80.2383117676,23016,23026,10
13.0352802277,80.2390975952,23026,23037,11
13.0360403061,80.239402771,23037,23047,10
13.0370197296,80.2394866943,23047,23057,10
13.0380001068,80.2396087646,23057,23067,10
13.0389299393,80.2397384644,23067,23076,9
13.039850235,80.2398300171,23076,23087,11
13.0403499603,80.2401123047,23087,23097,10
13.0406303406,80.2405090332,23097,23108,11
13.0412101746,80.2405700684,23108,23117,9
13.0420198441,80.2406768799,23117,23128,11
13.0428199768,80.2408218384,23128,23139,11
13.0440502167,80.2408065796,23139,23149,10
13.0448503494,80.2403335571,23149,23159,10
13.0456495285,80.2398529053,23159,23169,10
13.046330452,80.2395401001,23169,23179,10
13.0469799042,80.239692688,23179,23189,10
13.0477800369,80.2398529053,23189,23199,10
13.0485801697,80.2400131226,23199,23209,10
13.0489797592,80.2400665283,23209,23219,10
13.0495996475,80.2402114868,23219,23229,10
13.0501804352,80.2403182983,23229,23240,11
13.0510997772,80.2405014038,23240,23250,10
13.0518598557,80.2406921387,23250,23260,10
13.0524501801,80.2410736084,23260,23270,10
13.0527896881,80.2417068481,23270,23280,10
13.053440094,80.2420120239,23280,23290,10
13.0539999008,80.2422180176,23290,23300,10
13.054019928,80.2422180176,23300,23310,10
13.0545396805,80.2422790527,23310,23320,10
13.0552196503,80.2421875,23320,23330,10
13.0566596985,80.2425689697,23330,23341,11
13.0566596985,80.2425689697,23341,23351,10
13.0571498871,80.242767334,23351,23361,10
13.0577898026,80.2427062988,23361,23371,10
13.058549881,80.2425994873,23371,23381,10
13.0591402054,80.2424621582,23381,23391,10
13.0597696304,80.2426376343,23391,23401,10
13.060549736,80.2428970337,23401,23411,10
13.0612297058,80.2431106567,23411,23421,10
13.0619802475,80.2432403564,23421,23431,10
13.0624399185,80.2433319092,23431,23442,11
13.0627298355,80.2433700562,23442,23452,10
13.0633401871,80.2434463501,23452,23462,10
13.0642795563,80.2435073853,23462,23472,10
13.065079689,80.2435073853,23472,23482,10
13.0659999847,80.2433624268,23482,23492,10
13.0669698715,80.243057251,23492,23502,10
13.0678396225,80.2427215576,23502,23512,10
13.0689001083,80.2423324585,23512,23532,20
13.0689001083,80.2423324585,23532,23543,11
13.0693798065,80.2422103882,23543,23553,10
13.0698699951,80.2420425415,23553,23563,10
13.0705699921,80.241859436,23563,23573,10
13.0713500977,80.241607666,23573,23583,10
13.0721797943,80.2411804199,23583,23593,10
13.0729198456,80.2407989502,23593,23603,10
13.0736904144,80.2405929565,23603,23613,10
13.074640274,80.2404785156,23613,23623,10
13.0757198334,80.240447998,23623,23633,10
13.0767202377,80.2405319214,23633,23644,11
13.0771598816,80.2402572632,23644,23654,10
13.0770702362,80.2396011353,23654,23664,10
13.0768098831,80.2387619019,23664,23674,10
13.0766201019,80.2380599976,23674,23684,10
13.0765199661,80.237411499,23684,23694,10
13.0764799118,80.2372436523,23694,23704,10
13.0763902664,80.2369537354,23704,23714,10
13.0762701035,80.2363204956,23714,23724,10
13.0761499405,80.2354812622,23724,23734,10
13.0759496689,80.2345733643,23734,23745,11
13.0759401321,80.2338180542,23745,23755,10
13.0765304565,80.2337036133,23755,23765,10
13.0773096085,80.2335662842,23765,23775,10
13.0783004761,80.233543396,23775,23785,10
13.0792598724,80.2334899902,23785,23795,10
13.0799798965,80.2334823608,23795,23805,10
13.0807695389,80.2334594727,23805,23814,9
13.0813999176,80.2334899902,23814,23825,11
13.0819702148,80.2334365845,23825,23836,11
13.0820598602,80.2329483032,23836,23846,10
13.0822000504,80.2322235107,23846,23856,10
13.0824699402,80.2313766479,23856,23865,9
13.0827302933,80.2307510376,23865,23876,11
13.0831203461,80.2308807373,23876,23886,10
13.0831699371,80.2315673828,23886,23896,10
13.0832395554,80.232460022,23896,23906,10
13.0833797455,80.2333374023,23906,23916,10
13.0837001801,80.2338485718,23916,23926,10
13.0840902328,80.2339782715,23926,23937,11
13.0845899582,80.2341690063,23937,23947,10
13.0853996277,80.2343521118,23947,23957,10
13.0863304138,80.2344894409,23957,23967,10
13.0871696472,80.2345581055,23967,23977,10
13.087849617,80.2343215942,23977,23987,10
13.0879898071,80.2337188721,23987,23997,10
13.088139534,80.2329101563,23997,24007,10
13.088350296,80.2320632935,24007,24017,10
13.0885400772,80.2314300537,24017,24027,10
13.088549614,80.231300354,24027,24038,11
13.0887002945,80.2309570313,24038,24048,10
13.0888900757,80.230506897,24048,24058,10
13.0890102386,80.2303085327,24058,24068,10
13.0892095566,80.2298583984,24068,24078,10
13.0896501541,80.2292175293,24078,24088,10
13.0902700424,80.228553772,24088,24098,10
13.0909404755,80.2278213501,24098,24108,10
13.0916099548,80.2271194458,24108,24118,10
13.0923299789,80.226348877,24118,24128,10
13.0931196213,80.2255477905,24128,24139,11
13.0938396454,80.2247619629,24139,24149,10
13.0944404602,80.2239532471,24149,24159,10
13.0948600769,80.223197937,24159,24169,10
13.095459938,80.2218704224,24169,24179,10
13.0958795547,80.220703125,24179,24189,10
13.0962696075,80.219619751,24189,24199,10
13.096570015,80.2187728882,24199,24208,9
13.0968704224,80.2179031372,24208,24219,11
13.0971298218,80.2171783447,24219,24229,10
13.0974998474,80.2162094116,24229,24240,11
13.097869873,80.2153015137,24240,24250,10
13.0982198715,80.2145004272,24250,24260,10
13.0984601974,80.2140426636,24260,24270,10
13.098859787,80.2141113281,24270,24280,10
13.0993795395,80.214302063,24280,24290,10
13.0997896194,80.2144012451,24290,24300,10
13.1000795364,80.2144699097,24300,24310,10
13.1001796722,80.2145004272,24310,24320,10
13.1004800797,80.2145767212,24320,24330,10
13.1004896164,80.2145767212,24330,24341,11
13.1005401611,80.21459198,24341,24351,10
13.1005496979,80.2148666382,24351,24361,10
13.1003198624,80.2154388428,24361,24371,10
13.1000900269,80.2159805298,24371,24381,10
13.0999202728,80.215927124,24381,24391,10
13.1000003815,80.2156982422,24391,24401,10
13.1002197266,80.2152175903,24401,24977,576
13.1002197266,80.2152175903,24977,24987,10
13.100279808,80.2149810791,24987,24997,10
13.1002397537,80.2147598267,24997,26078,1081
13.1002597809,80.2145614624,26078,26897,819
13.1002597809,80.2145614624,26897,26907,10
13.1000795364,80.2144775391,26907,26917,10
13.099820137,80.2144165039,26917,26927,10
13.0993499756,80.2143096924,26927,26937,10
13.0988702774,80.2141418457,26937,26947,10
13.0984401703,80.2142105103,26947,26957,10
13.0981798172,80.2147979736,26957,26967,10
13.0978803635,80.2154769897,26967,26977,10
13.0975704193,80.2162628174,26977,26987,10
13.0973901749,80.2167510986,26987,26998,11
13.097319603,80.2169418335,26998,27008,10
13.097120285,80.2174606323,27008,27018,10
13.0968503952,80.2181930542,27018,27028,10
13.0965795517,80.219039917,27028,27038,10
13.0962295532,80.2200164795,27038,27048,10
13.0958795547,80.2210388184,27048,27058,10
13.0955400467,80.2220611572,27058,27068,10
13.0952301025,80.2229385376,27068,27078,10
13.0945501328,80.2241134644,27078,27087,9
13.0938501358,80.2250213623,27087,27099,12
13.0928602219,80.2261734009,27099,27109,10
13.0919399261,80.2270431519,27109,27119,10
13.0913896561,80.2276382446,27119,27129,10
13.0912904739,80.2276992798,27129,27139,10
13.0910396576,80.2278823853,27139,27149,10
13.0906896591,80.2282714844,27149,27159,10
13.0901699066,80.2288513184,27159,27169,10
13.0895595551,80.2295837402,27169,27179,10
13.0892095566,80.2301712036,27179,27189,10
13.0890903473,80.2304229736,27189,27200,11
13.0888595581,80.2309265137,27200,27220,20
13.0888595581,80.2309265137,27220,27230,10
13.0887203217,80.2312393188,27230,27240,10
13.08852005,80.2318572998,27240,27250,10
13.0882701874,80.2327194214,27250,27260,10
13.0881004333,80.2336502075,27260,27270,10
13.0879402161,80.2343826294,27270,27280,10
13.087100029,80.2345504761,27280,27290,10
13.0862798691,80.2344589233,27290,27301,11
13.0853500366,80.2342529297,27301,27311,10
13.0847196579,80.2341003418,27311,27321,10
13.0843095779,80.2340087891,27321,27331,10
13.0836801529,80.23387146,27331,27341,10
13.0830602646,80.2337875366,27341,27351,10
13.0825500488,80.2336502075,27351,27361,10
13.0825099945,80.2336502075,27361,27371,10
13.0823497772,80.2335968018,27371,27381,10
13.0818500519,80.2335510254,27381,27391,10
13.0811195374,80.233543396,27391,27402,11
13.0803499222,80.2334899902,27402,27412,10
13.0796298981,80.2335205078,27412,27422,10
13.0788402557,80.233581543,27422,27432,10
13.0780601501,80.233543396,27432,27442,10
13.0773601532,80.2335968018,27442,27452,10
13.0767498016,80.2337265015,27452,27462,10
13.076210022,80.2337875366,27462,27472,10
13.0761604309,80.2337722778,27472,27482,10
13.0759296417,80.2338790894,27482,27492,10
13.0759401321,80.2342910767,27492,27503,11
13.0761098862,80.2349777222,27503,27513,10
13.0762796402,80.235786438,27513,27523,10
13.0764102936,80.2366714478,27523,27533,10
13.0765695572,80.2372817993,27533,27543,10
13.0766000748,80.2375183105,27543,27573,30
13.0766000748,80.2375183105,27573,27583,10
13.0765800476,80.2375411987,27583,27593,10
13.0766801834,80.2378997803,27593,27604,11
13.0768098831,80.238571167,27604,27614,10
13.0769500732,80.2391967773,27614,27624,10
13.0771398544,80.2399520874,27624,27634,10
13.0772399902,80.2404174805,27634,27644,10
13.0772895813,80.2405929565,27644,27654,10
13.0774002075,80.2410430908,27654,27664,10
13.0774402618,80.2414474487,27664,27674,10
13.0775995255,80.2420501709,27674,27684,10
13.077750206,80.2428588867,27684,27694,10
13.077870369,80.2437896729,27694,27705,11
13.07791996,80.2448196411,27705,27715,10
13.0780000687,80.2458572388,27715,27725,10
13.0782003403,80.2470397949,27725,27735,10
13.0784196854,80.2481994629,27735,27745,10
13.0786504745,80.2491531372,27745,27755,10
13.0787696838,80.25,27755,27765,10
13.0785398483,80.2507629395,27765,27775,10
13.078619957,80.2514877319,27775,27785,10
13.077340126,80.2518386841,27785,27795,10
13.077340126,80.2518386841,27795,27806,11
13.0764503479,80.2520523071,27806,27816,10
13.0753602982,80.2521591187,27816,27826,10
13.0745897293,80.2522125244,27826,27836,10
13.0738296509,80.2524185181,27836,27846,10
13.0730104446,80.2523880005,27846,27859,13
13.0723400116,80.252166748,27859,27869,10
13.0720901489,80.2511062622,27869,27879,10
13.0717897415,80.2503128052,27879,27889,10
13.0715503693,80.2494888306,27889,27900,11
13.0712995529,80.2482223511,27900,27910,10
13.0709199905,80.2471923828,27910,27920,10
13.0704298019,80.2462310791,27920,27930,10
13.070019722,80.2453384399,27930,27940,10
13.0695800781,80.2440872192,27940,27950,10
13.0693798065,80.2434921265,27950,27960,10
13.0693597794,80.2434387207,27960,27970,10
13.0693397522,80.243347168,27970,27980,10
13.0692501068,80.2429962158,27980,27990,10
13.0690603256,80.2425537109,27990,28001,11
13.0684700012,80.2425765991,28001,28011,10
13.0678300858,80.242767334,28011,28021,10
13.0672397614,80.2429962158,28021,28031,10
13.0668897629,80.2431564331,28031,28041,10
13.0664796829,80.243347168,28041,28051,10
13.066160202,80.2437896729,28051,28061,10
13.0662097931,80.2443695068,28061,28071,10
13.0663900375,80.2453536987,28071,28080,9
13.0668096542,80.2460021973,28080,28091,11
13.0678901672,80.246673584,28091,28112,21
13.0678901672,80.246673584,28112,28122,10
13.0679397583,80.2469863892,28122,28132,10
13.0678901672,80.2475967407,28132,28142,10
13.0672998428,80.2478027344,28142,28152,10
13.0664396286,80.2478179932,28152,28162,10
13.065369606,80.2477493286,28162,28172,10
13.0642499924,80.2476501465,28172,28182,10
13.0631904602,80.2475967407,28182,28192,10
13.0622501373,80.2476272583,28192,28203,11
13.0614595413,80.2472000122,28203,28213,10
13.0615901947,80.2467880249,28213,28223,10
13.0618200302,80.2462615967,28223,28233,10
13.06208992,80.2453689575,28233,28243,10
13.0631799698,80.2442626953,28243,28263,20
13.0631799698,80.2442626953,28263,28273,10
13.0633897781,80.2440032959,28273,28283,10
13.0633897781,80.243522644,28283,28294,11
13.0628004074,80.2434005737,28294,28304,10
13.0622596741,80.2432785034,28304,28314,10
13.0615701675,80.2431793213,28314,28324,10
13.0609798431,80.2429885864,28324,28334,10
13.0602703094,80.2427597046,28334,28344,10
13.0596103668,80.2425384521,28344,28354,10
13.0588798523,80.2425384521,28354,28364,10
13.0581197739,80.2427368164,28364,28374,10
13.0572795868,80.2428283691,28374,28384,10
13.0565500259,80.2426681519,28384,28395,11
13.0558004379,80.2423095703,28395,28405,10
13.055100441,80.2423629761,28405,28415,10
13.0542097092,80.2423629761,28415,28425,10
13.0537004471,80.2422332764,28425,28435,10
13.0536804199,80.2422332764,28435,28445,10
13.0533399582,80.2420196533,28445,28455,10
13.0528402328,80.241859436,28455,28496,41
13.0528402328,80.241859436,28496,28506,10
13.0525598526,80.2416687012,28506,28516,10
13.0522403717,80.2412109375,28516,28526,10
13.0520000458,80.2408218384,28526,28536,10
13.0516004562,80.2406234741,28536,28546,10
13.0510702133,80.2405395508,28546,28556,10
13.050330162,80.2404174805,28556,28566,10
13.049779892,80.240272522,28566,28576,10
13.0492296219,80.2401275635,28576,28586,10
13.0486001968,80.2400436401,28586,28596,10
13.0478496552,80.2398834229,28596,28607,11
13.0470399857,80.2397232056,28607,28617,10
13.0463895798,80.2395629883,28617,28626,9
13.0462799072,80.2393569946,28626,28637,11
13.0463895798,80.238899231,28637,28647,10
13.0465202332,80.2381362915,28647,28657,10
13.0466804504,80.2372817993,28657,28667,10
13.0468597412,80.2364120483,28667,28678,11
13.0469703674,80.2360076904,28678,28688,10
13.0470199585,80.2356796265,28688,28699,11
13.0471000671,80.2351989746,28699,28709,10
13.0471696854,80.2345275879,28709,28719,10
13.0472698212,80.2336578369,28719,28729,10
13.0473098755,80.2331924438,28729,28739,10
13.0471897125,80.233001709,28739,28749,10
13.0467996597,80.2329788208,28749,28759,10
13.046090126,80.2327880859,28759,28769,10
13.0453500748,80.2325973511,28769,28789,20
13.0453500748,80.2325973511,28789,28800,11
13.0449199677,80.2325210571,28800,28810,10
13.0442199707,80.2323684692,28810,28820,10
13.0434598923,80.2322463989,28820,28830,10
13.0428600311,80.2322463989,28830,28840,10
13.0423803329,80.2322692871,28840,28850,10
13.0418596268,80.2322387695,28850,28860,10
13.041179657,80.2320632935,28860,28870,10
13.0403604507,80.2317428589,28870,28880,10
13.039440155,80.2315063477,28880,28890,10
13.0384902954,80.2312469482,28890,28901,11
13.0373497009,80.2309188843,28901,28911,10
13.0368099213,80.230758667,28911,28921,10
13.0363302231,80.2305831909,28921,28931,10
13.0356302261,80.2303619385,28931,28941,10
13.0348796844,80.2302703857,28941,28951,10
13.0343599319,80.2304000854,28951,28961,10
13.0342302322,80.2304077148,28961,28971,10
13.0340499878,80.2304077148,28971,28981,10
13.0336503983,80.2303771973,28981,28991,10
13.0335197449,80.2303771973,28991,29002,11
13.033370018,80.2304000854,29002,29012,10
13.0328397751,80.2304992676,29012,29022,10
13.0320901871,80.2305297852,29022,29032,10
13.0312204361,80.2306365967,29032,29042,10
13.0304298401,80.2307128906,29042,29052,10
13.0297498703,80.2307815552,29052,29062,10
13.0293598175,80.2308425903,29062,29072,10
13.0285196304,80.2309036255,29072,29082,10
13.0278196335,80.2310333252,29082,29092,10
13.0277004242,80.2313232422,29092,29103,11
13.0277500153,80.2319564819,29103,29113,10
13.0278501511,80.2326278687,29113,29123,10
13.0270395279,80.2329483032,29123,29143,20
13.0270395279,80.2329483032,29143,29153,10
13.0266799927,80.232963562,29153,29163,10
13.0263996124,80.2326812744,29163,29173,10
13.0261802673,80.2320709229,29173,29183,10
13.0259799957,80.2313537598,29183,29193,10
13.0256795883,80.2305374146,29193,29204,11
13.0250797272,80.229637146,29204,29214,10
13.0245199203,80.2288970947,29214,29224,10
13.0240898132,80.2284011841,29224,29234,10
13.0240602493,80.2283706665,29234,29244,10
13.0238704681,80.2281188965,29244,29254,10
13.0235204697,80.2277374268,29254,29264,10
13.0230398178,80.2272415161,29264,29274,10
13.0224399567,80.2266693115,29274,29284,10
13.0217895508,80.2261276245,29284,29294,10
13.0211296082,80.2256164551,29294,29305,11
13.0200395584,80.224861145,29305,29325,20
13.0200395584,80.224861145,29325,29335,10
13.0200004578,80.2248001099,29335,29345,10
13.0196304321,80.224571228,29345,29355,10
13.0188903809,80.2244491577,29355,29365,10
13.017999649,80.2247924805,29365,29375,10
13.0170097351,80.2251968384,29375,29385,10
13.016169548,80.2255401611,29385,29395,10
13.0153999329,80.2258071899,29395,29406,11
13.0144996643,80.2261199951,29406,29416,10
13.0138597488,80.2264022827,29416,29426,10
13.0130796432,80.2267227173,29426,29436,10
13.012140274,80.2270965576,29436,29446,10
13.0112199783,80.2274627686,29446,29456,10
13.0102701187,80.227897644,29456,29466,10
13.0093097687,80.2283172607,29466,29476,10
13.0090503693,80.2291870117,29476,29486,10
13.0088701248,80.2301177979,29486,29496,10
13.0086803436,80.2310791016,29496,29507,11
13.0084896088,80.2321472168,29507,29517,10
13.0083599091,80.2328872681,29517,29530,13
13.0082597733,80.233581543,29530,29540,10
13.0081996918,80.2337417603,29540,29550,10
13.0081300735,80.2339096069,29550,29560,10
13.0080795288,80.2342529297,29560,29570,10
13.0080404282,80.2344436646,29570,29580,10
13.0079402924,80.2349777222,29580,29590,10
13.0078001022,80.235710144,29590,29600,10
13.0076303482,80.2365875244,29600,29611,11
13.0074501038,80.2375335693,29611,29620,9
13.0072898865,80.2384033203,29620,29631,11
13.0071401596,80.2390899658,29631,29641,10
13.0069799423,80.2397232056,29641,29651,10
13.0068702698,80.2403411865,29651,29661,10
13.0067996979,80.2409591675,29661,29671,10
13.0067996979,80.2410202026,29671,29681,10
13.006770134,80.2413406372,29681,29691,10
13.0067501068,80.2419967651,29691,29701,10
13.0067396164,80.2428283691,29701,29711,10
13.0067100525,80.2437286377,29711,29722,11
13.0067195892,80.2449874878,29722,29732,10
13.0067501068,80.2459106445,29732,29742,10
13.0067501068,80.2466964722,29742,29752,10
13.0067596436,80.246963501,29752,29762,10
13.0067501068,80.2473983765,29762,29772,10
13.0067396164,80.2479095459,29772,29782,10
13.006770134,80.2489624023,29782,29792,10
13.006819725,80.2500534058,29792,29803,11
13.0068302155,80.250869751,29803,29813,10
13.0068302155,80.2513809204,29813,29823,10
13.0066699982,80.2519989014,29823,29833,10
13.0065698624,80.2528991699,29833,29844,11
13.0065603256,80.2539291382,29844,29853,9
13.0066003799,80.2546463013,29853,29864,11
13.0065898895,80.2550430298,29864,29874,10
13.0066003799,80.2551574707,29874,29884,10
13.0066099167,80.2555999756,29884,29894,10
13.0066204071,80.2562713623,29894,29905,11
13.0066299438,80.2569198608,29905,29945,40
13.0066299438,80.2569198608,29945,29956,11
13.0066604614,80.2572937012,29956,29966,10
13.006360054,80.25756073,29966,29975,9
13.0058202744,80.2574081421,29975,29986,11
13.0052099228,80.2572631836,29986,29996,10
13.0043001175,80.2570419312,29996,30007,11
13.0034704208,80.2568664551,30007,30017,10
13.002699852,80.2567367554,30017,30027,10
13.0021495819,80.2566299438,30027,30037,10
13.0020999908,80.2566223145,30037,30047,10
13.0017900467,80.2565994263,30047,30057,10
13.001159668,80.2565078735,30057,30067,10
13.0003595352,80.256362915,30067,30077,10
12.9999198914,80.2562637329,30077,30087,10
12.9998903275,80.2562789917,30087,30097,10
12.9995498657,80.2562179565,30097,30108,11
12.9988603592,80.2560806274,30108,30128,20
12.9988603592,80.2560806274,30128,30138,10
12.9988002777,80.2560577393,30138,30148,10
12.9984302521,80.2560119629,30148,30158,10
12.9982795715,80.2559661865,30158,30168,10
12.9980697632,80.2559280396,30168,30178,10
12.9970998764,80.2559127808,30178,30209,31
12.9970998764,80.2559127808,30209,30219,10
12.9968395233,80.2558364868,30219,30229,10
12.9963598251,80.2558670044,30229,30239,10
12.9955596924,80.255859375,30239,30249,10
12.9946298599,80.2558822632,30249,30259,10
12.9938201904,80.2559814453,30259,30269,10
12.9924297333,80.256072998,30269,30279,10
12.991350174,80.2560424805,30279,30289,10
12.9903097153,80.2559967041,30289,30298,9
12.9893798828,80.2559204102,30298,30310,12
12.9884796143,80.2559204102,30310,30320,10
12.9883203506,80.255897522,30320,30330,10
12.9878501892,80.2557983398,30330,30340,10
12.9876298904,80.256401062,30340,30350,10
12.9875402451,80.2572174072,30350,30360,10
12.9874601364,80.2582168579,30360,30370,10
12.9873504639,80.2591705322,30370,30380,10
12.9872303009,80.2595367432,30380,30390,10
12.9872303009,80.259552002,30390,30400,10
12.9870700836,80.2595977783,30400,30411,11
12.9868602753,80.2595214844,30411,30421,10
12.9866399765,80.2593231201,30421,30431,10
12.9866399765,80.2592773438,30431,30441,10
12.9866104126,80.259147644,30441,30491,50
12.9866104126,80.259147644,30491,30502,11
12.986989975,80.2591094971,30502,30532,30
12.9873600006,80.2590332031,30532,30542,10
12.9873600006,80.2590332031,30542,30552,10
12.9873895645,80.2588195801,30552,30562,10
12.9874095917,80.2585372925,30562,30572,10
12.9874095917,80.2582626343,30572,30582,10
12.9874200821,80.2581329346,30582,30592,10
12.9874401093,80.2578964233,30592,30605,13
12.9874696732,80.2572631836,30605,30615,10
12.9875297546,80.2564620972,30615,30675,60
12.9876403809,80.2562408447,30675,30736,61
12.9876403809,80.2562408447,30736,30746,10
12.9875497818,80.2560501099,30746,30756,10
12.9875602722,80.2559280396,30756,30766,10
12.9877996445,80.2557678223,30766,30776,10
12.9883298874,80.255859375,30776,30786,10
12.9887800217,80.2559280396,30786,30796,10
12.9890098572,80.2559280396,30796,30807,11
12.9892396927,80.2559432983,30807,30817,10
12.9898195267,80.2559814453,30817,30827,10
12.9905796051,80.2559585571,30827,30837,10
12.9914398193,80.2560424805,30837,30847,10
12.9924097061,80.256072998,30847,30857,10
12.9934501648,80.2560119629,30857,30867,10
12.9945697784,80.2559509277,30867,30877,10
12.9958000183,80.2558898926,30877,30918,41
12.9958000183,80.2558898926,30918,30928,10
12.9959402084,80.2558364868,30928,30938,10
12.9963197708,80.2558288574,30938,30948,10
12.9968795776,80.255821228,30948,30958,10
12.9973297119,80.2558517456,30958,30968,10
12.9978199005,80.2558822632,30968,30978,10
12.9980697632,80.2559204102,30978,30988,10
12.9988203049,80.2560195923,30988,31009,21
12.9988203049,80.2560195923,31009,31019,10
12.9990100861,80.2560577393,31019,31049,30
12.9990100861,80.2560577393,31049,31059,10
12.9991703033,80.2560882568,31059,31069,10
12.9996299744,80.2561798096,31069,31079,10
13.0002698898,80.2563171387,31079,31089,10
13.0008201599,80.256401062,31089,31100,11
13.0011997223,80.2564697266,31100,31110,10
13.0015201569,80.2565307617,31110,31120,10
13.0019702911,80.2565917969,31120,31130,10
13.0025596619,80.2566986084,31130,31140,10
13.0030002594,80.2567825317,31140,31150,10
13.0036096573,80.2568893433,31150,31160,10
13.0042600632,80.2570037842,31160,31170,10
13.0049200058,80.2571411133,31170,31180,10
13.0057697296,80.2572937012,31180,31190,10
13.0063896179,80.2574081421,31190,31211,21
13.0063896179,80.2574081421,31211,31221,10
13.0065498352,80.2572631836,31221,31231,10
13.0065002441,80.2568969727,31231,31241,10
13.0065002441,80.2561569214,31241,31251,10
13.0065002441,80.2552871704,31251,31261,10
13.0065002441,80.2543411255,31261,31271,10
13.0064897537,80.25340271,31271,31281,10
13.0064897537,80.2531585693,31281,31291,10
13.0065002441,80.2528991699,31291,31302,11
13.0065498352,80.2521972656,31302,31332,30
13.0065498352,80.2521972656,31332,31342,10
13.0065898895,80.2520828247,31342,31352,10
13.0066795349,80.251663208,31352,31362,10
13.0067396164,80.2509765625,31362,31372,10
13.0067501068,80.2500762939,31372,31382,10
13.0066795349,80.2488327026,31382,31413,31
13.0066795349,80.2488327026,31413,31423,10
13.0066900253,80.248550415,31423,31433,10
13.0066699982,80.2481689453,31433,31443,10
13.006649971,80.247833252,31443,31483,40
13.0065202713,80.2478027344,31483,31584,101
13.0065202713,80.2478027344,31584,31594,10
13.0066995621,80.2474212646,31594,31605,11
13.0066099167,80.2467269897,31605,31625,20
13.0066099167,80.2467269897,31625,31635,10
13.0066003799,80.2465667725,31635,31645,10
13.0066404343,80.2461700439,31645,31655,10
13.0066404343,80.2455215454,31655,31665,10
13.0066404343,80.2447891235,31665,31675,10
13.0066404343,80.244178772,31675,31685,10
13.0066204071,80.2438430786,31685,31695,10
13.0065898895,80.2434310913,31695,31706,11
13.0065898895,80.2428970337,31706,31716,10
13.0065898895,80.2422866821,31716,31726,10
13.0066099167,80.2409210205,31726,31736,10
13.0066099167,80.2409210205,31736,31746,10
13.0066900253,80.2404937744,31746,31756,10
13.0067195892,80.2401580811,31756,31766,10
13.0068302155,80.2397079468,31766,31776,10
13.0069799423,80.2388763428,31776,31786,10
13.0071897507,80.2379837036,31786,31799,13
13.007399559,80.2371368408,31799,31809,10
13.0074300766,80.236656189,31809,31820,11
13.0074901581,80.2365188599,31820,31830,10
13.0075998306,80.2361373901,31830,31840,10
13.0078496933,80.2348937988,31840,31850,10
13.0078496933,80.2348937988,31850,31860,10
13.008020401,80.2341537476,31860,31870,10
13.0081796646,80.233253479,31870,31880,10
13.0083999634,80.2321472168,31880,31890,10
13.0086297989,80.2309799194,31890,31900,10
13.0088500977,80.2298278809,31900,31911,11
13.0090398788,80.2287368774,31911,31921,10
13.0093803406,80.2276916504,31921,31931,10
13.0098896027,80.2266235352,31931,31941,10
13.0103502274,80.2257003784,31941,31951,10
13.0105600357,80.2252731323,31951,31962,11
13.0106697083,80.2250366211,31962,31972,10
13.0109195709,80.2244033813,31972,31982,10
13.0113296509,80.2235107422,31982,32004,22
13.0113296509,80.2235107422,32004,32014,10
13.0114603043,80.2232589722,32014,32023,9
13.011639595,80.2227706909,32023,32034,11
13.0118703842,80.2219314575,32034,32044,10
13.0122699738,80.2214508057,32044,32054,10
13.0124597549,80.2216796875,32054,32064,10
13.0127401352,80.2221832275,32064,32074,10
13.0132198334,80.2226409912,32074,32084,10
13.0138101578,80.2232589722,32084,32094,10
13.0142803192,80.2238235474,32094,32105,11
13.0149402618,80.2244567871,32105,32115,10
13.0152797699,80.224822998,32115,32135,20
13.0152797699,80.224822998,32135,32145,10
13.01541996,80.224937439,32145,32155,10
13.0157804489,80.2252197266,32155,32165,10
13.016500473,80.2253189087,32165,32175,10
13.0172996521,80.2250137329,32175,32185,10
13.0181999207,80.2246398926,32185,32195,10
13.0191698074,80.2243728638,32195,32206,11
13.0197401047,80.2245635986,32206,32226,20
13.0197401047,80.2245635986,32226,32236,10
13.0198497772,80.2246780396,32236,32246,10
13.0201702118,80.2248764038,32246,32256,10
13.0206804276,80.2252197266,32256,32266,10
13.0213003159,80.2256774902,32266,32276,10
13.0220298767,80.2261581421,32276,32296,20
13.0220298767,80.2261581421,32296,32307,11
13.0222597122,80.2263870239,32307,32317,10
13.022600174,80.2267227173,32317,32327,10
13.0230703354,80.2271194458,32327,32337,10
13.0233201981,80.2273788452,32337,32347,10
13.023730278,80.2276611328,32347,32387,40
13.023730278,80.2276611328,32387,32397,10
13.0239200592,80.227897644,32397,32408,11
13.0241003036,80.2281265259,32408,32418,10
13.0242900848,80.2283401489,32418,32428,10
13.0245304108,80.2286834717,32428,32438,10
13.0247297287,80.2289581299,32438,32448,10
13.0248699188,80.2291564941,32448,32458,10
13.0249700546,80.229309082,32458,32468,10
13.0252199173,80.2296218872,32468,32478,10
13.0256700516,80.23021698,32478,32549,71
13.0256700516,80.23021698,32549,32559,10
13.0258703232,80.2306594849,32559,32569,10
13.0259895325,80.2309875488,32569,32579,10
13.0260601044,80.2313232422,32579,32589,10
13.0264196396,80.2312698364,32589,32599,10
13.0271396637,80.2311096191,32599,32610,11
13.0278501511,80.2309570313,32610,32620,10
13.0285997391,80.2308883667,32620,32630,10
13.0293798447,80.2308120728,32630,32670,40
13.0293798447,80.2308120728,32670,32679,9
13.0296096802,80.2307815552,32679,32690,11
13.0300798416,80.2307434082,32690,32701,11
13.0308904648,80.230682373,32701,32711,10
13.0315704346,80.2306289673,32711,32721,10
13.0323495865,80.2305526733,32721,32731,10
13.033200264,80.2304763794,32731,32741,10
13.0338802338,80.230430603,32741,32751,10
13.0343904495,80.2303771973,32751,32812,61
13.0343904495,80.2303771973,32812,32822,10
13.0348100662,80.2303237915,32822,32852,30
13.0348100662,80.2303237915,32852,32862,10
13.0350103378,80.2304000854,32862,32872,10
13.0349998474,80.2306365967,32872,32882,10
13.0349597931,80.2309875488,32882,32892,10
13.0348901749,80.2314834595,32892,32903,11
13.0348300934,80.232208252,32903,32913,10
13.0346803665,80.232963562,32913,32923,10
13.0346403122,80.2333831787,32923,32933,10
13.0345697403,80.2340011597,32933,32943,10
13.0344600677,80.2348327637,32943,32953,10
13.0343503952,80.2357177734,32953,32963,10
13.0342597961,80.2364807129,32963,32972,9
13.0342197418,80.237159729,32972,33034,62
13.0342197418,80.237159729,33034,33044,10
13.0343103409,80.2374801636,33044,33054,10
13.0344896317,80.2378921509,33054,33064,10
13.0347795486,80.2383880615,33064,33074,10
13.0351600647,80.238899231,33074,33084,10
13.0354204178,80.2392196655,33084,33094,10
13.035949707,80.2393493652,33094,33105,11
13.0368404388,80.2394332886,33105,33115,10
13.0375995636,80.2395172119,33115,33125,10
13.0383501053,80.2396087646,33125,33135,10
13.0391397476,80.239730835,33135,33145,10
13.039899826,80.2398223877,33145,33155,10
13.0402402878,80.2398605347,33155,33165,10
13.0403795242,80.2399520874,33165,33175,10
13.0404100418,80.2403564453,33175,33185,10
13.0409002304,80.2405166626,33185,33195,10
13.0411500931,80.2405319214,33195,33206,11
13.0413599014,80.2405471802,33206,33216,10
13.0418796539,80.2406311035,33216,33226,10
13.0426101685,80.240737915,33226,33236,10
13.0434703827,80.2408676147,33236,33246,10
13.043970108,80.2409362793,33246,33256,10
13.0442800522,80.2407913208,33256,33266,10
13.0447397232,80.2404174805,33266,33276,10
13.0453796387,80.240020752,33276,33286,10
13.0457801819,80.2397537231,33286,33296,10
13.0461301804,80.2395324707,33296,33307,11
13.0465297699,80.2395782471,33307,33317,10
13.046620369,80.2395706177,33317,33327,10
13.0470504761,80.2396774292,33327,33337,10
13.0477600098,80.2398300171,33337,33347,10
13.0485601425,80.2399978638,33347,33357,10
13.0491304398,80.2400970459,33357,33367,10
13.0495100021,80.2401733398,33367,33377,10
13.0496501923,80.2402191162,33377,33387,10
13.0500202179,80.2403030396,33387,33397,10
13.0506801605,80.2404098511,33397,33408,11
13.0515203476,80.2405776978,33408,33418,10
13.0523004532,80.2407684326,33418,33559,141
13.0523004532,80.2407684326,33559,33569,10
13.0525503159,80.2409896851,33569,33579,10
13.0525999069,80.2412719727,33579,33589,10
13.0526695251,80.2415008545,33589,33600,11
13.0530796051,80.2417831421,33600,33610,10
13.0536804199,80.2420883179,33610,33620,10
13.0541696548,80.2422180176,33620,33630,10
13.0541801453,80.2422180176,33630,33640,10
13.0543403625,80.2422714233,33640,33650,10
13.0548000336,80.2423019409,33650,33660,10
13.055439949,80.2422180176,33660,33670,10
13.0562095642,80.2423782349,33670,33680,10
13.056810379,80.2425613403,33680,33690,10
13.0573797226,80.2427597046,33690,33701,11
13.0580301285,80.2427062988,33701,33711,10
13.0585002899,80.2426071167,33711,33721,10
13.0589704514,80.2425384521,33721,33731,10
13.0592699051,80.2424621582,33731,33741,10
13.0597200394,80.2425537109,33741,33751,10
13.0600795746,80.2426986694,33751,33761,10
13.0603904724,80.2428131104,33761,33771,10
13.0608997345,80.242980957,33771,33781,10
13.0614995956,80.2431182861,33781,33791,10
13.0625600815,80.2432937622,33791,33812,21
13.0625600815,80.2432937622,33812,33822,10
13.0627803802,80.2433395386,33822,33832,10
13.0632400513,80.2434463501,33832,33842,10
13.0637702942,80.2434921265,33842,33852,10
13.0641403198,80.2434921265,33852,33862,10
13.0647201538,80.2434997559,33862,33872,10
13.0656299591,80.2434768677,33872,33913,41
13.0656299591,80.2434768677,33913,33923,10
13.0658397675,80.2434387207,33923,34004,81
13.0658397675,80.2434387207,34004,34014,10
13.065990448,80.2435302734,34014,34024,10
13.0663604736,80.2434005737,34024,34034,10
13.0669298172,80.2431564331,34034,34044,10
13.0676498413,80.2428207397,34044,34054,10
13.068479538,80.2425765991,34054,34064,10
13.0690002441,80.2423477173,34064,34074,10
13.0691299438,80.2422714233,34074,34084,10
13.0692501068,80.2422180176,34084,34094,10
13.0694999695,80.2421875,34094,34105,11
13.0699901581,80.2420501709,34105,34115,10
13.0700597763,80.2420272827,34115,34125,10
13.0702199936,80.2419967651,34125,34135,10
13.0707302094,80.2418670654,34135,34145,10
13.0713300705,80.2416534424,34145,34155,10
13.0720596313,80.2412414551,34155,34165,10
13.0727901459,80.2408294678,34165,34175,10
13.0735197067,80.2406234741,34175,34185,10
13.0743598938,80.2404785156,34185,34195,10
13.075340271,80.240447998,34195,34210,15
13.0763597488,80.2404632568,34210,34220,10
13.0770301819,80.2405471802,34220,34230,10
13.0772304535,80.240272522,34230,34240,10
13.0771598816,80.2396774292,34240,34250,10
13.0769195557,80.2388763428,34250,34260,10
13.0766897202,80.2380981445,34260,34270,10
13.0765895844,80.2377166748,34270,34280,10
13.0763301849,80.2368774414,34280,34311,31
13.0763301849,80.2368774414,34311,34321,10
13.0762901306,80.2365722656,34321,34331,10
13.0762195587,80.2359771729,34331,34341,10
13.0761499405,80.2355194092,34341,34351,10
13.0760402679,80.234916687,34351,34361,10
13.0758600235,80.234161377,34361,34413,52
13.0758600235,80.234161377,34413,34422,9
13.0758695602,80.2339706421,34422,34433,11
13.0762996674,80.2337799072,34433,34443,10
13.0769796371,80.2336730957,34443,34453,10
13.0778102875,80.2335586548,34453,34463,10
13.0786504745,80.2335128784,34463,34473,10
13.0795001984,80.2334823608,34473,34483,10
13.0801200867,80.2334823608,34483,34493,10
13.0803203583,80.2334823608,34493,34504,11
13.0806102753,80.2334899902,34504,34514,10
13.0811901093,80.2334899902,34514,34524,10
13.0818595886,80.2335205078,34524,34534,10
13.0820302963,80.2331466675,34534,34544,10
13.0821399689,80.2324829102,34544,34554,10
13.0823097229,80.2317123413,34554,34564,10
13.0825500488,80.231086731,34564,34574,10
13.0830001831,80.2307434082,34574,34584,10
13.0830898285,80.2311782837,34584,34594,10
13.0831403732,80.231918335,34594,34605,11
13.0832700729,80.2326889038,34605,34615,10
13.0833597183,80.2331390381,34615,34625,10
13.0834798813,80.233581543,34625,34635,10
13.0840396881,80.2338867188,34635,34655,20
13.0840396881,80.2338867188,34655,34665,10
13.0843496323,80.2339935303,34665,34675,10
13.0849399567,80.2341308594,34675,34685,10
13.0854997635,80.2342834473,34685,34695,10
13.0859899521,80.2343902588,34695,34706,11
13.0867204666,80.2344818115,34706,34716,10
13.0875797272,80.2344818115,34716,34726,10
13.0879201889,80.2338790894,34726,34736,10
13.0881004333,80.2330093384,34736,34746,10
13.088350296,80.2319869995,34746,34756,10
13.0886898041,80.2309799194,34756,34766,10
13.0888996124,80.230506897,34766,34776,10
13.0889701843,80.230430603,34776,34786,10
13.089099884,80.2300796509,34786,34796,10
13.0894002914,80.2295227051,34796,34807,11
13.0900096893,80.2288131714,34807,34817,10
13.0907001495,80.2280807495,34817,34827,10
13.0914497375,80.2272415161,34827,34847,20
13.0914497375,80.2272415161,34847,34857,10
13.0916996002,80.2269821167,34857,34867,10
13.0921497345,80.2265319824,34867,34877,10
13.0927200317,80.2259216309,34877,34887,10
13.0933704376,80.2252578735,34887,34897,10
13.0936603546,80.2249221802,34897,34908,11
13.0940599442,80.2243804932,34908,34918,10
13.0946798325,80.2236099243,34918,34928,10
13.0951299667,80.2227783203,34928,34938,10
13.0953102112,80.2223434448,34938,34948,10
13.095410347,80.2220916748,34948,34958,10
13.0955896378,80.2215194702,34958,34968,10
13.0958795547,80.2207183838,34968,34978,10
13.0962200165,80.2197799683,34978,34988,10
13.0963602066,80.219329834,34988,34998,10
13.0965003967,80.2190093994,34998,35009,11
13.0966596603,80.2185134888,35009,35019,10
13.0968799591,80.2178192139,35019,35029,10
13.0971899033,80.2169876099,35029,35039,10
13.097700119,80.2157592773,35039,35110,71
13.0977802277,80.2156219482,35110,35250,140
13.0977802277,80.2156219482,35250,35261,11
13.0979404449,80.2153701782,35261,35271,10
13.0982198715,80.2146835327,35271,35281,10
13.0984401703,80.2141571045,35281,35291,10
13.0988998413,80.2140884399,35291,35302,11
13.0994300842,80.2142562866,35302,35312,10
13.0997495651,80.2143630981,35312,35322,10
13.0999202728,80.2144088745,35322,35352,30
13.0999202728,80.2144088745,35352,35362,10
13.1001300812,80.2144775391,35362,35372,10
13.1004600525,80.21459198,35372,35473,101
13.1004600525,80.21459198,35473,35483,10
13.1006202698,80.214630127,35483,35493,10
13.1005401611,80.2149505615,35493,35504,11
13.1003198624,80.2155990601,35504,35514,10
13.1001195908,80.2159805298,35514,35524,10
13.100060463,80.2157592773,35524,35534,10
13.1001796722,80.2153930664,35534,35544,10
13.1002702713,80.2147064209,35544,35978,434
13.1002702713,80.2147064209,35978,35988,10
13.1002597809,80.2145233154,35988,35999,11
13.1001501083,80.2144775391,35999,36009,10
13.0998601913,80.2144165039,36009,36019,10
13.0994300842,80.214302063,36019,36029,10
13.0988302231,80.2141036987,36029,36039,10
13.0984201431,80.2142333984,36039,36049,10
13.0981702805,80.2148132324,36049,36059,10
13.0978803635,80.2155303955,36059,36069,10
13.0975799561,80.2163391113,36069,36079,10
13.0971899033,80.217300415,36079,36089,10
13.0967998505,80.2183532715,36089,36100,11
13.0965499878,80.2191162109,36100,36110,10
13.0963001251,80.2198028564,36110,36120,10
13.0959997177,80.2206268311,36120,36130,10
13.0958499908,80.2211074829,36130,36140,10
13.0956001282,80.2218704224,36140,36150,10
13.0953998566,80.2225799561,36150,36160,10
13.0951404572,80.2231826782,36160,36170,10
13.0944499969,80.2241821289,36170,36180,10
13.0939998627,80.2247695923,36180,36190,10
13.0935497284,80.2253112793,36190,36201,11
13.0928897858,80.2259597778,36201,36211,10
13.0922803879,80.2266616821,36211,36221,10
13.0917196274,80.2272262573,36221,36231,10
13.0914096832,80.2275314331,36231,36241,10
13.0912799835,80.2276611328,36241,36251,10
13.0912103653,80.2276611328,36251,36261,10
13.0909204483,80.2279815674,36261,36271,10
13.0904798508,80.2285003662,36271,36281,10
13.0899896622,80.2290802002,36281,36291,10
13.0894002914,80.2298736572,36291,36302,11
13.0891895294,80.2302322388,36302,36312,10
13.0890197754,80.2305984497,36312,36322,10
13.0888996124,80.2308807373,36322,36332,10
13.0888299942,80.2309570313,36332,36342,10
13.0887899399,80.231086731,36342,36352,10
13.0886802673,80.2312927246,36352,36362,10
13.0885801315,80.2316818237,36362,36372,10
13.0883903503,80.2323226929,36372,36382,10
13.0882196426,80.2330093384,36382,36392,10
13.0881204605,80.2334823608,36392,36403,11
13.0880699158,80.2340927124,36403,36413,10
13.0874996185,80.2345199585,36413,36423,10
13.0867595673,80.2345123291,36423,36433,10
13.0860795975,80.2343978882,36433,36443,10
13.0854196548,80.2342376709,36443,36453,10
13.0850296021,80.2341384888,36453,36463,10
13.0846700668,80.234046936,36463,36473,10
13.0846099854,80.2340621948,36473,36483,10
13.0843496323,80.2340393066,36483,36494,11
13.0839195251,80.2339401245,36494,36504,10
13.0833797455,80.2338104248,36504,36514,10
13.0829296112,80.2337493896,36514,36524,10
13.0823802948,80.2336425781,36524,36544,20
13.0823802948,80.2336425781,36544,36554,10
13.0820503235,80.2335586548,36554,36564,10
13.081489563,80.233581543,36564,36574,10
13.0806598663,80.2334899902,36574,36584,10
13.0799598694,80.2334823608,36584,36595,11
13.0790596008,80.2334823608,36595,36605,10
13.0783004761,80.233543396,36605,36615,10
13.0775098801,80.2336425781,36615,36625,10
13.0767002106,80.2337493896,36625,36635,10
13.076089859,80.2338180542,36635,36645,10
13.0759496689,80.2341995239,36645,36655,10
13.0760402679,80.2347106934,36655,36665,10
13.0762300491,80.2355804443,36665,36675,10
13.0763597488,80.236328125,36675,36685,10
13.07654953,80.2372589111,36685,36706,21
13.07654953,80.2372589111,36706,36716,10
13.0766201019,80.2375564575,36716,36726,10
13.0767202377,80.2381591797,36726,36736,10
13.0768499374,80.2387619019,36736,36746,10
13.0770397186,80.2395324707,36746,36756,10
13.0772399902,80.2401580811,36756,36766,10
13.0773200989,80.2405395508,36766,36775,9
13.0773801804,80.240852356,36775,36786,11
13.0774402618,80.2411193848,36786,36797,11
13.0775403976,80.2417831421,36797,36807,10
13.0776996613,80.2425231934,36807,36817,10
13.0778102875,80.2434387207,36817,36827,10
13.0778598785,80.243927002,36827,36837,10
13.0778102875,80.2440414429,36837,36847,10
13.0778102875,80.2443771362,36847,36857,10
13.0778799057,80.2449111938,36857,36867,10
13.0779399872,80.2455825806,36867,36877,10
13.0779895782,80.2463531494,36877,36887,10
13.0781002045,80.2470397949,36887,36898,11
13.0782699585,80.2479782104,36898,36908,10
13.0784797668,80.2488021851,36908,36918,10
13.0786504745,80.2494735718,36918,36928,10
13.0787296295,80.2499694824,36928,36938,10
13.0785198212,80.25050354,36938,36948,10
13.0785598755,80.2511520386,36948,36958,10
13.0785999298,80.2514038086,36958,36999,41
13.0785999298,80.2514038086,36999,37009,10
13.0782804489,80.2516784668,37009,37019,10
13.0779695511,80.2517471313,37019,37029,10
13.077249527,80.2518768311,37029,37039,10
13.0767202377,80.2519683838,37039,37049,10
13.0756998062,80.2521209717,37049,37059,10
13.0749797821,80.252166748,37059,37069,10
13.0742702484,80.2521896362,37069,37079,10
13.0737600327,80.2523574829,37079,37089,10
13.073220253,80.2523574829,37089,37100,11
13.072520256,80.2522735596,37100,37110,10
13.0721502304,80.2516937256,37110,37120,10
13.0720500946,80.2509307861,37120,37130,10
13.0717601776,80.2501602173,37130,37140,10
13.071559906,80.2493515015,37140,37151,11
13.0713596344,80.2482910156,37151,37160,9
13.0710201263,80.2473602295,37160,37171,11
13.0704803467,80.2462768555,37171,37181,10
13.0700397491,80.2453384399,37181,37191,10
13.0696201324,80.2441635132,37191,37202,11
13.069319725,80.2433776855,37202,37212,10
13.0692996979,80.2432937622,37212,37222,10
13.0692596436,80.2430114746,37222,37232,10
13.0690498352,80.2425384521,37232,37242,10
13.0686597824,80.2425231934,37242,37252,10
13.068189621,80.2426986694,37252,37262,10
13.0677404404,80.2428436279,37262,37272,10
13.0674295425,80.2429580688,37272,37282,10
13.0669698715,80.2431488037,37282,37313,31
13.0669698715,80.2431488037,37313,37323,10
13.0665302277,80.2432937622,37323,37333,10
13.0663795471,80.2433929443,37333,37343,10
13.0662097931,80.2435073853,37343,37353,10
13.066160202,80.2436599731,37353,37363,10
13.0661201477,80.2437973022,37363,37373,10
13.0661401749,80.2440872192,37373,37383,10
13.0661802292,80.2442398071,37383,37393,10
13.0662002563,80.2444076538,37393,37404,11
13.0662603378,80.244758606,37404,37414,10
13.0663003922,80.2450637817,37414,37424,10
13.0663700104,80.2454071045,37424,37434,10
13.0667600632,80.2459182739,37434,37444,10
13.0677700043,80.2464828491,37444,37464,20
13.0677700043,80.2464828491,37464,37474,10
13.0678195953,80.2465591431,37474,37484,10
13.067899704,80.2470397949,37484,37494,10
13.0678596497,80.2477111816,37494,37505,11
13.067440033,80.2478485107,37505,37515,10
13.066740036,80.2478408813,37515,37525,10
13.0659198761,80.2477874756,37525,37535,10
13.0649995804,80.2477264404,37535,37545,10
13.0640001297,80.2476577759,37545,37555,10
13.0631799698,80.2476196289,37555,37565,10
13.0623703003,80.2476196289,37565,37575,10
13.0617399216,80.2474517822,37575,37585,10
13.0613698959,80.2469863892,37585,37595,10
13.0615997314,80.246711731,37595,37606,11
13.061829567,80.2462005615,37606,37616,10
13.0620803833,80.2454681396,37616,37626,10
13.062620163,80.2449493408,37626,37636,10
13.0631799698,80.2443008423,37636,37656,20
13.0631799698,80.2443008423,37656,37666,10
13.0634002686,80.2439193726,37666,37676,10
13.0632696152,80.243522644,37676,37686,10
13.0627403259,80.2434082031,37686,37697,11
13.0621995926,80.2432937622,37697,37707,10
13.06153965,80.2431411743,37707,37717,10
13.0608501434,80.242980957,37717,37727,10
13.0600996017,80.2427368164,37727,37737,10
13.0593395233,80.2425384521,37737,37747,10
13.0587301254,80.2425918579,37747,37757,10
13.0581502914,80.2426986694,37757,37767,10
13.0577602386,80.2427368164,37767,37777,10
13.0571203232,80.242729187,37777,37787,10
13.0564002991,80.2425613403,37787,37797,10
13.0555696487,80.2422866821,37797,37810,13
13.0548601151,80.2423782349,37810,37820,10
13.0544395447,80.2423706055,37820,37830,10
13.0538196564,80.2422714233,37830,37840,10
13.0536403656,80.2421875,37840,37901,61
13.0536403656,80.2421875,37901,37911,10
13.053440094,80.2420501709,37911,37921,10
13.0531196594,80.2419662476,37921,37931,10
13.0525798798,80.2417373657,37931,37941,10
13.0522203445,80.2412033081,37941,37951,10
13.052069664,80.2409362793,37951,37961,10
13.0519695282,80.2407684326,37961,37971,10
13.051779747,80.2406768799,37971,37981,10
13.0514802933,80.2406234741,37981,37991,10
13.0514602661,80.2406082153,37991,38002,11
13.0511302948,80.2405776978,38002,38012,10
13.0508203506,80.2405090332,38012,38022,10
13.0502099991,80.2403869629,38022,38032,10
13.0497198105,80.2402572632,38032,38042,10
13.049200058,80.2401504517,38042,38052,10
13.0486402512,80.2400283813,38052,38062,10
13.0478496552,80.2398605347,38062,38072,10
13.0471096039,80.239730835,38072,38082,10
13.0466604233,80.2396392822,38082,38091,9
13.0464200974,80.2395935059,38091,38103,12
13.0462703705,80.2393493652,38103,38113,10
13.0463600159,80.2389373779,38113,38123,10
13.0464200974,80.2386016846,38123,38133,10
13.046500206,80.23828125,38133,38143,10
13.046620369,80.2377471924,38143,38153,10
13.0467100143,80.2369308472,38153,38163,10
13.0469799042,80.2359237671,38163,38183,20
13.0469799042,80.2359237671,38183,38193,10
13.0470695496,80.2354431152,38193,38204,11
13.0471401215,80.2347412109,38204,38214,10
13.0471897125,80.2338180542,38214,38224,10
13.0472402573,80.2331466675,38224,38234,10
13.0469198227,80.2330093384,38234,38244,10
13.0462903976,80.2328872681,38244,38254,10
13.045630455,80.2327575684,38254,38264,10
13.0454998016,80.2327194214,38264,38274,10
13.0453395844,80.232673645,38274,38284,10
13.0449895859,80.2325973511,38284,38294,10
13.0446500778,80.2325286865,38294,38305,11
13.043970108,80.2324295044,38305,38315,10
13.043299675,80.2323379517,38315,38325,10
13.0427799225,80.2323226929,38325,38335,10
13.0422296524,80.2323226929,38335,38345,10
13.041560173,80.2322006226,38345,38355,10
13.0407400131,80.2319412231,38355,38365,10
13.0398101807,80.2316589355,38365,38375,10
13.0388698578,80.2314300537,38375,38385,10
13.0378198624,80.2311096191,38385,38395,10
13.0369701385,80.230796814,38395,38406,11
13.0366401672,80.2307281494,38406,38416,10
13.0360002518,80.2305297852,38416,38426,10
13.0353803635,80.2303695679,38426,38466,40
13.0353803635,80.2303695679,38466,38476,10
13.0352697372,80.2302780151,38476,38486,10
13.0349798203,80.2302703857,38486,38497,11
13.0344200134,80.2303619385,38497,38507,10
13.0336303711,80.23046875,38507,38527,20
13.0336303711,80.23046875,38527,38537,10
13.0331697464,80.230506897,38537,38547,10
13.0324897766,80.2305603027,38547,38557,10
13.0316495895,80.2306518555,38557,38567,10
13.0309495926,80.23072052,38567,38577,10
13.0306901932,80.2307434082,38577,38587,10
13.0302495956,80.2307815552,38587,38598,11
13.0296697617,80.2308197021,38598,38608,10
13.0290899277,80.2308807373,38608,38618,10
13.0282897949,80.2309875488,38618,38628,10
13.0277299881,80.2310562134,38628,38638,10
13.0277004242,80.2313690186,38638,38678,40
13.0277004242,80.2313690186,38678,38688,10
13.0276899338,80.2314300537,38688,38699,11
13.027680397,80.2315292358,38699,38712,13
13.0277204514,80.2317810059,38712,38722,10
13.027759552,80.2320709229,38722,38732,10
13.0277996063,80.2322998047,38732,38742,10
13.0278596878,80.2325668335,38742,38752,10
13.0277004242,80.2327728271,38752,38762,10
13.02684021,80.2329177856,38762,38924,162
13.02684021,80.2329177856,38924,38934,10
13.0267496109,80.2330932617,38934,38974,40
13.0267496109,80.2330932617,38974,38984,10
13.0264701843,80.232963562,38984,38995,11
13.0262498856,80.232460022,38995,39005,10
13.026049614,80.2317199707,39005,39015,10
13.0258398056,80.2309036255,39015,39025,10
13.0254001617,80.2301025391,39025,39035,10
13.0246400833,80.2290420532,39035,39075,40
13.0246400833,80.2290420532,39075,39085,10
13.0244102478,80.2287368774,39085,39096,11
13.0239896774,80.2282562256,39096,39106,10
13.0238895416,80.2281417847,39106,39116,10
13.023639679,80.2278594971,39116,39126,10
13.0231704712,80.2274169922,39126,39136,10
13.0226202011,80.2268676758,39136,39146,10
13.0219297409,80.2262496948,39146,39156,10
13.0211696625,80.2256622314,39156,39166,10
13.020409584,80.2251205444,39166,39176,10
13.0195798874,80.2245788574,39176,39186,10
13.0185203552,80.2245788574,39186,39197,11
13.0179595947,80.224822998,39197,39207,10
13.0177602768,80.2249069214,39207,39217,10
13.0176401138,80.2249603271,39217,39227,10
13.0174503326,80.2250137329,39227,39237,10
13.0171899796,80.2251281738,39237,39247,10
13.0165100098,80.225440979,39247,39277,30
13.0165100098,80.225440979,39277,39287,10
13.0163497925,80.2255020142,39287,39298,11
13.0160503387,80.2255935669,39298,39308,10
13.0156898499,80.2257003784,39308,39318,10
13.0150499344,80.2259368896,39318,39328,10
13.0143203735,80.2262496948,39328,39338,10
13.0141000748,80.2263565063,39338,39348,10
13.0139904022,80.2263870239,39348,39358,10
13.0135698318,80.2265396118,39358,39368,10
13.0130300522,80.2267074585,39368,39378,10
13.0123100281,80.2269821167,39378,39388,10
13.0105800629,80.2276382446,39388,39399,11
13.0105800629,80.2276382446,39399,39409,10
13.0097999573,80.2279968262,39409,39419,10
13.0092000961,80.2284393311,39419,39429,10
13.0090398788,80.2291793823,39429,39439,10
13.0088596344,80.2300872803,39439,39449,10
13.0087404251,80.2307815552,39449,39459,10
13.0086698532,80.2311401367,39459,39469,10
13.0086202621,80.2313690186,39469,39479,10
13.0085601807,80.2316665649,39479,39511,32
13.0085000992,80.2320175171,39511,39531,20
13.0085000992,80.2320175171,39531,39541,10
13.0084400177,80.2323913574,39541,39551,10
13.0083799362,80.2327194214,39551,39561,10
13.0083503723,80.2328262329,39561,39571,10
13.0083198547,80.233001709,39571,39581,10
13.0082702637,80.2333679199,39581,39592,11
13.0082197189,80.2336120605,39592,39603,11
13.0081195831,80.2339630127,39603,39613,10
13.0080299377,80.2344589233,39613,39623,10
13.0079603195,80.2348098755,39623,39643,20
13.0079603195,80.2348098755,39643,39653,10
13.0078802109,80.2351608276,39653,39663,10
13.0078802109,80.2351837158,39663,39673,10
13.0078296661,80.2354125977,39673,39683,10
13.0077896118,80.2356414795,39683,39696,13
13.0077199936,80.2359619141,39696,39737,41
13.0077199936,80.2359619141,39737,39748,11
13.0076704025,80.2362136841,39748,39758,10
13.007610321,80.2365188599,39758,39768,10
13.0075502396,80.2368392944,39768,39778,10
13.0074300766,80.2375183105,39778,39788,10
13.0073204041,80.2381973267,39788,39819,31
13.0073204041,80.2381973267,39819,39829,10
13.0072402954,80.2384872437,39829,39889,60
13.0071001053,80.2391433716,39889,39900,11
13.0071001053,80.2391433716,39900,39910,10
13.0069799423,80.2397613525,39910,39920,10
13.0068101883,80.240447998,39920,39930,10
13.0067996979,80.2406082153,39930,39940,10
13.0067501068,80.2409820557,39940,39950,10
13.0067195892,80.2416915894,39950,39960,10
13.0067501068,80.2425537109,39960,39970,10
13.0067501068,80.243057251,39970,39980,10
13.0067596436,80.2433013916,39980,39990,10
13.0067501068,80.243560791,39990,40001,11
13.0067396164,80.2436828613,40001,40011,10
13.0067100525,80.2439727783,40011,40021,10
13.0067100525,80.2439804077,40021,40031,10
13.0067195892,80.2441101074,40031,40041,10
13.0066995621,80.2443618774,40041,40049,8
13.0067195892,80.2446136475,40049,40061,12
13.0067501068,80.2451705933,40061,40071,10
13.0067796707,80.2457504272,40071,40082,11
13.0067901611,80.2464370728,40082,40093,11
13.0067396164,80.2473297119,40093,40103,10
13.0067501068,80.2480621338,40103,40113,10
13.0067996979,80.2490310669,40113,40123,10
13.0068302155,80.2501068115,40123,40133,10
13.0068597794,80.2509231567,40133,40153,20
13.0068597794,80.2509231567,40153,40163,10
13.0068502426,80.2511062622,40163,40173,10
13.0068302155,80.2513809204,40173,40183,10
13.0066900253,80.2519378662,40183,40194,11
13.0065803528,80.2526016235,40194,40204,10
13.0065803528,80.25340271,40204,40214,10
13.0066099167,80.2543182373,40214,40224,10
13.0066299438,80.2550888062,40224,40234,10
13.0066604614,80.2553100586,40234,40244,10
13.0066404343,80.2556610107,40244,40254,10
13.0066604614,80.2562484741,40254,40264,10
13.0066699982,80.2569580078,40264,40284,20
13.0066699982,80.2569580078,40284,40295,11
13.0066604614,80.2570800781,40295,40305,10
13.006649971,80.2574005127,40305,40315,10
13.0062503815,80.2575073242,40315,40325,10
13.0056600571,80.2573928833,40325,40335,10
13.0051202774,80.2572402954,40335,40345,10
13.0044403076,80.2571411133,40345,40355,10
13.0038499832,80.257019043,40355,40396,41
13.0038499832,80.257019043,40396,40406,10
13.003660202,80.2569274902,40406,40416,10
13.0034799576,80.2568969727,40416,40426,10
13.0032100677,80.2568664551,40426,40436,10
13.0029201508,80.2568206787,40436,40446,10
13.002699852,80.2567901611,40446,40456,10
13.0024204254,80.2567214966,40456,40466,10
13.0021400452,80.2566833496,40466,40517,51
13.0021400452,80.2566833496,40517,40527,10
13.0020999908,80.2566375732,40527,40537,10
13.0017404556,80.2565994263,40537,40547,10
13.0010795593,80.2565231323,40547,40557,10
13.0001001358,80.2563400269,40557,40577,20
13.0001001358,80.2563400269,40577,40587,10
12.9996595383,80.2562789917,40587,40598,11
12.99903965,80.2561569214,40598,40608,10
12.998459816,80.2561187744,40608,40618,10
12.9982204437,80.2560577393,40618,40628,10
12.9976997375,80.2559661865,40628,40658,30
12.9976997375,80.2559661865,40658,40668,10
12.9972696304,80.2559204102,40668,40678,10
12.9968700409,80.2559204102,40678,40689,11
12.9965000153,80.2559127808,40689,40699,10
12.9960002899,80.255897522,40699,40709,10
12.9955396652,80.255897522,40709,40719,10
12.9950799942,80.2558898926,40719,40729,10
12.9946403503,80.255859375,40729,40739,10
12.9940700531,80.2559509277,40739,40749,10
12.9932003021,80.2559967041,40749,40759,10
12.992190361,80.2560806274,40759,40769,10
12.9912395477,80.2560806274,40769,40779,10
12.9905796051,80.2560806274,40779,40790,11
12.9898500443,80.2560119629,40790,40800,10
12.9890899658,80.2559890747,40800,40810,10
12.9885196686,80.2559204102,40810,40820,10
12.9883403778,80.2559204102,40820,40830,10
12.9882097244,80.2558822632,40830,40891,61
12.9882097244,80.2558822632,40891,40901,10
12.987739563,80.2558364868,40901,40911,10
12.9876203537,80.2561798096,40911,40921,10
12.9876098633,80.2567901611,40921,40931,10
12.9875402451,80.2576065063,40931,40941,10
12.9874696732,80.2583389282,40941,40951,10
12.9874095917,80.2586975098,40951,40961,10
12.9874000549,80.2588272095,40961,40971,10
12.9873695374,80.2591018677,40971,40981,10
12.9872398376,80.2594985962,40981,40992,11
12.9872303009,80.2595062256,40992,41002,10
12.9870901108,80.2596282959,41002,41012,10
12.9870100021,80.2592773438,41012,41194,182
12.9870100021,80.2592773438,41194,41204,10
12.9873600006,80.2590637207,41204,41214,10
12.9873895645,80.2586364746,41214,41224,10
12.9874095917,80.2583465576,41224,41234,10
12.9874296188,80.2582168579,41234,41244,10
12.987449646,80.2579803467,41244,41254,10
12.9875097275,80.2574462891,41254,41264,10
12.9875602722,80.2568206787,41264,41274,10
12.9876003265,80.2559585571,41274,41407,133
12.9876003265,80.2559585571,41407,41417,10
12.9876003265,80.2558364868,41417,41427,10
12.9879598618,80.2557983398,41427,41437,10
12.9886598587,80.255897522,41437,41447,10
12.9888296127,80.2559204102,41447,41457,10
12.9891700745,80.2559432983,41457,41467,10
12.9898004532,80.2559585571,41467,41476,9
12.9904298782,80.2559661865,41476,41488,12
12.9910297394,80.2560119629,41488,41498,10
12.9917697906,80.2559967041,41498,41508,10
12.9928398132,80.2559967041,41508,41518,10
12.993639946,80.2559204102,41518,41528,10
12.9944400787,80.2558822632,41528,41538,10
12.9949302673,80.2558364868,41538,41548,10
12.9954204559,80.2558135986,41548,41629,81
12.9954204559,80.2558135986,41629,41639,10
12.9957895279,80.2559280396,41639,41649,10
12.9961900711,80.2559204102,41649,41659,10
12.9966802597,80.255859375,41659,41669,10
12.9969902039,80.255859375,41669,41679,10
12.997300148,80.255859375,41679,41690,11
12.9976196289,80.255859375,41690,41700,10
12.9981203079,80.2558898926,41700,41710,10
12.9984903336,80.2559432983,41710,41720,10
12.9985303879,80.2559509277,41720,41730,10
12.9987897873,80.2560501099,41730,41740,10
12.9993095398,80.2561264038,41740,41750,10
12.9998903275,80.2562637329,41750,41760,10
13.0005598068,80.2563400269,41760,41770,10
13.0012998581,80.2564697266,41770,41780,10
13.0018701553,80.2565994263,41780,41791,11
13.0022802353,80.256652832,41791,41801,10
13.0027503967,80.2567367554,41801,41811,10
13.0028800964,80.2567825317,41811,41821,10
13.0032701492,80.2568511963,41821,41831,10
13.0038604736,80.2569503784,41831,41841,10
13.004360199,80.2570495605,41841,41851,10
13.0049695969,80.2571411133,41851,41861,10
13.0055398941,80.2572479248,41861,41871,10
13.0060300827,80.25730896,41871,41881,10
13.0060596466,80.2573318481,41881,41892,11
13.0062303543,80.2574081421,41892,41902,10
13.0065202713,80.2573776245,41902,41912,10
13.0065202713,80.2568588257,41912,41922,10
13.006480217,80.256111145,41922,41932,10
13.0065002441,80.2553787231,41932,41941,9
13.0065202713,80.2546463013,41941,41952,11
13.006529808,80.2539672852,41952,41962,10
13.0065402985,80.2534484863,41962,41972,10
13.006529808,80.2533187866,41972,41982,10
13.0065402985,80.2530288696,41982,41993,11
13.0065498352,80.2524719238,41993,42023,30
13.0065498352,80.2524719238,42023,42033,10
13.0065898895,80.2523727417,42033,42043,10
13.0066604614,80.2519607544,42043,42053,10
13.0067501068,80.2512283325,42053,42063,10
13.0067396164,80.250289917,42063,42073,10
13.0067396164,80.2491378784,42073,42083,10
13.0066604614,80.2481384277,42083,42094,11
13.0066699982,80.2473983765,42094,42104,10
13.0066099167,80.2467727661,42104,42124,20
13.0066099167,80.2467727661,42124,42134,10
13.0066099167,80.2465515137,42134,42144,10
13.006649971,80.2460174561,42144,42154,10
13.006649971,80.2452163696,42154,42164,10
13.0066404343,80.2442016602,42164,42174,10
13.0066604614,80.2435073853,42174,42184,10
13.0066204071,80.2428665161,42184,42195,11
13.0066003799,80.2419128418,42195,42205,10
13.0066204071,80.2410202026,42205,42215,10
13.0067396164,80.240447998,42215,42225,10
13.0069599152,80.2397232056,42225,42235,10
13.0071001053,80.2388763428,42235,42245,10
13.0072603226,80.2379608154,42245,42255,10
13.0074195862,80.2372283936,42255,42265,10
13.0076999664,80.2357635498,42265,42275,10
13.0076999664,80.2357635498,42275,42285,10
13.0078802109,80.2348175049,42285,42296,11
13.0081195831,80.2336807251,42296,42306,10
13.0083599091,80.2324523926,42306,42316,10
13.0086297989,80.231086731,42316,42326,10
13.0088996887,80.2296676636,42326,42339,13
13.0092000961,80.2282791138,42339,42349,10
13.0098800659,80.2266616821,42349,42359,10
13.0104398727,80.225479126,42359,42369,10
13.0107898712,80.2247390747,42369,42379,10
13.0112695694,80.2235107422,42379,42400,21
13.0112695694,80.2235107422,42400,42410,10
13.0114097595,80.2231674194,42410,42420,10
13.0116796494,80.2224502563,42420,42431,11
13.0121498108,80.2216796875,42431,42440,9
13.0123996735,80.2216796875,42440,42451,11
13.0127801895,80.2221069336,42451,42461,10
13.0133600235,80.2225570679,42461,42471,10
13.0139503479,80.2231674194,42471,42481,10
13.0144195557,80.2237625122,42481,42492,11
13.0150203705,80.2245330811,42492,42502,10
13.0157403946,80.2251968384,42502,42512,10
13.0167703629,80.2252426147,42512,42522,10
13.0177402496,80.2248382568,42522,42532,10
13.0186595917,80.2244796753,42532,42542,10
13.0197095871,80.2245788574,42542,42572,30
13.0197095871,80.2245788574,42572,42582,10
13.0199804306,80.2248306274,42582,42593,11
13.0205602646,80.2252197266,42593,42603,10
13.0212497711,80.2257232666,42603,42613,10
13.0219402313,80.2261810303,42613,42623,10
13.0220499039,80.2262573242,42623,42633,10
13.0221595764,80.226348877,42633,42643,10
13.0225095749,80.2266464233,42643,42653,10
13.0230503082,80.2271270752,42653,42663,10
13.0236597061,80.2277069092,42663,42673,10
13.024189949,80.2282104492,42673,42683,10
13.0242795944,80.2283172607,42683,42694,11
13.0245599747,80.228729248,42694,42704,10
13.0249795914,80.2293014526,42704,42714,10
13.0254602432,80.2299499512,42714,42724,10
13.0258197784,80.2305603027,42724,42734,10
13.0259504318,80.2309875488,42734,42744,10
13.0259895325,80.2313079834,42744,42754,10
13.0264501572,80.2312774658,42754,42764,10
13.0271997452,80.231086731,42764,42774,10
13.0277900696,80.2309799194,42774,42784,10
13.0281095505,80.2309417725,42784,42795,11
13.028719902,80.2309036255,42795,42805,10
13.0293197632,80.2308425903,42805,42815,10
13.0297403336,80.230796814,42815,42825,10
13.0302400589,80.2307662964,42825,42835,10
13.0307197571,80.2307281494,42835,42845,10
13.0310401917,80.2307128906,42845,42855,10
13.0314702988,80.2306671143,42855,42865,10
13.0319099426,80.2306213379,42865,42874,9
13.0324802399,80.2305526733,42874,42885,11
13.0330095291,80.2305297852,42885,42896,11
13.0335702896,80.2304992676,42896,42906,10
13.0336799622,80.2304992676,42906,42916,10
13.0340595245,80.2304611206,42916,42926,10
13.0343198776,80.2304229736,42926,42936,10
13.0343799591,80.2304229736,42936,42946,10
13.034740448,80.2303695679,42946,42956,10
13.0349597931,80.2305984497,42956,42966,10
13.0348901749,80.2311401367,42966,42976,10
13.0348501205,80.2317504883,42976,42986,10
13.0347204208,80.232460022,42986,42997,11
13.0346298218,80.2333679199,42997,43007,10
13.0344295502,80.2341918945,43007,43017,10
13.0341901779,80.2351531982,43017,43027,10
13.0340995789,80.2362823486,43027,43037,10
13.034119606,80.2371368408,43037,43087,50
13.034119606,80.2371368408,43087,43098,11
13.0342597961,80.2374801636,43098,43108,10
13.0342798233,80.2375030518,43108,43118,10
13.0344495773,80.2376785278,43118,43128,10
13.0346899033,80.2379379272,43128,43138,10
13.0350503922,80.23853302,43138,43148,10
13.0354099274,80.2391433716,43148,43158,10
13.03565979,80.2393569946,43158,43168,10
13.0362195969,80.2394332886,43168,43178,10
13.0369796753,80.2395172119,43178,43188,10
13.0378103256,80.2396316528,43188,43199,11
13.038359642,80.2397003174,43199,43209,10
13.0390300751,80.2397766113,43209,43219,10
13.0398101807,80.2398834229,43219,43229,10
13.0402297974,80.2399368286,43229,43239,10
13.0403299332,80.2401885986,43239,43249,10
13.0406103134,80.2405166626,43249,43259,10
13.0411701202,80.2405929565,43259,43269,10
13.041179657,80.2405929565,43269,43279,10
13.0415096283,80.2406692505,43279,43289,10
13.0421600342,80.2407684326,43289,43300,11
13.0431404114,80.2408981323,43300,43310,10
13.0439996719,80.2409591675,43310,43320,10
13.0446901321,80.2404937744,43320,43360,40
13.0446901321,80.2404937744,43360,43370,10
13.0447797775,80.2404937744,43370,43380,10
13.0451402664,80.2402496338,43380,43391,11
13.0453996658,80.2400283813,43391,43401,10
13.0458602905,80.2396621704,43401,43411,10
13.0464696884,80.2396011353,43411,43421,10
13.0465202332,80.239616394,43421,43430,9
13.0468101501,80.2397003174,43430,43441,11
13.0474500656,80.2398376465,43441,43451,10
13.048210144,80.2400131226,43451,43461,10
13.0490598679,80.2401733398,43461,43471,10
13.0498199463,80.2403182983,43471,43481,10
13.0501403809,80.2403717041,43481,43492,11
13.0508003235,80.2405014038,43492,43502,10
13.0516004562,80.2406387329,43502,43512,10
13.0523099899,80.2408981323,43512,43522,10
13.0525598526,80.2414321899,43522,43532,10
13.053030014,80.2418136597,43532,43542,10
13.0537204742,80.2421417236,43542,43551,9
13.0540399551,80.2422180176,43551,43562,11
13.0541296005,80.2422485352,43562,43572,10
13.0546197891,80.2423095703,43572,43582,10
13.0552902222,80.2422180176,43582,43593,11
13.0560903549,80.2424163818,43593,43623,30
13.0560903549,80.2424163818,43623,43632,9
13.0562801361,80.2425384521,43632,43643,11
13.0565004349,80.2426528931,43643,43653,10
13.0568704605,80.2426605225,43653,43663,10
13.057299614,80.2428207397,43663,43683,20
13.057299614,80.2428207397,43683,43694,11
13.0577402115,80.2427368164,43694,43704,10
13.0582103729,80.2426300049,43704,43714,10
13.058719635,80.2425765991,43714,43724,10
13.058930397,80.2425384521,43724,43734,10
13.0593395233,80.2425079346,43734,43744,10
13.0600204468,80.2427215576,43744,43754,10
13.0603904724,80.2428512573,43754,43764,10
13.0607404709,80.2429580688,43764,43774,10
13.0610599518,80.2430725098,43774,43784,10
13.0613603592,80.2431335449,43784,43795,11
13.0624904633,80.2433166504,43795,43815,20
13.0624904633,80.2433166504,43815,43825,10
13.0627698898,80.2433776855,43825,43835,10
13.0634002686,80.2434997559,43835,43845,10
13.0638303757,80.243522644,43845,43855,10
13.0641899109,80.2435379028,43855,43865,10
13.0648603439,80.2435302734,43865,43875,10
13.0654802322,80.2435379028,43875,43885,10
13.0659198761,80.2434768677,43885,43926,41
13.0659198761,80.2434768677,43926,43936,10
13.0662899017,80.2433776855,43936,43946,10
13.066740036,80.2432098389,43946,43956,10
13.0673904419,80.2429199219,43956,43966,10
13.0682296753,80.2426376343,43966,43976,10
13.0691404343,80.2422866821,43976,43986,10
13.0698604584,80.2420730591,43986,43997,11
13.0699996948,80.2420425415,43997,44007,10
13.0702896118,80.2419967651,44007,44017,10
13.0708503723,80.2418136597,44017,44027,10
13.0715904236,80.2414932251,44027,44036,9
13.0722999573,80.2410812378,44036,44047,11
13.0731401443,80.240737915,44047,44057,10
13.0736303329,80.2406005859,44057,44067,10
13.0743198395,80.2404937744,44067,44077,10
13.0753097534,80.2404708862,44077,44087,10
13.0763597488,80.2404785156,44087,44098,11
13.0770196915,80.2405166626,44098,44108,10
13.0770998001,80.2401580811,44108,44118,10
13.0769796371,80.2395706177,44118,44128,10
13.0767202377,80.2383422852,44128,44200,72
13.0767202377,80.2383422852,44200,44210,10
13.0766496658,80.2381668091,44210,44220,10
13.0765399933,80.2378234863,44220,44230,10
13.0764198303,80.2371368408,44230,44240,10
13.0763702393,80.236869812,44240,44250,10
13.0763397217,80.2367095947,44250,44260,10
13.0763502121,80.2361984253,44260,44270,10
13.0761804581,80.2354431152,44270,44280,10
13.0759601593,80.2345428467,44280,44289,9
13.0758104324,80.2340621948,44289,44331,42
13.0758104324,80.2340621948,44331,44341,10
13.0759897232,80.233833313,44341,44351,10
13.0765104294,80.2337417603,44351,44361,10
13.0770797729,80.2336120605,44361,44371,10
13.0779895782,80.2335281372,44371,44381,10
13.0788803101,80.2334976196,44381,44391,10
13.0797195435,80.2335205078,44391,44402,11
13.0803098679,80.2335205078,44402,44412,10
13.0804595947,80.2335205078,44412,44422,10
13.0808401108,80.2335205078,44422,44432,10
13.0815496445,80.2335586548,44432,44442,10
13.0820198059,80.2333297729,44442,44452,10
13.0819997787,80.2327194214,44452,44462,10
13.0822296143,80.2320175171,44462,44472,10
13.0825395584,80.2312393188,44472,44482,10
13.0828199387,80.2306976318,44482,44492,10
13.083029747,80.230682373,44492,44503,11
13.0830898285,80.2312011719,44503,44513,10
13.0830898285,80.2319793701,44513,44523,10
13.0832595825,80.2329025269,44523,44533,10
13.0834598541,80.2337493896,44533,44543,10
13.0839500427,80.2339401245,44543,44553,10
13.0840597153,80.2339630127,44553,44563,10
13.0842399597,80.2340164185,44563,44573,10
13.0846996307,80.2341308594,44573,44583,10
13.0852203369,80.2342300415,44583,44593,10
13.0859203339,80.234413147,44593,44605,12
13.0865402222,80.2344970703,44605,44615,10
13.0874004364,80.2345428467,44615,44625,10
13.0878601074,80.2340316772,44625,44635,10
13.0879802704,80.2332305908,44635,44644,9
13.0882101059,80.2323379517,44644,44655,11
13.0885400772,80.231300354,44655,44665,10
13.0888204575,80.2305374146,44665,44675,10
13.0888500214,80.230506897,44675,44685,10
13.0890102386,80.2302474976,44685,44696,11
13.0892896652,80.2296981812,44696,44706,10
13.0897598267,80.2290725708,44706,44716,10
13.0903701782,80.2283782959,44716,44726,10
13.0910396576,80.2276229858,44726,44735,9
13.091340065,80.2272872925,44735,44746,11
13.0914402008,80.2272186279,44746,44756,10
13.0917701721,80.2268981934,44756,44766,10
13.0922603607,80.2263565063,44766,44776,10
13.092880249,80.2257537842,44776,44786,10
13.0933904648,80.2252120972,44786,44797,11
13.0938596725,80.2246704102,44797,44807,10
13.0943603516,80.223991394,44807,44817,10
13.0949401855,80.2231369019,44817,44827,10
13.0952997208,80.2221832275,44827,44837,10
13.0956401825,80.2211380005,44837,44847,10
13.0960597992,80.2200775146,44847,44856,9
13.0963401794,80.219367981,44856,44867,11
13.0963897705,80.2192764282,44867,44877,10
13.0964298248,80.2192077637,44877,44887,10
13.0965900421,80.218788147,44887,44898,11
13.0967798233,80.2180709839,44898,44908,10
13.0970096588,80.217300415,44908,44918,10
13.0971899033,80.216796875,44918,44928,10
13.0972795486,80.2166824341,44928,44938,10
13.0975198746,80.2161026001,44938,44946,8
13.0977096558,80.2155838013,44946,44958,12
13.0980997086,80.2145690918,44958,44968,10
13.0985097885,80.2139892578,44968,44978,10
13.0991296768,80.2142486572,44978,44988,10
13.099820137,80.2144088745,44988,44999,11
13.1001901627,80.2145233154,44999,45031,32
13.1004896164,80.2146377563,45031,45061,30
13.1004896164,80.2146377563,45061,45071,10
13.100520134,80.2148590088,45071,45081,10
13.1002597809,80.2153625488,45081,45091,10
13.1000204086,80.2159805298,45091,45102,11
13.0998601913,80.215927124,45102,45112,10
13.1000003815,80.215637207,45112,45122,10
13.1001596451,80.2152404785,45122,45132,10
13.1002902985,80.2149429321,45132,47839,2707
13.1003398895,80.2147979736,47839,48415,576
13.1003398895,80.2147979736,48415,48425,10
13.1002998352,80.2147369385,48425,48435,10
13.1002397537,80.2145614624,48435,48445,10
13.1000204086,80.2144699097,48445,48456,11
13.0997400284,80.2144088745,48456,48466,10
13.0993404388,80.2143173218,48466,48476,10
13.0989904404,80.2141876221,48476,48486,10
13.0986404419,80.2140579224,48486,48496,10
13.0985202789,80.2140579224,48496,48506,10
13.0985002518,80.2140808105,48506,48516,10
13.0983200073,80.2144012451,48516,48526,10
13.0980901718,80.2148666382,48526,48536,10
13.0978498459,80.2154312134,48536,48546,10
13.0975799561,80.2161178589,48546,48557,11
13.0973396301,80.2167205811,48557,48567,10
13.0971298218,80.217300415,48567,48577,10
13.0968503952,80.2180786133,48577,48587,10
13.0965795517,80.2189178467,48587,48597,10
13.0962696075,80.2197799683,48597,48607,10
13.0959701538,80.2206573486,48607,48620,13
13.0958204269,80.2211608887,48620,48630,10
13.0956897736,80.2215576172,48630,48640,10
13.0955200195,80.2220687866,48640,48650,10
13.0953998566,80.2224273682,48650,48661,11
13.0952596664,80.2227325439,48661,48671,10
13.0950298309,80.223197937,48671,48681,10
13.0946397781,80.2238235474,48681,48691,10
13.0942802429,80.2244415283,48691,48700,9
13.0937995911,80.2249832153,48700,48711,11
13.0936899185,80.2250976563,48711,48721,10
13.0934801102,80.2252883911,48721,48731,10
13.0930995941,80.2256698608,48731,48741,10
13.0926799774,80.2261123657,48741,48752,11
13.0921001434,80.2267074585,48752,48762,10
13.091509819,80.2273635864,48762,48772,10
13.0912599564,80.2276535034,48772,48782,10
13.0910997391,80.2277679443,48782,48792,10
13.0908002853,80.2280578613,48792,48802,10
13.0903301239,80.2285690308,48802,48812,10
13.0897703171,80.2291793823,48812,48822,10
13.0893602371,80.2297821045,48822,48832,10
13.0891399384,80.230178833,48832,48842,10
13.0889902115,80.230506897,48842,48853,11
13.0888299942,80.2308807373,48853,48863,10
13.088760376,80.2309875488,48863,48873,10
13.0885801315,80.2313995361,48873,48883,10
13.0884399414,80.2319488525,48883,48893,10
13.0882396698,80.232749939,48893,48903,10
13.0881204605,80.2335205078,48903,48913,10
13.0880403519,80.2340927124,48913,48923,10
13.0873298645,80.2344818115,48923,48933,10
13.0865898132,80.2344589233,48933,48943,10
13.0860500336,80.2343902588,48943,48954,11
13.0855197906,80.2342834473,48954,48964,10
13.0849599838,80.234161377,48964,48974,10
13.0843696594,80.2340087891,48974,48984,10
13.0840196609,80.2339019775,48984,48994,10
13.0837001801,80.2338409424,48994,49004,10
13.0834798813,80.2338180542,49004,49014,10
13.0831203461,80.2338027954,49014,49024,10
13.0824899673,80.2336425781,49024,49044,20
13.0824899673,80.2336425781,49044,49055,11
13.082280159,80.2336196899,49055,49065,10
13.081870079,80.2335510254,49065,49075,10
13.0812397003,80.2335205078,49075,49085,10
13.0805597305,80.2334976196,49085,49095,10
13.0798902512,80.2335205078,49095,49105,10
13.0796003342,80.2334899902,49105,49115,10
13.0793399811,80.2334976196,49115,49125,10
13.0788698196,80.2335205078,49125,49135,10
13.0781898499,80.2335281372,49135,49145,10
13.0774497986,80.2335891724,49145,49156,11
13.0765600204,80.2337875366,49156,49167,11
13.0760097504,80.2339096069,49167,49177,10
13.075799942,80.2340393066,49177,49187,10
13.0760202408,80.2347412109,49187,49217,30
13.0760202408,80.2347412109,49217,49227,10
13.0760202408,80.2348937988,49227,49237,10
13.0761003494,80.2352218628,49237,49247,10
13.0762300491,80.2357635498,49247,49258,11
13.0763301849,80.236328125,49258,49369,111
13.0763301849,80.236328125,49369,49379,10
13.076379776,80.2367477417,49379,49389,10
13.076499939,80.2371673584,49389,49409,20
13.076499939,80.2371673584,49409,49419,10
13.0765600204,80.2375335693,49419,49429,10
13.0766601563,80.2379989624,49429,49439,10
13.076789856,80.2385787964,49439,49449,10
13.0769395828,80.2392501831,49449,49460,11
13.0771398544,80.240020752,49460,49470,10
13.0773000717,80.2406692505,49470,49480,10
13.0773601532,80.2409286499,49480,49490,10
13.0773801804,80.2410430908,49490,49500,10
13.0774002075,80.2413711548,49500,49510,10
13.0775403976,80.2419204712,49510,49520,10
13.0776901245,80.2426605225,49520,49530,10
13.0778102875,80.2435379028,49530,49540,10
13.0777997971,80.2443618774,49540,49550,10
13.0778799057,80.2451171875,49550,49561,11
13.0778999329,80.246131897,49561,49571,10
13.0781002045,80.2470626831,49571,49581,10
13.0783004761,80.2480316162,49581,49591,10
13.0784797668,80.2488021851,49591,49601,10
13.0786304474,80.2493515015,49601,49611,10
13.0787000656,80.2501068115,49611,49621,10
13.078499794,80.2508163452,49621,49631,10
13.0785799026,80.251411438,49631,49641,10
13.0784101486,80.2516098022,49641,49651,10
13.0779600143,80.251739502,49651,49662,11
13.0772600174,80.2518920898,49662,49672,10
13.0766096115,80.2519683838,49672,49682,10
13.0755996704,80.2521362305,49682,49692,10
13.0750398636,80.2521820068,49692,49702,10
13.0746603012,80.2521820068,49702,49712,10
13.0740604401,80.2522277832,49712,49721,9
13.0735197067,80.2524414063,49721,49732,11
13.0729198456,80.2524108887,49732,49742,10
13.072259903,80.2520294189,49742,49752,10
13.0720901489,80.2512664795,49752,49763,11
13.0718402863,80.250541687,49763,49773,10
13.0715799332,80.2497024536,49773,49783,10
13.0713996887,80.2487716675,49783,49793,10
13.071149826,80.2478408813,49793,49803,10
13.0707998276,80.2470169067,49803,49813,10
13.070400238,80.2461776733,49813,49823,10
13.0699901581,80.2452468872,49823,49833,10
13.0696802139,80.2444000244,49833,49843,10
13.0693998337,80.2436065674,49843,49854,11
13.0692796707,80.2433166504,49854,49864,10
13.0692396164,80.2432174683,49864,49874,10
13.0691699982,80.242767334,49874,49884,10
13.068860054,80.2424926758,49884,49894,10
13.068400383,80.2425918579,49894,49904,10
13.0677204132,80.2428207397,49904,49914,10
13.0670099258,80.2431106567,49914,49924,10
13.0662899017,80.2434234619,49924,49934,10
13.0661096573,80.2440414429,49934,49944,10
13.0662298203,80.2448196411,49944,49955,11
13.0664396286,80.2457504272,49955,49965,10
13.0671701431,80.2461471558,49965,49975,10
13.0678396225,80.2465591431,49975,49995,20
13.0678396225,80.2465591431,49995,50005,10
13.0679197311,80.246887207,50005,50015,10
13.0678796768,80.2474517822,50015,50025,10
13.0675096512,80.2478485107,50025,50036,11
13.0668001175,80.2478485107,50036,50045,9
13.0663700104,80.2478485107,50045,50057,12
13.0656204224,80.2478179932,50057,50067,10
13.0648002625,80.247756958,50067,50077,10
13.0638799667,80.2476501465,50077,50087,10
13.0631799698,80.2476119995,50087,50097,10
13.0624399185,80.2475814819,50097,50107,10
13.0616598129,80.2473602295,50107,50117,10
13.0613698959,80.2469329834,50117,50127,10
13.0615997314,80.2466812134,50127,50137,10
13.0618095398,80.2460098267,50137,50147,10
13.0621299744,80.2452163696,50147,50158,11
13.0627803802,80.2447662354,50158,50168,10
13.063079834,80.2444000244,50168,50188,20
13.063079834,80.2444000244,50188,50198,10
13.0633096695,80.2440109253,50198,50208,10
13.0634098053,80.2435531616,50208,50218,10
13.0629701614,80.2434387207,50218,50228,10
13.0626802444,80.2433700562,50228,50238,10
13.0622501373,80.2432937622,50238,50248,10
13.0617303848,80.2431869507,50248,50259,11
13.0613803864,80.2431411743,50259,50269,10
13.0613698959,80.2431411743,50269,50279,10
13.061050415,80.2430801392,50279,50289,10
13.0606002808,80.2429199219,50289,50299,10
13.0601902008,80.242767334,50299,50309,10
13.0596504211,80.2426376343,50309,50319,10
13.0592002869,80.2425384521,50319,50329,10
13.0589399338,80.2425613403,50329,50339,10
13.0588998795,80.2425765991,50339,50349,10
13.0586595535,80.2426605225,50349,50360,11
13.0581703186,80.2427062988,50360,50370,10
13.0577001572,80.2427520752,50370,50380,10
13.0573596954,80.2427597046,50380,50390,10
13.057100296,80.2427597046,50390,50400,10
13.0566196442,80.2426223755,50400,50410,10
13.0561304092,80.2424087524,50410,50420,10
13.0558204651,80.2422790527,50420,50430,10
13.0552902222,80.2422637939,50430,50440,10
13.054690361,80.2423706055,50440,50450,10
13.0539503098,80.2422637939,50450,50461,11
13.0536003113,80.2421264648,50461,50481,20
13.0536003113,80.2421264648,50481,50491,10
13.0534000397,80.2420196533,50491,50501,10
13.0529603958,80.2418670654,50501,50511,10
13.0524597168,80.2415771484,50511,50521,10
13.0521202087,80.2410583496,50521,50531,10
13.0518798828,80.2407608032,50531,50542,11
13.0515699387,80.2406997681,50542,50551,9
13.051320076,80.2406463623,50551,50563,12
13.0511102676,80.2406082153,50563,50573,10
13.0508298874,80.2405395508,50573,50583,10
13.050740242,80.2405166626,50583,50593,10
13.050359726,80.2404327393,50593,50603,10
13.0498504639,80.2403335571,50603,50613,10
13.0492801666,80.240196228,50613,50623,10
13.0486803055,80.2400436401,50623,50633,10
13.0482702255,80.2399597168,50633,50643,10
13.047659874,80.2398529053,50643,50653,10
13.0470104218,80.2397003174,50653,50664,11
13.0462503433,80.2395324707,50664,50674,10
13.0461797714,80.2394180298,50674,50684,10
13.0462903976,80.2391891479,50684,50694,10
13.0463895798,80.2387466431,50694,50704,10
13.0464801788,80.2382125854,50704,50714,10
13.0465898514,80.2373809814,50714,50724,10
13.0466995239,80.236618042,50724,50734,10
13.0468597412,80.2361526489,50734,50744,10
13.0469503403,80.2357788086,50744,50754,10
13.0470199585,80.235496521,50754,50765,11
13.04708004,80.2349395752,50765,50775,10
13.0471200943,80.2342987061,50775,50785,10
13.0472202301,80.2334671021,50785,50795,10
13.0469799042,80.2330627441,50795,50805,10
13.0464401245,80.2329330444,50805,50815,10
13.0457601547,80.232749939,50815,50825,10
13.0450897217,80.2326278687,50825,50845,20
13.0450897217,80.2326278687,50845,50855,10
13.0448799133,80.2325897217,50855,50866,11
13.0444202423,80.2324981689,50866,50876,10
13.0437803268,80.2323913574,50876,50886,10
13.0432500839,80.2323226929,50886,50896,10
13.0427598953,80.2322692871,50896,50906,10
13.0423402786,80.2322769165,50906,50916,10
13.0419397354,80.2322692871,50916,50926,10
13.0411996841,80.2321166992,50926,50936,10
13.0404596329,80.231880188,50936,50946,10
13.0396404266,80.2316589355,50946,50956,10
13.0388402939,80.2314300537,50956,50967,11
13.0378303528,80.2311172485,50967,50977,10
13.0369997025,80.2308578491,50977,50987,10
13.0366401672,80.230796814,50987,50997,10
13.0360898972,80.2306213379,50997,51007,10
13.0352602005,80.2303771973,51007,51078,71
13.0352602005,80.2303771973,51078,51088,10
13.0352201462,80.2303619385,51088,51098,10
13.0348596573,80.2303237915,51098,51108,10
13.0342903137,80.2304000854,51108,51118,10
13.0334701538,80.230430603,51118,51138,20
13.0334701538,80.230430603,51138,51148,10
13.0334100723,80.2304611206,51148,51159,11
13.0329198837,80.23046875,51159,51169,10
13.0322799683,80.2304992676,51169,51179,10
13.031539917,80.2305984497,51179,51189,10
13.0308103561,80.230682373,51189,51199,10
13.0304002762,80.2307128906,51199,51209,10
13.0298299789,80.2307281494,51209,51219,10
13.0296297073,80.2307662964,51219,51229,10
13.0292596817,80.2307815552,51229,51239,10
13.0286998749,80.2308273315,51239,51249,10
13.0281295776,80.2308883667,51249,51260,11
13.0279798508,80.2309265137,51260,51270,10
13.0276603699,80.231086731,51270,51280,10
13.0277004242,80.2315292358,51280,51289,9
13.0277900696,80.2320404053,51289,51300,11
13.0278396606,80.2326812744,51300,51310,10
13.027299881,80.2328109741,51310,51320,10
13.0268802643,80.2329406738,51320,51330,10
13.026550293,80.232963562,51330,51340,10
13.026309967,80.2325897217,51340,51350,10
13.0261201859,80.2319717407,51350,51361,11
13.0258798599,80.2311096191,51361,51371,10
13.0255002975,80.2302322388,51371,51381,10
13.0249300003,80.2294692993,51381,51391,10
13.0246801376,80.2291564941,51391,51401,10
13.0246400833,80.2290878296,51401,51411,10
13.0244197845,80.2287826538,51411,51421,10
13.0239200592,80.2282180786,51421,51451,30
13.0239200592,80.2282180786,51451,51462,11
13.0236997604,80.2278366089,51462,51472,10
13.0233201981,80.2274703979,51472,51482,10
13.0229101181,80.2270584106,51482,51492,10
13.0223703384,80.2265625,51492,51502,10
13.0216798782,80.2259979248,51502,51512,10
13.0209798813,80.225479126,51512,51522,10
13.0202903748,80.2250289917,51522,51532,10
13.0195903778,80.2246017456,51532,51542,10
13.0187101364,80.2245407104,51542,51552,10
13.017829895,80.2248916626,51552,51563,11
13.0168504715,80.2253036499,51563,51573,10
13.0163602829,80.2255096436,51573,51583,10
13.0158500671,80.2256622314,51583,51593,10
13.0152301788,80.2259292603,51593,51603,10
13.0149297714,80.22605896,51603,51613,10
13.014380455,80.2262420654,51613,51643,30
13.014380455,80.2262420654,51643,51653,10
13.0141201019,80.2263412476,51653,51664,11
13.013589859,80.2265319824,51664,51674,10
13.0129699707,80.2267684937,51674,51684,10
13.0122404099,80.2270278931,51684,51694,10
13.0115203857,80.2273406982,51694,51704,10
13.0107002258,80.2276611328,51704,51714,10
13.0099096298,80.2279586792,51714,51724,10
13.009180069,80.2284011841,51724,51734,10
13.0089998245,80.2292861938,51734,51744,10
13.0088195801,80.230140686,51744,51754,10
13.0086603165,80.2310791016,51754,51765,11
13.0084600449,80.2321624756,51765,51775,10
13.0083398819,80.233001709,51775,51785,10
13.0082197189,80.2336578369,51785,51795,10
13.0082197189,80.2336578369,51795,51805,10
13.0081300735,80.2338027954,51805,51815,10
13.0080499649,80.2342071533,51815,51825,10
13.0079498291,80.2347793579,51825,51835,10
13.0077896118,80.2356185913,51835,51845,10
13.007610321,80.2365188599,51845,51855,10
13.0074596405,80.2373199463,51855,51866,11
13.0072803497,80.2383117676,51866,51876,10
13.0071401596,80.2390136719,51876,51886,10
13.006939888,80.2400131226,51886,51917,31
13.006939888,80.2400131226,51917,51926,9
13.0068702698,80.2402267456,51926,51937,11
13.006819725,80.2406616211,51937,51947,10
13.0068101883,80.2406692505,51947,51957,10
13.0067396164,80.2409210205,51957,51968,11
13.0067195892,80.2416992188,51968,51978,10
13.0067300797,80.2425689697,51978,51988,10
13.0067195892,80.243347168,51988,51998,10
13.0067300797,80.2442932129,51998,52008,10
13.0067300797,80.245262146,52008,52018,10
13.0067501068,80.2461013794,52018,52028,10
13.0067596436,80.2470321655,52028,52038,10
13.0067300797,80.2479095459,52038,52048,10
13.0067596436,80.2487716675,52048,52058,10
13.0067996979,80.2499084473,52058,52069,11
13.0068397522,80.2508926392,52069,52079,10
13.0067596436,80.2516098022,52079,52089,10
13.0065898895,80.2528076172,52089,52099,10
13.0065803528,80.2537689209,52099,52109,10
13.0066204071,80.2545700073,52109,52119,10
13.0066404343,80.2549819946,52119,52128,9
13.0066404343,80.254989624,52128,52139,11
13.0066204071,80.2550964355,52139,52149,10
13.0066204071,80.2554626465,52149,52159,10
13.0066204071,80.2559814453,52159,52170,11
13.0066204071,80.2565231323,52170,52180,10
13.0065698624,80.2568206787,52180,52190,10
13.0065898895,80.2570419312,52190,52200,10
13.0066099167,80.2573318481,52200,52210,10
13.006360054,80.2574462891,52210,52220,10
13.0057697296,80.2573928833,52220,52230,10
13.0052499771,80.2573013306,52230,52240,10
13.0046701431,80.2571334839,52240,52250,10
13.0040998459,80.2570114136,52250,52260,10
13.0035495758,80.2568969727,52260,52271,11
13.0030298233,80.2568130493,52271,52281,10
13.0025596619,80.2567214966,52281,52291,10
13.0020399094,80.2566223145,52291,52301,10
13.0015001297,80.2565383911,52301,52372,71
13.0015001297,80.2565383911,52372,52382,10
13.0011997223,80.2564315796,52382,52392,10
13.0007095337,80.2563705444,52392,52402,10
13.0000295639,80.2562484741,52402,52413,11
12.9996004105,80.256187439,52413,52443,30
12.9996004105,80.256187439,52443,52453,10
12.999420166,80.2561187744,52453,52464,11
12.9989004135,80.256072998,52464,52474,10
12.9984197617,80.2560272217,52474,52494,20
12.9984197617,80.2560272217,52494,52504,10
12.9981203079,80.2560119629,52504,52514,10
12.997710228,80.2559585571,52514,52524,10
12.9972600937,80.255897522,52524,52534,10
12.9968996048,80.2558670044,52534,52544,10
12.9965600967,80.2558670044,52544,52554,10
12.9960403442,80.255821228,52554,52565,11
12.9955596924,80.2558288574,52565,52575,10
12.9951601028,80.2558822632,52575,52585,10
12.9945697784,80.2558898926,52585,52595,10
12.9938802719,80.2559509277,52595,52605,10
12.9930801392,80.2559967041,52605,52615,10
12.9922399521,80.2560806274,52615,52625,10
12.9914102554,80.2560424805,52625,52635,10
12.9908304214,80.2560119629,52635,52645,10
12.9905900955,80.2559967041,52645,52655,10
12.9901599884,80.2559967041,52655,52666,11
12.9890699387,80.255897522,52666,52716,50
12.9890699387,80.255897522,52716,52726,10
12.9889202118,80.2558670044,52726,52767,41
12.9889202118,80.2558670044,52767,52777,10
12.9888000488,80.2558898926,52777,52787,10
12.9881801605,80.2558135986,52787,52817,30
12.9881801605,80.2558135986,52817,52827,10
12.9880104065,80.255821228,52827,52837,10
12.987830162,80.255821228,52837,52847,10
12.9876003265,80.2559814453,52847,52857,10
12.9875802994,80.2565002441,52857,52868,11
12.9874696732,80.2572402954,52868,52878,10
12.9874095917,80.258140564,52878,52888,10
12.9873399734,80.2590408325,52888,52898,10
12.987159729,80.2595062256,52898,52928,30
12.987159729,80.2595062256,52928,52938,10
12.9870300293,80.2595367432,52938,52948,10
12.9866199493,80.2593231201,52948,53262,314
12.9868402481,80.2590179443,53262,53352,90
12.9868402481,80.2590179443,53352,53363,11
12.9871902466,80.259147644,53363,53524,161
12.9873800278,80.2589416504,53524,53544,20
12.9873800278,80.2589416504,53544,53555,11
12.9873800278,80.2586212158,53555,53565,10
12.9874000549,80.2583007813,53565,53575,10
12.9874200821,80.258140564,53575,53585,10
12.987449646,80.2578964233,53585,53595,10
12.9874801636,80.2574386597,53595,53605,10
12.9875602722,80.2568664551,53605,53615,10
12.9875602722,80.2561035156,53615,53696,81
12.9875602722,80.2561035156,53696,53706,10
12.9875898361,80.2559432983,53706,53716,10
12.9878396988,80.2557525635,53716,53726,10
12.9882698059,80.2558135986,53726,53736,10
12.988699913,80.255859375,53736,53746,10
12.9887304306,80.2558822632,53746,53757,11
12.9889802933,80.2559280396,53757,53767,10
12.98939991,80.2559204102,53767,53777,10
12.9900398254,80.2559509277,53777,53787,10
12.990530014,80.2559509277,53787,53797,10
12.991109848,80.2559585571,53797,53807,10
12.991900444,80.2559967041,53807,53817,10
12.9927196503,80.2559661865,53817,53827,10
12.9934997559,80.2558898926,53827,53837,10
12.9941902161,80.2557983398,53837,53847,10
12.9947795868,80.2557907104,53847,53858,11
12.9953298569,80.2557601929,53858,53868,10
12.9957895279,80.2558288574,53868,53878,10
12.9961795807,80.2558135986,53878,53888,10
12.996720314,80.2558288574,53888,53938,50
12.996720314,80.2558288574,53938,53948,10
12.9971199036,80.2558517456,53948,53959,11
12.9976100922,80.255859375,53959,53969,10
12.9982004166,80.2559127808,53969,53979,10
12.9987401962,80.2559585571,53979,53989,10
12.998749733,80.2559661865,53989,53999,10
12.9989099503,80.2560272217,53999,54009,10
12.999250412,80.2560806274,54009,54019,10
12.9995803833,80.2561416626,54019,54029,10
12.9996595383,80.2561569214,54029,54039,10
12.9999904633,80.2562026978,54039,54049,10
13.0005197525,80.2563095093,54049,54060,11
13.0012397766,80.2564620972,54060,54070,10
13.0018596649,80.2565536499,54070,54080,10
13.0024795532,80.2566604614,54080,54090,10
13.0031003952,80.2567901611,54090,54100,10
13.0037202835,80.256942749,54100,54110,10
13.0043001175,80.2570419312,54110,54120,10
13.0045604706,80.2570800781,54120,54130,10
13.0048503876,80.2571182251,54130,54140,10
13.0052099228,80.2571792603,54140,54150,10
13.0055103302,80.2572479248,54150,54161,11
13.005900383,80.25730896,54161,54171,10
13.006360054,80.2573699951,54171,54201,30
13.006360054,80.2573699951,54201,54211,10
13.0065603256,80.2573394775,54211,54221,10
13.0065402985,80.2568817139,54221,54231,10
13.0065097809,80.256072998,54231,54241,10
13.006529808,80.255241394,54241,54251,10
13.0065202713,80.2545623779,54251,54262,11
13.0065097809,80.2543869019,54262,54272,10
13.0065097809,80.2541122437,54272,54282,10
13.0065603256,80.2536621094,54282,54292,10
13.0065898895,80.2527618408,54292,54332,40
13.0065898895,80.2527618408,54332,54342,10
13.0065898895,80.2525405884,54342,54352,10
13.0066604614,80.2521362305,54352,54363,11
13.006770134,80.2514038086,54363,54373,10
13.0068702698,80.2506713867,54373,54383,10
13.0068397522,80.2496871948,54383,54393,10
13.0068101883,80.249420166,54393,54403,10
13.0067996979,80.249206543,54403,54443,40
13.0067996979,80.249206543,54443,54454,11
13.0067195892,80.2487869263,54454,54464,10
13.0066404343,80.2480773926,54464,54514,50
13.006480217,80.2477874756,54514,54544,30
13.006480217,80.2477874756,54544,54555,11
13.0065603256,80.2474975586,54555,54565,10
13.0066003799,80.2469406128,54565,54575,10
13.0065603256,80.2465133667,54575,54585,10
13.0065698624,80.2465209961,54585,54595,10
13.0066299438,80.2461471558,54595,54605,10
13.0066299438,80.2455215454,54605,54615,10
13.0066003799,80.2447967529,54615,54625,10
13.0066795349,80.2443313599,54625,54635,10
13.0066604614,80.2438278198,54635,54645,10
13.0066204071,80.2432403564,54645,54656,11
13.0065603256,80.2424087524,54656,54666,10
13.0065402985,80.2415084839,54666,54676,10
13.0066099167,80.2407302856,54676,54686,10
13.0066795349,80.240447998,54686,54696,10
13.0067996979,80.239982605,54696,54706,10
13.0069303513,80.2392883301,54706,54716,10
13.007060051,80.2386779785,54716,54726,10
13.0071001053,80.2384490967,54726,54736,10
13.0071401596,80.2381668091,54736,54746,10
13.0072202682,80.2379226685,54746,54757,11
13.0073795319,80.2369308472,54757,54797,40
13.0073795319,80.2369308472,54797,54807,10
13.0074396133,80.2366409302,54807,54817,10
13.0074996948,80.2364807129,54817,54827,10
13.0075998306,80.2360687256,54827,54837,10
13.0078601837,80.2347412109,54837,54847,10
13.0078601837,80.2347412109,54847,54858,11
13.0080404282,80.2338027954,54858,54868,10
13.0082197189,80.2329406738,54868,54878,10
13.0083904266,80.2320785522,54878,54888,10
13.0085802078,80.2310562134,54888,54898,10
13.0087795258,80.2299423218,54898,54908,10
13.0090303421,80.2287368774,54908,54918,10
13.0094003677,80.2275924683,54918,54928,10
13.0098600388,80.2265625,54928,54937,9
13.0103302002,80.2255325317,54937,54948,11
13.0106801987,80.2248382568,54948,54959,11
13.0109395981,80.2241897583,54959,54969,10
13.0111598969,80.2236022949,54969,54979,10
13.0113601685,80.2230072021,54979,54989,10
13.0116500854,80.2224197388,54989,54999,10
13.0119104385,80.221786499,54999,55009,10
13.0122804642,80.2215499878,55009,55019,10
13.0124397278,80.2216415405,55019,55029,10
13.0127801895,80.2221374512,55029,55039,10
13.013299942,80.2227096558,55039,55049,10
13.0138998032,80.2234115601,55049,55060,11
13.0146303177,80.2242431641,55060,55070,10
13.0148696899,80.2244720459,55070,55080,10
13.0150499344,80.2246170044,55080,55090,10
13.01541996,80.2249603271,55090,55099,9
13.0157203674,80.2251586914,55099,55110,11
13.0158500671,80.225227356,55110,55120,10
13.0163297653,80.2253036499,55120,55130,10
13.017080307,80.2250366211,55130,55140,10
13.017950058,80.2247085571,55140,55150,10
13.0188102722,80.224357605,55150,55161,11
13.0195503235,80.2243881226,55161,55171,10
13.0196199417,80.2244262695,55171,55180,9
13.0198001862,80.2245635986,55180,55191,11
13.0202503204,80.2249221802,55191,55201,10
13.020819664,80.2253112793,55201,55211,10
13.0219802856,80.2261505127,55211,55231,20
13.0219802856,80.2261505127,55231,55241,10
13.022190094,80.2263565063,55241,55251,10
13.0226297379,80.2267608643,55251,55262,11
13.0232496262,80.2273178101,55262,55272,10
13.0239095688,80.2279281616,55272,55282,10
13.0245399475,80.2287368774,55282,55292,10
13.0251398087,80.2294998169,55292,55302,10
13.025639534,80.2301635742,55302,55312,10
13.0256996155,80.2303085327,55312,55322,10
13.0258197784,80.2305984497,55322,55332,10
13.0259399414,80.2310333252,55332,55342,10
13.0260000229,80.2312698364,55342,55352,10
13.0263900757,80.2311706543,55352,55363,11
13.0271396637,80.2309875488,55363,55373,10
13.0278396606,80.2308883667,55373,55383,10
13.0284004211,80.2308197021,55383,55393,10
13.0285902023,80.2307662964,55393,55403,10
13.0289802551,80.230758667,55403,55413,10
13.0291404724,80.2307510376,55413,55423,10
13.0294799805,80.2307434082,55423,55433,10
13.0299701691,80.2306900024,55433,55443,10
13.0304203033,80.2306594849,55443,55453,10
13.0306997299,80.2306518555,55453,55464,11
13.0310602188,80.2306137085,55464,55474,10
13.0314598083,80.2305603027,55474,55484,10
13.0320596695,80.230506897,55484,55494,10
13.0326499939,80.2304763794,55494,55504,10
13.0333299637,80.2304916382,55504,55514,10
13.0339202881,80.2304229736,55514,55524,10
13.0341396332,80.2303771973,55524,55534,10
13.0343799591,80.2303390503,55534,55585,51
13.0343799591,80.2303390503,55585,55595,10
13.034819603,80.2303237915,55595,55676,81
13.034819603,80.2303237915,55676,55686,10
13.0350599289,80.2305526733,55686,55696,10
13.0350103378,80.2308120728,55696,55706,10
13.0348796844,80.2313613892,55706,55716,10
13.0347700119,80.2319564819,55716,55726,10
13.0346498489,80.2326507568,55726,55736,10
13.034529686,80.2337265015,55736,55746,10
13.034529686,80.2337265015,55746,55757,11
13.0343999863,80.2345123291,55757,55767,10
13.0342998505,80.2353210449,55767,55777,10
13.0341901779,80.2362823486,55777,55787,10
13.0343399048,80.237449646,55787,55911,124
13.0343399048,80.237449646,55911,55920,9
13.0345201492,80.2377471924,55920,55931,11
13.034740448,80.2381515503,55931,55941,10
13.0350999832,80.2387008667,55941,55951,10
13.035490036,80.2392807007,55951,55962,11
13.0358400345,80.2393264771,55962,55972,10
13.0365200043,80.2394104004,55972,55982,10
13.0372400284,80.2395629883,55982,55992,10
13.0380601883,80.2396392822,55992,56002,10
13.0387897491,80.2397232056,56002,56012,10
13.0393800735,80.2397994995,56012,56022,10
13.0400295258,80.2398605347,56022,56032,10
13.0403404236,80.2399902344,56032,56042,10
13.0403699875,80.2403717041,56042,56052,10
13.0407896042,80.2405166626,56052,56063,11
13.0410404205,80.240562439,56063,56073,10
13.0413198471,80.2406005859,56073,56083,10
13.04185009,80.2406692505,56083,56093,10
13.0425395966,80.2408065796,56093,56103,10
13.0432796478,80.2408905029,56103,56112,9
13.0438299179,80.2409667969,56112,56123,11
13.0443201065,80.2406921387,56123,56143,20
13.0443201065,80.2406921387,56143,56153,10
13.0446996689,80.2403793335,56153,56164,11
13.0451898575,80.2400588989,56164,56174,10
13.0457801819,80.239730835,56174,56184,10
13.0462903976,80.2395782471,56184,56194,10
13.0465402603,80.2396011353,56194,56204,10
13.0467796326,80.2396469116,56204,56214,10
13.0471601486,80.2397384644,56214,56224,10
13.0475797653,80.2398300171,56224,56234,10
13.0476999283,80.2398223877,56234,56244,10
13.0480604172,80.2399368286,56244,56254,10
13.0485601425,80.2400436401,56254,56265,11
13.0491600037,80.2401809692,56265,56275,10
13.0496101379,80.2402267456,56275,56285,10
13.049949646,80.2402877808,56285,56295,10
13.0502099991,80.2403335571,56295,56305,10
13.0506696701,80.2404403687,56305,56315,10
13.0511198044,80.2405319214,56315,56335,20
13.0511198044,80.2405319214,56335,56345,10
13.051659584,80.2406311035,56345,56355,10
13.0523099899,80.2407684326,56355,56386,31
13.0523099899,80.2407684326,56386,56396,10
13.0525302887,80.2409591675,56396,56406,10
13.0525798798,80.2413711548,56406,56416,10
13.0527095795,80.2416610718,56416,56426,10
13.0532102585,80.241897583,56426,56436,10
13.0540704727,80.2422332764,56436,56457,21
13.0540704727,80.2422332764,56457,56467,10
13.0544099808,80.2423477173,56467,56477,10
13.0550098419,80.2422714233,56477,56487,10
13.0557603836,80.2422714233,56487,56497,10
13.0564203262,80.2425918579,56497,56517,20
13.0564203262,80.2425918579,56517,56527,10
13.0566997528,80.2426528931,56527,56537,10
13.0570802689,80.2427597046,56537,56547,10
13.0577001572,80.2427902222,56547,56558,11
13.0582504272,80.2426605225,56558,56568,10
13.0588302612,80.2425537109,56568,56578,10
13.0591497421,80.2424926758,56578,56588,10
13.0595703125,80.2425765991,56588,56598,10
13.0602703094,80.2427597046,56598,56608,10
13.0609998703,80.243019104,56608,56618,10
13.0614900589,80.2431335449,56618,56628,10
13.0625,80.2433319092,56628,56659,31
13.0625,80.2433319092,56659,56669,10
13.0630598068,80.2434310913,56669,56679,10
13.0636396408,80.2434997559,56679,56689,10
13.0642700195,80.2435302734,56689,56699,10
13.0648603439,80.243560791,56699,56709,10
13.0655498505,80.2435836792,56709,56739,30
13.0655498505,80.2435836792,56739,56749,10
13.0658597946,80.2436294556,56749,56760,11
13.0663204193,80.2434310913,56760,56770,10
13.06690979,80.2431793213,56770,56780,10
13.0675201416,80.2428817749,56780,56790,10
13.0680999756,80.24269104,56790,56800,10
13.0686397552,80.2425308228,56800,56810,10
13.0692100525,80.2422866821,56810,56820,10
13.0699996948,80.2420196533,56820,56840,20
13.0699996948,80.2420196533,56840,56850,10
13.0703897476,80.2419433594,56850,56861,11
13.0709400177,80.2417526245,56861,56871,10
13.0716199875,80.2414398193,56871,56881,10
13.0723600388,80.2410125732,56881,56891,10
13.0730495453,80.2407302856,56891,56901,10
13.0737400055,80.2405471802,56901,56911,10
13.0745601654,80.2404632568,56911,56921,10
13.0754699707,80.2404403687,56921,56931,10
13.076379776,80.2404708862,56931,56941,10
13.0768899918,80.2405776978,56941,56951,10
13.0771398544,80.2403488159,56951,56962,11
13.0769701004,80.2397003174,56962,56972,10
13.0767698288,80.2390289307,56972,56992,20
13.0766801834,80.2387390137,56992,57052,60
13.0766801834,80.2387390137,57052,57063,11
13.0766601563,80.2385406494,57063,57073,10
13.0765695572,80.2382202148,57073,57083,10
13.0764904022,80.2378387451,57083,57093,10
13.0763702393,80.2373504639,57093,57103,10
13.0763702393,80.2373428345,57103,57113,10
13.0763397217,80.2371292114,57113,57123,10
13.0762796402,80.2366409302,57123,57133,10
13.0761804581,80.2359619141,57133,57143,10
13.0760297775,80.2351837158,57143,57153,10
13.075799942,80.2342681885,57153,57164,11
13.0760402679,80.2338027954,57164,57174,10
13.0764503479,80.233757019,57174,57184,10
13.0769796371,80.2337112427,57184,57194,10
13.0776700974,80.2335968018,57194,57204,10
13.0782499313,80.233581543,57204,57214,10
13.0789203644,80.2335205078,57214,57224,10
13.0796203613,80.2334899902,57224,57234,10
13.0802297592,80.2334671021,57234,57243,9
13.0803098679,80.2334899902,57243,57254,11
13.080450058,80.2335281372,57254,57265,11
13.0808601379,80.2335586548,57265,57275,10
13.0815095901,80.233543396,57275,57285,10
13.0818996429,80.2333297729,57285,57295,10
13.0820198059,80.2327423096,57295,57305,10
13.0822496414,80.2320327759,57305,57315,10
13.0825500488,80.2312469482,57315,57324,9
13.0828199387,80.2307128906,57324,57335,11
13.0831203461,80.2310562134,57335,57345,10
13.0831699371,80.2317886353,57345,57355,10
13.0832700729,80.2326126099,57355,57366,11
13.0834598541,80.2333984375,57366,57376,10
13.0837001801,80.2338562012,57376,57386,10
13.0841302872,80.2339324951,57386,57396,10
13.0841999054,80.2339630127,57396,57406,10
13.0844802856,80.2340621948,57406,57416,10
13.0850400925,80.2341766357,57416,57426,10
13.0856599808,80.2343215942,57426,57436,10
13.0865001678,80.2345504761,57436,57446,10
13.0873603821,80.2345962524,57446,57456,10
13.0878801346,80.2342529297,57456,57467,11
13.0879898071,80.2334213257,57467,57477,10
13.0882196426,80.232421875,57477,57487,10
13.0884799957,80.2315063477,57487,57497,10
13.0886297226,80.2311019897,57497,57507,10
13.0888595581,80.2305526733,57507,57517,10
13.0888700485,80.2305221558,57517,57527,10
13.0889596939,80.2303695679,57527,57537,10
13.0891399384,80.2300033569,57537,57547,10
13.0894804001,80.2294082642,57547,57557,10
13.0900402069,80.2287597656,57557,57568,11
13.0907697678,80.2279663086,57568,57578,10
13.0913801193,80.2272796631,57578,57598,20
13.0913801193,80.2272796631,57598,57608,10
13.0915002823,80.2272033691,57608,57617,9
13.0918302536,80.2268676758,57617,57628,11
13.0923595428,80.2263183594,57628,57638,10
13.0930404663,80.2256622314,57638,57648,10
13.093629837,80.2250137329,57648,57658,10
13.0941200256,80.2244262695,57658,57669,11
13.0947599411,80.2235412598,57669,57679,10
13.0951099396,80.2227172852,57679,57689,10
13.095199585,80.2225036621,57689,57699,10
13.0953798294,80.2221221924,57699,57709,10
13.0956001282,80.2215499878,57709,57719,10
13.0958299637,80.2208633423,57719,57729,10
13.0961399078,80.2200469971,57729,57739,10
13.0963602066,80.2192306519,57739,57749,10
13.096619606,80.2186279297,57749,57759,10
13.096830368,80.217956543,57759,57770,11
13.0971097946,80.2171096802,57770,57780,10
13.0971498489,80.2170181274,57780,57790,10
13.097240448,80.2168197632,57790,57800,10
13.0974798203,80.2162399292,57800,57810,10
13.0978002548,80.2154922485,57810,57820,10
13.0981197357,80.2147598267,57820,57830,10
13.0983104706,80.214302063,57830,57840,10
13.0983495712,80.2142105103,57840,57861,21
13.0983495712,80.2142105103,57861,57871,10
13.0984296799,80.2140426636,57871,57881,10
13.0987901688,80.2140731812,57881,57891,10
13.099360466,80.2143173218,57891,57901,10
13.1001596451,80.2144699097,57901,57941,40
13.1001596451,80.2144699097,57941,57951,10
13.1003103256,80.2150497437,57951,58547,596
13.1003103256,80.2150497437,58547,58558,11
13.1000900269,80.2154922485,58558,58568,10
13.0999498367,80.2158126831,58568,58578,10
13.0999202728,80.2160568237,58578,58588,10
13.0996599197,80.2170791626,58588,58598,10
13.0996599197,80.2170791626,58598,58608,10
13.0995101929,80.2178497314,58608,58618,10
13.0993995667,80.2185974121,58618,58628,10
13.0993003845,80.2192077637,58628,58638,10
13.0992202759,80.2196121216,58638,58648,10
13.0991201401,80.2201690674,58648,58662,14
13.09897995,80.2209320068,58662,58672,10
13.0988197327,80.2219619751,58672,58682,10
13.0988197327,80.2227706909,58682,58692,10
13.0991601944,80.2233886719,58692,58702,10
13.0995998383,80.2240829468,58702,58712,10
13.0997896194,80.2247314453,58712,58722,10
13.0999603271,80.2255172729,58722,58732,10
13.1000499725,80.2262191772,58732,58742,10
13.1000900269,80.2269363403,58742,58752,10
13.1001195908,80.2276306152,58752,58763,11
13.100060463,80.2281723022,58763,58773,10
13.0999898911,80.2286224365,58773,58783,10
13.0999002457,80.2291717529,58783,58793,10
13.0997800827,80.2297592163,58793,58803,10
13.099650383,80.2302703857,58803,58813,10
13.0994501114,80.2308883667,58813,58822,9
13.0991601944,80.2314987183,58822,58833,11
13.0989599228,80.2320175171,58833,58843,10
13.0987596512,80.232749939,58843,58854,11
13.0986795425,80.2332992554,58854,58864,10
13.0986404419,80.2335128784,58864,58874,10
13.0986204147,80.2339630127,58874,58884,10
13.0985803604,80.2345428467,58884,58894,10
13.0985002518,80.2350692749,58894,58904,10
13.0984296799,80.2354736328,58904,58914,10
13.0983800888,80.2359237671,58914,58924,10
13.0982704163,80.2365264893,58924,58934,10
13.09815979,80.2371368408,58934,58944,10
13.0980796814,80.2376785278,58944,58955,11
13.0979204178,80.2384033203,58955,58965,10
13.0978403091,80.2389373779,58965,58975,10
13.0977802277,80.2395324707,58975,58985,10
13.0977401733,80.2401885986,58985,58995,10
13.0976896286,80.2408294678,58995,59005,10
13.0976104736,80.2414169312,59005,59015,10
13.0975503922,80.241859436,59015,59127,112
13.0975503922,80.241859436,59127,59137,10
13.0975103378,80.242149353,59137,59147,10
13.097869873,80.2422790527,59147,59158,11
13.0984096527,80.242401123,59158,59168,10
13.0987195969,80.2422637939,59168,59178,10
13.0987501144,80.2420196533,59178,59188,10
13.0987997055,80.2416992188,59188,59198,10
13.0986099243,80.2413330078,59198,59573,375
13.0986099243,80.2413330078,59573,59583,10
13.0986099243,80.2412567139,59583,59593,10
13.09856987,80.2410507202,59593,59603,10
13.0986204147,80.2408218384,59603,59613,10
13.0983800888,80.2407073975,59613,60482,869
13.0982103348,80.2406692505,60482,60795,313
13.0984897614,80.240737915,60795,60886,91
13.0984897614,80.240737915,60886,60896,10
13.0985097885,80.2407836914,60896,60906,10
13.0984802246,80.2409667969,60906,60916,10
13.0985002518,80.2412033081,60916,60926,10
13.0988998413,80.2414932251,60926,60937,11
13.099149704,80.2409286499,60937,60947,10
13.0990600586,80.240737915,60947,60957,10
13.0989303589,80.2405166626,60957,60967,10
13.0990695953,80.2402114868,60967,60977,10
13.0991401672,80.2407913208,60977,60987,10
13.0991601944,80.2412261963,60987,60997,10
13.0987901688,80.241569519,60997,61279,282
13.0987901688,80.241569519,61279,61290,11
13.09856987,80.2413787842,61290,61300,10
13.0985403061,80.2410430908,61300,61310,10
13.0985002518,80.2406692505,61310,61320,10
13.0983695984,80.2405014038,61320,61825,505
13.0982704163,80.2403717041,61825,61906,81
13.0982704163,80.2403717041,61906,61916,10
13.0984401703,80.240447998,61916,63098,1182
13.0984401703,80.240447998,63098,63108,10
13.0985898972,80.2404022217,63108,63119,11
13.0986099243,80.2402191162,63119,63129,10
13.0988197327,80.2400894165,63129,63139,10
13.0990896225,80.2404632568,63139,63159,20
13.0990896225,80.2404632568,63159,63169,10
13.0990400314,80.240737915,63169,63179,10
13.09897995,80.2409591675,63179,63189,10
13.0989398956,80.2412872314,63189,63199,10
13.0988702774,80.2415466309,63199,63826,627
13.0988702774,80.2415466309,63826,63836,10
13.0987901688,80.2417831421,63836,63846,10
13.0987300873,80.2421188354,63846,63856,10
13.0986003876,80.2423629761,63856,63866,10
13.0982904434,80.2423706055,63866,63876,10
13.0975704193,80.2422332764,63876,64018,142
13.0975704193,80.2422332764,64018,64028,10
13.0973396301,80.2420196533,64028,64038,10
13.0975999832,80.2409133911,64038,64048,10
13.0975999832,80.2409133911,64048,64058,10
13.0976600647,80.2403335571,64058,64068,10
13.0976896286,80.2398300171,64068,64078,10
13.0977401733,80.239402771,64078,64088,10
13.0977602005,80.2389984131,64088,64098,10
13.0978403091,80.2385101318,64098,64111,13
13.0979099274,80.2381515503,64111,64134,23
13.0981197357,80.2370681763,64134,64144,10
13.0981998444,80.2364120483,64144,64154,10
13.0982999802,80.2358016968,64154,64164,10
13.098400116,80.2351226807,64164,64174,10
13.0984601974,80.2349014282,64174,64184,10
13.0984802246,80.2346496582,64184,64194,10
13.0985202789,80.2342376709,64194,64204,10
13.0985603333,80.2338180542,64204,64215,11
13.0986404419,80.2332229614,64215,64225,10
13.0987300873,80.2325897217,64225,64235,10
13.0988903046,80.2320480347,64235,64245,10
13.0991096497,80.2315292358,64245,64255,10
13.0993499756,80.2310333252,64255,64265,10
13.0994997025,80.2306594849,64265,64275,10
13.0995197296,80.2305831909,64275,64285,10
13.0996198654,80.2302474976,64285,64295,10
13.0996904373,80.2298965454,64295,64305,10
13.0997400284,80.2297286987,64305,64316,11
13.0997896194,80.2294311523,64316,64326,10
13.0998601913,80.2290420532,64326,64336,10
13.0999403,80.2285690308,64336,64346,10
13.1000404358,80.2279510498,64346,64356,10
13.1000204086,80.2271881104,64356,64366,10
13.0999898911,80.2265396118,64366,64376,10
13.0999298096,80.2259597778,64376,64386,10
13.0998897552,80.225402832,64386,64396,10
13.0997400284,80.224861145,64396,64406,10
13.0995798111,80.2242965698,64406,64417,11
13.0993299484,80.2238006592,64417,64427,10
13.0991697311,80.2235794067,64427,64437,10
13.0989599228,80.2232971191,64437,64447,10
13.0987997055,80.2230529785,64447,64457,10
13.0987100601,80.2226867676,64457,64467,10
13.098739624,80.2221221924,64467,64477,10
13.09897995,80.220489502,64477,64487,10
13.09897995,80.220489502,64487,64497,10
13.0991096497,80.2197494507,64497,64507,10
13.0991802216,80.2193374634,64507,64518,11
13.099240303,80.2188568115,64518,64528,10
13.0993499756,80.2182006836,64528,64538,10
13.0994701385,80.2174987793,64538,64548,10
13.0996799469,80.2168197632,64548,64558,10
13.0998401642,80.2164382935,64558,64568,10
13.0999202728,80.2158813477,64568,64578,10
13.1000795364,80.2155685425,64578,64588,10
13.100230217,80.2152481079,64588,64598,10
13.1002597809,80.2151184082,64598,64608,10
13.1002197266,80.2148513794,64608,65649,1041
13.1002197266,80.2148513794,65649,65659,10
13.1000204086,80.2145233154,65659,65669,10
13.099820137,80.2144622803,65669,65679,10
13.0994195938,80.2143478394,65679,65689,10
13.0989704132,80.2142028809,65689,65699,10
13.0986404419,80.2140731812,65699,65710,11
13.0986204147,80.214050293,65710,65720,10
13.0984802246,80.2140197754,65720,65730,10
13.0983400345,80.214302063,65730,65740,10
13.0981502533,80.2147598267,65740,65750,10
13.0979404449,80.2152481079,65750,65760,10
13.0977201462,80.2157897949,65760,65770,10
13.0974798203,80.2163772583,65770,65780,10
13.0973396301,80.216796875,65780,65790,10
13.0972995758,80.2169113159,65790,65800,10
13.0971803665,80.2172164917,65800,65811,11
13.0969600677,80.2178115845,65811,65821,10
13.0967197418,80.2184906006,65821,65831,10
13.096540451,80.2191162109,65831,65841,10
13.0963497162,80.219619751,65841,65851,10
13.0960197449,80.2205276489,65851,65861,10
13.0957603455,80.2212905884,65861,65871,10
13.0955495834,80.2219467163,65871,65881,10
13.0953502655,80.2225112915,65881,65891,10
13.0953102112,80.2226028442,65891,65901,10
13.0951404572,80.2230377197,65901,65912,11
13.0948295593,80.2235794067,65912,65922,10
13.0943603516,80.2242431641,65922,65932,10
13.0938997269,80.2248535156,65932,65942,10
13.0934200287,80.2254104614,65942,65952,10
13.0928096771,80.2260437012,65952,65962,10
13.0922203064,80.2266464233,65962,65972,10
13.0916500092,80.2272567749,65972,65982,10
13.0912904739,80.2276382446,65982,65992,10
13.0912799835,80.2276535034,65992,66002,10
13.0910997391,80.2277984619,66002,66013,11
13.0908002853,80.2281112671,66013,66023,10
13.090379715,80.2285385132,66023,66033,10
13.0898599625,80.2291412354,66033,66043,10
13.0893697739,80.2298431396,66043,66053,10
13.0891504288,80.2302627563,66053,66063,10
13.0888395309,80.2309188843,66063,66083,20
13.0888395309,80.2309188843,66083,66093,10
13.0887699127,80.2310180664,66093,66103,10
13.0886297226,80.2313690186,66103,66115,12
13.0884199142,80.2320022583,66115,66125,10
13.0881996155,80.2328567505,66125,66135,10
13.088060379,80.2336807251,66135,66145,10
13.0879802704,80.2343215942,66145,66155,10
13.0874595642,80.2345962524,66155,66165,10
13.0870304108,80.2346191406,66165,66175,10
13.0866603851,80.2345581055,66175,66185,10
13.0861997604,80.2344818115,66185,66195,10
13.0853796005,80.2342834473,66195,66204,9
13.0849399567,80.234161377,66204,66216,12
13.0844202042,80.234046936,66216,66226,10
13.0838003159,80.2339401245,66226,66236,10
13.0837097168,80.2339401245,66236,66246,10
13.0834302902,80.2338562012,66246,66256,10
13.0827598572,80.233757019,66256,66307,51
13.0827598572,80.233757019,66307,66317,10
13.0823497772,80.2336120605,66317,66327,10
13.0820798874,80.2335968018,66327,66337,10
13.0818300247,80.233581543,66337,66347,10
13.0814800262,80.233581543,66347,66357,10
13.0809402466,80.2335662842,66357,66367,10
13.0803098679,80.2335510254,66367,66377,10
13.0795297623,80.2335128784,66377,66408,31
13.0795297623,80.2335128784,66408,66418,10
13.0791597366,80.233581543,66418,66428,10
13.0787000656,80.233581543,66428,66438,10
13.078209877,80.2335891724,66438,66448,10
13.0777797699,80.2336120605,66448,66458,10
13.0773096085,80.2336807251,66458,66468,10
13.0766801834,80.2337722778,66468,66478,10
13.0759897232,80.2339172363,66478,66488,10
13.075920105,80.2342987061,66488,66498,10
13.0759601593,80.2345275879,66498,66509,11
13.0759801865,80.2346572876,66509,66519,10
13.0760602951,80.2350692749,66519,66529,10
13.0761899948,80.2356796265,66529,66539,10
13.0762996674,80.236328125,66539,66549,10
13.0764303207,80.2369537354,66549,66559,10
13.076499939,80.2372894287,66559,66569,10
13.076499939,80.2373123169,66569,66579,10
13.0765199661,80.2374420166,66579,66589,10
13.0766296387,80.2378921509,66589,66642,53
13.0766296387,80.2378921509,66642,66651,9
13.0767202377,80.2382202148,66651,66662,11
13.0768203735,80.2387466431,66662,66672,10
13.0769996643,80.2395019531,66672,66682,10
13.077170372,80.2402801514,66682,66691,9
13.0773296356,80.2409515381,66691,66702,11
13.0774002075,80.2413482666,66702,66713,11
13.0775403976,80.2419815063,66713,66723,10
13.0776796341,80.2426834106,66723,66733,10
13.0777997971,80.2435302734,66733,66743,10
13.0777702332,80.244178772,66743,66753,10
13.0777597427,80.2442626953,66753,66763,10
13.0778102875,80.2444992065,66763,66773,10
13.0778903961,80.2449798584,66773,66783,10
13.0779304504,80.2456207275,66783,66793,10
13.0779800415,80.2462005615,66793,66803,10
13.0780801773,80.2466812134,66803,66814,11
13.0782203674,80.2474365234,66814,66824,10
13.0783500671,80.2482681274,66824,66834,10
13.078499794,80.248878479,66834,66844,10
13.0786304474,80.24949646,66844,66854,10
13.0787096024,80.2501678467,66854,66864,10
13.0784702301,80.2507400513,66864,66874,10
13.0785799026,80.2513885498,66874,66884,10
13.0783996582,80.2516708374,66884,66894,10
13.0780000687,80.2517700195,66894,66903,9
13.077340126,80.2518920898,66903,66915,12
13.0763998032,80.2520675659,66915,66925,10
13.0755901337,80.2521820068,66925,66935,10
13.0749702454,80.2522277832,66935,66945,10
13.074379921,80.252243042,66945,66955,10
13.0739097595,80.2523498535,66955,66965,10
13.0734701157,80.2524490356,66965,66975,10
13.0728902817,80.2524108887,66975,66985,10
13.0723304749,80.2521972656,66985,66995,10
13.0721302032,80.251701355,66995,67005,10
13.072019577,80.2510910034,67005,67016,11
13.0718202591,80.2503890991,67016,67026,10
13.0716199875,80.2497177124,67026,67035,9
13.0714998245,80.2490234375,67035,67046,11
13.071390152,80.2483978271,67046,67056,10
13.0713100433,80.2481994629,67056,67066,10
13.0711803436,80.2479171753,67066,67076,10
13.0709600449,80.2473831177,67076,67086,10
13.0706195831,80.2467422485,67086,67096,10
13.0702600479,80.2459182739,67096,67106,10
13.0698900223,80.2450790405,67106,67117,11
13.0695800781,80.2441864014,67117,67127,10
13.0693397522,80.243560791,67127,67137,10
13.0692796707,80.2434082031,67137,67147,10
13.0692501068,80.2432785034,67147,67157,10
13.0691995621,80.2428817749,67157,67167,10
13.0690402985,80.2425994873,67167,67177,10
13.0686197281,80.2426223755,67177,67187,10
13.0680198669,80.2427825928,67187,67197,10
13.0673599243,80.2429962158,67197,67207,10
13.0667695999,80.243309021,67207,67218,11
13.0661802292,80.243637085,67218,67228,10
13.0661697388,80.2442092896,67228,67238,10
13.0662603378,80.2449417114,67238,67248,10
13.0663404465,80.2454986572,67248,67258,10
13.0666599274,80.2460403442,67258,67268,10
13.0677995682,80.2465820313,67268,67288,20
13.0677995682,80.2465820313,67288,67298,10
13.0678396225,80.2466430664,67298,67308,10
13.067899704,80.2470397949,67308,67319,11
13.0678701401,80.2476882935,67319,67329,10
13.0673999786,80.2479629517,67329,67339,10
13.066740036,80.2479171753,67339,67349,10
13.0660400391,80.2478790283,67349,67359,10
13.065369606,80.2478637695,67359,67369,10
13.0645599365,80.247756958,67369,67379,10
13.063659668,80.2476806641,67379,67389,10
13.0628004074,80.2476425171,67389,67399,10
13.0621299744,80.2476196289,67399,67409,10
13.0615100861,80.2473373413,67409,67420,11
13.0613698959,80.2469711304,67420,67430,10
13.0615997314,80.2467575073,67430,67440,10
13.0617103577,80.246307373,67440,67450,10
13.0618495941,80.2456207275,67450,67460,10
13.0622901917,80.2451782227,67460,67470,10
13.0627298355,80.2448196411,67470,67480,10
13.0630903244,80.244430542,67480,67490,10
13.0630998611,80.244430542,67490,67500,10
13.0631999969,80.2443008423,67500,67511,11
13.0633401871,80.2439193726,67511,67521,10
13.0632400513,80.243598938,67521,67531,10
13.062789917,80.2434768677,67531,67541,10
13.0623197556,80.2433624268,67541,67551,10
13.061920166,80.2433013916,67551,67561,10
13.0616798401,80.2432479858,67561,67571,10
13.0613698959,80.2431793213,67571,67581,10
13.061249733,80.2431716919,67581,67591,10
13.0608196259,80.243019104,67591,67601,10
13.0604200363,80.2428817749,67601,67612,11
13.0598802567,80.2427062988,67612,67622,10
13.0593700409,80.2425765991,67622,67632,10
13.0588798523,80.2426071167,67632,67642,10
13.0587797165,80.2426605225,67642,67652,10
13.0585403442,80.2427520752,67652,67662,10
13.0580997467,80.2427825928,67662,67672,10
13.0576400757,80.2428207397,67672,67713,41
13.0576400757,80.2428207397,67713,67723,10
13.057009697,80.2428894043,67723,67753,30
13.057009697,80.2428894043,67753,67763,10
13.0567598343,80.2427597046,67763,67773,10
13.0566997528,80.2427368164,67773,67783,10
13.0565099716,80.2427062988,67783,67793,10
13.0563602448,80.2426223755,67793,67803,10
13.0561800003,80.2425613403,67803,67814,11
13.0560398102,80.242477417,67814,67824,10
13.0557403564,80.2423782349,67824,67834,10
13.0553302765,80.2423629761,67834,67874,40
13.0553302765,80.2423629761,67874,67884,10
13.0549497604,80.242401123,67884,67995,111
13.0549497604,80.242401123,67995,68005,10
13.0545902252,80.242477417,68005,68016,11
13.0544700623,80.2424621582,68016,68026,10
13.054309845,80.2424087524,68026,68036,10
13.0539398193,80.2423324585,68036,68046,10
13.0536499023,80.2422409058,68046,68056,10
13.0535802841,80.2421875,68056,68066,10
13.0530004501,80.2419586182,68066,68147,81
13.0530004501,80.2419586182,68147,68157,10
13.0527601242,80.2418823242,68157,68167,10
13.0523900986,80.2416000366,68167,68177,10
13.052189827,80.2412872314,68177,68248,71
13.052189827,80.2412872314,68248,68258,10
13.0519800186,80.2409591675,68258,68278,20
13.0519800186,80.2409591675,68278,68288,10
13.0518398285,80.2407913208,68288,68298,10
13.0515699387,80.2407302856,68298,68308,10
13.0508003235,80.2405776978,68308,68328,20
13.0508003235,80.2405776978,68328,68339,11
13.050359726,80.2404632568,68339,68359,20
13.050359726,80.2404632568,68359,68369,10
13.0499401093,80.2403869629,68369,68379,10
13.0498600006,80.2403717041,68379,68389,10
13.0496196747,80.2403106689,68389,68399,10
13.0491800308,80.240196228,68399,68409,10
13.048740387,80.2401123047,68409,68420,11
13.0481500626,80.240020752,68420,68430,10
13.0475502014,80.2398910522,68430,68440,10
13.0469102859,80.2397537231,68440,68450,10
13.0462999344,80.2395019531,68450,68460,10
13.0463399887,80.2391967773,68460,68470,10
13.0464296341,80.238609314,68470,68480,10
13.0465803146,80.2378616333,68480,68490,10
13.04666996,80.237159729,68490,68500,10
13.0468597412,80.2364807129,68500,68510,10
13.0469703674,80.2360229492,68510,68521,11
13.0469799042,80.2359390259,68521,68531,10
13.0470199585,80.2356796265,68531,68541,10
13.0470695496,80.2353134155,68541,68550,9
13.0471401215,80.2346420288,68550,68561,11
13.0472002029,80.2339401245,68561,68591,30
13.0472002029,80.2339401245,68591,68601,10
13.0473003387,80.2335205078,68601,68611,10
13.0472898483,80.2333602905,68611,68622,11
13.0471601486,80.2330780029,68622,68632,10
13.046620369,80.2329864502,68632,68642,10
13.0458698273,80.2328109741,68642,68652,10
13.0451803207,80.2326583862,68652,68662,10
13.0451698303,80.2326507568,68662,68672,10
13.0448198318,80.2325897217,68672,68682,10
13.044210434,80.2324829102,68682,68692,10
13.0434398651,80.2323913574,68692,68702,10
13.042840004,80.232383728,68702,68713,11
13.0422496796,80.2323684692,68713,68723,10
13.0416202545,80.2322692871,68723,68733,10
13.0408601761,80.2320785522,68733,68743,10
13.040019989,80.2317810059,68743,68753,10
13.0391597748,80.2315597534,68753,68763,10
13.0382604599,80.2312774658,68763,68773,10
13.0375204086,80.231086731,68773,68783,10
13.03703022,80.2309036255,68783,68803,20
13.03703022,80.2309036255,68803,68814,11
13.0365495682,80.2307662964,68814,68824,10
13.0360898972,80.2305984497,68824,68985,161
13.0360898972,80.2305984497,68985,68995,10
13.0355195999,80.2304229736,68995,69005,10
13.0353803635,80.2303771973,69005,69016,11
13.0349502563,80.2303314209,69016,69026,10
13.0344600677,80.2303771973,69026,69046,20
13.0344600677,80.2303771973,69046,69056,10
13.0342102051,80.2304763794,69056,69066,10
13.0338401794,80.23046875,69066,69086,20
13.0338401794,80.23046875,69086,69096,10
13.0334196091,80.2304992676,69096,69117,21
13.0334196091,80.2304992676,69117,69127,10
13.0330600739,80.2305374146,69127,69137,10
13.0324802399,80.2305831909,69137,69147,10
13.0318698883,80.230682373,69147,69157,10
13.0312700272,80.2307434082,69157,69187,30
13.0312700272,80.2307434082,69187,69197,10
13.0310602188,80.230758667,69197,69207,10
13.0306596756,80.2307662964,69207,69218,11
13.030090332,80.2308120728,69218,69228,10
13.0299596786,80.230796814,69228,69238,10
13.0298595428,80.2308273315,69238,69248,10
13.0297899246,80.2308273315,69248,69258,10
13.0294904709,80.2308731079,69258,69268,10
13.0289402008,80.2309188843,69268,69278,10
13.0282897949,80.2309799194,69278,69288,10
13.0277900696,80.2310180664,69288,69298,10
13.0276203156,80.2312011719,69298,69308,10
13.0276699066,80.2317199707,69308,69319,11
13.0277700424,80.2322921753,69319,69329,10
13.0278396606,80.2328033447,69329,69338,9
13.0273199081,80.2329177856,69338,69399,61
13.0273199081,80.2329177856,69399,69409,10
13.0271100998,80.2329788208,69409,69420,11
13.0269498825,80.233001709,69420,69430,10
13.0267400742,80.2330474854,69430,69440,10
13.0264596939,80.2329864502,69440,69450,10
13.0263595581,80.2327804565,69450,69460,10
13.0262498856,80.2325210571,69460,69470,10
13.0261497498,80.2322387695,69470,69480,10
13.0260696411,80.2318725586,69480,69490,10
13.0259199142,80.2314605713,69490,69500,10
13.0257101059,80.2307815552,69500,69510,10
13.025270462,80.2300033569,69510,69521,11
13.0249004364,80.2294921875,69521,69531,10
13.0247297287,80.2292861938,69531,69541,10
13.024600029,80.2291107178,69541,69551,10
13.0243396759,80.2287597656,69551,69561,10
13.0240602493,80.2284622192,69561,69571,10
13.0240402222,80.2284393311,69571,69581,10
13.0239400864,80.2283325195,69581,69591,10
13.0236597061,80.2279891968,69591,69601,10
13.0232095718,80.2275390625,69601,69612,11
13.022649765,80.2269592285,69612,69622,10
13.0219802856,80.2263565063,69622,69632,10
13.0211896896,80.2257537842,69632,69642,10
13.0204601288,80.2252197266,69642,69652,10
13.0199403763,80.2248535156,69652,69662,10
13.0198898315,80.224822998,69662,69672,10
13.019780159,80.2247390747,69672,69682,10
13.0193195343,80.2245178223,69682,69692,10
13.0185403824,80.2245864868,69692,69702,10
13.017660141,80.2249832153,69702,69713,11
13.0165901184,80.2254180908,69713,69723,10
13.0160598755,80.2256317139,69723,69733,10
13.0158004761,80.2257003784,69733,69743,10
13.0153398514,80.2258834839,69743,69753,10
13.0146999359,80.2261581421,69753,69763,10
13.0142602921,80.2263031006,69763,69773,10
13.0141897202,80.2262878418,69773,69783,10
13.0138597488,80.2264404297,69783,69793,10
13.0132799149,80.2266387939,69793,69803,10
13.0125398636,80.2269363403,69803,69814,11
13.011590004,80.2273330688,69814,69824,10
13.0106096268,80.2277374268,69824,69834,10
13.0097198486,80.2281036377,69834,69844,10
13.0091199875,80.2285614014,69844,69854,10
13.0089797974,80.2293930054,69854,69864,10
13.0088996887,80.2298202515,69864,69874,10
13.0088596344,80.2300796509,69874,69884,10
13.0087995529,80.2304000854,69884,69904,20
13.0087995529,80.2304000854,69904,69915,11
13.008769989,80.2305526733,69915,69925,10
13.0087003708,80.23097229,69925,69975,50
13.0087003708,80.23097229,69975,69984,9
13.0085401535,80.2316894531,69984,70005,21
13.0085401535,80.2316894531,70005,70016,11
13.008480072,80.2319869995,70016,70036,20
13.008480072,80.2319869995,70036,70046,10
13.0083904266,80.2324523926,70046,70075,29
13.0083904266,80.2324523926,70075,70086,11
13.0083398819,80.2326889038,70086,70096,10
13.008310318,80.2328262329,70096,70118,22
13.0082597733,80.233291626,70118,70129,11
13.0082101822,80.2334823608,70129,70139,10
13.0081996918,80.2335205078,70139,70149,10
13.0081501007,80.2337188721,70149,70159,10
13.0080795288,80.2340011597,70159,70169,10
13.0080099106,80.2343597412,70169,70179,10
13.0079698563,80.2345581055,70179,70189,10
13.0078601837,80.2350234985,70189,70199,10
13.0077600479,80.2355270386,70199,70208,9
13.0076999664,80.2359008789,70208,70220,12
13.0076599121,80.2361221313,70220,70230,10
13.007610321,80.2363433838,70230,70240,10
13.0075397491,80.2366714478,70240,70250,10
13.007519722,80.2367477417,70250,70260,10
13.0074901581,80.236869812,70260,70270,10
13.0074501038,80.2370376587,70270,70280,10
13.0073604584,80.237411499,70280,70290,10
13.0072803497,80.2378234863,70290,70300,10
13.0071697235,80.2383270264,70300,70351,51
13.0071697235,80.2383270264,70351,70361,10
13.0070896149,80.2387008667,70361,70371,10
13.0070199966,80.2390975952,70371,70381,10
13.0069198608,80.239692688,70381,70391,10
13.0068101883,80.2402420044,70391,70401,10
13.0067100525,80.2407226563,70401,70411,10
13.0066404343,80.2411422729,70411,70422,11
13.0066003799,80.2416381836,70422,70432,10
13.0066003799,80.2421417236,70432,70442,10
13.0066099167,80.2426223755,70442,70452,10
13.0066299438,80.242980957,70452,70462,10
13.0066299438,80.2433013916,70462,70472,10
13.006649971,80.2435073853,70472,70482,10
13.0066404343,80.2437515259,70482,70492,10
13.0066604614,80.2444229126,70492,70543,51
13.0066604614,80.2444229126,70543,70553,10
13.0066404343,80.2449035645,70553,70563,10
13.006649971,80.2451705933,70563,70572,9
13.0066604614,80.2454223633,70572,70583,11
13.0066699982,80.2457809448,70583,70593,10
13.0066795349,80.2462310791,70593,70603,10
13.0066995621,80.2467498779,70603,70613,10
13.0066900253,80.247467041,70613,70624,11
13.0066900253,80.2483596802,70624,70634,10
13.0067195892,80.249420166,70634,70644,10
13.0067501068,80.250579834,70644,70654,10
13.0067796707,80.2511901855,70654,70664,10
13.0067195892,80.2515869141,70664,70674,10
13.0066003799,80.2522201538,70674,70684,10
13.0065097809,80.2529067993,70684,70694,10
13.0065002441,80.2540817261,70694,70704,10
13.0065402985,80.2549514771,70704,70725,21
13.0065402985,80.2549514771,70725,70735,10
13.0065202713,80.2552871704,70735,70745,10
13.006529808,80.2559585571,70745,70755,10
13.0065498352,80.2567672729,70755,70765,10
13.0066099167,80.2571029663,70765,70795,30
13.0066099167,80.2571029663,70795,70805,10
13.0066604614,80.2574005127,70805,70815,10
13.0062999725,80.257598877,70815,70826,11
13.0058202744,80.2574768066,70826,70836,10
13.0054798126,80.2574005127,70836,70846,10
13.0048398972,80.2572631836,70846,70856,10
13.0039997101,80.2570724487,70856,70866,10
13.0032300949,80.2568969727,70866,70876,10
13.0024900436,80.2567825317,70876,70886,10
13.0017004013,80.256652832,70886,70906,20
13.0017004013,80.256652832,70906,70916,10
13.0014200211,80.2565765381,70916,70927,11
13.0008001328,80.2565002441,70927,70937,10
13.0000295639,80.2563934326,70937,70947,10
12.999250412,80.2562179565,70947,70957,10
12.9985799789,80.2561416626,70957,70967,10
12.9982995987,80.2560882568,70967,70987,20
12.9982995987,80.2560882568,70987,70997,10
12.9980401993,80.2560501099,70997,71007,10
12.9970598221,80.2559585571,71007,71108,101
12.9970598221,80.2559585571,71108,71119,11
12.9967002869,80.2559127808,71119,71129,10
12.9961900711,80.2559127808,71129,71139,10
12.9956903458,80.2559127808,71139,71149,10
12.9954204559,80.2559204102,71149,71159,10
12.9948797226,80.2559204102,71159,71169,10
12.99421978,80.2559967041,71169,71177,8
12.9937295914,80.2560424805,71177,71189,12
12.9928503036,80.2560882568,71189,71199,10
12.9919099808,80.256111145,71199,71209,10
12.9911003113,80.256111145,71209,71220,11
12.9901399612,80.2561035156,71220,71230,10
12.9891796112,80.2560577393,71230,71240,10
12.9884004593,80.2559890747,71240,71250,10
12.9883804321,80.2559814453,71250,71260,10
12.9880504608,80.2559204102,71260,71270,10
12.9879598618,80.2559127808,71270,71280,10
12.987660408,80.2559585571,71280,71290,10
12.987569809,80.2565307617,71290,71300,10
12.9874897003,80.2572631836,71300,71310,10
12.9874200821,80.2580795288,71310,71321,11
12.9873504639,80.2590866089,71321,71331,10
12.9872198105,80.259552002,71331,71351,20
12.9872198105,80.259552002,71351,71361,10
12.9871196747,80.2596206665,71361,71371,10
12.9868402481,80.2596130371,71371,71381,10
12.9865503311,80.2593231201,71381,71391,10
12.9867601395,80.2590484619,71391,71442,51
12.9871301651,80.2591323853,71442,72109,667
12.9871301651,80.2591323853,72109,72119,10
12.9873199463,80.2591781616,72119,72129,10
12.9873600006,80.2589187622,72129,72139,10
12.9873600006,80.2588424683,72139,72149,10
12.9873800278,80.2585830688,72149,72159,10
12.9874000549,80.2582626343,72159,72169,10
12.9874095917,80.2579193115,72169,72179,10
12.9874401093,80.2574005127,72179,72189,10
12.9874696732,80.2568588257,72189,72321,132
12.9874696732,80.2568588257,72321,72331,10
12.9874696732,80.2566223145,72331,72341,10
12.9875001907,80.2564086914,72341,72351,10
12.9875001907,80.2561035156,72351,72361,10
12.9876098633,80.255821228,72361,72371,10
12.9879398346,80.2558288574,72371,72381,10
12.9881095886,80.2558517456,72381,72391,10
12.9881601334,80.2558670044,72391,72401,10
12.9885797501,80.2559280396,72401,72422,21
12.9885797501,80.2559280396,72422,72432,10
12.9889202118,80.2559814453,72432,72442,10
12.9894599915,80.2560119629,72442,72452,10
12.9901695251,80.2560195923,72452,72462,10
12.9905796051,80.2560119629,72462,72472,10
12.990940094,80.2560424805,72472,72482,10
12.9914999008,80.2560501099,72482,72492,10
12.9923400879,80.2560806274,72492,72502,10
12.9932603836,80.2560577393,72502,72513,11
12.9941301346,80.2560119629,72513,72523,10
12.9948396683,80.2559280396,72523,72533,10
12.995349884,80.2559127808,72533,72563,30
12.995349884,80.2559127808,72563,72573,10
12.9956798553,80.2559204102,72573,72583,10
12.9961900711,80.2559127808,72583,72593,10
12.9966402054,80.2558898926,72593,72603,10
12.9969997406,80.2558898926,72603,72614,11
12.9973602295,80.2559204102,72614,72624,10
12.9977502823,80.2559585571,72624,72634,10
12.9981603622,80.2560119629,72634,72644,10
12.9984998703,80.2560806274,72644,72654,10
12.9988803864,80.2560806274,72654,72715,61
12.9988803864,80.2560806274,72715,72725,10
12.9992904663,80.256149292,72725,72735,10
12.9997596741,80.2562637329,72735,72745,10
13.0003404617,80.2563934326,72745,72755,10
13.00096035,80.2564926147,72755,72765,10
13.0015201569,80.2566070557,72765,72775,10
13.0018901825,80.2566604614,72775,72785,10
13.0023097992,80.2567214966,72785,72796,11
13.0028896332,80.2568206787,72796,72805,9
13.0034399033,80.256942749,72805,72817,12
13.0040998459,80.2570495605,72817,72827,10
13.0047397614,80.2571716309,72827,72837,10
13.0054798126,80.2572937012,72837,72847,10
13.0060396194,80.2573928833,72847,72887,40
13.0060396194,80.2573928833,72887,72897,10
13.0064001083,80.2574615479,72897,72907,10
13.006480217,80.2571563721,72907,72918,11
13.0064096451,80.2566833496,72918,72928,10
13.0064001083,80.2561416626,72928,72938,10
13.0064201355,80.2555007935,72938,72948,10
13.0064601898,80.2548370361,72948,72958,10
13.0064296722,80.2543411255,72958,72968,10
13.0064401627,80.2539291382,72968,72978,10
13.0064296722,80.2533416748,72978,72998,20
13.0064296722,80.2533416748,72998,73009,11
13.0064401627,80.2530975342,73009,73029,20
13.0064401627,80.2530975342,73029,73039,10
13.0064401627,80.2529525757,73039,73049,10
13.0064601898,80.2525787354,73049,73059,10
13.0065402985,80.2520599365,73059,73069,10
13.0066795349,80.251373291,73069,73079,10
13.0066995621,80.2506866455,73079,73089,10
13.0066995621,80.2499008179,73089,73099,10
13.0066900253,80.2492599487,73099,73120,21
13.0066900253,80.2492599487,73120,73130,10
13.0066900253,80.2489776611,73130,73140,10
13.006649971,80.2486724854,73140,73150,10
13.0066003799,80.2479019165,73150,73312,162
13.0066003799,80.2479019165,73312,73322,10
13.0066099167,80.2477874756,73322,73332,10
13.0066204071,80.2474136353,73332,73342,10
13.0066003799,80.2467880249,73342,73352,10
13.0065698624,80.2463684082,73352,73362,10
13.0065803528,80.2463607788,73362,73372,10
13.0065603256,80.2459793091,73372,73382,10
13.0065402985,80.2454376221,73382,73392,10
13.0065402985,80.2451095581,73392,73402,10
13.0065402985,80.2448272705,73402,73413,11
13.0065402985,80.2444915771,73413,73423,10
13.0065498352,80.2443008423,73423,73433,10
13.0065603256,80.2441101074,73433,73443,10
13.0065603256,80.2438735962,73443,73453,10
13.006529808,80.2434310913,73453,73463,10
13.0064897537,80.2429504395,73463,73473,10
13.0064697266,80.2423171997,73473,73483,10
13.0064897537,80.2416610718,73483,73493,10
13.0065097809,80.2413635254,73493,73554,61
13.0065097809,80.2413635254,73554,73564,10
13.0065402985,80.2411270142,73564,73574,10
13.0066003799,80.2407836914,73574,73584,10
13.0067100525,80.2402267456,73584,73594,10
13.0068702698,80.2395095825,73594,73604,10
13.0070295334,80.2386474609,73604,73615,11
13.0072202682,80.2376937866,73615,73625,10
13.007349968,80.2367477417,73625,73645,20
13.007349968,80.2367477417,73645,73655,10
13.0074396133,80.2365188599,73655,73665,10
13.0074901581,80.2362976074,73665,73675,10
13.0075702667,80.2359237671,73675,73685,10
13.0076503754,80.2354736328,73685,73695,10
13.0077600479,80.2349014282,73695,73705,10
13.0079202652,80.234161377,73705,73716,11
13.0081195831,80.2331771851,73716,73726,10
13.0082902908,80.2322463989,73726,73736,10
13.0084400177,80.2313613892,73736,73749,13
13.0086603165,80.2303695679,73749,73759,10
13.0089302063,80.2290878296,73759,73769,10
13.0091400146,80.2281570435,73769,73779,10
13.0094995499,80.2273101807,73779,73789,10
13.0098896027,80.2264404297,73789,73799,10
13.0102500916,80.225692749,73799,73809,10
13.0106201172,80.2249679565,73809,73820,11
13.0109195709,80.2242584229,73820,73830,10
13.0111503601,80.2237014771,73830,73840,10
13.0112600327,80.2234802246,73840,73850,10
13.0114002228,80.2232131958,73850,73860,10
13.0115995407,80.2227478027,73860,73869,9
13.0117797852,80.2222900391,73869,73880,11
13.012169838,80.2217102051,73880,73890,10
13.0123996735,80.221862793,73890,73900,10
13.0127096176,80.2223129272,73900,73911,11
13.013299942,80.222869873,73911,73921,10
13.0138502121,80.223487854,73921,73931,10
13.0143203735,80.2240829468,73931,73941,10
13.0150299072,80.2247390747,73941,73961,20
13.0150299072,80.2247390747,73961,73971,10
13.0155496597,80.225151062,73971,73991,20
13.0155496597,80.225151062,73991,74001,10
13.0156803131,80.2252807617,74001,74012,11
13.0162801743,80.2254180908,74012,74022,10
13.016960144,80.2251968384,74022,74032,10
13.017660141,80.224899292,74032,74042,10
13.0183801651,80.2246017456,74042,74052,10
13.018989563,80.2243881226,74052,74060,8
13.0194301605,80.2244415283,74060,74072,12
13.019780159,80.2246398926,74072,74082,10
13.0200796127,80.224861145,74082,74092,10
13.0206804276,80.2253112793,74092,74102,10
13.0211496353,80.2256774902,74102,74113,11
13.02161026,80.226020813,74113,74123,10
13.0218601227,80.2261810303,74123,74133,10
13.0219297409,80.2262420654,74133,74143,10
13.0220804214,80.2263870239,74143,74153,10
13.0225000381,80.2267608643,74153,74163,10
13.0229701996,80.227180481,74163,74173,10
13.0235595703,80.2276916504,74173,74183,10
13.0241003036,80.228187561,74183,74193,10
13.0242595673,80.2284088135,74193,74203,10
13.024310112,80.2285003662,74203,74214,11
13.0245399475,80.2288665771,74214,74224,10
13.0249004364,80.2293624878,74224,74234,10
13.0253601074,80.229927063,74234,74244,10
13.0257701874,80.2306213379,74244,74254,10
13.0259799957,80.2312698364,74254,74264,10
13.0263595581,80.231338501,74264,74274,10
13.0269804001,80.2311630249,74274,74284,10
13.0276699066,80.231010437,74284,74294,10
13.0281295776,80.23097229,74294,74304,10
13.0285902023,80.2309265137,74304,74315,11
13.0287904739,80.2309036255,74315,74325,10
13.0292196274,80.2308578491,74325,74356,31
13.0292196274,80.2308578491,74356,74366,10
13.0296096802,80.2308273315,74366,74376,10
13.0301303864,80.2307815552,74376,74386,10
13.0307102203,80.2307434082,74386,74396,10
13.0312595367,80.2306900024,74396,74406,10
13.0317001343,80.2306518555,74406,74417,11
13.0318603516,80.2306518555,74417,74427,10
13.0321798325,80.2306213379,74427,74437,10
13.0327301025,80.2305603027,74437,74447,10
13.033370018,80.2305221558,74447,74457,10
13.0339002609,80.2304382324,74457,74477,20
13.0339002609,80.2304382324,74477,74487,10
13.0342998505,80.2304077148,74487,74518,31
13.0342998505,80.2304077148,74518,74528,10
13.0345401764,80.2304077148,74528,74538,10
13.0345602036,80.2304000854,74538,74548,10
13.034819603,80.2303466797,74548,74588,40
13.034819603,80.2303466797,74588,74598,10
13.0349302292,80.2304229736,74598,74608,10
13.0349197388,80.2309036255,74608,74629,21
13.0349197388,80.2309036255,74629,74639,10
13.0348901749,80.2311325073,74639,74649,10
13.0348300934,80.2316665649,74649,74659,10
13.0347204208,80.232383728,74659,74669,10
13.0345897675,80.2332229614,74669,74679,10
13.0345001221,80.2338409424,74679,74689,10
13.0344200134,80.234588623,74689,74699,10
13.034330368,80.2353668213,74699,74709,10
13.034239769,80.2362136841,74709,74720,11
13.0341796875,80.2369003296,74720,74730,10
13.034239769,80.237411499,74730,74780,50
13.034239769,80.237411499,74780,74790,10
13.0342597961,80.2375183105,74790,74800,10
13.0343904495,80.237701416,74800,74810,10
13.0345201492,80.2379226685,74810,74821,11
13.0347700119,80.2383575439,74821,74831,10
13.0351295471,80.238899231,74831,74841,10
13.0354003906,80.2393035889,74841,74851,10
13.0357999802,80.239402771,74851,74861,10
13.0363903046,80.2394485474,74861,74871,10
13.036860466,80.2395172119,74871,74881,10
13.0376195908,80.239616394,74881,74891,10
13.0382299423,80.2397003174,74891,74901,10
13.0387802124,80.2397384644,74901,74911,10
13.0392198563,80.2398529053,74911,74922,11
13.039560318,80.2398529053,74922,74932,10
13.0400295258,80.2398910522,74932,74942,10
13.0403404236,80.2400588989,74942,74952,10
13.0403499603,80.2404022217,74952,74962,10
13.0407400131,80.2405776978,74962,74972,10
13.0411996841,80.2406234741,74972,75002,30
13.0411996841,80.2406234741,75002,75012,10
13.0414800644,80.2406387329,75012,75164,152
13.0414800644,80.2406387329,75164,75174,10
13.0419397354,80.2407226563,75174,75184,10
13.0423402786,80.2407836914,75184,75194,10
13.0427799225,80.240852356,75194,75204,10
13.0432500839,80.2409210205,75204,75215,11
13.0439796448,80.2409515381,75215,75366,151
13.0439796448,80.2409515381,75366,75376,10
13.0442800522,80.2407531738,75376,75396,20
13.0442800522,80.2407531738,75396,75406,10
13.0445699692,80.2406005859,75406,75417,11
13.0449399948,80.2403411865,75417,75427,10
13.0453796387,80.2400436401,75427,75437,10
13.0459003448,80.2396774292,75437,75447,10
13.0462598801,80.2393722534,75447,75457,10
13.0462999344,80.2389907837,75457,75467,10
13.0464000702,80.2385482788,75467,75477,10
13.0464601517,80.2382202148,75477,75487,10
13.0465803146,80.2376785278,75487,75497,10
13.0466403961,80.2372131348,75497,75507,10
13.0467395782,80.236656189,75507,75519,12
13.0468702316,80.2361984253,75519,75529,10
13.0469398499,80.2358169556,75529,75539,10
13.0469703674,80.2356491089,75539,75549,10
13.0470199585,80.2351837158,75549,75559,10
13.0471000671,80.234588623,75559,75569,10
13.0472002029,80.2338409424,75569,75579,10
13.0472698212,80.2333068848,75579,75609,30
13.0472698212,80.2333068848,75609,75620,11
13.0473003387,80.2330627441,75620,75630,10
13.0468797684,80.2330322266,75630,75640,10
13.0462303162,80.2329330444,75640,75650,10
13.0455598831,80.2328262329,75650,75660,10
13.0451202393,80.2327270508,75660,75680,20
13.0451202393,80.2327270508,75680,75690,10
13.0446996689,80.2325973511,75690,75700,10
13.0441303253,80.2324981689,75700,75710,10
13.0434598923,80.2323913574,75710,75721,11
13.0428695679,80.2323684692,75721,75731,10
13.0424003601,80.232383728,75731,75741,10
13.0418901443,80.2323379517,75741,75751,10
13.0412502289,80.2321777344,75751,75761,10
13.040599823,80.2319412231,75761,75771,10
13.0398797989,80.2317428589,75771,75781,10
13.0392198563,80.2315673828,75781,75791,10
13.0385303497,80.2313766479,75791,75801,10
13.0377902985,80.2311401367,75801,75811,10
13.0370597839,80.2309112549,75811,75822,11
13.0367202759,80.2308120728,75822,75832,10
13.0363798141,80.23072052,75832,75842,10
13.0358600616,80.2305374146,75842,75882,40
13.0358600616,80.2305374146,75882,75892,10
13.0353498459,80.2304000854,75892,75943,51
13.0353498459,80.2304000854,75943,75953,10
13.0350198746,80.2303237915,75953,75963,10
13.0346002579,80.2303771973,75963,75973,10
13.0342702866,80.23046875,75973,75983,10
13.034119606,80.2304763794,75983,75993,10
13.0338497162,80.2304992676,75993,76003,10
13.0335502625,80.2305221558,76003,76013,10
13.0334596634,80.2305221558,76013,76024,11
13.0331697464,80.2305297852,76024,76034,10
13.0327396393,80.2305603027,76034,76044,10
13.0322999954,80.2306137085,76044,76054,10
13.0317201614,80.2306594849,76054,76064,10
13.0311603546,80.2306976318,76064,76074,10
13.0308198929,80.2307510376,76074,76084,10
13.0303602219,80.2307891846,76084,76094,10
13.0299596786,80.2308273315,76094,76104,10
13.029800415,80.2308425903,76104,76115,11
13.0294599533,80.2309112549,76115,76125,10
13.0289201736,80.2309494019,76125,76135,10
13.0282897949,80.2310180664,76135,76145,10
13.0278501511,80.2310562134,76145,76154,9
13.0276699066,80.2311630249,76154,76165,11
13.0276498795,80.2316436768,76165,76175,10
13.0276899338,80.2320404053,76175,76185,10
13.027759552,80.232421875,76185,76195,10
13.0277996063,80.2328033447,76195,76205,10
13.0273704529,80.2329330444,76205,76216,11
13.0268802643,80.2329788208,76216,76226,10
13.0265598297,80.2330093384,76226,76236,10
13.0263500214,80.2326278687,76236,76246,10
13.0262098312,80.2322235107,76246,76256,10
13.0262098312,80.2320709229,76256,76266,10
13.0261096954,80.2316970825,76266,76276,10
13.0259504318,80.2311325073,76276,76286,10
13.0256204605,80.2303695679,76286,76296,10
13.0250797272,80.2296218872,76296,76306,10
13.0245599747,80.2289581299,76306,76317,11
13.0241003036,80.2284393311,76317,76327,10
13.0240802765,80.2284393311,76327,76337,10
13.0240297318,80.2283477783,76337,76347,10
13.0237798691,80.2280197144,76347,76357,10
13.0234699249,80.227722168,76357,76367,10
13.0233402252,80.2275695801,76367,76377,10
13.0230197906,80.2272109985,76377,76387,10
13.0224704742,80.2267532349,76387,76397,10
13.0217695236,80.2261581421,76397,76407,10
13.0211200714,80.2256393433,76407,76418,11
13.0204801559,80.2251815796,76418,76428,10
13.0197896957,80.2247009277,76428,76438,10
13.0187797546,80.2245407104,76438,76448,10
13.0177602768,80.2249526978,76448,76458,10
13.0167598724,80.2253723145,76458,76468,10
13.015999794,80.2256622314,76468,76478,10
13.0152997971,80.2259368896,76478,76488,10
13.0148200989,80.2261505127,76488,76498,10
13.0144701004,80.2262573242,76498,76529,31
13.0144701004,80.2262573242,76529,76539,10
13.0140399933,80.2263717651,76539,76549,10
13.013420105,80.2266311646,76549,76559,10
13.0126104355,80.2269592285,76559,76569,10
13.0116701126,80.2273330688,76569,76579,10
13.0107002258,80.2277374268,76579,76589,10
13.009759903,80.2281417847,76589,76599,10
13.0091400146,80.2287597656,76599,76609,10
13.0089502335,80.2295379639,76609,76620,11
13.0087404251,80.2305603027,76620,76630,10
13.0085601807,80.2314834595,76630,76640,10
13.0083503723,80.232421875,76640,76650,10
13.0082502365,80.2333297729,76650,76663,13
13.0082302094,80.233543396,76663,76673,10
13.0081701279,80.2337265015,76673,76683,10
13.0080795288,80.2340621948,76683,76693,10
13.0080003738,80.2344818115,76693,76703,10
13.0078601837,80.2351074219,76703,76713,10
13.0076999664,80.2359390259,76713,76724,11
13.0074996948,80.2369308472,76724,76734,10
13.0073204041,80.2378311157,76734,76744,10
13.0072002411,80.2386016846,76744,76753,9
13.0070104599,80.2394180298,76753,76764,11
13.0068998337,80.2400817871,76764,76856,92
13.0068998337,80.2400817871,76856,76866,10
13.0068998337,80.2404022217,76866,76876,10
13.006819725,80.2407531738,76876,76886,10
13.0068101883,80.2408218384,76886,76896,10
13.0067596436,80.2410964966,76896,76906,10
13.0067100525,80.2416534424,76906,76916,10
13.0066995621,80.242401123,76916,76927,11
13.0066699982,80.2432327271,76927,76937,10
13.006649971,80.243927002,76937,76947,10
13.006649971,80.244682312,76947,76957,10
13.0066699982,80.2455215454,76957,76967,10
13.0066900253,80.2461013794,76967,76977,10
13.0067195892,80.2466430664,76977,76987,10
13.0067195892,80.2472000122,76987,76997,10
13.0067195892,80.2479324341,76997,77007,10
13.0067396164,80.2486572266,77007,77017,10
13.0068302155,80.2492980957,77017,77028,11
13.0068397522,80.2496337891,77028,77038,10
13.0068397522,80.2499084473,77038,77048,10
13.0068101883,80.2501220703,77048,77058,10
13.0068101883,80.2503662109,77058,77068,10
13.006819725,80.2508392334,77068,77078,10
13.0068101883,80.2511367798,77078,77098,20
13.0068101883,80.2511367798,77098,77108,10
13.0067501068,80.2516174316,77108,77119,11
13.0066099167,80.2521972656,77119,77129,10
13.0065402985,80.2528305054,77129,77139,10
13.0065498352,80.2536697388,77139,77149,10
13.0065498352,80.2543182373,77149,77159,10
13.0065803528,80.2545700073,77159,77169,10
13.0065803528,80.2549819946,77169,77189,20
13.0065803528,80.2549819946,77189,77199,10
13.0065603256,80.2552337646,77199,77209,10
13.0065698624,80.2556304932,77209,77220,11
13.0065603256,80.2563171387,77220,77230,10
13.0066299438,80.2573776245,77230,77341,111
13.0066299438,80.2573776245,77341,77351,10
13.0065002441,80.2576522827,77351,77361,10
13.0060100555,80.257522583,77361,77371,10
13.0054197311,80.2573776245,77371,77381,10
13.0047197342,80.2572021484,77381,77391,10
13.0037002563,80.256980896,77391,77413,22
13.0037002563,80.256980896,77413,77424,11
13.0034704208,80.2569198608,77424,77434,10
13.0032501221,80.2568817139,77434,77444,10
13.0030002594,80.2568435669,77444,77454,10
13.0026702881,80.2567825317,77454,77464,10
13.0020999908,80.2566833496,77464,77504,40
13.0020999908,80.2566833496,77504,77514,10
13.0018596649,80.2566375732,77514,77525,11
13.0015001297,80.2565917969,77525,77535,10
13.0014801025,80.2565917969,77535,77545,10
13.0013799667,80.2565994263,77545,77555,10
13.0010004044,80.2565307617,77555,77565,10
13.0004196167,80.2564315796,77565,77575,10
12.9998703003,80.256362915,77575,77585,10
12.9990100861,80.2561798096,77585,77615,30
12.9990100861,80.2561798096,77615,77626,11
12.9987001419,80.2560806274,77626,77636,10
12.9983100891,80.2560272217,77636,77646,10
12.9979000092,80.2559967041,77646,77656,10
12.9976196289,80.2559814453,77656,77666,10
12.9973096848,80.2559585571,77666,77676,10
12.9970798492,80.2559509277,77676,77686,10
12.9967803955,80.2559204102,77686,77696,10
12.9963598251,80.2559204102,77696,77706,10
12.9959096909,80.255897522,77706,77717,11
12.9955501556,80.2559127808,77717,77727,10
12.9952602386,80.2559280396,77727,77737,10
12.9952001572,80.2559280396,77737,77747,10
12.9947900772,80.2559814453,77747,77757,10
12.9941997528,80.2560272217,77757,77767,10
12.993519783,80.2560806274,77767,77777,10
12.9927501678,80.256111145,77777,77787,10
12.9919595718,80.256111145,77787,77797,10
12.9914999008,80.2560882568,77797,77807,10
12.9912004471,80.2560806274,77807,77818,11
12.9905996323,80.2560806274,77818,77828,10
12.9899597168,80.2560272217,77828,77838,10
12.9895000458,80.2560195923,77838,77848,10
12.9888401031,80.2559967041,77848,77868,20
12.9886798859,80.2559814453,77868,77969,101
12.9886798859,80.2559814453,77969,77979,10
12.9886302948,80.2559890747,77979,77989,10
12.9883403778,80.2559509277,77989,77999,10
12.9880304337,80.255897522,77999,78009,10
12.9877099991,80.2558822632,78009,78020,11
12.9875802994,80.2563171387,78020,78030,10
12.9875097275,80.2568817139,78030,78040,10
12.987449646,80.257598877,78040,78050,10
12.9874000549,80.2583694458,78050,78060,10
12.9873600006,80.2590408325,78060,78070,10
12.9872503281,80.2593765259,78070,78090,20
12.9872503281,80.2593765259,78090,78100,10
12.9871997833,80.2595825195,78100,78110,10
12.9870700836,80.2596206665,78110,78121,11
12.9867200851,80.2596130371,78121,78757,636
12.9867200851,80.2596130371,78757,78767,10
12.9865598679,80.2594604492,78767,78777,10
12.9865598679,80.2591705322,78777,78787,10
12.9869098663,80.2591018677,78787,78898,111
12.9869098663,80.2591018677,78898,78909,11
12.9872999191,80.2590866089,78909,78919,10
12.9874000549,80.2589797974,78919,78929,10
12.9874200821,80.2587738037,78929,78939,10
12.987449646,80.2584915161,78939,78949,10
12.9874696732,80.2581100464,78949,78969,20
12.9874696732,80.2581100464,78969,78979,10
12.9874696732,80.2579193115,78979,78989,10
12.9875001907,80.2574005127,78989,78999,10
12.9875402451,80.2568435669,78999,79010,11
12.9875802994,80.2562637329,79010,79020,10
12.9875802994,80.2558822632,79020,79111,91
12.9875802994,80.2558822632,79111,79121,10
12.9878396988,80.2557220459,79121,79131,10
12.9882602692,80.255821228,79131,79141,10
12.9885702133,80.2558670044,79141,79151,10
12.9886302948,80.2558898926,79151,79161,10
12.9889602661,80.2559509277,79161,79171,10
12.9895095825,80.2559814453,79171,79181,10
12.9901199341,80.2559814453,79181,79191,10
12.9906902313,80.2559890747,79191,79201,10
12.991350174,80.2560119629,79201,79212,11
12.9922304153,80.2560424805,79212,79222,10
12.993060112,80.2559890747,79222,79232,10
12.9938402176,80.2559280396,79232,79242,10
12.994799614,80.2558822632,79242,79282,40
12.994799614,80.2558822632,79282,79292,10
12.9949598312,80.2558517456,79292,79302,10
12.9952898026,80.2558364868,79302,79323,21
12.9952898026,80.2558364868,79323,79333,10
12.9954595566,80.2558364868,79333,79343,10
12.9956302643,80.2558517456,79343,79353,10
12.9958000183,80.255859375,79353,79363,10
12.9958200455,80.255859375,79363,79373,10
12.9960203171,80.255859375,79373,79383,10
12.9961996078,80.2558517456,79383,79393,10
12.9964399338,80.2558364868,79393,79403,10
12.9965600967,80.2558288574,79403,79414,11
12.9968004227,80.2558364868,79414,79424,10
12.997130394,80.255859375,79424,79434,10
12.9976797104,80.2558670044,79434,79444,10
12.998339653,80.2559204102,79444,79454,10
12.9988203049,80.2560119629,79454,79464,10
12.9988203049,80.2559967041,79464,79474,10
12.9989099503,80.2559967041,79474,79484,10
12.9992198944,80.256072998,79484,79494,10
12.9998102188,80.256187439,79494,79504,10
13.0005502701,80.2563171387,79504,79515,11
13.0013399124,80.2564468384,79515,79525,10
13.0019598007,80.2565689087,79525,79535,10
13.0026903152,80.2567062378,79535,79545,10
13.0034103394,80.2568511963,79545,79555,10
13.0041799545,80.256980896,79555,79565,10
13.0050401688,80.2571182251,79565,79575,10
13.0058698654,80.2573013306,79575,79585,10
13.0064201355,80.2573928833,79585,79595,10
13.006529808,80.2570800781,79595,79605,10
13.0065002441,80.2564163208,79605,79616,11
13.0064601898,80.2555007935,79616,79626,10
13.0064897537,80.2546386719,79626,79636,10
13.0064601898,80.2537918091,79636,79646,10
13.0064401627,80.2531967163,79646,79656,10
13.0064401627,80.2531814575,79656,79666,10
13.0064601898,80.2529296875,79666,79676,10
13.0064601898,80.2526092529,79676,79717,41
13.0064601898,80.2526092529,79717,79727,10
13.0065002441,80.2525177002,79727,79737,10
13.0065097809,80.2523803711,79737,79747,10
13.0066299438,80.2518386841,79747,79808,61
13.0066299438,80.2518386841,79808,79818,10
13.0066404343,80.251739502,79818,79828,10
13.0067195892,80.2513198853,79828,79838,10
13.0067195892,80.2506713867,79838,79848,10
13.0066900253,80.2497634888,79848,79858,10
13.0066204071,80.2487106323,79858,79868,10
13.0065603256,80.2479400635,79868,79878,10
13.0065498352,80.2476196289,79878,79888,10
13.0065603256,80.2470474243,79888,79898,10
13.0064897537,80.2465820313,79898,79909,11
13.0064897537,80.2465515137,79909,79919,10
13.0065603256,80.2463226318,79919,79929,10
13.0065803528,80.2457733154,79929,79939,10
13.0065803528,80.2451400757,79939,79949,10
13.0065698624,80.2444381714,79949,79959,10
13.0065603256,80.2439422607,79959,79969,10
13.0065402985,80.2429580688,79969,79979,10
13.0065097809,80.2420578003,79979,79989,10
13.0065202713,80.2412872314,79989,79999,10
13.0065402985,80.2410736084,79999,80010,11
13.0065898895,80.2408370972,80010,80020,10
13.0066795349,80.2405395508,80020,80030,10
13.006770134,80.2401428223,80030,80040,10
13.0070495605,80.2387237549,80040,80050,10
13.0070495605,80.2387237549,80050,80060,10
13.0072097778,80.2378616333,80060,80070,10
13.0073299408,80.2370300293,80070,80079,9
13.0073795319,80.2366714478,80079,80092,13
13.0074796677,80.2364120483,80092,80102,10
13.0075902939,80.2359237671,80102,80113,11
13.0077400208,80.2351913452,80113,80123,10
13.0079202652,80.2344207764,80123,80133,10
13.0080795288,80.2334976196,80133,80143,10
13.0082597733,80.2324981689,80143,80153,10
13.0084400177,80.2314605713,80153,80163,10
13.0085897446,80.2304763794,80163,80173,10
13.0087604523,80.2297668457,80173,80183,10
13.0090103149,80.2285232544,80183,80193,10
13.009349823,80.2276077271,80193,80203,10
13.0097999573,80.2266998291,80203,80214,11
13.0102701187,80.2257537842,80214,80224,10
13.0106496811,80.2249603271,80224,80234,10
13.01101017,80.2241973877,80234,80244,10
13.0112895966,80.2235336304,80244,80254,10
13.0114603043,80.2231216431,80254,80264,10
13.0117397308,80.2224121094,80264,80274,10
13.0119495392,80.2215805054,80274,80284,10
13.0123300552,80.2214736938,80284,80294,10
13.0126495361,80.2219467163,80294,80304,10
13.0130195618,80.2224273682,80304,80315,11
13.0133800507,80.2227935791,80315,80325,10
13.0137996674,80.2232513428,80325,80335,10
13.0142498016,80.2238464355,80335,80345,10
13.0147895813,80.2244262695,80345,80355,10
13.0153398514,80.2248535156,80355,80365,10
13.0154304504,80.2248764038,80365,80375,10
13.0155496597,80.224899292,80375,80385,10
13.015879631,80.225189209,80385,80395,10
13.0164804459,80.2252426147,80395,80405,10
13.0172195435,80.2249984741,80405,80416,11
13.0180797577,80.224647522,80416,80426,10
13.0188598633,80.2243499756,80426,80436,10
13.0195798874,80.2244033813,80436,80446,10
13.0197696686,80.2244873047,80446,80456,10
13.0201396942,80.2247772217,80456,80466,10
13.0206003189,80.225112915,80466,80476,10
13.0211296082,80.225479126,80476,80486,10
13.0216598511,80.2258834839,80486,80496,10
13.0220003128,80.2261123657,80496,80506,10
13.0221595764,80.2262496948,80506,80517,11
13.0225696564,80.2266387939,80517,80527,10
13.0230302811,80.2270736694,80527,80537,10
13.023440361,80.2274627686,80537,80547,10
13.023900032,80.227897644,80547,80557,10
13.0243797302,80.2285003662,80557,80567,10
13.0248098373,80.2291030884,80567,80577,10
13.0252599716,80.2296829224,80577,80587,10
13.0256700516,80.2303009033,80587,80597,10
13.0258998871,80.230796814,80597,80607,10
13.0259599686,80.2309036255,80607,80628,21
13.0259599686,80.2309036255,80628,80638,10
13.02602005,80.2312316895,80638,80648,10
13.0263595581,80.2312698364,80648,80658,10
13.0269899368,80.2311172485,80658,80668,10
13.0277099609,80.2309494019,80668,80678,10
13.0283498764,80.2308425903,80678,80688,10
13.028840065,80.2307891846,80688,80697,9
13.029299736,80.2307815552,80697,80708,11
13.0296401978,80.230758667,80708,80719,11
13.0302000046,80.2306976318,80719,80729,10
13.0305500031,80.230682373,80729,80739,10
13.0310096741,80.2306518555,80739,80749,10
13.0316200256,80.2306213379,80749,80759,10
13.0323696136,80.2305603027,80759,80769,10
13.0331697464,80.2304763794,80769,80779,10
13.0341300964,80.230430603,80779,80809,30
13.0341300964,80.230430603,80809,80820,11
13.0343198776,80.2303695679,80820,80830,10
13.0345897675,80.2303237915,80830,80840,10
13.0348596573,80.2303771973,80840,80850,10
13.0349197388,80.2305526733,80850,80860,10
13.0349197388,80.2307128906,80860,80870,10
13.0348701477,80.2310180664,80870,80880,10
13.0347795486,80.2315673828,80880,80890,10
13.0347003937,80.2321472168,80890,80900,10
13.0346002579,80.2329177856,80900,80910,10
13.0345096588,80.2335586548,80910,80921,11
13.0343999863,80.2342300415,80921,80931,10
13.0343198776,80.2350006104,80931,80941,10
13.0342102051,80.2359390259,80941,80951,10
13.0341300964,80.2367935181,80951,80961,10
13.034330368,80.237411499,80961,80971,10
13.0345697403,80.2378768921,80971,80981,10
13.0347995758,80.2382507324,80981,80991,10
13.0348396301,80.2383117676,80991,81001,10
13.0349197388,80.2384109497,81001,81012,11
13.0351696014,80.2388000488,81012,81024,12
13.0354499817,80.2391815186,81024,81034,10
13.0360002518,80.2393493652,81034,81044,10
13.0367498398,80.2394638062,81044,81054,10
13.0374698639,80.2395172119,81054,81064,10
13.0382204056,80.2396011353,81064,81074,10
13.0390195847,80.2397003174,81074,81084,10
13.0397396088,80.2397918701,81084,81095,11
13.040309906,80.2398834229,81095,81105,10
13.0403995514,80.2404022217,81105,81116,11
13.0410404205,80.2405319214,81116,81126,10
13.0417203903,80.2406082153,81126,81136,10
13.042599678,80.2407608032,81136,81146,10
13.0435304642,80.2408905029,81146,81156,10
13.0441799164,80.2407913208,81156,81166,10
13.0446796417,80.2404632568,81166,81186,20
13.0446796417,80.2404632568,81186,81196,10
13.0448198318,80.2403564453,81196,81206,10
13.0451698303,80.2401275635,81206,81217,11
13.0457296371,80.2397537231,81217,81227,10
13.0462503433,80.2395401001,81227,81237,10
13.0464296341,80.2396011353,81237,81247,10
13.0467300415,80.2396621704,81247,81257,10
13.0471801758,80.2397384644,81257,81267,10
13.0478601456,80.2398834229,81267,81277,10
13.0486803055,80.2400436401,81277,81287,10
13.0494403839,80.2401885986,81287,81297,10
13.0500001907,80.2403182983,81297,81307,10
13.0506601334,80.2404403687,81307,81318,11
13.0513496399,80.240562439,81318,81328,10
13.0519895554,80.2406768799,81328,81338,10
13.0524196625,80.2407989502,81338,81348,10
13.0525197983,80.2412414551,81348,81358,10
13.0527896881,80.2416992188,81358,81368,10
13.0534000397,80.2419509888,81368,81378,10
13.0538702011,80.2421875,81378,81388,10
13.0539503098,80.2422180176,81388,81398,10
13.0541200638,80.2422485352,81398,81408,10
13.0545902252,80.2423095703,81408,81419,11
13.0553197861,80.2422180176,81419,81429,10
13.0560302734,80.2423706055,81429,81439,10
13.056599617,80.2425918579,81439,81449,10
13.057009697,80.2426834106,81449,81459,10
13.0575895309,80.2427597046,81459,81469,10
13.0582895279,80.2426223755,81469,81479,10
13.0590400696,80.242477417,81479,81489,10
13.0596904755,80.2425308228,81489,81499,10
13.0604496002,80.2428512573,81499,81509,10
13.0610904694,80.2430877686,81509,81520,11
13.0616102219,80.2431869507,81520,81530,10
13.0625495911,80.2433166504,81530,81550,20
13.0625495911,80.2433166504,81550,81560,10
13.0629396439,80.2433929443,81560,81570,10
13.0635404587,80.2434768677,81570,81580,10
13.0642004013,80.243522644,81580,81590,10
13.0648603439,80.2434997559,81590,81600,10
13.0656003952,80.243522644,81600,81631,31
13.0656003952,80.243522644,81631,81641,10
13.0659503937,80.2435302734,81641,81651,10
13.0663700104,80.243347168,81651,81661,10
13.0669403076,80.2431335449,81661,81671,10
13.0676202774,80.2428588867,81671,81681,10
13.0684204102,80.2426071167,81681,81691,10
13.0691604614,80.2423171997,81691,81701,10
13.0698003769,80.2421112061,81701,81711,10
13.070019722,80.2420501709,81711,81722,11
13.0702800751,80.2420120239,81722,81732,10
13.0707597733,80.2418289185,81732,81742,10
13.0713796616,80.2415771484,81742,81752,10
13.0721702576,80.2411804199,81752,81762,10
13.0728902817,80.2408065796,81762,81772,10
13.0735902786,80.2406005859,81772,81782,10
13.0744104385,80.2405395508,81782,81792,10
13.0754003525,80.2405166626,81792,81802,10
13.076379776,80.2405319214,81802,81812,10
13.0770397186,80.2405090332,81812,81823,11
13.0770397186,80.2398529053,81823,81833,10
13.0768203735,80.2390518188,81833,81843,10
13.0766000748,80.2382202148,81843,81853,10
13.0764198303,80.2374725342,81853,81863,10
13.0763301849,80.2370529175,81863,81873,10
13.0762395859,80.2364578247,81873,81883,10
13.0761499405,80.2358398438,81883,81893,10
13.0759401321,80.234916687,81893,81903,10
13.075750351,80.2341995239,81903,81913,10
13.0757598877,80.2339630127,81913,81924,11
13.0767202377,80.2337036133,81924,81934,10
13.0767202377,80.2337036133,81934,81944,10
13.0775403976,80.2335968018,81944,81954,10
13.0783996582,80.233581543,81954,81964,10
13.0792703629,80.2335586548,81964,81974,10
13.0800600052,80.2335205078,81974,81984,10
13.0802497864,80.2335281372,81984,81994,10
13.0805101395,80.2335510254,81994,82004,10
13.0810499191,80.2335205078,82004,82014,10
13.0817203522,80.233543396,82014,82025,11
13.0819597244,80.2334136963,82025,82035,10
13.0820302963,80.233039856,82035,82045,10
13.0822200775,80.2323684692,82045,82055,10
13.0824804306,80.2315979004,82055,82065,10
13.0827598572,80.2309265137,82065,82075,10
13.0831298828,80.230796814,82075,82085,10
13.0831804276,80.231552124,82085,82095,10
13.0832395554,80.2323989868,82095,82105,10
13.0834197998,80.2331466675,82105,82115,10
13.0834798813,80.2336196899,82115,82126,11
13.0835800171,80.2338027954,82126,82136,10
13.083820343,80.2338867188,82136,82147,11
13.0840396881,80.2339477539,82147,82158,11
13.084230423,80.2340011597,82158,82168,10
13.0847597122,80.23412323,82168,82178,10
13.0854797363,80.2342910767,82178,82189,11
13.0859003067,80.2343673706,82189,82199,10
13.0861597061,80.2344207764,82199,82208,9
13.0866498947,80.2345123291,82208,82220,12
13.0874300003,80.2345428467,82220,82230,10
13.0878801346,80.2341308594,82230,82240,10
13.0880002975,80.2334823608,82240,82250,10
13.0881900787,80.2326126099,82250,82260,10
13.0884304047,80.2317199707,82260,82270,10
13.0888996124,80.2305221558,82270,82290,20
13.0888996124,80.2305221558,82290,82300,10
13.0891304016,80.2300872803,82300,82309,9
13.0894002914,80.2295684814,82309,82321,12
13.0900297165,80.2287979126,82321,82331,10
13.0906801224,80.2281036377,82331,82341,10
13.091219902,80.2274932861,82341,82351,10
13.0913600922,80.2273330688,82351,82361,10
13.0915203094,80.227180481,82361,82371,10
13.0918798447,80.2267990112,82371,82381,10
13.0924501419,80.2262420654,82381,82390,9
13.0930595398,80.2256164551,82390,82401,11
13.0936203003,80.2249908447,82401,82411,10
13.0942802429,80.2242202759,82411,82422,11
13.0949401855,80.2231826782,82422,82432,10
13.0953798294,80.2221679688,82432,82442,10
13.0958003998,80.2210388184,82442,82452,10
13.0961904526,80.2199020386,82452,82462,10
13.0964403152,80.2191085815,82462,82472,10
13.0968103409,80.217956543,82472,82482,10
13.0971603394,80.2170181274,82482,82492,10
13.0974798203,80.2162322998,82492,82502,10
13.0979204178,80.2152328491,82502,82512,10
13.0983600616,80.2142410278,82512,82523,11
13.0988502502,80.2141265869,82523,82533,10
13.0995502472,80.2143173218,82533,82543,10
13.1002397537,80.2145233154,82543,82563,20
13.1002397537,80.2145233154,82563,82573,10
13.100279808,80.2146606445,82573,82583,10
13.1002597809,80.214881897,82583,82593,10
13.1002197266,80.215171814,82593,82603,10
13.100060463,80.2155227661,82603,82613,10
13.0999298096,80.2158432007,82613,82624,11
13.0999202728,80.2161102295,82624,82634,10
13.0999403,80.2162704468,82634,82644,10
13.0995798111,80.217300415,82644,82654,10
13.0995798111,80.217300415,82654,82664,10
13.0994596481,80.2179718018,82664,82674,10
13.0993499756,80.2186431885,82674,82684,10
13.0992603302,80.2192306519,82684,82694,10
13.0992097855,80.2195587158,82694,82704,10
13.0991201401,80.2200622559,82704,82717,13
13.0989303589,80.2210693359,82717,82738,21
13.0989303589,80.2210693359,82738,82748,10
13.098859787,80.2213897705,82748,82758,10
13.0987796783,80.2219161987,82758,82768,10
13.0987596512,80.2226028442,82768,82778,10
13.0989704132,80.223197937,82778,82788,10
13.0993204117,80.2236404419,82788,82798,10
13.0996198654,80.2241592407,82798,82808,10
13.0997695923,80.2247314453,82808,82818,10
13.0999002457,80.2253570557,82818,82829,11
13.0999898911,80.2259521484,82829,82839,10
13.100060463,80.2265396118,82839,82848,9
13.1000795364,80.2270736694,82848,82859,11
13.100060463,80.2277679443,82859,82869,10
13.1000003815,80.2283325195,82869,82879,10
13.0999298096,80.2287368774,82879,82889,10
13.0998401642,80.2292785645,82889,82899,10
13.0997400284,80.2297592163,82899,82909,10
13.0996398926,80.2302398682,82909,82920,11
13.0994796753,80.2308120728,82920,82930,10
13.0992298126,80.2313537598,82930,82940,10
13.0989599228,80.2320022583,82940,82950,10
13.0987796783,80.2325820923,82950,82960,10
13.0986404419,80.2333679199,82960,82970,10
13.0985603333,80.234161377,82970,82980,10
13.098449707,80.2349624634,82980,82990,10
13.0983295441,80.2358093262,82990,83000,10
13.0981798172,80.2366790771,83000,83010,10
13.0980501175,80.2375564575,83010,83021,11
13.0979099274,80.2381896973,83021,83031,10
13.0977897644,80.238899231,83031,83041,10
13.0977401733,80.2396469116,83041,83051,10
13.0976800919,80.2404174805,83051,83061,10
13.0975999832,80.2412033081,83061,83071,10
13.0975103378,80.2418670654,83071,83081,10
13.0976400375,80.2421875,83081,83091,10
13.0979795456,80.2422714233,83091,83101,10
13.0983295441,80.2423095703,83101,83111,10
13.0986404419,80.2422866821,83111,83122,11
13.0987596512,80.2420425415,83122,83142,20
13.0987596512,80.2420425415,83142,83152,10
13.0988397598,80.2416381836,83152,83172,20
13.0988397598,80.2416381836,83172,83182,10
13.0988798141,80.2415313721,83182,83192,10
13.0989198685,80.2412567139,83192,83202,10
13.0989398956,80.2409133911,83202,83303,101
13.0989398956,80.2409133911,83303,83313,10
13.098950386,80.240562439,83313,83324,11
13.0988702774,80.2402420044,83324,83334,10
13.0990800858,80.2402496338,83334,83606,272
13.0990800858,80.2402496338,83606,83617,11
13.0989999771,80.2407073975,83617,83707,90
13.0989103317,80.2410964966,83707,84273,566
