12.9869604111,80.2592697144,17,88,71
12.9869203568,80.2592926025,88,1383,1295
12.9869203568,80.2591705322,1383,2375,992
12.9870004654,80.2592697144,2375,15138,12763
12.9868202209,80.2592086792,15138,15421,283
12.9869604111,80.2591781616,15421,16099,678
12.9870595932,80.2592468262,16099,20724,4625
12.9870595932,80.2592468262,20724,20734,10
12.9870195389,80.2591171265,20734,21342,608
12.9870195389,80.2591171265,21342,21352,10
12.9873199463,80.2590103149,21352,21362,10
12.9873600006,80.2587738037,21362,21372,10
12.9874000549,80.2585067749,21372,21382,10
12.9874401093,80.258102417,21382,21392,10
12.987449646,80.2579879761,21392,21402,10
12.9875001907,80.2576980591,21402,21777,375
12.9875001907,80.2576980591,21777,21787,10
12.9875602722,80.2574234009,21787,21797,10
12.9875802994,80.2568969727,21797,21807,10
12.9876203537,80.2562026978,21807,21817,10
12.9876499176,80.255821228,21817,21827,10
12.987739563,80.2554397583,21827,21838,11
12.9878101349,80.2546463013,21838,21848,10
12.9878702164,80.2539367676,21848,21858,10
12.9879198074,80.2531967163,21858,21868,10
12.9879999161,80.2523269653,21868,21878,10
12.987859726,80.2515487671,21878,21919,41
12.987859726,80.2515487671,21919,21929,10
12.9878797531,80.2513580322,21929,21939,10
12.9883298874,80.2511825562,21939,21949,10
12.9891195297,80.2509613037,21949,21959,10
12.9894504547,80.250869751,21959,21969,10
12.9895601273,80.2508468628,21969,21979,10
12.9901599884,80.2507171631,21979,21989,10
12.991350174,80.2504425049,21989,21999,10
12.992480278,80.2501602173,21999,22010,11
12.9938697815,80.2498016357,22010,22020,10
12.9949998856,80.2495269775,22020,22030,10
12.9960603714,80.2492523193,22030,22040,10
12.9966096878,80.2490997314,22040,22050,10
12.9967498779,80.2490692139,22050,22060,10
12.9973201752,80.2489395142,22060,22070,10
12.9982004166,80.2487335205,22070,22080,10
12.9993495941,80.2484436035,22080,22091,11
13.0007095337,80.2481002808,22091,22101,10
13.0017995834,80.247833252,22101,22111,10
13.0028896332,80.2476119995,22111,22121,10
13.0040397644,80.2474212646,22121,22131,10
13.0051403046,80.2472763062,22131,22141,10
13.0060100555,80.2470474243,22141,22151,10
13.0065097809,80.2465667725,22151,22161,10
13.0066404343,80.2458724976,22161,22171,10
13.0066604614,80.2451400757,22171,22182,11
13.006649971,80.2441329956,22182,22192,10
13.0066299438,80.2431411743,22192,22202,10
13.0066099167,80.2420806885,22202,22212,10
13.0066604614,80.2411270142,22212,22222,10
13.006770134,80.2404937744,22222,22232,10
13.0068902969,80.2395706177,22232,22242,10
13.0071001053,80.2384719849,22242,22252,10
13.007349968,80.237449646,22252,22263,11
13.0074596405,80.2366714478,22263,22273,10
13.0076599121,80.2359771729,22273,22283,10
13.0078296661,80.2350692749,22283,22293,10
13.0080604553,80.2339401245,22293,22303,10
13.0082597733,80.2329025269,22303,22312,9
13.0085000992,80.231628418,22312,22323,11
13.008769989,80.2302398682,22323,22333,10
13.0090198517,80.2289810181,22333,22344,11
13.0093898773,80.2276992798,22344,22354,10
13.0099401474,80.2264785767,22354,22364,10
13.0104904175,80.2253265381,22364,22374,10
13.0109500885,80.2243118286,22374,22384,10
13.0114603043,80.2231903076,22384,22394,10
13.0118198395,80.2220993042,22394,22404,10
13.0123195648,80.2214508057,22404,22414,10
13.0126600266,80.2219772339,22414,22424,10
13.0133199692,80.2227325439,22424,22435,11
13.0140304565,80.2235717773,22435,22445,10
13.0146303177,80.2241973877,22445,22455,10
13.0151100159,80.2247161865,22455,22465,10
13.0155496597,80.2250289917,22465,22475,10
13.0159196854,80.2253112793,22475,22485,10
13.0165700912,80.2253112793,22485,22495,10
13.0173997879,80.2249984741,22495,22505,10
13.0183696747,80.224609375,22505,22516,11
13.0193796158,80.2244186401,22516,22526,10
13.0201396942,80.2248535156,22526,22536,10
13.0207796097,80.2253036499,22536,22546,10
13.0210800171,80.2255401611,22546,22961,415
13.0210800171,80.2255401611,22961,22971,10
13.0212001801,80.2257385254,22971,22981,10
13.0217199326,80.2260894775,22981,22991,10
13.0222902298,80.2265167236,22991,23001,10
13.0228395462,80.2270126343,23001,23011,10
13.0233898163,80.2275238037,23011,23022,11
13.023900032,80.2279815674,23022,23032,10
13.0242795944,80.2283706665,23032,23062,30
13.0242795944,80.2283706665,23062,23072,10
13.0243597031,80.2286376953,23072,23082,10
13.0241003036,80.228477478,23082,23092,10
13.023850441,80.2281112671,23092,23103,11
13.0235996246,80.2278671265,23103,23204,101
13.0234804153,80.2275314331,23204,23568,364
13.0234804153,80.2275314331,23568,23578,10
13.0233201981,80.2275314331,23578,23588,10
13.0232696533,80.2274475098,23588,23598,10
13.023059845,80.2272262573,23598,23609,11
13.0228595734,80.2269973755,23609,23619,10
13.0226802826,80.2267990112,23619,23629,10
13.0223302841,80.2264480591,23629,23639,10
13.0217399597,80.225982666,23639,23649,10
13.0210800171,80.225479126,23649,23659,10
13.0203895569,80.2250289917,23659,23669,10
13.0198698044,80.2247009277,23669,23679,10
13.0197401047,80.224609375,23679,23690,11
13.0191202164,80.2244491577,23690,23700,10
13.0182504654,80.2246932983,23700,23710,10
13.017250061,80.2250976563,23710,23720,10
13.0164499283,80.225402832,23720,23730,10
13.0156803131,80.2256393433,23730,23740,10
13.0150003433,80.2259216309,23740,23750,10
13.0143899918,80.2261581421,23750,23760,10
13.014289856,80.2261962891,23760,23770,10
13.0141000748,80.226272583,23770,23781,11
13.0134601593,80.2265319824,23781,23791,10
13.0125904083,80.2268829346,23791,23801,10
13.0115203857,80.2273025513,23801,23811,10
13.0104103088,80.2277526855,23811,23821,10
13.0094003677,80.2282028198,23821,23831,10
13.0090398788,80.2291030884,23831,23841,10
13.0088195801,80.2301712036,23841,23851,10
13.0086603165,80.2312011719,23851,23862,11
13.0084295273,80.2324295044,23862,23872,10
13.0082798004,80.2334213257,23872,23882,10
13.0082597733,80.2335281372,23882,23892,10
13.0081501007,80.2338409424,23892,23902,10
13.0080099106,80.2345428467,23902,23912,10
13.007809639,80.2355804443,23912,23922,10
13.0075597763,80.2367401123,23922,23932,10
13.007349968,80.2378311157,23932,23943,11
13.0072097778,80.2386474609,23943,23953,10
13.0070400238,80.2395095825,23953,23963,10
13.0068998337,80.2401428223,23963,24003,40
13.0068998337,80.2401428223,24003,24013,10
13.0068902969,80.2405014038,24013,24023,10
13.0068597794,80.2407608032,24023,24034,11
13.0067796707,80.2410430908,24034,24044,10
13.0067195892,80.2419128418,24044,24054,10
13.0066995621,80.2430877686,24054,24064,10
13.0066604614,80.2442932129,24064,24074,10
13.0066404343,80.2452774048,24074,24084,10
13.0067100525,80.2466812134,24084,24094,10
13.006529808,80.2473983765,24094,24104,10
13.0062103271,80.2473983765,24104,24115,11
13.0060901642,80.2473831177,24115,24125,10
13.0054397583,80.2473373413,24125,24135,10
13.0044803619,80.2473831177,24135,24145,10
13.0032997131,80.2475509644,24145,24155,10
13.0020399094,80.2478103638,24155,24165,10
13.0006999969,80.2481536865,24165,24175,10
12.9992704391,80.2485198975,24175,24185,10
12.9979200363,80.2488632202,24185,24195,10
12.9965000153,80.2492218018,24195,24206,11
12.9949197769,80.2496337891,24206,24216,10
12.9935102463,80.2499923706,24216,24226,10
12.992099762,80.2503204346,24226,24236,10
12.9912099838,80.2505569458,24236,24246,10
12.9912004471,80.2505569458,24246,24256,10
12.9909200668,80.2506027222,24256,24266,10
12.9902000427,80.2507705688,24266,24276,10
12.9891996384,80.2510299683,24276,24287,11
12.988120079,80.2513198853,24287,24347,60
12.988120079,80.2513198853,24347,24357,10
12.9879598618,80.2513809204,24357,24368,11
12.987449646,80.2515106201,24368,24378,10
12.9867296219,80.2517166138,24378,24388,10
12.9857501984,80.251953125,24388,24398,10
12.9848203659,80.2522125244,24398,24408,10
12.9833898544,80.252571106,24408,24418,10
12.9821901321,80.2526702881,24418,24428,10
12.9809598923,80.2527236938,24428,24438,10
12.9804000854,80.252746582,24438,24449,11
12.9797401428,80.2527236938,24449,24459,10
12.9787101746,80.2525863647,24459,24479,20
12.9787101746,80.2525863647,24479,24489,10
12.9785604477,80.2524871826,24489,24499,10
12.9781703949,80.2522506714,24499,24509,10
12.9774303436,80.2516174316,24509,24519,10
12.9761896133,80.2510986328,24519,24529,10
12.974729538,80.2506713867,24529,24540,11
12.9730596542,80.250213623,24540,24550,10
12.9716300964,80.2498168945,24550,24560,10
12.9702501297,80.2494125366,24560,24570,10
12.9689798355,80.2489089966,24570,24580,10
12.9677495956,80.2484283447,24580,24590,10
12.9668197632,80.2479934692,24590,24600,10
12.965959549,80.2476119995,24600,24610,10
12.9651403427,80.2473373413,24610,24621,11
12.9650802612,80.2473068237,24621,24631,10
12.9648799896,80.2472229004,24631,24641,10
12.9642095566,80.2469787598,24641,24651,10
12.9632196426,80.2465515137,24651,24661,10
12.9620304108,80.2459716797,24661,24671,10
12.9607801437,80.2453613281,24671,24681,10
12.9597396851,80.2449111938,24681,24691,10
12.9595403671,80.2448425293,24691,24701,10
12.9593400955,80.2446975708,24701,24712,11
12.9585199356,80.2443237305,24712,24722,10
12.9577503204,80.2440338135,24722,24732,10
12.9569301605,80.2436599731,24732,24742,10
12.9563999176,80.2434616089,24742,24752,10
12.9558801651,80.243270874,24752,24762,10
12.9549598694,80.2428970337,24762,24772,10
12.9539699554,80.2425003052,24772,24782,10
12.9529104233,80.2420501709,24782,24793,11
12.9518203735,80.2416687012,24793,24803,10
12.951669693,80.2416229248,24803,24813,10
12.9514799118,80.2415390015,24813,24823,10
12.9507598877,80.2412796021,24823,24833,10
12.9497499466,80.2409820557,24833,24843,10
12.9491195679,80.2407608032,24843,24853,10
12.9483995438,80.2404785156,24853,24863,10
12.9474496841,80.2400970459,24863,24874,11
12.9465398788,80.2397232056,24874,24884,10
12.9454097748,80.2391967773,24884,24894,10
12.9443998337,80.2382278442,24894,24904,10
12.9434995651,80.2372283936,24904,24914,10
12.9424800873,80.2364578247,24914,24924,10
12.9411096573,80.236076355,24924,24934,10
12.9401903152,80.2358627319,24934,24944,10
12.9398202896,80.2357406616,24944,24954,10
12.9393997192,80.2355270386,24954,24965,11
12.93846035,80.2350616455,24965,24975,10
12.9373102188,80.2344894409,24975,24985,10
12.9360799789,80.2339172363,24985,24995,10
12.9351396561,80.2334823608,24995,25005,10
12.9341402054,80.2330474854,25005,25015,10
12.9339103699,80.2329406738,25015,25025,10
12.9337797165,80.2328796387,25025,25035,10
12.9331197739,80.2325820923,25035,25046,11
12.9319200516,80.232131958,25046,25056,10
12.9305295944,80.2316818237,25056,25066,10
12.9292001724,80.2313537598,25066,25076,10
12.9277496338,80.2311325073,25076,25086,10
12.9264202118,80.2309799194,25086,25096,10
12.9261598587,80.23097229,25096,25106,10
12.925909996,80.2309494019,25106,25116,10
12.9251499176,80.2308578491,25116,25126,10
12.924030304,80.2307281494,25126,25137,11
12.922419548,80.2304916382,25137,25147,10
12.9209003448,80.2302703857,25147,25157,10
12.9193696976,80.2300796509,25157,25167,10
12.917840004,80.2298812866,25167,25177,10
12.9163599014,80.2296676636,25177,25187,10
12.9149599075,80.2294616699,25187,25197,10
12.9136896133,80.229309082,25197,25207,10
12.9133300781,80.2292861938,25207,25218,11
12.9131803513,80.2292404175,25218,25228,10
12.9125003815,80.2291030884,25228,25238,10
12.9114999771,80.2289581299,25238,25248,10
12.9103002548,80.2287979126,25248,25258,10
12.9089403152,80.2285766602,25258,25268,10
12.9077100754,80.2284011841,25268,25278,10
12.9070997238,80.2283401489,25278,25288,10
12.9070796967,80.2283401489,25288,25299,11
12.906539917,80.2282791138,25299,25309,10
12.9056997299,80.2282180786,25309,25319,10
12.9046401978,80.2281417847,25319,25329,10
12.9035797119,80.2280807495,25329,25339,10
12.9023399353,80.2280197144,25339,25349,10
12.9012899399,80.2279815674,25349,25379,30
12.9012899399,80.2279815674,25379,25390,11
12.9012098312,80.2279968262,25390,25400,10
12.9006700516,80.2279281616,25400,25410,10
12.8996601105,80.227897644,25410,25440,30
12.8996601105,80.227897644,25440,25450,10
12.8993902206,80.2278671265,25450,25460,10
12.8987703323,80.2278366089,25460,25471,11
12.8978004456,80.2277679443,25471,25481,10
12.8966197968,80.2277069092,25481,25491,10
12.8952102661,80.2276611328,25491,25501,10
12.8937702179,80.2275619507,25501,25511,10
12.892490387,80.2274093628,25511,25521,10
12.8911304474,80.2273635864,25521,25531,10
12.8896102905,80.2273635864,25531,25541,10
12.8881196976,80.2273178101,25541,25552,11
12.8864297867,80.2270202637,25552,25562,10
12.8852996826,80.2267608643,25562,25572,10
12.8848495483,80.2267227173,25572,25582,10
12.8845996857,80.2267074585,25582,25592,10
12.8837995529,80.2266998291,25592,25602,10
12.8826198578,80.2267227173,25602,25612,10
12.8813400269,80.2267227173,25612,25622,10
12.879989624,80.2267379761,25622,25632,10
12.8785495758,80.2267990112,25632,25643,11
12.8773298264,80.2269134521,25643,25653,10
12.8767700195,80.2269592285,25653,25663,10
12.876449585,80.2269821167,25663,25673,10
12.8762598038,80.2269897461,25673,25683,10
12.8755302429,80.2269668579,25683,25693,10
12.8744297028,80.2268295288,25693,25703,10
12.8733100891,80.2267227173,25703,25713,10
12.8726596832,80.2267074585,25713,25724,11
12.8722696304,80.2266998291,25724,25734,10
12.8713502884,80.2266616821,25734,25744,10
12.8700304031,80.2265625,25744,25754,10
12.8684797287,80.2264022827,25754,25764,10
12.8671798706,80.2264633179,25764,25774,10
12.8662004471,80.2265625,25774,25784,10
12.8649501801,80.2265930176,25784,25794,10
12.8634996414,80.2265167236,25794,25804,10
12.8622503281,80.2265625,25804,25815,11
12.8612699509,80.2266082764,25815,25825,10
12.8610401154,80.2265777588,25825,25835,10
12.8602399826,80.2264862061,25835,25845,10
12.8590202332,80.2263412476,25845,25855,10
12.8576698303,80.2262802124,25855,25865,10
12.8561697006,80.2264099121,25865,25875,10
12.8545598984,80.2265625,25875,25885,10
12.8529596329,80.2266921997,25885,25896,11
12.8512401581,80.2266311646,25896,25906,10
12.8497600555,80.2265701294,25906,25916,10
12.8482704163,80.2265701294,25916,25926,10
12.8468704224,80.2265777588,25926,25936,10
12.8458099365,80.2265777588,25936,25946,10
12.8455400467,80.2265777588,25946,25956,10
12.8455095291,80.2265701294,25956,25966,10
12.8450098038,80.2265777588,25966,25977,11
12.8439598083,80.2266464233,25977,25987,10
12.8427495956,80.2268981934,25987,25997,10
12.8413600922,80.2272186279,25997,26007,10
12.840259552,80.2275238037,26007,26017,10
12.8396997452,80.2276992798,26017,26027,10
12.8392801285,80.2278137207,26027,26037,10
12.8380098343,80.2281265259,26037,26047,10
12.836640358,80.2283706665,26047,26057,10
12.8351898193,80.2285690308,26057,26068,11
12.833530426,80.2288589478,26068,26078,10
12.8323001862,80.2291030884,26078,26088,10
12.8318595886,80.2291870117,26088,26098,10
12.831609726,80.2292404175,26098,26108,10
12.8308601379,80.2294692993,26108,26118,10
12.8297300339,80.2299118042,26118,26128,10
12.8285503387,80.2304229736,26128,26138,10
12.8275098801,80.2310180664,26138,26149,11
12.8265695572,80.231338501,26149,26159,10
12.8255596161,80.2313995361,26159,26169,10
12.8245000839,80.231338501,26169,26179,10
12.8232803345,80.2310180664,26179,26189,10
12.8219003677,80.2305908203,26189,26199,10
12.8205795288,80.2304611206,26199,26209,10
12.8192501068,80.2304916382,26209,26219,10
12.8180799484,80.2301025391,26219,26229,10
12.8167800903,80.2295684814,26229,26240,11
12.8151597977,80.2293014526,26240,26250,10
12.8138303757,80.2290725708,26250,26260,10
12.8129396439,80.2287902832,26260,26270,10
12.8119001389,80.2284317017,26270,26280,10
12.810549736,80.2279129028,26280,26290,10
12.8093395233,80.2273635864,26290,26300,10
12.808429718,80.2266693115,26300,26310,10
12.8077001572,80.2260437012,26310,26321,11
12.8070898056,80.2255172729,26321,26331,10
12.8064603806,80.224937439,26331,26341,10
12.805729866,80.2242965698,26341,26351,10
12.8049602509,80.2239837646,26351,26361,10
12.8040504456,80.2238693237,26361,26371,10
12.803150177,80.2237930298,26371,26381,10
12.8020095825,80.2236633301,26381,26391,10
12.8010702133,80.2235870361,26391,26402,11
12.8008699417,80.2235794067,26402,26412,10
12.8002195358,80.2235031128,26412,26422,10
12.7992897034,80.2234191895,26422,26432,10
12.79804039,80.2232971191,26432,26442,10
12.796620369,80.2230834961,26442,26452,10
12.7957801819,80.2229309082,26452,26462,10
12.7955799103,80.2228775024,26462,26472,10
12.794839859,80.2227401733,26472,26482,10
12.793800354,80.2225799561,26482,26493,11
12.7923803329,80.2223587036,26493,26503,10
12.791179657,80.2220611572,26503,26513,10
12.7900400162,80.2217712402,26513,26523,10
12.789349556,80.2215499878,26523,26533,10
12.7886800766,80.2212982178,26533,26543,10
12.7879495621,80.2210083008,26543,26553,10
12.7873001099,80.2207717896,26553,26563,10
12.7869300842,80.2206192017,26563,26574,11
12.7868499756,80.2205886841,26574,26584,10
12.7864303589,80.2204284668,26584,26594,10
12.7861499786,80.2204971313,26594,26604,10
12.7861700058,80.2209777832,26604,26614,10
12.786239624,80.2216186523,26614,26796,182
12.786239624,80.2216186523,26796,26806,10
12.7862300873,80.2219467163,26806,26816,10
12.7862596512,80.2221603394,26816,27667,851
12.7862596512,80.2221603394,27667,27677,10
12.7863302231,80.2220687866,27677,27839,162
12.786359787,80.2219161987,27839,27879,40
12.786359787,80.2219161987,27879,27889,10
12.7863502502,80.2217712402,27889,27899,10
12.7862796783,80.2214584351,27899,27910,11
12.7862596512,80.2210388184,27910,27920,10
12.786239624,80.2207870483,27920,27930,10
12.786239624,80.2203826904,27930,27960,30
12.786239624,80.2203826904,27960,27970,10
12.78647995,80.2203826904,27970,27991,21
12.78647995,80.2203826904,27991,28001,10
12.7866601944,80.2204971313,28001,28011,10
12.7870502472,80.2206573486,28011,28021,10
12.7875900269,80.2208633423,28021,28031,10
12.7882099152,80.2211074829,28031,28041,10
12.7889499664,80.2213821411,28041,28051,10
12.7896299362,80.2216491699,28051,28061,10
12.790309906,80.2218475342,28061,28071,10
12.7910995483,80.2220535278,28071,28082,11
12.7919998169,80.2222671509,28082,28092,10
12.7929201126,80.2224578857,28092,28102,10
12.7938404083,80.2225875854,28102,28112,10
12.7947101593,80.2227172852,28112,28122,10
12.7956199646,80.2228622437,28122,28132,10
12.7963399887,80.2229690552,28132,28142,10
12.7964200974,80.2229766846,28142,28152,10
12.7967596054,80.2230529785,28152,28163,11
12.797419548,80.2231674194,28163,28173,10
12.7979297638,80.2232437134,28173,28183,10
12.7985200882,80.2233200073,28183,28193,10
12.7993402481,80.2233963013,28193,28203,10
12.8002796173,80.223487854,28203,28213,10
12.8008899689,80.2235488892,28213,28223,10
12.8011398315,80.2235717773,28223,28233,10
12.8014602661,80.2235870361,28233,28243,10
12.8015604019,80.2236175537,28243,28254,11
12.8023004532,80.2237091064,28254,28264,10
12.803150177,80.2238311768,28264,28274,10
12.8039398193,80.2238998413,28274,28284,10
12.8046798706,80.2239532471,28284,28294,10
12.8056001663,80.2241592407,28294,28314,20
12.8056001663,80.2241592407,28314,28324,10
12.8059196472,80.2244110107,28324,28335,11
12.8066196442,80.2250213623,28335,28345,10
12.8074302673,80.2257385254,28345,28355,10
12.8083200455,80.2264862061,28355,28365,10
12.8092803955,80.2272567749,28365,28375,10
12.8101596832,80.2276916504,28375,28385,10
12.8110399246,80.2280731201,28385,28395,10
12.8121795654,80.2284927368,28395,28405,10
12.8134002686,80.2289199829,28405,28416,11
12.8146600723,80.2292404175,28416,28426,10
12.8158502579,80.2294235229,28426,28436,10
12.817150116,80.2296600342,28436,28446,10
12.8184404373,80.2302398682,28446,28456,10
12.8194599152,80.23046875,28456,28466,10
12.8198003769,80.2304611206,28466,28476,10
12.820019722,80.2304534912,28476,28486,10
12.8207397461,80.230430603,28486,28496,10
12.8216400146,80.2304763794,28496,28507,11
12.8226900101,80.2307662964,28507,28517,10
12.8237600327,80.2310791016,28517,28527,10
12.824930191,80.2313308716,28527,28537,10
12.8261003494,80.231338501,28537,28547,10
12.8271799088,80.2311782837,28547,28557,10
12.8282899857,80.2305908203,28557,28567,10
12.8293199539,80.2300872803,28567,28577,10
12.8303098679,80.2296981812,28577,28588,11
12.8311195374,80.2293624878,28588,28598,10
12.8311595917,80.2293395996,28598,28608,10
12.8311901093,80.2293319702,28608,28618,10
12.8315601349,80.2292098999,28618,28628,10
12.8317699432,80.2291488647,28628,28638,10
12.8323402405,80.2290267944,28638,28648,10
12.8332700729,80.2288589478,28648,28658,10
12.8344297409,80.2286605835,28658,28668,10
12.8357801437,80.2284393311,28668,28679,11
12.8373403549,80.2282104492,28679,28689,10
12.8385801315,80.2279510498,28689,28699,10
12.8394699097,80.2276992798,28699,28719,20
12.8394699097,80.2276992798,28719,28729,10
12.8395595551,80.2276611328,28729,28739,10
12.8401603699,80.2275085449,28739,28749,10
12.8411197662,80.2272796631,28749,28760,11
12.8422203064,80.2269821167,28760,28770,10
12.8432397842,80.2267837524,28770,28780,10
12.844329834,80.2266235352,28780,28790,10
12.8454704285,80.2265396118,28790,28830,40
12.8454704285,80.2265396118,28830,28840,10
12.8458003998,80.2265625,28840,28851,11
12.8464403152,80.2265701294,28851,28861,10
12.8472795486,80.2265701294,28861,28871,10
12.8483600616,80.2265625,28871,28881,10
12.8496303558,80.2265396118,28881,28891,10
12.8508796692,80.2265396118,28891,28901,10
12.8522996902,80.2266235352,28901,28911,10
12.8537597656,80.2266235352,28911,28921,10
12.8552503586,80.2264404297,28921,28932,11
12.8569297791,80.2262573242,28932,28942,10
12.8582000732,80.2261810303,28942,28952,10
12.8591995239,80.2262802124,28952,28962,10
12.8601999283,80.2264404297,28962,28972,10
12.8607797623,80.2265014648,28972,28982,10
12.8608503342,80.2265090942,28982,28992,10
12.8612604141,80.2265777588,28992,29002,10
12.8621702194,80.2265319824,29002,29013,11
12.8634700775,80.2264785767,29013,29023,10
12.8648796082,80.2265396118,29023,29033,10
12.8662004471,80.2265319824,29033,29043,10
12.8675003052,80.2264099121,29043,29053,10
12.8690004349,80.2263793945,29053,29063,10
12.8705501556,80.2265625,29063,29073,10
12.8718996048,80.2266311646,29073,29083,10
12.8727903366,80.2266387939,29083,29093,10
12.8729295731,80.2266387939,29093,29104,11
12.873000145,80.2266311646,29104,29114,10
12.8735399246,80.2266616821,29114,29124,10
12.8745002747,80.2267608643,29124,29134,10
12.8756999969,80.2269210815,29134,29144,10
12.8768701553,80.2268829346,29144,29164,20
12.8768701553,80.2268829346,29164,29174,10
12.8773097992,80.226852417,29174,29185,11
12.8782701492,80.2267837524,29185,29195,10
12.8794498444,80.2267074585,29195,29205,10
12.8808603287,80.2267074585,29205,29215,10
12.8824100494,80.2266998291,29215,29225,10
12.8838300705,80.2266921997,29225,29235,10
12.8849000931,80.2266616821,29235,29245,10
12.8853197098,80.2266921997,29245,29255,10
12.8853302002,80.2266921997,29255,29265,10
12.8855695724,80.2267379761,29265,29276,11
12.8862600327,80.2269210815,29276,29286,10
12.8872003555,80.2271575928,29286,29296,10
12.8883495331,80.2273101807,29296,29306,10
12.8896799088,80.2273406982,29306,29316,10
12.8908195496,80.2273406982,29316,29326,10
12.8923101425,80.2273635864,29326,29336,10
12.8935203552,80.2275009155,29336,29346,10
12.894659996,80.2276077271,29346,29357,11
12.8956098557,80.2276382446,29357,29367,10
12.8966999054,80.2276916504,29367,29377,10
12.8978700638,80.2277603149,29377,29387,10
12.8991003036,80.2278137207,29387,29397,10
12.9000501633,80.2278366089,29397,29407,10
12.90046978,80.2278366089,29407,29417,10
12.9006299973,80.2278518677,29417,29427,10
12.9009799957,80.2278900146,29427,29438,11
12.9014196396,80.2279205322,29438,29448,10
12.9019403458,80.2279205322,29448,29458,10
12.9026699066,80.2279663086,29458,29488,30
12.9027795792,80.2279968262,29488,29508,20
12.9027795792,80.2279968262,29508,29518,10
12.9028196335,80.2279968262,29518,29529,11
12.9029197693,80.2279968262,29529,29539,10
12.9032402039,80.2280426025,29539,29549,10
12.9039001465,80.2280807495,29549,29559,10
12.9047899246,80.2281112671,29559,29569,10
12.9055995941,80.2281494141,29569,29579,10
12.9061403275,80.2281723022,29579,29589,10
12.9064998627,80.228187561,29589,29670,81
12.9064998627,80.228187561,29670,29680,10
12.9066801071,80.2282333374,29680,29691,11
12.9072799683,80.2282867432,29691,29701,10
12.9081001282,80.2284164429,29701,29711,10
12.9091796875,80.2285995483,29711,29721,10
12.9104204178,80.2288131714,29721,29731,10
12.9117202759,80.2290115356,29731,29741,10
12.9129695892,80.2291564941,29741,29751,10
12.9139499664,80.2292785645,29751,29782,31
12.9139499664,80.2292785645,29782,29792,10
12.9142904282,80.2293624878,29792,29802,10
12.9149398804,80.2294464111,29802,29812,10
12.9158296585,80.2295837402,29812,29822,10
12.9168395996,80.2297210693,29822,29832,10
12.9177999496,80.2298736572,29832,29842,10
12.9186897278,80.2299804688,29842,29852,10
12.9196996689,80.2301101685,29852,29863,11
12.9208602905,80.2302322388,29863,29873,10
12.921959877,80.2303619385,29873,29883,10
12.9230298996,80.2305221558,29883,29893,10
12.924030304,80.2306671143,29893,29903,10
12.9250602722,80.2308120728,29903,29913,10
12.9259796143,80.2309112549,29913,29923,10
12.9263696671,80.2309494019,29923,29933,10
12.9263801575,80.2309494019,29933,29944,11
12.9267597198,80.2309875488,29944,29954,10
12.9275197983,80.2310791016,29954,29964,10
12.9285097122,80.2312011719,29964,29974,10
12.9294300079,80.2313919067,29974,29984,10
12.9305496216,80.2316589355,29984,29994,10
12.9318199158,80.2320709229,29994,30004,10
12.9329996109,80.2324676514,30004,30014,10
12.9336395264,80.2327423096,30014,30045,31
12.9336395264,80.2327423096,30045,30055,10
12.9339399338,80.2329025269,30055,30065,10
12.9345397949,80.2331924438,30065,30075,10
12.9353199005,80.2335205078,30075,30085,10
12.9356803894,80.2336730957,30085,30095,10
12.9357595444,80.2337112427,30095,30105,10
12.9361896515,80.2339172363,30105,30116,11
12.9369602203,80.2342910767,30116,30126,10
12.9378499985,80.2347183228,30126,30136,10
12.9387998581,80.2351837158,30136,30146,10
12.939740181,80.2356491089,30146,30186,40
12.939740181,80.2356491089,30186,30196,10
12.9400701523,80.2358474731,30196,30207,11
12.9406204224,80.2360076904,30207,30217,10
12.9413604736,80.2361831665,30217,30227,10
12.9422502518,80.2363967896,30227,30237,10
12.9431400299,80.2368469238,30237,30247,10
12.9439001083,80.2376098633,30247,30257,10
12.9446601868,80.2384567261,30257,30267,10
12.9453496933,80.2391433716,30267,30277,10
12.9463195801,80.2396087646,30277,30288,11
12.9472703934,80.2399673462,30288,30318,30
12.9472703934,80.2399673462,30318,30328,10
12.9473400116,80.2400131226,30328,30338,10
12.9477396011,80.2401580811,30338,30348,10
12.948340416,80.2404174805,30348,30358,10
12.9486703873,80.240562439,30358,30419,61
12.9486703873,80.240562439,30419,30429,10
12.948679924,80.2405776978,30429,30439,10
12.9489603043,80.2406768799,30439,30449,10
12.9494800568,80.2408905029,30449,30460,11
12.9503002167,80.2411270142,30460,30470,10
12.951089859,80.2413787842,30470,30500,30
12.951089859,80.2413787842,30500,30510,10
12.9511098862,80.2413787842,30510,30520,10
12.9514703751,80.2415237427,30520,30530,10
12.9520101547,80.2417221069,30530,30541,11
12.9528598785,80.2420272827,30541,30551,10
12.9535799026,80.2423095703,30551,30561,10
12.9541397095,80.2425308228,30561,30571,10
12.95470047,80.2427597046,30571,30581,10
12.9552297592,80.2429733276,30581,30591,10
12.9559698105,80.2432327271,30591,30601,10
12.9563598633,80.243347168,30601,30611,10
12.956489563,80.2434005737,30611,30622,11
12.9570703506,80.2436599731,30622,30632,10
12.9577798843,80.2439880371,30632,30642,10
12.9583797455,80.2442474365,30642,30652,10
12.9588298798,80.244430542,30652,30682,30
12.9588298798,80.244430542,30682,30692,10
12.9590101242,80.2445220947,30692,30702,10
12.9594402313,80.2447280884,30702,30713,11
12.9602098465,80.2450866699,30713,30723,10
12.9611101151,80.2455062866,30723,30733,10
12.9620895386,80.2459869385,30733,30743,10
12.9629001617,80.2463912964,30743,30753,10
12.9631900787,80.2465591431,30753,30773,20
12.9631900787,80.2465591431,30773,30783,10
12.9631996155,80.2466430664,30783,30794,11
12.9635095596,80.2467803955,30794,30804,10
12.9640197754,80.246963501,30804,30814,10
12.9647703171,80.2472229004,30814,30824,10
12.9656400681,80.2474975586,30824,30834,10
12.9666500092,80.2478790283,30834,30864,30
12.9666500092,80.2478790283,30864,30875,11
12.966750145,80.2479171753,30875,30885,10
12.967089653,80.2481079102,30885,30895,10
12.9677095413,80.2483901978,30895,30905,10
12.9685297012,80.2487182617,30905,30915,10
12.9694700241,80.2490921021,30915,30925,10
12.9704504013,80.2494735718,30925,30935,10
12.9714603424,80.2497787476,30935,30945,10
12.9725599289,80.2500686646,30945,30955,10
12.9735803604,80.2503509521,30955,30966,11
12.9746198654,80.2506408691,30966,30976,10
12.9756803513,80.2509384155,30976,30986,10
12.9767398834,80.2512512207,30986,30996,10
12.977689743,80.2517318726,30996,31006,10
12.9785995483,80.2523803711,31006,31036,30
12.9785995483,80.2523803711,31036,31047,11
12.9788303375,80.2524871826,31047,31057,10
12.9793395996,80.2525863647,31057,31067,10
12.9800395966,80.2526397705,31067,31077,10
12.980799675,80.2526397705,31077,31087,10
12.981710434,80.2526092529,31087,31097,10
12.9827003479,80.252571106,31097,31107,10
12.9836301804,80.252456665,31107,31117,10
12.9842796326,80.2522735596,31117,31300,183
12.9842796326,80.2522735596,31300,31310,10
12.9844398499,80.252243042,31310,31320,10
12.9848203659,80.2521514893,31320,31330,10
12.9853601456,80.2519989014,31330,31340,10
12.9858598709,80.2518692017,31340,31350,10
12.986289978,80.2517471313,31350,31360,10
12.9866695404,80.2516479492,31360,31370,10
12.9870300293,80.2515487671,31370,31380,10
12.9874401093,80.2514190674,31380,31391,11
12.9879798889,80.2512893677,31391,31401,10
12.9888000488,80.2510986328,31401,31411,10
12.9895296097,80.250869751,31411,31441,30
12.9895296097,80.250869751,31441,31451,10
12.9898395538,80.2508087158,31451,31461,10
12.9904203415,80.2506713867,31461,31472,11
12.9914703369,80.2504119873,31472,31482,10
12.9925403595,80.2501525879,31482,31492,10
12.9937200546,80.2498397827,31492,31502,10
12.9949197769,80.2495574951,31502,31512,10
12.9966402054,80.2490768433,31512,31542,30
12.9966402054,80.2490768433,31542,31552,10
12.9967603683,80.2490692139,31552,31563,11
12.9972600937,80.2489471436,31563,31573,10
12.9980602264,80.2487411499,31573,31583,10
12.9990997314,80.2484970093,31583,31593,10
13.0003004074,80.2482070923,31593,31603,10
13.001449585,80.2479095459,31603,31613,10
13.0023803711,80.2476882935,31613,31623,10
13.0033903122,80.2474975586,31623,31633,10
13.0045003891,80.2473526001,31633,31644,11
13.0055999756,80.247177124,31644,31654,10
13.006070137,80.2470092773,31654,31664,10
13.0062799454,80.2468185425,31664,31674,10
13.0065498352,80.2463531494,31674,31694,20
13.0065498352,80.2463531494,31694,31704,10
13.0065803528,80.2462997437,31704,31714,10
13.0066003799,80.2459411621,31714,31724,10
13.0066099167,80.2454833984,31724,31735,11
13.0066099167,80.2450637817,31735,31745,10
13.0066299438,80.2447433472,31745,31755,10
13.0066299438,80.2443618774,31755,31765,10
13.0066299438,80.2439727783,31765,31775,10
13.0066404343,80.2436904907,31775,31785,10
13.0066299438,80.2434768677,31785,31795,10
13.0066003799,80.2430419922,31795,31805,10
13.0065498352,80.2423706055,31805,31816,11
13.0065603256,80.2418136597,31816,31826,10
13.0066299438,80.2411727905,31826,31836,10
13.0066404343,80.2410202026,31836,31846,10
13.0066795349,80.2407836914,31846,31856,10
13.0067796707,80.2402572632,31856,31866,10
13.0068998337,80.2396697998,31866,31876,10
13.007060051,80.2387390137,31876,31886,10
13.0072603226,80.2379226685,31886,31897,11
13.0074195862,80.2369995117,31897,31927,30
13.0074195862,80.2369995117,31927,31937,10
13.007399559,80.2368011475,31937,31947,10
13.0075597763,80.2362365723,31947,31957,10
13.0077495575,80.2354278564,31957,31967,10
13.0079402924,80.2345581055,31967,31977,10
13.0082101822,80.2332992554,31977,31988,11
13.0084600449,80.2320327759,31988,31998,10
13.0086402893,80.2310180664,31998,32008,10
13.0088396072,80.2299194336,32008,32018,10
13.0090198517,80.2289428711,32018,32028,10
13.00922966,80.2280578613,32028,32038,10
13.0095996857,80.2272033691,32038,32048,10
13.0100402832,80.2262802124,32048,32058,10
13.0103998184,80.2255630493,32058,32069,11
13.01060009,80.225151062,32069,32079,10
13.0107803345,80.2247924805,32079,32089,10
13.0109596252,80.2243804932,32089,32099,10
13.0112400055,80.2237091064,32099,32119,20
13.0112400055,80.2237091064,32119,32129,10
13.0114498138,80.2232818604,32129,32139,10
13.0116701126,80.2226867676,32139,32150,11
13.0119695663,80.2220001221,32150,32160,10
13.0122995377,80.2215881348,32160,32170,10
13.0125598907,80.2219009399,32170,32180,10
13.0129098892,80.2223587036,32180,32190,10
13.0133895874,80.2227706909,32190,32200,10
13.0139303207,80.2233886719,32200,32210,10
13.0143604279,80.2238922119,32210,32220,10
13.0149297714,80.2244567871,32220,32230,10
13.0153303146,80.2248382568,32230,32271,41
13.0153303146,80.2248382568,32271,32281,10
13.0155601501,80.2250289917,32281,32291,10
13.0159597397,80.2253036499,32291,32301,10
13.0166597366,80.2252578735,32301,32311,10
13.0174503326,80.224937439,32311,32322,11
13.0182800293,80.2246170044,32322,32332,10
13.0189695358,80.2243728638,32332,32342,10
13.0194997787,80.2243728638,32342,32362,20
13.0194997787,80.2243728638,32362,32372,10
13.0195598602,80.2244186401,32372,32382,10
13.019780159,80.2245635986,32382,32392,10
13.0201396942,80.2248382568,32392,32402,10
13.0205497742,80.2251434326,32402,32413,11
13.0209703445,80.2254486084,32413,32423,10
13.0213003159,80.225730896,32423,32433,10
13.0217199326,80.2260513306,32433,32443,10
13.0219297409,80.2262115479,32443,32453,10
13.0222396851,80.2264480591,32453,32463,10
13.0225200653,80.2266769409,32463,32473,10
13.0227003098,80.2268295288,32473,32483,10
13.0228395462,80.2269973755,32483,32494,11
13.0229902267,80.2271575928,32494,32504,10
13.0231103897,80.2273178101,32504,32514,10
13.0233097076,80.2274703979,32514,32534,20
13.0233097076,80.2274703979,32534,32544,10
13.023639679,80.2277526855,32544,32554,10
13.0239095688,80.2279815674,32554,32564,10
13.0241203308,80.2282028198,32564,32575,11
13.0242795944,80.2283935547,32575,32655,80
13.0242795944,80.2283935547,32655,32666,11
13.024479866,80.2285919189,32666,32676,10
13.0242300034,80.2285232544,32676,32686,10
13.0239696503,80.2281112671,32686,32696,10
13.0235795975,80.2276763916,32696,32706,10
13.0231895447,80.2273788452,32706,32919,213
13.0231895447,80.2273788452,32919,32929,10
13.023150444,80.2272415161,32929,32939,10
13.0229797363,80.2270812988,32939,32949,10
13.0227403641,80.2268218994,32949,32959,10
13.0224504471,80.2265319824,32959,32969,10
13.0220403671,80.2261810303,32969,32979,10
13.02161026,80.2258834839,32979,32989,10
13.0210895538,80.2254867554,32989,33000,11
13.0204401016,80.2250671387,33000,33010,10
13.0197296143,80.224609375,33010,33020,10
13.0188798904,80.2244567871,33020,33030,10
13.017999649,80.2248001099,33030,33040,10
13.0171003342,80.2251663208,33040,33050,10
13.0164604187,80.2254180908,33050,33060,10
13.0159196854,80.2256164551,33060,33070,10
13.0153598785,80.2258377075,33070,33080,10
13.0148000717,80.2260818481,33080,33091,11
13.0141096115,80.2263565063,33091,33111,20
13.0141096115,80.2263565063,33111,33121,10
13.013999939,80.2264022827,33121,33131,10
13.0139799118,80.2264175415,33131,33141,10
13.0137996674,80.2265014648,33141,33151,10
13.0133199692,80.2266464233,33151,33161,10
13.0126199722,80.2268981934,33161,33172,11
13.0117397308,80.2272567749,33172,33182,10
13.0108604431,80.2276077271,33182,33192,10
13.0099697113,80.2279586792,33192,33202,10
13.0092697144,80.2283172607,33202,33212,10
13.009059906,80.2290725708,33212,33222,10
13.0089197159,80.2299118042,33222,33232,10
13.0087795258,80.2307281494,33232,33242,10
13.0086603165,80.2315597534,33242,33252,10
13.0084495544,80.2325286865,33252,33263,11
13.0083198547,80.2333908081,33263,33273,10
13.0082798004,80.233581543,33273,33283,10
13.0082197189,80.2337036133,33283,33293,10
13.0081701279,80.2339019775,33293,33303,10
13.0081300735,80.2342681885,33303,33313,10
13.0079698563,80.2349395752,33313,33323,10
13.007809639,80.2357406616,33323,33333,10
13.0076599121,80.2365036011,33333,33344,11
13.0074901581,80.2373123169,33344,33354,10
13.0073795319,80.2380371094,33354,33364,10
13.007229805,80.2387237549,33364,33374,10
13.0070800781,80.2394790649,33374,33384,10
13.0068998337,80.2403793335,33384,33394,10
13.0068597794,80.2406768799,33394,33404,10
13.0068502426,80.2408599854,33404,33414,10
13.0068597794,80.2408599854,33414,33425,11
13.0068101883,80.2411270142,33425,33435,10
13.0067195892,80.2419586182,33435,33455,20
13.0067195892,80.2419586182,33455,33465,10
13.0067396164,80.2422103882,33465,33475,10
13.0067396164,80.242401123,33475,33485,10
13.0067396164,80.2426300049,33485,33495,10
13.0067396164,80.2428817749,33495,33505,10
13.0067501068,80.2430725098,33505,33516,11
13.0067501068,80.2434387207,33516,33526,10
13.0067195892,80.243812561,33526,33536,10
13.0066900253,80.2442703247,33536,33546,10
13.0066795349,80.2445602417,33546,33556,10
13.0066995621,80.2450637817,33556,33566,10
13.0067501068,80.2455368042,33566,33576,10
13.0067796707,80.2462081909,33576,33586,10
13.0067901611,80.2466201782,33586,33597,11
13.0067596436,80.2472000122,33597,33657,60
13.0067596436,80.2472000122,33657,33667,10
13.0066204071,80.247467041,33667,33678,11
13.0061597824,80.2474517822,33678,33688,10
13.0060501099,80.247428894,33688,33698,10
13.0059204102,80.2473602295,33698,33708,10
13.0053701401,80.2473373413,33708,33718,10
13.0045003891,80.2473983765,33718,33728,10
13.0034799576,80.247543335,33728,33738,10
13.002530098,80.2477035522,33738,33748,10
13.0014896393,80.2479705811,33748,33758,10
13.0003995895,80.2482528687,33758,33769,11
12.9991703033,80.2485580444,33769,33779,10
12.9980602264,80.2488632202,33779,33799,20
12.9980602264,80.2488632202,33799,33809,10
12.9979600906,80.2488632202,33809,33819,10
12.9974002838,80.2489776611,33819,33829,10
12.9964799881,80.2491989136,33829,33839,10
12.9953098297,80.2495193481,33839,33850,11
12.9938602448,80.2499084473,33850,33860,10
12.9925603867,80.2502212524,33860,33870,10
12.9912395477,80.250579834,33870,34214,344
12.9912395477,80.250579834,34214,34224,10
12.9911899567,80.2505569458,34224,34233,9
12.9910001755,80.2506027222,34233,34244,11
12.9908800125,80.2506103516,34244,34254,10
12.9905195236,80.2507095337,34254,34264,10
12.9900503159,80.2508468628,34264,34275,11
12.9899501801,80.2508926392,34275,34285,10
12.989569664,80.2509765625,34285,34295,10
12.9893798828,80.2510528564,34295,34305,10
12.9890804291,80.251121521,34305,34315,10
12.9887399673,80.2512283325,34315,34325,10
12.9882698059,80.2513580322,34325,34335,10
12.987859726,80.2514419556,34335,34345,10
12.9876098633,80.2514877319,34345,34355,10
12.987159729,80.2516174316,34355,34366,11
12.9866399765,80.2517700195,34366,34376,10
12.9862098694,80.2518463135,34376,34386,10
12.9854097366,80.2520523071,34386,34396,10
12.9843502045,80.2523269653,34396,34406,10
12.9832496643,80.2525863647,34406,34416,10
12.9821596146,80.2526702881,34416,34426,10
12.9813995361,80.2526931763,34426,34436,10
12.980890274,80.2527236938,34436,34467,31
12.980890274,80.2527236938,34467,34477,10
12.980629921,80.2527084351,34477,34487,10
12.9805698395,80.2527084351,34487,34497,10
12.9802904129,80.2527084351,34497,34507,10
12.9798898697,80.2527008057,34507,34517,10
12.97935009,80.2526168823,34517,34527,10
12.978679657,80.252532959,34527,34538,11
12.9786701202,80.2525177002,34538,34548,10
12.9784898758,80.2524414063,34548,34558,10
12.9779596329,80.2520217896,34558,34568,10
12.9771900177,80.251411438,34568,34578,10
12.9762001038,80.2510910034,34578,34588,10
12.9751901627,80.250793457,34588,34598,10
12.9742202759,80.2505111694,34598,34608,10
12.9736003876,80.2503204346,34608,34619,11
12.9727802277,80.2500991821,34619,34629,10
12.9719495773,80.2498779297,34629,34639,10
12.9711399078,80.249671936,34639,34649,10
12.9701595306,80.2493515015,34649,34659,10
12.9690999985,80.2489318848,34659,34669,10
12.9682197571,80.2485427856,34669,34679,10
12.96737957,80.2482223511,34679,34689,10
12.9669599533,80.2480010986,34689,34700,11
12.9663496017,80.2477264404,34700,34710,10
12.965180397,80.2473373413,34710,34730,20
12.965180397,80.2473373413,34730,34740,10
12.9649000168,80.2472305298,34740,34791,51
12.9649000168,80.2472305298,34791,34801,10
12.9645595551,80.2471008301,34801,34811,10
12.9641895294,80.246963501,34811,34821,10
12.9638395309,80.2468185425,34821,34831,10
12.9634399414,80.2465896606,34831,34841,10
12.9627304077,80.2462463379,34841,34851,10
12.9617795944,80.2457580566,34851,34861,10
12.9608697891,80.2453308105,34861,34872,11
12.9600200653,80.2449493408,34872,34882,10
12.9595403671,80.2447662354,34882,34892,10
12.9595298767,80.2447662354,34892,34902,10
12.9592895508,80.2446365356,34902,34912,10
12.9588499069,80.2444381714,34912,34922,10
12.9581203461,80.244140625,34922,34932,10
12.9575996399,80.2439422607,34932,34942,10
12.9572296143,80.2438430786,34942,34963,21
12.9572296143,80.2438430786,34963,34973,10
12.9571304321,80.243812561,34973,35044,71
12.9571304321,80.243812561,35044,35054,10
12.956700325,80.2436828613,35054,35114,60
12.956700325,80.2436828613,35114,35124,10
12.9564304352,80.2435836792,35124,35135,11
12.9560899734,80.2434310913,35135,35145,10
12.9553899765,80.2430419922,35145,35155,10
12.9545202255,80.2426605225,35155,35165,10
12.9537000656,80.2423171997,35165,35175,10
12.952870369,80.2419815063,35175,35185,10
12.9520196915,80.2416763306,35185,35195,10
12.951880455,80.2416381836,35195,35205,10
12.9516897202,80.2415466309,35205,35216,11
12.9509897232,80.2413024902,35216,35226,10
12.950220108,80.2410964966,35226,35236,10
12.9495897293,80.2408905029,35236,35246,10
12.9490299225,80.2407073975,35246,35256,10
12.9482603073,80.2403793335,35256,35266,10
12.9476995468,80.2401580811,35266,35276,10
12.9473199844,80.2400131226,35276,35296,20
12.9473199844,80.2400131226,35296,35307,11
12.9469604492,80.2398529053,35307,35317,10
12.9462099075,80.2395324707,35317,35327,10
12.9452695847,80.2390365601,35327,35337,10
12.9445199966,80.2382583618,35337,35347,10
12.9436998367,80.2373962402,35347,35357,10
12.9428901672,80.2366714478,35357,35367,10
12.9417200089,80.2362289429,35367,35377,10
12.9405498505,80.2359619141,35377,35388,11
12.9399204254,80.2357635498,35388,35398,10
12.9399003983,80.2357635498,35398,35408,10
12.9398202896,80.2356872559,35408,35418,10
12.9392995834,80.2354278564,35418,35428,10
12.9384498596,80.234992981,35428,35438,10
12.937379837,80.2344589233,35438,35448,10
12.9364995956,80.2340621948,35448,35458,10
12.9359798431,80.2338104248,35458,35469,11
12.9352998734,80.2334899902,35469,35479,10
12.9340496063,80.232963562,35479,35499,20
12.9340496063,80.232963562,35499,35509,10
12.9339799881,80.2329025269,35509,35519,10
12.9336004257,80.2327423096,35519,35529,10
12.9328804016,80.232421875,35529,35539,10
12.932009697,80.2321014404,35539,35549,10
12.9310102463,80.2317810059,35549,35560,11
12.9297199249,80.2314605713,35560,35570,10
12.9289703369,80.2313079834,35570,35580,10
12.9282598495,80.2312011719,35580,35590,10
12.9272699356,80.2310562134,35590,35600,10
12.9263601303,80.2309494019,35600,35610,10
12.926030159,80.2309570313,35610,35620,10
12.9259195328,80.23097229,35620,35630,10
12.9253902435,80.2308807373,35630,35641,11
12.9244604111,80.2307662964,35641,35651,10
12.9234199524,80.2306518555,35651,35661,10
12.9221897125,80.2304534912,35661,35671,10
12.9208202362,80.2302474976,35671,35681,10
12.9196195602,80.2300872803,35681,35691,10
12.9187202454,80.2299575806,35691,35701,10
12.9177303314,80.2298278809,35701,35711,10
12.9167299271,80.2296905518,35711,35721,10
12.9155597687,80.2295227051,35721,35732,11
12.9142799377,80.2293395996,35732,35742,10
12.9135398865,80.2293014526,35742,35762,20
12.9133300781,80.2292633057,35762,35782,20
12.9133300781,80.2292633057,35782,35792,10
12.9129695892,80.2291717529,35792,35802,10
12.912229538,80.2290420532,35802,35813,11
12.9110803604,80.2288970947,35813,35823,10
12.9098796844,80.2286987305,35823,35833,10
12.9083595276,80.2285308838,35833,35894,61
12.9083595276,80.2285308838,35894,35904,10
12.9082202911,80.2284393311,35904,35914,10
12.9078798294,80.2284088135,35914,35924,10
12.9074697495,80.2283706665,35924,35934,10
12.9070596695,80.2283401489,35934,35944,10
12.9066801071,80.2283096313,35944,35954,10
12.906419754,80.2282180786,35954,35964,10
12.9059896469,80.2281494141,35964,35974,10
12.9051198959,80.2281417847,35974,35985,11
12.903960228,80.2281036377,35985,35995,10
12.9030303955,80.2280807495,35995,36005,10
12.9027900696,80.2280807495,36005,36015,10
12.9023704529,80.2280502319,36015,36025,10
12.9019899368,80.2280578613,36025,36035,10
12.9017896652,80.2280502319,36035,36045,10
12.9015798569,80.2279891968,36045,36066,21
12.9015798569,80.2279891968,36066,36076,10
12.9011497498,80.2279815674,36076,36086,10
12.9008798599,80.2279281616,36086,36096,10
12.900759697,80.227897644,36096,36106,10
12.9005203247,80.2278823853,36106,36116,10
12.9003000259,80.227897644,36116,36126,10
12.8997402191,80.2278594971,36126,36136,10
12.8992900848,80.2278671265,36136,36157,21
12.8992900848,80.2278671265,36157,36167,10
12.8989696503,80.2278366089,36167,36177,10
12.8983697891,80.2277908325,36177,36187,10
12.8975496292,80.2277297974,36187,36197,10
12.896490097,80.2276611328,36197,36207,10
12.8953104019,80.2276229858,36207,36217,10
12.8942098618,80.2275466919,36217,36227,10
12.8933095932,80.2274627686,36227,36238,11
12.8925600052,80.2273712158,36238,36248,10
12.8918800354,80.2273330688,36248,36258,10
12.8908700943,80.2273330688,36258,36268,10
12.8897800446,80.2273406982,36268,36278,10
12.8889198303,80.2273483276,36278,36288,10
12.8879203796,80.2272720337,36288,36298,10
12.8867301941,80.2270812988,36298,36308,10
12.885720253,80.2268371582,36308,36318,10
12.8851499557,80.2267379761,36318,36329,11
12.8849401474,80.2267074585,36329,36339,10
12.8846197128,80.2266693115,36339,36349,10
12.8838396072,80.2266693115,36349,36359,10
12.8827199936,80.2266921997,36359,36369,10
12.8813199997,80.2267074585,36369,36379,10
12.8799200058,80.2267379761,36379,36389,10
12.8788604736,80.2267684937,36389,36399,10
12.8780899048,80.226852417,36399,36410,11
12.8777303696,80.2268981934,36410,36420,10
12.8775596619,80.2268981934,36420,36430,10
12.8774299622,80.2268981934,36430,36440,10
12.8771400452,80.2269134521,36440,36460,20
12.8771400452,80.2269134521,36460,36470,10
12.8770103455,80.2269134521,36470,36480,10
12.8767900467,80.2269592285,36480,36490,10
12.8764696121,80.2269668579,36490,36501,11
12.8764600754,80.2269668579,36501,36511,10
12.8760700226,80.2269668579,36511,36521,10
12.8754301071,80.2269363403,36521,36531,10
12.8744697571,80.2268218994,36531,36541,10
12.8733901978,80.2267227173,36541,36551,10
12.8726997375,80.2266998291,36551,36561,10
12.8723096848,80.2267074585,36561,36571,10
12.8722696304,80.2267227173,36571,36582,11
12.8717603683,80.2266693115,36582,36592,10
12.8709201813,80.2266311646,36592,36602,10
12.8699998856,80.2265472412,36602,36612,10
12.8689002991,80.2264328003,36612,36622,10
12.8677101135,80.2264099121,36622,36632,10
12.8666601181,80.2265167236,36632,36642,10
12.8658895493,80.2265777588,36642,36652,10
12.8648900986,80.2265777588,36652,36662,10
12.863699913,80.2265396118,36662,36673,11
12.8623695374,80.2265701294,36673,36683,10
12.8613195419,80.226600647,36683,36693,10
12.8608999252,80.2265930176,36693,36703,10
12.8607902527,80.2265777588,36703,36713,10
12.8602199554,80.2265014648,36713,36723,10
12.8594398499,80.2264404297,36723,36743,20
12.8594398499,80.2264404297,36743,36754,11
12.8591899872,80.2263793945,36754,36764,10
12.8589401245,80.2263183594,36764,36774,10
12.8583898544,80.2262573242,36774,36784,10
12.8574800491,80.226272583,36784,36794,10
12.8563404083,80.2263793945,36794,36804,10
12.8550100327,80.2265167236,36804,36814,10
12.8535900116,80.2266464233,36814,36824,10
12.8521795273,80.2266616821,36824,36835,11
12.8507003784,80.2265930176,36835,36845,10
12.8501596451,80.2266082764,36845,36855,10
12.8501501083,80.2266082764,36855,36865,10
12.849729538,80.2265930176,36865,36875,10
12.8489398956,80.2265777588,36875,36885,10
12.8480501175,80.2265930176,36885,36895,10
12.8477201462,80.2265777588,36895,36905,10
12.8476600647,80.2265777588,36905,36915,10
12.8475904465,80.2265930176,36915,36926,11
12.8474502563,80.226600647,36926,36936,10
12.8470401764,80.226600647,36936,36976,40
12.8470401764,80.226600647,36976,36986,10
12.846570015,80.2266082764,36986,36996,10
12.8464002609,80.2266082764,36996,37007,11
12.8459796906,80.2266082764,37007,37017,10
12.8457698822,80.2265777588,37017,37027,10
12.8454504013,80.2266082764,37027,37037,10
12.8454399109,80.226600647,37037,37047,10
12.8452701569,80.2265930176,37047,37057,10
12.8446598053,80.2266235352,37057,37067,10
12.8437404633,80.2266693115,37067,37077,10
12.8425798416,80.2268981934,37077,37087,10
12.8415498734,80.2271575928,37087,37098,11
12.8412504196,80.2272567749,37098,37108,10
12.8411798477,80.2272796631,37108,37118,10
12.8409204483,80.2273635864,37118,37148,30
12.8409204483,80.2273635864,37148,37158,10
12.8407001495,80.227432251,37158,37168,10
12.8402004242,80.2276000977,37168,37249,81
12.8402004242,80.2276000977,37249,37260,11
12.8398504257,80.2277297974,37260,37270,10
12.8397798538,80.2277526855,37270,37280,10
12.8395795822,80.2278137207,37280,37290,10
12.8389196396,80.2279434204,37290,37300,10
12.8379402161,80.2281570435,37300,37310,10
12.8367795944,80.2283630371,37310,37320,10
12.8357200623,80.2285003662,37320,37330,10
12.8346996307,80.2286376953,37330,37340,10
12.8336801529,80.2287979126,37340,37351,11
12.8327503204,80.2289581299,37351,37361,10
12.8325796127,80.2289962769,37361,37371,10
12.8324403763,80.229019165,37371,37391,20
12.8324403763,80.229019165,37391,37401,10
12.8322000504,80.2290420532,37401,37411,10
12.8317804337,80.2291488647,37411,37421,10
12.8315896988,80.2289581299,37421,37432,11
12.8315401077,80.2287521362,37432,37442,10
12.8315401077,80.2286300659,37442,37452,10
12.8314599991,80.2281417847,37452,37462,10
12.8313102722,80.2273788452,37462,37472,10
12.8311195374,80.2264633179,37472,37482,10
12.8310804367,80.2253570557,37482,37492,10
12.8310899734,80.2247085571,37492,37502,10
12.8311004639,80.2244491577,37502,37512,10
12.8311004639,80.2238311768,37512,37523,11
12.8311100006,80.2227783203,37523,37533,10
12.8311195374,80.2221603394,37533,37543,10
12.8311300278,80.2216796875,37543,37553,10
12.8311300278,80.2208023071,37553,37563,10
12.8311395645,80.2198486328,37563,37573,10
12.8311004639,80.2194976807,37573,37583,10
12.8304796219,80.2193908691,37583,37593,10
12.8296604156,80.2194213867,37593,37604,11
12.8292102814,80.2194137573,37604,37614,10
12.8290300369,80.2193984985,37614,37624,10
12.8288497925,80.2193984985,37624,37634,10
12.8286600113,80.2194213867,37634,37644,10
12.8284301758,80.2194137573,37644,37654,10
12.8283395767,80.2194213867,37654,37664,10
12.8282699585,80.2194366455,37664,37674,10
12.8281097412,80.2194366455,37674,37684,10
12.8279800415,80.2194213867,37684,37695,11
12.827750206,80.2194213867,37695,37705,10
12.8274698257,80.2194213867,37705,37735,30
12.8274698257,80.2194213867,37735,37745,10
12.8274402618,80.2194290161,37745,37755,10
12.8269901276,80.2194213867,37755,37765,10
12.8262195587,80.2194519043,37765,37776,11
12.8258399963,80.2194366455,37776,37786,10
12.8253297806,80.2194213867,37786,37796,10
12.8253097534,80.2194213867,37796,37807,11
12.8250198364,80.2194137573,37807,37817,10
12.8241901398,80.2193603516,37817,37827,10
12.8230695724,80.219367981,37827,37837,10
12.8227701187,80.2193984985,37837,37847,10
12.8227300644,80.2193984985,37847,37858,11
12.822640419,80.2191009521,37858,37868,10
12.8226604462,80.2187805176,37868,37878,10
12.8226804733,80.2179489136,37878,37888,10
12.8226900101,80.216758728,37888,37898,10
12.8226804733,80.2161026001,37898,37908,10
12.8228197098,80.2159423828,37908,37918,10
12.82310009,80.2159423828,37918,37928,10
12.8237895966,80.2159423828,37928,37938,10
12.8245000839,80.2159729004,37938,37949,11
12.8249502182,80.2160186768,37949,38536,587
12.8249502182,80.2160186768,38536,38546,10
12.8252897263,80.2160186768,38546,38556,10
12.8257398605,80.2160263062,38556,38566,10
12.8259000778,80.2163391113,38566,38576,10
12.8258800507,80.2171401978,38576,38586,10
12.8258695602,80.2182617188,38586,38596,10
12.8259000778,80.2192306519,38596,38606,10
12.8261299133,80.2194137573,38606,38616,10
12.8274402618,80.2194137573,38616,38647,31
12.8274402618,80.2194137573,38647,38657,10
12.8278598785,80.2194290161,38657,38667,10
12.8281698227,80.2194290161,38667,38677,10
12.8289299011,80.2194290161,38677,38687,10
12.8300199509,80.2194213867,38687,38697,10
12.8308801651,80.2194290161,38697,38708,11
12.8311796188,80.219871521,38708,38718,10
12.8311395645,80.2208786011,38718,38728,10
12.8311195374,80.2219772339,38728,38738,10
12.8311100006,80.222366333,38738,38748,10
12.8311100006,80.2232971191,38748,38758,10
12.8311004639,80.2244796753,38758,38768,10
12.8311004639,80.2248535156,38768,38778,10
12.8310899734,80.225769043,38778,38788,10
12.8312397003,80.2270889282,38788,38799,11
12.8315601349,80.2285766602,38799,38809,10
12.8317403793,80.2291030884,38809,38819,10
12.8323802948,80.2290267944,38819,38829,10
12.8334999084,80.228843689,38829,38839,10
12.8349599838,80.2285919189,38839,38849,10
12.8365297318,80.2283477783,38849,38859,10
12.8378696442,80.2281188965,38859,38869,10
12.8386001587,80.2279434204,38869,38880,11
12.8387699127,80.2278823853,38880,38890,10
12.8389797211,80.2278213501,38890,38900,10
12.8391399384,80.2277603149,38900,38910,10
12.8392801285,80.2276916504,38910,38920,10
12.8395299911,80.2275924683,38920,38940,20
12.8395299911,80.2275924683,38940,38950,10
12.839630127,80.2275772095,38950,38960,10
12.8402004242,80.2275009155,38960,38971,11
12.8413801193,80.2272186279,38971,38981,10
12.8425798416,80.2269363403,38981,38991,10
12.8438997269,80.2267074585,38991,39001,10
12.8450603485,80.226600647,39001,39011,10
12.8454504013,80.2265701294,39011,39021,10
12.8458204269,80.2265625,39021,39041,20
12.8458204269,80.2265625,39041,39052,11
12.8462200165,80.2265701294,39052,39062,10
12.8469696045,80.2265701294,39062,39072,10
12.8479795456,80.2265625,39072,39082,10
12.8488998413,80.2265625,39082,39092,10
12.8500404358,80.2265472412,39092,39102,10
12.8512897491,80.226600647,39102,39112,10
12.8527898788,80.2266693115,39112,39122,10
12.8544301987,80.2265625,39122,39132,10
12.8560304642,80.2263870239,39132,39143,11
12.8576202393,80.2262268066,39143,39153,10
12.8584499359,80.2262115479,39153,39163,10
12.8592596054,80.2262878418,39163,39173,10
12.8604001999,80.2264709473,39173,39183,10
12.8606796265,80.2265014648,39183,39193,10
12.860710144,80.2265319824,39193,39203,10
12.861000061,80.2265625,39203,39213,10
12.8617601395,80.2265625,39213,39224,11
12.8631000519,80.2264862061,39224,39234,10
12.8645601273,80.2265472412,39234,39244,10
12.8659000397,80.2265777588,39244,39254,10
12.8670396805,80.2264709473,39254,39264,10
12.868180275,80.2263717651,39264,39274,10
12.8693399429,80.2264404297,39274,39284,10
12.8705196381,80.226600647,39284,39294,10
12.8716802597,80.2266464233,39294,39304,10
12.8726301193,80.2266387939,39304,39315,11
12.8728904724,80.2266921997,39315,39325,10
12.8736095428,80.2266998291,39325,39335,10
12.8747301102,80.2268295288,39335,39345,10
12.8759498596,80.2269287109,39345,39355,10
12.8763999939,80.2268981934,39355,39365,10
12.8767900467,80.2268676758,39365,39375,10
12.876950264,80.226852417,39375,39385,10
12.8776597977,80.2267990112,39385,39396,11
12.8789596558,80.2267227173,39396,39406,10
12.8804197311,80.2266769409,39406,39416,10
12.8816900253,80.2266616821,39416,39426,10
12.8831501007,80.2266616821,39426,39436,10
12.884519577,80.2266464233,39436,39446,10
12.8857297897,80.2267990112,39446,39456,10
12.8872003555,80.2271499634,39456,39466,10
12.888759613,80.2273178101,39466,39476,10
12.8903903961,80.2273025513,39476,39487,11
12.8916397095,80.2273025513,39487,39497,10
12.8919200897,80.2273025513,39497,39507,10
12.8922595978,80.2273178101,39507,39517,10
12.8928604126,80.2273788452,39517,39527,10
12.8935699463,80.2274703979,39527,39537,10
12.8946199417,80.2275772095,39537,39547,10
12.8959798813,80.2276687622,39547,39557,10
12.8973999023,80.2277374268,39557,39568,11
12.8987903595,80.2278137207,39568,39578,10
12.8998498917,80.2278823853,39578,39588,10
12.9007797241,80.2279510498,39588,39669,81
12.9007797241,80.2279510498,39669,39679,10
12.9009599686,80.2279815674,39679,39689,10
12.9016399384,80.2279891968,39689,39699,10
12.9023504257,80.2280197144,39699,39709,10
12.9027795792,80.2280273438,39709,39719,10
12.9027996063,80.2280273438,39719,39729,10
12.9030704498,80.2280426025,39729,39740,11
12.9039402008,80.2280883789,39740,39750,10
12.9050598145,80.2281570435,39750,39760,10
12.9061002731,80.2282028198,39760,39770,10
12.9066400528,80.2282562256,39770,39780,10
12.9070196152,80.2282867432,39780,39790,10
12.9074897766,80.2283477783,39790,39800,10
12.9086999893,80.228553772,39800,39810,10
12.9099197388,80.2287597656,39810,39821,11
12.9112997055,80.2289581299,39821,39831,10
12.9124898911,80.2291412354,39831,39841,10
12.9138202667,80.2292861938,39841,39881,40
12.9138202667,80.2292861938,39881,39891,10
12.9140996933,80.2293167114,39891,39901,10
12.9148797989,80.2294311523,39901,39912,11
12.9161701202,80.229637146,39912,39922,10
12.91726017,80.2297973633,39922,39932,10
12.918419838,80.2299728394,39932,39942,10
12.919839859,80.2301635742,39942,39952,10
12.9212398529,80.2303237915,39952,39962,10
12.9227399826,80.2305374146,39962,39972,10
12.9243402481,80.230758667,39972,39982,10
12.9257297516,80.2309188843,39982,39993,11
12.9263296127,80.23097229,39993,40003,10
12.92648983,80.2309799194,40003,40013,10
12.9271602631,80.2310562134,40013,40023,10
12.9281997681,80.2311935425,40023,40033,10
12.9293804169,80.2313995361,40033,40043,10
12.930680275,80.2317123413,40043,40053,10
12.932009697,80.2321395874,40053,40063,10
12.933139801,80.2325592041,40063,40073,10
12.9336500168,80.2327575684,40073,40084,11
12.9337596893,80.2328414917,40084,40094,10
12.9343204498,80.2330780029,40094,40104,10
12.935259819,80.2334976196,40104,40114,10
12.9362602234,80.2340011597,40114,40124,10
12.9372901917,80.2344970703,40124,40134,10
12.9381399155,80.234916687,40134,40144,10
12.9392795563,80.2354736328,40144,40154,10
12.9398097992,80.2356872559,40154,40165,11
12.9398202896,80.2357025146,40165,40175,10
12.9402599335,80.2358932495,40175,40185,10
12.9411001205,80.2361526489,40185,40195,10
12.9422597885,80.2364425659,40195,40205,10
12.9433498383,80.2370605469,40205,40215,10
12.9440603256,80.2378005981,40215,40225,10
12.9450302124,80.238861084,40225,40235,10
12.9457502365,80.2393875122,40235,40246,11
12.9467000961,80.2397689819,40246,40256,10
12.9472799301,80.2399978638,40256,40266,10
12.9472999573,80.2400131226,40266,40276,10
12.9475898743,80.2401428223,40276,40286,10
12.9482898712,80.2404403687,40286,40296,10
12.9492101669,80.2408065796,40296,40306,10
12.9501104355,80.2410964966,40306,40316,10
12.9506797791,80.2412567139,40316,40325,9
12.950750351,80.2412796021,40325,40337,12
12.9509296417,80.2413406372,40337,40347,10
12.9510297775,80.2413864136,40347,40357,10
12.9516496658,80.2416305542,40357,40367,10
12.9526395798,80.2420120239,40367,40377,10
12.9536504745,80.242401123,40377,40387,10
12.9545602798,80.2427825928,40387,40397,10
12.9553003311,80.2430496216,40397,40407,10
12.9562196732,80.2433929443,40407,40448,41
12.9562196732,80.2433929443,40448,40458,10
12.9567804337,80.2435836792,40458,40468,10
12.9575901031,80.243927002,40468,40478,10
12.9581804276,80.2441329956,40478,40488,10
12.958729744,80.2443771362,40488,40498,10
12.9587402344,80.2443771362,40498,40509,11
12.9591598511,80.244682312,40509,40519,10
12.9599599838,80.2450714111,40519,40529,10
12.9610900879,80.2455596924,40529,40539,10
12.962439537,80.2462081909,40539,40549,10
12.9634304047,80.246711731,40549,40620,71
12.9634304047,80.246711731,40620,40630,10
12.9638204575,80.2469177246,40630,40640,10
12.964679718,80.2472305298,40640,40650,10
12.9658002853,80.2476196289,40650,40660,10
12.9669504166,80.2480697632,40660,40681,21
12.9669504166,80.2480697632,40681,40691,10
12.96737957,80.248260498,40691,40701,10
12.9682197571,80.2486190796,40701,40711,10
12.9693698883,80.2490768433,40711,40721,10
12.970700264,80.2496185303,40721,40731,10
12.9722204208,80.2500610352,40731,40741,10
12.97356987,80.2503967285,40741,40751,10
12.9747896194,80.2507629395,40751,40762,11
12.9761400223,80.251121521,40762,40772,10
12.9773397446,80.2515335083,40772,40782,10
12.9783201218,80.252243042,40782,40792,10
12.9786195755,80.2524032593,40792,40802,10
12.9788703918,80.2525482178,40802,40812,10
12.9796600342,80.2526473999,40812,40822,10
12.9807100296,80.2526473999,40822,40832,10
12.9817199707,80.2526321411,40832,40842,10
12.9828901291,80.252571106,40842,40853,11
12.9837799072,80.2523880005,40853,41035,182
12.9837799072,80.2523880005,41035,41045,10
12.9841003418,80.2523193359,41045,41055,10
12.9846601486,80.2521820068,41055,41065,10
12.985039711,80.2520828247,41065,41075,10
12.9857397079,80.2518768311,41075,41085,10
12.9863700867,80.251701355,41085,41095,10
12.9870100021,80.2515335083,41095,41106,11
12.9875097275,80.251373291,41106,41116,10
12.9882097244,80.2512435913,41116,41126,10
12.9891796112,80.2509613037,41126,41136,10
12.9894199371,80.2508926392,41136,41146,10
12.9895200729,80.2509384155,41146,41156,10
12.989979744,80.2508392334,41156,41166,10
12.9908304214,80.2506637573,41166,41176,10
12.9919204712,80.2503585815,41176,41187,11
12.9933204651,80.25,41187,41197,10
12.9945898056,80.2496414185,41197,41207,10
12.9958000183,80.2493362427,41207,41217,10
12.9966802597,80.2490997314,41217,41227,10
12.9967098236,80.2491073608,41227,41237,10
12.997010231,80.2490768433,41237,41247,10
12.9977998734,80.2489013672,41247,41257,10
12.9989404678,80.2485961914,41257,41268,11
13.0003404617,80.2482376099,41268,41278,10
13.0015697479,80.2479171753,41278,41288,10
13.0024900436,80.2476882935,41288,41298,10
13.0036096573,80.2474975586,41298,41308,10
13.0049600601,80.2473526001,41308,41318,10
13.006070137,80.2470779419,41318,41328,10
13.0065402985,80.2464828491,41328,41338,10
13.0065698624,80.2464065552,41338,41348,10
13.0066299438,80.2459411621,41348,41359,11
13.0066604614,80.2450180054,41359,41369,10
13.0066795349,80.2440795898,41369,41379,10
13.006649971,80.2432632446,41379,41389,10
13.0066099167,80.2422637939,41389,41399,10
13.0066299438,80.241317749,41399,41409,10
13.0067300797,80.2406768799,41409,41419,10
13.0067901611,80.2403335571,41419,41429,10
13.006939888,80.2395782471,41429,41440,11
13.0071401596,80.2384414673,41440,41450,10
13.0073404312,80.2375411987,41450,41460,10
13.0074100494,80.2369384766,41460,41470,10
13.0074300766,80.2367935181,41470,41480,10
13.0074996948,80.2365570068,41480,41490,10
13.0076599121,80.2358779907,41490,41500,10
13.0078601837,80.2349014282,41500,41509,9
13.008099556,80.2338485718,41509,41520,11
13.0083599091,80.2324523926,41520,41531,11
13.0086603165,80.231010437,41531,41541,10
13.0089197159,80.2296600342,41541,41551,10
13.009180069,80.2284011841,41551,41561,10
13.0096797943,80.2271575928,41561,41571,10
13.0101604462,80.2260818481,41571,41581,10
13.0106897354,80.2249984741,41581,41591,10
13.0111598969,80.2239074707,41591,41601,10
13.0115404129,80.2229537964,41601,41612,11
13.0118999481,80.2219314575,41612,41622,10
13.0123195648,80.2215423584,41622,41632,10
13.0125703812,80.2218780518,41632,41642,10
13.0130901337,80.2224197388,41642,41652,10
13.013589859,80.2229690552,41652,41662,10
13.0139198303,80.2233886719,41662,41672,10
13.0144796371,80.2240371704,41672,41682,10
13.0150604248,80.2246704102,41682,41692,10
13.0154600143,80.2249832153,41692,41713,21
13.0154600143,80.2249832153,41713,41723,10
13.0156402588,80.2251205444,41723,41733,10
13.0160198212,80.2253799438,41733,41743,10
13.0167703629,80.2253036499,41743,41753,10
13.0178604126,80.224861145,41753,41763,10
13.0190200806,80.2244415283,41763,41773,10
13.0195198059,80.2244033813,41773,41794,21
13.0195198059,80.2244033813,41794,41804,10
13.0198202133,80.2246170044,41804,41834,30
13.0198202133,80.2246170044,41834,41844,10
13.0201396942,80.224899292,41844,41854,10
13.0207796097,80.2253723145,41854,41865,11
13.02161026,80.2259979248,41865,41875,10
13.0223398209,80.2265930176,41875,41885,10
13.0231199265,80.2272796631,41885,41895,10
13.0237197876,80.2278518677,41895,41905,10
13.0242395401,80.2283477783,41905,41935,30
13.0242395401,80.2283477783,41935,41945,10
13.0243797302,80.2285079956,41945,41956,11
13.0243797302,80.2285995483,41956,41966,10
13.0242395401,80.2285995483,41966,41976,10
13.023900032,80.2282180786,41976,41986,10
13.023349762,80.2276687622,41986,42178,192
13.023349762,80.2276687622,42178,42188,10
13.0232000351,80.2273712158,42188,42198,10
13.0231399536,80.2272796631,42198,42209,11
13.0228204727,80.2269897461,42209,42219,10
13.0225296021,80.2267074585,42219,42229,10
13.0219297409,80.2262115479,42229,42239,10
13.0212202072,80.2256774902,42239,42249,10
13.0205602646,80.2252120972,42249,42259,10
13.020070076,80.2249069214,42259,42269,10
13.0198802948,80.2247695923,42269,42279,10
13.0195999146,80.2246017456,42279,42290,11
13.0187501907,80.2245407104,42290,42300,10
13.0178203583,80.2249221802,42300,42310,10
13.0169296265,80.2252578735,42310,42320,10
13.0162496567,80.2255325317,42320,42330,10
13.015540123,80.2257766724,42330,42340,10
13.0147800446,80.2260818481,42340,42350,10
13.013879776,80.2265014648,42350,42370,20
13.013879776,80.2265014648,42370,42381,11
13.0136299133,80.2265777588,42381,42391,10
13.0131397247,80.2267074585,42391,42401,10
13.0124197006,80.2269973755,42401,42411,10
13.0116596222,80.2273178101,42411,42421,10
13.010720253,80.2276992798,42421,42431,10
13.0098495483,80.2280502319,42431,42441,10
13.0091695786,80.2285385132,42441,42451,10
13.0090103149,80.2294082642,42451,42462,11
13.0087795258,80.2305526733,42462,42472,10
13.0086097717,80.2314910889,42472,42482,10
13.0084400177,80.2324066162,42482,42492,10
13.0082998276,80.2332992554,42492,42502,10
13.0082597733,80.2335281372,42502,42512,10
13.0081501007,80.2336883545,42512,42522,10
13.0080499649,80.2342224121,42522,42532,10
13.0078697205,80.2350769043,42532,42542,10
13.0076704025,80.2362365723,42542,42553,11
13.0074300766,80.2375869751,42553,42563,10
13.0072803497,80.2383117676,42563,42573,10
13.0072002411,80.2387008667,42573,42583,10
13.007060051,80.239151001,42583,42593,10
13.007060051,80.2392196655,42593,42603,10
13.0070199966,80.2395019531,42603,42634,31
13.0069799423,80.2397689819,42634,42684,50
13.0069799423,80.2397689819,42684,42694,10
13.0068302155,80.2402572632,42694,42704,10
13.0067796707,80.2407073975,42704,42735,31
13.0067796707,80.2407073975,42735,42745,10
13.0067596436,80.2409515381,42745,42755,10
13.0066995621,80.2413711548,42755,42765,10
13.0066900253,80.2422409058,42765,42775,10
13.0066404343,80.2430419922,42775,42785,10
13.0066299438,80.2435073853,42785,42795,10
13.0065803528,80.2440185547,42795,42806,11
13.0066003799,80.244682312,42806,42816,10
13.0066299438,80.2452011108,42816,42826,10
13.0066699982,80.2458572388,42826,42836,10
13.0067195892,80.2464904785,42836,42846,10
13.0067195892,80.2472305298,42846,42917,71
13.0067195892,80.2472305298,42917,42927,10
13.0065803528,80.2474899292,42927,42937,10
13.0061903,80.247467041,42937,42947,10
13.0060596466,80.2474365234,42947,42957,10
13.0059299469,80.247428894,42957,42967,10
13.0058097839,80.247428894,42967,42978,11
13.0052604675,80.2473907471,42978,42988,10
13.0044403076,80.2474136353,42988,42998,10
13.0035200119,80.2475585938,42998,43008,10
13.0026597977,80.2477035522,43008,43018,10
13.0018196106,80.2479019165,43018,43028,10
13.000749588,80.2481765747,43028,43038,10
12.9994697571,80.2484970093,43038,43048,10
12.9983301163,80.2488098145,43048,43059,11
12.9980897903,80.2488708496,43059,43069,10
12.9979095459,80.2489013672,43069,43079,10
12.9972696304,80.2490463257,43079,43089,10
12.996339798,80.2492599487,43089,43099,10
12.9953203201,80.24949646,43099,43109,10
12.9943399429,80.2497787476,43109,43119,10
12.9933700562,80.2500305176,43119,43129,10
12.9924001694,80.25025177,43129,43140,11
12.9910802841,80.2506332397,43140,43170,30
12.9910802841,80.2506332397,43170,43180,10
12.9911203384,80.250617981,43180,43190,10
12.9906997681,80.2507171631,43190,43200,10
12.9899301529,80.2509231567,43200,43210,10
12.9891395569,80.2510986328,43210,43220,10
12.988530159,80.2512283325,43220,43413,193
12.988530159,80.2512283325,43413,43423,10
12.9882202148,80.2512969971,43423,43433,10
12.9879102707,80.2513885498,43433,43443,10
12.9875297546,80.2514801025,43443,43453,10
12.9871196747,80.2515869141,43453,43463,10
12.9865503311,80.2517471313,43463,43473,10
12.9856796265,80.251953125,43473,43484,11
12.984459877,80.2523117065,43484,43494,10
12.9833498001,80.252571106,43494,43504,10
12.9823503494,80.2526779175,43504,43514,10
12.9814300537,80.2526931763,43514,43524,10
12.9808101654,80.2527236938,43524,43534,10
12.9804496765,80.2527694702,43534,43544,10
12.9799804688,80.2527618408,43544,43554,10
12.9793796539,80.2526779175,43554,43565,11
12.9786596298,80.2525863647,43565,43575,10
12.9785699844,80.2525405884,43575,43585,10
12.9781599045,80.2522583008,43585,43595,10
12.9777002335,80.2518386841,43595,43605,10
12.9768695831,80.2513427734,43605,43615,10
12.9758901596,80.2510299683,43615,43625,10
12.9749403,80.2507705688,43625,43635,10
12.97397995,80.2505111694,43635,43645,10
12.972990036,80.2502593994,43645,43656,11
12.9720401764,80.25,43656,43666,10
12.9711999893,80.249786377,43666,43676,10
12.9703397751,80.24949646,43676,43686,10
12.9694004059,80.2491226196,43686,43696,10
12.9685897827,80.2487564087,43696,43706,10
12.96778965,80.2484588623,43706,43716,10
12.9669704437,80.2480697632,43716,43726,10
12.9662303925,80.2477493286,43726,43737,11
12.9652900696,80.2474212646,43737,43747,10
12.9651098251,80.2473602295,43747,43757,10
12.964799881,80.2472381592,43757,43767,10
12.9640703201,80.246963501,43767,43777,10
12.9634103775,80.2466812134,43777,43787,10
12.9626502991,80.2462692261,43787,43797,10
12.9616203308,80.2457809448,43797,43807,10
12.9605903625,80.245300293,43807,43817,10
12.9598398209,80.2449874878,43817,43828,11
12.9595804214,80.2448883057,43828,43838,10
12.9593000412,80.2447433472,43838,43848,10
12.9586496353,80.244430542,43848,43858,10
12.9580402374,80.2442092896,43858,43868,10
12.9574699402,80.2440109253,43868,43878,10
12.9567203522,80.2438201904,43878,43898,20
12.9565601349,80.2437820435,43898,43919,21
12.9565601349,80.2437820435,43919,43929,10
12.9562797546,80.2436599731,43929,43939,10
12.9557504654,80.2433624268,43939,43949,10
12.9549598694,80.2429428101,43949,43959,10
12.9540395737,80.2425613403,43959,43969,10
12.9531002045,80.2421798706,43969,43979,10
12.9522399902,80.241859436,43979,43989,10
12.9516601563,80.2416687012,43989,44000,11
12.9514198303,80.241569519,44000,44010,10
12.9506998062,80.241317749,44010,44020,10
12.949760437,80.2410507202,44020,44030,10
12.9494400024,80.2409362793,44030,44040,10
12.9493303299,80.2409133911,44040,44050,10
12.9489803314,80.2407836914,44050,44060,10
12.9482898712,80.2404785156,44060,44070,10
12.9476003647,80.2402114868,44070,44081,11
12.9474401474,80.2401428223,44081,44091,10
12.947259903,80.2400588989,44091,44101,10
12.9467000961,80.2398300171,44101,44111,10
12.9458904266,80.2394790649,44111,44121,10
12.9451599121,80.2390594482,44121,44131,10
12.9445495605,80.2383728027,44131,44141,10
12.9438199997,80.2375869751,44141,44151,10
12.9430799484,80.2368392944,44151,44161,10
12.9419603348,80.2363433838,44161,44172,11
12.9406700134,80.2360305786,44172,44182,10
12.9398002625,80.2357711792,44182,44192,10
12.9396400452,80.2357025146,44192,44202,10
12.9391498566,80.235458374,44202,44212,10
12.9382696152,80.2350006104,44212,44222,10
12.9372196198,80.2344894409,44222,44232,10
12.9364404678,80.23412323,44232,44242,10
12.9361600876,80.2340011597,44242,44253,11
12.9361095428,80.2339706421,44253,44263,10
12.9358100891,80.233833313,44263,44273,10
12.9351196289,80.2335205078,44273,44283,10
12.9341602325,80.2331085205,44283,44293,10
12.9339199066,80.2329864502,44293,44303,10
12.9338502884,80.232963562,44303,44313,10
12.9333200455,80.232711792,44313,44323,10
12.9323997498,80.2323532104,44323,44333,10
12.9313802719,80.2320022583,44333,44344,11
12.930150032,80.231628418,44344,44354,10
12.9294595718,80.2314605713,44354,44364,10
12.9287595749,80.2313232422,44364,44374,10
12.9278402328,80.2311935425,44374,44384,10
12.9266901016,80.2310409546,44384,44394,10
12.9261903763,80.2309875488,44394,44404,10
12.9259195328,80.2309494019,44404,44414,10
12.925239563,80.2308731079,44414,44425,11
12.9242801666,80.230758667,44425,44435,10
12.9232196808,80.2305984497,44435,44445,10
12.9218902588,80.2303924561,44445,44455,10
12.9204702377,80.2302017212,44455,44465,10
12.9191503525,80.2300415039,44465,44475,10
12.9179096222,80.229888916,44475,44485,10
12.9169101715,80.2297592163,44485,44495,10
12.9160404205,80.229637146,44495,44505,10
12.9151697159,80.2295227051,44505,44516,11
12.9141197205,80.2293624878,44516,44526,10
12.913359642,80.2292785645,44526,44536,10
12.9132099152,80.2292633057,44536,44546,10
12.9125795364,80.2291564941,44546,44556,10
12.9115495682,80.2290115356,44556,44566,10
12.9103002548,80.2288284302,44566,44576,10
12.9091997147,80.2286605835,44576,44586,10
12.9081497192,80.2285003662,44586,44597,11
12.9075698853,80.2284088135,44597,44627,30
12.9075698853,80.2284088135,44627,44637,10
12.9074897766,80.2283477783,44637,44647,10
12.907119751,80.2283172607,44647,44657,10
12.9066896439,80.2282791138,44657,44708,51
12.9066896439,80.2282791138,44708,44718,10
12.9066400528,80.2283172607,44718,44728,10
12.9061899185,80.2282409668,44728,44738,10
12.905579567,80.2281799316,44738,44748,10
12.9047203064,80.2281188965,44748,44758,10
12.9034996033,80.2280731201,44758,44769,11
12.902130127,80.228012085,44769,44779,10
12.9012498856,80.2279815674,44779,44789,10
12.9007101059,80.2279434204,44789,44799,10
12.9005002975,80.2279281616,44799,44809,10
12.900270462,80.2279510498,44809,44819,10
12.8998003006,80.2279205322,44819,44829,10
12.8993902206,80.2278900146,44829,44839,10
12.8993797302,80.2278900146,44839,44849,10
12.8992004395,80.2278823853,44849,44860,11
12.8986301422,80.2278366089,44860,44870,10
12.8977499008,80.2277908325,44870,44880,10
12.8965101242,80.2277069092,44880,44890,10
12.8951997757,80.2276611328,44890,44900,10
12.8939304352,80.2275924683,44900,44910,10
12.8928804398,80.2274627686,44910,44920,10
12.8920898438,80.2273483276,44920,44930,10
12.8914003372,80.2273330688,44930,44941,11
12.8903598785,80.2273406982,44941,44951,10
12.8893098831,80.2273635864,44951,44961,10
12.8882598877,80.2273330688,44961,44971,10
12.887140274,80.227180481,44971,44981,10
12.8859796524,80.2269134521,44981,44991,10
12.8849401474,80.2267303467,44991,45001,10
12.8848104477,80.2267303467,45001,45011,10
12.8844099045,80.2266998291,45011,45021,10
12.8835401535,80.2267074585,45021,45032,11
12.8822097778,80.2267227173,45032,45042,10
12.8807601929,80.2267227173,45042,45052,10
12.8791799545,80.2267608643,45052,45062,10
12.8777599335,80.2268600464,45062,45072,10
12.8767995834,80.2269592285,45072,45082,10
12.8764896393,80.2269821167,45082,45092,10
12.8762702942,80.2269973755,45092,45102,10
12.8754901886,80.2269668579,45102,45113,11
12.8742103577,80.2267837524,45113,45123,10
12.8730201721,80.2267227173,45123,45133,10
12.8726596832,80.2267227173,45133,45143,10
12.8723096848,80.2266998291,45143,45153,10
12.8714799881,80.2266693115,45153,45163,10
12.870349884,80.2265930176,45163,45173,10
12.869020462,80.2264175415,45173,45183,10
12.8676204681,80.2264099121,45183,45193,10
12.8665399551,80.2265319824,45193,45204,11
12.8654003143,80.2265930176,45204,45214,10
12.8642702103,80.2265625,45214,45224,10
12.8630399704,80.2265167236,45224,45234,10
12.8617696762,80.2265930176,45234,45244,10
12.8605604172,80.2265625,45244,45254,10
12.8593397141,80.2264022827,45254,45264,10
12.8584403992,80.226272583,45264,45274,10
12.8572797775,80.2262878418,45274,45285,11
12.8558597565,80.2264404297,45285,45295,10
12.8545598984,80.2265701294,45295,45305,10
12.853269577,80.2266998291,45305,45315,10
12.851940155,80.2266693115,45315,45325,10
12.8506603241,80.2266235352,45325,45335,10
12.8499498367,80.226600647,45335,45345,10
12.8497800827,80.2265930176,45345,45355,10
12.8490800858,80.2265930176,45355,45366,11
12.8478298187,80.2265777588,45366,45376,10
12.8465204239,80.226600647,45376,45386,10
12.8454904556,80.2265777588,45386,45396,10
12.8452997208,80.2266082764,45396,45406,10
12.8449201584,80.2266311646,45406,45416,10
12.8440799713,80.2266921997,45416,45426,10
12.8431301117,80.2267990112,45426,45436,10
12.8418703079,80.2270507813,45436,45446,10
12.8405599594,80.2274093628,45446,45457,11
12.8398799896,80.2276611328,45457,45467,10
12.8394804001,80.2277984619,45467,45477,10
12.8386001587,80.2279891968,45477,45487,10
12.8373804092,80.2282485962,45487,45497,10
12.835849762,80.2285003662,45497,45507,10
12.8341798782,80.2287597656,45507,45517,10
12.8328199387,80.2289962769,45517,45527,10
12.8320102692,80.2291870117,45527,45538,11
12.8319501877,80.2292022705,45538,45548,10
12.831870079,80.2292175293,45548,45558,10
12.8318195343,80.2292327881,45558,45568,10
12.8312797546,80.2293395996,45568,45578,10
12.8303003311,80.2296981812,45578,45588,10
12.8290300369,80.23021698,45588,45598,10
12.8277301788,80.2309494019,45598,45608,10
12.8265199661,80.231338501,45608,45618,10
12.8251695633,80.2314071655,45618,45629,11
12.8235397339,80.2310791016,45629,45639,10
12.8220396042,80.2306137085,45639,45649,10
12.8205604553,80.2304763794,45649,45659,10
12.8191900253,80.230506897,45659,45669,10
12.8188400269,80.2304763794,45669,45679,10
12.8183603287,80.2302627563,45679,45689,10
12.8175096512,80.2298736572,45689,45699,10
12.8164701462,80.2295227051,45699,45710,11
12.8149595261,80.229309082,45710,45720,10
12.8134298325,80.2289581299,45720,45730,10
12.8119802475,80.2284469604,45730,45740,10
12.8106002808,80.2279129028,45740,45750,10
12.8093500137,80.2273330688,45750,45760,10
12.8081998825,80.2264404297,45760,45770,10
12.8073301315,80.225692749,45770,45780,10
12.8066396713,80.2250900269,45780,45790,10
12.8060102463,80.2245330811,45790,45801,11
12.8054800034,80.2241363525,45801,45811,10
12.8050603867,80.224029541,45811,45821,10
12.8048801422,80.2239837646,45821,45831,10
12.804189682,80.2238998413,45831,45841,10
12.8033895493,80.2238235474,45841,45851,10
12.8025598526,80.2237167358,45851,45861,10
12.8016004562,80.2236175537,45861,45871,10
12.8007297516,80.2235412598,45871,45882,11
12.7995595932,80.2234420776,45882,45892,10
12.7985401154,80.2233505249,45892,45902,10
12.7974500656,80.2231826782,45902,45912,10
12.7964200974,80.2230224609,45912,45922,10
12.7958602905,80.2229385376,45922,45932,10
12.7955198288,80.2228775024,45932,45942,10
12.7946596146,80.2227172852,45942,45952,10
12.7934598923,80.2225418091,45952,45962,10
12.7923202515,80.2223434448,45962,45973,11
12.7913103104,80.2221069336,45973,45983,10
12.7903995514,80.2218780518,45983,45993,10
12.7896900177,80.2216720581,45993,46003,10
12.7890195847,80.2214202881,46003,46013,10
12.7884702682,80.221206665,46013,46023,10
12.7877397537,80.2209320068,46023,46054,31
12.7877397537,80.2209320068,46054,46064,10
12.7875699997,80.2208175659,46064,46074,10
12.7873497009,80.2207489014,46074,46084,10
12.7871303558,80.2206802368,46084,46094,10
12.78703022,80.2206497192,46094,46104,10
12.7867498398,80.2205505371,46104,46134,30
12.7867498398,80.2205505371,46134,46145,11
12.7866601944,80.2204971313,46145,46155,10
12.7866001129,80.2204818726,46155,46165,10
12.7865200043,80.220451355,46165,46175,10
12.7863397598,80.2203826904,46175,46185,10
12.7862300873,80.2203521729,46185,46195,10
12.7861700058,80.2204971313,46195,46205,10
12.7861700058,80.2208023071,46205,46215,10
12.7861795425,80.2212371826,46215,46226,11
12.7862300873,80.221862793,46226,46236,10
12.7862300873,80.2222213745,46236,46883,647
12.7862300873,80.2222213745,46883,46893,10
12.7863397598,80.2219161987,46893,46904,11
12.7862997055,80.2217712402,46904,46914,10
12.7862596512,80.2214889526,46914,46924,10
12.7862300873,80.2211914063,46924,46934,10
12.7862300873,80.2209014893,46934,46944,10
12.7861795425,80.2206726074,46944,46954,10
12.7861995697,80.220451355,46954,46964,10
12.7864599228,80.2204437256,46964,46984,20
12.7864599228,80.2204437256,46984,46995,11
12.7866401672,80.2205276489,46995,47005,10
12.7871198654,80.2207183838,47005,47015,10
12.7877197266,80.2209320068,47015,47025,10
12.7885103226,80.2212371826,47025,47035,10
12.7892303467,80.2215194702,47035,47045,10
12.7896099091,80.2216491699,47045,47055,10
12.7899398804,80.2217483521,47055,47065,10
12.7903900146,80.2218704224,47065,47076,11
12.7911701202,80.2220535278,47076,47086,10
12.7919597626,80.2222366333,47086,47096,10
12.7929401398,80.2224273682,47096,47106,10
12.7939300537,80.2225723267,47106,47116,10
12.7949104309,80.2227096558,47116,47126,10
12.7959403992,80.2228775024,47126,47136,10
12.7964496613,80.2229690552,47136,47146,10
12.7964801788,80.2229995728,47146,47156,10
12.7967700958,80.2230529785,47156,47167,11
12.7976102829,80.2232131958,47167,47177,10
12.7986698151,80.2233505249,47177,47187,10
12.7998104095,80.2234420776,47187,47197,10
12.8008003235,80.2235336304,47197,47207,10
12.8015003204,80.2236099243,47207,47237,30
12.8015003204,80.2236099243,47237,47248,11
12.8019895554,80.2237091064,47248,47258,10
12.802740097,80.2237930298,47258,47268,10
12.803609848,80.2238769531,47268,47278,10
12.8044395447,80.2239303589,47278,47288,10
12.8052396774,80.2240600586,47288,47298,10
12.8055295944,80.2241363525,47298,47308,10
12.8056602478,80.2242202759,47308,47318,10
12.8062000275,80.2246627808,47318,47328,10
12.8070001602,80.2253799438,47328,47339,11
12.8079900742,80.2262268066,47339,47349,10
12.8090600967,80.2271118164,47349,47359,10
12.8103504181,80.2277832031,47359,47369,10
12.8117704391,80.2283401489,47369,47379,10
12.8132896423,80.2288818359,47379,47389,10
12.8147001266,80.2292404175,47389,47399,10
12.8161802292,80.2294464111,47399,47409,10
12.8175601959,80.2298278809,47409,47420,11
12.8187503815,80.2303771973,47420,47430,10
12.819609642,80.2304534912,47430,47440,10
12.8197803497,80.2304534912,47440,47450,10
12.8201398849,80.2304382324,47450,47460,10
12.8209495544,80.230430603,47460,47470,10
12.8219995499,80.2305831909,47470,47480,10
12.8232402802,80.2309417725,47480,47490,10
12.8245801926,80.2312774658,47490,47500,10
12.825750351,80.231338501,47500,47511,11
12.8266096115,80.2312774658,47511,47521,10
12.8274297714,80.231048584,47521,47531,10
12.8284196854,80.2304992676,47531,47541,10
12.829580307,80.2299423218,47541,47551,10
12.8311395645,80.2293167114,47551,47571,20
12.8311395645,80.2293167114,47571,47581,10
12.8314399719,80.2292404175,47581,47592,11
12.8318395615,80.229133606,47592,47602,10
12.8325996399,80.2289581299,47602,47612,10
12.8335895538,80.2287902832,47612,47622,10
12.8344802856,80.2286224365,47622,47632,10
12.8356103897,80.2284393311,47632,47642,10
12.8369197845,80.2282485962,47642,47652,10
12.8380899429,80.2280426025,47652,47662,10
12.8389797211,80.2278137207,47662,47672,10
12.8395004272,80.2275924683,47672,47683,11
12.8400602341,80.2275085449,47683,47693,10
12.8408699036,80.2273025513,47693,47703,10
12.8419599533,80.2270278931,47703,47713,10
12.8432998657,80.2267837524,47713,47723,10
12.8450803757,80.2265625,47723,47743,20
12.8450803757,80.2265625,47743,47753,10
12.845290184,80.2265625,47753,47764,11
12.8454999924,80.2265472412,47764,47774,10
12.8460798264,80.2265396118,47774,47784,10
12.8470497131,80.2265319824,47784,47794,10
12.8482303619,80.2265472412,47794,47804,10
12.8495101929,80.2265472412,47804,47814,10
12.8508996964,80.2265701294,47814,47824,10
12.8524599075,80.2266387939,47824,47834,10
12.8541002274,80.2265777588,47834,47844,10
12.8557796478,80.2264022827,47844,47855,11
12.8575296402,80.2262191772,47855,47865,10
12.8585796356,80.2261962891,47865,47875,10
12.8596601486,80.2263412476,47875,47885,10
12.8606395721,80.2264709473,47885,47895,10
12.8608398438,80.2264862061,47895,47905,10
12.8611602783,80.2265090942,47905,47915,10
12.8620595932,80.2264862061,47915,47925,10
12.8632497787,80.2264404297,47925,47936,11
12.8645601273,80.2265090942,47936,47946,10
12.8655004501,80.2265625,47946,47956,10
12.8665599823,80.2264785767,47956,47966,10
12.8676795959,80.2263793945,47966,47976,10
12.869020462,80.2264022827,47976,47986,10
12.8705301285,80.2265625,47986,47996,10
12.8719396591,80.2266082764,47996,48006,10
12.8728599548,80.2266235352,48006,48016,10
12.8729200363,80.2266235352,48016,48027,11
12.8735303879,80.2266464233,48027,48037,10
12.8745203018,80.2267608643,48037,48047,10
12.875670433,80.2268829346,48047,48057,10
12.8764696121,80.2268600464,48057,48077,20
12.8764696121,80.2268600464,48077,48087,10
12.8765697479,80.2268676758,48087,48097,10
12.8770399094,80.226852417,48097,48108,11
12.8779602051,80.2267837524,48108,48118,10
12.8790597916,80.2267074585,48118,48128,10
12.8803701401,80.2266998291,48128,48138,10
12.881770134,80.2266921997,48138,48148,10
12.8830795288,80.2266693115,48148,48158,10
12.8850097656,80.2266387939,48158,48178,20
12.8850097656,80.2266387939,48178,48189,11
12.8854799271,80.2267074585,48189,48199,10
12.8863401413,80.2269210815,48199,48209,10
12.8875102997,80.227180481,48209,48219,10
12.8888502121,80.2272796631,48219,48229,10
12.8902397156,80.2272796631,48229,48239,10
12.8916702271,80.2272872925,48239,48249,10
12.8929195404,80.2273788452,48249,48259,10
12.8942098618,80.2275390625,48259,48269,10
12.8952999115,80.2276000977,48269,48280,11
12.896490097,80.2276535034,48280,48290,10
12.897769928,80.227722168,48290,48300,10
12.8988800049,80.2277832031,48300,48310,10
12.8998098373,80.2278137207,48310,48320,10
12.9002199173,80.2278213501,48320,48330,10
12.9004402161,80.2278213501,48330,48340,10
12.9004497528,80.2278213501,48340,48350,10
12.9004602432,80.2278366089,48350,48361,11
12.9008998871,80.2278823853,48361,48371,10
12.9014101028,80.2279205322,48371,48381,10
12.9020299911,80.2279510498,48381,48391,10
12.9025602341,80.2279663086,48391,48401,10
12.9025697708,80.2279815674,48401,48411,10
12.9026603699,80.2279815674,48411,48421,10
12.9031801224,80.2280197144,48421,48431,10
12.9040403366,80.2280731201,48431,48441,10
12.9050302505,80.2281188965,48441,48452,11
12.9057197571,80.2281265259,48452,48462,10
12.9060697556,80.2281570435,48462,48472,10
12.9063796997,80.2281723022,48472,48482,10
12.9067001343,80.2282028198,48482,48492,10
12.9073495865,80.2282867432,48492,48502,10
12.9083299637,80.2284317017,48502,48512,10
12.9094400406,80.2286224365,48512,48522,10
12.9105300903,80.2287979126,48522,48533,11
12.9117202759,80.2289581299,48533,48543,10
12.9126796722,80.2291030884,48543,48553,10
12.9135398865,80.2292098999,48553,48563,10
12.9138202667,80.2292480469,48563,48573,10
12.9139499664,80.2292709351,48573,48583,10
12.9143695831,80.2293395996,48583,48593,10
12.9151096344,80.2294616699,48593,48603,10
12.9162197113,80.2296295166,48603,48612,9
12.9175300598,80.2297973633,48612,48624,12
12.9191102982,80.2300109863,48624,48634,10
12.9204902649,80.230178833,48634,48644,10
12.9218797684,80.2303619385,48644,48654,10
12.9231395721,80.2305603027,48654,48664,10
12.9243497849,80.23072052,48664,48674,10
12.925450325,80.2308425903,48674,48684,10
12.9262399673,80.2309188843,48684,48694,10
12.9262895584,80.2309188843,48694,48705,11
12.9267101288,80.2310028076,48705,48715,10
12.9275302887,80.2311019897,48715,48725,10
12.9286403656,80.2312469482,48725,48735,10
12.9298496246,80.2314910889,48735,48745,10
12.931139946,80.2318572998,48745,48755,10
12.932299614,80.2322235107,48755,48765,10
12.9331998825,80.2325515747,48765,48775,10
12.9334201813,80.2326431274,48775,48786,11
12.9337100983,80.2328033447,48786,48796,10
12.9344301224,80.2331237793,48796,48806,10
12.9351797104,80.2334594727,48806,48816,10
12.9354896545,80.2335891724,48816,48826,10
12.9356603622,80.2336807251,48826,48836,10
12.9361801147,80.2339477539,48836,48846,10
12.9370203018,80.2343597412,48846,48856,10
12.9381198883,80.2348937988,48856,48866,10
12.9391899109,80.2353897095,48866,48877,11
12.9398603439,80.235710144,48877,48887,10
12.9398698807,80.2357177734,48887,48897,10
12.940199852,80.2358398438,48897,48907,10
12.9409704208,80.2360610962,48907,48917,10
12.9419803619,80.2362976074,48917,48927,10
12.9430398941,80.2367630005,48927,48937,10
12.9439697266,80.2376403809,48937,48947,10
12.944849968,80.2386169434,48947,48958,11
12.9458999634,80.2394485474,48958,48968,10
12.9474496841,80.2400436401,48968,48988,20
12.9474496841,80.2400436401,48988,48998,10
12.9477300644,80.2401580811,48998,49008,10
12.9484195709,80.2404327393,49008,49018,10
12.9490098953,80.2406768799,49018,49028,10
12.9494400024,80.240852356,49028,49038,10
12.9498796463,80.2409896851,49038,49049,11
12.9504404068,80.2411804199,49049,49059,10
12.9510202408,80.2413482666,49059,49069,10
12.9510698318,80.2413787842,49069,49079,10
12.951379776,80.2414779663,49079,49089,10
12.9521303177,80.2417602539,49089,49099,10
12.9531002045,80.2421417236,49099,49109,10
12.9537296295,80.2423706055,49109,49119,10
12.9544696808,80.2426834106,49119,49130,11
12.9552297592,80.2429580688,49130,49140,10
12.9563703537,80.2433395386,49140,49160,20
12.9563703537,80.2433395386,49160,49170,10
12.9568796158,80.243560791,49170,49180,10
12.9576597214,80.2439193726,49180,49190,10
12.9584503174,80.2442398071,49190,49200,10
12.9588298798,80.244430542,49200,49211,11
12.9589700699,80.2445220947,49211,49221,10
12.9594202042,80.2447280884,49221,49231,10
12.9598999023,80.2449493408,49231,49241,10
12.9607200623,80.2453536987,49241,49251,10
12.9617900848,80.2458724976,49251,49261,10
12.9627504349,80.2463226318,49261,49271,10
12.9629898071,80.2464523315,49271,49281,10
12.9633598328,80.2466430664,49281,49291,10
12.9638795853,80.2468566895,49291,49302,11
12.964630127,80.2471084595,49302,49312,10
12.9653501511,80.2473526001,49312,49322,10
12.9661502838,80.2476425171,49322,49332,10
12.9667396545,80.2479019165,49332,49342,10
12.966799736,80.2479171753,49342,49352,10
12.9671001434,80.2480697632,49352,49362,10
12.9677400589,80.2483901978,49362,49372,10
12.9685096741,80.2487106323,49372,49383,11
12.969499588,80.2491226196,49383,49393,10
12.970580101,80.2495193481,49393,49403,10
12.971830368,80.2498703003,49403,49413,10
12.9731302261,80.250213623,49413,49423,10
12.974360466,80.250541687,49423,49433,10
12.9757204056,80.2509307861,49433,49443,10
12.9769601822,80.2512817383,49443,49453,10
12.9779195786,80.2518692017,49453,49463,10
12.9783802032,80.2522277832,49463,49474,11
12.9783802032,80.2522506714,49474,49484,10
12.9786996841,80.2524414063,49484,49494,10
12.9796600342,80.2526626587,49494,49534,40
12.9796600342,80.2526626587,49534,49544,10
12.9801197052,80.2526779175,49544,49555,11
12.9810600281,80.2526626587,49555,49565,10
12.9820804596,80.2526016235,49565,49575,10
12.9832897186,80.2525177002,49575,49585,10
12.9845399857,80.2522201538,49585,49595,10
12.9856004715,80.2519073486,49595,49605,10
12.9857301712,80.2518615723,49605,49615,10
12.9859800339,80.2518005371,49615,49625,10
12.9865102768,80.2516784668,49625,49635,10
12.9870500565,80.2515335083,49635,49828,193
12.9870500565,80.2515335083,49828,49838,10
12.987159729,80.2515029907,49838,49848,10
12.9875097275,80.2514038086,49848,49858,10
12.9877996445,80.251373291,49858,49868,10
12.9879703522,80.251701355,49868,49877,9
12.9880199432,80.2523574829,49877,49888,11
12.9879398346,80.2532119751,49888,49899,11
12.9878396988,80.2540817261,49899,49919,20
12.9878396988,80.2540817261,49919,49929,10
12.9877796173,80.2542419434,49929,49939,10
12.9877500534,80.2547531128,49939,49949,10
12.9876804352,80.2554168701,49949,49959,10
12.9876003265,80.2559585571,49959,49969,10
12.9875497818,80.2564163208,49969,49980,11
12.9875297546,80.2565612793,49980,49990,10
12.9875297546,80.2567062378,49990,50000,10
12.9875097275,80.2569274902,50000,50010,10
12.9874801636,80.2573013306,50010,50040,30
12.9874801636,80.2573013306,50040,50050,10
12.9874200821,80.257522583,50050,50071,21
12.9874095917,80.2577819824,50071,50121,50
12.9874095917,80.2577819824,50121,50131,10
12.9873895645,80.2582015991,50131,50141,10
12.9872303009,80.2585601807,50141,50182,41
12.9872303009,80.2585601807,50182,50192,10
12.9869203568,80.2584991455,50192,50405,213
12.9869203568,80.2584991455,50405,50415,10
12.9866399765,80.2589416504,50415,52795,2380
12.9866399765,80.2589416504,52795,52805,10
12.9867200851,80.2589569092,52805,52896,91
12.9867200851,80.2589569092,52896,52906,10
12.9870595932,80.2591400146,52906,52916,10
12.9872503281,80.2591400146,52916,52926,10
12.9873199463,80.2587966919,52926,52937,11
12.9873600006,80.2584991455,52937,52947,10
12.9873800278,80.2581329346,52947,52957,10
12.9874296188,80.2576370239,52957,52967,10
12.9874696732,80.2571182251,52967,53018,51
12.9874696732,80.2571182251,53018,53028,10
12.9875202179,80.2568664551,53028,53038,10
12.9875602722,80.2565231323,53038,53048,10
12.9876003265,80.256111145,53048,53058,10
12.9876298904,80.2557830811,53058,53068,10
12.9877500534,80.2552719116,53068,53078,10
12.9878196716,80.2544174194,53078,53088,10
12.9878902435,80.2534103394,53088,53098,10
12.9879703522,80.252571106,53098,53109,11
12.9879198074,80.2518920898,53109,53119,10
12.987859726,80.2516479492,53119,53250,131
12.987859726,80.2516479492,53250,53260,10
12.9878101349,80.2514190674,53260,53270,10
12.9880304337,80.251159668,53270,53281,11
12.9887504578,80.2510070801,53281,53291,10
12.9896001816,80.250793457,53291,53301,10
12.9898996353,80.2507781982,53301,53311,10
12.9904298782,80.2506637573,53311,53321,10
12.9911403656,80.25050354,53321,53331,10
12.9919996262,80.2502975464,53331,53341,10
12.9931201935,80.2500305176,53341,53351,10
12.9944601059,80.2496795654,53351,53362,11
12.995929718,80.2492980957,53362,53372,10
12.9966402054,80.2491226196,53372,53382,10
12.9967403412,80.2491531372,53382,53392,10
12.9972000122,80.2490386963,53392,53402,10
12.998000145,80.2488632202,53402,53412,10
12.9991397858,80.2485580444,53412,53422,10
13.0004196167,80.2482376099,53422,53432,10
13.0017204285,80.2478866577,53432,53442,10
13.0030403137,80.2475814819,53442,53453,11
13.0044698715,80.2473678589,53453,53463,10
13.0056400299,80.2471694946,53463,53473,10
13.0064201355,80.2466964722,53473,53483,10
13.0065803528,80.246307373,53483,53493,10
13.0066404343,80.2456665039,53493,53503,10
13.0065898895,80.2447509766,53503,53513,10
13.0066404343,80.2443008423,53513,53523,10
13.0066404343,80.2437667847,53523,53534,11
13.0066003799,80.2428817749,53534,53544,10
13.0065698624,80.2417221069,53544,53554,10
13.0066404343,80.2408218384,53554,53564,10
13.0066900253,80.2404403687,53564,53574,10
13.0066995621,80.2404327393,53574,53584,10
13.0067996979,80.2401123047,53584,53594,10
13.0068998337,80.2394485474,53594,53604,10
13.0069904327,80.2388534546,53604,53614,10
13.0070495605,80.2386398315,53614,53625,11
13.0070800781,80.2385177612,53625,53635,10
13.0071201324,80.2383575439,53635,53645,10
13.0071697235,80.2380981445,53645,53655,10
13.0072202682,80.2379226685,53655,53665,10
13.0073099136,80.2375030518,53665,53675,10
13.0074300766,80.2369384766,53675,53685,10
13.0075397491,80.2363433838,53685,53695,10
13.0077104568,80.235496521,53695,53706,11
13.0078802109,80.23462677,53706,53716,10
13.0081195831,80.2335205078,53716,53726,10
13.0083799362,80.2321929932,53726,53736,10
13.0086202621,80.2309799194,53736,53746,10
13.0088596344,80.2298202515,53746,53756,10
13.009059906,80.2286682129,53756,53766,10
13.0094003677,80.2276000977,53766,53776,10
13.0099000931,80.2265319824,53776,53787,11
13.0103597641,80.2255630493,53787,53797,10
13.0107698441,80.2246170044,53797,53807,10
13.0110397339,80.2240371704,53807,53817,10
13.0112199783,80.2237014771,53817,53837,20
13.0112199783,80.2237014771,53837,53847,10
13.0112600327,80.2232666016,53847,53857,10
13.0115299225,80.2227172852,53857,53868,11
13.0119199753,80.2217330933,53868,53878,10
13.012169838,80.2215118408,53878,53888,10
13.0124797821,80.2217788696,53888,53898,10
13.0130195618,80.2224578857,53898,53908,10
13.0136899948,80.2231674194,53908,53918,10
13.0140104294,80.2235717773,53918,53928,10
13.0149097443,80.2244796753,53928,53938,10
13.0155296326,80.2249908447,53938,53948,10
13.0157003403,80.225151062,53948,53959,11
13.0163002014,80.2253112793,53959,53969,10
13.0172195435,80.2250213623,53969,53979,10
13.0182600021,80.2245864868,53979,53989,10
13.0195703506,80.2244415283,53989,54019,30
13.0195703506,80.2244415283,54019,54029,10
13.0198202133,80.2246780396,54029,54040,11
13.0202503204,80.2249984741,54040,54050,10
13.0208101273,80.2253723145,54050,54060,10
13.0213804245,80.2257995605,54060,54070,10
13.0220298767,80.2262878418,54070,54080,10
13.0228004456,80.2269668579,54080,54090,10
13.0233402252,80.2274627686,54090,54100,10
13.0239801407,80.2280197144,54100,54110,10
13.0243301392,80.2283782959,54110,54171,61
13.0243301392,80.2283782959,54171,54181,10
13.0243196487,80.2286682129,54181,54191,10
13.0241003036,80.228553772,54191,54201,10
13.023730278,80.2280502319,54201,54211,10
13.0233697891,80.2276535034,54211,54222,11
13.0230903625,80.2274017334,54222,54981,759
13.0230903625,80.2274017334,54981,54991,10
13.0227804184,80.2269363403,54991,55011,20
13.0227804184,80.2269363403,55011,55021,10
13.0226402283,80.2267608643,55021,55031,10
13.0223703384,80.2265014648,55031,55041,10
13.0217695236,80.226020813,55041,55051,10
13.0209798813,80.2254180908,55051,55061,10
13.020359993,80.2250137329,55061,55072,11
13.02023983,80.2249221802,55072,55082,10
13.0201101303,80.224822998,55082,55092,10
13.0195903778,80.2245025635,55092,55102,10
13.0186595917,80.2244567871,55102,55112,10
13.0177202225,80.2248382568,55112,55122,10
13.0168600082,80.2252120972,55122,55132,10
13.0164604187,80.2253875732,55132,55142,10
13.0161104202,80.2255401611,55142,55153,11
13.01541996,80.2257537842,55153,55163,10
13.0146799088,80.2260437012,55163,55173,10
13.0143203735,80.2261810303,55173,55183,10
13.0142202377,80.2262191772,55183,55193,10
13.0138196945,80.2263793945,55193,55203,10
13.0131397247,80.2266387939,55203,55213,10
13.0122299194,80.2269973755,55213,55223,10
13.0112400055,80.2274093628,55223,55233,10
13.010140419,80.2278366089,55233,55244,11
13.0091295242,80.2284393311,55244,55254,10
13.008890152,80.229598999,55254,55264,10
13.0086402893,80.2308883667,55264,55274,10
13.0083703995,80.2322692871,55274,55284,10
13.0081501007,80.2337265015,55284,55304,20
13.0081501007,80.2337265015,55304,55314,10
13.0080604553,80.2340927124,55314,55325,11
13.0079097748,80.2347793579,55325,55335,10
13.0076999664,80.235786438,55335,55345,10
13.0074596405,80.2370910645,55345,55355,10
13.0072202682,80.2383880615,55355,55365,10
13.0070199966,80.2394638062,55365,55375,10
13.0068902969,80.2400588989,55375,55436,61
13.0068902969,80.2400588989,55436,55446,10
13.0067796707,80.2407989502,55446,55466,20
13.0067796707,80.2407989502,55466,55476,10
13.0067396164,80.2411270142,55476,55486,10
13.0067300797,80.2418518066,55486,55497,11
13.0066795349,80.2429122925,55497,55507,10
13.0066604614,80.2438201904,55507,55517,10
13.0066204071,80.2448272705,55517,55527,10
13.0066404343,80.24559021,55527,55537,10
13.0066699982,80.2462615967,55537,55547,10
13.0066900253,80.2464370728,55547,55557,10
13.0067195892,80.246887207,55557,55567,10
13.0064496994,80.2474136353,55567,55578,11
13.0059995651,80.2473983765,55578,55588,10
13.0059900284,80.2473983765,55588,55598,10
13.0058202744,80.2473831177,55598,55608,10
13.0052604675,80.2473602295,55608,55618,10
13.0044202805,80.2474212646,55618,55628,10
13.0033397675,80.2475585938,55628,55638,10
13.0023803711,80.2477493286,55638,55648,10
13.0013999939,80.2479705811,55648,55658,10
13.0001802444,80.2482681274,55658,55669,11
12.998749733,80.2486495972,55669,55679,10
12.9980897903,80.2488479614,55679,55689,10
12.9979496002,80.248878479,55689,55699,10
12.9974002838,80.2489929199,55699,55709,10
12.9965600967,80.2491912842,55709,55719,10
12.995470047,80.2494735718,55719,55729,10
12.9942598343,80.249786377,55729,55739,10
12.9928998947,80.2500991821,55739,55749,10
12.9914598465,80.25050354,55749,55760,11
12.9909801483,80.2506408691,55760,55770,10
12.9908504486,80.2506484985,55770,55780,10
12.9903497696,80.2507705688,55780,55790,10
12.9894399643,80.2510223389,55790,55901,111
12.9894399643,80.2510223389,55901,55911,10
12.9891300201,80.251121521,55911,55922,11
12.9887399673,80.2512207031,55922,55932,10
12.9881401062,80.2513809204,55932,55942,10
12.9877700806,80.2514572144,55942,55952,10
12.9875297546,80.2515029907,55952,55962,10
12.987159729,80.2515792847,55962,55972,10
12.9869298935,80.2516479492,55972,55982,10
12.986749649,80.2517089844,55982,55992,10
12.9864902496,80.2517929077,55992,56003,11
12.9858798981,80.2519378662,56003,56013,10
12.9849596024,80.252166748,56013,56023,10
12.9837903976,80.2524795532,56023,56033,10
12.9824895859,80.2526626587,56033,56043,10
12.9811401367,80.2527084351,56043,56053,10
12.980340004,80.2527618408,56053,56063,10
12.9798402786,80.2527618408,56063,56073,10
12.9792995453,80.2526626587,56073,56083,10
12.9786596298,80.2525787354,56083,56094,11
12.9785699844,80.2525405884,56094,56104,10
12.9781703949,80.252281189,56104,56114,10
12.9775104523,80.251701355,56114,56124,10
12.9764299393,80.251159668,56124,56134,10
12.9751396179,80.250793457,56134,56144,10
12.9739103317,80.2504501343,56144,56154,10
12.972869873,80.2501602173,56154,56164,10
12.9717597961,80.2498779297,56164,56174,10
12.9709196091,80.2496566772,56174,56185,11
12.9701004028,80.249382019,56185,56195,10
12.9692897797,80.2490463257,56195,56205,10
12.9683504105,80.2486724854,56205,56215,10
12.967590332,80.2483596802,56215,56225,10
12.966799736,80.248008728,56225,56235,10
12.9659795761,80.2476272583,56235,56245,10
12.9652795792,80.2473907471,56245,56255,10
12.9651002884,80.2473373413,56255,56266,11
12.9649000168,80.2472610474,56266,56276,10
12.9643201828,80.2470397949,56276,56286,10
12.9637203217,80.2468338013,56286,56296,10
12.9636602402,80.2468032837,56296,56306,10
12.9635696411,80.2467575073,56306,56316,10
12.963139534,80.2465362549,56316,56326,10
12.9624099731,80.2461700439,56326,56336,10
12.9615001678,80.2457199097,56336,56346,10
12.9606304169,80.2453079224,56346,56357,11
12.9597396851,80.2449417114,56357,56367,10
12.9595403671,80.2448425293,56367,56377,10
12.9593296051,80.2446975708,56377,56387,10
12.9586801529,80.2444076538,56387,56397,10
12.9578199387,80.2440795898,56397,56407,10
12.9565000534,80.2437133789,56407,56448,41
12.9565000534,80.2437133789,56448,56458,10
12.9562997818,80.243637085,56458,56468,10
12.9558601379,80.2434005737,56468,56478,10
12.9551401138,80.243019104,56478,56488,10
12.9542398453,80.2426223755,56488,56498,10
12.9531803131,80.2421875,56498,56508,10
12.9521198273,80.2417907715,56508,56518,10
12.9516801834,80.2416381836,56518,56529,11
12.9515104294,80.2415771484,56529,56539,10
12.9509601593,80.2413864136,56539,56549,10
12.9500999451,80.2411193848,56549,56559,10
12.9491701126,80.2408370972,56559,56569,10
12.9483098984,80.240447998,56569,56579,10
12.9471998215,80.2400283813,56579,56599,20
12.9471998215,80.2400283813,56599,56610,11
12.9468297958,80.2398681641,56610,56620,10
12.946100235,80.2395629883,56620,56630,10
12.9451398849,80.2390136719,56630,56640,10
12.9441795349,80.237991333,56640,56650,10
12.9431600571,80.2369308472,56650,56660,10
12.9416799545,80.2362594604,56660,56670,10
12.9402103424,80.2358932495,56670,56680,10
12.9389801025,80.2353820801,56680,56691,11
12.9375,80.23462677,56691,56701,10
12.9361095428,80.2339630127,56701,56711,10
12.9348802567,80.2333984375,56711,56721,10
12.9339103699,80.2329788208,56721,56731,10
12.9337997437,80.2329330444,56731,56741,10
12.9337301254,80.2329025269,56741,56751,10
12.9331502914,80.2326202393,56751,56761,10
12.9322900772,80.2322769165,56761,56772,11
12.9309597015,80.2318267822,56772,56782,10
12.929599762,80.2314605713,56782,56792,10
12.9288396835,80.2312927246,56792,56802,10
12.9280195236,80.2311935425,56802,56812,10
12.9268798828,80.2310562134,56812,56822,10
12.9261703491,80.2310028076,56822,56832,10
12.9261198044,80.2309875488,56832,56842,10
12.9256601334,80.2309417725,56842,56852,10
12.9249200821,80.2308425903,56852,56863,11
12.9238996506,80.2307128906,56863,56873,10
12.922750473,80.2305526733,56873,56883,10
12.9215297699,80.2303390503,56883,56893,10
12.9202404022,80.2302017212,56893,56903,10
12.9188699722,80.2300033569,56903,56913,10
12.9174404144,80.2298202515,56913,56923,10
12.9160203934,80.2296218872,56923,56933,10
12.9147500992,80.2294311523,56933,56943,10
12.9136199951,80.2293167114,56943,56954,11
12.9132404327,80.2292785645,56954,56964,10
12.9131603241,80.2292480469,56964,56974,10
12.9127101898,80.2291717529,56974,56984,10
12.9117803574,80.2290420532,56984,56994,10
12.9105195999,80.228843689,56994,57004,10
12.9091300964,80.2286071777,57004,57014,10
12.9078998566,80.2284164429,57014,57024,10
12.9068202972,80.2282867432,57024,57065,41
12.9068202972,80.2282867432,57065,57075,10
12.9064903259,80.2282409668,57075,57085,10
12.9057397842,80.2281723022,57085,57095,10
12.9046201706,80.2281112671,57095,57105,10
12.9032201767,80.2280426025,57105,57116,11
12.90184021,80.2279891968,57116,57126,10
12.9010896683,80.2279815674,57126,57176,50
12.9010896683,80.2279815674,57176,57186,10
12.9008102417,80.2279205322,57186,57196,10
12.900179863,80.2278823853,57196,57207,11
12.8992900848,80.2278366089,57207,57217,10
12.8992204666,80.2278289795,57217,57227,10
12.8988399506,80.2277984619,57227,57237,10
12.8980703354,80.2277374268,57237,57247,10
12.8970003128,80.2276763916,57247,57257,10
12.8957796097,80.2276229858,57257,57267,10
12.8944997787,80.2275695801,57267,57277,10
12.8932199478,80.2274475098,57277,57287,10
12.8920898438,80.2273406982,57287,57298,11
12.8906602859,80.2273330688,57298,57308,10
12.8892097473,80.2273406982,57308,57318,10
12.8878202438,80.2272796631,57318,57328,10
12.8864202499,80.2270278931,57328,57338,10
12.8851299286,80.2267532349,57338,57348,10
12.8846797943,80.2267227173,57348,57358,10
12.8841695786,80.2267227173,57358,57369,11
12.8833198547,80.2267227173,57369,57379,10
12.8820695877,80.2267303467,57379,57389,10
12.8808898926,80.2267379761,57389,57399,10
12.8795099258,80.2267608643,57399,57409,10
12.8780698776,80.2268371582,57409,57419,10
12.8770904541,80.2269287109,57419,57429,10
12.876660347,80.2269668579,57429,57439,10
12.8765096664,80.2269821167,57439,57449,10
12.8760595322,80.2269821167,57449,57460,11
12.8752002716,80.2269210815,57460,57470,10
12.8741102219,80.2267837524,57470,57480,10
12.8729095459,80.2266998291,57480,57490,10
12.8717098236,80.2266693115,57490,57500,10
12.8703899384,80.226600647,57500,57510,10
12.8690004349,80.2264404297,57510,57520,10
12.867600441,80.2264328003,57520,57530,10
12.8662900925,80.2265472412,57530,57541,11
12.8649501801,80.2265777588,57541,57551,10
12.8634996414,80.2265319824,57551,57561,10
12.8621997833,80.2265625,57561,57571,10
12.861120224,80.2266082764,57571,57581,10
12.8608102798,80.226600647,57581,57591,10
12.8602199554,80.2265167236,57591,57601,10
12.8593597412,80.2264022827,57601,57611,10
12.8590602875,80.226348877,57611,57621,10
12.8589801788,80.2263412476,57621,57632,11
12.8585596085,80.2262802124,57632,57642,10
12.8577804565,80.2262573242,57642,57652,10
12.8566999435,80.226348877,57652,57662,10
12.8553695679,80.2264862061,57662,57672,10
12.853890419,80.2266464233,57672,57682,10
12.8523597717,80.2266921997,57682,57692,10
12.8509397507,80.2266387939,57692,57702,10
12.8502902985,80.2266235352,57702,57712,10
12.8502197266,80.2266235352,57712,57723,11
12.849650383,80.2266082764,57723,57733,10
12.848739624,80.2266082764,57733,57743,10
12.8475599289,80.2266235352,57743,57753,10
12.8464097977,80.2266311646,57753,57763,10
12.8458204269,80.2266235352,57763,57773,10
12.8453702927,80.2266387939,57773,57783,10
12.8453598022,80.2266387939,57783,57793,10
12.845199585,80.2266311646,57793,57804,11
12.8445701599,80.2266464233,57804,57814,10
12.8436403275,80.2267532349,57814,57824,10
12.842499733,80.2269363403,57824,57834,10
12.8412103653,80.2272567749,57834,57844,10
12.8402204514,80.2275466919,57844,57854,10
12.8397102356,80.2277297974,57854,57864,10
12.8395900726,80.2277908325,57864,57874,10
12.8390398026,80.2279205322,57874,57884,10
12.8381204605,80.2281417847,57884,57895,11
12.8367300034,80.2283782959,57895,57905,10
12.8352203369,80.2285919189,57905,57915,10
12.8337898254,80.2288208008,57915,57925,10
12.8327198029,80.229019165,57925,57935,10
12.8321304321,80.2291717529,57935,57945,10
12.8320798874,80.2291793823,57945,57955,10
12.8318195343,80.2292480469,57955,57965,10
12.8318004608,80.2292480469,57965,57976,11
12.8315200806,80.2293014526,57976,57986,10
12.8312702179,80.2293624878,57986,57996,10
12.8308200836,80.2294998169,57996,58006,10
12.8299798965,80.2298202515,58006,58016,10
12.8289003372,80.2302322388,58016,58026,10
12.8277997971,80.2308425903,58026,58036,10
12.8268404007,80.2312698364,58036,58046,10
12.8258695602,80.2313995361,58046,58056,10
12.8248901367,80.2313995361,58056,58067,11
12.8239898682,80.2312011719,58067,58077,10
12.8229904175,80.2309036255,58077,58087,10
12.8218898773,80.2305603027,58087,58097,10
12.8206501007,80.2304534912,58097,58107,10
12.8194303513,80.230506897,58107,58117,10
12.8188695908,80.2304763794,58117,58127,10
12.8187999725,80.2304534912,58127,58137,10
12.8186302185,80.2303771973,58137,58148,11
12.8181495667,80.2301330566,58148,58158,10
12.8172597885,80.2297210693,58158,58168,10
12.8159198761,80.2294082642,58168,58178,10
12.814450264,80.2291870117,58178,58188,10
12.8128995895,80.2287597656,58188,58198,10
12.8113698959,80.2282180786,58198,58208,10
12.8100204468,80.2276763916,58208,58218,10
12.809009552,80.2271194458,58218,58228,10
12.8080997467,80.2263717651,58228,58239,11
12.8073301315,80.2257080078,58239,58249,10
12.8067302704,80.2251815796,58249,58259,10
12.8058204651,80.2243728638,58259,58289,30
12.8058204651,80.2243728638,58289,58299,10
12.8057699203,80.2243423462,58299,58309,10
12.8055801392,80.2241973877,58309,58320,11
12.8051204681,80.2240219116,58320,58330,10
12.8049402237,80.2239990234,58330,58340,10
12.8046197891,80.2239227295,58340,58350,10
12.8039903641,80.2238693237,58350,58360,10
12.8032903671,80.2238006592,58360,58370,10
12.8024997711,80.2237091064,58370,58380,10
12.8017396927,80.2236175537,58380,58390,10
12.8012399673,80.2235870361,58390,58400,10
12.8010396957,80.2235794067,58400,58411,11
12.8006296158,80.2235336304,58411,58421,10
12.7998600006,80.2234420776,58421,58431,10
12.7987604141,80.2233505249,58431,58441,10
12.7977304459,80.2232284546,58441,58451,10
12.7973604202,80.2231674194,58451,58461,10
12.7967700958,80.2230682373,58461,58471,10
12.7960395813,80.2229690552,58471,58481,10
12.7958602905,80.2229385376,58481,58492,11
12.7955102921,80.2228469849,58492,58502,10
12.7947397232,80.2227020264,58502,58512,10
12.7936201096,80.2225418091,58512,58522,10
12.7923402786,80.222328186,58522,58532,10
12.7912302017,80.2220611572,58532,58542,10
12.7902002335,80.2218017578,58542,58552,10
12.7894496918,80.2215805054,58552,58562,10
12.7890300751,80.2214126587,58562,58572,10
12.7884197235,80.2211914063,58572,58603,31
12.7884197235,80.2211914063,58603,58613,10
12.7883901596,80.2211685181,58613,58623,10
12.7879896164,80.2210083008,58623,58633,10
12.7875995636,80.2208633423,58633,58674,41
12.7873802185,80.2207717896,58674,58704,30
12.7873802185,80.2207717896,58704,58714,10
12.7868204117,80.2205505371,58714,58734,20
12.7866601944,80.2204971313,58734,58765,31
12.7866601944,80.2204971313,58765,58775,10
12.7864599228,80.2204284668,58775,58785,10
12.7862596512,80.2203598022,58785,58825,40
12.7862596512,80.2203598022,58825,58836,11
12.786190033,80.220703125,58836,58846,10
12.786239624,80.2211074829,58846,58856,10
12.7862701416,80.2215576172,58856,58927,71
12.7862701416,80.2215576172,58927,58937,10
12.7862501144,80.2218933105,58937,59716,779
12.7862501144,80.2218933105,59716,59726,10
12.7864103317,80.2217483521,59726,59736,10
12.7863502502,80.2216796875,59736,59746,10
12.7862701416,80.2215499878,59746,59767,21
12.7862701416,80.2215499878,59767,59777,10
12.7862100601,80.2211685181,59777,59878,101
12.7862100601,80.2211685181,59878,59888,10
12.7861604691,80.2206192017,59888,59898,10
12.7861795425,80.220413208,59898,59918,20
12.7861795425,80.220413208,59918,59928,10
12.7865200043,80.2204589844,59928,59939,11
12.7866802216,80.2205429077,59939,59949,10
12.7870998383,80.2207336426,59949,59959,10
12.7875204086,80.2208709717,59959,59969,10
12.788069725,80.2210998535,59969,59979,10
12.7887296677,80.2213516235,59979,59989,10
12.7892999649,80.2215499878,59989,59999,10
12.7895803452,80.2216415405,59999,60009,10
12.7898397446,80.2217483521,60009,60020,11
12.7900495529,80.2218017578,60020,60030,10
12.7905797958,80.2219390869,60030,60040,10
12.7914800644,80.2221679688,60040,60050,10
12.7927398682,80.2224578857,60050,60060,10
12.7941102982,80.2226715088,60060,60070,10
12.7953901291,80.222869873,60070,60080,10
12.7961502075,80.2229690552,60080,60090,10
12.7961997986,80.2229690552,60090,60100,10
12.7963495255,80.2230377197,60100,60111,11
12.7969398499,80.2231521606,60111,60121,10
12.797750473,80.2232971191,60121,60131,10
12.7987604141,80.2233963013,60131,60141,10
12.7999401093,80.2235107422,60141,60151,10
12.8010597229,80.2236022949,60151,60161,10
12.8014802933,80.2236328125,60161,60171,10
12.8015403748,80.2236328125,60171,60181,10
12.8020496368,80.2237014771,60181,60192,11
12.8028898239,80.2238235474,60192,60202,10
12.8038196564,80.2238998413,60202,60212,10
12.8047895432,80.223991394,60212,60222,10
12.8054599762,80.2241516113,60222,60232,10
12.8054895401,80.2241592407,60232,60242,10
12.8058004379,80.2243423462,60242,60252,10
12.8063297272,80.2248001099,60252,60262,10
12.8070898056,80.225479126,60262,60273,11
12.8081598282,80.2263793945,60273,60283,10
12.8092803955,80.2272796631,60283,60293,10
12.8105201721,80.2278823853,60293,60303,10
12.8118801117,80.2284088135,60303,60313,10
12.8133296967,80.2289199829,60313,60323,10
12.8148803711,80.2293014526,60323,60333,10
12.8163003922,80.2295074463,60333,60343,10
12.8176698685,80.2299118042,60343,60354,11
12.8189296722,80.2304992676,60354,60364,10
12.8197603226,80.2305221558,60364,60374,10
12.8198404312,80.2305221558,60374,60384,10
12.8203401566,80.2305374146,60384,60394,10
12.8212003708,80.2305374146,60394,60404,10
12.8222999573,80.23072052,60404,60414,10
12.823559761,80.2311019897,60414,60424,10
12.8249702454,80.2314300537,60424,60434,10
12.8262395859,80.2313766479,60434,60444,10
12.8263597488,80.2313766479,60444,60455,11
12.8265399933,80.2313690186,60455,60465,10
12.8270797729,80.2312698364,60465,60475,10
12.8278503418,80.2309188843,60475,60485,10
12.8288602829,80.2303390503,60485,60495,10
12.8299798965,80.2298583984,60495,60505,10
12.8308296204,80.2295074463,60505,60515,10
12.8312702179,80.229309082,60515,60546,31
12.8312702179,80.229309082,60546,60556,10
12.8315200806,80.2292404175,60556,60566,10
12.8320798874,80.2291107178,60566,60576,10
12.8328695297,80.2289581299,60576,60586,10
12.8338603973,80.2287902832,60586,60596,10
12.8348903656,80.2286071777,60596,60606,10
12.8360500336,80.2284393311,60606,60617,11
12.8373403549,80.2282409668,60617,60627,10
12.8383598328,80.2280426025,60627,60637,10
12.839099884,80.2278594971,60637,60647,10
12.8394804001,80.2277374268,60647,60657,10
12.839509964,80.2277069092,60657,60667,10
12.8396596909,80.2276763916,60667,60677,10
12.8401002884,80.2275924683,60677,60687,10
12.8405103683,80.2274703979,60687,60698,11
12.8412303925,80.2272796631,60698,60708,10
12.842040062,80.2270812988,60708,60718,10
12.8428897858,80.2268981934,60718,60728,10
12.8437795639,80.2267608643,60728,60738,10
12.8446998596,80.2266464233,60738,60748,10
12.8453702927,80.2265777588,60748,60758,10
12.8454904556,80.2265777588,60758,60768,10
12.8455295563,80.2265777588,60768,60778,10
12.8458204269,80.226600647,60778,60789,11
12.8458299637,80.226600647,60789,60799,10
12.8459396362,80.2266082764,60799,60809,10
12.8464603424,80.226600647,60809,60819,10
12.8473100662,80.226600647,60819,60829,10
12.8483800888,80.2266082764,60829,60839,10
12.8494997025,80.226600647,60839,60849,10
12.8500995636,80.2265701294,60849,60859,10
12.8501195908,80.2265777588,60859,60870,11
12.8504400253,80.2265930176,60870,60880,10
12.851099968,80.2266082764,60880,60890,10
12.8519802094,80.2266464233,60890,60900,10
12.85297966,80.2266921997,60900,60910,10
12.8539600372,80.2266235352,60910,60920,10
12.8547801971,80.2265167236,60920,60930,10
12.8556900024,80.2264328003,60930,60940,10
12.8567895889,80.2263183594,60940,60950,10
12.8576698303,80.2262268066,60950,60961,11
12.8579797745,80.2262115479,60961,60971,10
12.858130455,80.2262115479,60971,60981,10
12.8582201004,80.2262268066,60981,60991,10
12.8586797714,80.2262802124,60991,61001,10
12.8594999313,80.2263793945,61001,61011,10
12.8605203629,80.2265319824,61011,61021,10
12.8608999252,80.2265701294,61021,61031,10
12.8612298965,80.2265777588,61031,61042,11
12.8620195389,80.2265625,61042,61052,10
12.8630304337,80.2265167236,61052,61062,10
12.8642396927,80.2265625,61062,61072,10
12.8655195236,80.226600647,61072,61082,10
12.8668203354,80.2265396118,61082,61092,10
12.8680801392,80.2264175415,61092,61102,10
12.8692903519,80.2264633179,61102,61112,10
12.8705596924,80.226600647,61112,61123,11
12.8718996048,80.2266693115,61123,61133,10
12.8724603653,80.2266693115,61133,61143,10
12.8725500107,80.2266616821,61143,61153,10
12.8727197647,80.2267227173,61153,61163,10
12.8730802536,80.2267227173,61163,61173,10
12.873840332,80.2267608643,61173,61183,10
12.8748397827,80.2268829346,61183,61193,10
12.8764400482,80.2269363403,61193,61214,21
12.8764400482,80.2269363403,61214,61224,10
12.876540184,80.2269515991,61224,61234,10
12.8769197464,80.2269210815,61234,61244,10
12.8775701523,80.2268829346,61244,61254,10
12.8783798218,80.2268371582,61254,61264,10
12.8794698715,80.2267608643,61264,61274,10
12.8805303574,80.2267303467,61274,61284,10
12.882349968,80.2267532349,61284,61294,10
12.8839197159,80.2267227173,61294,61305,11
12.885140419,80.2266998291,61305,61315,10
12.885310173,80.2267227173,61315,61325,10
12.8855304718,80.2267608643,61325,61335,10
12.8861598969,80.2269287109,61335,61345,10
12.8871002197,80.2271575928,61345,61355,10
12.8882303238,80.2273178101,61355,61365,10
12.889550209,80.2273712158,61365,61376,11
12.8911104202,80.2273712158,61376,61386,10
12.8923597336,80.2273635864,61386,61396,10
12.8935403824,80.2275390625,61396,61406,10
12.8948602676,80.2276535034,61406,61416,10
12.8961801529,80.227722168,61416,61426,10
12.8973197937,80.2277603149,61426,61436,10
12.8985099792,80.2278289795,61436,61446,10
12.8996601105,80.227897644,61446,61456,10
12.9005804062,80.2279434204,61456,61568,112
12.9005804062,80.2279434204,61568,61578,10
12.9006595612,80.2279891968,61578,61588,10
12.90102005,80.2280197144,61588,61598,10
12.9015798569,80.2280426025,61598,61608,10
12.9023704529,80.2280578613,61608,61618,10
12.9029798508,80.2280578613,61618,61628,10
12.9030704498,80.2280807495,61628,61639,11
12.9036598206,80.2281112671,61639,61649,10
12.9045600891,80.2281570435,61649,61659,10
12.905670166,80.2282104492,61659,61679,20
12.905670166,80.2282104492,61679,61689,10
12.9060001373,80.2282333374,61689,61699,10
12.9064397812,80.2282562256,61699,61709,10
12.9067897797,80.2282867432,61709,61719,10
12.9073696136,80.2283630371,61719,61730,11
12.9083499908,80.2285232544,61730,61740,10
12.9095497131,80.2287368774,61740,61750,10
12.9108400345,80.2289428711,61750,61760,10
12.9121198654,80.229133606,61760,61770,10
12.9137802124,80.229309082,61770,61790,20
12.9137802124,80.229309082,61790,61800,10
12.9140396118,80.2293701172,61800,61811,11
12.9147195816,80.2294998169,61811,61821,10
12.9156198502,80.229637146,61821,61831,10
12.9166202545,80.2297821045,61831,61841,10
12.9176597595,80.2299118042,61841,61851,10
12.918680191,80.2300415039,61851,61861,10
12.9191703796,80.2301025391,61861,61871,10
12.9196300507,80.2301635742,61871,61881,10
12.9204597473,80.2302474976,61881,61891,10
12.9215698242,80.2303924561,61891,61902,11
12.9230499268,80.2306137085,61902,61912,10
12.9244604111,80.2307891846,61912,61922,10
12.9256000519,80.2309265137,61922,61932,10
12.9265499115,80.2310180664,61932,61942,10
12.9267997742,80.2310409546,61942,61952,10
12.9271602631,80.231086731,61952,61962,10
12.9279298782,80.2311935425,61962,61972,10
12.9286003113,80.2312774658,61972,61983,11
12.9288101196,80.2313079834,61983,61993,10
12.9289197922,80.231338501,61993,62003,10
12.9294204712,80.2314376831,62003,62013,10
12.9302501678,80.2316436768,62013,62023,10
12.9313402176,80.2319717407,62023,62033,10
12.9322900772,80.2322769165,62033,62043,10
12.9333400726,80.2326583862,62043,62053,10
12.933719635,80.2328262329,62053,62063,10
12.9340000153,80.2329711914,62063,62074,11
12.9348096848,80.2333526611,62074,62084,10
12.9355602264,80.2337265015,62084,62094,10
12.9357995987,80.2338485718,62094,62104,10
12.9362897873,80.2340698242,62104,62114,10
12.9371004105,80.2344589233,62114,62124,10
12.9379396439,80.2348709106,62124,62134,10
12.9394798279,80.2355804443,62134,62155,21
12.9394798279,80.2355804443,62155,62165,10
12.939740181,80.2357406616,62165,62175,10
12.9403295517,80.2359695435,62175,62185,10
12.9411802292,80.2361984253,62185,62195,10
12.9421100616,80.2364196777,62195,62205,10
12.9430198669,80.2368164063,62205,62215,10
12.9437599182,80.2375183105,62215,62225,10
12.9444999695,80.2383422852,62225,62235,10
12.9452600479,80.2391281128,62235,62246,11
12.9464197159,80.2397384644,62246,62256,10
12.9473304749,80.2400970459,62256,62266,10
12.9475603104,80.2401580811,62266,62276,10
12.9476804733,80.2402191162,62276,62286,10
12.9481401443,80.2404022217,62286,62296,10
12.9485397339,80.2405395508,62296,62327,31
12.9485397339,80.2405395508,62327,62337,10
12.9488801956,80.2406921387,62337,62347,10
12.9494800568,80.2409286499,62347,62357,10
12.9502696991,80.2411727905,62357,62367,10
12.9509096146,80.2413482666,62367,62377,10
12.950920105,80.2413635254,62377,62387,10
12.9511699677,80.2414703369,62387,62397,10
12.9515600204,80.2416000366,62397,62408,11
12.9522199631,80.2418365479,62408,62418,10
12.9530897141,80.2421875,62418,62428,10
12.9539804459,80.2425537109,62428,62438,10
12.9548196793,80.2428970337,62438,62448,10
12.9558801651,80.2432403564,62448,62499,51
12.9562597275,80.2433776855,62499,62519,20
12.9562597275,80.2433776855,62519,62529,10
12.9564695358,80.2434463501,62529,62539,10
12.9569797516,80.2436828613,62539,62549,10
12.9577598572,80.2440338135,62549,62559,10
12.9585695267,80.2443695068,62559,62569,10
12.9586801529,80.244430542,62569,62580,11
12.9588603973,80.2445297241,62580,62590,10
12.9593400955,80.2447814941,62590,62600,10
12.960100174,80.2451171875,62600,62610,10
12.9611196518,80.24559021,62610,62620,10
12.9623804092,80.2462005615,62620,62630,10
12.9635801315,80.2467880249,62630,62640,10
12.9647798538,80.2472229004,62640,62650,10
12.9658699036,80.2476119995,62650,62660,10
12.9663801193,80.2478027344,62660,62671,11
12.9664201736,80.2478485107,62671,62681,10
12.9667901993,80.248046875,62681,62691,10
12.9675102234,80.2483901978,62691,62701,10
12.9685497284,80.2488098145,62701,62711,10
12.9697599411,80.2492904663,62711,62721,10
12.9710798264,80.2497634888,62721,62731,10
12.9723796844,80.2501068115,62731,62741,10
12.9735097885,80.2504119873,62741,62752,11
12.9745903015,80.2506866455,62752,62762,10
12.9751996994,80.2508468628,62762,62772,10
12.9757299423,80.2509765625,62772,62782,10
12.9760198593,80.2510528564,62782,62802,20
12.9760198593,80.2510528564,62802,62812,10
12.9762802124,80.251121521,62812,62822,10
12.9766597748,80.2512435913,62822,62833,11
12.9770698547,80.2513809204,62833,62843,10
12.9773902893,80.2515411377,62843,62994,151
12.9773902893,80.2515411377,62994,63005,11
12.9776201248,80.251701355,63005,63015,10
12.9781303406,80.2521362305,63015,63106,91
12.9781303406,80.2521362305,63106,63116,10
12.9783601761,80.2522964478,63116,63126,10
12.9786100388,80.2524414063,63126,63328,202
12.9786100388,80.2524414063,63328,63339,11
12.9787397385,80.2524795532,63339,63349,10
12.9788503647,80.2525177002,63349,63359,10
12.9794197083,80.2526168823,63359,63460,101
12.9794197083,80.2526168823,63460,63470,10
12.9795303345,80.2526397705,63470,63480,10
12.9798297882,80.2526779175,63480,63490,10
12.9804201126,80.2526931763,63490,63501,11
12.9811096191,80.2526626587,63501,63612,111
12.9811096191,80.2526626587,63612,63622,10
12.9812297821,80.2526779175,63622,63632,10
12.9815397263,80.2526626587,63632,63672,40
12.9815397263,80.2526626587,63672,63683,11
12.981880188,80.2526397705,63683,63693,10
12.9823503494,80.2526321411,63693,63703,10
12.9825801849,80.2526092529,63703,63713,10
12.9828996658,80.2525787354,63713,63723,10
12.9831800461,80.2525634766,63723,63885,162
12.9831800461,80.2525634766,63885,63895,10
12.9835996628,80.2524719238,63895,63905,10
12.9839401245,80.2523803711,63905,63915,10
12.9841403961,80.2523269653,63915,63925,10
12.9841804504,80.2523193359,63925,63936,11
12.9843902588,80.2522735596,63936,63946,10
12.9845895767,80.2522125244,63946,63956,10
12.9848604202,80.2521362305,63956,63966,10
12.9851198196,80.2520828247,63966,63976,10
12.98554039,80.2519683838,63976,63986,10
12.9861497879,80.2517929077,63986,63996,10
12.986700058,80.2516479492,63996,64006,10
12.9875001907,80.251411438,64006,64219,213
12.9875001907,80.251411438,64219,64229,10
12.9879102707,80.251411438,64229,64239,10
12.9884700775,80.2512588501,64239,64249,10
12.9895801544,80.2509384155,64249,64270,21
12.9895801544,80.2509384155,64270,64280,10
12.989780426,80.2509002686,64280,64290,10
12.9903497696,80.2507629395,64290,64300,10
12.9911403656,80.2505722046,64300,64310,10
12.9920196533,80.2503509521,64310,64320,10
12.9928998947,80.2501296997,64320,64330,10
12.9938802719,80.2498703003,64330,64340,10
12.9949598312,80.2496109009,64340,64350,10
12.9967002869,80.249130249,64350,64371,21
12.9967002869,80.249130249,64371,64381,10
12.9969797134,80.2490768433,64381,64391,10
12.9976396561,80.2489395142,64391,64401,10
12.9985599518,80.2487106323,64401,64411,10
12.9996700287,80.2484436035,64411,64421,10
13.0009202957,80.2481231689,64421,64431,10
13.0021600723,80.2478103638,64431,64442,11
13.003569603,80.2475509644,64442,64452,10
13.0048599243,80.2473831177,64452,64462,10
13.005979538,80.2471008301,64462,64472,10
13.0065498352,80.2463989258,64472,64492,20
13.0065498352,80.2463989258,64492,64502,10
13.0066099167,80.2461013794,64502,64512,10
13.0066299438,80.2454528809,64512,64523,11
13.0066099167,80.2446517944,64523,64533,10
13.0066099167,80.2438812256,64533,64543,10
13.0065803528,80.243057251,64543,64553,10
13.0066003799,80.2420196533,64553,64563,10
13.0066404343,80.2410507202,64563,64573,10
13.0066604614,80.2406768799,64573,64583,10
13.0066699982,80.2406692505,64583,64593,10
13.0067195892,80.2405090332,64593,64603,10
13.0068101883,80.2400436401,64603,64614,11
13.0069904327,80.239112854,64614,64624,10
13.0071697235,80.2381591797,64624,64634,10
13.0074100494,80.2370834351,64634,64654,20
13.0074100494,80.2370834351,64654,64664,10
13.0074195862,80.2369003296,64664,64674,10
13.0074300766,80.2368774414,64674,64684,10
13.0074701309,80.236656189,64684,64695,11
13.0076198578,80.2361373901,64695,64705,10
13.0077295303,80.2356796265,64705,64715,10
13.0078001022,80.2353515625,64715,64725,10
13.0079202652,80.2346878052,64725,64735,10
13.008099556,80.2337112427,64735,64745,10
13.0083398819,80.2324676514,64745,64755,10
13.0085897446,80.2312011719,64755,64765,10
13.0088596344,80.2298736572,64765,64775,10
13.0091400146,80.2284698486,64775,64786,11
13.0095996857,80.2272567749,64786,64796,10
13.0100603104,80.226272583,64796,64806,10
13.0103397369,80.2257232666,64806,64816,10
13.0103998184,80.2256164551,64816,64826,10
13.0104904175,80.2255096436,64826,64836,10
13.0106096268,80.2252120972,64836,64846,10
13.0107297897,80.2248535156,64846,64856,10
13.0110797882,80.2241210938,64856,64877,21
13.0110797882,80.2241210938,64877,64887,10
13.0112104416,80.2236785889,64887,64897,10
13.0113801956,80.2232818604,64897,64907,10
13.0115699768,80.2224884033,64907,64917,10
13.0120401382,80.2216033936,64917,64927,10
13.0124397278,80.2218017578,64927,64937,10
13.0129899979,80.2224502563,64937,64948,11
13.013759613,80.2233200073,64948,64958,10
13.0142698288,80.2238998413,64958,64968,10
13.0146598816,80.2243423462,64968,64978,10
13.0151996613,80.2248687744,64978,64988,10
13.0155696869,80.2251815796,64988,64998,10
13.0156097412,80.2252120972,64998,65008,10
13.0160398483,80.225402832,65008,65018,10
13.0167598724,80.2252883911,65018,65028,10
13.0174999237,80.2249984741,65028,65039,11
13.0182600021,80.2247009277,65039,65049,10
13.0191202164,80.2244033813,65049,65059,10
13.0196800232,80.2245330811,65059,65089,30
13.0196800232,80.2245330811,65089,65099,10
13.0198602676,80.2246932983,65099,65109,10
13.02023983,80.2249832153,65109,65120,11
13.0207300186,80.2253417969,65120,65130,10
13.0213098526,80.225769043,65130,65140,10
13.0218000412,80.2261505127,65140,65150,10
13.0222702026,80.2264862061,65150,65160,10
13.0227203369,80.226890564,65160,65170,10
13.023229599,80.2273788452,65170,65180,10
13.0236997604,80.2277984619,65180,65190,10
13.0240697861,80.2281494141,65190,65201,11
13.0243597031,80.2284927368,65201,65211,10
13.0243997574,80.2285919189,65211,65221,10
13.0243196487,80.2286605835,65221,65231,10
13.0241203308,80.2285232544,65231,65241,10
13.0237998962,80.2280883789,65241,65251,10
13.0233802795,80.2277069092,65251,65534,283
13.0233802795,80.2277069092,65534,65545,11
13.0232801437,80.2275619507,65545,65555,10
13.023059845,80.2273178101,65555,65565,10
13.0229501724,80.2271881104,65565,65575,10
13.0226802826,80.2269363403,65575,65585,10
13.0225696564,80.2268218994,65585,65595,10
13.0222196579,80.2265167236,65595,65605,10
13.0216903687,80.2260818481,65605,65615,10
13.0212802887,80.2257614136,65615,65626,11
13.0209197998,80.2254562378,65626,65636,10
13.0205898285,80.2252426147,65636,65646,10
13.0202798843,80.2250366211,65646,65656,10
13.0199298859,80.2248077393,65656,65676,20
13.0199298859,80.2248077393,65676,65686,10
13.0197296143,80.2246627808,65686,65696,10
13.019109726,80.2244567871,65696,65706,10
13.0182304382,80.2247009277,65706,65717,11
13.0171699524,80.2251281738,65717,65727,10
13.0163602829,80.2254714966,65727,65737,10
13.0157203674,80.2257003784,65737,65747,10
13.0150003433,80.2259979248,65747,65757,10
13.0140800476,80.2263870239,65757,65777,20
13.0140800476,80.2263870239,65777,65788,11
13.0140104294,80.2264328003,65788,65798,10
13.0136203766,80.2265167236,65798,65808,10
13.012960434,80.2267608643,65808,65818,10
13.0120401382,80.2271194458,65818,65828,10
13.0110197067,80.2275466919,65828,65838,10
13.009929657,80.2279815674,65838,65848,10
13.0090799332,80.2285995483,65848,65858,10
13.008890152,80.2296676636,65858,65868,10
13.0086803436,80.2308425903,65868,65879,11
13.0085496902,80.2317123413,65879,65889,10
13.0084896088,80.2320709229,65889,65899,10
13.0084199905,80.2323989868,65899,65919,20
13.0084199905,80.2323989868,65919,65929,10
13.0083503723,80.2327728271,65929,65939,10
13.0082998276,80.2330627441,65939,65949,10
13.0082502365,80.2335662842,65949,65980,31
13.0082502365,80.2335662842,65980,65990,10
13.0081195831,80.2340011597,65990,66000,10
13.008020401,80.2344970703,66000,66010,10
13.0079603195,80.2347335815,66010,66020,10
13.0078697205,80.2351303101,66020,66030,10
13.0077896118,80.2355804443,66030,66040,10
13.0077896118,80.2356491089,66040,66051,11
13.0076999664,80.2360916138,66051,66061,10
13.0076398849,80.2363891602,66061,66071,10
13.007610321,80.2365570068,66071,66081,10
13.0075998306,80.236579895,66081,66091,10
13.0075597763,80.2367401123,66091,66101,10
13.0074796677,80.2372436523,66101,66111,10
13.0073795319,80.2377624512,66111,66121,10
13.0073003769,80.2381896973,66121,66243,122
13.0073003769,80.2381896973,66243,66253,10
13.0072002411,80.238319397,66253,66263,10
13.0071601868,80.2386627197,66263,66273,10
13.0071001053,80.2390975952,66273,66324,51
13.0071001053,80.2390975952,66324,66334,10
13.0070695877,80.2391662598,66334,66344,10
13.0069999695,80.2395782471,66344,66354,10
13.0068798065,80.2402420044,66354,66364,10
13.006819725,80.2407913208,66364,66374,10
13.006819725,80.2408218384,66374,66384,10
13.0067901611,80.2409973145,66384,66395,11
13.0067396164,80.2416763306,66395,66405,10
13.0067195892,80.2425613403,66405,66415,10
13.0067195892,80.2432403564,66415,66425,10
13.0066995621,80.2434387207,66425,66435,10
13.0066995621,80.2437133789,66435,66445,10
13.0066795349,80.2438964844,66445,66455,10
13.0066900253,80.2442169189,66455,66465,10
13.0066995621,80.2444992065,66465,66476,11
13.0066900253,80.2449188232,66476,66486,10
13.0066900253,80.245262146,66486,66496,10
13.0067300797,80.2457427979,66496,66506,10
13.0067596436,80.2463607788,66506,66516,10
13.0066900253,80.2473678589,66516,66557,41
13.0066900253,80.2473678589,66557,66567,10
13.0066204071,80.2474365234,66567,66577,10
13.0062799454,80.2474365234,66577,66587,10
13.0060796738,80.2474212646,66587,66597,10
13.0060596466,80.2473983765,66597,66610,13
13.0056800842,80.2473678589,66610,66620,10
13.0047101974,80.2473907471,66620,66630,10
13.0038099289,80.2475128174,66630,66640,10
13.0029201508,80.2476425171,66640,66651,11
13.0019197464,80.2478713989,66651,66661,10
13.0007200241,80.2481689453,66661,66671,10
12.9995698929,80.2484588623,66671,66681,10
12.9985799789,80.2487411499,66681,66691,10
12.9978704453,80.2489395142,66691,66701,10
12.9977903366,80.2489395142,66701,66711,10
12.9974803925,80.2490692139,66711,66722,11
12.9967498779,80.2492523193,66722,66732,10
12.9959001541,80.2494506836,66732,66742,10
12.9948997498,80.2497177124,66742,66752,10
12.994020462,80.249961853,66752,66762,10
12.9930400848,80.2501907349,66762,66772,10
12.9921398163,80.2504119873,66772,66782,10
12.9915895462,80.25050354,66782,66792,10
12.9910802841,80.2506408691,66792,66802,10
12.990940094,80.2506713867,66802,66813,11
12.9905996323,80.2507476807,66813,66823,10
12.990070343,80.2508773804,66823,66833,10
12.9896202087,80.2509918213,66833,66843,10
12.989159584,80.251121521,66843,66853,10
12.988820076,80.2511901855,66853,66863,10
12.9884996414,80.2512817383,66863,66873,10
12.9883098602,80.2513427734,66873,67096,223
12.9883098602,80.2513427734,67096,67106,10
12.9881401062,80.2513198853,67106,67116,10
12.9879198074,80.2514038086,67116,67126,10
12.9877004623,80.2514572144,67126,67136,10
12.9875297546,80.2515029907,67136,67146,10
12.9872198105,80.2516021729,67146,67157,11
12.9868898392,80.251701355,67157,67167,10
12.9863595963,80.2518386841,67167,67177,10
12.985619545,80.2520065308,67177,67187,10
12.9847698212,80.252243042,67187,67197,10
12.9839000702,80.2524490356,67197,67207,10
12.9829502106,80.2526397705,67207,67217,10
12.9818897247,80.2527008057,67217,67228,11
12.9809904099,80.2527389526,67228,67238,10
12.9806404114,80.2527694702,67238,67248,10
12.9804601669,80.2527770996,67248,67258,10
12.9800596237,80.2527770996,67258,67268,10
12.979590416,80.2527084351,67268,67278,10
12.9787797928,80.2526168823,67278,67298,20
12.9787797928,80.2526168823,67298,67308,10
12.9786701202,80.2525634766,67308,67318,10
12.9782104492,80.2522888184,67318,67329,11
12.9774303436,80.2516403198,67329,67339,10
12.9764003754,80.2511978149,67339,67349,10
12.9753398895,80.2508926392,67349,67359,10
12.9742898941,80.250579834,67359,67369,10
12.9734897614,80.2503585815,67369,67379,10
12.9727897644,80.2501907349,67379,67389,10
12.9718503952,80.2499389648,67389,67400,11
12.9706897736,80.2496337891,67400,67410,10
12.9696598053,80.2492523193,67410,67420,10
12.9686098099,80.248840332,67420,67430,10
12.9676704407,80.2484588623,67430,67440,10
12.967089653,80.2482070923,67440,67450,10
12.966750145,80.2480392456,67450,67460,10
12.9663295746,80.2478408813,67460,67470,10
12.9658603668,80.2476425171,67470,67480,10
12.9653902054,80.247467041,67480,67521,41
12.9653902054,80.247467041,67521,67531,10
12.9652395248,80.2474822998,67531,67541,10
12.9649295807,80.2473373413,67541,67551,10
12.9646997452,80.2472610474,67551,67561,10
12.9644203186,80.2471466064,67561,67602,41
12.9644203186,80.2471466064,67602,67612,10
12.9642295837,80.2470626831,67612,67622,10
12.9640102386,80.246963501,67622,67632,10
12.9637002945,80.2468566895,67632,67642,10
12.963139534,80.2465362549,67642,67652,10
12.9622802734,80.2461395264,67652,67663,11
12.9611597061,80.2455825806,67663,67673,10
12.9601802826,80.2451705933,67673,67683,10
12.9593000412,80.2447891235,67683,67703,20
12.9593000412,80.2447891235,67703,67713,10
12.9592599869,80.244758606,67713,67723,10
12.9590597153,80.2446517944,67723,67733,10
12.9585599899,80.2444229126,67733,67744,11
12.9578199387,80.2441177368,67744,67754,10
12.9570903778,80.2439117432,67754,67764,10
12.9567298889,80.2438430786,67764,67845,81
12.9563598633,80.2437133789,67845,67865,20
12.9563598633,80.2437133789,67865,67875,10
12.9559602737,80.243522644,67875,67885,10
12.955329895,80.2431564331,67885,67895,10
12.9544696808,80.2427597046,67895,67905,10
12.9535703659,80.242401123,67905,67916,11
12.9526100159,80.2420196533,67916,67926,10
12.9519100189,80.2417678833,67926,67936,10
12.9516897202,80.2416915894,67936,67946,10
12.9516000748,80.2416610718,67946,67956,10
12.9512395859,80.2415237427,67956,67966,10
12.9505500793,80.2412796021,67966,67976,10
12.9496803284,80.2410202026,67976,67986,10
12.9491195679,80.2408599854,67986,67996,10
12.9487304688,80.2406921387,67996,68007,11
12.9480400085,80.2404022217,68007,68017,10
12.947259903,80.2400970459,68017,68027,10
12.9470996857,80.2400283813,68027,68037,10
12.9470596313,80.2400131226,68037,68047,10
12.9468698502,80.2398910522,68047,68057,10
12.9463300705,80.2396774292,68057,68067,10
12.9455299377,80.2393188477,68067,68078,11
12.9447097778,80.2386398315,68078,68088,10
12.9439001083,80.237739563,68088,68098,10
12.9430999756,80.2369232178,68098,68108,10
12.9420204163,80.2363815308,68108,68118,10
12.9408502579,80.2360992432,68118,68128,10
12.9398002625,80.2358093262,68128,68158,30
12.9398002625,80.2358093262,68158,68169,11
12.9393796921,80.2356033325,68169,68179,10
12.9386997223,80.2352600098,68179,68189,10
12.9378404617,80.2348327637,68189,68199,10
12.9369001389,80.2343826294,68199,68209,10
12.9359102249,80.2339172363,68209,68219,10
12.934969902,80.2334823608,68219,68229,10
12.9337701797,80.2329483032,68229,68260,31
12.9337701797,80.2329483032,68260,68270,10
12.9335803986,80.2328109741,68270,68280,10
12.9330101013,80.2325592041,68280,68290,10
12.9321699142,80.2322463989,68290,68300,10
12.9311504364,80.231918335,68300,68310,10
12.9300203323,80.2315979004,68310,68320,10
12.9291296005,80.2313995361,68320,68330,10
12.9285898209,80.231300354,68330,68341,11
12.9276695251,80.2311706543,68341,68351,10
12.9266996384,80.2310562134,68351,68361,10
12.9260597229,80.2310180664,68361,68371,10
12.9259796143,80.231010437,68371,68381,10
12.9255399704,80.2309494019,68381,68391,10
12.9247999191,80.2308425903,68391,68401,10
12.9238195419,80.23072052,68401,68411,10
12.922659874,80.2305603027,68411,68421,10
12.9212999344,80.2303619385,68421,68432,11
12.9199895859,80.2302017212,68432,68442,10
12.9187402725,80.2300186157,68442,68452,10
12.9174900055,80.2298736572,68452,68462,10
12.9163703918,80.2297134399,68462,68472,10
12.9151296616,80.2295303345,68472,68482,10
12.9139299393,80.2293777466,68482,68492,10
12.9133501053,80.2293395996,68492,68502,10
12.9133501053,80.2293319702,68502,68513,11
12.9133300781,80.229309082,68513,68523,10
12.9129800797,80.2292404175,68523,68533,10
12.9122495651,80.2291412354,68533,68543,10
12.9112501144,80.2289886475,68543,68553,10
12.9100999832,80.2288284302,68553,68563,10
12.909070015,80.2286682129,68563,68573,10
12.9082403183,80.2285232544,68573,68583,10
12.907500267,80.2284469604,68583,68624,41
12.907500267,80.2284469604,68624,68634,10
12.9073400497,80.2283782959,68634,68644,10
12.906999588,80.2283401489,68644,68654,10
12.9065999985,80.228302002,68654,68664,10
12.9060697556,80.2282562256,68664,68674,10
12.9051904678,80.2282028198,68674,68685,11
12.9039402008,80.2281112671,68685,68695,10
12.9028396606,80.2281036377,68695,68705,10
12.9020595551,80.2280731201,68705,68786,81
12.9020595551,80.2280731201,68786,68796,10
12.9020004272,80.2280578613,68796,68806,10
12.9017601013,80.2280502319,68806,68816,10
12.9013299942,80.2280502319,68816,68826,10
12.9009599686,80.2280273438,68826,68836,10
12.9004602432,80.2279586792,68836,68846,10
12.9000196457,80.2279586792,68846,68857,11
12.8998098373,80.2279281616,68857,68867,10
12.8995800018,80.2279281616,68867,68907,40
12.8995800018,80.2279281616,68907,68917,10
12.8992996216,80.227897644,68917,68927,10
12.8989095688,80.2278671265,68927,68938,11
12.8981704712,80.2278289795,68938,68948,10
12.8972597122,80.2277832031,68948,68958,10
12.8962097168,80.2277374268,68958,68968,10
12.8950996399,80.2276916504,68968,68978,10
12.8940095901,80.2276306152,68978,68988,10
12.8931503296,80.2275390625,68988,68998,10
12.8925800323,80.2274475098,68998,69008,10
12.8921499252,80.2274017334,69008,69019,11
12.8913202286,80.2273712158,69019,69029,10
12.8903598785,80.2273712158,69029,69039,10
12.8893404007,80.2273712158,69039,69049,10
12.8886604309,80.2273712158,69049,69059,10
12.8875598907,80.2273025513,69059,69069,10
12.8865203857,80.2271118164,69069,69079,10
12.8853397369,80.2268295288,69079,69099,20
12.8853397369,80.2268295288,69099,69110,11
12.8850698471,80.2267837524,69110,69120,10
12.8848400116,80.2267532349,69120,69130,10
12.8847799301,80.2267379761,69130,69140,10
12.8843297958,80.2267303467,69140,69150,10
12.8834600449,80.2267227173,69150,69160,10
12.8822803497,80.2267303467,69160,69170,10
12.880900383,80.2267532349,69170,69180,10
12.8794698715,80.2267684937,69180,69191,11
12.8778896332,80.2268676758,69191,69201,10
12.8768396378,80.2269821167,69201,69211,10
12.8763303757,80.2270278931,69211,69231,20
12.8763303757,80.2270278931,69231,69241,10
12.8761301041,80.2270126343,69241,69251,10
12.8755598068,80.2269973755,69251,69261,10
12.8746900558,80.226890564,69261,69271,10
12.87362957,80.2267684937,69271,69282,11
12.8726396561,80.2267608643,69282,69292,10
12.8725404739,80.2267608643,69292,69302,10
12.8724002838,80.2267379761,69302,69312,10
12.8718795776,80.2267227173,69312,69322,10
12.8710403442,80.2266693115,69322,69332,10
12.8699703217,80.2265777588,69332,69342,10
12.8687696457,80.2264404297,69342,69352,10
12.8674697876,80.2264709473,69352,69363,11
12.8660202026,80.2266082764,69363,69373,10
12.8646802902,80.226600647,69373,69383,10
12.8633298874,80.2265472412,69383,69393,10
12.8619003296,80.2266082764,69393,69403,10
12.8609600067,80.2266387939,69403,69413,10
12.8609399796,80.2266387939,69413,69423,10
12.860619545,80.2266082764,69423,69433,10
12.8598604202,80.2265014648,69433,69444,11
12.8586902618,80.2263412476,69444,69454,10
12.8574199677,80.2262878418,69454,69464,10
12.856010437,80.2264328003,69464,69474,10
12.854470253,80.2265777588,69474,69484,10
12.8528404236,80.2267227173,69484,69494,10
12.8512401581,80.2266387939,69494,69504,10
12.8499097824,80.2266387939,69504,69514,10
12.849650383,80.2266387939,69514,69524,10
12.8493995667,80.2266311646,69524,69535,11
12.8486995697,80.2266082764,69535,69545,10
12.8478002548,80.2266082764,69545,69555,10
12.8466997147,80.2266235352,69555,69565,10
12.8452596664,80.2266616821,69565,69595,30
12.8452596664,80.2266616821,69595,69606,11
12.8450603485,80.2266387939,69606,69616,10
12.8444795609,80.2266693115,69616,69626,10
12.843580246,80.2267608643,69626,69636,10
12.8424901962,80.2269515991,69636,69646,10
12.8413295746,80.2272262573,69646,69656,10
12.8403396606,80.2275238037,69656,69666,10
12.8397798538,80.2277069092,69666,69676,10
12.8394603729,80.2278137207,69676,69686,10
12.8388795853,80.2279586792,69686,69696,10
12.8378896713,80.2282028198,69696,69707,11
12.836520195,80.2284011841,69707,69717,10
12.8352003098,80.2285995483,69717,69727,10
12.8338603973,80.2288208008,69727,69737,10
12.8326501846,80.2290420532,69737,69747,10
12.8317804337,80.2292175293,69747,69757,10
12.831580162,80.229133606,69757,69767,10
12.8315000534,80.2289123535,69767,69778,11
12.8315000534,80.2288894653,69778,69788,10
12.8315095901,80.2287826538,69788,69798,10
12.831410408,80.2282562256,69798,69808,10
12.8312501907,80.2274780273,69808,69818,10
12.8310604095,80.2265319824,69818,69828,10
12.8310203552,80.225440979,69828,69838,10
12.8310403824,80.2247619629,69838,69848,10
12.8310403824,80.2243270874,69848,69858,10
12.8310403824,80.2235336304,69858,69869,11
12.8310203552,80.2225418091,69869,69879,10
12.8310203552,80.2220993042,69879,69889,10
12.8310403824,80.2215423584,69889,69899,10
12.8310604095,80.2209320068,69899,69909,10
12.8310804367,80.2202835083,69909,69919,10
12.8310804367,80.219833374,69919,69929,10
12.8309402466,80.2195129395,69929,69939,10
12.8303699493,80.2194671631,69939,69949,10
12.829750061,80.2194824219,69949,69960,11
12.8289604187,80.2194824219,69960,69970,10
12.8282003403,80.2194900513,69970,69980,10
12.827750206,80.2194900513,69980,69990,10
12.8276395798,80.2194900513,69990,70000,10
12.8274497986,80.2194671631,70000,70010,10
12.8268299103,80.2194595337,70010,70020,10
12.8261404037,80.2194595337,70020,70030,10
12.8259496689,80.2194213867,70030,70041,11
12.825799942,80.2191696167,70041,70051,10
12.8258199692,80.2187271118,70051,70061,10
12.8258199692,80.217880249,70061,70071,10
12.8258304596,80.2168884277,70071,70081,10
12.8257398605,80.2160797119,70081,70091,10
12.8254404068,80.2160263062,70091,70101,10
12.8249397278,80.2160415649,70101,70404,303
12.8249397278,80.2160415649,70404,70415,11
12.8245296478,80.2160186768,70415,70425,10
12.8242998123,80.2159881592,70425,70435,10
12.8238601685,80.216003418,70435,70445,10
12.8232498169,80.216003418,70445,70456,11
12.8227996826,80.216003418,70456,70466,10
12.822640419,80.2160797119,70466,70476,10
12.822640419,80.2164535522,70476,70486,10
12.8226499557,80.2171325684,70486,70496,10
12.822640419,80.2178878784,70496,70506,10
12.8226299286,80.218711853,70506,70516,10
12.822640419,80.2192001343,70516,70526,10
12.8226699829,80.2193603516,70526,70537,11
12.8227396011,80.2194213867,70537,70547,10
12.8230600357,80.2194519043,70547,70557,10
12.8235797882,80.2194976807,70557,70567,10
12.8241195679,80.2194976807,70567,70577,10
12.8246097565,80.2194976807,70577,70587,10
12.8254098892,80.2195205688,70587,70607,20
12.8254098892,80.2195205688,70607,70618,11
12.8256998062,80.2195129395,70618,70628,10
12.8263502121,80.2195205688,70628,70639,11
12.8269996643,80.2195129395,70639,70649,10
12.8274002075,80.2194976807,70649,70770,121
12.8274002075,80.2194976807,70770,70780,10
12.8275604248,80.2194824219,70780,70790,10
12.8278198242,80.2194976807,70790,70801,11
12.8283596039,80.2194976807,70801,70811,10
12.8290300369,80.2194900513,70811,70821,10
12.8297100067,80.2194976807,70821,70831,10
12.8303203583,80.2194976807,70831,70841,10
12.8308601379,80.2195205688,70841,70851,10
12.8311195374,80.2197113037,70851,70861,10
12.8311395645,80.2203216553,70861,70871,10
12.8311395645,80.2210769653,70871,70882,11
12.8311395645,80.2218704224,70882,70892,10
12.8311395645,80.2222137451,70892,70902,10
12.8311395645,80.2226409912,70902,70912,10
12.8311195374,80.2233428955,70912,70922,10
12.8311004639,80.2242126465,70922,70932,10
12.8310899734,80.2247009277,70932,70942,10
12.8310899734,80.2250213623,70942,70952,10
12.8310804367,80.2255630493,70952,70963,11
12.8310804367,80.2262573242,70963,70973,10
12.831199646,80.2269821167,70973,70983,10
12.8313903809,80.2278671265,70983,70993,10
12.8316001892,80.2287368774,70993,71003,10
12.8317203522,80.2291564941,71003,71013,10
12.8318796158,80.2291564941,71013,71023,10
12.8320198059,80.2291183472,71023,71033,10
12.8321695328,80.2290725708,71033,71043,10
12.8322601318,80.229057312,71043,71054,11
12.8328800201,80.2289581299,71054,71064,10
12.8338298798,80.2288131714,71064,71074,10
12.8350400925,80.2286071777,71074,71084,10
12.8363599777,80.2284164429,71084,71094,10
12.8376703262,80.2282028198,71094,71104,10
12.8387002945,80.2279434204,71104,71114,10
12.8388500214,80.2278900146,71114,71124,10
12.8390197754,80.2278213501,71124,71155,31
12.8390197754,80.2278213501,71155,71165,10
12.8392801285,80.227722168,71165,71175,10
12.8395004272,80.2276382446,71175,71185,10
12.8397598267,80.2275772095,71185,71195,10
12.8402900696,80.2275238037,71195,71205,10
12.8410902023,80.2273101807,71205,71215,10
12.8421802521,80.2270278931,71215,71226,11
12.8433904648,80.2268066406,71226,71236,10
12.8443603516,80.2266693115,71236,71246,10
12.845000267,80.2266235352,71246,71266,20
12.845000267,80.2266235352,71266,71276,10
12.8451595306,80.2266235352,71276,71286,10
12.845290184,80.2266235352,71286,71296,10
12.8454504013,80.2266235352,71296,71307,11
12.845990181,80.2266311646,71307,71317,10
12.8468399048,80.2266235352,71317,71327,10
12.8477602005,80.2266082764,71327,71337,10
12.8486499786,80.2266082764,71337,71347,10
12.8497695923,80.2265625,71347,71367,20
12.8497695923,80.2265625,71367,71377,10
12.8499202728,80.2265777588,71377,71388,11
12.8503503799,80.2266235352,71388,71398,10
12.8511400223,80.2266235352,71398,71408,10
12.8521499634,80.2266693115,71408,71418,10
12.8533697128,80.2266998291,71418,71428,10
12.8546600342,80.2265625,71428,71438,10
12.8553695679,80.2264480591,71438,71448,10
12.8562202454,80.2263565063,71448,71458,10
12.8568096161,80.2262878418,71458,71469,11
12.8573598862,80.2262420654,71469,71479,10
12.8577804565,80.2262191772,71479,71489,10
12.8580703735,80.2262191772,71489,71499,10
12.8582601547,80.2262420654,71499,71509,10
12.8586196899,80.2262573242,71509,71519,10
12.8593101501,80.2263412476,71519,71560,41
12.8593101501,80.2263412476,71560,71570,10
12.8595104218,80.2263793945,71570,71580,10
12.8601503372,80.2264785767,71580,71590,10
12.8606004715,80.2265319824,71590,71600,10
12.8607196808,80.2265701294,71600,71610,10
12.861240387,80.2266082764,71610,71620,10
12.8621301651,80.2265777588,71620,71630,10
12.8632497787,80.2265396118,71630,71641,11
12.8646602631,80.2265777588,71641,71651,10
12.8660802841,80.2265777588,71651,71661,10
12.8674697876,80.2264480591,71661,71671,10
12.8688697815,80.2264328003,71671,71681,10
12.8702402115,80.2265777588,71681,71691,10
12.8716201782,80.2266693115,71691,71701,10
12.8727197647,80.2266616821,71701,71711,10
12.8735799789,80.2267074585,71711,71722,11
12.8748502731,80.2268829346,71722,71732,10
12.8760404587,80.2269821167,71732,71742,10
12.8764600754,80.2269363403,71742,71752,10
12.8766803741,80.2269287109,71752,71762,10
12.876709938,80.2269287109,71762,71771,9
12.877120018,80.2269363403,71771,71782,11
12.8781003952,80.2268600464,71782,71792,10
12.8791704178,80.2267608643,71792,71802,10
12.8801898956,80.2267379761,71802,71812,10
12.8817100525,80.2267532349,71812,71823,11
12.8832302094,80.2267303467,71823,71833,10
12.884469986,80.2267074585,71833,71843,10
12.8853998184,80.2267608643,71843,71853,10
12.8855695724,80.2267684937,71853,71863,10
12.8858995438,80.2268829346,71863,71873,10
12.8866596222,80.2270889282,71873,71883,10
12.8877000809,80.2272796631,71883,71893,10
12.8889799118,80.2273712158,71893,71904,11
12.8904895782,80.2273406982,71904,71914,10
12.8917999268,80.2273406982,71914,71924,10
12.8927402496,80.2274017334,71924,71934,10
12.8935403824,80.2275390625,71934,71944,10
12.8945598602,80.2276306152,71944,71954,10
12.895529747,80.2276687622,71954,71964,10
12.8965797424,80.2276992798,71964,71974,10
12.8975400925,80.2277374268,71974,71985,11
12.8984003067,80.2277832031,71985,71995,10
12.8989601135,80.2278137207,71995,72005,10
12.8997001648,80.2278366089,72005,72035,30
12.8998699188,80.2278594971,72035,72055,20
12.8998699188,80.2278594971,72055,72066,11
12.9000101089,80.2278823853,72066,72076,10
12.9004402161,80.227897644,72076,72086,10
12.9007701874,80.2279205322,72086,72096,10
12.9011898041,80.2279586792,72096,72106,10
12.9015798569,80.2279815674,72106,72116,10
12.9025001526,80.2280273438,72116,72146,30
12.9025001526,80.2280273438,72146,72157,11
12.9028396606,80.2280502319,72157,72167,10
12.9032897949,80.2280426025,72167,72177,10
12.9035100937,80.2280578613,72177,72187,10
12.9041204453,80.2281112671,72187,72207,20
12.9041204453,80.2281112671,72207,72217,10
12.9042396545,80.2281265259,72217,72227,10
12.9047498703,80.2281494141,72227,72238,11
12.9051198959,80.2281723022,72238,72349,111
12.9051198959,80.2281723022,72349,72359,10
12.9053297043,80.2281112671,72359,72369,10
12.9055995941,80.2281112671,72369,72379,10
12.9057197571,80.2281265259,72379,72389,10
12.9058198929,80.2281570435,72389,72400,11
12.9062099457,80.2281723022,72400,72460,60
12.9062099457,80.2281723022,72460,72470,10
12.9062995911,80.2282180786,72470,72481,11
12.9066696167,80.2282867432,72481,72491,10
12.907409668,80.2283782959,72491,72501,10
12.908490181,80.228553772,72501,72511,10
12.9097099304,80.2287521362,72511,72521,10
12.9108800888,80.2289428711,72521,72531,10
12.9119901657,80.2291030884,72531,72541,10
12.9130296707,80.2292480469,72541,72551,10
12.9139900208,80.2293395996,72551,72572,21
12.9139900208,80.2293395996,72572,72582,10
12.9141998291,80.2293930054,72582,72592,10
12.9147701263,80.2294616699,72592,72602,10
12.9156198502,80.2295913696,72602,72612,10
12.9165802002,80.2297515869,72612,72622,10
12.9173402786,80.229850769,72622,72632,10
12.9182701111,80.2299804688,72632,72642,10
12.9193201065,80.2301177979,72642,72653,11
12.9205598831,80.2302703857,72653,72663,10
12.9216604233,80.2304077148,72663,72673,10
12.9228200912,80.2305908203,72673,72683,10
12.9240398407,80.2307662964,72683,72693,10
12.9252595901,80.2309112549,72693,72703,10
12.9262800217,80.2310180664,72703,72713,10
12.9264202118,80.2310180664,72713,72723,10
12.9267597198,80.2310562134,72723,72733,10
12.9275197983,80.2311477661,72733,72744,11
12.928560257,80.2312927246,72744,72754,10
12.929400444,80.2314834595,72754,72764,10
12.9303998947,80.2317123413,72764,72774,10
12.9314498901,80.2320327759,72774,72784,10
12.9324703217,80.2323608398,72784,72794,10
12.9336395264,80.2328186035,72794,72814,20
12.9336395264,80.2328186035,72814,72825,11
12.9336996078,80.2328720093,72825,72835,10
12.9339399338,80.2329788208,72835,72845,10
12.9346199036,80.2332992554,72845,72855,10
12.9357500076,80.2338027954,72855,72875,20
12.9357500076,80.2338027954,72875,72885,10
12.9361696243,80.2340164185,72885,72895,10
12.9368801117,80.2343597412,72895,72906,11
12.9379196167,80.2348632813,72906,72916,10
12.9395503998,80.2356491089,72916,72936,20
12.9395503998,80.2356491089,72936,72946,10
12.9398202896,80.235786438,72946,72956,10
12.9404401779,80.236000061,72956,72966,10
12.9413204193,80.2362365723,72966,72976,10
12.9423704147,80.2365188599,72976,72986,10
12.9433403015,80.2371292114,72986,72997,11
12.9442195892,80.2380599976,72997,73007,10
12.9450397491,80.2389526367,73007,73017,10
12.9460601807,80.2395782471,73017,73027,10
12.9472999573,80.2400665283,73027,73047,20
12.9472999573,80.2400665283,73047,73057,10
12.9474697113,80.2401428223,73057,73067,10
12.9479799271,80.2403488159,73067,73078,11
12.9483699799,80.2404937744,73078,73108,30
12.9483699799,80.2404937744,73108,73118,10
12.9484701157,80.240562439,73118,73128,10
12.9488401413,80.2406997681,73128,73138,10
12.9494104385,80.2409362793,73138,73148,10
12.9500799179,80.2411270142,73148,73159,11
12.9508695602,80.2413635254,73159,73169,10
12.9509801865,80.2413864136,73169,73179,10
12.9512996674,80.2415084839,73179,73189,10
12.9519701004,80.2417831421,73189,73199,10
12.9527797699,80.2421035767,73199,73209,10
12.9534597397,80.2423477173,73209,73219,10
12.9539003372,80.2425231934,73219,73229,10
12.9545297623,80.2427902222,73229,73239,10
12.955160141,80.2430419922,73239,73250,11
12.9559202194,80.2433776855,73250,73320,70
12.9562597275,80.2434997559,73320,73341,21
12.9562597275,80.2434997559,73341,73351,10
12.9565200806,80.2435913086,73351,73361,10
12.9572296143,80.2438583374,73361,73371,10
12.9581604004,80.2442398071,73371,73381,10
12.9589595795,80.2445602417,73381,73391,10
12.9589996338,80.2445831299,73391,73401,10
12.9591999054,80.244682312,73401,73412,11
12.9598903656,80.2450180054,73412,73422,10
12.9608201981,80.2454605103,73422,73432,10
12.961979866,80.2460098267,73432,73442,10
12.9632797241,80.2466201782,73442,73503,61
12.9632797241,80.2466201782,73503,73513,10
12.9636201859,80.2467727661,73513,73523,10
12.9641399384,80.2469787598,73523,73533,10
12.9647302628,80.2471923828,73533,73543,10
12.9655399323,80.247467041,73543,73553,10
12.9666700363,80.2479400635,73553,73573,20
12.9666700363,80.2479400635,73573,73584,11
12.9669799805,80.2481231689,73584,73594,10
12.9675598145,80.2483978271,73594,73604,10
12.96833992,80.2487411499,73604,73614,10
12.9692296982,80.2490768433,73614,73624,10
12.9701795578,80.2494812012,73624,73634,10
12.9711904526,80.2498092651,73634,73644,10
12.9723501205,80.2501068115,73644,73654,10
12.9734697342,80.2504196167,73654,73664,10
12.9745597839,80.2507095337,73664,73675,11
12.9758796692,80.2510910034,73675,73685,10
12.977060318,80.2514419556,73685,73695,10
12.9786195755,80.2524871826,73695,73715,20
12.9786195755,80.2524871826,73715,73725,10
12.9786996841,80.252532959,73725,73735,10
12.9795598984,80.2526626587,73735,73786,51
12.9795598984,80.2526626587,73786,73796,10
12.9797201157,80.2527008057,73796,73806,10
12.9803104401,80.2527236938,73806,73816,10
12.9810400009,80.2527084351,73816,73826,10
12.9819698334,80.2526626587,73826,73837,11
12.9829998016,80.2526016235,73837,73847,10
12.9834299088,80.252532959,73847,73857,10
12.9839000702,80.2524185181,73857,73867,10
12.9843997955,80.2522888184,73867,73877,10
12.984919548,80.2521362305,73877,74170,293
12.984919548,80.2521362305,74170,74181,11
12.9853401184,80.2519989014,74181,74191,10
12.9859304428,80.2518463135,74191,74201,10
12.9864597321,80.2517318726,74201,74211,10
12.9870996475,80.2515487671,74211,74221,10
12.987569809,80.2514190674,74221,74231,10
12.9880695343,80.2513504028,74231,74241,10
12.9889097214,80.2511367798,74241,74251,10
12.9895896912,80.2509307861,74251,74262,11
12.9896001816,80.2509307861,74262,74272,10
12.9898195267,80.2509307861,74272,74282,10
12.9904203415,80.2507781982,74282,74292,10
12.9913196564,80.2505722046,74292,74302,10
12.9923801422,80.2503128052,74302,74312,10
12.9935398102,80.25,74312,74322,10
12.9948797226,80.2496566772,74322,74332,10
12.9963598251,80.2492828369,74332,74342,10
12.9978399277,80.248916626,74342,74353,11
12.9994401932,80.2485198975,74353,74363,10
13.0008296967,80.2481613159,74363,74373,10
13.0020303726,80.2478485107,74373,74383,10
13.002989769,80.2476730347,74383,74393,10
13.0038604736,80.2474975586,74393,74403,10
13.0049695969,80.2473831177,74403,74413,10
13.005900383,80.2471313477,74413,74423,10
13.0063695908,80.2467269897,74423,74444,21
13.0063695908,80.2467269897,74444,74454,10
13.0065402985,80.246421814,74454,74464,10
13.0066099167,80.2457199097,74464,74474,10
13.0065803528,80.2448120117,74474,74484,10
13.0066099167,80.2442169189,74484,74494,10
13.0066003799,80.2437210083,74494,74504,10
13.0066003799,80.2433624268,74504,74514,10
13.0066003799,80.2429199219,74514,74525,11
13.0066299438,80.2425537109,74525,74535,10
13.0066299438,80.2419433594,74535,74545,10
13.006649971,80.2411804199,74545,74555,10
13.0067796707,80.2403793335,74555,74565,10
13.006939888,80.2395172119,74565,74575,10
13.007060051,80.2389373779,74575,74585,10
13.007109642,80.2386322021,74585,74595,10
13.0071697235,80.2383422852,74595,74605,10
13.0072202682,80.237953186,74605,74616,11
13.0073204041,80.2373580933,74616,74626,10
13.007349968,80.2369308472,74626,74636,10
13.0074100494,80.2367019653,74636,74646,10
13.0074796677,80.2364807129,74646,74656,10
13.0075902939,80.2359085083,74656,74666,10
13.0077104568,80.2352676392,74666,74676,10
13.0077695847,80.2351226807,74676,74687,11
13.0078601837,80.2345428467,74687,74697,10
13.0080795288,80.2336502075,74697,74707,10
13.008310318,80.2324523926,74707,74717,10
13.0085601807,80.2310791016,74717,74727,10
13.0088100433,80.2297134399,74727,74737,10
13.009059906,80.2284317017,74737,74747,10
13.0095300674,80.2273406982,74747,74757,10
13.0100097656,80.2262878418,74757,74767,10
13.0104598999,80.2253036499,74767,74777,10
13.0107898712,80.2245864868,74777,74788,11
13.0109300613,80.224281311,74788,74798,10
13.0110502243,80.2240219116,74798,74808,10
13.0112400055,80.2236175537,74808,74818,10
13.0114402771,80.2231903076,74818,74828,10
13.0116596222,80.2224502563,74828,74838,10
13.0120601654,80.2217102051,74838,74848,10
13.0124502182,80.221862793,74848,74859,11
13.0129203796,80.2224502563,74859,74869,10
13.013469696,80.2230224609,74869,74879,10
13.0140695572,80.2237091064,74879,74889,10
13.0146799088,80.224357605,74889,74899,10
13.015250206,80.2249298096,74899,74909,10
13.0154104233,80.2250595093,74909,74919,10
13.0154399872,80.2250289917,74919,74929,10
13.0157604218,80.2252807617,74929,74939,10
13.016500473,80.2253723145,74939,74950,11
13.017539978,80.2249832153,74950,74960,10
13.0185203552,80.2245483398,74960,74970,10
13.0195198059,80.2244567871,74970,75020,50
13.0195198059,80.2244567871,75020,75031,11
13.0195798874,80.2245864868,75031,75041,10
13.0199604034,80.2248306274,75041,75051,10
13.0203104019,80.2250823975,75051,75061,10
13.0205602646,80.2252426147,75061,75071,10
13.020819664,80.2254104614,75071,75081,10
13.0210199356,80.2255783081,75081,75091,10
13.0213098526,80.2258071899,75091,75101,10
13.0217399597,80.2261276245,75101,75112,11
13.0222101212,80.2265090942,75112,75122,10
13.0228204727,80.2270584106,75122,75132,10
13.0235595703,80.227722168,75132,75142,10
13.0241003036,80.2282104492,75142,75152,10
13.0242795944,80.2283782959,75152,75162,10
13.0243301392,80.2284317017,75162,75172,10
13.0243902206,80.2285079956,75172,75182,10
13.024310112,80.2286682129,75182,75192,10
13.0240402222,80.2284393311,75192,75203,11
13.0237798691,80.2280578613,75203,75213,10
13.0234098434,80.2277603149,75213,75648,435
13.0234098434,80.2277603149,75648,75658,10
13.0233297348,80.2276000977,75658,75668,10
13.0230903625,80.2273635864,75668,75678,10
13.0227003098,80.2269668579,75678,75688,10
13.0222196579,80.2265167236,75688,75698,10
13.0218000412,80.2261581421,75698,75709,11
13.0212402344,80.2257537842,75709,75719,10
13.0206899643,80.2253265381,75719,75729,10
13.0202102661,80.2249908447,75729,75739,10
13.0197601318,80.2246627808,75739,75749,10
13.0190496445,80.2244415283,75749,75759,10
13.0182800293,80.2246704102,75759,75769,10
13.0174703598,80.2250137329,75769,75779,10
13.0167999268,80.2253036499,75779,75790,11
13.0163898468,80.2255096436,75790,75800,10
13.0159797668,80.2256164551,75800,75810,10
13.0155200958,80.2257995605,75810,75820,10
13.0151500702,80.225982666,75820,75830,10
13.0144701004,80.2262420654,75830,75850,20
13.0144701004,80.2262420654,75850,75860,10
13.0142202377,80.2262802124,75860,75871,11
13.013710022,80.2264785767,75871,75881,10
13.0130996704,80.2267379761,75881,75891,10
13.0124101639,80.2270126343,75891,75901,10
13.0116901398,80.2273101807,75901,75911,10
13.0109300613,80.2276382446,75911,75921,10
13.0101203918,80.2279510498,75921,75931,10
13.0093803406,80.228302002,75931,75941,10
13.0090999603,80.2289199829,75941,75951,10
13.0089702606,80.2294921875,75951,75962,11
13.0088701248,80.2300567627,75962,75972,10
13.008769989,80.2305526733,75972,75982,10
13.0087099075,80.2308807373,75982,75992,10
13.0086402893,80.2312316895,75992,76002,10
13.0084600449,80.2319412231,76002,76012,10
13.0083198547,80.2327194214,76012,76022,10
13.0081796646,80.233581543,76022,76043,21
13.0081796646,80.233581543,76043,76053,10
13.008099556,80.2339019775,76053,76063,10
13.0079803467,80.2344512939,76063,76073,10
13.0078001022,80.2352523804,76073,76083,10
13.0076303482,80.2361984253,76083,76093,10
13.0074396133,80.2372207642,76093,76103,10
13.0072603226,80.2381362915,76103,76113,10
13.0071201324,80.2388763428,76113,76123,10
13.0070295334,80.2395782471,76123,76134,11
13.0069103241,80.2401275635,76134,76215,81
13.0069103241,80.2401275635,76215,76225,10
13.0068302155,80.240737915,76225,76235,10
13.0067300797,80.2413330078,76235,76245,10
13.0066795349,80.2422790527,76245,76255,10
13.0066795349,80.2431411743,76255,76265,10
13.0067396164,80.2437973022,76265,76275,10
13.0067195892,80.2446212769,76275,76285,10
13.0066995621,80.2455291748,76285,76296,11
13.0067396164,80.2462692261,76296,76306,10
13.0067596436,80.2470092773,76306,76316,10
13.0060796738,80.2473373413,76316,76336,20
13.0060796738,80.2473373413,76336,76346,10
13.0059900284,80.2472686768,76346,76356,10
13.0055799484,80.2472763062,76356,76366,10
13.0049200058,80.2473220825,76366,76376,10
13.0040597916,80.247428894,76376,76387,11
13.0029602051,80.2476196289,76387,76397,10
13.0018796921,80.2478637695,76397,76407,10
13.0008201599,80.2481536865,76407,76417,10
12.9997396469,80.2484207153,76417,76427,10
12.9986696243,80.2487030029,76427,76437,10
12.9975700378,80.2489700317,76437,76447,10
12.9965600967,80.2492218018,76447,76457,10
12.9953298569,80.2495269775,76457,76468,11
12.9941196442,80.2498626709,76468,76478,10
12.993060112,80.2501220703,76478,76488,10
12.9920396805,80.2503814697,76488,76498,10
12.9910202026,80.2506637573,76498,76518,20
12.9910202026,80.2506637573,76518,76528,10
12.9907302856,80.2507171631,76528,76538,10
12.9900503159,80.2508926392,76538,76549,11
12.989279747,80.2510528564,76549,76559,10
12.9887599945,80.2511978149,76559,76569,10
12.9881401062,80.2514038086,76569,76579,10
12.9877595901,80.2514801025,76579,76589,10
12.9874401093,80.2515487671,76589,76599,10
12.986869812,80.2517166138,76599,76609,10
12.9863996506,80.2518386841,76609,76619,10
12.9857397079,80.2520065308,76619,76629,10
12.9847898483,80.252243042,76629,76640,11
12.9838399887,80.2524719238,76640,76650,10
12.9832000732,80.2525863647,76650,76660,10
12.9825801849,80.2526626587,76660,76670,10
12.981710434,80.2526779175,76670,76680,10
12.9810199738,80.2527236938,76680,76690,10
12.9805297852,80.2527770996,76690,76700,10
12.9802999496,80.2528076172,76700,76710,10
12.9798402786,80.2527618408,76710,76721,11
12.9791297913,80.2526626587,76721,76731,10
12.9786300659,80.2525634766,76731,76741,10
12.9786396027,80.2525634766,76741,76751,10
12.9783601761,80.2524032593,76751,76761,10
12.9778003693,80.2519378662,76761,76771,10
12.9769697189,80.2513580322,76771,76781,10
12.9759302139,80.2510375977,76781,76791,10
12.9748697281,80.2507171631,76791,76802,11
12.9737195969,80.2503967285,76802,76812,10
12.9728002548,80.2501525879,76812,76822,10
12.9719800949,80.2499313354,76822,76832,10
12.9709997177,80.2496795654,76832,76842,10
12.9699401855,80.2493133545,76842,76852,10
12.9688196182,80.2488632202,76852,76862,10
12.9677295685,80.2484512329,76862,76872,10
12.9669103622,80.2481231689,76872,76882,10
12.9663896561,80.2478408813,76882,76893,11
12.9657297134,80.2475509644,76893,76903,10
12.9651899338,80.2473678589,76903,76913,10
12.9651403427,80.2473602295,76913,76923,10
12.9650497437,80.2473526001,76923,76933,10
12.9644098282,80.2471084595,76933,76963,30
12.9644098282,80.2471084595,76963,76974,11
12.9640197754,80.246963501,76974,76984,10
12.9636697769,80.2468109131,76984,76994,10
12.9630899429,80.2464981079,76994,77004,10
12.9622602463,80.2461013794,77004,77014,10
12.9614200592,80.2456665039,77014,77024,10
12.9605903625,80.2452774048,77024,77034,10
12.9595804214,80.2448730469,77034,77054,20
12.9595804214,80.2448730469,77054,77065,11
12.9592199326,80.2446975708,77065,77075,10
12.9586496353,80.2444076538,77075,77085,10
12.9579696655,80.2441101074,77085,77095,10
12.9573802948,80.2439422607,77095,77105,10
12.956990242,80.2438583374,77105,77156,51
12.9566297531,80.2437515259,77156,77186,30
12.9566297531,80.2437515259,77186,77196,10
12.9564399719,80.2436904907,77196,77206,10
12.956319809,80.2436523438,77206,77216,10
12.9558095932,80.2433319092,77216,77227,11
12.9550199509,80.2429199219,77227,77237,10
12.9542303085,80.2425918579,77237,77247,10
12.9534797668,80.2422637939,77247,77257,10
12.9526596069,80.2419281006,77257,77267,10
12.951880455,80.2416915894,77267,77277,10
12.9516801834,80.2416381836,77277,77287,10
12.9516000748,80.2416000366,77287,77297,10
12.9511995316,80.2414398193,77297,77307,10
12.9505195618,80.2412185669,77307,77318,11
12.9499197006,80.2410507202,77318,77328,10
12.9498996735,80.2410507202,77328,77338,10
12.949640274,80.2409667969,77338,77348,10
12.949640274,80.2409667969,77348,77358,10
12.9492301941,80.2408599854,77358,77368,10
12.9487199783,80.2406387329,77368,77378,10
12.9479398727,80.2403030396,77378,77388,10
12.9472198486,80.2400512695,77388,77399,11
12.9470996857,80.2399673462,77399,77411,12
12.9467496872,80.2398071289,77411,77421,10
12.9458999634,80.239440918,77421,77432,11
12.945110321,80.2389373779,77432,77442,10
12.9441995621,80.237991333,77442,77452,10
12.94328022,80.2369766235,77452,77463,11
12.9420604706,80.236328125,77463,77473,10
12.940870285,80.2360534668,77473,77484,11
12.9402198792,80.2358932495,77484,77494,10
12.9397802353,80.2358016968,77494,77504,10
12.9397201538,80.2357635498,77504,77514,10
12.939499855,80.2356185913,77514,77524,10
12.9389200211,80.2353210449,77524,77534,10
12.9381599426,80.2349319458,77534,77544,10
12.9371404648,80.2344207764,77544,77554,10
12.9359798431,80.2339019775,77554,77565,11
12.9347801208,80.2333374023,77565,77575,10
12.9339399338,80.2329788208,77575,77585,10
12.9337902069,80.2329025269,77585,77595,10
12.9336700439,80.2328186035,77595,77605,10
12.933139801,80.2325820923,77605,77615,10
12.9323101044,80.2322769165,77615,77625,10
12.9312696457,80.2319107056,77625,77635,10
12.9301795959,80.2315826416,77635,77645,10
12.9291400909,80.2313766479,77645,77656,11
12.927980423,80.2311706543,77656,77666,10
12.9267501831,80.2310333252,77666,77676,10
12.9259796143,80.2309799194,77676,77686,10
12.9259395599,80.2309799194,77686,77696,10
12.9255304337,80.2309265137,77696,77706,10
12.9248199463,80.2308425903,77706,77716,10
12.9238796234,80.2307128906,77716,77726,10
12.9227399826,80.2305526733,77726,77737,11
12.9213399887,80.2303390503,77737,77747,10
12.9199495316,80.2301712036,77747,77757,10
12.9185199738,80.2299880981,77757,77767,10
12.9173498154,80.2298431396,77767,77777,10
12.9166603088,80.2297134399,77777,77787,10
12.9156999588,80.2295837402,77787,77797,10
12.9145498276,80.2294235229,77797,77807,10
12.9134902954,80.2293167114,77807,77817,10
12.9132604599,80.2292785645,77817,77828,11
12.9130601883,80.2292327881,77828,77838,10
12.9124403,80.2291412354,77838,77848,10
12.9115495682,80.2289962769,77848,77858,10
12.9104003906,80.2288284302,77858,77868,10
12.9091901779,80.2286376953,77868,77878,10
12.9080200195,80.2284469604,77878,77888,10
12.9069700241,80.2283477783,77888,77969,81
12.9069700241,80.2283477783,77969,77979,10
12.9067201614,80.2282409668,77979,77990,11
12.9060897827,80.2282028198,77990,78000,10
12.9052801132,80.2281494141,78000,78010,10
12.9043798447,80.2281036377,78010,78020,10
12.9033603668,80.2280578613,78020,78030,10
12.9026699066,80.2280578613,78030,78040,10
12.902589798,80.2280578613,78040,78050,10
12.9022302628,80.2280273438,78050,78060,10
12.901599884,80.2279891968,78060,78070,10
12.9011297226,80.228012085,78070,78182,112
12.9011297226,80.228012085,78182,78192,10
12.9007501602,80.2279663086,78192,78202,10
12.9001398087,80.2279205322,78202,78212,10
12.8995599747,80.227897644,78212,78222,10
12.8995399475,80.227897644,78222,78232,10
12.8994703293,80.2278900146,78232,78243,11
12.8989601135,80.2278518677,78243,78253,10
12.8981895447,80.2277984619,78253,78263,10
12.8971700668,80.2277297974,78263,78273,10
12.8959798813,80.2276763916,78273,78283,10
12.8948097229,80.2276306152,78283,78293,10
12.8939199448,80.2275772095,78293,78303,10
12.8921003342,80.2273864746,78303,78313,10
12.8905801773,80.2273712158,78313,78323,10
12.8891401291,80.2273864746,78323,78334,11
12.8877401352,80.2273025513,78334,78344,10
12.8864498138,80.2270812988,78344,78354,10
12.8851900101,80.2267913818,78354,78374,20
12.8851900101,80.2267913818,78374,78384,10
12.8849496841,80.2267532349,78384,78394,10
12.8843202591,80.2267227173,78394,78404,10
12.8833799362,80.2267227173,78404,78415,11
12.8820495605,80.2267379761,78415,78425,10
12.880689621,80.2267532349,78425,78435,10
12.8793001175,80.2267837524,78435,78445,10
12.8779602051,80.226852417,78445,78455,10
12.8771495819,80.2269210815,78455,78465,10
12.8767004013,80.2269897461,78465,78475,10
12.8765096664,80.2269973755,78475,78485,10
12.87637043,80.2269973755,78485,78496,11
12.8756999969,80.2269821167,78496,78506,10
12.8747301102,80.2268829346,78506,78516,10
12.8735904694,80.2267379761,78516,78526,10
12.872710228,80.2266998291,78526,78536,10
12.8715496063,80.2266616821,78536,78546,10
12.8701601028,80.2265777588,78546,78556,10
12.8686304092,80.2264022827,78556,78566,10
12.8670196533,80.2265014648,78566,78576,10
12.8653898239,80.2265930176,78576,78587,11
12.8635797501,80.2265396118,78587,78597,10
12.8620700836,80.2265777588,78597,78607,10
12.8609600067,80.2266235352,78607,78617,10
12.8608798981,80.226600647,78617,78627,10
12.8604602814,80.2265396118,78627,78637,10
12.8597297668,80.2264404297,78637,78647,10
12.858499527,80.2262802124,78647,78657,10
12.8571395874,80.2262878418,78657,78668,11
12.8554801941,80.2264633179,78668,78678,10
12.8538703918,80.2266387939,78678,78688,10
12.8522596359,80.2266921997,78688,78698,10
12.8508501053,80.2266387939,78698,78708,10
12.8501996994,80.2266311646,78708,78718,10
12.8500099182,80.2266082764,78718,78728,10
12.8493995667,80.2265777588,78728,78738,10
12.8483896255,80.2265701294,78738,78748,10
12.8471403122,80.2265777588,78748,78759,11
12.8459300995,80.226600647,78759,78769,10
12.8454399109,80.2266235352,78769,78779,10
12.8453903198,80.2266082764,78779,78789,10
12.8449001312,80.2266235352,78789,78799,10
12.8439998627,80.2266998291,78799,78809,10
12.8428602219,80.2268829346,78809,78819,10
12.8415899277,80.2271499634,78819,78829,10
12.8405103683,80.2274627686,78829,78840,11
12.8399000168,80.2276229858,78840,78870,30
12.8399000168,80.2276229858,78870,78880,10
12.839679718,80.2276992798,78880,78890,10
12.8393096924,80.2278137207,78890,78900,10
12.8385000229,80.2280426025,78900,78910,10
12.8373498917,80.2282791138,78910,78921,11
12.8358097076,80.2285003662,78921,78931,10
12.8342399597,80.2287521362,78931,78941,10
12.8327102661,80.2290420532,78941,78951,10
12.8320798874,80.2291793823,78951,78961,10
12.8318195343,80.2291870117,78961,78971,10
12.8311300278,80.2293930054,78971,78981,10
12.8301296234,80.2297515869,78981,78990,9
12.8290596008,80.2301864624,78990,79001,11
12.8276395798,80.2309570313,79001,79012,11
12.826089859,80.2313766479,79012,79022,10
12.8252401352,80.2314605713,79022,79032,10
12.8245601654,80.2313766479,79032,79042,10
12.8235397339,80.2310714722,79042,79052,10
12.8222999573,80.230682373,79052,79062,10
12.8209104538,80.2304534912,79062,79072,10
12.8194904327,80.2304992676,79072,79082,10
12.8188495636,80.23046875,79082,79093,11
12.8184299469,80.2302627563,79093,79103,10
12.8176002502,80.2298583984,79103,79113,10
12.8164100647,80.2294921875,79113,79123,10
12.8149900436,80.2292785645,79123,79133,10
12.8134803772,80.2289428711,79133,79143,10
12.8119497299,80.2284088135,79143,79153,10
12.8104295731,80.2278137207,79153,79163,10
12.8091001511,80.2271575928,79163,79173,10
12.8079795837,80.2262420654,79173,79184,11
12.8069601059,80.2253723145,79184,79194,10
12.8061504364,80.2246322632,79194,79204,10
12.8053598404,80.224067688,79204,79214,10
12.8049602509,80.223991394,79214,79224,10
12.804889679,80.2239608765,79224,79234,10
12.804400444,80.2238998413,79234,79244,10
12.8036003113,80.2238464355,79244,79254,10
12.8028202057,80.2237625122,79254,79265,11
12.8017501831,80.2236175537,79265,79275,10
12.8009700775,80.2235717773,79275,79285,10
12.8007497787,80.2235488892,79285,79295,10
12.8000802994,80.2234725952,79295,79305,10
12.7990598679,80.2234115601,79305,79315,10
12.7978401184,80.2232208252,79315,79325,10
12.7965698242,80.2229995728,79325,79335,10
12.79529953,80.2227783203,79335,79346,11
12.7938699722,80.2225570679,79346,79356,10
12.7925395966,80.2223587036,79356,79366,10
12.7912797928,80.2220535278,79366,79376,10
12.7901601791,80.2217712402,79376,79386,10
12.7894201279,80.2215423584,79386,79396,10
12.7887401581,80.2212982178,79396,79406,10
12.7879896164,80.2210083008,79406,79416,10
12.7873096466,80.2207489014,79416,79426,10
12.7864704132,80.2204284668,79426,79457,31
12.7864704132,80.2204284668,79457,79467,10
12.7862796783,80.2203598022,79467,79477,10
12.7861700058,80.2204971313,79477,79487,10
12.7861604691,80.2208480835,79487,79497,10
12.7861795425,80.2212295532,79497,79507,10
12.786239624,80.2220001221,79507,79750,243
12.786239624,80.2220001221,79750,79760,10
12.7861795425,80.2216567993,79760,79821,61
12.7861795425,80.2216567993,79821,79831,10
12.7862100601,80.2215270996,79831,79841,10
12.786190033,80.2212524414,79841,79851,10
12.7861604691,80.2208099365,79851,79862,11
12.7861604691,80.2203903198,79862,79872,10
12.7862100601,80.2202911377,79872,79882,10
12.7864103317,80.2203369141,79882,79892,10
12.7864904404,80.2203979492,79892,79902,10
12.7868995667,80.2205810547,79902,79912,10
12.7875900269,80.2208480835,79912,79922,10
12.7883501053,80.2211608887,79922,79932,10
12.7892303467,80.221496582,79932,79943,11
12.7898101807,80.2216873169,79943,79953,10
12.7905397415,80.2218704224,79953,79963,10
12.7915802002,80.2221298218,79963,79973,10
12.7928199768,80.2223968506,79973,79983,10
12.7941198349,80.2225875854,79983,79993,10
12.7954101563,80.2228012085,79993,80003,10
12.7963600159,80.2229537964,80003,80013,10
12.7966299057,80.2229919434,80013,80024,11
12.7973203659,80.2231292725,80024,80034,10
12.798210144,80.2232437134,80034,80044,10
12.799200058,80.2233505249,80044,80054,10
12.8003997803,80.2234573364,80054,80064,10
12.80148983,80.2235717773,80064,80074,10
12.8024597168,80.2236785889,80074,80084,10
12.8033103943,80.2238082886,80084,80094,10
12.8041000366,80.2238616943,80094,80104,10
12.8050203323,80.2239837646,80104,80115,11
12.8058900833,80.2243881226,80115,80125,10
12.8066997528,80.2251205444,80125,80135,10
12.807559967,80.2258605957,80135,80145,10
12.8085002899,80.2266693115,80145,80155,10
12.8093299866,80.2273101807,80155,80165,10
12.8101301193,80.2276687622,80165,80175,10
12.8111801147,80.2281417847,80175,80185,10
12.8124599457,80.2285995483,80185,80196,11
12.8139095306,80.229057312,80196,80206,10
12.8153896332,80.2293167114,80206,80216,10
12.81690979,80.2295684814,80216,80226,10
12.818189621,80.2301101685,80226,80236,10
12.8193902969,80.2304611206,80236,80246,10
12.8205900192,80.2304077148,80246,80256,10
12.8219003677,80.2305297852,80256,80266,10
12.823220253,80.2309265137,80266,80277,11
12.824640274,80.2312774658,80277,80287,10
12.8258695602,80.2313232422,80287,80297,10
12.8262395859,80.2312927246,80297,80307,10
12.8268604279,80.2312088013,80307,80317,10
12.8277397156,80.2308425903,80317,80327,10
12.8287000656,80.2303009033,80327,80337,10
12.8298501968,80.2297897339,80337,80347,10
12.8311300278,80.229309082,80347,80357,10
12.8321695328,80.2290267944,80357,80368,11
12.8334102631,80.2287979126,80368,80378,10
12.8345403671,80.2285995483,80378,80388,10
12.8355798721,80.2284469604,80388,80398,10
12.8367204666,80.2282791138,80398,80408,10
12.8379497528,80.2280731201,80408,80418,10
12.8388595581,80.2278366089,80418,80428,10
12.8393201828,80.2276306152,80428,80438,10
12.8394403458,80.2276000977,80438,80449,11
12.8395900726,80.2275619507,80449,80459,10
12.8401403427,80.2274475098,80459,80469,10
12.840959549,80.2272567749,80469,80479,10
12.842040062,80.2269821167,80479,80489,10
12.8431501389,80.2267837524,80489,80499,10
12.8441495895,80.2266311646,80499,80509,10
12.845199585,80.2265319824,80509,80519,10
12.8461399078,80.2265167236,80519,80529,10
12.8471498489,80.2265090942,80529,80540,11
12.8484802246,80.2265167236,80540,80550,10
12.8497695923,80.2265167236,80550,80560,10
12.850810051,80.2265319824,80560,80570,10
12.852060318,80.2265930176,80570,80580,10
12.8534097672,80.2266082764,80580,80590,10
12.8547697067,80.2264709473,80590,80600,10
12.8561601639,80.2263183594,80600,80610,10
12.8575401306,80.2261810303,80610,80621,11
12.8586797714,80.2261962891,80621,80631,10
12.8598403931,80.2263793945,80631,80641,10
12.8612203598,80.2265090942,80641,80651,10
12.8626699448,80.2264633179,80651,80661,10
12.8641195297,80.2264785767,80661,80671,10
12.8654699326,80.2265396118,80671,80681,10
12.8667001724,80.2264633179,80681,80691,10
12.8678398132,80.226348877,80691,80701,10
12.8691701889,80.2263870239,80701,80712,11
12.870759964,80.2265625,80712,80722,10
12.8722295761,80.226600647,80722,80732,10
12.8729696274,80.2266082764,80732,80742,10
12.8732204437,80.2266235352,80742,80752,10
12.8739099503,80.2266693115,80752,80762,10
12.8749704361,80.2267990112,80762,80772,10
12.8761301041,80.2268829346,80772,80782,10
12.8765602112,80.2268829346,80782,80793,11
12.8772602081,80.2268218994,80793,80803,10
12.8782701492,80.2267379761,80803,80813,10
12.8794698715,80.2266998291,80813,80823,10
12.8808002472,80.2266693115,80823,80833,10
12.8821697235,80.2266616821,80833,80843,10
12.8835096359,80.2266387939,80843,80853,10
12.8846597672,80.2266311646,80853,80863,10
12.8857898712,80.2267990112,80863,80874,11
12.887140274,80.227142334,80874,80884,10
12.888420105,80.2272796631,80884,80894,10
12.889840126,80.2272872925,80894,80904,10
12.8909902573,80.2272796631,80904,80914,10
12.8926200867,80.2273406982,80914,80924,10
12.8939399719,80.2275085449,80924,80934,10
12.8952503204,80.2276000977,80934,80944,10
12.8967103958,80.2276535034,80944,80954,10
12.8982000351,80.2277069092,80954,80965,11
12.899600029,80.2277908325,80965,80975,10
12.9002599716,80.2277984619,80975,80985,10
12.9009504318,80.2278518677,80985,80995,10
12.90143013,80.2278823853,80995,81005,10
12.9020900726,80.2279129028,81005,81015,10
12.9026002884,80.2279510498,81015,81025,10
12.9027700424,80.2279815674,81025,81035,10
12.9034700394,80.2280273438,81035,81046,11
12.9047203064,80.2281036377,81046,81056,10
12.9060602188,80.2281494141,81056,81066,10
12.9069299698,80.2282028198,81066,81076,10
12.9072999954,80.2282562256,81076,81086,10
12.9081201553,80.2284011841,81086,81096,10
12.9092502594,80.2285919189,81096,81106,10
12.9105501175,80.2287979126,81106,81116,10
12.911740303,80.2289810181,81116,81126,10
12.9132003784,80.2291717529,81126,81137,11
12.9141702652,80.2292861938,81137,81147,10
12.9144496918,80.229347229,81147,81157,10
12.9151296616,80.2294387817,81157,81167,10
12.9161996841,80.2296066284,81167,81177,10
12.9173603058,80.2297592163,81177,81187,10
12.9184303284,80.2299118042,81187,81197,10
12.9196996689,80.2300796509,81197,81207,10
12.9210596085,80.2302398682,81207,81218,11
12.9225797653,80.23046875,81218,81228,10
12.9239997864,80.230682373,81228,81238,10
12.9253997803,80.2308502197,81238,81248,10
12.926779747,80.2310180664,81248,81258,10
12.928030014,80.2311477661,81258,81268,10
12.9287004471,80.2312164307,81268,81278,10
12.9292201996,80.2313232422,81278,81288,10
12.9300699234,80.2315292358,81288,81299,11
12.9313097,80.2319030762,81299,81309,10
12.932559967,80.2323226929,81309,81319,10
12.9338102341,80.2328491211,81319,81329,10
12.9350299835,80.2333984375,81329,81339,10
12.9356803894,80.2336730957,81339,81349,10
12.9356899261,80.2336807251,81349,81359,10
12.9357795715,80.233757019,81359,81369,10
12.9362897873,80.2339706421,81369,81379,10
12.9371299744,80.2343978882,81379,81390,11
12.9383497238,80.2350006104,81390,81400,10
12.9395198822,80.2355880737,81400,81410,10
12.9407396317,80.2360305786,81410,81420,10
12.942029953,80.2363510132,81420,81430,10
12.9432401657,80.2369613647,81430,81440,10
12.9442396164,80.2380371094,81440,81450,10
12.9452600479,80.2390975952,81450,81460,10
12.9463195801,80.2396469116,81460,81471,11
12.9476804733,80.2401733398,81471,81481,10
12.9486198425,80.2405166626,81481,81491,10
12.948800087,80.2406005859,81491,81501,10
12.9488096237,80.2406616211,81501,81511,10
12.9492197037,80.2408294678,81511,81521,10
12.9500303268,80.2410964966,81521,81531,10
12.9511604309,80.2414474487,81531,81541,10
12.9523096085,80.2418518066,81541,81552,11
12.9536504745,80.2423629761,81552,81562,10
12.9547595978,80.2427825928,81562,81572,10
12.9560203552,80.2432785034,81572,81643,71
12.9560203552,80.2432785034,81643,81653,10
12.9563703537,80.2433776855,81653,81663,10
12.9565601349,80.2434463501,81663,81673,10
12.957110405,80.2437362671,81673,81683,10
12.9580097198,80.2441101074,81683,81693,10
12.9588499069,80.244468689,81693,81703,10
12.9591598511,80.2445983887,81703,81713,10
12.9593896866,80.2447280884,81713,81724,11
12.960100174,80.245010376,81724,81734,10
12.9610900879,80.2454681396,81734,81744,10
12.9623098373,80.2460784912,81744,81754,10
12.9633197784,80.2465515137,81754,81764,10
12.9634199142,80.24659729,81764,81774,10
12.9634799957,80.2466430664,81774,81784,10
12.9639997482,80.2468566895,81784,81794,10
12.9649200439,80.2472076416,81794,81804,10
12.9660596848,80.2476119995,81804,81815,11
12.967300415,80.2482070923,81815,81825,10
12.9685602188,80.2487182617,81825,81835,10
12.9699001312,80.2492370605,81835,81845,10
12.9712495804,80.249710083,81845,81855,10
12.9726104736,80.2500686646,81855,81865,10
12.9739198685,80.2504196167,81865,81875,10
12.9751796722,80.2507781982,81875,81885,10
12.9763202667,80.2511062622,81885,81896,11
12.977689743,80.251739502,81896,81906,10
12.9787101746,80.2524719238,81906,81916,10
12.9795303345,80.2526092529,81916,81926,10
12.9799900055,80.2526626587,81926,81936,10
12.980509758,80.2526626587,81936,81966,30
12.980509758,80.2526626587,81966,81977,11
12.9807796478,80.2526779175,81977,82068,91
12.9807796478,80.2526779175,82068,82078,10
12.9810495377,80.2526473999,82078,82088,10
12.9815502167,80.2526397705,82088,82098,10
12.982170105,80.2526168823,82098,82108,10
12.982460022,80.2526016235,82108,82118,10
12.9827203751,80.2525863647,82118,82128,10
12.9831895828,80.2525405884,82128,82138,10
12.9835500717,80.2524795532,82138,82149,11
12.9840602875,80.2523574829,82149,82159,10
12.9844198227,80.2522735596,82159,82169,10
12.984749794,80.2521820068,82169,82179,10
12.9847602844,80.252166748,82179,82189,10
12.9849300385,80.2521209717,82189,82199,10
12.9850196838,80.2520904541,82199,82209,10
12.9853096008,80.2519989014,82209,82219,10
12.9856395721,80.2519226074,82219,82240,21
12.9856395721,80.2519226074,82240,82250,10
12.985710144,80.251953125,82250,82260,10
12.9860897064,80.2517929077,82260,82331,71
12.9860897064,80.2517929077,82331,82341,10
12.9863395691,80.2516784668,82341,82351,10
12.9867897034,80.2515716553,82351,82361,10
12.9874801636,80.2513809204,82361,82371,10
12.9878196716,80.2513580322,82371,82381,10
12.9879398346,80.2516708374,82381,82391,10
12.9879999161,80.2521133423,82391,82402,11
12.9879398346,80.2530670166,82402,82412,10
12.9878396988,80.2539596558,82412,82422,10
12.9878196716,80.2546615601,82422,82432,10
12.9878101349,80.2548217773,82432,82442,10
12.9877700806,80.2551498413,82442,82452,10
12.9877700806,80.2554779053,82452,82462,10
12.9876804352,80.2558517456,82462,82472,10
12.9876098633,80.2561035156,82472,82483,11
12.987569809,80.2563171387,82483,82493,10
12.9875402451,80.2568130493,82493,82503,10
12.9874897003,80.2574920654,82503,82513,10
12.9874401093,80.2581100464,82513,82523,10
12.9874000549,80.2583999634,82523,82533,10
12.9873895645,80.2584686279,82533,82543,10
12.9873399734,80.2590866089,82543,82553,10
12.9872503281,80.2593994141,82553,82563,10
12.9871997833,80.2595825195,82563,82584,21
12.9871997833,80.2595825195,82584,82594,10
12.9870996475,80.2595825195,82594,82604,10
12.9868402481,80.2595367432,82604,82877,273
12.9868402481,80.2595367432,82877,82887,10
12.9866104126,80.2595062256,82887,82897,10
12.9866695404,80.2590637207,82897,84112,1215
12.9865503311,80.2592391968,84112,84324,212
12.9864997864,80.2590866089,84324,84507,183
12.9865398407,80.2593078613,84507,84932,425
