13.0140695572,80.2255477905,17,2367,2350
13.0141000748,80.2255935669,2367,2871,504
13.0141000748,80.2255020142,2871,4846,1975
13.0142097473,80.2254180908,4846,5159,313
13.014169693,80.2255706787,5159,5340,181
13.0140695572,80.2255401611,5340,5441,101
13.0141601563,80.2254867554,5441,7800,2359
13.0140895844,80.2255783081,7800,7871,71
13.0140895844,80.2255783081,7871,7881,10
13.0140199661,80.2256622314,7881,8949,1068
13.0142402649,80.2255401611,8949,9818,869
13.0140600204,80.2255935669,9818,13679,3861
13.0140600204,80.2255935669,13679,13689,10
13.014169693,80.2256469727,13689,15150,1461
13.014169693,80.2256469727,15150,15160,10
13.0140800476,80.2254562378,15160,17166,2006
13.0141401291,80.2255401611,17166,17196,30
13.0141401291,80.2255401611,17196,17206,10
13.0140695572,80.225479126,17206,17368,162
13.014169693,80.2256774902,17368,17700,332
13.0141401291,80.2255783081,17700,19865,2165
13.0141096115,80.2256317139,19865,19956,91
13.0141096115,80.2255783081,19956,20067,111
13.0140104294,80.2255783081,20067,20692,625
13.0141801834,80.2255096436,20692,22475,1783
13.0141801834,80.2255096436,22475,22486,11
13.0142097473,80.2260513306,22486,22506,20
13.0142097473,80.2260513306,22506,22516,10
13.0142097473,80.2262802124,22516,22526,10
13.0139503479,80.2263870239,22526,22536,10
13.0132799149,80.2266082764,22536,22546,10
13.0125303268,80.2268981934,22546,22556,10
13.0115995407,80.2272491455,22556,22566,10
13.0106496811,80.2276229858,22566,22576,10
13.0097999573,80.2278900146,22576,22586,10
13.0096302032,80.2273635864,22586,22596,10
13.0099802017,80.2266769409,22596,22607,11
13.0103998184,80.2255783081,22607,22617,10
13.0109195709,80.2246170044,22617,22627,10
13.0112304688,80.2236175537,22627,22637,10
13.0115604401,80.2227325439,22637,22647,10
13.0118598938,80.221862793,22647,22657,10
13.0121097565,80.2211227417,22657,22667,10
13.0119695663,80.2203979492,22667,22677,10
13.0116596222,80.2194900513,22677,22687,10
13.0113601685,80.218536377,22687,22697,10
13.01101017,80.2175827026,22697,22707,10
13.0106601715,80.2167510986,22707,22717,10
13.0102500916,80.2160263062,22717,22734,17
13.0094900131,80.2147674561,22734,22746,12
13.0087995529,80.2138519287,22746,22756,10
13.0083999634,80.2134628296,22756,22765,9
13.0081596375,80.2133178711,22765,22786,21
13.0081596375,80.2133178711,22786,22795,9
13.0079298019,80.2132034302,22795,22805,10
13.0075302124,80.2129135132,22805,22816,11
13.0068397522,80.2127609253,22816,22826,10
13.0061798096,80.2128829956,22826,22836,10
13.0055398941,80.2128372192,22836,22846,10
13.0048503876,80.2124786377,22846,22856,10
13.0040903091,80.2121582031,22856,22868,12
13.0031404495,80.2121124268,22868,22878,10
13.0025596619,80.2121429443,22878,22888,10
13.0023097992,80.2122421265,22888,22898,10
13.0020198822,80.2124099731,22898,22907,9
13.0015802383,80.2127304077,22907,22918,11
13.000869751,80.2133026123,22918,22928,10
13.0002698898,80.2138366699,22928,22938,10
12.9996900558,80.21434021,22938,22948,10
12.9992198944,80.2147369385,22948,22958,10
12.9989500046,80.2149505615,22958,22968,10
12.998459816,80.2153396606,22968,22978,10
12.9977703094,80.2159194946,22978,22988,10
12.9975595474,80.2161407471,22988,22999,11
12.9973201752,80.2164001465,22999,23009,10
12.996919632,80.2165298462,23009,23019,10
12.9962396622,80.2166366577,23019,23029,10
12.9954099655,80.2169189453,23029,23039,10
12.994600296,80.2174606323,23039,23049,10
12.9938201904,80.2180023193,23049,23059,10
12.9930295944,80.2185821533,23059,23069,10
12.9921598434,80.2192230225,23069,23079,10
12.9912395477,80.2198562622,23079,23089,10
12.9907302856,80.2202606201,23089,23099,10
12.9904699326,80.2204818726,23099,23109,10
12.9899396896,80.2209091187,23109,23119,10
12.9893102646,80.2216262817,23119,23130,11
12.9885196686,80.2225723267,23130,23146,16
12.9872398376,80.2230377197,23146,23158,12
12.9862499237,80.2229385376,23158,23168,10
12.9856300354,80.2231216431,23168,23178,10
12.9849996567,80.2231674194,23178,23188,10
12.9841899872,80.2227172852,23188,23197,9
12.9836196899,80.2224502563,23197,23208,11
12.9830799103,80.2221221924,23208,23217,9
12.98279953,80.2219772339,23217,23230,13
12.982049942,80.2217178345,23230,23240,10
12.9813804626,80.221282959,23240,23250,10
12.9804496765,80.2210769653,23250,23261,11
12.979180336,80.2211608887,23261,23271,10
12.9781904221,80.2211837769,23271,23281,10
12.9773597717,80.2212295532,23281,23291,10
12.9764299393,80.2212600708,23291,23301,10
12.9758300781,80.2211914063,23301,23324,23
12.9755296707,80.2209091187,23324,23336,12
12.9753198624,80.2207489014,23336,23346,10
12.9747200012,80.2204437256,23346,23356,10
12.9738903046,80.2201004028,23356,23366,10
12.9728403091,80.2197494507,23366,23376,10
12.9718704224,80.2193832397,23376,23387,11
12.9706001282,80.2188796997,23387,23397,10
12.9695596695,80.218460083,23397,23407,10
12.968580246,80.2180786133,23407,23416,9
12.9677495956,80.2177581787,23416,23427,11
12.9667701721,80.2173690796,23427,23437,10
12.9659795761,80.2170410156,23437,23447,10
12.9647397995,80.2165603638,23447,23457,10
12.9638996124,80.2162017822,23457,23467,10
12.9632902145,80.2158813477,23467,23477,10
12.9624795914,80.2155532837,23477,23487,10
12.9614496231,80.2151565552,23487,23497,10
12.9603700638,80.2147369385,23497,23508,11
12.9591703415,80.2142791748,23508,23518,10
12.9580898285,80.2138366699,23518,23528,10
12.9570102692,80.2134017944,23528,23538,10
12.9559402466,80.2129898071,23538,23548,10
12.9548397064,80.212562561,23548,23558,10
12.9537601471,80.2121276855,23558,23568,10
12.9526796341,80.2117004395,23568,23578,10
12.9516000748,80.2112808228,23578,23588,10
12.9505195618,80.2108535767,23588,23598,10
12.9495201111,80.2104568481,23598,23608,10
12.948559761,80.2100830078,23608,23618,10
12.947520256,80.2096633911,23618,23628,10
12.9463100433,80.2091827393,23628,23639,11
12.9449901581,80.2086334229,23639,23649,10
12.944270134,80.2083511353,23649,23659,10
12.9441604614,80.2083129883,23659,23669,10
12.9437398911,80.2081375122,23669,23679,10
12.9430704117,80.2077789307,23679,23689,10
12.9424495697,80.2070083618,23689,23699,10
12.9415903091,80.2063064575,23699,23715,16
12.9406204224,80.2058181763,23715,23727,12
12.9396600723,80.2055435181,23727,23737,10
12.9388999939,80.2053070068,23737,23746,9
12.9377202988,80.2049636841,23746,23756,10
12.9366197586,80.2046508789,23756,23767,11
12.9353904724,80.2042694092,23767,23781,14
12.9341402054,80.203956604,23781,23791,10
12.9336500168,80.2039337158,23791,23800,9
12.9332504272,80.2038269043,23800,23811,11
12.9324903488,80.2035217285,23811,23821,10
12.931599617,80.2032318115,23821,23831,10
12.9306097031,80.2029266357,23831,23841,10
12.929599762,80.2027816772,23841,23851,10
12.9287500381,80.2026596069,23851,23861,10
12.9284601212,80.2020568848,23861,23871,10
12.928440094,80.2010803223,23871,23881,10
12.9283704758,80.1999206543,23881,23892,11
12.9278898239,80.1987228394,23892,23902,10
12.9271001816,80.197883606,23902,23912,10
12.9262399673,80.1975631714,23912,23922,10
12.9260902405,80.1975402832,23922,23932,10
12.9256000519,80.197517395,23932,23942,10
12.9252996445,80.1975097656,23942,23952,10
12.9247198105,80.1975097656,23952,23962,10
12.9238901138,80.1974868774,23962,23978,16
12.9222803116,80.1972885132,23978,23990,12
12.9212303162,80.1969909668,23990,24000,10
12.9204797745,80.1967315674,24000,24010,10
12.9198999405,80.1965179443,24010,24021,11
12.9191598892,80.1961135864,24021,24030,9
12.9185695648,80.195602417,24030,24041,11
12.9178199768,80.1949081421,24041,24051,10
12.9172096252,80.1942977905,24051,24061,10
12.9170103073,80.1938400269,24061,24070,9
12.9170198441,80.1931762695,24070,24081,11
12.917140007,80.1924209595,24081,24091,10
12.9172401428,80.1915664673,24091,24101,10
12.9172401428,80.1914901733,24101,24111,10
12.9173002243,80.1912918091,24111,24121,10
12.9173603058,80.1907196045,24121,24131,10
12.9174604416,80.1898574829,24131,24141,10
12.917840004,80.1889038086,24141,24152,11
12.9186697006,80.1878967285,24152,24162,10
12.9194803238,80.1870117188,24162,24172,10
12.920249939,80.1861495972,24172,24182,10
12.9205102921,80.1851425171,24182,24192,10
12.9202404022,80.1839904785,24192,24202,10
12.9199895859,80.1828765869,24202,24212,10
12.9199104309,80.1825714111,24212,24222,10
12.919839859,80.1822280884,24222,24232,10
12.9196996689,80.1815414429,24232,24242,10
12.9195203781,80.1806793213,24242,24252,10
12.9192895889,80.1796188354,24252,24262,10
12.9187002182,80.1786804199,24262,24273,11
12.9182100296,80.1775436401,24273,24283,10
12.9183998108,80.1763763428,24283,24293,10
12.9186897278,80.1752700806,24293,24303,10
12.918970108,80.1741485596,24303,24313,10
12.919260025,80.1729812622,24313,24323,10
12.9195604324,80.1717987061,24323,24333,10
12.9197702408,80.1710128784,24333,24343,10
12.919839859,80.1709594727,24343,24353,10
12.919960022,80.1705703735,24353,24363,10
12.9201803207,80.1698608398,24363,24373,10
12.9204702377,80.1688995361,24373,24383,10
12.9208202362,80.1677627563,24383,24393,10
12.9211797714,80.1666412354,24393,24404,11
12.9215898514,80.165397644,24404,24414,10
12.9219503403,80.1642837524,24414,24424,10
12.9222803116,80.1631698608,24424,24434,10
12.9226303101,80.162071228,24434,24450,16
12.9231996536,80.1602935791,24450,24462,12
12.9234104156,80.1588668823,24462,24470,8
12.923500061,80.1578979492,24470,24482,12
12.923620224,80.156578064,24482,24491,9
12.9235296249,80.1554336548,24491,24502,11
12.9233703613,80.154876709,24502,24512,10
12.9233198166,80.1546096802,24512,24523,11
12.9231996536,80.1540222168,24523,24533,10
12.9230003357,80.1532363892,24533,24542,9
12.9227895737,80.1523971558,24542,24553,11
12.9226999283,80.1519012451,24553,24563,10
12.9226799011,80.1516113281,24563,24573,10
12.922659874,80.1509017944,24573,24583,10
12.9226303101,80.1499099731,24583,24593,10
12.9225702286,80.1487426758,24593,24603,10
12.9225597382,80.1475982666,24603,24613,10
12.9225502014,80.1469116211,24613,24623,10
12.9225597382,80.1467208862,24623,24633,10
12.9225597382,80.1461486816,24633,24643,10
12.9225301743,80.1453399658,24643,24653,10
12.9225101471,80.1443634033,24653,24664,11
12.9224796295,80.1435394287,24664,24680,16
12.9224500656,80.1432189941,24680,24692,12
12.9224395752,80.1427764893,24692,24702,10
12.9224500656,80.1424713135,24702,24712,10
12.922419548,80.1418914795,24712,24722,10
12.9223899841,80.1415023804,24722,24732,10
12.922369957,80.141242981,24732,24742,10
12.9223804474,80.1407012939,24742,24752,10
12.9223804474,80.1402893066,24752,24762,10
12.9223899841,80.1395797729,24762,24772,10
12.9224004745,80.1387329102,24772,24782,10
12.9224395752,80.1382217407,24782,24793,11
12.9224796295,80.1374816895,24793,24803,10
12.9225301743,80.1365127563,24803,24813,10
12.9225702286,80.1353530884,24813,24823,10
12.9226198196,80.1341781616,24823,24833,10
12.922659874,80.1330108643,24833,24843,10
12.9227199554,80.1318588257,24843,24853,10
12.9227600098,80.1306762695,24853,24863,10
12.9228096008,80.129699707,24863,24873,10
12.9228601456,80.1287765503,24873,24883,10
12.9229001999,80.1277694702,24883,24893,10
12.9229202271,80.1266403198,24893,24903,10
12.9229602814,80.1254882813,24903,24914,11
12.9230203629,80.1242370605,24914,24924,10
12.9230604172,80.1230773926,24924,24934,10
12.923119545,80.1219177246,24934,24943,9
12.9231996536,80.1206665039,24943,24964,21
12.9231996536,80.1206665039,24964,24974,10
12.9232501984,80.1204910278,24974,24984,10
12.9232797623,80.1203918457,24984,24994,10
12.9232997894,80.1199264526,24994,25004,10
12.9233102798,80.1191101074,25004,25014,10
12.9233703613,80.1181869507,25014,25024,10
12.9234800339,80.1171722412,25024,25034,10
12.9234695435,80.116897583,25034,25045,11
12.923620224,80.1168289185,25045,25055,10
12.9235601425,80.1172409058,25055,25065,10
12.9236602783,80.1178436279,25065,25075,10
12.9235601425,80.118560791,25075,25085,10
12.9234895706,80.1193771362,25085,25095,10
12.9233903885,80.1201934814,25095,25105,10
12.9233398438,80.1206436157,25105,25135,30
12.9233398438,80.1206436157,25135,25145,10
12.923330307,80.1207809448,25145,25155,10
12.9233198166,80.1208724976,25155,25166,11
12.9232997894,80.1210632324,25166,25176,10
12.9233198166,80.121421814,25176,25780,604
12.9233198166,80.121421814,25780,25790,10
12.9232997894,80.1217880249,25790,25800,10
12.9232597351,80.1223983765,25800,25811,11
12.9231996536,80.1232070923,25811,25821,10
12.9231595993,80.1240310669,25821,25831,10
12.9231004715,80.1250305176,25831,25841,10
12.9230699539,80.1255722046,25841,25851,10
12.9230604172,80.1258163452,25851,25861,10
12.9230203629,80.1264724731,25861,25871,10
12.9229898453,80.1273880005,25871,25881,10
12.9229402542,80.1282806396,25881,25891,10
12.9229001999,80.1291122437,25891,25901,10
12.9228401184,80.1300506592,25901,25911,10
12.9228200912,80.1309814453,25911,25921,10
12.9227800369,80.132019043,25921,25932,11
12.9227399826,80.1330108643,25932,25942,10
12.9226903915,80.1340637207,25942,25952,10
12.9226398468,80.1349563599,25952,25962,10
12.9226102829,80.1358184814,25962,25972,10
12.9225597382,80.1367034912,25972,25982,10
12.9225196838,80.1374664307,25982,25992,10
12.9224796295,80.1383895874,25992,26002,10
12.922419548,80.1394271851,26002,26012,10
12.9224500656,80.1403427124,26012,26022,10
12.9224500656,80.1413879395,26022,26032,10
12.9224596024,80.1422576904,26032,26042,10
12.9224996567,80.1427612305,26042,26052,10
12.922539711,80.1433563232,26052,26073,21
12.922539711,80.1433563232,26073,26083,10
12.922539711,80.1435928345,26083,26093,10
12.922539711,80.1441726685,26093,26103,10
12.9225702286,80.145072937,26103,26113,10
12.9226303101,80.1460800171,26113,26123,10
12.9226503372,80.1470336914,26123,26133,10
12.922659874,80.1478500366,26133,26143,10
12.9226303101,80.148651123,26143,26153,10
12.9226903915,80.1500396729,26153,26163,10
12.9227199554,80.1511688232,26163,26173,10
12.9227695465,80.1521606445,26173,26183,10
12.9230203629,80.1532287598,26183,26194,11
12.9232997894,80.1542434692,26194,26204,10
12.9233903885,80.154510498,26204,26214,10
12.9234304428,80.1546707153,26214,26224,10
12.9235200882,80.1551437378,26224,26234,10
12.9236803055,80.1557693481,26234,26244,10
12.9236898422,80.1566772461,26244,26254,10
12.9236001968,80.1575775146,26254,26264,10
12.9235095978,80.1585769653,26264,26274,10
12.9234304428,80.1596603394,26274,26284,10
12.9233598709,80.1602783203,26284,26302,18
12.9232196808,80.1606826782,26302,26314,12
12.9229202271,80.1615371704,26314,26325,11
12.9226198196,80.1624526978,26325,26335,10
12.9223003387,80.1634216309,26335,26345,10
12.9220104218,80.1642990112,26345,26354,9
12.9216995239,80.1652603149,26354,26365,11
12.9213199615,80.1664505005,26365,26375,10
12.9210500717,80.1672973633,26375,26384,9
12.9207296371,80.1683425903,26384,26395,11
12.920419693,80.1692962646,26395,26405,10
12.9199800491,80.1708221436,26405,26425,20
12.9199800491,80.1708221436,26425,26435,10
12.9198999405,80.1710891724,26435,26446,11
12.919839859,80.171257019,26446,26456,10
12.9197301865,80.1716079712,26456,26466,10
12.9195899963,80.1722183228,26466,26476,10
12.9193696976,80.1729812622,26476,26486,10
12.9191398621,80.1739425659,26486,26496,10
12.9188804626,80.1750030518,26496,26506,10
12.9185695648,80.1761169434,26506,26516,10
12.9183702469,80.1772232056,26516,26526,10
12.9183301926,80.1775436401,26526,26536,10
12.9183702469,80.1781005859,26536,26546,10
12.9188499451,80.1787796021,26546,26556,10
12.9193696976,80.1796798706,26556,26566,10
12.9196395874,80.180847168,26566,26577,11
12.9198904037,80.1819992065,26577,26586,9
12.9200601578,80.1828536987,26586,26597,11
12.9202899933,80.1837234497,26597,26607,10
12.9203701019,80.1839370728,26607,26617,10
12.9203796387,80.1840209961,26617,26627,10
12.9204597473,80.1844406128,26627,26637,10
12.9206199646,80.1851272583,26637,26647,10
12.9206800461,80.1853637695,26647,26657,10
12.9207000732,80.1855392456,26657,26667,10
12.920539856,80.1859970093,26667,26677,10
12.9200601578,80.1865692139,26677,26687,10
12.9194898605,80.1872177124,26687,26698,11
12.9188604355,80.1879425049,26698,26708,10
12.9182300568,80.188621521,26708,26718,10
12.9176797867,80.189453125,26718,26728,10
12.9175100327,80.1901626587,26728,26738,10
12.9174098969,80.1908187866,26738,26748,10
12.9173002243,80.1917037964,26748,26758,10
12.9172201157,80.1924133301,26758,26768,10
12.9171495438,80.193031311,26768,26788,20
12.9171495438,80.193031311,26788,26798,10
12.9171600342,80.1930923462,26798,26808,10
12.9171199799,80.1934509277,26808,26818,10
12.9171800613,80.1940307617,26818,26835,17
12.9179401398,80.1949615479,26835,26847,12
12.918680191,80.195640564,26847,26857,10
12.9192495346,80.1961364746,26857,26867,10
12.9199199677,80.1964874268,26867,26877,10
12.9204397202,80.1966934204,26877,26887,10
12.920800209,80.1968002319,26887,26897,10
12.9209899902,80.1968612671,26897,26907,10
12.9214601517,80.1970214844,26907,26917,10
12.9221897125,80.1972503662,26917,26927,10
12.9229698181,80.1973724365,26927,26937,10
12.9232597351,80.1974182129,26937,26947,10
12.9236402512,80.1974563599,26947,26958,11
12.9243803024,80.197479248,26958,26968,10
12.9250802994,80.1974716187,26968,26978,10
12.925359726,80.197479248,26978,26988,10
12.9258003235,80.197479248,26988,26998,10
12.9263896942,80.1975631714,26998,27008,10
12.9269800186,80.197769165,27008,27018,10
12.9276199341,80.1982269287,27018,27028,10
12.9281101227,80.1990280151,27028,27038,10
12.9284696579,80.2000427246,27038,27048,10
12.9285402298,80.2011871338,27048,27058,10
12.9285802841,80.2022628784,27058,27068,10
12.9291095734,80.2026977539,27068,27078,10
12.9294300079,80.2027435303,27078,27089,11
12.9295701981,80.2027664185,27089,27099,10
12.930100441,80.2028427124,27099,27109,10
12.9308204651,80.2029724121,27109,27119,10
12.9316501617,80.2032165527,27119,27129,10
12.9325399399,80.2035064697,27129,27139,10
12.9339399338,80.2038803101,27139,27167,28
12.9339399338,80.2038803101,27167,27175,8
12.9341802597,80.203918457,27175,27187,12
12.9348602295,80.2040100098,27187,27197,10
12.9356002808,80.2042770386,27197,27207,10
12.9364004135,80.2045593262,27207,27218,11
12.937379837,80.2048416138,27218,27228,10
12.9382400513,80.2050476074,27228,27237,9
12.9389600754,80.2052764893,27237,27248,11
12.9396696091,80.2054901123,27248,27258,10
12.9400596619,80.2056121826,27258,27268,10
12.9401102066,80.2056274414,27268,27278,10
12.9404602051,80.2057418823,27278,27288,10
12.9410295486,80.205947876,27288,27298,10
12.9417200089,80.2063369751,27298,27308,10
12.9424800873,80.2069320679,27308,27318,10
12.942990303,80.2075576782,27318,27328,10
12.9433698654,80.2079467773,27328,27339,11
12.9437799454,80.2081298828,27339,27349,10
12.9442901611,80.2083206177,27349,27359,10
12.9443502426,80.2083435059,27359,27369,10
12.9446001053,80.208442688,27369,27379,10
12.9451198578,80.2086181641,27379,27389,10
12.9457998276,80.2088775635,27389,27399,10
12.9464998245,80.2091598511,27399,27409,10
12.9470996857,80.2093887329,27409,27419,10
12.9476804733,80.2096176147,27419,27429,10
12.9482698441,80.2098236084,27429,27439,10
12.9489002228,80.2100906372,27439,27449,10
12.9498195648,80.2104492188,27449,27459,10
12.9509897232,80.2109375,27459,27470,11
12.9521903992,80.2114105225,27470,27480,10
12.9531402588,80.2117767334,27480,27490,10
12.9540596008,80.2121734619,27490,27500,10
12.9551000595,80.2125778198,27500,27510,10
12.9561395645,80.2129669189,27510,27520,10
12.9572000504,80.2133789063,27520,27530,10
12.9582700729,80.2137985229,27530,27540,10
12.9593296051,80.2142333984,27540,27550,10
12.9603900909,80.2146530151,27550,27560,10
12.9614601135,80.2150726318,27560,27570,10
12.9625101089,80.2154769897,27570,27580,10
12.9632902145,80.2157897949,27580,27590,10
12.9639101028,80.2161026001,27590,27601,11
12.9647798538,80.2164611816,27601,27611,10
12.9656295776,80.2168121338,27611,27621,10
12.9663600922,80.217086792,27621,27631,10
12.9669504166,80.2173233032,27631,27641,10
12.9675102234,80.2175521851,27641,27651,10
12.968079567,80.2177810669,27651,27661,10
12.9687995911,80.2180404663,27661,27671,10
12.9696397781,80.2183685303,27671,27681,10
12.970459938,80.2186889648,27681,27691,10
12.971280098,80.218963623,27691,27711,20
12.971280098,80.218963623,27711,27722,11
12.9715795517,80.2190628052,27722,27732,10
12.9720497131,80.2192993164,27732,27742,10
12.9728002548,80.219581604,27742,27752,10
12.9736204147,80.219909668,27752,27762,10
12.9744701385,80.2202835083,27762,27772,10
12.9752998352,80.2206268311,27772,27782,10
12.9757299423,80.2208786011,27782,27792,10
12.9761400223,80.2211914063,27792,27832,40
12.9761400223,80.2211914063,27832,27842,10
12.976360321,80.221282959,27842,27852,10
12.9766902924,80.2212905884,27852,27863,11
12.9772701263,80.2212905884,27863,27873,10
12.9777803421,80.2212295532,27873,27883,10
12.9781103134,80.221206665,27883,27899,16
12.9793596268,80.2211227417,27899,27911,12
12.9803304672,80.2210388184,27911,27921,10
12.980919838,80.2210235596,27921,27931,10
12.9816999435,80.2213592529,27931,27941,10
12.9822797775,80.2217178345,27941,27951,10
12.9827804565,80.2219009399,27951,27971,20
12.9827804565,80.2219009399,27971,27981,10
12.9831199646,80.2220687866,27981,27992,11
12.9834899902,80.2222976685,27992,28002,10
12.9836196899,80.2223815918,28002,28012,10
12.9839801788,80.2225799561,28012,28031,19
12.9847297668,80.2230300903,28031,28043,12
12.9852399826,80.2232666016,28043,28053,10
12.9855499268,80.2231216431,28053,28063,10
12.9862804413,80.2229385376,28063,28073,10
12.9868803024,80.2229995728,28073,28083,10
12.9874095917,80.2230682373,28083,28093,10
12.9880304337,80.2228317261,28093,28103,10
12.988699913,80.2223129272,28103,28114,11
12.9893398285,80.2215576172,28114,28124,10
12.989859581,80.2207870483,28124,28134,10
12.9903697968,80.2203979492,28134,28142,8
12.9903802872,80.2203979492,28142,28153,11
12.9905099869,80.2203063965,28153,28164,11
12.99077034,80.2200698853,28164,28174,10
12.9912395477,80.2197113037,28174,28184,10
12.9918804169,80.2192230225,28184,28194,10
12.9925699234,80.21875,28194,28204,10
12.9933700562,80.2181777954,28204,28215,11
12.9942398071,80.2175827026,28215,28224,9
12.9948596954,80.2171401978,28224,28236,12
12.9957304001,80.2166900635,28236,28246,10
12.9965400696,80.2165298462,28246,28256,10
12.9970798492,80.2164611816,28256,28266,10
12.9972896576,80.2163467407,28266,28276,10
12.9974803925,80.2161483765,28276,28286,10
12.9976196289,80.2160568237,28286,28296,10
12.9979896545,80.215713501,28296,28306,10
12.9984502792,80.2152404785,28306,28316,10
12.9989404678,80.2147979736,28316,28326,10
12.9991998672,80.21459198,28326,28336,10
12.9996004105,80.2142715454,28336,28346,10
12.9999704361,80.2139892578,28346,28356,10
13.0004997253,80.2134933472,28356,28367,11
13.001159668,80.2129669189,28367,28377,10
13.0017595291,80.2125167847,28377,28386,9
13.0022296906,80.2122268677,28386,28397,11
13.0029401779,80.212059021,28397,28407,10
13.003569603,80.212059021,28407,28417,10
13.004119873,80.2120666504,28417,28427,10
13.0047702789,80.212348938,28427,28437,10
13.0053195953,80.2127685547,28437,28447,10
13.0061597824,80.2128219604,28447,28457,10
13.0069503784,80.2127380371,28457,28467,10
13.0078401566,80.2129974365,28467,28487,20
13.0078401566,80.2129974365,28487,28498,11
13.0079402924,80.2130889893,28498,28508,10
13.0081701279,80.2132415771,28508,28518,10
13.0085897446,80.2134475708,28518,28528,10
13.0089597702,80.2139282227,28528,28538,10
13.0094499588,80.2146072388,28538,28548,10
13.0099401474,80.2152633667,28548,28564,16
13.010720253,80.2163772583,28564,28576,12
13.0110797882,80.2173614502,28576,28584,8
13.0113201141,80.2181167603,28584,28596,12
13.0118598938,80.2194824219,28596,28605,9
13.0122203827,80.2204818726,28605,28616,11
13.0125904083,80.2214279175,28616,28627,11
13.0129804611,80.2220306396,28627,28638,11
13.0135097504,80.2226486206,28638,28648,10
13.0139303207,80.2231369019,28648,28659,11
13.0142297745,80.2236633301,28659,28669,10
13.0146198273,80.2241210938,28669,28679,10
13.0150203705,80.2245178223,28679,28689,10
13.0152597427,80.2248001099,28689,28699,10
13.0153102875,80.224861145,28699,28709,10
13.0153598785,80.2250213623,28709,28719,10
13.0157403946,80.2252883911,28719,28729,10
13.0164499283,80.2254104614,28729,28739,10
13.0174102783,80.2250366211,28739,28750,11
13.0185604095,80.224571228,28750,28760,10
13.0195302963,80.2244796753,28760,28770,10
13.0202503204,80.2249298096,28770,28780,10
13.0209102631,80.2253723145,28780,28790,10
13.0216197968,80.2258987427,28790,28800,10
13.0219402313,80.2261734009,28800,28810,10
13.0219402313,80.2261810303,28810,28820,10
13.0221996307,80.2263870239,28820,28830,10
13.0226802826,80.2267990112,28830,28840,10
13.0233402252,80.2274093628,28840,28850,10
13.0241203308,80.2281723022,28850,28860,10
13.0246696472,80.2288818359,28860,28870,10
13.0250701904,80.2294235229,28870,28881,11
13.0256500244,80.2302093506,28881,28891,10
13.02602005,80.2311096191,28891,28901,10
13.0261602402,80.2313232422,28901,28911,10
13.0266199112,80.2312011719,28911,28921,10
13.0273704529,80.2310180664,28921,28931,10
13.0279598236,80.2309417725,28931,28941,10
13.0287303925,80.2308807373,28941,28951,10
13.0293598175,80.2308197021,28951,28961,10
13.029999733,80.2307434082,28961,28971,10
13.0305700302,80.2307128906,28971,28981,10
13.031129837,80.2306594849,28981,28991,10
13.0317697525,80.2306213379,28991,29001,10
13.0326004028,80.2305526733,29001,29012,11
13.0336799622,80.23046875,29012,29021,9
13.0341796875,80.230430603,29021,29042,21
13.0341796875,80.230430603,29042,29052,10
13.0343103409,80.2303695679,29052,29062,10
13.0346298218,80.2303085327,29062,29082,20
13.0346298218,80.2303085327,29082,29092,10
13.034740448,80.2302780151,29092,29102,10
13.0348796844,80.2302017212,29102,29112,10
13.0350599289,80.2300033569,29112,29133,21
13.0350599289,80.2300033569,29133,29143,10
13.0348901749,80.2297592163,29143,29284,141
13.0348901749,80.2297592163,29284,29294,10
13.0345602036,80.229850769,29294,29687,393
13.0346498489,80.2297210693,29687,29798,111
13.034620285,80.229888916,29798,29999,201
13.0345001221,80.229927063,29999,30019,20
13.0345001221,80.229927063,30019,30029,10
13.0343198776,80.2297897339,30029,30201,172
13.0341701508,80.2300796509,30201,30483,282
13.0341701508,80.2300796509,30483,30493,10
13.0341396332,80.2304611206,30493,30503,10
13.034040451,80.23046875,30503,30513,10
13.0337200165,80.23046875,30513,30523,10
13.0329999924,80.2305221558,30523,30533,10
13.0322599411,80.2306137085,30533,30543,10
13.0315504074,80.2306518555,30543,30554,11
13.0308198929,80.230758667,30554,30564,10
13.0301799774,80.2308120728,30564,30574,10
13.0296602249,80.2308731079,30574,30583,9
13.0291099548,80.2309265137,30583,30595,12
13.0284404755,80.2310409546,30595,30605,10
13.0278701782,80.2310562134,30605,30615,10
13.0277004242,80.2312011719,30615,30625,10
13.0277204514,80.2316436768,30625,30634,9
13.0277900696,80.232208252,30634,30644,10
13.0278196335,80.2327423096,30644,30655,11
13.0272598267,80.2329711914,30655,30706,51
13.0272598267,80.2329711914,30706,30716,10
13.0270795822,80.2329177856,30716,30726,10
13.026889801,80.2329406738,30726,30736,10
13.0266599655,80.232963562,30736,30746,10
13.0263996124,80.2328414917,30746,30756,10
13.0262002945,80.2322998047,30756,30766,10
13.0260095596,80.231552124,30766,30776,10
13.0257501602,80.2307128906,30776,30786,10
13.0252599716,80.2298583984,30786,30796,10
13.0248403549,80.229347229,30796,30807,11
13.024769783,80.2292709351,30807,30817,10
13.0246400833,80.2291183472,30817,30827,10
13.0243597031,80.2287826538,30827,30837,10
13.0240802765,80.2283630371,30837,30847,10
13.0236597061,80.2278671265,30847,30857,10
13.0231304169,80.2274780273,30857,30887,30
13.0231304169,80.2274780273,30887,30897,10
13.0227003098,80.2270431519,30897,30907,10
13.0222301483,80.2265777588,30907,30917,10
13.0216503143,80.2260665894,30917,30933,16
13.0207004547,80.2253417969,30933,30946,13
13.0200004578,80.224861145,30946,30956,10
13.0194501877,80.2245483398,30956,30964,8
13.0185699463,80.2246170044,30964,30975,11
13.0177202225,80.2249832153,30975,30987,12
13.0167303085,80.2253799438,30987,30997,10
13.0163097382,80.2255401611,30997,31007,10
13.015709877,80.2257614136,31007,31017,10
13.0150604248,80.2260284424,31017,31026,9
13.0145397186,80.2261962891,31026,31037,11
13.0145101547,80.2261962891,31037,31047,10
13.0142402649,80.2262573242,31047,31057,10
13.013710022,80.2264709473,31057,31067,10
13.0129899979,80.2267913818,31067,31078,11
13.0119695663,80.227180481,31078,31087,9
13.01101017,80.2275085449,31087,31098,11
13.0098495483,80.2279281616,31098,31108,10
13.0096502304,80.2273330688,31108,31118,10
13.0100297928,80.2264709473,31118,31128,10
13.0104799271,80.225479126,31128,31138,10
13.0108098984,80.2246704102,31138,31147,9
13.0112895966,80.2234191895,31147,31168,21
13.0112895966,80.2234191895,31168,31178,10
13.0114297867,80.2231674194,31178,31188,10
13.0116195679,80.2226409912,31188,31198,10
13.011879921,80.2218704224,31198,31209,11
13.0121097565,80.2211837769,31209,31219,10
13.012049675,80.2207489014,31219,31229,10
13.0117902756,80.2200393677,31229,31239,10
13.0115098953,80.2190933228,31239,31249,10
13.0111999512,80.2181625366,31249,31259,10
13.0108804703,80.2173080444,31259,31269,10
13.0103302002,80.2162094116,31269,31279,10
13.0098800659,80.2152862549,31279,31289,10
13.0094604492,80.2147216797,31289,31299,10
13.0089197159,80.2139892578,31299,31309,10
13.0084400177,80.2134475708,31309,31319,10
13.0081300735,80.2132797241,31319,31380,61
13.0081300735,80.2132797241,31380,31390,10
13.0079402924,80.2132034302,31390,31461,71
13.0079402924,80.2132034302,31461,31471,10
13.0076599121,80.2129364014,31471,31480,9
13.0073003769,80.2128219604,31480,31491,11
13.0067501068,80.2128067017,31491,31501,10
13.0061597824,80.2129516602,31501,31511,10
13.0055704117,80.2128677368,31511,31521,10
13.0051403046,80.212562561,31521,31531,10
13.0045499802,80.2122879028,31531,31541,10
13.0038204193,80.2121200562,31541,31551,10
13.0033197403,80.2121810913,31551,31561,10
13.0027399063,80.2121963501,31561,31571,10
13.0022201538,80.212348938,31571,31581,10
13.001660347,80.2127380371,31581,31592,11
13.0010204315,80.2132873535,31592,31602,10
13.0005102158,80.2137298584,31602,31612,10
12.9999399185,80.2142410278,31612,31622,10
12.9995298386,80.2145614624,31622,31632,10
12.9991703033,80.2148513794,31632,31642,10
12.9988803864,80.2150802612,31642,31652,10
12.9985704422,80.2151870728,31652,31662,10
12.9980297089,80.2157974243,31662,31672,10
12.9975299835,80.2163467407,31672,31682,10
12.9975204468,80.2163619995,31682,31692,10
12.9973096848,80.2164916992,31692,31702,10
12.9970798492,80.2165527344,31702,31712,10
12.9966602325,80.2166213989,31712,31723,11
12.9959497452,80.216796875,31723,31733,10
12.9952201843,80.217086792,31733,31742,9
12.9948701859,80.2173309326,31742,31753,11
12.9944200516,80.2176208496,31753,31763,10
12.9938402176,80.2180404663,31763,31773,10
12.993229866,80.218460083,31773,31783,10
12.9926395416,80.2189712524,31783,31793,10
12.9918003082,80.2195510864,31793,31803,10
12.9908504486,80.2201766968,31803,31823,20
12.9908504486,80.2201766968,31823,31833,10
12.9906396866,80.2203292847,31833,31843,10
12.9903497696,80.2206115723,31843,31854,11
12.9896297455,80.2212219238,31854,31864,10
12.9892196655,80.2217102051,31864,31874,10
12.9889297485,80.2220611572,31874,31884,10
12.9883899689,80.2226409912,31884,31894,10
12.9878396988,80.2230834961,31894,31904,10
12.9873504639,80.2230300903,31904,31924,20
12.9873504639,80.2230300903,31924,31934,10
12.9870004654,80.2230300903,31934,31944,10
12.9867200851,80.2230377197,31944,31954,10
12.986240387,80.2230224609,31954,31964,10
12.9855499268,80.2232818604,31964,31974,10
12.9850597382,80.2232437134,31974,31985,11
12.9844398499,80.222869873,31985,31995,10
12.9838399887,80.2224884033,31995,32005,10
12.983300209,80.2221603394,32005,32025,20
12.983300209,80.2221603394,32025,32035,10
12.9829998016,80.2219772339,32035,32045,10
12.9829502106,80.2219467163,32045,32055,10
12.9825296402,80.2218399048,32055,32065,10
12.9819297791,80.2215194702,32065,32075,10
12.9812002182,80.2211074829,32075,32085,10
12.9804401398,80.2211227417,32085,32095,10
12.9796104431,80.2211990356,32095,32106,11
12.9785995483,80.2211685181,32106,32116,10
12.9777402878,80.2211990356,32116,32126,10
12.9766998291,80.2212677002,32126,32136,10
12.9760303497,80.221321106,32136,32146,10
12.9757099152,80.2210998535,32146,32176,30
12.9757099152,80.2210998535,32176,32186,10
12.975399971,80.2208404541,32186,32196,10
12.9749603271,80.2205810547,32196,32206,10
12.9743003845,80.2202987671,32206,32216,10
12.9735202789,80.2199478149,32216,32226,10
12.9724197388,80.2195663452,32226,32237,11
12.9710798264,80.2191619873,32237,32257,20
12.9710798264,80.2191619873,32257,32267,10
12.9708003998,80.2190475464,32267,32277,10
12.9702196121,80.2187423706,32277,32287,10
12.9695396423,80.2184524536,32287,32297,10
12.9688596725,80.2181930542,32297,32307,10
12.968170166,80.2179412842,32307,32317,10
12.9674901962,80.2176589966,32317,32327,10
12.9666404724,80.2173080444,32327,32337,10
12.9655799866,80.2168579102,32337,32347,10
12.9644603729,80.2164230347,32347,32357,10
12.9637699127,80.2161483765,32357,32368,11
12.9633903503,80.2159881592,32368,32378,10
12.9627399445,80.2156906128,32378,32388,10
12.9619102478,80.21534729,32388,32398,10
12.9609003067,80.2149581909,32398,32408,10
12.9599399567,80.2145614624,32408,32418,10
12.9594602585,80.2143783569,32418,32428,10
12.9589595795,80.2141571045,32428,32438,10
12.9582395554,80.2138671875,32438,32448,10
12.9573698044,80.2135162354,32448,32458,10
12.9564399719,80.2131576538,32458,32468,10
12.9554004669,80.2127838135,32468,32478,10
12.9545001984,80.2124404907,32478,32488,10
12.9541902542,80.2123031616,32488,32499,11
12.9538898468,80.2121810913,32499,32509,10
12.9534597397,80.2119979858,32509,32519,10
12.9528503418,80.2117462158,32519,32529,10
12.9520797729,80.21144104,32529,32539,10
12.9511499405,80.2110671997,32539,32549,10
12.9501304626,80.2106781006,32549,32559,10
12.9491701126,80.2102966309,32559,32569,10
12.9482498169,80.2099304199,32569,32579,10
12.9471998215,80.2095031738,32579,32589,10
12.9460296631,80.2090377808,32589,32599,10
12.9449501038,80.2086181641,32599,32609,10
12.944270134,80.2083816528,32609,32620,11
12.9441204071,80.2083435059,32620,32630,10
12.9437799454,80.2081604004,32630,32640,10
12.9431695938,80.2078475952,32640,32650,10
12.9426403046,80.2071914673,32650,32660,10
12.9418802261,80.2064971924,32660,32670,10
12.9411201477,80.2060394287,32670,32680,10
12.9409704208,80.2059783936,32680,32690,10
12.9404697418,80.2058029175,32690,32700,10
12.9397802353,80.205581665,32700,32710,10
12.9390802383,80.2053604126,32710,32720,10
12.9383201599,80.2051391602,32720,32730,10
12.9374704361,80.2049026489,32730,32740,10
12.9366397858,80.2046585083,32740,32751,11
12.9358797073,80.2044525146,32751,32760,9
12.9352502823,80.2041625977,32760,32771,11
12.9343299866,80.2039871216,32771,32781,10
12.9337797165,80.203956604,32781,32791,10
12.9337301254,80.2039794922,32791,32801,10
12.9334001541,80.2039031982,32801,32811,10
12.9329500198,80.2036972046,32811,32821,10
12.9323301315,80.2034835815,32821,32831,10
12.9315595627,80.2032165527,32831,32841,10
12.9309101105,80.2030181885,32841,32851,10
12.9302101135,80.2028579712,32851,32861,10
12.929599762,80.2027893066,32861,32871,10
12.9295396805,80.2027816772,32871,32881,10
12.9293603897,80.2027587891,32881,32892,11
12.9288396835,80.2026824951,32892,32902,10
12.9285297394,80.202331543,32902,32912,10
12.9284801483,80.2017822266,32912,32922,10
12.928440094,80.2009735107,32922,32932,10
12.9283704758,80.1999816895,32932,32942,10
12.9279699326,80.1989364624,32942,32958,16
12.9270296097,80.1978378296,32958,32970,12
12.9262104034,80.1975631714,32970,32978,8
12.9257202148,80.197517395,32978,32990,12
12.9254302979,80.197517395,32990,33000,10
12.9250602722,80.1975097656,33000,33010,10
12.9243803024,80.1975097656,33010,33021,11
12.9235401154,80.197479248,33021,33031,10
12.923119545,80.1974182129,33031,33041,10
12.9224596024,80.1973266602,33041,33051,10
12.9218502045,80.197227478,33051,33061,10
12.9217100143,80.1971817017,33061,33071,10
12.9215602875,80.1971511841,33071,33081,10
12.921380043,80.1970672607,33081,33091,10
12.9211397171,80.196937561,33091,33101,10
12.9207601547,80.1968002319,33101,33111,10
12.9201803207,80.1965866089,33111,33121,10
12.9194698334,80.1962966919,33121,33131,10
12.9188995361,80.1958465576,33131,33142,11
12.9182796478,80.1952819824,33142,33152,10
12.9174499512,80.1946105957,33152,33172,20
12.9174499512,80.1946105957,33172,33182,10
12.9173603058,80.194519043,33182,33192,10
12.9172401428,80.1943588257,33192,33202,10
12.917140007,80.1941833496,33202,33212,10
12.9170598984,80.193939209,33212,33222,10
12.9170103073,80.1935577393,33222,33232,10
12.9170198441,80.1932296753,33232,33242,10
12.9170799255,80.192741394,33242,33262,20
12.9170799255,80.192741394,33262,33273,11
12.917140007,80.1923370361,33273,33283,10
12.9172096252,80.19190979,33283,33293,10
12.9172296524,80.1917114258,33293,33303,10
12.91726017,80.1915969849,33303,33313,10
12.9173297882,80.1912994385,33313,33323,10
12.9173603058,80.1906661987,33323,33333,10
12.9174804688,80.1898117065,33333,33343,10
12.9179201126,80.1888427734,33343,33353,10
12.9185800552,80.1880569458,33353,33363,10
12.9192304611,80.1873474121,33363,33373,10
12.9199895859,80.1864776611,33373,33383,10
12.9205999374,80.1855621338,33383,33393,10
12.9204101563,80.1845779419,33393,33404,11
12.9202404022,80.1838226318,33404,33414,10
12.9199199677,80.1826095581,33414,33434,20
12.9199199677,80.1826095581,33434,33444,10
12.9198503494,80.182220459,33444,33454,10
12.919719696,80.1815719604,33454,33464,10
12.9195203781,80.1807632446,33464,33474,10
12.9193096161,80.1797409058,33474,33484,10
12.9187698364,80.1788024902,33484,33494,10
12.9181804657,80.1778335571,33494,33504,10
12.9183197021,80.1767425537,33504,33514,10
12.9184799194,80.1759033203,33514,33524,10
12.9186000824,80.1754684448,33524,33535,11
12.9186897278,80.1750411987,33535,33545,10
12.9188404083,80.1743774414,33545,33555,10
12.919090271,80.1734390259,33555,33565,10
12.9193897247,80.1723327637,33565,33575,10
12.9196500778,80.17137146,33575,33585,10
12.9197597504,80.1709594727,33585,33595,10
12.9198904037,80.1706085205,33595,33605,10
12.9201202393,80.1698989868,33605,33615,10
12.9204397202,80.1689376831,33615,33625,10
12.920800209,80.1678085327,33625,33635,10
12.9211597443,80.1666717529,33635,33645,10
12.9215402603,80.1655426025,33645,33655,10
12.9219198227,80.1644134521,33655,33666,11
12.9222898483,80.1631774902,33666,33676,10
12.9226398468,80.1620788574,33676,33692,16
12.9230699539,80.1606903076,33692,33704,12
12.9231996536,80.1602172852,33704,33714,10
12.9232797623,80.1599121094,33714,33723,9
12.9233798981,80.1591720581,33723,33734,11
12.923500061,80.1580581665,33734,33745,11
12.9236402512,80.1567382813,33745,33754,9
12.9236698151,80.1558685303,33754,33765,11
12.9234895706,80.1551895142,33765,33775,10
12.9234600067,80.155090332,33775,33785,10
12.9234399796,80.1549987793,33785,33796,11
12.9233798981,80.1546630859,33796,33806,10
12.9232196808,80.1540374756,33806,33816,10
12.92304039,80.1532821655,33816,33826,10
12.9228096008,80.1524276733,33826,33836,10
12.9226999283,80.1518783569,33836,33846,10
12.9226799011,80.1512298584,33846,33856,10
12.922659874,80.1503372192,33856,33866,10
12.9226303101,80.1493988037,33866,33876,10
12.9225997925,80.1484985352,33876,33886,10
12.9225902557,80.1476898193,33886,33896,10
12.9225997925,80.1470184326,33896,33906,10
12.9225702286,80.1466217041,33906,33917,11
12.9225702286,80.1460800171,33917,33927,10
12.9225502014,80.1453170776,33927,33937,10
12.9225101471,80.1444091797,33937,33947,10
12.9224796295,80.1433792114,33947,33957,10
12.9224700928,80.1427764893,33957,33967,10
12.9224901199,80.142326355,33967,33977,10
12.9224596024,80.1419372559,33977,33987,10
12.9224596024,80.1417236328,33987,33997,10
12.9224395752,80.1414413452,33997,34007,10
12.922419548,80.1412734985,34007,34017,10
12.922419548,80.1408615112,34017,34027,10
12.9224395752,80.1404724121,34027,34037,10
12.9224500656,80.1400299072,34037,34048,11
12.922419548,80.1395492554,34048,34058,10
12.922419548,80.1389083862,34058,34068,10
12.9224500656,80.1384887695,34068,34078,10
12.9224700928,80.1379928589,34078,34088,10
12.9224996567,80.1373062134,34088,34098,10
12.9225196838,80.1365127563,34098,34108,10
12.9225597382,80.1356506348,34108,34118,10
12.9225702286,80.1349411011,34118,34128,10
12.9226303101,80.1341094971,34128,34138,10
12.922659874,80.1332168579,34138,34148,10
12.9226799011,80.132598877,34148,34158,10
12.9226903915,80.1318664551,34158,34168,10
12.9226999283,80.1315536499,34168,34179,11
12.9227304459,80.131111145,34179,34189,10
12.922750473,80.1304702759,34189,34199,10
12.9228000641,80.1298904419,34199,34209,10
12.9228401184,80.1291885376,34209,34219,10
12.9228696823,80.1285705566,34219,34229,10
12.9228897095,80.1278991699,34229,34239,10
12.9229202271,80.1271362305,34239,34249,10
12.9229402542,80.1262588501,34249,34259,10
12.9229898453,80.125328064,34259,34269,10
12.9230203629,80.1242904663,34269,34279,10
12.9230604172,80.1231613159,34279,34289,10
12.9231004715,80.1219787598,34289,34299,10
12.9231796265,80.1205978394,34299,34340,41
12.9231796265,80.1205978394,34340,34350,10
12.9232597351,80.1203765869,34350,34360,10
12.9232797623,80.1201019287,34360,34370,10
12.9232997894,80.1196212769,34370,34380,10
12.9232997894,80.1189117432,34380,34390,10
12.9233398438,80.1181488037,34390,34400,10
12.9234304428,80.1170501709,34400,35086,686
12.9234304428,80.1170501709,35086,35096,10
12.9235200882,80.116859436,35096,35106,10
12.9236402512,80.1167526245,35106,35116,10
12.9236297607,80.1170196533,35116,35126,10
12.9235696793,80.1173629761,35126,35136,10
12.9236602783,80.117767334,35136,35146,10
12.9235801697,80.1181030273,35146,35156,10
12.9235296249,80.1186065674,35156,35166,10
12.923500061,80.1192626953,35166,35176,10
12.9234104156,80.1198577881,35176,35186,10
12.9233703613,80.1202468872,35186,35206,20
12.9233703613,80.1202468872,35206,35217,11
12.9234199524,80.1203613281,35217,35227,10
12.9233798981,80.1205596924,35227,35237,10
12.9233503342,80.1207733154,35237,35247,10
12.9233503342,80.1209335327,35247,35257,10
12.9233398438,80.1212234497,35257,35599,342
12.9233398438,80.1212234497,35599,35610,11
12.9232397079,80.1215896606,35610,35620,10
12.9231996536,80.1222229004,35620,35630,10
12.9231700897,80.1230316162,35630,35640,10
12.9231300354,80.1240081787,35640,35650,10
12.9230899811,80.1250228882,35650,35660,10
12.9230604172,80.125617981,35660,35700,40
12.9230604172,80.125617981,35700,35710,10
12.9230604172,80.1257400513,35710,35720,10
12.9230098724,80.1262207031,35720,35730,10
12.9229698181,80.1270217896,35730,35741,11
12.922949791,80.1274185181,35741,35751,10
12.9229602814,80.127456665,35751,35761,10
12.9229402542,80.1279373169,35761,35771,10
12.9228801727,80.1287612915,35771,35781,10
12.9228200912,80.129737854,35781,35791,10
12.9228000641,80.1305465698,35791,35801,10
12.9228000641,80.1310195923,35801,35811,10
12.9228000641,80.1311569214,35811,35821,10
12.9227800369,80.1315536499,35821,35831,10
12.922750473,80.1322937012,35831,35841,10
12.9226999283,80.1332702637,35841,35851,10
12.922659874,80.1343612671,35851,35861,10
12.9226102829,80.1352615356,35861,35872,11
12.9225797653,80.1361923218,35872,35882,10
12.9225196838,80.1370773315,35882,35892,10
12.9224796295,80.1380081177,35892,35902,10
12.9224004745,80.1389083862,35902,35912,10
12.9223899841,80.1399383545,35912,35922,10
12.9223899841,80.1409378052,35922,35932,10
12.9224004745,80.1420974731,35932,35942,10
12.9224596024,80.1430587769,35942,35952,10
12.9224996567,80.1438064575,35952,35982,30
12.9224996567,80.1438064575,35982,35992,10
12.9224996567,80.1440811157,35992,36009,17
12.9225502014,80.1447372437,36009,36021,12
12.9225997925,80.145401001,36021,36031,10
12.9226303101,80.1459121704,36031,36041,10
12.9226303101,80.1467590332,36041,36051,10
12.922659874,80.1471862793,36051,36061,10
12.922659874,80.1472015381,36061,36071,10
12.9226799011,80.1473693848,36071,36081,10
12.9226703644,80.1475830078,36081,36091,10
12.922659874,80.1480178833,36091,36101,10
12.9226398468,80.1487731934,36101,36111,10
12.9226799011,80.1497192383,36111,36121,10
12.9226999283,80.1508331299,36121,36132,11
12.9227600098,80.1516799927,36132,36152,20
12.9227600098,80.1516799927,36152,36162,10
12.922750473,80.1517181396,36162,36172,10
12.922750473,80.1520614624,36172,36182,10
12.9228801727,80.1527023315,36182,36192,10
12.9231004715,80.1535568237,36192,36202,10
12.9233598709,80.1545410156,36202,36212,10
12.9234399796,80.1547775269,36212,36222,10
12.9234695435,80.1549301147,36222,36232,10
12.9235200882,80.1551818848,36232,36242,10
12.9236497879,80.1557388306,36242,36252,10
12.9236803055,80.1565475464,36252,36263,11
12.9235696793,80.1576766968,36263,36273,10
12.9234800339,80.1587982178,36273,36283,10
12.9233798981,80.1599273682,36283,36293,10
12.9232997894,80.1604232788,36293,36303,10
12.9232797623,80.1604537964,36303,36313,10
12.9231300354,80.1608200073,36313,36323,10
12.9228897095,80.1615371704,36323,36333,10
12.9226198196,80.1624679565,36333,36343,10
12.9222698212,80.163520813,36343,36353,10
12.9219198227,80.164642334,36353,36363,10
12.9215497971,80.1657791138,36363,36373,10
12.9211997986,80.1668930054,36373,36383,10
12.9209299088,80.1679000854,36383,36394,11
12.9206695557,80.1686630249,36394,36404,10
12.9203901291,80.1694564819,36404,36414,10
12.9201097488,80.1704406738,36414,36424,10
12.919960022,80.170791626,36424,36434,10
12.9199104309,80.1710205078,36434,36444,10
12.9197702408,80.1714019775,36444,36454,10
12.9196100235,80.1719894409,36454,36464,10
12.9194097519,80.1727905273,36464,36474,10
12.9191999435,80.1735687256,36474,36484,10
12.918970108,80.1743469238,36484,36494,10
12.9187402725,80.1753234863,36494,36504,10
12.9184703827,80.1764602661,36504,36514,10
12.9183197021,80.1772994995,36514,36525,11
12.9185600281,80.1783981323,36525,36535,10
12.9192399979,80.179359436,36535,36545,10
12.919549942,80.1804885864,36545,36555,10
12.9197797775,80.1815414429,36555,36565,10
12.9199895859,80.1824493408,36565,36575,10
12.9202098846,80.1834564209,36575,36605,30
12.9202098846,80.1834564209,36605,36615,10
12.9202804565,80.1838302612,36615,36625,10
12.9203996658,80.1844024658,36625,36642,17
12.9205999374,80.1852798462,36642,36654,12
12.9206104279,80.1852798462,36654,36664,10
12.9206199646,80.1855163574,36664,36674,10
12.9205703735,80.1859817505,36674,36684,10
12.9201202393,80.1865234375,36684,36694,10
12.9196395874,80.1870574951,36694,36704,10
12.9191102982,80.1876831055,36704,36714,10
12.9187602997,80.1880569458,36714,36723,9
12.9183502197,80.1885528564,36723,36734,11
12.9178600311,80.189163208,36734,36744,10
12.917550087,80.1900177002,36744,36753,9
12.9174604416,80.1905975342,36753,36764,11
12.9173603058,80.1913299561,36764,36775,11
12.91726017,80.1920928955,36775,36785,10
12.9171600342,80.1925964355,36785,36795,10
12.9171104431,80.1930999756,36795,36825,30
12.9171104431,80.1930999756,36825,36835,10
12.9170999527,80.1932830811,36835,36845,10
12.9170799255,80.1935501099,36845,36855,10
12.9171199799,80.1938705444,36855,36865,10
12.9173202515,80.1943893433,36865,36875,10
12.9178695679,80.1949386597,36875,36885,10
12.9185400009,80.1955566406,36885,36895,10
12.9192495346,80.1961517334,36895,36905,10
12.9200401306,80.1965408325,36905,36916,11
12.9207496643,80.196762085,36916,36926,10
12.9209299088,80.1968002319,36926,36936,10
12.9213895798,80.1969680786,36936,36946,10
12.9220695496,80.1971969604,36946,36956,10
12.9229402542,80.1973419189,36956,36966,10
12.9237298965,80.1974411011,36966,36976,10
12.9245195389,80.1974563599,36976,36986,10
12.9252700806,80.1974487305,36986,36996,10
12.9256000519,80.1974563599,36996,37006,10
12.9262599945,80.1974868774,37006,37016,10
12.9270095825,80.1977462769,37016,37032,16
12.9280004501,80.1987686157,37032,37045,13
12.9284696579,80.2000427246,37045,37055,10
12.9285402298,80.2010803223,37055,37065,10
12.9285802841,80.2020492554,37065,37075,10
12.9289398193,80.2026367188,37075,37085,10
12.9294395447,80.2026977539,37085,37095,10
12.9294395447,80.2027130127,37095,37105,10
12.9295196533,80.2027587891,37105,37115,10
12.9299697876,80.202796936,37115,37125,10
12.9306697845,80.202911377,37125,37135,10
12.931429863,80.2031173706,37135,37145,10
12.9323501587,80.2034225464,37145,37155,10
12.9330596924,80.203666687,37155,37165,10
12.9337301254,80.2038497925,37165,37176,11
12.9340295792,80.2038726807,37176,37186,10
12.9340896606,80.2038803101,37186,37196,10
12.9344501495,80.2039108276,37196,37206,10
12.9350700378,80.2040176392,37206,37216,10
12.9357595444,80.2043228149,37216,37226,10
12.9364995956,80.2045516968,37226,37236,10
12.9372701645,80.2047805786,37236,37246,10
12.938079834,80.2049865723,37246,37256,10
12.938750267,80.2051925659,37256,37266,10
12.9395599365,80.2054367065,37266,37276,10
12.9401397705,80.2056121826,37276,37296,20
12.9401397705,80.2056121826,37296,37307,11
12.9403896332,80.2057037354,37307,37317,10
12.9406700134,80.2057876587,37317,37327,10
12.9409399033,80.2058868408,37327,37337,10
12.9413204193,80.2060623169,37337,37347,10
12.9418201447,80.2063980103,37347,37357,10
12.9423303604,80.206817627,37357,37367,10
12.94272995,80.2072296143,37367,37377,10
12.9430198669,80.2076416016,37377,37393,16
12.9438896179,80.2081604004,37393,37405,12
12.944439888,80.2083587646,37405,37413,8
12.9444799423,80.208366394,37413,37425,12
12.944849968,80.2084884644,37425,37437,12
12.9455499649,80.2087478638,37437,37447,10
12.9462499619,80.2090377808,37447,37457,10
12.9469099045,80.2092971802,37457,37467,10
12.9474897385,80.2095184326,37467,37476,9
12.9480199814,80.2097320557,37476,37487,11
12.9486503601,80.2099761963,37487,37497,10
12.949549675,80.2103500366,37497,37507,10
12.9504899979,80.2107391357,37507,37517,10
12.9514102936,80.2111129761,37517,37527,10
12.9522304535,80.2114334106,37527,37537,10
12.9529895782,80.2117233276,37537,37547,10
12.9537000656,80.212020874,37547,37557,10
12.9545602798,80.2123718262,37557,37568,11
12.9556798935,80.2127990723,37568,37578,10
12.9567403793,80.2132034302,37578,37588,10
12.9577999115,80.2136383057,37588,37598,10
12.9588003159,80.2140274048,37598,37608,10
12.9595499039,80.2143096924,37608,37618,10
12.9600400925,80.2145309448,37618,37628,10
12.9604797363,80.2146911621,37628,37638,10
12.9610795975,80.2149429321,37638,37648,10
12.9618196487,80.2152328491,37648,37658,10
12.9626903534,80.2155838013,37658,37668,10
12.9634399414,80.2158813477,37668,37678,10
12.9635400772,80.2159194946,37678,37688,10
12.9638700485,80.2160568237,37688,37699,11
12.9645004272,80.2163391113,37699,37709,10
12.9651899338,80.2166290283,37709,37719,10
12.9658699036,80.2168884277,37719,37729,10
12.9665002823,80.2171325684,37729,37739,10
12.9671401978,80.217376709,37739,37749,10
12.9677696228,80.217628479,37749,37759,10
12.9683904648,80.217880249,37759,37769,10
12.9691896439,80.2181777954,37769,37779,10
12.9700498581,80.2185134888,37779,37789,10
12.9706897736,80.21875,37789,37799,10
12.9709396362,80.2188186646,37799,37809,10
12.9710502625,80.2188568115,37809,37900,91
12.9710502625,80.2188568115,37900,37910,10
12.9714002609,80.21900177,37910,37951,41
12.9714002609,80.21900177,37951,37961,10
12.9717798233,80.2191696167,37961,37971,10
12.9719104767,80.2192382813,37971,37981,10
12.9720096588,80.2192764282,37981,37991,10
12.9722099304,80.2193603516,37991,38001,10
12.972240448,80.2193832397,38001,38011,10
12.9724197388,80.2194519043,38011,38152,141
12.9724197388,80.2194519043,38152,38162,10
12.972820282,80.2195587158,38162,38182,20
12.972820282,80.2195587158,38182,38192,10
12.9730501175,80.2196731567,38192,38202,10
12.9732398987,80.2197418213,38202,38213,11
12.9735202789,80.2198486328,38213,38223,10
12.9738101959,80.2199935913,38223,38233,10
12.9740200043,80.2201004028,38233,38243,10
12.9743995667,80.2202377319,38243,38253,10
12.9746999741,80.2203369141,38253,38263,10
12.9749498367,80.2204284668,38263,38273,10
12.9751596451,80.2205429077,38273,38283,10
12.9755401611,80.2206878662,38283,38329,46
12.9755401611,80.2206878662,38329,38341,12
12.9757404327,80.220993042,38341,38352,11
12.976099968,80.221206665,38352,38371,19
12.976099968,80.221206665,38371,38382,11
12.976269722,80.2212219238,38382,38392,10
12.9767103195,80.2212295532,38392,38402,10
12.9773197174,80.2212219238,38402,38412,10
12.9778699875,80.2211914063,38412,38421,9
12.9781198502,80.2211837769,38421,38432,11
12.9787597656,80.2211303711,38432,38442,10
12.9795103073,80.2210769653,38442,38451,9
12.9801397324,80.2210388184,38451,38462,11
12.9803495407,80.221031189,38462,38472,10
12.9809799194,80.2210235596,38472,38483,11
12.9816904068,80.2213516235,38483,38493,10
12.9820804596,80.2216033936,38493,38503,10
12.9823598862,80.2217102051,38503,38523,20
12.9823598862,80.2217102051,38523,38533,10
12.9827098846,80.2218704224,38533,38543,10
12.9827804565,80.2219009399,38543,38553,10
12.9830102921,80.2219696045,38553,38563,10
12.9833698273,80.2221603394,38563,38573,10
12.9838695526,80.2224502563,38573,38583,10
12.9843502045,80.2227401733,38583,38593,10
12.984919548,80.2230377197,38593,38603,10
12.9853200912,80.2231903076,38603,38614,11
12.9855899811,80.2230606079,38614,38624,10
12.9861602783,80.2229385376,38624,38634,10
12.9868202209,80.2229690552,38634,38644,10
12.9872999191,80.2230529785,38644,38654,10
12.9876403809,80.2230377197,38654,38664,10
12.9880895615,80.2227935791,38664,38674,10
12.9885501862,80.2223129272,38674,38684,10
12.9890699387,80.2217407227,38684,38694,10
12.9895801544,80.2210006714,38694,38704,10
12.9902601242,80.2204284668,38704,38714,10
12.9904699326,80.2202835083,38714,38724,10
12.9906597137,80.2201385498,38724,38734,10
12.9909095764,80.2198562622,38734,38745,11
12.991230011,80.2196273804,38745,38755,10
12.9915103912,80.2194671631,38755,38765,10
12.9919395447,80.2191619873,38765,38775,10
12.9925804138,80.2187271118,38775,38785,10
12.9933204651,80.2182235718,38785,38795,10
12.9939899445,80.2177886963,38795,38805,10
12.9943199158,80.2174987793,38805,38815,10
12.9945602417,80.2172927856,38815,38825,10
12.994799614,80.2171325684,38825,38835,10
12.9952297211,80.2168579102,38835,38845,10
12.995759964,80.2166366577,38845,38855,10
12.9963197708,80.2165298462,38855,38866,11
12.996720314,80.2164764404,38866,38876,10
12.9969797134,80.2164611816,38876,38886,10
12.997300148,80.2162780762,38886,38906,20
12.997300148,80.2162780762,38906,38916,10
12.9976396561,80.216003418,38916,38926,10
12.9980201721,80.2156600952,38926,38936,10
12.9985904694,80.2151412964,38936,38946,10
12.9989700317,80.2147979736,38946,38956,10
12.9991798401,80.2146224976,38956,38966,10
12.99958992,80.214302063,38966,38975,9
12.9999599457,80.2139587402,38975,38986,11
13.000459671,80.2134933472,38986,38997,11
13.0009002686,80.2130966187,38997,39007,10
13.0013504028,80.2127304077,39007,39017,10
13.0018196106,80.2124176025,39017,39027,10
13.0022802353,80.2121810913,39027,39037,10
13.0024499893,80.2121200562,39037,39047,10
13.0028295517,80.212059021,39047,39057,10
13.003370285,80.212020874,39057,39067,10
13.004119873,80.2120819092,39067,39077,10
13.0047702789,80.2123413086,39077,39087,10
13.0053396225,80.2126235962,39087,39097,10
13.0061397552,80.2127380371,39097,39107,10
13.0069103241,80.212677002,39107,39116,9
13.0078697205,80.2130126953,39116,39138,22
13.0078697205,80.2130126953,39138,39148,10
13.0079698563,80.2131118774,39148,39158,10
13.008310318,80.2132568359,39158,39168,10
13.0087795258,80.2137069702,39168,39178,10
13.0093002319,80.2144012451,39178,39188,10
13.0097303391,80.2150192261,39188,39198,10
13.009929657,80.2156295776,39198,39208,10
13.0105800629,80.2162399292,39208,39218,10
13.0109796524,80.2171707153,39218,39228,10
13.0112800598,80.2179412842,39228,39238,10
13.0116996765,80.2189331055,39238,39248,10
13.0120401382,80.2197875977,39248,39258,10
13.012260437,80.2205963135,39258,39269,11
13.0124597549,80.2212982178,39269,39279,10
13.0125799179,80.2214813232,39279,39289,10
13.0127296448,80.2216796875,39289,39299,10
13.0128898621,80.2219009399,39299,39309,10
13.0130901337,80.2221069336,39309,39319,10
13.0132904053,80.2223815918,39319,39329,10
13.0136098862,80.2228393555,39329,39339,10
13.0139303207,80.2231826782,39339,39349,10
13.0140895844,80.2233810425,39349,39359,10
13.0143499374,80.2236022949,39359,39369,10
13.0148496628,80.2241973877,39369,39379,10
13.0152196884,80.2246627808,39379,39389,10
13.0152301788,80.2247009277,39389,39400,11
13.0153198242,80.2248687744,39400,39410,10
13.0157003403,80.225227356,39410,39420,10
13.0164699554,80.2253189087,39420,39430,10
13.0173301697,80.2250137329,39430,39440,10
13.0182695389,80.2246170044,39440,39450,10
13.019080162,80.2243423462,39450,39460,10
13.019370079,80.2243728638,39460,39470,10
13.0195598602,80.2244415283,39470,39480,10
13.0198202133,80.2245864868,39480,39490,10
13.0202198029,80.2248764038,39490,39500,10
13.0207395554,80.2252502441,39500,39510,10
13.0211000443,80.2255401611,39510,39520,10
13.0214395523,80.2258377075,39520,39531,11
13.0221004486,80.2262496948,39531,39551,20
13.0221004486,80.2262496948,39551,39561,10
13.0222196579,80.2263565063,39561,39571,10
13.0225496292,80.2266998291,39571,39581,10
13.023059845,80.2272033691,39581,39591,10
13.0234603882,80.2275390625,39591,39601,10
13.0238399506,80.2278594971,39601,39611,10
13.0241203308,80.2281417847,39611,39627,16
13.024479866,80.2286605835,39627,39639,12
13.0247497559,80.2290496826,39639,39647,8
13.0249500275,80.2293167114,39647,39658,11
13.025270462,80.2296829224,39658,39680,22
13.025270462,80.2296829224,39680,39690,10
13.0254201889,80.2298583984,39690,39700,10
13.025560379,80.2300567627,39700,39710,10
13.0256996155,80.2302703857,39710,39719,9
13.0258102417,80.2305297852,39719,39730,11
13.0258798599,80.230758667,39730,39740,10
13.0259504318,80.2309570313,39740,39750,10
13.0259895325,80.2312393188,39750,39759,9
13.0261201859,80.2313995361,39759,39770,11
13.0266895294,80.2312393188,39770,39780,10
13.0273199081,80.2310409546,39780,39791,11
13.0281200409,80.2309494019,39791,39801,10
13.0284404755,80.2308807373,39801,39811,10
13.0285797119,80.2308425903,39811,39821,10
13.0287799835,80.2308578491,39821,39831,10
13.0291204453,80.2308273315,39831,39841,10
13.0294599533,80.2307815552,39841,39851,10
13.0297803879,80.230758667,39851,39861,10
13.02987957,80.230758667,39861,39871,10
13.0301103592,80.230758667,39871,39881,10
13.0303897858,80.23072052,39881,39891,10
13.0306301117,80.2307128906,39891,39901,10
13.0306396484,80.2307128906,39901,39912,11
13.0311803818,80.2306365967,39912,39922,10
13.0318698883,80.2305603027,39922,39932,10
13.0324497223,80.2305603027,39932,39942,10
13.0328197479,80.2304992676,39942,39952,10
13.0331401825,80.23046875,39952,39962,10
13.0331802368,80.23046875,39962,39972,10
13.033539772,80.2304534912,39972,39982,10
13.0338201523,80.2304077148,39982,40018,36
13.0338201523,80.2304077148,40018,40030,12
13.0341300964,80.2304229736,40030,40040,10
13.0344495773,80.2303924561,40040,40051,11
13.0348396301,80.23021698,40051,40061,10
13.0350599289,80.2298965454,40061,40091,30
13.0350599289,80.2298965454,40091,40101,10
13.0347204208,80.2298202515,40101,40111,10
13.0342998505,80.2298126221,40111,40151,40
13.0342998505,80.2298126221,40151,40161,10
13.0341596603,80.230178833,40161,40363,202
13.0341596603,80.230178833,40363,40379,16
13.0338201523,80.23046875,40379,40391,12
13.0330495834,80.2305526733,40391,40399,8
13.0325403214,80.2305679321,40399,40411,12
13.0320396423,80.2306289673,40411,40421,10
13.0318603516,80.2306289673,40421,40431,10
13.0313796997,80.2306594849,40431,40442,11
13.0308799744,80.230758667,40442,40452,10
13.030380249,80.2307662964,40452,40462,10
13.0298900604,80.2308120728,40462,40472,10
13.0293903351,80.2308731079,40472,40482,10
13.028670311,80.2309036255,40482,40492,10
13.0279798508,80.2309875488,40492,40502,10
13.0277004242,80.2312316895,40502,40512,10
13.0277395248,80.2317886353,40512,40522,10
13.0277795792,80.2321929932,40522,40531,9
13.0278301239,80.232421875,40531,40541,10
13.0278596878,80.2326507568,40541,40552,11
13.0276899338,80.2328033447,40552,40562,10
13.0270996094,80.2329483032,40562,40663,101
13.0270996094,80.2329483032,40663,40673,10
13.0268096924,80.2330093384,40673,40683,10
13.0264701843,80.2330093384,40683,40693,10
13.0262804031,80.2326889038,40693,40704,11
13.026140213,80.2322311401,40704,40714,10
13.0261201859,80.2320175171,40714,40724,10
13.026049614,80.2316970825,40724,40734,10
13.0259504318,80.2312393188,40734,40744,10
13.0256795883,80.2305297852,40744,40754,10
13.025270462,80.2299423218,40754,40764,10
13.0249204636,80.2294998169,40764,40774,10
13.0247898102,80.2293319702,40774,40784,10
13.0245199203,80.2289810181,40784,40794,10
13.0242795944,80.2286911011,40794,40804,10
13.0240097046,80.2283401489,40804,40814,10
13.0235795975,80.2278671265,40814,40825,11
13.023150444,80.2275390625,40825,40835,10
13.0230398178,80.2274475098,40835,40845,10
13.0229101181,80.2273178101,40845,40855,10
13.0227203369,80.2269210815,40855,40865,10
13.022190094,80.2264633179,40865,40875,10
13.0216598511,80.22605896,40875,40885,10
13.0211000443,80.2256317139,40885,40895,10
13.020529747,80.2252502441,40895,40905,10
13.0202798843,80.2250900269,40905,40915,10
13.0200004578,80.224899292,40915,40925,10
13.0195598602,80.224647522,40925,40935,10
13.0189304352,80.2245483398,40935,40945,10
13.018239975,80.2247695923,40945,40956,11
13.0174198151,80.2250976563,40956,40966,10
13.0167198181,80.2253799438,40966,40975,9
13.0164299011,80.2254867554,40975,40986,11
13.0159196854,80.2256393433,40986,40996,10
13.0152196884,80.2259216309,40996,41006,10
13.0146198273,80.2261734009,41006,41016,10
13.013759613,80.2265625,41016,41046,30
13.013759613,80.2265625,41046,41056,10
13.013420105,80.2266387939,41056,41066,10
13.0128698349,80.2267990112,41066,41076,10
13.0121202469,80.2270736694,41076,41092,16
13.0104398727,80.2276992798,41092,41105,13
13.0094995499,80.2276229858,41105,41112,7
13.0096998215,80.2272033691,41112,41125,13
13.0101604462,80.2262115479,41125,41135,10
13.0107097626,80.2249526978,41135,41155,20
13.0107097626,80.2249526978,41155,41165,10
13.0108003616,80.2247924805,41165,41174,9
13.0109701157,80.2243423462,41174,41185,11
13.0113401413,80.2234420776,41185,41195,10
13.0116195679,80.2227020264,41195,41205,10
13.011879921,80.2219772339,41205,41215,10
13.0121603012,80.2214508057,41215,41226,11
13.012169838,80.2209472656,41226,41235,9
13.0119600296,80.2203292847,41235,41246,11
13.0116500854,80.2194290161,41246,41256,10
13.0113601685,80.2185592651,41256,41266,10
13.011059761,80.2177810669,41266,41276,10
13.0108203888,80.2171401978,41276,41285,9
13.0105800629,80.2166366577,41285,41296,11
13.0102300644,80.2160568237,41296,41306,10
13.0098600388,80.2152786255,41306,41316,10
13.0094203949,80.2146911621,41316,41326,10
13.0090198517,80.2141189575,41326,41340,14
13.008480072,80.2134933472,41340,41354,14
13.0083999634,80.213432312,41354,41363,9
13.0083303452,80.2133865356,41363,41374,11
13.0081396103,80.2133026123,41374,41384,10
13.0079898834,80.213218689,41384,41394,10
13.0078496933,80.2130889893,41394,41404,10
13.0075502396,80.2129135132,41404,41414,10
13.0071802139,80.2127380371,41414,41424,10
13.0064001083,80.2127685547,41424,41434,10
13.0058097839,80.2129211426,41434,41444,10
13.0050001144,80.2124786377,41444,41454,10
13.0044202805,80.2122192383,41454,41464,10
13.0037698746,80.212097168,41464,41474,10
13.0031499863,80.2120895386,41474,41485,11
13.0025196075,80.2121200562,41485,41495,10
13.0019102097,80.2124099731,41495,41505,10
13.0013999939,80.2127914429,41505,41515,10
13.0010099411,80.2130203247,41515,41525,10
13.0006198883,80.2134094238,41525,41535,10
13.0000295639,80.2139968872,41535,41545,10
12.9995498657,80.2143478394,41545,41555,10
12.9991998672,80.2146530151,41555,41565,10
12.9987802505,80.2150268555,41565,41575,10
12.9982995987,80.2154693604,41575,41585,10
12.9975099564,80.2161865234,41585,41605,20
12.9975099564,80.2161865234,41605,41616,11
12.9970703125,80.2164764404,41616,41626,10
12.9965400696,80.2165374756,41626,41636,10
12.9958600998,80.2167434692,41636,41646,10
12.9951896667,80.2169876099,41646,41656,10
12.9946804047,80.2173233032,41656,41666,10
12.9943799973,80.2175369263,41666,41676,10
12.9941596985,80.2177505493,41676,41686,10
12.9937200546,80.2180404663,41686,41696,10
12.9931898117,80.218421936,41696,41706,10
12.9927396774,80.2187805176,41706,41716,10
12.9920196533,80.2193603516,41716,41726,10
12.990940094,80.2200775146,41726,41747,21
12.990940094,80.2200775146,41747,41757,10
12.9906797409,80.2203521729,41757,41767,10
12.9903202057,80.2207183838,41767,41777,10
12.9896602631,80.221282959,41777,41787,10
12.9893198013,80.2217178345,41787,41797,10
12.9889802933,80.2220916748,41797,41807,10
12.9885902405,80.2225189209,41807,41817,10
12.9878902435,80.2229766846,41817,41827,10
12.9874801636,80.2230606079,41827,41837,10
12.9873600006,80.2230606079,41837,41847,10
12.9870100021,80.2230224609,41847,41857,10
12.9865999222,80.2229919434,41857,41867,10
12.9860401154,80.2229690552,41867,41878,11
12.9855899811,80.2232437134,41878,41888,10
12.9851303101,80.2232131958,41888,41898,10
12.9844303131,80.2229385376,41898,41909,11
12.9836702347,80.2225112915,41909,41929,20
12.9836702347,80.2225112915,41929,41939,10
12.9833202362,80.2222518921,41939,41969,30
12.9833202362,80.2222518921,41969,41979,10
12.9829397202,80.2219619751,41979,41989,10
12.9826602936,80.2218475342,41989,41999,10
12.9821901321,80.2217712402,41999,42010,11
12.9814901352,80.2213592529,42010,42020,10
12.9810600281,80.2211608887,42020,42030,10
12.9805698395,80.2210617065,42030,42040,10
12.9795598984,80.2211608887,42040,42050,10
12.9788799286,80.2211608887,42050,42059,9
12.9781999588,80.2211685181,42059,42070,11
12.9767904282,80.2212371826,42070,42100,30
12.9767904282,80.2212371826,42100,42110,10
12.9763202667,80.2212295532,42110,42141,31
12.9763202667,80.2212295532,42141,42151,10
12.9758901596,80.2212905884,42151,42161,10
12.9757604599,80.2211685181,42161,42171,10
12.9757003784,80.2211380005,42171,42181,10
12.9755296707,80.220993042,42181,42191,10
12.9751996994,80.2207565308,42191,42201,10
12.9746198654,80.2205123901,42201,42211,10
12.9740600586,80.2202911377,42211,42221,10
12.973690033,80.2201538086,42221,42231,10
12.9730901718,80.2199020386,42231,42241,10
12.9721899033,80.219619751,42241,42251,10
12.971159935,80.2192764282,42251,42272,21
12.971159935,80.2192764282,42272,42282,10
12.971039772,80.2192001343,42282,47208,4926
12.9340200424,80.2038726807,47208,47221,13
12.9343500137,80.2039108276,47221,47231,10
12.9349298477,80.2040023804,47231,47241,10
12.9356403351,80.2042999268,47241,47252,11
12.936630249,80.2045974731,47252,47262,10
12.9375095367,80.2048492432,47262,47272,10
12.9385099411,80.2051391602,47272,47282,10
12.9394302368,80.2054214478,47282,47292,10
12.9400396347,80.2056121826,47292,47302,10
12.9402303696,80.205657959,47302,47312,10
12.9407396317,80.2058181763,47312,47322,10
12.9413795471,80.2061233521,47322,47332,10
12.9420404434,80.2065811157,47332,47342,10
12.9427204132,80.2071990967,47342,47352,10
12.9432601929,80.2078781128,47352,47361,9
12.9439601898,80.2081832886,47361,47373,12
12.9442195892,80.2082824707,47373,47383,10
12.9444599152,80.2083969116,47383,47393,10
12.9449501038,80.2085723877,47393,47403,10
12.9456501007,80.2088317871,47403,47413,10
12.946439743,80.2091369629,47413,47423,10
12.9471702576,80.2094116211,47423,47433,10
12.9477796555,80.2096481323,47433,47443,10
12.9484500885,80.2098999023,47443,47453,10
12.9491300583,80.2101593018,47453,47463,10
12.9502897263,80.210609436,47463,47473,10
12.9513998032,80.2110595703,47473,47483,10
12.9523801804,80.2114486694,47483,47494,11
12.9533901215,80.2118606567,47494,47504,10
12.9544200897,80.212272644,47504,47514,10
12.9554796219,80.2126998901,47514,47524,10
12.9565601349,80.2131118774,47524,47534,10
12.9576196671,80.2135391235,47534,47544,10
12.9587001801,80.2139663696,47544,47554,10
12.9596996307,80.2143783569,47554,47564,10
12.9606704712,80.2147903442,47564,47574,10
12.961689949,80.2151870728,47574,47584,10
12.9627599716,80.2156219482,47584,47594,10
12.9635095596,80.2158966064,47594,47604,10
12.9639501572,80.2160797119,47604,47614,10
12.9641599655,80.2161483765,47614,47625,11
12.9643697739,80.2162399292,47625,47635,10
12.9648704529,80.2164611816,47635,47645,10
12.9655399323,80.2167205811,47645,47655,10
12.9661903381,80.2169876099,47655,47665,10
12.9668397903,80.2172470093,47665,47675,10
12.967499733,80.2175216675,47675,47685,10
12.9682197571,80.2178268433,47685,47695,10
12.9692401886,80.218208313,47695,47705,10
12.9703197479,80.2186279297,47705,47715,10
12.9711503983,80.2189331055,47715,47725,10
12.9713401794,80.21900177,47725,47735,10
12.9716300964,80.2191390991,47735,47745,10
12.9721803665,80.219367981,47745,47756,11
12.9729003906,80.2196578979,47756,47766,10
12.9735403061,80.2199172974,47766,47776,10
12.9741697311,80.2201766968,47776,47786,10
12.9744701385,80.2203216553,47786,47796,10
12.974650383,80.2204284668,47796,47806,10
12.9748897552,80.2205200195,47806,47816,10
12.9750003815,80.2205734253,47816,47826,10
12.9752902985,80.2206573486,47826,47836,10
12.9755897522,80.2209014893,47836,47846,10
12.975859642,80.2211227417,47846,47876,30
12.975859642,80.2211227417,47876,47887,11
12.9760503769,80.2212295532,47887,47897,10
12.9763498306,80.2212524414,47897,47907,10
12.9767799377,80.2212295532,47907,47917,10
12.977230072,80.2211990356,47917,47927,10
12.9778900146,80.2211608887,47927,47937,10
12.9785499573,80.2210998535,47937,47947,10
12.9792900085,80.2210464478,47947,47957,10
12.9800395966,80.2210083008,47957,47967,10
12.9807300568,80.2209396362,47967,47977,10
12.9814395905,80.2211990356,47977,47987,10
12.9819297791,80.2215881348,47987,47997,10
12.9823303223,80.2217636108,47997,48007,10
12.9827003479,80.2218780518,48007,48024,17
12.9829397202,80.2219696045,48024,48036,12
12.9832601547,80.2221832275,48036,48046,10
12.9837198257,80.2224807739,48046,48056,10
12.9842700958,80.2227706909,48056,48066,10
12.9846897125,80.2230529785,48066,48076,10
12.9850997925,80.2232284546,48076,48086,10
12.9854097366,80.2231826782,48086,48096,10
12.986240387,80.2229537964,48096,48116,20
12.986240387,80.2229537964,48116,48126,10
12.9865398407,80.2229614258,48126,48136,10
12.9868097305,80.2230072021,48136,48147,11
12.9872102737,80.2230529785,48147,48157,10
12.9876804352,80.2230224609,48157,48167,10
12.9881896973,80.2226333618,48167,48177,10
12.9887304306,80.2222213745,48177,48187,10
12.9892501831,80.2216567993,48187,48197,10
12.9897003174,80.2210388184,48197,48207,10
12.9900903702,80.2206420898,48207,48217,10
12.9900999069,80.2206268311,48217,48227,10
12.9902896881,80.2204437256,48227,48237,10
12.9905195236,80.2202377319,48237,48247,10
12.9909200668,80.2199630737,48247,48257,10
12.9914999008,80.2194976807,48257,48267,10
12.9919900894,80.2191390991,48267,48278,11
12.9926795959,80.2186279297,48278,48288,10
12.9933204651,80.218132019,48288,48298,10
12.9937601089,80.2177886963,48298,48308,10
12.9939403534,80.2176971436,48308,48318,10
12.9941101074,80.2175979614,48318,48328,10
12.9942598343,80.2174987793,48328,48338,10
12.9945001602,80.217338562,48338,48358,20
12.9945001602,80.217338562,48358,48368,10
12.9946804047,80.2171936035,48368,48378,10
12.9949302673,80.2170333862,48378,48388,10
12.9953699112,80.2167892456,48388,48398,10
12.9960899353,80.216583252,48398,48409,11
12.997010231,80.2164611816,48409,48419,10
12.9974803925,80.2161712646,48419,48429,10
12.9975299835,80.2161102295,48429,48439,10
12.9976501465,80.2159729004,48439,48449,10
12.9979496002,80.2156524658,48449,48459,10
12.9984703064,80.2152175903,48459,48469,10
12.9991598129,80.2146835327,48469,48509,40
12.9991598129,80.2146835327,48509,48519,10
12.9995098114,80.2143783569,48519,48529,10
12.9998197556,80.2141189575,48529,48540,11
13.0002403259,80.2137527466,48540,48550,10
13.0007095337,80.2133102417,48550,48560,10
13.0012702942,80.2128677368,48560,48570,10
13.0017995834,80.2124710083,48570,48580,10
13.0022697449,80.2122192383,48580,48590,10
13.0026597977,80.212097168,48590,48600,10
13.0030899048,80.2120819092,48600,48610,10
13.0036096573,80.212020874,48610,48620,10
13.0036697388,80.2119903564,48620,48630,10
13.0040798187,80.212020874,48630,48640,10
13.0045900345,80.2122879028,48640,48650,10
13.0051898956,80.2126464844,48650,48660,10
13.0059499741,80.212890625,48660,48671,11
13.0067501068,80.2127227783,48671,48681,10
13.0075502396,80.2128601074,48681,48691,10
13.0078201294,80.2130508423,48691,48731,40
13.0078201294,80.2130508423,48731,48741,10
13.0080900192,80.213218689,48741,48751,10
13.0084600449,80.2133636475,48751,48761,10
13.0088796616,80.2138595581,48761,48770,9
13.0093402863,80.2144927979,48770,48781,11
13.0098304749,80.2150878906,48781,48791,10
13.0100803375,80.2157363892,48791,48802,11
13.0107002258,80.216583252,48802,48812,10
13.0109901428,80.2172088623,48812,48822,10
13.0112800598,80.217956543,48822,48832,10
13.0116195679,80.2189025879,48832,48842,10
13.0119800568,80.2200088501,48842,48852,10
13.0122995377,80.2209320068,48852,48862,10
13.0124998093,80.2213363647,48862,48872,10
13.0126199722,80.2216567993,48872,48882,10
13.0131196976,80.2222671509,48882,48892,10
13.0136299133,80.2228622437,48892,48902,10
13.0139904022,80.2233200073,48902,48912,10
13.0141897202,80.2234802246,48912,48922,10
13.0143995285,80.2238006592,48922,48933,11
13.0149097443,80.2243499756,48933,48943,10
13.0150003433,80.2244567871,48943,48953,10
13.0151395798,80.2246017456,48953,48963,10
13.0153799057,80.2249298096,48963,48973,10
13.0158596039,80.2252731323,48973,48983,10
13.0164403915,80.2252578735,48983,48993,10
13.0165996552,80.2252120972,48993,49003,10
13.0169496536,80.2250900269,49003,49013,10
13.0175800323,80.2248535156,49013,49023,10
13.0183000565,80.2245483398,49023,49033,10
13.0189695358,80.224319458,49033,49042,9
13.0196199417,80.2244262695,49042,49053,11
13.0202703476,80.2248687744,49053,49064,11
13.0208597183,80.2253036499,49064,49074,10
13.0212697983,80.2256698608,49074,49084,10
13.0218000412,80.2260513306,49084,49114,30
13.0218000412,80.2260513306,49114,49124,10
13.0219602585,80.2260971069,49124,49134,10
13.022069931,80.2262420654,49134,49144,10
13.0223703384,80.2265090942,49144,49154,10
13.0228595734,80.2269668579,49154,49164,10
13.0233898163,80.2274780273,49164,49174,10
13.0239601135,80.228012085,49174,49184,10
13.0244998932,80.2286682129,49184,49195,11
13.0249700546,80.229309082,49195,49205,10
13.0254602432,80.229927063,49205,49215,10
13.0258598328,80.2306137085,49215,49225,10
13.0260095596,80.2311401367,49225,49235,10
13.02602005,80.2312698364,49235,49245,10
13.0262002945,80.2312927246,49245,49255,10
13.0265102386,80.2312164307,49255,49265,10
13.0273103714,80.231010437,49265,49275,10
13.0279302597,80.23097229,49275,49285,10
13.0284795761,80.2309188843,49285,49295,10
13.028960228,80.2308731079,49295,49305,10
13.029419899,80.230796814,49305,49315,10
13.0297002792,80.2307815552,49315,49326,11
13.0302696228,80.230758667,49326,49336,10
13.030579567,80.2307434082,49336,49346,10
13.031129837,80.230682373,49346,49356,10
13.0318698883,80.2306213379,49356,49366,10
13.0326795578,80.2305297852,49366,49376,10
13.0333995819,80.2305374146,49376,49386,10
13.0342998505,80.2304382324,49386,49396,10
13.0348901749,80.2302017212,49396,49426,30
13.0348901749,80.2302017212,49426,49436,10
13.0350503922,80.2300796509,49436,49446,10
13.0349903107,80.2303085327,49446,49457,11
13.0344495773,80.2303695679,49457,49467,10
13.033949852,80.2304229736,49467,49477,10
13.0331497192,80.2304534912,49477,49487,10
13.0321397781,80.2305526733,49487,49497,10
13.0313997269,80.2306518555,49497,49507,10
13.0307998657,80.2306976318,49507,49517,10
13.0303297043,80.2307281494,49517,49527,10
13.0298995972,80.2307815552,49527,49537,10
13.0296602249,80.2308502197,49537,49547,10
13.0291795731,80.2308883667,49547,49557,10
13.0284404755,80.2309417725,49557,49567,10
13.0278196335,80.2310028076,49567,49577,10
13.0276699066,80.2312316895,49577,49588,11
13.0277204514,80.231880188,49588,49598,10
13.0278196335,80.2323608398,49598,49608,10
13.0277795792,80.232749939,49608,49618,10
13.0270395279,80.2329330444,49618,49678,60
13.0270395279,80.2329330444,49678,49694,16
13.0265703201,80.233039856,49694,49706,12
13.0262804031,80.2326507568,49706,49716,10
13.026140213,80.2321472168,49716,49727,11
13.0259504318,80.2314071655,49727,49737,10
13.0257396698,80.2306518555,49737,49747,10
13.0252304077,80.2298126221,49747,49755,8
13.0247602463,80.2292175293,49755,49767,12
13.0242300034,80.2285079956,49767,49777,10
13.0237903595,80.2279510498,49777,49787,10
13.0232400894,80.2274093628,49787,49797,10
13.0225696564,80.2267990112,49797,49807,10
13.0220804214,80.2263793945,49807,49817,10
13.021490097,80.2258987427,49817,49828,11
13.0209197998,80.2254562378,49828,49838,10
13.0207996368,80.2253799438,49838,49849,11
13.0207796097,80.2253570557,49849,49859,10
13.0204401016,80.225151062,49859,49868,9
13.020070076,80.224899292,49868,49879,11
13.0193595886,80.2245178223,49879,49889,10
13.0185499191,80.2245788574,49889,49899,10
13.0177698135,80.2248764038,49899,49909,10
13.0169801712,80.2252120972,49909,49919,10
13.0166797638,80.2253417969,49919,49929,10
13.0164699554,80.2254486084,49929,49939,10
13.0162601471,80.2255401611,49939,49949,10
13.0159301758,80.2256317139,49949,49959,10
13.0156002045,80.2257385254,49959,49969,10
13.0153598785,80.2258605957,49969,49990,21
13.0153598785,80.2258605957,49990,50000,10
13.0152902603,80.2259368896,50000,50010,10
13.014960289,80.2259979248,50010,50020,10
13.0145902634,80.2261276245,50020,50030,10
13.0142498016,80.2261810303,50030,50040,10
13.0141897202,80.22605896,50040,50050,10
13.0141601563,80.2257080078,50050,50059,9
13.014380455,80.225402832,50059,50069,10
13.0141801834,80.2253570557,50069,50201,132
13.0141801834,80.2253570557,50201,50211,10
13.014169693,80.2258682251,50211,50221,10
13.0147399902,80.2258071899,50221,50423,202
13.0147399902,80.2258071899,50423,50433,10
13.0147600174,80.2256393433,50433,50443,10
13.0146198273,80.2252120972,50443,50534,91
13.0146198273,80.2252120972,50534,50544,10
13.0144701004,80.2252883911,50544,50554,10
13.0142698288,80.2253112793,50554,50564,10
13.0142402649,80.2256774902,50564,52096,1532
13.0142402649,80.2256774902,52096,52106,10
13.0142202377,80.2261962891,52106,52126,20
13.0142202377,80.2261962891,52126,52136,10
13.0141401291,80.22631073,52136,52146,10
13.0136804581,80.2264862061,52146,52156,10
13.0129804611,80.2267837524,52156,52166,10
13.0120601654,80.2270965576,52166,52176,10
13.0110502243,80.2274780273,52176,52187,11
13.0099802017,80.227897644,52187,52197,10
13.0095596313,80.2275314331,52197,52207,10
13.0098896027,80.2267913818,52207,52218,11
13.0103797913,80.225730896,52218,52230,12
13.010840416,80.2247314453,52230,52240,10
13.0111398697,80.2239532471,52240,52250,10
13.0114297867,80.2232818604,52250,52260,10
13.0118598938,80.2234573364,52260,52270,10
13.0123901367,80.2238311768,52270,52280,10
13.0132102966,80.2242126465,52280,52290,10
13.0141401291,80.2246704102,52290,52300,10
13.0147199631,80.2249984741,52300,52310,10
13.0152902603,80.2252807617,52310,52320,10
13.0160398483,80.2253265381,52320,52339,19
13.0179395676,80.2247009277,52339,52351,12
13.0190696716,80.224319458,52351,52360,9
13.0195503235,80.2244110107,52360,52371,11
13.019900322,80.2246398926,52371,52381,10
13.0202999115,80.2249526978,52381,52392,11
13.0209197998,80.225402832,52392,52402,10
13.0213804245,80.225769043,52402,52411,9
13.0220298767,80.2262878418,52411,52425,14
13.0231304169,80.2272186279,52425,52435,10
13.0238599777,80.2278594971,52435,52445,10
13.0242300034,80.2282180786,52445,52456,11
13.0245304108,80.2286834717,52456,52466,10
13.0248203278,80.2291183472,52466,52476,10
13.0252799988,80.2296905518,52476,52486,10
13.0257101059,80.2303085327,52486,52496,10
13.025850296,80.2305603027,52496,52519,23
13.0260000229,80.2309188843,52519,52531,12
13.0261001587,80.2312088013,52531,52541,10
13.0264902115,80.2311172485,52541,52551,10
13.0270595551,80.231010437,52551,52561,10
13.0280199051,80.2309112549,52561,52571,10
13.0281600952,80.2308883667,52571,52581,10
13.0285301208,80.2308578491,52581,52592,11
13.0291795731,80.230796814,52592,52612,20
13.0291795731,80.230796814,52612,52622,10
13.0295696259,80.2307891846,52622,52632,10
13.0299901962,80.2307434082,52632,52642,10
13.0305099487,80.2306900024,52642,52652,10
13.0311803818,80.2306518555,52652,52662,10
13.0320501328,80.2305831909,52662,52671,9
13.0328197479,80.2305603027,52671,52683,12
13.0339403152,80.23046875,52683,52693,10
13.0343999863,80.2303771973,52693,52703,10
13.0345096588,80.2303466797,52703,52714,11
13.0349397659,80.2301025391,52714,52724,10
13.0347700119,80.2298202515,52724,52925,201
13.0344200134,80.2297515869,52925,53106,181
13.0342302322,80.2301101685,53106,53167,61
13.0342302322,80.2301101685,53167,53177,10
13.0340299606,80.2304000854,53177,53187,10
13.0334997177,80.230430603,53187,53197,10
13.0326900482,80.2304763794,53197,53207,10
13.0319004059,80.2305908203,53207,53217,10
13.0310697556,80.2306671143,53217,53227,10
13.0306196213,80.23072052,53227,53238,11
13.0299797058,80.2307815552,53238,53248,10
13.0293998718,80.2308578491,53248,53258,10
13.0286798477,80.2309036255,53258,53268,10
13.0279397964,80.2309799194,53268,53278,10
13.0276498795,80.2312011719,53278,53288,10
13.0277204514,80.2316436768,53288,53298,10
13.0278196335,80.2322311401,53298,53308,10
13.0277395248,80.2326278687,53308,53318,10
13.0271396637,80.2328414917,53318,53328,10
13.0268297195,80.2329483032,53328,53379,51
13.0268297195,80.2329483032,53379,53389,10
13.0266199112,80.2329177856,53389,53399,10
13.0263996124,80.2329406738,53399,53409,10
13.0262002945,80.2324829102,53409,53419,10
13.02602005,80.2317962646,53419,53429,10
13.0259399414,80.2312698364,53429,53439,10
13.0257101059,80.2305374146,53439,53448,9
13.0251998901,80.2297515869,53448,53458,10
13.0246295929,80.2290420532,53458,53469,11
13.024600029,80.2289962769,53469,53479,10
13.024479866,80.228843689,53479,53489,10
13.0241003036,80.2283935547,53489,53500,11
13.0235204697,80.227722168,53500,53510,10
13.0231399536,80.2274398804,53510,53550,40
13.0231399536,80.2274398804,53550,53560,10
13.0228395462,80.2272491455,53560,53570,10
13.0226602554,80.2269515991,53570,53580,10
13.0222396851,80.2265090942,53580,53590,10
13.0215597153,80.2259597778,53590,53600,10
13.020819664,80.2253570557,53600,53610,10
13.0204401016,80.2250900269,53610,53621,11
13.0201997757,80.2249298096,53621,53631,10
13.0196399689,80.2245483398,53631,53641,10
13.0187196732,80.2244567871,53641,53651,10
13.0177097321,80.2248687744,53651,53661,10
13.0168399811,80.2252426147,53661,53671,10
13.0163402557,80.225440979,53671,53680,9
13.0157899857,80.2256393433,53680,53691,11
13.0151195526,80.2259216309,53691,53701,10
13.0143699646,80.2262496948,53701,53711,10
13.0142002106,80.2263336182,53711,53721,10
13.013759613,80.2264785767,53721,53731,10
13.0134401321,80.2265930176,53731,53741,10
13.0129203796,80.2267913818,53741,53751,10
13.0121202469,80.2271118164,53751,53762,11
13.011059761,80.2275085449,53762,53772,10
13.0100803375,80.2278823853,53772,53782,10
13.0094995499,80.2276229858,53782,53792,10
13.0097999573,80.2269515991,53792,53802,10
13.0101995468,80.2260665894,53802,53812,10
13.0104799271,80.2253494263,53812,53822,10
13.0105400085,80.225189209,53822,53832,10
13.010720253,80.2248382568,53832,53842,10
13.0109596252,80.2242965698,53842,53852,10
13.0112104416,80.2235565186,53852,53862,10
13.0115404129,80.2227706909,53862,53872,10
13.0118503571,80.221862793,53872,53881,9
13.0121002197,80.2212677002,53881,53893,12
13.0120801926,80.220741272,53893,53903,10
13.0118503571,80.2199401855,53903,53913,10
13.0115299225,80.218963623,53913,53923,10
13.011179924,80.2179107666,53923,53933,10
13.0107803345,80.2169418335,53933,53943,10
13.0103797913,80.2162017822,53943,53953,10
13.010020256,80.2155609131,53953,53963,10
13.0095396042,80.2147979736,53963,53973,10
13.0089502335,80.2140426636,53973,53983,10
13.0084495544,80.2134628296,53983,54013,30
13.0083198547,80.2134017944,54013,54034,21
13.0081396103,80.2132873535,54034,54054,20
13.0081396103,80.2132873535,54054,54064,10
13.0079698563,80.2131881714,54064,54074,10
13.0076704025,80.2129516602,54074,54084,10
13.0072603226,80.2127838135,54084,54094,10
13.0066099167,80.2127227783,54094,54104,10
13.0058603287,80.2129592896,54104,54114,10
13.0051603317,80.2126083374,54114,54124,10
13.004650116,80.2123031616,54124,54134,10
13.0038003922,80.2120666504,54134,54145,11
13.0029096603,80.212097168,54145,54155,10
13.0022497177,80.2122573853,54155,54164,9
13.0017595291,80.2125778198,54164,54175,11
13.0012102127,80.2129898071,54175,54185,10
13.0008602142,80.2133636475,54185,54195,10
13.0002002716,80.2139205933,54195,54205,10
12.9996795654,80.2143630981,54205,54215,10
12.9991703033,80.2147903442,54215,54225,10
12.9988899231,80.2149887085,54225,54235,10
12.9983901978,80.2154083252,54235,54245,10
12.9976997375,80.2159729004,54245,54255,10
12.9974803925,80.216178894,54255,54265,10
12.9973897934,80.2162704468,54265,54276,11
12.9970998764,80.2165222168,54276,54286,10
12.9964799881,80.2165679932,54286,54296,10
12.9958200455,80.2167510986,54296,54306,10
12.9954900742,80.2168502808,54306,54316,10
12.9949798584,80.2171401978,54316,54336,20
12.9949798584,80.2171401978,54336,54346,10
12.9948396683,80.2171936035,54346,54356,10
12.9945001602,80.2174377441,54356,54366,10
12.993929863,80.2178573608,54366,54376,10
12.9931297302,80.2183685303,54376,54386,10
12.9923095703,80.2189788818,54386,54396,10
12.9915504456,80.2195587158,54396,54407,11
12.990819931,80.2201080322,54407,54417,10
12.9906997681,80.2202224731,54417,54427,10
12.9904003143,80.2204818726,54427,54437,10
12.989780426,80.2210617065,54437,54447,10
12.989279747,80.2216491699,54447,54457,10
12.9889802933,80.2220535278,54457,54467,10
12.9884195328,80.2226104736,54467,54477,10
12.987739563,80.2230682373,54477,54487,10
12.9871301651,80.2230834961,54487,54497,10
12.986530304,80.2229766846,54497,54507,10
12.9858102798,80.2230377197,54507,54517,10
12.98554039,80.2232131958,54517,54527,10
12.9850597382,80.2232131958,54527,54538,11
12.9843301773,80.2228012085,54538,54548,10
12.983710289,80.222442627,54548,54558,10
12.9834098816,80.2222366333,54558,54568,10
12.9834003448,80.2222366333,54568,54578,10
12.9831895828,80.2220993042,54578,54588,10
12.9828596115,80.2219772339,54588,54598,10
12.9822397232,80.2217712402,54598,54608,10
12.9818601608,80.2215118408,54608,54618,10
12.9813098907,80.2211685181,54618,54628,10
12.9808597565,80.2210617065,54628,54638,10
12.9801797867,80.2210922241,54638,54648,10
12.9792299271,80.2211608887,54648,54658,10
12.9783201218,80.2211914063,54658,54669,11
12.9773597717,80.2212219238,54669,54679,10
12.976559639,80.2212371826,54679,54689,10
12.9760599136,80.2212982178,54689,54699,10
12.9759998322,80.2212982178,54699,54709,10
12.9757795334,80.2211380005,54709,54719,10
12.9755401611,80.2209320068,54719,54759,40
12.9755401611,80.2209320068,54759,54769,10
12.9750795364,80.2205886841,54769,54779,10
12.9743700027,80.2202529907,54779,54789,10
12.9737195969,80.2199783325,54789,54800,11
12.972990036,80.2197189331,54800,54810,10
12.9720897675,80.2194213867,54810,54820,10
12.9712896347,80.2191772461,54820,54830,10
12.9709701538,80.2191009521,54830,54840,10
12.9708299637,80.2190170288,54840,54850,10
12.9703102112,80.21875,54850,54860,10
12.9696302414,80.2184829712,54860,54870,10
12.9689397812,80.218208313,54870,54880,10
12.9682598114,80.2179412842,54880,54890,10
12.9675798416,80.217666626,54890,54900,10
12.9667396545,80.217338562,54900,54910,10
12.9656400681,80.2168807983,54910,54920,10
12.9645004272,80.2164230347,54920,54931,11
12.96352005,80.216003418,54931,54941,10
12.9628601074,80.2157287598,54941,54951,10
12.9621295929,80.2154388428,54951,54961,10
12.9610204697,80.2150115967,54961,54971,10
12.9599399567,80.21459198,54971,54981,10
12.9588899612,80.2141418457,54981,54991,10
12.9577999115,80.213722229,54991,55001,10
12.9567203522,80.2132797241,55001,55011,10
12.9556398392,80.2128601074,55011,55021,10
12.9545402527,80.2124404907,55021,55031,10
12.9535198212,80.2120285034,55031,55041,10
12.9525203705,80.2116088867,55041,55051,10
12.9514598846,80.21118927,55051,55062,11
12.9502696991,80.2107391357,55062,55072,10
12.9492998123,80.210357666,55072,55082,10
12.9483699799,80.2099990845,55082,55092,10
12.9472999573,80.2095794678,55092,55102,10
12.9460802078,80.2090911865,55102,55112,10
12.9449100494,80.2086181641,55112,55122,10
12.9441995621,80.2083587646,55122,55132,10
12.9441604614,80.2083435059,55132,55142,10
12.9437599182,80.2081375122,55142,55152,10
12.9431200027,80.2078170776,55152,55162,10
12.9425296783,80.2071228027,55162,55172,10
12.9417104721,80.2063903809,55172,55182,10
12.9409799576,80.2059707642,55182,55193,11
12.9408197403,80.2058868408,55193,55203,10
12.940290451,80.2057037354,55203,55213,10
12.9395599365,80.2054824829,55213,55223,10
12.9386997223,80.2052230835,55223,55233,10
12.9377002716,80.2049179077,55233,55243,10
12.9366397858,80.2046203613,55243,55253,10
12.9356803894,80.2043533325,55253,55263,10
12.934800148,80.2039718628,55263,55273,10
12.9339199066,80.2039031982,55273,55283,10
12.9336395264,80.2038879395,55283,55293,10
12.9333095551,80.2038269043,55293,55303,10
12.9330596924,80.203742981,55303,55313,10
12.9327001572,80.2035675049,55313,55329,16
12.9315795898,80.2031936646,55329,55342,13
12.9304704666,80.2028579712,55342,55350,8
12.9298000336,80.2027816772,55350,55362,12
12.9293603897,80.2027435303,55362,55372,10
12.9290504456,80.2026672363,55372,55382,10
12.9285202026,80.2024765015,55382,55392,10
12.9284601212,80.2018814087,55392,55402,10
12.928440094,80.2013168335,55402,55412,10
12.9284095764,80.2003173828,55412,55422,10
12.9281597137,80.1993179321,55422,55432,10
12.9276399612,80.198348999,55432,55442,10
12.9267501831,80.1977005005,55442,55453,11
12.9256696701,80.1975021362,55453,55463,10
12.925359726,80.1974868774,55463,55472,9
12.9249601364,80.197479248,55472,55483,11
12.9241504669,80.197479248,55483,55493,10
12.9232196808,80.1974182129,55493,55503,10
12.9221801758,80.1972808838,55503,55513,10
12.9213495255,80.197052002,55513,55523,10
12.9205303192,80.1967391968,55523,55533,10
12.9196796417,80.1964492798,55533,55543,10
12.9190502167,80.1960601807,55543,55553,10
12.9184598923,80.1955337524,55553,55563,10
12.9177799225,80.1949081421,55563,55573,10
12.9171800613,80.1943130493,55573,55584,11
12.917140007,80.1942596436,55584,55594,10
12.9170799255,80.1941375732,55594,55604,10
12.9169597626,80.1936798096,55604,55614,10
12.9169998169,80.1929702759,55614,55624,10
12.9171104431,80.1921768188,55624,55634,10
12.9172096252,80.1913604736,55634,55654,20
12.9172096252,80.1913604736,55654,55664,10
12.9172697067,80.1912689209,55664,55674,10
12.9173202515,80.1907196045,55674,55684,10
12.9174604416,80.1899108887,55684,55694,10
12.917840004,80.188949585,55694,55704,10
12.9185400009,80.1880569458,55704,55714,10
12.9191598892,80.1873626709,55714,55725,11
12.9199895859,80.1864013672,55725,55735,10
12.9202899933,80.1842727661,55735,55745,10
12.9202899933,80.1842727661,55745,55755,10
12.9200401306,80.1831207275,55755,55765,10
12.9198799133,80.1824798584,55765,55775,10
12.9198799133,80.1824264526,55775,55785,10
12.9197797775,80.1819992065,55785,55795,10
12.9196500778,80.1812896729,55795,55806,11
12.9194402695,80.1803207397,55806,55817,11
12.9190397263,80.1791915894,55817,55827,10
12.9183597565,80.1782608032,55827,55837,10
12.9182395935,80.1771469116,55837,55847,10
12.9184503555,80.1760025024,55847,55858,11
12.9187698364,80.1747665405,55858,55868,10
12.9190502167,80.1736221313,55868,55877,9
12.9193201065,80.1725769043,55877,55888,11
12.9196100235,80.1714782715,55888,55899,11
12.9197998047,80.1708374023,55899,55909,10
12.9198598862,80.1706924438,55909,55918,9
12.9200296402,80.1701965332,55918,55929,11
12.9202699661,80.169380188,55929,55939,10
12.9205904007,80.1684036255,55939,55949,10
12.920920372,80.167388916,55949,55959,10
12.9212703705,80.1662597656,55959,55969,10
12.9216403961,80.1651306152,55969,55980,11
12.9220104218,80.1639099121,55980,55990,10
12.9223403931,80.1628570557,55990,56000,10
12.9226198196,80.1620025635,56000,56010,10
12.9229402542,80.1610488892,56010,56020,10
12.9231004715,80.1604232788,56020,56030,10
12.9231500626,80.1603088379,56030,56039,9
12.9232797623,80.1597976685,56039,56050,11
12.9233703613,80.1589508057,56050,56060,10
12.923500061,80.1577072144,56060,56070,10
12.9235897064,80.156539917,56070,56080,10
12.9235200882,80.155456543,56080,56090,10
12.9233198166,80.1549530029,56090,56100,10
12.9233102798,80.1548461914,56100,56110,10
12.9232797623,80.1544265747,56110,56121,11
12.9231004715,80.1537017822,56121,56131,10
12.9228801727,80.1528778076,56131,56141,10
12.9227399826,80.1522903442,56141,56151,10
12.9226903915,80.1519775391,56151,56160,9
12.922659874,80.1513900757,56160,56171,11
12.9226398468,80.1504669189,56171,56181,10
12.9225797653,80.1492004395,56181,56191,10
12.9225597382,80.1480789185,56191,56201,10
12.9225301743,80.1471633911,56201,56211,10
12.9225196838,80.1467895508,56211,56221,10
12.9225196838,80.1463088989,56221,56231,10
12.9225196838,80.1455688477,56231,56241,10
12.9224901199,80.1446380615,56241,56252,11
12.9224300385,80.1434783936,56252,56290,38
12.9224300385,80.1434783936,56290,56300,10
12.9224300385,80.1432571411,56300,56310,10
12.9224300385,80.142906189,56310,56319,9
12.9224395752,80.1425704956,56319,56330,11
12.922419548,80.1419296265,56330,56339,9
12.9223899841,80.1414489746,56339,56351,12
12.9224004745,80.1408691406,56351,56370,19
12.9224004745,80.1408691406,56370,56382,12
12.9224004745,80.1406936646,56382,56392,10
12.922419548,80.1404418945,56392,56402,10
12.9224100113,80.1399230957,56402,56412,10
12.9224004745,80.1393890381,56412,56422,10
12.9224500656,80.1386184692,56422,56432,10
12.9224996567,80.1376190186,56432,56442,10
12.9225502014,80.1366195679,56442,56452,10
12.9225702286,80.1354980469,56452,56462,10
12.9226198196,80.1343231201,56462,56472,10
12.9226703644,80.1331481934,56472,56482,10
12.9226999283,80.1319885254,56482,56492,10
12.9227199554,80.1312026978,56492,56502,10
12.922750473,80.1310272217,56502,56513,11
12.9227895737,80.1303482056,56513,56523,10
12.9228401184,80.1295089722,56523,56533,10
12.9229202271,80.1285171509,56533,56543,10
12.9229402542,80.1276168823,56543,56553,10
12.9229097366,80.1273422241,56553,56563,10
12.9229097366,80.1268234253,56563,56573,10
12.9229297638,80.1260375977,56573,56583,10
12.9229898453,80.1251068115,56583,56593,10
12.9230298996,80.1240386963,56593,56603,10
12.9230899811,80.1228790283,56603,56613,10
12.9231395721,80.1216964722,56613,56623,10
12.9231996536,80.1205825806,56623,56644,21
12.9231996536,80.1205825806,56644,56654,10
12.9232301712,80.1204376221,56654,56674,20
12.9232301712,80.1204376221,56674,56684,10
12.9232196808,80.120262146,56684,56694,10
12.9232797623,80.1196517944,56694,56704,10
12.9232902527,80.1188278198,56704,56714,10
12.9234304428,80.1169662476,56714,56750,36
12.9234304428,80.1169662476,56750,56762,12
12.9236001968,80.1169204712,56762,56772,10
12.9235401154,80.1171417236,56772,56783,11
12.9235897064,80.1176681519,56783,56793,10
12.9235696793,80.1180419922,56793,56803,10
12.9235095978,80.1186981201,56803,56813,10
12.9234399796,80.1194229126,56813,56823,10
12.9233798981,80.1201171875,56823,56833,10
12.9233703613,80.120262146,56833,56843,10
12.9233398438,80.1204833984,56843,56853,10
12.9233102798,80.1209106445,56853,56863,10
12.9233102798,80.1214523315,56863,57155,292
12.9233102798,80.1214523315,57155,57166,11
12.9232597351,80.1215286255,57166,57176,10
12.923210144,80.1220016479,57176,57186,10
12.9231595993,80.122756958,57186,57196,10
12.923119545,80.1237411499,57196,57206,10
12.9231300354,80.1246490479,57206,57216,10
12.9230604172,80.1255569458,57216,57256,40
12.9230604172,80.1255569458,57256,57266,10
12.9230098724,80.1259536743,57266,57276,10
12.9229803085,80.1267166138,57276,57286,10
12.9229297638,80.1275787354,57286,57297,11
12.9229001999,80.1283798218,57297,57307,10
12.9228801727,80.1291275024,57307,57317,10
12.9228200912,80.1299133301,57317,57327,10
12.9228000641,80.1307067871,57327,57337,10
12.9228000641,80.1312637329,57337,57347,10
12.9228000641,80.1313171387,57347,57357,10
12.9227695465,80.131690979,57357,57367,10
12.9227304459,80.1323623657,57367,57377,10
12.9226999283,80.1332626343,57377,57387,10
12.9226503372,80.1342697144,57387,57397,10
12.9226102829,80.1351928711,57397,57407,10
12.9225702286,80.1362915039,57407,57417,10
12.9225301743,80.1372680664,57417,57428,11
12.9224796295,80.1382217407,57428,57438,10
12.9224004745,80.1390914917,57438,57448,10
12.9224100113,80.1400527954,57448,57458,10
12.922419548,80.1408691406,57458,57468,10
12.9224500656,80.1417770386,57468,57478,10
12.922539711,80.1425476074,57478,57518,40
12.922539711,80.1425476074,57518,57528,10
12.922539711,80.1428375244,57528,57544,16
12.9225902557,80.1435012817,57544,57567,23
12.9225902557,80.1435012817,57567,57577,10
12.9225301743,80.1440734863,57577,57586,9
12.922539711,80.1447372437,57586,57597,11
12.9225997925,80.1457366943,57597,57605,8
12.9226303101,80.1465301514,57605,57617,12
12.9226799011,80.1471862793,57617,57627,10
12.9226799011,80.1476974487,57627,57637,10
12.922659874,80.148399353,57637,57647,10
12.9226999283,80.1495132446,57647,57657,10
12.9227199554,80.1505126953,57657,57667,10
12.9227304459,80.151222229,57667,57677,10
12.9227399826,80.1513977051,57677,57688,11
12.9227399826,80.151512146,57688,57698,10
12.9227399826,80.1519088745,57698,57708,10
12.9228696823,80.1526031494,57708,57718,10
12.9230804443,80.1534500122,57718,57728,10
12.9233398438,80.1543731689,57728,57738,10
12.9234304428,80.1545791626,57738,57748,10
12.9234800339,80.1548690796,57748,57758,10
12.9236402512,80.1555175781,57758,57768,10
12.9237203598,80.1562805176,57768,57778,10
12.9236803055,80.1567382813,57778,57788,10
12.9236297607,80.1573104858,57788,57798,10
12.9235496521,80.1580200195,57798,57808,10
12.9234695435,80.158821106,57808,57819,11
12.9233102798,80.1604232788,57819,57839,20
12.9233102798,80.1604232788,57839,57849,10
12.9232702255,80.1605224609,57849,57859,10
12.923119545,80.1610031128,57859,57869,10
12.9228696823,80.161781311,57869,57879,10
12.922539711,80.1627197266,57879,57889,10
12.9221897125,80.163772583,57889,57899,10
12.9218196869,80.1649017334,57899,57909,10
12.9214601517,80.1660385132,57909,57919,10
12.921090126,80.1671676636,57919,57929,10
12.9207296371,80.168296814,57929,57939,10
12.9203996658,80.169380188,57939,57949,10
12.9200801849,80.1704711914,57949,57960,11
12.9199399948,80.1709594727,57960,57970,10
12.9198999405,80.1710968018,57970,57980,10
12.9198198318,80.1713180542,57980,57990,10
12.9197797775,80.1714706421,57990,58000,10
12.9196796417,80.1719284058,58000,58010,10
12.9194898605,80.1726379395,58010,58020,10
12.9192495346,80.1734924316,58020,58030,10
12.9189996719,80.1744766235,58030,58039,9
12.9187803268,80.1754608154,58039,58049,10
12.9185199738,80.176322937,58049,58060,11
12.9183797836,80.177230835,58060,58070,10
12.9183597565,80.1780776978,58070,58081,11
12.9189100266,80.1788711548,58081,58091,10
12.9193696976,80.1797180176,58091,58101,10
12.9196195602,80.1808624268,58101,58111,10
12.9199104309,80.1820068359,58111,58121,10
12.9201602936,80.1831665039,58121,58131,10
12.9203596115,80.1838912964,58131,58161,30
12.9203596115,80.1838912964,58161,58171,10
12.9204301834,80.1843032837,58171,58181,10
12.9205598831,80.1849136353,58181,58191,10
12.9207000732,80.1854705811,58191,58201,10
12.9207000732,80.1854782104,58201,58212,11
12.9206495285,80.1858825684,58212,58222,10
12.920249939,80.1864013672,58222,58232,10
12.9196901321,80.1870117188,58232,58242,10
12.9191198349,80.1876220703,58242,58252,10
12.9186897278,80.1881103516,58252,58262,10
12.9181804657,80.188659668,58262,58272,10
12.9176902771,80.1893768311,58272,58282,10
12.9174804688,80.1903533936,58282,58292,10
12.9173402786,80.1913833618,58292,58302,10
12.9172296524,80.1923065186,58302,58312,10
12.917140007,80.1931381226,58312,58332,20
12.917140007,80.1931381226,58332,58343,11
12.9170999527,80.1933898926,58343,58353,10
12.917090416,80.1938400269,58353,58363,10
12.9172296524,80.1942520142,58363,58373,10
12.9176797867,80.194770813,58373,58383,10
12.918299675,80.1953582764,58383,58393,10
12.9189796448,80.1960220337,58393,58403,10
12.9197397232,80.1965026855,58403,58413,10
12.9204797745,80.196762085,58413,58423,10
12.9212598801,80.1970062256,58423,58433,10
12.92208004,80.1972732544,58433,58443,10
12.9229898453,80.1973800659,58443,58453,10
12.923789978,80.1974563599,58453,58463,10
12.9246397018,80.1974868774,58463,58473,10
12.9252195358,80.1974868774,58473,58484,11
12.9255504608,80.197479248,58484,58494,10
12.9261798859,80.1975326538,58494,58510,16
12.9273395538,80.1980514526,58510,58522,12
12.927980423,80.1988601685,58522,58532,10
12.9283599854,80.1996994019,58532,58542,10
12.9285001755,80.2007293701,58542,58550,8
12.9285402298,80.201499939,58550,58561,11
12.9286003113,80.2024230957,58561,58572,11
12.929309845,80.2027206421,58572,58582,10
12.929400444,80.2027435303,58582,58592,10
12.9297199249,80.202796936,58592,58603,11
12.930439949,80.2029037476,58603,58613,10
12.9313097,80.2031173706,58613,58623,10
12.9322299957,80.2033996582,58623,58633,10
12.9329500198,80.2036209106,58633,58643,10
12.9336595535,80.2038803101,58643,58653,10
12.9339199066,80.2038803101,58653,58672,19
12.9345998764,80.2039718628,58672,58684,12
12.9355201721,80.2042999268,58684,58694,10
12.9364500046,80.2046203613,58694,58704,10
12.9374399185,80.2049026489,58704,58714,10
12.9383897781,80.2051315308,58714,58724,10
12.9393701553,80.2054290771,58724,58734,10
12.9399900436,80.2055892944,58734,58745,11
12.9399995804,80.2055892944,58745,58755,10
12.9404001236,80.2057418823,58755,58765,10
12.9410200119,80.2059783936,58765,58775,10
12.9417600632,80.2063980103,58775,58784,9
12.942440033,80.2069168091,58784,58796,12
12.9431200027,80.2077789307,58796,58805,9
12.943860054,80.208190918,58805,58816,11
12.9444503784,80.2083969116,58816,58826,10
12.9444704056,80.2084197998,58826,58836,10
12.9446897507,80.2084884644,58836,58846,10
12.9452295303,80.2086791992,58846,58856,10
12.9459600449,80.2089691162,58856,58867,11
12.9468002319,80.2092971802,58867,58877,10
12.947429657,80.2095718384,58877,58887,10
12.9479398727,80.2097625732,58887,58897,10
12.948390007,80.2099304199,58897,58907,10
12.9490098953,80.2101821899,58907,58917,10
12.9499702454,80.2105712891,58917,58927,10
12.9511003494,80.2110214233,58927,58937,10
12.9521198273,80.2114334106,58937,58947,10
12.9528799057,80.2117080688,58947,58957,10
12.9535198212,80.2119903564,58957,58967,10
12.9542999268,80.2122879028,58967,58977,10
12.9551200867,80.2126235962,58977,58987,10
12.9559202194,80.212928772,58987,59004,17
12.9573402405,80.2134628296,59004,59016,12
12.958530426,80.2139511108,59016,59023,7
12.9592695236,80.2142486572,59023,59032,9
12.9597902298,80.2144775391,59032,59046,14
12.9615697861,80.2151794434,59046,59057,11
12.9627599716,80.215637207,59057,59070,13
12.9636802673,80.2160186768,59070,59080,10
12.9642696381,80.2162780762,59080,59094,14
12.9652996063,80.2167205811,59094,59104,10
12.9660100937,80.2170028687,59104,59114,10
12.9666004181,80.2172317505,59114,59124,10
12.9672203064,80.2174682617,59124,59135,11
12.9679403305,80.2177810669,59135,59145,10
12.9688100815,80.2180862427,59145,59153,8
12.9696598053,80.218421936,59153,59168,15
12.9711198807,80.2189483643,59168,59178,10
12.9712295532,80.2189788818,59178,59188,10
12.971280098,80.2190322876,59188,59198,10
12.9716396332,80.2191772461,59198,59208,10
12.972240448,80.2194366455,59208,59218,10
12.9729995728,80.2197723389,59218,59228,10
12.9737596512,80.2200698853,59228,59238,10
12.9743299484,80.2203063965,59238,59248,10
12.9744997025,80.2203826904,59248,59256,8
12.974650383,80.2204666138,59256,59268,12
12.974820137,80.2205505371,59268,59275,7
12.9751396179,80.2206726074,59275,59287,12
12.975399971,80.2207717896,59287,59300,13
12.9754800797,80.2208328247,59300,59310,10
12.9756298065,80.2209701538,59310,59321,11
12.9758996964,80.2211990356,59321,59331,10
12.9761104584,80.221282959,59331,59351,20
12.9761104584,80.221282959,59351,59362,11
12.9763202667,80.2213516235,59362,59373,11
12.9766902924,80.2213287354,59373,59383,10
12.9771299362,80.2212905884,59383,59394,11
12.9777603149,80.2212524414,59394,59404,10
12.9784297943,80.221206665,59404,59413,9
12.9791297913,80.2211380005,59413,59423,10
12.9799499512,80.2210617065,59423,59434,11
12.9806804657,80.2210235596,59434,59444,10
12.9812898636,80.2211990356,59444,59453,9
12.9816102982,80.2213592529,59453,59464,11
12.9822301865,80.2217483521,59464,59474,10
12.9828996658,80.2219772339,59474,59494,20
12.9828996658,80.2219772339,59494,59504,10
12.9829998016,80.2220306396,59504,59515,11
12.983300209,80.2222213745,59515,59525,10
12.9837598801,80.2225112915,59525,59534,9
12.9843196869,80.2228393555,59534,59545,11
12.9850702286,80.2232589722,59545,59554,9
12.9853601456,80.2233276367,59554,59565,11
12.9854803085,80.2232131958,59565,59574,9
12.9857902527,80.2230224609,59574,59585,11
12.986410141,80.2229919434,59585,59595,10
12.9867401123,80.2229995728,59595,59605,10
12.9869699478,80.2230606079,59605,59615,10
12.9876499176,80.2230300903,59615,59625,10
12.9882898331,80.2226028442,59625,59635,10
12.9888896942,80.2220001221,59635,59646,11
12.9892196655,80.2215423584,59646,59656,10
12.9893102646,80.2214431763,59656,59666,10
12.9895401001,80.221282959,59666,59706,40
12.9898195267,80.2211608887,59706,59736,30
12.9898195267,80.2211608887,59736,59746,10
12.9900197983,80.2210235596,59746,59777,31
12.9900197983,80.2210235596,59777,59787,10
12.9901895523,80.220703125,59787,59807,20
12.9901895523,80.220703125,59807,59817,10
12.9903802872,80.2204589844,59817,59837,20
12.9903802872,80.2204589844,59837,59847,10
12.9904899597,80.2203598022,59847,59857,10
12.9907598495,80.2201080322,59857,59867,10
12.9911203384,80.219833374,59867,59877,10
12.9916801453,80.2194290161,59877,59887,10
12.9923200607,80.2189788818,59887,59897,10
12.9930200577,80.218460083,59897,59908,11
12.9938097,80.217918396,59908,59918,10
12.9941196442,80.2176818848,59918,59928,10
12.9944095612,80.2174682617,59928,59938,10
12.9945602417,80.2173690796,59938,59948,10
12.9948997498,80.2171325684,59948,59958,10
12.9953899384,80.2168426514,59958,59968,10
12.9960098267,80.2166366577,59968,59978,10
12.9966096878,80.2165374756,59978,59988,10
12.9969997406,80.216506958,59988,59998,10
12.9974899292,80.2161178589,59998,60018,20
12.9974899292,80.2161178589,60018,60029,11
12.9976902008,80.2159423828,60029,60039,10
12.9980802536,80.2155914307,60039,60049,10
12.9985904694,80.2151184082,60049,60059,10
12.9990596771,80.2147979736,60059,60069,10
12.9993600845,80.2145767212,60069,60079,10
12.9998197556,80.2141876221,60079,60089,10
13.0002698898,80.2138214111,60089,60099,10
13.0007600784,80.2133407593,60099,60109,10
13.0012197495,80.2129821777,60109,60119,10
13.001660347,80.2126312256,60119,60129,10
13.0022602081,80.2122573853,60129,60139,10
13.0029602051,80.2121200562,60139,60149,10
13.0036201477,80.2120819092,60149,60160,11
13.0041704178,80.2121582031,60160,60170,10
13.0047197342,80.2123794556,60170,60180,10
13.0053396225,80.2126998901,60180,60190,10
13.0060501099,80.2128677368,60190,60200,10
13.0067100525,80.2127609253,60200,60210,10
13.0072002411,80.2128372192,60210,60220,10
13.0079498291,80.2131729126,60220,60250,30
13.0079498291,80.2131729126,60250,60260,10
13.0081100464,80.2132568359,60260,60270,10
13.0085401535,80.213432312,60270,60280,10
13.0089902878,80.2140274048,60280,60291,11
13.0095500946,80.2147979736,60291,60301,10
13.0098199844,80.2151565552,60301,60311,10
13.0101299286,80.2155838013,60311,60321,10
13.01060009,80.2161865234,60321,60331,10
13.010840416,80.2168197632,60331,60341,10
13.0111598969,80.2175827026,60341,60351,10
13.0115604401,80.2186889648,60351,60361,10
13.0119104385,80.2198181152,60361,60371,10
13.0123195648,80.2210464478,60371,60381,10
13.0126800537,80.2218322754,60381,60391,10
13.0131597519,80.2223129272,60391,60401,10
13.0135803223,80.2227783203,60401,60411,10
13.0140199661,80.2232818604,60411,60421,10
13.0142402649,80.2236099243,60421,60432,11
13.0146903992,80.2240905762,60432,60442,10
13.0151395798,80.2247009277,60442,60462,20
13.0151395798,80.2247009277,60462,60472,10
13.015370369,80.2248916626,60472,60482,10
13.0155696869,80.2250213623,60482,60492,10
13.0157299042,80.2251586914,60492,60502,10
13.0162601471,80.2253417969,60502,60512,10
13.0170698166,80.2251205444,60512,60522,10
13.0178699493,80.2248001099,60522,60532,10
13.0188102722,80.2244110107,60532,60542,10
13.0194301605,80.2243118286,60542,60553,11
13.0196399689,80.2244186401,60553,60563,10
13.0198602676,80.2245788574,60563,60573,10
13.0202503204,80.2248764038,60573,60583,10
13.0208101273,80.2252883911,60583,60593,10
13.0212898254,80.2256774902,60593,60603,10
13.0218400955,80.2260284424,60603,60613,10
13.0220098495,80.2261581421,60613,60623,10
13.0221700668,80.2263412476,60623,60633,10
13.0225801468,80.2267303467,60633,60643,10
13.0231199265,80.2271881104,60643,60653,10
13.0235395432,80.2275772095,60653,60663,10
13.0239601135,80.2279663086,60663,60673,10
13.0242300034,80.2282028198,60673,60684,11
13.0242595673,80.2282485962,60684,60700,16
13.0242795944,80.2283477783,60700,60712,12
13.0245399475,80.2287597656,60712,60722,10
13.0248498917,80.2292022705,60722,60731,9
13.0249996185,80.2293777466,60731,60743,12
13.0251598358,80.2296066284,60743,60753,10
13.0254898071,80.2300109863,60753,60761,8
13.0256996155,80.2303009033,60761,60772,11
13.0258798599,80.2306518555,60772,60784,12
13.025970459,80.2309265137,60784,60795,11
13.0260400772,80.2313079834,60795,60806,11
13.0263996124,80.2313079834,60806,60817,11
13.0272598267,80.2311325073,60817,60826,9
13.0279598236,80.2310180664,60826,60836,10
13.028960228,80.2309036255,60836,60857,21
13.028960228,80.2309036255,60857,60867,10
13.0292301178,80.2308807373,60867,60877,10
13.0295000076,80.2308425903,60877,60887,10
13.0299797058,80.230796814,60887,60897,10
13.0301504135,80.2307815552,60897,60907,10
13.0303602219,80.2307891846,60907,60917,10
13.0305595398,80.2307815552,60917,60928,11
13.0310401917,80.2307434082,60928,60937,9
13.0317401886,80.2306671143,60937,60948,11
13.0325498581,80.2305908203,60948,60958,10
13.0335197449,80.2305221558,60958,61018,60
13.0335197449,80.2305221558,61018,61028,10
13.0338401794,80.2304763794,61028,61038,10
13.0343999863,80.230430603,61038,61048,10
13.0348396301,80.2303009033,61048,61058,10
13.0349397659,80.2301635742,61058,61069,11
13.0347700119,80.2299575806,61069,61472,403
13.0347700119,80.2299575806,61472,61482,10
13.0349302292,80.2298431396,61482,61492,10
13.0347003937,80.2297821045,61492,61502,10
13.0343399048,80.2297515869,61502,61512,10
13.0342702866,80.2299804688,61512,61532,20
13.034239769,80.230140686,61532,61552,20
13.034239769,80.230140686,61552,61562,10
13.0342102051,80.2302627563,61562,61572,10
13.0340499878,80.23046875,61572,61583,11
13.0334796906,80.2304763794,61583,61593,10
13.0328197479,80.2305221558,61593,61603,10
13.0321502686,80.2305984497,61603,61613,10
13.0315599442,80.2306365967,61613,61623,10
13.0311803818,80.230682373,61623,61673,50
13.0311803818,80.230682373,61673,61683,10
13.0308303833,80.230682373,61683,61693,10
13.0304403305,80.2307128906,61693,61703,10
13.0299701691,80.2307662964,61703,61714,11
13.0296096802,80.2308120728,61714,61724,10
13.0291004181,80.2308731079,61724,61734,10
13.028459549,80.2309417725,61734,61744,10
13.0279302597,80.2310028076,61744,61754,10
13.027680397,80.2311096191,61754,61764,10
13.0277004242,80.2314224243,61764,61774,10
13.0277500153,80.2316894531,61774,61784,10
13.0277900696,80.2321472168,61784,61794,10
13.0278902054,80.2326278687,61794,61804,10
13.0275602341,80.2328262329,61804,61814,10
13.0270004272,80.2329483032,61814,61905,91
13.0270004272,80.2329483032,61905,61915,10
13.0266199112,80.2330093384,61915,61925,10
13.0264196396,80.2329788208,61925,61945,20
13.0264196396,80.2329788208,61945,61955,10
13.0262899399,80.2326583862,61955,61965,10
13.0262203217,80.2323913574,61965,61976,11
13.0260896683,80.2318572998,61976,61986,10
13.025970459,80.2313766479,61986,61996,10
13.0257701874,80.2306976318,61996,62006,10
13.0253400803,80.2299804688,62006,62015,9
13.0247802734,80.2292785645,62015,62056,41
13.0247802734,80.2292785645,62056,62066,10
13.0246601105,80.229057312,62066,62076,10
13.0244102478,80.2287368774,62076,62086,10
13.0241203308,80.2283401489,62086,62097,11
13.023639679,80.2277984619,62097,62107,10
13.0233097076,80.2275314331,62107,62117,10
13.0231599808,80.2274398804,62117,62157,40
13.0231599808,80.2274398804,62157,62167,10
13.0228204727,80.2272567749,62167,62177,10
13.0225696564,80.226852417,62177,62187,10
13.02202034,80.2263717651,62187,62197,10
13.0213699341,80.2258377075,62197,62207,10
13.0206604004,80.2253036499,62207,62217,10
13.0203304291,80.225112915,62217,62228,11
13.0201997757,80.2250213623,62228,62238,10
13.0200500488,80.2249069214,62238,62248,10
13.0196800232,80.2246780396,62248,62258,10
13.0190000534,80.2245178223,62258,62268,10
13.0182504654,80.2247619629,62268,62278,10
13.0174102783,80.2250976563,62278,62287,9
13.0167703629,80.2253570557,62287,62298,11
13.016289711,80.2255477905,62298,62308,10
13.0156803131,80.2257537842,62308,62318,10
13.0153598785,80.2259063721,62318,62328,10
13.0150403976,80.2260437012,62328,62338,10
13.0144395828,80.2262802124,62338,62389,51
13.0144395828,80.2262802124,62389,62399,10
13.0140304565,80.2263717651,62399,62409,10
13.0135002136,80.2265777588,62409,62419,10
13.0127601624,80.2268371582,62419,62429,10
13.0118598938,80.2272109985,62429,62439,10
13.0108604431,80.2276077271,62439,62449,10
13.0099000931,80.2279663086,62449,62459,10
13.0095596313,80.2275390625,62459,62469,10
13.0098600388,80.2268829346,62469,62479,10
13.0102100372,80.2260971069,62479,62490,11
13.0104198456,80.2256317139,62490,62500,10
13.0105495453,80.2253189087,62500,62510,10
13.0107498169,80.224899292,62510,62520,10
13.0109701157,80.224357605,62520,62530,10
13.0112600327,80.2236404419,62530,62540,10
13.0115604401,80.2229003906,62540,62550,10
13.0118398666,80.2220306396,62550,62560,10
13.0120697021,80.2214813232,62560,62570,10
13.0121498108,80.2211837769,62570,62580,10
13.0120296478,80.2206802368,62580,62590,10
13.0118503571,80.2200317383,62590,62600,10
13.0115604401,80.2191390991,62600,62610,10
13.0112800598,80.2183227539,62610,62621,11
13.0109195709,80.2173995972,62621,62630,9
13.0105895996,80.2166900635,62630,62641,11
13.0101804733,80.2159500122,62641,62651,10
13.0098400116,80.2152786255,62651,62661,10
13.0094995499,80.2147598267,62661,62671,10
13.009059906,80.2142028809,62671,62681,10
13.0086402893,80.2136535645,62681,62691,10
13.0083398819,80.2134017944,62691,62731,40
13.0083398819,80.2134017944,62731,62742,11
13.0081195831,80.2133026123,62742,62752,10
13.0080003738,80.2132415771,62752,62762,10
13.0078897476,80.213142395,62762,62772,10
13.0076599121,80.2129592896,62772,62782,10
13.0075798035,80.2129211426,62782,62792,10
13.0072603226,80.2128372192,62792,62802,10
13.0068502426,80.2128067017,62802,62812,10
13.0062303543,80.2129211426,62812,62822,10
13.0055799484,80.2129135132,62822,62832,10
13.0050096512,80.2125396729,62832,62842,10
13.0042200089,80.2122421265,62842,62859,17
13.0032997131,80.2121276855,62859,62870,11
13.0027503967,80.2121429443,62870,62881,11
13.0022001266,80.2123413086,62881,62890,9
13.0018796921,80.212562561,62890,62902,12
13.0013303757,80.2129516602,62902,62922,20
13.0013303757,80.2129516602,62922,62932,10
13.0007095337,80.2134780884,62932,62942,10
13.0007095337,80.2134780884,62942,62952,10
12.9999599457,80.2141799927,62952,63134,182
12.9999599457,80.2141799927,63134,63144,10
12.9998502731,80.2142410278,63144,63154,10
12.9995803833,80.2144622803,63154,63164,10
12.9991998672,80.2147598267,63164,63174,10
12.9989995956,80.2149276733,63174,63184,10
12.9986896515,80.2151870728,63184,63194,10
12.998049736,80.2156677246,63194,63204,10
12.9975204468,80.2161636353,63204,63224,20
12.9975204468,80.2161636353,63224,63234,10
12.9973201752,80.2164230347,63234,63244,10
12.9971504211,80.2165527344,63244,63254,10
12.9968004227,80.2165603638,63254,63265,11
12.9963302612,80.2166519165,63265,63275,10
12.9956703186,80.2168273926,63275,63285,10
12.9953098297,80.2170028687,63285,63295,10
12.9950799942,80.2171173096,63295,63305,10
12.9948196411,80.2172775269,63305,63315,10
12.994389534,80.2175979614,63315,63325,10
12.9938802719,80.2180023193,63325,63335,10
12.9932203293,80.2184524536,63335,63345,10
12.9925298691,80.2189407349,63345,63355,10
12.9918603897,80.2194366455,63355,63365,10
12.9912395477,80.2198791504,63365,63381,16
12.9908103943,80.2201766968,63381,63393,12
12.9906702042,80.2202682495,63393,63404,11
12.9903297424,80.2205429077,63404,63414,10
12.9898195267,80.2210464478,63414,63424,10
12.9892997742,80.2216415405,63424,63434,10
12.9888801575,80.2221908569,63434,63444,10
12.9883804321,80.2226715088,63444,63453,9
12.9879703522,80.2229995728,63453,63464,11
12.9873800278,80.2230911255,63464,63483,19
12.9873800278,80.2230911255,63483,63494,11
12.9871797562,80.2230529785,63494,63504,10
12.9869804382,80.2230377197,63504,63514,10
12.9865598679,80.2229995728,63514,63525,11
12.9858798981,80.2229995728,63525,63534,9
12.9854898453,80.2232971191,63534,63545,11
12.9848899841,80.22315979,63545,63555,10
12.9844102859,80.2229537964,63555,63565,10
12.984000206,80.2227172852,63565,63574,9
12.9833698273,80.2223205566,63574,63615,41
12.9833698273,80.2223205566,63615,63625,10
12.9830598831,80.2221221924,63625,63635,10
12.9828195572,80.2220230103,63635,63645,10
12.9825801849,80.2219390869,63645,63656,11
12.9822301865,80.2218093872,63656,63666,10
12.9820404053,80.2217025757,63666,63676,10
12.9816303253,80.2213821411,63676,63686,10
12.9809303284,80.2211380005,63686,63696,10
12.9801797867,80.2211380005,63696,63706,10
12.9793596268,80.2211914063,63706,63716,10
12.9787397385,80.2211990356,63716,63726,10
12.9781599045,80.2212219238,63726,63736,10
12.9775600433,80.2212219238,63736,63746,10
12.9767999649,80.2212371826,63746,63756,10
12.9762001038,80.221282959,63756,63766,10
12.9760303497,80.2213516235,63766,63776,10
12.9758996964,80.2213592529,63776,63787,11
12.9755897522,80.2210617065,63787,63807,20
12.9755897522,80.2210617065,63807,63817,10
12.975520134,80.2209396362,63817,63827,10
12.9752397537,80.2207565308,63827,63837,10
12.9746398926,80.2204589844,63837,63847,10
12.9738397598,80.2201766968,63847,63857,10
12.9730195999,80.2198486328,63857,63867,10
12.9720697403,80.2194976807,63867,63877,10
12.9712896347,80.2192611694,63877,63887,10
12.9709796906,80.2191925049,63887,63897,10
12.9708595276,80.2191390991,63897,63907,10
12.970459938,80.2189025879,63907,63918,11
12.9698200226,80.2186203003,63918,63928,10
12.9692001343,80.2183685303,63928,63938,10
12.9685897827,80.2181167603,63938,63948,10
12.9679803848,80.217880249,63948,63958,10
12.9673500061,80.2176208496,63958,63968,10
12.9664697647,80.2172622681,63968,63977,9
12.9654798508,80.2168579102,63977,63988,11
12.9644804001,80.2164611816,63988,63998,10
12.9637002945,80.2161026001,63998,64008,10
12.9630203247,80.2157974243,64008,64018,10
12.9622097015,80.2154769897,64018,64028,10
12.9612598419,80.2151107788,64028,64038,10
12.9602098465,80.2146987915,64038,64049,11
12.9591302872,80.2142562866,64049,64059,10
12.9581098557,80.2138519287,64059,64069,10
12.957110405,80.2134475708,64069,64079,10
12.9560699463,80.2130279541,64079,64089,10
12.955039978,80.212638855,64089,64099,10
12.9541597366,80.2122802734,64099,64109,10
12.9532403946,80.2119369507,64109,64119,10
12.9521999359,80.211517334,64119,64135,16
12.950510025,80.2108612061,64135,64147,12
12.9493703842,80.2104187012,64147,64156,9
12.9486303329,80.2101287842,64156,64167,11
12.9476804733,80.2097473145,64167,64178,11
12.9464302063,80.2092590332,64178,64188,10
12.9453201294,80.2088165283,64188,64198,10
12.9444704056,80.2084732056,64198,64208,10
12.9442396164,80.2083969116,64208,64218,10
12.9441995621,80.2083587646,64218,64227,9
12.9438800812,80.2082214355,64227,64238,11
12.9433097839,80.2079696655,64238,64248,10
12.9427604675,80.2074432373,64248,64257,9
12.9421300888,80.2067565918,64257,64268,11
12.9410400391,80.2060394287,64268,64288,20
12.9410400391,80.2060394287,64288,64298,10
12.9407997131,80.2059326172,64298,64309,11
12.9402198792,80.2057189941,64309,64319,10
12.9395599365,80.2055206299,64319,64329,10
12.9388504028,80.2052764893,64329,64339,10
12.9380998611,80.205078125,64339,64349,10
12.9372901917,80.2048568726,64349,64359,10
12.936340332,80.2045822144,64359,64369,10
12.9354000092,80.2042694092,64369,64379,10
12.9347295761,80.2040176392,64379,64389,10
12.9338598251,80.203956604,64389,64399,10
12.9338302612,80.203956604,64399,64409,10
12.9336996078,80.203956604,64409,64419,10
12.9333200455,80.2039031982,64419,64430,11
12.9329099655,80.2037277222,64430,64440,10
12.9322900772,80.2034912109,64440,64450,10
12.9315500259,80.2032394409,64450,64460,10
12.9309101105,80.2030410767,64460,64470,10
12.9303398132,80.2029037476,64470,64480,10
12.9295301437,80.2028198242,64480,64500,20
12.9295301437,80.2028198242,64500,64510,10
12.9293498993,80.202796936,64510,64520,10
12.9288396835,80.2027206421,64520,64530,10
12.9284896851,80.2022476196,64530,64540,10
12.9284496307,80.2014312744,64540,64550,10
12.9284095764,80.2005386353,64550,64561,11
12.9282197952,80.1995391846,64561,64571,10
12.9277496338,80.1985931396,64571,64581,10
12.9270095825,80.1978912354,64581,64591,10
12.9262104034,80.1976089478,64591,64601,10
12.925909996,80.1975479126,64601,64611,10
12.9254798889,80.1975631714,64611,64621,10
12.925160408,80.1975402832,64621,64631,10
12.924539566,80.1975402832,64631,64641,10
12.9237804413,80.197517395,64641,64651,10
12.9230804443,80.1974411011,64651,64661,10
12.922369957,80.1973571777,64661,64671,10
12.9220104218,80.1973114014,64671,64681,10
12.9219903946,80.197303772,64681,64692,11
12.9216403961,80.1971664429,64692,64702,10
12.9211301804,80.1969909668,64702,64712,10
12.9208202362,80.1968688965,64712,64722,10
12.9202804565,80.1966934204,64722,64732,10
12.9195899963,80.1964416504,64732,64742,10
12.9189796448,80.1960296631,64742,64752,10
12.9183998108,80.1955108643,64752,64762,10
12.9178695679,80.1950378418,64762,64772,10
12.9173297882,80.1945419312,64772,64782,10
12.9170799255,80.1941680908,64782,64792,10
12.9169998169,80.1938171387,64792,64802,10
12.9169797897,80.1934585571,64802,64812,10
12.9170198441,80.1930618286,64812,64823,11
12.9170598984,80.1928100586,64823,64839,16
12.9171104431,80.1923522949,64839,64851,12
12.9171800613,80.1919174194,64851,64861,10
12.9172401428,80.1913833618,64861,64881,20
12.9172401428,80.1913833618,64881,64891,10
12.9172801971,80.191192627,64891,64901,10
12.917309761,80.1908798218,64901,64910,9
12.9173603058,80.1902770996,64910,64921,11
12.917599678,80.1894302368,64921,64931,10
12.918129921,80.1885986328,64931,64940,9
12.9185600281,80.188117981,64940,64952,12
12.9190196991,80.1876373291,64952,64962,10
12.9195203781,80.1870574951,64962,64972,10
12.9201402664,80.1863479614,64972,64982,10
12.9205799103,80.1854476929,64982,64992,10
12.9203596115,80.1844787598,64992,65002,10
12.9201498032,80.1835021973,65002,65012,10
12.9199800491,80.1827011108,65012,65022,10
12.9198598862,80.1823806763,65022,65032,10
12.9198198318,80.1821899414,65032,65042,10
12.9196996689,80.1816329956,65042,65052,10
12.9195299149,80.1808776855,65052,65068,16
12.9191198349,80.1793670654,65068,65080,12
12.9183597565,80.1782836914,65080,65091,11
12.9182395935,80.1771011353,65091,65101,10
12.9184598923,80.1759719849,65101,65111,10
12.9187498093,80.1748733521,65111,65121,10
12.9190397263,80.1737213135,65121,65131,10
12.9193201065,80.1725997925,65131,65141,10
12.919549942,80.1716690063,65141,65151,10
12.9197597504,80.1709899902,65151,65161,10
12.9197998047,80.1709213257,65161,65170,9
12.9199199677,80.170539856,65170,65181,11
12.9201898575,80.1697006226,65181,65191,10
12.9204998016,80.1686935425,65191,65201,10
12.9208698273,80.1675491333,65201,65212,11
12.9212799072,80.1662979126,65212,65222,10
12.9216403961,80.1651763916,65222,65232,10
12.9219799042,80.164100647,65232,65242,10
12.9222898483,80.1630172729,65242,65252,10
12.922659874,80.1619186401,65252,65262,10
12.9230804443,80.1605377197,65262,65282,20
12.9230804443,80.1605377197,65282,65292,10
12.9231901169,80.1602020264,65292,65302,10
12.9232997894,80.1595077515,65302,65312,10
12.9233999252,80.1585235596,65312,65322,10
12.9235095978,80.1573410034,65322,65332,10
12.923620224,80.1562271118,65332,65343,11
12.9233999252,80.1552276611,65343,65353,10
12.9233198166,80.1549835205,65353,65363,10
12.9233102798,80.154800415,65363,65373,10
12.9232196808,80.1542663574,65373,65383,10
12.92304039,80.1535263062,65383,65393,10
12.922829628,80.1527175903,65393,65403,10
12.9227600098,80.1524505615,65403,65413,10
12.9226799011,80.1521377563,65413,65423,10
12.9226398468,80.1516189575,65423,65433,10
12.9226198196,80.1509017944,65433,65443,10
12.9225997925,80.1501083374,65443,65453,10
12.9225597382,80.1492462158,65453,65463,10
12.9225196838,80.1484909058,65463,65474,11
12.9225196838,80.148147583,65474,65484,10
12.9225196838,80.1479263306,65484,65494,10
12.9224996567,80.147567749,65494,65524,30
12.9224996567,80.147567749,65524,65534,10
12.9225101471,80.1474914551,65534,65544,10
12.9225196838,80.1471481323,65544,65554,10
12.9224996567,80.1464691162,65554,65564,10
12.9224901199,80.1456375122,65564,65574,10
12.9224500656,80.1447296143,65574,65584,10
12.9224004745,80.1432037354,65584,65655,71
12.9224004745,80.1432037354,65655,65665,10
12.9223899841,80.1430969238,65665,65675,10
12.9224004745,80.1427230835,65675,65685,10
12.9223899841,80.1420974731,65685,65695,10
12.9223499298,80.1414413452,65695,65705,10
12.9223499298,80.1413421631,65705,65715,10
12.9223499298,80.140953064,65715,65726,11
12.9223604202,80.1404800415,65726,65736,10
12.9223604202,80.139831543,65736,65746,10
12.9223604202,80.1389694214,65746,65756,10
12.9224300385,80.1380233765,65756,65766,10
12.9224596024,80.1370925903,65766,65776,10
12.9225196838,80.1358413696,65776,65786,10
12.9225597382,80.1346511841,65786,65796,10
12.9226198196,80.1334915161,65796,65806,10
12.9226398468,80.1325912476,65806,65816,10
12.9226799011,80.1316070557,65816,65826,10
12.9227304459,80.1305770874,65826,65836,10
12.9227695465,80.1297988892,65836,65846,10
12.9227895737,80.1293487549,65846,65857,11
12.9228200912,80.1287765503,65857,65867,10
12.9228401184,80.1281433105,65867,65877,10
12.9228601456,80.1272735596,65877,65887,10
12.9228696823,80.1263580322,65887,65897,10
12.9228696823,80.1258010864,65897,65907,10
12.9229202271,80.1253204346,65907,65917,10
12.9229602814,80.1245727539,65917,65927,10
12.9230003357,80.1237487793,65927,65937,10
12.9230499268,80.1227798462,65937,65947,10
12.9230899811,80.1216583252,65947,65957,10
12.923119545,80.1208724976,65957,65977,20
12.923119545,80.1208724976,65977,65988,11
12.9231700897,80.1207199097,65988,65998,10
12.9232196808,80.1205596924,65998,66008,10
12.9232597351,80.1201934814,66008,66018,10
12.9232797623,80.1194381714,66018,66028,10
12.9232797623,80.1188964844,66028,66038,10
12.9232997894,80.1183776855,66038,66048,10
12.9233798981,80.1177597046,66048,66058,10
12.9233999252,80.1169891357,66058,66078,20
12.9233999252,80.1169891357,66078,66088,10
12.92345047,80.1168899536,66088,66098,10
12.9235601425,80.1170883179,66098,66108,10
12.9235200882,80.1174621582,66108,66119,11
12.9236097336,80.1177215576,66119,66129,10
12.9235801697,80.1181335449,66129,66139,10
12.9235200882,80.1187591553,66139,66149,10
12.9234600067,80.1193771362,66149,66159,10
12.9233999252,80.1199035645,66159,66169,10
12.9233598709,80.1203918457,66169,66179,10
12.9233102798,80.1208877563,66179,66189,10
12.9233102798,80.1215896606,66189,66905,716
12.9233102798,80.1215896606,66905,66915,10
12.9232702255,80.1218414307,66915,66925,10
12.9232501984,80.1221389771,66925,66935,10
12.923210144,80.1225814819,66935,66945,10
12.9231700897,80.1231994629,66945,66955,10
12.9231500626,80.1238708496,66955,66965,10
12.9231100082,80.1246337891,66965,66975,10
12.9230804443,80.1254577637,66975,66985,10
12.9230203629,80.1262283325,66985,66995,10
12.9229898453,80.1269378662,66995,67005,10
12.9229803085,80.1273498535,67005,67015,10
12.922949791,80.1277084351,67015,67026,11
12.9229402542,80.1281280518,67026,67036,10
12.9229202271,80.1283874512,67036,67046,10
12.9229001999,80.1287078857,67046,67056,10
12.9228801727,80.1291503906,67056,67066,10
12.9228601456,80.1295928955,67066,67076,10
12.922829628,80.1299591064,67076,67086,10
12.9228096008,80.1304321289,67086,67096,10
12.9228096008,80.1309814453,67096,67106,10
12.9228096008,80.131401062,67106,67116,10
12.9228096008,80.1315307617,67116,67126,10
12.9227895737,80.1319732666,67126,67136,10
12.922750473,80.1326675415,67136,67146,10
12.9227199554,80.1333999634,67146,67157,11
12.9226703644,80.1343231201,67157,67167,10
12.9226303101,80.1351928711,67167,67177,10
12.9225997925,80.1359405518,67177,67187,10
12.9225702286,80.1365585327,67187,67197,10
12.9225301743,80.1373519897,67197,67207,10
12.9224996567,80.1380233765,67207,67217,10
12.9224500656,80.1387023926,67217,67227,10
12.9224300385,80.1394729614,67227,67237,10
12.9224395752,80.1401901245,67237,67247,10
12.9224500656,80.1406707764,67247,67257,10
12.9224500656,80.1412963867,67257,67267,10
12.9224500656,80.1419830322,67267,67277,10
12.9224500656,80.1423110962,67277,67294,17
12.9225101471,80.1429290771,67294,67306,12
12.9225597382,80.1434020996,67306,67316,10
12.9225702286,80.1435317993,67316,67326,10
12.9225702286,80.143661499,67326,67336,10
12.9225702286,80.143737793,67336,67346,10
12.922539711,80.1441574097,67346,67356,10
12.9225702286,80.1448364258,67356,67366,10
12.9225902557,80.1456298828,67366,67376,10
12.9226398468,80.1464004517,67376,67386,10
12.9226799011,80.1470489502,67386,67396,10
12.9226999283,80.1472015381,67396,67405,9
12.9226999283,80.1472091675,67405,67417,12
12.9226799011,80.147277832,67417,67426,9
12.9226703644,80.1475372314,67426,67437,11
12.922659874,80.148147583,67437,67447,10
12.9226503372,80.1488571167,67447,67457,10
12.9227104187,80.1497192383,67457,67467,10
12.9227304459,80.1504898071,67467,67477,10
12.9227399826,80.1511764526,67477,67487,10
12.9227800369,80.1517333984,67487,67517,30
12.9227800369,80.1517333984,67517,67527,10
12.9227695465,80.1518630981,67527,67538,11
12.9228401184,80.1524200439,67538,67548,10
12.9229698181,80.1530227661,67548,67558,10
12.9231300354,80.1536483765,67558,67568,10
12.9234304428,80.1547164917,67568,67588,20
12.9234304428,80.1547164917,67588,67598,10
12.9234600067,80.1548309326,67598,67608,10
12.9235200882,80.1550598145,67608,67618,10
12.9236497879,80.155632019,67618,67628,10
12.9237098694,80.1564483643,67628,67638,10
12.923620224,80.1573486328,67638,67648,10
12.9235200882,80.1585083008,67648,67658,10
12.9234199524,80.1595077515,67658,67669,11
12.9233102798,80.1604537964,67669,67679,10
12.9232702255,80.1605300903,67679,67689,10
12.923119545,80.1609725952,67689,67699,10
12.9228897095,80.1616821289,67699,67709,10
12.9226198196,80.1624984741,67709,67719,10
12.9223299026,80.1633377075,67719,67729,10
12.9221200943,80.1640319824,67729,67739,10
12.9218597412,80.1648483276,67739,67749,10
12.9215202332,80.1658630371,67749,67759,10
12.9211702347,80.1669769287,67759,67769,10
12.9208297729,80.1680831909,67769,67779,10
12.9204702377,80.1691589355,67779,67788,9
12.9201803207,80.1701507568,67788,67800,12
12.9199199677,80.1710205078,67800,67810,10
12.9199104309,80.171043396,67810,67820,10
12.9198799133,80.1711196899,67820,67830,10
12.9197597504,80.1715087891,67830,67840,10
12.9195899963,80.1721572876,67840,67850,10
12.919380188,80.1729812622,67850,67860,10
12.9191398621,80.1738815308,67860,67870,10
12.9188995361,80.174911499,67870,67880,10
12.9186000824,80.1760177612,67880,67890,10
12.9183998108,80.1769180298,67890,67900,10
12.9182796478,80.1779708862,67900,67910,10
12.9188404083,80.1788711548,67910,67920,10
12.9193897247,80.1798477173,67920,67931,11
12.9196596146,80.1811294556,67931,67941,10
12.9199199677,80.1822433472,67941,67951,10
12.920129776,80.1830596924,67951,67961,10
12.9202404022,80.1834335327,67961,67971,10
12.9202804565,80.1835632324,67971,67981,10
12.9203195572,80.1837234497,67981,67991,10
12.9203500748,80.1838912964,67991,68000,9
12.9203596115,80.1840896606,68000,68011,11
12.9203996658,80.1843109131,68011,68021,10
12.9205303192,80.1848220825,68021,68031,10
12.920630455,80.1852111816,68031,68041,10
12.920630455,80.185218811,68041,68051,10
12.9206495285,80.1853637695,68051,68062,11
12.9206695557,80.185836792,68062,68072,10
12.92029953,80.1863479614,68072,68082,10
12.9197597504,80.1869277954,68082,68092,10
12.9191598892,80.1875991821,68092,68102,10
12.918589592,80.1882171631,68102,68112,10
12.9180297852,80.1888427734,68112,68122,10
12.9176301956,80.1895675659,68122,68132,10
12.9174804688,80.1902389526,68132,68142,10
12.9174098969,80.1908493042,68142,68152,10
12.9173297882,80.191619873,68152,68162,10
12.9172697067,80.1922225952,68162,68172,10
12.9171600342,80.192779541,68172,68211,39
12.9171600342,80.192779541,68211,68221,10
12.917140007,80.193031311,68221,68231,10
12.9171495438,80.1931686401,68231,68240,9
12.9171304703,80.1931991577,68240,68251,11
12.917090416,80.1934432983,68251,68261,10
12.9171304703,80.193977356,68261,68271,10
12.9173498154,80.1944885254,68271,68281,10
12.9178495407,80.1949768066,68281,68292,11
12.9184799194,80.1955566406,68292,68302,10
12.9190502167,80.1960830688,68302,68313,11
12.9195604324,80.1964187622,68313,68323,10
12.9197301865,80.1965026855,68323,68333,10
12.9199304581,80.1965637207,68333,68343,10
12.9202003479,80.196647644,68343,68353,10
12.9203195572,80.1966934204,68353,68363,10
12.9205799103,80.1967697144,68363,68373,10
12.9208602905,80.1968765259,68373,68383,10
12.9213695526,80.1970596313,68383,68393,10
12.9220695496,80.1972808838,68393,68403,10
12.9226999283,80.1973800659,68403,68419,16
12.9230203629,80.1974182129,68419,68431,12
12.92345047,80.1974868774,68431,68441,10
12.9239597321,80.197517395,68441,68452,11
12.9248895645,80.197517395,68452,68462,10
12.9251499176,80.1975097656,68462,68472,10
12.9253997803,80.197517395,68472,68482,10
12.9258298874,80.1975097656,68482,68492,10
12.926150322,80.1975479126,68492,68501,9
12.9266195297,80.1976776123,68501,68511,10
12.9271202087,80.1979370117,68511,68522,11
12.9276800156,80.1984176636,68522,68532,10
12.928030014,80.1990203857,68532,68542,10
12.9283399582,80.1997528076,68542,68552,10
12.9284696579,80.2005691528,68552,68562,10
12.9285001755,80.2013168335,68562,68573,11
12.9285202026,80.2018508911,68573,68583,10
12.9285402298,80.2022399902,68583,68593,10
12.9287796021,80.2027206421,68593,68603,10
12.9291801453,80.2027587891,68603,68613,10
12.9293498993,80.2027664185,68613,68623,10
12.9295196533,80.202796936,68623,68633,10
12.9299898148,80.2028579712,68633,68643,10
12.9304895401,80.2029266357,68643,68653,10
12.9310598373,80.2030792236,68653,68669,16
12.9320402145,80.2033996582,68669,68681,12
12.9326896667,80.2036132813,68681,68689,8
12.9330301285,80.203742981,68689,68701,12
12.9333400726,80.2038497925,68701,68712,11
12.9339599609,80.203918457,68712,68732,20
12.9339599609,80.203918457,68732,68742,10
12.9341697693,80.2039413452,68742,68752,10
12.9342098236,80.2039413452,68752,68762,10
12.9343996048,80.2039489746,68762,68772,10
12.9348697662,80.2040405273,68772,68781,9
12.9354696274,80.2042999268,68781,68791,10
12.9363203049,80.2045822144,68791,68802,11
12.9372301102,80.2048416138,68802,68811,9
12.9379196167,80.2050323486,68811,68822,11
12.9385204315,80.2052230835,68822,68833,11
12.9392795563,80.2054519653,68833,68843,10
12.9398498535,80.205619812,68843,68853,10
12.9399299622,80.2056274414,68853,68863,10
12.9402599335,80.2057418823,68863,68873,10
12.9408903122,80.205947876,68873,68883,10
12.9415798187,80.2063293457,68883,68893,10
12.9422302246,80.2068328857,68893,68903,10
12.9426298141,80.2071914673,68903,68913,10
12.9429397583,80.2076187134,68913,68923,10
12.9434604645,80.2080764771,68923,68933,10
12.9441204071,80.2083206177,68933,68943,10
12.9442596436,80.208366394,68943,68954,11
12.9445400238,80.2084732056,68954,68964,10
12.9451198578,80.2086791992,68964,68974,10
12.9458799362,80.2089767456,68974,68984,10
12.9467201233,80.209312439,68984,68994,10
12.9474697113,80.2096099854,68994,69004,10
12.9481401443,80.2098693848,69004,69014,10
12.9487800598,80.2101211548,69014,69024,10
12.9497003555,80.2104797363,69024,69034,10
12.9507598877,80.210899353,69034,69050,16
12.9521398544,80.2114562988,69050,69062,12
12.9527797699,80.2116775513,69062,69070,8
12.9530801773,80.2118377686,69070,69082,12
12.9536504745,80.2120819092,69082,69093,11
12.9542999268,80.2123413086,69093,69103,10
12.9551000595,80.2126617432,69103,69113,10
12.9559402466,80.2129821777,69113,69123,10
12.9567699432,80.2132797241,69123,69133,10
12.9576997757,80.2136764526,69133,69143,10
12.9587202072,80.2140884399,69143,69153,10
12.9595603943,80.2144317627,69153,69163,10
12.959980011,80.2146072388,69163,69173,10
12.9601602554,80.2146987915,69173,69183,10
12.9604597092,80.2148132324,69183,69193,10
12.9607000351,80.2148971558,69193,69203,10
12.9610595703,80.2150421143,69203,69225,22
12.9617004395,80.2152786255,69225,69258,33
12.9617004395,80.2152786255,69258,69268,10
12.9619102478,80.2153625488,69268,69278,10
12.9621496201,80.215461731,69278,69288,10
12.9624795914,80.2155838013,69288,69298,10
12.9629602432,80.2157669067,69298,69308,10
12.963350296,80.215927124,69308,69318,10
12.96352005,80.216003418,69318,69328,10
12.9638299942,80.2161407471,69328,69338,10
12.964220047,80.2163009644,69338,69349,11
12.9651298523,80.2166900635,69349,69359,10
12.9658498764,80.2169570923,69359,69369,10
12.9664402008,80.2172012329,69369,69379,10
12.9670000076,80.2174224854,69379,69389,10
12.9674100876,80.2175827026,69389,69398,9
12.9675598145,80.2176513672,69398,69409,11
12.9678201675,80.2177581787,69409,69419,10
12.9683904648,80.2179794312,69419,69429,10
12.9693002701,80.2183380127,69429,69439,10
12.970199585,80.2186889648,69439,69449,10
12.9708204269,80.2189331055,69449,69459,10
12.9709596634,80.2189788818,69459,69470,11
12.9711198807,80.2190628052,69470,69601,131
12.9711198807,80.2190628052,69601,69611,10
12.9713201523,80.2191619873,69611,69621,10
12.9715003967,80.2192382813,69621,69631,10
12.9716501236,80.2193222046,69631,69641,10
12.9718198776,80.2193984985,69641,69651,10
12.9721698761,80.2195205688,69651,69661,10
12.9722604752,80.2195510864,69661,69671,10
12.9724702835,80.2196121216,69671,69681,10
12.9726200104,80.2196731567,69681,69691,10
12.9727096558,80.2197036743,69691,69701,10
12.9729003906,80.2197799683,69701,69883,182
12.9729003906,80.2197799683,69883,69893,10
12.9732198715,80.2199478149,69893,69903,10
12.9734601974,80.2200393677,69903,69913,10
12.9738998413,80.2202224731,69913,69923,10
12.9743795395,80.2204589844,69923,69933,10
12.9748497009,80.2206268311,69933,69943,10
12.975110054,80.2207336426,69943,70143,200
12.975110054,80.2207336426,70143,70153,10
12.9755601883,80.2208709717,70153,70163,10
12.9758796692,80.2211380005,70163,70173,10
12.9761400223,80.2212524414,70173,70203,30
12.9761400223,80.2212524414,70203,70213,10
12.9763298035,80.2212219238,70213,70264,51
12.9763298035,80.2212219238,70264,70274,10
12.9766702652,80.2212600708,70274,70284,10
12.9771699905,80.2212600708,70284,70294,10
12.977809906,80.2212371826,70294,70304,10
12.9784402847,80.221206665,70304,70314,10
12.9790897369,80.2211608887,70314,70324,10
12.9797801971,80.2211074829,70324,70334,10
12.9805002213,80.221031189,70334,70344,10
12.9809799194,80.2210769653,70344,70354,10
12.9814796448,80.2213134766,70354,70364,10
12.9819202423,80.2215881348,70364,70375,11
12.9824304581,80.2218170166,70375,70385,10
12.9828596115,80.2219772339,70385,70405,20
12.9828596115,80.2219772339,70405,70415,10
12.9831104279,80.2221221924,70415,70425,10
12.9833402634,80.2222518921,70425,70435,10
12.9834604263,80.2223434448,70435,70445,10
12.9835796356,80.2224121094,70445,70455,10
12.9837598801,80.2225189209,70455,70465,10
12.9838695526,80.2225799561,70465,70475,10
12.9840602875,80.2226867676,70475,70485,10
12.9844903946,80.2229614258,70485,70495,10
12.9847202301,80.2230834961,70495,70506,11
12.9851303101,80.2232513428,70506,70516,10
12.9854898453,80.2231369019,70516,70526,10
12.9859199524,80.2229919434,70526,70536,10
12.9864597321,80.2230224609,70536,70546,10
12.9868001938,80.2230606079,70546,70556,10
12.9870004654,80.2230834961,70556,70566,10
12.9873199463,80.2231292725,70566,70576,10
12.9878997803,80.2229766846,70576,70586,10
12.9884395599,80.2225494385,70586,70596,10
12.9889297485,80.222038269,70596,70606,10
12.9892997742,80.2215499878,70606,70616,10
12.9896602631,80.2210388184,70616,70626,10
12.9903497696,80.2204284668,70626,70647,21
12.9903497696,80.2204284668,70647,70657,10
12.990480423,80.2203979492,70657,70667,10
12.9907302856,80.2201766968,70667,70677,10
12.9911298752,80.2198410034,70677,70687,10
12.991350174,80.2196807861,70687,70697,10
12.9914703369,80.2195587158,70697,70707,10
12.991809845,80.2192993164,70707,70717,10
12.9923601151,80.2189102173,70717,70727,10
12.9929199219,80.21849823,70727,70737,10
12.9934902191,80.2180862427,70737,70747,10
12.993929863,80.2177886963,70747,70758,11
12.9942798615,80.2175292969,70758,70768,10
12.9945602417,80.2172927856,70768,70778,10
12.9949703217,80.2170181274,70778,70788,10
12.9954395294,80.2167510986,70788,70798,10
12.9960699081,80.216583252,70798,70808,10
12.9968795776,80.2164993286,70808,70828,20
12.9968795776,80.2164993286,70828,70838,10
12.997209549,80.2164230347,70838,70848,10
12.9974603653,80.2161636353,70848,70858,10
12.9974603653,80.2161483765,70858,70868,10
12.9975299835,80.2160797119,70868,70878,10
12.9978399277,80.2157897949,70878,70889,11
12.9984197617,80.2152786255,70889,70899,10
12.9989995956,80.2147979736,70899,70909,10
12.9992198944,80.2146072388,70909,70919,10
12.9996299744,80.2142562866,70919,70929,10
13.0000600815,80.2138824463,70929,70939,10
13.0005702972,80.2134094238,70939,70949,10
13.0010995865,80.2129974365,70949,70959,10
13.0016899109,80.212562561,70959,70969,10
13.0020999908,80.212310791,70969,70979,10
13.0024795532,80.2121734619,70979,70989,10
13.0029497147,80.2121200562,70989,70999,10
13.0034399033,80.2120819092,70999,71010,11
13.0036401749,80.2121200562,71010,71040,30
13.0036401749,80.2121200562,71040,71050,10
13.0037403107,80.2119674683,71050,71060,10
13.0040998459,80.2120437622,71060,71070,10
13.0046701431,80.212310791,71070,71080,10
13.0051803589,80.212677002,71080,71090,10
13.0059299469,80.2129135132,71090,71100,10
13.0066299438,80.2127532959,71100,71110,10
13.0071802139,80.2128067017,71110,71120,10
13.0075998306,80.2128982544,71120,71130,10
13.007610321,80.2129135132,71130,71140,10
13.0076704025,80.2129821777,71140,71151,11
13.0076999664,80.2129974365,71151,71161,10
13.0079298019,80.2131881714,71161,71171,10
13.0083503723,80.2133789063,71171,71181,10
13.008769989,80.2138137817,71181,71191,10
13.0092496872,80.2144622803,71191,71201,10
13.0096197128,80.2150268555,71201,71211,10
13.0099000931,80.2153625488,71211,71221,10
13.0103797913,80.2158508301,71221,71231,10
13.0106801987,80.216506958,71231,71241,10
13.0108804703,80.2170410156,71241,71251,10
13.0112800598,80.2180099487,71251,71261,10
13.011639595,80.21900177,71261,71272,11
13.0120201111,80.2201766968,71272,71282,10
13.0123100281,80.2210083008,71282,71292,10
13.0125398636,80.2215194702,71292,71302,10
13.0126695633,80.2218399048,71302,71312,10
13.0129995346,80.22215271,71312,71322,10
13.0132303238,80.2223968506,71322,71332,10
13.0136003494,80.2228622437,71332,71342,10
13.0139598846,80.2234573364,71342,71352,10
13.0143499374,80.2238922119,71352,71362,10
13.0150203705,80.2246627808,71362,71372,10
13.0153398514,80.224899292,71372,71382,10
13.015370369,80.2249221802,71382,71392,10
13.0155897141,80.2251281738,71392,71403,11
13.0161600113,80.2253723145,71403,71413,10
13.0169200897,80.2251815796,71413,71423,10
13.017829895,80.2248001099,71423,71433,10
13.0187597275,80.2244415283,71433,71443,10
13.0194196701,80.2244033813,71443,71463,20
13.0194196701,80.2244033813,71463,71473,10
13.0197200775,80.2246170044,71473,71483,10
13.0201101303,80.224899292,71483,71493,10
13.0206804276,80.2253036499,71493,71503,10
13.0212097168,80.2256774902,71503,71513,10
13.0217399597,80.2260818481,71513,71523,10
13.0221395493,80.226348877,71523,71534,11
13.0222301483,80.2264404297,71534,71544,10
13.022600174,80.2267913818,71544,71554,10
13.0230998993,80.2272720337,71554,71564,10
13.0236997604,80.2278137207,71564,71574,10
13.0243301392,80.2285003662,71574,71584,10
13.0248003006,80.2291717529,71584,71594,10
13.0253400803,80.2298583984,71594,71604,10
13.0258197784,80.2306365967,71604,71614,10
13.02602005,80.2312927246,71614,71630,16
13.0267496109,80.2311782837,71630,71642,12
13.0275802612,80.231010437,71642,71651,9
13.0279598236,80.2309570313,71651,71663,12
13.0286397934,80.2309188843,71663,71682,19
13.0286397934,80.2309188843,71682,71694,12
13.028840065,80.2308807373,71694,71704,10
13.0290899277,80.2308273315,71704,71714,10
13.0293502808,80.2308120728,71714,71724,10
13.029709816,80.2307815552,71724,71764,40
13.029709816,80.2307815552,71764,71774,10
13.029999733,80.230758667,71774,71784,10
13.0303001404,80.2307434082,71784,71795,11
13.0308198929,80.2307128906,71795,71805,10
13.0311803818,80.2306671143,71805,71815,10
13.0317201614,80.2306594849,71815,71825,10
13.0322799683,80.2306213379,71825,71835,10
13.0328903198,80.2305908203,71835,71845,10
13.033370018,80.2305526733,71845,71855,10
13.0337400436,80.230506897,71855,71865,10
13.0337400436,80.230506897,71865,71875,10
13.0339002609,80.2304992676,71875,71885,10
13.0340995789,80.2304992676,71885,71895,10
13.0344495773,80.2304229736,71895,71926,31
13.0344495773,80.2304229736,71926,71936,10
13.0347299576,80.2303237915,71936,71946,10
13.0349597931,80.230140686,71946,71956,10
13.0350198746,80.2299423218,71956,71966,10
13.0347604752,80.229850769,71966,71976,10
13.0343399048,80.2297821045,71976,72167,191
13.0341796875,80.2300796509,72167,72359,192
13.0341796875,80.2300796509,72359,72369,10
13.0341596603,80.2304229736,72369,72379,10
13.0340204239,80.2305297852,72379,72399,20
13.0340204239,80.2305297852,72399,72409,10
13.0337495804,80.2304763794,72409,72419,10
13.0331602097,80.2305374146,72419,72429,10
13.0326099396,80.2305831909,72429,72440,11
13.0320501328,80.2306518555,72440,72450,10
13.0313596725,80.2307128906,72450,72460,10
13.0307598114,80.2307662964,72460,72470,10
13.0304498672,80.230796814,72470,72480,10
13.0296802521,80.2309112549,72480,72510,30
13.0296802521,80.2309112549,72510,72520,10
13.0293703079,80.2309494019,72520,72530,10
13.0288696289,80.2309875488,72530,72540,10
13.0282402039,80.2310791016,72540,72550,10
13.0277099609,80.2311325073,72550,72560,10
13.0276603699,80.2314300537,72560,72571,11
13.0277299881,80.2319564819,72571,72581,10
13.0277996063,80.2324981689,72581,72591,10
13.0276098251,80.2328414917,72591,72601,10
13.0270700455,80.2329711914,72601,72611,10
13.0267696381,80.233039856,72611,72621,10
13.0264196396,80.232963562,72621,72631,10
13.0262098312,80.2324295044,72631,72641,10
13.0260601044,80.231880188,72641,72651,10
13.0258598328,80.2312164307,72651,72661,10
13.0255002975,80.2303619385,72661,72671,10
13.0247898102,80.2293930054,72671,72702,31
13.0247898102,80.2293930054,72702,72712,10
13.0246400833,80.2291564941,72712,72722,10
13.0244197845,80.2288894653,72722,72732,10
13.0240402222,80.2284622192,72732,72742,10
13.023639679,80.2279586792,72742,72752,10
13.0232601166,80.2276077271,72752,72762,10
13.023059845,80.2275009155,72762,72782,20
13.023059845,80.2275009155,72782,72792,10
13.0228204727,80.2273178101,72792,72802,10
13.0225400925,80.2268600464,72802,72812,10
13.0219402313,80.2263412476,72812,72823,11
13.0212001801,80.225769043,72823,72833,10
13.0206403732,80.2253723145,72833,72843,10
13.0200595856,80.2249832153,72843,72853,10
13.0193195343,80.2245635986,72853,72863,10
13.0183200836,80.2247314453,72863,72872,9
13.0173902512,80.2250900269,72872,72883,11
13.0166101456,80.2254180908,72883,72893,10
13.016289711,80.2255401611,72893,72903,10
13.0158395767,80.2256622314,72903,72913,10
13.0151996613,80.2259292603,72913,72923,10
13.0145397186,80.2262191772,72923,72933,10
13.0144100189,80.2262573242,72933,72943,10
13.0142602921,80.2263336182,72943,72954,11
13.0142002106,80.2263565063,72954,72964,10
13.0137996674,80.2264785767,72964,72974,10
13.013130188,80.2267227173,72974,72984,10
13.0123195648,80.2270431519,72984,72994,10
13.011349678,80.2274169922,72994,73004,10
13.0102901459,80.2278289795,73004,73014,10
13.0095100403,80.2278671265,73014,73024,10
13.0096302032,80.2273025513,73024,73034,10
13.0099802017,80.2265930176,73034,73044,10
13.0103397369,80.2257995605,73044,73054,10
13.0104999542,80.2253570557,73054,73064,10
13.0107698441,80.2247619629,73064,73085,21
13.0107698441,80.2247619629,73085,73095,10
13.0109500885,80.2242736816,73095,73105,10
13.0110998154,80.2238311768,73105,73115,10
13.0113296509,80.2232589722,73115,73125,10
13.0115995407,80.2225875854,73125,73135,10
13.0118198395,80.2219772339,73135,73145,10
13.0119600296,80.2216415405,73145,73155,10
13.0120601654,80.2212905884,73155,73165,10
13.0120401382,80.2209091187,73165,73175,10
13.0118703842,80.2203216553,73175,73185,10
13.0116300583,80.2194976807,73185,73195,10
13.0113601685,80.2185668945,73195,73206,11
13.0110301971,80.2177276611,73206,73216,10
13.0107498169,80.2171325684,73216,73225,9
13.0105600357,80.2167205811,73225,73236,11
13.0102796555,80.216217041,73236,73246,10
13.0099000931,80.2154693604,73246,73256,10
13.0094804764,80.2147903442,73256,73266,10
13.0089998245,80.2141571045,73266,73276,10
13.0085897446,80.2136688232,73276,73296,20
13.0085897446,80.2136688232,73296,73306,10
13.0084199905,80.2135391235,73306,73326,20
13.0084199905,80.2135391235,73326,73337,11
13.0082302094,80.213432312,73337,73347,10
13.0082197189,80.213432312,73347,73357,10
13.0079803467,80.2133178711,73357,73377,20
13.0079803467,80.2133178711,73377,73387,10
13.0078697205,80.2132492065,73387,73397,10
13.0077295303,80.2130889893,73397,73407,10
13.007399559,80.212928772,73407,73417,10
13.0069999695,80.2128829956,73417,73427,10
13.0064001083,80.2129211426,73427,73437,10
13.0057401657,80.2130966187,73437,73447,10
13.0051403046,80.2126693726,73447,73457,10
13.0045099258,80.2123336792,73457,73468,11
13.0035800934,80.2121429443,73468,73478,10
13.0030202866,80.2121505737,73478,73488,10
13.0029001236,80.2121582031,73488,73498,10
13.0025396347,80.2121963501,73498,73508,10
13.0022096634,80.2123413086,73508,73518,10
13.0018796921,80.2125396729,73518,73528,10
13.0015096664,80.2127990723,73528,73538,10
13.0011100769,80.2131195068,73538,73548,10
13.0007400513,80.2133865356,73548,73558,10
13.0003700256,80.2138214111,73558,73568,10
12.9998703003,80.2142181396,73568,73578,10
12.9994602203,80.2145462036,73578,73588,10
12.9991703033,80.2147903442,73588,73599,11
12.9989204407,80.2149734497,73599,73609,10
12.998550415,80.2152786255,73609,73619,10
12.9979600906,80.2157897949,73619,73629,10
12.9975004196,80.2162017822,73629,73639,10
12.9974803925,80.216217041,73639,73649,10
12.9972896576,80.2164535522,73649,73659,10
12.9969100952,80.2165985107,73659,73669,10
12.9963703156,80.2166976929,73669,73679,10
12.995880127,80.2167892456,73679,73709,30
12.995880127,80.2167892456,73709,73720,11
12.9955196381,80.2168731689,73720,73730,10
12.9953699112,80.2169265747,73730,73740,10
12.9951496124,80.2170715332,73740,73750,10
12.9951000214,80.2171020508,73750,73760,10
12.9949398041,80.2171783447,73760,73770,10
12.9946403503,80.217376709,73770,73780,10
12.9941902161,80.2177276611,73780,73790,10
12.9936599731,80.218132019,73790,73806,16
12.992650032,80.2188720703,73806,73818,12
12.9918203354,80.2194595337,73818,73827,9
12.9910001755,80.2200469971,73827,73848,21
12.9910001755,80.2200469971,73848,73859,11
12.9908504486,80.2201538086,73859,73869,10
12.990819931,80.2201690674,73869,73879,10
12.9905195236,80.2203826904,73879,73889,10
12.9901103973,80.2207336426,73889,73899,10
12.9895296097,80.2213821411,73899,73909,10
12.9892997742,80.2216491699,73909,73919,10
12.9891700745,80.2218170166,73919,73928,9
12.988940239,80.2220916748,73928,73939,11
12.9884004593,80.2226104736,73939,73949,10
12.9878396988,80.2230377197,73949,73959,10
12.9873304367,80.2230682373,73959,73969,10
12.9870901108,80.2231369019,73969,73980,11
12.9867897034,80.2230834961,73980,73990,10
12.9864196777,80.2231063843,73990,74000,10
12.9857196808,80.2232208252,74000,74010,10
12.9852800369,80.2233810425,74010,74020,10
12.9847202301,80.22315979,74020,74030,10
12.9842395782,80.222869873,74030,74040,10
12.9837999344,80.222618103,74040,74050,10
12.9835100174,80.2223968506,74050,74070,20
12.9835100174,80.2223968506,74070,74080,10
12.9832601547,80.2222595215,74080,74090,10
12.9832296371,80.2222518921,74090,74100,10
12.9830904007,80.22215271,74100,74111,11
12.9828395844,80.2220077515,74111,74131,20
12.9828395844,80.2220077515,74131,74141,10
12.982460022,80.2218780518,74141,74151,10
12.9820804596,80.2217330933,74151,74161,10
12.9817800522,80.2214813232,74161,74171,10
12.9812202454,80.2211685181,74171,74181,10
12.9806203842,80.221206665,74181,74191,10
12.9796199799,80.2212524414,74191,74201,10
12.9787902832,80.2212905884,74201,74211,10
12.9781398773,80.2213287354,74211,74221,10
12.9776000977,80.2213516235,74221,74231,10
12.9767198563,80.2213668823,74231,74242,11
12.976360321,80.2214126587,74242,74252,10
12.9761104584,80.2214431763,74252,74262,10
12.9759197235,80.2214508057,74262,74272,10
12.9756097794,80.2211608887,74272,74302,30
12.9756097794,80.2211608887,74302,74312,10
12.9755001068,80.2210388184,74312,74322,10
12.9754400253,80.2209777832,74322,74332,10
12.9752998352,80.2208786011,74332,74342,10
12.9749097824,80.2206420898,74342,74352,10
12.9742603302,80.2203826904,74352,74362,10
12.9734897614,80.2200622559,74362,74373,11
12.9725399017,80.2196884155,74373,74383,10
12.9712600708,80.2192764282,74383,74413,30
12.9712600708,80.2192764282,74413,74423,10
12.9710998535,80.21925354,74423,74433,10
12.9708499908,80.2191390991,74433,74443,10
12.970580101,80.2189483643,74443,74453,10
12.9702100754,80.2187728882,74453,74463,10
12.9697799683,80.2185974121,74463,74473,10
12.9693498611,80.2184524536,74473,74483,10
12.9689397812,80.2183074951,74483,74494,11
12.9685201645,80.2181472778,74494,74504,10
12.9681596756,80.2180099487,74504,74514,10
12.9678201675,80.2178726196,74514,74524,10
12.9674596786,80.2177200317,74524,74534,10
12.9668703079,80.2174682617,74534,74544,10
12.9661397934,80.2172012329,74544,74554,10
12.9652996063,80.2168502808,74554,74564,10
12.9644002914,80.216506958,74564,74574,10
12.9636297226,80.2161712646,74574,74584,10
12.9630002975,80.2158584595,74584,74594,10
12.9622297287,80.2155685425,74594,74604,10
12.9613704681,80.2152404785,74604,74614,10
12.9608001709,80.2150421143,74614,74625,11
12.9607000351,80.2150115967,74625,74635,10
12.9604797363,80.2149124146,74635,74645,10
12.959980011,80.2147064209,74645,74655,10
12.9593000412,80.2144393921,74655,74665,10
12.958530426,80.2141036987,74665,74675,10
12.9576597214,80.2137527466,74675,74685,10
12.9568595886,80.2134170532,74685,74695,10
12.9559803009,80.2130813599,74695,74705,10
12.9550600052,80.2127304077,74705,74715,10
12.9542798996,80.2124099731,74715,74725,10
12.9538297653,80.2122573853,74725,74735,10
12.9537000656,80.2122116089,74735,74745,10
12.9532899857,80.212020874,74745,74756,11
12.9525899887,80.2117385864,74756,74766,10
12.9518203735,80.21144104,74766,74776,10
12.9509601593,80.2110977173,74776,74786,10
12.9500398636,80.2107391357,74786,74796,10
12.9492301941,80.2104187012,74796,74806,10
12.9486103058,80.2101669312,74806,74816,10
12.9478502274,80.2098770142,74816,74826,10
12.9468803406,80.209487915,74826,74836,10
12.945810318,80.2090835571,74836,74846,10
12.9448604584,80.2087020874,74846,74856,10
12.9442195892,80.2084503174,74856,74866,10
12.9441995621,80.2084274292,74866,74876,10
12.9439897537,80.2083435059,74876,74887,11
12.9434404373,80.2081222534,74887,74897,10
12.942899704,80.2077026367,74897,74907,10
12.9426403046,80.2073287964,74907,74917,10
12.9423398972,80.2070236206,74917,74927,10
12.9418497086,80.2065811157,74927,74937,10
12.9412603378,80.206199646,74937,74947,10
12.9410495758,80.2061004639,74947,74957,10
12.9409503937,80.2060394287,74957,74967,10
12.9406795502,80.2059326172,74967,74977,10
12.9401903152,80.2057571411,74977,74987,10
12.9395303726,80.2055587769,74987,74997,10
12.9388198853,80.2053375244,74997,75007,10
12.9382696152,80.2051620483,75007,75018,11
12.9378099442,80.2050170898,75018,75028,10
12.9372301102,80.2048568726,75028,75038,10
12.9364995956,80.2046737671,75038,75048,10
12.9356603622,80.2044219971,75048,75057,9
12.9349603653,80.2040863037,75057,75067,10
12.9342098236,80.2040023804,75067,75078,11
12.9336996078,80.2039794922,75078,75088,10
12.9336900711,80.2039871216,75088,75098,10
12.9335699081,80.2040023804,75098,75108,10
12.9331798553,80.2038803101,75108,75118,10
12.9327497482,80.2036819458,75118,75128,10
12.932299614,80.2035217285,75128,75139,11
12.931599617,80.2032928467,75139,75149,10
12.9308795929,80.2030563354,75149,75159,10
12.930100441,80.202911377,75159,75169,10
12.9295196533,80.2028579712,75169,75179,10
12.9294300079,80.2028503418,75179,75189,10
12.9293804169,80.2028579712,75189,75199,10
12.929019928,80.2027893066,75199,75209,10
12.9285202026,80.2026062012,75209,75219,10
12.9284601212,80.2019119263,75219,75229,10
12.9284200668,80.2010879517,75229,75239,10
12.9283800125,80.2002105713,75239,75249,10
12.9281396866,80.1993179321,75249,75259,10
12.9277801514,80.1985702515,75259,75270,11
12.9270496368,80.1978912354,75270,75280,10
12.9263095856,80.1976165771,75280,75290,10
12.9262304306,80.1976165771,75290,75300,10
12.9259901047,80.1976013184,75300,75310,10
12.9255695343,80.1976013184,75310,75320,10
12.925330162,80.1975784302,75320,75330,10
12.9248600006,80.1975708008,75330,75340,10
12.9241600037,80.1975708008,75340,75350,10
12.92345047,80.1975402832,75350,75360,10
12.922750473,80.1974487305,75360,75370,10
12.9221000671,80.1973724365,75370,75380,10
12.9220504761,80.1973724365,75380,75390,10
12.9217500687,80.1972885132,75390,75401,11
12.921210289,80.1970901489,75401,75411,10
12.9205703735,80.1968536377,75411,75421,10
12.9198598862,80.1965866089,75421,75431,10
12.9191703796,80.1962203979,75431,75441,10
12.9185400009,80.1956787109,75441,75451,10
12.917840004,80.1950683594,75451,75461,10
12.9172000885,80.194442749,75461,75471,10
12.9169902802,80.1940917969,75471,75481,10
12.9169597626,80.1938400269,75481,75491,10
12.9169502258,80.1936721802,75491,75501,10
12.916970253,80.1934280396,75501,75511,10
12.9169998169,80.1931381226,75511,75521,10
12.9170503616,80.192817688,75521,75532,11
12.9170703888,80.1926803589,75532,75542,10
12.9171199799,80.1922988892,75542,75552,10
12.9172296524,80.1913833618,75552,75592,40
12.9172296524,80.1913833618,75592,75602,10
12.9172801971,80.1911468506,75602,75612,10
12.9172897339,80.1908187866,75612,75622,10
12.9172897339,80.1905593872,75622,75632,10
12.9173297882,80.1903610229,75632,75642,10
12.9174203873,80.189956665,75642,75652,10
12.9176301956,80.1893463135,75652,75663,11
12.9180603027,80.1886825562,75663,75673,10
12.9185400009,80.188117981,75673,75683,10
12.9191398621,80.187461853,75683,75693,10
12.9198198318,80.1866912842,75693,75703,10
12.9204797745,80.1858978271,75703,75713,10
12.9204502106,80.1849517822,75713,75723,10
12.9203195572,80.1843795776,75723,75733,10
12.92029953,80.1843338013,75733,75743,10
12.9202604294,80.1842422485,75743,75759,16
12.9199199677,80.1827316284,75759,75779,20
12.9199199677,80.1827316284,75779,75791,12
12.9199495316,80.1826324463,75791,75802,11
12.9198799133,80.1823272705,75802,75812,10
12.9197502136,80.1817474365,75812,75822,10
12.9195804596,80.1809997559,75822,75832,10
12.9194002151,80.1801223755,75832,75842,10
12.9190797806,80.1792602539,75842,75852,10
12.9187803268,80.1788330078,75852,75862,10
12.9183301926,80.178237915,75862,75872,10
12.9181995392,80.1774520874,75872,75882,10
12.9183197021,80.1767425537,75882,75892,10
12.9184303284,80.1761627197,75892,75902,10
12.9186296463,80.1754379272,75902,75913,11
12.9188404083,80.1744995117,75913,75923,10
12.9190998077,80.1734771729,75923,75933,10
12.9193000793,80.1727371216,75933,75943,10
12.9194402695,80.1721572876,75943,75953,10
12.9196300507,80.1714324951,75953,75963,10
12.9197301865,80.171081543,75963,75973,10
12.9197702408,80.1709899902,75973,75983,10
12.9199104309,80.1706237793,75983,75993,10
12.9201202393,80.169921875,75993,76003,10
12.9203996658,80.1689910889,76003,76013,10
12.9206895828,80.1680297852,76013,76023,10
12.920999527,80.1671218872,76023,76033,10
12.9213104248,80.1661682129,76033,76044,11
12.9217500687,80.1648330688,76044,76054,10
12.9220695496,80.1637802124,76054,76064,10
12.9223804474,80.1627578735,76064,76074,10
12.9226999283,80.161781311,76074,76084,10
12.9229898453,80.1608886719,76084,76094,10
12.92304039,80.1606826782,76094,76104,10
12.9231004715,80.1605529785,76104,76114,10
12.9232301712,80.1600723267,76114,76124,10
12.9233398438,80.1592788696,76124,76134,10
12.9234399796,80.1582336426,76134,76144,10
12.9235401154,80.157119751,76144,76154,10
12.9236297607,80.1561431885,76154,76164,10
12.923330307,80.1549682617,76164,76185,21
12.923330307,80.1549682617,76185,76195,10
12.9233398438,80.1547012329,76195,76205,10
12.923210144,80.1541595459,76205,76215,10
12.9230298996,80.1534194946,76215,76225,10
12.9227600098,80.1522903442,76225,76275,50
12.9227600098,80.1522903442,76275,76285,10
12.9226799011,80.1521682739,76285,76295,10
12.9226503372,80.1516418457,76295,76305,10
12.9226303101,80.1508789063,76305,76316,11
12.9226198196,80.1499023438,76316,76326,10
12.9225702286,80.1490020752,76326,76342,16
12.9225502014,80.1477279663,76342,76354,12
12.922539711,80.1471633911,76354,76364,10
12.9225702286,80.1470718384,76364,76374,10
12.9225597382,80.1465835571,76374,76384,10
12.922539711,80.1457595825,76384,76393,9
12.9224901199,80.1450500488,76393,76404,11
12.9224500656,80.1438980103,76404,76414,10
12.922419548,80.143447876,76414,76424,10
12.9224100113,80.1432571411,76424,76435,11
12.9224300385,80.1428527832,76435,76445,10
12.9224300385,80.1425170898,76445,76455,10
12.9224004745,80.1420822144,76455,76465,10
12.9223804474,80.1416931152,76465,76475,10
12.922369957,80.1416320801,76475,76485,10
12.922369957,80.1412124634,76485,76495,10
12.9223604202,80.1404571533,76495,76505,10
12.9223604202,80.1395187378,76505,76515,10
12.9224004745,80.1384506226,76515,76524,9
12.9224395752,80.1375808716,76524,76535,11
12.9224996567,80.1365737915,76535,76545,10
12.922539711,80.1356430054,76545,76555,10
12.9225702286,80.1346817017,76555,76566,11
12.9226198196,80.1335525513,76566,76576,10
12.9226503372,80.1327514648,76576,76586,10
12.9226903915,80.1319580078,76586,76596,10
12.9227199554,80.1311416626,76596,76606,10
12.922750473,80.1305389404,76606,76616,10
12.9227695465,80.1299209595,76616,76626,10
12.9228096008,80.1292572021,76626,76636,10
12.922829628,80.1290512085,76636,76646,10
12.9228696823,80.1287078857,76646,76656,10
12.9228696823,80.1282501221,76656,76666,10
12.9229097366,80.127571106,76666,76676,10
12.9229202271,80.1267471313,76676,76686,10
12.9229202271,80.1258163452,76686,76697,11
12.922949791,80.1249771118,76697,76707,10
12.9229898453,80.1240768433,76707,76717,10
12.92304039,80.1230392456,76717,76727,10
12.9230899811,80.1219406128,76727,76737,10
12.9231595993,80.1206283569,76737,76767,30
12.9231595993,80.1206283569,76767,76777,10
12.9232196808,80.1203613281,76777,76787,10
12.9232597351,80.1197662354,76787,76797,10
12.9232797623,80.1190872192,76797,76807,10
12.9233102798,80.1183395386,76807,76818,11
12.9234199524,80.1175613403,76818,76828,10
12.9233999252,80.1169281006,76828,76868,40
12.9233999252,80.1169281006,76868,76878,10
12.9235897064,80.1169281006,76878,76888,10
12.9235401154,80.1171417236,76888,76898,10
12.9235897064,80.1176223755,76898,76908,10
12.9235801697,80.1179428101,76908,76918,10
12.923500061,80.1185302734,76918,76928,10
12.92345047,80.1193237305,76928,76938,10
12.9233703613,80.1201324463,76938,76949,11
12.9233398438,80.1205596924,76949,76959,10
12.9232997894,80.1210708618,76959,76969,10
12.9232902527,80.1212387085,76969,77473,504
12.9232902527,80.1212387085,77473,77483,10
12.9232196808,80.1214675903,77483,77493,10
12.9232196808,80.1219024658,77493,77503,10
12.9231901169,80.1224899292,77503,77513,10
12.9231595993,80.1231307983,77513,77523,10
12.9231300354,80.1238021851,77523,77533,10
12.9231004715,80.1244430542,77533,77543,10
12.9230804443,80.1249694824,77543,77553,10
12.9230604172,80.1255493164,77553,77563,10
12.9230203629,80.1259384155,77563,77573,10
12.9230098724,80.1263427734,77573,77583,10
12.9229898453,80.126953125,77583,77594,11
12.9229402542,80.1276702881,77594,77604,10
12.9229001999,80.1282806396,77604,77614,10
12.9228801727,80.1288986206,77614,77624,10
12.9228401184,80.1295623779,77624,77634,10
12.9228200912,80.1300506592,77634,77644,10
12.9228096008,80.1306381226,77644,77654,10
12.9227800369,80.1313400269,77654,77664,10
12.9227399826,80.1321182251,77664,77674,10
12.9227199554,80.1329421997,77674,77684,10
12.9226999283,80.1333694458,77684,77694,10
12.9226799011,80.1339035034,77694,77704,10
12.9226503372,80.1345977783,77704,77714,10
12.9226102829,80.1354064941,77714,77725,11
12.9225702286,80.1362762451,77725,77735,10
12.922539711,80.136932373,77735,77745,10
12.9224996567,80.1376495361,77745,77755,10
12.9224700928,80.138381958,77755,77765,10
12.9224004745,80.1391067505,77765,77775,10
12.9224004745,80.1398925781,77775,77785,10
12.922419548,80.1402206421,77785,77805,20
12.922419548,80.1402206421,77805,77815,10
12.9224100113,80.1405792236,77815,77825,10
12.922419548,80.1410369873,77825,77835,10
12.922419548,80.1417694092,77835,77845,10
12.9224996567,80.1427612305,77845,77886,41
12.9224996567,80.1427612305,77886,77896,10
12.922539711,80.1429519653,77896,77906,10
12.9225597382,80.1434402466,77906,77916,10
12.9225597382,80.1436462402,77916,77926,10
12.9225597382,80.1439590454,77926,77936,10
12.9225597382,80.1444320679,77936,77946,10
12.9225902557,80.1452789307,77946,77956,10
12.9226303101,80.1463165283,77956,77966,10
12.922659874,80.1472167969,77966,77977,11
12.9226703644,80.1475372314,77977,77987,10
12.9226398468,80.1480789185,77987,77997,10
12.9226303101,80.1489105225,77997,78007,10
12.9226903915,80.1499786377,78007,78017,10
12.9227199554,80.1510467529,78017,78027,10
12.922750473,80.1516876221,78027,78064,37
12.922750473,80.1516876221,78064,78075,11
12.922750473,80.1521377563,78075,78085,10
12.9229202271,80.1528625488,78085,78095,10
12.9231700897,80.1537704468,78095,78105,10
12.9233903885,80.1546173096,78105,78116,11
12.9234600067,80.1548995972,78116,78126,10
12.9235496521,80.1553497314,78126,78136,10
12.9237003326,80.1561431885,78136,78146,10
12.9236097336,80.1572189331,78146,78156,10
12.9235200882,80.1582794189,78156,78166,10
12.9234104156,80.1595687866,78166,78176,10
12.9232997894,80.1604232788,78176,78186,10
12.9232597351,80.1605072021,78186,78196,10
12.9231100082,80.160949707,78196,78206,10
12.9228696823,80.1617202759,78206,78217,11
12.9224996567,80.1628799438,78217,78228,11
12.92208004,80.1641616821,78228,78239,11
12.9216604233,80.1654586792,78239,78249,10
12.9213104248,80.166633606,78249,78259,10
12.9209699631,80.1677017212,78259,78269,10
12.9206199646,80.1687469482,78269,78279,10
12.9202804565,80.1697998047,78279,78288,9
12.920009613,80.1707305908,78288,78299,11
12.9197998047,80.1713485718,78299,78309,10
12.9197397232,80.1715621948,78309,78319,10
12.9195804596,80.1720962524,78319,78329,10
12.9193897247,80.1728973389,78329,78339,10
12.9191398621,80.1738433838,78339,78349,10
12.9188995361,80.1748199463,78349,78360,11
12.9186201096,80.1758499146,78360,78370,10
12.918419838,80.1767272949,78370,78380,10
12.9182701111,80.1778411865,78380,78390,10
12.9186601639,80.1785888672,78390,78400,10
12.9190597534,80.1791915894,78400,78410,10
12.9194202423,80.1800308228,78410,78420,10
12.9196300507,80.181060791,78420,78430,10
12.9198598862,80.1821212769,78430,78440,10
12.9200801849,80.1830825806,78440,78450,10
12.9203500748,80.184173584,78450,78460,10
12.920539856,80.184967041,78460,78470,10
12.9206399918,80.185333252,78470,78480,10
12.9206600189,80.1854324341,78480,78491,11
12.9205598831,80.1859817505,78491,78501,10
12.9200601578,80.1865615845,78501,78511,10
12.919500351,80.187210083,78511,78521,10
12.9189796448,80.187828064,78521,78531,10
12.9184398651,80.1884231567,78531,78541,10
12.917889595,80.1890563965,78541,78551,10
12.917550087,80.1898269653,78551,78561,10
12.9174203873,80.190536499,78561,78571,10
12.9173402786,80.1912612915,78571,78581,10
12.91726017,80.1918716431,78581,78591,10
12.91726017,80.191947937,78591,78601,10
12.9172401428,80.1921691895,78601,78611,10
12.9172096252,80.1924133301,78611,78622,11
12.917140007,80.1928482056,78622,78632,10
12.9170999527,80.1929397583,78632,78642,10
12.9170503616,80.193359375,78642,78652,10
12.9172000885,80.1942214966,78652,78662,10
12.917840004,80.1949386597,78662,78672,10
12.9186201096,80.195640564,78672,78682,10
12.9191904068,80.1961364746,78682,78692,10
12.9199399948,80.1965332031,78692,78702,10
12.9207601547,80.1968078613,78702,78712,10
12.9215898514,80.1971130371,78712,78722,10
12.9223403931,80.197303772,78722,78732,10
12.9229602814,80.1973876953,78732,78742,10
12.9232997894,80.1974334717,78742,78753,11
12.9240598679,80.1975021362,78753,78763,10
12.9249401093,80.1975021362,78763,78773,10
12.9253196716,80.1974868774,78773,78783,10
12.9258403778,80.1974868774,78783,78793,10
12.9266500473,80.1976623535,78793,78803,10
12.9272699356,80.1979827881,78803,78813,10
12.9277200699,80.1983718872,78813,78823,10
12.9280796051,80.1990585327,78823,78833,10
12.9284000397,80.1999282837,78833,78843,10
12.9285001755,80.200958252,78843,78853,10
12.9285402298,80.202041626,78853,78863,10
12.928899765,80.2026977539,78863,78873,10
12.9294996262,80.2027587891,78873,78884,11
12.9302997589,80.20287323,78884,78894,10
12.9312000275,80.203086853,78894,78904,10
12.9321298599,80.2033920288,78904,78914,10
12.9328098297,80.2036132813,78914,78924,10
12.9334096909,80.2038421631,78924,78934,10
12.9342403412,80.2039337158,78934,78944,10
12.9351902008,80.2041168213,78944,78954,10
12.9360799789,80.2044906616,78954,78964,10
12.9370203018,80.204750061,78964,78974,10
12.9380197525,80.2050323486,78974,78984,10
12.939040184,80.205329895,78984,78994,10
12.9399700165,80.2056121826,78994,79010,16
12.9413995743,80.206161499,79010,79023,13
12.942489624,80.206993103,79023,79033,10
12.9431495667,80.2078018188,79033,79043,10
12.9440402985,80.2082366943,79043,79053,10
12.9449796677,80.2086105347,79053,79063,10
12.9460401535,80.2090072632,79063,79073,10
12.9470596313,80.2094192505,79073,79083,10
12.9480304718,80.2098007202,79083,79093,10
12.9490299225,80.2101974487,79093,79103,10
12.9500904083,80.2106170654,79103,79112,9
12.951089859,80.2110290527,79112,79123,11
12.9522199631,80.2114562988,79123,79133,10
12.9531602859,80.2118377686,79133,79144,11
12.9542102814,80.2122573853,79144,79154,10
12.9552202225,80.2126693726,79154,79163,9
12.9560499191,80.2129898071,79163,79174,11
12.9569597244,80.2133331299,79174,79184,10
12.9580001831,80.2137374878,79184,79194,10
12.9587697983,80.214050293,79194,79204,10
12.9595899582,80.2143630981,79204,79214,10
12.960439682,80.2147064209,79214,79224,10
12.9612903595,80.2150421143,79224,79234,10
12.9622802734,80.2154312134,79234,79244,10
12.9632701874,80.2158126831,79244,79254,10
12.9639501572,80.2161102295,79254,79265,11
12.9648599625,80.216506958,79265,79275,10
12.9658203125,80.2169036865,79275,79285,10
12.9667301178,80.2172622681,79285,79295,10
12.9675798416,80.2176132202,79295,79305,10
12.9681901932,80.2178497314,79305,79315,10
12.9690504074,80.218170166,79315,79325,10
12.9701404572,80.2186203003,79325,79335,10
12.9712696075,80.219078064,79335,79345,10
12.9723501205,80.2194824219,79345,79355,10
12.9733896255,80.2198791504,79355,79365,10
12.9743003845,80.2202529907,79365,79375,10
12.9751396179,80.2206115723,79375,79385,10
12.9756402969,80.2208862305,79385,79395,10
12.9761295319,80.2212295532,79395,79406,11
12.9763298035,80.2212219238,79406,79416,10
12.9768199921,80.2212219238,79416,79426,10
12.977399826,80.2211914063,79426,79436,10
12.9778003693,80.2211685181,79436,79446,10
12.9782495499,80.2211303711,79446,79456,10
12.9787197113,80.2211074829,79456,79466,10
12.9792404175,80.2210769653,79466,79476,10
12.979809761,80.2210464478,79476,79486,10
12.9804697037,80.220993042,79486,79495,9
12.9810304642,80.2210083008,79495,79506,11
12.9816102982,80.2212982178,79506,79517,11
12.9820995331,80.2216567993,79517,79527,10
12.9825801849,80.2218399048,79527,79537,10
12.9827003479,80.2218704224,79537,79547,10
12.9828996658,80.2219467163,79547,79557,10
12.9831895828,80.2220993042,79557,79567,10
12.9835300446,80.2223434448,79567,79577,10
12.9839000702,80.2225570679,79577,79587,10
12.9843997955,80.2228622437,79587,79597,10
12.9848899841,80.2231674194,79597,79607,10
12.9854297638,80.2232437134,79607,79617,10
12.9857797623,80.2229766846,79617,79627,10
12.9860401154,80.2229537964,79627,79637,10
12.9863195419,80.2229537964,79637,79648,11
12.986579895,80.2229614258,79648,79658,10
12.9869699478,80.2229995728,79658,79668,10
12.9874200821,80.2230606079,79668,79678,10
12.9880199432,80.2228469849,79678,79688,10
12.9886598587,80.2222824097,79688,79698,10
12.9891395569,80.2217025757,79698,79708,10
12.9895401001,80.2211532593,79708,79718,10
12.9899997711,80.2206268311,79718,79728,10
12.9904203415,80.2202911377,79728,79738,10
12.9906301498,80.2201385498,79738,79748,10
12.9910402298,80.2198028564,79748,79758,10
12.9914598465,80.2194900513,79758,79768,10
12.9920301437,80.219078064,79768,79779,11
12.9927997589,80.218536377,79779,79789,10
12.9933900833,80.2181015015,79789,79799,10
12.9938297272,80.2177886963,79799,79809,10
12.9940700531,80.2176208496,79809,79819,10
12.9942398071,80.2174911499,79819,79829,10
12.9944896698,80.2173309326,79829,79839,10
12.9947500229,80.2171173096,79839,79849,10
12.9951095581,80.2168884277,79849,79859,10
12.9956197739,80.2166366577,79859,79869,10
12.9963102341,80.216506958,79869,79879,10
12.9970502853,80.2164306641,79879,79889,10
12.9970502853,80.2164306641,79889,79899,10
12.997300148,80.2162399292,79899,79910,11
12.9975004196,80.2160568237,79910,79920,10
12.997590065,80.2159805298,79920,79930,10
12.9979696274,80.215637207,79930,79940,10
12.9985399246,80.2151565552,79940,79950,10
12.9990596771,80.2146911621,79950,79960,10
12.999420166,80.2143630981,79960,79970,10
12.9999303818,80.2139282227,79970,79980,10
13.000459671,80.2134399414,79980,79996,16
13.0013904572,80.2126693726,79996,80008,12
13.0021800995,80.2121582031,80008,80018,10
13.002699852,80.212020874,80018,80028,10
13.0032596588,80.2120132446,80028,80039,11
13.0043201447,80.2121429443,80039,80049,10
13.0051898956,80.212562561,80049,80059,10
13.0060997009,80.2127838135,80059,80069,10
13.0069904327,80.2126998901,80069,80079,10
13.0078601837,80.2130508423,80079,80098,19
13.0078601837,80.2130508423,80098,80109,11
13.0079803467,80.2131195068,80109,80119,10
13.0083904266,80.2132797241,80119,80129,10
13.0088396072,80.2138214111,80129,80139,10
13.009469986,80.2147216797,80139,80149,10
13.0099401474,80.21534729,80149,80159,10
13.0105400085,80.2160568237,80159,80170,11
13.0107898712,80.2167816162,80170,80180,10
13.0111103058,80.2175598145,80180,80189,9
13.0115003586,80.2185287476,80189,80200,11
13.0119400024,80.2199020386,80200,80210,10
13.0123796463,80.2210693359,80210,80220,10
13.012840271,80.221862793,80220,80230,10
13.0135297775,80.2227630615,80230,80240,10
13.0141801834,80.2235565186,80240,80250,10
13.0145702362,80.2239074707,80250,80260,10
13.0151596069,80.2246932983,80260,80270,10
13.0155000687,80.2249221802,80270,80280,10
13.0159797668,80.2252578735,80280,80290,10
13.0168199539,80.2251205444,80290,80301,11
13.0179796219,80.2246704102,80301,80310,9
13.0189504623,80.2243118286,80310,80321,11
13.0196504593,80.2244110107,80321,80331,10
13.0197601318,80.2245101929,80331,80341,10
13.0199699402,80.2246932983,80341,80351,10
13.0201797485,80.2248306274,80351,80361,10
13.0203800201,80.2249679565,80361,80371,10
13.0205402374,80.2250823975,80371,80381,10
13.0207595825,80.2252426147,80381,80391,10
13.021030426,80.2254333496,80391,80401,10
13.0215501785,80.2258377075,80401,80411,10
13.0220403671,80.2262420654,80411,80422,11
13.0224103928,80.2265777588,80422,80432,10
13.0230102539,80.2270965576,80432,80442,10
13.0236701965,80.2276992798,80442,80452,10
13.0242595673,80.2283782959,80452,80462,10
13.0247602463,80.2290802002,80462,80472,10
13.0253000259,80.2297515869,80472,80482,10
13.0258197784,80.2306289673,80482,80492,10
13.0260696411,80.2313079834,80492,80501,9
13.0265102386,80.2312393188,80501,80511,10
13.0273103714,80.231010437,80511,80522,11
13.0283498764,80.2308731079,80522,80532,10
13.0292196274,80.2308120728,80532,80542,10
13.0296697617,80.2307662964,80542,80553,11
13.030380249,80.2307128906,80553,80563,10
13.0309801102,80.2306518555,80563,80573,10
13.0316896439,80.2305908203,80573,80583,10
13.0325098038,80.2305297852,80583,80592,9
13.0332603455,80.23046875,80592,80602,10
13.0342798233,80.2303695679,80602,80643,41
13.0342798233,80.2303695679,80643,80653,10
13.0345401764,80.2302780151,80653,80663,10
13.0347900391,80.2301635742,80663,80673,10
13.0350503922,80.2301712036,80673,80684,11
13.0347995758,80.2303009033,80684,80694,10
13.0345201492,80.2303466797,80694,80704,10
13.0344600677,80.2303771973,80704,80714,10
13.0342102051,80.2304229736,80714,80724,10
13.0337200165,80.230430603,80724,80734,10
13.0331802368,80.2304763794,80734,80744,10
13.0325202942,80.2305297852,80744,80754,10
13.0315999985,80.2306289673,80754,80764,10
13.0307998657,80.2307128906,80764,80774,10
13.0303297043,80.2307510376,80774,80784,10
13.0297698975,80.2308120728,80784,80794,10
13.0293903351,80.2308578491,80794,80805,11
13.0286598206,80.2309036255,80805,80814,9
13.0279598236,80.2309799194,80814,80825,11
13.0276298523,80.2311325073,80825,80835,10
13.0276498795,80.2315826416,80835,80845,10
13.0277204514,80.2319564819,80845,80854,9
13.0277900696,80.232383728,80854,80865,11
13.0277004242,80.2328033447,80865,80875,10
13.0270595551,80.2329177856,80875,80885,10
13.026720047,80.2329864502,80885,80895,10
13.0263595581,80.2327575684,80895,80905,10
13.0261201859,80.2320327759,80905,80915,10
13.0258398056,80.231010437,80915,80925,10
13.0253295898,80.2299499512,80925,80936,11
13.0246200562,80.2289962769,80936,80946,10
13.0241498947,80.2283630371,80946,80956,10
13.0235795975,80.2276992798,80956,80966,10
13.0228099823,80.2269821167,80966,80976,10
13.0219802856,80.2262573242,80976,80986,10
13.0212402344,80.2256774902,80986,80996,10
13.0207004547,80.2252807617,80996,81012,16
13.0198297501,80.2246780396,81012,81024,12
13.0188503265,80.2244110107,81024,81032,8
13.0180702209,80.2247085571,81032,81044,12
13.0168399811,80.2252426147,81044,81054,10
13.0162000656,80.2255020142,81054,81065,11
13.0154104233,80.2257766724,81065,81075,10
13.014550209,80.2260665894,81075,81095,20
13.014550209,80.2260665894,81095,81105,10
13.0142803192,80.2261734009,81105,81115,10
13.0141897202,80.2259979248,81115,81124,9
13.0141601563,80.2254562378,81124,81216,92
13.0141601563,80.2254562378,81216,81226,10
