12.9982700348,80.2567672729,16,288,272
12.9983797073,80.2569198608,288,399,111
12.9983797073,80.2569198608,399,410,11
12.9984102249,80.2568969727,410,3225,2815
12.9981603622,80.2568435669,3225,3629,404
12.9983301163,80.2568969727,3629,6344,2715
12.9983301163,80.2568969727,6344,6354,10
12.9983196259,80.2568511963,6354,6364,10
12.9983501434,80.2565689087,6364,6424,60
12.9983501434,80.2565689087,6424,6435,11
12.998169899,80.256477356,6435,8715,2280
12.9981603622,80.2564620972,8715,9573,858
12.9981203079,80.2565307617,9573,27952,18379
12.9980401993,80.2563095093,27952,28315,363
12.9981403351,80.2564697266,28315,28780,465
12.9981403351,80.2564697266,28780,28790,10
12.9981203079,80.2565002441,28790,29203,413
12.9982004166,80.2564697266,29203,29385,182
12.9982004166,80.2564697266,29385,29395,10
12.9981603622,80.2565002441,29395,29627,232
12.9981403351,80.256439209,29627,32231,2604
12.9981403351,80.256439209,32231,32241,10
12.9979000092,80.2564926147,32241,32251,10
12.9977302551,80.2567367554,32251,32262,11
12.9977502823,80.2569503784,32262,32272,10
12.9976396561,80.2567596436,32272,32443,171
12.9976396561,80.2567596436,32443,32453,10
12.9976701736,80.256477356,32453,32462,9
12.9976797104,80.2563476563,32462,32655,193
12.9976797104,80.2563476563,32655,32665,10
12.9977502823,80.2563705444,32665,32675,10
12.9977703094,80.2561035156,32675,32695,20
12.9977703094,80.2561035156,32695,32706,11
12.9974803925,80.2559509277,32706,32716,10
12.997179985,80.2559890747,32716,32776,60
12.997179985,80.2559890747,32776,32786,10
12.997010231,80.2561035156,32786,32796,10
12.9969396591,80.2564468384,32796,32807,11
12.9968996048,80.2570495605,32807,32817,10
12.9968299866,80.2577819824,32817,32827,10
12.9967603683,80.2583999634,32827,32837,10
12.9967002869,80.2588577271,32837,32847,10
12.9966402054,80.2592163086,32847,32857,10
12.9966096878,80.2594985962,32857,32867,10
12.9965801239,80.2599716187,32867,32877,10
12.9965000153,80.2606506348,32877,32887,10
12.996430397,80.2613220215,32887,32897,10
12.9963798523,80.2617874146,32897,32907,10
12.9963102341,80.2622528076,32907,32917,10
12.9962902069,80.2627716064,32917,32928,11
12.996219635,80.2634429932,32928,32938,10
12.9961395264,80.2640762329,32938,32948,10
12.9960699081,80.264503479,32948,32958,10
12.9960002899,80.2651596069,32958,32968,10
12.9959096909,80.2659988403,32968,32978,10
12.9958095551,80.266746521,32978,32988,10
12.9957504272,80.2674407959,32988,32998,10
12.9958295822,80.2676696777,32998,33008,10
12.9961996078,80.2676925659,33008,33019,11
12.9968595505,80.2677001953,33019,33029,10
12.9975299835,80.267539978,33029,33039,10
12.9982004166,80.2673721313,33039,33049,10
12.998840332,80.2671890259,33049,33059,10
12.9994802475,80.266998291,33059,33069,10
13.0000696182,80.2667007446,33069,33079,10
13.000169754,80.2663421631,33079,33089,10
13.0002298355,80.2658233643,33089,33099,10
13.000289917,80.2653198242,33099,33109,10
13.0003004074,80.265296936,33109,33119,10
13.0004396439,80.2653503418,33119,33584,465
13.0004396439,80.2653503418,33584,33594,10
13.0003995895,80.2657165527,33594,33604,10
13.0003900528,80.2659378052,33604,33705,101
13.0003299713,80.2662887573,33705,33735,30
13.0003299713,80.2662887573,33735,33745,10
13.0003299713,80.2666702271,33745,33755,10
13.0002698898,80.2667694092,33755,33765,10
13.0001497269,80.2668685913,33765,33775,10
12.9997596741,80.2669677734,33775,33786,11
12.999130249,80.2671585083,33786,33796,10
12.9984903336,80.2673492432,33796,33806,10
12.9978103638,80.2675323486,33806,33816,10
12.9971103668,80.2677383423,33816,33826,10
12.9964895248,80.2678070068,33826,33836,10
12.9958600998,80.2677078247,33836,33846,10
12.9957799911,80.2675018311,33846,33856,10
12.9958095551,80.2669525146,33856,33866,10
12.9958496094,80.2661590576,33866,33876,10
12.9959697723,80.2651367188,33876,33886,10
12.9960603714,80.2642211914,33886,33896,10
12.9961500168,80.263381958,33896,33907,11
12.9961996078,80.2628631592,33907,33917,10
12.9962902069,80.2622070313,33917,33927,10
12.9963703156,80.2617721558,33927,33937,10
12.9964199066,80.2613296509,33937,33947,10
12.9964704514,80.2606964111,33947,33957,10
12.9965801239,80.2600021362,33957,33967,10
12.9966001511,80.259437561,33967,33977,10
12.9966497421,80.2587585449,33977,33987,10
12.9967403412,80.2580795288,33987,33997,10
12.9968395233,80.2572631836,33997,34008,11
12.9968996048,80.2567672729,34008,34038,30
12.9968996048,80.2567672729,34038,34048,10
12.9969701767,80.256439209,34048,34058,10
12.9969596863,80.2559280396,34058,34068,10
12.9972000122,80.255821228,34068,34078,10
12.9976701736,80.2558822632,34078,34088,10
12.9977502823,80.2560501099,34088,34098,10
12.9977502823,80.2562789917,34098,34108,10
12.997879982,80.2565002441,34108,34119,11
12.9978103638,80.2567214966,34119,34129,10
12.9976701736,80.2564163208,34129,34310,181
12.9976701736,80.2564163208,34310,34320,10
12.9977703094,80.2559967041,34320,34361,41
12.9977703094,80.2559967041,34361,34371,10
12.9980201721,80.255897522,34371,34381,10
12.9984703064,80.2559432983,34381,34391,10
12.9986000061,80.2559890747,34391,34401,10
12.998749733,80.2560501099,34401,34411,10
12.9989099503,80.256072998,34411,34421,10
12.9990501404,80.2561035156,34421,34462,41
12.9990501404,80.2561035156,34462,34472,10
12.9994602203,80.2561721802,34472,34482,10
13.0000696182,80.2562866211,34482,34492,10
13.0009202957,80.2564620972,34492,34502,10
13.0016002655,80.2565917969,34502,34512,10
13.0021800995,80.2566833496,34512,34522,10
13.0028400421,80.2567977905,34522,34532,10
13.0034103394,80.2569122314,34532,34542,10
13.0039196014,80.257019043,34542,34553,11
13.0044403076,80.2571105957,34553,34563,10
13.0048999786,80.2571792603,34563,34613,50
13.0048999786,80.2571792603,34613,34623,10
13.0052099228,80.2572631836,34623,34633,10
13.0055799484,80.2573013306,34633,34643,10
13.0065202713,80.2574615479,34643,34684,41
13.0065202713,80.2574615479,34684,34694,10
13.0065402985,80.2573776245,34694,34704,10
13.006529808,80.2571029663,34704,34714,10
13.0065498352,80.2564315796,34714,34724,10
13.0065498352,80.2555007935,34724,34734,10
13.0065803528,80.2547225952,34734,34744,10
13.0065803528,80.2538528442,34744,34754,10
13.0066204071,80.2532272339,34754,34764,10
13.0066003799,80.2531204224,34764,34775,11
13.0066299438,80.2523727417,34775,34805,30
13.0066299438,80.2523727417,34805,34815,10
13.0067100525,80.2521514893,34815,34825,10
13.0067396164,80.2516174316,34825,34835,10
13.0068101883,80.2508926392,34835,34845,10
13.0068397522,80.2499237061,34845,34855,10
13.0067596436,80.2487564087,34855,34997,142
13.0067596436,80.2487564087,34997,35007,10
13.0067396164,80.2484436035,35007,35017,10
13.0067195892,80.2481918335,35017,35027,10
13.0066995621,80.2478103638,35027,35037,10
13.0066995621,80.2471694946,35037,35047,10
13.0066204071,80.2465667725,35047,35057,10
13.0066404343,80.2465133667,35057,35067,10
13.0066699982,80.2464370728,35067,35077,10
13.0066699982,80.2460403442,35077,35087,10
13.0066404343,80.2453308105,35087,35098,11
13.0066204071,80.244972229,35098,35108,10
13.0066204071,80.244720459,35108,35118,10
13.0066204071,80.2444534302,35118,35128,10
13.0066299438,80.2443389893,35128,35138,10
13.0066099167,80.2440185547,35138,35148,10
13.0066003799,80.2437591553,35148,35158,10
13.0066003799,80.2435684204,35158,35168,10
13.0066003799,80.2432479858,35168,35178,10
13.0065603256,80.2428970337,35178,35188,10
13.006529808,80.2422180176,35188,35198,10
13.0065202713,80.2416992188,35198,35208,10
13.0065498352,80.2414169312,35208,35219,11
13.0066099167,80.2408599854,35219,35299,80
13.0066099167,80.2408599854,35299,35310,11
13.0066995621,80.2405090332,35310,35319,9
13.0067195892,80.2401885986,35319,35330,11
13.0068902969,80.2393875122,35330,35340,10
13.0070800781,80.2383575439,35340,35350,10
13.0072402954,80.237739563,35350,35360,10
13.0074195862,80.2367172241,35360,35380,20
13.0074195862,80.2367172241,35380,35390,10
13.0075597763,80.2363891602,35390,35400,10
13.0076398849,80.2359313965,35400,35410,10
13.0077400208,80.2353973389,35410,35420,10
13.0078601837,80.234703064,35420,35431,11
13.0080795288,80.233757019,35431,35441,10
13.0082397461,80.2328796387,35441,35451,10
13.0084199905,80.231918335,35451,35461,10
13.008600235,80.2310180664,35461,35471,10
13.0087499619,80.23021698,35471,35481,10
13.0089101791,80.2294082642,35481,35491,10
13.0090904236,80.2285995483,35491,35501,10
13.0093002319,80.2279434204,35501,35511,10
13.0096197128,80.2272186279,35511,35521,10
13.0099897385,80.2264022827,35521,35531,10
13.0103797913,80.2256774902,35531,35542,11
13.0108003616,80.2247695923,35542,35552,10
13.0109300613,80.2242736816,35552,35562,10
13.0110797882,80.2239074707,35562,35572,10
13.0113401413,80.2232437134,35572,35582,10
13.011639595,80.2226409912,35582,35592,10
13.0119199753,80.2217712402,35592,35602,10
13.0121498108,80.2213668823,35602,35612,10
13.0123796463,80.2214508057,35612,35622,10
13.0126399994,80.2218399048,35622,35632,10
13.0129804611,80.2222976685,35632,35643,11
13.0135002136,80.2228393555,35643,35653,10
13.0139598846,80.2233581543,35653,35663,10
13.0141801834,80.2236785889,35663,35673,10
13.0145597458,80.2241134644,35673,35683,10
13.015130043,80.2246704102,35683,35693,10
13.0154895782,80.2249298096,35693,35703,10
13.015540123,80.2249832153,35703,35713,10
13.0156002045,80.2250671387,35713,35723,10
13.0159397125,80.2253189087,35723,35733,10
13.016579628,80.2253112793,35733,35743,10
13.01720047,80.2250366211,35743,35754,11
13.0179395676,80.2247161865,35754,35784,30
13.018119812,80.2246170044,35784,35804,20
13.018119812,80.2246170044,35804,35814,10
13.0183095932,80.2245407104,35814,35824,10
13.0186395645,80.2244110107,35824,35834,10
13.019200325,80.2242584229,35834,35855,21
13.0193395615,80.2243423462,35855,35895,40
13.0193395615,80.2243423462,35895,35905,10
13.0195398331,80.2243728638,35905,35915,10
13.0197000504,80.2244873047,35915,35925,10
13.019949913,80.2246932983,35925,35935,10
13.0202999115,80.2249603271,35935,35945,10
13.0206003189,80.2251586914,35945,35955,10
13.0206403732,80.225189209,35955,35965,10
13.0207395554,80.2252502441,35965,35976,11
13.0208797455,80.2253723145,35976,35986,10
13.0210103989,80.225479126,35986,35996,10
13.0212802887,80.2257080078,35996,36006,10
13.0215597153,80.2259216309,36006,36016,10
13.0216302872,80.2259597778,36016,36026,10
13.02202034,80.226272583,36026,36046,20
13.02202034,80.226272583,36046,36056,10
13.0221300125,80.2263565063,36056,36066,10
13.0222702026,80.2264709473,36066,36076,10
13.0223302841,80.2265319824,36076,36087,11
13.0225400925,80.2266693115,36087,36097,10
13.0225601196,80.2266769409,36097,36107,10
13.0227203369,80.2268218994,36107,36117,10
13.022769928,80.2268676758,36117,36127,10
13.0229701996,80.2270812988,36127,36137,10
13.0230903625,80.2272033691,36137,36147,10
13.0231704712,80.2273025513,36147,36157,10
13.023229599,80.2273635864,36157,36167,10
13.0233402252,80.2274398804,36167,36177,10
13.0234298706,80.2275085449,36177,36188,11
13.0235996246,80.2276306152,36188,36198,10
13.0237703323,80.2277832031,36198,36208,10
13.0239801407,80.2279663086,36208,36218,10
13.0241298676,80.2281265259,36218,36228,10
13.0242500305,80.2282562256,36228,36238,10
13.0243597031,80.2284088135,36238,36248,10
13.0244703293,80.2285614014,36248,36268,20
13.0244703293,80.2285614014,36268,36277,9
13.0245103836,80.2286529541,36277,36288,11
13.0247097015,80.2289199829,36288,36299,11
13.0248699188,80.2291793823,36299,36309,10
13.0252304077,80.229637146,36309,36319,10
13.0255899429,80.2301330566,36319,36329,10
13.0257301331,80.2304077148,36329,36339,10
13.025850296,80.2306594849,36339,36349,10
13.0259504318,80.23097229,36349,36359,10
13.026049614,80.2313537598,36359,36369,10
13.0261802673,80.2317962646,36369,36379,10
13.0263795853,80.2324676514,36379,36389,10
13.0267496109,80.2332000732,36389,36400,11
13.0272502899,80.2340393066,36400,36410,10
13.0277204514,80.23487854,36410,36420,10
13.0281896591,80.2356033325,36420,36430,10
13.0287904739,80.2362976074,36430,36440,10
13.0292901993,80.2368011475,36440,36450,10
13.0294904709,80.2370529175,36450,36460,10
13.0295696259,80.2371368408,36460,36470,10
13.0295801163,80.2372283936,36470,36480,10
13.0296802521,80.2373504639,36480,36490,10
13.0299196243,80.2377700806,36490,36500,10
13.0302495956,80.2382736206,36500,36511,11
13.0303697586,80.2384185791,36511,36521,10
13.0305204391,80.2386779785,36521,36531,10
13.0307302475,80.2390518188,36531,36541,10
13.0309000015,80.2393722534,36541,36551,10
13.0310001373,80.2395629883,36551,36561,10
13.0310602188,80.239692688,36561,36571,10
13.0311203003,80.2398223877,36571,36581,10
13.0312404633,80.2399520874,36581,36591,10
13.0314102173,80.2402572632,36591,36601,10
13.0314102173,80.2405014038,36601,36611,10
13.0314397812,80.2406768799,36611,36622,11
13.0315504074,80.2408981323,36622,36632,10
13.0317201614,80.2412490845,36632,36642,10
13.0319404602,80.2417602539,36642,36652,10
13.0322904587,80.2422485352,36652,36662,10
13.0325202942,80.242477417,36662,36672,10
13.0326404572,80.2426681519,36672,36682,10
13.0329904556,80.2431869507,36682,36692,10
13.0335197449,80.2439193726,36692,36701,9
13.0340499878,80.2446517944,36701,36712,11
13.034529686,80.2452316284,36712,36722,10
13.0350399017,80.2458267212,36722,36733,11
13.0354003906,80.2460098267,36733,36743,10
13.0355300903,80.24609375,36743,36753,10
13.0357599258,80.2461471558,36753,36763,10
13.035949707,80.2462997437,36763,36773,10
13.0364599228,80.2464065552,36773,36783,10
13.0371799469,80.2465286255,36783,36793,10
13.037779808,80.2464599609,36793,36803,10
13.0385103226,80.2466964722,36803,36833,30
13.0385503769,80.2468338013,36833,36884,51
13.0385503769,80.2468338013,36884,36894,10
13.0387296677,80.2469177246,36894,36904,10
13.0389900208,80.2469329834,36904,36914,10
13.0394001007,80.246963501,36914,36924,10
13.0398101807,80.2470397949,36924,36934,10
13.0403995514,80.2471084595,36934,36945,11
13.0407800674,80.247177124,36945,36955,10
13.0407896042,80.247177124,36955,36965,10
13.0411701202,80.2472610474,36965,36975,10
13.0417299271,80.2473373413,36975,36985,10
13.0421199799,80.2474517822,36985,36995,10
13.0424699783,80.247543335,36995,37005,10
13.0426998138,80.2476806641,37005,37015,10
13.0429201126,80.2477722168,37015,37025,10
13.0433797836,80.2478713989,37025,37035,10
13.0439300537,80.2477874756,37035,37045,10
13.0444402695,80.2478713989,37045,37056,11
13.044960022,80.2480392456,37056,37066,10
13.0453901291,80.2482070923,37066,37076,10
13.0459899902,80.2484436035,37076,37086,10
13.0465297699,80.2484283447,37086,37096,10
13.0466499329,80.2484207153,37096,37106,10
13.0469102859,80.2484512329,37106,37116,10
13.047369957,80.2486190796,37116,37126,10
13.0477399826,80.2489471436,37126,37136,10
13.0482196808,80.249420166,37136,37146,10
13.0486803055,80.2496490479,37146,37156,10
13.049079895,80.2496871948,37156,37167,11
13.0496397018,80.249786377,37167,37177,10
13.0504198074,80.2499313354,37177,37187,10
13.0511798859,80.2500991821,37187,37197,10
13.0517597198,80.2503890991,37197,37227,30
13.0517597198,80.2503890991,37227,37237,10
13.0519504547,80.2505569458,37237,37247,10
13.0520896912,80.2506790161,37247,37257,10
13.052359581,80.2510375977,37257,37267,10
13.0526599884,80.2514419556,37267,37278,11
13.0529098511,80.2517471313,37278,37288,10
13.0530796051,80.251991272,37288,37298,10
13.0532503128,80.2522201538,37298,37308,10
13.0534000397,80.2524185181,37308,37318,10
13.0535297394,80.2525787354,37318,37328,10
13.0536003113,80.2526702881,37328,37338,10
13.0537395477,80.2528991699,37338,37348,10
13.0539703369,80.2532196045,37348,37358,10
13.0541801453,80.2535018921,37358,37368,10
13.0543298721,80.253692627,37368,37378,10
13.0544595718,80.2538604736,37378,37389,11
13.0545797348,80.2540206909,37389,37399,10
13.0547304153,80.2542190552,37399,37409,10
13.0549001694,80.254447937,37409,37419,10
13.0550804138,80.2546615601,37419,37429,10
13.0552797318,80.2549362183,37429,37439,10
13.0555200577,80.2552566528,37439,37449,10
13.055729866,80.2555618286,37449,37459,10
13.0559101105,80.255821228,37459,37469,10
13.0560598373,80.2560272217,37469,37479,10
13.0562801361,80.2563018799,37479,37490,11
13.0567703247,80.2567672729,37490,37510,20
13.0567703247,80.2567672729,37510,37520,10
13.0568799973,80.2568817139,37520,37530,10
13.0572395325,80.2571868896,37530,37540,10
13.0577297211,80.2576599121,37540,37550,10
13.0581598282,80.2581634521,37550,37560,10
13.0585098267,80.2586975098,37560,37570,10
13.0589103699,80.2591400146,37570,37580,10
13.0591897964,80.2596664429,37580,37590,10
13.0596504211,80.2601165771,37590,37601,11
13.0601701736,80.2605667114,37601,37611,10
13.0606203079,80.2610931396,37611,37621,10
13.0607099533,80.2612380981,37621,37631,10
13.0606899261,80.2613296509,37631,37641,10
13.0609397888,80.2616729736,37641,37651,10
13.0613603592,80.2621078491,37651,37661,10
13.0616798401,80.262512207,37661,37681,20
13.0616798401,80.262512207,37681,37691,10
13.0619001389,80.2627563477,37691,37701,10
13.0622196198,80.2631378174,37701,37712,11
13.0626802444,80.263671875,37712,37722,10
13.063079834,80.2640991211,37722,37732,10
13.0631799698,80.2642211914,37732,37742,10
13.0633602142,80.2645492554,37742,37752,10
13.0636901855,80.265083313,37752,37762,10
13.0638198853,80.2652587891,37762,37772,10
13.0639295578,80.2654571533,37772,37782,10
13.0642004013,80.2658004761,37782,37792,10
13.0645799637,80.2662582397,37792,37802,10
13.0647802353,80.2665023804,37802,37812,10
13.0649003983,80.2666778564,37812,37823,11
13.0652799606,80.266998291,37823,37833,10
13.0655403137,80.2671890259,37833,37843,10
13.0656404495,80.2673187256,37843,37853,10
13.0662403107,80.2681121826,37853,37873,20
13.0662403107,80.2681121826,37873,37883,10
13.0663404465,80.2682189941,37883,37893,10
13.066619873,80.2683792114,37893,37903,10
13.0670099258,80.2685394287,37903,37913,10
13.0670204163,80.2685470581,37913,37923,10
13.067150116,80.2686233521,37923,37934,11
13.0676498413,80.268989563,37934,37944,10
13.0681600571,80.2693023682,37944,37954,10
13.0683202744,80.2691574097,37954,37963,9
13.0684099197,80.2687606812,37963,37974,11
13.0685901642,80.2683486938,37974,37984,10
13.068810463,80.2677307129,37984,37994,10
13.0691299438,80.2670974731,37994,38004,10
13.0693101883,80.2669372559,38004,38014,10
13.0695400238,80.2667236328,38014,38024,10
13.0700302124,80.2662124634,38024,38034,10
13.0703296661,80.2659301758,38034,38045,11
13.0704498291,80.265838623,38045,38055,10
13.0707902908,80.2654418945,38055,38065,10
13.0712995529,80.2649307251,38065,38075,10
13.0717897415,80.2643890381,38075,38085,10
13.0721702576,80.2639312744,38085,38095,10
13.072429657,80.2633590698,38095,38105,10
13.072640419,80.2628173828,38105,38115,10
13.0728797913,80.2619934082,38115,38135,20
13.0728797913,80.2619934082,38135,38145,10
13.0729904175,80.2616729736,38145,38156,11
13.0730600357,80.2613830566,38156,38166,10
13.07310009,80.2610168457,38166,38176,10
13.07310009,80.2608184814,38176,38186,10
13.0732002258,80.2606735229,38186,38196,10
13.0733098984,80.2605361938,38196,38206,10
13.0735397339,80.2601089478,38206,38216,10
13.0739002228,80.2595291138,38216,38226,10
13.0744304657,80.2590332031,38226,38236,10
13.0748300552,80.2586898804,38236,38245,9
13.0754404068,80.2582015991,38245,38267,22
13.0754404068,80.2582015991,38267,38277,10
13.075510025,80.2581634521,38277,38287,10
13.0757598877,80.2579727173,38287,38297,10
13.0761404037,80.2576293945,38297,38307,10
13.0766201019,80.2571792603,38307,38317,10
13.077170372,80.2568283081,38317,38327,10
13.0778398514,80.256652832,38327,38337,10
13.0787401199,80.2565994263,38337,38347,10
13.0790700912,80.2563018799,38347,38357,10
13.0790100098,80.2555999756,38357,38367,10
13.0789403915,80.2550888062,38367,38438,71
13.0789403915,80.2550888062,38438,38448,10
13.0789003372,80.2548904419,38448,38458,10
13.078909874,80.2546615601,38458,38468,10
13.0792303085,80.2545394897,38468,38479,11
13.0795402527,80.2545471191,38479,38489,10
13.0797195435,80.2545623779,38489,38499,10
13.0798501968,80.2546005249,38499,38509,10
13.0802402496,80.2546463013,38509,38519,10
13.0805997849,80.2547225952,38519,38529,10
13.080789566,80.2547531128,38529,38539,10
13.0810403824,80.2547836304,38539,38549,10
13.081410408,80.2547988892,38549,38559,10
13.081700325,80.2545394897,38559,38569,10
13.0818300247,80.2540969849,38569,38579,10
13.0818901062,80.253578186,38579,38590,11
13.0817804337,80.2529983521,38590,38600,10
13.0815896988,80.252571106,38600,38610,10
13.081410408,80.2520065308,38610,38620,10
13.0813798904,80.2513275146,38620,38630,10
13.0813798904,80.2510223389,38630,38640,10
13.0813703537,80.2506484985,38640,38650,10
13.0813302994,80.2500991821,38650,38660,10
13.0814800262,80.2496109009,38660,38670,10
13.0820398331,80.249671936,38670,38680,10
13.0826702118,80.2497634888,38680,38690,10
13.0832099915,80.2498474121,38690,38701,11
13.0838899612,80.2499923706,38701,38711,10
13.0845603943,80.2500762939,38711,38721,10
13.0846796036,80.2501220703,38721,38731,10
13.084810257,80.2501831055,38731,38741,10
13.0852499008,80.2502670288,38741,38751,10
13.0856895447,80.2502975464,38751,38761,10
13.0857696533,80.2503128052,38761,38771,10
13.0858602524,80.2500991821,38771,38781,10
13.085849762,80.2495269775,38781,38791,10
13.0858201981,80.2487869263,38791,38800,9
13.0858001709,80.2481384277,38800,38812,12
13.0857801437,80.247177124,38812,38822,10
13.0857200623,80.2466888428,38822,38832,10
13.0856895447,80.2464599609,38832,38862,30
13.0856895447,80.2464599609,38862,38872,10
13.0857601166,80.2461776733,38872,38882,10
13.0856895447,80.2455825806,38882,38963,81
13.0856895447,80.2455825806,38963,38973,10
13.0856895447,80.2454833984,38973,38983,10
13.0857601166,80.2451477051,38983,38993,10
13.0861797333,80.2448577881,38993,39003,10
13.0867300034,80.2444000244,39003,39013,10
13.0872898102,80.2438964844,39013,39022,9
13.087679863,80.2434616089,39022,39034,12
13.0878601074,80.2428817749,39034,39044,10
13.0880403519,80.2422027588,39044,39054,10
13.0883903503,80.241897583,39054,39064,10
13.0884799957,80.2418289185,39064,39074,10
13.0888299942,80.241569519,39074,39084,10
13.0894298553,80.2411727905,39084,39094,10
13.0902099609,80.2408599854,39094,39104,10
13.0912103653,80.240852356,39104,39114,10
13.0922403336,80.2409133911,39114,39124,10
13.0929403305,80.2409362793,39124,39135,11
13.09375,80.2410507202,39135,39145,10
13.0942497253,80.2411422729,39145,39155,10
13.0943403244,80.2411575317,39155,39165,10
13.0947504044,80.2412490845,39165,39175,10
13.095410347,80.2414321899,39175,39185,10
13.0958499908,80.2416000366,39185,39195,10
13.0964002609,80.2417373657,39195,39205,10
13.0970201492,80.2419586182,39205,39306,101
13.0970201492,80.2419586182,39306,39316,10
13.0972099304,80.2420806885,39316,39326,10
13.0975198746,80.2421417236,39326,39336,10
13.0979099274,80.2422332764,39336,39345,9
13.0983400345,80.2422790527,39345,39367,22
13.0983400345,80.2422790527,39367,39377,10
13.0985603333,80.2422485352,39377,39387,10
13.098690033,80.2421722412,39387,39397,10
13.098739624,80.2420120239,39397,39407,10
13.0985898972,80.2418899536,39407,39427,20
13.0985898972,80.2418899536,39427,39437,10
13.0985403061,80.2421417236,39437,39629,192
13.0986700058,80.2422485352,39629,39690,61
13.0986700058,80.2422485352,39690,39700,10
13.0985803604,80.2421798706,39700,39932,232
13.0985803604,80.2421798706,39932,39942,10
13.0985603333,80.2422103882,39942,40184,242
13.0985603333,80.2422103882,40184,40194,10
13.098449707,80.2423477173,40194,40204,10
13.0982904434,80.2423706055,40204,40214,10
13.0977497101,80.2422637939,40214,40255,41
13.0977497101,80.2422637939,40255,40265,10
13.0976495743,80.2422485352,40265,40275,10
13.097319603,80.2421722412,40275,40285,10
13.0968704224,80.2420272827,40285,40295,10
13.0963602066,80.2418823242,40295,40305,10
13.0960903168,80.2417602539,40305,40315,10
13.0958404541,80.2416534424,40315,40325,10
13.0955600739,80.241569519,40325,40335,10
13.0953903198,80.2415084839,40335,40345,10
13.0951795578,80.2414398193,40345,40356,11
13.0948400497,80.2413711548,40356,40366,10
13.0945396423,80.2412796021,40366,40376,10
13.0935297012,80.2411193848,40376,40396,20
13.0935297012,80.2411193848,40396,40406,10
13.0933599472,80.2410812378,40406,40416,10
13.0929002762,80.2410202026,40416,40426,10
13.0923204422,80.2409591675,40426,40436,10
13.0917797089,80.2409133911,40436,40445,9
13.0911302567,80.2408981323,40445,40456,11
13.0902099609,80.2408981323,40456,40467,11
13.0894403458,80.2412109375,40467,40477,10
13.0887498856,80.2417068481,40477,40487,10
13.0880498886,80.2422866821,40487,40497,10
13.0878801346,80.2430877686,40497,40507,10
13.0878095627,80.2433395386,40507,40517,10
13.0876398087,80.2436218262,40517,40527,10
13.0875997543,80.2436828613,40527,40537,10
13.0872602463,80.2439422607,40537,40547,10
13.0867004395,80.2444000244,40547,40557,10
13.0860700607,80.2449264526,40557,40568,11
13.0856895447,80.2453689575,40568,40578,10
13.0857095718,80.2459182739,40578,40588,10
13.0857801437,80.2465591431,40588,40598,10
13.085729599,80.2467498779,40598,40608,10
13.0857400894,80.2468566895,40608,40618,10
13.0857896805,80.2472686768,40618,40628,10
13.0858201981,80.2479934692,40628,40638,10
13.0858697891,80.2490005493,40638,40648,10
13.085940361,80.2499084473,40648,40658,10
13.0859298706,80.2505111694,40658,40668,10
13.0858697891,80.2509765625,40668,40679,11
13.0857601166,80.2518310547,40679,40699,20
13.0857601166,80.2518310547,40699,40709,10
13.0856895447,80.2522125244,40709,40719,10
13.0856199265,80.2528686523,40719,40729,10
13.0855998993,80.2534179688,40729,40739,10
13.0856199265,80.2539520264,40739,40749,10
13.085650444,80.2546310425,40749,40759,10
13.0854597092,80.254699707,40759,40769,10
13.0849199295,80.2546920776,40769,40778,9
13.0843400955,80.2546234131,40778,40790,12
13.0840301514,80.2545776367,40790,40800,10
13.0839099884,80.2545776367,40800,40810,10
13.083609581,80.2545471191,40810,40820,10
13.0830497742,80.2545471191,40820,40830,10
13.0824203491,80.2545166016,40830,40840,10
13.0818395615,80.254699707,40840,40850,10
13.0812196732,80.2548294067,40850,40860,10
13.0809202194,80.2548370361,40860,40870,10
13.0807199478,80.2548065186,40870,40880,10
13.080160141,80.2547607422,40880,40890,10
13.0792798996,80.2546463013,40890,40971,81
13.0792798996,80.2546463013,40971,40981,10
13.0791501999,80.2546463013,40981,40991,10
13.0790300369,80.2548828125,40991,41001,10
13.079079628,80.2554168701,41001,41012,11
13.0791397095,80.2562103271,41012,41022,10
13.0791397095,80.256477356,41022,41032,10
13.0788202286,80.2566680908,41032,41042,10
13.0784301758,80.2566833496,41042,41052,10
13.0780000687,80.2567062378,41052,41062,10
13.0775499344,80.2567596436,41062,41072,10
13.0770196915,80.256942749,41072,41082,10
13.0764303207,80.2573928833,41082,41092,10
13.0758600235,80.2579193115,41092,41102,10
13.0754899979,80.2583007813,41102,41112,10
13.0757598877,80.2591781616,41112,41133,21
13.0757598877,80.2591781616,41133,41143,10
13.075969696,80.2595214844,41143,41153,10
13.076379776,80.2598266602,41153,41163,10
13.0768203735,80.2602233887,41163,41173,10
13.0772304535,80.2607498169,41173,41183,10
13.0777397156,80.2619400024,41183,41234,51
13.0777397156,80.2619400024,41234,41244,10
13.0778198242,80.2623291016,41244,41254,10
13.0778598785,80.2624664307,41254,41264,10
13.0779399872,80.2627716064,41264,41274,10
13.0781002045,80.2631530762,41274,41284,10
13.0781202316,80.2634735107,41284,41294,10
13.0777397156,80.2637329102,41294,41304,10
13.0772800446,80.2640075684,41304,41314,10
13.0768299103,80.2641220093,41314,41323,9
13.0758304596,80.264289856,41323,41345,22
13.0758304596,80.264289856,41345,41355,10
13.0756196976,80.2641983032,41355,41364,9
13.0755701065,80.2640762329,41364,41375,11
13.075460434,80.263923645,41375,41425,50
13.075460434,80.263923645,41425,41435,10
13.0751895905,80.2635192871,41435,41445,10
13.0750598907,80.263343811,41445,41456,11
13.0747804642,80.2629776001,41456,41466,10
13.0744495392,80.2625732422,41466,41476,10
13.0740003586,80.2620391846,41476,41486,10
13.0737104416,80.2617034912,41486,41496,10
13.0736999512,80.2617034912,41496,41506,10
13.0735902786,80.2616119385,41506,41516,10
13.0733299255,80.2614135742,41516,41526,10
13.0731201172,80.2615966797,41526,41536,10
13.0729503632,80.2620391846,41536,41545,9
13.0727796555,80.2625198364,41545,41557,12
13.0726299286,80.2629699707,41557,41567,10
13.0724697113,80.2633590698,41567,41577,10
13.0721998215,80.263923645,41577,41587,10
13.0719203949,80.264289856,41587,41597,10
13.0715904236,80.2646484375,41597,41607,10
13.0715503693,80.2646713257,41607,41617,10
13.0713996887,80.2647399902,41617,41627,10
13.0711898804,80.2649917603,41627,41637,10
13.0708799362,80.2653427124,41637,41647,10
13.0704698563,80.2657318115,41647,41657,10
13.070019722,80.2662124634,41657,41668,11
13.0696401596,80.2666091919,41668,41678,10
13.0692796707,80.266960144,41678,41688,10
13.0689601898,80.2674026489,41688,41698,10
13.0688295364,80.2678222656,41698,41708,10
13.0687799454,80.2679672241,41708,41718,10
13.0686302185,80.2683563232,41718,41728,10
13.0685396194,80.2686462402,41728,41738,10
13.0684404373,80.2690124512,41738,41748,10
13.0683202744,80.2694625854,41748,41758,10
13.06828022,80.2697067261,41758,41767,9
13.0682296753,80.2699737549,41767,41786,19
13.0681295395,80.2707977295,41786,41796,10
13.0678901672,80.2710494995,41796,41805,9
13.0676698685,80.2709121704,41805,41816,11
13.0672397614,80.2704772949,41816,41826,10
13.0671701431,80.2704315186,41826,41836,10
13.0670204163,80.2703018188,41836,41846,10
13.0666999817,80.2699279785,41846,41856,10
13.0664596558,80.2693023682,41856,41866,10
13.0663795471,80.2685317993,41866,41875,9
13.0660800934,80.2681274414,41875,41887,12
13.0656604767,80.2677230835,41887,41897,10
13.0656299591,80.2676925659,41897,41907,10
13.065489769,80.267616272,41907,41917,10
13.0653800964,80.267616272,41917,41927,10
13.0653095245,80.2676620483,41927,41937,10
13.0649404526,80.267578125,41937,41947,10
13.0642595291,80.2674789429,41947,41957,10
13.0635004044,80.2673110962,41957,41967,10
13.0627403259,80.2672195435,41967,41977,10
13.0623502731,80.2667999268,41977,41987,10
13.0619497299,80.2662811279,41987,41998,11
13.0616197586,80.265838623,41998,42008,10
13.0611696243,80.2653274536,42008,42018,10
13.0606098175,80.2654037476,42018,42028,10
13.0603599548,80.2655334473,42028,42038,10
13.0602998734,80.2655487061,42038,42048,10
13.0599498749,80.2656173706,42048,42058,10
13.059419632,80.2656021118,42058,42068,10
13.0589799881,80.2654571533,42068,42078,10
13.0584402084,80.2652893066,42078,42088,10
13.0580997467,80.2647628784,42088,42098,10
13.0580196381,80.2641372681,42098,42109,11
13.0579595566,80.2634811401,42109,42119,10
13.0579004288,80.2627868652,42119,42129,10
13.0578098297,80.2624130249,42129,42139,10
13.0576896667,80.2619171143,42139,42149,10
13.0576000214,80.2613296509,42149,42159,10
13.0574398041,80.2607803345,42159,42169,10
13.0572395325,80.260093689,42169,42179,10
13.0570201874,80.2593002319,42179,42189,10
13.0568199158,80.2587509155,42189,42199,10
13.0567302704,80.2583999634,42199,42209,10
13.0566797256,80.2582015991,42209,42220,11
13.0565595627,80.2577819824,42220,42230,10
13.0565395355,80.2574768066,42230,42240,10
13.0565395355,80.2574081421,42240,42250,10
13.0564498901,80.2570877075,42250,42260,10
13.0563402176,80.2567672729,42260,42270,10
13.056139946,80.2563400269,42270,42280,10
13.0558204651,80.2558670044,42280,42290,10
13.0553598404,80.255241394,42290,42300,10
13.0548000336,80.2544631958,42300,42310,10
13.0542697906,80.2537918091,42310,42319,9
13.0540895462,80.2535400391,42319,42331,12
13.0540399551,80.2534790039,42331,42341,10
13.0537996292,80.2531280518,42341,42351,10
13.0533895493,80.2525482178,42351,42361,10
13.0528898239,80.2518692017,42361,42371,10
13.052479744,80.2512664795,42371,42381,10
13.0520401001,80.2507324219,42381,42391,10
13.0513896942,80.25025177,42391,42401,10
13.0504703522,80.25,42401,42411,10
13.049489975,80.2498397827,42411,42421,10
13.0488700867,80.2498016357,42421,42431,10
13.0486097336,80.2497406006,42431,42442,11
13.0482196808,80.2495269775,42442,42452,10
13.0477304459,80.2491226196,42452,42462,10
13.0470399857,80.2486877441,42462,42482,20
13.0470399857,80.2486877441,42482,42492,10
13.0469102859,80.2486495972,42492,42502,10
13.046790123,80.248626709,42502,42512,10
13.0463495255,80.2485427856,42512,42522,10
13.0455999374,80.2483596802,42522,42532,10
13.0447998047,80.2481536865,42532,42542,10
13.0438899994,80.248046875,42542,42553,11
13.0431203842,80.2479782104,42553,42563,10
13.0424995422,80.2478408813,42563,42573,10
13.0414800644,80.2476425171,42573,42593,20
13.0414800644,80.2476425171,42593,42603,10
13.0412502289,80.2474517822,42603,42613,10
13.0406904221,80.2473068237,42613,42623,10
13.0398902893,80.2471694946,42623,42633,10
13.0391597748,80.2470321655,42633,42643,10
13.0388698578,80.2469024658,42643,42654,11
13.0388202667,80.2468795776,42654,42664,10
13.038599968,80.2467880249,42664,42674,10
13.0384597778,80.2466964722,42674,42684,10
13.0384302139,80.246711731,42684,42694,10
13.0382003784,80.246711731,42694,42704,10
13.0379695892,80.246711731,42704,42714,10
13.0377397537,80.2466812134,42714,42724,10
13.0375995636,80.246673584,42724,42734,10
13.0373401642,80.2466278076,42734,42744,10
13.0370397568,80.2465896606,42744,42754,10
13.0367498398,80.2465286255,42754,42765,11
13.0363397598,80.2464370728,42765,42775,10
13.0358400345,80.2462387085,42775,42785,10
13.0357704163,80.2462463379,42785,42795,10
13.0357198715,80.2461929321,42795,42805,10
13.035369873,80.2460784912,42805,42815,10
13.0351800919,80.2460174561,42815,42825,10
13.0350198746,80.2459411621,42825,42835,10
13.0347099304,80.2455673218,42835,42845,10
13.0342597961,80.2449874878,42845,42855,10
13.033659935,80.2442703247,42855,42865,10
13.032959938,80.2434463501,42865,42876,11
13.03262043,80.2429504395,42876,42886,10
13.0325498581,80.2428436279,42886,42896,10
13.0322799683,80.2424316406,42896,42906,10
13.0319404602,80.2418212891,42906,42916,10
13.0315599442,80.2409896851,42916,42926,10
13.031129837,80.2400970459,42926,43015,89
13.031129837,80.2400970459,43015,43027,12
13.0309400558,80.2397232056,43027,43037,10
13.0306100845,80.239112854,43037,43047,10
13.0301599503,80.2383575439,43047,43057,10
13.0296297073,80.2374572754,43057,43067,10
13.0290699005,80.2368469238,43067,43077,10
13.0290002823,80.2367782593,43077,43086,9
13.0287799835,80.2365112305,43086,43098,12
13.028260231,80.2359085083,43098,43108,10
13.0277795792,80.2352600098,43108,43118,10
13.0273199081,80.2344207764,43118,43128,10
13.0268697739,80.2336883545,43128,43138,10
13.0265398026,80.2331466675,43138,43148,10
13.0262899399,80.2325973511,43148,43158,10
13.0262403488,80.2323989868,43158,43168,10
13.0261602402,80.2320098877,43168,43178,10
13.026049614,80.2315216064,43178,43188,10
13.0258598328,80.2308731079,43188,43198,10
13.0254297256,80.2300796509,43198,43209,11
13.0246295929,80.2290267944,43209,43229,20
13.0246295929,80.2290267944,43229,43239,10
13.0245399475,80.2289428711,43239,43249,10
13.0243396759,80.2286834717,43249,43259,10
13.0240001678,80.2283172607,43259,43279,20
13.0240001678,80.2283172607,43279,43289,10
13.0239095688,80.2282562256,43289,43299,10
13.0236797333,80.2279586792,43299,43309,10
13.0232496262,80.2275390625,43309,43320,11
13.0228700638,80.2271881104,43320,43330,10
13.0225400925,80.2268981934,43330,43340,10
13.0221395493,80.2265396118,43340,43350,10
13.0216703415,80.2261581421,43350,43360,10
13.0211601257,80.225730896,43360,43370,10
13.0205802917,80.2253036499,43370,43380,10
13.0199899673,80.224899292,43380,43390,10
13.0191898346,80.2245330811,43390,43400,10
13.0184202194,80.2247009277,43400,43410,10
13.017660141,80.2249984741,43410,43419,9
13.0168895721,80.2253036499,43419,43431,12
13.0162000656,80.2255706787,43431,43441,10
13.0156698227,80.2257385254,43441,43451,10
13.0152196884,80.2259216309,43451,43461,10
13.0146598816,80.2261199951,43461,43471,10
13.0143299103,80.226272583,43471,43481,10
13.0143203735,80.2262878418,43481,43491,10
13.0140600204,80.2264404297,43491,43501,10
13.0139303207,80.2265167236,43501,43511,10
13.0136404037,80.2266082764,43511,43521,10
13.0133399963,80.2266693115,43521,43531,10
13.012720108,80.226890564,43531,43542,11
13.0118198395,80.2271575928,43542,43552,10
13.0108299255,80.2275466919,43552,43562,10
13.0097799301,80.2280197144,43562,43572,10
13.0090799332,80.2286682129,43572,43582,10
13.0088996887,80.2297134399,43582,43592,10
13.0086698532,80.2309112549,43592,43602,10
13.0084495544,80.2321014404,43602,43612,10
13.0082798004,80.2333908081,43612,43632,20
13.0082798004,80.2333908081,43632,43642,10
13.0081396103,80.2337112427,43642,43653,11
13.0080404282,80.2343063354,43653,43663,10
13.0078601837,80.2351226807,43663,43673,10
13.0076904297,80.2358627319,43673,43683,10
13.0075702667,80.236541748,43683,43693,10
13.007399559,80.2374801636,43693,43703,10
13.0072097778,80.2384796143,43703,43713,10
13.0069799423,80.2392120361,43713,43723,10
13.0068998337,80.239692688,43723,43764,41
13.0068998337,80.239692688,43764,43774,10
13.0069303513,80.2400512695,43774,43784,10
13.0068502426,80.2405014038,43784,43794,10
13.0068397522,80.2406692505,43794,43804,10
13.0068302155,80.2407836914,43804,43814,10
13.0067300797,80.2412033081,43814,43824,10
13.0066995621,80.2419586182,43824,43834,10
13.0066900253,80.2428970337,43834,43844,10
13.0066299438,80.2436294556,43844,43854,10
13.0066204071,80.2445068359,43854,43865,11
13.0066204071,80.2448501587,43865,43875,10
13.0066404343,80.2450714111,43875,43885,10
13.006649971,80.2453994751,43885,43895,10
13.0066795349,80.2457427979,43895,43905,10
13.0066900253,80.2461700439,43905,43915,10
13.0067300797,80.2466964722,43915,43925,10
13.0067300797,80.2474136353,43925,43935,10
13.0067300797,80.2482681274,43935,43945,10
13.0068597794,80.2495574951,43945,43965,20
13.0068597794,80.2495574951,43965,43975,10
13.0068597794,80.2497406006,43975,43986,11
13.006819725,80.2503433228,43986,43996,10
13.0068101883,80.2510375977,43996,44006,10
13.0066900253,80.2515716553,44006,44016,10
13.0065402985,80.2523727417,44016,44026,10
13.0065402985,80.2531280518,44026,44036,10
13.0065698624,80.2536392212,44036,44046,10
13.0065698624,80.2542724609,44046,44056,10
13.0066204071,80.2549591064,44056,44066,10
13.0066099167,80.2550125122,44066,44076,10
13.0065803528,80.2553634644,44076,44087,11
13.0065803528,80.2561035156,44087,44097,10
13.0065498352,80.256690979,44097,44107,10
13.0066995621,80.257232666,44107,44198,91
13.0066995621,80.257232666,44198,44208,10
13.0067501068,80.2574768066,44208,44218,10
13.0063695908,80.2574615479,44218,44228,10
13.0057201385,80.2573623657,44228,44238,10
13.0049200058,80.2572021484,44238,44248,10
13.004070282,80.2570266724,44248,44258,10
13.0033597946,80.2569122314,44258,44268,10
13.0027799606,80.2568130493,44268,44278,10
13.002289772,80.256690979,44278,44288,10
13.0019798279,80.2566375732,44288,44298,10
13.0015897751,80.2565994263,44298,44309,11
13.0008602142,80.2564926147,44309,44319,10
13.0001401901,80.256362915,44319,44329,10
12.9996500015,80.2562713623,44329,44359,30
12.9996500015,80.2562713623,44359,44369,10
12.9994697571,80.2562484741,44369,44379,10
12.9990797043,80.2561569214,44379,44389,10
12.998459816,80.2560806274,44389,44399,10
12.9979000092,80.2559967041,44399,44408,9
12.9975595474,80.2559814453,44408,44420,12
12.9972801208,80.2559585571,44420,44430,10
12.997130394,80.2559814453,44430,44440,10
12.9969501495,80.2562026978,44440,44450,10
12.9968595505,80.2566680908,44450,44460,10
12.9968500137,80.2569122314,44460,44470,10
12.9968395233,80.2571334839,44470,44480,10
12.9967603683,80.2576980591,44480,44490,10
12.9966802597,80.258430481,44490,44500,10
12.9966001511,80.2590484619,44500,44510,10
12.9965496063,80.2591781616,44510,44520,10
12.9964599609,80.2594985962,44520,44531,11
12.9964199066,80.2598495483,44531,44541,10
12.9963998795,80.2601928711,44541,44551,10
12.9963703156,80.2607727051,44551,44561,10
12.9962797165,80.2615280151,44561,44571,10
12.9962797165,80.2617797852,44571,44581,10
12.9962997437,80.2619018555,44581,44591,10
12.9962596893,80.2620391846,44591,44601,10
12.9962100983,80.2623977661,44601,44611,10
12.9961595535,80.2626190186,44611,44621,10
12.9961204529,80.262840271,44621,44631,10
12.9960603714,80.263343811,44631,44642,11
12.9959802628,80.2642288208,44642,44652,10
12.9958896637,80.2651824951,44652,44662,10
12.9957895279,80.2662963867,44662,44672,10
12.9956798553,80.267326355,44672,44682,10
12.9959402084,80.2676620483,44682,44692,10
12.9961395264,80.2676925659,44692,44702,10
12.9962501526,80.2677307129,44702,44712,10
12.996629715,80.2677536011,44712,44722,10
12.9973497391,80.267578125,44722,44732,10
12.9982204437,80.2673187256,44732,44742,10
12.9991903305,80.2670516968,44742,44753,11
13.0000600815,80.2665023804,44753,44773,20
13.0000600815,80.2665023804,44773,44783,10
13.0001897812,80.2661514282,44783,44793,10
13.0002298355,80.2657318115,44793,44803,10
13.0003004074,80.2659378052,44803,46373,1570
13.0001497269,80.2655029297,46373,47356,983
13.0003099442,80.2656936646,47356,47617,261
13.0003204346,80.2656936646,47617,48299,682
13.0004196167,80.26587677,48299,48668,369
13.0004301071,80.2657623291,48668,55377,6709
13.0004196167,80.2657623291,55377,55560,183
13.0003404617,80.2663726807,55560,55621,61
13.0003204346,80.266708374,55621,55651,30
12.9996299744,80.2670288086,55651,55681,30
12.9975299835,80.2675704956,55681,55711,30
12.9956502914,80.267539978,55711,55741,30
12.9957504272,80.2669830322,55741,55772,31
12.9960403442,80.264541626,55772,55801,29
12.9960403442,80.264541626,55801,55823,22
12.9962301254,80.2627410889,55823,55833,10
12.996219635,80.2627105713,55833,55843,10
12.9962396622,80.2624130249,55843,55853,10
12.9963102341,80.2619400024,55853,55863,10
12.9963903427,80.2613983154,55863,55873,10
12.9964895248,80.2605361938,55873,55883,10
12.9965801239,80.2596817017,55883,55893,10
12.9965696335,80.259552002,55893,55903,10
12.9965801239,80.2591934204,55903,55912,9
12.9966497421,80.2585906982,55912,55924,12
12.9967699051,80.2574691772,55924,55934,10
12.9968395233,80.2562789917,55934,55974,40
12.9968395233,80.2562789917,55974,55984,10
12.9968500137,80.2560806274,55984,55994,10
12.9970302582,80.2558517456,55994,56004,10
12.9975299835,80.2558898926,56004,56014,10
12.9987297058,80.2559585571,56014,56045,31
12.9987297058,80.2559585571,56045,56055,10
12.9989795685,80.2560806274,56055,56065,10
12.9990596771,80.2560882568,56065,56075,10
12.9992704391,80.2561035156,56075,56085,10
12.9996900558,80.2561798096,56085,56095,10
13.0002298355,80.2562713623,56095,56105,10
13.0005598068,80.2563705444,56105,56115,10
13.0005702972,80.2563781738,56115,56125,10
13.0008201599,80.2564620972,56125,56135,10
13.001250267,80.2565078735,56135,56146,11
13.0015001297,80.2565307617,56146,56156,10
13.0019102097,80.2565612793,56156,56166,10
13.0024299622,80.2566375732,56166,56176,10
13.0030298233,80.2567520142,56176,56186,10
13.0036697388,80.2568588257,56186,56196,10
13.004240036,80.2569885254,56196,56206,10
13.0046901703,80.2570571899,56206,56216,10
13.0051698685,80.2571105957,56216,56226,10
13.0059204102,80.2573013306,56226,56277,51
13.0059204102,80.2573013306,56277,56287,10
13.0061101913,80.2573013306,56287,56297,10
13.0063695908,80.2573699951,56297,56307,10
13.0064601898,80.2570800781,56307,56317,10
13.0064897537,80.2564620972,56317,56327,10
13.0065202713,80.2556381226,56327,56337,10
13.006529808,80.2548675537,56337,56347,10
13.0065202713,80.2542037964,56347,56356,9
13.006529808,80.2539978027,56356,56368,12
13.0065498352,80.2534713745,56368,56378,10
13.0065603256,80.2534484863,56378,56388,10
13.0065803528,80.2530822754,56388,56398,10
13.0066204071,80.2525024414,56398,56418,20
13.0066204071,80.2525024414,56418,56428,10
13.0066003799,80.252243042,56428,56438,10
13.0066795349,80.251663208,56438,56448,10
13.0067501068,80.250869751,56448,56458,10
13.0067501068,80.25,56458,56468,10
13.0067396164,80.2491607666,56468,56479,11
13.0066795349,80.2484588623,56479,56489,10
13.0066699982,80.2482223511,56489,56499,10
13.0066604614,80.247756958,56499,56509,10
13.0066003799,80.2467422485,56509,56529,20
13.0066003799,80.2467422485,56529,56539,10
13.0065898895,80.2465820313,56539,56549,10
13.0066204071,80.2461624146,56549,56559,10
13.0066204071,80.2454528809,56559,56569,10
13.0066404343,80.2445831299,56569,56580,11
13.0066604614,80.2435379028,56580,56590,10
13.0066404343,80.2424697876,56590,56600,10
13.0066404343,80.2414627075,56600,56610,10
13.0067396164,80.2405090332,56610,56620,10
13.0068397522,80.2399291992,56620,56630,10
13.0069599152,80.2391433716,56630,56640,10
13.0071601868,80.2382125854,56640,56650,10
13.0073204041,80.2375106812,56650,56660,10
13.0074100494,80.2368469238,56660,56670,10
13.0074300766,80.2368011475,56670,56680,10
13.0075397491,80.2364807129,56680,56691,11
13.0076904297,80.235786438,56691,56701,10
13.0078697205,80.2349624634,56701,56711,10
13.0080404282,80.2339782715,56711,56721,10
13.0082597733,80.2329101563,56721,56731,10
13.0084695816,80.2318115234,56731,56741,10
13.0086898804,80.2307434082,56741,56751,10
13.008890152,80.2297363281,56751,56761,10
13.0091104507,80.2286071777,56761,56771,10
13.0094604492,80.2276763916,56771,56781,10
13.0099401474,80.226600647,56781,56791,10
13.0103302002,80.2258071899,56791,56802,11
13.0105895996,80.2252807617,56802,56812,10
13.0106401443,80.2251968384,56812,56822,10
13.0107402802,80.2248001099,56822,56832,10
13.0110197067,80.2241363525,56832,56842,10
13.0113401413,80.2233200073,56842,56852,10
13.0116596222,80.2225570679,56852,56862,10
13.0119304657,80.2217712402,56862,56872,10
13.0123300552,80.2215194702,56872,56882,10
13.0126104355,80.2219161987,56882,56892,10
13.0131397247,80.2224884033,56892,56902,10
13.0137701035,80.2231903076,56902,56913,11
13.0143003464,80.2238388062,56913,56923,10
13.0153102875,80.2248077393,56923,56943,20
13.0153102875,80.2248077393,56943,56953,10
13.0156002045,80.2250366211,56953,56963,10
13.0161600113,80.2252731323,56963,56973,10
13.0170297623,80.2250289917,56973,56983,10
13.0180702209,80.2246170044,56983,56993,10
13.0190296173,80.2242584229,56993,57003,10
13.0192403793,80.2242584229,57003,57013,10
13.0193099976,80.224319458,57013,57024,11
13.0197000504,80.2245635986,57024,57034,10
13.0203199387,80.2249984741,57034,57044,10
13.0209102631,80.225440979,57044,57054,10
13.0215196609,80.2259597778,57054,57064,10
13.0220603943,80.2263717651,57064,57074,10
13.0225000381,80.2267379761,57074,57084,10
13.0230998993,80.2272796631,57084,57094,10
13.0235395432,80.2276763916,57094,57104,10
13.0239400864,80.2280426025,57104,57114,10
13.0242300034,80.2283325195,57114,57125,11
13.0242900848,80.2284469604,57125,57135,10
13.0245103836,80.2287597656,57135,57145,10
13.0246295929,80.2289199829,57145,57155,10
13.0246496201,80.2289428711,57155,57165,10
13.024889946,80.2293014526,57165,57175,10
13.0253601074,80.2299194336,57175,57185,10
13.0260000229,80.2313079834,57185,57246,61
13.0260000229,80.2313079834,57246,57256,10
13.0261297226,80.2316818237,57256,57266,10
13.026309967,80.2323608398,57266,57276,10
13.0265703201,80.232963562,57276,57286,10
13.0269002914,80.2335281372,57286,57296,10
13.0273599625,80.2342987061,57296,57306,10
13.0279102325,80.2353134155,57306,57316,10
13.0286903381,80.2362289429,57316,57326,10
13.0294303894,80.2370071411,57326,57336,10
13.0296001434,80.237197876,57336,57347,11
13.0298299789,80.2375335693,57347,57357,10
13.0300197601,80.2378234863,57357,57417,60
13.0300197601,80.2378234863,57417,57427,10
13.0300502777,80.2378768921,57427,57437,10
13.0301198959,80.237991333,57437,57447,10
13.0301799774,80.2380905151,57447,57458,11
13.0303401947,80.2383880615,57458,57468,10
13.0305099487,80.2386703491,57468,57478,10
13.0306901932,80.2389526367,57478,57488,10
13.0309801102,80.2394714355,57488,57649,161
13.0309801102,80.2394714355,57649,57659,10
13.0310697556,80.2397232056,57659,57669,10
13.0311803818,80.2398910522,57669,57680,11
13.0313796997,80.2402191162,57680,57690,10
13.0314598083,80.2407302856,57690,57700,10
13.0317401886,80.2413101196,57700,57710,10
13.0320196152,80.2419281006,57710,57720,10
13.0323896408,80.242401123,57720,57730,10
13.0326700211,80.242729187,57730,57740,10
13.0331096649,80.2433166504,57740,57750,10
13.0336399078,80.2440567017,57750,57760,10
13.0341701508,80.2447967529,57760,57770,10
13.0346803665,80.2454833984,57770,57780,10
13.0353498459,80.2460784912,57780,57801,21
13.0353498459,80.2460784912,57801,57811,10
13.0356702805,80.2462005615,57811,57821,10
13.0357599258,80.2462081909,57821,57831,10
13.0358600616,80.2462997437,57831,57841,10
13.0361604691,80.2463684082,57841,57851,10
13.0368003845,80.2464981079,57851,57861,10
13.0374403,80.2464065552,57861,57871,10
13.0380601883,80.2465667725,57871,57881,10
13.0388097763,80.2468414307,57881,57892,11
13.0396995544,80.2470321655,57892,57902,10
13.0405397415,80.2471618652,57902,57912,10
13.0407896042,80.2472076416,57912,57922,10
13.0409898758,80.2472686768,57922,57932,10
13.0416202545,80.2473983765,57932,57942,10
13.041970253,80.2475128174,57942,57952,10
13.0423603058,80.2476425171,57952,57962,10
13.0429601669,80.2478637695,57962,57972,10
13.0436601639,80.2479400635,57972,57982,10
13.0441904068,80.2478790283,57982,57991,9
13.0447502136,80.2479705811,57991,58003,12
13.04529953,80.2482299805,58003,58013,10
13.0459403992,80.2484893799,58013,58023,10
13.0466499329,80.2484817505,58023,58033,10
13.0468101501,80.2484588623,58033,58043,10
13.0469102859,80.2484588623,58043,58053,10
13.0473203659,80.248626709,58053,58063,10
13.0478096008,80.2490997314,58063,58073,10
13.0483703613,80.2496032715,58073,58083,10
13.0488996506,80.2497634888,58083,58093,10
13.0495500565,80.2498168945,58093,58103,10
13.0503902435,80.2499771118,58103,58114,11
13.0513696671,80.2502365112,58114,58124,10
13.0520801544,80.2507400513,58124,58134,10
13.0525999069,80.251411438,58134,58144,10
13.0531702042,80.2521591187,58144,58154,10
13.0536804199,80.2528305054,58154,58164,10
13.0541496277,80.2534713745,58164,58174,10
13.054599762,80.2540206909,58174,58184,10
13.0547895432,80.2542800903,58184,58194,10
13.054980278,80.2545318604,58194,58204,10
13.0552101135,80.2548522949,58204,58214,10
13.0554103851,80.2551422119,58214,58225,11
13.0556001663,80.2554016113,58225,58235,10
13.0557899475,80.2556610107,58235,58245,10
13.0559396744,80.255859375,58245,58255,10
13.0560703278,80.2560577393,58255,58265,10
13.0563201904,80.2563705444,58265,58275,10
13.0566997528,80.2567672729,58275,58285,10
13.0567798615,80.2568588257,58285,58295,10
13.0568704605,80.2569198608,58295,58305,10
13.0572795868,80.2572937012,58305,58315,10
13.0578203201,80.2577667236,58315,58325,10
13.0581903458,80.2582321167,58325,58336,11
13.0586395264,80.2587738037,58336,58346,10
13.0590000153,80.2592163086,58346,58356,10
13.0592098236,80.2596817017,58356,58366,10
13.059630394,80.2601318359,58366,58376,10
13.0600595474,80.2605514526,58376,58386,10
13.0604801178,80.2610321045,58386,58396,10
13.0606298447,80.2612915039,58396,58406,10
13.0606899261,80.2613830566,58406,58416,10
13.060959816,80.2617034912,58416,58426,10
13.0613603592,80.2621078491,58426,58436,10
13.0616102219,80.2624435425,58436,58447,11
13.0616703033,80.262512207,58447,58457,10
13.0618495941,80.2627105713,58457,58467,10
13.0622501373,80.2631988525,58467,58477,10
13.0627403259,80.2637786865,58477,58487,10
13.0630998611,80.2641830444,58487,58497,10
13.0631999969,80.2643432617,58497,58507,10
13.06346035,80.2648010254,58507,58517,10
13.0635700226,80.2649765015,58517,58527,10
13.0636997223,80.2651596069,58527,58548,21
13.0636997223,80.2651596069,58548,58558,10
13.0639696121,80.2655410767,58558,58568,10
13.0641403198,80.2657470703,58568,58578,10
13.0642595291,80.2658462524,58578,58588,10
13.0644397736,80.2660369873,58588,58598,10
13.0646495819,80.2663574219,58598,58608,10
13.064740181,80.2665023804,58608,58618,10
13.0648298264,80.2666015625,58618,58628,10
13.0650196075,80.2668228149,58628,58638,10
13.0653400421,80.2670593262,58638,58648,10
13.0656003952,80.2673187256,58648,58659,11
13.0659799576,80.2678833008,58659,58669,10
13.0663499832,80.2682495117,58669,58689,20
13.0663499832,80.2682495117,58689,58699,10
13.0665302277,80.2684173584,58699,58709,10
13.0669298172,80.2685699463,58709,58719,10
13.0670099258,80.2685928345,58719,58729,10
13.06731987,80.2687988281,58729,58739,10
13.0678396225,80.2691574097,58739,58749,10
13.06828022,80.2692871094,58749,58759,10
13.0683603287,80.268913269,58759,58770,11
13.068570137,80.2683563232,58770,58780,10
13.068810463,80.2677078247,58780,58790,10
13.0691003799,80.2671279907,58790,58800,10
13.0695400238,80.2667007446,58800,58810,10
13.069899559,80.2663192749,58810,58820,10
13.0702295303,80.2659912109,58820,58830,10
13.0703296661,80.2658920288,58830,58840,10
13.0705699921,80.2656707764,58840,58850,10
13.0710000992,80.2652282715,58850,58860,10
13.0714797974,80.2647399902,58860,58870,10
13.0720500946,80.2641067505,58870,58881,11
13.0724401474,80.2633590698,58881,58891,10
13.0726604462,80.2627487183,58891,58901,10
13.0728902817,80.2619628906,58901,58920,19
13.0728902817,80.2619628906,58920,58931,11
13.0729503632,80.261756897,58931,58941,10
13.0730695724,80.2613220215,58941,58951,10
13.0733098984,80.261177063,58951,58961,10
13.0735797882,80.2614974976,58961,58971,10
13.0739898682,80.2619628906,58971,58981,10
13.0743398666,80.2624130249,58981,58992,11
13.0747499466,80.2629165649,58992,59002,10
13.0751199722,80.2634124756,59002,59012,10
13.0753602982,80.2637481689,59012,59022,10
13.0756998062,80.2641830444,59022,59032,10
13.0760602951,80.264251709,59032,59042,10
13.0766496658,80.2641830444,59042,59052,10
13.0768299103,80.2641601563,59052,59062,10
13.0771999359,80.2641067505,59062,59072,10
13.0778999329,80.2636108398,59072,59103,31
13.0778999329,80.2636108398,59103,59113,10
13.0780601501,80.2634811401,59113,59123,10
13.0781698227,80.2632675171,59123,59133,10
13.0782499313,80.263343811,59133,59143,10
13.0781898499,80.2634735107,59143,59153,10
13.0778903961,80.2636489868,59153,59163,10
13.0774297714,80.2639770508,59163,59173,10
13.0768604279,80.2641830444,59173,59183,10
13.0763902664,80.264251709,59183,59193,10
13.0758104324,80.2643127441,59193,59204,11
13.075510025,80.2639770508,59204,59214,10
13.0753297806,80.2637329102,59214,59224,10
13.0753297806,80.263710022,59224,59234,10
13.0751695633,80.2634963989,59234,59244,10
13.0750102997,80.2632675171,59244,59254,10
13.0747003555,80.2628479004,59254,59264,10
13.074259758,80.2623519897,59264,59274,10
13.0737600327,80.2617492676,59274,59294,20
13.0737600327,80.2617492676,59294,59304,10
13.0736398697,80.2616729736,59304,59315,11
13.0734195709,80.2614517212,59315,59325,10
13.0732002258,80.2614822388,59325,59335,10
13.0729799271,80.26197052,59335,59345,10
13.0727500916,80.2626495361,59345,59355,10
13.0725603104,80.2632293701,59355,59365,10
13.0723199844,80.2637786865,59365,59375,10
13.0719499588,80.2642822266,59375,59385,10
13.071559906,80.2646865845,59385,59395,10
13.0714597702,80.2647476196,59395,59405,10
13.0712604523,80.2649612427,59405,59415,10
13.0709695816,80.2652664185,59415,59426,11
13.0705299377,80.2657165527,59426,59436,10
13.0700702667,80.2661819458,59436,59446,10
13.0698604584,80.2664108276,59446,59456,10
13.0696201324,80.2666702271,59456,59466,10
13.0692796707,80.266998291,59466,59476,10
13.068980217,80.2673721313,59476,59486,10
13.0688400269,80.2677536011,59486,59496,10
13.0687704086,80.2678909302,59496,59506,10
13.0686597824,80.2683792114,59506,59516,10
13.0685396194,80.268699646,59516,59526,10
13.0684204102,80.2691268921,59526,59537,11
13.0682897568,80.2696762085,59537,59547,10
13.0682001114,80.2702331543,59547,59557,10
13.0681400299,80.2707977295,59557,59567,10
13.0678195953,80.2710266113,59567,59577,10
13.067440033,80.2706604004,59577,59587,10
13.0671596527,80.2704162598,59587,59597,10
13.0670700073,80.2703933716,59597,59607,10
13.0667896271,80.2700500488,59607,59617,10
13.0664901733,80.2696380615,59617,59627,10
13.0663795471,80.2690505981,59627,59637,10
13.066280365,80.268447876,59637,59648,11
13.0658502579,80.267906189,59648,59658,10
13.0654001236,80.2677078247,59658,59678,20
13.0654001236,80.2677078247,59678,59688,10
13.0651597977,80.267616272,59688,59698,10
13.0647096634,80.2675323486,59698,59708,10
13.0643196106,80.2674636841,59708,59718,10
13.0641403198,80.2674331665,59718,59728,10
13.0638303757,80.2673797607,59728,59738,10
13.0635404587,80.267326355,59738,59747,9
13.0633296967,80.267288208,59747,59759,12
13.0630102158,80.2672271729,59759,59769,10
13.0627098083,80.2670822144,59769,59779,10
13.0623598099,80.2667236328,59779,59789,10
13.0619001389,80.2661972046,59789,59799,10
13.0614595413,80.2656707764,59799,59809,10
13.0611495972,80.2653121948,59809,59819,10
13.060959816,80.2652435303,59819,59829,10
13.0608596802,80.2652511597,59829,59839,10
13.0606498718,80.2653579712,59839,59849,10
13.0606403351,80.2653579712,59849,59859,10
13.0604200363,80.2654571533,59859,59870,11
13.0598297119,80.2656402588,59870,59880,10
13.0593795776,80.2655792236,59880,59890,10
13.0587797165,80.2654876709,59890,59910,20
13.0587797165,80.2654876709,59910,59920,10
13.0586299896,80.2654418945,59920,59930,10
13.0583295822,80.2653579712,59930,59940,10
13.0580596924,80.2650222778,59940,59950,10
13.0579395294,80.2643966675,59950,59959,9
13.0578403473,80.2636566162,59959,59971,12
13.0577201843,80.2626800537,59971,59981,10
13.0576295853,80.2620010376,59981,59991,10
13.0574998856,80.2613601685,59991,60001,10
13.0573596954,80.2607116699,60001,60011,10
13.0571603775,80.2600097656,60011,60021,10
13.0570201874,80.2595367432,60021,60031,10
13.056889534,80.2591018677,60031,60041,10
13.0567398071,80.258682251,60041,60051,10
13.0566196442,80.2582168579,60051,60061,10
13.056520462,80.2576828003,60061,60102,41
13.0564804077,80.2574310303,60102,60122,20
13.0564804077,80.2574310303,60122,60132,10
13.0564699173,80.2571563721,60132,60142,10
13.0563297272,80.2566680908,60142,60152,10
13.0559997559,80.2561187744,60152,60162,10
13.0555400848,80.2554626465,60162,60172,10
13.0549402237,80.2546615601,60172,60182,10
13.0543298721,80.25390625,60182,60193,11
13.0540895462,80.2535934448,60193,60203,10
13.0540800095,80.2535400391,60203,60213,10
13.0538396835,80.2531661987,60213,60223,10
13.053440094,80.252571106,60223,60233,10
13.0529203415,80.2518692017,60233,60243,10
13.0524301529,80.2512207031,60243,60253,10
13.0518798828,80.2505722046,60253,60263,10
13.0510396957,80.2501068115,60263,60273,10
13.050069809,80.2499008179,60273,60283,10
13.049030304,80.2497787476,60283,60293,10
13.048210144,80.2495117188,60293,60304,11
13.0472602844,80.2487411499,60304,60324,20
13.0472602844,80.2487411499,60324,60334,10
13.0470895767,80.2486801147,60334,60344,10
13.046790123,80.2486190796,60344,60354,10
13.0463199615,80.2485580444,60354,60364,10
13.04570961,80.2484588623,60364,60374,10
13.0452098846,80.2482223511,60374,60384,10
13.0445203781,80.2480926514,60384,60394,10
13.0440597534,80.2480163574,60394,60404,10
13.0436496735,80.2479400635,60404,60415,11
13.0431804657,80.2478637695,60415,60425,10
13.0426902771,80.2477264404,60425,60435,10
13.0420799255,80.2475585938,60435,60445,10
13.0417299271,80.2474975586,60445,60455,10
13.041390419,80.2474594116,60455,60465,10
13.0412502289,80.2474365234,60465,60475,10
13.0408201218,80.2473602295,60475,60485,10
13.0396604538,80.2471389771,60485,60556,71
13.0396604538,80.2471389771,60556,60566,10
13.039440155,80.2470703125,60566,60576,10
13.038860321,80.2469024658,60576,60586,10
13.0380601883,80.2467575073,60586,60596,10
13.0372104645,80.2466125488,60596,60606,10
13.0363397598,80.2463989258,60606,60616,10
13.0358600616,80.2462615967,60616,60626,10
13.0352096558,80.2461013794,60626,60647,21
13.0352096558,80.2461013794,60647,60657,10
13.0350399017,80.2460479736,60657,60667,10
13.0347499847,80.2456893921,60667,60677,10
13.0344600677,80.2452697754,60677,60687,10
13.033949852,80.244682312,60687,60697,10
13.0331096649,80.243598938,60697,60768,71
13.0331096649,80.243598938,60768,60778,10
13.0329999924,80.2434997559,60778,60788,10
13.0328998566,80.2433776855,60788,60798,10
13.0328998566,80.2433700562,60798,60808,10
13.0327796936,80.2431564331,60808,60818,10
13.032699585,80.2430419922,60818,60828,10
13.0326004028,80.2429122925,60828,60837,9
13.0324201584,80.2426605225,60837,61000,163
13.0324201584,80.2426605225,61000,61010,10
13.0322704315,80.2424163818,61010,61020,10
13.0321397781,80.2423019409,61020,61030,10
13.0319795609,80.2420578003,61030,61040,10
13.0318202972,80.2416763306,61040,61050,10
13.0315704346,80.2410964966,61050,61060,10
13.0312595367,80.240447998,61060,61071,11
13.030960083,80.2397766113,61071,61081,10
13.0305700302,80.2390518188,61081,61091,10
13.0300598145,80.2381286621,61091,61101,10
13.029419899,80.2371826172,61101,61111,10
13.0290899277,80.2368392944,61111,61121,10
13.0290803909,80.2368087769,61121,61131,10
13.0288000107,80.2365036011,61131,61141,10
13.0283203125,80.2359466553,61141,61151,10
13.0277996063,80.2352676392,61151,61161,10
13.0272798538,80.234336853,61161,61171,10
13.0266895294,80.2333831787,61171,61182,11
13.026260376,80.2325820923,61182,61192,10
13.0261497498,80.2320785522,61192,61202,10
13.0260095596,80.2315597534,61202,61212,10
13.0258903503,80.2309494019,61212,61222,10
13.0255002975,80.2302017212,61222,61232,10
13.0250597,80.2296218872,61232,61272,40
13.0250597,80.2296218872,61272,61282,10
13.0249795914,80.2295303345,61282,61293,11
13.0248098373,80.2293167114,61293,61303,10
13.0246601105,80.229133606,61303,61313,10
13.0244398117,80.2288284302,61313,61323,10
13.0239696503,80.2282791138,61323,61343,20
13.0239696503,80.2282791138,61343,61353,10
13.0238399506,80.2281036377,61353,61363,10
13.0234699249,80.2277069092,61363,61373,10
13.023150444,80.2273788452,61373,61383,10
13.0226697922,80.2269363403,61383,61393,10
13.022069931,80.2264022827,61393,61404,11
13.0213899612,80.2258682251,61404,61414,10
13.0208702087,80.2254714966,61414,61424,10
13.0202903748,80.2250671387,61424,61434,10
13.0195398331,80.2245864868,61434,61444,10
13.0185499191,80.2246017456,61444,61454,10
13.0176095963,80.2249908447,61454,61464,10
13.0168399811,80.2253265381,61464,61474,10
13.0165195465,80.2254562378,61474,61484,10
13.0162496567,80.2255477905,61484,61494,10
13.0157604218,80.2257232666,61494,61505,11
13.0150003433,80.226020813,61505,61515,10
13.0143699646,80.2262573242,61515,61525,10
13.0142803192,80.22631073,61525,61535,10
13.0140895844,80.2263793945,61535,61545,10
13.0137395859,80.2265090942,61545,61555,10
13.0132398605,80.2266921997,61555,61565,10
13.0124998093,80.2269821167,61565,61575,10
13.0115299225,80.2273483276,61575,61585,10
13.0104703903,80.2277984619,61585,61595,10
13.0094203949,80.2282485962,61595,61605,10
13.0090398788,80.2291793823,61605,61616,11
13.0087795258,80.2304534912,61616,61626,10
13.0085601807,80.231628418,61626,61636,10
13.0083398819,80.2327575684,61636,61646,10
13.0082902908,80.2333908081,61646,61656,10
13.0082902908,80.2333984375,61656,61666,10
13.0082502365,80.2335281372,61666,61676,10
13.0081501007,80.2339019775,61676,61686,10
13.0080404282,80.2345733643,61686,61696,10
13.0078601837,80.2354202271,61696,61706,10
13.0076799393,80.2362365723,61706,61716,10
13.0074901581,80.2372131348,61716,61727,11
13.0073299408,80.2382125854,61727,61737,10
13.0072002411,80.238899231,61737,61747,10
13.0070800781,80.2395172119,61747,61767,20
13.0070800781,80.2395172119,61767,61777,10
13.0069904327,80.2398681641,61777,61787,10
13.0068998337,80.2404937744,61787,61797,10
13.0068702698,80.2407913208,61797,61807,10
13.0068397522,80.2409286499,61807,61817,10
13.0067996979,80.2413787842,61817,61827,10
13.0067796707,80.2421875,61827,61838,11
13.0067396164,80.2431030273,61838,61848,10
13.0067396164,80.2438201904,61848,61858,10
13.0067396164,80.2445831299,61858,61868,10
13.0067396164,80.2453689575,61868,61878,10
13.0067501068,80.2460403442,61878,61888,10
13.0067596436,80.2463226318,61888,61898,10
13.0067596436,80.2467422485,61898,61908,10
13.0067596436,80.2473373413,61908,61918,10
13.0067596436,80.2481307983,61918,61928,10
13.0068101883,80.2488937378,61928,61938,10
13.0068702698,80.2492294312,61938,61949,11
13.0068798065,80.2492294312,61949,61959,10
13.0069103241,80.2494277954,61959,61969,10
13.0068798065,80.250038147,61969,61999,30
13.0068798065,80.250038147,61999,62009,10
13.0068798065,80.2501602173,62009,62019,10
13.0068798065,80.2503814697,62019,62028,9
13.0068798065,80.2506790161,62028,62039,11
13.0068798065,80.2509918213,62039,62049,10
13.006819725,80.251411438,62049,62060,11
13.0066900253,80.2520523071,62060,62070,10
13.0066003799,80.2529296875,62070,62080,10
13.0066003799,80.2538833618,62080,62090,10
13.0066299438,80.2545471191,62090,62100,10
13.0066604614,80.2548294067,62100,62110,10
13.0066604614,80.2548370361,62110,62120,10
13.0066404343,80.2548828125,62120,62130,10
13.0066299438,80.2552108765,62130,62140,10
13.0066404343,80.2559204102,62140,62150,10
13.0066404343,80.2566299438,62150,62160,10
13.0066795349,80.2568283081,62160,62171,11
13.0066795349,80.2569885254,62171,62181,10
13.0067195892,80.25730896,62181,62191,10
13.006529808,80.2575683594,62191,62201,10
13.0063495636,80.25756073,62201,62211,10
13.0061197281,80.2574920654,62211,62221,10
13.0058002472,80.2573699951,62221,62231,10
13.0054502487,80.2572479248,62231,62241,10
13.0049200058,80.2571563721,62241,62251,10
13.0041904449,80.2570266724,62251,62261,10
13.003490448,80.2569198608,62261,62272,11
13.002790451,80.2568130493,62272,62282,10
13.0021095276,80.2566986084,62282,62312,30
13.0021095276,80.2566986084,62312,62322,10
13.0017499924,80.256652832,62322,62332,10
13.0011796951,80.2565917969,62332,62342,10
13.0003595352,80.2564468384,62342,62352,10
12.9995098114,80.2563018799,62352,62362,10
12.9989299774,80.2561798096,62362,62371,9
12.9983997345,80.2560882568,62371,62383,12
12.9973602295,80.2560195923,62383,62413,30
12.9973602295,80.2560195923,62413,62423,10
12.9971599579,80.2559509277,62423,62433,10
12.9969701767,80.2560577393,62433,62443,10
12.9968795776,80.2565383911,62443,62452,9
12.9968595505,80.257019043,62452,62463,11
12.9968395233,80.2572097778,62463,62473,10
12.9967699051,80.2578125,62473,62483,10
12.9966697693,80.2585678101,62483,62494,11
12.9965801239,80.2592773438,62494,62504,10
12.996509552,80.2598724365,62504,62514,10
12.9964399338,80.2606430054,62514,62524,10
12.9963703156,80.2612762451,62524,62534,10
12.9963302612,80.2618484497,62534,62544,10
12.9962501526,80.2623062134,62544,62554,10
12.9962396622,80.2623214722,62554,62564,10
12.9961900711,80.2626266479,62564,62574,10
12.9961500168,80.2632217407,62574,62584,10
12.9960699081,80.2640762329,62584,62594,10
12.9959802628,80.2649536133,62594,62605,11
12.9959697723,80.2651596069,62605,62615,10
12.9959201813,80.2655029297,62615,62625,10
12.9958295822,80.2661819458,62625,62635,10
12.9957304001,80.267036438,62635,62645,10
12.9957199097,80.2676086426,62645,62655,10
12.9960603714,80.2676925659,62655,62665,10
12.9961795807,80.2677078247,62665,62675,10
12.9962997437,80.2677612305,62675,62685,10
12.9967403412,80.2677383423,62685,62695,10
12.997469902,80.2675476074,62695,62705,10
12.9981803894,80.2673568726,62705,62716,11
12.9990501404,80.2671127319,62716,62726,10
12.9997797012,80.2668762207,62726,62736,10
13.0000896454,80.2665634155,62736,62746,10
13.0000896454,80.2665481567,62746,62756,10
13.0001602173,80.2662277222,62756,62766,10
13.0002603531,80.2657928467,62766,62776,10
13.0002803802,80.2661437988,62776,63654,878
13.0002803802,80.2661437988,63654,63664,10
13.0003099442,80.2664794922,63664,63674,10
13.0003204346,80.2665405273,63674,63684,10
13.0003004074,80.2667388916,63684,63694,10
13.0001802444,80.2668304443,63694,63705,11
12.9997797012,80.266960144,63705,63715,10
12.9991197586,80.2671432495,63715,63725,10
12.9983997345,80.2673721313,63725,63735,10
12.9977502823,80.267539978,63735,63745,10
12.9970397949,80.2677612305,63745,63755,10
12.9963102341,80.2677764893,63755,63765,10
12.9957895279,80.2677536011,63765,63775,10
12.9956998825,80.2673721313,63775,63805,30
12.9956998825,80.2673721313,63805,63816,11
12.9956998825,80.2672271729,63816,63826,10
12.9957304001,80.2668914795,63826,63836,10
12.9957799911,80.2661819458,63836,63846,10
12.9958496094,80.2653579712,63846,63856,10
12.9959402084,80.2645797729,63856,63866,10
12.9960403442,80.2637863159,63866,63876,10
12.9961004257,80.2631988525,63876,63886,10
12.9961395264,80.2627334595,63886,63916,30
12.9961395264,80.2627334595,63916,63927,11
12.9962596893,80.2623672485,63927,63937,10
12.9962997437,80.2618789673,63937,63947,10
12.996339798,80.2612380981,63947,63957,10
12.9963998795,80.2605819702,63957,63967,10
12.9964799881,80.2598266602,63967,63977,10
12.9965200424,80.2592086792,63977,63987,10
12.9965896606,80.2585830688,63987,63997,10
12.9966602325,80.2578582764,63997,64007,10
12.9967403412,80.2572631836,64007,64017,10
12.9967603683,80.2570877075,64017,64028,11
12.9968395233,80.2564697266,64028,64098,70
12.9968900681,80.2563018799,64098,64139,41
12.9968900681,80.2563018799,64139,64149,10
12.9969301224,80.2559585571,64149,64159,10
12.9972496033,80.2559204102,64159,64169,10
12.9978303909,80.2559509277,64169,64179,10
12.9987897873,80.2560577393,64179,64209,30
12.9987897873,80.2560577393,64209,64219,10
12.9990901947,80.2561721802,64219,64239,20
12.9990901947,80.2561721802,64239,64250,11
12.999329567,80.2562179565,64250,64260,10
12.9998703003,80.2563323975,64260,64270,10
13.0005302429,80.2564163208,64270,64280,10
13.001159668,80.2565231323,64280,64290,10
13.0017299652,80.2566223145,64290,64300,10
13.0023803711,80.2567214966,64300,64310,10
13.002989769,80.2568283081,64310,64320,10
13.0032901764,80.2568893433,64320,64330,10
13.0037603378,80.2569580078,64330,64340,10
13.0043897629,80.2570571899,64340,64350,10
13.005109787,80.2571792603,64350,64431,81
13.005109787,80.2571792603,64431,64441,10
13.0056600571,80.2573776245,64441,64451,10
13.0064001083,80.2574920654,64451,64502,51
13.0064001083,80.2574920654,64502,64512,10
13.0066003799,80.2574005127,64512,64522,10
13.0065402985,80.2570419312,64522,64532,10
13.0065202713,80.2563781738,64532,64542,10
13.0065002441,80.2555923462,64542,64552,10
13.0065097809,80.2549819946,64552,64562,10
13.0065002441,80.2542266846,64562,64572,10
13.0064897537,80.2533035278,64572,64653,81
13.0064897537,80.2533035278,64653,64663,10
13.0065202713,80.2529678345,64663,64682,19
13.0065202713,80.2529678345,64682,64694,12
13.0065202713,80.2526168823,64694,64704,10
13.0066099167,80.2519989014,64704,64805,101
13.0066099167,80.2519989014,64805,64815,10
13.0066699982,80.2516479492,64815,64825,10
13.0066995621,80.2510910034,64825,64835,10
13.0066995621,80.2502975464,64835,64845,10
13.0066995621,80.2494888306,64845,64855,10
13.0066404343,80.2487106323,64855,64885,30
13.0066404343,80.2487106323,64885,64895,10
13.0066204071,80.2484283447,64895,64905,10
13.0066003799,80.2480697632,64905,64916,11
13.0066204071,80.2476425171,64916,65017,101
13.0066204071,80.2476425171,65017,65027,10
13.0066404343,80.2474822998,65027,65037,10
13.0066404343,80.2471389771,65037,65047,10
13.0065803528,80.2465896606,65047,65077,30
13.0065803528,80.2465896606,65077,65087,10
13.0066604614,80.246307373,65087,65097,10
13.0066204071,80.2459106445,65097,65107,10
13.0066099167,80.2456588745,65107,65117,10
13.0065898895,80.2452774048,65117,65138,21
13.0065898895,80.2452774048,65138,65148,10
13.0065698624,80.2447967529,65148,65158,10
13.0065803528,80.2444992065,65158,65168,10
13.0065698624,80.2442016602,65168,65178,10
13.0065698624,80.2440338135,65178,65188,10
13.0065603256,80.2437973022,65188,65198,10
13.0065603256,80.2435684204,65198,65208,10
13.0065402985,80.2432174683,65208,65218,10
13.0065202713,80.2427368164,65218,65227,9
13.0065002441,80.241859436,65227,65269,42
13.0065002441,80.241859436,65269,65279,10
13.0065603256,80.2414932251,65279,65289,10
13.0065698624,80.2412719727,65289,65299,10
13.0065898895,80.2409591675,65299,65309,10
13.0066604614,80.2405166626,65309,65319,10
13.0067901611,80.2398300171,65319,65329,10
13.0069599152,80.2389602661,65329,65339,10
13.0071697235,80.2380218506,65339,65350,11
13.007349968,80.237197876,65350,65360,10
13.007399559,80.2368011475,65360,65400,40
13.007399559,80.2368011475,65400,65410,10
13.0074596405,80.2366714478,65410,65420,10
13.0075502396,80.2363433838,65420,65430,10
13.0076599121,80.2358322144,65430,65440,10
13.0078001022,80.2351074219,65440,65450,10
13.0079698563,80.2343292236,65450,65461,11
13.0081796646,80.2332611084,65461,65471,10
13.0083999634,80.2321472168,65471,65481,10
13.0086202621,80.2309875488,65481,65491,10
13.0088300705,80.2298812866,65491,65501,10
13.0090398788,80.2287979126,65501,65511,10
13.0093803406,80.2277832031,65511,65521,10
13.0098400116,80.2267837524,65521,65531,10
13.0102596283,80.2259521484,65531,65541,10
13.0105600357,80.2253265381,65541,65551,10
13.0107297897,80.2249603271,65551,65561,10
13.0108203888,80.2246398926,65561,65572,11
13.0110502243,80.2240600586,65572,65582,10
13.0112895966,80.2234268188,65582,65592,10
13.0115404129,80.222869873,65592,65602,10
13.0117797852,80.2220230103,65602,65612,10
13.0121898651,80.221496582,65612,65622,10
13.0124197006,80.2217330933,65622,65632,10
13.0127801895,80.22215271,65632,65642,10
13.013130188,80.2225265503,65642,65652,10
13.0134496689,80.2228393555,65652,65662,10
13.0138702393,80.2233276367,65662,65673,11
13.0142698288,80.2238464355,65673,65683,10
13.0147304535,80.2244262695,65683,65693,10
13.0153102875,80.2249221802,65693,65723,30
13.0153102875,80.2249221802,65723,65733,10
13.0155801773,80.2250900269,65733,65743,10
13.0161399841,80.2253570557,65743,65753,10
13.0169401169,80.2251815796,65753,65763,10
13.0178604126,80.224822998,65763,65772,9
13.0191001892,80.2243270874,65772,65803,31
13.0191001892,80.2243270874,65803,65814,11
13.0193004608,80.2243499756,65814,65824,10
13.0195999146,80.2245025635,65824,65834,10
13.0198898315,80.2247009277,65834,65844,10
13.0202302933,80.2249526978,65844,65854,10
13.0206403732,80.225227356,65854,65864,10
13.0210695267,80.2255706787,65864,65874,10
13.0215501785,80.2259292603,65874,65884,10
13.0220603943,80.22631073,65884,65895,11
13.0225896835,80.2267684937,65895,65905,10
13.023059845,80.2272186279,65905,65915,10
13.0233697891,80.2275085449,65915,65925,10
13.0237197876,80.2277908325,65925,65935,10
13.0239801407,80.2280883789,65935,65945,10
13.0241498947,80.2282714844,65945,65955,10
13.0242996216,80.2284469604,65955,65965,10
13.0243597031,80.2285308838,65965,65975,10
13.0245304108,80.2287979126,65975,65985,10
13.0247097015,80.2290420532,65985,65995,10
13.0249204636,80.229347229,65995,66006,11
13.025270462,80.2297973633,66006,66016,10
13.0256500244,80.2303390503,66016,66076,60
13.0256500244,80.2303390503,66076,66086,10
13.0257396698,80.2305831909,66086,66096,10
13.0258598328,80.2308425903,66096,66106,10
13.025970459,80.2311706543,66106,66117,11
13.0261497498,80.2317276001,66117,66127,10
13.0263299942,80.2323913574,66127,66137,10
13.0266199112,80.2330703735,66137,66147,10
13.0269603729,80.2336273193,66147,66157,10
13.0273895264,80.2343215942,66157,66167,10
13.0277795792,80.2350616455,66167,66177,10
13.0280504227,80.2355194092,66177,66187,10
13.0284795761,80.236000061,66187,66197,10
13.0289802551,80.2365570068,66197,66207,10
13.0295095444,80.2371292114,66207,66228,21
13.0295095444,80.2371292114,66228,66238,10
13.0297002792,80.2374267578,66238,66248,10
13.0300502777,80.2379608154,66248,66258,10
13.0304498672,80.2386322021,66258,66268,10
13.030670166,80.2389907837,66268,66317,49
13.0308198929,80.2392883301,66317,66349,32
13.0308198929,80.2392883301,66349,66359,10
13.0308904648,80.2394866943,66359,66369,10
13.0309200287,80.2395172119,66369,66379,10
13.0310602188,80.2397994995,66379,66389,10
13.0311002731,80.2398681641,66389,66399,10
13.0311803818,80.2399978638,66399,66409,10
13.0312995911,80.2401733398,66409,66419,10
13.0313997269,80.2405776978,66419,66429,10
13.0315704346,80.2410964966,66429,66440,11
13.0318899155,80.2417221069,66440,66450,10
13.0322504044,80.2423171997,66450,66460,10
13.0325603485,80.2425994873,66460,66470,10
13.0326595306,80.2427825928,66470,66480,10
13.0329904556,80.2432937622,66480,66490,10
13.0334796906,80.2439575195,66490,66500,10
13.0339698792,80.2446365356,66500,66510,10
13.0344400406,80.245262146,66510,66520,10
13.0348997116,80.2457962036,66520,66530,10
13.0354700089,80.2461471558,66530,66571,41
13.0354700089,80.2461471558,66571,66581,10
13.0356998444,80.2462615967,66581,66591,10
13.0358400345,80.2463226318,66591,66601,10
13.0359802246,80.246383667,66601,66611,10
13.0364198685,80.2464675903,66611,66621,10
13.03703022,80.2465896606,66621,66631,10
13.0375003815,80.2464675903,66631,66641,10
13.037779808,80.2465362549,66641,66651,10
13.0384902954,80.2467575073,66651,66672,21
13.0384902954,80.2467575073,66672,66682,10
13.0386400223,80.2469177246,66682,66692,10
13.0389699936,80.2469863892,66692,66702,10
13.0393400192,80.2470397949,66702,66712,10
13.0396795273,80.2470779419,66712,66722,10
13.040140152,80.2471313477,66722,66732,10
13.0404100418,80.2471618652,66732,66742,10
13.0406904221,80.2472229004,66742,66762,20
13.0406904221,80.2472229004,66762,66773,11
13.0410604477,80.2472991943,66773,66783,10
13.0416603088,80.2474136353,66783,66793,10
13.0420103073,80.2474822998,66793,66803,10
13.0424203873,80.2476196289,66803,66813,10
13.0429296494,80.2478179932,66813,66823,10
13.0435199738,80.2479400635,66823,66833,10
13.0440397263,80.247833252,66833,66843,10
13.0444602966,80.2479324341,66843,66853,10
13.0448904037,80.2480926514,66853,66862,9
13.0452804565,80.2482528687,66862,66874,12
13.0459899902,80.2485198975,66874,66884,10
13.0468397141,80.2484664917,66884,66914,30
13.0468397141,80.2484664917,66914,66924,10
13.0472097397,80.2485961914,66924,66934,10
13.0475902557,80.2489776611,66934,66944,10
13.0478200912,80.2492294312,66944,66954,10
13.0479001999,80.2492828369,66954,66964,10
13.048119545,80.249458313,66964,66974,10
13.0485696793,80.2497711182,66974,66985,11
13.0493202209,80.2498168945,66985,66995,10
13.0500602722,80.2499237061,66995,67005,10
13.0508403778,80.2500686646,67005,67015,10
13.0514202118,80.2502593994,67015,67025,10
13.0519304276,80.2506103516,67025,67035,10
13.0524396896,80.2512130737,67035,67045,10
13.052980423,80.2519226074,67045,67055,10
13.0534696579,80.252571106,67055,67065,10
13.0538101196,80.2530517578,67065,67075,10
13.0542001724,80.253578186,67075,67085,10
13.0544700623,80.2539367676,67085,67096,11
13.0546998978,80.2542572021,67096,67106,10
13.0548801422,80.2544784546,67106,67116,10
13.0550603867,80.2547073364,67116,67126,10
13.0552597046,80.2549667358,67126,67136,10
13.055439949,80.255241394,67136,67146,10
13.0556201935,80.2554931641,67146,67156,10
13.0558395386,80.2557678223,67156,67166,10
13.0559997559,80.2559967041,67166,67176,10
13.0561304092,80.2561569214,67176,67186,10
13.0563001633,80.2563781738,67186,67196,10
13.0564603806,80.2565765381,67196,67207,11
13.0568304062,80.2569198608,67207,67227,20
13.0568304062,80.2569198608,67227,67237,10
13.0569601059,80.2570800781,67237,67247,10
13.0573501587,80.2573928833,67247,67257,10
13.0577602386,80.2578201294,67257,67267,10
13.0580501556,80.2581863403,67267,67277,10
13.0584001541,80.2585830688,67277,67287,10
13.0588798523,80.2591705322,67287,67297,10
13.0592403412,80.259803772,67297,67307,10
13.0597496033,80.2602462769,67307,67318,11
13.0602397919,80.2607421875,67318,67328,10
13.0605401993,80.2610702515,67328,67338,10
13.0607700348,80.2613830566,67338,67348,10
13.0607795715,80.2614135742,67348,67358,10
13.0608701706,80.2615432739,67358,67368,10
13.0611200333,80.2618408203,67368,67378,10
13.0614004135,80.2621917725,67378,67388,10
13.0616102219,80.2623977661,67388,67398,10
13.0618495941,80.2627410889,67398,67407,9
13.0622301102,80.2632217407,67407,67419,12
13.0631799698,80.264289856,67419,67439,20
13.0631799698,80.264289856,67439,67449,10
13.063249588,80.2643890381,67449,67459,10
13.0634803772,80.2648010254,67459,67469,10
13.06387043,80.2653427124,67469,67479,10
13.0641002655,80.2656784058,67479,67489,10
13.0643396378,80.2659988403,67489,67499,10
13.0645198822,80.266166687,67499,67509,10
13.0646400452,80.2663421631,67509,67519,10
13.0647296906,80.2664794922,67519,67530,11
13.0648603439,80.2666702271,67530,67540,10
13.065030098,80.2668914795,67540,67550,10
13.0654096603,80.2671585083,67550,67560,10
13.0658502579,80.2676467896,67560,67570,10
13.0662097931,80.2680892944,67570,67580,10
13.0663204193,80.2682037354,67580,67590,10
13.0663795471,80.2682571411,67590,67600,10
13.0666103363,80.268409729,67600,67630,30
13.0666103363,80.268409729,67630,67641,11
13.0670099258,80.2686233521,67641,67661,20
13.0670099258,80.2686233521,67661,67671,10
13.0670795441,80.2686691284,67671,67681,10
13.0672397614,80.2687835693,67681,67691,10
13.0675001144,80.2689666748,67691,67701,10
13.0678300858,80.2691726685,67701,67711,10
13.0681600571,80.2693710327,67711,67740,29
13.0681600571,80.2693710327,67740,67752,12
13.0683298111,80.2690963745,67752,67762,10
13.0683403015,80.2689819336,67762,67772,10
13.0683603287,80.2688674927,67772,67782,10
13.068479538,80.2686004639,67782,67792,10
13.0685997009,80.2682113647,67792,67802,10
13.068810463,80.2676391602,67802,67812,10
13.0688495636,80.2675018311,67812,67822,10
13.0689897537,80.2672805786,67822,67832,10
13.0693397522,80.2669372559,67832,67842,10
13.069729805,80.2665328979,67842,67883,41
13.069729805,80.2665328979,67883,67893,10
13.0700798035,80.2662200928,67893,67903,10
13.0702896118,80.2660064697,67903,67923,20
13.0702896118,80.2660064697,67923,67933,10
13.0705404282,80.2657394409,67933,67943,10
13.0708303452,80.265411377,67943,67953,10
13.0710496902,80.2651824951,67953,67963,10
13.0713996887,80.2648086548,67963,67974,11
13.0718698502,80.2643127441,67974,67984,10
13.0720996857,80.2640380859,67984,67994,10
13.0722703934,80.2636489868,67994,68004,10
13.0724096298,80.263130188,68004,68014,10
13.0726299286,80.2626419067,68014,68024,10
13.0728302002,80.2621231079,68024,68044,20
13.0728302002,80.2621231079,68044,68054,10
13.0729103088,80.2618713379,68054,68064,10
13.0729999542,80.2615127563,68064,68075,11
13.0730400085,80.2611618042,68075,68085,10
13.0730895996,80.2608108521,68085,68095,10
13.073340416,80.2604980469,68095,68105,10
13.0735197067,80.260093689,68105,68115,10
13.0738601685,80.2595977783,68115,68125,10
13.074549675,80.2589492798,68125,68155,30
13.074549675,80.2589492798,68155,68165,10
13.0747900009,80.2587203979,68165,68175,10
13.0749597549,80.2585678101,68175,68186,11
13.0751304626,80.2584609985,68186,68196,10
13.0754699707,80.2581710815,68196,68236,40
13.0754699707,80.2581710815,68236,68246,10
13.0756702423,80.2580413818,68246,68256,10
13.0759000778,80.257850647,68256,68266,10
13.0761899948,80.2575912476,68266,68276,10
13.0764799118,80.2573165894,68276,68286,10
13.0767498016,80.2571105957,68286,68297,11
13.0771598816,80.2568664551,68297,68307,10
13.0777597427,80.2567214966,68307,68317,10
13.0784902573,80.2566604614,68317,68327,10
13.0788803101,80.2565994263,68327,68337,10
13.0788898468,80.2565994263,68337,68347,10
13.0789804459,80.2562637329,68347,68357,10
13.0789299011,80.2556915283,68357,68367,10
13.0788402557,80.2549972534,68367,68377,10
13.0789499283,80.2546768188,68377,68387,10
13.0792703629,80.2546386719,68387,68397,10
13.0795402527,80.2546615601,68397,68418,21
13.0795402527,80.2546615601,68418,68428,10
13.0797700882,80.2546920776,68428,68438,10
13.0802202225,80.2547607422,68438,68448,10
13.0805997849,80.2548065186,68448,68458,10
13.0808696747,80.2548294067,68458,68468,10
13.0811004639,80.2548828125,68468,68478,10
13.0813102722,80.2548828125,68478,68488,10
13.0815401077,80.2546920776,68488,68498,10
13.0817298889,80.2542495728,68498,68508,10
13.0817499161,80.2540969849,68508,68519,11
13.0817804337,80.2539520264,68519,68529,10
13.0818195343,80.2536010742,68529,68539,10
13.0817899704,80.2531280518,68539,68549,10
13.0816402435,80.2526779175,68549,68559,10
13.0814504623,80.2522506714,68559,68569,10
13.0813903809,80.2516098022,68569,68579,10
13.0813503265,80.2512207031,68579,68589,10
13.081319809,80.2509613037,68589,68599,10
13.0813102722,80.2507629395,68599,68609,10
13.0813102722,80.2506866455,68609,68620,11
13.0812997818,80.2504196167,68620,68630,10
13.0812797546,80.2502365112,68630,68640,10
13.0812797546,80.2498931885,68640,68650,10
13.0815496445,80.249710083,68650,68660,10
13.0819396973,80.2497787476,68660,68670,10
13.0821695328,80.249786377,68670,68680,10
13.082400322,80.2498168945,68680,68690,10
13.0826597214,80.2498474121,68690,68700,10
13.0829496384,80.2499084473,68700,68710,10
13.0835800171,80.2500305176,68710,68731,21
13.0835800171,80.2500305176,68731,68741,10
13.0837898254,80.2500915527,68741,68751,10
13.0841999054,80.2501373291,68751,68761,10
13.0846700668,80.250213623,68761,68781,20
13.0846700668,80.250213623,68781,68791,10
13.0847797394,80.2501983643,68791,68801,10
13.0850400925,80.2502670288,68801,68811,10
13.0852603912,80.2502975464,68811,68821,10
13.0855703354,80.2503662109,68821,68831,10
13.0857896805,80.2503890991,68831,68842,11
13.0858297348,80.2501220703,68842,68852,10
13.0858001709,80.2495574951,68852,68862,10
13.0857696533,80.2488327026,68862,68872,10
13.0857200623,80.2483291626,68872,68882,10
13.0857095718,80.2476577759,68882,68892,10
13.0856599808,80.2467803955,68892,68912,20
13.0856599808,80.2467803955,68912,68922,10
13.085650444,80.2465896606,68922,68932,10
13.0856399536,80.246131897,68932,68973,41
13.0856399536,80.246131897,68973,68983,10
13.0856304169,80.2458114624,68983,68993,10
13.0855998993,80.2455291748,68993,69064,71
13.0855998993,80.2455291748,69064,69074,10
13.0855703354,80.2453613281,69074,69084,10
13.0857496262,80.2451477051,69084,69094,10
13.0860900879,80.2448806763,69094,69104,10
13.0866298676,80.2444534302,69104,69114,10
13.087220192,80.2439498901,69114,69124,10
13.0876903534,80.2434768677,69124,69134,10
13.0878095627,80.2431564331,69134,69144,10
13.0878896713,80.2426376343,69144,69154,10
13.0883197784,80.2419815063,69154,69175,21
13.0883197784,80.2419815063,69175,69185,10
13.0884199142,80.241897583,69185,69195,10
13.0887899399,80.2416610718,69195,69205,10
13.0893096924,80.241317749,69205,69215,10
13.0895795822,80.2411422729,69215,69225,10
13.0897302628,80.2410583496,69225,69235,10
13.0901098251,80.2409286499,69235,69245,10
13.0905103683,80.2408676147,69245,69255,10
13.0905399323,80.2408828735,69255,69265,10
13.0908699036,80.2408981323,69265,69276,11
13.0915403366,80.2409515381,69276,69286,10
13.0921401978,80.2409820557,69286,69296,10
13.0925502777,80.2409896851,69296,69306,10
13.0930099487,80.2410507202,69306,69316,10
13.0936603546,80.2411499023,69316,69326,10
13.0941495895,80.2412261963,69326,69356,30
13.0941495895,80.2412261963,69356,69366,10
13.0943698883,80.2412567139,69366,69375,9
13.0946598053,80.2413482666,69375,69387,12
13.095410347,80.2415618896,69387,69397,10
13.0958003998,80.2416992188,69397,69407,10
13.0962200165,80.2418518066,69407,69417,10
13.0965003967,80.2419586182,69417,69427,10
13.096619606,80.2420425415,69427,69437,10
13.0968999863,80.2421188354,69437,69447,10
13.0973796844,80.2422180176,69447,69457,10
13.0977201462,80.2423019409,69457,69467,10
13.0978899002,80.2423400879,69467,69477,10
13.0979795456,80.2423629761,69477,69487,10
13.0981998444,80.2423782349,69487,69498,11
13.0985202789,80.2423400879,69498,69528,30
13.0985202789,80.2423400879,69528,69538,10
13.0986995697,80.2421722412,69538,69548,10
13.0985603333,80.2419281006,69548,69568,20
13.0985603333,80.2419281006,69568,69578,10
13.0985202789,80.2421875,69578,70527,949
13.0985202789,80.2421875,70527,70537,10
13.0982599258,80.2423706055,70537,70547,10
13.097990036,80.2423171997,70547,70557,10
13.0976200104,80.2422714233,70557,70668,111
13.0976200104,80.2422714233,70668,70678,10
13.0974197388,80.2422409058,70678,70687,9
13.0972499847,80.2421722412,70687,70699,12
13.0970897675,80.2421112061,70699,70709,10
13.0968904495,80.2420272827,70709,70719,10
13.0967197418,80.2419891357,70719,70729,10
13.096449852,80.241897583,70729,70769,40
13.096449852,80.241897583,70769,70779,10
13.0961503983,80.2418136597,70779,70789,10
13.0958595276,80.2416763306,70789,70799,10
13.0953598022,80.2415237427,70799,70810,11
13.0950202942,80.2414169312,70810,70820,10
13.0946702957,80.2413406372,70820,70830,10
13.0942201614,80.2412719727,70830,70840,10
13.0937004089,80.2411804199,70840,70850,10
13.0935201645,80.2411575317,70850,70860,10
13.0931396484,80.2410888672,70860,70870,10
13.092590332,80.2410430908,70870,70880,10
13.092089653,80.2409896851,70880,70890,10
13.0914201736,80.2409667969,70890,70900,10
13.0905895233,80.2409667969,70900,70910,10
13.0897903442,80.2410812378,70910,70921,11
13.0891199112,80.2414703369,70921,70931,10
13.08852005,80.2418899536,70931,70941,10
13.0879802704,80.2424087524,70941,70951,10
13.0878400803,80.2431182861,70951,70961,10
13.0877799988,80.243347168,70961,70971,10
13.0876302719,80.2436523438,70971,70981,10
13.0875797272,80.2437362671,70981,70991,10
13.0873403549,80.2439498901,70991,71001,10
13.0868797302,80.2443008423,71001,71011,10
13.0862903595,80.2447891235,71011,71021,10
13.0858001709,80.2451782227,71021,71032,11
13.085650444,80.2454910278,71032,71042,10
13.0856704712,80.2459793091,71042,71052,10
13.0857200623,80.2467269897,71052,71072,20
13.0857200623,80.2467269897,71072,71082,10
13.085729599,80.2470092773,71082,71092,10
13.0857696533,80.2475891113,71092,71102,10
13.0858402252,80.2483901978,71102,71112,10
13.0858602524,80.2491836548,71112,71122,10
13.0858802795,80.2497177124,71122,71131,9
13.0859003067,80.2499084473,71131,71143,12
13.0858898163,80.2501373291,71143,71153,10
13.0858402252,80.2504882813,71153,71163,10
13.0857896805,80.2507629395,71163,71173,10
13.0857400894,80.2510528564,71173,71183,10
13.0856800079,80.2514801025,71183,71193,10
13.0856704712,80.2517623901,71193,71203,10
13.0856599808,80.2518081665,71203,71213,10
13.0856304169,80.2520370483,71213,71223,10
13.0855903625,80.2524871826,71223,71233,10
13.085559845,80.2529220581,71233,71244,11
13.0855398178,80.253288269,71244,71254,10
13.0855302811,80.2535171509,71254,71264,10
13.0855197906,80.2537536621,71264,71274,10
13.0855798721,80.2542419434,71274,71314,40
13.0855703354,80.2546234131,71314,71334,20
13.0855703354,80.2546234131,71334,71345,11
13.0852899551,80.2547302246,71345,71355,10
13.0850200653,80.2546691895,71355,71365,10
13.0846996307,80.2546691895,71365,71375,10
13.08411026,80.2546310425,71375,71395,20
13.08411026,80.2546310425,71395,71405,10
13.0838003159,80.2546081543,71405,71415,10
13.0832500458,80.2545928955,71415,71425,10
13.0820598602,80.2546386719,71425,71435,10
13.0820598602,80.2546386719,71435,71445,10
13.0814695358,80.2548904419,71445,71455,10
13.0810804367,80.2548980713,71455,71466,11
13.0809202194,80.2548980713,71466,71476,10
13.080619812,80.2548522949,71476,71486,10
13.0801496506,80.2547912598,71486,71496,10
13.0795602798,80.254699707,71496,71506,10
13.0790700912,80.2547607422,71506,71516,10
13.0789604187,80.2548217773,71516,71526,10
13.079000473,80.2551879883,71526,71536,10
13.0790395737,80.2558898926,71536,71546,10
13.0790901184,80.2564926147,71546,71587,41
13.0790901184,80.2564926147,71587,71597,10
13.0790395737,80.2566070557,71597,71607,10
13.078619957,80.2566986084,71607,71617,10
13.078209877,80.2567062378,71617,71627,10
13.0778198242,80.2567520142,71627,71637,10
13.0774297714,80.2568130493,71637,71647,10
13.0769701004,80.256980896,71647,71657,10
13.0764198303,80.2574005127,71657,71667,10
13.0758304596,80.2579803467,71667,71677,10
13.0754699707,80.2584533691,71677,71688,11
13.0756101608,80.2590026855,71688,71698,10
13.0757598877,80.2593307495,71698,71708,10
13.075799942,80.2593994141,71708,71718,10
13.0760698318,80.2597198486,71718,71728,10
13.0766000748,80.2601699829,71728,71738,10
13.0770702362,80.2606811523,71738,71748,10
13.077340126,80.261138916,71748,71758,10
13.0775203705,80.2616119385,71758,71768,10
13.0777397156,80.2621765137,71768,71809,41
13.0777397156,80.2621765137,71809,71819,10
13.0778503418,80.2624664307,71819,71829,10
13.0778799057,80.2627334595,71829,71839,10
13.078040123,80.2631378174,71839,71849,10
13.0781297684,80.2634735107,71849,71859,10
13.0778102875,80.2636871338,71859,71869,10
13.0773801804,80.2639923096,71869,71879,10
13.0769195557,80.2641372681,71879,71889,10
13.0763397217,80.2642288208,71889,71910,21
13.0763397217,80.2642288208,71910,71920,10
13.0762901306,80.2642211914,71920,71930,10
13.0759296417,80.2642669678,71930,71940,10
13.0755701065,80.2640991211,71940,71950,10
13.0753097534,80.263710022,71950,71960,10
13.0749597549,80.2632598877,71960,71970,10
13.074549675,80.2627563477,71970,71980,10
13.0740604401,80.2622299194,71980,71990,10
13.073679924,80.2617797852,71990,71999,9
13.0736703873,80.261756897,71999,72011,12
13.0735998154,80.261680603,72011,72021,10
13.0733098984,80.26146698,72021,72031,10
13.0730199814,80.2616882324,72031,72041,10
13.0728197098,80.262260437,72041,72051,10
13.0726604462,80.2627410889,72051,72061,10
13.0725002289,80.2631912231,72061,72071,10
13.0722904205,80.2637329102,72071,72081,10
13.0720500946,80.2641067505,72081,72091,10
13.0719003677,80.2642669678,72091,72101,10
13.0715103149,80.2647018433,72101,72122,21
13.0715103149,80.2647018433,72122,72132,10
13.0711898804,80.265007019,72132,72142,10
13.0708503723,80.2653579712,72142,72152,10
13.0704603195,80.2657318115,72152,72162,10
13.0700597763,80.266166687,72162,72172,10
13.0697402954,80.2665100098,72172,72182,10
13.0693597794,80.2669219971,72182,72192,10
13.068980217,80.2673187256,72192,72202,10
13.0687799454,80.2678222656,72202,72212,10
13.0685796738,80.2683563232,72212,72222,10
13.0684204102,80.2688674927,72222,72233,11
13.06828022,80.2695083618,72233,72243,10
13.0681600571,80.2700424194,72243,72253,10
13.068110466,80.2705917358,72253,72263,10
13.0679197311,80.2710494995,72263,72273,10
13.0675296783,80.2707901001,72273,72283,10
13.067150116,80.270401001,72283,72293,10
13.0671100616,80.270362854,72293,72303,10
13.0668497086,80.2700576782,72303,72313,10
13.0664997101,80.2696380615,72313,72323,10
13.0663700104,80.2693481445,72323,72334,11
13.0663099289,80.268913269,72334,72344,10
13.0661697388,80.2684020996,72344,72354,10
13.065779686,80.267906189,72354,72364,10
13.0655603409,80.267791748,72364,72374,10
13.0654001236,80.2677612305,72374,72384,10
13.0652799606,80.2677230835,72384,72394,10
13.0651597977,80.2676773071,72394,72404,10
13.0647201538,80.2675933838,72404,72414,10
13.0641098022,80.2674713135,72414,72424,10
13.06346035,80.2673416138,72424,72434,10
13.0628204346,80.2671890259,72434,72445,11
13.0622301102,80.2666320801,72445,72455,10
13.0617399216,80.2660217285,72455,72465,10
13.0612602234,80.265411377,72465,72475,10
13.0605201721,80.2654571533,72475,72495,20
13.0605201721,80.2654571533,72495,72505,10
13.060259819,80.2655792236,72505,72515,10
13.0597000122,80.2656936646,72515,72525,10
13.0590600967,80.2656326294,72525,72535,10
13.0586595535,80.2655487061,72535,72545,10
13.0585699081,80.2655334473,72545,72556,11
13.0581903458,80.2653503418,72556,72566,10
13.0580101013,80.2648391724,72566,72576,10
13.0579099655,80.2641296387,72576,72586,10
13.0578098297,80.263458252,72586,72596,10
13.0577297211,80.2627334595,72596,72606,10
13.0576295853,80.2620697021,72606,72616,10
13.0574998856,80.2613525391,72616,72626,10
13.0573997498,80.2608032227,72626,72636,10
13.0571603775,80.2600021362,72636,72646,10
13.0569400787,80.2592315674,72646,72656,10
13.0567102432,80.2584381104,72656,72667,11
13.0565795898,80.2578964233,72667,72677,10
13.0564403534,80.2573623657,72677,72697,20
13.0564403534,80.2573623657,72697,72707,10
13.0563497543,80.2571716309,72707,72717,10
13.0562896729,80.2569122314,72717,72727,10
13.0560998917,80.2563705444,72727,72737,10
13.0557098389,80.2557983398,72737,72747,10
13.0552301407,80.2551422119,72747,72757,10
13.0547800064,80.2544631958,72757,72768,11
13.0542402267,80.2537689209,72768,72778,10
13.0540103912,80.2535171509,72778,72788,10
13.0539598465,80.2534713745,72788,72798,10
13.0537500381,80.2531509399,72798,72808,10
13.0534000397,80.2526092529,72808,72818,10
13.0529098511,80.2519683838,72818,72828,10
13.0524997711,80.251411438,72828,72838,10
13.0521297455,80.2509307861,72838,72848,10
13.0516395569,80.2504501343,72848,72858,10
13.050909996,80.2501373291,72858,72868,10
13.0499401093,80.2499389648,72868,72879,11
13.0489397049,80.249786377,72879,72889,10
13.0481700897,80.2495193481,72889,72899,10
13.0474996567,80.2489089966,72899,72909,10
13.0469398499,80.2486801147,72909,72919,10
13.0468797684,80.2486877441,72919,72929,10
13.0466003418,80.2486801147,72929,72939,10
13.0460395813,80.2485809326,72939,72949,10
13.045419693,80.2483520508,72949,72959,10
13.0448503494,80.2481994629,72959,72969,10
13.0440702438,80.248046875,72969,72979,10
13.0432701111,80.2480010986,72979,72990,11
13.0424499512,80.2478103638,72990,73000,10
13.0417203903,80.2476425171,73000,73010,10
13.0415201187,80.2475891113,73010,73020,10
13.0413799286,80.247543335,73020,73030,10
13.0409097672,80.2474517822,73030,73040,10
13.040140152,80.2472915649,73040,73060,20
13.040140152,80.2472915649,73060,73070,10
13.0397796631,80.2472229004,73070,73080,10
13.0393896103,80.2471084595,73080,73090,10
13.0389995575,80.2470169067,73090,73101,11
13.0384597778,80.2468566895,73101,73111,10
13.0378904343,80.2468032837,73111,73121,10
13.0372104645,80.246673584,73121,73131,10
13.03647995,80.2465362549,73131,73141,10
13.0361404419,80.2464065552,73141,73151,10
13.0357103348,80.2462692261,73151,73161,10
13.0354404449,80.2461700439,73161,73171,10
13.0354204178,80.2461700439,73171,73181,10
13.035320282,80.2461166382,73181,73191,10
13.0349998474,80.2459564209,73191,73202,11
13.0347499847,80.2456817627,73202,73212,10
13.0345497131,80.2453918457,73212,73222,10
13.0341501236,80.2449188232,73222,73232,10
13.0336704254,80.2443389893,73232,73242,10
13.0331497192,80.2437286377,73242,73252,10
13.0328197479,80.2433319092,73252,73282,30
13.0326004028,80.242980957,73282,73302,20
13.0326004028,80.242980957,73302,73313,11
13.0324201584,80.242729187,73313,73333,20
13.0324201584,80.242729187,73333,73343,10
13.0321798325,80.2424316406,73343,73424,81
13.0321798325,80.2424316406,73424,73434,10
13.0319499969,80.2421188354,73434,73524,90
13.0319499969,80.2421188354,73524,73535,11
13.0316896439,80.2415924072,73535,73545,10
13.0314598083,80.2410888672,73545,73555,10
13.0311698914,80.2404632568,73555,73565,10
13.0309095383,80.2398300171,73565,73575,10
13.0305204391,80.2390975952,73575,73585,10
13.0300302505,80.238243103,73585,73595,10
13.0295200348,80.237411499,73595,73605,10
13.0290403366,80.2368927002,73605,73615,10
13.0289802551,80.236831665,73615,73625,10
13.0287103653,80.2365188599,73625,73635,10
13.0282497406,80.2360076904,73635,73646,11
13.0277099609,80.2352981567,73646,73656,10
13.0272598267,80.2344589233,73656,73666,10
13.0269203186,80.2339324951,73666,73676,10
13.0267496109,80.2336425781,73676,73686,10
13.0265102386,80.2332305908,73686,73696,10
13.0262403488,80.2326583862,73696,73706,10
13.026140213,80.2323684692,73706,73716,10
13.0260295868,80.2320404053,73716,73746,30
13.0260295868,80.2320404053,73746,73757,11
13.0258903503,80.2315368652,73757,73767,10
13.0257196426,80.2309112549,73767,73777,10
13.0253400803,80.2301635742,73777,73787,10
13.0248699188,80.2294998169,73787,73797,10
13.0244703293,80.2289810181,73797,73807,10
13.0238800049,80.228302002,73807,73837,30
13.0238800049,80.228302002,73837,73847,10
13.0237703323,80.2281036377,73847,73857,10
13.0235204697,80.2278594971,73857,73868,11
13.0232400894,80.2275924683,73868,73878,10
13.0229597092,80.2273025513,73878,73888,10
13.0224599838,80.2268295288,73888,73898,10
13.0218200684,80.2262573242,73898,73908,10
13.0211696625,80.2257766724,73908,73918,10
13.02064991,80.2253875732,73918,73928,10
13.0202302933,80.2251434326,73928,73938,10
13.0201702118,80.2251205444,73938,73948,10
13.020070076,80.2250595093,73948,73958,10
13.0196800232,80.2247924805,73958,73969,11
13.0189504623,80.2245788574,73969,73979,10
13.0182104111,80.2248077393,73979,73989,10
13.0173797607,80.225151062,73989,73999,10
13.0166397095,80.2254486084,73999,74009,10
13.016409874,80.2255401611,74009,74019,10
13.0161600113,80.2256317139,74019,74029,10
13.0156602859,80.2257766724,74029,74039,10
13.0152196884,80.2259597778,74039,74049,10
13.0145597458,80.2262115479,74049,74069,20
13.0145597458,80.2262115479,74069,74080,11
13.0144100189,80.226272583,74080,74090,10
13.0141401291,80.2263793945,74090,74100,10
13.0136098862,80.2265930176,74100,74110,10
13.0129404068,80.2268600464,74110,74120,10
13.0122003555,80.2271499634,74120,74130,10
13.011349678,80.2274780273,74130,74140,10
13.0104398727,80.2278594971,74140,74150,10
13.0095396042,80.2282180786,74150,74160,10
13.009059906,80.2288589478,74160,74170,10
13.0088996887,80.2298278809,74170,74180,10
13.0086898804,80.2309265137,74180,74191,11
13.008480072,80.2320709229,74191,74201,10
13.0082998276,80.2330093384,74201,74211,10
13.0082502365,80.2335968018,74211,74221,10
13.0082197189,80.2336578369,74221,74231,10
13.0081396103,80.2338485718,74231,74241,10
13.0080499649,80.2343597412,74241,74251,10
13.0078897476,80.2350692749,74251,74261,10
13.0077400208,80.2358322144,74261,74271,10
13.0075597763,80.2367324829,74271,74281,10
13.0073795319,80.2376022339,74281,74292,11
13.0072002411,80.2385025024,74292,74302,10
13.0070295334,80.2393875122,74302,74312,10
13.0068702698,80.2399597168,74312,74463,151
13.0068702698,80.2399597168,74463,74473,10
13.0068702698,80.2404327393,74473,74483,10
13.0067501068,80.2409515381,74483,74493,10
13.0066699982,80.2416229248,74493,74503,10
13.0066699982,80.2424163818,74503,74514,11
13.0066604614,80.2431716919,74514,74524,10
13.0066795349,80.243522644,74524,74534,10
13.0066699982,80.2438812256,74534,74544,10
13.0066604614,80.2444534302,74544,74554,10
13.0066404343,80.2448501587,74554,74564,10
13.0066699982,80.2453536987,74564,74574,10
13.0066900253,80.2458572388,74574,74614,40
13.0066900253,80.2458572388,74614,74625,11
13.0066995621,80.2462387085,74625,74635,10
13.0067100525,80.2465896606,74635,74645,10
13.0067100525,80.2472000122,74645,74655,10
13.0066795349,80.2479324341,74655,74665,10
13.0067100525,80.2488021851,74665,74675,10
13.006819725,80.2495193481,74675,74685,10
13.0068302155,80.2496414185,74685,74695,10
13.0068302155,80.2497787476,74695,74705,10
13.0067796707,80.2502975464,74705,74715,10
13.006770134,80.2510375977,74715,74725,10
13.0066604614,80.2518768311,74725,74736,11
13.0065202713,80.252822876,74736,74746,10
13.0065202713,80.2537002563,74746,74756,10
13.0065603256,80.2546386719,74756,74766,10
13.0065698624,80.2550506592,74766,74776,10
13.0065698624,80.2551574707,74776,74786,10
13.0065803528,80.2556991577,74786,74796,10
13.0066003799,80.2564697266,74796,74806,10
13.0066204071,80.2571182251,74806,74816,10
13.0065002441,80.2575912476,74816,74826,10
13.0061597824,80.2575531006,74826,74837,11
13.0056200027,80.2574691772,74837,74847,10
13.0051498413,80.25730896,74847,74857,10
13.0044403076,80.257232666,74857,74867,10
13.0039997101,80.2571029663,74867,74877,10
13.0037698746,80.2570495605,74877,74887,10
13.003490448,80.256980896,74887,74897,10
13.0031204224,80.2568893433,74897,74907,10
13.0025701523,80.2567977905,74907,74978,71
13.0025701523,80.2567977905,74978,74988,10
13.0023097992,80.2567596436,74988,74998,10
13.0020303726,80.256729126,74998,75008,10
13.0016202927,80.2566680908,75008,75018,10
13.0009202957,80.2565765381,75018,75028,10
13.0002403259,80.2565307617,75028,75038,10
12.9996204376,80.256401062,75038,75069,31
12.9996204376,80.256401062,75069,75079,10
12.9995098114,80.2563705444,75079,75089,10
12.9991903305,80.2563018799,75089,75099,10
12.9985799789,80.2561798096,75099,75109,10
12.9980401993,80.2561187744,75109,75119,10
12.9974002838,80.256111145,75119,75129,10
12.9969596863,80.2561416626,75129,75139,10
12.9968996048,80.2564620972,75139,75149,10
12.9968299866,80.2569198608,75149,75160,11
12.9968299866,80.2571716309,75160,75170,10
12.9967603683,80.2575683594,75170,75180,10
12.9966602325,80.2582092285,75180,75190,10
12.9965801239,80.2589569092,75190,75200,10
12.9965000153,80.2595596313,75200,75210,10
12.9964103699,80.2603225708,75210,75220,10
12.996339798,80.2610702515,75220,75230,10
12.9962797165,80.2617034912,75230,75240,10
12.9962596893,80.2619628906,75240,75250,10
12.9962396622,80.262260437,75250,75260,10
12.996219635,80.2623825073,75260,75271,11
12.9961500168,80.2628097534,75271,75281,10
12.9961204529,80.2633666992,75281,75291,10
12.9960403442,80.2640533447,75291,75301,10
12.9959497452,80.264793396,75301,75311,10
12.9958600998,80.2656173706,75311,75321,10
12.9957895279,80.266418457,75321,75331,10
12.9956998825,80.2671737671,75331,75341,10
12.9956998825,80.2676620483,75341,75351,10
12.9961700439,80.2677383423,75351,75371,20
12.9961700439,80.2677383423,75371,75382,11
12.9966602325,80.2677612305,75382,75392,10
12.9973802567,80.2676010132,75392,75402,10
12.9982204437,80.2673797607,75402,75412,10
12.9989595413,80.2671890259,75412,75422,10
12.9994697571,80.267036438,75422,75432,10
12.9999103546,80.2668533325,75432,75442,10
13.0000600815,80.2665786743,75442,75452,10
13.0000801086,80.2665176392,75452,75462,10
13.000120163,80.2661819458,75462,75472,10
13.0001602173,80.2658309937,75472,75482,10
13.0002098083,80.2654037476,75482,75533,51
13.0002098083,80.2654037476,75533,75543,10
13.0001001358,80.2652816772,75543,75553,10
12.9997701645,80.2652664185,75553,75563,10
12.9992599487,80.2652206421,75563,75573,10
12.9988498688,80.2651901245,75573,75583,10
12.9983501434,80.2651367188,75583,75592,9
12.9978399277,80.2650985718,75592,75604,12
12.9971504211,80.2650222778,75604,75614,10
12.9965696335,80.2649765015,75614,75624,10
12.9961099625,80.2648925781,75624,75634,10
12.9960403442,80.2645263672,75634,75644,10
12.9960699081,80.2638168335,75644,75654,10
12.9961099625,80.263168335,75654,75664,10
12.9961395264,80.2626495361,75664,75674,10
12.9961996078,80.2622680664,75674,75684,10
12.9962301254,80.2619018555,75684,75694,10
12.9962797165,80.2613372803,75694,75705,11
12.9963703156,80.2606811523,75705,75715,10
12.9964504242,80.2599868774,75715,75725,10
12.9965000153,80.2594528198,75725,75735,10
12.9965496063,80.2588882446,75735,75745,10
12.9965896606,80.2583694458,75745,75755,10
12.9966402054,80.2580032349,75755,75765,10
12.9967002869,80.2576217651,75765,75775,10
12.9967899323,80.2569885254,75775,75785,10
12.9968204498,80.2565078735,75785,75856,71
12.9968204498,80.2565078735,75856,75866,10
12.9968595505,80.2561798096,75866,75876,10
12.9969501495,80.2559661865,75876,75886,10
12.9975795746,80.2559432983,75886,75906,20
12.9975795746,80.2559432983,75906,75916,10
12.9976902008,80.2561187744,75916,75927,11
12.9977502823,80.256401062,75927,75937,10
12.9979295731,80.2567520142,75937,75987,50
12.9979295731,80.2567520142,75987,75997,10
12.9979896545,80.2570495605,75997,76007,10
12.9982795715,80.2571029663,76007,79449,3442
12.9983100891,80.2568893433,79449,80407,958
