12.9973297119,80.2571182251,17,2360,2343
12.9973802567,80.2571792603,2360,2582,222
12.9973697662,80.2570571899,2582,3937,1355
12.9972696304,80.2569274902,3937,3998,61
12.9973402023,80.256980896,3998,8512,4514
12.9974603653,80.2572097778,8512,8774,262
12.9974803925,80.2569885254,8774,10511,1737
12.997209549,80.257232666,10511,14862,4351
12.9973297119,80.2572479248,14862,16114,1252
12.997420311,80.2570800781,16114,16861,747
12.9973497391,80.2570571899,16861,17326,465
12.9973497391,80.2570571899,17326,17336,10
12.9973697662,80.2570800781,17336,18113,777
12.9974498749,80.2570800781,18113,18275,162
12.9974098206,80.2570724487,18275,18820,545
12.9974098206,80.2570724487,18820,18830,10
12.9975996017,80.2571411133,18830,18840,10
12.9977197647,80.2570114136,18840,18850,10
12.9977502823,80.2567901611,18850,18921,71
12.9977798462,80.2565002441,18921,19133,212
12.997759819,80.2561569214,19133,19163,30
12.997759819,80.2561569214,19163,19173,10
12.9975996017,80.2559204102,19173,19183,10
12.9973297119,80.2559204102,19183,19193,10
12.9969701767,80.2559204102,19193,19204,11
12.9965600967,80.2559127808,19204,19214,10
12.9960002899,80.2559204102,19214,19224,10
12.99559021,80.2559127808,19224,19234,10
12.9951896667,80.2559127808,19234,19244,10
12.9945802689,80.2559432983,19244,19254,10
12.9940099716,80.2560119629,19254,19264,10
12.9933099747,80.2560501099,19264,19274,10
12.9925003052,80.2560882568,19274,19284,10
12.9917201996,80.2560501099,19284,19294,10
12.990940094,80.2560195923,19294,19305,11
12.9900598526,80.2559890747,19305,19315,10
12.9891700745,80.2559432983,19315,19325,10
12.988360405,80.2558670044,19325,19335,10
12.9878902435,80.255821228,19335,19345,10
12.9877195358,80.2558517456,19345,19355,10
12.9876203537,80.2562484741,19355,19365,10
12.987569809,80.2568664551,19365,19375,10
12.9875097275,80.2577209473,19375,19385,10
12.987449646,80.2585067749,19385,19395,10
12.9873800278,80.2590713501,19395,19405,10
12.9873600006,80.2594223022,19405,19416,11
12.9871902466,80.2595672607,19416,19426,10
12.9871101379,80.259552002,19426,19436,10
12.9867095947,80.2594680786,19436,19466,30
12.9867095947,80.2594680786,19466,19476,10
12.9866399765,80.2592086792,19476,19486,10
12.9869499207,80.2590866089,19486,19547,61
12.9872398376,80.259147644,19547,19567,20
12.9872398376,80.259147644,19567,19577,10
12.9873800278,80.2589797974,19577,19587,10
12.9873895645,80.2587280273,19587,19597,10
12.9874200821,80.258392334,19597,19607,10
12.9874401093,80.2580490112,19607,19618,11
12.9874801636,80.2574996948,19618,19628,10
12.9875402451,80.2567901611,19628,19638,10
12.9876003265,80.256149292,19638,19648,10
12.9876699448,80.2557907104,19648,19658,10
12.987950325,80.2557525635,19658,19668,10
12.988360405,80.2558364868,19668,19678,10
12.9885101318,80.2558670044,19678,19688,10
12.9889001846,80.2559280396,19688,19698,10
12.9894304276,80.2559585571,19698,19708,10
12.9900903702,80.2559890747,19708,19719,11
12.990480423,80.2559814453,19719,19729,10
12.9908304214,80.2559967041,19729,19739,10
12.9914598465,80.2560272217,19739,19749,10
12.9922199249,80.2559967041,19749,19750,1
12.9922895432,80.2559967041,19750,19769,19
12.9937801361,80.2559661865,19769,19779,10
12.9944400787,80.2559127808,19779,19789,10
12.9952802658,80.255859375,19789,19799,10
12.9960803986,80.255859375,19799,19809,10
12.9967403412,80.2558364868,19809,19819,10
12.9971103668,80.2558517456,19819,19830,11
12.9974803925,80.2558898926,19830,19840,10
12.9979801178,80.2559204102,19840,19850,10
12.9986000061,80.2560119629,19850,19860,10
12.998840332,80.2560424805,19860,19870,10
12.9991102219,80.2560806274,19870,19880,10
12.9995002747,80.2561721802,19880,19890,10
13.0001401901,80.2563018799,19890,19900,10
13.0009403229,80.2564468384,19900,19910,10
13.0015897751,80.2565383911,19910,19920,10
13.0022497177,80.2566375732,19920,19931,11
13.0029802322,80.2567825317,19931,19941,10
13.0036802292,80.2569122314,19941,19951,10
13.0044698715,80.2570571899,19951,19961,10
13.0054302216,80.257232666,19961,19971,10
13.0061502457,80.2573471069,19971,19981,10
13.0065603256,80.2573318481,19981,19991,10
13.0065402985,80.2567672729,19991,20001,10
13.0065202713,80.255859375,20001,20011,10
13.0065402985,80.2550430298,20011,20021,10
13.006529808,80.2541503906,20021,20032,11
13.0065202713,80.2533493042,20032,20042,10
13.0065097809,80.2533035278,20042,20052,10
13.0065097809,80.2531204224,20052,20062,10
13.0065202713,80.252532959,20062,20072,10
13.0066900253,80.2517700195,20072,20082,10
13.0067901611,80.2508621216,20082,20092,10
13.006770134,80.2496566772,20092,20102,10
13.0066995621,80.2484588623,20102,20112,10
13.0066795349,80.247718811,20112,20122,10
13.0066699982,80.2471694946,20122,20131,9
13.0066604614,80.2466583252,20131,20143,12
13.0066604614,80.2465896606,20143,20153,10
13.0066900253,80.2462997437,20153,20163,10
13.0066995621,80.2456207275,20163,20173,10
13.0066995621,80.2447967529,20173,20183,10
13.0066795349,80.243927002,20183,20193,10
13.0066404343,80.2431030273,20193,20203,10
13.0066003799,80.2420730591,20203,20213,10
13.0066299438,80.2410202026,20213,20223,10
13.0067796707,80.240272522,20223,20233,10
13.0069704056,80.2393493652,20233,20244,11
13.0071496964,80.2382507324,20244,20254,10
13.0073795319,80.2372817993,20254,20264,10
13.0074195862,80.2368392944,20264,20274,10
13.0074996948,80.2365875244,20274,20284,10
13.0076398849,80.2360687256,20284,20294,10
13.0078001022,80.2352981567,20294,20304,10
13.0079402924,80.2344207764,20304,20314,10
13.0081596375,80.2333984375,20314,20324,10
13.0083799362,80.2322692871,20324,20334,10
13.008600235,80.2311172485,20334,20345,11
13.0088396072,80.229888916,20345,20355,10
13.0090198517,80.2289199829,20355,20365,10
13.0092601776,80.2280578613,20365,20375,10
13.0096597672,80.2272033691,20375,20385,10
13.0100097656,80.2264328003,20385,20395,10
13.0104198456,80.2255783081,20395,20405,10
13.0108203888,80.2246932983,20405,20415,10
13.0111904144,80.2238616943,20415,20425,10
13.0114097595,80.2232818604,20425,20435,10
13.0116901398,80.22265625,20435,20446,11
13.012049675,80.2217483521,20446,20456,10
13.0123500824,80.221496582,20456,20466,10
13.0125598907,80.2218017578,20466,20476,10
13.0129899979,80.222366333,20476,20486,10
13.0136604309,80.2230606079,20486,20496,10
13.0140800476,80.2233886719,20496,20506,10
13.0143203735,80.2236022949,20506,20516,10
13.0147600174,80.2242126465,20516,20526,10
13.015540123,80.2249679565,20526,20577,51
13.015540123,80.2249679565,20577,20587,10
13.0158100128,80.225227356,20587,20597,10
13.0164003372,80.2253189087,20597,20607,10
13.0171403885,80.2250823975,20607,20617,10
13.0180397034,80.2247161865,20617,20627,10
13.0188102722,80.2244262695,20627,20637,10
13.0193500519,80.224319458,20637,20668,31
13.0193500519,80.224319458,20668,20678,10
13.0194997787,80.2244491577,20678,20688,10
13.0198202133,80.2246322632,20688,20698,10
13.0203399658,80.2249832153,20698,20708,10
13.0209503174,80.2254486084,20708,20718,10
13.0216598511,80.2259979248,20718,20728,10
13.0224103928,80.2266082764,20728,20738,10
13.0232095718,80.2273178101,20738,20748,10
13.0238704681,80.2279205322,20748,20759,11
13.0243597031,80.2284698486,20759,20769,10
13.0244102478,80.2285232544,20769,20779,10
13.0245704651,80.2287368774,20779,20789,10
13.0249004364,80.2292404175,20789,20799,10
13.0253801346,80.2298583984,20799,20809,10
13.0258398056,80.2306289673,20809,20819,10
13.0260295868,80.231338501,20819,20829,10
13.0262203217,80.2320785522,20829,20839,10
13.0264997482,80.2328796387,20839,20849,10
13.0270004272,80.2337188721,20849,20860,11
13.0276002884,80.2347564697,20860,20870,10
13.0282096863,80.2357177734,20870,20880,10
13.0290002823,80.2365570068,20880,20890,10
13.0295200348,80.2371292114,20890,20900,10
13.029589653,80.2372283936,20900,20910,10
13.0298404694,80.2376022339,20910,20920,10
13.0302000046,80.2381973267,20920,20930,10
13.0306301117,80.2389297485,20930,20940,10
13.0309495926,80.2395019531,20940,20950,10
13.0311098099,80.2396316528,20950,20959,9
13.0315198898,80.2394714355,20959,20971,12
13.0321397781,80.2390670776,20971,20981,10
13.0324001312,80.2391586304,20981,20991,10
13.03262043,80.2396621704,20991,21001,10
13.032959938,80.2403182983,21001,21011,10
13.0334997177,80.2410202026,21011,21021,10
13.0339698792,80.2415008545,21021,21031,10
13.0343999863,80.2419128418,21031,21041,10
13.0346698761,80.2420883179,21041,21051,10
13.0349798203,80.2422866821,21051,21061,10
13.0352497101,80.2424316406,21061,21072,11
13.0359897614,80.2427520752,21072,21082,10
13.036860466,80.2428970337,21082,21092,10
13.0371704102,80.2429733276,21092,21102,10
13.0375699997,80.2430419922,21102,21112,10
13.0378599167,80.2430877686,21112,21122,10
13.0384502411,80.2432174683,21122,21132,10
13.039150238,80.2434387207,21132,21142,10
13.0395803452,80.2436599731,21142,21152,10
13.039850235,80.243812561,21152,21162,10
13.0399303436,80.2441329956,21162,21173,11
13.0397195816,80.2448577881,21173,21183,10
13.0395097733,80.2457199097,21183,21193,10
13.0392599106,80.2464599609,21193,21203,10
13.0392103195,80.246887207,21203,21213,10
13.0396699905,80.2470016479,21213,21223,10
13.0406799316,80.2471618652,21223,21243,20
13.0406799316,80.2471618652,21243,21253,10
13.0407600403,80.2472915649,21253,21263,10
13.0411596298,80.2472763062,21263,21273,10
13.0418195724,80.2473831177,21273,21284,11
13.0425300598,80.2475204468,21284,21294,10
13.0430002213,80.247718811,21294,21304,10
13.0435495377,80.2478637695,21304,21314,10
13.0440502167,80.2477874756,21314,21324,10
13.0445404053,80.2478637695,21324,21334,10
13.0449399948,80.2480621338,21334,21344,10
13.0454502106,80.248260498,21344,21354,10
13.0460500717,80.2484512329,21354,21364,10
13.0466403961,80.2483901978,21364,21374,10
13.0468797684,80.2483978271,21374,21385,11
13.0470695496,80.2484436035,21385,21395,10
13.0474796295,80.2487335205,21395,21405,10
13.0481100082,80.2493515015,21405,21415,10
13.048620224,80.2496795654,21415,21425,10
13.0493097305,80.24974823,21425,21435,10
13.050069809,80.2498626709,21435,21445,10
13.0509700775,80.2500534058,21445,21455,10
13.0517501831,80.2503967285,21455,21465,10
13.0524196625,80.2511062622,21465,21475,10
13.0530796051,80.2519836426,21475,21486,11
13.0537796021,80.2529373169,21486,21496,10
13.0544700623,80.2538986206,21496,21506,10
13.0551204681,80.2547302246,21506,21516,10
13.0557403564,80.2555923462,21516,21526,10
13.0562200546,80.2562179565,21526,21536,10
13.0566301346,80.2566375732,21536,21546,10
13.0568199158,80.2568283081,21546,21556,10
13.057009697,80.2570037842,21556,21566,10
13.0574598312,80.2574386597,21566,21576,10
13.0579900742,80.2580108643,21576,21587,11
13.0586299896,80.2588272095,21587,21597,10
13.0591001511,80.2594604492,21597,21607,10
13.0595397949,80.2600784302,21607,21617,10
13.0600700378,80.2605285645,21617,21627,10
13.0604896545,80.2609481812,21627,21637,10
13.0607404709,80.2612915039,21637,21647,10
13.0607500076,80.2613220215,21647,21657,10
13.0609798431,80.2616882324,21657,21667,10
13.0614795685,80.26222229,21667,21677,10
13.0619802475,80.2628631592,21677,21688,11
13.0625495911,80.2635574341,21688,21698,10
13.0629901886,80.2640609741,21698,21708,10
13.0631198883,80.2642211914,21708,21718,10
13.0632696152,80.2644424438,21718,21728,10
13.0635795593,80.2649765015,21728,21738,10
13.0640001297,80.2656402588,21738,21748,10
13.0645103455,80.2662811279,21748,21758,10
13.0649900436,80.2668609619,21758,21768,10
13.065580368,80.267288208,21768,21778,10
13.0660896301,80.2679367065,21778,21788,10
13.066619873,80.2684020996,21788,21799,11
13.0669803619,80.2686233521,21799,21809,10
13.0671396255,80.268699646,21809,21819,10
13.0676603317,80.2690200806,21819,21829,10
13.0681600571,80.2693099976,21829,21839,10
13.0683803558,80.2691192627,21839,21849,10
13.068479538,80.2686462402,21849,21859,10
13.0687198639,80.2680282593,21859,21869,10
13.0689601898,80.2673416138,21869,21879,10
13.0693998337,80.2668304443,21879,21888,9
13.0698404312,80.2663879395,21888,21900,12
13.0703401566,80.26587677,21900,21910,10
13.0704898834,80.2658004761,21910,21920,10
13.070810318,80.2654418945,21920,21930,10
13.0711097717,80.2650985718,21930,21940,10
13.071559906,80.2646484375,21940,21950,10
13.0720300674,80.2641220093,21950,21960,10
13.0723800659,80.2635574341,21960,21970,10
13.0725498199,80.2630996704,21970,21980,10
13.0726699829,80.2627182007,21980,21990,10
13.0728197098,80.2622909546,21990,22001,11
13.0730199814,80.261680603,22001,22011,10
13.0731697083,80.2611999512,22011,22021,10
13.073559761,80.2614212036,22021,22031,10
13.0740299225,80.2619781494,22031,22041,10
13.0744104385,80.2624282837,22041,22051,10
13.074760437,80.2628707886,22051,22061,10
13.0750598907,80.263343811,22061,22071,10
13.0754203796,80.2638320923,22071,22081,10
13.0757303238,80.2641983032,22081,22091,10
13.0761699677,80.2642211914,22091,22101,10
13.076880455,80.2641372681,22101,22112,11
13.0775098801,80.2639083862,22112,22122,10
13.07791996,80.2636184692,22122,22132,10
13.0780496597,80.263092041,22132,22142,10
13.0778198242,80.262336731,22142,22152,10
13.077580452,80.2616729736,22152,22162,10
13.0773897171,80.261100769,22162,22172,10
13.077340126,80.2609710693,22172,22182,10
13.0772600174,80.2607727051,22182,22192,10
13.0770797729,80.2605133057,22192,22202,10
13.0768604279,80.2603378296,22202,22213,11
13.0763902664,80.2599334717,22213,22223,10
13.075920105,80.2595596313,22223,22233,10
13.0755796432,80.2588500977,22233,22243,10
13.075460434,80.2583084106,22243,22253,10
13.0758104324,80.2578964233,22253,22263,10
13.0763902664,80.2573928833,22263,22273,10
13.0770397186,80.2568893433,22273,22283,10
13.0778598785,80.2566680908,22283,22293,10
13.078669548,80.2566070557,22293,22303,10
13.079079628,80.2563171387,22303,22314,11
13.0790500641,80.2554397583,22314,22324,10
13.0789604187,80.254737854,22324,22334,10
13.0791101456,80.2546005249,22334,22344,10
13.0796298981,80.2545776367,22344,22354,10
13.0803899765,80.2547073364,22354,22364,10
13.0810899734,80.2548065186,22364,22374,10
13.081580162,80.254737854,22374,22384,10
13.0818395615,80.2542572021,22384,22394,10
13.0819101334,80.2537994385,22394,22404,10
13.0819101334,80.2530593872,22404,22415,11
13.0815000534,80.2523193359,22415,22425,10
13.0813999176,80.2515411377,22425,22435,10
13.0813903809,80.2510528564,22435,22445,10
13.0813798904,80.2506637573,22445,22455,10
13.0813398361,80.2501296997,22455,22465,10
13.081489563,80.2496490479,22465,22475,10
13.0821304321,80.2497177124,22475,22485,10
13.0829801559,80.2498474121,22485,22495,10
13.0836801529,80.2499694824,22495,22505,10
13.0843496323,80.2500915527,22505,22515,10
13.0846595764,80.2501602173,22515,22526,11
13.0849399567,80.250213623,22526,22536,10
13.0854597092,80.250328064,22536,22546,10
13.0856704712,80.2503585815,22546,22556,10
13.0858802795,80.250038147,22556,22566,10
13.0858802795,80.249382019,22566,22576,10
13.0858097076,80.2485427856,22576,22586,10
13.0858297348,80.2476577759,22586,22596,10
13.0857696533,80.2468414307,22596,22606,10
13.0857095718,80.246131897,22606,22616,10
13.0857095718,80.2454681396,22616,22627,11
13.0858297348,80.2451324463,22627,22637,10
13.0863199234,80.2447128296,22637,22647,10
13.0870399475,80.244102478,22647,22657,10
13.0876598358,80.2434768677,22657,22667,10
13.0878295898,80.2429962158,22667,22677,10
13.0880002975,80.2423324585,22677,22687,10
13.0883197784,80.2419433594,22687,22697,10
13.0885095596,80.2418518066,22697,22707,10
13.0889596939,80.2415313721,22707,22716,9
13.0894603729,80.2411804199,22716,22728,12
13.090180397,80.2408599854,22728,22738,10
13.0910196304,80.240852356,22738,22748,10
13.0919103622,80.2408905029,22748,22758,10
13.0926799774,80.2409286499,22758,22768,10
13.0935201645,80.2410507202,22768,22778,10
13.0941801071,80.2411575317,22778,22788,10
13.0946302414,80.2412414551,22788,22798,10
13.0953102112,80.2414169312,22798,22808,10
13.0959596634,80.2416534424,22808,22818,10
13.0967502594,80.2419433594,22818,22829,11
13.0972604752,80.2420806885,22829,22839,10
13.097530365,80.2421417236,22839,22849,10
13.0979299545,80.2422637939,22849,22859,10
13.0982398987,80.2422790527,22859,22869,10
13.098449707,80.2422790527,22869,22889,20
13.098449707,80.2422790527,22889,22899,10
13.0986404419,80.2422866821,22899,22909,10
13.0987300873,80.2420883179,22909,22919,10
13.0986995697,80.241859436,22919,22929,10
13.0985898972,80.2417602539,22929,22940,11
13.0985097885,80.2420883179,22940,24010,1070
13.0984201431,80.2422714233,24010,24585,575
13.0984201431,80.2422714233,24585,24595,10
13.0981502533,80.2423400879,24595,24606,11
13.0975599289,80.2422180176,24606,24686,80
13.0975599289,80.2422180176,24686,24696,10
13.0972499847,80.2420806885,24696,24707,11
13.0968799591,80.2419815063,24707,24717,10
13.0963401794,80.2417984009,24717,24727,10
13.0959196091,80.2416534424,24727,24737,10
13.0954904556,80.2414932251,24737,24747,10
13.0951099396,80.2413406372,24747,24757,10
13.0946397781,80.2412567139,24757,24767,10
13.0943098068,80.2412109375,24767,24777,10
13.0937204361,80.2411193848,24777,24787,10
13.0936403275,80.2410888672,24787,24797,10
13.0935602188,80.2410507202,24797,24808,11
13.0931997299,80.2409973145,24808,24818,10
13.0926504135,80.2409362793,24818,24828,10
13.0919904709,80.2409210205,24828,24838,10
13.091170311,80.2408599854,24838,24848,10
13.0903701782,80.2408370972,24848,24858,10
13.0897197723,80.2410125732,24858,24868,10
13.0891103745,80.2414321899,24868,24878,10
13.0884799957,80.2418899536,24878,24888,10
13.0879898071,80.242477417,24888,24898,10
13.0878801346,80.2431182861,24898,24908,10
13.0878000259,80.243347168,24908,24919,11
13.0875196457,80.2437362671,24919,24929,10
13.0869703293,80.2442016602,24929,24939,10
13.0863103867,80.2447509766,24939,24949,10
13.0858602524,80.2451324463,24949,24959,10
13.0857200623,80.2453384399,24959,24969,10
13.0857095718,80.2459716797,24969,24979,10
13.0857400894,80.2466201782,24979,24989,10
13.0857200623,80.2466812134,24989,24999,10
13.0857400894,80.2471084595,24999,25009,10
13.0858097076,80.2478027344,25009,25020,11
13.0858602524,80.2488937378,25020,25030,10
13.0859003067,80.2499389648,25030,25040,10
13.0858802795,80.2504882813,25040,25050,10
13.0857896805,80.251083374,25050,25060,10
13.0857400894,80.2515487671,25060,25070,10
13.0857400894,80.2515792847,25070,25080,10
13.0856704712,80.2519607544,25080,25090,10
13.0856199265,80.2526092529,25090,25100,10
13.0855998993,80.253288269,25100,25110,10
13.0856304169,80.2540969849,25110,25121,11
13.0855197906,80.254699707,25121,25131,10
13.0850296021,80.2546920776,25131,25141,10
13.0839195251,80.2545394897,25141,25191,50
13.0839195251,80.2545394897,25191,25201,10
13.0836400986,80.254447937,25201,25211,10
13.0831203461,80.2544631958,25211,25220,9
13.0825996399,80.254447937,25220,25232,12
13.0820598602,80.2544784546,25232,25242,10
13.0816001892,80.2547607422,25242,25252,10
13.0810899734,80.2547683716,25252,25262,10
13.0809202194,80.2547531128,25262,25272,10
13.0806703568,80.2547225952,25272,25282,10
13.0801095963,80.2546615601,25282,25292,10
13.0794801712,80.2545471191,25292,25302,10
13.0793800354,80.2545776367,25302,25312,10
13.0792598724,80.2545700073,25312,25322,10
13.0791501999,80.2546234131,25322,25333,11
13.0790100098,80.2548828125,25333,25343,10
13.0790195465,80.2554473877,25343,25353,10
13.0790901184,80.2563018799,25353,25363,10
13.0787000656,80.2565917969,25363,25373,10
13.0779895782,80.2566375732,25373,25383,10
13.0772104263,80.2567977905,25383,25393,10
13.0765199661,80.2572784424,25393,25403,10
13.0757703781,80.2579803467,25403,25413,10
13.0754804611,80.2583999634,25413,25423,10
13.0756797791,80.2591705322,25423,25434,11
13.0762796402,80.2598495483,25434,25444,10
13.076789856,80.2602996826,25444,25484,40
13.076789856,80.2602996826,25484,25494,10
13.0770902634,80.2605895996,25494,25504,10
13.0772600174,80.2608337402,25504,25514,10
13.0774402618,80.2611694336,25514,25524,10
13.0775899887,80.2615966797,25524,25535,11
13.0777196884,80.2619476318,25535,25585,50
13.0777196884,80.2619476318,25585,25595,10
13.0777902603,80.2622833252,25595,25646,51
13.0777902603,80.2622833252,25646,25656,10
13.0778398514,80.2624511719,25656,25666,10
13.0778999329,80.2626800537,25666,25676,10
13.078040123,80.263092041,25676,25686,10
13.0781898499,80.2634811401,25686,25696,10
13.0777997971,80.2637176514,25696,25706,10
13.0774497986,80.2639312744,25706,25716,10
13.0771303177,80.2640762329,25716,25726,10
13.0764799118,80.2641372681,25726,25736,10
13.0758399963,80.2642211914,25736,25747,11
13.075460434,80.2638626099,25747,25757,10
13.0752000809,80.2635116577,25757,25767,10
13.0751399994,80.2634277344,25767,25777,10
13.0748901367,80.2630462646,25777,25787,10
13.0744400024,80.2624664307,25787,25797,10
13.0740203857,80.2619400024,25797,25807,10
13.0737695694,80.2616729736,25807,25817,10
13.0737600327,80.2616424561,25817,25827,10
13.0736303329,80.2614593506,25827,25837,10
13.0732803345,80.2613296509,25837,25848,11
13.0729999542,80.2617874146,25848,25858,10
13.0727901459,80.2624435425,25858,25868,10
13.0726604462,80.2628631592,25868,25874,6
13.0725297928,80.263130188,25874,25888,14
13.0721597672,80.2638931274,25888,25898,10
13.0717601776,80.2643890381,25898,25908,10
13.071559906,80.2646865845,25908,25918,10
13.0714502335,80.2648010254,25918,25928,10
13.0710802078,80.2651596069,25928,25938,10
13.0705699921,80.2656402588,25938,25947,9
13.0700702667,80.266166687,25947,25959,12
13.0693302155,80.2668762207,25959,25969,10
13.0688495636,80.2676391602,25969,25979,10
13.0685796738,80.2684402466,25979,25989,10
13.0683898926,80.2691421509,25989,25999,10
13.0683002472,80.2696075439,25999,26009,10
13.0682001114,80.270149231,26009,26019,10
13.0681495667,80.2707901001,26019,26029,10
13.0678901672,80.270980835,26029,26038,9
13.0647802353,80.2675018311,26038,26109,71
13.0647802353,80.2675018311,26109,26130,21
13.0630502701,80.2672119141,26130,26140,10
13.0624303818,80.266708374,26140,26150,10
13.061829567,80.2659912109,26150,26160,10
13.0613298416,80.2653808594,26160,26171,11
13.0607204437,80.2652816772,26171,26181,10
13.0605401993,80.2653579712,26181,26191,10
13.0600700378,80.2655487061,26191,26201,10
13.0593795776,80.2655334473,26201,26211,10
13.0586795807,80.265411377,26211,26221,10
13.0585803986,80.2654037476,26221,26231,10
13.0582895279,80.2652664185,26231,26241,10
13.0580797195,80.2646789551,26241,26251,10
13.0579795837,80.2638931274,26251,26261,10
13.0579204559,80.2630691528,26261,26272,11
13.0577602386,80.2621688843,26272,26282,10
13.0576000214,80.2612991333,26282,26292,10
13.0573501587,80.2603530884,26292,26302,10
13.0570297241,80.2593536377,26302,26312,10
13.0567398071,80.2582931519,26312,26322,10
13.0566301346,80.2576065063,26322,26332,10
13.0565595627,80.2572631836,26332,26342,10
13.0565595627,80.2571487427,26342,26352,10
13.0565004349,80.2568435669,26352,26362,10
13.0563402176,80.256362915,26362,26373,11
13.0558795929,80.2557296753,26373,26382,9
13.0553998947,80.2550811768,26382,26393,11
13.0547504425,80.2542419434,26393,26403,10
13.0542697906,80.2536621094,26403,26413,10
13.0541496277,80.2534713745,26413,26423,10
13.0539703369,80.2531967163,26423,26433,10
13.0536203384,80.2526626587,26433,26443,10
13.0531301498,80.2519989014,26443,26453,10
13.0526103973,80.2513122559,26453,26463,10
13.0520801544,80.2506484985,26463,26474,11
13.0512695313,80.2501068115,26474,26484,10
13.050239563,80.2498779297,26484,26494,10
13.049200058,80.2497406006,26494,26504,10
13.0483703613,80.2495880127,26504,26514,10
13.0476703644,80.2490005493,26514,26524,10
13.0469398499,80.248588562,26524,26534,10
13.0462198257,80.2484893799,26534,26544,10
13.0454902649,80.248260498,26544,26554,10
13.0447301865,80.2480697632,26554,26564,10
13.0438203812,80.2479019165,26564,26574,10
13.0428600311,80.2477035522,26574,26585,11
13.0418195724,80.2474594116,26585,26595,10
13.0408296585,80.2472763062,26595,26605,10
13.0397701263,80.2470932007,26605,26655,50
13.0397701263,80.2470932007,26655,26665,10
13.0397100449,80.246887207,26665,26675,10
13.0393600464,80.2468566895,26675,26686,11
13.0387401581,80.2467575073,26686,26696,10
13.0381498337,80.246673584,26696,26706,10
13.0374698639,80.2465820313,26706,26716,10
13.0366601944,80.2464370728,26716,26726,10
13.035900116,80.2462615967,26726,26736,10
13.0354995728,80.2460784912,26736,26746,10
13.0354795456,80.2460479736,26746,26756,10
13.0353403091,80.2459793091,26756,26766,10
13.034910202,80.2457275391,26766,26776,10
13.0344104767,80.2451019287,26776,26787,11
13.0337400436,80.2443389893,26787,26797,10
13.0330400467,80.2434234619,26797,26807,10
13.0324401855,80.242477417,26807,26817,10
13.0319900513,80.2418518066,26817,26827,10
13.03166008,80.2411499023,26827,26837,10
13.0313396454,80.2404708862,26837,26847,10
13.0311899185,80.2401580811,26847,26867,20
13.0311899185,80.2401580811,26867,26877,10
13.0311203003,80.2399673462,26877,26888,11
13.0311203003,80.2399520874,26888,26898,10
13.0311002731,80.2398986816,26898,26908,10
13.0309200287,80.2395324707,26908,26918,10
13.0306100845,80.2389678955,26918,26928,10
13.0301799774,80.2381820679,26928,26938,10
13.0296201706,80.2372589111,26938,26948,10
13.0288000107,80.2363586426,26948,26958,10
13.027970314,80.2354202271,26958,26968,10
13.0273399353,80.234336853,26968,26978,10
13.0267400742,80.2333831787,26978,26988,10
13.0263004303,80.2324676514,26988,26999,11
13.0260295868,80.2315292358,26999,27009,10
13.0257701874,80.2306594849,27009,27019,10
13.0251903534,80.2297286987,27019,27029,10
13.024600029,80.2289581299,27029,27039,10
13.0241804123,80.2284469604,27039,27049,10
13.0240297318,80.2282562256,27049,27059,10
13.0240001678,80.2282333374,27059,27069,10
13.0238199234,80.2279815674,27069,27079,10
13.0236196518,80.2277984619,27079,27089,10
13.0232000351,80.2273712158,27089,27100,11
13.0225601196,80.2267379761,27100,27110,10
13.0218296051,80.2261428833,27110,27120,10
13.021030426,80.2255172729,27120,27130,10
13.0204601288,80.2250976563,27130,27140,10
13.0199298859,80.2247390747,27140,27150,10
13.0192203522,80.2244720459,27150,27160,10
13.0183801651,80.2246627808,27160,27170,10
13.0174999237,80.2250289917,27170,27180,10
13.016869545,80.2252807617,27180,27189,9
13.0164699554,80.2254714966,27189,27201,12
13.0159301758,80.2256774902,27201,27211,10
13.01541996,80.2258605957,27211,27221,10
13.0150098801,80.2260131836,27221,27231,10
13.0145397186,80.2261810303,27231,27241,10
13.0143098831,80.2262802124,27241,27251,10
13.0141000748,80.2263336182,27251,27261,10
13.0135297775,80.2265472412,27261,27271,10
13.0127496719,80.2268600464,27271,27281,10
13.0118503571,80.2272415161,27281,27291,10
13.0108098984,80.2276382446,27291,27301,10
13.0097503662,80.2280578613,27301,27312,11
13.0090999603,80.2289199829,27312,27322,10
13.0088796616,80.2300415039,27322,27332,10
13.0086402893,80.2311782837,27332,27342,10
13.0084495544,80.2322387695,27342,27352,10
13.0083398819,80.2330474854,27352,27362,10
13.0082702637,80.2334899902,27362,27372,10
13.0082798004,80.2334976196,27372,27382,10
13.0082502365,80.2336578369,27382,27392,10
13.0081100464,80.2341003418,27392,27402,10
13.0079698563,80.2347488403,27402,27413,11
13.0078296661,80.2356109619,27413,27423,10
13.0076398849,80.2364578247,27423,27433,10
13.0074596405,80.2375183105,27433,27443,10
13.0072803497,80.2384796143,27443,27453,10
13.0070400238,80.2394638062,27453,27463,10
13.0068702698,80.2402496338,27463,27473,10
13.0068502426,80.2408218384,27473,27493,20
13.0068502426,80.2408218384,27493,27503,10
13.0068101883,80.2410507202,27503,27514,11
13.0067501068,80.2416305542,27514,27524,10
13.0067501068,80.2425689697,27524,27534,10
13.0066995621,80.2435684204,27534,27544,10
13.0066995621,80.2445220947,27544,27554,10
13.0066795349,80.245300293,27554,27564,10
13.0066900253,80.2454910278,27564,27574,10
13.0067195892,80.2456588745,27574,27584,10
13.0067195892,80.2458572388,27584,27594,10
13.0067300797,80.2462081909,27594,27604,10
13.0067300797,80.2467498779,27604,27615,11
13.0067195892,80.2475509644,27615,27625,10
13.0067396164,80.2484512329,27625,27635,10
13.0067996979,80.2495727539,27635,27645,10
13.0068302155,80.2507629395,27645,27655,10
13.0067596436,80.2516479492,27655,27665,10
13.0065803528,80.2524490356,27665,27675,10
13.0065698624,80.2533416748,27675,27685,10
13.0065898895,80.2543869019,27685,27695,10
13.0066404343,80.2549362183,27695,27705,10
13.0066404343,80.2549514771,27705,27714,9
13.0066099167,80.2551803589,27714,27726,12
13.0066003799,80.2559280396,27726,27736,10
13.0066204071,80.2567901611,27736,27746,10
13.0066404343,80.257232666,27746,27766,20
13.0066604614,80.2574768066,27766,27816,50
13.0066604614,80.2574768066,27816,27827,11
13.0067195892,80.2574386597,27827,27837,10
13.006529808,80.257598877,27837,27847,10
13.006070137,80.2575073242,27847,27857,10
13.0055599213,80.2573699951,27857,27897,40
13.0055599213,80.2573699951,27897,27907,10
13.0052099228,80.2572021484,27907,27917,10
13.0049495697,80.2571563721,27917,27928,11
13.0042200089,80.2570419312,27928,27938,10
13.0033798218,80.2568511963,27938,27948,10
13.0025596619,80.2566986084,27948,27958,10
13.0017900467,80.2565994263,27958,27968,10
13.0009803772,80.256477356,27968,27978,10
12.9999103546,80.2563095093,27978,27998,20
12.9999103546,80.2563095093,27998,28008,10
12.9996099472,80.2562408447,28008,28018,10
12.9991798401,80.2561264038,28018,28029,11
12.9986896515,80.2560272217,28029,28039,10
12.9981603622,80.2559661865,28039,28049,10
12.998000145,80.2559661865,28049,28059,10
12.9979000092,80.2559509277,28059,28069,10
12.9976396561,80.2559280396,28069,28079,10
12.9973402023,80.2559127808,28079,28089,10
12.9969501495,80.2558898926,28089,28099,10
12.9966096878,80.2558670044,28099,28109,10
12.996049881,80.2558670044,28109,28119,10
12.9955596924,80.2558898926,28119,28129,10
12.9951696396,80.255897522,28129,28140,11
12.9945297241,80.2559280396,28140,28150,10
12.993929863,80.2559814453,28150,28160,10
12.9931097031,80.2560501099,28160,28170,10
12.9922103882,80.2560806274,28170,28180,10
12.9913797379,80.2560424805,28180,28190,10
12.9909496307,80.2560272217,28190,28200,10
12.9905099869,80.2560119629,28200,28210,10
12.9899902344,80.2559967041,28210,28220,10
12.989569664,80.2559890747,28220,28230,10
12.9893903732,80.2559890747,28230,28241,11
12.9891700745,80.2559814453,28241,28251,10
12.9887304306,80.2559509277,28251,28261,10
12.9885902405,80.255897522,28261,28271,10
12.9884700775,80.2558898926,28271,28352,81
12.9884700775,80.2558898926,28352,28362,10
12.9881296158,80.2557601929,28362,28372,10
12.9877796173,80.2557907104,28372,28382,10
12.9876203537,80.2563781738,28382,28392,10
12.9875402451,80.2572937012,28392,28402,10
12.9874801636,80.2582778931,28402,28412,10
12.9873800278,80.2590408325,28412,28422,10
12.987279892,80.2593994141,28422,28443,21
12.987279892,80.2593994141,28443,28453,10
12.9872398376,80.2595596313,28453,28463,10
12.9870500565,80.2595214844,28463,28483,20
12.9870500565,80.2595214844,28483,28493,10
12.9867401123,80.2594985962,28493,28503,10
12.9866600037,80.2594680786,28503,28513,10
12.9865503311,80.2594299316,28513,28624,111
12.9865598679,80.2596206665,28624,28725,101
12.9865102768,80.2594604492,28725,29099,374
12.9865598679,80.2594604492,29099,29139,40
12.9865999222,80.2595291138,29139,29241,102
12.9865999222,80.2595291138,29241,29251,10
12.9865503311,80.2594680786,29251,29382,131
12.9865703583,80.2594604492,29382,29423,41
12.9865703583,80.2594604492,29423,29433,10
12.986579895,80.2593994141,29433,29443,10
12.9867601395,80.2590789795,29443,29493,50
12.9867601395,80.2590789795,29493,29504,11
12.9871101379,80.2591323853,29504,29514,10
12.9871702194,80.2591400146,29514,29524,10
12.9873399734,80.2591094971,29524,29534,10
12.9874000549,80.2586975098,29534,29544,10
12.9874296188,80.2582168579,29544,29554,10
12.9874601364,80.2576370239,29554,29564,10
12.9875001907,80.2569503784,29564,29574,10
12.9875297546,80.2564086914,29574,29584,10
12.9875602722,80.2559967041,29584,29675,91
12.9875602722,80.2559967041,29675,29685,10
12.987739563,80.2557525635,29685,29695,10
12.9881401062,80.2557907104,29695,29705,10
12.9887104034,80.2558822632,29705,29726,21
12.9887104034,80.2558822632,29726,29736,10
12.9890403748,80.2559509277,29736,29746,10
12.9896497726,80.2559890747,29746,29756,10
12.9903497696,80.2560119629,29756,29766,10
12.9906101227,80.2560119629,29766,29776,10
12.9911804199,80.2560272217,29776,29786,10
12.9918899536,80.2560577393,29786,29796,10
12.9926996231,80.2560272217,29796,29806,10
12.9935998917,80.2559661865,29806,29817,11
12.9945001602,80.2559280396,29817,29827,10
12.9952602386,80.2558822632,29827,29837,10
12.995639801,80.2558898926,29837,29847,10
12.9960899353,80.2559127808,29847,29857,10
12.9965295792,80.255897522,29857,29867,10
12.9967803955,80.2558670044,29867,29877,10
12.9970197678,80.2558822632,29877,29887,10
12.9973802567,80.255897522,29887,29897,10
12.9979000092,80.2559280396,29897,29907,10
12.9985103607,80.2559890747,29907,29998,91
12.9985103607,80.2559890747,29998,30008,10
12.9988698959,80.2560577393,30008,30018,10
12.9990501404,80.2560806274,30018,30029,11
12.999540329,80.2561798096,30029,30039,10
13.0000495911,80.2562866211,30039,30049,10
13.0007095337,80.256401062,30049,30059,10
13.0014095306,80.2565078735,30059,30069,10
13.0019397736,80.2565917969,30069,30079,10
13.0024795532,80.2566833496,30079,30089,10
13.0030097961,80.2567672729,30089,30099,10
13.0036497116,80.2569122314,30099,30109,10
13.0042600632,80.257019043,30109,30121,12
13.004989624,80.2571563721,30121,30132,11
13.0054302216,80.2572097778,30132,30142,10
13.0060195923,80.2573318481,30142,30152,10
13.006529808,80.2573318481,30152,30162,10
13.0065202713,80.2568969727,30162,30172,10
13.006529808,80.2560195923,30172,30181,9
13.0065498352,80.2551498413,30181,30192,11
13.0065402985,80.2540893555,30192,30202,10
13.006529808,80.2533798218,30202,30212,10
13.006529808,80.2532577515,30212,30222,10
13.0065202713,80.253036499,30222,30233,11
13.0065898895,80.2523727417,30233,30243,10
13.0066995621,80.2518997192,30243,30323,80
13.0066995621,80.2518997192,30323,30333,10
13.0067195892,80.2518386841,30333,30344,11
13.0068101883,80.2513504028,30344,30354,10
13.0068302155,80.2505493164,30354,30364,10
13.0067901611,80.2495422363,30364,30374,10
13.0067195892,80.2484588623,30374,30384,10
13.0066299438,80.2477035522,30384,30404,20
13.0066299438,80.2477035522,30404,30414,10
13.0066699982,80.2475814819,30414,30424,10
13.0066795349,80.2472381592,30424,30434,10
13.0066204071,80.2466506958,30434,30445,11
13.0066299438,80.2464904785,30445,30455,10
13.0066604614,80.2463531494,30455,30465,10
13.0066604614,80.2462387085,30465,30475,10
13.0066795349,80.2458267212,30475,30485,10
13.0066795349,80.2451705933,30485,30495,10
13.0066404343,80.2445220947,30495,30505,10
13.0066404343,80.2437667847,30505,30515,10
13.0066003799,80.2430419922,30515,30525,10
13.0065898895,80.2421569824,30525,30535,10
13.0066404343,80.2412033081,30535,30545,10
13.0067195892,80.2404785156,30545,30556,11
13.0068702698,80.2397918701,30556,30564,8
13.0069799423,80.2391662598,30564,30576,12
13.0072402954,80.2379379272,30576,30586,10
13.0074396133,80.2367401123,30586,30606,20
13.0074396133,80.2367401123,30606,30616,10
13.0075302124,80.2364501953,30616,30626,10
13.0076599121,80.2358627319,30626,30636,10
13.0078401566,80.2350463867,30636,30646,10
13.0080404282,80.2341537476,30646,30657,11
13.0082798004,80.2329025269,30657,30667,10
13.0085296631,80.231590271,30667,30677,10
13.0087795258,80.2303085327,30677,30687,10
13.0090198517,80.2291030884,30687,30697,10
13.0093202591,80.2279510498,30697,30707,10
13.0098304749,80.2268295288,30707,30717,10
13.0103302002,80.2257995605,30717,30727,10
13.0105695724,80.2253570557,30727,30737,10
13.0106401443,80.2251968384,30737,30746,9
13.0108003616,80.2248535156,30746,30758,12
13.0110702515,80.2242126465,30758,30768,10
13.0113897324,80.2234191895,30768,30778,10
13.0117397308,80.2226028442,30778,30788,10
13.0120697021,80.2217025757,30788,30798,10
13.0123701096,80.2214126587,30798,30808,10
13.0125598907,80.221786499,30808,30818,10
13.0129203796,80.2223434448,30818,30828,10
13.0135202408,80.2229614258,30828,30838,10
13.0141201019,80.2234725952,30838,30848,10
13.0144395828,80.2238388062,30848,30859,11
13.0151195526,80.2247619629,30859,30879,20
13.0151195526,80.2247619629,30879,30889,10
13.0152702332,80.2249832153,30889,30899,10
13.0155601501,80.2251434326,30899,30909,10
13.0155696869,80.2251434326,30909,30919,10
13.0156898499,80.225227356,30919,30929,10
13.0159101486,80.2253112793,30929,30939,10
13.0165395737,80.2252883911,30939,30949,10
13.0173797607,80.2249908447,30949,30959,10
13.0183496475,80.2246017456,30959,30970,11
13.0193395615,80.2242965698,30970,31000,30
13.0193395615,80.2242965698,31000,31010,10
13.0194597244,80.2243270874,31010,31020,10
13.0195302963,80.224357605,31020,31032,12
13.0197000504,80.2245330811,31032,31042,10
13.0199604034,80.2247009277,31042,31052,10
13.020359993,80.2249908447,31052,31062,10
13.0207195282,80.2252502441,31062,31073,11
13.0211296082,80.2255706787,31073,31083,10
13.0215997696,80.2259292603,31083,31093,10
13.0221700668,80.2263793945,31093,31103,10
13.0227403641,80.2268676758,31103,31113,10
13.0234098434,80.2274932861,31113,31123,10
13.0239896774,80.2280426025,31123,31133,10
13.0243701935,80.2284698486,31133,31143,10
13.0247001648,80.2289810181,31143,31153,10
13.0250597,80.2294464111,31153,31163,10
13.0255298615,80.2300720215,31163,31174,11
13.0259504318,80.2308807373,31174,31214,40
13.0259504318,80.2308807373,31214,31224,10
13.0259799957,80.2312469482,31224,31234,10
13.0261201859,80.2317199707,31234,31244,10
13.0262899399,80.232421875,31244,31254,10
13.0264196396,80.2326812744,31254,31264,10
13.0264701843,80.2327728271,31264,31274,10
13.0266799927,80.2331924438,31274,31285,11
13.027130127,80.2339172363,31285,31295,10
13.027589798,80.234703064,31295,31305,10
13.0281095505,80.2355728149,31305,31315,10
13.028840065,80.2363891602,31315,31325,10
13.0294303894,80.2370529175,31325,31335,10
13.0295696259,80.2372512817,31335,31345,10
13.0296401978,80.2373199463,31345,31355,10
13.0298995972,80.2377319336,31355,31365,10
13.0302495956,80.2383499146,31365,31375,10
13.0306396484,80.2390213013,31375,31386,11
13.0309295654,80.2394866943,31386,31396,10
13.0311603546,80.2398681641,31396,31406,10
13.0313796997,80.2402420044,31406,31416,10
13.0314302444,80.2407684326,31416,31426,10
13.0316200256,80.2411727905,31426,31436,10
13.0318403244,80.2416000366,31436,31446,10
13.0321397781,80.2421798706,31446,31456,10
13.0326595306,80.2428131104,31456,31466,10
13.033200264,80.2435379028,31466,31476,10
13.0337095261,80.2443313599,31476,31486,10
13.0342597961,80.2450485229,31486,31497,11
13.0348501205,80.2457809448,31497,31507,10
13.0356702805,80.2461166382,31507,31527,20
13.0356702805,80.2461166382,31527,31537,10
13.0358200073,80.2462310791,31537,31547,10
13.0362701416,80.2463684082,31547,31557,10
13.0370597839,80.2465362549,31557,31567,10
13.0377197266,80.2464675903,31567,31577,10
13.0383996964,80.2466430664,31577,31587,10
13.0388698578,80.2467727661,31587,31598,11
13.0388698578,80.2467803955,31598,31608,10
13.0390701294,80.2468414307,31608,31618,10
13.0394697189,80.2469329834,31618,31628,10
13.0400400162,80.2470474243,31628,31638,10
13.040599823,80.2471466064,31638,31648,10
13.0406703949,80.2471618652,31648,31658,10
13.0408401489,80.247177124,31658,31668,10
13.0413599014,80.2473068237,31668,31678,10
13.0419101715,80.2473983765,31678,31688,10
13.0423202515,80.2474212646,31688,31699,11
13.0431900024,80.2476425171,31699,31709,10
13.0439300537,80.2477111816,31709,31719,10
13.0446596146,80.247833252,31719,31729,10
13.0451698303,80.2481536865,31729,31739,10
13.0458698273,80.2484207153,31739,31749,10
13.0468997955,80.2484207153,31749,31769,20
13.0468997955,80.2484207153,31769,31779,10
13.0472898483,80.2485733032,31779,31788,9
13.0477104187,80.2489929199,31788,31799,11
13.0483503342,80.2495880127,31799,31810,11
13.048740387,80.2496795654,31810,31820,10
13.0493602753,80.2497634888,31820,31830,10
13.0501499176,80.2499008179,31830,31840,10
13.0509901047,80.2500915527,31840,31850,10
13.0517101288,80.2503967285,31850,31860,10
13.052359581,80.2510528564,31860,31870,10
13.0530004501,80.2519226074,31870,31880,10
13.0535898209,80.2527084351,31880,31890,10
13.0540304184,80.2533493042,31890,31900,10
13.054599762,80.2540817261,31900,31911,11
13.0551595688,80.2548217773,31911,31921,10
13.0556602478,80.2555465698,31921,31931,10
13.0560503006,80.256072998,31931,31941,10
13.0563697815,80.2564620972,31941,31951,10
13.0568399429,80.2568664551,31951,31971,20
13.0568399429,80.2568664551,31971,31981,10
13.0571298599,80.2571487427,31981,31991,10
13.057559967,80.2575683594,31991,32001,10
13.0579004288,80.2579269409,32001,32011,10
13.058259964,80.2584381104,32011,32022,11
13.0588197708,80.2590637207,32022,32032,10
13.0591602325,80.2595901489,32032,32042,10
13.0595798492,80.260093689,32042,32052,10
13.0601501465,80.260597229,32052,32062,10
13.0606603622,80.2612533569,32062,32082,20
13.0606603622,80.2612533569,32082,32092,10
13.0607099533,80.2615203857,32092,32102,10
13.0610704422,80.2619934082,32102,32112,10
13.0615100861,80.2624969482,32112,32123,11
13.0621500015,80.2631912231,32123,32133,10
13.0627498627,80.2638473511,32133,32143,10
13.0629196167,80.2640075684,32143,32151,8
13.0629901886,80.2640609741,32151,32163,12
13.0633802414,80.2646179199,32163,32172,9
13.0637302399,80.2652282715,32172,32183,11
13.064040184,80.2656478882,32183,32193,10
13.0643997192,80.2660980225,32193,32203,10
13.0647001266,80.2664794922,32203,32213,10
13.0650701523,80.2669067383,32213,32224,11
13.0656404495,80.2673568726,32224,32234,10
13.0660495758,80.2678833008,32234,32244,10
13.0663003922,80.268157959,32244,32252,8
13.0664596558,80.2683334351,32252,32264,12
13.0670003891,80.2685623169,32264,32274,10
13.0670700073,80.2686080933,32274,32284,10
13.0673303604,80.2687988281,32284,32294,10
13.0678501129,80.2691268921,32294,32304,10
13.0683202744,80.2692871094,32304,32314,10
13.0684404373,80.2689666748,32314,32323,9
13.0685396194,80.2685470581,32323,32335,12
13.0687799454,80.267868042,32335,32345,10
13.0691604614,80.2671203613,32345,32355,10
13.0697097778,80.2665405273,32355,32365,10
13.0702295303,80.2659988403,32365,32375,10
13.070400238,80.265838623,32375,32385,10
13.0705900192,80.265663147,32385,32395,10
13.0709896088,80.2652664185,32395,32405,10
13.0713596344,80.2648773193,32405,32415,10
13.0718603134,80.2643508911,32415,32425,10
13.0722904205,80.2637405396,32425,32436,11
13.0725898743,80.2630386353,32436,32446,10
13.0727796555,80.262512207,32446,32456,10
13.0729103088,80.262008667,32456,32466,10
13.0729198456,80.2620010376,32466,32476,10
13.0729398727,80.2619476318,32476,32486,10
13.0730800629,80.2614974976,32486,32496,10
13.0731096268,80.2610321045,32496,32506,10
13.0733299255,80.2605514526,32506,32516,10
13.0736904144,80.2598419189,32516,32526,10
13.0742101669,80.2592010498,32526,32535,9
13.0746498108,80.2588119507,32535,32547,12
13.0750598907,80.2584991455,32547,32557,10
13.0751495361,80.258430481,32557,32567,10
13.0754203796,80.2581634521,32567,32587,20
13.0754203796,80.2581634521,32587,32597,10
13.0756998062,80.2580108643,32597,32607,10
13.0761098862,80.2576675415,32607,32617,10
13.0765399933,80.257270813,32617,32626,9
13.0769500732,80.256942749,32626,32637,11
13.0776596069,80.256690979,32637,32648,11
13.078619957,80.2566223145,32648,32658,10
13.0791196823,80.256362915,32658,32668,10
13.0790395737,80.2556304932,32668,32678,10
13.0789699554,80.2548675537,32678,32708,30
13.0789699554,80.2548675537,32708,32718,10
13.0790300369,80.2546691895,32718,32728,10
13.0794200897,80.2545471191,32728,32738,10
13.0797796249,80.2545776367,32738,32749,11
13.0798797607,80.2546005249,32749,32759,10
13.0803403854,80.2546920776,32759,32769,10
13.0809001923,80.2547988892,32769,32779,10
13.0814199448,80.2548294067,32779,32789,10
13.0817804337,80.2544326782,32789,32799,10
13.0818595886,80.2539367676,32799,32809,10
13.081870079,80.2532501221,32809,32819,10
13.0816001892,80.2525405884,32819,32829,10
13.0813903809,80.2518005371,32829,32839,10
13.0813798904,80.2509307861,32839,32880,41
13.0813798904,80.2509307861,32880,32890,10
13.0813999176,80.2504501343,32890,32900,10
13.0813798904,80.2500991821,32900,32910,10
13.0813798904,80.24974823,32910,32920,10
13.0817604065,80.2496795654,32920,32930,10
13.0825395584,80.24974823,32930,32940,10
13.0831804276,80.2498779297,32940,32950,10
13.0839099884,80.25,32950,32961,11
13.0847101212,80.2501220703,32961,32971,10
13.0848302841,80.2501678467,32971,32981,10
13.0853004456,80.2502670288,32981,32991,10
13.0858602524,80.2503509521,32991,33001,10
13.0859603882,80.2500305176,33001,33011,10
13.0858898163,80.2493209839,33011,33021,10
13.0858402252,80.2485580444,33021,33031,10
13.0858602524,80.2477111816,33031,33041,10
13.0858697891,80.246887207,33041,33051,10
13.0858402252,80.246673584,33051,33062,11
13.0858001709,80.2464904785,33062,33072,10
13.0857000351,80.2457962036,33072,33144,72
13.0857000351,80.2457962036,33144,33153,9
13.0857200623,80.2455291748,33153,33163,10
13.0858697891,80.2451095581,33163,33173,10
13.0862503052,80.2447662354,33173,33185,12
13.0868597031,80.2442703247,33185,33195,10
13.0873003006,80.243888855,33195,33205,10
13.0875902176,80.243637085,33205,33215,10
13.0878000259,80.2433395386,33215,33225,10
13.0878801346,80.2430419922,33225,33235,10
13.0879602432,80.2424468994,33235,33245,10
13.0882701874,80.2420120239,33245,33255,10
13.0886497498,80.2417602539,33255,33265,10
13.0891199112,80.2414321899,33265,33276,11
13.0896596909,80.2410583496,33276,33286,10
13.0902299881,80.240852356,33286,33296,10
13.0909795761,80.2408294678,33296,33306,10
13.0915403366,80.240852356,33306,33316,10
13.0922002792,80.2408828735,33316,33326,10
13.0926704407,80.2409133911,33326,33336,10
13.0933504105,80.2409896851,33336,33346,10
13.0939302444,80.2411117554,33346,33356,10
13.0939998627,80.2411422729,33356,33366,10
13.0941295624,80.2412033081,33366,33375,9
13.0943098068,80.2412261963,33375,33387,12
13.0948200226,80.2413101196,33387,33397,10
13.0952501297,80.2414093018,33397,33407,10
13.0955400467,80.2414779663,33407,33417,10
13.095870018,80.2416229248,33417,33427,10
13.0961999893,80.2417221069,33427,33437,10
13.0966901779,80.2418899536,33437,33447,10
13.0971698761,80.2420425415,33447,33457,10
13.0976896286,80.2421722412,33457,33467,10
13.0980997086,80.2422790527,33467,33476,9
13.0984296799,80.2423095703,33476,33498,22
13.0984296799,80.2423095703,33498,33508,10
13.0986995697,80.2422180176,33508,33518,10
13.098739624,80.2419815063,33518,33528,10
13.0987195969,80.2418899536,33528,33538,10
13.0987300873,80.2417831421,33538,33548,10
13.0985403061,80.2417831421,33548,33558,10
13.0984897614,80.2420883179,33558,34247,689
13.0984897614,80.2420883179,34247,34257,10
13.098449707,80.2423171997,34257,34388,131
13.098449707,80.2423171997,34388,34398,10
13.0982303619,80.2423095703,34398,34408,10
13.0980300903,80.2422714233,34408,34418,10
13.0977897644,80.2422180176,34418,34428,10
13.0975599289,80.2421875,34428,34438,10
13.0973796844,80.2421264648,34438,34449,11
13.0969400406,80.2419967651,34449,34509,60
13.0965995789,80.2418670654,34509,34570,61
13.0965995789,80.2418670654,34570,34580,10
13.0962600708,80.2417373657,34580,34590,10
13.0961103439,80.2416763306,34590,34600,10
13.0958995819,80.2416763306,34600,34610,10
13.0957403183,80.241569519,34610,34620,10
13.0956096649,80.2415313721,34620,34630,10
13.095459938,80.2414398193,34630,34640,10
13.0952301025,80.2413635254,34640,34650,10
13.0948095322,80.2412490845,34650,34661,11
13.0945196152,80.2411804199,34661,34671,10
13.0939798355,80.2410964966,34671,34681,10
13.0936603546,80.2410507202,34681,34691,10
13.0936403275,80.2410507202,34691,34701,10
13.0935602188,80.2410202026,34701,34711,10
13.0932197571,80.2409667969,34711,34721,10
13.0927095413,80.2409133911,34721,34731,10
13.092209816,80.2408828735,34731,34741,10
13.0915002823,80.2408599854,34741,34751,10
13.0906000137,80.2408370972,34751,34762,11
13.0898704529,80.2409515381,34762,34772,10
13.0894498825,80.2412033081,34772,34782,10
13.0888900757,80.2416305542,34782,34792,10
13.0883798599,80.2420425415,34792,34802,10
13.0880203247,80.2427215576,34802,34812,10
13.0878896713,80.2431869507,34812,34822,10
13.0877304077,80.2434997559,34822,34832,10
13.0873603821,80.2439193726,34832,34842,10
13.0868396759,80.2443618774,34842,34852,10
13.0863304138,80.2447509766,34852,34863,11
13.0860204697,80.244972229,34863,34903,40
13.0860204697,80.244972229,34903,34913,10
13.0857095718,80.2451705933,34913,34924,11
13.0856599808,80.2455825806,34924,34934,10
13.0856800079,80.2466812134,34934,34953,19
13.0856800079,80.2466812134,34953,34963,10
13.0857801437,80.2470474243,34963,34975,12
13.0857896805,80.2478713989,34975,34983,8
13.0857801437,80.2485427856,34983,34995,12
13.0859203339,80.2496185303,34995,35005,10
13.0859603882,80.2500762939,35005,35015,10
13.0859298706,80.2502288818,35015,35025,10
13.0858402252,80.2507400513,35025,35034,9
13.0858001709,80.2511825562,35034,35044,10
13.0857200623,80.2517623901,35044,35055,11
13.0856399536,80.2525177002,35055,35065,10
13.0855998993,80.2529830933,35065,35084,19
13.0855998993,80.2529830933,35084,35094,10
13.0855903625,80.2536621094,35094,35104,10
13.0856304169,80.2541732788,35104,35116,12
13.0856103897,80.2545623779,35116,35126,10
13.0853796005,80.2546234131,35126,35134,8
13.084980011,80.2546081543,35134,35144,10
13.0844497681,80.2545700073,35144,35156,12
13.0839700699,80.2545089722,35156,35164,8
13.0839595795,80.2545089722,35164,35176,12
13.0837402344,80.2544403076,35176,35187,11
13.0832700729,80.2544326782,35187,35197,10
13.0825300217,80.25440979,35197,35207,10
13.0818500519,80.254699707,35207,35217,10
13.0813398361,80.2548828125,35217,35227,10
13.0808897018,80.2547912598,35227,35237,10
13.0808000565,80.2547531128,35237,35247,10
13.0804195404,80.2546920776,35247,35257,10
13.0797700882,80.2546234131,35257,35267,10
13.079460144,80.2546081543,35267,35274,7
13.0793504715,80.2546310425,35274,35288,14
13.0790901184,80.2549972534,35288,35298,10
13.0791101456,80.2556762695,35298,35308,10
13.0790996552,80.2562789917,35308,35338,30
13.0790996552,80.2562789917,35338,35348,10
13.0790996552,80.2566375732,35348,35358,10
13.078669548,80.2566680908,35358,35368,10
13.0781698227,80.256652832,35368,35378,10
13.077630043,80.2567062378,35378,35388,10
13.0770797729,80.2568893433,35388,35399,11
13.0763902664,80.2574386597,35399,35409,10
13.075799942,80.2579803467,35409,35419,10
13.075510025,80.2583694458,35419,35429,10
13.0756902695,80.2589187622,35429,35439,10
13.0761003494,80.2596130371,35439,35449,10
13.0767097473,80.2602005005,35449,35459,10
13.0770797729,80.2606506348,35459,35469,10
13.0774297714,80.2612075806,35469,35479,10
13.0776596069,80.2617874146,35479,35489,10
13.0778102875,80.2621917725,35489,35560,71
13.0778102875,80.2621917725,35560,35570,10
13.0778799057,80.2626190186,35570,35580,10
13.0779304504,80.2628326416,35580,35590,10
13.0780200958,80.2630691528,35590,35601,11
13.078040123,80.2633285522,35601,35611,10
13.0778303146,80.2635879517,35611,35621,10
13.0774297714,80.2639312744,35621,35631,10
13.0767698288,80.2640991211,35631,35641,10
13.0760402679,80.2641677856,35641,35651,10
13.0755395889,80.2639007568,35651,35661,10
13.0751399994,80.2632980347,35661,35671,10
13.074760437,80.2627868652,35671,35681,10
13.0744104385,80.2624664307,35681,35691,10
13.0741195679,80.2621078491,35691,35701,10
13.0738096237,80.26171875,35701,35732,31
13.0738096237,80.26171875,35732,35742,10
13.0735797882,80.2614593506,35742,35752,10
13.0730895996,80.2615509033,35752,35762,10
13.0728197098,80.2621994019,35762,35772,10
13.0726499557,80.2628479004,35772,35782,10
13.0723695755,80.2635574341,35782,35792,10
13.0720701218,80.2640991211,35792,35801,9
13.0717096329,80.2644805908,35801,35812,11
13.0715503693,80.2646102905,35812,35823,11
13.071439743,80.2646484375,35823,35833,10
13.0711698532,80.2650604248,35833,35843,10
13.070690155,80.2656326294,35843,35853,10
13.0701198578,80.2661819458,35853,35863,10
13.0693998337,80.2668304443,35863,35873,10
13.0689096451,80.2675170898,35873,35883,10
13.0686502457,80.2682189941,35883,35893,10
13.0685100555,80.2686920166,35893,35903,10
13.0683603287,80.26927948,35903,35913,10
13.0682697296,80.2696914673,35913,35924,11
13.068189621,80.2703094482,35924,35936,12
13.0679502487,80.2709197998,35936,35945,9
13.0671701431,80.270362854,35945,35967,22
13.0671701431,80.270362854,35967,35977,10
13.067029953,80.2701873779,35977,35987,10
13.0666999817,80.2698287964,35987,35997,10
13.0665197372,80.2691574097,35997,36007,10
13.0663700104,80.2684173584,36007,36017,10
13.0658597946,80.2678222656,36017,36026,9
13.0651302338,80.2676010132,36026,36048,22
13.0651302338,80.2676010132,36048,36058,10
13.0649795532,80.2675933838,36058,36068,10
13.0644702911,80.2675018311,36068,36078,10
13.0638399124,80.2673492432,36078,36088,10
13.0631399155,80.2672424316,36088,36099,11
13.0626001358,80.2668991089,36099,36109,10
13.0620803833,80.2662734985,36109,36119,10
13.0615901947,80.2656936646,36119,36128,9
13.0610704422,80.2651977539,36128,36140,12
13.0603599548,80.2654876709,36140,36160,20
13.0603599548,80.2654876709,36160,36170,10
13.0600996017,80.2655105591,36170,36180,10
13.0595502853,80.2655029297,36180,36190,10
13.0585803986,80.2653503418,36190,36220,30
13.0585803986,80.2653503418,36220,36230,10
13.0582199097,80.2652130127,36230,36241,11
13.0580596924,80.2643966675,36241,36251,10
13.0579395294,80.2633972168,36251,36261,10
13.0577898026,80.2623825073,36261,36271,10
13.0576000214,80.2613220215,36271,36281,10
13.0573501587,80.2602615356,36281,36291,10
13.0569496155,80.2593231201,36291,36301,10
13.0567302704,80.2582702637,36301,36311,10
13.0565299988,80.257232666,36311,36331,20
13.0565299988,80.257232666,36331,36341,10
13.0564899445,80.2569580078,36341,36352,11
13.0562696457,80.2564315796,36352,36362,10
13.0558996201,80.255859375,36362,36372,10
13.0553798676,80.2551116943,36372,36382,10
13.0548000336,80.2543487549,36382,36392,10
13.0543003082,80.2537384033,36392,36402,10
13.0541496277,80.2535476685,36402,36412,10
13.0541296005,80.2535018921,36412,36422,10
13.053899765,80.2531204224,36422,36432,10
13.0534601212,80.2525024414,36432,36442,10
13.0529298782,80.2517776489,36442,36453,11
13.0523796082,80.2510528564,36453,36463,10
13.0517702103,80.2503967285,36463,36473,10
13.050860405,80.2500228882,36473,36483,10
13.0498104095,80.2498092651,36483,36493,10
13.0488395691,80.2497024536,36493,36503,10
13.0481004715,80.2493972778,36503,36513,10
13.0474796295,80.248840332,36513,36523,10
13.0473003387,80.2486877441,36523,36533,10
13.0469503403,80.248588562,36533,36543,10
13.0467996597,80.2485275269,36543,36553,10
13.0462598801,80.2484283447,36553,36564,11
13.0455904007,80.2482833862,36564,36574,10
13.0450201035,80.2481002808,36574,36584,10
13.0443696976,80.2479782104,36584,36594,10
13.0439300537,80.2478790283,36594,36604,10
13.0435800552,80.2478485107,36604,36614,10
13.043129921,80.2477798462,36614,36624,10
13.0426301956,80.247718811,36624,36634,10
13.0420398712,80.2476196289,36634,36645,11
13.0411996841,80.2473831177,36645,36654,9
13.0404901505,80.247253418,36654,36664,10
13.0401201248,80.2471618652,36664,36704,40
13.0401201248,80.2471618652,36704,36714,10
13.0398397446,80.2470474243,36714,36725,11
13.0394802094,80.2469863892,36725,36736,11
13.0393104553,80.2469787598,36736,36745,9
13.0389995575,80.2469024658,36745,36756,11
13.0382795334,80.2467193604,36756,36767,11
13.0375404358,80.2466125488,36767,36777,10
13.0370197296,80.2465209961,36777,36785,8
13.0366401672,80.2464523315,36785,36795,10
13.0361604691,80.2463226318,36795,36805,10
13.0356397629,80.2461776733,36805,36815,10
13.0355300903,80.2461013794,36815,36825,10
13.0354204178,80.2460098267,36825,36835,10
13.0352602005,80.2459793091,36835,36845,10
13.0351896286,80.2459487915,36845,36857,12
13.0347795486,80.2456207275,36857,36865,8
13.0345001221,80.2452316284,36865,36878,13
13.0338001251,80.2443695068,36878,36888,10
13.0331401825,80.243522644,36888,36898,10
13.0325403214,80.2427368164,36898,36908,10
13.0322999954,80.2423934937,36908,36918,10
13.0321598053,80.2422103882,36918,36928,10
13.0319595337,80.241897583,36928,36938,10
13.0318098068,80.2415313721,36938,37019,81
13.0318098068,80.2415313721,37019,37029,10
13.0318202972,80.2414932251,37029,37039,10
13.0317001343,80.2412719727,37039,37049,10
13.0314998627,80.2408828735,37049,37130,81
13.0314998627,80.2408828735,37130,37140,10
13.0314502716,80.2407302856,37140,37150,10
13.0312595367,80.2403411865,37150,37231,81
13.0312595367,80.2403411865,37231,37241,10
13.0311698914,80.2400512695,37241,37251,10
13.0309200287,80.2395324707,37251,37261,10
13.0304803848,80.2387619019,37261,37271,10
13.0299797058,80.2378921509,37271,37281,10
13.0295801163,80.2372817993,37281,37291,10
13.0291996002,80.2368927002,37291,37302,11
13.0291004181,80.2367477417,37302,37312,10
13.0287103653,80.2363433838,37312,37322,10
13.0281295776,80.2356796265,37322,37332,10
13.027589798,80.2348480225,37332,37342,10
13.0270795822,80.2339935303,37342,37352,10
13.0268697739,80.2336578369,37352,37362,10
13.0267601013,80.2334594727,37362,37372,10
13.0264797211,80.2329788208,37372,37382,10
13.0262699127,80.2325210571,37382,37392,10
13.0261697769,80.2321929932,37392,37402,10
13.0260896683,80.2318572998,37402,37413,11
13.0259799957,80.2314605713,37413,37423,10
13.0257797241,80.230796814,37423,37433,10
13.0253200531,80.2299575806,37433,37443,10
13.0248203278,80.229309082,37443,37453,10
13.0245800018,80.2289962769,37453,37463,10
13.0244197845,80.2287979126,37463,37502,39
13.0244197845,80.2287979126,37502,37514,12
13.0243997574,80.2287521362,37514,37524,10
13.024189949,80.2284927368,37524,37534,10
13.0240097046,80.2282867432,37534,37544,10
13.0238103867,80.2280273438,37544,37554,10
13.023349762,80.2275695801,37554,37564,10
13.0227403641,80.2269592285,37564,37574,10
13.02202034,80.2262878418,37574,37585,11
13.0211801529,80.2256393433,37585,37596,11
13.0203399658,80.2250366211,37596,37606,10
13.0194997787,80.2245407104,37606,37615,9
13.0185403824,80.2245635986,37615,37627,12
13.0172796249,80.2250823975,37627,37636,9
13.0166797638,80.2253265381,37636,37647,11
13.0164499283,80.2254333496,37647,37657,10
13.0161304474,80.2255325317,37657,37666,9
13.0156497955,80.2256774902,37666,37676,10
13.0150995255,80.2259216309,37676,37686,10
13.0150003433,80.2259368896,37686,37696,10
13.0148696899,80.2259902954,37696,37707,11
13.0144395828,80.2261962891,37707,37717,10
13.0139198303,80.2264633179,37717,37728,11
13.0137500763,80.2265319824,37728,37738,10
13.0135402679,80.2265777588,37738,37748,10
13.0130596161,80.2267227173,37748,37758,10
13.0125198364,80.2269515991,37758,37768,10
13.0118598938,80.2272186279,37768,37778,10
13.0111303329,80.2275085449,37778,37788,10
13.0103397369,80.2277984619,37788,37798,10
13.0097398758,80.2280426025,37798,37808,10
13.0092201233,80.2284622192,37808,37815,7
13.0090904236,80.2290420532,37815,37829,14
13.0088195801,80.2302474976,37829,37839,10
13.0086402893,80.2311325073,37839,37849,10
13.0084600449,80.2320098877,37849,37859,10
13.0083398819,80.2328262329,37859,37869,10
13.0082998276,80.233039856,37869,37879,10
13.0082502365,80.2333679199,37879,37889,10
13.0082397461,80.233581543,37889,37899,10
13.008099556,80.2339782715,37899,37929,30
13.008099556,80.2339782715,37929,37940,11
13.0080604553,80.2342300415,37940,37950,10
13.0080099106,80.2346420288,37950,37960,10
13.0078601837,80.2352294922,37960,37980,20
13.007809639,80.235496521,37980,38000,20
13.007809639,80.235496521,38000,38010,10
13.0077199936,80.2358703613,38010,38020,10
13.0076799393,80.2361679077,38020,38030,10
13.0076799393,80.2361907959,38030,38041,11
13.0076198578,80.2364883423,38041,38051,10
13.0075798035,80.2366790771,38051,38061,10
13.007519722,80.2370300293,38061,38071,10
13.0074300766,80.237449646,38071,38081,10
13.007399559,80.2376022339,38081,38091,10
13.007349968,80.2379989624,38091,38101,10
13.0072698593,80.2384796143,38101,38111,10
13.0071697235,80.2389221191,38111,38162,51
13.0071201324,80.2392730713,38162,38182,20
13.0071201324,80.2392730713,38182,38192,10
13.0069999695,80.2397003174,38192,38202,10
13.006819725,80.2404937744,38202,38212,10
13.0068101883,80.2406997681,38212,38222,10
13.0067796707,80.2409210205,38222,38232,10
13.0067300797,80.2413787842,38232,38239,7
13.0067195892,80.2419281006,38239,38253,14
13.0067100525,80.2428131104,38253,38283,30
13.0067100525,80.2428131104,38283,38293,10
13.0066995621,80.2429275513,38293,38303,10
13.0067100525,80.2430877686,38303,38313,10
13.0067300797,80.243309021,38313,38323,10
13.0067195892,80.2435073853,38323,38333,10
13.0066995621,80.243927002,38333,38343,10
13.0066995621,80.2444000244,38343,38354,11
13.0066900253,80.2445678711,38354,38364,10
13.0066699982,80.2446670532,38364,38374,10
13.0066795349,80.2449493408,38374,38384,10
13.0066604614,80.2452468872,38384,38394,10
13.0067100525,80.2458114624,38394,38414,20
13.0067100525,80.2458114624,38414,38424,10
13.0067100525,80.2459869385,38424,38434,10
13.0067396164,80.2463226318,38434,38444,10
13.0067596436,80.2470169067,38444,38454,10
13.0067501068,80.2478103638,38454,38465,11
13.006770134,80.248840332,38465,38475,10
13.0068101883,80.2498474121,38475,38485,10
13.006819725,80.2507476807,38485,38495,10
13.006819725,80.2513198853,38495,38535,40
13.006819725,80.2513198853,38535,38545,10
13.0066795349,80.2517166138,38545,38555,10
13.006529808,80.2523117065,38555,38565,10
13.0065002441,80.2530975342,38565,38576,11
13.0065202713,80.2539291382,38576,38585,9
13.0065803528,80.2546615601,38585,38596,11
13.0066003799,80.254989624,38596,38607,11
13.0066099167,80.2552032471,38607,38616,9
13.0065898895,80.2557907104,38616,38627,11
13.0066099167,80.2565994263,38627,38637,10
13.0066795349,80.2572937012,38637,38737,100
13.0066795349,80.2572937012,38737,38747,10
13.0066099167,80.2575073242,38747,38757,10
13.0061502457,80.2575302124,38757,38767,10
13.0055799484,80.2574081421,38767,38778,11
13.0048999786,80.2572097778,38778,38789,11
13.0040302277,80.257019043,38789,38799,10
13.0035400391,80.2569198608,38799,38809,10
13.0032396317,80.2568588257,38809,38819,10
13.0029296875,80.2568130493,38819,38829,10
13.0027303696,80.2567672729,38829,38879,50
13.0027303696,80.2567672729,38879,38890,11
13.0026102066,80.2567520142,38890,38900,10
13.0023603439,80.2567062378,38900,38910,10
13.0019598007,80.2566299438,38910,38920,10
13.0013904572,80.2565689087,38920,38930,10
13.0006103516,80.2564468384,38930,38940,10
13.0002002716,80.2563400269,38940,38960,20
13.0002002716,80.2563400269,38960,38970,10
12.9999904633,80.2563171387,38970,38980,10
12.9997596741,80.2562637329,38980,38990,10
12.999420166,80.2562103271,38990,39001,11
12.9988698959,80.2561035156,39001,39011,10
12.9983301163,80.2560272217,39011,39031,20
12.9983301163,80.2560272217,39031,39041,10
12.9980697632,80.2559967041,39041,39051,10
12.9977703094,80.2559814453,39051,39061,10
12.9977302551,80.2559890747,39061,39071,10
12.9977397919,80.256362915,39071,39081,10
12.9977903366,80.2568893433,39081,39202,121
12.9977903366,80.2568893433,39202,39213,11
12.997590065,80.2570419312,39213,39313,100
12.997590065,80.2570419312,39313,39324,11
12.9975404739,80.2567825317,39324,39455,131
12.9975404739,80.2567825317,39455,39465,10
12.997710228,80.2561035156,39465,39485,20
12.997710228,80.2561035156,39485,39495,10
12.9976301193,80.2559204102,39495,39505,10
12.9971599579,80.2559204102,39505,39566,61
12.9971599579,80.2559204102,39566,39576,10
12.9967603683,80.2559204102,39576,39586,10
12.9963998795,80.2559280396,39586,39596,10
12.9957304001,80.2559204102,39596,39606,10
12.9949903488,80.2559280396,39606,39616,10
12.9940900803,80.2560119629,39616,39626,10
12.9929800034,80.2560501099,39626,39638,12
12.9915704727,80.2560501099,39638,39646,8
12.9909896851,80.2560424805,39646,39656,10
12.9907302856,80.2560272217,39656,39666,10
12.9904899597,80.2560195923,39666,39676,10
12.9899997711,80.2560577393,39676,39688,12
12.9891901016,80.2559890747,39688,39698,10
12.9887199402,80.2559585571,39698,39759,61
12.9887199402,80.2559585571,39759,39769,10
12.9885396957,80.2559509277,39769,39777,8
12.988360405,80.2559280396,39777,39787,10
12.9880104065,80.2558822632,39787,39797,10
12.9876203537,80.255897522,39797,39807,10
12.9875497818,80.2565689087,39807,39817,10
12.9874897003,80.2574005127,39817,39827,10
12.9874401093,80.2583312988,39827,39837,10
12.9872303009,80.259552002,39837,39860,23
12.9872303009,80.259552002,39860,39870,10
12.9870901108,80.2596511841,39870,39880,10
12.9869604111,80.2595977783,39880,39890,10
12.9866600037,80.2595596313,39890,39900,10
12.9867601395,80.2590866089,39900,39940,40
12.9869003296,80.2591094971,39940,39991,51
12.9869604111,80.2590408325,39991,40041,50
12.9869604111,80.2590408325,40041,40051,10
12.9873399734,80.2589035034,40051,40062,11
12.9874200821,80.2582626343,40062,40072,10
12.9874696732,80.2575531006,40072,40082,10
12.9875001907,80.2571716309,40082,40122,40
12.9875001907,80.2571716309,40122,40132,10
12.9875402451,80.2569198608,40132,40142,10
12.9875497818,80.2566604614,40142,40152,10
12.9875602722,80.2563018799,40152,40162,10
12.987569809,80.2559509277,40162,40243,81
12.987569809,80.2559509277,40243,40253,10
12.9876804352,80.2557678223,40253,40263,10
12.9880895615,80.2557525635,40263,40274,11
12.9887599945,80.2558517456,40274,40284,10
12.9888401031,80.2559204102,40284,40294,10
12.9890098572,80.2559509277,40294,40304,10
12.989279747,80.2559814453,40304,40314,10
12.9899196625,80.2560119629,40314,40324,10
12.9905395508,80.2559890747,40324,40334,10
12.9912996292,80.2560272217,40334,40343,9
12.9921998978,80.2560195923,40343,40354,11
12.9933595657,80.2559585571,40354,40364,10
12.9941997528,80.2558288574,40364,40374,10
12.9952802658,80.2558517456,40374,40385,11
12.9959802628,80.255859375,40385,40395,10
12.9960403442,80.255859375,40395,40405,10
12.9962902069,80.2558822632,40405,40415,10
12.9966802597,80.2557678223,40415,40425,10
12.9969997406,80.255821228,40425,40435,10
12.9974603653,80.255859375,40435,40445,10
12.9979696274,80.2558822632,40445,40455,10
12.998749733,80.2559890747,40455,40484,29
12.998749733,80.2559890747,40484,40496,12
12.9990100861,80.256111145,40496,40506,10
12.9994001389,80.2561721802,40506,40516,10
12.9997701645,80.2562484741,40516,40526,10
13.0003900528,80.2563476563,40526,40536,10
13.0009899139,80.2564620972,40536,40546,10
13.0010795593,80.2564926147,40546,40556,10
13.0013904572,80.2565612793,40556,40567,11
13.0019397736,80.2566375732,40567,40578,11
13.0026102066,80.256729126,40578,40587,9
13.0028800964,80.2567901611,40587,40597,10
13.0032501221,80.2568511963,40597,40607,10
13.0037498474,80.2569274902,40607,40618,11
13.0043296814,80.2570495605,40618,40627,9
13.0048303604,80.2571411133,40627,40639,12
13.0051803589,80.2571334839,40639,40658,19
13.0051803589,80.2571334839,40658,40669,11
13.0054702759,80.2571182251,40669,40679,10
13.0058403015,80.257232666,40679,40688,9
13.0063495636,80.2573623657,40688,40740,52
13.0063495636,80.2573623657,40740,40750,10
13.0065603256,80.257270813,40750,40760,10
13.0065402985,80.2568893433,40760,40770,10
13.0065097809,80.2563781738,40770,40780,10
13.0065202713,80.2556533813,40780,40788,8
13.0065498352,80.2550201416,40788,40798,10
13.0065498352,80.2540969849,40798,40811,13
13.0065402985,80.2533798218,40811,40821,10
13.0065097809,80.2529983521,40821,40851,30
13.0065097809,80.2529983521,40851,40861,10
13.0065402985,80.2525024414,40861,40871,10
13.0066604614,80.2518310547,40871,40952,81
13.0066604614,80.2518310547,40952,40962,10
13.0067396164,80.2516479492,40962,40972,10
13.0067901611,80.2510604858,40972,40982,10
13.0067996979,80.2501525879,40982,40992,10
13.0067396164,80.2490081787,40992,41002,10
13.0066604614,80.2480621338,41002,41012,10
13.006649971,80.2476196289,41012,41043,31
13.006649971,80.2476196289,41043,41053,10
13.0066795349,80.2472076416,41053,41063,10
13.006649971,80.2466964722,41063,41073,10
13.0066404343,80.2464370728,41073,41083,10
13.0066404343,80.2462234497,41083,41093,10
13.0066404343,80.2455215454,41093,41103,10
13.0066404343,80.2446136475,41103,41113,10
13.0066604614,80.243812561,41113,41123,10
13.0066299438,80.2429504395,41123,41134,11
13.0066099167,80.241897583,41134,41144,10
13.0066003799,80.241027832,41144,41154,10
13.0067501068,80.240196228,41154,41164,10
13.0069599152,80.239440918,41164,41174,10
13.0070800781,80.2386322021,41174,41184,10
13.0072498322,80.2377700806,41184,41194,10
13.0074195862,80.2369537354,41194,41204,10
13.0074796677,80.2367095947,41204,41214,10
13.0075302124,80.2365112305,41214,41224,10
13.0076398849,80.2359008789,41224,41235,11
13.0077600479,80.2353134155,41235,41245,10
13.0077896118,80.2351074219,41245,41255,10
13.0079402924,80.2345123291,41255,41265,10
13.0081195831,80.2336120605,41265,41275,10
13.0083503723,80.2324981689,41275,41285,10
13.0085697174,80.2312469482,41285,41295,10
13.0087995529,80.2300415039,41295,41304,9
13.0090103149,80.2290115356,41304,41316,12
13.0093698502,80.2277069092,41316,41326,10
13.0098600388,80.2266769409,41326,41336,10
13.0103502274,80.2256622314,41336,41347,11
13.0107698441,80.2246932983,41347,41357,10
13.0110797882,80.2239303589,41357,41366,9
13.0112304688,80.2235794067,41366,41378,12
13.0114402771,80.2231826782,41378,41388,10
13.0116796494,80.2225112915,41388,41398,10
13.0119800568,80.2218399048,41398,41410,12
13.0125398636,80.2218322754,41410,41418,8
13.0129003525,80.2223129272,41418,41428,10
13.013299942,80.2226715088,41428,41440,12
13.0136404037,80.2230224609,41440,41451,11
13.01404953,80.223449707,41451,41461,10
13.0144195557,80.2239074707,41461,41471,10
13.0149297714,80.2245101929,41471,41481,10
13.01541996,80.2249221802,41481,41491,10
13.0156097412,80.2250823975,41491,41501,10
13.0156402588,80.2251586914,41501,41511,10
13.0161104202,80.2253799438,41511,41521,10
13.0169801712,80.2251663208,41521,41531,10
13.0180597305,80.2247467041,41531,41541,10
13.0190296173,80.2243270874,41541,41552,11
13.019370079,80.2243423462,41552,41562,10
13.0197200775,80.2245330811,41562,41572,10
13.0202798843,80.2249298096,41572,41582,10
13.0206699371,80.2252426147,41582,41592,10
13.0211400986,80.2256088257,41592,41602,10
13.0216999054,80.2260131836,41602,41612,10
13.0223703384,80.2265472412,41612,41622,10
13.023059845,80.2271728516,41622,41632,10
13.0236597061,80.2277069092,41632,41642,10
13.0240602493,80.2281036377,41642,41651,9
13.0242900848,80.2283477783,41651,41663,12
13.0246200562,80.2288513184,41663,41673,10
13.0248203278,80.2291717529,41673,41683,10
13.0252199173,80.2296829224,41683,41693,10
13.0257101059,80.2304382324,41693,41733,40
13.0257101059,80.2304382324,41733,41743,10
13.0258398056,80.2307128906,41743,41753,10
13.0259199142,80.2309570313,41753,41764,11
13.0260601044,80.2314834595,41764,41774,10
13.0262098312,80.2321472168,41774,41804,30
13.0262098312,80.2321472168,41804,41814,10
13.026309967,80.2323684692,41814,41824,10
13.02643013,80.2326965332,41824,41834,10
13.0266704559,80.2331466675,41834,41844,10
13.0270795822,80.2338104248,41844,41854,10
13.0275697708,80.2346801758,41854,41864,10
13.0280504227,80.235496521,41864,41875,11
13.0286998749,80.2362518311,41875,41885,10
13.0292701721,80.236869812,41885,41895,10
13.0297803879,80.2375411987,41895,41905,10
13.0302696228,80.2383575439,41905,41915,10
13.0308103561,80.2392578125,41915,41925,10
13.0312595367,80.2399902344,41925,41935,10
13.0314302444,80.2403869629,41935,41945,10
13.0314903259,80.2408599854,41945,41955,10
13.0316896439,80.2412796021,41955,41965,10
13.031920433,80.2417678833,41965,41976,11
13.0324201584,80.2424087524,41976,41986,10
13.032959938,80.2431564331,41986,41996,10
13.0335102081,80.2439880371,41996,42006,10
13.0341501236,80.2448196411,42006,42016,10
13.0347099304,80.2454986572,42016,42026,10
13.0352802277,80.2459716797,42026,42036,10
13.0357704163,80.2461776733,42036,42046,10
13.0359096527,80.2462463379,42046,42056,10
13.0361995697,80.246383667,42056,42066,10
13.0368900299,80.2465591431,42066,42076,10
13.0376396179,80.2464599609,42076,42087,11
13.0387802124,80.2467498779,42087,42107,20
13.0387802124,80.2467498779,42107,42117,10
13.0393104553,80.2469177246,42117,42127,10
13.0395898819,80.2469711304,42127,42137,10
13.0400400162,80.2470703125,42137,42147,10
13.0406799316,80.2471084595,42147,42157,10
13.041469574,80.2472763062,42157,42167,10
13.0419998169,80.2474212646,42167,42177,10
13.0426197052,80.2475814819,42177,42188,11
13.0433597565,80.2477416992,42188,42198,10
13.0439996719,80.2477264404,42198,42208,10
13.0444602966,80.247833252,42208,42218,10
13.0450601578,80.2481231689,42218,42228,10
13.045800209,80.2484207153,42228,42238,10
13.0466003418,80.2483978271,42238,42248,10
13.0469799042,80.2484970093,42248,42259,11
13.0471801758,80.2485809326,42259,42269,10
13.0475502014,80.2487869263,42269,42278,9
13.0478096008,80.2490234375,42278,42288,10
13.048119545,80.2493362427,42288,42300,12
13.0486001968,80.2496185303,42300,42308,8
13.0489797592,80.2496871948,42308,42318,10
13.0492095947,80.249710083,42318,42328,10
13.0496501923,80.2498092651,42328,42338,10
13.0503997803,80.2499389648,42338,42350,12
13.0513696671,80.250213623,42350,42359,9
13.0520401001,80.2506713867,42359,42369,10
13.0527200699,80.2515335083,42369,42380,11
13.0533800125,80.2524108887,42380,42389,9
13.0536203384,80.2527999878,42389,42399,10
13.0538101196,80.2530593872,42399,42409,10
13.054019928,80.2533416748,42409,42419,10
13.0540704727,80.2534179688,42419,42431,12
13.0542297363,80.2536087036,42431,42439,8
13.0543603897,80.2537612915,42439,42449,10
13.054479599,80.2538986206,42449,42459,10
13.0544900894,80.2538986206,42459,42469,10
13.054690361,80.2541275024,42469,42481,12
13.0549001694,80.2544174194,42481,42491,10
13.0551795959,80.2547607422,42491,42499,8
13.0553798676,80.2550506592,42499,42512,13
13.0556898117,80.2555007935,42512,42522,10
13.0559196472,80.255821228,42522,42532,10
13.0560998917,80.2561264038,42532,42542,10
13.0563201904,80.256401062,42542,42554,12
13.0566396713,80.2566986084,42554,42564,10
13.0567798615,80.2567901611,42564,42574,10
13.0571899414,80.2571487427,42574,42584,10
13.0576601028,80.2575836182,42584,42594,10
13.0577898026,80.2576980591,42594,42604,10
13.0580797195,80.2580566406,42604,42615,11
13.0583496094,80.2584762573,42615,42625,10
13.0586996078,80.2588729858,42625,42635,10
13.0590801239,80.2593994141,42635,42645,10
13.0593900681,80.2599029541,42645,42655,10
13.0598402023,80.2602767944,42655,42665,10
13.0602502823,80.2606811523,42665,42675,10
13.0606098175,80.2611694336,42675,42685,10
13.0608100891,80.2615203857,42685,42695,10
13.0609397888,80.2618103027,42695,42705,10
13.0613803864,80.2621765137,42705,42716,11
13.0617103577,80.2625427246,42716,42726,10
13.0621795654,80.2630996704,42726,42736,10
13.0626602173,80.2637176514,42736,42746,10
13.0629901886,80.2640762329,42746,42756,10
13.0630502701,80.2641296387,42756,42766,10
13.0633096695,80.2644271851,42766,42776,10
13.0636196136,80.2649688721,42776,42786,10
13.0637702942,80.2652435303,42786,42796,10
13.0639095306,80.2654190063,42796,42806,10
13.0641298294,80.2657012939,42806,42816,10
13.0644903183,80.2661437988,42816,42827,11
13.0646800995,80.2663421631,42827,42837,10
13.0648403168,80.2665405273,42837,42847,10
13.0650997162,80.2668533325,42847,42857,10
13.0656003952,80.2672576904,42857,42867,10
13.0659503937,80.2677078247,42867,42877,10
13.066450119,80.2681808472,42877,42887,10
13.0669002533,80.2685165405,42887,42897,10
13.0669698715,80.2685699463,42897,42907,10
13.0673303604,80.2688064575,42907,42917,10
13.0679197311,80.2691574097,42917,42928,11
13.0683298111,80.2691497803,42928,42938,10
13.0684700012,80.2686080933,42938,42948,10
13.0686597824,80.2679824829,42948,42958,10
13.0689601898,80.2672119141,42958,42968,10
13.0695295334,80.2666015625,42968,42978,10
13.0699300766,80.2661972046,42978,42988,10
13.0703601837,80.2657775879,42988,42998,10
13.0707197189,80.2654418945,42998,43008,10
13.0708599091,80.2652893066,43008,43018,10
13.0711297989,80.2650375366,43018,43028,10
13.0714998245,80.2646331787,43028,43039,11
13.071969986,80.2640686035,43039,43049,10
13.0723199844,80.2633972168,43049,43060,11
13.0725803375,80.2628173828,43060,43069,9
13.0727300644,80.2624435425,43069,43079,10
13.0729198456,80.2619781494,43079,43089,10
13.0729198456,80.26197052,43089,43100,11
13.0729503632,80.2617034912,43100,43109,9
13.0731296539,80.2612304688,43109,43119,10
13.0734596252,80.2613372803,43119,43129,10
13.073849678,80.2617492676,43129,43139,10
13.0742101669,80.26222229,43139,43152,13
13.0747003555,80.2628479004,43152,43162,10
13.0749797821,80.2632293701,43162,43172,10
13.0751695633,80.2634811401,43172,43182,10
13.0753602982,80.2637329102,43182,43192,10
13.0756196976,80.2640380859,43192,43202,10
13.0760402679,80.2641677856,43202,43212,10
13.0766000748,80.2641525269,43212,43222,10
13.0769300461,80.2641220093,43222,43232,10
13.0774002075,80.263961792,43232,43242,10
13.0778102875,80.2636413574,43242,43253,11
13.0780801773,80.2633132935,43253,43263,10
13.0779600143,80.2629165649,43263,43273,10
13.0778102875,80.2623977661,43273,43283,10
13.0775098801,80.2615966797,43283,43293,10
13.0773296356,80.2609863281,43293,43303,10
13.0773200989,80.2609710693,43303,43313,10
13.077170372,80.2606124878,43313,43343,30
13.077170372,80.2606124878,43343,43354,11
13.0766897202,80.2602310181,43354,43364,10
13.0760202408,80.2596893311,43364,43374,10
13.0755300522,80.2585296631,43374,43424,50
13.0755300522,80.2585296631,43424,43434,10
13.0754404068,80.2581481934,43434,43444,10
13.0758399963,80.2578582764,43444,43454,10
13.0762901306,80.2574462891,43454,43465,11
13.0769395828,80.2569198608,43465,43475,10
13.0775403976,80.2566986084,43475,43485,10
13.0783100128,80.2566223145,43485,43495,10
13.0789403915,80.2565536499,43495,43505,10
13.0790395737,80.2562332153,43505,43515,10
13.0790195465,80.2555999756,43515,43525,10
13.0789899826,80.255317688,43525,43535,10
13.0790100098,80.2550125122,43535,43545,10
13.0790596008,80.2546691895,43545,43555,10
13.0792503357,80.2546005249,43555,43566,11
13.0796203613,80.2546081543,43566,43576,10
13.0797195435,80.2546234131,43576,43586,10
13.0800304413,80.2546691895,43586,43596,10
13.0804004669,80.2547225952,43596,43606,10
13.0809402466,80.2547912598,43606,43616,10
13.081319809,80.2548370361,43616,43626,10
13.0816402435,80.254699707,43626,43636,10
13.0817899704,80.2542190552,43636,43646,10
13.0818300247,80.2539367676,43646,43656,10
13.0819196701,80.2535934448,43656,43667,11
13.0819101334,80.2531967163,43667,43677,10
13.0818099976,80.2527008057,43677,43687,10
13.0815601349,80.2521514893,43687,43697,10
13.081489563,80.251411438,43697,43707,10
13.0813703537,80.2509994507,43707,43717,10
13.081319809,80.2504806519,43717,43727,10
13.0812702179,80.250038147,43727,43737,10
13.0813703537,80.2497329712,43737,43747,10
13.0818004608,80.2497177124,43747,43757,10
13.0825195313,80.249786377,43757,43767,10
13.0832395554,80.2499008179,43767,43778,11
13.08411026,80.250038147,43778,43788,10
13.0847501755,80.2501831055,43788,43798,10
13.0847702026,80.2501831055,43798,43808,10
13.0849399567,80.250213623,43808,43818,10
13.0853700638,80.2502975464,43818,43828,10
13.0858697891,80.2503204346,43828,43838,10
13.0859203339,80.2498168945,43838,43848,10
13.0859603882,80.2490692139,43848,43858,10
13.0858001709,80.2483062744,43858,43867,9
13.0857896805,80.2475204468,43867,43878,11
13.0857601166,80.2466812134,43878,43889,11
13.085729599,80.2464981079,43889,43899,10
13.0857000351,80.2460021973,43899,43909,10
13.0857400894,80.2452392578,43909,43919,10
13.0862598419,80.2447662354,43919,43929,10
13.0868301392,80.2442703247,43929,43939,10
13.0873203278,80.2438583374,43939,43949,10
13.0876903534,80.2435073853,43949,43960,11
13.0877895355,80.2433013916,43960,43969,9
13.0878801346,80.2429199219,43969,43980,11
13.0880403519,80.2422714233,43980,43991,11
13.0883798599,80.2418670654,43991,44001,10
13.0885000229,80.2418136597,44001,44009,8
13.0887203217,80.2416534424,44009,44019,10
13.0892000198,80.2412796021,44019,44031,12
13.0899200439,80.2409133911,44031,44041,10
13.0907001495,80.2408294678,44041,44053,12
13.0917596817,80.2408905029,44053,44063,10
13.0924797058,80.2409210205,44063,44073,10
13.0932502747,80.2410202026,44073,44083,10
13.093870163,80.2411193848,44083,44094,11
13.0940198898,80.2411422729,44094,44104,10
13.0943603516,80.2412033081,44104,44114,10
13.0949001312,80.2413101196,44114,44124,10
13.0956401825,80.2415466309,44124,44134,10
13.0962495804,80.2417831421,44134,44144,10
13.0968799591,80.2419891357,44144,44205,61
13.0968799591,80.2419891357,44205,44215,10
13.0971803665,80.2421112061,44215,44225,10
13.0976495743,80.2422103882,44225,44235,10
13.0981397629,80.2423095703,44235,44245,10
13.0984897614,80.2423171997,44245,44265,20
13.0984897614,80.2423171997,44265,44275,10
13.0986499786,80.2422790527,44275,44285,10
13.0987501144,80.2421188354,44285,44294,9
13.0986995697,80.2419662476,44294,44306,12
13.0985202789,80.2418899536,44306,44316,10
13.0984697342,80.2420730591,44316,44487,171
13.0985898972,80.2423782349,44487,44548,61
13.0985898972,80.2423782349,44548,44558,10
13.0986003876,80.2424087524,44558,44568,10
13.098449707,80.2423934937,44568,44578,10
13.0981197357,80.2423400879,44578,44588,10
13.0977602005,80.2422485352,44588,44608,20
13.0977602005,80.2422485352,44608,44618,10
13.097240448,80.2421035767,44618,44629,11
13.0967798233,80.2419967651,44629,44639,10
13.0962200165,80.2418136597,44639,44649,10
13.0958900452,80.2416763306,44649,44659,10
13.0955095291,80.2415466309,44659,44669,10
13.0950202942,80.2414016724,44669,44679,10
13.0945901871,80.2412872314,44679,44689,10
13.0937299728,80.2411270142,44689,44709,20
13.0937299728,80.2411270142,44709,44719,10
13.0935297012,80.2410888672,44719,44730,11
13.0931196213,80.2409973145,44730,44740,10
13.0926198959,80.2409515381,44740,44750,10
13.0920696259,80.2409286499,44750,44761,11
13.0912599564,80.2409210205,44761,44771,10
13.0904798508,80.2408828735,44771,44780,9
13.0898799896,80.2409973145,44780,44791,11
13.0893001556,80.241317749,44791,44801,10
13.088640213,80.2416915894,44801,44811,10
13.0880002975,80.2420806885,44811,44819,8
13.0878295898,80.2426605225,44819,44832,13
13.0878000259,80.2431488037,44832,44840,8
13.0877103806,80.243347168,44840,44851,11
13.0873298645,80.2437286377,44851,44862,11
13.0867204666,80.2442932129,44862,44871,9
13.086139679,80.2448196411,44871,44901,30
13.086139679,80.2448196411,44901,44912,11
13.0857095718,80.2450180054,44912,44921,9
13.0855197906,80.2452087402,44921,44931,10
13.0855197906,80.2456970215,44931,44941,10
13.0854902267,80.2463531494,44941,44953,12
13.0855503082,80.2466506958,44953,44963,10
13.0855998993,80.2471237183,44963,44973,10
13.0856304169,80.2478179932,44973,44983,10
13.0856800079,80.2486572266,44983,44993,10
13.0858097076,80.2494888306,44993,45003,10
13.0858201981,80.2502670288,45003,45013,10
13.0857601166,80.2506408691,45013,45023,10
13.0857000351,80.2510986328,45023,45033,10
13.0856599808,80.2515182495,45033,45044,11
13.0856304169,80.2518386841,45044,45054,10
13.0855503082,80.2522735596,45054,45064,10
13.0854501724,80.2527694702,45064,45074,10
13.0853204727,80.2532272339,45074,45084,10
13.0853700638,80.2538604736,45084,45094,10
13.0855102539,80.2544937134,45094,45104,10
13.0853996277,80.2546234131,45104,45114,10
13.0850400925,80.2546463013,45114,45124,10
13.0845403671,80.2546234131,45124,45134,10
13.0841197968,80.2545776367,45134,45144,10
13.0840997696,80.2545776367,45144,45155,11
13.0838899612,80.2545318604,45155,45165,10
13.0838298798,80.2545318604,45165,45175,10
13.0834999084,80.2544937134,45175,45185,10
13.0829801559,80.254447937,45185,45195,10
13.0824604034,80.2544631958,45195,45205,10
13.0819101334,80.2546920776,45205,45215,10
13.0814199448,80.2548522949,45215,45225,10
13.0809803009,80.2547988892,45225,45235,10
13.0808296204,80.2547836304,45235,45245,10
13.0804004669,80.254699707,45245,45256,11
13.0795602798,80.2545776367,45256,45296,40
13.0795602798,80.2545776367,45296,45306,10
13.0792303085,80.2546920776,45306,45316,10
13.0790996552,80.2550888062,45316,45326,10
13.0790901184,80.255859375,45326,45336,10
13.0791301727,80.256401062,45336,45346,10
13.0790395737,80.256652832,45346,45356,10
13.0785598755,80.2566680908,45356,45367,11
13.0781097412,80.2566833496,45367,45377,10
13.0775995255,80.2567367554,45377,45387,10
13.0770397186,80.2569122314,45387,45397,10
13.0763902664,80.2574234009,45397,45407,10
13.0758199692,80.2579574585,45407,45417,10
13.075510025,80.2585220337,45417,45427,10
13.0757703781,80.2593383789,45427,45437,10
13.0763998032,80.2600021362,45437,45447,10
13.0770301819,80.260597229,45447,45457,10
13.0774297714,80.2612915039,45457,45468,11
13.077630043,80.2619476318,45468,45488,20
13.077630043,80.2619476318,45488,45498,10
13.0776596069,80.2621765137,45498,45538,40
13.0776596069,80.2621765137,45538,45548,10
13.0778503418,80.2625579834,45548,45558,10
13.0779399872,80.2628936768,45558,45567,9
13.0780601501,80.2632293701,45567,45579,12
13.0778799057,80.2635726929,45579,45589,10
13.0774898529,80.2638015747,45589,45599,10
13.077050209,80.2639694214,45599,45609,10
13.0765199661,80.2640686035,45609,45619,10
13.0759801865,80.2641372681,45619,45629,10
13.0757198334,80.2641677856,45629,45639,10
13.0754899979,80.2638626099,45639,45649,10
13.0753097534,80.2635726929,45649,45658,9
13.0750398636,80.2632369995,45658,45669,11
13.0746803284,80.2627487183,45669,45680,11
13.0742101669,80.2622299194,45680,45690,10
13.0738401413,80.261756897,45690,45720,30
13.0738401413,80.261756897,45720,45730,10
13.07351017,80.261390686,45730,45740,10
13.07310009,80.2615585327,45740,45750,10
13.0728702545,80.2620697021,45750,45760,10
13.0726299286,80.2627410889,45760,45770,10
13.072429657,80.2633514404,45770,45779,9
13.0721702576,80.2638168335,45779,45789,10
13.0717601776,80.2643127441,45789,45800,11
13.0714302063,80.2646179199,45800,45810,10
13.0712995529,80.2647476196,45810,45820,10
13.0710802078,80.265007019,45820,45830,10
13.0706996918,80.26537323,45830,45842,12
13.0703496933,80.2658996582,45842,45850,8
13.070309639,80.2659378052,45850,45860,10
13.0700798035,80.2661514282,45860,45871,11
13.0698204041,80.2663192749,45871,45880,9
13.0695495605,80.2665481567,45880,45891,11
13.0691995621,80.266960144,45891,45901,10
13.0689201355,80.267578125,45901,45912,11
13.0686702728,80.2684936523,45912,45921,9
13.0684900284,80.2689208984,45921,45932,11
13.0683202744,80.2695007324,45932,45941,9
13.0682401657,80.2698974609,45941,45953,12
13.0680904388,80.2706832886,45953,45961,8
13.0678501129,80.2709579468,45961,45973,12
13.0673999786,80.2705612183,45973,45982,9
13.0671195984,80.2702865601,45982,45992,10
13.0670499802,80.2702178955,45992,46004,12
13.0666799545,80.2698364258,46004,46014,10
13.0664796829,80.2693710327,46014,46024,10
13.0664596558,80.268951416,46024,46034,10
13.0663003922,80.2683868408,46034,46044,10
13.0659198761,80.267868042,46044,46054,10
13.0656099319,80.2676773071,46054,46064,10
13.0653495789,80.2676315308,46064,46074,10
13.0652999878,80.2676315308,46074,46084,10
13.0651302338,80.2676010132,46084,46094,10
13.0646800995,80.2674865723,46094,46105,11
13.0641002655,80.2674026489,46105,46115,10
13.0635900497,80.2673187256,46115,46125,10
13.0632095337,80.2672271729,46125,46135,10
13.0629997253,80.2672271729,46135,46145,10
13.0626602173,80.2670211792,46145,46155,10
13.0622997284,80.2665863037,46155,46165,10
13.0618400574,80.2660217285,46165,46175,10
13.0614004135,80.2654800415,46175,46185,10
13.0609903336,80.2652206421,46185,46195,10
13.0605201721,80.2654495239,46195,46206,11
13.0603399277,80.2655563354,46206,46216,10
13.0601902008,80.2656021118,46216,46226,10
13.0597200394,80.2656097412,46226,46236,10
13.0593700409,80.2655487061,46236,46246,10
13.0590400696,80.2654571533,46246,46256,10
13.0585203171,80.2653579712,46256,46266,10
13.0581197739,80.2649002075,46266,46276,10
13.0580196381,80.2641525269,46276,46286,10
13.0579204559,80.2632598877,46286,46296,10
13.0578298569,80.2627029419,46296,46306,10
13.0577402115,80.2622833252,46306,46317,11
13.057559967,80.2615203857,46317,46327,10
13.0574302673,80.2607269287,46327,46337,10
13.0571699142,80.2598724365,46337,46347,10
13.0569200516,80.2592697144,46347,46357,10
13.0567703247,80.2586593628,46357,46367,10
13.0566396713,80.2580795288,46367,46377,10
13.0564804077,80.2573776245,46377,46397,20
13.0564804077,80.2573776245,46397,46407,10
13.0564498901,80.257232666,46407,46418,11
13.0562801361,80.2566680908,46418,46428,10
13.0560598373,80.2561569214,46428,46438,10
13.0556001663,80.2555084229,46438,46446,8
13.0552101135,80.2548980713,46446,46458,12
13.0545196533,80.2539825439,46458,46468,10
13.0541400909,80.2535095215,46468,46478,10
13.0541400909,80.2534866333,46478,46488,10
13.0539999008,80.2532577515,46488,46498,10
13.0536403656,80.252746582,46498,46508,10
13.0531702042,80.2520980835,46508,46518,10
13.0527000427,80.2514801025,46518,46529,11
13.0522603989,80.2509078979,46529,46539,10
13.051659584,80.2503509521,46539,46549,10
13.0507001877,80.2500076294,46549,46557,8
13.0497903824,80.2498397827,46557,46569,12
13.0484600067,80.2496185303,46569,46579,10
13.0476398468,80.2490081787,46579,46589,10
13.0469398499,80.2486495972,46589,46599,10
13.0468502045,80.248588562,46599,46609,10
13.0464696884,80.2484893799,46609,46619,10
13.0457801819,80.248336792,46619,46630,11
13.045249939,80.2481613159,46630,46640,10
13.0448102951,80.2480926514,46640,46650,10
13.0444803238,80.2480392456,46650,46660,10
13.0442495346,80.2480010986,46660,46670,10
13.0441102982,80.2479400635,46670,46680,10
13.0437297821,80.2478790283,46680,46690,10
13.0434303284,80.2478103638,46690,46700,10
13.0431203842,80.2477416992,46700,46710,10
13.0429601669,80.2477798462,46710,46720,10
13.0425701141,80.247718811,46720,46730,10
13.0419301987,80.2475814819,46730,46741,11
13.0414896011,80.247428894,46741,46751,10
13.0413398743,80.2473831177,46751,46761,10
13.0408000946,80.2472305298,46761,46771,10
13.0402297974,80.2471466064,46771,46781,10
13.0400896072,80.2471313477,46781,46791,10
13.0396995544,80.2470397949,46791,46801,10
13.039059639,80.2468795776,46801,46812,11
13.0382795334,80.246673584,46812,46822,10
13.0376501083,80.2465896606,46822,46831,9
13.0370502472,80.2465209961,46831,46841,10
13.0364103317,80.2463989258,46841,46851,10
13.0358104706,80.2462081909,46851,46863,12
13.0352697372,80.2460174561,46863,46881,18
13.0352697372,80.2460174561,46881,46891,10
13.0351295471,80.2460021973,46891,46902,11
13.0349903107,80.245880127,46902,46912,10
13.0347204208,80.2455673218,46912,46923,11
13.0343704224,80.2450790405,46923,46933,10
13.0338897705,80.2445068359,46933,46942,9
13.0333404541,80.243812561,46942,46952,10
13.0326004028,80.2428207397,46952,46962,10
13.0319404602,80.2418823242,46962,46972,10
13.0314798355,80.2408981323,46972,46984,12
13.03125,80.2403182983,46984,47065,81
13.03125,80.2403182983,47065,47075,10
13.0312099457,80.2401123047,47075,47085,10
13.0310602188,80.2397689819,47085,47095,10
13.0307302475,80.2391586304,47095,47105,10
13.0302600861,80.2383422852,47105,47115,10
13.0291700363,80.2368011475,47115,47135,20
13.0291700363,80.2368011475,47135,47145,10
13.0289096832,80.2365570068,47145,47155,10
13.0284996033,80.2360992432,47155,47166,11
13.027879715,80.2353515625,47166,47176,10
13.0274200439,80.2345275879,47176,47186,10
13.0269298553,80.2337112427,47186,47196,10
13.0267400742,80.2333831787,47196,47206,10
13.026550293,80.2330932617,47206,47216,10
13.0262804031,80.2325134277,47216,47226,10
13.0261201859,80.2319488525,47226,47236,10
13.02602005,80.2315368652,47236,47246,10
13.0258598328,80.2308807373,47246,47256,10
13.0254096985,80.2300415039,47256,47267,11
13.0246601105,80.2290802002,47267,47277,10
13.0242099762,80.2284622192,47277,47287,10
13.0239095688,80.2281799316,47287,47307,20
13.0239095688,80.2281799316,47307,47317,10
13.0238399506,80.2279891968,47317,47327,10
13.0235595703,80.2276916504,47327,47337,10
13.0230102539,80.2272109985,47337,47347,10
13.0223302841,80.2266387939,47347,47357,10
13.0215597153,80.2260284424,47357,47367,10
13.0206804276,80.2253265381,47367,47378,11
13.019900322,80.2247619629,47378,47388,10
13.0198802948,80.2247467041,47388,47398,10
13.0195999146,80.2246398926,47398,47408,10
13.0188999176,80.2245101929,47408,47418,10
13.0179796219,80.2248382568,47418,47428,10
13.0168895721,80.2252807617,47428,47438,10
13.015999794,80.2256011963,47438,47448,10
13.0152301788,80.2259368896,47448,47457,9
13.0148601532,80.2260665894,47457,47468,11
13.0144796371,80.2261810303,47468,47479,11
13.01445961,80.2261886597,47479,47489,10
13.0142498016,80.2262496948,47489,47499,10
13.0136899948,80.2264862061,47499,47509,10
13.0128898621,80.2267837524,47509,47519,10
13.0119495392,80.227142334,47519,47529,10
13.0109395981,80.2275390625,47529,47539,10
13.0100002289,80.2279434204,47539,47549,10
13.0092000961,80.2284011841,47549,47559,10
13.0089797974,80.2292098999,47559,47569,10
13.0088701248,80.2300491333,47569,47579,10
13.0086202621,80.2309417725,47579,47590,11
13.0084295273,80.2319564819,47590,47600,10
13.0082998276,80.2329788208,47600,47607,7
13.0082397461,80.2335205078,47607,47620,13
13.0081996918,80.2337036133,47620,47630,10
13.0081396103,80.2338790894,47630,47640,10
13.0080299377,80.2343597412,47640,47650,10
13.0078601837,80.2350921631,47650,47660,10
13.0077199936,80.2359771729,47660,47670,10
13.0075798035,80.2368392944,47670,47680,10
13.0074195862,80.237701416,47680,47691,11
13.0071697235,80.2387237549,47691,47701,10
13.0070199966,80.2394104004,47701,47711,10
13.0069198608,80.239906311,47711,47721,10
13.0069103241,80.2399902344,47721,47731,10
13.0068101883,80.2405166626,47731,47741,10
13.0067796707,80.240737915,47741,47751,10
13.0067901611,80.2409133911,47751,47761,10
13.0067396164,80.2413406372,47761,47771,10
13.006770134,80.2422103882,47771,47781,10
13.0067396164,80.2431488037,47781,47791,10
13.0066699982,80.2442932129,47791,47812,21
13.0066699982,80.2442932129,47812,47822,10
13.0066299438,80.2445220947,47822,47863,41
13.0066299438,80.2445220947,47863,47871,8
13.0065603256,80.2446594238,47871,47882,11
13.0065698624,80.2450790405,47882,47893,11
13.0066299438,80.2457275391,47893,47902,9
13.0066995621,80.2463607788,47902,47912,10
13.0067195892,80.2470703125,47912,47922,10
13.0066900253,80.2477493286,47922,47933,11
13.0067100525,80.2487716675,47933,47942,9
13.0067396164,80.2497024536,47942,47953,11
13.006770134,80.2508621216,47953,47983,30
13.006770134,80.2508621216,47983,47994,11
13.006770134,80.2513580322,47994,48003,9
13.0066900253,80.2517623901,48003,48015,12
13.0065202713,80.2526779175,48015,48023,8
13.0065202713,80.2535018921,48023,48035,12
13.0065803528,80.2548904419,48035,48055,20
13.0065803528,80.2548904419,48055,48065,10
13.0065402985,80.2550735474,48065,48073,8
13.006529808,80.2555084229,48073,48083,10
13.0065402985,80.2562484741,48083,48093,10
13.0066299438,80.257019043,48093,48116,23
13.0066299438,80.257019043,48116,48126,10
13.0066099167,80.2571411133,48126,48136,10
13.0065498352,80.2574615479,48136,48146,10
13.0061798096,80.2575302124,48146,48156,10
13.0057401657,80.2573928833,48156,48166,10
13.0052404404,80.2572937012,48166,48176,10
13.0045900345,80.2571487427,48176,48186,10
13.003950119,80.2569885254,48186,48196,10
13.0034198761,80.2568969727,48196,48206,10
13.0033197403,80.2568893433,48206,48213,7
13.0031995773,80.2568817139,48213,48227,14
13.0026798248,80.2567596436,48227,48237,10
13.0023202896,80.2566986084,48237,48247,10
13.0016098022,80.2565994263,48247,48317,70
13.0016098022,80.2565994263,48317,48328,11
13.0012302399,80.2565307617,48328,48338,10
13.0006399155,80.2564315796,48338,48348,10
12.9999799728,80.2563171387,48348,48358,10
12.9997301102,80.2562637329,48358,48368,10
12.9994401932,80.256187439,48368,48378,10
12.9990301132,80.256111145,48378,48388,10
12.9986400604,80.2560577393,48388,48398,10
12.99862957,80.2560501099,48398,48408,10
12.9984798431,80.2559661865,48408,48418,10
12.9980401993,80.2559204102,48418,48428,10
12.9976797104,80.255897522,48428,48439,11
12.9975595474,80.2559280396,48439,48449,10
12.9972801208,80.2559204102,48449,48469,20
12.9972801208,80.2559204102,48469,48479,10
12.9968099594,80.2558898926,48479,48489,10
12.9963102341,80.255859375,48489,48499,10
12.9956998825,80.255859375,48499,48509,10
12.9949703217,80.2558898926,48509,48519,10
12.99421978,80.2559585571,48519,48529,10
12.9933204651,80.2560272217,48529,48540,11
12.9922704697,80.2561798096,48540,48550,10
12.9912996292,80.2562408447,48550,48561,11
12.9902200699,80.2561035156,48561,48571,10
12.9893598557,80.2560424805,48571,48581,10
12.988699913,80.2559585571,48581,48591,10
12.9886302948,80.2559432983,48591,48601,10
12.9883699417,80.2558898926,48601,48641,40
12.9883699417,80.2558898926,48641,48652,11
12.9881601334,80.255821228,48652,48662,10
12.987739563,80.2557678223,48662,48672,10
12.9875602722,80.2562789917,48672,48682,10
12.9875097275,80.2568206787,48682,48692,10
12.9874401093,80.257270813,48692,48702,10
12.9873895645,80.2579803467,48702,48712,10
12.9873600006,80.2585220337,48712,48722,10
12.9872198105,80.2593994141,48722,48772,50
12.9871797562,80.2596130371,48772,48843,71
12.9867200851,80.2596130371,48843,49389,546
12.9867200851,80.2596130371,49389,49400,11
12.9864997864,80.259437561,49400,49410,10
12.9866695404,80.2591018677,49410,49511,101
12.986989975,80.2591629028,49511,49571,60
12.986989975,80.2591629028,49571,49581,10
12.9873199463,80.2588882446,49581,49591,10
12.9873304367,80.2586669922,49591,49601,10
12.9873504639,80.2584609985,49601,49610,9
12.9873600006,80.2582702637,49610,49622,12
12.9873800278,80.2578277588,49622,49632,10
12.9874200821,80.2573623657,49632,49642,10
12.9874801636,80.2567825317,49642,49652,10
12.9875802994,80.255859375,49652,49833,181
12.9875802994,80.255859375,49833,49845,12
12.9878902435,80.2557830811,49845,49853,8
12.9883098602,80.2558288574,49853,49863,10
12.9887599945,80.2558898926,49863,49875,12
12.9889001846,80.2559204102,49875,49883,8
12.9892702103,80.2559432983,49883,49893,10
12.9898996353,80.2560806274,49893,49904,11
12.9905004501,80.2560501099,49904,49914,10
12.9905996323,80.2560272217,49914,49924,10
12.9909601212,80.2560272217,49924,49934,10
12.991519928,80.256072998,49934,49944,10
12.9923000336,80.2560272217,49944,49956,12
12.9933595657,80.2560424805,49956,49964,8
12.9940900803,80.2560119629,49964,49976,12
12.9947595596,80.2558898926,49976,49984,8
12.9950704575,80.2559204102,49984,49994,10
12.9956102371,80.2559585571,49994,50004,10
12.996339798,80.2558822632,50004,50014,10
12.9964399338,80.2558822632,50014,50024,10
12.9966897964,80.255859375,50024,50034,10
12.9969797134,80.2558822632,50034,50047,13
12.997710228,80.2558364868,50047,50057,10
12.998339653,80.2559204102,50057,50067,10
12.9988203049,80.2560195923,50067,50077,10
12.9988298416,80.2560195923,50077,50087,10
12.9989404678,80.2560424805,50087,50097,10
12.9992599487,80.2561035156,50097,50107,10
12.9997701645,80.2562103271,50107,50117,10
13.000120163,80.2562866211,50117,50127,10
13.0004396439,80.256362915,50127,50137,10
13.0008001328,80.2564315796,50137,50148,11
13.0012798309,80.2565078735,50148,50158,10
13.001709938,80.2565612793,50158,50168,10
13.0023002625,80.2566375732,50168,50178,10
13.0027704239,80.256729126,50178,50188,10
13.0031995773,80.2567977905,50188,50198,10
13.0036802292,80.2569503784,50198,50208,10
13.0042800903,80.2570724487,50208,50218,10
13.0047397614,80.2571334839,50218,50228,10
13.0049495697,80.2571716309,50228,50238,10
13.0053100586,80.2572174072,50238,50248,10
13.0057601929,80.2573013306,50248,50259,11
13.0062999725,80.2574615479,50259,50299,40
13.0062999725,80.2574615479,50299,50309,10
13.0065803528,80.2573318481,50309,50316,7
13.0065498352,80.2569198608,50316,50329,13
13.006480217,80.2558135986,50329,50339,10
13.0065097809,80.2554168701,50339,50349,10
13.0065402985,80.2549819946,50349,50360,11
13.0065202713,80.2545394897,50360,50370,10
13.0065097809,80.2543106079,50370,50380,10
13.0065097809,80.2539596558,50380,50390,10
13.0065202713,80.2537765503,50390,50400,10
13.0065202713,80.2536773682,50400,50410,10
13.0065603256,80.2535095215,50410,50450,40
13.0065603256,80.2535095215,50450,50460,10
13.0065402985,80.2533416748,50460,50471,11
13.0065202713,80.2531204224,50471,50481,10
13.0065202713,80.2530136108,50481,50491,10
13.0065402985,80.2523727417,50491,50571,80
13.0065402985,80.2523727417,50571,50582,11
13.0066204071,80.2521591187,50582,50592,10
13.0066795349,80.2518386841,50592,50602,10
13.0067501068,80.2512207031,50602,50612,10
13.0067596436,80.2503204346,50612,50622,10
13.0067596436,80.2493972778,50622,50632,10
13.0066699982,80.2485122681,50632,50662,30
13.0066699982,80.2485122681,50662,50672,10
13.0066604614,80.2483520508,50672,50683,11
13.0066404343,80.2481231689,50683,50693,10
13.0066204071,80.247718811,50693,50703,10
13.0066299438,80.2471008301,50703,50713,10
13.0065803528,80.2465362549,50713,50723,10
13.0066299438,80.2464599609,50723,50733,10
13.0066404343,80.2460479736,50733,50743,10
13.0066299438,80.2453765869,50743,50753,10
13.0066299438,80.2449035645,50753,50763,10
13.0066404343,80.2445831299,50763,50773,10
13.0066204071,80.2440719604,50773,50783,10
13.0065898895,80.2434768677,50783,50794,11
13.0065698624,80.2426681519,50794,50804,10
13.0065698624,80.2417068481,50804,50814,10
13.0066003799,80.2409820557,50814,50824,10
13.0066003799,80.2408370972,50824,50834,10
13.006649971,80.240562439,50834,50843,9
13.0066995621,80.240196228,50843,50854,11
13.0068798065,80.2396011353,50854,50864,10
13.0070295334,80.2387237549,50864,50874,10
13.0071897507,80.2381210327,50874,50884,10
13.0073003769,80.2377166748,50884,50894,10
13.0074195862,80.2368087769,50894,50914,20
13.0074195862,80.2368087769,50914,50924,10
13.0074396133,80.2367477417,50924,50935,11
13.0075798035,80.2362976074,50935,50944,9
13.0076999664,80.2357177734,50944,50955,11
13.0078802109,80.2348327637,50955,50965,10
13.0080795288,80.2338867188,50965,50975,10
13.008310318,80.2327194214,50975,50985,10
13.0085296631,80.2314300537,50985,50995,10
13.008769989,80.230140686,50995,51005,10
13.0090103149,80.2288513184,51005,51015,10
13.0094299316,80.2276382446,51015,51025,10
13.0099401474,80.2265396118,51025,51035,10
13.0103797913,80.2255630493,51035,51045,10
13.0104799271,80.2253036499,51045,51055,10
13.0106601715,80.224937439,51055,51065,10
13.0108299255,80.2244873047,51065,51075,10
13.0111703873,80.2238006592,51075,51085,10
13.0114803314,80.2230606079,51085,51095,10
13.0116901398,80.2223129272,51095,51108,13
13.0122804642,80.2214202881,51108,51118,10
13.0124998093,80.2216796875,51118,51128,10
13.0129404068,80.2222595215,51128,51138,10
13.0135002136,80.2229003906,51138,51148,10
13.0140104294,80.223449707,51148,51158,10
13.0144901276,80.2238922119,51158,51168,10
13.0149803162,80.2244491577,51168,51178,10
13.0155096054,80.224937439,51178,51198,20
13.0155096054,80.224937439,51198,51205,7
13.0156402588,80.225227356,51205,51219,14
13.0162601471,80.2253799438,51219,51229,10
13.0169897079,80.225151062,51229,51239,10
13.0178203583,80.2248077393,51239,51249,10
13.0187301636,80.2244186401,51249,51259,10
13.0192804337,80.224281311,51259,51271,12
13.0193004608,80.224281311,51271,51281,10
13.0194797516,80.2243728638,51281,51291,10
13.0196695328,80.2244796753,51291,51301,10
13.0200004578,80.2247009277,51301,51311,10
13.0205097198,80.2250900269,51311,51322,11
13.0211296082,80.2255783081,51322,51332,10
13.021780014,80.2260818481,51332,51342,10
13.0225200653,80.2266464233,51342,51352,10
13.0232696533,80.2273025513,51352,51362,10
13.0239095688,80.2279281616,51362,51372,10
13.0243701935,80.2284927368,51372,51392,20
13.0243701935,80.2284927368,51392,51402,10
13.0244703293,80.2286834717,51402,51412,10
13.0248203278,80.2291488647,51412,51421,9
13.0252103806,80.229637146,51421,51433,12
13.0257701874,80.2305526733,51433,51443,10
13.0260095596,80.2312316895,51443,51453,10
13.0261802673,80.2319107056,51453,51463,10
13.0264501572,80.232749939,51463,51473,10
13.0269203186,80.2335586548,51473,51483,10
13.0274295807,80.2344436646,51483,51493,10
13.0278100967,80.2351608276,51493,51503,10
13.0284099579,80.2359313965,51503,51513,10
13.0290603638,80.2366104126,51513,51523,10
13.0295095444,80.2370529175,51523,51534,11
13.0295801163,80.2371673584,51534,51544,10
13.0295696259,80.2373504639,51544,51554,10
13.0298500061,80.2377166748,51554,51564,10
13.0302095413,80.2383270264,51564,51574,10
13.0306301117,80.2388000488,51574,51614,40
13.0306301117,80.2388000488,51614,51625,11
13.0307998657,80.2392883301,51625,51634,9
13.0309696198,80.2395629883,51634,51645,11
13.0311203003,80.2398071289,51645,51655,10
13.0312299728,80.2399978638,51655,51666,11
13.0313997269,80.2403411865,51666,51675,9
13.0314502716,80.2407913208,51675,51686,11
13.03166008,80.2412109375,51686,51695,9
13.031829834,80.2415390015,51695,51706,11
13.032119751,80.2421417236,51706,51716,10
13.0326404572,80.242729187,51716,51726,10
13.0331897736,80.2434768677,51726,51736,10
13.0337200165,80.2442703247,51736,51748,12
13.0343599319,80.2450180054,51748,51758,10
13.034910202,80.2456588745,51758,51768,10
13.0354604721,80.2460479736,51768,51788,20
13.0354604721,80.2460479736,51788,51798,10
13.0357704163,80.2461929321,51798,51818,20
13.0357704163,80.2461929321,51818,51828,10
13.0357904434,80.2462692261,51828,51838,10
13.0361204147,80.246421814,51838,51848,10
13.0367298126,80.2465286255,51848,51859,11
13.0374298096,80.2464599609,51859,51869,10
13.0380601883,80.2465286255,51869,51879,10
13.0383300781,80.2466888428,51879,51889,10
13.0386800766,80.2468338013,51889,51899,10
13.0391702652,80.2469482422,51899,51909,10
13.0395698547,80.2469787598,51909,51919,10
13.0400600433,80.2470779419,51919,51929,10
13.0406599045,80.2471618652,51929,51939,10
13.0408096313,80.2471923828,51939,51949,10
13.0411500931,80.247253418,51949,51960,11
13.0417299271,80.2473602295,51960,51970,10
13.042140007,80.247428894,51970,51980,10
13.0426502228,80.2476119995,51980,51990,10
13.0429296494,80.247833252,51990,52000,10
13.0434103012,80.2479476929,52000,52010,10
13.0439395905,80.2478485107,52010,52020,10
13.0444602966,80.2478866577,52020,52030,10
13.0449399948,80.2480010986,52030,52040,10
13.0454797745,80.2481765747,52040,52050,10
13.0461502075,80.2484207153,52050,52060,10
13.046790123,80.2483596802,52060,52071,11
13.0469703674,80.2483825684,52071,52081,10
13.0472097397,80.2485198975,52081,52091,10
13.0476303101,80.2488327026,52091,52101,10
13.0479202271,80.2491378784,52101,52111,10
13.0481004715,80.2493591309,52111,52121,10
13.0485296249,80.2496795654,52121,52131,10
13.0491199493,80.2497711182,52131,52141,10
13.0491600037,80.2497711182,52141,52151,10
13.0495100021,80.2498397827,52151,52161,10
13.0500898361,80.2499389648,52161,52172,11
13.0509500504,80.2500991821,52172,52182,10
13.051659584,80.2503814697,52182,52192,10
13.0523195267,80.2510223389,52192,52202,10
13.0530004501,80.2518997192,52202,52212,10
13.0536603928,80.252822876,52212,52222,10
13.054189682,80.2535171509,52222,52232,10
13.0546598434,80.2541503906,52232,52242,10
13.0550203323,80.2545700073,52242,52252,10
13.0553798676,80.2550735474,52252,52262,10
13.0557403564,80.255607605,52262,52272,10
13.0559997559,80.2559509277,52272,52283,11
13.056189537,80.2562026978,52283,52293,10
13.056429863,80.2564697266,52293,52303,10
13.0567903519,80.2567977905,52303,52313,10
13.056810379,80.2568130493,52313,52323,10
13.0571203232,80.256980896,52323,52333,10
13.0575304031,80.2573394775,52333,52343,10
13.0578603745,80.2576599121,52343,52353,10
13.0582304001,80.2582015991,52353,52363,10
13.0587501526,80.2588424683,52363,52373,10
13.0591802597,80.2595901489,52373,52383,10
13.059630394,80.2600631714,52383,52394,11
13.0602197647,80.2606124878,52394,52404,10
13.0607004166,80.2612762451,52404,52424,20
13.0607004166,80.2612762451,52424,52434,10
13.0607099533,80.2615127563,52434,52444,10
13.0609903336,80.2617797852,52444,52454,10
13.0613098145,80.262008667,52454,52464,10
13.0617303848,80.2624511719,52464,52474,10
13.0622797012,80.2631835938,52474,52484,10
13.0628900528,80.2639007568,52484,52495,11
13.0634002686,80.2646331787,52495,52505,10
13.0636301041,80.2649993896,52505,52515,10
13.0637702942,80.2650985718,52515,52545,30
13.0637702942,80.2650985718,52545,52555,10
13.0639801025,80.2653198242,52555,52566,11
13.0641698837,80.2656173706,52566,52575,9
13.0642995834,80.2658233643,52575,52585,10
13.0644598007,80.2659606934,52585,52597,12
13.0645503998,80.2661895752,52597,52605,8
13.0646295547,80.2663421631,52605,52615,10
13.0647201538,80.2664718628,52615,52625,10
13.0648202896,80.2666091919,52625,52637,12
13.0651597977,80.2669296265,52637,52647,10
13.0655097961,80.2671890259,52647,52655,8
13.0656299591,80.2673568726,52655,52667,12
13.0658502579,80.267616272,52667,52676,9
13.0661401749,80.2679901123,52676,52716,40
13.0661401749,80.2679901123,52716,52728,12
13.0663604736,80.2682495117,52728,52736,8
13.0665502548,80.2683410645,52736,52746,10
13.0668697357,80.2684783936,52746,52778,32
13.0668697357,80.2684783936,52778,52786,8
13.0670700073,80.2686004639,52786,52798,12
13.0673503876,80.2688064575,52798,52809,11
13.0677404404,80.2691421509,52809,52819,10
13.0682201385,80.2693023682,52819,52829,10
13.0683898926,80.2687911987,52829,52839,10
13.0685796738,80.2682037354,52839,52848,9
13.0687599182,80.2676925659,52848,52859,11
13.0690202713,80.2671203613,52859,52869,10
13.069439888,80.2667007446,52869,52879,10
13.0697603226,80.2663116455,52879,52889,10
13.0700998306,80.2659225464,52889,52899,10
13.0701704025,80.2658691406,52899,52909,10
13.0705404282,80.2655410767,52909,52920,11
13.0709104538,80.2651290894,52920,52930,10
13.0713996887,80.2647476196,52930,52940,10
13.0719299316,80.2641525269,52940,52950,10
13.0723199844,80.2634811401,52950,52960,10
13.0725498199,80.2628479004,52960,52970,10
13.0727596283,80.262298584,52970,52980,10
13.0729103088,80.2619171143,52980,52990,10
13.0729398727,80.2618179321,52990,53000,10
13.0730400085,80.2613830566,53000,53009,9
13.0730895996,80.2612609863,53009,53020,11
13.0733299255,80.261177063,53020,53031,11
13.0737495422,80.2616195679,53031,53041,10
13.0742397308,80.2621994019,53041,53051,10
13.0746202469,80.2627182007,53051,53061,10
13.0749702454,80.2631835938,53061,53071,10
13.0752296448,80.2635726929,53071,53081,10
13.0756597519,80.2640762329,53081,53091,10
13.0763597488,80.2641525269,53091,53101,10
13.0770597458,80.2640762329,53101,53111,10
13.0774803162,80.2636032104,53111,53121,10
13.0779695511,80.263130188,53121,53132,11
13.0777301788,80.2622299194,53132,53142,10
13.0774297714,80.2613830566,53142,53152,10
13.0772600174,80.260887146,53152,53172,20
13.0772600174,80.260887146,53172,53182,10
13.0772399902,80.2607498169,53182,53192,10
13.0769901276,80.2603988647,53192,53202,10
13.0764703751,80.2599563599,53202,53212,10
13.0758199692,80.2593994141,53212,53222,10
13.0755395889,80.2587203979,53222,53233,11
13.075510025,80.2586288452,53233,53243,10
13.0754899979,80.2585601807,53243,53253,10
13.0754203796,80.2581863403,53253,53263,10
13.0757799149,80.2579269409,53263,53273,10
13.0762395859,80.2575683594,53273,53283,10
13.0768299103,80.2570495605,53283,53293,10
13.0775003433,80.2567596436,53293,53303,10
13.0781803131,80.2566604614,53303,53313,10
13.0788202286,80.2566223145,53313,53323,10
13.0790100098,80.2563934326,53323,53333,10
13.079000473,80.255821228,53333,53344,11
13.0789499283,80.2551422119,53344,53354,10
13.0789604187,80.2550582886,53354,53364,10
13.0789604187,80.2549514771,53364,53374,10
13.0789804459,80.2546615601,53374,53384,10
13.0793199539,80.2545471191,53384,53394,10
13.0795898438,80.2546005249,53394,53404,10
13.0797796249,80.2546234131,53404,53414,10
13.0799798965,80.2546691895,53414,53424,10
13.0804195404,80.2547836304,53424,53434,10
13.0810499191,80.2548370361,53434,53444,10
13.0815000534,80.2547912598,53444,53455,11
13.0817804337,80.2543182373,53455,53465,10
13.0818796158,80.2537612915,53465,53475,10
13.0819196701,80.2532806396,53475,53485,10
13.0817403793,80.2527694702,53485,53495,10
13.0814800262,80.2522506714,53495,53505,10
13.081410408,80.2515487671,53505,53515,10
13.0813903809,80.2509994507,53515,53525,10
13.0813503265,80.2504577637,53525,53535,10
13.0813398361,80.2498321533,53535,53545,10
13.0817403793,80.2496566772,53545,53556,11
13.0827798843,80.2498397827,53556,53576,20
13.0827798843,80.2498397827,53576,53586,10
13.0835103989,80.2499771118,53586,53596,10
13.0840797424,80.2500991821,53596,53606,10
13.0844898224,80.2501678467,53606,53616,10
13.0846500397,80.2501907349,53616,53627,11
13.0847501755,80.250213623,53627,53637,10
13.0851697922,80.2502975464,53637,53647,10
13.0855503082,80.2503204346,53647,53656,9
13.0856304169,80.250328064,53656,53668,12
13.085849762,80.2499923706,53668,53678,10
13.0858402252,80.2494735718,53678,53688,10
13.0858602524,80.2488479614,53688,53698,10
13.0858201981,80.248046875,53698,53707,9
13.0858297348,80.247177124,53707,53718,11
13.0857601166,80.2463531494,53718,53727,9
13.0856895447,80.245552063,53727,53779,52
13.0856895447,80.245552063,53779,53787,8
13.0856800079,80.2451629639,53787,53799,12
13.0859298706,80.2448577881,53799,53809,10
13.0864200592,80.2444992065,53809,53817,8
13.0870103836,80.2440414429,53817,53829,12
13.0876903534,80.2433776855,53829,53837,8
13.0878000259,80.2430725098,53837,53847,10
13.0879201889,80.2424163818,53847,53857,10
13.0883598328,80.2418823242,53857,53870,13
13.0893001556,80.2411804199,53870,53880,10
13.0903396606,80.2408218384,53880,53890,10
13.0913496017,80.240852356,53890,53900,10
13.0921096802,80.2408828735,53900,53910,10
13.092590332,80.2409210205,53910,53920,10
13.0930900574,80.2409820557,53920,53930,10
13.0938596725,80.2411193848,53930,53940,10
13.0940904617,80.2411575317,53940,53950,10
13.0943403244,80.2412109375,53950,53960,10
13.0947704315,80.2412872314,53960,53970,10
13.0952396393,80.2414093018,53970,53981,11
13.0960102081,80.2416915894,53981,53991,10
13.0969295502,80.2420120239,53991,54011,20
13.0969295502,80.2420120239,54011,54021,10
13.0971498489,80.2420120239,54021,54031,10
13.0973701477,80.2420806885,54031,54041,10
13.0978803635,80.2422332764,54041,54051,10
13.0985097885,80.2423095703,54051,54071,20
13.0985097885,80.2423095703,54071,54082,11
13.098690033,80.2421875,54082,54092,10
13.0987901688,80.2419204712,54092,54102,10
13.0987997055,80.2415466309,54102,54112,10
13.0987901688,80.2410736084,54112,54122,10
13.0987195969,80.2406387329,54122,54132,10
13.0984201431,80.2404327393,54132,54485,353
13.0984201431,80.2404327393,54485,54494,9
13.0983896255,80.2405014038,54494,54505,11
13.0985097885,80.2408676147,54505,54516,11
13.0987100601,80.241317749,54516,54526,10
13.098739624,80.2416381836,54526,54546,20
13.098739624,80.2416381836,54546,54556,10
13.0985002518,80.2419586182,54556,54647,91
13.0985002518,80.2422637939,54647,55962,1315
13.0985002518,80.2422637939,55962,55972,10
13.0984201431,80.2424316406,55972,55982,10
13.0980796814,80.2423706055,55982,55992,10
13.097530365,80.2422103882,55992,56073,81
13.097530365,80.2422103882,56073,56083,10
13.0971403122,80.2420120239,56083,56093,10
13.0967798233,80.2419128418,56093,56104,11
13.0962896347,80.2417373657,56104,56114,10
13.0959100723,80.2416000366,56114,56124,10
13.0953702927,80.2414398193,56124,56134,10
13.0950899124,80.241317749,56134,56144,10
13.0947303772,80.2412567139,56144,56154,10
13.0943498611,80.2411880493,56154,56164,10
13.0937404633,80.2410888672,56164,56174,10
13.0936002731,80.2410736084,56174,56184,10
13.09333992,80.2410202026,56184,56194,10
13.0927600861,80.2409362793,56194,56204,10
13.0920600891,80.2408828735,56204,56215,11
13.0911397934,80.2408676147,56215,56225,10
13.0901298523,80.2408905029,56225,56235,10
13.089099884,80.2414169312,56235,56245,10
13.0881700516,80.2421112061,56245,56255,10
13.0878601074,80.2430267334,56255,56265,10
13.0878200531,80.2432937622,56265,56275,10
13.0875196457,80.2437362671,56275,56285,10
13.0868997574,80.2442703247,56285,56295,10
13.0863199234,80.2447433472,56295,56305,10
13.0859804153,80.245010376,56305,56316,11
13.0857400894,80.2452316284,56316,56326,10
13.0856399536,80.2457427979,56326,56336,10
13.085729599,80.2464523315,56336,56346,10
13.0856704712,80.2467422485,56346,56356,10
13.0856599808,80.2469177246,56356,56364,8
13.0857601166,80.2473297119,56364,56376,12
13.0858097076,80.2483596802,56376,56386,10
13.0858602524,80.2494125366,56386,56396,10
13.0859003067,80.2501220703,56396,56406,10
13.0858697891,80.250289917,56406,56416,10
13.0858097076,80.250793457,56416,56427,11
13.0857200623,80.2515716553,56427,56437,10
13.0856599808,80.2521591187,56437,56446,9
13.0856103897,80.2527389526,56446,56457,11
13.0855703354,80.2533569336,56457,56467,10
13.0855503082,80.2538833618,56467,56477,10
13.0856304169,80.2544708252,56477,56487,10
13.0855197906,80.2547073364,56487,56497,10
13.085100174,80.2547073364,56497,56507,10
13.0844202042,80.2546615601,56507,56517,10
13.0839195251,80.2545928955,56517,56528,11
13.0839004517,80.2545776367,56528,56538,10
13.0835103989,80.2545776367,56538,56548,10
13.0830001831,80.2545394897,56548,56558,10
13.082570076,80.2545089722,56558,56568,10
13.082159996,80.2545089722,56568,56578,10
13.0816602707,80.2547683716,56578,56588,10
13.0812597275,80.2548370361,56588,56599,11
13.0808296204,80.2548294067,56599,56609,10
13.0803604126,80.254737854,56609,56618,9
13.079750061,80.2546386719,56618,56628,10
13.0793304443,80.2546310425,56628,56638,10
13.0789699554,80.2548522949,56638,56648,10
13.0790395737,80.2555007935,56648,56658,10
13.0790901184,80.2564697266,56658,56689,31
13.0790901184,80.2564697266,56689,56699,10
13.0789699554,80.2566299438,56699,56709,10
13.0784502029,80.2566375732,56709,56719,10
13.0778903961,80.2566833496,56719,56729,10
13.0773096085,80.2567901611,56729,56739,10
13.0767402649,80.2570571899,56739,56749,10
13.0760498047,80.2576980591,56749,56761,12
13.0754699707,80.2583084106,56761,56769,8
13.0755300522,80.2586669922,56769,56779,10
13.0758399963,80.2594223022,56779,56789,10
13.076499939,80.2599563599,56789,56801,12
13.0770797729,80.2606430054,56801,56809,8
13.0774002075,80.2612304688,56809,56821,12
13.0777902603,80.2621536255,56821,56839,18
13.0777902603,80.2621536255,56839,56852,13
13.077870369,80.2623977661,56852,56862,10
13.0779800415,80.2629165649,56862,56872,10
13.078209877,80.2634124756,56872,56882,10
13.0777397156,80.2637405396,56882,56892,10
13.0770702362,80.2641296387,56892,56902,10
13.0762996674,80.2642364502,56902,56912,10
13.0758104324,80.264289856,56912,56922,10
13.0755395889,80.2640304565,56922,56932,10
13.0751800537,80.2635116577,56932,56942,10
13.0748195648,80.2630004883,56942,56953,11
13.074379921,80.2624282837,56953,56963,10
13.0739202499,80.2618789673,56963,56973,10
13.0736703873,80.2615966797,56973,56983,10
13.0736598969,80.2615814209,56983,56993,10
13.0734395981,80.2613983154,56993,57003,10
13.0730304718,80.2615966797,57003,57013,10
13.0728397369,80.2621383667,57013,57023,10
13.0726299286,80.2627716064,57023,57033,10
13.0724496841,80.2633285522,57033,57043,10
13.0721197128,80.2639770508,57043,57054,11
13.071680069,80.2645111084,57054,57064,10
13.0714797974,80.2647094727,57064,57074,10
13.0714197159,80.2647399902,57074,57084,10
13.071149826,80.2650527954,57084,57094,10
13.0708198547,80.2654190063,57094,57104,10
13.0703496933,80.2658615112,57104,57114,10
13.0699396133,80.2662963867,57114,57124,10
13.0696001053,80.2666397095,57124,57134,10
13.0693902969,80.2668609619,57134,57144,10
13.0689496994,80.2673034668,57144,57154,10
13.0687398911,80.2679290771,57154,57165,11
13.0684995651,80.2686386108,57165,57175,10
13.0683403015,80.2691879272,57175,57185,10
13.0683002472,80.2695770264,57185,57195,10
13.0682096481,80.2699890137,57195,57205,10
13.0681800842,80.2703781128,57205,57215,10
13.068189621,80.2705917358,57215,57225,10
13.0681695938,80.2708511353,57225,57235,10
13.0678501129,80.2709884644,57235,57245,10
13.0674200058,80.2705688477,57245,57255,10
13.0671796799,80.2703094482,57255,57266,11
13.0670499802,80.2701721191,57266,57276,10
13.0666599274,80.2697219849,57276,57286,10
13.066450119,80.2693481445,57286,57296,10
13.0663995743,80.2687911987,57296,57306,10
13.0662097931,80.2683029175,57306,57316,10
13.0657997131,80.2678222656,57316,57326,10
13.0652999878,80.2676773071,57326,57346,20
13.0652999878,80.2676773071,57346,57356,10
13.0650396347,80.2675933838,57356,57365,9
13.0645399094,80.2675170898,57365,57377,12
13.0638103485,80.2673568726,57377,57387,10
13.0632095337,80.2672576904,57387,57397,10
13.0628900528,80.2672119141,57397,57407,10
13.0625200272,80.2669677734,57407,57417,10
13.0621900558,80.2665328979,57417,57427,10
13.0618095398,80.2660369873,57427,57437,10
13.0613698959,80.2654876709,57437,57447,10
13.0605096817,80.2653884888,57447,57467,20
13.0605096817,80.2653884888,57467,57478,11
13.0602798462,80.2654266357,57478,57488,10
13.0597496033,80.2655487061,57488,57498,10
13.0593795776,80.2655105591,57498,57508,10
13.0590600967,80.2654571533,57508,57518,10
13.0587301254,80.2654190063,57518,57528,10
13.0583000183,80.2652816772,57528,57538,10
13.0580797195,80.2647323608,57538,57548,10
13.0579996109,80.2641830444,57548,57558,10
13.0579395294,80.2635879517,57558,57568,10
13.0578603745,80.2629776001,57568,57578,10
13.0577802658,80.2624969482,57578,57589,11
13.0577001572,80.262008667,57589,57599,10
13.0575704575,80.261390686,57599,57609,10
13.0574102402,80.2606201172,57609,57620,11
13.0572395325,80.2600021362,57620,57629,9
13.057100296,80.2594909668,57629,57640,11
13.0569400787,80.2590789795,57640,57650,10
13.056810379,80.2586975098,57650,57660,10
13.0567798615,80.2586212158,57660,57670,10
13.0566797256,80.2583236694,57670,57680,10
13.0566196442,80.2580337524,57680,57689,9
13.056599617,80.2577972412,57689,57700,11
13.0565004349,80.2573471069,57700,57709,9
13.0564899445,80.2573165894,57709,57720,11
13.0564603806,80.2571487427,57720,57731,11
13.0563802719,80.256729126,57731,57741,10
13.0562095642,80.2563400269,57741,57751,10
13.0558700562,80.2558517456,57751,57760,9
13.0554199219,80.2552185059,57760,57770,10
13.0549201965,80.2545318604,57770,57780,10
13.0544900894,80.2540206909,57780,57790,10
13.0541496277,80.253616333,57790,57802,12
13.0541200638,80.2535629272,57802,57812,10
13.0539197922,80.2532424927,57812,57820,8
13.0536403656,80.252822876,57820,57832,12
13.0530195236,80.2519607544,57832,57842,10
13.0525197983,80.2512817383,57842,57852,10
13.0520000458,80.2506332397,57852,57862,10
13.0512304306,80.2501373291,57862,57872,10
13.0501699448,80.2499084473,57872,57882,10
13.0491304398,80.2497634888,57882,57892,10
13.0483198166,80.2495727539,57892,57903,11
13.0475702286,80.2489395142,57903,57913,10
13.047129631,80.2486572266,57913,57923,10
13.0471096039,80.2486572266,57923,57933,10
13.0467796326,80.2486419678,57933,57943,10
13.0461597443,80.2485275269,57943,57953,10
13.0455703735,80.2483520508,57953,57963,10
13.0449399948,80.2481307983,57963,57973,10
13.0442304611,80.2480163574,57973,57983,10
13.0438299179,80.2479629517,57983,57993,10
13.0434598923,80.2479019165,57993,58003,10
13.043009758,80.247756958,58003,58014,11
13.0424203873,80.2476425171,58014,58024,10
13.0416603088,80.2475128174,58024,58044,20
13.0416603088,80.2475128174,58044,58054,10
13.0412998199,80.247428894,58054,58064,10
13.0406503677,80.2472991943,58064,58074,10
13.0401096344,80.2472000122,58074,58084,10
13.0396099091,80.2471008301,58084,58094,10
13.0389499664,80.2469329834,58094,58103,9
13.0384597778,80.2467803955,58103,58115,12
13.0379896164,80.2467269897,58115,58125,10
13.0374603271,80.2466430664,58125,58135,10
13.0369796753,80.2465362549,58135,58145,10
13.0368499756,80.2465209961,58145,58155,10
13.0366697311,80.2464904785,58155,58165,10
13.0363502502,80.246383667,58165,58175,10
13.0353603363,80.2460479736,58175,58195,20
13.0353603363,80.2460479736,58195,58205,10
13.0351600647,80.2460021973,58205,58216,11
13.034740448,80.2455825806,58216,58226,10
13.0342702866,80.2449417114,58226,58236,10
13.033829689,80.2444763184,58236,58246,10
13.0336904526,80.2443084717,58246,58256,10
13.0333595276,80.2437820435,58256,58266,10
13.0328502655,80.2431182861,58266,58276,10
13.0322999954,80.2424163818,58276,58286,10
13.0319299698,80.2418823242,58286,58296,10
13.0317001343,80.2413635254,58296,58306,10
13.031370163,80.2406921387,58306,58316,10
13.0311098099,80.2400817871,58316,58367,51
13.0311098099,80.2400817871,58367,58377,10
13.031080246,80.2399673462,58377,58387,10
13.0308599472,80.2395019531,58387,58397,10
13.0304498672,80.2388000488,58397,58407,10
13.0299301147,80.2378768921,58407,58415,8
13.0293798447,80.2370834351,58415,58428,13
13.0290498734,80.2367706299,58428,58438,10
13.0290298462,80.2367477417,58438,58448,10
13.0287704468,80.2364425659,58448,58458,10
13.0282897949,80.2359237671,58458,58468,10
13.0277700424,80.235206604,58468,58478,10
13.0272397995,80.2343063354,58478,58488,10
13.0267801285,80.233543396,58488,58498,10
13.0265398026,80.2331466675,58498,58508,10
13.0263500214,80.2328262329,58508,58518,10
13.0263299942,80.2327880859,58518,58528,10
13.0262699127,80.2326126099,58528,58539,11
13.0262403488,80.2324829102,58539,58549,10
13.0262203217,80.2323684692,58549,58559,10
13.026140213,80.2320022583,58559,58569,10
13.0260801315,80.2317581177,58569,58579,10
13.025970459,80.2313308716,58579,58589,10
13.0257196426,80.2305908203,58589,58599,10
13.0251703262,80.2297515869,58599,58609,10
13.024479866,80.2288513184,58609,58620,11
13.0239696503,80.2282791138,58620,58630,10
13.0239400864,80.2282409668,58630,58642,12
13.0237903595,80.2280273438,58642,58650,8
13.0234603882,80.2276992798,58650,58660,10
13.0228796005,80.2271194458,58660,58672,12
13.0220098495,80.2263183594,58672,58682,10
13.0217199326,80.2260818481,58682,58690,8
13.0215597153,80.2259521484,58690,58700,10
13.0212097168,80.225692749,58700,58710,10
13.021109581,80.2256164551,58710,58720,10
13.0206804276,80.2253265381,58720,58730,10
13.020190239,80.2249908447,58730,58740,10
13.0201396942,80.224937439,58740,58753,13
13.0200901031,80.2248687744,58753,58763,10
13.019659996,80.2245788574,58763,58773,10
13.0188398361,80.2244720459,58773,58783,10
13.017950058,80.224822998,58783,58793,10
13.0170297623,80.2252120972,58793,58803,10
13.0165901184,80.2253875732,58803,58813,10
13.0163898468,80.2254714966,58813,58823,10
13.0160198212,80.2256011963,58823,58833,10
13.0154695511,80.2258071899,58833,58843,10
13.014749527,80.2261123657,58843,58854,11
13.0141601563,80.2263793945,58854,58864,10
13.0141401291,80.2263870239,58864,58874,10
13.0139503479,80.2264785767,58874,58884,10
13.0134296417,80.2266311646,58884,58894,10
13.0127096176,80.2268981934,58894,58904,10
13.0118398666,80.2272567749,58904,58914,10
13.0108003616,80.2276535034,58914,58924,10
13.0097703934,80.2280502319,58924,58934,10
13.009059906,80.2288208008,58934,58944,10
13.0088396072,80.2299804688,58944,58955,11
13.0086297989,80.2311630249,58955,58965,10
13.0084104538,80.2322692871,58965,58975,10
13.0082397461,80.2332992554,58975,58985,10
13.0081796646,80.2337417603,58985,58995,10
13.0081396103,80.2338790894,58995,59005,10
13.0080499649,80.234336853,59005,59015,10
13.0079097748,80.2350387573,59015,59025,10
13.0077295303,80.2359313965,59025,59035,10
13.007519722,80.2370071411,59035,59045,10
13.0073204041,80.2380905151,59045,59055,10
13.0071201324,80.2391586304,59055,59066,11
13.0069599152,80.2398834229,59066,59076,10
13.0069599152,80.2401428223,59076,59086,10
13.0068597794,80.2406311035,59086,59096,10
13.0068302155,80.2408218384,59096,59106,10
13.0068101883,80.2408905029,59106,59116,10
13.0067501068,80.2413330078,59116,59126,10
13.0067396164,80.2420883179,59126,59136,10
13.0067195892,80.2429962158,59136,59146,10
13.0067195892,80.2439117432,59146,59155,9
13.0067300797,80.2447891235,59155,59167,12
13.0067300797,80.2456893921,59167,59177,10
13.0067300797,80.2464599609,59177,59187,10
13.0067300797,80.2473220825,59187,59197,10
13.0067195892,80.2483215332,59197,59207,10
13.0067796707,80.249420166,59207,59217,10
13.006819725,80.2504425049,59217,59227,10
13.006819725,80.2511978149,59227,59237,10
13.006649971,80.2519378662,59237,59247,10
13.0065202713,80.2528076172,59247,59257,10
13.0065202713,80.25340271,59257,59266,9
13.0065202713,80.2541885376,59266,59278,12
13.0066099167,80.2551193237,59278,59288,10
13.0066099167,80.2552185059,59288,59298,10
13.0065698624,80.2554397583,59298,59308,10
13.0065803528,80.2560806274,59308,59318,10
13.0066795349,80.2574081421,59318,59348,30
13.0067501068,80.2575378418,59348,59429,81
13.0067501068,80.2575378418,59429,59439,10
13.0066003799,80.2576675415,59439,59449,10
13.0059700012,80.2575073242,59449,59459,10
13.0051002502,80.2572784424,59459,59469,10
13.0042896271,80.2570724487,59469,59479,10
13.0034103394,80.2568893433,59479,59490,11
13.0023403168,80.2566986084,59490,59500,10
13.0013504028,80.2565536499,59500,59510,10
13.0002002716,80.2563705444,59510,59520,10
12.9993696213,80.2562332153,59520,59530,10
12.9988603592,80.2560882568,59530,59550,20
12.9988603592,80.2560882568,59550,59560,10
12.9988002777,80.2560577393,59560,59571,11
12.9985704422,80.2560577393,59571,59580,9
12.9983901978,80.2560195923,59580,59590,10
12.9980697632,80.2559661865,59590,59600,10
12.9976596832,80.2559280396,59600,59610,10
12.9971504211,80.2559204102,59610,59622,12
12.9967298508,80.255859375,59622,59630,8
12.9963703156,80.255859375,59630,59641,11
12.9958000183,80.2558822632,59641,59652,11
12.9952201843,80.2558898926,59652,59662,10
12.9946098328,80.2559204102,59662,59672,10
12.9939804077,80.2559890747,59672,59681,9
12.9933004379,80.2560195923,59681,59691,10
12.9924497604,80.2560577393,59691,59703,12
12.9913597107,80.2560195923,59703,59711,8
12.9908599854,80.2560119629,59711,59723,12
12.9902296066,80.2559890747,59723,59733,10
12.9895496368,80.2559814453,59733,59741,8
12.9889602661,80.2559280396,59741,59751,10
12.9885797501,80.2559127808,59751,59763,12
12.9884796143,80.255897522,59763,59771,8
12.9884004593,80.255897522,59771,59781,10
12.9880304337,80.2558670044,59781,59844,63
12.9880304337,80.2558670044,59844,59854,10
12.9878196716,80.2558822632,59854,59864,10
12.9875898361,80.2561264038,59864,59874,10
12.9875402451,80.2567901611,59874,59884,10
12.9874801636,80.2574920654,59884,59894,10
12.9874401093,80.2582092285,59894,59904,10
12.9874000549,80.2587738037,59904,59915,11
12.9873695374,80.2590332031,59915,59925,10
12.9871997833,80.259552002,59925,59955,30
12.9871997833,80.259552002,59955,59965,10
12.9871101379,80.2596206665,59965,59975,10
12.9870004654,80.2592773438,59975,60389,414
12.9870004654,80.2592773438,60389,60399,10
12.9872703552,80.2591018677,60399,60409,10
12.9873600006,80.2590103149,60409,60419,10
12.9873800278,80.2586669922,60419,60429,10
12.9874095917,80.2582015991,60429,60439,10
12.9874401093,80.2577133179,60439,60550,111
12.9874401093,80.2577133179,60550,60561,11
12.9875097275,80.2574768066,60561,60572,11
12.9874897003,80.2572174072,60572,60583,11
12.9875497818,80.256690979,60583,60592,9
12.9875802994,80.256149292,60592,60602,10
12.9876499176,80.2557983398,60602,60612,10
12.9879302979,80.2557830811,60612,60623,11
12.9883499146,80.2558822632,60623,60633,10
12.9885997772,80.2559204102,60633,60642,9
12.9886703491,80.2559280396,60642,60652,10
12.9887399673,80.2559585571,60652,60664,12
12.9891700745,80.2559967041,60664,60674,10
12.9898300171,80.2560424805,60674,60684,10
12.9904098511,80.2560424805,60684,60694,10
12.9905700684,80.2560195923,60694,60704,10
12.9909601212,80.2560806274,60704,60714,10
12.9916496277,80.2561187744,60714,60724,10
12.9925403595,80.256111145,60724,60734,10
12.9933300018,80.2559814453,60734,60744,10
12.9935598373,80.2559890747,60744,60754,10
12.993639946,80.2559814453,60754,60765,11
12.9938697815,80.2560119629,60765,60775,10
12.994099617,80.2560119629,60775,60785,10
12.9946403503,80.2559585571,60785,60835,50
12.9946403503,80.2559585571,60835,60845,10
12.9948301315,80.2559432983,60845,60855,10
12.9951400757,80.2559204102,60855,60865,10
12.995349884,80.2559127808,60865,60876,11
12.9957704544,80.255897522,60876,60886,10
12.9959697723,80.2559204102,60886,60926,40
12.9959697723,80.2559204102,60926,60936,10
12.9961099625,80.2559432983,60936,60946,10
12.996509552,80.2559204102,60946,60956,10
12.9969301224,80.2559204102,60956,60966,10
12.9973201752,80.2559280396,60966,60977,11
12.9978399277,80.2559585571,60977,60987,10
12.9982500076,80.2560119629,60987,60997,10
12.9987201691,80.256072998,60997,61007,10
12.9987697601,80.2560806274,61007,61017,10
12.9989500046,80.256149292,61017,61027,10
12.9993600845,80.256187439,61027,61037,10
12.9998102188,80.2562789917,61037,61047,10
13.0001296997,80.2563323975,61047,61057,10
13.0006399155,80.2564315796,61057,61088,31
13.0006399155,80.2564315796,61088,61098,10
13.0008897781,80.2565078735,61098,61108,10
13.0012598038,80.2565536499,61108,61118,10
13.0015001297,80.2565765381,61118,61128,10
13.0019102097,80.2566299438,61128,61138,10
13.0024995804,80.2567520142,61138,61148,10
13.0030698776,80.2568588257,61148,61158,10
13.0036897659,80.2569580078,61158,61168,10
13.0043497086,80.2570800781,61168,61178,10
13.0050201416,80.2572097778,61178,61189,11
13.0056695938,80.2573318481,61189,61199,10
13.0060195923,80.2574005127,61199,61239,40
13.0060195923,80.2574005127,61239,61249,10
13.0064201355,80.2574996948,61249,61259,10
13.006529808,80.2571334839,61259,61269,10
13.0065202713,80.2563323975,61269,61279,10
13.0065202713,80.2554092407,61279,61288,9
13.0065498352,80.2547836304,61288,61300,12
13.0065002441,80.2536621094,61300,61310,10
13.0064897537,80.2531890869,61310,61320,10
13.0064897537,80.2530975342,61320,61330,10
13.0065002441,80.2527008057,61330,61441,111
13.0065002441,80.2527008057,61441,61451,10
13.0065498352,80.2525787354,61451,61461,10
13.0066299438,80.2518615723,61461,61603,142
13.0066299438,80.2518615723,61603,61612,9
13.0067396164,80.2515335083,61612,61624,12
13.0067396164,80.250617981,61624,61632,8
13.0067396164,80.2498092651,61632,61642,10
13.0066900253,80.248626709,61642,61652,10
13.0066299438,80.2477798462,61652,61672,20
13.0066299438,80.2477798462,61672,61682,10
13.0066204071,80.2473831177,61682,61694,12
13.0065698624,80.2466506958,61694,61702,8
13.0066003799,80.2464981079,61702,61712,10
13.0066299438,80.2460403442,61712,61725,13
13.0066204071,80.2451095581,61725,61735,10
13.0066003799,80.2442474365,61735,61744,9
13.0066099167,80.243637085,61744,61756,12
13.0065898895,80.2428588867,61756,61766,10
13.0065498352,80.2418899536,61766,61816,50
13.0065498352,80.2418899536,61816,61827,11
13.0065698624,80.2414703369,61827,61837,10
13.0065898895,80.2412185669,61837,61847,10
13.0066404343,80.2408065796,61847,61857,10
13.0067501068,80.2401733398,61857,61867,10
13.0069704056,80.2392807007,61867,61877,10
13.0071001053,80.2385025024,61877,61887,10
13.0072402954,80.2378997803,61887,61897,10
13.0073900223,80.2370910645,61897,61927,30
13.0073900223,80.2370910645,61927,61938,11
13.0074596405,80.2367782593,61938,61948,10
13.0074701309,80.2367095947,61948,61958,10
13.0075397491,80.2365722656,61958,61968,10
13.007610321,80.2361373901,61968,61978,10
13.0077295303,80.2354888916,61978,61988,10
13.0078601837,80.2347793579,61988,61998,10
13.0080404282,80.2338867188,61998,62008,10
13.0082397461,80.2327575684,62008,62018,10
13.0084695816,80.2315826416,62018,62027,9
13.0086698532,80.2305908203,62027,62039,12
13.0088996887,80.2294616699,62039,62049,10
13.0090503693,80.2286224365,62049,62059,10
13.0092401505,80.2279663086,62059,62069,10
13.00963974,80.227180481,62069,62079,10
13.0101203918,80.2262115479,62079,62089,10
13.0105695724,80.2251815796,62089,62099,10
13.010840416,80.2246627808,62099,62109,10
13.0110397339,80.2241821289,62109,62119,10
13.0113201141,80.2235336304,62119,62129,10
13.011639595,80.2227783203,62129,62140,11
13.0119104385,80.2218017578,62140,62150,10
13.0122995377,80.2215499878,62150,62160,10
13.0124597549,80.2216873169,62160,62170,10
13.0127897263,80.2222213745,62170,62180,10
13.0133695602,80.2228164673,62180,62190,10
13.0139503479,80.2234725952,62190,62200,10
13.0143003464,80.2238922119,62200,62210,10
13.0148696899,80.2245025635,62210,62220,10
13.0152997971,80.2248764038,62220,62230,10
13.0153999329,80.2249069214,62230,62240,10
13.0155000687,80.2249908447,62240,62251,11
13.0156698227,80.2251663208,62251,62261,10
13.0159902573,80.2253265381,62261,62271,10
13.0167303085,80.2252426147,62271,62281,10
13.0176296234,80.224899292,62281,62291,10
13.0186500549,80.2244873047,62291,62301,10
13.0193004608,80.2243270874,62301,62311,10
13.0193195343,80.2243423462,62311,62321,10
13.0194196701,80.2243804932,62321,62331,10
13.0195598602,80.2244720459,62331,62341,10
13.0197696686,80.224609375,62341,62352,11
13.0199804306,80.2247467041,62352,62362,10
13.0202198029,80.224937439,62362,62372,10
13.0205001831,80.225151062,62372,62382,10
13.0209503174,80.2254867554,62382,62392,10
13.0215597153,80.225982666,62392,62403,11
13.0222196579,80.2265090942,62403,62413,10
13.0227899551,80.2270126343,62413,62422,9
13.023349762,80.2275238037,62422,62433,11
13.0239696503,80.2281188965,62433,62442,9
13.0242795944,80.2285079956,62442,62452,10
13.0245199203,80.2288513184,62452,62462,10
13.0247802734,80.2292098999,62462,62472,10
13.0251703262,80.2296905518,62472,62482,10
13.0254402161,80.2300186157,62482,62494,12
13.0254497528,80.2300262451,62494,62503,9
13.0255699158,80.2302093506,62503,62513,10
13.0256996155,80.23046875,62513,62523,10
13.0257902145,80.2306976318,62523,62533,10
13.0259199142,80.231048584,62533,62543,10
13.0260295868,80.2314834595,62543,62553,10
13.0261898041,80.232131958,62553,62565,12
13.0266199112,80.2331466675,62565,62575,10
13.0271701813,80.234046936,62575,62585,10
13.0277700424,80.2351074219,62585,62593,8
13.0282897949,80.2358322144,62593,62605,12
13.0291795731,80.2367706299,62605,62613,8
13.0294799805,80.2370834351,62613,62625,12
13.0295295715,80.237159729,62625,62633,8
13.0296497345,80.2373809814,62633,62643,10
13.0298404694,80.2376480103,62643,62655,12
13.0300798416,80.2379837036,62655,62663,8
13.0301399231,80.2381134033,62663,62676,13
13.0302295685,80.2382507324,62676,62686,10
13.0303201675,80.2383804321,62686,62696,10
13.0304899216,80.2386932373,62696,62706,10
13.030670166,80.2390213013,62706,62716,10
13.03083992,80.2393112183,62716,62726,10
13.0310001373,80.2395706177,62726,62736,10
13.0311803818,80.2399215698,62736,62746,10
13.0313796997,80.2402496338,62746,62756,10
13.0314702988,80.2408294678,62756,62766,10
13.0317296982,80.2413787842,62766,62777,11
13.0320396423,80.2420578003,62777,62787,10
13.0325498581,80.2426300049,62787,62797,10
13.0330200195,80.2433013916,62797,62807,10
13.033490181,80.2439804077,62807,62817,10
13.0339803696,80.2446899414,62817,62827,10
13.0345201492,80.2453384399,62827,62837,10
13.0350198746,80.2459411621,62837,62847,10
13.0353803635,80.2461090088,62847,62857,10
13.0354795456,80.246131897,62857,62867,10
13.0357904434,80.2462081909,62867,62877,10
13.0357999802,80.2462234497,62877,62888,11
13.0361099243,80.2463912964,62888,62898,10
13.0367202759,80.2465133667,62898,62908,10
13.0374097824,80.2464599609,62908,62918,10
13.0381097794,80.2465820313,62918,62928,10
13.0387001038,80.2467575073,62928,62967,39
13.0387001038,80.2467575073,62967,62980,13
13.0391798019,80.2469329834,62980,62991,11
13.0396203995,80.2470092773,62991,63001,10
13.0400800705,80.2470932007,63001,63011,10
13.0406398773,80.247177124,63011,63021,10
13.0408000946,80.2472076416,63021,63031,10
13.0408201218,80.2472229004,63031,63041,10
13.0412597656,80.2473068237,63041,63051,10
13.0418796539,80.2474212646,63051,63061,10
13.0423297882,80.247543335,63061,63071,10
13.0428104401,80.2477493286,63071,63081,10
13.0432796478,80.2478713989,63081,63092,11
13.0438699722,80.247833252,63092,63102,10
13.0444202423,80.2479019165,63102,63112,10
13.0449695587,80.248046875,63112,63122,10
13.0454702377,80.2482833862,63122,63132,10
13.0461797714,80.2485427856,63132,63142,10
13.0466098785,80.2484664917,63142,63162,20
13.0466098785,80.2484664917,63162,63172,10
13.0467300415,80.2485122681,63172,63182,10
13.0471200943,80.2485580444,63182,63191,9
13.0474500656,80.2487564087,63191,63204,13
13.0478801727,80.2491607666,63204,63212,8
13.0481901169,80.249458313,63212,63222,10
13.0487298965,80.2497024536,63222,63232,10
13.0491895676,80.2497787476,63232,63242,10
13.0495595932,80.2498703003,63242,63254,12
13.0502700806,80.2499694824,63254,63264,10
13.0510196686,80.2501220703,63264,63274,10
13.0517396927,80.2504272461,63274,63283,9
13.0522899628,80.2509765625,63283,63294,11
13.0529203415,80.2518234253,63294,63304,10
13.0535097122,80.2526092529,63304,63315,11
13.0541696548,80.2535476685,63315,63325,10
13.0549001694,80.2544937134,63325,63335,10
13.0554504395,80.2552490234,63335,63344,9
13.0558204651,80.2557830811,63344,63354,10
13.0561199188,80.2562026978,63354,63364,10
13.0561800003,80.2562713623,63364,63374,10
13.0563297272,80.256439209,63374,63383,9
13.0566596985,80.2567596436,63383,63394,11
13.0568399429,80.2568969727,63394,63406,12
13.0569400787,80.256980896,63406,63416,10
13.0573301315,80.2573394775,63416,63426,10
13.0578098297,80.2577819824,63426,63436,10
13.0582304001,80.2583007813,63436,63446,10
13.0586996078,80.2589111328,63446,63456,10
13.0591201782,80.2594680786,63456,63466,10
13.0594997406,80.2600708008,63466,63476,10
13.0598602295,80.2603302002,63476,63486,10
13.0600595474,80.2605819702,63486,63496,10
13.0606498718,80.2612228394,63496,63517,21
13.0606498718,80.2612228394,63517,63527,10
13.0608100891,80.2614593506,63527,63537,10
13.0611696243,80.261932373,63537,63547,10
13.0614700317,80.2622299194,63547,63557,10
13.0618000031,80.2626495361,63557,63567,10
13.0618200302,80.2626876831,63567,63577,10
13.0618801117,80.2627563477,63577,63587,10
13.0621595383,80.2631225586,63587,63597,10
13.0626001358,80.2636489868,63597,63607,10
13.0630903244,80.2642211914,63607,63615,8
13.0631799698,80.2643508911,63615,63628,13
13.063249588,80.2644882202,63628,63638,10
13.0635004044,80.2649536133,63638,63648,10
13.06387043,80.2655029297,63648,63658,10
13.0641403198,80.2658615112,63658,63668,10
13.0644302368,80.2661590576,63668,63678,10
13.0645799637,80.2663269043,63678,63688,10
13.0646896362,80.2665100098,63688,63698,10
13.0648097992,80.2666702271,63698,63708,10
13.0649995804,80.2668991089,63708,63718,10
13.0654401779,80.2672195435,63718,63729,11
13.0656204224,80.2674026489,63729,63739,10
13.0657196045,80.2675476074,63739,63749,10
13.0660400391,80.2679519653,63749,63759,10
13.0662202835,80.2681427002,63759,63769,10
13.0663995743,80.2683029175,63769,63779,10
13.0666503906,80.2684326172,63779,63789,10
13.0669498444,80.2685699463,63789,63809,20
13.0669498444,80.2685699463,63809,63819,10
13.0671396255,80.2686767578,63819,63830,11
13.0676002502,80.268989563,63830,63840,10
13.0679798126,80.2692565918,63840,63850,10
13.0682897568,80.2693481445,63850,63860,10
13.0683803558,80.2689666748,63860,63870,10
13.0685997009,80.2684173584,63870,63880,10
13.0687599182,80.2678375244,63880,63890,10
13.0689897537,80.2672195435,63890,63900,10
13.0692300797,80.2670135498,63900,63910,10
13.0694999695,80.266746521,63910,63920,10
13.0697803497,80.2665100098,63920,63931,11
13.0704603195,80.2658615112,63931,63951,20
13.0704603195,80.2658615112,63951,63961,10
13.0706796646,80.2656021118,63961,63971,10
13.0712795258,80.2649917603,63971,63991,20
13.0712795258,80.2649917603,63991,64001,10
13.0714502335,80.2648086548,64001,64011,10
13.0717802048,80.2643890381,64011,64021,10
13.0720996857,80.2640075684,64021,64031,10
13.0724401474,80.2634124756,64031,64042,11
13.0726699829,80.262802124,64042,64052,10
13.0728302002,80.2622680664,64052,64062,10
13.0729103088,80.26197052,64062,64072,10
13.0729703903,80.2618331909,64072,64082,10
13.0730695724,80.261428833,64082,64092,10
13.07310009,80.261177063,64092,64102,10
13.0730895996,80.2608413696,64102,64112,10
13.0733203888,80.2605667114,64112,64122,10
13.0735301971,80.2601318359,64122,64132,10
13.0738096237,80.2596664429,64132,64143,11
13.0742797852,80.2591781616,64143,64153,10
13.0747995377,80.2587509155,64153,64163,10
13.0751495361,80.2583999634,64163,64173,10
13.0751495361,80.2583770752,64173,64183,10
13.0752296448,80.2582778931,64183,64193,10
13.0755395889,80.2580413818,64193,64223,30
13.0755395889,80.2580413818,64223,64234,11
13.0758695602,80.2578964233,64234,64245,11
13.076259613,80.2575378418,64245,64253,8
13.07654953,80.2572479248,64253,64263,10
13.0769996643,80.2569198608,64263,64275,12
13.0778303146,80.256690979,64275,64283,8
13.0790300369,80.2565536499,64283,64314,31
13.0790300369,80.2565536499,64314,64325,11
13.0790901184,80.256401062,64325,64334,9
13.0790195465,80.2559127808,64334,64344,10
13.0789403915,80.2552337646,64344,64356,12
13.0789203644,80.2549133301,64356,64376,20
13.0789203644,80.2549133301,64376,64386,10
13.0789003372,80.2546234131,64386,64396,10
13.0793199539,80.2545700073,64396,64406,10
13.0797796249,80.2546386719,64406,64416,10
13.0797996521,80.2546615601,64416,64426,10
13.0801897049,80.254737854,64426,64436,10
13.0806598663,80.2548217773,64436,64446,10
13.0812301636,80.2548904419,64446,64457,11
13.0816898346,80.2547531128,64457,64467,10
13.0818500519,80.2542037964,64467,64477,10
13.0818595886,80.2536087036,64477,64487,10
13.0818796158,80.2531280518,64487,64497,10
13.081609726,80.252746582,64497,64507,10
13.0813598633,80.252243042,64507,64517,10
13.0813503265,80.251411438,64517,64527,10
13.0813398361,80.2510223389,64527,64536,9
13.0813398361,80.2509765625,64536,64547,11
13.0813598633,80.2507629395,64547,64557,10
13.0813598633,80.2504425049,64557,64568,11
13.0813102722,80.2500228882,64568,64578,10
13.081410408,80.249710083,64578,64588,10
13.0818004608,80.2497177124,64588,64598,10
13.0823097229,80.249786377,64598,64608,10
13.0828399658,80.2498931885,64608,64618,10
13.0832700729,80.2499465942,64618,64628,10
13.0836696625,80.2500305176,64628,64638,10
13.0847396851,80.250213623,64638,64658,20
13.0847396851,80.250213623,64658,64669,11
13.085149765,80.2502593994,64669,64679,10
13.0857095718,80.2503662109,64679,64689,10
13.0858898163,80.25,64689,64699,10
13.0858697891,80.2492370605,64699,64709,10
13.0858097076,80.248550415,64709,64719,10
13.0858201981,80.2477416992,64719,64729,10
13.0857896805,80.2468414307,64729,64739,10
13.0857601166,80.246711731,64739,64749,10
13.0857200623,80.2465209961,64749,64759,10
13.0856599808,80.2459182739,64759,64769,10
13.0856800079,80.2457122803,64769,64780,11
13.0857000351,80.2452468872,64780,64790,10
13.0860996246,80.2449035645,64790,64800,10
13.0867099762,80.2444229126,64800,64810,10
13.0873498917,80.243888855,64810,64820,10
13.087679863,80.2435684204,64820,64830,10
13.0878400803,80.2432632446,64830,64839,9
13.0879001617,80.2428894043,64839,64850,11
13.0880002975,80.2423324585,64850,64860,10
13.0885400772,80.241859436,64860,64870,10
13.0889196396,80.2415924072,64870,64881,11
13.0895500183,80.2411804199,64881,64891,10
13.0901699066,80.2408981323,64891,64901,10
13.0910596848,80.2408828735,64901,64911,10
13.0920000076,80.2409286499,64911,64921,10
13.0925397873,80.2409591675,64921,64931,10
13.0931196213,80.2410202026,64931,64941,10
13.093870163,80.2411422729,64941,64951,10
13.0943403244,80.2412185669,64951,64961,10
13.0943603516,80.2412185669,64961,64971,10
13.0943202972,80.2412796021,64971,64982,11
13.0948400497,80.2413635254,64982,64992,10
13.0955200195,80.2415313721,64992,65002,10
13.0963096619,80.2418212891,65002,65042,40
13.0963096619,80.2418212891,65042,65052,10
13.0963802338,80.2418212891,65052,65062,10
13.0966100693,80.2419433594,65062,65072,10
13.0969800949,80.2420501709,65072,65082,10
13.0975103378,80.2421798706,65082,65093,11
13.0980901718,80.2423171997,65093,65103,10
13.0986099243,80.2423400879,65103,65123,20
13.0986099243,80.2423400879,65123,65133,10
13.0987501144,80.2423019409,65133,65143,10
13.0987596512,80.2420196533,65143,65153,10
13.0985298157,80.2418365479,65153,65173,20
13.0985298157,80.2418365479,65173,65183,10
13.0984802246,80.2421188354,65183,65608,425
13.0984802246,80.2421188354,65608,65619,11
13.0982103348,80.2423934937,65619,65629,10
13.0976696014,80.2422409058,65629,65639,10
13.0972204208,80.2421112061,65639,65649,10
13.0967702866,80.2420120239,65649,65659,10
13.0963497162,80.2418212891,65659,65669,10
13.0959701538,80.2416915894,65669,65679,10
13.0957202911,80.2415924072,65679,65689,10
13.095410347,80.2414703369,65689,65699,10
13.0951404572,80.2414321899,65699,65709,10
13.0946798325,80.2413024902,65709,65720,11
13.0942497253,80.2411880493,65720,65730,10
13.0936498642,80.2410964966,65730,65740,10
13.0936098099,80.2410888672,65740,65750,10
13.0934295654,80.2410430908,65750,65760,10
13.092880249,80.2409362793,65760,65770,10
13.0921201706,80.2409133911,65770,65780,10
13.0911798477,80.2408676147,65780,65790,10
13.0901002884,80.2408828735,65790,65800,10
13.0894804001,80.2411422729,65800,65810,10
13.0888595581,80.241607666,65810,65821,11
13.0881004333,80.2422103882,65821,65831,10
13.0878696442,80.2429428101,65831,65841,10
13.0878200531,80.2432785034,65841,65849,8
13.0876903534,80.2435531616,65849,65861,12
13.0870800018,80.2441329956,65861,65871,10
13.0864601135,80.2446594238,65871,65881,10
13.0860795975,80.2449493408,65881,65891,10
13.0858297348,80.2451171875,65891,65901,10
13.0855903625,80.2455291748,65901,65911,10
13.0856704712,80.2462387085,65911,65921,10
13.0857200623,80.2467803955,65921,65932,11
13.0857000351,80.2469787598,65932,65942,10
13.0857696533,80.2474517822,65942,65952,10
13.0858297348,80.2483596802,65952,65962,10
13.085849762,80.2494277954,65962,65972,10
13.0858898163,80.2501525879,65972,65992,20
13.0858898163,80.2501525879,65992,66002,10
13.0858697891,80.2506408691,66002,66012,10
13.0858001709,80.2511062622,66012,66022,10
13.085729599,80.2515792847,66022,66033,11
13.0856800079,80.2519683838,66033,66043,10
13.0856304169,80.2524795532,66043,66053,10
13.085559845,80.2530593872,66053,66063,10
13.085559845,80.2531433105,66063,66073,10
13.085559845,80.253326416,66073,66083,10
13.0855503082,80.2534866333,66083,66093,10
13.0855903625,80.2539825439,66093,66103,10
13.0856103897,80.2546386719,66103,66123,20
13.0856103897,80.2546386719,66123,66133,10
13.0852603912,80.2547607422,66133,66144,11
13.0848302841,80.2547225952,66144,66154,10
13.0844602585,80.2546768188,66154,66164,10
13.0840902328,80.2546310425,66164,66174,10
13.0839500427,80.2545776367,66174,66184,10
13.0836601257,80.2545166016,66184,66194,10
13.0831098557,80.2544708252,66194,66204,10
13.082570076,80.2545013428,66204,66214,10
13.0820398331,80.2545700073,66214,66224,10
13.0816001892,80.2547988892,66224,66234,10
13.0809402466,80.2548217773,66234,66255,21
13.0809402466,80.2548217773,66255,66265,10
13.0805797577,80.2547912598,66265,66275,10
13.0800695419,80.2546920776,66275,66285,10
13.0793104172,80.2546463013,66285,66305,20
13.0793104172,80.2546463013,66305,66315,10
13.0789499283,80.254699707,66315,66325,10
13.0789699554,80.2552108765,66325,66335,10
13.0790195465,80.2559814453,66335,66344,9
13.0789804459,80.256652832,66344,66356,12
13.0781698227,80.2567062378,66356,66366,10
13.0775203705,80.2567672729,66366,66376,10
13.0770797729,80.2569198608,66376,66386,10
13.0765199661,80.2573013306,66386,66396,10
13.0759897232,80.2578201294,66396,66406,10
13.0755596161,80.2581863403,66406,66416,10
13.0754804611,80.2584533691,66416,66426,10
13.0756101608,80.259147644,66426,66436,10
13.0761003494,80.2598114014,66436,66445,9
13.0764398575,80.2601013184,66445,66457,12
13.0768995285,80.260559082,66457,66467,10
13.0772800446,80.2610931396,66467,66477,10
13.0776395798,80.2619781494,66477,66517,40
13.0776395798,80.2619781494,66517,66527,10
13.077630043,80.2620391846,66527,66537,10
13.0777397156,80.262260437,66537,66547,10
13.0777597427,80.2622909546,66547,66558,11
13.0778598785,80.2625427246,66558,66567,9
13.07791996,80.262802124,66567,66580,13
13.0781803131,80.2633590698,66580,66590,10
13.0780801773,80.2635803223,66590,66600,10
13.0777301788,80.2637786865,66600,66610,10
13.0771999359,80.2640533447,66610,66620,10
13.0768299103,80.2641677856,66620,66630,10
13.0763196945,80.264213562,66630,66640,10
13.0756998062,80.2641677856,66640,66650,10
13.0753498077,80.2636795044,66650,66661,11
13.0751104355,80.2633895874,66661,66671,10
13.0747499466,80.2629089355,66671,66681,10
13.0743999481,80.2624588013,66681,66691,10
13.0741300583,80.2621688843,66691,66701,10
13.0739498138,80.2619628906,66701,66711,10
13.0738296509,80.2618331909,66711,66721,10
13.0736904144,80.2616500854,66721,66731,10
13.0735397339,80.2615127563,66731,66741,10
13.0731296539,80.2614974976,66741,66751,10
13.0728902817,80.2621231079,66751,66761,10
13.0726499557,80.2628173828,66761,66772,11
13.072429657,80.263381958,66772,66782,10
13.0720901489,80.2640304565,66782,66792,10
13.07172966,80.264503479,66792,66802,10
13.0715703964,80.2646408081,66802,66812,10
13.0714998245,80.2646789551,66812,66822,10
13.0713195801,80.264831543,66822,66832,10
13.070980072,80.2651290894,66832,66842,10
13.0706300735,80.2655487061,66842,66852,10
13.0703496933,80.265838623,66852,66862,10
13.0700397491,80.2661514282,66862,66873,11
13.0698204041,80.2663574219,66873,66883,10
13.0694999695,80.2666168213,66883,66893,10
13.0690603256,80.2670593262,66893,66903,10
13.0687999725,80.2676773071,66903,66913,10
13.0685300827,80.2685165405,66913,66933,20
13.0685300827,80.2685165405,66933,66943,10
13.0683803558,80.2690200806,66943,66953,10
13.0683097839,80.2693634033,66953,66963,10
13.0682697296,80.2696914673,66963,66972,9
13.0682096481,80.2700195313,66972,66984,12
13.0681295395,80.2706375122,66984,66994,10
13.0679101944,80.2709579468,66994,67004,10
13.0674104691,80.2705764771,67004,67014,10
13.0667600632,80.2699508667,67014,67023,9
13.0664701462,80.2693481445,67023,67034,11
13.0663795471,80.2687530518,67034,67044,10
13.066160202,80.2683029175,67044,67054,10
13.0656795502,80.2677764893,67054,67064,10
13.0654602051,80.2677078247,67064,67074,10
13.0651903152,80.2676696777,67074,67095,21
13.0651903152,80.2676696777,67095,67105,10
13.0650701523,80.2676391602,67105,67115,10
13.0648803711,80.2676010132,67115,67125,10
13.0648002625,80.2675933838,67125,67135,10
13.0646295547,80.2675628662,67135,67145,10
13.0645904541,80.2675628662,67145,67155,10
13.0643196106,80.2675323486,67155,67166,11
13.0640296936,80.2674179077,67166,67176,10
13.0635595322,80.2673492432,67176,67187,11
13.0630903244,80.267288208,67187,67197,10
13.0627603531,80.2672119141,67197,67207,10
13.0625200272,80.266960144,67207,67217,10
13.0621500015,80.2665176392,67217,67227,10
13.0616798401,80.2659072876,67227,67237,10
13.0612297058,80.2653274536,67237,67247,10
13.0608301163,80.2652435303,67247,67257,10
13.0604696274,80.2654571533,67257,67267,10
13.0604095459,80.2654724121,67267,67277,10
13.0600795746,80.2655792236,67277,67286,9
13.0595502853,80.265586853,67286,67298,12
13.0588598251,80.2654724121,67298,67308,10
13.0586204529,80.2654418945,67308,67318,10
13.0585203171,80.2654037476,67318,67328,10
13.0581798553,80.2652511597,67328,67338,10
13.0579996109,80.2646865845,67338,67348,10
13.0579204559,80.2640686035,67348,67358,10
13.0578403473,80.2634811401,67358,67368,10
13.0577898026,80.262878418,67368,67378,10
13.0577001572,80.2623977661,67378,67388,10
13.0575895309,80.2617034912,67388,67399,11
13.0574998856,80.2611999512,67399,67409,10
13.057299614,80.2605667114,67409,67419,10
13.0571098328,80.2598724365,67419,67429,10
13.0569400787,80.2593078613,67429,67439,10
13.0567798615,80.258682251,67439,67449,10
13.0566596985,80.2583389282,67449,67459,10
13.0565795898,80.2579879761,67459,67469,10
13.056520462,80.2575683594,67469,67479,10
13.056429863,80.257232666,67479,67500,21
13.056429863,80.257232666,67500,67510,10
13.0563802719,80.2568817139,67510,67520,10
13.0563201904,80.2565536499,67520,67530,10
13.056139946,80.2562103271,67530,67540,10
13.0557899475,80.2557373047,67540,67550,10
13.0553598404,80.2551422119,67550,67560,10
13.0548601151,80.254447937,67560,67570,10
13.0543498993,80.2538223267,67570,67580,10
13.0541601181,80.2535629272,67580,67590,10
13.0541400909,80.2535629272,67590,67600,10
13.0539197922,80.2532272339,67600,67611,11
13.0535202026,80.2526321411,67611,67621,10
13.052980423,80.2519378662,67621,67631,10
13.0525598526,80.2513580322,67631,67641,10
13.0522298813,80.2509384155,67641,67651,10
13.0519504547,80.2506332397,67651,67661,10
13.0516195297,80.2503814697,67661,67671,10
13.0513000488,80.2502212524,67671,67681,10
13.0509796143,80.2501296997,67681,67691,10
13.0508298874,80.2500991821,67691,67700,9
13.0506000519,80.250038147,67700,67712,12
13.0503797531,80.2499771118,67712,67722,10
13.0499601364,80.2498931885,67722,67742,20
13.0499601364,80.2498931885,67742,67752,10
13.0497198105,80.2498703003,67752,67782,30
13.0497198105,80.2498703003,67782,67792,10
13.0494403839,80.2498703003,67792,67833,41
13.0494403839,80.2498703003,67833,67843,10
13.0493001938,80.2498474121,67843,67853,10
13.0491600037,80.2498626709,67853,67863,10
13.0488996506,80.2498321533,67863,67893,30
13.0488996506,80.2498321533,67893,67903,10
13.048330307,80.2495880127,67903,67913,10
13.0481901169,80.2495269775,67913,67924,11
13.0479698181,80.2493286133,67924,67944,20
13.0479698181,80.2493286133,67944,67954,10
13.0477600098,80.2491073608,67954,67964,10
13.0476398468,80.2490310669,67964,67974,10
13.0474796295,80.2489013672,67974,68025,51
13.0471000671,80.2486572266,68025,68045,20
13.0471000671,80.2486572266,68045,68055,10
13.0468902588,80.2486419678,68055,68065,10
13.0468597412,80.2486419678,68065,68075,10
13.0465497971,80.2485809326,68075,68085,10
13.0463104248,80.2485275269,68085,68095,10
13.0460596085,80.2484817505,68095,68105,10
13.0458297729,80.2484283447,68105,68115,10
13.0456800461,80.2483520508,68115,68125,10
13.0455904007,80.2483062744,68125,68136,11
13.0453996658,80.2482833862,68136,68146,10
13.0453901291,80.2482681274,68146,68156,10
13.0450401306,80.2481765747,68156,68166,10
13.0446901321,80.2481384277,68166,68177,11
13.044500351,80.2481079102,68177,68187,10
13.0442399979,80.2480773926,68187,68197,10
13.0439796448,80.2480163574,68197,68207,10
13.0437002182,80.2479400635,68207,68217,10
13.0434799194,80.2478790283,68217,68227,10
13.0430402756,80.2478408813,68227,68238,11
13.0422401428,80.2477722168,68238,68248,10
13.0416202545,80.2475814819,68248,68258,10
13.0415697098,80.2475509644,68258,68268,10
13.0408000946,80.2473602295,68268,68308,40
13.0408000946,80.2473602295,68308,68318,10
13.0406503677,80.2473220825,68318,68328,10
13.0404195786,80.2472915649,68328,68339,11
13.040140152,80.2472305298,68339,68349,10
13.0399103165,80.247177124,68349,68359,10
13.0393896103,80.2470169067,68359,68369,10
13.0387496948,80.2468490601,68369,68399,30
13.0387496948,80.2468490601,68399,68409,10
13.038359642,80.2467880249,68409,68419,10
13.0382499695,80.2467727661,68419,68427,8
13.0380496979,80.2467498779,68427,68439,12
13.037610054,80.2466812134,68439,68450,11
13.0372600555,80.2466201782,68450,68460,10
13.0366201401,80.2465133667,68460,68480,20
13.0366201401,80.2465133667,68480,68490,10
13.0364704132,80.2464904785,68490,68500,10
13.0361404419,80.2463912964,68500,68510,10
13.0356197357,80.2461776733,68510,68520,10
13.0354499817,80.2461166382,68520,68530,10
13.0354003906,80.2460479736,68530,68540,10
13.0349998474,80.2459030151,68540,68551,11
13.0347795486,80.2456588745,68551,68561,10
13.034529686,80.2453079224,68561,68571,10
13.0341596603,80.2448577881,68571,68581,10
13.0338001251,80.244468689,68581,68591,10
13.0334396362,80.2439498901,68591,68742,151
13.0334396362,80.2439498901,68742,68752,10
13.0332803726,80.2435913086,68752,68773,21
13.0332803726,80.2435913086,68773,68783,10
13.0328502655,80.2432479858,68783,68853,70
13.0326700211,80.2429885864,68853,68924,71
13.0326700211,80.2429885864,68924,68934,10
13.0325803757,80.2428894043,68934,68944,10
13.0324897766,80.2427368164,68944,68954,10
13.0324401855,80.2426834106,68954,68964,10
13.0323696136,80.2425765991,68964,68975,11
13.0323400497,80.2425384521,68975,68985,10
13.0322399139,80.2423782349,68985,68995,10
13.0320501328,80.2421569824,68995,69005,10
13.0318098068,80.2416992188,69005,69116,111
13.0318098068,80.2416992188,69116,69126,10
13.0317401886,80.2414932251,69126,69136,10
13.0315103531,80.241027832,69136,69146,10
13.0312595367,80.2405700684,69146,69156,10
13.0311203003,80.2401885986,69156,69168,12
13.0307998657,80.2394485474,69168,69178,10
13.0303497314,80.2386322021,69178,69189,11
13.0298099518,80.2376785278,69189,69199,10
13.029419899,80.2371673584,69199,69209,10
13.0292196274,80.2369537354,69209,69219,10
13.0291996002,80.2369003296,69219,69229,10
13.0289096832,80.236618042,69229,69239,10
13.028429985,80.2360916138,69239,69249,10
13.0279102325,80.2354736328,69249,69259,10
13.0275297165,80.2348022461,69259,69269,10
13.0271100998,80.2340774536,69269,69278,9
13.0267601013,80.2335205078,69278,69290,12
13.0264501572,80.2330093384,69290,69300,10
13.0263299942,80.2328186035,69300,69310,10
13.026309967,80.232749939,69310,69320,10
13.0262403488,80.2325668335,69320,69330,10
13.0262203217,80.2324371338,69330,69340,10
13.0261802673,80.2323226929,69340,69350,10
13.0261497498,80.2321929932,69350,69360,10
13.0260896683,80.2319793701,69360,69370,10
13.0260295868,80.2317733765,69370,69380,10
13.0259599686,80.2314300537,69380,69401,21
13.0259599686,80.2314300537,69401,69411,10
13.0258998871,80.2310714722,69411,69421,10
13.0256004333,80.2304077148,69421,69431,10
13.0250597,80.2296295166,69431,69441,10
13.0246496201,80.229133606,69441,69471,30
13.0246496201,80.229133606,69471,69481,10
13.0244197845,80.2287902832,69481,69490,9
13.0240802765,80.2284164429,69490,69502,12
13.0239400864,80.2282714844,69502,69512,10
13.0239095688,80.2282791138,69512,69522,10
13.0236701965,80.2279586792,69522,69532,10
13.0231800079,80.2275009155,69532,69542,10
13.0225601196,80.2269134521,69542,69552,10
13.0219497681,80.2263412476,69552,69562,10
13.0213899612,80.2258911133,69562,69572,10
13.0209798813,80.2255401611,69572,69582,10
13.0208501816,80.2254333496,69582,69592,10
13.0207004547,80.2253417969,69592,69603,11
13.0202302933,80.2250366211,69603,69613,10
13.0195703506,80.2246017456,69613,69623,10
13.0186595917,80.2245178223,69623,69633,10
13.0179595947,80.2248306274,69633,69643,10
13.0171604156,80.2251815796,69643,69651,8
13.0167798996,80.2253494263,69651,69663,12
13.0164804459,80.2254714966,69663,69673,10
13.0163097382,80.2255325317,69673,69683,10
13.0158100128,80.225692749,69683,69693,10
13.0151901245,80.2259368896,69693,69703,10
13.0149297714,80.2260513306,69703,69714,11
13.0147104263,80.2261123657,69714,69724,10
13.0142097473,80.2262878418,69724,69734,10
13.0141201019,80.2263412476,69734,69744,10
13.0138397217,80.2264480591,69744,69754,10
13.0131998062,80.2266998291,69754,69764,10
13.0123300552,80.2270278931,69764,69774,10
13.0113401413,80.2274017334,69774,69784,10
13.0103597641,80.2277908325,69784,69794,10
13.0094804764,80.2281417847,69794,69804,10
13.0090198517,80.2289199829,69804,69815,11
13.008890152,80.2297668457,69815,69825,10
13.0088500977,80.2300491333,69825,69835,10
13.0088195801,80.230178833,69835,69845,10
13.0087795258,80.2304534912,69845,69855,10
13.0087404251,80.2305831909,69855,69865,10
13.0086603165,80.2310791016,69865,69885,20
13.0086603165,80.2310791016,69885,69895,10
13.0086297989,80.2312164307,69895,69905,10
13.0085296631,80.2316665649,69905,69956,51
13.0085296631,80.2316665649,69956,69966,10
13.0084695816,80.2321014404,69966,69976,10
13.0084199905,80.2323913574,69976,69986,10
13.0084104538,80.2324295044,69986,69996,10
13.0083398819,80.232749939,69996,70016,20
13.0083398819,80.232749939,70016,70027,11
13.0082902908,80.2330093384,70027,70037,10
13.0082702637,80.2332763672,70037,70047,10
13.0082397461,80.2335510254,70047,70097,50
13.0082397461,80.2335510254,70097,70107,10
13.0081100464,80.2339019775,70107,70118,11
13.0080900192,80.2340316772,70118,70129,11
13.0080404282,80.2342376709,70129,70139,10
13.0079603195,80.2346191406,70139,70149,10
13.0078897476,80.2350311279,70149,70159,10
13.0078802109,80.2350463867,70159,70168,9
13.0078296661,80.2353134155,70168,70181,13
13.0076704025,80.2361602783,70181,70191,10
13.0075998306,80.236541748,70191,70201,10
13.0075798035,80.2366027832,70201,70211,10
13.0075101852,80.236907959,70211,70220,9
13.0074300766,80.2372817993,70220,70282,62
13.0074300766,80.2372817993,70282,70292,10
13.007349968,80.2376708984,70292,70393,101
13.007349968,80.2376708984,70393,70403,10
13.0073003769,80.2378921509,70403,70413,10
13.0072402954,80.2382507324,70413,70423,10
13.0071601868,80.2387619019,70423,70433,10
13.0070199966,80.2396011353,70433,70454,21
13.0069904327,80.239730835,70454,70585,131
13.0069904327,80.239730835,70585,70595,10
13.0067901611,80.2398834229,70595,70645,50
13.0068597794,80.239982605,70645,70686,41
13.0068597794,80.239982605,70686,70696,10
13.0068302155,80.2401428223,70696,70706,10
13.006770134,80.2404937744,70706,70716,10
13.0067501068,80.240852356,70716,70726,10
13.0067501068,80.2409362793,70726,70736,10
13.0067396164,80.2411499023,70736,70746,10
13.0067195892,80.2416992188,70746,70757,11
13.0066995621,80.2424316406,70757,70767,10
13.0066604614,80.2431716919,70767,70797,30
13.0066604614,80.2431716919,70797,70807,10
13.0066204071,80.2432632446,70807,70817,10
13.0066204071,80.2435684204,70817,70827,10
13.0066099167,80.2440872192,70827,70837,10
13.0066299438,80.2446517944,70837,70847,10
13.006649971,80.2452468872,70847,70868,21
13.006649971,80.2452468872,70868,70878,10
13.0066795349,80.2455596924,70878,70888,10
13.0066900253,80.2458496094,70888,70898,10
13.0066900253,80.2463607788,70898,70908,10
13.0067100525,80.2469406128,70908,70918,10
13.0066900253,80.2476425171,70918,70928,10
13.0066699982,80.248336792,70928,70938,10
13.0067195892,80.2490768433,70938,70948,10
13.0067501068,80.2499771118,70948,70958,10
13.0067596436,80.2506866455,70958,70969,11
13.0067100525,80.2513504028,70969,70979,10
13.0065898895,80.2519836426,70979,70989,10
13.0064897537,80.2527618408,70989,70999,10
13.0065002441,80.2536773682,70999,71009,10
13.0065202713,80.2544631958,71009,71019,10
13.0065603256,80.2547607422,71019,71029,10
13.0065498352,80.2549133301,71029,71039,10
13.0065402985,80.2550506592,71039,71049,10
13.0065202713,80.2555618286,71049,71059,10
13.0065402985,80.2563171387,71059,71070,11
13.0065402985,80.257019043,71070,71110,40
13.0065402985,80.257019043,71110,71120,10
13.0066003799,80.2570877075,71120,71130,10
13.0065898895,80.2573928833,71130,71140,10
13.0063400269,80.2575912476,71140,71150,10
13.0059700012,80.2574996948,71150,71160,10
13.0055103302,80.2573699951,71160,71170,10
13.0048398972,80.257232666,71170,71181,11
13.0040102005,80.2570495605,71181,71191,10
13.0033597946,80.2569122314,71191,71201,10
13.0027799606,80.2568130493,71201,71211,10
13.0024003983,80.2567367554,71211,71231,20
13.0024003983,80.2567367554,71231,71241,10
13.0020999908,80.256690979,71241,71251,10
13.0015096664,80.2566070557,71251,71261,10
13.0007295609,80.2565002441,71261,71270,9
13.0000295639,80.2563476563,71270,71282,12
12.9997301102,80.2562866211,71282,71292,10
12.9993801117,80.2562179565,71292,71302,10
12.9989404678,80.256149292,71302,71312,10
12.9989299774,80.2561416626,71312,71322,10
12.9984397888,80.2560806274,71322,71342,20
12.9984397888,80.2560806274,71342,71352,10
12.9981403351,80.2560195923,71352,71362,10
12.9977397919,80.2559509277,71362,71372,10
12.997179985,80.2559204102,71372,71423,51
12.997179985,80.2559204102,71423,71433,10
12.9967298508,80.2559432983,71433,71443,10
12.9961595535,80.2559204102,71443,71453,10
12.9954204559,80.2559585571,71453,71463,10
12.9947500229,80.2559585571,71463,71473,10
12.9941101074,80.2560195923,71473,71483,10
12.9932098389,80.2560806274,71483,71494,11
12.9919395447,80.2560806274,71494,71504,10
12.9909296036,80.2560882568,71504,71514,10
12.9904298782,80.2560424805,71514,71524,10
12.9899101257,80.2560119629,71524,71534,10
12.9894399643,80.2559814453,71534,71544,10
12.9890499115,80.2559661865,71544,71554,10
12.9886598587,80.2559509277,71554,71564,10
12.9885196686,80.2559432983,71564,71574,10
12.9878797531,80.2558670044,71574,71615,41
12.9878797531,80.2558670044,71615,71625,10
12.987569809,80.2560424805,71625,71635,10
12.9875097275,80.2566833496,71635,71645,10
12.9874296188,80.2573699951,71645,71655,10
12.9873800278,80.2582626343,71655,71665,10
12.9873104095,80.2588806152,71665,71675,10
12.9872903824,80.2590103149,71675,71685,10
12.9871997833,80.2594299316,71685,71716,31
12.9871997833,80.2594299316,71716,71726,10
12.987159729,80.2596282959,71726,71746,20
12.9868898392,80.259552002,71746,71766,20
12.9868898392,80.259552002,71766,71776,10
12.9869403839,80.2593765259,71776,72263,487
12.9869203568,80.259262085,72263,72677,414
12.9870996475,80.2591781616,72677,72697,20
12.9870996475,80.2591781616,72697,72707,10
12.9873104095,80.2590637207,72707,72717,10
12.9873600006,80.2586517334,72717,72758,41
12.9873600006,80.2586517334,72758,72768,10
12.9873800278,80.2584075928,72768,72778,10
12.9874000549,80.2581863403,72778,72788,10
12.9874200821,80.2576828003,72788,72798,10
12.9874696732,80.2567901611,72798,72889,91
12.9875602722,80.2565765381,72889,72971,82
12.9875602722,80.2565765381,72971,72981,10
12.9875297546,80.2561798096,72981,72991,10
12.9876403809,80.2557983398,72991,73001,10
12.9879798889,80.2557983398,73001,73011,10
12.9881401062,80.255821228,73011,73021,10
12.9884004593,80.2558822632,73021,73031,10
12.988699913,80.2559280396,73031,73041,10
12.9887399673,80.2559432983,73041,73051,10
12.9891300201,80.2560119629,73051,73060,9
12.989689827,80.2560272217,73060,73072,12
12.99036026,80.2560119629,73072,73082,10
12.9908399582,80.2560272217,73082,73092,10
12.991230011,80.2560424805,73092,73102,10
12.9919300079,80.2560806274,73102,73112,10
12.992890358,80.256072998,73112,73122,10
12.9937801361,80.2560119629,73122,73132,10
12.9944601059,80.2559814453,73132,73142,10
12.9951400757,80.2559204102,73142,73152,10
12.9955997467,80.2559127808,73152,73162,10
12.9961700439,80.255897522,73162,73213,51
12.9961700439,80.255897522,73213,73223,10
12.9963502884,80.2559204102,73223,73233,10
12.9967403412,80.2558898926,73233,73243,10
12.9970502853,80.2558898926,73243,73253,10
12.9974603653,80.2559280396,73253,73263,10
12.9979295731,80.2559661865,73263,73272,9
12.9987096786,80.2560501099,73272,73294,22
12.9987096786,80.2560501099,73294,73304,10
12.9989795685,80.2561416626,73304,73314,10
12.9993801117,80.2562026978,73314,73324,10
12.9998397827,80.2562866211,73324,73334,10
13.0002098083,80.256362915,73334,73344,10
13.0005397797,80.2564163208,73344,73354,10
13.0011301041,80.2565231323,73354,73363,9
13.0015201569,80.2565917969,73363,73374,11
13.0020503998,80.2566680908,73374,73385,11
13.0024595261,80.256729126,73385,73395,10
13.0025596619,80.2567596436,73395,73405,10
13.0027503967,80.2567977905,73405,73415,10
13.0030403137,80.2568588257,73415,73425,10
13.0032997131,80.2568969727,73425,73435,10
13.0038204193,80.2570037842,73435,73445,10
13.0044698715,80.2571182251,73445,73455,10
13.0050401688,80.2572097778,73455,73465,10
13.0058202744,80.2573318481,73465,73475,10
13.006360054,80.2574081421,73475,73506,31
13.006360054,80.2574081421,73506,73516,10
13.006529808,80.2574462891,73516,73526,10
13.0065002441,80.2571334839,73526,73536,10
13.0064496994,80.2567367554,73536,73546,10
13.0064496994,80.2561264038,73546,73556,10
13.0064496994,80.2557525635,73556,73566,10
13.0064601898,80.2557067871,73566,73576,10
13.0064601898,80.2554397583,73576,73586,10
13.0065002441,80.2548217773,73586,73597,11
13.0064897537,80.2538833618,73597,73607,10
13.0064697266,80.253288269,73607,73617,10
13.006480217,80.2529830933,73617,73627,10
13.0065498352,80.2522735596,73627,73687,60
13.0065498352,80.2522735596,73687,73697,10
13.0065498352,80.2521362305,73697,73708,11
13.0066900253,80.2515563965,73708,73718,10
13.0067300797,80.2509002686,73718,73728,10
13.0067195892,80.2501068115,73728,73738,10
13.0066995621,80.2494430542,73738,73748,10
13.0066995621,80.2492980957,73748,73758,10
13.0066995621,80.2491607666,73758,73767,9
13.0066699982,80.2488098145,73767,73780,13
13.0066003799,80.2480163574,73780,73871,91
13.0066003799,80.2480163574,73871,73881,10
13.0065698624,80.2478713989,73881,73891,10
13.0065898895,80.247543335,73891,73900,9
13.0066099167,80.2470397949,73900,73912,12
13.0065803528,80.2465209961,73912,73922,10
13.0066099167,80.2460174561,73922,73932,10
13.0066099167,80.2456512451,73932,73942,10
13.0065898895,80.245262146,73942,73952,10
13.0065603256,80.2448883057,73952,73962,10
13.0065698624,80.2445831299,73962,73972,10
13.0065803528,80.2443389893,73972,73982,10
13.0065698624,80.2439880371,73982,73992,10
13.0065698624,80.2435302734,73992,74002,10
13.0065603256,80.2429428101,74002,74013,11
13.0065498352,80.2419509888,74013,74023,10
13.0065803528,80.2412109375,74023,74073,50
13.0065603256,80.2410736084,74073,74113,40
13.0065603256,80.2410736084,74113,74124,11
13.0066795349,80.2404708862,74124,74134,10
13.0068998337,80.2397613525,74134,74144,10
13.0070495605,80.2388381958,74144,74154,10
13.0072002411,80.2380523682,74154,74164,10
13.007349968,80.2373199463,74164,74174,10
13.0073795319,80.2368392944,74174,74184,10
13.0074100494,80.2367630005,74184,74194,10
13.0075397491,80.2363510132,74194,74204,10
13.0076704025,80.2357025146,74204,74213,9
13.0078001022,80.2350234985,74213,74223,10
13.0079698563,80.2341995239,74223,74236,13
13.0081796646,80.2330780029,74236,74246,10
13.0083904266,80.2320480347,74246,74256,10
13.0086402893,80.2309036255,74256,74266,10
13.0088796616,80.2296829224,74266,74276,10
13.0090904236,80.2286529541,74276,74286,10
13.0093603134,80.2278289795,74286,74296,10
13.009759903,80.2269287109,74296,74306,10
13.0101299286,80.2261276245,74306,74316,10
13.0103397369,80.2256317139,74316,74326,10
13.0105400085,80.225189209,74326,74337,11
13.0105400085,80.2251815796,74337,74347,10
13.0105600357,80.225151062,74347,74357,10
13.010720253,80.224822998,74357,74367,10
13.0109300613,80.224319458,74367,74377,10
13.0111103058,80.2238769531,74377,74387,10
13.0112895966,80.223487854,74387,74397,10
13.0115098953,80.2229919434,74397,74407,10
13.011759758,80.2223587036,74407,74417,10
13.0120801926,80.2217025757,74417,74427,10
13.0123796463,80.2216720581,74427,74438,11
13.0127401352,80.2222366333,74438,74448,10
13.0134000778,80.22290802,74448,74458,10
13.0139598846,80.2235870361,74458,74468,10
13.0145101547,80.2242507935,74468,74478,10
13.0150499344,80.2247924805,74478,74488,10
13.0153903961,80.2250213623,74488,74498,10
13.0153999329,80.2250213623,74498,74508,10
13.0155801773,80.2251586914,74508,74518,10
13.0159902573,80.2253875732,74518,74528,10
13.0166702271,80.2253112793,74528,74539,11
13.0175800323,80.224937439,74539,74549,10
13.0183801651,80.2246170044,74549,74559,10
13.0190496445,80.2243881226,74559,74569,10
13.0193195343,80.224357605,74569,74579,10
13.0194196701,80.2244262695,74579,74589,10
13.0198202133,80.2246780396,74589,74599,10
13.0204200745,80.2251281738,74599,74609,10
13.0211400986,80.2256622314,74609,74619,10
13.021900177,80.2262191772,74619,74629,10
13.0226297379,80.2268371582,74629,74639,10
13.0232601166,80.2273864746,74639,74650,11
13.023850441,80.2279510498,74650,74660,10
13.024310112,80.2284927368,74660,74690,30
13.024310112,80.2284927368,74690,74700,10
13.0244398117,80.2286376953,74700,74710,10
13.024720192,80.2290725708,74710,74720,10
13.0251598358,80.2296600342,74720,74730,10
13.0256700516,80.2303924561,74730,74740,10
13.0259304047,80.231048584,74740,74751,11
13.0260095596,80.2313613892,74751,74761,10
13.0261001587,80.2317733765,74761,74771,10
13.026309967,80.2325134277,74771,74781,10
13.0264997482,80.2329330444,74781,74791,10
13.0264997482,80.2329406738,74791,74801,10
13.0265703201,80.2331924438,74801,74811,10
13.026889801,80.2336807251,74811,74821,10
13.0273399353,80.2343978882,74821,74831,10
13.0278396606,80.2352981567,74831,74841,10
13.028550148,80.2361831665,74841,74852,11
13.0293197632,80.2369613647,74852,74862,10
13.0295801163,80.2372665405,74862,74872,10
13.0297899246,80.2375793457,74872,74882,10
13.030090332,80.2380981445,74882,74892,10
13.0304603577,80.2387695313,74892,74902,10
13.0307703018,80.2392730713,74902,74912,10
13.0310096741,80.239692688,74912,74922,10
13.0310297012,80.2397079468,74922,74932,10
13.0311403275,80.2398986816,74932,74942,10
13.0312299728,80.2400665283,74942,74953,11
13.0314102173,80.2404098511,74953,74963,10
13.0314397812,80.2409362793,74963,74973,10
13.0316696167,80.2414016724,74973,74983,10
13.0319004059,80.2418823242,74983,74993,10
13.0323200226,80.2424697876,74993,75001,8
13.0327501297,80.2430496216,75001,75013,12
13.0334501266,80.2439727783,75013,75023,10
13.0339603424,80.244682312,75023,75033,10
13.0344600677,80.2453231812,75033,75043,10
13.0349998474,80.2459564209,75043,75053,10
13.0354604721,80.2461090088,75053,75064,11
13.0355796814,80.2461395264,75064,75074,10
13.0359296799,80.2463531494,75074,75084,10
13.0364599228,80.2464599609,75084,75094,10
13.0371599197,80.24659729,75094,75104,10
13.037779808,80.2465591431,75104,75114,10
13.0383996964,80.2467269897,75114,75124,10
13.0386295319,80.2468338013,75124,75134,10
13.0389995575,80.2469329834,75134,75144,10
13.0393896103,80.2470169067,75144,75154,10
13.0398797989,80.2471008301,75154,75165,11
13.0405101776,80.2472229004,75165,75175,10
13.0410995483,80.2473526001,75175,75185,10
13.0417299271,80.2474594116,75185,75195,10
13.042309761,80.2475891113,75195,75205,10
13.0427999496,80.2477874756,75205,75215,10
13.0433998108,80.2479095459,75215,75225,10
13.0439596176,80.247833252,75225,75235,10
13.044549942,80.2479400635,75235,75245,10
13.0450296402,80.2481689453,75245,75255,10
13.0455799103,80.2483825684,75255,75264,9
13.0461597443,80.2485427856,75264,75276,12
13.0470399857,80.2485275269,75276,75286,10
13.0477399826,80.2490310669,75286,75296,10
13.0483503342,80.2496032715,75296,75306,10
13.0488500595,80.2497329712,75306,75316,10
13.0493602753,80.2498016357,75316,75326,10
13.0502004623,80.2499694824,75326,75336,10
13.0510797501,80.2501831055,75336,75346,10
13.0518798828,80.2505874634,75346,75356,10
13.0524902344,80.2513198853,75356,75366,10
13.0531597137,80.2521972656,75366,75377,11
13.0539197922,80.2532577515,75377,75387,10
13.0546598434,80.2542190552,75387,75397,10
13.0551996231,80.2549285889,75397,75407,10
13.0557899475,80.2557525635,75407,75417,10
13.0563001633,80.256401062,75417,75427,10
13.0566902161,80.2567977905,75427,75437,10
13.0567903519,80.2569122314,75437,75447,10
13.0570402145,80.2571792603,75447,75457,10
13.0575304031,80.2576217651,75457,75466,9
13.0579099655,80.2579803467,75466,75478,12
13.0585002899,80.2587509155,75478,75488,10
13.0590400696,80.2593536377,75488,75498,10
13.0594797134,80.260093689,75498,75508,10
13.0600795746,80.2606277466,75508,75518,10
13.0605802536,80.2611999512,75518,75528,10
13.0610399246,80.2618026733,75528,75538,10
13.0614595413,80.2622909546,75538,75548,10
13.0617904663,80.2627868652,75548,75558,10
13.0621004105,80.2631912231,75558,75568,10
13.0625295639,80.2636795044,75568,75577,9
13.0628995895,80.2640991211,75577,75589,12
13.0634698868,80.2648620605,75589,75599,10
13.0638303757,80.2654418945,75599,75609,10
13.0640897751,80.2658081055,75609,75619,10
13.0645399094,80.2663726807,75619,75629,10
13.0649404526,80.2668762207,75629,75639,10
13.065489769,80.2673034668,75639,75649,10
13.0659399033,80.2678527832,75649,75659,10
13.0663900375,80.2683410645,75659,75669,10
13.0668296814,80.2685470581,75669,75679,10
13.0673599243,80.2688980103,75679,75690,11
13.0678796768,80.2692337036,75690,75700,10
13.068110466,80.2693405151,75700,75710,10
13.0681495667,80.2693634033,75710,75720,10
13.0683298111,80.2692718506,75720,75730,10
13.0684099197,80.2688827515,75730,75740,10
13.068570137,80.2684707642,75740,75750,10
13.0687799454,80.267868042,75750,75760,10
13.0690097809,80.2672805786,75760,75770,10
13.0693502426,80.266960144,75770,75780,10
13.0696401596,80.2666702271,75780,75790,10
13.0699796677,80.2663116455,75790,75801,11
13.0701999664,80.2660980225,75801,75811,10
13.0702495575,80.2660369873,75811,75821,10
13.0703001022,80.2659606934,75821,75831,10
13.0705795288,80.2656936646,75831,75841,10
13.0708904266,80.26537323,75841,75851,10
13.0711603165,80.265083313,75851,75861,10
13.0714797974,80.2647628784,75861,75871,10
13.0718202591,80.2643890381,75871,75881,10
13.0721902847,80.2639007568,75881,75891,10
13.0724802017,80.2632827759,75891,75902,11
13.0726995468,80.2627487183,75902,75912,10
13.0728597641,80.2621994019,75912,75922,10
13.0729598999,80.2618713379,75922,75932,10
13.0730695724,80.2614898682,75932,75942,10
13.0730895996,80.2613677979,75942,75952,10
13.0732498169,80.2612380981,75952,75962,10
13.0735998154,80.2615585327,75962,75972,10
13.074090004,80.2621383667,75972,75982,10
13.0745601654,80.2627105713,75982,75992,10
13.0749998093,80.2632827759,75992,76003,11
13.0754404068,80.2638702393,76003,76013,10
13.0758199692,80.264289856,76013,76023,10
13.0762395859,80.2642364502,76023,76033,10
13.0762796402,80.2642211914,76033,76043,10
13.0766201019,80.264213562,76043,76053,10
13.07695961,80.2641677856,76053,76063,10
13.0773601532,80.2640609741,76063,76073,10
13.0774402618,80.2639465332,76073,76093,20
13.0774402618,80.2639465332,76093,76103,10
13.0776596069,80.2638092041,76103,76114,11
13.0779895782,80.2635803223,76114,76124,10
13.0780696869,80.2632598877,76124,76134,10
13.0778999329,80.2628173828,76134,76144,10
13.0777196884,80.2622375488,76144,76154,10
13.0775699615,80.2617416382,76154,76164,10
13.0773601532,80.2612380981,76164,76174,10
13.0773496628,80.2611618042,76174,76184,10
13.0774202347,80.2610473633,76184,76194,10
13.0772199631,80.2607192993,76194,76204,10
13.0765104294,80.2600021362,76204,76215,11
13.0765104294,80.2600021362,76215,76225,10
13.0758695602,80.2594909668,76225,76234,9
13.07791996,80.256690979,76234,76303,69
13.07791996,80.256690979,76303,76324,21
13.0789403915,80.2565917969,76324,76354,30
13.0789403915,80.2565917969,76354,76364,10
13.0790596008,80.2564468384,76364,76374,10
13.0790395737,80.2560272217,76374,76384,10
13.0790100098,80.255569458,76384,76394,10
13.0790100098,80.2553482056,76394,76404,10
13.0789403915,80.2549133301,76404,76414,10
13.0791797638,80.2546386719,76414,76425,11
13.0797100067,80.2546920776,76425,76435,10
13.0801401138,80.254737854,76435,76445,10
13.0806798935,80.2548065186,76445,76455,10
13.0811300278,80.2548599243,76455,76465,10
13.0815095901,80.2548599243,76465,76475,10
13.0817804337,80.2544631958,76475,76485,10
13.0818500519,80.2540512085,76485,76495,10
13.0819101334,80.2535324097,76495,76505,10
13.0817899704,80.2530288696,76505,76515,10
13.0814695358,80.2524871826,76515,76526,11
13.0813598633,80.2518081665,76526,76536,10
13.0813398361,80.2511978149,76536,76546,10
13.081319809,80.2508468628,76546,76556,10
13.0813102722,80.2503509521,76556,76566,10
13.0812702179,80.2498931885,76566,76576,10
13.0815200806,80.2496795654,76576,76586,10
13.0821399689,80.2497634888,76586,76596,10
13.0828199387,80.2498397827,76596,76606,10
13.0834598541,80.249961853,76606,76616,10
13.0840597153,80.2500610352,76616,76626,10
13.0845098495,80.2501296997,76626,76637,11
13.08452034,80.2501296997,76637,76647,10
13.0846700668,80.2501525879,76647,76657,10
13.0852003098,80.2502670288,76657,76667,10
13.0858297348,80.2503814697,76667,76677,10
13.0859298706,80.2502593994,76677,76687,10
13.0859203339,80.24974823,76687,76697,10
13.0858697891,80.2489700317,76697,76707,10
13.0858097076,80.2481307983,76707,76717,10
13.0857801437,80.2472610474,76717,76727,10
13.085729599,80.2464523315,76727,76738,11
13.0856399536,80.2455291748,76738,76768,30
13.0856399536,80.2455291748,76768,76778,10
13.0857000351,80.2453994751,76778,76788,10
13.085849762,80.2451171875,76788,76798,10
13.0862998962,80.244720459,76798,76808,10
13.0869102478,80.2442092896,76808,76818,10
13.0875101089,80.2437515259,76818,76828,10
13.0877895355,80.2433700562,76828,76839,11
13.0879096985,80.2428436279,76839,76849,10
13.0881004333,80.2421569824,76849,76859,10
13.0887098312,80.2416992188,76859,76869,10
13.0891895294,80.2413711548,76869,76879,10
13.0897102356,80.241027832,76879,76889,10
13.0904197693,80.240852356,76889,76899,10
13.091219902,80.2408828735,76899,76909,10
13.091919899,80.2409210205,76909,76919,10
13.092499733,80.2409515381,76919,76929,10
13.0932197571,80.241027832,76929,76939,10
13.0941696167,80.2411804199,76939,76960,21
13.0941696167,80.2411804199,76960,76970,10
13.0943098068,80.2412185669,76970,76980,10
13.0947198868,80.2413024902,76980,76990,10
13.0952396393,80.2414321899,76990,77030,40
13.0952396393,80.2414321899,77030,77040,10
13.0954399109,80.2414932251,77040,77051,11
13.0958204269,80.2416305542,77051,77149,98
13.0958204269,80.2416305542,77149,77160,11
13.0963497162,80.2417984009,77160,77240,80
13.0963497162,80.2417984009,77240,77250,10
13.0968399048,80.2420196533,77250,77331,81
13.0968399048,80.2420196533,77331,77341,10
13.0969600677,80.2420883179,77341,77351,10
13.0972099304,80.2421417236,77351,77361,10
13.0976104736,80.2422332764,77361,77372,11
13.0980396271,80.2423400879,77372,77382,10
13.09856987,80.2423629761,77382,77402,20
13.09856987,80.2423629761,77402,77412,10
13.0987195969,80.2422027588,77412,77422,10
13.0986795425,80.241897583,77422,77432,10
13.0984401703,80.2421417236,77432,77634,202
13.0984401703,80.2421417236,77634,77644,10
13.0982999802,80.2423782349,77644,77654,10
13.097990036,80.2423019409,77654,77664,10
13.0975399017,80.2421798706,77664,77735,71
13.0975399017,80.2421798706,77735,77745,10
13.0973701477,80.2421722412,77745,77755,10
13.0969896317,80.2420425415,77755,77765,10
13.0965595245,80.2418899536,77765,77775,10
13.0963001251,80.2417907715,77775,77786,11
13.0957698822,80.2416381836,77786,77796,10
13.0951595306,80.2414093018,77796,77806,10
13.0945596695,80.2412109375,77806,77816,10
13.094039917,80.2411422729,77816,77826,10
13.0936203003,80.2410812378,77826,77836,10
13.0932598114,80.241027832,77836,77846,10
13.0925502777,80.2409286499,77846,77856,10
13.0917701721,80.2408676147,77856,77866,10
13.0908203125,80.2408294678,77866,77876,10
13.0898103714,80.2409591675,77876,77886,10
13.0889196396,80.2415237427,77886,77897,11
13.0880002975,80.2423171997,77897,77907,10
13.0878400803,80.2431182861,77907,77917,10
13.0877895355,80.2433319092,77917,77927,10
13.0875101089,80.2437286377,77927,77937,10
13.086930275,80.2442169189,77937,77947,10
13.0862703323,80.2447891235,77947,77957,10
13.0856704712,80.2452774048,77957,77967,10
13.0855998993,80.2457275391,77967,77977,10
13.0856704712,80.2465362549,77977,77986,9
13.0857400894,80.2473831177,77986,77998,12
13.085849762,80.2487716675,77998,78008,10
13.0859003067,80.2501831055,78008,78038,30
13.0859003067,80.2501831055,78038,78048,10
13.0858697891,80.2504577637,78048,78058,10
13.0857801437,80.2509765625,78058,78068,10
13.0857000351,80.2515029907,78068,78078,10
13.0856399536,80.2520065308,78078,78088,10
13.0855998993,80.252532959,78088,78099,11
13.0855503082,80.2530975342,78099,78109,10
13.0855398178,80.253326416,78109,78119,10
13.0855197906,80.2535934448,78119,78129,10
13.0855302811,80.2537689209,78129,78139,10
13.0855798721,80.2541809082,78139,78149,10
13.0855998993,80.2546234131,78149,78159,10
13.0847797394,80.2546615601,78159,78169,10
13.0847797394,80.2546615601,78169,78179,10
13.0839996338,80.2545776367,78179,78189,10
13.0832395554,80.2544937134,78189,78200,11
13.0825300217,80.2544631958,78200,78210,10
13.081990242,80.2546081543,78210,78220,10
13.0814399719,80.2548522949,78220,78230,10
13.0808401108,80.2547836304,78230,78240,10
13.0801696777,80.2546768188,78240,78250,10
13.0794897079,80.2545928955,78250,78260,10
13.0790500641,80.2546310425,78260,78270,10
13.0788698196,80.2547531128,78270,78280,10
13.0789604187,80.2553710938,78280,78290,10
13.0790596008,80.2562866211,78290,78300,10
13.0787801743,80.2566680908,78300,78311,11
13.0780801773,80.2566833496,78311,78321,10
13.0775699615,80.256729126,78321,78331,10
13.0769996643,80.2569198608,78331,78341,10
13.0763597488,80.2574234009,78341,78351,10
13.0757198334,80.2580337524,78351,78361,10
13.0754899979,80.2585830688,78361,78371,10
13.0757303238,80.2593765259,78371,78381,10
13.0763502121,80.2599716187,78381,78391,10
13.0768203735,80.2604064941,78391,78401,10
13.0771503448,80.2607498169,78401,78412,11
13.0773601532,80.2611923218,78412,78422,10
13.0774803162,80.2615127563,78422,78432,10
13.0776100159,80.2618103027,78432,78442,10
13.077750206,80.2621536255,78442,78462,20
13.077750206,80.2621536255,78462,78471,9
13.0777797699,80.2624206543,78471,78482,11
13.0778598785,80.2627563477,78482,78492,10
13.0780696869,80.2632522583,78492,78502,10
13.0781097412,80.2635192871,78502,78512,10
13.0778398514,80.2636566162,78512,78523,11
13.0774803162,80.263923645,78523,78583,60
13.0774803162,80.263923645,78583,78593,10
13.0771198273,80.2640228271,78593,78603,10
13.0770702362,80.2640533447,78603,78613,10
13.0769796371,80.2640762329,78613,78624,11
13.0767297745,80.2641220093,78624,78633,9
13.0763301849,80.2641983032,78633,78643,10
13.075799942,80.2642364502,78643,78654,11
13.0755195618,80.263999939,78654,78664,10
13.0751800537,80.2634735107,78664,78674,10
13.0746803284,80.2628326416,78674,78684,10
13.0741701126,80.2622299194,78684,78694,10
13.073800087,80.261756897,78694,78704,10
13.0734395981,80.261390686,78704,78714,10
13.0730104446,80.2616424561,78714,78725,11
13.072719574,80.2624969482,78725,78735,10
13.0725402832,80.2630462646,78735,78745,10
13.0723104477,80.2636108398,78745,78755,10
13.0719900131,80.2641296387,78755,78765,10
13.0715904236,80.2645568848,78765,78775,10
13.0712604523,80.2649383545,78775,78785,10
13.0707798004,80.2654190063,78785,78795,10
13.0704402924,80.265838623,78795,78805,10
13.0700302124,80.266242981,78805,78815,10
13.0695896149,80.2666778564,78815,78825,10
13.0690898895,80.2671203613,78825,78836,11
13.0687303543,80.2678222656,78836,78846,10
13.0685195923,80.2684936523,78846,78856,10
13.0683498383,80.2690734863,78856,78866,10
13.0682201385,80.2696609497,78866,78876,10
13.0681200027,80.2703475952,78876,78886,10
13.0680103302,80.2709884644,78886,78896,10
13.0675497055,80.2707290649,78896,78906,10
13.0670003891,80.270072937,78906,78916,10
13.0664997101,80.2692718506,78916,78926,10
13.0664396286,80.2685699463,78926,78937,11
13.0652799606,80.2676315308,78937,78947,10
13.0652799606,80.2676315308,78947,78957,10
13.0652303696,80.2676391602,78957,78966,9
13.0648899078,80.2675933838,78966,78977,11
13.0641298294,80.2674407959,78977,78987,10
13.0633602142,80.267288208,78987,78997,10
13.0625896454,80.2670135498,78997,79007,10
13.0621099472,80.2664031982,79007,79017,10
13.0615301132,80.2656326294,79017,79027,10
13.0608901978,80.2651901245,79027,79038,11
13.0601396561,80.2655410767,79038,79048,10
13.0594396591,80.2655715942,79048,79058,10
13.058549881,80.265411377,79058,79078,20
13.058549881,80.265411377,79078,79088,10
13.0581502914,80.2651367188,79088,79098,10
13.0579996109,80.2643432617,79098,79108,10
13.0578804016,80.2634506226,79108,79118,10
13.0577697754,80.2626113892,79118,79128,10
13.0576400757,80.2618179321,79128,79138,10
13.0574998856,80.261100769,79138,79149,11
13.0573196411,80.2603225708,79149,79159,10
13.057100296,80.259552002,79159,79169,10
13.0568504333,80.2588272095,79169,79179,10
13.0567302704,80.2584381104,79179,79189,10
13.0566902161,80.2583007813,79189,79199,10
13.0566501617,80.2579269409,79199,79209,10
13.0565299988,80.2573318481,79209,79219,10
13.0565099716,80.2571487427,79219,79229,10
13.0564403534,80.2567977905,79229,79239,10
13.0561704636,80.2562484741,79239,79250,11
13.0556201935,80.2554779053,79250,79260,10
13.0550403595,80.2546615601,79260,79270,10
13.0543403625,80.2537689209,79270,79280,10
13.053899765,80.2532424927,79280,79290,10
13.0536699295,80.2528762817,79290,79300,10
13.05327034,80.2523117065,79300,79310,10
13.0528001785,80.2516403198,79310,79320,10
13.0523099899,80.2509918213,79320,79330,10
13.051659584,80.250328064,79330,79340,10
13.0506696701,80.2499694824,79340,79351,11
13.0494203568,80.2497711182,79351,79361,10
13.0484800339,80.2496109009,79361,79371,10
13.0478401184,80.249168396,79371,79381,10
13.0470895767,80.2486190796,79381,79391,10
13.046210289,80.2485427856,79391,79401,10
13.0454597473,80.2482910156,79401,79411,10
13.0449104309,80.2480926514,79411,79421,10
13.0440998077,80.2479629517,79421,79431,10
13.0432195663,80.2478103638,79431,79441,10
13.0425195694,80.2476577759,79441,79450,9
13.0417604446,80.2474899292,79450,79462,12
13.040599823,80.2472610474,79462,79472,10
13.0399799347,80.2471618652,79472,79482,10
13.0395898819,80.2470703125,79482,79492,10
13.0392103195,80.2469711304,79492,79502,10
13.0387201309,80.2468414307,79502,79512,10
13.0383300781,80.2467575073,79512,79522,10
13.0380001068,80.2466964722,79522,79532,10
13.0373401642,80.2465896606,79532,79542,10
13.0367002487,80.2464675903,79542,79552,10
13.0362701416,80.2463684082,79552,79563,11
13.0355596542,80.24609375,79563,79573,10
13.0351200104,80.2459564209,79573,79583,10
13.0349397659,80.24584198,79583,79593,10
13.0347900391,80.2456436157,79593,79603,10
13.0345802307,80.2453231812,79603,79613,10
13.0341901779,80.2448501587,79613,79623,10
13.0336503983,80.2442932129,79623,79633,10
13.0329999924,80.2434234619,79633,79643,10
13.032409668,80.2425689697,79643,79652,9
13.0318899155,80.2417831421,79652,79694,42
13.0318899155,80.2417831421,79694,79704,10
13.0317201614,80.2413864136,79704,79714,10
13.0314903259,80.2409133911,79714,79724,10
13.0311899185,80.2403182983,79724,79795,71
13.0311899185,80.2403182983,79795,79805,10
13.0312099457,80.2402191162,79805,79815,10
13.0310697556,80.2397918701,79815,79824,9
13.030790329,80.2392578125,79824,79835,11
13.0302696228,80.2384033203,79835,79845,10
13.0297203064,80.2374725342,79845,79855,10
13.0290403366,80.2367095947,79855,79865,10
13.0289497375,80.236618042,79865,79876,11
13.0286302567,80.2362670898,79876,79886,10
13.0281200409,80.2356872559,79886,79896,10
13.0276098251,80.2349090576,79896,79906,10
13.0271596909,80.23412323,79906,79916,10
13.0267000198,80.2333831787,79916,79926,10
13.0263795853,80.2327575684,79926,79936,10
13.0261802673,80.2322463989,79936,79946,10
13.026049614,80.2316970825,79946,79956,10
13.0259199142,80.2312316895,79956,79966,10
13.0256795883,80.2304992676,79966,79977,11
13.0250597,80.2295608521,79977,79987,10
13.0245504379,80.2289123535,79987,79997,10
13.0241203308,80.2283782959,79997,80007,10
13.0239496231,80.228187561,80007,80017,10
13.0237598419,80.2279129028,80017,80027,10
13.0233297348,80.2274627686,80027,80037,10
13.0227603912,80.226890564,80037,80047,10
13.0222101212,80.2264099121,80047,80057,10
13.0218296051,80.2260971069,80057,80067,10
13.0214004517,80.225769043,80067,80078,11
13.020819664,80.2253265381,80078,80088,10
13.0201396942,80.2248764038,80088,80098,10
13.019370079,80.2244415283,80098,80108,10
13.018409729,80.2245788574,80108,80118,10
13.017539978,80.2249526978,80118,80128,10
13.0169095993,80.225227356,80128,80138,10
13.0166196823,80.2253494263,80138,80148,10
13.0163497925,80.2254562378,80148,80158,10
13.0158596039,80.2256164551,80158,80168,10
13.0152397156,80.2258377075,80168,80178,10
13.0145397186,80.2260971069,80178,80189,11
13.0140399933,80.2262878418,80189,80199,10
13.0133399963,80.2265701294,80199,80209,10
13.0124397278,80.2269287109,80209,80219,10
13.0113601685,80.2273712158,80219,80229,10
13.0102100372,80.2278366089,80229,80239,10
13.0091896057,80.2283630371,80239,80249,10
13.0088996887,80.2295074463,80249,80259,10
13.0086297989,80.2308120728,80259,80269,10
13.0084104538,80.2320022583,80269,80279,10
13.0082502365,80.2328872681,80279,80290,11
13.0080604553,80.2338180542,80290,80300,10
13.0078697205,80.2347106934,80300,80310,10
13.0076799393,80.2355728149,80310,80320,10
13.0074701309,80.2366790771,80320,80330,10
13.007229805,80.237953186,80330,80340,10
13.0070695877,80.2389984131,80340,80350,10
13.0068397522,80.2400970459,80350,80421,71
13.0068397522,80.2400970459,80421,80431,10
13.0068998337,80.240562439,80431,80441,10
13.0068101883,80.2407836914,80441,80451,10
13.0067300797,80.2411880493,80451,80461,10
13.0066900253,80.2419891357,80461,80471,10
13.0066604614,80.2428665161,80471,80481,10
13.0066099167,80.2434997559,80481,80491,10
13.0066604614,80.2443389893,80491,80502,11
13.0066795349,80.2452392578,80502,80512,10
13.0066900253,80.245552063,80512,80522,10
13.0067100525,80.2459564209,80522,80532,10
13.0067100525,80.2460784912,80532,80542,10
13.0067396164,80.2463912964,80542,80562,20
13.0067396164,80.2463912964,80562,80572,10
13.0067501068,80.2468032837,80572,80582,10
13.0067396164,80.246887207,80582,80592,10
13.0067195892,80.2471923828,80592,80603,11
13.0066699982,80.2478103638,80603,80613,10
13.0066995621,80.2486877441,80613,80623,10
13.0067596436,80.249786377,80623,80633,10
13.0067996979,80.2509307861,80633,80643,10
13.0066699982,80.2518768311,80643,80653,10
13.0065202713,80.2529220581,80653,80663,10
13.0065202713,80.2540512085,80663,80673,10
13.0065803528,80.2549591064,80673,80683,10
13.0065898895,80.2559890747,80683,80693,10
13.0066204071,80.2571105957,80693,80704,11
13.0062198639,80.2575378418,80704,80714,10
13.0057497025,80.2574005127,80714,80724,10
13.0055103302,80.2573471069,80724,80734,10
13.0050497055,80.2572174072,80734,80744,10
13.0043497086,80.2570571899,80744,80754,10
13.0036001205,80.2569122314,80754,80764,10
13.0029001236,80.2567672729,80764,80774,10
13.0022201538,80.256652832,80774,80784,10
13.0015001297,80.2565383911,80784,80794,10
13.0006999969,80.2564086914,80794,80804,10
12.9998903275,80.2562637329,80804,80815,11
12.9991798401,80.2561416626,80815,80825,10
12.9987802505,80.2560806274,80825,80835,10
12.9987697601,80.256072998,80835,80845,10
12.9986095428,80.2560195923,80845,80855,10
12.9982204437,80.2559814453,80855,80865,10
12.9979000092,80.2559814453,80865,80875,10
12.9975700378,80.2559432983,80875,80885,10
12.9972295761,80.2559127808,80885,80895,10
12.9968004227,80.255859375,80895,80905,10
12.9963502884,80.255859375,80905,80916,11
12.9955997467,80.2558517456,80916,80926,10
12.9948196411,80.2558670044,80926,80936,10
12.9940004349,80.2559585571,80936,80946,10
12.9931201935,80.2560195923,80946,80955,9
12.992190361,80.2560501099,80955,80966,11
12.9910898209,80.2559967041,80966,80976,10
12.9903202057,80.2559585571,80976,80986,10
12.9894399643,80.2559432983,80986,80996,10
12.9884901047,80.255859375,80996,81006,10
12.9882602692,80.255821228,81006,81017,11
12.9878396988,80.2557830811,81017,81027,10
12.9875497818,80.2560806274,81027,81037,10
12.9875202179,80.2566299438,81037,81047,10
12.9874696732,80.2572631836,81047,81057,10
12.9874401093,80.2576599121,81057,81067,10
12.9874095917,80.2580566406,81067,81077,10
12.9873800278,80.2586212158,81077,81087,10
12.9873199463,80.2591171265,81087,81097,10
12.987279892,80.2593612671,81097,81107,10
12.9872102737,80.2595291138,81107,81117,10
12.9871797562,80.259552002,81117,81128,11
12.9871101379,80.2595596313,81128,81138,10
12.9869604111,80.2595062256,81138,81148,10
12.9866800308,80.2594833374,81148,81158,10
12.9865999222,80.2591934204,81158,81168,10
12.9869003296,80.2590866089,81168,81178,10
12.9872398376,80.2591171265,81178,81188,10
12.9873504639,80.2587509155,81188,81198,10
12.9874095917,80.258102417,81198,81208,10
12.9874696732,80.2572097778,81208,81218,10
12.9875497818,80.256187439,81218,81229,11
12.9876403809,80.2557525635,81229,81239,10
12.9877996445,80.2557296753,81239,81249,10
12.9882097244,80.2557983398,81249,81259,10
12.9885597229,80.2558364868,81259,81269,10
12.9888401031,80.2558822632,81269,81279,10
12.9894800186,80.2559280396,81279,81289,10
12.9902095795,80.2559814453,81289,81299,10
12.9907598495,80.2559967041,81299,81309,10
12.991350174,80.2559814453,81309,81319,10
12.9920196533,80.2559890747,81319,81330,11
12.9928398132,80.2559509277,81330,81340,10
12.9935703278,80.2558898926,81340,81350,10
12.99421978,80.2558898926,81350,81360,10
12.9945802689,80.2558670044,81360,81370,10
12.9948596954,80.2558517456,81370,81380,10
12.9952001572,80.2558288574,81380,81390,10
12.995470047,80.2558288574,81390,81400,10
12.9956903458,80.2558822632,81400,81410,10
12.9960002899,80.2558898926,81410,81431,21
12.9960002899,80.2558898926,81431,81441,10
12.9963102341,80.2558670044,81441,81451,10
12.9965600967,80.255859375,81451,81461,10
12.9967603683,80.2558898926,81461,81471,10
12.9969501495,80.2558898926,81471,81481,10
12.9974002838,80.255897522,81481,81491,10
12.9976797104,80.2560195923,81491,81501,10
12.9976596832,80.2561569214,81501,81511,10
12.9977703094,80.2566223145,81511,81632,121
12.9977703094,80.2566223145,81632,81643,11
12.9979000092,80.2571563721,81643,81663,20
12.9979000092,80.2571563721,81663,81673,10
12.9978904724,80.2572174072,81673,81683,10
12.998290062,80.2568283081,81683,85963,4280
