12.9866695404,80.2596130371,12,16991,16979
12.9867801666,80.2595596313,16991,17213,222
12.9867696762,80.2595672607,17213,20182,2969
12.9867696762,80.2595672607,20182,20192,10
12.9868898392,80.2595062256,20192,20202,10
12.987159729,80.2595062256,20202,20212,10
12.9873304367,80.2594985962,20212,20222,10
12.9873695374,80.2592315674,20222,20232,10
12.9873504639,80.2589416504,20232,20252,20
12.9873504639,80.2589416504,20252,20263,11
12.9874000549,80.2584991455,20263,20273,10
12.9874401093,80.2578277588,20273,20283,10
12.9875097275,80.2568893433,20283,20293,10
12.9875802994,80.2559509277,20293,20303,10
12.9877300262,80.2552032471,20303,20313,10
12.9877500534,80.2547531128,20313,20323,10
12.9877796173,80.2544403076,20323,20333,10
12.987859726,80.2536392212,20333,20343,10
12.9879598618,80.2525100708,20343,20353,10
12.9875497818,80.2516021729,20353,20374,21
12.9875497818,80.2516021729,20374,20384,10
12.9872198105,80.2516098022,20384,20394,10
12.9864397049,80.2517776489,20394,20404,10
12.9853496552,80.2520599365,20404,20414,10
12.9839696884,80.2524490356,20414,20424,10
12.9824199677,80.2526702881,20424,20434,10
12.9808101654,80.2527313232,20434,20444,10
12.9793901443,80.2527084351,20444,20454,10
12.9785203934,80.252571106,20454,20465,11
12.9784297943,80.2525100708,20465,20475,10
12.9780197144,80.2521820068,20475,20485,10
12.9773101807,80.2515869141,20485,20495,10
12.9761199951,80.2511367798,20495,20505,10
12.9747800827,80.2507629395,20505,20515,10
12.9733800888,80.2503509521,20515,20525,10
12.9718904495,80.249961853,20525,20535,10
12.970410347,80.2495269775,20535,20545,10
12.9689598083,80.2489624023,20545,20555,10
12.9675397873,80.2483978271,20555,20565,10
12.9662504196,80.2478027344,20565,20576,11
12.9651002884,80.2474136353,20576,20586,10
12.9649600983,80.2473602295,20586,20596,10
12.9645204544,80.2471923828,20596,20606,10
12.9636898041,80.2468719482,20606,20616,10
12.9627304077,80.2464065552,20616,20626,10
12.9616098404,80.24584198,20626,20636,10
12.9603500366,80.245262146,20636,20646,10
12.9593400955,80.2448272705,20646,20656,10
12.9590396881,80.2446899414,20656,20666,10
12.9584302902,80.2444000244,20666,20677,11
12.9575796127,80.2440872192,20677,20687,10
12.9567098618,80.2437973022,20687,20697,10
12.9563398361,80.2436599731,20697,20707,10
12.9561700821,80.243598938,20707,20717,10
12.9555301666,80.2432479858,20717,20727,10
12.9545202255,80.242767334,20727,20737,10
12.9533395767,80.2423019409,20737,20747,10
12.9523696899,80.2419281006,20747,20757,10
12.9516296387,80.2416915894,20757,20767,10
12.951499939,80.2416534424,20767,20777,10
12.9508600235,80.2414093018,20777,20788,11
12.9497203827,80.2410430908,20788,20798,10
12.9490003586,80.2407913208,20798,20808,10
12.9488801956,80.2406768799,20808,20818,10
12.9490203857,80.2400436401,20818,20828,10
12.9491500854,80.2394332886,20828,20838,10
12.9491596222,80.2394332886,20838,20848,10
12.9492998123,80.2389831543,20848,20858,10
12.9494800568,80.2380905151,20858,20868,10
12.949640274,80.2370071411,20868,20878,10
12.9497804642,80.2359237671,20878,20899,21
12.9497804642,80.2359237671,20899,20909,10
12.9497804642,80.2358016968,20909,20919,10
12.9498701096,80.2353286743,20919,20929,10
12.9499597549,80.2348175049,20929,20939,10
12.9500198364,80.2340698242,20939,20949,10
12.9499998093,80.2338104248,20949,20959,10
12.9499998093,80.2334136963,20959,20969,10
12.9499397278,80.2325363159,20969,20979,10
12.9498500824,80.2314071655,20979,20989,10
12.9497995377,80.2303009033,20989,21000,11
12.9497003555,80.2285232544,21000,21010,10
12.9496202469,80.2269363403,21010,21020,10
12.9495296478,80.2252807617,21020,21030,10
12.9494600296,80.2236404419,21030,21040,10
12.9493598938,80.2220306396,21040,21050,10
12.9492301941,80.2206497192,21050,21059,9
12.9490804672,80.2191009521,21059,21070,11
12.9489002228,80.2172622681,21070,21080,10
12.9487304688,80.2155532837,21080,21090,10
12.948559761,80.2138519287,21090,21101,11
12.9484300613,80.2119903564,21101,21111,10
12.9483995438,80.2105026245,21111,21121,10
12.9484596252,80.2095184326,21121,21131,10
12.94851017,80.2086486816,21131,21141,10
12.9485301971,80.2085876465,21141,21151,10
12.9485797882,80.2080230713,21151,21161,10
12.9486703873,80.2070007324,21161,21171,10
12.9487304688,80.2056732178,21171,21181,10
12.948679924,80.2041091919,21181,21191,10
12.9486503601,80.2028503418,21191,21201,10
12.9486103058,80.2012634277,21201,21212,11
12.9485397339,80.1996383667,21212,21222,10
12.9484996796,80.1988983154,21222,21232,10
12.9484901428,80.1985015869,21232,21242,10
12.9484796524,80.1976165771,21242,21252,10
12.9484996796,80.1964035034,21252,21262,10
12.9484996796,80.1955108643,21262,21272,10
12.9485197067,80.1946411133,21272,21282,10
12.9485301971,80.1937866211,21282,21292,10
12.948559761,80.1927337646,21292,21302,10
12.9486103058,80.1913986206,21302,21313,11
12.9486999512,80.1899490356,21313,21323,10
12.9488296509,80.1887130737,21323,21333,10
12.9489603043,80.1872329712,21333,21343,10
12.9490499496,80.1857681274,21343,21353,10
12.9491300583,80.1845397949,21353,21363,10
12.9491901398,80.183883667,21363,21373,10
12.9491996765,80.1838226318,21373,21383,10
12.9492902756,80.1832580566,21383,21393,10
12.9494600296,80.1823272705,21393,21403,10
12.9496498108,80.1812591553,21403,21413,10
12.9497203827,80.1808929443,21413,21424,11
12.9498701096,80.1801071167,21424,21434,10
12.9501199722,80.1790237427,21434,21444,10
12.9504404068,80.1777496338,21444,21454,10
12.9507799149,80.1763763428,21454,21464,10
12.9510803223,80.1750488281,21464,21474,10
12.9512395859,80.1742324829,21474,21484,10
12.9513397217,80.1738128662,21484,21494,10
12.9515104294,80.1729507446,21494,21504,10
12.9517002106,80.1718978882,21504,21514,10
12.9519100189,80.1707687378,21514,21525,11
12.9521799088,80.1692276001,21525,21535,10
12.9525203705,80.167678833,21535,21545,10
12.9528999329,80.1662368774,21545,21554,9
12.9532604218,80.1646194458,21554,21565,11
12.9536600113,80.1627807617,21565,21575,10
12.9540100098,80.1611022949,21575,21585,10
12.9543104172,80.1595916748,21585,21595,10
12.9544696808,80.1586914063,21595,21605,10
12.9545097351,80.1586074829,21605,21615,10
12.9546003342,80.1581268311,21615,21625,10
12.9547901154,80.1572418213,21625,21636,11
12.9550800323,80.1558914185,21636,21646,10
12.9554004669,80.1544876099,21646,21656,10
12.9557600021,80.1531829834,21656,21666,10
12.956489563,80.1519470215,21666,21676,10
12.9575195313,80.1510772705,21676,21686,10
12.9584598541,80.1503219604,21686,21696,10
12.9587097168,80.1501083374,21696,21706,10
12.9589796066,80.1499176025,21706,21716,10
12.9594697952,80.1493988037,21716,21726,10
12.959690094,80.1485671997,21726,21737,11
12.9599199295,80.1474990845,21737,21747,10
12.9601402283,80.1464233398,21747,21757,10
12.9602899551,80.1456298828,21757,21767,10
12.9602804184,80.1452865601,21767,21776,9
12.9607095718,80.1453399658,21776,21787,11
12.9615802765,80.1458282471,21787,21797,10
12.962679863,80.1464309692,21797,21807,10
12.9637403488,80.1470718384,21807,21817,10
12.9648399353,80.1477737427,21817,21827,10
12.9659204483,80.1483612061,21827,21837,10
12.9670495987,80.1489181519,21837,21848,11
12.9673900604,80.1490783691,21848,21858,10
12.9674196243,80.1490783691,21858,21868,10
12.9677200317,80.1492614746,21868,21878,10
12.9681100845,80.1494293213,21878,21898,20
12.9681100845,80.1494293213,21898,21908,10
12.9682397842,80.1494903564,21908,21918,10
12.9687795639,80.1497573853,21918,21928,10
12.9696702957,80.150177002,21928,21938,10
12.9706897736,80.1506576538,21938,21949,11
12.9717102051,80.1511306763,21949,21959,10
12.972410202,80.1516494751,21959,21969,10
12.9730901718,80.152557373,21969,21979,10
12.9733800888,80.1529769897,21979,21989,10
12.973400116,80.1530838013,21989,21999,10
12.973279953,80.153137207,21999,22009,10
12.9730596542,80.1528015137,22009,22019,10
12.9725999832,80.1520767212,22019,22029,10
12.9717998505,80.1512680054,22029,22039,10
12.9706697464,80.1507034302,22039,22050,11
12.9693002701,80.1501464844,22050,22070,20
12.9693002701,80.1501464844,22070,22080,10
12.9692401886,80.1500167847,22080,22090,10
12.9689302444,80.1498718262,22090,22100,10
12.9683198929,80.1495819092,22100,22110,10
12.9676198959,80.1492767334,22110,22120,10
12.96737957,80.1491775513,22120,22130,10
12.9669103622,80.1489486694,22130,22140,10
12.9666996002,80.1488571167,22140,22150,10
12.9664001465,80.1487121582,22150,22161,11
12.9656600952,80.1483306885,22161,22171,10
12.9645795822,80.1477584839,22171,22181,10
12.9636802673,80.1472702026,22181,22191,10
12.9630098343,80.1470031738,22191,22201,10
12.9621601105,80.1465301514,22201,22211,10
12.9612197876,80.1460189819,22211,22221,10
12.960439682,80.1456375122,22221,22231,10
12.9601898193,80.1461486816,22231,22241,10
12.9600000381,80.1471328735,22241,22251,10
12.9597702026,80.1482620239,22251,22261,10
12.9594497681,80.1495513916,22261,22272,11
12.9586400986,80.1503601074,22272,22282,10
12.9584703445,80.1504821777,22282,22292,10
12.957909584,80.150932312,22292,22302,10
12.9570398331,80.1516189575,22302,22312,10
12.9560699463,80.1526031494,22312,22322,10
12.9555501938,80.1539993286,22322,22332,10
12.9552097321,80.1555175781,22332,22342,10
12.9548797607,80.157081604,22342,22352,10
12.954580307,80.1585769653,22352,22362,10
12.9544296265,80.1594009399,22362,22373,11
12.9543399811,80.1598510742,22373,22383,10
12.9541301727,80.1608200073,22383,22393,10
12.9538402557,80.1621704102,22393,22403,10
12.9535198212,80.1636505127,22403,22413,10
12.9532003403,80.1651687622,22413,22423,10
12.9528598785,80.1667404175,22423,22433,10
12.9524202347,80.1683425903,22433,22443,10
12.9521398544,80.169883728,22443,22453,10
12.9519195557,80.171257019,22453,22463,10
12.9516096115,80.1730804443,22463,22474,11
12.9513101578,80.1745910645,22474,22484,10
12.9510002136,80.1760025024,22484,22494,10
12.9505996704,80.177520752,22494,22504,10
12.9501895905,80.1791000366,22504,22514,10
12.9498796463,80.1806030273,22514,22524,10
12.949669838,80.1816864014,22524,22534,10
12.9494695663,80.1828613281,22534,22544,10
12.9493598938,80.1837615967,22544,22554,10
12.9493103027,80.1840133667,22554,22564,10
12.9492502213,80.1847381592,22564,22574,10
12.9492902756,80.1852416992,22574,22595,21
12.9492902756,80.1852416992,22595,22605,10
12.9492197037,80.185546875,22605,22615,10
12.9491300583,80.186378479,22615,22625,10
12.9490404129,80.1875076294,22625,22635,10
12.9489202499,80.188911438,22635,22645,10
12.9487600327,80.1904907227,22645,22655,10
12.9486703873,80.1920166016,22655,22665,10
12.9486398697,80.1932525635,22665,22675,10
12.9486103058,80.194442749,22675,22686,11
12.9486103058,80.1955032349,22686,22696,10
12.9485998154,80.195602417,22696,22706,10
12.9485797882,80.1961288452,22706,22716,10
12.948559761,80.1971588135,22716,22726,10
12.9485702515,80.1985168457,22726,22736,10
12.9486103058,80.1995391846,22736,22746,10
12.9486103058,80.1997070313,22746,22756,10
12.9486303329,80.2003631592,22756,22766,10
12.9486598969,80.2014389038,22766,22776,10
12.948679924,80.2027893066,22776,22786,10
12.9487199783,80.2043075562,22786,22797,11
12.9487600327,80.2060623169,22797,22807,10
12.9487104416,80.2075576782,22807,22817,10
12.9485797882,80.2092971802,22817,22837,20
12.9485797882,80.2092971802,22837,22847,10
12.9485397339,80.2096099854,22847,22857,10
12.9485397339,80.2101135254,22857,22867,10
12.9484796524,80.2108917236,22867,22877,10
12.9484996796,80.2120513916,22877,22887,10
12.9485797882,80.213508606,22887,22898,11
12.9487600327,80.2153167725,22898,22908,10
12.9489297867,80.2171020508,22908,22918,10
12.9491195679,80.2189178467,22918,22928,10
12.9493103027,80.2206115723,22928,22938,10
12.9494199753,80.222328186,22938,22948,10
12.9495201111,80.2241363525,22948,22958,10
12.9496002197,80.2259674072,22958,22968,10
12.9497003555,80.2277908325,22968,22978,10
12.9497995377,80.2296066284,22978,22989,11
12.9499397278,80.2314224243,22989,23000,11
12.9500598907,80.2330093384,23000,23010,10
12.9500703812,80.2331085205,23010,23020,10
12.9500999451,80.2333602905,23020,23030,10
12.9501104355,80.234046936,23030,23040,10
12.9500398636,80.2350234985,23040,23050,10
12.9499998093,80.2358398438,23050,23090,40
12.9499998093,80.2358398438,23090,23100,10
12.9499902725,80.2360229492,23100,23111,11
12.9498195648,80.2367172241,23111,23121,10
12.9496603012,80.2376785278,23121,23131,10
12.9494695663,80.2388763428,23131,23141,10
12.9491996765,80.2400588989,23141,23151,10
12.9491500854,80.2403488159,23151,23161,10
12.9491500854,80.2404098511,23161,23171,10
12.9492702484,80.2407608032,23171,23181,10
12.9501600266,80.2410812378,23181,23191,10
12.9510202408,80.2413330078,23191,23201,10
12.9511299133,80.2413711548,23201,23212,11
12.9516496658,80.2415618896,23212,23222,10
12.9524402618,80.241859436,23222,23232,10
12.9534797668,80.2422714233,23232,23242,10
12.9545202255,80.2426834106,23242,23252,10
12.9553604126,80.2429962158,23252,23262,10
12.9562101364,80.2433624268,23262,23272,10
12.9565496445,80.2435073853,23272,23282,10
12.9571800232,80.2437591553,23282,23292,10
12.9581403732,80.2441482544,23292,23302,10
12.9588804245,80.244430542,23302,23312,10
12.9589300156,80.2444610596,23312,23323,11
12.9593601227,80.2446594238,23323,23333,10
12.961139679,80.2454833984,23333,23343,10
12.961139679,80.2454833984,23343,23353,10
12.9623603821,80.2460708618,23353,23363,10
12.96352005,80.2466430664,23363,23404,41
12.96352005,80.2466430664,23404,23414,10
12.963809967,80.2467575073,23414,23425,11
12.9646196365,80.2470703125,23425,23436,11
12.9655504227,80.2473983765,23436,23446,10
12.9667701721,80.2478790283,23446,23466,20
12.9667701721,80.2478790283,23466,23476,10
12.9668998718,80.2479476929,23476,23486,10
12.9674100876,80.2482299805,23486,23496,10
12.9683599472,80.2486190796,23496,23506,10
12.9695301056,80.2490921021,23506,23516,10
12.9708003998,80.2495727539,23516,23527,11
12.9723300934,80.25,23527,23537,10
12.973739624,80.2503814697,23537,23547,10
12.9751501083,80.2507781982,23547,23557,10
12.9765796661,80.2511901855,23557,23567,10
12.9778404236,80.2518081665,23567,23577,10
12.9785995483,80.2523574829,23577,23587,10
12.9786300659,80.2523803711,23587,23597,10
12.9790201187,80.2525405884,23597,23607,10
12.9798402786,80.2526779175,23607,23627,20
12.9798402786,80.2526779175,23627,23638,11
12.9800300598,80.2526779175,23638,23648,10
12.9806995392,80.2526626587,23648,23658,10
12.9817495346,80.2526321411,23658,23668,10
12.9830799103,80.252571106,23668,23678,10
12.9845304489,80.252243042,23678,23688,10
12.9858798981,80.2518768311,23688,23698,10
12.9864397049,80.2517318726,23698,23708,10
12.9871997833,80.2515182495,23708,23718,10
12.9879102707,80.2514801025,23718,23728,10
12.9880895615,80.2520980835,23728,23739,11
12.9880895615,80.2522201538,23739,23749,10
12.9880199432,80.2528533936,23749,23759,10
12.9879102707,80.2539215088,23759,23769,10
12.9877996445,80.2550964355,23769,23779,10
12.9877004623,80.2559204102,23779,23789,10
12.9876699448,80.2562179565,23789,23799,10
12.9876499176,80.2564620972,23799,23809,10
12.9875497818,80.2570571899,23809,23819,10
12.9874200821,80.2585220337,23819,23839,20
12.9872598648,80.2585601807,23839,23860,21
12.9872598648,80.2585601807,23860,23870,10
12.9871797562,80.2585601807,23870,23880,10
12.9868497849,80.2586975098,23880,23890,10
12.986579895,80.2587509155,23890,27737,3847
12.986410141,80.2586975098,27737,28656,919
12.986530304,80.2587890625,28656,29009,353
12.9864997864,80.2586975098,29009,29171,162
12.9864501953,80.2587509155,29171,29282,111
12.9864501953,80.2587509155,29282,29292,10
12.9864797592,80.2588119507,29292,29595,303
12.9864597321,80.2587814331,29595,30514,919
12.9864597321,80.2587814331,30514,30524,10
12.9865102768,80.2588119507,30524,30564,40
12.9865198135,80.2587738037,30564,30737,173
12.9864997864,80.2587585449,30737,31111,374
12.9864997864,80.2587585449,31111,31121,10
12.9864797592,80.2587203979,31121,33120,1999
12.9865398407,80.2586364746,33120,33221,101
12.9865198135,80.2587203979,33221,35776,2555
12.9867296219,80.2585220337,35776,35887,111
12.9869003296,80.2584609985,35887,36139,252
12.9869003296,80.2584609985,36139,36149,10
12.9868898392,80.2587738037,36149,36169,20
12.9868097305,80.2589569092,36169,36270,101
12.9868097305,80.2589569092,36270,36280,10
12.987159729,80.2591171265,36280,36291,11
12.9874000549,80.2588882446,36291,36301,10
12.9874200821,80.2584533691,36301,36311,10
12.9874296188,80.2582168579,36311,36321,10
12.9874095917,80.2579803467,36321,36331,10
12.9874601364,80.2574768066,36331,36341,10
12.9875001907,80.2568969727,36341,36351,10
12.9875602722,80.2563781738,36351,36361,10
12.9875602722,80.2561035156,36361,36371,10
12.9875898361,80.2557983398,36371,36381,10
12.9877195358,80.2552566528,36381,36392,11
12.9877195358,80.254989624,36392,36402,10
12.9877300262,80.2547607422,36402,36412,10
12.9877595901,80.2542495728,36412,36422,10
12.9877901077,80.2535629272,36422,36432,10
12.9878501892,80.2528991699,36432,36654,222
12.9878501892,80.2528991699,36654,36664,10
12.9879703522,80.2526397705,36664,36674,10
12.9879598618,80.252243042,36674,36684,10
12.9878797531,80.2518463135,36684,36694,10
12.9876499176,80.2516098022,36694,36735,41
12.9876499176,80.2516098022,36735,36745,10
12.9873304367,80.2516174316,36745,36755,10
12.9870595932,80.2516479492,36755,36765,10
12.9866800308,80.2517471313,36765,36775,10
12.9863004684,80.2518386841,36775,36785,10
12.9857501984,80.2519836426,36785,36795,10
12.9850196838,80.2521591187,36795,36805,10
12.9842300415,80.2523574829,36805,36816,11
12.983420372,80.2525863647,36816,36826,10
12.982629776,80.2526931763,36826,36836,10
12.9818000793,80.2527084351,36836,36846,10
12.9810495377,80.2527313232,36846,36856,10
12.9804801941,80.252746582,36856,36866,10
12.9802398682,80.2527770996,36866,36876,10
12.980050087,80.2527694702,36876,36886,10
12.9796895981,80.2527008057,36886,36896,10
12.9790000916,80.2526397705,36896,36906,10
12.9786195755,80.2525787354,36906,36917,11
12.9785804749,80.252571106,36917,36927,10
12.9781599045,80.2522735596,36927,36937,10
12.9774703979,80.251663208,36937,36947,10
12.9764404297,80.2512207031,36947,36957,10
12.9753799438,80.250869751,36957,36967,10
12.9742603302,80.2505569458,36967,36977,10
12.9730997086,80.2502593994,36977,36987,10
12.9717998505,80.2499313354,36987,36997,10
12.9706201553,80.2495880127,36997,37007,10
12.9694404602,80.2491607666,37007,37018,11
12.9679899216,80.2487030029,37018,37028,10
12.9670000076,80.2481994629,37028,37038,10
12.9665203094,80.2479476929,37038,37048,10
12.9658203125,80.2476730347,37048,37058,10
12.9650497437,80.2473983765,37058,37068,10
12.9650201797,80.2473907471,37068,37078,10
12.9649095535,80.2473373413,37078,37088,10
12.964630127,80.2472381592,37088,37098,10
12.9639797211,80.2469711304,37098,37108,10
12.9639196396,80.2469482422,37108,37118,10
12.9636697769,80.2468338013,37118,37129,11
12.9631099701,80.2465515137,37129,37139,10
12.9621696472,80.2461013794,37139,37149,10
12.9610595703,80.2455978394,37149,37159,10
12.959980011,80.2451171875,37159,37169,10
12.9593601227,80.2448577881,37169,37179,10
12.9593496323,80.2448577881,37179,37189,10
12.9590396881,80.244682312,37189,37199,10
12.9583301544,80.2443618774,37199,37209,10
12.9575796127,80.2440719604,37209,37219,10
12.9567403793,80.2438201904,37219,37230,11
12.9564599991,80.2437210083,37230,37270,40
12.9564599991,80.2437210083,37270,37280,10
12.9561300278,80.2435684204,37280,37290,10
12.9554195404,80.2432022095,37290,37300,10
12.9544801712,80.2427825928,37300,37310,10
12.9534101486,80.2423400879,37310,37320,10
12.9522600174,80.2418899536,37320,37330,10
12.9516401291,80.2416915894,37330,37341,11
12.9515695572,80.2416534424,37341,37351,10
12.9513702393,80.2415771484,37351,37361,10
12.9506902695,80.2413482666,37361,37371,10
12.9497299194,80.2410430908,37371,37381,10
12.949139595,80.2408294678,37381,37442,61
12.949139595,80.2408294678,37442,37452,10
12.9489097595,80.2406005859,37452,37462,10
12.9491796494,80.2393035889,37462,37492,30
12.9491796494,80.2393035889,37492,37502,10
12.9493198395,80.2389068604,37502,37512,10
12.9494695663,80.2381973267,37512,37522,10
12.9495897293,80.2373428345,37522,37532,10
12.9497003555,80.2361221313,37532,37593,61
12.9497003555,80.2361221313,37593,37603,10
12.9497499466,80.2357635498,37603,37613,10
12.9499101639,80.2351379395,37613,37623,10
12.9499502182,80.2347564697,37623,37633,10
12.9499998093,80.2344207764,37633,37643,10
12.9500198364,80.2338180542,37643,37654,11
12.9500198364,80.2338027954,37654,37664,10
12.950050354,80.2336425781,37664,37674,10
12.9500198364,80.2330322266,37674,37684,10
12.9499597549,80.232093811,37684,37694,10
12.9498701096,80.2311019897,37694,37704,10
12.9497299194,80.2286224365,37704,37714,10
12.9497299194,80.2286224365,37714,37724,10
12.9496498108,80.2270431519,37724,37734,10
12.9495601654,80.2254180908,37734,37744,10
12.9494800568,80.2239837646,37744,37754,10
12.9494104385,80.2222824097,37754,37765,11
12.9492902756,80.2205963135,37765,37777,12
12.9490995407,80.2186889648,37777,37788,11
12.9488801956,80.2165679932,37788,37798,10
12.9486999512,80.2147979736,37798,37808,10
12.948559761,80.2133865356,37808,37818,10
12.9484395981,80.21144104,37818,37828,10
12.9483995438,80.2103500366,37828,37837,9
12.9483995438,80.2098312378,37837,37848,11
12.9484596252,80.2095794678,37848,37858,10
12.94851017,80.2086791992,37858,37879,21
12.94851017,80.2086791992,37879,37889,10
12.9485197067,80.2085189819,37889,37899,10
12.948559761,80.2080001831,37899,37909,10
12.9486398697,80.2071228027,37909,37919,10
12.9486999512,80.2060012817,37919,37929,10
12.9486999512,80.2046966553,37929,37939,10
12.9486598969,80.2034378052,37939,37949,10
12.9486198425,80.2021636963,37949,37959,10
12.948559761,80.2008285522,37959,37970,11
12.9485197067,80.1996078491,37970,37980,10
12.9484796524,80.1988983154,37980,37990,10
12.9484796524,80.1988601685,37990,38000,10
12.9484701157,80.1986618042,38000,38010,10
12.9484596252,80.1981201172,38010,38020,10
12.9484796524,80.1972579956,38020,38030,10
12.9484996796,80.1962585449,38030,38040,10
12.9484796524,80.1955108643,38040,38050,10
12.9484901428,80.1954574585,38050,38060,10
12.9484996796,80.1950378418,38060,38070,10
12.94851017,80.1942596436,38070,38081,11
12.948559761,80.1930999756,38081,38091,10
12.9486103058,80.1918029785,38091,38101,10
12.9486999512,80.1903305054,38101,38111,10
12.948800087,80.1892166138,38111,38121,10
12.9489202499,80.1879577637,38121,38131,10
12.9490098953,80.1870193481,38131,38141,10
12.9490499496,80.1859283447,38141,38151,10
12.9490003586,80.1853637695,38151,38161,10
12.9490604401,80.1849365234,38161,38171,10
12.9491500854,80.1842803955,38171,38182,11
12.9491996765,80.1837997437,38182,38192,10
12.9492101669,80.1837387085,38192,38202,10
12.9493198395,80.1832885742,38202,38212,10
12.9494600296,80.1824493408,38212,38222,10
12.9496002197,80.1816101074,38222,38232,10
12.949640274,80.1811828613,38232,38242,10
12.9497804642,80.1806030273,38242,38252,10
12.9499597549,80.1797180176,38252,38262,10
12.9502401352,80.1785583496,38262,38272,10
12.9505796432,80.1772766113,38272,38283,11
12.9509000778,80.17603302,38283,38293,10
12.9511203766,80.1749572754,38293,38303,10
12.9512500763,80.1742706299,38303,38313,10
12.951259613,80.1742401123,38313,38323,10
12.9513502121,80.1738586426,38323,38333,10
12.9514799118,80.173248291,38333,38343,10
12.9517002106,80.1720199585,38343,38353,10
12.951789856,80.1714019775,38353,38363,10
12.9518604279,80.1710586548,38363,38373,10
12.9520101547,80.1702880859,38373,38383,10
12.9522199631,80.1691207886,38383,38394,11
12.9525003433,80.1678466797,38394,38404,10
12.9528799057,80.1664123535,38404,38414,10
12.9532403946,80.1648101807,38414,38424,10
12.9536104202,80.1631317139,38424,38434,10
12.9539299011,80.161529541,38434,38444,10
12.9541797638,80.1602935791,38444,38454,10
12.9544000626,80.1591720581,38454,38474,20
12.9544000626,80.1591720581,38474,38484,10
12.9544200897,80.1590270996,38484,38495,11
12.9545097351,80.1586380005,38495,38505,10
12.9545297623,80.1584701538,38505,38515,10
12.9546403885,80.1580276489,38515,38525,10
12.9548196793,80.1572113037,38525,38535,10
12.955039978,80.1561508179,38535,38545,10
12.9552602768,80.1550598145,38545,38555,10
12.9555301666,80.1538619995,38555,38565,10
12.9558601379,80.1528320313,38565,38575,10
12.9564199448,80.1519775391,38575,38585,10
12.9571800232,80.1513366699,38585,38595,10
12.9579801559,80.1507110596,38595,38606,11
12.9587697983,80.150062561,38606,38616,10
12.9589004517,80.1499786377,38616,38626,10
12.9592895508,80.1496810913,38626,38636,10
12.9596204758,80.148979187,38636,38646,10
12.9597797394,80.1481933594,38646,38656,10
12.9599399567,80.1473770142,38656,38666,10
12.9601297379,80.1464614868,38666,38676,10
12.960269928,80.1457824707,38676,38686,10
12.9602804184,80.1455383301,38686,38696,10
12.9598703384,80.1452178955,38696,38707,11
12.9590101242,80.1447601318,38707,38717,10
12.9581699371,80.1442718506,38717,38727,10
12.9573001862,80.1437911987,38727,38737,10
12.9565896988,80.1435089111,38737,38747,10
12.9564399719,80.1434402466,38747,38757,10
12.9562797546,80.1433563232,38757,38767,10
12.9557800293,80.1430435181,38767,38777,10
12.9550800323,80.1426391602,38777,38787,10
12.9541702271,80.1421585083,38787,38808,21
12.9541702271,80.1421585083,38808,38818,10
12.9539499283,80.142036438,38818,38828,10
12.9537296295,80.1419219971,38828,38838,10
12.9535303116,80.1418075562,38838,38848,10
12.9529600143,80.1415100098,38848,38878,30
12.9529600143,80.1415100098,38878,38888,10
12.9527397156,80.1413803101,38888,38898,10
12.952340126,80.1410827637,38898,38908,10
12.9518203735,80.1407089233,38908,38919,11
12.9516496658,80.1406021118,38919,38929,10
12.9515800476,80.1405410767,38929,38939,10
12.9513597488,80.1403274536,38939,38949,10
12.9509000778,80.1399993896,38949,38959,10
12.9506502151,80.1398086548,38959,38969,10
12.9505996704,80.1397705078,38969,38979,10
12.9503202438,80.1395492554,38979,38989,10
12.9497804642,80.1390991211,38989,38999,10
12.9492197037,80.1385879517,38999,39009,10
12.9483995438,80.1379623413,39009,39020,11
12.9475402832,80.1373825073,39020,39030,10
12.9467201233,80.1367797852,39030,39040,10
12.9457302094,80.1359786987,39040,39050,10
12.9447097778,80.1352005005,39050,39060,10
12.9438199997,80.1344833374,39060,39070,10
12.9430398941,80.1337814331,39070,39080,10
12.9425802231,80.1333389282,39080,39090,10
12.9421796799,80.1329193115,39090,39100,10
12.941570282,80.1322937012,39100,39110,10
12.9408798218,80.1315612793,39110,39120,10
12.9401302338,80.1307830811,39120,39131,11
12.9393196106,80.1300201416,39131,39141,10
12.9385204315,80.1293106079,39141,39151,10
12.9378299713,80.1287536621,39151,39161,10
12.9374198914,80.1284103394,39161,39171,10
12.9372797012,80.1282806396,39171,39181,10
12.9369096756,80.1279602051,39181,39211,30
12.9369096756,80.1279602051,39211,39221,10
12.9366998672,80.1277770996,39221,39232,11
12.9362602234,80.1273574829,39232,39242,10
12.935669899,80.1268234253,39242,39252,10
12.9349803925,80.1261978149,39252,39262,10
12.9342098236,80.1254806519,39262,39272,10
12.9335603714,80.1248397827,39272,39282,10
12.9329395294,80.1242523193,39282,39292,10
12.9322795868,80.1236114502,39292,39302,10
12.9315900803,80.1229171753,39302,39312,10
12.9308900833,80.122177124,39312,39322,10
12.9303197861,80.1216506958,39322,39332,10
12.9297304153,80.1210479736,39332,39343,11
12.9290304184,80.1203079224,39343,39353,10
12.9283800125,80.1196365356,39353,39363,10
12.9279203415,80.1192169189,39363,39373,10
12.9277496338,80.1190414429,39373,39383,10
12.9276504517,80.118927002,39383,39393,10
12.9276199341,80.118888855,39393,39403,10
12.9274997711,80.1187820435,39403,39413,10
12.9273099899,80.1185836792,39413,39464,51
12.9273099899,80.1185836792,39464,39474,10
12.9270095825,80.1182327271,39474,39484,10
12.926659584,80.1178817749,39484,39494,10
12.926320076,80.1175765991,39494,39504,10
12.9262695313,80.1175537109,39504,39514,10
12.9262104034,80.1175079346,39514,39524,10
12.926030159,80.1173782349,39524,39534,10
12.9256801605,80.1170806885,39534,39545,11
12.9250602722,80.1164398193,39545,39555,10
12.9244203568,80.1158218384,39555,39565,10
12.9242401123,80.1156692505,39565,39575,10
12.9240999222,80.1155395508,39575,39585,10
12.9238996506,80.1151123047,39585,39595,10
12.9242601395,80.1151275635,39595,39605,10
12.9248399734,80.1157302856,39605,39615,10
12.9256896973,80.1166000366,39615,39625,10
12.9262199402,80.1172637939,39625,39635,10
12.9266796112,80.1177215576,39635,39645,10
12.9267597198,80.1177902222,39645,39656,11
12.9269399643,80.1179122925,39656,39676,20
12.9269399643,80.1179122925,39676,39686,10
12.9270496368,80.118019104,39686,39696,10
12.9271402359,80.1181106567,39696,39706,10
12.9272403717,80.1182479858,39706,39716,10
12.9272699356,80.1182785034,39716,39726,10
12.9274301529,80.1185684204,39726,39736,10
12.9278297424,80.1189727783,39736,39746,10
12.9283599854,80.119468689,39746,39757,11
12.9288797379,80.1199493408,39757,39817,60
12.9288797379,80.1199493408,39817,39827,10
12.929019928,80.1200714111,39827,39837,10
12.9292097092,80.1202392578,39837,39888,51
12.9292097092,80.1202392578,39888,39898,10
12.9292602539,80.1203536987,39898,39908,10
12.9299497604,80.1210021973,39908,39938,30
12.9299497604,80.1210021973,39938,39948,10
12.9300403595,80.1211090088,39948,39958,10
12.9304800034,80.1215591431,39958,39969,11
12.9312601089,80.1223602295,39969,39979,10
12.9320497513,80.1231613159,39979,39989,10
12.9328203201,80.1239318848,39989,39999,10
12.933549881,80.1246795654,39999,40009,10
12.9342699051,80.1253890991,40009,40019,10
12.9349498749,80.1260375977,40019,40029,10
12.9355697632,80.1265029907,40029,40039,10
12.9358596802,80.126663208,40039,40049,10
12.9361095428,80.1269378662,40049,40059,10
12.9363603592,80.1272201538,40059,40070,11
12.9366502762,80.1273574829,40070,40080,10
12.9369602203,80.1275100708,40080,40090,10
12.9374198914,80.1278076172,40090,40150,60
12.9374198914,80.1278076172,40150,40160,10
12.9375095367,80.1281433105,40160,40170,10
12.9379396439,80.1285476685,40170,40181,11
12.9386997223,80.1293029785,40181,40191,10
12.9397001266,80.1302108765,40191,40201,10
12.9407901764,80.1312866211,40201,40211,10
12.9417295456,80.132232666,40211,40221,10
12.9423398972,80.1328887939,40221,40231,10
12.942899704,80.1335067749,40231,40241,10
12.9436197281,80.1342163086,40241,40251,10
12.9441604614,80.1346588135,40251,40261,10
12.944849968,80.1351928711,40261,40271,10
12.9457998276,80.1359405518,40271,40282,11
12.9468898773,80.1367797852,40282,40292,10
12.9476203918,80.1372375488,40292,40302,10
12.9479799271,80.1374969482,40302,40312,10
12.9486303329,80.1379699707,40312,40322,10
12.9495000839,80.138633728,40322,40332,10
12.9502000809,80.1391067505,40332,40342,10
12.950510025,80.1393814087,40342,40352,10
12.950799942,80.1396102905,40352,40362,10
12.9511203766,80.139793396,40362,40413,51
12.9511203766,80.139793396,40413,40423,10
12.951379776,80.1399688721,40423,40433,10
12.9514102936,80.1399917603,40433,40443,10
12.9516401291,80.1401596069,40443,40453,10
12.9519395828,80.1405181885,40453,40463,10
12.952340126,80.1409225464,40463,40473,10
12.9528503418,80.1412963867,40473,40483,10
12.9532203674,80.1415328979,40483,40494,11
12.9536399841,80.141746521,40494,40504,10
12.9543600082,80.1421432495,40504,40514,10
12.9553499222,80.1426620483,40514,40524,10
12.9561700821,80.1430664063,40524,40544,20
12.9561700821,80.1430664063,40544,40554,10
12.9562597275,80.1431427002,40554,40564,10
12.9566202164,80.1433181763,40564,40574,10
12.9573202133,80.1436767578,40574,40584,10
12.9581899643,80.1440963745,40584,40595,11
12.9592399597,80.1446075439,40595,40605,10
12.960149765,80.1450881958,40605,40615,10
12.9606304169,80.1454391479,40615,40625,10
12.9603204727,80.1458969116,40625,40635,10
12.9602203369,80.1462783813,40635,40645,10
12.9600601196,80.1470108032,40645,40655,10
12.9598302841,80.1480102539,40655,40665,10
12.9595804214,80.1492919922,40665,40675,10
12.9588003159,80.1502227783,40675,40685,10
12.9585800171,80.1503982544,40685,40695,10
12.9583597183,80.1505584717,40695,40706,11
12.9577302933,80.1510696411,40706,40716,10
12.9569396973,80.1517028809,40716,40726,10
12.9561004639,80.1525192261,40726,40736,10
12.9555997849,80.1537017822,40736,40746,10
12.9552698135,80.1550521851,40746,40756,10
12.9549598694,80.1565093994,40756,40766,10
12.9546499252,80.157951355,40766,40776,10
12.9545001984,80.1587905884,40776,40786,10
12.954369545,80.1594696045,40786,40796,10
12.9543600082,80.1594924927,40796,40807,11
12.9542999268,80.1597595215,40807,40817,10
12.9541397095,80.1605224609,40817,40827,10
12.9539003372,80.1615982056,40827,40837,10
12.9535999298,80.1629867554,40837,40847,10
12.9532604218,80.1645965576,40847,40857,10
12.9528999329,80.1662368774,40857,40867,10
12.9524803162,80.1678619385,40867,40877,10
12.9521799088,80.1692276001,40877,40887,10
12.9520301819,80.1703109741,40887,40897,10
12.9519796371,80.1705932617,40897,40907,10
12.9518899918,80.1710968018,40907,40918,11
12.9517002106,80.1720809937,40918,40928,10
12.951499939,80.1732635498,40928,40938,10
12.9512996674,80.1743011475,40938,40948,10
12.9512195587,80.1747207642,40948,40958,10
12.9511899948,80.1748428345,40958,40968,10
12.9510402679,80.1754302979,40968,40978,10
12.9508304596,80.1763534546,40978,40988,10
12.9505195618,80.177520752,40988,40998,10
12.9501695633,80.1788635254,40998,41008,10
12.9498701096,80.180229187,41008,41019,11
12.9496803284,80.1812896729,41019,41029,10
12.9495697021,80.1819076538,41029,41039,10
12.9494199753,80.1828231812,41039,41049,10
12.9492902756,80.1836624146,41049,41059,10
12.949259758,80.1839370728,41059,41069,10
12.949259758,80.18409729,41069,41079,10
12.9492101669,80.1850585938,41079,41150,71
12.9492101669,80.1850585938,41150,41160,10
12.9492301941,80.1852111816,41160,41170,10
12.9491596222,80.1856384277,41170,41180,10
12.9490995407,80.1863021851,41180,41190,10
12.9490299225,80.186920166,41190,41200,10
12.948969841,80.1875762939,41200,41210,10
12.9489097595,80.1883010864,41210,41220,10
12.9488801956,80.1889266968,41220,41231,11
12.948800087,80.189743042,41231,41241,10
12.9486999512,80.1907806396,41241,41251,10
12.9486103058,80.1920776367,41251,41261,10
12.9485797882,80.1933670044,41261,41271,10
12.948559761,80.194519043,41271,41281,10
12.9485797882,80.1954116821,41281,41291,10
12.9485797882,80.1957168579,41291,41301,10
12.9485502243,80.1958236694,41301,41311,10
12.9485397339,80.1964416504,41311,41321,10
12.9485197067,80.1974334717,41321,41332,11
12.9485197067,80.1985702515,41332,41342,10
12.9485702515,80.1994018555,41342,41352,10
12.9485797882,80.1995162964,41352,41362,10
12.9485797882,80.1998596191,41362,41372,10
12.9486103058,80.2006225586,41372,41382,10
12.9486398697,80.2016067505,41382,41392,10
12.9486598969,80.2028121948,41392,41402,10
12.948679924,80.2034072876,41402,41412,10
12.9486904144,80.2037963867,41412,41422,10
12.9487104416,80.2046279907,41422,41432,10
12.9487400055,80.2057495117,41432,41443,11
12.9486999512,80.2069396973,41443,41453,10
12.9486398697,80.2078399658,41453,41463,10
12.9485301971,80.2093276978,41463,41493,30
12.9485301971,80.2093276978,41493,41503,10
12.9484996796,80.2096099854,41503,41513,10
12.9484796524,80.2101211548,41513,41523,10
12.9484901428,80.2102127075,41523,41533,10
12.9484701157,80.2105026245,41533,41544,11
12.9484596252,80.2113037109,41544,41554,10
12.9484701157,80.2123336792,41554,41564,10
12.948559761,80.2135925293,41564,41574,10
12.9486904144,80.2149429321,41574,41584,10
12.9488296509,80.2163314819,41584,41594,10
12.9489803314,80.2177581787,41594,41604,10
12.9491300583,80.2192077637,41604,41614,10
12.9492797852,80.2206802368,41614,41624,10
12.9494104385,80.2220230103,41624,41634,10
12.9494695663,80.2232589722,41634,41644,10
12.9495000839,80.2244873047,41644,41655,11
12.9495897293,80.2262878418,41655,41665,10
12.949669838,80.2278671265,41665,41675,10
12.949760437,80.2294998169,41675,41685,10
12.9498796463,80.2310562134,41685,41695,10
12.9499702454,80.232383728,41695,41705,10
12.9500398636,80.2331314087,41705,41735,30
12.9500398636,80.2331314087,41735,41745,10
12.9500398636,80.2334213257,41745,41756,11
12.9500598907,80.2342300415,41756,41766,10
12.9499702454,80.2351303101,41766,41776,10
12.9499397278,80.2357330322,41776,41836,60
12.9499397278,80.2357330322,41836,41846,10
12.9499597549,80.2360992432,41846,41856,10
12.9497699738,80.2366790771,41856,41867,11
12.9496002197,80.2376327515,41867,41877,10
12.9494600296,80.238571167,41877,41887,10
12.949259758,80.2395782471,41887,41897,10
12.9491100311,80.240272522,41897,41907,10
12.9490995407,80.2403030396,41907,41917,10
12.9490299225,80.240447998,41917,41927,10
12.9492797852,80.2408599854,41927,41937,10
12.9500999451,80.2410964966,41937,41947,10
12.950969696,80.2413330078,41947,41957,10
12.9510602951,80.2413635254,41957,41968,11
12.951379776,80.2415008545,41968,41978,10
12.9520797729,80.2417526245,41978,41988,10
12.9530200958,80.2421035767,41988,41998,10
12.9539403915,80.2424621582,41998,42008,10
12.9548397064,80.2428207397,42008,42018,10
12.9556303024,80.2431106567,42018,42028,10
12.956199646,80.2433395386,42028,42079,51
12.956199646,80.2433395386,42079,42089,10
12.9565200806,80.2434692383,42089,42099,10
12.9570198059,80.2436599731,42099,42109,10
12.9578504562,80.2440185547,42109,42119,10
12.9587202072,80.244392395,42119,42129,10
12.9589500427,80.2444915771,42129,42139,10
12.9591598511,80.2445983887,42139,42149,10
12.959690094,80.2448577881,42149,42159,10
12.9605197906,80.2452468872,42159,42169,10
12.9615802765,80.2457427979,42169,42180,11
12.9626998901,80.2462463379,42180,42190,10
12.9629602432,80.246383667,42190,42200,10
12.9631500244,80.2464904785,42200,42210,10
12.9635000229,80.2466430664,42210,42220,10
12.9640398026,80.246887207,42220,42230,10
12.9649000168,80.2472229004,42230,42240,10
12.965880394,80.2475585938,42240,42250,10
12.9666500092,80.2478713989,42250,42260,10
12.9668197632,80.2479629517,42260,42270,10
12.9669103622,80.2479782104,42270,42280,10
12.9669399261,80.2480010986,42280,42291,11
12.9669799805,80.2480392456,42291,42301,10
12.9673995972,80.2482223511,42301,42311,10
12.9682798386,80.2486190796,42311,42321,10
12.9693698883,80.2489929199,42321,42331,10
12.970580101,80.2495117188,42331,42341,10
12.9718103409,80.2498779297,42341,42351,10
12.9729099274,80.2501602173,42351,42361,10
12.9736404419,80.2503509521,42361,42371,10
12.9741601944,80.2504806519,42371,42381,10
12.9750795364,80.2507476807,42381,42392,11
12.9763698578,80.2511062622,42392,42402,10
12.9775600433,80.2515563965,42402,42412,10
12.9784202576,80.252243042,42412,42422,10
12.9785299301,80.2523193359,42422,42432,10
12.9787902832,80.2525024414,42432,42442,10
12.9795799255,80.2526397705,42442,42452,10
12.9803600311,80.2526702881,42452,42462,10
12.9813804626,80.2526321411,42462,42472,10
12.9824495316,80.2526016235,42472,42482,10
12.9835996628,80.2524719238,42482,42493,11
12.9845199585,80.2521896362,42493,42503,10
12.984749794,80.2521209717,42503,42513,10
12.9852695465,80.251991272,42513,42523,10
12.9858903885,80.2518234253,42523,42533,10
12.9861402512,80.251739502,42533,42543,10
12.9864301682,80.251663208,42543,42553,10
12.986989975,80.2515487671,42553,42745,192
12.986989975,80.2515487671,42745,42755,10
12.9873399734,80.251449585,42755,42765,10
12.9877004623,80.251373291,42765,42775,10
12.9879598618,80.2516479492,42775,42785,10
12.9880399704,80.2523498535,42785,42795,10
12.987950325,80.2532501221,42795,42806,11
12.987859726,80.254119873,42806,42816,10
12.9878196716,80.254699707,42816,42826,10
12.9878196716,80.2547225952,42826,42836,10
12.9877595901,80.2550582886,42836,42846,10
12.9876899719,80.2554626465,42846,42856,10
12.987569809,80.2558822632,42856,42866,10
12.9875602722,80.2562179565,42866,42876,10
12.9875402451,80.2565231323,42876,42886,10
12.9874801636,80.2571334839,42886,42896,10
12.9874095917,80.2580490112,42896,42906,10
12.9873600006,80.2589111328,42906,42917,11
12.9872198105,80.2594985962,42917,42947,30
12.9872198105,80.2594985962,42947,42957,10
12.9872503281,80.2596588135,42957,42967,10
12.9872198105,80.2596893311,42967,42977,10
12.9870195389,80.2596664429,42977,42987,10
12.9867897034,80.2596435547,42987,42997,10
12.9866199493,80.2593078613,42997,43866,869
12.9866199493,80.2593078613,43866,43876,10
12.9869403839,80.2590408325,43876,43926,50
12.9869403839,80.2590408325,43926,43936,10
12.9872999191,80.2589492798,43936,43946,10
12.9873304367,80.2586212158,43946,43957,11
12.9873504639,80.2582168579,43957,43967,10
12.9874000549,80.2579879761,43967,43977,10
12.987449646,80.2576293945,43977,43987,10
12.9875497818,80.256980896,43987,43997,10
12.9875898361,80.2561798096,43997,44007,10
12.9876203537,80.2559204102,44007,44017,10
12.9876804352,80.2557067871,44017,44027,10
12.987739563,80.2551193237,44027,44037,10
12.9877595901,80.2549667358,44037,44047,10
12.9877996445,80.2546005249,44047,44058,11
12.9878797531,80.2537384033,44058,44068,10
12.9879598618,80.2524795532,44068,44088,20
12.9879598618,80.2524795532,44088,44098,10
12.9879798889,80.252281189,44098,44108,10
12.9879102707,80.2519378662,44108,44118,10
12.9878396988,80.2517089844,44118,44128,10
12.987739563,80.2516098022,44128,44138,10
12.9873104095,80.2516021729,44138,44148,10
12.986700058,80.2517318726,44148,44158,10
12.9857196808,80.2519378662,44158,44169,11
12.9842596054,80.2523269653,44169,44179,10
12.983130455,80.2526016235,44179,44189,10
12.9816198349,80.2526779175,44189,44199,10
12.9804201126,80.2527618408,44199,44209,10
12.9797401428,80.2527389526,44209,44219,10
12.9787797928,80.2526321411,44219,44229,10
12.9783201218,80.2524032593,44229,44239,10
12.9775896072,80.2517776489,44239,44249,10
12.9763698578,80.2511672974,44249,44259,10
12.974729538,80.2507171631,44259,44270,11
12.9729404449,80.2502593994,44270,44280,10
12.9715299606,80.2499237061,44280,44290,10
12.9698896408,80.2493667603,44290,44300,10
12.9683103561,80.2487716675,44300,44310,10
12.9668798447,80.2481613159,44310,44320,10
12.9656000137,80.2475662231,44320,44330,10
12.9648895264,80.2473602295,44330,44340,10
12.9643697739,80.2471466064,44340,44350,10
12.9633998871,80.2467422485,44350,44360,10
12.9621200562,80.2461013794,44360,44371,11
12.9603796005,80.2452774048,44371,44381,10
12.9591999054,80.2447280884,44381,44391,10
12.9580497742,80.2442321777,44391,44401,10
12.9571800232,80.2439575195,44401,44431,30
12.9571800232,80.2439575195,44431,44441,10
12.9569597244,80.2438964844,44441,44451,10
12.9568796158,80.2438812256,44451,44461,10
12.9566698074,80.243812561,44461,44482,21
12.9566698074,80.243812561,44482,44492,10
12.9564599991,80.2437362671,44492,44522,30
12.9564599991,80.2437362671,44522,44532,10
12.9562196732,80.2436294556,44532,44542,10
12.9555997849,80.243270874,44542,44552,10
12.9545898438,80.2427902222,44552,44562,10
12.9538202286,80.2424926758,44562,44572,10
12.9527301788,80.2420425415,44572,44583,11
12.9516296387,80.2416610718,44583,44593,10
12.9516096115,80.2416534424,44593,44603,10
12.9511604309,80.2414474487,44603,44613,10
12.9502496719,80.2411499023,44613,44623,10
12.9492101669,80.2408370972,44623,44653,30
12.9492101669,80.2408370972,44653,44663,10
12.9490804672,80.2408828735,44663,44673,10
12.9488401413,80.2406616211,44673,44683,10
12.9489803314,80.2400436401,44683,44694,11
12.9491701126,80.2393188477,44694,44704,10
12.949259758,80.2391433716,44704,44714,10
12.9494495392,80.2383880615,44714,44724,10
12.9496002197,80.2373428345,44724,44734,10
12.9497098923,80.2364425659,44734,44744,10
12.9498195648,80.2359313965,44744,44754,10
12.9498796463,80.2355194092,44754,44764,10
12.9499902725,80.2346572876,44764,44774,10
12.9500303268,80.2339096069,44774,44784,10
12.9500198364,80.2338180542,44784,44795,11
12.9499998093,80.2331008911,44795,44805,10
12.9498901367,80.2319488525,44805,44815,10
12.9497804642,80.2303771973,44815,44825,10
12.949669838,80.2285614014,44825,44835,10
12.9495601654,80.2267608643,44835,44845,10
12.9494600296,80.2251205444,44845,44855,10
12.9494104385,80.2232971191,44855,44865,10
12.9492998123,80.2214431763,44865,44875,10
12.9491195679,80.2195892334,44875,44885,10
12.9489297867,80.217666626,44885,44895,10
12.9487199783,80.2155532837,44895,44906,11
12.94851017,80.2136383057,44906,44916,10
12.9483995438,80.2117004395,44916,44926,10
12.9483499527,80.210319519,44926,44936,10
12.948340416,80.2098007202,44936,44946,10
12.9484395981,80.2092208862,44946,44956,10
12.9485301971,80.2083435059,44956,44966,10
12.9486303329,80.2072067261,44966,44976,10
12.9486999512,80.2057723999,44976,44986,10
12.9486703873,80.2041931152,44986,44996,10
12.9486103058,80.2026824951,44996,45008,12
12.948559761,80.201171875,45008,45018,10
12.9484996796,80.1997680664,45018,45028,10
12.9484796524,80.1990814209,45028,45038,10
12.9484596252,80.1987991333,45038,45047,9
12.9484796524,80.1982574463,45047,45058,11
12.9484996796,80.1972198486,45058,45068,10
12.94851017,80.195930481,45068,45078,10
12.9484996796,80.1955032349,45078,45088,10
12.94851017,80.1951293945,45088,45098,10
12.9485197067,80.1942596436,45098,45109,11
12.9485397339,80.1932678223,45109,45119,10
12.9485702515,80.1920623779,45119,45129,10
12.9486703873,80.190612793,45129,45139,10
12.9487800598,80.1891784668,45139,45149,10
12.9488801956,80.1876831055,45149,45159,10
12.9489803314,80.1863021851,45159,45169,10
12.9489402771,80.185256958,45169,45189,20
12.9489402771,80.185256958,45189,45199,10
12.9490003586,80.1851196289,45199,45209,10
12.9490995407,80.1844329834,45209,45220,11
12.9491596222,80.1838989258,45220,45230,10
12.9492197037,80.1836090088,45230,45240,10
12.9493503571,80.182800293,45240,45250,10
12.9495296478,80.181678772,45250,45260,10
12.9496202469,80.181137085,45260,45270,10
12.949760437,80.1804428101,45270,45280,10
12.9499998093,80.179359436,45280,45290,10
12.9503803253,80.1779327393,45290,45300,10
12.950799942,80.1762771606,45300,45310,10
12.9511003494,80.1747436523,45310,45321,11
12.9511804581,80.1743621826,45321,45331,10
12.9512996674,80.1739120483,45331,45341,10
12.951499939,80.172996521,45341,45351,10
12.9517402649,80.1717071533,45351,45361,10
12.9519796371,80.1702575684,45361,45371,10
12.9522304535,80.1687469482,45371,45381,10
12.9526596069,80.1670532227,45381,45391,10
12.9531002045,80.1652832031,45391,45401,10
12.9534597397,80.1634979248,45401,45411,10
12.9538602829,80.1617202759,45411,45421,10
12.9542198181,80.1600036621,45421,45432,11
12.954460144,80.1586837769,45432,45442,10
12.9545297623,80.1583023071,45442,45452,10
12.9546899796,80.1575775146,45452,45462,10
12.9549198151,80.1566009521,45462,45472,10
12.9551696777,80.1553115845,45472,45482,10
12.9555101395,80.1539230347,45482,45492,10
12.9560098648,80.1525115967,45492,45502,10
12.9570198059,80.1514663696,45502,45512,10
12.9580402374,80.1506271362,45512,45522,10
12.9587097168,80.150062561,45522,45533,11
12.9589195251,80.1499099731,45533,45543,10
12.9594602585,80.1493225098,45543,45553,10
12.9597196579,80.1483001709,45553,45563,10
12.9599599838,80.1471862793,45563,45573,10
12.9601602554,80.1461791992,45573,45583,10
12.9602603912,80.1455917358,45583,45593,10
12.9602603912,80.1452407837,45593,45602,9
12.9608602524,80.1454162598,45602,45613,11
12.9619102478,80.1460113525,45613,45623,10
12.9630403519,80.1466217041,45623,45633,10
12.9641799927,80.1473464966,45633,45644,11
12.965259552,80.1480102539,45644,45654,10
12.9664497375,80.1486206055,45654,45664,10
12.9671602249,80.1489334106,45664,45674,10
12.9672298431,80.1489715576,45674,45684,10
12.9675102234,80.1491317749,45684,45694,10
12.9681901932,80.1494293213,45694,45714,20
12.9681901932,80.1494293213,45714,45724,10
12.9683504105,80.1495437622,45724,45734,10
12.9688100815,80.1497192383,45734,45745,11
12.969209671,80.1499404907,45745,45755,10
12.9700803757,80.1503829956,45755,45765,10
12.971159935,80.1508865356,45765,45775,10
12.9716796875,80.1510925293,45775,45785,10
12.9721899033,80.1513900757,45785,45795,10
12.9727802277,80.1521530151,45795,45805,10
12.973279953,80.1528701782,45805,45906,101
12.973279953,80.1528701782,45906,45916,10
12.9732303619,80.1531524658,45916,45926,10
12.9729700089,80.1527099609,45926,45936,10
12.9724502563,80.1519317627,45936,45946,10
12.9717302322,80.151260376,45946,45957,11
12.9707698822,80.1507720947,45957,45967,10
12.9699001312,80.1503677368,45967,45977,10
12.9694004059,80.1502075195,45977,45997,20
12.9694004059,80.1502075195,45997,46007,10
12.9692802429,80.1499710083,46007,46017,10
12.9691400528,80.149810791,46017,46027,10
12.9688196182,80.1496887207,46027,46037,10
12.9686803818,80.1496734619,46037,46047,10
12.9684295654,80.1495819092,46047,46058,11
12.9677295685,80.149269104,46058,46068,10
12.9669103622,80.1488800049,46068,46078,10
12.9660196304,80.1484298706,46078,46088,10
12.9653100967,80.1480712891,46088,46098,10
12.9647598267,80.1477813721,46098,46108,10
12.9644298553,80.1475982666,46108,46118,10
12.9639101028,80.1473083496,46118,46128,10
12.963139534,80.1470031738,46128,46138,10
12.9622402191,80.1465072632,46138,46148,10
12.9614696503,80.1460876465,46148,46158,10
12.9605102539,80.1456298828,46158,46169,11
12.9601898193,80.146232605,46169,46179,10
12.9599599838,80.1473464966,46179,46189,10
12.9596595764,80.1488037109,46189,46199,10
12.9590902328,80.1499633789,46199,46209,10
12.958530426,80.1504211426,46209,46219,10
12.9581003189,80.1507720947,46219,46229,10
12.9573497772,80.1513519287,46229,46239,10
12.9563398361,80.1522216797,46239,46249,10
12.955619812,80.1536407471,46249,46259,10
12.9552097321,80.1554031372,46259,46270,11
12.9548196793,80.1573181152,46270,46280,10
12.9545402527,80.1587905884,46280,46300,20
12.9545402527,80.1587905884,46300,46310,10
12.9545202255,80.1588973999,46310,46320,10
12.9543895721,80.159538269,46320,46330,10
12.9541597366,80.1606063843,46330,46340,10
12.9538803101,80.1619110107,46340,46350,10
12.9535999298,80.163269043,46350,46360,10
12.9532804489,80.1646575928,46360,46370,10
12.9529104233,80.1663208008,46370,46381,11
12.9524002075,80.168258667,46381,46391,10
12.9520702362,80.1699981689,46391,46401,10
12.9518003464,80.17162323,46401,46411,10
12.951499939,80.1732788086,46411,46421,10
12.951259613,80.1745910645,46421,46431,10
12.951210022,80.1748275757,46431,46441,10
12.9510602951,80.1754226685,46441,46451,10
12.9508304596,80.1764831543,46451,46461,10
12.9504804611,80.1777877808,46461,46471,10
12.9501199722,80.1791763306,46471,46482,11
12.9498500824,80.1805267334,46482,46492,10
12.9497203827,80.181427002,46492,46502,10
12.9495801926,80.1821212769,46502,46512,10
12.949379921,80.1832427979,46512,46522,10
12.9492902756,80.1839065552,46522,46532,10
12.949259758,80.1840896606,46532,46542,10
12.9492301941,80.1847686768,46542,46552,10
12.9492502213,80.1852416992,46552,46562,10
12.9492502213,80.185256958,46562,46572,10
12.9492101669,80.1854782104,46572,46582,10
12.9491195679,80.1861572266,46582,46593,11
12.9490203857,80.187286377,46593,46603,10
12.9489097595,80.1884994507,46603,46613,10
12.9487895966,80.1898193359,46613,46623,10
12.9486598969,80.1912994385,46623,46633,10
12.9485998154,80.1928329468,46633,46643,10
12.9485797882,80.1940078735,46643,46653,10
12.9485797882,80.1950378418,46653,46663,10
12.948559761,80.1957778931,46663,46673,10
12.9485197067,80.1966705322,46673,46683,10
12.94851017,80.1979827881,46683,46694,11
12.948559761,80.1992874146,46694,46704,10
12.9485702515,80.199546814,46704,46714,10
12.9485998154,80.1999435425,46714,46724,10
12.9486198425,80.2008666992,46724,46734,10
12.9486703873,80.2021713257,46734,46744,10
12.9486999512,80.2036514282,46744,46754,10
12.9487400055,80.2051696777,46754,46764,10
12.9487400055,80.2065887451,46764,46774,10
12.9486999512,80.2075881958,46774,46784,10
12.948559761,80.2092132568,46784,46805,21
12.948559761,80.2092132568,46805,46815,10
12.9485502243,80.2092971802,46815,46825,10
12.9485397339,80.2098236084,46825,46835,10
12.9484596252,80.2101974487,46835,46845,10
12.9484300613,80.2111206055,46845,46855,10
12.9484901428,80.212348938,46855,46865,10
12.9486103058,80.2137527466,46865,46875,10
12.9487495422,80.2152023315,46875,46885,10
12.9489202499,80.216758728,46885,46895,10
12.9490499496,80.2183685303,46895,46906,11
12.9491701126,80.2197570801,46906,46916,10
12.9493198395,80.2210464478,46916,46926,10
12.9494304657,80.2225723267,46926,46936,10
12.9494895935,80.2238693237,46936,46946,10
12.9495897293,80.2257995605,46946,46956,10
12.949669838,80.2271194458,46956,46966,10
12.9497098923,80.2285308838,46966,46976,10
12.9498100281,80.229927063,46976,46986,10
12.9499197006,80.2313308716,46986,46996,10
12.9499998093,80.2325820923,46996,47007,11
12.9500303268,80.2331008911,47007,47017,10
12.9500303268,80.2333602905,47017,47027,10
12.9500398636,80.2341308594,47027,47037,10
12.9499597549,80.2350692749,47037,47047,10
12.9498996735,80.2357177734,47047,47057,10
12.9498996735,80.2357406616,47057,47067,10
12.9498796463,80.2359771729,47067,47077,10
12.9497404099,80.2366790771,47077,47087,10
12.9496498108,80.2373504639,47087,47097,10
12.9495897293,80.2378616333,47097,47107,10
12.9494400024,80.2387008667,47107,47118,11
12.9492301941,80.2397689819,47118,47128,10
12.9491100311,80.2403488159,47128,47138,10
12.9491100311,80.2405929565,47138,47148,10
12.9493303299,80.2408294678,47148,47158,10
12.9499597549,80.2410430908,47158,47168,10
12.9507799149,80.2412719727,47168,47178,10
12.9510202408,80.2413635254,47178,47188,10
12.9514799118,80.2415390015,47188,47198,10
12.952340126,80.241859436,47198,47208,10
12.9534702301,80.2423019409,47208,47219,11
12.9546203613,80.242767334,47219,47229,10
12.955450058,80.2431030273,47229,47239,10
12.9562997818,80.2434463501,47239,47249,10
12.9563798904,80.2434921265,47249,47259,10
12.9569702148,80.2436981201,47259,47269,10
12.9579296112,80.2440795898,47269,47279,10
12.9587097168,80.2443695068,47279,47289,10
12.9587802887,80.2444076538,47289,47299,10
12.9590196609,80.2445220947,47299,47309,10
12.9591798782,80.2445831299,47309,47319,10
12.9597997665,80.2448577881,47319,47330,11
12.9608697891,80.2453536987,47330,47340,10
12.9620399475,80.2459106445,47340,47350,10
12.9627895355,80.2462615967,47350,47360,10
12.96296978,80.2463531494,47360,47370,10
12.9632396698,80.2465133667,47370,47380,10
12.9638500214,80.2468032837,47380,47390,10
12.9647197723,80.2471313477,47390,47400,10
12.9655599594,80.2473983765,47400,47410,10
12.9661102295,80.2476119995,47410,47420,10
12.9666700363,80.2478637695,47420,47431,11
12.9667196274,80.2478790283,47431,47441,10
12.9670000076,80.2480316162,47441,47451,10
12.9676504135,80.248336792,47451,47461,10
12.9686803818,80.2487564087,47461,47471,10
12.9698696136,80.2492218018,47471,47481,10
12.9712400436,80.2496795654,47481,47491,10
12.9724903107,80.25,47491,47501,10
12.9737796783,80.2503585815,47501,47511,10
12.9751996994,80.2507629395,47511,47521,10
12.9764795303,80.2511291504,47521,47532,11
12.9775800705,80.2516174316,47532,47542,10
12.9783496857,80.2522125244,47542,47562,20
12.9783496857,80.2522125244,47562,47572,10
12.9785203934,80.2523574829,47572,47582,10
12.9790096283,80.2525482178,47582,47592,10
12.97976017,80.2526397705,47592,47663,71
12.97976017,80.2526397705,47663,47673,10
12.9801902771,80.2525482178,47673,47683,10
12.9810199738,80.2525634766,47683,47693,10
12.9820899963,80.2525482178,47693,47703,10
12.9828395844,80.2525024414,47703,47824,121
12.9828395844,80.2525024414,47824,47834,10
12.9832000732,80.2524490356,47834,47844,10
12.9834299088,80.2524414063,47844,47895,51
12.9834299088,80.2524414063,47895,47905,10
12.9836597443,80.2523803711,47905,47915,10
12.9839401245,80.2523117065,47915,47925,10
12.9841804504,80.2522277832,47925,47935,10
12.9845199585,80.2521362305,47935,48006,71
12.9845199585,80.2521362305,48006,48016,10
12.9850101471,80.2519989014,48016,48046,30
12.9850101471,80.2519989014,48046,48056,10
12.9852199554,80.251953125,48056,48067,11
12.9853000641,80.2519302368,48067,48077,10
12.9854803085,80.2518920898,48077,48087,10
12.9856796265,80.2518310547,48087,48127,40
12.9856796265,80.2518310547,48127,48137,10
12.9859600067,80.251739502,48137,48147,10
12.9861602783,80.2516937256,48147,48157,10
12.9862098694,80.2516784668,48157,48168,11
12.9863500595,80.2516479492,48168,48178,10
12.9865503311,80.2516479492,48178,48188,10
12.9869403839,80.2515106201,48188,48228,40
12.9869403839,80.2515106201,48228,48238,10
12.9871101379,80.2514572144,48238,48248,10
12.987569809,80.2513198853,48248,48258,10
12.9879398346,80.2515792847,48258,48269,11
12.9880199432,80.2521286011,48269,48279,10
12.9879703522,80.2526473999,48279,48289,10
12.9878997803,80.2535629272,48289,48299,10
12.987739563,80.2550430298,48299,48390,91
12.987739563,80.2550430298,48390,48400,10
12.9876804352,80.2552871704,48400,48410,10
12.9876804352,80.2556610107,48410,48420,10
12.9876003265,80.2562103271,48420,48430,10
12.9875001907,80.2568817139,48430,48440,10
12.9874200821,80.2577590942,48440,48450,10
12.9873600006,80.2584991455,48450,48460,10
12.9871997833,80.2585678101,48460,48491,31
12.9871997833,80.2585678101,48491,48501,10
12.9868898392,80.2585983276,48501,48511,10
12.986749649,80.2586898804,48511,48521,10
12.986749649,80.2589569092,48521,48531,10
12.986700058,80.2591018677,48531,48541,10
12.9865503311,80.2592468262,48541,48773,232
12.9865503311,80.2592468262,48773,48783,10
12.9868402481,80.2590408325,48783,48844,61
12.9871797562,80.2591018677,48844,48955,111
12.9871797562,80.2591018677,48955,48965,10
12.9874000549,80.2590332031,48965,48975,10
12.9873800278,80.2588424683,48975,48985,10
12.9873695374,80.2585220337,48985,48995,10
12.9873695374,80.258140564,48995,49006,11
12.9873800278,80.2575912476,49006,49016,10
12.9874296188,80.2571487427,49016,49026,10
12.9874601364,80.256729126,49026,49036,10
12.9875202179,80.2561569214,49036,49106,70
12.9875202179,80.2561569214,49106,49117,11
12.9876003265,80.255821228,49117,49127,10
12.9877099991,80.255279541,49127,49137,10
12.9877500534,80.2545700073,49137,49147,10
12.9877996445,80.253692627,49147,49157,10
12.9878997803,80.2526397705,49157,49167,10
12.9878396988,80.2518386841,49167,49228,61
12.9878396988,80.2518386841,49228,49238,10
12.9876203537,80.2516098022,49238,49278,40
12.9876203537,80.2516098022,49278,49288,10
12.9875001907,80.2516098022,49288,49298,10
12.9872999191,80.2516403198,49298,49308,10
12.9869499207,80.251663208,49308,49319,11
12.9863901138,80.2518005371,49319,49329,10
12.9856500626,80.2519836426,49329,49339,10
12.9847297668,80.252243042,49339,49349,10
12.9837398529,80.2525177002,49349,49359,10
12.9827404022,80.2526779175,49359,49369,10
12.9816999435,80.2527084351,49369,49379,10
12.9807195663,80.2527389526,49379,49389,10
12.9801301956,80.252822876,49389,49399,10
12.9796800613,80.2527770996,49399,49409,10
12.9791202545,80.2527008057,49409,49419,10
12.9785804749,80.2526016235,49419,49430,11
12.9784803391,80.2525482178,49430,49440,10
12.978099823,80.2522735596,49440,49450,10
12.9774799347,80.2517166138,49450,49460,10
12.9765396118,80.2512664795,49460,49470,10
12.975399971,80.2509384155,49470,49480,10
12.9742603302,80.2506027222,49480,49490,10
12.9730901718,80.250289917,49490,49500,10
12.9719295502,80.2499771118,49500,49510,10
12.9708900452,80.2497024536,49510,49520,10
12.9700298309,80.249420166,49520,49531,11
12.968870163,80.2489471436,49531,49541,10
12.9678297043,80.248550415,49541,49551,10
12.9668798447,80.2481307983,49551,49561,10
12.9662399292,80.2478179932,49561,49571,10
12.9650001526,80.2473831177,49571,49591,20
12.9650001526,80.2473831177,49591,49601,10
12.9648103714,80.2472915649,49601,49611,10
12.9643697739,80.2471084595,49611,49621,10
12.9637403488,80.246887207,49621,49631,10
12.9630804062,80.2465591431,49631,49642,11
12.9622602463,80.2461471558,49642,49652,10
12.9612598419,80.2456588745,49652,49662,10
12.9602298737,80.2452011108,49662,49672,10
12.9593696594,80.2448425293,49672,49682,10
12.9593000412,80.2448120117,49682,49692,10
12.9590597153,80.2446899414,49692,49702,10
12.9584999084,80.244430542,49702,49712,10
12.9577598572,80.2441177368,49712,49722,10
12.9569702148,80.2438583374,49722,49732,10
12.9563903809,80.2437210083,49732,49743,11
12.956319809,80.2436904907,49743,49753,10
12.9561901093,80.2436599731,49753,49763,10
12.9557504654,80.2434234619,49763,49773,10
12.9550800323,80.2430725098,49773,49783,10
12.9542798996,80.2427215576,49783,49793,10
12.9534101486,80.2423629761,49793,49803,10
12.952460289,80.2419662476,49803,49813,10
12.9517602921,80.2417373657,49813,49823,10
12.9516201019,80.2416915894,49823,49833,10
12.9513902664,80.2416000366,49833,49844,11
12.9508495331,80.2414016724,49844,49854,10
12.950050354,80.2411422729,49854,49864,10
12.9489803314,80.2407913208,49864,49894,30
12.9489803314,80.2407913208,49894,49904,10
12.9488697052,80.2404632568,49904,49914,10
12.9490699768,80.239730835,49914,49924,10
12.9491500854,80.2393417358,49924,49934,10
12.9491796494,80.2392730713,49934,49944,10
12.9493198395,80.238822937,49944,49955,11
12.9494895935,80.2379379272,49955,49965,10
12.949640274,80.2369613647,49965,49975,10
12.9497203827,80.2361373901,49975,49985,10
12.949760437,80.2358932495,49985,49995,10
12.9498195648,80.2354812622,49995,50005,10
12.9499197006,80.2347564697,50005,50015,10
12.9499998093,80.2337722778,50015,50035,20
12.9499998093,80.2337722778,50035,50045,10
12.9500198364,80.2335510254,50045,50056,11
12.9499998093,80.2328109741,50056,50066,10
12.9499197006,80.2318725586,50066,50076,10
12.9498195648,80.2306976318,50076,50086,10
12.9497299194,80.2294082642,50086,50096,10
12.9496603012,80.2281799316,50096,50106,10
12.9495897293,80.2265930176,50106,50116,10
12.9495096207,80.2250595093,50116,50126,10
12.9494400024,80.2234725952,50126,50136,10
12.9493703842,80.2220535278,50136,50146,10
12.9492197037,80.2203063965,50146,50156,10
12.9490995407,80.2190475464,50156,50167,11
12.9489002228,80.2169876099,50167,50177,10
12.9487304688,80.2154006958,50177,50187,10
12.9485797882,80.2138366699,50187,50197,10
12.9484500885,80.2123031616,50197,50207,10
12.9483995438,80.2108306885,50207,50217,10
12.9483604431,80.2097702026,50217,50227,10
12.9484796524,80.208946228,50227,50237,10
12.94851017,80.2086410522,50237,50247,10
12.9485397339,80.2084732056,50247,50257,10
12.9485797882,80.2079162598,50257,50268,11
12.9486598969,80.2069778442,50268,50278,10
12.9486999512,80.2059402466,50278,50288,10
12.948679924,80.2046966553,50288,50298,10
12.9486598969,80.2033691406,50298,50308,10
12.9486103058,80.2018966675,50308,50318,10
12.948559761,80.2003097534,50318,50328,10
12.9484901428,80.1990966797,50328,50338,10
12.9484701157,80.1988601685,50338,50348,10
12.9484596252,80.1986312866,50348,50358,10
12.9484395981,80.1979980469,50358,50368,10
12.9484701157,80.1971511841,50368,50379,11
12.9484796524,80.1960372925,50379,50389,10
12.9484796524,80.1956329346,50389,50399,10
12.9484796524,80.1955795288,50399,50409,10
12.9484901428,80.1951828003,50409,50419,10
12.9484996796,80.1944274902,50419,50429,10
12.9485197067,80.1934585571,50429,50439,10
12.948559761,80.1922988892,50439,50449,10
12.9486198425,80.1910095215,50449,50459,10
12.9487304688,80.1896591187,50459,50469,10
12.9488697052,80.1882171631,50469,50480,11
12.9490203857,80.1864776611,50480,50490,10
12.9489898682,80.1853408813,50490,50550,60
12.9489898682,80.1853408813,50550,50560,10
12.9490203857,80.1852874756,50560,50570,10
12.9490804672,80.1848983765,50570,50580,10
12.9491300583,80.1843566895,50580,50591,11
12.9491796494,80.1838531494,50591,50601,10
12.949259758,80.1834564209,50601,50611,10
12.949379921,80.1827087402,50611,50621,10
12.9495601654,80.1817474365,50621,50631,10
12.9496898651,80.1809463501,50631,50641,10
12.9498500824,80.1801071167,50641,50651,10
12.9500904083,80.1790237427,50651,50661,10
12.9504404068,80.1777191162,50661,50671,10
12.9508199692,80.176322937,50671,50681,10
12.951089859,80.1750183105,50681,50692,11
12.9513597488,80.173828125,50692,50702,10
12.9516000748,80.1726226807,50702,50712,10
12.9517402649,80.1716766357,50712,50722,10
12.951789856,80.1713180542,50722,50732,10
12.9518899918,80.1708297729,50732,50741,9
12.9520196915,80.1700210571,50741,50752,11
12.9521999359,80.1690292358,50752,50762,10
12.952460289,80.1679229736,50762,50772,10
12.952750206,80.1667633057,50772,50782,10
12.9530000687,80.1656799316,50782,50792,10
12.9532499313,80.1645431519,50792,50803,11
12.9535598755,80.1630783081,50803,50813,10
12.9538803101,80.1616363525,50813,50823,10
12.9541797638,80.1601715088,50823,50833,10
12.9544200897,80.1588821411,50833,50853,20
12.9544200897,80.1588821411,50853,50863,10
12.9544897079,80.1585464478,50863,50873,10
12.9546203613,80.1579666138,50873,50883,10
12.9547996521,80.157119751,50883,50893,10
12.9550304413,80.1560592651,50893,50904,11
12.9553403854,80.1546707153,50904,50914,10
12.9556999207,80.1533126831,50914,50924,10
12.9563999176,80.1520080566,50924,50934,10
12.9574899673,80.1510620117,50934,50944,10
12.9584102631,80.1503067017,50944,50954,10
12.9587202072,80.1500320435,50954,50964,10
12.9589395523,80.1498794556,50964,50974,10
12.959400177,80.1494293213,50974,50984,10
12.9596395493,80.1486587524,50984,50994,10
12.9598197937,80.1477966309,50994,51005,11
12.9600000381,80.1470108032,51005,51015,10
12.9601802826,80.1461715698,51015,51025,10
12.9603004456,80.1455688477,51025,51035,10
12.9602603912,80.1452636719,51035,51045,10
12.9606199265,80.1452331543,51045,51055,10
12.9612598419,80.1455993652,51055,51065,10
12.962100029,80.1460723877,51065,51075,10
12.9630298615,80.1465911865,51075,51085,10
12.9639797211,80.1472320557,51085,51095,10
12.964969635,80.1478271484,51095,51105,10
12.9660100937,80.1484069824,51105,51116,11
12.9672698975,80.1490402222,51116,51126,10
12.9684000015,80.1495285034,51126,51146,20
12.9684000015,80.1495285034,51146,51156,10
12.9685897827,80.1496429443,51156,51166,10
12.9690799713,80.1498794556,51166,51176,10
12.9697599411,80.1502227783,51176,51186,10
12.9707698822,80.1507034302,51186,51196,10
12.9715595245,80.1510772705,51196,51206,10
12.9720697403,80.1513290405,51206,51217,11
12.9726200104,80.1519317627,51217,51227,10
12.9731798172,80.1527328491,51227,51297,70
12.9731798172,80.1527328491,51297,51307,10
12.9733600616,80.1529312134,51307,51317,10
12.973400116,80.1530303955,51317,51328,11
12.9733295441,80.1531219482,51328,51338,10
12.972869873,80.1535263062,51338,53106,1768
12.972869873,80.1535263062,53106,53116,10
12.9727602005,80.1536407471,53116,53126,10
12.9724397659,80.1537475586,53126,53136,10
12.9719896317,80.1531829834,53136,53146,10
12.9713802338,80.1522674561,53146,53156,10
12.9707403183,80.1513366699,53156,53166,10
12.9699497223,80.1507110596,53166,53176,10
12.9693698883,80.150177002,53176,53197,21
12.9693698883,80.150177002,53197,53207,10
12.9692401886,80.1499862671,53207,53217,10
12.9687900543,80.1497192383,53217,53227,10
12.9680299759,80.1493301392,53227,53237,10
12.9675598145,80.1491928101,53237,53257,20
12.9675598145,80.1491928101,53257,53267,10
12.9674100876,80.1491317749,53267,53277,10
12.967040062,80.1489334106,53277,53287,10
12.9666404724,80.148727417,53287,53298,11
12.9661798477,80.1484909058,53298,53308,10
12.9655895233,80.1481781006,53308,53318,10
12.9651699066,80.1479492188,53318,53328,10
12.9644002914,80.1475524902,53328,53338,10
12.9634799957,80.1470794678,53338,53348,10
12.9623699188,80.1465682983,53348,53358,10
12.9613103867,80.1459884644,53358,53368,10
12.9604597092,80.1455764771,53368,53378,10
12.9601802826,80.1461334229,53378,53388,10
12.9600000381,80.1470870972,53388,53399,11
12.9597301483,80.1483917236,53399,53409,10
12.9593601227,80.1496276855,53409,53419,10
12.9585895538,80.1503601074,53419,53429,10
12.9583501816,80.1505508423,53429,53439,10
12.9577598572,80.151008606,53439,53449,10
12.9569196701,80.1517028809,53449,53459,10
12.9559898376,80.1527175903,53459,53469,10
12.9554700851,80.1541900635,53469,53479,10
12.9551401138,80.1558227539,53479,53489,10
12.9547996521,80.1573791504,53489,53499,10
12.9545097351,80.1587295532,53499,53510,11
12.954369545,80.1595230103,53510,53520,10
12.9542102814,80.1603088379,53520,53530,10
12.9539604187,80.1614227295,53530,53540,10
12.9537296295,80.1625289917,53540,53550,10
12.9535102844,80.1636199951,53550,53560,10
12.9532804489,80.1647033691,53560,53570,10
12.9530200958,80.1658782959,53570,53580,10
12.9526596069,80.1673431396,53580,53590,10
12.9522600174,80.1689529419,53590,53600,10
12.9520101547,80.1704177856,53600,53611,11
12.951789856,80.1716766357,53611,53621,10
12.9515600204,80.1729431152,53621,53631,10
12.9513597488,80.174079895,53631,53641,10
12.9511003494,80.1751937866,53641,53651,10
12.9508199692,80.1765213013,53651,53661,10
12.9504499435,80.1780014038,53661,53671,10
12.9500303268,80.1795806885,53671,53681,10
12.9497900009,80.1809005737,53681,53691,10
12.9495897293,80.181968689,53691,53701,10
12.9494104385,80.1832275391,53701,53711,10
12.9493103027,80.1839065552,53711,53722,11
12.9492797852,80.1840591431,53722,53732,10
12.9492301941,80.1847000122,53732,53742,10
12.9492101669,80.1850204468,53742,53752,10
12.9492101669,80.1851196289,53752,53762,10
12.949139595,80.1856231689,53762,53772,10
12.9490804672,80.1864318848,53772,53782,10
12.9490003586,80.1874237061,53782,53792,10
12.9489202499,80.1885604858,53792,53802,10
12.9488296509,80.1896514893,53802,53812,10
12.9487199783,80.1910095215,53812,53823,11
12.9486398697,80.1925430298,53823,53832,9
12.9486103058,80.1936569214,53832,53843,11
12.9485797882,80.1948165894,53843,53853,10
12.9486103058,80.1954574585,53853,53863,10
12.9485902786,80.1958312988,53863,53873,10
12.948559761,80.1966705322,53873,53883,10
12.9485397339,80.1977310181,53883,53893,10
12.9485797882,80.198928833,53893,53903,10
12.9486103058,80.1994934082,53903,53913,10
12.9486103058,80.1998977661,53913,53924,11
12.9486398697,80.2009429932,53924,53934,10
12.9486703873,80.2021789551,53934,53944,10
12.9486999512,80.2034988403,53944,53954,10
12.9487600327,80.2049102783,53954,53964,10
12.9487695694,80.2063217163,53964,53974,10
12.9487104416,80.2074890137,53974,53984,10
12.9486103058,80.2086410522,53984,53994,10
12.948559761,80.2092590332,53994,54004,10
12.9484996796,80.2095184326,54004,54014,10
12.9484596252,80.2100982666,54014,54024,10
12.9484300613,80.2106399536,54024,54035,11
12.9484395981,80.2117767334,54035,54045,10
12.9485502243,80.2131576538,54045,54055,10
12.9486703873,80.2146835327,54055,54065,10
12.9488401413,80.2163085938,54065,54075,10
12.9490203857,80.2180023193,54075,54085,10
12.9491796494,80.2196731567,54085,54095,10
12.9493503571,80.2213363647,54095,54105,10
12.9494600296,80.2230224609,54105,54115,10
12.9495296478,80.2245101929,54115,54125,10
12.9496202469,80.2263412476,54125,54136,11
12.9497203827,80.2282028198,54136,54146,10
12.9498100281,80.2299194336,54146,54156,10
12.9499397278,80.2315826416,54156,54166,10
12.950050354,80.2328567505,54166,54180,14
12.9500598907,80.2331085205,54180,54189,9
12.9500999451,80.2338180542,54189,54200,11
12.9500598907,80.2347793579,54200,54210,10
12.9499197006,80.2358474731,54210,54251,41
12.9499197006,80.2358474731,54251,54261,10
12.9498596191,80.2362365723,54261,54271,10
12.9497203827,80.2370605469,54271,54281,10
12.9495697021,80.2381210327,54281,54291,10
12.9493999481,80.2391815186,54291,54300,9
12.9491500854,80.2402801514,54300,54311,11
12.9491796494,80.2407226563,54311,54321,10
12.949760437,80.2409667969,54321,54331,10
12.9506502151,80.2412261963,54331,54341,10
12.9510803223,80.2413482666,54341,54352,11
12.951669693,80.241569519,54352,54362,10
12.9525203705,80.241859436,54362,54372,10
12.9535799026,80.2422790527,54372,54382,10
12.9543600082,80.2425765991,54382,54392,10
12.9555101395,80.2429962158,54392,54402,10
12.9561195374,80.2431716919,54402,54412,10
12.9562597275,80.2432403564,54412,54422,10
12.9562797546,80.2432403564,54422,54432,10
12.9567699432,80.2434616089,54432,54442,10
12.9575901031,80.2438583374,54442,54453,11
12.9586000443,80.2443084717,54453,54463,10
12.9589195251,80.244430542,54463,54473,10
12.9593400955,80.2446594238,54473,54483,10
12.9601602554,80.2450408936,54483,54493,10
12.9612598419,80.245552063,54493,54503,10
12.9629402161,80.2463912964,54503,54543,40
12.9629402161,80.2463912964,54543,54553,10
12.9630899429,80.2464370728,54553,54564,11
12.9634304047,80.24659729,54564,54574,10
12.9640102386,80.2468490601,54574,54584,10
12.9645996094,80.2471618652,54584,54594,10
12.9656801224,80.2474594116,54594,54604,10
12.966460228,80.2477416992,54604,54614,10
12.9665699005,80.2478027344,54614,54624,10
12.9668998718,80.2480010986,54624,54634,10
12.9675798416,80.2483062744,54634,54644,10
12.9685497284,80.2487030029,54644,54654,10
12.9694404602,80.2490615845,54654,54665,11
12.9706401825,80.2495117188,54665,54675,10
12.9718799591,80.2498397827,54675,54685,10
12.97315979,80.2501831055,54685,54695,10
12.9744997025,80.2505111694,54695,54705,10
12.9756498337,80.250869751,54705,54715,10
12.9767904282,80.2511978149,54715,54725,10
12.9778604507,80.2518234253,54725,54735,10
12.9785404205,80.2523193359,54735,54745,10
12.9788999557,80.2524795532,54745,54755,10
12.979590416,80.252571106,54755,54796,41
12.979590416,80.252571106,54796,54806,10
12.9799203873,80.2526168823,54806,54816,10
12.9805202484,80.2526321411,54816,54826,10
12.9813098907,80.2526016235,54826,54836,10
12.9824399948,80.2525787354,54836,54846,10
12.9837598801,80.2524032593,54846,54856,10
12.9849300385,80.2520904541,54856,54866,10
12.9857997894,80.2518768311,54866,54877,11
12.9861497879,80.251739502,54877,54887,10
12.9866199493,80.2516021729,54887,54907,20
12.9866199493,80.2516021729,54907,54917,10
12.9867601395,80.2515716553,54917,54927,10
12.9872198105,80.2514572144,54927,54937,10
12.9875497818,80.251373291,54937,54947,10
12.9878902435,80.2514266968,54947,54957,10
12.9879598618,80.2518386841,54957,54967,10
12.9880104065,80.2522964478,54967,54978,11
12.9879102707,80.2533569336,54978,54988,10
12.987830162,80.2542037964,54988,54998,10
12.9878501892,80.2546234131,54998,55028,30
12.9878501892,80.2546234131,55028,55038,10
12.9878396988,80.2548522949,55038,55048,10
12.9877300262,80.2553634644,55048,55058,10
12.9876804352,80.2557373047,55058,55068,10
12.9876499176,80.2562026978,55068,55078,10
12.9876003265,80.2566986084,55078,55089,11
12.9875097275,80.2574081421,55089,55099,10
12.9874696732,80.2579879761,55099,55109,10
12.987449646,80.2583084106,55109,55119,10
12.9873895645,80.2588577271,55119,55129,10
12.9872703552,80.2592697144,55129,55190,61
12.9872703552,80.2592697144,55190,55200,10
12.987039566,80.2596130371,55200,55210,10
12.9869298935,80.2595901489,55210,55220,10
12.9868803024,80.2593002319,55220,55250,30
12.9868803024,80.2593002319,55250,55260,10
12.9869604111,80.2591094971,55260,55301,41
12.9869604111,80.2591094971,55301,55311,10
12.9873104095,80.2589187622,55311,55321,10
12.9873304367,80.2585983276,55321,55331,10
12.9873695374,80.2581787109,55331,55341,10
12.9874000549,80.2580108643,55341,55351,10
12.987449646,80.2574691772,55351,55361,10
12.9875297546,80.2568969727,55361,55371,10
12.9875297546,80.2567520142,55371,55381,10
12.987569809,80.256690979,55381,55391,10
12.9876003265,80.2562637329,55391,55402,11
12.9876298904,80.2557830811,55402,55412,10
12.9877300262,80.2551116943,55412,55422,10
12.987739563,80.2549285889,55422,55432,10
12.9877700806,80.2544326782,55432,55442,10
12.9878396988,80.2536087036,55442,55452,10
12.9879198074,80.2526016235,55452,55462,10
12.9877796173,80.2516479492,55462,55482,20
12.9877796173,80.2516479492,55482,55492,10
12.9873800278,80.2515487671,55492,55533,41
12.9873800278,80.2515487671,55533,55543,10
12.9869403839,80.2516784668,55543,55553,10
12.9867601395,80.2517623901,55553,55563,10
12.986579895,80.2518310547,55563,55573,10
12.9863395691,80.2518692017,55573,55583,10
12.9857902527,80.2519989014,55583,55593,10
12.9848899841,80.2522583008,55593,55603,10
12.9837799072,80.2525634766,55603,55614,11
12.9824199677,80.2527389526,55614,55624,10
12.9812402725,80.252746582,55624,55634,10
12.9798898697,80.2527618408,55634,55654,20
12.9798898697,80.2527618408,55654,55664,10
12.9797096252,80.252746582,55664,55674,10
12.9792499542,80.2527008057,55674,55684,10
12.9787902832,80.2526626587,55684,55694,10
12.9787597656,80.2526473999,55694,55704,10
12.9783000946,80.2523727417,55704,55715,11
12.9774799347,80.2516708374,55715,55725,10
12.9763202667,80.2511978149,55725,55735,10
12.9737195969,80.2504501343,55735,55745,10
12.9737195969,80.2504501343,55745,55755,10
12.9723796844,80.2500991821,55755,55765,10
12.9711103439,80.2497634888,55765,55775,10
12.9698400497,80.2493286133,55775,55785,10
12.968629837,80.2488632202,55785,55795,10
12.9674100876,80.2483673096,55795,55806,11
12.9663801193,80.2478790283,55806,55816,10
12.9653396606,80.2474822998,55816,55827,11
12.965089798,80.2474136353,55827,55837,10
12.9649295807,80.2473373413,55837,55847,10
12.9643602371,80.2471084595,55847,55857,10
12.9637098312,80.2468719482,55857,55866,9
12.9629001617,80.2464370728,55866,55877,11
12.9619598389,80.2459793091,55877,55887,10
12.9609899521,80.2455215454,55887,55897,10
12.960100174,80.2451171875,55897,55907,10
12.9595098495,80.2449035645,55907,55917,10
12.9594802856,80.2448806763,55917,55928,11
12.9592199326,80.2447662354,55928,55938,10
12.958609581,80.244468689,55938,55948,10
12.9578504562,80.2441635132,55948,55958,10
12.9565601349,80.2437362671,55958,55998,40
12.9565601349,80.2437362671,55998,56008,10
12.9563798904,80.2436599731,56008,56018,10
12.9559297562,80.2434616089,56018,56028,10
12.9550600052,80.2430419922,56028,56039,11
12.9539403915,80.2425537109,56039,56049,10
12.9528398514,80.2420883179,56049,56059,10
12.9519500732,80.2417984009,56059,56069,10
12.9519100189,80.2417831421,56069,56079,10
12.9516496658,80.2416763306,56079,56089,10
12.9509401321,80.2414016724,56089,56099,10
12.9499197006,80.2410888672,56099,56109,10
12.949379921,80.2409133911,56109,56119,10
12.9489603043,80.2407226563,56119,56129,10
12.9489898682,80.2401580811,56129,56140,11
12.9491195679,80.2394332886,56140,56150,10
12.949139595,80.2393493652,56150,56160,10
12.9491996765,80.2391433716,56160,56170,10
12.9493598938,80.2385406494,56170,56180,10
12.9494800568,80.2378692627,56180,56190,10
12.949549675,80.2374267578,56190,56200,10
12.9496803284,80.2365722656,56200,56210,10
12.9497404099,80.2359466553,56210,56220,10
12.9497499466,80.2359390259,56220,56230,10
12.9498596191,80.2353897095,56230,56240,10
12.9499597549,80.2346115112,56240,56251,11
12.9499797821,80.23387146,56251,56261,10
12.9499797821,80.2337799072,56261,56271,10
12.9499702454,80.2332992554,56271,56281,10
12.9499197006,80.2325210571,56281,56291,10
12.9498596191,80.2315597534,56291,56301,10
12.9497900009,80.2306594849,56301,56311,10
12.9496803284,80.229133606,56311,56321,10
12.9496297836,80.2277832031,56321,56331,10
12.9495697021,80.226348877,56331,56341,10
12.9495000839,80.224861145,56341,56352,11
12.9493999481,80.2232437134,56352,56362,10
12.9493303299,80.2217102051,56362,56372,10
12.9491901398,80.220161438,56372,56382,10
12.9490299225,80.2185974121,56382,56392,10
12.9488697052,80.217048645,56392,56402,10
12.9487199783,80.2154998779,56402,56412,10
12.9485902786,80.2142715454,56412,56421,9
12.9484300613,80.2126464844,56421,56432,11
12.9483699799,80.2113037109,56432,56442,10
12.9483299255,80.2100296021,56442,56453,11
12.9484195709,80.2094726563,56453,56463,10
12.9484796524,80.2088317871,56463,56473,10
12.9484901428,80.2087020874,56473,56483,10
12.9485197067,80.2085494995,56483,56493,10
12.948559761,80.2079772949,56493,56503,10
12.9486303329,80.2071228027,56503,56513,10
12.948679924,80.2061080933,56513,56523,10
12.9486703873,80.2049484253,56523,56533,10
12.9486398697,80.2037277222,56533,56543,10
12.9485998154,80.2025375366,56543,56553,10
12.948559761,80.2009963989,56553,56564,11
12.9484996796,80.1995697021,56564,56574,10
12.9484596252,80.1987228394,56574,56584,10
12.9484395981,80.1977996826,56584,56594,10
12.9484796524,80.1967468262,56594,56604,10
12.9484596252,80.1957321167,56604,56614,10
12.9484596252,80.1955337524,56614,56624,10
12.9484596252,80.1952285767,56624,56634,10
12.9484701157,80.1945877075,56634,56644,10
12.9484901428,80.1937179565,56644,56654,10
12.9485197067,80.1926879883,56654,56665,11
12.948559761,80.1913604736,56665,56675,10
12.9486503601,80.1900787354,56675,56685,10
12.9487895966,80.1888427734,56685,56695,10
12.9489097595,80.1875762939,56695,56705,10
12.9489898682,80.1865768433,56705,56715,10
12.9489402771,80.1853866577,56715,56725,10
12.9490203857,80.1848602295,56725,56735,10
12.9491195679,80.184173584,56735,56745,10
12.949139595,80.1838912964,56745,56755,10
12.9491596222,80.1837997437,56755,56766,11
12.9492397308,80.1833190918,56766,56776,10
12.9494104385,80.1824493408,56776,56786,10
12.9495601654,80.1815490723,56786,56796,10
12.9496202469,80.1811218262,56796,56806,10
12.9497203827,80.1807098389,56806,56816,10
12.949839592,80.1800231934,56816,56826,10
12.9500303268,80.1791229248,56826,56836,10
12.9503202438,80.1780166626,56836,56846,10
12.950630188,80.1768264771,56846,56856,10
12.9509401321,80.1755599976,56856,56866,10
12.9511995316,80.1743087769,56866,56877,11
12.9515199661,80.1728363037,56877,56887,10
12.9517803192,80.1713867188,56887,56897,10
12.952050209,80.1698532104,56897,56907,10
12.952340126,80.1682662964,56907,56917,10
12.952750206,80.1666870117,56917,56927,10
12.9530696869,80.1652374268,56927,56937,10
12.9534301758,80.1636962891,56937,56947,10
12.9537601471,80.1621170044,56947,56957,10
12.9540901184,80.1605606079,56957,56967,10
12.9543600082,80.1592025757,56967,56977,10
12.9545001984,80.1584396362,56977,56988,11
12.9545202255,80.1583404541,56988,56998,10
12.9546203613,80.1579208374,56998,57008,10
12.9547700882,80.1572113037,57008,57018,10
12.9549503326,80.1563110352,57018,57028,10
12.9551696777,80.1552734375,57028,57038,10
12.9553604126,80.1544113159,57038,57048,10
12.955739975,80.1530303955,57048,57058,10
12.9563999176,80.1519927979,57058,57068,10
12.9572696686,80.151260376,57068,57078,10
12.9582796097,80.1504592896,57078,57089,11
12.9587697983,80.1500091553,57089,57099,10
12.9588699341,80.1499481201,57099,57109,10
12.959280014,80.1496200562,57109,57119,10
12.959569931,80.1489562988,57119,57129,10
12.9597396851,80.148147583,57129,57139,10
12.9599199295,80.147277832,57139,57149,10
12.960100174,80.1464080811,57149,57159,10
12.9602499008,80.1456680298,57159,57169,10
12.9599504471,80.1452636719,57169,57179,10
12.9592599869,80.1448974609,57179,57190,11
12.9583797455,80.1444168091,57190,57200,10
12.9575195313,80.1438903809,57200,57210,10
12.9562702179,80.1432571411,57210,57230,20
12.9562702179,80.1432571411,57230,57240,10
12.9561300278,80.1431808472,57240,57250,10
12.955619812,80.1428985596,57250,57260,10
12.9548997879,80.1425094604,57260,57270,10
12.9541196823,80.1420898438,57270,57280,10
12.9535598755,80.1418075562,57280,57290,10
12.953379631,80.141708374,57290,57301,11
12.9533195496,80.1416931152,57301,57311,10
12.9530000687,80.1415023804,57311,57321,10
12.9525699615,80.1411972046,57321,57331,10
12.9522199631,80.1409378052,57331,57341,10
12.9518499374,80.1406936646,57341,57351,10
12.9518404007,80.1406784058,57351,57361,10
12.9517202377,80.1406021118,57361,57371,10
12.9513597488,80.140296936,57371,57381,10
12.9508695602,80.1399002075,57381,57392,11
12.9505395889,80.1396408081,57392,57402,10
12.9504995346,80.1396026611,57402,57412,10
12.9501600266,80.1393508911,57412,57422,10
12.9495401382,80.1388473511,57422,57432,10
12.9487400055,80.1381988525,57432,57442,10
12.9477796555,80.1375198364,57442,57452,10
12.9467201233,80.1367721558,57452,57462,10
12.9455900192,80.1358566284,57462,57472,10
12.9444303513,80.1349487305,57472,57482,10
12.9433403015,80.1340484619,57482,57492,10
12.9424104691,80.133102417,57492,57502,10
12.9414100647,80.1320571899,57502,57513,11
12.9402799606,80.1308898926,57513,57523,10
12.9393901825,80.130027771,57523,57533,10
12.9385900497,80.1293792725,57533,57543,10
12.9379901886,80.1288909912,57543,57553,10
12.9376497269,80.1286392212,57553,57593,40
12.9376497269,80.1286392212,57593,57603,10
12.9376096725,80.1285934448,57603,57614,11
12.9373397827,80.1283493042,57614,57624,10
12.9370002747,80.1280288696,57624,57634,10
12.9369001389,80.1279373169,57634,57644,10
12.9366903305,80.127746582,57644,57654,10
12.9365301132,80.1275863647,57654,57664,10
12.9360399246,80.1271514893,57664,57674,10
12.9352998734,80.1264877319,57674,57684,10
12.934510231,80.1257629395,57684,57694,10
12.9336996078,80.1250228882,57694,57704,10
12.932849884,80.124130249,57704,57715,11
12.9317398071,80.1230621338,57715,57725,10
12.9310503006,80.1223678589,57725,57735,10
12.930680275,80.1219787598,57735,57745,10
12.930150032,80.1214981079,57745,57755,10
12.9298200607,80.1211395264,57755,57765,10
12.9292802811,80.1205673218,57765,57775,10
12.9285497665,80.1198501587,57775,57785,10
12.9274101257,80.1186828613,57785,57816,31
12.9274101257,80.1186828613,57816,57826,10
12.9272003174,80.1184387207,57826,57846,20
12.9272003174,80.1184387207,57846,57856,10
12.9271202087,80.1183700562,57856,57866,10
12.9270200729,80.118270874,57866,57876,10
12.9266996384,80.1179428101,57876,57886,10
12.9261903763,80.117477417,57886,57906,20
12.9261903763,80.117477417,57906,57916,10
12.9261798859,80.1174621582,57916,57927,11
12.9258203506,80.1172027588,57927,57937,10
12.9252996445,80.1166915894,57937,57947,10
12.9246797562,80.1160583496,57947,57957,10
12.9242696762,80.1156616211,57957,57967,10
12.9240999222,80.1154937744,57967,57977,10
12.9239597321,80.1153182983,57977,57987,10
12.9239196777,80.1152877808,57987,57997,10
12.9238996506,80.1151123047,57997,58007,10
12.9239397049,80.1150588989,58007,58017,10
12.9241895676,80.1150436401,58017,58027,10
12.9246101379,80.1155014038,58027,58038,11
12.9252195358,80.1161499023,58038,58048,10
12.9258804321,80.1168365479,58048,58058,10
12.9261798859,80.1172332764,58058,58068,10
12.9262104034,80.1173019409,58068,58078,10
12.9262895584,80.1174316406,58078,58088,10
12.9263896942,80.1175537109,58088,58098,10
12.9266395569,80.1177368164,58098,58108,10
12.9269504547,80.1179504395,58108,58199,91
12.9269504547,80.1179504395,58199,58209,10
12.9272203445,80.1182022095,58209,58219,10
12.927280426,80.118309021,58219,58229,10
12.9273796082,80.1184997559,58229,58239,10
12.9274396896,80.118560791,58239,58250,11
12.9278097153,80.118927002,58250,58260,10
12.9281797409,80.1193237305,58260,58270,10
12.928609848,80.119758606,58270,58280,10
12.9290704727,80.1201782227,58280,58391,111
12.9290704727,80.1201782227,58391,58401,10
12.9292697906,80.1203689575,58401,58411,10
12.9297199249,80.12084198,58411,58421,10
12.9302997589,80.1214599609,58421,58431,10
12.9309997559,80.1221084595,58431,58441,10
12.9314002991,80.1224212646,58441,58452,11
12.9315299988,80.122543335,58452,58462,10
12.9316902161,80.122718811,58462,58472,10
12.9319601059,80.1230163574,58472,58482,10
12.9321098328,80.1232070923,58482,58492,10
12.9325304031,80.1236495972,58492,58502,10
12.9331502914,80.1242828369,58502,58512,10
12.9338502884,80.125,58512,58522,10
12.9346504211,80.125793457,58522,58532,10
12.9355201721,80.1265029907,58532,58542,10
12.9359903336,80.1268997192,58542,58573,31
12.9359903336,80.1268997192,58573,58583,10
12.9360399246,80.126953125,58583,58593,10
12.9363698959,80.1272735596,58593,58603,10
12.9367198944,80.1273422241,58603,58613,10
12.9370803833,80.1269073486,58613,58623,10
12.9376802444,80.127243042,58623,58633,10
12.9375200272,80.1277770996,58633,58653,20
12.9375200272,80.1277770996,58653,58664,11
12.9374103546,80.1280517578,58664,58674,10
12.9375896454,80.1282196045,58674,58684,10
12.9379701614,80.1286087036,58684,58694,10
12.9385900497,80.1291885376,58694,58704,10
12.9394102097,80.1299209595,58704,58714,10
12.940369606,80.1308288574,58714,58724,10
12.9414396286,80.1319274902,58724,58734,10
12.9421796799,80.1326904297,58734,58744,10
12.9423398972,80.1329574585,58744,58754,10
12.9423599243,80.1329803467,58754,58764,10
12.9425802231,80.1332015991,58764,58775,11
12.943189621,80.1338195801,58775,58785,10
12.9439601898,80.1345367432,58785,58795,10
12.9448795319,80.1352462769,58795,58805,10
12.9458799362,80.1360321045,58805,58815,10
12.9469900131,80.1368789673,58815,58825,10
12.9481897354,80.1377182007,58825,58835,10
12.949379921,80.1385803223,58835,58845,10
12.9502401352,80.1392211914,58845,58855,10
12.9506397247,80.1395492554,58855,58865,10
12.951259613,80.1399230957,58865,58906,41
12.951259613,80.1399230957,58906,58916,10
12.9515399933,80.1401596069,58916,58926,10
12.9518203735,80.1403274536,58926,58936,10
12.9521198273,80.1407394409,58936,58946,10
12.9526395798,80.1411437988,58946,58966,20
12.9526395798,80.1411437988,58966,58976,10
12.9528598785,80.1413116455,58976,58987,11
12.9534797668,80.141708374,58987,58997,10
12.9542503357,80.1421279907,58997,59007,10
12.9551496506,80.1425933838,59007,59016,9
12.9561100006,80.1430664063,59016,59047,31
12.9561100006,80.1430664063,59047,59057,10
12.9565095901,80.1432876587,59057,59067,10
12.9570398331,80.1435775757,59067,59077,10
12.9577999115,80.1439666748,59077,59088,11
12.9588003159,80.1444625854,59088,59098,10
12.9596996307,80.1449432373,59098,59108,10
12.9604196548,80.1452789307,59108,59118,10
12.9604101181,80.1457214355,59118,59128,10
12.9601898193,80.1464233398,59128,59138,10
12.9600000381,80.1473007202,59138,59148,10
12.9597702026,80.1483612061,59148,59158,10
12.9594802856,80.1495437622,59158,59168,10
12.9587097168,80.1503295898,59168,59178,10
12.9585504532,80.1504669189,59178,59188,10
12.9583702087,80.1505966187,59188,59199,11
12.9578504562,80.1509933472,59199,59209,10
12.9572200775,80.1514892578,59209,59219,10
12.9564800262,80.1521224976,59219,59229,10
12.9558401108,80.1530609131,59229,59239,10
12.9554700851,80.154296875,59239,59249,10
12.9551801682,80.1556625366,59249,59259,10
12.9549102783,80.1569519043,59259,59269,10
12.9546804428,80.1580810547,59269,59279,10
12.9545402527,80.158782959,59279,59289,10
12.9545297623,80.158821106,59289,59300,11
12.9545001984,80.1589736938,59300,59310,10
12.9543504715,80.1595535278,59310,59320,10
12.9541797638,80.16040802,59320,59330,10
12.9539699554,80.1614379883,59330,59340,10
12.9537200928,80.1626205444,59340,59350,10
12.9534397125,80.1639175415,59350,59360,10
12.9532003403,80.1650390625,59360,59370,10
12.9528102875,80.1668167114,59370,59380,10
12.9524097443,80.1683425903,59380,59390,10
12.9521198273,80.1698608398,59390,59400,10
12.9520101547,80.1706237793,59400,59411,11
12.9519796371,80.1708374023,59411,59421,10
12.9518604279,80.1714630127,59421,59431,10
12.9517002106,80.1723632813,59431,59441,10
12.951499939,80.1734237671,59441,59451,10
12.9513196945,80.1743087769,59451,59461,10
12.9511203766,80.1752624512,59461,59471,10
12.9508800507,80.1763687134,59471,59481,10
12.9505500793,80.1775970459,59481,59491,10
12.950220108,80.1788406372,59491,59501,10
12.9499397278,80.1800537109,59501,59512,11
12.9497404099,80.181137085,59512,59522,10
12.9496097565,80.1817398071,59522,59532,10
12.9495000839,80.1824188232,59532,59542,10
12.9493703842,80.1831893921,59542,59552,10
12.9492902756,80.1838912964,59552,59572,20
12.9492902756,80.1838912964,59572,59582,10
12.9492502213,80.1841506958,59582,59592,10
12.9492397308,80.1851806641,59592,59613,21
12.9492397308,80.1851806641,59613,59623,10
12.9492301941,80.1853485107,59623,59633,10
12.9491596222,80.1858901978,59633,59643,10
12.9490995407,80.1864318848,59643,59652,9
12.9490299225,80.1871414185,59652,59663,11
12.9489402771,80.1880722046,59663,59673,10
12.9488697052,80.1889038086,59673,59683,10
12.9488096237,80.1895904541,59683,59693,10
12.9487400055,80.1902618408,59693,59703,10
12.9486503601,80.1915588379,59703,59713,10
12.9485998154,80.1928100586,59713,59724,11
12.9485702515,80.1942596436,59724,59734,10
12.9485902786,80.1953125,59734,59744,10
12.9485998154,80.1954421997,59744,59754,10
12.9485998154,80.1954498291,59754,59764,10
12.9485797882,80.1958007813,59764,59774,10
12.948559761,80.1965332031,59774,59784,10
12.9485397339,80.1974716187,59784,59794,10
12.9485502243,80.1985778809,59794,59804,10
12.9485998154,80.1994171143,59804,59814,10
12.9486103058,80.1995391846,59814,59825,11
12.9486198425,80.199798584,59825,59835,10
12.9486303329,80.2004013062,59835,59845,10
12.9486598969,80.2012634277,59845,59855,10
12.9486904144,80.2022476196,59855,59865,10
12.9487304688,80.20337677,59865,59875,10
12.9487600327,80.2046279907,59875,59885,10
12.9487895966,80.2057266235,59885,59895,10
12.9487199783,80.207359314,59895,59905,10
12.9486198425,80.2085418701,59905,59915,10
12.9485797882,80.2093429565,59915,59956,41
12.9485797882,80.2093429565,59956,59966,10
12.9485797882,80.2094802856,59966,59976,10
12.9485702515,80.2099380493,59976,59986,10
12.9485397339,80.2104797363,59986,59996,10
12.94851017,80.2112731934,59996,60006,10
12.9485197067,80.2116394043,60006,60016,10
12.9485197067,80.2119979858,60016,60026,10
12.9485502243,80.2127609253,60026,60037,11
12.9486398697,80.2138519287,60037,60047,10
12.9487400055,80.2150192261,60047,60057,10
12.9488601685,80.2163391113,60057,60067,10
12.9490098953,80.2177505493,60067,60077,10
12.9491596222,80.21925354,60077,60087,10
12.9493103027,80.2208175659,60087,60097,10
12.9494199753,80.2220993042,60097,60107,10
12.9495296478,80.2238998413,60107,60117,10
12.9496002197,80.2254486084,60117,60127,10
12.9496803284,80.2268295288,60127,60136,9
12.9497499466,80.2282409668,60136,60148,12
12.9498195648,80.229850769,60148,60158,10
12.9499397278,80.2312011719,60158,60168,10
12.9500703812,80.2330780029,60168,60208,40
12.9500703812,80.2330780029,60208,60218,10
12.9500904083,80.2334594727,60218,60228,10
12.9501199722,80.2340621948,60228,60238,10
12.9500598907,80.2348098755,60238,60249,11
12.9499397278,80.2357177734,60249,60319,70
12.9499397278,80.2357177734,60319,60329,10
12.9498996735,80.2362594604,60329,60339,10
12.9497804642,80.2368774414,60339,60349,10
12.9496603012,80.2376937866,60349,60360,11
12.9495096207,80.2385787964,60360,60370,10
12.9493398666,80.2394790649,60370,60380,10
12.9491701126,80.2403182983,60380,60390,10
12.9491596222,80.2404174805,60390,60400,10
12.9491596222,80.2404403687,60400,60410,10
12.949139595,80.2406387329,60410,60420,10
12.9491996765,80.2407684326,60420,60430,10
12.9496002197,80.2409820557,60430,60440,10
12.9502897263,80.2411804199,60440,60450,10
12.9511098862,80.2414398193,60450,60471,21
12.9511098862,80.2414398193,60471,60481,10
12.9514303207,80.2415618896,60481,60491,10
12.9520597458,80.2417907715,60491,60501,10
12.952750206,80.2420501709,60501,60511,10
12.9535303116,80.2423782349,60511,60521,10
12.9539003372,80.2424697876,60521,60531,10
12.954369545,80.2426681519,60531,60541,10
12.9551095963,80.2429580688,60541,60551,10
12.9559898376,80.2433013916,60551,60562,11
12.9564800262,80.2434997559,60562,60572,10
12.9570798874,80.2437591553,60572,60582,10
12.9579401016,80.2441101074,60582,60592,10
12.958530426,80.2443389893,60592,60602,10
12.9585599899,80.2443466187,60602,60612,10
12.9588804245,80.2444763184,60612,60622,10
12.95952034,80.2448120117,60622,60632,10
12.9603595734,80.2451934814,60632,60642,10
12.9613800049,80.2456588745,60642,60652,10
12.9624204636,80.2461624146,60652,60673,21
12.9624204636,80.2461624146,60673,60683,10
12.9624900818,80.2461776733,60683,60693,10
12.9628295898,80.2463531494,60693,60703,10
12.9632396698,80.2465667725,60703,60713,10
12.9636497498,80.2467727661,60713,60723,10
12.9643001556,80.2469863892,60723,60733,10
12.965089798,80.2472763062,60733,60743,10
12.9659204483,80.2475585938,60743,60753,10
12.9664402008,80.247756958,60753,60763,10
12.9665603638,80.2478179932,60763,60774,11
12.9666595459,80.2478485107,60774,60784,10
12.9666996002,80.2478790283,60784,60794,10
12.9668197632,80.2479705811,60794,60804,10
12.9670801163,80.2481079102,60804,60814,10
12.9675102234,80.248298645,60814,60824,10
12.9683599472,80.2486572266,60824,60834,10
12.9693098068,80.2490386963,60834,60844,10
12.9701900482,80.2493972778,60844,60854,10
12.971739769,80.2498779297,60854,60864,10
12.9730701447,80.250213623,60864,60874,10
12.9740200043,80.2504730225,60874,60885,11
12.9752502441,80.2508163452,60885,60895,10
12.9764795303,80.2511901855,60895,60905,10
12.9774703979,80.2515563965,60905,60915,10
12.9778299332,80.2518310547,60915,60975,60
12.9778299332,80.2518310547,60975,60986,11
12.9781198502,80.2521209717,60986,60996,10
12.9783802032,80.2523117065,60996,61137,141
12.9783802032,80.2523117065,61137,61147,10
12.9786996841,80.2524414063,61147,61157,10
12.9791202545,80.252571106,61157,61167,10
12.9794502258,80.2526168823,61167,61319,152
12.9794502258,80.2526168823,61319,61329,10
12.9796895981,80.2526473999,61329,61339,10
12.9801502228,80.2526779175,61339,61349,10
12.9807100296,80.2526702881,61349,61359,10
12.9810495377,80.2526397705,61359,61500,141
12.9810495377,80.2526397705,61500,61511,11
12.9816999435,80.2526397705,61511,61521,10
12.9819803238,80.2526321411,61521,61531,10
12.9823598862,80.2526321411,61531,61541,10
12.982749939,80.2526016235,61541,61652,111
12.982749939,80.2526016235,61652,61662,10
12.9830904007,80.2525787354,61662,61672,10
12.9834403992,80.2525405884,61672,61682,10
12.9836797714,80.2524871826,61682,61692,10
12.9839801788,80.2524185181,61692,61702,10
12.9841299057,80.2523880005,61702,61712,10
12.9842596054,80.2523574829,61712,61723,11
12.9846401215,80.252243042,61723,61824,101
12.9846401215,80.252243042,61824,61834,10
12.9847602844,80.2521591187,61834,61844,10
12.9849395752,80.2521133423,61844,61854,10
12.9852199554,80.2520523071,61854,61864,10
12.98554039,80.251953125,61864,61874,10
12.9861402512,80.2518234253,61874,61945,71
12.9861402512,80.2518234253,61945,61955,10
12.9864196777,80.251739502,61955,61965,10
12.9867897034,80.251663208,61965,61975,10
12.9874401093,80.2514801025,61975,61985,10
12.9877996445,80.2513809204,61985,61995,10
12.9880399704,80.251739502,61995,62005,10
12.9881095886,80.2520675659,62005,62015,10
12.988120079,80.2521820068,62015,62026,11
12.9880599976,80.2526931763,62026,62036,10
12.9879398346,80.2536697388,62036,62046,10
12.9878396988,80.2546386719,62046,62056,10
12.9877901077,80.2550964355,62056,62106,50
12.9877901077,80.2550964355,62106,62116,10
12.9877500534,80.2552719116,62116,62126,10
12.9877195358,80.2555999756,62126,62137,11
12.9876203537,80.256187439,62137,62147,10
12.987569809,80.2567825317,62147,62157,10
12.9875001907,80.2573013306,62157,62167,10
12.9874296188,80.2581176758,62167,62177,10
12.9873504639,80.2590026855,62177,62187,10
12.987159729,80.2596282959,62187,62207,20
12.987159729,80.2596282959,62207,62217,10
12.9870195389,80.2596664429,62217,62227,10
12.9868402481,80.2596206665,62227,62238,11
12.9865598679,80.2594299316,62238,62248,10
12.9869203568,80.2590637207,62248,62954,706
12.9869203568,80.2590637207,62954,62964,10
12.9872303009,80.2591094971,62964,63015,51
12.9872303009,80.2591094971,63015,63025,10
12.9872598648,80.2591629028,63025,63035,10
12.9873600006,80.2591400146,63035,63045,10
12.9874000549,80.2590103149,63045,63055,10
12.9874200821,80.2585983276,63055,63065,10
12.9874401093,80.2579803467,63065,63076,11
12.9874801636,80.2572174072,63076,63086,10
12.9875202179,80.2565002441,63086,63096,10
12.9876298904,80.2557373047,63096,63106,10
12.9876899719,80.2548980713,63106,63126,20
12.9876899719,80.2548980713,63126,63136,10
12.9877099991,80.2546615601,63136,63146,10
12.9877700806,80.2540969849,63146,63156,10
12.987830162,80.2533035278,63156,63166,10
12.9879102707,80.2522888184,63166,63277,111
12.9879102707,80.2522888184,63277,63288,11
12.987859726,80.2520599365,63288,63298,10
12.9877996445,80.2517623901,63298,63308,10
12.987569809,80.2515869141,63308,63318,10
12.9875497818,80.2516021729,63318,63328,10
12.9872903824,80.2516326904,63328,63338,10
12.9867095947,80.251701355,63338,63348,10
12.98595047,80.2518997192,63348,63358,10
12.9850502014,80.2521362305,63358,63368,10
12.9840698242,80.2524032593,63368,63378,10
12.983039856,80.2526168823,63378,63388,10
12.9819002151,80.2526626587,63388,63399,11
12.9809799194,80.2527008057,63399,63409,10
12.9801797867,80.2527618408,63409,63419,10
12.9794197083,80.2526779175,63419,63429,10
12.9788503647,80.2526168823,63429,63439,10
12.978770256,80.2526168823,63439,63449,10
12.978679657,80.252571106,63449,63459,10
12.9781999588,80.2522964478,63459,63469,10
12.9775695801,80.251739502,63469,63479,10
12.9766702652,80.2512588501,63479,63489,10
12.9757995605,80.2510223389,63489,63500,11
12.9743404388,80.2506027222,63500,63510,10
12.9731903076,80.2502975464,63510,63520,10
12.972029686,80.2499923706,63520,63530,10
12.9708003998,80.2496566772,63530,63540,10
12.9695196152,80.2491836548,63540,63550,10
12.9681797028,80.2486801147,63550,63560,10
12.9670696259,80.2482070923,63560,63570,10
12.9666500092,80.2479705811,63570,63580,10
12.966050148,80.2476882935,63580,63590,10
12.9652204514,80.2473983765,63590,63621,31
12.9652204514,80.2473983765,63621,63631,10
12.9651002884,80.2473831177,63631,63641,10
12.9649600983,80.2473602295,63641,63651,10
12.9645204544,80.2471694946,63651,63661,10
12.96393013,80.2469177246,63661,63671,10
12.9633102417,80.2466430664,63671,63681,10
12.9624996185,80.2462463379,63681,63691,10
12.9616203308,80.2458190918,63691,63701,10
12.9607200623,80.2453994751,63701,63712,11
12.9594202042,80.2448501587,63712,63752,40
12.9594202042,80.2448501587,63752,63762,10
12.9592504501,80.244758606,63762,63772,10
12.9587697983,80.2445373535,63772,63782,10
12.9581804276,80.2442932129,63782,63792,10
12.9579000473,80.2442016602,63792,63802,10
12.9575099945,80.2440567017,63802,63813,11
12.9570302963,80.2438964844,63813,63823,10
12.9569196701,80.243850708,63823,63913,90
12.9569196701,80.243850708,63913,63924,11
12.9565296173,80.2437362671,63924,63974,50
12.9565296173,80.2437362671,63974,63984,10
12.9562902451,80.2436676025,63984,63994,10
12.9558200836,80.2434234619,63994,64004,10
12.9552602768,80.2431182861,64004,64014,10
12.9544200897,80.2427597046,64014,64025,11
12.9535398483,80.2423782349,64025,64035,10
12.9526395798,80.2420196533,64035,64045,10
12.9517202377,80.2416610718,64045,64075,30
12.9517202377,80.2416610718,64075,64085,10
12.951499939,80.2416000366,64085,64095,10
12.9511404037,80.2414779663,64095,64105,10
12.9504499435,80.2412796021,64105,64115,10
12.9496097565,80.2410202026,64115,64125,10
12.949090004,80.2408294678,64125,64196,71
12.949090004,80.2408294678,64196,64206,10
12.9488801956,80.2408370972,64206,64216,10
12.9489097595,80.2404708862,64216,64226,10
12.9490995407,80.2398376465,64226,64237,11
12.949259758,80.2390823364,64237,64247,10
12.949259758,80.2390518188,64247,64257,10
12.9493598938,80.2387084961,64257,64267,10
12.9494800568,80.238067627,64267,64277,10
12.9495897293,80.2373504639,64277,64287,10
12.949640274,80.2368164063,64287,64297,10
12.9496603012,80.2366027832,64297,64368,71
12.949669838,80.2362136841,64368,64438,70
12.949669838,80.2362136841,64438,64449,11
12.9497404099,80.2357406616,64449,64459,10
12.9498796463,80.235168457,64459,64469,10
12.9500198364,80.2339096069,64469,64499,30
12.9500198364,80.2339096069,64499,64509,10
12.9500303268,80.2337036133,64509,64519,10
12.9499797821,80.2331390381,64519,64529,10
12.9499197006,80.232421875,64529,64539,10
12.9498195648,80.2310409546,64539,64549,10
12.9498195648,80.2310409546,64549,64560,11
12.949760437,80.2300186157,64560,64570,10
12.9497003555,80.229057312,64570,64580,10
12.9496498108,80.2279968262,64580,64590,10
12.9495897293,80.2268829346,64590,64600,10
12.9495296478,80.2257232666,64600,64613,13
12.9494800568,80.2244873047,64613,64623,10
12.9493999481,80.2228469849,64623,64633,10
12.9493198395,80.2215576172,64633,64643,10
12.9492101669,80.2202682495,64643,64653,10
12.9490804672,80.218963623,64653,64664,11
12.9489402771,80.2176208496,64664,64674,10
12.9487895966,80.2161636353,64674,64684,10
12.9486503601,80.2147903442,64684,64694,10
12.9485197067,80.2134017944,64694,64704,10
12.9484300613,80.2121429443,64704,64714,10
12.9483995438,80.2108230591,64714,64724,10
12.9483499527,80.2101974487,64724,64734,10
12.948340416,80.2099990845,64734,64744,10
12.948390007,80.2097702026,64744,64753,9
12.9484796524,80.2092208862,64753,64765,12
12.9485197067,80.2087631226,64765,64785,20
12.9485197067,80.2087631226,64785,64795,10
12.9485502243,80.2085571289,64795,64805,10
12.9485702515,80.2081069946,64805,64815,10
12.9486198425,80.2075424194,64815,64825,10
12.9486703873,80.2067871094,64825,64835,10
12.9486999512,80.2059783936,64835,64845,10
12.948679924,80.2050704956,64845,64855,10
12.9486598969,80.2041015625,64855,64865,10
12.9486303329,80.2031478882,64865,64876,11
12.9485998154,80.2020797729,64876,64886,10
12.948559761,80.2010879517,64886,64896,10
12.9485397339,80.2001571655,64896,64906,10
12.9485197067,80.1992874146,64906,64916,10
12.9484596252,80.1982727051,64916,64936,20
12.9484596252,80.1982727051,64936,64946,10
12.9484701157,80.1981430054,64946,64956,10
12.9484701157,80.1976699829,64956,64966,10
12.9484996796,80.1969909668,64966,64977,11
12.94851017,80.1961212158,64977,64987,10
12.9484996796,80.1956100464,64987,65007,20
12.9484996796,80.1956100464,65007,65017,10
12.9484996796,80.1954574585,65017,65027,10
12.9485301971,80.1950073242,65027,65037,10
12.9485397339,80.1943511963,65037,65047,10
12.948559761,80.1934432983,65047,65057,10
12.9485902786,80.1923980713,65057,65067,10
12.9486303329,80.1912994385,65067,65078,11
12.9486999512,80.1901016235,65078,65088,10
12.9488096237,80.1890563965,65088,65098,10
12.9489002228,80.1879730225,65098,65107,9
12.9489898682,80.1870269775,65107,65118,11
12.9490299225,80.1860198975,65118,65128,10
12.9489603043,80.1854400635,65128,65168,40
12.9489603043,80.1854400635,65168,65178,10
12.9490003586,80.1851272583,65178,65189,11
12.9491596222,80.1839904785,65189,65219,30
12.9491596222,80.1839904785,65219,65229,10
12.9491996765,80.1838684082,65229,65239,10
12.9492301941,80.1835784912,65239,65249,10
12.9493598938,80.1828613281,65249,65259,10
12.9494800568,80.1821212769,65259,65269,10
12.9496002197,80.1815414429,65269,65279,10
12.9496297836,80.1813583374,65279,65290,11
12.9496803284,80.1810531616,65290,65300,10
12.9497804642,80.180557251,65300,65310,10
12.9498901367,80.1799163818,65310,65320,10
12.9500799179,80.1791000366,65320,65330,10
12.9503202438,80.1781387329,65330,65340,10
12.9505701065,80.1771392822,65340,65350,10
12.9508304596,80.1761169434,65350,65360,10
12.9510498047,80.1751022339,65360,65370,10
12.9512395859,80.174156189,65370,65401,31
12.9512395859,80.174156189,65401,65411,10
12.9512996674,80.1738586426,65411,65421,10
12.9514198303,80.1733169556,65421,65431,10
12.9515600204,80.1725997925,65431,65441,10
12.9517698288,80.1713790894,65441,65461,20
12.9517698288,80.1713790894,65461,65471,10
12.9518299103,80.1710662842,65471,65481,10
12.9519195557,80.1705322266,65481,65491,10
12.952050209,80.1697998047,65491,65502,11
12.9522104263,80.1688766479,65502,65512,10
12.9524202347,80.1679534912,65512,65522,10
12.9526996613,80.1669235229,65522,65532,10
12.9529895782,80.1657791138,65532,65542,10
12.9532699585,80.1645278931,65542,65552,10
12.9535598755,80.1632080078,65552,65562,10
12.9538402557,80.1618804932,65562,65572,10
12.9541196823,80.1605682373,65572,65582,10
12.95429039,80.1595993042,65582,65592,10
12.9543600082,80.1592025757,65592,65602,10
12.9544897079,80.1585083008,65602,65623,21
12.9544897079,80.1585083008,65623,65633,10
12.9545202255,80.1584014893,65633,65643,10
12.9546604156,80.1577835083,65643,65653,10
12.9548101425,80.157043457,65653,65663,10
12.954990387,80.1561889648,65663,65673,10
12.9551897049,80.1552276611,65673,65683,10
12.9554100037,80.1541595459,65683,65693,10
12.9557600021,80.1530075073,65693,65703,10
12.956489563,80.1519317627,65703,65714,11
12.9576702118,80.1509628296,65714,65724,10
12.9584999084,80.1502914429,65724,65734,10
12.9586400986,80.1501693726,65734,65744,10
12.9587202072,80.1501235962,65744,65754,10
12.9590196609,80.1499023438,65754,65764,10
12.9594697952,80.1493835449,65764,65774,10
12.9596796036,80.1486129761,65774,65784,10
12.959859848,80.1477890015,65784,65794,10
12.9600400925,80.1468963623,65794,65804,10
12.9602403641,80.1459274292,65804,65814,10
12.9602403641,80.1453704834,65814,65825,11
12.9603595734,80.1452026367,65825,65835,10
12.9605503082,80.1452636719,65835,65845,10
12.9610500336,80.1455688477,65845,65855,10
12.9617595673,80.1459579468,65855,65865,10
12.9626102448,80.1464080811,65865,65875,10
12.9635295868,80.1469573975,65875,65885,10
12.9642095566,80.1474609375,65885,65895,10
12.9652996063,80.1481018066,65895,65905,10
12.9661302567,80.1485214233,65905,65916,11
12.966799736,80.1488265991,65916,65926,10
12.9669704437,80.1489181519,65926,65936,10
12.9672603607,80.1490783691,65936,65946,10
12.9676504135,80.1492767334,65946,65956,10
12.9683799744,80.1495666504,65956,66027,71
12.9683799744,80.1495666504,66027,66037,10
12.9685602188,80.1496200562,66037,66047,10
12.9687700272,80.1497192383,66047,66057,10
12.9689998627,80.1498184204,66057,66228,171
12.9689998627,80.1498184204,66228,66239,11
12.9693498611,80.150062561,66239,66249,10
12.9698801041,80.1503219604,66249,66259,10
12.9704504013,80.1505889893,66259,66269,10
12.9708995819,80.1508102417,66269,66279,10
12.9710702896,80.1508789063,66279,66289,10
12.9714298248,80.1510620117,66289,66299,10
12.9720201492,80.1513519287,66299,66309,10
12.9725399017,80.1518707275,66309,66319,10
12.9729299545,80.1523971558,66319,66329,10
12.9731302261,80.1527023315,66329,66339,10
12.9732904434,80.1529312134,66339,66400,61
12.9732904434,80.1529312134,66400,66410,10
12.9732103348,80.1531524658,66410,66420,10
12.9730396271,80.1528167725,66420,66430,10
12.9726896286,80.1522827148,66430,66440,10
12.9722995758,80.1517028809,66440,66451,11
12.9716501236,80.1511993408,66451,66461,10
12.9709100723,80.1508407593,66461,66471,10
12.9702196121,80.1504974365,66471,66481,10
12.9698495865,80.1503677368,66481,66491,10
12.9696397781,80.1503219604,66491,66501,10
12.9694299698,80.1502075195,66501,66531,30
12.9694299698,80.1502075195,66531,66541,10
12.969420433,80.1501312256,66541,66552,11
12.9691200256,80.1499710083,66552,66562,10
12.9687299728,80.149810791,66562,66572,10
12.9684801102,80.1496963501,66572,66582,10
12.9683904648,80.1496582031,66582,66592,10
12.9682197571,80.149597168,66592,66632,40
12.9682197571,80.149597168,66632,66642,10
12.9680500031,80.1495437622,66642,66652,10
12.9678602219,80.1494369507,66652,66663,11
12.9675598145,80.1492919922,66663,66673,10
12.9673204422,80.1491775513,66673,66683,10
12.966919899,80.148979187,66683,66693,10
12.9664402008,80.1487426758,66693,66703,10
12.9659204483,80.1484680176,66703,66713,10
12.9653301239,80.1481704712,66713,66723,10
12.9646501541,80.1477813721,66723,66733,10
12.9638395309,80.1473617554,66733,66743,10
12.9629497528,80.1469802856,66743,66753,10
12.9622001648,80.1465606689,66753,66764,11
12.9612998962,80.1460876465,66764,66774,10
12.9607000351,80.1457595825,66774,66784,10
12.9603004456,80.1457366943,66784,66794,10
12.9601898193,80.1462631226,66794,66804,10
12.9600601196,80.1469268799,66804,66814,10
12.9599103928,80.1476821899,66814,66824,10
12.9597101212,80.148651123,66824,66834,10
12.9594202042,80.1496734619,66834,66844,10
12.9586296082,80.1504211426,66844,66864,20
12.9586296082,80.1504211426,66864,66875,11
12.9585103989,80.1505126953,66875,66885,10
12.9581203461,80.1508178711,66885,66895,10
12.9575500488,80.1512832642,66895,66905,10
12.9568996429,80.1518173218,66905,66915,10
12.9562196732,80.1524810791,66915,66925,10
12.9557504654,80.1533966064,66925,66935,10
12.9554796219,80.1543884277,66935,66945,10
12.9552602768,80.1554107666,66945,66955,10
12.9550504684,80.1563796997,66955,66965,10
12.9548597336,80.1573028564,66965,66976,11
12.9546699524,80.1581878662,66976,66986,10
12.9545297623,80.1589126587,66986,66996,10
12.9544200897,80.1595001221,66996,67006,10
12.9544095993,80.159538269,67006,67016,10
12.9543600082,80.1596984863,67016,67026,10
12.9542598724,80.1602630615,67026,67036,10
12.9540901184,80.1610336304,67036,67046,10
12.9538898468,80.1619567871,67046,67056,10
12.9536800385,80.1629714966,67056,67066,10
12.9534502029,80.1640090942,67066,67076,10
12.9532203674,80.1650619507,67076,67087,11
12.9529600143,80.1662216187,67087,67097,10
12.9526996613,80.1672668457,67097,67107,10
12.9524202347,80.1683120728,67107,67117,10
12.9522104263,80.1692886353,67117,67127,10
12.9520101547,80.1706619263,67127,67147,20
12.9520101547,80.1706619263,67147,67157,10
12.95195961,80.1708602905,67157,67167,10
12.9518699646,80.1714401245,67167,67177,10
12.9517202377,80.1722793579,67177,67188,11
12.9515304565,80.1733016968,67188,67198,10
12.9513397217,80.1741790771,67198,67208,10
12.9512395859,80.1747436523,67208,67218,10
12.951210022,80.1748580933,67218,67228,10
12.9510803223,80.1753997803,67228,67238,10
12.9509000778,80.1762237549,67238,67248,10
12.9506702423,80.1771316528,67248,67258,10
12.9504203796,80.1781387329,67258,67268,10
12.9501304626,80.1792068481,67268,67278,10
12.9498996735,80.1802825928,67278,67289,11
12.9497299194,80.1812210083,67289,67299,10
12.9495801926,80.1820068359,67299,67309,10
12.9493999481,80.1829986572,67309,67319,10
12.9492797852,80.1839675903,67319,67349,30
12.9492797852,80.1839675903,67349,67359,10
12.949259758,80.1841278076,67359,67369,10
12.9492301941,80.1846008301,67369,67379,10
12.949259758,80.1852264404,67379,67490,111
12.949259758,80.1852264404,67490,67501,11
12.9491996765,80.1856536865,67501,67511,10
12.9491300583,80.1862792969,67511,67521,10
12.9490699768,80.1870193481,67521,67531,10
12.9490003586,80.1877975464,67531,67541,10
12.9489297867,80.1885910034,67541,67551,10
12.948849678,80.1893692017,67551,67561,10
12.9487600327,80.1902770996,67561,67571,10
12.9486904144,80.1911010742,67571,67581,10
12.9486198425,80.1922225952,67581,67591,10
12.9485902786,80.1935501099,67591,67602,11
12.948559761,80.1946411133,67602,67612,10
12.9485902786,80.1955413818,67612,67632,20
12.9485902786,80.1955413818,67632,67642,10
12.9485702515,80.1956481934,67642,67652,10
12.9485502243,80.1961288452,67652,67662,10
12.9485397339,80.1968612671,67662,67672,10
12.9485197067,80.1977310181,67672,67682,10
12.9485197067,80.1985702515,67682,67692,10
12.9485797882,80.199546814,67692,67713,21
12.9485797882,80.199546814,67713,67723,10
12.9485797882,80.199760437,67723,67733,10
12.9485902786,80.200340271,67733,67743,10
12.9486198425,80.2011871338,67743,67753,10
12.9486398697,80.2021636963,67753,67763,10
12.948679924,80.2032165527,67763,67773,10
12.9486999512,80.2041473389,67773,67783,10
12.9487495422,80.2056427002,67783,67793,10
12.9487304688,80.2067565918,67793,67803,10
12.9486904144,80.2074432373,67803,67813,10
12.9486598969,80.2079925537,67813,67824,11
12.9486198425,80.2083129883,67824,67834,10
12.9486198425,80.2083587646,67834,67844,10
12.9486198425,80.2085037231,67844,67854,10
12.9486103058,80.2087936401,67854,67864,10
12.9485998154,80.2093200684,67864,67945,81
12.9485397339,80.2097015381,67945,68066,121
12.9485397339,80.2097015381,68066,68076,10
12.9485502243,80.2101364136,68076,68106,30
12.9485502243,80.2101364136,68106,68116,10
12.9484701157,80.2102737427,68116,68126,10
12.9484195709,80.2105636597,68126,68137,11
12.9484300613,80.2111282349,68137,68147,10
12.9484395981,80.2119293213,68147,68157,10
12.9484996796,80.2129135132,68157,68167,10
12.9485902786,80.2140274048,68167,68177,10
12.9486999512,80.2152786255,68177,68187,10
12.9488601685,80.2166595459,68187,68197,10
12.9490098953,80.2181167603,68197,68207,10
12.9491596222,80.2196426392,68207,68217,10
12.9493103027,80.2211685181,68217,68227,10
12.9494199753,80.2227096558,68227,68238,11
12.9495000839,80.2244110107,68238,68248,10
12.9495697021,80.2258300781,68248,68258,10
12.949640274,80.2272033691,68258,68268,10
12.9497098923,80.228553772,68268,68278,10
12.9497804642,80.2299118042,68278,68288,10
12.9498996735,80.2312393188,68288,68298,10
12.9499597549,80.232208252,68298,68308,10
12.9500598907,80.2330780029,68308,68328,20
12.9500598907,80.2330780029,68328,68339,11
12.9500703812,80.2333221436,68339,68349,10
12.9500904083,80.23387146,68349,68359,10
12.9500703812,80.2344818115,68359,68369,10
12.9500198364,80.2350387573,68369,68379,10
12.9499902725,80.2354888916,68379,68389,10
12.9499702454,80.2358779907,68389,68419,30
12.9499702454,80.2358779907,68419,68429,10
12.9499702454,80.2360916138,68429,68440,11
12.949839592,80.2365493774,68440,68450,10
12.9497203827,80.2371673584,68450,68460,10
12.9496002197,80.2379226685,68460,68470,10
12.9494400024,80.2387619019,68470,68480,10
12.949259758,80.2396621704,68480,68490,10
12.9490804672,80.2403793335,68490,68510,20
12.9490804672,80.2403793335,68510,68520,10
12.9490499496,80.2404403687,68520,68530,10
12.9491901398,80.2408218384,68530,68540,10
12.9498596191,80.2410583496,68540,68551,11
12.9510402679,80.2414321899,68551,68591,40
12.9510402679,80.2414321899,68591,68601,10
12.9513101578,80.2415390015,68601,68611,10
12.9518604279,80.2417297363,68611,68621,10
12.952580452,80.2420120239,68621,68631,10
12.9531898499,80.2422332764,68631,68640,9
12.9537096024,80.2424316406,68640,68652,12
12.9542102814,80.2426300049,68652,68662,10
12.9547901154,80.2428588867,68662,68672,10
12.9554796219,80.2431106567,68672,68682,10
12.9562397003,80.2433929443,68682,68692,10
12.9565000534,80.2434768677,68692,68702,10
12.9569501877,80.2436828613,68702,68712,10
12.9575996399,80.2440032959,68712,68722,10
12.9583702087,80.2443313599,68722,68732,10
12.9588298798,80.2445068359,68732,68742,10
12.9588403702,80.2445068359,68742,68752,10
12.9589300156,80.2445297241,68752,68762,10
12.9593696594,80.244758606,68762,68773,11
12.9601202011,80.2451019287,68773,68783,10
12.9609203339,80.2454681396,68783,68793,10
12.9617900848,80.2459030151,68793,68803,10
12.9626598358,80.2463302612,68803,68813,10
12.9630804062,80.2465133667,68813,68833,20
12.9630804062,80.2465133667,68833,68843,10
12.9633302689,80.2466812134,68843,68853,10
12.9636802673,80.2468490601,68853,68864,11
12.9641599655,80.2470397949,68864,68874,10
12.9648303986,80.2472763062,68874,68884,10
12.9656295776,80.247543335,68884,68894,10
12.9660997391,80.247718811,68894,68904,10
12.9665498734,80.2479019165,68904,68944,40
12.9665498734,80.2479019165,68944,68954,10
12.9666900635,80.2479705811,68954,68964,10
12.9671001434,80.2481765747,68964,68975,11
12.9678602219,80.2485198975,68975,68985,10
12.9686498642,80.248840332,68985,68995,10
12.9695596695,80.249206543,68995,69005,10
12.9705295563,80.2495880127,69005,69015,10
12.9715900421,80.2499084473,69015,69025,10
12.9727602005,80.2502212524,69025,69035,10
12.9737901688,80.25050354,69035,69045,10
12.974820137,80.2507781982,69045,69055,10
12.9758195877,80.2510528564,69055,69065,10
12.9766597748,80.2512969971,69065,69076,11
12.9772996902,80.2515411377,69076,69086,10
12.9775695801,80.2516937256,69086,69096,10
12.977809906,80.2518768311,69096,69106,10
12.9779996872,80.2520370483,69106,69116,10
12.9785804749,80.2524490356,69116,69489,373
12.9785804749,80.2524490356,69489,69499,10
12.9788198471,80.2525405884,69499,69510,11
12.9792604446,80.2526397705,69510,69520,10
12.9796800613,80.2526931763,69520,69530,10
12.9802598953,80.2527236938,69530,69540,10
12.9809598923,80.2526931763,69540,69550,10
12.9816598892,80.2526626587,69550,69560,10
12.9824199677,80.2526473999,69560,69570,10
12.9832201004,80.252571106,69570,69580,10
12.9837198257,80.2524719238,69580,69590,10
12.9840698242,80.2523727417,69590,69601,11
12.9843196869,80.2522964478,69601,69893,292
12.9843196869,80.2522964478,69893,69903,10
12.984459877,80.2522125244,69903,69913,10
12.9848403931,80.2521133423,69913,69924,11
12.9854402542,80.251953125,69924,70004,80
12.9854402542,80.251953125,70004,70014,10
12.9856700897,80.2518920898,70014,70025,11
12.9862804413,80.251739502,70025,70035,10
12.9872102737,80.2514801025,70035,70236,201
12.9872102737,80.2514801025,70236,70247,11
12.9875001907,80.2514190674,70247,70257,10
12.987830162,80.2514266968,70257,70267,10
12.9879598618,80.2518310547,70267,70277,10
12.9879999161,80.2520370483,70277,70287,10
12.9879999161,80.2522277832,70287,70297,10
12.9879598618,80.252822876,70297,70307,10
12.9878902435,80.2535400391,70307,70317,10
12.9877996445,80.2543563843,70317,70327,10
12.9877595901,80.2551574707,70327,70438,111
12.9877595901,80.2551574707,70438,70449,11
12.987569809,80.255279541,70449,70459,10
12.987569809,80.2555465698,70459,70469,10
12.9875402451,80.2559204102,70469,70479,10
12.9874696732,80.2564468384,70479,70489,10
12.987449646,80.256942749,70489,70499,10
12.9874095917,80.2576522827,70499,70509,10
12.9873600006,80.2584228516,70509,70519,10
12.9873104095,80.2591400146,70519,70529,10
12.9871797562,80.2596282959,70529,70580,51
12.9871797562,80.2596282959,70580,70590,10
12.9869403839,80.2596511841,70590,70600,10
12.9867801666,80.2593612671,70600,70863,263
12.9867401123,80.2590637207,70863,71610,747
12.9867401123,80.2590637207,71610,71620,10
12.9868202209,80.2590332031,71620,71630,10
12.9870901108,80.2590866089,71630,71640,10
12.9872598648,80.2590637207,71640,71650,10
12.9872999191,80.2587738037,71650,71660,10
12.9873399734,80.2582397461,71660,71670,10
12.9873895645,80.2577285767,71670,71680,10
12.9874401093,80.2570495605,71680,71690,10
12.9874897003,80.256362915,71690,71701,11
12.9875297546,80.2557907104,71701,71711,10
12.9876499176,80.2553405762,71711,71721,10
12.9876804352,80.2549819946,71721,71731,10
12.9876804352,80.2548294067,71731,71741,10
12.9877195358,80.2543716431,71741,71751,10
12.9877796173,80.2537384033,71751,71761,10
12.987830162,80.2530670166,71761,71771,10
12.9878702164,80.2524795532,71771,71781,10
12.9878702164,80.2522201538,71781,72195,414
12.9878702164,80.2522201538,72195,72205,10
12.987859726,80.2520904541,72205,72215,10
12.9877901077,80.2518005371,72215,72225,10
12.9874897003,80.2515792847,72225,72236,11
12.9868898392,80.2516708374,72236,72246,10
12.9863796234,80.2518310547,72246,72255,9
12.9858999252,80.2519607544,72255,72266,11
12.985039711,80.2521896362,72266,72276,10
12.9841499329,80.2524337769,72276,72286,10
12.9832401276,80.2526397705,72286,72296,10
12.9823503494,80.2527084351,72296,72306,10
12.9814596176,80.2527236938,72306,72316,10
12.9805698395,80.2527618408,72316,72326,10
12.979809761,80.2527999878,72326,72337,11
12.9790096283,80.2527084351,72337,72347,10
12.9785299301,80.2526168823,72347,72357,10
12.9785003662,80.2526016235,72357,72367,10
12.9784002304,80.2525482178,72367,72377,10
12.9780597687,80.252281189,72377,72387,10
12.9775495529,80.2518310547,72387,72397,10
12.9768896103,80.251411438,72397,72407,10
12.976149559,80.2511672974,72407,72417,10
12.9753599167,80.2509536743,72417,72427,10
12.9745101929,80.2507019043,72427,72438,11
12.9735298157,80.2504425049,72438,72448,10
12.9726200104,80.2501907349,72448,72458,10
12.9717502594,80.249961853,72458,72468,10
12.9709100723,80.2497406006,72468,72478,10
12.9701299667,80.2494888306,72478,72488,10
12.9694004059,80.2491912842,72488,72498,10
12.9686803818,80.248878479,72498,72508,10
12.9679498672,80.2485580444,72508,72518,10
12.9671897888,80.248260498,72518,72528,10
12.9666404724,80.2479400635,72528,72539,11
12.9659500122,80.2476577759,72539,72549,10
12.9652996063,80.2474212646,72549,72569,20
12.9652996063,80.2474212646,72569,72579,10
12.9652500153,80.2473602295,72579,72589,10
12.964969635,80.2472991943,72589,72599,10
12.9646196365,80.247177124,72599,72609,10
12.9641799927,80.2470397949,72609,72639,30
12.9641799927,80.2470397949,72639,72650,11
12.9638595581,80.2469482422,72650,72660,10
12.9634799957,80.2468032837,72660,72670,10
12.9630002975,80.2464904785,72670,72680,10
12.9623203278,80.2462005615,72680,72690,10
12.9615802765,80.2458267212,72690,72700,10
12.9608097076,80.2454605103,72700,72710,10
12.9600496292,80.2451171875,72710,72720,10
12.959400177,80.2448425293,72720,72740,20
12.959400177,80.2448425293,72740,72751,11
12.959280014,80.2447967529,72751,72761,10
12.9589099884,80.2446212769,72761,72771,10
12.9583702087,80.2443771362,72771,72781,10
12.9578199387,80.2441711426,72781,72791,10
12.9572401047,80.2439727783,72791,72801,10
12.9566602707,80.2437133789,72801,72872,71
12.9566602707,80.2437133789,72872,72882,10
12.956319809,80.2435836792,72882,72892,10
12.9558801651,80.2433929443,72892,72902,10
12.9552698135,80.2431411743,72902,72912,10
12.9546098709,80.2428588867,72912,72922,10
12.9538803101,80.2425689697,72922,72932,10
12.9531497955,80.2422637939,72932,72942,10
12.9521102905,80.241859436,72942,72973,31
12.9521102905,80.241859436,72973,72983,10
12.9519300461,80.2418212891,72983,72993,10
12.9518604279,80.2417984009,72993,73003,10
12.9515104294,80.2416763306,73003,73013,10
12.9509296417,80.2414627075,73013,73023,10
12.9503498077,80.2412796021,73023,73033,10
12.9499702454,80.2411804199,73033,73043,10
12.9495296478,80.2410430908,73043,73053,10
12.9490804672,80.2408905029,73053,73064,11
12.9488401413,80.2406921387,73064,73074,10
12.9489202499,80.2403411865,73074,73084,10
12.9491500854,80.2394104004,73084,73114,30
12.9491500854,80.2394104004,73114,73124,10
12.9491596222,80.239402771,73124,73134,10
12.9492702484,80.2390594482,73134,73144,10
12.949379921,80.2384872437,73144,73154,10
12.9494895935,80.2378311157,73154,73165,11
12.9496002197,80.2370605469,73165,73175,10
12.9496498108,80.236541748,73175,73185,10
12.9497003555,80.236038208,73185,73215,30
12.9497003555,80.236038208,73215,73225,10
12.9497299194,80.2358779907,73225,73235,10
12.9497900009,80.235458374,73235,73245,10
12.9498796463,80.2349395752,73245,73255,10
12.9499397278,80.2339782715,73255,73296,41
12.9499397278,80.2339782715,73296,73306,10
12.9499197006,80.2338485718,73306,73316,10
12.9499197006,80.2335968018,73316,73326,10
12.9498996735,80.2332000732,73326,73336,10
12.9498596191,80.2326202393,73336,73346,10
12.9498300552,80.2319793701,73346,73356,10
12.9497804642,80.2314605713,73356,73366,10
12.9497404099,80.2309265137,73366,73376,10
12.9497003555,80.23021698,73376,73386,10
12.9496498108,80.2294006348,73386,73397,11
12.9496097565,80.2284088135,73397,73407,10
12.9495601654,80.2274398804,73407,73417,10
12.9495201111,80.2264328003,73417,73427,10
12.9494600296,80.2254333496,73427,73438,11
12.9494199753,80.2245178223,73438,73448,10
12.9493598938,80.2232971191,73448,73458,10
12.9493198395,80.2222900391,73458,73468,10
12.9492397308,80.221282959,73468,73478,10
12.949139595,80.2202529907,73478,73489,11
12.9490203857,80.2191009521,73489,73499,10
12.9489202499,80.2180404663,73499,73509,10
12.9488096237,80.2169799805,73509,73519,10
12.9486999512,80.2159194946,73519,73529,10
12.9485998154,80.2148895264,73529,73539,10
12.9484996796,80.2138595581,73539,73549,10
12.9483995438,80.2128601074,73549,73559,10
12.9483499527,80.2118606567,73559,73569,10
12.9483299255,80.2109603882,73569,73579,10
12.9483098984,80.2103118896,73579,73589,10
12.9482498169,80.2101593018,73589,73600,11
12.9482898712,80.2099533081,73600,73610,10
12.9483804703,80.2095870972,73610,73620,10
12.9484300613,80.2087173462,73620,73660,40
12.9484300613,80.2087173462,73660,73670,10
12.9484300613,80.2084579468,73670,73680,10
12.9484596252,80.2080230713,73680,73690,10
12.9485197067,80.2074432373,73690,73701,11
12.948559761,80.206741333,73701,73711,10
12.9485998154,80.2060470581,73711,73721,10
12.9485902786,80.2053604126,73721,73731,10
12.9485797882,80.2046432495,73731,73741,10
12.9485197067,80.2034988403,73741,73761,20
12.9485197067,80.2034988403,73761,73770,9
12.9485197067,80.2033996582,73770,73781,11
12.9485397339,80.2030563354,73781,73791,10
12.9485197067,80.2025222778,73791,73801,10
12.9484901428,80.2016830444,73801,73812,11
12.9484596252,80.2007827759,73812,73822,10
12.9484300613,80.1998519897,73822,73832,10
12.948390007,80.1989593506,73832,73852,20
12.948390007,80.1989593506,73852,73862,10
12.948390007,80.1987762451,73862,73872,10
12.9483804703,80.1983108521,73872,73882,10
12.9483804703,80.1976699829,73882,73892,10
12.9483995438,80.1969223022,73892,73902,10
12.9483995438,80.1955871582,73902,73933,31
12.9483995438,80.1955871582,73933,73943,10
12.9484100342,80.1953811646,73943,73953,10
12.9484195709,80.1949920654,73953,73963,10
12.9484300613,80.1943817139,73963,73973,10
12.9484300613,80.1935424805,73973,73983,10
12.9484701157,80.1925582886,73983,73993,10
12.94851017,80.1915130615,73993,74003,10
12.9485797882,80.1904602051,74003,74014,11
12.9486503601,80.1896362305,74014,74024,10
12.9487304688,80.1888809204,74024,74034,10
12.9488201141,80.1880264282,74034,74044,10
12.9489002228,80.1871185303,74044,74054,10
12.9489603043,80.1862411499,74054,74064,10
12.9489202499,80.1856613159,74064,74094,30
12.9489202499,80.1856613159,74094,74104,10
12.9489202499,80.1853713989,74104,74114,10
12.9489803314,80.1848602295,74114,74125,11
12.9491100311,80.183921814,74125,74145,20
12.9491100311,80.183921814,74145,74155,10
12.9491596222,80.1836395264,74155,74165,10
12.949259758,80.1831283569,74165,74175,10
12.9493703842,80.1825180054,74175,74185,10
12.9494495392,80.1820297241,74185,74195,10
12.9495000839,80.1817321777,74195,74205,10
12.9495601654,80.1813201904,74205,74215,10
12.949640274,80.1809310913,74215,74226,11
12.949760437,80.1803283691,74226,74236,10
12.9499101639,80.1795883179,74236,74246,10
12.9501399994,80.1787033081,74246,74256,10
12.9504203796,80.1776809692,74256,74266,10
12.9507198334,80.1765365601,74266,74276,10
12.9509801865,80.1753234863,74276,74286,10
12.9512395859,80.1742019653,74286,74296,10
12.9514799118,80.1731109619,74296,74306,10
12.9516601563,80.1719589233,74306,74316,10
12.9517498016,80.1713790894,74316,74327,11
12.9517602921,80.1713027954,74327,74337,10
12.9518003464,80.1710891724,74337,74347,10
12.9518995285,80.1705932617,74347,74357,10
12.9520196915,80.1698989868,74357,74367,10
12.952170372,80.169052124,74367,74377,10
12.9523696899,80.1681289673,74377,74387,10
12.9526395798,80.1671218872,74387,74397,10
12.9528999329,80.1660385132,74397,74407,10
12.9531602859,80.1648864746,74407,74417,10
12.9534397125,80.1636810303,74417,74428,11
12.9537200928,80.1624069214,74428,74438,10
12.9540195465,80.1609573364,74438,74448,10
12.9542798996,80.1596603394,74448,74458,10
12.9544200897,80.1588668823,74458,74468,10
12.9545001984,80.1584701538,74468,74498,30
12.9545001984,80.1584701538,74498,74508,10
12.954580307,80.1581573486,74508,74518,10
12.9546604156,80.1577529907,74518,74528,10
12.9546604156,80.1577301025,74528,74539,11
12.954750061,80.157333374,74539,74549,10
12.9548902512,80.1566925049,74549,74559,10
12.9550600052,80.1558990479,74559,74569,10
12.9552402496,80.1550216675,74569,74579,10
12.955450058,80.1540603638,74579,74589,10
12.9557600021,80.1530838013,74589,74599,10
12.956319809,80.1521377563,74599,74609,10
12.9572095871,80.1513900757,74609,74619,10
12.9580202103,80.150718689,74619,74629,10
12.9585895538,80.1502380371,74629,74650,21
12.9585895538,80.1502380371,74650,74660,10
12.9588298798,80.150062561,74660,74670,10
12.9593296051,80.1496429443,74670,74680,10
12.9596099854,80.1488876343,74680,74690,10
12.9597396851,80.1482696533,74690,74700,10
12.9599399567,80.1473388672,74700,74710,10
12.9601097107,80.1465377808,74710,74720,10
12.9602603912,80.1458511353,74720,74730,10
12.9601898193,80.1454620361,74730,74740,10
12.9596500397,80.1451797485,74740,74751,11
12.9587802887,80.1447296143,74751,74761,10
12.9579696655,80.144203186,74761,74771,10
12.957110405,80.1437606812,74771,74781,10
12.9562501907,80.1433334351,74781,74791,10
12.9554395676,80.142906189,74791,74801,10
12.9547796249,80.1425704956,74801,74811,10
12.9543199539,80.1423187256,74811,74821,10
12.9539804459,80.1421432495,74821,74831,10
12.9536895752,80.1419906616,74831,74841,10
12.9529695511,80.1416015625,74841,74872,31
12.9529695511,80.1416015625,74872,74882,10
12.952870369,80.1415405273,74882,74892,10
12.9524898529,80.1412734985,74892,74902,10
12.9520597458,80.1409378052,74902,74912,10
12.9517602921,80.1407394409,74912,74932,20
12.9517602921,80.1407394409,74932,74942,10
12.9516000748,80.1406478882,74942,74952,10
12.9513196945,80.1403808594,74952,74963,11
12.9508399963,80.140007019,74963,74973,10
12.9502801895,80.1395568848,74973,74983,10
12.9496097565,80.138999939,74983,74993,10
12.9488401413,80.1383666992,74993,75003,10
12.9481201172,80.1378479004,75003,75013,10
12.9477396011,80.1375808716,75013,75023,10
12.947259903,80.1372375488,75023,75033,10
12.9465999603,80.1367492676,75033,75043,10
12.9457197189,80.1360473633,75043,75053,10
12.9447097778,80.1352615356,75053,75063,10
12.9436998367,80.1344833374,75063,75074,11
12.9429397583,80.1337509155,75074,75084,10
12.9422101974,80.1329574585,75084,75094,10
12.9413604736,80.1320800781,75094,75104,10
12.9404296875,80.131111145,75104,75114,10
12.9394798279,80.1301803589,75114,75124,10
12.9385499954,80.1294021606,75124,75134,10
12.9376897812,80.1287002563,75134,75164,30
12.9376897812,80.1287002563,75164,75175,11
12.9375400543,80.1285629272,75175,75185,10
12.9371595383,80.1281814575,75185,75205,20
12.9371595383,80.1281814575,75205,75215,10
12.9369697571,80.1279830933,75215,75225,10
12.9364995956,80.1275787354,75225,75235,10
12.9357500076,80.1269302368,75235,75245,10
12.9350500107,80.1262969971,75245,75255,10
12.9338302612,80.1251678467,75255,75265,10
12.9328603745,80.124206543,75265,75275,10
12.9319601059,80.1233291626,75275,75286,11
12.931139946,80.1224594116,75286,75296,10
12.9303102493,80.1216812134,75296,75306,10
12.9294996262,80.1208572388,75306,75316,10
12.9288902283,80.1202163696,75316,75326,10
12.9283800125,80.1196670532,75326,75336,10
12.9280099869,80.1193008423,75336,75346,10
12.9276399612,80.1190185547,75346,75356,10
12.9272298813,80.118560791,75356,75376,20
12.9272298813,80.118560791,75376,75387,11
12.9270296097,80.1183319092,75387,75397,10
12.9268598557,80.1181182861,75397,75407,10
12.9267597198,80.1180114746,75407,75417,10
12.9263401031,80.1176605225,75417,75447,30
12.9263401031,80.1176605225,75447,75457,10
12.9262104034,80.1175613403,75457,75467,10
12.9258699417,80.1173095703,75467,75477,10
12.9255199432,80.1169815063,75477,75488,11
12.9250202179,80.1164779663,75488,75498,10
12.924539566,80.1159896851,75498,75508,10
12.9242696762,80.1157302856,75508,75518,10
12.9240598679,80.1155319214,75518,75528,10
12.9238996506,80.115196228,75528,75538,10
12.9241104126,80.1150970459,75538,75548,10
12.9244098663,80.1153793335,75548,75558,10
12.9247703552,80.1157684326,75558,75568,10
12.9251699448,80.1161804199,75568,75578,10
12.9255800247,80.1166000366,75578,75588,10
12.9259901047,80.1170730591,75588,75599,11
12.9262800217,80.1175231934,75599,75609,10
12.9265203476,80.1177902222,75609,75619,10
12.9269599915,80.1180419922,75619,76235,616
12.9269599915,80.1180419922,76235,76245,10
12.9272203445,80.1183319092,76245,76255,10
12.9272298813,80.1183395386,76255,76265,10
12.927359581,80.118598938,76265,76275,10
12.9276504517,80.1189117432,76275,76285,10
12.9280595779,80.1193237305,76285,76295,10
12.9284200668,80.119682312,76295,76304,9
12.9287595749,80.1199798584,76304,76336,32
12.9287595749,80.1199798584,76336,76346,10
12.9288797379,80.1201095581,76346,76356,10
12.9290704727,80.1202468872,76356,76447,91
12.9290704727,80.1202468872,76447,76457,10
12.9291696548,80.1203231812,76457,76467,10
12.9294099808,80.1205825806,76467,76477,10
12.9297199249,80.1208724976,76477,76487,10
12.9301700592,80.1213226318,76487,76497,10
12.9305496216,80.1217193604,76497,76507,10
12.9309797287,80.1221466064,76507,76517,10
12.9314498901,80.1226196289,76517,76527,10
12.9317998886,80.1230010986,76527,76538,11
12.9322795868,80.1234817505,76538,76548,10
12.9327497482,80.1239471436,76548,76558,10
12.9332399368,80.1244430542,76558,76568,10
12.9337396622,80.1249465942,76568,76578,10
12.9342603683,80.1254577637,76578,76588,10
12.9347400665,80.1259002686,76588,76598,10
12.9351701736,80.1262817383,76598,76608,10
12.935549736,80.1265716553,76608,76618,10
12.9357795715,80.126701355,76618,76628,10
12.936050415,80.1269683838,76628,76639,11
12.9364099503,80.1273574829,76639,76649,10
12.9367103577,80.1274108887,76649,76659,10
12.9369802475,80.126991272,76659,76669,10
12.9374198914,80.1270217896,76669,76679,10
12.9377002716,80.1274185181,76679,76689,10
12.9375495911,80.1276779175,76689,76709,20
12.9375495911,80.1276779175,76709,76719,10
12.9374504089,80.1278610229,76719,76730,11
12.937379837,80.1279602051,76730,76740,10
12.9373703003,80.1279907227,76740,76750,10
12.9373998642,80.1281814575,76750,76760,10
12.9376296997,80.128326416,76760,76770,10
12.9379701614,80.1286697388,76770,76780,10
12.9384698868,80.1291275024,76780,76790,10
12.9391098022,80.1296920776,76790,76800,10
12.9397802353,80.1302871704,76800,76810,10
12.9404401779,80.1309661865,76810,76820,10
12.9410800934,80.1316375732,76820,76830,10
12.9417200089,80.1322937012,76830,76840,10
12.9423398972,80.1329498291,76840,76851,11
12.9430198669,80.1336364746,76851,76861,10
12.9437103271,80.1343002319,76861,76891,30
12.9437103271,80.1343002319,76891,76901,10
12.9439496994,80.1345062256,76901,76911,10
12.9440803528,80.1346130371,76911,76921,10
12.9442396164,80.1347503662,76921,76931,10
12.9445695877,80.1350097656,76931,76942,11
12.945110321,80.1354217529,76942,76952,10
12.9457101822,80.135887146,76952,76962,10
12.9463596344,80.1364212036,76962,76972,10
12.9470596313,80.136932373,76972,76982,10
12.9477300644,80.1374130249,76982,76992,10
12.9484596252,80.1379165649,76992,77002,10
12.9491996765,80.1384506226,77002,77012,10
12.9498500824,80.1389694214,77012,77022,10
12.9503202438,80.139289856,77022,77032,10
12.9503898621,80.1393203735,77032,77042,10
12.9505300522,80.1394577026,77042,77053,11
12.9509000778,80.1397094727,77053,77063,10
12.9512300491,80.1399230957,77063,77073,10
12.9512395859,80.1399230957,77073,77083,10
12.9512996674,80.1399765015,77083,77093,10
12.9514398575,80.1400985718,77093,77103,10
12.9517002106,80.1403198242,77103,77113,10
12.9519395828,80.1406021118,77113,77123,10
12.9520397186,80.1407470703,77123,77133,10
12.9523200989,80.1409683228,77133,77143,10
12.9525699615,80.1411437988,77143,77153,10
12.9526395798,80.1411819458,77153,77164,11
12.9530000687,80.1414337158,77164,77174,10
12.9535799026,80.1417770386,77174,77184,10
12.9542999268,80.1421813965,77184,77194,10
12.9550695419,80.142578125,77194,77204,10
12.9557800293,80.142906189,77204,77214,10
12.9560604095,80.1430206299,77214,77224,10
12.9563302994,80.1431732178,77224,77234,10
12.9568195343,80.1434402466,77234,77244,10
12.957400322,80.1437683105,77244,77254,10
12.9580898285,80.1440963745,77254,77265,11
12.9589195251,80.1445007324,77265,77275,10
12.9596004486,80.144859314,77275,77285,10
12.960149765,80.1451568604,77285,77295,10
12.9605398178,80.1453704834,77295,77305,10
12.9603595734,80.1457824707,77305,77315,10
12.9602003098,80.1463775635,77315,77325,10
12.9600496292,80.1471328735,77325,77335,10
12.9598903656,80.1479034424,77335,77345,10
12.9597396851,80.1485671997,77345,77355,10
12.959400177,80.1496887207,77355,77365,10
12.9587602615,80.1502990723,77365,77376,11
12.9586400986,80.1503982544,77376,77386,10
12.9584197998,80.1505584717,77386,77396,10
12.9579496384,80.1509399414,77396,77406,10
12.9573698044,80.1514129639,77406,77416,10
12.9566802979,80.1519699097,77416,77426,10
12.9561004639,80.1526031494,77426,77436,10
12.9556798935,80.1536026001,77436,77446,10
12.9554195404,80.154586792,77446,77456,10
12.9552097321,80.1555862427,77456,77466,10
12.9550104141,80.1565933228,77466,77477,11
12.9547700882,80.1576766968,77477,77487,10
12.954580307,80.1586074829,77487,77497,10
12.9544200897,80.1593780518,77497,77507,10
12.9543895721,80.159576416,77507,77517,10
12.9543199539,80.159942627,77517,77527,10
12.9541797638,80.1606063843,77527,77537,10
12.9540195465,80.1614379883,77537,77547,10
12.9538202286,80.162361145,77547,77557,10
12.953619957,80.1633071899,77557,77567,10
12.9534101486,80.1642608643,77567,77577,10
12.9531898499,80.1652297974,77577,77588,11
12.9529304504,80.166343689,77588,77598,10
12.9526700974,80.1673583984,77598,77608,10
12.9524097443,80.1683273315,77608,77618,10
12.9522104263,80.1693572998,77618,77628,10
12.9520597458,80.1702804565,77628,77638,10
12.9520101547,80.1706771851,77638,77648,10
12.9519500732,80.1709518433,77648,77658,10
12.9518604279,80.1714935303,77658,77668,10
12.9517202377,80.1722488403,77668,77678,10
12.95154953,80.1731796265,77678,77689,11
12.9513597488,80.174156189,77689,77699,10
12.9512395859,80.1746520996,77699,77709,10
12.9511203766,80.1752624512,77709,77719,10
12.9509496689,80.1760482788,77719,77727,8
12.9507904053,80.1767578125,77727,77738,11
12.9505300522,80.1777496338,77738,77749,11
12.9502696991,80.1787796021,77749,77759,10
12.9500398636,80.1797027588,77759,77769,10
12.9498796463,80.1804962158,77769,77779,10
12.9497299194,80.1812591553,77779,77789,10
12.9495897293,80.1819992065,77789,77800,11
12.9494199753,80.1829528809,77800,77810,10
12.9492998123,80.1837615967,77810,77820,10
12.9492902756,80.1838607788,77820,77830,10
12.9492702484,80.1839675903,77830,77840,10
12.9492301941,80.1844024658,77840,77850,10
12.9492301941,80.1848373413,77850,77860,10
12.9492197037,80.1849365234,77860,77870,10
12.9491796494,80.1853179932,77870,77880,10
12.949139595,80.1859207153,77880,77890,10
12.9490995407,80.1865463257,77890,77901,11
12.9490299225,80.187171936,77901,77911,10
12.9489803314,80.1877593994,77911,77921,10
12.9489202499,80.1884002686,77921,77931,10
12.9488697052,80.1889419556,77931,77941,10
12.9488096237,80.1895828247,77941,77951,10
12.9487304688,80.1903915405,77951,77961,10
12.9486598969,80.1913223267,77961,77971,10
12.9486103058,80.1923217773,77971,77981,10
12.9485797882,80.1933135986,77981,77991,10
12.948559761,80.1942214966,77991,78001,10
12.9485502243,80.1950836182,78001,78012,11
12.9485702515,80.1954574585,78012,78022,10
12.948559761,80.1956329346,78022,78032,10
12.9485397339,80.1961669922,78032,78042,10
12.9485197067,80.1968536377,78042,78052,10
12.9485197067,80.1977005005,78052,78062,10
12.9485197067,80.1986465454,78062,78072,10
12.948559761,80.1993103027,78072,78082,10
12.9485702515,80.199432373,78082,78092,10
12.9485797882,80.1997909546,78092,78103,11
12.9485998154,80.2005691528,78103,78113,10
12.9486198425,80.201423645,78113,78123,10
12.9486503601,80.2023391724,78123,78133,10
12.948679924,80.2031021118,78133,78142,9
12.948679924,80.2032012939,78142,78153,11
12.948679924,80.2037734985,78153,78163,10
12.9486999512,80.204536438,78163,78173,10
12.9487304688,80.2054672241,78173,78183,10
12.9487199783,80.2063827515,78183,78193,10
12.9486598969,80.2072982788,78193,78203,10
12.9486103058,80.2082214355,78203,78214,11
12.9485502243,80.2090682983,78214,78224,10
12.9485397339,80.2092971802,78224,78234,10
12.9485197067,80.2093276978,78234,78244,10
12.9484996796,80.2097930908,78244,78254,10
12.9484901428,80.2101364136,78254,78264,10
12.9484500885,80.2107391357,78264,78274,10
12.9484500885,80.2115631104,78274,78284,10
12.9484796524,80.212562561,78284,78294,10
12.9485702515,80.2136077881,78294,78304,10
12.9486703873,80.2146835327,78304,78314,10
12.9487695694,80.2157516479,78314,78325,11
12.9488897324,80.2169418335,78325,78335,10
12.9490003586,80.2180175781,78335,78345,10
12.9491100311,80.2190933228,78345,78355,10
12.9492197037,80.2201766968,78355,78365,10
12.9493303299,80.2212982178,78365,78375,10
12.9494104385,80.2224197388,78375,78385,10
12.9494695663,80.2235488892,78385,78395,10
12.9495201111,80.2247009277,78395,78405,10
12.9495801926,80.2258682251,78405,78416,11
12.9496202469,80.2269973755,78416,78425,9
12.9496898651,80.2281265259,78425,78436,11
12.949760437,80.2293701172,78436,78446,10
12.949839592,80.23046875,78446,78456,10
12.9498996735,80.2314987183,78456,78466,10
12.9499702454,80.2323608398,78466,78476,10
12.9500102997,80.2329025269,78476,78486,10
12.9500303268,80.2329788208,78486,78496,10
12.9500598907,80.2333984375,78496,78506,10
12.9500799179,80.2339935303,78506,78515,9
12.9500303268,80.2347412109,78515,78526,11
12.9499597549,80.2357406616,78526,78608,82
12.9499597549,80.2357406616,78608,78618,10
12.9499597549,80.2358627319,78618,78628,10
12.9499397278,80.2361221313,78628,78639,11
12.9497699738,80.2367782593,78639,78649,10
12.949640274,80.2375793457,78649,78659,10
12.9495201111,80.2384414673,78659,78669,10
12.9493598938,80.2392807007,78669,78679,10
12.9491901398,80.240020752,78679,78689,10
12.9490995407,80.2404632568,78689,78699,10
12.949090004,80.2404708862,78699,78709,10
12.949090004,80.2406768799,78709,78719,10
12.9492301941,80.2408218384,78719,78729,10
12.9497003555,80.2409973145,78729,78740,11
12.9504699707,80.2412109375,78740,78750,10
12.9510402679,80.2413635254,78750,78760,10
12.9510803223,80.2413711548,78760,78770,10
12.9511203766,80.2413787842,78770,78780,10
12.9515199661,80.2415390015,78780,78790,10
12.9521303177,80.2417602539,78790,78800,10
12.9528598785,80.2420501709,78800,78810,10
12.9536800385,80.2423706055,78810,78820,10
12.9544095993,80.2426605225,78820,78830,10
12.9550199509,80.2429122925,78830,78840,10
12.9555101395,80.2431182861,78840,78851,11
12.9558401108,80.2432403564,78851,78861,10
12.956029892,80.2433166504,78861,78911,50
12.956029892,80.2433166504,78911,78921,10
12.9567203522,80.2436218262,78921,78931,10
12.9574203491,80.2438964844,78931,78941,10
12.9582300186,80.2442321777,78941,78952,11
12.9588603973,80.244468689,78952,78962,10
12.9589195251,80.2444763184,78962,78972,10
12.9592695236,80.2446517944,78972,78982,10
12.9596099854,80.2448120117,78982,78992,10
12.9600200653,80.2450027466,78992,79002,10
12.960849762,80.2453765869,79002,79012,10
12.9616003036,80.2457427979,79012,79022,10
12.9622402191,80.2460479736,79022,79032,10
12.962770462,80.2462921143,79032,79042,10
12.9630804062,80.2464370728,79042,79053,11
12.9632101059,80.2464981079,79053,79063,10
12.9637002945,80.2467803955,79063,79073,10
12.9641199112,80.2469482422,79073,79083,10
12.9645204544,80.2471008301,79083,79093,10
12.965180397,80.2473373413,79093,79103,10
12.9659795761,80.2476119995,79103,79113,10
12.9665603638,80.247833252,79113,79123,10
12.9666004181,80.2478485107,79123,79133,10
12.9667100906,80.2479019165,79133,79143,10
12.9671401978,80.2481307983,79143,79153,10
12.9677801132,80.2484130859,79153,79164,11
12.9687004089,80.2487716675,79164,79174,10
12.9696102142,80.249130249,79174,79184,10
12.9705400467,80.2494888306,79184,79194,10
12.9715003967,80.2497787476,79194,79204,10
12.9725503922,80.2500610352,79204,79214,10
12.9736099243,80.2502975464,79214,79224,10
12.9746799469,80.250617981,79224,79234,10
12.9757003784,80.2509078979,79234,79244,10
12.9767303467,80.2512130737,79244,79254,10
12.9776496887,80.2516708374,79254,79265,11
12.9783096313,80.2521896362,79265,79275,10
12.9784898758,80.2523117065,79275,79285,10
12.9785804749,80.2523727417,79285,79295,10
12.9789400101,80.2525405884,79295,79305,10
12.9790897369,80.252571106,79305,79315,10
12.9795198441,80.2526168823,79315,79325,10
12.9800701141,80.2526626587,79325,79335,10
12.980799675,80.2526397705,79335,79345,10
12.9816799164,80.2526092529,79345,79416,71
12.9819803238,80.2525787354,79416,79456,40
12.9819803238,80.2525787354,79456,79466,10
12.982219696,80.2525863647,79466,79477,11
12.98279953,80.2525634766,79477,79487,10
12.983039856,80.252532959,79487,79557,70
12.983039856,80.252532959,79557,79567,10
12.9832801819,80.2524795532,79567,79608,41
12.9832801819,80.2524795532,79608,79618,10
12.983590126,80.2524185181,79618,79709,91
12.983590126,80.2524185181,79709,79719,10
12.9839601517,80.2522888184,79719,79800,81
12.9843301773,80.2521896362,79800,79870,70
12.9843301773,80.2521896362,79870,79880,10
12.9846000671,80.2521133423,79880,79890,10
12.9852399826,80.2519378662,79890,80133,243
12.9852399826,80.2519378662,80133,80143,10
12.9858198166,80.2517700195,80143,80163,20
12.9858198166,80.2517700195,80163,80173,10
12.9860095978,80.2516784668,80173,80183,10
12.9863595963,80.2516098022,80183,80193,10
12.9868202209,80.2515182495,80193,80214,21
12.9868202209,80.2515182495,80214,80224,10
12.986989975,80.2514724731,80224,80234,10
12.9874897003,80.2513275146,80234,80244,10
12.9878997803,80.2514038086,80244,80254,10
12.9879999161,80.2518920898,80254,80265,11
12.9880304337,80.2524337769,80265,80275,10
12.9879703522,80.2528305054,80275,80285,10
12.9878902435,80.2536010742,80285,80295,10
12.9877901077,80.2544784546,80295,80305,10
12.9877195358,80.2550735474,80305,80326,21
12.9877195358,80.2550735474,80326,80336,10
12.9876499176,80.2552566528,80336,80346,10
12.9875898361,80.255821228,80346,80356,10
12.9875202179,80.2563934326,80356,80366,10
12.9874696732,80.256980896,80366,80376,10
12.9874296188,80.2577667236,80376,80386,10
12.9873800278,80.2583999634,80386,80477,91
12.9873800278,80.2583999634,80477,80487,10
12.9872398376,80.2585525513,80487,80497,10
12.9871797562,80.2585296631,80497,80507,10
12.9869098663,80.2585983276,80507,80528,21
12.9869098663,80.2585983276,80528,80539,11
12.9867801666,80.2586898804,80539,80550,11
12.9866695404,80.2590866089,80550,80559,9
12.9865598679,80.2593231201,80559,80590,31
12.9865598679,80.2593231201,80590,80600,10
12.9866695404,80.2591934204,80600,81378,778
12.9866800308,80.2591094971,81378,81570,192
12.9866399765,80.2591705322,81570,83488,1918
12.9866399765,80.2589874268,83488,83680,192
12.9867401123,80.2591018677,83680,83781,101
12.9867401123,80.2591018677,83781,83791,10
