12.9969596863,80.1912002563,11,51,40
12.9969596863,80.1912002563,51,61,10
12.9968595505,80.1912536621,61,778,717
12.9966697693,80.1913375854,778,1010,232
12.9966697693,80.1913375854,1010,1020,10
12.9968299866,80.1911773682,1020,1030,10
12.9968595505,80.19140625,1030,1070,40
12.9968595505,80.19140625,1070,1081,11
12.9970502853,80.1915969849,1081,1091,10
12.9970903397,80.19165802,1091,1726,635
12.9969997406,80.1914825439,1726,4744,3018
12.9969596863,80.1914596558,4744,8619,3875
12.9969596863,80.1917190552,8619,9093,474
12.9969997406,80.19140625,9093,9406,313
12.9969797134,80.1915969849,9406,12121,2715
12.9969797134,80.1914215088,12121,12676,555
12.9968700409,80.19165802,12676,17984,5308
12.9970397949,80.1914520264,17984,18559,575
12.9969501495,80.1915130615,18559,20053,1494
12.9969997406,80.1913375854,20053,20880,827
12.9969100952,80.1915588379,20880,23827,2947
12.997179985,80.1915435791,23827,25038,1211
12.9969997406,80.1914520264,25038,25129,91
12.9969997406,80.1914520264,25129,25139,10
12.9971103668,80.1913833618,25139,25149,10
12.9972295761,80.191116333,25149,25159,10
12.9965696335,80.191368103,25159,25189,30
12.9965696335,80.191368103,25189,25200,11
12.9962396622,80.1909713745,25200,25210,10
12.9961204529,80.1905822754,25210,25220,10
12.9960002899,80.1901473999,25220,25230,10
12.9958696365,80.1895828247,25230,25240,10
12.9960002899,80.1893005371,25240,25250,10
12.9963102341,80.1895217896,25250,25260,10
12.9968595505,80.1901321411,25260,25270,10
12.9975404739,80.1909713745,25270,25280,10
12.9982795715,80.19190979,25280,25290,10
12.9990797043,80.1929168701,25290,25300,10
12.9999799728,80.1940612793,25300,25310,10
13.0009098053,80.1952362061,25310,25321,11
13.0018997192,80.1965179443,25321,25331,10
13.0020704269,80.1977920532,25331,25341,10
13.0018596649,80.1990432739,25341,25351,10
13.0020799637,80.2001876831,25351,25361,10
13.0035800934,80.2007675171,25361,25391,30
13.0035800934,80.2007675171,25391,25401,10
13.0039300919,80.2008666992,25401,25411,10
13.0044803619,80.2011032104,25411,25422,11
13.0050201416,80.2013320923,25422,25432,10
13.0055799484,80.2018203735,25432,25442,10
13.0060396194,80.2026367188,25442,25452,10
13.0066995621,80.20337677,25452,25462,10
13.007399559,80.2036819458,25462,25472,10
13.008190155,80.203742981,25472,25482,10
13.00922966,80.203666687,25482,25492,10
13.0103197098,80.2036437988,25492,25502,10
13.0115299225,80.2037124634,25502,25512,10
13.0127296448,80.2039337158,25512,25522,10
13.0136899948,80.2042312622,25522,25533,11
13.014749527,80.2045974731,25533,25543,10
13.0159502029,80.205039978,25543,25553,10
13.0168304443,80.205291748,25553,25563,10
13.0176401138,80.205581665,25563,25573,10
13.018409729,80.2058486938,25573,25583,10
13.018529892,80.2059173584,25583,25593,10
13.018989563,80.2060775757,25593,25603,10
13.0199098587,80.206237793,25603,25613,10
13.0210895538,80.2062606812,25613,25623,10
13.0222501755,80.2063064575,25623,25633,10
13.0234003067,80.20652771,25633,25644,11
13.0243501663,80.206703186,25644,25654,10
13.0254201889,80.2069473267,25654,25664,10
13.0265703201,80.2075424194,25664,25674,10
13.0275497437,80.2081604004,25674,25684,10
13.0285301208,80.2085723877,25684,25694,10
13.0295000076,80.208770752,25694,25704,10
13.0305404663,80.2090835571,25704,25714,10
13.0314598083,80.2093505859,25714,25724,10
13.0316200256,80.2094192505,25724,25734,10
13.0321998596,80.2095413208,25734,25744,10
13.0331401825,80.2097015381,25744,25755,11
13.0344400406,80.2099914551,25755,25765,10
13.0350503922,80.2103424072,25765,25775,10
13.0349998474,80.2110290527,25775,25785,10
13.0349903107,80.2112731934,25785,25795,10
13.0349397659,80.2115631104,25795,25805,10
13.0348997116,80.2119979858,25805,25815,10
13.035200119,80.2122268677,25815,25825,10
13.0357303619,80.2122192383,25825,25835,10
13.0365800858,80.2122268677,25835,25845,10
13.0374698639,80.2122421265,25845,25856,11
13.038769722,80.2122421265,25856,25866,10
13.0398597717,80.2122192383,25866,25876,10
13.0411701202,80.2122421265,25876,25886,10
13.0425100327,80.2122497559,25886,25896,10
13.0436401367,80.2122268677,25896,25906,10
13.0441398621,80.2121887207,25906,25916,10
13.0442895889,80.2121887207,25916,25926,10
13.0448102951,80.2122116089,25926,25936,10
13.0455904007,80.2121963501,25936,25946,10
13.0465602875,80.2121810913,25946,25956,10
13.0476398468,80.2120895386,25956,25967,11
13.0484800339,80.2120132446,25967,25977,10
13.0485401154,80.2120132446,25977,25987,10
13.0485801697,80.2119598389,25987,25997,10
13.0490903854,80.2119369507,25997,26007,10
13.0498504639,80.2118682861,26007,26017,10
13.0505104065,80.2119216919,26017,26027,10
13.0510597229,80.2119216919,26027,26037,10
13.0520896912,80.2119216919,26037,26047,10
13.0532598495,80.2116775513,26047,26057,10
13.054019928,80.2115325928,26057,26066,9
13.0541801453,80.2115020752,26066,26078,12
13.0545701981,80.2114181519,26078,26088,10
13.0553102493,80.2114105225,26088,26098,10
13.0563297272,80.2114105225,26098,26108,10
13.0573797226,80.2114028931,26108,26118,10
13.058139801,80.2114334106,26118,26128,10
13.0590200424,80.2114715576,26128,26138,10
13.0600700378,80.2115325928,26138,26148,10
13.0611801147,80.2115783691,26148,26158,10
13.0620298386,80.2115325928,26158,26168,10
13.0628900528,80.2115325928,26168,26177,9
13.0631103516,80.2115325928,26177,26189,12
13.0635900497,80.2115020752,26189,26209,20
13.0635900497,80.2115020752,26209,26219,10
13.0638904572,80.211479187,26219,26229,10
13.0645103455,80.2113265991,26229,26239,10
13.0653095245,80.2108688354,26239,26249,10
13.0661802292,80.2101593018,26249,26259,10
13.0669403076,80.2094192505,26259,26269,10
13.0673503876,80.2088623047,26269,26279,10
13.0676698685,80.2083587646,26279,26289,10
13.0681295395,80.207611084,26289,26300,11
13.0687999725,80.2065582275,26300,26310,10
13.0692796707,80.2058410645,26310,26320,10
13.0695495605,80.2053985596,26320,26330,10
13.0696496964,80.2051391602,26330,26340,10
13.0695295334,80.2048416138,26340,26350,10
13.0691604614,80.205078125,26350,26360,10
13.0688495636,80.2053222656,26360,26370,10
13.0687799454,80.2050476074,26370,26380,10
13.0687904358,80.2050323486,26380,26390,10
13.0687999725,80.2049026489,26390,26401,11
13.0688400269,80.2048416138,26401,26411,10
13.0690603256,80.2047271729,26411,26421,10
13.0694103241,80.2047424316,26421,26471,50
13.0694103241,80.2047424316,26471,26481,10
13.0697498322,80.2047805786,26481,26491,10
13.0699701309,80.2048187256,26491,26501,10
13.0702800751,80.2043914795,26501,26512,11
13.0708799362,80.20362854,26512,26522,10
13.0714998245,80.2028808594,26522,26532,10
13.0720796585,80.2021713257,26532,26542,10
13.0722703934,80.2019805908,26542,26552,10
13.0726604462,80.2015228271,26552,26562,10
13.073220253,80.2008590698,26562,26572,10
13.073800087,80.2001876831,26572,26582,10
13.0742902756,80.1996383667,26582,26592,10
13.0744400024,80.1994628906,26592,26602,10
13.0744495392,80.1994628906,26602,26612,10
13.0745601654,80.1993408203,26612,26623,11
13.0750999451,80.1991119385,26623,26633,10
13.0758695602,80.1990509033,26633,26643,10
13.0769195557,80.19896698,26643,26653,10
13.0781297684,80.1988372803,26653,26663,10
13.0791101456,80.1987304688,26663,26673,10
13.0799303055,80.1986618042,26673,26683,10
13.080909729,80.1985702515,26683,26693,10
13.0816602707,80.1985702515,26693,26703,10
13.0824804306,80.1984710693,26703,26713,10
13.0830898285,80.1984710693,26713,26723,10
13.0837497711,80.1984329224,26723,26734,11
13.0844097137,80.1984481812,26734,26744,10
13.0850095749,80.1984405518,26744,26754,10
13.0854997635,80.1984329224,26754,26764,10
13.0858402252,80.198387146,26764,26774,10
13.086230278,80.198387146,26774,26784,10
13.0868196487,80.1984329224,26784,26794,10
13.0870895386,80.1983566284,26794,26804,10
13.0871200562,80.1980285645,26804,26814,10
13.0871601105,80.1977996826,26814,26824,10
13.0871896744,80.1972122192,26824,26834,10
13.0872097015,80.1963195801,26834,26845,11
13.0872497559,80.1953582764,26845,26855,10
13.0872497559,80.194480896,26855,26865,10
13.0872898102,80.1934967041,26865,26875,10
13.0872898102,80.1929626465,26875,26915,40
13.0872898102,80.1929626465,26915,26925,10
13.0873403549,80.1926879883,26925,26934,9
13.0874204636,80.1920776367,26934,26946,12
13.0875501633,80.1909866333,26946,26956,10
13.087679863,80.1899108887,26956,26965,9
13.0876998901,80.1891326904,26965,26976,11
13.0877304077,80.1888275146,26976,26986,10
13.0877504349,80.1884002686,26986,26996,10
13.0877599716,80.1883621216,26996,27006,10
13.0877895355,80.1880264282,27006,27016,10
13.0878295898,80.1873931885,27016,27026,10
13.0878696442,80.1865234375,27026,27036,10
13.0879402161,80.1854019165,27036,27046,10
13.0880203247,80.1841201782,27046,27057,11
13.088060379,80.1826477051,27057,27067,10
13.0881004333,80.181678772,27067,27077,10
13.0881299973,80.1805496216,27077,27087,10
13.0881204605,80.1798629761,27087,27097,10
13.088139534,80.1796875,27097,27107,10
13.0881500244,80.1792526245,27107,27117,10
13.0881500244,80.1786193848,27117,27127,10
13.088139534,80.177947998,27127,27137,10
13.088139534,80.1774215698,27137,27147,10
13.0881700516,80.1770935059,27147,27156,9
13.0882101059,80.1765289307,27156,27168,12
13.0882997513,80.1754608154,27168,27178,10
13.0883703232,80.1746292114,27178,27188,10
13.0884504318,80.1738433838,27188,27198,10
13.0885000229,80.1729736328,27198,27208,10
13.0885295868,80.1723022461,27208,27218,10
13.0885295868,80.1720581055,27218,27228,10
13.0885801315,80.1717071533,27228,27238,10
13.0886096954,80.1709289551,27238,27248,10
13.088640213,80.1699295044,27248,27258,10
13.0887804031,80.1695480347,27258,27269,11
13.0893201828,80.1695632935,27269,27279,10
13.0901403427,80.1696090698,27279,27289,10
13.0912504196,80.1696624756,27289,27299,10
13.0924596786,80.1697311401,27299,27309,10
13.0936803818,80.1698303223,27309,27319,10
13.0945196152,80.1698379517,27319,27329,10
13.0947198868,80.169883728,27329,27339,10
13.0949602127,80.1699066162,27339,27349,10
13.0953302383,80.1699523926,27349,27359,10
13.0960798264,80.1699371338,27359,27369,10
13.0970602036,80.1699981689,27369,27380,11
13.0981502533,80.1700363159,27380,27390,10
13.0994100571,80.1701202393,27390,27410,20
13.0994100571,80.1701202393,27410,27420,10
13.0994997025,80.1701583862,27420,27430,10
13.099729538,80.1699371338,27430,27440,10
13.0996398926,80.169670105,27440,27450,10
13.099360466,80.1700363159,27450,27491,41
13.0993795395,80.1701812744,27491,27612,121
13.0993795395,80.1701812744,27612,27622,10
13.0992898941,80.170249939,27622,27632,10
13.0990400314,80.1702423096,27632,27642,10
13.0984897614,80.1701583862,27642,27652,10
13.0978097916,80.1701507568,27652,27662,10
13.0969495773,80.1700820923,27662,27672,10
13.0959596634,80.1700286865,27672,27682,10
13.0951795578,80.1699523926,27682,27692,10
13.0948495865,80.1698989868,27692,27703,11
13.0945396423,80.169883728,27703,27713,10
13.0940999985,80.1698226929,27713,27723,10
13.0934400558,80.1697998047,27723,27733,10
13.0925102234,80.1697921753,27733,27743,10
13.0913600922,80.1697006226,27743,27753,10
13.0901603699,80.1696090698,27753,27763,10
13.089099884,80.1695632935,27763,27773,10
13.0887203217,80.1697235107,27773,27783,10
13.0886802673,80.1702804565,27783,27793,10
13.0886201859,80.1711273193,27793,27803,10
13.0886297226,80.1718215942,27803,27814,11
13.0886001587,80.1719436646,27814,27824,10
13.0885801315,80.1720275879,27824,27834,10
13.0885400772,80.1725234985,27834,27844,10
13.0885000229,80.1733398438,27844,27854,10
13.088470459,80.1743087769,27854,27864,10
13.0883998871,80.175201416,27864,27874,10
13.0883398056,80.1761474609,27874,27884,10
13.0882902145,80.1770172119,27884,27894,10
13.0882797241,80.1778564453,27894,27904,10
13.0882797241,80.1785507202,27904,27914,10
13.088259697,80.1787261963,27914,27925,11
13.0882301331,80.1791610718,27925,27935,10
13.0882196426,80.1791763306,27935,27945,10
13.0882101059,80.1793365479,27945,27955,10
13.0881996155,80.1798706055,27955,27965,10
13.0881795883,80.1806411743,27965,27975,10
13.0881700516,80.1814575195,27975,27985,10
13.088139534,80.1821212769,27985,27995,10
13.0881099701,80.1828689575,27995,28005,10
13.0880804062,80.183807373,28005,28015,10
13.0880298615,80.184677124,28015,28024,9
13.0880203247,80.1851272583,28024,28046,22
13.0880203247,80.1851272583,28046,28056,10
13.0880002975,80.1854324341,28056,28066,10
13.08796978,80.1859130859,28066,28076,10
13.0879402161,80.1867828369,28076,28086,10
13.0879096985,80.1878204346,28086,28096,10
13.0879001617,80.1880874634,28096,28106,10
13.0879001617,80.1882476807,28106,28116,10
13.0878696442,80.188911438,28116,28126,10
13.0878400803,80.1896972656,28126,28137,11
13.0878000259,80.1899108887,28137,28147,10
13.0877895355,80.1899490356,28147,28157,10
13.0877304077,80.1904602051,28157,28167,10
13.0875902176,80.1913528442,28167,28177,10
13.0874700546,80.1923294067,28177,28187,10
13.0874595642,80.1925811768,28187,28197,10
13.0874204636,80.1929092407,28197,28207,10
13.087389946,80.193611145,28207,28217,10
13.0873403549,80.1945419312,28217,28227,10
13.0873298645,80.1954116821,28227,28237,10
13.0873203278,80.1962890625,28237,28248,11
13.0872802734,80.1977233887,28248,28268,20
13.0872802734,80.1977233887,28268,28278,10
13.0872602463,80.198059082,28278,28288,10
13.0874004364,80.1984100342,28288,28298,10
13.0877103806,80.1984405518,28298,28308,10
13.0883703232,80.1984100342,28308,28318,10
13.0890703201,80.1984405518,28318,28328,10
13.0896997452,80.1984634399,28328,28338,10
13.0904998779,80.1985321045,28338,28348,10
13.0913000107,80.1986236572,28348,28359,11
13.0921096802,80.1986465454,28359,28369,10
13.0929002762,80.1986618042,28369,28379,10
13.0929899216,80.1992034912,28379,28389,10
13.0929403305,80.1999969482,28389,28399,10
13.0929002762,80.2005310059,28399,28409,10
13.0928297043,80.2006378174,28409,28419,10
13.0923204422,80.2005996704,28419,28429,10
13.0915298462,80.2005462646,28429,28439,10
13.0907001495,80.2005004883,28439,28449,10
13.0898199081,80.2004776001,28449,28459,10
13.0886898041,80.2004470825,28459,28470,11
13.0874300003,80.2004013062,28470,28480,10
13.0869903564,80.2003936768,28480,28490,10
13.0863800049,80.200378418,28490,28500,10
13.0856704712,80.2003631592,28500,28510,10
13.0853996277,80.2002410889,28510,28520,10
13.0853595734,80.19972229,28520,28530,10
13.0853395462,80.19896698,28530,28540,10
13.0850200653,80.198638916,28540,28550,10
13.0844402313,80.1986694336,28550,28560,10
13.0843400955,80.1986465454,28560,28569,9
13.0839395523,80.198677063,28569,28581,12
13.0830497742,80.1986465454,28581,28641,60
13.0830497742,80.1986465454,28641,28651,10
13.082909584,80.1986999512,28651,28661,10
13.0824298859,80.1986694336,28661,28671,10
13.0815696716,80.198677063,28671,28681,10
13.0805902481,80.1986999512,28681,28692,11
13.079460144,80.1987915039,28692,28702,10
13.0783500671,80.1989135742,28702,28712,10
13.0772104263,80.1990432739,28712,28722,10
13.0760698318,80.1991882324,28722,28732,10
13.0749101639,80.1994628906,28732,28742,10
13.0742797852,80.1998825073,28742,28752,10
13.0741100311,80.200088501,28752,28762,10
13.073969841,80.2002105713,28762,28772,10
13.0737199783,80.2005081177,28772,28782,10
13.073679924,80.2005691528,28782,28791,9
13.0734395981,80.2008514404,28791,28803,12
13.0728902817,80.2015228271,28803,28813,10
13.072719574,80.2017593384,28813,28823,10
13.0726003647,80.2019271851,28823,28833,10
13.0721902847,80.2023162842,28833,28843,10
13.0715799332,80.2029724121,28843,28853,10
13.0708398819,80.2038192749,28853,28863,10
13.0702600479,80.2045211792,28863,28873,10
13.0699996948,80.2048873901,28873,28883,10
13.0699901581,80.2049102783,28883,28893,10
13.069899559,80.2050628662,28893,28904,11
13.0698003769,80.2050476074,28904,28914,10
13.0694503784,80.2048492432,28914,28924,10
13.0691995621,80.2052230835,28924,28934,10
13.0688495636,80.2054214478,28934,28944,10
13.0681600571,80.2054367065,28944,28994,50
13.0681600571,80.2054367065,28994,29003,9
13.0679597855,80.2052383423,29003,29065,62
13.0682001114,80.2049179077,29065,29105,40
13.0682001114,80.2049179077,29105,29115,10
13.0684604645,80.2049407959,29115,29126,11
13.0687198639,80.2048110962,29126,29136,10
13.0687599182,80.204788208,29136,29146,10
13.0690402985,80.2047195435,29146,29156,10
13.0691795349,80.2047119141,29156,29166,10
13.0694599152,80.2047424316,29166,29176,10
13.0698099136,80.2048568726,29176,29225,49
13.0698099136,80.2048568726,29225,29237,12
13.0699300766,80.2051315308,29237,29247,10
13.0695800781,80.2056121826,29247,29257,10
13.0691003799,80.2063522339,29257,29267,10
13.0685396194,80.2072372437,29267,29277,10
13.067899704,80.2082595825,29277,29287,10
13.0673799515,80.2091217041,29287,29297,10
13.0666303635,80.2100067139,29297,29307,10
13.065779686,80.2107696533,29307,29317,10
13.0651702881,80.2112426758,29317,29327,10
13.0650596619,80.2112731934,29327,29336,9
13.0648202896,80.211479187,29336,29348,12
13.0638904572,80.2117233276,29348,29398,50
13.0638904572,80.2117233276,29398,29408,10
13.0635099411,80.2116928101,29408,29418,10
13.0627698898,80.211730957,29418,29428,10
13.0619602203,80.2118606567,29428,29438,10
13.0607099533,80.2117080688,29438,29448,10
13.0594902039,80.2116622925,29448,29459,11
13.0583696365,80.2116317749,29459,29469,10
13.0573997498,80.2116088867,29469,29479,10
13.0562601089,80.2115783691,29479,29489,10
13.0546503067,80.2115707397,29489,29509,20
13.0546503067,80.2115707397,29509,29519,10
13.0542097092,80.2116012573,29519,29529,10
13.0534296036,80.2117767334,29529,29539,10
13.0524702072,80.2120819092,29539,29549,10
13.0515499115,80.2122268677,29549,29560,11
13.0503501892,80.2124786377,29560,29580,20
13.0503501892,80.2124786377,29580,29590,10
13.0502195358,80.2121963501,29590,29600,10
13.0499801636,80.2121505737,29600,29610,10
13.0496301651,80.2121887207,29610,29620,10
13.0495901108,80.2121887207,29620,29630,10
13.0494298935,80.2122192383,29630,29640,10
13.0490503311,80.2121887207,29640,29650,10
13.0486497879,80.2121963501,29650,29660,10
13.0480604172,80.2122421265,29660,29671,11
13.0472002029,80.2123031616,29671,29681,10
13.0461301804,80.2123184204,29681,29691,10
13.0448503494,80.2123794556,29691,29701,10
13.0436000824,80.2124099731,29701,29711,10
13.0423603058,80.2124404907,29711,29721,10
13.0412797928,80.2124328613,29721,29731,10
13.0402097702,80.2124176025,29731,29741,10
13.0392398834,80.2124481201,29741,29751,10
13.038359642,80.2124404907,29751,29761,10
13.0379295349,80.2124633789,29761,29771,10
13.0374002457,80.2124404907,29771,29782,11
13.036450386,80.2123794556,29782,29792,10
13.0351104736,80.212348938,29792,29822,30
13.0351104736,80.212348938,29822,29832,10
13.0349998474,80.2123031616,29832,29842,10
13.0345697403,80.2121582031,29842,29852,10
13.0345001221,80.2121734619,29852,29862,10
13.0343999863,80.2121887207,29862,29872,10
13.034330368,80.2121810913,29872,29882,10
13.034119606,80.2121276855,29882,29893,11
13.0340204239,80.212097168,29893,29903,10
13.033780098,80.2120285034,29903,29913,10
13.0331401825,80.2118911743,29913,29923,10
13.0323295593,80.2117767334,29923,29933,10
13.0320196152,80.2114486694,29933,29943,10
13.0320701599,80.2107925415,29943,29953,10
13.0320997238,80.210067749,29953,29963,10
13.031920433,80.2096633911,29963,29973,10
13.0315599442,80.2095336914,29973,29982,9
13.0314102173,80.2095184326,29982,29993,11
13.03083992,80.2093276978,29993,30004,11
13.0304002762,80.2092437744,30004,30014,10
13.0300703049,80.2090988159,30014,30024,10
13.0299196243,80.2090301514,30024,30034,10
13.0296497345,80.2089691162,30034,30044,10
13.0290203094,80.2088394165,30044,30054,10
13.0281400681,80.2085037231,30054,30064,10
13.0272703171,80.2080993652,30064,30074,10
13.0264701843,80.2076187134,30074,30084,10
13.0256595612,80.2071762085,30084,30094,10
13.0248003006,80.2070083618,30094,30105,11
13.0240898132,80.2068786621,30105,30115,10
13.0240602493,80.2068786621,30115,30125,10
13.0237903595,80.2067871094,30125,30135,10
13.0231599808,80.2066421509,30135,30145,10
13.0222597122,80.2065734863,30145,30155,10
13.0212402344,80.2064971924,30155,30165,10
13.0200500488,80.2064590454,30165,30175,10
13.0191698074,80.2063827515,30175,30185,10
13.0190200806,80.2063369751,30185,30195,10
13.0187797546,80.2062530518,30195,30204,9
13.0182199478,80.2060928345,30204,30216,12
13.0177297592,80.2058792114,30216,30226,10
13.0175504684,80.2057876587,30226,30236,10
13.0171804428,80.2056427002,30236,30246,10
13.0166797638,80.2053070068,30246,30256,10
13.0157804489,80.2051391602,30256,30266,10
13.0148801804,80.2048034668,30266,30276,10
13.01404953,80.2044906616,30276,30286,10
13.0138902664,80.2044372559,30286,30296,10
13.0137195587,80.2043991089,30296,30306,10
13.0136003494,80.2045974731,30306,30316,10
13.0135297775,80.2047805786,30316,30327,11
13.0133600235,80.2053604126,30327,30337,10
13.013130188,80.206199646,30337,30347,10
13.0130300522,80.2071990967,30347,30357,10
13.0129203796,80.2078475952,30357,30367,10
13.0129003525,80.2083892822,30367,30377,10
13.0128898621,80.2086715698,30377,30387,10
13.0129699707,80.2091369629,30387,30397,10
13.0130996704,80.2096481323,30397,30407,10
13.0131502151,80.2100601196,30407,30417,10
13.0131101608,80.2105865479,30417,30427,10
13.0128602982,80.2112808228,30427,30438,11
13.012430191,80.2120819092,30438,30448,10
13.0120201111,80.2126922607,30448,30458,10
13.0118503571,80.2128219604,30458,30468,10
13.0115299225,80.212638855,30468,30478,10
13.0109195709,80.2121963501,30478,30488,10
13.0106096268,80.2119293213,30488,30498,10
13.010310173,80.2116928101,30498,30528,30
13.0100498199,80.2115478516,30528,30549,21
13.0099000931,80.2114028931,30549,30660,111
13.0096302032,80.2111816406,30660,30730,70
13.0096302032,80.2111816406,30730,30739,9
13.009180069,80.2114028931,30739,30761,22
13.009180069,80.2114028931,30761,30771,10
13.009059906,80.2116394043,30771,30781,10
13.0092096329,80.2121887207,30781,30791,10
13.0094499588,80.212890625,30791,30801,10
13.0097303391,80.2136001587,30801,30811,10
13.0100402832,80.2143325806,30811,30821,10
13.0101900101,80.2150192261,30821,30831,10
13.0102996826,80.2157516479,30831,30841,10
13.0107002258,80.2166671753,30841,30851,10
13.0111303329,80.2176132202,30851,30861,10
13.0115203857,80.2186126709,30861,30872,11
13.0119199753,80.2198410034,30872,30882,10
13.0122299194,80.2208404541,30882,30892,10
13.012339592,80.2212905884,30892,30902,10
13.0124597549,80.2216720581,30902,30912,10
13.0128602982,80.2222290039,30912,30922,10
13.0134096146,80.2227706909,30922,30932,10
13.0139598846,80.2233886719,30932,30942,10
13.014380455,80.2239532471,30942,30952,10
13.0149402618,80.2246398926,30952,30962,10
13.0152301788,80.2249908447,30962,30972,10
13.0153198242,80.2250976563,30972,30983,11
13.01541996,80.2254333496,30983,30993,10
13.0152101517,80.2258300781,30993,31003,10
13.0145797729,80.2260513306,31003,31013,10
13.0136899948,80.2264404297,31013,31023,10
13.0127096176,80.2268371582,31023,31033,10
13.0117502213,80.2272415161,31033,31043,10
13.0106801987,80.2276611328,31043,31053,10
13.0097398758,80.2279586792,31053,31063,10
13.0096502304,80.2273025513,31063,31073,10
13.0100402832,80.2265319824,31073,31082,9
13.0104198456,80.2256698608,31082,31094,12
13.0109300613,80.2244033813,31094,31104,10
13.0112400055,80.2236022949,31104,31114,10
13.0112495422,80.2231369019,31114,31124,10
13.0107002258,80.2229309082,31124,31134,10
13.0099802017,80.2225112915,31134,31144,10
13.0091400146,80.2220306396,31144,31154,10
13.0083799362,80.2216186523,31154,31164,10
13.0074701309,80.2211380005,31164,31174,10
13.0065698624,80.2207336426,31174,31184,10
13.0054798126,80.220451355,31184,31194,10
13.0046100616,80.2202377319,31194,31205,11
13.0039701462,80.2201080322,31205,31215,10
13.0031795502,80.2199401855,31215,31225,10
13.0022096634,80.2192611694,31225,31235,10
13.0015201569,80.2185592651,31235,31245,10
13.000869751,80.2181015015,31245,31255,10
13.0003404617,80.2177276611,31255,31265,10
12.9996500015,80.2172698975,31265,31275,10
12.9988603592,80.2168502808,31275,31285,10
12.9979095459,80.2165527344,31285,31295,10
12.9974899292,80.2165374756,31295,31305,10
12.9974803925,80.2165374756,31305,31316,11
12.9971599579,80.2165527344,31316,31326,10
12.9965696335,80.2166519165,31326,31336,10
12.9958896637,80.2168579102,31336,31346,10
12.9950304031,80.2171630859,31346,31356,10
12.9943399429,80.2175979614,31356,31366,10
12.9939603806,80.2178268433,31366,31376,10
12.9933996201,80.2182388306,31376,31386,10
12.9927396774,80.21875,31386,31396,10
12.991900444,80.2193374634,31396,31406,10
12.9914102554,80.2196502686,31406,31417,11
12.9911203384,80.2194976807,31417,31427,10
12.9910001755,80.2194366455,31427,31437,10
12.990480423,80.2192611694,31437,31447,10
12.9896602631,80.218963623,31447,31457,10
12.9887599945,80.2186584473,31457,31467,10
12.9877700806,80.2184295654,31467,31477,10
12.9872303009,80.2183227539,31477,31487,10
12.9872398376,80.2183227539,31487,31497,10
12.9869003296,80.2182235718,31497,31507,10
12.9862298965,80.2180709839,31507,31517,10
12.9852304459,80.2179412842,31517,31527,10
12.9843397141,80.2179718018,31527,31538,11
12.9840602875,80.2179870605,31538,31548,10
12.9835100174,80.217956543,31548,31558,10
12.9825696945,80.217956543,31558,31568,10
12.9816904068,80.2180023193,31568,31578,10
12.9806203842,80.2183074951,31578,31588,10
12.9798002243,80.2186279297,31588,31598,10
12.9791202545,80.2189331055,31598,31608,10
12.9785900116,80.2191467285,31608,31618,10
12.9778900146,80.2194519043,31618,31628,10
12.9769802094,80.2198104858,31628,31639,11
12.9760904312,80.2202072144,31639,31649,10
12.9759397507,80.2202911377,31649,31659,10
12.975810051,80.2203598022,31659,31669,10
12.9756202698,80.2204284668,31669,31679,10
12.9755096436,80.2207183838,31679,31689,10
12.9756202698,80.2208404541,31689,31699,10
12.9758501053,80.2209625244,31699,32789,1090
12.9761400223,80.2211608887,32789,32809,20
12.9761400223,80.2211608887,32809,32819,10
12.9761800766,80.2211837769,32819,32829,10
12.9763002396,80.2212295532,32829,32839,10
12.9765996933,80.2212371826,32839,32848,9
12.9770298004,80.2212371826,32848,32860,12
12.9778404236,80.2211990356,32860,32870,10
12.9785499573,80.2211380005,32870,32880,10
12.97935009,80.2210998535,32880,32890,10
12.980050087,80.2210464478,32890,32900,10
12.9807500839,80.220993042,32900,32910,10
12.9812803268,80.2211074829,32910,32920,10
12.9814796448,80.221206665,32920,32930,10
12.9817399979,80.2214126587,32930,32940,10
12.9820299149,80.2215576172,32940,32950,10
12.9823198318,80.2217025757,32950,32960,10
12.9823799133,80.2217178345,32960,32971,11
12.9827604294,80.2218933105,32971,33011,40
12.9827604294,80.2218933105,33011,33021,10
12.9832201004,80.2221374512,33021,33031,10
12.9836597443,80.2224121094,33031,33041,10
12.9842996597,80.2227783203,33041,33051,10
12.9849395752,80.2231521606,33051,33060,9
12.9854803085,80.2232131958,33060,33071,11
12.9860801697,80.2229385376,33071,33082,11
12.9863996506,80.2229385376,33082,33092,10
12.986530304,80.2229385376,33092,33102,10
12.9870004654,80.2230224609,33102,33112,10
12.9874897003,80.2230834961,33112,33122,10
12.988120079,80.2228622437,33122,33132,10
12.9887104034,80.2223205566,33132,33142,10
12.9891901016,80.2217712402,33142,33152,10
12.9896402359,80.221206665,33152,33162,10
12.9901800156,80.2205963135,33162,33172,10
12.9902896881,80.2205123901,33172,33183,11
12.9906797409,80.2202529907,33183,33193,10
12.991230011,80.2197875977,33193,33203,10
12.9916601181,80.2194671631,33203,33213,10
12.9923000336,80.2190093994,33213,33223,10
12.9930496216,80.2184371948,33223,33233,10
12.9934797287,80.218132019,33233,33243,10
12.993639946,80.2180023193,33243,33253,10
12.9938402176,80.217880249,33253,33263,10
12.9940395355,80.2177429199,33263,33273,10
12.9944000244,80.2174606323,33273,33294,21
12.9944000244,80.2174606323,33294,33304,10
12.9946403503,80.2172775269,33304,33314,10
12.9947299957,80.2172164917,33314,33324,10
12.9949398041,80.2170791626,33324,33334,10
12.9952001572,80.2169113159,33334,33344,10
12.9954996109,80.2167434692,33344,33354,10
12.9956598282,80.2166900635,33354,33364,10
12.996049881,80.2165985107,33364,33425,61
12.996049881,80.2165985107,33425,33435,10
12.9963998795,80.2165222168,33435,33445,10
12.9968395233,80.2164764404,33445,33455,10
12.9972400665,80.2164230347,33455,33465,10
12.9973096848,80.2163772583,33465,33475,10
12.9974803925,80.2161865234,33475,33485,10
12.9976100922,80.2160873413,33485,33495,10
12.9976596832,80.2160491943,33495,33505,10
12.9980096817,80.2157592773,33505,33516,11
12.9986600876,80.2151870728,33516,33526,10
12.9991998672,80.2147369385,33526,33536,10
12.9994096756,80.2145080566,33536,33546,10
12.9998197556,80.2141418457,33546,33556,10
13.0002498627,80.2137832642,33556,33566,10
13.0007896423,80.2132873535,33566,33576,10
13.0015001297,80.2127532959,33576,33586,10
13.0022201538,80.2122573853,33586,33596,10
13.0026702881,80.2121124268,33596,33606,10
13.0030698776,80.2120819092,33606,33616,10
13.0030899048,80.2120819092,33616,33627,11
13.0036802292,80.2119293213,33627,33647,20
13.0036802292,80.2119293213,33647,33657,10
13.0036802292,80.2115707397,33657,33667,10
13.0035800934,80.2110137939,33667,33677,10
13.0035104752,80.2102203369,33677,33687,10
13.003490448,80.2095108032,33687,33697,10
13.0036096573,80.2089309692,33697,33707,10
13.0040597916,80.2086715698,33707,33717,10
13.0047502518,80.2089614868,33717,33726,9
13.0051898956,80.2091522217,33726,33738,12
13.0056295395,80.2093734741,33738,33748,10
13.0059900284,80.2094573975,33748,33758,10
13.0062198639,80.2095565796,33758,33768,10
13.0065698624,80.2096710205,33768,33778,10
13.0067996979,80.2097396851,33778,33788,10
13.0071296692,80.209777832,33788,33808,20
13.0071296692,80.209777832,33808,33818,10
13.0073299408,80.2098083496,33818,33828,10
13.0074300766,80.2098388672,33828,33838,10
13.0075998306,80.2098617554,33838,33849,11
13.0078201294,80.2099075317,33849,33859,10
13.0079402924,80.2099380493,33859,33869,10
13.0080499649,80.2099685669,33869,33879,10
13.0081796646,80.2098312378,33879,33889,10
13.0080795288,80.2092285156,33889,33899,10
13.0079298019,80.2083511353,33899,33909,10
13.0077896118,80.2073364258,33909,33919,10
13.0076398849,80.2064666748,33919,33929,10
13.0074796677,80.2056427002,33929,33939,10
13.0074996948,80.2048187256,33939,33949,10
13.0075101852,80.2041320801,33949,33960,11
13.0073699951,80.2031707764,33960,33970,10
13.0068902969,80.2025222778,33970,33980,10
13.0065402985,80.2031021118,33980,33990,10
13.0070104599,80.2034912109,33990,34000,10
13.0075902939,80.2036895752,34000,34010,10
13.0083999634,80.2037200928,34010,34020,10
13.0095596313,80.20362854,34020,34030,10
13.0110397339,80.2036590576,34030,34040,10
13.0123500824,80.2038192749,34040,34050,10
13.0133695602,80.2040710449,34050,34060,10
13.013759613,80.2041702271,34060,34071,11
13.0142402649,80.2043685913,34071,34081,10
13.0149297714,80.2046279907,34081,34091,10
13.0158395767,80.2049789429,34091,34101,10
13.0166301727,80.2051696777,34101,34111,10
13.0170402527,80.205291748,34111,34121,10
13.0175199509,80.2054824829,34121,34131,10
13.0179595947,80.205657959,34131,34141,10
13.018529892,80.2059173584,34141,34161,20
13.018529892,80.2059173584,34161,34171,10
13.0188999176,80.2060623169,34171,34182,11
13.0195999146,80.2062606812,34182,34192,10
13.0204801559,80.2062911987,34192,34202,10
13.0215797424,80.2062911987,34202,34212,10
13.0225296021,80.2063369751,34212,34222,10
13.023349762,80.2065734863,34222,34232,10
13.0237398148,80.2065734863,34232,34242,10
13.0239601135,80.2065811157,34242,34252,10
13.0240497589,80.2066116333,34252,34262,10
13.0243196487,80.2066802979,34262,34272,10
13.0244598389,80.2066879272,34272,34282,10
13.024889946,80.206817627,34282,34293,11
13.0257701874,80.207069397,34293,34303,10
13.0266199112,80.2075500488,34303,34313,10
13.0274295807,80.2080688477,34313,34323,10
13.0283298492,80.2085037231,34323,34333,10
13.0292196274,80.2087173462,34333,34343,10
13.0300998688,80.2089767456,34343,34363,20
13.0300998688,80.2089767456,34363,34373,10
13.0303497314,80.2090377808,34373,34383,10
13.031539917,80.2093734741,34383,34404,21
13.031539917,80.2093734741,34404,34414,10
13.0317401886,80.2094802856,34414,34424,10
13.0323095322,80.2096328735,34424,34434,10
13.0331602097,80.2097625732,34434,34444,10
13.0341501236,80.2098999023,34444,34454,10
13.0349302292,80.2100830078,34454,34464,10
13.0350399017,80.2104873657,34464,34474,10
13.0350399017,80.2112808228,34474,34505,31
13.0350399017,80.2112808228,34505,34515,10
13.0349702835,80.2116470337,34515,34555,40
13.0349702835,80.2116470337,34555,34565,10
13.0349702835,80.2120132446,34565,34575,10
13.0350799561,80.2122116089,34575,34585,10
13.0354700089,80.212272644,34585,34595,10
13.0358896255,80.2122497559,34595,34616,21
13.0358896255,80.2122497559,34616,34626,10
13.0363903046,80.2122879028,34626,34636,10
13.0365695953,80.2123031616,34636,34666,30
13.0365695953,80.2123031616,34666,34676,10
13.0370702744,80.2122192383,34676,34706,30
13.0370702744,80.2122192383,34706,34716,10
13.0376501083,80.212272644,34716,34727,11
13.0384702682,80.212272644,34727,34737,10
13.0393104553,80.212310791,34737,34747,10
13.0404396057,80.2122802734,34747,34757,10
13.0417699814,80.2122421265,34757,34767,10
13.0430803299,80.2122573853,34767,34777,10
13.0439300537,80.2122573853,34777,34787,10
13.044260025,80.2122421265,34787,34797,10
13.0445299149,80.2122421265,34797,34807,10
13.0450496674,80.2122116089,34807,34817,10
13.0457801819,80.2122192383,34817,34827,10
13.0466403961,80.2121734619,34827,34838,11
13.0478096008,80.212059021,34838,34848,10
13.0483198166,80.2120437622,34848,34868,20
13.0483198166,80.2120437622,34868,34878,10
13.0484695435,80.2119674683,34878,34888,10
13.0486402512,80.2119903564,34888,34898,10
13.049030304,80.2119674683,34898,34908,10
13.0495100021,80.2119522095,34908,34928,20
13.0495100021,80.2119522095,34928,34938,10
13.0498504639,80.2118988037,34938,34949,11
13.0501298904,80.2119216919,34949,34959,10
13.0505504608,80.2119827271,34959,34969,10
13.0511398315,80.2119903564,34969,34979,10
13.0522298813,80.2119064331,34979,34989,10
13.0531797409,80.211730957,34989,34999,10
13.0541496277,80.2114715576,34999,35009,10
13.0547599792,80.2113723755,35009,35019,10
13.0553998947,80.2114028931,35019,35029,10
13.0562896729,80.2113571167,35029,35039,10
13.0572299957,80.2113723755,35039,35049,10
13.0577602386,80.2113876343,35049,35060,11
13.0577497482,80.2114105225,35060,35070,10
13.0580701828,80.21144104,35070,35080,10
13.0586996078,80.21144104,35080,35090,10
13.0594797134,80.2114715576,35090,35100,10
13.0603904724,80.2114868164,35100,35110,10
13.0612602234,80.2115783691,35110,35120,10
13.0616903305,80.2118377686,35120,35130,10
13.063170433,80.2115631104,35130,35150,20
13.063170433,80.2115631104,35150,35160,10
13.0634803772,80.2115402222,35160,35201,41
13.0634803772,80.2115402222,35201,35211,10
13.0638399124,80.2114715576,35211,35221,10
13.0643196106,80.2114028931,35221,35231,10
13.0650100708,80.2110595703,35231,35241,10
13.0656604767,80.2105484009,35241,35251,10
13.0663604736,80.2098693848,35251,35261,10
13.0672397614,80.2088012695,35261,35271,10
13.0680303574,80.207649231,35271,35282,11
13.0689001083,80.2063217163,35282,35292,10
13.0693798065,80.2055435181,35292,35302,10
13.0697202682,80.2049713135,35302,35312,10
13.0694303513,80.2048416138,35312,35322,10
13.0691204071,80.2052001953,35322,35332,10
13.0687198639,80.2049179077,35332,35393,61
13.0687198639,80.2049179077,35393,35403,10
13.0689001083,80.204750061,35403,35413,10
13.0691404343,80.2046966553,35413,35423,10
13.0694503784,80.2047195435,35423,35433,10
13.0696697235,80.2047729492,35433,35443,10
13.0700397491,80.2046279907,35443,35453,10
13.0703802109,80.2041320801,35453,35463,10
13.0710201263,80.2034301758,35463,35473,10
13.07172966,80.2026367188,35473,35483,10
13.0721502304,80.2021789551,35483,35504,21
13.0721502304,80.2021789551,35504,35514,10
13.0722198486,80.2020797729,35514,35524,10
13.0724697113,80.201751709,35524,35534,10
13.0729103088,80.2012634277,35534,35544,10
13.0733604431,80.2007217407,35544,35554,10
13.0736703873,80.2003631592,35554,35564,10
13.0740098953,80.1999664307,35564,35574,10
13.0742197037,80.199760437,35574,35584,10
13.0742702484,80.1997375488,35584,35594,10
13.0743904114,80.1995773315,35594,35605,11
13.0746202469,80.1993408203,35605,35615,10
13.0746603012,80.1993103027,35615,35625,10
13.0749197006,80.1991577148,35625,35635,10
13.075510025,80.1990432739,35635,35645,10
13.0763196945,80.1990203857,35645,35655,10
13.0773696899,80.198928833,35655,35665,10
13.0784597397,80.1987915039,35665,35675,10
13.0792503357,80.1986999512,35675,35685,10
13.0800304413,80.1986618042,35685,35695,10
13.0808095932,80.1985778809,35695,35705,10
13.0812997818,80.1985778809,35705,35716,11
13.0818901062,80.1985702515,35716,35726,10
13.0822200775,80.1985321045,35726,35736,10
13.0825395584,80.1984710693,35736,35766,30
13.0825395584,80.1984710693,35766,35776,10
13.0827798843,80.1984863281,35776,35786,10
13.0829200745,80.1984786987,35786,35796,10
13.0833101273,80.1984786987,35796,35806,10
13.0839099884,80.1984710693,35806,35816,10
13.0846395493,80.1984481812,35816,35827,11
13.0851202011,80.1984329224,35827,35837,10
13.0853796005,80.1984481812,35837,35847,10
13.0857400894,80.1984405518,35847,35857,10
13.0862398148,80.1984176636,35857,35867,10
13.0868597031,80.1984329224,35867,35877,10
13.087100029,80.1981811523,35877,35887,10
13.0871696472,80.1978683472,35887,35907,20
13.0871696472,80.1978683472,35907,35917,10
13.0872497559,80.1976699829,35917,35927,10
13.0872297287,80.1971130371,35927,35938,11
13.087220192,80.1961898804,35938,35948,10
13.0872602463,80.1952590942,35948,35958,10
13.087269783,80.1942825317,35958,35968,10
13.0873003006,80.1929397583,35968,35998,30
13.0873003006,80.1929397583,35998,36008,10
13.0873403549,80.1928329468,36008,36018,10
13.0873498917,80.1924209595,36018,36028,10
13.087439537,80.1917495728,36028,36038,10
13.0875501633,80.1908798218,36038,36049,11
13.087679863,80.1897735596,36049,36059,10
13.0877103806,80.1890335083,36059,36069,10
13.0877304077,80.1890182495,36069,36079,10
13.087770462,80.188911438,36079,36089,10
13.0877599716,80.1887969971,36089,36099,10
13.0877599716,80.1884307861,36099,36109,10
13.0878000259,80.188041687,36109,36119,10
13.0878200531,80.1873779297,36119,36129,10
13.0878400803,80.1865234375,36129,36139,10
13.0878801346,80.1859207153,36139,36149,10
13.0878601074,80.1856536865,36149,36160,11
13.0879001617,80.1851119995,36160,36170,10
13.0879297256,80.1844482422,36170,36180,10
13.08796978,80.1836776733,36180,36190,10
13.0880002975,80.1827697754,36190,36200,10
13.0880403519,80.1821365356,36200,36210,10
13.088060379,80.1814193726,36210,36220,10
13.0880899429,80.1805725098,36220,36230,10
13.0880899429,80.1801223755,36230,36240,10
13.0881004333,80.1798095703,36240,36250,10
13.0881204605,80.1793899536,36250,36260,10
13.0881204605,80.1788864136,36260,36271,11
13.088139534,80.1788635254,36271,36281,10
13.0881900787,80.1787185669,36281,36291,10
13.0881996155,80.1782531738,36291,36301,10
13.0881500244,80.1776428223,36301,36311,10
13.0881500244,80.1772232056,36311,36321,10
13.0881996155,80.1766815186,36321,36331,10
13.088259697,80.1758880615,36331,36341,10
13.0883197784,80.1751174927,36341,36351,10
13.0883302689,80.1748199463,36351,36361,10
13.0883798599,80.1743774414,36361,36371,10
13.0884399414,80.1736831665,36371,36382,11
13.0884799957,80.1726837158,36382,36392,10
13.0884799957,80.1720123291,36392,36402,10
13.0885000229,80.1719436646,36402,36412,10
13.0884895325,80.1718978882,36412,36422,10
13.0885295868,80.1715011597,36422,36432,10
13.0886001587,80.1707611084,36432,36462,30
13.0886001587,80.1707611084,36462,36472,10
13.088640213,80.1704406738,36472,36481,9
13.0886697769,80.1698303223,36481,36563,82
13.0886697769,80.1698303223,36563,36573,10
13.0886697769,80.169670105,36573,36583,10
13.08893013,80.1694869995,36583,36593,10
13.0895395279,80.1695404053,36593,36604,11
13.0904502869,80.1696014404,36604,36614,10
13.0914802551,80.1696624756,36614,36624,10
13.0925998688,80.1697235107,36624,36634,10
13.0937995911,80.1697692871,36634,36644,10
13.094420433,80.1697616577,36644,36654,10
13.0945501328,80.1697921753,36654,36664,10
13.0947599411,80.1698303223,36664,36674,10
13.0948896408,80.1698379517,36674,36684,10
13.0952100754,80.1698684692,36684,36694,10
13.0958404541,80.169921875,36694,36704,10
13.0966901779,80.169960022,36704,36715,11
13.0977697372,80.1700134277,36715,36725,10
13.0988197327,80.1700668335,36725,36735,10
13.0996599197,80.1699829102,36735,36775,40
13.0996599197,80.1699829102,36775,36785,10
13.0997800827,80.169921875,36785,36795,10
13.0997495651,80.1697463989,36795,36805,10
13.0995502472,80.1696472168,36805,36815,10
13.0994195938,80.1698532104,36815,36876,61
13.0993900299,80.1700363159,36876,37209,333
13.0993900299,80.1700363159,37209,37219,10
13.0991897583,80.1701812744,37219,37229,10
13.098739624,80.1701583862,37229,37239,10
13.0980901718,80.1701202393,37239,37249,10
13.0973501205,80.1700668335,37249,37259,10
13.0964899063,80.1700210571,37259,37270,11
13.0954999924,80.169921875,37270,37280,10
13.095000267,80.1698989868,37280,37290,10
13.0943698883,80.1698608398,37290,37300,10
13.0943698883,80.1698608398,37300,37310,10
13.0937595367,80.1698226929,37310,37319,9
13.0931301117,80.1697463989,37319,37331,12
13.0919103622,80.1697387695,37331,37342,11
13.0907096863,80.1696395874,37342,37352,10
13.0899600983,80.1695709229,37352,37362,10
13.0891599655,80.1695480347,37362,37413,51
13.0891599655,80.1695480347,37413,37423,10
13.0888299942,80.1695327759,37423,37433,10
13.0887098312,80.1698989868,37433,37443,10
13.0887002945,80.1702270508,37443,37453,10
13.0886697769,80.1706771851,37453,37463,10
13.0886497498,80.1712722778,37463,37473,10
13.0886297226,80.171836853,37473,37484,11
13.0885896683,80.1719512939,37484,37494,10
13.0885696411,80.1723632813,37494,37504,10
13.0884799957,80.1731491089,37504,37514,10
13.0884504318,80.1741333008,37514,37524,10
13.0883998871,80.174987793,37524,37534,10
13.088350296,80.1757583618,37534,37544,10
13.0883102417,80.1765899658,37544,37554,10
13.0882797241,80.1773910522,37554,37564,10
13.0882701874,80.1785888672,37564,37584,20
13.0882701874,80.1785888672,37584,37595,11
13.088259697,80.1790008545,37595,37605,10
13.088259697,80.1798171997,37605,37615,10
13.0882196426,80.180847168,37615,37625,10
13.0881595612,80.181930542,37625,37635,10
13.0881204605,80.1829681396,37635,37645,10
13.0880298615,80.1839981079,37645,37655,10
13.0880098343,80.1848373413,37655,37665,10
13.0880002975,80.1855697632,37665,37675,10
13.0879802704,80.1864318848,37675,37685,10
13.0879602432,80.1873092651,37685,37695,10
13.0879402161,80.188117981,37695,37706,11
13.0878896713,80.1887435913,37706,37716,10
13.0878601074,80.1894226074,37716,37726,10
13.0878000259,80.1898727417,37726,37746,20
13.0878000259,80.1898727417,37746,37756,10
13.0877399445,80.1901016235,37756,37766,10
13.0874099731,80.1925964355,37766,37838,72
13.0874099731,80.1925964355,37838,37848,10
13.0873603821,80.1928787231,37848,37858,10
13.0873498917,80.1935195923,37858,37868,10
13.0873403549,80.1944503784,37868,37878,10
13.0873098373,80.1954421997,37878,37888,10
13.0872898102,80.1965103149,37888,37898,10
13.0872898102,80.1975631714,37898,37908,10
13.0872898102,80.1977310181,37908,37918,10
13.0872898102,80.1979598999,37918,37929,11
13.0874099731,80.1984481812,37929,37939,10
13.0877199173,80.1985168457,37939,37949,10
13.0883798599,80.1985168457,37949,37959,10
13.0891599655,80.1984863281,37959,37969,10
13.0898704529,80.1984863281,37969,37979,10
13.0906400681,80.1985473633,37979,37989,10
13.0914497375,80.198600769,37989,37999,10
13.0924596786,80.1986236572,37999,38009,10
13.0930099487,80.1987609863,38009,38019,10
13.0929803848,80.1991424561,38019,38029,10
13.0929498672,80.1998901367,38029,38040,11
13.0929098129,80.2005081177,38040,38050,10
13.0926904678,80.2005767822,38050,38060,10
13.0920600891,80.200592041,38060,38070,10
13.0911998749,80.2005615234,38070,38080,10
13.0904998779,80.2005462646,38080,38090,10
13.0896596909,80.2005386353,38090,38100,10
13.0887699127,80.2004623413,38100,38110,10
13.0878696442,80.2004394531,38110,38120,10
13.0873498917,80.2004394531,38120,38130,10
13.0870800018,80.2004394531,38130,38140,10
13.086520195,80.2004089355,38140,38151,11
13.0858201981,80.2003936768,38151,38171,20
13.0858201981,80.2003936768,38171,38181,10
13.0855102539,80.2003326416,38181,38191,10
13.0853099823,80.2001724243,38191,38201,10
13.0853204727,80.1996994019,38201,38211,10
13.0853204727,80.1990127563,38211,38221,10
13.0851802826,80.1986923218,38221,38231,10
13.084810257,80.198677063,38231,38241,10
13.0844602585,80.1986694336,38241,38251,10
13.0844402313,80.1986618042,38251,38262,11
13.0841999054,80.1986465454,38262,38272,10
13.0836601257,80.1986618042,38272,38282,10
13.0831699371,80.1986236572,38282,38352,70
13.0831699371,80.1986236572,38352,38361,9
13.0829896927,80.198600769,38361,38373,12
13.0824203491,80.1986083984,38373,38383,10
13.0818195343,80.1986465454,38383,38393,10
13.0810804367,80.198638916,38393,38403,10
13.0801801682,80.1987228394,38403,38413,10
13.0791597366,80.1987915039,38413,38423,10
13.0781497955,80.1988983154,38423,38433,10
13.0771598816,80.1990432739,38433,38443,10
13.076210022,80.1991729736,38443,38453,10
13.0752496719,80.1993331909,38453,38463,10
13.0743999481,80.1997528076,38463,38473,10
13.0737895966,80.2003326416,38473,38484,11
13.0735197067,80.2007064819,38484,38494,10
13.0733098984,80.200958252,38494,38504,10
13.0728197098,80.2015304565,38504,38514,10
13.0722303391,80.2022171021,38514,38524,10
13.0715103149,80.2029724121,38524,38534,10
13.0708799362,80.203742981,38534,38544,10
13.0703001022,80.2044525146,38544,38554,10
13.0700101852,80.2048797607,38554,38564,10
13.0698699951,80.2050476074,38564,38574,10
13.0698404312,80.2050628662,38574,38583,9
13.069560051,80.2048568726,38583,38595,12
13.0691795349,80.2052001953,38595,38605,10
13.068810463,80.2053985596,38605,38615,10
13.0683498383,80.2054367065,38615,38625,10
13.0679397583,80.2052078247,38625,38655,30
13.0679397583,80.2052078247,38655,38665,10
13.0680503845,80.2050704956,38665,38675,10
13.0684404373,80.2049407959,38675,38696,21
13.0684404373,80.2049407959,38696,38706,10
13.0687198639,80.204788208,38706,38716,10
13.0692300797,80.2047195435,38716,38726,10
13.0697803497,80.2048568726,38726,38786,60
13.0697803497,80.2048568726,38786,38796,10
13.069849968,80.2051086426,38796,38807,11
13.0694904327,80.2056808472,38807,38817,10
13.069029808,80.2064437866,38817,38827,10
13.0684995651,80.2072677612,38827,38837,10
13.0679302216,80.2081604004,38837,38847,10
13.0675601959,80.2087783813,38847,38857,10
13.0670604706,80.209487915,38857,38867,10
13.0663604736,80.2102203369,38867,38877,10
13.0655202866,80.2109222412,38877,38887,10
13.0650901794,80.2112731934,38887,38897,10
13.0650196075,80.2113037109,38897,38907,10
13.0645999908,80.2115020752,38907,38918,11
13.063949585,80.2116775513,38918,38958,40
13.063949585,80.2116775513,38958,38968,10
13.0637397766,80.2116928101,38968,38978,10
13.0633201599,80.211730957,38978,38988,10
13.0625495911,80.211769104,38988,38998,10
13.0617103577,80.211769104,38998,39008,10
13.0605201721,80.2116775513,39008,39018,10
13.0593500137,80.2116394043,39018,39029,11
13.0583000183,80.2116317749,39029,39039,10
13.0577001572,80.2116165161,39039,39049,10
13.0576601028,80.2116088867,39049,39059,10
13.0572395325,80.2115936279,39059,39069,10
13.0565299988,80.2115631104,39069,39079,10
13.0556402206,80.211517334,39079,39089,10
13.0547103882,80.211517334,39089,39099,10
13.0537996292,80.2117004395,39099,39109,10
13.0528802872,80.2119598389,39109,39119,10
13.0521602631,80.2121810913,39119,39129,10
13.0515699387,80.2122192383,39129,39140,11
13.0506601334,80.2121963501,39140,39180,40
13.0506601334,80.2121963501,39180,39190,10
13.050239563,80.2121505737,39190,39200,10
13.0500202179,80.2121429443,39200,39210,10
13.0497598648,80.2121810913,39210,39220,10
13.0493297577,80.2121810913,39220,39240,20
13.0493297577,80.2121810913,39240,39251,11
13.0489597321,80.2121505737,39251,39261,10
13.0483198166,80.2122192383,39261,39271,10
13.0475196838,80.2123413086,39271,39281,10
13.0464496613,80.2123794556,39281,39291,10
13.0450696945,80.2124328613,39291,39362,71
13.0450696945,80.2124328613,39362,39372,10
13.0449104309,80.2123794556,39372,39382,10
13.044670105,80.2124023438,39382,39392,10
13.0441503525,80.212387085,39392,39402,10
13.0434398651,80.2124099731,39402,39412,10
13.0425395966,80.2124023438,39412,39422,10
13.0420303345,80.2124176025,39422,39432,10
13.0412502289,80.2124481201,39432,39442,10
13.0402202606,80.2124633789,39442,39452,10
13.0392198563,80.2124481201,39452,39462,10
13.0382099152,80.2124176025,39462,39473,11
13.0370397568,80.212348938,39473,39483,10
13.0359096527,80.2123718262,39483,39493,10
13.0353298187,80.212310791,39493,39503,10
13.0348901749,80.2122802734,39503,39513,10
13.0346298218,80.2122268677,39513,39523,10
13.0340595245,80.2121200562,39523,39563,40
13.0340595245,80.2121200562,39563,39573,10
13.0336999893,80.212020874,39573,39584,11
13.0328998566,80.2119293213,39584,39594,10
13.0320396423,80.2117767334,39594,39604,10
13.0318698883,80.2113494873,39604,39614,10
13.0319900513,80.2106170654,39614,39624,10
13.0320796967,80.2100296021,39624,39634,10
13.0319795609,80.2097320557,39634,39644,10
13.0314102173,80.2095031738,39644,39654,10
13.0306301117,80.2092819214,39654,39664,10
13.0304803848,80.2092285156,39664,39674,10
13.030380249,80.2092132568,39674,39684,10
13.0300397873,80.2090911865,39684,39695,11
13.0295600891,80.208946228,39695,39705,10
13.0295295715,80.208946228,39705,39715,10
13.0293397903,80.2088470459,39715,39725,10
13.028719902,80.2087097168,39725,39735,10
13.0278701782,80.2084732056,39735,39745,10
13.0270595551,80.2080078125,39745,39755,10
13.0263595581,80.207572937,39755,39765,10
13.0256996155,80.2072067261,39765,39775,10
13.0248098373,80.2070007324,39775,39785,10
13.0242795944,80.2069091797,39785,39795,10
13.0242500305,80.2069015503,39795,39806,11
13.023730278,80.206741333,39806,39816,10
13.0230398178,80.2065963745,39816,39826,10
13.0223999023,80.2065124512,39826,39836,10
13.0221004486,80.2064666748,39836,39846,10
13.0219097137,80.2064590454,39846,39856,10
13.021900177,80.2064590454,39856,39866,10
13.0216302872,80.2064437866,39866,39876,10
13.0211200714,80.2064437866,39876,39886,10
13.0204000473,80.2064437866,39886,39896,10
13.0196399689,80.2064437866,39896,39906,10
13.0191202164,80.2063522339,39906,39917,11
13.0191001892,80.2063369751,39917,39927,10
13.0186300278,80.2061691284,39927,39937,10
13.0179300308,80.2059326172,39937,39947,10
13.0175199509,80.2057723999,39947,39957,10
13.0172796249,80.205657959,39957,39967,10
13.0171604156,80.2055664063,39967,39977,10
13.0168895721,80.2054367065,39977,39987,10
13.0159797668,80.2051391602,39987,39997,10
13.0150299072,80.204826355,39997,40007,10
13.014169693,80.204536438,40007,40016,9
13.0136995316,80.2043991089,40016,40028,12
13.0135402679,80.2046585083,40028,40038,10
13.0133800507,80.2051925659,40038,40048,10
13.0131397247,80.2059783936,40048,40058,10
13.0130195618,80.2068023682,40058,40068,10
13.0129404068,80.2075424194,40068,40078,10
13.0128698349,80.2080993652,40078,40088,10
13.0128602982,80.208480835,40088,40098,10
13.0128803253,80.2088317871,40098,40108,10
13.0130996704,80.2093429565,40108,40118,10
13.0132102966,80.2098388672,40118,40128,10
13.0130996704,80.2106170654,40128,40139,11
13.0127401352,80.2114181519,40139,40149,10
13.0122804642,80.212272644,40149,40159,10
13.0119695663,80.2126617432,40159,40169,10
13.0118103027,80.2128067017,40169,40179,10
13.0115699768,80.2126617432,40179,40189,10
13.0111103058,80.2123336792,40189,40199,10
13.0104904175,80.2118835449,40199,40209,10
13.0099697113,80.211479187,40209,40219,10
13.0095701218,80.2111587524,40219,40260,41
13.0095701218,80.2111587524,40260,40270,10
13.0091600418,80.2112808228,40270,40290,20
13.0091600418,80.2112808228,40290,40300,10
13.0090398788,80.2118225098,40300,40310,10
13.0092096329,80.212387085,40310,40320,10
13.009469986,80.2130432129,40320,40330,10
13.0097398758,80.2136688232,40330,40340,10
13.0100297928,80.2143325806,40340,40349,9
13.0101900101,80.215057373,40349,40361,12
13.0104999542,80.2162094116,40361,40371,10
13.01101017,80.217300415,40371,40381,10
13.0114603043,80.2184677124,40381,40391,10
13.0118703842,80.2197570801,40391,40401,10
13.0122404099,80.2208786011,40401,40411,10
13.0123596191,80.2214813232,40411,40421,10
13.0126199722,80.2220077515,40421,40431,10
13.0129098892,80.2224121094,40431,40441,10
13.0136203766,80.2231674194,40441,40451,10
13.0143203735,80.2239074707,40451,40460,9
13.0148296356,80.2244796753,40460,40472,12
13.0153398514,80.2252426147,40472,40482,10
13.0153398514,80.225692749,40482,40492,10
13.0150699615,80.2258605957,40492,40502,10
13.0149402618,80.2259216309,40502,40512,10
13.0145301819,80.2260818481,40512,40522,10
13.0137901306,80.2263793945,40522,40532,10
13.0128297806,80.2267608643,40532,40542,10
13.0117397308,80.2272033691,40542,40552,10
13.0104999542,80.2276916504,40552,40562,10
13.0095901489,80.2278213501,40562,40572,10
13.0096998215,80.2272033691,40572,40583,11
13.0101604462,80.226348877,40583,40593,10
13.0105304718,80.2255325317,40593,40603,10
13.0106897354,80.2251205444,40603,40613,10
13.0108804703,80.224571228,40613,40623,10
13.011179924,80.223739624,40623,40633,10
13.0111904144,80.2232131958,40633,40643,10
13.0106201172,80.2229385376,40643,40653,10
13.0098800659,80.2225036621,40653,40663,10
13.0089998245,80.2220001221,40663,40673,10
13.0080099106,80.2214584351,40673,40683,10
13.0068998337,80.2208786011,40683,40694,11
13.0058002472,80.2204971313,40694,40704,10
13.0048599243,80.2202301025,40704,40714,10
13.0041904449,80.2201080322,40714,40724,10
13.0037403107,80.2200012207,40724,40734,10
13.0031995773,80.2198791504,40734,40744,10
13.0024499893,80.2194824219,40744,40754,10
13.0019903183,80.2189865112,40754,40764,10
13.0014200211,80.2185211182,40764,40774,10
13.0008001328,80.2180786133,40774,40784,10
13.0001296997,80.2176895142,40784,40794,10
12.9993200302,80.2171783447,40794,40805,11
12.9984798431,80.2167510986,40805,40815,10
12.9979400635,80.2166137695,40815,40825,10
12.9974803925,80.2165603638,40825,40835,10
12.9973497391,80.2165222168,40835,40845,10
12.9968500137,80.2165603638,40845,40855,10
12.9960899353,80.2166671753,40855,40865,10
12.9952402115,80.2169494629,40865,40875,10
12.9945497513,80.2173995972,40875,40885,10
12.9941196442,80.2177124023,40885,40895,10
12.9935398102,80.2180862427,40895,40905,10
12.9928998947,80.2185974121,40905,40916,11
12.9920196533,80.21925354,40916,40926,10
12.9915399551,80.2195892334,40926,40936,10
12.9911603928,80.2195129395,40936,40946,10
12.9911298752,80.2194976807,40946,40956,10
12.9907503128,80.2193832397,40956,40966,10
12.9901103973,80.2191619873,40966,40976,10
12.989279747,80.2188720703,40976,40986,10
12.9883298874,80.218536377,40986,40996,10
12.9874696732,80.2183685303,40996,41005,9
12.9867095947,80.2182006836,41005,41017,12
12.9853401184,80.217956543,41017,41027,10
12.9842596054,80.2179870605,41027,41037,10
12.9840097427,80.2179794312,41037,41047,10
12.9837503433,80.2179489136,41047,41057,10
12.9830999374,80.2179412842,41057,41067,10
12.9821996689,80.217956543,41067,41077,10
12.9812002182,80.2181091309,41077,41087,10
12.9803304672,80.2183914185,41087,41097,10
12.979590416,80.2187194824,41097,41107,10
12.9789400101,80.2189865112,41107,41117,10
12.9785299301,80.2191390991,41117,41126,9
12.9778795242,80.2194213867,41126,41138,12
12.9769001007,80.2198181152,41138,41148,10
12.9762897491,80.2200698853,41148,41158,10
12.9760599136,80.2201766968,41158,41168,10
12.9758300781,80.2202682495,41168,41178,10
12.9756002426,80.220451355,41178,41188,10
12.9754896164,80.220703125,41188,41198,10
12.9756698608,80.2208023071,41198,41208,10
12.9759101868,80.2209320068,41208,41249,41
12.9760503769,80.2211608887,41249,41995,746
12.9760503769,80.2211608887,41995,42005,10
12.9764299393,80.2212524414,42005,42015,10
12.976849556,80.2212600708,42015,42026,11
12.9773197174,80.2211837769,42026,42036,10
12.9777002335,80.2211532593,42036,42046,10
12.9781999588,80.2211227417,42046,42056,10
12.9787998199,80.2210998535,42056,42066,10
12.97935009,80.2210617065,42066,42076,10
12.9797801971,80.2210693359,42076,42086,10
12.9803304672,80.2210388184,42086,42096,10
12.9810199738,80.2209701538,42096,42106,10
12.9816503525,80.2213363647,42106,42116,10
12.9819002151,80.2214508057,42116,42125,9
12.9820404053,80.2215194702,42125,42137,12
12.982460022,80.2216415405,42137,42147,10
12.9826498032,80.2217102051,42147,42157,10
12.982919693,80.2218322754,42157,42177,20
12.982919693,80.2218322754,42177,42187,10
12.9832000732,80.2220230103,42187,42197,10
12.9834699631,80.2222366333,42197,42207,10
12.9837903976,80.2224731445,42207,42217,10
12.9839801788,80.2225799561,42217,42227,10
12.9843196869,80.2227401733,42227,42237,10
12.9848604202,80.2229919434,42237,42248,11
12.9854202271,80.2231674194,42248,42258,10
12.985710144,80.2230529785,42258,42268,10
12.9864797592,80.2229309082,42268,42288,20
12.9864797592,80.2229309082,42288,42298,10
12.9866600037,80.22290802,42298,42308,10
12.9870796204,80.2229919434,42308,42318,10
12.987739563,80.2229690552,42318,42328,10
12.9884195328,80.2225418091,42328,42338,10
12.9889497757,80.2220230103,42338,42347,9
12.9893798828,80.2214889526,42347,42359,12
12.9899301529,80.2207489014,42359,42369,10
12.9903898239,80.2203826904,42369,42379,10
12.9904203415,80.2203521729,42379,42389,10
12.990530014,80.2202835083,42389,42399,10
12.9907999039,80.2200775146,42399,42409,10
12.9913396835,80.2196502686,42409,42419,10
12.9919595718,80.2192230225,42419,42429,10
12.9926900864,80.2186584473,42429,42439,10
12.9935102463,80.2180480957,42439,42449,10
12.9940099716,80.2177124023,42449,42459,10
12.9945402145,80.217338562,42459,42470,11
12.9951095581,80.2169494629,42470,42480,10
12.995759964,80.2166671753,42480,42490,10
12.9964704514,80.2165527344,42490,42500,10
12.9968595505,80.216506958,42500,42510,10
12.997300148,80.2162704468,42510,42530,20
12.997300148,80.2162704468,42530,42540,10
12.9976100922,80.2160110474,42540,42550,10
12.9980401993,80.2156219482,42550,42560,10
12.9985303879,80.2151184082,42560,42570,10
12.9990100861,80.2147216797,42570,42581,11
12.9993400574,80.2144622803,42581,42591,10
12.9997701645,80.2141036987,42591,42601,10
13.0002098083,80.2137298584,42601,42611,10
13.0006103516,80.2133636475,42611,42621,10
13.0010204315,80.2130279541,42621,42631,10
13.001660347,80.2125320435,42631,42641,10
13.0024995804,80.2121124268,42641,42651,10
13.0033798218,80.2120437622,42651,42661,10
13.0036296844,80.2119293213,42661,42671,10
13.0037097931,80.2116317749,42671,42681,10
13.0036697388,80.2109603882,42681,42692,11
13.0035600662,80.2100982666,42692,42702,10
13.0035896301,80.2092590332,42702,42712,10
13.0039701462,80.2086334229,42712,42722,10
13.0047302246,80.208946228,42722,42732,10
13.0054302216,80.2092437744,42732,42742,10
13.005900383,80.2094573975,42742,42752,10
13.0064296722,80.2096405029,42752,42762,10
13.0067996979,80.2097473145,42762,42772,10
13.0071697235,80.2097473145,42772,42803,31
13.0071697235,80.2097473145,42803,42813,10
13.0074901581,80.2098388672,42813,42823,10
13.0078201294,80.2099304199,42823,42833,10
13.0079097748,80.2099533081,42833,42843,10
13.0081701279,80.2099304199,42843,42853,10
13.008099556,80.2093963623,42853,42863,10
13.0079698563,80.2086105347,42863,42873,10
13.0078296661,80.2076568604,42873,42883,10
13.0076599121,80.2066497803,42883,42893,10
13.0075397491,80.2055969238,42893,42903,10
13.0075502396,80.2046203613,42903,42914,11
13.0074596405,80.20362854,42914,42924,10
13.0071401596,80.2026062012,42924,42934,10
13.0065097809,80.2029571533,42934,42944,10
13.0069704056,80.2034606934,42944,42954,10
13.0076999664,80.2036895752,42954,42964,10
13.008649826,80.2036819458,42964,42974,10
13.0099096298,80.2036132813,42974,42984,10
13.011300087,80.2036819458,42984,42994,10
13.0126104355,80.2039108276,42994,43004,10
13.0133600235,80.2041015625,43004,43014,10
13.0138902664,80.2042770386,43014,43025,11
13.0147304535,80.2046127319,43025,43035,10
13.0156497955,80.2049331665,43035,43045,10
13.0165700912,80.2053070068,43045,43055,10
13.0175695419,80.2055435181,43055,43065,10
13.0184803009,80.2059326172,43065,43075,10
13.0186100006,80.2060012817,43075,43085,10
13.0188703537,80.2061004639,43085,43095,10
13.0194597244,80.206237793,43095,43105,10
13.0202598572,80.2063064575,43105,43115,10
13.0212497711,80.2062988281,43115,43125,10
13.0221796036,80.2063522339,43125,43136,11
13.0232601166,80.2065582275,43136,43146,10
13.024140358,80.2066726685,43146,43156,10
13.0243997574,80.2067337036,43156,43166,10
13.0247802734,80.2068023682,43166,43176,10
13.0255498886,80.2070236206,43176,43186,10
13.0264701843,80.2075424194,43186,43196,10
13.0274095535,80.2080993652,43196,43206,10
13.0283403397,80.2085266113,43206,43216,10
13.0292396545,80.2087020874,43216,43226,10
13.0302295685,80.2090072632,43226,43235,9
13.0310697556,80.2092208862,43235,43247,12
13.0313997269,80.2092971802,43247,43257,10
13.0315103531,80.2093429565,43257,43267,10
13.0316801071,80.2093734741,43267,43277,10
13.0322504044,80.2095489502,43277,43287,10
13.0330600739,80.2097091675,43287,43297,10
13.0340003967,80.2099075317,43297,43307,10
13.034740448,80.210067749,43307,43317,10
13.0349998474,80.2104721069,43317,43327,10
13.0350599289,80.2110214233,43327,43358,31
13.0350599289,80.2110214233,43358,43368,10
13.0349702835,80.2115402222,43368,43378,10
13.034910202,80.2119979858,43378,43388,10
13.0354003906,80.2122192383,43388,43398,10
13.0358896255,80.212272644,43398,43408,10
13.0361299515,80.212272644,43408,43418,10
13.0364999771,80.2123031616,43418,43428,10
13.0368795395,80.2123184204,43428,43438,10
13.0374403,80.212310791,43438,43448,10
13.0382499695,80.212310791,43448,43457,9
13.0390195847,80.212310791,43457,43469,12
13.0394802094,80.212272644,43469,43479,10
13.0396795273,80.212272644,43479,43489,10
13.040189743,80.2122421265,43489,43499,10
13.0409803391,80.2122573853,43499,43509,10
13.0419797897,80.212310791,43509,43519,10
13.0427904129,80.2122879028,43519,43529,10
13.0440196991,80.2123184204,43529,43610,81
13.0440196991,80.2123184204,43610,43620,10
13.0444602966,80.2123336792,43620,43630,10
13.0450496674,80.2123031616,43630,43640,10
13.0459098816,80.2122802734,43640,43650,10
13.0469503403,80.2122116089,43650,43660,10
13.0485401154,80.2120819092,43660,43691,31
13.0485401154,80.2120819092,43691,43701,10
13.0488195419,80.2119979858,43701,43711,10
13.0495195389,80.2119598389,43711,43721,10
13.0499897003,80.2119598389,43721,43731,10
13.0504798889,80.2119979858,43731,43741,10
13.0507001877,80.212020874,43741,43751,10
13.05148983,80.2119903564,43751,43761,10
13.052280426,80.2119064331,43761,43771,10
13.0528402328,80.211807251,43771,43781,10
13.0535202026,80.2116012573,43781,43792,11
13.0545597076,80.2114181519,43792,43802,10
13.0556697845,80.2114486694,43802,43812,10
13.0566997528,80.2114715576,43812,43822,10
13.0576400757,80.2114868164,43822,43832,10
13.0584497452,80.2115097046,43832,43842,10
13.0593595505,80.2115478516,43842,43852,10
13.0604600906,80.2115936279,43852,43862,10
13.0613698959,80.2116165161,43862,43872,10
13.0619096756,80.2116928101,43872,43882,10
13.0627002716,80.2116394043,43882,43892,10
13.0633001328,80.2116012573,43892,43903,11
13.0633296967,80.2115783691,43903,43913,10
13.063659668,80.211517334,43913,43923,10
13.0639896393,80.2115020752,43923,43933,10
13.0646696091,80.2112579346,43933,43943,10
13.065489769,80.2107391357,43943,43953,10
13.0664100647,80.2100219727,43953,43963,10
13.0671596527,80.2091598511,43963,43973,10
13.067779541,80.2081375122,43973,43983,10
13.0683202744,80.2072219849,43983,43993,10
13.0689296722,80.2062606812,43993,44003,10
13.0695295334,80.2053222656,44003,44014,11
13.0695800781,80.2048034668,44014,44024,10
13.0691795349,80.2049865723,44024,44034,10
13.0687799454,80.2050476074,44034,44114,80
13.0687799454,80.2050476074,44114,44125,11
13.0687999725,80.204826355,44125,44135,10
13.0691204071,80.2047119141,44135,44145,10
13.0694999695,80.2047729492,44145,44155,10
13.0698404312,80.2048110962,44155,44165,10
13.0701503754,80.2044906616,44165,44175,10
13.0706300735,80.2038803101,44175,44185,10
13.0712404251,80.2032012939,44185,44195,10
13.07172966,80.2026062012,44195,44205,10
13.072019577,80.202293396,44205,44215,10
13.072019577,80.2022781372,44215,44225,10
13.07213974,80.2022094727,44225,44236,11
13.0724496841,80.2018737793,44236,44246,10
13.0728597641,80.2013931274,44246,44256,10
13.0733003616,80.2008666992,44256,44266,10
13.0737695694,80.200340271,44266,44276,10
13.0741596222,80.1998519897,44276,44286,10
13.0744199753,80.1995925903,44286,44296,10
13.074549675,80.1994171143,44296,44306,10
13.0749998093,80.1991424561,44306,44316,10
13.0757799149,80.1990509033,44316,44326,10
13.0767602921,80.1989974976,44326,44336,10
13.0778799057,80.1988830566,44336,44347,11
13.0790100098,80.1987304688,44347,44357,10
13.0799398422,80.1986465454,44357,44367,10
13.0809202194,80.1985778809,44367,44377,10
13.081700325,80.1985778809,44377,44387,10
13.0824699402,80.1984786987,44387,44397,10
13.0828304291,80.1984863281,44397,44407,10
13.0832901001,80.1984786987,44407,44417,10
13.0837697983,80.1984634399,44417,44427,10
13.0840997696,80.1984710693,44427,44437,10
13.0843801498,80.1984863281,44437,44446,9
13.0845899582,80.1984786987,44446,44458,12
13.0847196579,80.1984710693,44458,44468,10
13.0850000381,80.1984634399,44468,44478,10
13.0850400925,80.1984634399,44478,44488,10
13.0854101181,80.1984329224,44488,44498,10
13.0857496262,80.1983718872,44498,44508,10
13.0864696503,80.1985168457,44508,44518,10
13.0869197845,80.1985015869,44518,44528,10
13.0871295929,80.1981735229,44528,44538,10
13.0871496201,80.1980361938,44538,44548,10
13.0872001648,80.1976394653,44548,44558,10
13.0872297287,80.1969223022,44558,44569,11
13.087269783,80.1959533691,44569,44579,10
13.0872802734,80.195098877,44579,44589,10
13.0872898102,80.1941299438,44589,44599,10
13.0872898102,80.1928787231,44599,44629,30
13.0872898102,80.1928787231,44629,44639,10
13.0873498917,80.1926727295,44639,44649,10
13.0874204636,80.192199707,44649,44659,10
13.0874996185,80.1916275024,44659,44668,9
13.0875396729,80.1910171509,44668,44680,12
13.087679863,80.1898727417,44680,44690,10
13.0877103806,80.1891021729,44690,44700,10
13.0877399445,80.1890182495,44700,44710,10
13.0877895355,80.1886367798,44710,44720,10
13.0878000259,80.1881790161,44720,44730,10
13.0878200531,80.1875076294,44730,44740,10
13.0878400803,80.1866226196,44740,44750,10
13.0878801346,80.1858062744,44750,44760,10
13.0879001617,80.1854019165,44760,44770,10
13.08796978,80.1848907471,44770,44780,10
13.08796978,80.184173584,44780,44791,11
13.0880098343,80.1831130981,44791,44801,10
13.088060379,80.1821212769,44801,44811,10
13.0881004333,80.1810836792,44811,44821,10
13.0881204605,80.1795883179,44821,44891,70
13.0881204605,80.1795883179,44891,44902,11
13.0881500244,80.1792297363,44902,44912,10
13.0881299973,80.1788787842,44912,44922,10
13.088139534,80.1787109375,44922,44932,10
13.088139534,80.1783294678,44932,44942,10
13.0881500244,80.1777114868,44942,44952,10
13.0881595612,80.1771392822,44952,44962,10
13.0881996155,80.1765823364,44962,44972,10
13.088259697,80.1757507324,44972,44982,10
13.0882997513,80.1748886108,44982,44992,10
13.0883998871,80.1741104126,44992,45001,9
13.0884599686,80.1733779907,45001,45013,12
13.0885095596,80.1724700928,45013,45023,10
13.08852005,80.1719436646,45023,45033,10
13.0885696411,80.1717071533,45033,45043,10
13.0885896683,80.1711120605,45043,45053,10
13.088640213,80.1704101563,45053,45073,20
13.088640213,80.1704101563,45073,45083,10
13.0886497498,80.1701583862,45083,45093,10
13.0887203217,80.1695632935,45093,45103,10
13.0889797211,80.1695098877,45103,45113,10
13.0896100998,80.1695632935,45113,45124,11
13.0905599594,80.1696090698,45124,45134,10
13.0914497375,80.1696472168,45134,45144,10
13.0922603607,80.1697006226,45144,45154,10
13.0931797028,80.1697463989,45154,45164,10
13.0941295624,80.1697998047,45164,45174,10
13.09471035,80.1698379517,45174,45184,10
13.0950403214,80.1698913574,45184,45194,10
13.0955896378,80.169921875,45194,45204,10
13.0963497162,80.1699523926,45204,45214,10
13.0972700119,80.1699829102,45214,45224,10
13.0982503891,80.1700286865,45224,45235,11
13.0991601944,80.1700820923,45235,45245,10
13.0995903015,80.1700820923,45245,45265,20
13.0995903015,80.1700820923,45265,45275,10
13.0997400284,80.1699523926,45275,45285,10
13.099729538,80.1697387695,45285,45295,10
13.0996999741,80.1697235107,45295,45305,10
13.0994596481,80.1699295044,45305,45467,162
13.099439621,80.1701507568,45467,45557,90
13.099439621,80.1701507568,45557,45568,11
13.0992898941,80.170211792,45568,45578,10
13.098859787,80.1702270508,45578,45588,10
13.0981702805,80.1701889038,45588,45598,10
13.0973100662,80.1701583862,45598,45608,10
13.0964002609,80.1700897217,45608,45618,10
13.0956897736,80.1699905396,45618,45628,10
13.0950498581,80.1699371338,45628,45638,10
13.0946798325,80.1698913574,45638,45648,10
13.0943603516,80.1698913574,45648,45658,10
13.0937204361,80.1698608398,45658,45668,10
13.0930500031,80.1698226929,45668,45679,11
13.0920095444,80.1698226929,45679,45689,10
13.091170311,80.1697235107,45689,45699,10
13.0902795792,80.1696395874,45699,45709,10
13.0889596939,80.1695632935,45709,45779,70
13.0889596939,80.1695632935,45779,45790,11
13.0886898041,80.1696166992,45790,45800,10
13.0886898041,80.1697921753,45800,45810,10
13.0886297226,80.1701507568,45810,45820,10
13.0886096954,80.1707687378,45820,45830,10
13.0886001587,80.1714401245,45830,45840,10
13.0885601044,80.1722183228,45840,45850,10
13.0885295868,80.1727905273,45850,45860,10
13.088470459,80.1735229492,45860,45870,10
13.0884504318,80.1743621826,45870,45880,10
13.0884304047,80.1748733521,45880,45889,9
13.0883998871,80.1754608154,45889,45901,12
13.0882902145,80.1765136719,45901,45911,10
13.0882701874,80.1775131226,45911,45921,10
13.0882902145,80.1784820557,45921,45931,10
13.088259697,80.1786422729,45931,45941,10
13.0882501602,80.1791229248,45941,45971,30
13.0882501602,80.1791229248,45971,45981,10
13.0882797241,80.1794586182,45981,45991,10
13.0882396698,80.1797866821,45991,46001,10
13.0882196426,80.179977417,46001,46012,11
13.0881795883,80.1807022095,46012,46022,10
13.0881795883,80.1817092896,46022,46032,10
13.0881204605,80.1828765869,46032,46042,10
13.0880699158,80.1842269897,46042,46052,10
13.0880804062,80.1850662231,46052,46062,10
13.0880403519,80.1853103638,46062,46072,10
13.0879802704,80.1855316162,46072,46082,10
13.0879096985,80.1862106323,46082,46092,10
13.0878400803,80.1872406006,46092,46102,10
13.0878095627,80.1883468628,46102,46112,10
13.0877599716,80.1900100708,46112,46133,21
13.0877599716,80.1900100708,46133,46143,10
13.0876998901,80.1902770996,46143,46153,10
13.0875396729,80.1908798218,46153,46163,10
13.0874004364,80.1919174194,46163,46173,10
13.0873003006,80.1928634644,46173,46183,10
13.0873098373,80.1939926147,46183,46193,10
13.0872898102,80.1951904297,46193,46203,10
13.0872602463,80.1962890625,46203,46213,10
13.0872497559,80.1972579956,46213,46223,10
13.0872097015,80.1977615356,46223,46234,11
13.0872297287,80.1979598999,46234,46244,10
13.0873403549,80.1983566284,46244,46254,10
13.0877399445,80.1984176636,46254,46264,10
13.0884103775,80.198387146,46264,46274,10
13.0891895294,80.1984176636,46274,46284,10
13.0899295807,80.1984634399,46284,46294,10
13.090669632,80.1985473633,46294,46304,10
13.0913801193,80.1986083984,46304,46314,10
13.0922403336,80.198638916,46314,46324,10
13.0929403305,80.1986999512,46324,46334,10
13.0929803848,80.1987304688,46334,46345,11
13.0929803848,80.1988983154,46345,46355,10
13.092880249,80.1995162964,46355,46365,10
13.0928297043,80.200340271,46365,46375,10
13.0926198959,80.2005996704,46375,46385,10
13.0920495987,80.2005386353,46385,46395,10
13.0913095474,80.2005386353,46395,46405,10
13.0904502869,80.2005386353,46405,46415,10
13.089509964,80.2004776001,46415,46425,10
13.0884599686,80.2004394531,46425,46435,10
13.0876197815,80.2004165649,46435,46444,9
13.0871601105,80.2004013062,46444,46456,12
13.0863704681,80.2003707886,46456,46466,10
13.0858697891,80.2003707886,46466,46476,10
13.0856800079,80.2003631592,46476,46486,10
13.0855798721,80.2003631592,46486,46496,10
13.0854701996,80.2003326416,46496,46506,10
13.0853204727,80.2000732422,46506,46516,10
13.0853204727,80.199508667,46516,46526,10
13.0852603912,80.1988067627,46526,46536,10
13.0849704742,80.1987304688,46536,46546,10
13.0843696594,80.1986999512,46546,46556,10
13.0842103958,80.1986618042,46556,46567,11
13.0836896896,80.1986465454,46567,46577,10
13.0833501816,80.1986312866,46577,46587,10
13.0829696655,80.1986236572,46587,46597,10
13.082449913,80.1986236572,46597,46607,10
13.0819396973,80.1986465454,46607,46617,10
13.0813798904,80.1986694336,46617,46627,10
13.0808401108,80.198677063,46627,46636,9
13.080280304,80.1987228394,46636,46647,11
13.079369545,80.1987762451,46647,46657,10
13.0787096024,80.1988220215,46657,46667,10
13.07791996,80.1989364624,46667,46678,11
13.0768003464,80.1990890503,46678,46688,10
13.0758399963,80.1992111206,46688,46698,10
13.0748796463,80.1994781494,46698,46708,10
13.0741796494,80.1999435425,46708,46718,10
13.0739402771,80.2001724243,46718,46728,10
13.073679924,80.2004318237,46728,46738,10
13.0732097626,80.2010269165,46738,46748,10
13.0725498199,80.2018203735,46748,46758,10
13.0722198486,80.2022171021,46758,46768,10
13.0717496872,80.2027206421,46768,46779,11
13.0710401535,80.2035522461,46779,46789,10
13.0703201294,80.2044372559,46789,46799,10
13.0698795319,80.2050323486,46799,46809,10
13.0697002411,80.2050170898,46809,46819,10
13.0692996979,80.2049179077,46819,46829,10
13.0689296722,80.2053375244,46829,46839,10
13.0682096481,80.2054595947,46839,46859,20
13.0680303574,80.2053985596,46859,46910,51
13.0680303574,80.2053985596,46910,46920,10
13.0680398941,80.2050018311,46920,46930,10
13.0683698654,80.2049331665,46930,46940,10
13.0687999725,80.2047729492,46940,46950,10
13.0692796707,80.2047195435,46950,46960,10
13.0696601868,80.2048110962,46960,46970,10
13.0698795319,80.2050170898,46970,46980,10
13.0696296692,80.2054367065,46980,46990,10
13.0692195892,80.2060775757,46990,47001,11
13.0686597824,80.2069625854,47001,47011,10
13.0680503845,80.2078933716,47011,47021,10
13.0674200058,80.2088699341,47021,47031,10
13.0666799545,80.2098999023,47031,47041,10
13.0657396317,80.2107086182,47041,47051,10
13.0651798248,80.2111816406,47051,47061,10
13.0651102066,80.2112579346,47061,47071,10
13.0648202896,80.2114562988,47071,47081,10
13.0638103485,80.2117233276,47081,47101,20
13.0638103485,80.2117233276,47101,47112,11
13.0633096695,80.2117004395,47112,47122,10
13.0625400543,80.2117462158,47122,47132,10
13.0616102219,80.211730957,47132,47142,10
13.0603704453,80.2116775513,47142,47152,10
13.0591602325,80.2116394043,47152,47162,10
13.0581703186,80.2116317749,47162,47172,10
13.0576601028,80.2116317749,47172,47182,10
13.0574398041,80.2116088867,47182,47192,10
13.0568304062,80.2115707397,47192,47202,10
13.055970192,80.2115097046,47202,47212,10
13.0550203323,80.2114868164,47212,47223,11
13.0540399551,80.2115783691,47223,47233,10
13.05327034,80.2117919922,47233,47243,10
13.0524597168,80.2120132446,47243,47253,10
13.051779747,80.2121810913,47253,47263,10
13.0511798859,80.2121582031,47263,47273,10
13.0508804321,80.2121505737,47273,47283,10
13.0502796173,80.2121734619,47283,47293,10
13.0497303009,80.2121734619,47293,47313,20
13.0497303009,80.2121734619,47313,47323,10
13.0494499207,80.2121124268,47323,47334,11
13.0487499237,80.2121124268,47334,47344,10
13.0480003357,80.2121963501,47344,47354,10
13.0470695496,80.2122802734,47354,47364,10
13.0460500717,80.212310791,47364,47374,10
13.0450000763,80.2123718262,47374,47384,10
13.0444202423,80.2123413086,47384,47394,10
13.0440998077,80.212348938,47394,47404,10
13.0433597565,80.2123794556,47404,47414,10
13.0424404144,80.2124099731,47414,47423,9
13.0414495468,80.2124862671,47423,47434,11
13.0400600433,80.2125320435,47434,47445,11
13.0386800766,80.2124633789,47445,47455,10
13.038069725,80.2124176025,47455,47515,60
13.038069725,80.2124176025,47515,47525,10
13.0379295349,80.2124481201,47525,47535,10
13.0376300812,80.2124633789,47535,47544,9
13.0371799469,80.2124099731,47544,47556,12
13.0363397598,80.212348938,47556,47566,10
13.0357503891,80.2123565674,47566,47576,10
13.0350704193,80.2123184204,47576,47586,10
13.0345201492,80.2121963501,47586,47606,20
13.034239769,80.2121734619,47606,47626,20
13.034239769,80.2121734619,47626,47636,10
13.0339097977,80.2120819092,47636,47646,10
13.0336198807,80.2119979858,47646,47656,10
13.0333003998,80.2118988037,47656,47667,11
13.0326099396,80.2117919922,47667,47677,10
13.031999588,80.2116394043,47677,47687,10
13.0319900513,80.2110366821,47687,47697,10
13.0320596695,80.2102813721,47697,47707,10
13.0319900513,80.2096862793,47707,47717,10
13.0315799713,80.2096405029,47717,47727,10
13.0306596756,80.2092971802,47727,47737,10
13.0299501419,80.2090835571,47737,47747,10
13.029589653,80.2089233398,47747,47757,10
13.0295295715,80.2088775635,47757,47766,9
13.0292596817,80.2088165283,47766,47778,12
13.0284404755,80.2086105347,47778,47788,10
13.0276203156,80.2082977295,47788,47798,10
13.0267801285,80.2077865601,47798,47808,10
13.0257997513,80.2072067261,47808,47818,10
13.0247802734,80.206993103,47818,47828,10
13.0242795944,80.2069015503,47828,47838,10
13.0241804123,80.2068710327,47838,47848,10
13.0236902237,80.2067184448,47848,47858,10
13.0229797363,80.2065811157,47858,47868,10
13.0221796036,80.2065124512,47868,47878,10
13.0215902328,80.2064437866,47878,47889,11
13.0210103989,80.2064437866,47889,47899,10
13.0202198029,80.2064437866,47899,47909,10
13.0193595886,80.2063980103,47909,47919,10
13.0191297531,80.2063369751,47919,47929,10
13.0190496445,80.2062683105,47929,47939,10
13.0186300278,80.2061233521,47939,47949,10
13.0179595947,80.205909729,47949,47959,10
13.0171699524,80.2056121826,47959,47969,10
13.0164403915,80.2052612305,47969,47979,10
13.0155601501,80.2050018311,47979,47989,10
13.0145998001,80.2046813965,47989,48000,11
13.0138998032,80.204460144,48000,48010,10
13.0136699677,80.2043991089,48010,48020,10
13.0135402679,80.2046203613,48020,48030,10
13.0133895874,80.2051696777,48030,48040,10
13.0131502151,80.2059402466,48040,48050,10
13.0130195618,80.2068023682,48050,48060,10
13.0129699707,80.2074890137,48060,48070,10
13.0128698349,80.2079467773,48070,48080,10
13.0128698349,80.2084197998,48080,48090,10
13.0128803253,80.2087402344,48090,48100,10
13.012960434,80.2091827393,48100,48111,11
13.0130796432,80.209602356,48111,48121,10
13.0131196976,80.2102584839,48121,48131,10
13.0130395889,80.2108383179,48131,48141,10
13.0128002167,80.2113113403,48141,48151,10
13.0124502182,80.2119903564,48151,48161,10
13.0120601654,80.2126083374,48161,48171,10
13.0118703842,80.2128295898,48171,48181,10
13.0116195679,80.2126998901,48181,48191,10
13.0111398697,80.212348938,48191,48201,10
13.0105304718,80.2119293213,48201,48211,10
13.0100498199,80.2115402222,48211,48222,11
13.0095796585,80.21118927,48222,48232,10
13.009519577,80.211151123,48232,48242,10
13.0093698502,80.2109680176,48242,48252,10
13.0093603134,80.2109603882,48252,48262,10
13.009180069,80.2109909058,48262,48272,10
13.0090904236,80.2112197876,48272,48282,10
13.0089902878,80.2113876343,48282,48292,10
13.0089502335,80.2116317749,48292,48302,10
13.0090999603,80.2120666504,48302,48312,10
13.0092802048,80.2126617432,48312,48322,10
13.0095796585,80.2134017944,48322,48333,11
13.0099601746,80.2143096924,48333,48343,10
13.0101604462,80.2152481079,48343,48353,10
13.0104398727,80.2161636353,48353,48363,10
13.0108604431,80.2171096802,48363,48373,10
13.0112304688,80.2179870605,48373,48383,10
13.0115499496,80.2188415527,48383,48393,10
13.0119304657,80.2200088501,48393,48403,10
13.0122499466,80.221031189,48403,48413,10
13.0124597549,80.2216186523,48413,48423,10
13.0128803253,80.2222290039,48423,48433,10
13.013299942,80.2226867676,48433,48444,11
13.0138196945,80.2232894897,48444,48454,10
13.0139703751,80.2234802246,48454,48464,10
13.0143299103,80.2238388062,48464,48474,10
13.0147695541,80.224357605,48474,48484,10
13.0151100159,80.2248001099,48484,48494,10
13.0153598785,80.2251663208,48494,48504,10
13.0153598785,80.2255783081,48504,48514,10
13.015080452,80.2258987427,48514,48524,10
13.0145301819,80.2260971069,48524,48534,10
13.0137796402,80.2263870239,48534,48544,10
13.012840271,80.2267379761,48544,48555,11
13.0117502213,80.2271881104,48555,48565,10
13.0106401443,80.2276382446,48565,48575,10
13.0097703934,80.2279281616,48575,48585,10
13.0095396042,80.2275085449,48585,48595,10
13.0098304749,80.2269287109,48595,48605,10
13.0101900101,80.2260971069,48605,48615,10
13.0104904175,80.225402832,48615,48625,10
13.0107097626,80.2249526978,48625,48635,10
13.0109500885,80.2243270874,48635,48645,10
13.0111999512,80.2236785889,48645,48655,10
13.0113401413,80.2232818604,48655,48666,11
13.0109300613,80.2229537964,48666,48676,10
13.0104398727,80.2227020264,48676,48686,10
13.010310173,80.2226333618,48686,48696,10
13.0098199844,80.2223968506,48696,48706,10
13.0091400146,80.2220611572,48706,48716,10
13.0083503723,80.2216186523,48716,48726,10
13.0074996948,80.2211914063,48726,48736,10
13.0066900253,80.2207794189,48736,48746,10
13.0057001114,80.2205123901,48746,48756,10
13.0048398972,80.2202911377,48756,48766,10
13.0045204163,80.2202377319,48766,48777,11
13.0038995743,80.2201004028,48777,48787,10
13.003080368,80.219871521,48787,48797,10
13.0022497177,80.2192687988,48797,48807,10
13.0014400482,80.2184829712,48807,48817,10
13.0006399155,80.2179718018,48817,48827,10
12.9999198914,80.2175292969,48827,48837,10
12.9989404678,80.2169570923,48837,48847,10
12.9973602295,80.2165527344,48847,48867,20
12.9973602295,80.2165527344,48867,48877,10
12.9971199036,80.2164993286,48877,48888,11
12.9964895248,80.2165603638,48888,48898,10
12.995639801,80.2167892456,48898,48908,10
12.9949302673,80.2171783447,48908,48918,10
12.9942703247,80.2176513672,48918,48928,10
12.9934997559,80.218208313,48928,48938,10
12.9926700592,80.2188034058,48938,48948,10
12.9919395447,80.2193527222,48948,48958,10
12.9915895462,80.2196273804,48958,48968,10
12.9911403656,80.2194900513,48968,48978,10
12.991060257,80.2194595337,48978,48988,10
12.9905796051,80.2192611694,48988,48999,11
12.9897699356,80.2189788818,48999,49009,10
12.9888496399,80.2186508179,49009,49019,10
12.9877901077,80.2183837891,49019,49029,10
12.9869604111,80.2182235718,49029,49039,10
12.986700058,80.2181930542,49039,49049,10
12.9865903854,80.2181625366,49049,49059,10
12.9860496521,80.2180404663,49059,49069,10
12.9850597382,80.217956543,49069,49079,10
12.9842796326,80.2179718018,49079,49089,10
12.9839601517,80.2179794312,49089,49098,9
12.9837999344,80.2179870605,49098,49110,12
12.9830198288,80.2179718018,49110,49120,10
12.9820804596,80.217956543,49120,49130,10
12.9809303284,80.2181777954,49130,49140,10
12.9800100327,80.2185211182,49140,49150,10
12.9793300629,80.2188110352,49150,49160,10
12.9788103104,80.2190170288,49160,49170,10
12.9784698486,80.2191696167,49170,49180,10
12.977809906,80.2194519043,49180,49190,10
12.9769001007,80.2198181152,49190,49200,10
12.9759302139,80.2202529907,49200,49210,10
12.9755401611,80.2206268311,49210,49221,11
12.9756002426,80.2208023071,49221,49231,10
12.9757900238,80.2208709717,49231,49261,30
12.9757900238,80.2208709717,49261,49271,10
12.9760799408,80.2210922241,49271,49443,172
12.9760398865,80.2211990356,49443,49604,161
12.9760398865,80.2211990356,49604,49614,10
12.9761896133,80.2213134766,49614,49624,10
12.9766902924,80.2213134766,49624,49634,10
12.9770498276,80.2212677002,49634,49644,10
12.9775104523,80.2212600708,49644,49654,10
12.978099823,80.2212982178,49654,49665,11
12.9792299271,80.2211532593,49665,49675,10
12.9801502228,80.2210617065,49675,49685,10
12.9807500839,80.220993042,49685,49695,10
12.9813404083,80.2211685181,49695,49705,10
12.9818601608,80.2213897705,49705,49715,10
12.9823799133,80.2216796875,49715,49725,10
12.9827003479,80.221786499,49725,49735,10
12.982919693,80.2219161987,49735,49745,10
12.9830999374,80.2220611572,49745,49755,10
12.983590126,80.2223510742,49755,49765,10
12.9842500687,80.2227630615,49765,49776,11
12.9849901199,80.2231674194,49776,49786,10
12.9852199554,80.2232437134,49786,49796,10
12.9855604172,80.2230987549,49796,49806,10
12.9858503342,80.2229690552,49806,49816,10
12.9863395691,80.2229995728,49816,49836,20
12.9863395691,80.2229995728,49836,49846,10
12.9867200851,80.2230606079,49846,49856,10
12.9867897034,80.2230606079,49856,49866,10
12.987039566,80.2230529785,49866,49876,10
12.9874696732,80.2230682373,49876,49887,11
12.9880695343,80.2228164673,49887,49897,10
12.9885997772,80.2223205566,49897,49907,10
12.9891395569,80.2217178345,49907,49917,10
12.9895496368,80.2211532593,49917,49927,10
12.9902000427,80.2205429077,49927,49937,10
12.9909000397,80.2200088501,49937,49947,10
12.9915103912,80.2195510864,49947,49957,10
12.9922103882,80.219039917,49957,49967,10
12.9930095673,80.2184677124,49967,49977,10
12.9938402176,80.2178497314,49977,49987,10
12.9943704605,80.2174835205,49987,49998,11
12.9947795868,80.2171783447,49998,50008,10
12.9950799942,80.2169723511,50008,50018,10
12.9955596924,80.2167510986,50018,50028,10
12.9963197708,80.216583252,50028,50038,10
12.9970598221,80.2164306641,50038,50048,10
12.9975595474,80.2160720825,50048,50068,20
12.9975595474,80.2160720825,50068,50078,10
12.9978103638,80.2158584595,50078,50088,10
12.9981002808,80.2155532837,50088,50098,10
12.9987802505,80.2149734497,50098,50109,11
12.999250412,80.2145996094,50109,50119,10
12.9997396469,80.2142105103,50119,50129,10
13.0001401901,80.2138671875,50129,50139,10
13.0006799698,80.2133789063,50139,50149,10
13.0014295578,80.2127838135,50149,50159,10
13.0021896362,80.2122573853,50159,50169,10
13.0027599335,80.2120895386,50169,50179,10
13.003370285,80.212020874,50179,50189,10
13.0036401749,80.2116165161,50189,50199,10
13.0036296844,80.2108612061,50199,50208,9
13.0035495758,80.2101516724,50208,50220,12
13.0035896301,80.2091827393,50220,50230,10
13.0039701462,80.2086029053,50230,50240,10
13.0048103333,80.2089691162,50240,50250,10
13.0056600571,80.2093276978,50250,50260,10
13.0062103271,80.2095184326,50260,50270,10
13.0067996979,80.2097167969,50270,50280,10
13.0069599152,80.2097625732,50280,50290,10
13.0070896149,80.2097473145,50290,50300,10
13.007399559,80.2097930908,50300,50310,10
13.0079898834,80.2099380493,50310,50319,9
13.0081396103,80.2097015381,50319,50331,12
13.0079498291,80.2088012695,50331,50341,10
13.0078001022,80.2077789307,50341,50351,10
13.0076398849,80.2066116333,50351,50361,10
13.0074195862,80.205657959,50361,50371,10
13.0070495605,80.2047195435,50371,50381,10
13.0065202713,80.2037734985,50381,50391,10
13.005979538,80.2030487061,50391,50401,10
13.0057001114,80.2024993896,50401,50411,10
13.005279541,80.2018127441,50411,50421,10
13.0044698715,80.2012710571,50421,50431,10
13.0036497116,80.200958252,50431,50442,11
13.0026197433,80.2006378174,50442,50452,10
13.001950264,80.2001724243,50452,50462,10
13.0016698837,80.1996078491,50462,50472,10
13.0017004013,80.1989593506,50472,50482,10
13.0018396378,80.1981735229,50482,50492,10
13.0019397736,80.1971664429,50492,50502,10
13.0015201569,80.196182251,50502,50512,10
13.00096035,80.1955108643,50512,50522,10
13.0002603531,80.1946105957,50522,50532,10
12.9995498657,80.1937332153,50532,50542,10
12.9989004135,80.1929473877,50542,50553,11
12.9982795715,80.1923294067,50553,50563,10
12.9977798462,80.1926803589,50563,50573,10
12.9971504211,80.1931762695,50573,50583,10
12.996919632,80.1932601929,50583,50593,10
12.9967298508,80.1929397583,50593,50603,10
12.9965600967,80.1922302246,50603,50613,10
12.9964599609,80.1913909912,50613,50633,20
12.9964599609,80.1913909912,50633,50643,10
12.9967498779,80.1911773682,50643,50653,10
12.9970998764,80.1913299561,50653,51592,939
12.9971103668,80.191116333,51592,52502,910
12.9970397949,80.1914901733,52502,52674,172
12.9971199036,80.1911773682,52674,52764,90
12.9968395233,80.1912307739,52764,52845,81
12.9968395233,80.1912307739,52845,52855,10
12.9970998764,80.1913299561,52855,53814,959
12.9969902039,80.1909713745,53814,53894,80
12.9969902039,80.1909713745,53894,53905,11
12.996720314,80.1909790039,53905,54076,171
12.996720314,80.1909790039,54076,54086,10
12.9970598221,80.1909637451,54086,54096,10
12.9969100952,80.1912307739,54096,54106,10
12.9964704514,80.1914215088,54106,54127,21
12.9964704514,80.1914215088,54127,54137,10
12.9962997437,80.1912612915,54137,54147,10
12.9961795807,80.1908569336,54147,54157,10
12.9960603714,80.1904220581,54157,54167,10
12.9959697723,80.1901397705,54167,54177,10
12.9958600998,80.1896133423,54177,54207,30
12.9958600998,80.1896133423,54207,54217,10
12.9959001541,80.1893920898,54217,54228,11
12.9961996078,80.1893920898,54228,54238,10
12.9965896606,80.1898422241,54238,54248,10
12.9971399307,80.1904983521,54248,54258,10
12.9978103638,80.1913299561,54258,54268,10
12.9985799789,80.1922988892,54268,54278,10
12.9993696213,80.1932601929,54278,54288,10
13.0001096725,80.1941680908,54288,54298,10
13.0007295609,80.1950378418,54298,54308,10
13.0014400482,80.1958770752,54308,54318,10
13.0020399094,80.1968536377,54318,54328,10
13.0019903183,80.1980819702,54328,54338,10
13.0017900467,80.1991882324,54338,54349,11
13.0020704269,80.2002105713,54349,54359,10
13.0030298233,80.2007217407,54359,54369,10
13.0036802292,80.2008132935,54369,54379,10
13.0036802292,80.2008209229,54379,54389,10
13.0040102005,80.2008972168,54389,54399,10
13.0047101974,80.2011489868,54399,54409,10
13.0054798126,80.2016906738,54409,54419,10
13.0059995651,80.2025909424,54419,54429,10
13.006649971,80.203338623,54429,54439,10
13.007519722,80.2036972046,54439,54449,10
13.008649826,80.2037124634,54449,54460,11
13.0101003647,80.20362854,54460,54470,10
13.0112104416,80.2036819458,54470,54480,10
13.0124502182,80.2038421631,54480,54490,10
13.0136003494,80.2041702271,54490,54500,10
13.0146598816,80.2045593262,54500,54510,10
13.0158596039,80.205039978,54510,54520,10
13.016869545,80.2052612305,54520,54530,10
13.0174598694,80.2054977417,54530,54540,10
13.0175504684,80.2055511475,54540,54550,10
13.0178098679,80.2056503296,54550,54560,10
13.0183401108,80.205871582,54560,54571,11
13.0187501907,80.2060012817,54571,54581,10
13.0191602707,80.2060928345,54581,54591,10
13.0199203491,80.206237793,54591,54601,10
13.0208797455,80.2062530518,54601,54611,10
13.021900177,80.2063293457,54611,54621,10
13.0230503082,80.2064590454,54621,54631,10
13.0239295959,80.2065963745,54631,54641,10
13.0242204666,80.2066574097,54641,54651,10
13.0248403549,80.2068328857,54651,54661,10
13.0257997513,80.2071609497,54661,54670,9
13.026720047,80.2076797485,54670,54682,12
13.0281400681,80.208442688,54682,54692,10
13.0292301178,80.2087402344,54692,54702,10
13.029589653,80.2088394165,54702,54712,10
13.029709816,80.2088775635,54712,54722,10
13.0300998688,80.2089920044,54722,54732,10
13.0308198929,80.2091827393,54732,54742,10
13.0315704346,80.2093963623,54742,54752,10
13.0316295624,80.2094268799,54752,54762,10
13.0317401886,80.2095108032,54762,54771,9
13.0321397781,80.2095718384,54771,54783,12
13.0330896378,80.209777832,54783,54793,10
13.0341100693,80.2099380493,54793,54803,10
13.0349702835,80.2101669312,54803,54813,10
13.0349502563,80.2107162476,54813,54823,10
13.0349502563,80.2111816406,54823,54833,10
13.0349197388,80.2112884521,54833,54843,10
13.0348396301,80.2115020752,54843,54853,10
13.0348100662,80.2117614746,54853,54863,10
13.0350103378,80.2121429443,54863,54873,10
13.0355300903,80.2121963501,54873,54883,10
13.0362997055,80.2122268677,54883,54894,11
13.0368700027,80.2122421265,54894,54904,10
13.0372104645,80.2121963501,54904,54914,10
13.0376501083,80.2122192383,54914,54924,10
13.0384302139,80.2122497559,54924,54934,10
13.0394001007,80.212272644,54934,54944,10
13.0402898788,80.2126464844,54944,54954,10
13.0407896042,80.2129516602,54954,54964,10
13.0422000885,80.213142395,54964,54974,10
13.0436296463,80.2122421265,54974,55005,31
13.0436296463,80.2122421265,55005,55015,10
13.0439195633,80.2121505737,55015,55025,10
13.0442895889,80.2122116089,55025,55035,10
13.0447902679,80.2122268677,55035,55045,10
13.0454597473,80.2122192383,55045,55055,10
13.0462398529,80.2121963501,55055,55065,10
13.0470695496,80.2121582031,55065,55075,10
13.0481996536,80.2119674683,55075,55105,30
13.0481996536,80.2119674683,55105,55116,11
13.0484104156,80.212020874,55116,55126,10
13.0486898422,80.2120437622,55126,55136,10
13.049200058,80.2119827271,55136,55146,10
13.0499000549,80.2119598389,55146,55156,10
13.0505800247,80.2121200562,55156,55166,10
13.0508403778,80.2120666504,55166,55176,10
13.0515499115,80.2119903564,55176,55186,10
13.0525999069,80.2118377686,55186,55196,10
13.0536699295,80.2116317749,55196,55206,10
13.054479599,80.2114486694,55206,55216,10
13.0553598404,80.2114486694,55216,55227,11
13.056429863,80.2114486694,55227,55237,10
13.0573596954,80.2114334106,55237,55247,10
13.0582895279,80.2114486694,55247,55257,10
13.059129715,80.2114868164,55257,55267,10
13.0600404739,80.211517334,55267,55277,10
13.0610599518,80.2115707397,55277,55287,10
13.0617303848,80.2116622925,55287,55297,10
13.0624599457,80.2114562988,55297,55307,10
13.0631999969,80.2115020752,55307,55317,10
13.0635204315,80.2114562988,55317,55327,10
13.0636100769,80.211479187,55327,55338,11
13.0640001297,80.211479187,55338,55348,10
13.064499855,80.2113723755,55348,55358,10
13.0652103424,80.2110290527,55358,55368,10
13.0659599304,80.2104263306,55368,55378,10
13.0667295456,80.2097702026,55378,55388,10
13.0672397614,80.2089996338,55388,55398,10
13.0672998428,80.2088699341,55398,55408,10
13.0674104691,80.2086029053,55408,55418,10
13.0677900314,80.2080383301,55418,55428,10
13.0683002472,80.20728302,55428,55438,10
13.068860054,80.2063980103,55438,55449,11
13.0693998337,80.2055435181,55449,55459,10
13.0695896149,80.2051773071,55459,55469,10
13.0696601868,80.2049865723,55469,55479,10
13.069319725,80.2048568726,55479,55489,10
13.0691795349,80.2049789429,55489,55499,10
13.0691604614,80.2050170898,55499,55509,10
13.0690002441,80.2052993774,55509,55519,10
13.0688400269,80.2052383423,55519,55529,10
13.0688295364,80.2052230835,55529,55539,10
13.0687904358,80.2051391602,55539,55549,10
13.069149971,80.2047271729,55549,55590,41
13.069149971,80.2047271729,55590,55600,10
13.0692501068,80.2046890259,55600,55610,10
13.0694904327,80.204750061,55610,55620,10
13.0697898865,80.2048187256,55620,55630,10
13.0701799393,80.2044525146,55630,55640,10
13.0706996918,80.2037887573,55640,55650,10
13.0714101791,80.2029876709,55650,55660,10
13.0718002319,80.2025604248,55660,55671,11
13.0718097687,80.2025604248,55671,55681,10
13.0720500946,80.2024002075,55681,55691,10
13.0723495483,80.2020187378,55691,55701,10
13.0727300644,80.2015228271,55701,55711,10
13.0729398727,80.2011871338,55711,55721,10
13.0731401443,80.2009429932,55721,55731,10
13.0734901428,80.2005615234,55731,55741,10
13.0739202499,80.2000427246,55741,55751,10
13.0742998123,80.1996307373,55751,55761,10
13.0746803284,80.1992492676,55761,55771,10
13.0748701096,80.1991729736,55771,55782,11
13.0754995346,80.1990509033,55782,55792,10
13.0761995316,80.1990585327,55792,55802,10
13.0771903992,80.1989822388,55802,55812,10
13.0783004761,80.1988220215,55812,55822,10
13.07929039,80.1987228394,55822,55832,10
13.0800800323,80.1986083984,55832,55842,10
13.0808401108,80.1985397339,55842,55852,10
13.0816698074,80.1985168457,55852,55862,10
13.0825500488,80.1984405518,55862,55872,10
13.0830402374,80.1984329224,55872,55882,10
13.0836896896,80.1984100342,55882,55893,11
13.0843496323,80.1984176636,55893,55903,10
13.0847997665,80.1984329224,55903,55913,10
13.0849304199,80.1984481812,55913,55923,10
13.0852003098,80.1984176636,55923,55933,10
13.085559845,80.198387146,55933,55943,10
13.0858297348,80.1983718872,55943,55953,10
13.0863599777,80.198387146,55953,55963,10
13.0869598389,80.1984863281,55963,55973,10
13.0871200562,80.198387146,55973,55983,10
13.0871601105,80.1981277466,55983,55993,10
13.0871896744,80.1979217529,55993,56004,11
13.087220192,80.1972503662,56004,56014,10
13.0872402191,80.1963806152,56014,56024,10
13.087269783,80.1954421997,56024,56034,10
13.0872802734,80.1945419312,56034,56044,10
13.0873003006,80.1935195923,56044,56054,10
13.0873403549,80.1925506592,56054,56064,10
13.0874595642,80.1915969849,56064,56074,10
13.0875797272,80.1905822754,56074,56084,10
13.0876903534,80.1897125244,56084,56094,10
13.0876998901,80.1891403198,56094,56104,10
13.0876998901,80.1890182495,56104,56115,11
13.0877103806,80.1889266968,56115,56125,10
13.0877599716,80.1883010864,56125,56175,50
13.0877599716,80.1883010864,56175,56185,10
13.0878200531,80.1877975464,56185,56195,10
13.0878095627,80.1871032715,56195,56205,10
13.087849617,80.1862106323,56205,56215,10
13.0879001617,80.1852264404,56215,56226,11
13.08796978,80.1842422485,56226,56236,10
13.0880002975,80.1832427979,56236,56246,10
13.0880403519,80.1822967529,56246,56256,10
13.0880899429,80.1815185547,56256,56266,10
13.0881299973,80.1806488037,56266,56276,10
13.0881204605,80.1797180176,56276,56337,61
13.0881204605,80.1797180176,56337,56347,10
13.0881299973,80.1792068481,56347,56357,10
13.0881004333,80.1788406372,56357,56367,10
13.0881204605,80.1785888672,56367,56377,10
13.088139534,80.1779785156,56377,56387,10
13.088139534,80.1773605347,56387,56397,10
13.0881795883,80.1766662598,56397,56407,10
13.0882396698,80.1757736206,56407,56417,10
13.0882997513,80.1748428345,56417,56427,10
13.0883903503,80.1740875244,56427,56437,10
13.0884504318,80.1731185913,56437,56448,11
13.0885095596,80.1721420288,56448,56458,10
13.0885095596,80.1718902588,56458,56468,10
13.0886096954,80.1717910767,56468,56478,10
13.088640213,80.1709365845,56478,56488,10
13.0886602402,80.1700897217,56488,56498,10
13.0887203217,80.169670105,56498,56508,10
13.0888996124,80.1695404053,56508,56518,10
13.089389801,80.1695480347,56518,56528,10
13.0901298523,80.1695709229,56528,56538,10
13.0909099579,80.169631958,56538,56548,10
13.0915002823,80.1696624756,56548,56559,11
13.0923500061,80.1697006226,56559,56569,10
13.0931997299,80.1697769165,56569,56579,10
13.0941696167,80.1697998047,56579,56589,10
13.0947504044,80.1698608398,56589,56599,10
13.0949897766,80.1698684692,56599,56609,10
13.095410347,80.169883728,56609,56619,10
13.0960903168,80.169921875,56619,56629,10
13.0968799591,80.1699676514,56629,56639,10
13.0976896286,80.1699981689,56639,56649,10
13.0983104706,80.1700592041,56649,56659,10
13.0989398956,80.1700897217,56659,56669,10
13.0992898941,80.1700973511,56669,56680,11
13.0996103287,80.1700286865,56680,56700,20
13.0996103287,80.1700286865,56700,56710,10
13.0996904373,80.1699295044,56710,56720,10
13.0996999741,80.1697998047,56720,56730,10
13.0995798111,80.1697006226,56730,56740,10
13.0993995667,80.1698989868,56740,57830,1090
13.0993299484,80.1701278687,57830,57870,40
13.0993299484,80.1701278687,57870,57880,10
13.0991096497,80.1702575684,57880,57890,10
13.098859787,80.1702194214,57890,57901,11
13.0981302261,80.170173645,57901,57911,10
13.0972604752,80.1701278687,57911,57921,10
13.0961503983,80.1700592041,57921,57931,10
13.0951900482,80.1699981689,57931,57941,10
13.0949296951,80.1699676514,57941,57951,10
13.094619751,80.169960022,57951,57961,10
13.0942497253,80.1699295044,57961,57971,10
13.093629837,80.169921875,57971,57981,10
13.0928401947,80.169883728,57981,57991,10
13.0918397903,80.1697998047,57991,58001,10
13.0909404755,80.1697311401,58001,58012,11
13.089799881,80.1696395874,58012,58022,10
13.0890197754,80.1695709229,58022,58072,50
13.0890197754,80.1695709229,58072,58082,10
13.0887403488,80.1695785522,58082,58092,10
13.0886697769,80.1701126099,58092,58102,10
13.0886497498,80.1709823608,58102,58111,9
13.0885801315,80.1719665527,58111,58133,22
13.0885801315,80.1719665527,58133,58143,10
13.0885696411,80.1721115112,58143,58153,10
13.088549614,80.1726837158,58153,58163,10
13.08852005,80.1735229492,58163,58173,10
13.0884599686,80.1745681763,58173,58183,10
13.0883598328,80.1757507324,58183,58193,10
13.0882797241,80.1769485474,58193,58203,10
13.0882701874,80.1776199341,58203,58213,10
13.0882797241,80.1783905029,58213,58223,10
13.0882701874,80.1785964966,58223,58234,11
13.0882797241,80.1789016724,58234,58244,10
13.0882797241,80.1791305542,58244,58254,10
13.0882701874,80.179397583,58254,58264,10
13.0882301331,80.1798477173,58264,58274,10
13.0882196426,80.1804504395,58274,58284,10
13.0881996155,80.181137085,58284,58294,10
13.0881700516,80.181930542,58294,58304,10
13.0881700516,80.1823806763,58304,58314,10
13.0881500244,80.1829071045,58314,58324,10
13.088139534,80.1836929321,58324,58334,10
13.0880804062,80.1846466064,58334,58345,11
13.0880203247,80.1854095459,58345,58355,10
13.08796978,80.186088562,58355,58365,10
13.0879297256,80.1869812012,58365,58375,10
13.0878801346,80.187789917,58375,58385,10
13.0878801346,80.1881866455,58385,58395,10
13.087849617,80.1887817383,58395,58405,10
13.087849617,80.1895370483,58405,58415,10
13.0878400803,80.1898422241,58415,58425,10
13.0878000259,80.1900024414,58425,58435,10
13.0877304077,80.1904907227,58435,58445,10
13.0876398087,80.1911392212,58445,58456,11
13.0874795914,80.1920700073,58456,58466,10
13.087389946,80.1929168701,58466,58476,10
13.0873498917,80.1937026978,58476,58486,10
13.0873203278,80.1946105957,58486,58496,10
13.0873098373,80.1953964233,58496,58506,10
13.0872802734,80.1960601807,58506,58516,10
13.0872497559,80.1968994141,58516,58526,10
13.0872402191,80.1977005005,58526,58536,10
13.0873298645,80.1982269287,58536,58546,10
13.0874300003,80.1984634399,58546,58556,10
13.087679863,80.1985168457,58556,58567,11
13.0882396698,80.1984329224,58567,58577,10
13.0887403488,80.198348999,58577,58587,10
13.0893001556,80.1984710693,58587,58597,10
13.0899095535,80.1984863281,58597,58607,10
13.0906400681,80.1985473633,58607,58617,10
13.0911998749,80.1986236572,58617,58627,10
13.0916795731,80.1986999512,58627,58637,10
13.0923404694,80.1986999512,58637,58647,10
13.0927696228,80.1987075806,58647,58657,10
13.093000412,80.1988220215,58657,58667,10
13.0929603577,80.1991882324,58667,58678,11
13.0929002762,80.1999664307,58678,58688,10
13.0929098129,80.200340271,58688,58698,10
13.0928602219,80.2005996704,58698,58708,10
13.0925798416,80.200630188,58708,58718,10
13.0919599533,80.200592041,58718,58728,10
13.0910797119,80.2005767822,58728,58738,10
13.0902900696,80.200592041,58738,58748,10
13.0894002914,80.2005615234,58748,58758,10
13.0883598328,80.2004928589,58758,58768,10
13.0874795914,80.2004394531,58768,58777,9
13.0870199203,80.2004165649,58777,58789,12
13.0862598419,80.2004013062,58789,58799,10
13.0858001709,80.2003936768,58799,58809,10
13.0855998993,80.2003707886,58809,58819,10
13.0854101181,80.2003631592,58819,58829,10
13.0852899551,80.2000808716,58829,58839,10
13.0853004456,80.19947052,58839,58849,10
13.0852804184,80.1988601685,58849,58859,10
13.0850896835,80.1987075806,58859,58869,10
13.0846595764,80.198677063,58869,58879,10
13.0841598511,80.1986694336,58879,58890,11
13.0832996368,80.1986999512,58890,58920,30
13.0832996368,80.1986999512,58920,58930,10
13.0831403732,80.1986999512,58930,58940,10
13.0828199387,80.1986923218,58940,58950,10
13.0822896957,80.1986923218,58950,58960,10
13.0816898346,80.1986999512,58960,58970,10
13.0810203552,80.1986694336,58970,58980,10
13.0803003311,80.1987228394,58980,58990,10
13.0794496536,80.1987991333,58990,59001,11
13.078499794,80.1988830566,59001,59011,10
13.0774898529,80.1989974976,59011,59021,10
13.0763301849,80.1991424561,59021,59031,10
13.0753297806,80.1993179321,59031,59041,10
13.0745096207,80.19972229,59041,59051,10
13.0738601685,80.2002716064,59051,59061,10
13.0733203888,80.2009735107,59061,59071,10
13.072719574,80.2016906738,59071,59081,10
13.0723199844,80.2021636963,59081,59091,10
13.0717802048,80.2027206421,59091,59101,10
13.0711402893,80.2034606934,59101,59110,9
13.0704498291,80.204246521,59110,59122,12
13.0699596405,80.2049484253,59122,59132,10
13.0697603226,80.2050323486,59132,59142,10
13.0693397522,80.2048721313,59142,59152,10
13.0690603256,80.2052230835,59152,59162,10
13.0687398911,80.2054519653,59162,59172,10
13.0683403015,80.2054672241,59172,59212,40
13.0683403015,80.2054672241,59212,59222,10
13.0681800842,80.2054367065,59222,59233,11
13.0679998398,80.205368042,59233,59243,10
13.0679798126,80.2053375244,59243,59253,10
13.0680398941,80.2051696777,59253,59263,10
13.0682897568,80.2050018311,59263,59273,10
13.0684700012,80.2049407959,59273,59283,10
13.0685796738,80.2049179077,59283,59293,10
13.0687398911,80.2048416138,59293,59303,10
13.0688800812,80.204788208,59303,59313,10
13.0692796707,80.204750061,59313,59323,10
13.0694904327,80.2047805786,59323,59332,9
13.0697698593,80.2052764893,59332,59344,12
13.0697698593,80.2052764893,59344,59354,10
13.0693702698,80.2059402466,59354,59363,9
13.0688800812,80.206703186,59363,59374,11
13.0682096481,80.2077789307,59374,59384,10
13.0675201416,80.2088394165,59384,59394,10
13.0666503906,80.2099609375,59394,59404,10
13.0656900406,80.2107620239,59404,59414,10
13.0649499893,80.2113571167,59414,59424,10
13.0647497177,80.2115097046,59424,59434,10
13.0642499924,80.2116928101,59434,59515,81
13.0639200211,80.2116928101,59515,59656,141
13.0639200211,80.2116928101,59656,59667,11
13.0635004044,80.2117614746,59667,59677,10
13.0628700256,80.2117919922,59677,59687,10
13.0620498657,80.2117614746,59687,59696,9
13.0608501434,80.2117614746,59696,59707,11
13.0594396591,80.2116622925,59707,59717,10
13.0583095551,80.2116394043,59717,59727,10
13.0575399399,80.2116622925,59727,59737,10
13.057299614,80.2116394043,59737,59747,10
13.0566396713,80.2116012573,59747,59757,10
13.0556898117,80.2115631104,59757,59767,10
13.0548400879,80.211517334,59767,59778,11
13.054479599,80.2116012573,59778,59788,10
13.0538101196,80.2117385864,59788,59798,10
13.0529003143,80.2119674683,59798,59808,10
13.0518598557,80.2122573853,59808,59818,10
13.0509595871,80.2122116089,59818,59828,10
13.0500297546,80.2121734619,59828,59838,10
13.0496101379,80.2121810913,59838,59848,10
13.049539566,80.2121810913,59848,59858,10
13.0493803024,80.2121505737,59858,59868,10
13.0488300323,80.2121582031,59868,59877,9
13.0481500626,80.2122268677,59877,59889,12
13.0469102859,80.2123413086,59889,59899,10
13.0458402634,80.2123794556,59899,59909,10
13.0449104309,80.2124328613,59909,59949,40
13.0449104309,80.2124328613,59949,59959,10
13.0445995331,80.2124404907,59959,59969,10
13.0440797806,80.2124099731,59969,59979,10
13.0432596207,80.2124176025,59979,59989,10
13.0423002243,80.2124099731,59989,60000,11
13.0411300659,80.2124404907,60000,60010,10
13.0401601791,80.2124023438,60010,60020,10
13.0391302109,80.2124099731,60020,60030,10
13.0376596451,80.2124099731,60030,60080,50
13.0374097824,80.2123794556,60080,60100,20
13.0374097824,80.2123794556,60100,60111,11
13.0372896194,80.2123413086,60111,60121,10
13.0367202759,80.212348938,60121,60131,10
13.0358200073,80.2123336792,60131,60141,10
13.0348596573,80.2122421265,60141,60151,10
13.0341596603,80.2121429443,60151,60161,10
13.0340595245,80.2121200562,60161,60171,10
13.0337095261,80.212059021,60171,60181,10
13.0331001282,80.2119216919,60181,60191,10
13.0323801041,80.2117919922,60191,60201,10
13.0319795609,80.2114868164,60201,60211,10
13.0320796967,80.2108078003,60211,60222,11
13.0321302414,80.2099533081,60222,60232,10
13.0317001343,80.2095565796,60232,60242,10
13.0308504105,80.2092590332,60242,60252,10
13.0298299789,80.208946228,60252,60262,10
13.0295295715,80.208946228,60262,60272,10
13.0293998718,80.2089385986,60272,60282,10
13.0289001465,80.2088165283,60282,60292,10
13.0280399323,80.2085113525,60292,60302,10
13.0271100998,80.2080307007,60302,60312,10
13.0260696411,80.2073974609,60312,60322,10
13.0247497559,80.2069625854,60322,60333,11
13.024140358,80.2068481445,60333,60343,10
13.0238599777,80.2067718506,60343,60353,10
13.0232601166,80.2065734863,60353,60363,10
13.0222702026,80.2065200806,60363,60373,10
13.0214195251,80.206489563,60373,60383,10
13.0204401016,80.2064819336,60383,60393,10
13.0193004608,80.2063827515,60393,60403,10
13.0189304352,80.2062911987,60403,60413,10
13.0187397003,80.2062072754,60413,60423,10
13.0181398392,80.2059707642,60423,60433,10
13.0175304413,80.2057266235,60433,60444,11
13.0167198181,80.205368042,60444,60454,10
13.0156002045,80.2050323486,60454,60464,10
13.0144901276,80.2045593262,60464,60474,10
13.013710022,80.2043914795,60474,60484,10
13.0135602951,80.2046813965,60484,60494,10
13.0134000778,80.2052230835,60494,60504,10
13.0132303238,80.2058334351,60504,60514,10
13.0130701065,80.2064285278,60514,60524,10
13.0130300522,80.2071914673,60524,60534,10
13.0129404068,80.2077178955,60534,60544,10
13.0128803253,80.2081680298,60544,60555,11
13.0128602982,80.2086410522,60555,60565,10
13.0129404068,80.2091293335,60565,60575,10
13.0131902695,80.2097320557,60575,60585,10
13.0131902695,80.2103118896,60585,60595,10
13.0130300522,80.2110290527,60595,60605,10
13.0125999451,80.2118301392,60605,60615,10
13.0121603012,80.2124710083,60615,60625,10
13.0118999481,80.2127609253,60625,60635,10
13.0116996765,80.2127990723,60635,60645,10
13.0114402771,80.212562561,60645,60655,10
13.0108995438,80.2121887207,60655,60666,11
13.0101499557,80.2115936279,60666,60676,10
13.0096902847,80.211227417,60676,60726,50
13.0096902847,80.211227417,60726,60736,10
13.0094203949,80.2110290527,60736,60746,10
13.0092601776,80.2112121582,60746,60756,10
13.0090398788,80.2115631104,60756,60765,9
13.0091695786,80.2120513916,60765,60777,12
13.0094604492,80.212928772,60777,60787,10
13.0097398758,80.2136383057,60787,60797,10
13.0100603104,80.2144317627,60797,60807,10
13.010219574,80.2152633667,60807,60817,10
13.0104904175,80.2161712646,60817,60827,10
13.0109901428,80.2172622681,60827,60837,10
13.0114603043,80.218421936,60837,60847,10
13.0118398666,80.2195587158,60847,60857,10
13.0121498108,80.2205810547,60857,60867,10
13.0124197006,80.2214889526,60867,60877,10
13.0128898621,80.2221984863,60877,60888,11
13.0136604309,80.2230987549,60888,60898,10
13.0141096115,80.2236785889,60898,60908,10
13.0146598816,80.2242965698,60908,60918,10
13.0152597427,80.2250213623,60918,60928,10
13.0154495239,80.225440979,60928,60938,10
13.0152797699,80.2258071899,60938,60948,10
13.0147199631,80.2260437012,60948,60958,10
13.0139799118,80.2263183594,60958,60968,10
13.0131797791,80.2266311646,60968,60978,10
13.0122804642,80.2269897461,60978,60988,10
13.0111999512,80.2274169922,60988,60999,11
13.010140419,80.2278366089,60999,61009,10
13.0096197128,80.2278518677,61009,61019,10
13.0095996857,80.2273864746,61019,61029,10
13.0098600388,80.226852417,61029,61039,10
13.010140419,80.2261428833,61039,61049,10
13.0103797913,80.225479126,61049,61059,10
13.01060009,80.2249908447,61059,61069,10
13.0108003616,80.2246017456,61069,61079,10
13.0109996796,80.2240829468,61079,61089,10
13.0112495422,80.2234420776,61089,61099,10
13.011179924,80.2231292725,61099,61110,11
13.0105600357,80.2228088379,61110,61120,10
13.0097999573,80.2224121094,61120,61130,10
13.0089502335,80.2219619751,61130,61140,10
13.0080795288,80.2215194702,61140,61150,10
13.0072202682,80.2210464478,61150,61160,10
13.0065603256,80.2207336426,61160,61170,10
13.0057096481,80.2204971313,61170,61180,10
13.0048398972,80.2202911377,61180,61190,10
13.004070282,80.2200775146,61190,61200,10
13.0033597946,80.2199401855,61200,61210,10
13.0026702881,80.2196426392,61210,61221,11
13.0019702911,80.2190093994,61221,61231,10
13.0014295578,80.2184906006,61231,61241,10
13.0009298325,80.2181167603,61241,61251,10
13.0004901886,80.2178726196,61251,61261,10
12.9999198914,80.2174987793,61261,61271,10
12.9991798401,80.217086792,61271,61281,10
12.9983997345,80.2167282104,61281,61291,10
12.9975700378,80.2165374756,61291,61301,10
12.9973402023,80.216506958,61301,61311,10
12.997179985,80.2165527344,61311,61320,9
12.9968395233,80.2165374756,61320,61332,12
12.9962396622,80.2166213989,61332,61342,10
12.9954996109,80.2168273926,61342,61352,10
12.9949598312,80.2171325684,61352,61362,10
12.99477005,80.2172470093,61362,61372,10
12.9943199158,80.2175827026,61372,61382,10
12.9937696457,80.2179870605,61382,61392,10
12.9930696487,80.2184906006,61392,61402,10
12.9923000336,80.2190704346,61402,61412,10
12.9916496277,80.2195205688,61412,61422,10
12.9916095734,80.219543457,61422,61432,10
12.9912796021,80.2195587158,61432,61443,11
12.9905395508,80.219291687,61443,61453,10
12.9896202087,80.2189788818,61453,61463,10
12.9885702133,80.2185897827,61463,61473,10
12.987660408,80.2183990479,61473,61483,10
12.9870500565,80.2182922363,61483,61493,10
12.986700058,80.2182312012,61493,61503,10
12.986120224,80.2181015015,61503,61513,10
12.9850702286,80.2179489136,61513,61523,10
12.9841804504,80.2179794312,61523,61533,10
12.9835300446,80.2179489136,61533,61543,10
12.982629776,80.2179718018,61543,61554,11
12.9814596176,80.2180480957,61554,61564,10
12.9806098938,80.2183227539,61564,61574,10
12.9799003601,80.2185897827,61574,61584,10
12.9792098999,80.2189025879,61584,61594,10
12.9787197113,80.2191314697,61594,61604,10
12.9780702591,80.2193908691,61604,61614,10
12.977230072,80.2197418213,61614,61624,10
12.9761400223,80.2202072144,61624,61705,81
12.9761400223,80.2202072144,61705,61715,10
12.9759998322,80.2202377319,61715,61725,10
12.9759302139,80.2202682495,61725,61735,10
12.9757299423,80.2203521729,61735,61745,10
12.975520134,80.2205429077,61745,61755,10
12.9756202698,80.2208633423,61755,62250,495
12.9760303497,80.2211837769,62250,62815,565
12.9760303497,80.2211837769,62815,62825,10
12.9763202667,80.2213134766,62825,62835,10
12.9765100479,80.221282959,62835,62845,10
12.9768104553,80.2212600708,62845,62855,10
12.9773197174,80.2212600708,62855,62865,10
12.9779195786,80.2212371826,62865,62874,9
12.97838974,80.2211837769,62874,62886,12
12.9792404175,80.2211380005,62886,62896,10
12.9798898697,80.2210693359,62896,62906,10
12.9805002213,80.220993042,62906,62916,10
12.9810600281,80.2210693359,62916,62926,10
12.9815196991,80.2212600708,62926,62936,10
12.9819097519,80.2215423584,62936,62946,10
12.9823799133,80.2217483521,62946,62956,10
12.982749939,80.2218780518,62956,62966,10
12.9829797745,80.2219772339,62966,62976,10
12.9831695557,80.2220916748,62976,62986,10
12.9834403992,80.2222824097,62986,62997,11
12.9838104248,80.2225189209,62997,63007,10
12.9843196869,80.2228164673,63007,63017,10
12.9848098755,80.2231063843,63017,63027,10
12.9853000641,80.2232666016,63027,63037,10
12.9855899811,80.2231063843,63037,63047,10
12.9859800339,80.2229690552,63047,63057,10
12.9864797592,80.2229614258,63057,63067,10
12.9865903854,80.2229690552,63067,63077,10
12.9869403839,80.2230300903,63077,63087,10
12.9874401093,80.2230834961,63087,63097,10
12.9880104065,80.2228164673,63097,63108,11
12.9886598587,80.2222900391,63108,63118,10
12.989109993,80.2216873169,63118,63128,10
12.9893903732,80.2214813232,63128,63138,10
12.9897203445,80.2209091187,63138,63148,10
12.9903202057,80.2204208374,63148,63158,10
12.9907102585,80.2200927734,63158,63168,10
12.9912004471,80.2197418213,63168,63178,10
12.9915304184,80.2195129395,63178,63188,10
12.9919099808,80.2192001343,63188,63198,10
12.992480278,80.21875,63198,63209,11
12.9933300018,80.2181625366,63209,63219,10
12.9939699173,80.2177124023,63219,63229,10
12.9943399429,80.2174911499,63229,63239,10
12.9946699142,80.2172393799,63239,63249,10
12.995059967,80.2169876099,63249,63259,10
12.9955396652,80.2167282104,63259,63269,10
12.9961795807,80.2165527344,63269,63279,10
12.9966897964,80.2164611816,63279,63289,10
12.9972200394,80.2163696289,63289,63299,10
12.9974899292,80.2160568237,63299,63309,10
12.9976196289,80.2160110474,63309,63320,11
12.998000145,80.2156524658,63320,63330,10
12.9983997345,80.2151565552,63330,63340,10
12.9990301132,80.2147216797,63340,63350,10
12.9993000031,80.2144775391,63350,63360,10
12.9998197556,80.2140884399,63360,63370,10
13.0003404617,80.2136383057,63370,63380,10
13.0008897781,80.2131576538,63380,63390,10
13.0013799667,80.2127609253,63390,63400,10
13.0020103455,80.2123718262,63400,63410,10
13.0024595261,80.2121429443,63410,63419,9
13.0029296875,80.2120513916,63419,63431,12
13.003569603,80.2119674683,63431,63441,10
13.0036802292,80.2117385864,63441,63451,10
13.0036401749,80.2111663818,63451,63461,10
13.003569603,80.2105484009,63461,63471,10
13.0034999847,80.2099533081,63471,63481,10
13.0035295486,80.2093734741,63481,63491,10
13.0037097931,80.2087173462,63491,63501,10
13.0043802261,80.2088165283,63501,63511,10
13.0052604675,80.2092132568,63511,63521,10
13.0061798096,80.2095413208,63521,63531,10
13.0069303513,80.2097473145,63531,63542,11
13.0074796677,80.2098388672,63542,63562,20
13.0074796677,80.2098388672,63562,63572,10
13.0076198578,80.2098922729,63572,63582,10
13.0080003738,80.2099685669,63582,63592,10
13.0081195831,80.2097015381,63592,63602,10
13.0079898834,80.2090682983,63602,63612,10
13.0078697205,80.2082290649,63612,63622,10
13.0077400208,80.2074890137,63622,63632,10
13.0076904297,80.2070465088,63632,63641,9
13.0075998306,80.206489563,63641,63653,12
13.0074996948,80.2055664063,63653,63663,10
13.0075101852,80.2048721313,63663,63673,10
13.007519722,80.204246521,63673,63683,10
13.0074396133,80.2035369873,63683,63693,10
13.0072002411,80.2026672363,63693,63703,10
13.0065498352,80.2027816772,63703,63713,10
13.006819725,80.2033691406,63713,63723,10
13.0074300766,80.203666687,63723,63733,10
13.008190155,80.2037506104,63733,63743,10
13.0092201233,80.2036895752,63743,63752,9
13.0102901459,80.2036590576,63752,63764,12
13.0118598938,80.2037811279,63764,63774,10
13.0129699707,80.2040100098,63774,63784,10
13.0138196945,80.2043075562,63784,63794,10
13.0145998001,80.2045822144,63794,63804,10
13.0154895782,80.2049026489,63804,63814,10
13.0160303116,80.2051086426,63814,63824,10
13.0163002014,80.2050476074,63824,63834,10
13.0164299011,80.2050323486,63834,63844,10
13.0167198181,80.2051391602,63844,63854,10
13.0169200897,80.2053070068,63854,63864,10
13.0171604156,80.2054367065,63864,63875,11
13.0176801682,80.2055892944,63875,63885,10
13.018699646,80.2059707642,63885,63915,30
13.018699646,80.2059707642,63915,63925,10
13.0191001892,80.2061233521,63925,63935,10
13.0197095871,80.2062606812,63935,63945,10
13.0206098557,80.2062835693,63945,63955,10
13.0213699341,80.2062835693,63955,63965,10
13.0218000412,80.2062835693,63965,63975,10
13.0219802856,80.2062683105,63975,63986,11
13.0229301453,80.2065200806,63986,63996,10
13.023900032,80.2066268921,63996,64006,10
13.024310112,80.2067337036,64006,64016,10
13.024479866,80.2067489624,64016,64026,10
13.024939537,80.2068481445,64026,64036,10
13.0257501602,80.2071304321,64036,64046,10
13.0266504288,80.2076797485,64046,64056,10
13.0274801254,80.2081832886,64056,64066,10
13.0283002853,80.2085418701,64066,64076,10
13.0288496017,80.2087097168,64076,64085,9
13.0293798447,80.2087631226,64085,64127,42
13.0293798447,80.2087631226,64127,64137,10
13.0298500061,80.2088623047,64137,64147,10
13.0303001404,80.2089996338,64147,64157,10
13.0307798386,80.2091369629,64157,64167,10
13.0315198898,80.2093734741,64167,64177,10
13.0316696167,80.2094192505,64177,64187,10
13.031829834,80.2094421387,64187,64197,10
13.0323295593,80.2095336914,64197,64208,11
13.0331897736,80.2097015381,64208,64218,10
13.0340299606,80.2098999023,64218,64228,10
13.0348501205,80.2100830078,64228,64238,10
13.0349798203,80.2104110718,64238,64248,10
13.0349702835,80.2108612061,64248,64258,10
13.0349998474,80.2112197876,64258,64278,20
13.0349998474,80.2112197876,64278,64288,10
13.0349597931,80.21144104,64288,64298,10
13.0348997116,80.2117233276,64298,64308,10
13.0348796844,80.2120285034,64308,64319,11
13.0352096558,80.2122192383,64319,64329,10
13.0356702805,80.2122573853,64329,64339,10
13.0360603333,80.212272644,64339,64349,10
13.0362596512,80.2122879028,64349,64359,10
13.0366001129,80.2122802734,64359,64369,10
13.0369701385,80.212272644,64369,64379,10
13.0372896194,80.2122573853,64379,64389,10
13.0378303528,80.2122573853,64389,64399,10
13.038599968,80.2122497559,64399,64409,10
13.0394601822,80.2122268677,64409,64419,10
13.0398797989,80.2121200562,64419,64430,11
13.0402297974,80.2119293213,64430,64440,10
13.041179657,80.2118988037,64440,64450,10
13.042309761,80.2119979858,64450,64460,10
13.0434398651,80.2122497559,64460,64551,91
13.0434398651,80.2122497559,64551,64561,10
13.0438098907,80.2123184204,64561,64571,10
13.0439195633,80.2123413086,64571,64581,10
13.0442800522,80.2123336792,64581,64591,10
13.0448904037,80.2123184204,64591,64601,10
13.0456695557,80.2122802734,64601,64611,10
13.0465602875,80.2122573853,64611,64621,10
13.0474700928,80.2121429443,64621,64631,10
13.0482301712,80.2120132446,64631,64652,21
13.0482301712,80.2120132446,64652,64662,10
13.0485696793,80.212020874,64662,64672,10
13.0490503311,80.2119522095,64672,64813,141
13.0490503311,80.2119522095,64813,64823,10
13.0494604111,80.2119293213,64823,64833,10
13.0496797562,80.2118682861,64833,64843,10
13.0499601364,80.2118606567,64843,64853,10
13.0502500534,80.2118988037,64853,64864,11
13.0504999161,80.2119369507,64864,64874,10
13.0505895615,80.2119598389,64874,64884,10
13.050860405,80.2119293213,64884,64894,10
13.0511903763,80.211807251,64894,64904,10
13.0518503189,80.2115631104,64904,64914,10
13.0530700684,80.2113800049,64914,64924,10
13.0540895462,80.2113037109,64924,64934,10
13.0552797318,80.2113723755,64934,64944,10
13.0562400818,80.2113876343,64944,64954,10
13.0571298599,80.2114028931,64954,64964,10
13.0577001572,80.2113800049,64964,64974,10
13.0577201843,80.2113571167,64974,64985,11
13.0581197739,80.2113723755,64985,64995,10
13.0586900711,80.2114105225,64995,65005,10
13.0594902039,80.211479187,65005,65015,10
13.0602703094,80.2114868164,65015,65025,10
13.0612297058,80.2115325928,65025,65035,10
13.062040329,80.2115325928,65035,65045,10
13.0629796982,80.2115783691,65045,65055,10
13.0630197525,80.2115402222,65055,65065,10
13.063369751,80.2114486694,65065,65116,51
13.063369751,80.2114486694,65116,65126,10
13.0636396408,80.2114562988,65126,65136,10
13.0640802383,80.2114486694,65136,65146,10
13.0646295547,80.2112503052,65146,65156,10
13.0653095245,80.2108535767,65156,65166,10
13.0659999847,80.210357666,65166,65176,10
13.0666103363,80.209777832,65176,65186,10
13.0671100616,80.2089996338,65186,65197,11
13.0675001144,80.2081222534,65197,65207,10
13.0679397583,80.2071914673,65207,65217,10
13.0687704086,80.206413269,65217,65227,10
13.0694303513,80.2054672241,65227,65247,20
13.0694303513,80.2054672241,65247,65257,10
13.069560051,80.2052383423,65257,65267,10
13.0696697235,80.2049331665,65267,65277,10
13.0693101883,80.2048568726,65277,65287,10
13.0689897537,80.2052688599,65287,65297,10
13.0687799454,80.2049789429,65297,65348,51
13.0687799454,80.2049789429,65348,65358,10
13.0687999725,80.2048416138,65358,65368,10
13.0690603256,80.2047119141,65368,65378,10
13.0693597794,80.204750061,65378,65398,20
13.0693597794,80.204750061,65398,65408,10
13.0695495605,80.2047805786,65408,65419,11
13.0698204041,80.2048416138,65419,65429,10
13.0700902939,80.2045516968,65429,65439,10
13.0705499649,80.2040023804,65439,65449,10
13.0710697174,80.2033691406,65449,65459,10
13.0714101791,80.2030410767,65459,65550,91
13.0714101791,80.2030410767,65550,65560,10
13.0717000961,80.2027435303,65560,65570,10
13.0718898773,80.2024993896,65570,65580,10
13.072019577,80.202331543,65580,65590,10
13.0721597672,80.2021865845,65590,65600,10
13.0723495483,80.2019882202,65600,65610,10
13.0725698471,80.2017288208,65610,65620,10
13.072719574,80.2015304565,65620,65630,10
13.0727796555,80.2014694214,65630,65641,11
13.0729503632,80.2012634277,65641,65651,10
13.073220253,80.200958252,65651,65661,10
13.0735702515,80.2005386353,65661,65671,10
13.0739498138,80.2000732422,65671,65681,10
13.0741500854,80.1998062134,65681,65691,10
13.0742702484,80.1996917725,65691,65701,10
13.0745096207,80.1994476318,65701,65711,10
13.0745601654,80.1993789673,65711,65721,10
13.0747499466,80.1992492676,65721,65731,10
13.0752496719,80.1990890503,65731,65741,10
13.0759401321,80.1990585327,65741,65752,11
13.0768299103,80.1990127563,65752,65762,10
13.0773897171,80.19896698,65762,65772,10
13.0780696869,80.1988830566,65772,65782,10
13.0788602829,80.1987686157,65782,65792,10
13.0796699524,80.1987075806,65792,65802,10
13.0803203583,80.1986465454,65802,65812,10
13.0809602737,80.1986083984,65812,65822,10
13.0812902451,80.198600769,65822,65832,10
13.0812997818,80.198600769,65832,65842,10
13.0814695358,80.198600769,65842,65852,10
13.0814800262,80.198600769,65852,65861,9
13.0815696716,80.198600769,65861,65874,13
13.0818395615,80.1985778809,65874,65884,10
13.0822200775,80.1985321045,65884,65894,10
13.0824403763,80.1984863281,65894,65904,10
13.0829000473,80.1985092163,65904,65944,40
13.0829000473,80.1985092163,65944,65954,10
13.0833301544,80.1985168457,65954,65975,21
13.0833301544,80.1985168457,65975,65985,10
13.0836896896,80.1985092163,65985,65995,10
13.0838899612,80.1985015869,65995,66005,10
13.0840797424,80.1984786987,66005,66015,10
13.0843601227,80.1984786987,66015,66025,10
13.0845804214,80.1984863281,66025,66035,10
13.0848302841,80.1984786987,66035,66045,10
13.0851297379,80.1984710693,66045,66055,10
13.085439682,80.1984481812,66055,66065,10
13.0857400894,80.1984100342,66065,66075,10
13.0860900879,80.198387146,66075,66086,11
13.0865001678,80.1984710693,66086,66096,10
13.0867700577,80.1984786987,66096,66106,10
13.0869703293,80.1983566284,66106,66116,10
13.0870599747,80.1979675293,66116,66146,30
13.0870599747,80.1979675293,66146,66156,10
13.0871400833,80.1976089478,66156,66166,10
13.0871696472,80.1969833374,66166,66176,10
13.0872001648,80.1962432861,66176,66186,10
13.0871801376,80.1957168579,66186,66197,11
13.0872097015,80.1953735352,66197,66207,10
13.0872297287,80.1947174072,66207,66217,10
13.0872497559,80.1939163208,66217,66227,10
13.0872297287,80.1930770874,66227,66247,20
13.0872297287,80.1930770874,66247,66257,10
13.0872602463,80.1929626465,66257,66267,10
13.0872898102,80.1927185059,66267,66277,10
13.0873603821,80.1923065186,66277,66287,10
13.087439537,80.19165802,66287,66296,9
13.0875396729,80.1909484863,66296,66308,12
13.087679863,80.1899490356,66308,66318,10
13.0877199173,80.1889266968,66318,66338,20
13.0877199173,80.1889266968,66338,66348,10
13.0877504349,80.1885681152,66348,66378,30
13.0877504349,80.1885681152,66378,66388,10
13.0877599716,80.1883392334,66388,66398,10
13.0878095627,80.1877975464,66398,66409,11
13.0878295898,80.1869888306,66409,66419,10
13.0878601074,80.186088562,66419,66429,10
13.0878801346,80.1854095459,66429,66439,10
13.0879402161,80.184677124,66439,66449,10
13.0879602432,80.1838607788,66449,66459,10
13.0879898071,80.1828689575,66459,66469,10
13.0880203247,80.1823196411,66469,66479,10
13.088060379,80.1816482544,66479,66489,10
13.0881099701,80.1808013916,66489,66499,10
13.088060379,80.1797790527,66499,66530,31
13.088060379,80.1797790527,66530,66540,10
13.088139534,80.1795730591,66540,66550,10
13.0881299973,80.1792678833,66550,66560,10
13.0881299973,80.1790390015,66560,66570,10
13.088139534,80.1789779663,66570,66580,10
13.0881299973,80.1785583496,66580,66590,10
13.0881500244,80.1778182983,66590,66600,10
13.0881204605,80.1772613525,66600,66610,10
13.0881700516,80.1767730713,66610,66620,10
13.0882301331,80.1759872437,66620,66631,11
13.0882902145,80.1751098633,66631,66641,10
13.0882997513,80.1748428345,66641,66651,10
13.0883598328,80.1743087769,66651,66661,10
13.0884199142,80.1735916138,66661,66671,10
13.0884799957,80.1727600098,66671,66681,10
13.0885000229,80.1719818115,66681,66691,10
13.0885000229,80.1719436646,66691,66701,10
13.08852005,80.1717376709,66701,66711,10
13.088549614,80.171257019,66711,66721,10
13.0886001587,80.1704788208,66721,66782,61
13.0886001587,80.1704788208,66782,66792,10
13.0886602402,80.170249939,66792,66802,10
13.088640213,80.1698608398,66802,66812,10
13.0888700485,80.1695404053,66812,66822,10
13.0894002914,80.1696014404,66822,66832,10
13.0901002884,80.1696395874,66832,66841,9
13.0908098221,80.1696929932,66841,66853,12
13.0915002823,80.1697387695,66853,66863,10
13.0919103622,80.1697463989,66863,66873,10
13.0926103592,80.1698074341,66873,66883,10
13.0933599472,80.1698608398,66883,66893,10
13.0940799713,80.1698303223,66893,66903,10
13.0945901871,80.1698608398,66903,66913,10
13.094619751,80.1698684692,66913,66923,10
13.0948801041,80.169921875,66923,66933,10
13.095199585,80.169960022,66933,66943,10
13.0958003998,80.1700134277,66943,66953,10
13.096619606,80.1700515747,66953,66964,11
13.0975399017,80.1700973511,66964,66974,10
13.0983695984,80.1701431274,66974,66984,10
13.0992002487,80.1701812744,66984,66994,10
13.0996599197,80.1700363159,66994,67064,70
13.0996599197,80.1700363159,67064,67075,11
13.099650383,80.1697387695,67075,67115,40
13.099650383,80.1697387695,67115,67125,10
13.0993900299,80.1697311401,67125,68063,938
13.0993003845,80.1700592041,68063,68144,81
13.0993003845,80.1700592041,68144,68154,10
13.09897995,80.1702423096,68154,68164,10
13.0984897614,80.1701965332,68164,68174,10
13.097990036,80.170173645,68174,68185,11
13.0974702835,80.1701431274,68185,68195,10
13.0968399048,80.1701126099,68195,68205,10
13.096159935,80.1700592041,68205,68215,10
13.0955400467,80.1699981689,68215,68225,10
13.0950202942,80.1699905396,68225,68245,20
13.0950202942,80.1699905396,68245,68255,10
13.0946598053,80.1699829102,68255,68265,10
13.0944900513,80.169960022,68265,68275,10
13.0941495895,80.1698684692,68275,68286,11
13.0936698914,80.1698532104,68286,68296,10
13.0931797028,80.1698226929,68296,68306,10
13.0926704407,80.1698303223,68306,68316,10
13.0922002792,80.1698226929,68316,68326,10
13.0916700363,80.1697769165,68326,68336,10
13.0910301208,80.1697235107,68336,68346,10
13.0904102325,80.1696929932,68346,68356,10
13.0898599625,80.1696624756,68356,68366,10
13.0891399384,80.1696090698,68366,68568,202
13.0891399384,80.1696090698,68568,68578,10
13.0887203217,80.1696395874,68578,68629,51
13.0886697769,80.1697387695,68629,68649,20
13.0886697769,80.1697387695,68649,68659,10
13.0886802673,80.169960022,68659,68669,10
13.0886602402,80.1702270508,68669,68679,10
13.0886201859,80.1706771851,68679,68689,10
13.0886201859,80.1711578369,68689,68699,10
13.0885896683,80.1719818115,68699,68719,20
13.0885896683,80.1719818115,68719,68730,11
13.0885601044,80.1722564697,68730,68740,10
13.08852005,80.1726379395,68740,68750,10
13.0885000229,80.1731033325,68750,68760,10
13.0884599686,80.1735916138,68760,68770,10
13.0884304047,80.174118042,68770,68780,10
13.0883998871,80.1746673584,68780,68790,10
13.0883903503,80.1750869751,68790,68800,10
13.0883703232,80.1756820679,68800,68881,81
13.0883703232,80.1756820679,68881,68891,10
13.0883197784,80.1761779785,68891,68901,10
13.0882797241,80.1768188477,68901,68911,10
13.0882501602,80.1775894165,68911,68921,10
13.088259697,80.1783828735,68921,68931,10
13.0882501602,80.1785583496,68931,68941,10
13.0882301331,80.1786880493,68941,68952,11
13.0882396698,80.179359436,68952,68992,40
13.0882396698,80.179359436,68992,69002,10
13.0881500244,80.1794891357,69002,69012,10
13.0881500244,80.179901123,69012,69022,10
13.0881500244,80.1806030273,69022,69032,10
13.0881299973,80.181427002,69032,69042,10
13.0880899429,80.182258606,69042,69052,10
13.088060379,80.1830978394,69052,69062,10
13.0880298615,80.1840667725,69062,69073,11
13.0879802704,80.1852035522,69073,69093,20
13.0879802704,80.1852035522,69093,69103,10
13.0879602432,80.1854400635,69103,69113,10
13.0879402161,80.1858978271,69113,69123,10
13.0879297256,80.1865310669,69123,69133,10
13.0879001617,80.1871871948,69133,69143,10
13.0878696442,80.1877975464,69143,69174,31
13.0878696442,80.1877975464,69174,69184,10
13.0878696442,80.1879425049,69184,69194,10
13.0878601074,80.1883926392,69194,69204,10
13.0878295898,80.1888809204,69204,69214,10
13.0878095627,80.1893005371,69214,69224,10
13.087770462,80.1899108887,69224,69244,20
13.087770462,80.1899108887,69244,69254,10
13.0877199173,80.1902313232,69254,69264,10
13.0876302719,80.1907730103,69264,69274,10
13.0875196457,80.1915130615,69274,69285,11
13.0873699188,80.1926574707,69285,69355,70
13.0873699188,80.1926574707,69355,69365,10
13.0872898102,80.1928405762,69365,69375,10
13.0872898102,80.1931381226,69375,69385,10
13.0872898102,80.1937026978,69385,69396,11
13.087269783,80.1945724487,69396,69406,10
13.0872497559,80.1954116821,69406,69416,10
13.0872297287,80.1963119507,69416,69426,10
13.0872001648,80.1973495483,69426,69436,10
13.0872097015,80.1978302002,69436,69446,10
13.0872097015,80.1980209351,69446,69456,10
13.0872802734,80.1983795166,69456,69466,10
13.0874595642,80.1985092163,69466,69476,10
13.0877799988,80.1985397339,69476,69486,10
13.0884399414,80.1985015869,69486,69496,10
13.0890798569,80.1985015869,69496,69507,11
13.0895004272,80.1984786987,69507,69517,10
13.0901298523,80.1985321045,69517,69527,10
13.0908899307,80.1985931396,69527,69537,10
13.0916500092,80.1986618042,69537,69547,10
13.0923204422,80.1986923218,69547,69557,10
13.0929098129,80.1987228394,69557,69567,10
13.0929498672,80.1991119385,69567,69577,10
13.0929098129,80.1996231079,69577,69587,10
13.092880249,80.2004013062,69587,69606,19
13.092880249,80.2004013062,69606,69618,12
13.0928602219,80.2005004883,69618,69628,10
13.0927400589,80.2006607056,69628,69638,10
13.0922698975,80.2006072998,69638,69648,10
13.0915803909,80.2005767822,69648,69658,10
13.090929985,80.2005691528,69658,69668,10
13.0904502869,80.2006225586,69668,69678,10
13.0898799896,80.2004623413,69678,69688,10
13.0892696381,80.2005081177,69688,69698,10
13.0886297226,80.2004394531,69698,69708,10
13.0879201889,80.2004470825,69708,69719,11
13.0874300003,80.2004394531,69719,69729,10
13.0872602463,80.2004470825,69729,69739,10
13.0868701935,80.2004318237,69739,69749,10
13.0862703323,80.2004013062,69749,69759,10
13.0856895447,80.2003936768,69759,69769,10
13.0854501724,80.2003707886,69769,69779,10
13.0852603912,80.2001495361,69779,69789,10
13.0852804184,80.1997375488,69789,69799,10
13.0852804184,80.1992111206,69799,69809,10
13.085269928,80.1988677979,69809,69819,10
13.0852003098,80.1987609863,69819,69830,11
13.0849103928,80.1987228394,69830,69840,10
13.0843400955,80.1987304688,69840,69850,10
13.0842103958,80.1987228394,69850,69860,10
13.0840196609,80.1987228394,69860,69870,10
13.0835199356,80.1987380981,69870,69941,71
13.0835199356,80.1987380981,69941,69951,10
13.0832300186,80.1986923218,69951,69961,10
13.0829296112,80.198677063,69961,69971,10
13.0826101303,80.1986618042,69971,69981,10
13.0822601318,80.198677063,69981,69991,10
13.0819997787,80.1986923218,69991,70001,10
13.0817604065,80.1986999512,70001,70011,10
13.0815696716,80.198677063,70011,70021,10
13.0810604095,80.198677063,70021,70031,10
13.0803804398,80.1987228394,70031,70041,10
13.0795602798,80.1987991333,70041,70052,11
13.0786895752,80.1988601685,70052,70062,10
13.0778503418,80.1989822388,70062,70072,10
13.076880455,80.1990890503,70072,70082,10
13.0758800507,80.1992111206,70082,70092,10
13.0749197006,80.1994400024,70092,70102,10
13.0742397308,80.1998596191,70102,70112,10
13.0737600327,80.2003479004,70112,70122,10
13.0735797882,80.2006225586,70122,70132,10
13.0735301971,80.2007064819,70132,70142,10
13.0732297897,80.2010421753,70142,70152,10
13.0728797913,80.2014083862,70152,70163,11
13.0725402832,80.2018280029,70163,70173,10
13.0722703934,80.2021408081,70173,70183,10
13.072019577,80.2023925781,70183,70193,10
13.0716104507,80.2028503418,70193,70203,10
13.0710601807,80.2034683228,70203,70213,10
13.0705099106,80.2041091919,70213,70223,10
13.0702199936,80.2044906616,70223,70253,30
13.0702199936,80.2044906616,70253,70263,10
13.0699996948,80.2048187256,70263,70274,11
13.0698299408,80.2050323486,70274,70284,10
13.0695695877,80.2049026489,70284,70294,10
13.0693302155,80.2048568726,70294,70304,10
13.0691003799,80.2051010132,70304,70314,10
13.0688199997,80.2053909302,70314,70324,10
13.0683202744,80.2054672241,70324,70334,10
13.0679502487,80.2053985596,70334,70374,40
13.0679502487,80.2053985596,70374,70385,11
13.0679197311,80.2051773071,70385,70395,10
13.0681800842,80.2049865723,70395,70405,10
13.0685501099,80.2048568726,70405,70415,10
13.0688295364,80.2047805786,70415,70435,20
13.0688295364,80.2047805786,70435,70445,10
13.0691995621,80.2047271729,70445,70455,10
13.0694999695,80.2047729492,70455,70465,10
13.069729805,80.2048797607,70465,70475,10
13.0697898865,80.2052078247,70475,70485,10
13.0694198608,80.2058029175,70485,70496,11
13.0688495636,80.2066802979,70496,70506,10
13.0682601929,80.207611084,70506,70516,10
13.067779541,80.2084274292,70516,70526,10
13.0677099228,80.2085800171,70526,70536,10
13.0675001144,80.2088775635,70536,70546,10
13.0671396255,80.2094192505,70546,70556,10
13.0665903091,80.2100524902,70556,70566,10
13.0658197403,80.2106933594,70566,70576,10
13.0651903152,80.2111968994,70576,70586,10
13.0651302338,80.2112426758,70586,70597,11
13.065030098,80.2112884521,70597,70607,10
13.0646696091,80.2114715576,70607,70617,10
13.063949585,80.2117462158,70617,70677,60
13.063949585,80.2117462158,70677,70687,10
13.0638303757,80.2118377686,70687,70697,10
13.0634698868,80.2117996216,70697,70708,11
13.0627698898,80.211807251,70708,70718,10
13.0621099472,80.211769104,70718,70728,10
13.0614700317,80.211730957,70728,70738,10
13.0607299805,80.2117233276,70738,70748,10
13.059969902,80.2116775513,70748,70758,10
13.0590896606,80.2116470337,70758,70768,10
13.0583095551,80.2116394043,70768,70778,10
13.0576295853,80.2116470337,70778,70788,10
13.057559967,80.2116622925,70788,70798,10
13.0573101044,80.2116622925,70798,70808,10
13.0567703247,80.2116394043,70808,70819,11
13.0559797287,80.2116165161,70819,70829,10
13.0551795959,80.2116165161,70829,70839,10
13.0545396805,80.2115936279,70839,70849,10
13.0542402267,80.2116394043,70849,70859,10
13.0537395477,80.2117462158,70859,70869,10
13.0531301498,80.2118988037,70869,70879,10
13.0524997711,80.2120513916,70879,70889,10
13.0523004532,80.2121429443,70889,70899,10
13.052189827,80.2121734619,70899,70909,10
13.0519199371,80.2122192383,70909,70919,10
13.0515003204,80.212272644,70919,70930,11
13.0510396957,80.2122497559,70930,70940,10
13.0504302979,80.2122192383,70940,71000,60
13.0504302979,80.2122192383,71000,71010,10
13.0501804352,80.2121810913,71010,71020,10
13.0500097275,80.2121887207,71020,71030,10
13.0495500565,80.2122192383,71030,71051,21
13.0495500565,80.2122192383,71051,71061,10
13.0494003296,80.2122192383,71061,71071,10
13.0489997864,80.2122192383,71071,71081,10
13.0485696793,80.2122268677,71081,71091,10
13.0480499268,80.2122573853,71091,71101,10
13.0474100113,80.2123413086,71101,71111,10
13.0468702316,80.212348938,71111,71121,10
13.0464496613,80.2123413086,71121,71131,10
13.0461196899,80.212348938,71131,71141,10
13.0458803177,80.2123794556,71141,71152,11
13.0457201004,80.212387085,71152,71162,10
13.0455799103,80.2124099731,71162,71172,10
13.0453300476,80.2124176025,71172,71353,181
13.0453300476,80.2124176025,71353,71363,10
13.0449104309,80.2124481201,71363,71374,11
13.0443601608,80.2124404907,71374,71384,10
13.0436401367,80.2124176025,71384,71394,10
13.0427904129,80.212387085,71394,71404,10
13.0419597626,80.2124404907,71404,71414,10
13.0409498215,80.2124710083,71414,71424,10
13.0399103165,80.2124633789,71424,71434,10
13.0390701294,80.2124710083,71434,71444,10
13.0387001038,80.2124710083,71444,71454,10
13.0383901596,80.2124633789,71454,71464,10
13.037779808,80.2124710083,71464,71515,51
13.037779808,80.2124710083,71515,71525,10
13.0375099182,80.2124710083,71525,71535,10
13.0370702744,80.2124404907,71535,71545,10
13.0365200043,80.2124023438,71545,71555,10
13.0357999802,80.2124023438,71555,71565,10
13.0354003906,80.2123718262,71565,71575,10
13.0353002548,80.2123565674,71575,71586,11
13.0351696014,80.2123718262,71586,71596,10
13.0348901749,80.2123184204,71596,71606,10
13.0346698761,80.212272644,71606,71616,10
13.0344696045,80.2122116089,71616,71626,10
13.0341701508,80.2121582031,71626,71636,10
13.0341100693,80.2121505737,71636,71646,10
13.0340204239,80.2121582031,71646,71656,10
13.0337896347,80.212097168,71656,71666,10
13.0335197449,80.2119979858,71666,71676,10
13.0329198837,80.2119064331,71676,71686,10
13.0322504044,80.2117919922,71686,71697,11
13.0319900513,80.2113571167,71697,71707,10
13.0320396423,80.2107620239,71707,71717,10
13.0320701599,80.2100219727,71717,71727,10
13.0320100784,80.2096710205,71727,71737,10
13.0318098068,80.2095565796,71737,71747,10
13.0317001343,80.2095336914,71747,71757,10
13.031419754,80.2094573975,71757,71767,10
13.030380249,80.2092437744,71767,71796,29
13.030380249,80.2092437744,71796,71808,12
13.0300598145,80.2091369629,71808,71818,10
13.0294904709,80.2089767456,71818,71838,20
13.0294904709,80.2089767456,71838,71848,10
13.0290498734,80.2088775635,71848,71858,10
13.0284004211,80.2086791992,71858,71868,10
13.0278100967,80.2084503174,71868,71878,10
13.0271501541,80.2080917358,71878,71888,10
13.02643013,80.2076416016,71888,71898,10
13.0256900787,80.2072067261,71898,71908,10
13.0246601105,80.2070007324,71908,71919,11
13.0242500305,80.2069320679,71919,71929,10
13.0239696503,80.2068862915,71929,71939,10
13.0234003067,80.2067337036,71939,71949,10
13.0225801468,80.2066268921,71949,71959,10
13.0217103958,80.20652771,71959,71969,10
13.0210895538,80.2065124512,71969,71979,10
13.0202999115,80.206489563,71979,71989,10
13.0192203522,80.2063903809,71989,72009,20
13.0192203522,80.2063903809,72009,72019,10
13.0188999176,80.2062988281,72019,72030,11
13.0181903839,80.2060470581,72030,72040,10
13.0177602768,80.205909729,72040,72050,10
13.0173397064,80.2057418823,72050,72060,10
13.0171098709,80.2057113647,72060,72070,10
13.0164203644,80.2052993774,72070,72080,10
13.0155601501,80.2051086426,72080,72090,10
13.0146999359,80.2047805786,72090,72100,10
13.014380455,80.2046508789,72100,72110,10
13.013999939,80.2045288086,72110,72120,10
13.0136604309,80.2044525146,72120,72130,10
13.0135097504,80.2046813965,72130,72141,11
13.0134000778,80.2050170898,72141,72151,10
13.0132398605,80.2056121826,72151,72161,10
13.0130500793,80.2063369751,72161,72171,10
13.0129699707,80.2071075439,72171,72181,10
13.0129003525,80.2077178955,72181,72191,10
13.0128498077,80.2081375122,72191,72201,10
13.0128297806,80.2085876465,72201,72211,10
13.012840271,80.2090072632,72211,72221,10
13.0130300522,80.2095413208,72221,72231,10
13.0131902695,80.2100067139,72231,72242,11
13.0130796432,80.2106628418,72242,72252,10
13.012960434,80.2110214233,72252,72262,10
13.0127601624,80.2114715576,72262,72272,10
13.0124101639,80.2120666504,72272,72282,10
13.0120201111,80.2126235962,72282,72292,10
13.0117797852,80.2128677368,72292,72302,10
13.0115203857,80.2126998901,72302,72312,10
13.01101017,80.2123184204,72312,72322,10
13.0104198456,80.2118301392,72322,72332,10
13.0097904205,80.2113418579,72332,72383,51
13.0097904205,80.2113418579,72383,72393,10
13.0095596313,80.2111663818,72393,72423,30
13.0095596313,80.2111663818,72423,72432,9
13.0093202591,80.2110977173,72432,72443,11
13.0090703964,80.2114334106,72443,72453,10
13.0090303421,80.2117767334,72453,72464,11
13.0092096329,80.2124023438,72464,72474,10
13.0094604492,80.2130889893,72474,72484,10
13.0097103119,80.213722229,72484,72494,10
13.0100002289,80.2143783569,72494,72504,10
13.0101604462,80.215057373,72504,72514,10
13.0102996826,80.2158966064,72514,72524,10
13.0106897354,80.2167892456,72524,72534,10
13.0110702515,80.2175979614,72534,72544,10
13.0113897324,80.2184677124,72544,72554,10
13.0116596222,80.2193984985,72554,72564,10
13.011879921,80.2200927734,72564,72575,11
13.012169838,80.2210617065,72575,72585,10
13.0124597549,80.2217712402,72585,72595,10
13.0128297806,80.2223205566,72595,72605,10
13.0132703781,80.2227401733,72605,72615,10
13.013710022,80.2232437134,72615,72625,10
13.0141201019,80.2236862183,72625,72635,10
13.0145301819,80.2241821289,72635,72645,10
13.0148801804,80.2246170044,72645,72655,10
13.0150403976,80.2247924805,72655,72665,10
13.0153398514,80.2251815796,72665,72675,10
13.0153903961,80.2255096436,72675,72686,11
13.0150403976,80.2259216309,72686,72696,10
13.0144395828,80.2261276245,72696,72706,10
13.0137300491,80.2264175415,72706,72716,10
13.0129203796,80.2267379761,72716,72726,10
13.0121498108,80.2270736694,72726,72736,10
13.0112895966,80.2274017334,72736,72746,10
13.0103397369,80.2277832031,72746,72756,10
13.0096902847,80.2279663086,72756,72766,10
13.0094804764,80.2276000977,72766,72776,10
13.0096902847,80.2271575928,72776,72786,10
13.0099401474,80.2266235352,72786,72797,11
13.0101900101,80.2259368896,72797,72807,10
13.0104103088,80.2254714966,72807,72817,10
13.0105400085,80.2251815796,72817,72827,10
13.0106697083,80.2249221802,72827,72837,10
13.0108299255,80.224571228,72837,72847,10
13.0110397339,80.2240371704,72847,72857,10
13.011179924,80.2235794067,72857,72867,10
13.0112400055,80.2234115601,72867,72877,10
13.0111598969,80.22315979,72877,72887,10
13.0107698441,80.2229690552,72887,72897,10
13.0101604462,80.2226486206,72897,72908,11
13.0093297958,80.2221984863,72908,72918,10
13.0085201263,80.221786499,72918,72928,10
13.0077800751,80.2213821411,72928,72938,10
13.0070800781,80.220993042,72938,72948,10
13.006529808,80.2207489014,72948,72958,10
13.0058803558,80.2205810547,72958,72968,10
13.0051603317,80.2204284668,72968,72977,9
13.0046195984,80.2202987671,72977,72988,11
13.0039100647,80.220123291,72988,72998,10
13.0033798218,80.2199935913,72998,73008,10
13.0026798248,80.2197494507,73008,73019,11
13.0020599365,80.2191925049,73019,73029,10
13.0016098022,80.218711853,73029,73039,10
13.0010795593,80.2183074951,73039,73049,10
13.0006599426,80.2180175781,73049,73059,10
13.0001096725,80.2177124023,73059,73069,10
12.9994697571,80.2173309326,73069,73079,10
12.998749733,80.2169723511,73079,73089,10
12.9981803894,80.2167282104,73089,73099,10
12.9979696274,80.2166519165,73099,73140,41
12.9979696274,80.2166519165,73140,73150,10
12.9973897934,80.2165679932,73150,73160,10
12.9972600937,80.2165603638,73160,73170,10
12.9970798492,80.2165679932,73170,73180,10
12.9968795776,80.2165985107,73180,73190,10
12.9966497421,80.2166137695,73190,73200,10
12.9963998795,80.2166519165,73200,73210,10
12.9962396622,80.2166900635,73210,73220,10
12.9959697723,80.2167816162,73220,73231,11
12.9957103729,80.2168426514,73231,73241,10
12.9955501556,80.2168731689,73241,73251,10
12.9953298569,80.2169570923,73251,73261,10
12.9951000214,80.217086792,73261,73271,10
12.9949903488,80.2171630859,73271,73281,10
12.9948396683,80.2172470093,73281,73291,10
12.9944496155,80.2175292969,73291,73301,10
12.9939498901,80.2179031372,73301,73311,10
12.9933996201,80.2182769775,73311,73321,10
12.9928102493,80.218711853,73321,73331,10
12.9921197891,80.2192382813,73331,73342,11
12.9915399551,80.2196273804,73342,73352,10
12.9911003113,80.2195663452,73352,73362,10
12.9909496307,80.2195129395,73362,73372,10
12.9906301498,80.2193984985,73372,73382,10
12.9899597168,80.2191467285,73382,73392,10
12.9890403748,80.2188110352,73392,73402,10
12.9879999161,80.21849823,73402,73412,10
12.9876499176,80.2184371948,73412,73422,10
12.9872503281,80.2183837891,73422,73432,10
12.9868402481,80.2183227539,73432,73442,10
12.9867801666,80.2182998657,73442,73453,11
12.9863004684,80.2181777954,73453,73463,10
12.9856595993,80.2180099487,73463,73473,10
12.9848403931,80.2180023193,73473,73483,10
12.9841403961,80.2180404663,73483,73493,10
12.9840202332,80.2180404663,73493,73503,10
12.983830452,80.2180099487,73503,73513,10
12.9832696915,80.2180099487,73513,73523,10
12.9825496674,80.2180023193,73523,73533,10
12.9819002151,80.2180175781,73533,73543,10
12.9810695648,80.2181930542,73543,73552,9
12.9803495407,80.2184371948,73552,73564,12
12.9796895981,80.2187194824,73564,73574,10
12.9790401459,80.2189865112,73574,73584,10
12.9785203934,80.2192001343,73584,73594,10
12.9778995514,80.2194366455,73594,73604,10
12.9770803452,80.2197875977,73604,73614,10
12.9763097763,80.2201919556,73614,73755,141
12.9763097763,80.2201919556,73755,73765,10
12.9760904312,80.2202529907,73765,73786,21
12.9760904312,80.2202529907,73786,73796,10
12.975859642,80.2203598022,73796,73806,10
12.9754896164,80.2206573486,73806,73885,79
12.9754896164,80.2206573486,73885,73897,12
12.9757204056,80.2209472656,73897,74078,181
12.9758195877,80.2210006714,74078,74260,182
12.9758300781,80.2210083008,74260,74542,282
12.9758300781,80.2210083008,74542,74553,11
12.976149559,80.2212600708,74553,74563,10
12.9763803482,80.2212600708,74563,74573,10
12.9766902924,80.2212524414,74573,74583,10
12.9771299362,80.2212371826,74583,74593,10
12.9777002335,80.2212219238,74593,74603,10
12.978269577,80.2211990356,74603,74613,10
12.9787101746,80.2211685181,74613,74623,10
12.9791202545,80.2211074829,74623,74633,10
12.9796600342,80.2210922241,74633,74643,10
12.9802398682,80.2210617065,74643,74653,10
12.9808597565,80.2210388184,74653,74664,11
12.9813699722,80.2212219238,74664,74674,10
12.9816999435,80.2214202881,74674,74684,10
12.9820098877,80.2216491699,74684,74694,10
12.9823799133,80.2218093872,74694,74704,10
12.98279953,80.2219390869,74704,74724,20
12.98279953,80.2219390869,74724,74734,10
12.9829301834,80.2220230103,74734,74744,10
12.9832801819,80.2222213745,74744,74754,10
12.9836902618,80.2224884033,74754,74764,10
12.9841403961,80.2227401733,74764,74775,11
12.9844903946,80.2229614258,74775,74785,10
12.984919548,80.223197937,74785,74795,10
12.9852695465,80.2232971191,74795,74805,10
12.9855203629,80.2232208252,74805,74815,10
12.9858703613,80.2230072021,74815,74825,10
12.986240387,80.2229690552,74825,74835,10
12.9863300323,80.2229614258,74835,74845,10
12.9865903854,80.2229690552,74845,74855,10
12.9868803024,80.2229995728,74855,74865,10
12.9871397018,80.2230529785,74865,74875,10
12.9875202179,80.2230911255,74875,74886,11
12.9880104065,80.2228775024,74886,74896,10
12.9883804321,80.2225799561,74896,74906,10
12.9886798859,80.2222976685,74906,74916,10
12.9890003204,80.2219772339,74916,74926,10
12.9892597198,80.2216262817,74926,74936,10
12.9895095825,80.2213134766,74936,74946,10
12.9897899628,80.2209091187,74946,74956,10
12.9902000427,80.2205505371,74956,74965,9
12.9906797409,80.2201385498,74965,74976,11
12.9914197922,80.2195968628,74976,74986,10
12.9918899536,80.2192611694,74986,74997,11
12.9925804138,80.2187805176,74997,75007,10
12.992890358,80.2185516357,75007,75017,10
12.9929599762,80.2184829712,75017,75027,10
12.9931497574,80.2183685303,75027,75037,10
12.9933700562,80.218208313,75037,75047,10
12.9935598373,80.2180862427,75047,75057,10
12.9936504364,80.2180328369,75057,75067,10
12.9938097,80.2179336548,75067,75077,10
12.9940700531,80.2177505493,75077,75108,31
12.9940700531,80.2177505493,75108,75118,10
12.99421978,80.2176437378,75118,75128,10
12.9944696426,80.2174377441,75128,75138,10
12.9946899414,80.2172775269,75138,75148,10
12.9949302673,80.2171096802,75148,75158,10
12.995349884,80.2168579102,75158,75168,10
12.9958400726,80.2166519165,75168,75177,9
12.9961500168,80.2165679932,75177,75188,11
12.9961996078,80.2165603638,75188,75198,10
12.9966201782,80.2165374756,75198,75269,71
12.9966201782,80.2165374756,75269,75279,10
12.9970798492,80.2165222168,75279,75289,10
12.9972496033,80.2164230347,75289,75299,10
12.9975299835,80.2161102295,75299,75309,10
12.9975404739,80.2161102295,75309,75320,11
12.9976596832,80.2160263062,75320,75330,10
12.9980602264,80.2156600952,75330,75340,10
12.9986495972,80.2151489258,75340,75350,10
12.9991197586,80.2147216797,75350,75360,10
12.9994802475,80.2144393921,75360,75370,10
12.9999904633,80.2139892578,75370,75380,10
13.0005102158,80.213508606,75380,75390,10
13.0010900497,80.2130508423,75390,75400,10
13.0015497208,80.2127304077,75400,75410,10
13.0021295547,80.2123413086,75410,75420,10
13.0027599335,80.2121200562,75420,75431,11
13.003569603,80.2120437622,75431,75441,10
13.003660202,80.2119369507,75441,75451,10
13.0036802292,80.2117614746,75451,75461,10
13.0036296844,80.2112121582,75461,75471,10
13.0035400391,80.2104415894,75471,75481,10
13.0034799576,80.2096633911,75481,75491,10
13.0036401749,80.2089004517,75491,75501,10
13.0041503906,80.208770752,75501,75511,10
13.0050201416,80.2091598511,75511,75521,10
13.006070137,80.2095718384,75521,75531,10
13.0069904327,80.2098388672,75531,75542,11
13.007349968,80.2098770142,75542,75562,20
13.007349968,80.2098770142,75562,75572,10
13.0075302124,80.2098999023,75572,75582,10
13.0077600479,80.2099685669,75582,75592,10
13.0081596375,80.2099685669,75592,75602,10
13.0080604553,80.2095031738,75602,75612,10
13.0079298019,80.2088165283,75612,75622,10
13.0077495575,80.207901001,75622,75632,10
13.0075998306,80.2069091797,75632,75642,10
13.0075101852,80.2062225342,75642,75653,11
13.0074701309,80.2055435181,75653,75663,10
13.0074701309,80.2049636841,75663,75673,10
13.0074796677,80.2044830322,75673,75683,10
13.0074501038,80.2039794922,75683,75693,10
13.0073604584,80.2033081055,75693,75703,10
13.007109642,80.2026290894,75703,75713,10
13.0065698624,80.2027587891,75713,75722,9
13.0066204071,80.2032623291,75722,75733,11
13.0070896149,80.2035827637,75733,75743,10
13.0076503754,80.203742981,75743,75753,10
13.0084295273,80.203742981,75753,75764,11
13.0096502304,80.2036590576,75764,75774,10
13.0109500885,80.2036819458,75774,75784,10
13.0122499466,80.2038574219,75784,75794,10
13.0132799149,80.2041091919,75794,75804,10
13.013759613,80.2042617798,75804,75814,10
13.0142498016,80.2044525146,75814,75824,10
13.0149698257,80.2047195435,75824,75834,10
13.0159196854,80.2050704956,75834,75854,20
13.0159196854,80.2050704956,75854,75863,9
13.0159902573,80.2051773071,75863,75875,12
13.0162696838,80.2052001953,75875,75885,10
13.0166797638,80.2051467896,75885,75895,10
13.0168504715,80.2051467896,75895,75905,10
13.0173196793,80.2055435181,75905,75915,10
13.017539978,80.205581665,75915,75925,10
13.017780304,80.205657959,75925,75935,10
13.0186901093,80.2059631348,75935,75955,20
13.0186901093,80.2059631348,75955,75965,10
13.0188598633,80.2060317993,75965,75976,11
13.0193595886,80.2061920166,75976,75986,10
13.0199699402,80.2063293457,75986,75996,10
13.0207195282,80.2063293457,75996,76006,10
13.0213298798,80.2063293457,76006,76016,10
13.0214004517,80.2063293457,76016,76026,10
13.0214700699,80.2063064575,76026,76036,10
13.0218095779,80.2063369751,76036,76046,10
13.0224199295,80.2063980103,76046,76056,10
13.0231399536,80.2065963745,76056,76066,10
13.0240097046,80.2067108154,76066,76076,10
13.0244197845,80.2067565918,76076,76087,11
13.024600029,80.2067871094,76087,76097,10
13.0251502991,80.2069396973,76097,76107,10
13.0259103775,80.2072601318,76107,76117,10
13.0263299942,80.2074890137,76117,76127,10
13.0264501572,80.2075576782,76127,76137,10
13.0265703201,80.2076416016,76137,76147,10
13.026889801,80.2078323364,76147,76157,10
13.027299881,80.2080764771,76157,76167,10
13.0274801254,80.208190918,76167,76177,10
13.0276403427,80.2082824707,76177,76187,10
13.0279302597,80.208442688,76187,76198,11
13.0285596848,80.2086181641,76198,76208,10
13.0288801193,80.2086715698,76208,76218,10
13.0288896561,80.2086715698,76218,76228,10
13.0290899277,80.2087097168,76228,76238,10
13.0293703079,80.2087936401,76238,76248,10
13.0297603607,80.2089004517,76248,76258,10
13.0300397873,80.2089614868,76258,76288,30
13.0300397873,80.2089614868,76288,76298,10
13.0300998688,80.2088775635,76298,76309,11
13.0304803848,80.2090072632,76309,76319,10
13.0310697556,80.2092208862,76319,76329,10
13.031709671,80.2093811035,76329,76349,20
13.031709671,80.2093811035,76349,76359,10
13.0320701599,80.2095108032,76359,76369,10
13.0326404572,80.2096328735,76369,76379,10
13.0333404541,80.2097702026,76379,76389,10
13.0340995789,80.2099609375,76389,76399,10
13.0348997116,80.2101364136,76399,76408,9
13.0349903107,80.2105102539,76408,76420,12
13.0349798203,80.2110519409,76420,76430,10
13.0349998474,80.2112884521,76430,76440,10
13.0349903107,80.2114028931,76440,76450,10
13.0349903107,80.211479187,76450,76460,10
13.0349397659,80.2118225098,76460,76470,10
13.0350599289,80.212310791,76470,76480,10
13.0356798172,80.2123184204,76480,76490,10
13.0363101959,80.2123184204,76490,76500,10
13.036939621,80.2123336792,76500,76510,10
13.0376300812,80.2123413086,76510,76519,9
13.0383195877,80.2123184204,76519,76531,12
13.039349556,80.2122879028,76531,76541,10
13.040019989,80.2122802734,76541,76551,10
13.0408201218,80.2123031616,76551,76561,10
13.0417604446,80.212310791,76561,76571,10
13.0428199768,80.2123031616,76571,76581,10
13.0436000824,80.2122421265,76581,76611,30
13.0436000824,80.2122421265,76611,76621,10
13.0439596176,80.2122497559,76621,76632,11
13.0443496704,80.2122497559,76632,76642,10
13.0448503494,80.2122497559,76642,76652,10
13.0454397202,80.2122421265,76652,76662,10
13.0461397171,80.2122116089,76662,76672,10
13.0468597412,80.2121887207,76672,76682,10
13.0479698181,80.2120819092,76682,76712,30
13.0479698181,80.2120819092,76712,76722,10
13.0483598709,80.212097168,76722,76731,9
13.0488901138,80.2120513916,76731,76742,11
13.0494003296,80.2119827271,76742,76813,71
13.0494003296,80.2119827271,76813,76823,10
13.0496702194,80.2119522095,76823,76833,10
13.0499095917,80.2119369507,76833,76843,10
13.0500402451,80.2119369507,76843,76854,11
13.050359726,80.2119598389,76854,76864,10
13.0507698059,80.212020874,76864,76874,10
13.0510101318,80.2119979858,76874,76884,10
13.0516796112,80.2120437622,76884,76894,10
13.0524597168,80.2118988037,76894,76904,10
13.05327034,80.2117233276,76904,76914,10
13.0540599823,80.2115097046,76914,76924,10
13.0542297363,80.2114562988,76924,76934,10
13.0543899536,80.2114486694,76934,76944,10
13.054690361,80.2114105225,76944,76953,9
13.0550203323,80.2114028931,76953,76965,12
13.0557203293,80.2114028931,76965,76975,10
13.056599617,80.2114105225,76975,76985,10
13.0574102402,80.2114181519,76985,76995,10
13.0575399399,80.2114181519,76995,77005,10
13.0579500198,80.2114334106,77005,77015,10
13.058429718,80.2114486694,77015,77025,10
13.059009552,80.211479187,77025,77035,10
13.059709549,80.211517334,77035,77045,10
13.060549736,80.2115631104,77045,77055,10
13.0613698959,80.2116012573,77055,77065,10
13.0621099472,80.2116317749,77065,77076,11
13.062959671,80.2115631104,77076,77086,10
13.0629997253,80.2115402222,77086,77096,10
13.0631103516,80.211517334,77096,77106,10
13.0635700226,80.211517334,77106,77116,10
13.0642204285,80.2114486694,77116,77126,10
13.0649404526,80.2111587524,77126,77136,10
13.0656604767,80.2106399536,77136,77146,10
13.0664300919,80.2099990845,77146,77156,10
13.0670900345,80.2092132568,77156,77166,10
13.0673599243,80.208770752,77166,77176,10
13.0676403046,80.2082366943,77176,77187,11
13.0680599213,80.2075881958,77187,77197,10
13.0684995651,80.2069625854,77197,77207,10
13.0688495636,80.2063980103,77207,77217,10
13.0690402985,80.2060699463,77217,77227,10
13.0691604614,80.2058792114,77227,77237,10
13.0693902969,80.2055435181,77237,77318,81
13.0693902969,80.2055435181,77318,77328,10
13.0696401596,80.2051620483,77328,77338,10
13.0696401596,80.2048797607,77338,77348,10
13.0692996979,80.2048873901,77348,77358,10
13.0690002441,80.2052993774,77358,77367,9
13.0687799454,80.2050094604,77367,77792,425
13.0687799454,80.2050094604,77792,77802,10
13.0690097809,80.2047729492,77802,77812,10
13.0692996979,80.204750061,77812,77822,10
13.069560051,80.2047805786,77822,77832,10
13.069729805,80.204826355,77832,77842,10
13.0699596405,80.204788208,77842,77853,11
13.0702295303,80.2043914795,77853,77863,10
13.0707302094,80.2037734985,77863,77873,10
13.0713100433,80.2031097412,77873,77883,10
13.0717802048,80.2025604248,77883,77893,10
13.0720396042,80.202293396,77893,77903,10
13.0722799301,80.2020111084,77903,77913,10
13.0726099014,80.2016220093,77913,77923,10
13.0730695724,80.2010803223,77923,77933,10
13.0734701157,80.2005996704,77933,77943,10
13.0739297867,80.2000732422,77943,77954,11
13.0742702484,80.1996765137,77954,77964,10
13.0745601654,80.1993713379,77964,77974,10
13.0747003555,80.1992416382,77974,77984,10
13.0750102997,80.1990890503,77984,77994,10
13.0756502151,80.1990432739,77994,78004,10
13.0765199661,80.1990509033,78004,78014,10
13.0775003433,80.1989517212,78014,78024,10
13.0783500671,80.1988372803,78024,78033,9
13.0789604187,80.1987686157,78033,78044,11
13.079580307,80.1987380981,78044,78054,10
13.0801897049,80.1986618042,78054,78065,11
13.0809803009,80.1985931396,78065,78075,10
13.0816202164,80.198600769,78075,78085,10
13.0824298859,80.1985015869,78085,78095,10
13.0832195282,80.1984786987,78095,78105,10
13.0839195251,80.1984634399,78105,78115,10
13.0845003128,80.1984786987,78115,78125,10
13.0851402283,80.1984786987,78125,78145,20
13.0851402283,80.1984786987,78145,78155,10
13.0854701996,80.1984481812,78155,78165,10
13.0863199234,80.1984405518,78165,78176,11
13.0863199234,80.1984405518,78176,78186,10
13.0867099762,80.1984634399,78186,78195,9
13.0868902206,80.1984863281,78195,78205,10
13.0870895386,80.1983032227,78205,78226,21
13.0870895386,80.1983032227,78226,78236,10
13.087100029,80.1979827881,78236,78246,10
13.0871696472,80.197517395,78246,78256,10
13.0871696472,80.1968307495,78256,78266,10
13.0872001648,80.1960372925,78266,78276,10
13.0872402191,80.1952590942,78276,78287,11
13.0872602463,80.1943435669,78287,78297,10
13.0872898102,80.1929779053,78297,78327,30
13.0872898102,80.1929779053,78327,78337,10
13.0873203278,80.1927337646,78337,78347,10
13.0873403549,80.1923294067,78347,78357,10
13.087439537,80.1916122437,78357,78367,10
13.0875396729,80.1906967163,78367,78377,10
13.087679863,80.189666748,78377,78387,10
13.0877103806,80.1888427734,78387,78398,11
13.0877199173,80.1887969971,78398,78408,10
13.0877399445,80.188621521,78408,78418,10
13.0877103806,80.1883087158,78418,78428,10
13.0877103806,80.1883010864,78428,78438,10
13.0877399445,80.1882324219,78438,78448,10
13.0877799988,80.1878433228,78448,78458,10
13.0877895355,80.1872024536,78458,78468,10
13.0878295898,80.1864013672,78468,78478,10
13.0879001617,80.1855773926,78478,78488,10
13.0879297256,80.1847381592,78488,78498,10
13.0879297256,80.183807373,78498,78509,11
13.0879802704,80.1828384399,78509,78519,10
13.0880203247,80.1821212769,78519,78529,10
13.0880403519,80.1813430786,78529,78539,10
13.0880899429,80.1803894043,78539,78549,10
13.0881204605,80.1795501709,78549,78559,10
13.0881099701,80.1789169312,78559,78569,10
13.0881099701,80.1787872314,78569,78579,10
13.0881299973,80.1785583496,78579,78589,10
13.0881204605,80.1779632568,78589,78599,10
13.0881299973,80.1772537231,78599,78610,11
13.088259697,80.1756134033,78610,78620,10
13.088259697,80.1756134033,78620,78630,10
13.0882701874,80.1747512817,78630,78639,9
13.0883598328,80.1742630005,78639,78650,11
13.0884399414,80.1734771729,78650,78660,10
13.0884799957,80.1726608276,78660,78670,10
13.0885000229,80.171836853,78670,78690,20
13.0885000229,80.171836853,78690,78700,10
13.08852005,80.1716995239,78700,78710,10
13.0885801315,80.1711730957,78710,78721,11
13.0886497498,80.1696929932,78721,78781,60
13.0886497498,80.1696929932,78781,78791,10
13.088809967,80.1695098877,78791,78801,10
13.0893497467,80.1695632935,78801,78811,10
13.0901403427,80.169593811,78811,78821,10
13.0911903381,80.1696624756,78821,78832,11
13.0924196243,80.1697616577,78832,78842,10
13.0935497284,80.1697921753,78842,78852,10
13.0945501328,80.1698226929,78852,78862,10
13.0949497223,80.169883728,78862,78872,10
13.0952997208,80.1699295044,78872,78882,10
13.0960197449,80.1699676514,78882,78892,10
13.0969495773,80.1700134277,78892,78902,10
13.0980396271,80.1700592041,78902,78912,10
13.0994195938,80.1701278687,78912,78963,51
13.0994195938,80.1701278687,78963,78973,10
13.0995702744,80.1703414917,78973,79033,60
13.0992097855,80.1702270508,79033,79397,364
13.0988702774,80.1703414917,79397,80971,1574
13.0975799561,80.1700668335,80971,81011,40
13.0975799561,80.1700668335,81011,81032,21
13.0958404541,80.1699676514,81032,81043,11
13.0951099396,80.1699523926,81043,81053,10
13.0948896408,80.1698989868,81053,81063,10
13.0946397781,80.1698684692,81063,81073,10
13.0943202972,80.1698303223,81073,81083,10
13.0937900543,80.1697998047,81083,81093,10
13.0931797028,80.1697616577,81093,81103,10
13.0924100876,80.1697463989,81103,81113,10
13.0915498734,80.1697235107,81113,81123,10
13.0907297134,80.1696624756,81123,81133,10
13.0899896622,80.169631958,81133,81143,10
13.0891704559,80.1695785522,81143,81154,11
13.0886697769,80.169708252,81154,81164,10
13.0886201859,80.1701583862,81164,81174,10
13.0886001587,80.1708602905,81174,81184,10
13.0885801315,80.1717834473,81184,81204,20
13.0885801315,80.1717834473,81204,81214,10
13.0885801315,80.1718597412,81214,81224,10
13.088549614,80.17212677,81224,81234,10
13.0885095596,80.1725006104,81234,81244,10
13.0885000229,80.1728363037,81244,81254,10
13.0884799957,80.1731872559,81254,81265,11
13.0884504318,80.173576355,81265,81275,10
13.0884399414,80.1739730835,81275,81285,10
13.0884304047,80.1743392944,81285,81295,10
13.0884199142,80.1747207642,81295,81305,10
13.0883903503,80.1750793457,81305,81315,10
13.0883798599,80.1754074097,81315,81325,10
13.0883598328,80.1757507324,81325,81335,10
13.0883197784,80.176109314,81335,81345,10
13.0882997513,80.1767425537,81345,81406,61
13.0882997513,80.1767425537,81406,81416,10
13.088259697,80.1771697998,81416,81426,10
13.0882396698,80.1778182983,81426,81436,10
13.0882396698,80.1784973145,81436,81446,10
13.0882301331,80.1785430908,81446,81456,10
13.0882196426,80.1788864136,81456,81465,9
13.0882196426,80.179069519,81465,81476,11
13.0882101059,80.1795883179,81476,81487,11
13.0881900787,80.180557251,81487,81497,10
13.0881595612,80.1815795898,81497,81507,10
13.0881004333,80.1827316284,81507,81517,10
13.0880699158,80.1840667725,81517,81527,10
13.0880098343,80.1852493286,81527,81537,10
13.0879402161,80.1862106323,81537,81547,10
13.0878896713,80.1872711182,81547,81557,10
13.0878696442,80.1882476807,81557,81567,10
13.0878400803,80.1891479492,81567,81577,10
13.0878000259,80.1898117065,81577,81588,11
13.0878000259,80.1898193359,81588,81598,10
13.087770462,80.1899337769,81598,81608,10
13.0876998901,80.1903686523,81608,81618,10
13.0875701904,80.1911392212,81618,81628,10
13.0873804092,80.1925811768,81628,81658,30
13.0873804092,80.1925811768,81658,81668,10
13.0873403549,80.1928710938,81668,81678,10
13.0873203278,80.1934967041,81678,81688,10
13.0873003006,80.1943969727,81688,81699,11
13.0872802734,80.1955337524,81699,81709,10
13.0872402191,80.1966934204,81709,81719,10
13.0872497559,80.1977310181,81719,81729,10
13.087269783,80.1979217529,81729,81739,10
13.0873098373,80.1983184814,81739,81749,10
13.0875997543,80.1984710693,81749,81759,10
13.0882396698,80.1983718872,81759,81769,10
13.0889902115,80.1984100342,81769,81779,10
13.0899295807,80.1984481812,81779,81789,10
13.090959549,80.1985321045,81789,81799,10
13.0917196274,80.1986083984,81799,81810,11
13.0926904678,80.1986236572,81810,81820,10
13.0929098129,80.1990737915,81820,81830,10
13.0929098129,80.1994171143,81830,81840,10
13.0928897858,80.1998291016,81840,81850,10
13.092880249,80.2004470825,81850,81860,10
13.0926303864,80.2005996704,81860,81870,10
13.092089653,80.2005996704,81870,81880,10
13.0913000107,80.2005691528,81880,81890,10
13.0903997421,80.2005386353,81890,81900,10
13.0894002914,80.2005081177,81900,81910,10
13.0883197784,80.2004470825,81910,81921,11
13.0871200562,80.2004318237,81921,81931,10
13.0861301422,80.2004013062,81931,81941,10
13.0855998993,80.200340271,81941,81951,10
13.0853996277,80.2003326416,81951,81961,10
13.0852603912,80.200050354,81961,81971,10
13.0853204727,80.19947052,81971,81981,10
13.0853004456,80.1987762451,81981,81991,10
13.0849704742,80.1987075806,81991,82001,10
13.0845003128,80.1987228394,82001,82011,10
13.0837697983,80.1987304688,82011,82020,9
13.083319664,80.1987075806,82020,82032,12
13.0832595825,80.1986999512,82032,82042,10
13.0828399658,80.1986465454,82042,82052,10
13.0821695328,80.1986465454,82052,82062,10
13.0814199448,80.1986465454,82062,82072,10
13.0806398392,80.198677063,82072,82082,10
13.0797395706,80.1987686157,82082,82092,10
13.078789711,80.1988677979,82092,82102,10
13.0777301788,80.1989974976,82102,82112,10
13.0766601563,80.1991271973,82112,82122,10
13.0760202408,80.1992416382,82122,82132,10
13.0757598877,80.199256897,82132,82143,11
13.0752296448,80.1993484497,82143,82153,10
13.0745401382,80.1996688843,82153,82163,10
13.0739603043,80.2001724243,82163,82173,10
13.0735797882,80.2005996704,82173,82183,10
13.0732603073,80.2010192871,82183,82193,10
13.0731897354,80.2010879517,82193,82203,10
13.0727996826,80.201499939,82203,82213,10
13.0717697144,80.2026824951,82213,82223,10
13.0717697144,80.2026824951,82223,82233,10
13.0711297989,80.2034301758,82233,82243,10
13.0704097748,80.2042617798,82243,82253,10
13.0699501038,80.2049102783,82253,82264,11
13.0697898865,80.2050628662,82264,82274,10
13.0694999695,80.2048721313,82274,82284,10
13.0691299438,80.2050628662,82284,82294,10
13.0687398911,80.2054214478,82294,82304,10
13.0681495667,80.2054595947,82304,82343,39
13.067990303,80.2053375244,82343,82365,22
13.067990303,80.2053375244,82365,82375,10
13.0680198669,80.2051391602,82375,82385,10
13.0683603287,80.2049179077,82385,82395,10
13.0688896179,80.2047195435,82395,82405,10
13.0694599152,80.2047424316,82405,82415,10
13.0696802139,80.2048416138,82415,82425,10
13.0697803497,80.2049026489,82425,82435,10
13.0698404312,80.2050170898,82435,82445,10
13.0697097778,80.2053222656,82445,82455,10
13.069319725,80.2059020996,82455,82466,11
13.0687599182,80.2068099976,82466,82476,10
13.0681600571,80.2077789307,82476,82486,10
13.0675096512,80.2087936401,82486,82495,9
13.066860199,80.2097473145,82495,82506,11
13.0656604767,80.2108001709,82506,82516,10
13.0650396347,80.2112731934,82516,82526,10
13.0649299622,80.2113418579,82526,82536,10
13.064620018,80.2115020752,82536,82546,10
13.0639400482,80.2116928101,82546,82556,10
13.0622301102,80.211769104,82556,82565,9
13.0622301102,80.211769104,82565,82577,12
13.0609798431,80.2116775513,82577,82585,8
13.0600795746,80.2116394043,82585,82603,18
13.0582895279,80.2116088867,82603,82614,11
13.0576000214,80.2116088867,82614,82624,10
13.0574598312,80.2116394043,82624,82634,10
13.0569000244,80.2116470337,82634,82644,10
13.0559902191,80.2116165161,82644,82654,10
13.0550603867,80.2115936279,82654,82664,10
13.0546398163,80.2116088867,82664,82673,9
13.0543603897,80.2116470337,82673,82685,12
13.0537099838,80.2117996216,82685,82695,10
13.0530500412,80.2119369507,82695,82705,10
13.0524196625,80.212097168,82705,82715,10
13.0517997742,80.2122116089,82715,82725,10
13.0511398315,80.2122116089,82725,82735,10
13.0507802963,80.2123413086,82735,82745,10
13.0501499176,80.2123336792,82745,82755,10
13.0496997833,80.2122192383,82755,82765,10
13.0490999222,80.2121963501,82765,82775,10
13.0482702255,80.2122421265,82775,82784,9
13.047369957,80.2123031616,82784,82796,12
13.0448102951,80.2124099731,82796,82806,10
13.0445203781,80.2124404907,82806,82846,40
13.0445203781,80.2124404907,82846,82856,10
13.0443000793,80.2124404907,82856,82866,10
13.043680191,80.2124328613,82866,82876,10
13.0428104401,80.2124099731,82876,82886,10
13.0417804718,80.2124023438,82886,82896,10
13.0405197144,80.2124176025,82896,82907,11
13.039059639,80.2124404907,82907,82917,10
13.0378799438,80.2124176025,82917,82927,10
13.0369501114,80.2123718262,82927,82937,10
13.0360202789,80.2123565674,82937,82947,10
13.0352096558,80.2123336792,82947,82957,10
13.0345096588,80.2121963501,82957,82967,10
13.0341701508,80.2121582031,82967,82977,10
13.0341300964,80.2121582031,82977,82987,10
13.0337400436,80.2120819092,82987,82997,10
13.0330400467,80.2118988037,82997,83007,10
13.0323095322,80.2117919922,83007,83018,11
13.0319795609,80.2113265991,83018,83028,10
13.0320301056,80.2106628418,83028,83038,10
13.0321102142,80.2100830078,83038,83048,10
13.0319900513,80.2097091675,83048,83058,10
13.0315198898,80.2095870972,83058,83068,10
13.0306997299,80.2093429565,83068,83078,10
13.0298900604,80.2090835571,83078,83088,10
13.0295801163,80.2089920044,83088,83098,10
13.0294704437,80.2089309692,83098,83108,10
13.0290002823,80.2088165283,83108,83118,10
13.0280504227,80.2085266113,83118,83129,11
13.0271701813,80.2080764771,83129,83139,10
13.0263004303,80.2075576782,83139,83149,10
13.0252504349,80.2070770264,83149,83159,10
13.0242004395,80.2068710327,83159,83169,10
13.0234804153,80.2067108154,83169,83179,10
13.022649765,80.2065963745,83179,83189,10
13.0217103958,80.2064819336,83189,83199,10
13.0206403732,80.2064590454,83199,83209,10
13.019490242,80.2064285278,83209,83219,10
13.0189800262,80.2062835693,83219,83229,10
13.0188703537,80.206237793,83229,83240,11
13.0183496475,80.2060470581,83240,83250,10
13.0175199509,80.2057495117,83250,83260,10
13.0165596008,80.2053833008,83260,83270,10
13.015879631,80.2051086426,83270,83280,10
13.0148601532,80.2047729492,83280,83290,10
13.0138502121,80.2044067383,83290,83300,10
13.0136003494,80.2045516968,83300,83310,10
13.013420105,80.205039978,83310,83320,10
13.0131597519,80.2058181763,83320,83330,10
13.0129804611,80.2068328857,83330,83341,11
13.0128602982,80.2077178955,83341,83351,10
13.012840271,80.2081985474,83351,83361,10
13.0128097534,80.2086105347,83361,83371,10
13.0128898621,80.2089233398,83371,83381,10
13.0131196976,80.2094421387,83381,83391,10
13.0131597519,80.2099685669,83391,83401,10
13.0130796432,80.2106018066,83401,83411,10
13.0128202438,80.2113189697,83411,83421,10
13.0124702454,80.2119979858,83421,83431,10
13.0121097565,80.2125167847,83431,83441,10
13.011879921,80.2127990723,83441,83452,11
13.011639595,80.2127380371,83452,83462,10
13.0111904144,80.2124099731,83462,83472,10
13.0106096268,80.2119674683,83472,83482,10
13.0101699829,80.2115936279,83482,83492,10
13.0095596313,80.2111129761,83492,83522,30
13.0093803406,80.2110290527,83522,83542,20
13.0093803406,80.2110290527,83542,83552,10
13.0091400146,80.2113113403,83552,83563,11
13.0090398788,80.2117080688,83563,83573,10
13.00922966,80.2122879028,83573,83583,10
13.0094404221,80.2129592896,83583,83593,10
13.0095996857,80.2134475708,83593,83603,10
13.0097904205,80.2138900757,83603,83613,10
13.010020256,80.2144088745,83613,83623,10
13.0101604462,80.2151184082,83623,83633,10
13.0103797913,80.216003418,83633,83643,10
13.0108604431,80.2170333862,83643,83653,10
13.0113697052,80.2183303833,83653,83663,10
13.0118303299,80.2195968628,83663,83674,11
13.0121202469,80.2207336426,83674,83684,10
13.0122699738,80.2213668823,83684,83724,40
13.0122699738,80.2213668823,83724,83734,10
13.0123901367,80.2217330933,83734,83744,10
13.0125102997,80.2218780518,83744,83754,10
13.0126104355,80.222038269,83754,83764,10
13.0127801895,80.2222900391,83764,83774,10
13.0130500793,80.222442627,83774,83785,11
13.0132703781,80.2226028442,83785,83795,10
13.013420105,80.2227401733,83795,83805,10
13.0136899948,80.2230682373,83805,83825,20
13.0139598846,80.2233505249,83825,83855,30
13.0139598846,80.2233505249,83855,83865,10
13.0143098831,80.2236099243,83865,83875,10
13.0146303177,80.2239532471,83875,83885,10
13.0150098801,80.2245635986,83885,83896,11
13.0153198242,80.225112915,83896,83906,10
13.0153398514,80.2251663208,83906,83916,10
13.015370369,80.2255706787,83916,83926,10
13.0148801804,80.2259521484,83926,83936,10
13.01404953,80.2263183594,83936,83946,10
13.0129699707,80.2267303467,83946,83956,10
13.0117797852,80.2272033691,83956,83966,10
13.0105695724,80.2276535034,83966,83976,10
13.0095596313,80.2278594971,83976,83986,10
13.0096702576,80.2272567749,83986,83995,9
13.0099802017,80.2266235352,83995,84007,12
13.0104598999,80.2253799438,84007,84017,10
13.0109195709,80.2242889404,84017,84027,10
13.0112895966,80.2233810425,84027,84037,10
13.0108804703,80.2229766846,84037,84047,10
13.0101499557,80.2226104736,84047,84057,10
13.0093698502,80.2221984863,84057,84067,10
13.0084695816,80.2216873169,84067,84077,10
13.0074596405,80.2211990356,84077,84087,10
13.0064496994,80.2206573486,84087,84097,10
13.0051698685,80.2203598022,84097,84107,10
13.0038700104,80.2200622559,84107,84118,11
13.0026197433,80.2196426392,84118,84128,10
13.0018501282,80.2189025879,84128,84138,10
13.0010299683,80.2182388306,84138,84148,10
13.0001296997,80.2176818848,84148,84158,10
12.9992399216,80.2171096802,84158,84168,10
12.9981403351,80.2166366577,84168,84178,10
12.9973297119,80.2165298462,84178,84188,10
12.9973402023,80.2165298462,84188,84198,10
12.997130394,80.2165374756,84198,84208,10
12.9965801239,80.2165985107,84208,84219,11
12.9955596924,80.216796875,84219,84229,10
12.9948301315,80.2172012329,84229,84239,10
12.9941701889,80.2176818848,84239,84249,10
12.9933595657,80.2182617188,84249,84259,10
12.9925498962,80.2189025879,84259,84269,10
12.9915895462,80.2195663452,84269,84279,10
12.9910497665,80.2194976807,84279,84289,10
12.9909200668,80.2194366455,84289,84299,10
12.9904298782,80.21925354,84299,84309,10
12.9897603989,80.2190170288,84309,84319,10
12.9889097214,80.218711853,84319,84330,11
12.9877796173,80.218421936,84330,84340,10
12.987159729,80.2183227539,84340,84350,10
12.9870901108,80.2182998657,84350,84360,10
12.9865999222,80.2181930542,84360,84370,10
12.9858903885,80.2180099487,84370,84380,10
12.984919548,80.2179412842,84380,84390,10
12.9841403961,80.2179718018,84390,84400,10
12.9840497971,80.2179718018,84400,84410,10
12.9839000702,80.2179794312,84410,84420,10
12.9833698273,80.2179794312,84420,84430,10
12.9826698303,80.217956543,84430,84441,11
12.9816398621,80.2180099487,84441,84451,10
12.9805698395,80.2183380127,84451,84461,10
12.9797201157,80.2186737061,84461,84471,10
12.9789800644,80.2189865112,84471,84481,10
12.9784698486,80.2191925049,84481,84491,10
12.9777202606,80.2194976807,84491,84501,10
12.9767904282,80.2198791504,84501,84511,10
12.975810051,80.2203216553,84511,84521,10
12.9754896164,80.2205963135,84521,84531,10
12.9758501053,80.2210464478,84531,84572,41
12.9758501053,80.2210464478,84572,84582,10
12.9759397507,80.2211990356,84582,84592,10
12.9761104584,80.2212982178,84592,84602,10
12.9766397476,80.2213134766,84602,84612,10
12.9773597717,80.2212524414,84612,84622,10
12.9783096313,80.221206665,84622,84632,10
12.9794197083,80.2211608887,84632,84642,10
12.9801597595,80.2210388184,84642,84652,10
12.9810495377,80.2210388184,84652,84663,11
12.9817695618,80.2214126587,84663,84673,10
12.9824399948,80.221786499,84673,84683,10
12.9828596115,80.2219467163,84683,84693,10
12.9829797745,80.2220230103,84693,84703,10
12.9834299088,80.2222900391,84703,84713,10
12.9840497971,80.2226486206,84713,84723,10
12.9848403931,80.2231216431,84723,84733,10
12.9854202271,80.2232437134,84733,84743,10
12.9857902527,80.2230300903,84743,84753,10
12.9863901138,80.2229766846,84753,84764,11
12.9865398407,80.2229919434,84764,84774,10
12.9869403839,80.2230224609,84774,84784,10
12.9875097275,80.2230529785,84784,84794,10
12.9881896973,80.2226715088,84794,84804,10
12.9888401031,80.222038269,84804,84814,10
12.9893503189,80.2216262817,84814,84824,10
12.9900999069,80.2207565308,84824,84834,10
12.990940094,80.2199172974,84834,84844,10
12.9918003082,80.2193527222,84844,84854,10
12.9924898148,80.2188186646,84854,84863,9
12.9931001663,80.218421936,84863,84875,12
12.9939203262,80.2177886963,84875,84885,10
12.9945602417,80.2173690796,84885,84895,10
12.9952201843,80.2169265747,84895,84905,10
12.9959697723,80.2166595459,84905,84915,10
12.9968996048,80.2165527344,84915,84925,10
12.9974403381,80.2162628174,84925,84935,10
12.9976701736,80.2160720825,84935,84945,10
12.998000145,80.2157974243,84945,84955,10
12.998550415,80.21534729,84955,84965,10
12.9990501404,80.2148513794,84965,84975,10
12.9993095398,80.2146377563,84975,84986,11
12.9998998642,80.2141494751,84986,84996,10
13.00041008,80.2136764526,84996,85006,10
13.0010995865,80.2131195068,85006,85016,10
13.0019302368,80.2125167847,85016,85026,10
13.0027198792,80.212059021,85026,85036,10
13.0034704208,80.212020874,85036,85046,10
13.0036497116,80.211730957,85046,85056,10
13.0036401749,80.2110366821,85056,85066,10
13.0035495758,80.210357666,85066,85076,10
13.0034999847,80.2096862793,85076,85086,10
13.0036497116,80.2089385986,85086,85097,11
13.004360199,80.2088317871,85097,85107,10
13.0054702759,80.2093276978,85107,85117,10
13.0066995621,80.2097320557,85117,85127,10
13.0079698563,80.2099609375,85127,85147,20
13.0079698563,80.2099609375,85147,85157,10
13.0081701279,80.2098999023,85157,85167,10
13.0080795288,80.2094268799,85167,85177,10
13.0079402924,80.2087478638,85177,85187,10
13.0078201294,80.2078781128,85187,85197,10
13.0076503754,80.2069015503,85197,85208,11
13.0074701309,80.2058868408,85208,85218,10
13.0071001053,80.2049865723,85218,85228,10
13.0067396164,80.2041778564,85228,85238,10
13.0064897537,80.2038574219,85238,85571,333
13.0064897537,80.2038574219,85571,85581,10
13.0064296722,80.2038116455,85581,85591,10
13.0062398911,80.2034606934,85591,85601,10
13.0058498383,80.2029037476,85601,85611,10
13.0055704117,80.2023468018,85611,85621,10
13.0050401688,80.2016372681,85621,85631,10
13.004240036,80.2011795044,85631,85642,11
13.0031499863,80.200881958,85642,85652,10
13.0020704269,80.2004318237,85652,85662,10
13.0016403198,80.1994094849,85662,85672,10
13.0017795563,80.1984100342,85672,85682,10
13.0019302368,80.1975097656,85682,85692,10
13.0016698837,80.1965179443,85692,85702,10
13.0010204315,80.195602417,85702,85712,10
13.0003004074,80.1946563721,85712,85722,10
12.9995603561,80.193687439,85722,85732,10
12.9987802505,80.192741394,85732,85741,9
12.9982004166,80.1923370361,85741,85753,12
12.9975004196,80.1929321289,85753,85763,10
12.9969596863,80.1933364868,85763,85773,10
12.9966697693,80.1933822632,85773,85783,10
12.996720314,80.1930999756,85783,85793,10
12.9966602325,80.1927108765,85793,85803,10
12.9965200424,80.1921920776,85803,85813,10
