13.0145196915,80.2251281738,16,3968,3952
13.0145196915,80.2251281738,3968,3978,10
13.0145597458,80.2252120972,3978,4089,111
13.0146398544,80.2250976563,4089,4393,304
13.0145902634,80.2250518799,4393,4474,81
13.0146398544,80.2250518799,4474,4971,497
13.0144901276,80.2250976563,4971,5143,172
13.0145196915,80.2251205444,5143,5923,780
13.0143699646,80.2249832153,5923,6227,304
13.0144996643,80.2250289917,6227,15408,9181
13.0145998001,80.2249908447,15408,15590,182
13.014670372,80.2250289917,15590,16411,821
13.0144996643,80.2250671387,16411,16766,355
13.0145397186,80.2250595093,16766,17840,1074
13.0145998001,80.2249908447,17840,18022,182
13.014550209,80.2250366211,18022,20810,2788
13.0146398544,80.2249679565,20810,20921,111
13.014550209,80.2250366211,20921,22654,1733
13.014550209,80.2250366211,22654,22664,10
13.0147399902,80.225479126,22664,22978,314
13.0147399902,80.225479126,22978,22988,10
13.0146598816,80.2256774902,22988,22999,11
13.0143404007,80.2258911133,22999,23374,375
13.0143404007,80.2258911133,23374,23384,10
13.0140104294,80.2263565063,23384,23394,10
13.0133399963,80.2266464233,23394,23404,10
13.0125198364,80.2269897461,23404,23414,10
13.0118103027,80.2272567749,23414,23424,10
13.0109100342,80.2276229858,23424,23434,10
13.0098800659,80.2279586792,23434,23444,10
13.0095996857,80.2275390625,23444,23455,11
13.0099096298,80.2267837524,23455,23465,10
13.0103197098,80.2258300781,23465,23475,10
13.0107498169,80.2248382568,23475,23485,10
13.0111503601,80.2238388062,23485,23495,10
13.0114402771,80.2230377197,23495,23505,10
13.0116996765,80.2223129272,23505,23515,10
13.0120296478,80.2215423584,23515,23526,11
13.0122804642,80.2213973999,23526,23535,9
13.0124902725,80.2217330933,23535,23546,11
13.0129995346,80.2224502563,23546,23556,10
13.0136003494,80.2231674194,23556,23566,10
13.0141601563,80.2237014771,23566,23576,10
13.0145597458,80.2242889404,23576,23586,10
13.0151796341,80.2248001099,23586,23596,10
13.0157604218,80.2252197266,23596,23607,11
13.016579628,80.2252578735,23607,23617,10
13.0175600052,80.2249069214,23617,23627,10
13.0186700821,80.2244567871,23627,23637,10
13.0196399689,80.2244491577,23637,23647,10
13.0203399658,80.224937439,23647,23657,10
13.0210800171,80.2254486084,23657,23667,10
13.0217599869,80.2259979248,23667,23677,10
13.0227203369,80.2268218994,23677,23688,11
13.0234899521,80.2275314331,23688,23698,10
13.0240802765,80.2280883789,23698,23708,10
13.0243501663,80.2283477783,23708,23718,10
13.0244197845,80.2285308838,23718,23728,10
13.024310112,80.2285232544,23728,23738,10
13.0239496231,80.2282180786,23738,23748,10
13.0236797333,80.2279434204,23748,23759,11
13.0234804153,80.2277832031,23759,23769,10
13.0232696533,80.2275466919,23769,24042,273
13.0232696533,80.2275466919,24042,24052,10
13.0230197906,80.227180481,24052,24063,11
13.0228099823,80.2269973755,24063,24073,10
13.0225400925,80.2267608643,24073,24083,10
13.0222301483,80.2264862061,24083,24093,10
13.021900177,80.2261962891,24093,24103,10
13.0215301514,80.2259292603,24103,24113,10
13.0211601257,80.2256393433,24113,24123,10
13.0207195282,80.2253112793,24123,24134,11
13.0202198029,80.2249908447,24134,24144,10
13.019780159,80.2247085571,24144,24154,10
13.0192298889,80.2245178223,24154,24164,10
13.0186300278,80.2246170044,24164,24174,10
13.0179100037,80.2249069214,24174,24184,10
13.0170898438,80.225227356,24184,24194,10
13.0163803101,80.2255172729,24194,24204,10
13.0156698227,80.2257537842,24204,24215,11
13.014960289,80.2260437012,24215,24225,10
13.0144996643,80.2262573242,24225,24245,20
13.0144996643,80.2262573242,24245,24255,10
13.0143604279,80.2263336182,24255,24265,10
13.0139598846,80.2264633179,24265,24275,10
13.0134296417,80.2266769409,24275,24286,11
13.0127401352,80.2269287109,24286,24296,10
13.0120697021,80.2272109985,24296,24306,10
13.0112600327,80.2275085449,24306,24316,10
13.010430336,80.2278366089,24316,24326,10
13.00963974,80.2281417847,24326,24336,10
13.0092096329,80.2287826538,24336,24346,10
13.0089998245,80.2296218872,24346,24356,10
13.0087900162,80.2305526733,24356,24367,11
13.0085897446,80.2315597534,24367,24377,10
13.0083999634,80.2325363159,24377,24387,10
13.0082902908,80.2333984375,24387,24397,10
13.0082397461,80.2336730957,24397,24407,10
13.008099556,80.2342071533,24407,24417,10
13.0080099106,80.2348175049,24417,24427,10
13.0078697205,80.2354812622,24427,24438,11
13.0076799393,80.2363967896,24438,24448,10
13.0074501038,80.2374572754,24448,24458,10
13.0072898865,80.2384185791,24458,24468,10
13.0070896149,80.2393798828,24468,24478,10
13.0069198608,80.2400817871,24478,24488,10
13.0068302155,80.2408599854,24488,24498,10
13.0067596436,80.2418289185,24498,24508,10
13.0067501068,80.2427597046,24508,24519,11
13.0067195892,80.2437820435,24519,24529,10
13.0066995621,80.2447509766,24529,24539,10
13.0067100525,80.2456970215,24539,24549,10
13.0067501068,80.24659729,24549,24559,10
13.0067596436,80.246963501,24559,24569,10
13.0067501068,80.2471389771,24569,24579,10
13.0066404343,80.2473678589,24579,24590,11
13.0062303543,80.2473831177,24590,24600,10
13.0054397583,80.2473831177,24600,24610,10
13.0043802261,80.2474594116,24610,24620,10
13.0031299591,80.2476501465,24620,24630,10
13.0020198822,80.2478866577,24630,24640,10
13.0008401871,80.2481918335,24640,24650,10
12.999540329,80.2485198975,24650,24660,10
12.9983596802,80.2488098145,24660,24671,11
12.9974498749,80.2490310669,24671,24681,10
12.996509552,80.2492828369,24681,24691,10
12.9954204559,80.2495727539,24691,24701,10
12.9942398071,80.2498931885,24701,24711,10
12.9930200577,80.2501678467,24711,24721,10
12.9918203354,80.2504730225,24721,24731,10
12.9912004471,80.2506332397,24731,24742,11
12.9908800125,80.2506790161,24742,24752,10
12.9901504517,80.250869751,24752,24762,10
12.9891996384,80.251121521,24762,24772,10
12.9884395599,80.2512893677,24772,24823,51
12.9884395599,80.2512893677,24823,24833,10
12.9881801605,80.2514038086,24833,24843,10
12.987569809,80.2515411377,24843,24853,10
12.9867897034,80.251739502,24853,24863,10
12.9858798981,80.251953125,24863,24873,10
12.9847297668,80.2522583008,24873,24883,10
12.9834403992,80.2526092529,24883,24894,11
12.982000351,80.2527389526,24894,24904,10
12.9809303284,80.2527618408,24904,24914,10
12.9799404144,80.2527770996,24914,24924,10
12.9789600372,80.2527008057,24924,24934,10
12.9787502289,80.2526626587,24934,24944,10
12.9785995483,80.2525863647,24944,24954,10
12.9780797958,80.2521972656,24954,24964,10
12.9773302078,80.2515792847,24964,24975,11
12.9761104584,80.2511978149,24975,24985,10
12.9748802185,80.2508468628,24985,24995,10
12.973690033,80.2505264282,24995,25005,10
12.9725799561,80.2502365112,25005,25015,10
12.9715499878,80.2499389648,25015,25025,10
12.9704799652,80.2496566772,25025,25035,10
12.9694099426,80.2492904663,25035,25046,11
12.9682998657,80.2488098145,25046,25056,10
12.9673099518,80.2483978271,25056,25066,10
12.9663200378,80.2479095459,25066,25076,10
12.9654998779,80.2475814819,25076,25086,10
12.9652299881,80.2474975586,25086,25096,10
12.9651699066,80.2474594116,25096,25106,10
12.9647197723,80.2472763062,25106,25116,10
12.9639501572,80.2469787598,25116,25127,11
12.9633197784,80.246711731,25127,25137,10
12.9626998901,80.2463989258,25137,25147,10
12.9618797302,80.2460174561,25147,25157,10
12.960940361,80.245552063,25157,25167,10
12.9599399567,80.2451400757,25167,25177,10
12.9593400955,80.2449035645,25177,25187,10
12.9588603973,80.2446289063,25187,25198,11
12.9580898285,80.2442779541,25198,25208,10
12.9576702118,80.2441177368,25208,25218,10
12.9569997787,80.2439117432,25218,25228,10
12.9564800262,80.2437667847,25228,25238,10
12.956319809,80.2437286377,25238,25248,10
12.9558496475,80.2434921265,25248,25258,10
12.9551401138,80.2431182861,25258,25268,10
12.9542999268,80.2427597046,25268,25279,11
12.9537401199,80.2424926758,25279,25289,10
12.9530601501,80.2421875,25289,25299,10
12.9522399902,80.2418899536,25299,25309,10
12.9516897202,80.2417297363,25309,25319,10
12.9515895844,80.2416915894,25319,25329,10
12.9511604309,80.2415313721,25329,25339,10
12.9503803253,80.2413024902,25339,25350,11
12.9497995377,80.2410964966,25350,25360,10
12.9494104385,80.2409820557,25360,25370,10
12.9486598969,80.2406768799,25370,25380,10
12.9477596283,80.2402801514,25380,25390,10
12.9469404221,80.2399368286,25390,25400,10
12.9462203979,80.2396469116,25400,25410,10
12.9453802109,80.2392501831,25410,25420,10
12.9445800781,80.2384872437,25420,25431,11
12.9435997009,80.2375793457,25431,25441,10
12.942779541,80.2367782593,25441,25451,10
12.9415597916,80.236366272,25451,25461,10
12.9403495789,80.2360610962,25461,25471,10
12.9398097992,80.2358627319,25471,25481,10
12.9397602081,80.2358322144,25481,25491,10
12.9393100739,80.2356414795,25491,25502,11
12.93846035,80.2352600098,25502,25512,10
12.9374504089,80.2347564697,25512,25522,10
12.9364299774,80.2342300415,25522,25532,10
12.9359302521,80.2340011597,25532,25542,10
12.9355096817,80.2337722778,25542,25552,10
12.9347496033,80.2334136963,25552,25562,10
12.934009552,80.2330932617,25562,25572,10
12.9339199066,80.233039856,25572,25583,11
12.9335603714,80.2328720093,25583,25593,10
12.9328203201,80.2325668335,25593,25603,10
12.9319896698,80.2322692871,25603,25613,10
12.9310102463,80.2319335938,25613,25623,10
12.9298801422,80.231628418,25623,25633,10
12.9288196564,80.2313995361,25633,25643,10
12.9276504517,80.2312393188,25643,25654,11
12.9264297485,80.2311096191,25654,25664,10
12.9256000519,80.2310180664,25664,25673,9
12.9248304367,80.2309188843,25673,25684,11
12.9238996506,80.2307891846,25684,25694,10
12.922829628,80.2306213379,25694,25704,10
12.9216003418,80.230430603,25704,25714,10
12.9204502106,80.2303009033,25714,25724,10
12.9193296432,80.2301330566,25724,25735,11
12.9181604385,80.2299880981,25735,25745,10
12.9171895981,80.2298583984,25745,25755,10
12.9162502289,80.2297592163,25755,25765,10
12.9152097702,80.2296218872,25765,25775,10
12.9142799377,80.2294769287,25775,25785,10
12.9135398865,80.2293930054,25785,25795,10
12.9134502411,80.2293701172,25795,25806,11
12.9131803513,80.2293319702,25806,25816,10
12.9125404358,80.2292327881,25816,25826,10
12.9116601944,80.2291030884,25826,25836,10
12.9106502533,80.2289581299,25836,25846,10
12.9094400406,80.2287597656,25846,25856,10
12.9083595276,80.2286224365,25856,25866,10
12.9078197479,80.2285385132,25866,25876,10
12.9075803757,80.2285232544,25876,25887,11
12.9067802429,80.2284393311,25887,25937,50
12.9067802429,80.2284393311,25937,25947,10
12.9067602158,80.228477478,25947,25958,11
12.9063596725,80.2283782959,25958,25968,10
12.9061098099,80.2283172607,25968,25978,10
12.9054403305,80.2282791138,25978,25988,10
12.9045000076,80.2282028198,25988,25998,10
12.903380394,80.2281417847,25998,26008,10
12.9023895264,80.2280883789,26008,26018,10
12.9014501572,80.2280731201,26018,26039,21
12.9014501572,80.2280731201,26039,26049,10
12.9012002945,80.2280578613,26049,26059,10
12.9008197784,80.2280197144,26059,26069,10
12.9003095627,80.2280426025,26069,26079,10
12.8998403549,80.2280197144,26079,26099,20
12.8998403549,80.2280197144,26099,26110,11
12.8993501663,80.2279510498,26110,26120,10
12.8985996246,80.2278900146,26120,26130,10
12.8976602554,80.2278366089,26130,26140,10
12.896490097,80.2277908325,26140,26150,10
12.89523983,80.227722168,26150,26160,10
12.8939304352,80.2276077271,26160,26170,10
12.8928899765,80.2275009155,26170,26180,10
12.8922796249,80.2274169922,26180,26191,11
12.8913602829,80.2274169922,26191,26201,10
12.8903102875,80.2274398804,26201,26211,10
12.8892202377,80.2274017334,26211,26221,10
12.8880596161,80.2273635864,26221,26231,10
12.8868598938,80.227180481,26231,26241,10
12.8856096268,80.2268829346,26241,26251,10
12.8848800659,80.2267837524,26251,26262,11
12.8848199844,80.2267837524,26262,26272,10
12.8843603134,80.2267913818,26272,26282,10
12.8835601807,80.2267837524,26282,26292,10
12.8825397491,80.2267684937,26292,26302,10
12.8813695908,80.2267837524,26302,26312,10
12.8802404404,80.2267837524,26312,26322,10
12.878950119,80.2268295288,26322,26332,10
12.8776302338,80.2269363403,26332,26343,11
12.8764200211,80.2270431519,26343,26353,10
12.8753404617,80.2269897461,26353,26363,10
12.8740797043,80.226852417,26363,26373,10
12.8729896545,80.2267990112,26373,26383,10
12.8726396561,80.2267990112,26383,26393,10
12.8724002838,80.2267990112,26393,26403,10
12.8717403412,80.2267913818,26403,26414,11
12.8707199097,80.2267227173,26414,26424,10
12.869600296,80.226600647,26424,26434,10
12.868350029,80.2264785767,26434,26444,10
12.8675699234,80.2265319824,26444,26454,10
12.8672800064,80.2265701294,26454,26464,10
12.8670101166,80.2266082764,26464,26474,10
12.8668804169,80.2266082764,26474,26484,10
12.8666000366,80.2266464233,26484,26495,11
12.8659200668,80.2266769409,26495,26505,10
12.8650598526,80.2266769409,26505,26515,10
12.86398983,80.2266387939,26515,26525,10
12.8627500534,80.2266311646,26525,26535,10
12.8614797592,80.2266693115,26535,26545,10
12.8610200882,80.2266693115,26545,26555,10
12.8608198166,80.2266387939,26555,26566,11
12.8601198196,80.2265625,26566,26576,10
12.8592100143,80.2264175415,26576,26586,10
12.858300209,80.2263183594,26586,26596,10
12.8571996689,80.2263565063,26596,26606,10
12.8559598923,80.2264862061,26606,26616,10
12.8546199799,80.2266387939,26616,26626,10
12.8532400131,80.2267608643,26626,26636,10
12.8518104553,80.2267684937,26636,26647,11
12.850279808,80.2266921997,26647,26657,10
12.8496799469,80.2266693115,26657,26667,10
12.8494901657,80.2266616821,26667,26677,10
12.8488397598,80.2266464233,26677,26687,10
12.8479299545,80.2266464233,26687,26697,10
12.8467998505,80.2266769409,26697,26707,10
12.8458595276,80.2266921997,26707,26718,11
12.8455400467,80.2266921997,26718,26728,10
12.8454704285,80.2266769409,26728,26738,10
12.845000267,80.2266998291,26738,26748,10
12.844209671,80.2267608643,26748,26758,10
12.8432502747,80.2269134521,26758,26768,10
12.8420801163,80.2271270752,26768,26778,10
12.8408298492,80.2274398804,26778,26788,10
12.8401498795,80.2276077271,26788,26799,11
12.8398303986,80.2276916504,26799,26819,20
12.8398303986,80.2276916504,26819,26829,10
12.8394403458,80.2278137207,26829,26839,10
12.8387403488,80.2280197144,26839,26849,10
12.8378095627,80.2282180786,26849,26859,10
12.8366804123,80.2284317017,26859,26870,11
12.8352499008,80.2286224365,26870,26880,10
12.8339395523,80.2288284302,26880,26890,10
12.83273983,80.2290420532,26890,26900,10
12.8318004608,80.2292480469,26900,26930,30
12.8318004608,80.2292480469,26930,26940,10
12.8317203522,80.2292175293,26940,26951,11
12.831580162,80.2288589478,26951,26971,20
12.831580162,80.2288589478,26971,26981,10
12.8315296173,80.2286987305,26981,26991,10
12.8314599991,80.2283782959,26991,27001,10
12.831319809,80.227722168,27001,27011,10
12.8311395645,80.2268371582,27011,27022,11
12.8310203552,80.2255783081,27022,27032,10
12.831029892,80.2247695923,27032,27042,10
12.8310203552,80.2244491577,27042,27052,10
12.8310403824,80.223739624,27052,27062,10
12.8310604095,80.2228164673,27062,27072,10
12.8310604095,80.2222671509,27072,27082,10
12.8310499191,80.2219619751,27082,27092,10
12.8310699463,80.2212600708,27092,27103,11
12.8310804367,80.2202911377,27103,27113,10
12.8310604095,80.2197570801,27113,27123,10
12.8308696747,80.2194976807,27123,27132,9
12.830280304,80.2195129395,27132,27143,11
12.8292999268,80.2195281982,27143,27153,10
12.8282403946,80.2195281982,27153,27163,10
12.8275604248,80.219543457,27163,27194,31
12.8275604248,80.219543457,27194,27204,10
12.8271398544,80.2195205688,27204,27214,10
12.8263998032,80.2195129395,27214,27224,10
12.8261098862,80.2195205688,27224,27234,10
12.8257703781,80.2195205688,27234,27245,11
12.8255500793,80.2195205688,27245,27255,10
12.8248796463,80.2195892334,27255,27265,10
12.8239297867,80.2195205688,27265,27275,10
12.8231201172,80.2195663452,27275,27285,10
12.8228797913,80.2194976807,27285,27295,10
12.8228302002,80.2194900513,27295,27305,10
12.8227100372,80.2193603516,27305,27315,10
12.8226604462,80.219078064,27315,27326,11
12.8226804733,80.2186965942,27326,27336,10
12.8226900101,80.2178268433,27336,27346,10
12.822719574,80.2168121338,27346,27356,10
12.8229398727,80.2159500122,27356,27376,20
12.8229398727,80.2159500122,27376,27386,10
12.8231601715,80.2159805298,27386,27397,11
12.8238096237,80.2159805298,27397,27408,11
12.8244199753,80.2159805298,27408,27418,10
12.8248996735,80.2159729004,27418,29141,1723
12.8248996735,80.2159729004,29141,29152,11
12.8249797821,80.2159500122,29152,29162,10
12.8250999451,80.2159500122,29162,29172,10
12.8251895905,80.2159500122,29172,29183,11
12.8254995346,80.2159576416,29183,29192,9
12.825750351,80.2159805298,29192,29203,11
12.825920105,80.2162399292,29203,29213,10
12.8259000778,80.216758728,29213,29223,10
12.8259096146,80.2174606323,29223,29234,11
12.8259401321,80.2184677124,29234,29244,10
12.8259401321,80.2192077637,29244,29254,10
12.8260803223,80.219367981,29254,29264,10
12.826669693,80.2193832397,29264,29274,10
12.8273296356,80.219367981,29274,29284,10
12.8274202347,80.219367981,29284,29294,10
12.8276996613,80.219367981,29294,29305,11
12.8280601501,80.2193832397,29305,29315,10
12.8287801743,80.2193832397,29315,29325,10
12.8297100067,80.2193832397,29325,29335,10
12.8306102753,80.2193908691,29335,29345,10
12.8309402466,80.2193908691,29345,29355,10
12.8312196732,80.2197723389,29355,29365,10
12.8312101364,80.2205429077,29365,29374,9
12.831199646,80.221496582,29374,29386,12
12.831199646,80.2220993042,29386,29396,10
12.831199646,80.2225570679,29396,29406,10
12.831199646,80.2234115601,29406,29416,10
12.831199646,80.2243804932,29416,29426,10
12.8312101364,80.2247009277,29426,29436,10
12.8312101364,80.2253265381,29436,29446,10
12.8312196732,80.2262115479,29446,29457,11
12.8314304352,80.2274017334,29457,29467,10
12.8316402435,80.2284698486,29467,29477,10
12.8317604065,80.2290115356,29477,29487,10
12.8318996429,80.2291183472,29487,29497,10
12.832449913,80.2289962769,29497,29507,10
12.833319664,80.2287902832,29507,29517,10
12.8344202042,80.2285995483,29517,29527,10
12.8356800079,80.2283706665,29527,29538,11
12.8370304108,80.2281799316,29538,29548,10
12.8381299973,80.2279815674,29548,29558,10
12.8390102386,80.2277603149,29558,29568,10
12.8392601013,80.2276763916,29568,29578,10
12.8393802643,80.2276229858,29578,29588,10
12.8395795822,80.2275390625,29588,29598,10
12.8397903442,80.2275009155,29598,29609,11
12.8404598236,80.2273712158,29609,29619,10
12.8413000107,80.2271728516,29619,29629,10
12.8422403336,80.2269287109,29629,29639,10
12.8430299759,80.2267608643,29639,29649,10
12.8438100815,80.2266464233,29649,29659,10
12.8443698883,80.2265777588,29659,29669,10
12.844499588,80.2265777588,29669,29679,10
12.8452396393,80.2264785767,29679,29700,21
12.8452396393,80.2264785767,29700,29710,10
12.8455600739,80.2264633179,29710,29720,10
12.8457202911,80.2264709473,29720,29730,10
12.8461999893,80.2264633179,29730,29740,10
12.8470201492,80.2264785767,29740,29750,10
12.8480100632,80.2265014648,29750,29761,11
12.8492298126,80.2264862061,29761,29771,10
12.850060463,80.2265014648,29771,29781,10
12.850230217,80.2264785767,29781,29791,10
12.850689888,80.2264785767,29791,29801,10
12.8514795303,80.2265167236,29801,29811,10
12.8524599075,80.2265472412,29811,29821,10
12.8536500931,80.2265396118,29821,29831,10
12.854929924,80.2264099121,29831,29842,11
12.8564195633,80.2262573242,29842,29852,10
12.8577699661,80.2261276245,29852,29862,10
12.8586196899,80.2261505127,29862,29872,10
12.8595399857,80.2262573242,29872,29882,10
12.8604803085,80.2263870239,29882,29892,10
12.8606901169,80.2264404297,29892,29902,10
12.8609304428,80.2264633179,29902,29913,11
12.8616399765,80.2264709473,29913,29923,10
12.8625202179,80.2264404297,29923,29933,10
12.8635702133,80.2264328003,29933,29943,10
12.8648099899,80.2264785767,29943,29953,10
12.8661298752,80.2264709473,29953,29963,10
12.867480278,80.226348877,29963,29973,10
12.8689002991,80.2263031006,29973,29983,10
12.8703098297,80.2264480591,29983,29994,11
12.8717803955,80.2265625,29994,30004,10
12.8727397919,80.2265701294,30004,30024,20
12.8727397919,80.2265701294,30024,30034,10
12.8730096817,80.2265701294,30034,30044,10
12.8736600876,80.226600647,30044,30054,10
12.8745298386,80.2266998291,30054,30065,11
12.8756504059,80.2268066406,30065,30075,10
12.8763904572,80.2268218994,30075,30085,10
12.8765201569,80.2268218994,30085,30095,10
12.8767595291,80.2268066406,30095,30104,9
12.876830101,80.2268066406,30104,30115,11
12.8773403168,80.2267990112,30115,30125,10
12.8781299591,80.2267227173,30125,30135,10
12.8790798187,80.2266693115,30135,30146,11
12.8803501129,80.2266616821,30146,30156,10
12.8816099167,80.2266616821,30156,30166,10
12.8829298019,80.2266387939,30166,30176,10
12.8841495514,80.2266235352,30176,30186,10
12.8853597641,80.2266311646,30186,30206,20
12.8853597641,80.2266311646,30206,30217,11
12.8854904175,80.2266464233,30217,30227,10
12.8860301971,80.2267990112,30227,30237,10
12.8867902756,80.2269897461,30237,30247,10
12.887720108,80.2271881104,30247,30257,10
12.8888597488,80.2272567749,30257,30267,10
12.8901100159,80.2272491455,30267,30277,10
12.8914604187,80.2272567749,30277,30287,10
12.8925600052,80.2272720337,30287,30298,11
12.8938598633,80.2274703979,30298,30308,10
12.8951396942,80.2275314331,30308,30318,10
12.8964796066,80.2276000977,30318,30328,10
12.8977499008,80.2276229858,30328,30338,10
12.8988199234,80.2276916504,30338,30348,10
12.8997497559,80.227722168,30348,30358,10
12.9004402161,80.2276992798,30358,30439,81
12.9004402161,80.2276992798,30439,30450,11
12.9006500244,80.2277374268,30450,30460,10
12.90102005,80.2278137207,30460,30470,10
12.9014101028,80.2277832031,30470,30480,10
12.9019403458,80.2278213501,30480,30490,10
12.9024600983,80.227897644,30490,30500,10
12.9028596878,80.2279281616,30500,30510,10
12.9030799866,80.227897644,30510,30521,11
12.9031000137,80.227897644,30521,30531,10
12.903260231,80.2279205322,30531,30541,10
12.9036598206,80.2279663086,30541,30551,10
12.9040498734,80.2279586792,30551,30561,10
12.9042596817,80.2279663086,30561,30632,71
12.9042596817,80.2279663086,30632,30642,10
12.9045801163,80.228012085,30642,30652,10
12.9049797058,80.2279968262,30652,30662,10
12.9051504135,80.2279968262,30662,30672,10
12.9053201675,80.2280197144,30672,30743,71
12.9053201675,80.2280197144,30743,30754,11
12.9057397842,80.2279815674,30754,30764,10
12.9058303833,80.2280197144,30764,30774,10
12.9059801102,80.2280578613,30774,30784,10
12.9061002731,80.2280807495,30784,30794,10
12.906370163,80.2281112671,30794,30804,10
12.9067201614,80.2281570435,30804,30814,10
12.9070796967,80.2282409668,30814,30824,10
12.9077501297,80.2283401489,30824,30835,11
12.9087600708,80.2284698486,30835,30845,10
12.9098396301,80.2286529541,30845,30855,10
12.9110498428,80.228843689,30855,30865,10
12.9123401642,80.229019165,30865,30875,10
12.9133996964,80.2291564941,30875,30885,10
12.9141197205,80.2292480469,30885,30895,10
12.9143199921,80.2292709351,30895,30906,11
12.9145698547,80.2293014526,30906,30916,10
12.9150295258,80.229309082,30916,30926,10
12.9158000946,80.2294311523,30926,30936,10
12.9167203903,80.2295379639,30936,30946,10
12.9173603058,80.2296218872,30946,30956,10
12.9180002213,80.2297515869,30956,30966,10
12.9187402725,80.229850769,30966,30977,11
12.9196500778,80.2299575806,30977,30987,10
12.9205703735,80.2301101685,30987,30997,10
12.9216403961,80.2302627563,30997,31007,10
12.9228096008,80.2304382324,31007,31017,10
12.9239997864,80.2306213379,31017,31027,10
12.9250297546,80.2307510376,31027,31037,10
12.9259901047,80.2308425903,31037,31047,10
12.9262399673,80.2308578491,31047,31058,11
12.926659584,80.2309112549,31058,31068,10
12.9273395538,80.2309799194,31068,31078,10
12.9281702042,80.2310791016,31078,31088,10
12.9289598465,80.2312088013,31088,31098,10
12.9298601151,80.2314071655,31098,31108,10
12.9308395386,80.2316589355,31108,31118,10
12.9317398071,80.2319412231,31118,31128,10
12.9327201843,80.2322463989,31128,31139,11
12.9334001541,80.2325668335,31139,31149,10
12.9335298538,80.2326278687,31149,31159,10
12.9335603714,80.2326583862,31159,31169,10
12.9338998795,80.2328109741,31169,31179,10
12.9345197678,80.2330627441,31179,31189,10
12.9356002808,80.2335586548,31189,31210,21
12.9356002808,80.2335586548,31210,31220,10
12.9357995987,80.2336578369,31220,31230,10
12.9362802505,80.2338790894,31230,31240,10
12.9369096756,80.2341384888,31240,31250,10
12.9376401901,80.2344970703,31250,31260,10
12.9383296967,80.23487854,31260,31270,10
12.9388999939,80.2351379395,31270,31281,11
12.9396896362,80.2355422974,31281,31301,20
12.9396896362,80.2355422974,31301,31311,10
12.9398698807,80.2356185913,31311,31321,10
12.9404401779,80.2358322144,31321,31331,10
12.9412097931,80.2360229492,31331,31341,10
12.9420900345,80.2362365723,31341,31351,10
12.9429397583,80.2366027832,31351,31362,11
12.9436197281,80.2372283936,31362,31372,10
12.9442396164,80.2378616333,31372,31382,10
12.9449396133,80.2386398315,31382,31392,10
12.9456501007,80.2392578125,31392,31402,10
12.9465103149,80.239616394,31402,31412,10
12.9471197128,80.2398605347,31412,31422,10
12.9472303391,80.2398986816,31422,31432,10
12.9472703934,80.2399215698,31432,31443,11
12.9477701187,80.2401275635,31443,31503,60
12.9477701187,80.2401275635,31503,31514,11
12.9479103088,80.2401428223,31514,31524,10
12.9482803345,80.2403106689,31524,31534,10
12.9487600327,80.2404632568,31534,31544,10
12.9490699768,80.2406005859,31544,31554,10
12.9492397308,80.2407073975,31554,31564,10
12.949669838,80.2408676147,31564,31574,10
12.9503002167,80.2410583496,31574,31584,10
12.9507398605,80.2411727905,31584,31605,21
12.9507398605,80.2411727905,31605,31615,10
12.9509496689,80.2412490845,31615,31625,10
12.9513101578,80.2413864136,31625,31635,10
12.9514398575,80.2414321899,31635,31645,10
12.9517297745,80.2415084839,31645,31655,10
12.9521999359,80.2416610718,31655,31666,11
12.9529800415,80.2419433594,31666,31676,10
12.953669548,80.2421875,31676,31686,10
12.9541397095,80.242401123,31686,31696,10
12.95470047,80.2426605225,31696,31706,10
12.9553003311,80.2428817749,31706,31716,10
12.9558401108,80.2431335449,31716,31726,10
12.9561500549,80.2432632446,31726,31818,92
12.9561500549,80.2432632446,31818,31828,10
12.9566202164,80.2434921265,31828,31838,10
12.9571800232,80.2437210083,31838,31848,10
12.957909584,80.2440032959,31848,31858,10
12.958439827,80.244178772,31858,31868,10
12.9589796066,80.2443771362,31868,31899,31
12.9589796066,80.2443771362,31899,31909,10
12.9591703415,80.244468689,31909,31919,10
12.9593000412,80.2445373535,31919,31929,10
12.959400177,80.2446212769,31929,31939,10
12.9598197937,80.2448120117,31939,31949,10
12.9604301453,80.2451019287,31949,31959,10
12.961230278,80.2454681396,31959,31970,11
12.9619503021,80.2457962036,31970,31980,10
12.9624700546,80.2460479736,31980,31990,10
12.9629402161,80.2462921143,31990,32000,10
12.9631204605,80.2463912964,32000,32010,10
12.9634103775,80.2465667725,32010,32020,10
12.9637002945,80.2466506958,32020,32030,10
12.9640798569,80.2468109131,32030,32040,10
12.964679718,80.2470397949,32040,32051,11
12.9655504227,80.2473220825,32051,32061,10
12.9661502838,80.2475585938,32061,32071,10
12.9664297104,80.2477035522,32071,32081,10
12.9669704437,80.2479476929,32081,32101,20
12.9669704437,80.2479476929,32101,32111,10
12.9671297073,80.2480392456,32111,32122,11
12.9677000046,80.248298645,32122,32132,10
12.9684400558,80.2486190796,32132,32142,10
12.9692296982,80.2489471436,32142,32152,10
12.9701595306,80.2493209839,32152,32162,10
12.9712600708,80.249671936,32162,32172,10
12.9723901749,80.2499389648,32172,32182,10
12.973449707,80.2502212524,32182,32192,10
12.9744997025,80.2505111694,32192,32203,11
12.9755496979,80.2508468628,32203,32213,10
12.9766902924,80.2511825562,32213,32223,10
12.9776802063,80.251663208,32223,32233,10
12.9787302017,80.2523574829,32233,32263,30
12.9787302017,80.2523574829,32263,32274,11
12.9788198471,80.2524032593,32274,32284,10
12.9790802002,80.2525024414,32284,32294,10
12.9793796539,80.2525405884,32294,32304,10
12.9795598984,80.2525405884,32304,32314,10
12.9798898697,80.2525634766,32314,32324,10
12.9804697037,80.2525482178,32324,32334,10
12.9812602997,80.2525405884,32334,32344,10
12.9821596146,80.2525024414,32344,32355,11
12.9829101563,80.2524490356,32355,32365,10
12.9831600189,80.2524490356,32365,32486,121
12.9831600189,80.2524490356,32486,32496,10
12.9833202362,80.2524719238,32496,32507,11
12.9837999344,80.2523422241,32507,32517,10
12.9844503403,80.2521362305,32517,32527,10
12.9850702286,80.2519836426,32527,32537,10
12.985619545,80.2518386841,32537,32547,10
12.9859399796,80.2517166138,32547,32557,10
12.9864397049,80.2516098022,32557,32567,10
12.9867801666,80.2515411377,32567,32578,11
12.9871196747,80.2514266968,32578,32588,10
12.9874696732,80.2513198853,32588,32598,10
12.9878196716,80.2512207031,32598,32608,10
12.9883804321,80.2510910034,32608,32618,10
12.9896202087,80.2507629395,32618,32659,41
12.9896202087,80.2507629395,32659,32669,10
12.9899902344,80.2507171631,32669,32679,10
12.9905996323,80.2505493164,32679,32689,10
12.9913702011,80.2503433228,32689,32699,10
12.9922800064,80.2501220703,32699,32709,10
12.9932603836,80.2498931885,32709,32719,10
12.9943399429,80.2496109009,32719,32730,11
12.9956502914,80.2492675781,32730,32739,9
12.9967603683,80.2489471436,32739,32750,11
12.9972295761,80.2488098145,32750,32760,10
12.9973602295,80.2488021851,32760,32770,10
12.9978704453,80.2486801147,32770,32780,10
12.9985399246,80.2485198975,32780,32790,10
12.9993896484,80.2483291626,32790,32800,10
13.0003995895,80.2480697632,32800,32811,11
13.0016202927,80.2477722168,32811,32821,10
13.0026197433,80.2475509644,32821,32831,10
13.0037899017,80.2473602295,32831,32841,10
13.0049104691,80.2472229004,32841,32851,10
13.0057201385,80.2470626831,32851,32861,10
13.006529808,80.2463378906,32861,32882,21
13.006529808,80.2463378906,32882,32892,10
13.0065698624,80.2460632324,32892,32902,10
13.0066003799,80.2454681396,32902,32912,10
13.0065803528,80.2447967529,32912,32922,10
13.0065202713,80.2442169189,32922,32932,10
13.0065402985,80.2435379028,32932,32942,10
13.0065202713,80.2426528931,32942,32952,10
13.0065498352,80.2416534424,32952,32963,11
13.0066699982,80.2408218384,32963,32973,10
13.0067596436,80.2401123047,32973,32983,10
13.0068397522,80.2396011353,32983,32993,10
13.007060051,80.2386627197,32993,33003,10
13.007229805,80.2378768921,33003,33013,10
13.0073900223,80.2368087769,33013,33034,21
13.0073900223,80.2368087769,33034,33044,10
13.0074501038,80.2365722656,33044,33054,10
13.0075702667,80.236038208,33054,33064,10
13.0077199936,80.2353363037,33064,33074,10
13.0078802109,80.2345428467,33074,33084,10
13.0080795288,80.2336196899,33084,33094,10
13.0082902908,80.2324066162,33094,33104,10
13.0085601807,80.2310562134,33104,33115,11
13.0088500977,80.2295684814,33115,33124,9
13.0090503693,80.2285003662,33124,33135,11
13.0095100403,80.2272415161,33135,33145,10
13.0099897385,80.2262573242,33145,33155,10
13.010310173,80.2255783081,33155,33165,10
13.0104598999,80.2253189087,33165,33175,10
13.0105495453,80.2251281738,33175,33186,11
13.0107402802,80.2247314453,33186,33196,10
13.0109300613,80.2241516113,33196,33206,10
13.0111904144,80.2236175537,33206,33216,10
13.0114498138,80.22290802,33216,33226,10
13.0116596222,80.2221298218,33226,33236,10
13.0120201111,80.2213973999,33236,33246,10
13.0122699738,80.2214584351,33246,33256,10
13.0125198364,80.2218399048,33256,33267,11
13.012720108,80.2222595215,33267,33277,10
13.0131397247,80.2226486206,33277,33287,10
13.0136404037,80.2231063843,33287,33297,10
13.013999939,80.2233505249,33297,33307,10
13.0140399933,80.2233581543,33307,33317,10
13.0142297745,80.223487854,33317,33327,10
13.0143404007,80.2236099243,33327,33338,11
13.0146198273,80.2238388062,33338,33348,10
13.0150995255,80.2246398926,33348,33368,20
13.0150995255,80.2246398926,33368,33378,10
13.0152301788,80.2247619629,33378,33388,10
13.0154895782,80.2250289917,33388,33398,10
13.016119957,80.2253189087,33398,33408,10
13.0170602798,80.2250823975,33408,33419,11
13.0181903839,80.2246170044,33419,33429,10
13.0190696716,80.2242965698,33429,33439,10
13.0195398331,80.224357605,33439,33469,30
13.0195398331,80.224357605,33469,33479,10
13.019659996,80.2244415283,33479,33490,11
13.0200195313,80.2246780396,33490,33500,10
13.0204000473,80.2249984741,33500,33510,10
13.0207099915,80.2252578735,33510,33520,10
13.0210199356,80.225479126,33520,33530,10
13.0214500427,80.225769043,33530,33540,10
13.0218000412,80.2260131836,33540,33550,10
13.0220804214,80.2261962891,33550,33560,10
13.0222997665,80.2263793945,33560,33571,11
13.0224304199,80.2264785767,33571,33581,10
13.0225200653,80.2265777588,33581,33591,10
13.0228300095,80.2268981934,33591,33652,61
13.0230197906,80.2272415161,33652,33682,30
13.0230197906,80.2272415161,33682,33692,10
13.0232801437,80.2272796631,33692,33702,10
13.0234804153,80.2274627686,33702,33712,10
13.0237197876,80.2276763916,33712,33723,11
13.0239400864,80.2279129028,33723,33773,50
13.0239400864,80.2279129028,33773,33783,10
13.0242004395,80.2283096313,33783,33794,11
13.0243797302,80.2284317017,33794,33814,20
13.0243797302,80.2284317017,33814,33824,10
13.0243797302,80.2285614014,33824,33834,10
13.024189949,80.228477478,33834,33844,10
13.0238800049,80.2281265259,33844,33854,10
13.0235795975,80.2277679443,33854,34087,233
13.0235795975,80.2277679443,34087,34098,11
13.0234203339,80.2275619507,34098,34108,10
13.0232000351,80.2273483276,34108,34118,10
13.0227603912,80.2269668579,34118,34128,10
13.0225095749,80.2267227173,34128,34138,10
13.0221500397,80.2264480591,34138,34148,10
13.0217599869,80.2261199951,34148,34158,10
13.0213298798,80.2257537842,34158,34168,10
13.0210895538,80.2256698608,34168,34179,11
13.0206403732,80.2253265381,34179,34189,10
13.0200500488,80.2249221802,34189,34199,10
13.0192899704,80.2245864868,34199,34209,10
13.0184402466,80.2247161865,34209,34219,10
13.0175600052,80.2250518799,34219,34229,10
13.0169200897,80.2253036499,34229,34239,10
13.016579628,80.2254486084,34239,34250,11
13.0163497925,80.2255325317,34250,34260,10
13.0159702301,80.2256622314,34260,34270,10
13.0154304504,80.2258605957,34270,34280,10
13.0144901276,80.2262573242,34280,34300,20
13.0144901276,80.2262573242,34300,34310,10
13.0142002106,80.2264099121,34310,34331,21
13.0142002106,80.2264099121,34331,34341,10
13.0140800476,80.2264633179,34341,34351,10
13.0136604309,80.2265930176,34351,34361,10
13.0131902695,80.2267303467,34361,34371,10
13.0125598907,80.2269897461,34371,34381,10
13.0118103027,80.2272567749,34381,34391,10
13.0109796524,80.2275695801,34391,34402,11
13.010140419,80.2279281616,34402,34412,10
13.009519577,80.2282180786,34412,34422,10
13.0092697144,80.2285766602,34422,34432,10
13.0091295242,80.2292175293,34432,34442,10
13.0089998245,80.2298202515,34442,34462,20
13.0089998245,80.2298202515,34462,34472,10
13.0089502335,80.2299499512,34472,34483,11
13.0088396072,80.2304000854,34483,34493,10
13.0086698532,80.231086731,34493,34503,10
13.0085000992,80.2319412231,34503,34513,10
13.0083398819,80.2328262329,34513,34522,9
13.0082998276,80.2332992554,34522,34533,11
13.0082902908,80.2334365845,34533,34543,10
13.0083198547,80.2335281372,34543,34554,11
13.0082302094,80.2338027954,34554,34564,10
13.0081195831,80.2342224121,34564,34574,10
13.008099556,80.2343063354,34574,34584,10
13.0080499649,80.2344970703,34584,34594,10
13.0079698563,80.2350463867,34594,34625,31
13.0079698563,80.2350463867,34625,34635,10
13.0079202652,80.2352676392,34635,34645,10
13.0078201294,80.235786438,34645,34665,20
13.0078201294,80.235786438,34665,34675,10
13.0077600479,80.2361984253,34675,34685,10
13.0076599121,80.2366104126,34685,34695,10
13.0075998306,80.2368774414,34695,34706,11
13.0074901581,80.237411499,34706,34716,10
13.0073404312,80.2381134033,34716,34756,40
13.0073404312,80.2381134033,34756,34766,10
13.0072698593,80.2384033203,34766,34777,11
13.0072002411,80.2388763428,34777,34787,10
13.0071296692,80.2395629883,34787,34797,10
13.0070695877,80.2403106689,34797,34807,10
13.0068798065,80.2410430908,34807,34817,10
13.0067796707,80.2418823242,34817,34858,41
13.0067796707,80.2422180176,34858,34929,71
13.0067796707,80.2422180176,34929,34939,10
13.0067796707,80.2427215576,34939,34949,10
13.0067396164,80.243057251,34949,34959,10
13.0067300797,80.2434997559,34959,34969,10
13.0067195892,80.2438812256,34969,34979,10
13.0067396164,80.2443771362,34979,34989,10
13.0067396164,80.2450332642,34989,34999,10
13.006770134,80.2456283569,34999,35010,11
13.0067901611,80.2466201782,35010,35040,30
13.0067901611,80.2466201782,35040,35050,10
13.0068101883,80.2469482422,35050,35060,10
13.0067100525,80.2473297119,35060,35070,10
13.0062599182,80.247428894,35070,35091,21
13.0062599182,80.247428894,35091,35101,10
13.006070137,80.2474594116,35101,35111,10
13.0054798126,80.247467041,35111,35121,10
13.004650116,80.2474517822,35121,35131,10
13.0036897659,80.2475891113,35131,35141,10
13.0026903152,80.2476882935,35141,35151,10
13.0017595291,80.2479400635,35151,35162,11
13.0005702972,80.2482223511,35162,35172,10
12.9994096756,80.2485198975,35172,35182,10
12.9983701706,80.248840332,35182,35192,10
12.9981098175,80.248916626,35192,35202,10
12.9980602264,80.2489318848,35202,35212,10
12.9976196289,80.2490081787,35212,35222,10
12.9969301224,80.249168396,35222,35233,11
12.9960002899,80.249420166,35233,35243,10
12.9950199127,80.2496871948,35243,35253,10
12.9938802719,80.2499694824,35253,35263,10
12.992770195,80.2502212524,35263,35273,10
12.991979599,80.2504196167,35273,35283,10
12.9914999008,80.2505722046,35283,35537,254
12.9914999008,80.2505722046,35537,35547,10
12.9911699295,80.2506637573,35547,35557,10
12.991060257,80.2506637573,35557,35567,10
12.9908304214,80.2507095337,35567,35577,10
12.9905004501,80.2507781982,35577,35587,10
12.9900598526,80.2508926392,35587,35597,10
12.9898099899,80.2509613037,35597,35607,10
12.9894599915,80.2510375977,35607,35618,11
12.9890804291,80.251121521,35618,35628,10
12.9886198044,80.2512817383,35628,35638,10
12.9881696701,80.251411438,35638,35648,10
12.9879398346,80.2514266968,35648,35658,10
12.9876298904,80.2515182495,35658,35668,10
12.987279892,80.2516174316,35668,35678,10
12.9868202209,80.251739502,35678,35689,11
12.9862699509,80.2518463135,35689,35699,10
12.98554039,80.2520294189,35699,35709,10
12.9846000671,80.2522888184,35709,35719,10
12.9835195541,80.2525787354,35719,35729,10
12.9823598862,80.2527084351,35729,35739,10
12.9812602997,80.2527313232,35739,35749,10
12.9802999496,80.252746582,35749,35759,10
12.9796800613,80.2527389526,35759,35770,11
12.9787397385,80.2526397705,35770,35790,20
12.9787397385,80.2526397705,35790,35800,10
12.9786100388,80.2525787354,35800,35810,10
12.9781398773,80.252281189,35810,35820,10
12.9775400162,80.251739502,35820,35830,10
12.9766197205,80.2513580322,35830,35841,11
12.9753799438,80.2510223389,35841,35851,10
12.9743204117,80.2507400513,35851,35861,10
12.9733400345,80.2504806519,35861,35871,10
12.9724502563,80.2502288818,35871,35881,10
12.9715900421,80.2499313354,35881,35891,10
12.9705400467,80.2496490479,35891,35901,10
12.9694299698,80.2492294312,35901,35911,10
12.9683904648,80.2488708496,35911,35922,11
12.9673995972,80.2484588623,35922,35932,10
12.9667396545,80.2481384277,35932,35942,10
12.9663095474,80.2479095459,35942,35952,10
12.9656600952,80.2476425171,35952,35962,10
12.9651699066,80.2474594116,35962,35972,10
12.9651699066,80.2474517822,35972,35982,10
12.9647798538,80.2472915649,35982,35993,11
12.9644498825,80.2471618652,35993,36003,10
12.9643001556,80.2471084595,36003,36043,40
12.9643001556,80.2471084595,36043,36053,10
12.9640398026,80.2470169067,36053,36063,10
12.9635801315,80.2468566895,36063,36074,11
12.9629001617,80.2465362549,36074,36084,10
12.9620599747,80.2461166382,36084,36094,10
12.9610500336,80.2456207275,36094,36103,9
12.960100174,80.2452011108,36103,36114,11
12.9595003128,80.2449417114,36114,36124,10
12.9594202042,80.2448806763,36124,36134,10
12.9590702057,80.2447128296,36134,36145,11
12.9583501816,80.2444000244,36145,36155,10
12.9576797485,80.2441329956,36155,36165,10
12.9569597244,80.243927002,36165,36175,10
12.9565200806,80.2437820435,36175,36195,20
12.9565200806,80.2437820435,36195,36205,10
12.956199646,80.2436828613,36205,36215,10
12.9556903839,80.2433776855,36215,36226,11
12.9548597336,80.2429504395,36226,36236,10
12.9539403915,80.2425613403,36236,36246,10
12.9528503418,80.2421188354,36246,36256,10
12.9520196915,80.2418365479,36256,36266,10
12.951789856,80.2417678833,36266,36276,10
12.9517097473,80.2417221069,36276,36286,10
12.9512300491,80.2415084839,36286,36297,11
12.9503898621,80.2412796021,36297,36306,9
12.9495296478,80.241027832,36306,36317,11
12.9485397339,80.2406387329,36317,36327,10
12.9476203918,80.2402496338,36327,36337,10
12.9473400116,80.2400970459,36337,36347,10
12.947019577,80.2400131226,36347,36357,10
12.9469604492,80.239982605,36357,36367,10
12.9465303421,80.2398300171,36367,36378,11
12.9457597733,80.2394866943,36378,36388,10
12.945019722,80.2389831543,36388,36398,10
12.9442901611,80.238243103,36398,36408,10
12.9434700012,80.2373199463,36408,36418,10
12.9424104691,80.2366333008,36418,36428,10
12.9411401749,80.2362594604,36428,36438,10
12.9398899078,80.2358779907,36438,36469,31
12.9398899078,80.2358779907,36469,36479,10
12.9394798279,80.2357711792,36479,36489,10
12.9388799667,80.235458374,36489,36499,10
12.9380998611,80.2350997925,36499,36509,10
12.9371995926,80.2346420288,36509,36519,10
12.9362201691,80.2341308594,36519,36530,11
12.9353704453,80.233757019,36530,36540,10
12.9345197678,80.2333602905,36540,36550,10
12.933930397,80.2330780029,36550,36570,20
12.933930397,80.2330780029,36570,36580,10
12.9336299896,80.2329406738,36580,36590,10
12.9331798553,80.2327575684,36590,36600,10
12.9324903488,80.2325363159,36600,36611,11
12.9315500259,80.2321929932,36611,36621,10
12.9305696487,80.2318572998,36621,36631,10
12.9298801422,80.2316818237,36631,36651,20
12.9298801422,80.2316818237,36651,36661,10
12.9295902252,80.2315597534,36661,36671,10
12.9293804169,80.2315063477,36671,36682,11
12.9292097092,80.2314834595,36682,36692,10
12.9289999008,80.2314224243,36692,36702,10
12.9286899567,80.231338501,36702,36712,10
12.9281101227,80.2312469482,36712,36722,10
12.9272603989,80.2311477661,36722,36732,10
12.9263801575,80.2310562134,36732,36742,10
12.9260597229,80.2310409546,36742,36752,10
12.9258298874,80.231010437,36752,36763,11
12.9252004623,80.2309494019,36763,36773,10
12.9244499207,80.2308578491,36773,36783,10
12.9235496521,80.23072052,36783,36793,10
12.9225797653,80.2305603027,36793,36803,10
12.9215202332,80.2304077148,36803,36813,10
12.9204397202,80.2302703857,36813,36823,10
12.9194498062,80.230140686,36823,36834,11
12.9182901382,80.2300109863,36834,36844,10
12.917429924,80.2299118042,36844,36854,10
12.9167804718,80.2298278809,36854,36864,10
12.9160003662,80.2297134399,36864,36874,10
12.9150896072,80.2295684814,36874,36884,10
12.9142799377,80.2294692993,36884,36894,10
12.9137897491,80.2294006348,36894,36925,31
12.9137897491,80.2294006348,36925,36935,10
12.9133701324,80.2293319702,36935,36945,10
12.9128303528,80.2292480469,36945,36955,10
12.9121103287,80.2291183472,36955,36965,10
12.9112195969,80.2290115356,36965,36975,10
12.9102802277,80.2288894653,36975,36986,11
12.9093399048,80.2287216187,36986,36996,10
12.9086399078,80.2285995483,36996,37006,10
12.9084396362,80.2285385132,37006,37016,10
12.9081697464,80.228477478,37016,37026,10
12.9072904587,80.2283782959,37026,37117,91
12.9072904587,80.2283782959,37117,37127,10
12.9071102142,80.2284393311,37127,37138,11
12.9066696167,80.2283706665,37138,37148,10
12.9060201645,80.228302002,37148,37158,10
12.9051504135,80.2282867432,37158,37168,10
12.9041004181,80.2282333374,37168,37178,10
12.9030199051,80.2281417847,37178,37188,10
12.9024600983,80.2281112671,37188,37198,10
12.9022703171,80.2281112671,37198,37208,10
12.9022102356,80.2281265259,37208,37219,11
12.9018802643,80.2281036377,37219,37229,10
12.9015798569,80.2280731201,37229,37239,10
12.9014196396,80.2280807495,37239,37249,10
12.9012098312,80.2280578613,37249,37482,233
12.9012098312,80.2280578613,37482,37492,10
12.9006795883,80.2279434204,37492,37502,10
12.8999700546,80.2279663086,37502,37512,10
12.899140358,80.2279663086,37512,37523,11
12.8988103867,80.2279815674,37523,37533,10
12.898639679,80.2279510498,37533,37543,10
12.8980998993,80.2278594971,37543,37553,10
12.8973398209,80.2277984619,37553,37563,10
12.8964195251,80.2277374268,37563,37573,10
12.8953504562,80.2276916504,37573,37583,10
12.8941497803,80.2276000977,37583,37594,11
12.8928403854,80.2274703979,37594,37604,10
12.8918304443,80.2274017334,37604,37614,10
12.8906602859,80.227432251,37614,37624,10
12.8896102905,80.227432251,37624,37634,10
12.8886299133,80.2274093628,37634,37644,10
12.8875999451,80.2273330688,37644,37654,10
12.8863897324,80.2270812988,37654,37664,10
12.8852500916,80.2267990112,37664,37675,11
12.8844203949,80.2267532349,37675,37685,10
12.8835296631,80.2267227173,37685,37695,10
12.8824195862,80.2267379761,37695,37705,10
12.8812103271,80.2267608643,37705,37715,10
12.8799295425,80.2267990112,37715,37725,10
12.8785495758,80.226852417,37725,37735,10
12.8773097992,80.2269363403,37735,37746,11
12.8763198853,80.2270126343,37746,37756,10
12.8761901855,80.2270202637,37756,37766,10
12.8761701584,80.2270126343,37766,37776,10
12.8757801056,80.2269973755,37776,37786,10
12.8750495911,80.2269363403,37786,37796,10
12.8741102219,80.2268218994,37796,37806,10
12.873000145,80.2267303467,37806,37816,10
12.8717298508,80.2266998291,37816,37827,11
12.8702697754,80.2266311646,37827,37837,10
12.8689203262,80.2264785767,37837,37847,10
12.8676595688,80.2264633179,37847,37857,10
12.8662996292,80.2265930176,37857,37867,10
12.8650503159,80.2265777588,37867,37877,10
12.8637695313,80.2265472412,37877,37887,10
12.8624296188,80.2265777588,37887,37898,11
12.8609600067,80.2266082764,37898,37908,10
12.859629631,80.2264709473,37908,37918,10
12.858420372,80.2263336182,37918,37928,10
12.8571195602,80.2263565063,37928,37938,10
12.8558101654,80.2264862061,37938,37948,10
12.8544597626,80.2266311646,37948,37958,10
12.8530797958,80.2267303467,37958,37968,10
12.8519897461,80.2267227173,37968,37979,11
12.8507900238,80.2266769409,37979,37989,10
12.850060463,80.2266387939,37989,37999,10
12.8500099182,80.2266387939,37999,38009,10
12.8495798111,80.2266387939,38009,38019,10
12.8488302231,80.2266082764,38019,38029,10
12.8478603363,80.2266235352,38029,38039,10
12.8467502594,80.2266464233,38039,38050,11
12.8454999924,80.2266693115,38050,38070,20
12.8454999924,80.2266693115,38070,38080,10
12.8451595306,80.2266387939,38080,38090,10
12.8444795609,80.2266693115,38090,38100,10
12.8436002731,80.2267532349,38100,38110,10
12.8430204391,80.2268600464,38110,38120,10
12.8427696228,80.2269210815,38120,38131,11
12.842590332,80.2269973755,38131,38161,30
12.842590332,80.2269973755,38161,38171,10
12.8423995972,80.2270736694,38171,38202,31
12.8420295715,80.2272262573,38202,38242,40
12.8420295715,80.2272262573,38242,38252,10
12.8416595459,80.2272720337,38252,38333,81
12.841340065,80.2273330688,38333,38424,91
12.8409700394,80.2274169922,38424,38475,51
12.8405799866,80.2275009155,38475,38495,20
12.840379715,80.2275772095,38495,38526,31
12.840379715,80.2275772095,38526,38536,10
12.8402395248,80.2276611328,38536,38546,10
12.8401899338,80.2276763916,38546,38556,10
12.8400201797,80.2277374268,38556,38566,10
12.8398704529,80.2277908325,38566,38576,10
12.8398103714,80.2277984619,38576,38587,11
12.839679718,80.2278594971,38587,38597,10
12.8392400742,80.227897644,38597,38607,10
12.8385000229,80.2280731201,38607,38617,10
12.8375797272,80.2282562256,38617,38627,10
12.8364696503,80.2284393311,38627,38637,10
12.8352499008,80.2286300659,38637,38647,10
12.8340597153,80.2288208008,38647,38658,11
12.8326797485,80.2291107178,38658,38678,20
12.8326797485,80.2291107178,38678,38688,10
12.8325099945,80.2291412354,38688,38698,10
12.8320798874,80.2292098999,38698,38708,10
12.8318195343,80.2292709351,38708,38718,10
12.8311595917,80.2294235229,38718,38728,10
12.8302698135,80.2297363281,38728,38739,11
12.8291397095,80.230178833,38739,38749,10
12.8280000687,80.2307815552,38749,38759,10
12.8267803192,80.2313079834,38759,38769,10
12.8253803253,80.2314376831,38769,38779,10
12.8239603043,80.2312393188,38779,38789,10
12.8225898743,80.2308120728,38789,38799,10
12.8212404251,80.2305221558,38799,38810,11
12.8197202682,80.2305221558,38810,38820,10
12.8184404373,80.2303237915,38820,38830,10
12.817440033,80.2298431396,38830,38840,10
12.8162002563,80.2295227051,38840,38850,10
12.8148603439,80.229309082,38850,38860,10
12.8136997223,80.2290725708,38860,38870,10
12.812959671,80.2288284302,38870,38880,10
12.8120603561,80.2284927368,38880,38891,11
12.810839653,80.2280197144,38891,38901,10
12.809630394,80.2275009155,38901,38911,10
12.8085298538,80.2267608643,38911,38921,10
12.8074598312,80.2258529663,38921,38931,10
12.8066902161,80.2251815796,38931,38941,10
12.806019783,80.2246627808,38941,38951,10
12.8053302765,80.2241897583,38951,38962,11
12.8049697876,80.2240982056,38962,38972,10
12.8046102524,80.2240066528,38972,38982,10
12.8039102554,80.2239379883,38982,38992,10
12.8029699326,80.2238464355,38992,39002,10
12.8018198013,80.2237091064,39002,39012,10
12.8010702133,80.2236480713,39012,39022,10
12.8009300232,80.2236175537,39022,39032,10
12.8004398346,80.2235794067,39032,39043,11
12.7995195389,80.2235031128,39043,39053,10
12.7985200882,80.2233963013,39053,39063,10
12.797249794,80.2232131958,39063,39073,10
12.7958498001,80.2229995728,39073,39093,20
12.7958498001,80.2229995728,39093,39103,10
12.7954101563,80.2229003906,39103,39114,11
12.7944698334,80.2227325439,39114,39124,10
12.7933998108,80.2225723267,39124,39134,10
12.7922000885,80.2223587036,39134,39144,10
12.7910900116,80.222076416,39144,39154,10
12.7899198532,80.2217788696,39154,39164,10
12.7889995575,80.2214813232,39164,39174,10
12.7880001068,80.2210693359,39174,39184,10
12.7872104645,80.2207565308,39184,39195,11
12.7867603302,80.2206420898,39195,39215,20
12.7867603302,80.2206420898,39215,39225,10
12.7862195969,80.2204284668,39225,39245,20
12.7862195969,80.2204284668,39245,39255,10
12.7861995697,80.2208328247,39255,39266,11
12.786239624,80.2213821411,39266,39276,10
12.7862596512,80.2220916748,39276,39296,20
12.7863101959,80.2220077515,39296,40127,831
12.7863101959,80.2220077515,40127,40137,10
12.7862195969,80.2217636108,40137,40147,10
12.786190033,80.2215576172,40147,40157,10
12.7861404419,80.2212219238,40157,40177,20
12.7861404419,80.2212219238,40177,40188,11
12.7861404419,80.2205505371,40188,40218,30
12.7861404419,80.2205505371,40218,40228,10
12.7862796783,80.2203521729,40228,40238,10
12.7865896225,80.2204284668,40238,40259,21
12.7865896225,80.2204284668,40259,40269,10
12.7869701385,80.2205810547,40269,40279,10
12.787560463,80.2207717896,40279,40289,10
12.7881202698,80.2209472656,40289,40299,10
12.788860321,80.2212524414,40299,40309,10
12.7894802094,80.2214813232,40309,40319,10
12.7899103165,80.2216110229,40319,40329,10
12.7904996872,80.2218017578,40329,40340,11
12.7914495468,80.2220611572,40340,40350,10
12.7925100327,80.2223205566,40350,40360,10
12.7933101654,80.2224502563,40360,40370,10
12.7941398621,80.2225494385,40370,40380,10
12.7952203751,80.2227172852,40380,40390,10
12.7962598801,80.2228927612,40390,40400,10
12.7964200974,80.2229232788,40400,40411,11
12.79666996,80.2229919434,40411,40421,10
12.7972898483,80.2230987549,40421,40431,10
12.7981100082,80.2232131958,40431,40441,10
12.7989702225,80.2232589722,40441,40451,10
12.7998399734,80.2233505249,40451,40461,10
12.8007802963,80.223449707,40461,40471,10
12.8014202118,80.2235336304,40471,40481,10
12.8016300201,80.2235412598,40481,40492,11
12.8023004532,80.2236175537,40492,40502,10
12.8031301498,80.223739624,40502,40512,10
12.8039302826,80.2238235474,40512,40522,10
12.8045701981,80.2238693237,40522,40532,10
12.8052501678,80.223991394,40532,40542,10
12.8055095673,80.224067688,40542,40552,10
12.8056001663,80.2241287231,40552,40563,11
12.8061304092,80.2245483398,40563,40573,10
12.8068304062,80.2251815796,40573,40583,10
12.8076000214,80.2258300781,40583,40593,10
12.808259964,80.2263793945,40593,40603,10
12.8089895248,80.2269668579,40603,40613,10
12.8099002838,80.2275009155,40613,40623,10
12.8110399246,80.2279815674,40623,40633,10
12.8123197556,80.2284164429,40633,40644,11
12.8137197495,80.2289428711,40644,40654,10
12.8149003983,80.2292175293,40654,40664,10
12.8161802292,80.2293777466,40664,40674,10
12.8174200058,80.2296829224,40674,40684,10
12.818400383,80.2301635742,40684,40694,10
12.8191900253,80.2304229736,40694,40704,10
12.8201398849,80.2304000854,40704,40715,11
12.8214197159,80.2304077148,40715,40725,10
12.822429657,80.2306289673,40725,40735,10
12.8235502243,80.2309875488,40735,40745,10
12.8247098923,80.2312774658,40745,40755,10
12.8257799149,80.2313232422,40755,40765,10
12.8268699646,80.2312088013,40765,40775,10
12.8279304504,80.230758667,40775,40785,10
12.8289604187,80.2301864624,40785,40796,11
12.830039978,80.2297592163,40796,40806,10
12.8307695389,80.2294387817,40806,40826,20
12.8307695389,80.2294387817,40826,40836,10
12.8310203552,80.2294006348,40836,40846,10
12.8315496445,80.2292175293,40846,40856,10
12.8318796158,80.2291030884,40856,40867,11
12.8319997787,80.2290802002,40867,40877,10
12.832570076,80.2289733887,40877,40887,10
12.8334302902,80.2288284302,40887,40897,10
12.8345003128,80.2286376953,40897,40907,10
12.8357200623,80.2284469604,40907,40917,10
12.8369102478,80.2282485962,40917,40927,10
12.8379802704,80.2280578613,40927,40937,10
12.8388595581,80.2278289795,40937,40948,11
12.8393201828,80.2276535034,40948,40978,30
12.8393201828,80.2276535034,40978,40988,10
12.8398399353,80.2274932861,40988,40998,10
12.8405303955,80.2273406982,40998,41008,10
12.8414201736,80.2270965576,41008,41019,11
12.842590332,80.2268676758,41019,41029,10
12.8437795639,80.2266769409,41029,41039,10
12.8447904587,80.2265472412,41039,41049,10
12.8454504013,80.2265014648,41049,41059,10
12.8455400467,80.2265319824,41059,41069,10
12.8460502625,80.2265090942,41069,41079,10
12.8469104767,80.2265090942,41079,41089,10
12.8479604721,80.2265167236,41089,41100,11
12.8492698669,80.2265167236,41100,41110,10
12.8505802155,80.2265090942,41110,41120,10
12.8518800735,80.2265625,41120,41130,10
12.8531999588,80.2266235352,41130,41140,10
12.8545303345,80.2264862061,41140,41150,10
12.8559103012,80.2263412476,41150,41160,10
12.8573303223,80.2261810303,41160,41171,11
12.8585596085,80.2261581421,41171,41181,10
12.8597002029,80.2263031006,41181,41191,10
12.861000061,80.2264404297,41191,41201,10
12.8623399734,80.2264404297,41201,41211,10
12.8637199402,80.2264175415,41211,41221,10
12.8651599884,80.2264709473,41221,41231,10
12.8666200638,80.2264175415,41231,41241,10
12.8680400848,80.2263031006,41241,41252,11
12.8694295883,80.2263565063,41252,41261,9
12.8704299927,80.2264633179,41261,41272,11
12.8713998795,80.2265625,41272,41282,10
12.8723201752,80.2265625,41282,41292,10
12.8729400635,80.2265472412,41292,41302,10
12.8731098175,80.2265701294,41302,41312,10
12.8737096786,80.2266235352,41312,41323,11
12.8746404648,80.2267227173,41323,41333,10
12.8766002655,80.2268218994,41333,41343,10
12.8766002655,80.2268218994,41343,41353,10
12.8767595291,80.2268218994,41353,41363,10
12.8770303726,80.2267990112,41363,41373,10
12.8777103424,80.2267532349,41373,41383,10
12.8786296844,80.2266921997,41383,41393,10
12.8797597885,80.2266464233,41393,41404,11
12.8812303543,80.2266235352,41404,41414,10
12.8825597763,80.2266082764,41414,41423,9
12.8839302063,80.2266082764,41423,41433,10
12.8851900101,80.2266311646,41433,41445,12
12.8864803314,80.2269287109,41445,41454,9
12.8877801895,80.2271881104,41454,41465,11
12.8890199661,80.2272720337,41465,41476,11
12.8903999329,80.2272872925,41476,41486,10
12.8917303085,80.2272796631,41486,41496,10
12.8926401138,80.2273330688,41496,41506,10
12.8935804367,80.2274475098,41506,41516,10
12.8947601318,80.2275390625,41516,41526,10
12.8960599899,80.2276000977,41526,41536,10
12.8974304199,80.2276382446,41536,41546,10
12.8986597061,80.2277069092,41546,41557,11
12.899720192,80.2277603149,41557,41567,10
12.900270462,80.2277908325,41567,41638,71
12.900270462,80.2277908325,41638,41648,10
12.9004297256,80.2278137207,41648,41658,10
12.9007196426,80.2278289795,41658,41668,10
12.9012002945,80.227897644,41668,41678,10
12.9017801285,80.2278518677,41678,41688,10
12.9023599625,80.2278671265,41688,41698,10
12.9027395248,80.227897644,41698,41709,11
12.902759552,80.227897644,41709,41719,10
12.9030399323,80.2279434204,41719,41729,10
12.903670311,80.2279815674,41729,41739,10
12.9044904709,80.2280273438,41739,41749,10
12.9052000046,80.2280502319,41749,41800,51
12.9052000046,80.2280502319,41800,41810,10
12.9053697586,80.2280578613,41810,41820,10
12.9057397842,80.2280426025,41820,41830,10
12.9060201645,80.2280502319,41830,41840,10
12.9062595367,80.2280883789,41840,41850,10
12.9064798355,80.2281265259,41850,41861,11
12.9068202972,80.2281570435,41861,41871,10
12.906829834,80.2281570435,41871,41881,10
12.90721035,80.2282028198,41881,41891,10
12.9079399109,80.2283172607,41891,41901,10
12.9088802338,80.2284622192,41901,41911,10
12.9100399017,80.2286682129,41911,41921,10
12.9113197327,80.2288589478,41921,41932,11
12.9125204086,80.229019165,41932,41942,10
12.9134502411,80.229133606,41942,41952,10
12.9138898849,80.2291870117,41952,41962,10
12.9139404297,80.2292098999,41962,41972,10
12.9139900208,80.2291717529,41972,41982,10
12.9144697189,80.2292861938,41982,41992,10
12.9152202606,80.229347229,41992,42002,10
12.9161195755,80.2295074463,42002,42013,11
12.9174003601,80.2296676636,42013,42023,10
12.9186401367,80.2298812866,42023,42033,10
12.9198198318,80.2300109863,42033,42043,10
12.9210996628,80.230178833,42043,42053,10
12.922419548,80.2304000854,42053,42063,10
12.9238004684,80.2306213379,42063,42073,10
12.9252300262,80.230796814,42073,42084,11
12.9266901016,80.2309570313,42084,42094,10
12.9280004501,80.2311325073,42094,42104,10
12.9290704727,80.2312774658,42104,42114,10
12.930100441,80.2314910889,42114,42124,10
12.9312896729,80.2317733765,42124,42134,10
12.9323997498,80.232131958,42134,42144,10
12.9332199097,80.2324523926,42144,42154,10
12.9335699081,80.2326431274,42154,42165,11
12.9336004257,80.2326583862,42165,42175,10
12.9339103699,80.2328109741,42175,42185,10
12.9345798492,80.2331008911,42185,42195,10
12.9354295731,80.2334518433,42195,42205,10
12.9363899231,80.2339401245,42205,42215,10
12.9375295639,80.2344589233,42215,42225,10
12.9385700226,80.234992981,42225,42236,11
12.9395103455,80.2353134155,42236,42246,10
12.939740181,80.2354736328,42246,42256,10
12.9398603439,80.2355422974,42256,42266,10
12.9402599335,80.2357177734,42266,42276,10
12.940990448,80.2359695435,42276,42286,10
12.9419002533,80.2361984253,42286,42296,10
12.9429197311,80.2366027832,42296,42306,10
12.9438199997,80.2374191284,42306,42317,11
12.9448003769,80.2384796143,42317,42327,10
12.945810318,80.2392501831,42327,42337,10
12.9467401505,80.2396621704,42337,42347,10
12.9470100403,80.2397994995,42347,42357,10
12.9471902847,80.2398910522,42357,42367,10
12.9476604462,80.2400894165,42367,42377,10
12.9482097626,80.2403411865,42377,42388,11
12.9484300613,80.240447998,42388,42398,10
12.9489498138,80.240562439,42398,42408,10
12.9493598938,80.2407684326,42408,42418,10
12.9500102997,80.2409667969,42418,42428,10
12.950799942,80.2412261963,42428,42438,10
12.9513597488,80.2413864136,42438,42448,10
12.9514503479,80.2414169312,42448,42458,10
12.9516801834,80.2415084839,42458,42469,11
12.9525003433,80.2418212891,42469,42479,10
12.9533500671,80.2421417236,42479,42489,10
12.954079628,80.2424087524,42489,42499,10
12.9547996521,80.2426986694,42499,42509,10
12.9554300308,80.2429428101,42509,42519,10
12.9559602737,80.2431182861,42519,42529,10
12.9563598633,80.2432403564,42529,42590,61
12.9563598633,80.2432403564,42590,42600,10
12.9569196701,80.2434768677,42600,42610,10
12.9575996399,80.2438201904,42610,42621,11
12.9584999084,80.2442321777,42621,42631,10
12.9593296051,80.2446289063,42631,42641,10
12.9603004456,80.2450790405,42641,42651,10
12.961350441,80.2455978394,42651,42661,10
12.9624004364,80.2461013794,42661,42671,10
12.9629402161,80.2463302612,42671,42681,10
12.9632797241,80.2464828491,42681,42692,11
12.963640213,80.2466583252,42692,42702,10
12.9641895294,80.2468795776,42702,42712,10
12.9649896622,80.2471466064,42712,42722,10
12.9658203125,80.2473983765,42722,42732,10
12.9667100906,80.2478027344,42732,42752,20
12.9667100906,80.2478027344,42752,42762,10
12.9667797089,80.2478637695,42762,42773,11
12.9672403336,80.2481231689,42773,42783,10
12.9680099487,80.2484130859,42783,42793,10
12.9689798355,80.2487487793,42793,42803,10
12.9701004028,80.2491836548,42803,42813,10
12.9713001251,80.2496337891,42813,42823,10
12.9725799561,80.2500228882,42823,42833,10
12.9736700058,80.2503128052,42833,42844,11
12.9749603271,80.2506484985,42844,42854,10
12.9761600494,80.2509918213,42854,42864,10
12.9772901535,80.2513580322,42864,42874,10
12.9780702591,80.2519378662,42874,42884,10
12.9785003662,80.2522201538,42884,42894,10
12.9785499573,80.2522735596,42894,42904,10
12.9787597656,80.2523880005,42904,42914,10
12.9791002274,80.2525024414,42914,42925,11
12.9793300629,80.2525405884,42925,42935,10
12.9797401428,80.252571106,42935,42945,10
12.9803695679,80.2525863647,42945,42955,10
12.9810800552,80.2525634766,42955,42965,10
12.9819297791,80.2525634766,42965,42975,10
12.9828596115,80.2525177002,42975,42985,10
12.9838199615,80.2523574829,42985,42996,11
12.9848203659,80.2520599365,42996,43006,10
12.9856796265,80.2518386841,43006,43016,10
12.9863796234,80.251663208,43016,43026,10
12.986749649,80.2515563965,43026,43168,142
12.986749649,80.2515563965,43168,43178,10
12.986869812,80.2515716553,43178,43188,10
12.9872598648,80.251449585,43188,43198,10
12.9877595901,80.2513198853,43198,43208,10
12.9884004593,80.251159668,43208,43218,10
12.9892196655,80.2509307861,43218,43229,11
12.9894399643,80.250869751,43229,43239,10
12.9898195267,80.250793457,43239,43249,10
12.9904699326,80.2506332397,43249,43259,10
12.9913396835,80.2504119873,43259,43269,10
12.9923601151,80.2501602173,43269,43278,9
12.9933900833,80.2498931885,43278,43289,11
12.9946203232,80.2495727539,43289,43300,11
12.995880127,80.2492599487,43300,43310,10
12.9965801239,80.2490692139,43310,43320,10
12.9966602325,80.2490997314,43320,43330,10
12.9970703125,80.2490005493,43330,43340,10
12.9978103638,80.2488098145,43340,43350,10
12.9986896515,80.248550415,43350,43360,10
12.9997596741,80.248298645,43360,43370,10
13.0008401871,80.2480316162,43370,43381,11
13.0020599365,80.247718811,43381,43391,10
13.0027198792,80.2475585938,43391,43401,10
13.0027799606,80.247543335,43401,43411,10
13.0032300949,80.2474594116,43411,43421,10
13.0039396286,80.2473678589,43421,43431,10
13.0048704147,80.2472610474,43431,43441,10
13.0056600571,80.2471008301,43441,43452,11
13.006310463,80.2468185425,43452,43462,10
13.0064001083,80.2465362549,43462,43472,10
13.0064496994,80.246421814,43472,43482,10
13.0065402985,80.2459564209,43482,43492,10
13.0065803528,80.2452163696,43492,43502,10
13.0065402985,80.2445831299,43502,43512,10
13.0065603256,80.2440795898,43512,43522,10
13.0065803528,80.2437362671,43522,43533,11
13.0065603256,80.2432403564,43533,43543,10
13.0065603256,80.24243927,43543,43553,10
13.0066003799,80.2417373657,43553,43563,10
13.0066099167,80.2413787842,43563,43573,10
13.0066099167,80.2410507202,43573,43583,10
13.0066795349,80.2406616211,43583,43593,10
13.006819725,80.2399215698,43593,43604,11
13.0069303513,80.2391433716,43604,43614,10
13.0071401596,80.23828125,43614,43624,10
13.0073795319,80.2373504639,43624,43644,20
13.0073795319,80.2373504639,43644,43654,10
13.0074300766,80.2371368408,43654,43664,10
13.0074996948,80.2366333008,43664,43674,10
13.0076398849,80.2359237671,43674,43685,11
13.0078001022,80.2350921631,43685,43695,10
13.0079402924,80.2342376709,43695,43705,10
13.0081501007,80.2331771851,43705,43715,10
13.0084104538,80.2319412231,43715,43725,10
13.008600235,80.2307891846,43725,43735,10
13.0087995529,80.229598999,43735,43745,10
13.0090703964,80.2283782959,43745,43756,11
13.0095701218,80.227142334,43756,43766,10
13.0100498199,80.2259902954,43766,43776,10
13.0105600357,80.2250289917,43776,43786,10
13.010840416,80.224281311,43786,43796,10
13.0110998154,80.2233428955,43796,43806,10
13.0115995407,80.2224502563,43806,43816,10
13.0120897293,80.2216110229,43816,43826,10
13.0124797821,80.2212982178,43826,43836,10
13.0125598907,80.2217636108,43836,43847,11
13.0126495361,80.222038269,43847,43857,10
13.0127000809,80.2220916748,43857,43867,10
13.0128698349,80.2222213745,43867,43877,10
13.0131502151,80.2224273682,43877,43887,10
13.0132703781,80.2225494385,43887,43897,10
13.0135097504,80.2227325439,43897,43918,21
13.0135097504,80.2227325439,43918,43928,10
13.0138597488,80.2230911255,43928,43938,10
13.0140695572,80.2232666016,43938,43948,10
13.0141601563,80.2233963013,43948,43958,10
13.0141897202,80.2236099243,43958,43968,10
13.0143003464,80.2240371704,43968,43978,10
13.0151596069,80.2247619629,43978,43989,11
13.0156297684,80.2250289917,43989,43999,10
13.0156402588,80.2250366211,43999,44009,10
13.0161104202,80.2252197266,44009,44019,10
13.0167999268,80.2251434326,44019,44029,10
13.0174999237,80.224899292,44029,44039,10
13.0182600021,80.2246017456,44039,44049,10
13.0194997787,80.2243423462,44049,44080,31
13.0194997787,80.2243423462,44080,44090,10
13.0195102692,80.2243499756,44090,44100,10
13.0198497772,80.2245788574,44100,44110,10
13.020409584,80.2250213623,44110,44120,10
13.0210504532,80.225479126,44120,44130,10
13.0215396881,80.2258300781,44130,44141,11
13.0220899582,80.2261962891,44141,44151,10
13.022600174,80.2266921997,44151,44161,10
13.0230998993,80.2271575928,44161,44171,10
13.0235395432,80.2275924683,44171,44181,10
13.0240402222,80.2280731201,44181,44191,10
13.0243501663,80.2283630371,44191,44272,81
13.0243501663,80.2283630371,44272,44282,10
13.0242700577,80.2285385132,44282,44293,11
13.0239601135,80.2282409668,44293,44303,10
13.0234804153,80.2277374268,44303,44515,212
13.0234804153,80.2277374268,44515,44526,11
13.0232200623,80.2274398804,44526,44536,10
13.022939682,80.2272415161,44536,44546,10
13.0228996277,80.2271575928,44546,44556,10
13.0225400925,80.2268829346,44556,44566,10
13.0221700668,80.226600647,44566,44576,10
13.0217399597,80.2262191772,44576,44586,10
13.0212001801,80.2257385254,44586,44597,11
13.0205402374,80.2252731323,44597,44607,10
13.0199699402,80.2248764038,44607,44617,10
13.0191402435,80.2245407104,44617,44627,10
13.0182304382,80.2247619629,44627,44637,10
13.01720047,80.2251586914,44637,44647,10
13.016579628,80.2254180908,44647,44657,10
13.0162096024,80.2255630493,44657,44667,10
13.0156202316,80.2257766724,44667,44678,11
13.0148801804,80.2260818481,44678,44688,10
13.0144300461,80.2262420654,44688,44698,10
13.0140600204,80.2264633179,44698,44708,10
13.0140104294,80.2264709473,44708,44718,10
13.0139503479,80.2264862061,44718,44728,10
13.0136604309,80.2265777588,44728,44738,10
13.0131998062,80.2266769409,44738,44749,11
13.0123901367,80.2269897461,44749,44759,10
13.0114498138,80.2273635864,44759,44769,10
13.0104503632,80.2277832031,44769,44779,10
13.0095596313,80.2281417847,44779,44789,10
13.0090703964,80.2287521362,44789,44799,10
13.0088596344,80.2297592163,44799,44809,10
13.0086202621,80.2308197021,44809,44820,11
13.0083999634,80.2319717407,44820,44830,10
13.0082798004,80.2329330444,44830,44840,10
13.0082302094,80.2335662842,44840,44860,20
13.0082302094,80.2335662842,44860,44870,10
13.0081195831,80.2339401245,44870,44880,10
13.0079898834,80.2345581055,44880,44890,10
13.0077800751,80.2354202271,44890,44901,11
13.0075397491,80.2365036011,44901,44911,10
13.0073699951,80.2374420166,44911,44921,10
13.0072097778,80.2382965088,44921,44931,10
13.007060051,80.2390899658,44931,44941,10
13.0069599152,80.2397994995,44941,44972,31
13.0069599152,80.2397994995,44972,44982,10
13.0069599152,80.2399520874,44982,44992,10
13.0069103241,80.2403030396,44992,45002,10
13.0068502426,80.2406997681,45002,45012,10
13.0068397522,80.2406997681,45012,45022,10
13.0068101883,80.2409515381,45022,45032,10
13.0067195892,80.2415924072,45032,45042,10
13.0066795349,80.2425003052,45042,45053,11
13.0066604614,80.2431869507,45053,45063,10
13.0066699982,80.2433319092,45063,45073,10
13.0066795349,80.243598938,45073,45083,10
13.0066900253,80.2436599731,45083,45093,10
13.0065698624,80.2440032959,45093,45103,10
13.0065097809,80.2445831299,45103,45113,10
13.0065498352,80.2451782227,45113,45123,10
13.0066604614,80.24584198,45123,45134,11
13.0066995621,80.2460784912,45134,45144,10
13.0067195892,80.2462692261,45144,45154,10
13.0067396164,80.2464828491,45154,45164,10
13.0067501068,80.2465896606,45164,45174,10
13.0067501068,80.2467727661,45174,45184,10
13.0067596436,80.2470779419,45184,45194,10
13.0064001083,80.2474136353,45194,45215,21
13.0064001083,80.2474136353,45215,45225,10
13.0062103271,80.2474899292,45225,45235,10
13.0056800842,80.2474899292,45235,45245,10
13.0048704147,80.2474899292,45245,45255,10
13.0038900375,80.2475814819,45255,45265,10
13.002989769,80.2476806641,45265,45275,10
13.0022497177,80.2478408813,45275,45286,11
13.0013198853,80.2480697632,45286,45296,10
13.000289917,80.248298645,45296,45306,10
12.9991102219,80.2486114502,45306,45316,10
12.9982299805,80.2488632202,45316,45325,9
12.9981803894,80.2488708496,45325,45336,11
12.9980401993,80.248916626,45336,45346,10
12.9973697662,80.2490463257,45346,45357,11
12.9964504242,80.2493209839,45357,45367,10
12.9954004288,80.2495803833,45367,45377,10
12.9941902161,80.2499008179,45377,45387,10
12.992939949,80.2502212524,45387,45397,10
12.9919300079,80.2504577637,45397,45407,10
12.9916200638,80.2505722046,45407,45417,10
12.991230011,80.2506637573,45417,45427,10
12.9911499023,80.2506637573,45427,45438,11
12.9907798767,80.2507629395,45438,45448,10
12.9903297424,80.250831604,45448,45458,10
12.9900197983,80.2509231567,45458,45468,10
12.9898004532,80.2510604858,45468,45579,111
12.9898004532,80.2510604858,45579,45590,11
12.9896202087,80.2510910034,45590,45600,10
12.9892597198,80.2511901855,45600,45610,10
12.9889802933,80.2512512207,45610,45620,10
12.9884195328,80.2514190674,45620,45762,142
12.9884195328,80.2514190674,45762,45772,10
12.9882698059,80.2514724731,45772,45782,10
12.9880504608,80.2515106201,45782,45792,10
12.9875497818,80.2515792847,45792,45802,10
12.9868602753,80.2517471313,45802,45813,11
12.9862298965,80.2518920898,45813,45823,10
12.9854402542,80.2520675659,45823,45833,10
12.9844398499,80.2523422241,45833,45843,10
12.9833602905,80.2526016235,45843,45853,10
12.9821596146,80.2527008057,45853,45863,10
12.981010437,80.252746582,45863,45873,10
12.9803695679,80.2527770996,45873,45883,10
12.9799604416,80.2527770996,45883,45894,11
12.979180336,80.2527084351,45894,45904,10
12.9786396027,80.2526168823,45904,45914,10
12.9786300659,80.2526168823,45914,45924,10
12.9783601761,80.2524795532,45924,45934,10
12.9778404236,80.2520294189,45934,45944,10
12.9771203995,80.2514724731,45944,45954,10
12.9761800766,80.2511978149,45954,45965,11
12.9750299454,80.250869751,45965,45975,10
12.9739198685,80.2505569458,45975,45985,10
12.9727897644,80.2502670288,45985,45995,10
12.971739769,80.2499771118,45995,46005,10
12.9706096649,80.2496566772,46005,46015,10
12.9695100784,80.2492828369,46015,46025,10
12.9685096741,80.2489089966,46025,46035,10
12.9678401947,80.2486419678,46035,46046,11
12.9674396515,80.2484512329,46046,46056,10
12.9669599533,80.2481994629,46056,46066,10
12.9663295746,80.2478790283,46066,46076,10
12.9655399323,80.2475585938,46076,46086,10
12.9650402069,80.2474136353,46086,46096,10
12.9648704529,80.2473297119,46096,46106,10
12.9644498825,80.247177124,46106,46117,11
12.9639701843,80.2470169067,46117,46127,10
12.9635696411,80.2468490601,46127,46137,10
12.9629096985,80.2465362549,46137,46147,10
12.9620895386,80.2461395264,46147,46157,10
12.9613304138,80.2457580566,46157,46167,10
12.9604701996,80.2453613281,46167,46177,10
12.9596004486,80.245010376,46177,46187,10
12.9594802856,80.2449417114,46187,46198,11
12.9591798782,80.2447814941,46198,46208,10
12.9585504532,80.2444992065,46208,46218,10
12.9578199387,80.2441864014,46218,46228,10
12.9570999146,80.243927002,46228,46238,10
12.9566802979,80.243812561,46238,46319,81
12.9566802979,80.243812561,46319,46329,10
12.9561901093,80.243637085,46329,46339,10
12.9556903839,80.2433776855,46339,46350,11
12.9548597336,80.2429580688,46350,46360,10
12.9539003372,80.2425537109,46360,46370,10
12.9528102875,80.2421112061,46370,46380,10
12.9519195557,80.2418136597,46380,46390,10
12.9517402649,80.2417602539,46390,46400,10
12.9513301849,80.2415771484,46400,46410,10
12.9506196976,80.2413635254,46410,46421,11
12.9497299194,80.2411193848,46421,46431,10
12.9492902756,80.2409667969,46431,46451,20
12.9492902756,80.2409667969,46451,46461,10
12.948969841,80.2408294678,46461,46471,10
12.9483203888,80.2405776978,46471,46481,10
12.9473600388,80.2401733398,46481,46502,21
12.9473600388,80.2401733398,46502,46512,10
12.9470701218,80.2400436401,46512,46522,10
12.9464797974,80.2398071289,46522,46532,10
12.9456796646,80.2394790649,46532,46542,10
12.9448795319,80.2388763428,46542,46552,10
12.9440803528,80.2380065918,46552,46562,10
12.9432001114,80.2370986938,46562,46573,11
12.9419202805,80.2364578247,46573,46583,10
12.9406795502,80.2361526489,46583,46593,10
12.9398002625,80.2358474731,46593,46603,10
12.939740181,80.2358322144,46603,46613,10
12.9394397736,80.235748291,46613,46623,10
12.9388303757,80.2354888916,46623,46633,10
12.9380998611,80.2351226807,46633,46643,10
12.9371099472,80.2345962524,46643,46654,11
12.9360198975,80.234046936,46654,46664,10
12.9350099564,80.2335968018,46664,46674,10
12.9337997437,80.2330093384,46674,46694,20
12.9337997437,80.2330093384,46694,46704,10
12.9334402084,80.2328567505,46704,46714,10
12.9327802658,80.2325973511,46714,46725,11
12.9318799973,80.2322769165,46725,46735,10
12.930850029,80.231918335,46735,46745,10
12.9298000336,80.2316131592,46745,46755,10
12.9286899567,80.2313690186,46755,46765,10
12.9274301529,80.2312011719,46765,46775,10
12.926440239,80.231086731,46775,46785,10
12.926199913,80.2310714722,46785,46795,10
12.9260396957,80.2310409546,46795,46806,11
12.9255399704,80.2309799194,46806,46816,10
12.9248399734,80.2309112549,46816,46826,10
12.9239902496,80.230796814,46826,46836,10
12.9230003357,80.2306594849,46836,46846,10
12.9218196869,80.23046875,46846,46856,10
12.9205303192,80.2303009033,46856,46866,10
12.9191799164,80.2301177979,46866,46877,11
12.9179897308,80.2299728394,46877,46887,10
12.9168996811,80.2298278809,46887,46897,10
12.9159202576,80.2296829224,46897,46907,10
12.9148101807,80.2295532227,46907,46917,10
12.913769722,80.2293930054,46917,46927,10
12.9133300781,80.2293624878,46927,46937,10
12.9132604599,80.2293395996,46937,46947,10
12.9127902985,80.2292480469,46947,46958,11
12.911939621,80.2291183472,46958,46968,10
12.9109802246,80.2289962769,46968,46978,10
12.9099197388,80.2288284302,46978,46988,10
12.9090795517,80.2286834717,46988,46998,10
12.9081096649,80.2285003662,46998,47008,10
12.9072198868,80.2284164429,47008,47018,10
12.9065799713,80.2283782959,47018,47029,11
12.9064397812,80.2283782959,47029,47039,10
12.9061002731,80.2283325195,47039,47049,10
12.9054403305,80.2282791138,47049,47059,10
12.904540062,80.2282180786,47059,47069,10
12.9034900665,80.2281723022,47069,47079,10
12.9024896622,80.2281112671,47079,47089,10
12.9017801285,80.2280807495,47089,47099,10
12.9013795853,80.2280578613,47099,47110,11
12.9013299942,80.2280578613,47110,47120,10
12.901260376,80.2280502319,47120,47130,10
12.900850296,80.2279891968,47130,47140,10
12.9003601074,80.2279815674,47140,47150,10
12.899430275,80.2279281616,47150,47170,20
12.899430275,80.2279281616,47170,47181,11
12.8991098404,80.227897644,47181,47191,10
12.8988199234,80.2278823853,47191,47201,10
12.8985500336,80.2278594971,47201,47211,10
12.8979301453,80.2278213501,47211,47221,10
12.8971099854,80.2277908325,47221,47231,10
12.8961496353,80.2277603149,47231,47241,10
12.8951702118,80.2277069092,47241,47251,10
12.8941602707,80.2276535034,47251,47262,11
12.8933401108,80.2275466919,47262,47272,10
12.8927202225,80.2274703979,47272,47282,10
12.8924598694,80.2274398804,47282,47292,10
12.8919095993,80.2273864746,47292,47302,10
12.8910999298,80.2273788452,47302,47312,10
12.8901596069,80.2273864746,47312,47322,10
12.8890399933,80.2273864746,47322,47333,11
12.8877696991,80.2273406982,47333,47343,10
12.8865404129,80.2271194458,47343,47353,10
12.8854103088,80.2268295288,47353,47363,10
12.8849401474,80.2267913818,47363,47373,10
12.8849401474,80.2267837524,47373,47383,10
12.8845500946,80.2267608643,47383,47393,10
12.8838796616,80.2267532349,47393,47403,10
12.8830003738,80.2267532349,47403,47414,11
12.8818302155,80.2267532349,47414,47424,10
12.8806200027,80.2267608643,47424,47434,10
12.8793096542,80.2267837524,47434,47444,10
12.8779802322,80.2268676758,47444,47454,10
12.876999855,80.2269592285,47454,47464,10
12.8765201569,80.2270126343,47464,47474,10
12.8763999939,80.2270126343,47474,47485,11
12.8762598038,80.2269973755,47485,47495,10
12.8757400513,80.2270202637,47495,47505,10
12.8749799728,80.2269592285,47505,47515,10
12.8740301132,80.2268218994,47515,47525,10
12.8729295731,80.2267608643,47525,47535,10
12.8717699051,80.2267379761,47535,47545,10
12.8705196381,80.2266616821,47545,47555,10
12.86921978,80.2265319824,47555,47566,11
12.8677301407,80.2264785767,47566,47576,10
12.8664999008,80.2266082764,47576,47586,10
12.8652601242,80.2266464233,47586,47596,10
12.8639802933,80.2266235352,47596,47606,10
12.8626298904,80.2266082764,47606,47616,10
12.8614397049,80.2266693115,47616,47626,10
12.8610401154,80.2266616821,47626,47637,11
12.8609800339,80.2266464233,47637,47647,10
12.8605604172,80.2266082764,47647,47657,10
12.8597898483,80.2265090942,47657,47667,10
12.8590698242,80.2264099121,47667,47697,30
12.8590698242,80.2264099121,47697,47708,11
12.8589801788,80.2264099121,47708,47718,10
12.8586902618,80.2263412476,47718,47728,10
12.8581695557,80.22631073,47728,47738,10
12.8574800491,80.226348877,47738,47748,10
12.8566303253,80.2264404297,47748,47758,10
12.855629921,80.2265396118,47758,47768,10
12.8544397354,80.2266387939,47768,47778,10
12.8531599045,80.2267608643,47778,47789,11
12.8516798019,80.2267608643,47789,47799,10
12.8505296707,80.2266998291,47799,47809,10
12.8501596451,80.2266693115,47809,47819,10
12.8499097824,80.2266311646,47819,47829,10
12.8492603302,80.2266235352,47829,47839,10
12.8483695984,80.2266235352,47839,47849,10
12.8472604752,80.2266693115,47849,47860,11
12.8462696075,80.2267227173,47860,47870,10
12.8454999924,80.2266998291,47870,47890,20
12.8454999924,80.2266998291,47890,47900,10
12.8453197479,80.2266616821,47900,47910,10
12.8447599411,80.2266998291,47910,47920,10
12.8439502716,80.2267532349,47920,47930,10
12.8429603577,80.2268981934,47930,47941,11
12.8416595459,80.227180481,47941,47951,10
12.8405704498,80.2274780273,47951,47961,10
12.8400697708,80.2276687622,47961,47971,10
12.839799881,80.2277908325,47971,47981,10
12.8397703171,80.2277984619,47981,47991,10
12.839679718,80.2278366089,47991,48001,10
12.8392896652,80.2279129028,48001,48012,11
12.8384799957,80.2280731201,48012,48022,10
12.8375797272,80.2282562256,48022,48032,10
12.8364601135,80.2284317017,48032,48042,10
12.8352098465,80.2286224365,48042,48052,10
12.8338603973,80.2288284302,48052,48062,10
12.8326597214,80.2290267944,48062,48072,10
12.8319396973,80.2292175293,48072,48082,10
12.8317403793,80.2292175293,48082,48093,11
12.8315496445,80.2288818359,48093,48113,20
12.8315496445,80.2288818359,48113,48123,10
12.8315000534,80.2285995483,48123,48133,10
12.8313903809,80.2279815674,48133,48143,10
12.831199646,80.227142334,48143,48153,10
12.8310403824,80.2260971069,48153,48164,11
12.8310203552,80.2249832153,48164,48174,10
12.8310203552,80.2246627808,48174,48184,10
12.8310203552,80.2241287231,48184,48194,10
12.8310403824,80.2232971191,48194,48204,10
12.8310403824,80.222442627,48204,48214,10
12.831029892,80.2222213745,48214,48224,10
12.8310403824,80.2216873169,48224,48234,10
12.8310499191,80.2209014893,48234,48245,11
12.8310403824,80.2199707031,48245,48255,10
12.8310098648,80.2196884155,48255,48265,10
12.8306598663,80.2194824219,48265,48275,10
12.8299503326,80.2194824219,48275,48285,10
12.8290395737,80.2194900513,48285,48295,10
12.8280000687,80.2194900513,48295,48305,10
12.8275899887,80.2194824219,48305,48336,31
12.8275899887,80.2194824219,48336,48346,10
12.8273897171,80.2194137573,48346,48356,10
12.826789856,80.2194213867,48356,48366,10
12.8261404037,80.2194290161,48366,48376,10
12.8258304596,80.2194366455,48376,48386,10
12.8256597519,80.2194900513,48386,48397,11
12.8252897263,80.2194976807,48397,48407,10
12.8245201111,80.2195129395,48407,48416,9
12.8235797882,80.2194976807,48416,48427,11
12.8229198456,80.2194824219,48427,48437,10
12.8228397369,80.2194519043,48437,48447,10
12.8226299286,80.2192001343,48447,48457,10
12.8225297928,80.2187576294,48457,48468,11
12.8225097656,80.2180404663,48468,48478,10
12.8225402832,80.2170562744,48478,48488,10
12.8226003647,80.2161026001,48488,48498,10
12.8229103088,80.2159423828,48498,48508,10
12.8233299255,80.2159423828,48508,48518,10
12.8241195679,80.2159500122,48518,48528,10
12.8247003555,80.2159576416,48528,48569,41
12.8247003555,80.2159576416,48569,48579,10
12.8248996735,80.2159729004,48579,48680,101
12.8250398636,80.2160186768,48680,48741,61
12.8250398636,80.2160186768,48741,48751,10
12.8250703812,80.216003418,48751,48761,10
12.8253202438,80.2160186768,48761,48771,10
12.825630188,80.2160186768,48771,48782,11
12.8258199692,80.2160797119,48782,48792,10
12.8259000778,80.2164382935,48792,48802,10
12.8259096146,80.2169189453,48802,48812,10
12.8259000778,80.2174606323,48812,48822,10
12.8259000778,80.217956543,48822,48832,10
12.8258895874,80.2184371948,48832,48842,10
12.8258895874,80.2188568115,48842,48852,10
12.8258895874,80.2191696167,48852,48863,11
12.8261995316,80.2193222046,48863,48873,10
12.8266000748,80.2193222046,48873,48883,10
12.826880455,80.2193374634,48883,48893,10
12.8272199631,80.2193603516,48893,48903,10
12.8274803162,80.2193374634,48903,48934,31
12.8274803162,80.2193374634,48934,48944,10
12.8276596069,80.219367981,48944,48954,10
12.8280000687,80.219367981,48954,48964,10
12.8286504745,80.219367981,48964,48974,10
12.8297595978,80.2193603516,48974,48984,10
12.8305797577,80.2193527222,48984,48994,10
12.8308801651,80.2193832397,48994,49004,10
12.8311500549,80.2198867798,49004,49014,10
12.8311395645,80.220741272,49014,49025,11
12.8311300278,80.2217102051,49025,49035,10
12.8311595917,80.2220993042,49035,49045,10
12.8311595917,80.2225494385,49045,49055,10
12.8311595917,80.2233276367,49055,49065,10
12.8311595917,80.2242736816,49065,49075,10
12.8311595917,80.2246170044,49075,49086,11
12.8311300278,80.2251815796,49086,49096,10
12.8311395645,80.2259368896,49096,49106,10
12.8313102722,80.2270507813,49106,49116,10
12.8315000534,80.2280197144,49116,49126,10
12.8317203522,80.2289810181,49126,49146,20
12.8317203522,80.2289810181,49146,49157,11
12.8320198059,80.2290420532,49157,49167,10
12.8325996399,80.2289199829,49167,49177,10
12.8334798813,80.2287597656,49177,49187,10
12.8344497681,80.2285919189,49187,49197,10
12.8357095718,80.2283935547,49197,49207,10
12.8368597031,80.2282333374,49207,49217,10
12.8382396698,80.2279586792,49217,49227,10
12.8389997482,80.227722168,49227,49238,11
12.8392896652,80.2276000977,49238,49248,10
12.8394498825,80.2275466919,49248,49258,10
12.8396100998,80.2275238037,49258,49268,10
12.8400802612,80.2274398804,49268,49278,10
12.840669632,80.2272796631,49278,49288,10
12.8415803909,80.2270202637,49288,49298,10
12.8426904678,80.2267990112,49298,49309,11
12.8438997269,80.2266311646,49309,49319,10
12.8453502655,80.2264862061,49319,49339,20
12.8453502655,80.2264862061,49339,49349,10
12.8456201553,80.2264633179,49349,49359,10
12.8457202911,80.2264633179,49359,49369,10
12.8461704254,80.2264709473,49369,49379,10
12.8469696045,80.2264785767,49379,49390,11
12.8480701447,80.2264785767,49390,49400,10
12.8492002487,80.2264785767,49400,49410,10
12.8499698639,80.2264633179,49410,49420,10
12.8502197266,80.2264709473,49420,49430,10
12.8508996964,80.2265014648,49430,49440,10
12.8518199921,80.2265625,49440,49450,10
12.85297966,80.2265930176,49450,49461,11
12.8543901443,80.2264709473,49461,49471,10
12.8557596207,80.2263336182,49471,49481,10
12.8571596146,80.2261810303,49481,49491,10
12.8582201004,80.2261276245,49491,49501,10
12.859000206,80.2261962891,49501,49511,10
12.8600196838,80.226348877,49511,49521,10
12.8607196808,80.2264328003,49521,49531,10
12.8609399796,80.2264404297,49531,49542,11
12.8616399765,80.2264480591,49542,49552,10
12.8625297546,80.2264099121,49552,49562,10
12.8635797501,80.2264099121,49562,49572,10
12.8648300171,80.2265014648,49572,49582,10
12.8660402298,80.2264709473,49582,49592,10
12.8671197891,80.2264022827,49592,49602,10
12.8683004379,80.2262878418,49602,49613,11
12.8697795868,80.2264328003,49613,49623,10
12.8711595535,80.2265396118,49623,49633,10
12.8722400665,80.2265625,49633,49643,10
12.8728303909,80.2265701294,49643,49653,10
12.8728599548,80.2265777588,49653,49663,10
12.8732995987,80.226600647,49663,49673,10
12.8740596771,80.2266616821,49673,49683,10
12.8750400543,80.2267913818,49683,49694,11
12.8762197495,80.2268600464,49694,49704,10
12.8766298294,80.2268218994,49704,49714,10
12.8768501282,80.2268218994,49714,49724,10
12.8774995804,80.2267608643,49724,49734,10
12.8784103394,80.2266998291,49734,49744,10
12.8795499802,80.2266387939,49744,49754,10
12.8808202744,80.2266235352,49754,49765,11
12.8823204041,80.2266235352,49765,49775,10
12.8837099075,80.226600647,49775,49785,10
12.8848896027,80.2265777588,49785,49795,10
12.8851203918,80.2265930176,49795,49805,10
12.8852596283,80.2266235352,49805,49815,10
12.8858203888,80.2267379761,49815,49825,10
12.8866300583,80.2269668579,49825,49835,10
12.8876600266,80.227180481,49835,49846,11
12.8889503479,80.2273025513,49846,49856,10
12.890080452,80.2273101807,49856,49866,10
12.8913497925,80.2272872925,49866,49876,10
12.8924198151,80.2273178101,49876,49886,10
12.8935804367,80.2274627686,49886,49896,10
12.8948497772,80.2275695801,49896,49906,10
12.8962097168,80.2276229858,49906,49917,11
12.8975000381,80.2276306152,49917,49927,10
12.8985300064,80.2277069092,49927,49937,10
12.8992500305,80.2277603149,49937,49946,9
12.8998203278,80.2277679443,49946,49957,11
12.9003400803,80.2277297974,49957,49977,20
12.9005403519,80.2277526855,49977,49998,21
12.9005403519,80.2277526855,49998,50008,10
12.9006795883,80.2277908325,50008,50018,10
12.9011297226,80.2278594971,50018,50028,10
12.9018201828,80.2278823853,50028,50038,10
12.9028596878,80.227897644,50038,50058,20
12.9028596878,80.227897644,50058,50069,11
12.9032001495,80.2279586792,50069,50078,9
12.9037704468,80.2279968262,50078,50089,11
12.9046602249,80.2280273438,50089,50099,10
12.9051103592,80.2279815674,50099,50109,10
12.9053201675,80.228012085,50109,50119,10
12.9055404663,80.2280273438,50119,50129,10
12.9057798386,80.2280502319,50129,50180,51
12.9057798386,80.2280502319,50180,50190,10
12.9060201645,80.2281265259,50190,50200,10
12.9062795639,80.2281265259,50200,50210,10
12.9066400528,80.2281723022,50210,50221,11
12.9073696136,80.2282562256,50221,50231,10
12.9082803726,80.2284164429,50231,50241,10
12.9094200134,80.2286071777,50241,50251,10
12.9107103348,80.2287902832,50251,50261,10
12.9119796753,80.2289581299,50261,50271,10
12.9131202698,80.229133606,50271,50281,10
12.9139795303,80.2292175293,50281,50291,10
12.9140396118,80.2292404175,50291,50302,11
12.9145298004,80.2292861938,50302,50312,10
12.915309906,80.2293624878,50312,50322,10
12.9162902832,80.2295379639,50322,50332,10
12.9174604416,80.2297210693,50332,50342,10
12.9187297821,80.2298736572,50342,50352,10
12.9201002121,80.2300567627,50352,50362,10
12.9213895798,80.2301864624,50362,50372,10
12.9224996567,80.2303771973,50372,50383,11
12.9236402512,80.2305908203,50383,50393,10
12.9248104095,80.23072052,50393,50403,10
12.9258899689,80.2308425903,50403,50412,9
12.9266300201,80.2309417725,50412,50423,11
12.9276199341,80.2310714722,50423,50433,10
12.9287204742,80.2312164307,50433,50443,10
12.9298801422,80.2314376831,50443,50454,11
12.9312200546,80.2318191528,50454,50464,10
12.9323797226,80.2321929932,50464,50474,10
12.9333400726,80.2325210571,50474,50484,10
12.9335603714,80.2326278687,50484,50494,10
12.9337797165,80.232749939,50494,50504,10
12.9343299866,80.233039856,50504,50514,10
12.9351396561,80.2333831787,50514,50525,11
12.9358997345,80.2337417603,50525,50535,10
12.9367799759,80.2341308594,50535,50545,10
12.9378099442,80.2346191406,50545,50555,10
12.9387798309,80.2350769043,50555,50565,10
12.939499855,80.235458374,50565,50575,10
12.9399795532,80.2357177734,50575,50585,10
12.9407901764,80.2359619141,50585,50595,10
12.9418001175,80.2361984253,50595,50606,11
12.9430198669,80.2366867065,50606,50616,10
12.9438295364,80.2374725342,50616,50626,10
12.9446601868,80.2384033203,50626,50635,9
12.9455604553,80.2391967773,50635,50646,11
12.9468097687,80.239730835,50646,50656,10
12.9472303391,80.2398834229,50656,50666,10
12.9472999573,80.2399215698,50666,50677,11
12.947810173,80.2401580811,50677,50687,10
12.948559761,80.2404708862,50687,50697,10
12.949139595,80.2406997681,50697,50707,10
12.949760437,80.2409286499,50707,50717,10
12.9504699707,80.2411575317,50717,50727,10
12.9512195587,80.2413406372,50727,50737,10
12.9513597488,80.2413787842,50737,50747,10
12.9517803192,80.2415618896,50747,50758,11
12.9525995255,80.241859436,50758,50768,10
12.9535198212,80.2422332764,50768,50778,10
12.9544696808,80.2425994873,50778,50787,9
12.9551401138,80.2428436279,50787,50798,11
12.9559497833,80.2431030273,50798,50808,10
12.9562997818,80.2432174683,50808,50818,10
12.9563503265,80.2432327271,50818,50829,11
12.956489563,80.2432785034,50829,50839,10
12.9570398331,80.2435531616,50839,50849,10
12.9578504562,80.2439575195,50849,50859,10
12.9586296082,80.2442779541,50859,50869,10
12.9587602615,80.2443466187,50869,50879,10
12.9589195251,80.2444076538,50879,50889,10
12.9592103958,80.2445526123,50889,50899,10
12.959859848,80.2448577881,50899,50910,11
12.9608201981,80.245300293,50910,50920,10
12.9618597031,80.2458190918,50920,50930,10
12.962679863,80.2462310791,50930,50940,10
12.9629602432,80.2463531494,50940,50950,10
12.9629898071,80.2463531494,50950,50960,10
12.963259697,80.2464828491,50960,50970,10
12.9636898041,80.246673584,50970,50981,11
12.9643001556,80.2469329834,50981,50991,10
12.9650201797,80.247177124,50991,51001,10
12.965929985,80.2475128174,51001,51011,10
12.9667396545,80.2478103638,51011,51021,10
12.9668502808,80.2478790283,51021,51031,10
12.9668798447,80.2479400635,51031,51041,10
12.9672002792,80.2481384277,51041,51051,10
12.9678697586,80.2484130859,51051,51062,11
12.9688100815,80.2487030029,51062,51072,10
12.9699802399,80.249130249,51072,51082,10
12.9712400436,80.2495803833,51082,51092,10
12.9725399017,80.249961853,51092,51102,10
12.9735298157,80.2502365112,51102,51112,10
12.9744501114,80.2504882813,51112,51122,10
12.9755897522,80.250831604,51122,51133,11
12.976940155,80.2512283325,51133,51143,10
12.9778900146,80.2518386841,51143,51153,10
12.9785604477,80.2522964478,51153,51163,10
12.9786396027,80.2523269653,51163,51173,10
12.9790897369,80.2525024414,51173,51183,10
12.9796304703,80.2525634766,51183,51193,10
12.9802398682,80.2526092529,51193,51203,10
12.9810695648,80.2526016235,51203,51214,11
12.9821100235,80.2525634766,51214,51224,10
12.9831399918,80.2524795532,51224,51234,10
12.9840497971,80.252281189,51234,51244,10
12.9845504761,80.2521514893,51244,51254,10
12.9846000671,80.2521362305,51254,51264,10
12.984749794,80.2520904541,51264,51274,10
12.9850997925,80.251991272,51274,51335,61
12.9850997925,80.251991272,51335,51345,10
12.9853200912,80.2519073486,51345,51366,21
12.9853200912,80.2519073486,51366,51376,10
12.9855604172,80.2518463135,51376,51386,10
12.9859399796,80.2517318726,51386,51396,10
12.9864797592,80.2516403198,51396,51406,10
12.9871702194,80.2514724731,51406,51416,10
12.9878997803,80.2512664795,51416,51426,10
12.9893798828,80.2509231567,51426,51447,21
12.9893798828,80.2509231567,51447,51457,10
12.9898004532,80.2508163452,51457,51467,10
12.9905004501,80.2506637573,51467,51477,10
12.9913797379,80.2504272461,51477,51487,10
12.9924497604,80.2501525879,51487,51497,10
12.9936504364,80.2498626709,51497,51507,10
12.9949398041,80.2495193481,51507,51518,11
12.9963903427,80.249168396,51518,51528,10
12.9967699051,80.2490615845,51528,51538,10
12.9970197678,80.2490234375,51538,51548,10
12.9976701736,80.2488632202,51548,51558,10
12.9985399246,80.2486190796,51558,51568,10
12.9996004105,80.2483520508,51568,51578,10
13.0008296967,80.2480316162,51578,51589,11
13.0020303726,80.247718811,51589,51599,10
13.0031404495,80.2475204468,51599,51609,10
13.0043201447,80.2473220825,51609,51619,10
13.0053195953,80.2471618652,51619,51629,10
13.0061197281,80.2469100952,51629,51638,9
13.0063695908,80.2466430664,51638,51649,11
13.0064001083,80.2465133667,51649,51659,10
13.006529808,80.2460021973,51659,51670,11
13.0065603256,80.2452163696,51670,51680,10
13.0065498352,80.2449035645,51680,51690,10
13.0065498352,80.2446594238,51690,51700,10
13.0065698624,80.2444534302,51700,51710,10
13.0065803528,80.2439575195,51710,51720,10
13.0065698624,80.2431793213,51720,51730,10
13.0065603256,80.2422103882,51730,51741,11
13.0066299438,80.2411193848,51741,51751,10
13.0067195892,80.2405929565,51751,51761,10
13.0068101883,80.2398376465,51761,51771,10
13.0069904327,80.2389068604,51771,51781,10
13.0071697235,80.2381286621,51781,51791,10
13.0072603226,80.2375717163,51791,51801,10
13.0073699951,80.2369003296,51801,51811,10
13.0074195862,80.2366333008,51811,51822,11
13.007519722,80.2363510132,51822,51832,10
13.0076503754,80.2357025146,51832,51842,10
13.0078201294,80.2348632813,51842,51852,10
13.008020401,80.2338485718,51852,51862,10
13.0082597733,80.2326583862,51862,51872,10
13.0085000992,80.2314605713,51872,51882,10
13.0087299347,80.2302703857,51882,51893,11
13.0089902878,80.2289962769,51893,51903,10
13.0092802048,80.2279891968,51903,51913,10
13.0096998215,80.2269897461,51913,51923,10
13.0101995468,80.2259216309,51923,51933,10
13.0106201172,80.2250289917,51933,51943,10
13.0109395981,80.2241668701,51943,51953,10
13.0112304688,80.2232894897,51953,51974,21
13.0112304688,80.2232894897,51974,51984,10
13.0114002228,80.2231216431,51984,51994,10
13.011639595,80.2225570679,51994,52004,10
13.0120201111,80.2216186523,52004,52014,10
13.0123901367,80.221496582,52014,52024,10
13.0127401352,80.222038269,52024,52034,10
13.0132198334,80.2224807739,52034,52044,10
13.0138301849,80.2232589722,52044,52055,11
13.0143299103,80.2239532471,52055,52065,10
13.0148096085,80.2244262695,52065,52075,10
13.0151395798,80.2247009277,52075,52085,10
13.0155897141,80.2250595093,52085,52105,20
13.0155897141,80.2250595093,52105,52115,10
13.0156097412,80.2250289917,52115,52126,11
13.0161399841,80.2252731323,52126,52136,10
13.0180702209,80.2246398926,52136,52146,10
13.0180702209,80.2246398926,52146,52156,10
13.0194501877,80.2242965698,52156,52186,30
13.0194501877,80.2242965698,52186,52196,10
13.0197896957,80.2245483398,52196,52207,11
13.0203895569,80.2249679565,52207,52217,10
13.0209302902,80.2253570557,52217,52227,10
13.0218000412,80.2260284424,52227,52237,10
13.0223903656,80.2265090942,52237,52247,10
13.0230903625,80.2271499634,52247,52258,11
13.0237903595,80.2277603149,52258,52268,10
13.0243301392,80.2283096313,52268,52329,61
13.0243301392,80.2283096313,52329,52339,10
13.024430275,80.2284622192,52339,52350,11
13.0242300034,80.2284622192,52350,52360,10
13.0240697861,80.2282485962,52360,52370,10
13.0236797333,80.2278289795,52370,52380,10
13.0233697891,80.2275238037,52380,52390,10
13.0230998993,80.2273025513,52390,52400,10
13.0225496292,80.2268295288,52400,52410,10
13.0218801498,80.226272583,52410,52420,10
13.0212697983,80.2257614136,52420,52431,11
13.0205097198,80.2251968384,52431,52441,10
13.0201597214,80.2249526978,52441,52451,10
13.0200796127,80.2249069214,52451,52461,10
13.0197401047,80.2246780396,52461,52471,10
13.0190200806,80.2244873047,52471,52481,10
13.0181598663,80.2247467041,52481,52491,10
13.0172700882,80.2251205444,52491,52501,10
13.0165996552,80.2253875732,52501,52512,11
13.0162601471,80.2255096436,52512,52522,10
13.0156602859,80.2257003784,52522,52532,10
13.015130043,80.2259292603,52532,52542,10
13.0147304535,80.2260818481,52542,52552,10
13.0143098831,80.2262268066,52552,52562,10
13.0142402649,80.2261810303,52562,52572,10
13.0141296387,80.2255935669,52572,52735,163
13.0141296387,80.2255935669,52735,52745,10
13.0140800476,80.2253112793,52745,53028,283
13.0140800476,80.2253112793,53028,53039,11
13.0143604279,80.2253036499,53039,53049,10
13.0145196915,80.225112915,53049,53839,790
13.0145196915,80.225112915,53839,53849,10
13.0143604279,80.2255172729,53849,54275,426
13.0145397186,80.2257919312,54275,54528,253
13.0145397186,80.2257919312,54528,54538,10
13.0144300461,80.2257537842,54538,54548,10
13.0145998001,80.225769043,54548,54558,10
13.0146198273,80.2255401611,54558,54569,11
13.014380455,80.2253875732,54569,54579,10
13.0142698288,80.2259597778,54579,54640,61
13.0142698288,80.2259597778,54640,54650,10
13.0142803192,80.2260437012,54650,54660,10
13.0142402649,80.2261962891,54660,54670,10
13.0138597488,80.2264175415,54670,54680,10
13.0132198334,80.2266998291,54680,54690,10
13.0124197006,80.2270126343,54690,54700,10
13.0116195679,80.2273330688,54700,54710,10
13.0107803345,80.2276611328,54710,54721,11
13.0098400116,80.2280197144,54721,54731,10
13.0095996857,80.2274169922,54731,54741,10
13.0099697113,80.2266082764,54741,54751,10
13.0103702545,80.2257766724,54751,54761,10
13.010720253,80.2249298096,54761,54771,10
13.0110397339,80.2241287231,54771,54781,10
13.0112400055,80.223449707,54781,54792,11
13.0116195679,80.2233200073,54792,54802,10
13.0123195648,80.2237014771,54802,54812,10
13.0130796432,80.2240524292,54812,54822,10
13.0138998032,80.2244491577,54822,54832,10
13.0146102905,80.2248687744,54832,54842,10
13.0152702332,80.225227356,54842,54873,31
13.0152702332,80.225227356,54873,54883,10
13.0157403946,80.2252807617,54883,54893,10
13.0164299011,80.2252731323,54893,54903,10
13.0173397064,80.2249298096,54903,54913,10
13.0183000565,80.2245635986,54913,54923,10
13.019200325,80.224319458,54923,54933,10
13.0199203491,80.2246398926,54933,54944,11
13.0205698013,80.2250900269,54944,54954,10
13.0211000443,80.2255477905,54954,54964,10
13.0217103958,80.225982666,54964,54974,10
13.0224599838,80.2265396118,54974,54984,10
13.0232400894,80.2272262573,54984,54994,10
13.023850441,80.2278213501,54994,55004,10
13.0241298676,80.2281188965,55004,55014,10
13.0243301392,80.2283477783,55014,55055,41
13.0243301392,80.2283477783,55055,55065,10
13.024189949,80.2285308838,55065,55075,10
13.0239095688,80.2282028198,55075,55085,10
13.0235004425,80.2277984619,55085,55187,102
13.0233001709,80.2275238037,55187,55511,324
13.0233001709,80.2275238037,55511,55521,10
13.0230197906,80.2273330688,55521,55531,10
13.0226802826,80.2270431519,55531,55541,10
13.0223798752,80.2267227173,55541,55552,11
13.0218296051,80.2262802124,55552,55562,10
13.021320343,80.2258605957,55562,55572,10
13.0208101273,80.2254104614,55572,55582,10
13.0202198029,80.2250900269,55582,55592,10
13.0200500488,80.2249832153,55592,55602,10
13.0200195313,80.2250137329,55602,55612,10
13.0197601318,80.224822998,55612,55622,10
13.0192499161,80.2245788574,55622,55633,11
13.0184402466,80.2247085571,55633,55643,10
13.0176496506,80.2249984741,55643,55653,10
13.0168895721,80.2253417969,55653,55663,10
13.016500473,80.2254867554,55663,55673,10
13.0160598755,80.2256393433,55673,55683,10
13.0154304504,80.2258834839,55683,55693,10
13.0144195557,80.2263031006,55693,55714,21
13.0144195557,80.2263031006,55714,55724,10
13.0141801834,80.2264404297,55724,55734,10
13.0135803223,80.2266464233,55734,55744,10
13.0128698349,80.2269515991,55744,55754,10
13.0120897293,80.2272186279,55754,55764,10
13.0112895966,80.2275390625,55764,55774,10
13.0103902817,80.2278671265,55774,55785,11
13.0094203949,80.2283325195,55785,55795,10
13.0090799332,80.2291488647,55795,55805,10
13.0088596344,80.230140686,55805,55815,10
13.008649826,80.2312088013,55815,55825,10
13.0084600449,80.2321472168,55825,55835,10
13.0083198547,80.2331008911,55835,55845,10
13.0082798004,80.2336425781,55845,55855,10
13.0082597733,80.2336425781,55855,55866,11
13.0081100464,80.2340393066,55866,55876,10
13.0080003738,80.2345962524,55876,55886,10
13.0078697205,80.2352218628,55886,55896,10
13.0077104568,80.2360076904,55896,55906,10
13.0075101852,80.2369613647,55906,55916,10
13.0073404312,80.2378768921,55916,55926,10
13.0072002411,80.2386703491,55926,55937,11
13.0069599152,80.2398681641,55937,55987,50
13.0069599152,80.2398681641,55987,55997,10
13.006939888,80.2401580811,55997,56008,11
13.0069103241,80.2405014038,56008,56018,10
13.0068101883,80.2407302856,56018,56028,10
13.006770134,80.2412261963,56028,56038,10
13.0066900253,80.2422332764,56038,56048,10
13.0066995621,80.2431716919,56048,56057,9
13.0066900253,80.2441711426,56057,56068,11
13.0067596436,80.2453384399,56068,56078,10
13.0067396164,80.2459182739,56078,56089,11
13.0067300797,80.2464828491,56089,56099,10
13.0067596436,80.2469787598,56099,56109,10
13.0066003799,80.2473983765,56109,56119,10
13.0061998367,80.247428894,56119,56129,10
13.0061197281,80.2474365234,56129,56139,10
13.0056695938,80.247428894,56139,56149,10
13.0048999786,80.2473983765,56149,56160,11
13.0038499832,80.2475204468,56160,56170,10
13.0029401779,80.2476806641,56170,56180,10
13.0023803711,80.2478179932,56180,56190,10
13.0016202927,80.2479782104,56190,56200,10
13.0006904602,80.2482299805,56200,56210,10
12.9995603561,80.2485427856,56210,56220,10
12.9982995987,80.2488632202,56220,56230,10
12.997010231,80.249168396,56230,56241,11
12.9956798553,80.2495117188,56241,56250,9
12.9946203232,80.2498016357,56250,56261,11
12.9933099747,80.2501373291,56261,56271,10
12.9920902252,80.2504425049,56271,56281,10
12.9912004471,80.2506790161,56281,56291,10
12.9911403656,80.2506713867,56291,56301,10
12.9906902313,80.2507629395,56301,56312,11
12.9899702072,80.2509613037,56312,56342,30
12.9899702072,80.2509613037,56342,56352,10
12.989979744,80.2509765625,56352,56362,10
12.9896402359,80.2510910034,56362,56372,10
12.9892196655,80.2511901855,56372,56382,10
12.9888601303,80.2512664795,56382,56393,11
12.9884700775,80.2513427734,56393,56524,131
12.9884700775,80.2513427734,56524,56534,10
12.9882097244,80.251411438,56534,56545,11
12.9879102707,80.2514572144,56545,56555,10
12.9873695374,80.2516098022,56555,56565,10
12.9868602753,80.2517700195,56565,56575,10
12.9866199493,80.2518234253,56575,56585,10
12.9863996506,80.2518463135,56585,56595,10
12.9857997894,80.2519989014,56595,56605,10
12.9849100113,80.2522506714,56605,56615,10
12.9838495255,80.2525482178,56615,56626,11
12.9824895859,80.252746582,56626,56636,10
12.981300354,80.2527923584,56636,56646,10
12.9804000854,80.2528610229,56646,56656,10
12.979640007,80.2528305054,56656,56666,10
12.9787797928,80.2527313232,56666,56676,10
12.9786596298,80.2526702881,56676,56686,10
12.9782800674,80.2524414063,56686,56697,11
12.9777297974,80.2519226074,56697,56707,10
12.9772100449,80.2515563965,56707,56717,10
12.9767198563,80.2513809204,56717,56727,10
12.9762601852,80.2511978149,56727,56737,10
12.9756402969,80.2509994507,56737,56747,10
12.9749803543,80.2508163452,56747,56757,10
12.9741401672,80.250579834,56757,56767,10
12.9732999802,80.2503662109,56767,56778,11
12.9723300934,80.2501296997,56778,56788,10
12.9712095261,80.2498626709,56788,56798,10
12.970000267,80.2494888306,56798,56808,10
12.9689702988,80.2490692139,56808,56818,10
12.9678297043,80.2485580444,56818,56828,10
12.9667797089,80.2480926514,56828,56838,10
12.9657201767,80.2476196289,56838,56849,11
12.9651298523,80.2474517822,56849,56859,10
12.9649496078,80.2473983765,56859,56869,10
12.96434021,80.2471618652,56869,56878,9
12.9636497498,80.246887207,56878,56909,31
12.9636497498,80.246887207,56909,56919,10
12.9633102417,80.2466964722,56919,56930,11
12.9625902176,80.2463531494,56930,56940,10
12.9617004395,80.2459106445,56940,56950,10
12.9606199265,80.2453994751,56950,56960,10
12.9595804214,80.2450027466,56960,56970,10
12.9594497681,80.2449188232,56970,56980,10
12.9594202042,80.2448883057,56980,56990,10
12.9590396881,80.2447128296,56990,57001,11
12.9582595825,80.2443771362,57001,57011,10
12.9575099945,80.2440795898,57011,57021,10
12.9568595886,80.2439117432,57021,57031,10
12.956609726,80.2438201904,57031,57102,71
12.956609726,80.2438201904,57102,57112,10
12.9561395645,80.2436523438,57112,57122,10
12.9556303024,80.243347168,57122,57132,10
12.954870224,80.242980957,57132,57142,10
12.9539604187,80.2425918579,57142,57153,11
12.9527797699,80.2420883179,57153,57163,10
12.9518098831,80.2417831421,57163,57173,10
12.9517002106,80.2417373657,57173,57183,10
12.9513196945,80.2416000366,57183,57193,10
12.9505901337,80.2413711548,57193,57202,9
12.9497995377,80.2411499023,57202,57213,11
12.9489002228,80.2408370972,57213,57223,10
12.9478902817,80.2404022217,57223,57234,11
12.9472398758,80.2401428223,57234,57244,10
12.9470796585,80.2400817871,57244,57254,10
12.9465799332,80.2398834229,57254,57264,10
12.9458398819,80.2395401001,57264,57274,10
12.945019722,80.2390289307,57274,57284,10
12.9442195892,80.2381896973,57284,57294,10
12.9434099197,80.2372817993,57294,57305,11
12.9423904419,80.2365722656,57305,57315,10
12.9411401749,80.2362365723,57315,57325,10
12.9400100708,80.2359619141,57325,57335,10
12.9397802353,80.2358627319,57335,57345,10
12.9395904541,80.2357406616,57345,57355,10
12.9389600754,80.2354431152,57355,57365,10
12.9381399155,80.2350234985,57365,57375,10
12.9371700287,80.2345581055,57375,57386,11
12.9360599518,80.2340164185,57386,57396,10
12.9353704453,80.2337036133,57396,57406,10
12.9344997406,80.2333221436,57406,57416,10
12.9337396622,80.232963562,57416,57426,10
12.9335603714,80.2328872681,57426,57436,10
12.9331302643,80.2326889038,57436,57446,10
12.9323596954,80.232421875,57446,57457,11
12.9312896729,80.232093811,57457,57467,10
12.9300498962,80.2317276001,57467,57477,10
12.9287700653,80.2314224243,57477,57487,10
12.9274902344,80.2312164307,57487,57497,10
12.9260702133,80.2310409546,57497,57507,10
12.924659729,80.2308807373,57507,57517,10
12.9234600067,80.2307128906,57517,57527,10
12.9225797653,80.2305603027,57527,57538,11
12.9214096069,80.2303771973,57538,57548,10
12.9201803207,80.2302703857,57548,57558,10
12.9188804626,80.230140686,57558,57568,10
12.9175195694,80.2299499512,57568,57578,10
12.9161300659,80.2297363281,57578,57588,10
12.9149198532,80.2295532227,57588,57598,10
12.9139795303,80.2294387817,57598,57609,11
12.913479805,80.2293930054,57609,57619,10
12.9133996964,80.2293624878,57619,57629,10
12.9128904343,80.2292861938,57629,57639,10
12.9120798111,80.2291488647,57639,57649,10
12.9110202789,80.2290115356,57649,57659,10
12.9097995758,80.2288208008,57659,57669,10
12.9084796906,80.2285995483,57669,57679,10
12.9072904587,80.2284317017,57679,57690,11
12.9068803787,80.2284088135,57690,57700,10
12.9067497253,80.2283782959,57700,57710,10
12.9063796997,80.2283477783,57710,57720,10
12.9061803818,80.2283325195,57720,57730,10
12.9055204391,80.2283096313,57730,57740,10
12.9046401978,80.2282562256,57740,57750,10
12.9036502838,80.2282028198,57750,57761,11
12.9024801254,80.2281112671,57761,57771,10
12.9017696381,80.2280807495,57771,57781,10
12.9016704559,80.2280883789,57781,57791,10
12.9014997482,80.2280807495,57791,57801,10
12.9010696411,80.2280426025,57801,57811,10
12.9006299973,80.2279968262,57811,57821,10
12.9002399445,80.2280273438,57821,57831,10
12.9000396729,80.2280197144,57831,57842,11
12.8997898102,80.2279968262,57842,57852,10
12.8996496201,80.228012085,57852,57862,10
12.8994998932,80.228012085,57862,57872,10
12.8994102478,80.2279968262,57872,57882,10
12.8991203308,80.2279510498,57882,57892,10
12.8984804153,80.2278823853,57892,57902,10
12.8975896835,80.2277984619,57902,57913,11
12.8964395523,80.2277832031,57913,57923,10
12.8952102661,80.2277526855,57923,57933,10
12.8938999176,80.2276763916,57933,57943,10
12.8926801682,80.2275238037,57943,57953,10
12.8919401169,80.2274017334,57953,57963,10
12.890999794,80.2274093628,57963,57973,10
12.8898801804,80.2274169922,57973,57983,10
12.8887701035,80.227432251,57983,57994,11
12.8874397278,80.2273178101,57994,58004,10
12.8861303329,80.2270202637,58004,58014,10
12.8852100372,80.2267990112,58014,58024,10
12.8850698471,80.2267532349,58024,58034,10
12.8846998215,80.2267074585,58034,58044,10
12.8839902878,80.2267379761,58044,58054,10
12.883020401,80.2267837524,58054,58065,11
12.8816795349,80.2267913818,58065,58075,10
12.8803501129,80.2267913818,58075,58085,10
12.8789300919,80.2268295288,58085,58095,10
12.8775100708,80.2269287109,58095,58105,10
12.8767204285,80.2270202637,58105,58115,10
12.8767004013,80.2270431519,58115,58125,10
12.8763799667,80.2270584106,58125,58135,10
12.8756904602,80.2270584106,58135,58146,11
12.8746500015,80.2269363403,58146,58156,10
12.8734903336,80.2267913818,58156,58166,10
12.8724098206,80.2267608643,58166,58176,10
12.8711595535,80.2267303467,58176,58186,10
12.8698196411,80.2266387939,58186,58196,10
12.8684597015,80.2264862061,58196,58206,10
12.8670301437,80.2265777588,58206,58217,11
12.865480423,80.2266693115,58217,58227,10
12.864159584,80.2266464233,58227,58237,10
12.8631401062,80.2266082764,58237,58247,10
12.8621397018,80.2266464233,58247,58257,10
12.861289978,80.2266998291,58257,58267,10
12.8611297607,80.2267074585,58267,58277,10
12.8606901169,80.2266464233,58277,58287,10
12.8598899841,80.2265090942,58287,58298,11
12.8588104248,80.226348877,58298,58308,10
12.8577699661,80.2263183594,58308,58318,10
12.8565597534,80.2264404297,58318,58328,10
12.8552799225,80.2266082764,58328,58338,10
12.8539495468,80.2266998291,58338,58348,10
12.8527402878,80.2267913818,58348,58358,10
12.8513898849,80.2267227173,58358,58369,11
12.8498401642,80.2266235352,58369,58379,10
12.8484201431,80.2266311646,58379,58389,10
12.8470096588,80.2266616821,58389,58399,10
12.8460998535,80.2266769409,58399,58409,10
12.8457603455,80.2266769409,58409,58419,10
12.8454999924,80.2266921997,58419,58429,10
12.8454303741,80.2267074585,58429,58439,10
12.8449296951,80.2266998291,58439,58450,11
12.8440504074,80.2267913818,58450,58460,10
12.8430900574,80.2269210815,58460,58470,10
12.8419799805,80.2271881104,58470,58480,10
12.840880394,80.2274627686,58480,58490,10
12.8401298523,80.2276992798,58490,58500,10
12.8398504257,80.2278137207,58500,58510,10
12.8396196365,80.2278900146,58510,58521,11
12.8389196396,80.228012085,58521,58531,10
12.8380002975,80.2282409668,58531,58541,10
12.8368797302,80.2284088135,58541,58551,10
12.835650444,80.2285766602,58551,58561,10
12.8343200684,80.228767395,58561,58571,10
12.8330001831,80.2289962769,58571,58581,10
12.8319301605,80.2292022705,58581,58591,10
12.8315601349,80.2290420532,58591,58602,11
12.8315401077,80.2289123535,58602,58612,10
12.8314800262,80.2285919189,58612,58622,10
12.8313503265,80.2279586792,58622,58632,10
12.831199646,80.2271728516,58632,58642,10
12.831029892,80.2262268066,58642,58652,10
12.831029892,80.2251968384,58652,58662,10
12.8310203552,80.2246398926,58662,58673,11
12.831029892,80.2239532471,58673,58683,10
12.8310403824,80.2230911255,58683,58693,10
12.8310403824,80.2222824097,58693,58703,10
12.8310403824,80.2219085693,58703,58713,10
12.8310403824,80.2212219238,58713,58723,10
12.8310604095,80.2204437256,58723,58733,10
12.8310499191,80.2198028564,58733,58743,10
12.8307504654,80.2195281982,58743,58754,11
12.8299303055,80.2195510864,58754,58764,10
12.8289699554,80.2195587158,58764,58774,10
12.8277196884,80.219543457,58774,58794,20
12.8277196884,80.219543457,58794,58804,10
12.827580452,80.2195205688,58804,58814,10
12.8270998001,80.2195129395,58814,58825,11
12.8263301849,80.2195205688,58825,58835,10
12.825920105,80.2195205688,58835,58845,10
12.8252296448,80.2195129395,58845,58855,10
12.8243303299,80.2195205688,58855,58865,10
12.8234100342,80.2195510864,58865,58875,10
12.8227701187,80.2195205688,58875,58916,41
12.8227701187,80.2195205688,58916,58926,10
12.822719574,80.2193527222,58926,58946,20
12.822719574,80.2193527222,58946,58956,10
12.8229799271,80.2193603516,58956,59078,122
12.8229799271,80.2193603516,59078,59088,10
12.822810173,80.2194290161,59088,59098,10
12.8227796555,80.2194366455,59098,59108,10
12.8226604462,80.2188034058,59108,59118,10
12.8226604462,80.2188034058,59118,59129,11
12.8226604462,80.2180404663,59129,59139,10
12.8226900101,80.2171783447,59139,59149,10
12.8226900101,80.2163619995,59149,59159,10
12.8229103088,80.2160263062,59159,59169,10
12.8232803345,80.2160186768,59169,59179,10
12.8237895966,80.2160186768,59179,59189,10
12.8242797852,80.216003418,59189,59199,10
12.8245000839,80.216003418,59199,59210,11
12.8248996735,80.216003418,59210,60564,1354
12.8248996735,80.216003418,60564,60574,10
12.8253698349,80.2160110474,60574,60584,10
12.8258600235,80.2161712646,60584,60594,10
12.8258600235,80.2161712646,60594,60605,11
12.8258695602,80.2160568237,60605,60615,10
12.8258304596,80.2160491943,60615,60625,10
12.8254995346,80.2160568237,60625,60635,10
12.8248596191,80.2160415649,60635,60645,10
12.8240604401,80.2160263062,60645,60655,10
12.8231601715,80.2160263062,60655,60666,11
12.8228502274,80.2160415649,60666,60677,11
12.822719574,80.2163925171,60677,60687,10
12.822719574,80.217010498,60687,60697,10
12.8227100372,80.2178878784,60697,60707,10
12.8227100372,80.2188491821,60707,60717,10
12.8227300644,80.219291687,60717,60727,10
12.8227996826,80.2193984985,60727,60737,10
12.8232002258,80.2194213867,60737,60747,10
12.8239202499,80.2194290161,60747,60758,11
12.8248300552,80.2193984985,60758,60768,10
12.8253803253,80.219367981,60768,60778,10
12.8254995346,80.219367981,60778,60808,30
12.8254995346,80.219367981,60808,60818,10
12.8257703781,80.2193527222,60818,60829,11
12.8264198303,80.2193603516,60829,60839,10
12.8270998001,80.2193603516,60839,60849,10
12.8271598816,80.2193374634,60849,60859,10
12.8274002075,80.2193603516,60859,60869,10
12.8274402618,80.219367981,60869,60880,11
12.8276100159,80.2193603516,60880,60901,21
12.8276100159,80.2193603516,60901,60911,10
12.8276700974,80.219329834,60911,60921,10
12.8280096054,80.2193832397,60921,60931,10
12.8285198212,80.2193527222,60931,60941,10
12.8291902542,80.2193832397,60941,60951,10
12.8299303055,80.2193603516,60951,60961,10
12.8306303024,80.2193908691,60961,60972,11
12.8309698105,80.2194366455,60972,60982,10
12.8311700821,80.2199935913,60982,60992,10
12.8311796188,80.2206878662,60992,61002,10
12.8311796188,80.2213363647,61002,61012,10
12.8311901093,80.2220230103,61012,61022,10
12.831199646,80.2223129272,61022,61032,10
12.8311901093,80.2228469849,61032,61043,11
12.8311901093,80.2235031128,61043,61053,10
12.8311901093,80.224029541,61053,61103,50
12.8311901093,80.224029541,61103,61113,10
12.8311700821,80.2242965698,61113,61124,11
12.8311700821,80.2247390747,61124,61134,10
12.8311595917,80.2253265381,61134,61144,10
12.8311595917,80.2261505127,61144,61154,10
12.8312997818,80.2270278931,61154,61164,10
12.831489563,80.2279281616,61164,61174,10
12.8316602707,80.2287826538,61174,61184,10
12.8320102692,80.2290420532,61184,61205,21
12.8320102692,80.2290420532,61205,61215,10
12.8323402405,80.2289733887,61215,61225,10
12.8329801559,80.228843689,61225,61235,10
12.8338499069,80.2287063599,61235,61245,10
12.8348903656,80.2285079956,61245,61255,10
12.8359699249,80.2283401489,61255,61266,11
12.8372802734,80.2281570435,61266,61276,10
12.838259697,80.2279663086,61276,61286,10
12.8386297226,80.2278594971,61286,61296,10
12.8386697769,80.2278518677,61296,61306,10
12.8388595581,80.2278137207,61306,61316,10
12.8389701843,80.2277679443,61316,61326,10
12.8390798569,80.2277374268,61326,61337,11
12.8392496109,80.2276916504,61337,61357,20
12.8392496109,80.2276916504,61357,61367,10
12.8394603729,80.2276000977,61367,61377,10
12.839679718,80.2275238037,61377,61387,10
12.8398504257,80.2275466919,61387,61397,10
12.8402004242,80.2274780273,61397,61408,11
12.840880394,80.2273025513,61408,61418,10
12.8416700363,80.2271194458,61418,61428,10
12.8424596786,80.2269363403,61428,61438,10
12.8434896469,80.2267227173,61438,61448,10
12.8442802429,80.2266387939,61448,61458,10
12.8448801041,80.2265777588,61458,61468,10
12.8449802399,80.2265472412,61468,61479,11
12.8452997208,80.2265014648,61479,61489,10
12.8453903198,80.2265014648,61489,61499,10
12.8457603455,80.2264709473,61499,61519,20
12.8457603455,80.2264709473,61519,61529,10
12.8459596634,80.2265014648,61529,61539,10
12.846540451,80.2265014648,61539,61550,11
12.8474903107,80.2265319824,61550,61560,10
12.8484601974,80.2265319824,61560,61570,10
12.8494796753,80.2265090942,61570,61580,10
12.8499498367,80.2264862061,61580,61610,30
12.8499498367,80.2264862061,61610,61620,10
12.8501501083,80.2264785767,61620,61631,11
12.8507604599,80.2265167236,61631,61641,10
12.8515796661,80.2265701294,61641,61651,10
12.8525600433,80.2266311646,61651,61661,10
12.8537302017,80.2265930176,61661,61671,10
12.8549804688,80.2264480591,61671,61681,10
12.856300354,80.2263031006,61681,61691,10
12.8575401306,80.2261810303,61691,61702,11
12.858039856,80.2261428833,61702,61712,10
12.858130455,80.2261428833,61712,61722,10
12.858499527,80.2261581421,61722,61732,10
12.8591403961,80.2262420654,61732,61742,10
12.8600196838,80.2263565063,61742,61752,10
12.8610401154,80.2264862061,61752,61762,10
12.8622198105,80.2264785767,61762,61772,10
12.8636102676,80.2264404297,61772,61783,11
12.8648395538,80.2265090942,61783,61793,10
12.8660001755,80.2265319824,61793,61803,10
12.866979599,80.2264633179,61803,61813,10
12.867389679,80.2263870239,61813,61823,10
12.8675203323,80.2263183594,61823,61884,61
12.8675203323,80.2263183594,61884,61894,10
12.8676595688,80.2263565063,61894,61904,10
12.8679599762,80.226348877,61904,61914,10
12.8683595657,80.2263183594,61914,61924,10
12.868929863,80.2263717651,61924,61935,11
12.8697299957,80.2264709473,61935,61945,10
12.8706598282,80.2265625,61945,61955,10
12.8716697693,80.2266082764,61955,61965,10
12.8720903397,80.2266082764,61965,61975,10
12.8722896576,80.226600647,61975,61985,10
12.8727903366,80.2266082764,61985,62016,31
12.8727903366,80.2266082764,62016,62026,10
12.873000145,80.2266311646,62026,62036,10
12.8735198975,80.2266387939,62036,62046,10
12.8743200302,80.2267379761,62046,62056,10
12.8752698898,80.2268295288,62056,62066,10
12.876449585,80.226852417,62066,62087,21
12.876449585,80.226852417,62087,62097,10
12.8767204285,80.2268371582,62097,62107,10
12.8768196106,80.226852417,62107,62117,10
12.8773298264,80.2268066406,62117,62127,10
12.8781099319,80.2267379761,62127,62137,10
12.879070282,80.2266769409,62137,62147,10
12.8802204132,80.2266616821,62147,62158,11
12.8816204071,80.2266387939,62158,62168,10
12.8829498291,80.2266464233,62168,62178,10
12.8841695786,80.2266311646,62178,62188,10
12.8847799301,80.2265777588,62188,62198,10
12.8850803375,80.2265777588,62198,62208,10
12.885310173,80.2266235352,62208,62218,10
12.8858995438,80.2267608643,62218,62229,11
12.8868198395,80.2269973755,62229,62239,10
12.8878602982,80.227180481,62239,62249,10
12.8890399933,80.2272567749,62249,62259,10
12.8903598785,80.2272567749,62259,62269,10
12.8915500641,80.2272262573,62269,62279,10
12.8925104141,80.2272567749,62279,62289,10
12.8933401108,80.2273864746,62289,62299,10
12.8941898346,80.2275009155,62299,62310,11
12.8952903748,80.2275314331,62310,62320,10
12.8964195251,80.2275924683,62320,62330,10
12.8974895477,80.2276763916,62330,62340,10
12.8985795975,80.227722168,62340,62350,10
12.8990802765,80.2277374268,62350,62360,10
12.8995199203,80.2277297974,62360,62370,10
12.900179863,80.2277297974,62370,62381,11
12.9008798599,80.2277984619,62381,62391,10
12.9015302658,80.2278518677,62391,62401,10
12.9021997452,80.227897644,62401,62421,20
12.9021997452,80.227897644,62421,62431,10
12.9023399353,80.2278823853,62431,62441,10
12.9026002884,80.2278900146,62441,62451,10
12.9026899338,80.2279586792,62451,62462,11
12.9031095505,80.2279815674,62462,62472,10
12.9037904739,80.2280426025,62472,62482,10
12.9045801163,80.2280807495,62482,62492,10
12.90528965,80.2281036377,62492,62502,10
12.9064998627,80.2281417847,62502,62593,91
12.9064998627,80.2281417847,62593,62604,11
12.9066400528,80.2281417847,62604,62614,10
12.9068403244,80.2281570435,62614,62624,10
12.9069700241,80.2281723022,62624,62634,10
12.9074001312,80.2282333374,62634,62644,10
12.9081897736,80.2283782959,62644,62654,10
12.9091997147,80.2285614014,62654,62664,10
12.9104204178,80.2287521362,62664,62674,10
12.911740303,80.2289428711,62674,62685,11
12.9132204056,80.2291793823,62685,62695,10
12.9139604568,80.2292404175,62695,62705,10
12.9139795303,80.2292480469,62705,62715,10
12.9142799377,80.2293167114,62715,62725,10
12.914899826,80.2293624878,62725,62735,10
12.9158000946,80.2295074463,62735,62745,10
12.9168100357,80.229637146,62745,62756,11
12.9179801941,80.2298202515,62756,62766,10
12.9190196991,80.2299575806,62766,62776,10
12.9194803238,80.2299804688,62776,62786,10
12.9197397232,80.2300186157,62786,62796,10
12.9203596115,80.2301177979,62796,62806,10
12.9210300446,80.2302093506,62806,62816,10
12.9222402573,80.2303771973,62816,62826,10
12.9234304428,80.2305526733,62826,62837,11
12.9248600006,80.2307281494,62837,62847,10
12.9260196686,80.2308807373,62847,62857,10
12.9264602661,80.2309036255,62857,62867,10
12.9266195297,80.2309112549,62867,62877,10
12.9268398285,80.2309417725,62877,62887,10
12.9273700714,80.231010437,62887,62897,10
12.9280996323,80.2311019897,62897,62908,11
12.9288196564,80.2312088013,62908,62918,10
12.9294395447,80.231338501,62918,62928,10
12.9302301407,80.2315368652,62928,62938,10
12.9311199188,80.2317886353,62938,62948,10
12.932100296,80.232093811,62948,62958,10
12.9330797195,80.232460022,62958,62968,10
12.9334697723,80.2326431274,62968,62978,10
12.9335899353,80.2326889038,62978,62989,11
12.9340896606,80.2329330444,62989,62999,10
12.9347000122,80.2332077026,62999,63010,11
12.9350595474,80.2333679199,63010,63020,10
12.9357004166,80.2336578369,63020,63030,10
12.9364404678,80.2340164185,63030,63040,10
12.9372501373,80.234413147,63040,63051,11
12.9380903244,80.2348175049,63051,63062,11
12.9394598007,80.2354736328,63062,63082,20
12.9394598007,80.2354736328,63082,63092,10
12.9397201538,80.2356185913,63092,63102,10
12.9402999878,80.2358169556,63102,63112,10
12.9410600662,80.2360229492,63112,63122,10
12.9420099258,80.2362365723,63122,63133,11
12.9431295395,80.2367782593,63133,63143,10
12.9440002441,80.2376403809,63143,63153,10
12.9448604584,80.2386169434,63153,63163,10
12.9457397461,80.2393112183,63163,63173,10
12.9466295242,80.2396469116,63173,63183,10
12.9471597672,80.2398681641,63183,63193,10
12.9471998215,80.2398986816,63193,63203,10
12.9473600388,80.2399597168,63203,63214,11
12.947640419,80.2400817871,63214,63224,10
12.948220253,80.2403182983,63224,63234,10
12.9485397339,80.2404174805,63234,63274,40
12.9485397339,80.2404174805,63274,63285,11
12.9488601685,80.2405166626,63285,63295,10
12.9492998123,80.240737915,63295,63305,10
12.9498796463,80.2409210205,63305,63315,10
12.9509801865,80.2412490845,63315,63335,20
12.9509801865,80.2412490845,63335,63345,10
12.9514398575,80.2414627075,63345,63355,10
12.9520301819,80.2416763306,63355,63366,11
12.9527597427,80.2419662476,63366,63376,10
12.9534502029,80.2422332764,63376,63386,10
12.9542398453,80.2425537109,63386,63396,10
12.9550199509,80.2428283691,63396,63406,10
12.9554595947,80.2429962158,63406,63416,10
12.955619812,80.2430496216,63416,63426,10
12.9558601379,80.2431411743,63426,63477,51
12.9560804367,80.2432022095,63477,63528,51
12.9560804367,80.2432022095,63528,63538,10
12.956319809,80.2432785034,63538,63548,10
12.9563703537,80.2432937622,63548,63558,10
12.9568395615,80.2435073853,63558,63568,10
12.9575500488,80.2438430786,63568,63578,10
12.9583702087,80.2442016602,63578,63589,11
12.9586896896,80.2443466187,63589,63599,10
12.9587802887,80.2444000244,63599,63609,10
12.9592199326,80.2445907593,63609,63619,10
12.9599103928,80.2449111938,63619,63629,10
12.9607896805,80.2453079224,63629,63639,10
12.9618196487,80.2458114624,63639,63649,10
12.9628896713,80.2462768555,63649,63670,21
12.9628896713,80.2462768555,63670,63680,10
12.9630002975,80.246307373,63680,63690,10
12.9634103775,80.2465362549,63690,63700,10
12.9640703201,80.2468338013,63700,63710,10
12.9649000168,80.2471313477,63710,63720,10
12.9658699036,80.2474517822,63720,63730,10
12.9665002823,80.247718811,63730,63741,11
12.9665403366,80.247756958,63741,63751,10
12.9666404724,80.2477874756,63751,63761,10
12.9667701721,80.2478713989,63761,63771,10
12.9671802521,80.2481079102,63771,63781,10
12.9679002762,80.2484130859,63781,63791,10
12.9687595367,80.2487335205,63791,63801,10
12.9698400497,80.2491836548,63801,63812,11
12.9711704254,80.2496414185,63812,63822,10
12.9724702835,80.25,63822,63832,10
12.9736404419,80.2502975464,63832,63842,10
12.9744100571,80.2504577637,63842,63903,61
12.9744100571,80.2504577637,63903,63913,10
12.9747104645,80.2505722046,63913,63923,10
12.975279808,80.2507171631,63923,64034,111
12.9754104614,80.2507476807,64034,64085,51
12.9754104614,80.2507476807,64085,64095,10
12.975859642,80.250869751,64095,64105,10
12.9761800766,80.2509536743,64105,64116,11
12.9762201309,80.2509689331,64116,64126,10
12.9764499664,80.2510604858,64126,64176,50
12.9764499664,80.2510604858,64176,64186,10
12.976770401,80.251159668,64186,64197,11
12.9773302078,80.2514038086,64197,64470,273
12.9773302078,80.2514038086,64470,64480,10
12.9774999619,80.2515182495,64480,64521,41
12.9774999619,80.2515182495,64521,64531,10
12.9778604507,80.2518081665,64531,64551,20
12.9778604507,80.2518081665,64551,64561,10
12.9783096313,80.2521591187,64561,64582,21
12.9783096313,80.2521591187,64582,64592,10
12.9785203934,80.252281189,64592,64643,51
12.9785203934,80.252281189,64643,64653,10
12.9787797928,80.2523880005,64653,64784,131
12.9788799286,80.2524185181,64784,64805,21
12.9788799286,80.2524185181,64805,64815,10
12.9790802002,80.2524795532,64815,64825,10
12.9793596268,80.2525100708,64825,64835,10
12.9796495438,80.2525482178,64835,64845,10
12.9801502228,80.252571106,64845,64855,10
12.9808702469,80.2525405884,64855,64865,10
12.9816503525,80.2525100708,64865,64876,11
12.9824199677,80.2525024414,64876,64886,10
12.9831800461,80.2524185181,64886,64896,10
12.9838399887,80.252281189,64896,64977,81
12.9839601517,80.252281189,64977,65149,172
12.9839601517,80.252281189,65149,65159,10
12.9841995239,80.2521514893,65159,65170,11
12.9848003387,80.2520217896,65170,65180,10
12.9853897095,80.2518386841,65180,65190,10
12.9858598709,80.251701355,65190,65200,10
12.9862298965,80.2515869141,65200,65210,10
12.9866695404,80.2515029907,65210,65220,10
12.9871101379,80.2513809204,65220,65230,10
12.9875802994,80.2512817383,65230,65240,10
12.9881801605,80.2511291504,65240,65251,11
12.9890699387,80.2509002686,65251,65261,10
12.9893598557,80.2508163452,65261,65271,10
12.98939991,80.250831604,65271,65281,10
12.9895296097,80.2508163452,65281,65291,10
12.989859581,80.2507705688,65291,65301,10
12.9904203415,80.2506027222,65301,65311,10
12.9912395477,80.2503814697,65311,65322,11
12.9923095703,80.2501296997,65322,65332,10
12.9934501648,80.2498321533,65332,65342,10
12.9946699142,80.2495422363,65342,65352,10
12.995880127,80.2491989136,65352,65362,10
12.9965295792,80.2490005493,65362,65372,10
12.9965600967,80.2490081787,65372,65382,10
12.9969797134,80.2488937378,65382,65392,10
12.9977302551,80.2487335205,65392,65403,11
12.9987401962,80.2484588623,65403,65413,10
12.999830246,80.2482223511,65413,65423,10
13.0009698868,80.2479171753,65423,65433,10
13.0017204285,80.2477264404,65433,65443,10
13.0018701553,80.2477035522,65443,65453,10
13.0022201538,80.2476196289,65453,65463,10
13.0028800964,80.2474822998,65463,65474,11
13.0038204193,80.2473220825,65474,65484,10
13.0048398972,80.2471923828,65484,65494,10
13.0056600571,80.2470169067,65494,65504,10
13.0062799454,80.2466812134,65504,65514,10
13.0064296722,80.2464294434,65514,65524,10
13.006480217,80.2463378906,65524,65534,10
13.0065402985,80.2458496094,65534,65544,10
13.0065603256,80.2452926636,65544,65555,11
13.0065402985,80.245010376,65555,65565,10
13.0065097809,80.2447662354,65565,65575,10
13.0065002441,80.2445602417,65575,65585,10
13.0064897537,80.2443618774,65585,65595,10
13.006480217,80.2440719604,65595,65605,10
13.0064601898,80.2436676025,65605,65615,10
13.0064496994,80.2431106567,65615,65626,11
13.0064601898,80.2424621582,65626,65636,10
13.0064897537,80.2417221069,65636,65646,10
13.0065498352,80.2410812378,65646,65778,132
13.0065498352,80.2410812378,65778,65788,10
13.0065498352,80.2407226563,65788,65838,50
13.0065498352,80.2407226563,65838,65849,11
13.0065603256,80.2404403687,65849,65859,10
13.0066900253,80.2401275635,65859,65869,10
13.0068502426,80.2395935059,65869,65878,9
13.0069704056,80.2387313843,65878,65889,11
13.0071697235,80.2378005981,65889,65899,10
13.0073404312,80.2370223999,65899,65909,10
13.0073795319,80.2366027832,65909,65919,10
13.0073900223,80.236541748,65919,65930,11
13.0075397491,80.2360992432,65930,65940,10
13.0076599121,80.235496521,65940,65950,10
13.0076999664,80.2352523804,65950,65960,10
13.0078201294,80.2347106934,65960,65970,10
13.0079698563,80.2339172363,65970,65980,10
13.0081596375,80.2330169678,65980,65990,10
13.0083398819,80.2320632935,65990,66001,11
13.0085401535,80.2309036255,66001,66011,10
13.008769989,80.2298736572,66011,66021,10
13.0089797974,80.2288284302,66021,66031,10
13.0092496872,80.2278594971,66031,66041,10
13.0096902847,80.226852417,66041,66051,10
13.010140419,80.2259368896,66051,66061,10
13.0104799271,80.2252426147,66061,66071,10
13.0107002258,80.224822998,66071,66082,11
13.0107898712,80.2244110107,66082,66092,10
13.0109596252,80.2239990234,66092,66102,10
13.0111198425,80.2234725952,66102,66112,10
13.0113697052,80.2232818604,66112,66122,10
13.012049675,80.2236404419,66122,66132,10
13.012840271,80.224029541,66132,66142,10
13.0135297775,80.2243423462,66142,66153,11
13.0142803192,80.2247009277,66153,66163,10
13.0150203705,80.2251205444,66163,66213,50
13.0150203705,80.2251205444,66213,66223,10
13.0156402588,80.2252578735,66223,66234,11
13.0163803101,80.2252502441,66234,66244,10
13.0172395706,80.2249526978,66244,66254,10
13.0181798935,80.224609375,66254,66264,10
13.0194396973,80.2243804932,66264,66305,41
13.0194396973,80.2243804932,66305,66315,10
13.0195302963,80.2244491577,66315,66325,10
13.019780159,80.224609375,66325,66335,10
13.0201101303,80.2248764038,66335,66345,10
13.0205602646,80.2251815796,66345,66355,10
13.0210599899,80.2256317139,66355,66365,10
13.0215902328,80.2260284424,66365,66375,10
13.0222997665,80.2265777588,66375,66386,11
13.023059845,80.2272262573,66386,66396,10
13.0235395432,80.2276229858,66396,66406,10
13.0237998962,80.2277984619,66406,66416,10
13.0239696503,80.2279891968,66416,66426,10
13.0242500305,80.2283172607,66426,66517,91
13.0242500305,80.2283172607,66517,66527,10
13.0244102478,80.2285079956,66527,66538,11
13.0239896774,80.2282867432,66538,66548,10
13.0239896774,80.2282867432,66548,66558,10
13.0236501694,80.2279586792,66558,66568,10
13.0234298706,80.2277603149,66568,67057,489
13.0234298706,80.2277603149,67057,67067,10
13.0231199265,80.2273788452,67067,67107,40
13.0231199265,80.2273788452,67107,67117,10
13.0230398178,80.2272796631,67117,67127,10
13.0227298737,80.2269821167,67127,67148,21
13.0227298737,80.2269821167,67148,67158,10
13.0225400925,80.2268295288,67158,67168,10
13.0223197937,80.2265930176,67168,67178,10
13.0219402313,80.226272583,67178,67188,10
13.021490097,80.2259216309,67188,67198,10
13.0212202072,80.2256774902,67198,67209,11
13.020819664,80.2253799438,67209,67219,10
13.0204696655,80.225151062,67219,67229,10
13.0198802948,80.2248001099,67229,67249,20
13.0198802948,80.2248001099,67249,67259,10
13.0198202133,80.2247695923,67259,67269,10
13.0195503235,80.224609375,67269,67279,10
13.0189304352,80.2244873047,67279,67290,11
13.0180501938,80.2247772217,67290,67300,10
13.0171804428,80.2251205444,67300,67310,10
13.0164203644,80.2254180908,67310,67320,10
13.0158004761,80.2256393433,67320,67330,10
13.0149402618,80.2259902954,67330,67350,20
13.0149402618,80.2259902954,67350,67361,11
13.0148296356,80.226020813,67361,67371,10
13.0143098831,80.2261962891,67371,67391,20
13.0143098831,80.2261962891,67391,67401,10
13.0142297745,80.2262420654,67401,67411,10
13.0139198303,80.2263565063,67411,67421,10
13.0134000778,80.2265625,67421,67431,10
13.0128297806,80.2267913818,67431,67442,11
13.0121603012,80.2270431519,67442,67452,10
13.0114898682,80.2273025513,67452,67462,10
13.0107603073,80.2276000977,67462,67472,10
13.0099802017,80.2279434204,67472,67482,10
13.0092401505,80.2283096313,67482,67492,10
13.0090103149,80.2291107178,67492,67502,10
13.0088396072,80.2299804688,67502,67513,11
13.0086402893,80.2310409546,67513,67523,10
13.0085401535,80.2315979004,67523,67533,10
13.0085296631,80.2316207886,67533,67543,10
13.0085000992,80.2317276001,67543,67553,10
13.0084104538,80.2320480347,67553,67563,10
13.0083503723,80.2323379517,67563,67573,10
13.0082998276,80.2326965332,67573,67584,11
13.0082302094,80.2334289551,67584,67644,60
13.0082302094,80.2334289551,67644,67654,10
13.0080900192,80.2339096069,67654,67665,11
13.0079803467,80.2343978882,67665,67675,10
13.0079402924,80.2347106934,67675,67685,10
13.0079298019,80.2348327637,67685,67695,10
13.0078401566,80.2352371216,67695,67705,10
13.0077600479,80.2357177734,67705,67715,10
13.0076599121,80.2361373901,67715,67725,10
13.0076303482,80.2363128662,67725,67736,11
13.0075397491,80.236656189,67736,67746,10
13.0074996948,80.2369003296,67746,67756,10
13.0074396133,80.237159729,67756,67766,10
13.007399559,80.2373580933,67766,67776,10
13.0073003769,80.2378692627,67776,67837,61
13.0073003769,80.2378692627,67837,67847,10
13.0072603226,80.2380981445,67847,67857,10
13.0072202682,80.2383575439,67857,67867,10
13.0071496964,80.2387390137,67867,67877,10
13.0070199966,80.239402771,67877,67888,11
13.0069303513,80.2402191162,67888,67898,10
13.006819725,80.2406234741,67898,67908,10
13.0067996979,80.2407608032,67908,67918,10
13.0067300797,80.2412796021,67918,67928,10
13.0066900253,80.2420883179,67928,67938,10
13.006649971,80.2429962158,67938,67948,10
13.0066204071,80.2439117432,67948,67958,10
13.0066204071,80.2446975708,67958,67969,11
13.0066604614,80.2449188232,67969,67979,10
13.0066795349,80.2451171875,67979,67989,10
13.0066900253,80.2453689575,67989,67999,10
13.0066900253,80.2457199097,67999,68009,10
13.0066995621,80.2465820313,68009,68050,41
13.0066995621,80.2465820313,68050,68060,10
13.0067195892,80.2467803955,68060,68070,10
13.0066995621,80.2471313477,68070,68080,10
13.0065002441,80.2473373413,68080,68090,10
13.0060997009,80.2473831177,68090,68121,31
13.0060997009,80.2473831177,68121,68131,10
13.0055704117,80.2473297119,68131,68141,10
13.0049200058,80.2473526001,68141,68151,10
13.0040903091,80.247467041,68151,68161,10
13.0033998489,80.2475662231,68161,68171,10
13.0023403168,80.2477264404,68171,68181,10
13.0013904572,80.2479400635,68181,68192,11
13.0002698898,80.2482070923,68192,68202,10
12.9991598129,80.2484970093,68202,68212,10
12.9982500076,80.2487716675,68212,68222,10
12.9981899261,80.2488021851,68222,68232,10
12.9979295731,80.248840332,68232,68242,10
12.9973602295,80.2489776611,68242,68252,10
12.9965801239,80.2491912842,68252,68263,11
12.9955396652,80.2494888306,68263,68273,10
12.9944200516,80.2497634888,68273,68283,10
12.9932003021,80.2500076294,68283,68293,10
12.9919300079,80.2503128052,68293,68303,10
12.9911003113,80.250579834,68303,68313,10
12.9910802841,80.250579834,68313,68323,10
12.9905004501,80.2507171631,68323,68749,426
12.9905004501,80.2507171631,68749,68759,10
12.9903497696,80.2507400513,68759,68769,10
12.9900503159,80.2508163452,68769,68779,10
12.9896001816,80.2509384155,68779,68789,10
12.9892997742,80.2510070801,68789,69043,254
12.9890098572,80.2510375977,69043,69073,30
12.9890098572,80.2510375977,69073,69083,10
12.9888696671,80.2510528564,69083,69093,10
12.9887800217,80.2510986328,69093,69104,11
12.9885997772,80.251159668,69104,69114,10
12.9882097244,80.2513122559,69114,69124,10
12.9877996445,80.251411438,69124,69134,10
12.9874296188,80.2515029907,69134,69144,10
12.9870195389,80.2516098022,69144,69154,10
12.9865198135,80.251739502,69154,69164,10
12.9859600067,80.2518463135,69164,69175,11
12.9851503372,80.2520599365,69175,69185,10
12.9842996597,80.2522964478,69185,69195,10
12.9834098816,80.2525024414,69195,69205,10
12.9825401306,80.2526016235,69205,69215,10
12.9816398621,80.2526168823,69215,69225,10
12.9807596207,80.2526626587,69225,69235,10
12.9801797867,80.2526931763,69235,69246,11
12.9796495438,80.2526702881,69246,69256,10
12.9787797928,80.2526092529,69256,69276,20
12.9787797928,80.2526092529,69276,69286,10
12.9784402847,80.252456665,69286,69296,10
12.977930069,80.2520675659,69296,69306,10
12.9772796631,80.2515182495,69306,69316,10
12.9764604568,80.2512130737,69316,69327,11
12.9755096436,80.2509613037,69327,69337,10
12.9745998383,80.2506790161,69337,69347,10
12.9737195969,80.2504501343,69347,69357,10
12.972869873,80.2502288818,69357,69367,10
12.9719800949,80.249961853,69367,69377,10
12.9709396362,80.2496795654,69377,69387,10
12.9699201584,80.2493286133,69387,69398,11
12.9688396454,80.248916626,69398,69408,10
12.9679002762,80.248588562,69408,69418,10
12.9670095444,80.2481613159,69418,69438,20
12.9670095444,80.2481613159,69438,69448,10
12.966799736,80.2479934692,69448,69458,10
12.9665603638,80.2478790283,69458,69468,10
12.9659900665,80.2476577759,69468,69479,11
12.965379715,80.247428894,69479,69489,10
12.9653301239,80.2474212646,69489,69499,10
12.9652204514,80.2474594116,69499,69509,10
12.9646596909,80.2472076416,69509,69529,20
12.9646596909,80.2472076416,69529,69539,10
12.9644098282,80.2470703125,69539,69550,11
12.964050293,80.2469406128,69550,69560,10
12.9636297226,80.2468032837,69560,69570,10
12.9630403519,80.2465209961,69570,69580,10
12.9623203278,80.2461624146,69580,69590,10
12.9615602493,80.2457809448,69590,69600,10
12.9607696533,80.2454299927,69600,69610,10
12.9601602554,80.2451934814,69610,69620,10
12.9596300125,80.2449493408,69620,69631,11
12.959569931,80.2449188232,69631,69641,10
12.959400177,80.2448272705,69641,69651,10
12.9590997696,80.2447128296,69651,69661,10
12.9586296082,80.2444992065,69661,69671,10
12.9580001831,80.2442398071,69671,69681,10
12.9574098587,80.2440109253,69681,69691,10
12.956609726,80.2437820435,69691,69722,31
12.956609726,80.2437820435,69722,69732,10
12.9563102722,80.2436828613,69732,69742,10
12.956029892,80.2435302734,69742,69752,10
12.9554700851,80.2432022095,69752,69762,10
12.9547700882,80.2428817749,69762,69772,10
12.9541196823,80.2426071167,69772,69783,11
12.9535799026,80.2423782349,69783,69793,10
12.9528598785,80.2421035767,69793,69803,10
12.9520301819,80.2418212891,69803,69813,10
12.9518604279,80.2417526245,69813,69823,10
12.9517297745,80.2416992188,69823,69833,10
12.9512796402,80.2415390015,69833,69843,10
12.9505796432,80.2413024902,69843,69854,11
12.9497804642,80.2410430908,69854,69884,30
12.9497804642,80.2410430908,69884,69894,10
12.9495000839,80.2409210205,69894,69904,10
12.9491701126,80.2408370972,69904,69914,10
12.9486103058,80.2406387329,69914,69924,10
12.9479598999,80.2403411865,69924,69935,11
12.9474496841,80.2401504517,69935,69945,10
12.9473800659,80.2401199341,69945,69955,10
12.9472799301,80.2400817871,69955,69965,10
12.9470701218,80.2399978638,69965,69975,10
12.946559906,80.2397918701,69975,69985,10
12.9458503723,80.2394790649,69985,69995,10
12.945110321,80.2390594482,69995,70006,11
12.9443998337,80.2382965088,70006,70016,10
12.9436798096,80.2375869751,70016,70026,10
12.9428300858,80.2367706299,70026,70036,10
12.9417896271,80.236328125,70036,70046,10
12.9407997131,80.2360916138,70046,70056,10
12.9398803711,80.2358322144,70056,70077,21
12.9398803711,80.2358322144,70077,70087,10
12.9397096634,80.2357635498,70087,70097,10
12.9392004013,80.2355194092,70097,70107,10
12.93846035,80.2351379395,70107,70117,10
12.9376497269,80.2347335815,70117,70127,10
12.9367904663,80.2343215942,70127,70137,10
12.9358596802,80.2339019775,70137,70158,21
12.9358596802,80.2339019775,70158,70168,10
12.9355201721,80.233757019,70168,70178,10
12.9348897934,80.2334823608,70178,70188,10
12.9340896606,80.2330932617,70188,70198,10
12.9338598251,80.232963562,70198,70209,11
12.9336795807,80.2328567505,70209,70220,11
12.9330596924,80.2325973511,70220,70231,11
12.9321699142,80.2322769165,70231,70241,10
12.9313201904,80.2320022583,70241,70251,10
12.9302196503,80.2316665649,70251,70261,10
12.9292201996,80.2314300537,70261,70271,10
12.9282398224,80.2312393188,70271,70281,10
12.9271802902,80.231086731,70281,70291,10
12.9262399673,80.2309875488,70291,70301,10
12.9261198044,80.2310028076,70301,70312,11
12.9258203506,80.2309570313,70312,70322,10
12.9252099991,80.2308731079,70322,70332,10
12.9243497849,80.230796814,70332,70342,10
12.9233999252,80.2306594849,70342,70352,10
12.9223403931,80.2304763794,70352,70362,10
12.9212503433,80.2303237915,70362,70372,10
12.9201097488,80.230178833,70372,70383,11
12.9191999435,80.2300567627,70383,70393,10
12.9187803268,80.2300109863,70393,70403,10
12.9180698395,80.2299118042,70403,70413,10
12.9171495438,80.2297897339,70413,70423,10
12.9161195755,80.229637146,70423,70433,10
12.9151096344,80.2294921875,70433,70443,10
12.9140396118,80.229347229,70443,70453,10
12.9134197235,80.229309082,70453,70464,11
12.9133996964,80.229309082,70464,70474,10
12.9132204056,80.2292480469,70474,70484,10
12.9126901627,80.2291412354,70484,70494,10
12.9118700027,80.2290267944,70494,70504,10
12.9108400345,80.2288894653,70504,70514,10
12.9096698761,80.2286987305,70514,70524,10
12.9084997177,80.2285003662,70524,70535,11
12.9071102142,80.2283172607,70535,70606,71
12.9071102142,80.2283172607,70606,70616,10
12.9069700241,80.2283096313,70616,70626,10
12.9063396454,80.2282562256,70626,70646,20
12.9063396454,80.2282562256,70646,70656,10
12.9061603546,80.2282409668,70656,70666,10
12.9056596756,80.2282028198,70666,70676,10
12.9049396515,80.2281417847,70676,70687,11
12.904129982,80.2281036377,70687,70697,10
12.903459549,80.2280731201,70697,70707,10
12.9030399323,80.2280578613,70707,70778,71
12.9030399323,80.2280578613,70778,70788,10
12.9029903412,80.2280502319,70788,70798,10
12.9026098251,80.2280273438,70798,70808,10
12.9021501541,80.2280197144,70808,70818,10
12.9017000198,80.2279891968,70818,70828,10
12.9011898041,80.2279891968,70828,70839,11
12.9007997513,80.2279510498,70839,70849,10
12.9005203247,80.2279281616,70849,70859,10
12.9001398087,80.2279129028,70859,70879,20
12.9001398087,80.2279129028,70879,70889,10
12.8999004364,80.2279205322,70889,70899,10
12.8997402191,80.227897644,70899,70910,11
12.8993902206,80.2278671265,70910,70940,30
12.8993902206,80.2278671265,70940,70950,10
12.899140358,80.2278366089,70950,70960,10
12.8986196518,80.2277984619,70960,70970,10
12.8978796005,80.2277374268,70970,70980,10
12.8969898224,80.2276992798,70980,70991,11
12.895939827,80.2276611328,70991,71001,10
12.894949913,80.2276229858,71001,71011,10
12.893910408,80.2275619507,71011,71021,10
12.8930997849,80.2274780273,71021,71041,20
12.8930997849,80.2274780273,71041,71051,10
12.8930902481,80.2274398804,71051,71062,11
12.8927402496,80.227432251,71062,71072,10
12.8924598694,80.2274169922,71072,71082,10
12.8918504715,80.2273712158,71082,71092,10
12.8910102844,80.2273712158,71092,71102,10
12.8900403976,80.2273483276,71102,71112,10
12.8890399933,80.2273635864,71112,71122,10
12.888130188,80.2273025513,71122,71132,10
12.8872203827,80.2272033691,71132,71143,11
12.8863697052,80.2270202637,71143,71153,10
12.8849000931,80.2267303467,71153,71173,20
12.8849000931,80.2267303467,71173,71183,10
12.884519577,80.2266998291,71183,71193,10
12.8838195801,80.2267074585,71193,71203,10
12.882900238,80.2267227173,71203,71214,11
12.881770134,80.2267303467,71214,71224,10
12.8807601929,80.2267303467,71224,71234,10
12.8797702789,80.2267227173,71234,71244,10
12.8786401749,80.2267532349,71244,71254,10
12.8774595261,80.226852417,71254,71264,10
12.8766098022,80.2269592285,71264,71274,10
12.8764200211,80.2269897461,71274,71284,10
12.8763599396,80.2269973755,71284,71295,11
12.8758296967,80.2269821167,71295,71305,10
12.8750495911,80.2268981934,71305,71315,10
12.8740501404,80.2267837524,71315,71325,10
12.8730897903,80.2266998291,71325,71335,10
12.8727197647,80.2267227173,71335,71345,10
12.8725700378,80.2267074585,71345,71355,10
12.8719997406,80.2266998291,71355,71366,11
12.871049881,80.2266616821,71366,71376,10
12.8700799942,80.2265777588,71376,71386,10
12.868929863,80.2264404297,71386,71396,10
12.8676795959,80.2264328003,71396,71406,10
12.8665704727,80.2265319824,71406,71415,9
12.8653497696,80.226600647,71415,71426,11
12.8642902374,80.2265472412,71426,71437,11
12.8627500534,80.2265625,71437,71447,10
12.8611097336,80.2266311646,71447,71467,20
12.8611097336,80.2266311646,71467,71477,10
12.8608398438,80.226600647,71477,71487,10
12.860159874,80.2265014648,71487,71497,10
12.8592596054,80.2263565063,71497,71507,10
12.8583698273,80.2262573242,71507,71518,11
12.8571996689,80.2262802124,71518,71528,10
12.8559999466,80.2264022827,71528,71538,10
12.8547000885,80.2265396118,71538,71548,10
12.8533601761,80.2266616821,71548,71558,10
12.8519897461,80.2266616821,71558,71568,10
12.8506803513,80.2266235352,71568,71578,10
12.8499603271,80.2266387939,71578,71589,11
12.8497896194,80.2266387939,71589,71599,10
12.8492002487,80.2266082764,71599,71609,10
12.8483295441,80.226600647,71609,71619,10
12.8472995758,80.2265930176,71619,71629,10
12.8462095261,80.2266082764,71629,71639,10
12.8455400467,80.2266311646,71639,71649,10
12.8454704285,80.2266387939,71649,71659,10
12.845459938,80.2266921997,71659,71670,11
12.8449602127,80.2266769409,71670,71680,10
12.8442001343,80.2266998291,71680,71690,10
12.8432302475,80.2267990112,71690,71700,10
12.8420801163,80.2270431519,71700,71710,10
12.840880394,80.2273635864,71710,71720,10
12.8402204514,80.2275772095,71720,71730,10
12.8397397995,80.2277603149,71730,71741,11
12.8396196365,80.2278137207,71741,71751,10
12.8391599655,80.227897644,71751,71761,10
12.8384199142,80.2280578613,71761,71771,10
12.837439537,80.2282562256,71771,71781,10
12.8362598419,80.2284622192,71781,71791,10
12.8350200653,80.2286376953,71791,71801,10
12.833729744,80.2288513184,71801,71811,10
12.8325195313,80.2290802002,71811,71822,11
12.8322896957,80.229133606,71822,71832,10
12.832159996,80.2291564941,71832,71842,10
12.8319301605,80.2292022705,71842,71852,10
12.8318099976,80.2292327881,71852,71862,10
12.8313503265,80.2293395996,71862,71872,10
12.8307600021,80.2295303345,71872,71882,10
12.8299798965,80.2298431396,71882,71893,11
12.8289403915,80.2302627563,71893,71903,10
12.82791996,80.2308425903,71903,71913,10
12.826789856,80.2313079834,71913,71923,10
12.8255901337,80.2313995361,71923,71933,10
12.8243703842,80.231300354,71933,71943,10
12.8232603073,80.2309799194,71943,71953,10
12.82213974,80.2306213379,71953,71963,10
12.8211202621,80.230430603,71963,71974,11
12.8201398849,80.2304382324,71974,71984,10
12.8195199966,80.2304763794,71984,71993,9
12.8186197281,80.2303924561,71993,72004,11
12.8183898926,80.2302703857,72004,72014,10
12.8178396225,80.2300033569,72014,72024,10
12.817029953,80.2296524048,72024,72034,10
12.8160400391,80.2294311523,72034,72045,11
12.8147802353,80.2292480469,72045,72055,10
12.8135900497,80.2289733887,72055,72065,10
12.8124799728,80.2285995483,72065,72075,10
12.8113098145,80.2281723022,72075,72085,10
12.8101596832,80.2276992798,72085,72095,10
12.8090896606,80.227180481,72095,72105,10
12.8081197739,80.2264099121,72105,72115,10
12.8073396683,80.2257385254,72115,72126,11
12.8067302704,80.2252120972,72126,72136,10
12.8063097,80.2248077393,72136,72146,10
12.805680275,80.224281311,72146,72156,10
12.8050203323,80.2240066528,72156,72166,10
12.8049697876,80.2240066528,72166,72176,10
12.8047103882,80.2239532471,72176,72186,10
12.8041000366,80.2238922119,72186,72197,11
12.803319931,80.2238311768,72197,72206,9
12.8025398254,80.2237319946,72206,72217,11
12.8015003204,80.2236099243,72217,72227,10
12.8009395599,80.2235794067,72227,72237,10
12.8007802963,80.2235794067,72237,72247,10
12.8001899719,80.2235107422,72247,72257,10
12.7993202209,80.2234573364,72257,72267,10
12.7982301712,80.2233276367,72267,72278,11
12.7968597412,80.2231216431,72278,72288,10
12.7958898544,80.2229385376,72288,72298,10
12.7957401276,80.2229232788,72298,72308,10
12.7951803207,80.2228088379,72308,72318,10
12.7943000793,80.2226715088,72318,72328,10
12.7932100296,80.2225036621,72328,72338,10
12.7920799255,80.2222824097,72338,72349,11
12.79088974,80.2220077515,72349,72359,10
12.7900896072,80.2218093872,72359,72369,10
12.7898302078,80.2217483521,72369,72379,10
12.7896699905,80.2216873169,72379,72389,10
12.7891902924,80.2214813232,72389,72399,10
12.7886800766,80.221282959,72399,72409,10
12.7881803513,80.2210617065,72409,72419,10
12.7872400284,80.2207183838,72419,72450,31
12.7872400284,80.2207183838,72450,72460,10
12.7868795395,80.2205886841,72460,72490,30
12.7868795395,80.2205886841,72490,72501,11
12.7867603302,80.2205429077,72501,72511,10
12.7866096497,80.2204666138,72511,72521,10
12.78647995,80.220413208,72521,72531,10
12.7862701416,80.2203216553,72531,72551,20
12.7862701416,80.2203216553,72551,72561,10
12.7861604691,80.2204284668,72561,72571,10
12.7861700058,80.2207183838,72571,72582,11
12.786190033,80.2211914063,72582,72592,10
12.7862596512,80.2217636108,72592,72612,20
12.7862596512,80.2217636108,72612,72622,10
12.7862596512,80.2219390869,72622,73119,497
12.7863397598,80.2218322754,73119,73565,446
12.7863397598,80.2218322754,73565,73575,10
12.7863101959,80.2218322754,73575,73990,415
12.7862501144,80.2217025757,73990,74051,61
12.7862501144,80.2217025757,74051,74061,10
12.7861700058,80.2214584351,74061,74071,10
12.7861499786,80.2213821411,74071,74082,11
12.7861604691,80.2211303711,74082,74092,10
12.7861700058,80.2209396362,74092,74102,10
12.7861604691,80.2205123901,74102,74132,30
12.7861604691,80.2205123901,74132,74142,10
12.7864599228,80.2203598022,74142,74163,21
12.7864599228,80.2203598022,74163,74173,10
12.7865800858,80.2203521729,74173,74183,10
12.786860466,80.220451355,74183,74193,10
12.7870597839,80.2205123901,74193,74203,10
12.7873401642,80.2206420898,74203,74213,10
12.787779808,80.2208099365,74213,74223,10
12.7882795334,80.2209625244,74223,74234,11
12.7889003754,80.221206665,74234,74244,10
12.7894897461,80.2214508057,74244,74254,10
12.790019989,80.2216262817,74254,74264,10
12.790719986,80.2218017578,74264,74274,10
12.7915096283,80.2220230103,74274,74284,10
12.7923603058,80.2222213745,74284,74294,10
12.7932300568,80.222366333,74294,74305,11
12.7941904068,80.2225112915,74305,74315,10
12.7950296402,80.2226333618,74315,74325,10
12.796380043,80.2228469849,74325,74345,20
12.796380043,80.2228469849,74345,74355,10
12.7967100143,80.2229309082,74355,74365,10
12.7972803116,80.2230377197,74365,74375,10
12.7980203629,80.2231826782,74375,74386,11
12.7988996506,80.2232589722,74386,74396,10
12.7998199463,80.2233276367,74396,74406,10
12.8007097244,80.2234191895,74406,74416,10
12.8015499115,80.223487854,74416,74426,10
12.8023300171,80.2235565186,74426,74436,10
12.8030195236,80.2236709595,74436,74446,10
12.8033399582,80.2237167358,74446,74457,11
12.8037996292,80.223739624,74457,74467,10
12.804479599,80.2237930298,74467,74477,10
12.8051795959,80.2238998413,74477,74487,10
12.8055400848,80.2239990234,74487,74497,10
12.8057804108,80.2241363525,74497,74507,10
12.8062896729,80.2245788574,74507,74517,10
12.8069295883,80.225151062,74517,74527,10
12.8076295853,80.2257385254,74527,74538,11
12.8084602356,80.2264633179,74538,74548,10
12.809220314,80.2270812988,74548,74558,10
12.8100404739,80.2275085449,74558,74568,10
12.810959816,80.227897644,74568,74578,10
12.811920166,80.2282485962,74578,74588,10
12.8128900528,80.2285995483,74588,74598,10
12.8138799667,80.2289276123,74598,74609,11
12.8150396347,80.2291793823,74609,74619,10
12.8161497116,80.2293319702,74619,74629,10
12.8172197342,80.2295532227,74629,74639,10
12.8181800842,80.2299728394,74639,74649,10
12.8190002441,80.2303390503,74649,74659,10
12.8197002411,80.2303695679,74659,74669,10
12.8197402954,80.2303466797,74669,74679,10
12.8198900223,80.2303466797,74679,74690,11
12.820400238,80.2303237915,74690,74700,10
12.821149826,80.2303237915,74700,74710,10
12.8220701218,80.2304534912,74710,74720,10
12.8230400085,80.2307434082,74720,74730,10
12.8240499496,80.231048584,74730,74740,10
12.8250799179,80.2312927246,74740,74750,10
12.8261203766,80.2312774658,74750,74761,11
12.8271903992,80.2311096191,74761,74771,10
12.8280200958,80.2306900024,74771,74781,10
12.8288002014,80.2302398682,74781,74791,10
12.8296003342,80.2298736572,74791,74801,10
12.8302202225,80.229637146,74801,74811,10
12.8308601379,80.229347229,74811,74892,81
12.8310804367,80.229309082,74892,74933,41
12.8310804367,80.229309082,74933,74943,10
12.8313598633,80.2292098999,74943,75014,71
12.8316402435,80.2290802002,75014,75054,40
12.8316402435,80.2290802002,75054,75065,11
12.8318300247,80.2290496826,75065,75075,10
12.8320903778,80.2290115356,75075,75085,10
12.8325796127,80.2289123535,75085,75095,10
12.8332004547,80.2287902832,75095,75105,10
12.8339195251,80.2286682129,75105,75115,10
12.8340997696,80.2286224365,75115,75125,10
12.8344898224,80.228553772,75125,75135,10
12.835100174,80.2284393311,75135,75146,11
12.8358402252,80.2283325195,75146,75156,10
12.8365898132,80.2282180786,75156,75166,10
12.8373403549,80.2281036377,75166,75176,10
12.8380203247,80.2279663086,75176,75186,10
12.8384199142,80.2278594971,75186,75206,20
12.8386497498,80.2278289795,75206,75237,31
12.8386497498,80.2278289795,75237,75247,10
12.8391399384,80.2276992798,75247,75318,71
12.8395004272,80.2276000977,75318,75338,20
12.8395004272,80.2276000977,75338,75348,10
12.8395996094,80.2275619507,75348,75358,10
12.8398504257,80.2274780273,75358,75369,11
12.840379715,80.2274017334,75369,75379,10
12.8409900665,80.2272491455,75379,75389,10
12.8416099548,80.2270889282,75389,75399,10
12.8419599533,80.2269592285,75399,75419,20
12.8419599533,80.2269592285,75419,75429,10
12.8422803879,80.2268371582,75429,75440,11
12.8428897858,80.2267379761,75440,75450,10
12.8434801102,80.2266387939,75450,75460,10
12.8439302444,80.2265701294,75460,75470,10
12.8444795609,80.2265090942,75470,75480,10
12.8453798294,80.2264633179,75480,75510,30
12.8455400467,80.2264709473,75510,75541,31
12.8455400467,80.2264709473,75541,75551,10
12.8457899094,80.2264709473,75551,75561,10
12.8459100723,80.2265090942,75561,75571,10
12.8461503983,80.2264862061,75571,75581,10
12.8467502594,80.2264785767,75581,75592,11
12.8476295471,80.2264709473,75592,75602,10
12.8484601974,80.2264480591,75602,75612,10
12.849360466,80.2264404297,75612,75622,10
12.8500003815,80.2264099121,75622,75632,10
12.8500699997,80.2263870239,75632,75642,10
12.8501195908,80.2263717651,75642,75652,10
12.8504400253,80.2263565063,75652,75662,10
12.8509998322,80.2263870239,75662,75673,11
12.8518104553,80.2264328003,75673,75683,10
12.8526000977,80.2265014648,75683,75693,10
12.8534297943,80.2265167236,75693,75703,10
12.8544797897,80.2264328003,75703,75733,30
12.8544797897,80.2264328003,75733,75744,11
12.8545103073,80.2264404297,75744,75754,10
12.8549098969,80.2264022827,75754,75764,10
12.8555603027,80.226348877,75764,75774,10
12.8563499451,80.2263031006,75774,75784,10
12.8572597504,80.2262115479,75784,75794,10
12.8580303192,80.2261810303,75794,75804,10
12.8586997986,80.2262420654,75804,75814,10
12.8595399857,80.2263565063,75814,75825,11
12.86054039,80.2264862061,75825,75835,10
12.8607196808,80.2265090942,75835,75845,10
12.8608598709,80.2265167236,75845,75855,10
12.8612604141,80.2265396118,75855,75865,10
12.8619403839,80.2265014648,75865,75875,10
12.8627796173,80.2264709473,75875,75885,10
12.8636398315,80.2264785767,75885,75896,11
12.8646602631,80.2265396118,75896,75906,10
12.8656597137,80.2265625,75906,75916,10
12.8667001724,80.2264785767,75916,75926,10
12.8677396774,80.226348877,75926,75936,10
12.8688001633,80.2263565063,75936,75946,10
12.8698797226,80.2264785767,75946,75956,10
12.8709602356,80.2265777588,75956,75966,10
12.8719701767,80.2266082764,75966,75977,11
12.8727703094,80.226600647,75977,75987,10
12.8728303909,80.2266235352,75987,75997,10
12.8732595444,80.2266464233,75997,76007,10
12.8739204407,80.2266998291,76007,76017,10
12.8747797012,80.2267990112,76017,76027,10
12.8756799698,80.226890564,76027,76037,10
12.8762798309,80.226890564,76037,76048,11
12.8766002655,80.2268676758,76048,76058,10
12.876660347,80.2268676758,76058,76068,10
12.8768796921,80.2268829346,76068,76078,10
12.8773498535,80.2268371582,76078,76088,10
12.8781099319,80.2267684937,76088,76098,10
12.8789796829,80.2267074585,76098,76108,10
12.8798999786,80.2266616821,76108,76119,11
12.8809499741,80.2266311646,76119,76129,10
12.8819704056,80.2266235352,76129,76139,10
12.8829898834,80.2266082764,76139,76149,10
12.8839797974,80.2266082764,76149,76159,10
12.8846998215,80.226600647,76159,76169,10
12.8849802017,80.2266311646,76169,76179,10
12.8851203918,80.2266387939,76179,76189,10
12.8852701187,80.2266693115,76189,76200,11
12.8857898712,80.2267990112,76200,76210,10
12.8864803314,80.2269897461,76210,76220,10
12.8872699738,80.2271575928,76220,76230,10
12.8881502151,80.2272567749,76230,76240,10
12.8891000748,80.2273025513,76240,76250,10
12.8900995255,80.2273025513,76250,76260,10
12.8911304474,80.2272872925,76260,76271,11
12.89220047,80.2273178101,76271,76281,10
12.8931398392,80.2274093628,76281,76291,10
12.8940896988,80.2275238037,76291,76301,10
12.8950595856,80.2275924683,76301,76311,10
12.8959999084,80.2276306152,76311,76321,10
12.8969297409,80.2276763916,76321,76331,10
12.8978700638,80.227722168,76331,76341,10
12.8987798691,80.2277832031,76341,76352,11
12.8992795944,80.2277832031,76352,76382,30
12.8992795944,80.2277832031,76382,76392,10
12.8995895386,80.2277908325,76392,76402,10
12.9000797272,80.2278213501,76402,76412,10
12.9006595612,80.2278289795,76412,76504,92
12.9006595612,80.2278289795,76504,76514,10
12.9009799957,80.2278671265,76514,76524,10
12.90143013,80.2278823853,76524,76534,10
12.9025802612,80.2279586792,76534,76554,20
12.9025802612,80.2279586792,76554,76564,10
12.9029397964,80.2279815674,76564,76575,11
12.9034700394,80.2279891968,76575,76585,10
12.903550148,80.2279891968,76585,76595,10
12.9037704468,80.228012085,76595,76605,10
12.9040603638,80.2280197144,76605,76615,10
12.9042797089,80.2280197144,76615,76625,10
12.9046602249,80.2280426025,76625,76706,81
12.9046602249,80.2280426025,76706,76716,10
12.9049100876,80.2280197144,76716,76727,11
12.9050798416,80.2280502319,76727,76737,10
12.9053201675,80.2280426025,76737,76747,10
12.9057703018,80.2280731201,76747,76828,81
12.9057703018,80.2280731201,76828,76838,10
12.9061002731,80.2281494141,76838,76848,10
12.9061698914,80.2281417847,76848,76858,10
12.9065704346,80.2281723022,76858,76868,10
12.9068698883,80.2281799316,76868,76879,11
12.9071598053,80.2282180786,76879,76889,10
12.9076900482,80.2282867432,76889,76899,10
12.9083900452,80.2284164429,76899,76909,10
12.9091901779,80.2285614014,76909,76919,10
12.9100704193,80.2287216187,76919,76929,10
12.9109897614,80.2288589478,76929,76939,10
12.9119997025,80.2289810181,76939,76950,11
12.913069725,80.229133606,76950,76960,10
12.9138898849,80.2292327881,76960,76970,10
12.9139604568,80.2292404175,76970,76980,10
12.914059639,80.2292404175,76980,76990,10
12.9145202637,80.2292861938,76990,77000,10
12.9151802063,80.2293395996,77000,77010,10
12.9159698486,80.2294921875,77010,77020,10
12.9168195724,80.229598999,77020,77031,11
12.9177999496,80.2297515869,77031,77041,10
12.9187002182,80.2298812866,77041,77051,10
12.9196100235,80.2300033569,77051,77061,10
12.9205904007,80.2301177979,77061,77071,10
12.9215602875,80.2302322388,77071,77081,10
12.9225101471,80.2303771973,77081,77091,10
12.9235200882,80.2305297852,77091,77102,11
12.9246797562,80.2307128906,77102,77112,10
12.9256801605,80.230796814,77112,77122,10
12.9263000488,80.2308578491,77122,77132,10
12.9263000488,80.2308731079,77132,77142,10
12.926659584,80.2309188843,77142,77152,10
12.927280426,80.2309875488,77152,77162,10
12.9280900955,80.2311019897,77162,77172,10
12.9289102554,80.2312316895,77172,77183,11
12.9298601151,80.2314376831,77183,77193,10
12.9307203293,80.2316970825,77193,77203,10
12.9316196442,80.2319793701,77203,77213,10
12.9324903488,80.2322616577,77213,77223,10
12.933259964,80.2325592041,77223,77233,10
12.9334201813,80.2326278687,77233,77243,10
12.9335403442,80.2326812744,77243,77254,11
12.934009552,80.2329101563,77254,77264,10
12.9346599579,80.2332229614,77264,77274,10
12.9353199005,80.2335128784,77274,77284,10
12.9356899261,80.2336730957,77284,77294,10
12.9362802505,80.2339477539,77294,77304,10
12.9370603561,80.2343215942,77304,77314,10
12.9379196167,80.2347488403,77314,77324,10
12.9395399094,80.2355575562,77324,77345,21
12.9395399094,80.2355575562,77345,77355,10
12.9397497177,80.2356872559,77355,77365,10
12.9402999878,80.2358779907,77365,77375,10
12.9411001205,80.236076355,77375,77384,9
12.9418697357,80.2362594604,77384,77395,11
12.9428396225,80.2366333008,77395,77406,11
12.9436502457,80.2373199463,77406,77416,10
12.9443397522,80.2380599976,77416,77426,10
12.9450597763,80.238822937,77426,77436,10
12.9459104538,80.2394104004,77436,77446,10
12.9468297958,80.2397689819,77446,77456,10
12.9470796585,80.2398605347,77456,77466,10
12.9471998215,80.2398910522,77466,77476,10
12.9476604462,80.2400970459,77476,77487,11
12.9487895966,80.240562439,77487,77547,60
12.9487895966,80.240562439,77547,77558,11
12.9491796494,80.2407073975,77558,77568,10
12.949669838,80.2408676147,77568,77578,10
12.9503698349,80.2410964966,77578,77588,10
12.9509401321,80.2413101196,77588,77598,10
12.9510297775,80.2413482666,77598,77608,10
12.9514398575,80.2414779663,77608,77618,10
12.9520397186,80.2416763306,77618,77629,11
12.9526395798,80.2419281006,77629,77639,10
12.9533901215,80.2422180176,77639,77649,10
12.9542703629,80.2425994873,77649,77659,10
12.9551296234,80.2429199219,77659,77669,10
12.9558496475,80.2432022095,77669,77679,10
12.9562702179,80.2433624268,77679,77689,10
12.9562902451,80.2433624268,77689,77699,10
12.9565200806,80.2434234619,77699,77710,11
12.9570503235,80.2436676025,77710,77720,10
12.9578199387,80.2440032959,77720,77730,10
12.9585399628,80.2442932129,77730,77740,10
12.9587402344,80.244392395,77740,77750,10
12.958990097,80.2445526123,77750,77760,10
12.9595499039,80.2447814941,77760,77770,10
12.9603204727,80.2451019287,77770,77781,11
12.9612598419,80.2455215454,77781,77791,10
12.9621696472,80.2459564209,77791,77801,10
12.963139534,80.246421814,77801,77821,20
12.963139534,80.246421814,77821,77831,10
12.9632797241,80.2464599609,77831,77841,10
12.9636201859,80.2466506958,77841,77851,10
12.9641599655,80.2468719482,77851,77862,11
12.9649295807,80.2471618652,77862,77872,10
12.9656496048,80.2473907471,77872,77882,10
12.966509819,80.247718811,77882,77902,20
12.966509819,80.247718811,77902,77912,10
12.9667596817,80.2478485107,77912,77922,10
12.9671897888,80.2480926514,77922,77933,11
12.9679603577,80.2484436035,77933,77943,10
12.9687795639,80.2487716675,77943,77953,10
12.9696702957,80.2491378784,77953,77963,10
12.9706096649,80.2495117188,77963,77973,10
12.9715995789,80.2498016357,77973,77983,10
12.9726600647,80.2500915527,77983,77993,10
12.9736795425,80.2503585815,77993,78003,10
12.9746704102,80.250617981,78003,78014,11
12.9758195877,80.2509613037,78014,78024,10
12.9769096375,80.2512664795,78024,78033,9
12.9777297974,80.2517471313,78033,78044,11
12.9783401489,80.2522583008,78044,78054,10
12.9787397385,80.2524108887,78054,78095,41
12.9787397385,80.2524108887,78095,78105,10
12.9788799286,80.2524414063,78105,78115,10
12.9792499542,80.252532959,78115,78125,10
12.9796495438,80.2525634766,78125,78155,30
12.9796495438,80.2525634766,78155,78166,11
12.9797000885,80.252571106,78166,78176,10
12.9800796509,80.2525787354,78176,78186,10
12.9806003571,80.2526092529,78186,78196,10
12.9813899994,80.2525863647,78196,78206,10
12.9822797775,80.2525787354,78206,78216,10
12.9833803177,80.2524490356,78216,78357,141
12.9833803177,80.2524490356,78357,78368,11
12.9834499359,80.2524032593,78368,78378,10
12.9836997986,80.2523574829,78378,78389,11
12.9841995239,80.2522506714,78389,78399,10
12.9846601486,80.2521362305,78399,78409,10
12.9851999283,80.2519989014,78409,78419,10
12.9854698181,80.2519226074,78419,78429,10
12.9854898453,80.2519226074,78429,78439,10
12.9856300354,80.2518920898,78439,78449,10
12.9858703613,80.2518005371,78449,78460,11
12.9863395691,80.251663208,78460,78470,10
12.9867897034,80.2515792847,78470,78571,101
12.9867897034,80.2515792847,78571,78581,10
12.9869699478,80.2515411377,78581,78591,10
12.9872703552,80.2514419556,78591,78601,10
12.9876098633,80.2513427734,78601,78612,11
12.9881401062,80.2512207031,78612,78622,10
12.9888296127,80.2510299683,78622,78632,10
12.9894504547,80.2508773804,78632,78642,10
12.9894800186,80.2508773804,78642,78652,10
12.9898099899,80.2508010864,78652,78662,10
12.9904298782,80.250617981,78662,78672,10
12.9912204742,80.2504119873,78672,78682,10
12.992099762,80.250213623,78682,78693,11
12.9931201935,80.2499389648,78693,78703,10
12.9940395355,80.2496871948,78703,78713,10
12.9949903488,80.2494430542,78713,78723,10
12.9958200455,80.2492370605,78723,78733,10
12.9963798523,80.2490921021,78733,78743,10
12.9965000153,80.2490692139,78743,78753,10
12.9969501495,80.2489395142,78753,78764,11
12.997759819,80.2487487793,78764,78774,10
12.99862957,80.2485427856,78774,78784,10
12.9995803833,80.248336792,78784,78794,10
13.000579834,80.2480926514,78794,78804,10
13.0015802383,80.247833252,78804,78814,10
13.0024995804,80.2476196289,78814,78824,10
13.0034198761,80.247467041,78824,78834,10
13.0043001175,80.2473297119,78834,78845,11
13.0052900314,80.2471923828,78845,78855,10
13.006070137,80.2469177246,78855,78865,10
13.0064201355,80.2465209961,78865,78875,10
13.0064201355,80.2465133667,78875,78885,10
13.0064697266,80.2464599609,78885,78895,10
13.0065603256,80.2459487915,78895,78905,10
13.0065803528,80.2453384399,78905,78916,11
13.0065698624,80.2446212769,78916,78926,10
13.0065803528,80.2440567017,78926,78936,10
13.0065498352,80.2435913086,78936,78946,10
13.0065402985,80.2430725098,78946,78956,10
13.006529808,80.2424926758,78956,78966,10
13.0065402985,80.2417526245,78966,78976,10
13.0065898895,80.2410583496,78976,78986,10
13.0066699982,80.2405776978,78986,78997,11
13.0067996979,80.2399978638,78997,79007,10
13.0069198608,80.2392578125,79007,79017,10
13.0070695877,80.2384414673,79017,79027,10
13.0072603226,80.2376174927,79027,79037,10
13.0073604584,80.2369613647,79037,79047,10
13.0073604584,80.2369308472,79047,79057,10
13.007399559,80.2367324829,79057,79068,11
13.0075397491,80.2362289429,79068,79078,10
13.0076799393,80.2355422974,79078,79088,10
13.0078296661,80.2347106934,79088,79098,10
13.0080003738,80.2340087891,79098,79108,10
13.0082302094,80.2328186035,79108,79118,10
13.0084295273,80.2316970825,79118,79128,10
13.008649826,80.2305297852,79128,79139,11
13.0088796616,80.2293930054,79139,79149,10
13.0090799332,80.228477478,79149,79159,10
13.009349823,80.2276992798,79159,79169,10
13.0097198486,80.2268371582,79169,79179,10
13.0101203918,80.2259902954,79179,79189,10
13.0105199814,80.225227356,79189,79199,10
13.0108299255,80.2245407104,79199,79209,10
13.0111103058,80.2238006592,79209,79220,11
13.0114002228,80.2229232788,79220,79230,10
13.0117197037,80.2221221924,79230,79240,10
13.0120296478,80.2214202881,79240,79250,10
13.0123300552,80.2215881348,79250,79260,10
13.0127000809,80.2221221924,79260,79270,10
13.0131902695,80.2225799561,79270,79280,10
13.0136003494,80.2230224609,79280,79291,11
13.0141601563,80.2236175537,79291,79301,10
13.0145597458,80.2242202759,79301,79311,10
13.015130043,80.2247619629,79311,79321,10
13.0153598785,80.224899292,79321,79331,10
13.0154800415,80.2249526978,79331,79341,10
13.0155096054,80.2249832153,79341,79351,10
13.0159196854,80.2252502441,79351,79361,10
13.0166397095,80.225189209,79361,79372,11
13.0175199509,80.2248382568,79372,79382,10
13.0183095932,80.2245330811,79382,79392,10
13.0190696716,80.224281311,79392,79402,10
13.0195198059,80.224319458,79402,79432,30
13.0195198059,80.224319458,79432,79443,11
13.0196895599,80.2244262695,79443,79453,10
13.0199604034,80.2246932983,79453,79463,10
13.0204000473,80.2249679565,79463,79473,10
13.0211000443,80.2255020142,79473,79513,40
13.0211601257,80.2258377075,79513,79868,355
13.0211601257,80.2258377075,79868,79878,10
13.0213098526,80.2257919312,79878,79888,10
13.0216598511,80.2259597778,79888,79899,11
13.0221204758,80.2262802124,79899,79909,10
13.0224399567,80.2265319824,79909,79919,10
13.0227203369,80.2267837524,79919,79929,10
13.0229597092,80.2270431519,79929,79939,10
13.0231895447,80.2272491455,79939,79949,10
13.0234098434,80.2274398804,79949,79959,10
13.0238304138,80.2277832031,79959,79980,21
13.0238304138,80.2277832031,79980,79990,10
13.0240697861,80.2279891968,79990,80000,10
13.0242204666,80.2281799316,80000,80030,30
13.0243997574,80.2284164429,80030,80091,61
13.0243997574,80.2284164429,80091,80101,10
13.0243196487,80.2285690308,80101,80111,10
13.0240898132,80.2283630371,80111,80122,11
13.0237197876,80.227897644,80122,80132,10
13.0232696533,80.2274932861,80132,80142,10
13.0228796005,80.2271728516,80142,80152,10
13.0225095749,80.2268600464,80152,80162,10
13.0221300125,80.2265167236,80162,80172,10
13.0217199326,80.2261581421,80172,80182,10
13.0212602615,80.2258071899,80182,80192,10
13.0206804276,80.2253799438,80192,80203,11
13.0198497772,80.224822998,80203,80223,20
13.0198497772,80.224822998,80223,80233,10
13.0195798874,80.2247009277,80233,80243,10
13.0191001892,80.2245483398,80243,80253,10
13.0185403824,80.2246627808,80253,80263,10
13.017950058,80.2248764038,80263,80274,11
13.0173397064,80.2250976563,80274,80284,10
13.0168104172,80.2253189087,80284,80294,10
13.0163602829,80.225479126,80294,80304,10
13.0158996582,80.2256164551,80304,80314,10
13.01541996,80.2257614136,80314,80324,10
13.0150995255,80.2258911133,80324,80334,10
13.0149698257,80.2259368896,80334,80344,10
13.014840126,80.2259902954,80344,80355,11
13.01445961,80.2261199951,80355,80405,50
13.01445961,80.2261199951,80405,80415,10
13.0142602921,80.2260971069,80415,80426,11
13.0141897202,80.2259902954,80426,80436,10
13.0142002106,80.2254486084,80436,80486,50
13.0142002106,80.2254486084,80486,80497,11
13.0142202377,80.2253417969,80497,80507,10
13.0141201019,80.2255706787,80507,83955,3448
13.0141201019,80.2258224487,83955,84188,233
13.0141201019,80.2258224487,84188,84198,10
