12.9982204437,80.2567977905,20,2987,2967
12.998459816,80.256942749,2987,3048,61
12.998459816,80.256942749,3048,3058,10
12.9983196259,80.2568283081,3058,8761,5703
12.9984798431,80.2568435669,8761,10297,1536
12.9984197617,80.2568893433,10297,13083,2786
12.9984197617,80.2568893433,13083,13093,10
12.998339653,80.2567520142,13093,13729,636
12.9984197617,80.2568206787,13729,17394,3665
12.9982500076,80.2568283081,17394,18110,716
12.9982795715,80.2568817139,18110,18363,253
12.9982404709,80.2568664551,18363,19271,908
12.9982404709,80.2568664551,19271,19281,10
12.998459816,80.2569274902,19281,19291,10
12.9982099533,80.2571105957,19291,19301,10
12.9978504181,80.2571105957,19301,19332,31
12.9978504181,80.2571105957,19332,19342,10
12.9979000092,80.2570724487,19342,19352,10
12.9979295731,80.2566986084,19352,19362,10
12.997879982,80.2564086914,19362,19413,51
12.997879982,80.2564086914,19413,19423,10
12.9977302551,80.2560501099,19423,19433,10
12.997590065,80.2559509277,19433,19443,10
12.9973497391,80.2559432983,19443,19453,10
12.9970502853,80.2560272217,19453,19614,161
12.9970502853,80.2560272217,19614,19625,11
12.9968204498,80.2559432983,19625,19635,10
12.996430397,80.2559127808,19635,19645,10
12.9956998825,80.2559204102,19645,19655,10
12.9951000214,80.2559280396,19655,19665,10
12.9944496155,80.2559509277,19665,19675,10
12.9937896729,80.2560195923,19675,19685,10
12.9930095673,80.256072998,19685,19695,10
12.9920701981,80.2560882568,19695,19705,10
12.9912996292,80.256072998,19705,19715,10
12.9905195236,80.2560272217,19715,19725,10
12.9897499084,80.2560119629,19725,19736,11
12.9889297485,80.2559585571,19736,19746,10
12.9882497787,80.2558670044,19746,19756,10
12.9877500534,80.2558364868,19756,19764,8
12.9839601517,80.254989624,19764,19834,70
12.9839601517,80.254989624,19834,19855,21
12.9823198318,80.2544784546,19855,19865,10
12.9818496704,80.2535324097,19865,19875,10
12.9814596176,80.2528305054,19875,19885,10
12.9806995392,80.2528076172,19885,19895,10
12.9797201157,80.2527313232,19895,19905,10
12.9787397385,80.2525634766,19905,19915,10
12.977809906,80.2519378662,19915,19925,10
12.9769697189,80.251373291,19925,19934,9
12.9759197235,80.2510375977,19934,19946,12
12.9743099213,80.250579834,19946,19956,10
12.9729204178,80.250213623,19956,19966,10
12.9716796875,80.2498779297,19966,19976,10
12.9704198837,80.2495193481,19976,19986,10
12.9690904617,80.2490005493,19986,19996,10
12.9677600861,80.2484588623,19996,20006,10
12.9667396545,80.2480010986,20006,20016,10
12.9651203156,80.2473983765,20016,20046,30
12.9651203156,80.2473983765,20046,20057,11
12.9647903442,80.2472915649,20057,20067,10
12.9641199112,80.2470474243,20067,20077,10
12.9631996155,80.2466278076,20077,20087,10
12.9620103836,80.2460403442,20087,20097,10
12.9607200623,80.2453994751,20097,20107,10
12.9596004486,80.2449264526,20107,20117,10
12.959400177,80.2448425293,20117,20127,10
12.9591302872,80.2446975708,20127,20137,10
12.9584703445,80.2444000244,20137,20147,10
12.95773983,80.2440872192,20147,20158,11
12.9568300247,80.243812561,20158,20168,10
12.9563798904,80.243637085,20168,20178,10
12.9560403824,80.2435073853,20178,20188,10
12.9553203583,80.2431564331,20188,20198,10
12.9544095993,80.2427368164,20198,20208,10
12.9534597397,80.2423324585,20208,20218,10
12.9524803162,80.2419433594,20218,20228,10
12.9518404007,80.2417068481,20228,20238,10
12.951669693,80.2416381836,20238,20248,10
12.951089859,80.2414169312,20248,20258,10
12.9501495361,80.2411422729,20258,20269,11
12.9490404129,80.2407608032,20269,20279,10
12.9482898712,80.2404785156,20279,20289,10
12.9473104477,80.2400588989,20289,20299,10
12.9461097717,80.2395629883,20299,20309,10
12.9449396133,80.238822937,20309,20319,10
12.9439401627,80.2377319336,20319,20329,10
12.9428300858,80.2367019653,20329,20339,10
12.9413795471,80.2362136841,20339,20349,10
12.9400501251,80.2358474731,20349,20359,10
12.9388103485,80.2352828979,20359,20370,11
12.9375400543,80.2346801758,20370,20380,10
12.9364204407,80.2341384888,20380,20390,10
12.9353599548,80.2336425781,20390,20400,10
12.9343004227,80.2331390381,20400,20410,10
12.9331598282,80.2326126099,20410,20420,10
12.9318599701,80.2321395874,20420,20430,10
12.930439949,80.2316818237,20430,20440,10
12.9291801453,80.2313690186,20440,20450,10
12.9278202057,80.2311630249,20450,20460,10
12.9263296127,80.2309875488,20460,20470,10
12.9248199463,80.2308120728,20470,20481,11
12.9231700897,80.2306137085,20481,20491,10
12.9216403961,80.2303771973,20491,20501,10
12.9200601578,80.230178833,20501,20511,10
12.9184703827,80.2299728394,20511,20521,10
12.9169998169,80.2297821045,20521,20531,10
12.9156904221,80.2295913696,20531,20541,10
12.9143695831,80.2294082642,20541,20551,10
12.9131097794,80.2292404175,20551,20561,10
12.9117097855,80.229057312,20561,20571,10
12.9102401733,80.2288208008,20571,20582,11
12.9086198807,80.2285614014,20582,20592,10
12.9073801041,80.2283782959,20592,20602,10
12.9063100815,80.2282791138,20602,20612,10
12.9051799774,80.2281723022,20612,20622,10
12.9038200378,80.2281265259,20622,20632,10
12.9023599625,80.2280578613,20632,20642,10
12.9012098312,80.2279891968,20642,20652,10
12.9003801346,80.2279510498,20652,20662,10
12.8997802734,80.2278823853,20662,20672,10
12.8995504379,80.2278823853,20672,20682,10
12.8992996216,80.2278518677,20682,20693,11
12.8985204697,80.2278213501,20693,20703,10
12.8975095749,80.2277679443,20703,20713,10
12.8962402344,80.2277069092,20713,20723,10
12.8948402405,80.2276611328,20723,20733,10
12.8933801651,80.2275314331,20733,20743,10
12.8918800354,80.2273788452,20743,20753,10
12.8903398514,80.2273788452,20753,20763,10
12.8888998032,80.2273788452,20763,20773,10
12.8875904083,80.2272796631,20773,20783,10
12.886300087,80.2270202637,20783,20794,11
12.8850698471,80.2267608643,20794,20804,10
12.8848304749,80.2267532349,20804,20814,10
12.8844003677,80.2267303467,20814,20824,10
12.8835802078,80.2267303467,20824,20834,10
12.8824596405,80.2267303467,20834,20844,10
12.8811197281,80.2267379761,20844,20854,10
12.8796701431,80.2267532349,20854,20864,10
12.8782300949,80.2268295288,20864,20874,10
12.8769903183,80.2269515991,20874,20884,10
12.8763799667,80.2270126343,20884,20893,9
12.8760900497,80.2270126343,20893,20905,12
12.8752403259,80.2269515991,20905,20915,10
12.8741798401,80.2268218994,20915,20925,10
12.8729400635,80.2267227173,20925,20935,10
12.8716201782,80.2266921997,20935,20945,10
12.8701696396,80.226600647,20945,20955,10
12.8687095642,80.2264328003,20955,20965,10
12.8672704697,80.2264633179,20965,20975,10
12.8658895493,80.2266082764,20975,20985,10
12.8645601273,80.2265930176,20985,20995,10
12.8632602692,80.2265396118,20995,21006,11
12.8618097305,80.2266082764,21006,21016,10
12.8605098724,80.2265701294,21016,21026,10
12.8592996597,80.2264022827,21026,21036,10
12.8581399918,80.226272583,21036,21046,10
12.8568601608,80.2263412476,21046,21056,10
12.8555402756,80.2264633179,21056,21066,10
12.8542900085,80.2265777588,21066,21076,10
12.8529996872,80.2267303467,21076,21086,10
12.8516101837,80.2266769409,21086,21096,10
12.8501195908,80.2266235352,21096,21106,10
12.8487100601,80.2266082764,21106,21117,11
12.8473396301,80.2266235352,21117,21127,10
12.8462200165,80.2266235352,21127,21137,10
12.8451299667,80.2266311646,21137,21147,10
12.8439598083,80.2267379761,21147,21157,10
12.8427600861,80.2269363403,21157,21167,10
12.8415298462,80.2272186279,21167,21177,10
12.8404197693,80.2275314331,21177,21187,10
12.8397798538,80.227722168,21187,21197,10
12.8394498825,80.2278289795,21197,21206,9
12.838760376,80.2279815674,21206,21218,12
12.8374700546,80.2282714844,21218,21228,10
12.8361501694,80.2284698486,21228,21238,10
12.8347301483,80.2286834717,21238,21248,10
12.8334598541,80.2289123535,21248,21258,10
12.8325901031,80.2290878296,21258,21268,10
12.8324804306,80.2291030884,21268,21278,10
12.8319797516,80.2292022705,21278,21288,10
12.8311796188,80.2294006348,21288,21298,10
12.8301095963,80.2297897339,21298,21308,10
12.8288602829,80.2303085327,21308,21318,10
12.8275899887,80.2310180664,21318,21329,11
12.8261699677,80.2313995361,21329,21339,10
12.8248500824,80.2314071655,21339,21349,10
12.82351017,80.2310791016,21349,21359,10
12.8224201202,80.2307434082,21359,21369,10
12.821559906,80.2305221558,21369,21379,10
12.8207302094,80.2304763794,21379,21389,10
12.8200902939,80.2304992676,21389,21399,10
12.8193101883,80.2304992676,21399,21409,10
12.8183603287,80.2302398682,21409,21419,10
12.817440033,80.2298278809,21419,21430,11
12.8161697388,80.2294692993,21430,21440,10
12.8149499893,80.2292861938,21440,21450,10
12.8137598038,80.2290725708,21450,21460,10
12.8126001358,80.2286987305,21460,21470,10
12.8113098145,80.2282409668,21470,21480,10
12.8099603653,80.2276382446,21480,21490,10
12.8086700439,80.2268676758,21490,21500,10
12.8075304031,80.2259063721,21500,21510,10
12.8065795898,80.2250671387,21510,21520,10
12.8058204651,80.2243881226,21520,21530,10
12.8051099777,80.2240371704,21530,21541,11
12.8041696548,80.2239074707,21541,21551,10
12.8032197952,80.2238311768,21551,21561,10
12.8021097183,80.2236862183,21561,21571,10
12.8008403778,80.2235565186,21571,21581,10
12.7995500565,80.223449707,21581,21591,10
12.7981996536,80.2232894897,21591,21601,10
12.7968101501,80.2230682373,21601,21611,10
12.7955598831,80.2228469849,21611,21621,10
12.7943897247,80.22265625,21621,21631,10
12.7931699753,80.2224807739,21631,21642,11
12.7918300629,80.2222137451,21642,21652,10
12.7906198502,80.2219161987,21652,21662,10
12.7895402908,80.2216186523,21662,21672,10
12.788599968,80.2212600708,21672,21682,10
12.7876901627,80.220916748,21682,21692,10
12.7869100571,80.2206268311,21692,21702,10
12.7861099243,80.2203292847,21702,21722,20
12.7861099243,80.2203292847,21722,21732,10
12.7860002518,80.2202682495,21732,21742,10
12.7855501175,80.2200622559,21742,21753,11
12.7849397659,80.2197494507,21753,21763,10
12.7846603394,80.219619751,21763,21773,10
12.784330368,80.2194137573,21773,21783,10
12.7836198807,80.21900177,21783,21793,10
12.7826099396,80.2184524536,21793,21803,10
12.781419754,80.2177886963,21803,21813,10
12.7801399231,80.2171020508,21813,21823,10
12.778840065,80.2164001465,21823,21833,10
12.7774400711,80.2157592773,21833,21843,10
12.7759799957,80.2151565552,21843,21854,11
12.7745103836,80.2145614624,21854,21864,10
12.7732200623,80.214050293,21864,21874,10
12.7719697952,80.2135772705,21874,21884,10
12.770939827,80.213218689,21884,21894,10
12.7707796097,80.212928772,21894,21904,10
12.7708396912,80.2128295898,21904,21914,10
12.7709197998,80.2126083374,21914,21924,10
12.7710399628,80.2120513916,21924,21934,10
12.771320343,80.2112731934,21934,21944,10
12.7717695236,80.2104034424,21944,21954,10
12.7722396851,80.2093582153,21954,21965,11
12.7725896835,80.2081832886,21965,21975,10
12.7728395462,80.207321167,21975,21985,10
12.7730302811,80.2065811157,21985,21995,10
12.7732601166,80.2057113647,21995,22005,10
12.7734298706,80.2047271729,22005,22015,10
12.7735395432,80.203666687,22015,22025,10
12.7737903595,80.2026367188,22025,22035,10
12.7738704681,80.2015762329,22035,22045,10
12.773900032,80.2010192871,22045,22054,9
12.7739400864,80.2007217407,22054,22066,12
12.774020195,80.1999206543,22066,22076,10
12.7740898132,80.1989822388,22076,22086,10
12.7741603851,80.1979064941,22086,22096,10
12.7742099762,80.1970062256,22096,22106,10
12.7742395401,80.1960983276,22106,22116,10
12.7742795944,80.195640564,22116,22126,10
12.7742795944,80.1956176758,22126,22136,10
12.7743301392,80.1951980591,22136,22146,10
12.7744998932,80.1944885254,22146,22156,10
12.7747001648,80.1936416626,22156,22166,10
12.7747898102,80.193359375,22166,22177,11
12.7751598358,80.192779541,22177,22187,10
12.7753400803,80.1920776367,22187,22196,9
12.7752599716,80.1915435791,22196,22207,11
12.7748298645,80.1906280518,22207,22217,10
12.7740402222,80.1897735596,22217,22227,10
12.7730102539,80.1893463135,22227,22237,10
12.7719497681,80.1889190674,22237,22247,10
12.771109581,80.1884231567,22247,22257,10
12.7709598541,80.1874694824,22257,22267,10
12.7708396912,80.1865310669,22267,22278,11
12.7707595825,80.1856994629,22278,22288,10
12.7707004547,80.1848526001,22288,22298,10
12.7702198029,80.1845779419,22298,22308,10
12.7695999146,80.184387207,22308,22318,10
12.7691602707,80.1841964722,22318,22328,10
12.7690496445,80.1841201782,22328,22338,10
12.7687501907,80.1838531494,22338,22348,10
12.768409729,80.1835174561,22348,22358,10
12.7679004669,80.1833267212,22358,22368,10
12.7672700882,80.1830978394,22368,22378,10
12.7665996552,80.1827926636,22378,22389,11
12.7658596039,80.1826324463,22389,22399,10
12.7652301788,80.1825714111,22399,22409,10
12.7645196915,80.182472229,22409,22419,10
12.7639198303,80.1823730469,22419,22429,10
12.7635097504,80.1825332642,22429,22439,10
12.7633399963,80.1831207275,22439,22449,10
12.7632102966,80.1835479736,22449,22459,10
12.763130188,80.1837387085,22459,22469,10
12.7630395889,80.1841201782,22469,22479,10
12.7630796432,80.1845092773,22479,22490,11
12.7629499435,80.1849899292,22490,22500,10
12.7624902725,80.1849365234,22500,22510,10
12.7619695663,80.184928894,22510,22520,10
12.7615098953,80.1848373413,22520,22530,10
12.7615499496,80.1846923828,22530,22540,10
12.7615003586,80.1848297119,22540,23186,646
12.7615003586,80.1848297119,23186,23196,10
12.7617502213,80.1848831177,23196,23206,10
12.762049675,80.1849136353,23206,23216,10
12.7623701096,80.1849136353,23216,23225,9
12.7626399994,80.1849517822,23225,23237,12
12.763010025,80.1848526001,23237,23247,10
12.7630701065,80.1845397949,23247,23257,10
12.7630500793,80.1842727661,23257,23267,10
12.7630395889,80.1840286255,23267,23277,10
12.7631196976,80.1837921143,23277,23287,10
12.7631998062,80.1835479736,23287,23297,10
12.7632102966,80.1835403442,23297,23307,10
12.763299942,80.1832962036,23307,23317,10
12.7634096146,80.1828994751,23317,23327,10
12.7635202408,80.182510376,23327,23338,11
12.7639799118,80.1824798584,23338,23348,10
12.7645301819,80.1825180054,23348,23358,10
12.7652196884,80.1825790405,23358,23368,10
12.765879631,80.1826782227,23368,23378,10
12.7664604187,80.182762146,23378,23388,10
12.7670602798,80.1830291748,23388,23398,10
12.7677097321,80.1832809448,23398,23408,10
12.7683200836,80.1835021973,23408,23418,10
12.7687397003,80.1838607788,23418,23428,10
12.7691402435,80.184173584,23428,23437,9
12.7692699432,80.1842422485,23437,23449,12
12.7697000504,80.1844329834,23449,23459,10
12.7702503204,80.1845779419,23459,23469,10
12.7707099915,80.184753418,23469,23479,10
12.7707996368,80.1852798462,23479,23489,10
12.7708101273,80.1860122681,23489,23499,10
12.770939827,80.186920166,23499,23509,10
12.7710504532,80.1878662109,23509,23519,10
12.7713403702,80.1887207031,23519,23529,10
12.7721595764,80.1890411377,23529,23539,10
12.773059845,80.1894073486,23539,23549,10
12.774020195,80.1897583008,23549,23560,11
12.7748203278,80.1905899048,23560,23570,10
12.775270462,80.1915130615,23570,23580,10
12.7754001617,80.1922607422,23580,23590,10
12.7752199173,80.1927719116,23590,23600,10
12.7748203278,80.193359375,23600,23610,10
12.7747001648,80.1937637329,23610,23620,10
12.7746896744,80.1937713623,23620,23630,10
12.774600029,80.1941070557,23630,23640,10
12.7744503021,80.1948318481,23640,23650,10
12.7742900848,80.1957626343,23650,23661,11
12.7742300034,80.1968688965,23661,23671,10
12.774189949,80.1979064941,23671,23681,10
12.7741098404,80.1989517212,23681,23691,10
12.7740402222,80.1998291016,23691,23701,10
12.7740297318,80.1999588013,23701,23711,10
12.7740001678,80.200378418,23711,23721,10
12.7739400864,80.2009735107,23721,23731,10
12.7739295959,80.2011566162,23731,23741,10
12.7739200592,80.2013168335,23741,23751,10
12.7738800049,80.2018203735,23751,23762,11
12.7738199234,80.2026367188,23762,23772,10
12.7735900879,80.2035827637,23772,23782,10
12.7734804153,80.2044830322,23782,23792,10
12.7733402252,80.205406189,23792,23802,10
12.773150444,80.2062606812,23802,23812,10
12.7730703354,80.2065124512,23812,23822,10
12.772939682,80.2068862915,23822,23832,10
12.772769928,80.2075805664,23832,23842,10
12.7725296021,80.2084197998,23842,23852,10
12.7722396851,80.2093963623,23852,23862,10
12.7717895508,80.2104110718,23862,23873,11
12.7712497711,80.2114562988,23873,23883,10
12.7710199356,80.2123336792,23883,23893,10
12.7708501816,80.2130584717,23893,23903,10
12.7709798813,80.2131576538,23903,23913,10
12.7712697983,80.2132797241,23913,23923,10
12.771900177,80.2135162354,23923,23933,10
12.7727499008,80.2138366699,23933,23943,10
12.7738599777,80.2142562866,23943,23953,10
12.7750997543,80.2147827148,23953,23962,9
12.7763004303,80.2152709961,23962,23974,12
12.7779502869,80.2159500122,23974,23984,10
12.7792901993,80.2166213989,23984,23994,10
12.7806301117,80.2173309326,23994,24004,10
12.7819795609,80.2180709839,24004,24014,10
12.7833404541,80.2188110352,24014,24024,10
12.7846603394,80.2195587158,24024,24034,10
12.7861795425,80.2203292847,24034,24074,40
12.7861795425,80.2203292847,24074,24085,11
12.7866001129,80.2204589844,24085,24105,20
12.7866001129,80.2204589844,24105,24115,10
12.786740303,80.2205734253,24115,24125,10
12.7871904373,80.220741272,24125,24135,10
12.7878303528,80.220993042,24135,24145,10
12.7886400223,80.221282959,24145,24155,10
12.789440155,80.2215805054,24155,24165,10
12.7902698517,80.221786499,24165,24175,10
12.7912397385,80.2220230103,24175,24186,11
12.792429924,80.2223129272,24186,24196,10
12.7935695648,80.2225036621,24196,24206,10
12.7947597504,80.2226715088,24206,24216,10
12.7958097458,80.2228317261,24216,24226,10
12.7963895798,80.2229309082,24226,24236,10
12.796380043,80.2229309082,24236,24246,10
12.7966098785,80.2229690552,24246,24256,10
12.7971696854,80.2230834961,24256,24266,10
12.797949791,80.2232208252,24266,24276,10
12.7988996506,80.2233505249,24276,24286,10
12.7999897003,80.223449707,24286,24297,11
12.8004999161,80.2234802246,24297,24307,10
12.8006296158,80.2234802246,24307,24317,10
12.8010902405,80.2235488892,24317,24327,10
12.8016004562,80.2235870361,24327,24337,10
12.8022403717,80.2236709595,24337,24347,10
12.8031101227,80.2238006592,24347,24357,10
12.8040895462,80.2238693237,24357,24367,10
12.8050498962,80.2239837646,24367,24377,10
12.8055496216,80.2240982056,24377,24387,10
12.8056602478,80.2241363525,24387,24398,11
12.8061599731,80.2245635986,24398,24408,10
12.8067598343,80.2250976563,24408,24418,10
12.8074903488,80.2257385254,24418,24428,10
12.808429718,80.2265396118,24428,24438,10
12.8095197678,80.2273788452,24438,24448,10
12.810839653,80.2279815674,24448,24458,10
12.8122701645,80.2284927368,24458,24468,10
12.8137197495,80.2289810181,24468,24478,10
12.8152399063,80.2292785645,24478,24488,10
12.8167295456,80.2295227051,24488,24498,10
12.8179998398,80.2300033569,24498,24509,11
12.8191699982,80.2304382324,24509,24518,9
12.8198003769,80.230430603,24518,24529,11
12.8199901581,80.230430603,24529,24539,10
12.8206396103,80.2304000854,24539,24549,10
12.8216104507,80.2304534912,24549,24559,10
12.8227100372,80.2307281494,24559,24569,10
12.8238601685,80.231048584,24569,24579,10
12.8250598907,80.2313232422,24579,24589,10
12.8262796402,80.2313232422,24589,24599,10
12.8274803162,80.231048584,24599,24610,11
12.828789711,80.2303009033,24610,24620,10
12.8300895691,80.2297515869,24620,24630,10
12.8310203552,80.2293624878,24630,24640,10
12.8311195374,80.2293395996,24640,24650,10
12.8314304352,80.2292709351,24650,24660,10
12.8320798874,80.2291030884,24660,24670,10
12.8330402374,80.2289123535,24670,24680,10
12.8342695236,80.2286911011,24680,24690,10
12.8356399536,80.2284698486,24690,24700,10
12.837100029,80.2282485962,24700,24709,9
12.8383197784,80.228012085,24709,24721,12
12.8393096924,80.2277297974,24721,24731,10
12.8395595551,80.2276611328,24731,24741,10
12.8400602341,80.2275314331,24741,24751,10
12.8409004211,80.2273101807,24751,24761,10
12.8419704437,80.2270431519,24761,24771,10
12.8431301117,80.2268066406,24771,24781,10
12.8444299698,80.2265930176,24781,24791,10
12.8453197479,80.2265319824,24791,24801,10
12.845410347,80.2265167236,24801,24811,10
12.8457899094,80.2265319824,24811,24822,11
12.8466300964,80.2265090942,24822,24832,10
12.8476896286,80.2265167236,24832,24842,10
12.8488502502,80.2265014648,24842,24852,10
12.8497800827,80.2264709473,24852,24862,10
12.8500995636,80.2264785767,24862,24872,10
12.8505401611,80.2264862061,24872,24882,10
12.8513402939,80.2265472412,24882,24892,10
12.8524103165,80.2266235352,24892,24902,10
12.8536996841,80.2265930176,24902,24912,10
12.8551101685,80.2264328003,24912,24921,9
12.8564395905,80.2262878418,24921,24933,12
12.85820961,80.2261505127,24933,24943,10
12.8594703674,80.2263031006,24943,24953,10
12.8608903885,80.2265167236,24953,24963,10
12.8623600006,80.2264785767,24963,24973,10
12.8638296127,80.2264633179,24973,24983,10
12.8653402328,80.2265167236,24983,24993,10
12.8669300079,80.2264328003,24993,25003,10
12.8685598373,80.2263183594,25003,25013,10
12.8701696396,80.2265014648,25013,25023,10
12.8716201782,80.2266082764,25023,25033,10
12.8729896545,80.2266387939,25033,25044,11
12.874540329,80.2267608643,25044,25054,10
12.87596035,80.2268981934,25054,25064,10
12.8767700195,80.2268600464,25064,25074,10
12.8768701553,80.2268600464,25074,25084,10
12.8774003983,80.2268066406,25084,25094,10
12.8782997131,80.2267303467,25094,25104,10
12.8794803619,80.2266693115,25104,25114,10
12.8808498383,80.2266616821,25114,25124,10
12.8823003769,80.2266387939,25124,25133,9
12.8836097717,80.2266387939,25133,25145,12
12.8849496841,80.2266235352,25145,25155,10
12.8851804733,80.2266387939,25155,25165,10
12.8853397369,80.2266693115,25165,25175,10
12.8859195709,80.2267990112,25175,25185,10
12.8867797852,80.2270278931,25185,25195,10
12.8879098892,80.2272262573,25195,25205,10
12.8892498016,80.2273101807,25205,25215,10
12.8906898499,80.2273025513,25215,25225,10
12.8920297623,80.2273025513,25225,25235,10
12.8933296204,80.227432251,25235,25244,9
12.8945703506,80.2275619507,25244,25256,12
12.8963603973,80.2276229858,25256,25266,10
12.8978796005,80.2277069092,25266,25276,10
12.8992204666,80.2277984619,25276,25286,10
12.9006700516,80.2278671265,25286,25336,50
12.9006700516,80.2278671265,25336,25346,10
12.9010400772,80.227897644,25346,25357,11
12.9017696381,80.2279434204,25357,25367,10
12.9026498795,80.2279586792,25367,25377,10
12.902970314,80.2279586792,25377,25387,10
12.9032697678,80.2279586792,25387,25397,10
12.903960228,80.2280426025,25397,25407,10
12.9049301147,80.2281112671,25407,25417,10
12.9061203003,80.2281723022,25417,25437,20
12.9061203003,80.2281723022,25437,25447,10
12.9062700272,80.2281570435,25447,25457,10
12.9064798355,80.2281570435,25457,25468,11
12.9067001343,80.228187561,25468,25478,10
12.9068698883,80.2282333374,25478,25488,10
12.9070501328,80.228302002,25488,25498,10
12.9076499939,80.2283706665,25498,25508,10
12.9085597992,80.2285079956,25508,25518,10
12.9096803665,80.2286987305,25518,25528,10
12.9108600616,80.2288589478,25528,25538,10
12.9120798111,80.229019165,25538,25548,10
12.9132499695,80.2291793823,25548,25558,10
12.9138803482,80.2292633057,25558,25569,11
12.9141397476,80.2293167114,25569,25579,10
12.9147396088,80.2294006348,25579,25589,10
12.9155797958,80.2295074463,25589,25599,10
12.9166603088,80.2296829224,25599,25609,10
12.9178495407,80.2298736572,25609,25619,10
12.9189996719,80.2300186157,25619,25629,10
12.9201898575,80.2301712036,25629,25639,10
12.9213895798,80.2303085327,25639,25649,10
12.9226303101,80.2304916382,25649,25659,10
12.923910141,80.2306671143,25659,25669,10
12.9251098633,80.2308273315,25669,25680,11
12.9261703491,80.2309112549,25680,25690,10
12.9263296127,80.2309417725,25690,25700,10
12.9266700745,80.23097229,25700,25710,10
12.9273500443,80.2310333252,25710,25720,10
12.9282302856,80.2311477661,25720,25730,10
12.9293298721,80.2313613892,25730,25740,10
12.9305801392,80.2316589355,25740,25750,10
12.9319200516,80.232093811,25750,25760,10
12.9331102371,80.2324981689,25760,25770,10
12.9336795807,80.2327270508,25770,25781,11
12.9338197708,80.2328033447,25781,25791,10
12.9342699051,80.2329864502,25791,25801,10
12.9350204468,80.2333374023,25801,25811,10
12.9359302521,80.233757019,25811,25821,10
12.9369602203,80.2342529297,25821,25831,10
12.9381303787,80.2348175049,25831,25841,10
12.9391899109,80.2353515625,25841,25851,10
12.9397201538,80.2356185913,25851,25861,10
12.9397802353,80.2356567383,25861,25871,10
12.9402303696,80.2358322144,25871,25881,10
12.9409599304,80.2360305786,25881,25892,11
12.9420204163,80.236289978,25892,25902,10
12.9430799484,80.2367401123,25902,25912,10
12.9439496994,80.2375869751,25912,25922,10
12.9447898865,80.2385177612,25922,25932,10
12.9457397461,80.2393417358,25932,25942,10
12.9467802048,80.2397613525,25942,25952,10
12.9476995468,80.2401275635,25952,25962,10
12.9484596252,80.2404403687,25962,25972,10
12.9487600327,80.2405395508,25972,25982,10
12.9487695694,80.2405395508,25982,25993,11
12.9488601685,80.2405929565,25993,26003,10
12.9491901398,80.2407302856,26003,26013,10
12.9495601654,80.2408599854,26013,26023,10
12.9501800537,80.2410583496,26023,26033,10
12.9507703781,80.2412261963,26033,26043,10
12.9508104324,80.2412490845,26043,26053,10
12.951259613,80.2414169312,26053,26063,10
12.9520702362,80.2417068481,26063,26073,10
12.9530897141,80.2420806885,26073,26083,10
12.954079628,80.2424468994,26083,26093,10
12.9548902512,80.2427597046,26093,26104,11
12.9558095932,80.2431182861,26104,26114,10
12.9563398361,80.2433013916,26114,26144,30
12.9563398361,80.2433013916,26144,26154,10
12.9568500519,80.2435302734,26154,26164,10
12.9576396942,80.2439117432,26164,26174,10
12.9585599899,80.2443237305,26174,26184,10
12.9596099854,80.244758606,26184,26194,10
12.9607801437,80.245300293,26194,26205,11
12.9619703293,80.2458724976,26205,26215,10
12.9628200531,80.2462768555,26215,26225,10
12.9630098343,80.246421814,26225,26235,10
12.963350296,80.24659729,26235,26245,10
12.9639596939,80.2468566895,26245,26255,10
12.9648199081,80.2471618652,26255,26265,10
12.9656801224,80.2474517822,26265,26275,10
12.9665603638,80.2477874756,26275,26295,20
12.9665603638,80.2477874756,26295,26305,10
12.966799736,80.2479171753,26305,26316,11
12.9674396515,80.2482528687,26316,26326,10
12.9683103561,80.2486190796,26326,26336,10
12.969420433,80.2490615845,26336,26346,10
12.9706802368,80.2495498657,26346,26356,10
12.9720497131,80.2499313354,26356,26366,10
12.9732599258,80.2502593994,26366,26376,10
12.9743099213,80.2505264282,26376,26386,10
12.9752197266,80.2507705688,26386,26396,10
12.9760904312,80.2510223389,26396,26406,10
12.977060318,80.2513122559,26406,26416,10
12.9778995514,80.2518463135,26416,26427,11
12.9783201218,80.2521896362,26427,26437,10
12.9783296585,80.2521896362,26437,26447,10
12.9786996841,80.2524414063,26447,26457,10
12.9794101715,80.2526016235,26457,26467,10
12.9803800583,80.2526626587,26467,26477,10
12.9813499451,80.2526321411,26477,26487,10
12.9823904037,80.2526016235,26487,26497,10
12.9835700989,80.2524719238,26497,26507,10
12.9847002029,80.2521896362,26507,26517,10
12.9855499268,80.2519607544,26517,26528,11
12.9858598709,80.2518920898,26528,26538,10
12.9860801697,80.2518081665,26538,26548,10
12.9863996506,80.251739502,26548,26558,10
12.9871101379,80.2515182495,26558,26568,10
12.9878702164,80.2514419556,26568,26578,10
12.9880304337,80.2520370483,26578,26588,10
12.9880199432,80.2524414063,26588,26598,10
12.9879703522,80.2531890869,26598,26608,10
12.9879102707,80.2542419434,26608,26618,10
12.987830162,80.2555389404,26618,26639,21
12.987830162,80.2555389404,26639,26649,10
12.9878902435,80.255821228,26649,26659,10
12.9884195328,80.2558822632,26659,26669,10
12.9891996384,80.2559585571,26669,26679,10
12.9902000427,80.2559967041,26679,26689,10
12.9906702042,80.2560119629,26689,26699,10
12.9912700653,80.2560501099,26699,26709,10
12.9921703339,80.2560577393,26709,26719,10
12.9932498932,80.2559890747,26719,26729,10
12.9943199158,80.2559432983,26729,26740,11
12.9952497482,80.2558822632,26740,26750,10
12.9965295792,80.2558364868,26750,26770,20
12.9965295792,80.2558364868,26770,26780,10
12.996629715,80.255897522,26780,26790,10
12.9969701767,80.2558670044,26790,26800,10
12.9974298477,80.2558898926,26800,26810,10
12.9980401993,80.2559432983,26810,26820,10
12.9988498688,80.2560195923,26820,26861,41
12.9988498688,80.2560195923,26861,26871,10
12.999130249,80.2560806274,26871,26881,10
12.999540329,80.256149292,26881,26891,10
13.0001096725,80.2562713623,26891,26901,10
13.0007400513,80.256401062,26901,26911,10
13.0013999939,80.2565231323,26911,26921,10
13.0018596649,80.2566070557,26921,26931,10
13.0024995804,80.2567062378,26931,26941,10
13.0032901764,80.2568588257,26941,26952,11
13.0041999817,80.2570266724,26952,26962,10
13.0050601959,80.2572097778,26962,26972,10
13.00578022,80.2573394775,26972,26982,10
13.0063400269,80.2574386597,26982,26992,10
13.0065898895,80.2572631836,26992,27002,10
13.0065803528,80.2565078735,27002,27012,10
13.0065498352,80.2555236816,27012,27022,10
13.0065603256,80.254699707,27022,27032,10
13.0065603256,80.2538909912,27032,27042,10
13.0065498352,80.2531814575,27042,27052,10
13.0067501068,80.2526626587,27052,27083,31
13.0067501068,80.2526626587,27083,27093,10
13.0067195892,80.2527999878,27093,27103,10
13.0066699982,80.2531280518,27103,28688,1585
13.006649971,80.2532577515,28688,29152,464
13.0066604614,80.2532730103,29152,29485,333
13.0066604614,80.2532730103,29485,29495,10
13.0066299438,80.2535018921,29495,29505,10
13.006649971,80.2538375854,29505,29515,10
13.0066604614,80.2542266846,29515,29525,10
13.0066404343,80.2545776367,29525,29536,11
13.006649971,80.2547836304,29536,29546,10
13.006649971,80.2551269531,29546,29556,10
13.0066404343,80.2559127808,29556,29566,10
13.0066404343,80.256980896,29566,29616,50
13.0066404343,80.256980896,29616,29626,10
13.0066795349,80.2571334839,29626,29636,10
13.0066900253,80.2574386597,29636,29646,10
13.0063495636,80.2575836182,29646,29657,11
13.0057201385,80.2573776245,29657,29667,10
13.0050401688,80.257232666,29667,29677,10
13.0042295456,80.2570724487,29677,29687,10
13.0035600662,80.2569122314,29687,29697,10
13.0029296875,80.2567977905,29697,29707,10
13.0023698807,80.2566986084,29707,29727,20
13.0023698807,80.2566986084,29727,29737,10
13.0022296906,80.2566223145,29737,29746,9
13.0018901825,80.2566223145,29746,29758,12
13.0009403229,80.2565002441,29758,29768,10
12.9999103546,80.2563171387,29768,29798,30
12.9999103546,80.2563171387,29798,29808,10
12.9996004105,80.2562332153,29808,29818,10
12.999250412,80.2562026978,29818,29828,10
12.9986696243,80.2561035156,29828,29848,20
12.9986696243,80.2561035156,29848,29857,9
12.9985103607,80.2561035156,29857,29869,12
12.9981098175,80.2559890747,29869,29879,10
12.9973802567,80.2559585571,29879,29889,10
12.9968595505,80.2559509277,29889,29899,10
12.9963302612,80.2559204102,29899,29909,10
12.9961004257,80.2558898926,29909,29919,10
12.9956502914,80.2558898926,29919,29929,10
12.9950895309,80.2558822632,29929,29939,10
12.9943599701,80.2559585571,29939,29949,10
12.9935398102,80.2560195923,29949,29959,10
12.9925899506,80.2560501099,29959,29969,10
12.9916400909,80.2560501099,29969,29980,11
12.990819931,80.2560501099,29980,29990,10
12.9901199341,80.2560195923,29990,30000,10
12.9894104004,80.2559890747,30000,30010,10
12.9888401031,80.2559509277,30010,30020,10
12.9884700775,80.2558898926,30020,30030,10
12.988120079,80.255859375,30030,30040,10
12.987660408,80.2557983398,30040,30050,10
12.986869812,80.2556610107,30050,30060,10
12.9863004684,80.255569458,30060,30070,10
12.9862298965,80.2555618286,30070,30081,11
12.9858798981,80.2554931641,30081,30091,10
12.9854803085,80.2554092407,30091,30101,10
12.9848899841,80.2552566528,30101,30111,10
12.9841403961,80.255027771,30111,30121,10
12.9834604263,80.2548370361,30121,30131,10
12.9829301834,80.2547225952,30131,30141,10
12.9823999405,80.2545394897,30141,30151,10
12.9820203781,80.2540664673,30151,30161,10
12.9818601608,80.2535705566,30161,30171,10
12.9816999435,80.2529602051,30171,30181,10
12.9811697006,80.2528076172,30181,30212,31
12.9811697006,80.2528076172,30212,30222,10
12.9810400009,80.2527694702,30222,30232,10
12.9805498123,80.2527770996,30232,30242,10
12.9802904129,80.2527770996,30242,30252,10
12.9798803329,80.2527236938,30252,30262,10
12.97935009,80.2526626587,30262,30272,10
12.9786701202,80.2525787354,30272,30353,81
12.9786701202,80.2525787354,30353,30363,10
12.9783496857,80.2524414063,30363,30373,10
12.9779596329,80.2520980835,30373,30383,10
12.9774303436,80.2516708374,30383,30393,10
12.9767398834,80.2513122559,30393,30404,11
12.9758796692,80.2510604858,30404,30414,10
12.975060463,80.2508163452,30414,30424,10
12.9742097855,80.250579834,30424,30434,10
12.9733104706,80.2503433228,30434,30444,10
12.9723701477,80.2500991821,30444,30454,10
12.9714298248,80.2498397827,30454,30464,10
12.9704799652,80.2495498657,30464,30474,10
12.9695301056,80.2491836548,30474,30484,10
12.9685897827,80.2487792969,30484,30494,10
12.9676198959,80.2483596802,30494,30503,9
12.9667701721,80.2479782104,30503,30515,12
12.9656801224,80.2475280762,30515,30525,10
12.9651403427,80.2473602295,30525,30535,10
12.9651203156,80.2473678589,30535,30545,10
12.964969635,80.2473220825,30545,30555,10
12.9645996094,80.2472229004,30555,30563,8
12.9641103745,80.2470321655,30563,30581,18
12.9628000259,80.2464065552,30581,30592,11
12.9618301392,80.2459487915,30592,30602,10
12.960940361,80.2455215454,30602,30611,9
12.9594697952,80.2448730469,30611,30633,22
12.9594697952,80.2448730469,30633,30643,10
12.9592399597,80.2447509766,30643,30653,10
12.9587602615,80.2445297241,30653,30663,10
12.95814991,80.2442474365,30663,30673,10
12.9576501846,80.2440567017,30673,30683,10
12.9570302963,80.2438278198,30683,30693,10
12.9565496445,80.2436828613,30693,30703,10
12.9563798904,80.2436294556,30703,30713,10
12.9559001923,80.2433929443,30713,30723,10
12.9552602768,80.2431030273,30723,30734,11
12.9544095993,80.242729187,30734,30744,10
12.9536399841,80.2423782349,30744,30754,10
12.9528598785,80.2420883179,30754,30764,10
12.9521102905,80.2417678833,30764,30774,10
12.9513702393,80.2415390015,30774,30784,10
12.9505395889,80.2412719727,30784,30794,10
12.949669838,80.2410125732,30794,30804,10
12.9489402771,80.240737915,30804,30814,10
12.9480895996,80.2403717041,30814,30824,10
12.9475002289,80.2401504517,30824,30835,11
12.9472303391,80.2400512695,30835,30845,10
12.9471502304,80.240020752,30845,30855,10
12.9467496872,80.2398529053,30855,30865,10
12.9462099075,80.2396316528,30865,30875,10
12.9455900192,80.2393417358,30875,30885,10
12.9450302124,80.2389526367,30885,30895,10
12.9444503784,80.2383270264,30895,30905,10
12.9438400269,80.2376785278,30905,30915,10
12.9432697296,80.2371063232,30915,30925,10
12.9425096512,80.2365875244,30925,30935,10
12.9415397644,80.236289978,30935,30946,11
12.9407596588,80.236076355,30946,30956,10
12.940369606,80.2359619141,30956,30966,10
12.9400196075,80.2358703613,30966,30976,10
12.9398603439,80.2358093262,30976,30986,10
12.9397802353,80.2357635498,30986,30996,10
12.9393796921,80.2355880737,30996,31006,10
12.9387798309,80.2352905273,31006,31016,10
12.938079834,80.2349395752,31016,31026,10
12.9373197556,80.2345733643,31026,31036,10
12.9366197586,80.2342071533,31036,31067,31
12.9366197586,80.2342071533,31067,31077,10
12.9364595413,80.234161377,31077,31087,10
12.9362297058,80.234046936,31087,31097,10
12.9360399246,80.2339630127,31097,31107,10
12.9358196259,80.2338485718,31107,31117,10
12.9352798462,80.2336120605,31117,31127,10
12.9345502853,80.2332611084,31127,31137,10
12.9339199066,80.2330093384,31137,31147,10
12.9338998795,80.233001709,31147,31157,10
12.9338703156,80.2329788208,31157,31168,11
12.9334201813,80.2327575684,31168,31178,10
12.9327497482,80.232460022,31178,31188,10
12.9319000244,80.2322006226,31188,31198,10
12.9309396744,80.2318725586,31198,31208,10
12.9299497604,80.2315979004,31208,31218,10
12.9289703369,80.2313613892,31218,31228,10
12.927980423,80.2312088013,31228,31238,10
12.9270095825,80.2310791016,31238,31248,10
12.9262399673,80.231010437,31248,31258,10
12.9261198044,80.2310028076,31258,31269,11
12.9259700775,80.2309494019,31269,31279,10
12.9255304337,80.2309112549,31279,31289,10
12.9248695374,80.2308425903,31289,31299,10
12.9240903854,80.2307434082,31299,31309,10
12.9231595993,80.2306213379,31309,31319,10
12.9221401215,80.23046875,31319,31329,10
12.9210700989,80.2303237915,31329,31339,10
12.9199695587,80.230178833,31339,31349,10
12.9188699722,80.2300262451,31349,31359,10
12.9177598953,80.2298812866,31359,31369,10
12.9167699814,80.2297286987,31369,31380,11
12.9156503677,80.2295608521,31380,31390,10
12.9146404266,80.2294006348,31390,31400,10
12.9133396149,80.2292861938,31400,31420,20
12.9133396149,80.2292861938,31420,31430,10
12.9131498337,80.2292480469,31430,31440,10
12.9126796722,80.2291183472,31440,31450,10
12.9120101929,80.2289810181,31450,31460,10
12.9111299515,80.2289123535,31460,31470,10
12.9101896286,80.2287979126,31470,31479,9
12.909330368,80.2286834717,31479,31491,12
12.9085302353,80.2285614014,31491,31501,10
12.9080095291,80.2284698486,31501,31581,80
12.9080095291,80.2284698486,31581,31592,11
12.9080295563,80.2284011841,31592,31602,10
12.9076404572,80.2283630371,31602,31612,10
12.9071502686,80.2283096313,31612,31622,10
12.9069404602,80.2282791138,31622,31632,10
12.9065599442,80.2282333374,31632,31642,10
12.9059000015,80.2282028198,31642,31652,10
12.9050397873,80.2281494141,31652,31662,10
12.9040498734,80.2281112671,31662,31672,10
12.9032001495,80.2280807495,31672,31682,10
12.9026098251,80.2280502319,31682,31692,10
12.9022502899,80.2280426025,31692,31703,11
12.9017696381,80.2280426025,31703,31713,10
12.9014101028,80.2280426025,31713,31723,10
12.9009399414,80.2279815674,31723,31733,10
12.90046978,80.2279434204,31733,31743,10
12.8995399475,80.2278900146,31743,31773,30
12.8995399475,80.2278900146,31773,31783,10
12.8992700577,80.2278366089,31783,31793,10
12.8989601135,80.2278594971,31793,31803,10
12.8988704681,80.227897644,31803,31814,11
12.8984098434,80.2278366089,31814,31824,10
12.8977203369,80.2277679443,31824,31834,10
12.8968696594,80.227722168,31834,31844,10
12.8958301544,80.2276763916,31844,31854,10
12.8947601318,80.2276382446,31854,31864,10
12.8940000534,80.2275695801,31864,31874,10
12.8938798904,80.2275466919,31874,31884,10
12.8937196732,80.2275314331,31884,31894,10
12.8933200836,80.2274780273,31894,31904,10
12.8928804398,80.227432251,31904,31915,11
12.8924798965,80.2273864746,31915,31925,10
12.891869545,80.2273483276,31925,31935,10
12.890999794,80.2273330688,31935,31945,10
12.889960289,80.2273406982,31945,31955,10
12.888999939,80.2273635864,31955,31965,10
12.8880500793,80.2272872925,31965,31975,10
12.8870000839,80.2271499634,31975,31985,10
12.88601017,80.2269210815,31985,31995,10
12.8853797913,80.2267990112,31995,32005,10
12.8853397369,80.2267990112,32005,32015,10
12.8852100372,80.2267837524,32015,32026,11
12.8848800659,80.2267074585,32026,32036,10
12.8843297958,80.2266921997,32036,32046,10
12.8835401535,80.2266921997,32046,32056,10
12.8825397491,80.2267379761,32056,32066,10
12.8813695908,80.2267532349,32066,32076,10
12.880109787,80.2267532349,32076,32086,10
12.8788499832,80.2267913818,32086,32096,10
12.8777599335,80.2268829346,32096,32106,10
12.876950264,80.2269363403,32106,32116,10
12.8766803741,80.2269592285,32116,32126,10
12.8766098022,80.2269668579,32126,32137,11
12.876159668,80.2269668579,32137,32147,10
12.8754301071,80.2269287109,32147,32157,10
12.8745002747,80.2268218994,32157,32167,10
12.8733997345,80.2266998291,32167,32177,10
12.8725996017,80.2266769409,32177,32187,10
12.8722496033,80.2267227173,32187,32197,10
12.8721399307,80.2267074585,32197,32207,10
12.8716402054,80.2266769409,32207,32217,10
12.870880127,80.2266387939,32217,32227,10
12.8699903488,80.2265472412,32227,32237,10
12.8692703247,80.2264404297,32237,32248,11
12.8683204651,80.226348877,32248,32258,10
12.8671798706,80.2264785767,32258,32268,10
12.865940094,80.2266235352,32268,32278,10
12.8646497726,80.226600647,32278,32288,10
12.8633403778,80.2265319824,32288,32298,10
12.8621702194,80.2265777588,32298,32308,10
12.861240387,80.2266387939,32308,32318,10
12.861120224,80.2266311646,32318,32328,10
12.8609199524,80.2266082764,32328,32338,10
12.8603897095,80.2265472412,32338,32349,11
12.8594999313,80.2264099121,32349,32359,10
12.8586597443,80.226272583,32359,32369,10
12.8577003479,80.2262496948,32369,32379,10
12.8565998077,80.2263793945,32379,32389,10
12.8554697037,80.2264785767,32389,32399,10
12.8543395996,80.2266082764,32399,32409,10
12.8532600403,80.2267074585,32409,32419,10
12.8521795273,80.2266998291,32419,32429,10
12.851149559,80.2266464233,32429,32439,10
12.8503103256,80.2266311646,32439,32449,10
12.8501195908,80.2266311646,32449,32460,11
12.8498897552,80.2266464233,32460,32470,10
12.8493099213,80.226600647,32470,32480,10
12.8485202789,80.226600647,32480,32490,10
12.8475399017,80.2265930176,32490,32500,10
12.8469800949,80.2266082764,32500,32510,10
12.8467998505,80.2266082764,32510,32520,10
12.8465900421,80.2266082764,32520,32530,10
12.8461704254,80.2266235352,32530,32561,31
12.8461704254,80.2266235352,32561,32571,10
12.8458204269,80.226600647,32571,32581,10
12.8452196121,80.2266464233,32581,32611,30
12.8452196121,80.2266464233,32611,32621,10
12.8449602127,80.2266693115,32621,32631,10
12.8444700241,80.2267227173,32631,32641,10
12.8438196182,80.2267913818,32641,32651,10
12.8430500031,80.226890564,32651,32661,10
12.8421096802,80.2270736694,32661,32672,11
12.8411102295,80.2273406982,32672,32702,30
12.8407201767,80.2274627686,32702,32722,20
12.8404998779,80.2275085449,32722,32762,40
12.8401203156,80.2276535034,32762,32823,61
12.8401203156,80.2276535034,32823,32833,10
12.8397598267,80.2277984619,32833,32843,10
12.839509964,80.2278518677,32843,32853,10
12.8390102386,80.227897644,32853,32863,10
12.8383102417,80.2280578613,32863,32873,10
12.8374700546,80.2282180786,32873,32883,10
12.8364696503,80.2283706665,32883,32894,11
12.8352298737,80.2285766602,32894,32904,10
12.8340196609,80.2287902832,32904,32914,10
12.8330097198,80.2289810181,32914,32924,10
12.8321800232,80.2291564941,32924,32944,20
12.8321800232,80.2291564941,32944,32954,10
12.8320503235,80.2291564941,32954,32964,10
12.8318099976,80.2292175293,32964,32974,10
12.8315000534,80.2293014526,32974,32983,9
12.8310098648,80.2294464111,32983,32995,12
12.8301200867,80.2297515869,32995,33005,10
12.8295602798,80.2299728394,33005,33015,10
12.828789711,80.2303390503,33015,33025,10
12.8278303146,80.2308502197,33025,33035,10
12.8267202377,80.2313232422,33035,33045,10
12.8254499435,80.2313995361,33045,33055,10
12.8240995407,80.2312164307,33055,33065,10
12.822719574,80.230796814,33065,33075,10
12.8213796616,80.2304916382,33075,33085,10
12.8201999664,80.2304763794,33085,33095,10
12.8192195892,80.2305221558,33095,33106,11
12.8189096451,80.2304992676,33106,33116,10
12.8185396194,80.2303314209,33116,33126,10
12.8178701401,80.2299880981,33126,33136,10
12.8169498444,80.2296218872,33136,33146,10
12.815779686,80.2294006348,33146,33156,10
12.8144798279,80.2292175293,33156,33166,10
12.8131399155,80.228843689,33166,33176,10
12.8117599487,80.2283477783,33176,33186,10
12.8103704453,80.2278137207,33186,33196,10
12.8090400696,80.2271270752,33196,33205,9
12.807970047,80.2262496948,33205,33217,12
12.8066997528,80.225151062,33217,33227,10
12.805850029,80.2243881226,33227,33237,10
12.8052396774,80.2240600586,33237,33247,10
12.8050603867,80.224029541,33247,33257,10
12.8048095703,80.2239837646,33257,33267,10
12.8041696548,80.2239227295,33267,33277,10
12.8033800125,80.2238464355,33277,33287,10
12.8024597168,80.2237319946,33287,33297,10
12.8011703491,80.2236175537,33297,33318,21
12.8011703491,80.2236175537,33318,33328,10
12.8009300232,80.2235870361,33328,33338,10
12.8002595901,80.2235412598,33338,33348,10
12.7993001938,80.2234420776,33348,33358,10
12.7980499268,80.2232818604,33358,33368,10
12.7967395782,80.2230911255,33368,33378,10
12.7960300446,80.2229690552,33378,33388,10
12.7960100174,80.2229690552,33388,33398,10
12.7956495285,80.2228927612,33398,33408,10
12.7948904037,80.2227401733,33408,33418,10
12.7938098907,80.2226028442,33418,33429,11
12.7924003601,80.2223815918,33429,33439,10
12.7910699844,80.2220687866,33439,33449,10
12.7898702621,80.2217636108,33449,33459,10
12.7890501022,80.2214584351,33459,33469,10
12.7882404327,80.2211380005,33469,33479,10
12.7873001099,80.2207794189,33479,33499,20
12.7873001099,80.2207794189,33499,33509,10
12.7871704102,80.220703125,33509,33519,10
12.7870397568,80.2206573486,33519,33529,10
12.7868099213,80.2205734253,33529,33540,11
12.7864103317,80.2204208374,33540,33550,10
12.7860403061,80.2202606201,33550,33560,10
12.7853002548,80.219909668,33560,33570,10
12.7847795486,80.2196502686,33570,33580,10
12.7847003937,80.219619751,33580,33590,10
12.7846298218,80.2195968628,33590,33600,10
12.7841501236,80.2193222046,33600,33610,10
12.7833795547,80.2188796997,33610,33620,10
12.7823295593,80.2182922363,33620,33630,10
12.7812404633,80.2176818848,33630,33640,10
12.7800998688,80.2170562744,33640,33651,11
12.7788496017,80.2163772583,33651,33661,10
12.777680397,80.2158203125,33661,33671,10
12.7764596939,80.2153320313,33671,33681,10
12.7752304077,80.2148284912,33681,33691,10
12.7740097046,80.2143478394,33691,33701,10
12.7727899551,80.2138595581,33701,33711,10
12.7716197968,80.2134399414,33711,33721,10
12.7707996368,80.2131500244,33721,33731,10
12.7707500458,80.2130432129,33731,33741,10
12.770819664,80.2129211426,33741,33752,11
12.7709102631,80.2127227783,33752,33762,10
12.7709903717,80.2121200562,33762,33772,10
12.7712802887,80.2112503052,33772,33782,10
12.7717599869,80.210319519,33782,33792,10
12.7722797394,80.2091369629,33792,33802,10
12.7726297379,80.2079696655,33802,33812,10
12.7727899551,80.2073287964,33812,33822,10
12.7728700638,80.2070083618,33822,33832,10
12.7730503082,80.2063827515,33832,33842,10
12.7732801437,80.2055130005,33842,33852,10
12.773440361,80.2045211792,33852,33863,11
12.7736101151,80.2033004761,33863,33873,10
12.7738199234,80.2021179199,33873,33883,10
12.773900032,80.2011032104,33883,33893,10
12.7739200592,80.2008590698,33893,33903,10
12.7739896774,80.2002105713,33903,33913,10
12.7740602493,80.1992797852,33913,33923,10
12.7741699219,80.1981811523,33923,33933,10
12.7742004395,80.1971435547,33933,33943,10
12.7742300034,80.1964111328,33943,33953,10
12.7742395401,80.1963577271,33953,33963,10
12.7742595673,80.1958999634,33963,33974,11
12.7743301392,80.1951293945,33974,33984,10
12.7744197845,80.1947784424,33984,33994,10
12.7744998932,80.1943588257,33994,34004,10
12.7746400833,80.1937637329,34004,34014,10
12.7747001648,80.193572998,34014,34024,10
12.7749300003,80.1930236816,34024,34034,10
12.7753601074,80.1922912598,34034,34044,10
12.7752599716,80.1915817261,34044,34054,10
12.7749204636,80.1907196045,34054,34064,10
12.7741603851,80.1898803711,34064,34075,11
12.7730197906,80.1893463135,34075,34085,10
12.7719402313,80.1889190674,34085,34095,10
12.7711200714,80.1884231567,34095,34105,10
12.7709598541,80.1874084473,34105,34115,10
12.7708597183,80.1864624023,34115,34125,10
12.7707796097,80.1854934692,34125,34135,10
12.7706003189,80.1846466064,34135,34145,10
12.7700099945,80.1845092773,34145,34155,10
12.7693395615,80.1842498779,34155,34164,9
12.7688999176,80.1839599609,34164,34175,11
12.7684698105,80.1835632324,34175,34186,11
12.767829895,80.1832885742,34186,34196,10
12.7671499252,80.183052063,34196,34206,10
12.7664804459,80.1827468872,34206,34216,10
12.7658100128,80.1826477051,34216,34226,10
12.7651500702,80.1825408936,34226,34236,10
12.7643604279,80.1824417114,34236,34246,10
12.7637901306,80.1823272705,34246,34256,10
12.7634801865,80.1827163696,34256,34266,10
12.763250351,80.1834182739,34266,34276,10
12.7630596161,80.1839828491,34276,34285,9
12.7630796432,80.1844177246,34285,34297,12
12.7629499435,80.184967041,34297,34307,10
12.7625198364,80.1849136353,34307,34317,10
12.7620096207,80.1849136353,34317,34327,10
12.7615604401,80.1846618652,34327,34700,373
12.7615604401,80.1846618652,34700,34710,10
12.761590004,80.1848373413,34710,34719,9
12.7618503571,80.1848907471,34719,34731,12
12.7623300552,80.1849136353,34731,34741,10
12.7627096176,80.184967041,34741,34751,10
12.763010025,80.1847686768,34751,34761,10
12.7630395889,80.1843795776,34761,34771,10
12.763010025,80.1840591431,34771,34781,10
12.7630996704,80.1837081909,34781,34791,10
12.7631902695,80.1834793091,34791,34801,10
12.7632303238,80.1834030151,34801,34811,10
12.7633199692,80.1830596924,34811,34821,10
12.7634296417,80.1825714111,34821,34832,11
12.7638702393,80.1824264526,34832,34842,10
12.7644796371,80.1824874878,34842,34852,10
12.7651100159,80.1825485229,34852,34862,10
12.7657499313,80.1826324463,34862,34872,10
12.7663602829,80.1827163696,34872,34882,10
12.7669296265,80.1829528809,34882,34892,10
12.7674703598,80.1831893921,34892,34902,10
12.7679700851,80.1833496094,34902,34912,10
12.7684202194,80.1835632324,34912,34922,10
12.7687501907,80.1838378906,34922,34932,10
12.7691202164,80.184173584,34932,34943,11
12.7692499161,80.1842422485,34943,34953,10
12.7694501877,80.1843185425,34953,34963,10
12.7698497772,80.1844787598,34963,34973,10
12.7702198029,80.1845703125,34973,34981,8
12.7709703445,80.1875,34981,35050,69
12.7709703445,80.1875,35050,35070,20
12.7716302872,80.1888275146,35070,35080,10
12.7725801468,80.189163208,35080,35090,10
12.7736101151,80.1895599365,35090,35100,10
12.7742099762,80.1899490356,35100,35110,10
12.7747602463,80.190536499,35110,35120,10
12.7752399445,80.191368103,35120,35130,10
12.7753801346,80.1922683716,35130,35140,10
12.7750101089,80.1929779053,35140,35150,10
12.7746696472,80.1938323975,35150,35161,11
12.7744398117,80.1948623657,35161,35171,10
12.7742795944,80.1958618164,35171,35181,10
12.7742204666,80.1969223022,35181,35191,10
12.774189949,80.1979827881,35191,35201,10
12.7741003036,80.1990432739,35201,35211,10
12.7740097046,80.2001266479,35211,35221,10
12.7739200592,80.2010879517,35221,35231,10
12.7739095688,80.2013397217,35231,35241,10
12.7738895416,80.2016983032,35241,35251,10
12.7738399506,80.2024307251,35251,35261,10
12.773639679,80.2033615112,35261,35272,11
12.7734804153,80.2045211792,35272,35282,10
12.7733297348,80.2055435181,35282,35292,10
12.7730998993,80.2064285278,35292,35302,10
12.7730102539,80.2066802979,35302,35312,10
12.7728900909,80.2071228027,35312,35322,10
12.7727003098,80.2078170776,35322,35332,10
12.7725000381,80.2086029053,35332,35342,10
12.7721796036,80.2095718384,35342,35352,10
12.7716999054,80.2105102539,35352,35362,10
12.7711896896,80.211479187,35362,35373,11
12.7709903717,80.2123718262,35373,35383,10
12.7708396912,80.2130279541,35383,35393,10
12.7708702087,80.2130889893,35393,35403,10
12.7712402344,80.2132415771,35403,35413,10
12.7718696594,80.2134628296,35413,35423,10
12.7726697922,80.213760376,35423,35433,10
12.7736701965,80.2141723633,35433,35443,10
12.7748699188,80.2146530151,35443,35453,10
12.7761802673,80.2151870728,35453,35463,10
12.7775402069,80.2157363892,35463,35473,10
12.7786998749,80.2162780762,35473,35484,11
12.7798404694,80.2168807983,35484,35494,10
12.7809095383,80.2174606323,35494,35504,10
12.7819795609,80.2180404663,35504,35514,10
12.782959938,80.2185821533,35514,35524,10
12.7837200165,80.21900177,35524,35534,10
12.7843399048,80.2193603516,35534,35544,10
12.7848796844,80.2196502686,35544,35554,10
12.7854299545,80.2199401855,35554,35564,10
12.785900116,80.2201766968,35564,35584,20
12.785900116,80.2201766968,35584,35595,11
12.78606987,80.2202682495,35595,35605,10
12.7865400314,80.220451355,35605,35645,40
12.7865400314,80.220451355,35645,35655,10
12.7867803574,80.2205505371,35655,35665,10
12.7872400284,80.220703125,35665,35675,10
12.7878799438,80.2209320068,35675,35685,10
12.788599968,80.2211990356,35685,35694,9
12.789349556,80.2214889526,35694,35706,12
12.7902402878,80.2217636108,35706,35716,10
12.7911596298,80.2219924927,35716,35726,10
12.79226017,80.2222595215,35726,35736,10
12.7934799194,80.2224731445,35736,35746,10
12.7946500778,80.2226715088,35746,35756,10
12.7957296371,80.2228393555,35756,35766,10
12.7964000702,80.2229385376,35766,35776,10
12.7964601517,80.2229614258,35776,35786,10
12.7969102859,80.2230529785,35786,35795,9
12.7975797653,80.2231674194,35795,35807,12
12.7986898422,80.2232971191,35807,35817,10
12.7998199463,80.2234191895,35817,35827,10
12.8008804321,80.2235031128,35827,35837,10
12.8015203476,80.2235488892,35837,35847,10
12.8017702103,80.2235794067,35847,35857,10
12.8024396896,80.2236709595,35857,35867,10
12.8033895493,80.2238006592,35867,35877,10
12.8044700623,80.2238693237,35877,35887,10
12.8052396774,80.223991394,35887,35897,10
12.8053102493,80.2240219116,35897,35907,10
12.8055200577,80.2240982056,35907,35918,11
12.8058099747,80.224281311,35918,35928,10
12.8063898087,80.2248001099,35928,35938,10
12.8072099686,80.2255325317,35938,35948,10
12.8082103729,80.2263793945,35948,35958,10
12.8093004227,80.2272567749,35958,35968,10
12.8105897903,80.2278671265,35968,35978,10
12.8119802475,80.2284011841,35978,35988,10
12.8134002686,80.2288818359,35988,35998,10
12.8143796921,80.2291412354,35998,36008,10
12.8154096603,80.2292785645,36008,36018,10
12.8166704178,80.2294769287,36018,36029,11
12.8180904388,80.2300186157,36029,36039,10
12.8194198608,80.2304534912,36039,36049,10
12.8202600479,80.2304077148,36049,36059,10
12.8205404282,80.2304077148,36059,36069,10
12.8212404251,80.2304077148,36069,36079,10
12.8222303391,80.2305831909,36079,36089,10
12.8233604431,80.2309494019,36089,36099,10
12.8245801926,80.231262207,36099,36109,10
12.8259801865,80.2313308716,36109,36119,10
12.8274002075,80.2310562134,36119,36130,11
12.8288497925,80.2302627563,36130,36140,10
12.8300695419,80.2297363281,36140,36150,10
12.8305597305,80.2295379639,36150,36160,10
12.8308095932,80.2294616699,36160,36170,10
12.8310499191,80.2293930054,36170,36180,10
12.8310604095,80.2293777466,36180,36190,10
12.8314504623,80.2292480469,36190,36200,10
12.8321399689,80.2290802002,36200,36210,10
12.8330898285,80.2288970947,36210,36220,10
12.8343000412,80.2286682129,36220,36230,10
12.8356199265,80.2284469604,36230,36241,11
12.8371801376,80.2282180786,36241,36251,10
12.8384399414,80.2279434204,36251,36261,10
12.8393096924,80.2276763916,36261,36311,50
12.8393096924,80.2276763916,36311,36321,10
12.8399400711,80.2275314331,36321,36331,10
12.8407001495,80.2273406982,36331,36340,9
12.8415603638,80.2271118164,36340,36352,12
12.8429803848,80.2268066406,36352,36362,10
12.8442201614,80.2266235352,36362,36372,10
12.8453798294,80.2265396118,36372,36402,30
12.8453798294,80.2265396118,36402,36412,10
12.8457298279,80.2265319824,36412,36422,10
12.8458995819,80.2265396118,36422,36432,10
12.8463897705,80.2265319824,36432,36442,10
12.8472099304,80.2265090942,36442,36452,10
12.8482904434,80.2265014648,36452,36463,11
12.8494796753,80.2265014648,36463,36473,10
12.8501300812,80.2264785767,36473,36483,10
12.8502597809,80.2264862061,36483,36493,10
12.8507604599,80.2265014648,36493,36503,10
12.8514795303,80.2265319824,36503,36513,10
12.8524303436,80.226600647,36513,36523,10
12.8536195755,80.2265777588,36523,36533,10
12.8549604416,80.2264480591,36533,36543,10
12.8563404083,80.2263031006,36543,36552,9
12.8574800491,80.2261810303,36552,36564,12
12.8585100174,80.2261581421,36564,36574,10
12.8593797684,80.2262573242,36574,36584,10
12.8605203629,80.2264404297,36584,36594,10
12.861749649,80.2265090942,36594,36604,10
12.8632001877,80.2264480591,36604,36614,10
12.8647203445,80.2265090942,36614,36624,10
12.8662595749,80.2264785767,36624,36634,10
12.8677997589,80.226348877,36634,36644,10
12.8692102432,80.2263793945,36644,36654,10
12.8706598282,80.2265319824,36654,36663,9
12.871919632,80.2265777588,36663,36675,12
12.8729000092,80.2266082764,36675,36685,10
12.8737001419,80.2266235352,36685,36695,10
12.8747797012,80.2267379761,36695,36705,10
12.8759002686,80.2268600464,36705,36715,10
12.876449585,80.2268295288,36715,36725,10
12.8764600754,80.2268295288,36725,36735,10
12.876660347,80.2268371582,36735,36745,10
12.8767595291,80.2268371582,36745,36755,10
12.8772201538,80.2268066406,36755,36765,10
12.8780202866,80.2267608643,36765,36775,10
12.8790798187,80.2266998291,36775,36786,11
12.8804998398,80.2266693115,36786,36796,10
12.8818998337,80.2266616821,36796,36806,10
12.8832798004,80.2266387939,36806,36816,10
12.8844604492,80.2266235352,36816,36826,10
12.8851804733,80.2266235352,36826,36836,10
12.8851995468,80.2266235352,36836,36846,10
12.8855304718,80.2266769409,36846,36856,10
12.8861703873,80.2268371582,36856,36866,10
12.8870601654,80.2270584106,36866,36876,10
12.8881998062,80.2272415161,36876,36887,11
12.8894500732,80.2272872925,36887,36897,10
12.8906698227,80.2272720337,36897,36907,10
12.8917598724,80.2272567749,36907,36917,10
12.8920497894,80.2272567749,36917,36927,10
12.8923101425,80.2272720337,36927,36937,10
12.8929300308,80.2273330688,36937,36947,10
12.8937797546,80.2274627686,36947,36957,10
12.8948802948,80.2275466919,36957,36967,10
12.8961896896,80.2276077271,36967,36977,10
12.8975601196,80.2276763916,36977,36986,9
12.8986597061,80.2277374268,36986,36998,12
12.8998203278,80.2277984619,36998,37008,10
12.900639534,80.2277832031,37008,37199,191
12.900639534,80.2277832031,37199,37209,10
12.9008798599,80.2277908325,37209,37220,11
12.9013595581,80.2278823853,37220,37230,10
12.9021902084,80.2279129028,37230,37240,10
12.9028396606,80.2279205322,37240,37250,10
12.9028902054,80.2279205322,37250,37260,10
12.9030399323,80.2279205322,37260,37270,10
12.9035797119,80.2279586792,37270,37280,10
12.9043703079,80.2280426025,37280,37290,10
12.9052000046,80.2280578613,37290,37300,10
12.9056396484,80.2280883789,37300,37361,61
12.9056396484,80.2280883789,37361,37371,10
12.9058599472,80.2282180786,37371,37381,10
12.9061403275,80.2282028198,37381,37391,10
12.9065504074,80.2282028198,37391,37401,10
12.9072999954,80.2282867432,37401,37411,10
12.9083299637,80.2284164429,37411,37421,10
12.9096097946,80.2286224365,37421,37432,11
12.9111604691,80.2288589478,37432,37442,10
12.9125099182,80.2290420532,37442,37452,10
12.9139995575,80.2292404175,37452,37472,20
12.9139995575,80.2292404175,37472,37482,10
12.9143400192,80.2293014526,37482,37492,10
12.9149904251,80.2294006348,37492,37502,10
12.9158697128,80.2295074463,37502,37512,10
12.9169597626,80.2296676636,37512,37522,10
12.9179801941,80.2298126221,37522,37532,10
12.9191703796,80.2300033569,37532,37543,11
12.9206695557,80.230178833,37543,37553,10
12.9220399857,80.2303695679,37553,37563,10
12.9234304428,80.2305679321,37563,37573,10
12.9248399734,80.2307434082,37573,37583,10
12.9260702133,80.2308807373,37583,37593,10
12.9264001846,80.2309188843,37593,37603,10
12.9264802933,80.2309265137,37603,37613,10
12.9269104004,80.2309799194,37613,37623,10
12.9276399612,80.2310562134,37623,37633,10
12.9285402298,80.2311935425,37633,37643,10
12.9295902252,80.2313766479,37643,37654,11
12.9307899475,80.2316970825,37654,37664,10
12.931889534,80.2320709229,37664,37674,10
12.9329395294,80.232421875,37674,37684,10
12.9337301254,80.2327575684,37684,37694,10
12.9344797134,80.2331237793,37694,37704,10
12.9353303909,80.2334976196,37704,37714,10
12.9362401962,80.2339401245,37714,37724,10
12.9372997284,80.2344512939,37724,37734,10
12.9384002686,80.2349700928,37734,37743,9
12.9397201538,80.2356109619,37743,37763,20
12.9397201538,80.2356109619,37763,37782,19
12.940320015,80.2358627319,37782,37792,10
12.9411201477,80.2360687256,37792,37802,10
12.9420900345,80.236289978,37802,37812,10
12.9430999756,80.2367477417,37812,37822,10
12.943860054,80.2374801636,37822,37832,10
12.9445800781,80.2383117676,37832,37842,10
12.9454603195,80.2391815186,37842,37852,10
12.9465303421,80.239616394,37852,37863,11
12.9472198486,80.2398986816,37863,37873,10
12.9472303391,80.239906311,37873,37883,10
12.9476003647,80.2400665283,37883,37893,10
12.94810009,80.2402496338,37893,37903,10
12.9484500885,80.2404098511,37903,37913,10
12.9488801956,80.2405776978,37913,38014,101
12.9488801956,80.2405776978,38014,38024,10
12.9489603043,80.2406311035,38024,38034,10
12.9493703842,80.2407913208,38034,38044,10
12.9501304626,80.2410202026,38044,38054,10
12.9508895874,80.2412490845,38054,38064,10
12.9510698318,80.2413330078,38064,38074,10
12.9513902664,80.2414703369,38074,38095,21
12.9513902664,80.2414703369,38095,38105,10
12.9517002106,80.241569519,38105,38115,10
12.9521198273,80.2417221069,38115,38125,10
12.9528102875,80.2419891357,38125,38135,10
12.9536504745,80.2422866821,38135,38145,10
12.9541597366,80.2425003052,38145,38155,10
12.9548301697,80.2427597046,38155,38165,10
12.9555301666,80.243019104,38165,38175,10
12.9562501907,80.2432632446,38175,38186,11
12.9565000534,80.2433624268,38186,38196,10
12.9570703506,80.2436065674,38196,38206,10
12.957859993,80.2439575195,38206,38216,10
12.9586296082,80.2443008423,38216,38226,10
12.9588499069,80.2444076538,38226,38236,10
12.9589300156,80.2444610596,38236,38246,10
12.959280014,80.2446517944,38246,38256,10
12.9599103928,80.2449264526,38256,38266,10
12.9607400894,80.2452926636,38266,38276,10
12.9616098404,80.2456970215,38276,38286,10
12.9624700546,80.2461166382,38286,38297,11
12.9631700516,80.2464904785,38297,38337,40
12.9631700516,80.2464904785,38337,38347,10
12.9632902145,80.2465820313,38347,38357,10
12.9635095596,80.2466964722,38357,38367,10
12.9639196396,80.2468719482,38367,38377,10
12.9645795822,80.2470703125,38377,38387,10
12.9654102325,80.2472991943,38387,38397,10
12.9661998749,80.2476196289,38397,38408,11
12.9667797089,80.2479095459,38408,38418,10
12.966799736,80.2479095459,38418,38428,10
12.9669303894,80.2479934692,38428,38438,10
12.9673404694,80.2481765747,38438,38448,10
12.9681396484,80.2485122681,38448,38458,10
12.9691095352,80.2488937378,38458,38468,10
12.9701595306,80.2493286133,38468,38478,10
12.9712696075,80.2497329712,38478,38488,10
12.9724597931,80.2500610352,38488,38498,10
12.9736099243,80.2503433228,38498,38509,11
12.9747200012,80.2506637573,38509,38519,10
12.9759502411,80.2510070801,38519,38529,10
12.9771404266,80.2513809204,38529,38539,10
12.9780502319,80.2519836426,38539,38549,10
12.9785900116,80.2523422241,38549,38559,10
12.9785995483,80.2523727417,38559,38569,10
12.9789600372,80.252532959,38569,38579,10
12.9797096252,80.2526168823,38579,38589,10
12.9806003571,80.2526168823,38589,38599,10
12.9815797806,80.252571106,38599,38609,10
12.9825000763,80.2525482178,38609,38620,11
12.9835395813,80.2524490356,38620,38630,10
12.9844999313,80.2521896362,38630,38640,10
12.9852199554,80.2519836426,38640,38660,20
12.9852199554,80.2519836426,38660,38670,10
12.9853096008,80.2519607544,38670,38680,10
12.9860296249,80.251739502,38680,39043,363
12.9860296249,80.251739502,39043,39054,11
12.9863395691,80.2516784668,39054,39064,10
12.9868602753,80.2515487671,39064,39074,10
12.9872598648,80.2514266968,39074,39084,10
12.9876499176,80.2513427734,39084,39094,10
12.9879198074,80.2515563965,39094,39104,10
12.9879999161,80.2519226074,39104,39114,10
12.9880104065,80.2521209717,39114,39124,10
12.9879903793,80.2525100708,39124,39134,10
12.9879102707,80.2533111572,39134,39144,10
12.987830162,80.2542190552,39144,39153,9
12.9877996445,80.2549667358,39153,39165,12
12.9877901077,80.2553787231,39165,39245,80
12.9877901077,80.2553787231,39245,39255,10
12.9877300262,80.2557220459,39255,39265,10
12.9881601334,80.2558288574,39265,39276,11
12.9884996414,80.2558670044,39276,39286,10
12.9887399673,80.2558822632,39286,39296,10
12.9888601303,80.2558822632,39296,39306,10
12.9892396927,80.2559204102,39306,39316,10
12.9898996353,80.2558822632,39316,39326,10
12.9906902313,80.2558898926,39326,39336,10
12.9913702011,80.2559432983,39336,39346,10
12.9920902252,80.2559509277,39346,39356,10
12.9930896759,80.2559204102,39356,39366,10
12.9937200546,80.2559127808,39366,39377,11
12.9940395355,80.255897522,39377,39387,10
12.9942903519,80.2558898926,39387,39397,10
12.994799614,80.255821228,39397,39407,10
12.995300293,80.2557678223,39407,39417,10
12.9955701828,80.2558135986,39417,39427,10
12.995880127,80.2558135986,39427,39437,10
12.9962902069,80.2557830811,39437,39447,10
12.9965496063,80.2557830811,39447,39457,10
12.9968900681,80.2557983398,39457,39467,10
12.9974498749,80.2558364868,39467,39498,31
12.9974498749,80.2558364868,39498,39508,10
12.9976997375,80.2560501099,39508,39518,10
12.9977397919,80.256439209,39518,39528,10
12.9978199005,80.256980896,39528,39689,161
12.9975795746,80.2567367554,39689,39760,71
12.9976301193,80.2565383911,39760,39821,61
12.9976301193,80.2565383911,39821,39831,10
12.9977302551,80.2560806274,39831,39871,40
12.9977302551,80.2560806274,39871,39881,10
12.9979200363,80.2558898926,39881,39891,10
12.998290062,80.255859375,39891,39901,10
12.998840332,80.2559814453,39901,39910,9
12.998840332,80.2559890747,39910,39922,12
12.9989299774,80.2560577393,39922,39932,10
12.9992799759,80.2560806274,39932,39942,10
12.9997701645,80.2561569214,39942,39952,10
13.0002803802,80.2562179565,39952,39962,10
13.0008497238,80.2563171387,39962,39972,10
13.0010004044,80.2563781738,39972,39982,10
13.0013799667,80.2565002441,39982,39992,10
13.001709938,80.2565383911,39992,40002,10
13.0020904541,80.2565612793,40002,40012,10
13.0024995804,80.2566070557,40012,40022,10
13.0029001236,80.2566680908,40022,40033,11
13.0034599304,80.2567214966,40033,40043,10
13.0041399002,80.2568588257,40043,40053,10
13.0047397614,80.2569503784,40053,40063,10
13.0051298141,80.2570114136,40063,40073,10
13.0054798126,80.2571334839,40073,40083,10
13.0059604645,80.2572174072,40083,40093,10
13.0064296722,80.2573394775,40093,40103,10
13.0065002441,80.2570495605,40103,40113,10
13.0065002441,80.2564315796,40113,40123,10
13.0064897537,80.2555618286,40123,40133,10
13.006529808,80.255027771,40133,40144,11
13.0065097809,80.2543869019,40144,40154,10
13.0065202713,80.2535629272,40154,40164,10
13.006529808,80.2528076172,40164,40174,10
13.0065402985,80.2526092529,40174,40184,10
13.0066995621,80.2525634766,40184,40194,10
13.0067300797,80.2526779175,40194,40204,10
13.0066995621,80.2527770996,40204,40214,10
13.0066900253,80.2530593872,40214,40224,10
13.0066795349,80.2534103394,40224,40830,606
13.0065898895,80.2535476685,40830,40850,20
13.0065898895,80.2535476685,40850,40860,10
13.0066003799,80.2535629272,40860,40870,10
13.0066204071,80.2538909912,40870,40880,10
13.006649971,80.2542419434,40880,40890,10
13.0066299438,80.2545013428,40890,40901,11
13.0066204071,80.2549819946,40901,40911,10
13.0066299438,80.2554779053,40911,40921,10
13.0066204071,80.2561798096,40921,40931,10
13.0066099167,80.2570800781,40931,41012,81
13.0066099167,80.2570800781,41012,41022,10
13.006770134,80.2574768066,41022,41032,10
13.0064096451,80.2574615479,41032,41042,10
13.0058298111,80.2574005127,41042,41052,10
13.0052995682,80.257232666,41052,41062,10
13.0045900345,80.2571411133,41062,41072,10
13.004119873,80.2570877075,41072,41082,10
13.003950119,80.2570495605,41082,41092,10
13.0036296844,80.2569732666,41092,41123,31
13.0032501221,80.2568511963,41123,41163,40
13.0032501221,80.2568511963,41163,41173,10
13.0027599335,80.2567901611,41173,41183,10
13.0024003983,80.256729126,41183,41193,10
13.0020999908,80.256652832,41193,41234,41
13.0020999908,80.256652832,41234,41244,10
13.001830101,80.2566223145,41244,41264,20
13.001830101,80.2566223145,41264,41274,10
13.0015897751,80.2566070557,41274,41284,10
13.0010795593,80.2565231323,41284,41294,10
13.0004196167,80.2564315796,41294,41304,10
12.9999504089,80.2563476563,41304,41324,20
12.9999504089,80.2563476563,41324,41335,11
12.9996004105,80.2562484741,41335,41345,10
12.9992303848,80.256187439,41345,41355,10
12.9987201691,80.256072998,41355,41395,40
12.9987201691,80.256072998,41395,41405,10
12.9984903336,80.2559890747,41405,41415,10
12.9980697632,80.2559280396,41415,41425,10
12.9974498749,80.2559432983,41425,41456,31
12.9974498749,80.2559432983,41456,41466,10
12.997179985,80.2558898926,41466,41476,10
12.9970598221,80.2558670044,41476,41486,10
12.9968299866,80.255859375,41486,41496,10
12.9964599609,80.2558898926,41496,41506,10
12.9958200455,80.2558898926,41506,41516,10
12.9951601028,80.2559127808,41516,41526,10
12.9944601059,80.2559280396,41526,41536,10
12.9936599731,80.2560119629,41536,41546,10
12.9925804138,80.2560577393,41546,41557,11
12.9914302826,80.2561035156,41557,41567,10
12.9907999039,80.2561035156,41567,41577,10
12.9900999069,80.2560195923,41577,41587,10
12.98939991,80.2559509277,41587,41597,10
12.9885797501,80.2559204102,41597,41607,10
12.9880199432,80.2558364868,41607,41617,10
12.9872903824,80.2557373047,41617,41627,10
12.9867200851,80.2556533813,41627,41637,10
12.9864902496,80.255607605,41637,41647,10
12.9861898422,80.2555618286,41647,41688,41
12.9861898422,80.2555618286,41688,41698,10
12.9856700897,80.2554397583,41698,41708,10
12.985039711,80.2553329468,41708,41718,10
12.9843902588,80.2551193237,41718,41728,10
12.9837398529,80.2549819946,41728,41738,10
12.9831495285,80.2547988892,41738,41748,10
12.9824199677,80.2545700073,41748,41758,10
12.9820604324,80.2540588379,41758,41769,11
12.9818401337,80.2533798218,41769,41779,10
12.9813699722,80.2528305054,41779,41789,10
12.9804201126,80.252822876,41789,41799,10
12.9794998169,80.2527008057,41799,41809,10
12.9787502289,80.2526092529,41809,41819,10
12.9786396027,80.252571106,41819,41829,10
12.978269577,80.2523269653,41829,41839,10
12.9776697159,80.2518234253,41839,41849,10
12.976770401,80.2513198853,41849,41859,10
12.9756002426,80.2509536743,41859,41868,9
12.974439621,80.2506332397,41868,41880,12
12.972869873,80.250213623,41880,41890,10
12.9714603424,80.2498168945,41890,41900,10
12.9701299667,80.249458313,41900,41910,10
12.9689598083,80.2490234375,41910,41920,10
12.9678096771,80.2485809326,41920,41930,10
12.9667596817,80.2480926514,41930,41940,10
12.9658699036,80.2476806641,41940,41950,10
12.9654302597,80.2474975586,41950,41960,10
12.9652299881,80.2473983765,41960,41970,10
12.9649400711,80.2472915649,41970,41980,10
12.9643297195,80.2470779419,41980,41991,11
12.9637098312,80.2468566895,41991,42021,30
12.9637098312,80.2468566895,42021,42031,10
12.963259697,80.2466430664,42031,42041,10
12.9625501633,80.2462692261,42041,42051,10
12.9616203308,80.24584198,42051,42061,10
12.9606800079,80.2453994751,42061,42071,10
12.9597597122,80.245010376,42071,42081,10
12.9593896866,80.2448577881,42081,42090,9
12.9591903687,80.2447509766,42090,42102,12
12.9584999084,80.2444229126,42102,42112,10
12.957859993,80.244140625,42112,42122,10
12.9573001862,80.2439804077,42122,42132,10
12.9570503235,80.2439193726,42132,42152,20
12.9570503235,80.2439193726,42152,42162,10
12.956700325,80.243812561,42162,42182,20
12.956700325,80.243812561,42182,42192,10
12.9565000534,80.2437515259,42192,42203,11
12.9563398361,80.2436904907,42203,42213,10
12.9558696747,80.2434310913,42213,42223,10
12.9551200867,80.2430267334,42223,42233,10
12.9541301727,80.2426223755,42233,42243,10
12.9531002045,80.2421722412,42243,42253,10
12.9521198273,80.2418518066,42253,42263,10
12.9519796371,80.2417984009,42263,42273,10
12.9519100189,80.2417678833,42273,42283,10
12.9514303207,80.2416000366,42283,42293,10
12.950630188,80.2413635254,42293,42302,9
12.9493904114,80.2409591675,42302,42334,32
12.9493904114,80.2409591675,42334,42344,10
12.9493103027,80.2408905029,42344,42354,10
12.9488801956,80.2407608032,42354,42364,10
12.9481897354,80.2404632568,42364,42374,10
12.9473800659,80.2401428223,42374,42384,10
12.9472999573,80.2401123047,42384,42394,10
12.9469499588,80.2399673462,42394,42404,10
12.9463300705,80.2397003174,42404,42414,10
12.9455604553,80.2393493652,42414,42425,11
12.9446697235,80.2385787964,42425,42435,10
12.9437999725,80.2376403809,42435,42445,10
12.942779541,80.2366867065,42445,42455,10
12.9414300919,80.2362365723,42455,42465,10
12.9402799606,80.2359466553,42465,42475,10
12.9399204254,80.2358474731,42475,42485,10
12.9398899078,80.2358398438,42485,42495,10
12.9395303726,80.2356567383,42495,42505,10
12.9388399124,80.2353515625,42505,42515,10
12.9380598068,80.2349777222,42515,42525,10
12.937210083,80.2345504761,42525,42536,11
12.9362001419,80.234046936,42536,42546,10
12.935210228,80.2336425781,42546,42556,10
12.9343395233,80.2332382202,42556,42566,10
12.934220314,80.2331771851,42566,42576,10
12.934129715,80.2331314087,42576,42586,10
12.9336996078,80.2329330444,42586,42596,10
12.9330101013,80.2326278687,42596,42606,10
12.9320898056,80.2322998047,42606,42616,10
12.9310503006,80.2319412231,42616,42625,9
12.9301395416,80.2316589355,42625,42637,12
12.9292097092,80.2314224243,42637,42647,10
12.9283895493,80.2312469482,42647,42657,10
12.9273195267,80.2311096191,42657,42667,10
12.9263296127,80.2310028076,42667,42677,10
12.9256095886,80.2309188843,42677,42687,10
12.9246902466,80.2308120728,42687,42697,10
12.9235401154,80.2306594849,42697,42707,10
12.9222602844,80.2304763794,42707,42717,10
12.9210700989,80.2303237915,42717,42727,10
12.9198303223,80.2301864624,42727,42737,10
12.9185304642,80.2300033569,42737,42748,11
12.9173698425,80.2298583984,42748,42758,10
12.9165401459,80.2297515869,42758,42768,10
12.9155797958,80.2296066284,42768,42778,10
12.914730072,80.2295074463,42778,42788,10
12.9138498306,80.2293777466,42788,42798,10
12.9133996964,80.2293319702,42798,42808,10
12.9132699966,80.2292785645,42808,42818,10
12.9127902985,80.2291793823,42818,42828,10
12.9119997025,80.229057312,42828,42838,10
12.9109201431,80.2289199829,42838,42848,10
12.9098596573,80.228767395,42848,42859,11
12.909119606,80.2286529541,42859,42869,10
12.9087896347,80.2285995483,42869,42879,10
12.9082202911,80.2285232544,42879,42889,10
12.9078502655,80.228477478,42889,42929,40
12.9078502655,80.228477478,42929,42939,10
12.90762043,80.2284469604,42939,42949,10
12.906999588,80.2283782959,42949,43010,61
12.906999588,80.2283782959,43010,43020,10
12.9066200256,80.2282333374,43020,43030,10
12.9062900543,80.2282562256,43030,43040,10
12.9058904648,80.2282562256,43040,43050,10
12.9052000046,80.2281494141,43050,43060,10
12.904299736,80.2281417847,43060,43069,9
12.903670311,80.2281417847,43069,43081,12
12.9028701782,80.2281265259,43081,43091,10
12.9021596909,80.2281036377,43091,43101,10
12.9016399384,80.2280426025,43101,43111,10
12.9012098312,80.2279815674,43111,43121,10
12.9009103775,80.2279968262,43121,43131,10
12.900850296,80.2280197144,43131,43141,10
12.9006500244,80.2280426025,43141,43151,10
12.9002504349,80.2280197144,43151,43161,10
12.8999099731,80.2279891968,43161,43170,9
12.899720192,80.2279586792,43170,43182,12
12.8994998932,80.2279281616,43182,43192,10
12.8994197845,80.2279281616,43192,43202,10
12.8992099762,80.227897644,43202,43212,10
12.8985996246,80.2278671265,43212,43222,10
12.8977899551,80.2278137207,43222,43232,10
12.8966798782,80.2277603149,43232,43242,10
12.8953895569,80.2276992798,43242,43252,10
12.8940496445,80.2276229858,43252,43262,10
12.8928699493,80.2274780273,43262,43272,10
12.8921403885,80.2274017334,43272,43282,10
12.891289711,80.2274017334,43282,43293,11
12.8900604248,80.2274017334,43293,43303,10
12.8889598846,80.2274017334,43303,43313,10
12.8879804611,80.2273483276,43313,43323,10
12.8867998123,80.2271575928,43323,43333,10
12.8857698441,80.2268981934,43333,43343,10
12.8852796555,80.2267990112,43343,43353,10
12.8851604462,80.2267837524,43353,43363,10
12.8849496841,80.2267227173,43363,43373,10
12.8844203949,80.2267074585,43373,43383,10
12.8836202621,80.2267227173,43383,43392,9
12.8826398849,80.2267303467,43392,43404,12
12.8811101913,80.2267379761,43404,43414,10
12.879699707,80.2267608643,43414,43424,10
12.8782100677,80.2268218994,43424,43434,10
12.8770799637,80.2269363403,43434,43444,10
12.876709938,80.2269897461,43444,43464,20
12.876709938,80.2269897461,43464,43474,10
12.8764600754,80.2269973755,43474,43484,10
12.87596035,80.2270126343,43484,43494,10
12.875169754,80.2269515991,43494,43504,10
12.8741397858,80.2268218994,43504,43515,11
12.8729801178,80.2267303467,43515,43525,10
12.8719301224,80.2267074585,43525,43535,10
12.8708400726,80.2266693115,43535,43545,10
12.8698101044,80.2265701294,43545,43555,10
12.8686504364,80.2264328003,43555,43565,10
12.8674602509,80.2264404297,43565,43575,10
12.8663597107,80.2265625,43575,43585,10
12.8651599884,80.226600647,43585,43595,10
12.8638401031,80.2265319824,43595,43605,10
12.8624897003,80.2265396118,43605,43615,10
12.8613300323,80.2266235352,43615,43626,11
12.8610496521,80.2266082764,43626,43636,10
12.8606996536,80.2265701294,43636,43646,10
12.8599796295,80.2264785767,43646,43656,10
12.8590698242,80.2263717651,43656,43666,10
12.8579902649,80.2262420654,43666,43676,10
12.8567304611,80.2263412476,43676,43686,10
12.855389595,80.2264862061,43686,43696,10
12.8540296555,80.2266311646,43696,43706,10
12.8526697159,80.2266921997,43706,43716,10
12.851360321,80.2266616821,43716,43727,11
12.8501501083,80.2265930176,43727,43737,10
12.8499603271,80.2266082764,43737,43747,10
12.8495998383,80.2266235352,43747,43757,10
12.8488903046,80.2266082764,43757,43767,10
12.8479003906,80.2266082764,43767,43777,10
12.8467597961,80.2266464233,43777,43787,10
12.8458995819,80.2266311646,43787,43797,10
12.8456096649,80.2266082764,43797,43807,10
12.8456096649,80.226600647,43807,43817,10
12.8453502655,80.2265777588,43817,43827,10
12.8446998596,80.2266387939,43827,43838,11
12.8437700272,80.2267303467,43838,43848,10
12.8428297043,80.2268829346,43848,43858,10
12.8417701721,80.2270431519,43858,43868,10
12.8408203125,80.2273483276,43868,43878,10
12.8403701782,80.2274780273,43878,43888,10
12.8400201797,80.2276611328,43888,43928,40
12.8400201797,80.2276611328,43928,43938,10
12.8394298553,80.2278594971,43938,43949,11
12.8385601044,80.2280197144,43949,43959,10
12.8375501633,80.2282409668,43959,43969,10
12.8362998962,80.2284393311,43969,43979,10
12.8349199295,80.2286529541,43979,43989,10
12.8336601257,80.2288665771,43989,43999,10
12.8322896957,80.2291412354,43999,44019,20
12.8322896957,80.2291412354,44019,44029,10
12.8319702148,80.2292022705,44029,44039,10
12.8312997818,80.2293624878,44039,44049,10
12.8303403854,80.2296676636,44049,44060,11
12.8291597366,80.2301177979,44060,44070,10
12.8281002045,80.230682373,44070,44080,10
12.8270196915,80.231262207,44080,44090,10
12.8256902695,80.2313995361,44090,44100,10
12.8243398666,80.2313079834,44100,44110,10
12.8230695724,80.2309265137,44110,44120,10
12.8218297958,80.2305679321,44120,44130,10
12.8205900192,80.23046875,44130,44140,10
12.8194198608,80.2304916382,44140,44150,10
12.818860054,80.2304763794,44150,44160,10
12.8188295364,80.2304534912,44160,44171,11
12.8183603287,80.2302474976,44171,44181,10
12.8176803589,80.2299499512,44181,44191,10
12.8168001175,80.229598999,44191,44201,10
12.815779686,80.2294311523,44201,44211,10
12.8146400452,80.2292633057,44211,44221,10
12.8134498596,80.2289581299,44221,44231,10
12.8122501373,80.2285308838,44231,44241,10
12.8110103607,80.2280807495,44241,44251,10
12.8098096848,80.2275466919,44251,44261,10
12.8088197708,80.2269363403,44261,44271,10
12.8078804016,80.2261734009,44271,44282,11
12.8069000244,80.2253265381,44282,44292,10
12.806189537,80.2246780396,44292,44302,10
12.8054895401,80.2241668701,44302,44312,10
12.8049201965,80.2240219116,44312,44322,10
12.8049097061,80.2240219116,44322,44332,10
12.8046197891,80.2239837646,44332,44342,10
12.8040599823,80.2239303589,44342,44352,10
12.8033504486,80.2238464355,44352,44362,10
12.8025102615,80.223739624,44362,44372,10
12.801609993,80.2236480713,44372,44383,11
12.8012104034,80.2236099243,44383,44393,10
12.8009700775,80.2235870361,44393,44403,10
12.8007698059,80.2235565186,44403,44413,10
12.800160408,80.2235031128,44413,44423,10
12.7993202209,80.2234725952,44423,44433,10
12.7981901169,80.2233505249,44433,44443,10
12.7971601486,80.223197937,44443,44453,10
12.7961597443,80.2230072021,44453,44463,10
12.7959003448,80.2229614258,44463,44473,10
12.7957801819,80.2229232788,44473,44483,10
12.7952404022,80.2228088379,44483,44494,11
12.7942800522,80.22265625,44494,44504,10
12.7931804657,80.2225036621,44504,44514,10
12.7920598984,80.2222976685,44514,44524,10
12.79088974,80.2220230103,44524,44534,10
12.7897796631,80.2217102051,44534,44544,10
12.7892103195,80.2215118408,44544,44554,10
12.7890501022,80.2214736938,44554,44574,20
12.7890501022,80.2214736938,44574,44584,10
12.7885799408,80.2212371826,44584,44635,51
12.7885799408,80.2212371826,44635,44645,10
12.7882604599,80.2210769653,44645,44655,10
12.7879800797,80.2210083008,44655,44695,40
12.7879800797,80.2210083008,44695,44705,10
12.7876396179,80.2208633423,44705,44716,11
12.7874002457,80.2207717896,44716,44726,10
12.7873401642,80.2207489014,44726,44736,10
12.7871904373,80.2206878662,44736,44746,10
12.7868995667,80.2205886841,44746,44786,40
12.7868995667,80.2205886841,44786,44796,10
12.7865200043,80.2204284668,44796,44806,10
12.7862596512,80.2203369141,44806,44815,9
12.7860202789,80.2202301025,44815,44827,12
12.7852602005,80.2198867798,44827,44837,10
12.7847604752,80.2196578979,44837,44857,20
12.7847604752,80.2196578979,44857,44867,10
12.7847003937,80.2195968628,44867,44877,10
12.7843399048,80.2193984985,44877,44887,10
12.7838001251,80.2191314697,44887,44897,10
12.7832202911,80.2187805176,44897,44907,10
12.7824401855,80.2183532715,44907,44917,10
12.7815303802,80.2178497314,44917,44927,10
12.7806100845,80.2173614502,44927,44938,11
12.7796001434,80.2167892456,44938,44948,10
12.7785797119,80.2162475586,44948,44958,10
12.7774000168,80.2157287598,44958,44968,10
12.7763004303,80.2152709961,44968,44978,10
12.7753000259,80.2148666382,44978,44988,10
12.7742900848,80.2144622803,44988,44998,10
12.7732400894,80.2140426636,44998,45008,10
12.772190094,80.2136383057,45008,45018,10
12.7712097168,80.2132873535,45018,45027,9
12.7707500458,80.2130508423,45027,45039,12
12.770819664,80.2129364014,45039,45049,10
12.7708997726,80.2127685547,45049,45059,10
12.7710199356,80.2122497559,45059,45069,10
12.7711896896,80.2115631104,45069,45079,10
12.7715396881,80.2108230591,45079,45089,10
12.7720098495,80.2099533081,45089,45099,10
12.7723999023,80.2088088989,45099,45109,10
12.7726802826,80.2077484131,45109,45119,10
12.7731103897,80.2062606812,45119,45139,20
12.7731103897,80.2062606812,45139,45150,11
12.7732095718,80.2058105469,45150,45160,10
12.7733802795,80.2050628662,45160,45170,10
12.7734899521,80.2040176392,45170,45180,10
12.773730278,80.2028503418,45180,45190,10
12.7738399506,80.2016677856,45190,45200,10
12.7738895416,80.2010574341,45200,45210,10
12.7739095688,80.2008972168,45210,45220,10
12.7739696503,80.200340271,45220,45230,10
12.7740297318,80.1995391846,45230,45240,10
12.7741298676,80.1984863281,45240,45250,10
12.7741603851,80.1974411011,45250,45261,11
12.7742300034,80.1962432861,45261,45271,10
12.7743396759,80.1951217651,45271,45281,10
12.7745504379,80.1940689087,45281,45291,10
12.7746696472,80.1936798096,45291,45301,10
12.774720192,80.1935195923,45301,45311,10
12.7749595642,80.1929702759,45311,45321,10
12.7753601074,80.1922607422,45321,45331,10
12.7752304077,80.1915206909,45331,45341,10
12.7748403549,80.1906433105,45341,45351,10
12.7740297318,80.1897583008,45351,45360,9
12.7730998993,80.1893920898,45360,45372,12
12.7718095779,80.1888580322,45372,45382,10
12.7710800171,80.1882476807,45382,45392,10
12.7709503174,80.1872634888,45392,45402,10
12.7708797455,80.1867828369,45402,45412,10
12.7708797455,80.1867599487,45412,45422,10
12.7708396912,80.1863632202,45422,45432,10
12.7707700729,80.1857070923,45432,45442,10
12.770409584,80.1846389771,45442,45462,20
12.770409584,80.1846389771,45462,45472,10
12.7702198029,80.1845474243,45472,45483,11
12.7696695328,80.1843795776,45483,45493,10
12.7691698074,80.1841812134,45493,45503,10
12.7690696716,80.1841125488,45503,45513,10
12.768819809,80.183921814,45513,45523,10
12.7684602737,80.1835479736,45523,45533,10
12.7679796219,80.18334198,45533,45543,10
12.7673501968,80.1831207275,45543,45553,10
12.7667102814,80.1828308105,45553,45563,10
12.7660598755,80.1826477051,45563,45573,10
12.7654495239,80.1825790405,45573,45583,10
12.7647895813,80.1824874878,45583,45594,11
12.7640399933,80.1823883057,45594,45604,10
12.7634897232,80.1824874878,45604,45614,10
12.7632799149,80.1830825806,45614,45624,10
12.7631597519,80.1835174561,45624,45634,10
12.7631702423,80.1835174561,45634,45644,10
12.7630596161,80.183883667,45644,45715,71
12.7630596161,80.183883667,45715,45725,10
12.7629995346,80.1842269897,45725,45735,10
12.763010025,80.1846084595,45735,45745,10
12.762840271,80.1849899292,45745,45755,10
12.762430191,80.1849212646,45755,45765,10
12.7618999481,80.1849212646,45765,45775,10
12.7615098953,80.1847763062,45775,45785,10
12.7615604401,80.1846618652,45785,45795,10
12.7615003586,80.1847991943,45795,46199,404
12.7615003586,80.1847991943,46199,46209,10
12.7615604401,80.1848983765,46209,46219,10
12.7618303299,80.1849594116,46219,46229,10
12.7622299194,80.1849517822,46229,46239,10
12.7625703812,80.1849594116,46239,46250,11
12.7629804611,80.1848907471,46250,46260,10
12.7630195618,80.1845397949,46260,46270,10
12.7629995346,80.184211731,46270,46280,10
12.7630195618,80.183921814,46280,46290,10
12.7631101608,80.1836166382,46290,46300,10
12.7631502151,80.1835174561,46300,46310,10
12.7632398605,80.1832122803,46310,46320,10
12.763420105,80.1825790405,46320,46330,10
12.7639598846,80.1824493408,46330,46340,10
12.764749527,80.1825408936,46340,46350,10
12.7657003403,80.1826400757,46350,46361,11
12.766579628,80.1828079224,46361,46371,10
12.7673597336,80.1831588745,46371,46381,10
12.7680702209,80.1834030151,46381,46391,10
12.7685804367,80.1837234497,46391,46401,10
12.7690200806,80.1841125488,46401,46411,10
12.7693004608,80.1842575073,46411,46421,10
12.7694396973,80.1843185425,46421,46431,10
12.7699298859,80.1845016479,46431,46441,10
12.7705602646,80.1846618652,46441,46451,10
12.7707099915,80.1848678589,46451,46461,10
12.7707796097,80.1854476929,46461,46472,11
12.7708501816,80.1864318848,46472,46482,10
12.7709798813,80.1876220703,46482,46492,10
12.7713603973,80.1887435913,46492,46502,10
12.7725000381,80.1891174316,46502,46512,10
12.773730278,80.1896133423,46512,46522,10
12.7747001648,80.1904907227,46522,46532,10
12.7752399445,80.1914978027,46532,46542,10
12.7753295898,80.1925735474,46542,46552,10
12.774769783,80.1934585571,46552,46562,10
12.7746696472,80.1937789917,46562,46571,9
12.7746496201,80.1938171387,46571,46583,12
12.7745399475,80.1942977905,46583,46593,10
12.7743701935,80.195098877,46593,46603,10
12.7742595673,80.1959075928,46603,46613,10
12.7742500305,80.1959609985,46613,46623,10
12.7742300034,80.1962890625,46623,46633,10
12.7742004395,80.1970291138,46633,46643,10
12.7741699219,80.1980361938,46643,46653,10
12.7740497589,80.1993103027,46653,46663,10
12.7739496231,80.2005615234,46663,46673,10
12.7738895416,80.2012863159,46673,46684,11
12.7738704681,80.2015075684,46684,46694,10
12.7738399506,80.2021026611,46694,46704,10
12.7737503052,80.2027816772,46704,46714,10
12.7735500336,80.2036590576,46714,46724,10
12.7734298706,80.2047195435,46724,46734,10
12.7732896805,80.2055511475,46734,46744,10
12.7730998993,80.2063598633,46744,46754,10
12.7730197906,80.2066192627,46754,46764,10
12.7728595734,80.2071609497,46764,46774,10
12.7726202011,80.2080001831,46774,46784,10
12.7723302841,80.2090911865,46784,46795,11
12.7718496323,80.2102890015,46795,46805,10
12.7715301514,80.2108612061,46805,46815,10
12.7711801529,80.2116317749,46815,46825,10
12.7709302902,80.2125320435,46825,46835,10
12.7708501816,80.2131118774,46835,46845,10
12.770939827,80.213142395,46845,46855,10
12.7710800171,80.2132034302,46855,46865,10
12.7716598511,80.2134094238,46865,46875,10
12.7725000381,80.2137298584,46875,46885,10
12.7735595703,80.2141418457,46885,46895,10
12.7747802734,80.2146377563,46895,46906,11
12.7762098312,80.2152175903,46906,46916,10
12.7775201797,80.2157592773,46916,46926,10
12.7787799835,80.2163391113,46926,46936,10
12.7799797058,80.2169799805,46936,46946,10
12.7812099457,80.2176437378,46946,46956,10
12.7824602127,80.2183303833,46956,46966,10
12.7836198807,80.2189788818,46966,46976,10
12.7846002579,80.2195281982,46976,46986,10
12.7853803635,80.2199401855,46986,46996,10
12.7859601974,80.2201919556,46996,47027,31
12.7859601974,80.2201919556,47027,47037,10
12.7861404419,80.2202835083,47037,47047,10
12.7861700058,80.2202987671,47047,47057,10
12.7864398956,80.220413208,47057,47067,10
12.7867603302,80.2205276489,47067,47077,10
12.7872896194,80.2207336426,47077,47087,10
12.7879295349,80.2209777832,47087,47097,10
12.7887496948,80.2212982178,47097,47107,10
12.7894201279,80.2215576172,47107,47117,10
12.7897996902,80.2216796875,47117,47128,11
12.7906198502,80.2219009399,47128,47138,10
12.7916402817,80.2221603394,47138,47148,10
12.7926998138,80.2223587036,47148,47158,10
12.7938604355,80.2225418091,47158,47168,10
12.7950801849,80.2227478027,47168,47178,10
12.7960100174,80.2229003906,47178,47188,10
12.7967500687,80.2230529785,47188,47198,10
12.7977800369,80.2232437134,47198,47208,10
12.7989997864,80.2233428955,47208,47218,10
12.8001804352,80.2234573364,47218,47229,11
12.8012199402,80.2235565186,47229,47239,10
12.8014497757,80.2236175537,47239,47249,10
12.8017702103,80.2236480713,47249,47259,10
12.8024501801,80.2237319946,47259,47269,10
12.8032102585,80.2238311768,47269,47279,10
12.8041095734,80.2238693237,47279,47289,10
12.8048801422,80.2239608765,47289,47299,10
12.8053798676,80.224067688,47299,47309,10
12.8055000305,80.2241210938,47309,47319,10
12.8058795929,80.2243728638,47319,47329,10
12.806520462,80.224937439,47329,47340,11
12.8074998856,80.2257995605,47340,47350,10
12.8085298538,80.2266769409,47350,47360,10
12.8097200394,80.2274932861,47360,47370,10
12.8110904694,80.2280807495,47370,47380,10
12.8125400543,80.2286071777,47380,47390,10
12.8140201569,80.2290878296,47390,47400,10
12.8155603409,80.229347229,47400,47410,10
12.8170900345,80.2296295166,47410,47420,10
12.8183498383,80.2301864624,47420,47430,10
12.8194904327,80.2304763794,47430,47440,10
12.8207302094,80.2304534912,47440,47451,11
12.8222703934,80.2306289673,47451,47461,10
12.8236398697,80.2310409546,47461,47471,10
12.8249197006,80.2313308716,47471,47481,10
12.8263196945,80.2313232422,47481,47491,10
12.8275299072,80.2310180664,47491,47501,10
12.8285102844,80.2304534912,47501,47511,10
12.8295602798,80.2299423218,47511,47521,10
12.8309803009,80.2293701172,47521,47541,20
12.8309803009,80.2293701172,47541,47551,10
12.8313398361,80.2292404175,47551,47572,21
12.8313398361,80.2292404175,47572,47582,10
12.8316698074,80.2291412354,47582,47592,10
12.8323001862,80.2289810181,47592,47602,10
12.8332004547,80.2288208008,47602,47612,10
12.834230423,80.2286529541,47612,47622,10
12.8353700638,80.2284469604,47622,47632,10
12.8366699219,80.2282791138,47632,47642,10
12.8380403519,80.2280578613,47642,47652,10
12.8390398026,80.2277908325,47652,47661,9
12.8395996094,80.2275695801,47661,47673,12
12.8404302597,80.2274169922,47673,47683,10
12.8413200378,80.227180481,47683,47693,10
12.842499733,80.2269821167,47693,47703,10
12.8437995911,80.2267837524,47703,47713,10
12.845290184,80.2265777588,47713,47743,30
12.845290184,80.2265777588,47743,47753,10
12.8457403183,80.2264785767,47753,47763,10
12.8461704254,80.2265014648,47763,47774,11
12.8470497131,80.2265014648,47774,47784,10
12.8481197357,80.2265014648,47784,47794,10
12.8492298126,80.2264862061,47794,47804,10
12.850060463,80.2264633179,47804,47814,10
12.8501996994,80.2264633179,47814,47824,10
12.8506498337,80.2264709473,47824,47834,10
12.8514299393,80.2265167236,47834,47844,10
12.8523302078,80.2266235352,47844,47854,10
12.8534297943,80.2266311646,47854,47864,10
12.8546895981,80.2265014648,47864,47874,10
12.8559398651,80.2263565063,47874,47885,11
12.8573198318,80.2262191772,47885,47895,10
12.8584499359,80.2261810303,47895,47905,10
12.8596096039,80.2263183594,47905,47915,10
12.8608398438,80.2264785767,47915,47925,10
12.8621301651,80.2264785767,47925,47935,10
12.8634595871,80.2264404297,47935,47945,10
12.8647499084,80.2265014648,47945,47955,10
12.865819931,80.2265167236,47955,47965,10
12.8669204712,80.2264480591,47965,47975,10
12.8681602478,80.2263183594,47975,47985,10
12.8694295883,80.2264328003,47985,47996,11
12.870759964,80.2265777588,47996,48006,10
12.8719501495,80.2266235352,48006,48016,10
12.8729095459,80.2266387939,48016,48026,10
12.8738899231,80.2266769409,48026,48036,10
12.8751096725,80.2268218994,48036,48046,10
12.8761701584,80.2268981934,48046,48056,10
12.8764600754,80.226890564,48056,48066,10
12.8765802383,80.2268676758,48066,48076,10
12.876660347,80.2268600464,48076,48086,10
12.8769798279,80.226852417,48086,48096,10
12.8777599335,80.2267913818,48096,48107,11
12.8788900375,80.2266998291,48107,48117,10
12.8801298141,80.2266769409,48117,48127,10
12.8815402985,80.2266693115,48127,48137,10
12.8829603195,80.2266693115,48137,48147,10
12.884180069,80.2266387939,48147,48157,10
12.8850803375,80.2266311646,48157,48167,10
12.8851804733,80.2266387939,48167,48177,10
12.8854904175,80.2266921997,48177,48187,10
12.8861103058,80.2268600464,48187,48197,10
12.8869695663,80.2270736694,48197,48206,9
12.8879995346,80.2272186279,48206,48218,12
12.8895301819,80.2272796631,48218,48228,10
12.8908700943,80.2272720337,48228,48238,10
12.8922100067,80.2272872925,48238,48248,10
12.8933601379,80.2274169922,48248,48258,10
12.8945999146,80.2275466919,48258,48268,10
12.8956003189,80.2275924683,48268,48278,10
12.896900177,80.2276382446,48278,48288,10
12.8980503082,80.2276992798,48288,48298,10
12.8992595673,80.2277679443,48298,48307,9
12.9000701904,80.2277908325,48307,48319,12
12.9004201889,80.2278137207,48319,48339,20
12.9004201889,80.2278137207,48339,48349,10
12.9007902145,80.2278366089,48349,48359,10
12.9012899399,80.2278900146,48359,48369,10
12.901889801,80.2279205322,48369,48379,10
12.9025297165,80.2279586792,48379,48389,10
12.9027900696,80.2279586792,48389,48399,10
12.902879715,80.2279663086,48399,48409,10
12.9032897949,80.2279586792,48409,48419,10
12.9040002823,80.2280273438,48419,48430,11
12.9047899246,80.2280807495,48430,48440,10
12.9056196213,80.2281112671,48440,48450,10
12.9059000015,80.2281188965,48450,48460,10
12.9061803818,80.2281265259,48460,48470,10
12.906539917,80.2281570435,48470,48480,10
12.9070396423,80.2282333374,48480,48490,10
12.9078397751,80.2283401489,48490,48500,10
12.9086904526,80.2285003662,48500,48510,10
12.9097795486,80.2287063599,48510,48520,10
12.9110603333,80.228843689,48520,48530,10
12.9123697281,80.229019165,48530,48541,11
12.9135103226,80.2292022705,48541,48551,10
12.9139003754,80.2292404175,48551,48561,10
12.9139099121,80.2292480469,48561,48571,10
12.9143600464,80.2293395996,48571,48581,10
12.9149599075,80.2294311523,48581,48591,10
12.91588974,80.2295837402,48591,48601,10
12.9170598984,80.2297210693,48601,48611,10
12.9183702469,80.2298736572,48611,48621,10
12.9196901321,80.2300415039,48621,48631,10
12.9209899902,80.2301864624,48631,48641,10
12.9223499298,80.2303924561,48641,48652,11
12.9238195419,80.2306213379,48652,48662,10
12.9250497818,80.2308120728,48662,48672,10
12.9262199402,80.2309494019,48672,48682,10
12.9272298813,80.2310409546,48682,48692,10
12.9283399582,80.2311630249,48692,48702,10
12.9287996292,80.2312393188,48702,48712,10
12.9290895462,80.231300354,48712,48722,10
12.9297399521,80.2314300537,48722,48732,10
12.9306001663,80.2316436768,48732,48742,10
12.9317502975,80.2318878174,48742,48753,11
12.9329795837,80.2324066162,48753,48763,10
12.9336204529,80.232711792,48763,48773,10
12.9336700439,80.2327270508,48773,48783,10
12.9338903427,80.2328567505,48783,48793,10
12.9344797134,80.2331466675,48793,48803,10
12.9352903366,80.2334899902,48803,48813,10
12.9355802536,80.2336425781,48813,48823,10
12.9357299805,80.2337265015,48823,48833,10
12.9362897873,80.2339706421,48833,48843,10
12.9371004105,80.2343292236,48843,48853,10
12.9381504059,80.2348709106,48853,48864,11
12.9393501282,80.2354202271,48864,48874,10
12.9399299622,80.2357177734,48874,48884,10
12.9410295486,80.2360076904,48884,48894,10
12.9420700073,80.2362670898,48894,48904,10
12.9431800842,80.2368164063,48904,48914,10
12.9441003799,80.23777771,48914,48924,10
12.9450397491,80.2388916016,48924,48934,10
12.946149826,80.2395324707,48934,48944,10
12.9471597672,80.2399215698,48944,48954,10
12.9473800659,80.2399978638,48954,48963,9
12.9474802017,80.2400588989,48963,48975,12
12.9480304718,80.2402801514,48975,48985,10
12.9484796524,80.2404632568,48985,48995,10
12.9485702515,80.2404785156,48995,49005,10
12.9489603043,80.2406463623,49005,49015,10
12.9496803284,80.2409210205,49015,49025,10
12.9505195618,80.2412109375,49025,49035,10
12.9509296417,80.2413101196,49035,49045,10
12.9510698318,80.2413864136,49045,49055,10
12.9515800476,80.2415618896,49055,49065,10
12.9523000717,80.2418212891,49065,49076,11
12.9532499313,80.2421875,49076,49086,10
12.9539203644,80.2424697876,49086,49096,10
12.9545402527,80.24269104,49096,49106,10
12.955280304,80.2429580688,49106,49116,10
12.9563302994,80.2433395386,49116,49136,20
12.9563302994,80.2433395386,49136,49146,10
12.9566698074,80.2434463501,49146,49156,10
12.9573001862,80.2437515259,49156,49166,10
12.9581003189,80.2440795898,49166,49176,10
12.9588003159,80.2443771362,49176,49187,11
12.9588699341,80.2444381714,49187,49197,10
12.9592599869,80.2446289063,49197,49207,10
12.9599199295,80.2449111938,49207,49217,10
12.9607095718,80.2452468872,49217,49227,10
12.9617300034,80.2457580566,49227,49237,10
12.9626598358,80.2462387085,49237,49247,10
12.9630699158,80.2464599609,49247,49257,10
12.9631004333,80.2464599609,49257,49267,10
12.9632501602,80.2464904785,49267,49277,10
12.9635601044,80.2466583252,49277,49287,10
12.9640703201,80.246887207,49287,49298,11
12.9648103714,80.2471466064,49298,49308,10
12.9655799866,80.2473526001,49308,49318,10
12.9664697647,80.247718811,49318,49328,10
12.9668102264,80.2478866577,49328,49338,10
12.9669103622,80.2479476929,49338,49348,10
12.9671802521,80.2481079102,49348,49358,10
12.9676399231,80.2483062744,49358,49368,10
12.9684200287,80.2486190796,49368,49378,10
12.9693803787,80.2490005493,49378,49388,10
12.9705696106,80.2494888306,49388,49399,11
12.972029686,80.2498397827,49399,49409,10
12.9733104706,80.2502365112,49409,49419,10
12.9746198654,80.250617981,49419,49429,10
12.9758996964,80.2509765625,49429,49439,10
12.9770298004,80.2512969971,49439,49449,10
12.9779195786,80.2518692017,49449,49459,10
12.9784898758,80.2522964478,49459,49469,10
12.9785699844,80.2523422241,49469,49479,10
12.9789495468,80.2525024414,49479,49489,10
12.9796695709,80.2526016235,49489,49530,41
12.9796695709,80.2526016235,49530,49540,10
12.9797000885,80.2525787354,49540,49550,10
12.9801101685,80.2526397705,49550,49560,10
12.9808301926,80.2526321411,49560,49570,10
12.9817800522,80.2526092529,49570,49580,10
12.9829301834,80.2525482178,49580,49590,10
12.9840402603,80.2523269653,49590,49600,10
12.9851102829,80.2520294189,49600,49610,10
12.98554039,80.2518997192,49610,49621,11
12.986000061,80.2517929077,49621,49631,10
12.9869003296,80.2515563965,49631,49833,202
12.9869003296,80.2515563965,49833,49843,10
12.9871397018,80.2514801025,49843,49853,10
12.9875001907,80.2513809204,49853,49863,10
12.9877099991,80.2513427734,49863,49873,10
12.9879302979,80.2516326904,49873,49883,10
12.9880199432,80.2523803711,49883,49893,10
12.9879198074,80.2534713745,49893,49903,10
12.9879102707,80.2541732788,49903,49913,10
12.9878797531,80.2544708252,49913,49923,10
12.987859726,80.2547836304,49923,49933,10
12.9878196716,80.2553405762,49933,49944,11
12.9878997803,80.2557678223,49944,49954,10
12.9887104034,80.2558822632,49954,49974,20
12.9887104034,80.2558822632,49974,49984,10
12.9891500473,80.2559432983,49984,49994,10
12.9896001816,80.256072998,49994,50004,10
12.9902200699,80.2561035156,50004,50014,10
12.9906101227,80.2560806274,50014,50024,10
12.991060257,80.2560806274,50024,50034,10
12.9917097092,80.2560577393,50034,50044,10
12.9926700592,80.2560272217,50044,50055,11
12.9937000275,80.2559509277,50055,50065,10
12.9945497513,80.2559509277,50065,50075,10
12.9953298569,80.2559204102,50075,50085,10
12.9963502884,80.255897522,50085,50125,40
12.9963502884,80.255897522,50125,50135,10
12.9967403412,80.255859375,50135,50145,10
12.9970302582,80.255859375,50145,50155,10
12.9975204468,80.2558898926,50155,50206,51
12.9975204468,80.2558898926,50206,50216,10
12.9977502823,80.2560882568,50216,50226,10
12.9977502823,80.2564086914,50226,50236,10
12.9975204468,80.2567825317,50236,50246,10
12.9973201752,80.2571563721,50246,50499,253
12.9973201752,80.2571563721,50499,50509,10
12.9975795746,80.2570419312,50509,50519,10
12.997710228,80.2572174072,50519,51881,1362
12.997710228,80.2572174072,51881,51891,10
12.9976396561,80.2571182251,51891,51902,11
12.9975595474,80.2567825317,51902,51912,10
12.9976396561,80.2564086914,51912,51922,10
12.9976797104,80.2561187744,51922,51952,30
12.9976797104,80.2561187744,51952,51962,10
12.9980096817,80.2559432983,51962,51972,10
12.9982700348,80.2559890747,51972,51982,10
12.9984397888,80.2560424805,51982,51992,10
12.99862957,80.256072998,51992,52002,10
12.9988298416,80.256072998,52002,52013,11
12.99903965,80.256072998,52013,52023,10
12.9994897842,80.256149292,52023,52033,10
13.0001802444,80.2563323975,52033,52053,20
13.0001802444,80.2563323975,52053,52063,10
13.0003900528,80.2563781738,52063,52073,10
13.0007696152,80.256477356,52073,52083,10
13.0011396408,80.2565231323,52083,52093,10
13.0015602112,80.2565765381,52093,52103,10
13.001999855,80.2566375732,52103,52112,9
13.002409935,80.2566833496,52112,52124,12
13.0031099319,80.2568206787,52124,52134,10
13.003780365,80.2569732666,52134,52144,10
13.0044603348,80.2570877075,52144,52154,10
13.0050802231,80.2572174072,52154,52164,10
13.0061903,80.2574234009,52164,52184,20
13.0061903,80.2574234009,52184,52194,10
13.0064897537,80.2572021484,52194,52204,10
13.0064601898,80.2567214966,52204,52214,10
13.0064601898,80.2559890747,52214,52224,10
13.0065202713,80.2552185059,52224,52235,11
13.0065097809,80.25440979,52235,52245,10
13.0065402985,80.254119873,52245,52255,10
13.0065803528,80.2539596558,52255,52265,10
13.0065803528,80.2533874512,52265,52275,10
13.0065603256,80.253036499,52275,52285,10
13.0065498352,80.2528305054,52285,52295,10
13.0065803528,80.2526321411,52295,52305,10
13.0066795349,80.2525482178,52305,52315,10
13.0066795349,80.2528686523,52315,52325,10
13.0066699982,80.2533569336,52325,52568,243
13.0066699982,80.2533569336,52568,52578,10
13.0066699982,80.2538604736,52578,52588,10
13.006649971,80.2540435791,52588,52598,10
13.0066404343,80.2543106079,52598,52608,10
13.0066099167,80.2547302246,52608,52618,10
13.0066003799,80.2548904419,52618,52628,10
13.0065498352,80.2549362183,52628,52638,10
13.0065698624,80.2553787231,52638,52648,10
13.0065698624,80.256111145,52648,52658,10
13.0066204071,80.2572631836,52658,52749,91
13.0066204071,80.2572631836,52749,52759,10
13.0065002441,80.2576522827,52759,52769,10
13.0060300827,80.257522583,52769,52780,11
13.0051698685,80.25730896,52780,52790,10
13.0042896271,80.2570877075,52790,52800,10
13.0034599304,80.2568969727,52800,52810,10
13.002699852,80.2567367554,52810,52820,10
13.0020303726,80.2566070557,52820,52840,20
13.0020303726,80.2566070557,52840,52850,10
13.001830101,80.2566070557,52850,52860,10
13.0012702942,80.2565307617,52860,52870,10
13.0005302429,80.2564315796,52870,52881,11
12.9996404648,80.2562179565,52881,52911,30
12.9996404648,80.2562179565,52911,52921,10
12.9995098114,80.2561569214,52921,52931,10
12.9990997314,80.2560806274,52931,52941,10
12.99862957,80.2560272217,52941,52971,30
12.99862957,80.2560272217,52971,52981,10
12.9983596802,80.2560424805,52981,52992,11
12.9980602264,80.2559890747,52992,53002,10
12.9975996017,80.2559509277,53002,53012,10
12.9975204468,80.2559432983,53012,53022,10
12.9974002838,80.2559204102,53022,53032,10
12.9971599579,80.2559127808,53032,53042,10
12.9968795776,80.255897522,53042,53052,10
12.9964399338,80.2559204102,53052,53062,10
12.995759964,80.255897522,53062,53072,10
12.9950895309,80.2559280396,53072,53082,10
12.9942598343,80.2559280396,53082,53091,9
12.9934902191,80.2559814453,53091,53103,12
12.9923496246,80.2560501099,53103,53113,10
12.9915304184,80.256072998,53113,53123,10
12.9909000397,80.2560424805,53123,53133,10
12.9902200699,80.2560195923,53133,53143,10
12.9895000458,80.2559280396,53143,53153,10
12.9889602661,80.2559204102,53153,53163,10
12.9888801575,80.2559204102,53163,53173,10
12.9885501862,80.255897522,53173,53183,10
12.9880199432,80.2558135986,53183,53193,10
12.9874696732,80.2557296753,53193,53202,9
12.9866800308,80.255569458,53202,53214,12
12.9861001968,80.2554473877,53214,53244,30
12.9861001968,80.2554473877,53244,53254,10
12.9858102798,80.2554168701,53254,53264,10
12.9852304459,80.2553329468,53264,53274,10
12.98458004,80.2551727295,53274,53284,10
12.9839296341,80.254989624,53284,53294,10
12.983499527,80.2548675537,53294,53303,9
12.983130455,80.254737854,53303,53315,12
12.9823703766,80.2544784546,53315,53325,10
12.9819498062,80.2538909912,53325,53335,10
12.9817695618,80.2531509399,53335,53345,10
12.9811401367,80.2527770996,53345,53355,10
12.9805402756,80.2527923584,53355,53365,10
12.9801301956,80.2527999878,53365,53375,10
12.9796800613,80.2526931763,53375,53385,10
12.9791097641,80.2526168823,53385,53395,10
12.9787502289,80.2525787354,53395,53405,10
12.978679657,80.2525482178,53405,53415,10
12.9783000946,80.2523574829,53415,53426,11
12.977640152,80.2517929077,53426,53436,10
12.976770401,80.2512893677,53436,53446,10
12.975689888,80.2509613037,53446,53456,10
12.9745798111,80.2506332397,53456,53466,10
12.9734296799,80.2503128052,53466,53476,10
12.9722204208,80.2500076294,53476,53486,10
12.9712495804,80.2497711182,53486,53496,10
12.9701404572,80.249458313,53496,53506,10
12.968919754,80.2489700317,53506,53516,10
12.9676504135,80.2484588623,53516,53525,9
12.9667396545,80.2480392456,53525,53537,12
12.965669632,80.2475662231,53537,53547,10
12.9652395248,80.2474136353,53547,53557,10
12.9650497437,80.2473068237,53557,53567,10
12.9644403458,80.2471008301,53567,53577,10
12.9635400772,80.2467422485,53577,53587,10
12.9625597,80.2462387085,53587,53597,10
12.9615602493,80.2457275391,53597,53607,10
12.9605398178,80.245262146,53607,53617,10
12.9596996307,80.2449035645,53617,53627,10
12.9593896866,80.2447891235,53627,53638,11
12.9590902328,80.2446289063,53638,53648,10
12.9584999084,80.2443618774,53648,53658,10
12.9579496384,80.2441329956,53658,53668,10
12.9576997757,80.2440414429,53668,53678,10
12.9570798874,80.2438430786,53678,53688,10
12.9566602707,80.2437210083,53688,53779,91
12.9566602707,80.2437210083,53779,53789,10
12.9562196732,80.2435379028,53789,53799,10
12.9556503296,80.2432327271,53799,53809,10
12.9548196793,80.2428588867,53809,53819,10
12.9539804459,80.2425231934,53819,53829,10
12.9529895782,80.2421112061,53829,53839,10
12.9519996643,80.2417526245,53839,53849,10
12.9517002106,80.2416534424,53849,53860,11
12.9513101578,80.2415008545,53860,53870,10
12.9505901337,80.2412567139,53870,53880,10
12.949669838,80.2409973145,53880,53890,10
12.9492197037,80.2408599854,53890,53900,10
12.9491100311,80.2408218384,53900,53910,10
12.9486703873,80.2406463623,53910,53920,10
12.9478998184,80.2403335571,53920,53930,10
12.9470796585,80.2399978638,53930,53940,10
12.9468898773,80.2399291992,53940,53950,10
12.9465198517,80.2397613525,53950,53959,9
12.9459199905,80.2395019531,53959,53971,12
12.9451303482,80.2390213013,53971,53981,10
12.9444599152,80.2383117676,53981,53991,10
12.9437103271,80.2374572754,53991,54001,10
12.942899704,80.2367095947,54001,54011,10
12.9417104721,80.2362518311,54011,54021,10
12.9405498505,80.2359924316,54021,54031,10
12.9396495819,80.2357025146,54031,54041,10
12.9387798309,80.2352600098,54041,54051,10
12.9377698898,80.2347488403,54051,54061,10
12.9368095398,80.2342910767,54061,54072,11
12.9357299805,80.2337799072,54072,54082,10
12.9347496033,80.2333297729,54082,54092,10
12.9338998795,80.232963562,54092,54102,10
12.9338197708,80.2329330444,54102,54112,10
12.9337797165,80.2328796387,54112,54122,10
12.9333696365,80.2326889038,54122,54132,10
12.93268013,80.2324066162,54132,54142,10
12.9317703247,80.2321014404,54142,54152,10
12.9306898117,80.2317581177,54152,54162,10
12.9295902252,80.2314834595,54162,54172,10
12.9285097122,80.2312698364,54172,54183,11
12.9273099899,80.2311172485,54183,54193,10
12.9263496399,80.231010437,54193,54203,10
12.9260902405,80.2309875488,54203,54213,10
12.9258003235,80.2309494019,54213,54223,10
12.9251804352,80.2308425903,54223,54233,10
12.924369812,80.2307510376,54233,54243,10
12.9233198166,80.2306137085,54243,54253,10
12.9220895767,80.230430603,54253,54263,10
12.9207696915,80.2302627563,54263,54273,10
12.9194297791,80.2301101685,54273,54283,10
12.9181003571,80.229927063,54283,54294,11
12.9166898727,80.2297363281,54294,54304,10
12.9154195786,80.2295608521,54304,54314,10
12.9142599106,80.2293930054,54314,54324,10
12.9134197235,80.229309082,54324,54334,10
12.9133501053,80.2292861938,54334,54344,10
12.9129495621,80.2291870117,54344,54354,10
12.9122400284,80.2290725708,54354,54364,10
12.911239624,80.2289276123,54364,54374,10
12.9100103378,80.2287521362,54374,54384,10
12.9086999893,80.2285385132,54384,54394,10
12.9073600769,80.2283706665,54394,54415,21
12.9073600769,80.2283706665,54415,54425,10
12.9071702957,80.2283630371,54425,54435,10
12.906829834,80.2283325195,54435,54445,10
12.9063997269,80.2282791138,54445,54455,10
12.9057102203,80.2282333374,54455,54465,10
12.9048700333,80.2281570435,54465,54475,10
12.9039201736,80.2281112671,54475,54485,10
12.9030399323,80.2280578613,54485,54495,10
12.902179718,80.2280273438,54495,54505,10
12.9012804031,80.2280273438,54505,54546,41
12.9012804031,80.2280273438,54546,54556,10
12.901049614,80.2279815674,54556,54566,10
12.900560379,80.2279281616,54566,54576,10
12.8999700546,80.2279129028,54576,54606,30
12.8999700546,80.2279129028,54606,54617,11
12.8996696472,80.2278900146,54617,54627,10
12.8993997574,80.2278594971,54627,54637,10
12.8992595673,80.2278366089,54637,54647,10
12.8987398148,80.2277984619,54647,54657,10
12.8978796005,80.2277603149,54657,54667,10
12.8967695236,80.2276992798,54667,54677,10
12.8954896927,80.2276382446,54677,54687,10
12.8941202164,80.2275772095,54687,54697,10
12.8929100037,80.2274398804,54697,54707,10
12.8919696808,80.2273788452,54707,54716,9
12.8909502029,80.2273788452,54716,54728,12
12.8898696899,80.2273864746,54728,54738,10
12.8893299103,80.2274093628,54738,54748,10
12.8884496689,80.2273635864,54748,54758,10
12.887339592,80.2272415161,54758,54768,10
12.8861703873,80.2269897461,54768,54778,10
12.885140419,80.2267608643,54778,54788,10
12.8847904205,80.2267532349,54788,54798,10
12.8844203949,80.2267379761,54798,54808,10
12.8836898804,80.2267303467,54808,54818,10
12.8826999664,80.2267303467,54818,54828,10
12.8815402985,80.2267379761,54828,54839,11
12.8803300858,80.2267837524,54839,54849,10
12.8790502548,80.2267837524,54849,54859,10
12.8777198792,80.2268829346,54859,54869,10
12.8768796921,80.2269668579,54869,54879,10
12.876709938,80.2269668579,54879,54889,10
12.8764801025,80.2269973755,54889,54899,10
12.8762102127,80.2270126343,54899,54909,10
12.8755903244,80.2269897461,54909,54919,10
12.8747301102,80.2268829346,54919,54929,10
12.87362957,80.2267532349,54929,54939,10
12.8727998734,80.2267303467,54939,54950,11
12.8725500107,80.2267227173,54950,54960,10
12.8719596863,80.2267074585,54960,54970,10
12.8711099625,80.2266616821,54970,54980,10
12.8700304031,80.2265701294,54980,54990,10
12.8689403534,80.2264480591,54990,55000,10
12.8677101135,80.2264709473,55000,55010,10
12.8664703369,80.2265930176,55010,55020,10
12.8651695251,80.2266387939,55020,55030,10
12.8638095856,80.2265930176,55030,55040,10
12.8625802994,80.2265777588,55040,55051,11
12.8614196777,80.2266387939,55051,55061,10
12.8609895706,80.2266235352,55061,55071,10
12.8607597351,80.2265930176,55071,55081,10
12.8601503372,80.2265014648,55081,55091,10
12.8592996597,80.2263717651,55091,55101,10
12.8586196899,80.2262573242,55101,55111,10
12.8582201004,80.2262268066,55111,55121,10
12.8575000763,80.2262420654,55121,55131,10
12.8565397263,80.2263412476,55131,55141,10
12.855340004,80.2264709473,55141,55151,10
12.8540096283,80.2266235352,55151,55162,11
12.8524303436,80.2266921997,55162,55172,10
12.8511199951,80.2266464233,55172,55182,10
12.8501596451,80.2266082764,55182,55192,10
12.850060463,80.2266082764,55192,55202,10
12.8496799469,80.226600647,55202,55212,10
12.8489303589,80.2266082764,55212,55222,10
12.8479204178,80.2266082764,55222,55232,10
12.8469104767,80.2266082764,55232,55242,10
12.846039772,80.2266082764,55242,55252,10
12.8451404572,80.2266311646,55252,55273,21
12.8451404572,80.2266311646,55273,55283,10
12.8448696136,80.2266616821,55283,55293,10
12.8441896439,80.2267074585,55293,55303,10
12.8432798386,80.2267913818,55303,55313,10
12.842089653,80.2270278931,55313,55323,10
12.8408203125,80.2273712158,55323,55333,10
12.8400297165,80.2276000977,55333,55343,10
12.839679718,80.2277297974,55343,55353,10
12.8394699097,80.2278213501,55353,55363,10
12.8388795853,80.2279968262,55363,55372,9
12.8380899429,80.2281799316,55372,55384,12
12.8366804123,80.2283935547,55384,55394,10
12.8353500366,80.2285919189,55394,55404,10
12.8340101242,80.2288208008,55404,55414,10
12.8328399658,80.2290420532,55414,55424,10
12.8322896957,80.2291564941,55424,55434,10
12.8322095871,80.2291488647,55434,55444,10
12.8317899704,80.2292327881,55444,55454,10
12.8311300278,80.2293777466,55454,55464,10
12.8303699493,80.2296600342,55464,55474,10
12.8297395706,80.229888916,55474,55485,11
12.828909874,80.2302322388,55485,55495,10
12.8279304504,80.2307662964,55495,55505,10
12.8269395828,80.231262207,55505,55515,10
12.825799942,80.2313919067,55515,55525,10
12.8246202469,80.2313690186,55525,55535,10
12.8234996796,80.2310791016,55535,55545,10
12.8223800659,80.23072052,55545,55555,10
12.8210897446,80.2304916382,55555,55565,10
12.8198404312,80.2305221558,55565,55575,10
12.8189697266,80.2305297852,55575,55584,9
12.8188400269,80.2304992676,55584,55596,12
12.8182601929,80.2302474976,55596,55606,10
12.8175401688,80.2298965454,55606,55616,10
12.8166599274,80.2295684814,55616,55626,10
12.8154802322,80.2293930054,55626,55636,10
12.8141698837,80.2291793823,55636,55646,10
12.8128299713,80.228767395,55646,55656,10
12.8114404678,80.2282791138,55656,55666,10
12.8101701736,80.2277526855,55666,55676,10
12.8090696335,80.227180481,55676,55686,10
12.8080997467,80.2264099121,55686,55696,10
12.8071699142,80.2256011963,55696,55707,11
12.8064002991,80.224899292,55707,55717,10
12.8057603836,80.2243423462,55717,55727,10
12.804980278,80.2239990234,55727,55737,10
12.804019928,80.2238922119,55737,55747,10
12.8030900955,80.2238082886,55747,55757,10
12.8021297455,80.2236785889,55757,55766,9
12.8011903763,80.2235870361,55766,55776,10
12.8000602722,80.2234802246,55776,55787,11
12.7987604141,80.2233581543,55787,55797,10
12.7974901199,80.2232131958,55797,55807,10
12.7962303162,80.2229919434,55807,55818,11
12.7949800491,80.2227706909,55818,55828,10
12.7940196991,80.222618103,55828,55838,10
12.7929697037,80.2224578857,55838,55848,10
12.7919197083,80.2222518921,55848,55858,10
12.7908496857,80.2219924927,55858,55868,10
12.789899826,80.2217483521,55868,55878,10
12.789270401,80.2215270996,55878,55908,30
12.7891702652,80.2214889526,55908,55939,31
12.7891702652,80.2214889526,55939,55949,10
12.7889404297,80.2213973999,55949,55959,10
12.7886104584,80.221282959,55959,55979,20
12.7886104584,80.221282959,55979,55989,10
12.7884702682,80.2212295532,55989,55999,10
12.7882604599,80.2211532593,55999,56009,10
12.7880601883,80.2210464478,56009,56019,10
12.787899971,80.2210235596,56019,56030,11
12.7876300812,80.2209091187,56030,56040,10
12.7875404358,80.2208862305,56040,56050,10
12.7872896194,80.2207794189,56050,56060,10
12.7869901657,80.2206573486,56060,56070,10
12.7866601944,80.2205505371,56070,56120,50
12.7866601944,80.2205505371,56120,56130,10
12.786450386,80.2204284668,56130,56141,11
12.7862195969,80.2203521729,56141,56151,10
12.78565979,80.2201080322,56151,56161,10
12.785030365,80.2197875977,56161,56171,10
12.7846403122,80.2196121216,56171,56181,10
12.7845096588,80.2195205688,56181,56191,10
12.7839097977,80.2191696167,56191,56201,10
12.7829799652,80.2186813354,56201,56211,10
12.781829834,80.2180633545,56211,56221,10
12.7805900574,80.2173995972,56221,56230,9
12.7794303894,80.2167816162,56230,56241,11
12.7779397964,80.2160186768,56241,56252,11
12.7763500214,80.21534729,56252,56262,10
12.7748699188,80.2147369385,56262,56272,10
12.7733802795,80.2141571045,56272,56282,10
12.7719402313,80.2136001587,56282,56292,10
12.7708797455,80.2132110596,56292,56302,10
12.7707700729,80.2129669189,56302,56312,10
12.7708501816,80.2128601074,56312,56322,10
12.7708797455,80.2128295898,56322,56332,10
12.7709503174,80.2124710083,56332,56342,10
12.771109581,80.2116928101,56342,56352,10
12.7715597153,80.2107315063,56352,56363,11
12.7720804214,80.2097320557,56363,56373,10
12.7724304199,80.2086334229,56373,56383,10
12.7726097107,80.2079315186,56383,56393,10
12.7728004456,80.2072372437,56393,56403,10
12.7730398178,80.2063980103,56403,56413,10
12.7731199265,80.206199646,56413,56423,10
12.773229599,80.2057037354,56423,56433,10
12.7733898163,80.2048873901,56433,56443,10
12.7735300064,80.2037734985,56443,56453,10
12.7737903595,80.2024917603,56453,56462,9
12.7738599777,80.2014083862,56462,56474,12
12.773900032,80.200920105,56474,56484,10
12.7739400864,80.2005233765,56484,56494,10
12.7740001678,80.1997680664,56494,56504,10
12.7740898132,80.1987991333,56504,56514,10
12.7741603851,80.1976165771,56514,56524,10
12.7742204666,80.1963729858,56524,56534,10
12.7743196487,80.1951599121,56534,56544,10
12.7746601105,80.1936416626,56544,56564,20
12.7746601105,80.1936416626,56564,56575,11
12.7747402191,80.1934204102,56575,56585,10
12.7750501633,80.1928482056,56585,56595,10
12.7753200531,80.1920928955,56595,56605,10
12.7751598358,80.1911468506,56605,56614,9
12.7745504379,80.1902923584,56614,56625,11
12.7734804153,80.189491272,56625,56635,10
12.7723302841,80.1890335083,56635,56645,10
12.771229744,80.1886291504,56645,56655,10
12.7709703445,80.1876296997,56655,56665,10
12.7708702087,80.1867904663,56665,56675,10
12.7708597183,80.1866226196,56675,56685,10
12.7687196732,80.1837997437,56685,56754,69
12.766869545,80.1829071045,56754,56783,29
12.7642803192,80.1824493408,56783,56813,30
12.7642803192,80.1824493408,56813,56835,22
12.7633399963,80.1829833984,56835,56845,10
12.7631797791,80.1835098267,56845,56855,10
12.7631196976,80.1836776733,56855,56865,10
12.7630300522,80.1840896606,56865,56875,10
12.7630701065,80.1845092773,56875,56885,10
12.7629899979,80.1849365234,56885,56895,10
12.7625703812,80.1849365234,56895,56906,11
12.7619400024,80.1849212646,56906,56916,10
12.7614898682,80.1847763062,56916,56926,10
12.7614898682,80.1848220825,56926,58218,1292
12.7614898682,80.1848220825,58218,58228,10
12.7615804672,80.184928894,58228,58238,10
12.7617902756,80.1849594116,58238,58248,10
12.7620401382,80.1849365234,58248,58258,10
12.7623596191,80.184928894,58258,58268,10
12.7626399994,80.1849365234,58268,58278,10
12.762960434,80.1848907471,58278,58288,10
12.7630300522,80.1845397949,58288,58298,10
12.7629995346,80.1842193604,58298,58308,10
12.7630195618,80.1839370728,58308,58318,10
12.7631902695,80.1834716797,58318,58339,21
12.7631902695,80.1834716797,58339,58349,10
12.7632598877,80.1832199097,58349,58359,10
12.7633600235,80.1829071045,58359,58369,10
12.7634000778,80.1827697754,58369,58379,10
12.7634897232,80.182472229,58379,58389,10
12.7637500763,80.1824417114,58389,58399,10
12.7643003464,80.182510376,58399,58409,10
12.7649002075,80.1825485229,58409,58418,9
12.7655096054,80.1826095581,58418,58429,11
12.7662296295,80.1827316284,58429,58440,11
12.7669401169,80.1829986572,58440,58450,10
12.7676496506,80.1832733154,58450,58460,10
12.7682695389,80.1835021973,58460,58470,10
12.7686395645,80.1837921143,58470,58480,10
12.7691802979,80.1842269897,58480,58510,30
12.7691802979,80.1842269897,58510,58520,10
12.7694396973,80.1843414307,58520,58530,10
12.7698202133,80.1845016479,58530,58541,11
12.7703800201,80.1846618652,58541,58551,10
12.7706804276,80.1847610474,58551,58561,10
12.7707500458,80.1849899292,58561,58571,10
12.770819664,80.1856002808,58571,58581,10
12.7708597183,80.1863479614,58581,58591,10
12.7709503174,80.1870422363,58591,58601,10
12.7709598541,80.1871414185,58601,58611,10
12.7709798813,80.1874694824,58611,58621,10
12.7710695267,80.1881408691,58621,58630,9
12.7713499069,80.1887512207,58630,58641,11
12.7723302841,80.1890869141,58641,58652,11
12.7735004425,80.1895675659,58652,58662,10
12.7744102478,80.1902236938,58662,58672,10
12.7750902176,80.1910171509,58672,58682,10
12.7753295898,80.1919784546,58682,58692,10
12.7751998901,80.1928100586,58692,58702,10
12.7747497559,80.1935119629,58702,58712,10
12.7746496201,80.1938171387,58712,58721,9
12.7746095657,80.1939620972,58721,58732,11
12.774479866,80.1946029663,58732,58742,10
12.7742996216,80.1954193115,58742,58752,10
12.7742700577,80.195930481,58752,58763,11
12.7742395401,80.1962432861,58763,58773,10
12.7742099762,80.1969299316,58773,58783,10
12.7741699219,80.1977920532,58783,58793,10
12.7741098404,80.1987915039,58793,58803,10
12.7740097046,80.1999130249,58803,58813,10
12.7739200592,80.2009277344,58813,58823,10
12.7738895416,80.2012176514,58823,58833,10
12.7738599777,80.2015762329,58833,58843,10
12.7738103867,80.2023010254,58843,58853,10
12.773639679,80.2032165527,58853,58863,10
12.7734804153,80.2042617798,58863,58874,11
12.7733097076,80.2054367065,58874,58884,10
12.7730503082,80.2064819336,58884,58894,10
12.7727603912,80.2074813843,58894,58904,10
12.772649765,80.2078399658,58904,58914,10
12.7725696564,80.208152771,58914,58924,10
12.7723999023,80.2088165283,58924,58934,10
12.7721204758,80.2096862793,58934,58944,10
12.7717504501,80.2104568481,58944,58954,10
12.7714700699,80.2109909058,58954,58964,10
12.7711296082,80.2117233276,58964,58973,9
12.7709798813,80.2125091553,58973,58985,12
12.7709302902,80.2131729126,58985,59005,20
12.7709302902,80.2131729126,59005,59015,10
12.7711200714,80.2132263184,59015,59025,10
12.7714004517,80.2133331299,59025,59035,10
12.7720003128,80.2135391235,59035,59045,10
12.7728204727,80.2138519287,59045,59055,10
12.7738199234,80.2142410278,59055,59065,10
12.7749204636,80.2146835327,59065,59075,10
12.776049614,80.2151412964,59075,59086,11
12.7772397995,80.2156295776,59086,59096,10
12.7783002853,80.2160720825,59096,59106,10
12.7792396545,80.2165679932,59106,59116,10
12.7801704407,80.2170715332,59116,59126,10
12.7811698914,80.2176132202,59126,59136,10
12.7821798325,80.2181777954,59136,59146,10
12.7831001282,80.2186889648,59146,59156,10
12.7835102081,80.2189025879,59156,59166,10
12.7836103439,80.218963623,59166,59186,20
12.7837200165,80.2190322876,59186,59237,51
12.7837200165,80.2190322876,59237,59247,10
12.7838897705,80.2191467285,59247,59257,10
12.7839803696,80.2192001343,59257,59266,9
12.7840795517,80.2192611694,59266,59277,11
12.7845001221,80.2194900513,59277,59318,41
12.7846899033,80.2196121216,59318,59419,101
12.7846899033,80.2196121216,59419,59429,10
12.7848701477,80.2197113037,59429,59439,10
12.7851896286,80.219871521,59439,59459,20
12.7851896286,80.219871521,59459,59469,10
12.7852897644,80.2199325562,59469,59479,10
12.7854700089,80.2200088501,59479,59489,10
12.7856397629,80.2200927734,59489,59499,10
12.7857999802,80.220161438,59499,59530,31
12.7857999802,80.220161438,59530,59540,10
12.7860002518,80.2202529907,59540,59550,10
12.7860202789,80.2202606201,59550,59560,10
12.786239624,80.2203598022,59560,59570,10
12.7867898941,80.2205505371,59570,59600,30
12.7867898941,80.2205505371,59600,59610,10
12.7870903015,80.2206878662,59610,59620,10
12.7876701355,80.2209014893,59620,59631,11
12.7884597778,80.221206665,59631,59641,10
12.7892398834,80.221496582,59641,59651,10
12.7894802094,80.221572876,59651,59661,10
12.7896003723,80.2216033936,59661,59671,10
12.7897796631,80.2216796875,59671,59681,10
12.7902097702,80.2217788696,59681,59691,10
12.7909202576,80.2219924927,59691,59701,10
12.7919101715,80.2222366333,59701,59711,10
12.7932100296,80.2224884033,59711,59721,10
12.7946100235,80.2227020264,59721,59731,10
12.7963600159,80.2229614258,59731,59762,31
12.7963600159,80.2229614258,59762,59772,10
12.7963895798,80.2229614258,59772,59782,10
12.7968101501,80.2230606079,59782,59792,10
12.7974996567,80.2232131958,59792,59802,10
12.7983102798,80.2233123779,59802,59812,10
12.799249649,80.2233963013,59812,59822,10
12.8003902435,80.2235107422,59822,59832,10
12.801440239,80.2236022949,59832,59843,11
12.8025398254,80.2237167358,59843,59853,10
12.803560257,80.2238616943,59853,59863,10
12.8044996262,80.2239227295,59863,59873,10
12.8051900864,80.224029541,59873,59883,10
12.8055696487,80.2241668701,59883,59893,10
12.8055801392,80.2241821289,59893,59903,10
12.8058395386,80.2243728638,59903,59913,10
12.8063097,80.2247695923,59913,59923,10
12.8069095612,80.2253112793,59923,59933,10
12.8077201843,80.226020813,59933,59943,10
12.8086795807,80.2268218994,59943,59954,11
12.8098897934,80.2276229858,59954,59964,10
12.8110704422,80.2281036377,59964,59974,10
12.8123197556,80.2285614014,59974,59984,10
12.8135595322,80.2289810181,59984,59994,10
12.8145799637,80.2292404175,59994,60004,10
12.8156900406,80.2293930054,60004,60014,10
12.8169698715,80.2296066284,60014,60024,10
12.8182001114,80.2301330566,60024,60034,10
12.8193502426,80.2304992676,60034,60044,10
12.8205099106,80.2304534912,60044,60054,10
12.8215799332,80.23046875,60054,60065,11
12.8228302002,80.2307891846,60065,60075,10
12.8239898682,80.2311019897,60075,60085,10
12.8248195648,80.2313232422,60085,60095,10
12.8256998062,80.2313995361,60095,60105,10
12.826789856,80.2313079834,60105,60115,10
12.8276700974,80.2309799194,60115,60125,10
12.8283901215,80.2305526733,60125,60135,10
12.8291902542,80.2301483154,60135,60145,10
12.8297901154,80.2299118042,60145,60155,10
12.8304395676,80.2296676636,60155,60165,10
12.8309898376,80.2294464111,60165,60176,11
12.8310003281,80.2294464111,60176,60186,10
12.8311796188,80.2294006348,60186,60196,10
12.8315200806,80.2292633057,60196,60206,10
12.8318996429,80.2291412354,60206,60216,10
12.8325500488,80.2289962769,60216,60226,10
12.8334903717,80.2288513184,60226,60236,10
12.8346595764,80.2286376953,60236,60246,10
12.8359603882,80.2284622192,60246,60256,10
12.8373298645,80.2282485962,60256,60266,10
12.8385095596,80.2279968262,60266,60277,11
12.8392601013,80.2278289795,60277,60327,50
12.8392601013,80.2278289795,60327,60337,10
12.8396196365,80.2277069092,60337,60347,10
12.840180397,80.2275619507,60347,60357,10
12.840959549,80.2273406982,60357,60367,10
12.8419303894,80.2270812988,60367,60377,10
12.8430700302,80.226852417,60377,60388,11
12.8443698883,80.2266998291,60388,60398,10
12.8452100754,80.2266082764,60398,60408,10
12.8453798294,80.2265701294,60408,60418,10
12.8454704285,80.2265930176,60418,60428,10
12.8458995819,80.2265777588,60428,60438,10
12.8466701508,80.2265625,60438,60448,10
12.8476600647,80.2265625,60448,60458,10
12.848739624,80.2265701294,60458,60468,10
12.8499803543,80.2265396118,60468,60488,20
12.8499803543,80.2265396118,60488,60499,11
12.8502502441,80.2265472412,60499,60509,10
12.8508701324,80.2265625,60509,60519,10
12.8516798019,80.2266235352,60519,60529,10
12.8526601791,80.2266693115,60529,60539,10
12.8537998199,80.2266311646,60539,60549,10
12.8550901413,80.2264862061,60549,60559,10
12.8564395905,80.2263793945,60559,60569,10
12.8576002121,80.2262496948,60569,60579,10
12.8583297729,80.2262191772,60579,60589,10
12.8590202332,80.226272583,60589,60599,10
12.8599300385,80.2264022827,60599,60610,11
12.8607501984,80.2265090942,60610,60620,10
12.8608503342,80.2265396118,60620,60630,10
12.8611602783,80.2265396118,60630,60640,10
12.8619098663,80.2265396118,60640,60650,10
12.862859726,80.2264862061,60650,60660,10
12.8640003204,80.2265014648,60660,60670,10
12.8651800156,80.2265472412,60670,60680,10
12.8664197922,80.2265167236,60680,60690,10
12.8676795959,80.2264022827,60690,60700,10
12.8689804077,80.2263870239,60700,60711,11
12.8703899384,80.2265472412,60711,60721,10
12.8715696335,80.2266235352,60721,60731,10
12.8729000092,80.2266235352,60731,60751,20
12.8729000092,80.2266235352,60751,60761,10
12.8730897903,80.2266311646,60761,60771,10
12.8736801147,80.2266693115,60771,60781,10
12.8745098114,80.2267684937,60781,60791,10
12.8755598068,80.2268981934,60791,60801,10
12.8764801025,80.2269134521,60801,60810,9
12.876709938,80.2268829346,60810,60822,12
12.8769102097,80.226852417,60822,60832,10
12.8774995804,80.2268218994,60832,60842,10
12.8783798218,80.2267837524,60842,60852,10
12.8795003891,80.2267227173,60852,60862,10
12.88078022,80.2266998291,60862,60872,10
12.8821601868,80.2266921997,60872,60882,10
12.8835897446,80.2266693115,60882,60892,10
12.8848104477,80.2266387939,60892,60902,10
12.8851804733,80.2266387939,60902,60912,10
12.8853197098,80.2266616821,60912,60922,10
12.8858499527,80.2267837524,60922,60933,11
12.8867101669,80.2270202637,60933,60943,10
12.887720108,80.2272186279,60943,60953,10
12.888879776,80.2273101807,60953,60963,10
12.8899898529,80.2273178101,60963,60973,10
12.8911800385,80.2273330688,60973,60983,10
12.8923902512,80.2273635864,60983,60993,10
12.8935003281,80.2275009155,60993,61003,10
12.8945302963,80.2276000977,61003,61013,10
12.8955898285,80.2276535034,61013,61023,10
12.8967599869,80.2276992798,61023,61034,11
12.8980798721,80.2277679443,61034,61044,10
12.8991804123,80.2278289795,61044,61054,10
12.9000101089,80.2278518677,61054,61064,10
12.9002799988,80.2278213501,61064,61094,30
12.9002799988,80.2278213501,61094,61104,10
12.9006004333,80.2278289795,61104,61114,10
12.9010000229,80.2278823853,61114,61124,10
12.9016199112,80.2279510498,61124,61134,10
12.9023799896,80.2279663086,61134,61145,11
12.9025402069,80.2279815674,61145,61155,10
12.9028701782,80.228012085,61155,61165,10
12.9035596848,80.2280502319,61165,61175,10
12.9044303894,80.2281112671,61175,61185,10
12.90528965,80.2281417847,61185,61195,10
12.9061403275,80.2281494141,61195,61215,20
12.9061403275,80.2281494141,61215,61225,10
12.9062900543,80.2281723022,61225,61235,10
12.9067201614,80.228187561,61235,61245,10
12.9070100784,80.2282180786,61245,61256,11
12.9073295593,80.2282485962,61256,61266,10
12.9079399109,80.2283477783,61266,61276,10
12.9088096619,80.2285079956,61276,61286,10
12.9098100662,80.2286911011,61286,61296,10
12.9108800888,80.2288589478,61296,61306,10
12.9120197296,80.2290267944,61306,61316,10
12.9131498337,80.2291793823,61316,61326,10
12.9139404297,80.2292785645,61326,61367,41
12.9139404297,80.2292785645,61367,61377,10
12.914270401,80.2293319702,61377,61387,10
12.9147996902,80.2294082642,61387,61397,10
12.9156398773,80.2295608521,61397,61407,10
12.9167404175,80.2296829224,61407,61417,10
12.9178800583,80.229850769,61417,61427,10
12.9190101624,80.2299804688,61427,61437,10
12.9201803207,80.2301483154,61437,61447,10
12.9213399887,80.2303009033,61447,61456,9
12.9223899841,80.2304534912,61456,61468,12
12.9238004684,80.2306594849,61468,61478,10
12.9249601364,80.230796814,61478,61488,10
12.9259901047,80.2308883667,61488,61498,10
12.9262895584,80.2309188843,61498,61508,10
12.9263401031,80.2309188843,61508,61518,10
12.9267997742,80.2309799194,61518,61528,10
12.9275398254,80.2310714722,61528,61537,9
12.9283304214,80.2311782837,61537,61548,11
12.929400444,80.2313766479,61548,61558,10
12.9304504395,80.2316589355,61558,61568,10
12.9316101074,80.2320175171,61568,61579,11
12.9328298569,80.232421875,61579,61589,10
12.9335403442,80.2326965332,61589,61599,10
12.9336004257,80.2327270508,61599,61609,10
12.9336395264,80.2327575684,61609,61619,10
12.9338903427,80.2328720093,61619,61629,10
12.9345598221,80.2331771851,61629,61639,10
12.9353704453,80.2335586548,61639,61649,10
12.936249733,80.2339935303,61649,61659,10
12.9370203018,80.2343826294,61659,61669,10
12.9378995895,80.2347793579,61669,61680,11
12.9390201569,80.2353286743,61680,61690,10
12.9395503998,80.2356033325,61690,61700,10
12.9396095276,80.2356567383,61700,61710,10
12.9399299622,80.235786438,61710,61720,10
12.9407100677,80.2360229492,61720,61730,10
12.9416799545,80.2362594604,61730,61740,10
12.9427995682,80.236656189,61740,61749,9
12.9436101913,80.2373199463,61749,61760,11
12.9444799423,80.2382888794,61760,61770,10
12.9452695847,80.2390975952,61770,61780,10
12.9462003708,80.2395935059,61780,61791,11
12.946849823,80.2398223877,61791,61801,10
12.9472503662,80.2399978638,61801,61811,10
12.9473104477,80.240020752,61811,61821,10
12.9475097656,80.2401199341,61821,61831,10
12.9480800629,80.2403488159,61831,61841,10
12.9488801956,80.2406921387,61841,61891,50
12.9488801956,80.2406921387,61891,61902,11
12.948969841,80.2406997681,61902,61912,10
12.9494104385,80.240852356,61912,61922,10
12.9501399994,80.2410583496,61922,61932,10
12.9508800507,80.2412796021,61932,61942,10
12.9511203766,80.2413635254,61942,61952,10
12.9512701035,80.2414169312,61952,61962,10
12.951789856,80.241607666,61962,61972,10
12.952460289,80.241859436,61972,61982,10
12.9533195496,80.2422180176,61982,61991,9
12.9541196823,80.2425384521,61991,62002,11
12.9549703598,80.2428665161,62002,62013,11
12.9557600021,80.2431564331,62013,62023,10
12.9561195374,80.2432785034,62023,62083,60
12.9561195374,80.2432785034,62083,62093,10
12.9565000534,80.2434616089,62093,62103,10
12.9570999146,80.2437362671,62103,62114,11
12.9580001831,80.2441177368,62114,62124,10
12.9587402344,80.2444381714,62124,62134,10
12.9594097137,80.2447509766,62134,62144,10
12.9602403641,80.2451095581,62144,62154,10
12.9612798691,80.2455825806,62154,62164,10
12.9624004364,80.246131897,62164,62174,10
12.9632701874,80.2465591431,62174,62214,40
12.9632701874,80.2465591431,62214,62225,11
12.9633598328,80.2466125488,62225,62235,10
12.9636096954,80.2467498779,62235,62245,10
12.9641704559,80.246963501,62245,62255,10
12.9649600983,80.247253418,62255,62265,10
12.9658699036,80.2475814819,62265,62275,10
12.9665699005,80.2478485107,62275,62285,10
12.9666204453,80.2478713989,62285,62294,9
12.9668197632,80.2479782104,62294,62305,11
12.96737957,80.2482528687,62305,62315,10
12.9682397842,80.248626709,62315,62325,10
12.9692001343,80.2490234375,62325,62336,11
12.970290184,80.2494735718,62336,62346,10
12.9712696075,80.249786377,62346,62356,10
12.9723596573,80.2500610352,62356,62366,10
12.9733800888,80.250328064,62366,62376,10
12.9740800858,80.250541687,62376,62386,10
12.9748601913,80.2507171631,62386,62396,10
12.9757204056,80.2509384155,62396,62406,10
12.9762201309,80.2510223389,62406,62416,10
12.9767599106,80.2511672974,62416,62426,10
12.9773101807,80.251373291,62426,62437,11
12.9776802063,80.2516326904,62437,62517,80
12.9776802063,80.2516326904,62517,62527,10
12.977809906,80.2517623901,62527,62537,10
12.9779500961,80.2518768311,62537,62548,11
12.9783802032,80.2522125244,62548,62588,40
12.9783802032,80.2522125244,62588,62598,10
12.9787397385,80.2524108887,62598,62608,10
12.9791002274,80.2525100708,62608,62618,10
12.9793100357,80.2525482178,62618,62628,10
12.9795503616,80.2526016235,62628,62649,21
12.9797296524,80.2526626587,62649,62709,60
12.9797296524,80.2526626587,62709,62719,10
12.9799404144,80.2526702881,62719,62729,10
12.9805402756,80.2526779175,62729,62739,10
12.9813098907,80.2526626587,62739,62749,10
12.9816303253,80.2526473999,62749,62760,11
12.9819498062,80.2526397705,62760,62770,10
12.9821901321,80.2526168823,62770,62780,10
12.9825000763,80.2526016235,62780,62790,10
12.9827899933,80.2525787354,62790,62800,10
12.9830598831,80.2525634766,62800,62820,20
12.9830598831,80.2525634766,62820,62830,10
12.9832601547,80.2525405884,62830,62840,10
12.9834299088,80.2525024414,62840,62850,10
12.9835996628,80.252456665,62850,62961,111
12.9835996628,80.252456665,62961,62971,10
12.9839401245,80.2524032593,62971,62982,11
12.9842195511,80.2523269653,62982,62992,10
12.9843902588,80.252281189,62992,63002,10
12.9845895767,80.2522201538,63002,63012,10
12.9848098755,80.2521514893,63012,63022,10
12.9849395752,80.2521209717,63022,63032,10
12.9850301743,80.2521133423,63032,63042,10
12.9853200912,80.2520217896,63042,63052,10
12.9857997894,80.2518615723,63052,63163,111
12.9857997894,80.2518615723,63163,63173,10
12.9860801697,80.2517471313,63173,63183,10
12.9866399765,80.2516174316,63183,63194,11
12.9871101379,80.2514877319,63194,63204,10
12.9874696732,80.2513885498,63204,63214,10
12.9878196716,80.2514419556,63214,63224,10
12.9879798889,80.251953125,63224,63234,10
12.9879798889,80.2524185181,63234,63244,10
12.9879102707,80.2530822754,63244,63254,10
12.9878902435,80.2538223267,63254,63284,30
12.9878997803,80.2539901733,63284,63305,21
12.9878997803,80.2539901733,63305,63315,10
12.9878501892,80.2543411255,63315,63325,10
12.9878196716,80.2547531128,63325,63335,10
12.9877901077,80.2550964355,63335,63345,10
12.987739563,80.2554931641,63345,63355,10
12.9878702164,80.2557983398,63355,63365,10
12.9883804321,80.2558670044,63365,63375,10
12.9890699387,80.2559432983,63375,63385,10
12.9897603989,80.2560119629,63385,63395,10
12.9903402328,80.2560272217,63395,63405,10
12.9908304214,80.2560272217,63405,63416,11
12.9915399551,80.2560806274,63416,63426,10
12.9923496246,80.2561035156,63426,63436,10
12.9933204651,80.2560577393,63436,63446,10
12.9941196442,80.2560119629,63446,63456,10
12.9944896698,80.2559432983,63456,63466,10
12.995010376,80.2558822632,63466,63476,10
12.9955101013,80.2558822632,63476,63517,41
12.9955101013,80.2558822632,63517,63527,10
12.9959402084,80.2559280396,63527,63537,10
12.9964799881,80.2558898926,63537,63547,10
12.9968004227,80.2558822632,63547,63557,10
12.9972295761,80.2558822632,63557,63567,10
12.9978599548,80.2559280396,63567,63577,10
12.9983701706,80.2559814453,63577,63587,10
12.9983997345,80.2559967041,63587,63597,10
12.9987001419,80.2560882568,63597,63607,10
12.9990701675,80.2561416626,63607,63617,10
12.9995803833,80.2562103271,63617,63628,11
12.9998598099,80.2562713623,63628,63638,10
13.0003595352,80.2563476563,63638,63648,10
13.0010404587,80.256439209,63648,63658,10
13.0014696121,80.2565307617,63658,63668,10
13.0019798279,80.2566223145,63668,63678,10
13.0024003983,80.2566833496,63678,63688,10
13.0028400421,80.2567596436,63688,63698,10
13.0032997131,80.2568511963,63698,63708,10
13.0038204193,80.2569580078,63708,63718,10
13.0041904449,80.2570266724,63718,63729,11
13.0049600601,80.2571563721,63729,63809,80
13.0049600601,80.2571563721,63809,63819,10
13.0052700043,80.2572631836,63819,63829,10
13.0054702759,80.2572937012,63829,63840,11
13.0058803558,80.2573394775,63840,63850,10
13.0064001083,80.2574005127,63850,63860,10
13.0064697266,80.2567367554,63860,63870,10
13.006480217,80.2556915283,63870,63880,10
13.0065097809,80.2547912598,63880,63890,10
13.006480217,80.2538223267,63890,63900,10
13.0064897537,80.253112793,63900,63910,10
13.0065402985,80.2526168823,63910,63920,10
13.0067100525,80.2527389526,63920,63930,10
13.0066995621,80.2527389526,63930,63940,10
13.006649971,80.2529525757,63940,63951,11
13.0065898895,80.2533493042,63951,64506,555
13.0065898895,80.2533493042,64506,64516,10
13.0066003799,80.2535705566,64516,64526,10
13.0066003799,80.2540130615,64526,64536,10
13.0065803528,80.2544021606,64536,64546,10
13.0065803528,80.2547912598,64546,64556,10
13.0065803528,80.2549133301,64556,64566,10
13.0065803528,80.2554626465,64566,64576,10
13.0065698624,80.2562866211,64576,64586,10
13.0066003799,80.2572402954,64586,64637,51
13.0066003799,80.2572402954,64637,64647,10
13.0066299438,80.2574386597,64647,64657,10
13.0062999725,80.2576065063,64657,64667,10
13.00578022,80.2574310303,64667,64677,10
13.005279541,80.2572631836,64677,64687,10
13.004699707,80.2571334839,64687,64697,10
13.004119873,80.2569885254,64697,64708,11
13.0032196045,80.2568206787,64708,64718,10
13.0024204254,80.2566680908,64718,64728,10
13.001830101,80.2565765381,64728,64768,40
13.0016403198,80.2564926147,64768,64798,30
13.0016403198,80.2564926147,64798,64808,10
13.0015897751,80.2565231323,64808,64819,11
13.0011301041,80.2564620972,64819,64829,10
13.0004997253,80.2563476563,64829,64839,10
12.9998397827,80.2562332153,64839,64849,10
12.9990596771,80.256072998,64849,64859,10
12.9984703064,80.2559890747,64859,64889,30
12.9984703064,80.2559890747,64889,64899,10
12.9982004166,80.2559509277,64899,64909,10
12.9979295731,80.2559204102,64909,64920,11
12.9977798462,80.2559127808,64920,64930,10
12.9973201752,80.2559127808,64930,64940,10
12.9968595505,80.2558517456,64940,64950,10
12.9961395264,80.2558288574,64950,64960,10
12.9954795837,80.2558288574,64960,64970,10
12.9948396683,80.255859375,64970,64980,10
12.9944200516,80.2558822632,64980,64989,9
12.9940795898,80.2559280396,64989,65000,11
12.9932603836,80.2559890747,65000,65010,10
12.9923295975,80.2560272217,65010,65020,10
12.9914999008,80.2559967041,65020,65031,11
12.9911298752,80.2559967041,65031,65041,10
12.9906997681,80.2559661865,65041,65051,10
12.9903001785,80.2559585571,65051,65061,10
12.9898004532,80.2559661865,65061,65071,10
12.9893198013,80.2559432983,65071,65081,10
12.9884595871,80.2558822632,65081,65101,20
12.9881401062,80.255821228,65101,65132,31
12.9881401062,80.255821228,65132,65142,10
12.9877700806,80.2557907104,65142,65243,101
12.9877700806,80.2557907104,65243,65253,10
12.9874897003,80.2556915283,65253,65263,10
12.9871397018,80.2556228638,65263,65273,10
12.9866104126,80.255531311,65273,65283,10
12.9861698151,80.2554397583,65283,65293,10
12.9861297607,80.2554397583,65293,65303,10
12.9860200882,80.2554321289,65303,65313,10
12.9856796265,80.2553787231,65313,65323,10
12.985039711,80.2552108765,65323,65333,10
12.9843101501,80.255027771,65333,65343,10
12.9836101532,80.2548522949,65343,65354,11
12.9832296371,80.254737854,65354,65364,10
12.9826698303,80.2545623779,65364,65374,10
12.9820299149,80.2540206909,65374,65384,10
12.9817800522,80.2531890869,65384,65394,10
12.981089592,80.2527389526,65394,65404,10
12.9801702499,80.2527389526,65404,65414,10
12.9795999527,80.2526702881,65414,65424,10
12.9788799286,80.2525787354,65424,65434,10
12.9786396027,80.2525405884,65434,65444,10
12.9785604477,80.2525024414,65444,65454,10
12.9781398773,80.2522201538,65454,65465,11
12.9774198532,80.2515869141,65465,65475,10
12.9764003754,80.2511672974,65475,65485,10
12.9751596451,80.2507781982,65485,65495,10
12.9738397598,80.2503967285,65495,65505,10
12.9724397659,80.250038147,65505,65515,10
12.9709997177,80.249671936,65515,65525,10
12.9695796967,80.249130249,65525,65535,10
12.9682703018,80.248626709,65535,65545,10
12.9670801163,80.2481307983,65545,65554,9
12.9663496017,80.2477798462,65554,65566,12
12.9651603699,80.2473373413,65566,65586,20
12.9651603699,80.2473373413,65586,65596,10
12.9647903442,80.2472076416,65596,65606,10
12.9641895294,80.2470016479,65606,65616,10
12.9633598328,80.2466430664,65616,65626,10
12.9623403549,80.2461471558,65626,65636,10
12.9612503052,80.2456207275,65636,65646,10
12.9602499008,80.2451629639,65646,65656,10
12.9595003128,80.2448272705,65656,65666,10
12.9592599869,80.2447280884,65666,65677,11
12.959230423,80.244720459,65677,65687,10
12.9588499069,80.2445297241,65687,65697,10
12.9581899643,80.2442474365,65697,65707,10
12.9575099945,80.2439804077,65707,65717,10
12.9567298889,80.2436904907,65717,65727,10
12.9562501907,80.2435302734,65727,65737,10
12.9555597305,80.2432022095,65737,65746,9
12.9547796249,80.2428436279,65746,65757,11
12.953789711,80.2424163818,65757,65767,10
12.9528799057,80.2420501709,65767,65778,11
12.9519701004,80.2417221069,65778,65788,10
12.9516296387,80.2416229248,65788,65798,10
12.951499939,80.241569519,65798,65808,10
12.9510002136,80.2413864136,65808,65818,10
12.9502096176,80.2411499023,65818,65828,10
12.9494104385,80.2409133911,65828,65838,10
12.9485502243,80.2405776978,65838,65848,10
12.9472398758,80.2400436401,65848,65868,20
12.9472398758,80.2400436401,65868,65878,10
12.9469003677,80.2398529053,65878,65889,11
12.9461402893,80.2395324707,65889,65899,10
12.9452800751,80.2390975952,65899,65909,10
12.9444503784,80.2382888794,65909,65919,10
12.9436197281,80.2373809814,65919,65929,10
12.9426298141,80.2365722656,65929,65939,10
12.9413795471,80.2361831665,65939,65949,10
12.9403495789,80.2359085083,65949,65959,10
12.9398498535,80.2357711792,65959,65979,20
12.9398498535,80.2357711792,65979,65989,10
12.9396400452,80.2356567383,65989,66000,11
12.9389600754,80.2353210449,66000,66010,10
12.9381504059,80.234916687,66010,66020,10
12.9371404648,80.2344284058,66020,66030,10
12.9361000061,80.2339401245,66030,66040,10
12.9351902008,80.2335205078,66040,66050,10
12.9340000153,80.2330093384,66050,66070,20
12.9340000153,80.2330093384,66070,66080,10
12.9338998795,80.2329406738,66080,66089,9
12.933549881,80.2327804565,66089,66101,12
12.9327001572,80.2324066162,66101,66111,10
12.9317502975,80.2320709229,66111,66121,10
12.9305896759,80.2316970825,66121,66131,10
12.9295501709,80.2314300537,66131,66141,10
12.9290103912,80.231300354,66141,66151,10
12.9289102554,80.2312774658,66151,66161,10
12.9285001755,80.2312088013,66161,66171,10
12.9277200699,80.2311172485,66171,66181,10
12.9267396927,80.231010437,66181,66191,10
12.9261302948,80.2309570313,66191,66201,10
12.9261198044,80.2309494019,66201,66212,11
12.9258098602,80.2309188843,66212,66222,10
12.9252099991,80.2308502197,66222,66232,10
12.9243497849,80.2307434082,66232,66242,10
12.9232997894,80.2305984497,66242,66252,10
12.9220695496,80.2303771973,66252,66262,10
12.9206895828,80.2301864624,66262,66272,10
12.9192695618,80.2300186157,66272,66282,10
12.9179897308,80.2298583984,66282,66292,10
12.9168796539,80.2297286987,66292,66302,10
12.9158697128,80.2295608521,66302,66312,10
12.9146795273,80.2293777466,66312,66323,11
12.9135103226,80.2292633057,66323,66343,20
12.9135103226,80.2292633057,66343,66353,10
12.9132995605,80.2292098999,66353,66363,10
12.9126996994,80.2291107178,66363,66373,10
12.9118099213,80.2289886475,66373,66383,10
12.9106798172,80.228843689,66383,66393,10
12.9094104767,80.2286376953,66393,66403,10
12.9081602097,80.2284469604,66403,66413,10
12.9071702957,80.2283172607,66413,66454,41
12.9071702957,80.2283172607,66454,66464,10
12.9071302414,80.2283477783,66464,66474,10
12.9067897797,80.228302002,66474,66484,10
12.9063100815,80.2282333374,66484,66494,10
12.9061498642,80.2282028198,66494,66504,10
12.9056196213,80.2281723022,66504,66514,10
12.9047803879,80.2281265259,66514,66524,10
12.9037904739,80.2280731201,66524,66535,11
12.9026699066,80.2280197144,66535,66545,10
12.9015903473,80.2279815674,66545,66575,30
12.9015903473,80.2279815674,66575,66585,10
12.9014997482,80.2279663086,66585,66595,10
12.9010801315,80.2279815674,66595,66605,10
12.9006900787,80.2279129028,66605,66615,10
12.9003295898,80.2278823853,66615,66625,10
12.8997497559,80.2278594971,66625,66635,10
12.8993902206,80.2278518677,66635,66646,11
12.8993501663,80.2278366089,66646,66656,10
12.8989200592,80.2277984619,66656,66666,10
12.8982095718,80.2277526855,66666,66676,10
12.8973197937,80.2276992798,66676,66686,10
12.8962202072,80.2276382446,66686,66696,10
12.8951196671,80.2276000977,66696,66706,10
12.893989563,80.2275390625,66706,66716,10
12.8931598663,80.2274627686,66716,66726,10
12.8927001953,80.2274017334,66726,66736,10
12.8922300339,80.2273635864,66736,66747,11
12.8913803101,80.2273178101,66747,66757,10
12.8903799057,80.2273178101,66757,66767,10
12.8893203735,80.2273101807,66767,66777,10
12.8883600235,80.2273025513,66777,66787,10
12.8873701096,80.2271881104,66787,66797,10
12.8862895966,80.2269668579,66797,66807,10
12.8853397369,80.2267379761,66807,66817,10
12.8849000931,80.2266998291,66817,66827,10
12.8848896027,80.2266998291,66827,66837,10
12.8847799301,80.2266769409,66837,66847,10
12.8842697144,80.2266769409,66847,66858,11
12.8833703995,80.2266693115,66858,66868,10
12.8823099136,80.2266769409,66868,66878,10
12.8810596466,80.2266769409,66878,66888,10
12.879699707,80.2266921997,66888,66898,10
12.8783998489,80.2267532349,66898,66908,10
12.8772602081,80.2268600464,66908,66918,10
12.8764896393,80.2269287109,66918,66928,10
12.8762702942,80.2269363403,66928,66938,10
12.8760900497,80.2269363403,66938,66947,9
12.875579834,80.2269210815,66947,66959,12
12.8745698929,80.2268066406,66959,66969,10
12.873459816,80.2266769409,66969,66979,10
12.8727998734,80.2266769409,66979,66999,20
12.8727998734,80.2266769409,66999,67009,10
12.8726902008,80.2266693115,67009,67019,10
12.8722000122,80.2266616821,67019,67028,9
12.8714704514,80.2266311646,67028,67039,11
12.8703203201,80.2265472412,67039,67049,10
12.869099617,80.2264175415,67049,67059,10
12.8677501678,80.2263793945,67059,67070,11
12.8662004471,80.2265014648,67070,67080,10
12.864780426,80.2265090942,67080,67090,10
12.8633203506,80.2264480591,67090,67100,10
12.8618803024,80.2265090942,67100,67110,10
12.8608503342,80.2265625,67110,67120,10
12.8607597351,80.2265472412,67120,67130,10
12.8604001999,80.2265014648,67130,67140,10
12.8596401215,80.2263793945,67140,67150,10
12.8586196899,80.2262268066,67150,67160,10
12.8573999405,80.2261886597,67160,67171,11
12.8559398651,80.2263336182,67171,67181,10
12.8545198441,80.2264785767,67181,67191,10
12.8530397415,80.2266235352,67191,67201,10
12.8515195847,80.2265625,67201,67211,10
12.8499698639,80.2265167236,67211,67221,10
12.8484802246,80.2265167236,67221,67231,10
12.8471403122,80.2265396118,67231,67241,10
12.8460998535,80.2265625,67241,67251,10
12.8455200195,80.2265701294,67251,67261,10
12.8454904556,80.2265701294,67261,67271,10
12.8453302383,80.2265396118,67271,67282,11
12.8446702957,80.2265777588,67282,67292,10
12.8437995911,80.2266082764,67292,67302,10
12.8426504135,80.2268218994,67302,67312,10
12.8413696289,80.2271194458,67312,67322,10
12.8403100967,80.2274398804,67322,67332,10
12.8397302628,80.2275924683,67332,67352,20
12.8397302628,80.2275924683,67352,67362,10
12.8395500183,80.2276535034,67362,67372,10
12.8389596939,80.2278289795,67372,67382,10
12.8381204605,80.2280578613,67382,67393,11
12.8368797302,80.2282562256,67393,67403,10
12.8355703354,80.2284317017,67403,67413,10
12.8343601227,80.2285995483,67413,67423,10
12.8334503174,80.228767395,67423,67433,10
12.8326702118,80.2289276123,67433,67443,10
12.8321895599,80.2290496826,67443,67463,20
12.8321895599,80.2290496826,67463,67473,10
12.8318500519,80.2291412354,67473,67494,21
12.8318500519,80.2291412354,67494,67504,10
12.8316602707,80.2291717529,67504,67514,10
12.8312597275,80.2292785645,67514,67524,10
12.8311004639,80.2293319702,67524,67534,10
12.8306703568,80.2294769287,67534,67544,10
12.8299999237,80.2297286987,67544,67554,10
12.8291902542,80.2300415039,67554,67564,10
12.8283500671,80.23046875,67564,67574,10
12.827580452,80.2309112549,67574,67584,10
12.8268299103,80.2312088013,67584,67594,10
12.8260297775,80.231300354,67594,67605,11
12.8251495361,80.231338501,67605,67615,10
12.824379921,80.2312469482,67615,67625,10
12.8236198425,80.231048584,67625,67635,10
12.8229103088,80.2308731079,67635,67645,10
12.8226299286,80.2307815552,67645,67655,10
12.8224802017,80.2307281494,67655,67665,10
12.8224401474,80.23072052,67665,67675,10
12.8221702576,80.2306365967,67675,67685,10
12.8219804764,80.2305831909,67685,67736,51
12.8219804764,80.2305831909,67736,67746,10
12.8216295242,80.2304763794,67746,67756,10
12.8215799332,80.23046875,67756,67766,10
12.8212003708,80.230430603,67766,67776,10
12.8204803467,80.2304077148,67776,67786,10
12.8196496964,80.2304534912,67786,67796,10
12.8190202713,80.23046875,67796,67806,10
12.8189401627,80.2304534912,67806,67817,11
12.8185501099,80.2303009033,67817,67827,10
12.8178796768,80.2299728394,67827,67837,10
12.8169498444,80.2295837402,67837,67847,10
12.815779686,80.229347229,67847,67857,10
12.8144798279,80.2291564941,67857,67867,10
12.8132801056,80.2288513184,67867,67877,10
12.8121404648,80.2284469604,67877,67887,10
12.8109302521,80.228012085,67887,67897,10
12.8097496033,80.2275085449,67897,67907,10
12.8087301254,80.2268829346,67907,67917,10
12.8077802658,80.2260818481,67917,67928,11
12.8069200516,80.2253494263,67928,67938,10
12.8065004349,80.2249526978,67938,67958,20
12.8055801392,80.2241592407,67958,67968,10
12.8054800034,80.2240982056,67968,67978,10
12.8053102493,80.224029541,67978,67988,10
12.8050403595,80.223991394,67988,67998,10
12.8050203323,80.2239837646,67998,68008,10
12.8049402237,80.2239685059,68008,68017,9
12.8045501709,80.2238922119,68017,68029,12
12.8036403656,80.2238235474,68029,68039,10
12.8026800156,80.2237091064,68039,68049,10
12.8015804291,80.2235794067,68049,68059,10
12.8005399704,80.2234802246,68059,68069,10
12.7993497849,80.2233810425,68069,68079,10
12.79804039,80.2231903076,68079,68089,10
12.7968502045,80.2230377197,68089,68099,10
12.7960195541,80.2229232788,68099,68109,10
12.7958297729,80.2228927612,68109,68119,10
12.7957201004,80.2228775024,68119,68129,10
12.7951898575,80.2227630615,68129,68140,11
12.7942800522,80.2226104736,68140,68150,10
12.7932300568,80.2224578857,68150,68160,10
12.792090416,80.2222518921,68160,68170,10
12.7910203934,80.2219772339,68170,68180,10
12.7900600433,80.2217407227,68180,68190,10
12.7895402908,80.2215881348,68190,68200,10
12.7891597748,80.2214508057,68200,68210,10
12.7886600494,80.2212600708,68210,68220,10
12.7880897522,80.221031189,68220,68230,10
12.7880096436,80.2210083008,68230,68241,11
12.7876501083,80.2208786011,68241,68261,20
12.7876501083,80.2208786011,68261,68271,10
12.7874898911,80.2208099365,68271,68281,10
12.7872400284,80.2207183838,68281,68352,71
12.7872400284,80.2207183838,68352,68362,10
12.7868795395,80.2205810547,68362,68372,10
12.7864999771,80.2204437256,68372,68382,10
12.7862195969,80.2203292847,68382,68392,10
12.7860498428,80.2202606201,68392,68402,10
12.7857704163,80.2201538086,68402,68412,10
12.7853097916,80.219909668,68412,68422,10
12.7846498489,80.2195968628,68422,68463,41
12.7846498489,80.2195968628,68463,68473,10
12.7843999863,80.2194290161,68473,68483,10
12.7838897705,80.2191390991,68483,68493,10
12.7832603455,80.2188034058,68493,68503,10
12.782699585,80.2184829712,68503,68513,10
12.7819900513,80.2180862427,68513,68523,10
12.7813100815,80.2177200317,68523,68533,10
12.7806301117,80.217338562,68533,68543,10
12.7799301147,80.2169723511,68543,68553,10
12.7792797089,80.2166213989,68553,68564,11
12.778550148,80.2162399292,68564,68574,10
12.7778596878,80.2159118652,68574,68584,10
12.777130127,80.2156066895,68584,68594,10
12.7764396667,80.2153396606,68594,68604,10
12.7757797241,80.215057373,68604,68614,10
12.7750997543,80.2147903442,68614,68624,10
12.7744503021,80.2145233154,68624,68634,10
12.7738895416,80.2143325806,68634,68644,10
12.7734003067,80.2141418457,68644,68654,10
12.772939682,80.2139587402,68654,68664,10
12.7725200653,80.2137908936,68664,68675,11
12.7719202042,80.2135696411,68675,68685,10
12.7713804245,80.2133483887,68685,68695,10
12.770819664,80.213142395,68695,68705,10
12.7707195282,80.2129211426,68705,68725,20
12.7707195282,80.2129211426,68725,68735,10
12.7708597183,80.2127609253,68735,68745,10
12.770939827,80.2123413086,68745,68755,10
12.771030426,80.2117614746,68755,68765,10
12.7713003159,80.2111282349,68765,68776,11
12.7716197968,80.2105102539,68776,68786,10
12.7718696594,80.210067749,68786,68796,10
12.7721204758,80.2095336914,68796,68806,10
12.7723503113,80.2087936401,68806,68816,10
12.7725801468,80.2079162598,68816,68826,10
12.7727603912,80.2072982788,68826,68836,10
12.772939682,80.2065811157,68836,68846,10
12.773059845,80.2062225342,68846,68856,10
12.7730903625,80.2060775757,68856,68866,10
12.7732000351,80.2055587769,68866,68876,10
12.773349762,80.2048187256,68876,68887,11
12.7734603882,80.2038421631,68887,68897,10
12.7736701965,80.2028884888,68897,68907,10
12.7737903595,80.2019271851,68907,68917,10
12.7738399506,80.201133728,68917,68927,10
12.7738704681,80.2009963989,68927,68937,10
12.773900032,80.200630188,68937,68947,10
12.7739601135,80.2000274658,68947,68957,10
12.774020195,80.1992874146,68957,68967,10
12.7741098404,80.1984481812,68967,68977,10
12.7741498947,80.1976623535,68977,68987,10
12.774189949,80.1968994141,68987,68998,11
12.7742204666,80.1960678101,68998,69008,10
12.7742795944,80.1952819824,69008,69018,10
12.7745103836,80.194152832,69018,69028,10
12.7745103836,80.194152832,69028,69038,10
12.7746095657,80.1937179565,69038,69046,8
12.7746400833,80.1936416626,69046,69066,20
12.7748403549,80.1930618286,69066,69076,10
12.775270462,80.1917724609,69076,69086,10
12.775270462,80.1917724609,69086,69097,11
12.7750301361,80.1908798218,69097,69105,8
12.7709999084,80.1879119873,69105,69155,50
12.7709999084,80.1879119873,69155,69175,20
12.7708501816,80.1867218018,69175,69185,10
12.7708396912,80.1865692139,69185,69195,10
12.7707595825,80.1859817505,69195,69206,11
12.7707300186,80.1850891113,69206,69216,10
12.7704601288,80.1845779419,69216,69226,10
12.769900322,80.1844406128,69226,69236,10
12.7691001892,80.1841201782,69236,69256,20
12.7690095901,80.1840515137,69256,69266,10
12.7690095901,80.1840515137,69266,69276,10
12.7687501907,80.1838226318,69276,69285,9
12.7684602737,80.1835403442,69285,69296,11
12.7648000717,80.1824264526,69296,69362,66
12.763420105,80.1826782227,69362,69392,30
12.763420105,80.1826782227,69392,69412,20
12.7631797791,80.1834182739,69412,69423,11
12.7631397247,80.1835098267,69423,69433,10
12.7630195618,80.1839065552,69433,69443,10
12.7630195618,80.1841964722,69443,69453,10
12.7630195618,80.1845474243,69453,69463,10
12.7629203796,80.1849517822,69463,69473,10
12.7625598907,80.1849594116,69473,69483,10
12.7621297836,80.1849365234,69483,69493,10
12.7617197037,80.1849212646,69493,69503,10
12.7614603043,80.184753418,69503,69513,10
12.7614603043,80.1848373413,69513,69845,332
12.7614603043,80.1848373413,69845,69857,12
12.7615203857,80.1847991943,69857,69867,10
12.7617301941,80.1848526001,69867,69877,10
12.7620000839,80.1848831177,69877,69887,10
12.7623300552,80.1848678589,69887,69897,10
12.7627000809,80.1849212646,69897,69907,10
12.7629804611,80.1847076416,69907,69917,10
12.763010025,80.1843338013,69917,69927,10
12.7629804611,80.1840133667,69927,69937,10
12.7630500793,80.1837310791,69937,69946,9
12.7631502151,80.1834182739,69946,69958,12
12.7632598877,80.1830215454,69958,69968,10
12.763299942,80.1828994751,69968,69978,10
12.7634000778,80.1825714111,69978,69988,10
12.7636098862,80.1823120117,69988,69998,10
12.7640800476,80.1823806763,69998,70008,10
12.7646398544,80.1824493408,70008,70018,10
12.7651901245,80.182510376,70018,70028,10
12.7657899857,80.1826019287,70028,70038,10
12.7663402557,80.1826782227,70038,70048,10
12.7669000626,80.1829071045,70048,70058,10
12.7674102783,80.1831130981,70058,70069,11
12.7679700851,80.1833114624,70069,70079,10
12.7684497833,80.1835632324,70079,70089,10
12.7687902451,80.183883667,70089,70099,10
12.7690401077,80.1840896606,70099,70109,10
12.7690496445,80.18409729,70109,70119,10
12.7691497803,80.184173584,70119,70129,10
12.7694797516,80.1843109131,70129,70139,10
12.769900322,80.1844711304,70139,70149,10
12.770359993,80.1845779419,70149,70159,10
12.770529747,80.1846389771,70159,70169,10
12.7709598541,80.1876525879,70169,70210,41
12.7709598541,80.1876525879,70210,70232,22
12.7716398239,80.1888427734,70232,70242,10
12.7722997665,80.1890869141,70242,70252,10
12.7729301453,80.1893692017,70252,70262,10
12.7736597061,80.1895980835,70262,70272,10
12.7742500305,80.1900787354,70272,70283,11
12.774769783,80.1906204224,70283,70293,10
12.7748203278,80.1906890869,70293,70303,10
12.7750597,80.1910629272,70303,70313,10
12.7752399445,80.1916503906,70313,70323,10
12.7753400803,80.1923294067,70323,70333,10
12.7750301361,80.1928863525,70333,70343,10
12.7746896744,80.1935424805,70343,70353,10
12.7745895386,80.1938400269,70353,70363,10
12.7744998932,80.1942672729,70363,70372,9
12.7743701935,80.1948928833,70372,70384,12
12.7742204666,80.1959228516,70384,70404,20
12.7742204666,80.1959228516,70404,70414,10
12.7741804123,80.1962966919,70414,70424,10
12.7741699219,80.1969528198,70424,70434,10
12.7741203308,80.1977233887,70434,70444,10
12.7741003036,80.1985092163,70444,70454,10
12.7740001678,80.1993789673,70454,70464,10
12.7739295959,80.2003097534,70464,70474,10
12.7738599777,80.2011413574,70474,70484,10
12.7737798691,80.2021026611,70484,70495,11
12.7735500336,80.2034225464,70495,70505,10
12.7734098434,80.204536438,70505,70515,10
12.7732496262,80.2055206299,70515,70525,10
12.7730197906,80.2064437866,70525,70535,10
12.7727403641,80.2074203491,70535,70545,10
12.772480011,80.2082901001,70545,70555,10
12.7722196579,80.2092285156,70555,70565,10
12.7718496323,80.2101669312,70565,70575,10
12.7713499069,80.2111434937,70575,70585,10
12.7710199356,80.2119979858,70585,70595,10
12.7707796097,80.2130813599,70595,70616,21
12.7707796097,80.2130813599,70616,70626,10
12.7710599899,80.2131729126,70626,70636,10
12.7716798782,80.2133789063,70636,70646,10
12.7725296021,80.2136993408,70646,70656,10
12.7736196518,80.2141265869,70656,70666,10
12.7748403549,80.2146224976,70666,70676,10
12.7761697769,80.2151489258,70676,70686,10
12.7772197723,80.2155685425,70686,70695,9
12.7781600952,80.2159423828,70695,70707,12
12.7795696259,80.2166900635,70707,70717,10
12.7808303833,80.2173995972,70717,70727,10
12.7820396423,80.2180633545,70727,70737,10
12.7831602097,80.2186813354,70737,70747,10
12.7840900421,80.2192077637,70747,70757,10
12.7847099304,80.2195587158,70757,70767,10
12.7850198746,80.2197189331,70767,70807,40
12.7850704193,80.2197418213,70807,70919,112
12.7850704193,80.2197418213,70919,70929,10
12.7854204178,80.2199401855,70929,70979,50
12.7857704163,80.2201309204,70979,71050,71
12.7857704163,80.2201309204,71050,71060,10
12.7865400314,80.2204208374,71060,71080,20
12.7865400314,80.2204208374,71080,71090,10
12.7868003845,80.2205429077,71090,71100,10
12.7874202728,80.2207717896,71100,71110,10
12.7882699966,80.2210769653,71110,71120,10
12.7892999649,80.2214736938,71120,71130,10
12.7898902893,80.2216720581,71130,71141,11
12.7908096313,80.2219009399,71141,71151,10
12.7917900085,80.2221603394,71151,71161,10
12.7928695679,80.2223892212,71161,71171,10
12.7941398621,80.2225570679,71171,71181,10
12.7953195572,80.2227478027,71181,71191,10
12.7962703705,80.2228927612,71191,71201,10
12.796330452,80.2229003906,71201,71211,10
12.7966804504,80.2229690552,71211,71221,10
12.7973604202,80.2231216431,71221,71230,9
12.7981595993,80.2232513428,71230,71242,12
12.7994499207,80.2233810425,71242,71252,10
12.8006496429,80.2234725952,71252,71262,10
12.8015298843,80.2235565186,71262,71272,10
12.8021097183,80.2236175537,71272,71282,10
12.8026399612,80.2236862183,71282,71292,10
12.8032503128,80.2237701416,71292,71302,10
12.8039999008,80.2238311768,71302,71312,10
12.8047399521,80.2238998413,71312,71322,10
12.8053197861,80.224029541,71322,71332,10
12.8054103851,80.2240600586,71332,71342,10
12.8057203293,80.2242202759,71342,71353,11
12.8063201904,80.2247314453,71353,71363,10
12.8069601059,80.2253112793,71363,71373,10
12.8077602386,80.2259902954,71373,71383,10
12.8086395264,80.2267303467,71383,71393,10
12.8095903397,80.2274169922,71393,71403,10
12.8106603622,80.2278823853,71403,71413,10
12.811920166,80.2283401489,71413,71423,10
12.8132400513,80.2287902832,71423,71433,10
12.8146600723,80.2291564941,71433,71443,10
12.8161401749,80.2294006348,71443,71454,11
12.81772995,80.2298583984,71454,71464,10
12.8190898895,80.230430603,71464,71474,10
12.8201198578,80.2304077148,71474,71484,10
12.8203601837,80.2304000854,71484,71494,10
12.8210697174,80.2303771973,71494,71504,10
12.8220701218,80.2305374146,71504,71514,10
12.8232898712,80.2309112549,71514,71524,10
12.824640274,80.2312469482,71524,71534,10
12.8261098862,80.2313079834,71534,71544,10
12.8275499344,80.2309570313,71544,71553,9
12.8286895752,80.2303009033,71553,71565,12
12.8300199509,80.2297286987,71565,71575,10
12.830739975,80.2294387817,71575,71676,101
12.830739975,80.2294387817,71676,71686,10
12.8311100006,80.2293319702,71686,71696,10
12.8313999176,80.2292327881,71696,71706,10
12.8318195343,80.2291107178,71706,71716,10
12.8323497772,80.2289962769,71716,71726,10
12.8331003189,80.2288589478,71726,71736,10
12.8339595795,80.2286911011,71736,71746,10
12.8349895477,80.2285079956,71746,71756,10
12.8360996246,80.2283630371,71756,71766,10
12.8371801376,80.2282104492,71766,71777,11
12.8382396698,80.2279968262,71777,71787,10
12.8389701843,80.2277832031,71787,71797,10
12.8394298553,80.2276535034,71797,71827,30
12.8394298553,80.2276535034,71827,71837,10
12.8400802612,80.2274703979,71837,71847,10
12.8406600952,80.2273178101,71847,71857,10
12.8412599564,80.2271499634,71857,71867,10
12.8420295715,80.2269592285,71867,71968,101
12.842209816,80.2269821167,71968,72079,111
12.842209816,80.2269821167,72079,72088,9
12.8424901962,80.2268371582,72088,72100,12
12.8431997299,80.2267227173,72100,72110,10
12.8439502716,80.2265930176,72110,72120,10
12.8447303772,80.2265167236,72120,72130,10
12.8452997208,80.2264862061,72130,72140,10
12.8453102112,80.2264785767,72140,72150,10
12.8453302383,80.2264862061,72150,72160,10
12.8455095291,80.2264785767,72160,72170,10
12.8458795547,80.2264785767,72170,72180,10
12.8465299606,80.2264785767,72180,72190,10
12.8473796844,80.2264785767,72190,72200,10
12.8483896255,80.2264785767,72200,72211,11
12.8494596481,80.2264709473,72211,72221,10
12.8499298096,80.2264785767,72221,72241,20
12.8499298096,80.2264785767,72241,72251,10
12.8501701355,80.2265090942,72251,72261,10
12.8505601883,80.2265090942,72261,72271,10
12.8511199951,80.2265319824,72271,72281,10
12.851770401,80.2265472412,72281,72291,10
12.8524503708,80.2265930176,72291,72301,10
12.8531799316,80.2265777588,72301,72312,11
12.8540201187,80.2265090942,72312,72322,10
12.8548297882,80.2264175415,72322,72332,10
12.8556604385,80.2263336182,72332,72342,10
12.8565196991,80.2262420654,72342,72352,10
12.8573999405,80.2261581421,72352,72362,10
12.8582296371,80.2261428833,72362,72372,10
12.8589496613,80.2261886597,72372,72382,10
12.8595104218,80.226272583,72382,72392,10
12.8600597382,80.2263565063,72392,72402,10
12.8606395721,80.2264480591,72402,72412,10
12.8606996536,80.2264633179,72412,72423,11
12.8610296249,80.2264709473,72423,72433,10
12.8616800308,80.2264709473,72433,72443,10
12.8625297546,80.2264328003,72443,72453,10
12.8634901047,80.2264099121,72453,72463,10
12.8646402359,80.2264633179,72463,72473,10
12.8658800125,80.2264862061,72473,72483,10
12.8670301437,80.2263870239,72483,72493,10
12.8680496216,80.2262878418,72493,72503,10
12.8689699173,80.2263183594,72503,72513,10
12.8699798584,80.2264480591,72513,72524,11
12.8710899353,80.2265625,72524,72534,10
12.8719701767,80.2265930176,72534,72544,10
12.8727502823,80.226600647,72544,72554,10
12.8735799789,80.2266311646,72554,72564,10
12.8744401932,80.2266998291,72564,72574,10
12.8748502731,80.2267608643,72574,72584,10
12.8749399185,80.2267837524,72584,72594,10
12.8753795624,80.2268295288,72594,72604,10
12.8756999969,80.226852417,72604,72614,10
12.8758096695,80.226852417,72614,72624,10
12.8761100769,80.2268600464,72624,72635,11
12.8767499924,80.2268295288,72635,72655,20
12.8767499924,80.2268295288,72655,72665,10
12.8770198822,80.2267990112,72665,72675,10
12.8776302338,80.2267608643,72675,72685,10
12.8784599304,80.2266998291,72685,72695,10
12.8794698715,80.2266693115,72695,72705,10
12.8806495667,80.2266616821,72705,72715,10
12.881939888,80.2266387939,72715,72725,10
12.8832302094,80.2266387939,72725,72736,11
12.8842897415,80.2266082764,72736,72746,10
12.8846998215,80.226600647,72746,72756,10
12.8852300644,80.2266082764,72756,72776,20
12.8852300644,80.2266082764,72776,72786,10
12.8853797913,80.2266616821,72786,72796,10
12.8858804703,80.2267684937,72796,72806,10
12.8866195679,80.2269821167,72806,72816,10
12.8874797821,80.2271499634,72816,72826,10
12.8885202408,80.2272567749,72826,72836,10
12.8896799088,80.2272720337,72836,72847,11
12.8909397125,80.2272720337,72847,72857,10
12.8920202255,80.2272720337,72857,72867,10
12.8928403854,80.2273635864,72867,72877,10
12.893819809,80.2275009155,72877,72887,10
12.8949098587,80.2275695801,72887,72897,10
12.8959598541,80.2276229858,72897,72907,10
12.8971796036,80.2276611328,72907,72917,10
12.8983898163,80.2277374268,72917,72927,10
12.899430275,80.2277908325,72927,72937,10
12.9006004333,80.2277984619,72937,72998,61
12.9007196426,80.2278137207,72998,73089,91
12.9007196426,80.2278137207,73089,73099,10
12.9009895325,80.2278594971,73099,73109,10
12.9015398026,80.2279129028,73109,73119,10
12.902759552,80.2279586792,73119,73139,20
12.902759552,80.2279586792,73139,73149,10
12.9028902054,80.2279663086,73149,73158,9
12.9032697678,80.2279891968,73158,73170,12
12.9041404724,80.2280502319,73170,73180,10
12.9055404663,80.2281036377,73180,73200,20
12.9055404663,80.2281036377,73200,73210,10
12.9057102203,80.2281112671,73210,73220,10
12.9060201645,80.2281188965,73220,73230,10
12.9062700272,80.2281417847,73230,73240,10
12.9065198898,80.2281570435,73240,73250,10
12.9069099426,80.2282028198,73250,73270,20
12.9069099426,80.2282028198,73270,73281,11
12.9073600769,80.2282485962,73281,73291,10
12.9080696106,80.2283706665,73291,73301,10
12.9090204239,80.2285232544,73301,73311,10
12.9101295471,80.2287063599,73311,73321,10
12.9111995697,80.2288818359,73321,73331,10
12.9122800827,80.2290420532,73331,73341,10
12.9132900238,80.2291564941,73341,73351,10
12.9138803482,80.2292327881,73351,73361,10
12.9139499664,80.2292404175,73361,73371,10
12.9139604568,80.2292480469,73371,73382,11
12.9143800735,80.229309082,73382,73392,10
12.9150695801,80.2294006348,73392,73402,10
12.9159603119,80.2295379639,73402,73412,10
12.9168100357,80.2296600342,73412,73422,10
12.9174203873,80.2297515869,73422,73432,10
12.9181699753,80.2298736572,73432,73442,10
12.9190998077,80.2300033569,73442,73452,10
12.9202404022,80.230140686,73452,73462,10
12.9215202332,80.2303009033,73462,73472,10
12.9227695465,80.2304992676,73472,73482,10
12.9239797592,80.2306594849,73482,73493,11
12.9251298904,80.2308197021,73493,73503,10
12.9259195328,80.2309112549,73503,73513,10
12.9261598587,80.2309188843,73513,73523,10
12.9262504578,80.2309265137,73523,73533,10
12.9267196655,80.2309799194,73533,73543,10
12.9274301529,80.2310562134,73543,73553,10
12.9282398224,80.2311630249,73553,73563,10
12.9291801453,80.231338501,73563,73573,10
12.930270195,80.231590271,73573,73583,10
12.9314403534,80.2319412231,73583,73594,11
12.9326400757,80.2323303223,73594,73604,10
12.9335603714,80.2326889038,73604,73624,20
12.9335603714,80.2326889038,73624,73634,10
12.9338302612,80.2328186035,73634,73644,10
12.9343996048,80.2331008911,73644,73654,10
12.9351997375,80.2334823608,73654,73664,10
12.9357099533,80.2337188721,73664,73674,10
12.9359102249,80.2338104248,73674,73684,10
12.9364204407,80.234046936,73684,73694,10
12.9371204376,80.2343902588,73694,73705,11
12.9381303787,80.23487854,73705,73715,10
12.9395704269,80.2355575562,73715,73735,20
12.9395704269,80.2355575562,73735,73745,10
12.9396400452,80.2356033325,73745,73755,10
12.9400997162,80.2357788086,73755,73765,10
12.9407396317,80.2359695435,73765,73775,10
12.9415197372,80.2361602783,73775,73785,10
12.9424800873,80.2364196777,73785,73795,10
12.9433698654,80.2369766235,73795,73806,11
12.9441995621,80.2378921509,73806,73816,10
12.9450101852,80.2387771606,73816,73826,10
12.9458799362,80.239402771,73826,73836,10
12.9467401505,80.2397537231,73836,73846,10
12.9471902847,80.2399291992,73846,73856,10
12.9471998215,80.2399291992,73856,73866,10
12.9475698471,80.2400894165,73866,73876,10
12.9482002258,80.2403488159,73876,73886,10
12.9489002228,80.2406311035,73886,73896,10
12.949640274,80.2408981323,73896,73906,10
12.9504995346,80.2411575317,73906,73917,11
12.9510602951,80.2413101196,73917,73927,10
12.9512701035,80.2414016724,73927,73937,10
12.9518404007,80.2416000366,73937,73947,10
12.952580452,80.241859436,73947,73957,10
12.9534196854,80.2422027588,73957,73967,10
12.9539899826,80.242401123,73967,73977,10
12.9546003342,80.2426605225,73977,73987,10
12.9552202225,80.2429122925,73987,73997,10
12.9561796188,80.2432937622,73997,74108,111
12.9561796188,80.2432937622,74108,74118,10
12.9568395615,80.2435836792,74118,74129,11
12.9576501846,80.2439193726,74129,74139,10
12.9584999084,80.2442779541,74139,74149,10
12.9588899612,80.2444076538,74149,74159,10
12.9589595795,80.2444381714,74159,74169,10
12.9593801498,80.2446517944,74169,74179,10
12.9600801468,80.2449569702,74179,74189,10
12.9609699249,80.2453765869,74189,74198,9
12.9619102478,80.2458267212,74198,74209,11
12.9628696442,80.2462997437,74209,74219,10
12.963139534,80.246421814,74219,74230,11
12.963259697,80.2465133667,74230,74240,10
12.9634799957,80.2466278076,74240,74250,10
12.963760376,80.2467803955,74250,74260,10
12.9643602371,80.2470016479,74260,74270,10
12.965180397,80.2472915649,74270,74280,10
12.9660301208,80.2475814819,74280,74290,10
12.9664402008,80.2477493286,74290,74300,10
12.9665203094,80.2477874756,74300,74310,10
12.9668397903,80.2479476929,74310,74320,10
12.9673700333,80.2482223511,74320,74330,10
12.968000412,80.2484817505,74330,74341,11
12.9689998627,80.2488632202,74341,74351,10
12.9701299667,80.2492828369,74351,74361,10
12.9714097977,80.2497024536,74361,74371,10
12.9726200104,80.2500228882,74371,74381,10
12.9736404419,80.250289917,74381,74391,10
12.974650383,80.2505722046,74391,74401,10
12.9756402969,80.2508621216,74401,74411,10
12.9767198563,80.2511825562,74411,74421,10
12.977640152,80.2516021729,74421,74431,10
12.9782800674,80.2521133423,74431,74441,10
12.9784898758,80.2522583008,74441,74452,11
12.9785203934,80.2522888184,74452,74462,10
12.9789800644,80.2525024414,74462,74472,10
12.9797697067,80.2526397705,74472,74532,60
12.9797697067,80.2526397705,74532,74542,10
12.9799604416,80.2526473999,74542,74553,11
12.9805803299,80.2526397705,74553,74563,10
12.9814596176,80.2526168823,74563,74573,10
12.9825897217,80.2525863647,74573,74583,10
12.9839000702,80.2523498535,74583,74593,10
12.9850196838,80.2520370483,74593,74603,10
12.9854402542,80.2519073486,74603,74815,212
12.9854402542,80.2519073486,74815,74825,10
12.9857397079,80.2518768311,74825,74835,10
12.9860801697,80.2517776489,74835,74845,10
12.986579895,80.2516479492,74845,74855,10
12.9872303009,80.2514801025,74855,74865,10
12.9876804352,80.2513580322,74865,74876,11
12.9880104065,80.2516403198,74876,74886,10
12.9881095886,80.2520904541,74886,74896,10
12.9880895615,80.2523803711,74896,74906,10
12.9880199432,80.2531433105,74906,74916,10
12.9879198074,80.2539672852,74916,74926,10
12.9878702164,80.2546234131,74926,74936,10
12.987859726,80.2548980713,74936,75037,101
12.987859726,80.2548980713,75037,75047,10
12.9877796173,80.2551116943,75047,75057,10
12.9877996445,80.2554397583,75057,75067,10
12.9879102707,80.2557830811,75067,75077,10
12.9882802963,80.2557983398,75077,75087,10
12.9886598587,80.2558288574,75087,75098,11
12.9887895584,80.255859375,75098,75108,10
12.989279747,80.255897522,75108,75118,10
12.9899501801,80.2559585571,75118,75128,10
12.9905595779,80.2559204102,75128,75138,10
12.9911499023,80.2559280396,75138,75148,10
12.9917697906,80.2559280396,75148,75158,10
12.9924402237,80.2559432983,75158,75168,10
12.9931297302,80.2559204102,75168,75178,10
12.993929863,80.2558517456,75178,75188,10
12.9944000244,80.2558517456,75188,75199,11
12.9951400757,80.2558364868,75199,75239,40
12.9951400757,80.2558364868,75239,75249,10
12.995349884,80.2558822632,75249,75259,10
12.9957704544,80.255859375,75259,75269,10
12.996430397,80.255859375,75269,75279,10
12.9969596863,80.2558288574,75279,75289,10
12.9972496033,80.2558288574,75289,75299,10
12.9976701736,80.2558517456,75299,75471,172
12.9976701736,80.2558517456,75471,75481,10
12.9977502823,80.256111145,75481,75491,10
12.9977703094,80.2562866211,75491,75501,10
12.9979896545,80.2566223145,75501,75562,61
12.9982004166,80.2566070557,75562,75824,262
12.9981203079,80.2567596436,75824,75996,172
12.9981203079,80.2567596436,75996,76006,10
12.9980201721,80.256690979,76006,76077,71
12.9980201721,80.256690979,76077,76087,10
12.9979600906,80.2568969727,76087,76097,10
12.9982404709,80.2570571899,76097,78156,2059
12.9982404709,80.2570571899,78156,78166,10
12.9980802536,80.2566680908,78166,78176,10
12.9980802536,80.2566680908,78176,78186,10
12.997759819,80.2567672729,78186,78317,131
12.997759819,80.2567672729,78317,78328,11
12.997710228,80.2570037842,78328,78398,70
12.997710228,80.2570037842,78398,78408,10
12.9976797104,80.2570877075,78408,78418,10
12.9975099564,80.2571105957,78418,78429,11
12.9975996017,80.2566680908,78429,78439,10
12.9976196289,80.2562789917,78439,78701,262
12.9976196289,80.2562789917,78701,78711,10
12.9977397919,80.256111145,78711,78721,10
12.9977197647,80.2560501099,78721,78731,10
12.9975795746,80.2559509277,78731,78741,10
12.9971103668,80.2559432983,78741,78752,11
12.996919632,80.2559432983,78752,78762,10
12.996509552,80.2559280396,78762,78772,10
12.9958400726,80.255897522,78772,78782,10
12.9952201843,80.2558898926,78782,78792,10
12.9946403503,80.2559204102,78792,78802,10
12.9939804077,80.2559890747,78802,78812,10
12.993180275,80.2560424805,78812,78822,10
12.9923000336,80.2560806274,78822,78832,10
12.991350174,80.2560501099,78832,78842,10
12.9905395508,80.2560119629,78842,78851,9
12.9899702072,80.2559967041,78851,78863,12
12.9894599915,80.2559814453,78863,78873,10
12.9888601303,80.2559432983,78873,78943,70
12.9888601303,80.2559432983,78943,78953,10
12.9885101318,80.2559204102,78953,79034,81
12.9885101318,80.2559204102,79034,79044,10
12.9881095886,80.2558135986,79044,79054,10
12.987830162,80.2557983398,79054,79064,10
12.9873800278,80.2557220459,79064,79075,11
12.9869499207,80.2556533813,79075,79085,10
12.9868402481,80.2556533813,79085,79095,10
12.9864196777,80.2555999756,79095,79125,30
12.9864196777,80.2555999756,79125,79135,10
12.9862804413,80.2555618286,79135,79145,10
12.9858999252,80.2554931641,79145,79155,10
12.9853696823,80.2553405762,79155,79165,10
12.98458004,80.2551193237,79165,79175,10
12.9839296341,80.2549819946,79175,79186,11
12.9832000732,80.2547607422,79186,79196,10
12.9825296402,80.2545928955,79196,79206,10
12.9820203781,80.2541122437,79206,79216,10
12.9817895889,80.2533721924,79216,79226,10
12.9813995361,80.2527999878,79226,79236,10
12.9806003571,80.2527923584,79236,79246,10
12.9800901413,80.2527389526,79246,79256,10
12.9799604416,80.2526931763,79256,79266,10
12.9794998169,80.2526626587,79266,79276,10
12.9786996841,80.2526016235,79276,79297,21
12.9786996841,80.2526016235,79297,79307,10
12.9783496857,80.2524185181,79307,79317,10
12.9777803421,80.251953125,79317,79327,10
12.976940155,80.2513885498,79327,79337,10
12.9757995605,80.2510223389,79337,79347,10
12.9746999741,80.2506866455,79347,79357,10
12.9735803604,80.2503890991,79357,79367,10
12.9725599289,80.2501296997,79367,79377,10
12.9720697403,80.2500228882,79377,79448,71
12.9720697403,80.2500228882,79448,79458,10
12.9717702866,80.2499008179,79458,79468,10
12.9710798264,80.249710083,79468,79478,10
12.9701795578,80.2493972778,79478,79488,10
12.9690999985,80.2489624023,79488,79498,10
12.9679899216,80.2485427856,79498,79509,11
12.9669704437,80.2480926514,79509,79519,10
12.9661502838,80.247718811,79519,79529,10
12.9652500153,80.2474136353,79529,79539,10
12.9651002884,80.2473526001,79539,79549,10
12.9649200439,80.2472763062,79549,79559,10
12.9643602371,80.2470703125,79559,79569,10
12.9637899399,80.2468490601,79569,79579,10
12.9631996155,80.2465667725,79579,79589,10
12.9623203278,80.2461624146,79589,79599,10
12.9612703323,80.2456283569,79599,79610,11
12.9601802826,80.2451171875,79610,79620,10
12.9593801498,80.2447814941,79620,79630,10
12.959280014,80.2447280884,79630,79640,10
12.9588899612,80.2445068359,79640,79650,10
12.9582004547,80.2442321777,79650,79660,10
12.9574899673,80.2439498901,79660,79670,10
12.9563999176,80.2436828613,79670,79690,20
12.9563999176,80.2436828613,79690,79700,10
12.9560804367,80.2436218262,79700,79709,9
12.9555797577,80.2433013916,79709,79721,12
12.9546403885,80.2428436279,79721,79731,10
12.9538097382,80.242477417,79731,79741,10
12.95291996,80.2421112061,79741,79751,10
12.9519100189,80.2417221069,79751,79761,10
12.9515895844,80.241607666,79761,79771,10
12.9514598846,80.2415618896,79771,79781,10
12.9508695602,80.241317749,79781,79791,10
12.9500904083,80.2410964966,79791,79801,10
12.9493904114,80.2409133911,79801,79811,10
12.9492301941,80.2408599854,79811,79821,10
12.9490499496,80.2407989502,79821,79832,11
12.9484796524,80.2405471802,79832,79842,10
12.9476995468,80.2402267456,79842,79852,10
12.9471101761,80.2399978638,79852,79862,10
12.946849823,80.2398910522,79862,79872,10
12.946849823,80.2398910522,79872,79882,10
12.9462900162,80.2396621704,79882,79891,9
12.9456195831,80.2393569946,79891,79902,11
12.9448099136,80.2387008667,79902,79912,10
12.9440097809,80.2378234863,79912,79922,10
12.9432001114,80.2369537354,79922,79933,11
12.9420604706,80.2363433838,79933,79943,10
12.9408102036,80.2360305786,79943,79953,10
12.939909935,80.235786438,79953,79963,10
12.939740181,80.2357330322,79963,79973,10
12.939450264,80.2356033325,79973,79983,10
12.93887043,80.2352905273,79983,79993,10
12.9380998611,80.2349014282,79993,80003,10
12.9371500015,80.2344436646,80003,80013,10
12.9360904694,80.2339401245,80013,80023,10
12.9350700378,80.2334671021,80023,80033,10
12.9337100983,80.2328720093,80033,80054,21
12.9337100983,80.2328720093,80054,80063,9
12.9335699081,80.2328033447,80063,80074,11
12.9330101013,80.2325363159,80074,80085,11
12.9321098328,80.232208252,80085,80095,10
12.931139946,80.231880188,80095,80105,10
12.9299898148,80.231552124,80105,80115,10
12.9289302826,80.231338501,80115,80125,10
12.9277496338,80.2311630249,80125,80135,10
12.9265899658,80.2310333252,80135,80146,11
12.9260597229,80.2309875488,80146,80156,10
12.9259300232,80.2309570313,80156,80166,10
12.9254302979,80.2309036255,80166,80176,10
12.924659729,80.2308273315,80176,80186,10
12.9237203598,80.2307128906,80186,80196,10
12.9225597382,80.2305297852,80196,80206,10
12.9212503433,80.2303314209,80206,80216,10
12.919839859,80.2301483154,80216,80226,10
12.9183797836,80.2299575806,80226,80236,10
12.9169397354,80.2297821045,80236,80246,10
12.9155197144,80.2295684814,80246,80257,11
12.914059639,80.2293701172,80257,80267,10
12.9132499695,80.2292861938,80267,80277,10
12.9132099152,80.2292785645,80277,80287,10
12.912899971,80.2292022705,80287,80297,10
12.9121904373,80.2291030884,80297,80307,10
12.9112596512,80.2289581299,80307,80317,10
12.9101295471,80.2287979126,80317,80327,10
12.9088602066,80.2285919189,80327,80337,10
12.9075403214,80.2283782959,80337,80347,10
12.9065799713,80.2282867432,80347,80358,11
12.9062099457,80.2282485962,80358,80367,9
12.9059495926,80.2282180786,80367,80378,11
12.9052095413,80.2281723022,80378,80388,10
12.9042797089,80.2281188965,80388,80398,10
12.9031200409,80.2280731201,80398,80408,10
12.9015102386,80.2279968262,80408,80458,50
12.9015102386,80.2279968262,80458,80469,11
12.9012899399,80.2280273438,80469,80479,10
12.9010896683,80.2279968262,80479,80489,10
12.9006700516,80.2279586792,80489,80499,10
12.9000501633,80.2279281616,80499,80509,10
12.899600029,80.227897644,80509,80519,10
12.8995599747,80.227897644,80519,80529,10
12.8994598389,80.2278823853,80529,80539,10
12.8989496231,80.2278518677,80539,80549,10
12.8981599808,80.2278137207,80549,80559,10
12.8971796036,80.2277679443,80559,80568,9
12.896109581,80.227722168,80568,80580,12
12.8945398331,80.2276611328,80580,80590,10
12.893239975,80.2275314331,80590,80600,10
12.8922700882,80.2274093628,80600,80610,10
12.8912496567,80.2273712158,80610,80620,10
12.8900098801,80.2273712158,80620,80630,10
12.8887300491,80.2273864746,80630,80640,10
12.8874397278,80.2272567749,80640,80650,10
12.8861303329,80.2269821167,80650,80660,10
12.8850603104,80.2267608643,80660,80669,9
12.8847703934,80.2267608643,80669,80681,12
12.8846902847,80.2267532349,80681,80691,10
12.8842601776,80.2267532349,80691,80701,10
12.8834896088,80.2267379761,80701,80711,10
12.8824796677,80.2267532349,80711,80721,10
12.8812799454,80.2267608643,80721,80731,10
12.879989624,80.2267837524,80731,80741,10
12.878660202,80.226852417,80741,80751,10
12.8773002625,80.2269287109,80751,80761,10
12.8763999939,80.2270126343,80761,80771,10
12.8762702942,80.2270126343,80771,80781,10
12.8757295609,80.2269897461,80781,80792,11
12.8747797012,80.2268981934,80792,80802,10
12.8737096786,80.2267608643,80802,80812,10
12.8727703094,80.2267303467,80812,80822,10
12.8725404739,80.2267227173,80822,80832,10
12.872209549,80.2266921997,80832,80842,10
12.8704996109,80.2266235352,80842,80852,10
12.8704996109,80.2266235352,80852,80862,10
12.869310379,80.2265014648,80862,80871,9
12.8681097031,80.2264099121,80871,80882,11
12.8666296005,80.2265472412,80882,80893,11
12.8651399612,80.226600647,80893,80903,10
12.8637199402,80.2265625,80903,80913,10
12.8622999191,80.2265777588,80913,80923,10
12.8612003326,80.2266235352,80923,80933,10
12.8609895706,80.2266387939,80933,80943,10
12.8606300354,80.226600647,80943,80953,10
12.859919548,80.2265014648,80953,80963,10
12.8590202332,80.2263793945,80963,80973,10
12.8579902649,80.2262802124,80973,80983,10
12.8567495346,80.2263793945,80983,80993,10
12.8554096222,80.2265090942,80993,81004,11
12.8538198471,80.2266769409,81004,81014,10
12.8523597717,80.2267074585,81014,81024,10
12.8508796692,80.2266387939,81024,81034,10
12.8495397568,80.2266082764,81034,81044,10
12.8483104706,80.2266235352,81044,81054,10
12.8471403122,80.2266235352,81054,81064,10
12.8460798264,80.2266387939,81064,81074,10
12.8453998566,80.2266387939,81074,81084,10
12.8453502655,80.2266311646,81084,81094,10
12.8450498581,80.2266311646,81094,81104,10
12.8443498611,80.2266693115,81104,81115,11
12.8432798386,80.2267990112,81115,81125,10
12.8420600891,80.2269973755,81125,81135,10
12.8408002853,80.2273712158,81135,81145,10
12.8400697708,80.2275924683,81145,81155,10
12.8397102356,80.2276763916,81155,81165,10
12.8396997452,80.2276916504,81165,81175,10
12.8393602371,80.2278137207,81175,81185,10
12.8386602402,80.2279891968,81185,81195,10
12.8377103806,80.2282028198,81195,81205,10
12.8365097046,80.2283782959,81205,81216,11
12.8350296021,80.2285995483,81216,81226,10
12.8336200714,80.2288513184,81226,81236,10
12.8324899673,80.2291030884,81236,81246,10
12.8321399689,80.2291793823,81246,81256,10
12.8319196701,80.2292175293,81256,81266,10
12.8312597275,80.2293395996,81266,81276,10
12.8303604126,80.2296676636,81276,81286,10
12.8292303085,80.2301101685,81286,81296,10
12.8280696869,80.23072052,81296,81306,10
12.8268499374,80.2312927246,81306,81316,10
12.8255195618,80.2314224243,81316,81327,11
12.8240804672,80.2312469482,81327,81337,10
12.8227300644,80.2308502197,81337,81347,10
12.8215799332,80.2305374146,81347,81357,10
12.8207998276,80.2304916382,81357,81367,10
12.8199701309,80.2305374146,81367,81377,10
12.8190603256,80.2305221558,81377,81387,10
12.8187999725,80.2304992676,81387,81397,10
12.8184499741,80.2303237915,81397,81407,10
12.817700386,80.2299499512,81407,81417,10
12.8166599274,80.2295684814,81417,81427,10
12.8155202866,80.2294235229,81427,81438,11
12.8141202927,80.2291870117,81438,81448,10
12.8128299713,80.2287597656,81448,81458,10
12.8114795685,80.2282714844,81458,81468,10
12.8100996017,80.2277069092,81468,81478,10
12.8088102341,80.2269897461,81478,81488,10
12.80768013,80.2260437012,81488,81498,10
12.8067703247,80.2252426147,81498,81508,10
12.8059501648,80.2245101929,81508,81518,10
12.8051395416,80.2240371704,81518,81528,10
12.8049297333,80.2239990234,81528,81539,11
12.8045701981,80.2239379883,81539,81549,10
12.8037796021,80.2238769531,81549,81559,10
12.8028402328,80.2237930298,81559,81569,10
12.8017196655,80.2236480713,81569,81579,10
12.8009700775,80.2236099243,81579,81589,10
12.8007602692,80.2235870361,81589,81599,10
12.8000898361,80.2235183716,81599,81609,10
12.7991695404,80.2234191895,81609,81619,10
12.79804039,80.2232666016,81619,81629,10
12.7968196869,80.2230911255,81629,81639,10
12.7955102921,80.2228622437,81639,81650,11
12.7940397263,80.2226333618,81650,81660,10
12.7926797867,80.2224197388,81660,81670,10
12.7913703918,80.2221374512,81670,81680,10
12.790189743,80.2218475342,81680,81690,10
12.7892999649,80.2215576172,81690,81700,10
12.7884502411,80.2212371826,81700,81710,10
12.7875795364,80.2209091187,81710,81720,10
12.7869300842,80.2206726074,81720,81730,10
12.7863998413,80.2204666138,81730,81740,10
12.7863702774,80.2204589844,81740,81751,11
12.7863197327,80.2204284668,81751,81761,10
12.7861204147,80.220451355,81761,81771,10
12.7861404419,80.220741272,81771,81781,10
12.7861700058,80.2211608887,81781,81791,10
12.7861795425,80.2213897705,81791,81801,10
12.7863302231,80.2218780518,81801,81811,10
12.7862100601,80.2218093872,81811,81851,40
12.7862796783,80.2217025757,81851,82972,1121
12.7862796783,80.2217025757,82972,82982,10
12.7862997055,80.2216720581,82982,82992,10
12.7862701416,80.2214279175,82992,83002,10
12.786239624,80.2211990356,83002,83012,10
12.7862100601,80.2208404541,83012,83022,10
12.7862997055,80.220413208,83022,83053,31
12.7862997055,80.220413208,83053,83063,10
12.7866401672,80.2205734253,83063,83073,10
12.7871704102,80.220741272,83073,83083,10
12.7876901627,80.220916748,83083,83093,10
12.7883396149,80.2211685181,83093,83103,10
12.7890996933,80.2214508057,83103,83113,10
12.7897500992,80.2216873169,83113,83123,10
12.7903699875,80.2218399048,83123,83133,10
12.791179657,80.222038269,83133,83143,10
12.7920303345,80.2222595215,83143,83154,11
12.793009758,80.2224731445,83154,83164,10
12.7938404083,80.2225875854,83164,83174,10
12.7942800522,80.2226715088,83174,83184,10
12.7945098877,80.2227096558,83184,83194,10
12.7951002121,80.2228012085,83194,83204,10
12.7959098816,80.2229309082,83204,83214,10
12.7967596054,80.2230911255,83214,83224,10
12.7976999283,80.2232666016,83224,83234,10
12.7987098694,80.2233810425,83234,83244,10
12.7996702194,80.2234573364,83244,83255,11
12.8007202148,80.2235336304,83255,83265,10
12.801609993,80.2236175537,83265,83275,10
12.8025197983,80.2237167358,83275,83285,10
12.8031797409,80.2238082886,83285,83295,10
12.8038597107,80.2238616943,83295,83305,10
12.8046302795,80.2239227295,83305,83315,10
12.8053102493,80.2240524292,83315,83325,10
12.8054800034,80.2240982056,83325,83335,10
12.8058099747,80.2243118286,83335,83345,10
12.8062095642,80.2246627808,83345,83355,10
12.8067598343,80.225151062,83355,83366,11
12.8073797226,80.2257080078,83366,83376,10
12.8080501556,80.226272583,83376,83386,10
12.8088197708,80.2269134521,83386,83396,10
12.8096704483,80.2274703979,83396,83406,10
12.8106203079,80.2278671265,83406,83416,10
12.8116397858,80.2282562256,83416,83426,10
12.8127202988,80.2286376953,83426,83436,10
12.8137998581,80.2289962769,83436,83446,10
12.8148403168,80.2292404175,83446,83456,10
12.8158502579,80.2294006348,83456,83466,10
12.8168802261,80.2295684814,83466,83477,11
12.8179197311,80.2299880981,83477,83487,10
12.8188400269,80.2303924561,83487,83497,10
12.8198099136,80.23046875,83497,83507,10
12.8208503723,80.230430603,83507,83517,10
12.8219203949,80.2305374146,83517,83527,10
12.8229598999,80.2308425903,83527,83537,10
12.8240003586,80.2311172485,83537,83547,10
12.8250102997,80.2313537598,83547,83557,10
12.8261404037,80.231338501,83557,83566,9
12.8270998001,80.2311935425,83566,83578,12
12.8282899857,80.2305374146,83578,83588,10
12.8292999268,80.2300567627,83588,83598,10
12.8302898407,80.2296676636,83598,83608,10
12.8311901093,80.229309082,83608,83618,10
12.8318901062,80.2291107178,83618,83628,10
12.8326501846,80.2289428711,83628,83638,10
12.8335695267,80.228767395,83638,83648,10
12.834569931,80.2285995483,83648,83658,10
12.8355798721,80.2284927368,83658,83668,10
12.8366098404,80.2283401489,83668,83678,10
12.8376502991,80.2281799316,83678,83689,11
12.8387203217,80.2279205322,83689,83699,10
12.8392801285,80.2277679443,83699,83709,10
12.8396100998,80.2276535034,83709,83719,10
12.8400802612,80.2275009155,83719,83729,10
12.8408098221,80.2273101807,83729,83739,10
12.8416700363,80.2270889282,83739,83749,10
12.8426303864,80.2268676758,83749,83759,10
12.8436002731,80.2267074585,83759,83769,10
12.8444700241,80.2266235352,83769,83779,10
12.8452596664,80.2265472412,83779,83790,11
12.8454704285,80.2265167236,83790,83800,10
12.8458795547,80.2264862061,83800,83810,10
12.8465995789,80.2264862061,83810,83820,10
12.8475503922,80.2264862061,83820,83830,10
12.8486003876,80.2265014648,83830,83840,10
12.8496599197,80.2265014648,83840,83850,10
12.8507299423,80.2265319824,83850,83860,10
12.8517999649,80.2266082764,83860,83870,10
12.8528900146,80.2266616821,83870,83880,10
12.8539600372,80.2265777588,83880,83890,10
12.8549699783,80.2264709473,83890,83901,11
12.8561201096,80.2263717651,83901,83911,10
12.8571996689,80.2262496948,83911,83921,10
12.8581800461,80.2261734009,83921,83931,10
12.8588495255,80.2262268066,83931,83941,10
12.8597402573,80.2263412476,83941,83951,10
12.8607196808,80.2264709473,83951,83961,10
12.8618001938,80.2264709473,83961,83971,10
12.8629302979,80.2264328003,83971,83981,10
12.8640604019,80.2264404297,83981,83991,10
12.8652095795,80.2264785767,83991,84002,11
12.8664503098,80.2264480591,84002,84012,10
12.8675603867,80.226348877,84012,84022,10
12.8686599731,80.2263183594,84022,84032,10
12.869720459,80.2264633179,84032,84042,10
12.8708000183,80.2265701294,84042,84052,10
12.8718700409,80.226600647,84052,84062,10
12.8728399277,80.2266235352,84062,84072,10
12.8738002777,80.2266616821,84072,84082,10
12.8747997284,80.2267837524,84082,84092,10
12.8758096695,80.2268829346,84092,84102,10
12.8767995834,80.226852417,84102,84113,11
12.8779401779,80.2267684937,84113,84123,10
12.8790302277,80.2266921997,84123,84133,10
12.8801298141,80.2266616821,84133,84143,10
12.8812303543,80.2266464233,84143,84153,10
12.8823404312,80.2266464233,84153,84163,10
12.8834495544,80.2266464233,84163,84173,10
12.8844604492,80.2266387939,84173,84183,10
12.8854904175,80.2267303467,84183,84193,10
12.8864898682,80.2269897461,84193,84203,10
12.8875102997,80.2272033691,84203,84214,11
12.8886899948,80.2273025513,84214,84224,10
12.8897895813,80.2273101807,84224,84234,10
12.8908996582,80.2273101807,84234,84244,10
12.8919801712,80.2273178101,84244,84254,10
12.8930597305,80.2274093628,84254,84264,10
12.8941402435,80.2275390625,84264,84274,10
12.89523983,80.2276077271,84274,84284,10
12.8963603973,80.2276535034,84284,84294,10
12.8974599838,80.2276992798,84294,84304,10
12.8985204697,80.2277679443,84304,84313,9
12.8993301392,80.2278213501,84313,84325,12
12.899939537,80.2278289795,84325,84385,60
12.899939537,80.2278289795,84385,84395,10
12.9002799988,80.2278366089,84395,84405,10
12.9003896713,80.2278366089,84405,84415,10
12.9005002975,80.2278594971,84415,84425,10
12.900560379,80.2278518677,84425,84436,11
12.9007797241,80.2278366089,84436,84446,10
12.9011001587,80.2278823853,84446,84456,10
12.9016704559,80.2279205322,84456,84466,10
12.9024095535,80.2279586792,84466,84476,10
12.9033002853,80.2280197144,84476,84486,10
12.9042396545,80.2280578613,84486,84496,10
12.9053497314,80.2281265259,84496,84506,10
12.9063596725,80.2282028198,84506,84516,10
12.9069700241,80.2282562256,84516,84526,10
12.9077501297,80.2283706665,84526,84535,9
12.9085597992,80.2285003662,84535,84547,12
12.9096403122,80.2286834717,84547,84557,10
12.9105701447,80.2288284302,84557,84567,10
12.9115400314,80.2289886475,84567,84577,10
12.9124898911,80.2291107178,84577,84587,10
12.913479805,80.2292633057,84587,84597,10
12.914440155,80.2293930054,84597,84607,10
12.9154100418,80.2295074463,84607,84617,10
12.9164400101,80.2296600342,84617,84627,10
12.9174699783,80.2297973633,84627,84637,10
12.9184799194,80.229927063,84637,84648,11
12.9196300507,80.2300720215,84648,84658,10
12.9207000732,80.2302093506,84658,84668,10
12.9217195511,80.2303390503,84668,84678,10
12.922750473,80.2304992676,84678,84688,10
12.923789978,80.2306671143,84688,84698,10
12.9248800278,80.230796814,84698,84708,10
12.9259901047,80.2309417725,84708,84718,10
12.9270896912,80.2310562134,84718,84728,10
12.9281597137,80.2311935425,84728,84738,10
12.9291496277,80.2313613892,84738,84748,10
12.9301700592,80.2315979004,84748,84759,11
12.9313201904,80.2319335938,84759,84769,10
12.9323396683,80.2322692871,84769,84779,10
12.9333400726,80.2326507568,84779,84789,10
12.9343004227,80.2330932617,84789,84799,10
12.9352502823,80.2335281372,84799,84809,10
12.9361801147,80.2339630127,84809,84819,10
12.9371204376,80.234413147,84819,84829,10
12.9380598068,80.2348709106,84829,84839,10
12.9389600754,80.2353210449,84839,84849,10
12.9395999908,80.2356567383,84849,84860,11
12.9404296875,80.2359390259,84860,84870,10
12.9413604736,80.2361602783,84870,84880,10
12.9423503876,80.2364196777,84880,84890,10
12.9432601929,80.2369613647,84890,84900,10
12.944029808,80.2377929688,84900,84910,10
12.9448099136,80.2386703491,84910,84920,10
12.9456300735,80.2393493652,84920,84930,10
12.9466199875,80.2397766113,84930,84940,10
12.9476203918,80.2401885986,84940,84950,10
12.9484796524,80.2405395508,84950,84960,10
12.9492301941,80.2408599854,84960,84971,11
12.9501199722,80.2411422729,84971,84981,10
12.9509601593,80.2414169312,84981,84991,10
12.9518098831,80.2416992188,84991,85001,10
12.9526395798,80.2420120239,85001,85011,10
12.9535102844,80.2423324585,85011,85021,10
12.9543399811,80.2426681519,85021,85031,10
12.9550199509,80.2429199219,85031,85041,10
12.9556398392,80.2431488037,85041,85051,10
12.9560899734,80.2432937622,85051,85132,81
12.9560899734,80.2432937622,85132,85142,10
12.9565601349,80.2434692383,85142,85152,10
12.9572200775,80.2437820435,85152,85162,10
12.9580898285,80.244140625,85162,85172,10
12.9590702057,80.2445602417,85172,85183,11
12.9603004456,80.2451171875,85183,85193,10
12.9614896774,80.2456893921,85193,85203,10
12.9626102448,80.2462615967,85203,85213,10
12.9637699127,80.2468109131,85213,85223,10
12.9648504257,80.2472229004,85223,85233,10
12.9657497406,80.247543335,85233,85243,10
12.9661598206,80.247718811,85243,85253,10
12.9664897919,80.2478637695,85253,85263,10
12.9671201706,80.2481918335,85263,85273,10
12.968000412,80.2485427856,85273,85284,11
12.9690103531,80.2489318848,85284,85294,10
12.9699497223,80.2493133545,85294,85304,10
12.9709501266,80.2497024536,85304,85314,10
12.9719896317,80.2499771118,85314,85324,10
12.9729995728,80.2502288818,85324,85334,10
12.9739398956,80.2504882813,85334,85344,10
12.9749002457,80.2507629395,85344,85354,10
12.9758300781,80.2510223389,85354,85364,10
12.9768104553,80.2512969971,85364,85374,10
12.9777097702,80.2517776489,85374,85384,10
12.9784698486,80.2523574829,85384,85395,11
12.9795503616,80.2526321411,85395,85405,10
12.9805202484,80.2526626587,85405,85415,10
12.981470108,80.2526397705,85415,85425,10
12.9824895859,80.2526092529,85425,85435,10
12.9834899902,80.2524795532,85435,85445,10
12.9843397141,80.252281189,85445,85455,10
12.985039711,80.2520904541,85455,85465,10
12.9856395721,80.2518920898,85465,85475,10
12.9863996506,80.2517089844,85475,85485,10
12.987159729,80.2515182495,85485,85496,11
12.9879198074,80.2515487671,85496,85506,10
12.9880104065,80.2520675659,85506,85516,10
12.9879798889,80.2526931763,85516,85526,10
12.9879102707,80.2534332275,85526,85536,10
12.9878501892,80.2541503906,85536,85546,10
12.9877901077,80.2548294067,85546,85556,10
12.9877099991,80.2554702759,85556,85566,10
12.9877500534,80.2558135986,85566,85576,10
12.9879798889,80.2558364868,85576,85586,10
12.9884300232,80.255897522,85586,85596,10
12.9889097214,80.2559280396,85596,85607,11
12.9894695282,80.2559509277,85607,85617,10
12.9900999069,80.2559814453,85617,85627,10
12.990650177,80.2559814453,85627,85637,10
12.9911804199,80.2560424805,85637,85647,10
12.9918298721,80.256072998,85647,85657,10
12.9925003052,80.2560806274,85657,85667,10
12.9931602478,80.2560272217,85667,85677,10
12.9937896729,80.2559890747,85677,85687,10
12.9944400787,80.2559585571,85687,85697,10
12.9951200485,80.2559280396,85697,85707,10
12.9958095551,80.2559280396,85707,85718,11
12.9965200424,80.2559127808,85718,85728,10
12.9968996048,80.2559204102,85728,85738,10
12.997130394,80.2559280396,85738,85748,10
12.9974498749,80.2559204102,85748,85758,10
12.9976501465,80.2560577393,85758,85768,10
12.9976797104,80.256401062,85768,86121,353
12.9976797104,80.256401062,86121,86131,10
12.9977197647,80.2565994263,86131,86142,11
12.9977197647,80.2569580078,86142,86152,10
