12.9864702225,80.2595062256,16,26,10
12.9867801666,80.2593612671,26,2078,2052
12.9867200851,80.2596206665,2078,2665,587
12.986700058,80.2595672607,2665,8327,5662
12.986700058,80.2594528198,8327,12230,3903
12.9868202209,80.259437561,12230,15365,3135
12.986700058,80.2595291138,15365,15941,576
12.9869098663,80.2595825195,15941,17085,1144
12.9866800308,80.2595825195,17085,21284,4199
12.9866800308,80.2596435547,21284,21496,212
12.9867296219,80.2593994141,21496,21537,41
12.9867296219,80.2593994141,21537,21547,10
12.9872303009,80.2594528198,21547,21567,20
12.9872303009,80.2594528198,21567,21577,10
12.9873399734,80.2592163086,21577,21597,20
12.9873399734,80.2592163086,21597,21607,10
12.9873600006,80.2587509155,21607,21648,41
12.9873600006,80.2587509155,21648,21658,10
12.9874000549,80.258430481,21658,21668,10
12.9874401093,80.2582015991,21668,21678,10
12.9874200821,80.2580566406,21678,21688,10
12.9874696732,80.2577209473,21688,21698,10
12.9875297546,80.2570800781,21698,21709,11
12.9876003265,80.2563171387,21709,21719,10
12.9876699448,80.2557678223,21719,21729,10
12.9877500534,80.2549591064,21729,21739,10
12.987830162,80.25390625,21739,21749,10
12.9879102707,80.2529983521,21749,21759,10
12.9879302979,80.2520370483,21759,21769,10
12.987830162,80.2516708374,21769,21779,10
12.9877901077,80.2515792847,21779,21789,10
12.9878396988,80.2512893677,21789,21800,11
12.9884996414,80.2510986328,21800,21810,10
12.9893798828,80.2508392334,21810,21820,10
12.9895401001,80.2508087158,21820,21830,10
12.9896697998,80.2507781982,21830,21840,10
12.9902000427,80.2506713867,21840,21850,10
12.9910202026,80.2504806519,21850,21860,10
12.9919500351,80.2502593994,21860,21870,10
12.9929800034,80.25,21870,21880,10
12.9941196442,80.249710083,21880,21890,10
12.9953298569,80.249420166,21890,21901,11
12.9966697693,80.2490615845,21901,21911,10
12.9979496002,80.2487716675,21911,21921,10
12.9992103577,80.2484512329,21921,21931,10
13.0005197525,80.2481307983,21931,21941,10
13.0018196106,80.2478027344,21941,21951,10
13.0031204224,80.247543335,21951,21961,10
13.0044698715,80.2473373413,21961,21971,10
13.0055599213,80.2471466064,21971,21981,10
13.0062999725,80.2468032837,21981,21992,11
13.0065097809,80.246421814,21992,22002,10
13.0065698624,80.2462005615,22002,22012,10
13.0066204071,80.2456130981,22012,22022,10
13.0066299438,80.2449188232,22022,22032,10
13.0066299438,80.2441635132,22032,22042,10
13.0065803528,80.2432022095,22042,22052,10
13.0065498352,80.2421569824,22052,22062,10
13.0065898895,80.2411804199,22062,22072,10
13.0067300797,80.2403106689,22072,22083,11
13.0068998337,80.2394104004,22083,22093,10
13.0070800781,80.2384185791,22093,22103,10
13.0073204041,80.2374267578,22103,22113,10
13.0075302124,80.2364120483,22113,22123,10
13.0077104568,80.2354812622,22123,22133,10
13.0078897476,80.2345428467,22133,22143,10
13.0081100464,80.2334518433,22143,22153,10
13.0083503723,80.232208252,22153,22163,10
13.0085697174,80.2310180664,22163,22174,11
13.0088100433,80.2297592163,22174,22184,10
13.0090303421,80.2286682129,22184,22194,10
13.0093603134,80.2276229858,22194,22204,10
13.0098304749,80.2266082764,22204,22214,10
13.0102996826,80.2256469727,22214,22224,10
13.0107297897,80.2247161865,22224,22234,10
13.0111398697,80.2238235474,22234,22244,10
13.0115098953,80.2233505249,22244,22254,10
13.012140274,80.2236328125,22254,22265,11
13.0130195618,80.224067688,22265,22275,10
13.0138998032,80.2245178223,22275,22285,10
13.0145797729,80.2249221802,22285,22295,10
13.0153102875,80.2253189087,22295,22305,10
13.0159301758,80.2253417969,22305,22315,10
13.0166597366,80.2252578735,22315,22325,10
13.0175895691,80.2248916626,22325,22335,10
13.0184898376,80.2245178223,22335,22345,10
13.0193099976,80.2243499756,22345,22356,11
13.0197000504,80.2245178223,22356,22366,10
13.0200195313,80.2247390747,22366,22376,10
13.0205602646,80.2251205444,22376,22386,10
13.0211896896,80.2256164551,22386,22396,10
13.0214996338,80.2258224487,22396,22669,273
13.0218095779,80.2258224487,22669,22952,283
13.0218095779,80.2258224487,22952,22962,10
13.0219202042,80.2259597778,22962,22972,10
13.0222396851,80.2262573242,22972,22982,10
13.0227499008,80.2267608643,22982,22993,11
13.0233001709,80.2273406982,22993,23003,10
13.0238199234,80.2277908325,23003,23013,10
13.0241003036,80.2281265259,23013,23023,10
13.0243597031,80.2284164429,23023,23053,30
13.0243597031,80.2284164429,23053,23063,10
13.0244503021,80.2285385132,23063,23073,10
13.0242099762,80.2285079956,23073,23084,11
13.023900032,80.2281112671,23084,23094,10
13.0235700607,80.2277984619,23094,23144,50
13.0235700607,80.2277984619,23144,23154,10
13.0233297348,80.2275238037,23154,23164,10
13.0231704712,80.2273406982,23164,23185,21
13.0231704712,80.2273406982,23185,23195,10
13.0229301453,80.2270889282,23195,23205,10
13.0228595734,80.2270126343,23205,23215,10
13.0226402283,80.2268066406,23215,23225,10
13.0222797394,80.2265014648,23225,23235,10
13.0218200684,80.2261199951,23235,23245,10
13.0212697983,80.2257003784,23245,23255,10
13.0206804276,80.2252578735,23255,23265,10
13.0202198029,80.2249679565,23265,23276,11
13.0200796127,80.2248764038,23276,23286,10
13.0197401047,80.2246398926,23286,23296,10
13.0191001892,80.2245025635,23296,23306,10
13.0182695389,80.2247390747,23306,23316,10
13.0173797607,80.2250976563,23316,23326,10
13.0166597366,80.225402832,23326,23336,10
13.0163803101,80.2255096436,23336,23346,10
13.0159397125,80.2256393433,23346,23356,10
13.0152797699,80.2258682251,23356,23367,11
13.0144100189,80.2262420654,23367,23387,20
13.0144100189,80.2262420654,23387,23397,10
13.0140895844,80.2263336182,23397,23407,10
13.0135202408,80.2265777588,23407,23417,10
13.0127601624,80.2268600464,23417,23427,10
13.0120201111,80.2271575928,23427,23437,10
13.0110197067,80.2275772095,23437,23448,11
13.0101699829,80.2279205322,23448,23459,11
13.0092496872,80.2285003662,23459,23469,10
13.009059906,80.2293319702,23469,23479,10
13.0088596344,80.2303390503,23479,23489,10
13.0086803436,80.2312927246,23489,23499,10
13.0085000992,80.2322921753,23499,23509,10
13.0083398819,80.2331924438,23509,23518,9
13.008310318,80.2334518433,23518,23529,11
13.0082798004,80.233581543,23529,23539,10
13.0081396103,80.2341537476,23539,23550,11
13.0079603195,80.2349624634,23550,23560,10
13.0077600479,80.2359085083,23560,23570,10
13.0075597763,80.2369537354,23570,23580,10
13.007349968,80.2380218506,23580,23590,10
13.0071496964,80.2390823364,23590,23600,10
13.0069904327,80.2400131226,23600,23610,10
13.0068798065,80.2406234741,23610,23620,10
13.0068397522,80.2409820557,23620,23630,10
13.006819725,80.2411499023,23630,23641,11
13.006770134,80.2419433594,23641,23651,10
13.0067195892,80.2428512573,23651,23661,10
13.0066699982,80.2438812256,23661,23671,10
13.0066604614,80.2448425293,23671,23681,10
13.0066995621,80.2459182739,23681,23691,10
13.0067396164,80.2469863892,23691,23701,10
13.0064296722,80.2474212646,23701,23711,10
13.0063199997,80.2474212646,23711,23721,10
13.0061798096,80.2474365234,23721,23732,11
13.0061597824,80.2474365234,23732,23742,10
13.0061302185,80.247428894,23742,23752,10
13.0057001114,80.2473602295,23752,23762,10
13.0048904419,80.2473983765,23762,23772,10
13.0038003922,80.2475128174,23772,23782,10
13.0025596619,80.2477035522,23782,23792,10
13.001250267,80.2480316162,23792,23802,10
12.9998998642,80.2483825684,23802,23812,10
12.9985904694,80.2487411499,23812,23823,11
12.9981002808,80.2488708496,23823,23833,10
12.9976701736,80.2489624023,23833,23843,10
12.9968395233,80.2491531372,23843,23853,10
12.9957399368,80.2493972778,23853,23863,10
12.9945697784,80.249710083,23863,23873,10
12.9932603836,80.2500610352,23873,23883,10
12.9919700623,80.2503585815,23883,23893,10
12.9912700653,80.250579834,23893,23903,10
12.9911804199,80.2506027222,23903,23914,11
12.9909496307,80.2506484985,23914,23924,10
12.99036026,80.2507781982,23924,23934,10
12.9894199371,80.2509994507,23934,23944,10
12.9884595871,80.2512435913,23944,23954,10
12.9880104065,80.251373291,23954,24055,101
12.9880104065,80.251373291,24055,24065,10
12.9877595901,80.2515182495,24065,24075,10
12.9870500565,80.251701355,24075,24085,10
12.9862003326,80.2519226074,24085,24095,10
12.985159874,80.2521820068,24095,24106,11
12.9839200974,80.2524795532,24106,24116,10
12.9828596115,80.2526702881,24116,24126,10
12.981710434,80.2527084351,24126,24136,10
12.980629921,80.2527389526,24136,24146,10
12.9798297882,80.2527389526,24146,24156,10
12.9789600372,80.2526626587,24156,24166,10
12.978679657,80.2526168823,24166,24176,10
12.9785203934,80.2525177002,24176,24186,10
12.97797966,80.2521362305,24186,24197,11
12.9770898819,80.2514419556,24197,24207,10
12.9759397507,80.251083374,24207,24217,10
12.9748601913,80.2507705688,24217,24227,10
12.9736995697,80.2504577637,24227,24237,10
12.9724597931,80.2501220703,24237,24247,10
12.9711799622,80.24974823,24247,24257,10
12.9700603485,80.2493972778,24257,24267,10
12.968919754,80.2489395142,24267,24277,10
12.9679203033,80.2485122681,24277,24288,11
12.966750145,80.2480010986,24288,24298,10
12.9657096863,80.2475585938,24298,24308,10
12.9650402069,80.2473297119,24308,24318,10
12.9649400711,80.2473068237,24318,24328,10
12.9644498825,80.2471084595,24328,24338,10
12.9635601044,80.2467575073,24338,24348,10
12.9624204636,80.2462005615,24348,24358,10
12.9610700607,80.2455291748,24358,24368,10
12.9597997665,80.2449798584,24368,24379,11
12.9593000412,80.2447662354,24379,24389,10
12.9587602615,80.2444992065,24389,24399,10
12.9579401016,80.2441482544,24399,24409,10
12.9571399689,80.243888855,24409,24419,10
12.9564304352,80.2436599731,24419,24429,10
12.9561500549,80.2435531616,24429,24439,10
12.9554100037,80.2432022095,24439,24449,10
12.9543504715,80.2427062988,24449,24459,10
12.9531698227,80.2422027588,24459,24470,11
12.9519195557,80.2417602539,24470,24480,10
12.9516897202,80.2416687012,24480,24490,10
12.9513397217,80.2415390015,24490,24500,10
12.9504995346,80.2412719727,24500,24510,10
12.9494400024,80.2409515381,24510,24520,10
12.9487695694,80.2406997681,24520,24530,10
12.9480304718,80.2403717041,24530,24540,10
12.9473400116,80.2401123047,24540,24550,10
12.9471702576,80.2400512695,24550,24561,11
12.9468202591,80.239906311,24561,24571,10
12.9460201263,80.2395629883,24571,24581,10
12.9450597763,80.2389831543,24581,24591,10
12.9442195892,80.2380599976,24591,24601,10
12.9432601929,80.2369995117,24601,24611,10
12.941860199,80.2362976074,24611,24621,10
12.9403495789,80.2359390259,24621,24631,10
12.9397497177,80.2357635498,24631,24641,10
12.939620018,80.2357025146,24641,24652,11
12.939040184,80.2354202271,24652,24662,10
12.9380502701,80.2349090576,24662,24672,10
12.9368200302,80.2343215942,24672,24682,10
12.9356403351,80.2337799072,24682,24692,10
12.9344902039,80.2332687378,24692,24702,10
12.9338598251,80.2329864502,24702,24712,10
12.9338197708,80.2329406738,24712,24722,10
12.933259964,80.2326889038,24722,24732,10
12.9323101044,80.2322998047,24732,24742,10
12.9311103821,80.231880188,24742,24753,11
12.929690361,80.2314910889,24753,24763,10
12.9281997681,80.2312088013,24763,24773,10
12.9267396927,80.2310409546,24773,24783,10
12.9262599945,80.2309799194,24783,24793,10
12.9261198044,80.23097229,24793,24803,10
12.9254598618,80.2308883667,24803,24813,10
12.9244499207,80.2307510376,24813,24823,10
12.9233598709,80.2306213379,24823,24833,10
12.9221601486,80.2304077148,24833,24844,11
12.9205703735,80.23021698,24844,24854,10
12.9193496704,80.2300415039,24854,24864,10
12.9179601669,80.2298812866,24864,24874,10
12.9163198471,80.2296600342,24874,24884,10
12.9148397446,80.2294387817,24884,24894,10
12.9135704041,80.2293167114,24894,24904,10
12.9133501053,80.2293014526,24904,24914,10
12.9131202698,80.2292480469,24914,24924,10
12.9123897552,80.2291183472,24924,24935,11
12.9111003876,80.2289199829,24935,24945,10
12.9098501205,80.228729248,24945,24955,10
12.9085197449,80.2285232544,24955,24965,10
12.9073095322,80.2283401489,24965,24975,10
12.9065198898,80.2282791138,24975,24985,10
12.9062795639,80.2282409668,24985,24995,10
12.906129837,80.2282180786,24995,25005,10
12.905500412,80.228187561,25005,25015,10
12.9044303894,80.2281265259,25015,25026,11
12.9029197693,80.2280426025,25026,25036,10
12.9010000229,80.2279663086,25036,25096,60
12.9010000229,80.2279663086,25096,25106,10
12.9006900787,80.2279510498,25106,25117,11
12.8995704651,80.227897644,25117,25137,20
12.8995704651,80.227897644,25137,25147,10
12.8994598389,80.2278823853,25147,25157,10
12.8991098404,80.2278518677,25157,25167,10
12.8982601166,80.2278137207,25167,25177,10
12.8970899582,80.2277526855,25177,25187,10
12.8956604004,80.2276992798,25187,25197,10
12.8940200806,80.2276077271,25197,25208,11
12.8921604156,80.2274017334,25208,25218,10
12.8903598785,80.2273788452,25218,25228,10
12.8887300491,80.2273788452,25228,25238,10
12.8873701096,80.2272491455,25238,25248,10
12.8862304688,80.2270202637,25248,25258,10
12.8852701187,80.2267990112,25258,25268,10
12.8848400116,80.2267379761,25268,25278,10
12.8844995499,80.2267303467,25278,25288,10
12.8836297989,80.2267303467,25288,25299,11
12.8822803497,80.2267379761,25299,25309,10
12.88078022,80.2267608643,25309,25319,10
12.8790302277,80.2267913818,25319,25329,10
12.8774595261,80.2269210815,25329,25339,10
12.8766002655,80.2269897461,25339,25349,10
12.8763999939,80.2270126343,25349,25359,10
12.8762302399,80.2270126343,25359,25369,10
12.8755197525,80.2269821167,25369,25379,10
12.8743801117,80.2268371582,25379,25390,11
12.8729600906,80.2267074585,25390,25400,10
12.8725404739,80.2267303467,25400,25410,10
12.8722000122,80.2267303467,25410,25420,10
12.8712997437,80.2266769409,25420,25430,10
12.8700704575,80.2265777588,25430,25440,10
12.8685398102,80.2264175415,25440,25450,10
12.8667602539,80.2265319824,25450,25460,10
12.8649101257,80.2266082764,25460,25470,10
12.8631401062,80.2265396118,25470,25481,11
12.8615198135,80.2266387939,25481,25491,10
12.8609600067,80.2266387939,25491,25501,10
12.8608102798,80.2266311646,25501,25511,10
12.8600997925,80.2265396118,25511,25521,10
12.8589496613,80.2263565063,25521,25531,10
12.8574895859,80.2263031006,25531,25541,10
12.8557796478,80.2264633179,25541,25551,10
12.853969574,80.2266464233,25551,25561,10
12.8523797989,80.2267227173,25561,25572,11
12.8509197235,80.2266693115,25572,25582,10
12.8499202728,80.2266464233,25582,25592,10
12.8497400284,80.2266387939,25592,25602,10
12.8490200043,80.2266235352,25602,25612,10
12.847820282,80.2266311646,25612,25622,10
12.8464002609,80.2266387939,25622,25632,10
12.8455295563,80.2266464233,25632,25642,10
12.8454904556,80.2266464233,25642,25652,10
12.8451099396,80.2266616821,25652,25662,10
12.8441200256,80.2267379761,25662,25673,11
12.8428297043,80.2269287109,25673,25683,10
12.8414402008,80.2272109985,25683,25693,10
12.8403596878,80.2275085449,25693,25703,10
12.8397798538,80.2276992798,25703,25713,10
12.8391504288,80.2278366089,25713,25723,10
12.838060379,80.2281265259,25723,25733,10
12.8366098404,80.2284088135,25733,25743,10
12.8350696564,80.2286529541,25743,25753,10
12.8336400986,80.2288970947,25753,25764,11
12.8327102661,80.2290725708,25764,25774,10
12.8324899673,80.2291107178,25774,25784,10
12.8323402405,80.229133606,25784,25794,10
12.8317203522,80.2292480469,25794,25804,10
12.8306999207,80.2295684814,25804,25814,10
12.8294200897,80.2300491333,25814,25824,10
12.8279895782,80.230758667,25824,25834,10
12.8265695572,80.231338501,25834,25844,10
12.8251399994,80.2314376831,25844,25855,11
12.8233804703,80.2310714722,25855,25865,10
12.8216400146,80.2305603027,25865,25875,10
12.820019722,80.2304992676,25875,25885,10
12.8191404343,80.2305374146,25885,25895,10
12.8187999725,80.2304916382,25895,25905,10
12.8179197311,80.2300567627,25905,25915,10
12.8166399002,80.2295837402,25915,25925,10
12.8149795532,80.2293167114,25925,25935,10
12.8133001328,80.2289199829,25935,25946,11
12.8116703033,80.2283401489,25946,25956,10
12.8101100922,80.2277297974,25956,25966,10
12.8090496063,80.2271728516,25966,25976,10
12.8079996109,80.2263336182,25976,25986,10
12.8072395325,80.2256698608,25986,25996,10
12.8066997528,80.2251815796,25996,26006,10
12.8060998917,80.224647522,26006,26016,10
12.8055095673,80.2241897583,26016,26026,10
12.8050603867,80.2240371704,26026,26037,11
12.804690361,80.2239608765,26037,26047,10
12.8040599823,80.2238998413,26047,26057,10
12.8031997681,80.2238388062,26057,26067,10
12.8020200729,80.2236785889,26067,26077,10
12.8007698059,80.2235565186,26077,26087,10
12.7993402481,80.223449707,26087,26097,10
12.7978401184,80.2232894897,26097,26107,10
12.7967796326,80.2231216431,26107,26117,10
12.7959699631,80.2229766846,26117,26128,11
12.7957801819,80.2229385376,26128,26138,10
12.7952804565,80.2228622437,26138,26148,10
12.7943096161,80.2227020264,26148,26158,10
12.7931003571,80.2225112915,26158,26168,10
12.7917804718,80.2222213745,26168,26178,10
12.7905597687,80.2219161987,26178,26188,10
12.7897500992,80.2217102051,26188,26198,10
12.7892303467,80.2215576172,26198,26208,10
12.7887096405,80.2213363647,26208,26219,11
12.7879495621,80.2210388184,26219,26229,10
12.7874202728,80.2208480835,26229,26239,10
12.7868299484,80.2206115723,26239,26259,20
12.7868299484,80.2206115723,26259,26269,10
12.7865200043,80.2204971313,26269,26279,10
12.7864398956,80.2204666138,26279,26289,10
12.7861995697,80.2203826904,26289,26299,10
12.7856397629,80.2201309204,26299,26309,10
12.7848100662,80.2197036743,26309,26320,11
12.7836799622,80.2190628052,26320,26330,10
12.7824602127,80.2183685303,26330,26340,10
12.7809896469,80.2175674438,26340,26350,10
12.7795200348,80.2167892456,26350,26360,10
12.777970314,80.2159805298,26360,26370,10
12.7763395309,80.2153015137,26370,26380,10
12.7748804092,80.2147216797,26380,26390,10
12.7735500336,80.2142028809,26390,26400,10
12.7723903656,80.213760376,26400,26411,11
12.7713003159,80.2133712769,26411,26421,10
12.7709197998,80.2132720947,26421,27543,1122
12.7709197998,80.2132720947,27543,27553,10
12.7707395554,80.2130584717,27553,27563,10
12.7709102631,80.2126998901,27563,27573,10
12.7710199356,80.2121200562,27573,27584,11
12.7712497711,80.2114028931,27584,27594,10
12.7715196609,80.2108535767,27594,27604,10
12.7719202042,80.2101287842,27604,27614,10
12.7722597122,80.2092895508,27614,27624,10
12.7724199295,80.2087936401,27624,27634,10
12.7725801468,80.2081680298,27634,27644,10
12.7727899551,80.2075195313,27644,27654,10
12.7729597092,80.206817627,27654,27664,10
12.7732000351,80.2060394287,27664,27675,11
12.7733898163,80.2051773071,27675,27685,10
12.7735004425,80.2043762207,27685,27695,10
12.7735004425,80.2042922974,27695,27704,9
12.7735204697,80.203918457,27704,27715,11
12.7736797333,80.2030715942,27715,27725,10
12.7737903595,80.2026977539,27725,27735,10
12.7738103867,80.2026062012,27735,27745,10
12.7738704681,80.2018814087,27745,27755,10
12.7739400864,80.2009811401,27755,27765,10
12.774020195,80.2001190186,27765,27776,11
12.7740802765,80.1992874146,27776,27786,10
12.7741699219,80.1984405518,27786,27796,10
12.7741804123,80.1976928711,27796,27806,10
12.7742300034,80.1969909668,27806,27816,10
12.7742500305,80.1963577271,27816,27826,10
12.774310112,80.1955413818,27826,27836,10
12.7744598389,80.1946868896,27836,27846,10
12.7746200562,80.1939315796,27846,27856,10
12.7747097015,80.1936798096,27856,27867,11
12.7748804092,80.1931915283,27867,27877,10
12.7753601074,80.192527771,27877,27887,10
12.7753601074,80.1919326782,27887,27897,10
12.7752504349,80.1913909912,27897,27907,10
12.7749595642,80.1907196045,27907,27917,10
12.7743797302,80.1900863647,27917,27927,10
12.773639679,80.1895065308,27927,27937,10
12.7726402283,80.1891174316,27937,27947,10
12.7716503143,80.1887664795,27947,27958,11
12.7710399628,80.188117981,27958,27968,10
12.770939827,80.1872329712,27968,27978,10
12.7708396912,80.1864624023,27978,27988,10
12.7707395554,80.1849517822,27988,27998,10
12.7707395554,80.1849517822,27998,28008,10
12.7705097198,80.1846313477,28008,28018,10
12.7705001831,80.1846313477,28018,28028,10
12.7701597214,80.1845626831,28028,28038,10
12.7696199417,80.184387207,28038,28049,11
12.769200325,80.1842193604,28049,28062,13
12.769200325,80.184211731,28062,28072,10
12.7691602707,80.184173584,28072,28082,10
12.7689199448,80.1839981079,28082,28093,11
12.7686901093,80.1837921143,28093,28103,10
12.7684803009,80.18359375,28103,28113,10
12.7683000565,80.1834716797,28113,28123,10
12.7680597305,80.183380127,28123,28134,11
12.7677001953,80.1832580566,28134,28144,10
12.767490387,80.1831893921,28144,28153,9
12.7671499252,80.1830673218,28153,28164,11
12.7667999268,80.1829071045,28164,28285,121
12.7667999268,80.1829071045,28285,28295,10
12.7667598724,80.1828765869,28295,28305,10
12.7664604187,80.182762146,28305,28316,11
12.7660198212,80.1826629639,28316,28326,10
12.7656097412,80.1826095581,28326,28336,10
12.7650699615,80.1825408936,28336,28346,10
12.7645797729,80.1824798584,28346,28356,10
12.7640399933,80.1824111938,28356,28366,10
12.7636499405,80.1823806763,28366,28376,10
12.7634801865,80.1827774048,28376,28386,10
12.7633104324,80.1832809448,28386,28396,10
12.7631797791,80.1836700439,28396,28406,10
12.7630596161,80.1840286255,28406,28417,11
12.7630901337,80.1843719482,28417,28427,10
12.7630596161,80.1847229004,28427,28437,10
12.762840271,80.1849899292,28437,28447,10
12.7625398636,80.1849365234,28447,28457,10
12.7623996735,80.184928894,28457,28467,10
12.7621603012,80.1849212646,28467,28477,10
12.7618503571,80.1848983765,28477,28487,10
12.7614898682,80.1848220825,28487,28497,10
12.761300087,80.184677124,28497,28528,31
12.7614603043,80.1847381592,28528,28797,269
12.7614603043,80.1847381592,28797,28807,10
12.761879921,80.1849594116,28807,28817,10
12.7619104385,80.1849594116,28817,28827,10
12.762169838,80.1849594116,28827,28837,10
12.7624197006,80.1849517822,28837,28847,10
12.7626600266,80.1849822998,28847,28857,10
12.7629699707,80.184967041,28857,28867,10
12.7630796432,80.1846389771,28867,28878,11
12.7630596161,80.1842803955,28878,28888,10
12.7630500793,80.1840362549,28888,28898,10
12.7631101608,80.1837921143,28898,28908,10
12.7631998062,80.1835403442,28908,28928,20
12.7631998062,80.1835403442,28928,28937,9
12.763299942,80.1833114624,28937,28948,11
12.7634401321,80.182800293,28948,28958,10
12.763589859,80.1823883057,28958,28969,11
12.7640399933,80.1824264526,28969,28979,10
12.7645301819,80.1824798584,28979,28989,10
12.7650699615,80.1825408936,28989,28999,10
12.7656602859,80.1826171875,28999,29009,10
12.7662000656,80.1826934814,29009,29019,10
12.7667703629,80.1828308105,29019,29029,10
12.7672395706,80.1830596924,29029,29039,10
12.7677898407,80.1832580566,29039,29049,10
12.7683296204,80.1834487915,29049,29060,11
12.7686901093,80.1837387085,29060,29070,10
12.7692699432,80.184211731,29070,29090,20
12.7692699432,80.184211731,29090,29100,10
12.7697896957,80.1844482422,29100,29110,10
12.7697896957,80.1844482422,29110,29120,10
12.7706298828,80.184677124,29120,29140,20
12.7706298828,80.184677124,29140,29151,11
12.7706899643,80.1847076416,29151,29161,10
12.7707796097,80.1850204468,29161,29174,13
12.7708301544,80.1856231689,29174,29184,10
12.770939827,80.186882019,29184,29204,20
12.770939827,80.186882019,29204,29214,10
12.7709703445,80.1871032715,29214,29224,10
12.7710199356,80.1876602173,29224,29234,10
12.7711400986,80.1884613037,29234,29245,11
12.7717399597,80.1888809204,29245,29255,10
12.7725496292,80.1891403198,29255,29265,10
12.7734899521,80.1895523071,29265,29275,10
12.7742099762,80.1899414063,29275,29284,9
12.774889946,80.1906585693,29284,29295,11
12.7753095627,80.1916503906,29295,29305,10
12.7754201889,80.1923980713,29305,29315,10
12.7750597,80.1930007935,29315,29325,10
12.7746696472,80.1938323975,29325,29346,21
12.7746696472,80.1938323975,29346,29356,10
12.7745599747,80.1941223145,29356,29366,10
12.7744398117,80.1948165894,29366,29376,10
12.7742795944,80.195640564,29376,29386,10
12.7742595673,80.1959381104,29386,29396,10
12.7742395401,80.1964111328,29396,29406,10
12.7742204666,80.1970977783,29406,29416,10
12.774189949,80.1979370117,29416,29427,11
12.7741098404,80.1989822388,29427,29437,10
12.774020195,80.2000427246,29437,29447,10
12.7739095688,80.201210022,29447,29467,20
12.7739095688,80.201210022,29467,29477,10
12.7739095688,80.2013702393,29477,29487,10
12.7738704681,80.2018585205,29487,29497,10
12.7738199234,80.2026062012,29497,29507,10
12.7736101151,80.2034606934,29507,29517,10
12.7734899521,80.2043533325,29517,29528,11
12.7733602524,80.2053527832,29528,29538,10
12.7731599808,80.2061767578,29538,29548,10
12.773059845,80.2065124512,29548,29558,10
12.7730398178,80.2065582275,29558,29568,10
12.7729301453,80.2068786621,29568,29578,10
12.7727804184,80.2075119019,29578,29588,10
12.7725896835,80.2081604004,29588,29598,10
12.7725496292,80.2083206177,29598,29608,10
12.7724895477,80.2086105347,29608,29619,11
12.7722702026,80.2092971802,29619,29629,10
12.7719602585,80.2100982666,29629,29639,10
12.7715196609,80.2109222412,29639,29649,10
12.7711496353,80.2117080688,29649,29659,10
12.7710399628,80.2122497559,29659,29669,10
12.7708501816,80.2129135132,29669,29679,10
12.7709999084,80.2131576538,29679,29710,31
12.7709999084,80.2131576538,29710,29720,10
12.7712898254,80.2132568359,29720,29730,10
12.7718200684,80.2134399414,29730,29740,10
12.7725200653,80.2136993408,29740,29750,10
12.7733402252,80.2140426636,29750,29760,10
12.7742595673,80.2144012451,29760,29770,10
12.775270462,80.2148208618,29770,29780,10
12.7763795853,80.2152633667,29780,29790,10
12.7775602341,80.2157516479,29790,29801,11
12.778840065,80.2163391113,29801,29811,10
12.7799301147,80.2169189453,29811,29821,10
12.7809801102,80.2174835205,29821,29831,10
12.7820501328,80.2180709839,29831,29841,10
12.7831602097,80.2186889648,29841,29851,10
12.784119606,80.2192306519,29851,29861,10
12.7848501205,80.2196578979,29861,29871,10
12.785610199,80.2200317383,29871,29881,10
12.7861204147,80.2202606201,29881,29892,11
12.7863998413,80.2203826904,29892,29902,10
12.7867202759,80.220489502,29902,30013,111
12.7867202759,80.220489502,30013,30023,10
12.7870502472,80.2206573486,30023,30033,10
12.7872495651,80.220741272,30033,30043,10
12.7876796722,80.2208786011,30043,30053,10
12.7880802155,80.2210388184,30053,30063,10
12.7888002396,80.2212982178,30063,30074,11
12.7897195816,80.2216186523,30074,30084,10
12.7906398773,80.2218704224,30084,30094,10
12.7917299271,80.2221374512,30094,30104,10
12.7930402756,80.2224273682,30104,30114,10
12.7945203781,80.22265625,30114,30124,10
12.7957401276,80.2228622437,30124,30134,10
12.7963600159,80.2229385376,30134,30144,10
12.796380043,80.2229385376,30144,30154,10
12.7964200974,80.2229614258,30154,30164,10
12.7970199585,80.2230834961,30164,30175,11
12.7978897095,80.2232284546,30175,30185,10
12.7989196777,80.2233581543,30185,30195,10
12.8000402451,80.2234573364,30195,30205,10
12.8011198044,80.2235488892,30205,30215,10
12.8014802933,80.2235794067,30215,30225,10
12.80148983,80.2235794067,30225,30235,10
12.801609993,80.2236480713,30235,30245,10
12.8026103973,80.223739624,30245,30266,21
12.8026103973,80.223739624,30266,30276,10
12.8029603958,80.2237930298,30276,30286,10
12.8036603928,80.2238693237,30286,30296,10
12.8046302795,80.2239379883,30296,30306,10
12.8053598404,80.2240829468,30306,30316,10
12.8055801392,80.2241363525,30316,30326,10
12.8056297302,80.2241821289,30326,30336,10
12.8058996201,80.2243881226,30336,30346,10
12.8065595627,80.2249832153,30346,30357,11
12.8075895309,80.2258529663,30357,30367,10
12.8086004257,80.2267074585,30367,30377,10
12.8098497391,80.2275466919,30377,30387,10
12.8113603592,80.2281799316,30387,30397,10
12.8129997253,80.228767395,30397,30407,10
12.8147096634,80.2292404175,30407,30417,10
12.8164596558,80.2294921875,30417,30427,10
12.8180198669,80.2300186157,30427,30437,10
12.8198699951,80.2304229736,30437,30458,21
12.8198699951,80.2304229736,30458,30468,10
12.8199701309,80.2304382324,30468,30478,10
12.8204298019,80.2304382324,30478,30488,10
12.8213300705,80.2304534912,30488,30498,10
12.8224496841,80.2306671143,30498,30508,10
12.8236904144,80.2310409546,30508,30518,10
12.8250398636,80.231338501,30518,30528,10
12.8260402679,80.2313232422,30528,30539,11
12.8261499405,80.2313079834,30539,30549,10
12.826210022,80.2312927246,30549,30559,10
12.826669693,80.2312469482,30559,30569,10
12.8275003433,80.2310180664,30569,30579,10
12.8284797668,80.2304763794,30579,30589,10
12.8296203613,80.2299499512,30589,30599,10
12.8308401108,80.2294311523,30599,30640,41
12.8308401108,80.2294311523,30640,30650,10
12.8313703537,80.2292404175,30650,30690,40
12.8313703537,80.2292404175,30690,30700,10
12.8317203522,80.2291564941,30700,30710,10
12.832400322,80.2290420532,30710,30721,11
12.8333902359,80.2288589478,30721,30731,10
12.8344802856,80.2286529541,30731,30741,10
12.8356103897,80.228477478,30741,30751,10
12.8368797302,80.2282867432,30751,30761,10
12.8380098343,80.2281036377,30761,30771,10
12.8389196396,80.2278594971,30771,30781,10
12.839509964,80.2277297974,30781,30801,20
12.839509964,80.2277297974,30801,30812,11
12.8396196365,80.2276992798,30812,30822,10
12.8401203156,80.2275619507,30822,30832,10
12.8404598236,80.2274780273,30832,30842,10
12.8411598206,80.2272796631,30842,30852,10
12.8421602249,80.2270278931,30852,30862,10
12.8433103561,80.2267684937,30862,30872,10
12.8444404602,80.2266387939,30872,30882,10
12.8453397751,80.2265319824,30882,30933,51
12.8453397751,80.2265319824,30933,30943,10
12.8457803726,80.2265319824,30943,30973,30
12.8457803726,80.2265319824,30973,30983,10
12.8458995819,80.2265014648,30983,30993,10
12.8462600708,80.2265014648,30993,31004,11
12.8471298218,80.2265090942,31004,31014,10
12.8481302261,80.2265319824,31014,31024,10
12.8490200043,80.2265167236,31024,31034,10
12.8499603271,80.2265090942,31034,31044,10
12.8502902985,80.2265014648,31044,31054,10
12.850520134,80.2265167236,31054,31064,10
12.8512601852,80.2265472412,31064,31074,10
12.8522996902,80.2266082764,31074,31084,10
12.8535900116,80.2265930176,31084,31095,11
12.8551998138,80.2264404297,31095,31105,10
12.8568201065,80.2262802124,31105,31115,10
12.8584098816,80.2261810303,31115,31125,10
12.8597898483,80.2263412476,31125,31135,10
12.8606796265,80.2264633179,31135,31145,10
12.8607196808,80.2264633179,31145,31155,10
12.8610200882,80.2264785767,31155,31165,10
12.8617897034,80.2265014648,31165,31175,10
12.8629302979,80.2264633179,31175,31186,11
12.8644399643,80.2264785767,31186,31196,10
12.8660001755,80.2264785767,31196,31206,10
12.8675699234,80.2263793945,31206,31216,10
12.8691396713,80.2263793945,31216,31226,10
12.8707504272,80.2265396118,31226,31236,10
12.8720197678,80.226600647,31236,31246,10
12.8726701736,80.2265930176,31246,31266,20
12.8726701736,80.2265930176,31266,31277,11
12.8731298447,80.2266235352,31277,31287,10
12.8739900589,80.2266769409,31287,31297,10
12.8750896454,80.2268218994,31297,31307,10
12.87596035,80.2269134521,31307,31317,10
12.8764200211,80.2268981934,31317,31327,10
12.8768796921,80.2268676758,31327,31337,10
12.8770103455,80.2268371582,31337,31347,10
12.8773498535,80.2268218994,31347,31357,10
12.8781700134,80.2267532349,31357,31368,11
12.8793802261,80.2266769409,31368,31378,10
12.8804798126,80.2266769409,31378,31388,10
12.8815698624,80.2266693115,31388,31398,10
12.8828496933,80.2266464233,31398,31408,10
12.8839998245,80.2266311646,31408,31418,10
12.8847503662,80.2266235352,31418,31428,10
12.8850603104,80.2266235352,31428,31448,20
12.8850603104,80.2266235352,31448,31459,11
12.8856201172,80.2267227173,31459,31469,10
12.8864803314,80.2269363403,31469,31479,10
12.8875398636,80.2271575928,31479,31489,10
12.8888196945,80.2272796631,31489,31499,10
12.8902597427,80.2272796631,31499,31509,10
12.8914003372,80.2272796631,31509,31519,10
12.8921003342,80.2272872925,31519,31529,10
12.8927297592,80.2273635864,31529,31539,10
12.8935098648,80.2274627686,31539,31550,11
12.894200325,80.2275390625,31550,31560,10
12.8950300217,80.2275772095,31560,31570,10
12.8961496353,80.2276229858,31570,31580,10
12.8975000381,80.2276916504,31580,31590,10
12.8987398148,80.2277526855,31590,31600,10
12.8996200562,80.2277984619,31600,31610,10
12.9004602432,80.2278366089,31610,31731,121
12.9004602432,80.2278366089,31731,31742,11
12.9006299973,80.2278366089,31742,31762,20
12.9006299973,80.2278366089,31762,31772,10
12.9008798599,80.2278823853,31772,31782,10
12.9013595581,80.2279281616,31782,31792,10
12.9020700455,80.2279586792,31792,31802,10
12.9026603699,80.2279663086,31802,31812,10
12.9030504227,80.2279510498,31812,31833,21
12.9030504227,80.2279510498,31833,31843,10
12.9031400681,80.2279434204,31843,31853,10
12.9035396576,80.2279815674,31853,31863,10
12.9038095474,80.2279968262,31863,31873,10
12.904299736,80.2280426025,31873,31883,10
12.9048204422,80.2280807495,31883,31944,61
12.9051303864,80.2281265259,31944,31964,20
12.9051303864,80.2281265259,31964,31974,10
12.9054203033,80.2281494141,31974,31984,10
12.9057703018,80.2281417847,31984,32075,91
12.9057703018,80.2281417847,32075,32085,10
12.9061603546,80.2282104492,32085,32095,10
12.9064798355,80.2282180786,32095,32116,21
12.9064798355,80.2282180786,32116,32126,10
12.9071502686,80.2282409668,32126,32146,20
12.9071502686,80.2282409668,32146,32156,10
12.9076299667,80.228302002,32156,32166,10
12.9084596634,80.2284393311,32166,32176,10
12.9095401764,80.2286224365,32176,32186,10
12.9108295441,80.2288208008,32186,32197,11
12.9124202728,80.229057312,32197,32207,10
12.913599968,80.2291870117,32207,32217,10
12.9140996933,80.2292785645,32217,32237,20
12.9140996933,80.2292785645,32237,32247,10
12.9144096375,80.2293167114,32247,32257,10
12.9146699905,80.2293319702,32257,32267,10
12.9152898788,80.2294387817,32267,32277,10
12.9163799286,80.2296218872,32277,32288,11
12.9177103043,80.2297973633,32288,32298,10
12.919090271,80.2299880981,32298,32308,10
12.9206495285,80.2301864624,32308,32318,10
12.9223003387,80.2304000854,32318,32328,10
12.924030304,80.2306594849,32328,32338,10
12.9254102707,80.2308425903,32338,32348,10
12.9265098572,80.2309265137,32348,32368,20
12.9265098572,80.2309265137,32368,32378,10
12.9265804291,80.2309570313,32378,32389,11
12.9270601273,80.2310180664,32389,32399,10
12.9278402328,80.2311172485,32399,32409,10
12.9287204742,80.2312316895,32409,32419,10
12.9296398163,80.2314224243,32419,32429,10
12.9306602478,80.2316818237,32429,32439,10
12.93171978,80.2320327759,32439,32449,10
12.9327898026,80.2323608398,32449,32459,10
12.9333400726,80.2325820923,32459,32469,10
12.9337797165,80.2327804565,32469,32510,41
12.9337797165,80.2327804565,32510,32520,10
12.9342403412,80.2330169678,32520,32530,10
12.9347896576,80.2332611084,32530,32540,10
12.935549736,80.2336120605,32540,32550,10
12.9361696243,80.2339096069,32550,32560,10
12.9369602203,80.2342834473,32560,32571,11
12.9379701614,80.2347488403,32571,32581,10
12.9390001297,80.2352676392,32581,32591,10
12.9397497177,80.2356414795,32591,32631,40
12.9397497177,80.2356414795,32631,32640,9
12.9399995804,80.2358169556,32640,32651,11
12.940320015,80.2359313965,32651,32662,11
12.9409103394,80.2360916138,32662,32672,10
12.9416399002,80.2362594604,32672,32682,10
12.9425201416,80.2365112305,32682,32692,10
12.9433403015,80.2370223999,32692,32702,10
12.9441204071,80.2378234863,32702,32712,10
12.9448003769,80.2385635376,32712,32722,10
12.9458703995,80.2394104004,32722,32732,10
12.9466495514,80.2397003174,32732,32742,10
12.9472503662,80.2399368286,32742,32773,31
12.9472503662,80.2399368286,32773,32783,10
12.9475097656,80.2400512695,32783,32793,10
12.9477500916,80.2401428223,32793,32803,10
12.94810009,80.2402877808,32803,32813,10
12.9485397339,80.2404708862,32813,32823,10
12.9491996765,80.2407073975,32823,32833,10
12.949930191,80.2409591675,32833,32844,11
12.9508695602,80.2412490845,32844,32864,20
12.9508695602,80.2412490845,32864,32874,10
12.9510698318,80.241317749,32874,32884,10
12.9514303207,80.2414703369,32884,32904,20
12.9514303207,80.2414703369,32904,32914,10
12.9516496658,80.2415466309,32914,32924,10
12.952050209,80.2416992188,32924,32935,11
12.9527997971,80.2419891357,32935,32945,10
12.9536600113,80.2423400879,32945,32955,10
12.9539403915,80.2424163818,32955,32965,10
12.9540901184,80.2425079346,32965,32975,10
12.9544897079,80.2426681519,32975,32985,10
12.9551095963,80.2429122925,32985,32995,10
12.9558401108,80.2431564331,32995,33005,10
12.9563703537,80.2433624268,33005,33015,10
12.9564800262,80.2434234619,33015,33026,11
12.9570503235,80.2436599731,33026,33036,10
12.9578199387,80.2440032959,33036,33046,10
12.9584598541,80.2442626953,33046,33056,10
12.9588298798,80.244430542,33056,33076,20
12.9588298798,80.244430542,33076,33086,10
12.9589796066,80.2444915771,33086,33096,10
12.9590797424,80.2445526123,33096,33106,10
12.9591398239,80.2445831299,33106,33117,11
12.9593296051,80.2446975708,33117,33127,10
12.9597196579,80.2448806763,33127,33137,10
12.9603900909,80.2451477051,33137,33167,30
12.9603900909,80.2451477051,33167,33177,10
12.9605703354,80.2452163696,33177,33187,10
12.9610395432,80.2454376221,33187,33197,10
12.9614295959,80.2456207275,33197,33208,11
12.9617004395,80.2457504272,33208,33218,10
12.9619102478,80.2458572388,33218,33228,10
12.9621295929,80.2459564209,33228,33238,10
12.962439537,80.2461090088,33238,33268,30
12.9627799988,80.2463531494,33268,33359,91
12.9627799988,80.2463531494,33359,33369,10
12.9630498886,80.24659729,33369,33379,10
12.9633798599,80.2467269897,33379,33389,10
12.9638204575,80.2469024658,33389,33400,11
12.9645595551,80.2471389771,33400,33410,10
12.9652500153,80.2473602295,33410,33420,10
12.965760231,80.2474899292,33420,33430,10
12.9660396576,80.2476196289,33430,33440,10
12.9662599564,80.247718811,33440,33450,10
12.9667396545,80.2479019165,33450,33491,41
12.9667396545,80.2479019165,33491,33501,10
12.967089653,80.2480773926,33501,33511,10
12.9677600861,80.2483825684,33511,33521,10
12.9687900543,80.2487869263,33521,33531,10
12.9698801041,80.2492370605,33531,33541,10
12.9710502625,80.249671936,33541,33551,10
12.9721899033,80.2499694824,33551,33561,10
12.9730701447,80.2502365112,33561,33571,10
12.9735603333,80.2503814697,33571,33582,11
12.974029541,80.2505111694,33582,33592,10
12.9747695923,80.2507019043,33592,33602,10
12.9757995605,80.2509765625,33602,33612,10
12.9767599106,80.2512588501,33612,33622,10
12.9775400162,80.2515792847,33622,33632,10
12.9785299301,80.2522964478,33632,33784,152
12.9787197113,80.2524185181,33784,33885,101
12.9787197113,80.2524185181,33885,33895,10
12.979060173,80.2525634766,33895,33905,10
12.9793395996,80.2526016235,33905,33915,10
12.9798202515,80.2526473999,33915,33925,10
12.9802799225,80.2526702881,33925,33935,10
12.9806995392,80.2526702881,33935,33946,11
12.9815597534,80.2526168823,33946,33956,10
12.982460022,80.2525634766,33956,33966,10
12.9830799103,80.2525024414,33966,33976,10
12.9833097458,80.2524871826,33976,33986,10
12.9834499359,80.2524719238,33986,33996,10
12.9836502075,80.2524414063,33996,34006,10
12.9842996597,80.252243042,34006,34512,506
12.9842996597,80.252243042,34512,34522,10
12.9846601486,80.252166748,34522,34532,10
12.9850196838,80.2520523071,34532,34542,10
12.9853200912,80.2519607544,34542,34552,10
12.985449791,80.2519226074,34552,34562,10
12.985710144,80.2518386841,34562,34572,10
12.9862003326,80.2517166138,34572,34582,10
12.9864797592,80.2516479492,34582,34593,11
12.9869499207,80.2515106201,34593,34603,10
12.9873800278,80.251373291,34603,34613,10
12.9877500534,80.2512893677,34613,34623,10
12.9883403778,80.2511520386,34623,34633,10
12.9894104004,80.2508621216,34633,34653,20
12.9894104004,80.2508621216,34653,34663,10
12.989569664,80.2508773804,34663,34673,10
12.9901103973,80.2507476807,34673,34684,11
12.9910802841,80.2504806519,34684,34694,10
12.9921798706,80.250213623,34694,34704,10
12.9933900833,80.2499084473,34704,34714,10
12.9946298599,80.2495880127,34714,34724,10
12.9957895279,80.2493362427,34724,34734,10
12.9966001511,80.2490997314,34734,34744,10
12.9967098236,80.2490692139,34744,34754,10
12.9968004227,80.2490234375,34754,34764,10
12.9971904755,80.2489471436,34764,34775,11
12.9980201721,80.2487106323,34775,34785,10
12.9992198944,80.2484130859,34785,34795,10
13.0004301071,80.2481002808,34795,34805,10
13.0016698837,80.2478027344,34805,34815,10
13.002820015,80.2475585938,34815,34825,10
13.0040102005,80.2473602295,34825,34835,10
13.0051898956,80.2472000122,34835,34845,10
13.0061397552,80.246887207,34845,34855,10
13.0065603256,80.2462997437,34855,34876,21
13.0065603256,80.2462997437,34876,34886,10
13.0066099167,80.2462387085,34886,34896,10
13.0066404343,80.2457962036,34896,34906,10
13.006649971,80.2450714111,34906,34916,10
13.0066099167,80.2442321777,34916,34926,10
13.0066003799,80.243347168,34926,34936,10
13.006529808,80.242401123,34936,34946,10
13.0066204071,80.2409133911,34946,35027,81
13.0066204071,80.2409133911,35027,35037,10
13.0066795349,80.2403793335,35037,35047,10
13.0067796707,80.240020752,35047,35058,11
13.0069799423,80.2390670776,35058,35068,10
13.0071401596,80.238067627,35068,35078,10
13.007349968,80.2371826172,35078,35088,10
13.007399559,80.2367324829,35088,35098,10
13.0074100494,80.2367095947,35098,35108,10
13.0075597763,80.2362976074,35108,35118,10
13.0076904297,80.2355804443,35118,35128,10
13.007900238,80.2345733643,35128,35138,10
13.008099556,80.2334365845,35138,35149,11
13.0083799362,80.2321166992,35149,35159,10
13.008600235,80.2309494019,35159,35169,10
13.0088195801,80.2298202515,35169,35179,10
13.0090398788,80.2286376953,35179,35189,10
13.0094203949,80.2276000977,35189,35199,10
13.0099000931,80.2265777588,35199,35209,10
13.0102300644,80.225982666,35209,35219,10
13.0105199814,80.2254180908,35219,35229,10
13.0107698441,80.2248077393,35229,35240,11
13.0108203888,80.2244033813,35240,35250,10
13.0109300613,80.2242126465,35250,35260,10
13.0111103058,80.2238311768,35260,35270,10
13.0112600327,80.2233581543,35270,35280,10
13.0116195679,80.222618103,35280,35290,10
13.0118398666,80.2218933105,35290,35300,10
13.0122003555,80.2214202881,35300,35310,10
13.0124502182,80.2217407227,35310,35320,10
13.0127296448,80.2220993042,35320,35331,11
13.0131797791,80.2225494385,35331,35341,10
13.0136299133,80.2230834961,35341,35351,10
13.0140399933,80.2235412598,35351,35361,10
13.0143003464,80.2238769531,35361,35371,10
13.0147895813,80.2243499756,35371,35381,10
13.0149097443,80.2244720459,35381,35391,10
13.0151596069,80.2246780396,35391,35401,10
13.0153398514,80.2248382568,35401,35411,10
13.0155601501,80.2250213623,35411,35432,21
13.0155601501,80.2250213623,35432,35442,10
13.0158901215,80.2253036499,35442,35452,10
13.0164804459,80.2253189087,35452,35462,10
13.0168800354,80.2251586914,35462,35472,10
13.0171298981,80.2250518799,35472,35482,10
13.0174398422,80.2249221802,35482,35492,10
13.0177698135,80.2247772217,35492,35502,10
13.0181798935,80.224609375,35502,35533,31
13.0182600021,80.2245788574,35533,35553,20
13.0182600021,80.2245788574,35553,35563,10
13.0185604095,80.2244491577,35563,35573,10
13.0189304352,80.2243118286,35573,35583,10
13.0191602707,80.2243118286,35583,35634,51
13.0191602707,80.2243118286,35634,35644,10
13.0194396973,80.2243804932,35644,35654,10
13.0195703506,80.2244415283,35654,35664,10
13.0197601318,80.2245483398,35664,35674,10
13.0201396942,80.224861145,35674,35684,10
13.020529747,80.225151062,35684,35695,11
13.0208797455,80.225402832,35695,35705,10
13.0211000443,80.2255706787,35705,35725,20
13.0211000443,80.2255706787,35725,35735,10
13.0212697983,80.2257995605,35735,35745,10
13.0216598511,80.22605896,35745,35765,20
13.0216598511,80.22605896,35765,35775,10
13.0218801498,80.2261505127,35775,35806,31
13.0218801498,80.2261505127,35806,35816,10
13.0221996307,80.2264099121,35816,35826,10
13.0223302841,80.2265167236,35826,35836,10
13.0224399567,80.226600647,35836,35846,10
13.0225696564,80.2266921997,35846,35856,10
13.022769928,80.2268676758,35856,35907,51
13.022769928,80.2268676758,35907,35917,10
13.0229997635,80.2271499634,35917,35927,10
13.0231800079,80.2273330688,35927,35937,10
13.0234203339,80.2275314331,35937,35947,10
13.0237398148,80.2277832031,35947,35957,10
13.0239200592,80.2279510498,35957,35988,31
13.0239200592,80.2279510498,35988,35998,10
13.0242204666,80.2283401489,35998,36018,20
13.0242204666,80.2283401489,36018,36028,10
13.0244197845,80.2285690308,36028,36038,10
13.0246295929,80.2288284302,36038,36048,10
13.0247602463,80.2290420532,36048,36058,10
13.0249996185,80.229347229,36058,36069,11
13.025270462,80.229637146,36069,36079,10
13.0253000259,80.2296676636,36079,36089,10
13.0254201889,80.2297668457,36089,36099,10
13.0255403519,80.2299804688,36099,36109,10
13.0256996155,80.23021698,36109,36119,10
13.0258197784,80.2304077148,36119,36129,10
13.0259199142,80.2306671143,36129,36139,10
13.0260000229,80.2310180664,36139,36149,10
13.0261898041,80.2312393188,36149,36160,11
13.0269603729,80.2310791016,36160,36170,10
13.0278501511,80.2309112549,36170,36180,10
13.0284004211,80.2308883667,36180,36210,30
13.0286397934,80.2308883667,36210,36281,71
13.0286397934,80.2308883667,36281,36291,10
13.0290203094,80.2309188843,36291,36301,10
13.0293197632,80.2308731079,36301,36311,10
13.0296096802,80.2308273315,36311,36321,10
13.0298204422,80.2307815552,36321,36331,10
13.030090332,80.2307662964,36331,36342,11
13.0304498672,80.2307434082,36342,36352,10
13.0306797028,80.23072052,36352,36362,10
13.0311403275,80.2306671143,36362,36402,40
13.0311403275,80.2306671143,36402,36412,10
13.0315303802,80.2306594849,36412,36422,10
13.0317497253,80.2306518555,36422,36433,11
13.0321903229,80.2306137085,36433,36443,10
13.0328798294,80.2305603027,36443,36453,10
13.033539772,80.230506897,36453,36503,50
13.033539772,80.230506897,36503,36513,10
13.0338001251,80.2304229736,36513,36524,11
13.034040451,80.2304000854,36524,36534,10
13.0344400406,80.2303314209,36534,36544,10
13.034819603,80.2302017212,36544,36554,10
13.0350599289,80.2299194336,36554,36564,10
13.0349502563,80.2297973633,36564,36574,10
13.0345096588,80.2297515869,36574,36584,10
13.0342597961,80.2300109863,36584,36716,132
13.0342702866,80.2303009033,36716,37403,687
13.0342702866,80.2303009033,37403,37413,10
13.033829689,80.23046875,37413,37433,20
13.033829689,80.23046875,37433,37444,11
13.0334596634,80.2304916382,37444,37454,10
13.0330495834,80.2305221558,37454,37464,10
13.0324602127,80.2305526733,37464,37474,10
13.0320301056,80.2305984497,37474,37484,10
13.0313901901,80.2306289673,37484,37545,61
13.0311203003,80.230682373,37545,37565,20
13.0311203003,80.230682373,37565,37575,10
13.0308504105,80.2306976318,37575,37585,10
13.0306100845,80.23072052,37585,37595,10
13.0301504135,80.230758667,37595,37605,10
13.0297698975,80.2308120728,37605,37615,10
13.029299736,80.2308883667,37615,37626,11
13.0285596848,80.2309570313,37626,37636,10
13.0279903412,80.2309799194,37636,37646,10
13.027759552,80.2312164307,37646,37656,10
13.0278196335,80.2321014404,37656,37706,50
13.0278196335,80.2321014404,37706,37717,11
13.0278196335,80.2323608398,37717,37727,10
13.0278596878,80.2325363159,37727,37737,10
13.0278596878,80.232749939,37737,37747,10
13.0275497437,80.2328033447,37747,37756,9
13.027130127,80.2329025269,37756,37949,193
13.027130127,80.2329025269,37949,37959,10
13.0267496109,80.2329864502,37959,37969,10
13.0264596939,80.2329788208,37969,37979,10
13.026260376,80.2325592041,37979,37989,10
13.0260801315,80.2318572998,37989,38000,11
13.0258798599,80.2311172485,38000,38010,10
13.0254497528,80.2301635742,38010,38020,10
13.0249004364,80.2294235229,38020,38030,10
13.0245103836,80.2289276123,38030,38050,20
13.0245103836,80.2289276123,38050,38060,10
13.0243196487,80.2286682129,38060,38070,10
13.023900032,80.2281417847,38070,38080,10
13.0235004425,80.2277526855,38080,38161,81
13.0235004425,80.2277526855,38161,38171,10
13.0231304169,80.2273483276,38171,38182,11
13.0228900909,80.2271728516,38182,38232,50
13.0228900909,80.2271728516,38232,38242,10
13.0227298737,80.2269592285,38242,38252,10
13.0225801468,80.2268218994,38252,38262,10
13.0224199295,80.2266464233,38262,38273,11
13.02202034,80.2263183594,38273,38283,10
13.0215797424,80.225982666,38283,38293,10
13.0210599899,80.2255783081,38293,38303,10
13.0205402374,80.2251968384,38303,38313,10
13.0202798843,80.2250289917,38313,38323,10
13.0198497772,80.2247390747,38323,38333,10
13.0191001892,80.2244796753,38333,38343,10
13.0182199478,80.2247161865,38343,38353,10
13.0172796249,80.225112915,38353,38364,11
13.0166397095,80.2253875732,38364,38374,10
13.016409874,80.225479126,38374,38384,10
13.0160503387,80.2256011963,38384,38394,10
13.0156002045,80.2257614136,38394,38404,10
13.0150299072,80.2259902954,38404,38414,10
13.0145397186,80.2261962891,38414,38424,10
13.0142698288,80.2263031006,38424,38434,10
13.0140199661,80.2264404297,38434,38444,10
13.013999939,80.2264480591,38444,38455,11
13.0136203766,80.2265701294,38455,38465,10
13.0131196976,80.2267303467,38465,38475,10
13.0124998093,80.2269363403,38475,38485,10
13.0117301941,80.2273025513,38485,38495,10
13.0109300613,80.2276535034,38495,38505,10
13.010140419,80.2279510498,38505,38515,10
13.0094900131,80.2282562256,38515,38525,10
13.0091896057,80.2289505005,38525,38535,10
13.0090303421,80.2297973633,38535,38546,11
13.0088300705,80.2308502197,38546,38556,10
13.0086603165,80.2316665649,38556,38566,10
13.0085296631,80.2322921753,38566,38576,10
13.0084199905,80.2326965332,38576,38626,50
13.0084199905,80.2326965332,38626,38637,11
13.0082902908,80.2333984375,38637,38647,10
13.0082302094,80.2336196899,38647,38657,10
13.0081596375,80.2338562012,38657,38667,10
13.0080299377,80.2346878052,38667,38687,20
13.0080299377,80.2346878052,38687,38697,10
13.007900238,80.2351226807,38697,38707,10
13.0077896118,80.2357635498,38707,38717,10
13.0076503754,80.2365188599,38717,38727,10
13.007519722,80.2371673584,38727,38738,11
13.0074996948,80.2373123169,38738,38748,10
13.0074300766,80.2377166748,38748,38758,10
13.0073604584,80.2381896973,38758,38768,10
13.0072698593,80.2387619019,38768,38778,10
13.0069599152,80.2399215698,38778,38899,121
13.0069599152,80.2399215698,38899,38909,10
13.0069198608,80.2404403687,38909,38920,11
13.0068597794,80.2407531738,38920,38930,10
13.0068101883,80.2409973145,38930,38940,10
13.0067596436,80.2416000366,38940,38950,10
13.0067501068,80.2422409058,38950,38960,10
13.0067396164,80.2422866821,38960,38970,10
13.0067100525,80.2424163818,38970,38980,10
13.0066995621,80.2425994873,38980,38990,10
13.0067195892,80.2431106567,38990,39011,21
13.0067195892,80.2431106567,39011,39021,10
13.0066995621,80.2434997559,39021,39031,10
13.0067195892,80.243850708,39031,39041,10
13.0067501068,80.2445297241,39041,39081,40
13.0067501068,80.2445297241,39081,39091,10
13.0066900253,80.245010376,39091,39102,11
13.0067100525,80.2453918457,39102,39112,10
13.0067396164,80.2460708618,39112,39122,10
13.0067996979,80.2468109131,39122,39132,10
13.0066099167,80.247428894,39132,39142,10
13.0061998367,80.2474517822,39142,39152,10
13.006070137,80.2474365234,39152,39162,10
13.0059404373,80.2474212646,39162,39172,10
13.0055103302,80.2473907471,39172,39182,10
13.0047702789,80.2473678589,39182,39193,11
13.0037202835,80.2475204468,39193,39203,10
13.0026903152,80.2476577759,39203,39213,10
13.0018596649,80.2478713989,39213,39223,10
13.0009002686,80.2481307983,39223,39233,10
12.999830246,80.2484207153,39233,39243,10
12.9987697601,80.2487106323,39243,39253,10
12.9982004166,80.2488632202,39253,39263,10
12.9981298447,80.2488632202,39263,39273,10
12.9976797104,80.2489624023,39273,39284,11
12.9967899323,80.2491378784,39284,39294,10
12.9958000183,80.249382019,39294,39304,10
12.994720459,80.2496566772,39304,39314,10
12.9937295914,80.2499694824,39314,39577,263
12.9937295914,80.2499694824,39577,39587,10
12.9935102463,80.2500762939,39587,39597,10
12.9929504395,80.250213623,39597,39607,10
12.9925298691,80.2502975464,39607,39617,10
12.9921102524,80.2503967285,39617,39627,10
12.9911203384,80.2506637573,39627,39647,20
12.9911203384,80.2506637573,39647,39658,11
12.9906797409,80.2507324219,39658,39668,10
12.9902601242,80.2508087158,39668,39678,10
12.9901800156,80.2508392334,39678,39688,10
12.9899196625,80.2508392334,39688,40032,344
12.9899196625,80.2508392334,40032,40042,10
12.9897003174,80.2509002686,40042,40052,10
12.9894399643,80.2509613037,40052,40062,10
12.9891395569,80.2510299683,40062,40072,10
12.9888601303,80.251121521,40072,40082,10
12.9885597229,80.2512283325,40082,40092,10
12.9881095886,80.2513809204,40092,40102,10
12.9877595901,80.2514801025,40102,40113,11
12.9871397018,80.2516403198,40113,40123,10
12.9865703583,80.2518005371,40123,40133,10
12.9859399796,80.251953125,40133,40143,10
12.9850702286,80.2521820068,40143,40153,10
12.9839601517,80.2524795532,40153,40163,10
12.9828395844,80.2526931763,40163,40173,10
12.9818201065,80.2527313232,40173,40183,10
12.9809303284,80.252746582,40183,40193,10
12.9805803299,80.2527618408,40193,40204,11
12.9803695679,80.2527618408,40204,40214,10
12.9799995422,80.252746582,40214,40254,40
12.9799995422,80.252746582,40254,40264,10
12.97976017,80.2526779175,40264,40274,10
12.9793100357,80.2526397705,40274,40284,10
12.9786701202,80.252571106,40284,40295,11
12.9786100388,80.2525634766,40295,40305,10
12.9784002304,80.2524795532,40305,40315,10
12.9778699875,80.2520599365,40315,40325,10
12.9770898819,80.2514801025,40325,40335,10
12.9759902954,80.2511291504,40335,40345,10
12.9748802185,80.2508010864,40345,40355,10
12.9738101959,80.25050354,40355,40365,10
12.9727296829,80.2501983643,40365,40375,10
12.9717702866,80.2499389648,40375,40386,11
12.9706602097,80.2496414185,40386,40396,10
12.969619751,80.2492828369,40396,40406,10
12.9686203003,80.248916626,40406,40416,10
12.9676198959,80.2484817505,40416,40426,10
12.9667901993,80.2481231689,40426,40436,10
12.9661502838,80.2478485107,40436,40446,10
12.9653701782,80.2475814819,40446,40456,10
12.9649600983,80.2474212646,40456,40466,10
12.9648504257,80.2473831177,40466,40476,10
12.9645299911,80.2472610474,40476,40487,11
12.9642801285,80.2471618652,40487,40497,10
12.9641895294,80.2471084595,40497,40507,10
12.9638299942,80.2469787598,40507,40517,10
12.9633903503,80.2467803955,40517,40527,10
12.9627199173,80.2464294434,40527,40537,10
12.9620103836,80.2460784912,40537,40547,10
12.9611701965,80.2456817627,40547,40557,10
12.9603004456,80.2452774048,40557,40567,10
12.9594802856,80.2449417114,40567,40578,11
12.9592695236,80.2448501587,40578,40588,10
12.9590501785,80.2447433472,40588,40598,10
12.9584598541,80.2444763184,40598,40608,10
12.9577903748,80.2442092896,40608,40618,10
12.957159996,80.2440032959,40618,40628,10
12.9567604065,80.2438812256,40628,40699,71
12.9567604065,80.2438812256,40699,40709,10
12.9565496445,80.2437667847,40709,40719,10
12.9565200806,80.2437515259,40719,40729,10
12.9563798904,80.2437133789,40729,40739,10
12.9559898376,80.2435302734,40739,40749,10
12.9552898407,80.2431411743,40749,40760,11
12.9542798996,80.24269104,40760,40770,10
12.9533901215,80.2423019409,40770,40780,10
12.9522895813,80.241897583,40780,40790,10
12.9516401291,80.2416763306,40790,40800,10
12.9515199661,80.2416305542,40800,40810,10
12.9509601593,80.2414321899,40810,40820,10
12.9499998093,80.2411499023,40820,40830,10
12.9492101669,80.2409133911,40830,40840,10
12.9485797882,80.2406311035,40840,40851,11
12.9476099014,80.2402420044,40851,40861,10
12.9471702576,80.2400817871,40861,40871,10
12.9470796585,80.2400436401,40871,40881,10
12.9465703964,80.2398300171,40881,40891,10
12.9457597733,80.2394790649,40891,40901,10
12.9448404312,80.2389221191,40901,40911,10
12.9440202713,80.2380218506,40911,40921,10
12.9431495667,80.2370986938,40921,40931,10
12.9420003891,80.2364196777,40931,40942,11
12.9405403137,80.2360610962,40942,40952,10
12.9397697449,80.2358398438,40952,40962,10
12.9397096634,80.2358016968,40962,40972,10
12.9392204285,80.2355804443,40972,40982,10
12.9383602142,80.2351837158,40982,40992,10
12.9374198914,80.2347183228,40992,41002,10
12.9371700287,80.234588623,41002,41012,10
12.9369897842,80.2345199585,41012,41022,10
12.9366102219,80.2343063354,41022,41033,11
12.9359798431,80.2340164185,41033,41053,20
12.9359798431,80.2340164185,41053,41063,10
12.9357004166,80.2339324951,41063,41073,10
12.9353704453,80.2337188721,41073,41083,10
12.9346199036,80.2334136963,41083,41093,10
12.9337997437,80.2330322266,41093,41103,10
12.9337301254,80.233001709,41103,41113,10
12.9333696365,80.2328262329,41113,41123,10
12.9326000214,80.2324905396,41123,41134,11
12.9314403534,80.2321014404,41134,41144,10
12.9303503036,80.2317428589,41144,41154,10
12.9293804169,80.2314987183,41154,41164,10
12.9284000397,80.2312927246,41164,41174,10
12.9272899628,80.2311172485,41174,41184,10
12.9263000488,80.2310180664,41184,41194,10
12.9261102676,80.231010437,41194,41204,10
12.9260797501,80.231010437,41204,41214,10
12.925620079,80.2309494019,41214,41225,11
12.9247102737,80.2308425903,41225,41235,10
12.9236297607,80.2307128906,41235,41245,10
12.9223499298,80.2305221558,41245,41255,10
12.9208898544,80.2303237915,41255,41265,10
12.9194002151,80.2301177979,41265,41275,10
12.9181203842,80.2299728394,41275,41285,10
12.9173898697,80.2298736572,41285,41295,10
12.9166002274,80.2297515869,41295,41305,10
12.9155302048,80.2296218872,41305,41316,11
12.914150238,80.2294311523,41316,41326,10
12.9132995605,80.229347229,41326,41336,10
12.9132795334,80.2293395996,41336,41346,10
12.913069725,80.2292709351,41346,41356,10
12.9124097824,80.2291564941,41356,41366,10
12.9113998413,80.229019165,41366,41376,10
12.9102201462,80.2288589478,41376,41386,10
12.9089803696,80.2286529541,41386,41396,10
12.9077997208,80.228477478,41396,41449,53
12.9077997208,80.228477478,41449,41459,10
12.9077596664,80.2284927368,41459,41469,10
12.9073295593,80.2284317017,41469,41479,10
12.9069595337,80.2283782959,41479,41489,10
12.9064798355,80.2283172607,41489,41500,11
12.9062404633,80.2283096313,41500,41510,10
12.9057998657,80.2282714844,41510,41520,10
12.9049301147,80.2282180786,41520,41530,10
12.9038095474,80.2281723022,41530,41540,10
12.9026203156,80.2281112671,41540,41550,10
12.9021501541,80.2281036377,41550,41560,10
12.9016103745,80.2280578613,41560,41570,10
12.9011297226,80.228012085,41570,41580,10
12.9005699158,80.2279663086,41580,41591,11
12.8998804092,80.2279815674,41591,41601,10
12.8992099762,80.2279586792,41601,41631,30
12.8992099762,80.2279586792,41631,41641,10
12.8991298676,80.2279586792,41641,41651,10
12.8986501694,80.227897644,41651,41661,10
12.8978204727,80.2278518677,41661,41671,10
12.8968095779,80.2277908325,41671,41682,11
12.8955602646,80.227722168,41682,41692,10
12.8944196701,80.2276535034,41692,41702,10
12.8931903839,80.2275390625,41702,41712,10
12.8923101425,80.2274169922,41712,41722,10
12.8914203644,80.2273788452,41722,41732,10
12.8902597427,80.2273788452,41732,41742,10
12.8890399933,80.2274017334,41742,41752,10
12.8881397247,80.2273406982,41752,41762,10
12.8870897293,80.2272109985,41762,41773,11
12.8858003616,80.2269210815,41773,41783,10
12.8851995468,80.2267990112,41783,41793,10
12.885020256,80.2267837524,41793,41803,10
12.8844203949,80.2267379761,41803,41813,10
12.883480072,80.2267227173,41813,41823,10
12.8822803497,80.2267379761,41823,41833,10
12.8809204102,80.2267532349,41833,41843,10
12.87940979,80.2267684937,41843,41853,10
12.8778896332,80.2268676758,41853,41864,11
12.8767499924,80.2269668579,41864,41874,10
12.8764801025,80.2269973755,41874,41884,10
12.876449585,80.2269973755,41884,41894,10
12.8759803772,80.2269973755,41894,41904,10
12.8751096725,80.2269363403,41904,41914,10
12.8739500046,80.2267990112,41914,41924,10
12.8728103638,80.2267379761,41924,41934,10
12.8725996017,80.2267379761,41934,41944,10
12.8721504211,80.2267303467,41944,41955,11
12.8711595535,80.2266998291,41955,41965,10
12.8700199127,80.226600647,41965,41975,10
12.8687000275,80.2264404297,41975,41985,10
12.8673000336,80.2265014648,41985,41995,10
12.8660898209,80.2266082764,41995,42005,10
12.8648300171,80.2266235352,42005,42015,10
12.8634796143,80.2265472412,42015,42025,10
12.8621702194,80.2265930176,42025,42035,10
12.8612298965,80.2266235352,42035,42045,10
12.8608999252,80.2266311646,42045,42056,11
12.8602800369,80.2265625,42056,42066,10
12.8593597412,80.2264328003,42066,42076,10
12.8583602905,80.2262878418,42076,42086,10
12.8571996689,80.2263031006,42086,42096,10
12.855890274,80.2264404297,42096,42106,10
12.8545198441,80.226600647,42106,42116,10
12.8531999588,80.2267074585,42116,42126,10
12.8518104553,80.2266616821,42126,42136,10
12.8505096436,80.2266235352,42136,42147,11
12.8499202728,80.2266235352,42147,42157,10
12.8498601913,80.2266387939,42157,42167,10
12.8493995667,80.2266311646,42167,42177,10
12.8485403061,80.2266311646,42177,42187,10
12.8473997116,80.2266464233,42187,42197,10
12.846540451,80.2266769409,42197,42207,10
12.8461799622,80.2266769409,42207,42217,10
12.845459938,80.2266693115,42217,42238,21
12.845459938,80.2266693115,42238,42248,10
12.8450403214,80.2266769409,42248,42258,10
12.8442296982,80.2267379761,42258,42268,10
12.8431301117,80.2268676758,42268,42278,10
12.8418798447,80.2270507813,42278,42288,10
12.8409204483,80.2273406982,42288,42298,10
12.8406496048,80.2274398804,42298,42349,51
12.8406496048,80.2274398804,42349,42359,10
12.8403100967,80.2275772095,42359,42490,131
12.8403100967,80.2275772095,42490,42500,10
12.8399200439,80.2277603149,42500,42521,21
12.8399200439,80.2277603149,42521,42531,10
12.8397798538,80.2277984619,42531,42541,10
12.8396501541,80.2278594971,42541,42551,10
12.8390102386,80.2279510498,42551,42561,10
12.8381004333,80.2281570435,42561,42571,10
12.8369998932,80.2283630371,42571,42581,10
12.8356599808,80.228553772,42581,42591,10
12.8342103958,80.228767395,42591,42601,10
12.8330202103,80.2289962769,42601,42612,11
12.8322601318,80.2291717529,42612,42622,10
12.831990242,80.2292327881,42622,42632,10
12.8319196701,80.2292480469,42632,42642,10
12.8313903809,80.2293701172,42642,42652,10
12.8304395676,80.2296905518,42652,42662,10
12.8292999268,80.2301330566,42662,42672,10
12.8280696869,80.2307662964,42672,42682,10
12.8271198273,80.231262207,42682,42692,10
12.8258600235,80.2314071655,42692,42703,11
12.8245601654,80.2313690186,42703,42713,10
12.8233003616,80.2310409546,42713,42723,10
12.8220996857,80.2306594849,42723,42733,10
12.820690155,80.2304763794,42733,42743,10
12.8192100525,80.2304992676,42743,42753,10
12.8179197311,80.2300720215,42753,42763,10
12.8165197372,80.2295379639,42763,42773,10
12.8148899078,80.2293014526,42773,42783,10
12.8133401871,80.2289505005,42783,42794,11
12.8118095398,80.2284317017,42794,42804,10
12.8103199005,80.2278213501,42804,42814,10
12.8090600967,80.227180481,42814,42824,10
12.8079996109,80.2263336182,42824,42834,10
12.8072595596,80.225692749,42834,42844,10
12.8065595627,80.2250823975,42844,42854,10
12.8057603836,80.2243804932,42854,42864,10
12.8049402237,80.224029541,42864,42874,10
12.8047399521,80.223991394,42874,42885,11
12.8041496277,80.2239227295,42885,42895,10
12.8033304214,80.2238616943,42895,42905,10
12.8023195267,80.223739624,42905,42915,10
12.8012599945,80.2236175537,42915,42925,10
12.8008804321,80.2236022949,42925,42935,10
12.8007097244,80.2235794067,42935,42945,10
12.8000802994,80.2235412598,42945,42955,10
12.7990999222,80.2234420776,42955,42965,10
12.7979001999,80.2232818604,42965,42976,11
12.7965497971,80.2230606079,42976,42986,10
12.7957296371,80.2229614258,42986,42996,10
12.7957000732,80.2229537964,42996,43006,10
12.7952604294,80.2228469849,43006,43016,10
12.7944898605,80.2227020264,43016,43026,10
12.7933597565,80.2225418091,43026,43036,10
12.7921199799,80.2223129272,43036,43046,10
12.79088974,80.2220077515,43046,43056,10
12.7897195816,80.2217102051,43056,43067,11
12.7887401581,80.2213592529,43067,43117,50
12.7887401581,80.2213592529,43117,43127,10
12.7885599136,80.2212677002,43127,43137,10
12.7879800797,80.2210388184,43137,43147,10
12.7871398926,80.2207794189,43147,43158,11
12.7863101959,80.2204971313,43158,43168,10
12.7861604691,80.2206573486,43168,43218,50
12.7861604691,80.2206573486,43218,43228,10
12.7860403061,80.2209396362,43228,43238,10
12.7861099243,80.2212600708,43238,43248,10
12.7861003876,80.2218093872,43248,43906,658
12.7861003876,80.2218093872,43906,43916,10
12.7861604691,80.2217788696,43916,43926,10
12.7861700058,80.2216415405,43926,43936,10
12.7862100601,80.221206665,43936,43946,10
12.7862195969,80.2207565308,43946,43987,41
12.7862195969,80.2207565308,43987,43997,10
12.7862300873,80.2204208374,43997,44007,10
12.7864398956,80.220451355,44007,44027,20
12.7864398956,80.220451355,44027,44037,10
12.7866802216,80.2205505371,44037,44047,10
12.7867898941,80.2205963135,44047,44057,10
12.7872600555,80.2207489014,44057,44067,10
12.7878198624,80.2209320068,44067,44078,11
12.7885398865,80.2211990356,44078,44088,10
12.7893199921,80.221496582,44088,44098,10
12.7897701263,80.2216567993,44098,44108,10
12.7905101776,80.2218475342,44108,44118,10
12.7914199829,80.2220916748,44118,44128,10
12.7924995422,80.222328186,44128,44138,10
12.7936897278,80.2225189209,44138,44148,10
12.7948703766,80.2227020264,44148,44158,10
12.7959403992,80.2228775024,44158,44169,11
12.7963600159,80.2229385376,44169,44179,10
12.7965803146,80.2229690552,44179,44189,10
12.7973203659,80.2231292725,44189,44199,10
12.7984104156,80.2232818604,44199,44209,10
12.7997102737,80.2234115601,44209,44219,10
12.801030159,80.2235336304,44219,44229,10
12.8014698029,80.2236022949,44229,44239,10
12.8016195297,80.2236022949,44239,44249,10
12.8016901016,80.2236099243,44249,44260,11
12.8022403717,80.2236785889,44260,44270,10
12.8028802872,80.2237625122,44270,44280,10
12.8037796021,80.2238388062,44280,44290,10
12.8044996262,80.2239074707,44290,44300,10
12.8053197861,80.2240600586,44300,44310,10
12.8055696487,80.2241287231,44310,44320,10
12.8057403564,80.2242736816,44320,44330,10
12.8062896729,80.2247009277,44330,44340,10
12.8070697784,80.2253875732,44340,44351,11
12.8081598282,80.2263412476,44351,44361,10
12.8092603683,80.2272186279,44361,44371,10
12.8106098175,80.2278594971,44371,44381,10
12.8121004105,80.2284317017,44381,44391,10
12.8136501312,80.2289733887,44391,44401,10
12.8151397705,80.2292785645,44401,44411,10
12.8167200089,80.2295227051,44411,44421,10
12.8181695938,80.2301025391,44421,44431,10
12.8193101883,80.23046875,44431,44442,11
12.8198204041,80.2304382324,44442,44452,10
12.8200902939,80.2304382324,44452,44462,10
12.8209104538,80.2304077148,44462,44472,10
12.8219995499,80.2305374146,44472,44482,10
12.8231801987,80.2308807373,44482,44492,10
12.8244495392,80.2312011719,44492,44502,10
12.825799942,80.231338501,44502,44512,10
12.8271598816,80.2311477661,44512,44522,10
12.8284301758,80.2304763794,44522,44532,10
12.8297700882,80.2298583984,44532,44543,11
12.8308601379,80.2294235229,44543,44553,10
12.8310604095,80.2293624878,44553,44563,10
12.8313703537,80.2292709351,44563,44573,10
12.8317899704,80.2291412354,44573,44583,10
12.8320102692,80.2290878296,44583,44593,10
12.8324604034,80.229019165,44593,44603,10
12.833319664,80.2288589478,44603,44613,10
12.8344097137,80.2286682129,44613,44623,10
12.8356895447,80.2284622192,44623,44634,11
12.8372602463,80.2282180786,44634,44644,10
12.8385400772,80.2279434204,44644,44654,10
12.8393201828,80.227722168,44654,44664,10
12.8395004272,80.2276611328,44664,44674,10
12.8398199081,80.2275924683,44674,44684,10
12.8404998779,80.2274169922,44684,44694,10
12.8414802551,80.2271881104,44694,44704,10
12.8426504135,80.2269363403,44704,44714,10
12.843919754,80.2267227173,44714,44725,11
12.8450803757,80.2266082764,44725,44735,10
12.8456802368,80.2265396118,44735,44745,10
12.8457603455,80.2265472412,44745,44755,10
12.8462600708,80.2265472412,44755,44765,10
12.8471899033,80.2265319824,44765,44775,10
12.8483200073,80.2265319824,44775,44785,10
12.8501501083,80.2265014648,44785,44805,20
12.8501501083,80.2265014648,44805,44816,11
12.8506803513,80.2265396118,44816,44826,10
12.8516101837,80.2265777588,44826,44836,10
12.852809906,80.2266387939,44836,44846,10
12.8542203903,80.2265396118,44846,44856,10
12.8557796478,80.2263565063,44856,44866,10
12.8574800491,80.2261734009,44866,44876,10
12.8587799072,80.2262115479,44876,44886,10
12.8601703644,80.2264099121,44886,44896,10
12.8617801666,80.2265167236,44896,44907,11
12.8636798859,80.2264633179,44907,44917,10
12.8654603958,80.2265319824,44917,44927,10
12.8672103882,80.2264404297,44927,44937,10
12.869020462,80.2263793945,44937,44947,10
12.8707399368,80.2265625,44947,44957,10
12.8721399307,80.2266235352,44957,44967,10
12.8732404709,80.2266387939,44967,44977,10
12.8745098114,80.2267608643,44977,44987,10
12.8758602142,80.226890564,44987,44998,11
12.8764896393,80.2268981934,44998,45009,11
12.8767995834,80.226852417,45009,45020,11
12.8772096634,80.2268295288,45020,45030,10
12.8781003952,80.2267608643,45030,45040,10
12.8789997101,80.2266998291,45040,45049,9
12.8805198669,80.2266693115,45049,45060,11
12.8822898865,80.2266464233,45060,45070,10
12.8839597702,80.2266387939,45070,45080,10
12.8850698471,80.2266235352,45080,45091,11
12.8851995468,80.2266387939,45091,45101,10
12.88560009,80.2267074585,45101,45111,10
12.886469841,80.2269363403,45111,45121,10
12.8876399994,80.2271881104,45121,45131,10
12.8890399933,80.2272796631,45131,45141,10
12.8905801773,80.2272872925,45141,45151,10
12.8919897079,80.2272872925,45151,45161,10
12.8933000565,80.2274398804,45161,45171,10
12.8945703506,80.2275695801,45171,45182,11
12.8960800171,80.2276306152,45182,45192,10
12.8973903656,80.2276992798,45192,45202,10
12.8985500336,80.2277679443,45202,45212,10
12.9003000259,80.2278213501,45212,45232,20
12.9003000259,80.2278213501,45232,45242,10
12.9006204605,80.2278594971,45242,45252,10
12.901049614,80.2278823853,45252,45262,10
12.9014101028,80.2279205322,45262,45273,11
12.9018001556,80.2279281616,45273,45283,10
12.9022903442,80.2279510498,45283,45293,10
12.9025602341,80.2279663086,45293,45303,10
12.9026002884,80.2279663086,45303,45313,10
12.9027996063,80.2279663086,45313,45323,10
12.9029998779,80.2279586792,45323,45333,10
12.903550148,80.2279968262,45333,45343,10
12.9040298462,80.2280426025,45343,45353,10
12.9044504166,80.2280578613,45353,45364,11
12.9048595428,80.2280807495,45364,45374,10
12.9053602219,80.2281112671,45374,45384,10
12.9060001373,80.2281570435,45384,45434,50
12.9060001373,80.2281570435,45434,45444,10
12.9065599442,80.2281417847,45444,45454,10
12.9069299698,80.2282028198,45454,45465,11
12.9074497223,80.2282791138,45465,45475,10
12.9083995819,80.2284393311,45475,45485,10
12.9096097946,80.2286376953,45485,45495,10
12.9110202789,80.2288665771,45495,45505,10
12.912560463,80.2291030884,45505,45515,10
12.9137897491,80.2292480469,45515,45525,10
12.9141302109,80.2293014526,45525,45535,10
12.9145698547,80.2293624878,45535,45545,10
12.915430069,80.2294998169,45545,45556,11
12.9167203903,80.2296676636,45556,45566,10
12.9180698395,80.2298583984,45566,45576,10
12.9196195602,80.2300567627,45576,45586,10
12.9211902618,80.2302627563,45586,45596,10
12.9225301743,80.2304611206,45596,45606,10
12.9239397049,80.2306594849,45606,45616,10
12.9252195358,80.2308578491,45616,45626,10
12.9261302948,80.2309265137,45626,45636,10
12.9262399673,80.2309494019,45636,45647,11
12.9269695282,80.2310562134,45647,45657,10
12.9280595779,80.2311782837,45657,45667,10
12.9287996292,80.2313079834,45667,45677,10
12.9295597076,80.2314376831,45677,45687,10
12.9306602478,80.2317276001,45687,45697,10
12.9320001602,80.2321472168,45697,45707,10
12.9333200455,80.2325973511,45707,45717,10
12.933719635,80.2327728271,45717,45727,10
12.9339599609,80.2328567505,45727,45738,11
12.9348201752,80.2332687378,45738,45748,10
12.9356002808,80.2335891724,45748,45758,10
12.9356603622,80.2336196899,45758,45768,10
12.9357404709,80.2336578369,45768,45778,10
12.9362297058,80.2339019775,45778,45788,10
12.9367799759,80.2341918945,45788,45798,10
12.9374599457,80.2345199585,45798,45808,10
12.9384202957,80.234992981,45808,45818,10
12.9394397736,80.235496521,45818,45829,11
12.939789772,80.2356414795,45829,45839,10
12.9400100708,80.2357406616,45839,45849,10
12.9407300949,80.2359695435,45849,45859,10
12.941740036,80.2362289429,45859,45869,10
12.942899704,80.2366485596,45869,45879,10
12.9439201355,80.2375717163,45879,45889,10
12.9446296692,80.2383575439,45889,45899,10
12.9456501007,80.2392501831,45899,45909,10
12.9465103149,80.2396316528,45909,45920,11
12.9472398758,80.2399215698,45920,45940,20
12.9472398758,80.2399215698,45940,45950,10
12.9476203918,80.2400894165,45950,45960,10
12.9483203888,80.2404022217,45960,45970,10
12.9491701126,80.240737915,45970,45980,10
12.9500303268,80.241027832,45980,45990,10
12.9507799149,80.2412796021,45990,46000,10
12.9516801834,80.2415618896,46000,46011,11
12.9527101517,80.2419433594,46011,46021,10
12.9535903931,80.2422714233,46021,46031,10
12.954369545,80.2425918579,46031,46041,10
12.9551200867,80.2428970337,46041,46051,10
12.9559602737,80.2431793213,46051,46061,10
12.9563999176,80.2433395386,46061,46071,10
12.956410408,80.2433395386,46071,46081,10
12.9568004608,80.2434997559,46081,46091,10
12.9575099945,80.2438583374,46091,46102,11
12.9584598541,80.2442321777,46102,46112,10
12.9589595795,80.2444381714,46112,46122,10
12.9593095779,80.2446212769,46122,46132,10
12.9600400925,80.2449569702,46132,46142,10
12.9610204697,80.2454071045,46142,46152,10
12.9621801376,80.2459869385,46152,46162,10
12.9629297256,80.246383667,46162,46172,10
12.9634103775,80.24659729,46172,46182,10
12.9640598297,80.2468795776,46182,46192,10
12.9649400711,80.247177124,46192,46203,11
12.9664297104,80.2477416992,46203,46223,20
12.9664297104,80.2477416992,46223,46233,10
12.9666996002,80.2479019165,46233,46243,10
12.9671201706,80.2481231689,46243,46253,10
12.9680404663,80.2484893799,46253,46263,10
12.96916008,80.248878479,46263,46273,10
12.9703598022,80.2493591309,46273,46283,10
12.9715595245,80.2497406006,46283,46294,11
12.9729003906,80.2500991821,46294,46304,10
12.9737300873,80.2503509521,46304,46314,10
12.9747200012,80.250617981,46314,46324,10
12.9758300781,80.2509384155,46324,46334,10
12.9769897461,80.2512893677,46334,46344,10
12.9780101776,80.2519226074,46344,46354,10
12.9784097672,80.2522277832,46354,46364,10
12.9785003662,80.2523269653,46364,46374,10
12.9796600342,80.2525787354,46374,46405,31
12.9796600342,80.2525787354,46405,46415,10
12.9797201157,80.2526321411,46415,46425,10
12.9802103043,80.2526397705,46425,46435,10
12.980890274,80.2526397705,46435,46445,10
12.9817695618,80.2526168823,46445,46455,10
12.9828996658,80.2525787354,46455,46465,10
12.9842700958,80.2522735596,46465,46476,11
12.9853801727,80.2519226074,46476,46577,101
12.9853801727,80.2519226074,46577,46587,10
12.9856996536,80.2518692017,46587,46597,10
12.9858398438,80.2517929077,46597,46607,10
12.9859895706,80.2517318726,46607,46617,10
12.9860601425,80.251701355,46617,46627,10
12.9863100052,80.2516403198,46627,46637,10
12.9868402481,80.2515029907,46637,46728,91
12.9868402481,80.2515029907,46728,46738,10
12.9870700836,80.251449585,46738,46749,11
12.9873800278,80.2513504028,46749,46759,10
12.9877595901,80.2512817383,46759,46769,10
12.9884595871,80.2510910034,46769,46779,10
12.9893503189,80.2508392334,46779,46789,10
12.9894895554,80.2508010864,46789,46799,10
12.9897403717,80.2507629395,46799,46809,10
12.9904203415,80.250579834,46809,46819,10
12.991399765,80.250328064,46819,46829,10
12.9925804138,80.2500534058,46829,46840,11
12.9940900803,80.249671936,46840,46850,10
12.9955101013,80.2493209839,46850,46860,10
12.9963302612,80.2491378784,46860,46870,10
12.9966001511,80.2490692139,46870,46880,10
12.997420311,80.2488708496,46880,46890,10
12.9985799789,80.2485809326,46890,46900,10
13.0000200272,80.2481994629,46900,46910,10
13.0015296936,80.2478179932,46910,46920,10
13.0025997162,80.2475891113,46920,46930,10
13.003950119,80.2473373413,46930,46941,11
13.0052499771,80.2471618652,46941,46951,10
13.0061998367,80.2468185425,46951,46961,10
13.0065002441,80.2463912964,46961,46971,10
13.0065603256,80.2461700439,46971,46981,10
13.0066003799,80.2454986572,46981,46991,10
13.0065603256,80.2445678711,46991,47001,10
13.0065202713,80.2438201904,47001,47011,10
13.0065002441,80.2431411743,47011,47021,10
13.0065202713,80.2423782349,47021,47032,11
13.0065698624,80.2413635254,47032,47042,10
13.0067100525,80.2404403687,47042,47052,10
13.0068998337,80.2395629883,47052,47062,10
13.0070695877,80.2386322021,47062,47072,10
13.0071802139,80.2380065918,47072,47082,10
13.0072898865,80.2374420166,47082,47092,10
13.007349968,80.236907959,47092,47102,10
13.0073795319,80.2368164063,47102,47112,10
13.0075397491,80.2364196777,47112,47123,11
13.0077104568,80.2356491089,47123,47133,10
13.0077400208,80.2354736328,47133,47143,10
13.0077600479,80.2353591919,47143,47153,10
13.0078697205,80.2347869873,47153,47163,10
13.0080099106,80.2340621948,47163,47173,10
13.0082597733,80.2327194214,47173,47183,10
13.0084600449,80.2316970825,47183,47193,10
13.0086603165,80.2306594849,47193,47203,10
13.0088500977,80.2296981812,47203,47214,11
13.0091400146,80.2283401489,47214,47224,10
13.0095996857,80.2272186279,47224,47234,10
13.010140419,80.2260971069,47234,47244,10
13.0106897354,80.2250976563,47244,47264,20
13.0106897354,80.2250976563,47264,47274,10
13.0107698441,80.2249526978,47274,47284,10
13.0109796524,80.224357605,47284,47294,10
13.0112695694,80.2234802246,47294,47305,11
13.0115804672,80.2233123779,47305,47315,10
13.0122804642,80.2236480713,47315,47325,10
13.0130596161,80.2240524292,47325,47335,10
13.0139904022,80.2245483398,47335,47345,10
13.0149402618,80.2250823975,47345,47365,20
13.0149402618,80.2250823975,47365,47375,10
13.0152397156,80.2252731323,47375,47385,10
13.0157604218,80.2252883911,47385,47396,11
13.016579628,80.2252731323,47396,47406,10
13.0174503326,80.2249221802,47406,47416,10
13.0182800293,80.2245788574,47416,47426,10
13.0190095901,80.2243270874,47426,47436,10
13.0195703506,80.2243804932,47436,47446,10
13.0198202133,80.224571228,47446,47456,10
13.0203199387,80.2249069214,47456,47476,20
13.0203199387,80.2249069214,47476,47487,11
13.0205001831,80.2250671387,47487,47497,10
13.0211000443,80.2255172729,47497,47507,10
13.0218801498,80.2260818481,47507,47517,10
13.0222101212,80.226348877,47517,47527,10
13.0228395462,80.2269592285,47527,47537,10
13.0236997604,80.2276992798,47537,47547,10
13.0242996216,80.2282409668,47547,47567,20
13.0242996216,80.2282409668,47567,47577,10
13.0244197845,80.2284393311,47577,47608,31
13.0244197845,80.2284393311,47608,47618,10
13.0243501663,80.2285766602,47618,47628,10
13.0240001678,80.2283096313,47628,47638,10
13.023639679,80.2278671265,47638,47648,10
13.022939682,80.2272415161,47648,47689,41
13.022939682,80.2272415161,47689,47699,10
13.0228004456,80.2270812988,47699,47709,10
13.0226297379,80.2268981934,47709,47729,20
13.0226297379,80.2268981934,47729,47739,10
13.0225696564,80.2267684937,47739,47749,10
13.0221395493,80.2263870239,47749,47759,10
13.0214700699,80.2258682251,47759,47770,11
13.0207595825,80.2253189087,47770,47780,10
13.0201597214,80.224937439,47780,47790,10
13.0193500519,80.2245025635,47790,47800,10
13.0181598663,80.2247390747,47800,47810,10
13.0171098709,80.225189209,47810,47820,10
13.0166101456,80.225402832,47820,47830,10
13.0163803101,80.225479126,47830,47840,10
13.0158996582,80.2256317139,47840,47850,10
13.0153303146,80.2258377075,47850,47861,11
13.0147199631,80.2260284424,47861,47871,10
13.0141201019,80.2263031006,47871,47881,10
13.0132398605,80.2266693115,47881,47891,10
13.0121603012,80.2270431519,47891,47901,10
13.0111598969,80.2274780273,47901,47911,10
13.0100803375,80.2279205322,47911,47921,10
13.0092201233,80.2283935547,47921,47931,10
13.0089702606,80.2293701172,47931,47941,10
13.0087299347,80.2305908203,47941,47952,11
13.0084600449,80.231918335,47952,47962,10
13.0082702637,80.2330703735,47962,47972,10
13.008099556,80.2340164185,47972,47982,10
13.0080404282,80.2344970703,47982,47992,10
13.0079603195,80.2349014282,47992,48002,10
13.0078201294,80.2355804443,48002,48012,10
13.0076799393,80.2362670898,48012,48022,10
13.0075597763,80.2369995117,48022,48032,10
13.0073604584,80.23802948,48032,48043,11
13.0071601868,80.2391204834,48043,48053,10
13.0069904327,80.2397537231,48053,48063,10
13.0069704056,80.2398071289,48063,48073,10
13.0068702698,80.240272522,48073,48083,10
13.0067501068,80.2410583496,48083,48093,10
13.0067195892,80.2419967651,48093,48103,10
13.0067396164,80.2427062988,48103,48113,10
13.0066900253,80.2431564331,48113,48164,51
13.0066900253,80.2431564331,48164,48174,10
13.0066404343,80.2437515259,48174,48184,10
13.0066003799,80.2440414429,48184,48194,10
13.0066299438,80.2446136475,48194,48204,10
13.0066299438,80.2450180054,48204,48214,10
13.0066699982,80.2456588745,48214,48224,10
13.0066995621,80.2461013794,48224,48235,11
13.0067100525,80.2465209961,48235,48255,20
13.0067100525,80.2465209961,48255,48265,10
13.0067195892,80.246887207,48265,48275,10
13.0066900253,80.2471313477,48275,48285,10
13.0064096451,80.2473678589,48285,48295,10
13.0056200027,80.2473526001,48295,48305,10
13.0045404434,80.2473983765,48305,48315,10
13.0034799576,80.247543335,48315,48326,11
13.0026102066,80.2476882935,48326,48336,10
13.002240181,80.2477874756,48336,48346,10
13.001449585,80.2480010986,48346,48356,10
13.0003900528,80.2482681274,48356,48366,10
12.9991102219,80.2485733032,48366,48376,10
12.997759819,80.2489089966,48376,48386,10
12.9963598251,80.2492675781,48386,48396,10
12.9949398041,80.2496337891,48396,48406,10
12.9933595657,80.2500228882,48406,48417,11
12.9917001724,80.2504577637,48417,48427,10
12.9905900955,80.2507400513,48427,48437,10
12.9896497726,80.2510223389,48437,48487,50
12.9896497726,80.2510223389,48487,48497,10
12.9895200729,80.2509765625,48497,48508,11
12.9891500473,80.251083374,48508,48518,10
12.9888000488,80.2512435913,48518,48528,10
12.9879398346,80.2517623901,48528,48538,10
12.9879398346,80.2517623901,48538,48548,10
12.9879798889,80.2526473999,48548,48558,10
12.9878902435,80.2537078857,48558,48568,10
12.9877901077,80.2547836304,48568,48578,10
12.9877996445,80.255279541,48578,48588,10
12.9877901077,80.2553329468,48588,48600,12
12.9877195358,80.2554473877,48600,48611,11
12.9876804352,80.2558822632,48611,48621,10
12.9876003265,80.2563934326,48621,48629,8
12.9875802994,80.2565536499,48629,48640,11
12.9875297546,80.2568283081,48640,48651,11
12.9875001907,80.2572631836,48651,48660,9
12.9874696732,80.257850647,48660,48671,11
12.9874200821,80.2583084106,48671,48681,10
12.9872999191,80.2585525513,48681,48692,11
12.9870004654,80.2585296631,48692,48833,141
12.9867801666,80.2588119507,48833,48954,121
12.9867801666,80.2588729858,48954,51785,2831
12.9869403839,80.2591705322,51785,51846,61
12.987279892,80.2589874268,51846,51927,81
12.987279892,80.2589874268,51927,51937,10
12.9873800278,80.2583618164,51937,51947,10
12.9874296188,80.2579116821,51947,51957,10
12.9874801636,80.2572402954,51957,51967,10
12.9875402451,80.2565231323,51967,51978,11
12.9875602722,80.255897522,51978,51988,10
12.9877099991,80.2553100586,51988,51998,10
12.9877700806,80.2545013428,51998,52008,10
12.987859726,80.2535095215,52008,52018,10
12.9879398346,80.2525482178,52018,52028,10
12.9879102707,80.2519226074,52028,52180,152
12.9879102707,80.2519226074,52180,52190,10
12.9878196716,80.2512969971,52190,52200,10
12.9884195328,80.2510910034,52200,52210,10
12.9892902374,80.2508773804,52210,52220,10
12.9896402359,80.2508163452,52220,52229,9
12.9899301529,80.2507629395,52229,52240,11
12.99077034,80.2505569458,52240,52251,11
12.9919099808,80.2502822876,52251,52261,10
12.9930095673,80.2500076294,52261,52271,10
12.9941797256,80.2497024536,52271,52281,10
12.9954099655,80.2493972778,52281,52291,10
12.9965295792,80.2490921021,52291,52301,10
12.9966602325,80.2490692139,52301,52311,10
12.9971199036,80.2489700317,52311,52321,10
12.9979600906,80.2487564087,52321,52331,10
12.9990501404,80.2484817505,52331,52341,10
13.0001802444,80.2481765747,52341,52352,11
13.0014896393,80.2478637695,52352,52362,10
13.0026597977,80.2476272583,52362,52372,10
13.0038995743,80.2474136353,52372,52382,10
13.0051498413,80.2472305298,52382,52392,10
13.0062599182,80.2468109131,52392,52402,10
13.0065097809,80.2464065552,52402,52412,10
13.0065698624,80.2461471558,52412,52422,10
13.0066404343,80.2453918457,52422,52432,10
13.0066299438,80.2446594238,52432,52443,11
13.0066404343,80.2444381714,52443,52453,10
13.0066404343,80.2440795898,52453,52463,10
13.0066404343,80.2437820435,52463,52473,10
13.0066204071,80.2433624268,52473,52483,10
13.0066003799,80.2425231934,52483,52493,10
13.0066003799,80.2415008545,52493,52503,10
13.0067100525,80.2406005859,52503,52513,10
13.0068302155,80.2398986816,52513,52523,10
13.0068702698,80.2394104004,52523,52534,11
13.0070104599,80.2386627197,52534,52544,10
13.0071401596,80.2380828857,52544,52554,10
13.0072698593,80.2376403809,52554,52564,10
13.0073795319,80.2369308472,52564,52574,10
13.0074396133,80.2366714478,52574,52584,10
13.0075502396,80.2363510132,52584,52594,10
13.0077199936,80.2356109619,52594,52604,10
13.0079202652,80.2346115112,52604,52614,10
13.0081501007,80.2335205078,52614,52625,11
13.0083799362,80.2322311401,52625,52635,10
13.0086202621,80.231048584,52635,52645,10
13.0088596344,80.229850769,52645,52655,10
13.0090799332,80.228729248,52655,52665,10
13.0093402863,80.2278823853,52665,52675,10
13.0096998215,80.2270584106,52675,52685,10
13.0101003647,80.2262115479,52685,52695,10
13.0105304718,80.2253875732,52695,52705,10
13.0107002258,80.2249984741,52705,52716,11
13.0109300613,80.2244110107,52716,52726,10
13.0112304688,80.2236785889,52726,52736,10
13.0115699768,80.2228164673,52736,52746,10
13.0118598938,80.2219161987,52746,52756,10
13.0122003555,80.2214813232,52756,52766,10
13.0123996735,80.2216186523,52766,52776,10
13.0129404068,80.2223510742,52776,52786,10
13.0135803223,80.2229995728,52786,52796,10
13.0139398575,80.2235031128,52796,52807,11
13.0145597458,80.2238616943,52807,52817,10
13.0151596069,80.2247619629,52817,52827,10
13.0154895782,80.2250289917,52827,52837,10
13.0160102844,80.2252807617,52837,52847,10
13.0169296265,80.2250976563,52847,52857,10
13.0179195404,80.2247085571,52857,52867,10
13.0187997818,80.2243728638,52867,52877,10
13.0193195343,80.2242965698,52877,52887,10
13.0194797516,80.2244186401,52887,52897,10
13.019610405,80.2244873047,52897,52908,11
13.0198802948,80.2246704102,52908,52918,10
13.020409584,80.2250595093,52918,52928,10
13.020819664,80.2254180908,52928,52938,10
13.0212697983,80.2257537842,52938,52948,10
13.0218296051,80.2260971069,52948,52958,10
13.0225400925,80.2266616821,52958,52968,10
13.0231800079,80.2272567749,52968,52978,10
13.0237197876,80.227722168,52978,52988,10
13.024140358,80.2281417847,52988,53009,21
13.024140358,80.2281417847,53009,53019,10
13.0243396759,80.2284393311,53019,53049,30
13.0243396759,80.2284393311,53049,53059,10
13.0243597031,80.2285003662,53059,53069,10
13.0240497589,80.2283782959,53069,53079,10
13.0234003067,80.2276611328,53079,53110,31
13.0234003067,80.2276611328,53110,53120,10
13.0232896805,80.2275238037,53120,53130,10
13.0230798721,80.2273025513,53130,53302,172
13.0230798721,80.2273025513,53302,53312,10
13.0228395462,80.2270126343,53312,53322,10
13.0224199295,80.2266311646,53322,53332,10
13.0218296051,80.2261123657,53332,53342,10
13.0212402344,80.2256622314,53342,53352,10
13.0205898285,80.2251586914,53352,53363,11
13.019900322,80.2247161865,53363,53383,20
13.019900322,80.2247161865,53383,53393,10
13.019780159,80.2246170044,53393,53403,10
13.0192899704,80.2244110107,53403,53413,10
13.0184202194,80.2245635986,53413,53423,10
13.0173997879,80.2249908447,53423,53433,10
13.0164203644,80.225402832,53433,53443,10
13.0155496597,80.2257080078,53443,53454,11
13.0146903992,80.22605896,53454,53464,10
13.0141401291,80.2263183594,53464,53484,20
13.0141401291,80.2263183594,53484,53494,10
13.0139398575,80.2264328003,53494,53504,10
13.0133600235,80.2266387939,53504,53514,10
13.0125999451,80.2269210815,53514,53524,10
13.0117197037,80.2272567749,53524,53534,10
13.0108203888,80.2276535034,53534,53544,10
13.0098896027,80.2280578613,53544,53555,11
13.009180069,80.2285232544,53555,53565,10
13.0090303421,80.2292785645,53565,53575,10
13.0089197159,80.2299575806,53575,53585,10
13.0088100433,80.2305297852,53585,53595,10
13.0087099075,80.2309799194,53595,53605,10
13.0085296631,80.2318496704,53605,53615,10
13.0083799362,80.2326431274,53615,53625,10
13.0082998276,80.2333831787,53625,53635,10
13.0082597733,80.2335586548,53635,53646,11
13.0081701279,80.2338180542,53646,53656,10
13.0080404282,80.2344436646,53656,53666,10
13.0079603195,80.2350006104,53666,53676,10
13.0079298019,80.2351379395,53676,53686,10
13.007809639,80.2357177734,53686,53696,10
13.007610321,80.2367401123,53696,53706,10
13.0073604584,80.2378463745,53706,53716,10
13.0071601868,80.2390365601,53716,53726,10
13.0069198608,80.2400436401,53726,53787,61
13.0069198608,80.2400436401,53787,53797,10
13.0068798065,80.2403182983,53797,53807,10
13.0068302155,80.2406768799,53807,53817,10
13.006770134,80.2410736084,53817,53828,11
13.0066995621,80.2419891357,53828,53838,10
13.0067100525,80.2430801392,53838,53848,10
13.0067195892,80.2435531616,53848,53858,10
13.0066795349,80.2438964844,53858,53868,10
13.0066604614,80.2445220947,53868,53878,10
13.006649971,80.2448272705,53878,53888,10
13.0066795349,80.2451477051,53888,53898,10
13.0066995621,80.2455368042,53898,53908,10
13.0067300797,80.2461700439,53908,53919,11
13.0067596436,80.2467803955,53919,53929,10
13.0067796707,80.2470321655,53929,53939,10
13.0067996979,80.2472000122,53939,53949,10
13.0065097809,80.2473907471,53949,53959,10
13.0060596466,80.247428894,53959,53969,10
13.0060396194,80.2474212646,53969,53979,10
13.0058498383,80.2473602295,53979,53989,10
13.005279541,80.2473068237,53989,53999,10
13.0043497086,80.2473373413,53999,54010,11
13.0031204224,80.2475280762,54010,54020,10
13.0022802353,80.2477264404,54020,54030,10
13.001449585,80.2479629517,54030,54040,10
13.00041008,80.2482223511,54040,54050,10
12.9992904663,80.2485122681,54050,54060,10
12.998290062,80.2488021851,54060,54070,10
12.9981002808,80.2488479614,54070,54080,10
12.9976797104,80.2489471436,54080,54090,10
12.9969100952,80.2491226196,54090,54101,11
12.995759964,80.2494125366,54101,54111,10
12.994600296,80.249671936,54111,54121,10
12.9935102463,80.2499694824,54121,54131,10
12.9924602509,80.2502288818,54131,54141,10
12.9915895462,80.2504577637,54141,54151,10
12.9911603928,80.250617981,54151,54161,10
12.9910802841,80.2506484985,54161,54171,10
12.9905195236,80.2507629395,54171,54181,10
12.9898700714,80.2509002686,54181,54192,11
12.9894599915,80.2509613037,54192,54202,10
12.9890003204,80.251083374,54202,54212,10
12.9884700775,80.2511978149,54212,54222,10
12.9880199432,80.2513580322,54222,54363,141
12.9880199432,80.2513580322,54363,54373,10
12.9877700806,80.251373291,54373,54384,11
12.9872903824,80.2514801025,54384,54394,10
12.9865903854,80.2516937256,54394,54404,10
12.9857997894,80.2518615723,54404,54414,10
12.9847097397,80.252166748,54414,54424,10
12.9834499359,80.2525405884,54424,54434,10
12.9821195602,80.2526702881,54434,54444,10
12.9809303284,80.2527008057,54444,54454,10
12.9802398682,80.2527694702,54454,54464,10
12.9795999527,80.2526779175,54464,54475,11
12.9787302017,80.252571106,54475,54485,10
12.9785404205,80.252532959,54485,54495,10
12.9783802032,80.2524185181,54495,54505,10
12.9778499603,80.251991272,54505,54515,10
12.977060318,80.2513885498,54515,54525,10
12.9758996964,80.2510375977,54525,54535,10
12.9746599197,80.2506790161,54535,54545,10
12.9733800888,80.2503204346,54545,54555,10
12.9720602036,80.2499694824,54555,54566,11
12.9706497192,80.2495880127,54566,54576,10
12.9693603516,80.2490997314,54576,54586,10
12.9681301117,80.248626709,54586,54596,10
12.9670295715,80.2481536865,54596,54606,10
12.9662399292,80.2477722168,54606,54616,10
12.9654302597,80.2474822998,54616,54626,10
12.9650602341,80.2473831177,54626,54636,10
12.9648303986,80.2472915649,54636,54646,10
12.9642601013,80.2470626831,54646,54657,11
12.9636602402,80.2468414307,54657,54667,10
12.9630899429,80.2465209961,54667,54677,10
12.9623403549,80.2461395264,54677,54687,10
12.9615802765,80.2457733154,54687,54697,10
12.9606895447,80.2453384399,54697,54707,10
12.9597997665,80.2449569702,54707,54717,10
12.9593400955,80.2447814941,54717,54727,10
12.9592103958,80.244720459,54727,54737,10
12.9587402344,80.2444992065,54737,54748,11
12.9580602646,80.2442092896,54748,54758,10
12.9575395584,80.2440185547,54758,54768,10
12.9565896988,80.2437667847,54768,54838,70
12.9565896988,80.2437667847,54838,54849,11
12.9558496475,80.2434387207,54849,54859,10
12.9550895691,80.243019104,54859,54869,10
12.9541301727,80.2426071167,54869,54879,10
12.9535303116,80.2423706055,54879,54889,10
12.9526901245,80.2420272827,54889,54899,10
12.9516401291,80.2416381836,54899,54919,20
12.9516401291,80.2416381836,54919,54929,10
12.9509601593,80.2414093018,54929,54940,11
12.9499197006,80.2410964966,54940,54950,10
12.9495897293,80.2410125732,54950,54960,10
12.9494199753,80.2409362793,54960,54970,10
12.9488697052,80.2407302856,54970,54980,10
12.9479904175,80.2403564453,54980,54990,10
12.9471597672,80.2400283813,54990,55000,10
12.9470901489,80.2399978638,55000,55010,10
12.9469604492,80.2399368286,55010,55020,10
12.9467601776,80.2398605347,55020,55031,11
12.9460697174,80.2395401001,55031,55041,10
12.9451904297,80.2390594482,55041,55051,10
12.9443397522,80.2381820679,55051,55061,10
12.9434995651,80.2372589111,55061,55071,10
12.9425897598,80.2365570068,55071,55081,10
12.9413995743,80.2361679077,55081,55091,10
12.9401798248,80.2358703613,55091,55101,10
12.9396400452,80.2357025146,55101,55111,10
12.9395399094,80.2356491089,55111,55122,11
12.9389696121,80.2353591919,55122,55132,10
12.9381198883,80.2349395752,55132,55142,10
12.9370498657,80.2344436646,55142,55152,10
12.9360599518,80.2339630127,55152,55162,10
12.9351701736,80.2335510254,55162,55172,10
12.9343004227,80.2331695557,55172,55182,10
12.9338903427,80.2329788208,55182,55192,10
12.9338302612,80.2329177856,55192,55202,10
12.9333696365,80.2326889038,55202,55213,11
12.9324398041,80.2323226929,55213,55223,10
12.9312801361,80.2319717407,55223,55233,10
12.9300203323,80.231590271,55233,55243,10
12.9288597107,80.2313537598,55243,55253,10
12.9276103973,80.2311401367,55253,55263,10
12.9265098572,80.2310180664,55263,55273,10
12.9261302948,80.2309570313,55273,55283,10
12.925860405,80.2309188843,55283,55293,10
12.9251203537,80.2307815552,55293,55304,11
12.9240398407,80.2306518555,55304,55314,10
12.9228696823,80.2304992676,55314,55324,10
12.9215803146,80.2303085327,55324,55334,10
12.9201898575,80.2301483154,55334,55344,10
12.918800354,80.2299804688,55344,55354,10
12.9174499512,80.2297973633,55354,55364,10
12.9161396027,80.2296524048,55364,55374,10
12.9148101807,80.2294692993,55374,55384,10
12.9132604599,80.2292785645,55384,55405,21
12.9132604599,80.2292785645,55405,55415,10
12.9129104614,80.2291793823,55415,55425,10
12.9120998383,80.2290496826,55425,55435,10
12.9110202789,80.2288970947,55435,55445,10
12.9097499847,80.2286987305,55445,55455,10
12.9084701538,80.2285079956,55455,55465,10
12.9073400497,80.2283401489,55465,55475,10
12.906539917,80.2282562256,55475,55485,10
12.9062404633,80.2282485962,55485,55496,11
12.9061899185,80.2282485962,55496,55506,10
12.9056596756,80.2282180786,55506,55516,10
12.9047803879,80.2281570435,55516,55526,10
12.9036598206,80.2280883789,55526,55536,10
12.9024295807,80.2280197144,55536,55546,10
12.9009599686,80.2279586792,55546,55657,111
12.9009599686,80.2279586792,55657,55667,10
12.9005098343,80.2279434204,55667,55678,11
12.8997001648,80.2278900146,55678,55688,10
12.8991003036,80.2278823853,55688,55698,10
12.8989496231,80.2278823853,55698,55708,10
12.8984603882,80.2278594971,55708,55718,10
12.8976297379,80.2277832031,55718,55728,10
12.8965597153,80.227722168,55728,55738,10
12.8955001831,80.2276687622,55738,55748,10
12.8943996429,80.2276077271,55748,55758,10
12.8932504654,80.2274932861,55758,55769,11
12.8924999237,80.2274169922,55769,55779,10
12.8920001984,80.2273788452,55779,55789,10
12.891119957,80.2273712158,55789,55799,10
12.8899202347,80.2273788452,55799,55810,11
12.8885803223,80.2273712158,55810,55820,10
12.8872804642,80.2272491455,55820,55830,10
12.8860397339,80.2269592285,55830,55840,10
12.8850603104,80.2267608643,55840,55850,10
12.8848199844,80.2267379761,55850,55861,11
12.8845300674,80.2267303467,55861,55871,10
12.8837900162,80.2267303467,55871,55881,10
12.8827400208,80.2267303467,55881,55891,10
12.8815002441,80.2267303467,55891,55901,10
12.880200386,80.2267227173,55901,55911,10
12.8788995743,80.2267837524,55911,55921,10
12.8776798248,80.2268829346,55921,55931,10
12.8764600754,80.2269897461,55931,55952,21
12.8764600754,80.2269897461,55952,55962,10
12.8760700226,80.2269821167,55962,55972,10
12.8752803802,80.2269363403,55972,55982,10
12.8741998672,80.2268218994,55982,55992,10
12.8730697632,80.2267074585,55992,56002,10
12.8726596832,80.2267227173,56002,56012,10
12.8725299835,80.2267227173,56012,56022,10
12.8721904755,80.2267074585,56022,56032,10
12.8714599609,80.2266769409,56032,56043,11
12.8703203201,80.2265777588,56043,56053,10
12.8691101074,80.2264633179,56053,56063,10
12.8678302765,80.2264328003,56063,56073,10
12.8665599823,80.2265625,56073,56083,10
12.86536026,80.2266311646,56083,56093,10
12.8641395569,80.2265777588,56093,56103,10
12.8627700806,80.2265396118,56103,56113,10
12.8609800339,80.2266235352,56113,56133,20
12.8609800339,80.2266235352,56133,56144,11
12.8605298996,80.2265777588,56144,56154,10
12.8596897125,80.2264633179,56154,56164,10
12.8589200974,80.226348877,56164,56174,10
12.8580904007,80.2262802124,56174,56184,10
12.8569698334,80.2263412476,56184,56194,10
12.8556900024,80.2264785767,56194,56204,10
12.8543195724,80.2266311646,56204,56214,10
12.8528995514,80.2267379761,56214,56224,10
12.8515796661,80.2266921997,56224,56235,11
12.8505001068,80.2266387939,56235,56245,10
12.8503303528,80.2266235352,56245,56255,10
12.8497600555,80.226600647,56255,56265,10
12.8488397598,80.2266082764,56265,56275,10
12.8477201462,80.2266235352,56275,56285,10
12.846540451,80.2266387939,56285,56295,10
12.8452196121,80.2266464233,56295,56315,20
12.8452196121,80.2266464233,56315,56326,11
12.8447303772,80.2266769409,56326,56336,10
12.8438901901,80.2267074585,56336,56346,10
12.8428697586,80.2268600464,56346,56356,10
12.8419399261,80.2270584106,56356,56366,10
12.8408603668,80.2273406982,56366,56376,10
12.8400697708,80.2275695801,56376,56386,10
12.8395500183,80.2276992798,56386,56396,10
12.8387899399,80.2279129028,56396,56406,10
12.8377895355,80.2281799316,56406,56417,11
12.8365402222,80.2283935547,56417,56427,10
12.8353996277,80.2285614014,56427,56437,10
12.8341703415,80.2287597656,56437,56447,10
12.8329896927,80.2289581299,56447,56457,10
12.8323802948,80.2290725708,56457,56467,10
12.8322896957,80.2290802002,56467,56477,10
12.8318595886,80.2291717529,56477,56487,10
12.8311300278,80.2293395996,56487,56497,10
12.8301801682,80.2296829224,56497,56508,11
12.8291301727,80.2300872803,56508,56518,10
12.8282203674,80.2305603027,56518,56528,10
12.8272895813,80.2310714722,56528,56538,10
12.8263196945,80.231338501,56538,56548,10
12.825220108,80.2313995361,56548,56558,10
12.8241100311,80.2312469482,56558,56568,10
12.8230104446,80.2309188843,56568,56578,10
12.8219099045,80.2305908203,56578,56588,10
12.8207998276,80.2304763794,56588,56599,11
12.8196201324,80.2305221558,56599,56609,10
12.8188800812,80.2305221558,56609,56619,10
12.8187799454,80.2304992676,56619,56629,10
12.8183403015,80.2302780151,56629,56639,10
12.8175802231,80.2299118042,56639,56649,10
12.816619873,80.2295379639,56649,56659,10
12.8155002594,80.2293701172,56659,56669,10
12.814330101,80.2291870117,56669,56679,10
12.8132200241,80.2288818359,56679,56690,11
12.8120298386,80.2284622192,56690,56700,10
12.8109397888,80.2280731201,56700,56710,10
12.8098602295,80.2276229858,56710,56720,10
12.8088998795,80.2270584106,56720,56730,10
12.8079996109,80.2263183594,56730,56740,10
12.8071203232,80.2255630493,56740,56750,10
12.8064098358,80.2249221802,56750,56760,10
12.8057498932,80.2243423462,56760,56770,10
12.8050498962,80.2240219116,56770,56780,10
12.8049097061,80.223991394,56780,56791,11
12.8046503067,80.2239303589,56791,56801,10
12.8039503098,80.2238693237,56801,56811,10
12.8029899597,80.223777771,56811,56821,10
12.8018703461,80.2236480713,56821,56831,10
12.8007097244,80.2235565186,56831,56841,10
12.7995195389,80.2234725952,56841,56851,10
12.7983198166,80.2233428955,56851,56861,10
12.7971401215,80.2231826782,56861,56871,10
12.7963104248,80.2230300903,56871,56882,11
12.7959699631,80.2229690552,56882,56892,10
12.7958097458,80.2229614258,56892,56902,10
12.7952404022,80.2228317261,56902,56912,10
12.7943601608,80.2226791382,56912,56922,10
12.7933797836,80.2225418091,56922,56932,10
12.7923698425,80.222366333,56932,56942,10
12.7914199829,80.2221374512,56942,56952,10
12.7905797958,80.2219390869,56952,56962,10
12.7898101807,80.2217407227,56962,56973,11
12.7890796661,80.2214813232,56973,56983,10
12.7885103226,80.2212600708,56983,56993,10
12.7880001068,80.2210464478,56993,57003,10
12.7876501083,80.220916748,57003,57013,10
12.7871398926,80.2207183838,57013,57023,10
12.7867898941,80.2205886841,57023,57043,20
12.7867898941,80.2205886841,57043,57053,10
12.7866096497,80.2205276489,57053,57064,11
12.7862796783,80.2203979492,57064,57084,20
12.7862796783,80.2203979492,57084,57094,10
12.7861795425,80.2203826904,57094,57104,10
12.7861499786,80.2205429077,57104,57114,10
12.7862100601,80.2208480835,57114,57124,10
12.7862100601,80.2211532593,57124,57134,10
12.786239624,80.2216796875,57134,57579,445
12.7863197327,80.2217636108,57579,57792,213
12.7863397598,80.221862793,57792,57933,141
12.7862997055,80.2216567993,57933,58307,374
12.7864103317,80.2218322754,58307,58499,192
12.7862796783,80.2217330933,58499,60079,1580
12.7862796783,80.2217330933,60079,60089,10
12.7862596512,80.2214584351,60089,60099,10
12.786239624,80.221031189,60099,60170,71
12.786239624,80.221031189,60170,60180,10
12.7861604691,80.2206878662,60180,60190,10
12.7862596512,80.2203598022,60190,60210,20
12.7862596512,80.2203598022,60210,60220,10
12.7866401672,80.2204818726,60220,60250,30
12.7866401672,80.2204818726,60250,60261,11
12.7868404388,80.2206115723,60261,60271,10
12.7871599197,80.2206878662,60271,60281,10
12.7875795364,80.2208404541,60281,60291,10
12.7875900269,80.2208480835,60291,60301,10
12.7879199982,80.2209777832,60301,60311,10
12.788359642,80.2211380005,60311,60321,10
12.7890100479,80.2213973999,60321,60331,10
12.7896003723,80.2215881348,60331,60341,10
12.7899599075,80.2217178345,60341,60352,11
12.7908096313,80.2219314575,60352,60362,10
12.7918195724,80.2221984863,60362,60372,10
12.7929201126,80.2224273682,60372,60382,10
12.7939596176,80.2225799561,60382,60392,10
12.7950296402,80.2227478027,60392,60402,10
12.7959804535,80.2229003906,60402,60412,10
12.7964401245,80.2229766846,60412,60432,20
12.7964401245,80.2229766846,60432,60443,11
12.7968502045,80.2230606079,60443,60453,10
12.7974596024,80.223197937,60453,60463,10
12.7983398438,80.2233200073,60463,60473,10
12.7993898392,80.2234115601,60473,60483,10
12.8004598618,80.2235107422,60483,60493,10
12.8013401031,80.2235565186,60493,60503,10
12.8015003204,80.2235870361,60503,60513,10
12.8019599915,80.2236633301,60513,60523,10
12.8025302887,80.2237319946,60523,60534,11
12.8030004501,80.2238006592,60534,60544,10
12.8035402298,80.2238464355,60544,60554,10
12.8041200638,80.2238922119,60554,60564,10
12.8045797348,80.2239303589,60564,60574,10
12.8051395416,80.2240371704,60574,60584,10
12.805560112,80.2241592407,60584,60594,10
12.8055801392,80.2241592407,60594,60604,10
12.8058996201,80.2244033813,60604,60614,10
12.8065004349,80.2249298096,60614,60624,10
12.807220459,80.2255630493,60624,60635,11
12.8080301285,80.2262496948,60635,60645,10
12.8088598251,80.2269592285,60645,60655,10
12.8098096848,80.2275619507,60655,60665,10
12.8108501434,80.2279968262,60665,60675,10
12.8119602203,80.2284317017,60675,60685,10
12.8131504059,80.2288589478,60685,60695,10
12.8143501282,80.2292098999,60695,60705,10
12.8156299591,80.2294082642,60705,60715,10
12.8169002533,80.2296218872,60715,60726,11
12.818189621,80.2301330566,60726,60736,10
12.8192195892,80.2304916382,60736,60746,10
12.8198404312,80.2304611206,60746,60756,10
12.8199701309,80.2304534912,60756,60766,10
12.8206195831,80.2304382324,60766,60776,10
12.821559906,80.2304763794,60776,60786,10
12.8225898743,80.2307434082,60786,60796,10
12.8235702515,80.2310333252,60796,60806,10
12.8245296478,80.2312774658,60806,60817,11
12.8256702423,80.2313766479,60817,60827,10
12.8264703751,80.2313079834,60827,60837,10
12.8265800476,80.2313079834,60837,60847,10
12.8270702362,80.2312164307,60847,60857,10
12.8277597427,80.2309494019,60857,60867,10
12.8286304474,80.230430603,60867,60877,10
12.8296098709,80.2299880981,60877,60887,10
12.8305397034,80.229637146,60887,60897,10
12.8310604095,80.2294082642,60897,60908,11
12.8310899734,80.2294006348,60908,60918,10
12.8313102722,80.2293395996,60918,60928,10
12.8314399719,80.2292861938,60928,60938,10
12.8316297531,80.2292175293,60938,60948,10
12.8317298889,80.2291793823,60948,60958,10
12.8320503235,80.2291107178,60958,60968,10
12.8326597214,80.2289962769,60968,60978,10
12.8329801559,80.2289428711,60978,60988,10
12.833319664,80.2288894653,60988,60999,11
12.8341398239,80.2287521362,60999,61009,10
12.8351402283,80.2285919189,61009,61019,10
12.8361597061,80.2284164429,61019,61029,10
12.837100029,80.2282714844,61029,61039,10
12.8380498886,80.2280883789,61039,61049,10
12.8393201828,80.2277908325,61049,61130,81
12.8393201828,80.2277908325,61130,61140,10
12.8399600983,80.2276229858,61140,61150,10
12.8406600952,80.2274398804,61150,61160,10
12.8415403366,80.2272109985,61160,61170,10
12.8424797058,80.2269668579,61170,61180,10
12.8435297012,80.2267913818,61180,61191,11
12.8446702957,80.226600647,61191,61201,10
12.8453598022,80.2265396118,61201,61221,20
12.8453598022,80.2265396118,61221,61231,10
12.8455600739,80.2265625,61231,61241,10
12.8459100723,80.2265167236,61241,61251,10
12.846570015,80.2265167236,61251,61261,10
12.8475198746,80.2265319824,61261,61271,10
12.8485298157,80.2265396118,61271,61282,11
12.8500995636,80.2265167236,61282,61312,30
12.8500995636,80.2265167236,61312,61322,10
12.8502197266,80.2265396118,61322,61332,10
12.8507299423,80.2265396118,61332,61342,10
12.8514995575,80.2265777588,61342,61352,10
12.8524198532,80.2266235352,61352,61362,10
12.8532896042,80.2266387939,61362,61373,11
12.8541498184,80.2265625,61373,61383,10
12.8549995422,80.2264633179,61383,61393,10
12.855919838,80.2263565063,61393,61403,10
12.856880188,80.2262573242,61403,61413,10
12.8578395844,80.2261886597,61413,61423,10
12.8586997986,80.2262191772,61423,61433,10
12.8596496582,80.226348877,61433,61443,10
12.8605804443,80.2264862061,61443,61453,10
12.8608703613,80.2265396118,61453,61464,11
12.8612298965,80.2264785767,61464,61474,10
12.8620595932,80.2264785767,61474,61484,10
12.8630504608,80.2264404297,61484,61494,10
12.8640899658,80.2264785767,61494,61504,10
12.8651695251,80.2265319824,61504,61514,10
12.8662395477,80.2265167236,61514,61524,10
12.8671703339,80.2264480591,61524,61534,10
12.8680095673,80.2263565063,61534,61544,10
12.868929863,80.2263565063,61544,61555,11
12.8699598312,80.2264785767,61555,61565,10
12.8704004288,80.2265396118,61565,61575,10
12.8711500168,80.2266235352,61575,61585,10
12.8720502853,80.2266387939,61585,61595,10
12.8728303909,80.2266387939,61595,61605,10
12.8729400635,80.2266387939,61605,61615,10
12.8733196259,80.2266616821,61615,61625,10
12.8740596771,80.2267227173,61625,61635,10
12.8750600815,80.2268600464,61635,61646,11
12.8760204315,80.2269210815,61646,61656,10
12.8761901855,80.2269210815,61656,61666,10
12.8761997223,80.2269210815,61666,61676,10
12.876449585,80.2269134521,61676,61686,10
12.8767700195,80.226890564,61686,61696,10
12.8768596649,80.2268829346,61696,61706,10
12.8773202896,80.226852417,61706,61716,10
12.8781700134,80.2267990112,61716,61726,10
12.8793201447,80.2267303467,61726,61737,11
12.8806600571,80.2267227173,61737,61747,10
12.8819599152,80.2267074585,61747,61757,10
12.8831596375,80.2266921997,61757,61767,10
12.8842096329,80.2266693115,61767,61777,10
12.8849697113,80.2266616821,61777,61787,10
12.885219574,80.2266769409,61787,61797,10
12.8854198456,80.2267074585,61797,61807,10
12.8860397339,80.226852417,61807,61817,10
12.8868198395,80.2270584106,61817,61827,10
12.8877801895,80.2272186279,61827,61838,11
12.8889398575,80.2273178101,61838,61848,10
12.8898801804,80.2273330688,61848,61858,10
12.8908700943,80.2273178101,61858,61868,10
12.8919000626,80.2273025513,61868,61878,10
12.8925895691,80.2273406982,61878,61888,10
12.8931999207,80.2274398804,61888,61898,10
12.8941001892,80.2275466919,61898,61908,10
12.8950595856,80.2276077271,61908,61918,10
12.8959703445,80.2276306152,61918,61929,11
12.8972101212,80.2276916504,61929,61939,10
12.8983898163,80.2277832031,61939,61949,10
12.8994503021,80.2278366089,61949,61959,10
12.9001398087,80.2278823853,61959,61999,40
12.9001398087,80.2278823853,61999,62009,10
12.9003000259,80.227897644,62009,62020,11
12.9005002975,80.2279129028,62020,62030,10
12.9009304047,80.2279281616,62030,62040,10
12.9013204575,80.2279510498,62040,62050,10
12.9018001556,80.2279815674,62050,62060,10
12.9021396637,80.2279815674,62060,62070,10
12.9023103714,80.2279891968,62070,62080,10
12.9026002884,80.2279891968,62080,62090,10
12.9030399323,80.2279663086,62090,62100,10
12.9031095505,80.2279663086,62100,62111,11
12.9035596848,80.2280197144,62111,62121,10
12.9040002823,80.2280731201,62121,62131,10
12.904709816,80.2281112671,62131,62141,10
12.9053201675,80.2281112671,62141,62161,20
12.9053201675,80.2281112671,62161,62171,10
12.9056997299,80.2281417847,62171,62181,10
12.906080246,80.2281570435,62181,62191,10
12.9064397812,80.2281799316,62191,62202,11
12.9068498611,80.2282180786,62202,62212,10
12.9070501328,80.2282409668,62212,62222,10
12.9072198868,80.2282562256,62222,62232,10
12.9078397751,80.2283630371,62232,62242,10
12.9085798264,80.2284927368,62242,62252,10
12.9099798203,80.2287216187,62252,62262,10
12.9111604691,80.2288894653,62262,62272,10
12.9123096466,80.2290420532,62272,62282,10
12.9133300781,80.2291793823,62282,62293,11
12.9139404297,80.2292480469,62293,62303,10
12.914059639,80.2292785645,62303,62313,10
12.9145698547,80.2293395996,62313,62323,10
12.9153795242,80.2294616699,62323,62333,10
12.9164199829,80.2296218872,62333,62343,10
12.9174003601,80.2297515869,62343,62353,10
12.9183597565,80.2298965454,62353,62363,10
12.9191198349,80.2299804688,62363,62373,10
12.9196596146,80.2300415039,62373,62384,11
12.9205999374,80.2301712036,62384,62394,10
12.921620369,80.2303009033,62394,62404,10
12.9226503372,80.2304534912,62404,62414,10
12.9236698151,80.2305984497,62414,62424,10
12.9247198105,80.2307434082,62424,62434,10
12.9257097244,80.2308502197,62434,62444,10
12.9263896942,80.2309265137,62444,62454,10
12.9265604019,80.2309494019,62454,62464,10
12.9271001816,80.2310180664,62464,62475,11
12.9280195236,80.2311325073,62475,62485,10
12.9287595749,80.2312393188,62485,62495,10
12.9295597076,80.2313995361,62495,62505,10
12.9304199219,80.2315979004,62505,62515,10
12.9313802719,80.2319107056,62515,62525,10
12.932390213,80.2322387695,62525,62535,10
12.9333600998,80.2325973511,62535,62545,10
12.9337396622,80.2327728271,62545,62555,10
12.9338502884,80.2328262329,62555,62565,10
12.9343996048,80.2331008911,62565,62576,11
12.9350595474,80.2333908081,62576,62586,10
12.9354801178,80.2335968018,62586,62626,40
12.9354801178,80.2335968018,62626,62636,10
12.9357595444,80.2337722778,62636,62646,10
12.936249733,80.2340011597,62646,62656,10
12.9369401932,80.234336853,62656,62667,11
12.937789917,80.2347564697,62667,62677,10
12.9386196136,80.235168457,62677,62687,10
12.9393596649,80.2355117798,62687,62697,10
12.9396400452,80.2356567383,62697,62707,10
12.9397001266,80.2356872559,62707,62717,10
12.9400901794,80.2358474731,62717,62727,10
12.9407997131,80.236076355,62727,62737,10
12.9416503906,80.2362594604,62737,62747,10
12.9427404404,80.2366104126,62747,62758,11
12.9435796738,80.2372817993,62758,62768,10
12.9442796707,80.2380371094,62768,62777,9
12.9449195862,80.2387466431,62777,62788,11
12.9458198547,80.2394104004,62788,62798,10
12.9467401505,80.2397918701,62798,62808,10
12.9472904205,80.240020752,62808,62818,10
12.9474201202,80.2400665283,62818,62828,10
12.9479799271,80.2402877808,62828,62838,10
12.94851017,80.2404785156,62838,62849,11
12.9485301971,80.2404937744,62849,62859,10
12.9487199783,80.2405471802,62859,62869,10
12.9491701126,80.2407302856,62869,62879,10
12.9497404099,80.2409210205,62879,62889,10
12.950460434,80.2411270142,62889,62899,10
12.9510803223,80.241317749,62899,62909,10
12.9512701035,80.2414093018,62909,62919,10
12.951669693,80.241569519,62919,62929,10
12.9523601532,80.2418289185,62929,62940,11
12.9532203674,80.2421722412,62940,62950,10
12.9537601471,80.2423782349,62950,62960,10
12.9542798996,80.2425918579,62960,62970,10
12.9548902512,80.2428512573,62970,62980,10
12.9554700851,80.243057251,62980,62990,10
12.9555797577,80.2431182861,62990,63000,10
12.9558200836,80.2432022095,63000,63011,11
12.9559602737,80.243270874,63011,63032,21
12.9561195374,80.2433166504,63032,63052,20
12.9562501907,80.2433776855,63052,63102,50
12.9562501907,80.2433776855,63102,63112,10
12.9564695358,80.2434768677,63112,63123,11
12.9570903778,80.2437362671,63123,63133,10
12.9579496384,80.2440872192,63133,63143,10
12.9586801529,80.2443771362,63143,63153,10
12.9589300156,80.2444915771,63153,63163,10
12.9589700699,80.2445068359,63163,63173,10
12.9591398239,80.2445983887,63173,63183,10
12.9596300125,80.2448425293,63183,63193,10
12.9604101181,80.2452011108,63193,63203,10
12.9613800049,80.2456665039,63203,63213,10
12.9624004364,80.2461471558,63213,63224,11
12.9631500244,80.2465133667,63224,63234,10
12.9636898041,80.2467880249,63234,63244,10
12.9640903473,80.2469482422,63244,63254,10
12.9646701813,80.2471618652,63254,63264,10
12.9653301239,80.2473678589,63264,63274,10
12.9660196304,80.2476272583,63274,63284,10
12.9663600922,80.247756958,63284,63294,10
12.9664001465,80.2477798462,63294,63304,10
12.9666500092,80.2478866577,63304,63315,11
12.9667396545,80.2479400635,63315,63325,10
12.9668397903,80.2479782104,63325,63335,10
12.9672603607,80.2481994629,63335,63345,10
12.9680595398,80.248550415,63345,63355,10
12.9690704346,80.2489776611,63355,63365,10
12.9701700211,80.2493896484,63365,63375,10
12.9713001251,80.2497634888,63375,63385,10
12.9724903107,80.2500762939,63385,63395,10
12.9735403061,80.2503585815,63395,63406,11
12.9746103287,80.250579834,63406,63426,20
12.9746103287,80.250579834,63426,63436,10
12.974650383,80.250579834,63436,63446,10
12.9748401642,80.2506484985,63446,63456,10
12.9753599167,80.250793457,63456,63567,111
12.9753599167,80.250793457,63567,63577,10
12.9757204056,80.2508773804,63577,63588,11
12.9763202667,80.2510604858,63588,63608,20
12.9763202667,80.2510604858,63608,63618,10
12.9764795303,80.251121521,63618,63729,111
12.9764795303,80.251121521,63729,63739,10
12.9769802094,80.2512969971,63739,63749,10
12.9772996902,80.2514419556,63749,63820,71
12.9772996902,80.2514419556,63820,63830,10
12.9774999619,80.2515563965,63830,63840,10
12.9777297974,80.2517318726,63840,63850,10
12.9777603149,80.2517623901,63850,63860,10
12.9781103134,80.2520599365,63860,64012,152
12.9781103134,80.2520599365,64012,64022,10
12.9784698486,80.2522735596,64022,64032,10
12.9785900116,80.2523498535,64032,64042,10
12.9787998199,80.252456665,64042,64113,71
12.9787998199,80.252456665,64113,64123,10
12.9789304733,80.2525177002,64123,64133,10
12.9791898727,80.252571106,64133,64144,11
12.9796800613,80.2526092529,64144,64396,252
12.9796800613,80.2526092529,64396,64406,10
12.9797000885,80.2525863647,64406,64416,10
12.9800701141,80.2526092529,64416,64427,11
12.9802303314,80.2526092529,64427,64437,10
12.9804601669,80.2526168823,64437,64447,10
12.9810600281,80.2526016235,64447,64457,10
12.9817695618,80.2525634766,64457,64467,10
12.9821100235,80.2525634766,64467,64477,10
12.9824895859,80.252532959,64477,64528,51
12.9824895859,80.252532959,64528,64538,10
12.9827899933,80.2524719238,64538,64548,10
12.9830102921,80.2524490356,64548,64669,121
12.9830102921,80.2524490356,64669,64679,10
12.9832897186,80.2524490356,64679,64689,10
12.9836502075,80.2523880005,64689,64700,11
12.9843797684,80.2521972656,64700,64710,10
12.9847803116,80.2520904541,64710,64720,10
12.9852600098,80.2519378662,64720,64730,10
12.9859104156,80.2517700195,64730,64740,10
12.9865398407,80.2516098022,64740,64750,10
12.987159729,80.2514266968,64750,64760,10
12.9876499176,80.2512893677,64760,64770,10
12.988240242,80.251159668,64770,64780,10
12.9891300201,80.2509231567,64780,64791,11
12.9895000458,80.250831604,64791,64801,10
12.9897203445,80.2508087158,64801,64811,10
12.9902801514,80.2506866455,64811,64821,10
12.9910097122,80.25050354,64821,64831,10
12.9919996262,80.2502365112,64831,64841,10
12.993180275,80.2499465942,64841,64851,10
12.9944200516,80.2496414185,64851,64861,10
12.9956598282,80.2493286133,64861,64871,10
12.9969396591,80.2490081787,64871,64882,11
12.9984798431,80.2486190796,64882,64892,10
12.9999704361,80.248260498,64892,64902,10
13.0013799667,80.2479019165,64902,64912,10
13.002240181,80.2476730347,64912,64922,10
13.0031700134,80.2474899292,64922,64932,10
13.0043201447,80.2473220825,64932,64942,10
13.0053195953,80.2471466064,64942,64952,10
13.006070137,80.2469177246,64952,64962,10
13.0064296722,80.2465209961,64962,64972,10
13.006480217,80.2463607788,64972,64983,11
13.0065202713,80.2461090088,64983,64993,10
13.0065498352,80.2455673218,64993,65003,10
13.0065898895,80.2453231812,65003,65013,10
13.0065803528,80.2451019287,65013,65023,10
13.0065698624,80.2449035645,65023,65033,10
13.0065498352,80.2446670532,65033,65043,10
13.0065498352,80.2446517944,65043,65053,10
13.0066003799,80.2443389893,65053,65063,10
13.0065698624,80.2441177368,65063,65074,11
13.0065603256,80.2438278198,65074,65084,10
13.0065402985,80.2435302734,65084,65094,10
13.0065202713,80.2428817749,65094,65104,10
13.0065002441,80.2419128418,65104,65114,10
13.0065002441,80.2411880493,65114,65154,40
13.0065002441,80.2411880493,65154,65165,11
13.0065803528,80.2408828735,65165,65175,10
13.0066204071,80.2406921387,65175,65185,10
13.0066995621,80.2402420044,65185,65195,10
13.0068597794,80.2393035889,65195,65205,10
13.0070295334,80.2382888794,65205,65215,10
13.0072002411,80.2375564575,65215,65225,10
13.0073099136,80.2370376587,65225,65235,10
13.0073099136,80.2368774414,65235,65286,51
13.0073099136,80.2368774414,65286,65296,10
13.0073900223,80.2367019653,65296,65306,10
13.007399559,80.236656189,65306,65316,10
13.0074701309,80.2364196777,65316,65326,10
13.0075502396,80.236038208,65326,65336,10
13.0076599121,80.2354736328,65336,65347,11
13.0076799393,80.2353591919,65347,65357,10
13.0077199936,80.2352905273,65357,65367,10
13.0077896118,80.2348937988,65367,65377,10
13.007900238,80.2342987061,65377,65387,10
13.0080404282,80.2335510254,65387,65397,10
13.0081996918,80.232749939,65397,65407,10
13.0083599091,80.2318725586,65407,65417,10
13.0085496902,80.2309112549,65417,65426,9
13.0087404251,80.2300033569,65426,65438,12
13.0089797974,80.2288284302,65438,65448,10
13.0092000961,80.2279815674,65448,65458,10
13.0095796585,80.2271575928,65458,65468,10
13.0099802017,80.2263031006,65468,65478,10
13.0103197098,80.2257003784,65478,65488,10
13.0105304718,80.2253112793,65488,65498,10
13.0107297897,80.2248382568,65498,65508,10
13.0108995438,80.224319458,65508,65518,10
13.0111398697,80.2237319946,65518,65528,10
13.0113096237,80.2232208252,65528,65539,11
13.0115995407,80.2224578857,65539,65549,10
13.0118303299,80.2217712402,65549,65559,10
13.0121202469,80.2213897705,65559,65569,10
13.0123300552,80.2215423584,65569,65579,10
13.0127000809,80.222038269,65579,65589,10
13.0131397247,80.2225036621,65589,65599,10
13.0136003494,80.2230224609,65599,65609,10
13.0140399933,80.2235031128,65609,65619,10
13.0143299103,80.2238998413,65619,65630,11
13.0147800446,80.2244262695,65630,65640,10
13.015080452,80.2247619629,65640,65650,10
13.0155200958,80.2250671387,65650,65660,10
13.0155601501,80.2250900269,65660,65670,10
13.0157403946,80.2252120972,65670,65680,10
13.0163497925,80.2253112793,65680,65690,10
13.0170202255,80.2250976563,65690,65700,10
13.0177202225,80.224822998,65700,65710,10
13.0184202194,80.2245407104,65710,65721,11
13.0191602707,80.2243118286,65721,65731,10
13.0194997787,80.2243881226,65731,65741,10
13.0198402405,80.2246017456,65741,65751,10
13.0203199387,80.2249603271,65751,65761,10
13.0207796097,80.2252883911,65761,65771,10
13.0211296082,80.2255783081,65771,65781,10
13.0215902328,80.2259368896,65781,65791,10
13.0220098495,80.2262191772,65791,65822,31
13.0220098495,80.2262191772,65822,65832,10
13.0223999023,80.2266082764,65832,65842,10
13.0230302811,80.2271575928,65842,65852,10
13.0237398148,80.2277908325,65852,65862,10
13.0242500305,80.2283401489,65862,65872,10
13.0246295929,80.2288589478,65872,65913,41
13.0246295929,80.2288589478,65913,65923,10
13.0247001648,80.2289886475,65923,65933,10
13.0249300003,80.2293167114,65933,65943,10
13.0253601074,80.2298965454,65943,65953,10
13.0258197784,80.2306289673,65953,65963,10
13.0260000229,80.2311172485,65963,65973,10
13.0262002945,80.2313232422,65973,65983,10
13.0271196365,80.2310791016,65983,66004,21
13.0271196365,80.2310791016,66004,66014,10
13.0273599625,80.2310180664,66014,66024,10
13.0275497437,80.2309799194,66024,66034,10
13.0278196335,80.2309494019,66034,66044,10
13.0279798508,80.2309188843,66044,66054,10
13.0281200409,80.2309188843,66054,66064,10
13.028380394,80.2308807373,66064,66074,10
13.0288896561,80.2308197021,66074,66135,61
13.0288896561,80.2308197021,66135,66145,10
13.0290803909,80.2308807373,66145,66155,10
13.0292701721,80.2308578491,66155,66165,10
13.0294799805,80.2308425903,66165,66176,11
13.0300102234,80.2307891846,66176,66186,10
13.0302095413,80.230758667,66186,66196,10
13.0303897858,80.2307434082,66196,66226,30
13.0303897858,80.2307434082,66226,66236,10
13.030579567,80.2306976318,66236,66246,10
13.0311403275,80.2306518555,66246,66256,10
13.0317401886,80.2306137085,66256,66266,10
13.0323295593,80.2305603027,66266,66277,11
13.0330896378,80.230506897,66277,66287,10
13.0336704254,80.2304534912,66287,66297,10
13.0338497162,80.2304534912,66297,66307,10
13.0343799591,80.2303924561,66307,66317,10
13.0347499847,80.2302474976,66317,66378,61
13.0347499847,80.2302474976,66378,66388,10
13.0348396301,80.2299575806,66388,66398,10
13.0344400406,80.2299575806,66398,67229,831
13.0344400406,80.2299575806,67229,67239,10
13.0341100693,80.2300567627,67239,67280,41
13.0341100693,80.2300567627,67280,67290,10
13.0338897705,80.2303619385,67290,67300,10
13.0336399078,80.2303771973,67300,67310,10
13.0335597992,80.2303924561,67310,67320,10
13.0333404541,80.2304000854,67320,67330,10
13.0328702927,80.2304229736,67330,67340,10
13.0322504044,80.2304763794,67340,67350,10
13.0318899155,80.2305297852,67350,67360,10
13.0309295654,80.2305984497,67360,67401,41
13.0309295654,80.2305984497,67401,67411,10
13.0305404663,80.2306518555,67411,67421,10
13.0300798416,80.2307128906,67421,67431,10
13.0298404694,80.2307128906,67431,67441,10
13.0294704437,80.2307815552,67441,67451,10
13.028840065,80.2308425903,67451,67462,11
13.0279998779,80.2308807373,67462,67472,10
13.0277204514,80.2312164307,67472,67482,10
13.0277395248,80.2317581177,67482,67492,10
13.0278396606,80.2324523926,67492,67502,10
13.0276403427,80.2327804565,67502,67512,10
13.0269603729,80.2328796387,67512,67553,41
13.0269603729,80.2328796387,67553,67563,10
13.0264701843,80.2329406738,67563,67573,10
13.0263500214,80.2328720093,67573,67583,10
13.0262098312,80.2325820923,67583,67623,40
13.0262098312,80.2325820923,67623,67633,10
13.0261497498,80.2322006226,67633,67644,11
13.0261001587,80.2320175171,67644,67654,10
13.0260295868,80.2317581177,67654,67664,10
13.0258903503,80.2313613892,67664,67674,10
13.0257101059,80.2306900024,67674,67684,10
13.0253000259,80.2299575806,67684,67694,10
13.0249795914,80.2295227051,67694,67704,10
13.0249004364,80.2294082642,67704,67714,10
13.0247802734,80.2292861938,67714,67724,10
13.0246200562,80.2290725708,67724,67734,10
13.0242996216,80.2286300659,67734,67745,11
13.0238399506,80.2280578613,67745,67755,10
13.0233402252,80.2275466919,67755,67775,20
13.0233402252,80.2275466919,67775,67785,10
13.0231895447,80.2273788452,67785,67795,10
13.0227403641,80.2269363403,67795,67805,10
13.0221996307,80.2264633179,67805,67815,10
13.0216197968,80.225982666,67815,67825,10
13.0210399628,80.2255096436,67825,67836,11
13.0204801559,80.2250900269,67836,67846,10
13.0198001862,80.2246170044,67846,67856,10
13.0189800262,80.224357605,67856,67866,10
13.0182600021,80.2245864868,67866,67876,10
13.0177202225,80.224822998,67876,67886,10
13.0172100067,80.2250289917,67886,67896,10
13.0168504715,80.2251815796,67896,67906,10
13.0166501999,80.2252731323,67906,67916,10
13.0165300369,80.2253112793,67916,67927,11
13.0163602829,80.2253723145,67927,67937,10
13.0160799026,80.2254562378,67937,67947,10
13.0157499313,80.2255477905,67947,67957,10
13.0152702332,80.225769043,67957,67967,10
13.0142202377,80.2262191772,67967,67987,20
13.0142202377,80.2262191772,67987,67997,10
13.0139799118,80.2263793945,67997,68007,10
13.0135202408,80.2265319824,68007,68018,11
13.0129404068,80.2266998291,68018,68028,10
13.0122003555,80.2269668579,68028,68038,10
13.0113401413,80.2273178101,68038,68048,10
13.0104398727,80.2276992798,68048,68058,10
13.0095100403,80.2280807495,68058,68068,10
13.0090198517,80.2289199829,68068,68078,10
13.0088796616,80.2297515869,68078,68088,10
13.0087795258,80.2303390503,68088,68098,10
13.0086803436,80.2309494019,68098,68119,21
13.0086803436,80.2309494019,68119,68129,10
13.0086202621,80.2312774658,68129,68139,10
13.008600235,80.2313690186,68139,68149,10
13.0085697174,80.231552124,68149,68159,10
13.0085401535,80.2317123413,68159,68169,10
13.008480072,80.2319564819,68169,68179,10
13.0084600449,80.2320327759,68179,68189,10
13.0084400177,80.2321624756,68189,68200,11
13.0084104538,80.2322769165,68200,68210,10
13.0083799362,80.2324676514,68210,68220,10
13.0083599091,80.2326126099,68220,68230,10
13.0082597733,80.2333374023,68230,68270,40
13.0082597733,80.2333374023,68270,68280,10
13.0081300735,80.2337417603,68280,68291,11
13.0080900192,80.2339096069,68291,68301,10
13.0080604553,80.2340621948,68301,68311,10
13.0080404282,80.2341537476,68311,68321,10
13.0079698563,80.2344589233,68321,68331,10
13.0078897476,80.2348937988,68331,68341,10
13.0078001022,80.2353591919,68341,68351,10
13.0076999664,80.2359085083,68351,68361,10
13.0076398849,80.2362136841,68361,68371,10
13.0075798035,80.2364807129,68371,68382,11
13.0074996948,80.2368927002,68382,68392,10
13.0074100494,80.2373123169,68392,68402,10
13.0073299408,80.2376785278,68402,68412,10
13.0072698593,80.2380065918,68412,68483,71
13.0072698593,80.2380065918,68483,68493,10
13.0072402954,80.2382125854,68493,68503,10
13.0071802139,80.2384262085,68503,68614,111
13.0071802139,80.2384262085,68614,68624,10
13.0070800781,80.2388763428,68624,68634,10
13.0069799423,80.2395401001,68634,68644,10
13.0068597794,80.2402801514,68644,68654,10
13.0067996979,80.240737915,68654,68665,11
13.0067996979,80.2407913208,68665,68675,10
13.0067396164,80.2410583496,68675,68685,10
13.0066995621,80.2417373657,68685,68695,10
13.0066795349,80.2427368164,68695,68705,10
13.0066604614,80.2436904907,68705,68715,10
13.0066404343,80.2444992065,68715,68725,10
13.0066204071,80.2447433472,68725,68735,10
13.0066099167,80.2448883057,68735,68745,10
13.0066204071,80.2450714111,68745,68756,11
13.0066299438,80.2453994751,68756,68766,10
13.006649971,80.2457885742,68766,68776,10
13.0066604614,80.24609375,68776,68786,10
13.0066795349,80.2467727661,68786,68796,10
13.0064601898,80.2473602295,68796,68806,10
13.006070137,80.2473373413,68806,68826,20
13.006070137,80.2473373413,68826,68836,10
13.0056800842,80.2473297119,68836,68847,11
13.0048904419,80.2473526001,68847,68857,10
13.0038700104,80.2474594116,68857,68867,10
13.0027303696,80.2476119995,68867,68877,10
13.0016002655,80.2478637695,68877,68887,10
13.0005102158,80.2481307983,68887,68897,10
12.9993696213,80.2484130859,68897,68907,10
12.9982700348,80.2487335205,68907,68917,10
12.9979600906,80.2488098145,68917,68927,10
12.9976596832,80.2488632202,68927,68938,11
12.9968795776,80.2490234375,68938,68948,10
12.995929718,80.2492218018,68948,68958,10
12.9948997498,80.2495117188,68958,68968,10
12.993929863,80.249786377,68968,68978,10
12.9930400848,80.250038147,68978,69049,71
12.9926700592,80.2501373291,69049,69180,131
12.9926700592,80.2501373291,69180,69190,10
12.9924898148,80.2502365112,69190,69200,10
12.9920396805,80.2503433228,69200,69210,10
12.9916400909,80.2504196167,69210,69221,11
12.9912395477,80.250541687,69221,69230,9
12.9911603928,80.2505493164,69230,69241,11
12.9908399582,80.250617981,69241,69251,10
12.9906997681,80.2506408691,69251,69261,10
12.9903497696,80.2507171631,69261,69271,10
12.9898395538,80.2508621216,69271,69322,51
12.9894800186,80.2509307861,69322,69675,353
12.9894800186,80.2509307861,69675,69686,11
12.9892997742,80.2510070801,69686,69696,10
12.989159584,80.2510528564,69696,69706,10
12.9890003204,80.251083374,69706,69716,10
12.9889802933,80.2510910034,69716,69726,10
12.9886903763,80.2511520386,69726,69736,10
12.9884395599,80.2512283325,69736,69746,10
12.9882202148,80.2512893677,69746,69756,10
12.9877099991,80.2513809204,69756,69766,10
12.9871301651,80.2515411377,69766,69777,11
12.9865198135,80.251701355,69777,69787,10
12.9858102798,80.2518768311,69787,69797,10
12.9847803116,80.2521362305,69797,69807,10
12.9837703705,80.252456665,69807,69817,10
12.9828395844,80.2526016235,69817,69827,10
12.9818696976,80.2526168823,69827,69837,10
12.9809398651,80.2526168823,69837,69847,10
12.9803199768,80.2526473999,69847,69857,10
12.9798002243,80.2526397705,69857,69868,11
12.9786396027,80.252456665,69868,69888,20
12.9786396027,80.252456665,69888,69898,10
12.9782600403,80.2522583008,69898,69908,10
12.977640152,80.251739502,69908,69918,10
12.9767198563,80.2512435913,69918,69928,10
12.975520134,80.2508773804,69928,69938,10
12.9743404388,80.250541687,69938,69948,10
12.973279953,80.25025177,69948,69959,11
12.9722299576,80.2499694824,69959,69969,10
12.9712400436,80.249710083,69969,69979,10
12.9702596664,80.2494735718,69979,69989,10
12.9693498611,80.2491226196,69989,69999,10
12.968580246,80.2487716675,69999,70009,10
12.9678697586,80.2484817505,70009,70019,10
12.9672603607,80.2482299805,70019,70029,10
12.9669799805,80.2481231689,70029,70039,10
12.9665699005,80.2479324341,70039,70050,11
12.9658002853,80.2475662231,70050,70060,10
12.9653396606,80.2473602295,70060,70070,10
12.9653196335,80.2473602295,70070,70080,10
12.9651699066,80.2473602295,70080,70090,10
12.9651603699,80.2473602295,70090,70100,10
12.9649600983,80.2472915649,70100,70110,10
12.9644203186,80.2470779419,70110,70120,10
12.9638299942,80.2468414307,70120,70130,10
12.9633102417,80.24659729,70130,70141,11
12.9625501633,80.2462081909,70141,70151,10
12.9616098404,80.2457733154,70151,70161,10
12.9606399536,80.2453231812,70161,70171,10
12.9598302841,80.2449798584,70171,70181,10
12.9594898224,80.2448272705,70181,70191,10
12.959400177,80.2447662354,70191,70201,10
12.9589700699,80.2445831299,70201,70211,10
12.9582796097,80.2442626953,70211,70221,10
12.9575996399,80.2440032959,70221,70232,11
12.9568595886,80.2437820435,70232,70242,10
12.9566602707,80.2437133789,70242,70252,10
12.956580162,80.2436828613,70252,70262,10
12.9563999176,80.2436218262,70262,70282,20
12.9563999176,80.2436218262,70282,70292,10
12.9558296204,80.2433319092,70292,70302,10
12.9550600052,80.2429428101,70302,70312,10
12.9542703629,80.2426071167,70312,70323,11
12.9536104202,80.2423324585,70323,70333,10
12.9527597427,80.2420120239,70333,70343,10
12.9520301819,80.2417831421,70343,70353,10
12.9516897202,80.2416381836,70353,70363,10
12.9516401291,80.2416915894,70363,70373,10
12.9512395859,80.2416915894,70373,70383,10
12.9505901337,80.2414093018,70383,70424,41
12.9505901337,80.2414093018,70424,70434,10
12.950220108,80.2412414551,70434,70444,10
12.949760437,80.2410888672,70444,70454,10
12.9492702484,80.2409133911,70454,70464,10
12.9486904144,80.2406463623,70464,70474,10
12.9479799271,80.2403182983,70474,70484,10
12.9475402832,80.2401504517,70484,70494,10
12.947259903,80.2400436401,70494,70504,10
12.9472303391,80.240020752,70504,70515,11
12.9470996857,80.2399673462,70515,70525,10
12.9466400146,80.2397613525,70525,70535,10
12.9459104538,80.2394485474,70535,70545,10
12.945019722,80.2389221191,70545,70555,10
12.9442501068,80.2380905151,70555,70565,10
12.9434700012,80.2372131348,70565,70575,10
12.9425802231,80.2364883423,70575,70585,10
12.9414196014,80.2361373901,70585,70595,10
12.9405498505,80.2359695435,70595,70606,11
12.9401197433,80.2358398438,70606,70616,10
12.9400701523,80.2358398438,70616,70626,10
12.939740181,80.235710144,70626,70636,10
12.9391202927,80.2354202271,70636,70646,10
12.9383201599,80.2350234985,70646,70656,10
12.9373703003,80.2345581055,70656,70666,10
12.9363899231,80.2341003418,70666,70676,10
12.9355297089,80.2336730957,70676,70686,10
12.9342002869,80.2330627441,70686,70707,21
12.9342002869,80.2330627441,70707,70717,10
12.9340000153,80.2329864502,70717,70727,10
12.9338197708,80.2329177856,70727,70737,10
12.9331703186,80.2326278687,70737,70747,10
12.9322299957,80.2322616577,70747,70757,10
12.9312200546,80.2319107056,70757,70767,10
12.930150032,80.2315826416,70767,70777,10
12.9292802811,80.2313995361,70777,70788,11
12.9287996292,80.231300354,70788,70798,10
12.9281301498,80.2311782837,70798,70808,10
12.9271297455,80.2310562134,70808,70818,10
12.9262800217,80.23097229,70818,70828,10
12.9260997772,80.2309494019,70828,70838,10
12.9258098602,80.2308883667,70838,70848,10
12.9253101349,80.2307891846,70848,70858,10
12.9243602753,80.2306976318,70858,70868,10
12.9231500626,80.2305374146,70868,70879,11
12.9216403961,80.2303009033,70879,70889,10
12.9202404022,80.2301177979,70889,70899,10
12.9189500809,80.2299499512,70899,70909,10
12.9178600311,80.2298126221,70909,70919,10
12.9170598984,80.2296981812,70919,70929,10
12.9163198471,80.229598999,70929,70939,10
12.9155397415,80.2294921875,70939,70949,10
12.9146604538,80.2293701172,70949,70959,10
12.9137096405,80.2292480469,70959,70970,11
12.913020134,80.2292098999,70970,70980,10
12.9127998352,80.2291564941,70980,70990,10
12.9120798111,80.2290420532,70990,71000,10
12.9110097885,80.2288665771,71000,71010,10
12.9097604752,80.2286529541,71010,71020,10
12.9085197449,80.2284927368,71020,71030,10
12.9072704315,80.2283172607,71030,71071,41
12.9072704315,80.2283172607,71071,71081,10
12.9070196152,80.2282562256,71081,71091,10
12.9065504074,80.2282104492,71091,71101,10
12.9058599472,80.2281723022,71101,71111,10
12.9050397873,80.2281417847,71111,71121,10
12.9042596817,80.2281188965,71121,71131,10
12.903670311,80.2281036377,71131,71182,51
12.903670311,80.2281036377,71182,71192,10
12.9033699036,80.2281112671,71192,71202,10
12.9029397964,80.2280807495,71202,71212,10
12.9026403427,80.2280578613,71212,71222,10
12.9022102356,80.2280197144,71222,71232,10
12.9016599655,80.2279968262,71232,71242,10
12.9012403488,80.2279586792,71242,71253,11
12.9005699158,80.227897644,71253,71263,10
12.9001598358,80.227897644,71263,71273,10
12.8999900818,80.2278900146,71273,71293,20
12.8999900818,80.2278900146,71293,71303,10
12.8998098373,80.2278594971,71303,71313,10
12.8997001648,80.2278518677,71313,71323,10
12.8996601105,80.2278366089,71323,71333,10
12.8995399475,80.2278518677,71333,71344,11
12.8993196487,80.2278289795,71344,71354,10
12.8988103867,80.2277832031,71354,71364,10
12.8979701996,80.2277374268,71364,71374,10
12.8969802856,80.2276992798,71374,71384,10
12.8957300186,80.2276611328,71384,71394,10
12.8943996429,80.2276000977,71394,71404,10
12.8931398392,80.2274627686,71404,71414,10
12.8924798965,80.2273788452,71414,71424,10
12.8920297623,80.2273330688,71424,71435,11
12.8910198212,80.2273178101,71435,71445,10
12.8897895813,80.2273330688,71445,71455,10
12.8884801865,80.2273330688,71455,71465,10
12.8871603012,80.227180481,71465,71475,10
12.8859300613,80.2268981934,71475,71485,10
12.8850698471,80.2267227173,71485,71495,10
12.8848695755,80.2266998291,71495,71505,10
12.88463974,80.2266693115,71505,71515,10
12.8838396072,80.2266464233,71515,71526,11
12.8825998306,80.2266693115,71526,71536,10
12.8815202713,80.2266998291,71536,71546,10
12.8803596497,80.2266921997,71546,71556,10
12.8793201447,80.2266998291,71556,71566,10
12.8777704239,80.2268371582,71566,71576,10
12.8770103455,80.2269134521,71576,71586,10
12.8766298294,80.2269515991,71586,71596,10
12.876449585,80.2269668579,71596,71606,10
12.8763504028,80.2269821167,71606,71617,11
12.8756799698,80.2269668579,71617,71627,10
12.8746795654,80.226852417,71627,71637,10
12.8734998703,80.2267227173,71637,71647,10
12.8726596832,80.2266998291,71647,71657,10
12.8723602295,80.2266998291,71657,71667,10
12.8715801239,80.2266769409,71667,71677,10
12.8705196381,80.2266235352,71677,71687,10
12.8692998886,80.2264862061,71687,71697,10
12.8679800034,80.2264022827,71697,71708,11
12.866519928,80.2265396118,71708,71718,10
12.8652095795,80.226600647,71718,71728,10
12.8639001846,80.2265396118,71728,71738,10
12.8626203537,80.2265319824,71738,71748,10
12.8616199493,80.2265777588,71748,71758,10
12.861120224,80.2265777588,71758,71768,10
12.8609800339,80.2265777588,71768,71778,10
12.8603696823,80.2265167236,71778,71788,10
12.859459877,80.2263870239,71788,71799,11
12.8584299088,80.2262573242,71799,71809,10
12.8573102951,80.2262496948,71809,71819,10
12.8560199738,80.2263793945,71819,71829,10
12.8546695709,80.2265167236,71829,71839,10
12.8532800674,80.2266693115,71839,71849,10
12.8519001007,80.2266387939,71849,71859,10
12.8507003784,80.2266387939,71859,71869,10
12.8502998352,80.226600647,71869,71879,10
12.8496599197,80.2265472412,71879,71890,11
12.8484601974,80.2265625,71890,71900,10
12.8470602036,80.2265625,71900,71910,10
12.8461303711,80.226600647,71910,71920,10
12.8459997177,80.2266082764,71920,71930,10
12.8455600739,80.2265930176,71930,71940,10
12.8453598022,80.226600647,71940,71950,10
12.8450698853,80.226600647,71950,71960,10
12.8442697525,80.2266769409,71960,71970,10
12.8431997299,80.2268218994,71970,71981,11
12.8419303894,80.2270889282,71981,71991,10
12.8408098221,80.2273788452,71991,72001,10
12.8400297165,80.2276000977,72001,72011,10
12.8395395279,80.227722168,72011,72021,10
12.8388395309,80.2279129028,72021,72031,10
12.8378000259,80.2281417847,72031,72041,10
12.8365297318,80.2283630371,72041,72051,10
12.8351802826,80.2285690308,72051,72061,10
12.8338699341,80.2287902832,72061,72071,10
12.8326597214,80.2289962769,72071,72082,11
12.8321695328,80.2291107178,72082,72092,10
12.8320398331,80.2291412354,72092,72102,10
12.8319797516,80.2291488647,72102,72112,10
12.8318595886,80.2291870117,72112,72122,10
12.8318500519,80.2291870117,72122,72132,10
12.8317499161,80.2292098999,72132,72142,10
12.831199646,80.2293624878,72142,72152,10
12.8305101395,80.2296218872,72152,72162,10
12.8301401138,80.2297592163,72162,72173,11
12.8300895691,80.2297821045,72173,72183,10
12.8299503326,80.2298278809,72183,72193,10
12.829580307,80.2299423218,72193,72203,10
12.8288402557,80.2302703857,72203,72213,10
12.8278503418,80.2308273315,72213,72223,10
12.8268404007,80.2312774658,72223,72233,10
12.8259296417,80.2313995361,72233,72243,10
12.8257598877,80.2314224243,72243,72253,10
12.8253498077,80.2314071655,72253,72264,11
12.8243503571,80.2312927246,72264,72274,10
12.8232002258,80.2309417725,72274,72284,10
12.821969986,80.2305603027,72284,72294,10
12.8208198547,80.230430603,72294,72304,10
12.8197603226,80.2304763794,72304,72314,10
12.8189697266,80.2304763794,72314,72324,10
12.8187999725,80.2304611206,72324,72334,10
12.8183603287,80.2302398682,72334,72344,10
12.8175401688,80.2298812866,72344,72355,11
12.8163499832,80.2294921875,72355,72365,10
12.8150901794,80.2293014526,72365,72375,10
12.8138904572,80.2290725708,72375,72385,10
12.8127002716,80.2286911011,72385,72395,10
12.8114595413,80.2282333374,72395,72405,10
12.8102798462,80.2277526855,72405,72415,10
12.8091402054,80.227180481,72415,72425,10
12.80809021,80.226348877,72425,72435,10
12.8070898056,80.2254867554,72435,72446,11
12.8062095642,80.2247009277,72446,72456,10
12.8055496216,80.2241668701,72456,72466,10
12.8051099777,80.2239990234,72466,72476,10
12.8049602509,80.2239685059,72476,72486,10
12.8047800064,80.2239379883,72486,72496,10
12.8041400909,80.2238922119,72496,72506,10
12.8034696579,80.2238388062,72506,72516,10
12.8026800156,80.2237625122,72516,72526,10
12.801779747,80.2236480713,72526,72537,11
12.8008804321,80.2236022949,72537,72547,10
12.8007202148,80.2235794067,72547,72557,10
12.8001298904,80.2235183716,72557,72567,10
12.7991800308,80.223449707,72567,72577,10
12.797949791,80.2233200073,72577,72587,10
12.7966995239,80.2231063843,72587,72597,10
12.7958202362,80.2229614258,72597,72607,10
12.7957696915,80.2229385376,72607,72617,10
12.7954797745,80.222869873,72617,72628,11
12.7945899963,80.2226867676,72628,72638,10
12.7934904099,80.2225189209,72638,72648,10
12.7923202515,80.2223510742,72648,72658,10
12.791270256,80.2220916748,72658,72668,10
12.7902498245,80.2218399048,72668,72678,10
12.7894802094,80.2216110229,72678,72688,10
12.788860321,80.2213592529,72688,72698,10
12.7881603241,80.2210769653,72698,72708,10
12.787899971,80.220993042,72708,72718,10
12.7873497009,80.2207565308,72718,72749,31
12.7873497009,80.2207565308,72749,72759,10
12.7872104645,80.2206802368,72759,72769,10
12.7870597839,80.2206192017,72769,72779,10
12.7868299484,80.2205429077,72779,72789,10
12.7866201401,80.2204589844,72789,72799,10
12.7865400314,80.2204284668,72799,72809,10
12.7863397598,80.2203598022,72809,72820,11
12.7861003876,80.2202529907,72820,72830,10
12.7858200073,80.220161438,72830,72840,10
12.7855501175,80.2200317383,72840,72850,10
12.7850399017,80.2197570801,72850,72860,10
12.7846899033,80.2195892334,72860,72880,20
12.7846899033,80.2195892334,72880,72890,10
12.7844295502,80.2194366455,72890,72900,10
12.7840595245,80.2192382813,72900,72911,11
12.7834997177,80.2189178467,72911,72921,10
12.7827701569,80.2185211182,72921,72931,10
12.7819595337,80.2180709839,72931,72941,10
12.7810897827,80.2175979614,72941,72951,10
12.7802000046,80.2171096802,72951,72961,10
12.7792396545,80.2165679932,72961,72971,10
12.7782096863,80.2160415649,72971,72981,10
12.7771196365,80.2155838013,72981,72991,10
12.7760000229,80.2151184082,72991,73002,11
12.7747898102,80.2146377563,73002,73012,10
12.7737398148,80.2142181396,73012,73022,10
12.7727203369,80.2138290405,73022,73032,10
12.7716398239,80.213432312,73032,73042,10
12.7707500458,80.2131271362,73042,73052,10
12.7707700729,80.2128982544,73052,73062,10
12.770819664,80.2128067017,73062,73072,10
12.7709703445,80.2123565674,73072,73082,10
12.7711200714,80.2116317749,73082,73093,11
12.7715396881,80.2107315063,73093,73103,10
12.7719802856,80.2099304199,73103,73113,10
12.7721700668,80.2094802856,73113,73123,10
12.7723903656,80.2088165283,73123,73133,10
12.7725801468,80.2080764771,73133,73143,10
12.7727403641,80.2075576782,73143,73153,10
12.7728796005,80.2069778442,73153,73163,10
12.7730703354,80.2063293457,73163,73173,10
12.7731304169,80.2061691284,73173,73184,11
12.7732696533,80.2055969238,73184,73194,10
12.7733602524,80.2051925659,73194,73204,10
12.773440361,80.2045669556,73204,73214,10
12.7735395432,80.2036972046,73214,73224,10
12.7737598419,80.2027587891,73224,73234,10
12.7738304138,80.2021026611,73234,73244,10
12.7738800049,80.2013397217,73244,73254,10
12.7739601135,80.2005004883,73254,73264,10
12.7740297318,80.1995697021,73264,73275,11
12.7741203308,80.1986083984,73275,73285,10
12.7741603851,80.197883606,73285,73295,10
12.7741699219,80.1974182129,73295,73305,10
12.7742300034,80.1967391968,73305,73315,10
12.7742500305,80.1960220337,73315,73325,10
12.7743501663,80.195022583,73325,73335,10
12.7745599747,80.1940078735,73335,73345,10
12.7746696472,80.1936416626,73345,73355,10
12.7746896744,80.1936035156,73355,73366,11
12.7748203278,80.1931533813,73366,73376,10
12.7752895355,80.1925430298,73376,73386,10
12.7753200531,80.1919784546,73386,73396,10
12.7752504349,80.1915130615,73396,73407,11
12.7750196457,80.1908569336,73407,73417,10
12.7742900848,80.1900100708,73417,73427,10
12.7734298706,80.1894607544,73427,73437,10
12.7724304199,80.1890411377,73437,73447,10
12.7714500427,80.1886901855,73447,73458,11
12.771030426,80.188079834,73458,73468,10
12.7709197998,80.1871414185,73468,73478,10
12.7708597183,80.1866989136,73478,73488,10
12.7707901001,80.1863098145,73488,73498,10
12.7707595825,80.1857681274,73498,73508,10
12.7707395554,80.1849822998,73508,73518,10
12.7704000473,80.1846008301,73518,73528,10
12.7698802948,80.184463501,73528,73538,10
12.7693595886,80.1842727661,73538,73548,10
12.7690296173,80.18409729,73548,73559,11
12.7689399719,80.1840209961,73559,73569,10
12.768699646,80.1837997437,73569,73579,10
12.7684297562,80.1835632324,73579,73589,10
12.7680902481,80.1833724976,73589,73600,11
12.7676401138,80.1832275391,73600,73610,10
12.7672100067,80.18309021,73610,73620,10
12.7667798996,80.1828918457,73620,73630,10
12.7662601471,80.1827011108,73630,73640,10
12.7658500671,80.1826477051,73640,73651,11
12.7653799057,80.1825790405,73651,73661,10
12.7649097443,80.1825180054,73661,73671,10
12.7644901276,80.182472229,73671,73681,10
12.7640304565,80.1824035645,73681,73691,10
12.7636404037,80.1823577881,73691,73701,10
12.7634496689,80.1827468872,73701,73711,10
12.763299942,80.1832580566,73711,73721,10
12.7631597519,80.1836624146,73721,73731,10
12.7630701065,80.1839599609,73731,73742,11
12.7630701065,80.1842422485,73742,73752,10
12.7630796432,80.1844787598,73752,73762,10
12.7630596161,80.1847229004,73762,73772,10
12.7629699707,80.184967041,73772,73782,10
12.7627096176,80.184967041,73782,73792,10
12.7623796463,80.184928894,73792,73802,10
12.7620296478,80.184928894,73802,73812,10
12.7615604401,80.184677124,73812,74339,527
12.7615604401,80.184677124,74339,74349,10
12.7618303299,80.1848983765,74349,74359,10
12.7621097565,80.1849136353,74359,74369,10
12.7624397278,80.1848983765,74369,74380,11
12.7627401352,80.1849365234,74380,74390,10
12.7629404068,80.1849594116,74390,74400,10
12.7630500793,80.1848220825,74400,74410,10
12.7630796432,80.1846389771,74410,74420,10
12.7630996704,80.1844711304,74420,74430,10
12.7630796432,80.1843032837,74430,74440,10
12.7630596161,80.18409729,74440,74450,10
12.7630596161,80.1839523315,74450,74460,10
12.7631196976,80.1837615967,74460,74471,11
12.7632102966,80.1834869385,74471,74481,10
12.7632799149,80.1832199097,74481,74491,10
12.7633895874,80.1829071045,74491,74501,10
12.7634496689,80.1826324463,74501,74511,10
12.7636804581,80.1823806763,74511,74521,10
12.7639598846,80.1824035645,74521,74531,10
12.7643299103,80.1824417114,74531,74541,10
12.7647695541,80.182510376,74541,74551,10
12.7651700974,80.1825637817,74551,74562,11
12.7657003403,80.1826171875,74562,74572,10
12.7660398483,80.1826477051,74572,74582,10
12.766409874,80.1827163696,74582,74592,10
12.7668600082,80.1828765869,74592,74602,10
12.7672395706,80.1830673218,74602,74612,10
12.7676200867,80.1832199097,74612,74622,10
12.767999649,80.1833267212,74622,74632,10
12.7683601379,80.1834564209,74632,74642,10
12.7686195374,80.183631897,74642,74653,11
12.7688503265,80.183883667,74653,74663,10
12.7690696716,80.1840820313,74663,74673,10
12.7693595886,80.1842498779,74673,74683,10
12.7697601318,80.1844177246,74683,74693,10
12.7700996399,80.1845321655,74693,74703,10
12.7705001831,80.1846313477,74703,74713,10
12.7707996368,80.1848220825,74713,74723,10
12.7708702087,80.1853866577,74723,74733,10
12.7708797455,80.186126709,74733,74744,11
12.7709703445,80.1867599487,74744,74754,10
12.7710504532,80.1873931885,74754,74764,10
12.7711296082,80.188041687,74764,74774,10
12.771320343,80.1886978149,74774,74784,10
12.7719097137,80.1889419556,74784,74794,10
12.772649765,80.1891479492,74794,74804,10
12.773440361,80.1895217896,74804,74814,10
12.7741804123,80.1898269653,74814,74824,10
12.7747001648,80.1904067993,74824,74835,11
12.7750997543,80.1909332275,74835,74845,10
12.7752895355,80.1914291382,74845,74855,10
12.7754001617,80.1920166016,74855,74865,10
12.7754497528,80.1923828125,74865,74875,10
12.7752103806,80.1928100586,74875,74885,10
12.7748603821,80.1932907104,74885,74895,10
12.7746801376,80.193901062,74895,74905,10
12.7745599747,80.1945800781,74905,74915,10
12.7744197845,80.1951980591,74915,74926,11
12.7743396759,80.1957778931,74926,74936,10
12.7742900848,80.196472168,74936,74946,10
12.7742700577,80.1971206665,74946,74956,10
12.7742300034,80.1977081299,74956,74966,10
12.7742300034,80.198097229,74966,74976,10
12.7741699219,80.1987686157,74976,74986,10
12.7741098404,80.1993865967,74986,74996,10
12.7740697861,80.2000274658,74996,75006,10
12.774020195,80.2006835938,75006,75017,11
12.7739601135,80.2012176514,75017,75027,10
12.7739496231,80.2014312744,75027,75037,10
12.7739095688,80.2020111084,75037,75047,10
12.7738399506,80.2027587891,75047,75057,10
12.7736997604,80.203338623,75057,75067,10
12.7735795975,80.2040863037,75067,75077,10
12.7734899521,80.204826355,75077,75087,10
12.7733602524,80.2055587769,75087,75097,10
12.7732200623,80.2062301636,75097,75107,10
12.7729902267,80.2069473267,75107,75118,11
12.7728300095,80.2075500488,75118,75128,10
12.7726802826,80.2081298828,75128,75138,10
12.772480011,80.2088394165,75138,75148,10
12.7722301483,80.2096328735,75148,75158,10
12.7718801498,80.2103500366,75158,75168,10
12.7714996338,80.2110824585,75168,75178,10
12.7711801529,80.2117919922,75178,75188,10
12.7710399628,80.2124786377,75188,75198,10
12.7708797455,80.2130432129,75198,75209,11
12.7712402344,80.2132720947,75209,75219,10
12.7719898224,80.2135162354,75219,75229,10
12.772939682,80.2138519287,75229,75239,10
12.7739200592,80.2142410278,75239,75249,10
12.7749099731,80.2146377563,75249,75259,10
12.7758903503,80.2150421143,75259,75269,10
12.776889801,80.2154464722,75269,75279,10
12.7778902054,80.2158584595,75279,75289,10
12.778840065,80.2163085938,75289,75300,11
12.7798404694,80.2168426514,75300,75310,10
12.7806997299,80.2172927856,75310,75320,10
12.7815504074,80.2177581787,75320,75330,10
12.7824401855,80.21824646,75330,75340,10
12.7833204269,80.2187271118,75340,75350,10
12.7840499878,80.2191390991,75350,75360,10
12.7846698761,80.2194976807,75360,75370,10
12.7851600647,80.2197494507,75370,75380,10
12.7857503891,80.2200698853,75380,75401,21
12.7857503891,80.2200698853,75401,75411,10
12.7861499786,80.2202377319,75411,75451,40
12.7861499786,80.2202377319,75451,75461,10
12.7864599228,80.2203903198,75461,75471,10
12.7866296768,80.220451355,75471,75482,11
12.7867698669,80.2205123901,75482,75492,10
12.7871599197,80.2206726074,75492,75502,10
12.7876396179,80.2208404541,75502,75512,10
12.788020134,80.2209625244,75512,75522,10
12.7885198593,80.2211608887,75522,75532,10
12.7891397476,80.2213973999,75532,75542,10
12.7896203995,80.2215805054,75542,75552,10
12.7900896072,80.2217330933,75552,75562,10
12.7908000946,80.2219085693,75562,75573,11
12.7917699814,80.2221603394,75573,75583,10
12.7927398682,80.2223815918,75583,75593,10
12.7937402725,80.2225189209,75593,75603,10
12.7947502136,80.2226791382,75603,75613,10
12.7956895828,80.2228317261,75613,75623,10
12.7963600159,80.2229232788,75623,75633,10
12.7966003418,80.2229614258,75633,75643,10
12.7970600128,80.2230529785,75643,75653,10
12.7978401184,80.2231903076,75653,75664,11
12.7988300323,80.2232894897,75664,75674,10
12.7996997833,80.2233886719,75674,75684,10
12.8004703522,80.2234725952,75684,75694,10
12.8014698029,80.2235565186,75694,75714,20
12.8014698029,80.2235565186,75714,75724,10
12.8018102646,80.2236404419,75724,75734,10
12.8024396896,80.2237167358,75734,75744,10
12.8031101227,80.2238311768,75744,75755,11
12.8039598465,80.2239227295,75755,75765,10
12.8047399521,80.2239990234,75765,75775,10
12.8053398132,80.2241210938,75775,75785,10
12.8055400848,80.2241821289,75785,75795,10
12.8058004379,80.224357605,75795,75805,10
12.8063001633,80.2247924805,75805,75815,10
12.8069000244,80.2253265381,75815,75825,10
12.8076000214,80.2259292603,75825,75835,10
12.808429718,80.2266387939,75835,75845,10
12.8092403412,80.2272796631,75845,75856,11
12.8102397919,80.2277832031,75856,75866,10
12.8112001419,80.2281799316,75866,75876,10
12.8123197556,80.2285766602,75876,75886,10
12.8134899139,80.2289886475,75886,75896,10
12.8146295547,80.2292785645,75896,75906,10
12.8157701492,80.2294464111,75906,75916,10
12.816740036,80.2296066284,75916,75926,10
12.8176002502,80.229888916,75926,75936,10
12.8183603287,80.2302398682,75936,75947,11
12.8191795349,80.2305297852,75947,75957,10
12.8199796677,80.2305221558,75957,75967,10
12.8210601807,80.2304992676,75967,75977,10
12.8221302032,80.2306365967,75977,75987,10
12.823220253,80.2309494019,75987,75997,10
12.8244600296,80.2312469482,75997,76007,10
12.825750351,80.2313919067,76007,76017,10
12.8269300461,80.2312698364,76017,76027,10
12.8279895782,80.2307891846,76027,76038,11
12.8291301727,80.230178833,76038,76048,10
12.8302497864,80.2297210693,76048,76098,50
12.8302497864,80.2297210693,76098,76108,10
12.830499649,80.229598999,76108,76118,10
12.8305997849,80.2295379639,76118,76139,21
12.8305997849,80.2295379639,76139,76149,10
12.8308801651,80.2294311523,76149,76159,10
12.8309202194,80.2294235229,76159,76169,10
12.8310899734,80.2293624878,76169,76179,10
12.831319809,80.2292785645,76179,76189,10
12.8315401077,80.2292404175,76189,76199,10
12.8317298889,80.2291717529,76199,76209,10
12.8322296143,80.2290725708,76209,76220,11
12.8330202103,80.2289276123,76220,76230,10
12.8338899612,80.2287826538,76230,76240,10
12.8347597122,80.2286224365,76240,76250,10
12.8356304169,80.2285003662,76250,76260,10
12.836520195,80.2283706665,76260,76270,10
12.8373804092,80.2282409668,76270,76280,10
12.8381595612,80.2280883789,76280,76290,10
12.8387002945,80.2279586792,76290,76300,10
12.8388395309,80.2279129028,76300,76311,11
12.839389801,80.2277984619,76311,76381,70
12.839389801,80.2277984619,76381,76391,10
12.8398103714,80.227722168,76391,76402,11
12.8401603699,80.2275619507,76402,76412,10
12.8408203125,80.2273788452,76412,76422,10
12.841629982,80.2271499634,76422,76432,10
12.8425302505,80.2269592285,76432,76442,10
12.8435096741,80.2267532349,76442,76452,10
12.8443498611,80.2266387939,76452,76462,10
12.8447904587,80.2265930176,76462,76472,10
12.8451404572,80.2265701294,76472,76482,10
12.8452501297,80.2265701294,76482,76493,11
12.8453102112,80.2265777588,76493,76503,10
12.8456697464,80.2265625,76503,76513,10
12.8461103439,80.2265396118,76513,76523,10
12.8469200134,80.2265396118,76523,76533,10
12.8478403091,80.2265472412,76533,76543,10
12.8487596512,80.2265396118,76543,76553,10
12.8500404358,80.2265396118,76553,76573,20
12.8500404358,80.2265396118,76573,76583,10
12.8503799438,80.2265396118,76583,76594,11
12.8511800766,80.2265625,76594,76604,10
12.8520898819,80.2266082764,76604,76614,10
12.85297966,80.2266387939,76614,76624,10
12.8538103104,80.2265930176,76624,76634,10
12.8547096252,80.2265014648,76634,76644,10
12.8556203842,80.2264022827,76644,76654,10
12.8565502167,80.2263031006,76654,76664,10
12.8574495316,80.2262115479,76664,76674,10
12.8582401276,80.2261886597,76674,76685,11
12.8591299057,80.2262802124,76685,76695,10
12.8600597382,80.2264099121,76695,76705,10
12.8606996536,80.2264862061,76705,76715,10
12.860710144,80.2265014648,76715,76725,10
12.8611402512,80.2265472412,76725,76735,10
12.8619203568,80.2265396118,76735,76745,10
12.8627996445,80.2264785767,76745,76755,10
12.8637800217,80.2265014648,76755,76765,10
12.8648500443,80.2265396118,76765,76776,11
12.8660097122,80.2265396118,76776,76786,10
12.8670597076,80.2264480591,76786,76796,10
12.8680696487,80.226348877,76796,76806,10
12.8690500259,80.2263793945,76806,76816,10
12.8700399399,80.2265167236,76816,76826,10
12.8710803986,80.226600647,76826,76836,10
12.8721199036,80.2266387939,76836,76846,10
12.8729095459,80.2266387939,76846,76856,10
12.8730602264,80.2266387939,76856,76867,11
12.8737297058,80.2266693115,76867,76877,10
12.8746204376,80.2267913818,76877,76887,10
12.8754796982,80.226890564,76887,76897,10
12.8759899139,80.2269134521,76897,76907,10
12.8762397766,80.2269134521,76907,76917,10
12.8765201569,80.2268981934,76917,76927,10
12.8766098022,80.2268981934,76927,76937,10
12.8770198822,80.2268600464,76937,76947,10
12.877820015,80.2267990112,76947,76958,11
12.8789701462,80.2267227173,76958,76968,10
12.8800802231,80.2266769409,76968,76978,10
12.8811998367,80.2266693115,76978,76988,10
12.8822803497,80.2266616821,76988,76998,10
12.8832798004,80.2266387939,76998,77008,10
12.8841495514,80.2266387939,77008,77018,10
12.8846597672,80.2266235352,77018,77028,10
12.8850603104,80.2266387939,77028,77038,10
12.8852596283,80.2266464233,77038,77049,11
12.8855495453,80.2266998291,77049,77059,10
12.8861703873,80.2268676758,77059,77069,10
12.8869800568,80.2270812988,77069,77079,10
12.8878898621,80.2272109985,77079,77089,10
12.8888397217,80.2272720337,77089,77099,10
12.8897895813,80.2272796631,77099,77109,10
12.8907203674,80.2273025513,77109,77119,10
12.8916301727,80.2272872925,77119,77129,10
12.8923902512,80.2273178101,77129,77140,11
12.8932199478,80.2274017334,77140,77150,10
12.8940200806,80.2275009155,77150,77160,10
12.894900322,80.2275619507,77160,77170,10
12.8957700729,80.2276000977,77170,77180,10
12.8966703415,80.2276382446,77180,77190,10
12.8976097107,80.2276916504,77190,77200,10
12.8985395432,80.2277374268,77200,77210,10
12.8995304108,80.2277984619,77210,77251,41
12.8995304108,80.2277984619,77251,77261,10
12.8998098373,80.2278137207,77261,77271,10
12.9001998901,80.2278289795,77271,77281,10
12.9006099701,80.2278671265,77281,77291,10
12.9011096954,80.227897644,77291,77301,10
12.9015302658,80.2279281616,77301,77311,10
12.9019403458,80.2279586792,77311,77322,11
12.902130127,80.2279586792,77322,77332,10
12.9022798538,80.2279586792,77332,77342,10
12.9027004242,80.2279891968,77342,77352,10
12.9032096863,80.2279586792,77352,77362,10
12.9036197662,80.2280197144,77362,77372,10
12.9042701721,80.2280578613,77372,77463,91
12.9042701721,80.2280578613,77463,77473,10
12.9046096802,80.2280883789,77473,77483,10
12.9049501419,80.2281188965,77483,77493,10
12.9052696228,80.2281265259,77493,77503,10
12.9054498672,80.2281723022,77503,77514,11
12.9059400558,80.228187561,77514,77605,91
12.9059400558,80.228187561,77605,77615,10
12.9064102173,80.2281799316,77615,77625,10
12.9068202972,80.2282180786,77625,77635,10
12.9070196152,80.2282485962,77635,77645,10
12.9076299667,80.2283325195,77645,77655,10
12.9085197449,80.2284927368,77655,77665,10
12.9095201492,80.2286529541,77665,77675,10
12.9105100632,80.2287979126,77675,77685,10
12.9115400314,80.2289581299,77685,77696,11
12.9126996994,80.2291183472,77696,77706,10
12.9133996964,80.2292098999,77706,77716,10
12.9138402939,80.2292785645,77716,77736,20
12.9138402939,80.2292785645,77736,77746,10
12.9140300751,80.2293167114,77746,77756,10
12.9144897461,80.2293777466,77756,77766,10
12.9152297974,80.2294998169,77766,77776,10
12.916179657,80.229637146,77776,77787,11
12.9172697067,80.2297897339,77787,77797,10
12.9182500839,80.229927063,77797,77807,10
12.9191398621,80.2300491333,77807,77817,10
12.9200801849,80.230140686,77817,77827,10
12.9210996628,80.2302703857,77827,77837,10
12.922129631,80.2304077148,77837,77847,10
12.9231796265,80.2305831909,77847,77857,10
12.9241695404,80.2307128906,77857,77867,10
12.9252099991,80.2308197021,77867,77878,11
12.9261798859,80.2309417725,77878,77888,10
12.9263896942,80.2309570313,77888,77898,10
12.9268398285,80.2310180664,77898,77908,10
12.9276399612,80.2311172485,77908,77918,10
12.9283800125,80.2312011719,77918,77928,10
12.9287900925,80.2312774658,77928,77938,10
12.9290304184,80.2313308716,77938,77948,10
12.9292201996,80.2313919067,77948,77958,10
12.9298801422,80.2315063477,77958,77969,11
12.9309196472,80.2317962646,77969,77979,10
12.9320201874,80.2321624756,77979,77989,10
12.9331102371,80.2325286865,77989,77999,10
12.9336900711,80.2328033447,77999,78009,10
12.9336996078,80.2328109741,78009,78019,10
12.9340600967,80.2330474854,78019,78029,10
12.9348201752,80.2333679199,78029,78039,10
12.9355897903,80.2337036133,78039,78049,10
12.9361200333,80.2339630127,78049,78059,10
12.9372301102,80.2344818115,78059,78070,11
12.9382896423,80.2350006104,78070,78080,10
12.9396800995,80.2356796265,78080,78090,10
12.9396800995,80.2356796265,78090,78100,10
12.9397602081,80.2357330322,78100,78110,10
12.9402799606,80.2359085083,78110,78120,10
12.941069603,80.2361297607,78120,78130,10
12.9420404434,80.236366272,78130,78140,10
12.9429798126,80.2367706299,78140,78153,13
12.9436998367,80.2374267578,78153,78164,11
12.944729805,80.2385482788,78164,78174,10
12.9455604553,80.2392730713,78174,78184,10
12.9464902878,80.2396697998,78184,78194,10
12.9472103119,80.2399673462,78194,78204,10
12.9473199844,80.2400131226,78204,78214,10
12.947640419,80.2401428223,78214,78224,10
12.948220253,80.2404022217,78224,78234,10
12.9488801956,80.2406387329,78234,78275,41
12.9488801956,80.2406387329,78275,78285,10
12.9489603043,80.2406768799,78285,78295,10
12.9493503571,80.2408370972,78295,78305,10
12.9499998093,80.2410430908,78305,78315,10
12.9509096146,80.241317749,78315,78325,10
12.9511404037,80.2414016724,78325,78335,10
12.9513301849,80.2414703369,78335,78346,11
12.9516296387,80.241607666,78346,78356,10
12.9522600174,80.2418289185,78356,78366,10
12.9530801773,80.2421188354,78366,78376,10
12.953789711,80.242401123,78376,78386,10
12.9543800354,80.2426376343,78386,78396,10
12.9551401138,80.2429580688,78396,78406,10
12.9559497833,80.2432174683,78406,78416,10
12.9562702179,80.243347168,78416,78426,10
12.956319809,80.2433700562,78426,78437,11
12.9565401077,80.2434463501,78437,78447,10
12.957159996,80.2437362671,78447,78457,10
12.9580898285,80.2441635132,78457,78467,10
12.9588603973,80.2444610596,78467,78477,10
12.9589796066,80.2445220947,78477,78487,10
12.959400177,80.244720459,78487,78497,10
12.9601402283,80.2450637817,78497,78507,10
12.9611501694,80.2455215454,78507,78517,10
12.9622001648,80.2460174561,78517,78528,11
12.9630899429,80.2464370728,78528,78538,10
12.9634599686,80.2466430664,78538,78598,60
12.9634599686,80.2466430664,78598,78608,10
12.9637002945,80.2469024658,78608,78619,11
12.9643201828,80.2470779419,78619,78629,10
12.9651603699,80.2473602295,78629,78639,10
12.9659996033,80.2476501465,78639,78649,10
12.9665403366,80.2478713989,78649,78659,10
12.9665498734,80.2478713989,78659,78669,10
12.9666404724,80.2479095459,78669,78679,10
12.9670495987,80.2480926514,78679,78689,10
12.9677200317,80.2483673096,78689,78699,10
12.9685497284,80.2487335205,78699,78710,11
12.9695901871,80.2491378784,78710,78720,10
12.9705696106,80.2495193481,78720,78730,10
12.9715995789,80.2498168945,78730,78740,10
12.9725704193,80.2500762939,78740,78750,10
12.9730396271,80.2502212524,78750,78760,10
12.973449707,80.2503433228,78760,78770,10
12.9741601944,80.2505187988,78770,78780,10
12.9750299454,80.2507629395,78780,78790,10
12.975859642,80.2510223389,78790,78801,11
12.9769096375,80.2513198853,78801,78811,10
12.9777803421,80.2518386841,78811,78821,10
12.9784803391,80.2523498535,78821,78831,10
12.9787502289,80.2524795532,78831,78841,10
12.9793195724,80.2526321411,78841,78851,10
12.9798402786,80.2526626587,78851,78912,61
12.9798402786,80.2526626587,78912,78922,10
12.9801597595,80.2526016235,78922,78932,10
12.9807100296,80.2525863647,78932,78942,10
12.9816102982,80.252571106,78942,78962,20
12.9816102982,80.252571106,78962,78972,10
12.981710434,80.252571106,78972,78983,11
12.9822702408,80.2525634766,78983,78993,10
12.9831600189,80.2525024414,78993,79033,40
12.9831600189,80.2525024414,79033,79043,10
12.983300209,80.2525024414,79043,79053,10
12.9835700989,80.2524414063,79053,79104,51
12.9835700989,80.2524414063,79104,79114,10
12.9838104248,80.2524414063,79114,79134,20
12.9838104248,80.2524414063,79134,79144,10
12.9840097427,80.2523422241,79144,79154,10
12.9842700958,80.2522583008,79154,79164,10
12.9847002029,80.2521286011,79164,79225,61
12.9847002029,80.2521286011,79225,79235,10
12.9849996567,80.2520370483,79235,79245,10
12.9850797653,80.2520217896,79245,79255,10
12.9852800369,80.2519607544,79255,79266,11
12.9854698181,80.2519073486,79266,79306,40
12.9855899811,80.2518997192,79306,79357,51
12.9855899811,80.2518997192,79357,79367,10
12.9857702255,80.2518386841,79367,79377,10
12.9860095978,80.2517318726,79377,79387,10
12.9863004684,80.2516784668,79387,79397,10
12.9866600037,80.2515792847,79397,79468,71
12.9866600037,80.2515792847,79468,79478,10
12.9869203568,80.2515411377,79478,79488,10
12.9876003265,80.2513427734,79488,79599,111
12.9876003265,80.2513427734,79599,79609,10
12.9878797531,80.2515029907,79609,79619,10
12.9879798889,80.2521286011,79619,79630,11
12.9879102707,80.2530517578,79630,79640,10
12.9877996445,80.2542190552,79640,79650,10
12.9877195358,80.2550125122,79650,79660,10
12.9876499176,80.2555084229,79660,79741,81
12.9876499176,80.2555084229,79741,79751,10
12.9876403809,80.2556228638,79751,79761,10
12.9875602722,80.2560882568,79761,79771,10
12.9875001907,80.2567596436,79771,79781,10
12.9874296188,80.257522583,79781,79791,10
12.9873695374,80.2583770752,79791,79801,10
12.9872398376,80.2585525513,79801,79811,10
12.9871196747,80.2585296631,79811,79993,182
12.9869403839,80.2586212158,79993,80074,81
12.9869403839,80.2586212158,80074,80084,10
12.9868202209,80.2585906982,80084,80095,11
12.9867401123,80.258682251,80095,80105,10
12.9866399765,80.2587585449,80105,81480,1375
12.9866399765,80.2587585449,81480,81490,10
