13.0143098831,80.2255020142,18,23702,23684
13.0143098831,80.2255020142,23702,23713,11
13.014380455,80.2256698608,23713,23723,10
13.0142602921,80.2258987427,23723,23743,20
13.0142602921,80.2258987427,23743,23753,10
13.0142602921,80.2255325317,23753,23894,141
13.0142602921,80.2255325317,23894,23904,10
13.0144100189,80.2253036499,23904,23914,10
13.0145797729,80.2254867554,23914,23924,10
13.0149402618,80.2255172729,23924,24560,636
13.0149402618,80.2255172729,24560,24570,10
13.0145397186,80.2253570557,24570,24580,10
13.0143699646,80.2253112793,24580,24590,10
13.01445961,80.2256774902,24590,24600,10
13.0146102905,80.2255706787,24600,24610,10
13.0143098831,80.2256164551,24610,24630,20
13.0143098831,80.2256164551,24630,24641,11
13.0143299103,80.2256622314,24641,24651,10
13.0144996643,80.2255401611,24651,24661,10
13.0146398544,80.2255401611,24661,24701,40
13.0146398544,80.2255401611,24701,24711,10
13.0146598816,80.2256622314,24711,24721,10
13.0143604279,80.2259216309,24721,25437,716
13.0143604279,80.2259216309,25437,25448,11
13.0142402649,80.2259597778,25448,25458,10
13.014169693,80.2261123657,25458,26133,675
13.014169693,80.2261123657,26133,26144,11
13.0142202377,80.225982666,26144,26154,10
13.0142097473,80.2261886597,26154,26164,10
13.0142097473,80.2261962891,26164,26174,10
13.0142202377,80.2262878418,26174,26184,10
13.0142202377,80.22631073,26184,26194,10
13.0140399933,80.2264328003,26194,26234,40
13.0140399933,80.2264328003,26234,26244,10
13.0136699677,80.2265625,26244,26255,11
13.0130996704,80.2267379761,26255,26265,10
13.012430191,80.2269592285,26265,26275,10
13.0116996765,80.2272415161,26275,26285,10
13.0108995438,80.2275314331,26285,26295,10
13.0100803375,80.2278366089,26295,26305,10
13.0095701218,80.2277832031,26305,26315,10
13.0097398758,80.227180481,26315,26325,10
13.0101099014,80.2263870239,26325,26335,10
13.0105104446,80.2254562378,26335,26345,10
13.0108995438,80.2244796753,26345,26355,10
13.0111999512,80.2237625122,26355,26365,10
13.0114002228,80.2232208252,26365,26376,11
13.0116796494,80.2224807739,26376,26386,10
13.0119199753,80.2217636108,26386,26396,10
13.0120697021,80.2214202881,26396,26406,10
13.0122003555,80.2211227417,26406,26416,10
13.0120601654,80.2205963135,26416,26426,10
13.0117902756,80.2197799683,26426,26436,10
13.0114898682,80.2189102173,26436,26446,10
13.0111703873,80.2180023193,26446,26456,10
13.0107698441,80.2170715332,26456,26466,10
13.0104398727,80.2163162231,26466,26476,10
13.010020256,80.2155532837,26476,26487,11
13.0096302032,80.2149200439,26487,26497,10
13.0091199875,80.2142410278,26497,26507,10
13.0085296631,80.2135162354,26507,26517,10
13.0081996918,80.2133331299,26517,26527,10
13.0081996918,80.2133178711,26527,26537,10
13.0081195831,80.2132797241,26537,26547,10
13.0079603195,80.2132034302,26547,26557,10
13.007900238,80.2131729126,26557,26567,10
13.0076999664,80.2129898071,26567,26577,10
13.0071802139,80.2128219604,26577,26587,10
13.0065202713,80.2127685547,26587,26597,10
13.0059404373,80.2130126953,26597,26608,11
13.005279541,80.2126998901,26608,26618,10
13.0047101974,80.2123565674,26618,26628,10
13.0040102005,80.2121200562,26628,26638,10
13.0035800934,80.2120819092,26638,26648,10
13.0032396317,80.212097168,26648,26658,10
13.0027103424,80.2121276855,26658,26668,10
13.0021800995,80.2123184204,26668,26678,10
13.0016202927,80.2127075195,26678,26688,10
13.0011100769,80.2130889893,26688,26698,10
13.0005302429,80.2135772705,26698,26708,10
13.0000600815,80.214012146,26708,26719,11
12.999710083,80.2143325806,26719,26729,10
12.9992704391,80.2146987915,26729,26739,10
12.9990301132,80.2148971558,26739,26749,10
12.9985399246,80.2153167725,26749,26759,10
12.9978303909,80.215927124,26759,26769,10
12.9975099564,80.216217041,26769,26779,10
12.9974498749,80.216293335,26779,26789,10
12.9973297119,80.2164230347,26789,26799,10
12.9972696304,80.216506958,26799,26819,20
12.9972696304,80.216506958,26819,26829,10
12.9967403412,80.216583252,26829,26860,31
12.9967403412,80.216583252,26860,26870,10
12.996430397,80.2165679932,26870,26880,10
12.9959897995,80.2166595459,26880,26890,10
12.9956798553,80.2167434692,26890,26900,10
12.9952697754,80.2169418335,26900,26910,10
12.9949903488,80.2171173096,26910,26920,10
12.9946298599,80.217376709,26920,26930,10
12.9933996201,80.2182922363,26930,26940,10
12.9933996201,80.2182922363,26940,26951,11
12.992650032,80.2188415527,26951,26961,10
12.9919204712,80.2193603516,26961,26971,10
12.9912700653,80.2198410034,26971,26981,10
12.990819931,80.2201919556,26981,26991,10
12.9907503128,80.2202224731,26991,27001,10
12.99036026,80.2205429077,27001,27013,12
12.9897403717,80.2211380005,27013,27023,10
12.9892196655,80.2218017578,27023,27033,10
12.9885797501,80.2225265503,27033,27043,10
12.987859726,80.2230987549,27043,27053,10
12.9870796204,80.2230834961,27053,27064,11
12.9861602783,80.2229919434,27064,27074,10
12.9856300354,80.2231292725,27074,27084,10
12.9853200912,80.2232971191,27084,27094,10
12.9850196838,80.223197937,27094,27104,10
12.9845199585,80.2229614258,27104,27114,10
12.9839801788,80.222618103,27114,27124,10
12.9832401276,80.2221908569,27124,27164,40
12.9832401276,80.2221908569,27164,27174,10
12.9830703735,80.2220687866,27174,27185,11
12.9827203751,80.2218933105,27185,27195,10
12.9823799133,80.2218017578,27195,27205,10
12.9819698334,80.2216110229,27205,27215,10
12.9814596176,80.2212600708,27215,27225,10
12.9807796478,80.2210388184,27225,27235,10
12.9799404144,80.2211227417,27235,27245,10
12.9792299271,80.2211685181,27245,27255,10
12.9785003662,80.2211608887,27255,27265,10
12.9778699875,80.2211380005,27265,27275,10
12.9771699905,80.2212219238,27275,27285,10
12.9764099121,80.2212219238,27285,27296,11
12.975859642,80.2212219238,27296,27306,10
12.9756202698,80.2210235596,27306,27336,30
12.9756202698,80.2210235596,27336,27346,10
12.9753599167,80.2208175659,27346,27356,10
12.9749498367,80.2205963135,27356,27366,10
12.9742603302,80.2202987671,27366,27376,10
12.9735002518,80.2199783325,27376,27386,10
12.9727602005,80.2197113037,27386,27396,10
12.9719600677,80.2194290161,27396,27406,10
12.9712400436,80.2192306519,27406,27417,11
12.9709997177,80.2191696167,27417,27427,10
12.9708795547,80.2191009521,27427,27437,10
12.970410347,80.2188262939,27437,27453,16
12.9692602158,80.2183609009,27453,27465,12
12.9683599472,80.2180175781,27465,27475,10
12.9677696228,80.2177810669,27475,27484,9
12.9668197632,80.2174072266,27484,27495,11
12.9657402039,80.2169570923,27495,27505,10
12.9645795822,80.216506958,27505,27515,10
12.9638395309,80.2161865234,27515,27525,10
12.9633102417,80.2159500122,27525,27536,11
12.9625501633,80.215637207,27536,27546,10
12.9616699219,80.2153015137,27546,27556,10
12.9606704712,80.2149124146,27556,27566,10
12.9596395493,80.2145004272,27566,27577,11
12.9585800171,80.2140579224,27577,27587,10
12.9573497772,80.2135696411,27587,27597,10
12.9561901093,80.2131118774,27597,27607,10
12.9550600052,80.212677002,27607,27617,10
12.9540700912,80.2122802734,27617,27627,10
12.9530601501,80.2118835449,27627,27637,10
12.9519100189,80.2114334106,27637,27648,11
12.9506998062,80.2109603882,27648,27658,10
12.949640274,80.2105331421,27658,27668,10
12.9486198425,80.2101364136,27668,27678,10
12.947520256,80.2096710205,27678,27688,10
12.9462203979,80.2091674805,27688,27698,10
12.9449701309,80.2086715698,27698,27708,10
12.9440402985,80.2083129883,27708,27718,10
12.9438695908,80.2082519531,27718,27728,10
12.9435997009,80.2081375122,27728,27738,10
12.9430398941,80.2078094482,27738,27748,10
12.9427995682,80.2075119019,27748,27758,10
12.9424495697,80.2070617676,27758,27769,11
12.9417600632,80.2064590454,27769,27779,10
12.9411001205,80.2060623169,27779,27789,10
12.9409799576,80.2060012817,27789,27799,10
12.9405403137,80.2058334351,27799,27809,10
12.9398202896,80.2056121826,27809,27819,10
12.9389801025,80.2053527832,27819,27829,10
12.9380197525,80.2050628662,27829,27839,10
12.9370298386,80.2047805786,27839,27849,10
12.9360103607,80.2044906616,27849,27859,10
12.9351501465,80.2041397095,27859,27869,10
12.9342699051,80.203956604,27869,27880,11
12.9335803986,80.203918457,27880,27890,10
12.9335699081,80.203918457,27890,27900,10
12.9332199097,80.2038574219,27900,27910,10
12.9326000214,80.2035903931,27910,27920,10
12.9318504333,80.2033233643,27920,27930,10
12.9310102463,80.2030487061,27930,27940,10
12.9302997589,80.2028808594,27940,27950,10
12.9295196533,80.2027893066,27950,27960,10
12.9293804169,80.2027816772,27960,27970,10
12.9291801453,80.2027587891,27970,27980,10
12.9286699295,80.2026596069,27980,27991,11
12.9284601212,80.2020111084,27991,28001,10
12.9284601212,80.2016677856,28001,28011,10
12.928440094,80.2009811401,28011,28021,10
12.9283800125,80.2000808716,28021,28031,10
12.9280500412,80.1990890503,28031,28041,10
12.9274997711,80.1981887817,28041,28051,10
12.9266901016,80.1976928711,28051,28061,10
12.926030159,80.1975402832,28061,28071,10
12.9255504608,80.1975326538,28071,28081,10
12.9252996445,80.197517395,28081,28091,10
12.9247598648,80.197517395,28091,28102,11
12.9238996506,80.197517395,28102,28112,10
12.9230098724,80.1974411011,28112,28122,10
12.9221401215,80.1973419189,28122,28132,10
12.9220504761,80.1973190308,28132,28142,10
12.9217700958,80.1972198486,28142,28152,10
12.921210289,80.1970291138,28152,28162,10
12.9206695557,80.1968231201,28162,28172,10
12.9199399948,80.1965637207,28172,28182,10
12.9191799164,80.1961669922,28182,28192,10
12.9184904099,80.1955718994,28192,28202,10
12.9178800583,80.1950073242,28202,28212,10
12.9172697067,80.1944274902,28212,28223,11
12.9169797897,80.1937179565,28223,28233,10
12.9170198441,80.1929397583,28233,28243,10
12.917090416,80.192527771,28243,28253,10
12.9171695709,80.1921005249,28253,28263,10
12.9171800613,80.1918411255,28263,28273,10
12.9172401428,80.1914520264,28273,28283,10
12.91726017,80.191368103,28283,28293,10
12.9172496796,80.1912994385,28293,28303,10
12.9173002243,80.19090271,28303,28313,10
12.9173402786,80.1903610229,28313,28323,10
12.9174499512,80.1898117065,28323,28334,11
12.9177598953,80.1890182495,28334,28344,10
12.9183702469,80.188293457,28344,28354,10
12.9187602997,80.1878814697,28354,28364,10
12.9190301895,80.1875991821,28364,28374,10
12.9195098877,80.1870269775,28374,28384,10
12.9201602936,80.1863098145,28384,28394,10
12.9206104279,80.185508728,28394,28404,10
12.9204797745,80.1848373413,28404,28414,10
12.9203195572,80.1843109131,28414,28424,10
12.9202203751,80.1838531494,28424,28434,10
12.9200601578,80.1831130981,28434,28444,10
12.9199495316,80.1826477051,28444,28455,11
12.9199399948,80.1826324463,28455,28465,10
12.9199304581,80.182510376,28465,28475,10
12.9198303223,80.1820678711,28475,28485,10
12.9196796417,80.1813430786,28485,28495,10
12.9194898605,80.1804733276,28495,28505,10
12.9192304611,80.1794586182,28505,28515,10
12.9186201096,80.1785736084,28515,28525,10
12.9181900024,80.1776275635,28525,28535,10
12.9183702469,80.1765365601,28535,28545,10
12.9186601639,80.1754226685,28545,28555,10
12.9189395905,80.1742172241,28555,28565,10
12.9192495346,80.172996521,28565,28576,11
12.9195899963,80.1716995239,28576,28586,10
12.9197998047,80.1709365845,28586,28596,10
12.9198198318,80.1708984375,28596,28606,10
12.9198999405,80.1706619263,28606,28616,10
12.9201202393,80.1699981689,28616,28626,10
12.9204101563,80.169090271,28626,28636,10
12.9207801819,80.1679382324,28636,28646,10
12.9210796356,80.1669998169,28646,28656,10
12.9215602875,80.1655273438,28656,28666,10
12.9218997955,80.1644973755,28666,28676,10
12.9221601486,80.1636123657,28676,28687,11
12.9224996567,80.1625289917,28687,28697,10
12.9228601456,80.1614837646,28697,28707,10
12.9231500626,80.1604309082,28707,28717,10
12.9231901169,80.1603164673,28717,28727,10
12.9232702255,80.1600189209,28727,28737,10
12.9233598709,80.1593475342,28737,28747,10
12.92345047,80.1583862305,28747,28757,10
12.9235601425,80.1573028564,28757,28767,10
12.9236698151,80.1562423706,28767,28777,10
12.9234399796,80.1551208496,28777,28797,20
12.9234399796,80.1551208496,28797,28808,11
12.9233598709,80.1548614502,28808,28818,10
12.9232501984,80.1543731689,28818,28828,10
12.9230804443,80.1537017822,28828,28838,10
12.9229001999,80.1529083252,28838,28848,10
12.922750473,80.1523590088,28848,28874,26
12.922750473,80.1523590088,28874,28886,12
12.9227304459,80.1522293091,28886,28894,8
12.9226999283,80.1519622803,28894,28906,12
12.922659874,80.1512908936,28906,28916,10
12.9226398468,80.1504364014,28916,28927,11
12.9225997925,80.149307251,28927,28937,10
12.9225597382,80.1482315063,28937,28947,10
12.9225301743,80.1473312378,28947,28957,10
12.9225196838,80.1467819214,28957,28967,10
12.9225196838,80.1465606689,28967,28977,10
12.9225196838,80.1459732056,28977,28987,10
12.9224796295,80.1451568604,28987,28997,10
12.9224500656,80.1443405151,28997,29007,10
12.9224500656,80.1438674927,29007,29048,41
12.9224500656,80.1438674927,29048,29058,10
12.9224500656,80.1436309814,29058,29068,10
12.9224300385,80.1432037354,29068,29078,10
12.922419548,80.1426773071,29078,29088,10
12.9223899841,80.1422119141,29088,29098,10
12.9223804474,80.1419296265,29098,29108,10
12.922369957,80.1416702271,29108,29118,10
12.922369957,80.1416473389,29118,29128,10
12.9223604202,80.1412887573,29128,29138,10
12.9223604202,80.140663147,29138,29148,10
12.9223499298,80.1399078369,29148,29159,11
12.9223499298,80.1391525269,29159,29169,10
12.9223604202,80.1388473511,29169,29179,10
12.9223804474,80.1385574341,29179,29189,10
12.9224004745,80.1384735107,29189,29199,10
12.922419548,80.1383132935,29199,29209,10
12.9224500656,80.1377716064,29209,29219,10
12.9224796295,80.1370010376,29219,29229,10
12.922539711,80.1360778809,29229,29239,10
12.9225597382,80.1350631714,29239,29249,10
12.9226198196,80.1339492798,29249,29259,10
12.9226503372,80.1330566406,29259,29270,11
12.9226799011,80.1325378418,29270,29280,10
12.9226999283,80.1318817139,29280,29290,10
12.9226999283,80.1312484741,29290,29300,10
12.9226999283,80.131149292,29300,29310,10
12.9227399826,80.1307067871,29310,29320,10
12.9227600098,80.130317688,29320,29330,10
12.9227895737,80.1298065186,29330,29340,10
12.922829628,80.129119873,29340,29350,10
12.9228696823,80.1283874512,29350,29360,10
12.9228801727,80.1277236938,29360,29370,10
12.9229001999,80.1268997192,29370,29380,10
12.9229297638,80.1258392334,29380,29401,21
12.9229297638,80.1258392334,29401,29411,10
12.9229402542,80.1257629395,29411,29421,10
12.9229698181,80.1253128052,29421,29431,10
12.9229898453,80.1245574951,29431,29441,10
12.9230298996,80.1236877441,29441,29451,10
12.9230699539,80.1226730347,29451,29461,10
12.923119545,80.1216201782,29461,29471,10
12.9231901169,80.1205368042,29471,29542,71
12.9231901169,80.1205368042,29542,29552,10
12.9232597351,80.1201477051,29552,29562,10
12.9232997894,80.1195602417,29562,29572,10
12.9232997894,80.1190032959,29572,29582,10
12.9233503342,80.1183166504,29582,29592,10
12.92345047,80.1176986694,29592,29602,10
12.9234399796,80.1169509888,29602,29623,21
12.9234399796,80.1169509888,29623,29633,10
12.9234695435,80.1168518066,29633,29643,10
12.9236297607,80.116897583,29643,29653,10
12.9235601425,80.1172332764,29653,29663,10
12.9236602783,80.1177825928,29663,29673,10
12.9235401154,80.1184616089,29673,29683,10
12.9234800339,80.1192703247,29683,29693,10
12.9233798981,80.1198501587,29693,29703,10
12.9233598709,80.1201477051,29703,29713,10
12.923330307,80.1204910278,29713,29723,10
12.9232997894,80.120880127,29723,29733,10
12.9232997894,80.1210021973,29733,29744,11
12.9233398438,80.121307373,29744,30962,1218
12.9233398438,80.121307373,30962,30972,10
12.9232597351,80.1214599609,30972,30982,10
12.923210144,80.1216278076,30982,30992,10
12.9231996536,80.1220779419,30992,31002,10
12.9231796265,80.1228103638,31002,31012,10
12.9231395721,80.1236572266,31012,31023,11
12.9231004715,80.1245574951,31023,31033,10
12.923119545,80.1251831055,31033,31043,10
12.9231004715,80.125579834,31043,31053,10
12.9230604172,80.1258163452,31053,31063,10
12.9230203629,80.1263809204,31063,31073,10
12.9229898453,80.1271209717,31073,31083,10
12.9229898453,80.1275634766,31083,31093,10
12.9229402542,80.1280822754,31093,31103,10
12.9229001999,80.12840271,31103,31113,10
12.9228801727,80.1287994385,31113,31123,10
12.9228496552,80.1294021606,31123,31133,10
12.9228096008,80.1300430298,31133,31144,11
12.9228200912,80.1311035156,31144,31164,20
12.9228200912,80.1311035156,31164,31174,10
12.9228000641,80.1314315796,31174,31184,10
12.9227695465,80.1320800781,31184,31194,10
12.9227399826,80.132850647,31194,31204,10
12.9226999283,80.1337509155,31204,31214,10
12.9226503372,80.1346893311,31214,31224,10
12.9226198196,80.135307312,31224,31234,10
12.9225797653,80.1361236572,31234,31244,10
12.922539711,80.1369171143,31244,31255,11
12.9224901199,80.1378936768,31255,31265,10
12.9224300385,80.1388168335,31265,31275,10
12.922419548,80.1397476196,31275,31285,10
12.9224500656,80.1405487061,31285,31295,10
12.9224500656,80.1412963867,31295,31305,10
12.9224596024,80.1419372559,31305,31315,10
12.9224996567,80.1424865723,31315,31325,10
12.9224996567,80.1425323486,31325,31335,10
12.9225301743,80.142791748,31335,31345,10
12.922539711,80.1432113647,31345,31355,10
12.9225597382,80.1436080933,31355,31376,21
12.9225597382,80.1436080933,31376,31386,10
12.9225702286,80.1436920166,31386,31396,10
12.9225502014,80.1441192627,31396,31406,10
12.9225702286,80.1448669434,31406,31416,10
12.9226198196,80.1458511353,31416,31426,10
12.922659874,80.1468963623,31426,31436,10
12.9226703644,80.1473083496,31436,31446,10
12.9226703644,80.1473693848,31446,31456,10
12.9226703644,80.1475219727,31456,31466,10
12.9226703644,80.1478424072,31466,31476,10
12.9226398468,80.1484375,31476,31486,10
12.9226703644,80.1492767334,31486,31497,11
12.9226999283,80.1503829956,31497,31507,10
12.9227399826,80.1513824463,31507,31517,10
12.9227895737,80.1522216797,31517,31527,10
12.9229898453,80.1530914307,31527,31537,10
12.9231901169,80.1539001465,31537,31547,10
12.9232797623,80.1541671753,31547,31557,10
12.9232997894,80.1542282104,31557,31567,10
12.9233999252,80.1545791626,31567,31597,30
12.9233999252,80.1545791626,31597,31608,11
12.92345047,80.1548919678,31608,31618,10
12.9235200882,80.1551971436,31618,31628,10
12.9236803055,80.1558303833,31628,31638,10
12.9236803055,80.1566925049,31638,31648,10
12.9235801697,80.157661438,31648,31658,10
12.9234895706,80.1586532593,31658,31668,10
12.9234199524,80.1596908569,31668,31678,10
12.9233398438,80.1603622437,31678,31688,10
12.9233198166,80.1603775024,31688,31698,10
12.9232797623,80.1605529785,31698,31708,10
12.9231004715,80.1610565186,31708,31718,10
12.9228496552,80.1617965698,31718,31729,11
12.9225997925,80.1625900269,31729,31739,10
12.9224004745,80.1631698608,31739,31749,10
12.922129631,80.1640090942,31749,31759,10
12.9218196869,80.1649780273,31759,31769,10
12.9215097427,80.1659927368,31769,31779,10
12.9211902618,80.1669616699,31779,31789,10
12.920920372,80.1678771973,31789,31799,10
12.9207201004,80.1684875488,31799,31809,10
12.920539856,80.1690826416,31809,31819,10
12.9202604294,80.1700134277,31819,31829,10
12.9200601578,80.1706466675,31829,31839,10
12.9199399948,80.1710281372,31839,31860,21
12.9199399948,80.1710281372,31860,31870,10
12.9199199677,80.1711196899,31870,31880,10
12.9198904037,80.1712036133,31880,31890,10
12.9197902679,80.1715011597,31890,31900,10
12.9196500778,80.1720199585,31900,31910,10
12.9194498062,80.1727676392,31910,31920,10
12.9192199707,80.1735916138,31920,31930,10
12.9189901352,80.1745376587,31930,31940,10
12.9187498093,80.175567627,31940,31950,10
12.918510437,80.1765365601,31950,31961,11
12.9184799194,80.1767272949,31961,31971,10
12.9184398651,80.1769180298,31971,31981,10
12.9183502197,80.1774902344,31981,31991,10
12.9184904099,80.1782836914,31991,32001,10
12.9190397263,80.1790390015,32001,32011,10
12.9194898605,80.179977417,32011,32021,10
12.9196796417,80.1810073853,32021,32031,10
12.9199199677,80.1820831299,32031,32041,10
12.9201202393,80.1830215454,32041,32051,10
12.9202604294,80.1836166382,32051,32102,51
12.9202604294,80.1836166382,32102,32112,10
12.9202804565,80.1837234497,32112,32122,10
12.9203100204,80.183883667,32122,32132,10
12.9203901291,80.1842498779,32132,32142,10
12.9204797745,80.1846923828,32142,32152,10
12.9205703735,80.1850204468,32152,32162,10
12.9207000732,80.185508728,32162,32182,20
12.9207000732,80.185508728,32182,32192,10
12.9206495285,80.1858215332,32192,32203,11
12.9202604294,80.1863479614,32203,32213,10
12.9197597504,80.1868972778,32213,32223,10
12.9192199707,80.1875076294,32223,32233,10
12.9188699722,80.1879730225,32233,32243,10
12.9184103012,80.1884231567,32243,32253,10
12.917889595,80.1890335083,32253,32263,10
12.9175901413,80.1897735596,32263,32273,10
12.9175100327,80.1902389526,32273,32283,10
12.9174604416,80.1904907227,32283,32293,10
12.9174203873,80.1910400391,32293,32303,10
12.9173297882,80.1918029785,32303,32314,11
12.9172096252,80.1925582886,32314,32324,10
12.9171600342,80.1930084229,32324,32333,9
12.9171600342,80.1932296753,32333,32354,21
12.9171600342,80.1932296753,32354,32364,10
12.9171600342,80.1932983398,32364,32374,10
12.9171495438,80.193687439,32374,32384,10
12.9172096252,80.1941070557,32384,32394,10
12.9172096252,80.1941375732,32394,32404,10
12.9173898697,80.1944503784,32404,32414,10
12.9178199768,80.1948928833,32414,32424,10
12.9183397293,80.1953582764,32424,32435,11
12.9190196991,80.1959915161,32435,32445,10
12.9197502136,80.1964416504,32445,32455,10
12.920249939,80.1965866089,32455,32515,60
12.920249939,80.1965866089,32515,32525,10
12.9203195572,80.1966018677,32525,32535,10
12.9206199646,80.1967163086,32535,32545,10
12.9209403992,80.1968231201,32545,32556,11
12.9211902618,80.1969070435,32556,32566,10
12.9216804504,80.1970977783,32566,32576,10
12.9224004745,80.1972579956,32576,32586,10
12.9233198166,80.1974029541,32586,32606,20
12.9233198166,80.1974029541,32606,32616,10
12.9235296249,80.1974334717,32616,32626,10
12.9239597321,80.1974563599,32626,32636,10
12.9245700836,80.1974716187,32636,32646,10
12.9252195358,80.1974487305,32646,32656,10
12.9254398346,80.1974563599,32656,32667,11
12.9259500504,80.1974563599,32667,32677,10
12.9265203476,80.1975784302,32677,32686,9
12.9270095825,80.1977920532,32686,32697,11
12.9275798798,80.1981887817,32697,32707,10
12.9279603958,80.1987609863,32707,32717,10
12.9282398224,80.1993637085,32717,32727,10
12.928440094,80.200050354,32727,32737,10
12.9285001755,80.2007522583,32737,32747,10
12.9285202026,80.2013320923,32747,32757,10
12.9285497665,80.2021636963,32757,32767,10
12.9288902283,80.2026596069,32767,32777,10
12.9295301437,80.2027206421,32777,32798,21
12.9295301437,80.2027206421,32798,32808,10
12.9297800064,80.2027587891,32808,32818,10
12.9303703308,80.2028503418,32818,32828,10
12.931139946,80.2030410767,32828,32838,10
12.9320001602,80.2033233643,32838,32848,10
12.9328699112,80.2035980225,32848,32858,10
12.933429718,80.2038116455,32858,32868,10
12.9339399338,80.2038726807,32868,32888,20
12.9339399338,80.2038726807,32888,32899,11
12.934009552,80.2038803101,32899,32909,10
12.9343500137,80.203918457,32909,32919,10
12.9348201752,80.2039794922,32919,32929,10
12.9354696274,80.2042236328,32929,32939,10
12.936050415,80.2044372559,32939,32949,10
12.9367599487,80.2046432495,32949,32959,10
12.9375200272,80.2048568726,32959,32969,10
12.9382400513,80.2050476074,32969,32979,10
12.9387397766,80.2052078247,32979,32989,10
12.9390201569,80.205291748,32989,32999,10
12.9392499924,80.2053604126,32999,33009,10
12.9395799637,80.2054672241,33009,33020,11
12.9400901794,80.2056274414,33020,33050,30
12.9400901794,80.2056274414,33050,33060,10
12.9403800964,80.2057113647,33060,33070,10
12.9408397675,80.205871582,33070,33080,10
12.9414100647,80.206161499,33080,33090,10
12.9419698715,80.2065505981,33090,33100,10
12.9424800873,80.2069702148,33100,33110,10
12.9427604675,80.2072601318,33110,33120,10
12.9429502487,80.2075424194,33120,33130,10
12.9433603287,80.2079620361,33130,33141,11
12.9440402985,80.2082366943,33141,33151,10
12.9444303513,80.2083816528,33151,33171,20
12.9444303513,80.2083816528,33171,33181,10
12.9445800781,80.2084274292,33181,33191,10
12.9450397491,80.2086105347,33191,33201,10
12.9457302094,80.2088623047,33201,33211,10
12.9465103149,80.2091674805,33211,33221,10
12.9472103119,80.2094421387,33221,33231,10
12.9478902817,80.2097167969,33231,33241,10
12.9485998154,80.2099914551,33241,33252,11
12.9495201111,80.2103500366,33252,33262,10
12.9504699707,80.2107315063,33262,33272,10
12.9514102936,80.2110977173,33272,33282,10
12.9521903992,80.2114181519,33282,33292,10
12.9529800415,80.211730957,33292,33302,10
12.9537496567,80.2120132446,33302,33322,20
12.9537496567,80.2120132446,33322,33332,10
12.953909874,80.2120819092,33332,33342,10
12.9543895721,80.2122802734,33342,33352,10
12.9550800323,80.212562561,33352,33362,10
12.9558801651,80.2128829956,33362,33373,11
12.9567699432,80.213218689,33373,33383,10
12.9576501846,80.2135772705,33383,33393,10
12.9585599899,80.2139434814,33393,33403,10
12.9593200684,80.2142486572,33403,33413,10
12.9600400925,80.2145690918,33413,33423,10
12.9607801437,80.2148666382,33423,33433,10
12.9616003036,80.2151870728,33433,33443,10
12.9625196457,80.2155380249,33443,33453,10
12.9633398056,80.2158508301,33453,33463,10
12.9643602371,80.2162399292,33463,33494,31
12.9643602371,80.2162399292,33494,33504,10
12.9645795822,80.2163619995,33504,33514,10
12.9650802612,80.216583252,33514,33524,10
12.9656600952,80.2168121338,33524,33534,10
12.9662399292,80.2170333862,33534,33544,10
12.966799736,80.2172622681,33544,33554,10
12.967089653,80.2173690796,33554,33564,10
12.9673900604,80.2174911499,33564,33574,10
12.9678401947,80.2176971436,33574,33584,10
12.9685401917,80.2179794312,33584,33594,10
12.9693899155,80.2183074951,33594,33605,11
12.9703798294,80.2186965942,33605,33615,10
12.9711198807,80.2189331055,33615,33635,20
12.9711198807,80.2189331055,33635,33645,10
12.9715003967,80.2190704346,33645,33655,10
12.9718399048,80.2192230225,33655,33665,10
12.9720001221,80.2192764282,33665,33685,20
12.9720001221,80.2192764282,33685,33695,10
12.9721002579,80.2193374634,33695,33705,10
12.9723100662,80.2194290161,33705,33715,10
12.9724702835,80.2194976807,33715,33726,11
12.9727602005,80.2196121216,33726,33736,10
12.9730100632,80.2197113037,33736,33746,10
12.973279953,80.2198104858,33746,33917,171
12.973279953,80.2198104858,33917,33927,10
12.9735498428,80.2199020386,33927,33937,10
12.9736995697,80.2199783325,33937,33947,10
12.9738397598,80.2200469971,33947,33958,11
12.9740495682,80.2201766968,33958,33968,10
12.9744997025,80.2203826904,33968,33978,10
12.9749202728,80.2205505371,33978,33988,10
12.9751796722,80.2206726074,33988,34099,111
12.9751796722,80.2206726074,34099,34109,10
12.9755096436,80.2207870483,34109,34119,10
12.9758300781,80.2210998535,34119,34129,10
12.9762401581,80.2212600708,34129,34149,20
12.9762401581,80.2212600708,34149,34159,10
12.9763803482,80.2212371826,34159,34169,10
12.9767799377,80.2212524414,34169,34179,10
12.9774703979,80.2212219238,34179,34189,10
12.9780397415,80.2211990356,34189,34200,11
12.9788503647,80.2211380005,34200,34210,10
12.9796199799,80.2210769653,34210,34220,10
12.980389595,80.2210235596,34220,34230,10
12.9811601639,80.2210617065,34230,34240,10
12.9817199707,80.2213821411,34240,34250,10
12.9821796417,80.2217025757,34250,34260,10
12.9826602936,80.221862793,34260,34270,10
12.9829797745,80.2219772339,34270,34280,10
12.9830703735,80.2220306396,34280,34290,10
12.9831495285,80.2220993042,34290,34300,10
12.9834699631,80.2223205566,34300,34311,11
12.984000206,80.2226486206,34311,34321,10
12.9844903946,80.2229385376,34321,34331,10
12.9851198196,80.2232589722,34331,34341,10
12.9854698181,80.2232284546,34341,34351,10
12.9858903885,80.2229766846,34351,34361,10
12.9864997864,80.2229614258,34361,34371,10
12.9870004654,80.2230377197,34371,34381,10
12.9873199463,80.2230682373,34381,34391,10
12.9878101349,80.2230300903,34391,34401,10
12.9882698059,80.2227020264,34401,34411,10
12.9887895584,80.2222213745,34411,34421,10
12.9891500473,80.2217483521,34421,34432,11
12.9895801544,80.2212371826,34432,34442,10
12.9900102615,80.2206878662,34442,34452,10
12.9904298782,80.2203674316,34452,34462,10
12.9904603958,80.2203369141,34462,34472,10
12.9907302856,80.2201538086,34472,34482,10
12.9912004471,80.2197799683,34482,34492,10
12.9917497635,80.2193603516,34492,34502,10
12.9923496246,80.2189102173,34502,34512,10
12.992890358,80.2185134888,34512,34522,10
12.9932203293,80.2182388306,34522,34553,31
12.9932203293,80.2182388306,34553,34563,10
12.993639946,80.2179794312,34563,34593,30
12.993639946,80.2179794312,34593,34603,10
12.993929863,80.2177886963,34603,34613,10
12.9941101074,80.2176513672,34613,34623,10
12.9941997528,80.217590332,34623,34633,10
12.9943599701,80.2174911499,34633,34643,10
12.9944295883,80.2174377441,34643,34653,10
12.9946498871,80.2172698975,34653,34664,11
12.9948196411,80.2171401978,34664,34674,10
12.9950199127,80.2170028687,34674,34684,10
12.9952297211,80.2168579102,34684,34694,10
12.995349884,80.2167892456,34694,34704,10
12.9955797195,80.2166976929,34704,34714,10
12.9958295822,80.2166290283,34714,34724,10
12.9959697723,80.2165908813,34724,34734,10
12.9961500168,80.2165527344,34734,34744,10
12.9963903427,80.2165222168,34744,34754,10
12.9967699051,80.2164764404,34754,34764,10
12.9971399307,80.2164382935,34764,34774,10
12.9976301193,80.2160186768,34774,34795,21
12.9976301193,80.2160186768,34795,34805,10
12.997879982,80.2157974243,34805,34815,10
12.9982700348,80.2154693604,34815,34825,10
12.9988899231,80.2149505615,34825,34835,10
12.9991903305,80.2146911621,34835,34845,10
12.9994897842,80.2144088745,34845,34855,10
12.999830246,80.2141113281,34855,34865,10
13.0003795624,80.2136306763,34865,34875,10
13.0009002686,80.2131576538,34875,34885,10
13.0012302399,80.2129211426,34885,34895,10
13.0016899109,80.212562561,34895,34906,11
13.0023698807,80.2121734619,34906,34916,10
13.0029401779,80.212059021,34916,34926,10
13.0036001205,80.2119979858,34926,34936,10
13.0041103363,80.2120437622,34936,34946,10
13.0046596527,80.212310791,34946,34956,10
13.0052404404,80.2126464844,34956,34966,10
13.0059099197,80.2129211426,34966,34976,10
13.0065603256,80.2127075195,34976,34986,10
13.0068397522,80.2127304077,34986,34996,10
13.0070400238,80.2127380371,34996,35067,71
13.0070400238,80.2127380371,35067,35077,10
13.0074300766,80.2127685547,35077,35087,10
13.0075998306,80.2127838135,35087,35097,10
13.0078296661,80.2129669189,35097,35135,38
13.0078296661,80.2129669189,35135,35146,11
13.0079898834,80.2131271362,35146,35155,9
13.0082502365,80.2132568359,35155,35166,11
13.0087404251,80.2136535645,35166,35176,10
13.0092697144,80.2143630981,35176,35186,10
13.0096998215,80.2150115967,35186,35196,10
13.0100498199,80.215461731,35196,35205,9
13.0105104446,80.2160186768,35205,35216,11
13.0108203888,80.2167816162,35216,35226,10
13.0111398697,80.2175369263,35226,35236,10
13.0114603043,80.2183914185,35236,35246,10
13.0117797852,80.2193222046,35246,35257,11
13.0121002197,80.2204437256,35257,35266,9
13.0124397278,80.2211990356,35266,35277,11
13.0126800537,80.2216110229,35277,35287,10
13.0128602982,80.2219390869,35287,35297,10
13.013130188,80.2222366333,35297,35307,10
13.0133695602,80.2225265503,35307,35317,10
13.0137195587,80.2229766846,35317,35327,10
13.013999939,80.2233123779,35327,35337,10
13.0141801834,80.2235565186,35337,35347,10
13.0144500732,80.2238616943,35347,35357,10
13.0150995255,80.224647522,35357,35378,21
13.0150995255,80.224647522,35378,35388,10
13.0151901245,80.2247467041,35388,35398,10
13.0155000687,80.2250595093,35398,35408,10
13.0160903931,80.2253417969,35408,35418,10
13.01679039,80.2251968384,35418,35428,10
13.0173101425,80.2249908447,35428,35438,10
13.0174703598,80.2249298096,35438,35448,10
13.017539978,80.224899292,35448,35458,10
13.0177698135,80.2248077393,35458,35468,10
13.0182304382,80.2246170044,35468,35478,10
13.0185804367,80.2244873047,35478,35489,11
13.019080162,80.2243270874,35489,35529,40
13.019080162,80.2243270874,35529,35539,10
13.019200325,80.2243270874,35539,35549,10
13.0193595886,80.224357605,35549,35559,10
13.019490242,80.2244033813,35559,35569,10
13.0197696686,80.2245483398,35569,35620,51
13.0197696686,80.2245483398,35620,35630,10
13.0199899673,80.2247619629,35630,35640,10
13.0204000473,80.2250366211,35640,35650,10
13.0207796097,80.2253036499,35650,35660,10
13.0211000443,80.2255401611,35660,35670,10
13.0213899612,80.2257995605,35670,35680,10
13.0216197968,80.2259292603,35680,35690,10
13.0217399597,80.2259979248,35690,35700,10
13.0218296051,80.2260665894,35700,35710,10
13.0218601227,80.2260818481,35710,35720,10
13.0220098495,80.2262191772,35720,35731,11
13.0222597122,80.2264099121,35731,35741,10
13.0224399567,80.2265777588,35741,35781,40
13.0224399567,80.2265777588,35781,35791,10
13.022649765,80.2267913818,35791,35801,10
13.022769928,80.2269134521,35801,35811,10
13.022939682,80.2270965576,35811,35842,31
13.022939682,80.2270965576,35842,35852,10
13.0234899521,80.2276000977,35852,35882,30
13.0234899521,80.2276000977,35882,35892,10
13.0236701965,80.2277297974,35892,35902,10
13.0237398148,80.2277679443,35902,35912,10
13.023900032,80.2279281616,35912,35922,10
13.0241003036,80.2281570435,35922,35932,10
13.0242300034,80.2283096313,35932,35942,10
13.0243301392,80.2284393311,35942,35952,10
13.0244197845,80.2285614014,35952,35963,11
13.0244998932,80.2286605835,35963,35973,10
13.0245199203,80.2286834717,35973,35983,10
13.0247001648,80.2289428711,35983,35993,10
13.0248403549,80.2291412354,35993,36003,10
13.0257101059,80.2303009033,36003,36061,58
13.0257101059,80.2303009033,36061,36071,10
13.0258398056,80.2305679321,36071,36082,11
13.0259304047,80.230796814,36082,36092,10
13.0260000229,80.2310791016,36092,36102,10
13.0260601044,80.2313079834,36102,36111,9
13.0263299942,80.231300354,36111,36122,11
13.0271196365,80.2311019897,36122,36132,10
13.0277996063,80.2309417725,36132,36142,10
13.0288000107,80.2308807373,36142,36192,50
13.0288000107,80.2308807373,36192,36203,11
13.0292196274,80.2308502197,36203,36263,60
13.0292196274,80.2308502197,36263,36273,10
13.0292901993,80.2308120728,36273,36283,10
13.0295600891,80.2307815552,36283,36293,10
13.0298595428,80.2307510376,36293,36303,10
13.0300502777,80.2307434082,36303,36314,11
13.0304403305,80.2306976318,36314,36324,10
13.03083992,80.230682373,36324,36334,10
13.0312795639,80.2306594849,36334,36344,10
13.0315799713,80.2306213379,36344,36354,10
13.0317001343,80.2306137085,36354,36364,10
13.0318603516,80.2306137085,36364,36384,20
13.0318603516,80.2306137085,36384,36394,10
13.0321998596,80.2305908203,36394,36404,10
13.0328197479,80.2305297852,36404,36414,10
13.0334701538,80.2304916382,36414,36424,10
13.033780098,80.2304763794,36424,36435,11
13.034040451,80.2304611206,36435,36445,10
13.0346899033,80.2302780151,36445,36495,50
13.0346899033,80.2302780151,36495,36505,10
13.0348701477,80.2301864624,36505,36515,10
13.0348901749,80.2299804688,36515,36525,10
13.0343904495,80.229850769,36525,37604,1079
13.0341796875,80.2301177979,37604,37816,212
13.0341796875,80.2301177979,37816,37826,10
13.034040451,80.2304611206,37826,37836,10
13.033659935,80.2304534912,37836,37849,13
13.0329704285,80.2304916382,37849,37859,10
13.032409668,80.2305603027,37859,37869,10
13.0319595337,80.2306213379,37869,37879,10
13.0315198898,80.2306518555,37879,37888,9
13.0310096741,80.2306900024,37888,37900,12
13.030670166,80.23072052,37900,37910,10
13.0301904678,80.2307662964,37910,37919,9
13.0298595428,80.2308197021,37919,37930,11
13.029800415,80.2308425903,37930,37940,10
13.0294904709,80.2308731079,37940,37950,10
13.0289802551,80.2309188843,37950,37961,11
13.0283002853,80.2309570313,37961,37971,10
13.0277900696,80.231010437,37971,38011,40
13.0277900696,80.231010437,38011,38021,10
13.0276298523,80.2312011719,38021,38031,10
13.0276498795,80.2313995361,38031,38041,10
13.0276899338,80.2316970825,38041,38051,10
13.0277299881,80.2319335938,38051,38061,10
13.0277795792,80.2322463989,38061,38072,11
13.027879715,80.232673645,38072,38082,10
13.0275602341,80.2328491211,38082,38233,151
13.0275602341,80.2328491211,38233,38243,10
13.0274295807,80.2330093384,38243,38253,10
13.0272703171,80.2329864502,38253,38263,10
13.0270299911,80.2330093384,38263,38273,10
13.0268297195,80.233039856,38273,38283,10
13.0265398026,80.2330474854,38283,38293,10
13.026309967,80.2327423096,38293,38303,10
13.0261697769,80.2322692871,38303,38314,11
13.02602005,80.2316818237,38314,38324,10
13.0258703232,80.2310791016,38324,38334,10
13.0256004333,80.2303771973,38334,38344,10
13.0250797272,80.229598999,38344,38354,10
13.0248403549,80.229309082,38354,38364,10
13.0246801376,80.2291030884,38364,38374,10
13.0245103836,80.2288894653,38374,38384,10
13.0243396759,80.2286987305,38384,38394,10
13.0240497589,80.2282791138,38394,38404,10
13.0234699249,80.2276687622,38404,38414,10
13.0231304169,80.2274093628,38414,38425,11
13.0227899551,80.2270889282,38425,38435,10
13.0224895477,80.2267303467,38435,38445,10
13.0219697952,80.2262802124,38445,38455,10
13.0214595795,80.2258911133,38455,38465,10
13.0209703445,80.2255172729,38465,38475,10
13.0204496384,80.225151062,38475,38485,10
13.0200996399,80.2249984741,38485,38495,10
13.0199098587,80.2248764038,38495,38505,10
13.0194396973,80.2246017456,38505,38515,10
13.0187301636,80.2245407104,38515,38531,16
13.0173501968,80.2250900269,38531,38543,12
13.016500473,80.2254486084,38543,38554,11
13.0158395767,80.2256393433,38554,38564,10
13.0151500702,80.2259521484,38564,38573,9
13.0144796371,80.2262191772,38573,38584,11
13.0140104294,80.2264633179,38584,38594,10
13.0139198303,80.2264862061,38594,38604,10
13.0135297775,80.226600647,38604,38614,10
13.0128297806,80.2267837524,38614,38624,10
13.0119400024,80.2271270752,38624,38634,10
13.0108604431,80.2275390625,38634,38644,10
13.0098199844,80.2279586792,38644,38654,10
13.0095300674,80.2274780273,38654,38665,11
13.0099201202,80.2266464233,38665,38676,11
13.0103502274,80.2257232666,38676,38686,10
13.0107803345,80.2247619629,38686,38696,10
13.0109996796,80.2241973877,38696,38705,9
13.0112800598,80.2235412598,38705,38715,10
13.0115699768,80.2227783203,38715,38726,11
13.0118904114,80.2218780518,38726,38736,10
13.0120801926,80.2213363647,38736,38746,10
13.0121202469,80.220993042,38746,38756,10
13.0119104385,80.2203216553,38756,38766,10
13.0116195679,80.2194595337,38766,38776,10
13.0113801956,80.218711853,38776,38787,11
13.0110797882,80.2178726196,38787,38797,10
13.0107297897,80.2170410156,38797,38807,10
13.0104398727,80.2163772583,38807,38817,10
13.0100297928,80.2156600952,38817,38827,10
13.0097398758,80.2150802612,38827,38837,10
13.0092697144,80.2144927979,38837,38847,10
13.0087003708,80.213722229,38847,38857,10
13.0081796646,80.2133331299,38857,38887,30
13.0081796646,80.2133331299,38887,38898,11
13.0079603195,80.2132415771,38898,38908,10
13.0078802109,80.2131881714,38908,38918,10
13.0076799393,80.2129821777,38918,38928,10
13.007349968,80.212852478,38928,38938,10
13.0068502426,80.2127685547,38938,38948,10
13.0060901642,80.2129364014,38948,38958,10
13.0054302216,80.2128219604,38958,38968,10
13.0047302246,80.212387085,38968,38978,10
13.003950119,80.2121200562,38978,38988,10
13.0031003952,80.2121124268,38988,38998,10
13.0023498535,80.2122268677,38998,39008,10
13.0020503998,80.212387085,39008,39019,11
13.0016098022,80.2126998901,39019,39029,10
13.0010900497,80.2130966187,39029,39039,10
13.0009202957,80.213218689,39039,39049,10
13.000459671,80.2136001587,39049,39059,10
12.9998502731,80.2141494751,39059,39069,10
12.9993495941,80.2145767212,39069,39079,10
12.99903965,80.2148513794,39079,39089,10
12.9987602234,80.2150878906,39089,39099,10
12.9980401993,80.2156982422,39099,39109,10
12.9974498749,80.2162399292,39109,39119,10
12.9974403381,80.2162704468,39119,39129,10
12.997179985,80.2165222168,39129,39140,11
12.9965295792,80.2165679932,39140,39150,10
12.9958400726,80.2167129517,39150,39160,10
12.9952602386,80.2169418335,39160,39170,10
12.9952297211,80.2169570923,39170,39180,10
12.9949903488,80.2171173096,39180,39190,10
12.9948501587,80.2172164917,39190,39200,10
12.9944601059,80.2174911499,39200,39210,10
12.9938402176,80.2179412842,39210,39220,10
12.9930896759,80.2184829712,39220,39230,10
12.9922199249,80.2191390991,39230,39240,10
12.9914703369,80.2196578979,39240,39251,11
12.990940094,80.2200393677,39251,39261,10
12.9909000397,80.2200698853,39261,39271,10
12.9907302856,80.2202072144,39271,39281,10
12.9902696609,80.2205734253,39281,39291,10
12.9897003174,80.2211380005,39291,39301,10
12.9892597198,80.2217102051,39301,39311,10
12.9887399673,80.2222976685,39311,39321,10
12.9880895615,80.2228775024,39321,39331,10
12.9874000549,80.2230987549,39331,39341,10
12.9867200851,80.2229995728,39341,39351,10
12.9862203598,80.2229766846,39351,39361,10
12.9855899811,80.2231216431,39361,39372,11
12.9851198196,80.2232666016,39372,39382,10
12.9844999313,80.2229690552,39382,39392,10
12.9838399887,80.2225799561,39392,39402,10
12.9832000732,80.2221832275,39402,39412,10
12.9828100204,80.2219619751,39412,39422,10
12.9825201035,80.221862793,39422,39432,10
12.9820899963,80.2217407227,39432,39442,10
12.9817800522,80.2214584351,39442,39452,10
12.9812602997,80.2212295532,39452,39462,10
12.9806003571,80.2210998535,39462,39472,10
12.9797296524,80.2211608887,39472,39482,10
12.9790897369,80.2211990356,39482,39493,11
12.9781198502,80.2212295532,39493,39503,10
12.9774303436,80.221282959,39503,39512,9
12.9767799377,80.2212982178,39512,39523,11
12.9766798019,80.221282959,39523,39533,10
12.9766101837,80.2212219238,39533,39543,10
12.9765195847,80.2212219238,39543,39553,10
12.9763402939,80.2212295532,39553,39563,10
12.9761295319,80.2212905884,39563,39583,20
12.9761295319,80.2212905884,39583,39593,10
12.9759702682,80.2213821411,39593,39604,11
12.9758996964,80.2213821411,39604,39614,10
12.9757900238,80.2212219238,39614,39624,10
12.9756498337,80.2210693359,39624,39634,10
12.9754400253,80.2209091187,39634,39644,10
12.9751701355,80.2207183838,39644,39654,10
12.9744997025,80.220413208,39654,39664,10
12.9736795425,80.2200775146,39664,39674,10
12.9728097916,80.2197570801,39674,39684,10
12.9718503952,80.2194290161,39684,39694,10
12.9710903168,80.2191619873,39694,39704,10
12.9707603455,80.219039917,39704,39714,10
12.9703502655,80.2188491821,39714,39725,11
12.9696102142,80.218536377,39725,39735,10
12.9688301086,80.2182312012,39735,39745,10
12.9680404663,80.2179107666,39745,39755,10
12.9672203064,80.2175827026,39755,39765,10
12.9663000107,80.2172164917,39765,39775,10
12.9653596878,80.2168273926,39775,39785,10
12.9643697739,80.2164382935,39785,39795,10
12.9636201859,80.2161178589,39795,39805,10
12.9631004333,80.2158813477,39805,39815,10
12.9628095627,80.2157821655,39815,39825,10
12.962679863,80.2157211304,39825,39836,11
12.9622497559,80.2155380249,39836,39846,10
12.961520195,80.2152404785,39846,39856,10
12.9606103897,80.214881897,39856,39866,10
12.959690094,80.2145080566,39866,39876,10
12.9588098526,80.2141418457,39876,39886,10
12.9578504562,80.213760376,39886,39896,10
12.9568996429,80.2133789063,39896,39906,10
12.9558897018,80.2129974365,39906,39916,10
12.9548597336,80.2125778198,39916,39926,10
12.9539804459,80.2122421265,39926,39936,10
12.9527797699,80.2117614746,39936,39946,10
12.9516601563,80.2113189697,39946,39957,11
12.9504699707,80.2108612061,39957,39967,10
12.9494800568,80.2104721069,39967,39977,10
12.9484901428,80.2100830078,39977,39987,10
12.9474401474,80.2096633911,39987,39997,10
12.9463596344,80.2092437744,39997,40007,10
12.9453496933,80.2088317871,40007,40017,10
12.9445896149,80.2085418701,40017,40027,10
12.9442195892,80.2084121704,40027,40037,10
12.9440402985,80.2083282471,40037,40047,10
12.9436302185,80.208152771,40047,40057,10
12.9430503845,80.2078323364,40057,40067,10
12.9426298141,80.2073287964,40067,40078,11
12.9420604706,80.2067337036,40078,40088,10
12.9413795471,80.2062225342,40088,40098,10
12.9407701492,80.2059173584,40098,40108,10
12.9403095245,80.2057571411,40108,40118,10
12.9398899078,80.2056427002,40118,40128,10
12.9394798279,80.2055435181,40128,40138,10
12.9388799667,80.2053375244,40138,40148,10
12.9382095337,80.205116272,40148,40158,10
12.9374103546,80.2049026489,40158,40168,10
12.9365196228,80.2046508789,40168,40178,10
12.9357404709,80.2044219971,40178,40189,11
12.9350700378,80.2041091919,40189,40199,10
12.9342498779,80.203956604,40199,40209,10
12.9337997437,80.2039413452,40209,40219,10
12.9336996078,80.2039413452,40219,40229,10
12.9332399368,80.2038574219,40229,40239,10
12.9327001572,80.2036437988,40239,40249,10
12.9320402145,80.2034225464,40249,40259,10
12.9313497543,80.2031936646,40259,40269,10
12.9307003021,80.2029800415,40269,40279,10
12.9301795959,80.20287323,40279,40289,10
12.9295501709,80.202796936,40289,40299,10
12.9290895462,80.2027282715,40299,40309,10
12.9287700653,80.2026901245,40309,40320,11
12.9285402298,80.202583313,40320,40330,10
12.928440094,80.2021789551,40330,40340,10
12.9284200668,80.201713562,40340,40350,10
12.9284200668,80.2011795044,40350,40360,10
12.9284000397,80.2006912231,40360,40370,10
12.9283103943,80.1998825073,40370,40380,10
12.9280004501,80.1990203857,40380,40390,10
12.9275197983,80.1982421875,40390,40400,10
12.926779747,80.1977310181,40400,40410,10
12.9259195328,80.197517395,40410,40420,10
12.9254102707,80.197517395,40420,40431,11
12.9250497818,80.1975021362,40431,40441,10
12.9243602753,80.1975097656,40441,40451,10
12.9235897064,80.197479248,40451,40461,10
12.9229602814,80.1974029541,40461,40471,10
12.9222297668,80.197303772,40471,40481,10
12.9218997955,80.1972579956,40481,40491,10
12.9215698242,80.1971588135,40491,40501,10
12.9211397171,80.1969833374,40501,40511,10
12.9205999374,80.1967926025,40511,40521,10
12.9199199677,80.1965408325,40521,40531,10
12.9194202423,80.1963424683,40531,40541,10
12.9189195633,80.1959686279,40541,40552,11
12.918390274,80.1955032349,40552,40562,10
12.9179201126,80.1950683594,40562,40572,10
12.9171800613,80.1943511963,40572,40642,70
12.9171800613,80.1943511963,40642,40652,10
12.9170303345,80.1941299438,40652,40663,11
12.9169597626,80.193611145,40663,40673,10
12.9170198441,80.1929016113,40673,40683,10
12.9171199799,80.1922531128,40683,40693,10
12.9172401428,80.1913833618,40693,40713,20
12.9172401428,80.1913833618,40713,40723,10
12.9172697067,80.1912231445,40723,40733,10
12.9173202515,80.1906814575,40733,40743,10
12.9173803329,80.1901397705,40743,40753,10
12.9175701141,80.1894607544,40753,40763,10
12.9180297852,80.1886978149,40763,40773,10
12.9186401367,80.1879882813,40773,40784,11
12.9193096161,80.1872634888,40784,40794,10
12.9199695587,80.1864776611,40794,40804,10
12.9205598831,80.1856231689,40804,40814,10
12.9204101563,80.1847229004,40814,40824,10
12.9202003479,80.1838912964,40824,40834,10
12.9199800491,80.1830062866,40834,40844,10
12.9198904037,80.1826019287,40844,40854,10
12.9198799133,80.1825790405,40854,40864,10
12.9197902679,80.182182312,40864,40874,10
12.9196596146,80.1815490723,40874,40884,10
12.9195098877,80.1808013916,40884,40894,10
12.9193401337,80.1799468994,40894,40905,11
12.9189300537,80.1790771484,40905,40915,10
12.9183597565,80.1782989502,40915,40925,10
12.9181804657,80.1773986816,40925,40935,10
12.9183597565,80.1764297485,40935,40945,10
12.9185695648,80.1756286621,40945,40955,10
12.918800354,80.1747283936,40955,40965,10
12.9190597534,80.1736984253,40965,40975,10
12.9193296432,80.1726989746,40975,40985,10
12.9195604324,80.1717529297,40985,40995,10
12.9197902679,80.1709365845,40995,41005,10
12.9198198318,80.1708526611,41005,41015,10
12.9198999405,80.1706237793,41015,41026,11
12.9200801849,80.1700134277,41026,41036,10
12.9203300476,80.1691970825,41036,41046,10
12.9206104279,80.1683425903,41046,41056,10
12.9208297729,80.1676635742,41056,41066,10
12.9210596085,80.1669006348,41066,41076,10
12.9213600159,80.1659698486,41076,41086,10
12.92166996,80.1650314331,41086,41096,10
12.9219703674,80.1641311646,41096,41106,10
12.9222602844,80.163192749,41106,41116,10
12.922539711,80.1622695923,41116,41126,10
12.9228696823,80.1613006592,41126,41137,11
12.9230804443,80.1605377197,41137,41147,10
12.9231100082,80.1604537964,41147,41157,10
12.9232397079,80.1600189209,41157,41167,10
12.9233503342,80.1592636108,41167,41177,10
12.9234399796,80.1582565308,41177,41187,10
12.9235296249,80.1572570801,41187,41197,10
12.923620224,80.1563415527,41197,41207,10
12.9235095978,80.1554031372,41207,41217,10
12.9233903885,80.155090332,41217,41227,10
12.9233503342,80.1549377441,41227,41237,10
12.9232301712,80.1544265747,41237,41247,10
12.9230804443,80.1537628174,41247,41258,11
12.9228801727,80.152961731,41258,41268,10
12.9226799011,80.1522293091,41268,41278,10
12.9226198196,80.1518630981,41278,41308,30
12.9226198196,80.1518630981,41308,41318,10
12.9226503372,80.1517105103,41318,41328,10
12.9226398468,80.1510772705,41328,41338,10
12.9226303101,80.150177002,41338,41348,10
12.9225902557,80.1492004395,41348,41358,10
12.9225702286,80.1481704712,41358,41368,10
12.9225502014,80.147277832,41368,41379,11
12.922539711,80.1468963623,41379,41389,10
12.9225502014,80.1468582153,41389,41399,10
12.9225301743,80.1464996338,41399,41409,10
12.9225196838,80.145866394,41409,41419,10
12.9224796295,80.1450500488,41419,41429,10
12.9224500656,80.1440505981,41429,41439,10
12.9224100113,80.1431274414,41439,41449,10
12.9224100113,80.142578125,41449,41459,10
12.9223604202,80.1415786743,41459,41479,20
12.9223604202,80.1415786743,41479,41489,10
12.9223299026,80.1413803101,41489,41500,11
12.9223299026,80.1408309937,41500,41510,10
12.9223403931,80.1402435303,41510,41520,10
12.9223403931,80.1394195557,41520,41530,10
12.922369957,80.1386413574,41530,41540,10
12.9224004745,80.138381958,41540,41550,10
12.9224395752,80.1378173828,41550,41560,10
12.9224796295,80.1369934082,41560,41570,10
12.9225301743,80.1360931396,41570,41580,10
12.922539711,80.1353302002,41580,41590,10
12.922539711,80.1348724365,41590,41600,10
12.9225702286,80.1341400146,41600,41611,11
12.9226198196,80.1332321167,41611,41621,10
12.922659874,80.1329498291,41621,41631,10
12.9226398468,80.1326217651,41631,41641,10
12.9226398468,80.1319503784,41641,41651,10
12.922659874,80.1314620972,41651,41661,10
12.9226799011,80.1312026978,41661,41671,10
12.9227199554,80.1306533813,41671,41681,10
12.9227600098,80.1300430298,41681,41691,10
12.9228000641,80.1295166016,41691,41701,10
12.9228401184,80.1289978027,41701,41711,10
12.9228897095,80.1283798218,41711,41728,17
12.9229001999,80.1271362305,41728,41740,12
12.9229097366,80.1260681152,41740,41750,10
12.9229602814,80.1252670288,41750,41760,10
12.9229803085,80.1243515015,41760,41770,10
12.9230203629,80.123336792,41770,41780,10
12.9230604172,80.1224365234,41780,41790,10
12.9231004715,80.1215133667,41790,41800,10
12.9231595993,80.1206970215,41800,41810,10
12.9231700897,80.1206283569,41810,41820,10
12.9232196808,80.1203765869,41820,41831,11
12.9232702255,80.1198196411,41831,41841,10
12.9232702255,80.1190490723,41841,41852,11
12.9233102798,80.1183624268,41852,41862,10
12.9233798981,80.1176528931,41862,41872,10
12.9234399796,80.1171035767,41872,41882,10
12.9234399796,80.1170806885,41882,41892,10
12.9234304428,80.1169204712,41892,41902,10
12.9234304428,80.1168823242,41902,41912,10
12.9235200882,80.1168212891,41912,41922,10
12.9235696793,80.1170196533,41922,41932,10
12.9235200882,80.1174316406,41932,41942,10
12.923620224,80.1177215576,41942,41952,10
12.9235401154,80.1181488037,41952,41963,11
12.9234895706,80.1187820435,41963,41973,10
12.9234104156,80.1194992065,41973,41983,10
12.923330307,80.1202468872,41983,42013,30
12.923330307,80.1202468872,42013,42023,10
12.9232997894,80.1204833984,42023,42033,10
12.9232597351,80.1210174561,42033,42043,10
12.9232501984,80.1212310791,42043,42053,10
12.923210144,80.1216125488,42053,42063,10
12.9232597351,80.1221618652,42063,42931,868
12.9232597351,80.1221618652,42931,42941,10
12.9232196808,80.1224517822,42941,42951,10
12.9231901169,80.1228790283,42951,42961,10
12.9231395721,80.1234436035,42961,42971,10
12.9231100082,80.1241378784,42971,42981,10
12.9230804443,80.1247711182,42981,42991,10
12.9230604172,80.1252975464,42991,43001,10
12.9230499268,80.1253967285,43001,43011,10
12.9230499268,80.1255187988,43011,43022,11
12.9230203629,80.1258010864,43022,43032,10
12.9230003357,80.1262512207,43032,43042,10
12.9229898453,80.1268997192,43042,43052,10
12.9229402542,80.127456665,43052,43062,10
12.9229202271,80.1280288696,43062,43072,10
12.9228801727,80.1286010742,43072,43082,10
12.922829628,80.1292190552,43082,43092,10
12.9228000641,80.1298065186,43092,43102,10
12.9227695465,80.1304321289,43102,43112,10
12.9227800369,80.1310806274,43112,43122,10
12.9227600098,80.1316986084,43122,43132,10
12.9227399826,80.1324005127,43132,43143,11
12.9226799011,80.1333007813,43143,43153,10
12.922659874,80.1341629028,43153,43163,10
12.9225997925,80.1350479126,43163,43173,10
12.9225597382,80.1358337402,43173,43183,10
12.9225196838,80.1366195679,43183,43193,10
12.9224996567,80.1368789673,43193,43203,10
12.9224596024,80.137512207,43203,43213,10
12.9224300385,80.1382522583,43213,43223,10
12.9223804474,80.138999939,43223,43233,10
12.9223804474,80.1398696899,43233,43243,10
12.9224100113,80.1404571533,43243,43253,10
12.9223899841,80.1411819458,43253,43264,11
12.9224100113,80.1420211792,43264,43274,10
12.9224500656,80.1427764893,43274,43284,10
12.9225101471,80.1435165405,43284,43304,20
12.9225101471,80.1435165405,43304,43314,10
12.9225101471,80.143661499,43314,43324,10
12.9224901199,80.1437225342,43324,43334,10
12.9224596024,80.1441116333,43334,43344,10
12.9224796295,80.144859314,43344,43354,10
12.9225301743,80.1457672119,43354,43364,10
12.9225702286,80.1467285156,43364,43375,11
12.9226102829,80.1473312378,43375,43385,10
12.9226198196,80.1473693848,43385,43395,10
12.9226198196,80.1476364136,43395,43405,10
12.9225997925,80.1482391357,43405,43415,10
12.9226102829,80.1490707397,43415,43425,10
12.922659874,80.1500473022,43425,43435,10
12.9226799011,80.1509017944,43435,43445,10
12.9227199554,80.1517028809,43445,43455,10
12.9227600098,80.1523208618,43455,43465,10
12.9229602814,80.1531066895,43465,43475,10
12.9231796265,80.1539916992,43475,43485,10
12.9233999252,80.1545791626,43485,43496,11
12.9234104156,80.1547012329,43496,43506,10
12.9234304428,80.1549072266,43506,43516,10
12.9234695435,80.1551208496,43516,43526,10
12.923620224,80.1557617188,43526,43536,10
12.9236402512,80.1566314697,43536,43546,10
12.9235496521,80.1575317383,43546,43556,10
12.9234600067,80.1584396362,43556,43566,10
12.9233798981,80.1593780518,43566,43576,10
12.9233198166,80.1601715088,43576,43586,10
12.9232702255,80.1604309082,43586,43596,10
12.9231500626,80.1607894897,43596,43606,10
12.9229097366,80.1615066528,43606,43617,11
12.9225797653,80.1624832153,43617,43627,10
12.9223203659,80.1633300781,43627,43637,10
12.922129631,80.1639328003,43637,43647,10
12.921959877,80.1644668579,43647,43657,10
12.9216804504,80.1653366089,43657,43667,10
12.9213895798,80.1662368774,43667,43677,10
12.9211597443,80.1669387817,43677,43687,10
12.9209604263,80.1675872803,43687,43697,10
12.9207201004,80.1683197021,43697,43707,10
12.9204597473,80.1691513062,43707,43717,10
12.9202098846,80.1699981689,43717,43728,11
12.9199199677,80.1709899902,43728,43748,20
12.9199199677,80.1709899902,43748,43758,10
12.9197902679,80.1713180542,43758,43768,10
12.9195804596,80.1720275879,43768,43778,10
12.9193296432,80.1729507446,43778,43788,10
12.9190397263,80.174041748,43788,43798,10
12.9187698364,80.1752166748,43798,43808,10
12.9184598923,80.1763381958,43808,43818,10
12.9182701111,80.1775512695,43818,43828,10
12.9187202454,80.1786499023,43828,43838,10
12.9192800522,80.1795272827,43838,43849,11
12.9195995331,80.1809005737,43849,43859,10
12.9198503494,80.1820907593,43859,43869,10
12.9201002121,80.1831512451,43869,43879,10
12.9202899933,80.1839370728,43879,43889,10
12.9204101563,80.1845016479,43889,43899,10
12.9205303192,80.1850280762,43899,43909,10
12.920630455,80.1853866577,43909,43919,10
12.9206399918,80.1854019165,43919,43929,10
12.9206495285,80.1856536865,43929,43939,10
12.9203596115,80.1861801147,43939,43949,10
12.9197998047,80.1868362427,43949,43959,10
12.9192495346,80.1874771118,43959,43970,11
12.9188404083,80.1879501343,43970,43980,10
12.9183101654,80.1884994507,43980,43990,10
12.9177799225,80.189201355,43990,44000,10
12.9175100327,80.1900787354,44000,44010,10
12.9174203873,80.1907806396,44010,44020,10
12.9173297882,80.1915817261,44020,44030,10
12.9172201157,80.1923217773,44030,44040,10
12.9171199799,80.1928787231,44040,44050,10
12.9170598984,80.193397522,44050,44060,10
12.9170598984,80.1934890747,44060,44070,10
12.9170999527,80.1938095093,44070,44080,10
12.91726017,80.1943817139,44080,44091,11
12.9178695679,80.1949920654,44091,44101,10
12.918510437,80.1955718994,44101,44111,10
12.9191999435,80.1961669922,44111,44121,10
12.9198904037,80.1965332031,44121,44131,10
12.9207000732,80.1968002319,44131,44141,10
12.9214200974,80.1970596313,44141,44151,10
12.9223299026,80.197303772,44151,44161,10
12.9232397079,80.1974334717,44161,44171,10
12.9241600037,80.1974868774,44171,44181,10
12.9250001907,80.197479248,44181,44191,10
12.9253101349,80.1974716187,44191,44202,11
12.9257802963,80.1974716187,44202,44212,10
12.9264802933,80.1975631714,44212,44222,10
12.927189827,80.1978988647,44222,44232,10
12.9277601242,80.1984405518,44232,44242,10
12.9280900955,80.1990585327,44242,44252,10
12.9283399582,80.1996917725,44252,44262,10
12.9284696579,80.2004699707,44262,44272,10
12.9285001755,80.2011489868,44272,44282,10
12.9285297394,80.201713562,44282,44292,10
12.9285497665,80.2021636963,44292,44302,10
12.9287500381,80.2025909424,44302,44312,10
12.9293403625,80.2026901245,44312,44323,11
12.9294395447,80.2027130127,44323,44333,10
12.9298601151,80.2027664185,44333,44343,10
12.9304599762,80.2028579712,44343,44353,10
12.9310302734,80.2029800415,44353,44363,10
12.9317598343,80.2032394409,44363,44373,10
12.9323301315,80.2034378052,44373,44383,10
12.9329395294,80.2036514282,44383,44393,10
12.9335203171,80.2038421631,44393,44403,10
12.9339199066,80.2038803101,44403,44423,20
12.9339199066,80.2038803101,44423,44433,10
12.9341802597,80.203918457,44433,44444,11
12.9347600937,80.2039794922,44444,44454,10
12.9354696274,80.2042388916,44454,44464,10
12.9362096786,80.204498291,44464,44474,10
12.9370603561,80.2047424316,44474,44484,10
12.9379501343,80.2049789429,44484,44494,10
12.9388599396,80.2052536011,44494,44504,10
12.9391403198,80.2053527832,44504,44514,10
12.939209938,80.2053833008,44514,44524,10
12.939620018,80.2054824829,44524,44534,10
12.9399795532,80.2055892944,44534,44544,10
12.9401197433,80.2056274414,44544,44555,11
12.9405899048,80.2057800293,44555,44565,10
12.9409399033,80.2059173584,44565,44575,10
12.9415597916,80.2062530518,44575,44585,10
12.9422101974,80.2067489624,44585,44595,10
12.942779541,80.2073364258,44595,44605,10
12.9433803558,80.2079772949,44605,44615,10
12.9441099167,80.2082824707,44615,44625,10
12.9443101883,80.2083587646,44625,44635,10
12.9443502426,80.2083892822,44635,44645,10
12.9447202682,80.2085418701,44645,44655,10
12.945400238,80.2087783813,44655,44665,10
12.9462099075,80.2090835571,44665,44676,11
12.9470796585,80.2094192505,44676,44686,10
12.9477901459,80.2096862793,44686,44696,10
12.9484395981,80.2099304199,44696,44706,10
12.9491996765,80.2102279663,44706,44716,10
12.9501304626,80.2106018066,44716,44726,10
12.9511404037,80.2109985352,44726,44736,10
12.9521303177,80.2114028931,44736,44746,10
12.9531402588,80.211807251,44746,44756,10
12.9540596008,80.2121734619,44756,44766,10
12.9549798965,80.2125396729,44766,44776,10
12.9558000565,80.2128677368,44776,44786,10
12.9565200806,80.213142395,44786,44797,11
12.9574203491,80.2135009766,44797,44807,10
12.9583702087,80.2138977051,44807,44817,10
12.9592599869,80.2142410278,44817,44827,10
12.960100174,80.21459198,44827,44837,10
12.9609899521,80.2149581909,44837,44845,8
12.9617595673,80.2152633667,44845,44858,13
12.9630002975,80.2157363892,44858,44865,7
12.9632196426,80.2158279419,44865,44879,14
12.9635696411,80.2159729004,44879,44890,11
12.9639596939,80.2161331177,44890,44900,10
12.964630127,80.2164306641,44900,44911,11
12.9654998779,80.216758728,44911,44921,10
12.9661998749,80.2170562744,44921,44931,10
12.9668197632,80.2172927856,44931,44941,10
12.9674701691,80.2175369263,44941,44951,10
12.9679203033,80.2177276611,44951,44961,10
12.9684801102,80.217956543,44961,44971,10
12.9693698883,80.2182769775,44971,44981,10
12.9703598022,80.2186965942,44981,44991,10
12.9711198807,80.2189483643,44991,45001,10
12.9712896347,80.2190170288,45001,45011,10
12.9715003967,80.2191085815,45011,45021,10
12.9720201492,80.2193374634,45021,45032,11
12.972820282,80.2196426392,45032,45042,10
12.9736404419,80.2199630737,45042,45052,10
12.9744997025,80.2203598022,45052,45062,10
12.9751501083,80.2206268311,45062,45122,60
12.9751501083,80.2206268311,45122,45132,10
12.9755401611,80.2207794189,45132,45143,11
12.9760599136,80.2212371826,45143,45173,30
12.9760599136,80.2212371826,45173,45183,10
12.9762401581,80.2212371826,45183,45193,10
12.9763698578,80.2212295532,45193,45203,10
12.9767398834,80.2212219238,45203,45213,10
12.9772996902,80.2212219238,45213,45223,10
12.977809906,80.221206665,45223,45233,10
12.9782600403,80.2211532593,45233,45243,10
12.9788999557,80.2210998535,45243,45253,10
12.9796800613,80.2210617065,45253,45264,11
12.9806003571,80.2209777832,45264,45274,10
12.9813404083,80.2211914063,45274,45284,10
12.982000351,80.2216186523,45284,45294,10
12.9824895859,80.2218017578,45294,45304,10
12.9828996658,80.2219390869,45304,45314,10
12.982919693,80.2219467163,45314,45324,10
12.9830999374,80.2220687866,45324,45334,10
12.9833402634,80.2222213745,45334,45344,10
12.9835596085,80.2223587036,45344,45360,16
12.9839096069,80.2225570679,45360,45372,12
12.9843597412,80.2228317261,45372,45380,8
12.9847698212,80.2230682373,45380,45393,13
12.9854402542,80.2231826782,45393,45403,10
12.9858398438,80.2229385376,45403,45412,9
12.9864702225,80.2229614258,45412,45423,11
12.9868297577,80.2229995728,45423,45433,10
12.9872999191,80.2230911255,45433,45443,10
12.9878196716,80.2230072021,45443,45453,10
12.9884796143,80.2225265503,45453,45463,10
12.9890403748,80.2219314575,45463,45473,10
12.9895000458,80.2213821411,45473,45483,10
12.9904403687,80.2203598022,45483,45504,21
12.9904403687,80.2203598022,45504,45514,10
12.9906797409,80.2201919556,45514,45524,10
12.9911499023,80.2198181152,45524,45534,10
12.9913196564,80.2196807861,45534,45544,10
12.9913797379,80.2196426392,45544,45554,10
12.9917201996,80.2193984985,45554,45564,10
12.9922103882,80.219039917,45564,45574,10
12.9928398132,80.2185821533,45574,45584,10
12.9935703278,80.2180328369,45584,45594,10
12.9941902161,80.2175827026,45594,45604,10
12.9946899414,80.2172164917,45604,45614,10
12.9950704575,80.2169570923,45614,45625,11
12.9955101013,80.2167205811,45625,45635,10
12.9962100983,80.2165603638,45635,45645,10
12.9968900681,80.2164916992,45645,45655,10
12.9972696304,80.2162704468,45655,45665,10
12.9975595474,80.2160263062,45665,45675,10
12.9976902008,80.2159194946,45675,45685,10
12.9981002808,80.2155838013,45685,45695,10
12.9986600876,80.2151031494,45695,45711,16
12.9992599487,80.2145690918,45711,45723,12
12.9997596741,80.2141265869,45723,45731,8
13.0001401901,80.2138137817,45731,45742,11
13.000749588,80.2132492065,45742,45754,12
13.0011997223,80.2129135132,45754,45764,10
13.0015001297,80.212677002,45764,45774,10
13.0019598007,80.2123718262,45774,45783,9
13.0024595261,80.2121200562,45783,45794,11
13.0031404495,80.212059021,45794,45803,9
13.0037202835,80.2119903564,45803,45813,10
13.0043897629,80.2121734619,45813,45824,11
13.0050201416,80.2125091553,45824,45834,10
13.0057001114,80.2128677368,45834,45844,10
13.0064401627,80.2127075195,45844,45855,11
13.0071201324,80.2127532959,45855,45864,9
13.007519722,80.2128219604,45864,45874,10
13.0077104568,80.212890625,45874,45925,51
13.0077104568,80.212890625,45925,45935,10
13.0079698563,80.2131271362,45935,45945,10
13.0082798004,80.2132873535,45945,45955,10
13.0087795258,80.2137527466,45955,45966,11
13.0094003677,80.21459198,45966,45976,10
13.0099401474,80.2153396606,45976,45986,10
13.0105495453,80.2161331177,45986,45996,10
13.0108604431,80.2170028687,45996,46006,10
13.0112495422,80.217880249,46006,46016,10
13.0116300583,80.2189178467,46016,46026,10
13.0119800568,80.2200012207,46026,46036,10
13.012169838,80.2205276489,46036,46046,10
13.0124502182,80.2211227417,46046,46056,10
13.0126600266,80.2216110229,46056,46066,10
13.0129995346,80.2220611572,46066,46076,10
13.0133895874,80.2225265503,46076,46087,11
13.0138397217,80.2230987549,46087,46097,10
13.0141096115,80.2234420776,46097,46107,10
13.0143003464,80.2236480713,46107,46117,10
13.0145797729,80.2239379883,46117,46127,10
13.0150299072,80.2245101929,46127,46137,10
13.0154695511,80.2249603271,46137,46157,20
13.0154695511,80.2249603271,46157,46167,10
13.0156698227,80.2252120972,46167,46177,10
13.016289711,80.2253799438,46177,46187,10
13.0171203613,80.225112915,46187,46197,10
13.0180997849,80.2247085571,46197,46208,11
13.0191698074,80.2243804932,46208,46218,10
13.0200195313,80.2247467041,46218,46228,10
13.0207796097,80.2253112793,46228,46238,10
13.0216197968,80.2258987427,46238,46248,10
13.0219297409,80.2260818481,46248,46258,10
13.0219697952,80.2261428833,46258,46268,10
13.0222702026,80.2264328003,46268,46277,9
13.022769928,80.2268829346,46277,46288,11
13.0235004425,80.2275619507,46288,46298,10
13.0240697861,80.2281570435,46298,46308,10
13.0245704651,80.228767395,46308,46319,11
13.0250196457,80.2294006348,46319,46329,10
13.0255298615,80.2300796509,46329,46339,10
13.0258598328,80.2306365967,46339,46349,10
13.0259199142,80.2307815552,46349,46359,10
13.0259799957,80.2311477661,46359,46369,10
13.0262699127,80.2312393188,46369,46379,10
13.027009964,80.2310714722,46379,46389,10
13.0277996063,80.2309188843,46389,46399,10
13.0284204483,80.2308807373,46399,46409,10
13.0287799835,80.2308273315,46409,46419,10
13.0289802551,80.230796814,46419,46429,10
13.0290899277,80.2308120728,46429,46440,11
13.0294399261,80.2307434082,46440,46456,16
13.0302600861,80.2306594849,46456,46468,12
13.0306901932,80.2306289673,46468,46476,8
13.0311002731,80.2306137085,46476,46488,12
13.0319595337,80.2305679321,46488,46499,11
13.0327701569,80.2305221558,46499,46509,10
13.0336799622,80.230430603,46509,46539,30
13.0336799622,80.230430603,46539,46549,10
13.0337600708,80.2304534912,46549,46560,11
13.0342197418,80.2304000854,46560,46570,10
13.034740448,80.2302627563,46570,46630,60
13.034740448,80.2302627563,46630,46640,10
13.0350503922,80.2301177979,46640,46650,10
13.0351200104,80.2298583984,46650,46660,10
13.0347900391,80.2297821045,46660,46671,11
13.0343904495,80.2297363281,46671,46923,252
13.0343904495,80.2297363281,46923,46933,10
13.0340795517,80.2299728394,46933,47437,504
13.0343103409,80.2298431396,47437,48244,807
13.0343103409,80.2298431396,48244,48254,10
13.0341997147,80.2300796509,48254,48264,10
13.0341997147,80.2301101685,48264,48274,10
13.0339698792,80.2304077148,48274,48294,20
13.0339698792,80.2304077148,48294,48304,10
13.0338897705,80.2304000854,48304,48315,11
13.0334196091,80.230430603,48315,48325,10
13.03262043,80.2304992676,48325,48335,10
13.0318698883,80.2305984497,48335,48345,10
13.0311002731,80.2306594849,48345,48355,10
13.0304403305,80.2307281494,48355,48365,10
13.0301399231,80.2307662964,48365,48374,9
13.0299501419,80.230796814,48374,48446,72
13.0299501419,80.230796814,48446,48456,10
13.0295801163,80.2308502197,48456,48466,10
13.0291795731,80.2308883667,48466,48476,10
13.028459549,80.2309570313,48476,48486,10
13.0278396606,80.231010437,48486,48496,10
13.0277004242,80.231338501,48496,48506,10
13.027759552,80.2320404053,48506,48515,9
13.0278701782,80.2327194214,48515,48525,10
13.0273199081,80.2329025269,48525,48536,11
13.0267400742,80.2329788208,48536,48577,41
13.0267400742,80.2329788208,48577,48587,10
13.0265197754,80.2330169678,48587,48597,10
13.0262699127,80.2326278687,48597,48607,10
13.0260601044,80.2318496704,48607,48617,10
13.0258998871,80.2312393188,48617,48627,10
13.025639534,80.230506897,48627,48637,10
13.0250902176,80.2296676636,48637,48647,10
13.0244197845,80.2287826538,48647,48657,10
13.0237998962,80.2280578613,48657,48668,11
13.0229797363,80.2273788452,48668,48688,20
13.0229797363,80.2273788452,48688,48698,10
13.0227203369,80.2271575928,48698,48708,10
13.0223999023,80.2266998291,48708,48718,10
13.0217695236,80.2261505127,48718,48734,16
13.0204296112,80.2251586914,48734,48747,13
13.0193004608,80.2245025635,48747,48757,10
13.0181798935,80.2247314453,48757,48767,10
13.0169801712,80.2252120972,48767,48777,10
13.0160303116,80.2256011963,48777,48788,11
13.0150995255,80.2259368896,48788,48798,10
13.0144901276,80.2261962891,48798,48808,10
13.014289856,80.2262878418,48808,48818,10
13.0141000748,80.226348877,48818,48827,9
13.0136995316,80.2264862061,48827,48838,11
13.0127496719,80.2268295288,48838,48849,11
13.0118103027,80.2271881104,48849,48859,10
13.01060009,80.2276763916,48859,48869,10
13.0096702576,80.2279510498,48869,48879,10
13.0096502304,80.2273178101,48879,48889,10
13.0100002289,80.2265319824,48889,48899,10
13.0104198456,80.2256088257,48899,48910,11
13.0108203888,80.2246627808,48910,48920,10
13.0111598969,80.2238616943,48920,48930,10
13.0113897324,80.2232131958,48930,48940,10
13.0116300583,80.2225570679,48940,48949,9
13.0119695663,80.2217330933,48949,48960,11
13.0121603012,80.2211380005,48960,48970,10
13.0120601654,80.2207183838,48970,48981,11
13.0118398666,80.2199783325,48981,48991,10
13.0115404129,80.2190093994,48991,49001,10
13.0112600327,80.218208313,49001,49011,10
13.0109195709,80.2174224854,49011,49022,11
13.0105199814,80.216506958,49022,49032,10
13.0101203918,80.2158203125,49032,49042,10
13.0098400116,80.2152023315,49042,49052,10
13.0094804764,80.2147064209,49052,49062,10
13.0089797974,80.2140579224,49062,49072,10
13.0081195831,80.2132797241,49072,49102,30
13.0081195831,80.2132797241,49102,49112,10
13.0079298019,80.2132034302,49112,49163,51
13.0079298019,80.2132034302,49163,49173,10
13.0077400208,80.2129821777,49173,49183,10
13.0073699951,80.2128219604,49183,49193,10
13.0069303513,80.2127380371,49193,49203,10
13.0063800812,80.2127685547,49203,49213,10
13.0058002472,80.2130126953,49213,49223,10
13.005200386,80.212677002,49223,49233,10
13.0045795441,80.2123184204,49233,49243,10
13.0038204193,80.212097168,49243,49254,11
13.0031499863,80.2120819092,49254,49264,10
13.0025196075,80.2121582031,49264,49274,10
13.001999855,80.2124176025,49274,49284,10
13.001540184,80.2127380371,49284,49294,10
13.0010700226,80.2130966187,49294,49304,10
13.000579834,80.2135162354,49304,49314,10
13.0000896454,80.2139892578,49314,49324,10
12.999710083,80.2143478394,49324,49364,40
12.999710083,80.2143478394,49364,49375,11
12.9996404648,80.2143936157,49375,49385,10
12.9993600845,80.2146377563,49385,49395,10
12.9991102219,80.2148895264,49395,49405,10
12.9987802505,80.2151565552,49405,49415,10
12.9982595444,80.215637207,49415,49425,10
12.997469902,80.2163391113,49425,49455,30
12.997469902,80.2163391113,49455,49465,10
12.9973402023,80.2163391113,49465,49475,10
12.9971199036,80.2165374756,49475,49485,10
12.9965696335,80.2165603638,49485,49496,11
12.9958400726,80.2166976929,49496,49506,10
12.9952001572,80.2169494629,49506,49516,10
12.9949197769,80.2171478271,49516,49526,10
12.9945497513,80.2174072266,49526,49536,10
12.994099617,80.2177581787,49536,49546,10
12.9935998917,80.2181015015,49546,49556,10
12.9930200577,80.2185134888,49556,49566,10
12.9923801422,80.21900177,49566,49576,10
12.9917001724,80.2194976807,49576,49586,10
12.9911403656,80.2198867798,49586,49596,10
12.9908895493,80.2200775146,49596,49607,11
12.9908800125,80.2200927734,49607,49617,10
12.9906997681,80.2202835083,49617,49627,10
12.9902095795,80.2206802368,49627,49637,10
12.9896602631,80.2212600708,49637,49647,10
12.9894504547,80.2214813232,49647,49657,10
12.9892396927,80.2217636108,49657,49667,10
12.9888401031,80.2222213745,49667,49677,10
12.9882602692,80.2227630615,49677,49687,10
12.9876804352,80.2231216431,49687,49707,20
12.9876804352,80.2231216431,49707,49717,10
12.9874200821,80.2230987549,49717,49728,11
12.9870996475,80.2230606079,49728,49738,10
12.9867601395,80.2230224609,49738,49748,10
12.9862298965,80.2229766846,49748,49758,10
12.9856300354,80.2231063843,49758,49768,10
12.9854202271,80.2233276367,49768,49778,10
12.985159874,80.2232818604,49778,49788,10
12.9846496582,80.2230377197,49788,49798,10
12.9840402603,80.2226715088,49798,49808,10
12.9833202362,80.2222290039,49808,49838,30
12.9833202362,80.2222290039,49838,49849,11
12.9830102921,80.222038269,49849,49859,10
12.9826097488,80.2218780518,49859,49869,10
12.9820995331,80.2217102051,49869,49879,10
12.9815597534,80.221321106,49879,49889,10
12.9808397293,80.2210769653,49889,49899,10
12.9800395966,80.2211227417,49899,49909,10
12.9792098999,80.2211608887,49909,49919,10
12.9784097672,80.2211685181,49919,49929,10
12.9776601791,80.2211914063,49929,49939,10
12.9770002365,80.2212371826,49939,49949,10
12.9764604568,80.221206665,49949,49959,10
12.9760503769,80.221321106,49959,49970,11
12.9756202698,80.2210388184,49970,50000,30
12.9756202698,80.2210388184,50000,50010,10
12.9755001068,80.2208862305,50010,50020,10
12.9751901627,80.2207107544,50020,50030,10
12.9746303558,80.220451355,50030,50040,10
12.9741096497,80.2202224731,50040,50050,10
12.9739398956,80.220123291,50050,50060,10
12.9736003876,80.2199630737,50060,50070,10
12.9729499817,80.2197189331,50070,50081,11
12.9720697403,80.2194137573,50081,50091,10
12.9712696075,80.2191619873,50091,50111,20
12.9712696075,80.2191619873,50111,50121,10
12.9709796906,80.2190628052,50121,50131,10
12.970459938,80.2188186646,50131,50141,10
12.9697504044,80.218536377,50141,50151,10
12.9690799713,80.2182617188,50151,50161,10
12.9684200287,80.2179870605,50161,50171,10
12.9676904678,80.2177124023,50171,50181,10
12.9668903351,80.217376709,50181,50190,9
12.9659900665,80.2170410156,50190,50202,12
12.9646997452,80.2165374756,50202,50212,10
12.9637403488,80.2161178589,50212,50222,10
12.9629602432,80.2157669067,50222,50232,10
12.9620704651,80.2154312134,50232,50242,10
12.9610795975,80.2150497437,50242,50252,10
12.9600801468,80.2146682739,50252,50262,10
12.9591398239,80.2142868042,50262,50272,10
12.9581804276,80.2138977051,50272,50282,10
12.9572200775,80.2135009766,50282,50292,10
12.9562397003,80.2131195068,50292,50302,10
12.9552602768,80.2127609253,50302,50312,10
12.95429039,80.2123718262,50312,50323,11
12.9532499313,80.2119598389,50323,50333,10
12.9522695541,80.2115783691,50333,50343,10
12.9512996674,80.2112121582,50343,50353,10
12.950340271,80.2108306885,50353,50363,10
12.9494199753,80.2104721069,50363,50373,10
12.948559761,80.2101287842,50373,50383,10
12.9476604462,80.2097625732,50383,50393,10
12.9466199875,80.2093582153,50393,50403,10
12.9455604553,80.2089385986,50403,50413,10
12.9442396164,80.2084197998,50413,50434,21
12.9442396164,80.2084197998,50434,50444,10
12.9440002441,80.2082977295,50444,50454,10
12.9434499741,80.2080688477,50454,50464,10
12.9428596497,80.2075881958,50464,50474,10
12.94231987,80.2069396973,50474,50484,10
12.941570282,80.2063369751,50484,50494,10
12.9410200119,80.2060165405,50494,50504,10
12.9409503937,80.2059783936,50504,50514,10
12.9406900406,80.2058868408,50514,50524,10
12.9403400421,80.2057723999,50524,50534,10
12.9398202896,80.2056121826,50534,50544,10
12.9391403198,80.2053909302,50544,50555,11
12.9383201599,80.2051391602,50555,50565,10
12.9375801086,80.2049179077,50565,50575,10
12.9367198944,80.2046813965,50575,50585,10
12.9357995987,80.2044219971,50585,50595,10
12.9348497391,80.2040176392,50595,50605,10
12.9337100983,80.203918457,50605,50625,20
12.9337100983,80.203918457,50625,50635,10
12.9333400726,80.2038574219,50635,50645,10
12.9327001572,80.2035980225,50645,50655,10
12.9319000244,80.203338623,50655,50665,10
12.9310102463,80.2030487061,50665,50676,11
12.9305095673,80.2029190063,50676,50686,10
12.9299602509,80.2028427124,50686,50696,10
12.929479599,80.2027893066,50696,50706,10
12.9294500351,80.2027816772,50706,50716,10
12.9293403625,80.2027587891,50716,50726,10
12.9289398193,80.2026824951,50726,50736,10
12.9285001755,80.2023696899,50736,50746,10
12.9284496307,80.2016296387,50746,50756,10
12.9284200668,80.2007827759,50756,50766,10
12.928319931,80.1998214722,50766,50776,10
12.927980423,80.1989517212,50776,50792,16
12.9270000458,80.1978225708,50792,50805,13
12.9258899689,80.1975021362,50805,50815,10
12.9254398346,80.1975097656,50815,50825,10
12.925160408,80.1974868774,50825,50835,10
12.9245300293,80.1975021362,50835,50845,10
12.9238595963,80.1974868774,50845,50855,10
12.9230604172,80.1974182129,50855,50865,10
12.9226198196,80.1973495483,50865,50875,10
12.9225702286,80.1973495483,50875,50885,10
12.9223403931,80.1973190308,50885,50905,20
12.9223403931,80.1973190308,50905,50916,11
12.9220199585,80.1972732544,50916,50926,10
12.9218997955,80.1972427368,50926,50936,10
12.921500206,80.1970977783,50936,50946,10
12.9208602905,80.1968688965,50946,50956,10
12.9201498032,80.1966094971,50956,50966,10
12.9194297791,80.1963272095,50966,50975,9
12.9189100266,80.195930481,50975,50986,11
12.9183397293,80.1953811646,50986,50996,10
12.9176902771,80.1947784424,50996,51006,10
12.917140007,80.1942214966,51006,51016,10
12.9171199799,80.194190979,51016,51027,11
12.9169902802,80.193939209,51027,51037,10
12.9169902802,80.1933364868,51037,51047,10
12.917090416,80.1925201416,51047,51057,10
12.9172000885,80.19190979,51057,51067,10
12.91726017,80.1912384033,51067,51077,10
12.9172697067,80.1911773682,51077,51087,10
12.9172801971,80.1910705566,51087,51097,10
12.9173402786,80.190536499,51097,51107,10
12.9174699783,80.1897201538,51107,51117,10
12.9178800583,80.1888198853,51117,51127,10
12.9185600281,80.1880569458,51127,51137,10
12.9190597534,80.1875076294,51137,51148,11
12.9196901321,80.1867828369,51148,51158,10
12.9204101563,80.1859207153,51158,51168,10
12.9204597473,80.1848983765,51168,51178,10
12.9202804565,80.1841430664,51178,51187,9
12.9201602936,80.18359375,51187,51198,11
12.9199800491,80.1827697754,51198,51208,10
12.9197998047,80.1820373535,51208,51218,10
12.9196395874,80.1812210083,51218,51228,10
12.9194202423,80.1802062988,51228,51238,10
12.9190797806,80.1792373657,51238,51248,10
12.9184398651,80.1783676147,51248,51258,10
12.9181804657,80.1773605347,51258,51269,11
12.9184398651,80.176071167,51269,51279,10
12.9187602997,80.1748428345,51279,51289,10
12.9190502167,80.1736526489,51289,51299,10
12.9193696976,80.1724319458,51299,51309,10
12.9196596146,80.17137146,51309,51319,10
12.9198198318,80.1708374023,51319,51329,10
12.9198303223,80.1708221436,51329,51339,10
12.919960022,80.1704177856,51339,51349,10
12.9202003479,80.1696624756,51349,51359,10
12.9204998016,80.1687164307,51359,51369,10
12.9207897186,80.1678237915,51369,51379,10
12.9210596085,80.1669616699,51379,51390,11
12.9213695526,80.1660232544,51390,51400,10
12.9216995239,80.1649780273,51400,51410,10
12.9220600128,80.1638565063,51410,51426,16
12.9225702286,80.1622009277,51426,51438,12
12.9229602814,80.1610031128,51438,51446,8
12.9230604172,80.1606521606,51446,51458,12
12.9231500626,80.1603775024,51458,51468,10
12.9232997894,80.1597366333,51468,51478,10
12.9233903885,80.1588287354,51478,51488,10
12.923500061,80.1577835083,51488,51497,9
12.9235801697,80.1569137573,51497,51509,12
12.9236402512,80.1559524536,51509,51519,10
12.9234399796,80.1551818848,51519,51529,10
12.9232902527,80.1545181274,51529,51539,10
12.9231004715,80.1537704468,51539,51549,10
12.9229202271,80.1530227661,51549,51559,10
12.9227104187,80.1521377563,51559,51569,10
12.922659874,80.1512374878,51569,51579,10
12.9226303101,80.1502685547,51579,51589,10
12.9225997925,80.1493835449,51589,51599,10
12.9225597382,80.1485519409,51599,51609,10
12.9225502014,80.1477432251,51609,51620,11
12.922539711,80.1469116211,51620,51630,10
12.922539711,80.1468276978,51630,51640,10
12.9225502014,80.1466064453,51640,51650,10
12.922539711,80.1459732056,51650,51660,10
12.9225196838,80.1451263428,51660,51670,10
12.9224901199,80.1441421509,51670,51680,10
12.9224500656,80.1434173584,51680,51690,10
12.922419548,80.1429824829,51690,51700,10
12.922419548,80.1424789429,51700,51710,10
12.922419548,80.1419830322,51710,51720,10
12.9224004745,80.1417236328,51720,51730,10
12.9224004745,80.141708374,51730,51741,11
12.9224004745,80.1415863037,51741,51751,10
12.9223899841,80.1411437988,51751,51761,10
12.9223804474,80.1405792236,51761,51771,10
12.9223899841,80.1400985718,51771,51781,10
12.9223804474,80.1393737793,51781,51791,10
12.922419548,80.1385421753,51791,51801,10
12.9224596024,80.1376190186,51801,51811,10
12.9225101471,80.1366729736,51811,51821,10
12.9225502014,80.1356201172,51821,51831,10
12.9225702286,80.1346130371,51831,51841,10
12.9226198196,80.1336364746,51841,51851,10
12.9226398468,80.1327362061,51851,51862,11
12.922659874,80.131942749,51862,51872,10
12.9226799011,80.1312713623,51872,51882,10
12.9226799011,80.1311416626,51882,51892,10
12.9227199554,80.1305999756,51892,51902,10
12.9227800369,80.1298370361,51902,51912,10
12.9228401184,80.1290206909,51912,51922,10
12.9228801727,80.1282501221,51922,51932,10
12.9228897095,80.1274185181,51932,51942,10
12.9229097366,80.1265335083,51942,51952,10
12.9229202271,80.1257324219,51952,51962,10
12.922949791,80.1250610352,51962,51973,11
12.9229898453,80.124130249,51973,51983,10
12.9230298996,80.1231536865,51983,51993,10
12.9230604172,80.1221618652,51993,52003,10
12.923119545,80.1212005615,52003,52013,10
12.9231700897,80.1206970215,52013,52023,10
12.9231996536,80.1205673218,52023,52043,20
12.9231996536,80.1205673218,52043,52053,10
12.9231996536,80.1203765869,52053,52063,10
12.9232702255,80.1199111938,52063,52073,10
12.9232902527,80.1192169189,52073,52083,10
12.9233198166,80.1184387207,52083,52094,11
12.9234304428,80.1175918579,52094,52104,10
12.9234399796,80.1168899536,52104,52144,40
12.9234399796,80.1168899536,52144,52154,10
12.9235601425,80.1167221069,52154,52164,10
12.9235897064,80.1169433594,52164,52174,10
12.9235200882,80.1173706055,52174,52184,10
12.9236402512,80.1177520752,52184,52194,10
12.9236497879,80.1178512573,52194,52204,10
12.9235801697,80.1182327271,52204,52216,12
12.9235200882,80.1190414429,52216,52226,10
12.9233999252,80.1197967529,52226,52236,10
12.9233398438,80.1203994751,52236,52246,10
12.9232997894,80.1209411621,52246,52256,10
12.9232902527,80.1211090088,52256,52266,10
12.9232597351,80.121383667,52266,52276,10
12.9232397079,80.12159729,52276,52286,10
12.9232997894,80.1218566895,52286,52579,293
12.9232997894,80.1218566895,52579,52589,10
12.9232501984,80.122253418,52589,52599,10
12.923210144,80.1229019165,52599,52609,10
12.9231700897,80.1236801147,52609,52619,10
12.923119545,80.1245269775,52619,52629,10
12.9230699539,80.125541687,52629,52659,30
12.9230699539,80.125541687,52659,52669,10
12.9230604172,80.1257705688,52669,52680,11
12.9230203629,80.1264266968,52680,52690,10
12.9230203629,80.1273117065,52690,52730,40
12.9230203629,80.1273117065,52730,52740,10
12.9230203629,80.1274185181,52740,52750,10
12.9229898453,80.1277770996,52750,52760,10
12.9229602814,80.1282272339,52760,52770,10
12.9229001999,80.1288070679,52770,52780,10
12.9228601456,80.1295089722,52780,52790,10
12.922829628,80.1301574707,52790,52801,11
12.922829628,80.1308822632,52801,52811,10
12.9228000641,80.1315231323,52811,52821,10
12.9227600098,80.1322937012,52821,52831,10
12.9227304459,80.1330718994,52831,52841,10
12.9226703644,80.1339263916,52841,52851,10
12.9226198196,80.1348266602,52851,52861,10
12.9225902557,80.1356964111,52861,52871,10
12.9225502014,80.1365432739,52871,52881,10
12.9225101471,80.1373519897,52881,52891,10
12.9224796295,80.138168335,52891,52901,10
12.922419548,80.1389389038,52901,52911,10
12.922419548,80.1397476196,52911,52922,11
12.9224100113,80.1406478882,52922,52932,10
12.9224300385,80.1415634155,52932,52948,16
12.9225101471,80.1433105469,52948,52969,21
12.9225101471,80.1433105469,52969,52978,9
12.9224996567,80.1433563232,52978,52990,12
12.9224996567,80.1438293457,52990,53000,10
12.9225196838,80.1445617676,53000,53008,8
12.9225502014,80.1453170776,53008,53019,11
12.9225797653,80.1464233398,53019,53030,11
12.9226398468,80.1471099854,53030,53041,11
12.9226303101,80.147277832,53041,53050,9
12.9226398468,80.1476669312,53050,53061,11
12.9226303101,80.1484603882,53061,53071,10
12.922659874,80.1492462158,53071,53080,9
12.9226999283,80.1500015259,53080,53091,11
12.9227199554,80.1508483887,53091,53101,10
12.9227399826,80.1516189575,53101,53110,9
12.9227895737,80.1522674561,53110,53120,10
12.9229898453,80.1531524658,53120,53131,11
12.9232597351,80.1541671753,53131,53141,10
12.9235095978,80.1551437378,53141,53151,10
12.9237003326,80.1561279297,53151,53162,11
12.9236097336,80.1572189331,53162,53172,10
12.9235200882,80.158203125,53172,53182,10
12.92345047,80.1591873169,53182,53192,10
12.9233703613,80.1600112915,53192,53202,10
12.923330307,80.1602783203,53202,53212,10
12.9232501984,80.1605834961,53212,53222,10
12.9230604172,80.1611175537,53222,53232,10
12.9227895737,80.1619567871,53232,53242,10
12.9224901199,80.1628494263,53242,53252,10
12.9221897125,80.1637573242,53252,53262,10
12.9218902588,80.1647415161,53262,53273,11
12.9215297699,80.1658477783,53273,53283,10
12.921210289,80.166847229,53283,53293,10
12.9209003448,80.1678237915,53293,53303,10
12.9205598831,80.1687927246,53303,53313,10
12.9202699661,80.1697769165,53313,53323,10
12.920009613,80.1706390381,53323,53333,10
12.9198999405,80.1710205078,53333,53343,10
12.9197797775,80.17137146,53343,53353,10
12.9195995331,80.1720809937,53353,53363,10
12.9193401337,80.1730194092,53363,53373,10
12.9190797806,80.1740570068,53373,53383,10
12.9188203812,80.1751022339,53383,53394,11
12.9185199738,80.1762237549,53394,53404,10
12.9183597565,80.177116394,53404,53414,10
12.9183397293,80.178062439,53414,53424,10
12.9188804626,80.1788330078,53424,53434,10
12.9194002151,80.1797180176,53434,53444,10
12.9196100235,80.180770874,53444,53454,10
12.9198503494,80.1818771362,53454,53464,10
12.9200401306,80.1828918457,53464,53474,10
12.92029953,80.183883667,53474,53484,10
12.9204998016,80.1847763062,53484,53494,10
12.9205999374,80.1851196289,53494,53504,10
12.9206495285,80.1854629517,53504,53515,11
12.9204998016,80.1860275269,53515,53525,10
12.9199800491,80.186630249,53525,53535,10
12.919380188,80.1873168945,53535,53545,10
12.9188604355,80.1879119873,53545,53555,10
12.9182901382,80.1885528564,53555,53565,10
12.9177703857,80.1892318726,53565,53575,10
12.9174995422,80.1900405884,53575,53585,10
12.9173803329,80.1909103394,53585,53595,10
12.9172697067,80.1918106079,53595,53605,10
12.9172000885,80.1923904419,53605,53615,10
12.917140007,80.1930084229,53615,53625,10
12.9171199799,80.1931381226,53625,53636,11
12.9170799255,80.1934967041,53636,53646,10
12.9171600342,80.1941223145,53646,53656,10
12.917599678,80.1946792603,53656,53666,10
12.9182100296,80.1952133179,53666,53676,10
12.918800354,80.1957397461,53676,53686,10
12.9194202423,80.1962203979,53686,53696,10
12.9201898575,80.1965637207,53696,53706,10
12.920999527,80.1968307495,53706,53716,10
12.9217700958,80.1971206665,53716,53726,10
12.9226198196,80.197303772,53726,53736,10
12.9234304428,80.1974029541,53736,53747,11
12.924249649,80.1974411011,53747,53757,10
12.925069809,80.1974411011,53757,53767,10
12.9253702164,80.1974487305,53767,53777,10
12.9258403778,80.1974411011,53777,53787,10
12.9265604019,80.1975784302,53787,53797,10
12.9273099899,80.1979827881,53797,53807,10
12.9278402328,80.1985626221,53807,53816,9
12.9281797409,80.1992416382,53816,53827,11
12.928440094,80.2001724243,53827,53837,10
12.9284696579,80.2010192871,53837,53847,10
12.9285297394,80.201789856,53847,53857,10
12.928609848,80.202507019,53857,53868,11
12.9293804169,80.2027130127,53868,53878,10
12.9301395416,80.202796936,53878,53888,10
12.9308900833,80.2029571533,53888,53898,10
12.9317398071,80.2032318115,53898,53908,10
12.9324798584,80.2034835815,53908,53918,10
12.9330596924,80.2036819458,53918,53928,10
12.9336395264,80.2038269043,53928,53938,10
12.9340600967,80.2038574219,53938,53958,20
12.9340600967,80.2038574219,53958,53968,10
12.9341697693,80.2038803101,53968,53979,11
12.9346399307,80.2039413452,53979,53989,10
12.9352903366,80.2041397095,53989,53999,10
12.9359903336,80.2044219971,53999,54009,10
12.9367303848,80.2046279907,54009,54019,10
12.9374704361,80.2048416138,54019,54029,10
12.9382400513,80.2050628662,54029,54039,10
12.939040184,80.2052993774,54039,54049,10
12.9398097992,80.2055282593,54049,54059,10
12.9400100708,80.2055892944,54059,54069,10
12.9402599335,80.2056732178,54069,54079,10
12.940779686,80.2058410645,54079,54089,10
12.9413404465,80.2061004639,54089,54100,11
12.9419202805,80.206489563,54100,54110,10
12.9422597885,80.2067718506,54110,54120,10
12.9427604675,80.2072601318,54120,54130,10
12.9432697296,80.2078781128,54130,54140,10
12.9440498352,80.2082214355,54140,54150,10
12.944849968,80.2085189819,54150,54160,10
12.9457302094,80.2088394165,54160,54170,10
12.9465999603,80.2091827393,54170,54180,10
12.9473800659,80.2094802856,54180,54190,10
12.9481201172,80.2097702026,54190,54200,10
12.9489202499,80.2100830078,54200,54210,10
12.9497900009,80.2104187012,54210,54221,11
12.9508199692,80.2108306885,54221,54231,10
12.951669693,80.2111816406,54231,54247,16
12.9529399872,80.2116928101,54247,54259,12
12.9538898468,80.2120819092,54259,54269,10
12.9545202255,80.2123336792,54269,54277,8
12.9552497864,80.2126083374,54277,54288,11
12.9561700821,80.2129821777,54288,54300,12
12.9572095871,80.2133789063,54300,54310,10
12.9581003189,80.2137374878,54310,54320,10
12.9589700699,80.2141036987,54320,54330,10
12.959810257,80.2144393921,54330,54340,10
12.9606800079,80.2147903442,54340,54352,12
12.9617004395,80.2151794434,54352,54362,10
12.9625196457,80.2154922485,54362,54372,10
12.9632701874,80.2157897949,54372,54382,10
12.9635295868,80.2159118652,54382,54392,10
12.9637403488,80.2159805298,54392,54402,10
12.9643201828,80.2162322998,54402,54412,10
12.9650602341,80.2165374756,54412,54422,10
12.9658603668,80.2168579102,54422,54432,10
12.9665203094,80.2171173096,54432,54442,10
12.9671497345,80.217376709,54442,54453,11
12.9678201675,80.2176589966,54453,54463,10
12.968460083,80.2179031372,54463,54473,10
12.9693002701,80.2182312012,54473,54483,10
12.970199585,80.2185897827,54483,54493,10
12.9710197449,80.2189178467,54493,54503,10
12.9718799591,80.2192611694,54503,54513,10
12.9725904465,80.2195205688,54513,54523,10
12.9733896255,80.2198410034,54523,54533,10
12.9741296768,80.2201385498,54533,54543,10
12.9751796722,80.2205810547,54543,54634,91
12.9751796722,80.2205810547,54634,54644,10
12.9755401611,80.2207565308,54644,54654,10
12.9760398865,80.2211608887,54654,54674,20
12.9760398865,80.2211608887,54674,54684,10
12.9762201309,80.2211608887,54684,54695,11
12.9766702652,80.2211685181,54695,54705,10
12.9770803452,80.2211914063,54705,54715,10
12.9777002335,80.2211380005,54715,54725,10
12.9784002304,80.2211074829,54725,54735,10
12.9791002274,80.2210769653,54735,54745,10
12.9797697067,80.220993042,54745,54755,10
12.9805498123,80.2209472656,54755,54765,10
12.9812803268,80.2211074829,54765,54775,10
12.9818601608,80.2214813232,54775,54785,10
12.9819602966,80.2215499878,54785,54795,10
12.982219696,80.2216873169,54795,54806,11
12.9827899933,80.2218780518,54806,54816,10
12.9828996658,80.2219390869,54816,54826,10
12.9832000732,80.2221374512,54826,54836,10
12.983590126,80.2223892212,54836,54846,10
12.9839601517,80.2225799561,54846,54866,20
12.9839601517,80.2225799561,54866,54876,10
12.9841499329,80.2227020264,54876,54886,10
12.9843997955,80.2228469849,54886,54896,10
12.9846897125,80.2230529785,54896,54906,10
12.9850997925,80.2232208252,54906,54922,16
12.9856595993,80.2229919434,54922,54935,13
12.9863996506,80.2229385376,54935,54945,10
12.9868402481,80.2229995728,54945,54955,10
12.9873600006,80.2230834961,54955,54964,9
12.9875402451,80.2230834961,54964,54976,12
12.9881000519,80.2227706909,54976,54986,10
12.9886903763,80.2222518921,54986,54996,10
12.9891500473,80.2217712402,54996,55006,10
12.9895801544,80.2211990356,55006,55015,9
12.9900598526,80.2206726074,55015,55025,10
12.9906797409,80.2201766968,55025,55036,11
12.991230011,80.2197113037,55036,55047,11
12.9915504456,80.2194519043,55047,55057,10
12.9919996262,80.2191619873,55057,55067,10
12.9925603867,80.21875,55067,55077,10
12.9932403564,80.2182388306,55077,55087,10
12.9938402176,80.2177810669,55087,55097,10
12.9944601059,80.2173233032,55097,55107,10
12.9947500229,80.2171096802,55107,55117,10
12.9951400757,80.2168731689,55117,55127,10
12.9957399368,80.2166213989,55127,55137,10
12.9964799881,80.2164764404,55137,55147,10
12.997130394,80.2163619995,55147,55158,11
12.9975595474,80.2159805298,55158,55168,10
12.9977302551,80.2158813477,55168,55178,10
12.9981403351,80.2155227661,55178,55188,10
12.9985799789,80.215133667,55188,55198,10
12.9990501404,80.2147293091,55198,55208,10
12.9993200302,80.2145080566,55208,55218,10
12.9997596741,80.2141265869,55218,55228,10
13.0000896454,80.2138519287,55228,55238,10
13.000670433,80.2133178711,55238,55248,10
13.0011796951,80.212890625,55248,55258,10
13.0017299652,80.2124786377,55258,55268,10
13.0021295547,80.2122497559,55268,55279,11
13.0027999878,80.2120666504,55279,55289,10
13.0034799576,80.2120132446,55289,55299,10
13.0040197372,80.2120132446,55299,55309,10
13.0045604706,80.2122421265,55309,55319,10
13.0050802231,80.2125167847,55319,55329,10
13.0054302216,80.2127227783,55329,55339,10
13.0055503845,80.2127990723,55339,55349,10
13.0058202744,80.2128982544,55349,55359,10
13.0063400269,80.2127227783,55359,55369,10
13.0069303513,80.2127075195,55369,55378,9
13.0078401566,80.2130584717,55378,55410,32
13.0078401566,80.2130584717,55410,55420,10
13.0080099106,80.2131576538,55420,55430,10
13.0082798004,80.2133026123,55430,55440,10
13.0086803436,80.2136001587,55440,55450,10
13.0091495514,80.2142181396,55450,55460,10
13.0095901489,80.2148895264,55460,55470,10
13.0099897385,80.2153930664,55470,55480,10
13.0105400085,80.2160415649,55480,55490,10
13.0108098984,80.2168121338,55490,55500,10
13.0111703873,80.2175598145,55500,55510,10
13.0114402771,80.2183990479,55510,55521,11
13.0117797852,80.2193908691,55521,55531,10
13.0120697021,80.2202835083,55531,55541,10
13.0123701096,80.2211074829,55541,55551,10
13.0126895905,80.2217330933,55551,55561,10
13.0132398605,80.2223815918,55561,55571,10
13.0137300491,80.2229919434,55571,55581,10
13.0140399933,80.2233505249,55581,55591,10
13.0142803192,80.2236175537,55591,55601,10
13.0145301819,80.2239379883,55601,55611,10
13.0150003433,80.2245178223,55611,55621,10
13.0154600143,80.2249069214,55621,55632,11
13.0155496597,80.2249908447,55632,55642,10
13.0156898499,80.2251205444,55642,55652,10
13.016169548,80.2252807617,55652,55662,10
13.0168199539,80.2251281738,55662,55672,10
13.0176000595,80.2248306274,55672,55682,10
13.0186195374,80.2244186401,55682,55698,16
13.019610405,80.2243881226,55698,55710,12
13.0197601318,80.2245101929,55710,55718,8
13.0200901031,80.2247924805,55718,55730,12
13.0208997726,80.2253570557,55730,55740,10
13.0214595795,80.2257919312,55740,55750,10
13.02202034,80.2261886597,55750,55761,11
13.0223302841,80.2264709473,55761,55771,10
13.0224399567,80.2265701294,55771,55781,10
13.0224895477,80.2266235352,55781,55791,10
13.0228099823,80.2269134521,55791,55801,10
13.0233097076,80.2273712158,55801,55809,8
13.0237598419,80.2277832031,55809,55822,13
13.0243501663,80.2284393311,55822,55832,10
13.0246496201,80.2288818359,55832,55842,10
13.0249996185,80.2293395996,55842,55852,10
13.0254201889,80.2298812866,55852,55862,10
13.0257797241,80.2304534912,55862,55873,11
13.0259399414,80.2308197021,55873,55883,10
13.0259799957,80.2311477661,55883,55892,9
13.0260696411,80.2312774658,55892,55903,11
13.0266199112,80.2311630249,55903,55913,10
13.027130127,80.2310409546,55913,55923,10
13.0277795792,80.2309265137,55923,55933,10
13.028429985,80.2308578491,55933,55943,10
13.0290203094,80.2308120728,55943,55953,10
13.0290603638,80.230796814,55953,55963,10
13.0293598175,80.2307662964,55963,55973,10
13.029800415,80.2307434082,55973,55984,11
13.0304002762,80.2306900024,55984,55994,10
13.030670166,80.2306671143,55994,56004,10
13.0311698914,80.2306213379,56004,56014,10
13.0318603516,80.2305831909,56014,56024,10
13.0322999954,80.2305297852,56024,56034,10
13.0329799652,80.2304763794,56034,56044,10
13.0336303711,80.2304611206,56044,56054,10
13.0343198776,80.2303771973,56054,56074,20
13.0343198776,80.2303771973,56074,56084,10
13.0344696045,80.2303619385,56084,56094,10
13.0348596573,80.2302093506,56094,56185,91
13.0348596573,80.2302093506,56185,56195,10
13.0350599289,80.2299575806,56195,56205,10
13.0350704193,80.2298583984,56205,56216,11
13.0350399017,80.2298431396,56216,56226,10
13.0346298218,80.2297973633,56226,56266,40
13.0344400406,80.2297821045,56266,56427,161
13.0344400406,80.2297821045,56427,56437,10
13.0342197418,80.230178833,56437,56508,71
13.0342197418,80.230178833,56508,56517,9
13.0340995789,80.2305221558,56517,56528,11
13.0335702896,80.2305374146,56528,56538,10
13.0328302383,80.2306213379,56538,56548,10
13.0321397781,80.2306671143,56548,56558,10
13.0314302444,80.23072052,56558,56569,11
13.0307197571,80.2307662964,56569,56579,10
13.0302400589,80.2308120728,56579,56589,10
13.0297203064,80.2308425903,56589,56599,10
13.0291996002,80.2309036255,56599,56609,10
13.0286397934,80.2309799194,56609,56619,10
13.028169632,80.2310333252,56619,56629,10
13.0277204514,80.2310562134,56629,56645,16
13.0277204514,80.2317428589,56645,56657,12
13.0278100967,80.2323913574,56657,56667,10
13.0277795792,80.2327880859,56667,56677,10
13.0271997452,80.2328720093,56677,56688,11
13.0268096924,80.232963562,56688,56738,50
13.0268096924,80.232963562,56738,56748,10
13.0266704559,80.2329711914,56748,56758,10
13.0263795853,80.2328720093,56758,56768,10
13.0262002945,80.2323226929,56768,56778,10
13.0260295868,80.2316665649,56778,56788,10
13.02602005,80.2316131592,56788,56799,11
13.0259304047,80.2312774658,56799,56808,9
13.0257396698,80.2306671143,56808,56819,11
13.025179863,80.2297515869,56819,56829,10
13.0247001648,80.2291564941,56829,56839,10
13.0246801376,80.2291488647,56839,56849,10
13.0244197845,80.2288513184,56849,56859,10
13.0240402222,80.2283096313,56859,56869,10
13.0234899521,80.2277069092,56869,56879,10
13.0228300095,80.2270812988,56879,56889,10
13.0220804214,80.2264404297,56889,56899,10
13.0213403702,80.2258605957,56899,56909,10
13.0204801559,80.2252120972,56909,56920,11
13.0195798874,80.2246170044,56920,56930,10
13.0186195374,80.2245407104,56930,56940,10
13.0176801682,80.2249069214,56940,56950,10
13.0168199539,80.2252731323,56950,56960,10
13.016289711,80.2255020142,56960,56970,10
13.0157403946,80.2256774902,56970,56980,10
13.0152301788,80.2258682251,56980,57000,20
13.0152301788,80.2258682251,57000,57010,10
13.0150499344,80.225982666,57010,57020,10
13.0149002075,80.2260284424,57020,57030,10
13.0146303177,80.2260894775,57030,57041,11
13.0142698288,80.2261962891,57041,57051,10
13.0141801834,80.2261581421,57051,57061,10
13.0141000748,80.2254104614,57061,57220,159
13.0141000748,80.2254104614,57220,57230,10
13.0146303177,80.2253417969,57230,57553,323
13.0146303177,80.2253417969,57553,57563,10
13.0145597458,80.2253723145,57563,57573,10
13.0145797729,80.2254714966,57573,57583,10
13.0143699646,80.2257614136,57583,57593,10
13.0142202377,80.2260665894,57593,57603,10
13.0141601563,80.2262573242,57603,57612,9
13.0137300491,80.2264404297,57612,57624,12
13.0129003525,80.2267837524,57624,57634,10
13.0120296478,80.2271194458,57634,57644,10
13.011059761,80.2275085449,57644,57654,10
13.0101604462,80.2278823853,57654,57664,10
13.0094804764,80.2278366089,57664,57674,10
13.0096797943,80.2272796631,57674,57684,10
13.010020256,80.2265625,57684,57694,10
13.0103998184,80.2257080078,57694,57704,10
13.0105495453,80.2253494263,57704,57714,10
13.0106296539,80.2251815796,57714,57724,10
13.0108003616,80.2247772217,57724,57734,10
13.01101017,80.2242584229,57734,57746,12
13.011300087,80.2235794067,57746,57755,9
13.0115003586,80.2233123779,57755,57766,11
13.0119400024,80.2235412598,57766,57776,10
13.0125102997,80.2238388062,57776,57786,10
13.0130796432,80.2241592407,57786,57796,10
13.0140199661,80.224647522,57796,57806,10
13.0147104263,80.2250289917,57806,57816,10
13.0152997971,80.2253723145,57816,57826,10
13.0160598755,80.2253723145,57826,57836,10
13.0171003342,80.2251205444,57836,57846,10
13.0182504654,80.224647522,57846,57854,8
13.0191402435,80.2243804932,57854,57867,13
13.0199604034,80.2247085571,57867,57877,10
13.0204000473,80.2250289917,57877,57887,10
13.0207796097,80.2253036499,57887,57897,10
13.0211896896,80.2256317139,57897,57907,10
13.0217103958,80.2260284424,57907,57917,10
13.022359848,80.2265701294,57917,57927,10
13.0229501724,80.2270812988,57927,57937,10
13.0234298706,80.2275238037,57937,57947,10
13.0240297318,80.2281265259,57947,57998,51
13.0240297318,80.2281265259,57998,58008,10
13.0242900848,80.2284927368,58008,58018,10
13.0245304108,80.2287826538,58018,58028,10
13.024769783,80.2291030884,58028,58044,16
13.0255403519,80.230140686,58044,58056,12
13.0259399414,80.230796814,58056,58097,41
13.0259399414,80.230796814,58097,58107,10
13.0260095596,80.2310562134,58107,58117,10
13.0261497498,80.2313919067,58117,58127,10
13.0266895294,80.2312698364,58127,58137,10
13.0274295807,80.2310714722,58137,58147,10
13.0281000137,80.23097229,58147,58156,9
13.0287704468,80.2308883667,58156,58167,11
13.029299736,80.2308197021,58167,58177,10
13.0293598175,80.2308120728,58177,58187,10
13.0296096802,80.230796814,58187,58197,10
13.0298995972,80.2308120728,58197,58207,10
13.0305404663,80.2307434082,58207,58218,11
13.0313100815,80.2306594849,58218,58228,10
13.0320501328,80.2305831909,58228,58238,10
13.0321598053,80.2305831909,58238,58248,10
13.032409668,80.2305679321,58248,58258,10
13.0326700211,80.2305297852,58258,58268,10
13.0327596664,80.2305221558,58268,58278,10
13.032959938,80.2305221558,58278,58288,10
13.0331602097,80.230506897,58288,58298,10
13.0333795547,80.2304992676,58298,58308,10
13.0335502625,80.230506897,58308,58318,10
13.0338096619,80.2304992676,58318,58329,11
13.034070015,80.2304382324,58329,58339,10
13.0341796875,80.230430603,58339,58349,10
13.0343704224,80.2304000854,58349,58359,10
13.0345401764,80.2303771973,58359,58369,10
13.0347499847,80.2303390503,58369,58429,60
13.0349502563,80.2300567627,58429,58450,21
13.0347700119,80.2299804688,58450,58722,272
13.0347700119,80.2299804688,58722,58732,10
13.0350103378,80.2300415039,58732,58742,10
13.0350599289,80.2299499512,58742,58752,10
13.0347003937,80.2298278809,58752,58843,91
13.0347003937,80.2298278809,58843,58853,10
13.0344400406,80.2298126221,58853,58873,20
13.0344400406,80.2298126221,58873,58883,10
13.0342998505,80.2297515869,58883,58893,10
13.0342102051,80.229850769,58893,58903,10
13.0342102051,80.2298965454,58903,58914,11
13.034239769,80.2300796509,58914,58974,60
13.034239769,80.2300796509,58974,58984,10
13.0341997147,80.2304000854,58984,58994,10
13.0340595245,80.2304916382,58994,59004,10
13.033780098,80.2304992676,59004,59014,10
13.0333003998,80.2305221558,59014,59024,10
13.032699585,80.2305679321,59024,59035,11
13.0319595337,80.2306518555,59035,59044,9
13.0312404633,80.2307128906,59044,59055,11
13.0305404663,80.230758667,59055,59065,10
13.0300197601,80.230796814,59065,59075,10
13.0295600891,80.2308731079,59075,59085,10
13.0290002823,80.2309036255,59085,59095,10
13.0282402039,80.23097229,59095,59105,10
13.0277099609,80.2310180664,59105,59115,10
13.0276298523,80.2312927246,59115,59125,10
13.0277204514,80.2319564819,59125,59135,10
13.0278596878,80.2325973511,59135,59145,10
13.0276699066,80.2328720093,59145,59156,11
13.0273504257,80.2329177856,59156,59172,16
13.0269498825,80.2329788208,59172,59184,12
13.0265598297,80.2330093384,59184,59193,9
13.0263204575,80.2327270508,59193,59204,11
13.0262403488,80.2324523926,59204,59214,10
13.0262298584,80.2323989868,59214,59223,9
13.0261297226,80.2320327759,59223,59233,10
13.0260000229,80.2315979004,59233,59244,11
13.0258798599,80.2310562134,59244,59254,10
13.0255804062,80.2303695679,59254,59264,10
13.0246896744,80.2292098999,59264,59295,31
13.0246896744,80.2292098999,59295,59305,10
13.0244598389,80.2289276123,59305,59315,10
13.0240697861,80.2284317017,59315,59324,9
13.023730278,80.2279968262,59324,59334,10
13.0236196518,80.2278900146,59334,59346,12
13.0230302811,80.2274169922,59346,59391,45
13.0230302811,80.2274169922,59391,59401,10
13.0228996277,80.2273406982,59401,59411,10
13.0228099823,80.2272567749,59411,59421,10
13.0225896835,80.2270202637,59421,59431,10
13.0221996307,80.2265396118,59431,59441,10
13.0215101242,80.2259597778,59441,59451,10
13.0207195282,80.2253570557,59451,59461,10
13.0199403763,80.2248535156,59461,59481,20
13.0199403763,80.2248535156,59481,59491,10
13.0196504593,80.2246627808,59491,59501,10
13.0189504623,80.2244796753,59501,59512,11
13.0178804398,80.2248687744,59512,59522,10
13.0167598724,80.2253417969,59522,59532,10
13.0158004761,80.2256774902,59532,59542,10
13.0150604248,80.225982666,59542,59552,10
13.0149297714,80.2260437012,59552,59562,10
13.0146903992,80.2261123657,59562,59572,10
13.0142202377,80.2263183594,59572,59582,10
13.0139598846,80.2264633179,59582,59592,10
13.0138998032,80.2264785767,59592,59602,10
13.0135498047,80.2265930176,59602,59612,10
13.0129804611,80.2267608643,59612,59623,11
13.0120697021,80.2271194458,59623,59642,19
13.0101299286,80.2278671265,59642,59654,12
13.0094404221,80.2276992798,59654,59664,10
13.0096502304,80.2272186279,59664,59674,10
13.0100002289,80.2265167236,59674,59684,10
13.0104198456,80.2256317139,59684,59692,8
13.0105895996,80.2252197266,59692,59705,13
13.01060009,80.225189209,59705,59715,10
13.0107698441,80.2248001099,59715,59725,10
13.011059761,80.2240982056,59725,59735,10
13.011349678,80.2234420776,59735,59746,11
13.0116596222,80.22265625,59746,59756,10
13.0118904114,80.2219467163,59756,59766,10
13.0120601654,80.2214431763,59766,59776,10
13.012140274,80.2210388184,59776,59786,10
13.0119800568,80.2205200195,59786,59796,10
13.0117101669,80.219619751,59796,59806,10
13.0114097595,80.2187194824,59806,59816,10
13.0110797882,80.2177886963,59816,59826,10
13.0106801987,80.2168807983,59826,59836,10
13.0103902817,80.2162704468,59836,59846,10
13.0101003647,80.2158126831,59846,59857,11
13.0096797943,80.2150192261,59857,59867,10
13.009180069,80.2143707275,59867,59877,10
13.0086803436,80.2137069702,59877,59887,10
13.008310318,80.2133789063,59887,59917,30
13.0081501007,80.2133102417,59917,59937,20
13.0081501007,80.2133102417,59937,59947,10
13.0080099106,80.2132492065,59947,59957,10
13.0080003738,80.2132415771,59957,59967,10
13.0078496933,80.2131500244,59967,59978,11
13.0078296661,80.2131271362,59978,59988,10
13.0076704025,80.2129592896,59988,59998,10
13.0071296692,80.2127914429,59998,60008,10
13.0064496994,80.2127532959,60008,60018,10
13.0058097839,80.2129974365,60018,60028,10
13.0051603317,80.2126312256,60028,60038,10
13.0044603348,80.2122497559,60038,60048,10
13.003660202,80.2120819092,60048,60058,10
13.0029096603,80.2121124268,60058,60068,10
13.0024595261,80.2121734619,60068,60078,10
13.0019397736,80.2124404907,60078,60089,11
13.0013303757,80.212890625,60089,60099,10
13.0007095337,80.2133712769,60099,60109,10
13.0000896454,80.2139434814,60109,60119,10
12.9996500015,80.2143325806,60119,60129,10
12.9991598129,80.2147598267,60129,60139,10
12.998840332,80.2150115967,60139,60148,9
12.9983797073,80.215423584,60148,60159,11
12.9977798462,80.215927124,60159,60169,10
12.9975099564,80.2162017822,60169,60179,10
12.9973697662,80.2163696289,60179,60189,10
12.997209549,80.2165222168,60189,60199,10
12.9968204498,80.2165527344,60199,60210,11
12.9960699081,80.2166595459,60210,60220,10
12.9952697754,80.2169265747,60220,60230,10
12.9947004318,80.217300415,60230,60240,10
12.9941596985,80.2177200317,60240,60250,10
12.9934797287,80.2181777954,60250,60260,10
12.9926900864,80.2187423706,60260,60270,10
12.9918403625,80.219367981,60270,60280,10
12.991109848,80.2199172974,60280,60290,10
12.9908800125,80.2200775146,60290,60300,10
12.9907999039,80.2201385498,60300,60310,10
12.9904298782,80.2204284668,60310,60320,10
12.9898796082,80.2209625244,60320,60331,11
12.9894895554,80.2214813232,60331,60341,10
12.9891996384,80.2218170166,60341,60351,10
12.9887399673,80.222328186,60351,60361,10
12.9881496429,80.2228469849,60361,60371,10
12.9877595901,80.2230834961,60371,60381,10
12.9876098633,80.2231216431,60381,60391,10
12.987159729,80.2230911255,60391,60401,10
12.986579895,80.2229919434,60401,60411,10
12.9859800339,80.2229995728,60411,60421,10
12.9854698181,80.2232666016,60421,60431,10
12.9849796295,80.2232131958,60431,60442,11
12.9840602875,80.2227020264,60442,60472,30
12.9840602875,80.2227020264,60472,60482,10
12.9839200974,80.222618103,60482,60492,10
12.9837598801,80.2225265503,60492,60502,10
12.9834899902,80.2223434448,60502,60522,20
12.9834899902,80.2223434448,60522,60532,10
12.9834003448,80.2222976685,60532,60542,10
12.9833602905,80.2222671509,60542,60552,10
12.9832496643,80.2221908569,60552,60563,11
12.9829797745,80.2219924927,60563,60573,10
12.9826202393,80.2218475342,60573,60583,10
12.9819602966,80.2215881348,60583,60593,10
12.9812097549,80.2211227417,60593,60603,10
12.9804201126,80.2210464478,60603,60613,10
12.9797000885,80.2211227417,60613,60623,10
12.9788198471,80.2211914063,60623,60633,10
12.9778995514,80.2212219238,60633,60643,10
12.9773197174,80.2212524414,60643,60653,10
12.976770401,80.221282959,60653,60662,9
12.9764204025,80.2212524414,60662,60673,11
12.9763803482,80.2212524414,60673,60684,11
12.9760904312,80.2212905884,60684,60724,40
12.9760904312,80.2212905884,60724,60734,10
12.9759397507,80.221321106,60734,60744,10
12.9757204056,80.2211532593,60744,60754,10
12.9756202698,80.2210617065,60754,60764,10
12.9755496979,80.220993042,60764,60784,20
12.9755496979,80.220993042,60784,60795,11
12.9754295349,80.2208709717,60795,60805,10
12.9750003815,80.2206192017,60805,60815,10
12.9742698669,80.2202987671,60815,60825,10
12.973449707,80.2199707031,60825,60835,10
12.9726800919,80.2196884155,60835,60845,10
12.9718399048,80.2194137573,60845,60855,10
12.9711198807,80.2192001343,60855,60865,10
12.9709300995,80.2191390991,60865,60875,10
12.9708595276,80.2191085815,60875,60885,10
12.9703998566,80.2188415527,60885,60895,10
12.9697198868,80.2185592651,60895,60905,10
12.9689702988,80.2182693481,60905,60916,11
12.9681396484,80.2179489136,60916,60926,10
12.9673700333,80.2176437378,60926,60936,10
12.9664402008,80.2172393799,60936,60946,10
12.9653100967,80.2167816162,60946,60956,10
12.9641399384,80.2163085938,60956,60966,10
12.9633102417,80.2159194946,60966,60976,10
12.9624300003,80.2155609131,60976,60986,10
12.9613800049,80.2151565552,60986,60996,10
12.960269928,80.2147293091,60996,61006,10
12.9591798782,80.2142868042,61006,61016,10
12.9580001831,80.2138137817,61016,61027,11
12.9567298889,80.2133178711,61027,61037,10
12.9555702209,80.212852478,61037,61047,10
12.9545001984,80.2124481201,61047,61057,10
12.9536104202,80.212097168,61057,61067,10
12.9525699615,80.2116622925,61067,61077,10
12.9513902664,80.2111968994,61077,61087,10
12.9501600266,80.2107086182,61087,61097,10
12.9490499496,80.2102813721,61097,61107,10
12.9480199814,80.2098922729,61107,61117,10
12.9469404221,80.2094573975,61117,61127,10
12.9455699921,80.2089080811,61127,61137,10
12.9444103241,80.208442688,61137,61148,11
12.9439296722,80.2082519531,61148,61158,10
12.9438199997,80.2082138062,61158,61168,10
12.9434099197,80.2080383301,61168,61178,10
12.9428596497,80.2075881958,61178,61188,10
12.9425296783,80.2071533203,61188,61198,10
12.9420204163,80.2066802979,61198,61208,10
12.9413404465,80.2061920166,61208,61218,10
12.9410200119,80.2060165405,61218,61228,10
12.9409198761,80.2059631348,61228,61238,10
12.9404697418,80.2057876587,61238,61248,10
12.9397802353,80.205581665,61248,61258,10
12.9390201569,80.2053527832,61258,61269,11
12.9381399155,80.2050933838,61269,61279,10
12.9373102188,80.2048568726,61279,61289,10
12.9364299774,80.2046127319,61289,61299,10
12.9354600906,80.2042999268,61299,61309,10
12.9345703125,80.2039794922,61309,61319,10
12.9338798523,80.2039413452,61319,61329,10
12.9335899353,80.203918457,61329,61359,30
12.9335899353,80.203918457,61359,61369,10
12.9332399368,80.2038726807,61369,61380,11
12.9326896667,80.2036132813,61380,61390,10
12.9320602417,80.2033996582,61390,61400,10
12.9313602448,80.2031707764,61400,61410,10
12.9306001663,80.2029495239,61410,61420,10
12.9297895432,80.2028427124,61420,61430,10
12.9294996262,80.202796936,61430,61440,10
12.9293603897,80.2027816772,61440,61450,10
12.9289102554,80.2027130127,61450,61460,10
12.9284601212,80.202331543,61460,61470,10
12.928440094,80.2015228271,61470,61480,10
12.9284000397,80.2004699707,61480,61490,10
12.9281797409,80.1994094849,61490,61501,11
12.9276199341,80.1983566284,61501,61511,10
12.9267501831,80.1977233887,61511,61521,10
12.9260196686,80.1975402832,61521,61531,10
12.9255304337,80.1975631714,61531,61541,10
12.9252595901,80.1975402832,61541,61551,10
12.9246997833,80.197517395,61551,61561,10
12.9239597321,80.197517395,61561,61571,10
12.9231500626,80.1974487305,61571,61581,10
12.9223098755,80.1973419189,61581,61591,10
12.9219799042,80.197303772,61591,61601,10
12.9216995239,80.1972122192,61601,61611,10
12.9211797714,80.1970062256,61611,61622,11
12.920419693,80.1967391968,61622,61632,10
12.919670105,80.196472168,61632,61642,10
12.9189996719,80.1960372925,61642,61652,10
12.918589592,80.1956863403,61652,61662,10
12.9183197021,80.1954421997,61662,61672,10
12.917840004,80.1950073242,61672,61682,10
12.9172801971,80.1944732666,61682,61692,10
12.9170103073,80.1940002441,61692,61702,10
12.9169797897,80.193359375,61702,61712,10
12.9170598984,80.1926727295,61712,61722,10
12.9171495438,80.1919937134,61722,61733,11
12.9172401428,80.1913909912,61733,61743,10
12.9172401428,80.1913833618,61743,61759,16
12.9173297882,80.1905822754,61759,61771,12
12.9174995422,80.1896514893,61771,61781,10
12.9179496765,80.1887817383,61781,61791,10
12.9186601639,80.1879730225,61791,61801,10
12.9194698334,80.1870727539,61801,61811,10
12.9201803207,80.1862716675,61811,61821,10
12.9205198288,80.1851806641,61821,61831,10
12.92029953,80.1843185425,61831,61841,10
12.9201202393,80.1834869385,61841,61852,11
12.9199104309,80.1825714111,61852,61862,10
12.9198799133,80.1824798584,61862,61872,10
12.919839859,80.1822891235,61872,61882,10
12.919719696,80.1817779541,61882,61892,10
12.9195604324,80.1810302734,61892,61902,10
12.9194002151,80.1801986694,61902,61912,10
12.9190998077,80.1793136597,61912,61922,10
12.9185400009,80.178527832,61922,61932,10
12.9181699753,80.1775512695,61932,61942,10
12.9183597565,80.1764602661,61942,61952,10
12.9186201096,80.1753768921,61952,61962,10
12.9188995361,80.1742172241,61962,61973,11
12.919210434,80.1729736328,61973,61983,10
12.9195404053,80.1717910767,61983,61993,10
12.9196300507,80.1714477539,61993,62003,10
12.9197397232,80.1710968018,62003,62013,10
12.9197998047,80.1708984375,62013,62023,10
12.919839859,80.1708297729,62023,62033,10
12.920009613,80.1703567505,62033,62043,10
12.9202604294,80.1695709229,62043,62053,10
12.9205703735,80.1685562134,62053,62063,10
12.9209604263,80.1673126221,62063,62073,10
12.9213895798,80.1659698486,62073,62083,10
12.9218196869,80.1646575928,62083,62094,11
12.9221401215,80.1635665894,62094,62104,10
12.9224395752,80.1626205444,62104,62120,16
12.9230003357,80.1608734131,62120,62132,12
12.9233102798,80.1597595215,62132,62140,8
12.9234104156,80.1587982178,62140,62151,11
12.9235200882,80.1575012207,62151,62162,11
12.923620224,80.1560287476,62162,62174,12
12.9233398438,80.1551132202,62174,62184,10
12.9233198166,80.1549987793,62184,62194,10
12.9233198166,80.1549301147,62194,62205,11
12.9232597351,80.1545028687,62205,62215,10
12.9231004715,80.1538009644,62215,62225,10
12.9228801727,80.1529388428,62225,62235,10
12.9226703644,80.1520080566,62235,62275,40
12.9226703644,80.1520080566,62275,62285,10
12.9226703644,80.1515808105,62285,62295,10
12.9226503372,80.150932312,62295,62305,10
12.9226303101,80.1500167847,62305,62315,10
12.9225597382,80.1488723755,62315,62326,11
12.922539711,80.1476211548,62326,62336,10
12.922539711,80.1465301514,62336,62346,10
12.9225101471,80.1453475952,62346,62356,10
12.9224796295,80.1442565918,62356,62366,10
12.9224004745,80.1432266235,62366,62416,50
12.9224004745,80.1432266235,62416,62426,10
12.922419548,80.1429977417,62426,62437,11
12.922419548,80.142578125,62437,62447,10
12.9224100113,80.1419219971,62447,62457,10
12.9223804474,80.1410369873,62457,62467,10
12.9223604202,80.1402816772,62467,62477,10
12.9223604202,80.1395187378,62477,62487,10
12.922369957,80.1387023926,62487,62497,10
12.9224395752,80.1380233765,62497,62507,10
12.9224596024,80.1373291016,62507,62517,10
12.9225101471,80.13646698,62517,62527,10
12.922539711,80.1355819702,62527,62537,10
12.9225597382,80.1348419189,62537,62547,10
12.9225902557,80.1340713501,62547,62558,11
12.9226303101,80.1330795288,62558,62568,10
12.922659874,80.1323623657,62568,62578,10
12.922659874,80.1315612793,62578,62588,10
12.9226799011,80.1313171387,62588,62598,10
12.9226799011,80.1312179565,62598,62608,10
12.9227104187,80.1307983398,62608,62618,10
12.9227399826,80.130241394,62618,62628,10
12.9227600098,80.1297836304,62628,62638,10
12.9227895737,80.1293411255,62638,62648,10
12.922829628,80.1289367676,62648,62658,10
12.9228496552,80.1285171509,62658,62669,11
12.9228601456,80.1280822754,62669,62679,10
12.9228696823,80.1276779175,62679,62689,10
12.9228696823,80.1274795532,62689,62699,10
12.9228801727,80.1270294189,62699,62709,10
12.9229001999,80.126083374,62709,62719,10
12.9229602814,80.125213623,62719,62729,10
12.9230203629,80.1242218018,62729,62739,10
12.9230699539,80.1231384277,62739,62749,10
12.9231004715,80.1221008301,62749,62759,10
12.9231595993,80.1209182739,62759,62779,20
12.9231595993,80.1209182739,62779,62790,11
12.9231796265,80.1207809448,62790,62800,10
12.9232196808,80.1204299927,62800,62810,10
12.9232597351,80.1200408936,62810,62820,10
12.9232702255,80.1194381714,62820,62830,10
12.9232997894,80.1187820435,62830,62840,10
12.9233903885,80.1179504395,62840,62850,10
12.9234304428,80.1169815063,62850,62880,30
12.9234304428,80.1169815063,62880,62890,10
12.9234199524,80.1168365479,62890,62900,10
12.9235897064,80.116859436,62900,62911,11
12.9235496521,80.1172790527,62911,62921,10
12.9236297607,80.1177597046,62921,62931,10
12.9235897064,80.1181182861,62931,62941,10
12.9235200882,80.1187820435,62941,62951,10
12.9234600067,80.1195068359,62951,62960,9
12.9233598709,80.1200637817,62960,62971,11
12.9232902527,80.1207962036,62971,62981,10
12.9232997894,80.1212463379,62981,62991,10
12.9232997894,80.1214599609,62991,63496,505
12.9232997894,80.1214599609,63496,63506,10
12.9232501984,80.1216812134,63506,63516,10
12.9232196808,80.1222305298,63516,63526,10
12.9231700897,80.1230773926,63526,63536,10
12.9231300354,80.1240463257,63536,63546,10
12.9230804443,80.1250610352,63546,63556,10
12.9230203629,80.1260528564,63556,63566,10
12.9229698181,80.1269226074,63566,63576,10
12.9229402542,80.1273803711,63576,63586,10
12.9229402542,80.1276397705,63586,63596,10
12.9229297638,80.1278610229,63596,63607,11
12.9229097366,80.1281890869,63607,63617,10
12.9229001999,80.1285018921,63617,63627,10
12.9228801727,80.1288299561,63627,63637,10
12.9228601456,80.1293334961,63637,63647,10
12.9228200912,80.1297683716,63647,63657,10
12.9228096008,80.1300201416,63657,63667,10
12.9228096008,80.1305236816,63667,63677,10
12.9228096008,80.1311798096,63677,63697,20
12.9228096008,80.1311798096,63697,63707,10
12.9228000641,80.131362915,63707,63717,10
12.9227695465,80.1318588257,63717,63728,11
12.9227399826,80.1326293945,63728,63738,10
12.9226999283,80.133430481,63738,63748,10
12.9226398468,80.1343612671,63748,63758,10
12.9226398468,80.1350784302,63758,63768,10
12.9225797653,80.1357269287,63768,63778,10
12.922539711,80.1365814209,63778,63788,10
12.9224796295,80.1375579834,63788,63798,10
12.9224395752,80.1385421753,63798,63808,10
12.9223804474,80.1395568848,63808,63818,10
12.922419548,80.1405563354,63818,63828,10
12.922419548,80.1416320801,63828,63838,10
12.9224996567,80.142906189,63838,63889,51
12.9224996567,80.142906189,63889,63899,10
12.9225196838,80.1430664063,63899,63909,10
12.9225597382,80.1435317993,63909,63919,10
12.922539711,80.1437606812,63919,63929,10
12.922539711,80.1439590454,63929,63939,10
12.922539711,80.1445999146,63939,63949,10
12.9225702286,80.1454620361,63949,63960,11
12.9225997925,80.1464080811,63960,63970,10
12.9226398468,80.1470489502,63970,63980,10
12.9226303101,80.1474380493,63980,63990,10
12.9226303101,80.1480636597,63990,64000,10
12.9226198196,80.1487808228,64000,64010,10
12.9226703644,80.1496200562,64010,64020,10
12.9226999283,80.1505203247,64020,64030,10
12.9227399826,80.1512374878,64030,64046,16
12.922750473,80.1514434814,64046,64058,12
12.9227600098,80.1518173218,64058,64066,8
12.9227895737,80.1522216797,64066,64078,12
12.9229402542,80.1529922485,64078,64088,10
12.9231300354,80.1537322998,64088,64099,11
12.9234399796,80.1546401978,64099,64119,20
12.9234399796,80.1546401978,64119,64129,10
12.9234304428,80.1547393799,64129,64139,10
12.9234600067,80.1549224854,64139,64149,10
12.923500061,80.1551971436,64149,64159,10
12.9236402512,80.1557922363,64159,64169,10
12.9236602783,80.1566619873,64169,64179,10
12.9235601425,80.1577224731,64179,64190,11
12.9234399796,80.1590270996,64190,64200,10
12.9233703613,80.1600036621,64200,64210,10
12.9232997894,80.1603927612,64210,64220,10
12.9232501984,80.1605606079,64220,64230,10
12.9230604172,80.1611099243,64230,64240,10
12.9228000641,80.1618881226,64240,64250,10
12.9224596024,80.1628799438,64250,64259,9
12.9221200943,80.1639328003,64259,64270,11
12.9216899872,80.1652526855,64270,64279,9
12.921330452,80.1663894653,64279,64289,10
12.9209604263,80.1675720215,64289,64300,11
12.920539856,80.168838501,64300,64311,11
12.9201602936,80.1701507568,64311,64321,10
12.9199199677,80.1709823608,64321,64341,20
12.9199199677,80.1709823608,64341,64351,10
12.9198503494,80.1711730957,64351,64361,10
12.9196796417,80.1716766357,64361,64371,10
12.9194803238,80.172416687,64371,64381,10
12.9192399979,80.1732635498,64381,64391,10
12.9189901352,80.1742401123,64391,64401,10
12.9187803268,80.1752471924,64401,64411,10
12.918510437,80.1762619019,64411,64421,10
12.918299675,80.1772689819,64421,64432,11
12.9184503555,80.1783905029,64432,64442,10
12.9191303253,80.1793212891,64442,64452,10
12.9195098877,80.1804885864,64452,64462,10
12.9197597504,80.181678772,64462,64472,10
12.9200201035,80.1828231812,64472,64482,10
12.92029953,80.1839599609,64482,64492,10
12.9205999374,80.1852874756,64492,64512,20
12.9205999374,80.1852874756,64512,64522,10
12.9206104279,80.1853790283,64522,64532,10
12.9206399918,80.185798645,64532,64543,11
12.9202203751,80.1864013672,64543,64553,10
12.9196796417,80.1870193481,64553,64563,10
12.9190797806,80.187713623,64563,64573,10
12.9185800552,80.1882629395,64573,64583,10
12.9180297852,80.1889038086,64583,64593,10
12.9176101685,80.1897506714,64593,64603,10
12.9174404144,80.1906204224,64603,64613,10
12.9173402786,80.1915283203,64613,64623,10
12.9172401428,80.1922531128,64623,64633,10
12.917140007,80.1929473877,64633,64659,26
12.917140007,80.1929473877,64659,64673,14
12.9170703888,80.1933288574,64673,64683,10
12.917140007,80.1940231323,64683,64693,10
12.9174804688,80.1946563721,64693,64703,10
12.9180498123,80.1951828003,64703,64713,10
12.9185600281,80.1956329346,64713,64723,10
12.9188404083,80.1958770752,64723,64733,10
12.9192304611,80.1961975098,64733,64743,10
12.9197502136,80.1964874268,64743,64753,10
12.9202804565,80.1966934204,64753,64762,9
12.9206399918,80.1968231201,64762,64772,10
12.920920372,80.1968917847,64772,64784,12
12.9213495255,80.1970596313,64784,64794,10
12.9220399857,80.1972808838,64794,64804,10
12.9229202271,80.1974334717,64804,64814,10
12.9238004684,80.1975326538,64814,64824,10
12.9247198105,80.1975402832,64824,64834,10
12.9252195358,80.197517395,64834,64844,10
12.9255895615,80.197517395,64844,64854,10
12.926320076,80.1976013184,64854,64864,10
12.9271297455,80.1979370117,64864,64874,10
12.9277601242,80.1985092163,64874,64884,10
12.9281797409,80.1992874146,64884,64895,11
12.9284601212,80.2002487183,64895,64905,10
12.9285001755,80.2011032104,64905,64915,10
12.9285297394,80.2018585205,64915,64925,10
12.928609848,80.2025375366,64925,64935,10
12.9294204712,80.2027816772,64935,64955,20
12.9294204712,80.2027816772,64955,64965,10
12.9296197891,80.2028198242,64965,64975,10
12.9300403595,80.2028579712,64975,64985,10
12.9304704666,80.2029418945,64985,64995,10
12.9309597015,80.2030410767,64995,65005,10
12.931599617,80.2032394409,65005,65016,11
12.9323797226,80.2035064697,65016,65026,10
12.9329204559,80.2036819458,65026,65036,10
12.9333496094,80.2038574219,65036,65046,10
12.9338598251,80.203918457,65046,65056,10
12.9339799881,80.2039337158,65056,65066,10
12.9340295792,80.2039413452,65066,65076,10
12.9344301224,80.2039794922,65076,65086,10
12.9350700378,80.2041015625,65086,65096,10
12.9357004166,80.2043914795,65096,65106,10
12.9362802505,80.2045669556,65106,65116,10
12.937040329,80.2047805786,65116,65126,10
12.9378004074,80.2050018311,65126,65137,11
12.9384002686,80.2051696777,65137,65147,10
12.9389696121,80.2053527832,65147,65157,10
12.9400196075,80.205657959,65157,65177,20
12.9400196075,80.205657959,65177,65187,10
12.9403495789,80.2057571411,65187,65197,10
12.9409599304,80.2059783936,65197,65207,10
12.9416704178,80.2063827515,65207,65217,10
12.9424200058,80.2069702148,65217,65227,10
12.9429597855,80.207611084,65227,65237,10
12.9436397552,80.2081375122,65237,65248,11
12.9442100525,80.2083435059,65248,65258,10
12.9443101883,80.2083816528,65258,65268,10
12.9445495605,80.2084732056,65268,65278,10
12.9451198578,80.2086868286,65278,65288,10
12.9458799362,80.2089767456,65288,65298,10
12.9467096329,80.2092971802,65298,65308,10
12.9474802017,80.209602356,65308,65318,10
12.9481697083,80.2098693848,65318,65328,10
12.9488601685,80.2101364136,65328,65344,16
12.9504003525,80.2107772827,65344,65356,12
12.9516401291,80.2112731934,65356,65367,11
12.952630043,80.2116394043,65367,65376,9
12.9532003403,80.2118911743,65376,65387,11
12.9540300369,80.2122192383,65387,65397,10
12.9548797607,80.212562561,65397,65407,10
12.9560003281,80.2129974365,65407,65417,10
12.9569196701,80.2133407593,65417,65427,10
12.9578895569,80.2137374878,65427,65437,10
12.958729744,80.2140808105,65437,65447,10
12.9594898224,80.2143630981,65447,65457,10
12.9602603912,80.2146835327,65457,65468,11
12.960849762,80.2148971558,65468,65479,11
12.9612903595,80.2150802612,65479,65489,10
12.9615402222,80.2152023315,65489,65499,10
12.962100029,80.2154083252,65499,65509,10
12.9628200531,80.2156982422,65509,65519,10
12.9634504318,80.215927124,65519,65529,10
12.9639797211,80.2161636353,65529,65539,10
12.9646997452,80.2164611816,65539,65549,10
12.9655303955,80.216796875,65549,65559,10
12.9663095474,80.2171020508,65559,65569,10
12.9669799805,80.2173919678,65569,65579,10
12.967590332,80.2176437378,65579,65589,10
12.9678897858,80.2177810669,65589,65600,11
12.9684400558,80.2179870605,65600,65610,10
12.969329834,80.2183227539,65610,65620,10
12.9703702927,80.2187423706,65620,65630,10
12.9710903168,80.218963623,65630,65640,10
12.9712095261,80.2190170288,65640,65650,10
12.9714202881,80.2191085815,65650,65660,10
12.9719495773,80.2193374634,65660,65670,10
12.9725999832,80.2196121216,65670,65680,10
12.9733600616,80.2199020386,65680,65690,10
12.9740495682,80.2201690674,65690,65700,10
12.9746103287,80.2204208374,65700,65711,11
12.9750204086,80.2205810547,65711,65771,60
12.9750204086,80.2205810547,65771,65781,10
12.975110054,80.2206268311,65781,65791,10
12.9754295349,80.2207565308,65791,65801,10
12.9757404327,80.221031189,65801,65811,10
12.9760398865,80.2212677002,65811,65842,31
12.9760398865,80.2212677002,65842,65852,10
12.9762296677,80.221282959,65852,65862,10
12.9766998291,80.221282959,65862,65872,10
12.9772701263,80.2212677002,65872,65882,10
12.977689743,80.2212524414,65882,65892,10
12.9781198502,80.2212295532,65892,65902,10
12.9785404205,80.221206665,65902,65912,10
12.9790401459,80.2211685181,65912,65922,10
12.9793996811,80.2211532593,65922,65932,10
12.9798803329,80.2211074829,65932,65942,10
12.9804201126,80.2210693359,65942,65953,11
12.981010437,80.2210922241,65953,65963,10
12.9814796448,80.2212982178,65963,65973,10
12.9817800522,80.2215423584,65973,65983,10
12.982170105,80.2217788696,65983,65993,10
12.9826202393,80.2219161987,65993,66003,10
12.98279953,80.2219772339,66003,66013,10
12.9828596115,80.2220077515,66013,66023,10
12.9832201004,80.2221984863,66023,66033,10
12.983710289,80.2225265503,66033,66043,10
12.9843101501,80.2228622437,66043,66054,11
12.9849700928,80.2232437134,66054,66063,9
12.9853096008,80.2233428955,66063,66074,11
12.98554039,80.2232284546,66074,66084,10
12.9859895706,80.2230300903,66084,66094,10
12.9863996506,80.2230377197,66094,66104,10
12.9864797592,80.2230224609,66104,66114,10
12.9868402481,80.2230377197,66114,66124,10
12.9873104095,80.2231216431,66124,66134,10
12.9879102707,80.2230072021,66134,66144,10
12.9884901047,80.2225418091,66144,66154,10
12.9890403748,80.2219772339,66154,66164,10
12.9895601273,80.2212982178,66164,66174,10
12.9901399612,80.2206268311,66174,66185,11
12.9903402328,80.2204818726,66185,66195,10
12.9904098511,80.220451355,66195,66205,10
12.9906597137,80.2202377319,66205,66215,10
12.9911203384,80.2198791504,66215,66225,10
12.9915704727,80.2195281982,66225,66235,10
12.9921998978,80.2191009521,66235,66245,10
12.9927902222,80.2186737061,66245,66255,10
12.9933595657,80.2182388306,66255,66265,10
12.9938497543,80.2178878784,66265,66275,10
12.9941797256,80.2176513672,66275,66291,16
12.9945497513,80.217376709,66291,66304,13
12.9946603775,80.2172927856,66304,66311,7
12.994720459,80.2172393799,66311,66323,12
12.9949998856,80.2170562744,66323,66335,12
12.9954099655,80.2168426514,66335,66345,10
12.9959497452,80.2166519165,66345,66354,9
12.996629715,80.2165374756,66354,66366,12
12.9972200394,80.2164230347,66366,66376,10
12.9975204468,80.2161331177,66376,66386,10
12.9975404739,80.2161331177,66386,66396,10
12.9975996017,80.2160873413,66396,66406,10
12.997879982,80.2158432007,66406,66417,11
12.9984502792,80.2153701782,66417,66427,10
12.9990596771,80.21484375,66427,66437,10
12.9992904663,80.2146606445,66437,66460,23
13.0002002716,80.2138366699,66460,66472,12
13.0008897781,80.2132263184,66472,66482,10
13.0013504028,80.2128829956,66482,66492,10
13.0018701553,80.2125015259,66492,66501,9
13.002240181,80.2122802734,66501,66515,14
13.0031995773,80.2121124268,66515,66525,10
13.0037097931,80.2120819092,66525,66535,10
13.0039196014,80.2120437622,66535,66546,11
13.0043897629,80.2122497559,66546,66556,10
13.0049800873,80.212562561,66556,66566,10
13.0057096481,80.2129592896,66566,66576,10
13.0064201355,80.2127914429,66576,66586,10
13.0071001053,80.2128067017,66586,66596,10
13.0078201294,80.2130737305,66596,66646,50
13.0078201294,80.2130737305,66646,66657,11
13.0080699921,80.2132492065,66657,66667,10
13.0081100464,80.2132797241,66667,66677,10
13.0083999634,80.2134017944,66677,66687,10
13.0087604523,80.213760376,66687,66697,10
13.0091199875,80.2142333984,66697,66707,10
13.00922966,80.2143630981,66707,66717,10
13.0095701218,80.214881897,66717,66737,20
13.0095701218,80.214881897,66737,66747,10
13.00963974,80.2150115967,66747,66757,10
13.0098495483,80.2152175903,66757,66767,10
13.010219574,80.2156677246,66767,66778,11
13.0107097626,80.2164764404,66778,66788,10
13.0109596252,80.2172470093,66788,66798,10
13.0113697052,80.21824646,66798,66808,10
13.011759758,80.2193603516,66808,66818,10
13.0121097565,80.220451355,66818,66828,10
13.0124197006,80.2212295532,66828,66838,10
13.0126495361,80.2216720581,66838,66848,10
13.0129995346,80.2221221924,66848,66858,10
13.0132398605,80.2223968506,66858,66868,10
13.0135803223,80.2228164673,66868,66878,10
13.0137500763,80.2230377197,66878,66889,11
13.013999939,80.2233505249,66889,66899,10
13.0142498016,80.2236709595,66899,66909,10
13.0144796371,80.2239379883,66909,66919,10
13.014840126,80.2243728638,66919,66929,10
13.0150899887,80.2246704102,66929,66939,10
13.015540123,80.2250366211,66939,66959,20
13.015540123,80.2250366211,66959,66969,10
13.0156898499,80.2251815796,66969,66979,10
13.0161104202,80.2253799438,66979,66989,10
13.0168800354,80.2251968384,66989,66999,10
13.0177202225,80.224861145,66999,67010,11
13.0185003281,80.2245407104,67010,67020,10
13.0191497803,80.2243423462,67020,67048,28
13.0191497803,80.2243423462,67048,67058,10
13.019370079,80.224319458,67058,67068,10
13.019490242,80.2243881226,67068,67077,9
13.0195999146,80.2244720459,67077,67088,11
13.0198802948,80.2246932983,67088,67098,10
13.0201396942,80.2249221802,67098,67108,10
13.0206003189,80.2252197266,67108,67119,11
13.0209798813,80.2254867554,67119,67129,10
13.0213499069,80.2257995605,67129,67140,11
13.0219202042,80.2261886597,67140,67150,10
13.0219898224,80.2262573242,67150,67160,10
13.0220298767,80.2263031006,67160,67170,10
13.022359848,80.2265777588,67170,67180,10
13.0229196548,80.2270812988,67180,67190,10
13.0235300064,80.2276306152,67190,67200,10
13.0240297318,80.2281112671,67200,67210,10
13.0243597031,80.2285003662,67210,67220,10
13.0245199203,80.2287368774,67220,67231,11
13.0247001648,80.2289962769,67231,67241,10
13.0249004364,80.2292785645,67241,67251,10
13.0252599716,80.2297134399,67251,67261,10
13.0256004333,80.2301635742,67261,67271,10
13.025759697,80.2304077148,67271,67281,10
13.0258598328,80.2306365967,67281,67291,10
13.0259504318,80.2308883667,67291,67301,10
13.0260000229,80.2311782837,67301,67311,10
13.0261602402,80.2313766479,67311,67321,10
13.026720047,80.2312393188,67321,67331,10
13.0275497437,80.2310333252,67331,67341,10
13.028260231,80.2309570313,67341,67352,11
13.0287303925,80.2309188843,67352,67362,10
13.0287399292,80.2309112549,67362,67372,10
13.0290403366,80.2308807373,67372,67382,10
13.0292701721,80.2308578491,67382,67392,10
13.0296401978,80.2308273315,67392,67402,10
13.0303001404,80.2307662964,67402,67422,20
13.0303001404,80.2307662964,67422,67432,10
13.0306100845,80.2307815552,67432,67442,10
13.0310401917,80.2307281494,67442,67452,10
13.0314302444,80.2306976318,67452,67462,10
13.0317897797,80.230682373,67462,67473,11
13.0322504044,80.2306365967,67473,67483,10
13.0328102112,80.2305831909,67483,67493,10
13.0334501266,80.2305526733,67493,67503,10
13.0337696075,80.2305297852,67503,67523,20
13.0337696075,80.2305297852,67523,67533,10
13.0339202881,80.2304992676,67533,67543,10
13.0344696045,80.2304000854,67543,67563,20
13.0344696045,80.2304000854,67563,67573,10
13.0345697403,80.2303619385,67573,67584,11
13.0348596573,80.2302398682,67584,67594,10
13.0350704193,80.2300262451,67594,67604,10
13.034819603,80.2298583984,67604,67694,90
13.034819603,80.2298583984,67694,67705,11
13.0346899033,80.2298736572,67705,67725,20
13.0346899033,80.2298736572,67725,67735,10
13.0343904495,80.2297973633,67735,67866,131
13.0343904495,80.2297973633,67866,67876,10
13.0342798233,80.2298278809,67876,67886,10
13.0342197418,80.2300491333,67886,67947,61
13.0342197418,80.2300491333,67947,67957,10
13.0341596603,80.2303314209,67957,67987,30
13.0341596603,80.2303314209,67987,67997,10
13.0340003967,80.2305221558,67997,68007,10
13.0338001251,80.230506897,68007,68017,10
13.0333499908,80.2305297852,68017,68027,10
13.0327796936,80.2305831909,68027,68037,10
13.0323495865,80.2306365967,68037,68058,21
13.0321598053,80.2306671143,68058,68108,50
13.0321598053,80.2306671143,68108,68118,10
13.0317201614,80.2307434082,68118,68148,30
13.0317201614,80.2307434082,68148,68158,10
13.031370163,80.2307662964,68158,68249,91
13.031370163,80.2307662964,68249,68259,10
13.0311603546,80.2307662964,68259,68269,10
13.0308599472,80.2307815552,68269,68279,10
13.0305299759,80.2308120728,68279,68290,11
13.0302696228,80.2308273315,68290,68300,10
13.0301799774,80.2308273315,68300,68310,10
13.0299196243,80.2308502197,68310,68320,10
13.0297203064,80.2308807373,68320,68330,10
13.0295600891,80.2308883667,68330,68340,10
13.0293998718,80.2309036255,68340,68350,10
13.0289802551,80.2309494019,68350,68360,10
13.028459549,80.2309799194,68360,68370,10
13.0279502869,80.2310028076,68370,68380,10
13.0276699066,80.2311019897,68380,68390,10
13.027680397,80.2315979004,68390,68401,11
13.0277700424,80.2322616577,68401,68411,10
13.0276603699,80.2328796387,68411,68441,30
13.0276603699,80.2328796387,68441,68451,10
13.0275402069,80.2329177856,68451,68461,10
13.0272798538,80.2329711914,68461,68471,10
13.0270299911,80.2330093384,68471,68481,10
13.02684021,80.2330169678,68481,68491,10
13.0264596939,80.233039856,68491,68501,10
13.0262002945,80.2324295044,68501,68512,11
13.025970459,80.2315826416,68512,68513,1
13.0259504318,80.2315063477,68513,68514,1
13.0259199142,80.2314224243,68514,68523,9
13.0256500244,80.2306137085,68523,68594,71
13.0220603943,80.2264480591,68594,68604,10
13.0213603973,80.2258987427,68604,68614,10
13.0207595825,80.2254333496,68614,68635,21
13.0207595825,80.2254333496,68635,68645,10
13.0205202103,80.2252883911,68645,68655,10
13.0200004578,80.2249298096,68655,68665,10
13.0192098618,80.2245407104,68665,68675,10
13.0181798935,80.2247467041,68675,68685,10
13.01720047,80.225151062,68685,68695,10
13.0167198181,80.2253570557,68695,68705,10
13.0164403915,80.225479126,68705,68715,10
13.0160799026,80.2256393433,68715,68725,10
13.0156202316,80.2258071899,68725,68735,10
13.0152301788,80.2259674072,68735,68745,10
13.0146903992,80.2261886597,68745,68756,11
13.0143003464,80.2263336182,68756,68776,20
13.0143003464,80.2263336182,68776,68786,10
13.0140800476,80.2264022827,68786,68796,10
13.0135602951,80.2265701294,68796,68806,10
13.0127601624,80.2268829346,68806,68816,10
13.0117797852,80.2272415161,68816,68832,16
13.0101203918,80.2278823853,68832,68844,12
13.0094604492,80.2276077271,68844,68854,10
13.009759903,80.2269821167,68854,68864,10
13.0100698471,80.2262878418,68864,68875,11
13.0103797913,80.2256469727,68875,68885,10
13.0105199814,80.2253189087,68885,68895,10
13.0106201172,80.2250823975,68895,68905,10
13.0108203888,80.2245407104,68905,68915,10
13.0109901428,80.2241363525,68915,68935,20
13.0109901428,80.2241363525,68935,68945,10
13.0111103058,80.2239608765,68945,68955,10
13.0113201141,80.2234115601,68955,68965,10
13.0116500854,80.2226409912,68965,68975,10
13.0118503571,80.2218093872,68975,68985,10
13.0119600296,80.2214736938,68985,68996,11
13.0120801926,80.2211227417,68996,69006,10
13.0120201111,80.2208328247,69006,69016,10
13.0118999481,80.2204666138,69016,69026,10
13.0117197037,80.2198562622,69026,69036,10
13.0115098953,80.2192077637,69036,69046,10
13.0112895966,80.2185287476,69046,69056,10
13.0110397339,80.2178268433,69056,69066,10
13.0107402802,80.2171173096,69066,69076,10
13.0104503632,80.2164916992,69076,69085,9
13.0101499557,80.216003418,69085,69097,12
13.0097904205,80.2152633667,69097,69107,10
13.0095996857,80.2149963379,69107,69117,10
13.0095796585,80.2149810791,69117,69127,10
13.009469986,80.214881897,69127,69137,10
13.0093402863,80.2146987915,69137,69147,10
13.009059906,80.2143173218,69147,69157,10
13.0087995529,80.2139587402,69157,69177,20
13.0086402893,80.2137908936,69177,69207,30
13.0086402893,80.2137908936,69207,69218,11
13.0085601807,80.2136993408,69218,69228,10
13.0082798004,80.2134475708,69228,69288,60
13.0082798004,80.2134475708,69288,69298,10
13.0079803467,80.2133026123,69298,69308,10
13.0079498291,80.2132797241,69308,69318,10
13.0078802109,80.2132415771,69318,69328,10
13.0077400208,80.2131118774,69328,69339,11
13.0074596405,80.2129211426,69339,69349,10
13.0071697235,80.212852478,69349,69359,10
13.0067796707,80.2127990723,69359,69369,10
13.0062599182,80.2128601074,69369,69379,10
13.0057001114,80.2130126953,69379,69389,10
13.0050802231,80.212638855,69389,69399,10
13.0044698715,80.212310791,69399,69409,10
13.0037403107,80.2121200562,69409,69419,10
13.003080368,80.2121276855,69419,69429,10
13.0026702881,80.2121505737,69429,69439,10
13.0025100708,80.2121810913,69439,69450,11
13.0023298264,80.2122421265,69450,69460,10
13.0021400452,80.2123413086,69460,69470,10
13.0018596649,80.2125091553,69470,69480,10
13.0014095306,80.2128372192,69480,69490,10
13.0009002686,80.2132415771,69490,69500,10
13.0004196167,80.2136764526,69500,69510,10
12.9999704361,80.2141036987,69510,69520,10
12.9996204376,80.2143936157,69520,69530,10
12.9990501404,80.2148895264,69530,69621,91
12.9990501404,80.2148895264,69621,69631,10
12.9987297058,80.2151184082,69631,69647,16
12.9979801178,80.2157363892,69647,69659,12
12.9974603653,80.2162399292,69659,69791,132
12.9974603653,80.2162399292,69791,69802,11
12.9972696304,80.2164535522,69802,69812,10
12.9971904755,80.2165603638,69812,69822,10
12.997179985,80.2165603638,69822,69832,10
12.9969997406,80.216583252,69832,69842,10
12.9967098236,80.2165985107,69842,69852,10
12.9964704514,80.2166137695,69852,69862,10
12.9961500168,80.2166595459,69862,69872,10
12.9959001541,80.2167205811,69872,69882,10
12.9956102371,80.216796875,69882,69892,10
12.9954004288,80.2168807983,69892,69902,10
12.9953403473,80.2169113159,69902,69912,10
12.9951601028,80.217010498,69912,69923,11
12.9949102402,80.2171707153,69923,69933,10
12.9945602417,80.2174224854,69933,69943,10
12.9942502975,80.2176437378,69943,69953,10
12.994020462,80.2177886963,69953,69963,10
12.9936199188,80.2180786133,69963,69973,10
12.9930200577,80.2185134888,69973,69983,10
12.9923801422,80.2190093994,69983,69993,10
12.9920597076,80.2192611694,69993,70003,10
12.9918603897,80.2193984985,70003,70013,10
12.9916496277,80.219543457,70013,70023,10
12.9912204742,80.2198410034,70023,70034,11
12.9907503128,80.2201919556,70034,70044,10
12.9907398224,80.220199585,70044,70054,10
12.9905500412,80.2203598022,70054,70064,10
12.9901399612,80.2206878662,70064,70074,10
12.9896202087,80.2212219238,70074,70084,10
12.9892997742,80.2216186523,70084,70094,10
12.9890098572,80.2219772339,70094,70104,10
12.988530159,80.2224884033,70104,70114,10
12.9879102707,80.2229766846,70114,70124,10
12.9875202179,80.2231216431,70124,70134,10
12.9871902466,80.2230987549,70134,70144,10
12.9866600037,80.2229995728,70144,70155,11
12.986289978,80.2229995728,70155,70165,10
12.9860095978,80.2229919434,70165,70175,10
12.9856100082,80.2231063843,70175,70185,10
12.9852800369,80.2233505249,70185,70195,10
12.9848203659,80.2231903076,70195,70205,10
12.9843702316,80.2229232788,70205,70215,10
12.9839601517,80.2226715088,70215,70225,10
12.9835195541,80.2224273682,70225,70235,10
12.9832000732,80.2222290039,70235,70245,10
12.9831600189,80.2221984863,70245,70255,10
12.9830598831,80.2220993042,70255,70266,11
12.9825801849,80.2219161987,70266,70276,10
12.9819297791,80.2216720581,70276,70286,10
12.9812602997,80.2212219238,70286,70296,10
12.9804201126,80.2211303711,70296,70312,16
12.9788999557,80.2212295532,70312,70324,12
12.9780101776,80.221206665,70324,70334,10
12.9776601791,80.2212219238,70334,70344,10
12.976940155,80.2212905884,70344,70394,50
12.976940155,80.2212905884,70394,70405,11
12.9765100479,80.2212677002,70405,70415,10
12.9760398865,80.2213821411,70415,70455,40
12.9757604599,80.221321106,70455,70495,40
12.9757604599,80.221321106,70495,70506,11
12.9755897522,80.2210998535,70506,70516,10
12.9754400253,80.2209472656,70516,70526,10
12.9751596451,80.2207489014,70526,70536,10
12.9745998383,80.2204971313,70536,70546,10
12.9738397598,80.220161438,70546,70556,10
12.9730195999,80.2198410034,70556,70566,10
12.9721002579,80.2195281982,70566,70576,10
12.971329689,80.2192764282,70576,70586,10
12.9708995819,80.2191619873,70586,70606,20
12.9708995819,80.2191619873,70606,70617,11
12.9707202911,80.219039917,70617,70627,10
12.9702396393,80.218788147,70627,70637,10
12.9695997238,80.2185516357,70637,70647,10
12.968870163,80.2182769775,70647,70657,10
12.9681596756,80.2180023193,70657,70673,16
12.9669103622,80.2174682617,70673,70685,12
12.9655303955,80.2169265747,70685,70693,8
12.9645595551,80.2165527344,70693,70704,11
12.9636802673,80.2161636353,70704,70715,11
12.9628896713,80.2157974243,70715,70725,10
12.9620399475,80.2154693604,70725,70735,10
12.9610204697,80.2150726318,70735,70746,11
12.9597396851,80.2145767212,70746,70756,10
12.9585800171,80.2141036987,70756,70766,10
12.957400322,80.2136383057,70766,70776,10
12.9563398361,80.2132034302,70776,70786,10
12.9551801682,80.2127380371,70786,70797,11
12.9540996552,80.2123184204,70797,70807,10
12.9532499313,80.2119827271,70807,70816,9
12.9524497986,80.2116622925,70816,70826,10
12.9513902664,80.2112426758,70826,70837,11
12.9501304626,80.2107391357,70837,70847,10
12.9490804672,80.210319519,70847,70858,11
12.9479598999,80.2098770142,70858,70868,10
12.946680069,80.2093811035,70868,70878,10
12.9453201294,80.2088470459,70878,70888,10
12.9444103241,80.2085037231,70888,70898,10
12.944149971,80.2083969116,70898,70908,10
12.9439601898,80.2083129883,70908,70918,10
12.9434604645,80.2080993652,70918,70928,10
12.9428396225,80.2076416016,70928,70938,10
12.9424600601,80.2071380615,70938,70948,10
12.9419498444,80.2066802979,70948,70958,10
12.9413299561,80.206237793,70958,70968,10
12.9410800934,80.2061233521,70968,70979,11
12.940990448,80.2060699463,70979,70989,10
12.9406404495,80.2059173584,70989,70999,10
12.940079689,80.2057418823,70999,71009,10
12.9395904541,80.205581665,71009,71019,10
12.9389600754,80.2053909302,71019,71029,10
12.938170433,80.2051391602,71029,71039,10
12.9373397827,80.2049179077,71039,71049,10
12.9366998672,80.2047271729,71049,71059,10
12.9361000061,80.2045593262,71059,71069,10
12.9357004166,80.2044525146,71069,71079,10
12.9352903366,80.2042770386,71079,71090,11
12.9348802567,80.2041168213,71090,71100,10
12.9345302582,80.2040405273,71100,71110,10
12.9342899323,80.2040176392,71110,71126,16
12.9338798523,80.2040023804,71126,71138,12
12.9337396622,80.2039871216,71138,71148,10
12.9333896637,80.2039413452,71148,71158,10
12.9328298569,80.2037277222,71158,71168,10
12.9321804047,80.2034912109,71168,71178,10
12.931599617,80.2033004761,71178,71188,10
12.9309902191,80.203086853,71188,71198,10
12.930390358,80.2029266357,71198,71209,11
12.9296998978,80.2028503418,71209,71219,10
12.9295597076,80.2028503418,71219,71229,10
12.9293403625,80.2028427124,71229,71239,10
12.928850174,80.2027511597,71239,71249,10
12.928440094,80.2024002075,71249,71259,10
12.9284200668,80.2020492554,71259,71269,10
12.9284200668,80.2017593384,71269,71279,10
12.9283800125,80.2011413574,71279,71289,10
12.9283504486,80.2003326416,71289,71299,10
12.9281301498,80.1994171143,71299,71310,11
12.9275798798,80.1983795166,71310,71320,10
12.9267396927,80.1977615356,71320,71330,10
12.9262199402,80.1975784302,71330,71340,10
12.9260396957,80.1976013184,71340,71350,10
12.9254999161,80.1975631714,71350,71360,10
12.9252099991,80.1975479126,71360,71370,10
12.9245996475,80.1975479126,71370,71380,10
12.9237804413,80.1975402832,71380,71390,10
12.9229402542,80.1974487305,71390,71400,10
12.9221601486,80.1973800659,71400,71410,10
12.9219799042,80.1973419189,71410,71420,10
12.9216995239,80.1972427368,71420,71430,10
12.921210289,80.1970672607,71430,71441,11
12.9208202362,80.1969070435,71441,71451,10
12.9203901291,80.1967697144,71451,71461,10
12.9198598862,80.1965789795,71461,71471,10
12.9190597534,80.1961517334,71471,71481,10
12.918419838,80.195602417,71481,71491,10
12.9177103043,80.1949615479,71491,71501,10
12.9171199799,80.1943283081,71501,71511,10
12.9169597626,80.1940078735,71511,71521,10
12.9169397354,80.1938171387,71521,71531,10
12.9169301987,80.1936187744,71531,71541,10
12.9169397354,80.193397522,71541,71551,10
12.916970253,80.1930618286,71551,71638,87
12.916970253,80.1930618286,71638,71650,12
12.9170503616,80.1926727295,71650,71661,11
12.9170799255,80.1925201416,71661,71670,9
12.9170999527,80.1923522949,71670,71681,11
12.917140007,80.1921234131,71681,71691,10
12.9171600342,80.1918563843,71691,71701,10
12.9172401428,80.1913833618,71701,71711,10
12.9172401428,80.191192627,71711,71721,10
12.91726017,80.1909713745,71721,71732,11
12.9173297882,80.190322876,71732,71741,9
12.9175701141,80.1894226074,71741,71751,10
12.9181995392,80.1884613037,71751,71762,11
12.918970108,80.1875991821,71762,71772,10
12.9196996689,80.1867675781,71772,71782,10
12.9203500748,80.1860122681,71782,71793,11
12.9204702377,80.1850814819,71793,71803,10
12.9202299118,80.1840362549,71803,71813,10
12.9200201035,80.1832427979,71813,71823,10
12.9199399948,80.1829071045,71823,71833,10
12.9199399948,80.1828384399,71833,71842,9
12.9198503494,80.1824188232,71842,71853,11
12.9196500778,80.1815414429,71853,71863,10
12.9194402695,80.1806030273,71863,71874,11
12.9191703796,80.1795120239,71874,71884,10
12.9186496735,80.1787185669,71884,71894,10
12.918129921,80.1778182983,71894,71905,11
12.9182701111,80.1767196655,71905,71915,10
12.9184999466,80.1757125854,71915,71924,9
12.9187202454,80.1748199463,71924,71935,11
12.9190597534,80.1734695435,71935,71945,10
12.9193601608,80.1724319458,71945,71955,10
12.9195804596,80.171546936,71955,71965,10
12.9197998047,80.1708908081,71965,71975,10
12.9198503494,80.1706695557,71975,71985,10
12.9199495316,80.1703491211,71985,71995,10
12.9201803207,80.1696166992,71995,72005,10
12.9204797745,80.1686401367,72005,72016,11
12.920920372,80.1672821045,72016,72026,10
12.9213600159,80.1659469604,72026,72036,10
12.9217996597,80.1645812988,72036,72046,10
12.9221897125,80.1633300781,72046,72056,10
12.922539711,80.1622009277,72056,72066,10
12.9228401184,80.1612167358,72066,72076,10
12.92304039,80.1605682373,72076,72086,10
12.9230499268,80.1605606079,72086,72096,10
12.9231700897,80.1601715088,72096,72106,10
12.9232902527,80.1593780518,72106,72116,10
12.9234104156,80.1583023071,72116,72127,11
12.9235296249,80.1569595337,72127,72137,10
12.9235897064,80.1560287476,72137,72147,10
12.9233798981,80.1552276611,72147,72166,19
12.9233798981,80.1552276611,72166,72177,11
12.9233598709,80.155128479,72177,72187,10
12.9232597351,80.1547164917,72187,72197,10
12.923119545,80.1541900635,72197,72207,10
12.9229602814,80.1535186768,72207,72217,10
12.9228000641,80.1528701782,72217,72227,10
12.9226999283,80.1524429321,72227,72237,10
12.9226303101,80.1520996094,72237,72248,11
12.9225997925,80.1513977051,72248,72258,10
12.9225902557,80.1507492065,72258,72268,10
12.9225597382,80.1499786377,72268,72278,10
12.9225301743,80.1491928101,72278,72288,10
12.9224901199,80.1483306885,72288,72298,10
12.9224901199,80.1477279663,72298,72308,10
12.9224796295,80.1472167969,72308,72318,10
12.9224796295,80.1471176147,72318,72328,10
12.9224901199,80.1468582153,72328,72338,10
12.9224796295,80.1462631226,72338,72348,10
12.9224500656,80.1453704834,72348,72358,10
12.922419548,80.1443710327,72358,72369,11
12.9223604202,80.1432495117,72369,72409,40
12.9223604202,80.1432495117,72409,72419,10
12.9223499298,80.1432571411,72419,72429,10
12.9223499298,80.1429214478,72429,72439,10
12.9223604202,80.1424026489,72439,72449,10
12.9223098755,80.141456604,72449,72469,20
12.9223098755,80.141456604,72469,72479,10
12.9223098755,80.1414031982,72479,72490,11
12.9222898483,80.1408309937,72490,72500,10
12.9223003387,80.1402587891,72500,72510,10
12.9223003387,80.1394271851,72510,72520,10
12.9223203659,80.1386566162,72520,72530,10
12.922369957,80.1379394531,72530,72540,10
12.9224100113,80.1371688843,72540,72550,10
12.9224500656,80.1363677979,72550,72560,10
12.9224901199,80.1354904175,72560,72570,10
12.9225196838,80.1344985962,72570,72580,10
12.9225702286,80.1334915161,72580,72591,11
12.9225997925,80.1326522827,72591,72600,9
12.9226198196,80.132019043,72600,72709,109
12.9225997925,80.1316070557,72709,72800,91
12.9226198196,80.1311416626,72800,72861,61
12.9226198196,80.1311416626,72861,72871,10
12.922659874,80.130531311,72871,72891,20
12.922659874,80.1304168701,72891,72992,101
12.922659874,80.1304168701,72992,73002,10
12.9226999283,80.1300506592,73002,73012,10
12.9226999283,80.130027771,73012,73022,10
12.9227104187,80.1298294067,73022,73032,10
12.9227199554,80.1296615601,73032,73042,10
12.9227199554,80.1296005249,73042,73052,10
12.9227399826,80.1293792725,73052,73062,10
12.922750473,80.1292419434,73062,73073,11
12.9227800369,80.1289825439,73073,73083,10
12.9228000641,80.1287231445,73083,73113,30
12.9228000641,80.1287231445,73113,73123,10
12.9228200912,80.1282501221,73123,73133,10
12.922829628,80.1277618408,73133,73143,10
12.9228496552,80.1273193359,73143,73153,10
12.9228601456,80.126663208,73153,73164,11
12.922829628,80.1259689331,73164,73175,11
12.9228401184,80.1257629395,73175,73185,10
12.9228897095,80.1252365112,73185,73195,10
12.9229202271,80.1244430542,73195,73205,10
12.9229602814,80.1235427856,73205,73215,10
12.9229898453,80.1226196289,73215,73225,10
12.9230604172,80.1215209961,73225,73234,9
12.9231300354,80.1206283569,73234,73255,21
12.9231300354,80.1206283569,73255,73265,10
12.9231796265,80.1204605103,73265,73275,10
12.9232196808,80.1199111938,73275,73285,10
12.9232397079,80.1191482544,73285,73296,11
12.9232702255,80.1184082031,73296,73306,10
12.9233798981,80.1175918579,73306,73316,10
12.9233999252,80.1169967651,73316,73326,10
12.9234399796,80.1168289185,73326,73336,10
12.9234895706,80.1172332764,73336,73770,434
12.9234895706,80.1172332764,73770,73780,10
12.9235095978,80.1174621582,73780,73790,10
12.9236001968,80.1177978516,73790,73800,10
12.9235496521,80.1181869507,73800,73810,10
12.9234800339,80.1188430786,73810,73822,12
12.9233903885,80.1194763184,73822,73831,9
12.9233398438,80.1200790405,73831,73842,11
12.9232997894,80.1204681396,73842,73852,10
12.9232597351,80.1207199097,73852,73862,10
12.9232501984,80.1209564209,73862,73873,11
12.9232501984,80.1210632324,73873,73883,10
12.9232301712,80.1212081909,73883,73983,100
12.9232301712,80.1212081909,73983,73994,11
12.9231996536,80.12159729,73994,74004,10
12.9231700897,80.1222229004,74004,74014,10
12.923119545,80.1231231689,74014,74024,10
12.9230804443,80.1240615845,74024,74034,10
12.92304039,80.1250305176,74034,74044,10
12.9229898453,80.1258163452,74044,74054,10
12.9229803085,80.1265487671,74054,74064,10
12.9230003357,80.1271209717,74064,74074,10
12.9229803085,80.1272964478,74074,74084,10
12.9229402542,80.1275405884,74084,74094,10
12.9229202271,80.1277694702,74094,74105,11
12.9229097366,80.1279067993,74105,74115,10
12.9228801727,80.1282196045,74115,74125,10
12.9228401184,80.1286697388,74125,74134,9
12.9228200912,80.1290588379,74134,74145,11
12.9228000641,80.1294021606,74145,74155,10
12.9227800369,80.1298828125,74155,74165,10
12.922750473,80.1304626465,74165,74175,10
12.9227399826,80.1311187744,74175,74185,10
12.9227199554,80.1316375732,74185,74195,10
12.9226903915,80.1323776245,74195,74205,10
12.922659874,80.1333236694,74205,74215,10
12.9225997925,80.1343536377,74215,74226,11
12.9225702286,80.1351165771,74226,74236,10
12.9225502014,80.1355133057,74236,74246,10
12.9225301743,80.1362075806,74246,74256,10
12.9224901199,80.1371078491,74256,74266,10
12.9224500656,80.1379776001,74266,74276,10
12.9223899841,80.1388778687,74276,74286,10
12.9223604202,80.1395797729,74286,74296,10
12.9223604202,80.139831543,74296,74306,10
12.922369957,80.1399917603,74306,74316,10
12.9223804474,80.1402511597,74316,74326,10
12.9224004745,80.1405029297,74326,74337,11
12.9224004745,80.1411819458,74337,74347,10
12.9224100113,80.1418914795,74347,74357,10
12.9224300385,80.1422805786,74357,74397,40
12.9224300385,80.1422805786,74397,74413,16
12.9224500656,80.1426315308,74413,74425,12
12.9224596024,80.1431884766,74425,74435,10
12.9224596024,80.1434783936,74435,74445,10
12.9224796295,80.1441421509,74445,74454,9
12.9224996567,80.144859314,74454,74466,12
12.9225597382,80.1459579468,74466,74476,10
12.9225797653,80.1468276978,74476,74486,10
12.9225902557,80.1475372314,74486,74496,10
12.9225902557,80.1482315063,74496,74506,10
12.9225902557,80.1490478516,74506,74516,10
12.9226398468,80.1501998901,74516,74526,10
12.9226703644,80.1512298584,74526,74566,40
12.9226703644,80.1512298584,74566,74577,11
12.9226703644,80.1513977051,74577,74587,10
12.9226799011,80.1516799927,74587,74597,10
12.9227199554,80.1522216797,74597,74607,10
12.9228801727,80.1529464722,74607,74617,10
12.9230899811,80.1537704468,74617,74627,10
12.9233102798,80.1546173096,74627,74637,10
12.923500061,80.1552581787,74637,74647,10
12.9236803055,80.1561126709,74647,74657,10
12.9236001968,80.1572875977,74657,74667,10
12.9234895706,80.158493042,74667,74677,10
12.9233798981,80.1596679688,74677,74688,11
12.9231901169,80.1606903076,74688,74698,10
12.9229202271,80.1615905762,74698,74708,10
12.9225997925,80.1626434326,74708,74718,10
12.9223403931,80.1634063721,74718,74728,10
12.9219999313,80.1644668579,74728,74738,10
12.9217195511,80.1652679443,74738,74748,10
12.9214601517,80.1660995483,74748,74758,10
12.9211101532,80.1671905518,74758,74768,10
12.9207401276,80.1682815552,74768,74778,10
12.9204397202,80.1692886353,74778,74788,10
12.9201002121,80.1703796387,74788,74798,10
12.919839859,80.1712036133,74798,74809,11
12.9196195602,80.1719970703,74809,74819,10
12.919380188,80.1728668213,74819,74829,10
12.9191198349,80.1738815308,74829,74839,10
12.9188299179,80.1751022339,74839,74849,10
12.9184999466,80.176361084,74849,74859,10
12.9183197021,80.1773071289,74859,74869,10
12.9183397293,80.1781997681,74869,74879,10
12.9187202454,80.1787033081,74879,74889,10
12.9188098907,80.1788330078,74889,74899,10
12.9191198349,80.1792602539,74899,74909,10
12.9194402695,80.1800994873,74909,74920,11
12.919670105,80.1811828613,74920,74930,10
12.9198799133,80.1821136475,74930,74940,10
12.9200897217,80.1830215454,74940,74950,10
12.9203395844,80.1839981079,74950,74990,40
12.9203395844,80.1839981079,74990,75000,10
12.9203596115,80.1840362549,75000,75010,10
12.9204397202,80.1845169067,75010,75020,10
12.9205799103,80.1851730347,75020,75030,10
12.9206600189,80.1857681274,75030,75041,11
12.9201698303,80.1864624023,75041,75051,10
12.9195203781,80.1872024536,75051,75061,10
12.9189500809,80.1878814697,75061,75071,10
12.9183797836,80.1884994507,75071,75081,10
12.9177398682,80.1893310547,75081,75091,10
12.9174499512,80.1904067993,75091,75101,10
12.9173402786,80.1912994385,75101,75111,10
12.9172401428,80.1921234131,75111,75121,10
12.917140007,80.1927871704,75121,75131,10
12.917090416,80.1931228638,75131,75141,10
12.9170598984,80.1932067871,75141,75151,10
12.9170503616,80.1935195923,75151,75162,11
12.9171304703,80.1940994263,75162,75172,10
12.9174604416,80.1946563721,75172,75182,10
12.9181404114,80.1952972412,75182,75192,10
12.9188995361,80.1959686279,75192,75202,10
12.919500351,80.1964111328,75202,75212,10
12.92029953,80.1967315674,75212,75222,10
12.9211397171,80.1969985962,75222,75232,10
12.9221401215,80.1973266602,75232,75242,10
12.9230604172,80.1974563599,75242,75252,10
12.9239702225,80.1975402832,75252,75262,10
12.9248399734,80.1975402832,75262,75273,11
12.9252996445,80.1975326538,75273,75283,10
12.9258203506,80.197517395,75283,75293,10
12.926609993,80.1976699829,75293,75303,10
12.9275798798,80.1982727051,75303,75323,20
12.9275798798,80.1982727051,75323,75333,10
12.9276695251,80.1983566284,75333,75343,10
12.9278001785,80.1985397339,75343,75353,10
12.9279003143,80.1987228394,75353,75363,10
12.9279603958,80.1988830566,75363,75373,10
12.9280796051,80.1991119385,75373,75383,10
12.9282903671,80.1996307373,75383,75394,11
12.928440094,80.2002410889,75394,75404,10
12.9284801483,80.2009124756,75404,75414,10
12.9285001755,80.2013092041,75414,75424,10
12.9285297394,80.2018814087,75424,75434,10
12.9285898209,80.2025222778,75434,75444,10
12.9290399551,80.2027435303,75444,75454,10
12.9292402267,80.2027587891,75454,75464,10
12.9294395447,80.2027816772,75464,75474,10
12.9298601151,80.2028427124,75474,75484,10
12.9302597046,80.2029037476,75484,75494,10
12.9306697845,80.2029571533,75494,75505,11
12.9312801361,80.2031478882,75505,75515,10
12.9320001602,80.2033920288,75515,75525,10
12.9326095581,80.2035903931,75525,75535,10
12.9330596924,80.2037582397,75535,75545,10
12.9331502914,80.2037887573,75545,75555,10
12.9334001541,80.2038726807,75555,75565,10
12.9337396622,80.203918457,75565,75575,10
12.9341697693,80.2039489746,75575,75585,10
12.9345903397,80.2040023804,75585,75595,10
12.9349098206,80.2040634155,75595,75605,10
12.9355201721,80.2043075562,75605,75615,10
12.9362401962,80.2045593262,75615,75626,11
12.9371500015,80.2048187256,75626,75636,10
12.9380302429,80.2050704956,75636,75646,10
12.9389801025,80.2053604126,75646,75656,10
12.9398298264,80.205619812,75656,75666,10
12.9401397705,80.2057037354,75666,75676,10
12.9405603409,80.2058334351,75676,75686,10
12.941280365,80.2061462402,75686,75696,10
12.9419603348,80.2065963745,75696,75706,10
12.9424295425,80.2070007324,75706,75716,10
12.9427995682,80.2074127197,75716,75726,10
12.9430799484,80.2078018188,75726,75737,11
12.9433498383,80.2080230713,75737,75747,10
12.9437303543,80.208190918,75747,75757,10
12.9441099167,80.2083435059,75757,75767,10
12.9442796707,80.2083969116,75767,75777,10
12.9444999695,80.2084732056,75777,75787,10
12.9451303482,80.2087173462,75787,75797,10
12.9460201263,80.2090606689,75797,75807,10
12.9470396042,80.2094573975,75807,75817,10
12.9480695724,80.2098693848,75817,75827,10
12.9491701126,80.2103271484,75827,75837,10
12.9503898621,80.2108230591,75837,75847,10
12.9515695572,80.2112808228,75847,75858,11
12.9526195526,80.2116775513,75858,75868,10
12.9534702301,80.212020874,75868,75878,10
12.954460144,80.2124023438,75878,75888,10
12.9553604126,80.2127532959,75888,75898,10
12.9562702179,80.2131118774,75898,75908,10
12.9572696686,80.2135009766,75908,75918,10
12.9582500458,80.2138977051,75918,75928,10
12.9589500427,80.2141799927,75928,75938,10
12.95952034,80.2144165039,75938,75948,10
12.9602804184,80.2147293091,75948,75958,10
12.9611797333,80.2150802612,75958,75968,10
12.9621696472,80.2154693604,75968,75979,11
12.963060379,80.2158203125,75979,75989,10
12.9634895325,80.2159881592,75989,75999,10
12.9639101028,80.2161865234,75999,76009,10
12.964509964,80.2164382935,76009,76019,10
12.9653596878,80.2167434692,76019,76029,10
12.9661798477,80.2171020508,76029,76039,10
12.9669704437,80.2174224854,76039,76049,10
12.9677696228,80.2177276611,76049,76059,10
12.96875,80.2181167603,76059,76069,10
12.9699602127,80.2185974121,76069,76079,10
12.9710798264,80.2190475464,76079,76090,11
12.9722003937,80.2194900513,76090,76100,10
12.9725799561,80.2196273804,76100,76110,10
12.9729604721,80.2197723389,76110,76160,50
12.9729604721,80.2197723389,76160,76170,10
12.9730796814,80.2198104858,76170,76180,10
12.9732599258,80.2198791504,76180,76190,10
12.97356987,80.2200012207,76190,76200,10
12.9738903046,80.2201385498,76200,76211,11
12.9742803574,80.2203063965,76211,76221,10
12.9746103287,80.2204589844,76221,76231,10
12.9749403,80.2206115723,76231,76241,10
12.9751596451,80.2206878662,76241,76251,10
12.9753398895,80.220741272,76251,76261,10
12.9753599167,80.220741272,76261,76271,10
12.9755001068,80.2208023071,76271,76281,10
12.9756097794,80.220916748,76281,76291,10
12.9760103226,80.2212600708,76291,76322,31
12.9760103226,80.2212600708,76322,76332,10
12.9763202667,80.2212982178,76332,76342,10
12.976650238,80.221282959,76342,76352,10
12.9771203995,80.2212905884,76352,76362,10
12.9778699875,80.2212600708,76362,76372,10
12.9784202576,80.2212295532,76372,76382,10
12.9790401459,80.2211608887,76382,76392,10
12.9797496796,80.2211074829,76392,76402,10
12.9805698395,80.2210464478,76402,76412,10
12.9812803268,80.2211837769,76412,76422,10
12.982000351,80.2216567993,76422,76432,10
12.9826402664,80.2218933105,76432,76443,11
12.9827003479,80.2219161987,76443,76453,10
12.9829502106,80.2220230103,76453,76463,10
12.9829797745,80.222038269,76463,76473,10
12.9833297729,80.2222595215,76473,76483,10
12.9838600159,80.2226028442,76483,76493,10
12.9844198227,80.2229232788,76493,76503,10
12.984869957,80.223197937,76503,76513,10
12.9852895737,80.2233276367,76513,76523,10
12.9857196808,80.2230529785,76523,76533,10
12.9861402512,80.2229766846,76533,76543,10
12.9863901138,80.2229919434,76543,76554,11
12.9865703583,80.2229995728,76554,76564,10
12.9869499207,80.2230606079,76564,76574,10
12.9874601364,80.2231063843,76574,76584,10
12.9881401062,80.2228164673,76584,76594,10
12.9886798859,80.2223434448,76594,76604,10
12.9891395569,80.2218017578,76604,76614,10
12.9895801544,80.2212219238,76614,76624,10
12.9900798798,80.2206573486,76624,76634,10
12.9903402328,80.220451355,76634,76644,10
12.9905500412,80.2202987671,76644,76654,10
12.9909896851,80.2199478149,76654,76664,10
12.991350174,80.219619751,76664,76675,11
12.9915895462,80.2194213867,76675,76685,10
12.9921503067,80.2190475464,76685,76695,10
12.9928798676,80.2185516357,76695,76705,10
12.9934997559,80.2180862427,76705,76715,10
12.9940004349,80.2177429199,76715,76725,10
12.9942302704,80.2175674438,76725,76735,10
12.9945001602,80.2173690796,76735,76745,10
12.9948501587,80.2171096802,76745,76755,10
12.9953203201,80.2168197632,76755,76765,10
12.9958496094,80.2166366577,76765,76775,10
12.9963998795,80.2165298462,76775,76786,11
12.9968299866,80.2164764404,76786,76796,10
12.9968500137,80.2164764404,76796,76806,10
12.9969797134,80.216468811,76806,76816,10
12.997300148,80.216293335,76816,76826,10
12.9974803925,80.2161331177,76826,76836,10
12.9976797104,80.2159576416,76836,76846,10
12.9981603622,80.2155609131,76846,76856,10
12.9987401962,80.2150726318,76856,76866,10
12.9991397858,80.2147216797,76866,76876,10
12.999540329,80.2143630981,76876,76892,16
13.0003795624,80.2136230469,76892,76904,12
13.0011701584,80.2129592896,76904,76915,11
13.0018596649,80.2124404907,76915,76925,10
13.0024595261,80.2121276855,76925,76935,10
13.0030002594,80.2120513916,76935,76943,8
13.0034799576,80.2120437622,76943,76955,12
13.0039701462,80.212020874,76955,76965,10
13.0045003891,80.2122421265,76965,76975,10
13.005109787,80.2125778198,76975,76985,10
13.0058498383,80.2129516602,76985,76995,10
13.0064201355,80.2127380371,76995,77005,10
13.007060051,80.2127609253,77005,77015,10
13.0076398849,80.2128677368,77015,77026,11
13.0078296661,80.2130584717,77026,77056,30
13.0078296661,80.2130584717,77056,77067,11
13.0079803467,80.2131881714,77067,77077,10
13.0085000992,80.2134094238,77077,77087,10
13.0089998245,80.2140808105,77087,77096,9
13.0094499588,80.2146835327,77096,77107,11
13.0097799301,80.215133667,77107,77117,10
13.0101604462,80.2156524658,77117,77127,10
13.0106296539,80.2163619995,77127,77138,11
13.0109796524,80.2172622681,77138,77148,10
13.0112895966,80.2180480957,77148,77158,10
13.0115604401,80.2188415527,77158,77168,10
13.0119400024,80.2199783325,77168,77178,10
13.0123701096,80.2211837769,77178,77188,10
13.0129003525,80.2219390869,77188,77198,10
13.0134000778,80.2225570679,77198,77208,10
13.0138998032,80.223197937,77208,77218,10
13.0142803192,80.2236404419,77218,77228,10
13.0145998001,80.2240219116,77228,77238,10
13.0150203705,80.2245788574,77238,77248,10
13.0153999329,80.2249069214,77248,77259,11
13.0154304504,80.2249221802,77259,77269,10
13.0155601501,80.2250366211,77269,77279,10
13.0156698227,80.2251968384,77279,77289,10
13.0162601471,80.2253799438,77289,77299,10
13.0171203613,80.225112915,77299,77309,10
13.0180501938,80.2247161865,77309,77319,10
13.0188102722,80.2244415283,77319,77329,10
13.0193595886,80.2244033813,77329,77339,10
13.0196800232,80.2245407104,77339,77349,10
13.0200099945,80.2247619629,77349,77359,10
13.0204801559,80.2250823975,77359,77370,11
13.0209598541,80.225440979,77370,77380,10
13.0213804245,80.2257766724,77380,77390,10
13.0219602585,80.2262191772,77390,77400,10
13.0225095749,80.2266998291,77400,77410,10
13.0230903625,80.2272186279,77410,77421,11
13.023639679,80.2277374268,77421,77433,12
13.0241203308,80.2282714844,77433,77443,10
13.0245399475,80.2288208008,77443,77453,10
13.0250902176,80.229598999,77453,77463,10
13.0257396698,80.2305221558,77463,77473,10
13.0259799957,80.2311630249,77473,77483,10
13.0261497498,80.2313766479,77483,77494,11
13.0268001556,80.2312088013,77494,77503,9
13.0273704529,80.2310562134,77503,77514,11
13.0280199051,80.23097229,77514,77524,10
13.0282297134,80.2309494019,77524,77534,10
13.0285997391,80.2309188843,77534,77544,10
13.0292396545,80.2308273315,77544,77554,10
13.0294103622,80.230796814,77554,77564,10
13.0297803879,80.230758667,77564,77574,10
13.0301399231,80.2307434082,77574,77584,10
13.0303497314,80.23072052,77584,77594,10
13.0304002762,80.2307128906,77594,77605,11
13.0307798386,80.2306900024,77605,77615,10
13.03125,80.2306518555,77615,77625,10
13.0317401886,80.2305984497,77625,77635,10
13.0322198868,80.2305679321,77635,77645,10
13.0329303741,80.230506897,77645,77655,10
13.0339603424,80.2304229736,77655,77675,20
13.0339603424,80.2304229736,77675,77685,10
13.0341396332,80.2303695679,77685,77695,10
13.0341997147,80.2303695679,77695,77705,10
13.0343198776,80.2303619385,77705,77716,11
13.0344400406,80.2303314209,77716,77726,10
13.0347995758,80.2302017212,77726,77736,10
13.0350103378,80.2300033569,77736,77746,10
13.0349597931,80.2298126221,77746,77756,10
13.0343999863,80.2297515869,77756,77897,141
13.0341701508,80.2300415039,77897,77917,20
13.0341701508,80.2300415039,77917,77927,10
13.0341997147,80.2302017212,77927,77958,31
13.0341997147,80.2302017212,77958,77968,10
13.0341396332,80.2304382324,77968,77978,10
13.0340299606,80.2305221558,77978,77988,10
13.0335798264,80.2304916382,77988,77998,10
13.0328702927,80.2305374146,77998,78008,10
13.0322599411,80.2305984497,78008,78018,10
13.031920433,80.2306518555,78018,78028,10
13.03125,80.2306976318,78028,78038,10
13.03083992,80.2307281494,78038,78048,10
13.030579567,80.2307510376,78048,78058,10
13.0301599503,80.2307815552,78058,78069,11
13.0296297073,80.2308273315,78069,78079,10
13.0291700363,80.2308807373,78079,78089,10
13.028459549,80.2309188843,78089,78099,10
13.0277795792,80.2309875488,78099,78109,10
13.0277004242,80.2314300537,78109,78119,10
13.0277700424,80.2321395874,78119,78136,17
13.0276203156,80.2328567505,78136,78148,12
13.0268001556,80.233001709,78148,78209,61
13.0268001556,80.233001709,78209,78219,10
13.0266895294,80.233001709,78219,78229,10
13.0264196396,80.2330169678,78229,78239,10
13.0262498856,80.2325363159,78239,78249,10
13.0260601044,80.2318496704,78249,78259,10
13.0259399414,80.2314224243,78259,78269,10
13.025759697,80.2307662964,78269,78279,10
13.0252799988,80.2299499512,78279,78289,10
13.024769783,80.2292785645,78289,78299,10
13.024310112,80.2286834717,78299,78310,11
13.0238399506,80.2281265259,78310,78320,10
13.0234899521,80.2277603149,78320,78329,9
13.0232200623,80.2274932861,78329,78340,11
13.0230503082,80.2273178101,78340,78350,10
13.0225801468,80.2268981934,78350,78360,10
13.0219497681,80.2263412476,78360,78370,10
13.0215797424,80.2260437012,78370,78380,10
13.0210800171,80.2256393433,78380,78390,10
13.0205202103,80.2252578735,78390,78399,9
13.0199403763,80.2248687744,78399,78410,11
13.0189800262,80.2245407104,78410,78421,11
13.017999649,80.2248687744,78421,78431,10
13.0172300339,80.225189209,78431,78441,10
13.0167198181,80.2253799438,78441,78451,10
13.0164403915,80.2255096436,78451,78461,10
13.0162000656,80.2256011963,78461,78471,10
13.0158004761,80.225730896,78471,78481,10
13.015130043,80.2259902954,78481,78491,10
13.0144100189,80.226272583,78491,78501,10
13.0142803192,80.2263183594,78501,78511,10
13.0138397217,80.2264785767,78511,78521,10
13.0130996704,80.2267532349,78521,78531,10
13.012169838,80.2271118164,78531,78542,11
13.0109996796,80.2275772095,78542,78552,10
13.0101995468,80.227897644,78552,78562,10
13.0095796585,80.2279891968,78562,78572,10
13.0095701218,80.2274703979,78572,78582,10
13.0098400116,80.2268981934,78582,78592,10
13.0101299286,80.2262191772,78592,78602,10
13.0104904175,80.2253570557,78602,78612,10
13.010840416,80.2244567871,78612,78622,10
13.0111198425,80.2238006592,78622,78632,10
13.0114097595,80.2231216431,78632,78642,10
13.011759758,80.2222518921,78642,78653,11
13.012049675,80.2214431763,78653,78663,10
13.0121603012,80.2211227417,78663,78673,10
13.0120296478,80.2206497192,78673,78683,10
13.0117902756,80.219871521,78683,78693,10
13.011469841,80.2189178467,78693,78703,10
13.0111103058,80.2179031372,78703,78719,16
13.0105800629,80.2166595459,78719,78731,12
13.0101499557,80.2159500122,78731,78741,10
13.0098304749,80.2152175903,78741,78748,7
13.0095396042,80.2148284912,78748,78761,13
13.0086898804,80.213722229,78761,78782,21
13.0085897446,80.2136306763,78782,78802,20
13.0085897446,80.2136306763,78802,78812,10
13.0084896088,80.2135391235,78812,78822,10
13.0082902908,80.2134170532,78822,78832,10
13.0081996918,80.2133712769,78832,78842,10
13.0080299377,80.2132873535,78842,78882,40
13.0080299377,80.2132873535,78882,78893,11
13.0077199936,80.2130203247,78893,78903,10
13.007349968,80.2128601074,78903,78913,10
13.0067596436,80.2127609253,78913,78923,10
13.0060596466,80.212928772,78923,78933,10
13.0053596497,80.2127838135,78933,78943,10
13.0045099258,80.2122879028,78943,78953,10
13.0034399033,80.2120819092,78953,78963,10
13.0024499893,80.2121582031,78963,78973,10
13.0016498566,80.212638855,78973,78983,10
13.0010700226,80.2130813599,78983,78993,10
13.0006399155,80.2134475708,78993,79004,11
12.9999399185,80.2141036987,79004,79014,10
12.9995002747,80.2144699097,79014,79024,10
12.9990997314,80.2148284912,79024,79034,10
12.9987697601,80.215133667,79034,79043,9
12.9982500076,80.2155685425,79043,79054,11
12.9976100922,80.2161102295,79054,79064,10
12.9974803925,80.2162399292,79064,79074,10
12.9974002838,80.2163467407,79074,79084,10
12.997300148,80.2164535522,79084,79094,10
12.9971599579,80.2165908813,79094,79104,10
12.9967002869,80.2166137695,79104,79114,10
12.9959201813,80.2167129517,79114,79125,11
12.995059967,80.2170791626,79125,79135,10
12.9945802689,80.2174224854,79135,79145,10
12.994020462,80.2178192139,79145,79155,10
12.9933795929,80.2182693481,79155,79165,10
12.992650032,80.2188186646,79165,79175,10
12.9917802811,80.2194595337,79175,79185,10
12.9910802841,80.2199630737,79185,79195,10
12.9909601212,80.2200393677,79195,79205,10
12.9907398224,80.2201919556,79205,79215,10
12.9902601242,80.2206268311,79215,79225,10
12.9896297455,80.221206665,79225,79236,11
12.9890203476,80.2220077515,79236,79246,10
12.988360405,80.2226486206,79246,79256,10
12.9877996445,80.2230911255,79256,79266,10
12.9874000549,80.2231292725,79266,79276,10
12.9869699478,80.2230834961,79276,79286,10
12.9866104126,80.2229995728,79286,79296,10
12.9860496521,80.2229919434,79296,79306,10
12.9856700897,80.2230682373,79306,79316,10
12.9853696823,80.2233200073,79316,79326,10
12.9848403931,80.2231369019,79326,79336,10
12.9842395782,80.2227935791,79336,79346,10
12.9838600159,80.2225799561,79346,79357,11
12.9836502075,80.2224807739,79357,79367,10
12.9833097458,80.2222366333,79367,79377,10
12.9832897186,80.2222290039,79377,79387,10
12.9830904007,80.2220687866,79387,79397,10
12.9826803207,80.2218933105,79397,79407,10
12.9820804596,80.2216796875,79407,79417,10
12.9814395905,80.2212524414,79417,79427,10
12.980629921,80.2210388184,79427,79437,10
12.979640007,80.2211074829,79437,79447,10
12.9789896011,80.2211685181,79447,79457,10
12.9785203934,80.2211837769,79457,79467,10
12.9777698517,80.2211990356,79467,79478,11
12.9768104553,80.2212371826,79478,79488,10
12.976099968,80.2212677002,79488,79498,10
12.975810051,80.2212219238,79498,79508,10
12.9757995605,80.2211990356,79508,79524,16
12.9754896164,80.2209320068,79524,79536,12
12.974729538,80.2204818726,79536,79544,8
12.9740200043,80.2201919556,79544,79556,12
12.9729299545,80.2197570801,79556,79566,10
12.9717903137,80.2193603516,79566,79578,12
12.971159935,80.2191390991,79578,79588,10
12.9710798264,80.2191085815,79588,79599,11
12.9706401825,80.2189331055,79599,79609,10
12.9699602127,80.2186279297,79609,79619,10
12.9692001343,80.2183303833,79619,79629,10
12.968460083,80.2180404663,79629,79639,10
12.9677200317,80.2177505493,79639,79649,10
12.9668502808,80.2173995972,79649,79672,23
12.9641304016,80.2163009644,79672,79684,12
12.9630498886,80.2157974243,79684,79693,9
12.9622097015,80.215461731,79693,79704,11
12.9609804153,80.2149734497,79704,79715,11
12.9596099854,80.2144622803,79715,79725,10
12.958319664,80.2139205933,79725,79735,10
12.9570302963,80.2134094238,79735,79745,10
12.9557504654,80.2129211426,79745,79754,9
12.9545602798,80.2124710083,79754,79765,11
12.9531698227,80.2118911743,79765,79775,10
12.9520101547,80.2114181519,79775,79785,10
12.9506998062,80.210899353,79785,79795,10
12.9493703842,80.2103805542,79795,79805,10
12.9482898712,80.2099609375,79805,79815,10
12.9470396042,80.2094573975,79815,79826,11
12.9454803467,80.2088470459,79826,79836,10
12.9444599152,80.2084579468,79836,79845,9
12.9441795349,80.2083587646,79845,79856,11
12.9439201355,80.2082366943,79856,79866,10
12.9432497025,80.2079467773,79866,79876,10
12.9426298141,80.2072601318,79876,79886,10
12.9419002533,80.2065582275,79886,79896,10
12.9410295486,80.2060012817,79896,79906,10
12.9404201508,80.2057418823,79906,79916,10
12.9399404526,80.2056121826,79916,79926,10
12.9395198822,80.2054824829,79926,79937,11
12.938750267,80.2052536011,79937,79947,10
12.937959671,80.2050170898,79947,79957,10
12.9371995926,80.2048110962,79957,79967,10
12.9364299774,80.2045898438,79967,79977,10
12.9356002808,80.2043380737,79977,79987,10
12.9347696304,80.2040100098,79987,79997,10
12.9338998795,80.2039108276,79997,80007,10
12.9334201813,80.2038726807,80007,80017,10
12.9333200455,80.2038497925,80017,80027,10
12.932849884,80.2036514282,80027,80037,10
12.9322595596,80.2034378052,80037,80047,10
12.9315395355,80.2032012939,80047,80058,11
12.9304103851,80.2028808594,80058,80068,10
12.9294996262,80.2027587891,80068,80078,10
12.929400444,80.2027587891,80078,80088,10
12.9291696548,80.2027282715,80088,80098,10
12.9286003113,80.2025909424,80098,80108,10
12.928440094,80.2019119263,80108,80118,10
12.9284200668,80.2012405396,80118,80128,10
12.9284000397,80.2002716064,80128,80138,10
12.9280996323,80.1991882324,80138,80148,10
12.9274997711,80.1981964111,80148,80158,10
12.9265098572,80.1976165771,80158,80169,11
12.9257001877,80.1975021362,80169,80179,10
12.9253396988,80.1975097656,80179,80189,10
12.924779892,80.1974868774,80189,80199,10
12.9239301682,80.197479248,80199,80209,10
12.9230604172,80.1974105835,80209,80219,10
12.9221801758,80.1972808838,80219,80229,10
12.9213199615,80.1970367432,80229,80239,10
12.9205799103,80.1967697144,80239,80249,10
12.919839859,80.1965026855,80249,80258,9
12.9191999435,80.196182251,80258,80269,11
12.9185695648,80.1956634521,80269,80279,10
12.9180402756,80.1951599121,80279,80290,11
12.9173603058,80.1945266724,80290,80300,10
12.917090416,80.194190979,80300,80310,10
12.9170198441,80.1940383911,80310,80320,10
12.9169597626,80.1934814453,80320,80330,10
12.9170598984,80.1926269531,80330,80340,10
12.9171600342,80.1920928955,80340,80350,10
12.9172201157,80.1914596558,80350,80360,10
12.9172496796,80.1913299561,80360,80370,10
12.9173002243,80.1910400391,80370,80380,10
12.9173297882,80.190612793,80380,80390,10
12.9173297882,80.1905212402,80390,80401,11
12.9174003601,80.1901321411,80401,80411,10
12.9175701141,80.1894378662,80411,80421,10
12.9180603027,80.1886062622,80421,80431,10
12.9187803268,80.1877975464,80431,80441,10
12.9195995331,80.1868667603,80441,80451,10
12.9204702377,80.1858520508,80451,80461,10
12.9204301834,80.1846466064,80461,80471,10
12.9201402664,80.1834106445,80471,80481,10
12.9198799133,80.1824188232,80481,80491,10
12.9198703766,80.1823196411,80491,80501,10
12.9197597504,80.1818618774,80501,80511,10
12.9195995331,80.1810836792,80511,80522,11
12.9194002151,80.1800231934,80522,80532,10
12.9189596176,80.1790237427,80532,80542,10
12.9183101654,80.1781234741,80542,80552,10
12.9182796478,80.1769104004,80552,80562,10
12.9185600281,80.1756591797,80562,80572,10
12.9188699722,80.1743774414,80572,80582,10
12.9191999435,80.1730575562,80582,80592,10
12.9195203781,80.1718826294,80592,80602,10
12.9197597504,80.1709365845,80602,80612,10
12.9197998047,80.1708221436,80612,80622,10
12.919960022,80.1703720093,80622,80632,10
12.9202003479,80.1695632935,80632,80642,10
12.9205198288,80.1686019897,80642,80653,11
12.9209098816,80.1674194336,80653,80663,10
12.9213104248,80.1661834717,80663,80673,10
12.9217395782,80.1648712158,80673,80683,10
12.922129631,80.1636123657,80683,80693,10
12.9225196838,80.1623535156,80693,80703,10
12.9229297638,80.1611022949,80703,80713,10
12.9230899811,80.1604995728,80713,80723,10
12.9231100082,80.1604385376,80723,80733,10
12.9232397079,80.1599884033,80733,80743,10
12.9233398438,80.1591720581,80743,80754,11
12.9234800339,80.157951355,80754,80764,10
12.9235801697,80.1567230225,80764,80774,10
12.9235801697,80.155632019,80774,80784,10
12.9233102798,80.1548919678,80784,80794,10
12.9232997894,80.1547622681,80794,80804,10
12.923210144,80.1542816162,80804,80814,10
12.9230298996,80.1535263062,80814,80824,10
12.9228000641,80.1526031494,80824,80834,10
12.922659874,80.1516723633,80834,80844,10
12.9226303101,80.1505126953,80844,80854,10
12.9225797653,80.1492462158,80854,80865,11
12.922539711,80.1480484009,80865,80875,10
12.9225301743,80.1471099854,80875,80885,10
12.9225196838,80.1467590332,80885,80895,10
12.9225301743,80.1464385986,80895,80905,10
12.9225196838,80.1457824707,80905,80915,10
12.9224901199,80.1448898315,80915,80925,10
12.9224596024,80.1438369751,80925,80935,10
12.9224300385,80.1429595947,80935,80945,10
12.9224300385,80.1426010132,80945,80955,10
12.9224004745,80.1419372559,80955,80965,10
12.922369957,80.1413803101,80965,80975,10
12.922369957,80.1413116455,80975,80986,11
12.9223804474,80.14112854,80986,80996,10
12.922369957,80.1405181885,80996,81006,10
12.9223604202,80.1396331787,81006,81016,10
12.9223804474,80.1386489868,81016,81026,10
12.922419548,80.1377487183,81026,81036,10
12.9224596024,80.1371307373,81036,81046,10
12.9224901199,80.1365203857,81046,81056,10
12.9225196838,80.1359100342,81056,81066,10
12.922539711,80.135093689,81066,81076,10
12.9225997925,80.1341094971,81076,81086,10
12.9226398468,80.1330566406,81086,81096,10
12.922659874,80.1320419312,81096,81107,11
12.9226903915,80.1312026978,81107,81117,10
12.9227104187,80.1308898926,81117,81127,10
12.922750473,80.1301879883,81127,81137,10
12.9228096008,80.1293487549,81137,81147,10
12.9228601456,80.12840271,81147,81157,10
12.9228696823,80.127456665,81157,81167,10
12.9229001999,80.1266479492,81167,81177,10
12.9229402542,80.125328064,81177,81187,10
12.9229898453,80.1241378784,81187,81197,10
12.92304039,80.1228637695,81197,81207,10
12.9231100082,80.1215591431,81207,81218,11
12.9231901169,80.1204071045,81218,81238,20
12.9231901169,80.1204071045,81238,81248,10
12.9232397079,80.1201477051,81248,81258,10
12.9232702255,80.1195526123,81258,81268,10
12.9232702255,80.1188201904,81268,81278,10
12.9233598709,80.118019104,81278,81288,10
12.9234399796,80.1170883179,81288,81298,10
12.9234304428,80.1167984009,81298,81308,10
12.9235801697,80.116897583,81308,81318,10
12.9235296249,80.1174621582,81318,81329,11
12.9235601425,80.118057251,81329,81339,10
12.9234600067,80.1188583374,81339,81349,10
12.923330307,80.1198425293,81349,81359,10
12.9232397079,80.12084198,81359,81369,10
12.9231595993,80.121887207,81369,81379,10
12.9231004715,80.1231231689,81379,81389,10
12.9230699539,80.1243286133,81389,81399,10
12.9230604172,80.1253814697,81399,81409,10
12.9230203629,80.1258392334,81409,81419,10
12.9229602814,80.1265869141,81419,81429,10
12.9229202271,80.1276016235,81429,81439,10
12.9228496552,80.1284866333,81439,81450,11
12.9228200912,80.1291885376,81450,81460,10
12.9227895737,80.1297988892,81460,81470,10
12.9227695465,80.1303482056,81470,81480,10
12.9227600098,80.1309585571,81480,81490,10
12.9227199554,80.1318283081,81490,81500,10
12.9227199554,80.1326675415,81500,81510,10
12.9226398468,80.1336212158,81510,81520,10
12.9225902557,80.1346817017,81520,81530,10
12.9225502014,80.1354980469,81530,81540,10
12.9225196838,80.1362228394,81540,81550,10
12.9224901199,80.1369018555,81550,81560,10
12.9224700928,80.1371231079,81560,81571,11
12.9224596024,80.1374664307,81571,81581,10
12.9224395752,80.1380081177,81581,81591,10
12.9223804474,80.1388168335,81591,81601,10
12.9223604202,80.1397399902,81601,81611,10
12.9223899841,80.1404266357,81611,81621,10
12.9224004745,80.1412734985,81621,81631,10
12.922419548,80.142288208,81631,81641,10
12.9224500656,80.1431121826,81641,81651,10
12.9224796295,80.1438827515,81651,81667,16
12.922539711,80.1457519531,81667,81679,12
12.9225902557,80.147277832,81679,81690,11
12.9225597382,80.1484603882,81690,81700,10
12.9226303101,80.1493682861,81700,81710,10
12.9226703644,80.150390625,81710,81720,10
12.9226903915,80.1513137817,81720,81729,9
12.9227304459,80.1520385742,81729,81739,10
12.9229402542,80.153137207,81739,81750,11
12.9233503342,80.1546630859,81750,81762,12
12.9236803055,80.1561965942,81762,81772,10
12.9235801697,80.1575698853,81772,81782,10
12.9234399796,80.1589813232,81782,81792,10
12.9232501984,80.1603775024,81792,81803,11
12.9227800369,80.161857605,81803,81813,10
12.9223003387,80.1633071899,81813,81823,10
12.9218301773,80.1647796631,81823,81833,10
12.9213399887,80.1662902832,81833,81843,10
12.9209003448,80.1677627563,81843,81853,10
12.920539856,80.1687469482,81853,81863,10
12.9201803207,80.1699371338,81863,81873,10
12.9198703766,80.1709594727,81873,81883,10
12.919500351,80.1722793579,81883,81893,10
12.9191703796,80.1735229492,81893,81903,10
12.9188203812,80.1748428345,81903,81914,11
12.9184503555,80.1763534546,81914,81924,10
12.9182195663,80.1777114868,81924,81934,10
12.9187803268,80.1788024902,81934,81944,10
12.9193897247,80.1798324585,81944,81954,10
12.9196996689,80.1813964844,81954,81964,10
12.9200201035,80.1828613281,81964,81974,10
12.9203300476,80.1839828491,81974,81984,10
12.9204101563,80.1844482422,81984,81994,10
12.9206199646,80.1852722168,81994,82004,10
12.9203300476,80.1862487793,82004,82014,10
12.9194898605,80.1872024536,82014,82024,10
12.9187803268,80.1880187988,82024,82035,11
12.9180297852,80.1888580322,82035,82045,10
12.9175300598,80.189956665,82045,82055,10
12.9173603058,80.1910324097,82055,82065,10
12.91726017,80.1918716431,82065,82075,10
12.9172000885,80.1923522949,82075,82085,10
12.9170703888,80.1930389404,82085,82095,10
12.9171199799,80.1940002441,82095,82105,10
12.9174003601,80.1945266724,82105,82115,10
12.9179000854,80.195022583,82115,82125,10
12.9186000824,80.1956176758,82125,82135,10
12.9194602966,80.1962890625,82135,82146,11
12.920419693,80.1966705322,82146,82156,10
12.9211301804,80.1968994141,82156,82166,10
12.9219503403,80.1971817017,82166,82176,10
12.9230203629,80.1973495483,82176,82186,10
12.9240398407,80.1974411011,82186,82196,10
12.9249897003,80.1974411011,82196,82206,10
12.9252796173,80.1974334717,82206,82216,10
12.9257202148,80.1974411011,82216,82226,10
12.9264202118,80.197517395,82226,82236,10
12.927189827,80.1978530884,82236,82246,10
12.9278402328,80.1984786987,82246,82256,10
12.9282398224,80.1993179321,82256,82267,11
12.9284896851,80.2002716064,82267,82276,9
12.9285202026,80.2010803223,82276,82287,11
12.9285497665,80.202003479,82287,82297,10
12.9287900925,80.20262146,82297,82307,10
12.9295301437,80.2027282715,82307,82317,10
12.9303398132,80.2028274536,82317,82327,10
12.9311800003,80.2030410767,82327,82337,10
12.9320497513,80.2033233643,82337,82347,10
12.9328804016,80.2035827637,82347,82357,10
12.9336204529,80.2038192749,82357,82367,10
12.9344596863,80.2039108276,82367,82378,11
12.9351596832,80.2040634155,82378,82388,10
12.9358997345,80.2043609619,82388,82397,9
12.9365596771,80.2045516968,82397,82408,11
12.9371204376,80.2047195435,82408,82418,10
12.9378004074,80.2049102783,82418,82428,10
12.9384202957,80.2051010132,82428,82438,10
12.939040184,80.205291748,82438,82448,10
12.9397001266,80.2054977417,82448,82458,10
12.9404602051,80.2057189941,82458,82468,10
12.9412899017,80.2060394287,82468,82478,10
12.9420003891,80.2065200806,82478,82488,10
12.9425802231,80.2070007324,82488,82499,11
12.9430999756,80.2076797485,82499,82509,10
12.9436702728,80.2080688477,82509,82519,10
12.9441795349,80.2082519531,82519,82529,10
12.944899559,80.2085266113,82529,82539,10
12.9458503723,80.2088775635,82539,82549,10
12.9467802048,80.2092666626,82549,82559,10
12.9476499557,80.2095794678,82559,82569,10
12.9485397339,80.2099075317,82569,82579,10
12.9495401382,80.2102966309,82579,82589,10
12.9506502151,80.2107391357,82589,82599,10
12.9518299103,80.2112197876,82599,82610,11
12.9528999329,80.2116470337,82610,82620,10
12.9536504745,80.2119598389,82620,82630,10
12.9546804428,80.2123718262,82630,82640,10
12.9558296204,80.2128219604,82640,82650,10
12.9567403793,80.213142395,82650,82660,10
12.9578399658,80.2135772705,82660,82670,10
12.9589195251,80.2140426636,82670,82680,10
12.9599399567,80.2144699097,82680,82690,10
12.961139679,80.2149505615,82690,82700,10
12.9624595642,80.2154464722,82700,82710,10
12.9635095596,80.2158584595,82710,82720,10
12.9644699097,80.216293335,82720,82731,11
12.9657001495,80.216796875,82731,82741,10
12.9667396545,80.2171936035,82741,82751,10
12.9675703049,80.2175216675,82751,82761,10
12.9684495926,80.2178878784,82761,82771,10
12.9695196152,80.2182998657,82771,82781,10
12.9707298279,80.2188034058,82781,82797,16
12.9726400375,80.2195587158,82797,82809,12
12.9738798141,80.2200317383,82809,82819,10
12.9750499725,80.2205123901,82819,82881,62
12.9750499725,80.2205123901,82881,82891,10
12.9754695892,80.2206726074,82891,82901,10
12.9758901596,80.2210769653,82901,82911,10
12.9766197205,80.2212295532,82911,82921,10
12.9775400162,80.2212219238,82921,82931,10
12.9785203934,80.2211990356,82931,82941,10
12.9795799255,80.2211227417,82941,82951,10
12.9806404114,80.221031189,82951,82962,11
12.981590271,80.221321106,82962,82972,10
12.9822998047,80.2217483521,82972,82982,10
12.9830303192,80.2220077515,82982,82992,10
12.9837198257,80.2224502563,82992,83002,10
12.9845104218,80.22290802,83002,83012,10
12.9853801727,80.2232894897,83012,83022,10
12.9858798981,80.2229995728,83022,83032,10
12.9865503311,80.2229766846,83032,83042,10
12.9868898392,80.2230300903,83042,83052,10
12.9876203537,80.2230911255,83052,83062,10
12.9884500504,80.2225189209,83062,83072,10
12.9892501831,80.2216491699,83072,83083,11
12.9901304245,80.2206115723,83083,83093,10
12.9909601212,80.2199401855,83093,83103,10
12.9914703369,80.219543457,83103,83113,10
12.9921398163,80.219078064,83113,83123,10
12.9929199219,80.2185134888,83123,83133,10
12.9937000275,80.2179336548,83133,83143,10
12.9944000244,80.2174301147,83143,83153,10
12.9948797226,80.2170715332,83153,83163,10
12.9955501556,80.2167205811,83163,83172,9
12.9961996078,80.2165603638,83172,83183,11
12.9969301224,80.2164764404,83183,83194,11
12.997420311,80.216178894,83194,83204,10
12.998000145,80.2156906128,83204,83214,10
12.9986000061,80.2151412964,83214,83224,10
12.9990997314,80.2147216797,83224,83234,10
12.9994697571,80.2144393921,83234,83244,10
13.0,80.2139816284,83244,83254,10
13.0005903244,80.2134170532,83254,83264,10
13.0012998581,80.2128601074,83264,83274,10
13.0019903183,80.2123718262,83274,83284,10
13.0026397705,80.2120819092,83284,83294,10
13.0032701492,80.2120513916,83294,83304,10
13.0038795471,80.2119674683,83304,83316,12
13.0046596527,80.2123184204,83316,83326,10
13.0053796768,80.2127532959,83326,83335,9
13.0060796738,80.2128372192,83335,83346,11
13.006939888,80.2127304077,83346,83356,10
13.0078001022,80.2130126953,83356,83366,10
13.0084695816,80.2133636475,83366,83376,10
13.0089702606,80.2139892578,83376,83386,10
13.0095100403,80.2147598267,83386,83396,10
13.0099601746,80.2153396606,83396,83406,10
13.0104598999,80.2159805298,83406,83416,10
13.0107603073,80.2166976929,83416,83427,11
13.0111503601,80.2176818848,83427,83437,10
13.0115604401,80.2188034058,83437,83447,10
13.0120201111,80.2199401855,83447,83457,10
13.0123195648,80.2208404541,83457,83467,10
13.0123796463,80.2211532593,83467,83477,10
13.0123596191,80.2212371826,83477,83487,10
13.0123500824,80.2212982178,83487,83495,8
13.0123500824,80.2214584351,83495,83507,12
13.0124197006,80.2216567993,83507,83517,10
13.012720108,80.2219467163,83517,83537,20
13.012720108,80.2219467163,83537,83548,11
13.0128002167,80.2220611572,83548,83558,10
13.0129404068,80.2222824097,83558,83568,10
13.0129499435,80.2222824097,83568,83578,10
13.0131597519,80.2225112915,83578,83588,10
13.0133695602,80.2227172852,83588,83598,10
13.0135097504,80.2228622437,83598,83608,10
13.0137300491,80.2230606079,83608,83618,10
13.0139198303,80.223197937,83618,83628,10
13.013999939,80.2232513428,83628,83638,10
13.0140895844,80.2233200073,83638,83648,10
13.0142202377,80.223487854,83648,83659,11
13.0145397186,80.2239227295,83659,83669,10
13.0150403976,80.224647522,83669,83679,10
13.0154399872,80.2252731323,83679,83689,10
13.0153102875,80.225769043,83689,83699,10
13.014840126,80.226020813,83699,83709,10
13.0146999359,80.22605896,83709,83729,20
13.0146999359,80.22605896,83729,83739,10
13.0144796371,80.2261428833,83739,83749,10
13.0142297745,80.2262191772,83749,83759,10
13.0141601563,80.2257385254,83759,83859,100
13.0141601563,80.2257385254,83859,83869,10
13.0141401291,80.2256622314,83869,83879,10
13.0142202377,80.2253875732,83879,83889,10
