13.0003299713,80.2664031982,40112,40394,282
13.0003299713,80.2664031982,40394,40404,10
13.0002803802,80.2666015625,40404,40423,19
13.0002803802,80.2666015625,40423,40435,12
13.0002202988,80.2667922974,40435,40445,10
12.999879837,80.2669219971,40445,40455,10
12.9993400574,80.2670593262,40455,40465,10
12.9987297058,80.2672424316,40465,40475,10
12.9982299805,80.2673873901,40475,40485,10
12.9977502823,80.2675323486,40485,40495,10
12.997179985,80.2676773071,40495,40505,10
12.9967498779,80.2677764893,40505,40515,10
12.9965801239,80.2678070068,40515,40525,10
12.9958095551,80.2677688599,40525,40546,21
12.9958095551,80.2677688599,40546,40556,10
12.995639801,80.2674102783,40556,40586,30
12.995639801,80.2674102783,40586,40596,10
12.995639801,80.2673034668,40596,40606,10
12.9956998825,80.2668991089,40606,40616,10
12.9957704544,80.2662582397,40616,40626,10
12.9958600998,80.2655181885,40626,40637,11
12.9959602356,80.2646484375,40637,40647,10
12.9960699081,80.2638092041,40647,40657,10
12.9961395264,80.2630462646,40657,40667,10
12.9961996078,80.2626190186,40667,40687,20
12.9961996078,80.2626190186,40687,40697,10
12.9962100983,80.2624816895,40697,40707,10
12.996219635,80.2623825073,40707,40717,10
12.9962501526,80.2620620728,40717,40727,10
12.9963102341,80.2616271973,40727,40737,10
12.9963598251,80.2610092163,40737,40748,11
12.9964504242,80.2602767944,40748,40758,10
12.9965200424,80.259437561,40758,40778,20
12.9965200424,80.259437561,40778,40788,10
12.9965600967,80.2590866089,40788,40798,10
12.9966096878,80.2586135864,40798,40808,10
12.9966602325,80.2580795288,40808,40818,10
12.9966802597,80.2578125,40818,40828,10
12.996720314,80.2576065063,40828,40838,10
12.9967699051,80.2572097778,40838,40848,10
12.9968204498,80.2565689087,40848,40879,31
12.9968204498,80.2565689087,40879,40889,10
12.9968700409,80.2561035156,40889,40984,95
12.9968700409,80.2561035156,40984,41004,20
12.9968500137,80.2558288574,41004,41015,11
12.9972496033,80.2557983398,41015,41025,10
12.9977998734,80.2558288574,41025,41035,10
12.9982500076,80.2558898926,41035,41046,11
12.9987201691,80.2559509277,41046,41076,30
12.9987201691,80.2559509277,41076,41086,10
12.9990797043,80.2561264038,41086,41126,40
12.9990797043,80.2561264038,41126,41136,10
12.9993095398,80.2561569214,41136,41146,10
12.9997396469,80.2562332153,41146,41157,11
13.0003499985,80.2563400269,41157,41167,10
13.0010099411,80.2564620972,41167,41177,10
13.0013198853,80.2565002441,41177,41187,10
13.001449585,80.2565383911,41187,41197,10
13.0016498566,80.2565689087,41197,41207,10
13.0019798279,80.2566223145,41207,41217,10
13.0024299622,80.2566833496,41217,41227,10
13.0027999878,80.2567520142,41227,41237,10
13.0030498505,80.2567977905,41237,41247,10
13.0035104752,80.2568817139,41247,41258,11
13.0041904449,80.2570037842,41258,41268,10
13.0045604706,80.2570571899,41268,41278,10
13.0050897598,80.2571487427,41278,41288,10
13.0058403015,80.2572784424,41288,41298,10
13.0064096451,80.2573623657,41298,41308,10
13.0065402985,80.2572631836,41308,41318,10
13.0065002441,80.256980896,41318,41338,20
13.006480217,80.2557373047,41338,41348,10
13.0065002441,80.2550506592,41348,41358,10
13.006480217,80.2541885376,41358,41368,10
13.0065002441,80.2532501221,41368,41388,20
13.0065002441,80.2532501221,41388,41399,11
13.0064897537,80.2528762817,41399,41408,9
13.0065803528,80.2520523071,41408,41469,61
13.0065803528,80.2520523071,41469,41479,10
13.0066404343,80.2517929077,41479,41489,10
13.0067501068,80.251159668,41489,41499,10
13.0067796707,80.2502670288,41499,41509,10
13.0067396164,80.2496414185,41509,41519,10
13.0067396164,80.2496337891,41519,41529,10
13.0067501068,80.2492370605,41529,41539,10
13.0066900253,80.248626709,41539,41549,10
13.0066604614,80.248260498,41549,41562,13
13.0066404343,80.247756958,41562,41572,10
13.0066299438,80.2472610474,41572,41582,10
13.0065603256,80.2466964722,41582,41592,10
13.0065603256,80.24659729,41592,41602,10
13.0065603256,80.2465591431,41602,41612,10
13.0066204071,80.2461776733,41612,41622,10
13.0066404343,80.2455215454,41622,41632,10
13.006649971,80.2448272705,41632,41642,10
13.0066699982,80.2443466187,41642,41652,10
13.0066604614,80.2438430786,41652,41663,11
13.006649971,80.2432174683,41663,41673,10
13.0066003799,80.242477417,41673,41683,10
13.0066003799,80.2417602539,41683,41693,10
13.0066003799,80.2416534424,41693,41703,10
13.0065698624,80.2414016724,41703,41713,10
13.0067396164,80.2403869629,41713,41774,61
13.0067396164,80.2403869629,41774,41784,10
13.0067901611,80.239906311,41784,41794,10
13.0069599152,80.2393035889,41794,41804,10
13.0071001053,80.2384796143,41804,41814,10
13.0072898865,80.2375869751,41814,41824,10
13.0073699951,80.2369308472,41824,41834,10
13.0073795319,80.236869812,41834,41844,10
13.0074300766,80.2366714478,41844,41854,10
13.0075702667,80.2361831665,41854,41865,11
13.0077199936,80.2354431152,41865,41875,10
13.0078601837,80.234703064,41875,41885,10
13.008020401,80.2339096069,41885,41895,10
13.0081996918,80.2329711914,41895,41905,10
13.0083999634,80.2319335938,41905,41915,10
13.008600235,80.2309112549,41915,41925,10
13.0088100433,80.2298278809,41925,41935,10
13.0090198517,80.2287826538,41935,41945,10
13.0093603134,80.2277526855,41945,41955,10
13.0098104477,80.2267532349,41955,41966,11
13.0102996826,80.2257766724,41966,41976,10
13.0105400085,80.2253112793,41976,41986,10
13.0106201172,80.2251281738,41986,41996,10
13.0108098984,80.2247467041,41996,42006,10
13.0110301971,80.2242431641,42006,42016,10
13.0112400055,80.2237167358,42016,42026,10
13.0112495422,80.2236785889,42026,42036,10
13.0113897324,80.2232971191,42036,42046,10
13.0117101669,80.2226486206,42046,42056,10
13.0119495392,80.2218704224,42056,42067,11
13.0123195648,80.2214508057,42067,42077,10
13.012550354,80.2216873169,42077,42087,10
13.0129499435,80.2222595215,42087,42097,10
13.0135002136,80.2229003906,42097,42107,10
13.0139102936,80.2232589722,42107,42117,10
13.0139703751,80.2233200073,42117,42127,10
13.0141801834,80.2235031128,42127,42137,10
13.0144796371,80.2238693237,42137,42147,10
13.0149202347,80.2244720459,42147,42157,10
13.0151100159,80.2246932983,42157,42168,11
13.0156202316,80.2250976563,42168,42188,20
13.0156202316,80.2250976563,42188,42198,10
13.0156698227,80.2251586914,42198,42208,10
13.0160398483,80.2253494263,42208,42218,10
13.0167798996,80.2252426147,42218,42228,10
13.0174703598,80.2249526978,42228,42238,10
13.0181503296,80.2246704102,42238,42248,10
13.0193099976,80.2242736816,42248,42269,21
13.0193099976,80.2242736816,42269,42279,10
13.0194702148,80.2243118286,42279,42289,10
13.0197200775,80.2244796753,42289,42299,10
13.0200796127,80.2247695923,42299,42309,10
13.0205402374,80.2251205444,42309,42319,10
13.0210800171,80.2255477905,42319,42329,10
13.0216302872,80.2259902954,42329,42339,10
13.02202034,80.2262802124,42339,42349,10
13.0224704742,80.2266998291,42349,42359,10
13.0230903625,80.2272491455,42359,42369,10
13.0238103867,80.2279205322,42369,42379,10
13.0243701935,80.228553772,42379,42390,11
13.0247297287,80.2290420532,42390,42400,10
13.0254096985,80.2298431396,42400,42420,20
13.0254096985,80.2298431396,42420,42430,10
13.0255203247,80.2300186157,42430,42440,10
13.0257396698,80.2304000854,42440,42449,9
13.0258798599,80.2306594849,42449,42460,11
13.025970459,80.2310180664,42460,42472,12
13.0262002945,80.231300354,42472,42482,10
13.0266399384,80.2312088013,42482,42492,10
13.0271997452,80.2310791016,42492,42500,8
13.0274896622,80.2309875488,42500,42512,12
13.0280895233,80.2309112549,42512,42532,20
13.0280895233,80.2309112549,42532,42542,10
13.0284900665,80.2308807373,42542,42573,31
13.0284900665,80.2308807373,42573,42583,10
13.0289497375,80.2308807373,42583,42593,10
13.0293903351,80.2308502197,42593,42642,49
13.0293903351,80.2308502197,42642,42653,11
13.0296401978,80.2308120728,42653,42663,10
13.0301504135,80.230758667,42663,42673,10
13.0306501389,80.2307128906,42673,42684,11
13.0306997299,80.2305297852,42684,42693,9
13.0306196213,80.2301330566,42693,42706,13
13.0303201675,80.229309082,42706,42716,10
13.0303401947,80.2285385132,42716,42726,10
13.0303697586,80.2283172607,42726,42736,10
13.0304002762,80.2277679443,42736,42767,31
13.0304002762,80.2277679443,42767,42779,12
13.0303697586,80.2275466919,42779,42789,10
13.0299396515,80.2274398804,42789,42799,10
13.0295600891,80.2273712158,42799,42809,10
13.0290603638,80.2273025513,42809,42819,10
13.0287504196,80.2272567749,42819,42829,10
13.0285902023,80.2272109985,42829,42839,10
13.0281095505,80.2271194458,42839,42849,10
13.0279197693,80.2268371582,42849,42859,10
13.0280504227,80.2261734009,42859,42869,10
13.0282297134,80.2253494263,42869,42879,10
13.028380394,80.2244873047,42879,42889,10
13.0285997391,80.2240600586,42889,42898,9
13.0287704468,80.2240524292,42898,42909,11
13.0289402008,80.2241210938,42909,42919,10
13.0290899277,80.2242507935,42919,42930,11
13.0296201706,80.2242507935,42930,42940,10
13.0303001404,80.2242965698,42940,42950,10
13.0309696198,80.2242736816,42950,42960,10
13.0310897827,80.2239379883,42960,42970,10
13.0311403275,80.2235031128,42970,42980,10
13.0311698914,80.2232284546,42980,42990,10
13.0311803818,80.2231216431,42990,43000,10
13.0312995911,80.2227096558,43000,43010,10
13.0315799713,80.2221298218,43010,43022,12
13.0318803787,80.2214736938,43022,43034,12
13.0320796967,80.2205963135,43034,43044,10
13.0321598053,80.2198104858,43044,43064,20
13.0321598053,80.2198104858,43064,43074,10
13.0321998596,80.219619751,43074,43085,11
13.03221035,80.2190475464,43085,43095,10
13.0320501328,80.2185211182,43095,43105,10
13.0315198898,80.2182922363,43105,43115,10
13.0314702988,80.2175216675,43115,43125,10
13.0313901901,80.2170791626,43125,43135,10
13.031129837,80.2169876099,43135,43145,10
13.0306596756,80.2169494629,43145,43155,10
13.030500412,80.2166290283,43155,43174,19
13.030500412,80.2166290283,43174,43186,12
13.0304098129,80.2160568237,43186,43196,10
13.030380249,80.2153396606,43196,43206,10
13.0304002762,80.2146987915,43206,43216,10
13.0304098129,80.2145996094,43216,43226,10
13.0304203033,80.2144165039,43226,43236,10
13.0304803848,80.2139816284,43236,43246,10
13.0305299759,80.2136611938,43246,43256,10
13.0305500031,80.2134017944,43256,43266,10
13.0306196213,80.2129135132,43266,43276,10
13.030670166,80.2124786377,43276,43287,11
13.0307798386,80.2119216919,43287,43297,10
13.0308303833,80.2115631104,43297,43307,10
13.0308704376,80.211151123,43307,43317,10
13.0309000015,80.2109222412,43317,43327,10
13.0309696198,80.2104492188,43327,43337,10
13.0309801102,80.2102737427,43337,43347,10
13.0307502747,80.2100906372,43347,43357,10
13.0302400589,80.2099227905,43357,43367,10
13.0301103592,80.2094726563,43367,43398,31
13.0301103592,80.2094726563,43398,43408,10
13.0302801132,80.2090835571,43408,43418,10
13.0308599472,80.2092208862,43418,43428,10
13.0314702988,80.2093734741,43428,43438,10
13.0315198898,80.2093734741,43438,43448,10
13.0315799713,80.2093811035,43448,43458,10
13.031999588,80.209487915,43458,43468,10
13.0326900482,80.2096405029,43468,43478,10
13.0335998535,80.2098007202,43478,43489,11
13.0347499847,80.2099761963,43489,43499,10
13.0351696014,80.2096099854,43499,43509,10
13.0352296829,80.2091217041,43509,43519,10
13.0352602005,80.2087173462,43519,43529,10
13.0352697372,80.2086791992,43529,43539,10
13.0353097916,80.2085189819,43539,43549,10
13.0353603363,80.2080535889,43549,43559,10
13.0354204178,80.2075500488,43559,43569,10
13.0354604721,80.2071990967,43569,43579,10
13.0354795456,80.2071533203,43579,43590,11
13.0355501175,80.2067184448,43590,43600,10
13.0356197357,80.2061386108,43600,43610,10
13.035490036,80.2058792114,43610,43620,10
13.0355195999,80.205581665,43620,43630,10
13.0355300903,80.2055587769,43630,43640,10
13.0356903076,80.2053222656,43640,43650,10
13.0357599258,80.2052993774,43650,43660,10
13.0358400345,80.2049789429,43660,43670,10
13.0359096527,80.2044372559,43670,43680,10
13.0360002518,80.203918457,43680,43690,10
13.0361099243,80.2032623291,43690,43701,11
13.0362100601,80.202583313,43701,43711,10
13.0363502502,80.2016372681,43711,43741,30
13.0363502502,80.2016372681,43741,43751,10
13.0364103317,80.2012634277,43751,43760,9
13.0364704132,80.2008514404,43760,43771,11
13.0365800858,80.2000427246,43771,43781,10
13.0366897583,80.19921875,43781,43793,12
13.0367698669,80.1984710693,43793,43803,10
13.0367803574,80.1984481812,43803,43811,8
13.0368299484,80.1982192993,43811,43823,12
13.0368995667,80.1978683472,43823,43833,10
13.0369796753,80.1974105835,43833,43843,10
13.0370397568,80.1968917847,43843,43853,10
13.0370998383,80.1965026855,43853,43863,10
13.0371103287,80.1963577271,43863,43873,10
13.0371398926,80.1961135864,43873,43883,10
13.0372104645,80.1957092285,43883,43894,11
13.0373096466,80.1949462891,43894,43904,10
13.0374202728,80.1941223145,43904,43914,10
13.0375404358,80.1931991577,43914,43924,10
13.0377702713,80.192817688,43924,43934,10
13.0378103256,80.1928024292,43934,43944,10
13.0380601883,80.1927719116,43944,43954,10
13.0388298035,80.1928787231,43954,43974,20
13.0388298035,80.1928787231,43974,43984,10
13.0389604568,80.1929168701,43984,43995,11
13.0394697189,80.1930084229,43995,44005,10
13.0400800705,80.1930770874,44005,44015,10
13.0408096313,80.1931991577,44015,44025,10
13.0414800644,80.193321228,44025,44035,10
13.0417098999,80.1939620972,44035,44055,20
13.0417098999,80.1939620972,44055,44065,10
13.0417003632,80.1942520142,44065,44075,10
13.0416202545,80.1947784424,44075,44085,10
13.0415296555,80.1954116821,44085,44096,11
13.0414304733,80.1958694458,44096,44106,10
13.0413599014,80.1962585449,44106,44116,10
13.0412998199,80.1966781616,44116,44126,10
13.0413103104,80.1968612671,44126,44136,10
13.0412397385,80.1972427368,44136,44146,10
13.0411596298,80.1979217529,44146,44156,10
13.0410604477,80.1985168457,44156,44166,10
13.0409898758,80.1990280151,44166,44176,10
13.0409698486,80.1992492676,44176,44186,10
13.0409603119,80.1993484497,44186,44196,10
13.04088974,80.1996688843,44196,44207,11
13.0408496857,80.1998291016,44207,44217,10
13.0407800674,80.2001876831,44217,44227,10
13.0407104492,80.2009429932,44227,44237,10
13.0405902863,80.2016983032,44237,44247,10
13.0405397415,80.2020187378,44247,44257,10
13.0404701233,80.2025299072,44257,44267,10
13.0403900146,80.2033004761,44267,44277,10
13.0402698517,80.2039871216,44277,44287,10
13.0401802063,80.2046279907,44287,44297,10
13.0402803421,80.2050094604,44297,44308,11
13.040769577,80.2051010132,44308,44318,10
13.041179657,80.2051620483,44318,44328,10
13.0413303375,80.2051925659,44328,44338,10
13.0417203903,80.2052612305,44338,44348,10
13.0422201157,80.2053222656,44348,44358,10
13.0426702499,80.2055130005,44358,44368,10
13.0429801941,80.2060394287,44368,44378,10
13.0434398651,80.206703186,44378,44388,10
13.0438604355,80.207359314,44388,44398,10
13.0440702438,80.2081604004,44398,44409,11
13.0441198349,80.2088775635,44409,44419,10
13.0441398621,80.2089996338,44419,44429,10
13.0441503525,80.2092895508,44429,44439,10
13.0441598892,80.2098388672,44439,44449,10
13.0441999435,80.2106018066,44449,44459,10
13.0442399979,80.21144104,44459,44469,10
13.0442695618,80.2118911743,44469,44479,10
13.0442800522,80.2120513916,44479,44489,10
13.0445404053,80.2122573853,44489,44499,10
13.0452899933,80.2122497559,44499,44510,11
13.0463199615,80.2122192383,44510,44520,10
13.0469198227,80.2121810913,44520,44530,10
13.0470695496,80.2121276855,44530,44550,20
13.0470695496,80.2121276855,44550,44560,10
13.0470695496,80.2117767334,44560,44570,10
13.0470399857,80.2111663818,44570,44580,10
13.0471401215,80.2107772827,44580,44591,11
13.0477104187,80.2108230591,44591,44601,10
13.0484600067,80.2108230591,44601,44611,10
13.0491199493,80.2108306885,44611,44621,10
13.0496702194,80.2108535767,44621,44631,10
13.0496702194,80.2104568481,44631,44641,10
13.0495700836,80.2098388672,44641,44651,10
13.0494499207,80.2092132568,44651,44661,10
13.0494098663,80.2089385986,44661,44671,10
13.049369812,80.208656311,44671,44681,10
13.0492095947,80.2081680298,44681,44691,10
13.0488901138,80.2072982788,44691,44714,23
13.0488901138,80.2072982788,44714,44724,10
13.0488796234,80.2072067261,44724,44734,10
13.0488300323,80.2069702148,44734,44744,10
13.0490999222,80.2068786621,44744,44754,10
13.0492601395,80.2069778442,44754,44764,10
13.0492200851,80.2072067261,44764,45006,242
13.0492200851,80.2072067261,45006,45017,11
13.0490598679,80.2076873779,45017,45027,10
13.0491504669,80.2080001831,45027,45037,10
13.049249649,80.2084197998,45037,45047,10
13.0493297577,80.2088012695,45047,45057,10
13.0494003296,80.2089920044,45057,45067,10
13.0494604111,80.209487915,45067,45077,10
13.0495700836,80.2100830078,45077,45087,10
13.049659729,80.2107391357,45087,45097,10
13.0497102737,80.2111816406,45097,45107,10
13.0497999191,80.211730957,45107,45118,11
13.0497903824,80.2121963501,45118,45128,10
13.0495004654,80.2122116089,45128,45148,20
13.0495004654,80.2122116089,45148,45158,10
13.0493001938,80.2121887207,45158,45168,10
13.0489397049,80.2121810913,45168,45178,10
13.0483798981,80.2122116089,45178,45188,10
13.0476799011,80.2122802734,45188,45195,7
13.0470895767,80.2123031616,45195,45208,13
13.0458803177,80.212348938,45208,45219,11
13.0449695587,80.2123794556,45219,45249,30
13.0449695587,80.2123794556,45249,45259,10
13.0447702408,80.2123794556,45259,45269,10
13.0444498062,80.212387085,45269,45279,10
13.0442695618,80.2119674683,45279,45289,10
13.0442495346,80.2112197876,45289,45299,10
13.0442199707,80.2103881836,45299,45308,9
13.0441598892,80.2096099854,45308,45320,12
13.0441102982,80.2089767456,45320,45330,10
13.0440998077,80.2088623047,45330,45340,10
13.044090271,80.2088012695,45340,45350,10
13.044090271,80.2084274292,45350,45360,10
13.043970108,80.2077484131,45360,45370,10
13.0435400009,80.2069625854,45370,45378,8
13.0431003571,80.2063522339,45378,45390,12
13.0423803329,80.2054672241,45390,45400,10
13.0415296555,80.2052612305,45400,45410,10
13.0408401489,80.2051467896,45410,45421,11
13.0408000946,80.2051391602,45421,45431,10
13.0404195786,80.2051010132,45431,45441,10
13.0399103165,80.2050170898,45441,45451,10
13.0392103195,80.2049179077,45451,45461,10
13.0384902954,80.2048187256,45461,45471,10
13.0381698608,80.2046813965,45471,45481,10
13.0382204056,80.2042388916,45481,45491,10
13.0382699966,80.2035980225,45491,45501,10
13.0382699966,80.2035598755,45501,45511,10
13.0382995605,80.2031402588,45511,45521,10
13.0383796692,80.2025985718,45521,45531,10
13.0384502411,80.2019805908,45531,45541,10
13.038479805,80.2019119263,45541,45552,11
13.0385503769,80.2015991211,45552,45561,9
13.038599968,80.201210022,45561,45572,11
13.0386896133,80.2004928589,45572,45582,10
13.0388803482,80.199256897,45582,45602,20
13.0388803482,80.199256897,45602,45612,10
13.0389099121,80.1990127563,45612,45622,10
13.0389699936,80.1985168457,45622,45632,10
13.0390701294,80.1979675293,45632,45644,12
13.0391597748,80.1972427368,45644,45654,10
13.0392103195,80.1969070435,45654,45664,10
13.0392198563,80.1967391968,45664,45674,10
13.0392799377,80.1962585449,45674,45684,10
13.0394001007,80.1955337524,45684,45692,8
13.0394697189,80.1948623657,45692,45702,10
13.0396203995,80.1939697266,45702,45712,10
13.039730072,80.1931686401,45712,45735,23
13.039730072,80.1931686401,45735,45745,10
13.0394802094,80.1930236816,45745,45755,10
13.0388002396,80.1928863525,45755,45775,20
13.0388002396,80.1928863525,45775,45785,10
13.0387201309,80.1928710938,45785,45795,10
13.0383796692,80.192817688,45795,45805,10
13.037899971,80.1928405762,45805,45815,10
13.0376300812,80.1934127808,45815,45826,11
13.0374603271,80.1943511963,45826,45836,10
13.037320137,80.1953964233,45836,45846,10
13.0372400284,80.1959381104,45846,45856,10
13.0372400284,80.1959686279,45856,45866,10
13.0371999741,80.1960678101,45866,45876,10
13.0371198654,80.196472168,45876,45886,10
13.0370197296,80.1971664429,45886,45896,10
13.0369300842,80.1978607178,45896,45906,10
13.0368700027,80.1985397339,45906,45916,10
13.0368499756,80.198638916,45916,45926,10
13.0368099213,80.1986999512,45926,45937,11
13.0367097855,80.1991119385,45937,45947,10
13.0366201401,80.1997833252,45947,45957,10
13.0364999771,80.2005767822,45957,45966,9
13.0363998413,80.2012023926,45966,45978,12
13.0363101959,80.2016983032,45978,45998,20
13.0363101959,80.2016983032,45998,46008,10
13.0362701416,80.202003479,46008,46018,10
13.0361700058,80.2025299072,46018,46028,10
13.0360603333,80.2032394409,46028,46039,11
13.0360002518,80.2039337158,46039,46049,10
13.0359601974,80.2043228149,46049,46059,10
13.0358896255,80.204826355,46059,46069,10
13.0357599258,80.2058563232,46069,46089,20
13.0357599258,80.2058563232,46089,46099,10
13.0357303619,80.206161499,46099,46109,10
13.0356397629,80.2065963745,46109,46119,10
13.0355396271,80.2073287964,46119,46128,9
13.0354099274,80.2084197998,46128,46160,32
13.0354099274,80.2084197998,46160,46170,10
13.0353403091,80.208732605,46170,46180,10
13.0352602005,80.2092819214,46180,46190,10
13.0351696014,80.2099609375,46190,46200,10
13.0350198746,80.2104797363,46200,46210,10
13.0349197388,80.2108764648,46210,46220,10
13.0348300934,80.2115097046,46220,46229,9
13.0346803665,80.2120666504,46229,46241,12
13.0339803696,80.2120666504,46241,46251,10
13.0332098007,80.2119827271,46251,46261,10
13.0325098038,80.2119216919,46261,46281,20
13.0325098038,80.2119216919,46281,46291,10
13.0321798325,80.2118682861,46291,46301,10
13.031920433,80.2115631104,46301,46311,10
13.0319900513,80.2108917236,46311,46321,10
13.0320901871,80.2101593018,46321,46331,10
13.0319595337,80.2096633911,46331,46341,10
13.0313396454,80.209487915,46341,46351,10
13.0302696228,80.209197998,46351,46371,20
13.0302696228,80.209197998,46371,46381,10
13.0300397873,80.2094421387,46381,46402,21
13.0300397873,80.2094421387,46402,46411,9
13.029999733,80.2097091675,46411,46422,11
13.0304803848,80.2098770142,46422,46433,11
13.0308904648,80.2100219727,46433,46443,10
13.030960083,80.2101974487,46443,46453,10
13.0309200287,80.2105636597,46453,46463,10
13.0308504105,80.2109985352,46463,46473,10
13.0308198929,80.2112579346,46473,46483,10
13.0307598114,80.2116775513,46483,46492,9
13.0306997299,80.2119674683,46492,46503,11
13.0306301117,80.2124862671,46503,46513,10
13.0305404663,80.2131118774,46513,46523,10
13.0304803848,80.2135620117,46523,46533,10
13.0304002762,80.2138824463,46533,46545,12
13.0303297043,80.2146682739,46545,46565,20
13.0303297043,80.2146682739,46565,46575,10
13.0303297043,80.214881897,46575,46585,10
13.0303001404,80.2153015137,46585,46595,10
13.0303201675,80.2158584595,46595,46605,10
13.0303096771,80.216506958,46605,46615,10
13.0305404663,80.2168121338,46615,46625,10
13.0306301117,80.2168426514,46625,46635,10
13.0307798386,80.2169036865,46635,46646,11
13.0311899185,80.2169189453,46646,46656,10
13.0314397812,80.2170715332,46656,46666,10
13.0314998627,80.2175827026,46666,46676,10
13.0315599442,80.2182388306,46676,46686,10
13.0320501328,80.2183914185,46686,46696,10
13.03221035,80.2185897827,46696,46706,10
13.0321598053,80.2190628052,46706,46716,10
13.0321598053,80.2197113037,46716,46726,10
13.0321702957,80.2201766968,46726,46736,10
13.0321702957,80.2202835083,46736,46747,11
13.0321998596,80.2203521729,46747,46757,10
13.0320997238,80.220741272,46757,46767,10
13.0320100784,80.2213897705,46767,46777,10
13.0318403244,80.2217636108,46777,46787,10
13.0316200256,80.2222366333,46787,46797,10
13.0313901901,80.2226333618,46797,46807,10
13.0312204361,80.2231826782,46807,46817,10
13.0311098099,80.2237701416,46817,46837,20
13.0311098099,80.2237701416,46837,46848,11
13.0311403275,80.2241897583,46848,46858,10
13.0308198929,80.224281311,46858,46868,10
13.0302000046,80.2242736816,46868,46878,10
13.0290498734,80.2242431641,46878,46898,20
13.0290498734,80.2242431641,46898,46908,10
13.0289497375,80.2242202759,46908,46918,10
13.0287504196,80.2241210938,46918,46928,10
13.028459549,80.2242584229,46928,46938,10
13.0283098221,80.2248687744,46938,46949,11
13.028169632,80.2257003784,46949,46959,10
13.0280399323,80.2264099121,46959,46969,10
13.0279998779,80.2270278931,46969,46999,30
13.0279998779,80.2270278931,46999,47009,10
13.0281801224,80.2271118164,47009,47019,10
13.0285196304,80.2271575928,47019,47039,20
13.0285196304,80.2271575928,47039,47050,11
13.0288000107,80.2272186279,47050,47060,10
13.0290203094,80.2272567749,47060,47070,10
13.0293502808,80.2273025513,47070,47120,50
13.0297298431,80.2273635864,47120,47191,71
13.030090332,80.227432251,47191,47251,60
13.030090332,80.227432251,47251,47262,11
13.0304002762,80.2275772095,47262,47272,10
13.030380249,80.2277679443,47272,47282,10
13.0303401947,80.2279281616,47282,47292,10
13.03028965,80.2283172607,47292,47302,10
13.0302801132,80.2287216187,47302,47312,10
13.0302801132,80.228729248,47312,47322,10
13.0302801132,80.2291488647,47322,47332,10
13.0304803848,80.2297515869,47332,47342,10
13.030670166,80.2304077148,47342,47352,10
13.030670166,80.2306976318,47352,47362,10
13.0303697586,80.2307662964,47362,47372,10
13.0298099518,80.2308120728,47372,47392,20
13.0298099518,80.2308120728,47392,47402,10
13.0296001434,80.2308273315,47402,47412,10
13.0291204453,80.2308578491,47412,47423,11
13.028429985,80.2308883667,47423,47433,10
13.0278196335,80.23097229,47433,47443,10
13.0276603699,80.2312393188,47443,47453,10
13.0276498795,80.2317276001,47453,47463,10
13.027759552,80.2322769165,47463,47473,10
13.0277996063,80.2327575684,47473,47483,10
13.0272197723,80.2328720093,47483,47523,40
13.0272197723,80.2328720093,47523,47533,10
13.0271100998,80.2329483032,47533,47543,10
13.0268697739,80.233001709,47543,47553,10
13.0266103745,80.233039856,47553,47566,13
13.0262804031,80.2325515747,47566,47576,10
13.0260696411,80.2317504883,47576,47586,10
13.025759697,80.2307281494,47586,47596,10
13.0251703262,80.2297515869,47596,47606,10
13.0245103836,80.2289123535,47606,47616,10
13.0239295959,80.2282409668,47616,47636,20
13.0239295959,80.2282409668,47636,47646,10
13.0237703323,80.228012085,47646,47656,10
13.0234003067,80.2276306152,47656,47667,11
13.0228395462,80.2271270752,47667,47677,10
13.0221996307,80.2265319824,47677,47687,10
13.0214395523,80.2259063721,47687,47697,10
13.0206403732,80.2253112793,47697,47707,10
13.0200099945,80.2248687744,47707,47717,10
13.019900322,80.2247924805,47717,47727,10
13.019780159,80.2247314453,47727,47737,10
13.0192604065,80.2245178223,47737,47747,10
13.0184297562,80.2246627808,47747,47757,10
13.0174503326,80.2250595093,47757,47768,11
13.0164003372,80.2254867554,47768,47778,10
13.0156202316,80.2257385254,47778,47788,10
13.0150995255,80.225982666,47788,47798,10
13.014670372,80.2261123657,47798,47808,10
13.0141096115,80.2263717651,47808,47828,20
13.0141096115,80.2263717651,47828,47838,10
13.0140304565,80.2263870239,47838,47848,10
13.0136098862,80.2265472412,47848,47858,10
13.0129203796,80.2267990112,47858,47869,11
13.0119800568,80.2271575928,47869,47879,10
13.0109701157,80.2275695801,47879,47889,10
13.0099201202,80.2279891968,47889,47899,10
13.0091295242,80.2285385132,47899,47909,10
13.0089101791,80.2295608521,47909,47919,10
13.0086898804,80.2307128906,47919,47929,10
13.0084695816,80.231880188,47929,47939,10
13.0082798004,80.2329788208,47939,47949,10
13.0081796646,80.2336730957,47949,47959,10
13.0081501007,80.2337417603,47959,47970,11
13.0080499649,80.2340774536,47970,47980,10
13.0079603195,80.23462677,47980,47990,10
13.0078401566,80.2352294922,47990,48000,10
13.0076999664,80.2359466553,48000,48010,10
13.007519722,80.2368087769,48010,48020,10
13.0073204041,80.2378387451,48020,48030,10
13.0071496964,80.2388076782,48030,48040,10
13.0069999695,80.2395629883,48040,48050,10
13.0069503784,80.2399291992,48050,48111,61
13.0069503784,80.2399291992,48111,48121,10
13.0069599152,80.2402191162,48121,48131,10
13.0068902969,80.2406082153,48131,48141,10
13.0068702698,80.2406387329,48141,48151,10
13.0068101883,80.2408905029,48151,48161,10
13.0067596436,80.2414703369,48161,48172,11
13.0067300797,80.2422637939,48172,48182,10
13.0066795349,80.2428665161,48182,48192,10
13.0066795349,80.243057251,48192,48202,10
13.0066604614,80.2433776855,48202,48212,10
13.0066604614,80.2438964844,48212,48222,10
13.0066604614,80.2441711426,48222,48232,10
13.0066795349,80.2443695068,48232,48242,10
13.0066604614,80.2447814941,48242,48252,10
13.0066604614,80.2452697754,48252,48262,10
13.0066699982,80.2457962036,48262,48273,11
13.0066795349,80.2465286255,48273,48283,10
13.0066795349,80.2472610474,48283,48293,10
13.0066900253,80.2480773926,48293,48303,10
13.0067300797,80.2487869263,48303,48313,10
13.0068397522,80.2494812012,48313,48323,10
13.0068397522,80.24949646,48323,48334,11
13.006770134,80.2497406006,48334,48344,10
13.006770134,80.250328064,48344,48354,10
13.0067396164,80.250831604,48354,48364,10
13.0067596436,80.2509231567,48364,48376,12
13.0067396164,80.2514266968,48376,48384,8
13.0066003799,80.251991272,48384,48396,12
13.0065097809,80.2529830933,48396,48406,10
13.0065202713,80.2539367676,48406,48416,10
13.0065698624,80.2549819946,48416,48436,20
13.0065698624,80.2549819946,48436,48446,10
13.0065402985,80.2550735474,48446,48456,10
13.0065402985,80.2555236816,48456,48463,7
13.0065402985,80.2560195923,48463,48477,14
13.0066204071,80.2572097778,48477,48487,10
13.0063199997,80.2575378418,48487,48497,10
13.0058202744,80.2574081421,48497,48507,10
13.0052995682,80.2573165894,48507,48517,10
13.0047998428,80.2571563721,48517,48527,10
13.0041303635,80.2570266724,48527,48537,10
13.0035400391,80.2569198608,48537,48547,10
13.0031700134,80.2568588257,48547,48554,7
13.0028095245,80.2567977905,48554,48567,13
13.002120018,80.2566680908,48567,48578,11
13.0012903214,80.2565765381,48578,48648,70
13.0012903214,80.2565765381,48648,48658,10
13.0011396408,80.2565536499,48658,48668,10
13.0006504059,80.2564620972,48668,48679,11
13.0000495911,80.2563781738,48679,48699,20
13.0000495911,80.2563781738,48699,48709,10
13.0,80.2563781738,48709,48719,10
12.9996099472,80.2563018799,48719,48749,30
12.9996099472,80.2563018799,48749,48759,10
12.9994497299,80.2562408447,48759,48769,10
12.9991197586,80.256149292,48769,48780,11
12.9985103607,80.2560424805,48780,48790,10
12.9979000092,80.2559432983,48790,48800,10
12.9974803925,80.2559432983,48800,48810,10
12.9974498749,80.2559509277,48810,48820,10
12.997300148,80.2559585571,48820,48830,10
12.9969596863,80.2560424805,48830,48840,10
12.9968299866,80.2570266724,48840,48860,20
12.9968299866,80.2570266724,48860,48870,10
12.9968004227,80.2573699951,48870,48881,11
12.9967002869,80.2580795288,48881,48891,10
12.9966201782,80.2588500977,48891,48901,10
12.9965496063,80.2595062256,48901,48911,10
12.9965000153,80.2600326538,48911,48921,10
12.996430397,80.2607498169,48921,48931,10
12.996339798,80.2615814209,48931,48941,10
12.9962596893,80.262298584,48941,48961,20
12.9962596893,80.262298584,48961,48971,10
12.9962100983,80.2624511719,48971,48982,11
12.9961299896,80.2630767822,48982,48992,10
12.9960699081,80.2639389038,48992,49002,10
12.9959697723,80.2648773193,49002,49012,10
12.9958600998,80.2659072876,49012,49022,10
12.9957399368,80.2670211792,49022,49032,10
12.9958000183,80.2676620483,49032,49042,10
12.9961795807,80.2676925659,49042,49052,10
12.9961795807,80.2676773071,49052,49062,10
12.9962701797,80.2676467896,49062,49072,10
12.9967403412,80.2676773071,49072,49082,10
12.9974098206,80.2675170898,49082,49093,11
12.9980897903,80.2673492432,49093,49103,10
12.9988498688,80.2671432495,49103,49111,8
12.9994602203,80.2669372559,49111,49123,12
13.0000400543,80.2665023804,49123,49143,20
13.0000400543,80.2665023804,49143,49153,10
13.0000896454,80.2663803101,49153,49163,10
13.0001401901,80.26612854,49163,49173,10
13.0001602173,80.2658081055,49173,49183,10
13.0002803802,80.2656784058,49183,49193,10
13.0003204346,80.26587677,49193,50418,1225
13.0003204346,80.26587677,50418,50428,10
13.0003099442,80.2663192749,50428,50448,20
13.0003099442,80.2663192749,50448,50458,10
13.0003299713,80.2665634155,50458,50468,10
13.0003404617,80.2667007446,50468,50478,10
13.0001802444,80.2668762207,50478,50488,10
12.9996995926,80.267036438,50488,50498,10
12.9989795685,80.2672195435,50498,50508,10
12.9982004166,80.2674331665,50508,50515,7
12.9977397919,80.2675476074,50515,50529,14
12.9969100952,80.2677764893,50529,50539,10
12.9962797165,80.267791748,50539,50549,10
12.9958600998,80.2677612305,50549,50559,10
12.9956903458,80.2674865723,50559,50569,10
12.9956903458,80.2674713135,50569,50579,10
12.9956903458,80.2674026489,50579,50589,10
12.9957399368,80.2670211792,50589,50599,10
12.9957895279,80.2663803101,50599,50609,10
12.9958496094,80.265586853,50609,50620,11
12.9960002899,80.2644882202,50620,50630,10
12.9961204529,80.2634735107,50630,50640,10
12.9961700439,80.262878418,50640,50650,10
12.9961700439,80.2627410889,50650,50660,10
12.9961595535,80.2626037598,50660,50670,10
12.9961996078,80.2623596191,50670,50680,10
12.9962596893,80.2617874146,50680,50690,10
12.9963798523,80.2609710693,50690,50700,10
12.9964799881,80.2600479126,50700,50710,10
12.9965200424,80.2595901489,50710,50720,10
12.9965496063,80.259262085,50720,50731,11
12.9966001511,80.2586364746,50731,50741,10
12.9967002869,80.2577514648,50741,50751,10
12.9968099594,80.2564926147,50751,50801,50
12.9968099594,80.2564926147,50801,50811,10
12.9968595505,80.2562637329,50811,50821,10
12.9969596863,80.2558288574,50821,50832,11
12.997469902,80.2558288574,50832,50842,10
12.9978904724,80.2558822632,50842,50852,10
12.9984197617,80.2559585571,50852,50892,40
12.9984197617,80.2559585571,50892,50902,10
12.99862957,80.2560577393,50902,50912,10
12.9991998672,80.2561264038,50912,50953,41
12.9991998672,80.2561264038,50953,50963,10
12.9992799759,80.2561416626,50963,50973,10
12.9996595383,80.2562103271,50973,50983,10
13.0002498627,80.2563018799,50983,50993,10
13.000869751,80.256439209,50993,51034,41
13.000869751,80.256439209,51034,51044,10
13.0011396408,80.2565002441,51044,51054,10
13.0015296936,80.2565612793,51054,51064,10
13.0019598007,80.2566070557,51064,51074,10
13.002579689,80.2567062378,51074,51084,10
13.0031900406,80.2568283081,51084,51094,10
13.0038099289,80.256942749,51094,51104,10
13.0044803619,80.2570724487,51104,51114,10
13.0051202774,80.2571868896,51114,51124,10
13.0057697296,80.2572937012,51124,51135,11
13.0064496994,80.2574005127,51135,51145,10
13.0064897537,80.2568893433,51145,51155,10
13.0064601898,80.256111145,51155,51165,10
13.006480217,80.255241394,51165,51175,10
13.0065002441,80.2545318604,51175,51184,9
13.0065002441,80.2531661987,51184,51205,21
13.0065002441,80.2531661987,51205,51215,10
13.0065002441,80.2530670166,51215,51225,10
13.0065202713,80.2524337769,51225,51255,30
13.0065202713,80.2524337769,51255,51266,11
13.0065603256,80.2522964478,51266,51276,10
13.0066204071,80.2519378662,51276,51286,10
13.0067396164,80.2512969971,51286,51296,10
13.0067501068,80.2504806519,51296,51306,10
13.0067195892,80.2498016357,51306,51316,10
13.0067300797,80.2496032715,51316,51325,9
13.0067396164,80.2493209839,51325,51336,11
13.0066900253,80.2487335205,51336,51348,12
13.0066099167,80.2478485107,51348,51416,68
13.0066099167,80.2478485107,51416,51426,10
13.0065698624,80.2478408813,51426,51439,13
13.0066003799,80.2472763062,51439,51449,10
13.0065402985,80.2467269897,51449,51459,10
13.0065402985,80.2466506958,51459,51469,10
13.0065498352,80.2465820313,51469,51479,10
13.0066204071,80.2462387085,51479,51489,10
13.0066204071,80.2455978394,51489,51499,10
13.0066003799,80.2448272705,51499,51509,10
13.0066003799,80.2440109253,51509,51519,10
13.0065698624,80.2433013916,51519,51529,10
13.0065402985,80.2427978516,51529,51540,11
13.006529808,80.2419586182,51540,51550,10
13.006529808,80.2415771484,51550,51560,10
13.0065498352,80.2414398193,51560,51570,10
13.0066003799,80.2409896851,51570,51580,10
13.0066795349,80.2405014038,51580,51590,10
13.0067396164,80.2401123047,51590,51600,10
13.0068798065,80.2394180298,51600,51610,10
13.0070495605,80.238609314,51610,51620,10
13.0072097778,80.2378921509,51620,51630,10
13.0073604584,80.2368774414,51630,51651,21
13.0073604584,80.2368774414,51651,51661,10
13.007399559,80.2367630005,51661,51671,10
13.0075302124,80.2363815308,51671,51681,10
13.0076398849,80.2358169556,51681,51691,10
13.0077400208,80.2352294922,51691,51701,10
13.0078802109,80.2345275879,51701,51711,10
13.0080404282,80.2337493896,51711,51721,10
13.0082197189,80.2328414917,51721,51731,10
13.0083904266,80.2320175171,51731,51741,10
13.0085697174,80.231048584,51741,51752,11
13.0088100433,80.2298583984,51752,51762,10
13.0090303421,80.228767395,51762,51772,10
13.009349823,80.2277679443,51772,51782,10
13.0098104477,80.2267303467,51782,51792,10
13.0102701187,80.2258834839,51792,51802,10
13.0106897354,80.2250213623,51802,51812,10
13.011059761,80.2240600586,51812,51822,10
13.0112600327,80.2234573364,51822,51832,10
13.0112495422,80.2234420776,51832,51842,10
13.011300087,80.2232208252,51842,51853,11
13.0115604401,80.2226409912,51853,51863,10
13.0118598938,80.2217788696,51863,51873,10
13.0122900009,80.2213973999,51873,51883,10
13.0125598907,80.2218475342,51883,51893,10
13.0129995346,80.2223434448,51893,51903,10
13.0135202408,80.22290802,51903,51913,10
13.0140399933,80.2235183716,51913,51923,10
13.0145101547,80.224067688,51923,51933,10
13.0150403976,80.224609375,51933,51943,10
13.0153999329,80.224899292,51943,51954,11
13.0155200958,80.2250213623,51954,51964,10
13.0156202316,80.2250976563,51964,51974,10
13.0160598755,80.2253265381,51974,51984,10
13.0168600082,80.2251663208,51984,51994,10
13.0178403854,80.2247924805,51994,52004,10
13.0192499161,80.224281311,52004,52024,20
13.0192499161,80.224281311,52024,52034,10
13.0193300247,80.2242965698,52034,52043,9
13.0196399689,80.2244873047,52043,52055,12
13.0202999115,80.2249526978,52055,52065,10
13.0209302902,80.2254180908,52065,52075,10
13.0215797424,80.2259216309,52075,52085,10
13.0223197937,80.2265014648,52085,52095,10
13.0230998993,80.2271881104,52095,52105,10
13.0238800049,80.2279129028,52105,52115,10
13.0243501663,80.2283477783,52115,52125,10
13.0245304108,80.2286834717,52125,52135,10
13.0248098373,80.2290878296,52135,52145,10
13.0252399445,80.229637146,52145,52155,10
13.0255203247,80.2300186157,52155,52166,11
13.0260095596,80.2310333252,52166,52186,20
13.0260095596,80.2310333252,52186,52195,9
13.0259799957,80.2312011719,52195,52206,11
13.0263204575,80.231300354,52206,52216,10
13.0270299911,80.2311172485,52216,52226,10
13.0278196335,80.23097229,52226,52236,10
13.0284404755,80.2309112549,52236,52247,11
13.0284500122,80.2309112549,52247,52257,10
13.0288000107,80.2308578491,52257,52267,10
13.0291004181,80.2308578491,52267,52277,10
13.0291204453,80.2308578491,52277,52287,10
13.029299736,80.2308502197,52287,52297,10
13.0297403336,80.2307891846,52297,52306,9
13.0303201675,80.2307434082,52306,52317,11
13.0306997299,80.2305831909,52317,52328,11
13.030579567,80.2300033569,52328,52340,12
13.0303001404,80.229057312,52340,52350,10
13.0303401947,80.2283782959,52350,52361,11
13.0303401947,80.2282333374,52361,52371,10
13.0303697586,80.2278289795,52371,52381,10
13.0302295685,80.2274475098,52381,52391,10
13.0295000076,80.2273635864,52391,52401,10
13.028670311,80.2272109985,52401,52411,10
13.0285100937,80.2272033691,52411,52421,10
13.0281095505,80.2270889282,52421,52431,10
13.0279397964,80.2266769409,52431,52441,10
13.0280704498,80.2259368896,52441,52451,10
13.0282402039,80.2250900269,52451,52462,11
13.0283899307,80.2242965698,52462,52472,10
13.0286502838,80.223991394,52472,52482,10
13.0287303925,80.2240219116,52482,52492,10
13.0288095474,80.224029541,52492,52502,10
13.0290203094,80.2241821289,52502,52512,10
13.0294599533,80.224281311,52512,52521,9
13.030090332,80.224281311,52521,52533,12
13.0309095383,80.224281311,52533,52543,10
13.0310697556,80.2238693237,52543,52553,10
13.031129837,80.2232284546,52553,52564,11
13.0311403275,80.2231369019,52564,52574,10
13.0311498642,80.2230529785,52574,52584,10
13.0312900543,80.2226791382,52584,52594,10
13.0315799713,80.2221221924,52594,52604,10
13.0319099426,80.2214813232,52604,52614,10
13.0320997238,80.2207183838,52614,52624,10
13.0321702957,80.2201690674,52624,52634,10
13.0321798325,80.2197570801,52634,52644,10
13.0321903229,80.2196273804,52644,52654,10
13.03221035,80.2192611694,52654,52665,11
13.0321397781,80.218536377,52665,52675,10
13.0315103531,80.2182998657,52675,52685,10
13.0314502716,80.2174682617,52685,52695,10
13.031370163,80.2170410156,52695,52705,10
13.0310602188,80.2169570923,52705,52715,10
13.0305700302,80.2169418335,52715,52725,10
13.0304803848,80.2166595459,52725,52735,10
13.0304498672,80.2166137695,52735,52745,10
13.0304298401,80.2162475586,52745,52755,10
13.0303602219,80.2155227661,52755,52766,11
13.0303401947,80.2146835327,52766,52776,10
13.0303401947,80.2146224976,52776,52786,10
13.0303697586,80.2144699097,52786,52796,10
13.0304498672,80.2139892578,52796,52806,10
13.0305204391,80.2136001587,52806,52816,10
13.0305595398,80.2132492065,52816,52826,10
13.0306396484,80.2126235962,52826,52836,10
13.0307502747,80.2119216919,52836,52846,10
13.0308103561,80.2115402222,52846,52856,10
13.0308704376,80.2110977173,52856,52866,10
13.0309200287,80.2107391357,52866,52876,10
13.0310001373,80.2102203369,52876,52886,10
13.0309095383,80.2100830078,52886,52896,10
13.0305995941,80.2099914551,52896,52907,11
13.0300703049,80.209777832,52907,52916,9
13.030090332,80.2094726563,52916,52927,11
13.0301399231,80.2092437744,52927,52937,10
13.0303401947,80.2090301514,52937,52947,10
13.0309495926,80.2091827393,52947,52957,10
13.0315704346,80.2093505859,52957,52967,10
13.0316696167,80.2093963623,52967,52977,10
13.0318899155,80.2095184326,52977,52987,10
13.0324602127,80.2096405029,52987,52997,10
13.0332698822,80.2097702026,52997,53007,10
13.0342702866,80.2099227905,53007,53017,10
13.0350198746,80.2099533081,53017,53027,10
13.0351896286,80.2093582153,53027,53037,10
13.0352697372,80.2087097168,53037,53047,10
13.0352697372,80.2086410522,53047,53057,10
13.0352897644,80.208480835,53057,53070,13
13.0354003906,80.2077789307,53070,53080,10
13.0355100632,80.2069625854,53080,53090,10
13.0356197357,80.2061462402,53090,53100,10
13.0354795456,80.2057800293,53100,53110,10
13.0355195999,80.2055664063,53110,53120,10
13.0355300903,80.205406189,53120,53130,10
13.035779953,80.2051696777,53130,53140,10
13.0358695984,80.2045898438,53140,53150,10
13.0359802246,80.2038879395,53150,53160,10
13.0361003876,80.2031021118,53160,53171,11
13.036239624,80.2020721436,53171,53181,10
13.0362901688,80.2016067505,53181,53191,10
13.0363197327,80.2014083862,53191,53201,10
13.0364198685,80.2008514404,53201,53211,10
13.0365400314,80.2000579834,53211,53221,10
13.0366601944,80.1990814209,53221,53231,10
13.0367498398,80.198387146,53231,53241,10
13.0367803574,80.1983032227,53241,53251,10
13.036860466,80.1978302002,53251,53261,10
13.0369701385,80.1972198486,53261,53272,11
13.0370702744,80.196472168,53272,53282,10
13.0370903015,80.1962966919,53282,53292,10
13.0371303558,80.1960678101,53292,53302,10
13.0372200012,80.1955184937,53302,53312,10
13.0373296738,80.1947479248,53312,53322,10
13.0374698639,80.1937789917,53322,53332,10
13.0376501083,80.1928405762,53332,53342,10
13.0385904312,80.1928405762,53342,53362,20
13.0385904312,80.1928405762,53362,53373,11
13.0387897491,80.1928710938,53373,53383,10
13.0391302109,80.1929397583,53383,53393,10
13.0396203995,80.193031311,53393,53403,10
13.0401496887,80.1931228638,53403,53413,10
13.0407304764,80.1932525635,53413,53423,10
13.0414400101,80.1933670044,53423,53433,10
13.0417098999,80.1934432983,53433,53443,10
13.0417604446,80.1937332153,53443,53453,10
13.0417499542,80.1939163208,53453,53462,9
13.0417203903,80.194229126,53462,53474,12
13.0416202545,80.1948776245,53474,53484,10
13.0415096283,80.1956710815,53484,53494,10
13.0414199829,80.1963806152,53494,53504,10
13.0413599014,80.1968536377,53504,53514,10
13.0412797928,80.1972579956,53514,53524,10
13.0412101746,80.1979522705,53524,53534,10
13.0411100388,80.1985931396,53534,53544,10
13.0410995483,80.1987686157,53544,53554,10
13.0410499573,80.1990966797,53554,53564,10
13.0410003662,80.1994094849,53564,53574,10
13.0409698486,80.1995697021,53574,53585,11
13.04088974,80.2002105713,53585,53595,10
13.0408296585,80.2007675171,53595,53605,10
13.0408296585,80.2007827759,53605,53615,10
13.040769577,80.2009124756,53615,53625,10
13.0406904221,80.2015075684,53625,53635,10
13.040599823,80.2020187378,53635,53645,10
13.0405197144,80.2026062012,53645,53655,10
13.0403995514,80.2034912109,53655,53665,10
13.0402402878,80.204536438,53665,53675,10
13.0403900146,80.2050323486,53675,53686,11
13.0411100388,80.2051391602,53686,53696,10
13.0412101746,80.2051696777,53696,53706,10
13.0412797928,80.2051696777,53706,53716,10
13.0416698456,80.2052307129,53716,53726,10
13.0423297882,80.2053375244,53726,53736,10
13.0428199768,80.2057876587,53736,53746,10
13.0433301926,80.2064971924,53746,53756,10
13.0439395905,80.207359314,53756,53766,10
13.0441398621,80.2083282471,53766,53776,10
13.0441598892,80.2089614868,53776,53787,11
13.0441598892,80.2089767456,53787,53797,10
13.0441703796,80.2091827393,53797,53807,10
13.0441799164,80.2096786499,53807,53817,10
13.044210434,80.2105026245,53817,53827,10
13.0442399979,80.211479187,53827,53837,10
13.0443201065,80.2120437622,53837,53848,11
13.0443296432,80.2121124268,53848,53858,10
13.0444498062,80.2122268677,53858,53868,10
13.0449399948,80.2122192383,53868,53877,9
13.0456104279,80.2122116089,53877,53891,14
13.0468301773,80.2121505737,53891,53901,10
13.0470695496,80.2119903564,53901,53911,10
13.0470695496,80.2118911743,53911,53921,10
13.0470399857,80.2116088867,53921,53931,10
13.0469799042,80.2110137939,53931,53941,10
13.0473299026,80.2107086182,53941,53951,10
13.0476999283,80.2107391357,53951,53961,10
13.0479803085,80.2107467651,53961,53971,10
13.0485696793,80.2107772827,53971,53981,10
13.0493097305,80.2108535767,53981,53992,11
13.049539566,80.2105331421,53992,54002,10
13.0494699478,80.2097396851,54002,54012,10
13.0493898392,80.2089920044,54012,54022,10
13.049249649,80.2082824707,54022,54032,10
13.0489597321,80.2074508667,54032,54042,10
13.0488004684,80.2068481445,54042,54052,10
13.0489902496,80.2068328857,54052,54082,30
13.0489902496,80.2068328857,54082,54093,11
13.0491504669,80.206993103,54093,54768,675
13.0491504669,80.206993103,54768,54778,10
13.0491104126,80.2074279785,54778,54788,10
13.049200058,80.2078323364,54788,54798,10
13.049369812,80.2084503174,54798,54811,13
13.0495300293,80.2094497681,54811,54821,10
13.0496397018,80.2103118896,54821,54831,10
13.0496997833,80.2108764648,54831,54839,8
13.0498199463,80.2117767334,54839,54881,42
13.0498199463,80.2117767334,54881,54891,10
13.0499200821,80.2119903564,54891,54901,10
13.0497198105,80.2122268677,54901,54910,9
13.0495901108,80.2121963501,54910,54923,13
13.0495796204,80.2121887207,54923,54933,10
13.0494699478,80.2121429443,54933,54943,10
13.0490503311,80.2121200562,54943,54953,10
13.0483398438,80.2121734619,54953,54963,10
13.0474395752,80.2122421265,54963,54973,10
13.046330452,80.2122802734,54973,54983,10
13.0450801849,80.2123718262,54983,55003,20
13.0450801849,80.2123718262,55003,55014,11
13.0448598862,80.212387085,55014,55024,10
13.0443201065,80.212348938,55024,55064,40
13.0443201065,80.212348938,55064,55074,10
13.0442304611,80.212097168,55074,55084,10
13.0441999435,80.2114715576,55084,55094,10
13.0441598892,80.2105712891,55094,55104,10
13.0441102982,80.2095184326,55104,55115,11
13.044090271,80.2089309692,55115,55125,10
13.0440998077,80.2088012695,55125,55135,10
13.044090271,80.2082366943,55135,55145,10
13.0438804626,80.2074432373,55145,55155,10
13.0433197021,80.2066192627,55155,55165,10
13.0426998138,80.2057723999,55165,55175,10
13.0419101715,80.205329895,55175,55187,12
13.0407600403,80.2051391602,55187,55197,10
13.0406198502,80.205116272,55197,55207,10
13.0401802063,80.2050476074,55207,55218,11
13.0394001007,80.2049407959,55218,55228,10
13.0385904312,80.2048187256,55228,55238,10
13.0381402969,80.2044296265,55238,55248,10
13.0381803513,80.2041778564,55248,55258,10
13.0382795334,80.2035369873,55258,55268,10
13.0383901596,80.2027435303,55268,55278,10
13.0384597778,80.2022476196,55278,55288,10
13.0385198593,80.2018508911,55288,55298,10
13.0385799408,80.2015075684,55298,55308,10
13.0386600494,80.2008514404,55308,55318,10
13.0387897491,80.2002410889,55318,55329,11
13.0388898849,80.1996383667,55329,55339,10
13.0389204025,80.1993026733,55339,55349,10
13.0389299393,80.1990509033,55349,55359,10
13.0390195847,80.1984481812,55359,55369,10
13.0391302109,80.1976318359,55369,55379,10
13.0392398834,80.1969223022,55379,55388,9
13.039270401,80.1968231201,55388,55399,11
13.039349556,80.1963500977,55399,55409,10
13.0394496918,80.1956634521,55409,55421,12
13.0395803452,80.1944885254,55421,55431,10
13.0397396088,80.1934127808,55431,55441,10
13.0397596359,80.1931762695,55441,55451,10
13.039560318,80.1930236816,55451,55461,10
13.0390396118,80.1929397583,55461,55471,10
13.0387296677,80.1928787231,55471,55481,10
13.0387096405,80.1928787231,55481,55491,10
13.0383901596,80.192817688,55491,55501,10
13.0379400253,80.1928634644,55501,55511,10
13.0376396179,80.1932983398,55511,55522,11
13.0374803543,80.1941833496,55522,55532,10
13.0373296738,80.1952209473,55532,55542,10
13.0371999741,80.1959228516,55542,55552,10
13.0371999741,80.1960296631,55552,55562,10
13.0371303558,80.1963729858,55562,55572,10
13.0370197296,80.197052002,55572,55582,10
13.0368003845,80.1986465454,55582,55602,20
13.0368003845,80.1986465454,55602,55612,10
13.036740303,80.198928833,55612,55623,11
13.0366401672,80.1996612549,55623,55633,10
13.036529541,80.2005462646,55633,55643,10
13.0364303589,80.2012786865,55643,55653,10
13.036359787,80.2016677856,55653,55663,10
13.0363502502,80.2017211914,55663,55673,10
13.0363197327,80.2019500732,55673,55683,10
13.0362701416,80.2025299072,55683,55693,10
13.0361204147,80.2034301758,55693,55703,10
13.0360298157,80.2042007446,55703,55713,10
13.035949707,80.2046813965,55713,55724,11
13.0358200073,80.2055435181,55724,55734,10
13.0357103348,80.2061920166,55734,55744,10
13.0355997086,80.2069625854,55744,55754,10
13.0354604721,80.2079620361,55754,55764,10
13.0354003906,80.2084579468,55764,55774,10
13.0353803635,80.2086410522,55774,55784,10
13.0352802277,80.2092437744,55784,55794,10
13.0351696014,80.2099990845,55794,55804,10
13.0350198746,80.2105636597,55804,55814,10
13.0348596573,80.21118927,55814,55825,11
13.0347099304,80.2120513916,55825,55835,10
13.0343799591,80.2121124268,55835,55845,10
13.0338096619,80.2120285034,55845,55855,10
13.0329799652,80.2119369507,55855,55865,10
13.0325498581,80.2118988037,55865,55875,10
13.0322504044,80.2118682861,55875,55885,10
13.0318698883,80.2115631104,55885,55895,10
13.0319700241,80.2108001709,55895,55905,10
13.0320901871,80.2099533081,55905,55915,10
13.0316696167,80.2096099854,55915,55926,11
13.0307502747,80.2093429565,55926,55936,10
13.0301504135,80.2092514038,55936,55946,10
13.030090332,80.2094573975,55946,55956,10
13.0300598145,80.209602356,55956,55966,10
13.0303096771,80.2098693848,55966,55976,10
13.0308303833,80.2100296021,55976,55986,10
13.030960083,80.2101974487,55986,55996,10
13.0309200287,80.2106170654,55996,56006,10
13.0308704376,80.2110900879,56006,56016,10
13.0308303833,80.2114334106,56016,56027,11
13.0307703018,80.2117767334,56027,56037,10
13.0306797028,80.2123184204,56037,56047,10
13.0305900574,80.2131271362,56047,56055,8
13.0305204391,80.2135620117,56055,56067,12
13.0304603577,80.2139205933,56067,56077,10
13.0303697586,80.2144927979,56077,56087,10
13.0303602219,80.2147216797,56087,56097,10
13.0303602219,80.2149200439,56097,56107,10
13.030380249,80.215423584,56107,56117,10
13.0303897858,80.2160797119,56117,56128,11
13.0304603577,80.2166976929,56128,56138,10
13.0306396484,80.2168273926,56138,56148,10
13.0308198929,80.2168884277,56148,56158,10
13.0311899185,80.2169494629,56158,56168,10
13.0314302444,80.2172088623,56168,56178,10
13.0315103531,80.2179412842,56178,56188,10
13.0319404602,80.2183990479,56188,56198,10
13.0322399139,80.2188415527,56198,56208,10
13.0322399139,80.2193222046,56208,56218,10
13.0322303772,80.2199325562,56218,56228,10
13.0322198868,80.220199585,56228,56238,10
13.0321798325,80.2202606201,56238,56248,10
13.032119751,80.2207336426,56248,56258,10
13.0319404602,80.2214889526,56258,56268,10
13.0316095352,80.2221984863,56268,56278,10
13.0312795639,80.222869873,56278,56288,10
13.0311803818,80.2235794067,56288,56298,10
13.0311603546,80.2239685059,56298,56308,10
13.0311603546,80.2241210938,56308,56319,11
13.0307998657,80.2243499756,56319,56329,10
13.0300197601,80.2243499756,56329,56339,10
13.0292100906,80.2243270874,56339,56349,10
13.0290498734,80.2242584229,56349,56359,10
13.028840065,80.224067688,56359,56369,10
13.0284900665,80.2241134644,56369,56379,10
13.0283098221,80.224822998,56379,56389,10
13.0281095505,80.2259216309,56389,56400,11
13.0279397964,80.2268371582,56400,56409,9
13.0280103683,80.2270278931,56409,56420,11
13.028459549,80.227142334,56420,56430,10
13.0287399292,80.2272033691,56430,56442,12
13.0293903351,80.2273025513,56442,56452,10
13.0301303864,80.2274169922,56452,56462,10
13.030380249,80.2280502319,56462,56482,20
13.030380249,80.2280502319,56482,56492,10
13.0303297043,80.2285079956,56492,56502,10
13.0303201675,80.2293395996,56502,56512,10
13.030579567,80.2300109863,56512,56522,10
13.0306301117,80.2303009033,56522,56533,11
13.0306901932,80.2306213379,56533,56543,10
13.0306501389,80.2307281494,56543,56553,10
13.0303201675,80.2307815552,56553,56563,10
13.0298595428,80.2308273315,56563,56583,20
13.0298595428,80.2308273315,56583,56593,10
13.0295495987,80.2308807373,56593,56603,10
13.0289497375,80.2309265137,56603,56613,10
13.0282497406,80.2310028076,56613,56622,9
13.0277395248,80.2310562134,56622,56634,12
13.0277004242,80.2316131592,56634,56644,10
13.0277500153,80.232170105,56644,56654,10
13.0277795792,80.2327575684,56654,56664,10
13.0270996094,80.2329025269,56664,56674,10
13.0267095566,80.2329788208,56674,56745,71
13.0267095566,80.2329788208,56745,56755,10
13.0263395309,80.2328033447,56755,56765,10
13.0261497498,80.2322463989,56765,56775,10
13.0260896683,80.2318572998,56775,56785,10
13.0259799957,80.2314300537,56785,56795,10
13.0257501602,80.2307128906,56795,56805,10
13.0252103806,80.2297973633,56805,56815,10
13.0245103836,80.2289276123,56815,56825,10
13.0239696503,80.228302002,56825,56846,21
13.0239696503,80.228302002,56846,56856,10
13.023850441,80.2281188965,56856,56866,10
13.0235795975,80.2278366089,56866,56876,10
13.0232400894,80.2275009155,56876,56886,10
13.0227203369,80.2269668579,56886,56896,10
13.0220298767,80.2263565063,56896,56906,10
13.0213403702,80.2258224487,56906,56916,10
13.020819664,80.225402832,56916,56926,10
13.0201797485,80.2249603271,56926,56937,11
13.0193300247,80.2244720459,56937,56947,10
13.0182304382,80.2246704102,56947,56957,10
13.0171604156,80.2251281738,56957,56967,10
13.0164499283,80.225440979,56967,56977,10
13.0159502029,80.2256164551,56977,56987,10
13.015250206,80.2258987427,56987,56997,10
13.0150003433,80.2260131836,56997,57007,10
13.0147800446,80.2260971069,57007,57017,10
13.0147399902,80.2261199951,57017,57027,10
13.0144796371,80.2262115479,57027,57036,9
13.0143699646,80.2262573242,57036,57048,12
13.0142498016,80.2262878418,57048,57058,10
13.0137796402,80.2264709473,57058,57068,10
13.0130596161,80.2267608643,57068,57078,10
13.0121603012,80.2271194458,57078,57088,10
13.0111103058,80.2275314331,57088,57098,10
13.0100803375,80.2279434204,57098,57108,10
13.009180069,80.2284469604,57108,57118,10
13.0089702606,80.2294464111,57118,57128,10
13.0087604523,80.2306137085,57128,57137,9
13.0085697174,80.2316131592,57137,57149,12
13.0083503723,80.2327880859,57149,57159,10
13.0081996918,80.2336883545,57159,57169,10
13.0081796646,80.2337875366,57169,57179,10
13.0081396103,80.2339782715,57179,57189,10
13.0080404282,80.234413147,57189,57199,10
13.007900238,80.2351074219,57199,57209,10
13.0076904297,80.2360916138,57209,57219,10
13.0074701309,80.2372589111,57219,57229,10
13.0072803497,80.2382736206,57229,57239,10
13.0071601868,80.2389068604,57239,57249,10
13.007060051,80.2394485474,57249,57259,10
13.0069103241,80.2401504517,57259,57269,10
13.0068702698,80.2405929565,57269,57279,10
13.0068597794,80.240737915,57279,57289,10
13.0067796707,80.2410125732,57289,57300,11
13.0067396164,80.2417373657,57300,57310,10
13.0067300797,80.2426376343,57310,57319,9
13.0066900253,80.243522644,57319,57330,11
13.0066900253,80.244682312,57330,57340,10
13.0067195892,80.2457504272,57340,57350,10
13.0067396164,80.2466964722,57350,57360,10
13.0066995621,80.2476882935,57360,57370,10
13.0067396164,80.2487182617,57370,57380,10
13.0068597794,80.2492904663,57380,57390,10
13.0068597794,80.2493209839,57390,57400,10
13.0068597794,80.2495117188,57400,57410,10
13.0068597794,80.2500610352,57410,57420,10
13.0068397522,80.2508010864,57420,57430,10
13.0068702698,80.2513809204,57430,57440,10
13.0066900253,80.2520828247,57440,57453,13
13.0065803528,80.2531433105,57453,57463,10
13.0065803528,80.2540435791,57463,57473,10
13.0066299438,80.2548599243,57473,57483,10
13.0066204071,80.2549591064,57483,57493,10
13.0066099167,80.2553710938,57493,57503,10
13.0066204071,80.2561035156,57503,57513,10
13.0066795349,80.257232666,57513,57574,61
13.0066795349,80.257232666,57574,57584,10
13.0066699982,80.2574615479,57584,57594,10
13.006360054,80.2576522827,57594,57604,10
13.0058603287,80.257522583,57604,57614,10
13.0051803589,80.25730896,57614,57624,10
13.0044498444,80.2571487427,57624,57634,10
13.0036096573,80.2569732666,57634,57643,9
13.0030298233,80.2568588257,57643,57655,12
13.0020999908,80.2566833496,57655,57695,40
13.0020999908,80.2566833496,57695,57705,10
13.0019302368,80.2566299438,57705,57715,10
13.0014200211,80.2565612793,57715,57725,10
13.0006399155,80.2564620972,57725,57735,10
13.0000896454,80.2563705444,57735,57745,10
13.0000295639,80.2563476563,57745,57756,11
12.99958992,80.2562789917,57756,57766,10
12.9992599487,80.2562026978,57766,57776,10
12.9986801147,80.2560806274,57776,57786,10
12.9982004166,80.2560272217,57786,57796,10
12.9972896576,80.2559814453,57796,57816,20
12.9972896576,80.2559814453,57816,57826,10
12.9972400665,80.2559967041,57826,57836,10
12.9969396591,80.2560424805,57836,57846,10
12.9968795776,80.256477356,57846,57857,11
12.9968299866,80.2569122314,57857,57867,10
12.9968204498,80.2570419312,57867,57877,10
12.9967603683,80.2575378418,57877,57887,10
12.9966697693,80.2582397461,57887,57897,10
12.9966402054,80.2589111328,57897,57907,10
12.9965801239,80.2594604492,57907,57917,10
12.9965400696,80.2600631714,57917,57927,10
12.9964504242,80.2608413696,57927,57937,10
12.9963703156,80.2615814209,57937,57947,10
12.9962501526,80.2623825073,57947,57968,21
12.9962501526,80.2623825073,57968,57978,10
12.9962100983,80.2626190186,57978,57988,10
12.9961795807,80.2632522583,57988,57998,10
12.9960899353,80.2640686035,57998,58008,10
12.9960002899,80.2649536133,58008,58018,10
12.9959602356,80.2653121948,58018,58028,10
12.9959096909,80.2657928467,58028,58038,10
12.9958200455,80.2665634155,58038,58048,10
12.9957304001,80.2674636841,58048,58059,11
12.9961500168,80.2677230835,58059,58079,20
12.9961500168,80.2677230835,58079,58089,10
12.996219635,80.2677764893,58089,58099,10
12.9966897964,80.2677993774,58099,58109,10
12.9974603653,80.2676086426,58109,58119,10
12.9983997345,80.267326355,58119,58130,11
12.9994802475,80.2670211792,58130,58140,10
12.9999704361,80.2667770386,58140,58150,10
12.9999799728,80.2667694092,58150,58160,10
13.0001001358,80.2666320801,58160,58170,10
13.0001897812,80.2660598755,58170,58181,11
13.0003595352,80.2657470703,58181,58191,10
13.0003204346,80.2659912109,58191,58201,10
13.0003004074,80.2660675049,58201,58211,10
13.0002803802,80.2663192749,58211,58555,344
13.0002403259,80.2665481567,58555,58980,425
13.0002403259,80.2665481567,58980,58990,10
13.0003004074,80.2667770386,58990,59000,10
13.0000600815,80.2669372559,59000,59010,10
12.9999103546,80.2669677734,59010,59020,10
12.9994802475,80.2670822144,59020,59030,10
12.9988298416,80.2672576904,59030,59040,10
12.9980201721,80.2674789429,59040,59050,10
12.9971904755,80.2677001953,59050,59061,11
12.9960603714,80.2677612305,59061,59071,10
12.9956598282,80.2674102783,59071,59091,20
12.9956598282,80.2674102783,59091,59101,10
12.9956998825,80.2671432495,59101,59111,10
12.995759964,80.2666015625,59111,59121,10
12.9958400726,80.265838623,59121,59131,10
12.9959402084,80.2649917603,59131,59141,10
12.9960603714,80.263999939,59141,59151,10
12.9961395264,80.2631835938,59151,59161,10
12.9961795807,80.2627792358,59161,59171,10
12.9961996078,80.2626037598,59171,59184,13
12.9962396622,80.2623596191,59184,59194,10
12.9962797165,80.2618408203,59194,59204,10
12.9963703156,80.2611236572,59204,59214,10
12.9964599609,80.2603378296,59214,59222,8
12.9965000153,80.2598800659,59222,59234,12
12.9965400696,80.2594680786,59234,59244,10
12.9965600967,80.259262085,59244,59254,10
12.9966096878,80.2587966919,59254,59264,10
12.9966802597,80.2580490112,59264,59274,10
12.9967699051,80.2571105957,59274,59285,11
12.9968204498,80.2563705444,59285,59295,10
12.9968099594,80.2563400269,59295,59305,10
12.9967899323,80.2562713623,59305,59315,10
12.9968996048,80.255897522,59315,59325,10
12.9974002838,80.255897522,59325,59335,10
12.9979200363,80.2559585571,59335,59345,10
12.9987001419,80.2560272217,59345,59375,30
12.9987001419,80.2560272217,59375,59386,11
12.9991798401,80.2561416626,59386,59416,30
12.9991798401,80.2561416626,59416,59426,10
12.999540329,80.2561798096,59426,59436,10
13.0001096725,80.2563171387,59436,59446,10
13.0007600784,80.2564468384,59446,59456,10
13.0009803772,80.256477356,59456,59466,10
13.0013103485,80.2565307617,59466,59476,10
13.0017995834,80.2566070557,59476,59487,11
13.0024404526,80.2566986084,59487,59497,10
13.002989769,80.2568130493,59497,59505,8
13.0034704208,80.2568969727,59505,59517,12
13.0044403076,80.2570800781,59517,59527,10
13.0050802231,80.2572021484,59527,59537,10
13.0051498413,80.2572097778,59537,59547,10
13.0052604675,80.2572174072,59547,59557,10
13.0054798126,80.257270813,59557,59567,10
13.0059204102,80.2573699951,59567,59577,10
13.0064296722,80.2574386597,59577,59588,11
13.0064897537,80.2568206787,59588,59598,10
13.006480217,80.2559661865,59598,59608,10
13.0065202713,80.2552032471,59608,59618,10
13.0065002441,80.2544326782,59618,59628,10
13.0065002441,80.2539215088,59628,59638,10
13.0064897537,80.2535171509,59638,59648,10
13.006480217,80.2532119751,59648,59658,10
13.006480217,80.2531661987,59658,59668,10
13.0065002441,80.2527999878,59668,59678,10
13.006529808,80.2523803711,59678,59687,9
13.0065498352,80.2522964478,59687,59699,12
13.0066404343,80.2518386841,59699,59709,10
13.0067396164,80.2511367798,59709,59719,10
13.0067100525,80.2502593994,59719,59729,10
13.0066995621,80.2496414185,59729,59739,10
13.0066995621,80.2496337891,59739,59749,10
13.0066995621,80.2495269775,59749,59759,10
13.0066699982,80.2489700317,59759,60245,486
13.0066699982,80.2489700317,60245,60255,10
13.0066795349,80.2485809326,60255,60265,10
13.006649971,80.2483062744,60265,60275,10
13.0066299438,80.2478790283,60275,60285,10
13.0066204071,80.2472991943,60285,60295,10
13.0066099167,80.2466812134,60295,60306,11
13.0066099167,80.2466278076,60306,60316,10
13.0066204071,80.2463226318,60316,60326,10
13.0066003799,80.2456588745,60326,60336,10
13.0066003799,80.2447967529,60336,60346,10
13.0065898895,80.2438278198,60346,60356,10
13.0065498352,80.2430114746,60356,60366,10
13.0065402985,80.242149353,60366,60376,10
13.0065402985,80.2414169312,60376,60386,10
13.0065603256,80.2412033081,60386,60396,10
13.0065803528,80.2411117554,60396,60407,11
13.0066404343,80.2406692505,60407,60417,10
13.0067100525,80.2402801514,60417,60427,10
13.0068702698,80.2396621704,60427,60437,10
13.0070295334,80.2388687134,60437,60447,10
13.0071697235,80.2380905151,60447,60457,10
13.0073204041,80.2374191284,60457,60467,10
13.0073795319,80.2370376587,60467,60477,10
13.0073795319,80.2370300293,60477,60487,10
13.0074796677,80.2367095947,60487,60497,10
13.0075798035,80.2361297607,60497,60508,11
13.0077199936,80.2354278564,60508,60518,10
13.0078401566,80.234916687,60518,60528,10
13.0079898834,80.2342529297,60528,60538,10
13.0081701279,80.2333221436,60538,60548,10
13.0083799362,80.2321624756,60548,60558,10
13.0086202621,80.2309494019,60558,60568,10
13.0088596344,80.2297363281,60568,60578,10
13.0090703964,80.2286529541,60578,60588,10
13.0093698502,80.227722168,60588,60598,10
13.0098400116,80.2266998291,60598,60609,11
13.0103302002,80.2257537842,60609,60619,10
13.0106601715,80.2250137329,60619,60629,10
13.0109100342,80.2244110107,60629,60639,10
13.0113096237,80.2235107422,60639,60669,30
13.0113096237,80.2235107422,60669,60679,10
13.0114402771,80.2231292725,60679,60689,10
13.0116996765,80.2224884033,60689,60699,10
13.0120096207,80.2216567993,60699,60710,11
13.0124902725,80.2216491699,60710,60720,10
13.0129995346,80.2222900391,60720,60730,10
13.0136098862,80.2229995728,60730,60740,10
13.0143098831,80.2238464355,60740,60750,10
13.0150203705,80.2246017456,60750,60760,10
13.015540123,80.2250137329,60760,60770,10
13.0155696869,80.2250366211,60770,60780,10
13.0157499313,80.2252197266,60780,60790,10
13.0163402557,80.2253875732,60790,60800,10
13.0171699524,80.225112915,60800,60811,11
13.0182504654,80.2246627808,60811,60821,10
13.0191698074,80.224319458,60821,60831,10
13.0192899704,80.224319458,60831,60841,10
13.0193300247,80.2243270874,60841,60851,10
13.0196199417,80.2244415283,60851,60861,10
13.0198698044,80.2246170044,60861,60871,10
13.0203504562,80.2249908447,60871,60881,10
13.0209302902,80.2254180908,60881,60891,10
13.0215196609,80.2258911133,60891,60901,10
13.0222597122,80.2264633179,60901,60912,11
13.0230903625,80.2271881104,60912,60922,10
13.0237998962,80.2278518677,60922,60932,10
13.0243701935,80.228477478,60932,60942,10
13.024769783,80.229057312,60942,60952,10
13.0251598358,80.2295608521,60952,60962,10
13.0254201889,80.2298736572,60962,60972,10
13.0255699158,80.2300872803,60972,60982,10
13.0259599686,80.2308502197,60982,61012,30
13.0259599686,80.2308502197,61012,61023,11
13.0260095596,80.2310333252,61023,61033,10
13.0260896683,80.2313613892,61033,61043,10
13.0265398026,80.2313308716,61043,61053,10
13.027299881,80.2311401367,61053,61063,10
13.0284700394,80.2309570313,61063,61083,20
13.0284700394,80.2309570313,61083,61092,9
13.0286502838,80.2309265137,61092,61103,11
13.0293998718,80.2308502197,61103,61155,52
13.0293998718,80.2308502197,61155,61165,10
13.0297899246,80.2308273315,61165,61175,10
13.0303001404,80.230796814,61175,61185,10
13.0307197571,80.2306900024,61185,61195,10
13.0306501389,80.2303695679,61195,61205,10
13.0304698944,80.2297973633,61205,61216,11
13.0303001404,80.2291793823,61216,61226,10
13.0303697586,80.2282867432,61226,61246,20
13.0303697586,80.2282867432,61246,61256,10
13.0303897858,80.2281799316,61256,61266,10
13.0304203033,80.2278518677,61266,61276,10
13.0302095413,80.2275238037,61276,61286,10
13.0295495987,80.2273864746,61286,61296,10
13.0288200378,80.2272567749,61296,61306,10
13.0286598206,80.2272415161,61306,61317,11
13.0283098221,80.2271575928,61317,61327,10
13.0279197693,80.2269668579,61327,61337,10
13.0279798508,80.2264175415,61337,61347,10
13.0281400681,80.2256393433,61347,61357,10
13.0283203125,80.2247619629,61357,61367,10
13.028670311,80.2240371704,61367,61387,20
13.028670311,80.2240371704,61387,61397,10
13.0289497375,80.2241897583,61397,61407,10
13.0294103622,80.2243423462,61407,61418,11
13.0301504135,80.2243499756,61418,61428,10
13.030579567,80.224357605,61428,61438,10
13.0310602188,80.2242889404,61438,61448,10
13.031129837,80.2233505249,61448,61468,20
13.031129837,80.2233505249,61468,61478,10
13.0311899185,80.2230377197,61478,61488,10
13.0313997269,80.2225570679,61488,61498,10
13.031709671,80.2219314575,61498,61508,10
13.0319299698,80.2214431763,61508,61519,11
13.0320796967,80.2208709717,61519,61529,10
13.0321702957,80.2198867798,61529,61549,20
13.0321702957,80.2198867798,61549,61559,10
13.0321903229,80.2197265625,61559,61569,10
13.0321903229,80.2192001343,61569,61579,10
13.0320796967,80.2185516357,61579,61589,10
13.0314702988,80.2182693481,61589,61599,10
13.0314302444,80.2174682617,61599,61609,10
13.0313396454,80.2171020508,61609,61620,11
13.0309200287,80.2170333862,61620,61630,10
13.0304698944,80.2168273926,61630,61640,10
13.0304603577,80.2166595459,61640,61650,10
13.0304403305,80.2164764404,61650,61660,10
13.0304002762,80.216003418,61660,61670,10
13.0303602219,80.2153701782,61670,61680,10
13.0303201675,80.2148513794,61680,61690,10
13.0303201675,80.2147979736,61690,61700,10
13.0303297043,80.2146530151,61700,61710,10
13.0304002762,80.2142181396,61710,61720,10
13.0304803848,80.2137374878,61720,61731,11
13.0305404663,80.2133789063,61731,61741,10
13.0306396484,80.2128372192,61741,61751,10
13.0307502747,80.2121200562,61751,61761,10
13.0308303833,80.2116317749,61761,61771,10
13.0308799744,80.21118927,61771,61781,10
13.0309200287,80.2109222412,61781,61791,10
13.0309495926,80.2106781006,61791,61801,10
13.0309801102,80.2104873657,61801,61811,10
13.0310201645,80.2101974487,61811,61822,11
13.030790329,80.2100524902,61822,61832,10
13.0303401947,80.2098999023,61832,61842,10
13.0300302505,80.2097167969,61842,61852,10
13.0301303864,80.2093200684,61852,61882,30
13.0301303864,80.2093200684,61882,61892,10
13.0301704407,80.2092132568,61892,61902,10
13.0304203033,80.2090530396,61902,61912,10
13.0310001373,80.2092132568,61912,61922,10
13.0315999985,80.2092971802,61922,61942,20
13.0315999985,80.2092971802,61942,61952,10
13.0318899155,80.2093276978,61952,61962,10
13.0323801041,80.2095031738,61962,61972,10
13.0331697464,80.2097015381,61972,61982,10
13.0340204239,80.2098617554,61982,61992,10
13.0347700119,80.2099685669,61992,62003,11
13.0351600647,80.2097320557,62003,62013,10
13.0352296829,80.2091674805,62013,62023,10
13.0353002548,80.2086410522,62023,62033,10
13.0353002548,80.2084503174,62033,62043,10
13.0353097916,80.2083816528,62043,62053,10
13.0353603363,80.2079925537,62053,62063,10
13.0354604721,80.2073364258,62063,62073,10
13.0355796814,80.2065505981,62073,62084,11
13.0355100632,80.2059936523,62084,62094,10
13.0355300903,80.2055206299,62094,62113,19
13.0355300903,80.2055206299,62113,62124,11
13.0355501175,80.2053222656,62124,62136,12
13.0358200073,80.2050094604,62136,62156,20
13.0358200073,80.2050094604,62156,62166,10
13.0358695984,80.2046585083,62166,62176,10
13.035900116,80.2044677734,62176,62186,10
13.0359401703,80.2042312622,62186,62196,10
13.0360097885,80.2037963867,62196,62206,10
13.0361003876,80.2031402588,62206,62216,10
13.0362195969,80.2023696899,62216,62227,11
13.0363197327,80.2016220093,62227,62257,30
13.0363197327,80.2016220093,62257,62267,10
13.0363101959,80.2015075684,62267,62277,10
13.0363397598,80.2013473511,62277,62287,10
13.0363903046,80.201133728,62287,62297,10
13.0364599228,80.2006912231,62297,62306,9
13.0365495682,80.200088501,62306,62318,12
13.0367002487,80.1990737915,62318,62329,11
13.0367803574,80.1984100342,62329,62349,20
13.0367803574,80.1984100342,62349,62359,10
13.0368003845,80.1982498169,62359,62369,10
13.036860466,80.1977996826,62369,62379,10
13.0369796753,80.1971435547,62379,62389,10
13.0370903015,80.1963195801,62389,62409,20
13.0370903015,80.1963195801,62409,62419,10
13.037150383,80.1960525513,62419,62430,11
13.037229538,80.1954879761,62430,62440,10
13.0373497009,80.1947402954,62440,62450,10
13.0374698639,80.1938705444,62450,62460,10
13.0375900269,80.1929779053,62460,62470,10
13.0378799438,80.1927719116,62470,62480,10
13.0382995605,80.1928024292,62480,62490,10
13.0387601852,80.1928863525,62490,62500,10
13.038769722,80.1928863525,62500,62510,10
13.0389499664,80.1929168701,62510,62520,10
13.0394001007,80.1930007935,62520,62531,11
13.0401496887,80.1931533813,62531,62541,10
13.0409097672,80.1932830811,62541,62551,10
13.0416698456,80.1934204102,62551,62561,10
13.0417804718,80.193901062,62561,62571,10
13.0417804718,80.1940383911,62571,62581,10
13.0417203903,80.194480896,62581,62591,10
13.0416202545,80.1951904297,62591,62601,10
13.0415096283,80.1959991455,62601,62611,10
13.0414400101,80.1965637207,62611,62621,10
13.0414199829,80.1967163086,62621,62632,11
13.0413599014,80.1970825195,62632,62642,10
13.0412797928,80.1976776123,62642,62652,10
13.0411996841,80.1982803345,62652,62662,10
13.0410900116,80.198928833,62662,62672,10
13.0410499573,80.1992492676,62672,62682,10
13.0410404205,80.1993637085,62682,62692,10
13.0409698486,80.1997909546,62692,62702,10
13.0408601761,80.2005004883,62702,62712,10
13.040719986,80.2014312744,62712,62723,11
13.0406198502,80.202003479,62723,62733,10
13.0405597687,80.2023925781,62733,62743,10
13.04047966,80.2030792236,62743,62753,10
13.0403404236,80.2039489746,62753,62763,10
13.0402402878,80.2046813965,62763,62774,11
13.0402297974,80.2050170898,62774,62784,10
13.0406198502,80.2051086426,62784,62794,10
13.0410804749,80.2051773071,62794,62814,20
13.0410804749,80.2051773071,62814,62824,10
13.041270256,80.2052230835,62824,62834,10
13.0417900085,80.2053070068,62834,62844,10
13.0425100327,80.2054214478,62844,62854,10
13.0427904129,80.2056808472,62854,62864,10
13.0431499481,80.206237793,62864,62874,10
13.0436000824,80.2068710327,62874,62884,10
13.0440301895,80.207572937,62884,62894,10
13.0441703796,80.2083282471,62894,62904,10
13.0441999435,80.2089233398,62904,62924,20
13.0441999435,80.2089233398,62924,62937,13
13.044210434,80.2092895508,62937,62947,10
13.0442199707,80.2099075317,62947,62957,10
13.0442695618,80.2107467651,62957,62967,10
13.0443897247,80.2122192383,62967,62987,20
13.0443897247,80.2122192383,62987,62997,10
13.0445995331,80.2122421265,62997,63007,10
13.0451698303,80.2122192383,63007,63017,10
13.0459403992,80.2121963501,63017,63027,10
13.0467100143,80.2121582031,63027,63038,11
13.0470199585,80.2121276855,63038,63048,10
13.04708004,80.2119522095,63048,63068,20
13.04708004,80.2119522095,63068,63078,10
13.0470504761,80.211807251,63078,63088,10
13.0470199585,80.2112579346,63088,63098,10
13.0471401215,80.2107772827,63098,63108,10
13.0475702286,80.2107620239,63108,63118,10
13.0480499268,80.2108001709,63118,63128,10
13.0485401154,80.2108078003,63128,63138,10
13.0490903854,80.2108306885,63138,63149,11
13.0496397018,80.2107620239,63149,63159,10
13.0495796204,80.2101669312,63159,63169,10
13.0494804382,80.2094497681,63169,63179,10
13.0493602753,80.2086715698,63179,63189,10
13.0491600037,80.2080001831,63189,63199,10
13.0489797592,80.2074584961,63199,63209,10
13.0488500595,80.2070007324,63209,63219,10
13.0489997864,80.2069091797,63219,63260,41
13.0489997864,80.2069091797,63260,63270,10
13.049200058,80.2068405151,63270,63280,10
13.0492801666,80.2069168091,63280,63290,10
13.0492801666,80.2071990967,63290,63775,485
13.0492801666,80.2071990967,63775,63785,10
13.0491304398,80.2076187134,63785,63795,10
13.0492801666,80.2080917358,63795,63805,10
13.0494203568,80.208656311,63805,63815,10
13.0494804382,80.2089691162,63815,63825,10
13.0495500565,80.2093963623,63825,63835,10
13.049659729,80.2100601196,63835,63844,9
13.0497303009,80.2106704712,63844,63857,13
13.0497703552,80.2110900879,63857,63867,10
13.0498504639,80.2115478516,63867,63877,10
13.0498600006,80.2116470337,63877,63887,10
13.0499000549,80.2118682861,63887,63897,10
13.0499200821,80.2121200562,63897,63907,10
13.0496196747,80.2122268677,63907,63937,30
13.0496196747,80.2122268677,63937,63947,10
13.0495004654,80.2121810913,63947,63958,11
13.0490703583,80.2121734619,63958,63968,10
13.0484399796,80.2122192383,63968,63978,10
13.0476799011,80.2123031616,63978,63988,10
13.0467300415,80.212348938,63988,63998,10
13.0458297729,80.2123794556,63998,64008,10
13.0454101563,80.2124099731,64008,64018,10
13.0451602936,80.2124328613,64018,64028,10
13.0447502136,80.2124404907,64028,64038,10
13.0443696976,80.2124481201,64038,64059,21
13.0443696976,80.2124481201,64059,64069,10
13.0442304611,80.2122879028,64069,64079,10
13.0441799164,80.211730957,64079,64089,10
13.0441598892,80.2109680176,64089,64099,10
13.0441102982,80.2101516724,64099,64200,101
13.0441102982,80.2101516724,64200,64210,10
13.0442199707,80.2099990845,64210,64220,10
13.0441799164,80.2095413208,64220,64230,10
13.0441198349,80.2088317871,64230,64250,20
13.0441198349,80.2088317871,64250,64261,11
13.0441102982,80.2086715698,64261,64271,10
13.044090271,80.208190918,64271,64281,10
13.0438995361,80.2075576782,64281,64291,10
13.0434503555,80.2068710327,64291,64301,10
13.0429000854,80.2061004639,64301,64311,10
13.042599678,80.2056884766,64311,64321,10
13.0421695709,80.2054290771,64321,64331,10
13.0415000916,80.2052764893,64331,64341,10
13.040769577,80.2051620483,64341,64362,21
13.040769577,80.2051620483,64362,64372,10
13.0405502319,80.2051467896,64372,64382,10
13.0401000977,80.2050628662,64382,64392,10
13.0394601822,80.2049407959,64392,64402,10
13.0387401581,80.2048110962,64402,64412,10
13.0381803513,80.2046585083,64412,64422,10
13.0382604599,80.2041625977,64422,64432,10
13.0383300781,80.2034683228,64432,64442,10
13.0384397507,80.2026824951,64442,64451,9
13.0385198593,80.2020492554,64451,64463,12
13.0385398865,80.2019119263,64463,64473,10
13.0385503769,80.2017593384,64473,64483,10
13.0386104584,80.2014007568,64483,64493,10
13.0387001038,80.2007675171,64493,64503,10
13.0388002396,80.2001419067,64503,64513,10
13.0389003754,80.19947052,64513,64523,10
13.0389204025,80.199256897,64523,64533,10
13.0389404297,80.1990737915,64533,64543,10
13.0390195847,80.198638916,64543,64553,10
13.0391197205,80.1978988647,64553,64564,11
13.0392599106,80.1969680786,64564,64594,30
13.0392599106,80.1969680786,64594,64604,10
13.0393295288,80.1966018677,64604,64614,10
13.0394001007,80.1962127686,64614,64624,10
13.0394802094,80.1955490112,64624,64634,10
13.0395498276,80.194732666,64634,64644,10
13.0396699905,80.1938781738,64644,64654,10
13.0397500992,80.1932220459,64654,64674,20
13.0397500992,80.1932220459,64674,64684,10
13.0394096375,80.1930084229,64684,64694,10
13.0387401581,80.1928863525,64694,64714,20
13.0387401581,80.1928863525,64714,64724,10
13.0386199951,80.1928710938,64724,64734,10
13.0382204056,80.1928100586,64734,64745,11
13.0377998352,80.1928710938,64745,64755,10
13.0376195908,80.193321228,64755,64765,10
13.0375204086,80.1940536499,64765,64775,10
13.0373802185,80.1949234009,64775,64785,10
13.037229538,80.1960372925,64785,64815,30
13.037229538,80.1960372925,64815,64825,10
13.0371599197,80.1964569092,64825,64835,10
13.0370702744,80.1970672607,64835,64845,10
13.0369596481,80.1978530884,64845,64855,10
13.0368404388,80.1987991333,64855,64878,23
13.0368404388,80.1987991333,64878,64888,10
13.036860466,80.1988830566,64888,64898,10
13.0368003845,80.1991119385,64898,64908,10
13.0367097855,80.1996231079,64908,64918,10
13.0366001129,80.200340271,64918,64928,10
13.0364999771,80.2010269165,64928,64938,10
13.0364303589,80.2014694214,64938,64948,10
13.0363998413,80.2018432617,64948,64966,18
13.0363998413,80.2018432617,64966,64979,13
13.0363397598,80.2021179199,64979,64989,10
13.036239624,80.2026290894,64989,64999,10
13.0361499786,80.203338623,64999,65009,10
13.0360403061,80.2041015625,65009,65012,3
13.0360202789,80.2042922974,65012,65031,19
13.0356998444,80.2064437866,65031,65072,41
13.0424404144,80.205657959,65072,75269,10197
13.0424404144,80.205657959,75269,75303,34
13.0406799316,80.2052078247,75303,75312,9
13.0403900146,80.2051773071,75312,75322,10
13.0398197174,80.2050933838,75322,75333,11
13.0389404297,80.2049636841,75333,75343,10
13.0381002426,80.2048187256,75343,75353,10
13.0380296707,80.2046890259,75353,75363,10
13.0381002426,80.2042770386,75363,75373,10
13.0382099152,80.2035369873,75373,75383,10
13.0383300781,80.2027282715,75383,75393,10
13.0384197235,80.2020111084,75393,75403,10
13.0384597778,80.2016525269,75403,75413,10
13.0385398865,80.2011489868,75413,75423,10
13.0386800766,80.2004165649,75423,75433,10
13.0388002396,80.1995315552,75433,75444,11
13.038860321,80.1990127563,75444,75454,10
13.0388898849,80.1987762451,75454,75464,10
13.0389795303,80.1981735229,75464,75474,10
13.0390996933,80.1973876953,75474,75484,10
13.0391702652,80.1968765259,75484,75494,10
13.0392198563,80.1967010498,75494,75504,10
13.0392398834,80.1963882446,75504,75514,10
13.0393400192,80.1957626343,75514,75524,10
13.0394697189,80.1949005127,75524,75535,11
13.0395898819,80.1938781738,75535,75545,10
13.0396699905,80.1932907104,75545,75555,10
13.0396404266,80.1931533813,75555,75565,10
13.0392799377,80.193069458,75565,75575,10
13.0387201309,80.1930236816,75575,75585,10
13.038649559,80.1930236816,75585,75595,10
13.0384197235,80.1929931641,75595,75605,10
13.0378704071,80.1929779053,75605,75615,10
13.0375404358,80.1934280396,75615,75624,9
13.0374403,80.1941680908,75624,75636,12
13.0372896194,80.1952972412,75636,75646,10
13.0371999741,80.1959609985,75646,75656,10
13.0371799469,80.1961288452,75656,75666,10
13.0371704102,80.1961898804,75666,75676,10
13.0370903015,80.1965484619,75676,75686,10
13.0369997025,80.1972198486,75686,75696,10
13.0367698669,80.1987380981,75696,75726,30
13.0367698669,80.1987380981,75726,75737,11
13.0367298126,80.1990585327,75737,75747,10
13.0366401672,80.1996383667,75747,75757,10
13.0365200043,80.2004699707,75757,75767,10
13.0363903046,80.2013702393,75767,75777,10
13.0363101959,80.2019119263,75777,75787,10
13.0363101959,80.2019424438,75787,75797,10
13.0362901688,80.2020721436,75797,75807,10
13.0362796783,80.2022018433,75807,75817,10
13.0362195969,80.2026519775,75817,75827,10
13.0361099243,80.2033691406,75827,75837,10
13.0360097885,80.2040176392,75837,75848,11
13.0359601974,80.2043304443,75848,75858,10
13.035949707,80.2044830322,75858,75868,10
13.0358695984,80.2049331665,75868,75878,10
13.0357503891,80.205657959,75878,75888,10
13.0356998444,80.205947876,75888,75898,10
13.03565979,80.2061691284,75898,75908,10
13.0355901718,80.2066421509,75908,75918,10
13.0354795456,80.2074279785,75918,75928,10
13.035369873,80.2082519531,75928,75938,10
13.0353298187,80.2085800171,75938,75948,10
13.0353097916,80.2087173462,75948,75958,10
13.0352201462,80.2092208862,75958,75968,10
13.0351295471,80.2098693848,75968,75978,10
13.0350399017,80.2104568481,75978,75988,10
13.034910202,80.2108230591,75988,75998,10
13.0347995758,80.21144104,75998,76009,11
13.0345802307,80.2121734619,76009,76018,9
13.034040451,80.2121124268,76018,76029,11
13.0333795547,80.2120513916,76029,76039,10
13.0324897766,80.2119674683,76039,76059,20
13.0324897766,80.2119674683,76059,76069,10
13.0322303772,80.2119522095,76069,76099,30
13.0322303772,80.2119522095,76099,76109,10
13.0319595337,80.2118988037,76109,76119,10
13.0318698883,80.2117462158,76119,76129,10
13.0319099426,80.2113800049,76129,76142,13
13.0319595337,80.2107315063,76142,76152,10
13.0320196152,80.2100524902,76152,76162,10
13.0319004059,80.2096710205,76162,76172,10
13.0313301086,80.2095184326,76172,76182,10
13.0306100845,80.2093429565,76182,76192,10
13.0301103592,80.2092819214,76192,76202,10
13.0300102234,80.209602356,76202,76212,10
13.029999733,80.2096633911,76212,76222,10
13.0302295685,80.2098999023,76222,76233,11
13.0308303833,80.210067749,76233,76243,10
13.0309000015,80.2102813721,76243,76253,10
13.0308599472,80.2107772827,76253,76263,10
13.0307998657,80.2111968994,76263,76273,10
13.0307502747,80.2116622925,76273,76283,10
13.0306596756,80.212020874,76283,76293,10
13.0305900574,80.2126693726,76293,76303,10
13.0305500031,80.2131271362,76303,76313,10
13.0304803848,80.2135696411,76313,76323,10
13.0304403305,80.2138824463,76323,76333,10
13.0303497314,80.2143783569,76333,76344,11
13.0303001404,80.2147979736,76344,76354,10
13.03028965,80.2148666382,76354,76364,10
13.0302495956,80.2152633667,76364,76374,10
13.0303001404,80.2159881592,76374,76384,10
13.0303201675,80.2167892456,76384,76394,10
13.0306100845,80.2169494629,76394,76404,10
13.0308103561,80.2169876099,76404,76414,10
13.0312299728,80.2170028687,76414,76424,10
13.0314397812,80.217376709,76424,76435,11
13.0315198898,80.2181625366,76435,76445,10
13.0320196152,80.218460083,76445,76455,10
13.0322303772,80.2187271118,76455,76465,10
13.0322198868,80.2192382813,76465,76475,10
13.0322198868,80.219833374,76475,76485,10
13.0322303772,80.2202911377,76485,76495,10
13.0322198868,80.2203369141,76495,76505,10
13.0321702957,80.2206192017,76505,76515,10
13.0320301056,80.2212219238,76515,76525,10
13.0317697525,80.2219314575,76525,76535,10
13.0315504074,80.2223815918,76535,76546,11
13.0312099457,80.2231063843,76546,76556,10
13.0311403275,80.2238998413,76556,76566,10
13.0311603546,80.223991394,76566,76576,10
13.0311698914,80.2241592407,76576,76586,10
13.0308198929,80.2243423462,76586,76596,10
13.030090332,80.2243270874,76596,76606,10
13.029250145,80.2243423462,76606,76616,10
13.0289697647,80.2242202759,76616,76626,10
13.0287799835,80.2241210938,76626,76636,10
13.0284500122,80.224357605,76636,76647,11
13.028260231,80.2253417969,76647,76655,8
13.0280895233,80.2261123657,76655,76667,12
13.0279397964,80.226890564,76667,76677,10
13.0281295776,80.2270965576,76677,76687,10
13.0285902023,80.2271728516,76687,76697,10
13.028719902,80.227180481,76697,76707,10
13.0291996002,80.2272720337,76707,76717,10
13.0298995972,80.2273864746,76717,76727,10
13.0304098129,80.2276077271,76727,76737,10
13.0304098129,80.2276687622,76737,76748,11
13.0303297043,80.2281265259,76748,76758,10
13.0303297043,80.2282867432,76758,76768,10
13.0302801132,80.2287216187,76768,76778,10
13.0303401947,80.2294921875,76778,76788,10
13.0306196213,80.2302474976,76788,76798,10
13.0306501389,80.2306976318,76798,76808,10
13.0303897858,80.2307815552,76808,76818,10
13.0298700333,80.2308273315,76818,76828,10
13.0297403336,80.2308425903,76828,76839,11
13.0294399261,80.2308807373,76839,76849,10
13.028840065,80.2309188843,76849,76859,10
13.0281000137,80.2310028076,76859,76869,10
13.0276498795,80.2310714722,76869,76879,10
13.0276298523,80.2314987183,76879,76889,10
13.0277004242,80.232093811,76889,76899,10
13.0278196335,80.2326583862,76899,76909,10
13.0273103714,80.2328720093,76909,76919,10
13.0269699097,80.2329177856,76919,76929,10
13.026720047,80.2329711914,76929,76939,10
13.0263500214,80.2328414917,76939,76949,10
13.026140213,80.232208252,76949,76959,10
13.0259399414,80.2313766479,76959,76969,10
13.0256004333,80.2304000854,76969,76980,11
13.0246801376,80.2291870117,76980,77000,20
13.0246801376,80.2291870117,77000,77010,10
13.0244598389,80.2289199829,77010,77020,10
13.0239896774,80.2283706665,77020,77060,40
13.0239896774,80.2283706665,77060,77070,10
13.0239400864,80.2282791138,77070,77080,10
13.0237903595,80.2279891968,77080,77090,10
13.0233802795,80.2275695801,77090,77100,10
13.0228204727,80.2270889282,77100,77110,10
13.0221996307,80.2265396118,77110,77120,10
13.0214395523,80.2259292603,77120,77130,10
13.0206604004,80.2253417969,77130,77143,13
13.0195703506,80.2246170044,77143,77153,10
13.0184602737,80.2246017456,77153,77163,10
13.0173797607,80.2250595093,77163,77173,10
13.0164299011,80.2254562378,77173,77183,10
13.0156698227,80.2257003784,77183,77193,10
13.0150299072,80.2259674072,77193,77203,10
13.0143604279,80.2262191772,77203,77213,10
13.0138597488,80.2264633179,77213,77223,10
13.0136995316,80.2265167236,77223,77233,10
13.0133304596,80.2266387939,77233,77243,10
13.0126695633,80.2268981934,77243,77254,11
13.0117101669,80.2272720337,77254,77264,10
13.0107498169,80.2276382446,77264,77274,10
13.0099201202,80.2279891968,77274,77284,10
13.0091295242,80.2285308838,77284,77294,10
13.0088796616,80.229598999,77294,77304,10
13.0086603165,80.2307662964,77304,77314,10
13.0084199905,80.231918335,77314,77324,10
13.0082197189,80.233039856,77324,77365,41
13.0079498291,80.2345809937,77365,77375,10
13.0078201294,80.2352523804,77375,77385,10
13.0076599121,80.2359771729,77385,77395,10
13.0074996948,80.2367706299,77395,77405,10
13.0073404312,80.2376174927,77405,77415,10
13.0071697235,80.2385635376,77415,77425,10
13.0069999695,80.2392883301,77425,77435,10
13.0068998337,80.2399368286,77435,77506,71
13.0068998337,80.2399368286,77506,77516,10
13.006819725,80.240447998,77516,77526,10
13.0067100525,80.2411422729,77526,77536,10
13.0066699982,80.2420806885,77536,77547,11
13.006649971,80.2432327271,77547,77557,10
13.0066299438,80.2442703247,77557,77567,10
13.006649971,80.2453384399,77567,77577,10
13.0066699982,80.2463226318,77577,77587,10
13.0067195892,80.2471313477,77587,77597,10
13.0067195892,80.2478866577,77597,77607,10
13.0067501068,80.2488021851,77607,77617,10
13.0068502426,80.2496566772,77617,77627,10
13.0068597794,80.2497634888,77627,77637,10
13.0068502426,80.249961853,77637,77647,10
13.0068101883,80.2505111694,77647,77658,11
13.0067996979,80.2511901855,77658,77668,10
13.0067996979,80.2512893677,77668,77678,10
13.006819725,80.2513809204,77678,77688,10
13.0067501068,80.2517471313,77688,77698,10
13.0065803528,80.2523880005,77698,77708,10
13.0065402985,80.2533187866,77708,77718,10
13.0065603256,80.2544021606,77718,77728,10
13.0066099167,80.2552185059,77728,77739,11
13.0066299438,80.2554626465,77739,77749,10
13.0066299438,80.2559509277,77749,77759,10
13.0066099167,80.2566375732,77759,77769,10
13.0066299438,80.2571563721,77769,77809,40
13.0066299438,80.2571563721,77809,77819,10
13.0066604614,80.2572631836,77819,77829,10
13.0066299438,80.2576065063,77829,77840,11
13.0060901642,80.2575302124,77840,77850,10
13.0054798126,80.2573928833,77850,77860,10
13.0049104691,80.2572402954,77860,77870,10
13.0041599274,80.2570571899,77870,77880,10
13.0034399033,80.2569274902,77880,77890,10
13.002790451,80.2567977905,77890,77900,10
13.0020799637,80.2566680908,77900,77910,10
13.0013103485,80.2565612793,77910,77920,10
13.0004501343,80.2564620972,77920,77930,10
13.0001096725,80.256401062,77930,77940,10
12.9999704361,80.2563781738,77940,77950,10
12.9994802475,80.2562713623,77950,77961,11
12.9989299774,80.2561416626,77961,77981,20
12.9989299774,80.2561416626,77981,77991,10
12.9986400604,80.2560806274,77991,78001,10
12.9980602264,80.2559890747,78001,78011,10
12.9976396561,80.2559661865,78011,78020,9
12.9973897934,80.2559585571,78020,78031,11
12.9972000122,80.2559585571,78031,78041,10
12.9969501495,80.2560424805,78041,78053,12
12.9968595505,80.2565231323,78053,78063,10
12.9968204498,80.2570266724,78063,78071,8
12.9968299866,80.2570724487,78071,78083,12
12.9967803955,80.2576217651,78083,78093,10
12.9967002869,80.2583770752,78093,78103,10
12.9966001511,80.2592315674,78103,78113,10
12.9965200424,80.2599487305,78113,78123,10
12.996430397,80.2606887817,78123,78133,10
12.9963502884,80.2614898682,78133,78143,10
12.9962701797,80.2621688843,78143,78154,11
12.9962396622,80.2624206543,78154,78164,10
12.9961595535,80.262802124,78164,78174,10
12.9961204529,80.263420105,78174,78184,10
12.9960403442,80.2641983032,78184,78194,10
12.9959602356,80.265007019,78194,78204,10
12.9959096909,80.2653808594,78204,78214,10
12.9958400726,80.2660217285,78214,78224,10
12.9957304001,80.2669296265,78224,78234,10
12.9957103729,80.2676315308,78234,78245,11
12.9960803986,80.2677230835,78245,78255,10
12.9961204529,80.2677230835,78255,78265,10
12.9965200424,80.2677688599,78265,78275,10
12.9972400665,80.2676391602,78275,78285,10
12.9980697632,80.2674179077,78285,78295,10
12.99903965,80.2671432495,78295,78305,10
12.9999103546,80.2668228149,78305,78315,10
13.0000295639,80.266708374,78315,78325,10
13.0001296997,80.2664718628,78325,78335,10
13.0001802444,80.2659378052,78335,78346,11
13.0002803802,80.2651062012,78346,78467,121
13.0002803802,80.2651062012,78467,78477,10
13.0003499985,80.2646179199,78477,78487,10
13.0004501343,80.263999939,78487,78497,10
13.0006399155,80.2632598877,78497,78507,10
13.0007600784,80.2627868652,78507,78517,10
13.0008096695,80.2623825073,78517,78527,10
13.0008897781,80.2617034912,78527,78537,10
13.00096035,80.2609405518,78537,78548,11
13.0010204315,80.2600631714,78548,78558,10
13.0010099411,80.2592926025,78558,78568,10
13.0010099411,80.2583770752,78568,78578,10
13.0010204315,80.2574386597,78578,78588,10
13.0010404587,80.256690979,78588,78598,10
13.0005998611,80.2564315796,78598,78608,10
12.9997501373,80.2562789917,78608,78618,10
12.9990196228,80.2561416626,78618,78628,10
12.9986000061,80.2560806274,78628,78638,10
12.9982795715,80.2560424805,78638,78648,10
12.998000145,80.2559967041,78648,78659,11
12.9977197647,80.2560272217,78659,78669,10
12.9977903366,80.2563095093,78669,78679,10
12.9979400635,80.2565307617,78679,78870,191
12.9979400635,80.2565307617,78870,78880,10
12.9978904724,80.256690979,78880,78890,10
12.9979600906,80.2570724487,78890,78900,10
12.9982995987,80.2571411133,78900,78910,10
12.9983701706,80.2567367554,78910,78920,10
