12.9970197678,80.1918411255,12,598,586
12.9968795776,80.1917037964,598,729,131
12.997010231,80.1916809082,729,1153,424
12.9972000122,80.1916427612,1153,1486,333
12.9971103668,80.1917114258,1486,1617,131
12.9970998764,80.1917266846,1617,2061,444
12.9970998764,80.1917266846,2061,2071,10
12.9970197678,80.1917190552,2071,2334,263
12.9971599579,80.1916503906,2334,2646,312
12.9971103668,80.1917190552,2646,3292,646
12.9971103668,80.1917190552,3292,3302,10
12.9969501495,80.1915283203,3302,3353,51
12.9970703125,80.1917037964,3353,4766,1413
12.9971199036,80.1918411255,4766,4887,121
12.997130394,80.1917572021,4887,5159,272
12.997179985,80.1917419434,5159,5452,293
12.997179985,80.1917419434,5452,5462,10
12.9970998764,80.1917114258,5462,5805,343
12.9970703125,80.1917037964,5805,6037,232
12.9971704483,80.1918029785,6037,6421,384
12.9971704483,80.1917266846,6421,6572,151
12.9971704483,80.1917266846,6572,6582,10
12.9970397949,80.1916122437,6582,6905,323
12.9971103668,80.1916885376,6905,7178,273
12.997179985,80.1916427612,7178,8580,1402
12.9970703125,80.1916275024,8580,8853,273
12.9970703125,80.1916275024,8853,8863,10
12.9971199036,80.1917495728,8863,8994,131
12.9970703125,80.19165802,8994,9206,212
12.9971399307,80.1918029785,9206,9751,545
12.9970397949,80.1917114258,9751,12446,2695
12.9970397949,80.1919631958,12446,15130,2684
12.9970703125,80.19165802,15130,15534,404
12.9971904755,80.1916885376,15534,16977,1443
12.9971904755,80.1916885376,16977,16987,10
12.9970502853,80.1917037964,16987,17088,101
12.9971399307,80.1918182373,17088,17149,61
12.9970903397,80.1918716431,17149,17239,90
12.9971199036,80.1917724609,17239,17502,263
12.997130394,80.19165802,17502,17825,323
12.9971399307,80.1917114258,17825,18148,323
12.9971399307,80.1917114258,18148,18158,10
12.9969701767,80.1917877197,18158,18491,333
12.9970903397,80.1917037964,18491,19106,615
12.997130394,80.1916885376,19106,19268,162
12.997130394,80.1917266846,19268,19692,424
12.9969997406,80.1917572021,19692,19873,181
12.9970197678,80.1918106079,19873,22931,3058
12.9970197678,80.1918106079,22931,22941,10
12.9969997406,80.1916275024,22941,23073,132
12.997130394,80.1916732788,23073,24869,1796
12.997130394,80.1916732788,24869,24879,10
12.9968900681,80.1913986206,24879,24899,20
12.9968900681,80.1913986206,24899,24909,10
12.9968595505,80.1912612915,24909,24918,9
12.9965696335,80.1913223267,24918,24929,11
12.9965400696,80.1913528442,24929,24940,11
12.9964199066,80.1914291382,24940,24950,10
12.9963197708,80.1913375854,24950,24960,10
12.996219635,80.1909637451,24960,24970,10
12.9960699081,80.1904220581,24970,24980,10
12.9958896637,80.1897888184,24980,24990,10
12.9958496094,80.1895065308,24990,25000,10
12.9960298538,80.1892929077,25000,25010,10
12.9962997437,80.1894836426,25010,25020,10
12.9967603683,80.1899719238,25020,25030,10
12.9973297119,80.1906433105,25030,25041,11
12.998000145,80.1914825439,25041,25051,10
12.9986000061,80.192237854,25051,25061,10
12.9991703033,80.193031311,25061,25071,10
12.9996700287,80.1938171387,25071,25081,10
13.0003204346,80.1946868896,25081,25091,10
13.0008897781,80.1955108643,25091,25101,10
13.0016002655,80.1962203979,25101,25111,10
13.0020503998,80.1971206665,25111,25121,10
13.0019598007,80.1982498169,25121,25131,10
13.0018196106,80.1992492676,25131,25140,9
13.001999855,80.2001037598,25140,25152,12
13.0030002594,80.2007598877,25152,25162,10
13.0035495758,80.2008132935,25162,25192,30
13.0035495758,80.2008132935,25192,25202,10
13.0038003922,80.200843811,25202,25212,10
13.0040998459,80.2009887695,25212,25222,10
13.0047702789,80.2012329102,25222,25232,10
13.0054702759,80.2017593384,25232,25242,10
13.0060195923,80.2026290894,25242,25252,10
13.0066900253,80.203338623,25252,25263,11
13.0076999664,80.2037506104,25263,25273,10
13.0088996887,80.2036972046,25273,25283,10
13.010219574,80.20362854,25283,25293,10
13.0115604401,80.2037200928,25293,25303,10
13.0127897263,80.2039489746,25303,25313,10
13.013879776,80.2042694092,25313,25323,10
13.015080452,80.2046966553,25323,25333,10
13.0162401199,80.2051391602,25333,25343,10
13.0171604156,80.205329895,25343,25353,10
13.0182104111,80.2058105469,25353,25363,10
13.0191297531,80.2061691284,25363,25374,11
13.0204801559,80.2063293457,25374,25384,10
13.0218400955,80.2063293457,25384,25394,10
13.0231895447,80.2065429688,25394,25404,10
13.0241699219,80.206703186,25404,25414,10
13.0249595642,80.2068405151,25414,25424,10
13.0256099701,80.2070388794,25424,25434,10
13.0263004303,80.2074127197,25434,25444,10
13.0271196365,80.2079086304,25444,25454,10
13.0281295776,80.2084579468,25454,25463,9
13.0290803909,80.2087097168,25463,25475,12
13.0302495956,80.2090301514,25475,25485,10
13.0310096741,80.2092590332,25485,25495,10
13.0318002701,80.2094726563,25495,25505,10
13.0325498581,80.2096328735,25505,25515,10
13.0334196091,80.2098083496,25515,25525,10
13.0344495773,80.2100219727,25525,25535,10
13.0350399017,80.2103500366,25535,25545,10
13.0350103378,80.2109832764,25545,25555,10
13.0350103378,80.2113265991,25555,25565,10
13.0349597931,80.2116165161,25565,25575,10
13.0349197388,80.2119827271,25575,25586,11
13.0352897644,80.2122192383,25586,25595,9
13.0359296799,80.2122192383,25595,25606,11
13.0367603302,80.2122268677,25606,25616,10
13.0371799469,80.2122192383,25616,25626,10
13.0378904343,80.2122497559,25626,25636,10
13.0388402939,80.2122268677,25636,25646,10
13.0399999619,80.2122192383,25646,25656,10
13.0413303375,80.2123184204,25656,25666,10
13.0426902771,80.2123336792,25666,25676,10
13.0440502167,80.2122192383,25676,25767,91
13.0440502167,80.2122192383,25767,25777,10
13.0441904068,80.2122497559,25777,25787,10
13.0445699692,80.2122497559,25787,25797,10
13.0453195572,80.2122268677,25797,25808,11
13.0463895798,80.2122116089,25808,25818,10
13.0475301743,80.2121124268,25818,25828,10
13.0485496521,80.2119903564,25828,25838,10
13.0487098694,80.2119979858,25838,25848,10
13.0492296219,80.2119598389,25848,25858,10
13.0497903824,80.2118988037,25858,25868,10
13.0498199463,80.2119064331,25868,25878,10
13.0498800278,80.2119293213,25878,25888,10
13.0501804352,80.2119522095,25888,25898,10
13.0505599976,80.2120132446,25898,25907,9
13.0509700775,80.2120437622,25907,25919,12
13.0522403717,80.2118988037,25919,25929,10
13.0534801483,80.2116622925,25929,25939,10
13.0544996262,80.2114181519,25939,25949,10
13.0553398132,80.2114105225,25949,25959,10
13.0563802719,80.2114334106,25959,25969,10
13.0576496124,80.2114486694,25969,25979,10
13.0589704514,80.211479187,25979,25989,10
13.0603504181,80.211517334,25989,25999,10
13.0617198944,80.2115783691,25999,26009,10
13.0630102158,80.2115478516,26009,26020,11
13.0640497208,80.2115020752,26020,26030,10
13.0649795532,80.2110519409,26030,26040,10
13.0659599304,80.2102890015,26040,26049,9
13.0667600632,80.2096481323,26049,26060,11
13.0672302246,80.2089385986,26060,26070,10
13.067440033,80.2086105347,26070,26080,10
13.0678300858,80.2080001831,26080,26090,10
13.0683498383,80.2072296143,26090,26100,10
13.0688896179,80.2064208984,26100,26110,10
13.0691995621,80.2058868408,26110,26120,10
13.0693798065,80.205581665,26120,26131,11
13.0695104599,80.2053375244,26131,26141,10
13.0696802139,80.2051086426,26141,26151,10
13.0696697235,80.2048568726,26151,26161,10
13.0692501068,80.2049102783,26161,26171,10
13.0689601898,80.2053070068,26171,26181,10
13.0688199997,80.2050933838,26181,26191,10
13.0688199997,80.2048797607,26191,26201,10
13.0688199997,80.2048721313,26201,26211,10
13.0689697266,80.2047195435,26211,26221,10
13.0690803528,80.2047119141,26221,26231,10
13.0693597794,80.204750061,26231,26242,11
13.0695896149,80.204788208,26242,26252,10
13.069899559,80.2048416138,26252,26262,10
13.0702695847,80.2044296265,26262,26272,10
13.070810318,80.2037277222,26272,26282,10
13.0714197159,80.2029418945,26282,26292,10
13.0716199875,80.2026519775,26292,26302,10
13.0718097687,80.2024307251,26302,26312,10
13.0720100403,80.2022094727,26312,26322,10
13.0721998215,80.202003479,26322,26332,10
13.0724096298,80.201789856,26332,26342,10
13.072719574,80.201461792,26342,26353,11
13.0729904175,80.2011795044,26353,26363,10
13.0731897354,80.2009429932,26363,26373,10
13.0734901428,80.200592041,26373,26383,10
13.0738801956,80.2001571655,26383,26393,10
13.0742397308,80.19972229,26393,26403,10
13.074760437,80.1992492676,26403,26413,10
13.0755796432,80.1990432739,26413,26423,10
13.0766601563,80.1990127563,26423,26433,10
13.0777702332,80.1988983154,26433,26443,10
13.0788402557,80.1987686157,26443,26454,11
13.0796699524,80.1986999512,26454,26464,10
13.0803403854,80.1986312866,26464,26474,10
13.0810804367,80.1985473633,26474,26484,10
13.0816602707,80.1985626221,26484,26494,10
13.0823602676,80.1984786987,26494,26504,10
13.0829801559,80.1984710693,26504,26514,10
13.0837602615,80.1984405518,26514,26524,10
13.0844602585,80.1984405518,26524,26534,10
13.0851202011,80.1984481812,26534,26544,10
13.0857496262,80.1984176636,26544,26554,10
13.0863704681,80.1984024048,26554,26565,11
13.0868396759,80.1984024048,26565,26575,10
13.0870800018,80.1982727051,26575,26585,10
13.0870895386,80.1982269287,26585,26595,10
13.0871400833,80.197883606,26595,26605,10
13.0871801376,80.1972427368,26605,26615,10
13.0872097015,80.1963577271,26615,26625,10
13.0872297287,80.1954421997,26625,26635,10
13.087269783,80.194480896,26635,26645,10
13.0872898102,80.1931381226,26645,26686,41
13.0872898102,80.1931381226,26686,26696,10
13.0873203278,80.1929397583,26696,26706,10
13.0873603821,80.1926193237,26706,26716,10
13.0874099731,80.1920623779,26716,26726,10
13.0875101089,80.1912689209,26726,26736,10
13.0876398087,80.1902770996,26736,26746,10
13.0877504349,80.1894302368,26746,26756,10
13.0877399445,80.1887512207,26756,26766,10
13.0877599716,80.1886901855,26766,26776,10
13.0877799988,80.1884002686,26776,26787,11
13.0878000259,80.1879730225,26787,26797,10
13.0878200531,80.1872634888,26797,26807,10
13.0878400803,80.1863098145,26807,26817,10
13.0879201889,80.1844787598,26817,26827,10
13.0879201889,80.1844787598,26827,26837,10
13.0879497528,80.1833724976,26837,26846,9
13.0881996155,80.1769485474,26846,26917,71
13.0884504318,80.1738891602,26917,26947,30
13.0884504318,80.1738891602,26947,26977,30
13.0886096954,80.1711196899,26977,26987,10
13.0886201859,80.1704788208,26987,26998,11
13.0886497498,80.1697769165,26998,27008,10
13.0886898041,80.169708252,27008,27018,10
13.0889797211,80.1695327759,27018,27028,10
13.0896501541,80.1695709229,27028,27038,10
13.0904798508,80.1696014404,27038,27048,10
13.0913600922,80.169670105,27048,27058,10
13.0923099518,80.1697006226,27058,27068,10
13.0934200287,80.1697998047,27068,27078,10
13.0943498611,80.1698303223,27078,27088,10
13.0948095322,80.1698532104,27088,27098,10
13.0949602127,80.1698608398,27098,27109,11
13.0953502655,80.1699295044,27109,27119,10
13.0960102081,80.169960022,27119,27129,10
13.0968399048,80.1699829102,27129,27139,10
13.0976896286,80.1700134277,27139,27149,10
13.0986099243,80.1700668335,27149,27159,10
13.0994300842,80.1701278687,27159,27169,10
13.0997200012,80.1699523926,27169,27199,30
13.0997200012,80.1699523926,27199,27209,10
13.0995597839,80.1696624756,27209,27220,11
13.0992498398,80.1696166992,27220,27230,10
13.0989198685,80.169708252,27230,28320,1090
13.0989198685,80.169708252,28320,28330,10
13.0988502502,80.169708252,28330,28340,10
13.0988998413,80.1695327759,28340,28350,10
13.0990200043,80.1695632935,28350,28360,10
13.0992698669,80.1696014404,28360,28370,10
13.0993700027,80.1696472168,28370,28380,10
13.099360466,80.1700363159,28380,28461,81
13.099360466,80.1700363159,28461,28471,10
13.0989999771,80.170211792,28471,28481,10
13.0985803604,80.170173645,28481,28491,10
13.0979700089,80.1701278687,28491,28501,10
13.0971803665,80.1700668335,28501,28511,10
13.0963802338,80.1700515747,28511,28521,10
13.095459938,80.1699981689,28521,28532,11
13.0948295593,80.1699295044,28532,28542,10
13.0945196152,80.1698913574,28542,28552,10
13.0940799713,80.1698532104,28552,28562,10
13.0933799744,80.1697998047,28562,28572,10
13.0924901962,80.1697998047,28572,28582,10
13.0915203094,80.1697006226,28582,28592,10
13.0905103683,80.169631958,28592,28602,10
13.0893802643,80.169593811,28602,28612,10
13.0887098312,80.1697235107,28612,28622,10
13.0887002945,80.1703033447,28622,28633,11
13.088640213,80.1711578369,28633,28643,10
13.0886297226,80.1718978882,28643,28653,10
13.0886297226,80.1719436646,28653,28663,10
13.0885896683,80.1722488403,28663,28673,10
13.0885601044,80.1728973389,28673,28683,10
13.0885000229,80.1737976074,28683,28693,10
13.0884599686,80.1747894287,28693,28703,10
13.0883903503,80.1758422852,28703,28713,10
13.0883197784,80.1769180298,28713,28723,10
13.0882902145,80.1773986816,28723,28733,10
13.0882797241,80.1780700684,28733,28744,11
13.0882997513,80.1785736084,28744,28754,10
13.0882902145,80.1785888672,28754,28764,10
13.0882797241,80.1787414551,28764,28774,10
13.0882797241,80.1794204712,28774,28824,50
13.0882797241,80.1794204712,28824,28834,10
13.0882701874,80.1797637939,28834,28844,10
13.0882396698,80.1804199219,28844,28855,11
13.0881900787,80.1812286377,28855,28865,10
13.0881795883,80.1818237305,28865,28875,10
13.0881500244,80.182220459,28875,28885,10
13.0881204605,80.1828308105,28885,28895,10
13.0880899429,80.1837005615,28895,28905,10
13.0880498886,80.1847229004,28905,28915,10
13.0880203247,80.1851730347,28915,28925,10
13.0880098343,80.1853027344,28925,28935,10
13.0879898071,80.185798645,28935,28945,10
13.08796978,80.1865692139,28945,28955,10
13.0879602432,80.1878585815,28955,28976,21
13.0879602432,80.1878585815,28976,28986,10
13.0879497528,80.1879501343,28986,28996,10
13.0879201889,80.1884307861,28996,29006,10
13.0878801346,80.1891937256,29006,29016,10
13.0878095627,80.189956665,29016,29036,20
13.0878095627,80.189956665,29036,29046,10
13.0877599716,80.1901626587,29046,29056,10
13.0876903534,80.1906967163,29056,29066,10
13.0875701904,80.1914978027,29066,29077,11
13.087439537,80.1923980713,29077,29107,30
13.087439537,80.1923980713,29107,29117,10
13.0874099731,80.1926422119,29117,29127,10
13.0873804092,80.1930770874,29127,29137,10
13.0873498917,80.1938018799,29137,29147,10
13.0873403549,80.1946868896,29147,29157,10
13.0873203278,80.1955490112,29157,29167,10
13.0873003006,80.1964492798,29167,29176,9
13.0872802734,80.1973190308,29176,29188,12
13.0872898102,80.1976928711,29188,29198,10
13.0872802734,80.1979827881,29198,29208,10
13.0874004364,80.1984100342,29208,29218,10
13.0876502991,80.1984710693,29218,29228,10
13.0881500244,80.1984329224,29228,29238,10
13.0886497498,80.1984100342,29238,29248,10
13.0890903473,80.1984405518,29248,29258,10
13.0895500183,80.1984710693,29258,29268,10
13.0902004242,80.1985015869,29268,29278,10
13.0909700394,80.1985702515,29278,29288,10
13.0916595459,80.198638916,29288,29299,11
13.0926198959,80.1986465454,29299,29309,10
13.0930204391,80.1987915039,29309,29319,10
13.0929899216,80.199180603,29319,29329,10
13.0929403305,80.1998825073,29329,29339,10
13.0929203033,80.2005310059,29339,29349,10
13.0929203033,80.2005767822,29349,29359,10
13.0926504135,80.2006607056,29359,29369,10
13.0921401978,80.2006225586,29369,29379,10
13.0914001465,80.200592041,29379,29389,10
13.0906896591,80.2005767822,29389,29398,9
13.0900001526,80.2005081177,29398,29410,12
13.0889196396,80.2005004883,29410,29420,10
13.0881099701,80.2004470825,29420,29430,10
13.0873603821,80.2004165649,29430,29440,10
13.0872402191,80.2004089355,29440,29450,10
13.0867900848,80.2004318237,29450,29460,10
13.0861501694,80.2004013062,29460,29470,10
13.0855903625,80.200378418,29470,29480,10
13.0853500366,80.2003097534,29480,29490,10
13.0853099823,80.1998825073,29490,29500,10
13.0853099823,80.1992111206,29500,29511,11
13.0851297379,80.1987228394,29511,29521,10
13.0847196579,80.1986694336,29521,29531,10
13.0842199326,80.1986923218,29531,29541,10
13.0842103958,80.198677063,29541,29551,10
13.0840597153,80.198677063,29551,29561,10
13.0832099915,80.198677063,29561,29611,50
13.0832099915,80.198677063,29611,29622,11
13.0831098557,80.198638916,29622,29632,10
13.0827198029,80.198638916,29632,29642,10
13.082110405,80.1986618042,29642,29652,10
13.0815200806,80.1986694336,29652,29662,10
13.0810403824,80.1986694336,29662,29672,10
13.0805797577,80.1986999512,29672,29682,10
13.0799102783,80.1987686157,29682,29692,10
13.079079628,80.1988372803,29692,29702,10
13.0781202316,80.1989517212,29702,29712,10
13.0770196915,80.1990737915,29712,29722,10
13.0760002136,80.1992034912,29722,29733,11
13.0748500824,80.1995010376,29733,29743,10
13.073969841,80.2001800537,29743,29753,10
13.0736398697,80.200592041,29753,29763,10
13.0736398697,80.2006072998,29763,29773,10
13.0733804703,80.200920105,29773,29783,10
13.0728902817,80.2014770508,29783,29793,10
13.0725002289,80.2019577026,29793,29803,10
13.0724201202,80.2020568848,29803,29813,10
13.0723896027,80.2021026611,29813,29823,10
13.0721797943,80.2023162842,29823,29833,10
13.0717401505,80.2027587891,29833,29844,11
13.0711402893,80.2034301758,29844,29854,10
13.0705003738,80.2041778564,29854,29864,10
13.0699901581,80.2049179077,29864,29874,10
13.0699195862,80.2050170898,29874,29884,10
13.0698003769,80.2050628662,29884,29894,10
13.069560051,80.2048873901,29894,29904,10
13.0691900253,80.205039978,29904,29914,10
13.0687904358,80.2054290771,29914,29924,10
13.0679798126,80.2052764893,29924,29955,31
13.0679798126,80.2052764893,29955,29965,10
13.0680198669,80.2051086426,29965,29975,10
13.0683202744,80.2049407959,29975,29985,10
13.0686903,80.2048187256,29985,29995,10
13.069149971,80.2047119141,29995,30005,10
13.0695495605,80.2047576904,30005,30015,10
13.0697803497,80.204826355,30015,30025,10
13.0698699951,80.2050933838,30025,30035,10
13.0695695877,80.2055969238,30035,30045,10
13.069149971,80.2062683105,30045,30055,10
13.0686597824,80.2070617676,30055,30066,11
13.0680599213,80.2080612183,30066,30076,10
13.0674600601,80.2090072632,30076,30086,10
13.0668001175,80.2098922729,30086,30096,10
13.0659503937,80.2106018066,30096,30106,10
13.0653800964,80.2111129761,30106,30116,10
13.0650501251,80.2113800049,30116,30126,10
13.0650396347,80.2113876343,30126,30136,10
13.0647201538,80.2115020752,30136,30146,10
13.0639400482,80.2117385864,30146,30167,21
13.0639400482,80.2117385864,30167,30177,10
13.0636901855,80.2117462158,30177,30187,10
13.063249588,80.2117462158,30187,30197,10
13.0625600815,80.2117919922,30197,30207,10
13.0618896484,80.2117767334,30207,30217,10
13.0607595444,80.2117462158,30217,30227,10
13.059800148,80.2117462158,30227,30237,10
13.0587701797,80.2116165161,30237,30247,10
13.0580101013,80.2116012573,30247,30257,10
13.0571403503,80.2116088867,30257,30267,10
13.0561704636,80.2115707397,30267,30278,11
13.0551700592,80.2115097046,30278,30288,10
13.0544395447,80.2116012573,30288,30298,10
13.0537900925,80.2117233276,30298,30308,10
13.0530700684,80.2118988037,30308,30318,10
13.0524396896,80.2120895386,30318,30328,10
13.05189991,80.2122116089,30328,30338,10
13.0514497757,80.2121963501,30338,30358,20
13.0514497757,80.2121963501,30358,30368,10
13.0512304306,80.2120819092,30368,30378,10
13.0510396957,80.2122802734,30378,30389,11
13.0506296158,80.2124328613,30389,30399,10
13.0497503281,80.2122497559,30399,30419,20
13.0497503281,80.2122497559,30419,30429,10
13.0495595932,80.2121200562,30429,30439,10
13.0492296219,80.2121429443,30439,30449,10
13.0487203598,80.2121734619,30449,30459,10
13.0481395721,80.2122192383,30459,30469,10
13.0474395752,80.212272644,30469,30479,10
13.0465698242,80.212310791,30479,30489,10
13.0455799103,80.2123718262,30489,30500,11
13.0449304581,80.2124633789,30500,30540,40
13.0449304581,80.2124633789,30540,30550,10
13.0448799133,80.2124099731,30550,30560,10
13.044549942,80.2124099731,30560,30570,10
13.0440597534,80.2124328613,30570,30580,10
13.0433502197,80.2124023438,30580,30590,10
13.042599678,80.2124099731,30590,30600,10
13.0417003632,80.2124023438,30600,30611,11
13.0405702591,80.2124633789,30611,30621,10
13.0395402908,80.2125015259,30621,30631,10
13.0384302139,80.2125091553,30631,30641,10
13.0375995636,80.212387085,30641,30681,40
13.0375995636,80.212387085,30681,30691,10
13.0375299454,80.212348938,30691,30701,10
13.0371398926,80.2123413086,30701,30712,11
13.0364398956,80.2123718262,30712,30722,10
13.0356397629,80.212348938,30722,30732,10
13.0350503922,80.2123184204,30732,30752,20
13.0350503922,80.2123184204,30752,30762,10
13.0349302292,80.2121963501,30762,30772,10
13.0346403122,80.2121887207,30772,30782,10
13.034239769,80.2121429443,30782,30792,10
13.0339202881,80.212097168,30792,30833,41
13.0339202881,80.212097168,30833,30843,10
13.0334796906,80.2119522095,30843,30853,10
13.0329799652,80.2118682861,30853,30863,10
13.0323400497,80.2117996216,30863,30873,10
13.0320501328,80.2113037109,30873,30883,10
13.0320796967,80.210647583,30883,30893,10
13.0321397781,80.2098464966,30893,30903,10
13.0318603516,80.209602356,30903,30913,10
13.0312795639,80.2094497681,30913,30923,10
13.0304298401,80.2092437744,30923,30954,31
13.0304298401,80.2092437744,30954,30964,10
13.0302600861,80.2091598511,30964,30974,10
13.0295200348,80.208946228,30974,30994,20
13.0295200348,80.208946228,30994,31004,10
13.0293903351,80.2089385986,31004,31014,10
13.0289497375,80.2088394165,31014,31024,10
13.0281496048,80.2085723877,31024,31034,10
13.0274000168,80.208190918,31034,31045,11
13.0264797211,80.2076416016,31045,31055,10
13.0255098343,80.2071380615,31055,31065,10
13.0245599747,80.2069396973,31065,31075,10
13.0242700577,80.2068786621,31075,31085,10
13.024140358,80.2068481445,31085,31095,10
13.0237102509,80.2068328857,31095,31105,10
13.0229597092,80.2066421509,31105,31115,10
13.022069931,80.206489563,31115,31125,10
13.0211696625,80.2065124512,31125,31135,10
13.0201196671,80.206451416,31135,31145,10
13.019109726,80.2063293457,31145,31166,21
13.019109726,80.2063293457,31166,31176,10
13.0188398361,80.2062683105,31176,31186,10
13.0185699463,80.2061691284,31186,31196,10
13.0182304382,80.2061080933,31196,31216,20
13.0182304382,80.2061080933,31216,31226,10
13.0177602768,80.2058792114,31226,31236,10
13.0174798965,80.2057418823,31236,31246,10
13.0171098709,80.2054977417,31246,31256,10
13.0166797638,80.2053222656,31256,31267,11
13.015999794,80.2047805786,31267,31277,10
13.0149402618,80.2047119141,31277,31287,10
13.013999939,80.2044067383,31287,31297,10
13.0136404037,80.204460144,31297,31307,10
13.0135803223,80.2046585083,31307,31317,10
13.0134496689,80.2051010132,31317,31327,10
13.0132703781,80.2057037354,31327,31337,10
13.0130901337,80.2064437866,31337,31347,10
13.013010025,80.2072525024,31347,31357,10
13.0129203796,80.2077484131,31357,31367,10
13.0128898621,80.208190918,31367,31378,11
13.0129003525,80.2085800171,31378,31388,10
13.0129404068,80.2090377808,31388,31398,10
13.0131702423,80.2095184326,31398,31408,10
13.0132102966,80.2098999023,31408,31418,10
13.0130796432,80.2106704712,31418,31428,10
13.0127296448,80.2114868164,31428,31438,10
13.0122900009,80.2122268677,31438,31448,10
13.0119495392,80.2127609253,31448,31458,10
13.0117101669,80.2127380371,31458,31468,10
13.0112895966,80.2124176025,31468,31479,11
13.0106897354,80.2119598389,31479,31489,10
13.0102500916,80.2116394043,31489,31499,10
13.0098600388,80.2113265991,31499,31600,101
13.0098600388,80.2113265991,31600,31610,10
13.0095596313,80.2110977173,31610,31660,50
13.0095596313,80.2110977173,31660,31670,10
13.0093097687,80.2110977173,31670,31680,10
13.0091695786,80.2113113403,31680,31690,10
13.0090703964,80.2115097046,31690,31701,11
13.0091199875,80.2117767334,31701,31711,10
13.0092096329,80.2121200562,31711,31721,10
13.0092802048,80.2124328613,31721,31731,10
13.0094404221,80.2128601074,31731,31741,10
13.0096197128,80.2133178711,31741,31751,10
13.0098304749,80.2138519287,31751,31761,10
13.0100498199,80.2143707275,31761,31771,10
13.0101699829,80.2149505615,31771,31781,10
13.0102901459,80.2156829834,31781,31791,10
13.0106201172,80.216468811,31791,31800,9
13.0109500885,80.2171630859,31800,31812,12
13.0113601685,80.2182006836,31812,31822,10
13.0116996765,80.2191772461,31822,31832,10
13.0120096207,80.2202224731,31832,31842,10
13.0122499466,80.2209625244,31842,31852,10
13.0124101639,80.2215576172,31852,31862,10
13.0126800537,80.2220077515,31862,31872,10
13.0131196976,80.2224731445,31872,31882,10
13.0135002136,80.2228775024,31882,31892,10
13.0139303207,80.2233963013,31892,31902,10
13.0143499374,80.2238388062,31902,31911,9
13.0148096085,80.2244110107,31911,31923,12
13.0150003433,80.2246398926,31923,31933,10
13.0151100159,80.2247619629,31933,31943,10
13.0153398514,80.2250900269,31943,31953,10
13.0154399872,80.2254333496,31953,31963,10
13.0152301788,80.2257995605,31963,31973,10
13.0151700974,80.2258224487,31973,31983,10
13.0149698257,80.2259292603,31983,31993,10
13.0145301819,80.2260894775,31993,32003,10
13.0138902664,80.2263565063,32003,32013,10
13.0131502151,80.2266464233,32013,32023,10
13.012260437,80.2270126343,32023,32034,11
13.0111703873,80.227432251,32034,32044,10
13.0101604462,80.2278137207,32044,32054,10
13.0095500946,80.2276611328,32054,32064,10
13.0097303391,80.2271499634,32064,32074,10
13.010020256,80.2265167236,32074,32084,10
13.0102996826,80.2257537842,32084,32094,10
13.0104904175,80.225227356,32094,32104,10
13.0106096268,80.2250137329,32104,32114,10
13.0107898712,80.224609375,32114,32124,10
13.0110397339,80.2239837646,32124,32135,11
13.0112104416,80.223487854,32135,32145,10
13.0113296509,80.2232666016,32145,32155,10
13.0110301971,80.2230377197,32155,32165,10
13.0104103088,80.2227172852,32165,32175,10
13.0097303391,80.222328186,32175,32185,10
13.0089998245,80.2219085693,32185,32195,10
13.0083503723,80.2215499878,32195,32205,10
13.0074901581,80.2211380005,32205,32215,10
13.0067396164,80.2207565308,32215,32225,10
13.0059204102,80.2205810547,32225,32235,10
13.0050296783,80.2203369141,32235,32245,10
13.0042600632,80.2201766968,32245,32256,11
13.0033798218,80.2199783325,32256,32266,10
13.0024795532,80.2195587158,32266,32276,10
13.0017995834,80.2188186646,32276,32286,10
13.0011301041,80.2182388306,32286,32296,10
13.000579834,80.2178726196,32296,32306,10
12.999879837,80.2173614502,32306,32316,10
12.9989900589,80.2169189453,32316,32326,10
12.9975404739,80.2165222168,32326,32346,20
12.9975404739,80.2165222168,32346,32357,11
12.9974899292,80.2165298462,32357,32367,10
12.997179985,80.2165603638,32367,32377,10
12.9967002869,80.2166366577,32377,32387,10
12.9958400726,80.2167816162,32387,32397,10
12.9950704575,80.2171401978,32397,32407,10
12.9943399429,80.2175827026,32407,32417,10
12.9940004349,80.2177886963,32417,32427,10
12.9935598373,80.2181015015,32427,32437,10
12.9930000305,80.218536377,32437,32447,10
12.9923200607,80.2190704346,32447,32456,9
12.991689682,80.2195129395,32456,32468,12
12.9910802841,80.2194366455,32468,32478,10
12.9910402298,80.2194213867,32478,32488,10
12.9909896851,80.2194213867,32488,32498,10
12.990650177,80.2193222046,32498,32508,10
12.9900999069,80.2191314697,32508,32518,10
12.9893503189,80.2188415527,32518,32528,10
12.9884796143,80.218536377,32528,32538,10
12.9876203537,80.2183837891,32538,32548,10
12.9869499207,80.2182693481,32548,32558,10
12.9869003296,80.2182617188,32558,32568,10
12.9867801666,80.2182235718,32568,32579,11
12.9863395691,80.2180862427,32579,32589,10
12.9856004715,80.2179336548,32589,32599,10
12.9847202301,80.217918396,32599,32609,10
12.9839801788,80.2179794312,32609,32629,20
12.9839801788,80.2179794312,32629,32639,10
12.9838104248,80.2179794312,32639,32648,9
12.9833803177,80.2179718018,32648,32659,11
12.9825897217,80.2179489136,32659,32669,10
12.9817800522,80.2179870605,32669,32679,10
12.9809598923,80.2181930542,32679,32690,11
12.9800195694,80.2185211182,32690,32700,10
12.9792404175,80.2188873291,32700,32710,10
12.9786396027,80.2191009521,32710,32720,10
12.97797966,80.2193603516,32720,32730,10
12.9771499634,80.2197036743,32730,32740,10
12.9762096405,80.2200927734,32740,32750,10
12.9755897522,80.2204589844,32750,32760,10
12.9755401611,80.2207717896,32760,32770,10
12.975689888,80.2208709717,32770,32780,10
12.9759397507,80.2211074829,32780,33194,414
12.9759397507,80.2211074829,33194,33204,10
12.9763803482,80.2212600708,33204,33214,10
12.9767103195,80.2212600708,33214,33224,10
12.976940155,80.2212371826,33224,33234,10
12.9773101807,80.2212295532,33234,33245,11
12.9778699875,80.221206665,33245,33255,10
12.9785404205,80.2211837769,33255,33265,10
12.9792804718,80.2211074829,33265,33275,10
12.9799203873,80.2210693359,33275,33285,10
12.9806203842,80.2210235596,33285,33295,10
12.9812297821,80.2210769653,33295,33305,10
12.9817304611,80.2213897705,33305,33315,10
12.9821996689,80.2216491699,33315,33325,10
12.982919693,80.2219314575,33325,33345,20
12.982919693,80.2219314575,33345,33356,11
12.9830999374,80.222038269,33356,33366,10
12.9834403992,80.2222518921,33366,33376,10
12.9837903976,80.2224807739,33376,33386,10
12.984120369,80.2226486206,33386,33396,10
12.984459877,80.2228622437,33396,33406,10
12.9849700928,80.2231369019,33406,33416,10
12.9855098724,80.2231903076,33416,33426,10
12.9857997894,80.2229919434,33426,33436,10
12.9863195419,80.2229309082,33436,33446,10
12.9864997864,80.2229385376,33446,33457,11
12.9866399765,80.2229385376,33457,33467,10
12.9869804382,80.2229919434,33467,33477,10
12.9871101379,80.2230072021,33477,33487,10
12.9872303009,80.2230072021,33487,33497,10
12.9876203537,80.2230300903,33497,33507,10
12.9882097244,80.2227630615,33507,33517,10
12.9887800217,80.2222137451,33517,33527,10
12.9893903732,80.2215270996,33527,33537,10
12.9899902344,80.2207794189,33537,33547,10
12.9908103943,80.2201004028,33547,33557,10
12.991519928,80.2195510864,33557,33568,11
12.9922704697,80.21900177,33568,33578,10
12.9929800034,80.2184829712,33578,33588,10
12.9934301376,80.2181472778,33588,33598,10
12.9936704636,80.217956543,33598,33638,40
12.9936704636,80.217956543,33638,33648,10
12.9940700531,80.2176818848,33648,33658,10
12.9943199158,80.2174987793,33658,33679,21
12.9943199158,80.2174987793,33679,33689,10
12.9946899414,80.2172164917,33689,33699,10
12.9948997498,80.2170791626,33699,33709,10
12.995059967,80.2169570923,33709,33719,10
12.9954004288,80.216758728,33719,33729,10
12.9957399368,80.2166366577,33729,33779,50
12.9957399368,80.2166366577,33779,33790,11
12.9961500168,80.2165374756,33790,33800,10
12.9962902069,80.2165222168,33800,33810,10
12.9966602325,80.216468811,33810,33820,10
12.9970397949,80.2164382935,33820,33830,10
12.9975004196,80.2161407471,33830,33850,20
12.9975004196,80.2161407471,33850,33860,10
12.9976596832,80.2160186768,33860,33870,10
12.9980401993,80.215713501,33870,33880,10
12.9985399246,80.2152862549,33880,33890,10
12.9991197586,80.2147979736,33890,33901,11
12.9993600845,80.2145690918,33901,33911,10
12.9997596741,80.2142333984,33911,33921,10
13.000120163,80.2138977051,33921,33931,10
13.0005998611,80.2134475708,33931,33941,10
13.0011796951,80.2129821777,33941,33951,10
13.0017995834,80.2125091553,33951,33961,10
13.0023097992,80.2122192383,33961,33971,10
13.0027999878,80.2120819092,33971,33981,10
13.0037002563,80.2118988037,33981,34001,20
13.0037002563,80.2118988037,34001,34012,11
13.0037298203,80.2116470337,34012,34022,10
13.0036897659,80.2111587524,34022,34032,10
13.0036001205,80.2105407715,34032,34042,10
13.0035104752,80.2098617554,34042,34052,10
13.0036001205,80.209197998,34052,34062,10
13.0039100647,80.2086334229,34062,34072,10
13.0046701431,80.2089233398,34072,34082,10
13.0055398941,80.2092971802,34082,34092,10
13.0062103271,80.2095184326,34092,34102,10
13.0067901611,80.2097167969,34102,34112,10
13.0074701309,80.2098083496,34112,34163,51
13.0074701309,80.2098083496,34163,34173,10
13.0077600479,80.2098693848,34173,34183,10
13.0081596375,80.2099380493,34183,34193,10
13.0081996918,80.2096481323,34193,34203,10
13.0080404282,80.2090301514,34203,34213,10
13.0079298019,80.2081604004,34213,34223,10
13.0077896118,80.2072067261,34223,34234,11
13.0076198578,80.2062606812,34234,34244,10
13.0074996948,80.2053833008,34244,34254,10
13.007519722,80.2045669556,34254,34264,10
13.0074701309,80.2038421631,34264,34274,10
13.0073099136,80.2029724121,34274,34284,10
13.006819725,80.2025680542,34284,34294,10
13.0065402985,80.2030181885,34294,34304,10
13.0068902969,80.2034072876,34304,34314,10
13.0074796677,80.2036590576,34314,34324,10
13.0082702637,80.2037124634,34324,34334,10
13.0092802048,80.2036209106,34334,34345,11
13.0104799271,80.2035827637,34345,34355,10
13.0115804672,80.203666687,34355,34365,10
13.0124797821,80.2038421631,34365,34375,10
13.0129804611,80.2039337158,34375,34385,10
13.0130596161,80.2039489746,34385,34395,10
13.0133800507,80.2040786743,34395,34405,10
13.0139398575,80.2042770386,34405,34415,10
13.0147199631,80.2045593262,34415,34425,10
13.0156002045,80.2048797607,34425,34435,10
13.0162801743,80.205078125,34435,34446,11
13.0166501999,80.2052536011,34446,34456,10
13.0170001984,80.205329895,34456,34466,10
13.0177097321,80.2055206299,34466,34476,10
13.0178604126,80.2055969238,34476,34486,10
13.0182695389,80.2057876587,34486,34496,10
13.0187597275,80.2059402466,34496,34506,10
13.0187797546,80.2059402466,34506,34516,10
13.0189399719,80.2060317993,34516,34525,9
13.0193300247,80.2061462402,34525,34536,11
13.0200395584,80.2062606812,34536,34546,10
13.0208902359,80.206237793,34546,34557,11
13.0215902328,80.206237793,34557,34567,10
13.0221004486,80.2062606812,34567,34577,10
13.0225696564,80.2063522339,34577,34587,10
13.0232801437,80.2065582275,34587,34597,10
13.0240402222,80.2066421509,34597,34607,10
13.0244998932,80.2067184448,34607,34617,10
13.0246400833,80.206741333,34617,34627,10
13.0251102448,80.2068786621,34627,34637,10
13.0258903503,80.2071533203,34637,34647,10
13.0267000198,80.2076416016,34647,34656,9
13.0274400711,80.2080764771,34656,34668,12
13.0284404755,80.2085189819,34668,34678,10
13.0290203094,80.2086486816,34678,34688,10
13.0294799805,80.2087936401,34688,34698,10
13.0298700333,80.2089233398,34698,34708,10
13.0304298401,80.2090682983,34708,34718,10
13.0311203003,80.2092437744,34718,34728,10
13.0316295624,80.2093811035,34728,34738,10
13.0316495895,80.2093887329,34738,34748,10
13.0319700241,80.2095184326,34748,34758,10
13.032119751,80.2095413208,34758,34768,10
13.0325298309,80.2096328735,34768,34779,11
13.0333099365,80.2097625732,34779,34789,10
13.0341100693,80.2099304199,34789,34799,10
13.0349397659,80.210067749,34799,34809,10
13.0350999832,80.2104110718,34809,34819,10
13.0350704193,80.2108917236,34819,34829,10
13.0350399017,80.2113494873,34829,34839,10
13.0350399017,80.2113800049,34839,34849,10
13.0349998474,80.2117080688,34849,34859,10
13.0349702835,80.2120666504,34859,34869,10
13.0353803635,80.2122421265,34869,34878,9
13.0358800888,80.2122573853,34878,34890,12
13.0361299515,80.2122421265,34890,34900,10
13.0363998413,80.2122421265,34900,34910,10
13.0365400314,80.212272644,34910,34920,10
13.0367898941,80.2122573853,34920,34970,50
13.0367898941,80.2122573853,34970,34979,9
13.037229538,80.2122268677,34979,34990,11
13.0378398895,80.2122497559,34990,35001,11
13.038769722,80.2122192383,35001,35011,10
13.0396299362,80.2122116089,35011,35021,10
13.0408201218,80.2121963501,35021,35031,10
13.0420598984,80.2122268677,35031,35041,10
13.0431203842,80.2122192383,35041,35051,10
13.0437402725,80.2122192383,35051,35101,50
13.0437402725,80.2122192383,35101,35112,11
13.0440397263,80.2122268677,35112,35122,10
13.0443897247,80.2122421265,35122,35132,10
13.0449495316,80.2122192383,35132,35142,10
13.0457401276,80.2121734619,35142,35152,10
13.0465602875,80.2121429443,35152,35162,10
13.0474300385,80.2121124268,35162,35172,10
13.0484104156,80.212020874,35172,35202,30
13.0484104156,80.212020874,35202,35211,9
13.0486698151,80.2120132446,35211,35223,12
13.0492897034,80.2119369507,35223,35233,10
13.0499401093,80.2118682861,35233,35253,20
13.0499401093,80.2118682861,35253,35263,10
13.0503997803,80.2119216919,35263,35273,10
13.0507297516,80.2119827271,35273,35283,10
13.0514602661,80.2119522095,35283,35293,10
13.052359581,80.2118606567,35293,35303,10
13.0532398224,80.2117233276,35303,35313,10
13.0539798737,80.2114486694,35313,35323,10
13.0540399551,80.2114334106,35323,35334,11
13.0542697906,80.2113800049,35334,35344,10
13.0544395447,80.2113494873,35344,35354,10
13.0549201965,80.2113494873,35354,35364,10
13.055680275,80.2113876343,35364,35374,10
13.0565795898,80.2114181519,35374,35384,10
13.0575399399,80.21144104,35384,35394,10
13.0585002899,80.2114715576,35394,35404,10
13.0589599609,80.21144104,35404,35414,10
13.0595502853,80.2114562988,35414,35424,10
13.0603504181,80.2114562988,35424,35434,10
13.0611000061,80.2115020752,35434,35445,11
13.0618200302,80.211517334,35445,35455,10
13.0626296997,80.2115631104,35455,35465,10
13.0632801056,80.2115020752,35465,35475,10
13.0633802414,80.2114486694,35475,35485,10
13.0637798309,80.2114562988,35485,35495,10
13.0643997192,80.2113571167,35495,35505,10
13.0651798248,80.2109375,35505,35515,10
13.0659799576,80.2102813721,35515,35525,10
13.0668697357,80.2094192505,35525,35535,10
13.0672197342,80.2088699341,35535,35545,10
13.0672998428,80.2087173462,35545,35556,11
13.0674600601,80.2083129883,35556,35566,10
13.0678701401,80.2077407837,35566,35576,10
13.0684099197,80.2069320679,35576,35586,10
13.069029808,80.2060928345,35586,35596,10
13.0693998337,80.2054901123,35596,35606,10
13.0696601868,80.2050628662,35606,35616,10
13.0694599152,80.2048034668,35616,35626,10
13.0691099167,80.205116272,35626,35636,10
13.0688400269,80.2052688599,35636,35646,10
13.0687303543,80.2050018311,35646,35677,31
13.0687303543,80.2050018311,35677,35687,10
13.0688295364,80.2047729492,35687,35697,10
13.0690097809,80.2046966553,35697,35707,10
13.0691795349,80.2046813965,35707,35717,10
13.0694904327,80.2046966553,35717,35727,10
13.0696697235,80.2047424316,35727,35737,10
13.0698604584,80.2048034668,35737,35747,10
13.0700798035,80.2045593262,35747,35757,10
13.0704698563,80.2040634155,35757,35766,9
13.070980072,80.2034683228,35766,35778,12
13.0715398788,80.2027587891,35778,35788,10
13.07172966,80.2024993896,35788,35798,10
13.0717496872,80.2024765015,35798,35808,10
13.0719499588,80.2022781372,35808,35818,10
13.0721302032,80.2021026611,35818,35828,10
13.0723400116,80.2018966675,35828,35838,10
13.0726900101,80.201461792,35838,35848,10
13.07310009,80.2009887695,35848,35858,10
13.0733604431,80.2006988525,35858,35868,10
13.0737495422,80.2002410889,35868,35879,11
13.0742797852,80.1996536255,35879,35899,20
13.0742797852,80.1996536255,35899,35909,10
13.0744104385,80.1995773315,35909,35919,10
13.0746603012,80.1993408203,35919,35929,10
13.0753803253,80.1990890503,35929,35939,10
13.0763101578,80.1990585327,35939,35949,10
13.077340126,80.1989364624,35949,35959,10
13.0784597397,80.1987762451,35959,35969,10
13.0794200897,80.198677063,35969,35979,10
13.0803804398,80.1985931396,35979,35990,11
13.0812902451,80.1985321045,35990,36000,10
13.0820398331,80.1985168457,36000,36010,10
13.0825996399,80.1984405518,36010,36020,10
13.0829401016,80.1984634399,36020,36030,10
13.0831804276,80.1984405518,36030,36040,10
13.0834302902,80.1984405518,36040,36050,10
13.0836801529,80.1984176636,36050,36060,10
13.0840597153,80.1984176636,36060,36070,10
13.084400177,80.1984405518,36070,36080,10
13.0846796036,80.1984405518,36080,36089,9
13.0849399567,80.1984405518,36089,36101,12
13.085269928,80.1984481812,36101,36111,10
13.0852804184,80.1984481812,36111,36121,10
13.0858602524,80.198387146,36121,36131,10
13.0863704681,80.1984329224,36131,36141,10
13.0867700577,80.1984176636,36141,36151,10
13.0870599747,80.1983566284,36151,36161,10
13.087100029,80.1979980469,36161,36171,10
13.087100029,80.1979904175,36171,36181,10
13.0871200562,80.197769165,36181,36191,10
13.0871801376,80.1971282959,36191,36201,10
13.087220192,80.1962585449,36201,36212,11
13.0872497559,80.1954421997,36212,36222,10
13.087269783,80.1947402954,36222,36232,10
13.0872802734,80.1938781738,36232,36242,10
13.0873098373,80.1932373047,36242,36252,10
13.0873203278,80.1928024292,36252,36262,10
13.0873804092,80.1923599243,36262,36272,10
13.0874595642,80.1917724609,36272,36282,10
13.0875597,80.1909713745,36282,36292,10
13.0876703262,80.1900405884,36292,36302,10
13.0877304077,80.189163208,36302,36311,9
13.0877399445,80.1889801025,36311,36323,12
13.0878000259,80.1881484985,36323,36373,50
13.0878000259,80.1881484985,36373,36383,10
13.0878400803,80.1881103516,36383,36393,10
13.0878400803,80.1877593994,36393,36403,10
13.0878601074,80.1870498657,36403,36413,10
13.0879096985,80.1861495972,36413,36423,10
13.0879402161,80.1851577759,36423,36434,11
13.0880804062,80.1827392578,36434,36444,10
13.0880804062,80.1827392578,36444,36454,10
13.0881004333,80.1816864014,36454,36464,10
13.0881795883,80.1788635254,36464,36525,61
13.0881795883,80.1788635254,36525,36556,31
13.0881996155,80.1770629883,36556,36566,10
13.0882501602,80.1763687134,36566,36576,10
13.0883197784,80.175453186,36576,36586,10
13.0883998871,80.1745529175,36586,36596,10
13.0884399414,80.1739120483,36596,36606,10
13.088470459,80.1732177734,36606,36616,10
13.0885295868,80.1719970703,36616,36636,20
13.0885295868,80.1719970703,36636,36645,9
13.0885896683,80.1717681885,36645,36657,12
13.0886497498,80.1710586548,36657,36667,10
13.0886697769,80.1706085205,36667,36717,50
13.0886697769,80.1706085205,36717,36727,10
13.0887203217,80.1704483032,36727,36737,10
13.0887203217,80.1700897217,36737,36747,10
13.088809967,80.1695098877,36747,36757,10
13.0891103745,80.1695022583,36757,36768,11
13.0898103714,80.1695404053,36768,36778,10
13.0906095505,80.1695785522,36778,36788,10
13.0913496017,80.1696395874,36788,36798,10
13.0919904709,80.1697006226,36798,36808,10
13.0928401947,80.1697463989,36808,36818,10
13.09375,80.1697769165,36818,36828,10
13.0945701599,80.1698074341,36828,36838,10
13.0948495865,80.1698379517,36838,36848,10
13.095199585,80.169883728,36848,36858,10
13.0958404541,80.1698989868,36858,36868,10
13.0965900421,80.1699523926,36868,36879,11
13.0975599289,80.1699981689,36879,36889,10
13.098400116,80.1700515747,36889,36899,10
13.0991897583,80.1700897217,36899,36909,10
13.0996999741,80.1698303223,36909,36949,40
13.0996999741,80.1698303223,36949,36959,10
13.0994300842,80.1696777344,36959,37010,51
13.0994300842,80.1696777344,37010,37020,10
13.0993404388,80.1700515747,37020,37646,626
13.0993404388,80.1700515747,37646,37656,10
13.0991201401,80.1702270508,37656,37666,10
13.0987100601,80.1701889038,37666,37676,10
13.0980396271,80.1701507568,37676,37686,10
13.0972604752,80.1700668335,37686,37696,10
13.0962495804,80.1700210571,37696,37706,10
13.095199585,80.1699523926,37706,37716,10
13.0947904587,80.1699066162,37716,37726,10
13.0944004059,80.1698608398,37726,37736,10
13.0938596725,80.1698074341,37736,37746,10
13.093079567,80.1697692871,37746,37757,11
13.091919899,80.1697463989,37757,37767,10
13.0911502838,80.1696929932,37767,37777,10
13.0902500153,80.1696166992,37777,37787,10
13.0889101028,80.1695480347,37787,37817,30
13.0889101028,80.1695480347,37817,37827,10
13.0888299942,80.1694564819,37827,37837,10
13.0887203217,80.1698226929,37837,37847,10
13.0886898041,80.170211792,37847,37856,9
13.088640213,80.170753479,37856,37868,12
13.0886697769,80.1714324951,37868,37878,10
13.0886297226,80.1718215942,37878,37888,10
13.0885896683,80.1719512939,37888,37898,10
13.0885400772,80.1724777222,37898,37908,10
13.0884799957,80.173286438,37908,37918,10
13.0884304047,80.1742630005,37918,37928,10
13.0884103775,80.174621582,37928,37938,10
13.0883998871,80.1747589111,37938,37948,10
13.0883703232,80.175239563,37948,37958,10
13.0883197784,80.1760101318,37958,37968,10
13.0882701874,80.1768875122,37968,37979,11
13.0882501602,80.1776428223,37979,37989,10
13.0882701874,80.1783828735,37989,38019,30
13.0882701874,80.1783828735,38019,38029,10
13.0882301331,80.1787490845,38029,38039,10
13.0882701874,80.1791915894,38039,38069,30
13.0882701874,80.1791915894,38069,38079,10
13.088259697,80.1794281006,38079,38090,11
13.0882301331,80.1797409058,38090,38100,10
13.0882101059,80.1804275513,38100,38110,10
13.0881500244,80.1812820435,38110,38120,10
13.088139534,80.1820831299,38120,38130,10
13.0881004333,80.1828918457,38130,38140,10
13.088060379,80.183883667,38140,38150,10
13.0879802704,80.1851882935,38150,38180,30
13.0879802704,80.1851882935,38180,38190,10
13.0879802704,80.1853103638,38190,38201,11
13.0879402161,80.1858596802,38201,38211,10
13.0879297256,80.1866531372,38211,38221,10
13.0879001617,80.1875762939,38221,38231,10
13.0878801346,80.1883010864,38231,38241,10
13.0878095627,80.1896362305,38241,38261,20
13.0878095627,80.1896362305,38261,38271,10
13.087770462,80.1898498535,38271,38281,10
13.0877103806,80.190246582,38281,38291,10
13.0876703262,80.1904907227,38291,38300,9
13.0875997543,80.190826416,38300,38312,12
13.0874996185,80.1915969849,38312,38322,10
13.0874300003,80.1923904419,38322,38332,10
13.0873804092,80.1928024292,38332,38342,10
13.0873403549,80.1934661865,38342,38352,10
13.0873098373,80.1944122314,38352,38362,10
13.0872898102,80.1951293945,38362,38372,10
13.087269783,80.1959381104,38372,38382,10
13.0872402191,80.1969299316,38382,38392,10
13.0872602463,80.1976394653,38392,38402,10
13.0872602463,80.1976699829,38402,38411,9
13.0872497559,80.1979675293,38411,38423,12
13.0874500275,80.1984329224,38423,38433,10
13.0878696442,80.1984176636,38433,38443,10
13.0885000229,80.1983795166,38443,38453,10
13.089099884,80.198387146,38453,38463,10
13.0896196365,80.1984405518,38463,38473,10
13.0902900696,80.1985321045,38473,38483,10
13.0909404755,80.1985931396,38483,38493,10
13.091509819,80.1986083984,38493,38503,10
13.0920495987,80.1986465454,38503,38513,10
13.0927696228,80.1986465454,38513,38523,10
13.0929698944,80.198890686,38523,38534,11
13.0929403305,80.1995925903,38534,38544,10
13.0929002762,80.2003631592,38544,38554,10
13.0927200317,80.2005691528,38554,38564,10
13.0921401978,80.2005767822,38564,38574,10
13.0913600922,80.2005386353,38574,38584,10
13.090379715,80.2005310059,38584,38594,10
13.0895299911,80.2005233765,38594,38604,10
13.0885801315,80.2004470825,38604,38614,10
13.0877599716,80.2004699707,38614,38624,10
13.087220192,80.2004318237,38624,38634,10
13.0868997574,80.2004165649,38634,38645,11
13.0862598419,80.200378418,38645,38655,10
13.0856304169,80.2003631592,38655,38665,10
13.0853204727,80.2002792358,38665,38675,10
13.0853004456,80.1998062134,38675,38685,10
13.0853204727,80.1991577148,38685,38695,10
13.0852298737,80.198677063,38695,38705,10
13.0848903656,80.1986465454,38705,38715,10
13.0843696594,80.198638916,38715,38725,10
13.084280014,80.1986236572,38725,38735,10
13.0839996338,80.1986236572,38735,38744,9
13.0830402374,80.1985931396,38744,38806,62
13.0830402374,80.1985931396,38806,38816,10
13.0828504562,80.1986083984,38816,38826,10
13.0824699402,80.1986083984,38826,38836,10
13.0818996429,80.198638916,38836,38846,10
13.0814504623,80.198638916,38846,38855,9
13.0808601379,80.198638916,38855,38867,12
13.0798902512,80.1987228394,38867,38877,10
13.0789203644,80.1987991333,38877,38887,10
13.0778198242,80.1989364624,38887,38897,10
13.076789856,80.1990737915,38897,38907,10
13.0759897232,80.1991577148,38907,38917,10
13.0752296448,80.1993179321,38917,38927,10
13.074379921,80.1997528076,38927,38937,10
13.0737400055,80.2003631592,38937,38947,10
13.0735397339,80.2006607056,38947,38957,10
13.0734596252,80.2007675171,38957,38968,11
13.0730495453,80.2012405396,38968,38978,10
13.0725698471,80.2018280029,38978,38988,10
13.0721597672,80.2022781372,38988,38998,10
13.0716400146,80.2028274536,38998,39008,10
13.0710401535,80.2035293579,39008,39018,10
13.0704698563,80.2041931152,39018,39028,10
13.070309639,80.2043991089,39028,39038,10
13.0702896118,80.2044219971,39038,39048,10
13.0702104568,80.2045288086,39048,39058,10
13.0700502396,80.2047576904,39058,39129,71
13.0700502396,80.2047576904,39129,39139,10
13.0699596405,80.2049407959,39139,39149,10
13.0696802139,80.2049179077,39149,39159,10
13.0692796707,80.2049026489,39159,39169,10
13.0689201355,80.2053604126,39169,39179,10
13.0684204102,80.2054824829,39179,39189,10
13.0679702759,80.2051010132,39189,39230,41
13.0679702759,80.2051010132,39230,39240,10
13.068189621,80.2049407959,39240,39260,20
13.068189621,80.2049407959,39260,39270,10
13.0685100555,80.2049026489,39270,39290,20
13.0685100555,80.2049026489,39290,39300,10
13.0688199997,80.2047424316,39300,39331,31
13.0688199997,80.2047424316,39331,39341,10
13.0690803528,80.2046966553,39341,39351,10
13.0693502426,80.2047195435,39351,39361,10
13.0695495605,80.2047576904,39361,39371,10
13.0697803497,80.2049026489,39371,39412,41
13.0697803497,80.2049026489,39412,39422,10
13.0698604584,80.2049865723,39422,39432,10
13.0697202682,80.2053833008,39432,39442,10
13.0693101883,80.2060012817,39442,39452,10
13.0687904358,80.2068023682,39452,39462,10
13.0682401657,80.2077102661,39462,39472,10
13.0678195953,80.2083587646,39472,39482,10
13.067489624,80.2088394165,39482,39492,10
13.0670404434,80.2095031738,39492,39502,10
13.0663900375,80.2101898193,39502,39512,10
13.0656795502,80.2108001709,39512,39522,10
13.0650196075,80.2112731934,39522,39533,11
13.0641698837,80.2116012573,39533,39543,10
13.0637397766,80.2116775513,39543,39553,10
13.0635595322,80.2116928101,39553,39563,10
13.0629901886,80.2117385864,39563,39573,10
13.0621795654,80.2117462158,39573,39583,10
13.0611495972,80.2117233276,39583,39593,10
13.0599403381,80.2116622925,39593,39603,10
13.0589504242,80.2116012573,39603,39613,10
13.0583896637,80.2115936279,39613,39623,10
13.0577602386,80.2115783691,39623,39634,11
13.0568704605,80.2115707397,39634,39644,10
13.0559101105,80.2115402222,39644,39654,10
13.0550403595,80.2115097046,39654,39664,10
13.0547399521,80.211517334,39664,39674,10
13.0543498993,80.2115783691,39674,39684,10
13.0536403656,80.2117385864,39684,39694,10
13.0528497696,80.2119369507,39694,39704,10
13.0523796082,80.2121124268,39704,39714,10
13.0519695282,80.2121887207,39714,39724,10
13.0516300201,80.2121963501,39724,39734,10
13.0510997772,80.2121887207,39734,39743,9
13.0503702164,80.2121887207,39743,39795,52
13.0503702164,80.2121887207,39795,39805,10
13.0500497818,80.2121582031,39805,39855,50
13.0500497818,80.2121582031,39855,39866,11
13.0497999191,80.2121276855,39866,39876,10
13.0495100021,80.2121582031,39876,39886,10
13.0494298935,80.2121582031,39886,39896,10
13.0492801666,80.2121582031,39896,39906,10
13.0487604141,80.2121963501,39906,39916,10
13.0480098724,80.212272644,39916,39926,10
13.0471401215,80.2123565674,39926,39936,10
13.0460300446,80.2123794556,39936,39946,10
13.045009613,80.2124328613,39946,39987,41
13.045009613,80.2124328613,39987,39997,10
13.0446500778,80.2123718262,39997,40007,10
13.0441398621,80.2123565674,40007,40017,10
13.0433301926,80.2123718262,40017,40027,10
13.0425395966,80.2124023438,40027,40037,10
13.0416498184,80.2124481201,40037,40047,10
13.0409803391,80.212562561,40047,40057,10
13.039850235,80.2124481201,40057,40067,10
13.0389795303,80.2124328613,40067,40077,10
13.0379400253,80.2124023438,40077,40088,11
13.0367698669,80.2123718262,40088,40098,10
13.0352401733,80.2123336792,40098,40118,20
13.0352401733,80.2123336792,40118,40128,10
13.0348901749,80.2121963501,40128,40138,10
13.0342597961,80.2121429443,40138,40158,20
13.0342597961,80.2121429443,40158,40168,10
13.0339097977,80.212059021,40168,40178,10
13.0333595276,80.2119522095,40178,40187,9
13.0326404572,80.2118225098,40187,40199,12
13.0318403244,80.2115402222,40199,40209,10
13.0319595337,80.2107772827,40209,40219,10
13.0320796967,80.2098922729,40219,40229,10
13.0319404602,80.2096176147,40229,40239,10
13.0313301086,80.2094802856,40239,40249,10
13.0306396484,80.209312439,40249,40259,10
13.030579567,80.2092971802,40259,40269,10
13.0305204391,80.2092666626,40269,40278,9
13.0302495956,80.2091674805,40278,40289,11
13.0296497345,80.2089996338,40289,40299,10
13.0295495987,80.2089767456,40299,40310,11
13.0292196274,80.2088699341,40310,40320,10
13.0285396576,80.2086791992,40320,40330,10
13.0277004242,80.208366394,40330,40340,10
13.0268602371,80.2078704834,40340,40350,10
13.0258598328,80.2072677612,40350,40360,10
13.0247297287,80.2069702148,40360,40370,10
13.0243597031,80.2069091797,40370,40380,10
13.0240402222,80.2068099976,40380,40390,10
13.0234098434,80.2066802979,40390,40400,10
13.0226297379,80.20652771,40400,40410,10
13.0216999054,80.2064590454,40410,40421,11
13.02064991,80.2064285278,40421,40431,10
13.0192804337,80.2063903809,40431,40451,20
13.0192804337,80.2063903809,40451,40461,10
13.0188598633,80.2062301636,40461,40471,10
13.0181798935,80.2060317993,40471,40481,10
13.0176000595,80.2058181763,40481,40491,10
13.0170898438,80.2055969238,40491,40501,10
13.0164203644,80.2054672241,40501,40510,9
13.0157499313,80.2051315308,40510,40521,11
13.0148200989,80.2047805786,40521,40532,11
13.01404953,80.2045516968,40532,40542,10
13.0138597488,80.2044830322,40542,40552,10
13.0137701035,80.2044525146,40552,40562,10
13.0135498047,80.2045211792,40562,40572,10
13.0134296417,80.2049636841,40572,40582,10
13.0132198334,80.2056732178,40582,40592,10
13.0130500793,80.2066192627,40592,40602,10
13.0129404068,80.2074813843,40602,40612,10
13.0128602982,80.2080764771,40612,40622,10
13.0128803253,80.2085037231,40622,40633,11
13.0129404068,80.2089691162,40633,40643,10
13.0131797791,80.2095489502,40643,40653,10
13.0131702423,80.2101516724,40653,40663,10
13.012960434,80.2110366821,40663,40673,10
13.012550354,80.2118377686,40673,40683,10
13.0121002197,80.2125701904,40683,40693,10
13.0117902756,80.2128067017,40693,40703,10
13.0113897324,80.2125320435,40703,40713,10
13.0108299255,80.212097168,40713,40723,10
13.0102500916,80.2116775513,40723,40733,10
13.0098400116,80.2113418579,40733,40774,41
13.0095701218,80.2110824585,40774,40834,60
13.0095701218,80.2110824585,40834,40844,10
13.00922966,80.2112121582,40844,40855,11
13.0090703964,80.2114105225,40855,40865,10
13.0090198517,80.211517334,40865,40875,10
13.0090503693,80.2118301392,40875,40885,10
13.0092096329,80.2123031616,40885,40895,10
13.0094203949,80.2128829956,40895,40905,10
13.0096597672,80.2134933472,40905,40915,10
13.0099201202,80.2141265869,40915,40925,10
13.0102396011,80.2156677246,40925,40935,10
13.0102396011,80.2156677246,40935,40945,10
13.0110197067,80.2173614502,40945,40955,10
13.0110197067,80.2173614502,40955,40976,21
13.011759758,80.219329834,40976,40986,10
13.0120401382,80.2203826904,40986,41005,19
13.0123796463,80.2214584351,41005,41016,11
13.0128097534,80.2219924927,41016,41026,10
13.0132799149,80.222618103,41026,41036,10
13.0138702393,80.2233428955,41036,41046,10
13.0142698288,80.223777771,41046,41056,10
13.0150098801,80.2244567871,41056,41066,10
13.0150899887,80.2246170044,41066,41077,11
13.015130043,80.2247161865,41077,41087,10
13.0152597427,80.2248535156,41087,41097,10
13.0154600143,80.2252120972,41097,41106,9
13.0154304504,80.2255630493,41106,41117,11
13.0149497986,80.2259368896,41117,41127,10
13.0142803192,80.2261886597,41127,41137,10
13.0135602951,80.2264633179,41137,41147,10
13.0127496719,80.2267837524,41147,41157,10
13.0118904114,80.2271270752,41157,41167,10
13.01101017,80.2274780273,41167,41177,10
13.0101499557,80.2278366089,41177,41188,11
13.0094995499,80.2277832031,41188,41198,10
13.0096197128,80.2273330688,41198,41208,10
13.0098800659,80.2267608643,41208,41218,10
13.0101499557,80.2261505127,41218,41228,10
13.0104398727,80.225402832,41228,41238,10
13.0107002258,80.2248687744,41238,41248,10
13.0109195709,80.224319458,41248,41258,10
13.011179924,80.2236404419,41258,41268,10
13.0112400055,80.2232589722,41268,41278,10
13.010890007,80.2230377197,41278,41287,9
13.0108804703,80.2230377197,41287,41299,12
13.0103902817,80.2228088379,41299,41309,10
13.0098400116,80.2225112915,41309,41319,10
13.0091600418,80.2221069336,41319,41329,10
13.0083703995,80.2216796875,41329,41339,10
13.0074701309,80.221206665,41339,41349,10
13.0067501068,80.2208404541,41349,41359,10
13.0060100555,80.2206115723,41359,41369,10
13.0050697327,80.2203674316,41369,41379,10
13.0043401718,80.2201766968,41379,41389,10
13.0035200119,80.2200317383,41389,41399,10
13.0026798248,80.2196884155,41399,41410,11
13.0019102097,80.2189483643,41410,41420,10
13.001250267,80.2183914185,41420,41430,10
13.0005702972,80.217956543,41430,41440,10
12.9997396469,80.2174606323,41440,41450,10
12.9990797043,80.2170791626,41450,41460,10
12.9984102249,80.2167282104,41460,41470,10
12.9976701736,80.2165679932,41470,41480,10
12.9974603653,80.2165527344,41480,41490,10
12.9972696304,80.2165298462,41490,41500,10
12.9970598221,80.2165527344,41500,41509,9
12.9970197678,80.2165603638,41509,41521,12
12.996509552,80.2165603638,41521,41531,10
12.9960803986,80.2166595459,41531,41541,10
12.995880127,80.2166976929,41541,41551,10
12.9956302643,80.216758728,41551,41561,10
12.9954395294,80.2168426514,41561,41571,10
12.9951295853,80.2170028687,41571,41591,20
12.9951295853,80.2170028687,41591,41601,10
12.994890213,80.2171401978,41601,41611,10
12.9945497513,80.217376709,41611,41621,10
12.9942302704,80.2176208496,41621,41632,11
12.9939403534,80.2178421021,41632,41642,10
12.9937095642,80.2180099487,41642,41652,10
12.9934797287,80.2181625366,41652,41662,10
12.9930095673,80.2184906006,41662,41672,10
12.9924097061,80.2189407349,41672,41682,10
12.9916801453,80.2194213867,41682,41692,10
12.9911003113,80.2193908691,41692,41702,10
12.990819931,80.219329834,41702,41712,10
12.9903297424,80.2192001343,41712,41722,10
12.9895601273,80.2189483643,41722,41732,10
12.9887104034,80.2186508179,41732,41743,11
12.9877195358,80.2184524536,41743,41753,10
12.9869804382,80.2182998657,41753,41763,10
12.986749649,80.21824646,41763,41773,10
12.986240387,80.2180862427,41773,41783,10
12.985329628,80.2179412842,41783,41793,10
12.9843797684,80.217956543,41793,41803,10
12.98416996,80.2179718018,41803,41813,10
12.9840803146,80.2179870605,41813,41823,10
12.9835996628,80.2179794312,41823,41833,10
12.9828195572,80.2179794312,41833,41843,10
12.9818201065,80.2180023193,41843,41854,11
12.9807195663,80.2182998657,41854,41864,10
12.9799203873,80.2185821533,41864,41874,10
12.9790897369,80.2189407349,41874,41884,10
12.9784698486,80.2191619873,41884,41894,10
12.9777097702,80.2194824219,41894,41904,10
12.9767103195,80.2199172974,41904,41914,10
12.9760599136,80.2201766968,41914,41924,10
12.9757995605,80.2203216553,41924,41934,10
12.975520134,80.2206115723,41934,41944,10
12.9755897522,80.2207565308,41944,41953,9
12.9759597778,80.2209396362,41953,42207,254
12.9760103226,80.2212219238,42207,42469,262
12.9760103226,80.2212219238,42469,42479,10
12.9762897491,80.221282959,42479,42489,10
12.9765100479,80.2212905884,42489,42499,10
12.9770002365,80.2212905884,42499,42509,10
12.9775896072,80.2212219238,42509,42519,10
12.9781703949,80.2212219238,42519,42530,11
12.9789304733,80.2211380005,42530,42540,10
12.9795799255,80.2211074829,42540,42550,10
12.9801902771,80.2210922241,42550,42560,10
12.9807701111,80.220993042,42560,42570,10
12.9814300537,80.2211608887,42570,42580,10
12.9819803238,80.2214279175,42580,42590,10
12.9822702408,80.221572876,42590,42600,10
12.9827604294,80.2217483521,42600,42629,29
12.9829998016,80.2219390869,42629,42651,22
12.9829998016,80.2219390869,42651,42661,10
12.9831495285,80.2220535278,42661,42671,10
12.9833498001,80.2221908569,42671,42681,10
12.9835996628,80.2223205566,42681,42691,10
12.9839000702,80.2225112915,42691,42701,10
12.9843597412,80.2227783203,42701,42711,10
12.984869957,80.2230377197,42711,42721,10
12.9853496552,80.2232284546,42721,42731,10
12.9856004715,80.2230529785,42731,42741,10
12.9863996506,80.2229385376,42741,42762,21
12.9863996506,80.2229385376,42762,42772,10
12.9866504669,80.2229309082,42772,42782,10
12.9869003296,80.2229919434,42782,42792,10
12.9874601364,80.2230300903,42792,42802,10
12.9882001877,80.2227020264,42802,42812,10
12.988820076,80.2220916748,42812,42822,10
12.9892196655,80.2216415405,42822,42832,10
12.9896202087,80.2211532593,42832,42842,10
12.9899396896,80.2207565308,42842,42852,10
12.9903497696,80.2204284668,42852,42863,11
12.9909000397,80.2200088501,42863,42873,10
12.9913902283,80.219619751,42873,42883,10
12.991900444,80.2192764282,42883,42893,10
12.9924697876,80.2188415527,42893,42903,10
12.993229866,80.2182617188,42903,42913,10
12.9939899445,80.2177276611,42913,42923,10
12.9943799973,80.2174606323,42923,42933,10
12.9947004318,80.2172317505,42933,42943,10
12.9952201843,80.2168807983,42943,42953,10
12.9958200455,80.2166595459,42953,42964,11
12.9965600967,80.2165374756,42964,42974,10
12.9971599579,80.2163467407,42974,42984,10
12.9975204468,80.2160415649,42984,42994,10
12.9976997375,80.2159194946,42994,43004,10
12.9980602264,80.2155685425,43004,43014,10
12.9990596771,80.2147369385,43014,43024,10
12.9990596771,80.2147369385,43024,43034,10
12.9994096756,80.2144470215,43034,43043,9
12.9998102188,80.2141113281,43043,43062,19
13.0006999969,80.2133331299,43062,43072,10
13.0011997223,80.2128677368,43072,43083,11
13.0019197464,80.2123413086,43083,43093,10
13.0026397705,80.2120895386,43093,43103,10
13.0032997131,80.2120285034,43103,43113,10
13.0035800934,80.2119598389,43113,43123,10
13.003660202,80.2118988037,43123,43133,10
13.0037002563,80.2116622925,43133,43143,10
13.0037002563,80.2113800049,43143,43153,10
13.0037002563,80.2111434937,43153,43163,10
13.0036497116,80.2106399536,43163,43173,10
13.0035600662,80.2099761963,43173,43183,10
13.0036201477,80.2092437744,43183,43194,11
13.0040102005,80.2086410522,43194,43204,10
13.0048999786,80.2090301514,43204,43214,10
13.00578022,80.2094192505,43214,43224,10
13.0065097809,80.2096405029,43224,43234,10
13.0070896149,80.2097167969,43234,43244,10
13.0073299408,80.2097473145,43244,43254,10
13.0074100494,80.2097930908,43254,43264,10
13.0074796677,80.2098236084,43264,43274,10
13.0077199936,80.2098922729,43274,43284,10
13.0077295303,80.2098922729,43284,43294,10
13.0077695847,80.2098770142,43294,43305,11
13.0079898834,80.2099533081,43305,43315,10
13.0081701279,80.2098999023,43315,43325,10
13.0081100464,80.2095108032,43325,43335,10
13.0080003738,80.2088623047,43335,43345,10
13.0078802109,80.2079315186,43345,43355,10
13.0077400208,80.2069396973,43355,43365,10
13.007610321,80.2061004639,43365,43375,10
13.0075302124,80.2052230835,43375,43385,10
13.0075302124,80.2044525146,43385,43395,10
13.0074396133,80.2036437988,43395,43405,10
13.0072698593,80.2027587891,43405,43416,11
13.006649971,80.2026596069,43416,43426,10
13.0066699982,80.2032394409,43426,43436,10
13.0071601868,80.2035369873,43436,43446,10
13.0078697205,80.2037124634,43446,43456,10
13.0088500977,80.203666687,43456,43466,10
13.0100297928,80.2036132813,43466,43476,10
13.0112800598,80.2036819458,43476,43486,10
13.0123796463,80.2038497925,43486,43496,10
13.013250351,80.2040481567,43496,43506,10
13.0138597488,80.2042999268,43506,43515,9
13.0144395828,80.2044906616,43515,43527,12
13.0154695511,80.2048568726,43527,43537,10
13.0162000656,80.205078125,43537,43547,10
13.0166196823,80.2051010132,43547,43557,10
13.0172100067,80.2053985596,43557,43567,10
13.0177202225,80.2056503296,43567,43577,10
13.0183801651,80.205909729,43577,43587,10
13.0191297531,80.2061462402,43587,43597,10
13.0200195313,80.2062911987,43597,43607,10
13.021030426,80.2062988281,43607,43617,10
13.0213699341,80.2063064575,43617,43627,10
13.0215997696,80.2063064575,43627,43638,11
13.0220804214,80.2063369751,43638,43648,10
13.0227298737,80.2065200806,43648,43658,10
13.0236196518,80.2066497803,43658,43668,10
13.024310112,80.2067337036,43668,43678,10
13.0245304108,80.2067718506,43678,43688,10
13.0250396729,80.2069015503,43688,43698,10
13.0258798599,80.2072067261,43698,43708,10
13.0267496109,80.2077102661,43708,43718,10
13.0276699066,80.2082595825,43718,43728,10
13.0286102295,80.2086105347,43728,43738,10
13.0294599533,80.2088165283,43738,43749,11
13.0300598145,80.209022522,43749,43769,20
13.0300598145,80.209022522,43769,43779,10
13.0302400589,80.2090988159,43779,43789,10
13.0307197571,80.2092132568,43789,43799,10
13.0314302444,80.2093734741,43799,43809,10
13.0317201614,80.2094726563,43809,43819,10
13.0321502686,80.209602356,43819,43829,10
13.0327997208,80.2097015381,43829,43839,10
13.0335597992,80.2098388672,43839,43849,10
13.0343198776,80.2099990845,43849,43860,11
13.0348501205,80.2101135254,43860,43870,10
13.035030365,80.2103424072,43870,43880,10
13.035030365,80.2109985352,43880,43900,20
13.035030365,80.2109985352,43900,43910,10
13.0349502563,80.2114181519,43910,43920,10
13.0349302292,80.2115631104,43920,43930,10
13.0349197388,80.2119674683,43930,43940,10
13.0350999832,80.2122116089,43940,43950,10
13.0356502533,80.2122802734,43950,43960,10
13.0362596512,80.212310791,43960,43971,11
13.0368299484,80.2122802734,43971,43981,10
13.0372400284,80.212272644,43981,43991,10
13.0375795364,80.2122879028,43991,44001,10
13.0381202698,80.2123031616,44001,44011,10
13.038860321,80.2122802734,44011,44021,10
13.0397195816,80.2122573853,44021,44031,10
13.04088974,80.2122421265,44031,44041,10
13.0422096252,80.212272644,44041,44051,10
13.043800354,80.2123184204,44051,44082,31
13.043800354,80.2123184204,44082,44092,10
13.0441503525,80.2122573853,44092,44102,10
13.0446395874,80.212272644,44102,44112,10
13.0453100204,80.2122802734,44112,44122,10
13.0460996628,80.2122573853,44122,44132,10
13.0468997955,80.2122421265,44132,44142,10
13.0477399826,80.2121276855,44142,44152,10
13.0484600067,80.2120666504,44152,44162,10
13.0485200882,80.2120437622,44162,44172,10
13.0486602783,80.212020874,44172,44182,10
13.0490503311,80.2119903564,44182,44193,11
13.0495595932,80.2119598389,44193,44203,10
13.0499200821,80.2119598389,44203,44213,10
13.0501804352,80.2119674683,44213,44223,10
13.0504798889,80.2119827271,44223,44233,10
13.0509595871,80.212020874,44233,44243,10
13.0517702103,80.2118988037,44243,44253,10
13.0527296066,80.2117919922,44253,44263,10
13.0536499023,80.2115478516,44263,44273,10
13.0541200638,80.2114715576,44273,44283,10
13.0545797348,80.2114562988,44283,44292,9
13.0551395416,80.211517334,44292,44304,12
13.0561103821,80.2115097046,44304,44314,10
13.0569801331,80.211479187,44314,44324,10
13.0573596954,80.2114486694,44324,44334,10
13.0577001572,80.2114486694,44334,44344,10
13.0583600998,80.2114715576,44344,44354,10
13.0592002869,80.2115020752,44354,44364,10
13.0603199005,80.2115631104,44364,44374,10
13.0612697601,80.2115783691,44374,44384,10
13.061920166,80.2116165161,44384,44394,10
13.0626602173,80.2115783691,44394,44404,10
13.0630598068,80.2115936279,44404,44415,11
13.0633201599,80.2115936279,44415,44425,10
13.0637197495,80.2115402222,44425,44435,10
13.0642900467,80.21144104,44435,44445,10
13.0650100708,80.2111282349,44445,44455,10
13.0658102036,80.2105331421,44455,44465,10
13.0666799545,80.2098083496,44465,44475,10
13.06731987,80.2089080811,44475,44485,10
13.067779541,80.2081604004,44485,44495,10
13.068189621,80.2074890137,44495,44505,10
13.0686903,80.2067337036,44505,44515,10
13.0691995621,80.2059173584,44515,44526,11
13.0695800781,80.205291748,44526,44536,10
13.0696897507,80.2050933838,44536,44546,10
13.0695495605,80.2048187256,44546,44556,10
13.0690803528,80.2049636841,44556,44566,10
13.068810463,80.2048492432,44566,44596,30
13.068810463,80.2048492432,44596,44606,10
13.0690603256,80.2046966553,44606,44616,10
13.0696201324,80.2048034668,44616,44626,10
13.0699501038,80.2048110962,44626,44637,11
13.0703496933,80.2043075562,44637,44647,10
13.0708799362,80.2036590576,44647,44657,10
13.0714998245,80.20287323,44657,44667,10
13.0719804764,80.2023162842,44667,44677,10
13.0722999573,80.2019805908,44677,44687,10
13.072719574,80.2014694214,44687,44697,10
13.0731601715,80.2009735107,44697,44707,10
13.07351017,80.2006225586,44707,44717,10
13.0738697052,80.2002029419,44717,44727,10
13.0741701126,80.1998062134,44727,44737,10
13.0743503571,80.1995773315,44737,44748,11
13.0743598938,80.1995620728,44748,44758,10
13.0745897293,80.1993713379,44758,44768,10
13.0751199722,80.1991195679,44768,44778,10
13.0758695602,80.1990737915,44778,44788,10
13.0768299103,80.1990127563,44788,44798,10
13.0777702332,80.1988983154,44798,44808,10
13.0788297653,80.1987533569,44808,44818,10
13.0796804428,80.1986999512,44818,44828,10
13.0806398392,80.1985931396,44828,44838,10
13.0814399719,80.1985473633,44838,44847,9
13.082159996,80.1985092163,44847,44859,12
13.0827903748,80.1984863281,44859,44869,10
13.0829801559,80.1984863281,44869,44879,10
13.0834102631,80.1985015869,44879,44889,10
13.0836400986,80.1985321045,44889,44899,10
13.0839195251,80.1985168457,44899,44909,10
13.084280014,80.1985321045,44909,44919,10
13.0847396851,80.1985168457,44919,44929,10
13.084980011,80.1984786987,44929,44939,10
13.0852203369,80.1984634399,44939,44949,10
13.0856399536,80.1984176636,44949,44959,10
13.0861597061,80.1984100342,44959,44970,11
13.0867500305,80.1984634399,44970,44980,10
13.0870599747,80.1984024048,44980,44990,10
13.0871496201,80.1982574463,44990,45000,10
13.0871801376,80.1981201172,45000,45010,10
13.087220192,80.1976623535,45010,45020,10
13.0872402191,80.1969070435,45020,45030,10
13.0872802734,80.1959991455,45030,45040,10
13.087269783,80.1955413818,45040,45050,10
13.087269783,80.1955108643,45050,45060,10
13.0873003006,80.1950836182,45060,45070,10
13.0873003006,80.1943664551,45070,45080,10
13.0873403549,80.1934661865,45080,45091,11
13.0873403549,80.1931686401,45091,45101,10
13.0873498917,80.1929321289,45101,45111,10
13.0873699188,80.1926498413,45111,45121,10
13.0874204636,80.192199707,45121,45131,10
13.0874900818,80.1915817261,45131,45141,10
13.0875701904,80.1907501221,45141,45151,10
13.0876703262,80.1899032593,45151,45161,10
13.0877399445,80.1892623901,45161,45171,10
13.0877399445,80.1890869141,45171,45181,10
13.0877799988,80.188873291,45181,45192,11
13.0878200531,80.1885070801,45192,45202,10
13.0878400803,80.1880874634,45202,45212,10
13.0878400803,80.1874771118,45212,45222,10
13.087849617,80.1866836548,45222,45232,10
13.0879001617,80.1858901978,45232,45242,10
13.0879602432,80.1850967407,45242,45252,10
13.0880098343,80.1842727661,45252,45262,10
13.0880403519,80.1833114624,45262,45272,10
13.0880899429,80.1825714111,45272,45282,10
13.0880804062,80.1824493408,45282,45292,10
13.0881004333,80.1820983887,45292,45303,11
13.0881004333,80.1813735962,45303,45313,10
13.0881299973,80.1804885864,45313,45323,10
13.088139534,80.1798782349,45323,45333,10
13.088139534,80.1798400879,45333,45343,10
13.0881299973,80.1797409058,45343,45353,10
13.0881500244,80.1793670654,45353,45363,10
13.088139534,80.1788787842,45363,45373,10
13.088139534,80.1788711548,45373,45383,10
13.0881595612,80.1786499023,45383,45393,10
13.0881795883,80.178062439,45393,45404,11
13.0881595612,80.1773300171,45404,45414,10
13.0881900787,80.1768875122,45414,45424,10
13.0882501602,80.1761474609,45424,45434,10
13.0883197784,80.1752090454,45434,45444,10
13.0883798599,80.1745681763,45444,45454,10
13.0884599686,80.1740036011,45454,45464,10
13.0884895325,80.1731872559,45464,45474,10
13.08852005,80.1723098755,45474,45484,10
13.08852005,80.171913147,45484,45494,10
13.0885601044,80.1717529297,45494,45503,9
13.0886096954,80.1713867188,45503,45545,42
13.0886096954,80.1713867188,45545,45555,10
13.0886297226,80.1711196899,45555,45565,10
13.0886497498,80.1707382202,45565,45575,10
13.0886697769,80.1702194214,45575,45585,10
13.088760376,80.1695709229,45585,45595,10
13.0891799927,80.1695480347,45595,45605,10
13.0898303986,80.1696014404,45605,45615,10
13.0905799866,80.1696395874,45615,45626,11
13.0914096832,80.169670105,45626,45636,10
13.0921602249,80.1696929932,45636,45646,10
13.0929698944,80.1697616577,45646,45656,10
13.0938301086,80.1698074341,45656,45666,10
13.0944900513,80.1698303223,45666,45676,10
13.0947399139,80.1698379517,45676,45686,10
13.0949602127,80.1698608398,45686,45696,10
13.095410347,80.1698989868,45696,45706,10
13.0961303711,80.1699295044,45706,45716,10
13.0969495773,80.1699829102,45716,45726,10
13.0977802277,80.1700286865,45726,45737,11
13.0986795425,80.1700897217,45737,45747,10
13.0991897583,80.1701126099,45747,45757,10
13.0993995667,80.1698226929,45757,45787,30
13.0993995667,80.1698226929,45787,45797,10
13.0994701385,80.169670105,45797,45807,10
13.0993003845,80.1695785522,45807,45817,10
13.0991897583,80.169593811,45817,45827,10
13.0989704132,80.1695785522,45827,45837,10
13.0988197327,80.1694412231,45837,45848,11
13.0986604691,80.1691970825,45848,47038,1190
13.0986604691,80.1691970825,47038,47048,10
13.0987100601,80.1692810059,47048,47058,10
13.0988197327,80.1694107056,47058,47068,10
13.0989999771,80.1695022583,47068,47079,11
13.0992498398,80.1695632935,47079,47089,10
13.0993003845,80.1695785522,47089,47099,10
13.0994300842,80.1697463989,47099,47109,10
13.0993900299,80.169960022,47109,47220,111
13.0993900299,80.169960022,47220,47230,10
13.0989303589,80.1701965332,47230,47240,10
13.0983400345,80.1701583862,47240,47250,10
13.0976800919,80.1701278687,47250,47260,10
13.0969600677,80.1700668335,47260,47270,10
13.0960102081,80.1700210571,47270,47280,10
13.09512043,80.1699829102,47280,47290,10
13.09471035,80.1699066162,47290,47301,11
13.0942697525,80.1698913574,47301,47311,10
13.0936498642,80.1698913574,47311,47321,10
13.0928602219,80.1698532104,47321,47331,10
13.0919103622,80.1698074341,47331,47341,10
13.0910100937,80.1697235107,47341,47351,10
13.0899496078,80.1696395874,47351,47361,10
13.0889797211,80.1695785522,47361,47432,71
13.0889797211,80.1695785522,47432,47442,10
13.0886802673,80.1695785522,47442,47452,10
13.0886001587,80.1700286865,47452,47462,10
13.0885601044,80.1706619263,47462,47472,10
13.0885400772,80.1718292236,47472,47492,20
13.0885400772,80.1718292236,47492,47502,10
13.0885295868,80.172088623,47502,47511,9
13.0884895325,80.1726531982,47511,47523,12
13.0884304047,80.1737289429,47523,47533,10
13.0883798599,80.1747436523,47533,47543,10
13.0883197784,80.1756668091,47543,47553,10
13.088259697,80.1767196655,47553,47563,10
13.0882501602,80.177230835,47563,47573,10
13.0882101059,80.1785736084,47573,47593,20
13.0882101059,80.1785736084,47593,47603,10
13.0881700516,80.1791763306,47603,47623,20
13.0881700516,80.1791763306,47623,47634,11
13.0881700516,80.1796188354,47634,47644,10
13.088139534,80.1803131104,47644,47654,10
13.0881204605,80.1813201904,47654,47664,10
13.0880899429,80.182258606,47664,47674,10
13.0880203247,80.1832962036,47674,47684,10
13.0880002975,80.1850280762,47684,47694,10
13.0880002975,80.1850280762,47694,47704,10
13.0880098343,80.1851577759,47704,47713,9
13.0878896713,80.1878433228,47713,47782,69
13.0878896713,80.1878433228,47782,47792,10
13.087849617,80.1882705688,47792,47802,10
13.0878000259,80.1890411377,47802,47812,10
13.0877599716,80.189781189,47812,47822,10
13.0877304077,80.1899337769,47822,47832,10
13.0877599716,80.1899795532,47832,47841,9
13.087679863,80.1903076172,47841,47853,12
13.0875396729,80.1911697388,47853,47863,10
13.0874595642,80.1918411255,47863,47873,10
13.0874004364,80.1923675537,47873,47883,10
13.0873804092,80.1926269531,47883,47893,10
13.0873203278,80.1930999756,47893,47903,10
13.0873003006,80.1938323975,47903,47913,10
13.0873003006,80.1944732666,47913,47923,10
13.0873003006,80.1947784424,47923,47933,10
13.0873003006,80.1949386597,47933,47943,10
13.0872898102,80.1952133179,47943,47953,10
13.0872602463,80.1957321167,47953,47964,11
13.0872297287,80.1964874268,47964,47974,10
13.0872097015,80.1972503662,47974,47984,10
13.0872097015,80.1977005005,47984,47994,10
13.0872001648,80.1978302002,47994,48004,10
13.087269783,80.1982727051,48004,48014,10
13.0874595642,80.1984329224,48014,48024,10
13.0879602432,80.1984100342,48024,48034,10
13.0886697769,80.1983566284,48034,48044,10
13.0894002914,80.1984176636,48044,48054,10
13.0902004242,80.1984786987,48054,48064,10
13.0911197662,80.1985168457,48064,48075,11
13.0921096802,80.1986236572,48075,48085,10
13.0928897858,80.1986465454,48085,48095,10
13.0929403305,80.1989364624,48095,48105,10
13.092880249,80.1995391846,48105,48115,10
13.0928297043,80.2003479004,48115,48125,10
13.0926504135,80.2005996704,48125,48135,10
13.0921001434,80.2005767822,48135,48145,10
13.0912599564,80.2005615234,48145,48155,10
13.0905199051,80.2005691528,48155,48165,10
13.089679718,80.2005310059,48165,48175,10
13.0885896683,80.2004699707,48175,48186,11
13.0874700546,80.2004394531,48186,48196,10
13.0869197845,80.2004013062,48196,48206,10
13.0861701965,80.200378418,48206,48216,10
13.0856895447,80.2003936768,48216,48226,10
13.0853500366,80.2003479004,48226,48236,10
13.0853004456,80.1999893188,48236,48246,10
13.0852899551,80.1994018555,48246,48256,10
13.0852603912,80.1988220215,48256,48266,10
13.0850601196,80.1987380981,48266,48276,10
13.0847101212,80.1986618042,48276,48286,10
13.0844802856,80.198638916,48286,48297,11
13.0839595795,80.1986236572,48297,48307,10
13.0830202103,80.198600769,48307,48357,50
13.0830202103,80.198600769,48357,48367,10
13.0828199387,80.1986312866,48367,48377,10
13.0822601318,80.198638916,48377,48387,10
13.081410408,80.198638916,48387,48397,10
13.0806303024,80.1986618042,48397,48408,11
13.0796804428,80.1987609863,48408,48418,10
13.0786304474,80.1988372803,48418,48428,10
13.0774297714,80.1989898682,48428,48438,10
13.076210022,80.1991424561,48438,48448,10
13.0749397278,80.1994018555,48448,48458,10
13.0740003586,80.2000427246,48458,48468,10
13.073679924,80.2004623413,48468,48478,10
13.0736303329,80.2005310059,48478,48488,10
13.0733203888,80.200881958,48488,48498,10
13.0727596283,80.2015228271,48498,48508,10
13.0722303391,80.2021789551,48508,48519,11
13.0715703964,80.2029418945,48519,48529,10
13.0709104538,80.2036590576,48529,48539,10
13.0702695847,80.2044219971,48539,48549,10
13.0700101852,80.2047576904,48549,48559,10
13.0699195862,80.2049179077,48559,48569,10
13.0696401596,80.2049102783,48569,48579,10
13.0692796707,80.2049331665,48579,48589,10
13.0689601898,80.2053909302,48589,48599,10
13.0685997009,80.2054290771,48599,48609,10
13.0682401657,80.2054977417,48609,48619,10
13.0681695938,80.2054901123,48619,48630,11
13.0680799484,80.2054214478,48630,48640,10
13.0680398941,80.2051010132,48640,48650,10
13.0685396194,80.2048568726,48650,48660,10
13.0692901611,80.2047271729,48660,48670,10
13.0696001053,80.2047729492,48670,48680,10
13.0696401596,80.2047805786,48680,48690,10
13.0697097778,80.2048187256,48690,48700,10
13.0697498322,80.2052688599,48700,48710,10
13.0693101883,80.205947876,48710,48720,10
13.0687704086,80.2068099976,48720,48730,10
13.0681600571,80.2078323364,48730,48741,11
13.0674600601,80.2089233398,48741,48751,10
13.066740036,80.2098770142,48751,48761,10
13.0656204224,80.2107925415,48761,48771,10
13.0644798279,80.2114715576,48771,48781,10
13.0636901855,80.2116394043,48781,48791,10
13.0632801056,80.2116775513,48791,48801,10
13.0624904633,80.211730957,48801,48811,10
13.0614595413,80.2116775513,48811,48821,10
13.060259819,80.2116394043,48821,48831,10
13.0592002869,80.2116470337,48831,48841,10
13.0586595535,80.2116470337,48841,48852,11
13.057970047,80.2116012573,48852,48862,10
13.0576200485,80.2116012573,48862,48872,10
13.0572900772,80.2115936279,48872,48882,10
13.0565700531,80.2115707397,48882,48892,10
13.0555801392,80.211517334,48892,48902,10
13.0545196533,80.2115478516,48902,48912,10
13.053440094,80.2117919922,48912,48922,10
13.0524301529,80.2121200562,48922,48932,10
13.0515203476,80.2122192383,48932,48942,10
13.0505104065,80.2122497559,48942,48973,31
13.0505104065,80.2122497559,48973,48983,10
13.0501403809,80.2121582031,48983,48993,10
13.0500097275,80.2121582031,48993,49003,10
13.0495700836,80.2121734619,49003,49023,20
13.0495700836,80.2121734619,49023,49033,10
13.0492095947,80.2121429443,49033,49043,10
13.0485696793,80.2121887207,49043,49053,10
13.0478096008,80.2122573853,49053,49063,10
13.0468797684,80.2123184204,49063,49074,11
13.0457000732,80.2123718262,49074,49084,10
13.0447101593,80.2124023438,49084,49144,60
13.0447101593,80.2124023438,49144,49154,10
13.0445299149,80.2123794556,49154,49164,10
13.0439996719,80.212348938,49164,49173,9
13.0432796478,80.2123336792,49173,49185,12
13.0422496796,80.212348938,49185,49195,10
13.0413799286,80.2123794556,49195,49205,10
13.0402097702,80.2123718262,49205,49215,10
13.039059639,80.2123794556,49215,49225,10
13.0379104614,80.212387085,49225,49235,10
13.036939621,80.2123413086,49235,49245,10
13.035949707,80.212310791,49245,49255,10
13.0350399017,80.2123031616,49255,49265,10
13.0343704224,80.2121887207,49265,49275,10
13.0339002609,80.212097168,49275,49285,10
13.0339002609,80.2120895386,49285,49296,11
13.0336198807,80.2120132446,49296,49306,10
13.0329303741,80.2118530273,49306,49316,10
13.0320796967,80.2117080688,49316,49326,10
13.0320196152,80.2109680176,49326,49336,10
13.0320901871,80.2100830078,49336,49346,10
13.0318002701,80.2095794678,49346,49356,10
13.0311203003,80.2093963623,49356,49366,10
13.0307302475,80.2092666626,49366,49376,10
13.0301704407,80.2091217041,49376,49386,10
13.0296602249,80.2089920044,49386,49396,10
13.0295295715,80.2089385986,49396,49407,11
13.0294103622,80.2089004517,49407,49417,10
13.0288896561,80.2087478638,49417,49427,10
13.0280199051,80.2084884644,49427,49437,10
13.027130127,80.2080230713,49437,49447,10
13.0261096954,80.2074127197,49447,49457,10
13.0250101089,80.2070236206,49457,49467,10
13.0242204666,80.2068786621,49467,49477,10
13.0235395432,80.2067184448,49477,49487,10
13.0227098465,80.2065582275,49487,49497,10
13.0219402313,80.2064437866,49497,49507,10
13.0211896896,80.2064285278,49507,49518,11
13.0200996399,80.2064285278,49518,49528,10
13.0191698074,80.2063674927,49528,49538,10
13.0190696716,80.2063369751,49538,49548,10
13.0187702179,80.2062225342,49548,49558,10
13.0181503296,80.2059707642,49558,49568,10
13.0175199509,80.2057418823,49568,49578,10
13.0170001984,80.2054901123,49578,49588,10
13.0160503387,80.2051773071,49588,49598,10
13.0149898529,80.2048187256,49598,49608,10
13.0141296387,80.2045288086,49608,49617,9
13.0136804581,80.2044219971,49617,49629,12
13.0134801865,80.2048416138,49629,49639,10
13.0133800507,80.2051391602,49639,49649,10
13.0132398605,80.2057418823,49649,49659,10
13.0130300522,80.2065811157,49659,49669,10
13.0129995346,80.2074127197,49669,49679,10
13.0128898621,80.207862854,49679,49689,10
13.0129098892,80.2084197998,49689,49699,10
13.0129299164,80.2087631226,49699,49709,10
13.0129995346,80.2092437744,49709,49719,10
13.0132198334,80.2097396851,49719,49729,10
13.0131397247,80.2103424072,49729,49740,11
13.0128602982,80.2112197876,49740,49750,10
13.0125102997,80.2118988037,49750,49760,10
13.0121803284,80.2124404907,49760,49770,10
13.0120000839,80.2127075195,49770,49780,10
13.0117502213,80.2127685547,49780,49790,10
13.0113697052,80.2124786377,49790,49800,10
13.0108604431,80.212097168,49800,49810,10
13.0104103088,80.2117614746,49810,49820,10
13.0095996857,80.2110977173,49820,49840,20
13.0094604492,80.2109222412,49840,49881,41
13.0094604492,80.2109222412,49881,49891,10
13.0093002319,80.2110366821,49891,49901,10
13.0092096329,80.2111816406,49901,49911,10
13.0090303421,80.2115631104,49911,49921,10
13.0091600418,80.2121429443,49921,49931,10
13.0094299316,80.2128982544,49931,49941,10
13.0097503662,80.2136764526,49941,49951,10
13.0100498199,80.2144470215,49951,49962,11
13.010219574,80.2154083252,49962,49972,10
13.0105304718,80.2163162231,49972,49982,10
13.0109796524,80.2172927856,49982,49992,10
13.0113897324,80.2183380127,49992,50002,10
13.0117902756,80.2195968628,50002,50012,10
13.0122003555,80.2207336426,50012,50022,10
13.0124902725,80.2213516235,50022,50032,10
13.0128297806,80.2220001221,50032,50042,10
13.0133800507,80.2226409912,50042,50052,10
13.0138502121,80.2231369019,50052,50062,10
13.0141496658,80.2236785889,50062,50073,11
13.0147695541,80.224319458,50073,50083,10
13.0149402618,80.2245635986,50083,50093,10
13.0151700974,80.2247924805,50093,50103,10
13.0153903961,80.2251281738,50103,50113,10
13.0154104233,80.2255020142,50113,50123,10
13.0150995255,80.2258834839,50123,50133,10
13.0145101547,80.2261123657,50133,50143,10
13.0137500763,80.2264175415,50143,50153,10
13.0128898621,80.2267532349,50153,50163,10
13.0119495392,80.227142334,50163,50172,9
13.0109996796,80.2275238037,50172,50184,12
13.0099697113,80.2279205322,50184,50194,10
13.0094900131,80.2277069092,50194,50204,10
13.0094804764,80.2276763916,50204,50214,10
13.0096302032,80.2273406982,50214,50224,10
13.0097198486,80.2271194458,50224,50234,10
13.0097999573,80.2269515991,50234,50244,10
13.0098800659,80.2267608643,50244,50284,40
13.0098800659,80.2267608643,50284,50295,11
13.0100803375,80.22631073,50295,50315,20
13.0100803375,80.22631073,50315,50325,10
13.0102596283,80.2259521484,50325,50335,10
13.0103902817,80.2256622314,50335,50345,10
13.0105400085,80.2253036499,50345,50355,10
13.0106801987,80.2249832153,50355,50365,10
13.0107803345,80.2246932983,50365,50375,10
13.0108995438,80.2243499756,50375,50385,10
13.011059761,80.2239227295,50385,50395,10
13.0111503601,80.2236480713,50395,50406,11
13.0113201141,80.2232818604,50406,50416,10
13.0109596252,80.2229995728,50416,50426,10
13.010310173,80.2226791382,50426,50436,10
13.0095901489,80.2222900391,50436,50446,10
13.0087795258,80.221862793,50446,50456,10
13.0078401566,80.2213668823,50456,50466,10
13.0068702698,80.2208404541,50466,50476,10
13.005900383,80.2205200195,50476,50486,10
13.0049695969,80.2203216553,50486,50496,10
13.003950119,80.2201080322,50496,50506,10
13.0029497147,80.219833374,50506,50517,11
13.0020599365,80.2191314697,50517,50527,10
13.0013904572,80.21849823,50527,50537,10
13.0009899139,80.2182006836,50537,50547,10
13.0007896423,80.2180786133,50547,50557,10
13.0002803802,80.2177581787,50557,50567,10
12.999540329,80.217300415,50567,50577,10
12.9987297058,80.2169036865,50577,50587,10
12.9978504181,80.2165985107,50587,50597,10
12.9975299835,80.2165527344,50597,50607,10
12.9973297119,80.2165222168,50607,50617,10
12.9968900681,80.2165527344,50617,50628,11
12.9962396622,80.2166519165,50628,50638,10
12.9952497482,80.2169418335,50638,50658,20
12.9949703217,80.2171173096,50658,50668,10
12.9949703217,80.2171173096,50668,50678,10
12.994799614,80.2172317505,50678,50688,10
12.994389534,80.2175369263,50688,50698,10
12.9939002991,80.2179336548,50698,50708,10
12.9932498932,80.2183380127,50708,50718,10
12.9926996231,80.21875,50718,50728,10
12.9919700623,80.2193222046,50728,50739,11
12.9914398193,80.2195968628,50739,50749,10
12.990819931,80.2193832397,50749,50759,10
12.9899702072,80.2190933228,50759,50769,10
12.9890003204,80.2187194824,50769,50779,10
12.9880399704,80.2184371948,50779,50789,10
12.9872903824,80.2183227539,50789,50799,10
12.9863996506,80.2181015015,50799,50809,10
12.9853601456,80.2179031372,50809,50819,10
12.984290123,80.2179489136,50819,50829,10
12.9831800461,80.2179412842,50829,50839,10
12.9821596146,80.217956543,50839,50850,11
12.980919838,80.2181930542,50850,50860,10
12.9799900055,80.2185287476,50860,50870,10
12.9791002274,80.2189025879,50870,50880,10
12.9784803391,80.2191925049,50880,50890,10
12.977689743,80.2194900513,50890,50900,10
12.9767799377,80.2198486328,50900,50910,10
12.9758396149,80.2202835083,50910,50920,10
12.9754800797,80.2206192017,50920,50930,10
12.9755296707,80.2208328247,50930,50940,10
12.9758396149,80.221031189,50940,51132,192
12.9758396149,80.221031189,51132,51142,10
12.9761600494,80.2212982178,51142,51152,10
12.9763698578,80.2212677002,51152,51161,9
12.9766998291,80.2212600708,51161,51173,12
12.9772195816,80.2212905884,51173,51183,10
12.9775800705,80.2212295532,51183,51193,10
12.9778900146,80.2212295532,51193,51203,10
12.9781703949,80.2212295532,51203,51213,10
12.9785499573,80.2211685181,51213,51223,10
12.9790201187,80.2211303711,51223,51233,10
12.9793796539,80.2211074829,51233,51243,10
12.9797000885,80.2210922241,51243,51253,10
12.979929924,80.2210693359,51253,51263,10
12.9802503586,80.2210693359,51263,51273,10
12.9807500839,80.221031189,51273,51282,9
12.9813404083,80.2211532593,51282,51294,12
12.9819602966,80.2215423584,51294,51304,10
12.9823598862,80.2217712402,51304,51314,10
12.9826602936,80.221862793,51314,51324,10
12.9829397202,80.2219772339,51324,51334,10
12.9831495285,80.2221221924,51334,51344,10
12.9831895828,80.2221298218,51344,51354,10
12.9834699631,80.2222900391,51354,51364,10
12.9834899902,80.2223129272,51364,51374,10
12.9837999344,80.2225112915,51374,51384,10
12.9841604233,80.2227172852,51384,51394,10
12.9845600128,80.2230377197,51394,51405,11
12.9851198196,80.2232208252,51405,51415,10
12.9854898453,80.2231216431,51415,51425,10
12.9860095978,80.2229537964,51425,51435,10
12.9865198135,80.2229995728,51435,51445,10
12.9866104126,80.2230072021,51445,51455,10
12.9867296219,80.2230072021,51455,51465,10
12.9869298935,80.2230224609,51465,51475,10
12.9872303009,80.2230377197,51475,51485,10
12.9877099991,80.2230072021,51485,51495,10
12.988240242,80.2226715088,51495,51505,10
12.9886798859,80.2222671509,51505,51516,11
12.9890699387,80.2218017578,51516,51526,10
12.9894695282,80.2212905884,51526,51536,10
12.9900398254,80.2206726074,51536,51546,10
12.9906396866,80.2202072144,51546,51556,10
12.9910497665,80.2198562622,51556,51566,10
12.9914703369,80.2195510864,51566,51576,10
12.9920797348,80.2191619873,51576,51586,10
12.9926204681,80.2187423706,51586,51596,10
12.9933996201,80.2181472778,51596,51606,10
12.9940299988,80.2176971436,51606,51616,10
12.9945001602,80.2173614502,51616,51627,11
12.995059967,80.2169570923,51627,51637,10
12.9956998825,80.2166824341,51637,51647,10
12.996430397,80.216583252,51647,51657,10
12.9970502853,80.2164764404,51657,51667,10
12.9972696304,80.2163085938,51667,51677,10
12.9976596832,80.2159500122,51677,51687,10
12.9982004166,80.215461731,51687,51697,10
12.9988203049,80.2149505615,51697,51707,10
12.9991798401,80.2146606445,51707,51717,10
12.9995298386,80.2143630981,51717,51728,11
12.9999599457,80.2139816284,51728,51738,10
13.0004501343,80.2135467529,51738,51748,10
13.00096035,80.2130889893,51748,51758,10
13.00137043,80.2127914429,51758,51768,10
13.0017204285,80.2125167847,51768,51778,10
13.001999855,80.2123565674,51778,51788,10
13.0024003983,80.2121276855,51788,51798,10
13.0026197433,80.2120819092,51798,51808,10
13.0028495789,80.2120437622,51808,51849,41
13.0028495789,80.2120437622,51849,51859,10
13.0032396317,80.212059021,51859,51869,10
13.0034503937,80.2120437622,51869,51879,10
13.0036096573,80.2119598389,51879,51889,10
13.0036697388,80.2117004395,51889,51919,30
13.0036697388,80.2117004395,51919,51929,10
13.0037097931,80.21144104,51929,51939,10
13.0036802292,80.2110595703,51939,51950,11
13.0036001205,80.2103729248,51950,51960,10
13.0035200119,80.2096710205,51960,51970,10
13.0036497116,80.2089614868,51970,51980,10
13.0040998459,80.2086715698,51980,51990,10
13.0048303604,80.2089920044,51990,52000,10
13.0056600571,80.2093505859,52000,52010,10
13.006310463,80.2095489502,52010,52020,10
13.0069198608,80.2097167969,52020,52030,10
13.0074996948,80.2098083496,52030,52040,10
13.0080299377,80.2099227905,52040,52050,10
13.0081501007,80.2098007202,52050,52061,11
13.0080604553,80.209312439,52061,52071,10
13.0079603195,80.2086715698,52071,52081,10
13.0078296661,80.2078933716,52081,52091,10
13.0077104568,80.2071380615,52091,52101,10
13.007610321,80.2064437866,52101,52111,10
13.0074396133,80.2057418823,52111,52120,9
13.0071897507,80.205039978,52120,52132,12
13.0068302155,80.2042694092,52132,52142,10
13.0064096451,80.2035903931,52142,52152,10
13.0059604645,80.2029571533,52152,52162,10
13.0056600571,80.2024307251,52162,52173,11
13.0052900314,80.2018280029,52173,52183,10
13.004650116,80.2013168335,52183,52193,10
13.0038099289,80.2009887695,52193,52203,10
13.0028600693,80.2007293701,52203,52213,10
13.0020198822,80.2002105713,52213,52223,10
13.0016803741,80.1993331909,52223,52233,10
13.001830101,80.1984024048,52233,52243,10
13.0019397736,80.1974334717,52243,52253,10
13.0018596649,80.1969223022,52253,52263,10
13.0017795563,80.1967391968,52263,52273,10
13.0016202927,80.1964492798,52273,52284,11
13.001449585,80.1962280273,52284,52294,10
13.0012102127,80.195930481,52294,52304,10
13.0008401871,80.1954269409,52304,52314,10
13.0004701614,80.1949691772,52314,52334,20
13.0004701614,80.1949691772,52334,52344,10
13.0001802444,80.1946182251,52344,52354,10
12.9999704361,80.1942977905,52354,52384,30
12.9999704361,80.1942977905,52384,52395,11
12.9997301102,80.1940078735,52395,52405,10
12.9995803833,80.1937866211,52405,52425,20
12.9993600845,80.1935119629,52425,52455,30
12.9993600845,80.1935119629,52455,52465,10
12.9992103577,80.1933517456,52465,52475,10
12.9990501404,80.1931304932,52475,52485,10
12.9987897873,80.1927871704,52485,52495,10
12.9985599518,80.192489624,52495,52506,11
12.9983901978,80.1922912598,52506,52516,10
12.9981403351,80.1923675537,52516,52526,10
12.9977903366,80.1926803589,52526,52536,10
12.9973897934,80.1930084229,52536,52546,10
12.997010231,80.1932678223,52546,52556,10
12.996720314,80.193359375,52556,52596,40
12.996720314,80.193359375,52596,52606,10
12.9967803955,80.1930236816,52606,52617,11
12.9966497421,80.1925201416,52617,52627,10
12.9964599609,80.1918411255,52627,52637,10
12.9963998795,80.1914291382,52637,52647,10
12.996430397,80.1913986206,52647,52657,10
12.9967298508,80.19090271,52657,52960,303
12.9967298508,80.19090271,52960,52970,10
12.9968996048,80.1911773682,52970,53363,393
12.9968996048,80.1911773682,53363,53373,10
12.9967298508,80.1909332275,53373,53434,61
12.9967298508,80.1909332275,53434,53444,10
12.997010231,80.1907806396,53444,53454,10
12.997130394,80.1911315918,53454,53464,10
12.9973297119,80.1914291382,53464,53474,10
12.997420311,80.1917114258,53474,53484,10
12.9971399307,80.1917037964,53484,53494,10
12.9969797134,80.19140625,53494,53504,10
12.9966402054,80.1912384033,53504,53555,51
12.9966402054,80.1912384033,53555,53565,10
12.9963102341,80.1912765503,53565,53575,10
12.9961795807,80.1908569336,53575,53585,10
12.9960403442,80.1903381348,53585,53595,10
12.9959497452,80.1899719238,53595,53605,10
12.995929718,80.1898498535,53605,53615,10
12.9959001541,80.1896362305,53615,53626,11
12.9960403442,80.1893081665,53626,53636,10
12.9963598251,80.1895904541,53636,53646,10
12.9967699051,80.1900405884,53646,53656,10
12.9972000122,80.1905593872,53656,53666,10
12.9976196289,80.191078186,53666,53676,10
12.9980602264,80.1915969849,53676,53686,10
12.9985303879,80.1921463013,53686,53696,10
12.9988498688,80.1925811768,53696,53706,10
12.9992303848,80.1930236816,53706,53716,10
12.9996004105,80.1935119629,53716,53726,10
13.0000200272,80.1940536499,53726,53737,11
13.000579834,80.1947174072,53737,53747,10
13.0010700226,80.195350647,53747,53757,10
13.0015001297,80.1958999634,53757,53767,10
13.0019598007,80.1965408325,53767,53777,10
13.002120018,80.1971282959,53777,53787,10
13.0020399094,80.197883606,53787,53797,10
13.0018701553,80.1987075806,53797,53807,10
13.0017900467,80.1994018555,53807,53817,10
13.0019798279,80.2000427246,53817,53827,10
13.0024995804,80.2005081177,53827,53837,10
13.0035400391,80.2007904053,53837,53868,31
13.0035400391,80.2007904053,53868,53878,10
13.0038204193,80.2009429932,53878,53888,10
13.0042295456,80.2010726929,53888,53898,10
13.00481987,80.2012710571,53898,53908,10
13.0053796768,80.2016830444,53908,53918,10
13.0058202744,80.2023086548,53918,53928,10
13.0062303543,80.2029876709,53928,53938,10
13.006770134,80.203453064,53938,53948,10
13.0074596405,80.2037277222,53948,53959,11
13.0083198547,80.2037506104,53959,53969,10
13.0091695786,80.2036819458,53969,53979,10
13.0100097656,80.2036437988,53979,53989,10
13.0108995438,80.2036819458,53989,53999,10
13.0117998123,80.2037887573,53999,54009,10
13.0126199722,80.2039337158,54009,54019,10
13.0132198334,80.2041702271,54019,54029,10
13.0136804581,80.2042388916,54029,54039,10
13.0142498016,80.204460144,54039,54048,9
13.0148801804,80.2046432495,54048,54059,11
13.015709877,80.2049789429,54059,54070,11
13.0163097382,80.2053527832,54070,54080,10
13.0168504715,80.2056121826,54080,54090,10
13.0177202225,80.2056884766,54090,54100,10
13.0184297562,80.2059783936,54100,54110,10
13.0185604095,80.2059936523,54110,54120,10
13.0187997818,80.2060699463,54120,54130,10
13.0193595886,80.2062301636,54130,54140,10
13.020070076,80.2063217163,54140,54150,10
13.0209598541,80.2063293457,54150,54160,10
13.0215997696,80.2063369751,54160,54171,11
13.022600174,80.2064285278,54171,54181,10
13.0234003067,80.2065963745,54181,54191,10
13.0240402222,80.2066802979,54191,54201,10
13.0241603851,80.2066726685,54201,54211,10
13.0245895386,80.2067337036,54211,54221,10
13.0253400803,80.2069396973,54221,54231,10
13.0261697769,80.207321167,54231,54241,10
13.0269899368,80.2078323364,54241,54251,10
13.0277395248,80.2082901001,54251,54261,10
13.0285596848,80.2085876465,54261,54270,9
13.0293598175,80.2087783813,54270,54281,11
13.0298204422,80.2089767456,54281,54292,11
13.0298595428,80.2089691162,54292,54302,10
13.0299901962,80.2089614868,54302,54312,10
13.0301904678,80.2090606689,54312,54322,10
13.0306797028,80.2091903687,54322,54332,10
13.0313596725,80.2094192505,54332,54342,10
13.0320701599,80.209602356,54342,54352,10
13.0328197479,80.2096862793,54352,54362,10
13.0335197449,80.2098464966,54362,54372,10
13.0342502594,80.2099990845,54372,54381,9
13.0348100662,80.2101135254,54381,54392,11
13.0349502563,80.2104568481,54392,54403,11
13.0349197388,80.2109375,54403,54413,10
13.0349302292,80.2112121582,54413,54423,10
13.034910202,80.2113189697,54423,54433,10
13.0348997116,80.2115402222,54433,54443,10
13.0348796844,80.2117462158,54443,54453,10
13.0348796844,80.2120437622,54453,54463,10
13.0351600647,80.2122268677,54463,54473,10
13.0356502533,80.2122497559,54473,54483,10
13.036190033,80.212272644,54483,54493,10
13.0366601944,80.2122573853,54493,54503,10
13.0370998383,80.2122421265,54503,54514,11
13.0376396179,80.2121963501,54514,54524,10
13.0383796692,80.2121963501,54524,54534,10
13.0392503738,80.2122268677,54534,54544,10
13.0400695801,80.2122573853,54544,54554,10
13.0406398773,80.2122879028,54554,54564,10
13.0409297943,80.212272644,54564,54574,10
13.0411300659,80.2122268677,54574,54584,10
13.0412302017,80.2121200562,54584,54594,10
13.0417098999,80.2120513916,54594,54603,9
13.0422201157,80.2120437622,54603,54614,11
13.0432901382,80.2120437622,54614,54625,11
13.0444297791,80.2120437622,54625,54635,10
13.045630455,80.2120513916,54635,54645,10
13.0466899872,80.2120132446,54645,54655,10
13.0472803116,80.2119293213,54655,54665,10
13.0479402542,80.2119369507,54665,54675,10
13.0483198166,80.2119598389,54675,54685,10
13.048620224,80.2119827271,54685,54695,10
13.0494499207,80.2119369507,54695,54726,31
13.0494499207,80.2119369507,54726,54736,10
13.0496301651,80.2119827271,54736,54746,10
13.0498800278,80.2119522095,54746,54756,10
13.0502004623,80.2119522095,54756,54766,10
13.0505199432,80.2119903564,54766,54776,10
13.0509004593,80.2120132446,54776,54786,10
13.0516004562,80.2119979858,54786,54796,10
13.0525197983,80.2118682861,54796,54806,10
13.0534496307,80.2117004395,54806,54816,10
13.0542697906,80.211517334,54816,54826,10
13.0546598434,80.211479187,54826,54837,11
13.0555200577,80.21144104,54837,54847,10
13.0567398071,80.2114715576,54847,54857,10
13.0574703217,80.21144104,54857,54867,10
13.0581502914,80.2114334106,54867,54877,10
13.058719635,80.21144104,54877,54887,10
13.0592498779,80.2115020752,54887,54897,10
13.0599002838,80.2115478516,54897,54907,10
13.0607595444,80.2115631104,54907,54917,10
13.0615100861,80.2117233276,54917,54927,10
13.0622196198,80.2114868164,54927,54937,10
13.0629997253,80.2115402222,54937,54948,11
13.0632200241,80.2115402222,54948,54958,10
13.0635700226,80.211517334,54958,54968,10
13.0641698837,80.2114715576,54968,54978,10
13.0649795532,80.2111663818,54978,54988,10
13.0656795502,80.2106018066,54988,54998,10
13.0664596558,80.2099761963,54998,55008,10
13.0670900345,80.2093505859,55008,55018,10
13.0674695969,80.2086791992,55018,55028,10
13.0677204132,80.2082290649,55028,55038,10
13.0680999756,80.2075881958,55038,55048,10
13.0686502457,80.2067489624,55048,55059,11
13.0691995621,80.2058486938,55059,55069,10
13.0696601868,80.2050170898,55069,55089,20
13.0696601868,80.2050170898,55089,55099,10
13.0695800781,80.2048492432,55099,55109,10
13.0692100525,80.2049102783,55109,55119,10
13.0689601898,80.205291748,55119,55129,10
13.0687303543,80.2051696777,55129,55190,61
13.0688800812,80.2048110962,55190,55230,40
13.0688800812,80.2048110962,55230,55240,10
13.0689496994,80.2047195435,55240,55250,10
13.0691404343,80.2046890259,55250,55260,10
13.0693902969,80.2047424316,55260,55269,9
13.0695695877,80.2047729492,55269,55281,12
13.0698099136,80.2048110962,55281,55291,10
13.0700101852,80.2046279907,55291,55301,10
13.0703697205,80.2041778564,55301,55311,10
13.0709199905,80.2035217285,55311,55321,10
13.0714502335,80.2029037476,55321,55331,10
13.0717601776,80.2025375366,55331,55361,30
13.0717601776,80.2025375366,55361,55371,10
13.0719404221,80.202583313,55371,55380,9
13.0720396042,80.2023162842,55380,55392,12
13.0722303391,80.202041626,55392,55402,10
13.0724401474,80.2018127441,55402,55412,10
13.0727796555,80.2013778687,55412,55422,10
13.0731496811,80.200958252,55422,55432,10
13.0735702515,80.2004699707,55432,55442,10
13.0739097595,80.2000732422,55442,55452,10
13.0740699768,80.199836731,55452,55462,10
13.0742301941,80.1996994019,55462,55472,10
13.0743198395,80.1995925903,55472,55482,10
13.0744400024,80.1994476318,55482,55492,10
13.0748195648,80.19921875,55492,55503,11
13.0753898621,80.1990585327,55503,55513,10
13.0760602951,80.1990585327,55513,55523,10
13.0768899918,80.1990127563,55523,55533,10
13.077870369,80.198890686,55533,55543,10
13.0787696838,80.1987762451,55543,55553,10
13.0795602798,80.1986923218,55553,55563,10
13.0802202225,80.198638916,55563,55573,10
13.0810203552,80.1985702515,55573,55583,10
13.0816698074,80.1985626221,55583,55593,10
13.0823802948,80.1984863281,55593,55603,10
13.0829200745,80.1985015869,55603,55614,11
13.0834598541,80.1984634399,55614,55624,10
13.0840101242,80.1984481812,55624,55634,10
13.0844497681,80.1984481812,55634,55644,10
13.0849199295,80.1984634399,55644,55654,10
13.0851602554,80.1984405518,55654,55664,10
13.0854301453,80.1984176636,55664,55674,10
13.0858898163,80.198387146,55674,55684,10
13.0864095688,80.1984024048,55684,55694,10
13.0867204666,80.1984100342,55694,55704,10
13.0870304108,80.1983795166,55704,55713,9
13.0871095657,80.1983032227,55713,55725,12
13.0871400833,80.1980667114,55725,55735,10
13.0871896744,80.1976089478,55735,55745,10
13.087220192,80.1968612671,55745,55755,10
13.0872402191,80.1959609985,55755,55765,10
13.0872602463,80.1952667236,55765,55775,10
13.087269783,80.1945037842,55775,55785,10
13.0872802734,80.1936416626,55785,55795,10
13.0872602463,80.1932067871,55795,55805,10
13.087269783,80.1929397583,55805,55815,10
13.0873298645,80.1925125122,55815,55825,10
13.087389946,80.1919021606,55825,55836,11
13.0874996185,80.1911621094,55836,55846,10
13.0875997543,80.1903686523,55846,55856,10
13.0876903534,80.1897201538,55856,55866,10
13.0877103806,80.1893386841,55866,55876,10
13.0877103806,80.1892776489,55876,55886,10
13.0877399445,80.1891708374,55886,55896,10
13.0877895355,80.1887283325,55896,55906,10
13.0878095627,80.1883926392,55906,55916,10
13.0878400803,80.1877822876,55916,55926,10
13.0878696442,80.1870193481,55926,55936,10
13.0878896713,80.1862411499,55936,55947,11
13.0879297256,80.1856231689,55947,55957,10
13.08796978,80.1850509644,55957,55967,10
13.0879802704,80.1846694946,55967,55977,10
13.0879898071,80.1839599609,55977,55987,10
13.0880298615,80.1831436157,55987,55997,10
13.0880498886,80.1824417114,55997,56007,10
13.0881004333,80.181678772,56007,56017,10
13.0881204605,80.180809021,56017,56027,10
13.088139534,80.1800765991,56027,56037,10
13.088139534,80.1795578003,56037,56047,10
13.088139534,80.1791763306,56047,56058,11
13.0881500244,80.1789016724,56058,56068,10
13.0881795883,80.1783905029,56068,56078,10
13.0882101059,80.1777267456,56078,56088,10
13.0882101059,80.1770172119,56088,56098,10
13.088259697,80.1761932373,56098,56108,10
13.0883197784,80.1753387451,56108,56118,10
13.0883598328,80.1748275757,56118,56128,10
13.0883998871,80.174331665,56128,56138,10
13.0884599686,80.1737365723,56138,56148,10
13.0884799957,80.1731414795,56148,56158,10
13.0885000229,80.1725616455,56158,56169,11
13.0885095596,80.1720199585,56169,56179,10
13.08852005,80.1717987061,56179,56189,10
13.0885696411,80.171333313,56189,56199,10
13.0886201859,80.1708526611,56199,56209,10
13.0886497498,80.1703796387,56209,56290,81
13.0886497498,80.1703796387,56290,56300,10
13.0886697769,80.1699676514,56300,56310,10
13.0888204575,80.1694869995,56310,56320,10
13.0892801285,80.1695175171,56320,56330,10
13.0900497437,80.1695785522,56330,56340,10
13.0908899307,80.1696090698,56340,56350,10
13.0914402008,80.1696395874,56350,56360,10
13.0919303894,80.1696777344,56360,56370,10
13.0926799774,80.1697387695,56370,56380,10
13.0933504105,80.1697769165,56380,56391,11
13.0940599442,80.1697998047,56391,56401,10
13.0945396423,80.1697998047,56401,56411,10
13.0948495865,80.1697998047,56411,56421,10
13.0952100754,80.1698303223,56421,56431,10
13.095870018,80.169883728,56431,56441,10
13.0966300964,80.1699371338,56441,56451,10
13.0972900391,80.1699905396,56451,56461,10
13.0979003906,80.1700515747,56461,56471,10
13.0985202789,80.1700973511,56471,56481,10
13.0991001129,80.1701431274,56481,56491,10
13.0994501114,80.1700820923,56491,56502,11
13.0996799469,80.1699066162,56502,56512,10
13.0996599197,80.1697311401,56512,56522,10
13.0994796753,80.169921875,56522,56572,50
13.0993795395,80.1701812744,56572,57379,807
13.0993795395,80.1701812744,57379,57388,9
13.0993499756,80.1702575684,57388,57400,12
13.0993404388,80.1702575684,57400,57410,10
13.0988903046,80.1702270508,57410,57420,10
13.0983104706,80.1701812744,57420,57430,10
13.0976696014,80.1701431274,57430,57440,10
13.0968799591,80.1700897217,57440,57450,10
13.0961198807,80.1700286865,57450,57460,10
13.095410347,80.1699905396,57460,57470,10
13.0948095322,80.1699523926,57470,57480,10
13.0945196152,80.1698989868,57480,57490,10
13.0942201614,80.1698989868,57490,57500,10
13.0936603546,80.1698608398,57500,57511,11
13.0929899216,80.1698226929,57511,57521,10
13.0921602249,80.1697769165,57521,57531,10
13.0912904739,80.1697387695,57531,57541,10
13.0904598236,80.169670105,57541,57551,10
13.0895996094,80.1696166992,57551,57561,10
13.0889101028,80.1696014404,57561,57581,20
13.0889101028,80.1696014404,57581,57591,10
13.0886898041,80.1697387695,57591,57601,10
13.0886802673,80.1700363159,57601,57611,10
13.088640213,80.1705780029,57611,57622,11
13.088640213,80.171333313,57622,57632,10
13.0885896683,80.1718826294,57632,57642,10
13.088549614,80.1721572876,57642,57652,10
13.0885095596,80.1727905273,57652,57662,10
13.0884504318,80.1733932495,57662,57672,10
13.0884199142,80.1740875244,57672,57682,10
13.0883903503,80.1746292114,57682,57692,10
13.0883703232,80.1750488281,57692,57702,10
13.0883197784,80.1757736206,57702,57712,10
13.0882902145,80.1765899658,57712,57723,11
13.0882501602,80.177192688,57723,57733,10
13.0882301331,80.1778564453,57733,57743,10
13.0882501602,80.1783828735,57743,57753,10
13.0882396698,80.1784973145,57753,57763,10
13.0882196426,80.1787490845,57763,57773,10
13.0882196426,80.1792984009,57773,57783,10
13.0881996155,80.179977417,57783,57793,10
13.0881700516,80.180847168,57793,57803,10
13.0881004333,80.1821289063,57803,57813,10
13.0881004333,80.1821289063,57813,57823,10
13.0880804062,80.1824569702,57823,57833,10
13.088060379,80.1831665039,57833,57845,12
13.0879497528,80.1849212646,57845,57855,10
13.0879497528,80.1849212646,57855,57866,11
13.0879402161,80.1856384277,57866,57876,10
13.0879497528,80.1863937378,57876,57885,9
13.0879096985,80.1871566772,57885,57896,11
13.0879001617,80.1879577637,57896,57906,10
13.0878696442,80.1887664795,57906,57916,10
13.0878095627,80.1898498535,57916,57935,19
13.0878095627,80.1898498535,57935,57947,12
13.0876903534,80.1903381348,57947,57957,10
13.0875597,80.1911621094,57957,57967,10
13.0874500275,80.1921920776,57967,57987,20
13.0874500275,80.1921920776,57987,57997,10
13.0874099731,80.1924819946,57997,58007,10
13.0874004364,80.192489624,58007,58017,10
13.0873804092,80.1926498413,58017,58027,10
13.0873298645,80.1931228638,58027,58037,10
13.0873098373,80.1938781738,58037,58047,10
13.0872802734,80.1948165894,58047,58058,11
13.0872602463,80.1957092285,58058,58068,10
13.0872297287,80.1966323853,58068,58078,10
13.0872097015,80.1974487305,58078,58088,10
13.0872602463,80.1981124878,58088,58098,10
13.0874099731,80.1984024048,58098,58108,10
13.0878000259,80.1984634399,58108,58118,10
13.0885095596,80.1985015869,58118,58128,10
13.0892000198,80.1984786987,58128,58138,10
13.0899400711,80.1985015869,58138,58148,10
13.0907096863,80.1985702515,58148,58157,9
13.0913095474,80.1986465454,58157,58169,12
13.0922298431,80.1986999512,58169,58179,10
13.0929298401,80.1986999512,58179,58189,10
13.0930204391,80.1988983154,58189,58199,10
13.0929603577,80.1993789673,58199,58209,10
13.0929203033,80.2000579834,58209,58219,10
13.0929098129,80.2005386353,58219,58229,10
13.092590332,80.2005996704,58229,58239,10
13.0919303894,80.200592041,58239,58249,10
13.0910596848,80.2005767822,58249,58259,10
13.0901203156,80.2005996704,58259,58269,10
13.0892696381,80.2005996704,58269,58280,11
13.0883903503,80.200592041,58280,58290,10
13.0874595642,80.2005233765,58290,58300,10
13.0868597031,80.2004699707,58300,58310,10
13.0862503052,80.2004394531,58310,58320,10
13.0856103897,80.2003936768,58320,58330,10
13.0853900909,80.2003631592,58330,58340,10
13.0853204727,80.200050354,58340,58350,10
13.0853204727,80.1994781494,58350,58360,10
13.0853004456,80.1988220215,58360,58370,10
13.0848903656,80.1986999512,58370,58380,10
13.0843801498,80.1987228394,58380,58391,11
13.0843000412,80.1987228394,58391,58401,10
13.083990097,80.198677063,58401,58411,10
13.0834197998,80.1986923218,58411,58421,10
13.0827999115,80.1986465454,58421,58431,10
13.0821695328,80.1986618042,58431,58441,10
13.0815696716,80.1986694336,58441,58451,10
13.0808696747,80.198677063,58451,58461,10
13.0801401138,80.1987380981,58461,58471,10
13.07929039,80.1988296509,58471,58481,10
13.0783996582,80.1989135742,58481,58490,9
13.0776100159,80.1990127563,58490,58502,12
13.0765695572,80.1991271973,58502,58512,10
13.0756597519,80.1992416382,58512,58522,10
13.0747699738,80.1995315552,58522,58532,10
13.0740499496,80.2000579834,58532,58542,10
13.0736904144,80.2005310059,58542,58552,10
13.0736198425,80.2006378174,58552,58562,10
13.073340416,80.2009811401,58562,58572,10
13.0728502274,80.2015609741,58572,58582,10
13.0723800659,80.2021102905,58582,58592,10
13.0718097687,80.2026824951,58592,58602,10
13.0711803436,80.2033920288,58602,58613,11
13.0704298019,80.2042770386,58613,58623,10
13.0700597763,80.2047805786,58623,58633,10
13.0698900223,80.2050628662,58633,58663,30
13.0698900223,80.2050628662,58663,58673,10
13.069729805,80.2050323486,58673,58683,10
13.0694303513,80.2048568726,58683,58693,10
13.0690402985,80.2052383423,58693,58703,10
13.0684604645,80.2054595947,58703,58712,9
13.0679702759,80.2053375244,58712,58744,32
13.0679702759,80.2053375244,58744,58754,10
13.0679597855,80.2052230835,58754,58774,20
13.0679597855,80.2052230835,58774,58784,10
13.0680198669,80.2049713135,58784,58794,10
13.0683603287,80.2049179077,58794,58804,10
13.0687198639,80.2048034668,58804,58814,10
13.0689496994,80.204750061,58814,58824,10
13.0691900253,80.2047424316,58824,58835,11
13.0697498322,80.2048873901,58835,58875,40
13.0697498322,80.2048873901,58875,58885,10
13.0698604584,80.2051620483,58885,58895,10
13.0695695877,80.2056121826,58895,58905,10
13.0691404343,80.2062835693,58905,58915,10
13.0686101913,80.2070999146,58915,58925,10
13.0681200027,80.2079086304,58925,58935,10
13.0677099228,80.2085876465,58935,58946,11
13.06731987,80.2092895508,58946,58956,10
13.0666904449,80.2100296021,58956,58966,10
13.0659303665,80.2106933594,58966,58976,10
13.0652999878,80.2112808228,58976,58986,10
13.0650701523,80.2114105225,58986,58996,10
13.0647001266,80.211517334,58996,59006,10
13.0640697479,80.2117233276,59006,59016,10
13.0636901855,80.2117385864,59016,59026,10
13.0631303787,80.2117614746,59026,59036,10
13.0624103546,80.211807251,59036,59046,10
13.0619802475,80.2117233276,59046,59057,11
13.0607995987,80.2117614746,59057,59067,10
13.0597696304,80.2117233276,59067,59077,10
13.0588502884,80.2116775513,59077,59087,10
13.0580797195,80.2116622925,59087,59097,10
13.05768013,80.2116622925,59097,59107,10
13.0574998856,80.2116394043,59107,59117,10
13.0569295883,80.2116317749,59117,59127,10
13.0560798645,80.2116012573,59127,59137,10
13.0551099777,80.2115783691,59137,59147,10
13.0543298721,80.2116088867,59147,59156,9
13.0535497665,80.2117919922,59156,59168,12
13.0524902344,80.2120895386,59168,59178,10
13.05189991,80.2122192383,59178,59188,10
13.0512399673,80.2122497559,59188,59198,10
13.0509796143,80.2122192383,59198,59208,10
13.0504598618,80.2121963501,59208,59218,10
13.0499095917,80.2121963501,59218,59228,10
13.0496797562,80.2122116089,59228,59238,10
13.0496101379,80.2121963501,59238,59248,10
13.0495300293,80.2121963501,59248,59258,10
13.0491895676,80.2121887207,59258,59268,10
13.0487203598,80.2122192383,59268,59279,11
13.0481004715,80.2122802734,59279,59289,10
13.047369957,80.212348938,59289,59299,10
13.0464696884,80.2123565674,59299,59309,10
13.0455799103,80.2124099731,59309,59319,10
13.0449695587,80.2124404907,59319,59349,30
13.0449695587,80.2124404907,59349,59359,10
13.0446395874,80.2124862671,59359,59369,10
13.0442495346,80.2124633789,59369,59379,10
13.0434999466,80.2124099731,59379,59390,11
13.0425901413,80.2123794556,59390,59400,10
13.0419797897,80.212387085,59400,59410,10
13.0411996841,80.212348938,59410,59420,10
13.0405902863,80.2124099731,59420,59430,10
13.0395898819,80.2124404907,59430,59440,10
13.0385704041,80.2124404907,59440,59450,10
13.0376596451,80.2124099731,59450,59460,10
13.0367603302,80.2123565674,59460,59470,10
13.0360403061,80.2123413086,59470,59480,10
13.0357904434,80.2123413086,59480,59489,9
13.0355596542,80.2123336792,59489,59501,12
13.0350799561,80.2123031616,59501,59511,10
13.0348596573,80.212272644,59511,59521,10
13.0347204208,80.2122573853,59521,59531,10
13.0343599319,80.2121734619,59531,59551,20
13.0343599319,80.2121734619,59551,59561,10
13.0342998505,80.2121810913,59561,59571,10
13.0340900421,80.2121429443,59571,59581,10
13.0337400436,80.2120819092,59581,59591,10
13.033249855,80.2119598389,59591,59601,10
13.0326299667,80.2118606567,59601,59612,11
13.0319900513,80.2117004395,59612,59622,10
13.0320196152,80.2111434937,59622,59632,10
13.0320901871,80.2104415894,59632,59642,10
13.032119751,80.2097473145,59642,59652,10
13.0315999985,80.2095489502,59652,59662,10
13.0309495926,80.2093582153,59662,59672,10
13.0303201675,80.209197998,59672,59682,10
13.02987957,80.2090835571,59682,59692,10
13.0297603607,80.2090377808,59692,59702,10
13.029589653,80.2089767456,59702,59712,10
13.0292196274,80.2088775635,59712,59723,11
13.028550148,80.2086791992,59723,59733,10
13.0278196335,80.208442688,59733,59743,10
13.0271396637,80.2080383301,59743,59753,10
13.02643013,80.2076034546,59753,59763,10
13.0257501602,80.2072219849,59763,59773,10
13.0250597,80.2070236206,59773,59783,10
13.0244398117,80.2069091797,59783,59793,10
13.0242099762,80.2068862915,59793,59803,10
13.0240497589,80.2068786621,59803,59813,10
13.0236997604,80.2067871094,59813,59824,11
13.0230503082,80.2066421509,59824,59834,10
13.022190094,80.2064819336,59834,59844,10
13.0214195251,80.2064666748,59844,59854,10
13.0204801559,80.2064819336,59854,59864,10
13.019109726,80.2063369751,59864,59904,40
13.019109726,80.2063369751,59904,59914,10
13.018699646,80.206161499,59914,59924,10
13.0180797577,80.2059631348,59924,59935,11
13.0178604126,80.205909729,59935,59945,10
13.0176496506,80.205871582,59945,59955,10
13.0172100067,80.2057037354,59955,59965,10
13.0165500641,80.2053527832,59965,59975,10
13.0159301758,80.2051467896,59975,59985,10
13.0153398514,80.2049789429,59985,59995,10
13.0149698257,80.2048568726,59995,60015,20
13.0149698257,80.2048568726,60015,60025,10
13.0146198273,80.2047424316,60025,60066,41
13.0146198273,80.2047424316,60066,60076,10
13.0143299103,80.2046279907,60076,60086,10
13.0141601563,80.204536438,60086,60126,40
13.0141601563,80.204536438,60126,60136,10
13.0138902664,80.2044525146,60136,60146,10
13.0136499405,80.2044219971,60146,60156,10
13.0135698318,80.2046966553,60156,60167,11
13.013420105,80.2051467896,60167,60177,10
13.0133199692,80.2055435181,60177,60187,10
13.0132598877,80.2057189941,60187,60197,10
13.0131702423,80.2060012817,60197,60207,10
13.0130901337,80.2063674927,60207,60217,10
13.0130596161,80.2068023682,60217,60227,10
13.0130195618,80.2073669434,60227,60237,10
13.0129499435,80.2078399658,60237,60247,10
13.012960434,80.2082977295,60247,60256,9
13.0129203796,80.2085800171,60256,60268,12
13.0129699707,80.2090835571,60268,60278,10
13.0131597519,80.2095794678,60278,60288,10
13.0132198334,80.2100372314,60288,60298,10
13.0131702423,80.2105865479,60298,60308,10
13.0128898621,80.2112884521,60308,60318,10
13.0125799179,80.2118530273,60318,60328,10
13.0122499466,80.2123718262,60328,60338,10
13.0120401382,80.2127075195,60338,60348,10
13.0118503571,80.2128601074,60348,60358,10
13.0115003586,80.212600708,60358,60368,10
13.0109300613,80.2121810913,60368,60379,11
13.0104598999,80.2118377686,60379,60389,10
13.0102300644,80.2116165161,60389,60399,10
13.0097398758,80.2112503052,60399,60439,40
13.009519577,80.2110900879,60439,60469,30
13.009519577,80.2110900879,60469,60479,10
13.0092401505,80.2112426758,60479,60490,11
13.0090398788,80.2115707397,60490,60500,10
13.0091400146,80.2119979858,60500,60510,10
13.0093402863,80.2125930786,60510,60520,10
13.0095796585,80.2132263184,60520,60528,8
13.0097999573,80.213760376,60528,60540,12
13.0101299286,80.2145690918,60540,60550,10
13.0102396011,80.2153625488,60550,60560,10
13.0104904175,80.2161712646,60560,60570,10
13.010840416,80.2169494629,60570,60580,10
13.0112400055,80.2177734375,60580,60590,10
13.0115098953,80.2185287476,60590,60601,11
13.011879921,80.2196578979,60601,60611,10
13.012169838,80.2206573486,60611,60621,10
13.0123500824,80.2213516235,60621,60631,10
13.0124702454,80.2216033936,60631,60641,10
13.0128698349,80.2221603394,60641,60651,10
13.0133695602,80.2227325439,60651,60661,10
13.0138502121,80.2233123779,60661,60671,10
13.0142202377,80.223777771,60671,60681,10
13.0145702362,80.2241287231,60681,60691,10
13.0150899887,80.2247619629,60691,60700,9
13.0154695511,80.2252807617,60700,60732,32
13.0154695511,80.2252807617,60732,60742,10
13.0154399872,80.2256088257,60742,60752,10
13.0151796341,80.2259216309,60752,60762,10
13.0150604248,80.2259597778,60762,60772,10
13.0149002075,80.2260131836,60772,60782,10
13.0144701004,80.2261810303,60782,60792,10
13.0138902664,80.2264099121,60792,60802,10
13.013130188,80.2266921997,60802,60811,9
13.0124502182,80.2269821167,60811,60823,12
13.011590004,80.2273178101,60823,60833,10
13.0108003616,80.2276382446,60833,60843,10
13.0100603104,80.2279281616,60843,60853,10
13.0095300674,80.2277832031,60853,60863,10
13.0096702576,80.2272796631,60863,60873,10
13.0099401474,80.2266616821,60873,60883,10
13.010219574,80.2259368896,60883,60893,10
13.010430336,80.2254180908,60893,60903,10
13.0106401443,80.2249908447,60903,60913,10
13.0108098984,80.2246398926,60913,60923,10
13.0109596252,80.2242431641,60923,60934,11
13.0111703873,80.2236785889,60934,60944,10
13.0112800598,80.2232437134,60944,60954,10
13.010890007,80.2229919434,60954,60964,10
13.0102596283,80.2226791382,60964,60974,10
13.0095996857,80.2222900391,60974,60984,10
13.0090799332,80.2220001221,60984,60994,10
13.0085000992,80.2216720581,60994,61004,10
13.0077800751,80.221321106,61004,61014,10
13.0071897507,80.2210083008,61014,61024,10
13.0066604614,80.2207489014,61024,61034,10
13.0060100555,80.2205581665,61034,61045,11
13.0051002502,80.2203674316,61045,61055,10
13.0042896271,80.2201385498,61055,61065,10
13.0035600662,80.2199401855,61065,61075,10
13.0030498505,80.2197875977,61075,61085,10
13.0023899078,80.2194137573,61085,61095,10
13.0018396378,80.2188568115,61095,61105,10
13.0012102127,80.2183380127,61105,61115,10
13.0006198883,80.217918396,61115,61125,10
12.9999704361,80.2175369263,61125,61135,10
12.9992704391,80.2171325684,61135,61145,10
12.9984397888,80.2167510986,61145,61156,11
12.9973897934,80.2165374756,61156,61176,20
12.9973897934,80.2165374756,61176,61186,10
12.9970598221,80.2165222168,61186,61196,10
12.9964799881,80.216583252,61196,61206,10
12.9958400726,80.2167434692,61206,61216,10
12.995349884,80.2169036865,61216,61226,10
12.9951295853,80.2170333862,61226,61236,10
12.9949102402,80.2172012329,61236,61246,10
12.994509697,80.2174987793,61246,61256,10
12.9941396713,80.2177734375,61256,61267,11
12.9937400818,80.2180709839,61267,61277,10
12.9932003021,80.2184371948,61277,61287,10
12.9925899506,80.2189178467,61287,61297,10
12.9918603897,80.2194213867,61297,61307,10
12.9914703369,80.2196578979,61307,61317,10
12.991109848,80.2195205688,61317,61327,10
12.9910697937,80.2194595337,61327,61337,10
12.990650177,80.2192764282,61337,61347,10
12.9899301529,80.2190475464,61347,61357,10
12.9892396927,80.2188110352,61357,61367,10
12.9884004593,80.2185211182,61367,61378,11
12.9876899719,80.218421936,61378,61388,10
12.9872398376,80.2183380127,61388,61398,10
12.9868898392,80.2182998657,61398,61408,10
12.9868402481,80.2182998657,61408,61418,10
12.9863996506,80.2181472778,61418,61428,10
12.9855899811,80.217956543,61428,61438,10
12.9847402573,80.2179489136,61438,61448,10
12.9840803146,80.217956543,61448,61458,10
12.9839601517,80.217956543,61458,61468,10
12.9838600159,80.2179794312,61468,61478,10
12.9834403992,80.2179794312,61478,61489,11
12.9826402664,80.217956543,61489,61499,10
12.9817399979,80.2179794312,61499,61509,10
12.9809703827,80.2181930542,61509,61519,10
12.9802398682,80.218460083,61519,61529,10
12.97976017,80.2186813354,61529,61539,10
12.979060173,80.2189407349,61539,61549,10
12.9786901474,80.2190933228,61549,61559,10
12.9781398773,80.2193069458,61559,61569,10
12.9773397446,80.2196502686,61569,61579,10
12.9766798019,80.2199707031,61579,61589,10
12.9763498306,80.2201309204,61589,61600,11
12.9762296677,80.2201919556,61600,61610,10
12.976099968,80.2202301025,61610,61620,10
12.9759597778,80.2202835083,61620,61630,10
12.9757604599,80.2203521729,61630,61640,10
12.9755897522,80.2205276489,61640,61751,111
12.9755897522,80.2205276489,61751,61761,10
12.9756202698,80.2208633423,61761,61771,10
12.9757699966,80.2209396362,61771,61781,10
12.9759998322,80.2210998535,61781,62346,565
12.9759998322,80.2210998535,62346,62356,10
12.9764995575,80.221321106,62356,62367,11
12.9768800735,80.221321106,62367,62377,10
12.9774103165,80.2213134766,62377,62387,10
12.9778795242,80.2212524414,62387,62397,10
12.9784698486,80.2212295532,62397,62407,10
12.9791498184,80.2211608887,62407,62417,10
12.9798498154,80.2210998535,62417,62427,10
12.9805603027,80.2210235596,62427,62437,10
12.9811897278,80.2210769653,62437,62447,10
12.9817304611,80.2214202881,62447,62457,10
12.982170105,80.2216720581,62457,62467,10
12.982919693,80.2219314575,62467,62488,21
12.982919693,80.2219314575,62488,62498,10
12.9832401276,80.2221221924,62498,62508,10
12.9835195541,80.222328186,62508,62528,20
12.9835195541,80.222328186,62528,62538,10
12.9838399887,80.2225418091,62538,62548,10
12.9841003418,80.2226791382,62548,62558,10
12.9843502045,80.2228469849,62558,62568,10
12.9847803116,80.2231216431,62568,62577,9
12.9852600098,80.2232894897,62577,62589,12
12.9856996536,80.2230606079,62589,62599,10
12.986579895,80.2229919434,62599,62649,50
12.9868402481,80.2230300903,62649,62689,40
12.9868402481,80.2230300903,62689,62700,11
12.9872999191,80.2230911255,62700,62710,10
12.9877004623,80.2230682373,62710,62720,10
12.9881601334,80.2227935791,62720,62730,10
12.9887199402,80.2222976685,62730,62740,10
12.9891195297,80.2217636108,62740,62750,10
12.9895601273,80.2211608887,62750,62760,10
12.9904899597,80.2203292847,62760,62780,20
12.9904899597,80.2203292847,62780,62790,10
12.9908504486,80.2200164795,62790,62799,9
12.9912500381,80.2197265625,62799,62811,12
12.9917097092,80.2194213867,62811,62821,10
12.9922399521,80.219039917,62821,62831,10
12.9928798676,80.2185287476,62831,62841,10
12.9936304092,80.2180480957,62841,62851,10
12.9941797256,80.217628479,62851,62861,10
12.9945497513,80.2173233032,62861,62871,10
12.9948101044,80.2171630859,62871,62881,10
12.9950304031,80.2170410156,62881,62891,10
12.9954595566,80.216796875,62891,62901,10
12.9960899353,80.2166137695,62901,62911,10
12.9968004227,80.2164993286,62911,62921,10
12.9973096848,80.2164230347,62921,62932,11
12.9975204468,80.2161483765,62932,62942,10
12.9975996017,80.2160797119,62942,62952,10
12.9978103638,80.2158737183,62952,62962,10
12.9983301163,80.2154312134,62962,62972,10
12.9988899231,80.2149429321,62972,62982,10
12.9992303848,80.2146835327,62982,62992,10
12.9996404648,80.2143173218,62992,63002,10
13.0000600815,80.2139511108,63002,63012,10
13.0005197525,80.2135620117,63012,63022,10
13.0008096695,80.2132720947,63022,63033,11
13.0012397766,80.2129592896,63033,63043,10
13.001449585,80.2127227783,63043,63053,10
13.001950264,80.212387085,63053,63063,10
13.0024995804,80.2121276855,63063,63073,10
13.0031700134,80.212059021,63073,63083,10
13.0036401749,80.2119293213,63083,63093,10
13.0036802292,80.2114868164,63093,63103,10
13.0036201477,80.2107925415,63103,63113,10
13.0035495758,80.2100219727,63113,63123,10
13.003569603,80.2093200684,63123,63132,9
13.0037202835,80.2087097168,63132,63144,12
13.0044803619,80.2088317871,63144,63154,10
13.0052404404,80.2091827393,63154,63164,10
13.0058097839,80.2094192505,63164,63174,10
13.0061502457,80.2095413208,63174,63184,10
13.0065202713,80.2096481323,63184,63194,10
13.0067996979,80.2097167969,63194,63204,10
13.0070695877,80.2097625732,63204,63244,40
13.0070695877,80.2097625732,63244,63255,11
13.0075302124,80.2098236084,63255,63265,10
13.0077695847,80.2098693848,63265,63275,10
13.0079898834,80.2099380493,63275,63285,10
13.0081300735,80.2099609375,63285,63295,10
13.0081501007,80.2096176147,63295,63305,10
13.0080404282,80.2090911865,63305,63315,10
13.0079097748,80.2083892822,63315,63325,10
13.007809639,80.2077026367,63325,63335,10
13.0076904297,80.207069397,63335,63345,10
13.0075798035,80.206413269,63345,63355,10
13.0075597763,80.205947876,63355,63366,11
13.0075702667,80.2057418823,63366,63376,10
13.0075597763,80.2053833008,63376,63386,10
13.0075597763,80.2048797607,63386,63396,10
13.0075502396,80.2043228149,63396,63406,10
13.0074501038,80.2036514282,63406,63416,10
13.0073003769,80.2029266357,63416,63426,10
13.0068902969,80.2025527954,63426,63436,10
13.0065202713,80.2029418945,63436,63446,10
13.0067996979,80.2033691406,63446,63455,9
13.0072202682,80.2035903931,63455,63467,12
13.0080099106,80.203742981,63467,63477,10
13.0088396072,80.2036972046,63477,63487,10
13.0097503662,80.2036437988,63487,63497,10
13.0105895996,80.20362854,63497,63507,10
13.0114603043,80.2037124634,63507,63517,10
13.012430191,80.2038803101,63517,63527,10
13.013250351,80.2040634155,63527,63537,10
13.0139102936,80.2042770386,63537,63547,10
13.0147304535,80.2045593262,63547,63557,10
13.0156002045,80.2048492432,63557,63566,9
13.0160903931,80.2051010132,63566,63578,12
13.0167198181,80.2050323486,63578,63588,10
13.017660141,80.2055282593,63588,63598,10
13.0185604095,80.205871582,63598,63618,20
13.0185604095,80.205871582,63618,63628,10
13.0186901093,80.2058868408,63628,63638,10
13.0190696716,80.2060394287,63638,63648,10
13.0197296143,80.2062072754,63648,63658,10
13.02064991,80.2062606812,63658,63668,10
13.0215501785,80.2062988281,63668,63678,10
13.0222301483,80.2063064575,63678,63689,11
13.0232496262,80.2065505981,63689,63699,10
13.0240697861,80.2066421509,63699,63709,10
13.0242996216,80.2066574097,63709,63719,10
13.0245704651,80.2067184448,63719,63729,10
13.0251197815,80.2068862915,63729,63739,10
13.0259504318,80.2072525024,63739,63749,10
13.0268201828,80.2077407837,63749,63759,10
13.0276098251,80.2082214355,63759,63769,10
13.0284204483,80.2085571289,63769,63779,10
13.0290603638,80.2087173462,63779,63789,10
13.0296096802,80.2089004517,63789,63800,11
13.0299396515,80.2089996338,63800,63810,10
13.0304498672,80.2091369629,63810,63820,10
13.0310697556,80.2092971802,63820,63830,10
13.0313796997,80.2093734741,63830,63840,10
13.0315704346,80.2093582153,63840,63850,10
13.0316495895,80.2093734741,63850,63860,10
13.0319099426,80.2094421387,63860,63870,10
13.0322303772,80.2095184326,63870,63880,10
13.0328998566,80.2096405029,63880,63890,10
13.0336198807,80.2098388672,63890,63900,10
13.0344400406,80.2100219727,63900,63911,11
13.0350399017,80.2102584839,63911,63921,10
13.0349702835,80.2108230591,63921,63931,10
13.0349798203,80.2113418579,63931,63951,20
13.0349798203,80.2113418579,63951,63961,10
13.0349397659,80.2116928101,63961,63971,10
13.034910202,80.2119216919,63971,63981,10
13.0350103378,80.2121887207,63981,63991,10
13.0354404449,80.2122497559,63991,64001,10
13.0360298157,80.212272644,64001,64010,9
13.0364398956,80.2122879028,64010,64022,12
13.0369701385,80.2123031616,64022,64032,10
13.0373497009,80.2123031616,64032,64042,10
13.0379695892,80.2123031616,64042,64052,10
13.0386800766,80.2122116089,64052,64062,10
13.0394601822,80.2122268677,64062,64072,10
13.0402898788,80.2122497559,64072,64082,10
13.0413198471,80.2122421265,64082,64092,10
13.0424499512,80.2122421265,64092,64102,10
13.0439100266,80.2122802734,64102,64173,71
13.0439100266,80.2122802734,64173,64183,10
13.0440702438,80.2122116089,64183,64193,10
13.044380188,80.2122192383,64193,64203,10
13.044670105,80.2122192383,64203,64213,10
13.0452098846,80.2122192383,64213,64223,10
13.0459403992,80.2122116089,64223,64233,10
13.0467996597,80.2122116089,64233,64244,11
13.0475797653,80.2121582031,64244,64254,10
13.0482702255,80.2120895386,64254,64264,10
13.0486097336,80.2120132446,64264,64274,10
13.0486803055,80.2119827271,64274,64284,10
13.0488996506,80.2119903564,64284,64294,10
13.0495100021,80.2119522095,64294,64304,10
13.0499296188,80.2118988037,64304,64314,10
13.0500898361,80.2118835449,64314,64324,10
13.0502500534,80.2118911743,64324,64334,10
13.0505199432,80.2119293213,64334,64344,10
13.0509796143,80.2119598389,64344,64355,11
13.0518798828,80.2119674683,64355,64365,10
13.0528001785,80.2118835449,64365,64375,10
13.0537204742,80.2116394043,64375,64385,10
13.054479599,80.2114715576,64385,64395,10
13.0553197861,80.2114715576,64395,64405,10
13.0562496185,80.211479187,64405,64415,10
13.0570297241,80.2114562988,64415,64425,10
13.0574598312,80.2114181519,64425,64435,10
13.0576400757,80.2113571167,64435,64445,10
13.0582103729,80.2113876343,64445,64455,10
13.058839798,80.21144104,64455,64466,11
13.0597200394,80.211517334,64466,64475,9
13.0606203079,80.2115478516,64475,64486,11
13.0616397858,80.2116165161,64486,64496,10
13.0624599457,80.2116699219,64496,64506,10
13.0631999969,80.2115783691,64506,64516,10
13.0634498596,80.2115097046,64516,64526,10
13.0635995865,80.2114562988,64526,64536,10
13.0640697479,80.2114181519,64536,64546,10
13.0647497177,80.2111968994,64546,64556,10
13.0655202866,80.2107162476,64556,64567,11
13.0663499832,80.2100830078,64567,64577,10
13.0669603348,80.2094726563,64577,64587,10
13.067199707,80.2089767456,64587,64597,10
13.0673103333,80.208770752,64597,64607,10
13.0675897598,80.2082824707,64607,64617,10
13.0680103302,80.2076187134,64617,64627,10
13.0684604645,80.2069702148,64627,64637,10
13.0689496994,80.2062606812,64637,64647,10
13.0692901611,80.2057418823,64647,64657,10
13.0694503784,80.2054672241,64657,64666,9
13.0696897507,80.205039978,64666,64678,12
13.0692996979,80.2048721313,64678,64688,10
13.068980217,80.2053070068,64688,64698,10
13.0687503815,80.2051696777,64698,64728,30
13.0687503815,80.2051696777,64728,64738,10
13.068810463,80.205039978,64738,64748,10
13.0689001083,80.2047805786,64748,64758,10
13.0692501068,80.2047576904,64758,64768,10
13.0694198608,80.2047805786,64768,64778,10
13.0695400238,80.2048110962,64778,64789,11
13.0698404312,80.2048492432,64789,64799,10
13.0701999664,80.2044906616,64799,64809,10
13.0707397461,80.2038421631,64809,64819,10
13.0713596344,80.2031173706,64819,64829,10
13.0720596313,80.2023391724,64829,64869,40
13.0720596313,80.2023391724,64869,64879,10
13.0721597672,80.2022171021,64879,64889,10
13.0723800659,80.2019424438,64889,64900,11
13.0727500916,80.201499939,64900,64910,10
13.0730104446,80.2011871338,64910,64920,10
13.0732097626,80.2009506226,64920,64930,10
13.0734796524,80.2006530762,64930,64940,10
13.0737895966,80.200302124,64940,64950,10
13.0744104385,80.1995315552,64950,64970,20
13.0744104385,80.1995315552,64970,64980,10
13.0745296478,80.1994781494,64980,64990,10
13.074839592,80.1992416382,64990,64999,9
13.0753898621,80.1990890503,64999,65011,12
13.076259613,80.1990585327,65011,65021,10
13.0769395828,80.1990203857,65021,65031,10
13.0776700974,80.1989364624,65031,65041,10
13.0784597397,80.1988372803,65041,65051,10
13.0792503357,80.1987304688,65051,65061,10
13.0799598694,80.1986999512,65061,65071,10
13.0807504654,80.1986236572,65071,65081,10
13.0814695358,80.1985778809,65081,65091,10
13.0821504593,80.1985397339,65091,65101,10
13.0828304291,80.1985092163,65101,65110,9
13.0831899643,80.1985092163,65110,65122,12
13.0836400986,80.1984786987,65122,65132,10
13.0840101242,80.1984710693,65132,65142,10
13.084400177,80.1984710693,65142,65152,10
13.0847196579,80.1984710693,65152,65162,10
13.0848398209,80.1984405518,65162,65172,10
13.0850896835,80.1984329224,65172,65182,10
13.0853996277,80.1984024048,65182,65192,10
13.0858402252,80.198387146,65192,65202,10
13.0864200592,80.1983795166,65202,65212,10
13.0866203308,80.1984024048,65212,65222,10
13.0868701935,80.1984176636,65222,65233,11
13.0870304108,80.1983566284,65233,65243,10
13.0870704651,80.1982727051,65243,65253,10
13.0870895386,80.1980895996,65253,65263,10
13.0871295929,80.1980514526,65263,65273,10
13.0871601105,80.1976699829,65273,65283,10
13.0871696472,80.1970901489,65283,65293,10
13.0871896744,80.1963195801,65293,65303,10
13.0872097015,80.1957321167,65303,65313,10
13.0872297287,80.1950912476,65313,65323,10
13.0872497559,80.1942520142,65323,65333,10
13.0872602463,80.1934127808,65333,65344,11
13.0872898102,80.1928405762,65344,65354,10
13.0873403549,80.1923904419,65354,65364,10
13.0874300003,80.1917800903,65364,65374,10
13.0875301361,80.1910400391,65374,65384,10
13.0876302719,80.1901473999,65384,65394,10
13.0877103806,80.1894226074,65394,65404,10
13.0877199173,80.1891403198,65404,65414,10
13.0877304077,80.1891174316,65414,65424,10
13.087770462,80.1883087158,65424,65475,51
13.087770462,80.1883087158,65475,65485,10
13.0878000259,80.1881637573,65485,65495,10
13.0878295898,80.1876983643,65495,65505,10
13.0878696442,80.186882019,65505,65515,10
13.0878896713,80.1859436035,65515,65525,10
13.0879096985,80.1852416992,65525,65535,10
13.0879602432,80.1843566895,65535,65545,10
13.0880098343,80.1833114624,65545,65555,10
13.0880403519,80.1824417114,65555,65566,11
13.0880699158,80.1818618774,65566,65576,10
13.0881099701,80.1810302734,65576,65586,10
13.0881299973,80.1797180176,65586,65646,60
13.0881299973,80.1797180176,65646,65656,10
13.088139534,80.1795120239,65656,65666,10
13.0881299973,80.1790466309,65666,65677,11
13.0881299973,80.1789474487,65677,65687,10
13.0881500244,80.1785888672,65687,65697,10
13.0881795883,80.1779174805,65697,65707,10
13.0881900787,80.177192688,65707,65717,10
13.0882396698,80.1764678955,65717,65727,10
13.0882902145,80.1755828857,65727,65737,10
13.0883398056,80.1748809814,65737,65747,10
13.0883903503,80.1743087769,65747,65757,10
13.0884599686,80.1735305786,65757,65767,10
13.0884799957,80.1728286743,65767,65778,11
13.08852005,80.1721801758,65778,65788,10
13.0885000229,80.1719207764,65788,65798,10
13.08852005,80.1717224121,65798,65808,10
13.0885601044,80.1713409424,65808,65818,10
13.0886096954,80.1706085205,65818,65828,10
13.0886898041,80.1699371338,65828,65838,10
13.0888500214,80.1695175171,65838,65848,10
13.0891304016,80.1695480347,65848,65858,10
13.0897598267,80.1696166992,65858,65868,10
13.0905399323,80.1696472168,65868,65878,10
13.0911397934,80.1696777344,65878,65889,11
13.0916004181,80.1697235107,65889,65899,10
13.0922803879,80.1697387695,65899,65909,10
13.0931196213,80.1697921753,65909,65919,10
13.0938596725,80.1698303223,65919,65929,10
13.0946798325,80.169883728,65929,65969,40
13.0946798325,80.169883728,65969,65979,10
13.0948600769,80.1698913574,65979,65989,10
13.0950403214,80.1698989868,65989,66000,11
13.0955095291,80.1699371338,66000,66010,10
13.0961704254,80.1699676514,66010,66020,10
13.0970001221,80.1699981689,66020,66030,10
13.0977602005,80.1700363159,66030,66040,10
13.0983295441,80.1700820923,66040,66050,10
13.0989398956,80.1701126099,66050,66060,10
13.0993003845,80.1701431274,66060,66100,40
13.0993003845,80.1701431274,66100,66111,11
13.0996704102,80.1700286865,66111,66121,10
13.0996599197,80.1697463989,66121,66373,252
13.0996599197,80.1697463989,66373,66383,10
13.0993003845,80.1697998047,66383,66605,222
13.0993700027,80.1701431274,66605,67170,565
13.0993700027,80.1701431274,67170,67180,10
13.0992202759,80.1703186035,67180,67190,10
13.0991296768,80.1702880859,67190,67199,9
13.0988702774,80.1702575684,67199,67211,12
13.0982303619,80.1702194214,67211,67221,10
13.0979204178,80.1701889038,67221,67231,10
13.0976696014,80.1701583862,67231,67241,10
13.0971603394,80.1701278687,67241,67251,10
13.0965003967,80.1700973511,67251,67261,10
13.0958299637,80.1700668335,67261,67271,10
13.0951795578,80.1700210571,67271,67281,10
13.0948696136,80.1699981689,67281,67291,10
13.0945901871,80.1699523926,67291,67301,10
13.0943002701,80.169883728,67301,67310,9
13.0938100815,80.169883728,67310,67321,11
13.0932598114,80.1698226929,67321,67332,11
13.0926599503,80.1698226929,67332,67342,10
13.092089653,80.1697998047,67342,67352,10
13.0914802551,80.1697616577,67352,67362,10
13.090880394,80.169708252,67362,67372,10
13.0901699066,80.1696777344,67372,67382,10
13.08934021,80.169631958,67382,67392,10
13.0888500214,80.1696166992,67392,67443,51
13.0888500214,80.1696166992,67443,67453,10
13.0887498856,80.1696472168,67453,67463,10
13.0886602402,80.169960022,67463,67473,10
13.0886297226,80.1704330444,67473,67483,10
13.0886001587,80.1711120605,67483,67493,10
13.0885896683,80.1717834473,67493,67503,10
13.0885801315,80.1719894409,67503,67513,10
13.0885696411,80.1721572876,67513,67523,10
13.088549614,80.1725082397,67523,67532,9
13.088549614,80.1727905273,67532,67544,12
13.0884895325,80.1735229492,67544,67554,10
13.0884599686,80.1741790771,67554,67564,10
13.0884304047,80.1747894287,67564,67574,10
13.0883798599,80.1753997803,67574,67584,10
13.0883197784,80.1761779785,67584,67594,10
13.0882797241,80.176940918,67594,67604,10
13.088259697,80.1772766113,67604,67614,10
13.0882396698,80.1778182983,67614,67624,10
13.0882396698,80.1784591675,67624,67634,10
13.0882396698,80.1785888672,67634,67644,10
13.0882196426,80.1787490845,67644,67655,11
13.0882396698,80.1790084839,67655,67665,10
13.088259697,80.1793670654,67665,67675,10
13.0882501602,80.179649353,67675,67685,10
13.0882301331,80.1798629761,67685,67695,10
13.0881996155,80.1804428101,67695,67705,10
13.0881595612,80.1812362671,67705,67715,10
13.0881299973,80.1818771362,67715,67725,10
13.0881204605,80.1821289063,67725,67735,10
13.0881299973,80.1823272705,67735,67745,10
13.0881004333,80.1828536987,67745,67755,10
13.0880699158,80.1834106445,67755,67766,11
13.0880298615,80.184211731,67766,67776,10
13.0879898071,80.1848602295,67776,67786,10
13.0879602432,80.1856231689,67786,67796,10
13.0879201889,80.1863937378,67796,67806,10
13.0879001617,80.1871566772,67806,67816,10
13.0878696442,80.1878204346,67816,67826,10
13.0878696442,80.1879882813,67826,67836,10
13.0878601074,80.1882705688,67836,67846,10
13.0878400803,80.1886367798,67846,67856,10
13.0878000259,80.1892623901,67856,67866,10
13.0877799988,80.1895675659,67866,67877,11
13.087770462,80.1898880005,67877,67887,10
13.087770462,80.1899032593,67887,67897,10
13.0877599716,80.1902236938,67897,67907,10
13.087679863,80.1907501221,67907,67917,10
13.0875902176,80.191368103,67917,67927,10
13.0874795914,80.1920776367,67927,67937,10
13.087389946,80.1926422119,67937,68008,71
13.087389946,80.1926422119,68008,68018,10
13.0873498917,80.1928634644,68018,68028,10
13.0873498917,80.1933364868,68028,68038,10
13.0873203278,80.1940994263,68038,68048,10
13.0873003006,80.1949005127,68048,68058,10
13.0872898102,80.1954269409,68058,68068,10
13.087269783,80.196182251,68068,68078,10
13.0872497559,80.1971282959,68078,68088,10
13.0872602463,80.1977767944,68088,68099,11
13.0872497559,80.1978683472,68099,68109,10
13.0872802734,80.1982574463,68109,68119,10
13.0874700546,80.1985321045,68119,68129,10
13.0878200531,80.1985473633,68129,68139,10
13.0884199142,80.1985397339,68139,68149,10
13.0890598297,80.1985397339,68149,68159,10
13.0895795822,80.1985473633,68159,68169,10
13.0901603699,80.1985778809,68169,68179,10
13.0907897949,80.1986236572,68179,68189,10
13.0912103653,80.198677063,68189,68200,11
13.0919599533,80.1987075806,68200,68210,10
13.0927000046,80.1987075806,68210,68220,10
13.0929899216,80.1988296509,68220,68230,10
13.0929698944,80.1991882324,68230,68240,10
13.0929403305,80.199760437,68240,68250,10
13.0929403305,80.2004089355,68250,68280,30
13.0929403305,80.2004089355,68280,68290,10
13.0926799774,80.2006835938,68290,68299,9
13.0924701691,80.200668335,68299,68311,12
13.0918197632,80.2006072998,68311,68321,10
13.0912504196,80.2005996704,68321,68331,10
13.0907297134,80.200592041,68331,68341,10
13.0900402069,80.2005462646,68341,68351,10
13.0893497467,80.2005310059,68351,68361,10
13.0888595581,80.2005233765,68361,68371,10
13.0885095596,80.2005233765,68371,68381,10
13.0883302689,80.2005233765,68381,68391,10
13.0880804062,80.2005081177,68391,68401,10
13.0878200531,80.2005004883,68401,68411,10
13.0878000259,80.2005081177,68411,68422,11
13.0873804092,80.2005004883,68422,68442,20
13.0873804092,80.2005004883,68442,68452,10
13.0871200562,80.2005004883,68452,68462,10
13.0868997574,80.2004699707,68462,68472,10
13.0864295959,80.2004470825,68472,68482,10
13.0859003067,80.2004318237,68482,68492,10
13.0857400894,80.2004089355,68492,68502,10
13.0855197906,80.2003936768,68502,68512,10
13.0854997635,80.2003936768,68512,68522,10
13.0852804184,80.2001571655,68522,68533,11
13.0852804184,80.1996765137,68533,68543,10
13.0852899551,80.1990432739,68543,68553,10
13.0851402283,80.1987686157,68553,68563,10
13.0846996307,80.1987380981,68563,68573,10
13.0844202042,80.1987304688,68573,68583,10
13.0842599869,80.1987228394,68583,68593,10
13.0839004517,80.1987304688,68593,68603,10
13.0837097168,80.1987228394,68603,68613,10
13.0831298828,80.1987075806,68613,68684,71
13.0831298828,80.1987075806,68684,68694,10
13.0829801559,80.198677063,68694,68704,10
13.082570076,80.198677063,68704,68714,10
13.0819702148,80.1986999512,68714,68724,10
13.0814199448,80.1986999512,68724,68734,10
13.0809001923,80.1986999512,68734,68744,10
13.0802402496,80.1987609863,68744,68755,11
13.0794496536,80.1988601685,68755,68765,10
13.0787601471,80.198890686,68765,68775,10
13.0779895782,80.1989974976,68775,68785,10
13.0771598816,80.1990737915,68785,68795,10
13.076379776,80.1991500854,68795,68805,10
13.0754995346,80.1992797852,68805,68815,10
13.0745897293,80.1996231079,68815,68825,10
13.0740003586,80.200088501,68825,68835,10
13.0735797882,80.2006530762,68835,68855,20
13.0735797882,80.2006530762,68855,68866,11
13.0733995438,80.2008972168,68866,68876,10
13.0730495453,80.2013092041,68876,68886,10
13.0727100372,80.201713562,68886,68896,10
13.072640419,80.2017822266,68896,68906,10
13.0726203918,80.2018432617,68906,68916,10
13.0724601746,80.2020263672,68916,68926,10
13.0722503662,80.2022476196,68926,68936,10
13.0718898773,80.202583313,68936,68946,10
13.0714597702,80.2030792236,68946,68956,10
13.0709104538,80.2036972046,68956,68966,10
13.0704202652,80.2042770386,68966,68977,11
13.0701503754,80.2046508789,68977,68987,10
13.0700502396,80.2048110962,68987,68997,10
13.069899559,80.2050323486,68997,69007,10
13.0696401596,80.2049636841,69007,69017,10
13.0694198608,80.2048721313,69017,69027,10
13.0690898895,80.2051391602,69027,69037,10
13.0686702728,80.2054672241,69037,69047,10
13.0680103302,80.2054595947,69047,69138,91
13.0680103302,80.2054595947,69138,69148,10
13.0679197311,80.2051773071,69148,69158,10
13.068110466,80.2050476074,69158,69168,10
13.0684700012,80.2049484253,69168,69177,9
13.068860054,80.2048187256,69177,69188,11
13.0692195892,80.2047729492,69188,69199,11
13.0694704056,80.2048187256,69199,69209,10
13.0697202682,80.2049026489,69209,69219,10
13.0698099136,80.2050170898,69219,69229,10
13.0696897507,80.2053833008,69229,69239,10
13.0693101883,80.2059783936,69239,69249,10
13.068810463,80.2067489624,69249,69259,10
13.06828022,80.2076187134,69259,69269,10
13.0677700043,80.208442688,69269,69279,10
13.0673303604,80.2091293335,69279,69288,9
13.0667896271,80.2098464966,69288,69300,12
13.0658798218,80.210609436,69300,69310,10
13.0653800964,80.2110214233,69310,69320,10
13.0651302338,80.2111816406,69320,69330,10
13.065030098,80.2112503052,69330,69340,10
13.0648202896,80.2113571167,69340,69350,10
13.0642700195,80.2115936279,69350,69360,10
13.0637903214,80.2117462158,69360,69370,10
13.0634002686,80.211769104,69370,69380,10
13.0627202988,80.2117919922,69380,69390,10
13.0621299744,80.211769104,69390,69400,10
13.0614004135,80.2116928101,69400,69411,11
13.0604896545,80.2117233276,69411,69421,10
13.0595998764,80.2116928101,69421,69431,10
13.0589103699,80.2117004395,69431,69441,10
13.0585899353,80.2117004395,69441,69451,10
13.0580301285,80.2116775513,69451,69461,10
13.0576095581,80.2116699219,69461,69471,10
13.0575304031,80.2116775513,69471,69481,10
13.0570402145,80.2116622925,69481,69491,10
13.0563097,80.2116012573,69491,69501,10
13.0553798676,80.2116012573,69501,69510,9
13.0546998978,80.2116394043,69510,69542,32
13.0546998978,80.2116394043,69542,69552,10
13.0544099808,80.2117004395,69552,69562,10
13.0538196564,80.2117614746,69562,69572,10
13.0530500412,80.2118988037,69572,69582,10
13.052359581,80.212097168,69582,69592,10
13.0519695282,80.2122116089,69592,69602,10
13.0516300201,80.2122268677,69602,69612,10
13.0512695313,80.2122268677,69612,69673,61
13.0512695313,80.2122268677,69673,69683,10
13.0505599976,80.2122421265,69683,69693,10
13.0500497818,80.2121963501,69693,69703,10
13.0500097275,80.2121963501,69703,69713,10
13.0497999191,80.2122116089,69713,69733,20
13.0497999191,80.2122116089,69733,69744,11
13.0495500565,80.2122116089,69744,69754,10
13.049489975,80.2122116089,69754,69764,10
13.0491800308,80.2121887207,69764,69774,10
13.0486803055,80.2122192383,69774,69784,10
13.0480298996,80.212272644,69784,69794,10
13.0472002029,80.2123413086,69794,69804,10
13.0464496613,80.2123565674,69804,69814,10
13.0460300446,80.2123794556,69814,69824,10
13.0456800461,80.2124328613,69824,69834,10
13.0454998016,80.2124481201,69834,69844,10
13.0450801849,80.2124862671,69844,69996,152
13.0450801849,80.2124862671,69996,70006,10
13.0446796417,80.2124786377,70006,70016,10
13.0442399979,80.2124328613,70016,70026,10
13.0435199738,80.2124099731,70026,70036,10
13.0426301956,80.2123718262,70036,70046,10
13.0416603088,80.2123794556,70046,70056,10
13.0406999588,80.2124023438,70056,70067,11
13.0395898819,80.2124176025,70067,70077,10
13.0386800766,80.2124176025,70077,70087,10
13.0380496979,80.2124710083,70087,70097,10
13.0378398895,80.2124862671,70097,70107,10
13.0375099182,80.2125167847,70107,70117,10
13.0369596481,80.2124786377,70117,70127,10
13.0362300873,80.2124176025,70127,70137,10
13.0354995728,80.212387085,70137,70147,10
13.0349903107,80.2123565674,70147,70167,20
13.0349903107,80.2123565674,70167,70178,11
13.0348596573,80.2123031616,70178,70188,10
13.0345401764,80.2122116089,70188,70198,10
13.0340003967,80.2121582031,70198,70228,30
13.0340003967,80.2121582031,70228,70238,10
13.0337896347,80.2121124268,70238,70248,10
13.0336399078,80.212059021,70248,70258,10
13.0332202911,80.2119827271,70258,70267,9
13.0326900482,80.2118911743,70267,70278,11
13.0320796967,80.2117614746,70278,70289,11
13.0319795609,80.2112503052,70289,70299,10
13.0320301056,80.2107772827,70299,70309,10
13.0320796967,80.2101287842,70309,70319,10
13.0319099426,80.2096862793,70319,70329,10
13.0312900543,80.2094802856,70329,70339,10
13.0307397842,80.2093505859,70339,70349,10
13.0306997299,80.2093429565,70349,70359,10
13.0304803848,80.2092971802,70359,70369,10
13.0300598145,80.2091598511,70369,70379,10
13.0296497345,80.2090377808,70379,70389,10
13.0296001434,80.209022522,70389,70400,11
13.0293903351,80.2089385986,70400,70410,10
13.0288696289,80.2087936401,70410,70420,10
13.0280799866,80.2085494995,70420,70430,10
13.0272502899,80.208152771,70430,70440,10
13.0264396667,80.2076568604,70440,70450,10
13.0256099701,80.2072067261,70450,70460,10
13.024720192,80.2070236206,70460,70470,10
13.0242204666,80.2069168091,70470,70499,29
13.0242204666,80.2069168091,70499,70511,12
13.024020195,80.2068634033,70511,70521,10
13.0235996246,80.2067337036,70521,70531,10
13.022939682,80.2066116333,70531,70541,10
13.022190094,80.2065124512,70541,70551,10
13.0215396881,80.2064590454,70551,70561,10
13.020819664,80.206451416,70561,70571,10
13.0199298859,80.206451416,70571,70581,10
13.0192699432,80.206413269,70581,70591,10
13.019080162,80.2063674927,70591,70601,10
13.0188798904,80.2063217163,70601,70611,10
13.0183897018,80.2061462402,70611,70622,11
13.0177001953,80.2058868408,70622,70632,10
13.01720047,80.2056808472,70632,70642,10
13.0166101456,80.2054290771,70642,70652,10
13.0159597397,80.2052001953,70652,70662,10
13.0153102875,80.2050018311,70662,70672,10
13.0145101547,80.2047424316,70672,70682,10
13.0141496658,80.2046127319,70682,70692,10
13.0138998032,80.2045211792,70692,70722,30
13.0138998032,80.2045211792,70722,70733,11
13.0136899948,80.2044372559,70733,70743,10
13.0135498047,80.204536438,70743,70753,10
13.0135097504,80.2047195435,70753,70763,10
13.0134801865,80.2048110962,70763,70773,10
13.0133800507,80.2051773071,70773,70783,10
13.0131902695,80.2058334351,70783,70793,10
13.0130300522,80.2065963745,70793,70803,10
13.012960434,80.207321167,70803,70813,10
13.0129003525,80.2078170776,70813,70823,10
13.0128602982,80.2081832886,70823,70834,11
13.0128498077,80.2085800171,70834,70844,10
13.0128898621,80.2089691162,70844,70854,10
13.0130195618,80.2094421387,70854,70864,10
13.0131797791,80.2097167969,70864,70874,10
13.0131397247,80.210067749,70874,70884,10
13.0130996704,80.2104415894,70884,70894,10
13.0130395889,80.2107467651,70894,70904,10
13.0129804611,80.2109909058,70904,70914,10
13.0128297806,80.2113113403,70914,70924,10
13.012720108,80.2115020752,70924,70934,10
13.0125598907,80.2117767334,70934,70945,11
13.012260437,80.2122802734,70945,70955,10
13.0119800568,80.2126617432,70955,70965,10
13.0117502213,80.2128829956,70965,70975,10
13.0115003586,80.2127304077,70975,70985,10
13.0110197067,80.2123718262,70985,70995,10
13.0104398727,80.2119369507,70995,71005,10
13.0101299286,80.2116699219,71005,71015,10
13.0098495483,80.21144104,71015,71025,10
13.0095996857,80.2112579346,71025,71066,41
13.0095996857,80.2112579346,71066,71076,10
13.0092401505,80.2111663818,71076,71086,10
13.00922966,80.2111816406,71086,71096,10
13.009059906,80.21144104,71096,71106,10
13.0089998245,80.2116699219,71106,71116,10
13.0090904236,80.2120132446,71116,71126,10
13.0092601776,80.2125473022,71126,71136,10
13.0094995499,80.213180542,71136,71146,10
13.009759903,80.2138214111,71146,71156,10
13.010020256,80.2144699097,71156,71167,11
13.0101804733,80.2153167725,71167,71177,10
13.0103397369,80.2159881592,71177,71187,10
13.0106697083,80.2167282104,71187,71197,10
13.0110502243,80.2174987793,71197,71207,10
13.0113401413,80.2183227539,71207,71217,10
13.0116901398,80.21925354,71217,71227,10
13.0120000839,80.2202606201,71227,71237,10
13.012260437,80.2211380005,71237,71247,10
13.012430191,80.2216567993,71247,71257,10
13.0127696991,80.2221832275,71257,71267,10
13.0131998062,80.2226333618,71267,71278,11
13.0136804581,80.22315979,71278,71288,10
13.0141201019,80.2237091064,71288,71298,10
13.0145797729,80.2242736816,71298,71308,10
13.0148601532,80.2246170044,71308,71318,10
13.0148696899,80.2246322632,71318,71328,10
13.0150899887,80.2248535156,71328,71338,10
13.0152301788,80.2250823975,71338,71348,10
13.0153503418,80.2253036499,71348,71358,10
13.0153398514,80.2257080078,71358,71368,10
13.0150203705,80.2259674072,71368,71379,11
13.014550209,80.2261428833,71379,71389,10
13.0138301849,80.2264175415,71389,71399,10
13.0130395889,80.2267303467,71399,71409,10
13.0121898651,80.2270889282,71409,71419,10
13.0111598969,80.2275009155,71419,71429,10
13.0101900101,80.2278823853,71429,71439,10
13.0095796585,80.2278823853,71439,71449,10
13.009519577,80.2275695801,71449,71459,10
13.0097198486,80.2271194458,71459,71469,10
13.0100097656,80.2264785767,71469,71479,10
13.0102596283,80.2259292603,71479,71489,10
13.0104198456,80.2255172729,71489,71500,11
13.0105695724,80.2250900269,71500,71510,10
13.0107603073,80.2246017456,71510,71520,10
13.0109796524,80.2240600586,71520,71530,10
13.0111398697,80.2236328125,71530,71540,10
13.0112400055,80.2231826782,71540,71550,10
13.0107498169,80.22290802,71550,71560,10
13.0100402832,80.2225875854,71560,71570,10
13.0092096329,80.2221374512,71570,71580,10
13.0084295273,80.2217483521,71580,71590,10
13.0075397491,80.2212905884,71590,71601,11
13.0067501068,80.2208709717,71601,71611,10
13.0059700012,80.2206192017,71611,71621,10
13.005109787,80.2204284668,71621,71631,10
13.0043201447,80.2202301025,71631,71641,10
13.0035400391,80.2200469971,71641,71651,10
13.0027999878,80.2198028564,71651,71661,10
13.0021800995,80.2192993164,71661,71671,10
13.0017004013,80.2188262939,71671,71681,10
13.0011301041,80.2183914185,71681,71691,10
13.0006399155,80.2180480957,71691,71701,10
13.0001096725,80.2176971436,71701,71711,10
12.9995603561,80.2173690796,71711,71722,11
12.9989900589,80.2170715332,71722,71732,10
12.9983100891,80.2167510986,71732,71742,10
12.9974403381,80.2165908813,71742,71762,20
12.9974403381,80.2165908813,71762,71772,10
12.997179985,80.216583252,71772,71782,10
12.9969396591,80.2165908813,71782,71792,10
12.9966802597,80.2166290283,71792,71802,10
12.9963102341,80.2166976929,71802,71812,10
12.9956598282,80.2168426514,71812,71823,11
12.9951696396,80.217048645,71823,71833,10
12.9949197769,80.2172164917,71833,71843,10
12.9945497513,80.2174606323,71843,71853,10
12.9941501617,80.2177505493,71853,71863,10
12.9938898087,80.217956543,71863,71873,10
12.9933795929,80.2183074951,71873,71883,10
12.9928503036,80.218711853,71883,71893,10
12.9923000336,80.2191085815,71893,71903,10
12.9921197891,80.21925354,71903,71913,10
12.991979599,80.2193069458,71913,71923,10
12.9917802811,80.2194595337,71923,71934,11
12.9914999008,80.2196578979,71934,71944,10
12.9911203384,80.219581604,71944,71954,10
12.9910497665,80.2195281982,71954,71964,10
12.9907197952,80.2193984985,71964,71974,10
12.990070343,80.2191619873,71974,71984,10
12.9895000458,80.218963623,71984,71994,10
12.9889097214,80.2187423706,71994,72004,10
12.9881496429,80.2185134888,72004,72014,10
12.9877004623,80.218460083,72014,72024,10
12.9874000549,80.218421936,72024,72033,9
12.9870901108,80.2183609009,72033,72045,12
12.9868402481,80.2183074951,72045,72055,10
12.9866895676,80.2182617188,72055,72065,10
12.9862604141,80.2181396484,72065,72075,10
12.9854602814,80.2179870605,72075,72085,10
12.9846496582,80.2179870605,72085,72095,10
12.9842500687,80.2179794312,72095,72105,10
12.9839096069,80.2179870605,72105,72115,10
12.9838895798,80.2179870605,72115,72125,10
12.9835195541,80.2179794312,72125,72135,10
12.9827899933,80.2179794312,72135,72145,10
12.9820699692,80.2179870605,72145,72156,11
12.9811401367,80.2181396484,72156,72166,10
12.9803800583,80.2184066772,72166,72176,10
12.9798002243,80.2186431885,72176,72186,10
12.979180336,80.2189102173,72186,72196,10
12.9787597656,80.2190628052,72196,72206,10
12.9783096313,80.2192611694,72206,72216,10
12.9775896072,80.2195663452,72216,72226,10
12.9767904282,80.2199172974,72226,72236,10
12.9760599136,80.2202682495,72236,72347,111
12.9760599136,80.2202682495,72347,72357,10
12.9757003784,80.2203979492,72357,72479,122
12.9754800797,80.2207336426,72479,72509,30
12.9754800797,80.2207336426,72509,72519,10
12.9759502411,80.2211380005,72519,72933,414
12.9762802124,80.221321106,72933,72963,30
12.9762802124,80.221321106,72963,72973,10
12.9766302109,80.221321106,72973,72983,10
12.9770803452,80.2212982178,72983,72993,10
12.9775800705,80.2212600708,72993,73003,10
12.9780797958,80.2212295532,73003,73013,10
12.9784698486,80.2211990356,73013,73022,9
12.9788198471,80.2211608887,73022,73034,12
12.9792003632,80.2211380005,73034,73044,10
12.9796800613,80.2211074829,73044,73054,10
12.9801797867,80.2210769653,73054,73064,10
12.980919838,80.2210617065,73064,73084,20
12.980919838,80.2210617065,73084,73094,10
12.9812803268,80.2211914063,73094,73104,10
12.9816904068,80.2214202881,73104,73114,10
12.9819498062,80.2216110229,73114,73124,10
12.9823303223,80.2218017578,73124,73134,10
12.9825897217,80.221862793,73134,73145,11
12.9829301834,80.2220230103,73145,73175,30
12.9829301834,80.2220230103,73175,73185,10
12.9833202362,80.2222595215,73185,73205,20
12.9833202362,80.2222595215,73205,73215,10
12.9835996628,80.2224578857,73215,73225,10
12.983830452,80.2225799561,73225,73235,10
12.9841003418,80.2227325439,73235,73245,10
12.9843902588,80.22290802,73245,73256,11
12.9848098755,80.2231674194,73256,73266,10
12.9852800369,80.2233200073,73266,73306,40
12.9852800369,80.2233200073,73306,73316,10
12.9855899811,80.2230987549,73316,73326,10
12.9860401154,80.2229995728,73326,73336,10
12.9864501953,80.2229919434,73336,73355,19
12.9864501953,80.2229919434,73355,73367,12
12.9866104126,80.2229614258,73367,73377,10
12.9868297577,80.2229919434,73377,73387,10
12.9870700836,80.2230300903,73387,73397,10
12.9872903824,80.2230529785,73397,73407,10
12.9876403809,80.2230529785,73407,73417,10
12.9880399704,80.2228775024,73417,73427,10
12.9884004593,80.2225494385,73427,73437,10
12.9888000488,80.2221374512,73437,73447,10
12.9891300201,80.2217407227,73447,73457,10
12.9894504547,80.2213363647,73457,73468,11
12.9900503159,80.2207107544,73468,73478,10
12.9904098511,80.2203903198,73478,73488,10
12.9905099869,80.2203369141,73488,73498,10
12.9907798767,80.220123291,73498,73508,10
12.9911603928,80.2198028564,73508,73518,10
12.9916000366,80.2194900513,73518,73528,10
12.9921102524,80.2191009521,73528,73538,10
12.9927597046,80.2186126709,73538,73548,10
12.9933996201,80.2181167603,73548,73558,10
12.9939804077,80.2177810669,73558,73568,10
12.9944000244,80.2174606323,73568,73579,11
12.9948101044,80.2171173096,73579,73589,10
12.9952402115,80.2168884277,73589,73599,10
12.9958600998,80.2166900635,73599,73609,10
12.996509552,80.2165908813,73609,73619,10
12.9970598221,80.2165298462,73619,73629,10
12.9973802567,80.2162475586,73629,73639,10
12.9974899292,80.2161483765,73639,73649,10
12.9975700378,80.2160720825,73649,73659,10
12.9978504181,80.2157897949,73659,73669,10
12.9982795715,80.2154006958,73669,73679,10
12.9988298416,80.2149429321,73679,73690,11
12.999540329,80.2143707275,73690,73700,10
12.999540329,80.2143707275,73700,73710,10
12.9998903275,80.2140808105,73710,73718,8
13.0002202988,80.2137832642,73718,73730,12
13.0007696152,80.2132797241,73730,73740,10
13.0012102127,80.2129211426,73740,73750,10
13.0016098022,80.2126235962,73750,73760,10
13.0020704269,80.212348938,73760,73770,10
13.002579689,80.2121582031,73770,73780,10
13.003080368,80.2121124268,73780,73790,10
13.0035600662,80.2120437622,73790,73801,11
13.003660202,80.2118225098,73801,73811,10
13.0036296844,80.2114028931,73811,73821,10
13.0035800934,80.2109069824,73821,73831,10
13.0035104752,80.2103424072,73831,73841,10
13.0034599304,80.2096862793,73841,73851,10
13.003569603,80.209022522,73851,73861,10
13.003950119,80.2087097168,73861,73871,10
13.0046195984,80.2089920044,73871,73881,10
13.0053300858,80.2092971802,73881,73891,10
13.0060195923,80.2095413208,73891,73901,10
13.0066299438,80.2097167969,73901,73912,11
13.0074195862,80.2098770142,73912,73942,30
13.0074195862,80.2098770142,73942,73952,10
13.0077295303,80.2099609375,73952,73962,10
13.0080404282,80.2100067139,73962,73972,10
13.0081195831,80.2098007202,73972,73982,10
13.0080099106,80.2093734741,73982,73992,10
13.0078802109,80.2086715698,73992,74002,10
13.0077600479,80.2078323364,74002,74013,11
13.0076303482,80.2070770264,74013,74023,10
13.0075302124,80.2063903809,74023,74033,10
13.0074701309,80.2056808472,74033,74043,10
13.0074596405,80.2050323486,74043,74053,10
13.0074701309,80.204460144,74053,74063,10
13.0074195862,80.2038497925,74063,74073,10
13.0072803497,80.2030715942,74073,74083,10
13.0068998337,80.202583313,74083,74093,10
13.006480217,80.2029190063,74093,74103,10
13.0067396164,80.2033996582,74103,74113,10
13.0072603226,80.2036590576,74113,74124,11
13.0080003738,80.2037582397,74124,74134,10
13.0088195801,80.2037200928,74134,74144,10
13.0097398758,80.203666687,74144,74154,10
13.0107297897,80.2036819458,74154,74164,10
13.0117301941,80.2037887573,74164,74174,10
13.0126600266,80.2039718628,74174,74184,10
13.0132598877,80.2041015625,74184,74194,10
13.0135402679,80.2041778564,74194,74204,10
13.0139303207,80.2043380737,74204,74214,10
13.0145998001,80.2045593262,74214,74224,10
13.0149803162,80.2046737671,74224,74235,11
13.015080452,80.2046890259,74235,74245,10
13.0155000687,80.2048110962,74245,74255,10
13.0161104202,80.2051086426,74255,74265,10
13.0165300369,80.2051620483,74265,74275,10
13.0169095993,80.2052612305,74275,74285,10
13.0174303055,80.205581665,74285,74295,10
13.0175800323,80.205619812,74295,74305,10
13.0178604126,80.2057418823,74305,74315,10
13.0183696747,80.205909729,74315,74325,10
13.0186796188,80.2059707642,74325,74335,10
13.0188302994,80.2060317993,74335,74346,11
13.019370079,80.2062072754,74346,74356,10
13.0200595856,80.2063064575,74356,74366,10
13.0207996368,80.2063293457,74366,74376,10
13.0215196609,80.2063522339,74376,74386,10
13.0222997665,80.206451416,74386,74396,10
13.0231399536,80.2066116333,74396,74406,10
13.0239896774,80.206703186,74406,74416,10
13.0242500305,80.2067337036,74416,74426,10
13.0243997574,80.2067565918,74426,74436,10
13.0248804092,80.2068710327,74436,74446,10
13.0256900787,80.2071533203,74446,74457,11
13.0265903473,80.2076568604,74457,74467,10
13.0273399353,80.2081375122,74467,74477,10
13.0282402039,80.2085571289,74477,74487,10
13.0291204453,80.2087783813,74487,74497,10
13.0299596786,80.2089920044,74497,74507,10
13.0307502747,80.2092132568,74507,74517,10
13.0313301086,80.2093582153,74517,74527,10
13.0315904617,80.2093963623,74527,74537,10
13.0316896439,80.2094116211,74537,74547,10
13.0320501328,80.2095031738,74547,74557,10
13.032790184,80.2096862793,74557,74568,11
13.0335903168,80.2098693848,74568,74578,10
13.0344495773,80.2100524902,74578,74588,10
13.0349798203,80.2102584839,74588,74598,10
13.0349302292,80.2106781006,74598,74608,10
13.0349597931,80.2111968994,74608,74628,20
13.0349597931,80.2111968994,74628,74638,10
13.0348501205,80.2119293213,74638,74669,31
13.0348501205,80.2119293213,74669,74679,10
13.034819603,80.2120666504,74679,74689,10
13.0350399017,80.2122421265,74689,74699,10
13.0355997086,80.2122573853,74699,74709,10
13.0363101959,80.2123031616,74709,74719,10
13.0370998383,80.2123031616,74719,74739,20
13.0370998383,80.2123031616,74739,74749,10
13.0373001099,80.2123184204,74749,74759,10
13.0378503799,80.2123413086,74759,74769,10
13.0386600494,80.212310791,74769,74780,11
13.0396795273,80.2123184204,74780,74790,10
13.0406904221,80.212348938,74790,74800,10
13.041680336,80.2123184204,74800,74810,10
13.0427703857,80.2123184204,74810,74820,10
13.0435304642,80.2122879028,74820,74830,10
13.0437202454,80.2122802734,74830,74840,10
13.0440797806,80.2122802734,74840,74850,10
13.0445098877,80.2122802734,74850,74860,10
13.0451698303,80.2122879028,74860,74870,10
13.0457201004,80.2122573853,74870,74880,10
13.046090126,80.2122573853,74880,74891,11
13.0465402603,80.212272644,74891,74911,20
13.0465402603,80.212272644,74911,74921,10
13.0466995239,80.2122497559,74921,74931,10
13.0469303131,80.2122192383,74931,74941,10
13.047419548,80.2121734619,74941,74951,10
13.047829628,80.2121124268,74951,74971,20
13.047829628,80.2121124268,74971,74981,10
13.0480804443,80.2120666504,74981,74991,10
13.0484104156,80.2120132446,74991,75022,31
13.0484104156,80.2120132446,75022,75032,10
13.048620224,80.2120132446,75032,75042,10
13.0488395691,80.2120132446,75042,75052,10
13.048910141,80.2119979858,75052,75062,10
13.0491399765,80.2119979858,75062,75072,10
13.0494003296,80.2119827271,75072,75173,101
13.0494003296,80.2119827271,75173,75183,10
13.0498600006,80.2119979858,75183,75193,10
13.0501003265,80.2119903564,75193,75203,10
13.0503797531,80.2120285034,75203,75212,9
13.0507001877,80.212020874,75212,75224,12
13.0515499115,80.212059021,75224,75234,10
13.052069664,80.2120285034,75234,75244,10
13.052740097,80.2118606567,75244,75254,10
13.053609848,80.2116317749,75254,75264,10
13.0543403625,80.2114334106,75264,75284,20
13.0543403625,80.2114334106,75284,75294,10
13.0545701981,80.2114562988,75294,75304,10
13.0551595688,80.2114715576,75304,75314,10
13.0560398102,80.2114715576,75314,75324,10
13.0569496155,80.2114868164,75324,75335,11
13.0576000214,80.2114486694,75335,75345,10
13.057800293,80.21144104,75345,75355,10
13.0583696365,80.2114715576,75355,75365,10
13.0591001511,80.2115020752,75365,75375,10
13.0600204468,80.2115478516,75375,75385,10
13.0609397888,80.2116165161,75385,75395,10
13.0617399216,80.2116622925,75395,75405,10
13.0625896454,80.2116165161,75405,75415,10
13.0631599426,80.2115631104,75415,75425,10
13.0631999969,80.2115478516,75425,75435,10
13.0634403229,80.2115402222,75435,75446,11
13.06387043,80.2115402222,75446,75456,10
13.0644798279,80.2113800049,75456,75466,10
13.0651903152,80.2109985352,75466,75476,10
13.0658998489,80.2104492188,75476,75486,10
13.0666103363,80.2098388672,75486,75496,10
13.0672702789,80.2087402344,75496,75516,20
13.0672702789,80.2087402344,75516,75526,10
13.0673799515,80.2085418701,75526,75536,10
13.0676603317,80.2080993652,75536,75547,11
13.0681200027,80.2074737549,75547,75557,10
13.0686502457,80.2066574097,75557,75567,10
13.0691003799,80.2059707642,75567,75577,10
13.069439888,80.2054367065,75577,75587,10
13.0696601868,80.2049789429,75587,75597,10
13.0693502426,80.2048568726,75597,75607,10
13.0690002441,80.2052612305,75607,75617,10
13.0687303543,80.2052536011,75617,75627,10
13.0687103271,80.2049636841,75627,75698,71
13.0687103271,80.2049636841,75698,75708,10
13.0689001083,80.204750061,75708,75718,10
13.0690898895,80.2047424316,75718,75728,10
13.0693302155,80.2047729492,75728,75748,20
13.0693302155,80.2047729492,75748,75758,10
13.0694503784,80.204788208,75758,75769,11
13.0697498322,80.2048721313,75769,75779,10
13.0699701309,80.2047805786,75779,75789,10
13.070309639,80.2042999268,75789,75799,10
13.0708503723,80.2036437988,75799,75809,10
13.0714197159,80.2029495239,75809,75819,10
13.0716695786,80.2025909424,75819,75829,10
13.0717802048,80.2024536133,75829,75839,10
13.0719499588,80.2022705078,75839,75849,10
13.0721902847,80.202041626,75849,75859,10
13.0724401474,80.2017669678,75859,75869,10
13.0726499557,80.201499939,75869,75880,11
13.0728902817,80.2012176514,75880,75890,10
13.0730800629,80.2009963989,75890,75900,10
13.073340416,80.2007064819,75900,75910,10
13.0737199783,80.2002716064,75910,75920,10
13.0741596222,80.199798584,75920,75930,10
13.0745000839,80.1994476318,75930,75940,10
13.075050354,80.1991424561,75940,75950,10
13.0757703781,80.1990737915,75950,75960,10
13.0766601563,80.1990432739,75960,75970,10
13.077630043,80.198928833,75970,75980,10
13.0785503387,80.1988067627,75980,75991,11
13.0793800354,80.1987304688,75991,76001,10
13.0801200867,80.1986618042,76001,76011,10
13.0809497833,80.1985702515,76011,76021,10
13.0817604065,80.1985626221,76021,76031,10
13.0825004578,80.1985015869,76031,76041,10
13.0829696655,80.1985092163,76041,76051,10
13.0834903717,80.1984710693,76051,76061,10
13.0839004517,80.1984634399,76061,76071,10
13.0843896866,80.1984710693,76071,76081,10
13.0848903656,80.1984710693,76081,76091,10
13.085149765,80.1984329224,76091,76102,11
13.0854101181,80.1984176636,76102,76112,10
13.085729599,80.1984024048,76112,76122,10
13.0861997604,80.1984100342,76122,76132,10
13.0865802765,80.1984024048,76132,76142,10
13.0868301392,80.1984176636,76142,76152,10
13.0870504379,80.198059082,76152,76172,20
13.0870504379,80.198059082,76172,76182,10
13.087100029,80.1977310181,76182,76192,10
13.0871095657,80.1971588135,76192,76202,10
13.0871295929,80.1964492798,76202,76213,11
13.0871496201,80.1957778931,76213,76223,10
13.0871601105,80.1955108643,76223,76233,10
13.0871801376,80.1949615479,76233,76243,10
13.0872001648,80.194190979,76243,76253,10
13.087220192,80.1933898926,76253,76263,10
13.0872297287,80.1930618286,76263,76273,10
13.0872602463,80.1926498413,76273,76283,10
13.0873098373,80.192199707,76283,76293,10
13.0873498917,80.1919708252,76293,76303,10
13.0874300003,80.1913070679,76303,76314,11
13.0875396729,80.1903381348,76314,76324,10
13.0876102448,80.1895294189,76324,76334,10
13.0876197815,80.1891098022,76334,76344,10
13.0876302719,80.1891098022,76344,76354,10
13.0876502991,80.1888504028,76354,76364,10
13.0876502991,80.1886978149,76364,76374,10
13.0876598358,80.1884994507,76374,76384,10
13.0876703262,80.1882324219,76384,76394,10
13.0877199173,80.1877593994,76394,76404,10
13.087770462,80.1870727539,76404,76414,10
13.0878000259,80.1863174438,76414,76425,11
13.0878000259,80.1856918335,76425,76435,10
13.0878295898,80.1850967407,76435,76445,10
13.087849617,80.1843185425,76445,76455,10
13.0879001617,80.1834335327,76455,76465,10
13.0879497528,80.1826400757,76465,76475,10
13.0879802704,80.1819229126,76475,76485,10
13.0880098343,80.1810684204,76485,76495,10
13.0880498886,80.1802368164,76495,76505,10
13.0880804062,80.179901123,76505,76536,31
13.0880804062,80.179901123,76536,76546,10
13.088139534,80.1794662476,76546,76556,10
13.0880899429,80.1789779663,76556,76566,10
13.0880699158,80.1788635254,76566,76576,10
13.088060379,80.1787719727,76576,76586,10
13.0880899429,80.178352356,76586,76596,10
13.0880899429,80.1777420044,76596,76606,10
13.0881204605,80.1770935059,76606,76616,10
13.0881795883,80.1762924194,76616,76626,10
13.0882501602,80.1752929688,76626,76636,10
13.0882902145,80.1745834351,76636,76647,11
13.0883798599,80.173828125,76647,76657,10
13.0884304047,80.1729736328,76657,76667,10
13.0884599686,80.1722106934,76667,76677,10
13.0884504318,80.1718292236,76677,76687,10
13.088470459,80.1717071533,76687,76697,10
13.0885095596,80.171333313,76697,76707,10
13.0885601044,80.1706314087,76707,76717,10
13.0886201859,80.1698608398,76717,76727,10
13.0888299942,80.1694869995,76727,76737,10
13.0893497467,80.1695404053,76737,76747,10
13.090089798,80.169593811,76747,76758,11
13.0910301208,80.1696395874,76758,76768,10
13.0919103622,80.1696929932,76768,76778,10
13.0927095413,80.1697463989,76778,76788,10
13.093290329,80.1697692871,76788,76798,10
13.0940504074,80.1698226929,76798,76808,10
13.09471035,80.1698684692,76808,76818,10
13.0949697495,80.1698913574,76818,76828,10
13.0953102112,80.169921875,76828,76838,10
13.095990181,80.1699523926,76838,76848,10
13.0968103409,80.1699981689,76848,76857,9
13.0975103378,80.1700286865,76857,76869,12
13.0981998444,80.1700820923,76869,76879,10
13.0991401672,80.1701202393,76879,76909,30
13.0991401672,80.1701202393,76909,76919,10
13.099360466,80.1701202393,76919,76949,30
13.0996904373,80.1700592041,76949,76980,31
13.0996904373,80.1700592041,76980,76990,10
13.0996999741,80.1702728271,76990,77000,10
13.0994501114,80.1702575684,77000,77696,696
13.0994501114,80.1702575684,77696,77706,10
13.0989103317,80.1701583862,77706,77716,10
13.098400116,80.1701278687,77716,77726,10
13.0978403091,80.1701126099,77726,77736,10
13.0971603394,80.1700820923,77736,77747,11
13.0962095261,80.1700286865,77747,77757,10
13.0953903198,80.1699829102,77757,77767,10
13.094909668,80.1699371338,77767,77777,10
13.0947399139,80.1698989868,77777,77787,10
13.0944900513,80.169883728,77787,77797,10
13.0940704346,80.1698532104,77797,77807,10
13.0934095383,80.1698226929,77807,77817,10
13.0925998688,80.1697921753,77817,77827,10
13.0920095444,80.1697769165,77827,77837,10
13.0914201736,80.1697387695,77837,77847,10
13.0906000137,80.169670105,77847,77858,11
13.0896596909,80.1696166992,77858,77868,10
13.0889196396,80.169593811,77868,77928,60
13.0889196396,80.169593811,77928,77938,10
13.0887002945,80.1696395874,77938,77948,10
13.0886697769,80.1699371338,77948,77959,11
13.0886297226,80.1701812744,77959,77969,10
13.0886201859,80.1705322266,77969,77979,10
13.0885696411,80.1711120605,77979,77989,10
13.0885601044,80.1716995239,77989,77999,10
13.088549614,80.1718978882,77999,78009,10
13.0885601044,80.1720428467,78009,78019,10
13.08852005,80.1724700928,78019,78029,10
13.0884895325,80.1731719971,78029,78039,10
13.0884399414,80.1739578247,78039,78049,10
13.0884103775,80.1746368408,78049,78059,10
13.088350296,80.17527771,78059,78070,11
13.0882902145,80.1762695313,78070,78080,10
13.088259697,80.1770629883,78080,78090,10
13.0882396698,80.1777801514,78090,78100,10
13.0882301331,80.1784973145,78100,78110,10
13.0882301331,80.1785964966,78110,78120,10
13.0882101059,80.178817749,78120,78130,10
13.0882101059,80.1793670654,78130,78150,20
13.0882101059,80.1793670654,78150,78160,10
13.0882396698,80.1795196533,78160,78170,10
13.0881996155,80.1799926758,78170,78181,11
13.0881595612,80.1808776855,78181,78191,10
13.0881204605,80.1817932129,78191,78201,10
13.0880804062,80.1825637817,78201,78211,10
13.0880203247,80.1835632324,78211,78221,10
13.0879802704,80.1845779419,78221,78231,10
13.0879602432,80.1851730347,78231,78241,10
13.0879602432,80.1852722168,78241,78251,10
13.0879497528,80.1855316162,78251,78261,10
13.0879001617,80.1861114502,78261,78271,10
13.0878696442,80.186958313,78271,78281,10
13.087849617,80.187713623,78281,78292,11
13.0878601074,80.1882019043,78292,78302,10
13.0878200531,80.1888809204,78302,78312,10
13.0877799988,80.1896820068,78312,78322,10
13.087770462,80.1898193359,78322,78332,10
13.0876903534,80.1902389526,78332,78342,10
13.0875701904,80.1909332275,78342,78352,10
13.0874700546,80.1917190552,78352,78362,10
13.0873603821,80.192489624,78362,78372,10
13.0873003006,80.1930999756,78372,78382,10
13.0872898102,80.1939620972,78382,78392,10
13.087269783,80.1949005127,78392,78403,11
13.0872602463,80.1958236694,78403,78413,10
13.0872297287,80.1968765259,78413,78423,10
13.087220192,80.1976470947,78423,78433,10
13.0872001648,80.1977767944,78433,78443,10
13.0872001648,80.1980895996,78443,78453,10
13.087389946,80.1984634399,78453,78463,10
13.0878095627,80.1984710693,78463,78473,10
13.08852005,80.1984786987,78473,78483,10
13.0891895294,80.1985015869,78483,78493,10
13.0898199081,80.1985168457,78493,78503,10
13.0905199051,80.1985778809,78503,78514,11
13.0913896561,80.1986465454,78514,78524,10
13.0922899246,80.1986923218,78524,78534,10
13.0929899216,80.1987228394,78534,78544,10
13.0929698944,80.1991882324,78544,78554,10
13.0929098129,80.199798584,78554,78564,10
13.092880249,80.2004013062,78564,78574,10
13.0928602219,80.2005310059,78574,78584,10
13.0927000046,80.2006607056,78584,78594,10
13.0921201706,80.2006072998,78594,78604,10
13.0913295746,80.2005767822,78604,78613,9
13.0905799866,80.2005615234,78613,78625,12
13.0895395279,80.2005386353,78625,78635,10
13.0887498856,80.2004623413,78635,78645,10
13.0878601074,80.2004318237,78645,78655,10
13.0872001648,80.2004089355,78655,78665,10
13.086520195,80.200378418,78665,78675,10
13.0857496262,80.2003707886,78675,78685,10
13.0853395462,80.2003173828,78685,78695,10
13.0852403641,80.200012207,78695,78705,10
13.0852804184,80.1994171143,78705,78715,10
13.0852804184,80.1988372803,78715,78726,11
13.0850801468,80.1987075806,78726,78736,10
13.084280014,80.1987228394,78736,78756,20
13.084280014,80.1987228394,78756,78766,10
13.0839004517,80.1986999512,78766,78776,10
13.0834197998,80.198677063,78776,78786,10
13.0828800201,80.1986465454,78786,78796,10
13.0823202133,80.1986465454,78796,78806,10
13.0819196701,80.1986465454,78806,78816,10
13.0813503265,80.1986465454,78816,78826,10
13.0807695389,80.1986618042,78826,78837,11
13.0800104141,80.1987380981,78837,78847,10
13.0792303085,80.1988220215,78847,78857,10
13.0783700943,80.1989135742,78857,78867,10
13.0775995255,80.1990127563,78867,78877,10
13.0768604279,80.1990890503,78877,78887,10
13.0761003494,80.1991882324,78887,78897,10
13.0751495361,80.1993637085,78897,78907,10
13.0743198395,80.1997909546,78907,78917,10
13.0737895966,80.2003631592,78917,78927,10
13.0735702515,80.2006607056,78927,78937,10
13.0735502243,80.2006988525,78937,78948,11
13.0732097626,80.2011032104,78948,78958,10
13.0727500916,80.2016372681,78958,78968,10
13.072429657,80.2020797729,78968,78978,10
13.0722303391,80.202293396,78978,78988,10
13.0718202591,80.2026824951,78988,78998,10
13.0712795258,80.2033081055,78998,79008,10
13.0706195831,80.2040634155,79008,79018,10
13.0700798035,80.204750061,79018,79028,10
13.069849968,80.205078125,79028,79038,10
13.0698299408,80.2051010132,79038,79048,10
13.0697803497,80.205078125,79048,79059,11
13.0695104599,80.2049026489,79059,79069,10
13.0691204071,80.2051010132,79069,79079,10
13.0687103271,80.2054367065,79079,79089,10
13.0679597855,80.2053604126,79089,79149,60
13.0679597855,80.2053604126,79149,79159,10
13.0680999756,80.2050628662,79159,79190,31
13.0680999756,80.2050628662,79190,79200,10
13.0682401657,80.2049865723,79200,79210,10
13.0684099197,80.2049407959,79210,79220,10
13.0685796738,80.2048416138,79220,79230,10
13.0689401627,80.204750061,79230,79240,10
13.0692396164,80.2047576904,79240,79250,10
13.069729805,80.2048721313,79250,79270,20
13.069729805,80.2048721313,79270,79281,11
13.0698900223,80.2050476074,79281,79291,10
13.069729805,80.205368042,79291,79301,10
13.0693798065,80.2059173584,79301,79311,10
13.0689401627,80.2066116333,79311,79321,10
13.0684604645,80.2073898315,79321,79331,10
13.0679502487,80.208190918,79331,79341,10
13.0676803589,80.2086105347,79341,79351,10
13.0674200058,80.2089996338,79351,79361,10
13.0670204163,80.2096633911,79361,79371,10
13.0663604736,80.2102737427,79371,79382,11
13.0656003952,80.2108917236,79382,79392,10
13.0651197433,80.2113113403,79392,79402,10
13.065079689,80.2113723755,79402,79412,10
13.065079689,80.2114028931,79412,79422,10
13.0647497177,80.2115631104,79422,79432,10
13.0642004013,80.2117004395,79432,79442,10
13.0639600754,80.2117614746,79442,79452,10
13.0636796951,80.2117462158,79452,79462,10
13.0632400513,80.2117462158,79462,79472,10
13.0625801086,80.211769104,79472,79482,10
13.0617799759,80.2117004395,79482,79492,10
13.0607700348,80.2116928101,79492,79503,11
13.0595998764,80.2116470337,79503,79513,10
13.0586299896,80.2116317749,79513,79523,10
13.0578298569,80.2116088867,79523,79533,10
13.0576000214,80.2116394043,79533,79543,10
13.0574197769,80.2116470337,79543,79553,10
13.0569801331,80.2116394043,79553,79563,10
13.0562496185,80.2116317749,79563,79573,10
13.0553798676,80.2115783691,79573,79583,10
13.0545902252,80.2116088867,79583,79593,10
13.0537996292,80.2117233276,79593,79604,11
13.052740097,80.212020874,79604,79614,10
13.0520000458,80.2121887207,79614,79624,10
13.0513496399,80.2122192383,79624,79634,10
13.0508403778,80.2122192383,79634,79644,10
13.0504598618,80.2122268677,79644,79654,10
13.0499401093,80.2122192383,79654,79674,20
13.0499401093,80.2122192383,79674,79684,10
13.0496397018,80.2122116089,79684,79704,20
13.0496397018,80.2122116089,79704,79715,11
13.0495100021,80.2121887207,79715,79725,10
13.0491304398,80.2121963501,79725,79735,10
13.0484895706,80.2122192383,79735,79745,10
13.0477399826,80.2123184204,79745,79755,10
13.0468997955,80.2123413086,79755,79765,10
13.0460596085,80.2123718262,79765,79775,10
13.0450801849,80.2124633789,79775,79785,10
13.0443401337,80.2124710083,79785,79795,10
13.0436601639,80.2124176025,79795,79805,10
13.0427999496,80.2124023438,79805,79815,10
13.0419597626,80.2124786377,79815,79826,11
13.0409002304,80.2125091553,79826,79836,10
13.0399198532,80.2124710083,79836,79846,10
13.0388698578,80.2124633789,79846,79856,10
13.0378198624,80.2124176025,79856,79896,40
13.0378198624,80.2124176025,79896,79906,10
13.037730217,80.2124404907,79906,79916,10
13.0373802185,80.2124404907,79916,79926,10
13.0367298126,80.2123794556,79926,79937,11
13.0357999802,80.212387085,79937,79947,10
13.0349397659,80.2123413086,79947,79957,10
13.0345096588,80.2122268677,79957,79987,30
13.0345096588,80.2122268677,79987,79997,10
13.034070015,80.2121734619,79997,80007,10
13.0337200165,80.212097168,80007,80017,10
13.0332603455,80.2119598389,80017,80027,10
13.0325803757,80.2118530273,80027,80038,11
13.0320100784,80.2115936279,80038,80048,10
13.0320796967,80.2109603882,80048,80058,10
13.032119751,80.2101898193,80058,80068,10
13.0319795609,80.2097015381,80068,80078,10
13.0313796997,80.2095413208,80078,80088,10
13.0303096771,80.2092208862,80088,80118,30
13.0303096771,80.2092208862,80118,80128,10
13.030090332,80.2091369629,80128,80138,10
13.0297403336,80.2090530396,80138,80149,11
13.0295696259,80.2090072632,80149,80159,10
13.0293903351,80.2089767456,80159,80169,10
13.0288200378,80.2087936401,80169,80179,10
13.0280399323,80.2085189819,80179,80189,10
13.027299881,80.208152771,80189,80199,10
13.0265398026,80.2076873779,80199,80209,10
13.0257101059,80.2072296143,80209,80219,10
13.0242099762,80.2069091797,80219,80239,20
13.0242099762,80.2069091797,80239,80249,10
13.0240402222,80.2068710327,80249,80260,11
13.0234498978,80.2067337036,80260,80270,10
13.0227403641,80.2066192627,80270,80280,10
13.0219802856,80.2065200806,80280,80290,10
13.0211896896,80.2065200806,80290,80300,10
13.0201702118,80.2065200806,80300,80310,10
13.0190601349,80.2063903809,80310,80330,20
13.0190601349,80.2063903809,80330,80340,10
13.0187501907,80.2062225342,80340,80350,10
13.0181398392,80.2060165405,80350,80360,10
13.0173797607,80.2057495117,80360,80371,11
13.0165195465,80.2053604126,80371,80381,10
13.015540123,80.2050476074,80381,80391,10
13.0145902634,80.2047271729,80391,80401,10
13.0142498016,80.2046127319,80401,80411,10
13.0141401291,80.2045669556,80411,80421,10
13.013759613,80.2044372559,80421,80431,10
13.0135803223,80.2045822144,80431,80441,10
13.0135202408,80.204826355,80441,80451,10
13.0133695602,80.2053527832,80451,80461,10
13.0131397247,80.2060470581,80461,80471,10
13.0129804611,80.206817627,80471,80482,11
13.0129003525,80.2076263428,80482,80492,10
13.012840271,80.2082138062,80492,80502,10
13.0128698349,80.2086029053,80502,80512,10
13.0129203796,80.2090530396,80512,80522,10
13.0130901337,80.2095184326,80522,80532,10
13.0131797791,80.2100372314,80532,80542,10
13.0130901337,80.2106170654,80542,80552,10
13.0129003525,80.2112197876,80552,80562,10
13.0126695633,80.211730957,80562,80572,10
13.0122804642,80.212387085,80572,80581,9
13.0119695663,80.2128295898,80581,80593,12
13.0117502213,80.212852478,80593,80603,10
13.0113601685,80.2125473022,80603,80613,10
13.0108098984,80.2121429443,80613,80623,10
13.0102100372,80.2116928101,80623,80633,10
13.0093898773,80.2110366821,80633,80653,20
13.0092802048,80.2108612061,80653,80683,30
13.0092802048,80.2108612061,80683,80694,11
13.009180069,80.2112197876,80694,80704,10
13.0090303421,80.211517334,80704,80714,10
13.0091199875,80.2119216919,80714,80724,10
13.0092897415,80.2124633789,80724,80734,10
13.009519577,80.2130966187,80734,80744,10
13.009759903,80.213722229,80744,80754,10
13.010020256,80.2143325806,80754,80764,10
13.0101900101,80.2150497437,80764,80774,10
13.010310173,80.2157974243,80774,80784,10
13.0106401443,80.2165374756,80784,80793,9
13.0109500885,80.2172012329,80793,80805,12
13.0114097595,80.2183074951,80805,80815,10
13.0117797852,80.2193832397,80815,80824,9
13.0120601654,80.2203216553,80824,80835,11
13.0122995377,80.2211380005,80835,80845,10
13.0123596191,80.2214736938,80845,80855,10
13.0125799179,80.2218017578,80855,80865,10
13.0129499435,80.2222900391,80865,80875,10
13.0133495331,80.2227630615,80875,80885,10
13.0138597488,80.2233200073,80885,80895,10
13.0143098831,80.2238311768,80895,80905,10
13.0148296356,80.2244415283,80905,80916,11
13.0151100159,80.2248077393,80916,80926,10
13.0153598785,80.2251434326,80926,80936,10
13.0154399872,80.2255020142,80936,80946,10
13.0152702332,80.2258682251,80946,80956,10
13.0148096085,80.2260894775,80956,80966,10
13.0143499374,80.2262802124,80966,80976,10
13.0136404037,80.2265319824,80976,80986,10
13.0128002167,80.2268371582,80986,80996,10
13.0119800568,80.2271499634,80996,81006,10
13.011059761,80.2275238037,81006,81016,10
13.0101299286,80.2278823853,81016,81027,11
13.0095300674,80.2276535034,81027,81037,10
13.0097999573,80.2270126343,81037,81047,10
13.0101604462,80.2261962891,81047,81057,10
13.0105400085,80.2252578735,81057,81067,10
13.010840416,80.2244796753,81067,81077,10
13.0111598969,80.2237472534,81077,81087,10
13.0113096237,80.2232971191,81087,81097,10
13.0109701157,80.2230072021,81097,81107,10
13.0103597641,80.2227020264,81107,81117,10
13.0097904205,80.2224273682,81117,81126,9
13.0092697144,80.22215271,81126,81138,12
13.008480072,80.2217483521,81138,81148,10
13.0077104568,80.2213592529,81148,81158,10
13.0069904327,80.2209472656,81158,81168,10
13.0062198639,80.2206420898,81168,81178,10
13.0053901672,80.2204818726,81178,81188,10
13.0046596527,80.2203292847,81188,81198,10
13.0040302277,80.220161438,81198,81207,9
13.0034399033,80.2200164795,81207,81218,11
13.0025701523,80.2196273804,81218,81228,10
13.001950264,80.2189788818,81228,81238,10
13.0012702942,80.2183685303,81238,81249,11
13.000459671,80.2178573608,81249,81259,10
12.9996900558,80.2173919678,81259,81269,10
12.9988698959,80.2169418335,81269,81279,10
12.9979496002,80.2165985107,81279,81289,10
12.9972600937,80.2165527344,81289,81299,10
12.9972200394,80.2165374756,81299,81309,10
12.9970197678,80.2165527344,81309,81319,10
12.996509552,80.2166213989,81319,81329,10
12.9957799911,80.2168121338,81329,81339,10
12.9952201843,80.2170333862,81339,81350,11
12.9949598312,80.2171707153,81350,81360,10
12.9947004318,80.217338562,81360,81370,10
12.9942302704,80.2176818848,81370,81380,10
12.9938201904,80.2179718018,81380,81390,10
12.993229866,80.2183685303,81390,81400,10
12.9925899506,80.2188720703,81400,81410,10
12.9919099808,80.2193832397,81410,81420,10
12.9914102554,80.2196502686,81420,81430,10
12.9910898209,80.2195129395,81430,81440,10
12.9910297394,80.2194519043,81440,81450,10
12.9905900955,80.219291687,81450,81461,11
12.9898099899,80.2190170288,81461,81471,10
12.9890403748,80.21875,81471,81481,10
12.988120079,80.2184829712,81481,81491,10
12.9873399734,80.2183532715,81491,81501,10
12.9868001938,80.21824646,81501,81511,10
12.986700058,80.2182388306,81511,81521,10
12.9862499237,80.2181167603,81521,81531,10
12.9853801727,80.2179718018,81531,81541,10
12.9839296341,80.2179794312,81541,81561,20
12.9839296341,80.2179794312,81561,81572,11
12.9835300446,80.2179870605,81572,81582,10
12.9827699661,80.2179794312,81582,81592,10
12.9818897247,80.2179870605,81592,81602,10
12.9809503555,80.21824646,81602,81612,10
12.9801397324,80.2185287476,81612,81622,10
12.9794998169,80.2187805176,81622,81632,10
12.978890419,80.219078064,81632,81642,10
12.9784698486,80.21925354,81642,81652,10
12.9777402878,80.2195129395,81652,81662,10
12.9768104553,80.2198867798,81662,81672,10
12.9759902954,80.2202911377,81672,81683,11
12.9755001068,80.220703125,81683,81753,70
12.9755001068,80.220703125,81753,81763,10
12.9757204056,80.2209625244,81763,81854,91
12.9757204056,80.2209625244,81854,81864,10
12.9759302139,80.2211303711,81864,81874,10
12.976099968,80.221206665,81874,81884,10
12.9762296677,80.221206665,81884,81893,9
12.976559639,80.2212371826,81893,81905,12
12.9772796631,80.2212371826,81905,81915,10
12.9778995514,80.2212371826,81915,81925,10
12.9785003662,80.2212219238,81925,81935,10
12.979060173,80.2211685181,81935,81945,10
12.9798297882,80.2210617065,81945,81955,10
12.9806003571,80.220993042,81955,81965,10
12.9812898636,80.2211532593,81965,81975,10
12.9818000793,80.2214508057,81975,81985,10
12.9823904037,80.221786499,81985,81995,10
12.9829502106,80.2219467163,81995,82006,11
12.9830703735,80.2220001221,82006,82016,10
12.9832696915,80.22215271,82016,82026,10
12.9836597443,80.2224197388,82026,82036,10
12.9842195511,80.2227325439,82036,82046,10
12.9848098755,80.2231216431,82046,82056,10
12.9854001999,80.2232589722,82056,82066,10
12.9858598709,80.2229690552,82066,82076,10
12.9866504669,80.2229919434,82076,82086,10
12.9870700836,80.2230911255,82086,82096,10
12.9876804352,80.2230300903,82096,82106,10
12.9883899689,80.2225494385,82106,82117,11
12.9890899658,80.2218017578,82117,82127,10
12.989689827,80.2210235596,82127,82137,10
12.9903802872,80.2203598022,82137,82147,10
12.9909601212,80.2199401855,82147,82157,10
12.9914903641,80.219581604,82157,82167,10
12.9921598434,80.219078064,82167,82177,10
12.9928998947,80.2185211182,82177,82187,10
12.9935102463,80.2180633545,82187,82197,10
12.994020462,80.2177124023,82197,82207,10
12.9945602417,80.2173309326,82207,82217,10
12.9948701859,80.2171020508,82217,82228,11
12.9954004288,80.2167816162,82228,82238,10
12.9961204529,80.2165603638,82238,82248,10
12.9968795776,80.2164611816,82248,82258,10
12.9972896576,80.216178894,82258,82268,10
12.9976596832,80.2158584595,82268,82278,10
12.9977998734,80.2157974243,82278,82288,10
12.9981803894,80.215461731,82288,82298,10
12.9987297058,80.2149963379,82298,82308,10
12.9990797043,80.2147064209,82308,82318,10
12.9993600845,80.2145080566,82318,82328,10
12.9997997284,80.2141265869,82328,82338,10
13.0002002716,80.2137908936,82338,82349,11
13.0007600784,80.2132873535,82349,82359,10
13.0012702942,80.2129135132,82359,82369,10
13.0018501282,80.2124862671,82369,82379,10
13.002409935,80.2121582031,82379,82389,10
13.0029802322,80.212059021,82389,82399,10
13.0035600662,80.2119903564,82399,82419,20
13.0035600662,80.2119903564,82419,82429,10
13.0036897659,80.2116317749,82429,82439,10
13.0036802292,80.2111206055,82439,82450,11
13.0035896301,80.2104110718,82450,82460,10
13.0035200119,80.2097473145,82460,82470,10
13.0036001205,80.2091293335,82470,82480,10
13.0038404465,80.2086334229,82480,82490,10
13.0045003891,80.2088317871,82490,82500,10
13.005279541,80.2091903687,82500,82510,10
13.0061101913,80.2095108032,82510,82520,10
13.0068397522,80.2097167969,82520,82530,10
13.0070199966,80.2097167969,82530,82540,10
13.0073795319,80.2098312378,82540,82550,10
13.0078802109,80.2099533081,82550,82561,11
13.0080900192,80.2099227905,82561,82571,10
13.008099556,80.2095336914,82571,82581,10
13.0079698563,80.208946228,82581,82591,10
13.0078496933,80.2081832886,82591,82601,10
13.0077295303,80.207572937,82601,82611,10
13.0076599121,80.2070007324,82611,82621,10
13.0075397491,80.2062911987,82621,82631,10
13.0073699951,80.2055435181,82631,82641,10
13.0071001053,80.2047271729,82641,82651,10
13.0066604614,80.203956604,82651,82662,11
13.0061101913,80.2032089233,82662,82672,10
13.0058803558,80.2028198242,82672,82682,10
13.0057401657,80.2025909424,82682,82692,10
13.0055704117,80.2021865845,82692,82702,10
13.0050897598,80.2016220093,82702,82712,10
13.0045995712,80.2012786865,82712,82722,10
13.0039396286,80.2010498047,82722,82732,10
13.0031404495,80.200843811,82732,82742,10
13.0024499893,80.2005996704,82742,82752,10
13.0019598007,80.2002105713,82752,82762,10
13.0017595291,80.1999206543,82762,82773,11
13.001660347,80.1995925903,82773,82783,10
13.001660347,80.1992111206,82783,82793,10
13.0017595291,80.198677063,82793,82803,10
13.0018701553,80.1980514526,82803,82813,10
13.0019197464,80.1971588135,82813,82823,10
13.0015897751,80.1963577271,82823,82833,10
13.0010404587,80.1956329346,82833,82843,10
13.0004196167,80.19480896,82843,82853,10
12.9997501373,80.1940231323,82853,82863,10
12.9990901947,80.1932296753,82863,82873,10
12.9984998703,80.1924667358,82873,82884,11
12.9979696274,80.192527771,82884,82894,10
12.9972896576,80.1930618286,82894,82904,10
12.9969501495,80.1932678223,82904,82914,10
12.9967603683,80.1930770874,82914,82924,10
12.9966096878,80.192527771,82924,82934,10
12.996430397,80.1918487549,82934,82944,10
12.9964399338,80.1914520264,82944,84125,1181
12.9964399338,80.1914520264,84125,84135,10
12.9967403412,80.1910324097,84135,84195,60
12.9967403412,80.1910324097,84195,84206,11
12.9971103668,80.1910705566,84206,84650,444
