13.0141601563,80.2257385254,19,2842,2823
13.0140695572,80.2256393433,2842,3449,607
13.0141801834,80.2256774902,3449,5826,2377
13.0141096115,80.2258682251,5826,8951,3125
13.0141897202,80.2257003784,8951,18640,9689
13.0142803192,80.2258071899,18640,18781,141
13.0142402649,80.2257232666,18781,19540,759
13.0142297745,80.2257766724,19540,20025,485
13.0141897202,80.2257614136,20025,20652,627
13.0143499374,80.2258071899,20652,20865,213
13.0141897202,80.2257003784,20865,21148,283
13.0141897202,80.2257003784,21148,21158,10
13.0142202377,80.2259674072,21158,21188,30
13.0142498016,80.2261581421,21188,21219,31
13.0142498016,80.2261581421,21219,21229,10
13.0141601563,80.2264175415,21229,21259,30
13.0141601563,80.2264175415,21259,21269,10
13.0140104294,80.2264175415,21269,21279,10
13.0136203766,80.2265472412,21279,21290,11
13.0128898621,80.2268295288,21290,21300,10
13.0119895935,80.227180481,21300,21310,10
13.0109500885,80.2275619507,21310,21320,10
13.009929657,80.228012085,21320,21330,10
13.009180069,80.2286224365,21330,21340,10
13.0089502335,80.2297363281,21340,21350,10
13.0087203979,80.2309112549,21350,21360,10
13.0085201263,80.2320098877,21360,21370,10
13.008310318,80.2332000732,21370,21381,11
13.0082302094,80.2336502075,21381,21391,10
13.0081300735,80.2340164185,21391,21401,10
13.0079803467,80.2346801758,21401,21411,10
13.007809639,80.2355499268,21411,21421,10
13.0075998306,80.2366333008,21421,21431,10
13.0073604584,80.2378234863,21431,21441,10
13.0071601868,80.2388687134,21441,21451,10
13.0069303513,80.2398834229,21451,21461,10
13.0068702698,80.2404174805,21461,21472,11
13.0068597794,80.2407073975,21472,21482,10
13.006819725,80.2409973145,21482,21492,10
13.0067796707,80.2416763306,21492,21502,10
13.0067796707,80.2425308228,21502,21512,10
13.0067195892,80.2434387207,21512,21522,10
13.0067396164,80.244468689,21522,21532,10
13.0067501068,80.2456665039,21532,21542,10
13.0067996979,80.246673584,21542,21552,10
13.0067996979,80.2472763062,21552,21563,11
13.0064201355,80.2473907471,21563,21573,10
13.006360054,80.2473831177,21573,21583,10
13.0060997009,80.2473831177,21583,21593,10
13.0055303574,80.2473602295,21593,21603,10
13.0047903061,80.2473983765,21603,21613,10
13.0037403107,80.2475204468,21613,21623,10
13.002699852,80.2477035522,21623,21633,10
13.0018796921,80.2478790283,21633,21643,10
13.0009298325,80.2481231689,21643,21654,11
12.9996404648,80.2484436035,21654,21664,10
12.9982595444,80.2488021851,21664,21674,10
12.9968299866,80.2491607666,21674,21684,10
12.9953203201,80.2495498657,21684,21694,10
12.9938697815,80.2499237061,21694,21704,10
12.9924001694,80.250289917,21704,21714,10
12.9913196564,80.2505874634,21714,21724,10
12.9912595749,80.2506027222,21724,21734,10
12.9907598495,80.2506866455,21734,21745,11
12.9897403717,80.2509307861,21745,21755,10
12.9886102676,80.2512207031,21755,21765,10
12.9880104065,80.2513809204,21765,21785,20
12.9880104065,80.2513809204,21785,21795,10
12.9878396988,80.2514419556,21795,21805,10
12.9873199463,80.2515563965,21805,21815,10
12.9865398407,80.2517929077,21815,21825,10
12.9855003357,80.2520370483,21825,21836,11
12.9840497971,80.2524185181,21836,21846,10
12.9827003479,80.2526779175,21846,21856,10
12.9812498093,80.2527084351,21856,21866,10
12.9801502228,80.2528076172,21866,21876,10
12.9791498184,80.2526931763,21876,21886,10
12.9787902832,80.2526397705,21886,21896,10
12.9783496857,80.2524185181,21896,21906,10
12.9776697159,80.2518234253,21906,21917,11
12.9765396118,80.2512512207,21917,21927,10
12.9753303528,80.2509231567,21927,21937,10
12.9740600586,80.2505569458,21937,21947,10
12.9726896286,80.2501907349,21947,21957,10
12.9714202881,80.2498474121,21957,21967,10
12.9699602127,80.2493667603,21967,21977,10
12.9684000015,80.2487411499,21977,21987,10
12.9669904709,80.2481536865,21987,21997,10
12.9659204483,80.2476501465,21997,22008,11
12.9651699066,80.2474212646,22008,22018,10
12.9648895264,80.2473068237,22018,22028,10
12.9641599655,80.2470092773,22028,22038,10
12.9633197784,80.246673584,22038,22048,10
12.9623403549,80.2461776733,22048,22058,10
12.9611101151,80.2455673218,22058,22068,10
12.9597301483,80.2449417114,22068,22078,10
12.958530426,80.244430542,22078,22088,10
12.9575996399,80.2440567017,22088,22099,11
12.9565601349,80.2436904907,22099,22109,10
12.9561796188,80.2435379028,22109,22119,10
12.9555397034,80.2432403564,22119,22129,10
12.9547100067,80.2428817749,22129,22139,10
12.9537096024,80.2424468994,22139,22149,10
12.952580452,80.2419967651,22149,22159,10
12.9515600204,80.2416305542,22159,22169,10
12.9504404068,80.2412796021,22169,22179,10
12.9493103027,80.2409362793,22179,22190,11
12.9483098984,80.2405471802,22190,22200,10
12.9472799301,80.2401275635,22200,22210,10
12.9464101791,80.2397613525,22210,22220,10
12.9454603195,80.2393035889,22220,22230,10
12.9446001053,80.2385177612,22230,22240,10
12.9437799454,80.2376327515,22240,22250,10
12.9429197311,80.2368087769,22250,22260,10
12.9417800903,80.2363586426,22260,22270,10
12.9405698776,80.2360610962,22270,22281,11
12.9397096634,80.235786438,22281,22291,10
12.9393997192,80.2356262207,22291,22301,10
12.9387197495,80.2352905273,22301,22311,10
12.9378299713,80.2348403931,22311,22321,10
12.9367704391,80.234336853,22321,22331,10
12.935790062,80.2338485718,22331,22341,10
12.9348402023,80.2334213257,22341,22351,10
12.9339599609,80.233039856,22351,22361,10
12.9338502884,80.2329788208,22361,22372,11
12.9335298538,80.2328262329,22372,22382,10
12.9328603745,80.2325363159,22382,22392,10
12.9319801331,80.2322311401,22392,22402,10
12.9314403534,80.2320632935,22402,22412,10
12.9306402206,80.2317810059,22412,22422,10
12.9295797348,80.2314987183,22422,22432,10
12.9284095764,80.2312774658,22432,22442,10
12.9271697998,80.2311172485,22442,22452,10
12.925909996,80.23097229,22452,22463,11
12.9245500565,80.2308120728,22463,22473,10
12.9233398438,80.2306594849,22473,22483,10
12.9221000671,80.23046875,22483,22493,10
12.9208402634,80.2303009033,22493,22503,10
12.9195604324,80.2301330566,22503,22513,10
12.9182901382,80.2299575806,22513,22523,10
12.9170703888,80.2297973633,22523,22533,10
12.9159002304,80.2296295166,22533,22543,10
12.9147100449,80.2294692993,22543,22554,11
12.9135599136,80.2293395996,22554,22564,10
12.9133701324,80.2293319702,22564,22574,10
12.9130401611,80.2292633057,22574,22584,10
12.912320137,80.2291412354,22584,22594,10
12.9113197327,80.2290115356,22594,22604,10
12.9101600647,80.2288513184,22604,22614,10
12.9089803696,80.2286376953,22614,22624,10
12.9078197479,80.2284469604,22624,22634,10
12.906829834,80.2283325195,22634,22645,11
12.9057197571,80.2282409668,22645,22655,10
12.9046001434,80.2281723022,22655,22665,10
12.9034404755,80.2281112671,22665,22675,10
12.9022397995,80.2280578613,22675,22685,10
12.9009504318,80.2279968262,22685,22705,20
12.9009504318,80.2279968262,22705,22715,10
12.9007301331,80.2279891968,22715,22725,10
12.9000997543,80.2279510498,22725,22736,11
12.8995199203,80.2279205322,22736,22746,10
12.8995103836,80.2279205322,22746,22756,10
12.8992395401,80.227897644,22756,22766,10
12.8985500336,80.2278366089,22766,22776,10
12.8976402283,80.2277603149,22776,22786,10
12.8964996338,80.2277069092,22786,22796,10
12.8952903748,80.2276382446,22796,22806,10
12.8940401077,80.2275695801,22806,22816,10
12.8926200867,80.2274093628,22816,22827,11
12.8913602829,80.2273406982,22827,22837,10
12.8900003433,80.2273483276,22837,22847,10
12.8886404037,80.2273635864,22847,22857,10
12.8872804642,80.2272109985,22857,22867,10
12.8859100342,80.2269287109,22867,22877,10
12.8846197128,80.2266998291,22877,22887,10
12.8832397461,80.2267074585,22887,22897,10
12.8818101883,80.2267608643,22897,22908,11
12.88022995,80.2267608643,22908,22918,10
12.8788099289,80.2267913818,22918,22928,10
12.8774404526,80.2268981934,22928,22938,10
12.8764400482,80.2269973755,22938,22948,10
12.8756303787,80.2269821167,22948,22958,10
12.8745603561,80.2268600464,22958,22968,10
12.8734197617,80.2267303467,22968,22978,10
12.872710228,80.2267532349,22978,22988,10
12.872590065,80.2267379761,22988,22999,11
12.8718204498,80.2267074585,22999,23009,10
12.8708000183,80.2266616821,23009,23019,10
12.8696403503,80.2265472412,23019,23029,10
12.8683700562,80.2264175415,23029,23039,10
12.8670301437,80.2265167236,23039,23049,10
12.8656797409,80.2266235352,23049,23059,10
12.8646001816,80.226600647,23059,23069,10
12.862950325,80.2265625,23069,23079,10
12.8617401123,80.2266235352,23079,23090,11
12.8603696823,80.2265701294,23090,23100,10
12.8591499329,80.2264022827,23100,23110,10
12.858499527,80.2263183594,23110,23120,10
12.8577404022,80.2263031006,23120,23130,10
12.8567800522,80.2263717651,23130,23140,10
12.8556499481,80.2264785767,23140,23150,10
12.8543796539,80.2266235352,23150,23160,10
12.8530302048,80.2267379761,23160,23170,10
12.8517599106,80.2266769409,23170,23181,11
12.8505296707,80.2266616821,23181,23191,10
12.8502101898,80.2266387939,23191,23201,10
12.8496103287,80.2266235352,23201,23211,10
12.848739624,80.2266082764,23211,23221,10
12.8476295471,80.226600647,23221,23231,10
12.8465003967,80.2266235352,23231,23241,10
12.8456602097,80.2266082764,23241,23251,10
12.8446998596,80.2266387939,23251,23261,10
12.8436002731,80.2267608643,23261,23272,11
12.8423595428,80.2269897461,23272,23282,10
12.8411502838,80.2273025513,23282,23292,10
12.8403196335,80.2275390625,23292,23302,10
12.8398599625,80.2276611328,23302,23312,10
12.839679718,80.2276992798,23312,23322,10
12.839509964,80.2277526855,23322,23332,10
12.8391399384,80.2278671265,23332,23342,10
12.8384599686,80.2280502319,23342,23352,10
12.8375301361,80.2282409668,23352,23363,11
12.8362503052,80.2284393311,23363,23373,10
12.8350601196,80.2286071777,23373,23383,10
12.833820343,80.2288284302,23383,23393,10
12.8326597214,80.2291030884,23393,23403,10
12.8324403763,80.2291412354,23403,23413,10
12.8320398331,80.2291870117,23413,23423,10
12.8313598633,80.229347229,23423,23433,10
12.8305101395,80.2296524048,23433,23443,10
12.8295402527,80.2300109863,23443,23454,11
12.8284196854,80.2305603027,23454,23464,10
12.8273897171,80.2311325073,23464,23474,10
12.826259613,80.2313766479,23474,23484,10
12.8250999451,80.2314224243,23484,23494,10
12.8239297867,80.2312011719,23494,23504,10
12.8227796555,80.2308425903,23504,23514,10
12.8216199875,80.2305297852,23514,23524,10
12.8204402924,80.2304763794,23524,23534,10
12.8192796707,80.2304992676,23534,23545,11
12.8180303574,80.2301101685,23545,23555,10
12.8168802261,80.2296218872,23555,23565,10
12.8156499863,80.2294006348,23565,23575,10
12.8144197464,80.2292175293,23575,23585,10
12.8132200241,80.2288894653,23585,23595,10
12.8120603561,80.2284927368,23595,23605,10
12.8109197617,80.2280578613,23605,23615,10
12.809800148,80.2275924683,23615,23625,10
12.8087100983,80.2268981934,23625,23636,11
12.8077802658,80.2261276245,23636,23646,10
12.8069095612,80.2253799438,23646,23656,10
12.8062000275,80.2247619629,23656,23666,10
12.805560112,80.2242202759,23666,23676,10
12.8050203323,80.2240371704,23676,23686,10
12.8048200607,80.223991394,23686,23696,10
12.8043403625,80.2239379883,23696,23706,10
12.8036899567,80.2238769531,23706,23717,11
12.8027896881,80.223777771,23717,23727,10
12.801779747,80.2236480713,23727,23737,10
12.8006801605,80.2235412598,23737,23747,10
12.799539566,80.223449707,23747,23757,10
12.7984199524,80.2233276367,23757,23767,10
12.7971401215,80.2231674194,23767,23777,10
12.7958698273,80.2229232788,23777,23787,10
12.7945995331,80.2227096558,23787,23797,10
12.7933797836,80.2225189209,23797,23808,11
12.7920999527,80.2223129272,23808,23818,10
12.7910203934,80.222038269,23818,23828,10
12.7899503708,80.2217712402,23828,23838,10
12.7891302109,80.2214889526,23838,23848,10
12.7882204056,80.2211380005,23848,23858,10
12.7876300812,80.220916748,23858,23868,10
12.7871303558,80.2207336426,23868,23878,10
12.7866401672,80.2205429077,23878,23888,10
12.7863397598,80.2204284668,23888,23899,11
12.7863197327,80.2204208374,23899,23909,10
12.7862300873,80.2203979492,23909,23919,10
12.7861700058,80.2207107544,23919,23929,10
12.7861604691,80.2212295532,23929,23939,10
12.786239624,80.2216567993,23939,24010,71
12.7862100601,80.2215881348,24010,24333,323
12.7862100601,80.2215881348,24333,24344,11
12.7862596512,80.2212677002,24344,24354,10
12.786239624,80.2208633423,24354,24364,10
12.7862997055,80.2203292847,24364,24394,30
12.7862997055,80.2203292847,24394,24404,10
12.7866401672,80.2204666138,24404,24414,10
12.7870998383,80.2206573486,24414,24424,10
12.7876300812,80.2208633423,24424,24435,11
12.7883996964,80.2211532593,24435,24445,10
12.7892198563,80.2214584351,24445,24455,10
12.7898797989,80.2216873169,24455,24465,10
12.7906599045,80.2218933105,24465,24475,10
12.7916097641,80.2221298218,24475,24485,10
12.7926702499,80.2223815918,24485,24495,10
12.7937498093,80.2225494385,24495,24505,10
12.7948904037,80.2227325439,24505,24515,10
12.7963399887,80.2229385376,24515,24546,31
12.7963399887,80.2229385376,24546,24556,10
12.7965898514,80.2229995728,24556,24566,10
12.7972002029,80.2231216431,24566,24576,10
12.7980203629,80.2232437134,24576,24586,10
12.7989797592,80.2233428955,24586,24596,10
12.8001298904,80.2234573364,24596,24606,10
12.8012599945,80.2235794067,24606,24617,11
12.8024597168,80.2237014771,24617,24627,10
12.8034000397,80.2238311768,24627,24637,10
12.8043498993,80.2238998413,24637,24647,10
12.8051996231,80.2240219116,24647,24657,10
12.8058700562,80.2243499756,24657,24667,10
12.8066101074,80.2249908447,24667,24677,10
12.8074302673,80.2257080078,24677,24687,10
12.8083400726,80.2264633179,24687,24697,10
12.8092699051,80.2272109985,24697,24708,11
12.8104600906,80.2277984619,24708,24718,10
12.8116102219,80.2282562256,24718,24728,10
12.812789917,80.2286834717,24728,24738,10
12.8139801025,80.2290725708,24738,24748,10
12.8152303696,80.2293014526,24748,24758,10
12.8164796829,80.2294921875,24758,24768,10
12.8176803589,80.2298583984,24768,24778,10
12.8187704086,80.2303771973,24778,24788,10
12.8196697235,80.2304611206,24788,24799,11
12.8199996948,80.2304382324,24799,24809,10
12.8206596375,80.2304229736,24809,24819,10
12.8216295242,80.2304763794,24819,24829,10
12.8227500916,80.230758667,24829,24839,10
12.8239097595,80.2311019897,24839,24849,10
12.8250799179,80.2313766479,24849,24859,10
12.8263196945,80.2313537598,24859,24869,10
12.8275098801,80.2310409546,24869,24880,11
12.828669548,80.2303771973,24880,24890,10
12.8297700882,80.2298965454,24890,24900,10
12.8306903839,80.2295227051,24900,24910,10
12.8311300278,80.229347229,24910,24920,10
12.8313398361,80.2293167114,24920,24930,10
12.8315296173,80.2292633057,24930,24940,10
12.8316602707,80.2292022705,24940,24950,10
12.8320798874,80.2290802002,24950,24960,10
12.8328104019,80.2289428711,24960,24971,11
12.8339500427,80.2287597656,24971,24981,10
12.8351202011,80.228553772,24981,24991,10
12.8363304138,80.2283706665,24991,25001,10
12.8375396729,80.2281799316,25001,25011,10
12.8387002945,80.2279510498,25011,25021,10
12.8395395279,80.2277526855,25021,25041,20
12.8395395279,80.2277526855,25041,25051,10
12.8400096893,80.2276000977,25051,25062,11
12.8407802582,80.2273788452,25062,25072,10
12.8417301178,80.2271118164,25072,25082,10
12.8428401947,80.2268295288,25082,25092,10
12.8439502716,80.2266464233,25092,25102,10
12.8454198837,80.2265319824,25102,25122,20
12.8454198837,80.2265319824,25122,25132,10
12.8457202911,80.2265319824,25132,25142,10
12.846329689,80.2265167236,25142,25153,11
12.8473100662,80.2265167236,25153,25163,10
12.8484201431,80.2265319824,25163,25173,10
12.8495798111,80.2265319824,25173,25183,10
12.8501596451,80.2265090942,25183,25193,10
12.8502597809,80.2265167236,25193,25203,10
12.8507204056,80.2265396118,25203,25213,10
12.8514795303,80.2265777588,25213,25223,10
12.8524503708,80.2266235352,25223,25233,10
12.8535995483,80.2266082764,25233,25244,11
12.8549003601,80.2264709473,25244,25254,10
12.856089592,80.2263565063,25254,25264,10
12.8573198318,80.2262268066,25264,25274,10
12.8585596085,80.2262191772,25274,25284,10
12.8598098755,80.2263793945,25284,25294,10
12.8607196808,80.2264862061,25294,25304,10
12.8607902527,80.2265014648,25304,25314,10
12.8612003326,80.2265319824,25314,25324,10
12.8618803024,80.2265167236,25324,25335,11
12.8623399734,80.2264862061,25335,25345,10
12.8629903793,80.2264633179,25345,25355,10
12.8638000488,80.2264785767,25355,25365,10
12.8648300171,80.2265319824,25365,25375,10
12.8660202026,80.2265319824,25375,25385,10
12.8672704697,80.2264328003,25385,25395,10
12.8685398102,80.2263412476,25395,25405,10
12.8698101044,80.2264709473,25405,25415,10
12.8710803986,80.2265930176,25415,25426,11
12.8724002838,80.2266235352,25426,25436,10
12.8733596802,80.2266464233,25436,25446,10
12.8744697571,80.2267608643,25446,25456,10
12.8756399155,80.226890564,25456,25466,10
12.8766298294,80.2268829346,25466,25476,10
12.8767299652,80.2268829346,25476,25486,10
12.876999855,80.2268676758,25486,25496,10
12.8776502609,80.2268218994,25496,25506,10
12.8784999847,80.2267532349,25506,25517,11
12.8796796799,80.2266998291,25517,25527,10
12.8808603287,80.2266769409,25527,25537,10
12.882060051,80.2266693115,25537,25547,10
12.8832798004,80.2266616821,25547,25557,10
12.8844995499,80.2266387939,25557,25567,10
12.8851995468,80.2266464233,25567,25577,10
12.885310173,80.2266693115,25577,25587,10
12.8857898712,80.2267608643,25587,25598,11
12.8866195679,80.2269973755,25598,25608,10
12.8876199722,80.2272033691,25608,25618,10
12.8887796402,80.2272872925,25618,25628,10
12.8899698257,80.2273101807,25628,25638,10
12.891169548,80.2273330688,25638,25648,10
12.8923797607,80.2273635864,25648,25658,10
12.8935804367,80.2274780273,25658,25668,10
12.8947896957,80.2275924683,25668,25678,10
12.8960103989,80.2276382446,25678,25689,11
12.8973798752,80.2276992798,25689,25699,10
12.898639679,80.2277832031,25699,25709,10
12.8998403549,80.2278594971,25709,25719,10
12.9006500244,80.2278823853,25719,25729,10
12.9010896683,80.2279205322,25729,25739,10
12.9015102386,80.2279510498,25739,25749,10
12.902179718,80.2279815674,25749,25759,10
12.9027795792,80.2280197144,25759,25769,10
12.9030799866,80.228012085,25769,25780,11
12.9032697678,80.2280197144,25780,25790,10
12.9039897919,80.2280731201,25790,25800,10
12.9050102234,80.2281265259,25800,25810,10
12.906080246,80.2282028198,25810,25820,10
12.9066095352,80.2282333374,25820,25830,10
12.9069299698,80.2282562256,25830,25840,10
12.9075498581,80.2283401489,25840,25850,10
12.9084396362,80.2284698486,25850,25860,10
12.9095401764,80.2286529541,25860,25871,11
12.9108200073,80.2288589478,25871,25881,10
12.9120702744,80.2290420532,25881,25891,10
12.9133195877,80.2292098999,25891,25901,10
12.9140300751,80.2292785645,25901,25911,10
12.9141597748,80.2293014526,25911,25921,10
12.9146699905,80.2293701172,25921,25931,10
12.9154596329,80.2294921875,25931,25941,10
12.916469574,80.2296524048,25941,25951,10
12.9175901413,80.2297973633,25951,25962,11
12.9188995361,80.2299804688,25962,25972,10
12.9201698303,80.230140686,25972,25982,10
12.9214200974,80.2303009033,25982,25992,10
12.9226503372,80.2304763794,25992,26002,10
12.9238796234,80.2306594849,26002,26012,10
12.9251003265,80.230796814,26012,26022,10
12.9263496399,80.2309417725,26022,26032,10
12.9275197983,80.2310714722,26032,26042,10
12.9279403687,80.2311172485,26042,26053,11
12.9285697937,80.2312088013,26053,26063,10
12.9293899536,80.2313766479,26063,26073,10
12.9303998947,80.2316207886,26073,26083,10
12.9315299988,80.2319564819,26083,26093,10
12.93268013,80.2323379517,26093,26103,10
12.9336395264,80.2327194214,26103,26113,10
12.9337797165,80.2327880859,26113,26123,10
12.9341697693,80.2329864502,26123,26133,10
12.9348602295,80.2333068848,26133,26144,11
12.9356899261,80.2337036133,26144,26154,10
12.9363002777,80.2339782715,26154,26164,10
12.9371099472,80.2343673706,26164,26174,10
12.9381303787,80.2348632813,26174,26184,10
12.9391899109,80.2353897095,26184,26194,10
12.9396696091,80.2356109619,26194,26204,10
12.9396896362,80.2356109619,26204,26214,10
12.9401302338,80.2358016968,26214,26224,10
12.9410104752,80.2360534668,26224,26235,11
12.9419403076,80.2362976074,26235,26245,10
12.9429798126,80.2367172241,26245,26255,10
12.9438400269,80.2375106812,26255,26265,10
12.9446496964,80.2384185791,26265,26275,10
12.945599556,80.2392730713,26275,26285,10
12.9466896057,80.239730835,26285,26294,9
12.9473304749,80.239982605,26294,26305,11
12.9474802017,80.2400512695,26305,26316,11
12.9482002258,80.2403717041,26316,26326,10
12.9489097595,80.2406463623,26326,26336,10
12.9495897293,80.2409210205,26336,26346,10
12.9501495361,80.2410964966,26346,26356,10
12.9507198334,80.2412719727,26356,26366,10
12.9511804581,80.2413711548,26366,26376,10
12.9511995316,80.2413711548,26376,26386,10
12.9512901306,80.2414016724,26386,26396,10
12.9517602921,80.2415771484,26396,26407,11
12.9525499344,80.2418670654,26407,26417,10
12.953379631,80.2421875,26417,26427,10
12.9540996552,80.2424926758,26427,26437,10
12.9548301697,80.2427825928,26437,26447,10
12.955450058,80.243019104,26447,26457,10
12.9564304352,80.2433624268,26457,26477,20
12.9564304352,80.2433624268,26477,26487,10
12.9567203522,80.2434463501,26487,26498,11
12.9573202133,80.2437515259,26498,26508,10
12.9581098557,80.244102478,26508,26518,10
12.9589099884,80.2444000244,26518,26528,10
12.9590301514,80.244468689,26528,26538,10
12.9593696594,80.2446517944,26538,26548,10
12.959980011,80.2449417114,26548,26558,10
12.9607801437,80.2453231812,26558,26568,10
12.9617395401,80.2457962036,26568,26578,10
12.9627799988,80.2462921143,26578,26589,11
12.9633398056,80.2465286255,26589,26599,10
12.9638004303,80.2467422485,26599,26609,10
12.9644804001,80.2470016479,26609,26619,10
12.9652900696,80.2472915649,26619,26629,10
12.9661998749,80.2476196289,26629,26639,10
12.9665498734,80.247756958,26639,26649,10
12.9666795731,80.247833252,26649,26659,10
12.9667701721,80.2478713989,26659,26669,10
12.9670696259,80.2480621338,26669,26680,11
12.9677801132,80.2483673096,26680,26690,10
12.9686603546,80.2487106323,26690,26700,10
12.9696598053,80.2491226196,26700,26710,10
12.9707202911,80.2495193481,26710,26720,10
12.9719104767,80.2498626709,26720,26730,10
12.9731798172,80.2501983643,26730,26740,10
12.9744596481,80.2505569458,26740,26750,10
12.9757404327,80.2509384155,26750,26760,10
12.9769802094,80.2512969971,26760,26771,11
12.9779701233,80.2519302368,26771,26781,10
12.9785499573,80.2523269653,26781,26791,10
12.9786500931,80.2523803711,26791,26801,10
12.9790802002,80.2525405884,26801,26811,10
12.9797801971,80.2526168823,26811,26821,10
12.9806699753,80.2526397705,26821,26831,10
12.981760025,80.2526321411,26831,26841,10
12.9829397202,80.252571106,26841,26851,10
12.984120369,80.2523498535,26851,26862,11
12.9853801727,80.2519989014,26862,26872,10
12.9862699509,80.2517623901,26872,26882,10
12.9871902466,80.2514877319,26882,26892,10
12.988120079,80.2512435913,26892,26902,10
12.9891195297,80.2509765625,26902,26912,10
12.9895496368,80.2508468628,26912,26922,10
12.9897098541,80.250831604,26922,26932,10
12.9902095795,80.2507095337,26932,26942,10
12.990940094,80.250541687,26942,26953,11
12.9919500351,80.250289917,26953,26963,10
12.9930095673,80.2500305176,26963,26973,10
12.9941301346,80.2497406006,26973,26983,10
12.9953203201,80.2494277954,26983,26993,10
12.9964504242,80.2491226196,26993,27003,10
12.996720314,80.2490463257,27003,27013,10
12.997130394,80.2489624023,27013,27023,10
12.9978399277,80.2488098145,27023,27033,10
12.9987201691,80.248588562,27033,27044,11
12.9998598099,80.248298645,27044,27054,10
13.0009698868,80.2480392456,27054,27064,10
13.0020999908,80.247756958,27064,27074,10
13.0031995773,80.2475280762,27074,27084,10
13.0043497086,80.2473526001,27084,27094,10
13.0054998398,80.2471694946,27094,27104,10
13.006360054,80.2467498779,27104,27114,10
13.0064401627,80.2466583252,27114,27125,11
13.0065002441,80.2465286255,27125,27135,10
13.0066299438,80.2460479736,27135,27145,10
13.0066699982,80.2452926636,27145,27155,10
13.0066604614,80.2443771362,27155,27165,10
13.0066299438,80.2436294556,27165,27175,10
13.0065898895,80.2428894043,27175,27185,10
13.0065498352,80.2420120239,27185,27195,10
13.0066795349,80.2406768799,27195,27216,21
13.0066795349,80.2406768799,27216,27226,10
13.0067195892,80.2404022217,27226,27236,10
13.0068302155,80.2399902344,27236,27246,10
13.0069904327,80.2392196655,27246,27256,10
13.0071401596,80.2382965088,27256,27266,10
13.0073099136,80.2375106812,27266,27276,10
13.0073795319,80.236869812,27276,27286,10
13.0074100494,80.2367477417,27286,27296,10
13.0075101852,80.2363967896,27296,27307,11
13.0076704025,80.2357025146,27307,27317,10
13.0078201294,80.2349014282,27317,27327,10
13.0080404282,80.2339477539,27327,27337,10
13.0082798004,80.2328033447,27337,27347,10
13.0085201263,80.2315216064,27347,27357,10
13.0087604523,80.2302627563,27357,27367,10
13.0089597702,80.2292480469,27367,27377,10
13.0093202591,80.2278289795,27377,27386,9
13.0097799301,80.2268218994,27386,27398,12
13.0104198456,80.2255477905,27398,27408,10
13.010840416,80.224609375,27408,27418,10
13.0111398697,80.2238769531,27418,27428,10
13.0113401413,80.2233428955,27428,27438,10
13.011639595,80.2226486206,27438,27448,10
13.0119495392,80.2217407227,27448,27458,10
13.0122098923,80.2214126587,27458,27468,10
13.012550354,80.2218399048,27468,27478,10
13.013010025,80.2223510742,27478,27489,11
13.0136404037,80.2230224609,27489,27499,10
13.0141897202,80.2236709595,27499,27509,10
13.0146799088,80.2242202759,27509,27519,10
13.0150995255,80.2246398926,27519,27529,10
13.0153999329,80.2249069214,27529,27539,10
13.015540123,80.2249832153,27539,27549,10
13.0156202316,80.2250137329,27549,27559,10
13.0159397125,80.2253036499,27559,27568,9
13.0164403915,80.2253417969,27568,27580,12
13.0172796249,80.2250595093,27580,27590,10
13.0180501938,80.2247390747,27590,27600,10
13.0188503265,80.2244262695,27600,27610,10
13.0193901062,80.224357605,27610,27620,10
13.0195503235,80.2243804932,27620,27630,10
13.0197496414,80.2244873047,27630,27640,10
13.0200395584,80.2247314453,27640,27650,10
13.0203504562,80.2249832153,27650,27660,10
13.0208997726,80.2253723145,27660,27671,11
13.0216598511,80.2259674072,27671,27681,10
13.022480011,80.2266616821,27681,27691,10
13.0233001709,80.2273788452,27691,27701,10
13.0239295959,80.2279281616,27701,27711,10
13.0243396759,80.2283477783,27711,27721,10
13.0244398117,80.2284927368,27721,27762,41
13.0244398117,80.2284927368,27762,27772,10
13.0244398117,80.228553772,27772,27782,10
13.0242300034,80.2285232544,27782,27792,10
13.0239896774,80.2281723022,27792,27802,10
13.0234899521,80.2276535034,27802,27812,10
13.0229301453,80.2271575928,27812,27822,10
13.0222997665,80.2265777588,27822,27832,10
13.0214195251,80.2258682251,27832,27843,11
13.0203199387,80.2250595093,27843,27853,10
13.0198497772,80.2247619629,27853,27863,10
13.0198001862,80.2247695923,27863,27873,10
13.0194196701,80.2245864868,27873,27883,10
13.0186004639,80.224609375,27883,27893,10
13.0175600052,80.2249984741,27893,27903,10
13.016500473,80.2254333496,27903,27913,10
13.0154399872,80.2258224487,27913,27923,10
13.0147895813,80.2260971069,27923,27934,11
13.0144195557,80.226272583,27934,27944,10
13.0143995285,80.2262878418,27944,27954,10
13.0139198303,80.2264633179,27954,27964,10
13.0130500793,80.2267837524,27964,27974,10
13.0120000839,80.2272033691,27974,27984,10
13.0108604431,80.2276382446,27984,27994,10
13.0099201202,80.2280426025,27994,28004,10
13.0091295242,80.2286834717,28004,28014,10
13.0089197159,80.2298431396,28014,28025,11
13.008649826,80.2312164307,28025,28035,10
13.0084104538,80.232460022,28035,28045,10
13.0082101822,80.2335281372,28045,28055,10
13.0080795288,80.2342605591,28055,28065,10
13.0078401566,80.2354202271,28065,28075,10
13.0076303482,80.2364425659,28075,28085,10
13.0074901581,80.237159729,28085,28095,10
13.0073003769,80.2380523682,28095,28105,10
13.0071296692,80.2389678955,28105,28116,11
13.0069503784,80.2398910522,28116,28126,10
13.0068101883,80.2406234741,28126,28136,10
13.0066900253,80.2414398193,28136,28146,10
13.0066795349,80.2422714233,28146,28156,10
13.0066699982,80.2430419922,28156,28166,10
13.0066795349,80.2433776855,28166,28176,10
13.0066795349,80.2437820435,28176,28186,10
13.006649971,80.2440795898,28186,28217,31
13.006649971,80.2440795898,28217,28227,10
13.0066795349,80.2444992065,28227,28237,10
13.0066604614,80.244972229,28237,28247,10
13.0066995621,80.2455062866,28247,28257,10
13.0067195892,80.2462463379,28257,28267,10
13.0067300797,80.2469482422,28267,28277,10
13.0061903,80.2474136353,28277,28298,21
13.0061903,80.2474136353,28298,28308,10
13.006070137,80.2474136353,28308,28318,10
13.0055198669,80.2473678589,28318,28328,10
13.004650116,80.2474365234,28328,28338,10
13.0036001205,80.2475967407,28338,28348,10
13.0026903152,80.2477264404,28348,28358,10
13.0020198822,80.2478790283,28358,28368,10
13.0011100769,80.2481079102,28368,28378,10
13.0001001358,80.2483596802,28378,28389,11
12.9988203049,80.2486724854,28389,28399,10
12.9975996017,80.2489624023,28399,28409,10
12.996219635,80.2493362427,28409,28419,10
12.9947795868,80.2497406006,28419,28429,10
12.9933004379,80.2501068115,28429,28439,10
12.9919300079,80.2504425049,28439,28449,10
12.9911603928,80.2506484985,28449,28459,10
12.9910497665,80.2506637573,28459,28469,10
12.990819931,80.2507019043,28469,28480,11
12.9902000427,80.250869751,28480,28490,10
12.9893503189,80.251083374,28490,28500,10
12.9885797501,80.2512588501,28500,28571,71
12.9885797501,80.2512588501,28571,28581,10
12.9883899689,80.2512893677,28581,28591,10
12.9881401062,80.251373291,28591,28601,10
12.987739563,80.2514724731,28601,28611,10
12.9871101379,80.2516403198,28611,28621,10
12.986530304,80.2518310547,28621,28631,10
12.9859600067,80.2519378662,28631,28641,10
12.9851398468,80.2521362305,28641,28652,11
12.9840202332,80.2524490356,28652,28662,10
12.9828195572,80.2526626587,28662,28672,10
12.9815597534,80.2527084351,28672,28682,10
12.9805402756,80.2527770996,28682,28692,10
12.9799900055,80.252822876,28692,28702,10
12.979590416,80.2527389526,28702,28712,10
12.9790496826,80.2526779175,28712,28722,10
12.9788198471,80.2526473999,28722,28743,21
12.9788198471,80.2526473999,28743,28753,10
12.9786996841,80.2525787354,28753,28763,10
12.9782600403,80.2523193359,28763,28773,10
12.977640152,80.2517623901,28773,28783,10
12.9767198563,80.2512588501,28783,28793,10
12.9755496979,80.2509536743,28793,28803,10
12.9743204117,80.2506027222,28803,28813,10
12.97315979,80.250289917,28813,28823,10
12.9720802307,80.2500076294,28823,28834,11
12.9708595276,80.249671936,28834,28844,10
12.9697599411,80.2492675781,28844,28854,10
12.9686403275,80.2488632202,28854,28864,10
12.967590332,80.2484588623,28864,28874,10
12.9668197632,80.2480773926,28874,28884,10
12.9662504196,80.2477798462,28884,28894,10
12.9655504227,80.2475280762,28894,28904,10
12.965379715,80.2474594116,28904,28914,10
12.9650602341,80.2473678589,28914,28925,11
12.9643602371,80.2470703125,28925,28935,10
12.9638900757,80.246887207,28935,28945,10
12.9638595581,80.2468795776,28945,28955,10
12.9636602402,80.2468032837,28955,28965,10
12.9632396698,80.2465896606,28965,28975,10
12.9625101089,80.2462387085,28975,28985,10
12.9615898132,80.2458114624,28985,28995,10
12.9605102539,80.2453079224,28995,29006,11
12.9595003128,80.2448806763,29006,29016,10
12.9594602585,80.2448577881,29016,29026,10
12.9592695236,80.2447433472,29026,29036,10
12.9587602615,80.2444763184,29036,29046,10
12.9579801559,80.2441711426,29046,29056,10
12.9571800232,80.243927002,29056,29066,10
12.956580162,80.2437362671,29066,29127,61
12.956580162,80.2437362671,29127,29137,10
12.9563398361,80.2436599731,29137,29147,10
12.9558696747,80.2434005737,29147,29157,10
12.9551401138,80.2430267334,29157,29167,10
12.9542798996,80.2426605225,29167,29177,10
12.9533700943,80.2422790527,29177,29187,10
12.951789856,80.2417221069,29187,29208,21
12.951789856,80.2417221069,29208,29218,10
12.9514703751,80.2416229248,29218,29228,10
12.9507703781,80.2413635254,29228,29238,10
12.9499902725,80.2411422729,29238,29248,10
12.9497098923,80.2410583496,29248,29258,10
12.9491901398,80.2408828735,29258,29268,10
12.9485797882,80.2406005859,29268,29278,10
12.9472103119,80.2400588989,29278,29299,21
12.9472103119,80.2400588989,29299,29309,10
12.9469995499,80.239982605,29309,29319,10
12.9464197159,80.2397384644,29319,29329,10
12.9456596375,80.2393798828,29329,29339,10
12.9449100494,80.2388076782,29339,29349,10
12.9441699982,80.2380065918,29349,29359,10
12.9434204102,80.2372207642,29359,29370,11
12.9423599243,80.2365036011,29370,29380,10
12.941280365,80.2362136841,29380,29390,10
12.9404201508,80.2360229492,29390,29400,10
12.9400196075,80.2359008789,29400,29420,20
12.9400196075,80.2359008789,29420,29430,10
12.9398002625,80.2358093262,29430,29440,10
12.9396600723,80.2357635498,29440,29450,10
12.9395599365,80.2356796265,29450,29461,11
12.9392204285,80.2355194092,29461,29471,10
12.9388904572,80.2353210449,29471,29481,10
12.9388303757,80.2352828979,29481,29491,10
12.9385595322,80.2351531982,29491,29552,61
12.9385595322,80.2351531982,29552,29562,10
12.9382400513,80.2350234985,29562,29582,20
12.9382400513,80.2350234985,29582,29592,10
12.9380998611,80.2349624634,29592,29602,10
12.9380197525,80.234916687,29602,29663,61
12.9378099442,80.2347793579,29663,29723,60
12.9378099442,80.2347793579,29723,29734,11
12.9374704361,80.23462677,29734,29744,10
12.9371700287,80.2345123291,29744,29906,162
12.9371700287,80.2345123291,29906,29916,10
12.936920166,80.2343673706,29916,29926,10
12.9366903305,80.2342529297,29926,29997,71
12.9364500046,80.234161377,29997,30037,40
12.9361400604,80.2339401245,30037,30077,40
12.9360303879,80.2339477539,30077,30138,61
12.9360303879,80.2339477539,30138,30148,10
12.9358501434,80.2339096069,30148,30158,10
12.9352998734,80.2336730957,30158,30189,31
12.9352998734,80.2336730957,30189,30199,10
12.9350299835,80.2335891724,30199,30229,30
12.9348802567,80.2335281372,30229,30280,51
12.9348802567,80.2335281372,30280,30290,10
12.9346199036,80.2333374023,30290,30300,10
12.9345998764,80.2333374023,30300,30310,10
12.9345502853,80.2333068848,30310,30320,10
12.9342498779,80.2331924438,30320,30350,30
12.9341001511,80.2331237793,30350,30401,51
12.933719635,80.2329406738,30401,30421,20
12.933719635,80.2329406738,30421,30431,10
12.9335002899,80.2328491211,30431,30462,31
12.9335002899,80.2328491211,30462,30472,10
12.9333200455,80.232749939,30472,30553,81
12.9329996109,80.2325668335,30553,30603,50
12.9328603745,80.2325286865,30603,30654,51
12.9328603745,80.2325286865,30654,30664,10
12.9323997498,80.2323379517,30664,30674,10
12.932100296,80.2322387695,30674,30684,10
12.9314603806,80.2320327759,30684,30694,10
12.9305696487,80.2317504883,30694,30704,10
12.929599762,80.2314987183,30704,30715,11
12.928899765,80.2313613892,30715,30725,10
12.9281902313,80.2312469482,30725,30735,10
12.9273300171,80.2311401367,30735,30745,10
12.9261598587,80.2310409546,30745,30775,30
12.9261598587,80.2310409546,30775,30785,10
12.9259595871,80.2310333252,30785,30795,10
12.9253797531,80.2309570313,30795,30806,11
12.9245901108,80.2308502197,30806,30816,10
12.9236803055,80.2307281494,30816,30826,10
12.9226703644,80.2305831909,30826,30836,10
12.9216003418,80.2304077148,30836,30846,10
12.9204597473,80.2302703857,30846,30856,10
12.9193096161,80.2301177979,30856,30866,10
12.9182395935,80.2300033569,30866,30876,10
12.9171199799,80.2298736572,30876,30886,10
12.9160604477,80.2297134399,30886,30897,11
12.9149103165,80.2295608521,30897,30907,10
12.9139499664,80.2294311523,30907,30917,10
12.9130496979,80.229309082,30917,30937,20
12.9130496979,80.229309082,30937,30947,10
12.9130001068,80.2293014526,30947,30957,10
12.9127397537,80.2292404175,30957,30967,10
12.912320137,80.2291793823,30967,30977,10
12.9117298126,80.2291107178,30977,30988,11
12.9108495712,80.2289810181,30988,30998,10
12.9099903107,80.228843689,30998,31008,10
12.9090299606,80.2286605835,31008,31018,10
12.9080200195,80.2285003662,31018,31028,10
12.9074401855,80.2284088135,31028,31038,10
12.9073896408,80.2284011841,31038,31048,10
12.9069900513,80.2283477783,31048,31058,10
12.9064798355,80.2283172607,31058,31068,10
12.9063501358,80.2283172607,31068,31079,11
12.9061002731,80.2282867432,31079,31089,10
12.9055700302,80.2282485962,31089,31099,10
12.904800415,80.228187561,31099,31109,10
12.9039497375,80.2281417847,31109,31119,10
12.9029998779,80.2281036377,31119,31129,10
12.9022798538,80.2280883789,31129,31159,30
12.9022798538,80.2280883789,31159,31170,11
12.9022302628,80.2281112671,31170,31180,10
12.9019804001,80.2280807495,31180,31190,10
12.9016103745,80.2280502319,31190,31200,10
12.901260376,80.2280197144,31200,31210,10
12.9008598328,80.2279891968,31210,31220,10
12.9003696442,80.2279510498,31220,31230,10
12.899769783,80.2279205322,31230,31240,10
12.8991603851,80.2278900146,31240,31250,10
12.8988103867,80.227897644,31250,31281,31
12.8988103867,80.227897644,31281,31291,10
12.8986101151,80.2278671265,31291,31301,10
12.8983898163,80.2278366089,31301,31311,10
12.8979797363,80.2278213501,31311,31321,10
12.8974504471,80.2277832031,31321,31331,10
12.8968696594,80.2277526855,31331,31341,10
12.8961496353,80.2277069092,31341,31352,11
12.8952703476,80.2276611328,31352,31362,10
12.8944597244,80.2276535034,31362,31372,10
12.8935699463,80.2275695801,31372,31382,10
12.8927001953,80.2274703979,31382,31392,10
12.8920202255,80.2273788452,31392,31402,10
12.8912801743,80.2273635864,31402,31412,10
12.89041996,80.2273635864,31412,31422,10
12.8894996643,80.2273712158,31422,31432,10
12.8885602951,80.2273712158,31432,31443,11
12.8875102997,80.2272567749,31443,31453,10
12.8866996765,80.2271194458,31453,31463,10
12.8858203888,80.2268981934,31463,31473,10
12.8851099014,80.2267684937,31473,31483,10
12.8849496841,80.2267608643,31483,31493,10
12.8845901489,80.2267532349,31493,31503,10
12.884059906,80.2267532349,31503,31513,10
12.8834104538,80.2267532349,31513,31524,11
12.8825902939,80.2267532349,31524,31534,10
12.8817996979,80.2267608643,31534,31544,10
12.8810997009,80.2267608643,31544,31554,10
12.8803300858,80.2267608643,31554,31564,10
12.8795204163,80.2267837524,31564,31574,10
12.8786401749,80.2268218994,31574,31584,10
12.8777999878,80.2268981934,31584,31594,10
12.877240181,80.2269515991,31594,31604,10
12.8770999908,80.2269592285,31604,31615,11
12.8768796921,80.2269668579,31615,31625,10
12.8763599396,80.2269973755,31625,31655,30
12.8763599396,80.2269973755,31655,31665,10
12.8761100769,80.2269973755,31665,31675,10
12.8756303787,80.2269668579,31675,31685,10
12.875,80.2268981934,31685,31695,10
12.8742399216,80.2268218994,31695,31706,11
12.8733596802,80.2267379761,31706,31716,10
12.8727397919,80.2267303467,31716,31726,10
12.8723402023,80.2267303467,31726,31736,10
12.8717603683,80.2267074585,31736,31746,10
12.8710002899,80.2266693115,31746,31756,10
12.87018013,80.2266082764,31756,31766,10
12.8692903519,80.2265090942,31766,31776,10
12.8683204651,80.2264175415,31776,31786,10
12.8672704697,80.2265014648,31786,31797,11
12.8661804199,80.2266235352,31797,31807,10
12.8651599884,80.2266311646,31807,31817,10
12.8640699387,80.2265777588,31817,31827,10
12.8629903793,80.2265625,31827,31837,10
12.8619604111,80.2265930176,31837,31847,10
12.8612203598,80.2266387939,31847,31857,10
12.8612003326,80.2266387939,31857,31867,10
12.8610401154,80.2266387939,31867,31877,10
12.86054039,80.2265625,31877,31888,11
12.8598203659,80.2264709473,31888,31898,10
12.8596096039,80.2264633179,31898,31908,10
12.8594703674,80.2264328003,31908,31918,10
12.8591403961,80.2263793945,31918,31928,10
12.858710289,80.22631073,31928,31938,10
12.8580598831,80.2262802124,31938,31948,10
12.8572597504,80.2263183594,31948,31958,10
12.8564195633,80.2264099121,31958,31968,10
12.855509758,80.2265014648,31968,31979,11
12.8544797897,80.2266082764,31979,31989,10
12.8535404205,80.2267074585,31989,31999,10
12.8525800705,80.2267227173,31999,32009,10
12.8516397476,80.2266693115,32009,32019,10
12.8508501053,80.2266387939,32019,32039,20
12.8508501053,80.2266387939,32039,32049,10
12.8506498337,80.2266387939,32049,32059,10
12.8501701355,80.2266235352,32059,32070,11
12.8494796753,80.2266082764,32070,32080,10
12.8486700058,80.2266082764,32080,32090,10
12.8477201462,80.2266082764,32090,32100,10
12.846739769,80.2266235352,32100,32110,10
12.8461399078,80.2266235352,32110,32120,10
12.8458595276,80.2266235352,32120,32130,10
12.8457899094,80.2266082764,32130,32140,10
12.8456497192,80.2265777588,32140,32150,10
12.8451299667,80.2266616821,32150,32191,41
12.8451299667,80.2266616821,32191,32201,10
12.8449802399,80.2266693115,32201,32211,10
12.8445901871,80.2266921997,32211,32221,10
12.8443098068,80.2267227173,32221,32231,10
12.8439302444,80.2267379761,32231,32241,10
12.8433704376,80.2268295288,32241,32252,11
12.8426198959,80.2269592285,32252,32262,10
12.8418598175,80.2271194458,32262,32272,10
12.8410902023,80.2273406982,32272,32282,10
12.8403997421,80.2275390625,32282,32292,10
12.8399801254,80.2276992798,32292,32332,40
12.8399801254,80.2276992798,32332,32343,11
12.8394403458,80.2278671265,32343,32353,10
12.8389596939,80.2279205322,32353,32363,10
12.8383398056,80.2280731201,32363,32373,10
12.8375902176,80.2282333374,32373,32383,10
12.8367395401,80.2283706665,32383,32393,10
12.8357400894,80.2285232544,32393,32403,10
12.8346395493,80.2287063599,32403,32413,10
12.8335103989,80.2289123535,32413,32423,10
12.8320598602,80.2292175293,32423,32454,31
12.8320598602,80.2292175293,32454,32464,10
12.8317098618,80.2293014526,32464,32504,40
12.8317098618,80.2293014526,32504,32514,10
12.831580162,80.2289123535,32514,32545,31
12.831580162,80.2289123535,32545,32555,10
12.8315496445,80.2286682129,32555,32565,10
12.8314695358,80.228302002,32565,32575,10
12.8313798904,80.2277984619,32575,32585,10
12.8312597275,80.2272872925,32585,32595,10
12.8310604095,80.2265014648,32595,32616,21
12.8310604095,80.2265014648,32616,32626,10
12.8310499191,80.2264480591,32626,32636,10
12.8310403824,80.2260971069,32636,32646,10
12.8310403824,80.2254714966,32646,32656,10
12.8310403824,80.2248382568,32656,32666,10
12.8310499191,80.2245178223,32666,32676,10
12.8310699463,80.2239837646,32676,32686,10
12.8310804367,80.2232437134,32686,32697,11
12.8310804367,80.222366333,32697,32707,10
12.8310804367,80.2220687866,32707,32717,10
12.8310804367,80.2216033936,32717,32727,10
12.8310804367,80.220916748,32727,32737,10
12.8311004639,80.220123291,32737,32747,10
12.8310804367,80.2196426392,32747,32757,10
12.8307104111,80.2194290161,32757,32767,10
12.829990387,80.2194671631,32767,32777,10
12.8291501999,80.2194900513,32777,32788,11
12.8282003403,80.2194900513,32788,32798,10
12.8276700974,80.2194824219,32798,32808,10
12.8274402618,80.2194900513,32808,32858,50
12.8274402618,80.2194900513,32858,32868,10
12.8273897171,80.2195129395,32868,32879,11
12.8269395828,80.2194900513,32879,32889,10
12.826259613,80.2194595337,32889,32899,10
12.8259000778,80.2194366455,32899,32909,10
12.8250799179,80.2195281982,32909,32929,20
12.8250799179,80.2195281982,32929,32939,10
12.824640274,80.2194366455,32939,32949,10
12.8239898682,80.2194213867,32949,32959,10
12.8229598999,80.2194595337,32959,32980,21
12.8229598999,80.2194595337,32980,32990,10
12.8227396011,80.2194366455,32990,33000,10
12.8226604462,80.2192077637,33000,33010,10
12.8226499557,80.2188796997,33010,33020,10
12.822640419,80.2182998657,33020,33030,10
12.8226604462,80.2173690796,33030,33040,10
12.8226804733,80.2164001465,33040,33050,10
12.8227996826,80.2158889771,33050,33061,11
12.8228597641,80.2159194946,33061,33071,10
12.8231697083,80.2159500122,33071,33081,10
12.8242702484,80.2159423828,33081,34193,1112
12.8244895935,80.2159194946,34193,34550,357
12.8244895935,80.2159194946,34550,34560,10
12.8246898651,80.2160491943,34560,34570,10
12.8250999451,80.2160263062,34570,34580,10
12.8256597519,80.2160263062,34580,34591,11
12.8258600235,80.2161407471,34591,34601,10
12.8258895874,80.2166519165,34601,34611,10
12.8259000778,80.2174377441,34611,34621,10
12.8258800507,80.2184371948,34621,34631,10
12.8258895874,80.2192230225,34631,34641,10
12.8259496689,80.219367981,34641,34651,10
12.8262701035,80.2194137573,34651,34661,10
12.8268899918,80.2194213867,34661,34671,10
12.8274002075,80.2193984985,34671,34682,11
12.827870369,80.2193832397,34682,34692,10
12.8286504745,80.2193832397,34692,34702,10
12.8296403885,80.219367981,34702,34712,10
12.8306398392,80.2193832397,34712,34722,10
12.8310403824,80.2194366455,34722,34732,10
12.831199646,80.2199478149,34732,34742,10
12.8311700821,80.2208328247,34742,34752,10
12.8311595917,80.2218933105,34752,34762,10
12.8311500549,80.2222595215,34762,34773,11
12.8311395645,80.2229766846,34773,34783,10
12.8311395645,80.2238998413,34783,34793,10
12.8311395645,80.2245788574,34793,34803,10
12.8311395645,80.2249526978,34803,34813,10
12.8311300278,80.2255935669,34813,34823,10
12.8311796188,80.2265014648,34823,34833,10
12.8313999176,80.2276229858,34833,34843,10
12.8317098618,80.2289581299,34843,34864,21
12.8317098618,80.2289581299,34864,34874,10
12.8318099976,80.2291183472,34874,34884,10
12.832280159,80.2290420532,34884,34894,10
12.8330698013,80.2288894653,34894,34904,10
12.8340997696,80.2287063599,34904,34914,10
12.8353900909,80.2284927368,34914,34924,10
12.8367395401,80.2282791138,34924,34934,10
12.8380403519,80.2280578613,34934,34945,11
12.8391199112,80.2277832031,34945,34955,10
12.8395004272,80.2276382446,34955,34965,10
12.8396501541,80.2276077271,34965,34975,10
12.8401298523,80.2275009155,34975,34985,10
12.8408098221,80.2273406982,34985,34995,10
12.8416996002,80.2270889282,34995,35005,10
12.8428201675,80.2268600464,35005,35015,10
12.8439598083,80.2266464233,35015,35025,10
12.8450803757,80.2265396118,35025,35036,11
12.8454399109,80.2265014648,35036,35046,10
12.8454799652,80.2265014648,35046,35056,10
12.8456697464,80.2265014648,35056,35066,10
12.8458299637,80.2265014648,35066,35076,10
12.8463497162,80.2265014648,35076,35086,10
12.8471698761,80.2264862061,35086,35096,10
12.8482198715,80.2265014648,35096,35106,10
12.8493204117,80.2264785767,35106,35116,10
12.8500795364,80.2264633179,35116,35127,11
12.8503103256,80.2264633179,35127,35137,10
12.8508901596,80.2264862061,35137,35147,10
12.8517198563,80.2265319824,35147,35157,10
12.8527698517,80.2265777588,35157,35167,10
12.8539600372,80.2265167236,35167,35177,10
12.8551998138,80.2263870239,35177,35187,10
12.8565301895,80.2262420654,35187,35197,10
12.8578796387,80.2261428833,35197,35207,10
12.8592100143,80.2262420654,35207,35218,11
12.8605499268,80.2264175415,35218,35228,10
12.8607997894,80.2264328003,35228,35238,10
12.8611097336,80.2264633179,35238,35248,10
12.8618001938,80.2264633179,35248,35258,10
12.8627195358,80.2264099121,35258,35268,10
12.8638296127,80.2264175415,35268,35278,10
12.8650197983,80.2264709473,35278,35288,10
12.8662395477,80.2264480591,35288,35298,10
12.8675403595,80.2263412476,35298,35309,11
12.8690500259,80.2263336182,35309,35319,10
12.8704395294,80.2264862061,35319,35329,10
12.8718099594,80.2265777588,35329,35339,10
12.8726997375,80.2265625,35339,35349,10
12.8727502823,80.2265625,35349,35359,10
12.8731203079,80.2265777588,35359,35369,10
12.8737897873,80.2266235352,35369,35379,10
12.8746500015,80.2267303467,35379,35389,10
12.8756799698,80.2268371582,35389,35400,11
12.8765602112,80.2268295288,35400,35410,10
12.8771896362,80.2267990112,35410,35420,10
12.8780498505,80.2267379761,35420,35430,10
12.8790998459,80.2266921997,35430,35440,10
12.880279541,80.2266616821,35440,35450,10
12.8812704086,80.2266464233,35450,35460,10
12.8828296661,80.2266387939,35460,35470,10
12.8841295242,80.2266235352,35470,35480,10
12.8850297928,80.2265930176,35480,35491,11
12.8851299286,80.226600647,35491,35501,10
12.8853397369,80.2266235352,35501,35511,10
12.8859195709,80.2267608643,35511,35521,10
12.8867397308,80.2269821167,35521,35531,10
12.8876895905,80.227180481,35531,35541,10
12.8887500763,80.2272720337,35541,35551,10
12.8899297714,80.2272872925,35551,35561,10
12.891169548,80.2272796631,35561,35571,10
12.8922595978,80.2273025513,35571,35582,11
12.8931903839,80.2273712158,35582,35592,10
12.8937997818,80.2274627686,35592,35602,10
12.8945302963,80.2275238037,35602,35612,10
12.8954401016,80.2275619507,35612,35622,10
12.8965396881,80.2276000977,35622,35632,10
12.8977298737,80.2276611328,35632,35642,10
12.8988199234,80.2277374268,35642,35652,10
12.8997402191,80.2277908325,35652,35662,10
12.9001302719,80.2277832031,35662,35895,233
12.9001302719,80.2277832031,35895,35905,10
12.9005899429,80.2278518677,35905,35915,10
12.9010896683,80.2278900146,35915,35925,10
12.9016304016,80.2279205322,35925,35935,10
12.9023399353,80.2279281616,35935,35946,11
12.9025497437,80.2279434204,35946,35956,10
12.9026298523,80.2279586792,35956,35966,10
12.9030799866,80.2279891968,35966,35976,10
12.9038801193,80.2280273438,35976,35986,10
12.9047498703,80.2280578613,35986,35996,10
12.9052696228,80.2280578613,35996,36016,20
12.9052696228,80.2280578613,36016,36027,11
12.9054203033,80.2281112671,36027,36037,10
12.9055700302,80.2281265259,36037,36047,10
12.9056301117,80.2281570435,36047,36057,10
12.9058198929,80.2281417847,36057,36067,10
12.9061002731,80.2281494141,36067,36077,10
12.906539917,80.2281570435,36077,36178,101
12.906539917,80.2281570435,36178,36188,10
12.9067697525,80.2281570435,36188,36198,10
12.9073200226,80.2282409668,36198,36209,11
12.908249855,80.2283782959,36209,36219,10
12.9093198776,80.2285385132,36219,36229,10
12.9105195999,80.2287368774,36229,36239,10
12.9117202759,80.2289199829,36239,36249,10
12.912899971,80.2290802002,36249,36259,10
12.9139900208,80.2292175293,36259,36279,20
12.9139900208,80.2292175293,36279,36289,10
12.9143800735,80.2292861938,36289,36300,11
12.9149999619,80.2293701172,36300,36310,10
12.9158096313,80.2294921875,36310,36320,10
12.9167804718,80.2296218872,36320,36330,10
12.9177904129,80.2297592163,36330,36340,10
12.9189395905,80.2299118042,36340,36350,10
12.9201898575,80.2300872803,36350,36360,10
12.9214801788,80.2302627563,36360,36370,10
12.9227399826,80.2304611206,36370,36380,10
12.9239702225,80.2306365967,36380,36391,11
12.925330162,80.2308120728,36391,36401,10
12.9264001846,80.2309188843,36401,36411,10
12.9265699387,80.2309112549,36411,36421,10
12.9266996384,80.2309188843,36421,36431,10
12.9271802902,80.2309875488,36431,36441,10
12.9278898239,80.2310791016,36441,36451,10
12.9287004471,80.2311782837,36451,36471,20
12.9287004471,80.2311782837,36471,36482,11
12.929019928,80.2312469482,36482,36492,10
12.9295597076,80.2313766479,36492,36502,10
12.9303102493,80.2315597534,36502,36512,10
12.9311704636,80.2318191528,36512,36522,10
12.9320697784,80.2321166992,36522,36532,10
12.9330101013,80.2324295044,36532,36542,10
12.9336500168,80.2326889038,36542,36552,10
12.9336500168,80.2326965332,36552,36562,10
12.9337902069,80.2327575684,36562,36573,11
12.9342803955,80.2329864502,36573,36583,10
12.9350299835,80.2333374023,36583,36593,10
12.9359197617,80.233757019,36593,36603,10
12.936920166,80.2342605591,36603,36613,10
12.9380102158,80.2348022461,36613,36623,10
12.9391098022,80.2353363037,36623,36633,10
12.9394702911,80.2354812622,36633,36643,10
12.9394798279,80.2354888916,36643,36653,10
12.9396800995,80.2356033325,36653,36664,11
12.9398803711,80.2357025146,36664,36674,10
12.9404401779,80.2358779907,36674,36684,10
12.9412097931,80.236076355,36684,36694,10
12.9421195984,80.2363204956,36694,36704,10
12.9430398941,80.2367401123,36704,36714,10
12.9438295364,80.2375030518,36714,36724,10
12.944609642,80.2383422852,36724,36734,10
12.9454803467,80.2391586304,36734,36744,10
12.9465398788,80.2396469116,36744,36755,11
12.9472703934,80.2399520874,36755,36765,10
12.9473600388,80.2399673462,36765,36775,10
12.9474096298,80.2399902344,36775,36785,10
12.9478302002,80.2401733398,36785,36795,10
12.948800087,80.240562439,36795,36906,111
12.948800087,80.240562439,36906,36916,10
12.9489498138,80.2405776978,36916,36926,10
12.9493703842,80.2407608032,36926,36937,11
12.9500799179,80.2409820557,36937,36947,10
12.9508600235,80.2412109375,36947,36957,10
12.9510698318,80.2412796021,36957,36967,10
12.951259613,80.2413787842,36967,36977,10
12.9516201019,80.2415237427,36977,36987,10
12.9519996643,80.2416610718,36987,36997,10
12.952580452,80.2418823242,36997,37007,10
12.9533004761,80.2421569824,37007,37017,10
12.9542999268,80.2425613403,37017,37028,11
12.9550800323,80.2428588867,37028,37038,10
12.9558801651,80.2431411743,37038,37048,10
12.9564599991,80.2433624268,37048,37058,10
12.9569997787,80.2435913086,37058,37068,10
12.9577102661,80.243927002,37068,37078,10
12.9585399628,80.2442779541,37078,37088,10
12.9588699341,80.244430542,37088,37098,10
12.9590196609,80.2445373535,37098,37108,10
12.9594402313,80.244720459,37108,37119,11
12.9601202011,80.2450180054,37119,37129,10
12.9608697891,80.2453613281,37129,37139,10
12.9617300034,80.2457809448,37139,37149,10
12.9625997543,80.2462005615,37149,37159,10
12.9629898071,80.246421814,37159,37169,10
12.9634199142,80.2466506958,37169,37179,10
12.9639596939,80.2468719482,37179,37189,10
12.964679718,80.2471313477,37189,37199,10
12.9655303955,80.2473983765,37199,37210,11
12.9664497375,80.2477722168,37210,37220,10
12.9668798447,80.2479324341,37220,37240,20
12.9668798447,80.2479324341,37240,37250,10
12.967089653,80.2480621338,37250,37260,10
12.9674301147,80.2482070923,37260,37270,10
12.9680204391,80.2484512329,37270,37280,10
12.9687795639,80.2487487793,37280,37291,11
12.9697303772,80.2491378784,37291,37301,10
12.9707202911,80.2495193481,37301,37311,10
12.9718103409,80.2498321533,37311,37321,10
12.9729204178,80.2501220703,37321,37331,10
12.974029541,80.2504196167,37331,37341,10
12.9751300812,80.2507400513,37341,37351,10
12.9762601852,80.2510528564,37351,37361,10
12.977350235,80.251449585,37361,37371,10
12.9785995483,80.2523422241,37371,37402,31
12.9785995483,80.2523422241,37402,37412,10
12.9787397385,80.2524185181,37412,37422,10
12.9791002274,80.252532959,37422,37432,10
12.9795103073,80.252571106,37432,37442,10
12.980050087,80.2526016235,37442,37452,10
12.9806098938,80.2526092529,37452,37462,10
12.9812698364,80.2525787354,37462,37473,11
12.9818696976,80.2525405884,37473,37564,91
12.9818696976,80.2525405884,37564,37574,10
12.982000351,80.252532959,37574,37584,10
12.9823703766,80.2525177002,37584,37594,10
12.982749939,80.2525024414,37594,37604,10
12.9830904007,80.2524719238,37604,37614,10
12.983499527,80.2524185181,37614,37624,10
12.9839801788,80.2522964478,37624,37634,10
12.9841299057,80.2522506714,37634,37735,101
12.9841299057,80.2522506714,37735,37746,11
12.9845895767,80.2521133423,37746,37978,232
12.9845895767,80.2521133423,37978,37988,10
12.9848499298,80.2520675659,37988,37998,10
12.9852895737,80.2519378662,37998,38009,11
12.9858598709,80.2517929077,38009,38019,10
12.986289978,80.2516937256,38019,38029,10
12.9866104126,80.2516021729,38029,38039,10
12.9868803024,80.2515182495,38039,38049,10
12.9872102737,80.251411438,38049,38059,10
12.9874601364,80.2513198853,38059,38069,10
12.9877300262,80.2512893677,38069,38079,10
12.9882297516,80.2511901855,38079,38089,10
12.9894399643,80.2508468628,38089,38110,21
12.9894399643,80.2508468628,38110,38120,10
12.9895401001,80.2509307861,38120,38130,10
12.9899597168,80.2508163452,38130,38140,10
12.9906301498,80.2506332397,38140,38150,10
12.9914398193,80.2504196167,38150,38160,10
12.9923400879,80.2501831055,38160,38170,10
12.9933395386,80.2499313354,38170,38180,10
12.9944400787,80.2496414185,38180,38191,11
12.995639801,80.2493362427,38191,38201,10
12.9964799881,80.2490997314,38201,38211,10
12.9965896606,80.2490768433,38211,38221,10
12.9968299866,80.2490234375,38221,38231,10
12.9974002838,80.248878479,38231,38241,10
12.9982004166,80.2486801147,38241,38251,10
12.9991598129,80.2484512329,38251,38261,10
13.0002698898,80.2481765747,38261,38271,10
13.0014896393,80.2478790283,38271,38282,11
13.0024995804,80.2476272583,38282,38292,10
13.0034704208,80.2474517822,38292,38302,10
13.0045404434,80.2472991943,38302,38312,10
13.0055398941,80.2471389771,38312,38322,10
13.006360054,80.246711731,38322,38332,10
13.0065002441,80.2463912964,38332,38342,10
13.0065002441,80.2463226318,38342,38352,10
13.0065803528,80.2459411621,38352,38362,10
13.0066003799,80.2454528809,38362,38373,11
13.0066204071,80.245010376,38373,38383,10
13.0066003799,80.2446670532,38383,38393,10
13.0066003799,80.2443313599,38393,38403,10
13.0065898895,80.2439804077,38403,38413,10
13.0065803528,80.2436523438,38413,38423,10
13.0065603256,80.2431411743,38423,38433,10
13.006529808,80.2424316406,38433,38443,10
13.0065603256,80.2415771484,38443,38453,10
13.0065803528,80.2409896851,38453,38464,11
13.0066604614,80.2405166626,38464,38474,10
13.0067195892,80.2401885986,38474,38484,10
13.0069103241,80.239616394,38484,38494,10
13.0070295334,80.2388000488,38494,38504,10
13.0071897507,80.2379074097,38504,38514,10
13.0073795319,80.2368392944,38514,38534,20
13.0073795319,80.2368392944,38534,38544,10
13.0074300766,80.2367172241,38544,38555,11
13.0075597763,80.2362365723,38555,38565,10
13.0076999664,80.2355499268,38565,38575,10
13.0077800751,80.2351226807,38575,38585,10
13.0078897476,80.2346572876,38585,38595,10
13.0080299377,80.2339401245,38595,38605,10
13.0082197189,80.233039856,38605,38615,10
13.0083904266,80.2321777344,38615,38625,10
13.0086603165,80.230758667,38625,38635,10
13.0088996887,80.2295303345,38635,38646,11
13.009180069,80.2282180786,38646,38656,10
13.0095996857,80.2272033691,38656,38666,10
13.0101003647,80.2261123657,38666,38676,10
13.0105695724,80.2251205444,38676,38686,10
13.0109596252,80.2242431641,38686,38696,10
13.0114402771,80.2232208252,38696,38726,30
13.0114402771,80.2232208252,38726,38737,11
13.0115804672,80.2228393555,38737,38747,10
13.0118103027,80.2221984863,38747,38757,10
13.0121297836,80.2214431763,38757,38767,10
13.0123300552,80.2214431763,38767,38777,10
13.0124998093,80.2217712402,38777,38787,10
13.0129899979,80.2222824097,38787,38797,10
13.0135002136,80.2228164673,38797,38807,10
13.0139904022,80.2234725952,38807,38817,10
13.0144796371,80.2240219116,38817,38828,11
13.0150098801,80.2245483398,38828,38838,10
13.0152997971,80.2248306274,38838,38848,10
13.0153102875,80.2248382568,38848,38858,10
13.0154399872,80.2249679565,38858,38868,10
13.015879631,80.2252578735,38868,38878,10
13.0165500641,80.2252807617,38878,38888,10
13.0172700882,80.2250137329,38888,38898,10
13.0179595947,80.2247390747,38898,38908,10
13.0186901093,80.2244262695,38908,38919,11
13.0195598602,80.2243804932,38919,38949,30
13.0195598602,80.2243804932,38949,38959,10
13.0197601318,80.2245483398,38959,38969,10
13.0201997757,80.224861145,38969,38979,10
13.0206604004,80.2251815796,38979,38989,10
13.0210800171,80.2255172729,38989,38999,10
13.0216302872,80.2259902954,38999,39010,11
13.0219802856,80.2262191772,39010,39020,10
13.022310257,80.2264862061,39020,39030,10
13.022600174,80.2267303467,39030,39040,10
13.0228395462,80.2269363403,39040,39050,10
13.0230503082,80.2271499634,39050,39060,10
13.0232400894,80.2273330688,39060,39070,10
13.0234899521,80.2275390625,39070,39080,10
13.0238103867,80.2277908325,39080,39090,10
13.0241003036,80.2280578613,39090,39101,11
13.0242795944,80.2282867432,39101,39121,20
13.0242795944,80.2282867432,39121,39131,10
13.0243301392,80.2283782959,39131,39141,10
13.0244197845,80.2285232544,39141,39151,10
13.0241699219,80.2285003662,39151,39161,10
13.0237703323,80.2280197144,39161,39171,10
13.0233001709,80.2275619507,39171,39192,21
13.0230998993,80.2273864746,39192,39293,101
13.0230998993,80.2273864746,39293,39303,10
13.0229902267,80.2271575928,39303,39313,10
13.0229902267,80.2271499634,39313,39323,10
13.0228004456,80.2269973755,39323,39333,10
13.022310257,80.2265014648,39333,39343,10
13.0216598511,80.2259902954,39343,39353,10
13.021030426,80.2255325317,39353,39363,10
13.0203199387,80.2250366211,39363,39374,11
13.0193004608,80.2244796753,39374,39384,10
13.0182504654,80.2246932983,39384,39394,10
13.0173997879,80.2250289917,39394,39404,10
13.0170202255,80.2251663208,39404,39414,10
13.0165901184,80.2253570557,39414,39424,10
13.0163803101,80.2254486084,39424,39434,10
13.0158901215,80.2256088257,39434,39444,10
13.0153102875,80.2258529663,39444,39455,11
13.0146398544,80.2260818481,39455,39465,10
13.0140695572,80.2262802124,39465,39475,10
13.0133895874,80.2265777588,39475,39485,10
13.0124998093,80.2269287109,39485,39495,10
13.0116100311,80.2272872925,39495,39505,10
13.0106897354,80.2276916504,39505,39515,10
13.0097999573,80.2280731201,39515,39525,10
13.0092096329,80.2285003662,39525,39535,10
13.0090198517,80.2292709351,39535,39546,11
13.0088300705,80.2302627563,39546,39556,10
13.008600235,80.2313537598,39556,39566,10
13.0084199905,80.2323226929,39566,39576,10
13.0082798004,80.2330322266,39576,39586,10
13.0081796646,80.2336273193,39586,39596,10
13.0079803467,80.2345962524,39596,39606,10
13.0078001022,80.235458374,39606,39616,10
13.0076198578,80.2363891602,39616,39626,10
13.0073795319,80.2375564575,39626,39637,11
13.0071802139,80.2385101318,39637,39647,10
13.0070295334,80.2393112183,39647,39657,10
13.0068798065,80.2400588989,39657,39667,10
13.0067300797,80.2408370972,39667,39677,10
13.0066404343,80.2417602539,39677,39687,10
13.0066604614,80.2426986694,39687,39697,10
13.0066699982,80.2436523438,39697,39707,10
13.0066795349,80.2445068359,39707,39717,10
13.0066900253,80.2449874878,39717,39728,11
13.0067195892,80.2454833984,39728,39738,10
13.0067396164,80.2461166382,39738,39748,10
13.0067501068,80.2466964722,39748,39758,10
13.0061903,80.2473373413,39758,39778,20
13.0061903,80.2473373413,39778,39788,10
13.0059700012,80.2473373413,39788,39798,10
13.0053796768,80.2473373413,39798,39808,10
13.0044803619,80.2474136353,39808,39819,11
13.0032596588,80.2475814819,39819,39829,10
13.0022296906,80.2477874756,39829,39839,10
13.0011396408,80.248046875,39839,39849,10
12.9999198914,80.2483596802,39849,39859,10
12.9986600876,80.2487030029,39859,39869,10
12.998000145,80.2489013672,39869,39879,10
12.9979496002,80.2489013672,39879,39889,10
12.997469902,80.2490081787,39889,39899,10
12.9966802597,80.249168396,39899,39910,11
12.9955797195,80.249458313,39910,39920,10
12.9944200516,80.2497634888,39920,39930,10
12.9931602478,80.2500686646,39930,39940,10
12.9918498993,80.2504196167,39940,39950,10
12.9910202026,80.2506713867,39950,39960,10
12.9909095764,80.2506866455,39960,39970,10
12.9901599884,80.250869751,39970,40011,41
12.9901599884,80.250869751,40011,40021,10
12.9898900986,80.2508621216,40021,40031,10
12.9893903732,80.2509994507,40031,40041,10
12.9888296127,80.2511978149,40041,40051,10
12.9883403778,80.2513504028,40051,40183,132
12.9883403778,80.2513504028,40183,40193,10
12.9880399704,80.251373291,40193,40203,10
12.987739563,80.2514190674,40203,40213,10
12.9871797562,80.2515792847,40213,40223,10
12.9863796234,80.2518005371,40223,40233,10
12.9854202271,80.2520217896,40233,40243,10
12.9843502045,80.2523117065,40243,40253,10
12.9833498001,80.2525634766,40253,40263,10
12.9822797775,80.2526473999,40263,40274,11
12.9809598923,80.2527084351,40274,40284,10
12.9799900055,80.2527389526,40284,40294,10
12.9790897369,80.2526626587,40294,40304,10
12.9786500931,80.2526016235,40304,40314,10
12.9785404205,80.2525405884,40314,40324,10
12.9780597687,80.2521972656,40324,40334,10
12.9774398804,80.251663208,40334,40344,10
12.9765195847,80.2512435913,40344,40354,10
12.975569725,80.2509613037,40354,40365,11
12.9745397568,80.2506790161,40365,40375,10
12.9736003876,80.2504119873,40375,40385,10
12.9726896286,80.2501907349,40385,40395,10
12.9716796875,80.2499313354,40395,40405,10
12.9707698822,80.2496795654,40405,40415,10
12.9698295593,80.2493515015,40415,40425,10
12.9688196182,80.2489624023,40425,40435,10
12.9679298401,80.248550415,40435,40445,10
12.9670000076,80.2481384277,40445,40456,11
12.9659700394,80.2476730347,40456,40466,10
12.965089798,80.2473983765,40466,40476,10
12.9650297165,80.2473678589,40476,40486,10
12.9648103714,80.2472763062,40486,40496,10
12.9645996094,80.2472000122,40496,40506,10
12.9643001556,80.2470779419,40506,40516,10
12.9640302658,80.2470016479,40516,40526,10
12.9637098312,80.2468795776,40526,40536,10
12.9631996155,80.2466125488,40536,40547,11
12.9623603821,80.2461776733,40547,40557,10
12.9614095688,80.2457199097,40557,40567,10
12.9603700638,80.2452316284,40567,40577,10
12.9594602585,80.2448577881,40577,40587,10
12.959400177,80.2448272705,40587,40597,10
12.9590797424,80.2446594238,40597,40607,10
12.9584999084,80.2444076538,40607,40617,10
12.9577999115,80.2441101074,40617,40627,10
12.9570398331,80.2437820435,40627,40638,11
12.956609726,80.243598938,40638,40708,70
12.956609726,80.243598938,40708,40719,11
12.9560403824,80.2433929443,40719,40729,10
12.9553804398,80.2431182861,40729,40739,10
12.9545602798,80.2427825928,40739,40749,10
12.953619957,80.242401123,40749,40759,10
12.952580452,80.2419662476,40759,40769,10
12.9518098831,80.2417297363,40769,40779,10
12.9515895844,80.2416534424,40779,40789,10
12.9511203766,80.2414779663,40789,40799,10
12.9504003525,80.2412414551,40799,40810,11
12.9493999481,80.2409362793,40810,40820,10
12.9485197067,80.2405776978,40820,40830,10
12.9476499557,80.2402420044,40830,40840,10
12.9473400116,80.2400970459,40840,40850,10
12.9472999573,80.2400894165,40850,40860,10
12.9469404221,80.2399368286,40860,40870,10
12.946269989,80.2396392822,40870,40880,10
12.9453802109,80.2392120361,40880,40890,10
12.9445495605,80.2384033203,40890,40901,11
12.9436702728,80.2374420166,40901,40911,10
12.9428195953,80.2367095947,40911,40921,10
12.9416503906,80.2362823486,40921,40931,10
12.9405002594,80.236000061,40931,40941,10
12.9397296906,80.2357711792,40941,40951,10
12.9396495819,80.2357635498,40951,40961,10
12.9394102097,80.2356185913,40961,40971,10
12.9388303757,80.2353210449,40971,40981,10
12.9380598068,80.2349395752,40981,40992,11
12.9370698929,80.2344589233,40992,41002,10
12.9363603592,80.23412323,41002,41012,10
12.9361600876,80.2340316772,41012,41022,10
12.9359197617,80.2339096069,41022,41042,20
12.9359197617,80.2339096069,41042,41052,10
12.9357204437,80.233833313,41052,41062,10
12.9352502823,80.2336196899,41062,41072,10
12.9338302612,80.2329864502,41072,41093,21
12.9338302612,80.2329864502,41093,41103,10
12.9334602356,80.2328186035,41103,41113,10
12.9328098297,80.2325363159,41113,41123,10
12.9319400787,80.2322387695,41123,41133,10
12.9308900833,80.2318878174,41133,41143,10
12.929690361,80.2315597534,41143,41153,10
12.9287996292,80.2313766479,41153,41163,10
12.9279699326,80.2312393188,41163,41174,11
12.9268503189,80.2310791016,41174,41184,10
12.9257602692,80.2309494019,41184,41194,10
12.9246501923,80.2308120728,41194,41204,10
12.9235200882,80.2306594849,41204,41214,10
12.9223299026,80.2304763794,41214,41224,10
12.9210996628,80.2303085327,41224,41234,10
12.9198703766,80.2301483154,41234,41244,10
12.9187097549,80.2299880981,41244,41254,10
12.9176397324,80.2298583984,41254,41265,11
12.9163703918,80.2296829224,41265,41275,10
12.9151802063,80.2295227051,41275,41285,10
12.914059639,80.2293701172,41285,41295,10
12.9133396149,80.2293319702,41295,41305,10
12.9133195877,80.2293167114,41305,41315,10
12.9132299423,80.2293167114,41315,41325,10
12.9127597809,80.2292404175,41325,41335,10
12.9119796753,80.229133606,41335,41345,10
12.9110498428,80.2289962769,41345,41356,11
12.9098796844,80.2288208008,41356,41366,10
12.9087400436,80.2286224365,41366,41376,10
12.9076099396,80.2284317017,41376,41386,10
12.907119751,80.2283401489,41386,41396,10
12.9071102142,80.2283401489,41396,41406,10
12.9069404602,80.2283401489,41406,41416,10
12.9062995911,80.2282562256,41416,41425,9
12.9055204391,80.2282333374,41425,41436,11
12.9044504166,80.2281723022,41436,41447,11
12.9034404755,80.2281112671,41447,41457,10
12.9024095535,80.2280578613,41457,41467,10
12.9013595581,80.2279891968,41467,41477,10
12.900560379,80.2279281616,41477,41487,10
12.899310112,80.2279129028,41487,41507,20
12.899310112,80.2279129028,41507,41517,10
12.8992099762,80.2278900146,41517,41527,10
12.8988199234,80.2278594971,41527,41538,11
12.8981304169,80.2278137207,41538,41548,10
12.8973398209,80.2277679443,41548,41558,10
12.8964300156,80.227722168,41558,41568,10
12.8954000473,80.2276916504,41568,41578,10
12.8942899704,80.2276306152,41578,41588,10
12.8931703568,80.2274932861,41588,41598,10
12.892539978,80.2274169922,41598,41608,10
12.8924398422,80.2274017334,41608,41618,10
12.8922595978,80.2273864746,41618,41629,11
12.8917198181,80.2273635864,41629,41639,10
12.8909797668,80.2273635864,41639,41649,10
12.8900995255,80.2273635864,41649,41659,10
12.8890695572,80.2273712158,41659,41669,10
12.8879899979,80.2273178101,41669,41679,10
12.8868598938,80.2271499634,41679,41689,10
12.8857498169,80.226890564,41689,41699,10
12.8849000931,80.2267608643,41699,41709,10
12.884759903,80.2267608643,41709,41720,11
12.8845701218,80.2267608643,41720,41730,10
12.8840198517,80.2267379761,41730,41740,10
12.8832397461,80.2267532349,41740,41750,10
12.8823204041,80.2267608643,41750,41760,10
12.8812198639,80.2267608643,41760,41770,10
12.8800697327,80.2267684937,41770,41780,10
12.8788900375,80.2267990112,41780,41790,10
12.8776903152,80.226890564,41790,41800,10
12.8764600754,80.2270202637,41800,41821,21
12.8764600754,80.2270202637,41821,41831,10
12.8761196136,80.2270202637,41831,41841,10
12.8755302429,80.2269897461,41841,41851,10
12.8747596741,80.2268981934,41851,41861,10
12.8737897873,80.2267990112,41861,41871,10
12.8726596832,80.2267532349,41871,41881,10
12.8722000122,80.2267608643,41881,41891,10
12.871919632,80.2267379761,41891,41902,11
12.8712301254,80.2266998291,41902,41912,10
12.8704204559,80.2266387939,41912,41922,10
12.8695001602,80.2265396118,41922,41932,10
12.8684597015,80.2264404297,41932,41942,10
12.8673200607,80.2265090942,41942,41952,10
12.8661899567,80.2266082764,41952,41962,10
12.8650598526,80.2266311646,41962,41972,10
12.8639001846,80.2265777588,41972,41982,10
12.862739563,80.2265701294,41982,41993,11
12.8614997864,80.2266387939,41993,42003,10
12.8609800339,80.2266387939,42003,42013,10
12.8608798981,80.2266387939,42013,42023,10
12.8605003357,80.226600647,42023,42033,10
12.8598604202,80.2265014648,42033,42043,10
12.8590602875,80.2263717651,42043,42053,10
12.8581895828,80.2262878418,42053,42063,10
12.857170105,80.2263183594,42063,42073,10
12.8560800552,80.2264328003,42073,42084,11
12.8548297882,80.2265625,42084,42094,10
12.8536596298,80.2266693115,42094,42104,10
12.8524904251,80.2267074585,42104,42114,10
12.8512802124,80.2266616821,42114,42124,10
12.8502101898,80.2266387939,42124,42134,10
12.8500404358,80.2266387939,42134,42144,10
12.8499097824,80.2266311646,42144,42154,10
12.849439621,80.2266235352,42154,42164,10
12.8486995697,80.2266082764,42164,42175,11
12.8476495743,80.2266082764,42175,42185,10
12.8465595245,80.2266235352,42185,42195,10
12.8453397751,80.2266693115,42195,42215,20
12.8453397751,80.2266693115,42215,42225,10
12.8452396393,80.2266998291,42225,42235,10
12.8447999954,80.2267074585,42235,42245,10
12.8440799713,80.2267608643,42245,42255,10
12.843079567,80.226890564,42255,42266,11
12.8420696259,80.2270736694,42266,42276,10
12.8409404755,80.2273712158,42276,42286,10
12.8397397995,80.2276916504,42286,42306,20
12.8397397995,80.2276916504,42306,42316,10
12.8395795822,80.2277526855,42316,42326,10
12.839099884,80.2278823853,42326,42336,10
12.8383798599,80.2280731201,42336,42346,10
12.8374099731,80.2282714844,42346,42357,11
12.8363304138,80.2284317017,42357,42367,10
12.8352403641,80.2285995483,42367,42377,10
12.8340997696,80.2287826538,42377,42387,10
12.8330001831,80.2289962769,42387,42397,10
12.831990242,80.2292175293,42397,42417,20
12.831990242,80.2292175293,42417,42427,10
12.8317804337,80.2292861938,42427,42437,10
12.8312997818,80.2294006348,42437,42448,11
12.8304595947,80.2296905518,42448,42458,10
12.8294801712,80.2300567627,42458,42468,10
12.8284397125,80.2305374146,42468,42478,10
12.8273601532,80.2311325073,42478,42488,10
12.8261499405,80.2313766479,42488,42498,10
12.8248500824,80.2313995361,42498,42508,10
12.8235902786,80.2311096191,42508,42518,10
12.8223695755,80.23072052,42518,42528,10
12.8210201263,80.2304763794,42528,42539,11
12.8198003769,80.2304992676,42539,42549,10
12.8189296722,80.2305221558,42549,42559,10
12.8187904358,80.2304916382,42559,42569,10
12.8183698654,80.2302703857,42569,42579,10
12.8176002502,80.2299194336,42579,42589,10
12.8165903091,80.2295608521,42589,42599,10
12.8154201508,80.2293777466,42599,42609,10
12.8142004013,80.2291793823,42609,42620,11
12.8128204346,80.228767395,42620,42630,10
12.8114995956,80.2282791138,42630,42640,10
12.8101797104,80.2277603149,42640,42650,10
12.809009552,80.2271575928,42650,42660,10
12.8079996109,80.2263412476,42660,42670,10
12.8071403503,80.2255783081,42670,42680,10
12.8063602448,80.2249069214,42680,42690,10
12.8056001663,80.2242736816,42690,42700,10
12.8049898148,80.2240371704,42700,42711,11
12.8049001694,80.2240371704,42711,42721,10
12.8045597076,80.2239837646,42721,42731,10
12.8045501709,80.2239837646,42731,42741,10
12.8042297363,80.2239608765,42741,42751,10
12.8036403656,80.2239227295,42751,42761,10
12.8028202057,80.2238311768,42761,42771,10
12.8017997742,80.2236862183,42771,42781,10
12.800740242,80.2235794067,42781,42791,10
12.7995996475,80.2234725952,42791,42802,11
12.7983703613,80.2233276367,42802,42812,10
12.7970504761,80.2231521606,42812,42822,10
12.7959499359,80.2229766846,42822,42832,10
12.7958402634,80.2229614258,42832,42842,10
12.7955303192,80.2229003906,42842,42852,10
12.7948904037,80.2227706909,42852,42862,10
12.7940196991,80.2226409912,42862,42872,10
12.7929801941,80.2224884033,42872,42882,10
12.79185009,80.2222518921,42882,42893,11
12.7905597687,80.2219161987,42893,42903,10
12.7896003723,80.2216720581,42903,42913,10
12.7890396118,80.2214736938,42913,42923,10
12.7883996964,80.2211990356,42923,42933,10
12.7878398895,80.2210235596,42933,42943,10
12.787229538,80.2208023071,42943,42953,10
12.7867202759,80.2206115723,42953,42963,10
12.786190033,80.2206268311,42963,43004,41
12.786190033,80.2206268311,43004,43014,10
12.7861499786,80.221031189,43014,43024,10
12.7861995697,80.2215881348,43024,43054,30
12.7861995697,80.2215881348,43054,43064,10
12.786239624,80.2218780518,43064,43075,11
12.7862997055,80.2220535278,43075,43398,323
12.7862997055,80.2220535278,43398,43408,10
12.786359787,80.2218475342,43408,43418,10
12.7862796783,80.2215881348,43418,43428,10
12.786239624,80.2214126587,43428,43439,11
12.7862195969,80.2211608887,43439,43449,10
12.7862100601,80.2209472656,43449,43459,10
12.7861795425,80.2207489014,43459,43469,10
12.7861795425,80.2205123901,43469,43479,10
12.7861795425,80.2204818726,43479,43489,10
12.7863502502,80.2204208374,43489,43550,61
12.7863502502,80.2204208374,43550,43560,10
12.7868003845,80.2206192017,43560,43570,10
12.7871704102,80.220741272,43570,43580,10
12.787730217,80.220916748,43580,43590,10
12.7882995605,80.2211380005,43590,43600,10
12.7890396118,80.2214202881,43600,43610,10
12.7896795273,80.2216567993,43610,43621,11
12.7903404236,80.2218475342,43621,43631,10
12.7911901474,80.2220611572,43631,43641,10
12.7922401428,80.2223205566,43641,43651,10
12.793419838,80.2225189209,43651,43661,10
12.7945995331,80.2226867676,43661,43671,10
12.7956800461,80.222869873,43671,43681,10
12.7964000702,80.2229537964,43681,43691,10
12.7964200974,80.2229614258,43691,43701,10
12.7965097427,80.2229995728,43701,43712,11
12.7969503403,80.2230911255,43712,43722,10
12.7976198196,80.2232131958,43722,43732,10
12.7983999252,80.2232971191,43732,43742,10
12.799249649,80.2233810425,43742,43752,10
12.8002595901,80.2234725952,43752,43762,10
12.8013095856,80.2235412598,43762,43772,10
12.8021802902,80.2236480713,43772,43782,10
12.8030796051,80.223777771,43782,43792,10
12.8040103912,80.2238616943,43792,43803,11
12.8050203323,80.2239837646,43803,43813,10
12.8055200577,80.2241134644,43813,43823,10
12.8056497574,80.2241821289,43823,43833,10
12.8060598373,80.2245178223,43833,43843,10
12.8066997528,80.2250976563,43843,43853,10
12.807299614,80.2256393433,43853,43863,10
12.8083295822,80.2265090942,43863,43873,10
12.8092403412,80.2272262573,43873,43884,11
12.8104896545,80.2278137207,43884,43894,10
12.811750412,80.2283096313,43894,43904,10
12.813079834,80.2287826538,43904,43914,10
12.814450264,80.2291717529,43914,43924,10
12.8157596588,80.2293777466,43924,43934,10
12.8170003891,80.229598999,43934,43944,10
12.818110466,80.2300796509,43944,43954,10
12.8191204071,80.2304611206,43954,43964,10
12.8200397491,80.2304534912,43964,43975,11
12.8212404251,80.2304534912,43975,43985,10
12.8224000931,80.2306671143,43985,43995,10
12.8235797882,80.2310333252,43995,44005,10
12.824760437,80.2313232422,44005,44015,10
12.8259601593,80.231338501,44015,44025,10
12.8271598816,80.2311630249,44025,44035,10
12.8282403946,80.2305831909,44035,44045,10
12.8293304443,80.2300262451,44045,44055,10
12.830450058,80.2295837402,44055,44066,11
12.8310098648,80.2293395996,44066,44076,10
12.8310604095,80.2293167114,44076,44086,10
12.8313999176,80.2292404175,44086,44096,10
12.8319997787,80.2291030884,44096,44106,10
12.8328304291,80.2289276123,44106,44116,10
12.8338804245,80.2287368774,44116,44126,10
12.8350696564,80.228553772,44126,44136,10
12.8363800049,80.2283706665,44136,44146,10
12.8378295898,80.2281417847,44146,44156,10
12.8389396667,80.2278594971,44156,44167,11
12.8393697739,80.2276382446,44167,44177,10
12.8395900726,80.2275772095,44177,44187,10
12.8401203156,80.2275238037,44187,44197,10
12.840959549,80.2273178101,44197,44207,10
12.8420495987,80.2270431519,44207,44217,10
12.8433103561,80.2267913818,44217,44227,10
12.8445997238,80.2266311646,44227,44237,10
12.8455495834,80.2265701294,44237,44247,10
12.845870018,80.2265625,44247,44258,11
12.8465299606,80.2265625,44258,44268,10
12.8474702835,80.2265625,44268,44278,10
12.8486099243,80.2265472412,44278,44288,10
12.8498096466,80.2265167236,44288,44298,10
12.8501796722,80.2264862061,44298,44308,10
12.8506402969,80.2265090942,44308,44318,10
12.8514499664,80.2265625,44318,44328,10
12.8524999619,80.2266311646,44328,44339,11
12.8538599014,80.2265777588,44339,44349,10
12.855219841,80.2264404297,44349,44359,10
12.8566598892,80.2262802124,44359,44369,10
12.858130455,80.2261810303,44369,44379,10
12.8595104218,80.22631073,44379,44389,10
12.8606100082,80.2264633179,44389,44399,10
12.8607196808,80.2264709473,44399,44409,10
12.8611297607,80.2265090942,44409,44419,10
12.8619098663,80.2265014648,44419,44430,11
12.8629598618,80.2264404297,44430,44440,10
12.8640499115,80.2264709473,44440,44450,10
12.865240097,80.2265319824,44450,44460,10
12.8664798737,80.2264709473,44460,44470,10
12.8677196503,80.2263565063,44470,44480,10
12.8689403534,80.2263565063,44480,44490,10
12.8701601028,80.2265014648,44490,44500,10
12.8713598251,80.2265777588,44500,44510,10
12.872300148,80.226600647,44510,44521,11
12.8727903366,80.2266311646,44521,44531,10
12.8730201721,80.226600647,44531,44541,10
12.873339653,80.2266082764,44541,44551,10
12.8739995956,80.2266769409,44551,44561,10
12.8748703003,80.2267990112,44561,44571,10
12.8759498596,80.226890564,44571,44581,10
12.8764600754,80.2268829346,44581,44591,10
12.8766298294,80.2268600464,44591,44601,10
12.8767700195,80.226852417,44601,44612,11
12.8773403168,80.2268218994,44612,44622,10
12.8780899048,80.2267608643,44622,44632,10
12.8789997101,80.2266998291,44632,44642,10
12.8801002502,80.2266921997,44642,44652,10
12.8812599182,80.2266769409,44652,44662,10
12.8824796677,80.2266693115,44662,44672,10
12.8837604523,80.2266464233,44672,44682,10
12.8848896027,80.2266235352,44682,44692,10
12.8851499557,80.2266235352,44692,44703,11
12.8853702545,80.2266616821,44703,44713,10
12.8859500885,80.2267990112,44713,44723,10
12.8867101669,80.2270126343,44723,44733,10
12.8876104355,80.227180481,44733,44743,10
12.8886003494,80.2272720337,44743,44753,10
12.8896799088,80.2272796631,44753,44763,10
12.8908195496,80.2272796631,44763,44773,10
12.8919696808,80.2273025513,44773,44783,10
12.8929004669,80.2273635864,44783,44794,11
12.8939695358,80.2275085449,44794,44804,10
12.8949098587,80.2275924683,44804,44814,10
12.8960199356,80.2276382446,44814,44824,10
12.897190094,80.2276916504,44824,44834,10
12.8984003067,80.2277603149,44834,44844,10
12.8995504379,80.2278213501,44844,44854,10
12.9001398087,80.2278366089,44854,44864,10
12.9005498886,80.2278594971,44864,44874,10
12.900970459,80.227897644,44874,44885,11
12.9012203217,80.2279129028,44885,44895,10
12.9017601013,80.2279281616,44895,44905,10
12.9023103714,80.2279510498,44905,44915,10
12.9024896622,80.2279510498,44915,44925,10
12.902589798,80.2279586792,44925,44935,10
12.9030599594,80.2279968262,44935,44945,10
12.9038295746,80.2280578613,44945,44955,10
12.904800415,80.2281036377,44955,44965,10
12.9055700302,80.2281112671,44965,44976,11
12.9058599472,80.2281265259,44976,44986,10
12.906370163,80.2281494141,44986,45036,50
12.906370163,80.2281494141,45036,45046,10
12.9065504074,80.2281799316,45046,45056,10
12.9069595337,80.2282333374,45056,45067,11
12.9077501297,80.2283477783,45067,45077,10
12.9085197449,80.2285003662,45077,45087,10
12.9095201492,80.2286682129,45087,45097,10
12.91065979,80.2288589478,45097,45107,10
12.9119100571,80.2290420532,45107,45117,10
12.9131603241,80.2291870117,45117,45127,10
12.9139604568,80.2292709351,45127,45137,10
12.9140195847,80.2292785645,45137,45147,10
12.9142904282,80.2293167114,45147,45158,11
12.9149503708,80.2294082642,45158,45168,10
12.9157800674,80.2295379639,45168,45178,10
12.9167098999,80.2296829224,45178,45188,10
12.9177598953,80.2298431396,45188,45198,10
12.9188604355,80.2299804688,45198,45208,10
12.920009613,80.2301330566,45208,45218,10
12.9211702347,80.2302703857,45218,45228,10
12.9223499298,80.2304382324,45228,45238,10
12.9235296249,80.2306213379,45238,45249,11
12.9248600006,80.2307815552,45249,45259,10
12.9261198044,80.2309265137,45259,45269,10
12.9273300171,80.2310562134,45269,45279,10
12.9285697937,80.2312088013,45279,45289,10
12.9297504425,80.2314605713,45289,45299,10
12.9309997559,80.2318191528,45299,45309,10
12.9323396683,80.2322387695,45309,45319,10
12.9335298538,80.232711792,45319,45329,10
12.9345397949,80.2331695557,45329,45340,11
12.9357500076,80.2337036133,45340,45350,10
12.9367303848,80.2341918945,45350,45360,10
12.9377803802,80.2347106934,45360,45370,10
12.9388799667,80.2352523804,45370,45380,10
12.9397497177,80.2356567383,45380,45390,10
12.9398298264,80.2357025146,45390,45400,10
12.9400501251,80.2358016968,45400,45410,10
12.9407701492,80.236000061,45410,45420,10
12.9415903091,80.2361907959,45420,45431,11
12.9426403046,80.2365112305,45431,45441,10
12.9434995651,80.2371368408,45441,45451,10
12.9441900253,80.2378997803,45451,45461,10
12.9449796677,80.2387619019,45461,45471,10
12.9459495544,80.239440918,45471,45481,10
12.9470300674,80.2398681641,45481,45491,10
12.9474000931,80.240020752,45491,45501,10
12.9478302002,80.2402114868,45501,45511,10
12.9484500885,80.240447998,45511,45522,11
12.9487199783,80.2405166626,45522,45532,10
12.9490003586,80.2406463623,45532,45542,10
12.9494695663,80.2408599854,45542,45552,10
12.9501495361,80.2410736084,45552,45562,10
12.9509496689,80.2413330078,45562,45572,10
12.9517202377,80.2415771484,45572,45582,10
12.952340126,80.2418212891,45582,45592,10
12.9534702301,80.2422714233,45592,45602,10
12.9544296265,80.2426605225,45602,45613,11
12.9553403854,80.243019104,45613,45623,10
12.9561395645,80.2432098389,45623,45633,10
12.9564199448,80.2433013916,45633,45663,30
12.9564199448,80.2433013916,45663,45673,10
12.9568395615,80.2434616089,45673,45683,10
12.9575004578,80.243812561,45683,45694,11
12.9584703445,80.2442398071,45694,45704,10
12.9588603973,80.2444000244,45704,45714,10
12.9591302872,80.2445907593,45714,45724,10
12.9597101212,80.2448806763,45724,45734,10
12.9606199265,80.2452926636,45734,45744,10
12.9617500305,80.2458267212,45744,45754,10
12.9627399445,80.2462997437,45754,45764,10
12.9632797241,80.2465286255,45764,45785,21
12.9632797241,80.2465286255,45785,45795,10
12.9634799957,80.246673584,45795,45805,10
12.9638795853,80.2468566895,45805,45815,10
12.9645500183,80.2471084595,45815,45825,10
12.9653396606,80.2473831177,45825,45835,10
12.9661903381,80.2476806641,45835,45845,10
12.9665403366,80.2478179932,45845,45855,10
12.9666996002,80.2478790283,45855,45865,10
12.9671497345,80.2481231689,45865,45876,11
12.9679403305,80.2484817505,45876,45886,10
12.9688501358,80.248840332,45886,45896,10
12.9699296951,80.2492599487,45896,45906,10
12.9710597992,80.249671936,45906,45916,10
12.9722204208,80.2499694824,45916,45926,10
12.9734296799,80.2502975464,45926,45936,10
12.9745397568,80.2506027222,45936,45946,10
12.9757900238,80.2509613037,45946,45956,10
12.9770402908,80.2513427734,45956,45967,11
12.9781799316,80.2521209717,45967,45977,10
12.9785995483,80.2523574829,45977,45987,10
12.9786596298,80.2523803711,45987,45997,10
12.9790201187,80.252532959,45997,46007,10
12.9795103073,80.2526016235,46007,46047,40
12.9795103073,80.2526016235,46047,46058,11
12.9797897339,80.2526168823,46058,46068,10
12.9804496765,80.2526397705,46068,46078,10
12.9813203812,80.2526321411,46078,46088,10
12.9823904037,80.2526016235,46088,46098,10
12.9834804535,80.2524795532,46098,46108,10
12.9844999313,80.2521896362,46108,46118,10
12.985329628,80.2519378662,46118,46189,71
12.985329628,80.2519378662,46189,46199,10
12.9856700897,80.2518768311,46199,46209,10
12.98595047,80.2517929077,46209,46219,10
12.986289978,80.251701355,46219,46229,10
12.9871397018,80.2514801025,46229,46300,71
12.9871397018,80.2514801025,46300,46310,10
12.9874696732,80.251373291,46310,46320,10
12.9881401062,80.2512207031,46320,46331,11
12.9891195297,80.2509918213,46331,46341,10
12.989780426,80.2508010864,46341,46351,10
12.9900302887,80.2507476807,46351,46361,10
12.9905796051,80.250617981,46361,46371,10
12.9913396835,80.2504272461,46371,46381,10
12.9922895432,80.2501983643,46381,46391,10
12.9933204651,80.2499389648,46391,46401,10
12.9941902161,80.249710083,46401,46411,10
12.9951400757,80.24949646,46411,46422,11
12.9963798523,80.2491607666,46422,46431,9
12.9969797134,80.2489776611,46431,46442,11
12.9971199036,80.2489395142,46442,46452,10
12.9975500107,80.248840332,46452,46462,10
12.9982995987,80.2486572266,46462,46472,10
12.9992399216,80.2484436035,46472,46482,10
13.0001802444,80.2482223511,46482,46492,10
13.0012197495,80.2479629517,46492,46502,10
13.0019903183,80.2477722168,46502,46513,11
13.0026798248,80.2476119995,46513,46523,10
13.0035400391,80.2474594116,46523,46533,10
13.0045995712,80.2473373413,46533,46543,10
13.0056400299,80.2471389771,46543,46553,10
13.0063896179,80.2465896606,46553,46563,10
13.0065002441,80.2463378906,46563,46573,10
13.0065202713,80.2462387085,46573,46583,10
13.0065803528,80.2457733154,46583,46593,10
13.0066003799,80.2450180054,46593,46604,11
13.0065603256,80.2444076538,46604,46614,10
13.0065402985,80.2439422607,46614,46624,10
13.006529808,80.2436294556,46624,46634,10
13.0065402985,80.2431411743,46634,46644,10
13.0065097809,80.2424316406,46644,46654,10
13.0065002441,80.2415084839,46654,46664,10
13.0066003799,80.2405395508,46664,46684,20
13.0066003799,80.2405395508,46684,46695,11
13.0066699982,80.2402496338,46695,46705,10
13.0068101883,80.239730835,46705,46715,10
13.0069599152,80.2389984131,46715,46725,10
13.0070800781,80.238319397,46725,46735,10
13.0072097778,80.2376327515,46735,46745,10
13.0073204041,80.2369384766,46745,46755,10
13.007349968,80.2367782593,46755,46765,10
13.0074396133,80.2365188599,46765,46776,11
13.0075798035,80.2358932495,46776,46786,10
13.0077695847,80.2350769043,46786,46796,10
13.0079698563,80.2341003418,46796,46806,10
13.0082101822,80.2329177856,46806,46816,10
13.0084400177,80.2318115234,46816,46826,10
13.0086202621,80.230796814,46826,46836,10
13.0088100433,80.2298202515,46836,46846,10
13.0089197159,80.2291564941,46846,46856,10
13.0091295242,80.2281723022,46856,46867,11
13.0095396042,80.2272033691,46867,46877,10
13.0100097656,80.2261810303,46877,46887,10
13.0103702545,80.2255401611,46887,46897,10
13.0104999542,80.2253570557,46897,46907,10
13.0105800629,80.2251815796,46907,46917,10
13.010720253,80.2247695923,46917,46927,10
13.0109796524,80.2241134644,46927,46937,10
13.0112600327,80.2233810425,46937,46947,10
13.0115299225,80.2226409912,46947,46958,11
13.0118999481,80.2216567993,46958,46968,10
13.0122995377,80.2215194702,46968,46978,10
13.012550354,80.2219161987,46978,46988,10
13.0129804611,80.2223892212,46988,46998,10
13.0136203766,80.2230911255,46998,47008,10
13.0140399933,80.2235794067,47008,47018,10
13.0144796371,80.2240905762,47018,47028,10
13.0150995255,80.2247085571,47028,47038,10
13.0155096054,80.2249832153,47038,47049,11
13.0156002045,80.2250823975,47049,47059,10
13.0159397125,80.2253036499,47059,47069,10
13.0163202286,80.2253417969,47069,47079,10
13.0167598724,80.2252578735,47079,47089,10
13.0174598694,80.2249526978,47089,47099,10
13.0182695389,80.2246170044,47099,47109,10
13.0191202164,80.224357605,47109,47119,10
13.0195198059,80.2244262695,47119,47140,21
13.0195198059,80.2244262695,47140,47150,10
13.0195703506,80.2245025635,47150,47160,10
13.0198602676,80.2247009277,47160,47170,10
13.0203399658,80.2250366211,47170,47180,10
13.0209703445,80.2255020142,47180,47190,10
13.0216503143,80.2259979248,47190,47200,10
13.0220603943,80.2262878418,47200,47210,10
13.022310257,80.2264633179,47210,47220,10
13.0225296021,80.2266616821,47220,47291,71
13.0227098465,80.2269363403,47291,47402,111
13.0227098465,80.2269363403,47402,47413,11
13.0229196548,80.227180481,47413,47423,10
13.0232000351,80.2274398804,47423,47433,10
13.023639679,80.2277984619,47433,47443,10
13.0242004395,80.2283172607,47443,47453,10
13.0243797302,80.2285003662,47453,47463,10
13.0243196487,80.2285995483,47463,47473,10
13.0241098404,80.2284011841,47473,47483,10
13.0237197876,80.2278900146,47483,47493,10
13.0230703354,80.2272491455,47493,47504,11
13.0221395493,80.2264404297,47504,47514,10
13.0213298798,80.2257919312,47514,47524,10
13.0205802917,80.225227356,47524,47534,10
13.019900322,80.2247619629,47534,47544,10
13.0193099976,80.2244873047,47544,47554,10
13.0185699463,80.2245788574,47554,47564,10
13.0177602768,80.2249069214,47564,47574,10
13.0169000626,80.2252731323,47574,47584,10
13.0163497925,80.2254867554,47584,47595,11
13.0157003403,80.2257003784,47595,47605,10
13.0152997971,80.2258377075,47605,47615,10
13.0151700974,80.2259063721,47615,47625,10
13.014960289,80.225982666,47625,47635,10
13.0146999359,80.2260665894,47635,47645,10
13.014289856,80.2261581421,47645,47655,10
13.0141897202,80.2259902954,47655,47665,10
13.0142097473,80.2256698608,47665,47675,10
13.0144395828,80.2254333496,47675,47686,11
13.0141897202,80.2254180908,47686,48090,404
13.0141897202,80.2254180908,48090,48100,10
13.0144395828,80.2257614136,48100,49364,1264
13.0144395828,80.2257614136,49364,49374,10
13.0143995285,80.2258834839,49374,49385,11
13.0142097473,80.2260894775,49385,49395,10
13.0142097473,80.2261428833,49395,49405,10
13.0142202377,80.2262268066,49405,49415,10
13.0139198303,80.2263717651,49415,49425,10
13.0132303238,80.2266235352,49425,49435,10
13.0123796463,80.2269515991,49435,49445,10
13.0114002228,80.2273635864,49445,49455,10
13.0103902817,80.2277603149,49455,49465,10
13.0096101761,80.2277832031,49465,49476,11
13.0097703934,80.2270431519,49476,49486,10
13.010140419,80.2261581421,49486,49496,10
13.0105400085,80.2253036499,49496,49506,10
13.0106897354,80.2250137329,49506,49516,10
13.0108003616,80.2246704102,49516,49536,20
13.0108203888,80.2244796753,49536,49567,31
13.0108203888,80.2244796753,49567,49577,10
13.0109395981,80.2243804932,49577,49587,10
13.0110197067,80.2240982056,49587,49597,10
13.0111103058,80.2238235474,49597,49637,40
13.0111103058,80.2238235474,49637,49648,11
13.0110998154,80.2236785889,49648,49658,10
13.0112199783,80.2234191895,49658,49668,10
13.0114002228,80.2229690552,49668,49678,10
13.0116996765,80.2222900391,49678,49688,10
13.0121097565,80.2214889526,49688,49698,10
13.0125198364,80.2216720581,49698,49708,10
13.0129899979,80.2223129272,49708,49718,10
13.0136003494,80.2230224609,49718,49728,10
13.0142498016,80.2237167358,49728,49739,11
13.0149497986,80.2245178223,49739,49749,10
13.0156097412,80.2251586914,49749,49759,10
13.0163803101,80.2253417969,49759,49769,10
13.0172395706,80.2250595093,49769,49779,10
13.0182695389,80.2246170044,49779,49789,10
13.019200325,80.224357605,49789,49799,10
13.0197000504,80.2244796753,49799,49819,20
13.0197000504,80.2244796753,49819,49830,11
13.019780159,80.2246017456,49830,49840,10
13.0200300217,80.2247924805,49840,49850,10
13.0205497742,80.2251281738,49850,49860,10
13.0211696625,80.2256393433,49860,49870,10
13.021900177,80.2261810303,49870,49880,10
13.0226697922,80.2268066406,49880,49890,10
13.0235004425,80.2275314331,49890,49900,10
13.0243902206,80.2284088135,49900,49931,31
13.0243902206,80.2284088135,49931,49941,10
13.0243997574,80.2285766602,49941,49951,10
13.0240497589,80.2283782959,49951,49961,10
13.0234298706,80.2277297974,49961,50204,243
13.0234298706,80.2277297974,50204,50214,10
13.0232000351,80.2274017334,50214,50224,10
13.0228004456,80.2269973755,50224,50234,10
13.0221004486,80.2263793945,50234,50244,10
13.0212802887,80.2257232666,50244,50254,10
13.0204696655,80.2251281738,50254,50264,10
13.0196800232,80.2246170044,50264,50274,10
13.0188503265,80.2244567871,50274,50285,11
13.0177202225,80.2249298096,50285,50295,10
13.0167598724,80.2253494263,50295,50305,10
13.0160198212,80.2256393433,50305,50315,10
13.0152997971,80.2258987427,50315,50325,10
13.0146398544,80.2261734009,50325,50335,10
13.0143203735,80.2262878418,50335,50345,10
13.0142297745,80.2263031006,50345,50355,10
13.0138196945,80.2264633179,50355,50365,10
13.0131902695,80.2266998291,50365,50376,11
13.012260437,80.2270812988,50376,50386,10
13.0112104416,80.2274627686,50386,50396,10
13.0101299286,80.2279205322,50396,50406,10
13.0091600418,80.2285232544,50406,50416,10
13.0089101791,80.2296905518,50416,50426,10
13.0086803436,80.2308807373,50426,50436,10
13.008480072,80.2320175171,50436,50446,10
13.0082902908,80.2330169678,50446,50456,10
13.0082101822,80.2336807251,50456,50467,11
13.0081596375,80.233833313,50467,50477,10
13.0080699921,80.2342987061,50477,50487,10
13.0079097748,80.2350692749,50487,50497,10
13.0077199936,80.2360916138,50497,50507,10
13.0074901581,80.2372817993,50507,50517,10
13.0072803497,80.2384109497,50517,50527,10
13.0070800781,80.2393569946,50527,50537,10
13.0069503784,80.2400131226,50537,50558,21
13.0069503784,80.2400131226,50558,50568,10
13.0069704056,80.2402572632,50568,50578,10
13.0068798065,80.2406463623,50578,50588,10
13.0068397522,80.2407913208,50588,50598,10
13.0067195892,80.2412872314,50598,50608,10
13.0066900253,80.2422866821,50608,50618,10
13.0066900253,80.2433624268,50618,50628,10
13.0066795349,80.2446899414,50628,50638,10
13.0066995621,80.245880127,50638,50649,11
13.0067396164,80.2464065552,50649,50659,10
13.0067396164,80.246421814,50659,50669,10
13.0067396164,80.2466201782,50669,50679,10
13.0067596436,80.2470321655,50679,50689,10
13.006529808,80.2474136353,50689,50699,10
13.0061798096,80.2473983765,50699,50709,10
13.006070137,80.2474136353,50709,50719,10
13.0055503845,80.2474212646,50719,50729,10
13.0046300888,80.2474365234,50729,50740,11
13.0035295486,80.2475814819,50740,50750,10
13.0025997162,80.247718811,50750,50759,9
13.0017595291,80.2479019165,50759,50770,11
13.000579834,80.2482070923,50770,50780,10
12.9994697571,80.2484893799,50780,50790,10
12.9984397888,80.2487716675,50790,50800,10
12.9979801178,80.2489013672,50800,50810,10
12.9974498749,80.2490234375,50810,50820,10
12.9965496063,80.249206543,50820,50831,11
12.9953203201,80.2495269775,50831,50841,10
12.9941501617,80.2498474121,50841,50851,10
12.9929800034,80.2501373291,50851,50861,10
12.9919099808,80.2503967285,50861,50871,10
12.9912204742,80.2506027222,50871,50881,10
12.990940094,80.2506637573,50881,50891,10
12.99036026,80.2508010864,50891,50901,10
12.9893903732,80.2510375977,50901,50911,10
12.9887199402,80.2512283325,50911,50932,21
12.9887199402,80.2512283325,50932,50942,10
12.9885997772,80.2512664795,50942,50952,10
12.9882802963,80.2513809204,50952,50962,10
12.9878902435,80.2514724731,50962,50972,10
12.987449646,80.2515563965,50972,50982,10
12.9869203568,80.251701355,50982,50992,10
12.9864196777,80.2518386841,50992,51002,10
12.9860801697,80.2519073486,51002,51013,11
12.9854001999,80.2520904541,51013,51023,10
12.9846000671,80.2522964478,51023,51033,10
12.9837799072,80.2525100708,51033,51043,10
12.9829597473,80.2526702881,51043,51053,10
12.9819097519,80.2527236938,51053,51063,10
12.9807701111,80.2527389526,51063,51073,10
12.9803695679,80.252746582,51073,51083,10
12.980219841,80.2527923584,51083,51093,10
12.9800300598,80.252822876,51093,51104,11
12.9794197083,80.2527236938,51104,51114,10
12.9786996841,80.2525863647,51114,51124,10
12.9782896042,80.2523803711,51124,51134,10
12.9781599045,80.252281189,51134,51144,10
12.9776096344,80.2518005371,51144,51154,10
12.9766597748,80.2512588501,51154,51164,10
12.9754896164,80.2509231567,51164,51174,10
12.9743299484,80.250617981,51174,51184,10
12.9732103348,80.2503128052,51184,51195,11
12.972029686,80.2500076294,51195,51205,10
12.9709796906,80.2497177124,51205,51215,10
12.9699296951,80.249382019,51215,51225,10
12.9688196182,80.2489471436,51225,51235,10
12.9677696228,80.2485580444,51235,51245,10
12.9668703079,80.2481613159,51245,51255,10
12.9661502838,80.2477874756,51255,51265,10
12.9653301239,80.2474822998,51265,51275,10
12.9650201797,80.2473831177,51275,51286,11
12.9648399353,80.2472610474,51286,51296,10
12.9643096924,80.2470703125,51296,51306,10
12.963350296,80.2466888428,51306,51316,10
12.9621896744,80.2460784912,51316,51326,10
12.9611101151,80.2455368042,51326,51336,10
12.9600601196,80.2450714111,51336,51346,10
12.9590101242,80.2446212769,51346,51356,10
12.9580202103,80.2442016602,51356,51366,10
12.9573001862,80.243927002,51366,51377,11
12.9568195343,80.2438583374,51377,51417,40
12.9568195343,80.2438583374,51417,51427,10
12.9564599991,80.2437286377,51427,51457,30
12.9564599991,80.2437286377,51457,51468,11
12.9562196732,80.2436523438,51468,51478,10
12.9556798935,80.2433166504,51478,51488,10
12.9547901154,80.2428817749,51488,51498,10
12.953909874,80.2425308228,51498,51508,10
12.95291996,80.2421112061,51508,51518,10
12.9519796371,80.2417602539,51518,51528,10
12.950920105,80.2413711548,51528,51538,10
12.9499197006,80.2410430908,51538,51548,10
12.9492397308,80.2408828735,51548,51559,11
12.9486999512,80.2406616211,51559,51569,10
12.9479103088,80.2403335571,51569,51579,10
12.9469404221,80.239906311,51579,51589,10
12.9457902908,80.2394485474,51589,51599,10
12.9447803497,80.2387084961,51599,51609,10
12.9437799454,80.2376403809,51609,51619,10
12.9426498413,80.236618042,51619,51629,10
12.941160202,80.2361602783,51629,51639,10
12.9399900436,80.2358703613,51639,51650,11
12.9397001266,80.2357635498,51650,51660,10
12.9395599365,80.2356872559,51660,51670,10
12.9389600754,80.2353973389,51670,51680,10
12.9379701614,80.2349014282,51680,51690,10
12.9368200302,80.2343215942,51690,51700,10
12.9359397888,80.2339172363,51700,51710,10
12.9355201721,80.2337112427,51710,51720,10
12.9348297119,80.2333984375,51720,51730,10
12.9339199066,80.233001709,51730,51741,11
12.9337797165,80.2329406738,51741,51751,10
12.9334697723,80.2327804565,51751,51761,10
12.9327096939,80.232460022,51761,51771,10
12.9317398071,80.2321166992,51771,51781,10
12.9306402206,80.2317581177,51781,51791,10
12.9294595718,80.2314300537,51791,51801,10
12.9282398224,80.2312011719,51801,51811,10
12.9269199371,80.2310409546,51811,51821,10
12.9260797501,80.23097229,51821,51832,11
12.9259395599,80.2309570313,51832,51842,10
12.9253797531,80.2308807373,51842,51852,10
12.9244203568,80.2307815552,51852,51862,10
12.9232597351,80.2306213379,51862,51872,10
12.9219303131,80.2304000854,51872,51882,10
12.9205904007,80.2302322388,51882,51892,10
12.9192695618,80.2300567627,51892,51902,10
12.918009758,80.2299118042,51902,51912,10
12.91685009,80.2297286987,51912,51923,11
12.9154996872,80.2295379639,51923,51933,10
12.9141902924,80.2293701172,51933,51943,10
12.9132699966,80.2292861938,51943,51953,10
12.9131803513,80.2292480469,51953,51963,10
12.9125900269,80.229133606,51963,51973,10
12.9116001129,80.2289733887,51973,51983,10
12.9103498459,80.2287902832,51983,51993,10
12.9089202881,80.2285690308,51993,52003,10
12.9069499969,80.2282867432,52003,52024,21
12.9069499969,80.2282867432,52024,52034,10
12.9067296982,80.2282714844,52034,52044,10
12.9060602188,80.2282409668,52044,52054,10
12.9049797058,80.2281799316,52054,52064,10
12.9037704468,80.2281036377,52064,52074,10
12.9024400711,80.2280197144,52074,52084,10
12.9011697769,80.2279510498,52084,52094,10
12.9003896713,80.2279281616,52094,52105,11
12.9000902176,80.2279281616,52105,52115,10
12.9000396729,80.2279281616,52115,52125,10
12.8998403549,80.2279205322,52125,52135,10
12.8993597031,80.2278823853,52135,52145,10
12.8992395401,80.2278289795,52145,52155,10
12.8986597061,80.2277908325,52155,52165,10
12.8976898193,80.227722168,52165,52175,10
12.8964796066,80.2276611328,52175,52185,10
12.8953800201,80.2276000977,52185,52196,11
12.8943996429,80.2275695801,52196,52206,10
12.8933897018,80.2274932861,52206,52216,10
12.8926200867,80.2274093628,52216,52226,10
12.8919000626,80.2273330688,52226,52236,10
12.8909196854,80.2273178101,52236,52246,10
12.8897199631,80.2273178101,52246,52256,10
12.888469696,80.2273025513,52256,52266,10
12.8871603012,80.2271575928,52266,52276,10
12.8859195709,80.226890564,52276,52287,11
12.8850698471,80.2267379761,52287,52297,10
12.8848800659,80.2267074585,52297,52307,10
12.8841495514,80.2266769409,52307,52317,10
12.8830404282,80.2266921997,52317,52327,10
12.8817396164,80.2266998291,52327,52337,10
12.8803195953,80.2267227173,52337,52347,10
12.8788404465,80.2267684937,52347,52357,10
12.8774595261,80.2268829346,52357,52367,10
12.8765296936,80.2269668579,52367,52378,11
12.8763799667,80.2269821167,52378,52388,10
12.8757200241,80.2269821167,52388,52398,10
12.8746004105,80.2268600464,52398,52408,10
12.8733301163,80.2267227173,52408,52418,10
12.8719797134,80.2266616821,52418,52428,10
12.8703899384,80.226600647,52428,52438,10
12.8686304092,80.2264175415,52438,52448,10
12.8669204712,80.2264785767,52448,52458,10
12.8656902313,80.2265777588,52458,52469,11
12.8641004562,80.2265472412,52469,52479,10
12.8624801636,80.2265472412,52479,52489,10
12.8611402512,80.2266082764,52489,52499,10
12.8609399796,80.2265930176,52499,52509,10
12.8603801727,80.2265319824,52509,52519,10
12.8593797684,80.2263793945,52519,52529,10
12.8581495285,80.2262573242,52529,52539,10
12.8566904068,80.2263183594,52539,52549,10
12.8550796509,80.2265167236,52549,52560,11
12.8533802032,80.2266769409,52560,52570,10
12.8517503738,80.2266464233,52570,52580,10
12.8501901627,80.2266235352,52580,52590,10
12.8493003845,80.2266082764,52590,52600,10
12.849149704,80.2266082764,52600,52610,10
12.8484897614,80.2266082764,52610,52620,10
12.8474702835,80.2266082764,52620,52630,10
12.8464002609,80.2266387939,52630,52640,10
12.8454704285,80.2266082764,52640,52651,11
12.8451700211,80.2266235352,52651,52661,10
12.8446502686,80.2266616821,52661,52671,10
12.8437204361,80.2267684937,52671,52681,10
12.842499733,80.2269668579,52681,52691,10
12.8411102295,80.2272872925,52691,52701,10
12.8402700424,80.2275009155,52701,52711,10
12.8397703171,80.2276611328,52711,52742,31
12.8397703171,80.2276611328,52742,52752,10
12.8394002914,80.2277526855,52752,52762,10
12.8386497498,80.2279434204,52762,52772,10
12.8374795914,80.2282028198,52772,52782,10
12.8360004425,80.2284317017,52782,52792,10
12.834280014,80.2287063599,52792,52802,10
12.832449913,80.2290420532,52802,52812,10
12.8316297531,80.2290878296,52812,52822,10
12.831489563,80.2285232544,52822,52833,11
12.8312597275,80.2274627686,52833,52843,10
12.831029892,80.2260818481,52843,52853,10
12.8310499191,80.224822998,52853,52863,10
12.8310403824,80.2244110107,52863,52873,10
12.8310403824,80.2235412598,52873,52883,10
12.8310403824,80.2224578857,52883,52893,10
12.8310499191,80.2220993042,52893,52903,10
12.8310403824,80.2213821411,52903,52913,10
12.8310403824,80.220413208,52913,52924,11
12.8310499191,80.2197875977,52924,52934,10
12.8309698105,80.2194824219,52934,52944,10
12.8301801682,80.2193984985,52944,52954,10
12.8290195465,80.2194213867,52954,52964,10
12.8278903961,80.2194213867,52964,52974,10
12.8274497986,80.2194137573,52974,52984,10
12.8273801804,80.2194137573,52984,52994,10
12.826880455,80.2194213867,52994,53005,11
12.8260803223,80.2194137573,53005,53015,10
12.8258199692,80.2191390991,53015,53025,10
12.8258304596,80.2187271118,53025,53035,10
12.8258399963,80.2178268433,53035,53045,10
12.8258495331,80.2169189453,53045,53055,10
12.8258495331,80.2163009644,53055,53065,10
12.8257598877,80.2160263062,53065,53075,10
12.8253803253,80.2160186768,53075,53085,10
12.8247995377,80.2159805298,53085,53410,325
12.8247995377,80.2159805298,53410,53420,10
12.8244495392,80.2160415649,53420,53430,10
12.824259758,80.2160415649,53430,53440,10
12.8237695694,80.2160186768,53440,53450,10
12.8229904175,80.216003418,53450,53461,11
12.8226995468,80.2161026001,53461,53471,10
12.8226900101,80.2168197632,53471,53479,8
12.8226995468,80.2176437378,53479,53491,12
12.8226804733,80.2186584473,53491,53500,9
12.8226900101,80.2192001343,53500,53511,11
12.82310009,80.2193832397,53511,53521,10
12.8240003586,80.2194519043,53521,53531,10
12.825050354,80.2194366455,53531,53541,10
12.8254804611,80.2195281982,53541,53552,11
12.8259601593,80.2195281982,53552,53562,10
12.8267402649,80.2194824219,53562,53572,10
12.8272895813,80.2194366455,53572,53622,50
12.8272895813,80.2194366455,53622,53632,10
12.8276796341,80.2193374634,53632,53702,70
12.8276796341,80.2193374634,53702,53713,11
12.8281202316,80.2193527222,53713,53723,10
12.8290300369,80.2193374634,53723,53734,11
12.8302297592,80.2193222046,53734,53744,10
12.8308401108,80.2193603516,53744,53754,10
12.8311195374,80.2197036743,53754,53764,10
12.8311500549,80.2202835083,53764,53774,10
12.8311595917,80.2212371826,53774,53784,10
12.8311500549,80.2220687866,53784,53794,10
12.8311300278,80.2232971191,53794,53804,10
12.8311300278,80.2232971191,53804,53814,10
12.8311195374,80.2243118286,53814,53825,11
12.8311195374,80.2247390747,53825,53835,10
12.8311100006,80.2254180908,53835,53845,10
12.8311395645,80.2264480591,53845,53855,10
12.8313503265,80.2275009155,53855,53865,10
12.831580162,80.2285995483,53865,53875,10
12.8317604065,80.2291030884,53875,53885,10
12.8318395615,80.2291717529,53885,53895,10
12.8324203491,80.2290725708,53895,53905,10
12.8332300186,80.2288970947,53905,53915,10
12.8341999054,80.2287063599,53915,53926,11
12.8352804184,80.2285232544,53926,53935,9
12.8364696503,80.2283477783,53935,53946,11
12.8376598358,80.2281570435,53946,53956,10
12.8386297226,80.2279205322,53956,53966,10
12.8392601013,80.2277374268,53966,53976,10
12.8395900726,80.2276763916,53976,53986,10
12.839969635,80.2275619507,53986,53996,10
12.8407697678,80.2273406982,53996,54007,11
12.8419704437,80.2270278931,54007,54017,10
12.8432102203,80.2267684937,54017,54027,10
12.844499588,80.2265777588,54027,54037,10
12.8456001282,80.2265014648,54037,54057,20
12.8456001282,80.2265014648,54057,54067,10
12.8456401825,80.2265014648,54067,54077,10
12.8459396362,80.2265014648,54077,54088,11
12.8467597961,80.2264862061,54088,54098,10
12.847820282,80.2264862061,54098,54108,10
12.84897995,80.2264785767,54108,54118,10
12.8501796722,80.2264862061,54118,54128,10
12.8514699936,80.2265396118,54128,54138,10
12.8527097702,80.2266235352,54138,54148,10
12.8539400101,80.2265625,54148,54158,10
12.8551502228,80.2264404297,54158,54168,10
12.8563804626,80.2263031006,54168,54179,11
12.8577404022,80.2261734009,54179,54189,10
12.859000206,80.2262268066,54189,54199,10
12.860250473,80.2264175415,54199,54209,10
12.8608798981,80.2264785767,54209,54219,10
12.8609895706,80.2264785767,54219,54229,10
12.8614702225,80.2264785767,54229,54239,10
12.8623399734,80.2264480591,54239,54249,10
12.8634796143,80.2264328003,54249,54259,10
12.864780426,80.2264785767,54259,54270,11
12.8663196564,80.2264633179,54270,54280,10
12.8677101135,80.2263336182,54280,54290,10
12.869099617,80.226348877,54290,54300,10
12.8704099655,80.2265014648,54300,54310,10
12.8717098236,80.226600647,54310,54320,10
12.8727302551,80.226600647,54320,54330,10
12.872759819,80.226600647,54330,54340,10
12.8730802536,80.2266082764,54340,54350,10
12.8738002777,80.2266464233,54350,54361,11
12.8749504089,80.2267990112,54361,54371,10
12.8760004044,80.2268829346,54371,54381,10
12.8766698837,80.2268600464,54381,54391,10
12.8767404556,80.2268676758,54391,54401,10
12.8770303726,80.2268371582,54401,54411,10
12.8773603439,80.2268066406,54411,54421,10
12.8779497147,80.2267608643,54421,54431,10
12.8788700104,80.2266998291,54431,54441,10
12.8800697327,80.2266387939,54441,54452,11
12.8815202713,80.2266387939,54452,54462,10
12.8828802109,80.2266311646,54462,54472,10
12.8842201233,80.2266082764,54472,54482,10
12.8852396011,80.2266387939,54482,54492,10
12.8853502274,80.2266616821,54492,54502,10
12.8858995438,80.2267913818,54502,54512,10
12.8867998123,80.2270278931,54512,54522,10
12.8879404068,80.2272186279,54522,54532,10
12.8892602921,80.2272872925,54532,54543,11
12.890879631,80.2272796631,54543,54553,10
12.8923301697,80.2273178101,54553,54563,10
12.8937902451,80.2275009155,54563,54573,10
12.8952102661,80.2275924683,54573,54583,10
12.89661026,80.2276229858,54583,54593,10
12.8979597092,80.2276992798,54593,54603,10
12.8992300034,80.2277832031,54603,54613,10
12.90046978,80.2278289795,54613,54644,31
12.90046978,80.2278289795,54644,54654,10
12.9005899429,80.2278671265,54654,54664,10
12.9010095596,80.2279129028,54664,54674,10
12.901599884,80.2279129028,54674,54684,10
12.9023103714,80.2279281616,54684,54694,10
12.9025497437,80.2279510498,54694,54704,10
12.902589798,80.2279586792,54704,54714,10
12.9029798508,80.2279891968,54714,54725,11
12.9039096832,80.2280426025,54725,54735,10
12.9051599503,80.2281036377,54735,54745,10
12.906129837,80.2280883789,54745,54755,10
12.9067201614,80.2281417847,54755,54765,10
12.9070796967,80.228187561,54765,54775,10
12.9073200226,80.2282333374,54775,54785,10
12.9078702927,80.2283477783,54785,54795,10
12.9088096619,80.2284927368,54795,54804,9
12.9098997116,80.2286834717,54804,54816,12
12.9115400314,80.2289428711,54816,54826,10
12.9128398895,80.2291107178,54826,54836,10
12.9139003754,80.2292480469,54836,54846,10
12.9140300751,80.2292633057,54846,54856,10
12.9144001007,80.2292785645,54856,54866,10
12.9150800705,80.2293701172,54866,54876,10
12.9162197113,80.2295532227,54876,54886,10
12.9174003601,80.2297210693,54886,54896,10
12.918589592,80.229888916,54896,54907,11
12.9197797775,80.2300415039,54907,54917,10
12.9210195541,80.23021698,54917,54927,10
12.9222202301,80.2303771973,54927,54937,10
12.9235095978,80.2305908203,54937,54947,10
12.9249296188,80.2307662964,54947,54957,10
12.9262399673,80.2309188843,54957,54967,10
12.9276199341,80.231086731,54967,54977,10
12.9289798737,80.2312774658,54977,54987,10
12.9303102493,80.2315826416,54987,54998,11
12.9318304062,80.2320709229,54998,55008,10
12.9330797195,80.2324981689,55008,55018,10
12.933719635,80.2327575684,55018,55028,10
12.933839798,80.2328262329,55028,55038,10
12.9343700409,80.2331008911,55038,55048,10
12.9352397919,80.2334899902,55048,55058,10
12.9357995987,80.2337799072,55058,55068,10
12.9365301132,80.2341003418,55068,55078,10
12.9375,80.2345428467,55078,55089,11
12.938750267,80.2351608276,55089,55099,10
12.9397001266,80.2356185913,55099,55109,10
12.9398498535,80.2356796265,55109,55119,10
12.9403400421,80.2358703613,55119,55129,10
12.9411697388,80.236076355,55129,55139,10
12.9421596527,80.2363433838,55139,55149,10
12.9431200027,80.2367935181,55149,55159,10
12.9438800812,80.2375564575,55159,55169,10
12.9446802139,80.2384567261,55169,55180,11
12.9457902908,80.2393417358,55180,55190,10
12.9469499588,80.2398300171,55190,55200,10
12.9473800659,80.2400131226,55200,55210,10
12.9476604462,80.2401199341,55210,55220,10
12.9483203888,80.2404022217,55220,55230,10
12.9488697052,80.2406463623,55230,55281,51
12.9488697052,80.2406463623,55281,55291,10
12.9491100311,80.2407913208,55291,55301,10
12.9496202469,80.2409362793,55301,55311,10
12.9505195618,80.2412033081,55311,55321,10
12.9511003494,80.2413635254,55321,55331,10
12.9513397217,80.2414474487,55331,55341,10
12.9520397186,80.2416992188,55341,55351,10
12.9529304504,80.2420425415,55351,55362,11
12.9539299011,80.2424087524,55362,55372,10
12.9547796249,80.2427825928,55372,55382,10
12.955499649,80.243019104,55382,55392,10
12.9562997818,80.243309021,55392,55402,10
12.956580162,80.2434234619,55402,55412,10
12.9572000504,80.2437286377,55412,55422,10
12.9580097198,80.2440719604,55422,55432,10
12.9588003159,80.2443771362,55432,55442,10
12.9588804245,80.2444000244,55442,55453,11
12.9591999054,80.2445373535,55453,55463,10
12.9597597122,80.2447967529,55463,55473,10
12.9604902267,80.2451324463,55473,55483,10
12.9614095688,80.2455673218,55483,55493,10
12.9623699188,80.2460632324,55493,55503,10
12.9629602432,80.2463531494,55503,55513,10
12.9630002975,80.2463684082,55513,55523,10
12.9631500244,80.246421814,55523,55533,10
12.9635896683,80.2466430664,55533,55544,11
12.9643802643,80.2469863892,55544,55554,10
12.9652395248,80.2473373413,55554,55564,10
12.9660596848,80.2476119995,55564,55574,10
12.9666900635,80.2478790283,55574,55584,10
12.9669399261,80.2480010986,55584,55594,10
12.9671096802,80.2480926514,55594,55604,10
12.9677696228,80.2483673096,55604,55614,10
12.9687299728,80.2487792969,55614,55624,10
12.9697999954,80.2491989136,55624,55635,11
12.9709701538,80.2496109009,55635,55645,10
12.9720401764,80.2499008179,55645,55655,10
12.9729995728,80.2501373291,55655,55665,10
12.9739398956,80.2503967285,55665,55675,10
12.9750003815,80.2506866455,55675,55685,10
12.9762001038,80.2510375977,55685,55695,10
12.9773397446,80.2514572144,55695,55705,10
12.9779901505,80.2519607544,55705,55715,10
12.9785804749,80.2523574829,55715,55726,11
12.9786396027,80.2523880005,55726,55736,10
12.9791498184,80.2525634766,55736,55746,10
12.9797201157,80.2525863647,55746,55786,40
12.9797201157,80.2525863647,55786,55796,10
12.9798603058,80.2525405884,55796,55806,10
12.9804697037,80.2525634766,55806,55817,11
12.9815597534,80.252571106,55817,55827,10
12.9828395844,80.2525024414,55827,55837,10
12.9839801788,80.252281189,55837,55847,10
12.9846801758,80.2520980835,55847,55857,10
12.985039711,80.2520217896,55857,55867,10
12.9855003357,80.2518768311,55867,55877,10
12.9858398438,80.2517776489,55877,55999,122
12.9858398438,80.2517776489,55999,56009,10
12.9863195419,80.2516326904,56009,56019,10
12.9870100021,80.2514572144,56019,56029,10
12.9876403809,80.2512969971,56029,56039,10
12.9877500534,80.2512969971,56039,56049,10
12.9881801605,80.2511901855,56049,56059,10
12.9890604019,80.2509384155,56059,56069,10
12.9896402359,80.2508010864,56069,56080,11
12.9898996353,80.2508163452,56080,56090,10
12.9906196594,80.2506484985,56090,56100,10
12.9916601181,80.2503890991,56100,56110,10
12.9928598404,80.2500762939,56110,56120,10
12.9940700531,80.2497634888,56120,56130,10
12.9952802658,80.2494506836,56130,56140,10
12.996509552,80.2491531372,56140,56150,10
12.9976396561,80.2488937378,56150,56159,9
12.9989099503,80.2485809326,56159,56171,12
13.00041008,80.2481689453,56171,56181,10
13.0015802383,80.2478790283,56181,56191,10
13.0024204254,80.2476730347,56191,56201,10
13.0033197403,80.2475204468,56201,56211,10
13.0041999817,80.2473678589,56211,56221,10
13.0052700043,80.2472229004,56221,56231,10
13.0062904358,80.2468109131,56231,56241,10
13.0064601898,80.2464981079,56241,56251,10
13.0065498352,80.2461013794,56251,56262,11
13.0066204071,80.2452468872,56262,56272,10
13.0066003799,80.244140625,56272,56282,10
13.0065498352,80.2431335449,56282,56292,10
13.0065402985,80.2422790527,56292,56301,9
13.0065603256,80.2414016724,56301,56312,11
13.0066003799,80.240737915,56312,56322,10
13.0066604614,80.2403411865,56322,56332,10
13.006819725,80.2397003174,56332,56342,10
13.0070104599,80.2388763428,56342,56353,11
13.0072698593,80.2375564575,56353,56363,10
13.0073604584,80.2369003296,56363,56373,10
13.007399559,80.2367324829,56373,56383,10
13.0074996948,80.2364578247,56383,56393,10
13.0076198578,80.2358169556,56393,56403,10
13.0077600479,80.235168457,56403,56413,10
13.0079097748,80.2343978882,56413,56423,10
13.008099556,80.2334594727,56423,56433,10
13.0082998276,80.2323989868,56433,56444,11
13.0085096359,80.2312469482,56444,56454,10
13.0087299347,80.230140686,56454,56464,10
13.0089797974,80.2289810181,56464,56474,10
13.0093297958,80.2277832031,56474,56484,10
13.0098896027,80.2265701294,56484,56494,10
13.0103197098,80.2257080078,56494,56504,10
13.0104398727,80.2255172729,56504,56545,41
13.0104398727,80.2255172729,56545,56555,10
13.0106296539,80.2252120972,56555,56565,10
13.010720253,80.2250366211,56565,56575,10
13.0107603073,80.224861145,56575,56585,10
13.0108604431,80.2246170044,56585,56595,10
13.0110197067,80.2242965698,56595,56615,20
13.0110197067,80.2242965698,56615,56626,11
13.0111503601,80.2238693237,56626,56636,10
13.0111503601,80.2238388062,56636,56646,10
13.0111904144,80.2236175537,56646,56656,10
13.0112400055,80.2233810425,56656,56666,10
13.0114803314,80.222869873,56666,56676,10
13.0118398666,80.2219314575,56676,56686,10
13.0123500824,80.221572876,56686,56695,9
13.0127401352,80.2220535278,56695,56706,11
13.0133800507,80.2228088379,56706,56717,11
13.0139503479,80.2234802246,56717,56727,10
13.0146903992,80.2241897583,56727,56737,10
13.0151796341,80.2247467041,56737,56747,10
13.0155496597,80.2250823975,56747,56757,10
13.0155696869,80.2250823975,56757,56767,10
13.0158500671,80.2252578735,56767,56777,10
13.0164899826,80.2252807617,56777,56787,10
13.0173597336,80.2249832153,56787,56797,10
13.0183200836,80.2245864868,56797,56808,11
13.0192804337,80.224319458,56808,56818,10
13.0201396942,80.2248001099,56818,56838,20
13.0201396942,80.2248001099,56838,56848,10
13.0201702118,80.2248382568,56848,56858,10
13.0205202103,80.2250823975,56858,56868,10
13.0211400986,80.2255935669,56868,56878,10
13.0219497681,80.2261734009,56878,56888,10
13.0223503113,80.2264709473,56888,57000,112
13.0223503113,80.2264709473,57000,57010,10
13.022480011,80.2266693115,57010,57020,10
13.0228996277,80.2270507813,57020,57030,10
13.0234498978,80.2275619507,57030,57040,10
13.0238704681,80.2279205322,57040,57050,10
13.0242300034,80.2282867432,57050,57060,10
13.0243902206,80.2284469604,57060,57070,10
13.0243701935,80.2285995483,57070,57081,11
13.0240898132,80.2284622192,57081,57091,10
13.0238399506,80.2281188965,57091,57101,10
13.0235204697,80.2278213501,57101,57131,30
13.0235204697,80.2278213501,57131,57141,10
13.0233402252,80.2276382446,57141,57687,546
13.0233402252,80.2276382446,57687,57697,10
13.0231304169,80.2273864746,57697,57708,11
13.0226402283,80.2269134521,57708,57718,10
13.0218896866,80.2262573242,57718,57728,10
13.0211200714,80.2256622314,57728,57738,10
13.0209503174,80.225479126,57738,57748,10
13.0205402374,80.2251815796,57748,57758,10
13.0198402405,80.2247161865,57758,57768,10
13.0187797546,80.2244567871,57768,57778,10
13.0175600052,80.2249298096,57778,57788,10
13.0166501999,80.2253189087,57788,57799,11
13.0162696838,80.2254867554,57799,57809,10
13.0159797668,80.2255783081,57809,57819,10
13.0152997971,80.2258300781,57819,57829,10
13.0144500732,80.2261886597,57829,57839,10
13.0141496658,80.2263183594,57839,57849,10
13.0139398575,80.2263793945,57849,57859,10
13.0132703781,80.2266387939,57859,57869,10
13.0122900009,80.2270202637,57869,57879,10
13.0111999512,80.2274398804,57879,57890,11
13.0104198456,80.2277832031,57890,57900,10
13.0100402832,80.2279434204,57900,57910,10
13.0093002319,80.2283401489,57910,57920,10
13.0089902878,80.229347229,57920,57930,10
13.0087404251,80.2306594849,57930,57940,10
13.0084600449,80.2321395874,57940,57950,10
13.0082597733,80.2335128784,57950,57960,10
13.0081396103,80.2339630127,57960,57970,10
13.0080604553,80.2343521118,57970,57981,11
13.0078401566,80.2353515625,57981,57991,10
13.0075798035,80.2366027832,57991,58001,10
13.007349968,80.23777771,58001,58011,10
13.0071802139,80.2388000488,58011,58021,10
13.0070199966,80.2397003174,58021,58031,10
13.0068597794,80.2405090332,58031,58041,10
13.0068302155,80.2408218384,58041,58051,10
13.0068101883,80.241027832,58051,58061,10
13.006770134,80.2417831421,58061,58072,11
13.0067396164,80.2430114746,58072,58082,10
13.006770134,80.2442016602,58082,58092,10
13.0067596436,80.2452392578,58092,58102,10
13.0067796707,80.2460098267,58102,58112,10
13.0068101883,80.246887207,58112,58122,10
13.0065202713,80.2474365234,58122,58132,10
13.0058097839,80.2474365234,58132,58142,10
13.0057201385,80.2474212646,58142,58152,10
13.0055398941,80.2473983765,58152,58163,11
13.0048303604,80.2473983765,58163,58173,10
13.0037603378,80.247543335,58173,58183,10
13.0025100708,80.247756958,58183,58193,10
13.0012998581,80.2480316162,58193,58203,10
12.9998998642,80.2483825684,58203,58213,10
12.9984397888,80.2487411499,58213,58223,10
12.9971599579,80.2490386963,58223,58233,10
12.9951000214,80.2495880127,58233,58243,10
12.9933395386,80.250038147,58243,58254,11
12.9917001724,80.2504425049,58254,58264,10
12.9910697937,80.2506713867,58264,58274,10
12.990940094,80.2507019043,58274,58284,10
12.9906997681,80.2507476807,58284,58405,121
12.9906997681,80.2507476807,58405,58415,10
12.9904403687,80.250793457,58415,58426,11
12.9897499084,80.2509689331,58426,58699,273
12.9897499084,80.2509689331,58699,58709,10
12.9895401001,80.2510223389,58709,58719,10
12.9892501831,80.2510910034,58719,58729,10
12.9888401031,80.2511978149,58729,58739,10
12.9884195328,80.2513198853,58739,58749,10
12.987859726,80.2514724731,58749,58759,10
12.9873800278,80.2515792847,58759,58769,10
12.9868202209,80.2517318726,58769,58779,10
12.9860801697,80.2518997192,58779,58790,11
12.9850502014,80.252166748,58790,58800,10
12.9840898514,80.2524185181,58800,58810,10
12.9831495285,80.2526092529,58810,58820,10
12.9821996689,80.2526779175,58820,58830,10
12.9813203812,80.2527084351,58830,58840,10
12.9805402756,80.2527618408,58840,58850,10
12.9799995422,80.2527999878,58850,58881,31
12.9799995422,80.2527999878,58881,58891,10
12.9799098969,80.2527770996,58891,58901,10
12.979470253,80.2526931763,58901,58911,10
12.9786996841,80.2525863647,58911,58921,10
12.977930069,80.2520904541,58921,58931,10
12.9769897461,80.251411438,58931,58941,10
12.9758996964,80.2510604858,58941,58951,10
12.9749202728,80.2507629395,58951,58961,10
12.9737796783,80.2504425049,58961,58972,11
12.9724798203,80.2500762939,58972,58982,10
12.9711198807,80.2497406006,58982,58992,10
12.9697999954,80.2492828369,58992,59002,10
12.9685096741,80.2487716675,59002,59012,10
12.96737957,80.2483215332,59012,59022,10
12.9664096832,80.2478637695,59022,59032,10
12.9654903412,80.2474975586,59032,59042,10
12.9653100967,80.2474365234,59042,59052,10
12.9651603699,80.2473983765,59052,59063,11
12.9644699097,80.2471466064,59063,59073,10
12.9639797211,80.2469177246,59073,59083,10
12.9637804031,80.2468566895,59083,59093,10
12.9633703232,80.246673584,59093,59103,10
12.9625301361,80.2462768555,59103,59113,10
12.9614896774,80.2457733154,59113,59123,10
12.9605197906,80.2452774048,59123,59133,10
12.9596099854,80.2449035645,59133,59143,10
12.95952034,80.2448730469,59143,59154,11
12.9591798782,80.244720459,59154,59164,10
12.9584999084,80.2444076538,59164,59174,10
12.9578199387,80.244140625,59174,59184,10
12.957110405,80.2438964844,59184,59194,10
12.9565000534,80.2437515259,59194,59234,40
12.9565000534,80.2437515259,59234,59245,11
12.9563102722,80.2436904907,59245,59255,10
12.9558601379,80.2434387207,59255,59265,10
12.9550304413,80.2429962158,59265,59275,10
12.9539403915,80.2425384521,59275,59285,10
12.9526700974,80.2420196533,59285,59295,10
12.9517498016,80.2417221069,59295,59305,10
12.9517402649,80.2417068481,59305,59315,10
12.9512901306,80.2415466309,59315,59325,10
12.9503898621,80.2412490845,59325,59336,11
12.9491701126,80.2408828735,59336,59356,20
12.9491701126,80.2408828735,59356,59366,10
12.9490804672,80.2408370972,59366,59376,10
12.9485397339,80.2406082153,59376,59386,10
12.947640419,80.2402267456,59386,59396,10
12.9471302032,80.240020752,59396,59406,10
12.9468698502,80.2399215698,59406,59416,10
12.9461603165,80.239616394,59416,59427,11
12.9450998306,80.2389907837,59427,59437,10
12.9441404343,80.2379684448,59437,59447,10
12.943110466,80.2369232178,59447,59457,10
12.9417495728,80.2363128662,59457,59467,10
12.9403600693,80.2359695435,59467,59477,10
12.9397201538,80.2357635498,59477,59487,10
12.939499855,80.2356567383,59487,59497,10
12.9388599396,80.2353363037,59497,59507,10
12.9378900528,80.2348480225,59507,59518,11
12.9366197586,80.2342224121,59518,59528,10
12.9358301163,80.233833313,59528,59538,10
12.9358196259,80.233833313,59538,59548,10
12.9354801178,80.2336807251,59548,59558,10
12.9347200394,80.2333526611,59558,59568,10
12.9338998795,80.2330169678,59568,59578,10
12.9338598251,80.233001709,59578,59588,10
12.9338598251,80.2330093384,59588,59598,10
12.9334201813,80.2328109741,59598,59609,11
12.9326696396,80.2324905396,59609,59619,10
12.931810379,80.2322006226,59619,59629,10
12.9307603836,80.2318496704,59629,59639,10
12.9296302795,80.231552124,59639,59649,10
12.9284801483,80.2313079834,59649,59659,10
12.927280426,80.2311325073,59659,59669,10
12.9260101318,80.2309875488,59669,59679,10
12.9246301651,80.2308273315,59679,59689,10
12.9231901169,80.2306518555,59689,59700,11
12.9215497971,80.2303924561,59700,59710,10
12.9201202393,80.2302017212,59710,59720,10
12.9189195633,80.2300415039,59720,59730,10
12.9173202515,80.2298583984,59730,59760,30
12.9173202515,80.2298583984,59760,59770,10
12.917090416,80.229850769,59770,59780,10
12.9164400101,80.2297363281,59780,59791,11
12.9152803421,80.2295684814,59791,59801,10
12.9140195847,80.2294082642,59801,59811,10
12.9132699966,80.2293395996,59811,59821,10
12.9132604599,80.2293319702,59821,59831,10
12.9131202698,80.2293014526,59831,59841,10
12.9125204086,80.2292175293,59841,59851,10
12.9115495682,80.229057312,59851,59861,10
12.9103498459,80.2288665771,59861,59871,10
12.9090204239,80.2286605835,59871,59882,11
12.9075899124,80.2284393311,59882,59892,10
12.9068403244,80.2283630371,59892,59952,60
12.9068403244,80.2283630371,59952,59963,11
12.9067401886,80.2283477783,59963,59973,10
12.9062404633,80.2283096313,59973,59983,10
12.9060602188,80.228302002,59983,59993,10
12.9054698944,80.2282562256,59993,60003,10
12.904540062,80.2282104492,60003,60013,10
12.9034996033,80.2281494141,60013,60023,10
12.9024295807,80.2280883789,60023,60033,10
12.9011697769,80.2280502319,60033,60316,283
12.9011697769,80.2280502319,60316,60327,11
12.9006795883,80.2279968262,60327,60337,10
12.8993797302,80.2279205322,60337,60357,20
12.8993797302,80.2279205322,60357,60367,10
12.8992595673,80.2279205322,60367,60377,10
12.8986902237,80.2278518677,60377,60387,10
12.8977603912,80.2277908325,60387,60397,10
12.8965396881,80.227722168,60397,60407,10
12.8951597214,80.2276535034,60407,60418,11
12.8935403824,80.2275390625,60418,60428,10
12.892539978,80.2274475098,60428,60438,10
12.8918895721,80.2274017334,60438,60448,10
12.8910703659,80.2274017334,60448,60458,10
12.890130043,80.2274017334,60458,60468,10
12.8890399933,80.2273864746,60468,60478,10
12.8877696991,80.2273025513,60478,60488,10
12.8863697052,80.2270507813,60488,60498,10
12.8852796555,80.2268066406,60498,60509,11
12.8850698471,80.2267837524,60509,60519,10
12.8849802017,80.2267684937,60519,60529,10
12.8844003677,80.2267379761,60529,60539,10
12.8834400177,80.2267227173,60539,60549,10
12.8822002411,80.2267532349,60549,60559,10
12.8807401657,80.2267608643,60559,60569,10
12.879070282,80.2267913818,60569,60579,10
12.8775396347,80.226890564,60579,60589,10
12.8767595291,80.2269668579,60589,60600,11
12.876660347,80.2269821167,60600,60610,10
12.8764095306,80.2270126343,60610,60620,10
12.8756799698,80.2269973755,60620,60630,10
12.8746099472,80.2268600464,60630,60640,10
12.8733997345,80.2267379761,60640,60650,10
12.8720598221,80.2266921997,60650,60660,10
12.8705596924,80.2266235352,60660,60670,10
12.869020462,80.2264404297,60670,60680,10
12.8675403595,80.2264480591,60680,60691,11
12.8656196594,80.2266235352,60691,60701,10
12.8640699387,80.2265701294,60701,60711,10
12.8625602722,80.2265701294,60711,60721,10
12.8613700867,80.2266311646,60721,60731,10
12.8610200882,80.2266235352,60731,60741,10
12.860830307,80.226600647,60741,60751,10
12.8600997925,80.2265090942,60751,60761,10
12.8590803146,80.2263717651,60761,60771,10
12.8582201004,80.2262573242,60771,60782,11
12.8569402695,80.2263183594,60782,60792,10
12.8556203842,80.2264480591,60792,60802,10
12.854180336,80.226600647,60802,60812,10
12.8526697159,80.2266998291,60812,60822,10
12.8511400223,80.2266387939,60822,60832,10
12.8495597839,80.2265930176,60832,60842,10
12.8480596542,80.226600647,60842,60852,10
12.8465795517,80.2266082764,60852,60862,10
12.8456201553,80.2266082764,60862,60873,11
12.8452997208,80.2266387939,60873,60883,10
12.8451700211,80.2266616821,60883,60893,10
12.8445100784,80.2267074585,60893,60903,10
12.8434801102,80.2268218994,60903,60913,10
12.8422403336,80.2270736694,60913,60923,10
12.840880394,80.2274093628,60923,60933,10
12.8400497437,80.2276535034,60933,60943,10
12.8395700455,80.2277832031,60943,60953,10
12.8389596939,80.2279281616,60953,60964,11
12.8378896713,80.2282028198,60964,60974,10
12.8366298676,80.2284088135,60974,60984,10
12.8352203369,80.2286224365,60984,60994,10
12.8336801529,80.2288818359,60994,61004,10
12.8324098587,80.229133606,61004,61014,10
12.8322296143,80.2291564941,61014,61024,10
12.8321199417,80.2291793823,61024,61034,10
12.831609726,80.2292785645,61034,61044,10
12.8307800293,80.2295532227,61044,61055,11
12.8296003342,80.2299880981,61055,61065,10
12.8284196854,80.2305374146,61065,61075,10
12.8271903992,80.2312011719,61075,61085,10
12.8257102966,80.2314071655,61085,61095,10
12.8246202469,80.2313995361,61095,61105,10
12.8243303299,80.2313232422,61105,61115,10
12.8236103058,80.2311172485,61115,61125,10
12.8225097656,80.2307662964,61125,61135,10
12.821149826,80.2304916382,61135,61146,11
12.8195199966,80.2305221558,61146,61156,10
12.8186197281,80.2304077148,61156,61166,10
12.8185396194,80.2303619385,61166,61176,10
12.8179702759,80.2300720215,61176,61186,10
12.8169898987,80.2296524048,61186,61196,10
12.8157300949,80.2294006348,61196,61206,10
12.8142700195,80.2291793823,61206,61216,10
12.8127403259,80.228729248,61216,61226,10
12.8112201691,80.2281723022,61226,61237,11
12.8096199036,80.2275009155,61237,61247,10
12.8083295822,80.226600647,61247,61257,10
12.8071498871,80.2255935669,61257,61267,10
12.8061599731,80.2247085571,61267,61277,10
12.8053302765,80.2241210938,61277,61287,10
12.8048496246,80.2240066528,61287,61297,10
12.8048200607,80.2239990234,61297,61307,10
12.8043403625,80.2239379883,61307,61317,10
12.8034200668,80.2238616943,61317,61328,11
12.8021402359,80.2237014771,61328,61338,10
12.8011798859,80.2236175537,61338,61348,10
12.8010702133,80.2235870361,61348,61358,10
12.8008403778,80.2235794067,61358,61368,10
12.800620079,80.2235565186,61368,61378,10
12.7999095917,80.2235031128,61378,61388,10
12.7988595963,80.2233963013,61388,61398,10
12.797539711,80.2232589722,61398,61408,10
12.7961902618,80.2230072021,61408,61419,11
12.7946596146,80.2227478027,61419,61429,10
12.7932395935,80.2225189209,61429,61439,10
12.7917804718,80.2222366333,61439,61449,10
12.7904596329,80.2219161987,61449,61459,10
12.7896003723,80.2216567993,61459,61469,10
12.7886896133,80.221321106,61469,61479,10
12.787730217,80.2209472656,61479,61489,10
12.7867603302,80.2206115723,61489,61530,41
12.7867603302,80.2206115723,61530,61540,10
12.7864198685,80.2204818726,61540,61550,10
12.786190033,80.220451355,61550,61560,10
12.7861995697,80.2208633423,61560,61570,10
12.7862195969,80.221321106,61570,61580,10
12.7862596512,80.2217025757,61580,61590,10
12.7863397598,80.2218780518,61590,61601,11
12.7863101959,80.2222213745,61601,61924,323
12.7863101959,80.2222213745,61924,61934,10
12.7863502502,80.2221374512,61934,61944,10
12.7863397598,80.221862793,61944,61955,11
12.7862195969,80.2213973999,61955,61965,10
12.7861995697,80.2210693359,61965,61975,10
12.7861995697,80.2209014893,61975,61985,10
12.786190033,80.2206268311,61985,62015,30
12.786190033,80.2206268311,62015,62025,10
12.7862701416,80.2203598022,62025,62035,10
12.7866401672,80.2205123901,62035,62056,21
12.7866401672,80.2205123901,62056,62066,10
12.7869195938,80.2206573486,62066,62076,10
12.7874403,80.2208404541,62076,62086,10
12.7881202698,80.2210922241,62086,62096,10
12.7888803482,80.2213821411,62096,62106,10
12.7896099091,80.2216415405,62106,62116,10
12.7903795242,80.2218704224,62116,62126,10
12.7914199829,80.2221221924,62126,62137,11
12.7927398682,80.2224273682,62137,62147,10
12.7939300537,80.2226104736,62147,62157,10
12.7950201035,80.2227935791,62157,62167,10
12.7959699631,80.2229385376,62167,62177,10
12.7963895798,80.2229995728,62177,62187,10
12.7965202332,80.2230224609,62187,62197,10
12.7970104218,80.2231292725,62197,62207,10
12.7977199554,80.2232666016,62207,62217,10
12.7985696793,80.2233734131,62217,62228,11
12.7996797562,80.2234802246,62228,62238,10
12.800740242,80.2235717773,62238,62248,10
12.8017196655,80.2236633301,62248,62258,10
12.8027696609,80.2238006592,62258,62268,10
12.803730011,80.2238998413,62268,62278,10
12.8045597076,80.2239685059,62278,62288,10
12.8052396774,80.2240905762,62288,62298,10
12.8055896759,80.2241897583,62298,62308,10
12.8056898117,80.2242431641,62308,62319,11
12.8061704636,80.2246398926,62319,62329,10
12.8068199158,80.225227356,62329,62339,10
12.8075799942,80.2258911133,62339,62349,10
12.8084802628,80.2266387939,62349,62359,10
12.809510231,80.2274093628,62359,62369,10
12.8108196259,80.2279891968,62369,62380,11
12.8123102188,80.2285308838,62380,62389,9
12.813659668,80.2289886475,62389,62400,11
12.8149995804,80.2292861938,62400,62411,11
12.8166799545,80.2295303345,62411,62421,10
12.8179597855,80.2300109863,62421,62431,10
12.8191900253,80.2304992676,62431,62441,10
12.8198604584,80.2304763794,62441,62451,10
12.8202400208,80.23046875,62451,62461,10
12.821149826,80.2304763794,62461,62471,10
12.8223199844,80.230682373,62471,62481,10
12.823679924,80.2310562134,62481,62491,10
12.8251600266,80.2313690186,62491,62502,11
12.8268995285,80.2312698364,62502,62512,10
12.8282403946,80.2306594849,62512,62522,10
12.8296003342,80.2299804688,62522,62532,10
12.8307199478,80.2295303345,62532,62542,10
12.8309402466,80.2294387817,62542,62552,10
12.8311004639,80.2293930054,62552,62562,10
12.8315496445,80.2292480469,62562,62572,10
12.832159996,80.2290802002,62572,62582,10
12.8330001831,80.2289199829,62582,62593,11
12.8343000412,80.2286987305,62593,62603,10
12.8355703354,80.2284927368,62603,62613,10
12.8367996216,80.2283172607,62613,62623,10
12.8380298615,80.2281188965,62623,62633,10
12.8392801285,80.227722168,62633,62653,20
12.8395004272,80.2276306152,62653,62684,31
12.8395004272,80.2276306152,62684,62694,10
12.8400402069,80.2275314331,62694,62704,10
12.8409099579,80.2273330688,62704,62714,10
12.8420495987,80.2270507813,62714,62724,10
12.8433504105,80.2267684937,62724,62734,10
12.8446397781,80.2266235352,62734,62744,10
12.8454198837,80.2265472412,62744,62754,10
12.845459938,80.2265472412,62754,62764,10
12.845870018,80.2265472412,62764,62775,11
12.8467998505,80.2265701294,62775,62785,10
12.847990036,80.2265625,62785,62795,10
12.8491897583,80.2265472412,62795,62805,10
12.8500499725,80.2265472412,62805,62825,20
12.8500499725,80.2265472412,62825,62835,10
12.8502902985,80.2265625,62835,62845,10
12.8509197235,80.2265777588,62845,62856,11
12.852060318,80.2266387939,62856,62866,10
12.8533401489,80.2266693115,62866,62876,10
12.85476017,80.2265396118,62876,62886,10
12.8561496735,80.2263717651,62886,62896,10
12.8574199677,80.2262268066,62896,62906,10
12.857919693,80.2261886597,62906,62916,10
12.8580198288,80.2261886597,62916,62926,10
12.8582897186,80.2261962891,62926,62936,10
12.8584804535,80.2262268066,62936,62947,11
12.8592596054,80.22631073,62947,62957,10
12.8603200912,80.2264709473,62957,62967,10
12.8609600067,80.2265319824,62967,62977,10
12.8612499237,80.2265090942,62977,62987,10
12.8616600037,80.2265167236,62987,62997,10
12.8620004654,80.2265014648,62997,63007,10
12.8627796173,80.2264633179,63007,63017,10
12.8638296127,80.2264785767,63017,63027,10
12.8650398254,80.2265472412,63027,63038,11
12.8665103912,80.2265090942,63038,63048,10
12.8678798676,80.2263717651,63048,63058,10
12.8692598343,80.2264099121,63058,63068,10
12.8706798553,80.2265777588,63068,63078,10
12.8719501495,80.2266387939,63078,63088,10
12.8729600906,80.2266464233,63088,63098,10
12.8739299774,80.2266998291,63098,63108,10
12.8750295639,80.2268295288,63108,63118,10
12.8758401871,80.2268981934,63118,63129,11
12.8761901855,80.2268829346,63129,63139,10
12.8762798309,80.2268981934,63139,63149,10
12.8765096664,80.2268829346,63149,63159,10
12.8767795563,80.2268829346,63159,63169,10
12.8769798279,80.2268600464,63169,63179,10
12.8776798248,80.2268066406,63179,63189,10
12.8787002563,80.2267379761,63189,63199,10
12.8799200058,80.2267074585,63199,63209,10
12.8812599182,80.2267074585,63209,63220,11
12.8828201294,80.2266998291,63220,63230,10
12.884059906,80.2266693115,63230,63240,10
12.8848600388,80.2266616821,63240,63250,10
12.8851804733,80.2266693115,63250,63260,10
12.8856801987,80.2267837524,63260,63270,10
12.8866195679,80.2270126343,63270,63280,10
12.8878202438,80.2272262573,63280,63290,10
12.8891801834,80.2273178101,63290,63300,10
12.8905200958,80.2273178101,63300,63311,11
12.8915596008,80.2273025513,63311,63321,10
12.891699791,80.2273025513,63321,63331,10
12.8920402527,80.2273178101,63331,63341,10
12.8927402496,80.2273788452,63341,63351,10
12.8935899734,80.2274780273,63351,63361,10
12.8945999146,80.2275772095,63361,63371,10
12.8955602646,80.2276229858,63371,63381,10
12.8966503143,80.2276916504,63381,63391,10
12.8978204727,80.2277374268,63391,63402,11
12.8987598419,80.2277832031,63402,63412,10
12.8994102478,80.2278137207,63412,63422,10
12.9000701904,80.2278289795,63422,63432,10
12.9000997543,80.2278289795,63432,63442,10
12.9002399445,80.2278366089,63442,63503,61
12.9002399445,80.2278366089,63503,63513,10
12.9003295898,80.2278594971,63513,63523,10
12.9006700516,80.2278823853,63523,63533,10
12.9009799957,80.227897644,63533,63543,10
12.9012804031,80.2279510498,63543,63553,10
12.9017601013,80.2279586792,63553,63563,10
12.9024896622,80.2279968262,63563,63573,10
12.9027795792,80.2279968262,63573,63584,11
12.9028997421,80.2279968262,63584,63594,10
12.9035396576,80.2280426025,63594,63604,10
12.9045000076,80.2280883789,63604,63614,10
12.9053897858,80.2281188965,63614,63624,10
12.9059000015,80.2281417847,63624,63634,10
12.9063796997,80.2281723022,63634,63644,10
12.9066896439,80.2282409668,63644,63654,10
12.9070701599,80.2282485962,63654,63664,10
12.9072799683,80.2282714844,63664,63675,11
12.9079399109,80.2283782959,63675,63685,10
12.9089403152,80.2285385132,63685,63695,10
12.9101600647,80.2287521362,63695,63705,10
12.9114303589,80.2289505005,63705,63715,10
12.9126796722,80.2291183472,63715,63725,10
12.9137096405,80.2292633057,63725,63735,10
12.9140195847,80.2293014526,63735,63745,10
12.9141302109,80.2293167114,63745,63755,10
12.9144096375,80.2293395996,63755,63766,11
12.9150695801,80.2294387817,63766,63776,10
12.9160404205,80.229598999,63776,63786,10
12.9170303345,80.2297210693,63786,63796,10
12.9180698395,80.2298812866,63796,63806,10
12.9192895889,80.2300415039,63806,63816,10
12.9206695557,80.23021698,63816,63826,10
12.92208004,80.2304077148,63826,63836,10
12.9234399796,80.2306213379,63836,63846,10
12.924779892,80.2307891846,63846,63857,11
12.9259500504,80.2309188843,63857,63867,10
12.9265403748,80.2309570313,63867,63877,10
12.926659584,80.2310028076,63877,63887,10
12.9273099899,80.2310714722,63887,63897,10
12.9282302856,80.2311706543,63897,63907,10
12.9285802841,80.2312164307,63907,63917,10
12.9288101196,80.231262207,63917,63927,10
12.9293603897,80.2313919067,63927,63937,10
12.9301300049,80.2315826416,63937,63948,11
12.9312000275,80.2319107056,63948,63958,10
12.9323396683,80.2322692871,63958,63968,10
12.933380127,80.2326583862,63968,63978,10
12.9337301254,80.2328109741,63978,63988,10
12.9338598251,80.2328796387,63988,63998,10
12.934419632,80.2331314087,63998,64008,10
12.9351501465,80.2334671021,64008,64018,10
12.9356203079,80.2336883545,64018,64028,10
12.935839653,80.2338027954,64028,64039,11
12.9364004135,80.2340621948,64039,64049,10
12.9371004105,80.2343978882,64049,64059,10
12.9379901886,80.2348403931,64059,64069,10
12.9390096664,80.2353286743,64069,64079,10
12.9395704269,80.2356109619,64079,64089,10
12.9397497177,80.2356872559,64089,64099,10
12.9404401779,80.2359466553,64099,64109,10
12.9413604736,80.2361831665,64109,64119,10
12.9424200058,80.2364807129,64119,64130,11
12.9434900284,80.2371826172,64130,64140,10
12.9442996979,80.238067627,64140,64150,10
12.9451503754,80.2389907837,64150,64160,10
12.9462203979,80.2396087646,64160,64170,10
12.9471902847,80.2399978638,64170,64180,10
12.9475498199,80.2401123047,64180,64190,10
12.947640419,80.2401428223,64190,64200,10
12.9480304718,80.2402877808,64200,64211,11
12.9482498169,80.2404022217,64211,64221,10
12.9483995438,80.2404403687,64221,64231,10
12.9485702515,80.2404785156,64231,64241,10
12.9487304688,80.2405319214,64241,64251,10
12.9488201141,80.2405776978,64251,64261,10
12.9492101669,80.2407608032,64261,64271,10
12.9498701096,80.2409973145,64271,64281,10
12.9507198334,80.2412796021,64281,64291,10
12.9514198303,80.2414779663,64291,64302,11
12.9515600204,80.2415313721,64302,64312,10
12.9521198273,80.2417373657,64312,64322,10
12.953040123,80.2420883179,64322,64332,10
12.954000473,80.2424926758,64332,64342,10
12.9547195435,80.2427902222,64342,64352,10
12.9557504654,80.2431793213,64352,64362,10
12.9563503265,80.2434310913,64362,64372,10
12.9565496445,80.2435302734,64372,64382,10
12.9570503235,80.2437362671,64382,64393,11
12.9579401016,80.2441101074,64393,64403,10
12.9587097168,80.244430542,64403,64413,10
12.9587802887,80.2444763184,64413,64423,10
12.9589996338,80.2445678711,64423,64433,10
12.959569931,80.2448425293,64433,64443,10
12.9604196548,80.2452163696,64443,64453,10
12.9614801407,80.2457122803,64453,64463,10
12.9625701904,80.2462463379,64463,64473,10
12.9632101059,80.2465362549,64473,64504,31
12.9632101059,80.2465362549,64504,64514,10
12.9632701874,80.2465820313,64514,64524,10
12.9637002945,80.2468109131,64524,64534,10
12.9644203186,80.2470703125,64534,64544,10
12.9652996063,80.2473831177,64544,64554,10
12.9660997391,80.2476806641,64554,64564,10
12.9665603638,80.2478713989,64564,64575,11
12.9665803909,80.2478790283,64575,64585,10
12.9666900635,80.2479400635,64585,64595,10
12.9669599533,80.2480773926,64595,64605,10
12.9676799774,80.2484436035,64605,64615,10
12.96875,80.2488632202,64615,64625,10
12.969909668,80.2493209839,64625,64635,10
12.9711799622,80.2497634888,64635,64645,10
12.9725198746,80.2501068115,64645,64655,10
12.9737501144,80.2504425049,64655,64666,11
12.9750404358,80.2508010864,64666,64676,10
12.976269722,80.2511367798,64676,64686,10
12.9773902893,80.2515411377,64686,64696,10
12.9781198502,80.2520980835,64696,64706,10
12.9783697128,80.252281189,64706,64716,10
12.9785299301,80.2524032593,64716,64767,51
12.9785299301,80.2524032593,64767,64777,10
12.9788198471,80.252532959,64777,64787,10
12.9795303345,80.2526397705,64787,64979,192
12.9795303345,80.2526397705,64979,64989,10
12.9798002243,80.2526626587,64989,64999,10
12.9804096222,80.2526931763,64999,65009,10
12.9810600281,80.2526779175,65009,65019,10
12.9815196991,80.2526702881,65019,65030,11
12.9818296432,80.2526626587,65030,65040,10
12.9818496704,80.2526626587,65040,65050,10
12.9821796417,80.2526473999,65050,65262,212
12.9821796417,80.2526473999,65262,65272,10
12.9824199677,80.2526397705,65272,65282,10
12.9829797745,80.2526016235,65282,65293,11
12.9837198257,80.252456665,65293,65303,10
12.9844102859,80.252281189,65303,65313,10
12.9849100113,80.2521362305,65313,65323,10
12.9854602814,80.2519836426,65323,65333,10
12.9860801697,80.2518005371,65333,65343,10
12.9866600037,80.251663208,65343,65353,10
12.9872503281,80.2515029907,65353,65363,10
12.9876699448,80.2513809204,65363,65373,10
12.9884004593,80.2512283325,65373,65384,11
12.9892902374,80.2509613037,65384,65394,10
12.9894104004,80.2509384155,65394,65404,10
12.9895801544,80.2509307861,65404,65414,10
12.9902095795,80.250793457,65414,65424,10
12.9911003113,80.250579834,65424,65434,10
12.9921998978,80.2502975464,65434,65444,10
12.9935102463,80.2499694824,65444,65454,10
12.9949398041,80.2496032715,65454,65464,10
12.9961004257,80.2492828369,65464,65475,11
12.9971103668,80.2490005493,65475,65485,10
12.9973201752,80.2489624023,65485,65495,10
12.9979000092,80.2488098145,65495,65505,10
12.9988203049,80.248588562,65505,65515,10
12.9998903275,80.2483291626,65515,65525,10
13.0008001328,80.2480926514,65525,65535,10
13.0011701584,80.248008728,65535,65545,10
13.0014600754,80.2479324341,65545,65555,10
13.0016803741,80.2478713989,65555,65566,11
13.0018396378,80.2478485107,65566,65576,10
13.0020103455,80.2478179932,65576,65586,10
13.0021800995,80.247756958,65586,65596,10
13.0025196075,80.2476730347,65596,65616,20
13.0026702881,80.2476425171,65616,65717,101
13.0026702881,80.2476425171,65717,65727,10
13.0031404495,80.2475585938,65727,65849,122
13.0035200119,80.2474822998,65849,65879,30
13.0037002563,80.247467041,65879,65909,30
13.0037002563,80.247467041,65909,65920,11
13.0039596558,80.247428894,65920,66000,80
13.0039596558,80.247428894,66000,66011,11
13.0043296814,80.2473602295,66011,66051,40
13.0043296814,80.2473602295,66051,66061,10
13.0047101974,80.2473526001,66061,66122,61
13.0049600601,80.2473220825,66122,66213,91
13.0049600601,80.2473220825,66213,66223,10
13.0054502487,80.2472229004,66223,66233,10
13.0056495667,80.2471694946,66233,66263,30
13.0057601929,80.2471618652,66263,66304,41
13.0057601929,80.2471618652,66304,66314,10
13.0060396194,80.2470703125,66314,66364,50
13.0060396194,80.2470703125,66364,66375,11
13.0063199997,80.2468185425,66375,66385,10
13.0063695908,80.2467422485,66385,66395,10
13.0064601898,80.2465286255,66395,66415,20
13.0064601898,80.2465286255,66415,66425,10
13.006529808,80.2463912964,66425,66435,10
13.0065402985,80.2463226318,66435,66445,10
13.0065603256,80.2459564209,66445,66476,31
13.0065603256,80.2459564209,66476,66486,10
13.0065898895,80.2457504272,66486,66496,10
13.0066003799,80.2455978394,66496,66516,20
13.0066299438,80.2452774048,66516,66526,10
13.0065698624,80.2449264526,66526,66546,20
13.0065698624,80.2449264526,66546,66557,11
13.0065898895,80.2444915771,66557,66567,10
13.0066099167,80.2442932129,66567,66578,11
13.0066003799,80.2439117432,66578,66588,10
13.0065803528,80.2434005737,66588,66598,10
13.0065498352,80.2428283691,66598,66608,10
13.0065402985,80.2418823242,66608,66618,10
13.0065803528,80.2409286499,66618,66639,21
13.0065803528,80.2409286499,66639,66649,10
13.0066699982,80.2405929565,66649,66659,10
13.0067501068,80.2399520874,66659,66669,10
13.0069198608,80.239112854,66669,66679,10
13.0071496964,80.2380828857,66679,66689,10
13.0072898865,80.2375717163,66689,66699,10
13.0073795319,80.2371368408,66699,66709,10
13.0074501038,80.236618042,66709,66740,31
13.0074501038,80.236618042,66740,66750,10
13.0075101852,80.2364425659,66750,66760,10
13.0075597763,80.2362136841,66760,66770,10
13.0076999664,80.2356567383,66770,66780,10
13.0078401566,80.2348937988,66780,66790,10
13.0080299377,80.2339782715,66790,66800,10
13.0081996918,80.2330169678,66800,66810,10
13.0083799362,80.2321395874,66810,66821,11
13.008600235,80.2309494019,66821,66871,50
13.008600235,80.2309494019,66871,66881,10
13.0086803436,80.2305908203,66881,66891,10
13.0087203979,80.2303237915,66891,66901,10
13.0087299347,80.2301635742,66901,66912,11
13.0087995529,80.2298126221,66912,66922,10
13.0088596344,80.2294921875,66922,66932,10
13.0089101791,80.2291412354,66932,66942,10
13.0089998245,80.2287368774,66942,66952,10
13.0091495514,80.2282104492,66952,66962,10
13.0093898773,80.2276535034,66962,66972,10
13.0095996857,80.2271499634,66972,66982,10
13.0098896027,80.2265319824,66982,66992,10
13.010140419,80.2259902954,66992,67003,11
13.0104198456,80.225440979,67003,67013,10
13.0106496811,80.2250289917,67013,67033,20
13.0106496811,80.2250289917,67033,67043,10
13.0107402802,80.2249984741,67043,67053,10
13.0107698441,80.2247695923,67053,67063,10
13.0108995438,80.2244033813,67063,67073,10
13.0111503601,80.2238998413,67073,67083,10
13.0113201141,80.2234191895,67083,67094,11
13.0118103027,80.2235412598,67094,67104,10
13.0124702454,80.2238616943,67104,67114,10
13.0132303238,80.2242279053,67114,67124,10
13.013999939,80.2246322632,67124,67134,10
13.0144996643,80.2249221802,67134,67144,10
13.0148296356,80.2251205444,67144,67205,61
13.0148296356,80.2251205444,67205,67215,10
13.0150604248,80.2252426147,67215,67225,10
13.0153999329,80.2255783081,67225,67235,10
13.0150699615,80.2258911133,67235,67245,10
13.0148000717,80.2260131836,67245,67255,10
13.0142698288,80.2261886597,67255,67265,10
13.0142202377,80.226020813,67265,67296,31
13.0142202377,80.226020813,67296,67306,10
13.014289856,80.2258682251,67306,67316,10
