12.9983701706,80.2566299438,20,3651,3631
12.9983701706,80.2566299438,3651,3661,10
12.998339653,80.2567520142,3661,3671,10
12.998290062,80.2570571899,3671,3681,10
12.9982099533,80.2570877075,3681,3691,10
12.9980802536,80.2570724487,3691,3702,11
12.9977798462,80.2571029663,3702,3823,121
12.9975500107,80.256980896,3823,5411,1588
12.9978504181,80.2570877075,5411,5633,222
12.997759819,80.2571487427,5633,6159,526
12.9977903366,80.2570571899,6159,7585,1426
12.9977798462,80.2570571899,7585,8657,1072
12.9977502823,80.2570724487,8657,9487,830
12.9977502823,80.2570724487,9487,9497,10
12.9975404739,80.2572631836,9497,9911,414
12.9975795746,80.2570419312,9911,10225,314
12.9973897934,80.2571792603,10225,10498,273
12.9976797104,80.2570495605,10498,14129,3631
12.9975099564,80.2567520142,14129,14614,485
12.9977197647,80.2570571899,14614,17648,3034
12.9974098206,80.2570800781,17648,17992,344
12.997179985,80.2570877075,17992,18417,425
12.9971504211,80.257019043,18417,18993,576
12.9972600937,80.257019043,18993,19095,102
12.9972600937,80.257019043,19095,19105,10
12.9974403381,80.2567977905,19105,20399,1294
12.997469902,80.2567214966,20399,20713,314
12.997469902,80.2567214966,20713,20723,10
12.9974603653,80.2568969727,20723,20733,10
12.9975996017,80.2569274902,20733,20743,10
12.9979696274,80.2570037842,20743,20753,10
12.9980201721,80.256439209,20753,21097,344
12.9980201721,80.256439209,21097,21107,10
12.9979496002,80.2563323975,21107,21117,10
12.9977502823,80.2563018799,21117,21188,71
12.9977502823,80.2563018799,21188,21198,10
12.9978704453,80.2558898926,21198,21208,10
12.9983797073,80.2559509277,21208,21218,10
12.9989500046,80.2560577393,21218,21228,10
12.9996099472,80.256187439,21228,21239,11
13.0004501343,80.2563400269,21239,21249,10
13.001159668,80.2564697266,21249,21259,10
13.0018701553,80.2565689087,21259,21269,10
13.0025596619,80.256690979,21269,21279,10
13.0031204224,80.2567977905,21279,21289,10
13.0040397644,80.256980896,21289,21299,10
13.0048303604,80.2571105957,21299,21309,10
13.0056295395,80.257270813,21309,21319,10
13.0063199997,80.2574081421,21319,21330,11
13.0065498352,80.2570495605,21330,21340,10
13.0065498352,80.2563171387,21340,21350,10
13.0065202713,80.2554168701,21350,21360,10
13.0065402985,80.2544937134,21360,21370,10
13.0065202713,80.2535705566,21370,21380,10
13.0065002441,80.2527084351,21380,21390,10
13.0066099167,80.2519302368,21390,21400,10
13.0067501068,80.2510910034,21400,21410,10
13.0067300797,80.2502593994,21410,21421,11
13.0067195892,80.2492828369,21421,21431,10
13.0066699982,80.2483520508,21431,21441,10
13.0066604614,80.2474212646,21441,21522,81
13.0066604614,80.2474212646,21522,21532,10
13.0066404343,80.246963501,21532,21542,10
13.0066795349,80.2462463379,21542,21552,10
13.0066795349,80.2453689575,21552,21562,10
13.0066604614,80.2445297241,21562,21572,10
13.0066299438,80.243637085,21572,21582,10
13.0066003799,80.2427978516,21582,21592,10
13.0065803528,80.2418289185,21592,21603,11
13.0066604614,80.240852356,21603,21613,10
13.0068502426,80.240020752,21613,21623,10
13.0070104599,80.2390823364,21623,21633,10
13.0071802139,80.2380981445,21633,21643,10
13.0074195862,80.2370681763,21643,21653,10
13.0076198578,80.236076355,21653,21663,10
13.0078201294,80.2350769043,21663,21673,10
13.008020401,80.2340621948,21673,21683,10
13.0082197189,80.2330093384,21683,21694,11
13.0084400177,80.2318191528,21694,21704,10
13.008649826,80.2307662964,21704,21714,10
13.0088195801,80.2297897339,21714,21724,10
13.0089702606,80.2290496826,21724,21734,10
13.0091400146,80.2282791138,21734,21744,10
13.0094804764,80.2274169922,21744,21754,10
13.0099096298,80.2264785767,21754,21764,10
13.0103597641,80.2255630493,21764,21774,10
13.0107698441,80.2245864868,21774,21785,11
13.0112304688,80.2235336304,21785,21795,10
13.0116100311,80.2226486206,21795,21805,10
13.0120296478,80.2217407227,21805,21815,10
13.0123996735,80.2215576172,21815,21845,30
13.0123996735,80.2215576172,21845,21855,10
13.0126399994,80.2218780518,21855,21866,11
13.0127801895,80.2220611572,21866,21876,10
13.012960434,80.2222518921,21876,21906,30
13.0132398605,80.2225570679,21906,21946,40
13.0132398605,80.2225570679,21946,21957,11
13.0134801865,80.2228393555,21957,21967,10
13.0134897232,80.2228469849,21967,21977,10
13.0136804581,80.2230606079,21977,21987,10
13.0138502121,80.223197937,21987,22017,30
13.0141601563,80.2234573364,22017,22037,20
13.0141601563,80.2234573364,22037,22048,11
13.0146102905,80.2239532471,22048,22058,10
13.0151996613,80.2246932983,22058,22068,10
13.0159797668,80.2252731323,22068,22078,10
13.0168104172,80.2251968384,22078,22088,10
13.017780304,80.2248382568,22088,22098,10
13.0188598633,80.2244186401,22098,22108,10
13.0197496414,80.2245483398,22108,22118,10
13.0209302902,80.225402832,22118,22128,10
13.0219202042,80.2261428833,22128,22139,11
13.0229797363,80.2270584106,22139,22149,10
13.0238599777,80.2278823853,22149,22159,10
13.0242795944,80.2283325195,22159,22179,20
13.0242795944,80.2283325195,22179,22189,10
13.0243701935,80.228477478,22189,22199,10
13.0242900848,80.2286605835,22199,22209,10
13.0240297318,80.228302002,22209,22219,10
13.0235204697,80.2278213501,22219,22230,11
13.0234003067,80.2276916504,22230,22240,10
13.0233297348,80.2275924683,22240,22250,10
13.0229902267,80.2272720337,22250,22260,10
13.022600174,80.226852417,22260,22270,10
13.0222702026,80.2265396118,22270,22280,10
13.0219802856,80.2263031006,22280,22290,10
13.0215997696,80.2259979248,22290,22300,10
13.0212802887,80.2257614136,22300,22310,10
13.020819664,80.225402832,22310,22321,11
13.0201597214,80.2249603271,22321,22331,10
13.0198097229,80.2247161865,22331,22341,10
13.0198001862,80.2247085571,22341,22351,10
13.0196399689,80.2246322632,22351,22361,10
13.0190000534,80.2244796753,22361,22371,10
13.0181303024,80.2247619629,22371,22381,10
13.0171403885,80.225151062,22381,22391,10
13.0166501999,80.2253494263,22391,22401,10
13.016579628,80.2253570557,22401,22412,11
13.0163698196,80.2253494263,22412,22422,10
13.016119957,80.2254104614,22422,22432,10
13.0159397125,80.2255706787,22432,22442,10
13.0154104233,80.2258224487,22442,22452,10
13.014670372,80.2261276245,22452,22462,10
13.0143995285,80.2262191772,22462,22472,10
13.0142698288,80.2262573242,22472,22482,10
13.0137796402,80.2264480591,22482,22492,10
13.0130395889,80.2267227173,22492,22503,11
13.0120897293,80.2271194458,22503,22513,10
13.0111103058,80.2275009155,22513,22523,10
13.0100402832,80.2279205322,22523,22533,10
13.009180069,80.2285308838,22533,22543,10
13.0089998245,80.2295379639,22543,22553,10
13.0088195801,80.2307128906,22553,22563,10
13.0085697174,80.2317886353,22563,22573,10
13.0083599091,80.2329483032,22573,22583,10
13.0081596375,80.2339096069,22583,22594,11
13.0079498291,80.234992981,22594,22604,10
13.0076999664,80.2361297607,22604,22614,10
13.0074396133,80.2373428345,22614,22624,10
13.0072002411,80.2386016846,22624,22634,10
13.0069599152,80.2397003174,22634,22644,10
13.0068998337,80.2404708862,22644,22654,10
13.0068702698,80.2407913208,22654,22664,10
13.0068397522,80.2410202026,22664,22674,10
13.0067596436,80.2416992188,22674,22685,11
13.0067396164,80.2428207397,22685,22695,10
13.0067195892,80.2439804077,22695,22705,10
13.0067396164,80.2451477051,22705,22715,10
13.0067596436,80.2463226318,22715,22725,10
13.0067796707,80.2472000122,22725,22735,10
13.0066099167,80.2474365234,22735,22745,10
13.0061502457,80.247428894,22745,22755,10
13.0059299469,80.2474136353,22755,22765,10
13.0052404404,80.2474136353,22765,22776,11
13.0041599274,80.2474899292,22776,22786,10
13.0030498505,80.2476425171,22786,22796,10
13.0021095276,80.247833252,22796,22806,10
13.0010499954,80.2481079102,22806,22816,10
12.999879837,80.2484130859,22816,22826,10
12.9986495972,80.2487030029,22826,22836,10
12.9973201752,80.2490615845,22836,22846,10
12.9959001541,80.249420166,22846,22856,10
12.9944801331,80.2497711182,22856,22867,11
12.9929800034,80.2501373291,22867,22877,10
12.9917001724,80.2504425049,22877,22887,10
12.9910202026,80.2506332397,22887,22897,10
12.99077034,80.2506866455,22897,22907,10
12.9900999069,80.250869751,22907,22917,10
12.9891395569,80.251121521,22917,22927,10
12.9880800247,80.2513809204,22927,22998,71
12.9880800247,80.2513809204,22998,23008,10
12.9878997803,80.2514801025,23008,23018,10
12.9873800278,80.2515869141,23018,23028,10
12.9865598679,80.2518005371,23028,23039,11
12.9854602814,80.2520599365,23039,23049,10
12.9842796326,80.2523803711,23049,23059,10
12.9831199646,80.2526626587,23059,23069,10
12.9819602966,80.2527236938,23069,23079,10
12.9809303284,80.252746582,23079,23089,10
12.9801197052,80.252822876,23089,23099,10
12.9793796539,80.2527236938,23099,23109,10
12.9786195755,80.2525863647,23109,23119,10
12.9784803391,80.2525100708,23119,23130,11
12.9778995514,80.2520599365,23130,23140,10
12.9771404266,80.2514724731,23140,23150,10
12.9760704041,80.251121521,23150,23160,10
12.9748897552,80.2507781982,23160,23170,10
12.9736795425,80.2504196167,23170,23180,10
12.9724197388,80.2500686646,23180,23190,10
12.9711503983,80.249710083,23190,23200,10
12.9699201584,80.2493133545,23200,23210,10
12.9686698914,80.2488327026,23210,23221,11
12.967300415,80.2482681274,23221,23231,10
12.9662904739,80.247756958,23231,23241,10
12.9653196335,80.2474212646,23241,23251,10
12.9651203156,80.2473602295,23251,23261,10
12.9647903442,80.2472229004,23261,23271,10
12.9640703201,80.2469482422,23271,23281,10
12.9632301331,80.2465820313,23281,23291,10
12.9624004364,80.2461700439,23291,23301,10
12.9614601135,80.2457275391,23301,23312,11
12.9604597092,80.2452468872,23312,23322,10
12.9595403671,80.2448806763,23322,23332,10
12.9592199326,80.2447433472,23332,23342,10
12.9587602615,80.2444992065,23342,23352,10
12.9580001831,80.2442016602,23352,23362,10
12.9573497772,80.2439727783,23362,23372,10
12.9565401077,80.2436904907,23372,23382,10
12.9561595917,80.2435302734,23382,23392,10
12.9554395676,80.2431564331,23392,23403,11
12.9544000626,80.2426986694,23403,23413,10
12.9532699585,80.2422332764,23413,23423,10
12.9521198273,80.2418136597,23423,23433,10
12.9517498016,80.2416763306,23433,23443,10
12.9515304565,80.2416229248,23443,23453,10
12.9508399963,80.2413711548,23453,23463,10
12.9498500824,80.2410583496,23463,23473,10
12.9490995407,80.2408370972,23473,23483,10
12.9490203857,80.2408065796,23483,23494,11
12.9487400055,80.2406997681,23494,23504,10
12.9480304718,80.2404022217,23504,23514,10
12.9472703934,80.2400665283,23514,23524,10
12.94713974,80.240020752,23524,23534,10
12.9466295242,80.2398071289,23534,23544,10
12.9458198547,80.2394485474,23544,23554,10
12.9449100494,80.238822937,23554,23564,10
12.9440698624,80.2378921509,23564,23574,10
12.9431695938,80.2369308472,23574,23585,11
12.9418401718,80.236289978,23585,23595,10
12.9405097961,80.2359695435,23595,23605,10
12.9398002625,80.2357788086,23605,23615,10
12.9396896362,80.2357406616,23615,23625,10
12.9391202927,80.2354736328,23625,23635,10
12.9382696152,80.2350311279,23635,23645,10
12.9372301102,80.2345199585,23645,23655,10
12.9361095428,80.2339935303,23655,23665,10
12.9349899292,80.2334671021,23665,23676,11
12.9339504242,80.2330093384,23676,23686,10
12.9338998795,80.2329864502,23686,23696,10
12.9335699081,80.2328491211,23696,23706,10
12.9328203201,80.2325286865,23706,23716,10
12.931810379,80.232170105,23716,23726,10
12.9306402206,80.2317810059,23726,23736,10
12.9293699265,80.2314529419,23736,23746,10
12.9280395508,80.2312164307,23746,23756,10
12.926659584,80.2310409546,23756,23767,11
12.9251403809,80.2308502197,23767,23777,10
12.9237604141,80.2306671143,23777,23787,10
12.9223203659,80.23046875,23787,23797,10
12.9209699631,80.2303009033,23797,23807,10
12.92029953,80.2302474976,23807,23817,10
12.9201097488,80.2302322388,23817,23827,10
12.9198598862,80.2301864624,23827,23847,20
12.9198598862,80.2301864624,23847,23858,11
12.9196500778,80.2301101685,23858,23868,10
12.9193201065,80.2300491333,23868,23878,10
12.9189395905,80.2300033569,23878,23888,10
12.9181995392,80.2298965454,23888,23898,10
12.9171495438,80.2297592163,23898,23908,10
12.9159297943,80.229598999,23908,23918,10
12.9145803452,80.2294006348,23918,23928,10
12.9134597778,80.229309082,23928,23938,10
12.9133300781,80.2293014526,23938,23949,11
12.9127197266,80.2291870117,23949,23959,10
12.9117803574,80.2290420532,23959,23969,10
12.9105501175,80.2288589478,23969,23979,10
12.9092102051,80.2286376953,23979,23989,10
12.9081096649,80.2284698486,23989,23999,10
12.9067401886,80.2282867432,23999,24009,10
12.9064302444,80.2282562256,24009,24019,10
12.9059896469,80.2282104492,24019,24029,10
12.9051904678,80.2281723022,24029,24040,11
12.903840065,80.2281112671,24040,24050,10
12.902759552,80.2280731201,24050,24060,10
12.9019403458,80.2280273438,24060,24070,10
12.9014596939,80.2280502319,24070,24080,10
12.9013700485,80.2280426025,24080,24090,10
12.9011602402,80.228012085,24090,24100,10
12.9007101059,80.2279510498,24100,24110,10
12.900179863,80.2279281616,24110,24120,10
12.8996295929,80.227897644,24120,24131,11
12.8994998932,80.2279205322,24131,24141,10
12.8992595673,80.227897644,24141,24151,10
12.8989200592,80.2278671265,24151,24161,10
12.8981895447,80.2278366089,24161,24171,10
12.8971700668,80.2277832031,24171,24181,10
12.8959598541,80.2277374268,24181,24191,10
12.8946504593,80.2276763916,24191,24201,10
12.8933296204,80.2275390625,24201,24211,10
12.8920097351,80.2273864746,24211,24222,11
12.8907604218,80.2273635864,24222,24232,10
12.8894100189,80.2273635864,24232,24242,10
12.8880195618,80.2273025513,24242,24252,10
12.8866100311,80.2270584106,24252,24262,10
12.8853902817,80.2267608643,24262,24272,10
12.8844995499,80.2266998291,24272,24282,10
12.8833599091,80.2266998291,24282,24292,10
12.8819904327,80.2266998291,24292,24302,10
12.8804798126,80.2267227173,24302,24313,11
12.8787403107,80.2267608643,24313,24323,10
12.8771800995,80.2269134521,24323,24333,10
12.8763904572,80.2269973755,24333,24343,10
12.8761997223,80.2269973755,24343,24353,10
12.8754901886,80.2269668579,24353,24363,10
12.8744497299,80.226852417,24363,24373,10
12.8732204437,80.2267227173,24373,24383,10
12.8718299866,80.2266769409,24383,24393,10
12.87018013,80.2265930176,24393,24404,11
12.868639946,80.2264175415,24404,24414,10
12.8670902252,80.2265014648,24414,24424,10
12.8655595779,80.2266082764,24424,24434,10
12.8640699387,80.2265625,24434,24444,10
12.8625802994,80.2265396118,24444,24454,10
12.8611698151,80.2265930176,24454,24464,10
12.8598003387,80.2264480591,24464,24474,10
12.8587799072,80.22631073,24474,24485,11
12.8576002121,80.2262802124,24485,24495,10
12.8562698364,80.2264175415,24495,24505,10
12.854809761,80.2265701294,24505,24515,10
12.8532896042,80.2267227173,24515,24525,10
12.8517398834,80.2266769409,24525,24535,10
12.8502101898,80.2266235352,24535,24545,10
12.8486995697,80.2266082764,24545,24555,10
12.8471803665,80.2266311646,24555,24565,10
12.8458795547,80.2266311646,24565,24576,11
12.8453197479,80.2266387939,24576,24586,10
12.8452196121,80.2266387939,24586,24596,10
12.8447303772,80.2266464233,24596,24606,10
12.8438100815,80.2267379761,24606,24616,10
12.8426504135,80.2269592285,24616,24626,10
12.8413696289,80.2272720337,24626,24636,10
12.8402395248,80.2276229858,24636,24646,10
12.8397102356,80.2277297974,24646,24656,10
12.8391199112,80.2278823853,24656,24667,11
12.838060379,80.2281494141,24667,24677,10
12.8368701935,80.2283630371,24677,24687,10
12.835559845,80.2285614014,24687,24697,10
12.8341798782,80.2287826538,24697,24707,10
12.832859993,80.2290267944,24707,24717,10
12.8323202133,80.2291564941,24717,24727,10
12.8320398331,80.2292098999,24727,24737,10
12.8313102722,80.2293930054,24737,24747,10
12.8303003311,80.2297515869,24747,24758,11
12.8290195465,80.2302474976,24758,24768,10
12.8278198242,80.2309036255,24768,24778,10
12.8265199661,80.2313690186,24778,24788,10
12.8250904083,80.2314300537,24788,24798,10
12.8237495422,80.2311630249,24798,24808,10
12.8224000931,80.2307281494,24808,24818,10
12.8211698532,80.2304763794,24818,24828,10
12.8201303482,80.2304992676,24828,24838,10
12.8190698624,80.2305297852,24838,24849,11
12.818860054,80.2304992676,24849,24859,10
12.8185300827,80.2303314209,24859,24869,10
12.8177900314,80.2299804688,24869,24879,10
12.8167495728,80.2295837402,24879,24889,10
12.815489769,80.2293701172,24889,24899,10
12.8141403198,80.2291488647,24899,24909,10
12.8127698898,80.2287368774,24909,24919,10
12.8115797043,80.2282791138,24919,24929,10
12.8101196289,80.2276992798,24929,24940,11
12.8087501526,80.2268981934,24940,24950,10
12.8076295853,80.2259674072,24950,24960,10
12.8067598343,80.2252197266,24960,24970,10
12.8060398102,80.2245788574,24970,24980,10
12.8053598404,80.2241134644,24980,24990,10
12.8048400879,80.2239837646,24990,25000,10
12.8046598434,80.2239685059,25000,25010,10
12.8040399551,80.2238998413,25010,25020,10
12.8031101227,80.2238235474,25020,25031,11
12.8018198013,80.2236633301,25031,25041,10
12.800909996,80.2236022949,25041,25051,10
12.8006801605,80.2235794067,25051,25061,10
12.8000001907,80.223487854,25061,25071,10
12.7990102768,80.2233810425,25071,25081,10
12.7977199554,80.2232437134,25081,25091,10
12.7963695526,80.2230377197,25091,25101,10
12.7952699661,80.2228164673,25101,25111,10
12.7940502167,80.2226409912,25111,25122,11
12.7926301956,80.2224273682,25122,25132,10
12.7913599014,80.2221374512,25132,25142,10
12.790140152,80.2218399048,25142,25152,10
12.7892599106,80.2215270996,25152,25162,10
12.7885904312,80.2212524414,25162,25172,10
12.7880601883,80.2210388184,25172,25182,10
12.7875995636,80.2208709717,25182,25192,10
12.7869701385,80.2206573486,25192,25253,61
12.7869701385,80.2206573486,25253,25263,10
12.7866001129,80.2204818726,25263,25273,10
12.7863998413,80.2203979492,25273,25283,10
12.7862300873,80.2205810547,25283,25293,10
12.7862596512,80.2210693359,25293,25304,11
12.7862796783,80.2216186523,25304,25324,20
12.7862796783,80.2219314575,25324,25364,40
12.7862796783,80.2219314575,25364,25374,10
12.7862596512,80.2221832275,25374,25941,567
12.7862596512,80.2221832275,25941,25951,10
12.7862901688,80.2217712402,25951,25961,10
12.7862796783,80.2216033936,25961,25971,10
12.7862596512,80.2211227417,25971,25981,10
12.786239624,80.2206802368,25981,25991,10
12.7863197327,80.2203598022,25991,26001,10
12.7865896225,80.220489502,26001,26012,11
12.7866201401,80.2205123901,26012,26022,10
12.7868404388,80.2205581665,26022,26032,10
12.7873497009,80.2207565308,26032,26042,10
12.7881097794,80.2210693359,26042,26052,10
12.7890996933,80.2214279175,26052,26062,10
12.7900295258,80.2217636108,26062,26072,10
12.7910404205,80.2220001221,26072,26082,10
12.7922096252,80.2222824097,26082,26092,10
12.7935495377,80.2225189209,26092,26103,11
12.7951002121,80.2227630615,26103,26113,10
12.7964897156,80.2229995728,26113,26123,10
12.7979097366,80.2232437134,26123,26133,10
12.7993402481,80.2233810425,26133,26143,10
12.8007698059,80.2235183716,26143,26153,10
12.8021001816,80.2236633301,26153,26163,10
12.8033800125,80.2238311768,26163,26173,10
12.8044099808,80.2239227295,26173,26183,10
12.8052597046,80.2240371704,26183,26194,11
12.8055801392,80.2241516113,26194,26204,10
12.8057603836,80.2242584229,26204,26214,10
12.8063097,80.2247009277,26214,26224,10
12.8071804047,80.2254562378,26224,26234,10
12.8082103729,80.2263565063,26234,26244,10
12.8093795776,80.2272796631,26244,26254,10
12.8107500076,80.2279434204,26254,26264,10
12.8122301102,80.2284927368,26264,26274,10
12.8137397766,80.2290115356,26274,26285,11
12.815489769,80.2293395996,26285,26295,10
12.8170900345,80.2296218872,26295,26305,10
12.8185396194,80.2302703857,26305,26315,10
12.8199796677,80.2304992676,26315,26325,10
12.8214502335,80.2304992676,26325,26335,10
12.8229598999,80.2308731079,26335,26345,10
12.8244695663,80.2312698364,26345,26355,10
12.8258399963,80.2313919067,26355,26365,10
12.8270196915,80.231262207,26365,26376,11
12.8282403946,80.2306594849,26376,26386,10
12.8295001984,80.2300415039,26386,26396,10
12.8307504654,80.2295303345,26396,26406,10
12.8311100006,80.2293777466,26406,26416,10
12.831319809,80.2293319702,26416,26426,10
12.8319997787,80.2291564941,26426,26436,10
12.8329496384,80.2289199829,26436,26446,10
12.8341503143,80.2287368774,26446,26456,10
12.8355197906,80.2285232544,26456,26467,11
12.8371200562,80.2282714844,26467,26477,10
12.8385295868,80.2279891968,26477,26487,10
12.8393201828,80.2277984619,26487,26497,10
12.8396596909,80.2276992798,26497,26507,10
12.8399801254,80.2276077271,26507,26517,10
12.8407201767,80.2273864746,26517,26527,10
12.8417596817,80.2270965576,26527,26537,10
12.843000412,80.2268218994,26537,26547,10
12.8444004059,80.2266082764,26547,26558,11
12.8453502655,80.2265396118,26558,26568,10
12.8453502655,80.2265319824,26568,26578,10
12.8455200195,80.2265396118,26578,26588,10
12.8461399078,80.2265472412,26588,26598,10
12.8470802307,80.2265472412,26598,26608,10
12.8482503891,80.2265472412,26608,26618,10
12.8495597839,80.2265472412,26618,26628,10
12.8509397507,80.2265701294,26628,26638,10
12.8523797989,80.2266387939,26638,26649,11
12.8540000916,80.226600647,26649,26659,10
12.8554201126,80.2264480591,26659,26669,10
12.8566999435,80.22631073,26669,26679,10
12.8579797745,80.2261962891,26679,26689,10
12.859120369,80.2262573242,26689,26699,10
12.8603096008,80.2264404297,26699,26709,10
12.8607397079,80.2264862061,26709,26719,10
12.86095047,80.2265090942,26719,26729,10
12.8615503311,80.2265167236,26729,26740,11
12.8626403809,80.2264709473,26740,26750,10
12.8637399673,80.2264709473,26750,26760,10
12.8650999069,80.2264862061,26760,26770,10
12.8664302826,80.2264633179,26770,26780,10
12.8677997589,80.2263565063,26780,26790,10
12.8691396713,80.2264022827,26790,26800,10
12.8705396652,80.2265625,26800,26810,10
12.8719596863,80.2266235352,26810,26820,10
12.8731603622,80.2266387939,26820,26831,11
12.8745698929,80.2267608643,26831,26841,10
12.8759298325,80.2268981934,26841,26851,10
12.8767595291,80.2268829346,26851,26861,10
12.8769197464,80.2268676758,26861,26871,10
12.8770303726,80.226852417,26871,26881,10
12.8776502609,80.2268066406,26881,26891,10
12.8785800934,80.2267379761,26891,26901,10
12.8797397614,80.2267227173,26901,26911,10
12.8810596466,80.2266998291,26911,26922,11
12.8826198578,80.2266998291,26922,26932,10
12.8840503693,80.2266616821,26932,26942,10
12.8850803375,80.2266464233,26942,26952,10
12.8851995468,80.2266616821,26952,26962,10
12.8854703903,80.2267074585,26962,26972,10
12.8861503601,80.2268829346,26972,26982,10
12.8870897293,80.2271270752,26982,26992,10
12.8881797791,80.2273025513,26992,27002,10
12.8893995285,80.2273406982,27002,27013,11
12.890879631,80.2273330688,27013,27023,10
12.892080307,80.2273406982,27023,27033,10
12.8930397034,80.227432251,27033,27043,10
12.8941802979,80.2275619507,27043,27053,10
12.8954601288,80.2276306152,27053,27063,10
12.8968200684,80.2276916504,27063,27073,10
12.8981399536,80.2277603149,27073,27083,10
12.8992996216,80.2278137207,27083,27093,10
12.9001502991,80.2278594971,27093,27104,11
12.9003601074,80.2278671265,27104,27114,10
12.9006595612,80.2278671265,27114,27124,10
12.9012298584,80.2279281616,27124,27134,10
12.9021701813,80.2279586792,27134,27144,10
12.9029102325,80.2279891968,27144,27154,10
12.9030599594,80.2279586792,27154,27164,10
12.9033699036,80.2279815674,27164,27174,10
12.9040498734,80.2280502319,27174,27184,10
12.9049797058,80.2281036377,27184,27195,11
12.9055204391,80.2281188965,27195,27205,10
12.9056596756,80.2281265259,27205,27215,10
12.9059400558,80.2281265259,27215,27225,10
12.906129837,80.2281417847,27225,27235,10
12.9063501358,80.2281570435,27235,27245,10
12.9065599442,80.2281723022,27245,27255,10
12.9070997238,80.2282562256,27255,27275,20
12.9070997238,80.2282562256,27275,27286,11
12.9072504044,80.2283096313,27286,27296,10
12.907790184,80.2284011841,27296,27306,10
12.9086704254,80.2285385132,27306,27316,10
12.9097795486,80.2287063599,27316,27326,10
12.9110603333,80.2289123535,27326,27336,10
12.9124202728,80.2290802002,27336,27346,10
12.9137001038,80.2292480469,27346,27356,10
12.9140701294,80.2293014526,27356,27366,10
12.9142799377,80.2293167114,27366,27377,11
12.9149599075,80.2294311523,27377,27387,10
12.9158601761,80.2295684814,27387,27397,10
12.9169101715,80.2296981812,27397,27407,10
12.9180803299,80.2298583984,27407,27417,10
12.9193401337,80.2300186157,27417,27427,10
12.9206800461,80.2302017212,27427,27437,10
12.9220399857,80.2303771973,27437,27447,10
12.9234199524,80.2305908203,27447,27457,10
12.9248104095,80.2307815552,27457,27468,11
12.9259996414,80.2308883667,27468,27478,10
12.9264602661,80.2309494019,27478,27488,10
12.9265604019,80.2309570313,27488,27498,10
12.9270601273,80.2310333252,27498,27508,10
12.9278697968,80.2311172485,27508,27518,10
12.9287996292,80.231262207,27518,27528,10
12.9298000336,80.2314682007,27528,27538,10
12.9307003021,80.2317199707,27538,27548,10
12.9317798615,80.2320327759,27548,27559,11
12.9328298569,80.2323913574,27559,27569,10
12.9336204529,80.2327194214,27569,27579,10
12.9336795807,80.2327575684,27579,27589,10
12.9338102341,80.2328414917,27589,27599,10
12.9342699051,80.2330474854,27599,27609,10
12.9350404739,80.2333984375,27609,27619,10
12.9357795715,80.2337417603,27619,27629,10
12.9364204407,80.2340621948,27629,27639,10
12.9372901917,80.2344589233,27639,27650,11
12.9383897781,80.2350006104,27650,27660,10
12.9397802353,80.2357025146,27660,27680,20
12.9397802353,80.2357025146,27680,27690,10
12.9400997162,80.2358093262,27690,27700,10
12.9406003952,80.2359619141,27700,27710,10
12.9416303635,80.2362213135,27710,27720,10
12.9427099228,80.2365570068,27720,27731,11
12.9437503815,80.2373886108,27731,27741,10
12.9445800781,80.2383422852,27741,27751,10
12.9454803467,80.2392120361,27751,27761,10
12.9464998245,80.2396774292,27761,27771,10
12.9473400116,80.240020752,27771,27781,10
12.9474601746,80.2400588989,27781,27791,10
12.947719574,80.2401809692,27791,27801,10
12.9481897354,80.2403869629,27801,27811,10
12.9484100342,80.2404937744,27811,27822,11
12.9490804672,80.2407531738,27822,27832,10
12.9499101639,80.2410125732,27832,27842,10
12.9508800507,80.2412719727,27842,27852,10
12.9512796402,80.2413864136,27852,27862,10
12.9513101578,80.2414169312,27862,27872,10
12.951499939,80.2415008545,27872,27882,10
12.9520597458,80.2417221069,27882,27892,10
12.9528503418,80.2420196533,27892,27902,10
12.9538202286,80.2423934937,27902,27913,11
12.9548797607,80.2428436279,27913,27923,10
12.9556398392,80.2430877686,27923,27933,10
12.9563999176,80.2433395386,27933,27943,10
12.9569501877,80.243598938,27943,27953,10
12.9578104019,80.2439727783,27953,27963,10
12.9586296082,80.2443389893,27963,27973,10
12.9589195251,80.2444076538,27973,27983,10
12.9589996338,80.2444534302,27983,27993,10
12.9593000412,80.2446136475,27993,28004,11
12.9600095749,80.2449493408,28004,28014,10
12.9608802795,80.2453536987,28014,28024,10
12.9618797302,80.24584198,28024,28034,10
12.9628400803,80.2462768555,28034,28044,10
12.9632997513,80.2465362549,28044,28054,10
12.9636602402,80.2467422485,28054,28064,10
12.9642801285,80.2470016479,28064,28074,10
12.9651203156,80.2472763062,28074,28084,10
12.9659500122,80.2475509644,28084,28095,11
12.9666500092,80.247833252,28095,28115,20
12.9666500092,80.247833252,28115,28125,10
12.9668598175,80.2479324341,28125,28135,10
12.967300415,80.2481994629,28135,28145,10
12.9680404663,80.2484817505,28145,28155,10
12.9688596725,80.2488174438,28155,28165,10
12.9696702957,80.2491378784,28165,28175,10
12.970459938,80.249458313,28175,28186,11
12.9714298248,80.24974823,28186,28196,10
12.9725103378,80.250038147,28196,28206,10
12.9736795425,80.2503433228,28206,28216,10
12.974820137,80.2506637573,28216,28226,10
12.9760103226,80.2510070801,28226,28236,10
12.9770698547,80.2513427734,28236,28246,10
12.97797966,80.2519378662,28246,28256,10
12.9785604477,80.2523269653,28256,28266,10
12.9785900116,80.2523498535,28266,28277,11
12.9788999557,80.2525024414,28277,28287,10
12.9794197083,80.2526016235,28287,28297,10
12.979590416,80.2526092529,28297,28307,10
12.9798803329,80.2526473999,28307,28317,10
12.980389595,80.2526702881,28317,28327,10
12.9811096191,80.2526473999,28327,28337,10
12.9819602966,80.2526168823,28337,28347,10
12.9829502106,80.2525787354,28347,28357,10
12.984000206,80.2523803711,28357,28368,11
12.9851799011,80.2520599365,28368,28378,10
12.9861402512,80.2517929077,28378,28388,10
12.9872398376,80.2515029907,28388,28438,50
12.9872398376,80.2515029907,28438,28448,10
12.9873600006,80.2515106201,28448,28459,11
12.9876003265,80.2514190674,28459,28469,10
12.9880895615,80.2513122559,28469,28479,10
12.9892196655,80.2509918213,28479,28499,20
12.9892196655,80.2509918213,28499,28509,10
12.9895801544,80.2509002686,28509,28519,10
12.9902296066,80.2507400513,28519,28529,10
12.9912595749,80.2504806519,28529,28539,10
12.9923696518,80.250213623,28539,28550,11
12.9937200546,80.2498779297,28550,28560,10
12.9949102402,80.2495803833,28560,28570,10
12.9963998795,80.2491607666,28570,28590,20
12.9963998795,80.2491607666,28590,28600,10
12.9969396591,80.2490386963,28600,28610,10
12.9977998734,80.2488632202,28610,28620,10
12.9988603592,80.248588562,28620,28631,11
13.0002098083,80.248260498,28631,28641,10
13.0015201569,80.2479171753,28641,28651,10
13.0025396347,80.2476730347,28651,28661,10
13.003660202,80.247467041,28661,28671,10
13.0049200058,80.2472991943,28671,28681,10
13.0060100555,80.2470397949,28681,28691,10
13.006529808,80.2464523315,28691,28701,10
13.0065803528,80.2462005615,28701,28711,10
13.0065803528,80.24609375,28711,28722,11
13.0066204071,80.2456130981,28722,28732,10
13.0066204071,80.2449417114,28732,28742,10
13.0066299438,80.2442016602,28742,28752,10
13.0066204071,80.2436218262,28752,28762,10
13.0065803528,80.2429962158,28762,28772,10
13.0065803528,80.2423095703,28772,28782,10
13.0066003799,80.2415771484,28782,28792,10
13.0066204071,80.2408981323,28792,28802,10
13.0066900253,80.240562439,28802,28813,11
13.0068101883,80.2400131226,28813,28823,10
13.0069599152,80.2391586304,28823,28833,10
13.007109642,80.23828125,28833,28843,10
13.0072898865,80.2375335693,28843,28853,10
13.007399559,80.2369995117,28853,28863,10
13.0074100494,80.2369537354,28863,28873,10
13.0074300766,80.2368087769,28873,28883,10
13.0075397491,80.2363967896,28883,28893,10
13.0077104568,80.2357177734,28893,28904,11
13.0078897476,80.2348022461,28904,28914,10
13.0080604553,80.23387146,28914,28924,10
13.0082397461,80.2329330444,28924,28934,10
13.0084199905,80.2319793701,28934,28944,10
13.0085897446,80.2310180664,28944,28954,10
13.0087404251,80.2302322388,28954,28964,10
13.0090103149,80.2289276123,28964,28974,10
13.0093097687,80.2278823853,28974,28984,10
13.0097999573,80.2268371582,28984,28995,11
13.0103502274,80.2256088257,28995,29005,10
13.0107297897,80.2248535156,29005,29015,10
13.0110702515,80.2241592407,29015,29025,10
13.0113201141,80.2235565186,29025,29035,10
13.0113296509,80.2235031128,29035,29045,10
13.0113401413,80.2233428955,29045,29055,10
13.0115404129,80.2229995728,29055,29065,10
13.0118303299,80.2221984863,29065,29075,10
13.0122299194,80.2214126587,29075,29086,11
13.0125198364,80.2217636108,29086,29096,10
13.0130796432,80.2223434448,29096,29106,10
13.0138301849,80.2232437134,29106,29116,10
13.0144395828,80.2239532471,29116,29126,10
13.0151395798,80.2247009277,29126,29136,10
13.015540123,80.2250137329,29136,29146,10
13.0155601501,80.2250213623,29146,29156,10
13.0157604218,80.2252807617,29156,29166,10
13.0164003372,80.2253799438,29166,29177,11
13.0175895691,80.2249526978,29177,29187,10
13.018699646,80.2244873047,29187,29197,10
13.0196304321,80.2244186401,29197,29217,20
13.0196304321,80.2244186401,29217,29227,10
13.0196800232,80.2245864868,29227,29237,10
13.020190239,80.2249221802,29237,29247,10
13.0207996368,80.2253112793,29247,29257,10
13.0211400986,80.2255630493,29257,29268,11
13.0214500427,80.225769043,29268,29571,303
13.0215597153,80.2259368896,29571,29632,61
13.0215797424,80.226020813,29632,29773,141
13.0215101242,80.2259063721,29773,29915,142
13.0215101242,80.2259063721,29915,29925,10
13.0216197968,80.2259674072,29925,29935,10
13.0219602585,80.2262191772,29935,29945,10
13.0223903656,80.226600647,29945,29955,10
13.0229701996,80.2271270752,29955,29965,10
13.0236997604,80.227722168,29965,29975,10
13.0242395401,80.2282333374,29975,29996,21
13.0243501663,80.2284011841,29996,30077,81
13.0243501663,80.2284011841,30077,30087,10
13.0244102478,80.2285308838,30087,30097,10
13.0242795944,80.2286376953,30097,30107,10
13.0239601135,80.2282180786,30107,30117,10
13.0231103897,80.227432251,30117,30461,344
13.0229902267,80.227180481,30461,30684,223
13.0229902267,80.227180481,30684,30695,11
13.0229196548,80.227142334,30695,30705,10
13.0227403641,80.2269515991,30705,30715,10
13.0225296021,80.2267227173,30715,30725,10
13.0222196579,80.2264709473,30725,30735,10
13.0218200684,80.2261428833,30735,30745,10
13.0213603973,80.2257995605,30745,30755,10
13.020939827,80.2255020142,30755,30765,10
13.0205402374,80.2251968384,30765,30775,10
13.0201396942,80.2249069214,30775,30786,11
13.0196800232,80.224609375,30786,30796,10
13.0190401077,80.2244873047,30796,30806,10
13.0183401108,80.2247161865,30806,30816,10
13.0176897049,80.2249832153,30816,30826,10
13.0170297623,80.2252426147,30826,30836,10
13.0164604187,80.2255096436,30836,30846,10
13.0159597397,80.2256698608,30846,30856,10
13.0154104233,80.2258377075,30856,30866,10
13.014840126,80.22605896,30866,30877,11
13.0142803192,80.2262573242,30877,30887,10
13.0140199661,80.2264328003,30887,30897,10
13.013759613,80.2265701294,30897,30907,10
13.0136699677,80.2265777588,30907,30917,10
13.0133399963,80.2267227173,30917,30927,10
13.0127401352,80.2269210815,30927,30937,10
13.0121202469,80.2271728516,30937,30947,10
13.0113897324,80.2274780273,30947,30957,10
13.0106801987,80.2277603149,30957,30968,11
13.0099201202,80.2281036377,30968,30978,10
13.0093097687,80.2283782959,30978,30988,10
13.0090904236,80.2290115356,30988,30998,10
13.0089702606,80.2296829224,30998,31008,10
13.0088796616,80.2302017212,31008,31018,10
13.008769989,80.2306976318,31018,31028,10
13.0086803436,80.2311096191,31028,31038,10
13.0086097717,80.2313995361,31038,31048,10
13.0085000992,80.2319412231,31048,31059,11
13.0083398819,80.232711792,31059,31069,10
13.0082197189,80.2334899902,31069,31079,10
13.0081396103,80.2339019775,31079,31089,10
13.0080299377,80.2344818115,31089,31099,10
13.0079402924,80.2347793579,31099,31109,10
13.0078401566,80.2352676392,31109,31119,10
13.0076799393,80.2360534668,31119,31129,10
13.0074796677,80.2370681763,31129,31139,10
13.0072202682,80.2382202148,31139,31150,11
13.0069704056,80.2394638062,31150,31160,10
13.006819725,80.2403793335,31160,31170,10
13.0066699982,80.2413711548,31170,31180,10
13.0066604614,80.2423477173,31180,31190,10
13.006649971,80.2432632446,31190,31200,10
13.0066604614,80.2440490723,31200,31210,10
13.0066604614,80.2449188232,31210,31220,10
13.0067100525,80.2455596924,31220,31230,10
13.0067501068,80.2460632324,31230,31241,11
13.0067501068,80.2461395264,31241,31251,10
13.0067501068,80.2466278076,31251,31271,20
13.0067501068,80.2466278076,31271,31281,10
13.006770134,80.2468185425,31281,31291,10
13.0067396164,80.2471313477,31291,31301,10
13.0066204071,80.2474365234,31301,31311,10
13.0059404373,80.247467041,31311,31332,21
13.0059404373,80.247467041,31332,31342,10
13.0056495667,80.2473220825,31342,31352,10
13.0050601959,80.2473602295,31352,31362,10
13.0041999817,80.2474517822,31362,31372,10
13.0032901764,80.2475814819,31372,31382,10
13.0026502609,80.247756958,31382,31392,10
13.0024595261,80.2477493286,31392,31402,10
13.001999855,80.2478713989,31402,31412,10
13.0012702942,80.2480697632,31412,31423,11
13.0002498627,80.2483596802,31423,31433,10
12.9991397858,80.248626709,31433,31443,10
12.9981203079,80.2489318848,31443,31453,10
12.9979200363,80.2489471436,31453,31463,10
12.9975996017,80.2489776611,31463,31473,10
12.9969301224,80.249168396,31473,31483,10
12.9960098267,80.2493896484,31483,31493,10
12.9949502945,80.2496566772,31493,31503,10
12.9938402176,80.2499771118,31503,31514,11
12.9925003052,80.2502212524,31514,31524,10
12.9913702011,80.250617981,31524,31534,10
12.9908504486,80.2507781982,31534,31544,10
12.9908399582,80.250793457,31544,31554,10
12.9905395508,80.2508926392,31554,31564,10
12.989780426,80.2510910034,31564,31716,152
12.989780426,80.2510910034,31716,31726,10
12.9895801544,80.2509765625,31726,31736,10
12.9892101288,80.2510070801,31736,31746,10
12.9887800217,80.2513427734,31746,31756,10
12.9881801605,80.2514724731,31756,31766,10
12.987660408,80.2515182495,31766,31777,11
12.9871397018,80.251663208,31777,31787,10
12.9867200851,80.2517623901,31787,31797,10
12.986289978,80.2518463135,31797,31807,10
12.9854898453,80.2520523071,31807,31817,10
12.9844398499,80.2523422241,31817,31827,10
12.9832601547,80.2526016235,31827,31837,10
12.9821996689,80.2526931763,31837,31847,10
12.9812402725,80.2527084351,31847,31857,10
12.9805002213,80.2527923584,31857,31898,41
12.9805002213,80.2527923584,31898,31908,10
12.9802904129,80.2528076172,31908,31918,10
12.9800100327,80.2527923584,31918,31928,10
12.9794998169,80.2526702881,31928,31938,10
12.9787902832,80.2526016235,31938,31948,10
12.9785804749,80.2525405884,31948,31959,11
12.9784402847,80.2524719238,31959,31969,10
12.9779396057,80.2520675659,31969,31979,10
12.9772396088,80.2514724731,31979,31989,10
12.9762802124,80.2511291504,31989,31999,10
12.9752397537,80.2508468628,31999,32009,10
12.9742202759,80.2505722046,32009,32019,10
12.9733600616,80.2503204346,32019,32029,10
12.9723596573,80.2500610352,32029,32039,10
12.9712400436,80.2497634888,32039,32050,11
12.970000267,80.2493515015,32050,32060,10
12.9688396454,80.248916626,32060,32070,10
12.9677495956,80.2484817505,32070,32080,10
12.9669704437,80.2480926514,32080,32090,10
12.9664201736,80.2478485107,32090,32100,10
12.9656400681,80.2475280762,32100,32110,10
12.9650096893,80.2473373413,32110,32120,10
12.9649496078,80.2472915649,32120,32130,10
12.9647798538,80.2472381592,32130,32141,11
12.9643201828,80.2470779419,32141,32151,10
12.9639797211,80.2469482422,32151,32191,40
12.9639797211,80.2469482422,32191,32201,10
12.9637498856,80.2468414307,32201,32211,10
12.9633398056,80.2466278076,32211,32221,10
12.9625902176,80.2462768555,32221,32232,11
12.9615602493,80.2457885742,32232,32242,10
12.960559845,80.2453231812,32242,32252,10
12.9594202042,80.2448272705,32252,32272,20
12.9594202042,80.2448272705,32272,32282,10
12.9592504501,80.2447509766,32282,32292,10
12.9587097168,80.2444915771,32292,32302,10
12.9579601288,80.2442016602,32302,32312,10
12.9572095871,80.243927002,32312,32323,11
12.9565401077,80.2436981201,32323,32343,20
12.9565401077,80.2436981201,32343,32353,10
12.9561796188,80.2435836792,32353,32363,10
12.9555997849,80.2432403564,32363,32373,10
12.9548301697,80.2428894043,32373,32383,10
12.9540100098,80.2425613403,32383,32393,10
12.9531602859,80.2420806885,32393,32403,10
12.9522600174,80.2417678833,32403,32414,11
12.9517602921,80.2416687012,32414,32424,10
12.9517498016,80.2416687012,32424,32434,10
12.9515104294,80.2416000366,32434,32444,10
12.9509000778,80.2414169312,32444,32454,10
12.9500598907,80.2411422729,32454,32525,71
12.9500598907,80.2411422729,32525,32535,10
12.9498796463,80.2410888672,32535,32545,10
12.9493598938,80.2409210205,32545,32555,10
12.9488401413,80.2407226563,32555,32565,10
12.9483604431,80.2405090332,32565,32575,10
12.9482097626,80.2404708862,32575,32585,10
12.9479598999,80.2403564453,32585,32596,11
12.9477300644,80.2402496338,32596,32606,10
12.947520256,80.2401428223,32606,32616,10
12.9474697113,80.2401428223,32616,32626,10
12.9474201202,80.2401199341,32626,32636,10
12.9471502304,80.2399902344,32636,32808,172
12.9471502304,80.2399902344,32808,32818,10
12.9469604492,80.239906311,32818,32828,10
12.9467000961,80.2398376465,32828,32869,41
12.9465503693,80.2398910522,32869,32980,111
12.9465503693,80.2398910522,32980,32990,10
12.9465503693,80.2398300171,32990,33000,10
12.9463100433,80.2397079468,33000,33010,10
12.9460802078,80.2395935059,33010,33020,10
12.9458398819,80.2394790649,33020,33030,10
12.9457302094,80.2394332886,33030,33040,10
12.9456796646,80.2394104004,33040,33051,11
12.9453601837,80.2391967773,33051,33061,10
12.9450902939,80.2389831543,33061,33071,10
12.945019722,80.2388916016,33071,33081,10
12.9448003769,80.2386474609,33081,33091,10
12.9446201324,80.2384796143,33091,33101,10
12.9445695877,80.2384414673,33101,33111,10
12.9443998337,80.2382507324,33111,33131,20
12.9443998337,80.2382507324,33131,33142,11
12.9441995621,80.2380981445,33142,33162,20
12.9441995621,80.2380981445,33162,33172,10
12.9440898895,80.2378997803,33172,33182,10
12.9439697266,80.2378005981,33182,33192,10
12.9437303543,80.2376022339,33192,33202,10
12.943570137,80.237449646,33202,33212,10
12.94328022,80.2370986938,33212,33233,21
12.94328022,80.2370986938,33233,33243,10
12.9432001114,80.2369766235,33243,33253,10
12.9428596497,80.2367401123,33253,33263,10
12.942609787,80.236618042,33263,33273,10
12.942029953,80.2364196777,33273,33293,20
12.942029953,80.2364196777,33293,33303,10
12.9417104721,80.2363433838,33303,33313,10
12.9415397644,80.2362823486,33313,33324,11
12.941069603,80.2361602783,33324,33334,10
12.9407501221,80.236076355,33334,33344,10
12.9403896332,80.2359924316,33344,33394,50
12.9403896332,80.2359924316,33394,33404,10
12.9401397705,80.2358474731,33404,33415,11
12.9399499893,80.2358016968,33415,33425,10
12.9398403168,80.235786438,33425,33435,10
12.9395999908,80.2356796265,33435,33445,10
12.9394302368,80.2356185913,33445,33455,10
12.9394197464,80.2356109619,33455,33465,10
12.9391698837,80.2355194092,33465,33506,41
12.9391698837,80.2355194092,33506,33516,10
12.9389801025,80.2354202271,33516,33526,10
12.9387598038,80.2352828979,33526,33536,10
12.9385795593,80.235168457,33536,33546,10
12.9384002686,80.2351074219,33546,33556,10
12.9380998611,80.2349777222,33556,33566,10
12.9378900528,80.2348709106,33566,33576,10
12.9377698898,80.2348175049,33576,33586,10
12.9376096725,80.2347412109,33586,33597,11
12.9374103546,80.2346572876,33597,33607,10
12.9371004105,80.2344970703,33607,33617,10
12.9363803864,80.2341766357,33617,33637,20
12.9362001419,80.23412323,33637,33677,40
12.9358797073,80.2339172363,33677,33708,31
12.9358797073,80.2339172363,33708,33718,10
12.9357500076,80.2337875366,33718,33728,10
12.9360799789,80.2338027954,33728,33738,10
12.9366998672,80.2341308594,33738,33748,10
12.937620163,80.2345809937,33748,33758,10
12.9386796951,80.2350997925,33758,33768,10
12.9396800995,80.2355880737,33768,33779,11
12.9398002625,80.2356491089,33779,33789,10
12.9399003983,80.235710144,33789,33799,10
12.9404697418,80.2359237671,33799,33809,10
12.9411802292,80.2360992432,33809,33819,10
12.9424600601,80.2364425659,33819,33829,10
12.9434299469,80.2370605469,33829,33839,10
12.9442596436,80.2379684448,33839,33849,10
12.9450597763,80.2388305664,33849,33859,10
12.9462203979,80.2395782471,33859,33870,11
12.9472198486,80.2399368286,33870,33880,10
12.947259903,80.2399520874,33880,33890,10
12.9474802017,80.2400665283,33890,33900,10
12.947930336,80.2402191162,33900,33961,61
12.947930336,80.2402191162,33961,33971,10
12.9482402802,80.2403411865,33971,33981,10
12.9487304688,80.2405319214,33981,33991,10
12.9491195679,80.2407073975,33991,34001,10
12.9494695663,80.2408599854,34001,34011,10
12.9499902725,80.2410202026,34011,34021,10
12.9504804611,80.2411499023,34021,34031,10
12.9509401321,80.2412796021,34031,34042,11
12.9512901306,80.2414016724,34042,34052,10
12.9516201019,80.2415008545,34052,34062,10
12.9521503448,80.2417068481,34062,34072,10
12.9529104233,80.2420120239,34072,34082,10
12.9536895752,80.2423324585,34082,34092,10
12.9537296295,80.2423400879,34092,34102,10
12.9542303085,80.2425384521,34102,34110,8
12.9547395706,80.2427368164,34110,34122,12
12.9555196762,80.243057251,34122,34133,11
12.9562397003,80.2433319092,34133,34203,70
12.9562397003,80.2433319092,34203,34213,10
12.9568500519,80.243598938,34213,34224,11
12.9576797485,80.2439575195,34224,34234,10
12.9584598541,80.2442932129,34234,34244,10
12.958990097,80.244468689,34244,34254,10
12.9590196609,80.2444763184,34254,34264,10
12.9592399597,80.2446136475,34264,34274,10
12.9593696594,80.244682312,34274,34284,10
12.9598703384,80.2449111938,34284,34294,10
12.9606800079,80.2452774048,34294,34304,10
12.9616804123,80.2457504272,34304,34315,11
12.9627599716,80.2462615967,34315,34325,10
12.9631595612,80.2464675903,34325,34385,60
12.9631595612,80.2464675903,34385,34395,10
12.9634399414,80.2466506958,34395,34406,11
12.9637098312,80.2468185425,34406,34416,10
12.9643096924,80.2470169067,34416,34426,10
12.9651603699,80.2472991943,34426,34436,10
12.9663696289,80.2477111816,34436,34456,20
12.9663696289,80.2477111816,34456,34466,10
12.9665298462,80.247756958,34466,34476,10
12.9669399261,80.2479934692,34476,34486,10
12.9676399231,80.2483062744,34486,34497,11
12.9687004089,80.2487182617,34497,34507,10
12.9697303772,80.249130249,34507,34517,10
12.9708003998,80.2495574951,34517,34527,10
12.9718799591,80.2498703003,34527,34537,10
12.9731197357,80.2501831055,34537,34547,10
12.9742002487,80.2504577637,34547,34557,10
12.9753103256,80.2507781982,34557,34567,10
12.9764995575,80.251121521,34567,34577,10
12.9775600433,80.2515487671,34577,34588,11
12.9784202576,80.2521972656,34588,34598,10
12.9785404205,80.252281189,34598,34608,10
12.978969574,80.2524795532,34608,34618,10
12.9794998169,80.2525634766,34618,34668,50
12.9794998169,80.2525634766,34668,34679,11
12.9796895981,80.2525634766,34679,34689,10
12.9801502228,80.2525863647,34689,34699,10
12.9809799194,80.2525787354,34699,34709,10
12.9819698334,80.2525634766,34709,34719,10
12.9830198288,80.2524871826,34719,34729,10
12.983880043,80.2523193359,34729,34739,10
12.9845695496,80.2521362305,34739,34749,10
12.9851198196,80.2519989014,34749,34759,10
12.9858398438,80.2517700195,34759,35164,405
12.9858398438,80.2517700195,35164,35174,10
12.9859304428,80.2516784668,35174,35184,10
12.9862499237,80.2516403198,35184,35194,10
12.9866199493,80.2515792847,35194,35204,10
12.9871101379,80.2514724731,35204,35214,10
12.9875802994,80.2513504028,35214,35225,11
12.9879798889,80.2515411377,35225,35235,10
12.9880399704,80.2518005371,35235,35245,10
12.9880504608,80.2520217896,35245,35255,10
12.9880599976,80.2524719238,35255,35265,10
12.9879302979,80.253112793,35265,35275,10
12.987830162,80.2540206909,35275,35285,10
12.987739563,80.2552566528,35285,35467,182
12.987739563,80.2552566528,35467,35477,10
12.9877996445,80.2557678223,35477,35488,11
12.9884796143,80.255859375,35488,35498,10
12.9893703461,80.2558898926,35498,35508,10
12.9901800156,80.2559280396,35508,35518,10
12.9906797409,80.2559509277,35518,35528,10
12.991350174,80.2559585571,35528,35538,10
12.9919996262,80.2559967041,35538,35548,10
12.9927196503,80.2559814453,35548,35558,10
12.9935102463,80.2559280396,35558,35568,10
12.9940900803,80.2559204102,35568,35579,11
12.9949598312,80.2558822632,35579,35629,50
12.9949598312,80.2558822632,35629,35639,10
12.9952096939,80.2558517456,35639,35649,10
12.9955196381,80.2558288574,35649,35659,10
12.9959497452,80.2558288574,35659,35670,11
12.9963903427,80.2558288574,35670,35680,10
12.9969997406,80.2557983398,35680,35690,10
12.9975404739,80.2558288574,35690,35710,20
12.9976902008,80.255859375,35710,35750,40
12.9976902008,80.255859375,35750,35761,11
12.9977502823,80.2559890747,35761,35781,20
12.9977502823,80.2559890747,35781,35791,10
12.9977502823,80.2563095093,35791,35801,10
12.9976100922,80.2567596436,35801,35811,10
12.9972896576,80.2569580078,35811,36013,202
12.9972896576,80.2569580078,36013,36023,10
12.997010231,80.2568511963,36023,36185,162
12.997130394,80.2570495605,36185,37207,1022
12.997130394,80.2570495605,37207,37217,10
12.9970397949,80.256942749,37217,37358,141
12.9969501495,80.257019043,37358,37611,253
12.9968700409,80.2569122314,37611,38592,981
12.9968595505,80.2568283081,38592,38734,142
12.9968996048,80.2571716309,38734,39108,374
12.996919632,80.2568969727,39108,39421,313
12.9968900681,80.2569122314,39421,39512,91
12.9969100952,80.256942749,39512,39998,486
12.9969100952,80.256942749,39998,40008,10
12.9970598221,80.2570495605,40008,40018,10
12.9970703125,80.2571411133,40018,41092,1074
12.9970598221,80.2569732666,41092,41265,173
12.9970598221,80.2569732666,41265,41275,10
12.9972696304,80.2568206787,41275,41285,10
12.9975004196,80.2562637329,41285,41316,31
12.997710228,80.2560577393,41316,41396,80
12.9978103638,80.2561569214,41396,41487,91
12.9978103638,80.2561569214,41487,41498,11
12.9976196289,80.2559432983,41498,41508,10
12.9972696304,80.2559585571,41508,41518,10
12.9968900681,80.2559509277,41518,41528,10
12.9965801239,80.2559204102,41528,41538,10
12.9961595535,80.2559204102,41538,41548,10
12.9958095551,80.2559127808,41548,41558,10
12.9953699112,80.2559509277,41558,41568,10
12.9948596954,80.2559432983,41568,41578,10
12.9945001602,80.2559204102,41578,41589,11
12.9939403534,80.2559967041,41589,41599,10
12.9930095673,80.256072998,41599,41609,10
12.9919204712,80.2560882568,41609,41619,10
12.9911603928,80.2560424805,41619,41629,10
12.9907798767,80.2560424805,41629,41639,10
12.9903497696,80.2560272217,41639,41649,10
12.9895801544,80.2559509277,41649,41659,10
12.9887304306,80.2559127808,41659,41669,10
12.9882297516,80.2558822632,41669,41680,11
12.987830162,80.2558364868,41680,41690,10
12.9871702194,80.2557067871,41690,41700,10
12.9866399765,80.2556533813,41700,41710,10
12.9861803055,80.2555618286,41710,41720,10
12.9861602783,80.2555618286,41720,41730,10
12.986000061,80.2555007935,41730,41740,10
12.9859104156,80.2554779053,41740,41750,10
12.9855098724,80.2553787231,41750,41760,10
12.9846200943,80.2551803589,41760,41771,11
12.9836196899,80.2549591064,41771,41781,10
12.9828701019,80.2547225952,41781,41791,10
12.9822702408,80.2544937134,41791,41801,10
12.9819402695,80.2539596558,41801,41811,10
12.9817399979,80.2531433105,41811,41821,10
12.9812202454,80.2528076172,41821,41831,10
12.9807596207,80.2527999878,41831,41841,10
12.9804000854,80.2528076172,41841,41851,10
12.9799404144,80.2527770996,41851,41862,11
12.9795198441,80.2526931763,41862,41872,10
12.9787998199,80.2526168823,41872,41882,10
12.9787302017,80.2526016235,41882,41892,10
12.9784202576,80.2524795532,41892,41902,10
12.9777803421,80.2519378662,41902,41912,10
12.9767999649,80.2513198853,41912,41922,10
12.9755001068,80.2509384155,41922,41932,10
12.974240303,80.2505722046,41932,41942,10
12.9729404449,80.2502288818,41942,41953,11
12.9713897705,80.2498168945,41953,41963,10
12.970000267,80.249420166,41963,41973,10
12.9686803818,80.2489013672,41973,41983,10
12.9673595428,80.2483062744,41983,41993,10
12.9664201736,80.2478637695,41993,42003,10
12.965379715,80.247467041,42003,42013,10
12.9651603699,80.2473831177,42013,42023,10
12.9648799896,80.2472610474,42023,42033,10
12.9642000198,80.2469863892,42033,42044,11
12.9638204575,80.2468795776,42044,42054,10
12.9633197784,80.2466583252,42054,42064,10
12.9625301361,80.2462768555,42064,42074,10
12.9615497589,80.2457962036,42074,42084,10
12.9605197906,80.2453079224,42084,42094,10
12.9596595764,80.244972229,42094,42104,10
12.9595403671,80.2449035645,42104,42114,10
12.9592895508,80.2448120117,42114,42124,10
12.9589500427,80.2446365356,42124,42135,11
12.9581003189,80.2442779541,42135,42145,10
12.9572000504,80.2439727783,42145,42185,40
12.9572000504,80.2439727783,42185,42195,10
12.9571504593,80.2438964844,42195,42205,10
12.9569997787,80.2438735962,42205,42215,10
12.9568901062,80.2438583374,42215,42276,61
12.9568901062,80.2438583374,42276,42286,10
12.9566297531,80.243812561,42286,42306,20
12.9566297531,80.243812561,42306,42317,11
12.9564800262,80.2437515259,42317,42327,10
12.9563398361,80.2436981201,42327,42337,10
12.9558801651,80.2434387207,42337,42347,10
12.9550600052,80.2430114746,42347,42357,10
12.9540596008,80.2425765991,42357,42367,10
12.9529399872,80.2421264648,42367,42377,10
12.9520301819,80.2417907715,42377,42387,10
12.9515600204,80.2416305542,42387,42397,10
12.950750351,80.2413787842,42397,42408,11
12.9495096207,80.2409973145,42408,42418,10
12.9488601685,80.2407913208,42418,42428,10
12.9481897354,80.2404937744,42428,42438,10
12.9473400116,80.2401428223,42438,42448,10
12.94713974,80.2400588989,42448,42458,10
12.946849823,80.2399368286,42458,42468,10
12.9461603165,80.2396621704,42468,42478,10
12.9452495575,80.2392196655,42478,42488,10
12.9442901611,80.2382736206,42488,42499,11
12.9433403015,80.2372512817,42499,42509,10
12.9421100616,80.2364425659,42509,42519,10
12.9406404495,80.236076355,42519,42529,10
12.9397602081,80.2358093262,42529,42539,10
12.9396800995,80.235786438,42539,42549,10
12.9392004013,80.2355575562,42549,42559,10
12.9383897781,80.2351608276,42559,42569,10
12.9373598099,80.2346420288,42569,42580,11
12.9361000061,80.2340164185,42580,42590,10
12.9349098206,80.2334899902,42590,42600,10
12.9340600967,80.2331085205,42600,42610,10
12.933839798,80.2330093384,42610,42620,10
12.9338302612,80.2329788208,42620,42630,10
12.9334402084,80.2328033447,42630,42640,10
12.9326896667,80.2324905396,42640,42650,10
12.9316797256,80.2321395874,42650,42660,10
12.9304599762,80.2317504883,42660,42671,11
12.9291296005,80.2314376831,42671,42681,10
12.9278402328,80.2312011719,42681,42691,10
12.9265499115,80.2310714722,42691,42701,10
12.9261703491,80.231048584,42701,42711,10
12.9258003235,80.2310028076,42711,42721,10
12.9250802994,80.2309112549,42721,42731,10
12.9241399765,80.230796814,42731,42741,10
12.9229602814,80.2306289673,42741,42751,10
12.9215898514,80.230430603,42751,42762,11
12.9199800491,80.2302322388,42762,42772,10
12.918510437,80.2300262451,42772,42782,10
12.9172000885,80.2298736572,42782,42792,10
12.9161195755,80.2296905518,42792,42802,10
12.9149599075,80.2295379639,42802,42812,10
12.913769722,80.2293930054,42812,42822,10
12.9132604599,80.2293167114,42822,42832,10
12.913189888,80.2293014526,42832,42842,10
12.9126501083,80.2292098999,42842,42853,11
12.9116401672,80.2290802002,42853,42863,10
12.9104995728,80.2289123535,42863,42873,10
12.9092798233,80.2287216187,42873,42883,10
12.9075803757,80.2284927368,42883,42933,50
12.9075803757,80.2284927368,42933,42944,11
12.9071998596,80.2284622192,42944,42954,10
12.9068002701,80.2284011841,42954,42984,30
12.9068002701,80.2284011841,42984,42994,10
12.9066400528,80.2283706665,42994,43004,10
12.9062404633,80.2283401489,43004,43014,10
12.9060697556,80.2283325195,43014,43024,10
12.9054203033,80.2282867432,43024,43035,11
12.9043703079,80.2282180786,43035,43045,10
12.9033498764,80.2281570435,43045,43055,10
12.902130127,80.2280807495,43055,43065,10
12.9012203217,80.2280197144,43065,43075,10
12.9006795883,80.2279891968,43075,43085,10
12.8999300003,80.2279663086,43085,43095,10
12.899600029,80.2279663086,43095,43105,10
12.8994598389,80.2279510498,43105,43115,10
12.8992795944,80.2279205322,43115,43126,11
12.8985795975,80.2278823853,43126,43136,10
12.8976202011,80.2278213501,43136,43146,10
12.8964195251,80.2277374268,43146,43156,10
12.895070076,80.2276916504,43156,43166,10
12.893699646,80.2275924683,43166,43176,10
12.8926801682,80.2274627686,43176,43186,10
12.8921203613,80.2274017334,43186,43196,10
12.8912401199,80.2273788452,43196,43206,10
12.890080452,80.2273788452,43206,43217,11
12.8889102936,80.2274169922,43217,43227,10
12.8879203796,80.2273635864,43227,43237,10
12.8867301941,80.2271575928,43237,43247,10
12.8854598999,80.2268600464,43247,43257,10
12.8848400116,80.2267913818,43257,43267,10
12.8846998215,80.2267837524,43267,43277,10
12.8841199875,80.2267684937,43277,43287,10
12.8831996918,80.2267608643,43287,43297,10
12.8820695877,80.2267684937,43297,43308,11
12.880610466,80.2267837524,43308,43318,10
12.8791704178,80.2267990112,43318,43328,10
12.8777103424,80.2268981934,43328,43338,10
12.8766698837,80.2269973755,43338,43348,10
12.8764801025,80.2270126343,43348,43358,10
12.8761901855,80.2270202637,43358,43368,10
12.8754997253,80.2269897461,43368,43378,10
12.8745203018,80.2268829346,43378,43388,10
12.8732700348,80.2267608643,43388,43399,11
12.8723201752,80.2267608643,43399,43409,10
12.8719797134,80.2267532349,43409,43419,10
12.8711795807,80.2267074585,43419,43429,10
12.8701095581,80.2266235352,43429,43439,10
12.8688602448,80.2264709473,43439,43449,10
12.867480278,80.2264785767,43449,43459,10
12.8660497665,80.2265777588,43459,43469,10
12.8645601273,80.2265777588,43469,43479,10
12.8630599976,80.2265396118,43479,43490,11
12.8614196777,80.2266387939,43490,43500,10
12.8610296249,80.2266311646,43500,43510,10
12.8605699539,80.2265930176,43510,43520,10
12.8597402573,80.2264709473,43520,43530,10
12.8586301804,80.2263183594,43530,43540,10
12.8573198318,80.2263031006,43540,43550,10
12.8559103012,80.2264404297,43550,43560,10
12.8544101715,80.2265777588,43560,43570,10
12.8528900146,80.2266998291,43570,43581,11
12.8514499664,80.2266464233,43581,43591,10
12.8500995636,80.2266387939,43591,43601,10
12.8486299515,80.2266235352,43601,43611,10
12.8471603394,80.2266235352,43611,43621,10
12.8454704285,80.2266387939,43621,43641,20
12.8454704285,80.2266387939,43641,43651,10
12.8452301025,80.2266311646,43651,43661,10
12.8445501328,80.2266769409,43661,43672,11
12.8435001373,80.2267990112,43672,43682,10
12.8424596786,80.2269668579,43682,43692,10
12.8415899277,80.227142334,43692,43702,10
12.8406400681,80.2274093628,43702,43712,10
12.8399600983,80.2276306152,43712,43722,10
12.8398504257,80.2276763916,43722,43732,10
12.8396396637,80.2277526855,43732,43742,10
12.8390398026,80.227897644,43742,43752,10
12.8381099701,80.2281188965,43752,43763,11
12.8367795944,80.2283630371,43763,43773,10
12.8353796005,80.2285766602,43773,43783,10
12.8339195251,80.2288208008,43783,43793,10
12.8323202133,80.2291564941,43793,43813,20
12.8323202133,80.2291564941,43813,43823,10
12.8318996429,80.2292480469,43823,43833,10
12.8311595917,80.2294464111,43833,43843,10
12.8300800323,80.2298126221,43843,43854,11
12.8287000656,80.2303771973,43854,43864,10
12.8274402618,80.2310791016,43864,43874,10
12.826089859,80.2313995361,43874,43884,10
12.8248901367,80.2314376831,43884,43894,10
12.8239002228,80.2312088013,43894,43904,10
12.8226900101,80.2308578491,43904,43914,10
12.8214702606,80.2305297852,43914,43924,10
12.8203401566,80.2304992676,43924,43934,10
12.8192996979,80.2305221558,43934,43945,11
12.81828022,80.2302322388,43945,43955,10
12.8172597885,80.2297897339,43955,43965,10
12.8160495758,80.2294998169,43965,43975,10
12.8146800995,80.2292709351,43975,43985,10
12.813249588,80.2289199829,43985,43995,10
12.8118000031,80.2284088135,43995,44005,10
12.8103303909,80.2278289795,44005,44015,10
12.8089599609,80.2271118164,44015,44025,10
12.8077697754,80.2261428833,44025,44036,11
12.8067703247,80.2252731323,44036,44046,10
12.8059597015,80.2245483398,44046,44056,10
12.8051795959,80.2240982056,44056,44066,10
12.8049697876,80.2240371704,44066,44076,10
12.8047800064,80.2240066528,44076,44086,10
12.8041496277,80.2239379883,44086,44096,10
12.8032398224,80.2238388062,44096,44106,10
12.8021802902,80.2236785889,44106,44116,10
12.801030159,80.2235565186,44116,44127,11
12.7996997833,80.2234420776,44127,44137,10
12.7984695435,80.2232513428,44137,44147,10
12.7970695496,80.2231063843,44147,44157,10
12.7959403992,80.2229614258,44157,44167,10
12.7958297729,80.2229537964,44167,44177,10
12.7956199646,80.2229232788,44177,44187,10
12.7949695587,80.2228088379,44187,44197,10
12.7939500809,80.2226409912,44197,44207,10
12.7927103043,80.2224578857,44207,44218,11
12.7912998199,80.2221221924,44218,44228,10
12.7900495529,80.2218017578,44228,44238,10
12.7891302109,80.2215118408,44238,44248,10
12.7884197235,80.221206665,44248,44258,10
12.7878198624,80.2209625244,44258,44268,10
12.7873497009,80.2208023071,44268,44278,10
12.7871599197,80.2207336426,44278,44288,10
12.7868700027,80.2206268311,44288,44298,10
12.786860466,80.2206192017,44298,44309,11
12.7865600586,80.2204818726,44309,44319,10
12.7863903046,80.2203979492,44319,44329,10
12.7862100601,80.2205429077,44329,44339,10
12.7862300873,80.2206878662,44339,44349,10
12.7862100601,80.220993042,44349,44359,10
12.7862596512,80.2215881348,44359,44369,10
12.7863397598,80.2219772339,44369,44693,324
12.7862501144,80.2218475342,44693,44713,20
12.7862501144,80.2218475342,44713,44723,10
12.7862300873,80.2214584351,44723,44733,10
12.7862195969,80.2211227417,44733,44743,10
12.7862195969,80.2208099365,44743,44753,10
12.7862300873,80.2207717896,44753,44764,11
12.7862596512,80.2204208374,44764,44774,10
12.786450386,80.2204818726,44774,44784,10
12.7864599228,80.220489502,44784,44794,10
12.7867002487,80.2205810547,44794,44804,10
12.7869501114,80.2206573486,44804,44814,10
12.7872600555,80.2207794189,44814,44824,10
12.7872800827,80.2207794189,44824,44834,10
12.7876396179,80.2209014893,44834,44844,10
12.7882604599,80.2211380005,44844,44855,11
12.7891101837,80.2214126587,44855,44865,10
12.7896299362,80.2216262817,44865,44875,10
12.7902002335,80.2218017578,44875,44885,10
12.7911396027,80.2220306396,44885,44895,10
12.7922897339,80.222328186,44895,44905,10
12.7936897278,80.2225494385,44905,44915,10
12.7951402664,80.2227630615,44915,44925,10
12.796500206,80.2230072021,44925,44935,10
12.7978801727,80.2232513428,44935,44946,11
12.7994003296,80.2234191895,44946,44956,10
12.8007097244,80.2235183716,44956,44966,10
12.8015003204,80.2236022949,44966,44976,10
12.801609993,80.2236022949,44976,44986,10
12.8020401001,80.2236480713,44986,44996,10
12.8027601242,80.2237625122,44996,45006,10
12.8036298752,80.2238464355,45006,45016,10
12.804599762,80.2239303589,45016,45026,10
12.8053302765,80.2240829468,45026,45037,11
12.8053598404,80.2240905762,45037,45047,10
12.8054800034,80.2241516113,45047,45057,10
12.8055295944,80.2241592407,45057,45067,10
12.8057203293,80.2242584229,45067,45077,10
12.8062000275,80.2246398926,45077,45087,10
12.806889534,80.2252426147,45087,45097,10
12.8076496124,80.2259063721,45097,45107,10
12.8085203171,80.2266387939,45107,45117,10
12.8095197678,80.2273864746,45117,45128,11
12.8108196259,80.2279663086,45128,45138,10
12.81208992,80.2284393311,45138,45148,10
12.8133802414,80.2289123535,45148,45158,10
12.8147296906,80.2292404175,45158,45168,10
12.8161096573,80.2294387817,45168,45178,10
12.8174600601,80.2297821045,45178,45188,10
12.8186798096,80.2303466797,45188,45198,10
12.8196897507,80.2304534912,45198,45208,10
12.8197898865,80.2304382324,45208,45219,11
12.8202600479,80.2304382324,45219,45229,10
12.8211297989,80.2304382324,45229,45239,10
12.8222198486,80.2306213379,45239,45249,10
12.8234500885,80.2310180664,45249,45259,10
12.8247995377,80.231338501,45259,45269,10
12.826259613,80.2313308716,45269,45279,10
12.8275499344,80.2309875488,45279,45289,10
12.8285303116,80.2304229736,45289,45299,10
12.8297100067,80.2298812866,45299,45310,11
12.8309602737,80.2293701172,45310,45330,20
12.8309602737,80.2293701172,45330,45340,10
12.8312397003,80.2293167114,45340,45350,10
12.8313798904,80.2292633057,45350,45360,10
12.8318099976,80.2291488647,45360,45370,10
12.8325796127,80.2289962769,45370,45380,10
12.8335599899,80.2288208008,45380,45390,10
12.8347902298,80.2285919189,45390,45401,11
12.8362798691,80.2283630371,45401,45411,10
12.8376998901,80.2281265259,45411,45421,10
12.8389101028,80.2278518677,45421,45431,10
12.8394098282,80.2276382446,45431,45441,10
12.8398199081,80.2275390625,45441,45451,10
12.8403997421,80.2274475098,45451,45461,10
12.8411998749,80.2272262573,45461,45471,10
12.8421297073,80.2270126343,45471,45481,10
12.8431501389,80.2267990112,45481,45492,11
12.8444795609,80.2266235352,45492,45502,10
12.845410347,80.2265396118,45502,45512,10
12.845459938,80.2265396118,45512,45522,10
12.8457899094,80.2265396118,45522,45532,10
12.8462495804,80.2265625,45532,45542,10
12.8469495773,80.2265625,45542,45552,10
12.8479299545,80.2265625,45552,45562,10
12.8491001129,80.2265472412,45562,45572,10
12.8504199982,80.2265472412,45572,45583,11
12.8519897461,80.2266235352,45583,45593,10
12.853509903,80.2266235352,45593,45603,10
12.8550395966,80.2264709473,45603,45613,10
12.856590271,80.2263031006,45613,45623,10
12.858039856,80.2261886597,45623,45633,10
12.8592395782,80.2262878418,45633,45643,10
12.86054039,80.2264633179,45643,45653,10
12.8608503342,80.2264862061,45653,45663,10
12.8611297607,80.2265090942,45663,45674,11
12.8619098663,80.2265014648,45674,45684,10
12.8629102707,80.2264633179,45684,45694,10
12.8641300201,80.2265090942,45694,45704,10
12.865530014,80.2265625,45704,45714,10
12.8670196533,80.2264480591,45714,45724,10
12.8685398102,80.226348877,45724,45734,10
12.8699302673,80.2264862061,45734,45744,10
12.8712396622,80.226600647,45744,45754,10
12.8723802567,80.2266311646,45754,45765,11
12.8728599548,80.2266387939,45765,45775,10
12.8729400635,80.2266387939,45775,45785,10
12.8734502792,80.2266616821,45785,45795,10
12.8742704391,80.2267379761,45795,45805,10
12.8752803802,80.2268676758,45805,45815,10
12.8763599396,80.226890564,45815,45825,10
12.8766803741,80.2268676758,45825,45835,10
12.8770399094,80.2268600464,45835,45845,10
12.8777799606,80.2267990112,45845,45856,11
12.8788900375,80.2267227173,45856,45866,10
12.8801002502,80.2266921997,45866,45876,10
12.8814401627,80.2266769409,45876,45886,10
12.8828601837,80.2266693115,45886,45896,10
12.8843002319,80.2266387939,45896,45906,10
12.885219574,80.2266464233,45906,45916,10
12.8852596283,80.2266464233,45916,45926,10
12.8856801987,80.2267532349,45926,45936,10
12.8864603043,80.2269668579,45936,45947,11
12.8875904083,80.2271881104,45947,45957,10
12.8888101578,80.2272872925,45957,45967,10
12.8901796341,80.2273025513,45967,45977,10
12.8915500641,80.2272872925,45977,45987,10
12.8926296234,80.2273406982,45987,45997,10
12.893529892,80.2274475098,45997,46007,10
12.8943004608,80.2275390625,46007,46017,10
12.8953199387,80.2276077271,46017,46027,10
12.8965797424,80.2276611328,46027,46038,11
12.8980998993,80.2277374268,46038,46048,10
12.8993701935,80.2278213501,46048,46058,10
12.9002799988,80.2277984619,46058,46068,10
12.900639534,80.2278137207,46068,46078,10
12.9007396698,80.2278289795,46078,46088,10
12.9011096954,80.227897644,46088,46098,10
12.9018201828,80.2279510498,46098,46108,10
12.9025201797,80.2279586792,46108,46118,10
12.9025402069,80.2279586792,46118,46129,11
12.9029197693,80.2279968262,46129,46139,10
12.9036598206,80.2280578613,46139,46149,10
12.9046297073,80.2281188965,46149,46159,10
12.9062900543,80.2281494141,46159,46179,20
12.9062900543,80.2281494141,46179,46189,10
12.9064502716,80.2281494141,46189,46199,10
12.9069404602,80.2282104492,46199,46209,10
12.907119751,80.2282485962,46209,46220,11
12.9076499939,80.2283325195,46220,46230,10
12.9084796906,80.2284622192,46230,46240,10
12.9095897675,80.2286376953,46240,46250,10
12.9109096527,80.2288589478,46250,46260,10
12.9122695923,80.2290725708,46260,46270,10
12.9134998322,80.2292327881,46270,46280,10
12.9140996933,80.2292785645,46280,46290,10
12.9142599106,80.229309082,46290,46300,10
12.9148397446,80.2294006348,46300,46311,11
12.9157800674,80.2295303345,46311,46321,10
12.9168195724,80.229637146,46321,46331,10
12.9180803299,80.2298431396,46331,46341,10
12.9193897247,80.2300186157,46341,46351,10
12.9208202362,80.2302093506,46351,46361,10
12.922249794,80.2304077148,46361,46371,10
12.9236898422,80.2306289673,46371,46381,10
12.9251203537,80.2308273315,46381,46391,10
12.9261398315,80.2309036255,46391,46402,11
12.926320076,80.2309265137,46402,46412,10
12.9267501831,80.2309799194,46412,46422,10
12.9274902344,80.231086731,46422,46432,10
12.9284000397,80.2312011719,46432,46442,10
12.9291200638,80.2313537598,46442,46452,10
12.929980278,80.2315597534,46452,46462,10
12.9310703278,80.2318115234,46462,46472,10
12.9323196411,80.2322387695,46472,46482,10
12.9334697723,80.2326583862,46482,46493,11
12.9336299896,80.2327270508,46493,46503,10
12.9338998795,80.2328720093,46503,46513,10
12.9345302582,80.2331619263,46513,46523,10
12.9353904724,80.2335510254,46523,46533,10
12.9362802505,80.2339935303,46533,46543,10
12.9373598099,80.2344894409,46543,46553,10
12.9385700226,80.2350769043,46553,46563,10
12.939620018,80.2355880737,46563,46573,10
12.9399404526,80.2357330322,46573,46584,11
12.9400701523,80.2357788086,46584,46594,10
12.9406204224,80.2359619141,46594,46604,10
12.9414396286,80.2361602783,46604,46614,10
12.9424800873,80.2364807129,46614,46624,10
12.9434700012,80.237159729,46624,46634,10
12.9443702698,80.2381362915,46634,46644,10
12.9452896118,80.2390975952,46644,46654,10
12.9461297989,80.2395172119,46654,46664,10
12.946969986,80.2398300171,46664,46675,11
12.9474096298,80.2399978638,46675,46685,10
12.9475002289,80.2400436401,46685,46695,10
12.9479598999,80.2402420044,46695,46705,10
12.9484596252,80.2404403687,46705,46715,10
12.9489803314,80.2406311035,46715,46725,10
12.9496002197,80.2408676147,46725,46735,10
12.9504404068,80.2411193848,46735,46745,10
12.9511003494,80.241317749,46745,46755,10
12.9511995316,80.2413482666,46755,46766,11
12.9515104294,80.2414932251,46766,46776,10
12.9521198273,80.2417373657,46776,46786,10
12.9529600143,80.2420501709,46786,46796,10
12.953789711,80.2423019409,46796,46806,10
12.954079628,80.24243927,46806,46816,10
12.9546403885,80.24269104,46816,46826,10
12.9554004669,80.2429962158,46826,46836,10
12.9561595917,80.2433013916,46836,46927,91
12.9561595917,80.2433013916,46927,46937,10
12.9563398361,80.2433929443,46937,46968,31
12.9563398361,80.2433929443,46968,46978,10
12.9564800262,80.2434082031,46978,46988,10
12.9570198059,80.2436599731,46988,46998,10
12.9578800201,80.2440185547,46998,47008,10
12.9587802887,80.2443771362,47008,47018,10
12.9589996338,80.2444915771,47018,47028,10
12.9593095779,80.2446517944,47028,47039,11
12.9600400925,80.2449798584,47039,47049,10
12.960940361,80.2453918457,47049,47059,10
12.961979866,80.2458877563,47059,47069,10
12.9630203247,80.2464065552,47069,47109,40
12.9630203247,80.2464065552,47109,47119,10
12.9633798599,80.2466201782,47119,47130,11
12.9639902115,80.2468795776,47130,47140,10
12.9647397995,80.2471389771,47140,47150,10
12.9656095505,80.2474136353,47150,47160,10
12.966340065,80.2477035522,47160,47170,10
12.9665203094,80.2477722168,47170,47180,10
12.9665899277,80.2477874756,47180,47190,10
12.9667301178,80.2478637695,47190,47200,10
12.9669399261,80.2479782104,47200,47210,10
12.9673995972,80.2481994629,47210,47221,11
12.9681797028,80.2485427856,47221,47231,10
12.9690504074,80.248916626,47231,47241,10
12.9700803757,80.2493133545,47241,47251,10
12.9711399078,80.249671936,47251,47261,10
12.9722204208,80.249961853,47261,47271,10
12.9733800888,80.2502593994,47271,47281,10
12.9746198654,80.2505874634,47281,47291,10
12.9759597778,80.2509765625,47291,47301,10
12.9772996902,80.251411438,47301,47312,11
12.9783802032,80.2521972656,47312,47322,10
12.9786396027,80.2523574829,47322,47332,10
12.9789400101,80.2525024414,47332,47342,10
12.9796600342,80.2526016235,47342,47352,10
12.9805698395,80.2526397705,47352,47362,10
12.9815397263,80.2526168823,47362,47372,10
12.9827098846,80.252571106,47372,47382,10
12.984000206,80.2523422241,47382,47392,10
12.9846801758,80.2521362305,47392,47423,31
12.9846801758,80.2521362305,47423,47433,10
12.9848299026,80.2520904541,47433,47443,10
12.9853401184,80.2519378662,47443,47453,10
12.9857196808,80.2518234253,47453,47463,10
12.986240387,80.251701355,47463,47473,10
12.9866104126,80.2516098022,47473,47595,122
12.9866104126,80.2516098022,47595,47605,10
12.9866600037,80.2515487671,47605,47615,10
12.9870901108,80.251449585,47615,47625,10
12.9875001907,80.2513275146,47625,47635,10
12.9879598618,80.2512435913,47635,47645,10
12.9887895584,80.2510604858,47645,47655,10
12.9894800186,80.2508468628,47655,47665,10
12.9894895554,80.2508392334,47665,47676,11
12.989780426,80.2508010864,47676,47686,10
12.9904403687,80.2506713867,47686,47696,10
12.991350174,80.2504196167,47696,47706,10
12.9924201965,80.2501525879,47706,47716,10
12.993639946,80.2498474121,47716,47726,10
12.9949598312,80.2495193481,47726,47736,10
12.9961004257,80.2492218018,47736,47746,10
12.996629715,80.2490463257,47746,47756,10
12.9967403412,80.2490005493,47756,47767,11
12.997300148,80.2489013672,47767,47777,10
12.9981803894,80.2486801147,47777,47787,10
12.9991998672,80.2484436035,47787,47797,10
13.0003204346,80.2481613159,47797,47807,10
13.0015602112,80.2478637695,47807,47817,10
13.0023899078,80.2476730347,47817,47827,10
13.0031700134,80.2475204468,47827,47837,10
13.004119873,80.2473526001,47837,47847,10
13.0051603317,80.2472229004,47847,47858,11
13.0063400269,80.2467498779,47858,47878,20
13.0063400269,80.2467498779,47878,47888,10
13.0063695908,80.2466506958,47888,47898,10
13.0065698624,80.2462768555,47898,47908,10
13.0066404343,80.2454223633,47908,47918,10
13.0066204071,80.2444076538,47918,47928,10
13.0065803528,80.2432632446,47928,47938,10
13.006480217,80.2420730591,47938,47949,11
13.0065402985,80.2410202026,47949,47959,10
13.0067596436,80.2402420044,47959,47969,10
13.0069704056,80.2393417358,47969,47979,10
13.0071697235,80.238067627,47979,47989,10
13.0074701309,80.2364807129,47989,48009,20
13.0074701309,80.2364807129,48009,48019,10
13.0075597763,80.2362518311,48019,48029,10
13.0076799393,80.2356796265,48029,48040,11
13.0078802109,80.2347488403,48040,48050,10
13.0080900192,80.2337417603,48050,48060,10
13.008310318,80.2325134277,48060,48070,10
13.0085897446,80.2311019897,48070,48080,10
13.0088300705,80.2297210693,48080,48090,10
13.0091104507,80.2285232544,48090,48100,10
13.0096197128,80.2272033691,48100,48110,10
13.0100097656,80.2262268066,48110,48120,10
13.0100498199,80.2261810303,48120,48131,11
13.0101299286,80.22605896,48131,48141,10
13.0103902817,80.2255096436,48141,48151,10
13.0107498169,80.2247009277,48151,48161,10
13.0112600327,80.2236785889,48161,48171,10
13.0117397308,80.2225189209,48171,48181,10
13.0120401382,80.2215805054,48181,48191,10
13.0122804642,80.2214126587,48191,48201,10
13.0124797821,80.2217712402,48201,48211,10
13.0129899979,80.2223892212,48211,48222,11
13.0135602951,80.2230224609,48222,48232,10
13.0141496658,80.2237167358,48232,48242,10
13.0147695541,80.2242507935,48242,48252,10
13.0155200958,80.2249832153,48252,48272,20
13.0155200958,80.2249832153,48272,48282,10
13.0158500671,80.2253189087,48282,48292,10
13.0167303085,80.2252120972,48292,48303,11
13.0178003311,80.2248001099,48303,48314,11
13.0191602707,80.2243423462,48314,48324,10
13.0197401047,80.2245025635,48324,48334,10
13.0197496414,80.2245178223,48334,48344,10
13.0200099945,80.2247695923,48344,48364,20
13.0200099945,80.2247695923,48364,48374,10
13.020190239,80.2248535156,48374,48384,10
13.0206403732,80.2251968384,48384,48395,11
13.0214395523,80.2258300781,48395,49284,889
13.0214395523,80.2258300781,49284,49295,11
13.021900177,80.2261276245,49295,49305,10
13.0223798752,80.2265701294,49305,49315,10
13.0230302811,80.227142334,49315,49325,10
13.0234899521,80.2276382446,49325,49335,10
13.0239400864,80.2280807495,49335,49345,10
13.0241203308,80.2282333374,49345,49355,10
13.0242795944,80.2283782959,49355,49375,20
13.0242795944,80.2283782959,49375,49386,11
13.0242595673,80.2285995483,49386,49396,10
13.0239601135,80.2282791138,49396,49406,10
13.0236797333,80.2279129028,49406,49416,10
13.0229902267,80.2272720337,49416,49497,81
13.0229902267,80.2272720337,49497,49507,10
13.0229997635,80.2271118164,49507,49750,243
13.0230197906,80.2272109985,49750,49952,202
13.0230197906,80.2272109985,49952,49962,10
13.0230998993,80.2272262573,49962,49972,10
13.0230197906,80.2271728516,49972,49982,10
13.0227804184,80.2269363403,49982,49992,10
13.0224103928,80.2266082764,49992,50002,10
13.0218200684,80.2260971069,50002,50013,11
13.0210599899,80.2255401611,50013,50023,10
13.0203895569,80.2250823975,50023,50033,10
13.0200004578,80.2248764038,50033,50043,10
13.019949913,80.224861145,50043,50053,10
13.019610405,80.2246398926,50053,50063,10
13.0188798904,80.2244873047,50063,50073,10
13.0180501938,80.2248001099,50073,50083,10
13.0171499252,80.2251815796,50083,50093,10
13.0164699554,80.2254562378,50093,50104,11
13.015879631,80.2256622314,50104,50114,10
13.0151796341,80.2259063721,50114,50124,10
13.0144195557,80.2262191772,50124,50154,30
13.0144195557,80.2262191772,50154,50164,10
13.0140600204,80.2263717651,50164,50174,10
13.013420105,80.226600647,50174,50184,10
13.0127000809,80.2268600464,50184,50195,11
13.0115995407,80.2273025513,50195,50205,10
13.0106096268,80.2276916504,50205,50215,10
13.0095596313,80.2281417847,50215,50225,10
13.0090999603,80.2288589478,50225,50235,10
13.0089197159,80.2297973633,50235,50245,10
13.0087404251,80.2309036255,50245,50255,10
13.0085296631,80.2319412231,50255,50265,10
13.0083398819,80.2330932617,50265,50275,10
13.0082397461,80.2335968018,50275,50286,11
13.0082397461,80.2336120605,50286,50296,10
13.0082101822,80.2337036133,50296,50306,10
13.0081300735,80.2340621948,50306,50316,10
13.0079603195,80.2347335815,50316,50326,10
13.0078001022,80.2356414795,50326,50336,10
13.0075998306,80.2367324829,50336,50346,10
13.0073604584,80.2378234863,50346,50356,10
13.0072002411,80.2387771606,50356,50366,10
13.0070104599,80.239692688,50366,50377,11
13.0068101883,80.2405776978,50377,50387,10
13.0066795349,80.2413635254,50387,50397,10
13.006649971,80.2422332764,50397,50407,10
13.006649971,80.2429428101,50407,50417,10
13.0066795349,80.2438430786,50417,50427,10
13.0066604614,80.2447509766,50427,50437,10
13.0066404343,80.2452468872,50437,50447,10
13.0066795349,80.2456970215,50447,50457,10
13.0066995621,80.2464981079,50457,50468,11
13.0066795349,80.2473526001,50468,50548,80
13.0066795349,80.2473526001,50548,50559,11
13.0064496994,80.2474899292,50559,50569,10
13.005979538,80.2474899292,50569,50589,20
13.005979538,80.2474899292,50589,50599,10
13.0056400299,80.2473983765,50599,50609,10
13.0048999786,80.2473678589,50609,50619,10
13.0039196014,80.247467041,50619,50629,10
13.0029096603,80.2476425171,50629,50639,10
13.0024595261,80.2477493286,50639,50650,11
13.0020399094,80.247833252,50650,50660,10
13.0013198853,80.248008728,50660,50670,10
13.0003995895,80.2482528687,50670,50680,10
12.9993200302,80.2485198975,50680,50690,10
12.9981899261,80.2488632202,50690,50700,10
12.9979600906,80.248916626,50700,50710,10
12.997590065,80.2489776611,50710,50720,10
12.9966802597,80.2491912842,50720,50730,10
12.9956197739,80.249420166,50730,50741,11
12.9943399429,80.2497634888,50741,50751,10
12.9931697845,80.2500534058,50751,50760,9
12.9920301437,80.2503204346,50760,50771,11
12.9909801483,80.2506637573,50771,50781,10
12.9909095764,80.2506637573,50781,50791,10
12.9905099869,80.2507400513,50791,50801,10
12.989780426,80.2509307861,50801,50811,10
12.988820076,80.2511978149,50811,50821,10
12.9880800247,80.2514266968,50821,50924,103
12.9880800247,80.2514266968,50924,50934,10
12.9879102707,80.2514038086,50934,50944,10
12.9874401093,80.2515029907,50944,50954,10
12.9866600037,80.2517471313,50954,50964,10
12.9857501984,80.2519683838,50964,50974,10
12.9845695496,80.2522506714,50974,50984,10
12.9834299088,80.252571106,50984,50994,10
12.9822998047,80.2526626587,50994,51004,10
12.9811296463,80.2526931763,51004,51015,11
12.9800796509,80.2528076172,51015,51025,10
12.9794998169,80.2527313232,51025,51035,10
12.9786996841,80.2526092529,51035,51045,10
12.9785900116,80.2525787354,51045,51055,10
12.9783802032,80.2524490356,51055,51065,10
12.9778404236,80.2519989014,51065,51075,10
12.9770002365,80.2514038086,51075,51085,10
12.9758195877,80.2510223389,51085,51095,10
12.97453022,80.2506332397,51095,51106,11
12.9730596542,80.2502212524,51106,51116,10
12.9717197418,80.2498703003,51116,51126,10
12.9704303741,80.2494812012,51126,51136,10
12.9690999985,80.2489776611,51136,51146,10
12.96778965,80.2484588623,51146,51156,10
12.9668397903,80.2480392456,51156,51166,10
12.9659900665,80.2476501465,51166,51176,10
12.9650802612,80.2473602295,51176,51186,10
12.9650001526,80.2473373413,51186,51197,11
12.9646196365,80.2471466064,51197,51207,10
12.9639196396,80.2468795776,51207,51217,10
12.9632501602,80.24659729,51217,51227,10
12.9623603821,80.2461471558,51227,51237,10
12.9612598419,80.2456207275,51237,51247,10
12.9600296021,80.2450637817,51247,51257,10
12.9593801498,80.2448196411,51257,51267,10
12.9593000412,80.244758606,51267,51277,10
12.9587802887,80.2444992065,51277,51288,11
12.957909584,80.2441329956,51288,51298,10
12.9566602707,80.2437820435,51298,51318,20
12.9566602707,80.2437820435,51318,51328,10
12.9565000534,80.2437210083,51328,51389,61
12.9565000534,80.2437210083,51389,51399,10
12.9561195374,80.2435836792,51399,51409,10
12.9555702209,80.2432479858,51409,51419,10
12.9547100067,80.2428512573,51419,51429,10
12.953669548,80.2424087524,51429,51439,10
12.9524698257,80.2419433594,51439,51449,10
12.9516401291,80.2416763306,51449,51459,10
12.9515895844,80.2416534424,51459,51470,11
12.9510698318,80.2414169312,51470,51480,10
12.9502601624,80.2411499023,51480,51490,10
12.949379921,80.2408599854,51490,51500,10
12.9485797882,80.240562439,51500,51510,10
12.9471197128,80.240020752,51510,51530,20
12.9471197128,80.240020752,51530,51540,10
12.9467401505,80.2398605347,51540,51550,10
12.9460496902,80.2395706177,51550,51561,11
12.9451198578,80.2390213013,51561,51571,10
12.9442796707,80.2381362915,51571,51581,10
12.9433403015,80.237121582,51581,51591,10
12.9421901703,80.2363967896,51591,51601,10
12.940779686,80.2360534668,51601,51611,10
12.9397602081,80.2357635498,51611,51621,10
12.9396600723,80.2357330322,51621,51631,10
12.9393796921,80.2356033325,51631,51641,10
12.9387302399,80.2352523804,51641,51652,11
12.9377603531,80.2347564697,51652,51662,10
12.9366903305,80.2342376709,51662,51672,10
12.9354801178,80.2336578369,51672,51682,10
12.9338302612,80.232963562,51682,51702,20
12.9338302612,80.232963562,51702,51712,10
12.9335403442,80.2328033447,51712,51722,10
12.9329004288,80.2325134277,51722,51732,10
12.9320001602,80.2321777344,51732,51743,11
12.9307603836,80.2317810059,51743,51753,10
12.929479599,80.2314529419,51753,51763,10
12.9280796051,80.2312011719,51763,51773,10
12.9267301559,80.2310409546,51773,51783,10
12.9259996414,80.2309799194,51783,51793,10
12.9257698059,80.2309494019,51793,51803,10
12.925160408,80.2308425903,51803,51813,10
12.9243297577,80.2307434082,51813,51823,10
12.9233102798,80.2305908203,51823,51834,11
12.9219398499,80.2303924561,51834,51844,10
12.9205503464,80.2302017212,51844,51854,10
12.9190797806,80.2300109863,51854,51864,10
12.9175701141,80.2298126221,51864,51874,10
12.9160003662,80.2296295166,51874,51884,10
12.9145202637,80.2293777466,51884,51894,10
12.9134101868,80.2293014526,51894,51904,10
12.9132604599,80.2292785645,51904,51914,10
12.9132099152,80.2292633057,51914,51925,11
12.9126701355,80.2291412354,51925,51935,10
12.9118499756,80.2289962769,51935,51945,10
12.9108104706,80.2288513184,51945,51955,10
12.9095897675,80.2286834717,51955,51965,10
12.9082603455,80.2284698486,51965,51975,10
12.9069595337,80.2282867432,51975,51985,10
12.9062795639,80.2282409668,51985,51995,10
12.9061498642,80.2282333374,51995,52005,10
12.9056100845,80.2282028198,52005,52016,11
12.9046096802,80.2281188965,52016,52026,10
12.9034404755,80.2280502319,52026,52036,10
12.9021501541,80.2279891968,52036,52046,10
12.9013795853,80.2279815674,52046,52056,10
12.9008302689,80.2279281616,52056,52066,10
12.9003400803,80.2279281616,52066,52076,10
12.9000597,80.2279129028,52076,52086,10
12.8996400833,80.2279129028,52086,52107,21
12.8996400833,80.2279129028,52107,52117,10
12.8993196487,80.2278594971,52117,52127,10
12.8988199234,80.2278137207,52127,52137,10
12.8981895447,80.2277984619,52137,52147,10
12.897310257,80.227722168,52147,52157,10
12.8962802887,80.2276763916,52157,52167,10
12.8952302933,80.2276306152,52167,52177,10
12.8940896988,80.2275619507,52177,52187,10
12.8930597305,80.2274398804,52187,52198,11
12.8924303055,80.2273712158,52198,52208,10
12.8917198181,80.2273406982,52208,52218,10
12.8907299042,80.2273406982,52218,52228,10
12.8895702362,80.2273406982,52228,52238,10
12.8882703781,80.2273406982,52238,52248,10
12.886879921,80.2271499634,52248,52258,10
12.8854999542,80.2268066406,52258,52268,10
12.8848304749,80.2267303467,52268,52278,10
12.8847103119,80.2267303467,52278,52289,11
12.8840904236,80.2267227173,52289,52299,10
12.8832597733,80.2267303467,52299,52309,10
12.8822002411,80.2267303467,52309,52319,10
12.880979538,80.2267532349,52319,52329,10
12.8796300888,80.2267608643,52329,52339,10
12.8781700134,80.2268295288,52339,52349,10
12.8763799667,80.2270126343,52349,52369,20
12.8763799667,80.2270126343,52369,52380,11
12.8758602142,80.2269668579,52380,52390,10
12.8750696182,80.2269210815,52390,52400,10
12.8740196228,80.2267837524,52400,52410,10
12.8729295731,80.2267303467,52410,52420,10
12.8727397919,80.2267227173,52420,52430,10
12.872209549,80.2266998291,52430,52440,10
12.8713598251,80.2266616821,52440,52450,10
12.870300293,80.2265777588,52450,52460,10
12.8690795898,80.2264404297,52460,52471,11
12.8676099777,80.2264022827,52471,52481,10
12.8662004471,80.2265701294,52481,52491,10
12.8647499084,80.2265625,52491,52501,10
12.8632802963,80.2265396118,52501,52511,10
12.8618497849,80.226600647,52511,52521,10
12.8605098724,80.2265319824,52521,52531,10
12.8591299057,80.226348877,52531,52541,10
12.8582801819,80.2262268066,52541,52551,10
12.8573503494,80.2262573242,52551,52562,11
12.8560800552,80.2264022827,52562,52572,10
12.8547801971,80.2265319824,52572,52582,10
12.8533496857,80.2266769409,52582,52592,10
12.8518400192,80.2266464233,52592,52602,10
12.8502902985,80.2265777588,52602,52612,10
12.8487195969,80.2265625,52612,52622,10
12.8471803665,80.2265701294,52622,52632,10
12.8460302353,80.2266082764,52632,52642,10
12.8453798294,80.2266387939,52642,52653,11
12.8453702927,80.2266387939,52653,52663,10
12.8452796936,80.2266311646,52663,52673,10
12.8447799683,80.2266616821,52673,52683,10
12.8439598083,80.2267379761,52683,52693,10
12.8429298401,80.2269134521,52693,52703,10
12.8416996002,80.227180481,52703,52713,10
12.8404903412,80.2274932861,52713,52723,10
12.8398199081,80.227722168,52723,52733,10
12.8393096924,80.2278518677,52733,52744,11
12.8382997513,80.2280807495,52744,52754,10
12.8371496201,80.228302002,52754,52764,10
12.8358402252,80.2285003662,52764,52774,10
12.8344097137,80.228729248,52774,52784,10
12.8330802917,80.2289810181,52784,52794,10
12.8319101334,80.2291870117,52794,52804,10
12.8315601349,80.2290420532,52804,52814,10
12.8315296173,80.2289199829,52814,52824,10
12.8315000534,80.2287826538,52824,52835,11
12.831410408,80.2281723022,52835,52845,10
12.8312397003,80.2273025513,52845,52855,10
12.8310403824,80.2261886597,52855,52865,10
12.8310203552,80.2249221802,52865,52875,10
12.831029892,80.2245025635,52875,52885,10
12.8310403824,80.2238388062,52885,52895,10
12.8310403824,80.22290802,52895,52905,10
12.8310403824,80.2221984863,52905,52915,10
12.8310403824,80.2217712402,52915,52926,11
12.8310499191,80.2209320068,52926,52936,10
12.8310604095,80.219909668,52936,52946,10
12.8309898376,80.2194824219,52946,52956,10
12.8303403854,80.2194213867,52956,52966,10
12.8294095993,80.2194366455,52966,52976,10
12.8277196884,80.2194671631,52976,53017,41
12.8277196884,80.2194671631,53017,53027,10
12.8275403976,80.2194595337,53027,53037,10
12.8269195557,80.2194290161,53037,53047,10
12.8261404037,80.2194213867,53047,53057,10
12.8258199692,80.2192382813,53057,53067,10
12.8258304596,80.2191009521,53067,53077,10
12.8258199692,80.2187805176,53077,53087,10
12.8258399963,80.2177276611,53087,53097,10
12.8258495331,80.2167434692,53097,53108,11
12.8256196976,80.2159729004,53108,53118,10
12.8248195648,80.2160263062,53118,53618,500
12.8248195648,80.2160263062,53618,53629,11
12.8246097565,80.216003418,53629,53640,11
12.8244104385,80.2159881592,53640,53651,11
12.8239402771,80.2159881592,53651,53661,10
12.8234500885,80.2159881592,53661,53672,11
12.8232898712,80.2159881592,53672,53681,9
12.8229198456,80.216003418,53681,53692,11
12.8226995468,80.2161178589,53692,53703,11
12.8226995468,80.2164306641,53703,53713,10
12.8226604462,80.2176132202,53713,53723,10
12.822640419,80.2185134888,53723,53733,10
12.8226499557,80.219078064,53733,53744,11
12.8228702545,80.219367981,53744,53754,10
12.8235502243,80.2194213867,53754,53764,10
12.8242197037,80.2194366455,53764,53774,10
12.8254995346,80.2195205688,53774,53784,10
12.8254995346,80.2195205688,53784,53794,10
12.8260297775,80.2194900513,53794,53804,10
12.8267803192,80.2194519043,53804,53814,10
12.8272800446,80.2194137573,53814,54209,395
12.8276596069,80.2193527222,54209,54269,60
12.8276596069,80.2193527222,54269,54280,11
12.827750206,80.2194213867,54280,54290,10
12.8281602859,80.2194366455,54290,54300,10
12.8288803101,80.2194290161,54300,54310,10
12.8298301697,80.2194290161,54310,54320,10
12.8307800293,80.2194290161,54320,54330,10
12.8310403824,80.219543457,54330,54340,10
12.8311595917,80.2201690674,54340,54350,10
12.8311595917,80.2210998535,54350,54360,10
12.8311395645,80.222038269,54360,54371,11
12.8311300278,80.2223815918,54371,54381,10
12.8311300278,80.2230529785,54381,54391,10
12.8311195374,80.2239608765,54391,54401,10
12.8311100006,80.2246322632,54401,54411,10
12.8311004639,80.2251205444,54411,54421,10
12.8311004639,80.2259368896,54421,54431,10
12.8312196732,80.2269515991,54431,54441,10
12.8314599991,80.2281112671,54441,54451,10
12.8316898346,80.2290420532,54451,54462,11
12.8318300247,80.2291717529,54462,54472,10
12.8322696686,80.2290725708,54472,54482,10
12.8330602646,80.2289123535,54482,54492,10
12.8340997696,80.2287216187,54492,54502,10
12.8353300095,80.2285079956,54502,54512,10
12.8366699219,80.2283096313,54512,54522,10
12.8380403519,80.2280578613,54522,54532,10
12.8389997482,80.2278289795,54532,54542,10
12.8394298553,80.227722168,54542,54553,11
12.8399200439,80.2276000977,54553,54563,10
12.8407697678,80.2273635864,54563,54573,10
12.841799736,80.2271118164,54573,54583,10
12.8428897858,80.2268295288,54583,54593,10
12.8440303802,80.2266311646,54593,54603,10
12.845199585,80.2265472412,54603,54623,20
12.845199585,80.2265472412,54623,54633,10
12.8454198837,80.2265625,54633,54644,11
12.8456001282,80.2265625,54644,54654,10
12.846039772,80.2265396118,54654,54664,10
12.8468599319,80.2265396118,54664,54674,10
12.8479003906,80.2265396118,54674,54684,10
12.8490495682,80.2265396118,54684,54694,10
12.8502998352,80.2265319824,54694,54704,10
12.8516197205,80.2265930176,54704,54714,10
12.85297966,80.2266387939,54714,54724,10
12.85435009,80.2265396118,54724,54735,11
12.855799675,80.2263793945,54735,54745,10
12.8570995331,80.2262420654,54745,54755,10
12.8583402634,80.2261886597,54755,54765,10
12.8594999313,80.2263183594,54765,54775,10
12.8605804443,80.2264480591,54775,54785,10
12.8607997894,80.2264709473,54785,54795,10
12.8610401154,80.2265396118,54795,54805,10
12.8618001938,80.2265090942,54805,54815,10
12.8627796173,80.2264633179,54815,54826,11
12.8640604019,80.2264785767,54826,54836,10
12.8654098511,80.2265319824,54836,54846,10
12.866900444,80.2264328003,54846,54856,10
12.8684396744,80.22631073,54856,54866,10
12.8699502945,80.2264709473,54866,54876,10
12.8714599609,80.2265930176,54876,54886,10
12.8725700378,80.226600647,54886,54896,10
12.8728599548,80.2266235352,54896,54906,10
12.8731899261,80.2266235352,54906,54917,11
12.8739795685,80.2266769409,54917,54927,10
12.8749303818,80.2268066406,54927,54937,10
12.8760595322,80.226890564,54937,54947,10
12.8766403198,80.2268295288,54947,54957,10
12.8767900467,80.2268066406,54957,54967,10
12.877289772,80.2267913818,54967,54977,10
12.8781700134,80.2267303467,54977,54987,10
12.8792495728,80.2267379761,54987,54997,10
12.880490303,80.2267227173,54997,55008,11
12.8819799423,80.2267303467,55008,55018,10
12.8834400177,80.2267074585,55018,55028,10
12.8847398758,80.2266693115,55028,55038,10
12.8851900101,80.2266693115,55038,55048,10
12.8854703903,80.2267074585,55048,55058,10
12.8861398697,80.2268829346,55058,55068,10
12.8870601654,80.2271118164,55068,55078,10
12.8882398605,80.2272567749,55078,55088,10
12.8894796371,80.2273025513,55088,55099,11
12.8908004761,80.2273025513,55099,55109,10
12.8921003342,80.2273101807,55109,55119,10
12.8934297562,80.2274703979,55119,55129,10
12.8947496414,80.2275924683,55129,55139,10
12.8961601257,80.2276382446,55139,55149,10
12.8975095749,80.2276916504,55149,55159,10
12.8985500336,80.2277374268,55159,55169,10
12.899600029,80.2278137207,55169,55179,10
12.900759697,80.2278671265,55179,55190,11
12.9015598297,80.227897644,55190,55200,10
12.9024000168,80.2279129028,55200,55220,20
12.9024000168,80.2279129028,55220,55230,10
12.9027500153,80.2279434204,55230,55240,10
12.9034004211,80.2279891968,55240,55250,10
12.9041595459,80.2280502319,55250,55260,10
12.9049301147,80.2280807495,55260,55270,10
12.9059295654,80.2281112671,55270,55301,31
12.9059295654,80.2281112671,55301,55311,10
12.9060001373,80.2281494141,55311,55321,10
12.9062995911,80.2281570435,55321,55331,10
12.9066200256,80.2282180786,55331,55341,10
12.9068403244,80.2282409668,55341,55351,10
12.9073095322,80.2283172607,55351,55361,10
12.9081697464,80.2284393311,55361,55372,11
12.9094200134,80.2286300659,55372,55382,10
12.9107303619,80.2288284302,55382,55392,10
12.9121198654,80.2290267944,55392,55402,10
12.9138498306,80.2292633057,55402,55422,20
12.9138498306,80.2292633057,55422,55432,10
12.9141998291,80.229347229,55432,55442,10
12.914899826,80.2294311523,55442,55452,10
12.9158201218,80.2295837402,55452,55463,11
12.9170999527,80.2297515869,55463,55473,10
12.9184598923,80.2299423218,55473,55483,10
12.9197902679,80.2300796509,55483,55493,10
12.9211196899,80.2302398682,55493,55503,10
12.9223899841,80.2304229736,55503,55513,10
12.9235496521,80.2305908203,55513,55523,10
12.924779892,80.2307510376,55523,55533,10
12.9260196686,80.2309188843,55533,55543,10
12.9272098541,80.2310714722,55543,55554,11
12.9285497665,80.2312088013,55554,55564,10
12.9297504425,80.2314300537,55564,55574,10
12.9310302734,80.2317886353,55574,55584,10
12.9323396683,80.2322235107,55584,55594,10
12.9334096909,80.2326202393,55594,55604,10
12.9336099625,80.2326889038,55604,55614,10
12.9337396622,80.2327804565,55614,55624,10
12.9341201782,80.2329864502,55624,55634,10
12.9348897934,80.2333297729,55634,55645,11
12.9359998703,80.2338180542,55645,55655,10
12.9371595383,80.2343215942,55655,55665,10
12.9383602142,80.234916687,55665,55675,10
12.9394197464,80.2354736328,55675,55685,10
12.9396600723,80.2355804443,55685,55695,10
12.9398803711,80.2356872559,55695,55705,10
12.9406204224,80.2359313965,55705,55715,10
12.9415397644,80.2361831665,55715,55725,10
12.9426803589,80.2365264893,55725,55736,11
12.9435596466,80.2372283936,55736,55746,10
12.9443798065,80.2381210327,55746,55756,10
12.945309639,80.2390594482,55756,55766,10
12.9465303421,80.2396392822,55766,55776,10
12.9472303391,80.2399215698,55776,55786,10
12.9472398758,80.2399291992,55786,55796,10
12.9475498199,80.2400588989,55796,55806,10
12.9481697083,80.2403335571,55806,55816,10
12.9485197067,80.2404785156,55816,55827,11
12.9489402771,80.2406616211,55827,55837,10
12.9494400024,80.2408599854,55837,55847,10
12.9501199722,80.2410812378,55847,55857,10
12.9507398605,80.2412490845,55857,55867,10
12.9508895874,80.2412872314,55867,55877,10
12.9511404037,80.2413864136,55877,55887,10
12.951379776,80.2414703369,55887,55897,10
12.9519796371,80.2416763306,55897,55907,10
12.9526796341,80.2419509888,55907,55918,11
12.9533004761,80.2422027588,55918,55928,10
12.9538402557,80.2423934937,55928,55938,10
12.9545602798,80.2426681519,55938,55948,10
12.9550895691,80.2428817749,55948,55958,10
12.9557600021,80.2431182861,55958,55968,10
12.9562597275,80.243270874,55968,55998,30
12.9562597275,80.243270874,55998,56009,11
12.9566202164,80.2433776855,56009,56019,10
12.9572696686,80.2437362671,56019,56029,10
12.9580602646,80.244102478,56029,56039,10
12.9588003159,80.2443618774,56039,56049,10
12.9589996338,80.2444534302,56049,56059,10
12.9593801498,80.2446517944,56059,56069,10
12.9601097107,80.2449798584,56069,56079,10
12.9610395432,80.2454223633,56079,56089,10
12.962100029,80.2459335327,56089,56100,11
12.9629802704,80.2463684082,56100,56110,10
12.9630298615,80.246421814,56110,56120,10
12.9632196426,80.2464981079,56120,56130,10
12.9637098312,80.2467498779,56130,56140,10
12.9644403458,80.2470474243,56140,56150,10
12.9654302597,80.2473602295,56150,56160,10
12.966340065,80.2477035522,56160,56170,10
12.9665899277,80.2477874756,56170,56181,11
12.9667196274,80.2478485107,56181,56191,10
12.967040062,80.2480926514,56191,56201,10
12.9678497314,80.2484436035,56201,56211,10
12.9688796997,80.2487869263,56211,56221,10
12.9699602127,80.249206543,56221,56231,10
12.9711799622,80.2496490479,56231,56241,10
12.9723901749,80.2499389648,56241,56251,10
12.9736700058,80.2502975464,56251,56261,10
12.9748897552,80.2506408691,56261,56272,11
12.976099968,80.2509918213,56272,56282,10
12.9771604538,80.2513427734,56282,56292,10
12.9780502319,80.2520217896,56292,56302,10
12.9784402847,80.2522888184,56302,56312,10
12.9784698486,80.2523269653,56312,56322,10
12.9788503647,80.252532959,56322,56332,10
12.9796199799,80.2526092529,56332,56342,10
12.9805402756,80.2526168823,56342,56352,10
12.9814195633,80.252571106,56352,56363,11
12.9825000763,80.2525405884,56363,56373,10
12.983830452,80.2523422241,56373,56464,91
12.983830452,80.2523422241,56464,56474,10
12.9842100143,80.2522201538,56474,56484,10
12.9845399857,80.2521286011,56484,56494,10
12.9849395752,80.2520217896,56494,56504,10
12.9855203629,80.2518615723,56504,56646,142
12.9855203629,80.2518615723,56646,56656,10
12.9860296249,80.2517776489,56656,56666,10
12.9866104126,80.2516479492,56666,56676,10
12.9873600006,80.2514419556,56676,56696,20
12.9874696732,80.2513809204,56696,56828,132
12.9874696732,80.2513809204,56828,56838,10
12.9876003265,80.2512130737,56838,56848,10
12.9879198074,80.2511901855,56848,56858,10
12.9885797501,80.2511062622,56858,56868,10
12.98939991,80.2509231567,56868,56878,10
12.9895401001,80.2508773804,56878,56888,10
12.9896402359,80.250831604,56888,56898,10
12.9901199341,80.2507781982,56898,56909,11
12.9909696579,80.2505493164,56909,56919,10
12.9919900894,80.250289917,56919,56929,10
12.9931602478,80.25,56929,56939,10
12.9944295883,80.2497177124,56939,56949,10
12.995759964,80.2493515015,56949,56959,10
12.9968500137,80.2490310669,56959,56969,10
12.9984903336,80.2486419678,56969,56979,10
12.9998703003,80.248298645,56979,56989,10
13.0012598038,80.2479629517,56989,57000,11
13.0027503967,80.2476196289,57000,57010,10
13.0040998459,80.2473983765,57010,57020,10
13.0054502487,80.247177124,57020,57030,10
13.0064496994,80.2466506958,57030,57040,10
13.0065603256,80.2461776733,57040,57050,10
13.0065898895,80.2458572388,57050,57060,10
13.006649971,80.2452316284,57060,57070,10
13.0066900253,80.244392395,57070,57080,10
13.0066795349,80.2434310913,57080,57091,11
13.0066299438,80.2422409058,57091,57101,10
13.0066404343,80.2411575317,57101,57111,10
13.0067501068,80.2405166626,57111,57121,10
13.0068597794,80.240020752,57121,57131,10
13.0070104599,80.2393035889,57131,57141,10
13.0071401596,80.2385025024,57141,57151,10
13.0073699951,80.2374801636,57151,57161,10
13.0074396133,80.2367782593,57161,57171,10
13.0074701309,80.2366714478,57171,57182,11
13.0075998306,80.2361831665,57182,57192,10
13.0077199936,80.2354812622,57192,57202,10
13.0077600479,80.2352828979,57202,57212,10
13.0078401566,80.23487854,57212,57222,10
13.0080003738,80.23412323,57222,57232,10
13.0081996918,80.2331008911,57232,57243,11
13.0083999634,80.2321472168,57243,57253,10
13.008649826,80.2308120728,57253,57263,10
13.008890152,80.2294616699,57263,57274,11
13.0092201233,80.2280807495,57274,57284,10
13.0096502304,80.2270278931,57284,57294,10
13.010140419,80.2259902954,57294,57304,10
13.0106496811,80.2249221802,57304,57314,10
13.0110301971,80.2240600586,57314,57324,10
13.0114202499,80.2232284546,57324,57334,10
13.0117797852,80.2222518921,57334,57344,10
13.0122995377,80.2214508057,57344,57354,10
13.0125398636,80.2217788696,57354,57365,11
13.0130300522,80.222366333,57365,57375,10
13.0132598877,80.2225799561,57375,57385,10
13.0135698318,80.2229385376,57385,57395,10
13.0140199661,80.2234115601,57395,57404,9
13.014289856,80.2237625122,57404,57415,11
13.0151500702,80.2247161865,57415,57435,20
13.0151500702,80.2247161865,57435,57445,10
13.0155496597,80.2250900269,57445,57456,11
13.0163698196,80.2253036499,57456,57466,10
13.0172700882,80.2249984741,57466,57476,10
13.0181999207,80.2246322632,57476,57486,10
13.0192203522,80.224281311,57486,57506,20
13.0192203522,80.224281311,57506,57516,10
13.0195198059,80.2243804932,57516,57526,10
13.0197296143,80.2245483398,57526,57536,10
13.0201797485,80.2248687744,57536,57547,11
13.0208597183,80.2253494263,57547,57557,10
13.0211601257,80.2255935669,57557,57567,10
13.0216598511,80.225982666,57567,57577,10
13.0222396851,80.2264175415,57577,57587,10
13.0226202011,80.2267303467,57587,57678,91
13.022480011,80.2268981934,57678,58042,364
13.022480011,80.2268981934,58042,58052,10
13.0227298737,80.2268600464,58052,58062,10
13.023059845,80.2271575928,58062,58072,10
13.0234603882,80.2275390625,58072,58083,11
13.0239801407,80.2280502319,58083,58093,10
13.0241699219,80.2282333374,58093,58103,10
13.0243797302,80.2284622192,58103,58163,60
13.0243797302,80.2284622192,58163,58174,11
13.0244998932,80.2286224365,58174,58184,10
13.0242300034,80.2285919189,58184,58194,10
13.0239095688,80.2281723022,58194,58204,10
13.0235500336,80.2277679443,58204,58214,10
13.0230903625,80.2273788452,58214,58325,111
13.0230903625,80.2273788452,58325,58335,10
13.0229301453,80.2272872925,58335,58578,243
13.0230197906,80.2272109985,58578,59013,435
13.0230197906,80.2272109985,59013,59023,10
13.0227899551,80.2271270752,59023,59033,10
13.0225000381,80.2268218994,59033,59043,10
13.0220804214,80.2264099121,59043,59053,10
13.0216197968,80.226020813,59053,59063,10
13.0211200714,80.2256317139,59063,59074,11
13.0204496384,80.2251815796,59074,59084,10
13.0199403763,80.2248382568,59084,59094,10
13.0197896957,80.2247161865,59094,59104,10
13.0193004608,80.2245025635,59104,59114,10
13.0184898376,80.2246170044,59114,59124,10
13.0175895691,80.224937439,59124,59134,10
13.0167102814,80.2252807617,59134,59144,10
13.0161304474,80.2255401611,59144,59154,10
13.0155096054,80.2257385254,59154,59165,11
13.0148296356,80.226020813,59165,59175,10
13.0143499374,80.2261810303,59175,59185,10
13.0139703751,80.2264328003,59185,59195,10
13.0139398575,80.2264404297,59195,59205,10
13.0136003494,80.2265701294,59205,59215,10
13.0129699707,80.2267608643,59215,59225,10
13.0121898651,80.2270812988,59225,59235,10
13.0112895966,80.2274169922,59235,59245,10
13.0103797913,80.2277908325,59245,59256,11
13.0094299316,80.2282409668,59256,59266,10
13.0090799332,80.2288970947,59266,59276,10
13.0089902878,80.2297592163,59276,59286,10
13.0088195801,80.2307662964,59286,59296,10
13.0085897446,80.2317886353,59296,59306,10
13.0083799362,80.2328262329,59306,59316,10
13.0082798004,80.2336807251,59316,59326,10
13.0082302094,80.2337417603,59326,59336,10
13.0081300735,80.2341384888,59336,59347,11
13.008020401,80.2347183228,59347,59357,10
13.0078897476,80.2353973389,59357,59369,12
13.0077104568,80.2362823486,59369,59379,10
13.0075397491,80.237197876,59379,59389,10
13.0073404312,80.2380523682,59389,59399,10
13.0072202682,80.2384872437,59399,59409,10
13.0071296692,80.2390213013,59409,59419,10
13.0069999695,80.2396469116,59419,59429,10
13.0069198608,80.2400588989,59429,59440,11
13.0068397522,80.240447998,59440,59450,10
13.0067300797,80.2410736084,59450,59460,10
13.0066795349,80.2417221069,59460,59470,10
13.0066795349,80.2423477173,59470,59480,10
13.0067300797,80.2431716919,59480,59490,10
13.0067796707,80.2441101074,59490,59498,8
13.006770134,80.2448883057,59498,59510,12
13.0068101883,80.2459030151,59510,59520,10
13.0068101883,80.2463226318,59520,59532,12
13.0068101883,80.2466430664,59532,59542,10
13.0068101883,80.247177124,59542,59552,10
13.0061302185,80.2473983765,59552,59572,20
13.0061302185,80.2473983765,59572,59582,10
13.0057601929,80.2473602295,59582,59592,10
13.0050897598,80.2473602295,59592,59602,10
13.0041599274,80.2474517822,59602,59612,10
13.0032196045,80.2475891113,59612,59623,11
13.0024499893,80.2477416992,59623,59633,10
13.0019302368,80.2478485107,59633,59643,10
13.0011196136,80.2480621338,59643,59653,10
13.0001096725,80.2483215332,59653,59663,10
12.9989404678,80.2485961914,59663,59673,10
12.9976797104,80.248916626,59673,59683,10
12.9963798523,80.2492523193,59683,59693,10
12.9951095581,80.2495880127,59693,59704,11
12.9936800003,80.249961853,59704,59714,10
12.9923496246,80.2502670288,59714,59724,10
12.9913196564,80.250579834,59724,59734,10
12.9910402298,80.2506484985,59734,59744,10
12.9909200668,80.2506713867,59744,59754,10
12.9904298782,80.250793457,59754,59815,61
12.9904298782,80.250793457,59815,59825,10
12.9902000427,80.2508621216,59825,59835,10
12.9897699356,80.2509613037,59835,59845,10
12.9893198013,80.2510681152,59845,59855,10
12.9890203476,80.251159668,59855,59865,10
12.9888000488,80.2512435913,59865,59875,10
12.9885196686,80.2513122559,59875,59966,91
12.9883098602,80.2513504028,59966,60169,203
12.9883098602,80.2513504028,60169,60179,10
12.9881801605,80.2513504028,60179,60189,10
12.9878797531,80.2514419556,60189,60199,10
12.9874000549,80.2515411377,60199,60209,10
12.9867601395,80.2517318726,60209,60219,10
12.9859600067,80.2519073486,60219,60228,9
12.985039711,80.2521209717,60228,60239,11
12.9837398529,80.252456665,60239,60250,11
12.9825000763,80.2526397705,60250,60260,10
12.9813098907,80.2526702881,60260,60270,10
12.9803800583,80.2527389526,60270,60280,10
12.9797096252,80.2527389526,60280,60290,10
12.9788103104,80.2526397705,60290,60300,10
12.9785299301,80.2525634766,60300,60310,10
12.9785203934,80.2525482178,60310,60320,10
12.9781799316,80.2522964478,60320,60330,10
12.9775600433,80.2517623901,60330,60341,11
12.9764499664,80.2512283325,60341,60351,10
12.9752101898,80.2508621216,60351,60361,10
12.9738798141,80.2504806519,60361,60371,10
12.9725198746,80.2501220703,60371,60381,10
12.9711303711,80.24974823,60381,60391,10
12.9697599411,80.2492828369,60391,60401,10
12.9684200287,80.2487411499,60401,60411,10
12.9671897888,80.2482376099,60411,60421,10
12.9662303925,80.2477874756,60421,60432,11
12.9652004242,80.247428894,60432,60442,10
12.9650201797,80.2473831177,60442,60452,10
12.9649496078,80.2473526001,60452,60462,10
12.9644498825,80.2471618652,60462,60472,10
12.9634504318,80.2467727661,60472,60502,30
12.9634504318,80.2467727661,60502,60512,10
12.9632997513,80.246673584,60512,60523,11
12.9626703262,80.2463607788,60523,60533,10
12.9617996216,80.2459182739,60533,60543,10
12.960729599,80.2454071045,60543,60553,10
12.9595804214,80.2449188232,60553,60563,10
12.9593200684,80.2448272705,60563,60573,10
12.9592399597,80.2447662354,60573,60583,10
12.9587802887,80.2445373535,60583,60593,10
12.9580202103,80.2442169189,60593,60603,10
12.9573097229,80.2439804077,60603,60614,11
12.9565401077,80.2436218262,60614,60674,60
12.9565401077,80.2436218262,60674,60684,10
12.9562501907,80.2434692383,60684,60694,10
12.9556999207,80.2432327271,60694,60705,11
12.9548301697,80.2428512573,60705,60715,10
12.9539604187,80.2425003052,60715,60725,10
12.9530200958,80.2421188354,60725,60735,10
12.9519796371,80.2417678833,60735,60745,10
12.9515800476,80.2416610718,60745,60755,10
12.951499939,80.2416305542,60755,60765,10
12.9510097504,80.2414321899,60765,60775,10
12.9501399994,80.2411575317,60775,60785,10
12.9490804672,80.2408370972,60785,60796,11
12.947810173,80.2402801514,60796,60806,10
12.9469804764,80.2399520874,60806,60816,10
12.9466495514,80.2398605347,60816,60826,10
12.9464502335,80.2397689819,60826,60836,10
12.9458799362,80.2394866943,60836,60846,10
12.945110321,80.2390365601,60846,60856,10
12.9443597794,80.2382507324,60856,60866,10
12.9435596466,80.2373504639,60866,60876,10
12.9426803589,80.2366104126,60876,60887,11
12.9414997101,80.2362289429,60887,60897,10
12.9402799606,80.2359390259,60897,60907,10
12.9397096634,80.235748291,60907,60917,10
12.9395904541,80.2357025146,60917,60927,10
12.9390497208,80.2354431152,60927,60937,10
12.9382295609,80.2350311279,60937,60947,10
12.9372196198,80.2345199585,60947,60957,10
12.9361801147,80.2340011597,60957,60967,10
12.9358596802,80.233833313,60967,60978,11
12.935669899,80.2337417603,60978,60988,10
12.9350500107,80.2334823608,60988,60998,10
12.9341602325,80.2331314087,60998,61008,10
12.9339199066,80.2330169678,61008,61018,10
12.9338903427,80.2329788208,61018,61028,10
12.9334001541,80.2327423096,61028,61038,10
12.9325799942,80.2324066162,61038,61048,10
12.9315004349,80.2320480347,61048,61058,10
12.9302997589,80.2316589355,61058,61069,11
12.9288301468,80.231338501,61069,61079,10
12.9274101257,80.2311477661,61079,61089,10
12.926150322,80.2310180664,61089,61099,10
12.9258804321,80.2310180664,61099,61109,10
12.9255304337,80.23097229,61109,61119,10
12.9248695374,80.2308502197,61119,61129,10
12.9239397049,80.2307281494,61129,61139,10
12.9227895737,80.2305603027,61139,61149,10
12.921500206,80.2303619385,61149,61160,11
12.9199304581,80.230178833,61160,61170,10
12.9184303284,80.2299804688,61170,61180,10
12.9171199799,80.2298583984,61180,61190,10
12.9160804749,80.2296905518,61190,61200,10
12.9148197174,80.2295074463,61200,61210,10
12.9135599136,80.2293930054,61210,61220,10
12.9132604599,80.229347229,61220,61230,10
12.9131097794,80.2293014526,61230,61240,10
12.9125299454,80.2292098999,61240,61251,11
12.9115695953,80.2290725708,61251,61261,10
12.9104404449,80.2288970947,61261,61271,10
12.9091997147,80.2287216187,61271,61281,10
12.908659935,80.2286376953,61281,61291,10
12.908080101,80.2285308838,61291,61301,10
12.9073600769,80.2283782959,61301,61311,10
12.9071598053,80.2283401489,61311,61321,10
12.9070901871,80.228302002,61321,61331,10
12.9066095352,80.2282714844,61331,61342,11
12.9057998657,80.2282180786,61342,61352,10
12.9048500061,80.2281799316,61352,61362,10
12.9040403366,80.2281417847,61362,61372,10
12.9031801224,80.2281036377,61372,61382,10
12.9022102356,80.2280502319,61382,61392,10
12.9014997482,80.2280502319,61392,61402,10
12.9008798599,80.2280197144,61402,61412,10
12.9001102448,80.2279815674,61412,61422,10
12.8995800018,80.2279586792,61422,61433,11
12.8992500305,80.2279281616,61433,61443,10
12.8991098404,80.2279205322,61443,61453,10
12.8985595703,80.2278671265,61453,61463,10
12.8977804184,80.2277984619,61463,61473,10
12.8968095779,80.2277374268,61473,61483,10
12.8957395554,80.2276763916,61483,61493,10
12.8946695328,80.2276382446,61493,61503,10
12.893529892,80.2275466919,61503,61513,10
12.8926696777,80.2274398804,61513,61524,11
12.8916101456,80.2273788452,61524,61534,10
12.8904600143,80.2273712158,61534,61544,10
12.8891801834,80.2273712158,61544,61554,10
12.8878602982,80.2273101807,61554,61564,10
12.8865404129,80.2270812988,61564,61574,10
12.8853397369,80.2268066406,61574,61584,10
12.8849401474,80.2267684937,61584,61594,10
12.8846702576,80.2267532349,61594,61604,10
12.8839797974,80.2267532349,61604,61615,11
12.882900238,80.2267532349,61615,61625,10
12.8817596436,80.2267684937,61625,61635,10
12.88078022,80.2267990112,61635,61645,10
12.8803195953,80.2267990112,61645,61655,10
12.8795099258,80.2268218994,61655,61665,10
12.8783998489,80.226852417,61665,61675,10
12.8772497177,80.2269134521,61675,61685,10
12.8766298294,80.2269821167,61685,61695,10
12.8763904572,80.2269668579,61695,61706,11
12.8756799698,80.2269515991,61706,61716,10
12.8746995926,80.226852417,61716,61726,10
12.8734798431,80.2267379761,61726,61736,10
12.8726501465,80.2267379761,61736,61746,10
12.872420311,80.2267379761,61746,61756,10
12.8717603683,80.2267227173,61756,61766,10
12.8707895279,80.2266616821,61766,61776,10
12.869600296,80.2265472412,61776,61786,10
12.8682498932,80.2264328003,61786,61797,11
12.8668003082,80.2265396118,61797,61807,10
12.8661203384,80.226600647,61807,61817,10
12.8652000427,80.2266235352,61817,61827,10
12.8640699387,80.2265777588,61827,61837,10
12.862739563,80.2265625,61837,61847,10
12.8613796234,80.2266311646,61847,61857,10
12.8608398438,80.2266235352,61857,61867,10
12.8605203629,80.2265777588,61867,61877,10
12.8597602844,80.2264709473,61877,61888,11
12.8586196899,80.2262878418,61888,61898,10
12.8573598862,80.226272583,61898,61908,10
12.8559904099,80.2264099121,61908,61918,10
12.8545198441,80.2265625,61918,61928,10
12.85297966,80.2266769409,61928,61938,10
12.8514003754,80.2266235352,61938,61948,10
12.8500900269,80.2265777588,61948,61958,10
12.8493404388,80.2265777588,61958,61968,10
12.8483104706,80.2265930176,61968,61979,11
12.8468503952,80.2266235352,61979,61989,10
12.8460302353,80.2266464233,61989,61999,10
12.8460102081,80.2266616821,61999,62009,10
12.8455896378,80.2266693115,62009,62049,40
12.8455896378,80.2266693115,62049,62059,10
12.8453903198,80.2266387939,62059,62070,11
12.8446598053,80.2266769409,62070,62080,10
12.8437099457,80.2267837524,62080,62090,10
12.8425397873,80.2269668579,62090,62100,10
12.8412599564,80.2272796631,62100,62110,10
12.8402395248,80.2275695801,62110,62120,10
12.839679718,80.2277374268,62120,62130,10
12.8390798569,80.227897644,62130,62140,10
12.8381595612,80.2281112671,62140,62150,10
12.836979866,80.2283325195,62150,62161,11
12.8354797363,80.228553772,62161,62171,10
12.8340301514,80.2287826538,62171,62181,10
12.8327598572,80.2290267944,62181,62191,10
12.8324699402,80.2291030884,62191,62201,10
12.8323898315,80.2291030884,62201,62211,10
12.8318796158,80.2292404175,62211,62221,10
12.831029892,80.2294616699,62221,62231,10
12.8304395676,80.2296676636,62231,62241,10
12.8299398422,80.229850769,62241,62252,11
12.8290996552,80.2301712036,62252,62262,10
12.8281097412,80.2306900024,62262,62272,10
12.8269996643,80.2312469482,62272,62282,10
12.8257102966,80.2313995361,62282,62292,10
12.8243198395,80.231300354,62292,62302,10
12.8229198456,80.2308807373,62302,62312,10
12.8214902878,80.2304992676,62312,62322,10
12.820400238,80.2304763794,62322,62332,10
12.8194799423,80.2305221558,62332,62343,11
12.8188495636,80.2304916382,62343,62353,10
12.8186702728,80.2304077148,62353,62363,10
12.8180503845,80.2300872803,62363,62373,10
12.8170995712,80.2296829224,62373,62383,10
12.8158903122,80.2294082642,62383,62393,10
12.8145599365,80.2292175293,62393,62403,10
12.8131999969,80.2288894653,62403,62413,10
12.811829567,80.2283782959,62413,62423,10
12.8104400635,80.2278366089,62423,62434,11
12.8090801239,80.2271499634,62434,62444,10
12.8080196381,80.2262878418,62444,62454,10
12.8072395325,80.2256164551,62454,62463,9
12.8064899445,80.2249221802,62463,62474,11
12.8056497574,80.2242202759,62474,62484,10
12.8049497604,80.2239990234,62484,62494,10
12.8049297333,80.2240066528,62494,62504,10
12.8046998978,80.2239608765,62504,62514,10
12.8040304184,80.2239074707,62514,62525,11
12.8030195236,80.2238082886,62525,62535,10
12.8018903732,80.2236633301,62535,62545,10
12.800909996,80.2235870361,62545,62555,10
12.8005599976,80.2235565186,62555,62565,10
12.7998695374,80.2235031128,62565,62575,10
12.7989301682,80.2234115601,62575,62585,10
12.7977399826,80.2232818604,62585,62595,10
12.7965097427,80.2230606079,62595,62605,10
12.7957801819,80.2229385376,62605,62616,11
12.7955303192,80.2228775024,62616,62626,10
12.7948598862,80.2227401733,62626,62636,10
12.7939195633,80.2225799561,62636,62646,10
12.7927799225,80.2224197388,62646,62656,10
12.791560173,80.22215271,62656,62666,10
12.7903404236,80.2218475342,62666,62676,10
12.7895402908,80.2216491699,62676,62686,10
12.7893600464,80.2215576172,62686,62696,10
12.7888097763,80.2213592529,62696,62707,11
12.7880897522,80.2210693359,62707,62717,10
12.7878303528,80.2209625244,62717,62727,10
12.787560463,80.2208633423,62727,62737,10
12.7871398926,80.2207183838,62737,62747,10
12.786649704,80.2205200195,62747,62767,20
12.786649704,80.2205200195,62767,62777,10
12.7864599228,80.2204437256,62777,62787,10
12.786190033,80.2204208374,62787,62798,11
12.7861795425,80.2204208374,62798,62808,10
12.7861795425,80.2206115723,62808,62818,10
12.786190033,80.2209625244,62818,62828,10
12.7862300873,80.2213287354,62828,62838,10
12.7862796783,80.2216873169,62838,62889,51
12.7862796783,80.2216873169,62889,62899,10
12.786359787,80.2219085693,62899,62909,10
12.7863197327,80.2221298218,62909,64901,1992
12.7863197327,80.2221298218,64901,64911,10
12.7862796783,80.2216491699,64911,64931,20
12.7862796783,80.2216491699,64931,64942,11
12.7862195969,80.2212219238,64942,64952,10
12.7862100601,80.2209396362,64952,64962,10
12.7862100601,80.2208633423,64962,64972,10
12.7862100601,80.2204589844,64972,65002,30
12.7862100601,80.2204589844,65002,65012,10
12.7863998413,80.220451355,65012,65022,10
12.7867898941,80.2206192017,65022,65033,11
12.7870197296,80.2207183838,65033,65043,10
12.7875404358,80.2209014893,65043,65053,10
12.7882995605,80.2211685181,65053,65063,10
12.7891702652,80.2214889526,65063,65073,10
12.7896404266,80.2216796875,65073,65083,10
12.7899103165,80.2217636108,65083,65093,10
12.7905197144,80.2219161987,65093,65103,10
12.791469574,80.22215271,65103,65113,10
12.7927103043,80.2224273682,65113,65124,11
12.7941999435,80.2226715088,65124,65134,10
12.7955102921,80.2228775024,65134,65144,10
12.7963199615,80.2230300903,65144,65154,10
12.7965297699,80.2230377197,65154,65164,10
12.7967596054,80.2230987549,65164,65174,10
12.7974500656,80.2232437134,65174,65184,10
12.7983903885,80.2233734131,65184,65194,10
12.7994804382,80.2234725952,65194,65204,10
12.8007097244,80.2235717773,65204,65215,11
12.8020000458,80.2236862183,65215,65225,10
12.8031301498,80.2238464355,65225,65235,10
12.8042201996,80.2239379883,65235,65245,10
12.805100441,80.2240524292,65245,65255,10
12.8056097031,80.2242126465,65255,65265,10
12.8056201935,80.2242202759,65265,65275,10
12.8059501648,80.2244796753,65275,65285,10
12.8065500259,80.2249984741,65285,65295,10
12.8073501587,80.2256774902,65295,65306,11
12.8083600998,80.2265396118,65306,65316,10
12.8094301224,80.2273712158,65316,65326,10
12.8106899261,80.2279434204,65326,65335,9
12.8118801117,80.2284011841,65335,65346,11
12.8131103516,80.2288208008,65346,65356,10
12.8147802353,80.2292633057,65356,65366,10
12.8162202835,80.2294692993,65366,65376,10
12.817609787,80.2298431396,65376,65386,10
12.819609642,80.2304763794,65386,65417,31
12.819609642,80.2304763794,65417,65427,10
12.8199195862,80.2304763794,65427,65437,10
12.8206396103,80.2304611206,65437,65447,10
12.8216104507,80.2305221558,65447,65457,10
12.8226203918,80.2307662964,65457,65467,10
12.8237400055,80.2311019897,65467,65477,10
12.8248500824,80.2313690186,65477,65488,11
12.8261604309,80.2313690186,65488,65498,10
12.8273296356,80.2311477661,65498,65508,10
12.8284196854,80.2305526733,65508,65518,10
12.8295497894,80.2300186157,65518,65528,10
12.8309898376,80.2294235229,65528,65548,20
12.8309898376,80.2294235229,65548,65558,10
12.8313102722,80.2293167114,65558,65639,81
12.8313102722,80.2293167114,65639,65649,10
12.8316297531,80.2291564941,65649,65659,10
12.831870079,80.2291183472,65659,65670,11
12.8325796127,80.2289886475,65670,65680,10
12.833530426,80.2288284302,65680,65690,10
12.8346004486,80.2286605835,65690,65700,10
12.8358001709,80.2284698486,65700,65710,10
12.8371095657,80.2282791138,65710,65720,10
12.8383798599,80.2280197144,65720,65730,10
12.8391399384,80.2277832031,65730,65740,10
12.8396701813,80.2276000977,65740,65750,10
12.8403396606,80.2275009155,65750,65761,11
12.8412799835,80.2272567749,65761,65771,10
12.8423404694,80.2269897461,65771,65781,10
12.8435297012,80.2267837524,65781,65791,10
12.8447599411,80.2266387939,65791,65801,10
12.845410347,80.2265701294,65801,65821,20
12.845410347,80.2265701294,65821,65831,10
12.8455896378,80.2265777588,65831,65841,10
12.8457603455,80.2265625,65841,65852,11
12.8460903168,80.2265777588,65852,65862,10
12.846739769,80.2265701294,65862,65872,10
12.8475999832,80.2265777588,65872,65882,10
12.8485803604,80.2265777588,65882,65892,10
12.849650383,80.2265777588,65892,65902,10
12.8507204056,80.2265930176,65902,65912,10
12.8517999649,80.2266387939,65912,65922,10
12.852930069,80.2266769409,65922,65932,10
12.853969574,80.2266235352,65932,65943,11
12.8549404144,80.2265090942,65943,65953,10
12.8558197021,80.2264175415,65953,65963,10
12.8566598892,80.2263183594,65963,65973,10
12.8574199677,80.2262268066,65973,65983,10
12.8579702377,80.2261810303,65983,66084,101
12.8579702377,80.2261810303,66084,66094,10
12.8580904007,80.2261734009,66094,66104,10
12.8582000732,80.2261810303,66104,66114,10
12.8585300446,80.2262191772,66114,66125,11
12.8592996597,80.2263183594,66125,66135,10
12.8605499268,80.2264785767,66135,66276,141
12.8605499268,80.2264785767,66276,66286,10
12.8606700897,80.2264709473,66286,66297,11
12.8612098694,80.2265167236,66297,66307,10
12.8620300293,80.2265090942,66307,66317,10
12.8630599976,80.2264709473,66317,66327,10
12.8642997742,80.2265167236,66327,66337,10
12.8656702042,80.2265625,66337,66347,10
12.8668003082,80.2265014648,66347,66357,10
12.8683795929,80.2263793945,66357,66367,10
12.8696203232,80.2264862061,66367,66377,10
12.8707504272,80.2265930176,66377,66388,11
12.8716897964,80.2266235352,66388,66398,10
12.8721399307,80.2266387939,66398,66408,10
12.8726797104,80.2266311646,66408,66419,11
12.8727703094,80.2266387939,66419,66429,10
12.8733997345,80.2266693115,66429,66439,10
12.8742904663,80.2267608643,66439,66449,10
12.8755397797,80.2268829346,66449,66480,31
12.8755397797,80.2268829346,66480,66490,10
12.8758201599,80.226890564,66490,66500,10
12.8760204315,80.2268981934,66500,66520,20
12.8763399124,80.2268981934,66520,66530,10
12.8765697479,80.2268981934,66530,66540,10
12.8767004013,80.2268829346,66540,66550,10
12.8772001266,80.2268600464,66550,66559,9
12.8779697418,80.2268066406,66559,66571,12
12.8793296814,80.2267227173,66571,66581,10
12.8806495667,80.2266921997,66581,66591,10
12.8817796707,80.2266769409,66591,66601,10
12.8827199936,80.2266693115,66601,66611,10
12.8835897446,80.2266769409,66611,66621,10
12.8844604492,80.2266387939,66621,66631,10
12.8846597672,80.2266387939,66631,66641,10
12.8849201202,80.2266616821,66641,66651,10
12.8855495453,80.2267913818,66651,66662,11
12.8865098953,80.2270202637,66662,66672,10
12.8875398636,80.2272491455,66672,66682,10
12.8887796402,80.2273178101,66682,66692,10
12.8901700974,80.2273178101,66692,66702,10
12.8915596008,80.2273178101,66702,66712,10
12.89220047,80.2273025513,66712,66722,10
12.8925199509,80.2273406982,66722,66732,10
12.8932104111,80.2274627686,66732,66742,10
12.8941698074,80.2275924683,66742,66753,11
12.8955001831,80.2276611328,66753,66763,10
12.8968801498,80.227722168,66763,66773,10
12.8981199265,80.2277832031,66773,66783,10
12.8986902237,80.2277374268,66783,66813,30
12.8986902237,80.2277374268,66813,66823,10
12.8989295959,80.2277679443,66823,66833,10
12.8992395401,80.2277984619,66833,66844,11
12.8997602463,80.2278213501,66844,66854,10
12.900179863,80.2278366089,66854,66864,10
12.9006795883,80.2278594971,66864,66874,10
12.90102005,80.227897644,66874,66884,10
12.9013204575,80.2279510498,66884,66894,10
12.9015598297,80.2279815674,66894,66904,10
12.9019002914,80.2279815674,66904,66914,10
12.9022502899,80.2279968262,66914,66924,10
12.9024200439,80.228012085,66924,66935,11
12.9027395248,80.2280197144,66935,66945,10
12.9027700424,80.2280197144,66945,66955,10
12.9031095505,80.2280502319,66955,66965,10
12.9038496017,80.2280883789,66965,66975,10
12.9048299789,80.2281417847,66975,66985,10
12.9056396484,80.2281570435,66985,67015,30
12.9056396484,80.2281570435,67015,67026,11
12.9060001373,80.2282409668,67026,67036,10
12.9062004089,80.2282485962,67036,67046,10
12.9064998627,80.2282562256,67046,67056,10
12.9066400528,80.2282714844,67056,67066,10
12.9071598053,80.2283630371,67066,67076,10
12.9079399109,80.2284622192,67076,67086,10
12.908829689,80.2285995483,67086,67096,10
12.9097995758,80.2287521362,67096,67106,10
12.9106397629,80.2288818359,67106,67117,11
12.9117202759,80.2290420532,67117,67127,10
12.912560463,80.2291412354,67127,67137,10
12.9133701324,80.2292633057,67137,67147,10
12.913769722,80.2293319702,67147,67157,10
12.914150238,80.2293395996,67157,67167,10
12.9141597748,80.229347229,67167,67177,10
12.9145298004,80.2294082642,67177,67187,10
12.9152803421,80.2295379639,67187,67197,10
12.9162902832,80.2296905518,67197,67208,11
12.9175796509,80.2298736572,67208,67218,10
12.9186897278,80.2300262451,67218,67228,10
12.9196996689,80.2301635742,67228,67238,10
12.920539856,80.2302627563,67238,67248,10
12.921500206,80.2303771973,67248,67258,10
12.9225502014,80.2305374146,67258,67268,10
12.9236898422,80.2306976318,67268,67278,10
12.9249000549,80.2308502197,67278,67288,10
12.9259500504,80.23097229,67288,67299,11
12.9266500473,80.2310028076,67299,67309,10
12.9269504547,80.231048584,67309,67319,10
12.9276599884,80.2311401367,67319,67329,10
12.9285402298,80.2312393188,67329,67339,10
12.9287004471,80.2312698364,67339,67349,10
12.9287595749,80.2312774658,67349,67359,10
12.9292802811,80.2313995361,67359,67369,10
12.9301204681,80.2315979004,67369,67379,10
12.9313001633,80.2319488525,67379,67390,11
12.932510376,80.2323379517,67390,67400,10
12.9335002899,80.2327270508,67400,67410,10
12.9336795807,80.2328033447,67410,67420,10
12.9338998795,80.2329101563,67420,67430,10
12.9343700409,80.2331314087,67430,67440,10
12.9351902008,80.2334976196,67440,67450,10
12.9357004166,80.233757019,67450,67460,10
12.9359102249,80.23387146,67460,67470,10
12.9365100861,80.2341308594,67470,67481,11
12.9374504089,80.2345733643,67481,67491,10
12.9385099411,80.2350769043,67491,67501,10
12.9395399094,80.2355804443,67501,67521,20
12.9395399094,80.2355804443,67521,67531,10
12.9398202896,80.2357177734,67531,67541,10
12.9404802322,80.2359619141,67541,67551,10
12.9413995743,80.2361984253,67551,67561,10
12.942440033,80.2364883423,67561,67572,11
12.9434404373,80.237121582,67572,67582,10
12.9440803528,80.2378234863,67582,67592,10
12.9448299408,80.2386322021,67592,67602,10
12.9455604553,80.2393035889,67602,67612,10
12.9464502335,80.2397003174,67612,67622,10
12.9470901489,80.2399902344,67622,67632,10
12.9475002289,80.2401199341,67632,67642,10
12.9476099014,80.2401428223,67642,67652,10
12.9477596283,80.240196228,67652,67663,11
12.9483203888,80.2404708862,67663,67673,10
12.9490404129,80.240737915,67673,67683,10
12.9498300552,80.241027832,67683,67693,10
12.9505701065,80.2412414551,67693,67703,10
12.9507198334,80.2412796021,67703,67713,10
12.9509601593,80.2413330078,67713,67723,10
12.9516201019,80.241569519,67723,67733,10
12.9521198273,80.2417373657,67733,67742,9
12.952340126,80.2418289185,67742,67754,12
12.9527797699,80.2420196533,67754,67764,10
12.9534397125,80.2422790527,67764,67774,10
12.9541196823,80.2425689697,67774,67784,10
12.95470047,80.2427597046,67784,67794,10
12.955329895,80.2429962158,67794,67804,10
12.9560804367,80.2432403564,67804,67814,10
12.9563598633,80.243347168,67814,67824,10
12.9565601349,80.2434310913,67824,67835,11
12.9572200775,80.2437896729,67835,67845,10
12.9580402374,80.244140625,67845,67855,10
12.9585695267,80.2443389893,67855,67865,10
12.9586496353,80.2444076538,67865,67875,10
12.9589996338,80.2445983887,67875,67885,10
12.9596300125,80.2448577881,67885,67895,10
12.9604997635,80.2452392578,67895,67905,10
12.961520195,80.2457275391,67905,67915,10
12.9626102448,80.2462921143,67915,67926,11
12.9634304047,80.2466964722,67926,67976,50
12.9634304047,80.2466964722,67976,67986,10
12.9635801315,80.2467880249,67986,67996,10
12.9639902115,80.2469482422,67996,68006,10
12.9646997452,80.2472229004,68006,68017,11
12.9657201767,80.2475585938,68017,68027,10
12.9665298462,80.2478485107,68027,68037,10
12.9667100906,80.2479171753,68037,68047,10
12.9667701721,80.2479629517,68047,68057,10
12.967040062,80.2481536865,68057,68067,10
12.9676704407,80.2484207153,68067,68077,10
12.9685602188,80.2487716675,68077,68087,10
12.9696302414,80.2491989136,68087,68097,10
12.9708204269,80.2496490479,68097,68108,11
12.972240448,80.2500534058,68108,68118,10
12.9735298157,80.2503814697,68118,68128,10
12.974729538,80.2507019043,68128,68138,10
12.9759597778,80.2510528564,68138,68148,10
12.9771900177,80.2514419556,68148,68158,10
12.9781703949,80.2521362305,68158,68168,10
12.9785299301,80.2523803711,68168,68178,10
12.9785699844,80.2523880005,68178,68188,10
12.9789896011,80.2525787354,68188,68199,11
12.979809761,80.2527008057,68199,68360,161
12.979809761,80.2527008057,68360,68370,10
12.9801702499,80.2527389526,68370,68381,11
12.9809103012,80.2526931763,68381,68401,20
12.9809103012,80.2526931763,68401,68411,10
12.9812002182,80.2526779175,68411,68421,10
12.982000351,80.2526397705,68421,68441,20
12.982000351,80.2526397705,68441,68451,10
12.9820899963,80.2526168823,68451,68492,41
12.9822301865,80.2526092529,68492,68593,101
12.9822301865,80.2526092529,68593,68603,10
12.9826402664,80.2526016235,68603,68613,10
12.9830703735,80.2525482178,68613,68623,10
12.9835300446,80.2524795532,68623,68633,10
12.9841003418,80.2523269653,68633,68643,10
12.9841604233,80.2523117065,68643,68654,11
12.9843997955,80.2522583008,68654,68664,10
12.9844198227,80.2522506714,68664,68674,10
12.9844799042,80.252243042,68674,68684,10
12.9846601486,80.2521896362,68684,68694,10
12.984749794,80.2521591187,68694,68704,10
12.9848604202,80.2521362305,68704,68714,10
12.985039711,80.2520904541,68714,68724,10
12.9851903915,80.2520599365,68724,68734,10
12.9854402542,80.2519836426,68734,68765,31
12.9854402542,80.2519836426,68765,68775,10
12.9858102798,80.2518463135,68775,68987,212
12.9858102798,80.2518463135,68987,68997,10
12.9860296249,80.251739502,68997,69007,10
12.9864902496,80.2516708374,69007,69018,11
12.9870595932,80.2515411377,69018,69028,10
12.9876003265,80.2513885498,69028,69038,10
12.9882898331,80.2512588501,69038,69048,10
12.9891796112,80.2510528564,69048,69058,10
12.9897003174,80.2509002686,69058,69068,10
12.9897298813,80.2509002686,69068,69078,10
12.990240097,80.2508087158,69078,69088,10
12.9909296036,80.2506484985,69088,69098,10
12.9920301437,80.2503814697,69098,69109,11
12.9933300018,80.250038147,69109,69119,10
12.9946098328,80.2497177124,69119,69129,10
12.995929718,80.2493896484,69129,69139,10
12.9972896576,80.2490234375,69139,69149,10
12.9986696243,80.2486801147,69149,69159,10
13.0000801086,80.248336792,69159,69169,10
13.0014896393,80.2479782104,69169,69179,10
13.0026102066,80.247718811,69179,69189,10
13.003660202,80.2475128174,69189,69200,11
13.0038499832,80.2474822998,69200,69210,10
13.0039901733,80.2474594116,69210,69220,10
13.004119873,80.2474365234,69220,69230,10
13.0041599274,80.247428894,69230,69240,10
13.0044002533,80.2474136353,69240,69291,51
13.0044002533,80.2474136353,69291,69301,10
13.0048398972,80.2473526001,69301,69311,10
13.0048503876,80.2473526001,69311,69321,10
13.0050601959,80.2473220825,69321,69331,10
13.0050802231,80.2473220825,69331,69341,10
13.0052995682,80.2472610474,69341,69351,10
13.005399704,80.2472381592,69351,69361,10
13.0055999756,80.2472229004,69361,69371,10
13.0057697296,80.2471923828,69371,69422,51
13.0057697296,80.2471923828,69422,69432,10
13.0061502457,80.2469177246,69432,69503,71
13.0064001083,80.2466430664,69503,69523,20
13.0064001083,80.2466430664,69523,69533,10
13.0064401627,80.2465591431,69533,69543,10
13.0065402985,80.2460327148,69543,69574,31
13.0065402985,80.2460327148,69574,69584,10
13.0065803528,80.2457199097,69584,69594,10
13.0065803528,80.2455215454,69594,69604,10
13.0065698624,80.2452926636,69604,69614,10
13.0065603256,80.2450790405,69614,69624,10
13.0065402985,80.2447433472,69624,69634,10
13.0065698624,80.2445068359,69634,69645,11
13.0065803528,80.244140625,69645,69655,10
13.0066204071,80.2439575195,69655,69665,10
13.0066099167,80.2438812256,69665,69675,10
13.0066099167,80.2436981201,69675,69685,10
13.0066204071,80.2432098389,69685,69695,10
13.0066404343,80.2425079346,69695,69705,10
13.0066299438,80.2419204712,69705,69715,10
13.0066404343,80.2414779663,69715,69725,10
13.0066404343,80.2413024902,69725,69736,11
13.0066604614,80.2411422729,69736,69746,10
13.0066795349,80.2409286499,69746,69756,10
13.0067396164,80.2405776978,69756,69766,10
13.006819725,80.2401275635,69766,69776,10
13.0068798065,80.2397232056,69776,69786,10
13.0069198608,80.2394485474,69786,69796,10
13.0069904327,80.2391204834,69796,69806,10
13.0070495605,80.2387619019,69806,69816,10
13.0071001053,80.2384796143,69816,69827,11
13.0071601868,80.2379989624,69827,69837,10
13.0072603226,80.2375106812,69837,69847,10
13.0073204041,80.2371826172,69847,69857,10
13.0073795319,80.2368164063,69857,69877,20
13.0073795319,80.2368164063,69877,69887,10
13.0074901581,80.2365188599,69887,69897,10
13.007610321,80.2358932495,69897,69907,10
13.0076599121,80.2353973389,69907,69918,11
13.0076599121,80.2353820801,69918,69928,10
13.0077600479,80.2350006104,69928,69938,10
13.0078897476,80.2342987061,69938,69948,10
13.0080604553,80.2334136963,69948,69958,10
13.008310318,80.2322769165,69958,69968,10
13.0085601807,80.2311019897,69968,69978,10
13.0087404251,80.2301864624,69978,69988,10
13.0089797974,80.2290267944,69988,69998,10
13.0091295242,80.2283172607,69998,70009,11
13.0094404221,80.2275695801,70009,70019,10
13.0098600388,80.2266387939,70019,70029,10
13.0102300644,80.2258834839,70029,70039,10
13.0106496811,80.2250595093,70039,70049,10
13.01101017,80.2241592407,70049,70059,10
13.0114002228,80.2233200073,70059,70069,10
13.0116596222,80.2224197388,70069,70079,10
13.0120897293,80.2215423584,70079,70089,10
13.0125598907,80.2218399048,70089,70100,11
13.0131702423,80.2226104736,70100,70110,10
13.0138301849,80.2233810425,70110,70120,10
13.0143604279,80.223991394,70120,70130,10
13.0149002075,80.2245864868,70130,70140,10
13.0152797699,80.2249526978,70140,70150,10
13.0155296326,80.225112915,70150,70160,10
13.0155601501,80.2251281738,70160,70170,10
13.0157699585,80.2253570557,70170,70180,10
13.0162801743,80.2254562378,70180,70191,11
13.0170898438,80.2251663208,70191,70201,10
13.0179796219,80.2248077393,70201,70211,10
13.0187397003,80.2245101929,70211,70221,10
13.0194597244,80.2244567871,70221,70231,10
13.0201702118,80.2249221802,70231,70251,20
13.0201702118,80.2249221802,70251,70261,10
13.0203800201,80.2251205444,70261,70271,10
13.0208301544,80.225440979,70271,70282,11
13.0214500427,80.2258834839,70282,70292,10
13.0218400955,80.2261505127,70292,70302,10
13.022359848,80.2265701294,70302,70312,10
13.022939682,80.2270812988,70312,70322,10
13.0234003067,80.2275390625,70322,70332,10
13.0238199234,80.2279434204,70332,70342,10
13.0244102478,80.2285385132,70342,70393,51
13.0244102478,80.2285385132,70393,70403,10
13.0244197845,80.2286300659,70403,70413,10
13.0242099762,80.2286376953,70413,70423,10
13.023900032,80.2281799316,70423,70433,10
13.0233802795,80.2276611328,70433,70443,10
13.0230398178,80.2274475098,70443,70555,112
13.0230398178,80.2274475098,70555,70565,10
13.0228595734,80.2272109985,70565,70575,10
13.0226297379,80.2269592285,70575,70585,10
13.0221595764,80.2265014648,70585,70595,10
13.0214700699,80.2259368896,70595,70605,10
13.0207099915,80.2253799438,70605,70615,10
13.0200901031,80.2249679565,70615,70625,10
13.019370079,80.2245407104,70625,70635,10
13.0183095932,80.2246932983,70635,70646,11
13.0171298981,80.2251815796,70646,70656,10
13.0162601471,80.2255096436,70656,70666,10
13.0154800415,80.2257919312,70666,70676,10
13.0146303177,80.2261199951,70676,70686,10
13.0142202377,80.226272583,70686,70696,10
13.0140600204,80.2263793945,70696,70706,10
13.0138196945,80.2264633179,70706,70716,10
13.0131998062,80.2266921997,70716,70726,10
13.0123701096,80.2270202637,70726,70737,11
13.011300087,80.2274398804,70737,70747,10
13.0101900101,80.2278823853,70747,70757,10
13.0092601776,80.2283172607,70757,70767,10
13.0090198517,80.2290878296,70767,70777,10
13.0088396072,80.2300796509,70777,70787,10
13.0086603165,80.2310791016,70787,70797,10
13.0084495544,80.2322006226,70797,70807,10
13.0082302094,80.2335205078,70807,70828,21
13.0082302094,80.2335205078,70828,70838,10
13.0081701279,80.233757019,70838,70848,10
13.0080699921,80.2342376709,70848,70858,10
13.0079603195,80.2349090576,70858,70868,10
13.0079298019,80.2350616455,70868,70878,10
13.007900238,80.2351913452,70878,70888,10
13.0078201294,80.2355880737,70888,70898,10
13.0076904297,80.2362594604,70898,70908,10
13.0075597763,80.2368621826,70908,70919,11
13.0074901581,80.2371673584,70919,70929,10
13.0074195862,80.237487793,70929,70939,10
13.0073404312,80.2377700806,70939,70949,10
13.0073204041,80.2378387451,70949,70959,10
13.0072402954,80.238067627,70959,70969,10
13.0072402954,80.2380828857,70969,70979,10
13.0071802139,80.2384033203,70979,70989,10
13.0071001053,80.2387924194,70989,70999,10
13.0070295334,80.2391967773,70999,71010,11
13.0069303513,80.239730835,71010,71020,10
13.0068397522,80.2401428223,71020,71030,10
13.0067300797,80.2406768799,71030,71040,10
13.0066299438,80.2414016724,71040,71050,10
13.0066204071,80.2421569824,71050,71060,10
13.0066404343,80.2428588867,71060,71070,10
13.0066604614,80.2436218262,71070,71080,10
13.0066604614,80.2443466187,71080,71090,10
13.0066699982,80.2451095581,71090,71101,11
13.0066900253,80.2457733154,71101,71111,10
13.0066995621,80.2461166382,71111,71121,10
13.0067100525,80.246421814,71121,71131,10
13.0067100525,80.2464675903,71131,71141,10
13.0066995621,80.2468414307,71141,71151,10
13.0066204071,80.2473831177,71151,71161,10
13.0059604645,80.2474975586,71161,71192,31
13.0059604645,80.2474975586,71192,71202,10
13.0058097839,80.2475204468,71202,71212,10
13.0055599213,80.2474212646,71212,71222,10
13.0050096512,80.2474365234,71222,71232,10
13.0042200089,80.2475128174,71232,71241,9
13.0033502579,80.2476501465,71241,71252,11
13.0022497177,80.2478637695,71252,71262,10
13.0012102127,80.2480773926,71262,71272,10
13.0001296997,80.2483596802,71272,71283,11
12.9989299774,80.2486495972,71283,71293,10
12.9979801178,80.248916626,71293,71303,10
12.9978199005,80.2489624023,71303,71313,10
12.9977502823,80.2489700317,71313,71323,10
12.9972696304,80.2490692139,71323,71333,10
12.9964895248,80.2492599487,71333,71343,10
12.9955596924,80.24949646,71343,71353,10
12.9944896698,80.2497634888,71353,71363,10
12.9933004379,80.2500762939,71363,71374,11
12.9911003113,80.2506484985,71374,71394,20
12.9911003113,80.2506484985,71394,71404,10
12.990819931,80.2507019043,71404,71414,10
12.9901599884,80.2508621216,71414,71424,10
12.9892597198,80.2510986328,71424,71434,10
12.9886798859,80.2512817383,71434,71454,20
12.9884395599,80.2513427734,71454,71819,365
12.9884395599,80.2513427734,71819,71829,10
12.9882001877,80.2513504028,71829,71839,10
12.9879102707,80.2514190674,71839,71849,10
12.9874696732,80.2515182495,71849,71859,10
12.9868602753,80.2517166138,71859,71869,10
12.9863004684,80.2518615723,71869,71879,10
12.9856004715,80.2520370483,71879,71889,10
12.9846897125,80.2522583008,71889,71899,10
12.9836597443,80.252532959,71899,71910,11
12.9824304581,80.2526931763,71910,71920,10
12.9813699722,80.2527236938,71920,71930,10
12.9805002213,80.2527618408,71930,71940,10
12.9798603058,80.252822876,71940,71950,10
12.9791297913,80.2527389526,71950,71960,10
12.9786195755,80.2526702881,71960,71970,10
12.9786100388,80.2526626587,71970,71980,10
12.9785203934,80.2525863647,71980,71990,10
12.9780597687,80.2522888184,71990,72001,11
12.9773397446,80.251663208,72001,72011,10
12.9765195847,80.2512893677,72011,72021,10
12.9755601883,80.2509994507,72021,72031,10
12.9744901657,80.2506790161,72031,72041,10
12.973400116,80.2503814697,72041,72051,10
12.9727602005,80.2501983643,72051,72061,10
12.9719600677,80.2500076294,72061,72071,10
12.9710197449,80.24974823,72071,72081,10
12.9700403214,80.2494430542,72081,72092,11
12.9688901901,80.2489700317,72092,72102,10
12.9679403305,80.2486190796,72102,72112,10
12.9672803879,80.2483291626,72112,72122,10
12.9667797089,80.2480773926,72122,72132,10
12.9663200378,80.2478637695,72132,72142,10
12.9656095505,80.2475585938,72142,72152,10
12.9649400711,80.2473602295,72152,72162,10
12.9648399353,80.2473220825,72162,72172,10
12.9644298553,80.2471466064,72172,72183,11
12.963760376,80.2469024658,72183,72193,10
12.9632301331,80.2466506958,72193,72203,10
12.9625196457,80.2463226318,72203,72213,10
12.9617004395,80.2459106445,72213,72223,10
12.9607400894,80.2454376221,72223,72233,10
12.9597501755,80.2450332642,72233,72243,10
12.9592399597,80.2448272705,72243,72253,10
12.959230423,80.2448196411,72253,72263,10
12.9589500427,80.2446670532,72263,72274,11
12.9583101273,80.2443771362,72274,72284,10
12.9577999115,80.2442016602,72284,72294,10
12.9572000504,80.2439727783,72294,72304,10
12.9567804337,80.2437667847,72304,72314,10
12.956609726,80.2436904907,72314,72375,61
12.956609726,80.2436904907,72375,72385,10
12.9562702179,80.2436065674,72385,72395,10
12.9557800293,80.2433929443,72395,72405,10
12.9550199509,80.2430496216,72405,72415,10
12.954199791,80.242729187,72415,72425,10
12.9532699585,80.2423400879,72425,72435,10
12.9522600174,80.2419281006,72435,72445,10
12.9517402649,80.2417678833,72445,72456,11
12.9515895844,80.2417221069,72456,72466,10
12.9510803223,80.2415237427,72466,72476,10
12.9504203796,80.241317749,72476,72506,30
12.9504203796,80.241317749,72506,72516,10
12.9503002167,80.2412796021,72516,72526,10
12.9499502182,80.2412033081,72526,72536,10
12.9496803284,80.2411193848,72536,72547,11
12.9492902756,80.2409667969,72547,72587,40
12.9492902756,80.2409667969,72587,72597,10
12.9489297867,80.2408218384,72597,72607,10
12.9482803345,80.2405471802,72607,72617,10
12.9474000931,80.2401809692,72617,72627,10
12.9465999603,80.239906311,72627,72638,11
12.9464702606,80.2398605347,72638,72648,10
12.945980072,80.2396392822,72648,72658,10
12.9452600479,80.2392272949,72658,72668,10
12.9445495605,80.23853302,72668,72678,10
12.9437904358,80.2376937866,72678,72688,10
12.9430704117,80.2369613647,72688,72698,10
12.9420099258,80.2364196777,72698,72708,10
12.9407501221,80.2361068726,72708,72718,10
12.9397697449,80.2358016968,72718,72729,11
12.9396696091,80.2357635498,72729,72739,10
12.9392995834,80.2356185913,72739,72749,10
12.9386301041,80.2352905273,72749,72759,10
12.9377403259,80.2348632813,72759,72769,10
12.9367103577,80.2343521118,72769,72779,10
12.9358301163,80.2339401245,72779,72789,10
12.9357595444,80.2339096069,72789,72799,10
12.935549736,80.2338027954,72799,72809,10
12.934920311,80.2335205078,72809,72820,11
12.934009552,80.2331314087,72820,72830,10
12.9339199066,80.2331008911,72830,72840,10
12.9336795807,80.2329711914,72840,72850,10
12.9330196381,80.232673645,72850,72860,10
12.9321098328,80.2323226929,72860,72870,10
12.9309797287,80.231918335,72870,72880,10
12.9297399521,80.2315826416,72880,72890,10
12.9285202026,80.231338501,72890,72901,11
12.9271097183,80.2311401367,72901,72911,10
12.9257698059,80.2309799194,72911,72921,10
12.9243602753,80.230796814,72921,72931,10
12.9229001999,80.2306137085,72931,72941,10
12.9214296341,80.2303924561,72941,72951,10
12.9199399948,80.2302093506,72951,72961,10
12.9186000824,80.2300262451,72961,72971,10
12.9172296524,80.229850769,72971,72981,10
12.9158401489,80.229637146,72981,72992,11
12.9143104553,80.2294235229,72992,73002,10
12.9133701324,80.2293624878,73002,73012,10
12.9132099152,80.2293395996,73012,73022,10
12.9131603241,80.2293624878,73022,73032,10
12.912730217,80.2292785645,73032,73042,10
12.9118795395,80.2291412354,73042,73052,10
12.9108200073,80.2289810181,73052,73062,10
12.9095802307,80.2287597656,73062,73072,10
12.908249855,80.2285308838,73072,73083,11
12.9069404602,80.2283172607,73083,73153,70
12.9069404602,80.2283172607,73153,73163,10
12.9067296982,80.2282867432,73163,73174,11
12.9062795639,80.2282562256,73174,73184,10
12.9054803848,80.2282104492,73184,73194,10
12.904419899,80.2281570435,73194,73204,10
12.9032001495,80.2280883789,73204,73214,10
12.9019002914,80.2280197144,73214,73224,10
12.900970459,80.2279815674,73224,73234,10
12.9001598358,80.2279510498,73234,73244,10
12.8994998932,80.2279281616,73244,73254,10
12.8994703293,80.2279281616,73254,73265,11
12.8994398117,80.2279205322,73265,73275,10
12.8989496231,80.2278518677,73275,73285,10
12.8982896805,80.2278137207,73285,73295,10
12.897480011,80.2277603149,73295,73305,10
12.8965301514,80.2276992798,73305,73315,10
12.8953695297,80.2276611328,73315,73325,10
12.8940601349,80.2276000977,73325,73335,10
12.8930397034,80.2274780273,73335,73345,10
12.8929004669,80.2274703979,73345,73356,11
12.8926801682,80.2274475098,73356,73366,10
12.8923301697,80.2274169922,73366,73376,10
12.8916501999,80.2273788452,73376,73386,10
12.8906698227,80.2273788452,73386,73396,10
12.8895101547,80.2273788452,73396,73406,10
12.8881998062,80.2273635864,73406,73416,10
12.8868703842,80.227180481,73416,73426,10
12.8855800629,80.2268829346,73426,73436,10
12.8847103119,80.2267837524,73436,73447,11
12.8845500946,80.2267684937,73447,73457,10
12.8839597702,80.2267608643,73457,73467,10
12.8830699921,80.2267608643,73467,73477,10
12.8819599152,80.2267608643,73477,73487,10
12.8806695938,80.2267608643,73487,73497,10
12.879240036,80.2267684937,73497,73507,10
12.8777503967,80.2268829346,73507,73517,10
12.8765802383,80.2270202637,73517,73527,10
12.8761396408,80.2270431519,73527,73538,11
12.8758802414,80.2270431519,73538,73548,10
12.8751497269,80.2269821167,73548,73558,10
12.874130249,80.226852417,73558,73568,10
12.8729400635,80.2267532349,73568,73578,10
12.8725299835,80.2267684937,73578,73588,10
12.8722801208,80.2267608643,73588,73598,10
12.8715896606,80.2267303467,73598,73608,10
12.8706502914,80.2266693115,73608,73618,10
12.8694801331,80.2265396118,73618,73629,11
12.8680000305,80.2264404297,73629,73639,10
12.8665399551,80.2265777588,73639,73649,10
12.8650598526,80.2266235352,73649,73659,10
12.8635597229,80.2265625,73659,73669,10
12.8621501923,80.226600647,73669,73679,10
12.8610200882,80.2266616821,73679,73689,10
12.8607902527,80.2266464233,73689,73699,10
12.8604001999,80.226600647,73699,73709,10
12.8595895767,80.2264709473,73709,73720,11
12.8584098816,80.2263183594,73720,73730,10
12.8571195602,80.2263183594,73730,73740,10
12.8557195663,80.2264709473,73740,73750,10
12.8542299271,80.2266387939,73750,73760,10
12.8526802063,80.2267379761,73760,73770,10
12.8511400223,80.2266769409,73770,73780,10
12.8498497009,80.2266311646,73780,73790,10
12.8486604691,80.2266235352,73790,73800,10
12.8473796844,80.2266235352,73800,73811,11
12.8460903168,80.2266616821,73811,73821,10
12.8450498581,80.2266769409,73821,73841,20
12.8450498581,80.2266769409,73841,73851,10
12.8446998596,80.2267227173,73851,73861,10
12.8439302444,80.2267990112,73861,73871,10
12.8429098129,80.2269515991,73871,73881,10
12.8416404724,80.2272186279,73881,73891,10
12.8404102325,80.2275695801,73891,73902,11
12.8397798538,80.2278213501,73902,73912,10
12.8395700455,80.2278823853,73912,73922,10
12.8389501572,80.2279815674,73922,73932,10
12.8380298615,80.2281799316,73932,73942,10
12.8368997574,80.2283935547,73942,73952,10
12.8355703354,80.2285690308,73952,73962,10
12.83411026,80.2287979126,73962,73972,10
12.8327302933,80.229057312,73972,73982,10
12.8318996429,80.2292098999,73982,73993,11
12.8315296173,80.2291793823,73993,74003,10
12.8315000534,80.2290115356,74003,74013,10
12.8315000534,80.2289810181,74013,74023,10
12.8314504623,80.2285614014,74023,74033,10
12.8312997818,80.2277984619,74033,74043,10
12.8310699463,80.2267379761,74043,74053,10
12.8309803009,80.2254562378,74053,74063,10
12.8309803009,80.2247314453,74063,74073,10
12.8310003281,80.2241821289,74073,74084,11
12.8310203552,80.2231216431,74084,74094,10
12.8310098648,80.2222671509,74094,74104,10
12.8310203552,80.2217712402,74104,74114,10
12.8310403824,80.2208633423,74114,74124,10
12.8310403824,80.2198562622,74124,74134,10
12.8308296204,80.2195205688,74134,74144,10
12.829990387,80.2195129395,74144,74154,10
12.829000473,80.2195129395,74154,74164,10
12.82791996,80.2195205688,74164,74175,11
12.8276395798,80.2195205688,74175,74185,10
12.8273200989,80.2195129395,74185,74195,10
12.8266897202,80.2194976807,74195,74205,10
12.8260602951,80.2194900513,74205,74215,10
12.8258800507,80.2194290161,74215,74225,10
12.8257904053,80.2191085815,74225,74235,10
12.8257904053,80.2184524536,74235,74245,10
12.825799942,80.2174377441,74245,74255,10
12.8258104324,80.2165222168,74255,74266,11
12.8254003525,80.2160491943,74266,74276,10
12.8247098923,80.2160568237,74276,74437,161
12.8247098923,80.2160568237,74437,74448,11
12.8244199753,80.2161102295,74448,74458,10
12.823800087,80.2161026001,74458,74468,10
12.8229799271,80.2161026001,74468,74478,10
12.8226499557,80.2161178589,74478,74488,10
12.8226099014,80.2164764404,74488,74498,10
12.8226203918,80.2172393799,74498,74507,9
12.8226203918,80.2181396484,74507,74518,11
12.8226203918,80.2190475464,74518,74528,10
12.822640419,80.2193069458,74528,74539,11
12.822640419,80.2193603516,74539,74549,10
12.8230199814,80.2194595337,74549,74559,10
12.8237400055,80.2194595337,74559,74569,10
12.8245897293,80.2194366455,74569,74579,10
12.8252801895,80.2193832397,74579,74589,10
12.8253602982,80.2193832397,74589,74599,10
12.8255195618,80.219367981,74599,74609,10
12.825920105,80.2193832397,74609,74619,10
12.8265104294,80.2193908691,74619,74630,11
12.8270998001,80.2194137573,74630,74650,20
12.8270998001,80.2194137573,74650,74660,10
12.8271999359,80.2194519043,74660,74670,10
12.827460289,80.2194290161,74670,74731,61
12.827460289,80.2194290161,74731,74741,10
12.8278503418,80.2194824219,74741,74751,10
12.8283996582,80.2194824219,74751,74761,10
12.8291301727,80.2194595337,74761,74771,10
12.8299303055,80.2194595337,74771,74781,10
12.8305797577,80.2194671631,74781,74791,10
12.8308801651,80.2194824219,74791,74801,10
12.8311595917,80.2197418213,74801,74812,11
12.8311595917,80.2201919556,74812,74872,60
12.8311100006,80.2202529907,74872,74994,122
12.8311100006,80.2202529907,74994,75004,10
12.8311395645,80.2202224731,75004,75014,10
12.8311595917,80.2202835083,75014,75024,10
12.8311595917,80.2207794189,75024,75034,10
12.8311395645,80.2215576172,75034,75044,10
12.8311300278,80.2221298218,75044,75054,10
12.8311300278,80.2224578857,75054,75064,10
12.8311100006,80.2231369019,75064,75075,11
12.8311004639,80.2241516113,75075,75085,10
12.8310899734,80.2247085571,75085,75095,10
12.8310899734,80.225151062,75095,75105,10
12.8311004639,80.2258987427,75105,75115,10
12.8311796188,80.2268218994,75115,75125,10
12.831410408,80.2281188965,75125,75145,20
12.8314399719,80.2282485962,75145,75206,61
12.8314399719,80.2282485962,75206,75216,10
12.8315200806,80.2285308838,75216,75226,10
12.8315696716,80.2287826538,75226,75236,10
12.8315896988,80.2288970947,75236,75246,10
12.8316001892,80.2289810181,75246,75257,11
12.8316602707,80.2292175293,75257,75267,10
12.8319702148,80.2291870117,75267,75277,10
12.8326101303,80.2290725708,75277,75287,10
12.8335103989,80.2288970947,75287,75297,10
12.8345499039,80.2286987305,75297,75307,10
12.8356599808,80.2285232544,75307,75317,10
12.8367900848,80.2283401489,75317,75327,10
12.8376903534,80.228187561,75327,75337,10
12.8383102417,80.2280731201,75337,75358,21
12.8383102417,80.2280731201,75358,75368,10
12.838470459,80.2280197144,75368,75388,20
12.8386001587,80.2279815674,75388,75408,20
12.8386001587,80.2279815674,75408,75418,10
12.8388204575,80.227897644,75418,75449,31
12.8388204575,80.227897644,75449,75459,10
12.839099884,80.2277984619,75459,75499,40
12.839099884,80.2277984619,75499,75509,10
12.8394699097,80.2276992798,75509,75519,10
12.8398103714,80.2276306152,75519,75530,11
12.8406600952,80.2274169922,75530,75540,10
12.8416996002,80.2271499634,75540,75550,10
12.8428697586,80.2268829346,75550,75560,10
12.8441801071,80.2266921997,75560,75570,10
12.8452997208,80.2266235352,75570,75580,10
12.8454999924,80.2266082764,75580,75590,10
12.8458003998,80.226600647,75590,75600,10
12.8459396362,80.2266082764,75600,75610,10
12.8465995789,80.226600647,75610,75621,11
12.8476295471,80.2266082764,75621,75631,10
12.8487997055,80.2266082764,75631,75641,10
12.8498096466,80.226600647,75641,75651,10
12.8504600525,80.2265777588,75651,75661,10
12.8514299393,80.2266235352,75661,75671,10
12.8526601791,80.2267074585,75671,75681,10
12.8540201187,80.2266464233,75681,75691,10
12.8554601669,80.2264785767,75691,75701,10
12.8569402695,80.2263183594,75701,75712,11
12.858420372,80.2262496948,75712,75722,10
12.8597402573,80.2264328003,75722,75732,10
12.8609104156,80.2265625,75732,75742,10
12.861120224,80.2265625,75742,75752,10
12.8616399765,80.2265701294,75752,75762,10
12.8624601364,80.2265319824,75762,75772,10
12.8635196686,80.2265090942,75772,75782,10
12.8648004532,80.2265625,75782,75792,10
12.8661003113,80.2265625,75792,75803,11
12.8679304123,80.2264022827,75803,75813,10
12.8695297241,80.2265014648,75813,75823,10
12.8711395264,80.2266464233,75823,75833,10
12.8725004196,80.2266693115,75833,75843,10
12.8733797073,80.2267074585,75843,75853,10
12.8744096756,80.2268066406,75853,75863,10
12.8756599426,80.2269363403,75863,75873,10
12.8766498566,80.2268981934,75873,75883,10
12.8767900467,80.226890564,75883,75894,11
12.8773202896,80.2268371582,75894,75904,10
12.8781995773,80.2267837524,75904,75914,10
12.8793096542,80.2267227173,75914,75924,10
12.8805599213,80.2266998291,75924,75934,10
12.8819198608,80.2266769409,75934,75944,10
12.8834199905,80.2266693115,75944,75954,10
12.884759903,80.2266616821,75954,75964,10
12.8853502274,80.2267074585,75964,75974,10
12.8854904175,80.2267379761,75974,75985,11
12.886179924,80.2269287109,75985,75995,10
12.8871202469,80.2271728516,75995,76005,10
12.8880300522,80.2273025513,76005,76015,10
12.8892002106,80.2273483276,76015,76025,10
12.8905696869,80.2273483276,76025,76035,10
12.8919200897,80.2273483276,76035,76045,10
12.8929700851,80.227432251,76045,76054,9
12.893819809,80.2275390625,76054,76065,11
12.8949203491,80.2276000977,76065,76076,11
12.8963003159,80.2276535034,76076,76086,10
12.897649765,80.2277526855,76086,76096,10
12.8990402222,80.2278366089,76096,76106,10
12.8998203278,80.2278518677,76106,76116,10
12.8999996185,80.2278518677,76116,76126,10
12.9004001617,80.2278594971,76126,76136,10
12.9009799957,80.2279129028,76136,76146,10
12.9012403488,80.2279434204,76146,76156,10
12.901550293,80.2279663086,76156,76167,11
12.9025697708,80.2279891968,76167,76187,20
12.9025697708,80.2279891968,76187,76197,10
12.9028396606,80.228012085,76197,76207,10
12.9035396576,80.2280578613,76207,76217,10
12.9042396545,80.2281036377,76217,76258,41
12.9042396545,80.2281036377,76258,76268,10
12.9043798447,80.2281188965,76268,76278,10
12.9048099518,80.2281570435,76278,76288,10
12.9051904678,80.2281723022,76288,76298,10
12.905500412,80.2281799316,76298,76308,10
12.9056396484,80.2282028198,76308,76379,71
12.9056396484,80.2282028198,76379,76389,10
12.9056797028,80.2281570435,76389,76399,10
12.9059801102,80.228187561,76399,76408,9
12.9062404633,80.2282028198,76408,76419,11
12.9064702988,80.2282180786,76419,76429,10
12.9070100784,80.2282562256,76429,76440,11
12.907959938,80.2284011841,76440,76450,10
12.9090795517,80.2285995483,76450,76460,10
12.910320282,80.2287979126,76460,76470,10
12.9116601944,80.2289962769,76470,76480,10
12.913020134,80.2291870117,76480,76490,10
12.9136104584,80.2292327881,76490,76500,10
12.9138803482,80.2293167114,76500,76510,10
12.9146499634,80.2294235229,76510,76520,10
12.9156599045,80.2295684814,76520,76531,11
12.9169597626,80.2297363281,76531,76541,10
12.9182100296,80.2299118042,76541,76551,10
12.9193000793,80.2300491333,76551,76561,10
12.9204597473,80.2302017212,76561,76571,10
12.9217195511,80.2303619385,76571,76581,10
12.9228401184,80.2305297852,76581,76591,10
12.9239902496,80.2306976318,76591,76601,10
12.9251098633,80.2308120728,76601,76611,10
12.9261798859,80.2309188843,76611,76622,11
12.9265203476,80.2309494019,76622,76632,10
12.9269304276,80.2310028076,76632,76642,10
12.9276895523,80.231086731,76642,76652,10
12.9286899567,80.2312316895,76652,76662,10
12.9298200607,80.2314910889,76662,76672,10
12.9310102463,80.2318191528,76672,76682,10
12.9321298599,80.232170105,76682,76692,10
12.9331197739,80.2324981689,76692,76702,10
12.9332799911,80.2325820923,76702,76713,11
12.9333095551,80.2326278687,76713,76723,10
12.9337396622,80.2328414917,76723,76733,10
12.9345703125,80.2332229614,76733,76743,10
12.9355201721,80.2336273193,76743,76753,10
12.9363603592,80.2340621948,76753,76763,10
12.9374103546,80.2345581055,76763,76773,10
12.9385204315,80.2350997925,76773,76783,10
12.9392995834,80.235458374,76783,76794,11
12.939499855,80.2355804443,76794,76804,10
12.9399204254,80.2357635498,76804,76814,10
12.9406795502,80.2360229492,76814,76824,10
12.9415597916,80.2362365723,76824,76834,10
12.9425497055,80.2365264893,76834,76844,10
12.9434995651,80.2372207642,76844,76854,10
12.9442396164,80.2380371094,76854,76864,10
12.945110321,80.2389678955,76864,76874,10
12.9460296631,80.2395172119,76874,76885,11
12.9469995499,80.2398834229,76885,76895,10
12.9470996857,80.2399215698,76895,76905,10
12.947640419,80.2401504517,76905,76915,10
12.9483995438,80.2404632568,76915,76925,10
12.9487600327,80.2405929565,76925,76935,10
12.9491996765,80.2407913208,76935,76945,10
12.949930191,80.2410430908,76945,76955,10
12.9508199692,80.2412719727,76955,76965,10
12.9511003494,80.2413635254,76965,76976,11
12.9513397217,80.2414703369,76976,76986,10
12.9519901276,80.2416992188,76986,76996,10
12.9528503418,80.2420425415,76996,77006,10
12.953619957,80.2423400879,77006,77015,9
12.9545602798,80.2427215576,77015,77026,11
12.9553003311,80.242980957,77026,77036,10
12.956199646,80.2432632446,77036,77046,10
12.9567899704,80.2435302734,77046,77056,10
12.9576501846,80.2439498901,77056,77067,11
12.9586601257,80.2443618774,77067,77077,10
12.958820343,80.2444381714,77077,77087,10
12.9592695236,80.244682312,77087,77097,10
12.9600601196,80.2450408936,77097,77107,10
12.9610900879,80.2455215454,77107,77117,10
12.9623003006,80.2461013794,77117,77127,10
12.9632701874,80.24659729,77127,77137,10
12.963760376,80.2468338013,77137,77147,10
12.9645299911,80.2471313477,77147,77158,11
12.9655895233,80.2474899292,77158,77168,10
12.9661598206,80.2477111816,77168,77178,10
12.9666595459,80.2479400635,77178,77188,10
12.966919899,80.248046875,77188,77198,10
12.9672403336,80.2481994629,77198,77208,10
12.9680099487,80.2485198975,77208,77218,10
12.9690504074,80.2489395142,77218,77228,10
12.970290184,80.2494430542,77228,77238,10
12.9716100693,80.2498474121,77238,77249,11
12.9730796814,80.2502288818,77249,77259,10
12.9744596481,80.2505874634,77259,77269,10
12.975859642,80.2509994507,77269,77279,10
12.9772396088,80.2514266968,77279,77289,10
12.9781799316,80.2521362305,77289,77299,10
12.9784402847,80.2523193359,77299,77309,10
12.9788799286,80.2525405884,77309,77319,10
12.9797801971,80.2526473999,77319,77329,10
12.9799995422,80.2526626587,77329,77340,11
12.9805297852,80.2526473999,77340,77350,10
12.9814100266,80.2526168823,77350,77360,10
12.9825296402,80.2525863647,77360,77370,10
12.9837799072,80.2524032593,77370,77380,10
12.9849996567,80.2520828247,77380,77390,10
12.9859895706,80.2518234253,77390,77400,10
12.9865598679,80.251663208,77400,77471,71
12.9865598679,80.251663208,77471,77481,10
12.9867095947,80.2516326904,77481,77491,10
12.9868898392,80.2515869141,77491,77501,10
12.9872303009,80.2514801025,77501,77511,10
12.9876403809,80.2513504028,77511,77522,11
12.9879102707,80.2516937256,77522,77532,10
12.9880199432,80.2522735596,77532,77542,10
12.9879302979,80.2530517578,77542,77552,10
12.987859726,80.2538986206,77552,77562,10
12.9877996445,80.2547225952,77562,77572,10
12.9877700806,80.2549514771,77572,77582,10
12.987739563,80.2550811768,77582,77592,10
12.9877004623,80.2554016113,77592,77602,10
12.987660408,80.2556991577,77602,77613,11
12.9878196716,80.255897522,77613,77623,10
12.987950325,80.2558898926,77623,77633,10
12.9881696701,80.2559204102,77633,77643,10
12.9885597229,80.2559585571,77643,77653,10
12.9891500473,80.2559890747,77653,77663,10
12.9897603989,80.2560195923,77663,77673,10
12.9901895523,80.2560119629,77673,77683,10
12.9906597137,80.2559967041,77683,77693,10
12.9914102554,80.2560272217,77693,77704,11
12.9924898148,80.256072998,77704,77714,10
12.9934396744,80.2559967041,77714,77724,10
12.9939899445,80.2559432983,77724,77734,10
12.9945497513,80.2559204102,77734,77744,10
12.99518013,80.255897522,77744,77754,10
12.9958400726,80.2558822632,77754,77784,30
12.9958400726,80.2558822632,77784,77795,11
12.9958896637,80.255859375,77795,77805,10
12.9962396622,80.2558822632,77805,77815,10
12.9965496063,80.255859375,77815,77825,10
12.9968004227,80.2558517456,77825,77835,10
12.9970703125,80.2558517456,77835,77845,10
12.9970903397,80.2558517456,77845,77855,10
12.9971704483,80.255859375,77855,77865,10
12.9973802567,80.2558822632,77865,77875,10
12.9974803925,80.255897522,77875,77886,11
12.9976196289,80.2559432983,77886,77896,10
12.9976902008,80.2561264038,77896,77906,10
12.9977397919,80.2563095093,77906,77916,10
12.997879982,80.2566604614,77916,78108,192
12.997879982,80.2566604614,78108,78118,10
12.9978399277,80.2569122314,78118,78260,142
12.9978399277,80.2569122314,78260,78270,10
12.9976902008,80.2570266724,78270,78401,131
12.9976902008,80.2570266724,78401,78411,10
12.9977798462,80.2573013306,78411,78422,11
12.9982099533,80.2572937012,78422,78432,10
12.9984197617,80.2569732666,78432,78442,10
12.9983196259,80.2566604614,78442,78796,354
12.9981603622,80.2566223145,78796,80606,1810
12.9982299805,80.2566375732,80606,81506,900
12.9984302521,80.2564620972,81506,82993,1487
12.9980802536,80.2565002441,82993,83620,627
