13.0262203217,80.2660064697,17,1006,989
13.0260696411,80.2660369873,1006,1682,676
13.0262899399,80.2659835815,1682,3893,2211
13.0262899399,80.2659835815,3893,3903,10
13.0261297226,80.2659301758,3903,6578,2675
13.0262699127,80.2659225464,6578,7668,1090
13.0262098312,80.2659683228,7668,8668,1000
13.0262098312,80.2659683228,8668,8678,10
13.0263500214,80.2658233643,8678,8859,181
13.0262298584,80.2659835815,8859,9031,172
13.026260376,80.26587677,9031,9354,323
13.0262699127,80.2659835815,9354,18954,9600
13.0262699127,80.2659835815,18954,18965,11
13.0261497498,80.2658081055,18965,18975,10
13.0256795883,80.2655487061,18975,18985,10
13.0252199173,80.2652816772,18985,19005,20
13.0252199173,80.2652816772,19005,19015,10
13.0248203278,80.2649765015,19015,19025,10
13.0241804123,80.2645263672,19025,19035,10
13.0234498978,80.2641220093,19035,19045,10
13.0227003098,80.2637176514,19045,19055,10
13.022069931,80.2633972168,19055,19066,11
13.0217504501,80.2632522583,19066,19076,10
13.0210895538,80.2630691528,19076,19086,10
13.0202302933,80.2630310059,19086,19096,10
13.0194997787,80.2629776001,19096,19106,10
13.0190401077,80.2629165649,19106,19116,10
13.0188903809,80.2624130249,19116,19126,10
13.0187702179,80.2616195679,19126,19136,10
13.0183095932,80.2610702515,19136,19146,10
13.017539978,80.260559082,19146,19156,10
13.0165596008,80.2599411011,19156,19166,10
13.0160799026,80.2596969604,19166,19177,11
13.0157899857,80.2595825195,19177,19187,10
13.015130043,80.2593917847,19187,19197,10
13.0143203735,80.2593231201,19197,19207,10
13.0133800507,80.2592926025,19207,19217,10
13.0123500824,80.2592468262,19217,19227,10
13.0114002228,80.2592163086,19227,19237,10
13.0104503632,80.2592315674,19237,19247,10
13.0095396042,80.2592163086,19247,19257,10
13.0088596344,80.2592086792,19257,19267,10
13.0085496902,80.2592315674,19267,19278,11
13.0081996918,80.2592391968,19278,19288,10
13.0080003738,80.2592468262,19288,19298,10
13.0075597763,80.2593994141,19298,19308,10
13.0072498322,80.2589035034,19308,19318,10
13.006939888,80.2582702637,19318,19328,10
13.0066604614,80.2578277588,19328,19338,10
13.006480217,80.2572784424,19338,19348,10
13.0064697266,80.2563705444,19348,19358,10
13.006480217,80.2552185059,19358,19368,10
13.006480217,80.2540588379,19368,19378,10
13.0064897537,80.253112793,19378,19389,11
13.006529808,80.2523574829,19389,19399,10
13.0066900253,80.2516021729,19399,19409,10
13.0067300797,80.2505187988,19409,19419,10
13.0067195892,80.249382019,19419,19429,10
13.0066699982,80.2484817505,19429,19439,10
13.0066404343,80.2480010986,19439,19449,10
13.0066404343,80.247543335,19449,19459,10
13.0066404343,80.2469329834,19459,19469,10
13.0065803528,80.2465667725,19469,19479,10
13.0065803528,80.2465591431,19479,19490,11
13.0066099167,80.2464370728,19490,19500,10
13.0066404343,80.2460784912,19500,19510,10
13.0066404343,80.2453384399,19510,19520,10
13.006649971,80.2444076538,19520,19530,10
13.0066299438,80.2434310913,19530,19540,10
13.0065898895,80.2424468994,19540,19550,10
13.0065803528,80.2415618896,19550,19560,10
13.0066995621,80.2406005859,19560,19570,10
13.0069103241,80.2395095825,19570,19580,10
13.0071401596,80.2383880615,19580,19590,10
13.0073604584,80.2373809814,19590,19601,11
13.0074195862,80.2367477417,19601,19611,10
13.0074996948,80.2365188599,19611,19621,10
13.0076599121,80.2358932495,19621,19631,10
13.0078296661,80.2350234985,19631,19641,10
13.0080499649,80.2339401245,19641,19651,10
13.0082597733,80.2328414917,19651,19661,10
13.0085201263,80.231590271,19661,19671,10
13.0087900162,80.2302627563,19671,19681,10
13.009059906,80.2288970947,19681,19691,10
13.0094604492,80.2276382446,19691,19702,11
13.0099697113,80.2265014648,19702,19712,10
13.0103998184,80.2255706787,19712,19722,10
13.0108499527,80.2245788574,19722,19732,10
13.0112400055,80.2236099243,19732,19742,10
13.0115995407,80.2227401733,19742,19752,10
13.0120000839,80.2216491699,19752,19762,10
13.012339592,80.2213973999,19762,19772,10
13.0125303268,80.2216415405,19772,19782,10
13.0129404068,80.2222366333,19782,19792,10
13.0135602951,80.2229232788,19792,19802,10
13.0138301849,80.2231674194,19802,19843,41
13.0140895844,80.2233886719,19843,19873,30
13.0140895844,80.2233886719,19873,19883,10
13.014380455,80.2236785889,19883,19893,10
13.0145797729,80.2239608765,19893,19903,10
13.0151700974,80.2246627808,19903,19914,11
13.0156002045,80.2250518799,19914,19924,10
13.0163803101,80.2252883911,19924,19934,10
13.0173902512,80.2249603271,19934,19944,10
13.0185203552,80.2245025635,19944,19954,10
13.0195503235,80.2244110107,19954,19964,10
13.0204601288,80.2249908447,19964,19974,10
13.0212402344,80.2255783081,19974,19984,10
13.0220403671,80.2261810303,19984,19994,10
13.0228395462,80.2268981934,19994,20004,10
13.0237102509,80.2277297974,20004,20014,10
13.0244102478,80.2285308838,20014,20025,11
13.0249204636,80.2292327881,20025,20035,10
13.025560379,80.2301101685,20035,20045,10
13.02602005,80.2310714722,20045,20055,10
13.0261898041,80.2313613892,20055,20065,10
13.0266599655,80.2312393188,20065,20075,10
13.0273799896,80.231048584,20075,20085,10
13.0281496048,80.2309494019,20085,20095,10
13.0284900665,80.2309036255,20095,20105,10
13.0288696289,80.2308502197,20105,20115,10
13.0293598175,80.230796814,20115,20126,11
13.0299100876,80.2307815552,20126,20136,10
13.0306196213,80.23072052,20136,20146,10
13.0313196182,80.2306671143,20146,20156,10
13.0320796967,80.2306213379,20156,20166,10
13.0326795578,80.2305603027,20166,20176,10
13.0334997177,80.2304992676,20176,20186,10
13.0340595245,80.2304611206,20186,20196,10
13.0342903137,80.2304229736,20196,20206,10
13.0345001221,80.2303924561,20206,20216,10
13.0349302292,80.2302398682,20216,20226,10
13.0350999832,80.2303009033,20226,20237,11
13.0349302292,80.2303924561,20237,20247,10
13.0347499847,80.2303466797,20247,20257,10
13.0344800949,80.2304000854,20257,20267,10
13.0340299606,80.2304534912,20267,20277,10
13.0336303711,80.23046875,20277,22266,1989
13.0336303711,80.23046875,22266,22276,10
13.0332803726,80.2304992676,22276,22286,10
13.032959938,80.2305221558,22286,22296,10
13.0325298309,80.2305679321,22296,22306,10
13.0319795609,80.2306289673,22306,22316,10
13.0313196182,80.230682373,22316,22326,10
13.0306797028,80.2307434082,22326,22336,10
13.0300197601,80.2308120728,22336,22346,10
13.0298299789,80.2308273315,22346,22357,11
13.0296001434,80.2308578491,22357,22367,10
13.0290899277,80.2309036255,22367,22377,10
13.0284404755,80.2309570313,22377,22387,10
13.0277795792,80.2310333252,22387,22397,10
13.0276498795,80.2312393188,22397,22407,10
13.0277099609,80.2316970825,22407,22417,10
13.0277700424,80.2321472168,22417,22427,10
13.0278596878,80.2324981689,22427,22437,10
13.0278396606,80.2327804565,22437,22447,10
13.0273599625,80.2328796387,22447,22457,10
13.0269804001,80.2329406738,22457,22468,11
13.0266199112,80.2330093384,22468,22478,10
13.0263204575,80.2326889038,22478,22488,10
13.0261602402,80.2319793701,22488,22498,10
13.0259799957,80.2311325073,22498,22508,10
13.0255804062,80.23021698,22508,22518,10
13.0250501633,80.2295227051,22518,22528,10
13.0243196487,80.2285995483,22528,22538,10
13.0240402222,80.2283325195,22538,22548,10
13.0239400864,80.228187561,22548,22558,10
13.0236597061,80.2278671265,22558,22568,10
13.0232601166,80.2274780273,22568,22579,11
13.0226802826,80.2269592285,22579,22589,10
13.0221395493,80.2264480591,22589,22599,10
13.0214700699,80.2258987427,22599,22609,10
13.0207195282,80.2253112793,22609,22619,10
13.019780159,80.2247009277,22619,22629,10
13.0186796188,80.2245330811,22629,22639,10
13.0177497864,80.2249069214,22639,22649,10
13.0169401169,80.2252883911,22649,22690,41
13.0169401169,80.2252883911,22690,22700,10
13.016500473,80.225479126,22700,22710,10
13.0159797668,80.2256622314,22710,22720,10
13.0153503418,80.2258911133,22720,22730,10
13.0144500732,80.2262420654,22730,22780,50
13.0144500732,80.2262420654,22780,22791,11
13.0144100189,80.226272583,22791,22801,10
13.0140304565,80.2264022827,22801,22811,10
13.013299942,80.2266693115,22811,22821,10
13.0122900009,80.2270584106,22821,22831,10
13.0110797882,80.2275619507,22831,22841,10
13.0099401474,80.2280197144,22841,22851,10
13.0091600418,80.228553772,22851,22861,10
13.0089702606,80.2294921875,22861,22871,10
13.008769989,80.2305603027,22871,22881,10
13.0085601807,80.2318191528,22881,22892,11
13.0083198547,80.2330627441,22892,22902,10
13.0082197189,80.233757019,22902,22912,10
13.0080604553,80.2344436646,22912,22922,10
13.007900238,80.2352828979,22922,22932,10
13.0076999664,80.236366272,22932,22942,10
13.0074596405,80.2375335693,22942,22952,10
13.0072603226,80.23853302,22952,22962,10
13.0071001053,80.2393188477,22962,22972,10
13.0069599152,80.2399597168,22972,22982,10
13.0069599152,80.2402572632,22982,22992,10
13.0069198608,80.2407073975,22992,23003,11
13.0068998337,80.2408294678,23003,23013,10
13.0068101883,80.2413635254,23013,23023,10
13.0067596436,80.2422790527,23023,23033,10
13.0067396164,80.2432403564,23033,23043,10
13.0067195892,80.2442932129,23043,23053,10
13.0067300797,80.2453308105,23053,23063,10
13.0067195892,80.2461776733,23063,23073,10
13.0067195892,80.2472991943,23073,23083,10
13.0067501068,80.2484207153,23083,23093,10
13.0068798065,80.2493667603,23093,23104,11
13.0068998337,80.2496185303,23104,23114,10
13.0068902969,80.2498931885,23114,23124,10
13.0068798065,80.2500610352,23124,23134,10
13.0068597794,80.2505569458,23134,23144,10
13.0068798065,80.2510910034,23144,23154,10
13.0067901611,80.2517471313,23154,23164,10
13.0066404343,80.2526092529,23164,23174,10
13.0066204071,80.2534484863,23174,23184,10
13.0066299438,80.2544403076,23184,23194,10
13.0066299438,80.2553482056,23194,23204,10
13.0066204071,80.2562332153,23204,23215,11
13.0066604614,80.2568969727,23215,23225,10
13.0066795349,80.2571411133,23225,23235,10
13.0067100525,80.2572937012,23235,23245,10
13.0068101883,80.2576675415,23245,23255,10
13.0072202682,80.2583389282,23255,23265,10
13.0078201294,80.2586898804,23265,23275,10
13.0085000992,80.2589569092,23275,23285,10
13.0092697144,80.2590484619,23285,23295,10
13.0103197098,80.2590637207,23295,23305,10
13.0115604401,80.2590484619,23305,23315,10
13.0127096176,80.2591018677,23315,23326,11
13.0142498016,80.2591629028,23326,23336,10
13.0153303146,80.2592086792,23336,23346,10
13.0161600113,80.2594909668,23346,23356,10
13.0163898468,80.2596511841,23356,23366,10
13.0167198181,80.2599334717,23366,23376,10
13.0174198151,80.2604217529,23376,23386,10
13.0183601379,80.2610626221,23386,23396,10
13.0191202164,80.2616729736,23396,23406,10
13.0198602676,80.2623596191,23406,23416,10
13.0204401016,80.2627487183,23416,23427,11
13.0213603973,80.2630462646,23427,23437,10
13.0219697952,80.2633209229,23437,23447,10
13.0222997665,80.2634735107,23447,23457,10
13.0229301453,80.2638015747,23457,23467,10
13.0234899521,80.2641296387,23467,23477,10
13.0235996246,80.2641983032,23477,23487,10
13.0240097046,80.2644271851,23487,23497,10
13.0245895386,80.2648391724,23497,23507,10
13.0251998901,80.2652816772,23507,23517,10
13.0256900787,80.2656021118,23517,23527,10
13.0261602402,80.2658691406,23527,23538,11
13.0263204575,80.2655792236,23538,23548,10
13.0264101028,80.2650985718,23548,23558,10
13.0265398026,80.2642822266,23558,23568,10
13.0265703201,80.2639007568,23568,23578,10
13.026599884,80.2636032104,23578,23588,10
13.0268497467,80.2633972168,23588,23598,10
13.0273103714,80.2634887695,23598,23608,10
13.0279197693,80.263671875,23608,23618,10
13.0286598206,80.2638626099,23618,23628,10
13.029129982,80.2639770508,23628,23639,11
13.0292701721,80.2642669678,23639,23649,10
13.0292701721,80.2648620605,23649,23659,10
13.0292797089,80.2656402588,23659,23669,10
13.0292797089,80.2660598755,23669,23679,10
13.0292301178,80.2663269043,23679,23689,10
13.0294103622,80.2665176392,23689,23699,10
13.0299596786,80.2666168213,23699,23709,10
13.0306396484,80.2667236328,23709,23719,10
13.0314502716,80.266960144,23719,23729,10
13.0322704315,80.2673187256,23729,23739,10
13.0327396393,80.267616272,23739,23750,11
13.0332603455,80.2677764893,23750,23760,10
13.0334300995,80.2678222656,23760,23770,10
13.0335702896,80.2678604126,23770,23780,10
13.0338602066,80.2679290771,23780,23790,10
13.0341596603,80.2679901123,23790,23800,10
13.0344896317,80.2679977417,23800,23810,10
13.0345001221,80.2679977417,23810,23819,9
13.0345602036,80.2681732178,23819,23851,32
13.0345602036,80.2681732178,23851,23861,10
13.0339803696,80.2679672241,23861,23871,10
13.0333499908,80.267868042,23871,24456,585
13.0333499908,80.267868042,24456,24466,10
13.0330896378,80.2677612305,24466,24476,10
13.0326700211,80.267616272,24476,24486,10
13.0324001312,80.2674179077,24486,24497,11
13.0317602158,80.2672119141,24497,24507,10
13.0311002731,80.2669677734,24507,24517,10
13.0304803848,80.2668075562,24517,24527,10
13.0299596786,80.2666931152,24527,24537,10
13.029709816,80.2666702271,24537,24547,10
13.0293903351,80.2666091919,24547,24557,10
13.0291099548,80.2664794922,24557,24567,10
13.0285797119,80.2663421631,24567,24577,10
13.0279798508,80.2661972046,24577,24587,10
13.0272502899,80.2660903931,24587,24598,11
13.0267295837,80.2660369873,24598,24608,10
13.0262002945,80.26587677,24608,24618,10
13.0256204605,80.2655410767,24618,24628,10
13.0252504349,80.2653121948,24628,24638,10
13.0252399445,80.265296936,24638,24648,10
13.0250196457,80.2651367188,24648,24658,10
13.0246400833,80.2648620605,24658,24668,10
13.0239801407,80.2644195557,24668,24678,10
13.0232000351,80.2639770508,24678,24688,10
13.022359848,80.2635192871,24688,24698,10
13.0219802856,80.2633666992,24698,24709,11
13.0214004517,80.2631225586,24709,24719,10
13.0205001831,80.2630310059,24719,24729,10
13.019659996,80.2629623413,24729,24739,10
13.0190896988,80.2629013062,24739,24749,10
13.0189199448,80.2624130249,24749,24759,10
13.018819809,80.261756897,24759,24769,10
13.0186700821,80.2613220215,24769,24779,10
13.0182504654,80.2610168457,24779,24789,10
13.0177097321,80.2606735229,24789,24799,10
13.0170001984,80.2602081299,24799,24809,10
13.0162000656,80.2597732544,24809,24820,11
13.0160799026,80.2597198486,24820,24830,10
13.0157699585,80.2595825195,24830,24840,10
13.0150699615,80.2593765259,24840,24850,10
13.0141601563,80.2593231201,24850,24860,10
13.012960434,80.2592697144,24860,24870,10
13.0119104385,80.2592391968,24870,24880,10
13.0109796524,80.2592086792,24880,24890,10
13.010140419,80.259262085,24890,24900,10
13.0098400116,80.259262085,24900,24910,10
13.0095500946,80.2592315674,24910,24921,11
13.008890152,80.2592010498,24921,24931,10
13.0085601807,80.2592086792,24931,24941,10
13.0078601837,80.2592926025,24941,24951,10
13.0073404312,80.2590637207,24951,24961,10
13.0071496964,80.2585906982,24961,24971,10
13.0065202713,80.257598877,24971,25032,61
13.006360054,80.2573394775,25032,25082,50
13.006360054,80.2573394775,25082,25092,10
13.0064296722,80.2573013306,25092,25102,10
13.0065097809,80.2568664551,25102,25112,10
13.006529808,80.2562408447,25112,25122,10
13.0065402985,80.2555007935,25122,25133,11
13.0065803528,80.2545471191,25133,25143,10
13.0065698624,80.2536773682,25143,25153,10
13.0065898895,80.2531967163,25153,25163,10
13.0065898895,80.2531814575,25163,25173,10
13.0066204071,80.2529296875,25173,25183,10
13.006649971,80.2522277832,25183,25193,10
13.0066900253,80.2518386841,25193,25244,51
13.0066900253,80.2518386841,25244,25254,10
13.006819725,80.2515029907,25254,25264,10
13.0068597794,80.2509536743,25264,25274,10
13.0068597794,80.2500915527,25274,25284,10
13.0068397522,80.2496109009,25284,25294,10
13.0068397522,80.2492218018,25294,25304,10
13.0067501068,80.2483673096,25304,25314,10
13.0066995621,80.2476425171,25314,25324,10
13.0067195892,80.2470626831,25324,25334,10
13.0066299438,80.2465209961,25334,25344,10
13.0066404343,80.2464981079,25344,25355,11
13.0066795349,80.2461166382,25355,25365,10
13.0066795349,80.2453384399,25365,25375,10
13.0066699982,80.2443618774,25375,25385,10
13.0066604614,80.2434387207,25385,25395,10
13.0066003799,80.2426071167,25395,25405,10
13.0065603256,80.241859436,25405,25415,10
13.0065698624,80.2416610718,25415,25425,10
13.0066099167,80.2412185669,25425,25435,10
13.0066900253,80.2403793335,25435,25456,21
13.0066900253,80.2403793335,25456,25466,10
13.0067596436,80.2400665283,25466,25476,10
13.0068702698,80.2395935059,25476,25486,10
13.0070199966,80.2387924194,25486,25496,10
13.0071802139,80.237953186,25496,25506,10
13.0073604584,80.237159729,25506,25516,10
13.0074195862,80.2366485596,25516,25526,10
13.0074195862,80.2366409302,25526,25536,10
13.0075502396,80.2362823486,25536,25546,10
13.0076799393,80.2356414795,25546,25556,10
13.007809639,80.2349319458,25556,25567,11
13.0080299377,80.2338562012,25567,25577,10
13.0082597733,80.2327575684,25577,25587,10
13.0084600449,80.2317581177,25587,25597,10
13.0086202621,80.23097229,25597,25607,10
13.0088195801,80.2299575806,25607,25617,10
13.0090303421,80.2288818359,25617,25627,10
13.0093002319,80.2278900146,25627,25637,10
13.0096998215,80.2269973755,25637,25647,10
13.010140419,80.2260894775,25647,25657,10
13.0105695724,80.2252578735,25657,25668,11
13.0109300613,80.2243881226,25668,25678,10
13.0113201141,80.2234191895,25678,25688,10
13.0116796494,80.2224807739,25688,25698,10
13.012169838,80.2213973999,25698,25708,10
13.0125999451,80.2218322754,25708,25718,10
13.0131998062,80.2225799561,25718,25728,10
13.0139799118,80.2234420776,25728,25738,10
13.014550209,80.2241210938,25738,25748,10
13.0149402618,80.2244567871,25748,25758,10
13.0151700974,80.2247161865,25758,25768,10
13.0152597427,80.2247924805,25768,25779,11
13.0154800415,80.2249526978,25779,25789,10
13.0156698227,80.2251281738,25789,25799,10
13.0162601471,80.2253189087,25799,25809,10
13.017080307,80.2250900269,25809,25819,10
13.0179300308,80.2247467041,25819,25829,10
13.0188503265,80.2244033813,25829,25839,10
13.0196695328,80.2245025635,25839,25848,9
13.0200195313,80.2247467041,25848,25859,11
13.0204401016,80.2250595093,25859,25869,10
13.0209703445,80.2254180908,25869,25879,10
13.0214004517,80.225769043,25879,25890,11
13.0218801498,80.2260894775,25890,25900,10
13.02202034,80.2261962891,25900,25910,10
13.022359848,80.2265014648,25910,25920,10
13.0228204727,80.226890564,25920,25930,10
13.0234804153,80.2275009155,25930,25940,10
13.0241003036,80.2281036377,25940,25950,10
13.0243396759,80.2283401489,25950,25960,10
13.0244102478,80.2284164429,25960,25970,10
13.0245599747,80.2286987305,25970,25980,10
13.0247497559,80.2289962769,25980,25991,11
13.0252895355,80.2296981812,25991,26001,10
13.0258598328,80.2306518555,26001,26011,10
13.0260801315,80.2313308716,26011,26021,10
13.02684021,80.2311325073,26021,26031,10
13.0277795792,80.2309417725,26031,26041,10
13.028459549,80.2308578491,26041,26051,10
13.0286598206,80.2308425903,26051,26060,9
13.0291996002,80.230796814,26060,26071,11
13.029800415,80.2307510376,26071,26081,10
13.0306501389,80.2306976318,26081,26091,10
13.0314598083,80.2306289673,26091,26102,11
13.0326004028,80.2305374146,26102,26112,10
13.0335502625,80.23046875,26112,26122,10
13.0341796875,80.230430603,26122,26162,40
13.0341796875,80.230430603,26162,26172,10
13.0345201492,80.2303390503,26172,26182,10
13.0347099304,80.2303009033,26182,26192,10
13.0349397659,80.2302322388,26192,26203,11
13.0349597931,80.2301025391,26203,26213,10
13.0348300934,80.2300186157,26213,26223,10
13.0346403122,80.2300186157,26223,26233,10
13.0344400406,80.2300186157,26233,27686,1453
13.0341796875,80.2302780151,27686,27707,21
13.0341796875,80.2302780151,27707,27717,10
13.0337200165,80.2304229736,27717,27727,10
13.0335302353,80.230430603,27727,27737,10
13.0333299637,80.2304229736,27737,27747,10
13.0329198837,80.2304763794,27747,27757,10
13.0322599411,80.2305679321,27757,27767,10
13.0315504074,80.2306518555,27767,27777,10
13.0308799744,80.2307128906,27777,27787,10
13.0303697586,80.230758667,27787,27797,10
13.030090332,80.2307815552,27797,27808,11
13.029999733,80.230796814,27808,27818,10
13.0298995972,80.2308273315,27818,27828,10
13.0296401978,80.2308502197,27828,27838,10
13.0296297073,80.2308578491,27838,27848,10
13.029540062,80.2308578491,27848,27858,10
13.0291004181,80.2308883667,27858,27868,10
13.028429985,80.2309494019,27868,27878,10
13.0277795792,80.2310028076,27878,27888,10
13.0276899338,80.2313537598,27888,27898,10
13.0277500153,80.2317733765,27898,27908,10
13.0277996063,80.2322311401,27908,27919,11
13.0278701782,80.232749939,27919,27929,10
13.027589798,80.2328262329,27929,27959,30
13.027589798,80.2328262329,27959,27969,10
13.027179718,80.2329406738,27969,27979,10
13.0269203186,80.232963562,27979,27989,10
13.026550293,80.2329864502,27989,27999,10
13.0262699127,80.2324676514,27999,28009,10
13.0261001587,80.231842041,28009,28020,11
13.0260601044,80.2316513062,28020,28030,10
13.02602005,80.231552124,28030,28040,10
13.0259103775,80.2310562134,28040,28050,10
13.0257396698,80.2305908203,28050,28060,10
13.0254201889,80.2300491333,28060,28070,10
13.0249204636,80.2294311523,28070,28080,10
13.0245504379,80.2289810181,28080,28090,10
13.0241498947,80.2285003662,28090,28100,10
13.0239095688,80.2282333374,28100,28110,10
13.0239095688,80.2282180786,28110,28120,10
13.023900032,80.2281799316,28120,28131,11
13.0236196518,80.2278518677,28131,28141,10
13.0232400894,80.2274780273,28141,28151,10
13.0230903625,80.2273635864,28151,28161,10
13.0226898193,80.2270126343,28161,28171,10
13.022359848,80.2266998291,28171,28181,10
13.0220298767,80.2264099121,28181,28191,10
13.0218200684,80.2262115479,28191,28201,10
13.0213804245,80.2258834839,28201,28211,10
13.0208501816,80.2254486084,28211,28221,10
13.0203895569,80.2251586914,28221,28232,11
13.0202198029,80.2250518799,28232,28242,10
13.0200500488,80.2249298096,28242,28252,10
13.0196695328,80.2246932983,28252,28262,10
13.0190601349,80.2245101929,28262,28272,10
13.0183296204,80.2247161865,28272,28282,10
13.0175800323,80.2250289917,28282,28292,10
13.016869545,80.2253265381,28292,28302,10
13.0165195465,80.225479126,28302,28312,10
13.016119957,80.2256088257,28312,28322,10
13.0155601501,80.2258071899,28322,28332,10
13.0150203705,80.2260437012,28332,28343,11
13.0149803162,80.22605896,28343,28353,10
13.0149497986,80.22605896,28353,28363,10
13.0143299103,80.226272583,28363,28383,20
13.0143299103,80.226272583,28383,28393,10
13.0142202377,80.2263183594,28393,28403,10
13.0138397217,80.2264633179,28403,28413,10
13.0132598877,80.2266921997,28413,28423,10
13.012550354,80.2269897461,28423,28433,10
13.0118198395,80.2272720337,28433,28443,10
13.0110197067,80.2276000977,28443,28454,11
13.0101203918,80.2279663086,28454,28464,10
13.0093803406,80.2283096313,28464,28474,10
13.0091400146,80.2289505005,28474,28484,10
13.0090198517,80.2295913696,28484,28494,10
13.0089197159,80.2301712036,28494,28504,10
13.0088195801,80.23072052,28504,28514,10
13.0087099075,80.231338501,28514,28524,10
13.0085601807,80.2321624756,28524,28534,10
13.0084199905,80.2329025269,28534,28544,10
13.0083198547,80.2335281372,28544,28555,11
13.008310318,80.233581543,28555,28565,10
13.0082197189,80.2337875366,28565,28575,10
13.0081195831,80.234161377,28575,28585,10
13.008020401,80.2347488403,28585,28595,10
13.0079097748,80.2352905273,28595,28605,10
13.0077600479,80.2361297607,28605,28615,10
13.0075302124,80.2372817993,28615,28625,10
13.0073204041,80.2383880615,28625,28635,10
13.0071697235,80.2391204834,28635,28645,10
13.007060051,80.2397384644,28645,28655,10
13.0069599152,80.2401580811,28655,28666,11
13.0068902969,80.240737915,28666,28676,10
13.0068798065,80.2407608032,28676,28686,10
13.0068101883,80.2410812378,28686,28696,10
13.0067596436,80.2418212891,28696,28706,10
13.0067796707,80.2427597046,28706,28716,10
13.0067300797,80.2435836792,28716,28726,10
13.0067195892,80.2444076538,28726,28736,10
13.0067396164,80.2452316284,28736,28807,71
13.0067396164,80.2452316284,28807,28817,10
13.0067596436,80.2458724976,28817,28827,10
13.0067596436,80.2463226318,28827,28837,10
13.0067596436,80.2469406128,28837,28847,10
13.0067501068,80.2478485107,28847,28857,10
13.0068101883,80.2486801147,28857,28867,10
13.0069198608,80.249458313,28867,28878,11
13.0069198608,80.2496109009,28878,28888,10
13.0069198608,80.2496414185,28888,28898,10
13.0068798065,80.25,28898,28908,10
13.0068702698,80.2505111694,28908,28918,10
13.0068702698,80.2508392334,28918,28928,10
13.0068597794,80.2508773804,28928,28938,10
13.0068597794,80.2511825562,28938,28948,10
13.0067996979,80.2516326904,28948,28958,10
13.006649971,80.2523193359,28958,28968,10
13.0066099167,80.2532196045,28968,28978,10
13.0066099167,80.25415802,28978,28989,11
13.0066299438,80.2550506592,28989,28999,10
13.0066604614,80.2558517456,28999,29009,10
13.0066604614,80.2565078735,29009,29019,10
13.0066699982,80.256980896,29019,29029,10
13.0066699982,80.2572174072,29029,29039,10
13.0068502426,80.2578125,29039,29049,10
13.0072698593,80.2584228516,29049,29059,10
13.0076799393,80.2586593628,29059,29069,10
13.0076799393,80.2586669922,29069,29079,10
13.0077600479,80.2587280273,29079,29090,11
13.0081996918,80.2589111328,29090,29100,10
13.0088500977,80.2590789795,29100,29110,10
13.0095796585,80.2590789795,29110,29120,10
13.0104703903,80.2590789795,29120,29130,10
13.0114097595,80.2590637207,29130,29140,10
13.0123596191,80.2590789795,29140,29150,10
13.0134000778,80.2591323853,29150,29160,10
13.0145101547,80.2591705322,29160,29170,10
13.0156602859,80.2592926025,29170,29180,10
13.016500473,80.2596969604,29180,29231,51
13.016500473,80.2596969604,29231,29241,10
13.0166397095,80.2598571777,29241,29251,10
13.0170001984,80.2601013184,29251,29261,10
13.0175304413,80.2604675293,29261,29271,10
13.0180797577,80.260848999,29271,29281,10
13.018699646,80.2612915039,29281,29291,10
13.0192499161,80.2617721558,29291,29301,10
13.0198001862,80.2623291016,29301,29312,11
13.02023983,80.2626571655,29312,29332,20
13.02023983,80.2626571655,29332,29342,10
13.0205698013,80.2628326416,29342,29352,10
13.0212202072,80.2630233765,29352,29362,10
13.0219202042,80.2632827759,29362,29372,10
13.0222301483,80.2634277344,29372,29382,10
13.0225696564,80.2636108398,29382,29392,10
13.022939682,80.2638092041,29392,29402,10
13.0230398178,80.2638931274,29402,29412,10
13.0232400894,80.2639770508,29412,29423,11
13.0237903595,80.2642822266,29423,29433,10
13.0245199203,80.2647476196,29433,29443,10
13.0250997543,80.2651824951,29443,29453,10
13.0255899429,80.2655334473,29453,29463,10
13.026140213,80.265838623,29463,29473,10
13.0263595581,80.2655792236,29473,29483,10
13.02643013,80.2648620605,29483,29493,10
13.0264902115,80.2640991211,29493,29503,10
13.0265102386,80.2639770508,29503,29513,10
13.0265703201,80.2638931274,29513,29524,11
13.0266103745,80.2635192871,29524,29534,10
13.026889801,80.2634429932,29534,29544,10
13.0274000168,80.2635421753,29544,29554,10
13.027879715,80.2636566162,29554,29564,10
13.0283098221,80.2637786865,29564,29574,10
13.0284795761,80.2638168335,29574,29584,10
13.0289897919,80.263961792,29584,29594,10
13.0293598175,80.264251709,29594,29604,10
13.0293397903,80.2648162842,29604,29614,10
13.0293102264,80.2656173706,29614,29624,10
13.0292797089,80.2660980225,29624,29635,11
13.0292797089,80.2661972046,29635,29645,10
13.0292396545,80.2665100098,29645,29655,10
13.029540062,80.2666015625,29655,29665,10
13.0299701691,80.2666625977,29665,29675,10
13.0303297043,80.266708374,29675,29685,10
13.0310897827,80.2668380737,29685,29695,10
13.031920433,80.2671585083,29695,29705,10
13.0325403214,80.2674636841,29705,29715,10
13.0327701569,80.2676391602,29715,29725,10
13.0337400436,80.2678909302,29725,29766,41
13.0337400436,80.2678909302,29766,29776,10
13.0342102051,80.2679824829,29776,29786,10
13.0345001221,80.2679824829,29786,29826,40
13.0345802307,80.2681732178,29826,29857,31
13.0345802307,80.2681732178,29857,29867,10
13.0341796875,80.2680282593,29867,29877,10
13.0337600708,80.2679290771,29877,29887,10
13.0333499908,80.2678604126,29887,29937,50
13.0331697464,80.2677001953,29937,30200,263
13.0331602097,80.2677001953,30200,30402,202
13.0331602097,80.2677001953,30402,30412,10
13.0329704285,80.2676773071,30412,30422,10
13.0326004028,80.267578125,30422,30432,10
13.0324802399,80.2674636841,30432,30442,10
13.0321598053,80.2673187256,30442,30452,10
13.0316200256,80.2670898438,30452,30462,10
13.0310201645,80.2668609619,30462,30472,10
13.0303897858,80.266746521,30472,30482,10
13.0298204422,80.2666702271,30482,30503,21
13.0298204422,80.2666702271,30503,30513,10
13.029419899,80.2666168213,30513,30523,10
13.0290298462,80.2664413452,30523,30533,10
13.0284099579,80.2662963867,30533,30543,10
13.0278196335,80.2661895752,30543,30553,10
13.0271596909,80.2661132813,30553,30563,10
13.0265197754,80.2660675049,30563,30583,20
13.0265197754,80.2660675049,30583,30593,10
13.0263004303,80.2660217285,30593,30604,11
13.0261297226,80.265953064,30604,30614,10
13.02546978,80.2654876709,30614,30644,30
13.02546978,80.2654876709,30644,30654,10
13.0253095627,80.2653503418,30654,30664,10
13.0250501633,80.2651596069,30664,30674,10
13.0247001648,80.2649002075,30674,30684,10
13.0241098404,80.2644882202,30684,30694,10
13.0236196518,80.2641906738,30694,30705,11
13.023059845,80.2639007568,30705,30715,10
13.0225400925,80.2636413574,30715,30725,10
13.022190094,80.2634735107,30725,30735,10
13.0221796036,80.263458252,30735,30745,10
13.0220403671,80.263381958,30745,30755,10
13.0217399597,80.2632522583,30755,30765,10
13.0210895538,80.2630615234,30765,30775,10
13.0203304291,80.2630310059,30775,30785,10
13.0198097229,80.2629776001,30785,30795,10
13.0191602707,80.2629394531,30795,30805,10
13.0189399719,80.2627182007,30805,30816,11
13.0188798904,80.2622299194,30816,30826,10
13.0187902451,80.2616729736,30826,30836,10
13.0184803009,80.2611999512,30836,30846,10
13.0179004669,80.2608337402,30846,30856,10
13.0171403885,80.2603225708,30856,30866,10
13.0166101456,80.2599563599,30866,30876,10
13.0162000656,80.2597579956,30876,30886,10
13.0161399841,80.2597198486,30886,30896,10
13.0160102844,80.2596588135,30896,30906,10
13.0154800415,80.2594833374,30906,30916,10
13.0146903992,80.2593536377,30916,30927,11
13.0136699677,80.2593078613,30927,30937,10
13.0127000809,80.2592697144,30937,30947,10
13.0118398666,80.2592391968,30947,30957,10
13.0112199783,80.2592086792,30957,30967,10
13.0103902817,80.2592468262,30967,30977,10
13.0099496841,80.2592773438,30977,30987,10
13.0097904205,80.2592697144,30987,30997,10
13.0094203949,80.2592468262,30997,31007,10
13.0089502335,80.2592315674,31007,31017,10
13.0087003708,80.2592086792,31017,31028,11
13.0080404282,80.2592163086,31028,31038,10
13.0074596405,80.2592697144,31038,31048,10
13.0072498322,80.2588882446,31048,31058,10
13.0071802139,80.2587203979,31058,31068,10
13.0071601868,80.2586135864,31068,31078,10
13.0069103241,80.2581787109,31078,31088,10
13.0065402985,80.2576904297,31088,31098,10
13.0065002441,80.2570877075,31098,31108,10
13.0064897537,80.2564315796,31108,31118,10
13.0064897537,80.2556610107,31118,31128,10
13.0065202713,80.2549591064,31128,31139,11
13.0064897537,80.2540969849,31139,31149,10
13.006480217,80.2533111572,31149,31159,10
13.006480217,80.2531967163,31159,31169,10
13.0064897537,80.2531433105,31169,31179,10
13.0065002441,80.2527313232,31179,31189,10
13.0066299438,80.2518997192,31189,31239,50
13.0066299438,80.2518997192,31239,31250,11
13.0068101883,80.2516403198,31250,31260,10
13.0068101883,80.2509994507,31260,31270,10
13.0067501068,80.2500762939,31270,31280,10
13.0067195892,80.2495498657,31280,31290,10
13.0067195892,80.2492828369,31290,31300,10
13.0066795349,80.2486419678,31300,31310,10
13.0066299438,80.2480010986,31310,31320,10
13.0066404343,80.2477035522,31320,31340,20
13.0066900253,80.2475204468,31340,31361,21
13.0066900253,80.2475204468,31361,31371,10
13.0066900253,80.2473220825,31371,31381,10
13.0065803528,80.2465362549,31381,31401,20
13.0065803528,80.2465362549,31401,31411,10
13.0066404343,80.2463226318,31411,31421,10
13.0066604614,80.2456970215,31421,31431,10
13.0066604614,80.2449188232,31431,31441,10
13.0066795349,80.2444381714,31441,31451,10
13.006649971,80.2439880371,31451,31462,11
13.0066204071,80.2433166504,31462,31472,10
13.0065698624,80.2424697876,31472,31482,10
13.0065402985,80.2417373657,31482,31492,10
13.0065402985,80.2416687012,31492,31502,10
13.0065498352,80.2414627075,31502,31512,10
13.0066003799,80.2409515381,31512,31522,10
13.0067100525,80.2404327393,31522,31532,10
13.0068502426,80.2397766113,31532,31542,10
13.0070104599,80.2389984131,31542,31552,10
13.0071697235,80.2381515503,31552,31563,11
13.007399559,80.2370223999,31563,31593,30
13.007399559,80.2370223999,31593,31603,10
13.0074100494,80.2368774414,31603,31613,10
13.007519722,80.2364501953,31613,31623,10
13.0076599121,80.2358016968,31623,31633,10
13.0077600479,80.2352676392,31633,31643,10
13.0077695847,80.2351913452,31643,31653,10
13.0078201294,80.2349700928,31653,31663,10
13.0079298019,80.2344284058,31663,31674,11
13.0081100464,80.2335662842,31674,31684,10
13.0082798004,80.2326812744,31684,31694,10
13.0084600449,80.2317428589,31694,31704,10
13.008649826,80.2307662964,31704,31714,10
13.0088500977,80.2297592163,31714,31724,10
13.009059906,80.2287521362,31724,31734,10
13.0093603134,80.2277679443,31734,31744,10
13.0097999573,80.2267913818,31744,31754,10
13.0102500916,80.2259063721,31754,31764,10
13.0104799271,80.225479126,31764,31774,10
13.0106096268,80.2252120972,31774,31785,11
13.0108604431,80.2246170044,31785,31795,10
13.0111598969,80.2239303589,31795,31805,10
13.0113096237,80.2235412598,31805,31825,20
13.0113096237,80.2235412598,31825,31835,10
13.0114402771,80.2231216431,31835,31845,10
13.0117197037,80.2224273682,31845,31855,10
13.0120000839,80.2216186523,31855,31865,10
13.0123796463,80.2214431763,31865,31875,10
13.0127096176,80.2219467163,31875,31885,10
13.0131902695,80.2224807739,31885,31896,11
13.0136899948,80.2230377197,31896,31906,10
13.0141496658,80.2235794067,31906,31916,10
13.014380455,80.2240066528,31916,31926,10
13.0148696899,80.2244415283,31926,31936,10
13.0151195526,80.2246932983,31936,31946,10
13.0156097412,80.225112915,31946,31966,20
13.0156097412,80.225112915,31966,31976,10
13.0160503387,80.2253112793,31976,31986,10
13.0167503357,80.2252426147,31986,31997,11
13.0176401138,80.2248916626,31997,32007,10
13.0183897018,80.2245788574,32007,32017,10
13.0190000534,80.224357605,32017,32027,10
13.0194396973,80.2243499756,32027,32057,30
13.0194396973,80.2243499756,32057,32067,10
13.0198202133,80.2245864868,32067,32077,10
13.0202598572,80.2249221802,32077,32087,10
13.0207700729,80.2252807617,32087,32097,10
13.0211000443,80.2255706787,32097,32108,11
13.0219802856,80.2261962891,32108,32128,20
13.0219802856,80.2261962891,32128,32138,10
13.02202034,80.2262420654,32138,32148,10
13.0222597122,80.2264633179,32148,32158,10
13.0227603912,80.2268829346,32158,32168,10
13.0233001709,80.2273635864,32168,32178,10
13.0237798691,80.2277526855,32178,32188,10
13.024020195,80.2279663086,32188,32198,10
13.0240297318,80.2279815674,32198,32208,10
13.0241203308,80.2281112671,32208,32219,11
13.0243301392,80.2283935547,32219,32229,10
13.0245800018,80.228767395,32229,32239,10
13.0248098373,80.2290878296,32239,32249,10
13.0250902176,80.2294387817,32249,32259,10
13.0254402161,80.2298812866,32259,32269,10
13.0256595612,80.23021698,32269,32279,10
13.0257797241,80.2304382324,32279,32289,10
13.0259199142,80.230758667,32289,32299,10
13.0260000229,80.2311477661,32299,32350,51
13.0260000229,80.2311477661,32350,32360,10
13.0259304047,80.231338501,32360,32370,10
13.0262298584,80.2313690186,32370,32380,10
13.0269403458,80.2311477661,32380,32390,10
13.027759552,80.2309799194,32390,32400,10
13.0284900665,80.2309188843,32400,32410,10
13.0285396576,80.2309188843,32410,32420,10
13.0289402008,80.2308578491,32420,32431,11
13.029299736,80.2308120728,32431,32441,10
13.0294399261,80.2308120728,32441,32451,10
13.0298995972,80.2307815552,32451,32461,10
13.0304403305,80.2307281494,32461,32471,10
13.0308799744,80.2306900024,32471,32481,10
13.031419754,80.2306365967,32481,32491,10
13.0322198868,80.2305908203,32491,32501,10
13.0330600739,80.2305221558,32501,32511,10
13.0337400436,80.2304992676,32511,32521,10
13.0341396332,80.2304382324,32521,32531,10
13.0342798233,80.230430603,32531,32542,11
13.0346002579,80.2303695679,32542,32552,10
13.0348396301,80.2302474976,32552,32592,40
13.0348396301,80.2302474976,32592,32602,10
13.0350799561,80.2301330566,32602,32612,10
13.0351295471,80.2299118042,32612,32622,10
13.0350599289,80.2298126221,32622,32632,10
13.0348100662,80.2297592163,32632,32683,51
13.0344200134,80.2297592163,32683,32804,121
13.0343103409,80.230140686,32804,32885,81
13.0343103409,80.230140686,32885,32895,10
13.0340595245,80.2304229736,32895,32905,10
13.0336999893,80.2304229736,32905,32915,10
13.0334501266,80.23046875,32915,32945,30
13.0334501266,80.23046875,32945,32955,10
13.0331001282,80.230506897,32955,32965,10
13.0324897766,80.2305526733,32965,32976,11
13.0317201614,80.2306213379,32976,32986,10
13.0310602188,80.2306594849,32986,32996,10
13.0307703018,80.2306976318,32996,33006,10
13.0304698944,80.23072052,33006,33016,10
13.0298404694,80.2308197021,33016,33036,20
13.0298404694,80.2308197021,33036,33046,10
13.0296401978,80.2308578491,33046,33056,10
13.0291996002,80.2308807373,33056,33066,10
13.0285701752,80.23097229,33066,33077,11
13.0278396606,80.231048584,33077,33087,10
13.0277004242,80.231262207,33087,33097,10
13.0277204514,80.2317581177,33097,33107,10
13.0277996063,80.2322616577,33107,33117,10
13.0278701782,80.232711792,33117,33127,10
13.0272302628,80.2328796387,33127,33258,131
13.0272302628,80.2328796387,33258,33268,10
13.0270595551,80.233001709,33268,33278,10
13.0269804001,80.233001709,33278,33288,10
13.026720047,80.232963562,33288,33299,11
13.0263996124,80.2328033447,33299,33309,10
13.0262298584,80.2323074341,33309,33319,10
13.0260801315,80.2317199707,33319,33329,10
13.0258703232,80.2310180664,33329,33339,10
13.0255002975,80.2301712036,33339,33349,10
13.0249795914,80.2294616699,33349,33359,10
13.0246601105,80.2290725708,33359,33389,30
13.0246601105,80.2290725708,33389,33400,11
13.0246200562,80.2290420532,33400,33410,10
13.0243997574,80.2287063599,33410,33420,10
13.0240001678,80.2282485962,33420,33440,20
13.0240001678,80.2282485962,33440,33450,10
13.0239801407,80.2281417847,33450,33460,10
13.0236701965,80.2277984619,33460,33470,10
13.0232801437,80.2274169922,33470,33480,10
13.0227899551,80.2269668579,33480,33490,10
13.0221204758,80.2264099121,33490,33500,10
13.0214595795,80.2258682251,33500,33511,11
13.0208597183,80.225402832,33511,33521,10
13.0204601288,80.225151062,33521,33531,10
13.0202302933,80.2250213623,33531,33541,10
13.0198602676,80.2247619629,33541,33551,10
13.0191898346,80.2245025635,33551,33561,10
13.0183696747,80.2247085571,33561,33571,10
13.0175800323,80.2250213623,33571,33581,10
13.0168504715,80.2253417969,33581,33591,10
13.0163898468,80.2254867554,33591,33601,10
13.0159196854,80.2256393433,33601,33612,11
13.0151596069,80.2259368896,33612,33622,10
13.0141496658,80.2263565063,33622,33642,20
13.0141496658,80.2263565063,33642,33652,10
13.0141296387,80.2263793945,33652,33662,10
13.013759613,80.2265472412,33662,33672,10
13.013130188,80.2267227173,33672,33681,9
13.012430191,80.2269973755,33681,33692,11
13.0114898682,80.2273712158,33692,33702,10
13.0105800629,80.2277374268,33702,33712,10
13.0097303391,80.2280883789,33712,33723,11
13.009180069,80.2286224365,33723,33733,10
13.0090198517,80.2294311523,33733,33743,10
13.0088100433,80.2304229736,33743,33753,10
13.0086097717,80.2314300537,33753,33763,10
13.0083999634,80.2324829102,33763,33773,10
13.0082597733,80.2336196899,33773,33803,30
13.0082597733,80.2336196899,33803,33813,10
13.0081195831,80.2340011597,33813,33823,10
13.0079803467,80.2347106934,33823,33834,11
13.0077695847,80.2358322144,33834,33844,10
13.0075702667,80.236869812,33844,33854,10
13.007399559,80.2377166748,33854,33864,10
13.0072803497,80.2384719849,33864,33874,10
13.0071802139,80.2389831543,33874,33904,30
13.0071802139,80.2389831543,33904,33914,10
13.0071601868,80.2391281128,33914,33924,10
13.0070695877,80.2396392822,33924,33934,10
13.0069904327,80.2400436401,33934,34035,101
13.0069904327,80.2400436401,34035,34045,10
13.0070400238,80.2403335571,34045,34056,11
13.0069599152,80.2407073975,34056,34066,10
13.0069198608,80.2409210205,34066,34076,10
13.0068702698,80.241027832,34076,34086,10
13.0068101883,80.2415237427,34086,34096,10
13.006770134,80.2422027588,34096,34106,10
13.0067501068,80.242980957,34106,34116,10
13.0067195892,80.2437591553,34116,34126,10
13.006770134,80.2443237305,34126,34136,10
13.0067596436,80.2447433472,34136,34146,10
13.0067796707,80.2452392578,34146,34157,11
13.0067796707,80.2455978394,34157,34167,10
13.0067901611,80.2459030151,34167,34177,10
13.0067901611,80.2463226318,34177,34187,10
13.0068101883,80.2468109131,34187,34197,10
13.0067996979,80.2476119995,34197,34207,10
13.006819725,80.2484283447,34207,34217,10
13.0069303513,80.2493972778,34217,34237,20
13.0069303513,80.2493972778,34237,34247,10
13.0069599152,80.2495422363,34247,34257,10
13.006939888,80.2499389648,34257,34268,11
13.006939888,80.250541687,34268,34278,10
13.0069503784,80.2507781982,34278,34288,10
13.0069503784,80.2511978149,34288,34298,10
13.0068702698,80.2516403198,34298,34308,10
13.0067195892,80.2523269653,34308,34318,10
13.0066699982,80.2532119751,34318,34328,10
13.0066699982,80.2540969849,34328,34338,10
13.0066795349,80.2549133301,34338,34358,20
13.0066795349,80.2549133301,34358,34368,10
13.0066299438,80.2552108765,34368,34379,11
13.0066699982,80.2559814453,34379,34389,10
13.0067300797,80.256652832,34389,34449,60
13.0067300797,80.256652832,34449,34459,10
13.0068101883,80.2571411133,34459,34469,10
13.006939888,80.2576828003,34469,34480,11
13.0071802139,80.2581710815,34480,34490,10
13.0075397491,80.2585067749,34490,34500,10
13.0076999664,80.2585983276,34500,34510,10
13.0077400208,80.2586364746,34510,34520,10
13.0080299377,80.2587890625,34520,34530,10
13.0085697174,80.2589874268,34530,34540,10
13.0088596344,80.2590408325,34540,34550,10
13.0091495514,80.2590637207,34550,34560,10
13.0098400116,80.2590637207,34560,34570,10
13.0105695724,80.2590637207,34570,34580,10
13.0113601685,80.2590484619,34580,34591,11
13.012339592,80.2590637207,34591,34601,10
13.0133895874,80.2591094971,34601,34611,10
13.01445961,80.2591400146,34611,34621,10
13.0155096054,80.2592163086,34621,34631,10
13.0162096024,80.2594909668,34631,34641,10
13.016289711,80.2595596313,34641,34651,10
13.0163698196,80.2596435547,34651,34661,10
13.0165395737,80.2597732544,34661,34671,10
13.0166902542,80.2599334717,34671,34681,10
13.0170202255,80.2601165771,34681,34691,10
13.0172996521,80.260307312,34691,34702,11
13.0176095963,80.2605209351,34702,34712,10
13.0179100037,80.2607421875,34712,34722,10
13.0183000565,80.2610168457,34722,34732,10
13.0187797546,80.2613677979,34732,34742,10
13.0192298889,80.2617416382,34742,34752,10
13.0195398331,80.262008667,34752,34762,10
13.019949913,80.2624435425,34762,34772,10
13.0201196671,80.2625732422,34772,34782,10
13.0202703476,80.2626495361,34782,34792,10
13.0207700729,80.2628631592,34792,34803,11
13.0216197968,80.2631530762,34803,34813,10
13.0220899582,80.2633590698,34813,34823,10
13.022600174,80.2635879517,34823,34833,10
13.0229301453,80.2638168335,34833,34843,10
13.0230998993,80.263923645,34843,34853,10
13.0236101151,80.2641830444,34853,34863,10
13.0242996216,80.2645721436,34863,34873,10
13.0248003006,80.2649383545,34873,34883,10
13.0252103806,80.2652587891,34883,34893,10
13.0257301331,80.2655715942,34893,34903,10
13.0262699127,80.2658615112,34903,34914,11
13.0263996124,80.2653579712,34914,34924,10
13.0264797211,80.2645721436,34924,34934,10
13.0265302658,80.2640762329,34934,34944,10
13.0265398026,80.2639770508,34944,34954,10
13.026599884,80.2634506226,34954,34964,10
13.0269804001,80.2634124756,34964,34974,10
13.0276699066,80.2636032104,34974,34984,10
13.0282001495,80.2637405396,34984,34994,10
13.028260231,80.2637634277,34994,35004,10
13.0286102295,80.2638473511,35004,35014,10
13.0291700363,80.263961792,35014,35025,11
13.0293703079,80.2642593384,35025,35035,10
13.0293502808,80.2647705078,35035,35045,10
13.0293903351,80.2654800415,35045,35055,10
13.0293397903,80.2659072876,35055,35065,10
13.0293102264,80.2659835815,35065,35075,10
13.0292596817,80.2663192749,35075,35095,20
13.0292596817,80.2663192749,35095,35105,10
13.029419899,80.2665405273,35105,35115,10
13.0297403336,80.2665863037,35115,35125,10
13.0302801132,80.2666473389,35125,35136,11
13.0311403275,80.2668380737,35136,35146,10
13.0320100784,80.2671585083,35146,35156,10
13.0326595306,80.2674789429,35156,35166,10
13.0331401825,80.2677001953,35166,35176,10
13.0334396362,80.2677764893,35176,35196,20
13.0334396362,80.2677764893,35196,35206,10
13.0337696075,80.2678985596,35206,35216,10
13.034040451,80.2679519653,35216,35226,10
13.0343198776,80.2680130005,35226,35247,21
13.0343198776,80.2680130005,35247,35257,10
13.0345602036,80.2681427002,35257,35297,40
13.0345602036,80.2681427002,35297,35307,10
13.0340003967,80.2679367065,35307,35317,10
13.0334396362,80.2678604126,35317,36569,1252
13.0332202911,80.2677612305,36569,36589,20
13.0332202911,80.2677612305,36589,36599,10
13.0330696106,80.2677536011,36599,36609,10
13.0327396393,80.2676391602,36609,36619,10
13.0326404572,80.2675323486,36619,36629,10
13.0322303772,80.2673416138,36629,36639,10
13.031709671,80.2670898438,36639,36650,11
13.0314598083,80.266998291,36650,36660,10
13.0308599472,80.2667999268,36660,36670,10
13.0298700333,80.2666168213,36670,36700,30
13.0294103622,80.2665863037,36700,36720,20
13.0294103622,80.2665863037,36720,36730,10
13.0292396545,80.2665023804,36730,36740,10
13.0286998749,80.2663497925,36740,36750,10
13.0280103683,80.2662200928,36750,36761,11
13.0274295807,80.2661437988,36761,36771,10
13.0269298553,80.2660522461,36771,36781,10
13.0264396667,80.2659606934,36781,36801,20
13.0264396667,80.2659606934,36801,36811,10
13.026260376,80.26587677,36811,36821,10
13.0258302689,80.265663147,36821,36831,10
13.0253000259,80.2653579712,36831,36841,10
13.0252895355,80.2653503418,36841,36851,10
13.0251598358,80.2652511597,36851,36862,11
13.0246801376,80.2649002075,36862,36872,10
13.0239896774,80.2644195557,36872,36882,10
13.0232801437,80.2640228271,36882,36892,10
13.0221395493,80.2634124756,36892,36912,20
13.0221395493,80.2634124756,36912,36922,10
13.0219497681,80.2633132935,36922,36932,10
13.0214996338,80.263130188,36932,36942,10
13.0206699371,80.2630233765,36942,36952,10
13.0199804306,80.2629623413,36952,36962,10
13.0192804337,80.2629089355,36962,36973,11
13.0189399719,80.2626419067,36973,36983,10
13.0188398361,80.2618484497,36983,36993,10
13.0185203552,80.2611923218,36993,37003,10
13.0178804398,80.2608032227,37003,37013,10
13.0171604156,80.2602996826,37013,37023,10
13.0160503387,80.2596817017,37023,37043,20
13.0160503387,80.2596817017,37043,37053,10
13.0157899857,80.2595367432,37053,37063,10
13.0151596069,80.2593612671,37063,37073,10
13.014380455,80.2593002319,37073,37084,11
13.0133800507,80.2592468262,37084,37094,10
13.0124397278,80.2592163086,37094,37104,10
13.0115098953,80.2591781616,37104,37114,10
13.0107402802,80.2591934204,37114,37124,10
13.0099897385,80.2592163086,37124,37134,10
13.0098896027,80.2592163086,37134,37144,10
13.0095901489,80.2592163086,37144,37154,10
13.0089998245,80.2591934204,37154,37164,10
13.0087099075,80.2592010498,37164,37174,10
13.008190155,80.2591781616,37174,37185,11
13.0075702667,80.2593383789,37185,37195,10
13.0072002411,80.258682251,37195,37215,20
13.0072002411,80.258682251,37215,37225,10
13.0070495605,80.2583618164,37225,37235,10
13.0066900253,80.2578811646,37235,37306,71
13.0066900253,80.2578811646,37306,37316,10
13.0065498352,80.2573013306,37316,37326,10
13.0065698624,80.256942749,37326,37336,10
13.0065498352,80.2563400269,37336,37346,10
13.0065402985,80.2555084229,37346,37356,10
13.0065603256,80.2547073364,37356,37365,9
13.0065202713,80.2531433105,37365,37386,21
13.0065202713,80.2531433105,37386,37396,10
13.006529808,80.2530288696,37396,37407,11
13.0065402985,80.2524719238,37407,37417,10
13.0066995621,80.2516098022,37417,37427,10
13.0067596436,80.25050354,37427,37437,10
13.0067396164,80.2496414185,37437,37447,10
13.0067396164,80.2495422363,37447,37457,10
13.0067195892,80.2491912842,37457,37467,10
13.0066795349,80.2485961914,37467,37477,10
13.0066404343,80.2481536865,37477,37487,10
13.0066404343,80.2481231689,37487,37497,10
13.0066299438,80.2478790283,37497,37507,10
13.0066404343,80.247467041,37507,37518,11
13.0065603256,80.2465896606,37518,37538,20
13.0065603256,80.2465896606,37538,37548,10
13.0066204071,80.2462921143,37548,37558,10
13.0066299438,80.2456207275,37558,37568,10
13.0066299438,80.2446975708,37568,37578,10
13.0066299438,80.2435836792,37578,37588,10
13.0065803528,80.242477417,37588,37598,10
13.0065498352,80.2416534424,37598,37608,10
13.0065498352,80.2415771484,37608,37619,11
13.0065898895,80.2412414551,37619,37629,10
13.0066404343,80.2407608032,37629,37639,10
13.0067195892,80.2404174805,37639,37649,10
13.0068397522,80.2399215698,37649,37659,10
13.0069799423,80.239112854,37659,37669,10
13.0071697235,80.2381210327,37669,37679,10
13.0073699951,80.2371902466,37679,37689,10
13.007399559,80.2368392944,37689,37699,10
13.007399559,80.2368392944,37699,37709,10
13.0074100494,80.2367782593,37709,37719,10
13.0074796677,80.236541748,37719,37730,11
13.007610321,80.2359695435,37730,37740,10
13.0077695847,80.2352523804,37740,37750,10
13.0079698563,80.234336853,37750,37760,10
13.0082101822,80.2331390381,37760,37770,10
13.008480072,80.2317504883,37770,37779,9
13.0087099075,80.2305603027,37779,37790,11
13.0089902878,80.2291564941,37790,37800,10
13.0092601776,80.2280197144,37800,37810,10
13.0097703934,80.226890564,37810,37820,10
13.0104598999,80.2253799438,37820,37830,10
13.0109596252,80.2243423462,37830,37841,11
13.0113401413,80.2233886719,37841,37851,10
13.0116796494,80.2225189209,37851,37861,10
13.0119600296,80.2217025757,37861,37871,10
13.0120897293,80.2214126587,37871,37881,10
13.012339592,80.2213821411,37881,37891,10
13.0126199722,80.2218017578,37891,37901,10
13.012960434,80.2222366333,37901,37911,10
13.0133399963,80.22265625,37911,37921,10
13.0137996674,80.2231826782,37921,37931,10
13.0141601563,80.2236404419,37931,37941,10
13.0145702362,80.2241210938,37941,37952,11
13.0149097443,80.2244186401,37952,37962,10
13.014960289,80.2244567871,37962,37972,10
13.015130043,80.2246322632,37972,37982,10
13.0151596069,80.2246627808,37982,37992,10
13.0153398514,80.2248306274,37992,38002,10
13.0155000687,80.224937439,38002,38012,10
13.0156097412,80.2250137329,38012,38022,10
13.0160703659,80.2253036499,38022,38032,10
13.0166902542,80.2252197266,38032,38042,10
13.017250061,80.2249832153,38042,38053,11
13.0177898407,80.2247619629,38053,38063,10
13.0185003281,80.2244796753,38063,38073,10
13.0191001892,80.2242889404,38073,38083,10
13.0195999146,80.2243804932,38083,38093,10
13.0198802948,80.2245788574,38093,38103,10
13.0202598572,80.2248916626,38103,38113,10
13.0207500458,80.225227356,38113,38123,10
13.021229744,80.2256011963,38123,38133,10
13.0216302872,80.2258987427,38133,38143,10
13.021900177,80.2260665894,38143,38164,21
13.021900177,80.2260665894,38164,38174,10
13.022190094,80.2262878418,38174,38184,10
13.0223999023,80.2264785767,38184,38194,10
13.0224599838,80.2265777588,38194,38204,10
13.0226297379,80.2267074585,38204,38214,10
13.0227804184,80.2268676758,38214,38224,10
13.0229597092,80.2270584106,38224,38234,10
13.0231199265,80.2272109985,38234,38244,10
13.0233001709,80.2274017334,38244,38254,10
13.0238800049,80.2278900146,38254,38295,41
13.0238800049,80.2278900146,38295,38305,10
13.0241203308,80.2280807495,38305,38315,10
13.0242595673,80.2282791138,38315,38325,10
13.024430275,80.2285232544,38325,38335,10
13.0246496201,80.2288208008,38335,38345,10
13.0248203278,80.2290725708,38345,38355,10
13.0250797272,80.2294235229,38355,38365,10
13.0254802704,80.229927063,38365,38376,11
13.0257101059,80.23021698,38376,38406,30
13.0257101059,80.23021698,38406,38416,10
13.0258798599,80.2305908203,38416,38426,10
13.0259799957,80.2308731079,38426,38436,10
13.02602005,80.2311172485,38436,38446,10
13.0262403488,80.2312774658,38446,38456,10
13.0268602371,80.2311401367,38456,38466,10
13.0275297165,80.2309875488,38466,38476,10
13.028169632,80.2309036255,38476,38487,11
13.0283699036,80.2308731079,38487,38497,10
13.0285100937,80.2308578491,38497,38507,10
13.0290298462,80.2308273315,38507,38517,10
13.0293903351,80.230796814,38517,38527,10
13.02987957,80.230758667,38527,38537,10
13.0304899216,80.2307128906,38537,38547,10
13.0309896469,80.2306594849,38547,38557,10
13.0317697525,80.2305984497,38557,38567,10
13.0322904587,80.2305679321,38567,38577,10
13.0327796936,80.2305221558,38577,38608,31
13.0327796936,80.2305221558,38608,38618,10
13.0330600739,80.2305221558,38618,38628,10
13.0333404541,80.2304992676,38628,38638,10
13.0334396362,80.2304992676,38638,38648,10
13.0335302353,80.230506897,38648,38658,10
13.0338001251,80.2304916382,38658,38668,10
13.0340900421,80.2304611206,38668,38678,10
13.0343599319,80.230430603,38678,38688,10
13.0348596573,80.2302017212,38688,38719,31
13.0348596573,80.2302017212,38719,38729,10
13.0348796844,80.2299575806,38729,38739,10
13.0346498489,80.2299880981,38739,38810,71
13.0346498489,80.2299880981,38810,38820,10
13.0342702866,80.2300796509,38820,39748,928
13.0342702866,80.2300796509,39748,39758,10
13.0340795517,80.2304077148,39758,39768,10
13.0338001251,80.2304382324,39768,39778,10
13.0334196091,80.2304382324,39778,39789,11
13.0331802368,80.23046875,39789,39799,10
13.0325298309,80.2305831909,39799,39809,10
13.0317401886,80.2306365967,39809,39819,10
13.0313596725,80.230682373,39819,39829,10
13.0311203003,80.2306671143,39829,39839,10
13.0308198929,80.2307128906,39839,39849,10
13.0308103561,80.23072052,39849,39859,10
13.0304203033,80.230758667,39859,39869,10
13.0299596786,80.230796814,39869,39879,10
13.0298595428,80.2308197021,39879,39889,10
13.0297203064,80.2308197021,39889,39900,11
13.029129982,80.2308807373,39900,39910,10
13.0283899307,80.2309494019,39910,39920,10
13.0277996063,80.2310028076,39920,39930,10
13.0277004242,80.2313537598,39930,39940,10
13.0277795792,80.2321777344,39940,40011,71
13.0277795792,80.2321777344,40011,40021,10
13.0278301239,80.2325286865,40021,40031,10
13.0277996063,80.2328262329,40031,40041,10
13.0272598267,80.2329101563,40041,40051,10
13.0266704559,80.2330474854,40051,40142,91
13.0266704559,80.2330474854,40142,40152,10
13.0266103745,80.2330932617,40152,40162,10
13.0263299942,80.2328567505,40162,40172,10
13.0261297226,80.2321624756,40172,40182,10
13.0258798599,80.2312469482,40182,40192,10
13.0254201889,80.2302017212,40192,40202,10
13.0248203278,80.2293777466,40202,40212,10
13.0244102478,80.228843689,40212,40223,11
13.0239801407,80.2283172607,40223,40233,10
13.0239095688,80.2282485962,40233,40243,10
13.0237998962,80.2280883789,40243,40253,10
13.0236701965,80.2279510498,40253,40263,10
13.0234203339,80.2276992798,40263,40273,10
13.0233402252,80.2276077271,40273,40283,10
13.023059845,80.2273406982,40283,40293,10
13.0226802826,80.2269973755,40293,40303,10
13.0225200653,80.2268371582,40303,40313,10
13.0220298767,80.2264175415,40313,40323,10
13.0213003159,80.2258224487,40323,40334,11
13.020359993,80.2251205444,40334,40344,10
13.0198402405,80.2247467041,40344,40364,20
13.0198402405,80.2247467041,40364,40374,10
13.019780159,80.2247390747,40374,40384,10
13.019370079,80.2245178223,40384,40394,10
13.0185098648,80.2246017456,40394,40404,10
13.0174102783,80.2250518799,40404,40414,10
13.0164403915,80.2254562378,40414,40424,10
13.0155601501,80.225769043,40424,40434,10
13.014840126,80.2260437012,40434,40445,11
13.014380455,80.2262573242,40445,40455,10
13.0143299103,80.226272583,40455,40465,10
13.01404953,80.2263717651,40465,40475,10
13.0134096146,80.2266082764,40475,40485,10
13.0125904083,80.2269287109,40485,40495,10
13.0119800568,80.227142334,40495,40505,10
13.0111904144,80.2274475098,40505,40515,10
13.0102596283,80.2278366089,40515,40525,10
13.0093402863,80.2282791138,40525,40535,10
13.0090198517,80.2291488647,40535,40545,10
13.0087900162,80.2303390503,40545,40556,11
13.0085601807,80.2315826416,40556,40566,10
13.0083599091,80.2326278687,40566,40576,10
13.0082902908,80.2332229614,40576,40586,10
13.0082302094,80.233581543,40586,40596,10
13.0081596375,80.2337188721,40596,40606,10
13.0080699921,80.2341537476,40606,40616,10
13.0079898834,80.2345581055,40616,40626,10
13.0079498291,80.2347412109,40626,40636,10
13.0078897476,80.234992981,40636,40646,10
13.0077896118,80.2355194092,40646,40657,11
13.0076303482,80.2363586426,40657,40667,10
13.0074396133,80.2372970581,40667,40677,10
13.0072603226,80.2383117676,40677,40687,10
13.0070896149,80.2392883301,40687,40697,10
13.0069704056,80.2401199341,40697,40808,111
13.0069704056,80.2401199341,40808,40818,10
13.0069599152,80.2406005859,40818,40828,10
13.0068798065,80.2408905029,40828,40838,10
13.0068397522,80.2409591675,40838,40848,10
13.0067796707,80.2414398193,40848,40858,10
13.0067596436,80.2422485352,40858,40868,10
13.0067396164,80.2428283691,40868,40879,11
13.0067195892,80.243057251,40879,40889,10
13.0067195892,80.2430725098,40889,40899,10
13.0066995621,80.2433929443,40899,40909,10
13.0066900253,80.2436523438,40909,40919,10
13.0067100525,80.2441177368,40919,40929,10
13.0067195892,80.2445907593,40929,40939,10
13.0066900253,80.2450485229,40939,40949,10
13.0066995621,80.2454299927,40949,40969,20
13.0066995621,80.2454299927,40969,40979,10
13.0067300797,80.2457580566,40979,40990,11
13.0067300797,80.2461700439,40990,41000,10
13.0067396164,80.2467803955,41000,41010,10
13.0066900253,80.2476196289,41010,41020,10
13.0067195892,80.2484664917,41020,41030,10
13.0068597794,80.249382019,41030,41040,10
13.0068702698,80.2495803833,41040,41050,10
13.0068998337,80.2496566772,41050,41060,10
13.0068702698,80.2501296997,41060,41070,10
13.0068101883,80.251449585,41070,41121,51
13.0068101883,80.251449585,41121,41131,10
13.0066604614,80.2519836426,41131,41141,10
13.0065402985,80.2527618408,41141,41151,10
13.006529808,80.2537231445,41151,41161,10
13.0065803528,80.2546691895,41161,41171,10
13.0065898895,80.2555389404,41171,41181,10
13.0066299438,80.2563323975,41181,41191,10
13.006649971,80.2568817139,41191,41201,10
13.0066604614,80.2571411133,41201,41212,11
13.0067100525,80.2575073242,41212,41222,10
13.0069704056,80.2580566406,41222,41232,10
13.0075597763,80.2585372925,41232,41242,10
13.0076999664,80.2585983276,41242,41252,10
13.0078201294,80.2586288452,41252,41262,10
13.0081996918,80.2587966919,41262,41272,10
13.0087499619,80.2589797974,41272,41282,10
13.0094003677,80.2590179443,41282,41292,10
13.0102100372,80.2590637207,41292,41302,10
13.0111398697,80.2590637207,41302,41312,10
13.0122699738,80.2590637207,41312,41323,11
13.013710022,80.2591171265,41323,41333,10
13.0149698257,80.2591705322,41333,41343,10
13.0163402557,80.2595901489,41343,41373,30
13.0163402557,80.2595901489,41373,41383,10
13.0163803101,80.2596435547,41383,41393,10
13.0166196823,80.2598419189,41393,41403,10
13.0167102814,80.2599105835,41403,41412,9
13.016960144,80.2600479126,41412,41424,12
13.0174999237,80.2604217529,41424,41434,10
13.0180702209,80.2608184814,41434,41444,10
13.0186901093,80.2612304688,41444,41454,10
13.0192203522,80.2616882324,41454,41464,10
13.0197000504,80.2621536255,41464,41474,10
13.0201702118,80.2625427246,41474,41484,10
13.02023983,80.2626190186,41484,41494,10
13.02064991,80.2627868652,41494,41504,10
13.0213804245,80.2630386353,41504,41514,10
13.0218801498,80.2632598877,41514,41524,10
13.0221300125,80.2633895874,41524,41535,11
13.0228996277,80.2637405396,41535,41565,30
13.0228996277,80.2637405396,41565,41575,10
13.0232496262,80.2639389038,41575,41585,10
13.0237798691,80.2642364502,41585,41595,10
13.0244197845,80.2646408081,41595,41605,10
13.0248003006,80.2649230957,41605,41615,10
13.0253696442,80.2653198242,41615,41625,10
13.025970459,80.2656936646,41625,41635,10
13.0263004303,80.2657012939,41635,41646,11
13.0263395309,80.2651977539,41646,41656,10
13.0264101028,80.2647476196,41656,41666,10
13.0264797211,80.2641983032,41666,41686,20
13.0264797211,80.2641983032,41686,41696,10
13.0265302658,80.2637786865,41696,41706,10
13.0267496109,80.2634124756,41706,41716,10
13.0272903442,80.2634811401,41716,41726,10
13.0282802582,80.2637634277,41726,41746,20
13.0282802582,80.2637634277,41746,41757,11
13.0286998749,80.2638778687,41757,41767,10
13.0291404724,80.263961792,41767,41777,10
13.0292701721,80.2641372681,41777,41787,10
13.029299736,80.2643814087,41787,41797,10
13.0293197632,80.2645721436,41797,41807,10
13.029299736,80.2649230957,41807,41817,10
13.0293302536,80.2654418945,41817,41827,10
13.0292901993,80.2659378052,41827,41837,10
13.0292797089,80.2659606934,41837,41847,10
13.0292396545,80.2661819458,41847,41857,10
13.0291996002,80.2664413452,41857,41878,21
13.0291996002,80.2664413452,41878,41888,10
13.029589653,80.2665786743,41888,41898,10
13.0299301147,80.2665863037,41898,41908,10
13.0304098129,80.2666168213,41908,41918,10
13.0312099457,80.2668380737,41918,41928,10
13.0319299698,80.2671127319,41928,41938,10
13.0324201584,80.2673416138,41938,41948,10
13.0330400467,80.2676620483,41948,41958,10
13.0338201523,80.2678604126,41958,42039,81
13.0338201523,80.2678604126,42039,42049,10
13.034239769,80.2679595947,42049,42059,10
13.0345602036,80.2679901123,42059,42100,41
13.0345602036,80.2679901123,42100,42110,10
13.0342702866,80.2680664063,42110,42130,20
13.0342702866,80.2680664063,42130,42140,10
13.0340595245,80.2679977417,42140,42150,10
13.033659935,80.2679367065,42150,42160,10
13.0333795547,80.2678985596,42160,42342,182
13.0331497192,80.267616272,42342,42816,474
13.0331497192,80.267616272,42816,42826,10
13.0329999924,80.2677612305,42826,42837,11
13.0326595306,80.2676391602,42837,42847,10
13.0325899124,80.2675018311,42847,42857,10
13.0321397781,80.2673187256,42857,42867,10
13.0315999985,80.2670669556,42867,42877,10
13.0309095383,80.2668609619,42877,42887,10
13.0304002762,80.2667388916,42887,42897,10
13.0301799774,80.2667236328,42897,42907,10
13.0299501419,80.2666931152,42907,42927,20
13.0299501419,80.2666931152,42927,42937,10
13.0297203064,80.2666320801,42937,42948,11
13.0294303894,80.2665863037,42948,42958,10
13.0292396545,80.2665176392,42958,42968,10
13.0290298462,80.2664337158,42968,42978,10
13.0283699036,80.2663116455,42978,42988,10
13.0278100967,80.2662200928,42988,42998,10
13.0271596909,80.2661590576,42998,43008,10
13.0264501572,80.2660522461,43008,43018,10
13.0259599686,80.2658233643,43018,43028,10
13.0254898071,80.2654571533,43028,43038,10
13.0252304077,80.2653198242,43038,43069,31
13.0252304077,80.2653198242,43069,43079,10
13.0249595642,80.2650985718,43079,43089,10
13.0246400833,80.2648162842,43089,43099,10
13.0240001678,80.2643966675,43099,43109,10
13.0234003067,80.2640380859,43109,43119,10
13.0224599838,80.263633728,43119,43139,20
13.0224599838,80.263633728,43139,43149,10
13.022069931,80.2634429932,43149,43170,21
13.022069931,80.2634429932,43170,43180,10
13.0217103958,80.2632293701,43180,43190,10
13.0210399628,80.2630691528,43190,43200,10
13.0203104019,80.2630233765,43200,43210,10
13.0198001862,80.2629776001,43210,43220,10
13.019200325,80.2629318237,43220,43230,10
13.0189304352,80.2626495361,43230,43240,10
13.018819809,80.2619171143,43240,43250,10
13.0186100006,80.2612762451,43250,43260,10
13.0181999207,80.2610702515,43260,43270,10
13.0176696777,80.2606887817,43270,43281,11
13.0168199539,80.2601165771,43281,43291,10
13.0160102844,80.2597122192,43291,43321,30
13.0160102844,80.2597122192,43321,43331,10
13.0157604218,80.2595901489,43331,43341,10
13.0151700974,80.2594070435,43341,43351,10
13.0143699646,80.2593383789,43351,43361,10
13.0135297775,80.2593078613,43361,43371,10
13.0124502182,80.259262085,43371,43381,10
13.011300087,80.2592086792,43381,43392,11
13.010310173,80.259262085,43392,43402,10
13.0095701218,80.2592391968,43402,43412,10
13.008890152,80.2591934204,43412,43422,10
13.0085802078,80.2591705322,43422,43432,10
13.0079803467,80.2592163086,43432,43442,10
13.007349968,80.259147644,43442,43452,10
13.0072002411,80.2588577271,43452,43462,10
13.0071401596,80.2586669922,43462,43472,10
13.006939888,80.2582778931,43472,43482,10
13.0067300797,80.2578811646,43482,43503,21
13.0067300797,80.2578811646,43503,43513,10
13.0065402985,80.2575836182,43513,43523,10
13.0063896179,80.2572402954,43523,43533,10
13.006360054,80.2567901611,43533,43543,10
13.006360054,80.2562179565,43543,43553,10
13.0064496994,80.2554702759,43553,43563,10
13.0065002441,80.2548294067,43563,43573,10
13.0065402985,80.2541275024,43573,43583,10
13.0065803528,80.2535018921,43583,43592,9
13.0065898895,80.2533798218,43592,43604,12
13.0065803528,80.253288269,43604,43614,10
13.0065803528,80.252822876,43614,43624,10
13.0066099167,80.2518920898,43624,43715,91
13.0066099167,80.2518920898,43715,43725,10
13.0066795349,80.2515487671,43725,43735,10
13.0067195892,80.2509384155,43735,43745,10
13.0067901611,80.2496566772,43745,43765,20
13.0067901611,80.2496566772,43765,43775,10
13.006819725,80.249130249,43775,43785,10
13.0067796707,80.2489929199,43785,43795,10
13.0067300797,80.2486877441,43795,43805,10
13.0066900253,80.2483596802,43805,43815,10
13.0066604614,80.2479400635,43815,43987,172
13.0066604614,80.2479400635,43987,43997,10
13.0065002441,80.2476272583,43997,44017,20
13.0065002441,80.2476272583,44017,44027,10
13.006529808,80.2474594116,44027,44038,11
13.0065803528,80.247177124,44038,44048,10
13.0065698624,80.2464675903,44048,44068,20
13.0065698624,80.2464675903,44068,44078,10
13.0065803528,80.2462921143,44078,44088,10
13.0065698624,80.2456665039,44088,44098,10
13.0065402985,80.2449035645,44098,44108,10
13.0065803528,80.2443618774,44108,44118,10
13.0066003799,80.2438278198,44118,44128,10
13.0065698624,80.2429962158,44128,44138,10
13.0065402985,80.2419891357,44138,44149,11
13.0065803528,80.2416610718,44149,44159,10
13.0066099167,80.2412872314,44159,44169,10
13.0067501068,80.2407836914,44169,44179,10
13.0069103241,80.2401885986,44179,44189,10
13.006939888,80.2394332886,44189,44199,10
13.0070800781,80.2384567261,44199,44209,10
13.0072603226,80.2376937866,44209,44219,10
13.0073699951,80.2369995117,44219,44229,10
13.0074195862,80.2366867065,44229,44239,10
13.0074195862,80.2366485596,44239,44249,10
13.0075397491,80.2362365723,44249,44260,11
13.0077199936,80.235496521,44260,44270,10
13.007809639,80.2351837158,44270,44280,10
13.007900238,80.2347488403,44280,44290,10
13.0080404282,80.2339477539,44290,44300,10
13.0082597733,80.2328109741,44300,44310,10
13.0085296631,80.2314376831,44310,44320,10
13.0087900162,80.2300109863,44320,44330,10
13.0090799332,80.2285690308,44330,44340,10
13.0095996857,80.2272262573,44340,44350,10
13.0101099014,80.2260971069,44350,44360,10
13.0105495453,80.2252731323,44360,44371,11
13.0108995438,80.2243423462,44371,44381,10
13.0111303329,80.2235412598,44381,44391,10
13.0114898682,80.2227935791,44391,44401,10
13.0118999481,80.2219009399,44401,44411,10
13.0122804642,80.2214508057,44411,44421,10
13.0125303268,80.2217407227,44421,44431,10
13.0129899979,80.2223434448,44431,44441,10
13.013710022,80.2231063843,44441,44451,10
13.0142402649,80.2238464355,44451,44461,10
13.0149402618,80.2245025635,44461,44471,10
13.0154600143,80.2249526978,44471,44482,11
13.0156402588,80.2250823975,44482,44492,10
13.0157299042,80.2251663208,44492,44502,10
13.0162000656,80.2253570557,44502,44512,10
13.0169095993,80.225189209,44512,44522,10
13.0176200867,80.2248764038,44522,44532,10
13.0183401108,80.2245864868,44532,44542,10
13.0192403793,80.224357605,44542,44552,10
13.0197000504,80.2245025635,44552,44572,20
13.0197000504,80.2245025635,44572,44583,11
13.0199298859,80.2247161865,44583,44593,10
13.0203199387,80.2250137329,44593,44603,10
13.0208797455,80.225402832,44603,44613,10
13.0214796066,80.2258834839,44613,44623,10
13.0220098495,80.2262115479,44623,44633,10
13.0220298767,80.2262268066,44633,44643,10
13.0220804214,80.2262878418,44643,44653,10
13.0222997665,80.2265090942,44653,44663,10
13.0226297379,80.2267990112,44663,44673,10
13.0232095718,80.2273635864,44673,44683,10
13.0238704681,80.2279510498,44683,44694,11
13.0242395401,80.2283630371,44694,44704,10
13.0245304108,80.228767395,44704,44714,10
13.0248498917,80.2292175293,44714,44724,10
13.0252799988,80.2297592163,44724,44734,10
13.0256700516,80.2303390503,44734,44744,10
13.0258598328,80.2306518555,44744,44754,10
13.0258998871,80.2308807373,44754,44774,20
13.0258998871,80.2308807373,44774,44784,10
13.0259895325,80.2312469482,44784,44794,10
13.026309967,80.2312698364,44794,44805,11
13.0271997452,80.2310562134,44805,44815,10
13.0284404755,80.2309188843,44815,44835,20
13.0284404755,80.2309188843,44835,44845,10
13.0286102295,80.2309417725,44845,44855,10
13.0293102264,80.2308731079,44855,44885,30
13.0293102264,80.2308731079,44885,44895,10
13.0295095444,80.2308578491,44895,44905,10
13.0299100876,80.2308120728,44905,44916,11
13.030380249,80.2307434082,44916,44926,10
13.0305595398,80.2307281494,44926,44936,10
13.0309801102,80.2306976318,44936,44946,10
13.0317401886,80.2306289673,44946,44956,10
13.0325803757,80.2305526733,44956,44966,10
13.0335302353,80.2304763794,44966,44976,10
13.0341796875,80.2304534912,44976,44986,10
13.0345897675,80.2303619385,44986,45057,71
13.0345897675,80.2303619385,45057,45067,10
13.0348501205,80.2302780151,45067,45077,10
13.0349998474,80.2301635742,45077,45087,10
13.0350799561,80.2300033569,45087,45097,10
13.0350599289,80.229888916,45097,45107,10
13.0347995758,80.2298202515,45107,45309,202
13.0343904495,80.2298126221,45309,45420,111
13.0343904495,80.2298126221,45420,45430,10
13.0341796875,80.2301635742,45430,45440,10
13.0340995789,80.2303619385,45440,45461,21
13.0340995789,80.2303619385,45461,45471,10
13.0335702896,80.2304382324,45471,45491,20
13.0335702896,80.2304382324,45491,45501,10
13.0332202911,80.2304611206,45501,45511,10
13.0325698853,80.2305297852,45511,45521,10
13.0317497253,80.2306365967,45521,45531,10
13.0309200287,80.23072052,45531,45541,10
13.0302696228,80.2307815552,45541,45551,10
13.0297603607,80.2308425903,45551,45562,11
13.0296697617,80.2308807373,45562,45572,10
13.0291996002,80.2308807373,45572,45582,10
13.0285396576,80.2309188843,45582,45592,10
13.0278100967,80.2309570313,45592,45602,10
13.0276403427,80.2311401367,45602,45612,10
13.0276203156,80.231628418,45612,45622,10
13.0276498795,80.2321395874,45622,45632,10
13.0277700424,80.2326889038,45632,45642,10
13.0274200439,80.2328796387,45642,45652,10
13.0268297195,80.2329788208,45652,45703,51
13.0268297195,80.2329788208,45703,45713,10
13.026599884,80.233039856,45713,45723,10
13.0263204575,80.2328567505,45723,45733,10
13.0261602402,80.2322235107,45733,45743,10
13.0261001587,80.2316970825,45743,45753,10
13.0259799957,80.2311172485,45753,45763,10
13.0256700516,80.2304077148,45763,45773,10
13.0251703262,80.2297210693,45773,45784,11
13.0246696472,80.229133606,45784,45874,90
13.0246696472,80.229133606,45874,45884,10
13.024479866,80.2288589478,45884,45895,11
13.024020195,80.2283325195,45895,45915,20
13.024020195,80.2283325195,45915,45925,10
13.0239095688,80.2282333374,45925,45935,10
13.0236797333,80.2279510498,45935,45945,10
13.0234098434,80.2276535034,45945,45955,10
13.0233097076,80.2275619507,45955,45965,10
13.0229301453,80.227180481,45965,45975,10
13.0222902298,80.2266311646,45975,45985,10
13.0215101242,80.2259902954,45985,45996,11
13.0204801559,80.2252426147,45996,46006,10
13.0195798874,80.224647522,46006,46016,10
13.0185699463,80.2246322632,46016,46026,10
13.0175104141,80.2250595093,46026,46036,10
13.0165596008,80.2254333496,46036,46046,10
13.0158700943,80.2256622314,46046,46056,10
13.0151700974,80.2259368896,46056,46066,10
13.0142803192,80.2262802124,46066,46086,20
13.0142803192,80.2262802124,46086,46096,10
13.0140399933,80.2264022827,46096,46107,11
13.0133399963,80.2266616821,46107,46117,10
13.0125799179,80.2269592285,46117,46127,10
13.0117301941,80.2272872925,46127,46137,10
13.0107898712,80.2276611328,46137,46147,10
13.0100603104,80.2279586792,46147,46157,10
13.0093402863,80.2282867432,46157,46167,10
13.0090799332,80.2289123535,46167,46177,10
13.0088796616,80.2297821045,46177,46187,10
13.0086803436,80.2308731079,46187,46197,10
13.0085000992,80.2317810059,46197,46207,10
13.0083198547,80.2326965332,46207,46218,11
13.0081996918,80.233581543,46218,46228,10
13.008190155,80.2336425781,46228,46238,10
13.0081396103,80.2337417603,46238,46248,10
13.0080404282,80.2341766357,46248,46258,10
13.0079202652,80.2347717285,46258,46268,10
13.0078697205,80.2350769043,46268,46278,10
13.0077495575,80.2356491089,46278,46288,10
13.0075597763,80.236579895,46288,46298,10
13.0073404312,80.237739563,46298,46308,10
13.0071697235,80.2387237549,46308,46318,10
13.0070104599,80.2395019531,46318,46329,11
13.0068998337,80.240020752,46329,46339,10
13.0068998337,80.2400588989,46339,46349,10
13.0068902969,80.2401885986,46349,46359,10
13.0068397522,80.2405319214,46359,46369,10
13.0068101883,80.2406921387,46369,46379,10
13.0068101883,80.2407608032,46379,46389,10
13.0067300797,80.2412414551,46389,46399,10
13.0066699982,80.2420120239,46399,46409,10
13.006649971,80.2428970337,46409,46419,10
13.0066204071,80.2437210083,46419,46429,10
13.0065498352,80.2446212769,46429,46440,11
13.0066404343,80.2456436157,46440,46450,10
13.0066795349,80.246421814,46450,46460,10
13.0066795349,80.2470703125,46460,46470,10
13.0066795349,80.2478637695,46470,46480,10
13.0067501068,80.2487792969,46480,46490,10
13.0068397522,80.2496414185,46490,46510,20
13.0068397522,80.2496414185,46510,46520,10
13.0067796707,80.2500228882,46520,46530,10
13.0068397522,80.2510986328,46530,46561,31
13.0068397522,80.2510986328,46561,46571,10
13.006819725,80.2513122559,46571,46581,10
13.0066995621,80.2518692017,46581,46591,10
13.0065898895,80.2523803711,46591,46601,10
13.0065803528,80.2530822754,46601,46611,10
13.0065803528,80.2540435791,46611,46621,10
13.0066099167,80.2548980713,46621,46631,10
13.0066003799,80.2557983398,46631,46641,10
13.0066099167,80.2567214966,46641,46652,11
13.0066795349,80.2572097778,46652,46702,50
13.0066795349,80.2572097778,46702,46712,10
13.0066900253,80.2574386597,46712,46722,10
13.0068798065,80.2579193115,46722,46732,10
13.0072498322,80.2584609985,46732,46742,10
13.0077104568,80.2586975098,46742,46752,10
13.0077199936,80.2586975098,46752,46763,11
13.0079698563,80.2587966919,46763,46773,10
13.0085897446,80.2589797974,46773,46783,10
13.0093898773,80.2590637207,46783,46793,10
13.0104198456,80.2590637207,46793,46803,10
13.0116100311,80.2590179443,46803,46813,10
13.0128602982,80.2590713501,46813,46823,10
13.0141201019,80.2591400146,46823,46833,10
13.0152902603,80.2592010498,46833,46843,10
13.0164003372,80.2596435547,46843,46863,20
13.0164003372,80.2596435547,46863,46874,11
13.0166501999,80.2598724365,46874,46884,10
13.0171899796,80.2602462769,46884,46894,10
13.0178699493,80.2607116699,46894,46904,10
13.0186500549,80.2612609863,46904,46914,10
13.0191202164,80.261680603,46914,46924,10
13.0195398331,80.262046814,46924,46934,10
13.0202302933,80.2626495361,46934,46954,20
13.0202302933,80.2626495361,46954,46964,10
13.0205602646,80.2627868652,46964,46975,11
13.0213003159,80.2630233765,46975,46985,10
13.0218896866,80.2632598877,46985,46995,10
13.0221996307,80.263420105,46995,47005,10
13.0227804184,80.263710022,47005,47015,10
13.0229997635,80.2638397217,47015,47025,10
13.0230903625,80.263923645,47025,47035,10
13.0234203339,80.2640991211,47035,47045,10
13.0240602493,80.2644577026,47045,47055,10
13.0246696472,80.2649230957,47055,47065,10
13.0251502991,80.2652664185,47065,47075,10
13.0257396698,80.2656402588,47075,47085,10
13.0260896683,80.2658233643,47085,47096,11
13.0262098312,80.2658691406,47096,47106,10
13.0262899399,80.2656936646,47106,47116,10
13.0263395309,80.2651596069,47116,47126,10
13.0264196396,80.2644195557,47126,47136,10
13.0264701843,80.2639694214,47136,47146,10
13.0265102386,80.2638397217,47146,47156,10
13.0265703201,80.2634506226,47156,47166,10
13.0268497467,80.2634124756,47166,47176,10
13.0273799896,80.2634811401,47176,47186,10
13.0280504227,80.2636795044,47186,47197,11
13.0282297134,80.2637405396,47197,47207,10
13.028380394,80.2637863159,47207,47217,10
13.0285100937,80.2638320923,47217,47227,10
13.0288496017,80.2639312744,47227,47237,10
13.0291004181,80.2640228271,47237,47247,10
13.0291595459,80.2643432617,47247,47257,10
13.0291795731,80.2648620605,47257,47267,10
13.0292196274,80.2653579712,47267,47277,10
13.0291795731,80.2658309937,47277,47287,10
13.0291795731,80.26587677,47287,47297,10
13.0291099548,80.2662200928,47297,47308,11
13.0291595459,80.266418457,47308,47318,10
13.029540062,80.2665405273,47318,47328,10
13.0301198959,80.2666320801,47328,47338,10
13.0307502747,80.2667236328,47338,47348,10
13.0313396454,80.2668991089,47348,47358,10
13.0319404602,80.2671432495,47358,47368,10
13.0322303772,80.2673110962,47368,47378,10
13.0326404572,80.267578125,47378,47388,10
13.0331201553,80.2677612305,47388,47398,10
13.0336503983,80.2678604126,47398,47449,51
13.0336503983,80.2678604126,47449,47459,10
13.0338897705,80.2679367065,47459,47469,10
13.0344800949,80.2679977417,47469,47550,81
13.0344800949,80.2679977417,47550,47560,10
13.0341300964,80.2679977417,47560,47570,10
13.0336704254,80.2678985596,47570,47580,10
13.0331201553,80.2677764893,47580,47590,10
13.0326900482,80.2676620483,47590,47600,10
13.0325603485,80.2675323486,47600,47610,10
13.0321798325,80.2673187256,47610,47620,10
13.0316896439,80.2671279907,47620,47631,11
13.030960083,80.2668685913,47631,47641,10
13.0303001404,80.2667388916,47641,47651,10
13.0299501419,80.2666397095,47651,47661,10
13.0299196243,80.2666473389,47661,47671,10
13.0296096802,80.2666015625,47671,47681,10
13.0292701721,80.2665328979,47681,47691,10
13.0288496017,80.2664031982,47691,47701,10
13.0283203125,80.2662887573,47701,47710,9
13.0280799866,80.266242981,47710,47721,11
13.0276298523,80.266166687,47721,47731,10
13.027009964,80.2660827637,47731,47742,11
13.0267801285,80.26587677,47742,47762,20
13.0267801285,80.26587677,47762,47772,10
13.0266304016,80.2656936646,47772,47873,101
13.0265798569,80.2656402588,47873,48024,151
13.0265798569,80.2656402588,48024,48034,10
13.0266399384,80.2654876709,48034,48044,10
13.0265197754,80.2654037476,48044,48065,21
13.0265798569,80.2655029297,48065,48559,494
13.0266895294,80.2656097412,48559,48943,384
13.0265798569,80.2655181885,48943,49084,141
13.0265798569,80.2655181885,49084,49094,10
13.0265398026,80.2655487061,49094,49134,40
13.0265798569,80.2655181885,49134,49750,616
13.0265197754,80.2655487061,49750,50073,323
13.0264196396,80.265296936,50073,50103,30
13.0264196396,80.265296936,50103,50113,10
13.0263795853,80.264831543,50113,50123,10
13.0264797211,80.2643814087,50123,50133,10
13.0264997482,80.2641677856,50133,50144,11
13.0265398026,80.2637176514,50144,50154,10
13.0266103745,80.2633666992,50154,50164,10
13.0269899368,80.2634429932,50164,50174,10
13.0275201797,80.2635116577,50174,50184,10
13.0279598236,80.263633728,50184,50194,10
13.0280704498,80.2636566162,50194,50204,10
13.0283203125,80.2637710571,50204,50214,10
13.028670311,80.2639083862,50214,50224,10
13.0291004181,80.2640533447,50224,50234,10
13.0292596817,80.2642669678,50234,50244,10
13.0293102264,80.2645492554,50244,50255,11
13.0293197632,80.2650527954,50255,50265,10
13.0292701721,80.2655715942,50265,50275,10
13.0292596817,80.2656173706,50275,50285,10
13.0292396545,80.2659988403,50285,50295,10
13.0292100906,80.2662277222,50295,50305,10
13.0292396545,80.2664489746,50305,50315,10
13.0295495987,80.2665786743,50315,50325,10
13.0299797058,80.2666625977,50325,50335,10
13.0305595398,80.2667922974,50335,50345,10
13.0312900543,80.2669525146,50345,50355,10
13.0320301056,80.2671737671,50355,50366,11
13.0325403214,80.2675018311,50366,50376,10
13.032910347,80.2677230835,50376,50386,10
13.0333204269,80.2677993774,50386,50396,10
13.033659935,80.2678833008,50396,50406,10
13.033829689,80.2679214478,50406,50416,10
13.0341501236,80.2679595947,50416,50426,10
13.0344200134,80.2679824829,50426,50436,10
13.0345497131,80.2680130005,50436,50487,51
13.0345497131,80.2680130005,50487,50497,10
13.0345897675,80.268119812,50497,50507,10
13.0344600677,80.268081665,50507,50517,10
13.034119606,80.2679824829,50517,50527,10
13.0333404541,80.267829895,50527,50547,20
13.0333404541,80.267829895,50547,50557,10
13.0331401825,80.2678070068,50557,50567,10
13.0329198837,80.267791748,50567,50577,10
13.0326404572,80.2676391602,50577,50588,11
13.0322904587,80.2674026489,50588,50598,10
13.0316095352,80.2671127319,50598,50608,10
13.0309200287,80.2668609619,50608,50618,10
13.0301799774,80.2667388916,50618,50628,10
13.0297403336,80.2666625977,50628,50638,10
13.0294704437,80.2666091919,50638,50648,10
13.0290603638,80.266418457,50648,50658,10
13.0284500122,80.2663421631,50658,50668,10
13.0278596878,80.2662124634,50668,50678,10
13.0272102356,80.26612854,50678,50688,10
13.0267000198,80.2660827637,50688,50699,11
13.026140213,80.2658996582,50699,50709,10
13.0257797241,80.2656784058,50709,50719,10
13.0254096985,80.2654266357,50719,50729,10
13.0252399445,80.2653121948,50729,50739,10
13.0251197815,80.2652435303,50739,50749,10
13.0247802734,80.2649612427,50749,50759,10
13.0243701935,80.2646331787,50759,50769,10
13.0238399506,80.2643203735,50769,50779,10
13.0231304169,80.263961792,50779,50789,10
13.0225000381,80.2636032104,50789,50799,10
13.022190094,80.263458252,50799,50810,11
13.02202034,80.263381958,50810,50820,10
13.0216999054,80.2632064819,50820,50830,10
13.0210599899,80.2630615234,50830,50840,10
13.0202302933,80.2630233765,50840,50850,10
13.0195798874,80.2629623413,50850,50860,10
13.0190696716,80.2628936768,50860,50870,10
13.0188903809,80.2623596191,50870,50880,10
13.0187902451,80.2615737915,50880,50890,10
13.0184803009,80.2611618042,50890,50900,10
13.0179901123,80.2608718872,50900,50910,10
13.0176801682,80.2606735229,50910,50921,11
13.0171499252,80.2603225708,50921,50930,9
13.0166501999,80.2600097656,50930,50941,11
13.0162200928,80.2597808838,50941,50961,20
13.0162200928,80.2597808838,50961,50971,10
13.016169548,80.2597503662,50971,50981,10
13.0157899857,80.2595672607,50981,50991,10
13.0151395798,80.2593765259,50991,51001,10
13.0143499374,80.2593231201,51001,51011,10
13.0134801865,80.2592926025,51011,51021,10
13.0124797821,80.259262085,51021,51032,11
13.0113801956,80.2592163086,51032,51042,10
13.0104799271,80.2592468262,51042,51052,10
13.0098600388,80.259262085,51052,51062,10
13.0097799301,80.2592315674,51062,51072,10
13.0094003677,80.2592086792,51072,51082,10
13.0088996887,80.2592010498,51082,51092,10
13.0085802078,80.2592086792,51092,51102,10
13.0080404282,80.2592697144,51102,51112,10
13.0074996948,80.2593307495,51112,51122,10
13.0072097778,80.2587585449,51122,51132,10
13.0071802139,80.2586898804,51132,51143,11
13.0070199966,80.2583770752,51143,51153,10
13.0066604614,80.2578201294,51153,51183,30
13.0066604614,80.2578201294,51183,51193,10
13.0064401627,80.2574081421,51193,51203,10
13.0064296722,80.2569732666,51203,51213,10
13.0063896179,80.2564086914,51213,51223,10
13.0064201355,80.2556991577,51223,51233,10
13.0064897537,80.2549591064,51233,51244,11
13.0064697266,80.2542114258,51244,51254,10
13.0064697266,80.2540664673,51254,51264,10
13.006480217,80.2537536621,51264,51274,10
13.0064697266,80.2532730103,51274,51284,10
13.006480217,80.2531890869,51284,51294,10
13.0065002441,80.2530212402,51294,51304,10
13.0065002441,80.2525177002,51304,51314,10
13.0065898895,80.2519683838,51314,51395,81
13.0065898895,80.2519683838,51395,51405,10
13.0066604614,80.2518234253,51405,51415,10
13.0067501068,80.251373291,51415,51425,10
13.0067396164,80.2506484985,51425,51435,10
13.0067396164,80.2497787476,51435,51445,10
13.0067195892,80.2489776611,51445,51455,10
13.0066604614,80.2483673096,51455,51465,10
13.0066299438,80.2480697632,51465,51476,11
13.0066204071,80.2478408813,51476,51546,70
13.0066204071,80.2478408813,51546,51556,10
13.0066404343,80.2476501465,51556,51566,10
13.006649971,80.2471694946,51566,51577,11
13.0065498352,80.2465667725,51577,51587,10
13.0065498352,80.2464981079,51587,51597,10
13.0065698624,80.2464675903,51597,51607,10
13.0066299438,80.2460784912,51607,51617,10
13.0066204071,80.2453384399,51617,51627,10
13.0066299438,80.2444610596,51627,51637,10
13.0065898895,80.2436676025,51637,51647,10
13.0065402985,80.2429962158,51647,51657,10
13.0065097809,80.2422180176,51657,51667,10
13.0065202713,80.2415618896,51667,51677,10
13.0065402985,80.2415008545,51677,51688,11
13.0065803528,80.2410583496,51688,51698,10
13.006649971,80.240562439,51698,51708,10
13.0067100525,80.2402191162,51708,51718,10
13.0067796707,80.2397766113,51718,51728,10
13.0069198608,80.2389907837,51728,51738,10
13.0071601868,80.2380371094,51738,51748,10
13.0073900223,80.2367477417,51748,51768,20
13.0073900223,80.2367477417,51768,51778,10
13.0074300766,80.2366027832,51778,51788,10
13.0075597763,80.2361831665,51788,51799,11
13.0077199936,80.2353973389,51799,51809,10
13.0078897476,80.2345581055,51809,51819,10
13.0080900192,80.2335891724,51819,51829,10
13.0082798004,80.2325973511,51829,51839,10
13.0084896088,80.2315597534,51839,51849,10
13.0087299347,80.2304534912,51849,51859,10
13.0089502335,80.2293167114,51859,51869,10
13.0091695786,80.2283172607,51869,51879,10
13.0095300674,80.2273864746,51879,51889,10
13.0099601746,80.2264404297,51889,51899,10
13.0103902817,80.2255401611,51899,51910,11
13.0108203888,80.2246170044,51910,51920,10
13.0110998154,80.2239379883,51920,51930,10
13.0112104416,80.2235717773,51930,51940,10
13.0112400055,80.2233963013,51940,51950,10
13.011349678,80.2230911255,51950,51960,10
13.0116500854,80.2225189209,51960,51970,10
13.0119695663,80.2216110229,51970,51980,10
13.0123796463,80.2215194702,51980,51990,10
13.0127496719,80.2220687866,51990,52000,10
13.0133399963,80.2227172852,52000,52010,10
13.0138301849,80.2232971191,52010,52021,11
13.0140800476,80.2236022949,52021,52031,10
13.0142402649,80.2238311768,52031,52041,10
13.0147800446,80.2243499756,52041,52051,10
13.0155601501,80.2250671387,52051,52071,20
13.0155601501,80.2250671387,52071,52081,10
13.0158395767,80.2252807617,52081,52091,10
13.0165100098,80.2252807617,52091,52101,10
13.0173501968,80.2249679565,52101,52111,10
13.018289566,80.2245864868,52111,52121,10
13.0191497803,80.2243423462,52121,52132,11
13.0194797516,80.2244415283,52132,52142,10
13.0195798874,80.2244873047,52142,52152,10
13.0199403763,80.2247085571,52152,52162,10
13.0204801559,80.225112915,52162,52172,10
13.0210800171,80.2256011963,52172,52181,9
13.0219202042,80.2261810303,52181,52202,21
13.0219202042,80.2261810303,52202,52212,10
13.0220403671,80.2262573242,52212,52222,10
13.0223999023,80.2265930176,52222,52232,10
13.0229997635,80.2271270752,52232,52243,11
13.023730278,80.2277832031,52243,52252,9
13.0242500305,80.2283477783,52252,52273,21
13.0242500305,80.2283477783,52273,52283,10
13.0244998932,80.2286605835,52283,52293,10
13.024889946,80.2292404175,52293,52303,10
13.02546978,80.2300033569,52303,52313,10
13.0258903503,80.230796814,52313,52323,10
13.0259599686,80.2311172485,52323,52333,10
13.0259599686,80.2312393188,52333,52343,10
13.0262804031,80.2312774658,52343,52354,11
13.0270996094,80.2310714722,52354,52364,10
13.0279798508,80.2309417725,52364,52374,10
13.028459549,80.2309036255,52374,52384,10
13.0286197662,80.2308807373,52384,52394,10
13.0290603638,80.2308731079,52394,52404,10
13.0295696259,80.2308273315,52404,52414,10
13.0302600861,80.230758667,52414,52424,10
13.0306100845,80.23072052,52424,52434,10
13.0309295654,80.23072052,52434,52444,10
13.0315599442,80.2306900024,52444,52455,11
13.0324697495,80.2305603027,52455,52465,10
13.0333204269,80.2304916382,52465,52475,10
13.0341300964,80.2304763794,52475,52515,40
13.0341300964,80.2304763794,52515,52525,10
13.0343704224,80.2303390503,52525,52535,10
13.0349502563,80.2301635742,52535,52566,31
13.0349502563,80.2301635742,52566,52576,10
13.0350799561,80.2298965454,52576,52586,10
13.0348596573,80.2297973633,52586,52596,10
13.0345802307,80.2297592163,52596,52788,192
13.0345802307,80.2297592163,52788,52798,10
13.0342302322,80.229927063,52798,52808,10
13.0341997147,80.2302017212,52808,52868,60
13.0341997147,80.2302017212,52868,52878,10
13.0339002609,80.2304534912,52878,52888,10
13.0335302353,80.23046875,52888,52899,11
13.0334596634,80.2304763794,52899,52909,10
13.0330400467,80.230506897,52909,52919,10
13.0323495865,80.2305603027,52919,52929,10
13.0314998627,80.2306365967,52929,52939,10
13.0308198929,80.2306900024,52939,52949,10
13.0301504135,80.2307510376,52949,52959,10
13.0298099518,80.2308197021,52959,52969,10
13.029709816,80.2308425903,52969,52979,10
13.0293903351,80.2308731079,52979,52989,10
13.0288200378,80.2309417725,52989,52999,10
13.0281295776,80.2309799194,52999,53010,11
13.0278301239,80.231010437,53010,53020,10
13.0277004242,80.2312698364,53020,53030,10
13.0277395248,80.2317581177,53030,53040,10
13.0278301239,80.2323989868,53040,53050,10
13.0276403427,80.2328262329,53050,53060,10
13.0269804001,80.2329711914,53060,53070,10
13.0266799927,80.2330169678,53070,53080,10
13.0263204575,80.2326812744,53080,53090,10
13.0261001587,80.2318572998,53090,53100,10
13.0258197784,80.2308425903,53100,53111,11
13.025179863,80.2297210693,53111,53121,10
13.0246696472,80.2290802002,53121,53131,10
13.0244102478,80.228767395,53131,53141,10
13.0241603851,80.2284698486,53141,53151,10
13.0239896774,80.2283096313,53151,53161,10
13.0239400864,80.2282333374,53161,53171,10
13.0236501694,80.2278518677,53171,53181,10
13.0231599808,80.2273712158,53181,53191,10
13.0225095749,80.2267837524,53191,53201,10
13.021730423,80.2261123657,53201,53211,10
13.021030426,80.2255401611,53211,53222,11
13.0206203461,80.2252578735,53222,53232,10
13.0201797485,80.2249679565,53232,53242,10
13.0195398331,80.2245635986,53242,53252,10
13.0185499191,80.2245864868,53252,53262,10
13.0174398422,80.2250289917,53262,53272,10
13.0167102814,80.2253417969,53272,53282,10
13.0164403915,80.225440979,53282,53292,10
13.0160703659,80.2255706787,53292,53302,10
13.0154304504,80.2258071899,53302,53312,10
13.0149402618,80.2260284424,53312,53322,10
13.0149297714,80.2260437012,53322,53333,11
13.0147199631,80.2261199951,53333,53343,10
13.0143299103,80.226272583,53343,53353,10
13.0142803192,80.2262878418,53353,53363,10
13.0138902664,80.2264480591,53363,53373,10
13.0132102966,80.2266998291,53373,53383,10
13.0123796463,80.2269973755,53383,53393,10
13.0114202499,80.2273864746,53393,53403,10
13.0103397369,80.2278213501,53403,53413,10
13.0093202591,80.2283096313,53413,53423,10
13.0090198517,80.2292480469,53423,53433,10
13.008769989,80.2304763794,53433,53444,11
13.0085000992,80.2319412231,53444,53454,10
13.0082302094,80.2336502075,53454,53474,20
13.0082302094,80.2336502075,53474,53484,10
13.0081796646,80.233757019,53484,53494,10
13.008099556,80.2341995239,53494,53504,10
13.0079402924,80.2349624634,53504,53514,10
13.0077295303,80.2359466553,53514,53524,10
13.007519722,80.2369613647,53524,53534,10
13.0073604584,80.2377624512,53534,53544,10
13.0071897507,80.2386703491,53544,53555,11
13.0069999695,80.2395935059,53555,53565,10
13.0068702698,80.2405929565,53565,53575,10
13.0068397522,80.2408218384,53575,53585,10
13.0068397522,80.2409591675,53585,53595,10
13.0067596436,80.2414627075,53595,53605,10
13.0067195892,80.2422409058,53605,53615,10
13.0066795349,80.2430267334,53615,53625,10
13.0066900253,80.2433700562,53625,53635,10
13.0066995621,80.2438812256,53635,53645,10
13.0067195892,80.2444610596,53645,53655,10
13.0066995621,80.2450027466,53655,53666,11
13.0067100525,80.2456588745,53666,53676,10
13.0067300797,80.2463989258,53676,53686,10
13.0067195892,80.2473068237,53686,53696,10
13.0067396164,80.248260498,53696,53706,10
13.0068702698,80.2495803833,53706,53736,30
13.0068702698,80.2495803833,53736,53746,10
13.006819725,80.2499694824,53746,53756,10
13.0068101883,80.2504806519,53756,53767,11
13.0068101883,80.250541687,53767,53777,10
13.006819725,80.2507781982,53777,53787,10
13.0068597794,80.2511367798,53787,53797,10
13.0068101883,80.2514038086,53797,53807,10
13.0067396164,80.2519073486,53807,53817,10
13.0066204071,80.2526931763,53817,53827,10
13.0066099167,80.2535095215,53827,53837,10
13.0066299438,80.2544937134,53837,53847,10
13.0066099167,80.2556381226,53847,53857,10
13.0066795349,80.2572784424,53857,53948,91
13.0066795349,80.2572784424,53948,53958,10
13.0066795349,80.25756073,53958,53968,10
13.0069303513,80.2580032349,53968,53978,10
13.0076799393,80.2586364746,53978,53999,21
13.0076799393,80.2586364746,53999,54009,10
13.0078001022,80.258682251,54009,54019,10
13.0082397461,80.2588577271,54019,54029,10
13.0089702606,80.2590332031,54029,54039,10
13.0098400116,80.2590179443,54039,54049,10
13.0108299255,80.2590103149,54049,54059,10
13.0118904114,80.2590026855,54059,54069,10
13.0130195618,80.2590713501,54069,54079,10
13.0142002106,80.2591094971,54079,54089,10
13.0153398514,80.2591705322,54089,54100,11
13.0163402557,80.2595977783,54100,54120,20
13.0163402557,80.2595977783,54120,54130,10
13.016579628,80.2598190308,54130,54140,10
13.0170297623,80.2602005005,54140,54150,10
13.0177202225,80.2606430054,54150,54160,10
13.0184001923,80.2610778809,54160,54170,10
13.0188398361,80.2614517212,54170,54180,10
13.0192699432,80.2617721558,54180,54190,10
13.0197296143,80.262260437,54190,54200,10
13.0201196671,80.2625808716,54200,54211,11
13.0201702118,80.2626495361,54211,54221,10
13.0205698013,80.2628326416,54221,54231,10
13.0212202072,80.2630386353,54231,54241,10
13.0219097137,80.2632904053,54241,54251,10
13.0222101212,80.2634429932,54251,54261,10
13.0229701996,80.2638397217,54261,54281,20
13.0229701996,80.2638397217,54281,54291,10
13.0232200623,80.263961792,54291,54301,10
13.023730278,80.2642822266,54301,54312,11
13.0245800018,80.2647705078,54312,54322,10
13.025179863,80.2652130127,54322,54332,10
13.0257301331,80.2656021118,54332,54342,10
13.0261602402,80.2658233643,54342,54352,10
13.0261697769,80.2658233643,54352,54362,10
13.0262804031,80.2656097412,54362,54372,10
13.0263299942,80.2653198242,54372,54382,10
13.0263795853,80.2649230957,54382,54392,10
13.0264596939,80.2642822266,54392,54402,10
13.0264596939,80.2640609741,54402,54412,10
13.0264902115,80.2638778687,54412,54423,11
13.026599884,80.263343811,54423,54433,10
13.0270004272,80.2634277344,54433,54443,10
13.0276603699,80.2636032104,54443,54453,10
13.0282201767,80.2637405396,54453,54463,10
13.0283498764,80.2638015747,54463,54473,10
13.0286998749,80.2638702393,54473,54483,10
13.0291795731,80.2640380859,54483,54493,10
13.0292196274,80.2644119263,54493,54503,10
13.0292596817,80.2650604248,54503,54513,10
13.0292396545,80.2657012939,54513,54523,10
13.0292196274,80.2660827637,54523,54534,11
13.0291996002,80.2661972046,54534,54544,10
13.0292196274,80.2664413452,54544,54554,10
13.0295600891,80.2665176392,54554,54564,10
13.0302095413,80.2666397095,54564,54574,10
13.0309801102,80.2667770386,54574,54584,10
13.0315999985,80.2670516968,54584,54594,10
13.0320196152,80.2672424316,54594,54604,10
13.0324802399,80.2674713135,54604,54614,10
13.032910347,80.2676696777,54614,54624,10
13.0336999893,80.267829895,54624,54655,31
13.0336999893,80.267829895,54655,54665,10
13.0338401794,80.2679214478,54665,54675,10
13.0341796875,80.2679824829,54675,54685,10
13.0344600677,80.2679672241,54685,54695,10
13.0345001221,80.2679672241,54695,54705,10
13.0344800949,80.2681427002,54705,54715,10
13.0342998505,80.2680511475,54715,54725,10
13.0338497162,80.2679519653,54725,54735,10
13.0334396362,80.2678833008,54735,55957,1222
13.0334396362,80.2678833008,55957,55967,10
13.032959938,80.2677230835,55967,55977,10
13.0326595306,80.2676391602,55977,55987,10
13.0325899124,80.2675704956,55987,55997,10
13.0322999954,80.2673873901,55997,56007,10
13.0317602158,80.2671585083,56007,56017,10
13.0310897827,80.2669372559,56017,56027,10
13.0304498672,80.2667999268,56027,56037,10
13.0298700333,80.2666931152,56037,56048,11
13.0297803879,80.2666702271,56048,56058,10
13.0295295715,80.2666168213,56058,56068,10
13.0291500092,80.2664718628,56068,56078,10
13.0287799835,80.2663803101,56078,56087,9
13.0283699036,80.2663269043,56087,56098,11
13.0276403427,80.2661819458,56098,56108,10
13.026889801,80.2660827637,56108,56118,10
13.0263996124,80.2660217285,56118,56128,10
13.0261497498,80.265953064,56128,56138,10
13.0257396698,80.265663147,56138,56148,10
13.0252895355,80.26537323,56148,56169,21
13.0252895355,80.26537323,56169,56179,10
13.024939537,80.2651062012,56179,56189,10
13.0244398117,80.2647399902,56189,56199,10
13.0238800049,80.2643280029,56199,56209,10
13.023150444,80.2639389038,56209,56219,10
13.0225400925,80.2636108398,56219,56229,10
13.0220298767,80.2633666992,56229,56259,30
13.0220298767,80.2633666992,56259,56270,11
13.0217599869,80.2631988525,56270,56280,10
13.0211696625,80.2630386353,56280,56290,10
13.0203895569,80.2630081177,56290,56300,10
13.0196695328,80.2629623413,56300,56310,10
13.0190601349,80.2629013062,56310,56320,10
13.018910408,80.2624816895,56320,56330,10
13.018819809,80.261756897,56330,56340,10
13.0184698105,80.261177063,56340,56350,10
13.0180597305,80.2609024048,56350,56360,10
13.0176696777,80.2606430054,56360,56370,10
13.0170698166,80.2602310181,56370,56381,11
13.0160303116,80.2596817017,56381,56401,20
13.0160303116,80.2596817017,56401,56411,10
13.0160102844,80.2596511841,56411,56421,10
13.0156202316,80.2594833374,56421,56431,10
13.0149497986,80.2593231201,56431,56441,10
13.0141096115,80.2592773438,56441,56451,10
13.0131797791,80.2592468262,56451,56461,10
13.0122003555,80.2592391968,56461,56471,10
13.0112600327,80.2592010498,56471,56481,10
13.010310173,80.2592391968,56481,56492,11
13.0097999573,80.2592468262,56492,56502,10
13.0096998215,80.2592315674,56502,56512,10
13.0092401505,80.2592086792,56512,56522,10
13.008769989,80.2592315674,56522,56532,10
13.0084495544,80.2592391968,56532,56542,10
13.007900238,80.2593612671,56542,56552,10
13.0073795319,80.2592086792,56552,56562,10
13.0071496964,80.2587127686,56562,56572,10
13.0071401596,80.2586898804,56572,56582,10
13.0070495605,80.2584609985,56582,56593,11
13.0065803528,80.2576293945,56593,56683,90
13.0065803528,80.2576293945,56683,56693,10
13.0064697266,80.2572631836,56693,56704,11
13.0064296722,80.2568511963,56704,56714,10
13.0064601898,80.2561416626,56714,56724,10
13.0064897537,80.255241394,56724,56734,10
13.0065002441,80.2545776367,56734,56744,10
13.0064697266,80.2540588379,56744,56754,10
13.0064897537,80.2536468506,56754,56764,10
13.0065097809,80.2533111572,56764,56774,10
13.0065097809,80.2532577515,56774,56784,10
13.0065202713,80.2531433105,56784,56825,41
13.0065202713,80.2531433105,56825,56835,10
13.0065498352,80.2527999878,56835,56845,10
13.0065898895,80.2524108887,56845,56855,10
13.0066699982,80.2518386841,56855,56936,81
13.0066699982,80.2518386841,56936,56946,10
13.006770134,80.2515792847,56946,56956,10
13.0068302155,80.2511062622,56956,56966,10
13.0067796707,80.249671936,56966,56986,20
13.0067796707,80.249671936,56986,56996,10
13.006770134,80.2493209839,56996,57006,10
13.0066604614,80.2484207153,57006,57077,71
13.0066604614,80.2484207153,57077,57087,10
13.0066204071,80.2482070923,57087,57097,10
13.0066099167,80.2478637695,57097,57107,10
13.0066204071,80.247253418,57107,57117,10
13.0065498352,80.2466430664,57117,57127,10
13.0065498352,80.2465591431,57127,57138,11
13.0066099167,80.2462997437,57138,57148,10
13.0066404343,80.2456436157,57148,57158,10
13.0066299438,80.2448272705,57158,57168,10
13.0066404343,80.244178772,57168,57178,10
13.0066204071,80.2434997559,57178,57188,10
13.0065603256,80.2426605225,57188,57198,10
13.0065698624,80.2417526245,57198,57208,10
13.0066003799,80.2410202026,57208,57218,10
13.0066099167,80.2409515381,57218,57228,10
13.0066204071,80.2408676147,57228,57238,10
13.0066299438,80.2406387329,57238,57249,11
13.0066795349,80.2403869629,57249,57259,10
13.0067796707,80.2399368286,57259,57269,10
13.0069599152,80.2391433716,57269,57279,10
13.0071601868,80.2381591797,57279,57289,10
13.0073795319,80.2369766235,57289,57309,20
13.0073795319,80.2369766235,57309,57319,10
13.0073795319,80.2368774414,57319,57329,10
13.0074596405,80.2366027832,57329,57339,10
13.0075597763,80.2362213135,57339,57350,11
13.0077199936,80.235458374,57350,57360,10
13.007900238,80.2345733643,57360,57370,10
13.0081195831,80.2334899902,57370,57380,10
13.0083799362,80.2322769165,57380,57390,10
13.0086202621,80.2310333252,57390,57400,10
13.0088396072,80.229927063,57400,57410,10
13.0090799332,80.228729248,57410,57420,10
13.009349823,80.2278137207,57420,57430,10
13.0097303391,80.2269363403,57430,57440,10
13.0101699829,80.2259979248,57440,57450,10
13.0109100342,80.2245330811,57450,57471,21
13.0109100342,80.2245330811,57471,57481,10
13.0110197067,80.2242736816,57481,57531,50
13.0110197067,80.2242736816,57531,57541,10
13.0112104416,80.2238998413,57541,57551,10
13.0113401413,80.2235031128,57551,57561,10
13.0115404129,80.2229766846,57561,57572,11
13.0118703842,80.2220611572,57572,57582,10
13.0123195648,80.2215118408,57582,57592,10
13.0125999451,80.2218933105,57592,57602,10
13.0130901337,80.2224273682,57602,57612,10
13.0136299133,80.2230300903,57612,57622,10
13.0140695572,80.2234573364,57622,57632,10
13.01445961,80.2237930298,57632,57642,10
13.0149002075,80.224319458,57642,57652,10
13.015250206,80.2247695923,57652,57672,20
13.015250206,80.2247695923,57672,57683,11
13.0154895782,80.224937439,57683,57693,10
13.015999794,80.2252731323,57693,57703,10
13.0169000626,80.2251434326,57703,57713,10
13.0178899765,80.2247619629,57713,57723,10
13.0189199448,80.2243728638,57723,57733,10
13.0198297501,80.2245788574,57733,57743,10
13.0207099915,80.2252426147,57743,57753,10
13.0214500427,80.2258224487,57753,57763,10
13.0220003128,80.2261505127,57763,57773,10
13.02202034,80.2261810303,57773,57783,10
13.0220804214,80.2262191772,57783,57794,11
13.0223903656,80.2265625,57794,57804,10
13.0228996277,80.2270126343,57804,57814,10
13.0235996246,80.2276306152,57814,57824,10
13.0243396759,80.2284317017,57824,57834,10
13.0248098373,80.2291183472,57834,57844,10
13.0252799988,80.2296981812,57844,57854,10
13.025759697,80.2303924561,57854,57864,10
13.0259599686,80.2308578491,57864,57874,10
13.0259799957,80.2309875488,57874,57884,10
13.02602005,80.2312164307,57884,57895,11
13.0263795853,80.2312469482,57895,57905,10
13.027130127,80.2310791016,57905,57915,10
13.0280504227,80.2309188843,57915,57925,10
13.0285196304,80.2308425903,57925,57935,10
13.0285301208,80.2308425903,57935,57945,10
13.0289096832,80.2308807373,57945,57955,10
13.0290203094,80.2308807373,57955,57965,10
13.0293598175,80.2308425903,57965,57975,10
13.02987957,80.2307662964,57975,57985,10
13.0303897858,80.23072052,57985,57995,10
13.0307798386,80.230682373,57995,58006,11
13.0314903259,80.2306137085,58006,58016,10
13.0322198868,80.2305603027,58016,58026,10
13.0330600739,80.2305221558,58026,58036,10
13.0340204239,80.23046875,58036,58086,50
13.0340204239,80.23046875,58086,58096,10
13.034330368,80.2304382324,58096,58106,10
13.0347900391,80.2303466797,58106,58117,11
13.0349302292,80.2301712036,58117,58127,10
13.0347795486,80.2301330566,58127,58137,10
13.0345001221,80.2301025391,58137,58934,797
13.0341300964,80.2301712036,58934,58964,30
13.0341300964,80.2301712036,58964,58974,10
13.0334501266,80.2304992676,58974,58995,21
13.0334501266,80.2304992676,58995,59005,10
13.0332298279,80.230506897,59005,59015,10
13.0327196121,80.2305603027,59015,59025,10
13.0321598053,80.2306365967,59025,59035,10
13.0319099426,80.2306671143,59035,59045,10
13.0313501358,80.2307128906,59045,59055,10
13.0308599472,80.2307662964,59055,59065,10
13.030579567,80.2307815552,59065,59075,10
13.0298204422,80.2308578491,59075,59096,21
13.0298204422,80.2308578491,59096,59106,10
13.0295801163,80.2308731079,59106,59116,10
13.0290899277,80.2309036255,59116,59126,10
13.0284795761,80.2309875488,59126,59136,10
13.0279102325,80.2310562134,59136,59146,10
13.0276603699,80.2310791016,59146,59156,10
13.0277004242,80.2315673828,59156,59166,10
13.0277700424,80.2320022583,59166,59176,10
13.0278396606,80.2324523926,59176,59186,10
13.0277996063,80.2328262329,59186,59197,11
13.0271902084,80.2329177856,59197,59207,10
13.0267801285,80.2329788208,59207,59217,10
13.0264101028,80.2329330444,59217,59227,10
13.0261898041,80.2322998047,59227,59237,10
13.0260000229,80.231552124,59237,59247,10
13.0257196426,80.2306365967,59247,59257,10
13.0246400833,80.2291412354,59257,59287,30
13.0246400833,80.2291412354,59287,59297,10
13.0245399475,80.2290115356,59297,59308,11
13.0242395401,80.2286071777,59308,59318,10
13.0239801407,80.2283172607,59318,59328,10
13.0239801407,80.2283096313,59328,59338,10
13.0237998962,80.2280578613,59338,59348,10
13.0233697891,80.2276077271,59348,59358,10
13.0227899551,80.2270584106,59358,59368,10
13.0221004486,80.2264633179,59368,59378,10
13.0213403702,80.2258529663,59378,59388,10
13.0207395554,80.2253723145,59388,59398,10
13.0202102661,80.2250213623,59398,59408,10
13.0196800232,80.224647522,59408,59419,11
13.0189399719,80.2244491577,59419,59429,10
13.0181102753,80.2247467041,59429,59439,10
13.0172595978,80.225112915,59439,59449,10
13.0167703629,80.2253189087,59449,59459,10
13.0165395737,80.2254180908,59459,59469,10
13.0163698196,80.2254867554,59469,59479,10
13.01583004,80.2256469727,59479,59489,10
13.0151195526,80.2259368896,59489,59499,10
13.014380455,80.2262496948,59499,59509,10
13.0143404007,80.226272583,59509,59520,11
13.0141201019,80.226348877,59520,59530,10
13.0135002136,80.2265625,59530,59540,10
13.0126495361,80.2268676758,59540,59550,10
13.0116596222,80.2272720337,59550,59560,10
13.0105495453,80.227722168,59560,59570,10
13.0094804764,80.2281723022,59570,59580,10
13.0090398788,80.2290420532,59580,59590,10
13.0087995529,80.23021698,59590,59600,10
13.0085697174,80.2314605713,59600,59610,10
13.0083503723,80.2326583862,59610,59620,10
13.0082101822,80.2337188721,59620,59641,21
13.0082101822,80.2337188721,59641,59651,10
13.0081501007,80.2338867188,59651,59661,10
13.0080604553,80.2343826294,59661,59671,10
13.0079498291,80.2349777222,59671,59681,10
13.007900238,80.2351989746,59681,59691,10
13.0077896118,80.235748291,59691,59701,10
13.007610321,80.2365570068,59701,59711,10
13.0074100494,80.2376174927,59711,59721,10
13.0072202682,80.2386627197,59721,59731,10
13.0070199966,80.2397232056,59731,59832,101
13.0070199966,80.240020752,59832,59853,21
13.0070199966,80.240020752,59853,59863,10
13.0069999695,80.2400970459,59863,59873,10
13.0068998337,80.2405776978,59873,59883,10
13.0068798065,80.2407531738,59883,59893,10
13.0068397522,80.2409362793,59893,59903,10
13.0067796707,80.2416000366,59903,59913,10
13.0067501068,80.242401123,59913,59923,10
13.0067100525,80.2431335449,59923,59933,10
13.0066995621,80.2438812256,59933,59943,10
13.0067100525,80.2449035645,59943,59954,11
13.0067396164,80.2460479736,59954,59964,10
13.0067396164,80.2467269897,59964,59974,10
13.0067501068,80.2475128174,59974,59984,10
13.006770134,80.2484893799,59984,59994,10
13.0068902969,80.2493972778,59994,60004,10
13.0068998337,80.24949646,60004,60014,10
13.0068798065,80.2496032715,60014,60024,10
13.0068702698,80.2501296997,60024,60034,10
13.0068597794,80.2509307861,60034,60044,10
13.0068302155,80.2513809204,60044,60054,10
13.006819725,80.2514801025,60054,60065,11
13.006770134,80.251701355,60065,60075,10
13.0067501068,80.2517471313,60075,60085,10
13.0066404343,80.2522201538,60085,60095,10
13.0065603256,80.2530517578,60095,60105,10
13.0065603256,80.2541503906,60105,60115,10
13.0066204071,80.2551803589,60115,60125,10
13.0066604614,80.2562637329,60125,60135,10
13.0066995621,80.2571563721,60135,60145,10
13.0069599152,80.258102417,60145,60155,10
13.0077400208,80.2587509155,60155,60176,21
13.0077400208,80.2587509155,60176,60186,10
13.0080404282,80.2588729858,60186,60196,10
13.0087003708,80.2590866089,60196,60206,10
13.009519577,80.2591323853,60206,60216,10
13.0104904175,80.2591171265,60216,60226,10
13.0114803314,80.2591018677,60226,60236,10
13.0124797821,80.2591094971,60236,60246,10
13.013469696,80.2591400146,60246,60256,10
13.0144500732,80.2591781616,60256,60266,10
13.0153999329,80.2592315674,60266,60276,10
13.016409874,80.2596588135,60276,60297,21
13.016409874,80.2596588135,60297,60307,10
13.0164699554,80.2597732544,60307,60317,10
13.0168199539,80.2600326538,60317,60327,10
13.0174798965,80.2604827881,60327,60337,10
13.0182504654,80.2610092163,60337,60347,10
13.0188503265,80.261428833,60347,60357,10
13.0193004608,80.2618331909,60357,60367,10
13.0201997757,80.2626419067,60367,60387,20
13.0201997757,80.2626419067,60387,60398,11
13.0203504562,80.2627792358,60398,60408,10
13.0208797455,80.2629394531,60408,60418,10
13.0215396881,80.2631607056,60418,60428,10
13.0220499039,80.263381958,60428,60438,10
13.0223302841,80.2635192871,60438,60448,10
13.0229101181,80.2638168335,60448,60458,10
13.0230197906,80.2638473511,60458,60468,10
13.0231199265,80.2639083862,60468,60478,10
13.0234603882,80.2641220093,60478,60488,10
13.0241098404,80.264503479,60488,60499,11
13.0249204636,80.2651367188,60499,60509,10
13.0257396698,80.2656478882,60509,60519,10
13.026309967,80.2658615112,60519,60529,10
13.0263595581,80.2653198242,60529,60539,10
13.0264797211,80.2645187378,60539,60549,10
13.0265197754,80.2638168335,60549,60568,19
13.0265197754,80.2638168335,60568,60579,11
13.0265703201,80.2635421753,60579,60589,10
13.0267696381,80.2633972168,60589,60599,10
13.0272903442,80.2635192871,60599,60610,11
13.0277795792,80.263633728,60610,60620,10
13.0283098221,80.2637786865,60620,60630,10
13.0283403397,80.2637863159,60630,60640,10
13.0285902023,80.2638778687,60640,60650,10
13.0290603638,80.2640228271,60650,60660,10
13.0293102264,80.2643814087,60660,60670,10
13.0293397903,80.2650604248,60670,60680,10
13.029299736,80.2660827637,60680,60700,20
13.029299736,80.2660827637,60700,60710,10
13.0292701721,80.2663116455,60710,60721,11
13.0292797089,80.2665634155,60721,60731,10
13.0296401978,80.2666397095,60731,60741,10
13.0298995972,80.2666778564,60741,60751,10
13.03028965,80.2667388916,60751,60761,10
13.0310201645,80.2668762207,60761,60771,10
13.0316696167,80.2671203613,60771,60781,10
13.0321998596,80.2673492432,60781,60791,10
13.0325403214,80.2675094604,60791,60801,10
13.0328998566,80.2677230835,60801,60811,10
13.033200264,80.2677764893,60811,60822,11
13.0337095261,80.2678909302,60822,60852,30
13.0337095261,80.2678909302,60852,60862,10
13.033829689,80.2679290771,60862,60872,10
13.0341997147,80.2680130005,60872,60882,10
13.0345602036,80.2680282593,60882,60892,10
13.034620285,80.2681503296,60892,60902,10
13.0344400406,80.2681503296,60902,60912,10
13.0340995789,80.2680435181,60912,60922,10
13.0334396362,80.2678833008,60922,61013,91
13.0334396362,80.2678833008,61013,61023,10
13.0331401825,80.2677230835,61023,61841,818
13.0331401825,80.2677230835,61841,61851,10
13.0331602097,80.2677536011,61851,61861,10
13.032959938,80.2677078247,61861,61871,10
13.0326595306,80.2676086426,61871,61881,10
13.0323801041,80.2673721313,61881,61891,10
13.0317201614,80.2671127319,61891,61901,10
13.0308504105,80.2668914795,61901,61912,11
13.0300998688,80.2667694092,61912,61922,10
13.029800415,80.266708374,61922,61932,10
13.0296897888,80.2666931152,61932,61942,10
13.0293397903,80.2665863037,61942,61952,10
13.0290002823,80.2664337158,61952,61962,10
13.0284700394,80.2663116455,61962,61972,10
13.0276699066,80.2661819458,61972,61982,10
13.0270500183,80.2660903931,61982,61992,10
13.0266199112,80.2660522461,61992,62002,10
13.0262699127,80.2659378052,62002,62013,11
13.0259895325,80.2657775879,62013,62023,10
13.0257101059,80.2656097412,62023,62033,10
13.0253095627,80.2653503418,62033,62053,20
13.0253095627,80.2653503418,62053,62063,10
13.0250101089,80.2651672363,62063,62073,10
13.0244998932,80.2647781372,62073,62083,10
13.0238599777,80.2643280029,62083,62093,10
13.0231599808,80.2639770508,62093,62103,10
13.0225696564,80.2636489868,62103,62113,10
13.0221595764,80.2634506226,62113,62134,21
13.0221595764,80.2634506226,62134,62144,10
13.0219697952,80.2633514404,62144,62154,10
13.0215597153,80.2631912231,62154,62164,10
13.0208797455,80.2630691528,62164,62174,10
13.0201997757,80.2630310059,62174,62184,10
13.0196399689,80.2629623413,62184,62194,10
13.0191202164,80.2629089355,62194,62204,10
13.0189399719,80.2624588013,62204,62214,10
13.0188102722,80.2616424561,62214,62224,10
13.0185003281,80.261177063,62224,62235,11
13.017950058,80.2608413696,62235,62245,10
13.0174598694,80.2605133057,62245,62255,10
13.016960144,80.2601699829,62255,62265,10
13.0164299011,80.2598495483,62265,62275,10
13.0161304474,80.2597122192,62275,62295,20
13.0161304474,80.2597122192,62295,62305,10
13.0159797668,80.2596282959,62305,62315,10
13.0155696869,80.2594833374,62315,62325,10
13.0151700974,80.2593765259,62325,62335,10
13.0145902634,80.2593307495,62335,62346,11
13.013759613,80.2593002319,62346,62356,10
13.0129003525,80.2592697144,62356,62366,10
13.0119695663,80.2592391968,62366,62376,10
13.011059761,80.2592086792,62376,62386,10
13.0102500916,80.2592697144,62386,62396,10
13.0098400116,80.2592773438,62396,62406,10
13.0097503662,80.2592773438,62406,62416,10
13.0094003677,80.259262085,62416,62426,10
13.0089797974,80.2592163086,62426,62436,10
13.0087900162,80.2592391968,62436,62447,11
13.0083999634,80.2592163086,62447,62457,10
13.0077800751,80.2593688965,62457,62467,10
13.0072498322,80.2589187622,62467,62497,30
13.0072498322,80.2589187622,62497,62507,10
13.007109642,80.2585830688,62507,62517,10
13.0068101883,80.2580337524,62517,62527,10
13.0065002441,80.2576522827,62527,62648,121
13.0065002441,80.2576522827,62648,62658,10
13.0064601898,80.2573928833,62658,62669,11
13.0064601898,80.2568283081,62669,62679,10
13.0064697266,80.2560424805,62679,62689,10
13.0065202713,80.2552185059,62689,62699,10
13.006529808,80.2543182373,62699,62709,10
13.0065202713,80.2532196045,62709,62729,20
13.0065202713,80.2532196045,62729,62739,10
13.0065603256,80.2531661987,62739,62749,10
13.006529808,80.2526931763,62749,62780,31
13.006529808,80.2526931763,62780,62790,10
13.0065097809,80.2526016235,62790,62800,10
13.0065803528,80.2521972656,62800,62810,10
13.0067195892,80.251449585,62810,62820,10
13.0067501068,80.2504806519,62820,62830,10
13.0067501068,80.2495880127,62830,62840,10
13.0067596436,80.2495269775,62840,62850,10
13.0067596436,80.2492980957,62850,62860,10
13.0067396164,80.2489089966,62860,62870,10
13.0067195892,80.248298645,62870,62881,11
13.0066699982,80.2475585938,62881,62891,10
13.0065898895,80.2465896606,62891,62911,20
13.0065898895,80.2465896606,62911,62921,10
13.0066404343,80.2462081909,62921,62931,10
13.0066299438,80.2459411621,62931,62941,10
13.0066404343,80.2457427979,62941,62951,10
13.0066404343,80.2457199097,62951,62961,10
13.0066404343,80.2454299927,62961,62971,10
13.0066404343,80.2450866699,62971,62981,10
13.0066299438,80.244682312,62981,62992,11
13.0066204071,80.2443313599,62992,63001,9
13.0066204071,80.2440032959,63001,63012,11
13.0065803528,80.2435379028,63012,63022,10
13.0065603256,80.2428512573,63022,63032,10
13.0065603256,80.2419967651,63032,63042,10
13.0065698624,80.2416000366,63042,63052,10
13.0065698624,80.2415084839,63052,63062,10
13.0066699982,80.2406005859,63062,63103,41
13.0066699982,80.2406005859,63103,63113,10
13.0067996979,80.2400817871,63113,63123,10
13.006939888,80.2392730713,63123,63133,10
13.0071201324,80.2383117676,63133,63143,10
13.0072698593,80.237701416,63143,63153,10
13.0074300766,80.2367172241,63153,63173,20
13.0074300766,80.2367172241,63173,63183,10
13.0074596405,80.236541748,63183,63193,10
13.0075998306,80.2360992432,63193,63204,11
13.0077199936,80.2353820801,63204,63214,10
13.0077896118,80.2350997925,63214,63224,10
13.0078802109,80.2346572876,63224,63234,10
13.0080404282,80.2339172363,63234,63244,10
13.0082502365,80.2329177856,63244,63254,10
13.008480072,80.2316970825,63254,63264,10
13.0087203979,80.2303619385,63264,63274,10
13.0089797974,80.229019165,63274,63284,10
13.009349823,80.2277526855,63284,63294,10
13.0099201202,80.2265396118,63294,63304,10
13.0104198456,80.2255401611,63304,63315,11
13.0107002258,80.2250366211,63315,63325,10
13.010840416,80.2246704102,63325,63335,10
13.0111198425,80.2239990234,63335,63345,10
13.0112495422,80.2237014771,63345,63355,10
13.0114097595,80.2232666016,63355,63365,10
13.0116996765,80.2226028442,63365,63375,10
13.0120096207,80.2216186523,63375,63385,10
13.0124101639,80.2216491699,63385,63395,10
13.0128097534,80.2221603394,63395,63405,10
13.013420105,80.2228469849,63405,63415,10
13.0140104294,80.2235107422,63415,63426,11
13.0145797729,80.2242431641,63426,63436,10
13.015130043,80.2247009277,63436,63446,10
13.0151796341,80.2247619629,63446,63456,10
13.0156097412,80.2251205444,63456,63476,20
13.0156097412,80.2251205444,63476,63486,10
13.0158395767,80.2253036499,63486,63496,10
13.0164899826,80.2253723145,63496,63506,10
13.0173797607,80.2250289917,63506,63516,10
13.0183897018,80.224609375,63516,63527,11
13.0194101334,80.224357605,63527,63537,10
13.0197601318,80.2245330811,63537,63547,10
13.0200996399,80.2248001099,63547,63557,10
13.0204696655,80.2250595093,63557,63567,10
13.0207901001,80.2253112793,63567,63577,10
13.0211000443,80.2255783081,63577,63587,10
13.0215997696,80.2259216309,63587,63597,10
13.0219497681,80.2261505127,63597,63617,20
13.0219497681,80.2261505127,63617,63627,10
13.0219802856,80.2261962891,63627,63638,11
13.0223197937,80.2265167236,63638,63648,10
13.022769928,80.2269134521,63648,63658,10
13.0233201981,80.2274093628,63658,63668,10
13.0238399506,80.2278671265,63668,63678,10
13.0241098404,80.2281494141,63678,63688,10
13.0242595673,80.2283477783,63688,63698,10
13.0245704651,80.2287979126,63698,63708,10
13.0249900818,80.2293930054,63708,63718,10
13.0254602432,80.2299880981,63718,63728,10
13.0256996155,80.2303237915,63728,63759,31
13.0256996155,80.2303237915,63759,63769,10
13.0257997513,80.2304992676,63769,63779,10
13.0259103775,80.23072052,63779,63789,10
13.0260000229,80.2309799194,63789,63799,10
13.0260601044,80.2313232422,63799,63809,10
13.0265598297,80.2312774658,63809,63819,10
13.0272197723,80.2311172485,63819,63829,10
13.0279998779,80.2309799194,63829,63839,10
13.0285797119,80.2309036255,63839,63850,11
13.0288295746,80.2308807373,63850,63860,10
13.0294399261,80.2308425903,63860,64030,170
13.0294399261,80.2308425903,64030,64041,11
13.0298299789,80.230796814,64041,64051,10
13.0305595398,80.2307510376,64051,64061,10
13.0313997269,80.230682373,64061,64072,11
13.0324802399,80.2305908203,64072,64082,10
13.0339803696,80.23046875,64082,64152,70
13.0339803696,80.23046875,64152,64162,10
13.0340795517,80.2304611206,64162,64172,10
13.0341997147,80.23046875,64172,64183,11
13.0344400406,80.2304382324,64183,64193,10
13.0347700119,80.2303390503,64193,64203,10
13.0348997116,80.230140686,64203,64213,10
13.0348596573,80.2301101685,64213,64223,10
13.0345602036,80.2301025391,64223,64273,50
13.034330368,80.2300109863,64273,64808,535
13.034330368,80.2300109863,64808,64818,10
13.0341396332,80.2303237915,64818,64829,11
13.0341396332,80.2303314209,64829,64839,10
13.0340499878,80.23046875,64839,64849,10
13.0336198807,80.2304534912,64849,64859,10
13.033490181,80.2304763794,64859,64869,10
13.0332202911,80.2305374146,64869,64879,10
13.0325498581,80.2305908203,64879,64889,10
13.0317802429,80.2306518555,64889,64899,10
13.0309295654,80.2307128906,64899,64909,10
13.0304498672,80.2307662964,64909,64919,10
13.0302095413,80.2308273315,64919,64960,41
13.0302095413,80.2308273315,64960,64970,10
13.0296297073,80.2309036255,64970,64980,10
13.0290803909,80.2309417725,64980,64990,10
13.0284204483,80.2309799194,64990,65000,10
13.0279102325,80.2310409546,65000,65010,10
13.0276699066,80.2311401367,65010,65020,10
13.0277099609,80.2316436768,65020,65030,10
13.0277900696,80.2321166992,65030,65041,11
13.0278997421,80.232711792,65041,65051,10
13.0274295807,80.2329101563,65051,65061,10
13.0268697739,80.2330093384,65061,65071,10
13.0264396667,80.2329711914,65071,65081,10
13.0262002945,80.2322769165,65081,65091,10
13.0259799957,80.2312698364,65091,65101,10
13.0255298615,80.23021698,65101,65111,10
13.0249204636,80.2294769287,65111,65131,20
13.0249204636,80.2294769287,65131,65141,10
13.0246200562,80.2291183472,65141,65152,11
13.0242300034,80.2286224365,65152,65162,10
13.0241003036,80.2285003662,65162,65172,10
13.0240602493,80.2284393311,65172,65182,10
13.023850441,80.2281112671,65182,65192,10
13.0234203339,80.2276306152,65192,65202,10
13.0228204727,80.2270736694,65202,65212,10
13.0220603943,80.2264022827,65212,65222,10
13.0211400986,80.225692749,65222,65232,10
13.0199203491,80.2248382568,65232,65263,31
13.0199203491,80.2248382568,65263,65273,10
13.0195903778,80.224609375,65273,65283,10
13.0188102722,80.2245101929,65283,65293,10
13.0178098679,80.2249221802,65293,65303,10
13.0171403885,80.2252502441,65303,65313,10
13.0169200897,80.2253417969,65313,65323,10
13.0167798996,80.225402832,65323,65333,10
13.0166196823,80.2254562378,65333,65343,10
13.0164604187,80.2255096436,65343,65353,10
13.0160703659,80.2256317139,65353,65364,11
13.01541996,80.2258834839,65364,65374,10
13.0151195526,80.2260284424,65374,65384,10
13.0144195557,80.2263031006,65384,65424,40
13.0144195557,80.2263031006,65424,65434,10
13.0140399933,80.2264404297,65434,65444,10
13.0136003494,80.2265930176,65444,65454,10
13.0128898621,80.2268600464,65454,65464,10
13.0120401382,80.2272033691,65464,65475,11
13.0110197067,80.2276229858,65475,65485,10
13.0100698471,80.228012085,65485,65495,10
13.0092401505,80.2284622192,65495,65505,10
13.0089998245,80.2294311523,65505,65515,10
13.0087995529,80.23046875,65515,65525,10
13.0086202621,80.2314682007,65525,65535,10
13.0084199905,80.2324295044,65535,65545,10
13.0082902908,80.2333908081,65545,65565,20
13.0082902908,80.2333908081,65565,65576,11
13.0082502365,80.2335586548,65576,65586,10
13.0081596375,80.2338180542,65586,65596,10
13.0081300735,80.2339096069,65596,65606,10
13.008099556,80.2341537476,65606,65616,10
13.0080003738,80.2346420288,65616,65626,10
13.0078802109,80.2352981567,65626,65636,10
13.0077295303,80.2360229492,65636,65646,10
13.0075702667,80.2368392944,65646,65656,10
13.007399559,80.2377166748,65656,65666,10
13.0072202682,80.2385864258,65666,65687,21
13.0072202682,80.2385864258,65687,65697,10
13.0071802139,80.2387619019,65697,65707,10
13.0071201324,80.2391281128,65707,65716,9
13.0070495605,80.2395172119,65716,65727,11
13.0070104599,80.2398376465,65727,65838,111
13.0070104599,80.2398376465,65838,65848,10
13.0069799423,80.2402496338,65848,65858,10
13.0069198608,80.2405395508,65858,65868,10
13.0068998337,80.2406616211,65868,65878,10
13.0068998337,80.2406768799,65878,65888,10
13.0068702698,80.2409210205,65888,65899,11
13.0067796707,80.2416687012,65899,65909,10
13.0067501068,80.2426376343,65909,65919,10
13.0066995621,80.2433395386,65919,65929,10
13.0066900253,80.2441101074,65929,65939,10
13.0067100525,80.2450866699,65939,65949,10
13.0067195892,80.2459106445,65949,65959,10
13.0067100525,80.2466201782,65959,65969,10
13.0067396164,80.2472610474,65969,65979,10
13.0067100525,80.2480316162,65979,65989,10
13.0068597794,80.2492980957,65989,66030,41
13.0068597794,80.2492980957,66030,66040,10
13.0068798065,80.2496795654,66040,66050,10
13.0068597794,80.250328064,66050,66060,10
13.0068702698,80.2513504028,66060,66080,20
13.0068702698,80.2513504028,66080,66090,10
13.0068101883,80.2515792847,66090,66100,10
13.0066995621,80.2520599365,66100,66110,10
13.0065803528,80.2526779175,66110,66121,11
13.0065803528,80.253578186,66121,66131,10
13.0066003799,80.2544784546,66131,66141,10
13.0066204071,80.2552871704,66141,66151,10
13.0066404343,80.256149292,66151,66161,10
13.0066795349,80.2570877075,66161,66181,20
13.0066795349,80.2570877075,66181,66191,10
13.0066795349,80.2571792603,66191,66201,10
13.0067796707,80.2576217651,66201,66211,10
13.0070495605,80.2581100464,66211,66222,11
13.0077104568,80.2586593628,66222,66242,20
13.0077104568,80.2586593628,66242,66252,10
13.0078802109,80.2587814331,66252,66262,10
13.0083799362,80.258972168,66262,66272,10
13.0090303421,80.2591094971,66272,66282,10
13.0098400116,80.2591171265,66282,66292,10
13.0108203888,80.2591171265,66292,66302,10
13.0118999481,80.2591171265,66302,66312,10
13.0130395889,80.2591705322,66312,66322,10
13.0142498016,80.2592163086,66322,66333,11
13.0154600143,80.2593002319,66333,66343,10
13.0163898468,80.2596969604,66343,66393,50
13.0163898468,80.2596969604,66393,66403,10
13.0164203644,80.2597427368,66403,66413,10
13.0166797638,80.2599563599,66413,66423,10
13.0171899796,80.2602767944,66423,66433,10
13.0177402496,80.2606735229,66433,66444,11
13.0183897018,80.2611236572,66444,66454,10
13.0188102722,80.2614135742,66454,66464,10
13.0191802979,80.2617492676,66464,66474,10
13.0195198059,80.2620391846,66474,66484,10
13.0202798843,80.2627029419,66484,66504,20
13.0202798843,80.2627029419,66504,66514,10
13.0204000473,80.2627563477,66514,66524,10
13.0208597183,80.2629165649,66524,66534,10
13.021490097,80.263130188,66534,66545,11
13.0220499039,80.2633590698,66545,66555,10
13.0223903656,80.2635269165,66555,66565,10
13.0228996277,80.2637710571,66565,66575,10
13.0229997635,80.2638320923,66575,66585,10
13.0231800079,80.2639465332,66585,66595,10
13.0234899521,80.2641372681,66595,66604,9
13.0240602493,80.2644729614,66604,66614,10
13.0246400833,80.2649002075,66614,66625,11
13.0250902176,80.2652282715,66625,66635,10
13.0253095627,80.2653808594,66635,66645,10
13.0254602432,80.2654800415,66645,66656,11
13.0255203247,80.2655410767,66656,66666,10
13.0257396698,80.2656936646,66666,66676,10
13.0260801315,80.2658691406,66676,66686,10
13.0262002945,80.2659072876,66686,66696,10
13.0263299942,80.2658004761,66696,66706,10
13.0263500214,80.2653198242,66706,66716,10
13.0264196396,80.2646484375,66716,66726,10
13.0264797211,80.2640380859,66726,66746,20
13.0264797211,80.2640380859,66746,66756,10
13.0265302658,80.2638473511,66756,66767,11
13.0265703201,80.2635269165,66767,66777,10
13.0268602371,80.2634887695,66777,66787,10
13.0274000168,80.2635803223,66787,66797,10
13.0279998779,80.2637329102,66797,66807,10
13.0282802582,80.2638092041,66807,66817,10
13.0284404755,80.2638702393,66817,66827,10
13.0289001465,80.2639923096,66827,66837,10
13.0293102264,80.2641296387,66837,66847,10
13.0293197632,80.2645492554,66847,66857,10
13.0293197632,80.2651062012,66857,66868,11
13.029299736,80.2655792236,66868,66878,10
13.0292701721,80.2660293579,66878,66888,10
13.0292701721,80.2660369873,66888,66898,10
13.0292196274,80.2662887573,66898,66908,10
13.0292701721,80.2665634155,66908,66918,10
13.0296201706,80.2666168213,66918,66928,10
13.0300397873,80.2666702271,66928,66938,10
13.0306100845,80.2667617798,66938,66948,10
13.0312204361,80.2669067383,66948,66958,10
13.0317897797,80.2671279907,66958,66968,10
13.032500267,80.2674484253,66968,66989,21
13.032500267,80.2674484253,66989,66999,10
13.0327596664,80.2677230835,66999,67009,10
13.0331497192,80.2678375244,67009,67019,10
13.0337400436,80.2679290771,67019,67049,30
13.0337400436,80.2679290771,67049,67059,10
13.0339803696,80.2679977417,67059,67069,10
13.0344200134,80.2680435181,67069,67100,31
13.0344200134,80.2680435181,67100,67110,10
13.0345497131,80.2682189941,67110,67120,10
13.0343704224,80.2680969238,67120,67160,40
13.0343704224,80.2680969238,67160,67170,10
13.0340795517,80.2680282593,67170,67180,10
13.0336503983,80.2679595947,67180,67191,11
13.0333900452,80.267906189,67191,67392,201
13.0333900452,80.267906189,67392,67403,11
13.0335197449,80.2679367065,67403,67413,10
13.0334100723,80.2677383423,67413,67816,403
13.0334100723,80.2677383423,67816,67826,10
13.0331201553,80.2678375244,67826,67847,21
13.0331201553,80.2678375244,67847,67857,10
13.0328998566,80.2677993774,67857,67867,10
13.032699585,80.2677001953,67867,67877,10
13.032500267,80.2675170898,67877,67887,10
13.0322303772,80.2673568726,67887,67897,10
13.0319099426,80.267250061,67897,67907,10
13.031539917,80.2670974731,67907,67917,10
13.0309896469,80.2669219971,67917,67937,20
13.0309896469,80.2669219971,67937,67948,11
13.0305404663,80.2668075562,67948,67978,30
13.0305404663,80.2668075562,67978,67988,10
13.030090332,80.266746521,67988,67998,10
13.0297899246,80.2666931152,67998,68038,40
13.0297899246,80.2666931152,68038,68049,11
13.029419899,80.2666702271,68049,68059,10
13.0292901993,80.2666320801,68059,68069,10
13.0290403366,80.2664794922,68069,68079,10
13.0286197662,80.2663879395,68079,68089,10
13.0281000137,80.2662811279,68089,68099,10
13.0270700455,80.2661437988,68099,68119,20
13.0270700455,80.2661437988,68119,68129,10
13.02684021,80.2660675049,68129,68139,10
13.0263996124,80.2659988403,68139,68149,10
13.026140213,80.2659072876,68149,68160,11
13.0260601044,80.2658691406,68160,68170,10
13.0259799957,80.2658233643,68170,68180,10
13.025850296,80.2657318115,68180,68190,10
13.0256700516,80.2656173706,68190,68200,10
13.0254802704,80.2655029297,68200,68220,20
13.0254802704,80.2655029297,68220,68230,10
13.0251998901,80.265296936,68230,68240,10
13.0247602463,80.2649765015,68240,68250,10
13.0242595673,80.2646026611,68250,68260,10
13.0238399506,80.2643585205,68260,68271,11
13.0234298706,80.2641601563,68271,68281,10
13.0229902267,80.2638931274,68281,68291,10
13.0226297379,80.2637176514,68291,68301,10
13.0221595764,80.2634887695,68301,68321,20
13.0221595764,80.2634887695,68321,68331,10
13.0218801498,80.2633285522,68331,68341,10
13.0214099884,80.2631530762,68341,68351,10
13.0206203461,80.2630691528,68351,68361,10
13.0200500488,80.2630386353,68361,68372,11
13.0194301605,80.2629776001,68372,68382,10
13.0189800262,80.2629013062,68382,68392,10
13.0188703537,80.2622528076,68392,68402,10
13.0187797546,80.2615203857,68402,68412,10
13.0184297562,80.2611618042,68412,68422,10
13.0179300308,80.260848999,68422,68432,10
13.0173196793,80.2604522705,68432,68442,10
13.0165901184,80.2599868774,68442,68452,10
13.0160999298,80.2597503662,68452,68462,10
13.0160598755,80.259727478,68462,68472,10
13.0160198212,80.2596969604,68472,68483,11
13.0156202316,80.2595291138,68483,68493,10
13.0150098801,80.2593917847,68493,68503,10
13.0143003464,80.2593383789,68503,68513,10
13.0135202408,80.2593231201,68513,68523,10
13.0126800537,80.2592926025,68523,68533,10
13.0118503571,80.259262085,68533,68543,10
13.0110702515,80.2592391968,68543,68553,10
13.0103597641,80.2593078613,68553,68563,10
13.0098695755,80.2593307495,68563,68573,10
13.0097703934,80.2593078613,68573,68583,10
13.0093603134,80.259262085,68583,68594,11
13.0087995529,80.2592391968,68594,68604,10
13.008480072,80.2592391968,68604,68614,10
13.0079097748,80.2593231201,68614,68624,10
13.007349968,80.2592697144,68624,68634,10
13.0071496964,80.2587814331,68634,68644,10
13.0070800781,80.2586364746,68644,68654,10
13.006939888,80.2583618164,68654,68664,10
13.0067396164,80.2579116821,68664,68684,20
13.0067396164,80.2579116821,68684,68695,11
13.0065002441,80.257598877,68695,68705,10
13.0064401627,80.2570877075,68705,68715,10
13.0064001083,80.2564468384,68715,68725,10
13.0064296722,80.2557220459,68725,68735,10
13.0064601898,80.2551498413,68735,68745,10
13.0064601898,80.2546920776,68745,68755,10
13.0064401627,80.2538986206,68755,68765,10
13.0064601898,80.2533035278,68765,68856,91
13.0065803528,80.2529678345,68856,69088,232
13.0065803528,80.2529678345,69088,69098,10
13.0065202713,80.2528762817,69098,69108,10
13.0065002441,80.252571106,69108,69118,10
13.0065603256,80.2521133423,69118,69250,132
13.0065603256,80.2521133423,69250,69260,10
13.0065002441,80.2519378662,69260,69270,10
13.0066099167,80.2515029907,69270,69280,10
13.006649971,80.2507171631,69280,69290,10
13.0066299438,80.2498626709,69290,69300,10
13.0066299438,80.2496032715,69300,69310,10
13.0066404343,80.249458313,69310,69320,10
13.0066204071,80.248916626,69320,69330,10
13.0065603256,80.2483901978,69330,69341,11
13.0065698624,80.2479934692,69341,69351,10
13.0065698624,80.2474975586,69351,69361,10
13.0065803528,80.2470092773,69361,69371,10
13.0065402985,80.2465667725,69371,69391,20
13.0065402985,80.2465667725,69391,69401,10
13.0065498352,80.2464599609,69401,69452,51
13.0065803528,80.2460784912,69452,69502,50
13.0065803528,80.2460784912,69502,69512,10
13.0066003799,80.2456283569,69512,69522,10
13.0066099167,80.2454223633,69522,69532,10
13.0065898895,80.2451324463,69532,69542,10
13.0065603256,80.244972229,69542,69553,11
13.0065402985,80.2448196411,69553,69563,10
13.0065698624,80.2444915771,69563,69573,10
13.0065603256,80.244178772,69573,69583,10
13.0065498352,80.2439880371,69583,69593,10
13.0065402985,80.2437210083,69593,69603,10
13.0065202713,80.2433319092,69603,69613,10
13.0065002441,80.2427215576,69613,69623,10
13.0065002441,80.2418823242,69623,69633,10
13.0065097809,80.2414093018,69633,69724,91
13.0065097809,80.2414093018,69724,69734,10
13.0065498352,80.2410430908,69734,69744,10
13.0066299438,80.2406387329,69744,69754,10
13.0067596436,80.2399597168,69754,69764,10
13.006939888,80.2391433716,69764,69775,11
13.0070800781,80.2383575439,69775,69785,10
13.0071897507,80.2378311157,69785,69795,10
13.0073099136,80.2372894287,69795,69805,10
13.007349968,80.236907959,69805,69825,20
13.007349968,80.236907959,69825,69835,10
13.007349968,80.236831665,69835,69845,10
13.0074796677,80.2364883423,69845,69855,10
13.0075998306,80.2359390259,69855,69865,10
13.0077199936,80.2352828979,69865,69875,10
13.0078601837,80.2346420288,69875,69886,11
13.0080404282,80.233757019,69886,69896,10
13.0081996918,80.2328491211,69896,69906,10
13.0084104538,80.2318115234,69906,69916,10
13.0086603165,80.2306137085,69916,69926,10
13.0089197159,80.2293167114,69926,69935,9
13.0091600418,80.2282028198,69935,69946,11
13.0096902847,80.2269287109,69946,69956,10
13.0100603104,80.2261428833,69956,69966,10
13.0104398727,80.2253799438,69966,69976,10
13.0106697083,80.2248764038,69976,69987,11
13.0108203888,80.2244415283,69987,69997,10
13.0110502243,80.2239303589,69997,70007,10
13.0112304688,80.223449707,70007,70017,10
13.0115299225,80.2227783203,70017,70027,10
13.0118398666,80.2219161987,70027,70036,9
13.012169838,80.2214431763,70036,70047,11
13.0124902725,80.2218399048,70047,70057,10
13.0129404068,80.2223434448,70057,70067,10
13.0135097504,80.2229766846,70067,70077,10
13.0141401291,80.2237091064,70077,70087,10
13.0146102905,80.224319458,70087,70098,11
13.0150299072,80.2246780396,70098,70108,10
13.015130043,80.2247772217,70108,70118,10
13.015130043,80.2248382568,70118,70128,10
13.01541996,80.2250366211,70128,70138,10
13.0155601501,80.2251586914,70138,70148,10
13.0156698227,80.2252731323,70148,70158,10
13.0160999298,80.2254486084,70158,70168,10
13.016869545,80.2252807617,70168,70178,10
13.0177602768,80.2249069214,70178,70188,10
13.0186901093,80.2245178223,70188,70199,11
13.019610405,80.2245407104,70199,70209,10
13.0201396942,80.2248764038,70209,70219,10
13.0206899643,80.2252578735,70219,70229,10
13.0211496353,80.2256011963,70229,70239,10
13.0218601227,80.2261276245,70239,70259,20
13.0218601227,80.2261276245,70259,70269,10
13.0218801498,80.2261505127,70269,70279,10
13.0222101212,80.2264099121,70279,70289,10
13.0227603912,80.2268981934,70289,70299,10
13.0234003067,80.2275238037,70299,70310,11
13.0240802765,80.2281723022,70310,70320,10
13.0242700577,80.2283935547,70320,70330,10
13.0244398117,80.2286605835,70330,70340,10
13.0247297287,80.229133606,70340,70350,10
13.0251502991,80.2296600342,70350,70360,10
13.0252399445,80.2297515869,70360,70370,10
13.0254297256,80.2299804688,70370,70380,10
13.0256204605,80.2302932739,70380,70390,10
13.0256996155,80.2304611206,70390,70400,10
13.0258398056,80.23072052,70400,70410,10
13.0259199142,80.2310333252,70410,70421,11
13.0259799957,80.2313232422,70421,70431,10
13.0263996124,80.231300354,70431,70441,10
13.0270500183,80.2311477661,70441,70451,10
13.0277996063,80.231010437,70451,70461,10
13.028459549,80.2309417725,70461,70471,10
13.0285196304,80.2309265137,70471,70481,10
13.0291900635,80.2309036255,70481,70521,40
13.0291900635,80.2309036255,70521,70532,11
13.0292797089,80.2308578491,70532,70542,10
13.0295801163,80.2308425903,70542,70552,10
13.0299196243,80.2308273315,70552,70562,10
13.0303497314,80.2307815552,70562,70572,10
13.0305900574,80.2307662964,70572,70582,10
13.0310096741,80.2307510376,70582,70592,10
13.0316095352,80.2307128906,70592,70602,10
13.0322999954,80.2306594849,70602,70612,10
13.0334596634,80.2305831909,70612,70673,61
13.0334596634,80.2305831909,70673,70683,10
13.0336303711,80.2305374146,70683,70693,10
13.0339097977,80.2305221558,70693,70703,10
13.0340795517,80.2304992676,70703,70713,10
13.0342998505,80.2304763794,70713,70744,31
13.0342998505,80.2304763794,70744,70754,10
13.034620285,80.2304229736,70754,70764,10
13.0348396301,80.2303390503,70764,70774,10
13.0347700119,80.2301330566,70774,70834,60
13.0344104767,80.2300567627,70834,71511,677
13.0344104767,80.2300567627,71511,71521,10
13.0341501236,80.2302093506,71521,71531,10
13.0340995789,80.2304534912,71531,71541,10
13.0339002609,80.2305603027,71541,71551,10
13.0335502625,80.2305526733,71551,71561,10
13.0335302353,80.2305374146,71561,71571,10
13.0333003998,80.2305526733,71571,71581,10
13.0327596664,80.2305831909,71581,71591,10
13.0320701599,80.2306594849,71591,71602,11
13.0312795639,80.2307434082,71602,71612,10
13.0306997299,80.230796814,71612,71622,10
13.0302696228,80.2308425903,71622,71632,10
13.0298595428,80.2308883667,71632,71642,10
13.0297203064,80.2309036255,71642,71652,10
13.0294303894,80.2309265137,71652,71662,10
13.0288600922,80.2309799194,71662,71672,10
13.0280704498,80.2310562134,71672,71682,10
13.0276203156,80.2311630249,71682,71692,10
13.0276403427,80.2316818237,71692,71702,10
13.0277004242,80.2321395874,71702,71713,11
13.0278301239,80.2327194214,71713,71723,10
13.0273895264,80.2329406738,71723,71733,10
13.0269203186,80.2330093384,71733,71854,121
13.0269203186,80.2330093384,71854,71864,10
13.0266599655,80.2330780029,71864,71874,10
13.0264196396,80.2330780029,71874,71894,20
13.0264196396,80.2330780029,71894,71904,10
13.0262403488,80.2328033447,71904,71914,10
13.0261898041,80.2325973511,71914,71925,11
13.0261802673,80.232421875,71925,71935,10
13.0261201859,80.2322387695,71935,71945,10
13.0261096954,80.2322006226,71945,71955,10
13.0260896683,80.2319412231,71955,71965,10
13.0259799957,80.2315673828,71965,71975,10
13.0258102417,80.2309799194,71975,71985,10
13.0254402161,80.2302780151,71985,71995,10
13.0249996185,80.2296676636,71995,72005,10
13.0248003006,80.2294464111,72005,72015,10
13.0246095657,80.2292098999,72015,72025,10
13.0243196487,80.2288284302,72025,72036,11
13.0239601135,80.2284164429,72036,72046,10
13.0239400864,80.2283935547,72046,72056,10
13.023850441,80.2282714844,72056,72066,10
13.0235795975,80.2279510498,72066,72076,10
13.0232801437,80.2276611328,72076,72086,10
13.0229597092,80.2273101807,72086,72096,10
13.0224399567,80.2267990112,72096,72106,10
13.0218200684,80.2262573242,72106,72116,10
13.0212497711,80.2258224487,72116,72126,10
13.0206699371,80.2253570557,72126,72137,11
13.0199899673,80.2249221802,72137,72147,10
13.019900322,80.224861145,72147,72157,10
13.0198097229,80.224822998,72157,72167,10
13.0193796158,80.2245864868,72167,72177,10
13.0185899734,80.2245788574,72177,72187,10
13.0177097321,80.2249526978,72187,72197,10
13.0167503357,80.2253570557,72197,72207,10
13.0159702301,80.2256469727,72207,72217,10
13.0152797699,80.2259063721,72217,72227,10
13.0142202377,80.226348877,72227,72258,31
13.0142202377,80.226348877,72258,72268,10
13.0139598846,80.2264175415,72268,72278,10
13.0133800507,80.2266387939,72278,72288,10
13.0125904083,80.2269363403,72288,72298,10
13.0116596222,80.2273178101,72298,72308,10
13.0106401443,80.2277374268,72308,72318,10
13.0096101761,80.2281494141,72318,72328,10
13.0090303421,80.2288513184,72328,72338,10
13.0088396072,80.2297897339,72338,72348,10
13.0086803436,80.2307281494,72348,72359,11
13.008480072,80.2318191528,72359,72369,10
13.0082798004,80.2328567505,72369,72379,10
13.0081996918,80.2335968018,72379,72389,10
13.0081996918,80.2336273193,72389,72399,10
13.0081596375,80.2337493896,72399,72409,10
13.0080404282,80.234161377,72409,72419,10
13.0079097748,80.2348632813,72419,72429,10
13.0077400208,80.2356872559,72429,72439,10
13.0075502396,80.2366485596,72439,72449,10
13.0073404312,80.2377166748,72449,72460,11
13.0071496964,80.2387084961,72460,72470,10
13.0069904327,80.2396774292,72470,72611,141
13.0069904327,80.2396774292,72611,72621,10
13.0068998337,80.2401275635,72621,72631,10
13.0068597794,80.2406082153,72631,72641,10
13.006819725,80.2408065796,72641,72651,10
13.0067996979,80.2409286499,72651,72661,10
13.0067396164,80.2414932251,72661,72672,11
13.0066995621,80.24243927,72672,72682,10
13.0066699982,80.2433776855,72682,72692,10
13.0066404343,80.2442703247,72692,72702,10
13.006649971,80.2451629639,72702,72712,10
13.0066795349,80.245880127,72712,72722,10
13.0066900253,80.2462387085,72722,72732,10
13.0066995621,80.2463912964,72732,72742,10
13.0066900253,80.2468032837,72742,72752,10
13.0066900253,80.2473678589,72752,72762,10
13.0066900253,80.2481994629,72762,72772,10
13.0067596436,80.2490692139,72772,72783,11
13.006819725,80.2496566772,72783,72793,10
13.006819725,80.2496795654,72793,72803,10
13.0068302155,80.2497787476,72803,72813,10
13.0067996979,80.250289917,72813,72823,10
13.0067100525,80.251701355,72823,72843,20
13.0067100525,80.251701355,72843,72853,10
13.0066900253,80.2518997192,72853,72863,10
13.0065603256,80.2524719238,72863,72873,10
13.0065202713,80.2533111572,72873,72883,10
13.0065202713,80.2542724609,72883,72894,11
13.0065698624,80.2553329468,72894,72904,10
13.0065803528,80.2562103271,72904,72914,10
13.0065898895,80.2568588257,72914,72924,10
13.006649971,80.2573165894,72924,72934,10
13.0068101883,80.2578887939,72934,72944,10
13.0072202682,80.2584686279,72944,72954,10
13.0076398849,80.258682251,72954,72964,10
13.0076599121,80.2586898804,72964,72974,10
13.0079097748,80.2587966919,72974,72984,10
13.0085000992,80.2590408325,72984,72994,10
13.0092697144,80.2591171265,72994,73005,11
13.0102701187,80.2591400146,73005,73015,10
13.0113201141,80.2591094971,73015,73025,10
13.0124702454,80.2591400146,73025,73035,10
13.0137395859,80.2592315674,73035,73045,10
13.0150098801,80.2592697144,73045,73055,10
13.0159702301,80.2594909668,73055,73065,10
13.016289711,80.2596511841,73065,73075,10
13.0163402557,80.2596893311,73075,73085,10
13.0164499283,80.259803772,73085,73095,10
13.0168199539,80.2600479126,73095,73106,11
13.0174999237,80.2605209351,73106,73116,10
13.0180997849,80.2609405518,73116,73126,10
13.0186700821,80.2613372803,73126,73136,10
13.019109726,80.2617263794,73136,73146,10
13.0195798874,80.2621765137,73146,73156,10
13.0201301575,80.2626495361,73156,73166,10
13.0202798843,80.2627487183,73166,73176,10
13.0206899643,80.2628936768,73176,73186,10
13.0212898254,80.2630691528,73186,73196,10
13.021900177,80.2633132935,73196,73206,10
13.0221796036,80.263458252,73206,73217,11
13.0225896835,80.2636795044,73217,73227,10
13.0228996277,80.2639007568,73227,73237,10
13.0229997635,80.263961792,73237,73247,10
13.0233602524,80.2641372681,73247,73257,10
13.0239801407,80.2644729614,73257,73267,10
13.024479866,80.2648391724,73267,73277,10
13.0248298645,80.2650985718,73277,73287,10
13.0252399445,80.2654037476,73287,73297,10
13.0256500244,80.2656478882,73297,73318,21
13.0256500244,80.2656478882,73318,73328,10
13.0258998871,80.2657623291,73328,73338,10
13.0261802673,80.26587677,73338,73348,10
13.026260376,80.2655715942,73348,73358,10
13.0263299942,80.2649002075,73358,73368,10
13.0264797211,80.2639312744,73368,73398,30
13.0264797211,80.2639312744,73398,73408,10
13.0265398026,80.2635879517,73408,73418,10
13.0267601013,80.263420105,73418,73429,11
13.0272502899,80.2634963989,73429,73439,10
13.0277996063,80.263671875,73439,73449,10
13.0282201767,80.2637863159,73449,73459,10
13.0283203125,80.2638092041,73459,73469,10
13.0286397934,80.2638778687,73469,73479,10
13.0290603638,80.263999939,73479,73489,10
13.0291795731,80.2642593384,73489,73499,10
13.0291996002,80.2648620605,73499,73509,10
13.0292596817,80.2655792236,73509,73519,10
13.0291996002,80.2660675049,73519,73529,10
13.0291595459,80.2662582397,73529,73540,11
13.0291996002,80.2665405273,73540,73550,10
13.0295600891,80.2666168213,73550,73560,10
13.0302095413,80.2667007446,73560,73570,10
13.0310401917,80.2668685913,73570,73580,10
13.0318498611,80.2671890259,73580,73590,10
13.0323095322,80.2674331665,73590,73600,10
13.0327501297,80.2677078247,73600,73610,10
13.0331602097,80.2677993774,73610,73620,10
13.0336999893,80.267906189,73620,73651,31
13.0336999893,80.267906189,73651,73661,10
13.0340595245,80.2680130005,73661,73671,10
13.0344200134,80.2680206299,73671,73691,20
13.0344800949,80.2682113647,73691,73701,10
13.0344800949,80.2682113647,73701,73711,10
13.0343399048,80.2681121826,73711,73721,10
13.0341300964,80.2680511475,73721,73731,10
13.0338602066,80.2679977417,73731,73741,10
13.0333003998,80.2678985596,73741,73933,192
13.0331401825,80.2678527832,73933,74226,293
13.0331401825,80.2678527832,74226,74236,10
13.0330400467,80.2678070068,74236,74246,10
13.0326700211,80.2677230835,74246,74256,10
13.0325403214,80.2676010132,74256,74266,10
13.0321998596,80.2674484253,74266,74276,10
13.0316400528,80.2671966553,74276,74287,11
13.0309400558,80.2669677734,74287,74297,10
13.0301904678,80.2668380737,74297,74307,10
13.0298204422,80.2667617798,74307,74317,10
13.0294904709,80.2667007446,74317,74327,10
13.0292596817,80.2666778564,74327,74337,10
13.028960228,80.2664794922,74337,74347,10
13.0284099579,80.2663726807,74347,74357,10
13.0277204514,80.2662582397,74357,74367,10
13.0270595551,80.2661972046,74367,74377,10
13.0267601013,80.2661590576,74377,74388,11
13.0262804031,80.2660827637,74388,74448,60
13.0262804031,80.2660827637,74448,74458,10
13.02602005,80.2660217285,74458,74468,10
13.0256204605,80.2657318115,74468,74478,10
13.025179863,80.2654418945,74478,74488,10
13.0251102448,80.2653808594,74488,74499,11
13.0248003006,80.2651062012,74499,74509,10
13.0242595673,80.2647171021,74509,74519,10
13.0235996246,80.2643203735,74519,74529,10
13.0230302811,80.2640228271,74529,74539,10
13.0224399567,80.2637023926,74539,74549,10
13.0220403671,80.2635192871,74549,74559,10
13.0219202042,80.263458252,74559,74569,10
13.0214996338,80.2632598877,74569,74579,10
13.0207395554,80.263130188,74579,74589,10
13.0201101303,80.2630996704,74589,74599,10
13.0195198059,80.2630462646,74599,74610,11
13.0189399719,80.2629318237,74610,74620,10
13.0188102722,80.2622680664,74620,74630,10
13.0186500549,80.2615509033,74630,74640,10
13.0182104111,80.261138916,74640,74650,10
13.0175895691,80.2607269287,74650,74660,10
13.0169200897,80.260269165,74660,74670,10
13.0160303116,80.2597732544,74670,74690,20
13.0160303116,80.2597732544,74690,74700,10
13.0157499313,80.2596511841,74700,74710,10
13.0151500702,80.2594604492,74710,74721,11
13.0143098831,80.2593765259,74721,74731,10
13.0134601593,80.2593307495,74731,74741,10
13.0125799179,80.2593002319,74741,74751,10
13.0116300583,80.2592697144,74751,74761,10
13.0107603073,80.259262085,74761,74771,10
13.0099401474,80.2593002319,74771,74781,10
13.0090904236,80.2592926025,74781,74791,10
13.0086698532,80.2592926025,74791,74801,10
13.0082197189,80.259262085,74801,74811,10
13.0075597763,80.259437561,74811,74822,11
13.0071601868,80.2589263916,74822,74832,10
13.007109642,80.2588119507,74832,74842,10
13.0069704056,80.2585296631,74842,74852,10
13.0064897537,80.2578430176,74852,74973,121
13.0064897537,80.2578430176,74973,74983,10
13.006360054,80.2574462891,74983,74993,10
13.006360054,80.2567977905,74993,75003,10
13.0063800812,80.2560195923,75003,75013,10
13.0064001083,80.2555389404,75013,75023,10
13.0064096451,80.2555236816,75023,75034,11
13.0064296722,80.2553100586,75034,75044,10
13.0064697266,80.2547988892,75044,75054,10
13.0064296722,80.2539367676,75054,75064,10
13.0064201355,80.2533187866,75064,75074,10
13.0064201355,80.2533111572,75074,75084,10
13.0064296722,80.253112793,75084,75094,10
13.006480217,80.2524032593,75094,75104,10
13.0066604614,80.2515792847,75104,75114,10
13.0066900253,80.2506866455,75114,75124,10
13.0066699982,80.2497711182,75124,75134,10
13.0066795349,80.2495803833,75134,75145,11
13.0066604614,80.2490463257,75145,75155,10
13.0065803528,80.248298645,75155,75205,50
13.0065803528,80.248298645,75205,75215,10
13.0065498352,80.2480316162,75215,75225,10
13.0065698624,80.2476196289,75225,75235,10
13.0065803528,80.2471389771,75235,75245,10
13.0065002441,80.2467498779,75245,75276,31
13.0065002441,80.2467498779,75276,75286,10
13.006529808,80.2465515137,75286,75296,10
13.0065603256,80.2460098267,75296,75306,10
13.0065402985,80.2451629639,75306,75316,10
13.0065202713,80.2443771362,75316,75326,10
13.0065202713,80.2439575195,75326,75336,10
13.0065202713,80.243560791,75336,75346,10
13.0065002441,80.243019104,75346,75357,11
13.0064601898,80.2421035767,75357,75367,10
13.006480217,80.2415313721,75367,75377,10
13.0064897537,80.2413787842,75377,75387,10
13.0065803528,80.2406768799,75387,75427,40
13.0065803528,80.2406768799,75427,75437,10
13.0066404343,80.2404632568,75437,75447,10
13.0067501068,80.2399520874,75447,75457,10
13.0069198608,80.2391204834,75457,75468,11
13.007109642,80.2381134033,75468,75478,10
13.0072803497,80.2373886108,75478,75488,10
13.0073204041,80.2369308472,75488,75508,20
13.0073204041,80.2369308472,75508,75518,10
13.0073795319,80.2367401123,75518,75528,10
13.0075397491,80.2363204956,75528,75538,10
13.0076398849,80.235748291,75538,75548,10
13.007809639,80.234916687,75548,75558,10
13.0080003738,80.2339401245,75558,75568,10
13.0082302094,80.2327194214,75568,75579,11
13.0085201263,80.2312698364,75579,75589,10
13.0087900162,80.2298965454,75589,75599,10
13.0089998245,80.2288513184,75599,75608,9
13.0092697144,80.2278823853,75608,75618,10
13.0097799301,80.2267074585,75618,75629,11
13.0103797913,80.2254562378,75629,75639,10
13.0107698441,80.2246170044,75639,75649,10
13.0109395981,80.2241821289,75649,75659,10
13.0111398697,80.2237167358,75659,75669,10
13.0113697052,80.223197937,75669,75680,11
13.0116100311,80.2224884033,75680,75690,10
13.0119400024,80.2215881348,75690,75700,10
13.0122900009,80.2214584351,75700,75710,10
13.0125999451,80.2219619751,75710,75720,10
13.0131998062,80.2226409912,75720,75730,10
13.0138597488,80.2233886719,75730,75740,10
13.0143098831,80.2239608765,75740,75750,10
13.014840126,80.2245025635,75750,75760,10
13.0150604248,80.2247085571,75760,75770,10
13.0153903961,80.2249984741,75770,75780,10
13.0155200958,80.2250976563,75780,75791,11
13.0156497955,80.2252731323,75791,75801,10
13.0162696838,80.2254104614,75801,75811,10
13.0171203613,80.225112915,75811,75821,10
13.0181703568,80.2246780396,75821,75831,10
13.0191202164,80.2243804932,75831,75841,10
13.0195302963,80.2244873047,75841,75851,10
13.0199298859,80.2247390747,75851,75861,10
13.0205802917,80.2252120972,75861,75871,10
13.0211496353,80.2256698608,75871,75881,10
13.0218296051,80.2261276245,75881,75902,21
13.0218296051,80.2261276245,75902,75912,10
13.0221099854,80.2263793945,75912,75922,10
13.022480011,80.2267532349,75922,75932,10
13.0230798721,80.2273025513,75932,75942,10
13.0237903595,80.2279586792,75942,75952,10
13.0242395401,80.2283782959,75952,75962,10
13.0244102478,80.2286224365,75962,75972,10
13.0246601105,80.229019165,75972,75982,10
13.0250902176,80.2295913696,75982,75992,10
13.0256004333,80.2303009033,75992,76003,11
13.0258998871,80.2309188843,76003,76013,10
13.0259895325,80.231338501,76013,76023,10
13.026309967,80.2313613892,76023,76033,10
13.0269804001,80.2311706543,76033,76043,10
13.0277299881,80.231010437,76043,76053,10
13.0282897949,80.2309112549,76053,76062,9
13.0284204483,80.2309036255,76062,76073,11
13.0286102295,80.2308731079,76073,76083,10
13.0290298462,80.2308120728,76083,76093,10
13.029299736,80.2307891846,76093,76103,10
13.0297002792,80.2307662964,76103,76114,11
13.0302095413,80.2307281494,76114,76124,10
13.0304603577,80.23072052,76124,76134,10
13.0305595398,80.2307128906,76134,76144,10
13.0307598114,80.2306976318,76144,76154,10
13.0312299728,80.2306518555,76154,76164,10
13.0319700241,80.2305984497,76164,76174,10
13.0325899124,80.2305374146,76174,76184,10
13.0332403183,80.2304992676,76184,76194,10
13.033829689,80.2304534912,76194,76204,10
13.0340995789,80.2304077148,76204,76215,11
13.0345401764,80.2303314209,76215,76225,10
13.0348901749,80.2301864624,76225,76245,20
13.0348901749,80.2301864624,76245,76255,10
13.0350399017,80.2300872803,76255,76265,10
13.0350599289,80.2300262451,76265,76275,10
13.0350399017,80.2298202515,76275,76285,10
13.0346603394,80.2297973633,76285,76295,10
13.0342302322,80.2297821045,76295,76305,10
13.0341796875,80.2300491333,76305,76386,81
13.0341796875,80.2300491333,76386,76396,10
13.0341701508,80.2303619385,76396,76487,91
13.0341701508,80.2303619385,76487,76497,10
13.0338897705,80.23046875,76497,76507,10
13.033539772,80.2304611206,76507,76517,10
13.0334396362,80.2304763794,76517,76527,10
13.0333099365,80.2304763794,76527,76538,11
13.0327701569,80.2305221558,76538,76548,10
13.0321502686,80.2305908203,76548,76558,10
13.0318603516,80.2306213379,76558,76568,10
13.0313796997,80.2306594849,76568,76578,10
13.0308904648,80.2307434082,76578,76588,10
13.0306196213,80.230758667,76588,76598,10
13.0302000046,80.230796814,76598,76608,10
13.0297803879,80.2308502197,76608,76618,10
13.0296201706,80.2308578491,76618,76628,10
13.0290803909,80.2309188843,76628,76638,10
13.0284004211,80.2310028076,76638,76649,11
13.0276899338,80.2310791016,76649,76659,10
13.0276098251,80.231338501,76659,76669,10
13.0276699066,80.2318725586,76669,76679,10
13.0277996063,80.2324676514,76679,76689,10
13.0275497437,80.2328414917,76689,76699,10
13.0269002914,80.2329177856,76699,76709,10
13.026599884,80.2329788208,76709,76719,10
13.026260376,80.2326278687,76719,76729,10
13.0261001587,80.2319412231,76729,76739,10
13.0259199142,80.2311782837,76739,76749,10
13.0256204605,80.2303771973,76749,76760,11
13.0250701904,80.2296218872,76760,76770,10
13.0246696472,80.2291412354,76770,76780,10
13.0241098404,80.228477478,76780,76800,20
13.0241098404,80.228477478,76800,76810,10
13.0240001678,80.2282791138,76810,76820,10
13.0236997604,80.2279281616,76820,76830,10
13.0231800079,80.2274017334,76830,76840,10
13.0224399567,80.2267913818,76840,76850,10
13.0216398239,80.2261428833,76850,76861,11
13.0208902359,80.2255020142,76861,76871,10
13.0202903748,80.2250976563,76871,76881,10
13.0200195313,80.2249526978,76881,76891,10
13.0197696686,80.2247695923,76891,76901,10
13.0192403793,80.2245101929,76901,76911,10
13.0184202194,80.2246322632,76911,76921,10
13.0175199509,80.2249832153,76921,76931,10
13.016579628,80.2253799438,76931,76941,10
13.0158596039,80.2256393433,76941,76951,10
13.015130043,80.2259216309,76951,76961,10
13.0143003464,80.2262802124,76961,76982,21
13.0143003464,80.2262802124,76982,76992,10
13.0140695572,80.2263717651,76992,77002,10
13.013469696,80.226600647,77002,77012,10
13.0126199722,80.2269210815,77012,77022,10
13.011639595,80.2273101807,77022,77032,10
13.0105695724,80.2277374268,77032,77042,10
13.0094995499,80.2281799316,77042,77052,10
13.0090303421,80.2290420532,77052,77062,10
13.0088195801,80.2301483154,77062,77073,11
13.0085897446,80.2313766479,77073,77083,10
13.0084400177,80.2324066162,77083,77093,10
13.008310318,80.2333602905,77093,77103,10
13.0082798004,80.2334976196,77103,77113,10
13.0081796646,80.2336883545,77113,77123,10
13.0080699921,80.2340927124,77123,77133,10
13.0079402924,80.2348175049,77133,77143,10
13.0078697205,80.2351074219,77143,77153,10
13.0077600479,80.2357025146,77153,77162,9
13.0075902939,80.2365570068,77162,77173,11
13.0073204041,80.2379379272,77173,77184,11
13.0070800781,80.2391281128,77184,77194,10
13.0069103241,80.2401733398,77194,77204,10
13.0068397522,80.2407836914,77204,77214,10
13.0068101883,80.2408676147,77214,77224,10
13.0067195892,80.241317749,77224,77234,10
13.0067100525,80.2420196533,77234,77244,10
13.0066795349,80.243019104,77244,77254,10
13.0066795349,80.2439575195,77254,77264,10
13.0066900253,80.2450180054,77264,77274,10
13.0067396164,80.2461166382,77274,77284,10
13.0067501068,80.2472686768,77284,77295,11
13.0067396164,80.2485122681,77295,77305,10
13.0068798065,80.2494506836,77305,77315,10
13.0068798065,80.2496032715,77315,77325,10
13.0068502426,80.2497406006,77325,77335,10
13.006819725,80.2503204346,77335,77345,10
13.0067996979,80.251373291,77345,77375,30
13.0067996979,80.251373291,77375,77385,10
13.0067195892,80.2518081665,77385,77395,10
13.0065803528,80.2525482178,77395,77406,11
13.0065698624,80.2537002563,77406,77416,10
13.0066299438,80.2549285889,77416,77426,10
13.0066404343,80.2561569214,77426,77436,10
13.0067195892,80.2574005127,77436,77507,71
13.0067195892,80.2574005127,77507,77517,10
13.0067796707,80.2577819824,77517,77527,10
13.0071001053,80.2583389282,77527,77537,10
13.0076799393,80.2587127686,77537,77547,10
13.0077199936,80.2587280273,77547,77557,10
13.0079097748,80.2587966919,77557,77567,10
13.0084495544,80.2590408325,77567,77577,10
13.0093402863,80.2591171265,77577,77587,10
13.010430336,80.2591171265,77587,77597,10
13.0115995407,80.2590866089,77597,77607,10
13.0128498077,80.2591323853,77607,77618,11
13.0142803192,80.2591781616,77618,77628,10
13.0153999329,80.259262085,77628,77638,10
13.0162401199,80.2595901489,77638,77648,10
13.0164003372,80.2597122192,77648,77658,10
13.0165100098,80.259803772,77658,77668,10
13.016960144,80.2601394653,77668,77678,10
13.0176200867,80.2605819702,77678,77688,10
13.0184001923,80.2611236572,77688,77698,10
13.019109726,80.2617034912,77698,77708,10
13.019780159,80.2623214722,77708,77719,11
13.0202198029,80.2626800537,77719,77729,10
13.0202903748,80.2627334595,77729,77739,10
13.0206604004,80.262878418,77739,77749,10
13.0213499069,80.263092041,77749,77759,10
13.0219802856,80.2633590698,77759,77769,10
13.0222196579,80.2634887695,77769,77779,10
13.0227804184,80.2637634277,77779,77789,10
13.0229301453,80.2638473511,77789,77799,10
13.0231103897,80.2639694214,77799,77809,10
13.0236196518,80.2642364502,77809,77819,10
13.0243597031,80.2646789551,77819,77830,11
13.0250797272,80.2652435303,77830,77840,10
13.0258398056,80.2657394409,77840,77850,10
13.0262098312,80.2659072876,77850,77860,10
13.0263004303,80.2656478882,77860,77870,10
13.0263795853,80.2650222778,77870,77880,10
13.0264797211,80.2644577026,77880,77890,10
13.0265703201,80.263923645,77890,77900,10
13.0265798569,80.2637634277,77900,77910,10
13.0266799927,80.2633209229,77910,77920,10
13.0272502899,80.2634429932,77920,77930,10
13.0279798508,80.2636795044,77930,77941,11
13.0287504196,80.2639083862,77941,77951,10
13.0292797089,80.2641601563,77951,77961,10
13.0292596817,80.2646789551,77961,77971,10
13.0292396545,80.2652893066,77971,77981,10
13.0292396545,80.2659225464,77981,77991,10
13.0292196274,80.2660980225,77991,78001,10
13.0291795731,80.2664413452,78001,78011,10
13.0293598175,80.2665405273,78011,78021,10
13.0297803879,80.2666091919,78021,78031,10
13.0304098129,80.2666931152,78031,78042,11
13.0312795639,80.2669219971,78042,78052,10
13.031920433,80.2672195435,78052,78062,10
13.0325603485,80.267539978,78062,78072,10
13.0330495834,80.2677536011,78072,78082,10
13.0335998535,80.267868042,78082,78092,10
13.033659935,80.2678833008,78092,78102,10
13.0337495804,80.2679214478,78102,78112,10
13.0340595245,80.2679901123,78112,78122,10
13.0344200134,80.2680282593,78122,78132,10
13.0345001221,80.2680130005,78132,78142,10
13.0346002579,80.2681121826,78142,78153,11
13.034529686,80.2682189941,78153,78163,10
13.0342998505,80.268081665,78163,78173,10
13.0337600708,80.2679672241,78173,78183,10
13.0330600739,80.2678527832,78183,78193,10
13.0325803757,80.267578125,78193,78203,10
13.0320301056,80.2673416138,78203,78213,10
13.0315904617,80.2671737671,78213,78223,10
13.0309400558,80.2669525146,78223,78243,20
13.0309400558,80.2669525146,78243,78254,11
13.0305900574,80.2668533325,78254,78334,80
13.0305900574,80.2668533325,78334,78344,10
13.0304403305,80.2668609619,78344,78354,10
13.0300798416,80.2667617798,78354,78365,11
13.0295600891,80.2666397095,78365,78375,10
13.0293397903,80.2666168213,78375,78385,10
13.0291404724,80.2665176392,78385,78405,20
13.0291404724,80.2665176392,78405,78415,10
13.0288801193,80.2663879395,78415,78425,10
13.0285596848,80.2663421631,78425,78435,10
13.0281095505,80.2662506104,78435,78445,10
13.0275297165,80.2661514282,78445,78455,10
13.0266895294,80.2660522461,78455,78486,31
13.0266895294,80.2660522461,78486,78496,10
13.0264701843,80.2659988403,78496,78506,10
13.0263595581,80.2659988403,78506,78516,10
13.026140213,80.2661514282,78516,80535,2019
13.026140213,80.2661514282,80535,80545,10
13.0261001587,80.2663726807,80545,80555,10
13.026260376,80.266456604,80555,80747,192
13.0264997482,80.2663879395,80747,80858,111
13.0264997482,80.2663879395,80858,80868,10
13.0265102386,80.2662582397,80868,80949,81
13.0262699127,80.2663497925,80949,81201,252
13.0262699127,80.2663497925,81201,81211,10
13.0258998871,80.2665710449,81211,81221,10
13.0257196426,80.2668228149,81221,81231,10
13.0256004333,80.266998291,81231,81241,10
13.0255002975,80.2671737671,81241,81251,10
13.0253601074,80.2673873901,81251,81262,11
13.0251398087,80.2677001953,81262,81272,10
13.0249500275,80.267829895,81272,81332,60
13.0249500275,80.267829895,81332,81342,10
13.0250597,80.2676925659,81342,81352,10
13.0252103806,80.2674636841,81352,81463,111
13.0254402161,80.2672119141,81463,81746,283
13.0254602432,80.2673187256,81746,83190,1444
13.0253000259,80.267250061,83190,84148,958
13.0253601074,80.2671737671,84148,84360,212
13.0254001617,80.2672195435,84360,84653,293
13.0254001617,80.2672195435,84653,84663,10
13.0253095627,80.2674026489,84663,85087,424
